	FerrettiP_2018__CA_C10042MS2723SA_t0M16__bin.24	HMP_2012__SRS044373__bin.55	HMP_2012__SRS019045__bin.46	CM_cf__CF_TNFC041IS_t2M15__bin.5	CM_cf__CF_TNFC041SA_t1M15__bin.7	HMP_2012__SRS014684__bin.2	LiJ_2017__H3M518112__bin.15	CM_cf__CF_TNFC018SA_t1M16__bin.3	CM_cf__CF_TNFC060SA_t1M16__bin.3	CM_cf__CF_TNFC048SA_t1M16__bin.1	FerrettiP_2018__CA_C10039IS2678SA_t2M15__bin.2	HMP_2012__SRS018591__bin.11	HMP_2012__SRS014470__bin.8	Castro-NallarE_2015__ES_137__bin.11	HMP_2012__SRS015057__bin.45	HMP_2012__SRS018791__bin.39	CM_cf__CF_TNFC034SS_t1M15__bin.6	CM_cf__CF_TNFC060IS_t1M15__bin.6	HMP_2012__SRS017713__bin.25	FerrettiP_2018__CA_C10009MS2133SA_t0M15__bin.19	HMP_2012__SRS015272__bin.25	HMP_2012__SRS019022__bin.34	Castro-NallarE_2015__ES_114__bin.27	FerrettiP_2018__CA_C10015IS2250SA_t2M15__bin.2	FerrettiP_2018__CA_C10055IS2966SA_t2M16__bin.10	HMP_2012__SRS015537__bin.16	CM_cf__CF_TNFC059SA_t1M16__bin.1	CM_cf__CF_TNFC034SA_t1M16__bin.2	FerrettiP_2018__CA_C10023IS2394SA_t2M15__bin.3	CM_cf__CF_TNFC038SA_t1M16__bin.15	HMP_2012__SRS016086__bin.6	CM_cf__CF_TNFC018IS_t3M15__bin.5	FerrettiP_2018__CA_C10039MS2669SA_t0M15__bin.11	FerrettiP_2018__CA_C10001MS2001SA_t0M15__bin.6	HMP_2012__SRS015941__bin.16	HMP_2012__SRS051791__bin.41	BritoIL_2016__WL.15.SA__bin.6	CM_cf__CF_TNFC054IS_t1M15__bin.19	HMP_2012__SRS024637__bin.14	HMP_2012__SRS016319__bin.66	HMP_2012__SRS017076__bin.19	HMP_2012__SRS057791__bin.37
FerrettiP_2018__CA_C10042MS2723SA_t0M16__bin.24	0.0	33200.0	42752.0	28510.0	32291.0	47939.0	51311.0	48005.0	46411.0	39765.0	34410.0	51160.0	29890.0	26551.0	29727.0	34565.0	24794.0	48541.0	34854.0	51814.0	36600.0	47598.0	26216.0	10973.0	14227.0	46657.0	40194.0	39087.0	15302.0	27080.0	28034.0	39021.0	35608.0	30888.0	31877.0	42607.0	34829.0	18113.0	28811.0	27849.0	26772.0	25345.0
HMP_2012__SRS044373__bin.55	33200.0	0.0	42688.0	27820.0	32808.0	47182.0	50745.0	47614.0	46294.0	36967.0	36156.0	49343.0	30735.0	25867.0	31808.0	30840.0	24149.0	47689.0	35717.0	50707.0	35790.0	46838.0	24489.0	20956.0	23485.0	45735.0	38401.0	38331.0	20371.0	27039.0	26799.0	38138.0	35698.0	29325.0	30749.0	43654.0	34051.0	23657.0	26431.0	27652.0	24160.0	25600.0
HMP_2012__SRS019045__bin.46	42752.0	42688.0	0.0	36451.0	41375.0	37966.0	50611.0	42440.0	49367.0	45979.0	47700.0	51109.0	41394.0	28675.0	43077.0	44565.0	19459.0	52445.0	45351.0	53751.0	48037.0	4959.0	29415.0	20749.0	24043.0	47917.0	41776.0	32191.0	21418.0	35518.0	31868.0	33010.0	44893.0	35244.0	43315.0	43258.0	33366.0	28424.0	36627.0	38704.0	34104.0	36025.0
CM_cf__CF_TNFC041IS_t2M15__bin.5	28510.0	27820.0	36451.0	0.0	5824.0	40574.0	42142.0	41676.0	39970.0	34703.0	34198.0	41238.0	29838.0	23525.0	30931.0	32119.0	15527.0	39324.0	31229.0	42864.0	34827.0	39591.0	18452.0	11896.0	14422.0	38581.0	36752.0	29142.0	16226.0	23810.0	21259.0	30022.0	34170.0	28715.0	31548.0	34124.0	31077.0	17203.0	22584.0	26484.0	21693.0	27395.0
CM_cf__CF_TNFC041SA_t1M15__bin.7	32291.0	32808.0	41375.0	5824.0	0.0	45513.0	49277.0	43694.0	41622.0	37799.0	34449.0	47151.0	31118.0	25981.0	31847.0	34337.0	23459.0	43313.0	34649.0	46724.0	37131.0	48949.0	26488.0	19427.0	22456.0	42838.0	35908.0	39073.0	21416.0	28217.0	29941.0	37973.0	34884.0	28592.0	34594.0	41739.0	32904.0	23350.0	31471.0	30273.0	29175.0	26722.0
HMP_2012__SRS014684__bin.2	47939.0	47182.0	37966.0	40574.0	45513.0	0.0	52760.0	48238.0	50826.0	51836.0	52715.0	54408.0	46817.0	32117.0	48204.0	50811.0	21714.0	53498.0	48942.0	57624.0	54808.0	38611.0	33323.0	25385.0	27963.0	51416.0	44545.0	36384.0	26929.0	38551.0	36739.0	37919.0	49988.0	38706.0	46463.0	46992.0	35971.0	32922.0	41547.0	41986.0	37616.0	40693.0
LiJ_2017__H3M518112__bin.15	51311.0	50745.0	50611.0	42142.0	49277.0	52760.0	0.0	52233.0	51071.0	55521.0	54533.0	56451.0	50414.0	35007.0	50987.0	53254.0	24495.0	55701.0	51329.0	58039.0	57474.0	51001.0	36955.0	24342.0	28052.0	52379.0	44525.0	39699.0	24959.0	42794.0	39585.0	41386.0	50835.0	41644.0	51198.0	49549.0	37469.0	34315.0	43365.0	44273.0	40689.0	39616.0
CM_cf__CF_TNFC018SA_t1M16__bin.3	48005.0	47614.0	42440.0	41676.0	43694.0	48238.0	52233.0	0.0	51858.0	52300.0	53174.0	54033.0	46247.0	31305.0	48203.0	49755.0	18771.0	53427.0	47013.0	56713.0	54297.0	45207.0	31093.0	23771.0	25513.0	49534.0	45643.0	32159.0	26486.0	38248.0	33435.0	681.0	51252.0	36836.0	47960.0	45350.0	35672.0	31521.0	38301.0	40677.0	35103.0	38869.0
CM_cf__CF_TNFC060SA_t1M16__bin.3	46411.0	46294.0	49367.0	39970.0	41622.0	50826.0	51071.0	51858.0	0.0	50519.0	52627.0	44182.0	45886.0	27819.0	47228.0	48370.0	21867.0	1719.0	42214.0	46632.0	53462.0	51547.0	29257.0	22518.0	24365.0	40045.0	38511.0	38616.0	26124.0	36415.0	32739.0	38848.0	49372.0	37707.0	45876.0	37643.0	36224.0	30577.0	37669.0	38275.0	35337.0	39559.0
CM_cf__CF_TNFC048SA_t1M16__bin.1	39765.0	36967.0	45979.0	34703.0	37799.0	51836.0	55521.0	52300.0	50519.0	0.0	41846.0	54581.0	37492.0	29140.0	38035.0	35291.0	25691.0	52206.0	41630.0	57141.0	43849.0	52241.0	27522.0	21159.0	25231.0	50296.0	42578.0	41624.0	24071.0	32175.0	30733.0	41791.0	41526.0	34513.0	38128.0	46317.0	37550.0	26642.0	31310.0	32989.0	28324.0	31869.0
FerrettiP_2018__CA_C10039IS2678SA_t2M15__bin.2	34410.0	36156.0	47700.0	34198.0	34449.0	52715.0	54533.0	53174.0	52627.0	41846.0	0.0	56233.0	34606.0	28021.0	35024.0	36905.0	22320.0	53293.0	39558.0	59681.0	35864.0	49932.0	25292.0	18957.0	21120.0	51870.0	46490.0	38958.0	21961.0	23788.0	26642.0	38999.0	9768.0	25876.0	33663.0	46208.0	39405.0	18996.0	28666.0	29829.0	25193.0	30239.0
HMP_2012__SRS018591__bin.11	51160.0	49343.0	51109.0	41238.0	47151.0	54408.0	56451.0	54033.0	44182.0	54581.0	56233.0	0.0	48791.0	29299.0	49686.0	52146.0	26359.0	46597.0	46566.0	49731.0	58462.0	53216.0	35147.0	26612.0	29100.0	43312.0	38892.0	42622.0	27949.0	39922.0	39297.0	41795.0	52621.0	38845.0	49657.0	4675.0	39339.0	33794.0	42981.0	43101.0	40483.0	42668.0
HMP_2012__SRS014470__bin.8	29890.0	30735.0	41394.0	29838.0	31118.0	46817.0	50414.0	46247.0	45886.0	37492.0	34606.0	48791.0	0.0	27425.0	4300.0	32885.0	20425.0	47502.0	33935.0	50784.0	32983.0	44674.0	22711.0	14149.0	16843.0	46114.0	40162.0	33811.0	17659.0	25548.0	22391.0	35622.0	35138.0	29773.0	29992.0	41124.0	34573.0	19114.0	25140.0	28815.0	22116.0	24174.0
Castro-NallarE_2015__ES_137__bin.11	26551.0	25867.0	28675.0	23525.0	25981.0	32117.0	35007.0	31305.0	27819.0	29140.0	28021.0	29299.0	27425.0	0.0	27132.0	27392.0	15638.0	29747.0	26619.0	30807.0	28611.0	30858.0	19777.0	14056.0	16263.0	28483.0	23731.0	25105.0	15126.0	21487.0	21950.0	25215.0	26800.0	22770.0	25989.0	26132.0	22526.0	17861.0	22621.0	21993.0	20906.0	21373.0
HMP_2012__SRS015057__bin.45	29727.0	31808.0	43077.0	30931.0	31847.0	48204.0	50987.0	48203.0	47228.0	38035.0	35024.0	49686.0	4300.0	27132.0	0.0	33506.0	20963.0	48544.0	34707.0	52058.0	34825.0	46300.0	22910.0	14758.0	18204.0	46577.0	41850.0	35550.0	17369.0	26409.0	23297.0	35974.0	36157.0	31564.0	30940.0	41914.0	35639.0	20364.0	25663.0	29414.0	23089.0	25229.0
HMP_2012__SRS018791__bin.39	34565.0	30840.0	44565.0	32119.0	34337.0	50811.0	53254.0	49755.0	48370.0	35291.0	36905.0	52146.0	32885.0	27392.0	33506.0	0.0	23600.0	49349.0	37281.0	55319.0	37059.0	48324.0	23172.0	18031.0	20821.0	46903.0	41386.0	38119.0	20224.0	27835.0	25749.0	38304.0	38389.0	30870.0	34159.0	43431.0	37570.0	21505.0	22013.0	29885.0	20020.0	28544.0
CM_cf__CF_TNFC034SS_t1M15__bin.6	24794.0	24149.0	19459.0	15527.0	23459.0	21714.0	24495.0	18771.0	21867.0	25691.0	22320.0	26359.0	20425.0	15638.0	20963.0	23600.0	0.0	23590.0	23516.0	27378.0	25086.0	23049.0	22500.0	24223.0	21537.0	22647.0	17957.0	142.0	14103.0	18672.0	23807.0	17500.0	21214.0	15154.0	22781.0	23253.0	12209.0	25584.0	24820.0	20249.0	23653.0	16539.0
CM_cf__CF_TNFC060IS_t1M15__bin.6	48541.0	47689.0	52445.0	39324.0	43313.0	53498.0	55701.0	53427.0	1719.0	52206.0	53293.0	46597.0	47502.0	29747.0	48544.0	49349.0	23590.0	0.0	45006.0	48403.0	54965.0	53442.0	31431.0	24757.0	26655.0	42758.0	38613.0	40824.0	26776.0	37043.0	36224.0	40692.0	49713.0	37462.0	48379.0	39098.0	37226.0	33080.0	40351.0	41175.0	37299.0	40974.0
HMP_2012__SRS017713__bin.25	34854.0	35717.0	45351.0	31229.0	34649.0	48942.0	51329.0	47013.0	42214.0	41630.0	39558.0	46566.0	33935.0	26619.0	34707.0	37281.0	23516.0	45006.0	0.0	47513.0	39387.0	47314.0	25581.0	19133.0	21301.0	44394.0	36757.0	36293.0	19105.0	30277.0	29042.0	36456.0	39532.0	30537.0	34756.0	39601.0	34967.0	24152.0	29732.0	32127.0	28948.0	29407.0
FerrettiP_2018__CA_C10009MS2133SA_t0M15__bin.19	51814.0	50707.0	53751.0	42864.0	46724.0	57624.0	58039.0	56713.0	46632.0	57141.0	59681.0	49731.0	50784.0	30807.0	52058.0	55319.0	27378.0	48403.0	47513.0	0.0	59339.0	55948.0	34963.0	27757.0	29243.0	44639.0	38054.0	44712.0	29480.0	40507.0	38391.0	42725.0	53459.0	40592.0	52019.0	42444.0	39494.0	35704.0	43381.0	43245.0	40523.0	42814.0
HMP_2012__SRS015272__bin.25	36600.0	35790.0	48037.0	34827.0	37131.0	54808.0	57474.0	54297.0	53462.0	43849.0	35864.0	58462.0	32983.0	28611.0	34825.0	37059.0	25086.0	54965.0	39387.0	59339.0	0.0	51312.0	26112.0	19084.0	21494.0	53212.0	47311.0	40631.0	21643.0	27902.0	25773.0	41092.0	37937.0	33018.0	34657.0	47234.0	39966.0	23485.0	27476.0	30353.0	25482.0	30911.0
HMP_2012__SRS019022__bin.34	47598.0	46838.0	4959.0	39591.0	48949.0	38611.0	51001.0	45207.0	51547.0	52241.0	49932.0	53216.0	44674.0	30858.0	46300.0	48324.0	23049.0	53442.0	47314.0	55948.0	51312.0	0.0	33168.0	24694.0	27574.0	50374.0	42635.0	38440.0	27626.0	40613.0	35817.0	38765.0	47010.0	36583.0	46866.0	47076.0	33529.0	34190.0	41826.0	40049.0	38406.0	35313.0
Castro-NallarE_2015__ES_114__bin.27	26216.0	24489.0	29415.0	18452.0	26488.0	33323.0	36955.0	31093.0	29257.0	27522.0	25292.0	35147.0	22711.0	19777.0	22910.0	23172.0	22500.0	31431.0	25581.0	34963.0	26112.0	33168.0	0.0	19952.0	21652.0	32139.0	24693.0	32456.0	18453.0	20480.0	24196.0	29590.0	24581.0	19597.0	21906.0	30639.0	21884.0	23426.0	24193.0	22752.0	22019.0	15501.0
FerrettiP_2018__CA_C10015IS2250SA_t2M15__bin.2	10973.0	20956.0	20749.0	11896.0	19427.0	25385.0	24342.0	23771.0	22518.0	21159.0	18957.0	26612.0	14149.0	14056.0	14758.0	18031.0	24223.0	24757.0	19133.0	27757.0	19084.0	24694.0	19952.0	0.0	3743.0	22408.0	18549.0	25695.0	118.0	15055.0	18748.0	22197.0	18538.0	13990.0	16961.0	23308.0	14007.0	16771.0	19128.0	14063.0	18342.0	12651.0
FerrettiP_2018__CA_C10055IS2966SA_t2M16__bin.10	14227.0	23485.0	24043.0	14422.0	22456.0	27963.0	28052.0	25513.0	24365.0	25231.0	21120.0	29100.0	16843.0	16263.0	18204.0	20821.0	21537.0	26655.0	21301.0	29243.0	21494.0	27574.0	21652.0	3743.0	0.0	25431.0	20672.0	26543.0	2509.0	16077.0	21463.0	23893.0	21076.0	15671.0	20301.0	25366.0	15618.0	19638.0	21908.0	17209.0	19382.0	15854.0
HMP_2012__SRS015537__bin.16	46657.0	45735.0	47917.0	38581.0	42838.0	51416.0	52379.0	49534.0	40045.0	50296.0	51870.0	43312.0	46114.0	28483.0	46577.0	46903.0	22647.0	42758.0	44394.0	44639.0	53212.0	50374.0	32139.0	22408.0	25431.0	0.0	36592.0	39294.0	25541.0	36945.0	34610.0	39611.0	48034.0	36745.0	46655.0	37039.0	36065.0	31477.0	40600.0	40081.0	36934.0	38772.0
CM_cf__CF_TNFC059SA_t1M16__bin.1	40194.0	38401.0	41776.0	36752.0	35908.0	44545.0	44525.0	45643.0	38511.0	42578.0	46490.0	38892.0	40162.0	23731.0	41850.0	41386.0	17957.0	38613.0	36757.0	38054.0	47311.0	42635.0	24693.0	18549.0	20672.0	36592.0	0.0	31782.0	21663.0	31910.0	26430.0	33376.0	44121.0	33658.0	39176.0	32260.0	33146.0	24640.0	31459.0	32925.0	29596.0	34970.0
CM_cf__CF_TNFC034SA_t1M16__bin.2	39087.0	38331.0	32191.0	29142.0	39073.0	36384.0	39699.0	32159.0	38616.0	41624.0	38958.0	42622.0	33811.0	25105.0	35550.0	38119.0	142.0	40824.0	36293.0	44712.0	40631.0	38440.0	32456.0	25695.0	26543.0	39294.0	31782.0	0.0	27325.0	30290.0	33191.0	29787.0	35885.0	25937.0	37114.0	38143.0	23813.0	36047.0	38323.0	31498.0	33752.0	25795.0
FerrettiP_2018__CA_C10023IS2394SA_t2M15__bin.3	15302.0	20371.0	21418.0	16226.0	21416.0	26929.0	24959.0	26486.0	26124.0	24071.0	21961.0	27949.0	17659.0	15126.0	17369.0	20224.0	14103.0	26776.0	19105.0	29480.0	21643.0	27626.0	18453.0	118.0	2509.0	25541.0	21663.0	27325.0	0.0	14712.0	15427.0	25489.0	19875.0	16255.0	19673.0	24103.0	18497.0	15511.0	20131.0	15785.0	17304.0	14635.0
CM_cf__CF_TNFC038SA_t1M16__bin.15	27080.0	27039.0	35518.0	23810.0	28217.0	38551.0	42794.0	38248.0	36415.0	32175.0	23788.0	39922.0	25548.0	21487.0	26409.0	27835.0	18672.0	37043.0	30277.0	40507.0	27902.0	40613.0	20480.0	15055.0	16077.0	36945.0	31910.0	30290.0	14712.0	0.0	22877.0	31464.0	25908.0	22460.0	26851.0	35540.0	28190.0	18048.0	22737.0	23270.0	21238.0	22255.0
HMP_2012__SRS016086__bin.6	28034.0	26799.0	31868.0	21259.0	29941.0	36739.0	39585.0	33435.0	32739.0	30733.0	26642.0	39297.0	22391.0	21950.0	23297.0	25749.0	23807.0	36224.0	29042.0	38391.0	25773.0	35817.0	24196.0	18748.0	21463.0	34610.0	26430.0	33191.0	15427.0	22877.0	0.0	31112.0	26036.0	21751.0	23566.0	35115.0	23887.0	23268.0	24712.0	22228.0	23073.0	19580.0
CM_cf__CF_TNFC018IS_t3M15__bin.5	39021.0	38138.0	33010.0	30022.0	37973.0	37919.0	41386.0	681.0	38848.0	41791.0	38999.0	41795.0	35622.0	25215.0	35974.0	38304.0	17500.0	40692.0	36456.0	42725.0	41092.0	38765.0	29590.0	22197.0	23893.0	39611.0	33376.0	29787.0	25489.0	31464.0	31112.0	0.0	37145.0	26813.0	37825.0	36954.0	25515.0	30045.0	35907.0	32452.0	32207.0	27130.0
FerrettiP_2018__CA_C10039MS2669SA_t0M15__bin.11	35608.0	35698.0	44893.0	34170.0	34884.0	49988.0	50835.0	51252.0	49372.0	41526.0	9768.0	52621.0	35138.0	26800.0	36157.0	38389.0	21214.0	49713.0	39532.0	53459.0	37937.0	47010.0	24581.0	18538.0	21076.0	48034.0	44121.0	35885.0	19875.0	25908.0	26036.0	37145.0	0.0	26934.0	34064.0	43172.0	36826.0	20713.0	28861.0	30618.0	27108.0	30416.0
FerrettiP_2018__CA_C10001MS2001SA_t0M15__bin.6	30888.0	29325.0	35244.0	28715.0	28592.0	38706.0	41644.0	36836.0	37707.0	34513.0	25876.0	38845.0	29773.0	22770.0	31564.0	30870.0	15154.0	37462.0	30537.0	40592.0	33018.0	36583.0	19597.0	13990.0	15671.0	36745.0	33658.0	25937.0	16255.0	22460.0	21751.0	26813.0	26934.0	0.0	29783.0	32133.0	29794.0	16597.0	23874.0	27111.0	22430.0	25063.0
HMP_2012__SRS015941__bin.16	31877.0	30749.0	43315.0	31548.0	34594.0	46463.0	51198.0	47960.0	45876.0	38128.0	33663.0	49657.0	29992.0	25989.0	30940.0	34159.0	22781.0	48379.0	34756.0	52019.0	34657.0	46866.0	21906.0	16961.0	20301.0	46655.0	39176.0	37114.0	19673.0	26851.0	23566.0	37825.0	34064.0	29783.0	0.0	42522.0	35039.0	23047.0	26388.0	29361.0	24245.0	14077.0
HMP_2012__SRS051791__bin.41	42607.0	43654.0	43258.0	34124.0	41739.0	46992.0	49549.0	45350.0	37643.0	46317.0	46208.0	4675.0	41124.0	26132.0	41914.0	43431.0	23253.0	39098.0	39601.0	42444.0	47234.0	47076.0	30639.0	23308.0	25366.0	37039.0	32260.0	38143.0	24103.0	35540.0	35115.0	36954.0	43172.0	32133.0	42522.0	0.0	33274.0	29308.0	38217.0	37136.0	35455.0	35737.0
BritoIL_2016__WL.15.SA__bin.6	34829.0	34051.0	33366.0	31077.0	32904.0	35971.0	37469.0	35672.0	36224.0	37550.0	39405.0	39339.0	34573.0	22526.0	35639.0	37570.0	12209.0	37226.0	34967.0	39494.0	39966.0	33529.0	21884.0	14007.0	15618.0	36065.0	33146.0	23813.0	18497.0	28190.0	23887.0	25515.0	36826.0	29794.0	35039.0	33274.0	0.0	20085.0	27127.0	30352.0	26087.0	30624.0
CM_cf__CF_TNFC054IS_t1M15__bin.19	18113.0	23657.0	28424.0	17203.0	23350.0	32922.0	34315.0	31521.0	30577.0	26642.0	18996.0	33794.0	19114.0	17861.0	20364.0	21505.0	25584.0	33080.0	24152.0	35704.0	23485.0	34190.0	23426.0	16771.0	19638.0	31477.0	24640.0	36047.0	15511.0	18048.0	23268.0	30045.0	20713.0	16597.0	23047.0	29308.0	20085.0	0.0	22718.0	18055.0	20187.0	16709.0
HMP_2012__SRS024637__bin.14	28811.0	26431.0	36627.0	22584.0	31471.0	41547.0	43365.0	38301.0	37669.0	31310.0	28666.0	42981.0	25140.0	22621.0	25663.0	22013.0	24820.0	40351.0	29732.0	43381.0	27476.0	41826.0	24193.0	19128.0	21908.0	40600.0	31459.0	38323.0	20131.0	22737.0	24712.0	35907.0	28861.0	23874.0	26388.0	38217.0	27127.0	22718.0	0.0	25276.0	6283.0	21790.0
HMP_2012__SRS016319__bin.66	27849.0	27652.0	38704.0	26484.0	30273.0	41986.0	44273.0	40677.0	38275.0	32989.0	29829.0	43101.0	28815.0	21993.0	29414.0	29885.0	20249.0	41175.0	32127.0	43245.0	30353.0	40049.0	22752.0	14063.0	17209.0	40081.0	32925.0	31498.0	15785.0	23270.0	22228.0	32452.0	30618.0	27111.0	29361.0	37136.0	30352.0	18055.0	25276.0	0.0	23429.0	23595.0
HMP_2012__SRS017076__bin.19	26772.0	24160.0	34104.0	21693.0	29175.0	37616.0	40689.0	35103.0	35337.0	28324.0	25193.0	40483.0	22116.0	20906.0	23089.0	20020.0	23653.0	37299.0	28948.0	40523.0	25482.0	38406.0	22019.0	18342.0	19382.0	36934.0	29596.0	33752.0	17304.0	21238.0	23073.0	32207.0	27108.0	22430.0	24245.0	35455.0	26087.0	20187.0	6283.0	23429.0	0.0	20375.0
HMP_2012__SRS057791__bin.37	25345.0	25600.0	36025.0	27395.0	26722.0	40693.0	39616.0	38869.0	39559.0	31869.0	30239.0	42668.0	24174.0	21373.0	25229.0	28544.0	16539.0	40974.0	29407.0	42814.0	30911.0	35313.0	15501.0	12651.0	15854.0	38772.0	34970.0	25795.0	14635.0	22255.0	19580.0	27130.0	30416.0	25063.0	14077.0	35737.0	30624.0	16709.0	21790.0	23595.0	20375.0	0.0
