	QinN_2014__HD-35__bin.38	NielsenHB_2014__MH0063__bin.7	ZeeviD_2015__PNP_Main_643__bin.11	CosteaPI_2017__SID713B014-11-0-0__bin.75	ZeeviD_2015__PNP_Main_393__bin.10	ZeeviD_2015__PNP_Main_256__bin.32	LoombaR_2017__SID0012_qdz__bin.20	LiuW_2016__SRR3993048__bin.89	ChengpingW_2017__AS78raw__bin.26	LiJ_2014__O2.UC24-1__bin.30	ZeeviD_2015__PNP_Main_313__bin.25	WenC_2017__N041__bin.34	CM_madagascar__A91_01_1FE__bin.7	LiJ_2014__MH0402__bin.26	ZeeviD_2015__PNP_Validation_66__bin.3	SchirmerM_2016__G88801__bin.13	BritoIL_2016__M1.3.ST__bin.37	ZeeviD_2015__PNP_Main_597__bin.40	LiJ_2017__H2M614904__bin.68	CosteaPI_2017__SID713B066-11-90-0__bin.49	CosteaPI_2017__SID713A056-11-90-0__bin.34	ZeeviD_2015__PNP_Main_46__bin.29	LiJ_2017__H3M516751__bin.20	CosteaPI_2017__SID713B066-11-0-0__bin.59	ChengpingW_2017__AS67raw__bin.51	CM_madagascar__A39_01_1FE__bin.25	LiuW_2016__SRR3992978__bin.28	ZeeviD_2015__PNP_Main_650__bin.39	Bengtsson-PalmeJ_2015__TRAVELRES11__bin.68	LeChatelierE_2013__MH0063__bin.4	XieH_2016__YSZC12003_37100__bin.78	XieH_2016__YSZC12003_37652__bin.105	CosteaPI_2017__SID713A055-11-90-0__bin.41	LiuW_2016__SRR3993017__bin.46	BackhedF_2015__SID335_M__bin.68	CM_madagascar__A08_01_1FE__bin.70	LeChatelierE_2013__MH0430__bin.16	ZeeviD_2015__PNP_Main_634__bin.3	ZeeviD_2015__PNP_Main_107__bin.49	ZeeviD_2015__PNP_Main_438__bin.46	XieH_2016__YSZC12003_35989__bin.106	NielsenHB_2014__O2_UC24_2__bin.22	BritoIL_2016__M2.49.ST__bin.75	CosteaPI_2017__SID713B014-11-90-0__bin.30	BritoIL_2016__M1.15.ST__bin.73	LiuW_2016__SRR3992961__bin.139	CosteaPI_2017__SID713A014-11-0-0__bin.30	LiJ_2017__H1M513729__bin.50	LiJ_2014__MH0357__bin.7
QinN_2014__HD-35__bin.38	1476157.0	1093923.0	878253.0	1457528.0	1397915.0	1408614.0	1367672.0	1318558.0	1424327.0	1370607.0	1399446.0	1375528.0	1326578.0	1337180.0	1393208.0	935258.0	946821.0	1412997.0	1421229.0	1406766.0	1420623.0	1408235.0	1397637.0	1298039.0	1440891.0	749378.0	1276636.0	1049230.0	1360931.0	1319962.0	1368508.0	1218319.0	1341010.0	1405006.0	1168414.0	1410958.0	1281394.0	1387275.0	1359515.0	1423487.0	1391934.0	1374824.0	1439286.0	1446178.0	1416210.0	975849.0	1164510.0	692302.0	1407892.0
NielsenHB_2014__MH0063__bin.7	1093923.0	1290842.0	747260.0	1194431.0	1197493.0	1179682.0	1160097.0	1111292.0	1180178.0	1177411.0	1180028.0	1158000.0	1141280.0	1178527.0	1180934.0	843239.0	816061.0	1195741.0	1178610.0	1188522.0	1190440.0	1196577.0	1184406.0	1111593.0	1190357.0	623760.0	1075880.0	868462.0	1205350.0	1181976.0	1170215.0	1046369.0	1145106.0	1182963.0	1013943.0	1195706.0	1110485.0	1180458.0	1188140.0	1195720.0	1153976.0	1176165.0	1206063.0	1191675.0	1184363.0	821734.0	990783.0	551660.0	1194330.0
ZeeviD_2015__PNP_Main_643__bin.11	878253.0	747260.0	1034675.0	967007.0	968710.0	958832.0	940689.0	890762.0	961525.0	935634.0	948032.0	936210.0	913661.0	923869.0	956987.0	667075.0	681017.0	978631.0	952043.0	964883.0	979281.0	969597.0	948880.0	912483.0	957939.0	536146.0	877959.0	792338.0	940171.0	911036.0	937323.0	850832.0	921028.0	950817.0	817134.0	968226.0	887444.0	964212.0	933910.0	978143.0	937266.0	948144.0	969142.0	967054.0	957970.0	666172.0	805321.0	507197.0	974253.0
CosteaPI_2017__SID713B014-11-0-0__bin.75	1457528.0	1194431.0	967007.0	1826194.0	1582164.0	1600690.0	1542732.0	1449063.0	1635742.0	1557528.0	1566863.0	1597098.0	1467318.0	1500060.0	1587343.0	1031326.0	1047327.0	1616283.0	1644503.0	1600057.0	1645780.0	1601668.0	1614932.0	1483300.0	1698430.0	821458.0	1416906.0	1177949.0	1524006.0	1480762.0	1513805.0	1344240.0	1543572.0	1609507.0	1304395.0	1644815.0	1406592.0	1586819.0	1518278.0	1618943.0	1574765.0	1566715.0	1634132.0	1783955.0	1608801.0	1040689.0	1306107.0	773784.0	1586222.0
ZeeviD_2015__PNP_Main_393__bin.10	1397915.0	1197493.0	968710.0	1582164.0	1667762.0	1575509.0	1528656.0	1439572.0	1562097.0	1543288.0	1532275.0	1500642.0	1477114.0	1500333.0	1574537.0	1037570.0	1037686.0	1619189.0	1552339.0	1597361.0	1602095.0	1590536.0	1551164.0	1480663.0	1569265.0	830384.0	1419481.0	1156154.0	1527996.0	1471405.0	1518657.0	1343840.0	1549220.0	1566710.0	1292424.0	1597083.0	1417448.0	1591494.0	1523210.0	1617896.0	1502547.0	1565558.0	1596704.0	1581311.0	1587261.0	1046763.0	1283412.0	764231.0	1585734.0
ZeeviD_2015__PNP_Main_256__bin.32	1408614.0	1179682.0	958832.0	1600690.0	1575509.0	1671496.0	1529087.0	1431816.0	1564331.0	1528585.0	1550715.0	1501726.0	1465049.0	1480124.0	1590623.0	1021913.0	1041965.0	1612090.0	1541252.0	1593800.0	1619003.0	1587139.0	1553053.0	1465588.0	1594166.0	824077.0	1406901.0	1131711.0	1505082.0	1447385.0	1515037.0	1330202.0	1516787.0	1566874.0	1290315.0	1599087.0	1397711.0	1567058.0	1497524.0	1617613.0	1524635.0	1554364.0	1653784.0	1599601.0	1646235.0	1030151.0	1278680.0	762383.0	1588815.0
LoombaR_2017__SID0012_qdz__bin.20	1367672.0	1160097.0	940689.0	1542732.0	1528656.0	1529087.0	1667552.0	1429651.0	1510497.0	1522592.0	1492627.0	1472587.0	1443096.0	1473568.0	1514583.0	1018353.0	1018823.0	1552649.0	1506198.0	1526244.0	1551927.0	1537719.0	1509704.0	1415157.0	1531819.0	815385.0	1441030.0	1123226.0	1485948.0	1428751.0	1486631.0	1323129.0	1468112.0	1591448.0	1260469.0	1534110.0	1397410.0	1522042.0	1483362.0	1548093.0	1453681.0	1551379.0	1544895.0	1539915.0	1534092.0	1040309.0	1263252.0	754966.0	1535090.0
LiuW_2016__SRR3993048__bin.89	1318558.0	1111292.0	890762.0	1449063.0	1439572.0	1431816.0	1429651.0	1536177.0	1425020.0	1418502.0	1414296.0	1386976.0	1365160.0	1381012.0	1428594.0	973715.0	977794.0	1450501.0	1416012.0	1440306.0	1444983.0	1440779.0	1423879.0	1337760.0	1443778.0	773788.0	1348545.0	1060776.0	1394367.0	1347715.0	1409812.0	1267999.0	1389793.0	1470964.0	1214449.0	1436555.0	1341535.0	1428392.0	1388644.0	1451385.0	1397779.0	1438928.0	1450278.0	1449109.0	1432810.0	1020969.0	1209613.0	724928.0	1445703.0
ChengpingW_2017__AS78raw__bin.26	1424327.0	1180178.0	961525.0	1635742.0	1562097.0	1564331.0	1510497.0	1425020.0	1751209.0	1520662.0	1520269.0	1544427.0	1447891.0	1477763.0	1547548.0	1021010.0	1037648.0	1581327.0	1576612.0	1560048.0	1583854.0	1575400.0	1543080.0	1458480.0	1627161.0	814928.0	1398492.0	1161523.0	1498120.0	1452961.0	1494599.0	1332274.0	1502291.0	1557785.0	1281007.0	1592361.0	1388555.0	1552124.0	1506600.0	1582942.0	1513306.0	1525824.0	1620606.0	1643735.0	1574803.0	1030456.0	1290544.0	764444.0	1565320.0
LiJ_2014__O2.UC24-1__bin.30	1370607.0	1177411.0	935634.0	1557528.0	1543288.0	1528585.0	1522592.0	1418502.0	1520662.0	1752635.0	1488394.0	1480943.0	1439721.0	1469348.0	1518669.0	1018013.0	1003655.0	1553674.0	1514278.0	1524256.0	1561459.0	1539034.0	1510588.0	1410361.0	1538171.0	807376.0	1408430.0	1122542.0	1482771.0	1424915.0	1484283.0	1326050.0	1478435.0	1582525.0	1261160.0	1569407.0	1404071.0	1523782.0	1488514.0	1548932.0	1466064.0	1611172.0	1552080.0	1549569.0	1534851.0	1018907.0	1255752.0	739478.0	1538186.0
ZeeviD_2015__PNP_Main_313__bin.25	1399446.0	1180028.0	948032.0	1566863.0	1532275.0	1550715.0	1492627.0	1414296.0	1520269.0	1488394.0	1641853.0	1481106.0	1449406.0	1467388.0	1570655.0	1012932.0	1016144.0	1559045.0	1518707.0	1554182.0	1568086.0	1555878.0	1524488.0	1438300.0	1557646.0	812200.0	1382541.0	1117403.0	1485814.0	1443697.0	1499152.0	1315338.0	1485401.0	1557681.0	1268460.0	1550191.0	1376840.0	1541906.0	1487951.0	1566245.0	1475009.0	1525129.0	1574602.0	1563165.0	1551367.0	1027627.0	1259689.0	762421.0	1547101.0
WenC_2017__N041__bin.34	1375528.0	1158000.0	936210.0	1597098.0	1500642.0	1501726.0	1472587.0	1386976.0	1544427.0	1480943.0	1481106.0	1631751.0	1403766.0	1423212.0	1494268.0	995885.0	1014758.0	1525330.0	1542393.0	1506872.0	1524902.0	1515809.0	1512753.0	1416459.0	1581521.0	790511.0	1358426.0	1123058.0	1443184.0	1412913.0	1452717.0	1296268.0	1444213.0	1519721.0	1252033.0	1519029.0	1351951.0	1493799.0	1443821.0	1525782.0	1478467.0	1481086.0	1534439.0	1594358.0	1514313.0	1007929.0	1245486.0	740236.0	1511652.0
CM_madagascar__A91_01_1FE__bin.7	1326578.0	1141280.0	913661.0	1467318.0	1477114.0	1465049.0	1443096.0	1365160.0	1447891.0	1439721.0	1449406.0	1403766.0	1564546.0	1420438.0	1460116.0	997467.0	983485.0	1473273.0	1448916.0	1466891.0	1471928.0	1467687.0	1446410.0	1369046.0	1463050.0	806520.0	1355987.0	1081414.0	1435487.0	1401748.0	1444417.0	1279534.0	1410106.0	1463159.0	1226882.0	1497376.0	1348786.0	1442954.0	1439231.0	1473844.0	1397567.0	1462904.0	1484234.0	1466866.0	1482119.0	1015734.0	1234490.0	744234.0	1460917.0
LiJ_2014__MH0402__bin.26	1337180.0	1178527.0	923869.0	1500060.0	1500333.0	1480124.0	1473568.0	1381012.0	1477763.0	1469348.0	1467388.0	1423212.0	1420438.0	1583480.0	1479776.0	1028778.0	983899.0	1500934.0	1471278.0	1493557.0	1505318.0	1503213.0	1467257.0	1390404.0	1488233.0	802032.0	1373748.0	1098675.0	1522733.0	1462180.0	1453955.0	1292674.0	1456205.0	1511634.0	1226159.0	1496196.0	1368650.0	1483691.0	1519137.0	1503435.0	1431588.0	1502415.0	1496056.0	1499816.0	1492036.0	1012109.0	1238023.0	744571.0	1488594.0
ZeeviD_2015__PNP_Validation_66__bin.3	1393208.0	1180934.0	956987.0	1587343.0	1574537.0	1590623.0	1514583.0	1428594.0	1547548.0	1518669.0	1570655.0	1494268.0	1460116.0	1479776.0	1792932.0	1018962.0	1027376.0	1590164.0	1536095.0	1565002.0	1583497.0	1579646.0	1551987.0	1464815.0	1568725.0	818436.0	1392241.0	1125764.0	1613239.0	1446809.0	1502131.0	1324150.0	1504930.0	1570805.0	1281038.0	1590676.0	1389474.0	1564856.0	1493595.0	1587877.0	1518610.0	1551935.0	1596545.0	1584404.0	1577157.0	1023211.0	1270296.0	761689.0	1566899.0
SchirmerM_2016__G88801__bin.13	935258.0	843239.0	667075.0	1031326.0	1037570.0	1021913.0	1018353.0	973715.0	1021010.0	1018013.0	1012932.0	995885.0	997467.0	1028778.0	1018962.0	1189622.0	701613.0	1034177.0	1015237.0	1030004.0	1031902.0	1025726.0	1015791.0	951593.0	1025403.0	593500.0	974246.0	796805.0	1056395.0	993759.0	1014663.0	920273.0	995163.0	1034250.0	873628.0	1030856.0	966208.0	1018446.0	1043373.0	1034697.0	988820.0	1026379.0	1035532.0	1032000.0	1031502.0	742686.0	884977.0	540409.0	1033220.0
BritoIL_2016__M1.3.ST__bin.37	946821.0	816061.0	681017.0	1047327.0	1037686.0	1041965.0	1018823.0	977794.0	1037648.0	1003655.0	1016144.0	1014758.0	983485.0	983899.0	1027376.0	701613.0	1091644.0	1042808.0	1026760.0	1040184.0	1035489.0	1031533.0	1029755.0	977084.0	1035639.0	566828.0	958605.0	794753.0	992670.0	964838.0	1011506.0	909415.0	981318.0	1028540.0	892796.0	1042978.0	953584.0	1022263.0	988729.0	1042505.0	997556.0	1017206.0	1062328.0	1046962.0	1046265.0	724579.0	882789.0	517543.0	1034849.0
ZeeviD_2015__PNP_Main_597__bin.40	1412997.0	1195741.0	978631.0	1616283.0	1619189.0	1612090.0	1552649.0	1450501.0	1581327.0	1553674.0	1559045.0	1525330.0	1473273.0	1500934.0	1590164.0	1034177.0	1042808.0	1769809.0	1563489.0	1615925.0	1675142.0	1618823.0	1569489.0	1490690.0	1600138.0	829031.0	1433366.0	1158354.0	1531817.0	1471993.0	1529474.0	1343360.0	1552316.0	1600699.0	1309996.0	1623452.0	1420469.0	1623019.0	1528616.0	1706468.0	1511337.0	1579851.0	1631312.0	1613792.0	1618418.0	1045934.0	1287822.0	768467.0	1639613.0
LiJ_2017__H2M614904__bin.68	1421229.0	1178610.0	952043.0	1644503.0	1552339.0	1541252.0	1506198.0	1416012.0	1576612.0	1514278.0	1518707.0	1542393.0	1448916.0	1471278.0	1536095.0	1015237.0	1026760.0	1563489.0	1680616.0	1554718.0	1561659.0	1555558.0	1526885.0	1466183.0	1625731.0	809222.0	1393374.0	1136202.0	1502589.0	1479001.0	1494375.0	1321333.0	1499541.0	1556968.0	1275742.0	1560943.0	1375817.0	1530073.0	1495468.0	1564555.0	1526871.0	1531920.0	1571032.0	1652931.0	1559764.0	1027208.0	1281684.0	764143.0	1549225.0
CosteaPI_2017__SID713B066-11-90-0__bin.49	1406766.0	1188522.0	964883.0	1600057.0	1597361.0	1593800.0	1526244.0	1440306.0	1560048.0	1524256.0	1554182.0	1506872.0	1466891.0	1493557.0	1565002.0	1030004.0	1040184.0	1615925.0	1554718.0	1731698.0	1628289.0	1585158.0	1549687.0	1571728.0	1590061.0	828903.0	1416168.0	1153116.0	1526502.0	1431413.0	1516694.0	1340233.0	1539126.0	1586354.0	1297107.0	1588610.0	1406063.0	1587621.0	1523967.0	1620314.0	1506525.0	1559966.0	1614936.0	1600444.0	1598359.0	1045896.0	1282532.0	766789.0	1583174.0
CosteaPI_2017__SID713A056-11-90-0__bin.34	1420623.0	1190440.0	979281.0	1645780.0	1602095.0	1619003.0	1551927.0	1444983.0	1583854.0	1561459.0	1568086.0	1524902.0	1471928.0	1505318.0	1583497.0	1031902.0	1035489.0	1675142.0	1561659.0	1628289.0	1896981.0	1619306.0	1583326.0	1504141.0	1613232.0	827036.0	1428729.0	1167109.0	1531049.0	1471882.0	1524298.0	1340598.0	1551155.0	1616703.0	1313266.0	1626306.0	1417682.0	1616693.0	1521435.0	1683850.0	1515658.0	1590594.0	1641469.0	1640782.0	1613756.0	1041385.0	1290286.0	768461.0	1621221.0
ZeeviD_2015__PNP_Main_46__bin.29	1408235.0	1196577.0	969597.0	1601668.0	1590536.0	1587139.0	1537719.0	1440779.0	1575400.0	1539034.0	1555878.0	1515809.0	1467687.0	1503213.0	1579646.0	1025726.0	1031533.0	1618823.0	1555558.0	1585158.0	1619306.0	1709694.0	1561531.0	1481915.0	1594793.0	824088.0	1417061.0	1141354.0	1525702.0	1476012.0	1513457.0	1347355.0	1534078.0	1589990.0	1289288.0	1604669.0	1405942.0	1588898.0	1516523.0	1619218.0	1508329.0	1558291.0	1608801.0	1600171.0	1593373.0	1043837.0	1284002.0	768801.0	1595450.0
LiJ_2017__H3M516751__bin.20	1397637.0	1184406.0	948880.0	1614932.0	1551164.0	1553053.0	1509704.0	1423879.0	1543080.0	1510588.0	1524488.0	1512753.0	1446410.0	1467257.0	1551987.0	1015791.0	1029755.0	1569489.0	1526885.0	1549687.0	1583326.0	1561531.0	1786494.0	1448957.0	1573606.0	811298.0	1385520.0	1231946.0	1492995.0	1446769.0	1491371.0	1319546.0	1520111.0	1555992.0	1276249.0	1587553.0	1389796.0	1548804.0	1477039.0	1574077.0	1507377.0	1524896.0	1571697.0	1584698.0	1566786.0	1036471.0	1259347.0	756504.0	1552218.0
CosteaPI_2017__SID713B066-11-0-0__bin.59	1298039.0	1111593.0	912483.0	1483300.0	1480663.0	1465588.0	1415157.0	1337760.0	1458480.0	1410361.0	1438300.0	1416459.0	1369046.0	1390404.0	1464815.0	951593.0	977084.0	1490690.0	1466183.0	1571728.0	1504141.0	1481915.0	1448957.0	1614398.0	1471614.0	772913.0	1306815.0	1048944.0	1417537.0	1351319.0	1407575.0	1249818.0	1430526.0	1465243.0	1200994.0	1481243.0	1302108.0	1471741.0	1408369.0	1487505.0	1390890.0	1449531.0	1487409.0	1484261.0	1477592.0	970265.0	1192441.0	712731.0	1462801.0
ChengpingW_2017__AS67raw__bin.51	1440891.0	1190357.0	957939.0	1698430.0	1569265.0	1594166.0	1531819.0	1443778.0	1627161.0	1538171.0	1557646.0	1581521.0	1463050.0	1488233.0	1568725.0	1025403.0	1035639.0	1600138.0	1625731.0	1590061.0	1613232.0	1594793.0	1573606.0	1471614.0	1762870.0	819795.0	1415273.0	1173195.0	1517582.0	1472326.0	1501836.0	1341060.0	1515788.0	1593371.0	1291934.0	1594862.0	1388617.0	1565971.0	1510708.0	1610871.0	1553840.0	1551792.0	1609869.0	1686817.0	1596735.0	1038477.0	1296850.0	776986.0	1579644.0
CM_madagascar__A39_01_1FE__bin.25	749378.0	623760.0	536146.0	821458.0	830384.0	824077.0	815385.0	773788.0	814928.0	807376.0	812200.0	790511.0	806520.0	802032.0	818436.0	593500.0	566828.0	829031.0	809222.0	828903.0	827036.0	824088.0	811298.0	772913.0	819795.0	871966.0	796298.0	654851.0	804496.0	773829.0	797135.0	736193.0	794780.0	825101.0	709347.0	826502.0	769330.0	819633.0	804907.0	828841.0	782301.0	821736.0	828169.0	821161.0	823725.0	635253.0	759295.0	504470.0	828669.0
LiuW_2016__SRR3992978__bin.28	1276636.0	1075880.0	877959.0	1416906.0	1419481.0	1406901.0	1441030.0	1348545.0	1398492.0	1408430.0	1382541.0	1358426.0	1355987.0	1373748.0	1392241.0	974246.0	958605.0	1433366.0	1393374.0	1416168.0	1428729.0	1417061.0	1385520.0	1306815.0	1415273.0	796298.0	1501511.0	1049678.0	1387228.0	1330027.0	1370063.0	1243667.0	1360741.0	1458752.0	1185228.0	1420386.0	1309581.0	1400813.0	1384971.0	1429208.0	1338534.0	1449354.0	1426105.0	1414200.0	1413138.0	1019979.0	1236764.0	744156.0	1418116.0
ZeeviD_2015__PNP_Main_650__bin.39	1049230.0	868462.0	792338.0	1177949.0	1156154.0	1131711.0	1123226.0	1060776.0	1161523.0	1122542.0	1117403.0	1123058.0	1081414.0	1098675.0	1125764.0	796805.0	794753.0	1158354.0	1136202.0	1153116.0	1167109.0	1141354.0	1231946.0	1048944.0	1173195.0	654851.0	1049678.0	1271923.0	1109250.0	1072363.0	1130375.0	1000235.0	1104501.0	1156952.0	971961.0	1149211.0	1036530.0	1127115.0	1096927.0	1158286.0	1111677.0	1142191.0	1147492.0	1174112.0	1150317.0	802251.0	990193.0	631441.0	1143184.0
Bengtsson-PalmeJ_2015__TRAVELRES11__bin.68	1360931.0	1205350.0	940171.0	1524006.0	1527996.0	1505082.0	1485948.0	1394367.0	1498120.0	1482771.0	1485814.0	1443184.0	1435487.0	1522733.0	1613239.0	1056395.0	992670.0	1531817.0	1502589.0	1526502.0	1531049.0	1525702.0	1492995.0	1417537.0	1517582.0	804496.0	1387228.0	1109250.0	1863339.0	1481919.0	1466267.0	1301384.0	1481758.0	1535939.0	1236638.0	1519964.0	1375903.0	1512321.0	1540099.0	1530795.0	1449069.0	1526372.0	1532031.0	1524541.0	1522109.0	1024657.0	1246844.0	746558.0	1516147.0
LeChatelierE_2013__MH0063__bin.4	1319962.0	1181976.0	911036.0	1480762.0	1471405.0	1447385.0	1428751.0	1347715.0	1452961.0	1424915.0	1443697.0	1412913.0	1401748.0	1462180.0	1446809.0	993759.0	964838.0	1471993.0	1479001.0	1431413.0	1471882.0	1476012.0	1446769.0	1351319.0	1472326.0	773829.0	1330027.0	1072363.0	1481919.0	1543913.0	1428045.0	1260745.0	1416078.0	1464626.0	1205694.0	1466031.0	1328227.0	1447394.0	1468903.0	1473426.0	1402422.0	1454385.0	1468405.0	1480757.0	1463980.0	995354.0	1214134.0	735105.0	1463586.0
XieH_2016__YSZC12003_37100__bin.78	1368508.0	1170215.0	937323.0	1513805.0	1518657.0	1515037.0	1486631.0	1409812.0	1494599.0	1484283.0	1499152.0	1452717.0	1444417.0	1453955.0	1502131.0	1014663.0	1011506.0	1529474.0	1494375.0	1516694.0	1524298.0	1513457.0	1491371.0	1407575.0	1501836.0	797135.0	1370063.0	1130375.0	1466267.0	1428045.0	1599545.0	1315562.0	1453009.0	1513145.0	1267849.0	1522052.0	1384433.0	1496107.0	1462101.0	1527080.0	1454198.0	1512833.0	1531018.0	1514403.0	1527391.0	1031649.0	1242426.0	749076.0	1519673.0
XieH_2016__YSZC12003_37652__bin.105	1218319.0	1046369.0	850832.0	1344240.0	1343840.0	1330202.0	1323129.0	1267999.0	1332274.0	1326050.0	1315338.0	1296268.0	1279534.0	1292674.0	1324150.0	920273.0	909415.0	1343360.0	1321333.0	1340233.0	1340598.0	1347355.0	1319546.0	1249818.0	1341060.0	736193.0	1243667.0	1000235.0	1301384.0	1260745.0	1315562.0	1409215.0	1287762.0	1350466.0	1129011.0	1342274.0	1244629.0	1326383.0	1303396.0	1344262.0	1287844.0	1329658.0	1343267.0	1343171.0	1335565.0	956242.0	1145754.0	693440.0	1344351.0
CosteaPI_2017__SID713A055-11-90-0__bin.41	1341010.0	1145106.0	921028.0	1543572.0	1549220.0	1516787.0	1468112.0	1389793.0	1502291.0	1478435.0	1485401.0	1444213.0	1410106.0	1456205.0	1504930.0	995163.0	981318.0	1552316.0	1499541.0	1539126.0	1551155.0	1534078.0	1520111.0	1430526.0	1515788.0	794780.0	1360741.0	1104501.0	1481758.0	1416078.0	1453009.0	1287762.0	1742072.0	1525335.0	1228738.0	1540434.0	1357586.0	1526077.0	1461430.0	1558711.0	1445658.0	1501080.0	1537946.0	1526773.0	1532102.0	1010272.0	1224831.0	733144.0	1528586.0
LiuW_2016__SRR3993017__bin.46	1405006.0	1182963.0	950817.0	1609507.0	1566710.0	1566874.0	1591448.0	1470964.0	1557785.0	1582525.0	1557681.0	1519721.0	1463159.0	1511634.0	1570805.0	1034250.0	1028540.0	1600699.0	1556968.0	1586354.0	1616703.0	1589990.0	1555992.0	1465243.0	1593371.0	825101.0	1458752.0	1156952.0	1535939.0	1464626.0	1513145.0	1350466.0	1525335.0	1773878.0	1290689.0	1579581.0	1433457.0	1570145.0	1527744.0	1598664.0	1500780.0	1616135.0	1596604.0	1604757.0	1587662.0	1050443.0	1285244.0	766160.0	1583156.0
BackhedF_2015__SID335_M__bin.68	1168414.0	1013943.0	817134.0	1304395.0	1292424.0	1290315.0	1260469.0	1214449.0	1281007.0	1261160.0	1268460.0	1252033.0	1226882.0	1226159.0	1281038.0	873628.0	892796.0	1309996.0	1275742.0	1297107.0	1313266.0	1289288.0	1276249.0	1200994.0	1291934.0	709347.0	1185228.0	971961.0	1236638.0	1205694.0	1267849.0	1129011.0	1228738.0	1290689.0	1392442.0	1303742.0	1199942.0	1274688.0	1237977.0	1310626.0	1244304.0	1286964.0	1312311.0	1304888.0	1292987.0	895817.0	1090085.0	662092.0	1291580.0
CM_madagascar__A08_01_1FE__bin.70	1410958.0	1195706.0	968226.0	1644815.0	1597083.0	1599087.0	1534110.0	1436555.0	1592361.0	1569407.0	1550191.0	1519029.0	1497376.0	1496196.0	1590676.0	1030856.0	1042978.0	1623452.0	1560943.0	1588610.0	1626306.0	1604669.0	1587553.0	1481243.0	1594862.0	826502.0	1420386.0	1149211.0	1519964.0	1466031.0	1522052.0	1342274.0	1540434.0	1579581.0	1303742.0	1816364.0	1412214.0	1580490.0	1515046.0	1616102.0	1516380.0	1566956.0	1619959.0	1621411.0	1615985.0	1045281.0	1292437.0	767071.0	1591866.0
LeChatelierE_2013__MH0430__bin.16	1281394.0	1110485.0	887444.0	1406592.0	1417448.0	1397711.0	1397410.0	1341535.0	1388555.0	1404071.0	1376840.0	1351951.0	1348786.0	1368650.0	1389474.0	966208.0	953584.0	1420469.0	1375817.0	1406063.0	1417682.0	1405942.0	1389796.0	1302108.0	1388617.0	769330.0	1309581.0	1036530.0	1375903.0	1328227.0	1384433.0	1244629.0	1357586.0	1433457.0	1199942.0	1412214.0	1463501.0	1398925.0	1383319.0	1420499.0	1347437.0	1425541.0	1416583.0	1398472.0	1403186.0	987047.0	1180210.0	698458.0	1411416.0
ZeeviD_2015__PNP_Main_634__bin.3	1387275.0	1180458.0	964212.0	1586819.0	1591494.0	1567058.0	1522042.0	1428392.0	1552124.0	1523782.0	1541906.0	1493799.0	1442954.0	1483691.0	1564856.0	1018446.0	1022263.0	1623019.0	1530073.0	1587621.0	1616693.0	1588898.0	1548804.0	1471741.0	1565971.0	819633.0	1400813.0	1127115.0	1512321.0	1447394.0	1496107.0	1326383.0	1526077.0	1570145.0	1274688.0	1580490.0	1398925.0	1699067.0	1500964.0	1617715.0	1484091.0	1544866.0	1584732.0	1576428.0	1573443.0	1031919.0	1264137.0	759955.0	1590936.0
ZeeviD_2015__PNP_Main_107__bin.49	1359515.0	1188140.0	933910.0	1518278.0	1523210.0	1497524.0	1483362.0	1388644.0	1506600.0	1488514.0	1487951.0	1443821.0	1439231.0	1519137.0	1493595.0	1043373.0	988729.0	1528616.0	1495468.0	1523967.0	1521435.0	1516523.0	1477039.0	1408369.0	1510708.0	804907.0	1384971.0	1096927.0	1540099.0	1468903.0	1462101.0	1303396.0	1461430.0	1527744.0	1237977.0	1515046.0	1383319.0	1500964.0	1607457.0	1526475.0	1443470.0	1516564.0	1516262.0	1517207.0	1510586.0	1022859.0	1247536.0	752054.0	1511825.0
ZeeviD_2015__PNP_Main_438__bin.46	1423487.0	1195720.0	978143.0	1618943.0	1617896.0	1617613.0	1548093.0	1451385.0	1582942.0	1548932.0	1566245.0	1525782.0	1473844.0	1503435.0	1587877.0	1034697.0	1042505.0	1706468.0	1564555.0	1620314.0	1683850.0	1619218.0	1574077.0	1487505.0	1610871.0	828841.0	1429208.0	1158286.0	1530795.0	1473426.0	1527080.0	1344262.0	1558711.0	1598664.0	1310626.0	1616102.0	1420499.0	1617715.0	1526475.0	1751782.0	1523999.0	1576656.0	1645774.0	1618123.0	1633161.0	1045512.0	1287645.0	768115.0	1633071.0
XieH_2016__YSZC12003_35989__bin.106	1391934.0	1153976.0	937266.0	1574765.0	1502547.0	1524635.0	1453681.0	1397779.0	1513306.0	1466064.0	1475009.0	1478467.0	1397567.0	1431588.0	1518610.0	988820.0	997556.0	1511337.0	1526871.0	1506525.0	1515658.0	1508329.0	1507377.0	1390890.0	1553840.0	782301.0	1338534.0	1111677.0	1449069.0	1402422.0	1454198.0	1287844.0	1445658.0	1500780.0	1244304.0	1516380.0	1347437.0	1484091.0	1443470.0	1523999.0	1599914.0	1475918.0	1522598.0	1573893.0	1507108.0	1007196.0	1233382.0	737736.0	1504827.0
NielsenHB_2014__O2_UC24_2__bin.22	1374824.0	1176165.0	948144.0	1566715.0	1565558.0	1554364.0	1551379.0	1438928.0	1525824.0	1611172.0	1525129.0	1481086.0	1462904.0	1502415.0	1551935.0	1026379.0	1017206.0	1579851.0	1531920.0	1559966.0	1590594.0	1558291.0	1524896.0	1449531.0	1551792.0	821736.0	1449354.0	1142191.0	1526372.0	1454385.0	1512833.0	1329658.0	1501080.0	1616135.0	1286964.0	1566956.0	1425541.0	1544866.0	1516564.0	1576656.0	1475918.0	1733287.0	1584634.0	1565157.0	1559103.0	1033785.0	1274140.0	753528.0	1555680.0
BritoIL_2016__M2.49.ST__bin.75	1439286.0	1206063.0	969142.0	1634132.0	1596704.0	1653784.0	1544895.0	1450278.0	1620606.0	1552080.0	1574602.0	1534439.0	1484234.0	1496056.0	1596545.0	1035532.0	1062328.0	1631312.0	1571032.0	1614936.0	1641469.0	1608801.0	1571697.0	1487409.0	1609869.0	828169.0	1426105.0	1147492.0	1532031.0	1468405.0	1531018.0	1343267.0	1537946.0	1596604.0	1312311.0	1619959.0	1416583.0	1584732.0	1516262.0	1645774.0	1522598.0	1584634.0	1801220.0	1633255.0	1678927.0	1047360.0	1288627.0	766033.0	1604342.0
CosteaPI_2017__SID713B014-11-90-0__bin.30	1446178.0	1191675.0	967054.0	1783955.0	1581311.0	1599601.0	1539915.0	1449109.0	1643735.0	1549569.0	1563165.0	1594358.0	1466866.0	1499816.0	1584404.0	1032000.0	1046962.0	1613792.0	1652931.0	1600444.0	1640782.0	1600171.0	1584698.0	1484261.0	1686817.0	821161.0	1414200.0	1174112.0	1524541.0	1480757.0	1514403.0	1343171.0	1526773.0	1604757.0	1304888.0	1621411.0	1398472.0	1576428.0	1517207.0	1618123.0	1573893.0	1565157.0	1633255.0	1786626.0	1608493.0	1040548.0	1306181.0	773763.0	1585185.0
BritoIL_2016__M1.15.ST__bin.73	1416210.0	1184363.0	957970.0	1608801.0	1587261.0	1646235.0	1534092.0	1432810.0	1574803.0	1534851.0	1551367.0	1514313.0	1482119.0	1492036.0	1577157.0	1031502.0	1046265.0	1618418.0	1559764.0	1598359.0	1613756.0	1593373.0	1566786.0	1477592.0	1596735.0	823725.0	1413138.0	1150317.0	1522109.0	1463980.0	1527391.0	1335565.0	1532102.0	1587662.0	1292987.0	1615985.0	1403186.0	1573443.0	1510586.0	1633161.0	1507108.0	1559103.0	1678927.0	1608493.0	1724452.0	1039774.0	1279570.0	761403.0	1590047.0
LiuW_2016__SRR3992961__bin.139	975849.0	821734.0	666172.0	1040689.0	1046763.0	1030151.0	1040309.0	1020969.0	1030456.0	1018907.0	1027627.0	1007929.0	1015734.0	1012109.0	1023211.0	742686.0	724579.0	1045934.0	1027208.0	1045896.0	1041385.0	1043837.0	1036471.0	970265.0	1038477.0	635253.0	1019979.0	802251.0	1024657.0	995354.0	1031649.0	956242.0	1010272.0	1050443.0	895817.0	1045281.0	987047.0	1031919.0	1022859.0	1045512.0	1007196.0	1033785.0	1047360.0	1040548.0	1039774.0	1134274.0	950524.0	604586.0	1047173.0
CosteaPI_2017__SID713A014-11-0-0__bin.30	1164510.0	990783.0	805321.0	1306107.0	1283412.0	1278680.0	1263252.0	1209613.0	1290544.0	1255752.0	1259689.0	1245486.0	1234490.0	1238023.0	1270296.0	884977.0	882789.0	1287822.0	1281684.0	1282532.0	1290286.0	1284002.0	1259347.0	1192441.0	1296850.0	759295.0	1236764.0	990193.0	1246844.0	1214134.0	1242426.0	1145754.0	1224831.0	1285244.0	1090085.0	1292437.0	1180210.0	1264137.0	1247536.0	1287645.0	1233382.0	1274140.0	1288627.0	1306181.0	1279570.0	950524.0	1337322.0	731424.0	1284256.0
LiJ_2017__H1M513729__bin.50	692302.0	551660.0	507197.0	773784.0	764231.0	762383.0	754966.0	724928.0	764444.0	739478.0	762421.0	740236.0	744234.0	744571.0	761689.0	540409.0	517543.0	768467.0	764143.0	766789.0	768461.0	768801.0	756504.0	712731.0	776986.0	504470.0	744156.0	631441.0	746558.0	735105.0	749076.0	693440.0	733144.0	766160.0	662092.0	767071.0	698458.0	759955.0	752054.0	768115.0	737736.0	753528.0	766033.0	773763.0	761403.0	604586.0	731424.0	787300.0	767684.0
LiJ_2014__MH0357__bin.7	1407892.0	1194330.0	974253.0	1586222.0	1585734.0	1588815.0	1535090.0	1445703.0	1565320.0	1538186.0	1547101.0	1511652.0	1460917.0	1488594.0	1566899.0	1033220.0	1034849.0	1639613.0	1549225.0	1583174.0	1621221.0	1595450.0	1552218.0	1462801.0	1579644.0	828669.0	1418116.0	1143184.0	1516147.0	1463586.0	1519673.0	1344351.0	1528586.0	1583156.0	1291580.0	1591866.0	1411416.0	1590936.0	1511825.0	1633071.0	1504827.0	1555680.0	1604342.0	1585185.0	1590047.0	1047173.0	1284256.0	767684.0	1659110.0
