	BackhedF_2015__SID39_M__bin.6	LeChatelierE_2013__MH0193__bin.54	SchirmerM_2016__G88846__bin.13	ZeeviD_2015__PNP_Main_47__bin.42	BackhedF_2015__SID640_M__bin.38	BritoIL_2016__WL.37.ST__bin.73	VogtmannE_2016__MMRS86178473ST-27-0-0__bin.45	VogtmannE_2016__MMRS38954404ST-27-0-0__bin.26	CosteaPI_2017__mickey3-11-7-0__bin.38	ZeeviD_2015__PNP_Main_38__bin.52	BritoIL_2016__WL.43.ST__bin.5	ZeeviD_2015__PNP_Validation_23__bin.3	LiSS_2016__FAT_DON_11-22-0-6__bin.56	ZeeviD_2015__PNP_Main_410__bin.16	VogtmannE_2016__MMRS84159866ST-27-0-0__bin.3	SchirmerM_2016__G89150__bin.3	FengQ_2015__SID31160__bin.56	ZeeviD_2015__PNP_Main_313__bin.32	SchirmerM_2016__G89113__bin.3	LeChatelierE_2013__MH0415__bin.73	ZellerG_2014__CCIS63468405ST-4-0__bin.18	LiSS_2016__FAT_008-22-0-0__bin.12	LeChatelierE_2013__MH0098__bin.1	NielsenHB_2014__V1_UC37_0__bin.20	XieH_2016__YSZC12003_36533__bin.98	XieH_2016__YSZC12003_36055__bin.38	XieH_2016__YSZC12003_37546__bin.46	Bengtsson-PalmeJ_2015__TRAVELRES11__bin.129	XieH_2016__YSZC12003_37194__bin.23	ZeeviD_2015__PNP_Main_287__bin.47	RaymondF_2016__P7C7__bin.65	ZellerG_2014__CCIS35100175ST-4-0__bin.18	LeChatelierE_2013__MH0322__bin.16	LiJ_2014__MH0339__bin.62	HMP_2012__SRS014613__bin.25	LeChatelierE_2013__MH0408__bin.18	ZeeviD_2015__PNP_Main_463__bin.42	LiJ_2014__V1.UC64-0__bin.18	LeChatelierE_2013__MH0275__bin.19	NielsenHB_2014__V1_CD6_4__bin.23	NielsenHB_2014__MH0098__bin.13	XieH_2016__YSZC12003_35387__bin.3	LoombaR_2017__SID5443_cul__bin.35
BackhedF_2015__SID39_M__bin.6	0.0	19617.0	18837.0	14485.0	24983.0	25996.0	20924.0	22760.0	26636.0	20462.0	28988.0	22998.0	15413.0	22244.0	22072.0	14151.0	14274.0	20894.0	21398.0	22184.0	23970.0	15968.0	3023.0	20204.0	21855.0	22270.0	21930.0	22555.0	21085.0	22780.0	13858.0	22421.0	18769.0	19050.0	16738.0	12866.0	20657.0	20109.0	20492.0	18122.0	3183.0	22711.0	23963.0
LeChatelierE_2013__MH0193__bin.54	19617.0	0.0	18163.0	12186.0	21248.0	21968.0	18461.0	19255.0	22667.0	17783.0	25462.0	18909.0	14278.0	19255.0	19260.0	13272.0	12396.0	18592.0	18912.0	19097.0	18865.0	14748.0	18779.0	18190.0	18519.0	20027.0	18548.0	20730.0	18775.0	19421.0	13273.0	19428.0	17309.0	16272.0	14988.0	12310.0	18022.0	18873.0	18329.0	15374.0	17961.0	19495.0	19403.0
SchirmerM_2016__G88846__bin.13	18837.0	18163.0	0.0	11464.0	20524.0	22141.0	18284.0	18076.0	22398.0	17026.0	24997.0	17948.0	13724.0	17576.0	18033.0	13186.0	11854.0	16006.0	17927.0	17262.0	17473.0	13214.0	17515.0	17502.0	17440.0	18744.0	18482.0	20408.0	16911.0	17844.0	12237.0	18024.0	16855.0	17207.0	13774.0	12264.0	17133.0	17496.0	15124.0	14689.0	16667.0	18725.0	16870.0
ZeeviD_2015__PNP_Main_47__bin.42	14485.0	12186.0	11464.0	0.0	14792.0	15844.0	12842.0	13874.0	15943.0	13156.0	17617.0	13675.0	9067.0	13125.0	13320.0	8038.0	6119.0	13019.0	13299.0	13548.0	14153.0	8980.0	13070.0	12973.0	13480.0	13981.0	13732.0	12858.0	13136.0	13554.0	8000.0	14209.0	11221.0	11036.0	9913.0	7807.0	13394.0	12131.0	12987.0	14559.0	12058.0	13896.0	14667.0
BackhedF_2015__SID640_M__bin.38	24983.0	21248.0	20524.0	14792.0	0.0	26567.0	22484.0	24362.0	26476.0	23658.0	29778.0	22763.0	16704.0	23555.0	23473.0	15321.0	15950.0	22738.0	23524.0	22983.0	23203.0	17229.0	22714.0	22396.0	23140.0	24917.0	22912.0	23341.0	22756.0	23518.0	15242.0	24148.0	20187.0	19683.0	18488.0	13797.0	24231.0	22155.0	22894.0	19787.0	21524.0	25222.0	24327.0
BritoIL_2016__WL.37.ST__bin.73	25996.0	21968.0	22141.0	15844.0	26567.0	0.0	23845.0	25476.0	21261.0	25054.0	26366.0	24993.0	17145.0	25520.0	24614.0	16527.0	15752.0	24258.0	25764.0	25329.0	25678.0	18323.0	23127.0	24249.0	24919.0	26785.0	25621.0	20746.0	25957.0	26180.0	17028.0	25853.0	21240.0	20902.0	20391.0	15057.0	25115.0	23880.0	25571.0	20209.0	21504.0	25947.0	25056.0
VogtmannE_2016__MMRS86178473ST-27-0-0__bin.45	20924.0	18461.0	18284.0	12842.0	22484.0	23845.0	0.0	20411.0	23204.0	19033.0	26432.0	20004.0	15335.0	20511.0	19421.0	14013.0	12563.0	19731.0	19731.0	19959.0	19781.0	15171.0	19575.0	19123.0	19906.0	21480.0	19482.0	20819.0	20036.0	20209.0	13606.0	20593.0	17777.0	18163.0	16223.0	12390.0	19246.0	19367.0	19028.0	16739.0	18547.0	20196.0	20628.0
VogtmannE_2016__MMRS38954404ST-27-0-0__bin.26	22760.0	19255.0	18076.0	13874.0	24362.0	25476.0	20411.0	0.0	25600.0	18876.0	28593.0	23004.0	14276.0	21945.0	13980.0	13664.0	13990.0	13268.0	20114.0	13036.0	21656.0	14727.0	20610.0	19306.0	21121.0	16341.0	20805.0	22443.0	20964.0	22223.0	13852.0	14078.0	17430.0	18138.0	16698.0	12612.0	19423.0	19906.0	20066.0	11961.0	19741.0	22532.0	15543.0
CosteaPI_2017__mickey3-11-7-0__bin.38	26636.0	22667.0	22398.0	15943.0	26476.0	21261.0	23204.0	25600.0	0.0	23171.0	24978.0	26123.0	17315.0	24651.0	24821.0	16398.0	15958.0	24150.0	23828.0	25230.0	24848.0	17795.0	23563.0	23229.0	25293.0	25743.0	24250.0	20508.0	23836.0	24071.0	16357.0	25677.0	21521.0	21260.0	19056.0	14847.0	23565.0	23907.0	24187.0	20509.0	22146.0	25797.0	25434.0
ZeeviD_2015__PNP_Main_38__bin.52	20462.0	17783.0	17026.0	13156.0	23658.0	25054.0	19033.0	18876.0	23171.0	0.0	28920.0	19278.0	1492.0	18441.0	18814.0	329.0	11929.0	19244.0	19223.0	19394.0	19580.0	13884.0	18236.0	987.0	19357.0	20134.0	20413.0	21103.0	17941.0	20817.0	12654.0	19465.0	1234.0	16994.0	13894.0	11839.0	125.0	17421.0	19376.0	15336.0	17425.0	20387.0	20299.0
BritoIL_2016__WL.43.ST__bin.5	28988.0	25462.0	24997.0	17617.0	29778.0	26366.0	26432.0	28593.0	24978.0	28920.0	0.0	27735.0	19685.0	28325.0	27559.0	19281.0	17477.0	27511.0	27828.0	28031.0	28400.0	21191.0	26639.0	27744.0	27924.0	28886.0	28319.0	20574.0	28844.0	28288.0	19549.0	28552.0	24739.0	24075.0	22136.0	17102.0	28805.0	26324.0	28504.0	21716.0	24854.0	29071.0	28907.0
ZeeviD_2015__PNP_Validation_23__bin.3	22998.0	18909.0	17948.0	13675.0	22763.0	24993.0	20004.0	23004.0	26123.0	19278.0	27735.0	0.0	14905.0	22170.0	21040.0	13881.0	13210.0	19889.0	19623.0	20670.0	21981.0	14918.0	20578.0	19463.0	1551.0	22557.0	21556.0	22581.0	21126.0	22038.0	14020.0	21700.0	17941.0	18425.0	16059.0	12503.0	19805.0	20690.0	19520.0	17069.0	19674.0	21481.0	22070.0
LiSS_2016__FAT_DON_11-22-0-6__bin.56	15413.0	14278.0	13724.0	9067.0	16704.0	17145.0	15335.0	14276.0	17315.0	1492.0	19685.0	14905.0	0.0	14817.0	14647.0	863.0	10038.0	14709.0	14803.0	13942.0	14189.0	11507.0	14697.0	1687.0	14663.0	15035.0	14925.0	16838.0	13316.0	14758.0	10269.0	14725.0	2017.0	13535.0	11684.0	9541.0	1520.0	14582.0	14277.0	11370.0	14152.0	15422.0	15295.0
ZeeviD_2015__PNP_Main_410__bin.16	22244.0	19255.0	17576.0	13125.0	23555.0	25520.0	20511.0	21945.0	24651.0	18441.0	28325.0	22170.0	14817.0	0.0	19934.0	13871.0	13722.0	20009.0	20910.0	19840.0	20009.0	12117.0	19768.0	18756.0	20587.0	21408.0	20814.0	21630.0	12219.0	22492.0	1202.0	20993.0	17546.0	17734.0	630.0	12500.0	18917.0	11026.0	19444.0	16885.0	18972.0	21907.0	22061.0
VogtmannE_2016__MMRS84159866ST-27-0-0__bin.3	22072.0	19260.0	18033.0	13320.0	23473.0	24614.0	19421.0	13980.0	24821.0	18814.0	27559.0	21040.0	14647.0	19934.0	0.0	13441.0	13549.0	13552.0	19721.0	13174.0	21114.0	14802.0	19630.0	19314.0	20909.0	17169.0	20608.0	21581.0	19494.0	19884.0	13859.0	13503.0	17881.0	17718.0	16025.0	12421.0	19492.0	20148.0	19579.0	13268.0	18527.0	21087.0	14857.0
SchirmerM_2016__G89150__bin.3	14151.0	13272.0	13186.0	8038.0	15321.0	16527.0	14013.0	13664.0	16398.0	329.0	19281.0	13881.0	863.0	13871.0	13441.0	0.0	9276.0	13274.0	13866.0	13348.0	13649.0	10729.0	13374.0	602.0	13747.0	13914.0	14052.0	15578.0	12348.0	14446.0	9600.0	13769.0	827.0	12762.0	10524.0	9014.0	318.0	13440.0	13083.0	10492.0	13030.0	14120.0	14127.0
FengQ_2015__SID31160__bin.56	14274.0	12396.0	11854.0	6119.0	15950.0	15752.0	12563.0	13990.0	15958.0	11929.0	17477.0	13210.0	10038.0	13722.0	13549.0	9276.0	0.0	13340.0	13333.0	13276.0	13261.0	11664.0	12440.0	11894.0	13685.0	15094.0	12924.0	15314.0	12776.0	12399.0	9166.0	13700.0	11747.0	12335.0	10819.0	8597.0	12246.0	13359.0	12269.0	10563.0	12002.0	13284.0	14433.0
ZeeviD_2015__PNP_Main_313__bin.32	20894.0	18592.0	16006.0	13019.0	22738.0	24258.0	19731.0	13268.0	24150.0	19244.0	27511.0	19889.0	14709.0	20009.0	13552.0	13274.0	13340.0	0.0	19657.0	12328.0	19742.0	14255.0	19287.0	18885.0	19830.0	15971.0	19832.0	21366.0	19252.0	19824.0	13281.0	13578.0	17370.0	17488.0	15765.0	12131.0	19590.0	18651.0	19166.0	12553.0	18837.0	21321.0	2868.0
SchirmerM_2016__G89113__bin.3	21398.0	18912.0	17927.0	13299.0	23524.0	25764.0	19731.0	20114.0	23828.0	19223.0	27828.0	19623.0	14803.0	20910.0	19721.0	13866.0	13333.0	19657.0	0.0	19095.0	19879.0	15051.0	19649.0	19284.0	19543.0	21410.0	21009.0	21734.0	20422.0	21713.0	13683.0	21427.0	18173.0	18510.0	16202.0	12485.0	19683.0	20112.0	19526.0	17296.0	18831.0	21949.0	20780.0
LeChatelierE_2013__MH0415__bin.73	22184.0	19097.0	17262.0	13548.0	22983.0	25329.0	19959.0	13036.0	25230.0	19394.0	28031.0	20670.0	13942.0	19840.0	13174.0	13348.0	13276.0	12328.0	19095.0	0.0	20563.0	14745.0	19773.0	19284.0	20973.0	15882.0	22333.0	21797.0	19840.0	20856.0	13611.0	11087.0	17826.0	17154.0	15635.0	12190.0	19671.0	19795.0	19739.0	12442.0	18937.0	21818.0	13674.0
ZellerG_2014__CCIS63468405ST-4-0__bin.18	23970.0	18865.0	17473.0	14153.0	23203.0	25678.0	19781.0	21656.0	24848.0	19580.0	28400.0	21981.0	14189.0	20009.0	21114.0	13649.0	13261.0	19742.0	19879.0	20563.0	0.0	15315.0	20525.0	19617.0	20952.0	21526.0	22102.0	21514.0	21871.0	21985.0	12760.0	21557.0	17348.0	17626.0	14577.0	12205.0	20158.0	19216.0	19203.0	18171.0	19078.0	22816.0	21908.0
LiSS_2016__FAT_008-22-0-0__bin.12	15968.0	14748.0	13214.0	8980.0	17229.0	18323.0	15171.0	14727.0	17795.0	13884.0	21191.0	14918.0	11507.0	12117.0	14802.0	10729.0	11664.0	14255.0	15051.0	14745.0	15315.0	0.0	14439.0	14286.0	14884.0	15604.0	15762.0	16667.0	12087.0	15297.0	9022.0	15271.0	13381.0	13868.0	9636.0	9885.0	14244.0	11873.0	15238.0	11416.0	13814.0	15476.0	15514.0
LeChatelierE_2013__MH0098__bin.1	3023.0	18779.0	17515.0	13070.0	22714.0	23127.0	19575.0	20610.0	23563.0	18236.0	26639.0	20578.0	14697.0	19768.0	19630.0	13374.0	12440.0	19287.0	19649.0	19773.0	20525.0	14439.0	0.0	18729.0	19209.0	19840.0	19796.0	21404.0	19056.0	20546.0	13000.0	20409.0	17541.0	18097.0	15826.0	12501.0	18555.0	18719.0	18818.0	15898.0	1112.0	20553.0	20873.0
NielsenHB_2014__V1_UC37_0__bin.20	20204.0	18190.0	17502.0	12973.0	22396.0	24249.0	19123.0	19306.0	23229.0	987.0	27744.0	19463.0	1687.0	18756.0	19314.0	602.0	11894.0	18885.0	19284.0	19284.0	19617.0	14286.0	18729.0	0.0	19474.0	20224.0	20286.0	21610.0	18041.0	20743.0	12674.0	19634.0	1656.0	17484.0	14516.0	12363.0	1250.0	18501.0	18530.0	15708.0	17649.0	20335.0	20149.0
XieH_2016__YSZC12003_36533__bin.98	21855.0	18519.0	17440.0	13480.0	23140.0	24919.0	19906.0	21121.0	25293.0	19357.0	27924.0	1551.0	14663.0	20587.0	20909.0	13747.0	13685.0	19830.0	19543.0	20973.0	20952.0	14884.0	19209.0	19474.0	0.0	22137.0	21878.0	22042.0	19815.0	20497.0	13381.0	21416.0	17744.0	17981.0	15642.0	12152.0	19874.0	20216.0	19328.0	17004.0	18401.0	21643.0	21539.0
XieH_2016__YSZC12003_36055__bin.38	22270.0	20027.0	18744.0	13981.0	24917.0	26785.0	21480.0	16341.0	25743.0	20134.0	28886.0	22557.0	15035.0	21408.0	17169.0	13914.0	15094.0	15971.0	21410.0	15882.0	21526.0	15604.0	19840.0	20224.0	22137.0	0.0	21855.0	22448.0	21063.0	22561.0	13868.0	16520.0	18134.0	18917.0	16737.0	12586.0	20334.0	19780.0	20532.0	3351.0	19412.0	23366.0	17589.0
XieH_2016__YSZC12003_37546__bin.46	21930.0	18548.0	18482.0	13732.0	22912.0	25621.0	19482.0	20805.0	24250.0	20413.0	28319.0	21556.0	14925.0	20814.0	20608.0	14052.0	12924.0	19832.0	21009.0	22333.0	22102.0	15762.0	19796.0	20286.0	21878.0	21855.0	0.0	20592.0	20976.0	20187.0	13821.0	21423.0	18416.0	17884.0	16036.0	12175.0	20942.0	20755.0	20264.0	17138.0	18923.0	21812.0	21657.0
Bengtsson-PalmeJ_2015__TRAVELRES11__bin.129	22555.0	20730.0	20408.0	12858.0	23341.0	20746.0	20819.0	22443.0	20508.0	21103.0	20574.0	22581.0	16838.0	21630.0	21581.0	15578.0	15314.0	21366.0	21734.0	21797.0	21514.0	16667.0	21404.0	21610.0	22042.0	22448.0	20592.0	0.0	21660.0	21178.0	15474.0	22596.0	20521.0	19591.0	17553.0	14248.0	21330.0	21152.0	21834.0	17074.0	20361.0	21695.0	22305.0
XieH_2016__YSZC12003_37194__bin.23	21085.0	18775.0	16911.0	13136.0	22756.0	25957.0	20036.0	20964.0	23836.0	17941.0	28844.0	21126.0	13316.0	12219.0	19494.0	12348.0	12776.0	19252.0	20422.0	19840.0	21871.0	12087.0	19056.0	18041.0	19815.0	21063.0	20976.0	21660.0	0.0	22176.0	8061.0	20615.0	16217.0	17782.0	9749.0	12113.0	18149.0	9202.0	19257.0	17012.0	17855.0	21376.0	21192.0
ZeeviD_2015__PNP_Main_287__bin.47	22780.0	19421.0	17844.0	13554.0	23518.0	26180.0	20209.0	22223.0	24071.0	20817.0	28288.0	22038.0	14758.0	22492.0	19884.0	14446.0	12399.0	19824.0	21713.0	20856.0	21985.0	15297.0	20546.0	20743.0	20497.0	22561.0	20187.0	21178.0	22176.0	0.0	13915.0	21479.0	18153.0	17662.0	16663.0	12660.0	21111.0	19814.0	19778.0	17552.0	19199.0	21604.0	22333.0
RaymondF_2016__P7C7__bin.65	13858.0	13273.0	12237.0	8000.0	15242.0	17028.0	13606.0	13852.0	16357.0	12654.0	19549.0	14020.0	10269.0	1202.0	13859.0	9600.0	9166.0	13281.0	13683.0	13611.0	12760.0	9022.0	13000.0	12674.0	13381.0	13868.0	13821.0	15474.0	8061.0	13915.0	0.0	14105.0	12081.0	12688.0	795.0	8957.0	12700.0	7214.0	13436.0	10548.0	11852.0	14246.0	13867.0
ZellerG_2014__CCIS35100175ST-4-0__bin.18	22421.0	19428.0	18024.0	14209.0	24148.0	25853.0	20593.0	14078.0	25677.0	19465.0	28552.0	21700.0	14725.0	20993.0	13503.0	13769.0	13700.0	13578.0	21427.0	11087.0	21557.0	15271.0	20409.0	19634.0	21416.0	16520.0	21423.0	22596.0	20615.0	21479.0	14105.0	0.0	17972.0	18651.0	16487.0	12427.0	19803.0	19778.0	20550.0	12493.0	19804.0	22612.0	14973.0
LeChatelierE_2013__MH0322__bin.16	18769.0	17309.0	16855.0	11221.0	20187.0	21240.0	17777.0	17430.0	21521.0	1234.0	24739.0	17941.0	2017.0	17546.0	17881.0	827.0	11747.0	17370.0	18173.0	17826.0	17348.0	13381.0	17541.0	1656.0	17744.0	18134.0	18416.0	20521.0	16217.0	18153.0	12081.0	17972.0	0.0	16584.0	13784.0	11561.0	1212.0	17362.0	17255.0	14298.0	17045.0	18760.0	18271.0
LiJ_2014__MH0339__bin.62	19050.0	16272.0	17207.0	11036.0	19683.0	20902.0	18163.0	18138.0	21260.0	16994.0	24075.0	18425.0	13535.0	17734.0	17718.0	12762.0	12335.0	17488.0	18510.0	17154.0	17626.0	13868.0	18097.0	17484.0	17981.0	18917.0	17884.0	19591.0	17782.0	17662.0	12688.0	18651.0	16584.0	0.0	14313.0	12074.0	17421.0	18102.0	17650.0	14294.0	17234.0	18539.0	18191.0
HMP_2012__SRS014613__bin.25	16738.0	14988.0	13774.0	9913.0	18488.0	20391.0	16223.0	16698.0	19056.0	13894.0	22136.0	16059.0	11684.0	630.0	16025.0	10524.0	10819.0	15765.0	16202.0	15635.0	14577.0	9636.0	15826.0	14516.0	15642.0	16737.0	16036.0	17553.0	9749.0	16663.0	795.0	16487.0	13784.0	14313.0	0.0	10069.0	14286.0	8911.0	14933.0	13178.0	14323.0	16551.0	16625.0
LeChatelierE_2013__MH0408__bin.18	12866.0	12310.0	12264.0	7807.0	13797.0	15057.0	12390.0	12612.0	14847.0	11839.0	17102.0	12503.0	9541.0	12500.0	12421.0	9014.0	8597.0	12131.0	12485.0	12190.0	12205.0	9885.0	12501.0	12363.0	12152.0	12586.0	12175.0	14248.0	12113.0	12660.0	8957.0	12427.0	11561.0	12074.0	10069.0	0.0	12082.0	12721.0	12169.0	9676.0	11914.0	12540.0	12686.0
ZeeviD_2015__PNP_Main_463__bin.42	20657.0	18022.0	17133.0	13394.0	24231.0	25115.0	19246.0	19423.0	23565.0	125.0	28805.0	19805.0	1520.0	18917.0	19492.0	318.0	12246.0	19590.0	19683.0	19671.0	20158.0	14244.0	18555.0	1250.0	19874.0	20334.0	20942.0	21330.0	18149.0	21111.0	12700.0	19803.0	1212.0	17421.0	14286.0	12082.0	0.0	17998.0	19342.0	15808.0	17612.0	20534.0	20715.0
LiJ_2014__V1.UC64-0__bin.18	20109.0	18873.0	17496.0	12131.0	22155.0	23880.0	19367.0	19906.0	23907.0	17421.0	26324.0	20690.0	14582.0	11026.0	20148.0	13440.0	13359.0	18651.0	20112.0	19795.0	19216.0	11873.0	18719.0	18501.0	20216.0	19780.0	20755.0	21152.0	9202.0	19814.0	7214.0	19778.0	17362.0	18102.0	8911.0	12721.0	17998.0	0.0	18238.0	16203.0	17935.0	19982.0	19640.0
LeChatelierE_2013__MH0275__bin.19	20492.0	18329.0	15124.0	12987.0	22894.0	25571.0	19028.0	20066.0	24187.0	19376.0	28504.0	19520.0	14277.0	19444.0	19579.0	13083.0	12269.0	19166.0	19526.0	19739.0	19203.0	15238.0	18818.0	18530.0	19328.0	20532.0	20264.0	21834.0	19257.0	19778.0	13436.0	20550.0	17255.0	17650.0	14933.0	12169.0	19342.0	18238.0	0.0	15909.0	17789.0	20260.0	20805.0
NielsenHB_2014__V1_CD6_4__bin.23	18122.0	15374.0	14689.0	14559.0	19787.0	20209.0	16739.0	11961.0	20509.0	15336.0	21716.0	17069.0	11370.0	16885.0	13268.0	10492.0	10563.0	12553.0	17296.0	12442.0	18171.0	11416.0	15898.0	15708.0	17004.0	3351.0	17138.0	17074.0	17012.0	17552.0	10548.0	12493.0	14298.0	14294.0	13178.0	9676.0	15808.0	16203.0	15909.0	0.0	14939.0	18336.0	14181.0
NielsenHB_2014__MH0098__bin.13	3183.0	17961.0	16667.0	12058.0	21524.0	21504.0	18547.0	19741.0	22146.0	17425.0	24854.0	19674.0	14152.0	18972.0	18527.0	13030.0	12002.0	18837.0	18831.0	18937.0	19078.0	13814.0	1112.0	17649.0	18401.0	19412.0	18923.0	20361.0	17855.0	19199.0	11852.0	19804.0	17045.0	17234.0	14323.0	11914.0	17612.0	17935.0	17789.0	14939.0	0.0	19170.0	20505.0
XieH_2016__YSZC12003_35387__bin.3	22711.0	19495.0	18725.0	13896.0	25222.0	25947.0	20196.0	22532.0	25797.0	20387.0	29071.0	21481.0	15422.0	21907.0	21087.0	14120.0	13284.0	21321.0	21949.0	21818.0	22816.0	15476.0	20553.0	20335.0	21643.0	23366.0	21812.0	21695.0	21376.0	21604.0	14246.0	22612.0	18760.0	18539.0	16551.0	12540.0	20534.0	19982.0	20260.0	18336.0	19170.0	0.0	22745.0
LoombaR_2017__SID5443_cul__bin.35	23963.0	19403.0	16870.0	14667.0	24327.0	25056.0	20628.0	15543.0	25434.0	20299.0	28907.0	22070.0	15295.0	22061.0	14857.0	14127.0	14433.0	2868.0	20780.0	13674.0	21908.0	15514.0	20873.0	20149.0	21539.0	17589.0	21657.0	22305.0	21192.0	22333.0	13867.0	14973.0	18271.0	18191.0	16625.0	12686.0	20715.0	19640.0	20805.0	14181.0	20505.0	22745.0	0.0
