	BackhedF_2015__SID133_B__bin.7	OlmMR_2017__S2_005_027G1__bin.6	HeQ_2017__SZAXPI029503-106__bin.19	FerrettiP_2018__CA_C10019IS2352FE_t3M15__bin.2	BritoIL_2016__M1.7.ST__bin.24	BackhedF_2015__SID105_4M__bin.12	OlmMR_2017__S2_005_022G1__bin.2	QinN_2014__LD-66__bin.8	OlmMR_2017__S2_005_023G1__bin.3	YuJ_2015__SZAXPI015267-102__bin.21	QinN_2014__LD-23__bin.10	FerrettiP_2018__CA_C10029IS2503FE_t3M15__bin.1	ZellerG_2014__CCIS63468405ST-4-0__bin.73	BackhedF_2015__SID615_B__bin.13	OlmMR_2017__S2_005_025G1__bin.3	OlmMR_2017__S2_005_028G1__bin.7	QinN_2014__LD-51__bin.65	OlmMR_2017__S2_005_024G1__bin.10	FerrettiP_2018__CA_C10034IS2591FE_t3M15__bin.11	ZellerG_2014__CCIS59903910ST-4-0__bin.5	FerrettiP_2018__CA_C10002IS2023FE_t2M15__bin.8	BackhedF_2015__SID544_4M__bin.1	QinJ_2012__DLM010__bin.14	OlmMR_2017__S2_005_019G1__bin.4	BackhedF_2015__SID608_B__bin.4	OlmMR_2017__S2_005_026G1__bin.1	GeversD_2014__SKBSTL036__bin.45	QinN_2014__LD-85__bin.60	HeQ_2017__RSZAXPI003097-131__bin.33	OlmMR_2017__S2_005_022G1__bin.11	CM_madagascar__A04_01_1FE__bin.3	QinN_2014__LD-28__bin.14	FengQ_2015__SID530451__bin.19	OlmMR_2017__S2_005_018G1__bin.5	FerrettiP_2018__CA_C10019IS2329FE_t4M15__bin.4	OlmMR_2017__S2_005_024G1__bin.3	VatanenT_2016__G80587__bin.4	OlmMR_2017__S2_005_021G1__bin.6	BackhedF_2015__SID180_B__bin.11	OlmMR_2017__S2_005_020G1__bin.10
BackhedF_2015__SID133_B__bin.7	0.0	10358.0	26167.0	22299.0	24445.0	25232.0	15214.0	26411.0	23609.0	25284.0	16074.0	25832.0	23443.0	25571.0	25478.0	25477.0	27118.0	15264.0	22693.0	25247.0	25699.0	19849.0	22260.0	19458.0	26259.0	11590.0	13894.0	27420.0	14957.0	10358.0	25413.0	27515.0	16823.0	11182.0	24933.0	10358.0	27185.0	15486.0	26345.0	16728.0
OlmMR_2017__S2_005_027G1__bin.6	10358.0	0.0	21636.0	14935.0	27347.0	6250.0	356.0	22262.0	352.0	30266.0	21643.0	20622.0	11084.0	20997.0	47.0	25.0	21688.0	341.0	9962.0	20588.0	8803.0	29533.0	10795.0	1289.0	20524.0	131.0	20870.0	32682.0	1526.0	184.0	25046.0	22099.0	6556.0	120.0	17965.0	28.0	30491.0	95.0	19783.0	812.0
HeQ_2017__SZAXPI029503-106__bin.19	26167.0	21636.0	0.0	29695.0	54830.0	29669.0	25800.0	47273.0	40839.0	65276.0	24018.0	38124.0	28417.0	45252.0	47246.0	47075.0	42918.0	25875.0	22104.0	32146.0	37665.0	65757.0	24748.0	36535.0	40109.0	24468.0	25497.0	70275.0	19303.0	21636.0	55993.0	44518.0	13949.0	24115.0	36058.0	21624.0	68026.0	32533.0	38946.0	28151.0
FerrettiP_2018__CA_C10019IS2352FE_t3M15__bin.2	22299.0	14935.0	29695.0	0.0	38953.0	24007.0	18217.0	34442.0	28582.0	44786.0	22187.0	29228.0	22957.0	31989.0	33015.0	33047.0	31529.0	18201.0	18905.0	29540.0	28828.0	50459.0	19968.0	25712.0	28080.0	17281.0	18341.0	49504.0	16287.0	14970.0	41845.0	32119.0	14845.0	16825.0	166.0	14937.0	50199.0	23233.0	30532.0	19974.0
BritoIL_2016__M1.7.ST__bin.24	24445.0	27347.0	54830.0	38953.0	0.0	40137.0	30492.0	55703.0	53463.0	12987.0	39861.0	52929.0	36223.0	55139.0	57641.0	57636.0	53492.0	30490.0	31805.0	51510.0	49640.0	59471.0	31682.0	45117.0	55636.0	31307.0	34559.0	13114.0	27181.0	27358.0	10860.0	54502.0	26438.0	30193.0	47959.0	27357.0	61621.0	40199.0	49811.0	34573.0
BackhedF_2015__SID105_4M__bin.12	25232.0	6250.0	29669.0	24007.0	40137.0	0.0	9217.0	32033.0	12563.0	43703.0	20253.0	27901.0	20857.0	31917.0	15348.0	15243.0	31833.0	9296.0	20581.0	29385.0	15035.0	53402.0	21882.0	12463.0	29020.0	6759.0	16170.0	49064.0	16545.0	6213.0	42958.0	31590.0	16299.0	7430.0	28035.0	6222.0	49513.0	10557.0	30972.0	9910.0
OlmMR_2017__S2_005_022G1__bin.2	15214.0	356.0	25800.0	18217.0	30492.0	9217.0	0.0	28283.0	99.0	36801.0	12672.0	24758.0	14611.0	28581.0	52.0	71.0	26215.0	44.0	15763.0	24108.0	15978.0	38144.0	16683.0	1435.0	25080.0	81.0	8404.0	40943.0	21825.0	311.0	33487.0	26867.0	15190.0	312.0	23014.0	323.0	35989.0	319.0	25511.0	677.0
QinN_2014__LD-66__bin.8	26411.0	22262.0	47273.0	34442.0	55703.0	32033.0	28283.0	0.0	43941.0	65870.0	34385.0	45852.0	30622.0	31533.0	50549.0	50425.0	50317.0	28354.0	26023.0	44930.0	40444.0	65867.0	27123.0	39564.0	47776.0	25556.0	29756.0	70447.0	23759.0	22384.0	55965.0	51373.0	21398.0	25752.0	42056.0	22364.0	66727.0	34234.0	46757.0	30914.0
OlmMR_2017__S2_005_023G1__bin.3	23609.0	352.0	40839.0	28582.0	53463.0	12563.0	99.0	43941.0	0.0	61401.0	27603.0	38567.0	22641.0	43578.0	233.0	201.0	40918.0	153.0	23258.0	37884.0	20174.0	61651.0	24473.0	2457.0	39623.0	112.0	23425.0	67311.0	23168.0	265.0	55117.0	41775.0	20380.0	279.0	35501.0	336.0	58730.0	350.0	39475.0	949.0
YuJ_2015__SZAXPI015267-102__bin.21	25284.0	30266.0	65276.0	44786.0	12987.0	43703.0	36801.0	65870.0	61401.0	0.0	46187.0	60588.0	39149.0	65685.0	66915.0	66907.0	62498.0	36791.0	34644.0	60583.0	55465.0	65257.0	34927.0	52974.0	64636.0	34810.0	39276.0	17882.0	33246.0	30352.0	13755.0	63954.0	29844.0	33411.0	55822.0	30331.0	69639.0	46079.0	58525.0	40255.0
QinN_2014__LD-23__bin.10	16074.0	21643.0	24018.0	22187.0	39861.0	20253.0	12672.0	34385.0	27603.0	46187.0	0.0	27184.0	19863.0	31999.0	34176.0	34142.0	29579.0	12724.0	14160.0	24299.0	27694.0	44623.0	15491.0	24256.0	28561.0	24552.0	26148.0	50488.0	8889.0	21648.0	38880.0	31331.0	8021.0	24597.0	26147.0	21651.0	46213.0	33035.0	28604.0	18085.0
FerrettiP_2018__CA_C10029IS2503FE_t3M15__bin.1	25832.0	20622.0	38124.0	29228.0	52929.0	27901.0	24758.0	45852.0	38567.0	60588.0	27184.0	0.0	27570.0	45132.0	45525.0	45512.0	38457.0	24809.0	15829.0	37353.0	36716.0	64927.0	23514.0	35156.0	29320.0	23889.0	13473.0	66409.0	19747.0	20583.0	54450.0	39351.0	17708.0	23590.0	35130.0	20861.0	64447.0	31814.0	35991.0	27373.0
ZellerG_2014__CCIS63468405ST-4-0__bin.73	23443.0	11084.0	28417.0	22957.0	36223.0	20857.0	14611.0	30622.0	22641.0	39149.0	19863.0	27570.0	0.0	29490.0	25470.0	25450.0	29875.0	14636.0	20147.0	27841.0	24184.0	47803.0	20840.0	20140.0	28003.0	12011.0	17041.0	41772.0	15359.0	11064.0	37235.0	30086.0	16298.0	11828.0	26417.0	10904.0	42295.0	16303.0	28833.0	16044.0
BackhedF_2015__SID615_B__bin.13	25571.0	20997.0	45252.0	31989.0	55139.0	31917.0	28581.0	31533.0	43578.0	65685.0	31999.0	45132.0	29490.0	0.0	49366.0	49237.0	47489.0	28572.0	25080.0	42958.0	41081.0	64803.0	27696.0	39460.0	45098.0	24051.0	29080.0	69656.0	24400.0	21026.0	55822.0	49210.0	21624.0	24140.0	39606.0	21027.0	65421.0	32799.0	44840.0	30538.0
OlmMR_2017__S2_005_025G1__bin.3	25478.0	47.0	47246.0	33015.0	57641.0	15348.0	52.0	50549.0	233.0	66915.0	34176.0	45525.0	25470.0	49366.0	0.0	129.0	47686.0	149.0	25603.0	44382.0	24793.0	67333.0	27255.0	2472.0	45314.0	159.0	29102.0	73572.0	23111.0	150.0	58460.0	48604.0	21605.0	120.0	40688.0	48.0	66109.0	174.0	45003.0	1209.0
OlmMR_2017__S2_005_028G1__bin.7	25477.0	25.0	47075.0	33047.0	57636.0	15243.0	71.0	50425.0	201.0	66907.0	34142.0	45512.0	25450.0	49237.0	129.0	0.0	47723.0	28.0	25654.0	44351.0	24726.0	67335.0	27204.0	2487.0	45353.0	118.0	29181.0	73504.0	22972.0	140.0	58314.0	48583.0	21562.0	83.0	40747.0	6.0	66125.0	140.0	44815.0	1120.0
QinN_2014__LD-51__bin.65	27118.0	21688.0	42918.0	31529.0	53492.0	31833.0	26215.0	50317.0	40918.0	62498.0	29579.0	38457.0	29875.0	47489.0	47686.0	47723.0	0.0	26416.0	23253.0	38836.0	38957.0	65552.0	25760.0	37454.0	41260.0	24653.0	25598.0	68643.0	19746.0	21750.0	53694.0	12099.0	18558.0	24284.0	38687.0	21628.0	68331.0	32645.0	12597.0	28869.0
OlmMR_2017__S2_005_024G1__bin.10	15264.0	341.0	25875.0	18201.0	30490.0	9296.0	44.0	28354.0	153.0	36791.0	12724.0	24809.0	14636.0	28572.0	149.0	28.0	26416.0	0.0	15745.0	24131.0	16067.0	38014.0	16732.0	1517.0	25121.0	40.0	8539.0	41061.0	21917.0	293.0	33654.0	27066.0	15253.0	304.0	22986.0	283.0	35925.0	294.0	25676.0	719.0
FerrettiP_2018__CA_C10034IS2591FE_t3M15__bin.11	22693.0	9962.0	22104.0	18905.0	31805.0	20581.0	15763.0	26023.0	23258.0	34644.0	14160.0	15829.0	20147.0	25080.0	25603.0	25654.0	23253.0	15745.0	0.0	22585.0	24093.0	44995.0	17622.0	21183.0	6854.0	11015.0	8778.0	38576.0	13515.0	9942.0	34601.0	23142.0	13164.0	10831.0	21692.0	9937.0	40513.0	15390.0	22629.0	17240.0
ZellerG_2014__CCIS59903910ST-4-0__bin.5	25247.0	20588.0	32146.0	29540.0	51510.0	29385.0	24108.0	44930.0	37884.0	60583.0	24299.0	37353.0	27841.0	42958.0	44382.0	44351.0	38836.0	24131.0	22585.0	0.0	37434.0	63995.0	23893.0	34874.0	37597.0	22936.0	24940.0	65407.0	18802.0	21139.0	52952.0	40640.0	15146.0	23005.0	35738.0	20610.0	64306.0	30551.0	37612.0	27793.0
FerrettiP_2018__CA_C10002IS2023FE_t2M15__bin.8	25699.0	8803.0	37665.0	28828.0	49640.0	15035.0	15978.0	40444.0	20174.0	55465.0	27694.0	36716.0	24184.0	41081.0	24793.0	24726.0	38957.0	16067.0	24093.0	37434.0	0.0	61746.0	24800.0	20323.0	36320.0	10380.0	23717.0	60213.0	20578.0	8863.0	52077.0	39194.0	19674.0	11176.0	34143.0	8825.0	57483.0	15641.0	38073.0	15973.0
BackhedF_2015__SID544_4M__bin.1	19849.0	29533.0	65757.0	50459.0	59471.0	53402.0	38144.0	65867.0	61651.0	65257.0	44623.0	64927.0	47803.0	64803.0	67333.0	67335.0	65552.0	38014.0	44995.0	63995.0	61746.0	0.0	44133.0	51877.0	64589.0	33285.0	38707.0	69598.0	36135.0	29528.0	63016.0	66065.0	36037.0	32409.0	60199.0	29566.0	63700.0	43533.0	64052.0	42459.0
QinJ_2012__DLM010__bin.14	22260.0	10795.0	24748.0	19968.0	31682.0	21882.0	16683.0	27123.0	24473.0	34927.0	15491.0	23514.0	20840.0	27696.0	27255.0	27204.0	25760.0	16732.0	17622.0	23893.0	24800.0	44133.0	0.0	22677.0	22722.0	12304.0	13242.0	38692.0	14771.0	10752.0	34198.0	25484.0	14091.0	11813.0	23413.0	10789.0	39976.0	17054.0	25299.0	17727.0
OlmMR_2017__S2_005_019G1__bin.4	19458.0	1289.0	36535.0	25712.0	45117.0	12463.0	1435.0	39564.0	2457.0	52974.0	24256.0	35156.0	20140.0	39460.0	2472.0	2487.0	37454.0	1517.0	21183.0	34874.0	20323.0	51877.0	22677.0	0.0	36290.0	1376.0	20337.0	57914.0	22137.0	1261.0	45887.0	38201.0	18387.0	1467.0	32099.0	1273.0	50824.0	2007.0	35847.0	2462.0
BackhedF_2015__SID608_B__bin.4	26259.0	20524.0	40109.0	28080.0	55636.0	29020.0	25080.0	47776.0	39623.0	64636.0	28561.0	29320.0	28003.0	45098.0	45314.0	45353.0	41260.0	25121.0	6854.0	37597.0	36320.0	64589.0	22722.0	36290.0	0.0	23434.0	17264.0	69686.0	20208.0	20673.0	56522.0	41874.0	17872.0	23304.0	34178.0	20538.0	67228.0	30897.0	38216.0	27895.0
OlmMR_2017__S2_005_026G1__bin.1	11590.0	131.0	24468.0	17281.0	31307.0	6759.0	81.0	25556.0	112.0	34810.0	24552.0	23889.0	12011.0	24051.0	159.0	118.0	24653.0	40.0	11015.0	22936.0	10380.0	33285.0	12304.0	1376.0	23434.0	0.0	23869.0	37449.0	3519.0	108.0	29030.0	25353.0	7907.0	154.0	20560.0	111.0	34419.0	176.0	22706.0	692.0
GeversD_2014__SKBSTL036__bin.45	13894.0	20870.0	25497.0	18341.0	34559.0	16170.0	8404.0	29756.0	23425.0	39276.0	26148.0	13473.0	17041.0	29080.0	29102.0	29181.0	25598.0	8539.0	8778.0	24940.0	23717.0	38707.0	13242.0	20337.0	17264.0	23869.0	0.0	42815.0	5961.0	21380.0	33201.0	25627.0	8718.0	23749.0	21769.0	20955.0	40860.0	28903.0	23738.0	14376.0
QinN_2014__LD-85__bin.60	27420.0	32682.0	70275.0	49504.0	13114.0	49064.0	40943.0	70447.0	67311.0	17882.0	50488.0	66409.0	41772.0	69656.0	73572.0	73504.0	68643.0	41061.0	38576.0	65407.0	60213.0	69598.0	38692.0	57914.0	69686.0	37449.0	42815.0	0.0	35181.0	32713.0	13941.0	69944.0	31959.0	35916.0	60342.0	32678.0	75705.0	49221.0	62964.0	44392.0
HeQ_2017__RSZAXPI003097-131__bin.33	14957.0	1526.0	19303.0	16287.0	27181.0	16545.0	21825.0	23759.0	23168.0	33246.0	8889.0	19747.0	15359.0	24400.0	23111.0	22972.0	19746.0	21917.0	13515.0	18802.0	20578.0	36135.0	14771.0	22137.0	20208.0	3519.0	5961.0	35181.0	0.0	1513.0	30166.0	19829.0	11851.0	2278.0	19979.0	1500.0	34469.0	8701.0	19187.0	18043.0
OlmMR_2017__S2_005_022G1__bin.11	10358.0	184.0	21636.0	14970.0	27358.0	6213.0	311.0	22384.0	265.0	30352.0	21648.0	20583.0	11064.0	21026.0	150.0	140.0	21750.0	293.0	9942.0	21139.0	8863.0	29528.0	10752.0	1261.0	20673.0	108.0	21380.0	32713.0	1513.0	0.0	25044.0	22222.0	6485.0	86.0	17951.0	116.0	30454.0	114.0	19714.0	794.0
CM_madagascar__A04_01_1FE__bin.3	25413.0	25046.0	55993.0	41845.0	10860.0	42958.0	33487.0	55965.0	55117.0	13755.0	38880.0	54450.0	37235.0	55822.0	58460.0	58314.0	53694.0	33654.0	34601.0	52952.0	52077.0	63016.0	34198.0	45887.0	56522.0	29030.0	33201.0	13941.0	30166.0	25044.0	0.0	54194.0	28910.0	27876.0	50979.0	25125.0	65145.0	38833.0	51868.0	36149.0
QinN_2014__LD-28__bin.14	27515.0	22099.0	44518.0	32119.0	54502.0	31590.0	26867.0	51373.0	41775.0	63954.0	31331.0	39351.0	30086.0	49210.0	48604.0	48583.0	12099.0	27066.0	23142.0	40640.0	39194.0	66065.0	25484.0	38201.0	41874.0	25353.0	25627.0	69944.0	19829.0	22222.0	54194.0	0.0	19316.0	24878.0	39146.0	22125.0	67885.0	33296.0	12420.0	29078.0
FengQ_2015__SID530451__bin.19	16823.0	6556.0	13949.0	14845.0	26438.0	16299.0	15190.0	21398.0	20380.0	29844.0	8021.0	17708.0	16298.0	21624.0	21605.0	21562.0	18558.0	15253.0	13164.0	15146.0	19674.0	36037.0	14091.0	18387.0	17872.0	7907.0	8718.0	31959.0	11851.0	6485.0	28910.0	19316.0	0.0	7770.0	18011.0	6543.0	32377.0	11739.0	18792.0	15313.0
OlmMR_2017__S2_005_018G1__bin.5	11182.0	120.0	24115.0	16825.0	30193.0	7430.0	312.0	25752.0	279.0	33411.0	24597.0	23590.0	11828.0	24140.0	120.0	83.0	24284.0	304.0	10831.0	23005.0	11176.0	32409.0	11813.0	1467.0	23304.0	154.0	23749.0	35916.0	2278.0	86.0	27876.0	24878.0	7770.0	0.0	20245.0	72.0	33613.0	182.0	22087.0	897.0
FerrettiP_2018__CA_C10019IS2329FE_t4M15__bin.4	24933.0	17965.0	36058.0	166.0	47959.0	28035.0	23014.0	42056.0	35501.0	55822.0	26147.0	35130.0	26417.0	39606.0	40688.0	40747.0	38687.0	22986.0	21692.0	35738.0	34143.0	60199.0	23413.0	32099.0	34178.0	20560.0	21769.0	60342.0	19979.0	17951.0	50979.0	39146.0	18011.0	20245.0	0.0	17958.0	60054.0	27621.0	37183.0	25152.0
OlmMR_2017__S2_005_024G1__bin.3	10358.0	28.0	21624.0	14937.0	27357.0	6222.0	323.0	22364.0	336.0	30331.0	21651.0	20861.0	10904.0	21027.0	48.0	6.0	21628.0	283.0	9937.0	20610.0	8825.0	29566.0	10789.0	1273.0	20538.0	111.0	20955.0	32678.0	1500.0	116.0	25125.0	22125.0	6543.0	72.0	17958.0	0.0	30495.0	71.0	19741.0	782.0
VatanenT_2016__G80587__bin.4	27185.0	30491.0	68026.0	50199.0	61621.0	49513.0	35989.0	66727.0	58730.0	69639.0	46213.0	64447.0	42295.0	65421.0	66109.0	66125.0	68331.0	35925.0	40513.0	64306.0	57483.0	63700.0	39976.0	50824.0	67228.0	34419.0	40860.0	75705.0	34469.0	30454.0	65145.0	67885.0	32377.0	33613.0	60054.0	30495.0	0.0	43948.0	65196.0	40809.0
OlmMR_2017__S2_005_021G1__bin.6	15486.0	95.0	32533.0	23233.0	40199.0	10557.0	319.0	34234.0	350.0	46079.0	33035.0	31814.0	16303.0	32799.0	174.0	140.0	32645.0	294.0	15390.0	30551.0	15641.0	43533.0	17054.0	2007.0	30897.0	176.0	28903.0	49221.0	8701.0	114.0	38833.0	33296.0	11739.0	182.0	27621.0	71.0	43948.0	0.0	29885.0	1098.0
BackhedF_2015__SID180_B__bin.11	26345.0	19783.0	38946.0	30532.0	49811.0	30972.0	25511.0	46757.0	39475.0	58525.0	28604.0	35991.0	28833.0	44840.0	45003.0	44815.0	12597.0	25676.0	22629.0	37612.0	38073.0	64052.0	25299.0	35847.0	38216.0	22706.0	23738.0	62964.0	19187.0	19714.0	51868.0	12420.0	18792.0	22087.0	37183.0	19741.0	65196.0	29885.0	0.0	27579.0
OlmMR_2017__S2_005_020G1__bin.10	16728.0	812.0	28151.0	19974.0	34573.0	9910.0	677.0	30914.0	949.0	40255.0	18085.0	27373.0	16044.0	30538.0	1209.0	1120.0	28869.0	719.0	17240.0	27793.0	15973.0	42459.0	17727.0	2462.0	27895.0	692.0	14376.0	44392.0	18043.0	794.0	36149.0	29078.0	15313.0	897.0	25152.0	782.0	40809.0	1098.0	27579.0	0.0
