	HMP_2012__SRS022071__bin.72	KarlssonFH_2013__S278__bin.14	RaymondF_2016__P1E0__bin.43	NielsenHB_2014__O2_UC31_0__bin.13	NielsenHB_2014__O2_UC40_2__bin.1	ZeeviD_2015__PNP_Main_223__bin.14	RampelliS_2015__H16__bin.44	RampelliS_2015__H15__bin.1	VogtmannE_2016__MMRS77487595ST-27-0-0__bin.22	ZeeviD_2015__PNP_Main_282__bin.34	NielsenHB_2014__V1_CD38_0__bin.62	XieH_2016__YSZC12003_37583__bin.3	LiJ_2014__O2.UC31-1__bin.33	RampelliS_2015__H27__bin.20	NielsenHB_2014__O2_UC44_0__bin.31	XieH_2016__YSZC12003_36526__bin.4	ZeeviD_2015__PNP_Validation_93__bin.16	XieH_2016__YSZC12003_37196__bin.19	CosteaPI_2017__SID713A005-11-90-0__bin.64	LeChatelierE_2013__MH0430__bin.89	VogtmannE_2016__MMRS94549160ST-27-0-0__bin.59	LeChatelierE_2013__MH0457__bin.85	Bengtsson-PalmeJ_2015__TRAVELRES11__bin.101	NielsenHB_2014__MH0069__bin.2	ZeeviD_2015__PNP_Main_643__bin.24	ZeeviD_2015__PNP_Main_756__bin.41	RaymondF_2016__P1E7__bin.24	ZeeviD_2015__PNP_Main_116__bin.30	ZeeviD_2015__PNP_Main_744__bin.5	CosteaPI_2017__SID713B040-11-90-0__bin.59	XieH_2016__YSZC12003_35561__bin.37	LeChatelierE_2013__MH0069__bin.18	ZellerG_2014__CCIS00146684ST-4-0__bin.38	XieH_2016__YSZC12003_35550__bin.17	LeChatelierE_2013__MH0126__bin.18	LiJ_2014__V1.FI14__bin.49	CosteaPI_2017__SID713B063-11-0-0__bin.59	QinN_2014__HD-18__bin.24	XieH_2016__YSZC12003_35698__bin.46	XieH_2016__YSZC12003_37181R1__bin.36	LiJ_2014__O2.UC40-1__bin.33	CosteaPI_2017__SID713A087-11-0-0__bin.41
HMP_2012__SRS022071__bin.72	0.0	10047.0	22747.0	14252.0	24237.0	19982.0	18131.0	22969.0	13722.0	15470.0	25539.0	13838.0	8704.0	18823.0	28795.0	28068.0	13782.0	27299.0	25607.0	12141.0	13782.0	20094.0	19217.0	16993.0	16252.0	10604.0	22851.0	18237.0	12487.0	14596.0	12520.0	18877.0	11831.0	21678.0	22197.0	13798.0	11612.0	29315.0	24869.0	23525.0	18947.0	27194.0
KarlssonFH_2013__S278__bin.14	10047.0	0.0	19951.0	7645.0	21334.0	18530.0	17160.0	19632.0	7288.0	15209.0	23053.0	12381.0	5644.0	17351.0	24214.0	23990.0	7085.0	24084.0	22457.0	10807.0	14869.0	18080.0	16709.0	16137.0	15911.0	9658.0	20129.0	18039.0	6348.0	12198.0	10355.0	17899.0	5665.0	18790.0	18900.0	7224.0	12095.0	25479.0	20939.0	21384.0	16290.0	23954.0
RaymondF_2016__P1E0__bin.43	22747.0	19951.0	0.0	29342.0	22099.0	28540.0	24283.0	29306.0	29629.0	22388.0	3903.0	17514.0	18485.0	26207.0	27275.0	26968.0	28766.0	26473.0	23137.0	12932.0	30639.0	4389.0	18235.0	24936.0	24021.0	19960.0	1480.0	25979.0	27323.0	1325.0	15682.0	27045.0	23869.0	22617.0	19930.0	28568.0	24839.0	27088.0	21350.0	22256.0	15462.0	24889.0
NielsenHB_2014__O2_UC31_0__bin.13	14252.0	7645.0	29342.0	0.0	31568.0	28034.0	23936.0	29101.0	6762.0	21459.0	34651.0	20227.0	274.0	24007.0	38845.0	37941.0	3395.0	38057.0	33702.0	17235.0	22533.0	25796.0	25394.0	23137.0	22695.0	14056.0	29634.0	25479.0	5235.0	19032.0	16807.0	26119.0	5442.0	28918.0	28328.0	7036.0	16802.0	39576.0	34182.0	32148.0	26188.0	35965.0
NielsenHB_2014__O2_UC40_2__bin.1	24237.0	21334.0	22099.0	31568.0	0.0	28925.0	23726.0	27856.0	31856.0	22748.0	26251.0	18369.0	17461.0	25191.0	15386.0	15471.0	31890.0	15479.0	5412.0	8041.0	33672.0	19633.0	10536.0	25995.0	23749.0	21422.0	22890.0	26896.0	29787.0	12588.0	16888.0	27856.0	25974.0	12913.0	13003.0	31040.0	24866.0	5754.0	11643.0	5517.0	1410.0	5393.0
ZeeviD_2015__PNP_Main_223__bin.14	19982.0	18530.0	28540.0	28034.0	28925.0	0.0	25615.0	31585.0	28065.0	1729.0	33578.0	12381.0	15919.0	26706.0	36302.0	35000.0	26622.0	35298.0	30152.0	16453.0	29064.0	24864.0	23007.0	2928.0	2706.0	17711.0	29059.0	290.0	25608.0	17945.0	9093.0	3322.0	23110.0	27309.0	25928.0	26552.0	20618.0	35820.0	30978.0	28730.0	23159.0	32867.0
RampelliS_2015__H16__bin.44	18131.0	17160.0	24283.0	23936.0	23726.0	25615.0	0.0	18443.0	23981.0	19755.0	28879.0	18773.0	13156.0	15552.0	27719.0	27732.0	23502.0	27056.0	23535.0	10208.0	23755.0	22725.0	18817.0	22565.0	20808.0	15406.0	24510.0	24521.0	22030.0	17488.0	16678.0	24909.0	19530.0	21230.0	22882.0	23659.0	18199.0	27789.0	25981.0	22487.0	21040.0	25533.0
RampelliS_2015__H15__bin.1	22969.0	19632.0	29306.0	29101.0	27856.0	31585.0	18443.0	0.0	29177.0	24328.0	35483.0	21558.0	17038.0	20084.0	33143.0	32118.0	28166.0	32582.0	27872.0	13505.0	31123.0	26860.0	21159.0	26459.0	25065.0	18844.0	29459.0	28974.0	27160.0	19949.0	19634.0	30076.0	23554.0	25524.0	26186.0	27248.0	23785.0	33143.0	28758.0	26854.0	22270.0	29373.0
VogtmannE_2016__MMRS77487595ST-27-0-0__bin.22	13722.0	7288.0	29629.0	6762.0	31856.0	28065.0	23981.0	29177.0	0.0	21778.0	35382.0	21924.0	4816.0	24026.0	37889.0	37256.0	6098.0	37145.0	33313.0	16002.0	21730.0	26028.0	25558.0	24145.0	23349.0	13556.0	30040.0	25826.0	4503.0	19950.0	18206.0	26531.0	4679.0	28894.0	29028.0	4573.0	16377.0	39115.0	33589.0	31785.0	26250.0	35597.0
ZeeviD_2015__PNP_Main_282__bin.34	15470.0	15209.0	22388.0	21459.0	22748.0	1729.0	19755.0	24328.0	21778.0	0.0	25916.0	8335.0	13810.0	21504.0	26915.0	26349.0	21106.0	26793.0	23266.0	12836.0	22169.0	19749.0	17912.0	2494.0	2036.0	14496.0	22711.0	1403.0	20146.0	12356.0	6542.0	2510.0	18260.0	21412.0	20024.0	21355.0	15945.0	26976.0	22183.0	22056.0	15800.0	24751.0
NielsenHB_2014__V1_CD38_0__bin.62	25539.0	23053.0	3903.0	34651.0	26251.0	33578.0	28879.0	35483.0	35382.0	25916.0	0.0	21225.0	20136.0	30255.0	32201.0	31686.0	33571.0	32290.0	27007.0	15222.0	37070.0	4121.0	21471.0	28270.0	27957.0	21793.0	4414.0	30194.0	32330.0	1486.0	20180.0	31930.0	27651.0	26156.0	24662.0	33653.0	26510.0	31094.0	25953.0	25640.0	18962.0	29200.0
XieH_2016__YSZC12003_37583__bin.3	13838.0	12381.0	17514.0	20227.0	18369.0	12381.0	18773.0	21558.0	21924.0	8335.0	21225.0	0.0	7973.0	17469.0	22037.0	21518.0	20050.0	21916.0	18355.0	3288.0	20428.0	15161.0	12778.0	10465.0	9779.0	11418.0	17889.0	10311.0	19297.0	16894.0	9158.0	11144.0	16103.0	16710.0	16491.0	20137.0	14433.0	21805.0	22526.0	17979.0	20735.0	19231.0
LiJ_2014__O2.UC31-1__bin.33	8704.0	5644.0	18485.0	274.0	17461.0	15919.0	13156.0	17038.0	4816.0	13810.0	20136.0	7973.0	0.0	16090.0	22890.0	22501.0	2304.0	22512.0	20048.0	16296.0	14725.0	14991.0	15870.0	13591.0	14838.0	10056.0	18277.0	15083.0	3756.0	4756.0	4920.0	15037.0	3904.0	18574.0	15705.0	5021.0	11284.0	23394.0	17296.0	18743.0	9907.0	21918.0
RampelliS_2015__H27__bin.20	18823.0	17351.0	26207.0	24007.0	25191.0	26706.0	15552.0	20084.0	24026.0	21504.0	30255.0	17469.0	16090.0	0.0	29534.0	29308.0	23920.0	28975.0	25926.0	13716.0	24915.0	23092.0	19833.0	23077.0	22133.0	16509.0	26764.0	24700.0	22771.0	15576.0	15060.0	24954.0	19973.0	24052.0	23380.0	23760.0	20737.0	29576.0	25175.0	24816.0	18507.0	27707.0
NielsenHB_2014__O2_UC44_0__bin.31	28795.0	24214.0	27275.0	38845.0	15386.0	36302.0	27719.0	33143.0	37889.0	26915.0	32201.0	22037.0	22890.0	29534.0	0.0	2876.0	37320.0	3093.0	15283.0	6397.0	42412.0	23421.0	1888.0	29549.0	29563.0	25399.0	27243.0	33029.0	35175.0	14810.0	19742.0	33444.0	30322.0	3881.0	9722.0	37033.0	31576.0	17138.0	1028.0	14288.0	9549.0	15640.0
XieH_2016__YSZC12003_36526__bin.4	28068.0	23990.0	26968.0	37941.0	15471.0	35000.0	27732.0	32118.0	37256.0	26349.0	31686.0	21518.0	22501.0	29308.0	2876.0	0.0	36489.0	3868.0	15623.0	6238.0	40936.0	23947.0	2043.0	29343.0	28474.0	24891.0	27223.0	32954.0	35163.0	14794.0	18754.0	32887.0	30907.0	3964.0	9989.0	36723.0	31230.0	17312.0	1947.0	14697.0	9903.0	15822.0
ZeeviD_2015__PNP_Validation_93__bin.16	13782.0	7085.0	28766.0	3395.0	31890.0	26622.0	23502.0	28166.0	6098.0	21106.0	33571.0	20050.0	2304.0	23920.0	37320.0	36489.0	0.0	36522.0	32951.0	15686.0	20940.0	25327.0	24625.0	22853.0	22160.0	13227.0	29195.0	24652.0	4498.0	18992.0	16694.0	24919.0	4784.0	28533.0	28608.0	6028.0	15962.0	38647.0	32251.0	31002.0	25475.0	35172.0
XieH_2016__YSZC12003_37196__bin.19	27299.0	24084.0	26473.0	38057.0	15479.0	35298.0	27056.0	32582.0	37145.0	26793.0	32290.0	21916.0	22512.0	28975.0	3093.0	3868.0	36522.0	0.0	15163.0	6175.0	39893.0	23529.0	2212.0	29520.0	28908.0	24975.0	26693.0	32730.0	35011.0	15042.0	19461.0	33089.0	30721.0	4867.0	9755.0	36713.0	30513.0	16701.0	1627.0	14288.0	10011.0	15796.0
CosteaPI_2017__SID713A005-11-90-0__bin.64	25607.0	22457.0	23137.0	33702.0	5412.0	30152.0	23535.0	27872.0	33313.0	23266.0	27007.0	18355.0	20048.0	25926.0	15283.0	15623.0	32951.0	15163.0	0.0	8394.0	35548.0	20833.0	11330.0	26076.0	25536.0	23210.0	23501.0	28277.0	31158.0	12611.0	16227.0	28699.0	27267.0	12834.0	12585.0	32453.0	27408.0	1962.0	11609.0	2751.0	2809.0	3098.0
LeChatelierE_2013__MH0430__bin.89	12141.0	10807.0	12932.0	17235.0	8041.0	16453.0	10208.0	13505.0	16002.0	12836.0	15222.0	3288.0	16296.0	13716.0	6397.0	6238.0	15686.0	6175.0	8394.0	0.0	18617.0	11375.0	4811.0	13069.0	14592.0	13697.0	12913.0	14925.0	15132.0	675.0	1153.0	14296.0	14454.0	6273.0	2265.0	15650.0	14784.0	9034.0	3072.0	7589.0	1798.0	8780.0
VogtmannE_2016__MMRS94549160ST-27-0-0__bin.59	13782.0	14869.0	30639.0	22533.0	33672.0	29064.0	23755.0	31123.0	21730.0	22169.0	37070.0	20428.0	14725.0	24915.0	42412.0	40936.0	20940.0	39893.0	35548.0	18617.0	0.0	27009.0	25744.0	23387.0	22829.0	12874.0	30716.0	26134.0	19914.0	20347.0	17462.0	26608.0	18226.0	30720.0	30964.0	20953.0	12796.0	42686.0	36227.0	34096.0	27609.0	38218.0
LeChatelierE_2013__MH0457__bin.85	20094.0	18080.0	4389.0	25796.0	19633.0	24864.0	22725.0	26860.0	26028.0	19749.0	4121.0	15161.0	14991.0	23092.0	23421.0	23947.0	25327.0	23529.0	20833.0	11375.0	27009.0	0.0	16389.0	21396.0	20846.0	17241.0	4809.0	23565.0	24092.0	1899.0	14187.0	23835.0	21457.0	19021.0	18734.0	25915.0	20337.0	23430.0	19172.0	19599.0	13771.0	22171.0
Bengtsson-PalmeJ_2015__TRAVELRES11__bin.101	19217.0	16709.0	18235.0	25394.0	10536.0	23007.0	18817.0	21159.0	25558.0	17912.0	21471.0	12778.0	15870.0	19833.0	1888.0	2043.0	24625.0	2212.0	11330.0	4811.0	25744.0	16389.0	0.0	20154.0	19953.0	18198.0	18147.0	21875.0	23971.0	8842.0	11720.0	22539.0	21423.0	3144.0	6850.0	25287.0	21138.0	11511.0	1393.0	9959.0	5720.0	11023.0
NielsenHB_2014__MH0069__bin.2	16993.0	16137.0	24936.0	23137.0	25995.0	2928.0	22565.0	26459.0	24145.0	2494.0	28270.0	10465.0	13591.0	23077.0	29549.0	29343.0	22853.0	29520.0	26076.0	13069.0	23387.0	21396.0	20154.0	0.0	3139.0	14656.0	24917.0	2669.0	21865.0	15280.0	8507.0	783.0	19885.0	23616.0	23064.0	23272.0	17579.0	30274.0	25438.0	24943.0	19280.0	27982.0
ZeeviD_2015__PNP_Main_643__bin.24	16252.0	15911.0	24021.0	22695.0	23749.0	2706.0	20808.0	25065.0	23349.0	2036.0	27957.0	9779.0	14838.0	22133.0	29563.0	28474.0	22160.0	28908.0	25536.0	14592.0	22829.0	20846.0	19953.0	3139.0	0.0	15373.0	24345.0	2281.0	21584.0	13425.0	8194.0	3238.0	20061.0	23376.0	21241.0	22499.0	17539.0	29202.0	24212.0	23617.0	17310.0	27632.0
ZeeviD_2015__PNP_Main_756__bin.41	10604.0	9658.0	19960.0	14056.0	21422.0	17711.0	15406.0	18844.0	13556.0	14496.0	21793.0	11418.0	10056.0	16509.0	25399.0	24891.0	13227.0	24975.0	23210.0	13697.0	12874.0	17241.0	18198.0	14656.0	15373.0	0.0	19968.0	16023.0	13174.0	10022.0	8816.0	16061.0	12655.0	20198.0	19701.0	13683.0	10454.0	26226.0	20856.0	21956.0	14722.0	24907.0
RaymondF_2016__P1E7__bin.24	22851.0	20129.0	1480.0	29634.0	22890.0	29059.0	24510.0	29459.0	30040.0	22711.0	4414.0	17889.0	18277.0	26764.0	27243.0	27223.0	29195.0	26693.0	23501.0	12913.0	30716.0	4809.0	18147.0	24917.0	24345.0	19968.0	0.0	26838.0	27673.0	1691.0	16124.0	27257.0	24714.0	22726.0	20095.0	28995.0	24385.0	27405.0	21347.0	22321.0	15846.0	24852.0
ZeeviD_2015__PNP_Main_116__bin.30	18237.0	18039.0	25979.0	25479.0	26896.0	290.0	24521.0	28974.0	25826.0	1403.0	30194.0	10311.0	15083.0	24700.0	33029.0	32954.0	24652.0	32730.0	28277.0	14925.0	26134.0	23565.0	21875.0	2669.0	2281.0	16023.0	26838.0	0.0	23846.0	16458.0	7873.0	3183.0	21027.0	25465.0	24861.0	25534.0	19427.0	33003.0	28215.0	27359.0	21162.0	30517.0
ZeeviD_2015__PNP_Main_744__bin.5	12487.0	6348.0	27323.0	5235.0	29787.0	25608.0	22030.0	27160.0	4503.0	20146.0	32330.0	19297.0	3756.0	22771.0	35175.0	35163.0	4498.0	35011.0	31158.0	15132.0	19914.0	24092.0	23971.0	21865.0	21584.0	13174.0	27673.0	23846.0	0.0	17868.0	16184.0	24629.0	2284.0	26884.0	26807.0	4662.0	15796.0	36818.0	30778.0	30080.0	23675.0	33966.0
CosteaPI_2017__SID713B040-11-90-0__bin.59	14596.0	12198.0	1325.0	19032.0	12588.0	17945.0	17488.0	19949.0	19950.0	12356.0	1486.0	16894.0	4756.0	15576.0	14810.0	14794.0	18992.0	15042.0	12611.0	675.0	20347.0	1899.0	8842.0	15280.0	13425.0	10022.0	1691.0	16458.0	17868.0	0.0	17679.0	17440.0	13992.0	10764.0	12241.0	19111.0	13886.0	14294.0	15485.0	12076.0	15167.0	13301.0
XieH_2016__YSZC12003_35561__bin.37	12520.0	10355.0	15682.0	16807.0	16888.0	9093.0	16678.0	19634.0	18206.0	6542.0	20180.0	9158.0	4920.0	15060.0	19742.0	18754.0	16694.0	19461.0	16227.0	1153.0	17462.0	14187.0	11720.0	8507.0	8194.0	8816.0	16124.0	7873.0	16184.0	17679.0	0.0	8842.0	13169.0	14457.0	14581.0	16813.0	11952.0	19286.0	20033.0	15993.0	19156.0	17585.0
LeChatelierE_2013__MH0069__bin.18	18877.0	17899.0	27045.0	26119.0	27856.0	3322.0	24909.0	30076.0	26531.0	2510.0	31930.0	11144.0	15037.0	24954.0	33444.0	32887.0	24919.0	33089.0	28699.0	14296.0	26608.0	23835.0	22539.0	783.0	3238.0	16061.0	27257.0	3183.0	24629.0	17440.0	8842.0	0.0	22146.0	26004.0	25154.0	25592.0	19284.0	33195.0	28951.0	27184.0	22022.0	31301.0
ZellerG_2014__CCIS00146684ST-4-0__bin.38	11831.0	5665.0	23869.0	5442.0	25974.0	23110.0	19530.0	23554.0	4679.0	18260.0	27651.0	16103.0	3904.0	19973.0	30322.0	30907.0	4784.0	30721.0	27267.0	14454.0	18226.0	21457.0	21423.0	19885.0	20061.0	12655.0	24714.0	21027.0	2284.0	13992.0	13169.0	22146.0	0.0	23257.0	23943.0	4909.0	14398.0	31677.0	26625.0	26053.0	19912.0	29152.0
XieH_2016__YSZC12003_35550__bin.17	21678.0	18790.0	22617.0	28918.0	12913.0	27309.0	21230.0	25524.0	28894.0	21412.0	26156.0	16710.0	18574.0	24052.0	3881.0	3964.0	28533.0	4867.0	12834.0	6273.0	30720.0	19021.0	3144.0	23616.0	23376.0	20198.0	22726.0	25465.0	26884.0	10764.0	14457.0	26004.0	23257.0	0.0	8678.0	28161.0	23947.0	13995.0	2426.0	12327.0	7349.0	13045.0
LeChatelierE_2013__MH0126__bin.18	22197.0	18900.0	19930.0	28328.0	13003.0	25928.0	22882.0	26186.0	29028.0	20024.0	24662.0	16491.0	15705.0	23380.0	9722.0	9989.0	28608.0	9755.0	12585.0	2265.0	30964.0	18734.0	6850.0	23064.0	21241.0	19701.0	20095.0	24861.0	26807.0	12241.0	14581.0	25154.0	23943.0	8678.0	0.0	28715.0	23445.0	13698.0	7496.0	11780.0	8993.0	13468.0
LiJ_2014__V1.FI14__bin.49	13798.0	7224.0	28568.0	7036.0	31040.0	26552.0	23659.0	27248.0	4573.0	21355.0	33653.0	20137.0	5021.0	23760.0	37033.0	36723.0	6028.0	36713.0	32453.0	15650.0	20953.0	25915.0	25287.0	23272.0	22499.0	13683.0	28995.0	25534.0	4662.0	19111.0	16813.0	25592.0	4909.0	28161.0	28715.0	0.0	16761.0	38007.0	32481.0	31555.0	25921.0	35063.0
CosteaPI_2017__SID713B063-11-0-0__bin.59	11612.0	12095.0	24839.0	16802.0	24866.0	20618.0	18199.0	23785.0	16377.0	15945.0	26510.0	14433.0	11284.0	20737.0	31576.0	31230.0	15962.0	30513.0	27408.0	14784.0	12796.0	20337.0	21138.0	17579.0	17539.0	10454.0	24385.0	19427.0	15796.0	13886.0	11952.0	19284.0	14398.0	23947.0	23445.0	16761.0	0.0	32302.0	26096.0	26978.0	19510.0	30740.0
QinN_2014__HD-18__bin.24	29315.0	25479.0	27088.0	39576.0	5754.0	35820.0	27789.0	33143.0	39115.0	26976.0	31094.0	21805.0	23394.0	29576.0	17138.0	17312.0	38647.0	16701.0	1962.0	9034.0	42686.0	23430.0	11511.0	30274.0	29202.0	26226.0	27405.0	33003.0	36818.0	14294.0	19286.0	33195.0	31677.0	13995.0	13698.0	38007.0	32302.0	0.0	12290.0	2103.0	2047.0	2382.0
XieH_2016__YSZC12003_35698__bin.46	24869.0	20939.0	21350.0	34182.0	11643.0	30978.0	25981.0	28758.0	33589.0	22183.0	25953.0	22526.0	17296.0	25175.0	1028.0	1947.0	32251.0	1627.0	11609.0	3072.0	36227.0	19172.0	1393.0	25438.0	24212.0	20856.0	21347.0	28215.0	30778.0	15485.0	20033.0	28951.0	26625.0	2426.0	7496.0	32481.0	26096.0	12290.0	0.0	11199.0	9868.0	12029.0
XieH_2016__YSZC12003_37181R1__bin.36	23525.0	21384.0	22256.0	32148.0	5517.0	28730.0	22487.0	26854.0	31785.0	22056.0	25640.0	17979.0	18743.0	24816.0	14288.0	14697.0	31002.0	14288.0	2751.0	7589.0	34096.0	19599.0	9959.0	24943.0	23617.0	21956.0	22321.0	27359.0	30080.0	12076.0	15993.0	27184.0	26053.0	12327.0	11780.0	31555.0	26978.0	2103.0	11199.0	0.0	2881.0	3322.0
LiJ_2014__O2.UC40-1__bin.33	18947.0	16290.0	15462.0	26188.0	1410.0	23159.0	21040.0	22270.0	26250.0	15800.0	18962.0	20735.0	9907.0	18507.0	9549.0	9903.0	25475.0	10011.0	2809.0	1798.0	27609.0	13771.0	5720.0	19280.0	17310.0	14722.0	15846.0	21162.0	23675.0	15167.0	19156.0	22022.0	19912.0	7349.0	8993.0	25921.0	19510.0	2047.0	9868.0	2881.0	0.0	2641.0
CosteaPI_2017__SID713A087-11-0-0__bin.41	27194.0	23954.0	24889.0	35965.0	5393.0	32867.0	25533.0	29373.0	35597.0	24751.0	29200.0	19231.0	21918.0	27707.0	15640.0	15822.0	35172.0	15796.0	3098.0	8780.0	38218.0	22171.0	11023.0	27982.0	27632.0	24907.0	24852.0	30517.0	33966.0	13301.0	17585.0	31301.0	29152.0	13045.0	13468.0	35063.0	30740.0	2382.0	12029.0	3322.0	2641.0	0.0
