	ZeeviD_2015__PNP_DietIntervention_8__bin.59	ZeeviD_2015__PNP_Main_740__bin.7	LiuW_2016__SRR3992977__bin.5	BritoIL_2016__W3.23.ST__bin.37	CM_madagascar__V31_01_2FE__bin.4	BritoIL_2016__M2.11.ST__bin.54	CM_madagascar__A09_02_1FE__bin.52	BritoIL_2016__WL.33.ST__bin.20	BackhedF_2015__SID377_M__bin.20	CM_madagascar__A93_01_1FE__bin.13	CosteaPI_2017__SID713B033-11-90-0__bin.37	CM_madagascar__A83_02_1FE__bin.23	SchirmerM_2016__G89002__bin.6	CM_madagascar__A92_01_1FE__bin.11	FengQ_2015__SID530026__bin.77	LiSS_2016__FAT_012-22-84-0__bin.14	LiuW_2016__SRR3993030__bin.34	CM_madagascar__V30_01_1FE__bin.15	CM_madagascar__A95_01_1FE__bin.37	FengQ_2015__SID31449__bin.44	LiuW_2016__SRR3993011__bin.58	CM_madagascar__V18_02_1FE__bin.4	CM_madagascar__A39_04_1FE__bin.29	CM_madagascar__A36_01_1FE__bin.6	LiSS_2016__FAT_023-22-42-0__bin.7	CosteaPI_2017__SID713A078-11-0-0__bin.40	CM_madagascar__V40_01_1FE__bin.60	BritoIL_2016__M1.15.ST__bin.56	XieH_2016__YSZC12003_37210__bin.7	LiSS_2016__FAT_006-22-0-0__bin.79	ZellerG_2014__CCIS11362406ST-4-0__bin.21	LiuW_2016__SRR3993002__bin.18	CosteaPI_2017__SID713B074-11-0-0__bin.52	FengQ_2015__SID530450__bin.62	XieH_2016__YSZC12003_35515__bin.28	CM_madagascar__A13_01_1FE__bin.33	ZeeviD_2015__PNP_DietIntervention_28__bin.20	CM_madagascar__A90_03_1FE__bin.26	CM_madagascar__A28_02_1FE__bin.38	LiuW_2016__SRR3993015__bin.93	BackhedF_2015__SID503_M__bin.48	YuJ_2015__SZAXPI003411-6__bin.52	FengQ_2015__SID31477__bin.4	CosteaPI_2017__SID713B058-11-90-0__bin.16
ZeeviD_2015__PNP_DietIntervention_8__bin.59	0.0	25604.0	19750.0	42858.0	32430.0	40577.0	53499.0	52616.0	55122.0	50854.0	28636.0	54292.0	23508.0	52896.0	14219.0	25266.0	25797.0	41032.0	54987.0	17623.0	22072.0	41979.0	47462.0	52830.0	28037.0	27979.0	29869.0	37400.0	23965.0	51975.0	50273.0	21125.0	25185.0	27122.0	26573.0	38795.0	7543.0	54121.0	46525.0	21250.0	51804.0	50888.0	24076.0	26019.0
ZeeviD_2015__PNP_Main_740__bin.7	25604.0	0.0	23070.0	49478.0	38089.0	46341.0	62910.0	59154.0	65580.0	58049.0	34662.0	63715.0	25998.0	61295.0	16480.0	28440.0	31817.0	46308.0	63554.0	20231.0	25615.0	49068.0	55393.0	62405.0	34041.0	32902.0	33674.0	43530.0	27363.0	60350.0	57317.0	23618.0	28805.0	31753.0	30604.0	45618.0	23086.0	63771.0	53969.0	24366.0	60868.0	58776.0	28076.0	32118.0
LiuW_2016__SRR3992977__bin.5	19750.0	23070.0	0.0	33668.0	25875.0	32585.0	41885.0	39318.0	43995.0	39487.0	21946.0	42525.0	17907.0	41353.0	10667.0	21215.0	1572.0	32478.0	41876.0	13744.0	17327.0	33022.0	37133.0	41855.0	22709.0	21737.0	24774.0	30214.0	17770.0	40899.0	39527.0	16590.0	19072.0	20413.0	21271.0	31848.0	17640.0	41924.0	36907.0	12884.0	40915.0	39194.0	20160.0	21025.0
BritoIL_2016__W3.23.ST__bin.37	42858.0	49478.0	33668.0	0.0	21667.0	21635.0	33550.0	26515.0	41511.0	31672.0	49201.0	35641.0	44104.0	34228.0	26195.0	46802.0	46950.0	27186.0	35044.0	35215.0	37466.0	27156.0	30819.0	34787.0	51200.0	47294.0	19848.0	19754.0	42499.0	30485.0	32551.0	39385.0	44592.0	17931.0	50728.0	26719.0	37996.0	34628.0	31146.0	36377.0	37978.0	34769.0	42669.0	49608.0
CM_madagascar__V31_01_2FE__bin.4	32430.0	38089.0	25875.0	21667.0	0.0	21372.0	19185.0	26825.0	31425.0	18070.0	39651.0	20944.0	35641.0	19994.0	21962.0	36963.0	37579.0	15948.0	21511.0	28030.0	29239.0	16638.0	16939.0	20599.0	39377.0	37141.0	11693.0	20020.0	33595.0	27863.0	27794.0	31021.0	36145.0	16000.0	41229.0	15608.0	30475.0	20625.0	18969.0	27881.0	29415.0	28857.0	32792.0	39608.0
BritoIL_2016__M2.11.ST__bin.54	40577.0	46341.0	32585.0	21635.0	21372.0	0.0	33310.0	27729.0	41435.0	30317.0	45815.0	34641.0	42492.0	35170.0	25346.0	45658.0	44883.0	26595.0	33611.0	34540.0	35324.0	27067.0	31018.0	33769.0	47092.0	45855.0	19571.0	19630.0	41414.0	30876.0	29899.0	36267.0	43877.0	18752.0	47235.0	26428.0	37084.0	34364.0	30977.0	35060.0	37233.0	35592.0	41343.0	46467.0
CM_madagascar__A09_02_1FE__bin.52	53499.0	62910.0	41885.0	33550.0	19185.0	33310.0	0.0	42501.0	53408.0	28472.0	63915.0	34506.0	55406.0	34440.0	33027.0	61720.0	60198.0	26462.0	37650.0	42820.0	46709.0	27381.0	28987.0	35013.0	65927.0	62399.0	18673.0	30058.0	53191.0	44211.0	44419.0	47815.0	58667.0	24505.0	67840.0	26429.0	48382.0	34319.0	30376.0	44558.0	48239.0	44560.0	54869.0	63559.0
BritoIL_2016__WL.33.ST__bin.20	52616.0	59154.0	39318.0	26515.0	26825.0	27729.0	42501.0	0.0	53710.0	39878.0	60396.0	44612.0	53593.0	41980.0	31607.0	57613.0	57432.0	32948.0	44708.0	40245.0	44109.0	34459.0	40421.0	44938.0	63511.0	57694.0	23572.0	24652.0	50014.0	40336.0	41342.0	45022.0	55368.0	24130.0	62016.0	32515.0	46516.0	44255.0	37973.0	43019.0	48361.0	43514.0	51620.0	60131.0
BackhedF_2015__SID377_M__bin.20	55122.0	65580.0	43995.0	41511.0	31425.0	41435.0	53408.0	53710.0	0.0	48783.0	64422.0	54722.0	55951.0	51766.0	33865.0	62134.0	62338.0	40685.0	55018.0	44965.0	45626.0	42227.0	47251.0	54356.0	65744.0	62655.0	28574.0	37980.0	54392.0	55840.0	56110.0	49522.0	58271.0	31808.0	66121.0	39884.0	49756.0	54970.0	47923.0	46892.0	39980.0	51461.0	55545.0	64398.0
CM_madagascar__A93_01_1FE__bin.13	50854.0	58049.0	39487.0	31672.0	18070.0	30317.0	28472.0	39878.0	48783.0	0.0	58476.0	30841.0	51356.0	31238.0	30729.0	56543.0	56958.0	24060.0	33903.0	40559.0	44070.0	25135.0	26077.0	30871.0	61319.0	57130.0	16886.0	28352.0	50701.0	41920.0	41444.0	44256.0	54593.0	22854.0	60997.0	22492.0	44728.0	31028.0	28554.0	42462.0	44295.0	43288.0	51136.0	58268.0
CosteaPI_2017__SID713B033-11-90-0__bin.37	28636.0	34662.0	21946.0	49201.0	39651.0	45815.0	63915.0	60396.0	64422.0	58476.0	0.0	63581.0	27117.0	63072.0	17580.0	32111.0	31386.0	47382.0	64883.0	20734.0	26666.0	49862.0	56335.0	61902.0	34643.0	33484.0	34083.0	44617.0	27810.0	60793.0	59069.0	24657.0	29634.0	32440.0	33560.0	44865.0	25868.0	64596.0	54325.0	24465.0	61554.0	58963.0	29251.0	31182.0
CM_madagascar__A83_02_1FE__bin.23	54292.0	63715.0	42525.0	35641.0	20944.0	34641.0	34506.0	44612.0	54722.0	30841.0	63581.0	0.0	55249.0	36373.0	33820.0	61521.0	61422.0	27563.0	38510.0	44250.0	46334.0	29345.0	29674.0	36702.0	65848.0	62089.0	19640.0	31153.0	53626.0	46790.0	46630.0	49413.0	57767.0	24549.0	66278.0	28050.0	47692.0	34621.0	30992.0	44715.0	48469.0	47367.0	54867.0	64744.0
SchirmerM_2016__G89002__bin.6	23508.0	25998.0	17907.0	44104.0	35641.0	42492.0	55406.0	53593.0	55951.0	51356.0	27117.0	55249.0	0.0	54570.0	14527.0	25448.0	24417.0	42663.0	57823.0	16373.0	19604.0	43871.0	48540.0	54573.0	28284.0	26750.0	31127.0	39910.0	21484.0	52530.0	51896.0	20431.0	23550.0	29386.0	23075.0	39820.0	20876.0	55269.0	47740.0	18920.0	52953.0	51560.0	21288.0	25276.0
CM_madagascar__A92_01_1FE__bin.11	52896.0	61295.0	41353.0	34228.0	19994.0	35170.0	34440.0	41980.0	51766.0	31238.0	63072.0	36373.0	54570.0	0.0	33439.0	59773.0	59603.0	27261.0	36915.0	44926.0	45993.0	28434.0	30591.0	36110.0	63596.0	61971.0	19190.0	30810.0	52344.0	43288.0	45262.0	48114.0	57052.0	24603.0	64958.0	25261.0	47331.0	34351.0	23295.0	44916.0	48324.0	45871.0	54221.0	62126.0
FengQ_2015__SID530026__bin.77	14219.0	16480.0	10667.0	26195.0	21962.0	25346.0	33027.0	31607.0	33865.0	30729.0	17580.0	33820.0	14527.0	33439.0	0.0	16050.0	16035.0	26952.0	31967.0	13776.0	12800.0	27266.0	29101.0	32998.0	18227.0	15744.0	20281.0	23654.0	13304.0	31107.0	31019.0	11671.0	15839.0	23860.0	17180.0	25779.0	12831.0	33724.0	28598.0	12143.0	34176.0	31494.0	13668.0	15397.0
LiSS_2016__FAT_012-22-84-0__bin.14	25266.0	28440.0	21215.0	46802.0	36963.0	45658.0	61720.0	57613.0	62134.0	56543.0	32111.0	61521.0	25448.0	59773.0	16050.0	0.0	30454.0	45591.0	60698.0	19943.0	25194.0	47325.0	53084.0	58473.0	31232.0	29987.0	32700.0	41926.0	25928.0	59715.0	55868.0	23790.0	28460.0	31328.0	30211.0	44283.0	23042.0	60197.0	52292.0	22274.0	59006.0	56998.0	26582.0	30308.0
LiuW_2016__SRR3993030__bin.34	25797.0	31817.0	1572.0	46950.0	37579.0	44883.0	60198.0	57432.0	62338.0	56958.0	31386.0	61422.0	24417.0	59603.0	16035.0	30454.0	0.0	45674.0	61297.0	19732.0	21971.0	46646.0	53252.0	59693.0	32704.0	30464.0	33608.0	42279.0	24186.0	59442.0	56638.0	21408.0	27283.0	32273.0	29521.0	44084.0	23279.0	60278.0	52181.0	16560.0	58936.0	57814.0	26184.0	29657.0
CM_madagascar__V30_01_1FE__bin.15	41032.0	46308.0	32478.0	27186.0	15948.0	26595.0	26462.0	32948.0	40685.0	24060.0	47382.0	27563.0	42663.0	27261.0	26952.0	45591.0	45674.0	0.0	28113.0	34416.0	35030.0	22918.0	22791.0	27086.0	48304.0	45975.0	14902.0	22711.0	41018.0	33633.0	33197.0	36432.0	42934.0	17917.0	49065.0	22112.0	35711.0	26371.0	24151.0	35223.0	37701.0	36384.0	41560.0	47947.0
CM_madagascar__A95_01_1FE__bin.37	54987.0	63554.0	41876.0	35044.0	21511.0	33611.0	37650.0	44708.0	55018.0	33903.0	64883.0	38510.0	57823.0	36915.0	31967.0	60698.0	61297.0	28113.0	0.0	43683.0	46771.0	30315.0	32163.0	38707.0	67372.0	63005.0	20260.0	31125.0	52855.0	45478.0	48184.0	49181.0	58732.0	24819.0	67184.0	29476.0	48094.0	39253.0	32911.0	45111.0	50452.0	45781.0	56082.0	62276.0
FengQ_2015__SID31449__bin.44	17623.0	20231.0	13744.0	35215.0	28030.0	34540.0	42820.0	40245.0	44965.0	40559.0	20734.0	44250.0	16373.0	44926.0	13776.0	19943.0	19732.0	34416.0	43683.0	0.0	16018.0	35675.0	37993.0	42122.0	21015.0	20226.0	25544.0	30405.0	16517.0	41409.0	40564.0	14838.0	18100.0	29379.0	18835.0	33724.0	15763.0	42893.0	38675.0	15161.0	45128.0	42178.0	17568.0	19089.0
LiuW_2016__SRR3993011__bin.58	22072.0	25615.0	17327.0	37466.0	29239.0	35324.0	46709.0	44109.0	45626.0	44070.0	26666.0	46334.0	19604.0	45993.0	12800.0	25194.0	21971.0	35030.0	46771.0	16018.0	0.0	36082.0	40551.0	45802.0	26412.0	23881.0	25871.0	33813.0	21039.0	45370.0	43286.0	17540.0	23323.0	21701.0	23271.0	33572.0	21440.0	46787.0	40754.0	19591.0	42960.0	43621.0	21161.0	24174.0
CM_madagascar__V18_02_1FE__bin.4	41979.0	49068.0	33022.0	27156.0	16638.0	27067.0	27381.0	34459.0	42227.0	25135.0	49862.0	29345.0	43871.0	28434.0	27266.0	47325.0	46646.0	22918.0	30315.0	35675.0	36082.0	0.0	23552.0	26472.0	49981.0	46807.0	16128.0	24922.0	40803.0	34235.0	35748.0	37170.0	45363.0	19819.0	51461.0	22266.0	38267.0	25901.0	25495.0	34919.0	38023.0	37044.0	42510.0	49488.0
CM_madagascar__A39_04_1FE__bin.29	47462.0	55393.0	37133.0	30819.0	16939.0	31018.0	28987.0	40421.0	47251.0	26077.0	56335.0	29674.0	48540.0	30591.0	29101.0	53084.0	53252.0	22791.0	32163.0	37993.0	40551.0	23552.0	0.0	30641.0	57164.0	53835.0	16849.0	28496.0	46938.0	41259.0	40252.0	41127.0	50239.0	22557.0	58554.0	22839.0	42337.0	30033.0	28349.0	39432.0	42010.0	41767.0	48033.0	54788.0
CM_madagascar__A36_01_1FE__bin.6	52830.0	62405.0	41855.0	34787.0	20599.0	33769.0	35013.0	44938.0	54356.0	30871.0	61902.0	36702.0	54573.0	36110.0	32998.0	58473.0	59693.0	27086.0	38707.0	42122.0	45802.0	26472.0	30641.0	0.0	64956.0	62053.0	18005.0	31833.0	51877.0	46246.0	47178.0	47966.0	57434.0	25120.0	66379.0	26133.0	46892.0	24134.0	32874.0	43787.0	48347.0	47156.0	53183.0	62182.0
LiSS_2016__FAT_023-22-42-0__bin.7	28037.0	34041.0	22709.0	51200.0	39377.0	47092.0	65927.0	63511.0	65744.0	61319.0	34643.0	65848.0	28284.0	63596.0	18227.0	31232.0	32704.0	48304.0	67372.0	21015.0	26412.0	49981.0	57164.0	64956.0	0.0	33577.0	33697.0	44659.0	28167.0	63662.0	61540.0	25181.0	30240.0	33311.0	34018.0	46061.0	24794.0	66295.0	55103.0	24673.0	63014.0	61317.0	27945.0	31855.0
CosteaPI_2017__SID713A078-11-0-0__bin.40	27979.0	32902.0	21737.0	47294.0	37141.0	45855.0	62399.0	57694.0	62655.0	57130.0	33484.0	62089.0	26750.0	61971.0	15744.0	29987.0	30464.0	45975.0	63005.0	20226.0	23881.0	46807.0	53835.0	62053.0	33577.0	0.0	33298.0	43318.0	25981.0	59175.0	58695.0	23491.0	27195.0	31232.0	31719.0	43810.0	24021.0	63179.0	52634.0	22470.0	57908.0	56562.0	26727.0	30906.0
CM_madagascar__V40_01_1FE__bin.60	29869.0	33674.0	24774.0	19848.0	11693.0	19571.0	18673.0	23572.0	28574.0	16886.0	34083.0	19640.0	31127.0	19190.0	20281.0	32700.0	33608.0	14902.0	20260.0	25544.0	25871.0	16128.0	16849.0	18005.0	33697.0	33298.0	0.0	18080.0	29874.0	24719.0	24278.0	27112.0	32130.0	14394.0	35964.0	15750.0	26261.0	17406.0	18153.0	25751.0	27139.0	25326.0	30471.0	33989.0
BritoIL_2016__M1.15.ST__bin.56	37400.0	43530.0	30214.0	19754.0	20020.0	19630.0	30058.0	24652.0	37980.0	28352.0	44617.0	31153.0	39910.0	30810.0	23654.0	41926.0	42279.0	22711.0	31125.0	30405.0	33813.0	24922.0	28496.0	31833.0	44659.0	43318.0	18080.0	0.0	37725.0	28182.0	27926.0	36331.0	41122.0	16202.0	47203.0	25171.0	34303.0	31381.0	27680.0	32836.0	34768.0	32264.0	37431.0	43833.0
XieH_2016__YSZC12003_37210__bin.7	23965.0	27363.0	17770.0	42499.0	33595.0	41414.0	53191.0	50014.0	54392.0	50701.0	27810.0	53626.0	21484.0	52344.0	13304.0	25928.0	24186.0	41018.0	52855.0	16517.0	21039.0	40803.0	46938.0	51877.0	28167.0	25981.0	29874.0	37725.0	0.0	50781.0	49725.0	20190.0	23366.0	27802.0	24880.0	38779.0	20509.0	53079.0	45907.0	18909.0	49903.0	50717.0	22210.0	24818.0
LiSS_2016__FAT_006-22-0-0__bin.79	51975.0	60350.0	40899.0	30485.0	27863.0	30876.0	44211.0	40336.0	55840.0	41920.0	60793.0	46790.0	52530.0	43288.0	31107.0	59715.0	59442.0	33633.0	45478.0	41409.0	45370.0	34235.0	41259.0	46246.0	63662.0	59175.0	24719.0	28182.0	50781.0	0.0	40691.0	46667.0	54141.0	24173.0	63266.0	33587.0	46649.0	46594.0	39417.0	44289.0	49953.0	45519.0	52640.0	62273.0
ZellerG_2014__CCIS11362406ST-4-0__bin.21	50273.0	57317.0	39527.0	32551.0	27794.0	29899.0	44419.0	41342.0	56110.0	41444.0	59069.0	46630.0	51896.0	45262.0	31019.0	55868.0	56638.0	33197.0	48184.0	40564.0	43286.0	35748.0	40252.0	47178.0	61540.0	58695.0	24278.0	27926.0	49725.0	40691.0	0.0	44909.0	53734.0	21250.0	61302.0	33966.0	43683.0	46739.0	39240.0	42317.0	49746.0	45891.0	50374.0	58321.0
LiuW_2016__SRR3993002__bin.18	21125.0	23618.0	16590.0	39385.0	31021.0	36267.0	47815.0	45022.0	49522.0	44256.0	24657.0	49413.0	20431.0	48114.0	11671.0	23790.0	21408.0	36432.0	49181.0	14838.0	17540.0	37170.0	41127.0	47966.0	25181.0	23491.0	27112.0	36331.0	20190.0	46667.0	44909.0	0.0	21423.0	24271.0	22179.0	36520.0	19233.0	47640.0	41758.0	17191.0	46461.0	46251.0	20415.0	23237.0
CosteaPI_2017__SID713B074-11-0-0__bin.52	25185.0	28805.0	19072.0	44592.0	36145.0	43877.0	58667.0	55368.0	58271.0	54593.0	29634.0	57767.0	23550.0	57052.0	15839.0	28460.0	27283.0	42934.0	58732.0	18100.0	23323.0	45363.0	50239.0	57434.0	30240.0	27195.0	32130.0	41122.0	23366.0	54141.0	53734.0	21423.0	0.0	30575.0	28009.0	40716.0	22949.0	58913.0	49358.0	21571.0	55543.0	54894.0	24456.0	27787.0
FengQ_2015__SID530450__bin.62	27122.0	31753.0	20413.0	17931.0	16000.0	18752.0	24505.0	24130.0	31808.0	22854.0	32440.0	24549.0	29386.0	24603.0	23860.0	31328.0	32273.0	17917.0	24819.0	29379.0	21701.0	19819.0	22557.0	25120.0	33311.0	31232.0	14394.0	16202.0	27802.0	24173.0	21250.0	24271.0	30575.0	0.0	32518.0	19112.0	24910.0	24463.0	21613.0	22332.0	32435.0	26363.0	28069.0	32151.0
XieH_2016__YSZC12003_35515__bin.28	26573.0	30604.0	21271.0	50728.0	41229.0	47235.0	67840.0	62016.0	66121.0	60997.0	33560.0	66278.0	23075.0	64958.0	17180.0	30211.0	29521.0	49065.0	67184.0	18835.0	23271.0	51461.0	58554.0	66379.0	34018.0	31719.0	35964.0	47203.0	24880.0	63266.0	61302.0	22179.0	28009.0	32518.0	0.0	47144.0	23810.0	67962.0	56596.0	22828.0	61502.0	59860.0	25818.0	30831.0
CM_madagascar__A13_01_1FE__bin.33	38795.0	45618.0	31848.0	26719.0	15608.0	26428.0	26429.0	32515.0	39884.0	22492.0	44865.0	28050.0	39820.0	25261.0	25779.0	44283.0	44084.0	22112.0	29476.0	33724.0	33572.0	22266.0	22839.0	26133.0	46061.0	43810.0	15750.0	25171.0	38779.0	33587.0	33966.0	36520.0	40716.0	19112.0	47144.0	0.0	35312.0	26272.0	23834.0	33612.0	38064.0	37394.0	40805.0	45100.0
ZeeviD_2015__PNP_DietIntervention_28__bin.20	7543.0	23086.0	17640.0	37996.0	30475.0	37084.0	48382.0	46516.0	49756.0	44728.0	25868.0	47692.0	20876.0	47331.0	12831.0	23042.0	23279.0	35711.0	48094.0	15763.0	21440.0	38267.0	42337.0	46892.0	24794.0	24021.0	26261.0	34303.0	20509.0	46649.0	43683.0	19233.0	22949.0	24910.0	23810.0	35312.0	0.0	48063.0	41435.0	19518.0	47685.0	45059.0	21722.0	24431.0
CM_madagascar__A90_03_1FE__bin.26	54121.0	63771.0	41924.0	34628.0	20625.0	34364.0	34319.0	44255.0	54970.0	31028.0	64596.0	34621.0	55269.0	34351.0	33724.0	60197.0	60278.0	26371.0	39253.0	42893.0	46787.0	25901.0	30033.0	24134.0	66295.0	63179.0	17406.0	31381.0	53079.0	46594.0	46739.0	47640.0	58913.0	24463.0	67962.0	26272.0	48063.0	0.0	31938.0	44409.0	48819.0	46809.0	54226.0	63264.0
CM_madagascar__A28_02_1FE__bin.38	46525.0	53969.0	36907.0	31146.0	18969.0	30977.0	30376.0	37973.0	47923.0	28554.0	54325.0	30992.0	47740.0	23295.0	28598.0	52292.0	52181.0	24151.0	32911.0	38675.0	40754.0	25495.0	28349.0	32874.0	55103.0	52634.0	18153.0	27680.0	45907.0	39417.0	39240.0	41758.0	49358.0	21613.0	56596.0	23834.0	41435.0	31938.0	0.0	40158.0	43123.0	41856.0	48668.0	54441.0
LiuW_2016__SRR3993015__bin.93	21250.0	24366.0	12884.0	36377.0	27881.0	35060.0	44558.0	43019.0	46892.0	42462.0	24465.0	44715.0	18920.0	44916.0	12143.0	22274.0	16560.0	35223.0	45111.0	15161.0	19591.0	34919.0	39432.0	43787.0	24673.0	22470.0	25751.0	32836.0	18909.0	44289.0	42317.0	17191.0	21571.0	22332.0	22828.0	33612.0	19518.0	44409.0	40158.0	0.0	42717.0	43440.0	20258.0	23044.0
BackhedF_2015__SID503_M__bin.48	51804.0	60868.0	40915.0	37978.0	29415.0	37233.0	48239.0	48361.0	39980.0	44295.0	61554.0	48469.0	52953.0	48324.0	34176.0	59006.0	58936.0	37701.0	50452.0	45128.0	42960.0	38023.0	42010.0	48347.0	63014.0	57908.0	27139.0	34768.0	49903.0	49953.0	49746.0	46461.0	55543.0	32435.0	61502.0	38064.0	47685.0	48819.0	43123.0	42717.0	0.0	44919.0	52870.0	60352.0
YuJ_2015__SZAXPI003411-6__bin.52	50888.0	58776.0	39194.0	34769.0	28857.0	35592.0	44560.0	43514.0	51461.0	43288.0	58963.0	47367.0	51560.0	45871.0	31494.0	56998.0	57814.0	36384.0	45781.0	42178.0	43621.0	37044.0	41767.0	47156.0	61317.0	56562.0	25326.0	32264.0	50717.0	45519.0	45891.0	46251.0	54894.0	26363.0	59860.0	37394.0	45059.0	46809.0	41856.0	43440.0	44919.0	0.0	51856.0	58957.0
FengQ_2015__SID31477__bin.4	24076.0	28076.0	20160.0	42669.0	32792.0	41343.0	54869.0	51620.0	55545.0	51136.0	29251.0	54867.0	21288.0	54221.0	13668.0	26582.0	26184.0	41560.0	56082.0	17568.0	21161.0	42510.0	48033.0	53183.0	27945.0	26727.0	30471.0	37431.0	22210.0	52640.0	50374.0	20415.0	24456.0	28069.0	25818.0	40805.0	21722.0	54226.0	48668.0	20258.0	52870.0	51856.0	0.0	25005.0
CosteaPI_2017__SID713B058-11-90-0__bin.16	26019.0	32118.0	21025.0	49608.0	39608.0	46467.0	63559.0	60131.0	64398.0	58268.0	31182.0	64744.0	25276.0	62126.0	15397.0	30308.0	29657.0	47947.0	62276.0	19089.0	24174.0	49488.0	54788.0	62182.0	31855.0	30906.0	33989.0	43833.0	24818.0	62273.0	58321.0	23237.0	27787.0	32151.0	30831.0	45100.0	24431.0	63264.0	54441.0	23044.0	60352.0	58957.0	25005.0	0.0
