	LiuW_2016__SRR3993059__bin.115	CosteaPI_2017__SID713B051-11-90-0__bin.29	SchirmerM_2016__G88966__bin.18	CosteaPI_2017__SID713B072-11-90-0__bin.79	Obregon-TitoAJ_2015__SM32__bin.9	ZeeviD_2015__PNP_Validation_49__bin.69	FengQ_2015__SID530600__bin.53	ZeeviD_2015__PNP_Main_683__bin.7	ZeeviD_2015__PNP_Main_203__bin.19	CosteaPI_2017__SID713A051-11-0-0__bin.6	BritoIL_2016__WL.28.ST__bin.7	BritoIL_2016__M2.36.ST__bin.4	LeChatelierE_2013__MH0224__bin.50	LiJ_2014__MH0303__bin.6	Obregon-TitoAJ_2015__SM28__bin.49	NielsenHB_2014__MH0118__bin.18	LeChatelierE_2013__MH0096__bin.55	ZeeviD_2015__PNP_Main_338__bin.24	RampelliS_2015__H17__bin.86	CosteaPI_2017__SID713B051-11-0-0__bin.64	LeChatelierE_2013__MH0053__bin.24	RampelliS_2015__H14__bin.54	BritoIL_2016__M2.44.ST__bin.6	LiuW_2016__SRR3992958__bin.90	Obregon-TitoAJ_2015__SM23__bin.21	ZeeviD_2015__PNP_Validation_47__bin.8	XieH_2016__YSZC12003_36795__bin.4	NielsenHB_2014__MH0096__bin.26	XieH_2016__YSZC12003_37100__bin.138	CosteaPI_2017__SID713A038-11-90-0__bin.25	CosteaPI_2017__SID713A004-11-90-0__bin.51	LiuW_2016__SRR3992978__bin.105	ZeeviD_2015__PNP_Main_27__bin.15	LiJ_2014__O2.UC44-1__bin.23	ZeeviD_2015__PNP_Main_325__bin.44	CM_madagascar__A94_03_1FE__bin.9	BritoIL_2016__M2.41.ST__bin.36	LeChatelierE_2013__MH0118__bin.24	NielsenHB_2014__MH0053__bin.13	ZeeviD_2015__PNP_Main_559__bin.27	CosteaPI_2017__SID713B066-11-90-0__bin.38	BritoIL_2016__M1.38.ST__bin.60	CosteaPI_2017__SID713B066-11-0-0__bin.23	BritoIL_2016__M2.37.ST__bin.35	Obregon-TitoAJ_2015__SM39__bin.43	CM_madagascar__A39_02_1FE__bin.34	YuJ_2015__SZAXPI015264-87__bin.34	RampelliS_2015__H13__bin.36	Obregon-TitoAJ_2015__SM18__bin.27
LiuW_2016__SRR3993059__bin.115	2133571.0	1891044.0	1199985.0	1972009.0	1510053.0	1929590.0	1993212.0	1367276.0	1585996.0	1988901.0	1872743.0	1831586.0	1553031.0	1980914.0	1979773.0	1977941.0	1870791.0	1098274.0	1347817.0	2004212.0	1976295.0	1977271.0	1980159.0	1157584.0	1590280.0	1945697.0	2012124.0	1842726.0	1886039.0	1953184.0	2037773.0	1196245.0	1607827.0	1403542.0	1811225.0	1148043.0	1776109.0	1437924.0	1973006.0	1248272.0	1879380.0	1347807.0	1727650.0	1680568.0	1965877.0	1068537.0	1969068.0	1961860.0	1958905.0
CosteaPI_2017__SID713B051-11-90-0__bin.29	1891044.0	2112042.0	1164529.0	1923987.0	1483523.0	1863411.0	1897478.0	1333061.0	1562659.0	1918422.0	1840756.0	1812523.0	1513264.0	1972661.0	1915422.0	1893876.0	1776624.0	1134141.0	1324351.0	2021728.0	1903509.0	1925224.0	1953763.0	1141154.0	1566660.0	1904935.0	1973602.0	1746456.0	1834060.0	1892112.0	1923717.0	1175248.0	1557007.0	1361333.0	1743940.0	1137372.0	1803049.0	1382978.0	1921048.0	1193352.0	1837734.0	1321021.0	1706578.0	1683245.0	1893679.0	1063666.0	1887385.0	1893368.0	1920763.0
SchirmerM_2016__G88966__bin.18	1199985.0	1164529.0	1376923.0	1208939.0	923958.0	1161556.0	1235387.0	861706.0	995320.0	1213023.0	1163647.0	1099278.0	974283.0	1206436.0	1214890.0	1206560.0	1115813.0	691484.0	869498.0	1221740.0	1240191.0	1229513.0	1210345.0	772638.0	965552.0	1174115.0	1222331.0	1092652.0	1174164.0	1209188.0	1235533.0	767603.0	987732.0	888766.0	1117628.0	762744.0	1118443.0	870949.0	1237305.0	776562.0	1136961.0	849000.0	1101566.0	1060926.0	1192777.0	717628.0	1188212.0	1214822.0	1204682.0
CosteaPI_2017__SID713B072-11-90-0__bin.79	1972009.0	1923987.0	1208939.0	2232367.0	1553125.0	1962778.0	2007824.0	1381916.0	1617524.0	2024057.0	1890402.0	1931501.0	1565825.0	2027613.0	2020390.0	2007296.0	1913179.0	1130246.0	1374876.0	2060828.0	2030024.0	2036367.0	2107328.0	1175996.0	1634394.0	1972950.0	2061169.0	1862848.0	1930460.0	1982300.0	2049114.0	1202740.0	1624349.0	1404720.0	1818285.0	1179985.0	1887528.0	1460298.0	2023030.0	1248047.0	1919439.0	1391970.0	1759378.0	1754570.0	2003873.0	1084366.0	1990147.0	2024960.0	2039486.0
Obregon-TitoAJ_2015__SM32__bin.9	1510053.0	1483523.0	923958.0	1553125.0	1791594.0	1565176.0	1539431.0	1000253.0	1211035.0	1557491.0	1432177.0	1413066.0	1144734.0	1585960.0	1584468.0	1555699.0	1406206.0	796849.0	1087513.0	1595991.0	1548482.0	1609638.0	1560283.0	922654.0	1767231.0	1567779.0	1578894.0	1525531.0	1468135.0	1525474.0	1566780.0	943631.0	1207370.0	1069621.0	1394366.0	928173.0	1374757.0	1437998.0	1541881.0	807274.0	1518388.0	1018882.0	1379132.0	1329372.0	1632320.0	817334.0	1521550.0	1610297.0	1761380.0
ZeeviD_2015__PNP_Validation_49__bin.69	1929590.0	1863411.0	1161556.0	1962778.0	1565176.0	2157604.0	1976037.0	1342192.0	1583591.0	1998546.0	1869596.0	1839875.0	1528418.0	1982524.0	1989286.0	1977166.0	1855967.0	1078224.0	1335886.0	2004617.0	1961794.0	1954096.0	1987431.0	1147011.0	1653000.0	2153673.0	2027824.0	1812481.0	1876141.0	1941200.0	2007771.0	1181360.0	1607176.0	1382453.0	1798742.0	1149326.0	1778206.0	1470936.0	1946024.0	1218500.0	1944396.0	1326440.0	1716898.0	1676068.0	1958322.0	1063817.0	1958619.0	1942523.0	1974281.0
FengQ_2015__SID530600__bin.53	1993212.0	1897478.0	1235387.0	2007824.0	1539431.0	1976037.0	2220034.0	1377824.0	1646899.0	2037622.0	1913581.0	1895345.0	1567995.0	2018018.0	2036331.0	2036546.0	1887272.0	1097954.0	1364712.0	2050573.0	2024156.0	2030150.0	2034005.0	1169946.0	1633769.0	1996815.0	2053040.0	1838787.0	1933025.0	1985780.0	2087876.0	1200610.0	1641618.0	1411901.0	1841428.0	1177853.0	1830777.0	1459377.0	2028895.0	1277777.0	1917286.0	1367149.0	1741873.0	1717392.0	2013304.0	1084778.0	1993549.0	2012269.0	2014442.0
ZeeviD_2015__PNP_Main_683__bin.7	1367276.0	1333061.0	861706.0	1381916.0	1000253.0	1342192.0	1377824.0	1514797.0	1153764.0	1389271.0	1364177.0	1270998.0	1112419.0	1376480.0	1375353.0	1382717.0	1288446.0	827230.0	955474.0	1397241.0	1360051.0	1383728.0	1384569.0	800540.0	1058737.0	1365552.0	1391841.0	1246387.0	1333639.0	1361256.0	1411700.0	831959.0	1158064.0	1005865.0	1278596.0	796400.0	1290221.0	932354.0	1371286.0	929933.0	1299358.0	976544.0	1220064.0	1205943.0	1371502.0	752256.0	1372671.0	1357174.0	1372527.0
ZeeviD_2015__PNP_Main_203__bin.19	1585996.0	1562659.0	995320.0	1617524.0	1211035.0	1583591.0	1646899.0	1153764.0	1840379.0	1630563.0	1558269.0	1514681.0	1250880.0	1637898.0	1627761.0	1657381.0	1511822.0	932076.0	1090766.0	1661900.0	1637115.0	1653691.0	1652478.0	905826.0	1290912.0	1600489.0	1677667.0	1448120.0	1572539.0	1603338.0	1651924.0	949303.0	1384028.0	1145315.0	1518514.0	927283.0	1507765.0	1155210.0	1638956.0	1086010.0	1535876.0	1156628.0	1390261.0	1398409.0	1623479.0	880078.0	1598695.0	1634107.0	1619978.0
CosteaPI_2017__SID713A051-11-0-0__bin.6	1988901.0	1918422.0	1213023.0	2024057.0	1557491.0	1998546.0	2037622.0	1389271.0	1630563.0	2181706.0	1917319.0	1901262.0	1573150.0	2055888.0	2049306.0	2043628.0	1900547.0	1131951.0	1373612.0	2074106.0	2024915.0	2041973.0	2045785.0	1170088.0	1653584.0	2015730.0	2088559.0	1860568.0	1944356.0	1998405.0	2063202.0	1193771.0	1660882.0	1421459.0	1858251.0	1166991.0	1849328.0	1479343.0	2020393.0	1274958.0	1961932.0	1369173.0	1778989.0	1730082.0	2024811.0	1084857.0	2006181.0	2021743.0	2033493.0
BritoIL_2016__WL.28.ST__bin.7	1872743.0	1840756.0	1163647.0	1890402.0	1432177.0	1869596.0	1913581.0	1364177.0	1558269.0	1917319.0	2109800.0	1778580.0	1490340.0	1906013.0	1907974.0	1903409.0	1795600.0	1073140.0	1304242.0	1933429.0	1884719.0	1931903.0	1914149.0	1107228.0	1519604.0	1911454.0	1928405.0	1732316.0	1824161.0	1870107.0	1946804.0	1145899.0	1572532.0	1361257.0	1741279.0	1094071.0	1753020.0	1345752.0	1905046.0	1234688.0	1812587.0	1311306.0	1670318.0	1645045.0	1896173.0	1035000.0	1889820.0	1888293.0	1893455.0
BritoIL_2016__M2.36.ST__bin.4	1831586.0	1812523.0	1099278.0	1931501.0	1413066.0	1839875.0	1895345.0	1270998.0	1514681.0	1901262.0	1778580.0	2035864.0	1457175.0	1911753.0	1894666.0	1891228.0	1733922.0	1059649.0	1282069.0	1966931.0	1893541.0	1906410.0	2055209.0	1105679.0	1507258.0	1859083.0	1951092.0	1698445.0	1775426.0	1846524.0	1911615.0	1137050.0	1517816.0	1307435.0	1709131.0	1097307.0	1801907.0	1351639.0	1894843.0	1134324.0	1792480.0	1276672.0	1645741.0	1672521.0	1873447.0	1027083.0	1855404.0	1892546.0	1886471.0
LeChatelierE_2013__MH0224__bin.50	1553031.0	1513264.0	974283.0	1565825.0	1144734.0	1528418.0	1567995.0	1112419.0	1250880.0	1573150.0	1490340.0	1457175.0	1903900.0	1550342.0	1566806.0	1565191.0	1459902.0	891540.0	1086106.0	1577893.0	1556648.0	1562193.0	1567570.0	948562.0	1217754.0	1534419.0	1590580.0	1424684.0	1502419.0	1554107.0	1589855.0	973239.0	1299719.0	1164456.0	1445364.0	930977.0	1452927.0	1099557.0	1555295.0	1016677.0	1499267.0	1108994.0	1389515.0	1374143.0	1547803.0	869238.0	1567190.0	1550876.0	1551443.0
LiJ_2014__MH0303__bin.6	1980914.0	1972661.0	1206436.0	2027613.0	1585960.0	1982524.0	2018018.0	1376480.0	1637898.0	2055888.0	1906013.0	1911753.0	1550342.0	2257791.0	2038172.0	2018469.0	1885772.0	1155338.0	1364886.0	2157900.0	2013996.0	2035593.0	2050422.0	1171290.0	1689166.0	2006680.0	2099246.0	1860152.0	1927417.0	1986805.0	2044932.0	1200220.0	1632185.0	1401832.0	1822127.0	1168040.0	1847549.0	1474984.0	2007859.0	1270668.0	1954865.0	1355031.0	1766427.0	1725779.0	2014511.0	1081173.0	1996549.0	2014063.0	2054461.0
Obregon-TitoAJ_2015__SM28__bin.49	1979773.0	1915422.0	1214890.0	2020390.0	1584468.0	1989286.0	2036331.0	1375353.0	1627761.0	2049306.0	1907974.0	1894666.0	1566806.0	2038172.0	2261485.0	2034273.0	1892885.0	1120775.0	1375750.0	2063026.0	2025558.0	2047934.0	2046899.0	1170259.0	1681880.0	2000299.0	2057219.0	1844459.0	1970584.0	1996754.0	2051102.0	1199193.0	1638914.0	1415392.0	1862049.0	1178675.0	1837342.0	1469083.0	2032967.0	1272443.0	1943676.0	1370294.0	1771928.0	1730886.0	2066154.0	1100339.0	2006087.0	2033950.0	2064807.0
NielsenHB_2014__MH0118__bin.18	1977941.0	1893876.0	1206560.0	2007296.0	1555699.0	1977166.0	2036546.0	1382717.0	1657381.0	2043628.0	1903409.0	1891228.0	1565191.0	2018469.0	2034273.0	2262975.0	1893205.0	1110821.0	1376659.0	2045993.0	2049192.0	2068322.0	2030543.0	1165575.0	1652894.0	1995415.0	2054604.0	1843383.0	1915106.0	1991315.0	2052487.0	1189851.0	1655259.0	1408621.0	1848109.0	1166467.0	1831801.0	1560744.0	2049509.0	1360168.0	1930444.0	1368778.0	1764837.0	1720620.0	2028398.0	1087987.0	1991005.0	2044215.0	2036357.0
LeChatelierE_2013__MH0096__bin.55	1870791.0	1776624.0	1115813.0	1913179.0	1406206.0	1855967.0	1887272.0	1288446.0	1511822.0	1900547.0	1795600.0	1733922.0	1459902.0	1885772.0	1892885.0	1893205.0	2081219.0	1032142.0	1265864.0	1913487.0	1884782.0	1894632.0	1881537.0	1065850.0	1490905.0	1867231.0	1911420.0	1823144.0	1828486.0	1846390.0	1933721.0	1106524.0	1534131.0	1310898.0	1726929.0	1075137.0	1703514.0	1325180.0	1876774.0	1138095.0	1792896.0	1266338.0	1627633.0	1589841.0	1869599.0	996584.0	1866808.0	1864589.0	1908253.0
ZeeviD_2015__PNP_Main_338__bin.24	1098274.0	1134141.0	691484.0	1130246.0	796849.0	1078224.0	1097954.0	827230.0	932076.0	1131951.0	1073140.0	1059649.0	891540.0	1155338.0	1120775.0	1110821.0	1032142.0	1290181.0	766353.0	1189228.0	1110798.0	1121471.0	1158648.0	637815.0	856037.0	1086853.0	1161209.0	1012810.0	1076455.0	1100666.0	1126596.0	668516.0	950782.0	801063.0	1037780.0	648928.0	1074364.0	751660.0	1106307.0	766647.0	1071563.0	804163.0	980035.0	1002425.0	1100349.0	632948.0	1103895.0	1104323.0	1122664.0
RampelliS_2015__H17__bin.86	1347817.0	1324351.0	869498.0	1374876.0	1087513.0	1335886.0	1364712.0	955474.0	1090766.0	1373612.0	1304242.0	1282069.0	1086106.0	1364886.0	1375750.0	1376659.0	1265864.0	766353.0	1468357.0	1380684.0	1373355.0	1388884.0	1374975.0	985035.0	1137829.0	1338303.0	1380658.0	1266293.0	1327878.0	1370659.0	1379151.0	978846.0	1099841.0	1022347.0	1261424.0	885768.0	1261996.0	1008424.0	1375500.0	845572.0	1309081.0	995528.0	1299851.0	1214828.0	1372921.0	792043.0	1349346.0	1392377.0	1383587.0
CosteaPI_2017__SID713B051-11-0-0__bin.64	2004212.0	2021728.0	1221740.0	2060828.0	1595991.0	2004617.0	2050573.0	1397241.0	1661900.0	2074106.0	1933429.0	1966931.0	1577893.0	2157900.0	2063026.0	2045993.0	1913487.0	1189228.0	1380684.0	2252369.0	2045397.0	2065336.0	2106089.0	1180141.0	1690504.0	2028733.0	2141349.0	1865310.0	1947185.0	2025798.0	2071864.0	1211633.0	1652713.0	1425214.0	1853314.0	1178497.0	1897892.0	1485036.0	2038288.0	1286798.0	1977531.0	1380721.0	1784402.0	1775069.0	2039927.0	1103181.0	2027252.0	2045944.0	2073803.0
LeChatelierE_2013__MH0053__bin.24	1976295.0	1903509.0	1240191.0	2030024.0	1548482.0	1961794.0	2024156.0	1360051.0	1637115.0	2024915.0	1884719.0	1893541.0	1556648.0	2013996.0	2025558.0	2049192.0	1884782.0	1110798.0	1373355.0	2045397.0	2247196.0	2067317.0	2031477.0	1164253.0	1641371.0	1967755.0	2063923.0	1824900.0	1914811.0	1972455.0	2041797.0	1191605.0	1627706.0	1401364.0	1836562.0	1176420.0	1826421.0	1496380.0	2179567.0	1260517.0	1919334.0	1360542.0	1740964.0	1717293.0	2004951.0	1088426.0	1991764.0	2050070.0	2034100.0
RampelliS_2015__H14__bin.54	1977271.0	1925224.0	1229513.0	2036367.0	1609638.0	1954096.0	2030150.0	1383728.0	1653691.0	2041973.0	1931903.0	1906410.0	1562193.0	2035593.0	2047934.0	2068322.0	1894632.0	1121471.0	1388884.0	2065336.0	2067317.0	2345344.0	2057051.0	1168641.0	1707091.0	1993365.0	2074683.0	1831802.0	1928313.0	1978459.0	2050826.0	1191446.0	1637044.0	1402306.0	1840549.0	1165767.0	1864974.0	1473017.0	2077886.0	1299036.0	1931838.0	1375059.0	1780416.0	1756310.0	2088967.0	1101461.0	1987024.0	2255409.0	2104220.0
BritoIL_2016__M2.44.ST__bin.6	1980159.0	1953763.0	1210345.0	2107328.0	1560283.0	1987431.0	2034005.0	1384569.0	1652478.0	2045785.0	1914149.0	2055209.0	1567570.0	2050422.0	2046899.0	2030543.0	1881537.0	1158648.0	1374975.0	2106089.0	2031477.0	2057051.0	2272278.0	1178897.0	1650546.0	2006200.0	2100291.0	1840321.0	1924064.0	1992329.0	2059371.0	1207434.0	1645864.0	1422516.0	1844855.0	1171214.0	1951914.0	1478054.0	2022286.0	1270793.0	1938387.0	1381698.0	1772132.0	1805387.0	2021972.0	1095087.0	2009892.0	2040612.0	2031433.0
LiuW_2016__SRR3992958__bin.90	1157584.0	1141154.0	772638.0	1175996.0	922654.0	1147011.0	1169946.0	800540.0	905826.0	1170088.0	1107228.0	1105679.0	948562.0	1171290.0	1170259.0	1165575.0	1065850.0	637815.0	985035.0	1180141.0	1164253.0	1168641.0	1178897.0	1226477.0	969262.0	1152803.0	1179099.0	1096865.0	1136804.0	1174120.0	1184199.0	932485.0	935775.0	908140.0	1072046.0	822647.0	1074818.0	869753.0	1157005.0	696231.0	1120150.0	835184.0	1131720.0	1045361.0	1160867.0	714297.0	1157814.0	1167926.0	1169400.0
Obregon-TitoAJ_2015__SM23__bin.21	1590280.0	1566660.0	965552.0	1634394.0	1767231.0	1653000.0	1633769.0	1058737.0	1290912.0	1653584.0	1519604.0	1507258.0	1217754.0	1689166.0	1681880.0	1652894.0	1490905.0	856037.0	1137829.0	1690504.0	1641371.0	1707091.0	1650546.0	969262.0	1905821.0	1667174.0	1676065.0	1606442.0	1558679.0	1614335.0	1662808.0	980641.0	1291972.0	1132663.0	1471431.0	972105.0	1460196.0	1457248.0	1631986.0	903320.0	1617348.0	1082759.0	1445126.0	1399376.0	1730937.0	868601.0	1604849.0	1704228.0	1871968.0
ZeeviD_2015__PNP_Validation_47__bin.8	1945697.0	1904935.0	1174115.0	1972950.0	1567779.0	2153673.0	1996815.0	1365552.0	1600489.0	2015730.0	1911454.0	1859083.0	1534419.0	2006680.0	2000299.0	1995415.0	1867231.0	1086853.0	1338303.0	2028733.0	1967755.0	1993365.0	2006200.0	1152803.0	1667174.0	2261437.0	2049646.0	1821477.0	1889949.0	1958353.0	2030698.0	1186828.0	1621626.0	1388699.0	1809358.0	1150225.0	1818992.0	1481154.0	1975044.0	1236122.0	1956112.0	1339902.0	1735675.0	1699461.0	1970027.0	1075073.0	1969516.0	1963458.0	1988928.0
XieH_2016__YSZC12003_36795__bin.4	2012124.0	1973602.0	1222331.0	2061169.0	1578894.0	2027824.0	2053040.0	1391841.0	1677667.0	2088559.0	1928405.0	1951092.0	1590580.0	2099246.0	2057219.0	2054604.0	1911420.0	1161209.0	1380658.0	2141349.0	2063923.0	2074683.0	2100291.0	1179099.0	1676065.0	2049646.0	2381362.0	1865994.0	1952525.0	2013421.0	2113759.0	1209060.0	1671007.0	1422904.0	1854604.0	1175770.0	1893144.0	1493130.0	2060906.0	1285118.0	1985360.0	1379012.0	1790665.0	1768176.0	2052717.0	1112094.0	2022205.0	2061982.0	2064286.0
NielsenHB_2014__MH0096__bin.26	1842726.0	1746456.0	1092652.0	1862848.0	1525531.0	1812481.0	1838787.0	1246387.0	1448120.0	1860568.0	1732316.0	1698445.0	1424684.0	1860152.0	1844459.0	1843383.0	1823144.0	1012810.0	1266293.0	1865310.0	1824900.0	1831802.0	1840321.0	1096865.0	1606442.0	1821477.0	1865994.0	1976757.0	1765367.0	1822933.0	1877996.0	1114446.0	1485725.0	1294243.0	1679806.0	1090011.0	1646896.0	1436321.0	1818838.0	1101967.0	1754429.0	1244604.0	1637397.0	1568387.0	1820836.0	979092.0	1824328.0	1812565.0	1857368.0
XieH_2016__YSZC12003_37100__bin.138	1886039.0	1834060.0	1174164.0	1930460.0	1468135.0	1876141.0	1933025.0	1333639.0	1572539.0	1944356.0	1824161.0	1775426.0	1502419.0	1927417.0	1970584.0	1915106.0	1828486.0	1076455.0	1327878.0	1947185.0	1914811.0	1928313.0	1924064.0	1136804.0	1558679.0	1889949.0	1952525.0	1765367.0	2169803.0	1881046.0	1945205.0	1168421.0	1588588.0	1368195.0	1794736.0	1136915.0	1767824.0	1376372.0	1905911.0	1214968.0	1830885.0	1335275.0	1679230.0	1644151.0	1926519.0	1048337.0	1899263.0	1904463.0	1958897.0
CosteaPI_2017__SID713A038-11-90-0__bin.25	1953184.0	1892112.0	1209188.0	1982300.0	1525474.0	1941200.0	1985780.0	1361256.0	1603338.0	1998405.0	1870107.0	1846524.0	1554107.0	1986805.0	1996754.0	1991315.0	1846390.0	1100666.0	1370659.0	2025798.0	1972455.0	1978459.0	1992329.0	1174120.0	1614335.0	1958353.0	2013421.0	1822933.0	1881046.0	2101882.0	2018400.0	1207940.0	1608033.0	1402619.0	1817315.0	1162569.0	1804529.0	1454481.0	1977897.0	1255819.0	1894418.0	1364146.0	1758785.0	1702290.0	1964524.0	1081069.0	1963067.0	1960810.0	1967643.0
CosteaPI_2017__SID713A004-11-90-0__bin.51	2037773.0	1923717.0	1235533.0	2049114.0	1566780.0	2007771.0	2087876.0	1411700.0	1651924.0	2063202.0	1946804.0	1911615.0	1589855.0	2044932.0	2051102.0	2052487.0	1933721.0	1126596.0	1379151.0	2071864.0	2041797.0	2050826.0	2059371.0	1184199.0	1662808.0	2030698.0	2113759.0	1877996.0	1945205.0	2018400.0	2236523.0	1214566.0	1670379.0	1435424.0	1856398.0	1173412.0	1852251.0	1483870.0	2040844.0	1297974.0	1946754.0	1379816.0	1772986.0	1741195.0	2045866.0	1096465.0	2030344.0	2033401.0	2051234.0
LiuW_2016__SRR3992978__bin.105	1196245.0	1175248.0	767603.0	1202740.0	943631.0	1181360.0	1200610.0	831959.0	949303.0	1193771.0	1145899.0	1137050.0	973239.0	1200220.0	1199193.0	1189851.0	1106524.0	668516.0	978846.0	1211633.0	1191605.0	1191446.0	1207434.0	932485.0	980641.0	1186828.0	1209060.0	1114446.0	1168421.0	1207940.0	1214566.0	1283371.0	969928.0	926528.0	1103657.0	822411.0	1109072.0	879377.0	1195236.0	712550.0	1144015.0	872327.0	1155579.0	1065211.0	1193467.0	715943.0	1189633.0	1192571.0	1189582.0
ZeeviD_2015__PNP_Main_27__bin.15	1607827.0	1557007.0	987732.0	1624349.0	1207370.0	1607176.0	1641618.0	1158064.0	1384028.0	1660882.0	1572532.0	1517816.0	1299719.0	1632185.0	1638914.0	1655259.0	1534131.0	950782.0	1099841.0	1652713.0	1627706.0	1637044.0	1645864.0	935775.0	1291972.0	1621626.0	1671007.0	1485725.0	1588588.0	1608033.0	1670379.0	969928.0	1865980.0	1178773.0	1548309.0	924945.0	1495084.0	1153655.0	1630326.0	1072096.0	1563660.0	1142255.0	1416576.0	1395809.0	1623743.0	885899.0	1615006.0	1621472.0	1627667.0
LiJ_2014__O2.UC44-1__bin.23	1403542.0	1361333.0	888766.0	1404720.0	1069621.0	1382453.0	1411901.0	1005865.0	1145315.0	1421459.0	1361257.0	1307435.0	1164456.0	1401832.0	1415392.0	1408621.0	1310898.0	801063.0	1022347.0	1425214.0	1401364.0	1402306.0	1422516.0	908140.0	1132663.0	1388699.0	1422904.0	1294243.0	1368195.0	1402619.0	1435424.0	926528.0	1178773.0	1515266.0	1329757.0	876297.0	1298157.0	1010137.0	1397501.0	907197.0	1346666.0	1013003.0	1275757.0	1246464.0	1411014.0	797343.0	1430192.0	1391388.0	1397864.0
ZeeviD_2015__PNP_Main_325__bin.44	1811225.0	1743940.0	1117628.0	1818285.0	1394366.0	1798742.0	1841428.0	1278596.0	1518514.0	1858251.0	1741279.0	1709131.0	1445364.0	1822127.0	1862049.0	1848109.0	1726929.0	1037780.0	1261424.0	1853314.0	1836562.0	1840549.0	1844855.0	1072046.0	1471431.0	1809358.0	1854604.0	1679806.0	1794736.0	1817315.0	1856398.0	1103657.0	1548309.0	1329757.0	1993337.0	1085480.0	1689801.0	1334365.0	1829312.0	1176687.0	1756193.0	1281253.0	1609735.0	1592138.0	1831041.0	982564.0	1815456.0	1824005.0	1828969.0
CM_madagascar__A94_03_1FE__bin.9	1148043.0	1137372.0	762744.0	1179985.0	928173.0	1149326.0	1177853.0	796400.0	927283.0	1166991.0	1094071.0	1097307.0	930977.0	1168040.0	1178675.0	1166467.0	1075137.0	648928.0	885768.0	1178497.0	1176420.0	1165767.0	1171214.0	822647.0	972105.0	1150225.0	1175770.0	1090011.0	1136915.0	1162569.0	1173412.0	822411.0	924945.0	876297.0	1085480.0	1320202.0	1079001.0	876041.0	1168149.0	697389.0	1116273.0	836565.0	1068437.0	1029402.0	1157554.0	707132.0	1147657.0	1157905.0	1163549.0
BritoIL_2016__M2.41.ST__bin.36	1776109.0	1803049.0	1118443.0	1887528.0	1374757.0	1778206.0	1830777.0	1290221.0	1507765.0	1849328.0	1753020.0	1801907.0	1452927.0	1847549.0	1837342.0	1831801.0	1703514.0	1074364.0	1261996.0	1897892.0	1826421.0	1864974.0	1951914.0	1074818.0	1460196.0	1818992.0	1893144.0	1646896.0	1767824.0	1804529.0	1852251.0	1109072.0	1495084.0	1298157.0	1689801.0	1079001.0	2028125.0	1291129.0	1839982.0	1169229.0	1749069.0	1269975.0	1611253.0	1661394.0	1816229.0	1010998.0	1811035.0	1830376.0	1829212.0
LeChatelierE_2013__MH0118__bin.24	1437924.0	1382978.0	870949.0	1460298.0	1437998.0	1470936.0	1459377.0	932354.0	1155210.0	1479343.0	1345752.0	1351639.0	1099557.0	1474984.0	1469083.0	1560744.0	1325180.0	751660.0	1008424.0	1485036.0	1496380.0	1473017.0	1478054.0	869753.0	1457248.0	1481154.0	1493130.0	1436321.0	1376372.0	1454481.0	1483870.0	879377.0	1153655.0	1010137.0	1334365.0	876041.0	1291129.0	1563048.0	1479028.0	733162.0	1430515.0	948956.0	1304020.0	1251045.0	1458500.0	764176.0	1435419.0	1472572.0	1463225.0
NielsenHB_2014__MH0053__bin.13	1973006.0	1921048.0	1237305.0	2023030.0	1541881.0	1946024.0	2028895.0	1371286.0	1638956.0	2020393.0	1905046.0	1894843.0	1555295.0	2007859.0	2032967.0	2049509.0	1876774.0	1106307.0	1375500.0	2038288.0	2179567.0	2077886.0	2022286.0	1157005.0	1631986.0	1975044.0	2060906.0	1818838.0	1905911.0	1977897.0	2040844.0	1195236.0	1630326.0	1397501.0	1829312.0	1168149.0	1839982.0	1479028.0	2494564.0	1273612.0	1897277.0	1365872.0	1755801.0	1727630.0	2010060.0	1092352.0	1980306.0	2050231.0	2020985.0
ZeeviD_2015__PNP_Main_559__bin.27	1248272.0	1193352.0	776562.0	1248047.0	807274.0	1218500.0	1277777.0	929933.0	1086010.0	1274958.0	1234688.0	1134324.0	1016677.0	1270668.0	1272443.0	1360168.0	1138095.0	766647.0	845572.0	1286798.0	1260517.0	1299036.0	1270793.0	696231.0	903320.0	1236122.0	1285118.0	1101967.0	1214968.0	1255819.0	1297974.0	712550.0	1072096.0	907197.0	1176687.0	697389.0	1169229.0	733162.0	1273612.0	1460445.0	1210109.0	912163.0	1094075.0	1084713.0	1277338.0	708555.0	1266079.0	1270048.0	1273500.0
CosteaPI_2017__SID713B066-11-90-0__bin.38	1879380.0	1837734.0	1136961.0	1919439.0	1518388.0	1944396.0	1917286.0	1299358.0	1535876.0	1961932.0	1812587.0	1792480.0	1499267.0	1954865.0	1943676.0	1930444.0	1792896.0	1071563.0	1309081.0	1977531.0	1919334.0	1931838.0	1938387.0	1120150.0	1617348.0	1956112.0	1985360.0	1754429.0	1830885.0	1894418.0	1946754.0	1144015.0	1563660.0	1346666.0	1756193.0	1116273.0	1749069.0	1430515.0	1897277.0	1210109.0	2082807.0	1302045.0	1719399.0	1641560.0	1921076.0	1038105.0	1894657.0	1917355.0	1940606.0
BritoIL_2016__M1.38.ST__bin.60	1347807.0	1321021.0	849000.0	1391970.0	1018882.0	1326440.0	1367149.0	976544.0	1156628.0	1369173.0	1311306.0	1276672.0	1108994.0	1355031.0	1370294.0	1368778.0	1266338.0	804163.0	995528.0	1380721.0	1360542.0	1375059.0	1381698.0	835184.0	1082759.0	1339902.0	1379012.0	1244604.0	1335275.0	1364146.0	1379816.0	872327.0	1142255.0	1013003.0	1281253.0	836565.0	1269975.0	948956.0	1365872.0	912163.0	1302045.0	1621042.0	1248626.0	1210080.0	1371787.0	764386.0	1354180.0	1363857.0	1370838.0
CosteaPI_2017__SID713B066-11-0-0__bin.23	1727650.0	1706578.0	1101566.0	1759378.0	1379132.0	1716898.0	1741873.0	1220064.0	1390261.0	1778989.0	1670318.0	1645741.0	1389515.0	1766427.0	1771928.0	1764837.0	1627633.0	980035.0	1299851.0	1784402.0	1740964.0	1780416.0	1772132.0	1131720.0	1445126.0	1735675.0	1790665.0	1637397.0	1679230.0	1758785.0	1772986.0	1155579.0	1416576.0	1275757.0	1609735.0	1068437.0	1611253.0	1304020.0	1755801.0	1094075.0	1719399.0	1248626.0	2010252.0	1542608.0	1756175.0	987984.0	1735360.0	1763183.0	1763651.0
BritoIL_2016__M2.37.ST__bin.35	1680568.0	1683245.0	1060926.0	1754570.0	1329372.0	1676068.0	1717392.0	1205943.0	1398409.0	1730082.0	1645045.0	1672521.0	1374143.0	1725779.0	1730886.0	1720620.0	1589841.0	1002425.0	1214828.0	1775069.0	1717293.0	1756310.0	1805387.0	1045361.0	1399376.0	1699461.0	1768176.0	1568387.0	1644151.0	1702290.0	1741195.0	1065211.0	1395809.0	1246464.0	1592138.0	1029402.0	1661394.0	1251045.0	1727630.0	1084713.0	1641560.0	1210080.0	1542608.0	1896487.0	1711111.0	953954.0	1698684.0	1722590.0	1723632.0
Obregon-TitoAJ_2015__SM39__bin.43	1965877.0	1893679.0	1192777.0	2003873.0	1632320.0	1958322.0	2013304.0	1371502.0	1623479.0	2024811.0	1896173.0	1873447.0	1547803.0	2014511.0	2066154.0	2028398.0	1869599.0	1100349.0	1372921.0	2039927.0	2004951.0	2088967.0	2021972.0	1160867.0	1730937.0	1970027.0	2052717.0	1820836.0	1926519.0	1964524.0	2045866.0	1193467.0	1623743.0	1411014.0	1831041.0	1157554.0	1816229.0	1458500.0	2010060.0	1277338.0	1921076.0	1371787.0	1756175.0	1711111.0	2322096.0	1077087.0	1989704.0	2074535.0	2109781.0
CM_madagascar__A39_02_1FE__bin.34	1068537.0	1063666.0	717628.0	1084366.0	817334.0	1063817.0	1084778.0	752256.0	880078.0	1084857.0	1035000.0	1027083.0	869238.0	1081173.0	1100339.0	1087987.0	996584.0	632948.0	792043.0	1103181.0	1088426.0	1101461.0	1095087.0	714297.0	868601.0	1075073.0	1112094.0	979092.0	1048337.0	1081069.0	1096465.0	715943.0	885899.0	797343.0	982564.0	707132.0	1010998.0	764176.0	1092352.0	708555.0	1038105.0	764386.0	987984.0	953954.0	1077087.0	1269112.0	1068544.0	1095185.0	1085976.0
YuJ_2015__SZAXPI015264-87__bin.34	1969068.0	1887385.0	1188212.0	1990147.0	1521550.0	1958619.0	1993549.0	1372671.0	1598695.0	2006181.0	1889820.0	1855404.0	1567190.0	1996549.0	2006087.0	1991005.0	1866808.0	1103895.0	1349346.0	2027252.0	1991764.0	1987024.0	2009892.0	1157814.0	1604849.0	1969516.0	2022205.0	1824328.0	1899263.0	1963067.0	2030344.0	1189633.0	1615006.0	1430192.0	1815456.0	1147657.0	1811035.0	1435419.0	1980306.0	1266079.0	1894657.0	1354180.0	1735360.0	1698684.0	1989704.0	1068544.0	2160157.0	1973562.0	1983960.0
RampelliS_2015__H13__bin.36	1961860.0	1893368.0	1214822.0	2024960.0	1610297.0	1942523.0	2012269.0	1357174.0	1634107.0	2021743.0	1888293.0	1892546.0	1550876.0	2014063.0	2033950.0	2044215.0	1864589.0	1104323.0	1392377.0	2045944.0	2050070.0	2255409.0	2040612.0	1167926.0	1704228.0	1963458.0	2061982.0	1812565.0	1904463.0	1960810.0	2033401.0	1192571.0	1621472.0	1391388.0	1824005.0	1157905.0	1830376.0	1472572.0	2050231.0	1270048.0	1917355.0	1363857.0	1763183.0	1722590.0	2074535.0	1095185.0	1973562.0	2294160.0	2088543.0
Obregon-TitoAJ_2015__SM18__bin.27	1958905.0	1920763.0	1204682.0	2039486.0	1761380.0	1974281.0	2014442.0	1372527.0	1619978.0	2033493.0	1893455.0	1886471.0	1551443.0	2054461.0	2064807.0	2036357.0	1908253.0	1122664.0	1383587.0	2073803.0	2034100.0	2104220.0	2031433.0	1169400.0	1871968.0	1988928.0	2064286.0	1857368.0	1958897.0	1967643.0	2051234.0	1189582.0	1627667.0	1397864.0	1828969.0	1163549.0	1829212.0	1463225.0	2020985.0	1273500.0	1940606.0	1370838.0	1763651.0	1723632.0	2109781.0	1085976.0	1983960.0	2088543.0	2361898.0
