	ZeeviD_2015__PNP_Main_586__bin.39	YuJ_2015__SZAXPI015261-75__bin.23	NielsenHB_2014__MH0093__bin.7	CosteaPI_2017__halbarad-11-0-0__bin.28	LeChatelierE_2013__MH0093__bin.3	XieH_2016__YSZC12003_37348__bin.16	ZeeviD_2015__PNP_Main_506__bin.26	LeChatelierE_2013__MH0129__bin.41	LeChatelierE_2013__MH0288__bin.80	CosteaPI_2017__halbarad-11-773-0__bin.26	ZellerG_2014__MMPU68403337ST__bin.53	ZeeviD_2015__PNP_Main_304__bin.37	XieH_2016__YSZC12003_37204__bin.17	LeChatelierE_2013__MH0440__bin.73	NielsenHB_2014__V1_UC50_1__bin.69	QinJ_2012__T2D-099__bin.75	ZeeviD_2015__PNP_Main_226__bin.34	NielsenHB_2014__MH0004__bin.10	ZeeviD_2015__PNP_Main_261__bin.11	LeChatelierE_2013__MH0438__bin.46	CosteaPI_2017__halbarad-11-392-0__bin.44	CosteaPI_2017__halbarad-11-7-0__bin.2	ZeeviD_2015__PNP_Main_22__bin.34	LeChatelierE_2013__MH0125__bin.9	SchirmerM_2016__G88802__bin.17	ZellerG_2014__CCIS38765456ST-20-0__bin.4	XieH_2016__YSZC12003_35551__bin.42	NielsenHB_2014__V1_CD19_0__bin.21	NielsenHB_2014__O2_UC55_2__bin.28	ZeeviD_2015__PNP_Validation_7__bin.62	VogtmannE_2016__MMRS79893829ST-27-0-0__bin.10	LiJ_2014__V1.FI02__bin.5	LeChatelierE_2013__MH0004__bin.14	NielsenHB_2014__MH0129__bin.37	ChengpingW_2017__AS78raw__bin.58	NielsenHB_2014__MH0125__bin.30
ZeeviD_2015__PNP_Main_586__bin.39	0.0	67465.0	27971.0	62974.0	37101.0	40355.0	52842.0	34673.0	52134.0	54917.0	54784.0	53795.0	33922.0	45119.0	46936.0	58923.0	40298.0	53012.0	47867.0	49057.0	67446.0	71115.0	47431.0	53420.0	38176.0	49679.0	54794.0	51904.0	46825.0	50517.0	65181.0	56071.0	56141.0	26082.0	69770.0	44309.0
YuJ_2015__SZAXPI015261-75__bin.23	67465.0	0.0	43121.0	63280.0	48414.0	50059.0	54348.0	44179.0	69836.0	57707.0	56963.0	61360.0	48624.0	48412.0	73720.0	40498.0	33360.0	70144.0	60858.0	65442.0	69520.0	72122.0	65825.0	72935.0	49741.0	66929.0	73285.0	48170.0	38411.0	69966.0	53792.0	46104.0	72781.0	37917.0	64558.0	63636.0
NielsenHB_2014__MH0093__bin.7	27971.0	43121.0	0.0	36379.0	199.0	20515.0	29765.0	18966.0	32209.0	38130.0	37391.0	36282.0	27490.0	36698.0	33500.0	41209.0	36125.0	31840.0	26955.0	31962.0	41940.0	42735.0	34512.0	34142.0	34117.0	30250.0	35484.0	25395.0	33182.0	31078.0	37114.0	40372.0	32313.0	24231.0	39991.0	33111.0
CosteaPI_2017__halbarad-11-0-0__bin.28	62974.0	63280.0	36379.0	0.0	45652.0	45856.0	49904.0	42532.0	64258.0	1051.0	592.0	55750.0	43120.0	48214.0	65637.0	54631.0	36856.0	60995.0	55430.0	59259.0	894.0	995.0	58727.0	64598.0	42274.0	58361.0	62252.0	46699.0	40447.0	64698.0	59339.0	53475.0	64218.0	33933.0	62739.0	55974.0
LeChatelierE_2013__MH0093__bin.3	37101.0	48414.0	199.0	45652.0	0.0	29547.0	38186.0	28025.0	36332.0	38009.0	37624.0	40445.0	26205.0	34538.0	38953.0	43754.0	31307.0	36303.0	36328.0	35502.0	47202.0	49202.0	37437.0	38936.0	28762.0	34605.0	39159.0	37614.0	34825.0	37418.0	45645.0	40125.0	36923.0	19495.0	48123.0	33023.0
XieH_2016__YSZC12003_37348__bin.16	40355.0	50059.0	20515.0	45856.0	29547.0	0.0	46189.0	29158.0	40077.0	40659.0	37946.0	43687.0	27129.0	32773.0	43764.0	45210.0	29140.0	39177.0	38158.0	38255.0	49361.0	52282.0	37610.0	40799.0	27908.0	34891.0	42292.0	45032.0	32507.0	41656.0	49798.0	43417.0	42081.0	18914.0	53232.0	34029.0
ZeeviD_2015__PNP_Main_506__bin.26	52842.0	54348.0	29765.0	49904.0	38186.0	46189.0	0.0	36477.0	51684.0	44251.0	42504.0	39223.0	30510.0	30573.0	55183.0	48246.0	32995.0	50121.0	45918.0	48101.0	54737.0	58556.0	44512.0	52184.0	22272.0	47365.0	53308.0	48996.0	36508.0	54099.0	55425.0	46546.0	54387.0	25584.0	56706.0	41636.0
LeChatelierE_2013__MH0129__bin.41	34673.0	44179.0	18966.0	42532.0	28025.0	29158.0	36477.0	0.0	34258.0	34495.0	33872.0	35748.0	20577.0	29399.0	36069.0	40665.0	28227.0	33565.0	33769.0	30680.0	44297.0	46156.0	31715.0	36895.0	26690.0	31558.0	35398.0	37707.0	30189.0	34566.0	45968.0	38890.0	35176.0	345.0	45998.0	30495.0
LeChatelierE_2013__MH0288__bin.80	52134.0	69836.0	32209.0	64258.0	36332.0	40077.0	51684.0	34258.0	0.0	58874.0	58063.0	56633.0	38830.0	52434.0	57987.0	64525.0	46240.0	51996.0	46937.0	51510.0	68681.0	72185.0	48228.0	56718.0	43510.0	48537.0	57387.0	51158.0	47344.0	55536.0	72260.0	64234.0	53801.0	28261.0	72962.0	48221.0
CosteaPI_2017__halbarad-11-773-0__bin.26	54917.0	57707.0	38130.0	1051.0	38009.0	40659.0	44251.0	34495.0	58874.0	0.0	501.0	54424.0	44318.0	53681.0	60796.0	53303.0	39060.0	58953.0	51094.0	56530.0	608.0	567.0	56925.0	59075.0	45481.0	50512.0	57255.0	38213.0	41374.0	59002.0	53754.0	54542.0	58974.0	31606.0	56168.0	55841.0
ZellerG_2014__MMPU68403337ST__bin.53	54784.0	56963.0	37391.0	592.0	37624.0	37946.0	42504.0	33872.0	58063.0	501.0	0.0	51069.0	43335.0	54330.0	58776.0	51281.0	39074.0	55860.0	48661.0	54531.0	729.0	268.0	55975.0	58292.0	44657.0	49452.0	56499.0	37321.0	41078.0	56424.0	51899.0	53054.0	56471.0	30825.0	55015.0	52435.0
ZeeviD_2015__PNP_Main_304__bin.37	53795.0	61360.0	36282.0	55750.0	40445.0	43687.0	39223.0	35748.0	56633.0	54424.0	51069.0	0.0	42722.0	41070.0	59673.0	59560.0	41214.0	55914.0	51035.0	56204.0	60668.0	61982.0	53842.0	60469.0	42124.0	55570.0	61213.0	42060.0	41210.0	57001.0	59772.0	55682.0	59220.0	31728.0	62517.0	54956.0
XieH_2016__YSZC12003_37204__bin.17	33922.0	48624.0	27490.0	43120.0	26205.0	27129.0	30510.0	20577.0	38830.0	44318.0	43335.0	42722.0	0.0	39603.0	39312.0	45999.0	34974.0	40472.0	33307.0	35608.0	46736.0	47545.0	34440.0	39014.0	31985.0	37406.0	38181.0	34547.0	34935.0	35810.0	45624.0	47986.0	40813.0	21746.0	47885.0	37460.0
LeChatelierE_2013__MH0440__bin.73	45119.0	48412.0	36698.0	48214.0	34538.0	32773.0	30573.0	29399.0	52434.0	53681.0	54330.0	41070.0	39603.0	0.0	52680.0	50355.0	39217.0	50351.0	41740.0	52275.0	53666.0	55177.0	49181.0	52150.0	36815.0	47998.0	53470.0	32651.0	36930.0	51441.0	47626.0	52031.0	50498.0	29379.0	49669.0	49884.0
NielsenHB_2014__V1_UC50_1__bin.69	46936.0	73720.0	33500.0	65637.0	38953.0	43764.0	55183.0	36069.0	57987.0	60796.0	58776.0	59673.0	39312.0	52680.0	0.0	63869.0	45639.0	58037.0	51136.0	54748.0	71965.0	75527.0	51514.0	59658.0	45164.0	53852.0	58877.0	54945.0	47434.0	59661.0	70859.0	64729.0	60846.0	28530.0	72167.0	50210.0
QinJ_2012__T2D-099__bin.75	58923.0	40498.0	41209.0	54631.0	43754.0	45210.0	48246.0	40665.0	64525.0	53303.0	51281.0	59560.0	45999.0	50355.0	63869.0	0.0	18360.0	65165.0	53975.0	62690.0	59578.0	61106.0	60433.0	65614.0	51092.0	56883.0	64105.0	41154.0	32879.0	63704.0	44330.0	20511.0	65070.0	36604.0	58206.0	60313.0
ZeeviD_2015__PNP_Main_226__bin.34	40298.0	33360.0	36125.0	36856.0	31307.0	29140.0	32995.0	28227.0	46240.0	39060.0	39074.0	41214.0	34974.0	39217.0	45639.0	18360.0	0.0	44975.0	38138.0	44775.0	43054.0	43978.0	43519.0	47075.0	42998.0	40891.0	46207.0	26966.0	25791.0	42795.0	30262.0	17417.0	45475.0	32421.0	40509.0	45109.0
NielsenHB_2014__MH0004__bin.10	53012.0	70144.0	31840.0	60995.0	36303.0	39177.0	50121.0	33565.0	51996.0	58953.0	55860.0	55914.0	40472.0	50351.0	58037.0	65165.0	44975.0	0.0	49010.0	49905.0	66729.0	67971.0	50054.0	55301.0	42500.0	48756.0	56585.0	49919.0	47042.0	55994.0	66852.0	66585.0	499.0	27068.0	69146.0	48555.0
ZeeviD_2015__PNP_Main_261__bin.11	47867.0	60858.0	26955.0	55430.0	36328.0	38158.0	45918.0	33769.0	46937.0	51094.0	48661.0	51035.0	33307.0	41740.0	51136.0	53975.0	38138.0	49010.0	0.0	45965.0	60968.0	62679.0	44095.0	48502.0	33361.0	45622.0	49895.0	49957.0	42453.0	47272.0	58098.0	51901.0	50591.0	24816.0	62055.0	43078.0
LeChatelierE_2013__MH0438__bin.46	49057.0	65442.0	31962.0	59259.0	35502.0	38255.0	48101.0	30680.0	51510.0	56530.0	54531.0	56204.0	35608.0	52275.0	54748.0	62690.0	44775.0	49905.0	45965.0	0.0	63892.0	67425.0	47576.0	54256.0	42456.0	47856.0	55229.0	48710.0	44174.0	53928.0	63106.0	61393.0	51581.0	27804.0	65968.0	48290.0
CosteaPI_2017__halbarad-11-392-0__bin.44	67446.0	69520.0	41940.0	894.0	47202.0	49361.0	54737.0	44297.0	68681.0	608.0	729.0	60668.0	46736.0	53666.0	71965.0	59578.0	43054.0	66729.0	60968.0	63892.0	0.0	749.0	65424.0	71291.0	47743.0	61500.0	68552.0	49700.0	43783.0	69320.0	64225.0	58169.0	69801.0	36334.0	68155.0	62297.0
CosteaPI_2017__halbarad-11-7-0__bin.2	71115.0	72122.0	42735.0	995.0	49202.0	52282.0	58556.0	46156.0	72185.0	567.0	268.0	61982.0	47545.0	55177.0	75527.0	61106.0	43978.0	67971.0	62679.0	67425.0	749.0	0.0	67480.0	72601.0	48753.0	64783.0	71220.0	51356.0	44623.0	73137.0	67127.0	61623.0	72912.0	37367.0	72008.0	62796.0
ZeeviD_2015__PNP_Main_22__bin.34	47431.0	65825.0	34512.0	58727.0	37437.0	37610.0	44512.0	31715.0	48228.0	56925.0	55975.0	53842.0	34440.0	49181.0	51514.0	60433.0	43519.0	50054.0	44095.0	47576.0	65424.0	67480.0	0.0	55105.0	43452.0	47186.0	55177.0	45297.0	46106.0	52488.0	60536.0	56133.0	51072.0	29130.0	64760.0	48975.0
LeChatelierE_2013__MH0125__bin.9	53420.0	72935.0	34142.0	64598.0	38936.0	40799.0	52184.0	36895.0	56718.0	59075.0	58292.0	60469.0	39014.0	52150.0	59658.0	65614.0	47075.0	55301.0	48502.0	54256.0	71291.0	72601.0	55105.0	0.0	45926.0	49333.0	59202.0	52890.0	49669.0	57247.0	69551.0	64077.0	57411.0	30839.0	71166.0	554.0
SchirmerM_2016__G88802__bin.17	38176.0	49741.0	34117.0	42274.0	28762.0	27908.0	22272.0	26690.0	43510.0	45481.0	44657.0	42124.0	31985.0	36815.0	45164.0	51092.0	42998.0	42500.0	33361.0	42456.0	47743.0	48753.0	43452.0	45926.0	0.0	39512.0	46693.0	31644.0	35977.0	44050.0	48422.0	50444.0	43940.0	29257.0	45655.0	43310.0
ZellerG_2014__CCIS38765456ST-20-0__bin.4	49679.0	66929.0	30250.0	58361.0	34605.0	34891.0	47365.0	31558.0	48537.0	50512.0	49452.0	55570.0	37406.0	47998.0	53852.0	56883.0	40891.0	48756.0	45622.0	47856.0	61500.0	64783.0	47186.0	49333.0	39512.0	0.0	53080.0	47885.0	43491.0	53004.0	63237.0	56072.0	51668.0	24594.0	63709.0	43290.0
XieH_2016__YSZC12003_35551__bin.42	54794.0	73285.0	35484.0	62252.0	39159.0	42292.0	53308.0	35398.0	57387.0	57255.0	56499.0	61213.0	38181.0	53470.0	58877.0	64105.0	46207.0	56585.0	49895.0	55229.0	68552.0	71220.0	55177.0	59202.0	46693.0	53080.0	0.0	53050.0	46187.0	58234.0	71342.0	63020.0	58801.0	29097.0	71828.0	50754.0
NielsenHB_2014__V1_CD19_0__bin.21	51904.0	48170.0	25395.0	46699.0	37614.0	45032.0	48996.0	37707.0	51158.0	38213.0	37321.0	42060.0	34547.0	32651.0	54945.0	41154.0	26966.0	49919.0	49957.0	48710.0	49700.0	51356.0	45297.0	52890.0	31644.0	47885.0	53050.0	0.0	32288.0	54081.0	49591.0	39653.0	52860.0	25891.0	48669.0	43148.0
NielsenHB_2014__O2_UC55_2__bin.28	46825.0	38411.0	33182.0	40447.0	34825.0	32507.0	36508.0	30189.0	47344.0	41374.0	41078.0	41210.0	34935.0	36930.0	47434.0	32879.0	25791.0	47042.0	42453.0	44174.0	43783.0	44623.0	46106.0	49669.0	35977.0	43491.0	46187.0	32288.0	0.0	45379.0	37579.0	30649.0	47728.0	28279.0	44649.0	45987.0
ZeeviD_2015__PNP_Validation_7__bin.62	50517.0	69966.0	31078.0	64698.0	37418.0	41656.0	54099.0	34566.0	55536.0	59002.0	56424.0	57001.0	35810.0	51441.0	59661.0	63704.0	42795.0	55994.0	47272.0	53928.0	69320.0	73137.0	52488.0	57247.0	44050.0	53004.0	58234.0	54081.0	45379.0	0.0	68160.0	60333.0	58297.0	27212.0	70372.0	48663.0
VogtmannE_2016__MMRS79893829ST-27-0-0__bin.10	65181.0	53792.0	37114.0	59339.0	45645.0	49798.0	55425.0	45968.0	72260.0	53754.0	51899.0	59772.0	45624.0	47626.0	70859.0	44330.0	30262.0	66852.0	58098.0	63106.0	64225.0	67127.0	60536.0	69551.0	48422.0	63237.0	71342.0	49591.0	37579.0	68160.0	0.0	44911.0	70762.0	35855.0	64406.0	58736.0
LiJ_2014__V1.FI02__bin.5	56071.0	46104.0	40372.0	53475.0	40125.0	43417.0	46546.0	38890.0	64234.0	54542.0	53054.0	55682.0	47986.0	52031.0	64729.0	20511.0	17417.0	66585.0	51901.0	61393.0	58169.0	61623.0	56133.0	64077.0	50444.0	56072.0	63020.0	39653.0	30649.0	60333.0	44911.0	0.0	67710.0	35426.0	57148.0	60311.0
LeChatelierE_2013__MH0004__bin.14	56141.0	72781.0	32313.0	64218.0	36923.0	42081.0	54387.0	35176.0	53801.0	58974.0	56471.0	59220.0	40813.0	50498.0	60846.0	65070.0	45475.0	499.0	50591.0	51581.0	69801.0	72912.0	51072.0	57411.0	43940.0	51668.0	58801.0	52860.0	47728.0	58297.0	70762.0	67710.0	0.0	27724.0	73615.0	48894.0
NielsenHB_2014__MH0129__bin.37	26082.0	37917.0	24231.0	33933.0	19495.0	18914.0	25584.0	345.0	28261.0	31606.0	30825.0	31728.0	21746.0	29379.0	28530.0	36604.0	32421.0	27068.0	24816.0	27804.0	36334.0	37367.0	29130.0	30839.0	29257.0	24594.0	29097.0	25891.0	28279.0	27212.0	35855.0	35426.0	27724.0	0.0	36596.0	28745.0
ChengpingW_2017__AS78raw__bin.58	69770.0	64558.0	39991.0	62739.0	48123.0	53232.0	56706.0	45998.0	72962.0	56168.0	55015.0	62517.0	47885.0	49669.0	72167.0	58206.0	40509.0	69146.0	62055.0	65968.0	68155.0	72008.0	64760.0	71166.0	45655.0	63709.0	71828.0	48669.0	44649.0	70372.0	64406.0	57148.0	73615.0	36596.0	0.0	61008.0
NielsenHB_2014__MH0125__bin.30	44309.0	63636.0	33111.0	55974.0	33023.0	34029.0	41636.0	30495.0	48221.0	55841.0	52435.0	54956.0	37460.0	49884.0	50210.0	60313.0	45109.0	48555.0	43078.0	48290.0	62297.0	62796.0	48975.0	554.0	43310.0	43290.0	50754.0	43148.0	45987.0	48663.0	58736.0	60311.0	48894.0	28745.0	61008.0	0.0
