	LiJ_2014__O2.UC20-1__bin.46	ZellerG_2014__CCIS22275061ST-4-0__bin.88	FengQ_2015__SID530168__bin.25	HMP_2012__SRS018313__bin.11	HeQ_2017__SZAXPI029499-101__bin.12	FengQ_2015__SID531155__bin.32	ZellerG_2014__CCIS81735969ST-20-0__bin.63	LiJ_2014__O2.UC18-1__bin.41	LiJ_2014__O2.UC8-1__bin.4	KarlssonFH_2013__S312__bin.44	XieH_2016__YSZC12003_37399__bin.8	NielsenHB_2014__V1_CD20_4__bin.46	BackhedF_2015__SID10_4M__bin.10	LiJ_2014__V1.FI29__bin.10	HMP_2012__SRS014923__bin.60	ZeeviD_2015__PNP_Main_454__bin.8	YuJ_2015__SZAXPI015211-166__bin.60	CosteaPI_2017__SID713A068-11-0-0__bin.28	IjazUZ_2017__S58_a_WGS__bin.15	YuJ_2015__SZAXPI017590-136__bin.13	ZellerG_2014__CCMD25963797ST-21-0__bin.46	NielsenHB_2014__V1_UC4_0__bin.35	FengQ_2015__SID530315__bin.10	ZellerG_2014__CCIS78100604ST-4-0__bin.51	SchirmerM_2016__G89021__bin.21	LiJ_2014__V1.FI20__bin.59	FengQ_2015__SID31256__bin.39	FengQ_2015__SID530403__bin.30	ZellerG_2014__CCIS27927933ST-4-0__bin.36	ZeeviD_2015__PNP_Main_433__bin.17	NielsenHB_2014__O2_UC11_2__bin.52	FengQ_2015__SID531281__bin.22	XieH_2016__YSZC12003_37353__bin.57	HMP_2012__SRS011134__bin.53	FengQ_2015__SID31233__bin.14	GeversD_2014__SKBSTL064__bin.11	LiJ_2014__V1.FI37__bin.84	SchirmerM_2016__G88908__bin.27	ZellerG_2014__CCIS82146115ST-4-0__bin.67	XieH_2016__YSZC12003_37097__bin.8	XieH_2016__YSZC12003_35577__bin.17	FengQ_2015__SID31237__bin.67	QinJ_2012__T2D-102__bin.42	IjazUZ_2017__S56_a_WGS__bin.5	YuJ_2015__SZAXPI015257-56__bin.4	QinJ_2012__T2D-107__bin.61	CosteaPI_2017__alien3-11-0-0__bin.38
LiJ_2014__O2.UC20-1__bin.46	1.0	0.9936851689035994	0.9830259808081467	0.9834908282979208	0.9896613498131072	0.9835287019642246	0.983994853290817	0.9831780625853881	0.9832182773585864	0.9840298333675254	0.9833419166634552	0.9837599734144659	0.9928156031174585	0.9831037835333704	0.983103245589333	0.9914922454808675	0.9776124245223246	0.9836272894842982	0.9831435915971863	0.9822766520487752	0.9834526382693872	0.9856602299283012	0.9832323955003023	0.9837758703201213	0.9848632239334001	0.9834412789270408	0.982635731887987	0.9841355260381724	0.9920500582311232	0.9836746890598462	0.9834433307741612	0.9836640879304572	0.9841183507146899	0.9837810954180238	0.9840186227283001	0.9817045670338017	0.9927149414616535	0.984429055877858	0.9838319292890211	0.9827405328844961	0.9829686590301197	0.9831717292518217	0.9772096289332266	0.9835842695395293	0.9777499039754177	0.9783883703416326	0.9854898855474432
ZellerG_2014__CCIS22275061ST-4-0__bin.88	0.9936851689035994	1.0	0.9825018311373279	0.9829753875363678	0.9875419040622004	0.9826974776601405	0.9827843540916109	0.9827397038014278	0.9827280711024753	0.983928324761559	0.983032742771508	0.9832280114328839	0.991397671325349	0.9822096390389046	0.9827436843599205	0.9897633320794282	0.9775884143222262	0.9833832346576907	0.9824412272331714	0.9813815138780118	0.982456871977268	0.9842753881745268	0.9818797208371738	0.982814912615064	0.9854405800506405	0.9825768132203396	0.983190356139868	0.983079254073679	0.9898630049811459	0.9836602400865666	0.9820599001041361	0.9832526145618128	0.9832107140122439	0.9827414630392827	0.9833279904974269	0.9807783919745976	0.9904602698098748	0.983642373030458	0.9837715582315394	0.9814642347308139	0.9818847408844994	0.9815908783834502	0.9764062612145294	0.9830151058982499	0.9765313039892174	0.9768126796999562	0.9840305821466909
FengQ_2015__SID530168__bin.25	0.9830259808081467	0.9825018311373279	1.0	0.9861529033325085	0.9788291350378288	0.9860357131752229	0.9884953397758286	0.985759620552958	0.98918854786376	0.9872700710711066	0.9882265482916932	0.9910963927691158	0.9805117433977362	0.9896157421210474	0.9864859791009176	0.9795749641550134	0.977592636183905	0.9868540011629153	0.9837228056651877	0.9861468945094024	0.9865248785235332	0.9885898895475445	0.9858111411126677	0.9861257566014049	0.9889539497672822	0.9872252357534653	0.9862187398864778	0.9841036146988494	0.98107831537207	0.9872040189906557	0.9866240282016063	0.9882671912388405	0.9872184084372004	0.9868814786427614	0.9885136508172745	0.98284360148302	0.980336643131022	0.9849212144703736	0.9876845877250211	0.986100215992005	0.982113101014255	0.9849037631390323	0.976478716693202	0.9843689098364546	0.977590988321097	0.9775709350932136	0.9877584772375156
HMP_2012__SRS018313__bin.11	0.9834908282979208	0.9829753875363678	0.9861529033325085	1.0	0.9788901556013866	0.9869953967165574	0.9887791000544661	0.9864752955447471	0.987665760836451	0.9881841724870324	0.9874731879246641	0.9876105478929237	0.9818700787401575	0.9857466826194347	0.98712107649203	0.9803721697754244	0.9783533232524572	0.9869250876925922	0.9834975610579438	0.986375941551617	0.9853036181380896	0.9885676312695361	0.9862807242817366	0.9867588363930073	0.9885883189672154	0.9882197499164144	0.987457873544156	0.9851295750736506	0.9819130671929205	0.9863995047309284	0.9870497840121952	0.9882944321582153	0.9872680323308283	0.9880796683563163	0.9874381120746937	0.9821591750315213	0.9812423515686082	0.9846496740706654	0.9876576693510736	0.9886439318949328	0.98291310428738	0.9851203567782276	0.9773396415826638	0.9834148196488237	0.9779814776929254	0.9779459950452694	0.9871938639661603
HeQ_2017__SZAXPI029499-101__bin.12	0.9896613498131072	0.9875419040622004	0.9788291350378288	0.9788901556013866	1.0	0.9797756279639613	0.9796228714275148	0.9790827784487044	0.9788214148344887	0.9794836679040376	0.979228215409822	0.9794476883931278	0.9892743490860921	0.9786591406772659	0.9788809266033871	0.9887589353353531	0.9754423965383423	0.9800325397087346	0.9782443210258364	0.978990403974836	0.9793286215120867	0.9817995831434788	0.9790788719714587	0.9796164097829722	0.9826386765049164	0.9794033992561184	0.9800250684869675	0.9805561120284683	0.9874905357593535	0.9822523171576056	0.9802298812637693	0.9804726523476524	0.980255054992586	0.9797330178147156	0.9799951894381442	0.977984849825017	0.9886522358245838	0.9812327953027313	0.9805666857237194	0.9790266590661019	0.9790267571707664	0.9791715821773798	0.9752271099680184	0.979135136740412	0.9755194946898792	0.9762772666782388	0.9814729303648473
FengQ_2015__SID531155__bin.32	0.9835287019642246	0.9826974776601405	0.9860357131752229	0.9869953967165574	0.9797756279639613	1.0	0.9874263327485676	0.9864372717631671	0.9868828845600757	0.9873230745133756	0.9873467737436353	0.9873117162129599	0.9833361665372582	0.9852710259438915	0.9866402273898193	0.9814946342042359	0.9788693344845167	0.9871909640381789	0.985123122775779	0.9853359759571997	0.9864231647242581	0.9885920489930194	0.9865492982670007	0.9863202087060712	0.988815816036918	0.9867305656537474	0.9863999001394705	0.9846672883388876	0.9821412010201716	0.9876657945614579	0.9887495092347114	0.9871464033179483	0.9876276038723772	0.987151554821636	0.987555150096548	0.9836496057615346	0.982155228725826	0.9854475287887502	0.9876605022653876	0.9869489157347616	0.9836981024108572	0.9862690557819609	0.9790749113446364	0.9845366391184573	0.9790724838311955	0.9785046194330825	0.9876541381382398
ZellerG_2014__CCIS81735969ST-20-0__bin.63	0.983994853290817	0.9827843540916109	0.9884953397758286	0.9887791000544661	0.9796228714275148	0.9874263327485676	1.0	0.9878624040310025	0.988159999449409	0.9881494469903133	0.9884007601427649	0.9895895966237878	0.9820800531531256	0.9870630149187264	0.9881630447482183	0.9801031490044	0.979227053602998	0.9877923645146663	0.9848392455035428	0.9887071922813622	0.9870572860647302	0.9893142222141759	0.986949995096819	0.987469842945829	0.9896111907642977	0.9887732908230769	0.9883453092250352	0.9857018615823869	0.9813671547025052	0.9877048882087726	0.9868768809125302	0.9909019811364955	0.988945029911372	0.9885252617728546	0.9888676555343222	0.984320485026762	0.9814695014126077	0.9859181303718593	0.9886965355080237	0.9916383895870368	0.9834118084703272	0.9866389912692053	0.9785990400786142	0.9850261643654159	0.9790232418594867	0.9784561631186204	0.9877284968240189
LiJ_2014__O2.UC18-1__bin.41	0.9831780625853881	0.9827397038014278	0.985759620552958	0.9864752955447471	0.9790827784487044	0.9864372717631671	0.9878624040310025	1.0	0.9882952482896635	0.9894839398227092	0.9874740601718986	0.9884454659795024	0.9820271811838513	0.9877948590684674	0.9887731415562495	0.9802017608632557	0.9779245917785243	0.9865929081338031	0.9846362529066549	0.9847231138692727	0.9863873798522338	0.9883949073705283	0.9856358867133471	0.9885106344836704	0.9895140949156026	0.9865749366301892	0.9874536198118906	0.984876550195297	0.9819363416657744	0.9867318598487818	0.9867098482635155	0.9878384312433961	0.9891518551895417	0.9866282886321402	0.9877066593263121	0.9831265649186762	0.9809050429259278	0.9844864964100445	0.989669481556799	0.9857963053988283	0.9835532456512516	0.9858968407018547	0.9779527799973404	0.984065177833294	0.9778030608739529	0.9786414180336893	0.9890910000055559
LiJ_2014__O2.UC8-1__bin.4	0.9832182773585864	0.9827280711024753	0.98918854786376	0.987665760836451	0.9788214148344887	0.9868828845600757	0.988159999449409	0.9882952482896635	1.0	0.9894737963422318	0.9898774249169824	0.991638757362282	0.9822456924132065	0.9898902771941152	0.9883692453841153	0.9807071944133204	0.9784901432954854	0.987080170045537	0.9845766308232883	0.9857098571122276	0.9860828712261245	0.9888481902498744	0.9873221154178907	0.9873910079953837	0.9891451692759462	0.9869612213693139	0.9871709151241053	0.9850989883149739	0.9819703419855814	0.9879504792968068	0.9876071237903017	0.9891952457786086	0.9884982330206551	0.9874208025410944	0.9882605145520705	0.9840501885202582	0.9812551714652689	0.9851905355648689	0.988982721661943	0.9874649789464075	0.9836731881591217	0.9863199892165554	0.9784430722923537	0.9850919816434998	0.9784954562246029	0.9788556874654608	0.9884597580199481
KarlssonFH_2013__S312__bin.44	0.9840298333675254	0.983928324761559	0.9872700710711066	0.9881841724870324	0.9794836679040376	0.9873230745133756	0.9881494469903133	0.9894839398227092	0.9894737963422318	1.0	0.9887858012644081	0.9889867557632185	0.982047992123953	0.9863299045640038	0.9921161471161877	0.9807011706788524	0.9799508101397117	0.9876539353006132	0.9855213205460444	0.9870447019298576	0.9865737146314769	0.9894412444417708	0.987180623510403	0.9897848603909107	0.9903569196072903	0.9891132401777494	0.9873223614353567	0.9852901427781162	0.9824243036832097	0.9889062198296699	0.9881914641873625	0.9877081596442848	0.9901710725635573	0.9885516506922257	0.9891441256021243	0.9839497335198258	0.9821926685832868	0.9860933446720931	0.990466681789744	0.9873329491381804	0.9842247063019424	0.9870486978342187	0.9794098337130249	0.985517474149305	0.9794667645544839	0.9780562146353373	0.9903520950676422
XieH_2016__YSZC12003_37399__bin.8	0.9833419166634552	0.983032742771508	0.9882265482916932	0.9874731879246641	0.979228215409822	0.9873467737436353	0.9884007601427649	0.9874740601718986	0.9898774249169824	0.9887858012644081	1.0	0.9899213110313537	0.9827495562734493	0.9887783386415869	0.988863038793156	0.9809294804451316	0.9789844771810532	0.9874516855990721	0.9851068408114294	0.986277387774854	0.9868896566787793	0.9889851603364539	0.9869323728778874	0.9876518473539928	0.9901166819339295	0.9870392797134071	0.9868742973328549	0.9847898958076815	0.9818585444428174	0.9873324486839614	0.9869374874093393	0.987839644999657	0.9885563112040666	0.9868822383208631	0.9881418301604061	0.9828460958706855	0.9810983309061472	0.9853488311303575	0.990648025888901	0.9869694421845587	0.9841566882535974	0.9863514651838791	0.9781928742239046	0.985317837922159	0.9785412842749746	0.9783181607191914	0.9909579379610925
NielsenHB_2014__V1_CD20_4__bin.46	0.9837599734144659	0.9832280114328839	0.9910963927691158	0.9876105478929237	0.9794476883931278	0.9873117162129599	0.9895895966237878	0.9884454659795024	0.991638757362282	0.9889867557632185	0.9899213110313537	1.0	0.9810471354295891	0.9902539191935302	0.9876658936773478	0.9806687502053848	0.9778472371447258	0.9871337783997219	0.9840584513055243	0.9861891131987647	0.9868587946118895	0.9888260731862865	0.9868672472362559	0.9874391977971406	0.9893020549427264	0.9866049879324216	0.986668510386843	0.984828293182983	0.9814508020408227	0.9868023675415384	0.9880224700611517	0.9884242468986587	0.9875990652276393	0.9872702938159174	0.9883771413453997	0.9832367522914431	0.9819151948843708	0.9844987286181883	0.9889387631286243	0.9868731294180072	0.9833440225405231	0.9863927010264399	0.9781305440878478	0.9838584311449787	0.9789166362425035	0.9778145698583418	0.9880499930732174
BackhedF_2015__SID10_4M__bin.10	0.9928156031174585	0.991397671325349	0.9805117433977362	0.9818700787401575	0.9892743490860921	0.9833361665372582	0.9820800531531256	0.9820271811838513	0.9822456924132065	0.982047992123953	0.9827495562734493	0.9810471354295891	1.0	0.9804424901518869	0.9815525252704581	0.9922720247295209	0.9787281286082246	0.9829593576374483	0.9824932638335189	0.9823899578998104	0.9814339948161018	0.985501264309852	0.9822896008845563	0.9812751336875372	0.9833758975533432	0.9822703711562528	0.9819501964146456	0.9836822253613252	0.9932779146141215	0.9833434000836314	0.9827664300034947	0.982061773538954	0.9834143346397203	0.9828056852370578	0.9828440921255016	0.9812598380532354	0.9925329743285007	0.9845505262295449	0.9825008955157529	0.9827778031053304	0.981904084692726	0.9808606077717918	0.9766054117976567	0.9825752077981313	0.9773340850090856	0.9760612461907335	0.9839448338364777
LiJ_2014__V1.FI29__bin.10	0.9831037835333704	0.9822096390389046	0.9896157421210474	0.9857466826194347	0.9786591406772659	0.9852710259438915	0.9870630149187264	0.9877948590684674	0.9898902771941152	0.9863299045640038	0.9887783386415869	0.9902539191935302	0.9804424901518869	1.0	0.9861389002567663	0.9799229258547276	0.9777043097114821	0.9860396383139712	0.9844748157789842	0.983560361886389	0.9853911116182109	0.9889797736260283	0.986064946391325	0.9856879018395523	0.9884534854408117	0.9860664660306077	0.9848199192103616	0.9832742293434621	0.9814337930200614	0.9868476217132119	0.9867215179564706	0.9861856928328555	0.9882693041637995	0.9864893681933383	0.9868295154704773	0.9830629789327247	0.9807409389714752	0.9840182191856913	0.9886050887871377	0.9854890859187515	0.9833279200580433	0.985539247921458	0.9767633538081766	0.9844216361700846	0.9770276456536942	0.9783804207814513	0.9877499258868869
HMP_2012__SRS014923__bin.60	0.983103245589333	0.9827436843599205	0.9864859791009176	0.98712107649203	0.9788809266033871	0.9866402273898193	0.9881630447482183	0.9887731415562495	0.9883692453841153	0.9921161471161877	0.988863038793156	0.9876658936773478	0.9815525252704581	0.9861389002567663	1.0	0.9808088515227587	0.9794296235289554	0.9873473713938647	0.9851552122260187	0.9855504660900621	0.9864492585147654	0.9883465690066554	0.9866783505735522	0.9888429712352597	0.990425010220977	0.9875389559767794	0.9869670724886455	0.9853383792747221	0.9813280684229893	0.9879285360287785	0.9871547284097176	0.9868829356110735	0.9897284017971237	0.9878237615911172	0.9888934958231392	0.9826157512602118	0.9810776269520173	0.984870331582835	0.9912723840017518	0.9870266177163133	0.9837307707816689	0.9865030451913124	0.978449545728663	0.9851806500970631	0.9791430089929856	0.9795392856459954	0.9902535605814515
ZeeviD_2015__PNP_Main_454__bin.8	0.9914922454808675	0.9897633320794282	0.9795749641550134	0.9803721697754244	0.9887589353353531	0.9814946342042359	0.9801031490044	0.9802017608632557	0.9807071944133204	0.9807011706788524	0.9809294804451316	0.9806687502053848	0.9922720247295209	0.9799229258547276	0.9808088515227587	1.0	0.9774139650824705	0.9816582685062459	0.9817517440098216	0.979225131941063	0.9799645117499459	0.9828283792840634	0.9811939452060905	0.9807158925470523	0.9825600446195141	0.9804618057965289	0.981381851064511	0.9823525202459366	0.9904982643369566	0.9815773758479821	0.9808975491182481	0.9814338861866369	0.98155734613572	0.9808855025641591	0.9818152820759608	0.9791953989962839	0.9921593966737315	0.9817544684114463	0.9820506047067201	0.9807497485281633	0.9807447277309819	0.979312525174399	0.9762098497663453	0.9817059411195735	0.9758885378476857	0.9763972282768835	0.9825988390340966
YuJ_2015__SZAXPI015211-166__bin.60	0.9776124245223246	0.9775884143222262	0.977592636183905	0.9783533232524572	0.9754423965383423	0.9788693344845167	0.979227053602998	0.9779245917785243	0.9784901432954854	0.9799508101397117	0.9789844771810532	0.9778472371447258	0.9787281286082246	0.9777043097114821	0.9794296235289554	0.9774139650824705	1.0	0.9794721371436469	0.978067179508834	0.9793371538584655	0.9792083887682935	0.9793465899980512	0.9780294474622224	0.9779890045346262	0.9802396146195569	0.9779987331889758	0.9803107104584989	0.9779963243030907	0.9769193706981317	0.9784195112583417	0.9783386805424497	0.9798653204088276	0.9792612486078629	0.9784889330822626	0.9782826327088178	0.9767264116815207	0.9769498520493735	0.9776129944552907	0.9794566840576923	0.9787083461628607	0.9771230904333329	0.9781870977484114	0.9829441114687969	0.9794684221737047	0.9843890269688763	0.9854410612014897	0.9797073093894368
CosteaPI_2017__SID713A068-11-0-0__bin.28	0.9836272894842982	0.9833832346576907	0.9868540011629153	0.9869250876925922	0.9800325397087346	0.9871909640381789	0.9877923645146663	0.9865929081338031	0.987080170045537	0.9876539353006132	0.9874516855990721	0.9871337783997219	0.9829593576374483	0.9860396383139712	0.9873473713938647	0.9816582685062459	0.9794721371436469	1.0	0.9856439571075266	0.986398816785887	0.9873234686564647	0.9874630059865231	0.9874802262841476	0.9876672407521835	0.988344937373172	0.9860802522613248	0.9883423611050343	0.9857115167487029	0.9824239269500422	0.9872236429055056	0.9873480923512207	0.9884772353707163	0.988756256325555	0.9864187365933255	0.988161259072889	0.9847185160237312	0.9827299591980975	0.9859732854167429	0.9873311395404767	0.987030353703672	0.9841299367341363	0.9864580456720505	0.9794501286877775	0.9851491455396638	0.9795751986522404	0.979394092973319	0.9879229240486977
IjazUZ_2017__S58_a_WGS__bin.15	0.9831435915971863	0.9824412272331714	0.9837228056651877	0.9834975610579438	0.9782443210258364	0.985123122775779	0.9848392455035428	0.9846362529066549	0.9845766308232883	0.9855213205460444	0.9851068408114294	0.9840584513055243	0.9824932638335189	0.9844748157789842	0.9851552122260187	0.9817517440098216	0.978067179508834	0.9856439571075266	1.0	0.9838618710826438	0.9845831840865648	0.9861491677442977	0.9846062531670297	0.9848763415498838	0.9874099731422659	0.9847951492400627	0.9859783028172033	0.9876663802261793	0.9822365610544509	0.9866812941972969	0.9843201456490521	0.9853814381663503	0.985485448561277	0.984707116975743	0.9855408178138559	0.989943781488386	0.9815223414879508	0.989041199627784	0.9852322304770955	0.9842757990954747	0.9984208673882736	0.9840550010018327	0.9783384557345194	0.9986424996122236	0.9786932186617474	0.9792517788634323	0.9853954536253949
YuJ_2015__SZAXPI017590-136__bin.13	0.9822766520487752	0.9813815138780118	0.9861468945094024	0.986375941551617	0.978990403974836	0.9853359759571997	0.9887071922813622	0.9847231138692727	0.9857098571122276	0.9870447019298576	0.986277387774854	0.9861891131987647	0.9823899578998104	0.983560361886389	0.9855504660900621	0.979225131941063	0.9793371538584655	0.986398816785887	0.9838618710826438	1.0	0.9861540085507958	0.9886886049601988	0.9856398144999459	0.9851168394685944	0.988915969087195	0.987206887093941	0.9884456318580256	0.983573270681225	0.9809129050925925	0.9862930262515048	0.9854368016092367	0.9946391615069661	0.9871655349834618	0.9868482787111995	0.9867185977834404	0.982813821950671	0.9806430422814779	0.9849474556124612	0.9867405711061354	0.9873502056784986	0.9831971731121715	0.985903128668402	0.9790214314921332	0.9845186960145008	0.9799014364099862	0.9793736892974814	0.9872317153129302
ZellerG_2014__CCMD25963797ST-21-0__bin.46	0.9834526382693872	0.982456871977268	0.9865248785235332	0.9853036181380896	0.9793286215120867	0.9864231647242581	0.9870572860647302	0.9863873798522338	0.9860828712261245	0.9865737146314769	0.9868896566787793	0.9868587946118895	0.9814339948161018	0.9853911116182109	0.9864492585147654	0.9799645117499459	0.9792083887682935	0.9873234686564647	0.9845831840865648	0.9861540085507958	1.0	0.9873339447389935	0.9864138061389893	0.9864548946126641	0.9885922391965606	0.9865141169341178	0.9885683293938533	0.9861545903648581	0.981688387066295	0.9879491857331749	0.9865787969252225	0.9881903507372423	0.9880805082152132	0.9864578810878926	0.9883606261510496	0.9830973212804777	0.9819425759346205	0.985202193513659	0.987638955025369	0.9870766240301927	0.9834916758716682	0.9869886456520525	0.9779427804606221	0.9842122638913998	0.9785375472270483	0.9786243442571797	0.9877099562018544
NielsenHB_2014__V1_UC4_0__bin.35	0.9856602299283012	0.9842753881745268	0.9885898895475445	0.9885676312695361	0.9817995831434788	0.9885920489930194	0.9893142222141759	0.9883949073705283	0.9888481902498744	0.9894412444417708	0.9889851603364539	0.9888260731862865	0.985501264309852	0.9889797736260283	0.9883465690066554	0.9828283792840634	0.9793465899980512	0.9874630059865231	0.9861491677442977	0.9886886049601988	0.9873339447389935	1.0	0.9866815928973186	0.9873121791529009	0.990728539972606	0.996446991098366	0.9890740068756778	0.9857814908561289	0.9840395533330827	0.9878692517173568	0.988377666530227	0.9913121609202015	0.9890450555412192	0.9950030062960874	0.9883124099491769	0.984071004875519	0.984495257134943	0.9858252682775062	0.9890281417200415	0.9889598788695156	0.9852541945288449	0.9871907759528069	0.9804399264019885	0.985621351450344	0.9801491223845571	0.9804202588297687	0.989111070607534
FengQ_2015__SID530315__bin.10	0.9832323955003023	0.9818797208371738	0.9858111411126677	0.9862807242817366	0.9790788719714587	0.9865492982670007	0.986949995096819	0.9856358867133471	0.9873221154178907	0.987180623510403	0.9869323728778874	0.9868672472362559	0.9822896008845563	0.986064946391325	0.9866783505735522	0.9811939452060905	0.9780294474622224	0.9874802262841476	0.9846062531670297	0.9856398144999459	0.9864138061389893	0.9866815928973186	1.0	0.9863177294239514	0.9888599806876427	0.9855344933691308	0.9867768872947374	0.9853712419906789	0.9821649997251926	0.9864611130658978	0.9866603172022091	0.9877784445812691	0.9872713022058001	0.9858324045272883	0.9870140285358613	0.9832944728825521	0.9812609794219451	0.9861506790508898	0.9868515937724321	0.986805358933382	0.9834346702312019	0.9856105599442304	0.9787632957425797	0.9850818897362141	0.9788396569274341	0.9780125964796349	0.9867622363949001
ZellerG_2014__CCIS78100604ST-4-0__bin.51	0.9837758703201213	0.982814912615064	0.9861257566014049	0.9867588363930073	0.9796164097829722	0.9863202087060712	0.987469842945829	0.9885106344836704	0.9873910079953837	0.9897848603909107	0.9876518473539928	0.9874391977971406	0.9812751336875372	0.9856879018395523	0.9888429712352597	0.9807158925470523	0.9779890045346262	0.9876672407521835	0.9848763415498838	0.9851168394685944	0.9864548946126641	0.9873121791529009	0.9863177294239514	1.0	0.9888030208448352	0.9864178674460357	0.9881853217736571	0.9844210201999614	0.9823653566860406	0.9868538399286533	0.9864230133007656	0.9882317916619772	0.9890653423469925	0.9872184169506801	0.9879942477316482	0.9829972005762933	0.9815447974335366	0.9856821339971527	0.9891835805204456	0.9860695971085898	0.9836484398520252	0.9864821435521626	0.9779332952067057	0.9840068290570576	0.9779599099817753	0.9783513273496015	0.9890614588851703
SchirmerM_2016__G89021__bin.21	0.9848632239334001	0.9854405800506405	0.9889539497672822	0.9885883189672154	0.9826386765049164	0.988815816036918	0.9896111907642977	0.9895140949156026	0.9891451692759462	0.9903569196072903	0.9901166819339295	0.9893020549427264	0.9833758975533432	0.9884534854408117	0.990425010220977	0.9825600446195141	0.9802396146195569	0.988344937373172	0.9874099731422659	0.988915969087195	0.9885922391965606	0.990728539972606	0.9888599806876427	0.9888030208448352	1.0	0.9894983180106653	0.9888731267665725	0.9874574966680096	0.984176331582669	0.9890379723141586	0.9889654329093802	0.9919084592035727	0.9901743975091459	0.9890587404637121	0.9894137203103611	0.9852898466304478	0.9839563480575348	0.9861077107333567	0.9895192432688705	0.9887766207561873	0.9856939043835846	0.9881293030511181	0.9800865868682924	0.9876758903587511	0.9800645202416891	0.9800491516796193	0.9902980999690738
LiJ_2014__V1.FI20__bin.59	0.9834412789270408	0.9825768132203396	0.9872252357534653	0.9882197499164144	0.9794033992561184	0.9867305656537474	0.9887732908230769	0.9865749366301892	0.9869612213693139	0.9891132401777494	0.9870392797134071	0.9866049879324216	0.9822703711562528	0.9860664660306077	0.9875389559767794	0.9804618057965289	0.9779987331889758	0.9860802522613248	0.9847951492400627	0.987206887093941	0.9865141169341178	0.996446991098366	0.9855344933691308	0.9864178674460357	0.9894983180106653	1.0	0.9880355681418014	0.9849626717491521	0.9817293314582071	0.9861484774449256	0.9867147012182526	0.9896411926922065	0.9875434035886528	0.9973665945724892	0.9879902658340052	0.9828658801522951	0.9818332118103941	0.9843955015460816	0.9884807014405202	0.9875352348253623	0.9837930093909519	0.9863212783211669	0.9779452776698581	0.9849636386210521	0.9785111174125536	0.9779464739068376	0.987479271970233
FengQ_2015__SID31256__bin.39	0.982635731887987	0.983190356139868	0.9862187398864778	0.987457873544156	0.9800250684869675	0.9863999001394705	0.9883453092250352	0.9874536198118906	0.9871709151241053	0.9873223614353567	0.9868742973328549	0.986668510386843	0.9819501964146456	0.9848199192103616	0.9869670724886455	0.981381851064511	0.9803107104584989	0.9883423611050343	0.9859783028172033	0.9884456318580256	0.9885683293938533	0.9890740068756778	0.9867768872947374	0.9881853217736571	0.9888731267665725	0.9880355681418014	1.0	0.9865295056456591	0.9825624761902729	0.9875807038059767	0.9877658340220619	0.9893012446119177	0.9888270157030564	0.9878260948980104	0.9885647994696719	0.9840788427709901	0.9818704132648906	0.9865855966688748	0.9882807244918648	0.9879807717776994	0.9842641699694294	0.9874107561236449	0.9784179477662962	0.9856914078191962	0.9786890174446615	0.9771367132697112	0.9883554347864985
FengQ_2015__SID530403__bin.30	0.9841355260381724	0.983079254073679	0.9841036146988494	0.9851295750736506	0.9805561120284683	0.9846672883388876	0.9857018615823869	0.984876550195297	0.9850989883149739	0.9852901427781162	0.9847898958076815	0.984828293182983	0.9836822253613252	0.9832742293434621	0.9853383792747221	0.9823525202459366	0.9779963243030907	0.9857115167487029	0.9876663802261793	0.983573270681225	0.9861545903648581	0.9857814908561289	0.9853712419906789	0.9844210201999614	0.9874574966680096	0.9849626717491521	0.9865295056456591	1.0	0.9833229212201227	0.9858821962829196	0.9852009023124307	0.9869535708568117	0.9860101335673411	0.9848794883161295	0.9861901083352579	0.9869203955148566	0.9822776163450019	0.9943183752391457	0.9859414404666432	0.9849793493676753	0.9868438135353118	0.9855527317346143	0.977317895479128	0.9879190064685155	0.9782514216253569	0.9779932478734087	0.9860833620840326
ZellerG_2014__CCIS27927933ST-4-0__bin.36	0.9920500582311232	0.9898630049811459	0.98107831537207	0.9819130671929205	0.9874905357593535	0.9821412010201716	0.9813671547025052	0.9819363416657744	0.9819703419855814	0.9824243036832097	0.9818585444428174	0.9814508020408227	0.9932779146141215	0.9814337930200614	0.9813280684229893	0.9904982643369566	0.9769193706981317	0.9824239269500422	0.9822365610544509	0.9809129050925925	0.981688387066295	0.9840395533330827	0.9821649997251926	0.9823653566860406	0.984176331582669	0.9817293314582071	0.9825624761902729	0.9833229212201227	1.0	0.9825950196592399	0.9818081378698458	0.9829896967402201	0.9828583785374292	0.981801766645764	0.9827831691619617	0.9806730069806755	0.9908267268260167	0.9832398290566109	0.9831383636628377	0.9813080685356319	0.9812927588010767	0.9814385563635204	0.9759414954186358	0.9831156071069862	0.9765215925939845	0.976432119963826	0.9837511304791137
ZeeviD_2015__PNP_Main_433__bin.17	0.9836746890598462	0.9836602400865666	0.9872040189906557	0.9863995047309284	0.9822523171576056	0.9876657945614579	0.9877048882087726	0.9867318598487818	0.9879504792968068	0.9889062198296699	0.9873324486839614	0.9868023675415384	0.9833434000836314	0.9868476217132119	0.9879285360287785	0.9815773758479821	0.9784195112583417	0.9872236429055056	0.9866812941972969	0.9862930262515048	0.9879491857331749	0.9878692517173568	0.9864611130658978	0.9868538399286533	0.9890379723141586	0.9861484774449256	0.9875807038059767	0.9858821962829196	0.9825950196592399	1.0	0.9868942347842928	0.9880871430447534	0.9881764123580027	0.9869076826908095	0.9874057448558405	0.9846160634601616	0.9825362300151024	0.9861296991133522	0.9879934831720618	0.987778744626414	0.9847850271579085	0.9876255345399356	0.9792722784978284	0.9860687763114327	0.979860554551938	0.9799768644364708	0.9884562813332783
NielsenHB_2014__O2_UC11_2__bin.52	0.9834433307741612	0.9820599001041361	0.9866240282016063	0.9870497840121952	0.9802298812637693	0.9887495092347114	0.9868768809125302	0.9867098482635155	0.9876071237903017	0.9881914641873625	0.9869374874093393	0.9880224700611517	0.9827664300034947	0.9867215179564706	0.9871547284097176	0.9808975491182481	0.9783386805424497	0.9873480923512207	0.9843201456490521	0.9854368016092367	0.9865787969252225	0.988377666530227	0.9866603172022091	0.9864230133007656	0.9889654329093802	0.9867147012182526	0.9877658340220619	0.9852009023124307	0.9818081378698458	0.9868942347842928	1.0	0.9883914770374147	0.9878457856878737	0.9866510909717928	0.9875608620620984	0.983082725905357	0.9823735450102971	0.9856054299664997	0.9883688961457437	0.9868858751713273	0.9838332943414649	0.9868111991676797	0.9791739227681872	0.984118449684753	0.9784661293221588	0.9785613958908419	0.9871139868633555
FengQ_2015__SID531281__bin.22	0.9836640879304572	0.9832526145618128	0.9882671912388405	0.9882944321582153	0.9804726523476524	0.9871464033179483	0.9909019811364955	0.9878384312433961	0.9891952457786086	0.9877081596442848	0.987839644999657	0.9884242468986587	0.982061773538954	0.9861856928328555	0.9868829356110735	0.9814338861866369	0.9798653204088276	0.9884772353707163	0.9853814381663503	0.9946391615069661	0.9881903507372423	0.9913121609202015	0.9877784445812691	0.9882317916619772	0.9919084592035727	0.9896411926922065	0.9893012446119177	0.9869535708568117	0.9829896967402201	0.9880871430447534	0.9883914770374147	1.0	0.9890454122635738	0.988027984375648	0.9889164437215691	0.984297233217071	0.9820806349035731	0.9866681478383607	0.9878440137181611	0.990216997596233	0.9843119314147378	0.9870846360508413	0.9780990356624957	0.9854443076642502	0.9794085055566911	0.9783218506662531	0.9876652430253018
XieH_2016__YSZC12003_37353__bin.57	0.9841183507146899	0.9832107140122439	0.9872184084372004	0.9872680323308283	0.980255054992586	0.9876276038723772	0.988945029911372	0.9891518551895417	0.9884982330206551	0.9901710725635573	0.9885563112040666	0.9875990652276393	0.9834143346397203	0.9882693041637995	0.9897284017971237	0.98155734613572	0.9792612486078629	0.988756256325555	0.985485448561277	0.9871655349834618	0.9880805082152132	0.9890450555412192	0.9872713022058001	0.9890653423469925	0.9901743975091459	0.9875434035886528	0.9888270157030564	0.9860101335673411	0.9828583785374292	0.9881764123580027	0.9878457856878737	0.9890454122635738	1.0	0.9878072919159007	0.9888710917149178	0.9843007604818629	0.9823810351668878	0.9864184745684452	0.9897498129727417	0.9873133385690984	0.9843208230005275	0.987697377387512	0.9787223639567149	0.98587260880991	0.9793398322692258	0.9791942390813237	0.9896689170523404
HMP_2012__SRS011134__bin.53	0.9837810954180238	0.9827414630392827	0.9868814786427614	0.9880796683563163	0.9797330178147156	0.987151554821636	0.9885252617728546	0.9866282886321402	0.9874208025410944	0.9885516506922257	0.9868822383208631	0.9872702938159174	0.9828056852370578	0.9864893681933383	0.9878237615911172	0.9808855025641591	0.9784889330822626	0.9864187365933255	0.984707116975743	0.9868482787111995	0.9864578810878926	0.9950030062960874	0.9858324045272883	0.9872184169506801	0.9890587404637121	0.9973665945724892	0.9878260948980104	0.9848794883161295	0.981801766645764	0.9869076826908095	0.9866510909717928	0.988027984375648	0.9878072919159007	1.0	0.9879102633987288	0.9832640234726429	0.981846719294514	0.9850568962315135	0.9879791520012884	0.9875661543661074	0.9835680019159334	0.9866772017713429	0.9782911575166747	0.9845336180656266	0.9782141587142584	0.9782332552454025	0.9878454073307021
FengQ_2015__SID31233__bin.14	0.9840186227283001	0.9833279904974269	0.9885136508172745	0.9874381120746937	0.9799951894381442	0.987555150096548	0.9888676555343222	0.9877066593263121	0.9882605145520705	0.9891441256021243	0.9881418301604061	0.9883771413453997	0.9828440921255016	0.9868295154704773	0.9888934958231392	0.9818152820759608	0.9782826327088178	0.988161259072889	0.9855408178138559	0.9867185977834404	0.9883606261510496	0.9883124099491769	0.9870140285358613	0.9879942477316482	0.9894137203103611	0.9879902658340052	0.9885647994696719	0.9861901083352579	0.9827831691619617	0.9874057448558405	0.9875608620620984	0.9889164437215691	0.9888710917149178	0.9879102633987288	1.0	0.9838901956486855	0.9819434966635423	0.986236604696519	0.989325373151129	0.987933414137275	0.9845816613920411	0.9864061774579479	0.9787827660740132	0.9858040901769318	0.9783006682081462	0.9787054260212542	0.9884957267124851
GeversD_2014__SKBSTL064__bin.11	0.9817045670338017	0.9807783919745976	0.98284360148302	0.9821591750315213	0.977984849825017	0.9836496057615346	0.984320485026762	0.9831265649186762	0.9840501885202582	0.9839497335198258	0.9828460958706855	0.9832367522914431	0.9812598380532354	0.9830629789327247	0.9826157512602118	0.9791953989962839	0.9767264116815207	0.9847185160237312	0.989943781488386	0.982813821950671	0.9830973212804777	0.984071004875519	0.9832944728825521	0.9829972005762933	0.9852898466304478	0.9828658801522951	0.9840788427709901	0.9869203955148566	0.9806730069806755	0.9846160634601616	0.983082725905357	0.984297233217071	0.9843007604818629	0.9832640234726429	0.9838901956486855	1.0	0.9798258796463789	0.9874822052149367	0.9847669300998744	0.9826926852119434	0.9904560899155439	0.9823040674910032	0.9757804578973523	0.990031769193247	0.9770764556382111	0.9757734359346485	0.983849086940259
LiJ_2014__V1.FI37__bin.84	0.9927149414616535	0.9904602698098748	0.980336643131022	0.9812423515686082	0.9886522358245838	0.982155228725826	0.9814695014126077	0.9809050429259278	0.9812551714652689	0.9821926685832868	0.9810983309061472	0.9819151948843708	0.9925329743285007	0.9807409389714752	0.9810776269520173	0.9921593966737315	0.9769498520493735	0.9827299591980975	0.9815223414879508	0.9806430422814779	0.9819425759346205	0.984495257134943	0.9812609794219451	0.9815447974335366	0.9839563480575348	0.9818332118103941	0.9818704132648906	0.9822776163450019	0.9908267268260167	0.9825362300151024	0.9823735450102971	0.9820806349035731	0.9823810351668878	0.981846719294514	0.9819434966635423	0.9798258796463789	1.0	0.9825121368988547	0.9822789298947597	0.9813094491405949	0.9817712301716524	0.9805271499209812	0.9758132071564519	0.9822736750953254	0.9758012225122665	0.9761822023610199	0.983378816240577
SchirmerM_2016__G88908__bin.27	0.984429055877858	0.983642373030458	0.9849212144703736	0.9846496740706654	0.9812327953027313	0.9854475287887502	0.9859181303718593	0.9844864964100445	0.9851905355648689	0.9860933446720931	0.9853488311303575	0.9844987286181883	0.9845505262295449	0.9840182191856913	0.984870331582835	0.9817544684114463	0.9776129944552907	0.9859732854167429	0.989041199627784	0.9849474556124612	0.985202193513659	0.9858252682775062	0.9861506790508898	0.9856821339971527	0.9861077107333567	0.9843955015460816	0.9865855966688748	0.9943183752391457	0.9832398290566109	0.9861296991133522	0.9856054299664997	0.9866681478383607	0.9864184745684452	0.9850568962315135	0.986236604696519	0.9874822052149367	0.9825121368988547	1.0	0.9850709514948457	0.9859593603338034	0.9875378142842833	0.9846885326700775	0.977762821351563	0.9888864551566107	0.9787090158049637	0.9778315777256312	0.9859479910422372
ZellerG_2014__CCIS82146115ST-4-0__bin.67	0.9838319292890211	0.9837715582315394	0.9876845877250211	0.9876576693510736	0.9805666857237194	0.9876605022653876	0.9886965355080237	0.989669481556799	0.988982721661943	0.990466681789744	0.990648025888901	0.9889387631286243	0.9825008955157529	0.9886050887871377	0.9912723840017518	0.9820506047067201	0.9794566840576923	0.9873311395404767	0.9852322304770955	0.9867405711061354	0.987638955025369	0.9890281417200415	0.9868515937724321	0.9891835805204456	0.9895192432688705	0.9884807014405202	0.9882807244918648	0.9859414404666432	0.9831383636628377	0.9879934831720618	0.9883688961457437	0.9878440137181611	0.9897498129727417	0.9879791520012884	0.989325373151129	0.9847669300998744	0.9822789298947597	0.9850709514948457	1.0	0.9872305685322034	0.9841084603029121	0.9878884034383103	0.9774317695777489	0.9853606871730056	0.9787129013103985	0.9785010022781441	0.9889963377812243
XieH_2016__YSZC12003_37097__bin.8	0.9827405328844961	0.9814642347308139	0.986100215992005	0.9886439318949328	0.9790266590661019	0.9869489157347616	0.9916383895870368	0.9857963053988283	0.9874649789464075	0.9873329491381804	0.9869694421845587	0.9868731294180072	0.9827778031053304	0.9854890859187515	0.9870266177163133	0.9807497485281633	0.9787083461628607	0.987030353703672	0.9842757990954747	0.9873502056784986	0.9870766240301927	0.9889598788695156	0.986805358933382	0.9860695971085898	0.9887766207561873	0.9875352348253623	0.9879807717776994	0.9849793493676753	0.9813080685356319	0.987778744626414	0.9868858751713273	0.990216997596233	0.9873133385690984	0.9875661543661074	0.987933414137275	0.9826926852119434	0.9813094491405949	0.9859593603338034	0.9872305685322034	1.0	0.9834552464237439	0.9857519269652287	0.9781347014344217	0.9848931085778658	0.978709820896801	0.9790585573520221	0.987096722229158
XieH_2016__YSZC12003_35577__bin.17	0.9829686590301197	0.9818847408844994	0.982113101014255	0.98291310428738	0.9790267571707664	0.9836981024108572	0.9834118084703272	0.9835532456512516	0.9836731881591217	0.9842247063019424	0.9841566882535974	0.9833440225405231	0.981904084692726	0.9833279200580433	0.9837307707816689	0.9807447277309819	0.9771230904333329	0.9841299367341363	0.9984208673882736	0.9831971731121715	0.9834916758716682	0.9852541945288449	0.9834346702312019	0.9836484398520252	0.9856939043835846	0.9837930093909519	0.9842641699694294	0.9868438135353118	0.9812927588010767	0.9847850271579085	0.9838332943414649	0.9843119314147378	0.9843208230005275	0.9835680019159334	0.9845816613920411	0.9904560899155439	0.9817712301716524	0.9875378142842833	0.9841084603029121	0.9834552464237439	1.0	0.9827476948961181	0.9772481204096234	0.9989664914779063	0.9777104194486305	0.9765698964938382	0.9846787045677244
FengQ_2015__SID31237__bin.67	0.9831717292518217	0.9815908783834502	0.9849037631390323	0.9851203567782276	0.9791715821773798	0.9862690557819609	0.9866389912692053	0.9858968407018547	0.9863199892165554	0.9870486978342187	0.9863514651838791	0.9863927010264399	0.9808606077717918	0.985539247921458	0.9865030451913124	0.979312525174399	0.9781870977484114	0.9864580456720505	0.9840550010018327	0.985903128668402	0.9869886456520525	0.9871907759528069	0.9856105599442304	0.9864821435521626	0.9881293030511181	0.9863212783211669	0.9874107561236449	0.9855527317346143	0.9814385563635204	0.9876255345399356	0.9868111991676797	0.9870846360508413	0.987697377387512	0.9866772017713429	0.9864061774579479	0.9823040674910032	0.9805271499209812	0.9846885326700775	0.9878884034383103	0.9857519269652287	0.9827476948961181	1.0	0.977935071224692	0.9843783915780334	0.977632875158876	0.9786272034913572	0.9867947623670263
