	SchirmerM_2016__G88826__bin.15	LeChatelierE_2013__MH0125__bin.25	CM_madagascar__A27_02_1FE__bin.18	LeChatelierE_2013__MH0077__bin.23	XieH_2016__YSZC12003_37583__bin.34	SchirmerM_2016__G88820__bin.25	SchirmerM_2016__G88863__bin.21	LeChatelierE_2013__MH0431__bin.18	ZeeviD_2015__PNP_Main_640__bin.3	LeChatelierE_2013__MH0111__bin.22	VatanenT_2016__G69170__bin.2	KarlssonFH_2013__S198__bin.15	LiJ_2014__MH0364__bin.50	BritoIL_2016__W1.9.ST__bin.62	ZeeviD_2015__PNP_Main_749__bin.39	VatanenT_2016__G80409__bin.3	ZeeviD_2015__PNP_Main_82__bin.1	Bengtsson-PalmeJ_2015__TRAVELRES7__bin.47	FengQ_2015__SID532779__bin.88	SchirmerM_2016__G89093__bin.27	ZeeviD_2015__PNP_Main_25__bin.9	NielsenHB_2014__O2_UC57_2__bin.33	Bengtsson-PalmeJ_2015__TRAVELRES4__bin.85	ZeeviD_2015__PNP_DietIntervention_35__bin.69	ZeeviD_2015__PNP_Validation_33__bin.5	NielsenHB_2014__O2_UC57_0__bin.17	ZeeviD_2015__PNP_Main_409__bin.44	CosteaPI_2017__SID713B040-11-0-0__bin.75	ChengpingW_2017__AS9raw__bin.10	ZeeviD_2015__PNP_Main_359__bin.26	CM_madagascar__V30_01_1FE__bin.40	NielsenHB_2014__MH0111__bin.30	NielsenHB_2014__V1_UC43_0__bin.58	CM_madagascar__A42_02_1FE__bin.10	NielsenHB_2014__MH0060__bin.19	Bengtsson-PalmeJ_2015__TRAVELRES20__bin.85	LiJ_2017__H2M514903__bin.46	ZeeviD_2015__PNP_Main_40__bin.3	LeChatelierE_2013__MH0161__bin.61	LeChatelierE_2013__MH0060__bin.19	Bengtsson-PalmeJ_2015__TRAVELRES19__bin.62	CosteaPI_2017__SID713A057-11-0-0__bin.57	SchirmerM_2016__G89251__bin.2	LiJ_2017__H1M513730__bin.47
SchirmerM_2016__G88826__bin.15	0.0	27337.0	47916.0	31467.0	32099.0	2604.0	17876.0	25550.0	29294.0	30027.0	32551.0	29788.0	29987.0	25535.0	28606.0	34380.0	30413.0	32330.0	32531.0	25594.0	30384.0	27809.0	32632.0	28759.0	33923.0	28115.0	30334.0	30465.0	41379.0	30293.0	41726.0	27796.0	32039.0	33682.0	32721.0	31739.0	30313.0	31389.0	29189.0	38585.0	33603.0	31807.0	26716.0	40166.0
LeChatelierE_2013__MH0125__bin.25	27337.0	0.0	42962.0	29675.0	31722.0	30981.0	17328.0	26214.0	28095.0	29654.0	32520.0	29537.0	23066.0	25438.0	30038.0	31843.0	29362.0	32419.0	32984.0	24606.0	29524.0	28565.0	31872.0	28562.0	31556.0	27843.0	29833.0	30460.0	42146.0	31543.0	38123.0	26762.0	30150.0	33179.0	31931.0	30583.0	31549.0	31328.0	29023.0	37744.0	32536.0	30984.0	24898.0	38440.0
CM_madagascar__A27_02_1FE__bin.18	47916.0	42962.0	0.0	50702.0	54799.0	54052.0	29260.0	42184.0	41486.0	53329.0	54545.0	51821.0	51498.0	40310.0	51066.0	55394.0	48993.0	58882.0	55777.0	38572.0	52891.0	47806.0	56139.0	49335.0	55248.0	47598.0	49139.0	53013.0	44357.0	52907.0	38927.0	46665.0	53566.0	30818.0	40312.0	53079.0	34630.0	52799.0	50672.0	49407.0	56125.0	52381.0	41820.0	42036.0
LeChatelierE_2013__MH0077__bin.23	31467.0	29675.0	50702.0	0.0	38778.0	36446.0	20043.0	31869.0	33340.0	35520.0	37173.0	35613.0	34589.0	31310.0	34470.0	38402.0	35468.0	38953.0	39045.0	28614.0	37622.0	35179.0	38383.0	33895.0	37222.0	34811.0	35329.0	36737.0	46185.0	36675.0	46710.0	34073.0	38139.0	37297.0	36713.0	36178.0	36604.0	36584.0	35848.0	45025.0	38507.0	37538.0	29629.0	45441.0
XieH_2016__YSZC12003_37583__bin.34	32099.0	31722.0	54799.0	38778.0	0.0	36408.0	18931.0	30616.0	33758.0	36384.0	37968.0	33868.0	34475.0	32460.0	33934.0	39794.0	34700.0	39117.0	38936.0	28197.0	36405.0	34287.0	37347.0	33463.0	41086.0	34565.0	24956.0	36038.0	50047.0	36148.0	49198.0	33432.0	39351.0	40207.0	37610.0	34781.0	37205.0	35135.0	35683.0	45765.0	37306.0	37692.0	30307.0	47201.0
SchirmerM_2016__G88820__bin.25	2604.0	30981.0	54052.0	36446.0	36408.0	0.0	19347.0	29385.0	31977.0	34045.0	35945.0	34173.0	35717.0	29727.0	32737.0	37022.0	34125.0	38816.0	37661.0	27632.0	34483.0	33001.0	38529.0	33069.0	37896.0	32328.0	34787.0	35721.0	49071.0	34577.0	48703.0	31725.0	38104.0	37555.0	36171.0	36974.0	37458.0	36276.0	35379.0	44652.0	38803.0	35442.0	30787.0	45545.0
SchirmerM_2016__G88863__bin.21	17876.0	17328.0	29260.0	20043.0	18931.0	19347.0	0.0	16501.0	19176.0	19409.0	21052.0	17936.0	19946.0	16185.0	18902.0	20372.0	18981.0	21425.0	14253.0	17465.0	19527.0	19091.0	18764.0	18151.0	21032.0	17969.0	18613.0	19247.0	27299.0	20034.0	26860.0	18358.0	20979.0	19804.0	20900.0	19314.0	19490.0	20021.0	17996.0	25165.0	20050.0	20141.0	16833.0	25653.0
LeChatelierE_2013__MH0431__bin.18	25550.0	26214.0	42184.0	31869.0	30616.0	29385.0	16501.0	0.0	28532.0	22483.0	31995.0	29499.0	26435.0	24418.0	27680.0	33406.0	28764.0	31926.0	30042.0	23140.0	29759.0	27665.0	30742.0	28570.0	31396.0	28805.0	28925.0	28987.0	41726.0	29381.0	41470.0	20638.0	30671.0	32756.0	33508.0	28696.0	30655.0	30267.0	28185.0	38205.0	29672.0	30556.0	25691.0	37830.0
ZeeviD_2015__PNP_Main_640__bin.3	29294.0	28095.0	41486.0	33340.0	33758.0	31977.0	19176.0	28532.0	0.0	30707.0	33779.0	32378.0	31586.0	26286.0	30786.0	34561.0	31657.0	35156.0	34807.0	26114.0	32826.0	29248.0	32319.0	33823.0	34109.0	29443.0	32469.0	32584.0	39716.0	32288.0	38037.0	29361.0	33717.0	31033.0	32644.0	32128.0	27314.0	35592.0	31178.0	40201.0	33989.0	31819.0	26963.0	37178.0
LeChatelierE_2013__MH0111__bin.22	30027.0	29654.0	53329.0	35520.0	36384.0	34045.0	19409.0	22483.0	30707.0	0.0	33960.0	33623.0	30757.0	28450.0	32888.0	35817.0	33106.0	38650.0	37028.0	26361.0	35001.0	32984.0	37529.0	32426.0	36522.0	31111.0	33343.0	33328.0	45403.0	34313.0	45423.0	5261.0	37356.0	36470.0	35475.0	34297.0	33149.0	34348.0	31443.0	42449.0	36537.0	35199.0	27902.0	42265.0
VatanenT_2016__G69170__bin.2	32551.0	32520.0	54545.0	37173.0	37968.0	35945.0	21052.0	31995.0	33779.0	33960.0	0.0	35884.0	33919.0	29898.0	35216.0	38465.0	35698.0	38493.0	39610.0	27905.0	36110.0	34781.0	37658.0	36201.0	37273.0	34618.0	33555.0	35450.0	51942.0	36997.0	47703.0	31088.0	39662.0	42262.0	40227.0	33937.0	37772.0	37193.0	29413.0	47747.0	35123.0	35559.0	28125.0	45866.0
KarlssonFH_2013__S198__bin.15	29788.0	29537.0	51821.0	35613.0	33868.0	34173.0	17936.0	29499.0	32378.0	33623.0	35884.0	0.0	32145.0	28943.0	32835.0	36141.0	32883.0	39608.0	33158.0	26907.0	34540.0	33530.0	35994.0	32116.0	36956.0	32024.0	31721.0	35053.0	46062.0	34225.0	46532.0	28663.0	37962.0	36371.0	34548.0	35841.0	33465.0	35304.0	34138.0	42533.0	38795.0	35540.0	29430.0	44330.0
LiJ_2014__MH0364__bin.50	29987.0	23066.0	51498.0	34589.0	34475.0	35717.0	19946.0	26435.0	31586.0	30757.0	33919.0	32145.0	0.0	29571.0	31933.0	32891.0	33807.0	36716.0	36641.0	26581.0	34216.0	30437.0	35851.0	30931.0	34697.0	31389.0	32902.0	35350.0	45232.0	32800.0	47039.0	29413.0	36845.0	34915.0	34460.0	33972.0	35247.0	34287.0	33886.0	43422.0	35492.0	34707.0	26950.0	44697.0
BritoIL_2016__W1.9.ST__bin.62	25535.0	25438.0	40310.0	31310.0	32460.0	29727.0	16185.0	24418.0	26286.0	28450.0	29898.0	28943.0	29571.0	0.0	28278.0	31445.0	28834.0	29611.0	31206.0	24293.0	31094.0	27782.0	31724.0	28313.0	31966.0	27559.0	31133.0	30684.0	36840.0	29781.0	38413.0	27520.0	33417.0	27456.0	29535.0	31445.0	27886.0	30806.0	29472.0	35983.0	30711.0	30642.0	24364.0	36546.0
ZeeviD_2015__PNP_Main_749__bin.39	28606.0	30038.0	51066.0	34470.0	33934.0	32737.0	18902.0	27680.0	30786.0	32888.0	35216.0	32835.0	31933.0	28278.0	0.0	34522.0	32506.0	35946.0	35292.0	26286.0	33517.0	31119.0	36577.0	31176.0	35172.0	32366.0	32831.0	34693.0	46295.0	9885.0	45793.0	31531.0	38274.0	37728.0	33566.0	34074.0	36263.0	34470.0	33750.0	41980.0	35125.0	34492.0	28718.0	44083.0
VatanenT_2016__G80409__bin.3	34380.0	31843.0	55394.0	38402.0	39794.0	37022.0	20372.0	33406.0	34561.0	35817.0	38465.0	36141.0	32891.0	31445.0	34522.0	0.0	36087.0	41713.0	39371.0	28674.0	35408.0	35003.0	39665.0	35209.0	39067.0	34976.0	33812.0	36476.0	53590.0	35273.0	50012.0	31912.0	40077.0	41577.0	41811.0	34241.0	38431.0	37512.0	33591.0	49355.0	35770.0	36561.0	30061.0	48310.0
ZeeviD_2015__PNP_Main_82__bin.1	30413.0	29362.0	48993.0	35468.0	34700.0	34125.0	18981.0	28764.0	31657.0	33106.0	35698.0	32883.0	33807.0	28834.0	32506.0	36087.0	0.0	36220.0	37278.0	27471.0	35787.0	30831.0	38634.0	31639.0	37911.0	31948.0	33209.0	35103.0	45130.0	33224.0	42732.0	31403.0	37295.0	33432.0	35498.0	35533.0	32939.0	35347.0	34188.0	43386.0	36859.0	35058.0	27539.0	43030.0
Bengtsson-PalmeJ_2015__TRAVELRES7__bin.47	32330.0	32419.0	58882.0	38953.0	39117.0	38816.0	21425.0	31926.0	35156.0	38650.0	38493.0	39608.0	36716.0	29611.0	35946.0	41713.0	36220.0	0.0	41151.0	29321.0	37657.0	29821.0	39327.0	36182.0	42522.0	28893.0	36428.0	38741.0	49620.0	37900.0	49442.0	35305.0	33231.0	38280.0	37377.0	38919.0	37020.0	39811.0	37173.0	46267.0	41273.0	39158.0	29657.0	45705.0
FengQ_2015__SID532779__bin.88	32531.0	32984.0	55777.0	39045.0	38936.0	37661.0	14253.0	30042.0	34807.0	37028.0	39610.0	33158.0	36641.0	31206.0	35292.0	39371.0	37278.0	41151.0	0.0	29270.0	38058.0	35414.0	39871.0	34967.0	40866.0	35425.0	36536.0	39284.0	51383.0	36769.0	49613.0	34442.0	41191.0	40496.0	39144.0	37925.0	38305.0	38835.0	38457.0	49691.0	39561.0	39713.0	30142.0	49390.0
SchirmerM_2016__G89093__bin.27	25594.0	24606.0	38572.0	28614.0	28197.0	27632.0	17465.0	23140.0	26114.0	26361.0	27905.0	26907.0	26581.0	24293.0	26286.0	28674.0	27471.0	29321.0	29270.0	0.0	27871.0	26260.0	29173.0	25590.0	29687.0	26293.0	27171.0	27848.0	35757.0	27411.0	35557.0	25172.0	29174.0	29109.0	28838.0	28307.0	25354.0	28206.0	26008.0	34789.0	28862.0	28118.0	22881.0	34883.0
ZeeviD_2015__PNP_Main_25__bin.9	30384.0	29524.0	52891.0	37622.0	36405.0	34483.0	19527.0	29759.0	32826.0	35001.0	36110.0	34540.0	34216.0	31094.0	33517.0	35408.0	35787.0	37657.0	38058.0	27871.0	0.0	34417.0	39676.0	32103.0	38991.0	34842.0	34484.0	36294.0	47089.0	35544.0	47336.0	33209.0	39779.0	37326.0	36820.0	36257.0	36662.0	36018.0	34875.0	44643.0	37887.0	36551.0	29299.0	46265.0
NielsenHB_2014__O2_UC57_2__bin.33	27809.0	28565.0	47806.0	35179.0	34287.0	33001.0	19091.0	27665.0	29248.0	32984.0	34781.0	33530.0	30437.0	27782.0	31119.0	35003.0	30831.0	29821.0	35414.0	26260.0	34417.0	0.0	35378.0	31398.0	35416.0	8383.0	32722.0	33711.0	44271.0	33467.0	41412.0	30359.0	30112.0	34716.0	34200.0	34962.0	32047.0	34253.0	33637.0	40484.0	36346.0	34704.0	27978.0	42588.0
Bengtsson-PalmeJ_2015__TRAVELRES4__bin.85	32632.0	31872.0	56139.0	38383.0	37347.0	38529.0	18764.0	30742.0	32319.0	37529.0	37658.0	35994.0	35851.0	31724.0	36577.0	39665.0	38634.0	39327.0	39871.0	29173.0	39676.0	35378.0	0.0	35959.0	41797.0	35778.0	34676.0	39359.0	48937.0	38103.0	47782.0	34003.0	40178.0	38620.0	39998.0	35853.0	37470.0	38752.0	35167.0	48741.0	37365.0	38322.0	30702.0	48225.0
ZeeviD_2015__PNP_DietIntervention_35__bin.69	28759.0	28562.0	49335.0	33895.0	33463.0	33069.0	18151.0	28570.0	33823.0	32426.0	36201.0	32116.0	30931.0	28313.0	31176.0	35209.0	31639.0	36182.0	34967.0	25590.0	32103.0	31398.0	35959.0	0.0	36665.0	30759.0	31593.0	33143.0	46431.0	31870.0	46567.0	30666.0	36583.0	35599.0	33145.0	32875.0	32607.0	2268.0	36214.0	40662.0	34051.0	34690.0	28469.0	44187.0
ZeeviD_2015__PNP_Validation_33__bin.5	33923.0	31556.0	55248.0	37222.0	41086.0	37896.0	21032.0	31396.0	34109.0	36522.0	37273.0	36956.0	34697.0	31966.0	35172.0	39067.0	37911.0	42522.0	40866.0	29687.0	38991.0	35416.0	41797.0	36665.0	0.0	35781.0	36398.0	39395.0	50591.0	36914.0	49218.0	34613.0	41716.0	37930.0	39597.0	38268.0	38324.0	37925.0	38377.0	47948.0	39540.0	39195.0	30603.0	49741.0
NielsenHB_2014__O2_UC57_0__bin.17	28115.0	27843.0	47598.0	34811.0	34565.0	32328.0	17969.0	28805.0	29443.0	31111.0	34618.0	32024.0	31389.0	27559.0	32366.0	34976.0	31948.0	28893.0	35425.0	26293.0	34842.0	8383.0	35778.0	30759.0	35781.0	0.0	32800.0	33446.0	43867.0	33105.0	41997.0	28858.0	28639.0	34795.0	34484.0	34679.0	33998.0	34498.0	31350.0	40656.0	35636.0	35161.0	27321.0	42201.0
ZeeviD_2015__PNP_Main_409__bin.44	30334.0	29833.0	49139.0	35329.0	24956.0	34787.0	18613.0	28925.0	32469.0	33343.0	33555.0	31721.0	32902.0	31133.0	32831.0	33812.0	33209.0	36428.0	36536.0	27171.0	34484.0	32722.0	34676.0	31593.0	36398.0	32800.0	0.0	33848.0	48028.0	34019.0	45457.0	31217.0	38838.0	37845.0	34612.0	31616.0	34287.0	34067.0	31249.0	42751.0	31239.0	35596.0	27500.0	44501.0
CosteaPI_2017__SID713B040-11-0-0__bin.75	30465.0	30460.0	53013.0	36737.0	36038.0	35721.0	19247.0	28987.0	32584.0	33328.0	35450.0	35053.0	35350.0	30684.0	34693.0	36476.0	35103.0	38741.0	39284.0	27848.0	36294.0	33711.0	39359.0	33143.0	39395.0	33446.0	33848.0	0.0	48916.0	36008.0	46323.0	31691.0	39121.0	35884.0	36510.0	35466.0	36095.0	36778.0	34946.0	45986.0	36775.0	35351.0	29688.0	46314.0
ChengpingW_2017__AS9raw__bin.10	41379.0	42146.0	44357.0	46185.0	50047.0	49071.0	27299.0	41726.0	39716.0	45403.0	51942.0	46062.0	45232.0	36840.0	46295.0	53590.0	45130.0	49620.0	51383.0	35757.0	47089.0	44271.0	48937.0	46431.0	50591.0	43867.0	48028.0	48916.0	0.0	48287.0	40516.0	42141.0	51574.0	32284.0	31737.0	47597.0	25859.0	50167.0	45826.0	39618.0	49923.0	49313.0	38908.0	30664.0
ZeeviD_2015__PNP_Main_359__bin.26	30293.0	31543.0	52907.0	36675.0	36148.0	34577.0	20034.0	29381.0	32288.0	34313.0	36997.0	34225.0	32800.0	29781.0	9885.0	35273.0	33224.0	37900.0	36769.0	27411.0	35544.0	33467.0	38103.0	31870.0	36914.0	33105.0	34019.0	36008.0	48287.0	0.0	47333.0	32978.0	39525.0	38940.0	35672.0	35527.0	38233.0	35338.0	35399.0	44078.0	36533.0	35206.0	28260.0	46033.0
CM_madagascar__V30_01_1FE__bin.40	41726.0	38123.0	38927.0	46710.0	49198.0	48703.0	26860.0	41470.0	38037.0	45423.0	47703.0	46532.0	47039.0	38413.0	45793.0	50012.0	42732.0	49442.0	49613.0	35557.0	47336.0	41412.0	47782.0	46567.0	49218.0	41997.0	45457.0	46323.0	40516.0	47333.0	0.0	42960.0	47428.0	28806.0	35943.0	47506.0	31408.0	49038.0	46886.0	45458.0	47832.0	46727.0	38966.0	38809.0
NielsenHB_2014__MH0111__bin.30	27796.0	26762.0	46665.0	34073.0	33432.0	31725.0	18358.0	20638.0	29361.0	5261.0	31088.0	28663.0	29413.0	27520.0	31531.0	31912.0	31403.0	35305.0	34442.0	25172.0	33209.0	30359.0	34003.0	30666.0	34613.0	28858.0	31217.0	31691.0	42141.0	32978.0	42960.0	0.0	34276.0	33233.0	32038.0	30505.0	30926.0	32824.0	29130.0	38483.0	31736.0	32843.0	26422.0	39648.0
NielsenHB_2014__V1_UC43_0__bin.58	32039.0	30150.0	53566.0	38139.0	39351.0	38104.0	20979.0	30671.0	33717.0	37356.0	39662.0	37962.0	36845.0	33417.0	38274.0	40077.0	37295.0	33231.0	41191.0	29174.0	39779.0	30112.0	40178.0	36583.0	41716.0	28639.0	38838.0	39121.0	51574.0	39525.0	47428.0	34276.0	0.0	36637.0	36331.0	37474.0	36384.0	38814.0	36454.0	45772.0	39385.0	38844.0	30485.0	48380.0
CM_madagascar__A42_02_1FE__bin.10	33682.0	33179.0	30818.0	37297.0	40207.0	37555.0	19804.0	32756.0	31033.0	36470.0	42262.0	36371.0	34915.0	27456.0	37728.0	41577.0	33432.0	38280.0	40496.0	29109.0	37326.0	34716.0	38620.0	35599.0	37930.0	34795.0	37845.0	35884.0	32284.0	38940.0	28806.0	33233.0	36637.0	0.0	29751.0	38732.0	26419.0	39498.0	36627.0	34004.0	40002.0	38349.0	32111.0	29813.0
NielsenHB_2014__MH0060__bin.19	32721.0	31931.0	40312.0	36713.0	37610.0	36171.0	20900.0	33508.0	32644.0	35475.0	40227.0	34548.0	34460.0	29535.0	33566.0	41811.0	35498.0	37377.0	39144.0	28838.0	36820.0	34200.0	39998.0	33145.0	39597.0	34484.0	34612.0	36510.0	31737.0	35672.0	35943.0	32038.0	36331.0	29751.0	0.0	36597.0	24725.0	36401.0	35288.0	2015.0	38004.0	36794.0	30096.0	30500.0
Bengtsson-PalmeJ_2015__TRAVELRES20__bin.85	31739.0	30583.0	53079.0	36178.0	34781.0	36974.0	19314.0	28696.0	32128.0	34297.0	33937.0	35841.0	33972.0	31445.0	34074.0	34241.0	35533.0	38919.0	37925.0	28307.0	36257.0	34962.0	35853.0	32875.0	38268.0	34679.0	31616.0	35466.0	47597.0	35527.0	47506.0	30505.0	37474.0	38732.0	36597.0	0.0	34902.0	35874.0	30194.0	44847.0	5071.0	34355.0	27832.0	45124.0
LiJ_2017__H2M514903__bin.46	30313.0	31549.0	34630.0	36604.0	37205.0	37458.0	19490.0	30655.0	27314.0	33149.0	37772.0	33465.0	35247.0	27886.0	36263.0	38431.0	32939.0	37020.0	38305.0	25354.0	36662.0	32047.0	37470.0	32607.0	38324.0	33998.0	34287.0	36095.0	25859.0	38233.0	31408.0	30926.0	36384.0	26419.0	24725.0	34902.0	0.0	36936.0	33926.0	31327.0	36938.0	37223.0	28887.0	24612.0
ZeeviD_2015__PNP_Main_40__bin.3	31389.0	31328.0	52799.0	36584.0	35135.0	36276.0	20021.0	30267.0	35592.0	34348.0	37193.0	35304.0	34287.0	30806.0	34470.0	37512.0	35347.0	39811.0	38835.0	28206.0	36018.0	34253.0	38752.0	2268.0	37925.0	34498.0	34067.0	36778.0	50167.0	35338.0	49038.0	32824.0	38814.0	39498.0	36401.0	35874.0	36936.0	0.0	36417.0	44228.0	38179.0	38331.0	30495.0	48193.0
LeChatelierE_2013__MH0161__bin.61	29189.0	29023.0	50672.0	35848.0	35683.0	35379.0	17996.0	28185.0	31178.0	31443.0	29413.0	34138.0	33886.0	29472.0	33750.0	33591.0	34188.0	37173.0	38457.0	26008.0	34875.0	33637.0	35167.0	36214.0	38377.0	31350.0	31249.0	34946.0	45826.0	35399.0	46886.0	29130.0	36454.0	36627.0	35288.0	30194.0	33926.0	36417.0	0.0	44168.0	30238.0	34395.0	27292.0	42264.0
LeChatelierE_2013__MH0060__bin.19	38585.0	37744.0	49407.0	45025.0	45765.0	44652.0	25165.0	38205.0	40201.0	42449.0	47747.0	42533.0	43422.0	35983.0	41980.0	49355.0	43386.0	46267.0	49691.0	34789.0	44643.0	40484.0	48741.0	40662.0	47948.0	40656.0	42751.0	45986.0	39618.0	44078.0	45458.0	38483.0	45772.0	34004.0	2015.0	44847.0	31327.0	44228.0	44168.0	0.0	46161.0	45905.0	36202.0	38259.0
Bengtsson-PalmeJ_2015__TRAVELRES19__bin.62	33603.0	32536.0	56125.0	38507.0	37306.0	38803.0	20050.0	29672.0	33989.0	36537.0	35123.0	38795.0	35492.0	30711.0	35125.0	35770.0	36859.0	41273.0	39561.0	28862.0	37887.0	36346.0	37365.0	34051.0	39540.0	35636.0	31239.0	36775.0	49923.0	36533.0	47832.0	31736.0	39385.0	40002.0	38004.0	5071.0	36938.0	38179.0	30238.0	46161.0	0.0	35731.0	28473.0	46549.0
CosteaPI_2017__SID713A057-11-0-0__bin.57	31807.0	30984.0	52381.0	37538.0	37692.0	35442.0	20141.0	30556.0	31819.0	35199.0	35559.0	35540.0	34707.0	30642.0	34492.0	36561.0	35058.0	39158.0	39713.0	28118.0	36551.0	34704.0	38322.0	34690.0	39195.0	35161.0	35596.0	35351.0	49313.0	35206.0	46727.0	32843.0	38844.0	38349.0	36794.0	34355.0	37223.0	38331.0	34395.0	45905.0	35731.0	0.0	29031.0	47401.0
SchirmerM_2016__G89251__bin.2	26716.0	24898.0	41820.0	29629.0	30307.0	30787.0	16833.0	25691.0	26963.0	27902.0	28125.0	29430.0	26950.0	24364.0	28718.0	30061.0	27539.0	29657.0	30142.0	22881.0	29299.0	27978.0	30702.0	28469.0	30603.0	27321.0	27500.0	29688.0	38908.0	28260.0	38966.0	26422.0	30485.0	32111.0	30096.0	27832.0	28887.0	30495.0	27292.0	36202.0	28473.0	29031.0	0.0	37800.0
LiJ_2017__H1M513730__bin.47	40166.0	38440.0	42036.0	45441.0	47201.0	45545.0	25653.0	37830.0	37178.0	42265.0	45866.0	44330.0	44697.0	36546.0	44083.0	48310.0	43030.0	45705.0	49390.0	34883.0	46265.0	42588.0	48225.0	44187.0	49741.0	42201.0	44501.0	46314.0	30664.0	46033.0	38809.0	39648.0	48380.0	29813.0	30500.0	45124.0	24612.0	48193.0	42264.0	38259.0	46549.0	47401.0	37800.0	0.0
