	BackhedF_2015__SID567_4M__bin.10	FengQ_2015__SID531274__bin.2	ZeeviD_2015__PNP_Main_229__bin.18	ZeeviD_2015__PNP_Main_217__bin.18	BackhedF_2015__SID637_B__bin.10	BackhedF_2015__SID589_B__bin.1	HeQ_2017__SZAXPI029601-32__bin.19	HMP_2012__SRS019974__bin.30	VogtmannE_2016__MMRS17603756ST-27-0-0__bin.30	BackhedF_2015__SID544_4M__bin.5	HMP_2012__SRS064329__bin.52	QinJ_2012__CON-015__bin.17	GeversD_2014__SKBSTL041__bin.16	XieH_2016__YSZC12003_35733__bin.5	HMP_2012__SRS022077__bin.8	HMP_2012__SRS018791__bin.29	FengQ_2015__SID530451__bin.60	CM_cf__CF_TNFC017IS_t4M16__bin.11	XieH_2016__YSZC12003_35551__bin.43	FengQ_2015__SID530705__bin.47	QinN_2014__LD-30__bin.25	HMP_2012__SRS013502__bin.28	BackhedF_2015__SID256_12M__bin.14	XieH_2016__YSZC12003_36119__bin.73	FengQ_2015__SID530185__bin.38	SchirmerM_2016__G89165__bin.13	BackhedF_2015__SID105_B__bin.3	FengQ_2015__SID31004__bin.5	XieH_2016__YSZC12003_35734__bin.24	CM_cf__CF_TNFC048IS_t2M15__bin.21	FengQ_2015__SID31705__bin.14	BackhedF_2015__SID585_12M__bin.1	HMP_2012__SRS053854__bin.1	FerrettiP_2018__CA_C10049IS2857FE_t2M16__bin.6	QinN_2014__LD-2__bin.13	FengQ_2015__SID531248__bin.27	BackhedF_2015__SID282_B__bin.5	KarlssonFH_2013__S370__bin.37	QinN_2014__LD-33__bin.28	XieH_2016__YSZC12003_37229__bin.72	KarlssonFH_2013__S441__bin.47	QinN_2014__LD-5__bin.26	GeversD_2014__SKBSTL042__bin.50	BackhedF_2015__SID598_M__bin.2	BackhedF_2015__SID38_4M__bin.1	HMP_2012__SRS018439__bin.27
BackhedF_2015__SID567_4M__bin.10	0.0	48619.0	42137.0	61955.0	53645.0	51418.0	33964.0	21241.0	41681.0	31916.0	27773.0	56910.0	44700.0	59337.0	30482.0	48019.0	47292.0	53491.0	32345.0	63121.0	32795.0	46737.0	57060.0	42067.0	44036.0	33320.0	32512.0	22230.0	57026.0	54031.0	50423.0	27003.0	51818.0	43720.0	74888.0	32334.0	63185.0	59311.0	34953.0	38544.0	28897.0	64435.0	21452.0	59536.0	44567.0	38284.0
FengQ_2015__SID531274__bin.2	48619.0	0.0	34713.0	56630.0	31527.0	45683.0	27731.0	21597.0	35995.0	30409.0	24919.0	46863.0	37275.0	48897.0	29534.0	42950.0	35869.0	45686.0	40673.0	58983.0	26258.0	41563.0	52138.0	34115.0	26207.0	29645.0	25633.0	47971.0	51998.0	41416.0	37137.0	49929.0	46101.0	48981.0	59471.0	27804.0	51659.0	52633.0	29126.0	31854.0	26592.0	52699.0	23252.0	51229.0	37610.0	30317.0
ZeeviD_2015__PNP_Main_229__bin.18	42137.0	34713.0	0.0	47938.0	36510.0	37160.0	24819.0	19261.0	31959.0	28504.0	22373.0	38246.0	33800.0	40579.0	28494.0	38079.0	31727.0	37454.0	36180.0	47421.0	22710.0	34138.0	43237.0	31197.0	30978.0	27411.0	25375.0	42095.0	43213.0	36469.0	33543.0	42906.0	40425.0	42972.0	45257.0	27376.0	44282.0	44998.0	25947.0	30600.0	25389.0	43516.0	21335.0	44823.0	34296.0	28884.0
ZeeviD_2015__PNP_Main_217__bin.18	61955.0	56630.0	47938.0	0.0	61280.0	59973.0	36883.0	23102.0	45668.0	34687.0	33108.0	65573.0	51699.0	66703.0	39956.0	27940.0	53196.0	64086.0	53326.0	38020.0	38142.0	46455.0	60562.0	45198.0	51620.0	34315.0	35453.0	65866.0	50654.0	61790.0	59919.0	63643.0	54344.0	68998.0	81837.0	38059.0	67783.0	72974.0	39913.0	44143.0	34220.0	70590.0	30776.0	57738.0	53640.0	42669.0
BackhedF_2015__SID637_B__bin.10	53645.0	31527.0	36510.0	61280.0	0.0	51171.0	28493.0	21637.0	40825.0	31795.0	26230.0	53634.0	40864.0	55748.0	31167.0	46284.0	39044.0	54123.0	45399.0	62268.0	29345.0	45564.0	56631.0	36429.0	26059.0	31721.0	26562.0	54340.0	57352.0	49415.0	41854.0	56960.0	52513.0	57051.0	69267.0	29943.0	60368.0	60967.0	31504.0	34150.0	28233.0	58149.0	25516.0	57876.0	43799.0	33650.0
BackhedF_2015__SID589_B__bin.1	51418.0	45683.0	37160.0	59973.0	51171.0	0.0	30424.0	20128.0	28804.0	30477.0	19029.0	53324.0	40642.0	54401.0	25733.0	46349.0	41999.0	51646.0	44631.0	60334.0	29463.0	45734.0	52345.0	36679.0	40527.0	32497.0	28917.0	51172.0	54702.0	49024.0	45448.0	53045.0	50818.0	52714.0	64819.0	29861.0	58136.0	54282.0	31662.0	34296.0	20540.0	55869.0	24327.0	56616.0	42048.0	34340.0
HeQ_2017__SZAXPI029601-32__bin.19	33964.0	27731.0	24819.0	36883.0	28493.0	30424.0	0.0	17311.0	26215.0	35134.0	32634.0	25860.0	28716.0	31939.0	31632.0	34089.0	25770.0	33101.0	29643.0	35720.0	12678.0	28737.0	34582.0	26322.0	26734.0	23279.0	31602.0	34639.0	32812.0	29361.0	28069.0	33000.0	35196.0	34083.0	26224.0	22480.0	35096.0	35939.0	19883.0	31549.0	23347.0	29490.0	15949.0	36247.0	28406.0	24070.0
HMP_2012__SRS019974__bin.30	21241.0	21597.0	19261.0	23102.0	21637.0	20128.0	17311.0	0.0	16565.0	6663.0	13142.0	25695.0	18091.0	21649.0	16428.0	20417.0	18738.0	20330.0	19650.0	23980.0	18715.0	16851.0	10010.0	17969.0	19633.0	13865.0	16456.0	21223.0	21482.0	19998.0	21187.0	22085.0	19578.0	22496.0	28853.0	15643.0	22650.0	23338.0	18094.0	18622.0	14751.0	26556.0	12467.0	21663.0	19835.0	18178.0
VogtmannE_2016__MMRS17603756ST-27-0-0__bin.30	41681.0	35995.0	31959.0	45668.0	40825.0	28804.0	26215.0	16565.0	0.0	25250.0	11927.0	45816.0	34292.0	43318.0	22616.0	36429.0	33854.0	40274.0	36419.0	44938.0	24601.0	36155.0	40777.0	29816.0	34090.0	26761.0	24320.0	42938.0	42758.0	37913.0	36776.0	43439.0	42036.0	43482.0	54120.0	25734.0	44089.0	46541.0	26871.0	29477.0	20985.0	47939.0	20212.0	43510.0	33571.0	28592.0
BackhedF_2015__SID544_4M__bin.5	31916.0	30409.0	28504.0	34687.0	31795.0	30477.0	35134.0	6663.0	25250.0	0.0	28026.0	39633.0	27415.0	32388.0	31358.0	32739.0	28845.0	32239.0	30312.0	38047.0	22919.0	23214.0	2732.0	26364.0	28653.0	19754.0	31678.0	34082.0	32260.0	29796.0	29778.0	34313.0	31058.0	33711.0	41545.0	22333.0	34712.0	36770.0	34056.0	32276.0	21728.0	40720.0	15216.0	33664.0	26931.0	26097.0
HMP_2012__SRS064329__bin.52	27773.0	24919.0	22373.0	33108.0	26230.0	19029.0	32634.0	13142.0	11927.0	28026.0	0.0	33312.0	23645.0	27983.0	18660.0	30148.0	23165.0	26269.0	26236.0	32523.0	17668.0	24435.0	27854.0	22098.0	24194.0	20249.0	25731.0	28427.0	28733.0	24323.0	24016.0	26667.0	29281.0	27691.0	33489.0	19133.0	29017.0	27848.0	26791.0	27478.0	17033.0	34343.0	13928.0	30764.0	24202.0	20514.0
QinJ_2012__CON-015__bin.17	56910.0	46863.0	38246.0	65573.0	53634.0	53324.0	25860.0	25695.0	45816.0	39633.0	33312.0	0.0	46516.0	57075.0	38451.0	52916.0	44573.0	53928.0	50386.0	66705.0	18563.0	48368.0	59103.0	40516.0	43148.0	36817.0	34642.0	57422.0	57623.0	49017.0	42929.0	59390.0	56544.0	56431.0	40412.0	37884.0	60721.0	61271.0	22776.0	39972.0	33763.0	39430.0	28983.0	60438.0	47804.0	39594.0
GeversD_2014__SKBSTL041__bin.16	44700.0	37275.0	33800.0	51699.0	40864.0	40642.0	28716.0	18091.0	34292.0	27415.0	23645.0	46516.0	0.0	47002.0	27839.0	41382.0	34491.0	42114.0	38149.0	53124.0	26296.0	38928.0	45200.0	32763.0	34883.0	28071.0	26770.0	42843.0	47623.0	39802.0	36053.0	45101.0	42145.0	45104.0	55832.0	27580.0	49415.0	47594.0	27269.0	30213.0	25848.0	50077.0	21618.0	48390.0	36237.0	14391.0
XieH_2016__YSZC12003_35733__bin.5	59337.0	48897.0	40579.0	66703.0	55748.0	54401.0	31939.0	21649.0	43318.0	32388.0	27983.0	57075.0	47002.0	0.0	34770.0	48687.0	44748.0	56710.0	48742.0	67800.0	30314.0	47820.0	58360.0	37740.0	43950.0	31554.0	28880.0	58208.0	61394.0	50132.0	47052.0	61475.0	52027.0	61344.0	74981.0	35239.0	61139.0	65582.0	34515.0	30173.0	27441.0	64062.0	26214.0	63126.0	38605.0	38479.0
HMP_2012__SRS022077__bin.8	30482.0	29534.0	28494.0	39956.0	31167.0	25733.0	31632.0	16428.0	22616.0	31358.0	18660.0	38451.0	27839.0	34770.0	0.0	35570.0	27929.0	29373.0	29289.0	39059.0	21571.0	28450.0	35050.0	26737.0	28754.0	24271.0	28921.0	29256.0	36647.0	30042.0	28414.0	30375.0	34349.0	31719.0	42840.0	24055.0	37616.0	35728.0	33914.0	34149.0	21082.0	43335.0	16096.0	35747.0	28020.0	24791.0
HMP_2012__SRS018791__bin.29	48019.0	42950.0	38079.0	27940.0	46284.0	46349.0	34089.0	20417.0	36429.0	32739.0	30148.0	52916.0	41382.0	48687.0	35570.0	0.0	40454.0	47570.0	41515.0	28795.0	29858.0	36863.0	46879.0	35569.0	40204.0	28224.0	30480.0	47502.0	39106.0	45508.0	45100.0	49148.0	40845.0	52532.0	60951.0	29838.0	50979.0	50718.0	33348.0	36607.0	27205.0	57080.0	23718.0	43042.0	41102.0	33386.0
FengQ_2015__SID530451__bin.60	47292.0	35869.0	31727.0	53196.0	39044.0	41999.0	25770.0	18738.0	33854.0	28845.0	23165.0	44573.0	34491.0	44748.0	27929.0	40454.0	0.0	41307.0	39539.0	53147.0	24179.0	38180.0	46451.0	32697.0	32267.0	27263.0	24957.0	45300.0	47675.0	38262.0	34622.0	48549.0	42388.0	46188.0	55671.0	27037.0	47663.0	48923.0	29067.0	30562.0	25751.0	50602.0	21426.0	49668.0	37356.0	31504.0
CM_cf__CF_TNFC017IS_t4M16__bin.11	53491.0	45686.0	37454.0	64086.0	54123.0	51646.0	33101.0	20330.0	40274.0	32239.0	26269.0	53928.0	42114.0	56710.0	29373.0	47570.0	41307.0	0.0	45257.0	63390.0	27856.0	47812.0	55699.0	35623.0	42178.0	30802.0	28095.0	53013.0	55998.0	46515.0	43326.0	55961.0	50606.0	55584.0	68099.0	31773.0	58829.0	59106.0	30120.0	30998.0	25736.0	58956.0	23796.0	59987.0	37430.0	36963.0
XieH_2016__YSZC12003_35551__bin.43	32345.0	40673.0	36180.0	53326.0	45399.0	44631.0	29643.0	19650.0	36419.0	30312.0	26236.0	50386.0	38149.0	48742.0	29289.0	41515.0	39539.0	45257.0	0.0	53237.0	28158.0	40380.0	48549.0	36674.0	38396.0	28594.0	27674.0	27610.0	49755.0	42684.0	40659.0	32307.0	44107.0	40710.0	60479.0	28546.0	51482.0	50619.0	31654.0	33597.0	27524.0	55090.0	19061.0	50817.0	37417.0	33783.0
FengQ_2015__SID530705__bin.47	63121.0	58983.0	47421.0	38020.0	62268.0	60334.0	35720.0	23980.0	44938.0	38047.0	32523.0	66705.0	53124.0	67800.0	39059.0	28795.0	53147.0	63390.0	53237.0	0.0	37826.0	48504.0	64523.0	45572.0	52832.0	35726.0	35290.0	64720.0	52667.0	63580.0	60552.0	64357.0	55852.0	69648.0	82271.0	37433.0	68743.0	70917.0	38543.0	42418.0	33301.0	72421.0	29326.0	59072.0	54785.0	43964.0
QinN_2014__LD-30__bin.25	32795.0	26258.0	22710.0	38142.0	29345.0	29463.0	12678.0	18715.0	24601.0	22919.0	17668.0	18563.0	26296.0	30314.0	21571.0	29858.0	24179.0	27856.0	28158.0	37826.0	0.0	27746.0	32691.0	24429.0	25755.0	22850.0	21422.0	31267.0	32560.0	26137.0	24618.0	31526.0	31768.0	30953.0	20925.0	23451.0	34265.0	33420.0	13472.0	23349.0	20617.0	23178.0	17580.0	33302.0	26610.0	22880.0
HMP_2012__SRS013502__bin.28	46737.0	41563.0	34138.0	46455.0	45564.0	45734.0	28737.0	16851.0	36155.0	23214.0	24435.0	48368.0	38928.0	47820.0	28450.0	36863.0	38180.0	47812.0	40380.0	48504.0	27746.0	0.0	43842.0	33963.0	36923.0	25501.0	25024.0	47701.0	42591.0	43929.0	40909.0	45865.0	42359.0	47841.0	57737.0	27988.0	46631.0	51299.0	26341.0	32209.0	24932.0	52200.0	20670.0	43659.0	38168.0	33538.0
BackhedF_2015__SID256_12M__bin.14	57060.0	52138.0	43237.0	60562.0	56631.0	52345.0	34582.0	10010.0	40777.0	2732.0	27854.0	59103.0	45200.0	58360.0	35050.0	46879.0	46451.0	55699.0	48549.0	64523.0	32691.0	43842.0	0.0	42067.0	46109.0	30302.0	32091.0	58486.0	57755.0	53665.0	50434.0	59615.0	49271.0	61508.0	74801.0	34996.0	59964.0	62764.0	37266.0	37636.0	29339.0	64102.0	25892.0	59037.0	46726.0	40430.0
XieH_2016__YSZC12003_36119__bin.73	42067.0	34115.0	31197.0	45198.0	36429.0	36679.0	26322.0	17969.0	29816.0	26364.0	22098.0	40516.0	32763.0	37740.0	26737.0	35569.0	32697.0	35623.0	36674.0	45572.0	24429.0	33963.0	42067.0	0.0	31805.0	25164.0	23767.0	38391.0	40989.0	34783.0	32816.0	41606.0	37860.0	39598.0	47980.0	27139.0	41450.0	43769.0	27049.0	28256.0	22982.0	46417.0	19435.0	41101.0	31262.0	28729.0
FengQ_2015__SID530185__bin.38	44036.0	26207.0	30978.0	51620.0	26059.0	40527.0	26734.0	19633.0	34090.0	28653.0	24194.0	43148.0	34883.0	43950.0	28754.0	40204.0	32267.0	42178.0	38396.0	52832.0	25755.0	36923.0	46109.0	31805.0	0.0	26898.0	25235.0	43693.0	46327.0	38397.0	35742.0	45837.0	42853.0	45134.0	53558.0	22083.0	45763.0	48388.0	27772.0	30773.0	25652.0	49735.0	20278.0	47636.0	36475.0	28262.0
SchirmerM_2016__G89165__bin.13	33320.0	29645.0	27411.0	34315.0	31721.0	32497.0	23279.0	13865.0	26761.0	19754.0	20249.0	36817.0	28071.0	31554.0	24271.0	28224.0	27263.0	30802.0	28594.0	35726.0	22850.0	25501.0	30302.0	25164.0	26898.0	0.0	18761.0	32601.0	32541.0	28967.0	29983.0	33843.0	23252.0	35870.0	43353.0	21352.0	35428.0	35604.0	23652.0	24640.0	20070.0	39429.0	17063.0	33673.0	28431.0	25132.0
BackhedF_2015__SID105_B__bin.3	32512.0	25633.0	25375.0	35453.0	26562.0	28917.0	31602.0	16456.0	24320.0	31678.0	25731.0	34642.0	26770.0	28880.0	28921.0	30480.0	24957.0	28095.0	27674.0	35290.0	21422.0	25024.0	32091.0	23767.0	25235.0	18761.0	0.0	30303.0	31513.0	25432.0	26130.0	30390.0	28495.0	30995.0	36376.0	20540.0	22664.0	34106.0	29121.0	27579.0	20211.0	37467.0	14699.0	32241.0	25240.0	23278.0
FengQ_2015__SID31004__bin.5	22230.0	47971.0	42095.0	65866.0	54340.0	51172.0	34639.0	21223.0	42938.0	34082.0	28427.0	57422.0	42843.0	58208.0	29256.0	47502.0	45300.0	53013.0	27610.0	64720.0	31267.0	47701.0	58486.0	38391.0	43693.0	32601.0	30303.0	0.0	58433.0	51928.0	46643.0	26132.0	52149.0	44012.0	73560.0	32086.0	63382.0	58958.0	33820.0	36909.0	27754.0	63034.0	19935.0	59788.0	40685.0	35341.0
XieH_2016__YSZC12003_35734__bin.24	57026.0	51998.0	43213.0	50654.0	57352.0	54702.0	32812.0	21482.0	42758.0	32260.0	28733.0	57623.0	47623.0	61394.0	36647.0	39106.0	47675.0	55998.0	49755.0	52667.0	32560.0	42591.0	57755.0	40989.0	46327.0	32541.0	31513.0	58433.0	0.0	55814.0	51266.0	57790.0	50279.0	63578.0	72784.0	34829.0	62226.0	61708.0	36022.0	39403.0	31240.0	63066.0	27174.0	55351.0	49010.0	40924.0
CM_cf__CF_TNFC048IS_t2M15__bin.21	54031.0	41416.0	36469.0	61790.0	49415.0	49024.0	29361.0	19998.0	37913.0	29796.0	24323.0	49017.0	39802.0	50132.0	30042.0	45508.0	38262.0	46515.0	42684.0	63580.0	26137.0	43929.0	53665.0	34783.0	38397.0	28967.0	25432.0	51928.0	55814.0	0.0	40126.0	53948.0	49846.0	51624.0	66050.0	32016.0	53151.0	58311.0	30076.0	31338.0	24477.0	57843.0	24321.0	56246.0	37221.0	34038.0
FengQ_2015__SID31705__bin.14	50423.0	37137.0	33543.0	59919.0	41854.0	45448.0	28069.0	21187.0	36776.0	29778.0	24016.0	42929.0	36053.0	47052.0	28414.0	45100.0	34622.0	43326.0	40659.0	60552.0	24618.0	40909.0	50434.0	32816.0	35742.0	29983.0	26130.0	46643.0	51266.0	40126.0	0.0	50759.0	46817.0	48467.0	56867.0	30957.0	53677.0	54263.0	27457.0	31691.0	25351.0	52358.0	22395.0	53315.0	37811.0	30056.0
BackhedF_2015__SID585_12M__bin.1	27003.0	49929.0	42906.0	63643.0	56960.0	53045.0	33000.0	22085.0	43439.0	34313.0	26667.0	59390.0	45101.0	61475.0	30375.0	49148.0	48549.0	55961.0	32307.0	64357.0	31526.0	45865.0	59615.0	41606.0	45837.0	33843.0	30390.0	26132.0	57790.0	53948.0	50759.0	0.0	52959.0	48899.0	74846.0	32679.0	63107.0	59269.0	34427.0	37340.0	28085.0	64676.0	21428.0	61303.0	45633.0	37581.0
HMP_2012__SRS053854__bin.1	51818.0	46101.0	40425.0	54344.0	52513.0	50818.0	35196.0	19578.0	42036.0	31058.0	29281.0	56544.0	42145.0	52027.0	34349.0	40845.0	42388.0	50606.0	44107.0	55852.0	31768.0	42359.0	49271.0	37860.0	42853.0	23252.0	28495.0	52149.0	50279.0	49846.0	46817.0	52959.0	0.0	56032.0	69313.0	30409.0	54521.0	54786.0	33753.0	36347.0	29057.0	59720.0	24376.0	53888.0	42520.0	36491.0
FerrettiP_2018__CA_C10049IS2857FE_t2M16__bin.6	43720.0	48981.0	42972.0	68998.0	57051.0	52714.0	34083.0	22496.0	43482.0	33711.0	27691.0	56431.0	45104.0	61344.0	31719.0	52532.0	46188.0	55584.0	40710.0	69648.0	30953.0	47841.0	61508.0	39598.0	45134.0	35870.0	30995.0	44012.0	63578.0	51624.0	48467.0	48899.0	56032.0	0.0	75434.0	33757.0	65207.0	62916.0	35323.0	38210.0	30247.0	65591.0	22164.0	63322.0	44541.0	37436.0
QinN_2014__LD-2__bin.13	74888.0	59471.0	45257.0	81837.0	69267.0	64819.0	26224.0	28853.0	54120.0	41545.0	33489.0	40412.0	55832.0	74981.0	42840.0	60951.0	55671.0	68099.0	60479.0	82271.0	20925.0	57737.0	74801.0	47980.0	53558.0	43353.0	36376.0	73560.0	72784.0	66050.0	56867.0	74846.0	69313.0	75434.0	0.0	44742.0	76325.0	79092.0	26687.0	46822.0	37994.0	50342.0	32386.0	73305.0	57056.0	45837.0
FengQ_2015__SID531248__bin.27	32334.0	27804.0	27376.0	38059.0	29943.0	29861.0	22480.0	15643.0	25734.0	22333.0	19133.0	37884.0	27580.0	35239.0	24055.0	29838.0	27037.0	31773.0	28546.0	37433.0	23451.0	27988.0	34996.0	27139.0	22083.0	21352.0	20540.0	32086.0	34829.0	32016.0	30957.0	32679.0	30409.0	33757.0	44742.0	0.0	36374.0	35342.0	23877.0	25697.0	21585.0	42290.0	17482.0	34390.0	28970.0	24689.0
BackhedF_2015__SID282_B__bin.5	63185.0	51659.0	44282.0	67783.0	60368.0	58136.0	35096.0	22650.0	44089.0	34712.0	29017.0	60721.0	49415.0	61139.0	37616.0	50979.0	47663.0	58829.0	51482.0	68743.0	34265.0	46631.0	59964.0	41450.0	45763.0	35428.0	22664.0	63382.0	62226.0	53151.0	53677.0	63107.0	54521.0	65207.0	76325.0	36374.0	0.0	67080.0	37498.0	37613.0	30607.0	67218.0	27914.0	61821.0	47509.0	41342.0
KarlssonFH_2013__S370__bin.37	59311.0	52633.0	44998.0	72974.0	60967.0	54282.0	35939.0	23338.0	46541.0	36770.0	27848.0	61271.0	47594.0	65582.0	35728.0	50718.0	48923.0	59106.0	50619.0	70917.0	33420.0	51299.0	62764.0	43769.0	48388.0	35604.0	34106.0	58958.0	61708.0	58311.0	54263.0	59269.0	54786.0	62916.0	79092.0	35342.0	67080.0	0.0	38210.0	43412.0	31436.0	68614.0	25435.0	66570.0	47523.0	40376.0
QinN_2014__LD-33__bin.28	34953.0	29126.0	25947.0	39913.0	31504.0	31662.0	19883.0	18094.0	26871.0	34056.0	26791.0	22776.0	27269.0	34515.0	33914.0	33348.0	29067.0	30120.0	31654.0	38543.0	13472.0	26341.0	37266.0	27049.0	27772.0	23652.0	29121.0	33820.0	36022.0	30076.0	27457.0	34427.0	33753.0	35323.0	26687.0	23877.0	37498.0	38210.0	0.0	33694.0	21931.0	27781.0	16244.0	36542.0	29889.0	25106.0
XieH_2016__YSZC12003_37229__bin.72	38544.0	31854.0	30600.0	44143.0	34150.0	34296.0	31549.0	18622.0	29477.0	32276.0	27478.0	39972.0	30213.0	30173.0	34149.0	36607.0	30562.0	30998.0	33597.0	42418.0	23349.0	32209.0	37636.0	28256.0	30773.0	24640.0	27579.0	36909.0	39403.0	31338.0	31691.0	37340.0	36347.0	38210.0	46822.0	25697.0	37613.0	43412.0	33694.0	0.0	22715.0	44768.0	17286.0	41094.0	28749.0	28176.0
KarlssonFH_2013__S441__bin.47	28897.0	26592.0	25389.0	34220.0	28233.0	20540.0	23347.0	14751.0	20985.0	21728.0	17033.0	33763.0	25848.0	27441.0	21082.0	27205.0	25751.0	25736.0	27524.0	33301.0	20617.0	24932.0	29339.0	22982.0	25652.0	20070.0	20211.0	27754.0	31240.0	24477.0	25351.0	28085.0	29057.0	30247.0	37994.0	21585.0	30607.0	31436.0	21931.0	22715.0	0.0	36388.0	15590.0	31518.0	24965.0	22511.0
QinN_2014__LD-5__bin.26	64435.0	52699.0	43516.0	70590.0	58149.0	55869.0	29490.0	26556.0	47939.0	40720.0	34343.0	39430.0	50077.0	64062.0	43335.0	57080.0	50602.0	58956.0	55090.0	72421.0	23178.0	52200.0	64102.0	46417.0	49735.0	39429.0	37467.0	63034.0	63066.0	57843.0	52358.0	64676.0	59720.0	65591.0	50342.0	42290.0	67218.0	68614.0	27781.0	44768.0	36388.0	0.0	30180.0	64402.0	50565.0	44181.0
GeversD_2014__SKBSTL042__bin.50	21452.0	23252.0	21335.0	30776.0	25516.0	24327.0	15949.0	12467.0	20212.0	15216.0	13928.0	28983.0	21618.0	26214.0	16096.0	23718.0	21426.0	23796.0	19061.0	29326.0	17580.0	20670.0	25892.0	19435.0	20278.0	17063.0	14699.0	19935.0	27174.0	24321.0	22395.0	21428.0	24376.0	22164.0	32386.0	17482.0	27914.0	25435.0	16244.0	17286.0	15590.0	30180.0	0.0	24886.0	20771.0	18500.0
BackhedF_2015__SID598_M__bin.2	59536.0	51229.0	44823.0	57738.0	57876.0	56616.0	36247.0	21663.0	43510.0	33664.0	30764.0	60438.0	48390.0	63126.0	35747.0	43042.0	49668.0	59987.0	50817.0	59072.0	33302.0	43659.0	59037.0	41101.0	47636.0	33673.0	32241.0	59788.0	55351.0	56246.0	53315.0	61303.0	53888.0	63322.0	73305.0	34390.0	61821.0	66570.0	36542.0	41094.0	31518.0	64402.0	24886.0	0.0	48285.0	41949.0
BackhedF_2015__SID38_4M__bin.1	44567.0	37610.0	34296.0	53640.0	43799.0	42048.0	28406.0	19835.0	33571.0	26931.0	24202.0	47804.0	36237.0	38605.0	28020.0	41102.0	37356.0	37430.0	37417.0	54785.0	26610.0	38168.0	46726.0	31262.0	36475.0	28431.0	25240.0	40685.0	49010.0	37221.0	37811.0	45633.0	42520.0	44541.0	57056.0	28970.0	47509.0	47523.0	29889.0	28749.0	24965.0	50565.0	20771.0	48285.0	0.0	31071.0
HMP_2012__SRS018439__bin.27	38284.0	30317.0	28884.0	42669.0	33650.0	34340.0	24070.0	18178.0	28592.0	26097.0	20514.0	39594.0	14391.0	38479.0	24791.0	33386.0	31504.0	36963.0	33783.0	43964.0	22880.0	33538.0	40430.0	28729.0	28262.0	25132.0	23278.0	35341.0	40924.0	34038.0	30056.0	37581.0	36491.0	37436.0	45837.0	24689.0	41342.0	40376.0	25106.0	28176.0	22511.0	44181.0	18500.0	41949.0	31071.0	0.0
