/home/jshaw/scratch/2022_sketched_distance/references/SGB_genome_fastas_part4/7985/BackhedF_2015__SID38_12M__bin.19.fa	/home/jshaw/scratch/2022_sketched_distance/references/SGB_genome_fastas_part4/7985/BackhedF_2015__SID38_M__bin.25.fa	/home/jshaw/scratch/2022_sketched_distance/references/SGB_genome_fastas_part4/7985/BackhedF_2015__SID637_12M__bin.20.fa	/home/jshaw/scratch/2022_sketched_distance/references/SGB_genome_fastas_part4/7985/BackhedF_2015__SID82_12M__bin.39.fa	/home/jshaw/scratch/2022_sketched_distance/references/SGB_genome_fastas_part4/7985/CM_madagascar__A81_03_1FE__bin.34.fa	/home/jshaw/scratch/2022_sketched_distance/references/SGB_genome_fastas_part4/7985/CM_madagascar__V40_01_1FE__bin.14.fa	/home/jshaw/scratch/2022_sketched_distance/references/SGB_genome_fastas_part4/7985/CosteaPI_2017__alien-11-600-0__bin.61.fa	/home/jshaw/scratch/2022_sketched_distance/references/SGB_genome_fastas_part4/7985/CosteaPI_2017__alien-11-877-0__bin.3.fa	/home/jshaw/scratch/2022_sketched_distance/references/SGB_genome_fastas_part4/7985/CosteaPI_2017__SID713A040-11-0-0__bin.67.fa	/home/jshaw/scratch/2022_sketched_distance/references/SGB_genome_fastas_part4/7985/CosteaPI_2017__SID713A053-11-0-0__bin.33.fa	/home/jshaw/scratch/2022_sketched_distance/references/SGB_genome_fastas_part4/7985/IjazUZ_2017__S68_a_WGS__bin.4.fa	/home/jshaw/scratch/2022_sketched_distance/references/SGB_genome_fastas_part4/7985/KarlssonFH_2013__S54__bin.24.fa	/home/jshaw/scratch/2022_sketched_distance/references/SGB_genome_fastas_part4/7985/KarlssonFH_2013__S59__bin.5.fa	/home/jshaw/scratch/2022_sketched_distance/references/SGB_genome_fastas_part4/7985/KosticAD_2015__PRJNA231909.3109952__bin.14.fa	/home/jshaw/scratch/2022_sketched_distance/references/SGB_genome_fastas_part4/7985/LiJ_2014__V1.FI30__bin.20.fa	/home/jshaw/scratch/2022_sketched_distance/references/SGB_genome_fastas_part4/7985/NielsenHB_2014__V1_UC50_1__bin.21.fa	/home/jshaw/scratch/2022_sketched_distance/references/SGB_genome_fastas_part4/7985/Obregon-TitoAJ_2015__SM24__bin.22.fa	/home/jshaw/scratch/2022_sketched_distance/references/SGB_genome_fastas_part4/7985/OhJ_2014__MET0310__bin.48.fa	/home/jshaw/scratch/2022_sketched_distance/references/SGB_genome_fastas_part4/7985/SchirmerM_2016__G89053__bin.11.fa	/home/jshaw/scratch/2022_sketched_distance/references/SGB_genome_fastas_part4/7985/VatanenT_2016__G69222__bin.8.fa	/home/jshaw/scratch/2022_sketched_distance/references/SGB_genome_fastas_part4/7985/VatanenT_2016__G78553__bin.4.fa	/home/jshaw/scratch/2022_sketched_distance/references/SGB_genome_fastas_part4/7985/VatanenT_2016__G78780__bin.6.fa	/home/jshaw/scratch/2022_sketched_distance/references/SGB_genome_fastas_part4/7985/VatanenT_2016__G78793__bin.2.fa	/home/jshaw/scratch/2022_sketched_distance/references/SGB_genome_fastas_part4/7985/VatanenT_2016__G78880__bin.10.fa	/home/jshaw/scratch/2022_sketched_distance/references/SGB_genome_fastas_part4/7985/VatanenT_2016__G78889__bin.17.fa	/home/jshaw/scratch/2022_sketched_distance/references/SGB_genome_fastas_part4/7985/VatanenT_2016__G78895__bin.1.fa	/home/jshaw/scratch/2022_sketched_distance/references/SGB_genome_fastas_part4/7985/VincentC_2016__MM098.8__bin.1.fa	/home/jshaw/scratch/2022_sketched_distance/references/SGB_genome_fastas_part4/7985/ZellerG_2014__CCIS50471204ST-4-0__bin.28.fa	/home/jshaw/scratch/2022_sketched_distance/references/SGB_genome_fastas_part4/7985/ZellerG_2014__CCIS63448910ST-4-0__bin.46.fa	/home/jshaw/scratch/2022_sketched_distance/references/SGB_genome_fastas_part4/7985/ZellerG_2014__CCIS74239020ST-4-0__bin.54.fa
1.0	0.9857952905602658	0.9827462992022121	0.9856662274714335	0.9805305408812325	0.9887889161302094	0.9854988620202497	0.9861625963957465	0.9870344204271284	0.9866224154511835	0.9836021607047286	0.9814669274619698	0.9845088358239519	0.9822313095264092	0.9859400705104516	0.9861585363105054	0.9799331180940778	0.9789654502459455	0.9857421759679937	0.9834463311533	0.9835575202779576	0.9813790941904285	0.9840156997340804	0.9869033887621624	0.9761651336882881	0.9818653809214472	0.9856489306497667	0.9861355430353252	0.9832996433091379	0.9862296660745188
0.9857952905602658	1.0	0.9834575453308856	0.9907250605655135	0.9809059238545333	0.9909919921527497	0.9878124007916133	0.9891561188939632	0.9906663959632634	0.9921840788918063	0.9867580770850438	0.9842706276525042	0.9878468295537146	0.9853653048759089	0.9885349279589281	0.9891747724834358	0.9809733769998563	0.9801483655289308	0.9889852950100515	0.986215206741355	0.9864372425718216	0.9821156219941829	0.9871557227516351	0.99067339158859	0.9791919461233182	0.9832443865931545	0.9909722611874089	0.9890906946811219	0.9864545666683926	0.9895743037778734
0.9827462992022121	0.9834575453308856	1.0	0.9825215103177365	0.9957117226871476	0.9886957922257269	0.9836834538613806	0.9843474259077933	0.9856690184556767	0.9842782059241665	0.9805482362734893	0.9791529983889937	0.9812289685944265	0.9804882954020373	0.9826201452912388	0.9818392151630154	0.984632600743744	0.9880856238483499	0.9796618059991915	0.9815890020813994	0.9821180862246044	0.9920291273017906	0.9821223117514956	0.9856999102535294	0.9739294281581667	0.9820025035962333	0.979344246828264	0.9801626380151754	0.9801176194379877	0.9842559874129351
0.9856662274714335	0.9907250605655135	0.9825215103177365	1.0	0.969730315887521	0.975848328697168	0.9686332235067442	0.9860607444916818	0.9722334152291681	0.9889377549959485	0.9869632793708465	0.9786623085160258	0.9867932667749276	0.9772674195748897	0.9715788651547199	0.9873845066587771	0.9770959486730273	0.9821308990028934	0.98721666223408	0.9817852487048703	0.9835252399350641	0.9689294438337848	0.9835252399350641	0.9883333502645499	0.9678805583713804	0.9764008908068854	0.9918406456619414	0.9876761904785208	0.9712748973774785	0.9856662274714335
0.9805305408812325	0.9809059238545333	0.9957117226871476	0.969730315887521	1.0	0.9790039449322123	0.9692128946366183	0.9807396189031153	0.9736285277818367	0.9800658060874101	0.9793343168662612	0.9673094780217977	0.9808644268554514	0.9699122525083662	0.9685253836499979	0.9826422609140304	0.9784522148158667	0.9880672344445814	0.9815221418480219	0.9764707986293333	0.9760403757758951	0.9766686625498447	0.9781828649863417	0.9816440046157471	0.9632860066635678	0.9725362258320347	0.9815628132223504	0.9820068934932655	0.9641425647094939	0.9790282861631787
0.9887889161302094	0.9909919921527497	0.9886957922257269	0.975848328697168	0.9790039449322123	1.0	0.9728113502107344	0.9900657666584393	0.9754314715517833	0.9900210057773617	0.9893422017835262	0.977134209841777	0.9897059679016974	0.9790039449322123	0.9716539369619512	0.9911655083571643	0.9823935096089851	0.9874121541463062	0.990155106706406	0.9843132610118767	0.9849986323645255	0.9752210216910897	0.9871688521182226	0.9918929535075758	0.9702901659622405	0.9825625384864854	0.9916380323573701	0.9904659062387179	0.9734121475085679	0.9886957922257269
0.9854988620202497	0.9878124007916133	0.9836834538613806	0.9686332235067442	0.9692128946366183	0.9728113502107344	1.0	0.9936851441819781	0.9773710625561063	0.9860823590551674	0.9871392632711805	0.9802670227370603	0.9936523189563263	0.9832359921888199	0.9767571509881809	0.9951296046417571	0.9749764163644326	0.9797699449050082	0.9947505273162354	0.9899739961206262	0.9906281868046121	0.9707692600741505	0.9895677338299654	0.9887779648193895	0.9739147637477255	0.9752077011005457	0.9894560611612097	0.9953175309498593	0.9793667626734001	0.9922776694206108
0.9861625963957465	0.9891561188939632	0.9843474259077933	0.9860607444916818	0.9807396189031153	0.9900657666584393	0.9936851441819781	1.0	0.9946309263852526	0.9886455113463	0.9877645171867578	0.9893998028406891	0.9943371634341042	0.9891556827097716	0.9916020085606321	0.9958180547807606	0.9794338550654297	0.9818920151265391	0.9955008829898343	0.9908960362698043	0.99098945627426	0.9816674947409745	0.9915857798651213	0.9898082335681235	0.9838680731358938	0.9825453220863956	0.9899415592241272	0.9958551706274041	0.990379024818663	0.994050928507727
0.9870344204271284	0.9906663959632634	0.9856690184556767	0.9722334152291681	0.9736285277818367	0.9754314715517833	0.9773710625561063	0.9946309263852526	1.0	0.9900422606005786	0.9890427824648611	0.9817063396199497	0.9943209735480055	0.9829022261114153	0.9771785625043741	0.9957763926696946	0.9804123298158499	0.9848954426402768	0.99514116125779	0.9905502658266869	0.9903558032800145	0.9735634369357397	0.992287572944315	0.9912789533307189	0.9755229512542477	0.9787331472897317	0.9913925540635591	0.9954101108136639	0.9800406354247654	0.9938680835180017
0.9866224154511835	0.9921840788918063	0.9842782059241665	0.9889377549959485	0.9800658060874101	0.9900210057773617	0.9860823590551674	0.9886455113463	0.9900422606005786	1.0	0.988432051918481	0.9828987595102535	0.9892777181897386	0.9831380678292048	0.9872850399288284	0.9905515570629434	0.9794002978671207	0.9821015986038015	0.990011636038054	0.9846731679467918	0.9850157386882492	0.980962631964379	0.986372847722778	0.9911266773083189	0.9774274877850057	0.9819340140659116	0.9916919568558091	0.9904845478907522	0.984857967014084	0.987673027887277
0.9836021607047286	0.9867580770850438	0.9805482362734893	0.9869632793708465	0.9793343168662612	0.9893422017835262	0.9871392632711805	0.9877645171867578	0.9890427824648611	0.988432051918481	1.0	0.9839508604627352	0.9855462759177086	0.9843535508162304	0.987197066155865	0.9875945164529917	0.9799661324868773	0.9782684964191676	0.9870128907841444	0.9852040443297836	0.9856436075405027	0.9815853536611806	0.9867287132977959	0.9916700419999038	0.9786853256589202	0.9832773062554944	0.9870563284799839	0.9871430322099392	0.9847817838047643	0.9880425687145119
0.9814669274619698	0.9842706276525042	0.9791529983889937	0.9786623085160258	0.9673094780217977	0.977134209841777	0.9802670227370603	0.9893998028406891	0.9817063396199497	0.9828987595102535	0.9839508604627352	1.0	0.9965046871541045	0.989610891650115	0.9826201452912388	0.990324540143164	0.9743030007712075	0.9776296515789917	0.998170778653566	0.984305965703312	0.9859589558936251	0.966342089707719	0.985723014955805	0.9845873083445021	0.9728275851637371	0.972880775966787	0.9849009625178413	0.9982866511292664	0.978309542185766	0.9893392427733962
0.9845088358239519	0.9878468295537146	0.9812289685944265	0.9867932667749276	0.9808644268554514	0.9897059679016974	0.9936523189563263	0.9943371634341042	0.9943209735480055	0.9892777181897386	0.9855462759177086	0.9965046871541045	1.0	0.9952105442550414	0.9914861896284732	0.9922198449401749	0.98061951002604	0.979326306482559	0.9981662586327674	0.9918135348173052	0.9924756907748176	0.9823173056920255	0.991542113054583	0.9899272242389584	0.9843367791021607	0.9830130183936769	0.9864157351635564	0.9984665289144147	0.9912677982852057	0.9945777508625284
0.9822313095264092	0.9853653048759089	0.9804882954020373	0.9772674195748897	0.9699122525083662	0.9790039449322123	0.9832359921888199	0.9891556827097716	0.9829022261114153	0.9831380678292048	0.9843535508162304	0.989610891650115	0.9952105442550414	1.0	0.9809583548964689	0.9906124707795657	0.9736221161724543	0.9778481210324915	0.9977135485409458	0.985461582174378	0.9863468222857376	0.9704722449606173	0.9854936120006678	0.985397428674196	0.9721584545664417	0.9738972560562671	0.9858755538480976	0.9976692794913316	0.9784023653981316	0.9883731065636642
0.9859400705104516	0.9885349279589281	0.9826201452912388	0.9715788651547199	0.9685253836499979	0.9716539369619512	0.9767571509881809	0.9916020085606321	0.9771785625043741	0.9872850399288284	0.987197066155865	0.9826201452912388	0.9914861896284732	0.9809583548964689	1.0	0.9943020950509205	0.9777712763484709	0.9812764374531431	0.9922885285739358	0.9889133753045207	0.9878943593735887	0.9690675545894802	0.9903851723183331	0.9887877084136885	0.9746935024960675	0.9765748629870343	0.9888296506342924	0.9925517066432471	0.980475352737398	0.9916020085606321
0.9861585363105054	0.9891747724834358	0.9818392151630154	0.9873845066587771	0.9826422609140304	0.9911655083571643	0.9951296046417571	0.9958180547807606	0.9957763926696946	0.9905515570629434	0.9875945164529917	0.990324540143164	0.9922198449401749	0.9906124707795657	0.9943020950509205	1.0	0.9821054261594486	0.9807034134608118	0.9928821113001743	0.9938602836711943	0.9934306638266013	0.9838492219972534	0.9962014294903073	0.991792536081395	0.987766891036677	0.9851633089957145	0.9882546583736627	0.9934551311433245	0.9954405312289419	0.995936585678326
0.9799331180940778	0.9809733769998563	0.984632600743744	0.9770959486730273	0.9784522148158667	0.9823935096089851	0.9749764163644326	0.9794338550654297	0.9804123298158499	0.9794002978671207	0.9799661324868773	0.9743030007712075	0.98061951002604	0.9736221161724543	0.9777712763484709	0.9821054261594486	1.0	0.9796011256430548	0.9813234554149634	0.9758196870841848	0.9763401360907943	0.9776110537618992	0.9773209505124494	0.9828993349242491	0.9680021077425796	0.9745834894603745	0.9818260644003372	0.9816384896187951	0.9742562728737161	0.9785154755475547
0.9789654502459455	0.9801483655289308	0.9880856238483499	0.9821308990028934	0.9880672344445814	0.9874121541463062	0.9797699449050082	0.9818920151265391	0.9848954426402768	0.9821015986038015	0.9782684964191676	0.9776296515789917	0.979326306482559	0.9778481210324915	0.9812764374531431	0.9807034134608118	0.9796011256430548	1.0	0.9803236382682939	0.9788617013616976	0.9785549412658131	0.9850178208059044	0.9802669709453767	0.9832841880833022	0.9712620548304757	0.9785795698449492	0.9799669935528935	0.9805682854704194	0.9777942365028529	0.9815644484933185
0.9857421759679937	0.9889852950100515	0.9796618059991915	0.98721666223408	0.9815221418480219	0.990155106706406	0.9947505273162354	0.9955008829898343	0.99514116125779	0.990011636038054	0.9870128907841444	0.998170778653566	0.9981662586327674	0.9977135485409458	0.9922885285739358	0.9928821113001743	0.9813234554149634	0.9803236382682939	1.0	0.993473229999132	0.9937969770521281	0.9836567776983505	0.9929953593626222	0.9910089602170417	0.9851848777866528	0.9839610912156129	0.9831603349822742	0.9986571819046526	0.9923461689916012	0.9955288868724391
0.9834463311533	0.986215206741355	0.9815890020813994	0.9817852487048703	0.9764707986293333	0.9843132610118767	0.9899739961206262	0.9908960362698043	0.9905502658266869	0.9846731679467918	0.9852040443297836	0.984305965703312	0.9918135348173052	0.985461582174378	0.9889133753045207	0.9938602836711943	0.9758196870841848	0.9788617013616976	0.993473229999132	1.0	0.9897694662790425	0.9784365147215759	0.9885004546574825	0.987047162822218	0.9813400337572608	0.9788820580173795	0.9872704551214125	0.9936571351304363	0.9884240246670171	0.9897841082715693
0.9835575202779576	0.9864372425718216	0.9821180862246044	0.9835252399350641	0.9760403757758951	0.9849986323645255	0.9906281868046121	0.99098945627426	0.9903558032800145	0.9850157386882492	0.9856436075405027	0.9859589558936251	0.9924756907748176	0.9863468222857376	0.9878943593735887	0.9934306638266013	0.9763401360907943	0.9785549412658131	0.9937969770521281	0.9897694662790425	1.0	0.9781179809254473	0.9890704707990272	0.9871132014002605	0.9807063022906325	0.9785795698449492	0.9872862061420803	0.9941192226211658	0.9882528922879157	0.9896910265196911
0.9813790941904285	0.9821156219941829	0.9920291273017906	0.9689294438337848	0.9766686625498447	0.9752210216910897	0.9707692600741505	0.9816674947409745	0.9735634369357397	0.980962631964379	0.9815853536611806	0.966342089707719	0.9823173056920255	0.9704722449606173	0.9690675545894802	0.9838492219972534	0.9776110537618992	0.9850178208059044	0.9836567776983505	0.9784365147215759	0.9781179809254473	1.0	0.9786621490442552	0.984570383111564	0.9616793919439587	0.9734552974664233	0.9824777629612709	0.9835794826124146	0.9655511347762225	0.9801134465364952
0.9840156997340804	0.9871557227516351	0.9821223117514956	0.9835252399350641	0.9781828649863417	0.9871688521182226	0.9895677338299654	0.9915857798651213	0.992287572944315	0.986372847722778	0.9867287132977959	0.985723014955805	0.991542113054583	0.9854936120006678	0.9903851723183331	0.9962014294903073	0.9773209505124494	0.9802669709453767	0.9929953593626222	0.9885004546574825	0.9890704707990272	0.9786621490442552	1.0	0.9881391215513057	0.9837224979644161	0.9797364125271131	0.9886438855954734	0.9931830046848643	0.9902177669826715	0.9907910464674033
0.9869033887621624	0.99067339158859	0.9856999102535294	0.9883333502645499	0.9816440046157471	0.9918929535075758	0.9887779648193895	0.9898082335681235	0.9912789533307189	0.9911266773083189	0.9916700419999038	0.9845873083445021	0.9899272242389584	0.985397428674196	0.9887877084136885	0.991792536081395	0.9828993349242491	0.9832841880833022	0.9910089602170417	0.987047162822218	0.9871132014002605	0.984570383111564	0.9881391215513057	1.0	0.9795668166335603	0.9867698290432502	0.9912169725701722	0.9912169725701722	0.9874540237555388	0.9896677149881766
0.9761651336882881	0.9791919461233182	0.9739294281581667	0.9678805583713804	0.9632860066635678	0.9702901659622405	0.9739147637477255	0.9838680731358938	0.9755229512542477	0.9774274877850057	0.9786853256589202	0.9728275851637371	0.9843367791021607	0.9721584545664417	0.9746935024960675	0.987766891036677	0.9680021077425796	0.9712620548304757	0.9851848777866528	0.9813400337572608	0.9807063022906325	0.9616793919439587	0.9837224979644161	0.9795668166335603	1.0	0.967405220604379	0.9807462723930376	0.9854281688254404	0.9727477633623582	0.9836128908919907
0.9818653809214472	0.9832443865931545	0.9820025035962333	0.9764008908068854	0.9725362258320347	0.9825625384864854	0.9752077011005457	0.9825453220863956	0.9787331472897317	0.9819340140659116	0.9832773062554944	0.972880775966787	0.9830130183936769	0.9738972560562671	0.9765748629870343	0.9851633089957145	0.9745834894603745	0.9785795698449492	0.9839610912156129	0.9788820580173795	0.9785795698449492	0.9734552974664233	0.9797364125271131	0.9867698290432502	0.967405220604379	1.0	0.9843773514592649	0.98408973477654	0.9722475968242403	0.9813110711775468
0.9856489306497667	0.9909722611874089	0.979344246828264	0.9918406456619414	0.9815628132223504	0.9916380323573701	0.9894560611612097	0.9899415592241272	0.9913925540635591	0.9916919568558091	0.9870563284799839	0.9849009625178413	0.9864157351635564	0.9858755538480976	0.9888296506342924	0.9882546583736627	0.9818260644003372	0.9799669935528935	0.9831603349822742	0.9872704551214125	0.9872862061420803	0.9824777629612709	0.9886438855954734	0.9912169725701722	0.9807462723930376	0.9843773514592649	1.0	0.9858556265404413	0.9881153433928308	0.9899232403593909
0.9861355430353252	0.9890906946811219	0.9801626380151754	0.9876761904785208	0.9820068934932655	0.9904659062387179	0.9953175309498593	0.9958551706274041	0.9954101108136639	0.9904845478907522	0.9871430322099392	0.9982866511292664	0.9984665289144147	0.9976692794913316	0.9925517066432471	0.9934551311433245	0.9816384896187951	0.9805682854704194	0.9986571819046526	0.9936571351304363	0.9941192226211658	0.9835794826124146	0.9931830046848643	0.9912169725701722	0.9854281688254404	0.98408973477654	0.9858556265404413	1.0	0.9926779493465562	0.9955093471578706
0.9832996433091379	0.9864545666683926	0.9801176194379877	0.9712748973774785	0.9641425647094939	0.9734121475085679	0.9793667626734001	0.990379024818663	0.9800406354247654	0.984857967014084	0.9847817838047643	0.978309542185766	0.9912677982852057	0.9784023653981316	0.980475352737398	0.9954405312289419	0.9742562728737161	0.9777942365028529	0.9923461689916012	0.9884240246670171	0.9882528922879157	0.9655511347762225	0.9902177669826715	0.9874540237555388	0.9727477633623582	0.9722475968242403	0.9881153433928308	0.9926779493465562	1.0	0.9900881910701442
0.9862296660745188	0.9895743037778734	0.9842559874129351	0.9856662274714335	0.9790282861631787	0.9886957922257269	0.9922776694206108	0.994050928507727	0.9938680835180017	0.987673027887277	0.9880425687145119	0.9893392427733962	0.9945777508625284	0.9883731065636642	0.9916020085606321	0.995936585678326	0.9785154755475547	0.9815644484933185	0.9955288868724391	0.9897841082715693	0.9896910265196911	0.9801134465364952	0.9907910464674033	0.9896677149881766	0.9836128908919907	0.9813110711775468	0.9899232403593909	0.9955093471578706	0.9900881910701442	1.0
