/home/jshaw/scratch/2022_sketched_distance/references/SGB_genome_fastas_part4/8599/BackhedF_2015__SID281_12M__bin.21.fa	/home/jshaw/scratch/2022_sketched_distance/references/SGB_genome_fastas_part4/8599/BackhedF_2015__SID511_12M__bin.15.fa	/home/jshaw/scratch/2022_sketched_distance/references/SGB_genome_fastas_part4/8599/BackhedF_2015__SID637_12M__bin.4.fa	/home/jshaw/scratch/2022_sketched_distance/references/SGB_genome_fastas_part4/8599/BackhedF_2015__SID82_12M__bin.20.fa	/home/jshaw/scratch/2022_sketched_distance/references/SGB_genome_fastas_part4/8599/Bengtsson-PalmeJ_2015__TRAVELRES18__bin.24.fa	/home/jshaw/scratch/2022_sketched_distance/references/SGB_genome_fastas_part4/8599/Bengtsson-PalmeJ_2015__TRAVELRES46__bin.34.fa	/home/jshaw/scratch/2022_sketched_distance/references/SGB_genome_fastas_part4/8599/Bengtsson-PalmeJ_2015__TRAVELRES52__bin.21.fa	/home/jshaw/scratch/2022_sketched_distance/references/SGB_genome_fastas_part4/8599/CosteaPI_2017__donald1-11-7-0__bin.10.fa	/home/jshaw/scratch/2022_sketched_distance/references/SGB_genome_fastas_part4/8599/CosteaPI_2017__donald3-11-7-0__bin.24.fa	/home/jshaw/scratch/2022_sketched_distance/references/SGB_genome_fastas_part4/8599/CosteaPI_2017__donald4-11-0-0__bin.41.fa	/home/jshaw/scratch/2022_sketched_distance/references/SGB_genome_fastas_part4/8599/CosteaPI_2017__mickey4-11-7-0__bin.60.fa	/home/jshaw/scratch/2022_sketched_distance/references/SGB_genome_fastas_part4/8599/CosteaPI_2017__SID713B029-11-0-0__bin.42.fa	/home/jshaw/scratch/2022_sketched_distance/references/SGB_genome_fastas_part4/8599/FengQ_2015__SID31379__bin.19.fa	/home/jshaw/scratch/2022_sketched_distance/references/SGB_genome_fastas_part4/8599/FengQ_2015__SID530119__bin.66.fa	/home/jshaw/scratch/2022_sketched_distance/references/SGB_genome_fastas_part4/8599/HMP_2012__SRS011084__bin.6.fa	/home/jshaw/scratch/2022_sketched_distance/references/SGB_genome_fastas_part4/8599/HMP_2012__SRS021484__bin.33.fa	/home/jshaw/scratch/2022_sketched_distance/references/SGB_genome_fastas_part4/8599/HMP_2012__SRS024075__bin.36.fa	/home/jshaw/scratch/2022_sketched_distance/references/SGB_genome_fastas_part4/8599/HMP_2012__SRS024435__bin.11.fa	/home/jshaw/scratch/2022_sketched_distance/references/SGB_genome_fastas_part4/8599/HMP_2012__SRS050299__bin.13.fa	/home/jshaw/scratch/2022_sketched_distance/references/SGB_genome_fastas_part4/8599/HMP_2012__SRS052697__bin.59.fa	/home/jshaw/scratch/2022_sketched_distance/references/SGB_genome_fastas_part4/8599/KosticAD_2015__PRJNA231909.3112359__bin.1.fa	/home/jshaw/scratch/2022_sketched_distance/references/SGB_genome_fastas_part4/8599/LeChatelierE_2013__MH0067__bin.7.fa	/home/jshaw/scratch/2022_sketched_distance/references/SGB_genome_fastas_part4/8599/LeChatelierE_2013__MH0212__bin.16.fa	/home/jshaw/scratch/2022_sketched_distance/references/SGB_genome_fastas_part4/8599/LeChatelierE_2013__MH0275__bin.50.fa	/home/jshaw/scratch/2022_sketched_distance/references/SGB_genome_fastas_part4/8599/LeChatelierE_2013__MH0302__bin.17.fa	/home/jshaw/scratch/2022_sketched_distance/references/SGB_genome_fastas_part4/8599/LeChatelierE_2013__MH0411__bin.47.fa	/home/jshaw/scratch/2022_sketched_distance/references/SGB_genome_fastas_part4/8599/LeChatelierE_2013__MH0419__bin.80.fa	/home/jshaw/scratch/2022_sketched_distance/references/SGB_genome_fastas_part4/8599/LeChatelierE_2013__MH0446__bin.94.fa	/home/jshaw/scratch/2022_sketched_distance/references/SGB_genome_fastas_part4/8599/LiJ_2014__O2.UC48-1__bin.33.fa	/home/jshaw/scratch/2022_sketched_distance/references/SGB_genome_fastas_part4/8599/LiJ_2014__V1.CD54-0__bin.51.fa	/home/jshaw/scratch/2022_sketched_distance/references/SGB_genome_fastas_part4/8599/LiJ_2014__V1.FI18__bin.2.fa	/home/jshaw/scratch/2022_sketched_distance/references/SGB_genome_fastas_part4/8599/LiJ_2014__V1.FI20__bin.90.fa	/home/jshaw/scratch/2022_sketched_distance/references/SGB_genome_fastas_part4/8599/LiuW_2016__SRR3993035__bin.45.fa	/home/jshaw/scratch/2022_sketched_distance/references/SGB_genome_fastas_part4/8599/LouisS_2016__AS60_0__bin.11.fa	/home/jshaw/scratch/2022_sketched_distance/references/SGB_genome_fastas_part4/8599/NielsenHB_2014__V1_CD28_0__bin.2.fa	/home/jshaw/scratch/2022_sketched_distance/references/SGB_genome_fastas_part4/8599/NielsenHB_2014__V1_UC32_0__bin.45.fa	/home/jshaw/scratch/2022_sketched_distance/references/SGB_genome_fastas_part4/8599/VogtmannE_2016__MMRS31306426ST-27-0-0__bin.20.fa	/home/jshaw/scratch/2022_sketched_distance/references/SGB_genome_fastas_part4/8599/XieH_2016__YSZC12003_36006__bin.40.fa	/home/jshaw/scratch/2022_sketched_distance/references/SGB_genome_fastas_part4/8599/ZeeviD_2015__PNP_Main_123__bin.4.fa	/home/jshaw/scratch/2022_sketched_distance/references/SGB_genome_fastas_part4/8599/ZeeviD_2015__PNP_Main_269__bin.12.fa	/home/jshaw/scratch/2022_sketched_distance/references/SGB_genome_fastas_part4/8599/ZeeviD_2015__PNP_Main_481__bin.36.fa	/home/jshaw/scratch/2022_sketched_distance/references/SGB_genome_fastas_part4/8599/ZeeviD_2015__PNP_Main_565__bin.20.fa	/home/jshaw/scratch/2022_sketched_distance/references/SGB_genome_fastas_part4/8599/ZeeviD_2015__PNP_Validation_41__bin.27.fa	/home/jshaw/scratch/2022_sketched_distance/references/SGB_genome_fastas_part4/8599/ZellerG_2014__CCMD95433940ST-21-0__bin.78.fa
1.0	0.9875650963623362	0.9874097582748929	0.9894490712340388	0.9854791279468236	0.9864941908693999	0.9846825320969514	0.9815730955610249	0.9817397865004421	0.9759996819668899	0.9824166321456778	0.9833755332681784	0.9828166603882159	0.9803252171604898	0.9770899953113877	0.9781630496055107	0.9858725296882981	0.9812867662597141	0.9803417882622817	0.98947728826881	0.9908797887886652	0.9859029842901004	0.9815092925509321	0.989375044807903	0.9833344944896562	0.9819430063827395	0.9727557519536382	0.9812859574420094	0.9811016955734471	0.9745608163812645	0.976693113248547	0.9802748207468451	0.9892560629571333	0.9780033768107234	0.981704318543257	0.9817427812982645	0.9841742475729595	0.9799960145009012	0.9822634911569468	0.9834770153799937	0.9800978574077571	0.9815714893304996	0.9822476444319961	0.9838077990401995
0.9875650963623362	1.0	0.9979592206007826	0.9918401087456531	0.9891811029994239	0.9936865171992526	0.9912338474278446	0.9856058021669397	0.9887767142583684	0.9809044257005158	0.9873448893500105	0.9903376644789892	0.989783737903794	0.9832776615790074	0.9844803579955367	0.9817876847923593	0.9954956739702012	0.9872584600980795	0.9861638113819223	0.9944500570386199	0.9957274236548661	0.9930683286915571	0.9871895542556087	0.9952851641002156	0.9882811052046825	0.9882204247786038	0.9795467340694103	0.9875304717345116	0.9880702506095269	0.9813304322413213	0.9768780755063856	0.9863458714655791	0.9853753152282343	0.9804006972898939	0.9883981276860063	0.9869362570272584	0.9857440481626258	0.9863428479453737	0.9878860913194987	0.9856693883826791	0.9871618008349206	0.9867367309852806	0.9851447286284141	0.9895867211023969
0.9874097582748929	0.9979592206007826	1.0	0.9914825997246463	0.9886447020918034	0.9937166474155407	0.9912938043297286	0.985757047130486	0.9887028352692881	0.981030791885214	0.9878454402448162	0.9901660649635732	0.9895925696509804	0.9831079943939007	0.9847243363318328	0.9812999585260056	0.9950223667183793	0.9871043523070746	0.986031979850312	0.9945426774789279	0.9955652272149751	0.993032330999276	0.9871076519736531	0.995160126227436	0.9884286198111013	0.9879576740268702	0.9797976707384773	0.9875755507868357	0.9881709539321287	0.9816126565566922	0.9767087987449795	0.9866725978809713	0.985121727786937	0.9801779429053736	0.9890481549199656	0.9865764095609105	0.985505162888999	0.9862672712612877	0.9881857035034439	0.9853501116944732	0.987019724350903	0.9870289967222932	0.9847788071616241	0.9894376729430538
0.9894490712340388	0.9918401087456531	0.9914825997246463	1.0	0.9873385154532482	0.9900879949014354	0.9880662910022372	0.9841683522681541	0.9859622059077665	0.9792000696905909	0.9844967029777761	0.9876148151013391	0.9870476558465696	0.9815037442138179	0.9805743537492444	0.9791353033264254	0.9898430913669821	0.9848150275422598	0.9838218614426049	0.9940154332242693	0.9951264810306972	0.9893439417534191	0.9848726564535963	0.9935620942909056	0.9862603719543075	0.9845070463770089	0.9742822980766828	0.9842531745270503	0.9842773961444252	0.9781026386036996	0.97926913386229	0.9820839309884892	0.987279241296064	0.9790637339756606	0.9851188771904735	0.985080463285038	0.9849228179810176	0.9832272243250502	0.9857210680120616	0.9861918593103012	0.9834946819231314	0.9850217970504145	0.9842098308435361	0.9872425842244813
0.9854791279468236	0.9891811029994239	0.9886447020918034	0.9873385154532482	1.0	0.9912663068854464	0.9871147321278985	0.9830979965177287	0.9845793966424117	0.9787046499736674	0.9842322947229938	0.9857653316692729	0.9852241372127595	0.9820200551880581	0.9803107840985406	0.979319389891992	0.9871838886506192	0.9850371921474512	0.9841744041905435	0.9887055847370836	0.9893903376294897	0.99049537394283	0.9838348075350387	0.9889298025866743	0.9854990260513246	0.9849817657221488	0.9758980485617824	0.9842799630853848	0.9843046657603538	0.9770209319876131	0.9770108874828751	0.979466310438854	0.9818680510027664	0.9801177231830454	0.9843029954970837	0.9842375849517947	0.9829632780528732	0.9834357990962834	0.9843150931021041	0.9823454983348485	0.9837556785896795	0.9838546103594212	0.9807467284519897	0.9857267575617454
0.9864941908693999	0.9936865171992526	0.9937166474155407	0.9900879949014354	0.9912663068854464	1.0	0.9919437846327914	0.985613454607222	0.9890175938376968	0.9811297970361089	0.9879079048193737	0.9896163071593386	0.9887850058353198	0.9840378804658148	0.9851182765569413	0.9819299767436738	0.9927640893524937	0.987911278629859	0.9867921493925217	0.9931599166472002	0.9936193469413611	0.9960699288325605	0.9874721612791587	0.9931705357350582	0.9887164039723232	0.9884922929961565	0.9801234819990945	0.9881782790621786	0.9891259004918992	0.9818275871032676	0.9778319891805792	0.9855454484724117	0.9841005055933321	0.9808078390091685	0.9889095049128079	0.987028625931278	0.9846482965632573	0.9870427243052926	0.9882933753274225	0.9841928014389613	0.9876646730396178	0.9871151713032453	0.9831454287445841	0.9898726575092862
0.9846825320969514	0.9912338474278446	0.9912938043297286	0.9880662910022372	0.9871147321278985	0.9919437846327914	1.0	0.983540281273601	0.9869762200629942	0.9791225475240498	0.9883681097259531	0.9913719251319522	0.9905800487010519	0.9819129513074171	0.9844225137210338	0.9811233367034635	0.9911519883388878	0.9859130965517737	0.9835173470868234	0.9911882466059481	0.9914099397674324	0.9900510320697696	0.9883616271418384	0.991593133079681	0.9890572979012509	0.9865259581801232	0.978627603146719	0.9859399101670437	0.9866239711440414	0.9814815046045855	0.9782551358589455	0.9834084252917047	0.9816160836464309	0.9790312611788871	0.9898764830370838	0.9849437417676256	0.9832754048955559	0.985027134136131	0.9893454690458349	0.9821469608910316	0.985427195565523	0.9884137395955299	0.980462442274928	0.9912030481930266
0.9815730955610249	0.9856058021669397	0.985757047130486	0.9841683522681541	0.9830979965177287	0.985613454607222	0.983540281273601	1.0	0.9958057873004446	0.9898093150173218	0.9833237129440544	0.9838934489315821	0.9833156414944606	0.9910806371096818	0.9832268605433825	0.9829768032282857	0.9838967802730915	0.9888598711245307	0.9851356721216065	0.985714007221764	0.985722076988195	0.9857987173933859	0.9830707156406083	0.9860949013318321	0.9841207803401861	0.9888999115003608	0.9798343746396404	0.9878659254243582	0.9887234931052342	0.9793218976943484	0.9752412537323283	0.9756891943088382	0.9789954047783777	0.9825427086611307	0.9836781167764742	0.9881044029045999	0.9827972905139775	0.9876494164263543	0.9829195791938187	0.9794573681253934	0.9872392684989945	0.9807960431602729	0.9768445717626464	0.9835824090289982
0.9817397865004421	0.9887767142583684	0.9887028352692881	0.9859622059077665	0.9845793966424117	0.9890175938376968	0.9869762200629942	0.9958057873004446	1.0	0.9914291826548611	0.9854718636392665	0.9867929018646594	0.9858288723090195	0.9924207530690559	0.9869911898984007	0.9843864043655088	0.9872574283870283	0.9908805085670599	0.9871119582305689	0.9886083242972761	0.9887519268879275	0.9887659928608379	0.9858696099806581	0.9884058993274233	0.9867036788782158	0.9920609318845988	0.9828500580861257	0.9912532633926688	0.9920083309623369	0.9834095317840703	0.9757964353446398	0.9796952972799661	0.978838652296093	0.9836959393723411	0.9867650500630248	0.9907423269813528	0.9833334778606637	0.9904031456952508	0.98560220856464	0.9794894397500659	0.9909732168945031	0.9833163453403496	0.9776366409869454	0.986381683890575
0.9759996819668899	0.9809044257005158	0.981030791885214	0.9792000696905909	0.9787046499736674	0.9811297970361089	0.9791225475240498	0.9898093150173218	0.9914291826548611	1.0	0.978565153537327	0.9797269963094225	0.9788588815355578	0.9857301916409384	0.9789021688040054	0.9770468800892315	0.9794641800267103	0.9835657320252764	0.9802051887350317	0.9814020379100462	0.9811621583422127	0.9813741989065611	0.9783499094491831	0.9814079922811901	0.9800131130455966	0.98439901306097	0.9769156424934585	0.9834253307769408	0.9838418152382405	0.9755635030110216	0.9702372724170216	0.973151400114401	0.9723021128694573	0.9782309376399863	0.9795521093788149	0.983130405580525	0.978497325823156	0.98267811424356	0.9782722456301429	0.9747905521522547	0.9825172845268313	0.976791502168622	0.9726170177354385	0.9793795515420692
0.9824166321456778	0.9873448893500105	0.9878454402448162	0.9844967029777761	0.9842322947229938	0.9879079048193737	0.9883681097259531	0.9833237129440544	0.9854718636392665	0.978565153537327	1.0	0.9886919965916161	0.9880223092582766	0.9814822469187295	0.9823836138988171	0.9799044629573059	0.987125123473632	0.9854430524932579	0.9823999188297942	0.9872377194219865	0.9875579972744272	0.9870206817805076	0.9864088760011294	0.9878552937763583	0.9935875489561724	0.9853825088085455	0.9770471765663841	0.985012505056643	0.9857360264121278	0.9796687990879915	0.9762918017838502	0.9785582978579388	0.9790130342743442	0.9786584808867463	0.9936553948765318	0.9852214337374222	0.9814432565047522	0.9850824376633882	0.9876235111921122	0.9788859045623223	0.9846872218189691	0.9870923717036711	0.9777346490279283	0.9888726029644207
0.9833755332681784	0.9903376644789892	0.9901660649635732	0.9876148151013391	0.9857653316692729	0.9896163071593386	0.9913719251319522	0.9838934489315821	0.9867929018646594	0.9797269963094225	0.9886919965916161	1.0	0.9960817060415681	0.9812142353690484	0.9830568319426651	0.9803970580978297	0.9893107643393172	0.985308087969374	0.9828777977523333	0.989876400611277	0.9902126283742413	0.9889391197256835	0.9884014753120411	0.990450601541904	0.9896537668758332	0.9857555471895667	0.9776965706367856	0.9852831555835727	0.9854751931856816	0.980919553720994	0.9785979133701702	0.9811485078153055	0.9809552201431513	0.9778791828466669	0.9900401000767469	0.9843396492321831	0.983521799266071	0.9841974475311976	0.9903891240744792	0.9810865020031181	0.9846113544806739	0.9902925596929117	0.9795601583749853	0.9949106138013927
0.9828166603882159	0.989783737903794	0.9895925696509804	0.9870476558465696	0.9852241372127595	0.9887850058353198	0.9905800487010519	0.9833156414944606	0.9858288723090195	0.9788588815355578	0.9880223092582766	0.9960817060415681	1.0	0.98106904498493	0.982497457321832	0.9793055318832686	0.9885669562121275	0.9851107525590751	0.9823525732269004	0.9889506181036142	0.9898242731830148	0.9885602934376099	0.9876809849347025	0.9895591902102968	0.98868691404193	0.9851810901602527	0.9773672619367909	0.9844450046910668	0.9847583408167545	0.9799474210132322	0.9775882489395189	0.9799848349775437	0.9805162344446389	0.9779642770995585	0.9893381319956822	0.9839933156511511	0.9834455679312856	0.9841653086828179	0.9898501865278594	0.9806045968338447	0.9843701193569573	0.9892885501032417	0.979266662050409	0.9934517129297484
0.9803252171604898	0.9832776615790074	0.9831079943939007	0.9815037442138179	0.9820200551880581	0.9840378804658148	0.9819129513074171	0.9910806371096818	0.9924207530690559	0.9857301916409384	0.9814822469187295	0.9812142353690484	0.98106904498493	1.0	0.9818958741228134	0.9809999232138462	0.9823767205576456	0.9872475928453874	0.983988355476134	0.9832158993494745	0.9832884145226118	0.9840636178496255	0.9812109512406313	0.9832251533312728	0.9830520847547678	0.9874792406736759	0.9792266902652835	0.986709593137881	0.9871663547077872	0.9780999011919913	0.9729419653216616	0.9754190361365447	0.976514126880106	0.9825290476119147	0.9817034279415551	0.9867614905085892	0.9803529325624636	0.9860461614620555	0.9812871433340223	0.9767902398339414	0.9861904095307046	0.9794803608115144	0.9742342433169618	0.9819557319438069
0.9770899953113877	0.9844803579955367	0.9847243363318328	0.9805743537492444	0.9803107840985406	0.9851182765569413	0.9844225137210338	0.9832268605433825	0.9869911898984007	0.9789021688040054	0.9823836138988171	0.9830568319426651	0.982497457321832	0.9818958741228134	1.0	0.9952958305303887	0.9852540213018188	0.9852882135595528	0.9812737681412071	0.9836005600653261	0.9836084454967149	0.98421182354867	0.9818278213790593	0.9835552904799351	0.9832740134246221	0.9861464582667431	0.9780002971070982	0.9855870527819948	0.9865797203617249	0.9911644765763612	0.9716634414135844	0.9752586848418909	0.9738747688852909	0.9781083862657473	0.9842294512275398	0.9853572118538187	0.9797061367276857	0.9854022954111455	0.9828406047660277	0.9748577495389036	0.9861639002708222	0.981214697496499	0.9731835118297584	0.9833496807720208
0.9781630496055107	0.9817876847923593	0.9812999585260056	0.9791353033264254	0.979319389891992	0.9819299767436738	0.9811233367034635	0.9829768032282857	0.9843864043655088	0.9770468800892315	0.9799044629573059	0.9803970580978297	0.9793055318832686	0.9809999232138462	0.9952958305303887	1.0	0.9810068276142104	0.9833285356930335	0.979172077527222	0.9809763990943317	0.9810488399660244	0.981476980476426	0.9788527046547555	0.9812482099418819	0.9814892391157126	0.9839522448522787	0.9751157211132971	0.9829590162995622	0.983386221508249	0.9872056344222381	0.9711575037502579	0.9720700026723808	0.9758092041965882	0.977968806318066	0.9806739040091462	0.9830956145182776	0.9794292689307761	0.981976183802019	0.9790734647459329	0.9732190821089506	0.9827676898647305	0.9779653633996865	0.9715534364769981	0.9811197609369774
0.9858725296882981	0.9954956739702012	0.9950223667183793	0.9898430913669821	0.9871838886506192	0.9927640893524937	0.9911519883388878	0.9838967802730915	0.9872574283870283	0.9794641800267103	0.987125123473632	0.9893107643393172	0.9885669562121275	0.9823767205576456	0.9852540213018188	0.9810068276142104	1.0	0.9863944341595698	0.984312954990817	0.9932022777176865	0.9936303710668267	0.9911558329603729	0.9875006655653927	0.993212506142918	0.9878847257812146	0.986968007229641	0.9801600743798251	0.9868624579735726	0.987886365346085	0.9814065418952576	0.9762970182776433	0.9867402766454639	0.9834966889979744	0.9788962721027978	0.988198160934469	0.9860591483662647	0.9851332233871355	0.985989256657719	0.9884637779950273	0.9842331792605363	0.987355471359697	0.9866618437067842	0.9829809729853283	0.9891953248465719
0.9812867662597141	0.9872584600980795	0.9871043523070746	0.9848150275422598	0.9850371921474512	0.987911278629859	0.9859130965517737	0.9888598711245307	0.9908805085670599	0.9835657320252764	0.9854430524932579	0.985308087969374	0.9851107525590751	0.9872475928453874	0.9852882135595528	0.9833285356930335	0.9863944341595698	1.0	0.986538292692835	0.9866055283484176	0.9869748093695115	0.9884114183254012	0.9847194876268593	0.98701334268009	0.9866571174453607	0.991902474145619	0.9829207325463147	0.9907031742986415	0.9911746226543717	0.9817032126407013	0.9753933614068703	0.9785423570549588	0.9782006792656399	0.9847479404364703	0.9856044344032097	0.9910034933829948	0.9838106509921107	0.9916283913462732	0.9853336855450422	0.9793730538925789	0.9910262261655962	0.9828169738689648	0.9767930004842329	0.9857702822659841
0.9803417882622817	0.9861638113819223	0.986031979850312	0.9838218614426049	0.9841744041905435	0.9867921493925217	0.9835173470868234	0.9851356721216065	0.9871119582305689	0.9802051887350317	0.9823999188297942	0.9828777977523333	0.9823525732269004	0.983988355476134	0.9812737681412071	0.979172077527222	0.984312954990817	0.986538292692835	1.0	0.9857890410657222	0.986582373733899	0.9868967719426007	0.9821995124071563	0.9866495015521304	0.9836452727387492	0.9874344407733366	0.9780087144991063	0.9862419390490555	0.9866709397969652	0.9783722339901623	0.9756087676893995	0.9755950517382985	0.9775138141387857	0.9815926192002266	0.9833593858863314	0.9863273193456776	0.9800820345252131	0.9855717638794725	0.9822880853841033	0.9796162835260486	0.985883385641557	0.980933976669426	0.9784291463077688	0.9833845949106372
0.98947728826881	0.9944500570386199	0.9945426774789279	0.9940154332242693	0.9887055847370836	0.9931599166472002	0.9911882466059481	0.985714007221764	0.9886083242972761	0.9814020379100462	0.9872377194219865	0.989876400611277	0.9889506181036142	0.9832158993494745	0.9836005600653261	0.9809763990943317	0.9932022777176865	0.9866055283484176	0.9857890410657222	1.0	0.9969832624638276	0.9919869505751178	0.987102686091125	0.9958000636409481	0.9880714756636367	0.9874409724093521	0.9794450521770889	0.9869754240356715	0.9875420224583137	0.9810867960853774	0.9776174690627162	0.9876167842258089	0.9877499236423937	0.9799357150765162	0.9882030540761406	0.986079015133543	0.9861271818411614	0.9859380392407637	0.9882510818462595	0.9871006349910526	0.9862696015938296	0.9871650524944507	0.9858965912056923	0.989643475656851
0.9908797887886652	0.9957274236548661	0.9955652272149751	0.9951264810306972	0.9893903376294897	0.9936193469413611	0.9914099397674324	0.985722076988195	0.9887519268879275	0.9811621583422127	0.9875579972744272	0.9902126283742413	0.9898242731830148	0.9832884145226118	0.9836084454967149	0.9810488399660244	0.9936303710668267	0.9869748093695115	0.986582373733899	0.9969832624638276	1.0	0.9929597436003178	0.9875116888588201	0.9970140129988727	0.9886544885432889	0.9879770309723558	0.9795167590014144	0.9870802125893463	0.9876583204298333	0.9806713730626739	0.9777648202774779	0.9886831877085676	0.9891771888177372	0.9804062505443428	0.988686565972169	0.986695522439648	0.9863140869037831	0.9862193999730008	0.9885968209977715	0.9879756280513655	0.9869414347652591	0.9878318075873712	0.9871511226585219	0.9898207914281788
0.9859029842901004	0.9930683286915571	0.993032330999276	0.9893439417534191	0.99049537394283	0.9960699288325605	0.9900510320697696	0.9857987173933859	0.9887659928608379	0.9813741989065611	0.9870206817805076	0.9889391197256835	0.9885602934376099	0.9840636178496255	0.98421182354867	0.981476980476426	0.9911558329603729	0.9884114183254012	0.9868967719426007	0.9919869505751178	0.9929597436003178	1.0	0.9868631661900248	0.9929295047765043	0.9881939985352516	0.9885494708116227	0.9802572895967199	0.9880106216272374	0.9884987027293864	0.9811969455482861	0.9765485996990942	0.9840552048931333	0.9832962619020887	0.9814568196387854	0.9878887882391407	0.9873632798042091	0.984742710040796	0.9871641173945694	0.9875713445669951	0.9832780936378562	0.9877896791197831	0.9864735155806222	0.9825851339370499	0.9887916537957612
0.9815092925509321	0.9871895542556087	0.9871076519736531	0.9848726564535963	0.9838348075350387	0.9874721612791587	0.9883616271418384	0.9830707156406083	0.9858696099806581	0.9783499094491831	0.9864088760011294	0.9884014753120411	0.9876809849347025	0.9812109512406313	0.9818278213790593	0.9788527046547555	0.9875006655653927	0.9847194876268593	0.9821995124071563	0.987102686091125	0.9875116888588201	0.9868631661900248	1.0	0.9876128629769616	0.9873511585367626	0.9849662983486921	0.975980205766257	0.9843528236968025	0.9850299793242091	0.9793763272526866	0.9846759951642645	0.9786893515491937	0.9776802815396024	0.9779694814613525	0.9875252591051615	0.9841429712934858	0.9812954931495095	0.9846158366022975	0.9918118650300831	0.9785105065906333	0.9845611616184018	0.9855524862176868	0.9763632167651417	0.9877930885138705
0.989375044807903	0.9952851641002156	0.995160126227436	0.9935620942909056	0.9889298025866743	0.9931705357350582	0.991593133079681	0.9860949013318321	0.9884058993274233	0.9814079922811901	0.9878552937763583	0.990450601541904	0.9895591902102968	0.9832251533312728	0.9835552904799351	0.9812482099418819	0.993212506142918	0.98701334268009	0.9866495015521304	0.9958000636409481	0.9970140129988727	0.9929295047765043	0.9876128629769616	1.0	0.9885347838629619	0.9879036051173848	0.9797825100038758	0.9869832634929092	0.9875427410406764	0.9807225648569425	0.9770719826619523	0.9873402646602217	0.9875592190058722	0.9800328546263041	0.9890095370370774	0.9860989990852304	0.9864628530112579	0.9859129626267416	0.9880036209380483	0.98679898145709	0.9861763397763715	0.9872882816183376	0.9865381357063732	0.9898324189710339
0.9833344944896562	0.9882811052046825	0.9884286198111013	0.9862603719543075	0.9854990260513246	0.9887164039723232	0.9890572979012509	0.9841207803401861	0.9867036788782158	0.9800131130455966	0.9935875489561724	0.9896537668758332	0.98868691404193	0.9830520847547678	0.9832740134246221	0.9814892391157126	0.9878847257812146	0.9866571174453607	0.9836452727387492	0.9880714756636367	0.9886544885432889	0.9881939985352516	0.9873511585367626	0.9885347838629619	1.0	0.986605232346483	0.9780371688305483	0.9858709177442048	0.9864970834666822	0.9804167293811555	0.978387326928156	0.979484360208372	0.979386751050059	0.9803192723727633	0.9939849903988192	0.9863614705187826	0.9827261650927006	0.9859427068464319	0.9885096995034759	0.9810577847016588	0.9858715057391971	0.9879188397561078	0.9789477275059693	0.9900804906063393
0.9819430063827395	0.9882204247786038	0.9879576740268702	0.9845070463770089	0.9849817657221488	0.9884922929961565	0.9865259581801232	0.9888999115003608	0.9920609318845988	0.98439901306097	0.9853825088085455	0.9857555471895667	0.9851810901602527	0.9874792406736759	0.9861464582667431	0.9839522448522787	0.986968007229641	0.991902474145619	0.9874344407733366	0.9874409724093521	0.9879770309723558	0.9885494708116227	0.9849662983486921	0.9879036051173848	0.986605232346483	1.0	0.9895449429284692	0.9924095951292539	0.9934006696511916	0.9825065813624991	0.9747987154291244	0.979035084034181	0.978306443523841	0.9891530320120058	0.9866732353634703	0.9914238242287167	0.9823106046925539	0.9919894463431379	0.9852278161934162	0.9791459825525104	0.9918434278855222	0.9830523448518218	0.9774398888565035	0.9862058958137021
0.9727557519536382	0.9795467340694103	0.9797976707384773	0.9742822980766828	0.9758980485617824	0.9801234819990945	0.978627603146719	0.9798343746396404	0.9828500580861257	0.9769156424934585	0.9770471765663841	0.9776965706367856	0.9773672619367909	0.9792266902652835	0.9780002971070982	0.9751157211132971	0.9801600743798251	0.9829207325463147	0.9780087144991063	0.9794450521770889	0.9795167590014144	0.9802572895967199	0.975980205766257	0.9797825100038758	0.9780371688305483	0.9895449429284692	1.0	0.9844694111527907	0.98577240458885	0.9746618347695795	0.9486455178560546	0.9809884368996474	0.9684221334844694	0.979425559965687	0.9790463335685679	0.9807143846716643	0.9735252097154374	0.9841454174250649	0.9768230978665375	0.9717512885699486	0.9828862515243504	0.9746830875905748	0.9688143506553432	0.9777200119455063
0.9812859574420094	0.9875304717345116	0.9875755507868357	0.9842531745270503	0.9842799630853848	0.9881782790621786	0.9859399101670437	0.9878659254243582	0.9912532633926688	0.9834253307769408	0.985012505056643	0.9852831555835727	0.9844450046910668	0.986709593137881	0.9855870527819948	0.9829590162995622	0.9868624579735726	0.9907031742986415	0.9862419390490555	0.9869754240356715	0.9870802125893463	0.9880106216272374	0.9843528236968025	0.9869832634929092	0.9858709177442048	0.9924095951292539	0.9844694111527907	1.0	0.9927609379728247	0.9829738536809647	0.9749475834186878	0.9789442138589803	0.9774839582841262	0.9847392116032084	0.9860969584272371	0.9906458112174967	0.9824421736739384	0.9906898973562975	0.9848275781883613	0.9786921870846003	0.9905994436396891	0.9829288577000278	0.9767886977626217	0.9858761755360508
0.9811016955734471	0.9880702506095269	0.9881709539321287	0.9842773961444252	0.9843046657603538	0.9891259004918992	0.9866239711440414	0.9887234931052342	0.9920083309623369	0.9838418152382405	0.9857360264121278	0.9854751931856816	0.9847583408167545	0.9871663547077872	0.9865797203617249	0.983386221508249	0.987886365346085	0.9911746226543717	0.9866709397969652	0.9875420224583137	0.9876583204298333	0.9884987027293864	0.9850299793242091	0.9875427410406764	0.9864970834666822	0.9934006696511916	0.98577240458885	0.9927609379728247	1.0	0.9830460346873188	0.9754071754719885	0.9799105331664504	0.9777274694650846	0.9846682568671037	0.9868321514628138	0.9913607255310677	0.9824515901017067	0.9917274381763185	0.9853571287392425	0.9794310008892493	0.9912256579609449	0.9832171202065993	0.9772700989282812	0.985723992133725
0.9745608163812645	0.9813304322413213	0.9816126565566922	0.9781026386036996	0.9770209319876131	0.9818275871032676	0.9814815046045855	0.9793218976943484	0.9834095317840703	0.9755635030110216	0.9796687990879915	0.980919553720994	0.9799474210132322	0.9780999011919913	0.9911644765763612	0.9872056344222381	0.9814065418952576	0.9817032126407013	0.9783722339901623	0.9810867960853774	0.9806713730626739	0.9811969455482861	0.9793763272526866	0.9807225648569425	0.9804167293811555	0.9825065813624991	0.9746618347695795	0.9829738536809647	0.9830460346873188	1.0	0.9691039161407882	0.9730654210249372	0.9710266417302973	0.974656172802961	0.9815370605562799	0.981910705855086	0.9756123761408162	0.9817380651393202	0.9806618848443239	0.9724917278594053	0.9812881851868488	0.9790119444486073	0.9704535321999435	0.9811654575481297
0.976693113248547	0.9768780755063856	0.9767087987449795	0.97926913386229	0.9770108874828751	0.9778319891805792	0.9782551358589455	0.9752412537323283	0.9757964353446398	0.9702372724170216	0.9762918017838502	0.9785979133701702	0.9775882489395189	0.9729419653216616	0.9716634414135844	0.9711575037502579	0.9762970182776433	0.9753933614068703	0.9756087676893995	0.9776174690627162	0.9777648202774779	0.9765485996990942	0.9846759951642645	0.9770719826619523	0.978387326928156	0.9747987154291244	0.9486455178560546	0.9749475834186878	0.9754071754719885	0.9691039161407882	1.0	0.956202637105615	0.9748313949488501	0.9741738987597595	0.9768869432092439	0.9765534261488878	0.974728705481332	0.9738686955539683	0.982528468781231	0.9727654448095214	0.9743904594729769	0.9772340385418942	0.9708499962806741	0.9780494927432314
0.9802748207468451	0.9863458714655791	0.9866725978809713	0.9820839309884892	0.979466310438854	0.9855454484724117	0.9834084252917047	0.9756891943088382	0.9796952972799661	0.973151400114401	0.9785582978579388	0.9811485078153055	0.9799848349775437	0.9754190361365447	0.9752586848418909	0.9720700026723808	0.9867402766454639	0.9785423570549588	0.9755950517382985	0.9876167842258089	0.9886831877085676	0.9840552048931333	0.9786893515491937	0.9873402646602217	0.979484360208372	0.979035084034181	0.9809884368996474	0.9789442138589803	0.9799105331664504	0.9730654210249372	0.956202637105615	1.0	0.9771621909625547	0.9707056484448815	0.9801600456606833	0.9766793077376134	0.9770098127710063	0.9768061910382413	0.9799477099637468	0.9792655083293557	0.9777915479994677	0.9781875870545417	0.9780573044829647	0.9812552029747393
0.9892560629571333	0.9853753152282343	0.985121727786937	0.987279241296064	0.9818680510027664	0.9841005055933321	0.9816160836464309	0.9789954047783777	0.978838652296093	0.9723021128694573	0.9790130342743442	0.9809552201431513	0.9805162344446389	0.976514126880106	0.9738747688852909	0.9758092041965882	0.9834966889979744	0.9782006792656399	0.9775138141387857	0.9877499236423937	0.9891771888177372	0.9832962619020887	0.9776802815396024	0.9875592190058722	0.979386751050059	0.978306443523841	0.9684221334844694	0.9774839582841262	0.9777274694650846	0.9710266417302973	0.9748313949488501	0.9771621909625547	1.0	0.9756133910815363	0.9784532744397629	0.9773024857677799	0.9828208501626715	0.9759574690939903	0.9789308662465869	0.9784335167338899	0.9763506713018048	0.9781518935774821	0.9795738443734379	0.9807750079900522
0.9780033768107234	0.9804006972898939	0.9801779429053736	0.9790637339756606	0.9801177231830454	0.9808078390091685	0.9790312611788871	0.9825427086611307	0.9836959393723411	0.9782309376399863	0.9786584808867463	0.9778791828466669	0.9779642770995585	0.9825290476119147	0.9781083862657473	0.977968806318066	0.9788962721027978	0.9847479404364703	0.9815926192002266	0.9799357150765162	0.9804062505443428	0.9814568196387854	0.9779694814613525	0.9800328546263041	0.9803192723727633	0.9891530320120058	0.979425559965687	0.9847392116032084	0.9846682568671037	0.974656172802961	0.9741738987597595	0.9707056484448815	0.9756133910815363	1.0	0.9787301425798988	0.9856252895035142	0.9774859374551739	0.9848258690924908	0.9787499818489203	0.9733073873677319	0.9842691214175489	0.9768462762523963	0.9730807275554565	0.9788893556656602
0.981704318543257	0.9883981276860063	0.9890481549199656	0.9851188771904735	0.9843029954970837	0.9889095049128079	0.9898764830370838	0.9836781167764742	0.9867650500630248	0.9795521093788149	0.9936553948765318	0.9900401000767469	0.9893381319956822	0.9817034279415551	0.9842294512275398	0.9806739040091462	0.988198160934469	0.9856044344032097	0.9833593858863314	0.9882030540761406	0.988686565972169	0.9878887882391407	0.9875252591051615	0.9890095370370774	0.9939849903988192	0.9866732353634703	0.9790463335685679	0.9860969584272371	0.9868321514628138	0.9815370605562799	0.9768869432092439	0.9801600456606833	0.9784532744397629	0.9787301425798988	1.0	0.9854356300092307	0.9813660470781852	0.9858231175133666	0.9888037242342307	0.9793048418890152	0.9856295741788506	0.9883587130506368	0.9789768506663556	0.9899443284588627
0.9817427812982645	0.9869362570272584	0.9865764095609105	0.985080463285038	0.9842375849517947	0.987028625931278	0.9849437417676256	0.9881044029045999	0.9907423269813528	0.983130405580525	0.9852214337374222	0.9843396492321831	0.9839933156511511	0.9867614905085892	0.9853572118538187	0.9830956145182776	0.9860591483662647	0.9910034933829948	0.9863273193456776	0.986079015133543	0.986695522439648	0.9873632798042091	0.9841429712934858	0.9860989990852304	0.9863614705187826	0.9914238242287167	0.9807143846716643	0.9906458112174967	0.9913607255310677	0.981910705855086	0.9765534261488878	0.9766793077376134	0.9773024857677799	0.9856252895035142	0.9854356300092307	1.0	0.9821987120413179	0.9926710680319112	0.9848092047044107	0.9797279766683541	0.9908937567381735	0.983089171844618	0.9765354117876125	0.984977174592761
0.9841742475729595	0.9857440481626258	0.985505162888999	0.9849228179810176	0.9829632780528732	0.9846482965632573	0.9832754048955559	0.9827972905139775	0.9833334778606637	0.978497325823156	0.9814432565047522	0.983521799266071	0.9834455679312856	0.9803529325624636	0.9797061367276857	0.9794292689307761	0.9851332233871355	0.9838106509921107	0.9800820345252131	0.9861271818411614	0.9863140869037831	0.984742710040796	0.9812954931495095	0.9864628530112579	0.9827261650927006	0.9823106046925539	0.9735252097154374	0.9824421736739384	0.9824515901017067	0.9756123761408162	0.974728705481332	0.9770098127710063	0.9828208501626715	0.9774859374551739	0.9813660470781852	0.9821987120413179	1.0	0.9815653205159334	0.9816799589356368	0.9788766049555199	0.9827133385743619	0.9804419735649662	0.9780175625787605	0.983091463618251
0.9799960145009012	0.9863428479453737	0.9862672712612877	0.9832272243250502	0.9834357990962834	0.9870427243052926	0.985027134136131	0.9876494164263543	0.9904031456952508	0.98267811424356	0.9850824376633882	0.9841974475311976	0.9841653086828179	0.9860461614620555	0.9854022954111455	0.981976183802019	0.985989256657719	0.9916283913462732	0.9855717638794725	0.9859380392407637	0.9862193999730008	0.9871641173945694	0.9846158366022975	0.9859129626267416	0.9859427068464319	0.9919894463431379	0.9841454174250649	0.9906898973562975	0.9917274381763185	0.9817380651393202	0.9738686955539683	0.9768061910382413	0.9759574690939903	0.9848258690924908	0.9858231175133666	0.9926710680319112	0.9815653205159334	1.0	0.9853309498292877	0.9782793245670814	0.991269906816837	0.9830871191555254	0.9753547637973674	0.9848888560870912
0.9822634911569468	0.9878860913194987	0.9881857035034439	0.9857210680120616	0.9843150931021041	0.9882933753274225	0.9893454690458349	0.9829195791938187	0.98560220856464	0.9782722456301429	0.9876235111921122	0.9903891240744792	0.9898501865278594	0.9812871433340223	0.9828406047660277	0.9790734647459329	0.9884637779950273	0.9853336855450422	0.9822880853841033	0.9882510818462595	0.9885968209977715	0.9875713445669951	0.9918118650300831	0.9880036209380483	0.9885096995034759	0.9852278161934162	0.9768230978665375	0.9848275781883613	0.9853571287392425	0.9806618848443239	0.982528468781231	0.9799477099637468	0.9789308662465869	0.9787499818489203	0.9888037242342307	0.9848092047044107	0.9816799589356368	0.9853309498292877	1.0	0.9798461106261716	0.9848304341745638	0.9879742296438809	0.9775200876544012	0.9899981980992449
0.9834770153799937	0.9856693883826791	0.9853501116944732	0.9861918593103012	0.9823454983348485	0.9841928014389613	0.9821469608910316	0.9794573681253934	0.9794894397500659	0.9747905521522547	0.9788859045623223	0.9810865020031181	0.9806045968338447	0.9767902398339414	0.9748577495389036	0.9732190821089506	0.9842331792605363	0.9793730538925789	0.9796162835260486	0.9871006349910526	0.9879756280513655	0.9832780936378562	0.9785105065906333	0.98679898145709	0.9810577847016588	0.9791459825525104	0.9717512885699486	0.9786921870846003	0.9794310008892493	0.9724917278594053	0.9727654448095214	0.9792655083293557	0.9784335167338899	0.9733073873677319	0.9793048418890152	0.9797279766683541	0.9788766049555199	0.9782793245670814	0.9798461106261716	1.0	0.9778620544273164	0.980044510352359	0.9808753723766395	0.9812986987461352
0.9800978574077571	0.9871618008349206	0.987019724350903	0.9834946819231314	0.9837556785896795	0.9876646730396178	0.985427195565523	0.9872392684989945	0.9909732168945031	0.9825172845268313	0.9846872218189691	0.9846113544806739	0.9843701193569573	0.9861904095307046	0.9861639002708222	0.9827676898647305	0.987355471359697	0.9910262261655962	0.985883385641557	0.9862696015938296	0.9869414347652591	0.9877896791197831	0.9845611616184018	0.9861763397763715	0.9858715057391971	0.9918434278855222	0.9828862515243504	0.9905994436396891	0.9912256579609449	0.9812881851868488	0.9743904594729769	0.9777915479994677	0.9763506713018048	0.9842691214175489	0.9856295741788506	0.9908937567381735	0.9827133385743619	0.991269906816837	0.9848304341745638	0.9778620544273164	1.0	0.9827428666041883	0.9761511257679549	0.9849142687994505
0.9815714893304996	0.9867367309852806	0.9870289967222932	0.9850217970504145	0.9838546103594212	0.9871151713032453	0.9884137395955299	0.9807960431602729	0.9833163453403496	0.976791502168622	0.9870923717036711	0.9902925596929117	0.9892885501032417	0.9794803608115144	0.981214697496499	0.9779653633996865	0.9866618437067842	0.9828169738689648	0.980933976669426	0.9871650524944507	0.9878318075873712	0.9864735155806222	0.9855524862176868	0.9872882816183376	0.9879188397561078	0.9830523448518218	0.9746830875905748	0.9829288577000278	0.9832171202065993	0.9790119444486073	0.9772340385418942	0.9781875870545417	0.9781518935774821	0.9768462762523963	0.9883587130506368	0.983089171844618	0.9804419735649662	0.9830871191555254	0.9879742296438809	0.980044510352359	0.9827428666041883	1.0	0.9776540296122141	0.9898089639696089
