/home/jshaw/scratch/2022_sketched_distance/references/SGB_genome_fastas_part4/6833/Castro-NallarE_2015__ES_116__bin.9.fa	/home/jshaw/scratch/2022_sketched_distance/references/SGB_genome_fastas_part4/6833/CM_cf__CF_FIFC013SS_t5M16__bin.5.fa	/home/jshaw/scratch/2022_sketched_distance/references/SGB_genome_fastas_part4/6833/CM_cf__CF_TNFC004SA_t1M15__bin.22.fa	/home/jshaw/scratch/2022_sketched_distance/references/SGB_genome_fastas_part4/6833/CM_cf__CF_TNFC008IS_t1M15__bin.2.fa	/home/jshaw/scratch/2022_sketched_distance/references/SGB_genome_fastas_part4/6833/CM_cf__CF_TNFC018IS_t3M15__bin.20.fa	/home/jshaw/scratch/2022_sketched_distance/references/SGB_genome_fastas_part4/6833/CM_cf__CF_TNFC022IS_t1M15__bin.9.fa	/home/jshaw/scratch/2022_sketched_distance/references/SGB_genome_fastas_part4/6833/CM_cf__CF_TNFC022IS_t2M15__bin.18.fa	/home/jshaw/scratch/2022_sketched_distance/references/SGB_genome_fastas_part4/6833/CM_cf__CF_TNFC022IS_t3M16__bin.22.fa	/home/jshaw/scratch/2022_sketched_distance/references/SGB_genome_fastas_part4/6833/CM_cf__CF_TNFC022SA_t1M16__bin.10.fa	/home/jshaw/scratch/2022_sketched_distance/references/SGB_genome_fastas_part4/6833/FerrettiP_2018__CA_C10020MS2331SA_t0M15__bin.7.fa	/home/jshaw/scratch/2022_sketched_distance/references/SGB_genome_fastas_part4/6833/FerrettiP_2018__CA_C10029MS2491SA_t0M15__bin.8.fa	/home/jshaw/scratch/2022_sketched_distance/references/SGB_genome_fastas_part4/6833/HMP_2012__SRS011306__bin.5.fa	/home/jshaw/scratch/2022_sketched_distance/references/SGB_genome_fastas_part4/6833/HMP_2012__SRS013948__bin.18.fa	/home/jshaw/scratch/2022_sketched_distance/references/SGB_genome_fastas_part4/6833/HMP_2012__SRS015209__bin.36.fa	/home/jshaw/scratch/2022_sketched_distance/references/SGB_genome_fastas_part4/6833/HMP_2012__SRS016002__bin.44.fa	/home/jshaw/scratch/2022_sketched_distance/references/SGB_genome_fastas_part4/6833/HMP_2012__SRS016037__bin.25.fa	/home/jshaw/scratch/2022_sketched_distance/references/SGB_genome_fastas_part4/6833/HMP_2012__SRS016225__bin.33.fa	/home/jshaw/scratch/2022_sketched_distance/references/SGB_genome_fastas_part4/6833/HMP_2012__SRS016569__bin.28.fa	/home/jshaw/scratch/2022_sketched_distance/references/SGB_genome_fastas_part4/6833/HMP_2012__SRS018439__bin.19.fa	/home/jshaw/scratch/2022_sketched_distance/references/SGB_genome_fastas_part4/6833/HMP_2012__SRS018739__bin.54.fa	/home/jshaw/scratch/2022_sketched_distance/references/SGB_genome_fastas_part4/6833/HMP_2012__SRS019122__bin.33.fa	/home/jshaw/scratch/2022_sketched_distance/references/SGB_genome_fastas_part4/6833/HMP_2012__SRS019126__bin.45.fa	/home/jshaw/scratch/2022_sketched_distance/references/SGB_genome_fastas_part4/6833/HMP_2012__SRS019127__bin.40.fa	/home/jshaw/scratch/2022_sketched_distance/references/SGB_genome_fastas_part4/6833/HMP_2012__SRS019327__bin.41.fa	/home/jshaw/scratch/2022_sketched_distance/references/SGB_genome_fastas_part4/6833/HMP_2012__SRS020334__bin.15.fa	/home/jshaw/scratch/2022_sketched_distance/references/SGB_genome_fastas_part4/6833/HMP_2012__SRS023617__bin.17.fa	/home/jshaw/scratch/2022_sketched_distance/references/SGB_genome_fastas_part4/6833/HMP_2012__SRS023835__bin.51.fa	/home/jshaw/scratch/2022_sketched_distance/references/SGB_genome_fastas_part4/6833/HMP_2012__SRS023926__bin.20.fa	/home/jshaw/scratch/2022_sketched_distance/references/SGB_genome_fastas_part4/6833/HMP_2012__SRS024441__bin.54.fa	/home/jshaw/scratch/2022_sketched_distance/references/SGB_genome_fastas_part4/6833/HMP_2012__SRS024580__bin.26.fa	/home/jshaw/scratch/2022_sketched_distance/references/SGB_genome_fastas_part4/6833/HMP_2012__SRS047824__bin.72.fa	/home/jshaw/scratch/2022_sketched_distance/references/SGB_genome_fastas_part4/6833/HMP_2012__SRS049147__bin.40.fa	/home/jshaw/scratch/2022_sketched_distance/references/SGB_genome_fastas_part4/6833/HMP_2012__SRS050244__bin.68.fa	/home/jshaw/scratch/2022_sketched_distance/references/SGB_genome_fastas_part4/6833/HMP_2012__SRS053603__bin.58.fa	/home/jshaw/scratch/2022_sketched_distance/references/SGB_genome_fastas_part4/6833/HMP_2012__SRS054687__bin.35.fa	/home/jshaw/scratch/2022_sketched_distance/references/SGB_genome_fastas_part4/6833/HMP_2012__SRS057205__bin.52.fa	/home/jshaw/scratch/2022_sketched_distance/references/SGB_genome_fastas_part4/6833/HMP_2012__SRS058336__bin.54.fa	/home/jshaw/scratch/2022_sketched_distance/references/SGB_genome_fastas_part4/6833/HMP_2012__SRS075404__bin.9.fa
1.0	0.9783497731632201	0.9722059133830498	0.9719773187125008	0.9739426426509938	0.9775062452898011	0.9776341745640587	0.9773778117599945	0.9768153395026372	0.9662876362104972	0.975815476263965	0.9766841468515383	0.9775489442106283	0.9812939477397679	0.9739863106581627	0.9800136728946802	0.9779728843854907	0.9756151210272938	0.9777616035921151	0.9739902821945796	0.9758407499114302	0.9778462803211551	0.9730475792212315	0.9769460056734652	0.9784329379318952	0.9747964102180596	0.9687379981207471	0.9775062452898011	0.9743689030126277	0.9731131398303506	0.9816110449064356	0.9729748652037472	0.9787659468955423	0.9751980816041675	0.967510400466675	0.9796556223442359	0.9782246269916561	0.9743689030126277
0.9783497731632201	1.0	0.9812543680759096	0.9763789058517359	0.977465201616546	0.9798275786188514	0.9808641705375097	0.9803517903466467	0.9805849055539464	0.9738252930370546	0.9814127870601298	0.9792629870653146	0.9825763469018336	0.9777025704331287	0.9792432519194687	0.979340611104533	0.9788580142191428	0.9805138966259274	0.9796698884778774	0.9793399921597487	0.9831577568447464	0.9830247541463559	0.9811711428302919	0.9787190628249589	0.9764554862853191	0.9774335970046013	0.974463552448454	0.9785110932817946	0.9771058558488688	0.9790665451154176	0.9805501268696323	0.9722726496374646	0.9818262194897204	0.9802326784944221	0.9744703087215991	0.9788049971584175	0.977833244647858	0.9750758952951313
0.9722059133830498	0.9812543680759096	1.0	0.9745994580542383	0.9769898753203965	0.9796148011351582	0.9801543036987271	0.9801056245580708	0.9794661040181353	0.9711325943625404	0.9695886061365144	0.9744838813504603	0.9807806208300504	0.9731243094329121	0.9642010306188535	0.9784058124107738	0.9767747732366393	0.9761208054980944	0.9770968958936379	0.9762307167463237	0.9779926501946897	0.9807806208300504	0.9695665621489482	0.976175807529617	0.9780964326036886	0.9627579391081319	0.9629163863427481	0.9751712540576313	0.9735441535981354	0.9641739218856875	0.9740174172813159	0.9690102480342763	0.9701260815576699	0.9664430237930611	0.9606800132492881	0.9763948906784902	0.9773629189508838	0.9728819360482518
0.9719773187125008	0.9763789058517359	0.9745994580542383	1.0	0.9755644613076869	0.9759527935246847	0.9762516570269403	0.9759098737417334	0.9753467005152003	0.9671853807940481	0.9762532089310414	0.9755345913175837	0.9754339799179124	0.9744814990615953	0.9729819563060133	0.9789814581684267	0.9759956567573309	0.9751704983218258	0.9775839969949824	0.9726604201250422	0.9745822828628283	0.9759098737417334	0.972980151603393	0.9767158237968776	0.9769246405315863	0.972432962844869	0.9716348933380107	0.9762941286098533	0.9737258781038551	0.9677335567769004	0.9759699043751956	0.9712041530170311	0.9776259157050174	0.9751980816041675	0.967289859226041	0.9771734658599386	0.9773382996118991	0.9750834475096445
0.9739426426509938	0.977465201616546	0.9769898753203965	0.9755644613076869	1.0	0.9773979527820369	0.9786928220032559	0.9780976962060118	0.9785972863358031	0.9715107787591939	0.9768074926429722	0.9762371072175815	0.9783812617764981	0.9754284570785433	0.9760494881003915	0.9770075315127493	0.9767742651358304	0.978513405644806	0.9780786988071193	0.9749614481381792	0.9787834506369673	0.9790790583840271	0.9770954214591901	0.9757554411507228	0.9730665295055599	0.9764486972266905	0.9736057975075164	0.9769318199595665	0.9753499424876323	0.975917288397439	0.9777147508356464	0.9684405781453077	0.9782526865470593	0.977429617160936	0.9702482033727261	0.9774493120069765	0.9757775262739757	0.9730141133240694
0.9775062452898011	0.9798275786188514	0.9796148011351582	0.9759527935246847	0.9773979527820369	1.0	0.9990078583477676	0.9979535703953002	0.9987558743469371	0.9745615045574746	0.9809857776933053	0.9787040324317945	0.9832638793449598	0.978440152563971	0.9792432519194687	0.9793059527646799	0.9787135117507486	0.981318896691587	0.9790132252113045	0.978428881203428	0.9846669204612917	0.98425150897731	0.9805886089888278	0.9785321554231916	0.9764304399728562	0.9774874501084232	0.9745762268538012	0.9783565647894401	0.9775612751601102	0.9792536284411606	0.9810652371052148	0.9704133292750362	0.9805013439838455	0.9794215781017828	0.9745882691926061	0.9789522082831363	0.978381986439725	0.9747610092396317
0.9776341745640587	0.9808641705375097	0.9801543036987271	0.9762516570269403	0.9786928220032559	0.9990078583477676	1.0	0.9990451361555077	0.9987363662526185	0.9748784230855557	0.9814657734015568	0.9792233776685892	0.9836823777616182	0.9787225441984453	0.9793079183391701	0.9797878531851885	0.9790735750672831	0.9816579222332739	0.9793067075097736	0.9792680321013207	0.9845982451018515	0.9846295627985674	0.9806952991789691	0.9786817669185293	0.9772449546096689	0.9773796547399674	0.9754090568109571	0.9787415219722084	0.9779698407691974	0.9791913864056337	0.9812221137382373	0.970955548892108	0.98093307827632	0.9794215781017828	0.9747644106738541	0.979426109502144	0.9790640623984757	0.9752711610399338
0.9773778117599945	0.9803517903466467	0.9801056245580708	0.9759098737417334	0.9780976962060118	0.9979535703953002	0.9990451361555077	1.0	0.9981854452863073	0.9746523685901322	0.981199979236842	0.9791440143835657	0.9835862742872711	0.9783183750956884	0.9791135334631573	0.9795133530257994	0.9788940400599395	0.9814700086038304	0.9791969606635119	0.9790149151650841	0.984494961863428	0.9845668555076302	0.9805351330198963	0.978494645082008	0.9767135244595666	0.9771629880368776	0.9750784813406241	0.9785110932817946	0.9777253165205421	0.9789412244333718	0.980986515681547	0.9706403594027515	0.9805977789091188	0.9791791338273559	0.9745293425008936	0.9790987582776339	0.9785628673163115	0.9750367009860497
0.9768153395026372	0.9805849055539464	0.9794661040181353	0.9753467005152003	0.9785972863358031	0.9987558743469371	0.9987363662526185	0.9981854452863073	1.0	0.9738252930370546	0.9809320073571135	0.977971009903179	0.9820090051384809	0.9776611001790078	0.9781238492078993	0.979025906951188	0.9780921327165111	0.9807459261953334	0.9786053282693671	0.9779073187679234	0.9831218200854097	0.9829588986424298	0.9799410482376115	0.9776197785370888	0.9774259681994073	0.9757183784284758	0.9742938045820839	0.9776123840265837	0.9766439781216961	0.9779209403589676	0.9801482896007101	0.9699590611391882	0.9795210092721234	0.9783410840308967	0.9738137543761395	0.9780588083167783	0.9777223790866008	0.9749085850291024
0.9662876362104972	0.9738252930370546	0.9711325943625404	0.9671853807940481	0.9715107787591939	0.9745615045574746	0.9748784230855557	0.9746523685901322	0.9738252930370546	1.0	0.9738028001868398	0.9680828595467572	0.9734037173243282	0.9688488378046095	0.965214788244186	0.9710577817057796	0.9710577817057796	0.9697055687654449	0.9717597321934198	0.96928682733726	0.9718548770703068	0.9732619661420306	0.9707448789115192	0.9700801101769375	0.9717597321934198	0.9655984711717195	0.9636410907162585	0.9697123329419008	0.9666669561287248	0.9646654062160428	0.9702010162184831	0.9636879013514641	0.9689074314140634	0.9685701105319556	0.9656247238165163	0.9717597321934198	0.9709053629809694	0.9681424519087458
0.975815476263965	0.9814127870601298	0.9695886061365144	0.9762532089310414	0.9768074926429722	0.9809857776933053	0.9814657734015568	0.981199979236842	0.9809320073571135	0.9738028001868398	1.0	0.9807701637432323	0.980824200679977	0.9775918266626374	0.9669627685517705	0.9828649119179022	0.9808781484517197	0.9788776174797217	0.9822504421161057	0.9763772013700708	0.9777108348780613	0.9798931966145055	0.9658736690468731	0.9812533111322183	0.9814657734015568	0.9687383764797863	0.9654428148011913	0.9814127870601298	0.9768074926429722	0.9627563693070789	0.9778294100991222	0.9759411448758003	0.9720835721731371	0.9729889352341619	0.9620612659536464	0.9824051437736815	0.9818342944490078	0.9774124954057001
0.9766841468515383	0.9792629870653146	0.9744838813504603	0.9755345913175837	0.9762371072175815	0.9787040324317945	0.9792233776685892	0.9791440143835657	0.977971009903179	0.9680828595467572	0.9807701637432323	1.0	0.9780943303504738	0.9791042602567485	0.9807609656820773	0.9847861761206801	0.9798125312019784	0.9792477827411495	0.9822494949175576	0.9751326534590333	0.9767505844091035	0.9788246170826125	0.9745609604471627	0.98027631950562	0.9833856985680494	0.9787539322007016	0.9724857109349462	0.981739735148068	0.9778885363354327	0.9732629881496735	0.9791632188063872	0.9764966886831151	0.982240925800356	0.9803267914415997	0.9699098987556545	0.9819956073457965	0.9842467390393995	0.9771367286016273
0.9775489442106283	0.9825763469018336	0.9807806208300504	0.9754339799179124	0.9783812617764981	0.9832638793449598	0.9836823777616182	0.9835862742872711	0.9820090051384809	0.9734037173243282	0.980824200679977	0.9780943303504738	1.0	0.9776195770853034	0.9783907149532691	0.9804226193972093	0.9790514365748157	0.9803972612167332	0.9790514365748157	0.9783812617764981	0.9974679053187988	0.9979922156128044	0.9938931151376017	0.9779267500382774	0.9795270329012912	0.9759448429945515	0.9737214827376867	0.9779670091549242	0.9766862387934578	0.9779209403589676	0.980828501981708	0.9722753840232139	0.9796203774502282	0.9791304281305967	0.9742330947661821	0.9790514365748157	0.9794906935527193	0.9760018273173281
0.9812939477397679	0.9777025704331287	0.9731243094329121	0.9744814990615953	0.9754284570785433	0.978440152563971	0.9787225441984453	0.9783183750956884	0.9776611001790078	0.9688488378046095	0.9775918266626374	0.9791042602567485	0.9776195770853034	1.0	0.9754732491737145	0.9820062125225655	0.979633562695689	0.9792881009194903	0.9792405881775152	0.9755615125837892	0.9759990661880038	0.978521085661957	0.97576006038126	0.9783996105781022	0.981530514028962	0.9742066080837729	0.9720022684732712	0.9808225784019761	0.9757380772765787	0.9705350456903915	0.983452741157414	0.9745728838962763	0.9803076162670904	0.9773267513975953	0.9702482033727261	0.9812714749742574	0.97967260125818	0.9752948548430804
0.9739863106581627	0.9792432519194687	0.9642010306188535	0.9729819563060133	0.9760494881003915	0.9792432519194687	0.9793079183391701	0.9791135334631573	0.9781238492078993	0.965214788244186	0.9669627685517705	0.9807609656820773	0.9783907149532691	0.9754732491737145	1.0	0.983258438707508	0.9798842237776885	0.9760494881003915	0.9818547243764872	0.9745145152245819	0.9781238492078993	0.9793079183391701	0.9599098674474608	0.9823881926017864	0.9826808508376953	0.9803880957130398	0.9658080543480775	0.9813731186732957	0.9771031802832645	0.9789832973738496	0.9762629730573519	0.9761208054980944	0.9731385104446014	0.9791135334631573	0.9566920229169715	0.9781907706785812	0.9993731302091406	0.9786554147011892
0.9800136728946802	0.979340611104533	0.9784058124107738	0.9789814581684267	0.9770075315127493	0.9793059527646799	0.9797878531851885	0.9795133530257994	0.979025906951188	0.9710577817057796	0.9828649119179022	0.9847861761206801	0.9804226193972093	0.9820062125225655	0.983258438707508	1.0	0.9813887137133539	0.9835154474681346	0.983898883109773	0.9762905893207909	0.9809669771213311	0.9814064772945102	0.9784923316250479	0.9813326630194045	0.981872558285003	0.9810037418242205	0.9765932064337527	0.9823603946221313	0.9800537250005238	0.9777260312342435	0.983525757207219	0.9750127381359838	0.9842822353891083	0.9831606969539441	0.9729584608398245	0.983085778938476	0.9826918364490621	0.9774142846667847
0.9779728843854907	0.9788580142191428	0.9767747732366393	0.9759956567573309	0.9767742651358304	0.9787135117507486	0.9790735750672831	0.9788940400599395	0.9780921327165111	0.9710577817057796	0.9808781484517197	0.9798125312019784	0.9790514365748157	0.979633562695689	0.9798842237776885	0.9813887137133539	1.0	0.9808613262987718	0.9793067075097736	0.9761719777617799	0.9801110007344502	0.9794480946751919	0.9770954214591901	0.9796016110004738	0.9809183212119763	0.9775412143505812	0.9742370242295392	0.980164297285267	0.9773550552723901	0.9761232947512732	0.9821478972592619	0.9734175339048453	0.9797688650479284	0.9807933333677901	0.9700456456301905	0.9804591258498255	0.9798170213236079	0.9759177343939351
0.9756151210272938	0.9805138966259274	0.9761208054980944	0.9751704983218258	0.978513405644806	0.981318896691587	0.9816579222332739	0.9814700086038304	0.9807459261953334	0.9697055687654449	0.9788776174797217	0.9792477827411495	0.9803972612167332	0.9792881009194903	0.9760494881003915	0.9835154474681346	0.9808613262987718	1.0	0.9821045607207258	0.9778464494543806	0.977698079214953	0.9804361859550843	0.9748808269818484	0.9808997026611652	0.9816579222332739	0.9749130965392913	0.9735477998859099	0.9795689424862231	0.9772514537614533	0.9730379552823665	0.9792464527221308	0.9748488542136493	0.9799166805846083	0.9781407267982728	0.969222479273933	0.9822152745594982	0.9822520961296946	0.9789234316861929
0.9777616035921151	0.9796698884778774	0.9770968958936379	0.9775839969949824	0.9780786988071193	0.9790132252113045	0.9793067075097736	0.9791969606635119	0.9786053282693671	0.9717597321934198	0.9822504421161057	0.9822494949175576	0.9790514365748157	0.9792405881775152	0.9818547243764872	0.983898883109773	0.9793067075097736	0.9821045607207258	1.0	0.9751026453941123	0.9794338550654297	0.9795945489903888	0.9773914234567809	0.9819124413332773	0.9810489277340549	0.9813401989924249	0.9741801444251308	0.9802740254679609	0.981029353482814	0.9773985696471964	0.9813782415239041	0.974642327808925	0.9841096900905925	0.9846352186797531	0.9716961016654022	0.9810142849491543	0.9813247568283022	0.9768026188338523
0.9739902821945796	0.9793399921597487	0.9762307167463237	0.9726604201250422	0.9749614481381792	0.978428881203428	0.9792680321013207	0.9790149151650841	0.9779073187679234	0.96928682733726	0.9763772013700708	0.9751326534590333	0.9783812617764981	0.9755615125837892	0.9745145152245819	0.9762905893207909	0.9761719777617799	0.9778464494543806	0.9751026453941123	1.0	0.9789472709882723	0.9796310601591497	0.9779175434725106	0.9740800009964474	0.9762115630053395	0.9725584463287272	0.9705070763127908	0.9752294343509122	0.972787232098428	0.9752210216910897	0.9769210377603673	0.97395947627686	0.9790700712369919	0.9767551084676416	0.971111586350006	0.9759140572331554	0.9755319741187384	0.9725735105280126
0.9758407499114302	0.9831577568447464	0.9779926501946897	0.9745822828628283	0.9787834506369673	0.9846669204612917	0.9845982451018515	0.984494961863428	0.9831218200854097	0.9718548770703068	0.9777108348780613	0.9767505844091035	0.9974679053187988	0.9759990661880038	0.9781238492078993	0.9809669771213311	0.9801110007344502	0.977698079214953	0.9794338550654297	0.9789472709882723	1.0	0.9984994537744714	0.9919468748657775	0.9784533212521029	0.9805028620537785	0.9757751425591762	0.9703152253420534	0.9792319924966464	0.9763548844314878	0.977660801640582	0.9794536137033799	0.9737782843563426	0.9773611614255402	0.9788858033072121	0.9711770560418717	0.9799132934299026	0.9799132934299026	0.9765753113211694
0.9778462803211551	0.9830247541463559	0.9807806208300504	0.9759098737417334	0.9790790583840271	0.98425150897731	0.9846295627985674	0.9845668555076302	0.9829588986424298	0.9732619661420306	0.9798931966145055	0.9788246170826125	0.9979922156128044	0.978521085661957	0.9793079183391701	0.9814064772945102	0.9794480946751919	0.9804361859550843	0.9795945489903888	0.9796310601591497	0.9984994537744714	1.0	0.9945638779789459	0.9784797800630014	0.9804241501244727	0.9767252820227114	0.9738942411387618	0.9786648931210084	0.9773136541966254	0.9789412244333718	0.9815336276949224	0.9729292515671202	0.9805013439838455	0.9796142454785614	0.9747058028881046	0.9796675305500054	0.9801020279193707	0.9767327420251796
0.9730475792212315	0.9811711428302919	0.9695665621489482	0.972980151603393	0.9770954214591901	0.9805886089888278	0.9806952991789691	0.9805351330198963	0.9799410482376115	0.9707448789115192	0.9658736690468731	0.9745609604471627	0.9938931151376017	0.97576006038126	0.9599098674474608	0.9784923316250479	0.9770954214591901	0.9748808269818484	0.9773914234567809	0.9779175434725106	0.9919468748657775	0.9945638779789459	1.0	0.9745609604471627	0.9787194400265999	0.9611265337763586	0.9634757600436734	0.9751975756525935	0.9727770235147704	0.9585592938079976	0.9764952218737657	0.9721598898580451	0.9691133798578987	0.9677143780904162	0.9647199229919831	0.9776847603311335	0.9772141452229142	0.9746892851969322
0.9769460056734652	0.9787190628249589	0.976175807529617	0.9767158237968776	0.9757554411507228	0.9785321554231916	0.9786817669185293	0.978494645082008	0.9776197785370888	0.9700801101769375	0.9812533111322183	0.98027631950562	0.9779267500382774	0.9783996105781022	0.9823881926017864	0.9813326630194045	0.9796016110004738	0.9808997026611652	0.9819124413332773	0.9740800009964474	0.9784533212521029	0.9784797800630014	0.9745609604471627	1.0	0.981742982065507	0.9878660469009275	0.9744070683414298	0.9797216613952283	0.9800917927357458	0.9777260312342435	0.9805501268696323	0.9732528384958039	0.9852153517857289	0.9914566277115786	0.9716961016654022	0.9796016110004738	0.9799624125326813	0.9768789166737729
0.9784329379318952	0.9764554862853191	0.9780964326036886	0.9769246405315863	0.9730665295055599	0.9764304399728562	0.9772449546096689	0.9767135244595666	0.9774259681994073	0.9717597321934198	0.9814657734015568	0.9833856985680494	0.9795270329012912	0.981530514028962	0.9826808508376953	0.981872558285003	0.9809183212119763	0.9816579222332739	0.9810489277340549	0.9762115630053395	0.9805028620537785	0.9804241501244727	0.9787194400265999	0.981742982065507	1.0	0.9803695560878929	0.9750230570961306	0.9822574577107549	0.9798627180421563	0.975709969148298	0.9826760879640533	0.9740717877031834	0.9847944932905539	0.982857664186052	0.9707159625791417	0.9822997940718912	0.9819847652476342	0.9747610092396317
0.9747964102180596	0.9774335970046013	0.9627579391081319	0.972432962844869	0.9764486972266905	0.9774874501084232	0.9773796547399674	0.9771629880368776	0.9757183784284758	0.9655984711717195	0.9687383764797863	0.9787539322007016	0.9759448429945515	0.9742066080837729	0.9803880957130398	0.9810037418242205	0.9775412143505812	0.9749130965392913	0.9813401989924249	0.9725584463287272	0.9757751425591762	0.9767252820227114	0.9611265337763586	0.9878660469009275	0.9803695560878929	1.0	0.9627579391081319	0.9784418933403388	0.977054111829794	0.975848328697168	0.975547489157702	0.9743254283993453	0.9736664691597822	0.9835586136247576	0.9575406480686249	0.9790117039580287	0.978960312256203	0.9745617728539943
0.9687379981207471	0.974463552448454	0.9629163863427481	0.9716348933380107	0.9736057975075164	0.9745762268538012	0.9754090568109571	0.9750784813406241	0.9742938045820839	0.9636410907162585	0.9654428148011913	0.9724857109349462	0.9737214827376867	0.9720022684732712	0.9658080543480775	0.9765932064337527	0.9742370242295392	0.9735477998859099	0.9741801444251308	0.9705070763127908	0.9703152253420534	0.9738942411387618	0.9634757600436734	0.9744070683414298	0.9750230570961306	0.9627579391081319	1.0	0.9726054532104338	0.9692723398583718	0.9627563693070789	0.9715115031358409	0.9690729961372486	0.9670617628690912	0.9652566234034718	0.9580365881927639	0.9772732023592297	0.9760065188951162	0.9977157568855929
0.9775062452898011	0.9785110932817946	0.9751712540576313	0.9762941286098533	0.9769318199595665	0.9783565647894401	0.9787415219722084	0.9785110932817946	0.9776123840265837	0.9697123329419008	0.9814127870601298	0.981739735148068	0.9779670091549242	0.9808225784019761	0.9813731186732957	0.9823603946221313	0.980164297285267	0.9795689424862231	0.9802740254679609	0.9752294343509122	0.9792319924966464	0.9786648931210084	0.9751975756525935	0.9797216613952283	0.9822574577107549	0.9784418933403388	0.9726054532104338	1.0	0.9782125444939096	0.9752210216910897	0.9813392793845808	0.976112509454281	0.9812649741834669	0.9808858480149117	0.9694302447705824	0.9815628132223504	0.9823946351411309	0.9754418756736492
0.9743689030126277	0.9771058558488688	0.9735441535981354	0.9737258781038551	0.9753499424876323	0.9775612751601102	0.9779698407691974	0.9777253165205421	0.9766439781216961	0.9666669561287248	0.9768074926429722	0.9778885363354327	0.9766862387934578	0.9757380772765787	0.9771031802832645	0.9800537250005238	0.9773550552723901	0.9772514537614533	0.981029353482814	0.972787232098428	0.9763548844314878	0.9773136541966254	0.9727770235147704	0.9800917927357458	0.9798627180421563	0.977054111829794	0.9692723398583718	0.9782125444939096	1.0	0.9708586951038342	0.9765168076195346	0.9718206027478208	0.9805977789091188	0.9807469776863151	0.970782236650593	0.9797475754098968	0.9794385286863383	0.9738182664125362
0.9731131398303506	0.9790665451154176	0.9641739218856875	0.9677335567769004	0.975917288397439	0.9792536284411606	0.9791913864056337	0.9789412244333718	0.9779209403589676	0.9646654062160428	0.9627563693070789	0.9732629881496735	0.9779209403589676	0.9705350456903915	0.9789832973738496	0.9777260312342435	0.9761232947512732	0.9730379552823665	0.9773985696471964	0.9752210216910897	0.977660801640582	0.9789412244333718	0.9585592938079976	0.9777260312342435	0.975709969148298	0.975848328697168	0.9627563693070789	0.9752210216910897	0.9708586951038342	1.0	0.9729625960489239	0.9717323974306038	0.9668342811406172	0.9740020222155348	0.9577222818931206	0.9742204908380335	0.9773326805461447	0.9745813706658863
0.9816110449064356	0.9805501268696323	0.9740174172813159	0.9759699043751956	0.9777147508356464	0.9810652371052148	0.9812221137382373	0.980986515681547	0.9801482896007101	0.9702010162184831	0.9778294100991222	0.9791632188063872	0.980828501981708	0.983452741157414	0.9762629730573519	0.983525757207219	0.9821478972592619	0.9792464527221308	0.9813782415239041	0.9769210377603673	0.9794536137033799	0.9815336276949224	0.9764952218737657	0.9805501268696323	0.9826760879640533	0.975547489157702	0.9715115031358409	0.9813392793845808	0.9765168076195346	0.9729625960489239	1.0	0.9772320060058962	0.9803076162670904	0.9780400845968881	0.9703154416662901	0.9836349772768981	0.9813002707824646	0.9766521094356154
0.9729748652037472	0.9722726496374646	0.9690102480342763	0.9712041530170311	0.9684405781453077	0.9704133292750362	0.970955548892108	0.9706403594027515	0.9699590611391882	0.9636879013514641	0.9759411448758003	0.9764966886831151	0.9722753840232139	0.9745728838962763	0.9761208054980944	0.9750127381359838	0.9734175339048453	0.9748488542136493	0.974642327808925	0.97395947627686	0.9737782843563426	0.9729292515671202	0.9721598898580451	0.9732528384958039	0.9740717877031834	0.9743254283993453	0.9690729961372486	0.976112509454281	0.9718206027478208	0.9717323974306038	0.9772320060058962	1.0	0.97809711994237	0.9751430385195509	0.9651552433908526	0.975139029940775	0.9749416422997902	0.969675934073594
0.9787659468955423	0.9818262194897204	0.9701260815576699	0.9776259157050174	0.9782526865470593	0.9805013439838455	0.98093307827632	0.9805977789091188	0.9795210092721234	0.9689074314140634	0.9720835721731371	0.982240925800356	0.9796203774502282	0.9803076162670904	0.9731385104446014	0.9842822353891083	0.9797688650479284	0.9799166805846083	0.9841096900905925	0.9790700712369919	0.9773611614255402	0.9805013439838455	0.9691133798578987	0.9852153517857289	0.9847944932905539	0.9736664691597822	0.9670617628690912	0.9812649741834669	0.9805977789091188	0.9668342811406172	0.9803076162670904	0.97809711994237	1.0	0.979221077139153	0.9642763185283026	0.9829654573619523	0.9833218016758959	0.9770942379510773
0.9751980816041675	0.9802326784944221	0.9664430237930611	0.9751980816041675	0.977429617160936	0.9794215781017828	0.9794215781017828	0.9791791338273559	0.9783410840308967	0.9685701105319556	0.9729889352341619	0.9803267914415997	0.9791304281305967	0.9773267513975953	0.9791135334631573	0.9831606969539441	0.9807933333677901	0.9781407267982728	0.9846352186797531	0.9767551084676416	0.9788858033072121	0.9796142454785614	0.9677143780904162	0.9914566277115786	0.982857664186052	0.9835586136247576	0.9652566234034718	0.9808858480149117	0.9807469776863151	0.9740020222155348	0.9780400845968881	0.9751430385195509	0.979221077139153	1.0	0.9617493234065632	0.9811618317127028	0.9820207286595202	0.9768074926429722
0.967510400466675	0.9744703087215991	0.9606800132492881	0.967289859226041	0.9702482033727261	0.9745882691926061	0.9747644106738541	0.9745293425008936	0.9738137543761395	0.9656247238165163	0.9620612659536464	0.9699098987556545	0.9742330947661821	0.9702482033727261	0.9566920229169715	0.9729584608398245	0.9700456456301905	0.969222479273933	0.9716961016654022	0.971111586350006	0.9711770560418717	0.9747058028881046	0.9647199229919831	0.9716961016654022	0.9707159625791417	0.9575406480686249	0.9580365881927639	0.9694302447705824	0.970782236650593	0.9577222818931206	0.9703154416662901	0.9651552433908526	0.9642763185283026	0.9617493234065632	1.0	0.9718245735977667	0.970649552486369	0.9684490305516713
0.9796556223442359	0.9788049971584175	0.9763948906784902	0.9771734658599386	0.9774493120069765	0.9789522082831363	0.979426109502144	0.9790987582776339	0.9780588083167783	0.9717597321934198	0.9824051437736815	0.9819956073457965	0.9790514365748157	0.9812714749742574	0.9781907706785812	0.983085778938476	0.9804591258498255	0.9822152745594982	0.9810142849491543	0.9759140572331554	0.9799132934299026	0.9796675305500054	0.9776847603311335	0.9796016110004738	0.9822997940718912	0.9790117039580287	0.9772732023592297	0.9815628132223504	0.9797475754098968	0.9742204908380335	0.9836349772768981	0.975139029940775	0.9829654573619523	0.9811618317127028	0.9718245735977667	1.0	0.9811186435855546	0.977793555054652
0.9782246269916561	0.977833244647858	0.9773629189508838	0.9773382996118991	0.9757775262739757	0.978381986439725	0.9790640623984757	0.9785628673163115	0.9777223790866008	0.9709053629809694	0.9818342944490078	0.9842467390393995	0.9794906935527193	0.97967260125818	0.9993731302091406	0.9826918364490621	0.9798170213236079	0.9822520961296946	0.9813247568283022	0.9755319741187384	0.9799132934299026	0.9801020279193707	0.9772141452229142	0.9799624125326813	0.9819847652476342	0.978960312256203	0.9760065188951162	0.9823946351411309	0.9794385286863383	0.9773326805461447	0.9813002707824646	0.9749416422997902	0.9833218016758959	0.9820207286595202	0.970649552486369	0.9811186435855546	1.0	0.9767835280912189
0.9743689030126277	0.9750758952951313	0.9728819360482518	0.9750834475096445	0.9730141133240694	0.9747610092396317	0.9752711610399338	0.9750367009860497	0.9749085850291024	0.9681424519087458	0.9774124954057001	0.9771367286016273	0.9760018273173281	0.9752948548430804	0.9786554147011892	0.9774142846667847	0.9759177343939351	0.9789234316861929	0.9768026188338523	0.9725735105280126	0.9765753113211694	0.9767327420251796	0.9746892851969322	0.9768789166737729	0.9747610092396317	0.9745617728539943	0.9977157568855929	0.9754418756736492	0.9738182664125362	0.9745813706658863	0.9766521094356154	0.969675934073594	0.9770942379510773	0.9768074926429722	0.9684490305516713	0.977793555054652	0.9767835280912189	1.0
