/home/jshaw/scratch/2022_sketched_distance/references/SGB_genome_fastas_part5/15272/BackhedF_2015__SID622_4M__bin.2.fa	/home/jshaw/scratch/2022_sketched_distance/references/SGB_genome_fastas_part5/15272/CosteaPI_2017__SID713A089-11-90-0__bin.16.fa	/home/jshaw/scratch/2022_sketched_distance/references/SGB_genome_fastas_part5/15272/FengQ_2015__SID530185__bin.46.fa	/home/jshaw/scratch/2022_sketched_distance/references/SGB_genome_fastas_part5/15272/FengQ_2015__SID530227__bin.11.fa	/home/jshaw/scratch/2022_sketched_distance/references/SGB_genome_fastas_part5/15272/GeversD_2014__SKBSTL024__bin.3.fa	/home/jshaw/scratch/2022_sketched_distance/references/SGB_genome_fastas_part5/15272/HanniganGD_2017__MG100158__bin.1.fa	/home/jshaw/scratch/2022_sketched_distance/references/SGB_genome_fastas_part5/15272/HeQ_2017__RSZAXPI003105-143__bin.26.fa	/home/jshaw/scratch/2022_sketched_distance/references/SGB_genome_fastas_part5/15272/HeQ_2017__SZAXPI029464-140__bin.27.fa	/home/jshaw/scratch/2022_sketched_distance/references/SGB_genome_fastas_part5/15272/HMP_2012__SRS022713__bin.4.fa	/home/jshaw/scratch/2022_sketched_distance/references/SGB_genome_fastas_part5/15272/IjazUZ_2017__S56_a_WGS__bin.10.fa	/home/jshaw/scratch/2022_sketched_distance/references/SGB_genome_fastas_part5/15272/IjazUZ_2017__S58_a_WGS__bin.10.fa	/home/jshaw/scratch/2022_sketched_distance/references/SGB_genome_fastas_part5/15272/LeChatelierE_2013__MH0233__bin.12.fa	/home/jshaw/scratch/2022_sketched_distance/references/SGB_genome_fastas_part5/15272/LeChatelierE_2013__MH0239__bin.22.fa	/home/jshaw/scratch/2022_sketched_distance/references/SGB_genome_fastas_part5/15272/LiJ_2014__O2.UC15-0__bin.4.fa	/home/jshaw/scratch/2022_sketched_distance/references/SGB_genome_fastas_part5/15272/LiJ_2014__V1.FI34__bin.1.fa	/home/jshaw/scratch/2022_sketched_distance/references/SGB_genome_fastas_part5/15272/LiuW_2016__SRR3992999__bin.29.fa	/home/jshaw/scratch/2022_sketched_distance/references/SGB_genome_fastas_part5/15272/LoombaR_2017__SID0017_mqf__bin.7.fa	/home/jshaw/scratch/2022_sketched_distance/references/SGB_genome_fastas_part5/15272/LoombaR_2017__SID1035_bai__bin.9.fa	/home/jshaw/scratch/2022_sketched_distance/references/SGB_genome_fastas_part5/15272/LoombaR_2017__SID1050_bax__bin.20.fa	/home/jshaw/scratch/2022_sketched_distance/references/SGB_genome_fastas_part5/15272/LouisS_2016__AS60_3__bin.21.fa	/home/jshaw/scratch/2022_sketched_distance/references/SGB_genome_fastas_part5/15272/LouisS_2016__AS63_3__bin.7.fa	/home/jshaw/scratch/2022_sketched_distance/references/SGB_genome_fastas_part5/15272/LouisS_2016__AS68_3__bin.12.fa	/home/jshaw/scratch/2022_sketched_distance/references/SGB_genome_fastas_part5/15272/Obregon-TitoAJ_2015__NO11__bin.44.fa	/home/jshaw/scratch/2022_sketched_distance/references/SGB_genome_fastas_part5/15272/Obregon-TitoAJ_2015__NO21__bin.51.fa	/home/jshaw/scratch/2022_sketched_distance/references/SGB_genome_fastas_part5/15272/QinN_2014__LD-35__bin.22.fa	/home/jshaw/scratch/2022_sketched_distance/references/SGB_genome_fastas_part5/15272/RaymondF_2016__P19E7__bin.8.fa	/home/jshaw/scratch/2022_sketched_distance/references/SGB_genome_fastas_part5/15272/RaymondF_2016__P21E7__bin.46.fa	/home/jshaw/scratch/2022_sketched_distance/references/SGB_genome_fastas_part5/15272/RaymondF_2016__P21E90__bin.7.fa	/home/jshaw/scratch/2022_sketched_distance/references/SGB_genome_fastas_part5/15272/RaymondF_2016__P22E7__bin.1.fa	/home/jshaw/scratch/2022_sketched_distance/references/SGB_genome_fastas_part5/15272/RaymondF_2016__P23C7__bin.76.fa	/home/jshaw/scratch/2022_sketched_distance/references/SGB_genome_fastas_part5/15272/VincentC_2016__MM055.4__bin.8.fa	/home/jshaw/scratch/2022_sketched_distance/references/SGB_genome_fastas_part5/15272/VincentC_2016__MM055.6__bin.16.fa	/home/jshaw/scratch/2022_sketched_distance/references/SGB_genome_fastas_part5/15272/VincentC_2016__MM090.2__bin.22.fa	/home/jshaw/scratch/2022_sketched_distance/references/SGB_genome_fastas_part5/15272/VogtmannE_2016__MMRS97327636ST-27-0-0__bin.1.fa	/home/jshaw/scratch/2022_sketched_distance/references/SGB_genome_fastas_part5/15272/WenC_2017__RA082__bin.3.fa	/home/jshaw/scratch/2022_sketched_distance/references/SGB_genome_fastas_part5/15272/XieH_2016__YSZC12003_36389__bin.67.fa	/home/jshaw/scratch/2022_sketched_distance/references/SGB_genome_fastas_part5/15272/XieH_2016__YSZC12003_37097__bin.2.fa	/home/jshaw/scratch/2022_sketched_distance/references/SGB_genome_fastas_part5/15272/XieH_2016__YSZC12003_37179__bin.27.fa	/home/jshaw/scratch/2022_sketched_distance/references/SGB_genome_fastas_part5/15272/XieH_2016__YSZC12003_37190R1__bin.70.fa	/home/jshaw/scratch/2022_sketched_distance/references/SGB_genome_fastas_part5/15272/XieH_2016__YSZC12003_37297R1__bin.4.fa	/home/jshaw/scratch/2022_sketched_distance/references/SGB_genome_fastas_part5/15272/ZeeviD_2015__PNP_Main_222__bin.11.fa	/home/jshaw/scratch/2022_sketched_distance/references/SGB_genome_fastas_part5/15272/ZeeviD_2015__PNP_Validation_10__bin.24.fa	/home/jshaw/scratch/2022_sketched_distance/references/SGB_genome_fastas_part5/15272/ZellerG_2014__CCIS76845094ST-20-0__bin.31.fa
1.0	0.9847035014104701	0.9844008305298547	0.9859766596528792	0.9883648237748333	0.985712087151754	0.9884627035598542	0.981884590682101	0.9871486534572881	0.9882912226283609	0.9825688792599674	0.9859125291148148	0.9835104311887891	0.986756584120958	0.9879621634436657	0.9899671644733976	0.9836850461365114	0.9885115346279801	0.9861081514461203	0.9878461282846825	0.9891637691396488	0.9849900880924416	0.986551329847513	0.9886332966419752	0.9897798829752656	0.9871924021592607	0.983910320615745	0.980419331198283	0.9846044942577015	0.9834494075549094	0.982291853930693	0.9885846458133656	0.9826311823114977	0.9866895179398549	0.9859239152826231	0.9815700131388576	0.9834353377699993	0.9850140578252399	0.9814941863162079	0.9877713575077639	0.9853649267618242	0.9873444185243234	0.9864475887183973
0.9847035014104701	1.0	0.9859322082386066	0.9871166275133981	0.989888399066679	0.9864789556588356	0.9903435976293459	0.9833152423796018	0.9784129791478813	0.9892715309180398	0.9834641733976687	0.9858977326702213	0.9815126199440902	0.9817874671892013	0.9777239478461635	0.9911180395150264	0.9843799732076961	0.9894268328774094	0.9868496392368858	0.989888399066679	0.9903737221516556	0.9782293404337449	0.9879372732622121	0.9901622708816126	0.9901925612650753	0.9892403825676185	0.9864111074295987	0.9824837983683558	0.986647966293421	0.9856553856008954	0.9753705244622054	0.9896738049245899	0.9784995720846211	0.9791361302603967	0.9876114658320795	0.9809558995111488	0.9788493498354763	0.9866142335826084	0.9861040456974716	0.9896122350532843	0.9885793755262405	0.9888011872928952	0.986546664181944
0.9844008305298547	0.9859322082386066	1.0	0.9859170925000666	0.9887043183850905	0.9862718996911897	0.9887043183850905	0.982171419471815	0.9851109904215479	0.9886033141563688	0.9819244087481837	0.9850609632049836	0.983890842676306	0.9835775527234641	0.9839308657568825	0.989965711126052	0.9835861494563493	0.9890054870581798	0.9855861430531991	0.9886033141563688	0.989673223645624	0.9852857054948201	0.9867836720819831	0.9894767813384917	0.9895751487272603	0.9892543761281083	0.984715429530364	0.980466726385552	0.9854472574620731	0.9843145047681323	0.9827126565241106	0.9889554829785316	0.9827786251732383	0.9847665560843919	0.9869436438330749	0.9822204269209694	0.9854694068692719	0.9859719281371246	0.9846013785127181	0.9885526957123196	0.98736647110489	0.9881192698514764	0.9866229185155944
0.9859766596528792	0.9871166275133981	0.9859170925000666	1.0	0.9901938895563063	0.9867153620316707	0.9901501347102253	0.9829068646162215	0.9901673072209309	0.9901720193838485	0.9858896403322867	0.9876586688582093	0.9887185105464465	0.9863945894855314	0.9875106986213809	0.9911845718935125	0.9864689528841595	0.9902812256243779	0.9867396504109903	0.9893972855378224	0.9906714036563927	0.987598743863895	0.9875786409447657	0.9893972855378224	0.9905634825765812	0.9883042994908251	0.9850713012301133	0.9823472128699324	0.986471486553494	0.9874178913520105	0.9863771307417695	0.9897093655700435	0.9877831978231477	0.9873685882545467	0.9869091687406459	0.9868382331534691	0.9865722148445196	0.9867881734294209	0.9839625619894855	0.9883736834201403	0.986230845667292	0.992022529685227	0.9876847724747189
0.9883648237748333	0.989888399066679	0.9887043183850905	0.9901938895563063	1.0	0.9909987570650021	0.9903252371401042	0.988252122104966	0.9904366362376088	0.9905141733657823	0.9904475022806815	0.990726563074237	0.9923484251493531	0.9899015793042892	0.9903243214349087	0.9903631109871677	0.9899847296588797	0.9893834846252532	0.9902412095243667	0.9886541098028786	0.9904576059428236	0.9911961088325753	0.9907222508747469	0.9926303371388944	0.9894029752583122	0.9911676605928834	0.986246441911605	0.9866424147905289	0.9901852964328387	0.9916417369139978	0.9906436130390606	0.9895972507112522	0.9912568338651758	0.9925416105012995	0.9906822069321376	0.9909115230883833	0.9900807656098677	0.9900715113653588	0.9888051183035889	0.9899073057322257	0.9888473671284156	0.9917837111854491	0.9908707300134738
0.985712087151754	0.9864789556588356	0.9862718996911897	0.9867153620316707	0.9909987570650021	1.0	0.9921687523871153	0.984387125429888	0.9885666024975737	0.9919461650925938	0.988042187415177	0.987791262040039	0.9891242051432679	0.9899015793042892	0.9885772243192402	0.9916402017000646	0.9870309852647188	0.9911030618366348	0.987380848080644	0.9897857951090995	0.9918037344838035	0.9895758667081775	0.992589576502484	0.99172206921507	0.9903232908405073	0.9898507587567894	0.9861938408280245	0.984100285584136	0.9889294137530282	0.9891388534028227	0.9896738049245899	0.9920879847962246	0.9875613940674899	0.9892551601569555	0.9888848914419301	0.9886610204202226	0.9877115652080893	0.9892173523307388	0.9858117439406731	0.9883685146450533	0.9863790584603936	0.989742414838365	0.9880856238483499
0.9884627035598542	0.9903435976293459	0.9887043183850905	0.9901501347102253	0.9903252371401042	0.9921687523871153	1.0	0.988955532895724	0.9899865258045093	0.9900998799074852	0.989673223645624	0.9911356117982342	0.9922996287184476	0.9920907323213302	0.9900988074787859	0.9910234586491832	0.9901924969837204	0.9894949320760624	0.9897798829752656	0.9892651855365637	0.9905279370067887	0.9916150775990341	0.9912663068854464	0.9896282155308341	0.9897987924743749	0.9905215313828064	0.9861132431701715	0.9862579440668005	0.9901436526335938	0.9913703005047956	0.9912942074041752	0.9899684920605882	0.9910858534092136	0.9902279884747268	0.9902555152065007	0.9909115230883833	0.9902149685540602	0.9900504929692848	0.9893171018066907	0.990390343808437	0.9897940254300149	0.9914714403853365	0.9911068110965003
0.981884590682101	0.9833152423796018	0.982171419471815	0.9829068646162215	0.988252122104966	0.984387125429888	0.988955532895724	1.0	0.9806517489914116	0.9886850230500981	0.9855861430531991	0.9830753825365383	0.9865824940661754	0.9824683313514522	0.9805665135448887	0.9899288373073554	0.9831076367311267	0.9877669392916844	0.9835511017994455	0.9884122744232344	0.9884806735272946	0.9869257519384097	0.984102139352545	0.9879757506374026	0.9901893749072361	0.9870135845046383	0.9815882249061932	0.9771987887646425	0.9882750487298275	0.98576390528913	0.9865804662362452	0.9882750487298275	0.985051752758323	0.982203622752522	0.9862669439707951	0.9883151453091106	0.9856237364190676	0.9866062369706546	0.9884277073705321	0.9867985584591246	0.983306814161881	0.9871324389347494	0.9842098978559487
0.9871486534572881	0.9784129791478813	0.9851109904215479	0.9901673072209309	0.9904366362376088	0.9885666024975737	0.9899865258045093	0.9806517489914116	1.0	0.9904961898978035	0.9834215434823235	0.9867510987512744	0.9809315601415505	0.9835687625401761	0.9837353226162586	0.991837100335066	0.9865169533679313	0.9909687916632568	0.9881220245395135	0.9894688665045481	0.9909687916632568	0.9784890947772418	0.9891605222992705	0.9905259264933578	0.9904664264956146	0.9894688665045481	0.9879617812689451	0.9849705459560161	0.9863824036650465	0.9850408432794512	0.9743552311723678	0.9898654523082618	0.9777571995470214	0.9810924188505311	0.9879617812689451	0.9803290041344337	0.975564830295664	0.9858386294688142	0.9811299692779439	0.9882496601959722	0.9868509387418504	0.9912898268043498	0.9892533286685146
0.9882912226283609	0.9892715309180398	0.9886033141563688	0.9901720193838485	0.9905141733657823	0.9919461650925938	0.9900998799074852	0.9886850230500981	0.9904961898978035	1.0	0.9982703413211198	0.9915632721447639	0.993262141054162	0.9903619310368629	0.9949600957105846	0.9904763843472875	0.9923956249157426	0.9930602175651565	0.992299710927843	0.989975336758592	0.9916541613517582	0.9907361491165187	0.9906815916752569	0.9894210563876119	0.9891027794949758	0.990953685538501	0.9870777308689929	0.9873233359614723	0.9909463804971983	0.9930745065429477	0.992445259380933	0.9910403864287012	0.9934824960127321	0.9914050427651041	0.9901120501683828	0.9948458882589514	0.9897767985591329	0.9910037506478437	0.9881178455162429	0.9893552990753914	0.9894590440111317	0.9919966989850185	0.9928357851309074
0.9825688792599674	0.9834641733976687	0.9819244087481837	0.9858896403322867	0.9904475022806815	0.988042187415177	0.989673223645624	0.9855861430531991	0.9834215434823235	0.9982703413211198	1.0	0.9851184263072944	0.9855800863555241	0.9833786486241882	0.9865527737423194	0.991180656167979	0.986756934323081	0.9932214199678108	0.9888803343508853	0.9907806207761738	0.9917832576797134	0.9844339207091455	0.98736647110489	0.9906857864763902	0.9903277121617444	0.9897465889616971	0.9862718996911897	0.9820172563333065	0.988042187415177	0.9868904063071922	0.9856901162380871	0.9909223635863166	0.9867568075520818	0.9844416282169037	0.987732040675151	0.9883151453091106	0.9828960242180517	0.9880679016104964	0.9850270418685385	0.9872085468932301	0.9851115162514836	0.989892831971649	0.9873927182878057
0.9859125291148148	0.9858977326702213	0.9850609632049836	0.9876586688582093	0.990726563074237	0.987791262040039	0.9911356117982342	0.9830753825365383	0.9867510987512744	0.9915632721447639	0.9851184263072944	1.0	0.9856697742924841	0.9856894237163248	0.9877545640207577	0.9916810911076954	0.9856028454073619	0.9913501338013379	0.9884203820737958	0.9909437491257295	0.9958109934380349	0.9846917848470016	0.9894429381579299	0.9907507655076161	0.9908232665703977	0.990434741736793	0.9877117702263778	0.9838602407641331	0.9873918695293951	0.9852330517246656	0.9822147599984244	0.9905079392221593	0.9843231066160647	0.985800898828577	0.9889867089483747	0.983452741157414	0.9848052934675507	0.9886274468799043	0.9844514489440028	0.9894681000985079	0.9878705624043507	0.9899921152344621	0.9904835580872399
0.9835104311887891	0.9815126199440902	0.983890842676306	0.9887185105464465	0.9923484251493531	0.9891242051432679	0.9922996287184476	0.9865824940661754	0.9809315601415505	0.993262141054162	0.9855800863555241	0.9856697742924841	1.0	0.9814615482145936	0.9820036735473077	0.9927603142964142	0.9853999725543828	0.9923484251493531	0.9880310527754976	0.9909541423787638	0.9930241245425783	0.9837362073891442	0.9889084562062657	0.9923727963972786	0.9919806848969215	0.9906732144456669	0.9854300601867009	0.9800850324402111	0.9916586346594732	0.9874988168401307	0.9849884291002966	0.9924214850925733	0.983470058247157	0.9814073788847099	0.9897894639319326	0.988664038685357	0.9834353377699993	0.9909795631933589	0.9866984399568915	0.9908012052646678	0.9875270448046104	0.9925186480303131	0.989683920067107
0.986756584120958	0.9817874671892013	0.9835775527234641	0.9863945894855314	0.9899015793042892	0.9899015793042892	0.9920907323213302	0.9824683313514522	0.9835687625401761	0.9903619310368629	0.9833786486241882	0.9856894237163248	0.9814615482145936	1.0	0.9848535820721046	0.9906297572374585	0.9853154146937736	0.9897923215526732	0.9879352519978286	0.9898196699275075	0.9908689574466126	0.9800549978219514	0.9915504071080319	0.9907096833009638	0.9899288373073554	0.9891011374374519	0.9865459051335527	0.9831785302060165	0.9870849486710278	0.9842643668225605	0.9794792149083447	0.9904425072678833	0.9808860669333263	0.9837402835640325	0.9886793637520652	0.9808206997446284	0.9788966555349122	0.9875567952238331	0.9831450580165442	0.9887076505290306	0.9866664583300533	0.9888205554830011	0.9880219738957371
0.9879621634436657	0.9777239478461635	0.9839308657568825	0.9875106986213809	0.9903243214349087	0.9885772243192402	0.9900988074787859	0.9805665135448887	0.9837353226162586	0.9949600957105846	0.9865527737423194	0.9877545640207577	0.9820036735473077	0.9848535820721046	1.0	0.9917384032253098	0.9877198365074258	0.9936217097275537	0.990548305235096	0.9898717419604127	0.9923177589194212	0.9753405668378516	0.9898065780694839	0.9903884720197743	0.9900988074787859	0.9892474253635728	0.9883734772903727	0.9858615521231953	0.9862635025034391	0.9864084562375243	0.9746613735877442	0.9915842387110011	0.9793336050993583	0.9787498403601707	0.9881684623806686	0.981377401937355	0.9729488914458392	0.9868038154081356	0.9803932069057589	0.9880654744368326	0.9871237933959616	0.9900988074787859	0.9914913936797077
0.9899671644733976	0.9911180395150264	0.989965711126052	0.9911845718935125	0.9903631109871677	0.9916402017000646	0.9910234586491832	0.9899288373073554	0.991837100335066	0.9904763843472875	0.991180656167979	0.9916810911076954	0.9927603142964142	0.9906297572374585	0.9917384032253098	1.0	0.9910556008172554	0.9898226226179093	0.9908191790346326	0.989625170858517	0.9901459104974797	0.9920630466864542	0.990823680405192	0.9893427847249368	0.9905129002827717	0.99071866641242	0.9865332011083308	0.9872233436436528	0.9905988702503614	0.9921558415062973	0.9917594481275035	0.9896064201442177	0.9919041843704605	0.9906024601630079	0.9904187153493442	0.9913779235178382	0.9907134257354775	0.9904683387132023	0.9890853671855026	0.9900085233328031	0.9904539555675722	0.9924947377996508	0.9920554089989297
0.9836850461365114	0.9843799732076961	0.9835861494563493	0.9864689528841595	0.9899847296588797	0.9870309852647188	0.9901924969837204	0.9831076367311267	0.9865169533679313	0.9923956249157426	0.986756934323081	0.9856028454073619	0.9853999725543828	0.9853154146937736	0.9877198365074258	0.9910556008172554	1.0	0.9918529871438501	0.9953984146540874	0.9896822928118328	0.991189841884898	0.9868857322359741	0.9872330031822304	0.989729002386553	0.9901464393685582	0.9894242011483435	0.9855545252403075	0.9814387847155371	0.9863398675263605	0.9874434860523508	0.9854811795477016	0.9912567584321412	0.9871454650707088	0.9855256106270434	0.9875586601409628	0.9851743862414347	0.9847658064819801	0.9871321492603845	0.9833352023340465	0.9872581684398011	0.9855810079645361	0.9890689709882401	0.9871573917347082
0.9885115346279801	0.9894268328774094	0.9890054870581798	0.9902812256243779	0.9893834846252532	0.9911030618366348	0.9894949320760624	0.9877669392916844	0.9909687916632568	0.9930602175651565	0.9932214199678108	0.9913501338013379	0.9923484251493531	0.9897923215526732	0.9936217097275537	0.9898226226179093	0.9918529871438501	1.0	0.9908600780404152	0.9893875207083601	0.9907856840866204	0.9907361491165187	0.9896904383836178	0.9888112299564547	0.9890621936671249	0.9902435498082905	0.9858676346676516	0.9864891655240399	0.9898926802636796	0.9924649060901788	0.9918459564331271	0.9901405714399932	0.9932156874862847	0.99087216022661	0.9893431957346795	0.9918618622162242	0.9889522536789924	0.9895846682792839	0.988380225606116	0.9890445889734358	0.9888244930268782	0.9914518251542316	0.9919513435124772
0.9861081514461203	0.9868496392368858	0.9855861430531991	0.9867396504109903	0.9902412095243667	0.987380848080644	0.9897798829752656	0.9835511017994455	0.9881220245395135	0.992299710927843	0.9888803343508853	0.9884203820737958	0.9880310527754976	0.9879352519978286	0.990548305235096	0.9908191790346326	0.9953984146540874	0.9908600780404152	1.0	0.9898431722013489	0.9910231695103184	0.9882198215546332	0.9873029317157187	0.9896529391269202	0.989716472109228	0.9889891640986663	0.9856455394113707	0.984537877046095	0.9860500538092511	0.9897169889768773	0.9878073369007193	0.9906550746325629	0.9898041931984091	0.9881070340187474	0.9870974046492074	0.9876941720944232	0.9867214639683781	0.9863613691281019	0.9845016143508795	0.9866127887449676	0.9862555942468492	0.98833381970375	0.9889643888495268
0.9878461282846825	0.989888399066679	0.9886033141563688	0.9893972855378224	0.9886541098028786	0.9897857951090995	0.9892651855365637	0.9884122744232344	0.9894688665045481	0.989975336758592	0.9907806207761738	0.9909437491257295	0.9909541423787638	0.9898196699275075	0.9898717419604127	0.989625170858517	0.9896822928118328	0.9893875207083601	0.9898431722013489	1.0	0.9901477671889639	0.9903779228038136	0.9890127313575653	0.9878034525333744	0.9875114255836432	0.9903232122565009	0.9864011614088058	0.9864891655240399	0.9902476637818215	0.9904256966931263	0.9905538943133453	0.9879197863966852	0.9905385016240096	0.989640771036089	0.9886849267752706	0.9906135248345521	0.9897428509362866	0.9903851916253613	0.9888754042070107	0.9887309226825788	0.9893240930405134	0.9899053611435515	0.9904152891612581
0.9891637691396488	0.9903737221516556	0.989673223645624	0.9906714036563927	0.9904576059428236	0.9918037344838035	0.9905279370067887	0.9884806735272946	0.9909687916632568	0.9916541613517582	0.9917832576797134	0.9958109934380349	0.9930241245425783	0.9908689574466126	0.9923177589194212	0.9901459104974797	0.991189841884898	0.9907856840866204	0.9910231695103184	0.9901477671889639	1.0	0.9917189951540102	0.9905797241116401	0.9895071340151428	0.9889667326786082	0.9908755314962546	0.9869478634322066	0.9871732333169114	0.9916704345801551	0.9923107347760949	0.9921897438988897	0.9905916033500601	0.9923196416495906	0.9906024601630079	0.990621587540952	0.9921250395307205	0.991752306988275	0.9925208263499075	0.9891550587391592	0.9899275741052588	0.9902573582913284	0.9922274952921766	0.9929977555047161
0.9849900880924416	0.9782293404337449	0.9852857054948201	0.987598743863895	0.9911961088325753	0.9895758667081775	0.9916150775990341	0.9869257519384097	0.9784890947772418	0.9907361491165187	0.9844339207091455	0.9846917848470016	0.9837362073891442	0.9800549978219514	0.9753405668378516	0.9920630466864542	0.9868857322359741	0.9907361491165187	0.9882198215546332	0.9903779228038136	0.9917189951540102	1.0	0.9887159641617878	0.9911609537976902	0.9916843922547868	0.9906648140868156	0.9860749381974645	0.9814548909819483	0.9888294055132277	0.9879495402327112	0.9784373091559643	0.9903058087511034	0.9792561738337757	0.9744155684694391	0.9896495918939555	0.985159338045525	0.9766257789016398	0.9882198215546332	0.9876379063219844	0.9906648140868156	0.9879495402327112	0.990700500863362	0.9877940919600184
0.986551329847513	0.9879372732622121	0.9867836720819831	0.9875786409447657	0.9907222508747469	0.992589576502484	0.9912663068854464	0.984102139352545	0.9891605222992705	0.9906815916752569	0.98736647110489	0.9894429381579299	0.9889084562062657	0.9915504071080319	0.9898065780694839	0.990823680405192	0.9872330031822304	0.9896904383836178	0.9873029317157187	0.9890127313575653	0.9905797241116401	0.9887159641617878	1.0	0.991306253145195	0.9895433753517087	0.9887980591213538	0.9855169588351314	0.9847814819365728	0.9881467450859044	0.9885008838563918	0.9891467605835085	0.9907628600762322	0.9885016387119636	0.9895010699704763	0.9884734060805976	0.9881811435466422	0.9868329580329847	0.9885008479659988	0.9857088353751537	0.9873900070484112	0.9870378717171084	0.9886901964151331	0.9891464436278791
0.9886332966419752	0.9901622708816126	0.9894767813384917	0.9893972855378224	0.9926303371388944	0.99172206921507	0.9896282155308341	0.9879757506374026	0.9905259264933578	0.9894210563876119	0.9906857864763902	0.9907507655076161	0.9923727963972786	0.9907096833009638	0.9903884720197743	0.9893427847249368	0.989729002386553	0.9888112299564547	0.9896529391269202	0.9878034525333744	0.9895071340151428	0.9911609537976902	0.991306253145195	1.0	0.9874733714832535	0.9909926933250062	0.9874856286710815	0.9877941947407108	0.9908445506250664	0.99079754336956	0.9908816780890588	0.989395385971878	0.9905094407887498	0.9936095324825386	0.9908232209361236	0.9914509675795851	0.9912693956449078	0.9916109395603557	0.9895013241140127	0.9897039342584497	0.9897495572859236	0.991510635956262	0.990806050338038
0.9897798829752656	0.9901925612650753	0.9895751487272603	0.9905634825765812	0.9894029752583122	0.9903232908405073	0.9897987924743749	0.9901893749072361	0.9904664264956146	0.9891027794949758	0.9903277121617444	0.9908232665703977	0.9919806848969215	0.9899288373073554	0.9900988074787859	0.9905129002827717	0.9901464393685582	0.9890621936671249	0.989716472109228	0.9875114255836432	0.9889667326786082	0.9916843922547868	0.9895433753517087	0.9874733714832535	1.0	0.9896398720467683	0.9853708406807485	0.9859731135440022	0.9902060986456832	0.9914836700514424	0.9908816780890588	0.9889994568332422	0.9911714542422466	0.9894309969255807	0.9898439491027262	0.9911332705505216	0.9906473979586246	0.9895633373449619	0.9891086140750811	0.9903503595345134	0.9902792603415583	0.9915888879247722	0.9909567730256061
0.9871924021592607	0.9892403825676185	0.9892543761281083	0.9883042994908251	0.9911676605928834	0.9898507587567894	0.9905215313828064	0.9870135845046383	0.9894688665045481	0.990953685538501	0.9897465889616971	0.990434741736793	0.9906732144456669	0.9891011374374519	0.9892474253635728	0.99071866641242	0.9894242011483435	0.9902435498082905	0.9889891640986663	0.9903232122565009	0.9908755314962546	0.9906648140868156	0.9887980591213538	0.9909926933250062	0.9896398720467683	1.0	0.9873702565366292	0.9868962540039504	0.9882572390737675	0.990214677715699	0.9902228238761772	0.9907383153423814	0.9900998799074852	0.9908049414134331	0.9898439491027262	0.9900854672387656	0.9898784323522674	0.9888515624882785	0.9882373683295346	0.9889820940344182	0.988317203664789	0.989387270026498	0.9893726075614948
0.983910320615745	0.9864111074295987	0.984715429530364	0.9850713012301133	0.986246441911605	0.9861938408280245	0.9861132431701715	0.9815882249061932	0.9879617812689451	0.9870777308689929	0.9862718996911897	0.9877117702263778	0.9854300601867009	0.9865459051335527	0.9883734772903727	0.9865332011083308	0.9855545252403075	0.9858676346676516	0.9856455394113707	0.9864011614088058	0.9869478634322066	0.9860749381974645	0.9855169588351314	0.9874856286710815	0.9853708406807485	0.9873702565366292	1.0	0.9993641313423853	0.9838994922917094	0.98576390528913	0.9853762107487607	0.986268589325355	0.9859987927767364	0.9884340081049422	0.9860050158746021	0.9840671686969986	0.9847658064819801	0.9844489592133249	0.982659778275877	0.9844990860133551	0.9856312195626272	0.9853951038873686	0.9870621063050573
0.980419331198283	0.9824837983683558	0.980466726385552	0.9823472128699324	0.9866424147905289	0.984100285584136	0.9862579440668005	0.9771987887646425	0.9849705459560161	0.9873233359614723	0.9820172563333065	0.9838602407641331	0.9800850324402111	0.9831785302060165	0.9858615521231953	0.9872233436436528	0.9814387847155371	0.9864891655240399	0.984537877046095	0.9864891655240399	0.9871732333169114	0.9814548909819483	0.9847814819365728	0.9877941947407108	0.9859731135440022	0.9868962540039504	0.9993641313423853	1.0	0.9817610876359834	0.9815460385426142	0.980061437831416	0.9868456426312665	0.9819970371172178	0.9849680146689048	0.9854752430384626	0.978181341350522	0.9791321608006723	0.9822599602793756	0.9774359576070206	0.9840175834012445	0.9827513457825919	0.9844834961950717	0.984072741351398
0.9846044942577015	0.986647966293421	0.9854472574620731	0.986471486553494	0.9901852964328387	0.9889294137530282	0.9901436526335938	0.9882750487298275	0.9863824036650465	0.9909463804971983	0.988042187415177	0.9873918695293951	0.9916586346594732	0.9870849486710278	0.9862635025034391	0.9905988702503614	0.9863398675263605	0.9898926802636796	0.9860500538092511	0.9902476637818215	0.9916704345801551	0.9888294055132277	0.9881467450859044	0.9908445506250664	0.9902060986456832	0.9882572390737675	0.9838994922917094	0.9817610876359834	1.0	0.9892843402116158	0.9905538943133453	0.9914107969680118	0.9881911967046944	0.9855650790185962	0.9881909871679975	0.9921250395307205	0.9878557463990728	0.9900715113653588	0.9887816563232155	0.9880580822432353	0.9863050355839518	0.9896186219162028	0.9882492726013091
0.9834494075549094	0.9856553856008954	0.9843145047681323	0.9874178913520105	0.9916417369139978	0.9891388534028227	0.9913703005047956	0.98576390528913	0.9850408432794512	0.9930745065429477	0.9868904063071922	0.9852330517246656	0.9874988168401307	0.9842643668225605	0.9864084562375243	0.9921558415062973	0.9874434860523508	0.9924649060901788	0.9897169889768773	0.9904256966931263	0.9923107347760949	0.9879495402327112	0.9885008838563918	0.99079754336956	0.9914836700514424	0.990214677715699	0.98576390528913	0.9815460385426142	0.9892843402116158	1.0	0.9872493135883019	0.9927275396841161	0.9893255121200824	0.984887579526185	0.9888949395947768	0.987116782471021	0.9861961012049513	0.9883020746786325	0.9852482987198983	0.9894291879682819	0.9864829661810114	0.99079754336956	0.9881772069198921
0.982291853930693	0.9753705244622054	0.9827126565241106	0.9863771307417695	0.9906436130390606	0.9896738049245899	0.9912942074041752	0.9865804662362452	0.9743552311723678	0.992445259380933	0.9856901162380871	0.9822147599984244	0.9849884291002966	0.9794792149083447	0.9746613735877442	0.9917594481275035	0.9854811795477016	0.9918459564331271	0.9878073369007193	0.9905538943133453	0.9921897438988897	0.9784373091559643	0.9891467605835085	0.9908816780890588	0.9908816780890588	0.9902228238761772	0.9853762107487607	0.980061437831416	0.9905538943133453	0.9872493135883019	1.0	0.9987140105286576	0.9806334657613848	0.9753751524280984	0.9894268328774094	0.9851652613448421	0.9784684144025235	0.9900408305845014	0.9867825522209714	0.9900104005582094	0.9848106393099268	0.9901622708816126	0.9884838543866563
0.9885846458133656	0.9896738049245899	0.9889554829785316	0.9897093655700435	0.9895972507112522	0.9920879847962246	0.9899684920605882	0.9882750487298275	0.9898654523082618	0.9910403864287012	0.9909223635863166	0.9905079392221593	0.9924214850925733	0.9904425072678833	0.9915842387110011	0.9896064201442177	0.9912567584321412	0.9901405714399932	0.9906550746325629	0.9879197863966852	0.9905916033500601	0.9903058087511034	0.9907628600762322	0.989395385971878	0.9889994568332422	0.9907383153423814	0.986268589325355	0.9868456426312665	0.9914107969680118	0.9927275396841161	0.9987140105286576	1.0	0.9920709941291447	0.9906700919531046	0.9907225581260937	0.9918378328073817	0.9901814689411091	0.9918507256950139	0.9892246032985604	0.9900892744788256	0.9892112105043439	0.9911957619275531	0.9919721828271523
0.9826311823114977	0.9784995720846211	0.9827786251732383	0.9877831978231477	0.9912568338651758	0.9875613940674899	0.9910858534092136	0.985051752758323	0.9777571995470214	0.9934824960127321	0.9867568075520818	0.9843231066160647	0.983470058247157	0.9808860669333263	0.9793336050993583	0.9919041843704605	0.9871454650707088	0.9932156874862847	0.9898041931984091	0.9905385016240096	0.9923196416495906	0.9792561738337757	0.9885016387119636	0.9905094407887498	0.9911714542422466	0.9900998799074852	0.9859987927767364	0.9819970371172178	0.9881911967046944	0.9893255121200824	0.9806334657613848	0.9920709941291447	1.0	0.9783589218045479	0.9884397838875869	0.9841472085421777	0.9789910616863128	0.9876249192007048	0.9842528605138218	0.9892651855365637	0.9875931719571147	0.990856494133515	0.9880348716540371
0.9866895179398549	0.9791361302603967	0.9847665560843919	0.9873685882545467	0.9925416105012995	0.9892551601569555	0.9902279884747268	0.982203622752522	0.9810924188505311	0.9914050427651041	0.9844416282169037	0.985800898828577	0.9814073788847099	0.9837402835640325	0.9787498403601707	0.9906024601630079	0.9855256106270434	0.99087216022661	0.9881070340187474	0.989640771036089	0.9906024601630079	0.9744155684694391	0.9895010699704763	0.9936095324825386	0.9894309969255807	0.9908049414134331	0.9884340081049422	0.9849680146689048	0.9855650790185962	0.984887579526185	0.9753751524280984	0.9906700919531046	0.9783589218045479	1.0	0.9887219523821792	0.9798952605608038	0.9747221217600841	0.987030805051357	0.9834470777848068	0.9891845620792942	0.9873312275499397	0.9891492062760496	0.9881070340187474
0.9859239152826231	0.9876114658320795	0.9869436438330749	0.9869091687406459	0.9906822069321376	0.9888848914419301	0.9902555152065007	0.9862669439707951	0.9879617812689451	0.9901120501683828	0.987732040675151	0.9889867089483747	0.9897894639319326	0.9886793637520652	0.9881684623806686	0.9904187153493442	0.9875586601409628	0.9893431957346795	0.9870974046492074	0.9886849267752706	0.990621587540952	0.9896495918939555	0.9884734060805976	0.9908232209361236	0.9898439491027262	0.9898439491027262	0.9860050158746021	0.9854752430384626	0.9881909871679975	0.9888949395947768	0.9894268328774094	0.9907225581260937	0.9884397838875869	0.9887219523821792	1.0	0.9890294859615438	0.9879276009353332	0.9882797405767799	0.9874648174584374	0.9884913278971005	0.9867710572756259	0.9883616271418384	0.9889643888495268
0.9815700131388576	0.9809558995111488	0.9822204269209694	0.9868382331534691	0.9909115230883833	0.9886610204202226	0.9909115230883833	0.9883151453091106	0.9803290041344337	0.9948458882589514	0.9883151453091106	0.983452741157414	0.988664038685357	0.9808206997446284	0.981377401937355	0.9913779235178382	0.9851743862414347	0.9918618622162242	0.9876941720944232	0.9906135248345521	0.9921250395307205	0.985159338045525	0.9881811435466422	0.9914509675795851	0.9911332705505216	0.9900854672387656	0.9840671686969986	0.978181341350522	0.9921250395307205	0.987116782471021	0.9851652613448421	0.9918378328073817	0.9841472085421777	0.9798952605608038	0.9890294859615438	1.0	0.9835995108062043	0.9914266374933189	0.9888983634504394	0.9892382032601857	0.9857865863014835	0.9904384424731885	0.987584971161504
0.9834353377699993	0.9788493498354763	0.9854694068692719	0.9865722148445196	0.9900807656098677	0.9877115652080893	0.9902149685540602	0.9856237364190676	0.975564830295664	0.9897767985591329	0.9828960242180517	0.9848052934675507	0.9834353377699993	0.9788966555349122	0.9729488914458392	0.9907134257354775	0.9847658064819801	0.9889522536789924	0.9867214639683781	0.9897428509362866	0.991752306988275	0.9766257789016398	0.9868329580329847	0.9912693956449078	0.9906473979586246	0.9898784323522674	0.9847658064819801	0.9791321608006723	0.9878557463990728	0.9861961012049513	0.9784684144025235	0.9901814689411091	0.9789910616863128	0.9747221217600841	0.9879276009353332	0.9835995108062043	1.0	0.9879992990278794	0.9882134615305753	0.9903486280548724	0.9874212945767981	0.9896067100354402	0.9869440754700889
0.9850140578252399	0.9866142335826084	0.9859719281371246	0.9867881734294209	0.9900715113653588	0.9892173523307388	0.9900504929692848	0.9866062369706546	0.9858386294688142	0.9910037506478437	0.9880679016104964	0.9886274468799043	0.9909795631933589	0.9875567952238331	0.9868038154081356	0.9904683387132023	0.9871321492603845	0.9895846682792839	0.9863613691281019	0.9903851916253613	0.9925208263499075	0.9882198215546332	0.9885008479659988	0.9916109395603557	0.9895633373449619	0.9888515624882785	0.9844489592133249	0.9822599602793756	0.9900715113653588	0.9883020746786325	0.9900408305845014	0.9918507256950139	0.9876249192007048	0.987030805051357	0.9882797405767799	0.9914266374933189	0.9879992990278794	1.0	0.9880938888200304	0.988213117946344	0.9860321833890788	0.9886766717603173	0.9886433533695104
0.9814941863162079	0.9861040456974716	0.9846013785127181	0.9839625619894855	0.9888051183035889	0.9858117439406731	0.9893171018066907	0.9884277073705321	0.9811299692779439	0.9881178455162429	0.9850270418685385	0.9844514489440028	0.9866984399568915	0.9831450580165442	0.9803932069057589	0.9890853671855026	0.9833352023340465	0.988380225606116	0.9845016143508795	0.9888754042070107	0.9891550587391592	0.9876379063219844	0.9857088353751537	0.9895013241140127	0.9891086140750811	0.9882373683295346	0.982659778275877	0.9774359576070206	0.9887816563232155	0.9852482987198983	0.9867825522209714	0.9892246032985604	0.9842528605138218	0.9834470777848068	0.9874648174584374	0.9888983634504394	0.9882134615305753	0.9880938888200304	1.0	0.9891782565605067	0.9858887144186186	0.9875867298539889	0.9851632123203626
0.9877713575077639	0.9896122350532843	0.9885526957123196	0.9883736834201403	0.9899073057322257	0.9883685146450533	0.990390343808437	0.9867985584591246	0.9882496601959722	0.9893552990753914	0.9872085468932301	0.9894681000985079	0.9908012052646678	0.9887076505290306	0.9880654744368326	0.9900085233328031	0.9872581684398011	0.9890445889734358	0.9866127887449676	0.9887309226825788	0.9899275741052588	0.9906648140868156	0.9873900070484112	0.9897039342584497	0.9903503595345134	0.9889820940344182	0.9844990860133551	0.9840175834012445	0.9880580822432353	0.9894291879682819	0.9900104005582094	0.9900892744788256	0.9892651855365637	0.9891845620792942	0.9884913278971005	0.9892382032601857	0.9903486280548724	0.988213117946344	0.9891782565605067	1.0	0.988663928271191	0.9892617077931243	0.9894851105328775
0.9853649267618242	0.9885793755262405	0.98736647110489	0.986230845667292	0.9888473671284156	0.9863790584603936	0.9897940254300149	0.983306814161881	0.9868509387418504	0.9894590440111317	0.9851115162514836	0.9878705624043507	0.9875270448046104	0.9866664583300533	0.9871237933959616	0.9904539555675722	0.9855810079645361	0.9888244930268782	0.9862555942468492	0.9893240930405134	0.9902573582913284	0.9879495402327112	0.9870378717171084	0.9897495572859236	0.9902792603415583	0.988317203664789	0.9856312195626272	0.9827513457825919	0.9863050355839518	0.9864829661810114	0.9848106393099268	0.9892112105043439	0.9875931719571147	0.9873312275499397	0.9867710572756259	0.9857865863014835	0.9874212945767981	0.9860321833890788	0.9858887144186186	0.988663928271191	1.0	0.988386841093179	0.9865258720360465
0.9873444185243234	0.9888011872928952	0.9881192698514764	0.992022529685227	0.9917837111854491	0.989742414838365	0.9914714403853365	0.9871324389347494	0.9912898268043498	0.9919966989850185	0.989892831971649	0.9899921152344621	0.9925186480303131	0.9888205554830011	0.9900988074787859	0.9924947377996508	0.9890689709882401	0.9914518251542316	0.98833381970375	0.9899053611435515	0.9922274952921766	0.990700500863362	0.9886901964151331	0.991510635956262	0.9915888879247722	0.989387270026498	0.9853951038873686	0.9844834961950717	0.9896186219162028	0.99079754336956	0.9901622708816126	0.9911957619275531	0.990856494133515	0.9891492062760496	0.9883616271418384	0.9904384424731885	0.9896067100354402	0.9886766717603173	0.9875867298539889	0.9892617077931243	0.988386841093179	1.0	0.9904807380115478
0.9864475887183973	0.986546664181944	0.9866229185155944	0.9876847724747189	0.9908707300134738	0.9880856238483499	0.9911068110965003	0.9842098978559487	0.9892533286685146	0.9928357851309074	0.9873927182878057	0.9904835580872399	0.989683920067107	0.9880219738957371	0.9914913936797077	0.9920554089989297	0.9871573917347082	0.9919513435124772	0.9889643888495268	0.9904152891612581	0.9929977555047161	0.9877940919600184	0.9891464436278791	0.990806050338038	0.9909567730256061	0.9893726075614948	0.9870621063050573	0.984072741351398	0.9882492726013091	0.9881772069198921	0.9884838543866563	0.9919721828271523	0.9880348716540371	0.9881070340187474	0.9889643888495268	0.987584971161504	0.9869440754700889	0.9886433533695104	0.9851632123203626	0.9894851105328775	0.9865258720360465	0.9904807380115478	1.0
