/home/jshaw/scratch/2022_sketched_distance/references/SGB_genome_fastas_part4/8047/CM_cf__CF_TNFC048IS_t2M15__bin.15.fa	/home/jshaw/scratch/2022_sketched_distance/references/SGB_genome_fastas_part4/8047/CM_periimplantitis__SP_162SPI_T016__bin.27.fa	/home/jshaw/scratch/2022_sketched_distance/references/SGB_genome_fastas_part4/8047/CM_periimplantitis__SP_162SPT_T016__bin.5.fa	/home/jshaw/scratch/2022_sketched_distance/references/SGB_genome_fastas_part4/8047/CM_periimplantitis__SP_191SPI_T016__bin.15.fa	/home/jshaw/scratch/2022_sketched_distance/references/SGB_genome_fastas_part4/8047/CM_periimplantitis__SP_386SPT_T016__bin.7.fa	/home/jshaw/scratch/2022_sketched_distance/references/SGB_genome_fastas_part4/8047/HMP_2012__SRS011098__bin.21.fa	/home/jshaw/scratch/2022_sketched_distance/references/SGB_genome_fastas_part4/8047/HMP_2012__SRS013949__bin.24.fa	/home/jshaw/scratch/2022_sketched_distance/references/SGB_genome_fastas_part4/8047/HMP_2012__SRS015278__bin.1.fa	/home/jshaw/scratch/2022_sketched_distance/references/SGB_genome_fastas_part4/8047/HMP_2012__SRS015378__bin.8.fa	/home/jshaw/scratch/2022_sketched_distance/references/SGB_genome_fastas_part4/8047/HMP_2012__SRS015650__bin.12.fa	/home/jshaw/scratch/2022_sketched_distance/references/SGB_genome_fastas_part4/8047/HMP_2012__SRS015803__bin.41.fa	/home/jshaw/scratch/2022_sketched_distance/references/SGB_genome_fastas_part4/8047/HMP_2012__SRS015947__bin.12.fa	/home/jshaw/scratch/2022_sketched_distance/references/SGB_genome_fastas_part4/8047/HMP_2012__SRS016092__bin.6.fa	/home/jshaw/scratch/2022_sketched_distance/references/SGB_genome_fastas_part4/8047/HMP_2012__SRS016541__bin.4.fa	/home/jshaw/scratch/2022_sketched_distance/references/SGB_genome_fastas_part4/8047/HMP_2012__SRS018443__bin.44.fa	/home/jshaw/scratch/2022_sketched_distance/references/SGB_genome_fastas_part4/8047/HMP_2012__SRS019129__bin.14.fa	/home/jshaw/scratch/2022_sketched_distance/references/SGB_genome_fastas_part4/8047/HMP_2012__SRS019225__bin.13.fa	/home/jshaw/scratch/2022_sketched_distance/references/SGB_genome_fastas_part4/8047/HMP_2012__SRS019591__bin.13.fa	/home/jshaw/scratch/2022_sketched_distance/references/SGB_genome_fastas_part4/8047/HMP_2012__SRS022602__bin.29.fa	/home/jshaw/scratch/2022_sketched_distance/references/SGB_genome_fastas_part4/8047/HMP_2012__SRS024021__bin.12.fa	/home/jshaw/scratch/2022_sketched_distance/references/SGB_genome_fastas_part4/8047/HMP_2012__SRS024561__bin.20.fa	/home/jshaw/scratch/2022_sketched_distance/references/SGB_genome_fastas_part4/8047/HMP_2012__SRS049268__bin.66.fa	/home/jshaw/scratch/2022_sketched_distance/references/SGB_genome_fastas_part4/8047/HMP_2012__SRS053630__bin.11.fa	/home/jshaw/scratch/2022_sketched_distance/references/SGB_genome_fastas_part4/8047/HMP_2012__SRS058808__bin.21.fa	/home/jshaw/scratch/2022_sketched_distance/references/SGB_genome_fastas_part4/8047/HMP_2012__SRS065310__bin.13.fa	/home/jshaw/scratch/2022_sketched_distance/references/SGB_genome_fastas_part4/8047/QinJ_2012__T2D-092__bin.6.fa
1.0	0.9642409276051328	0.9620891859070312	0.9633194216186294	0.9634995964185539	0.965388897586479	0.9617582831874375	0.9767438623455242	0.9666826532399213	0.9602267786099299	0.9630533087258266	0.9644217621673746	0.9603310953508266	0.9661517433501738	0.9635454053745113	0.9593192404840842	0.9633639743698299	0.9668969385438704	0.9637808507455361	0.9638177748746778	0.9626964469965174	0.9639664382083748	0.9654101070627563	0.9599866754894779	0.9633907385967948	0.9570805977268979
0.9642409276051328	1.0	0.9922048642029634	0.9663592844468699	0.961227072571584	0.9640720485180809	0.957765197870209	0.9584747145639373	0.9685411352729734	0.957031069915476	0.9535313414193972	0.9596622343278545	0.9622729050699869	0.9650097422812254	0.9624514900788818	0.9597269321356652	0.9967796709859893	0.9670146448053352	0.9601179752012683	0.9713495178757263	0.9613647501443117	0.9626290864827779	0.9594673520289266	0.9614873342693389	0.9648526694372331	0.9597269321356652
0.9620891859070312	0.9922048642029634	1.0	0.9618918437349339	0.9618746486711455	0.9623829408386426	0.9611143692507592	0.9607464934602175	0.9623913063835017	0.9586022679162604	0.959468973057019	0.9620283994752027	0.9595837159371982	0.9611727679430278	0.9617927153110625	0.9588591820282713	0.9949090031083212	0.9645112444090133	0.9640362429321224	0.9649378183264402	0.9606310321646493	0.9605270231418761	0.9614682033266002	0.9607329246539394	0.9633413719075314	0.958058703052818
0.9633194216186294	0.9663592844468699	0.9618918437349339	1.0	0.9851608275516306	0.9688705577454148	0.9639484252676142	0.9681550552432395	0.9852155312585861	0.965013496120472	0.9755888420675267	0.9711921240881874	0.9615091024226032	0.9793314137843018	0.9650652838191992	0.9621584795345551	0.9644311820670866	0.9734394818628878	0.9646035612590004	0.9863474303456926	0.9804143181962179	0.9698212760423882	0.9696571101295698	0.9622994010974424	0.9856252745211516	0.9588374840770166
0.9634995964185539	0.961227072571584	0.9618746486711455	0.9851608275516306	1.0	0.9715939554655485	0.9562028445990628	0.9659058775879196	0.979602700945296	0.9606328485024912	0.9674515550030591	0.967180922348831	0.9614876751807885	0.9747956464451499	0.9658492793139883	0.9596860054458528	0.9647545567765267	0.9694466945174499	0.9605462555916664	0.9801261615134598	0.9807837231945344	0.9717830648811122	0.9683026288816284	0.9636212505631463	0.9837548687992876	0.9579221777739747
0.965388897586479	0.9640720485180809	0.9623829408386426	0.9688705577454148	0.9715939554655485	1.0	0.9664915614917194	0.9650153786835319	0.9687810376541687	0.9637246342869172	0.9671420791493539	0.9737478354789113	0.964672203685298	0.970244036844983	0.9662628867844625	0.9637884220408358	0.9649428386346235	0.9766906811362867	0.9660094821526495	0.9688488731834486	0.9704372999770129	0.9863223048239659	0.9925526132597334	0.9641240024447454	0.9700910159901373	0.9611321643796781
0.9617582831874375	0.957765197870209	0.9611143692507592	0.9639484252676142	0.9562028445990628	0.9664915614917194	1.0	0.95784534563041	0.9523747142887006	0.9670971516597296	0.9553487325011772	0.9603093706489771	0.9884077778942798	0.9532881148932979	0.9627349096825221	0.9952578225260409	0.9634819361264154	0.9561184563332054	0.9558639424351378	0.9549129307312363	0.962389517982556	0.9676326230699965	0.9636826901093614	0.9693559501423643	0.9611143692507592	0.9625281211531178
0.9767438623455242	0.9584747145639373	0.9607464934602175	0.9681550552432395	0.9659058775879196	0.9650153786835319	0.95784534563041	1.0	0.9620248443958864	0.9575353751230989	0.9648205303143491	0.9615275350455429	0.9609739843267942	0.9654586812808035	0.9614800080605856	0.9571244232629988	0.96273801765888	0.9647011717282292	0.9600460346642945	0.9637543908086279	0.9674215360186229	0.9632699594922215	0.9623603417392885	0.9618681314546474	0.9664327511764185	0.9556192126703034
0.9666826532399213	0.9685411352729734	0.9623913063835017	0.9852155312585861	0.979602700945296	0.9687810376541687	0.9523747142887006	0.9620248443958864	1.0	0.9623183481734437	0.9671259769034156	0.9647781089355796	0.9623913063835017	0.9804062865289307	0.963606872753408	0.9600486104353796	0.9679947461410795	0.9727145315723384	0.955325503382933	0.9907780974248037	0.9772505333595438	0.9702984288725178	0.9645063387287547	0.9630405708330547	0.9955636608979037	0.9592548104033052
0.9602267786099299	0.957031069915476	0.9586022679162604	0.965013496120472	0.9606328485024912	0.9637246342869172	0.9670971516597296	0.9575353751230989	0.9623183481734437	1.0	0.9577293386270426	0.9578528841742083	0.9668787184020008	0.9608067699538048	0.9600502982986497	0.966735328157342	0.9613790912276805	0.9620715311131953	0.9559809724858896	0.9604140791570018	0.9596346858765321	0.9596943906598978	0.9589093966291832	0.9729477306686597	0.9629257469898365	0.9612088649095445
0.9630533087258266	0.9535313414193972	0.959468973057019	0.9755888420675267	0.9674515550030591	0.9671420791493539	0.9553487325011772	0.9648205303143491	0.9671259769034156	0.9577293386270426	1.0	0.9658915313726446	0.9604033532651692	0.978190862635592	0.9638310665828	0.9582963938017153	0.9617557042450381	0.9629500086904983	0.9566287347107822	0.9650598929742668	0.975133744144342	0.9662224703633427	0.9626265788187808	0.9598058212637914	0.9748827969658134	0.956265989496255
0.9644217621673746	0.9596622343278545	0.9620283994752027	0.9711921240881874	0.967180922348831	0.9737478354789113	0.9603093706489771	0.9615275350455429	0.9647781089355796	0.9578528841742083	0.9658915313726446	1.0	0.9621936305972487	0.9664001127205	0.9670767936994181	0.9602108036917036	0.9649806560836723	0.9729542566430586	0.9628706385953187	0.9653630682416735	0.9700072927203228	0.9728128937874357	0.9724152376803471	0.9603856528602471	0.9682356020585178	0.9586540247122661
0.9603310953508266	0.9622729050699869	0.9595837159371982	0.9615091024226032	0.9614876751807885	0.964672203685298	0.9884077778942798	0.9609739843267942	0.9623913063835017	0.9668787184020008	0.9604033532651692	0.9621936305972487	1.0	0.9639594348488593	0.9618053600365778	0.9886344352612869	0.9617833720941081	0.9653262825724965	0.9622043127078667	0.964257996523992	0.9635355136293426	0.9654015666580922	0.9638089086301137	0.9665778492021261	0.9616681481661717	0.9610558149820473
0.9661517433501738	0.9650097422812254	0.9611727679430278	0.9793314137843018	0.9747956464451499	0.970244036844983	0.9532881148932979	0.9654586812808035	0.9804062865289307	0.9608067699538048	0.978190862635592	0.9664001127205	0.9639594348488593	1.0	0.9636914060993256	0.9602123310391834	0.9650742612414018	0.9729298374445917	0.9548340666980827	0.978532980475332	0.9781047693889059	0.971535726045476	0.966089350578737	0.9619635444536287	0.9797029085228877	0.958754638088835
0.9635454053745113	0.9624514900788818	0.9617927153110625	0.9650652838191992	0.9658492793139883	0.9662628867844625	0.9627349096825221	0.9614800080605856	0.963606872753408	0.9600502982986497	0.9638310665828	0.9670767936994181	0.9618053600365778	0.9636914060993256	1.0	0.9615252502945053	0.9631307531246536	0.9665412181158921	0.9800922426801932	0.964257996523992	0.96588350819978	0.9667754151008113	0.9677172625803088	0.9637734752768893	0.9668039753236262	0.9589441461197598
0.9593192404840842	0.9597269321356652	0.9588591820282713	0.9621584795345551	0.9596860054458528	0.9637884220408358	0.9952578225260409	0.9571244232629988	0.9600486104353796	0.966735328157342	0.9582963938017153	0.9602108036917036	0.9886344352612869	0.9602123310391834	0.9615252502945053	1.0	0.9623148521190661	0.9620029488546948	0.9609688827655111	0.9604140791570018	0.9601644088474693	0.9657627778140357	0.9613022131390974	0.9666382047007054	0.959546811011596	0.9607157034012102
0.9633639743698299	0.9967796709859893	0.9949090031083212	0.9644311820670866	0.9647545567765267	0.9649428386346235	0.9634819361264154	0.96273801765888	0.9679947461410795	0.9613790912276805	0.9617557042450381	0.9649806560836723	0.9617833720941081	0.9650742612414018	0.9631307531246536	0.9623148521190661	1.0	0.9680551011292228	0.9657090290053553	0.9713495178757263	0.9640669857524704	0.9639664382083748	0.9642167464432381	0.9602862030852901	0.966536691569043	0.9593146853771359
0.9668969385438704	0.9670146448053352	0.9645112444090133	0.9734394818628878	0.9694466945174499	0.9766906811362867	0.9561184563332054	0.9647011717282292	0.9727145315723384	0.9620715311131953	0.9629500086904983	0.9729542566430586	0.9653262825724965	0.9729298374445917	0.9665412181158921	0.9620029488546948	0.9680551011292228	1.0	0.9585253312334319	0.9710929935871253	0.9731977764738782	0.977423189008187	0.9746681319946583	0.9645746782517065	0.9722125280946345	0.9602388842519802
0.9637808507455361	0.9601179752012683	0.9640362429321224	0.9646035612590004	0.9605462555916664	0.9660094821526495	0.9558639424351378	0.9600460346642945	0.955325503382933	0.9559809724858896	0.9566287347107822	0.9628706385953187	0.9622043127078667	0.9548340666980827	0.9800922426801932	0.9609688827655111	0.9657090290053553	0.9585253312334319	1.0	0.9533385248798334	0.9639725849435312	0.9658896371465479	0.9630022594111021	0.9637808507455361	0.9660692377989352	0.9601897543882065
0.9638177748746778	0.9713495178757263	0.9649378183264402	0.9863474303456926	0.9801261615134598	0.9688488731834486	0.9549129307312363	0.9637543908086279	0.9907780974248037	0.9604140791570018	0.9650598929742668	0.9653630682416735	0.964257996523992	0.978532980475332	0.964257996523992	0.9604140791570018	0.9713495178757263	0.9710929935871253	0.9533385248798334	1.0	0.9779090268343574	0.9702791966646609	0.9651815061201194	0.962525694671787	0.9893413104958079	0.9591941203863017
0.9626964469965174	0.9613647501443117	0.9606310321646493	0.9804143181962179	0.9807837231945344	0.9704372999770129	0.962389517982556	0.9674215360186229	0.9772505333595438	0.9596346858765321	0.975133744144342	0.9700072927203228	0.9635355136293426	0.9781047693889059	0.96588350819978	0.9601644088474693	0.9640669857524704	0.9731977764738782	0.9639725849435312	0.9779090268343574	1.0	0.9705942274236373	0.9696571101295698	0.9626964469965174	0.979607192092326	0.9563575742259675
0.9639664382083748	0.9626290864827779	0.9605270231418761	0.9698212760423882	0.9717830648811122	0.9863223048239659	0.9676326230699965	0.9632699594922215	0.9702984288725178	0.9596943906598978	0.9662224703633427	0.9728128937874357	0.9654015666580922	0.971535726045476	0.9667754151008113	0.9657627778140357	0.9639664382083748	0.977423189008187	0.9658896371465479	0.9702791966646609	0.9705942274236373	1.0	0.9867110777462949	0.9627036104073162	0.9696878305762449	0.9585860672925389
0.9654101070627563	0.9594673520289266	0.9614682033266002	0.9696571101295698	0.9683026288816284	0.9925526132597334	0.9636826901093614	0.9623603417392885	0.9645063387287547	0.9589093966291832	0.9626265788187808	0.9724152376803471	0.9638089086301137	0.966089350578737	0.9677172625803088	0.9613022131390974	0.9642167464432381	0.9746681319946583	0.9630022594111021	0.9651815061201194	0.9696571101295698	0.9867110777462949	1.0	0.9638089086301137	0.9685249725585081	0.9605160135116564
0.9599866754894779	0.9614873342693389	0.9607329246539394	0.9622994010974424	0.9636212505631463	0.9641240024447454	0.9693559501423643	0.9618681314546474	0.9630405708330547	0.9729477306686597	0.9598058212637914	0.9603856528602471	0.9665778492021261	0.9619635444536287	0.9637734752768893	0.9666382047007054	0.9602862030852901	0.9645746782517065	0.9637808507455361	0.962525694671787	0.9626964469965174	0.9627036104073162	0.9638089086301137	1.0	0.9638802765204669	0.9616484067222965
0.9633907385967948	0.9648526694372331	0.9633413719075314	0.9856252745211516	0.9837548687992876	0.9700910159901373	0.9611143692507592	0.9664327511764185	0.9955636608979037	0.9629257469898365	0.9748827969658134	0.9682356020585178	0.9616681481661717	0.9797029085228877	0.9668039753236262	0.959546811011596	0.966536691569043	0.9722125280946345	0.9660692377989352	0.9893413104958079	0.979607192092326	0.9696878305762449	0.9685249725585081	0.9638802765204669	1.0	0.9589538250429439
0.9570805977268979	0.9597269321356652	0.958058703052818	0.9588374840770166	0.9579221777739747	0.9611321643796781	0.9625281211531178	0.9556192126703034	0.9592548104033052	0.9612088649095445	0.956265989496255	0.9586540247122661	0.9610558149820473	0.958754638088835	0.9589441461197598	0.9607157034012102	0.9593146853771359	0.9602388842519802	0.9601897543882065	0.9591941203863017	0.9563575742259675	0.9585860672925389	0.9605160135116564	0.9616484067222965	0.9589538250429439	1.0
