/home/jshaw/scratch/2022_sketched_distance/references/SGB_genome_fastas_part2/2091/BritoIL_2016__W1.27.ST__bin.1.fa	/home/jshaw/scratch/2022_sketched_distance/references/SGB_genome_fastas_part2/2091/HMP_2012__SRS011061__bin.29.fa	/home/jshaw/scratch/2022_sketched_distance/references/SGB_genome_fastas_part2/2091/HMP_2012__SRS011134__bin.15.fa	/home/jshaw/scratch/2022_sketched_distance/references/SGB_genome_fastas_part2/2091/HMP_2012__SRS022609__bin.67.fa	/home/jshaw/scratch/2022_sketched_distance/references/SGB_genome_fastas_part2/2091/LeChatelierE_2013__MH0198__bin.6.fa	/home/jshaw/scratch/2022_sketched_distance/references/SGB_genome_fastas_part2/2091/LiJ_2014__MH0378__bin.31.fa	/home/jshaw/scratch/2022_sketched_distance/references/SGB_genome_fastas_part2/2091/LiJ_2014__O2.UC40-1__bin.93.fa	/home/jshaw/scratch/2022_sketched_distance/references/SGB_genome_fastas_part2/2091/NielsenHB_2014__O2_UC40_0__bin.26.fa	/home/jshaw/scratch/2022_sketched_distance/references/SGB_genome_fastas_part2/2091/NielsenHB_2014__O2_UC40_2__bin.23.fa	/home/jshaw/scratch/2022_sketched_distance/references/SGB_genome_fastas_part2/2091/NielsenHB_2014__V1_CD29_0__bin.45.fa	/home/jshaw/scratch/2022_sketched_distance/references/SGB_genome_fastas_part2/2091/NielsenHB_2014__V1_UC37_0__bin.17.fa	/home/jshaw/scratch/2022_sketched_distance/references/SGB_genome_fastas_part2/2091/QinJ_2012__T2D-033__bin.32.fa	/home/jshaw/scratch/2022_sketched_distance/references/SGB_genome_fastas_part2/2091/XieH_2016__YSZC12003_35391__bin.11.fa	/home/jshaw/scratch/2022_sketched_distance/references/SGB_genome_fastas_part2/2091/XieH_2016__YSZC12003_35520__bin.90.fa	/home/jshaw/scratch/2022_sketched_distance/references/SGB_genome_fastas_part2/2091/XieH_2016__YSZC12003_35740__bin.120.fa	/home/jshaw/scratch/2022_sketched_distance/references/SGB_genome_fastas_part2/2091/XieH_2016__YSZC12003_36525__bin.8.fa	/home/jshaw/scratch/2022_sketched_distance/references/SGB_genome_fastas_part2/2091/XieH_2016__YSZC12003_37331__bin.7.fa	/home/jshaw/scratch/2022_sketched_distance/references/SGB_genome_fastas_part2/2091/ZeeviD_2015__PNP_Main_100__bin.9.fa	/home/jshaw/scratch/2022_sketched_distance/references/SGB_genome_fastas_part2/2091/ZeeviD_2015__PNP_Main_215__bin.8.fa	/home/jshaw/scratch/2022_sketched_distance/references/SGB_genome_fastas_part2/2091/ZeeviD_2015__PNP_Main_396__bin.77.fa	/home/jshaw/scratch/2022_sketched_distance/references/SGB_genome_fastas_part2/2091/ZeeviD_2015__PNP_Main_473__bin.12.fa	/home/jshaw/scratch/2022_sketched_distance/references/SGB_genome_fastas_part2/2091/ZeeviD_2015__PNP_Main_575__bin.29.fa	/home/jshaw/scratch/2022_sketched_distance/references/SGB_genome_fastas_part2/2091/ZeeviD_2015__PNP_Main_619__bin.16.fa	/home/jshaw/scratch/2022_sketched_distance/references/SGB_genome_fastas_part2/2091/ZeeviD_2015__PNP_Validation_29__bin.13.fa	/home/jshaw/scratch/2022_sketched_distance/references/SGB_genome_fastas_part2/2091/ZeeviD_2015__PNP_Validation_3__bin.20.fa	/home/jshaw/scratch/2022_sketched_distance/references/SGB_genome_fastas_part2/2091/ZellerG_2014__CCIS09568613ST-4-0__bin.28.fa	/home/jshaw/scratch/2022_sketched_distance/references/SGB_genome_fastas_part2/2091/ZellerG_2014__CCIS25399172ST-4-0__bin.32.fa	/home/jshaw/scratch/2022_sketched_distance/references/SGB_genome_fastas_part2/2091/ZellerG_2014__CCIS38765456ST-20-0__bin.8.fa	/home/jshaw/scratch/2022_sketched_distance/references/SGB_genome_fastas_part2/2091/ZellerG_2014__CCIS90443472ST-4-0__bin.80.fa
1.0	0.991639131006525	0.9904667011884007	0.9903874085742134	0.9887930886050595	0.9879528016568211	0.9892304538007866	0.990264961450187	0.9893613562950067	0.9908285076182703	0.9901920251439604	0.9900161271617819	0.9894606663171548	0.9914173566642068	0.9881820012162411	0.991615692761756	0.9899194626422606	0.9844837356044626	0.9867120329890494	0.991374993128731	0.9898426452924401	0.9905141733657823	0.9881473776956049	0.9910749331957129	0.9888091137866349	0.9911656978980831	0.9893535034216984	0.9897302902857208	0.990458742788918
0.991639131006525	1.0	0.9927354864148888	0.9924263327113713	0.9906246269501467	0.9894953357933537	0.9891119156400564	0.9925265461318825	0.9916094028057285	0.991928011492475	0.9937513624607348	0.9911349045573707	0.9924816408412085	0.9926172999085721	0.990271690048327	0.9905875767072044	0.9919015966948692	0.9867925204139574	0.9891456965296082	0.9935156038774666	0.9924201248997286	0.990619730885945	0.9921101437175794	0.9937778297992427	0.9915612249764314	0.994101877845971	0.9917943095675882	0.9921067520039211	0.9931335256871193
0.9904667011884007	0.9927354864148888	1.0	0.9993717960965275	0.9897361564063911	0.9889410070750946	0.9887086282414738	0.9912963461708705	0.9908326444222989	0.9903422734375351	0.9917894142126973	0.9900646653385792	0.9914073235542044	0.99137642382624	0.9897712711763135	0.9895950045215274	0.9913260610324952	0.9843312842443874	0.9881942915360824	0.9919268348238661	0.9917221989201175	0.9898419957077389	0.9891973729770089	0.9918783974088837	0.9905456333487862	0.9921284996334226	0.9906853625858051	0.991050501119573	0.9921069846839642
0.9903874085742134	0.9924263327113713	0.9993717960965275	1.0	0.9893902848067775	0.9888538192503219	0.9885998833623305	0.9908272514969887	0.9905005911072896	0.9901860191471866	0.9915846685861337	0.9900821038019827	0.9914131466181706	0.9913063076587464	0.9893843054267475	0.989757155711225	0.9913314761936813	0.984229284837898	0.9876796317031046	0.9916687195454836	0.9913935994089966	0.9897051018523255	0.9888556085533655	0.9915873316903546	0.9902230257441208	0.9917022629629404	0.9905083360937889	0.9910722236859837	0.9917724931567626
0.9887930886050595	0.9906246269501467	0.9897361564063911	0.9893902848067775	1.0	0.986336119602353	0.9868864058673832	0.9898144764401139	0.9893103575312685	0.9885181305683791	0.9900401336474972	0.989583835474349	0.9908998171200405	0.9895312942034372	0.9880644692361512	0.9893154653502363	0.9908685118753581	0.9826432426195872	0.9860520359011531	0.9906639683092195	0.989679059841453	0.9882271277333615	0.986899698127348	0.9903502984341237	0.9888048935973681	0.9907650196172372	0.9891422083270157	0.9892936790482929	0.9900884509902511
0.9879528016568211	0.9894953357933537	0.9889410070750946	0.9888538192503219	0.986336119602353	1.0	0.9861089214857671	0.9902959758510386	0.9889377549959485	0.987152278391738	0.9902651396865279	0.9877180524047052	0.9879035536109051	0.9880350979563223	0.9884296443786584	0.986943689077431	0.9879035579383572	0.9816167652505357	0.9879756280513655	0.989380035314224	0.9892463436588811	0.9878450203303182	0.9861141013781158	0.9889691858725204	0.9886784835438254	0.9892254760038826	0.9890396486032297	0.9900768580456	0.9896961858118484
0.9892304538007866	0.9891119156400564	0.9887086282414738	0.9885998833623305	0.9868864058673832	0.9861089214857671	1.0	0.9959375636194348	0.9975628645569082	0.9906252375273862	0.988299828354257	0.9869768975709816	0.9880076073246142	0.9911173828601886	0.9856680429354135	0.9889532148786138	0.9881482373602205	0.9811852511756461	0.9857837418401861	0.9888096540785193	0.9890729984649608	0.9895612248081782	0.9852504555681887	0.9887161944280661	0.9883904139646451	0.9892460921597934	0.9915069518842505	0.9887950883281723	0.9885700053908958
0.990264961450187	0.9925265461318825	0.9912963461708705	0.9908272514969887	0.9898144764401139	0.9902959758510386	0.9959375636194348	1.0	0.998023590645462	0.990321310397296	0.9918693004445273	0.9897834621962829	0.9907787534051731	0.9909687916632568	0.9892720651029374	0.9890198699446501	0.9908725063611783	0.9838349860818676	0.989046461855786	0.9916491171754228	0.9919957420691546	0.9896174824106865	0.9887681739080659	0.9921186313788894	0.9915831612983038	0.9925444350677839	0.9936274006160073	0.9922183297827201	0.9917899358312858
0.9893613562950067	0.9916094028057285	0.9908326444222989	0.9905005911072896	0.9893103575312685	0.9889377549959485	0.9975628645569082	0.998023590645462	1.0	0.9898440662194024	0.9912613474046317	0.9892578319278529	0.9904755593754024	0.9903511891934047	0.9888483496256396	0.9884842621594819	0.9904756919424448	0.9829756498825757	0.9891407601333475	0.9913933883235044	0.9917298011360813	0.9889732316539069	0.9880448905681382	0.9915578645612572	0.9911006252254647	0.991923045751663	0.993670375861937	0.9915736574681739	0.9914348791441788
0.9908285076182703	0.991928011492475	0.9903422734375351	0.9901860191471866	0.9885181305683791	0.987152278391738	0.9906252375273862	0.990321310397296	0.9898440662194024	1.0	0.9923934071752101	0.9890878528676413	0.989910970916507	0.9929589790792717	0.988451248302357	0.9908273628884728	0.9896705788786316	0.9842644858464691	0.9860602462811154	0.9914934578536976	0.9902435049496254	0.9917282637592345	0.9887310785494194	0.991615546429372	0.9892623452481633	0.9917924082054681	0.9898045207392533	0.989624299358333	0.9909413459033211
0.9901920251439604	0.9937513624607348	0.9917894142126973	0.9915846685861337	0.9900401336474972	0.9902651396865279	0.988299828354257	0.9918693004445273	0.9912613474046317	0.9923934071752101	1.0	0.9907746818936166	0.9915453236445637	0.9915445687857142	0.9906210060278963	0.9893820963079448	0.9908375598378217	0.9847807530902173	0.988870958630196	0.9926853425656033	0.9918281216957181	0.9903177283585627	0.9904605095340943	0.9931240821485676	0.9909274448989993	0.9933112272964125	0.9912964405316258	0.9922242011503081	0.9929919965938271
0.9900161271617819	0.9911349045573707	0.9900646653385792	0.9900821038019827	0.989583835474349	0.9877180524047052	0.9869768975709816	0.9897834621962829	0.9892578319278529	0.9890878528676413	0.9907746818936166	1.0	0.9915095039118368	0.9898270693764093	0.9878760563435843	0.9900821608370286	0.9908890542074636	0.9844955043576361	0.9867908308274499	0.9905908920280638	0.9896369420019365	0.9888175765185423	0.9882011292027425	0.9906497333471281	0.9885514311704481	0.9904192341501863	0.9891715929983813	0.989685264043819	0.9904565338403858
0.9894606663171548	0.9924816408412085	0.9914073235542044	0.9914131466181706	0.9908998171200405	0.9879035536109051	0.9880076073246142	0.9907787534051731	0.9904755593754024	0.989910970916507	0.9915453236445637	0.9915095039118368	1.0	0.9906407315515454	0.9892006492459233	0.9905705956906622	0.9922975909915744	0.9843304251368318	0.9877702726241329	0.9912552564432494	0.9910389941386859	0.9894041799688029	0.9890155119803389	0.9917573366702158	0.9902189382594355	0.9918349014417956	0.9905889813644821	0.9909335654657301	0.9913882295495573
0.9914173566642068	0.9926172999085721	0.99137642382624	0.9913063076587464	0.9895312942034372	0.9880350979563223	0.9911173828601886	0.9909687916632568	0.9903511891934047	0.9929589790792717	0.9915445687857142	0.9898270693764093	0.9906407315515454	1.0	0.9888924640653699	0.9905009252710072	0.990506495160871	0.9844786294238539	0.9876964050044446	0.992371113877127	0.991567992975434	0.9920436705198111	0.9898237115205534	0.9922031105476449	0.9905132855990654	0.9925585992858388	0.9903765763213322	0.9906907017064452	0.9918380686848426
0.9881820012162411	0.990271690048327	0.9897712711763135	0.9893843054267475	0.9880644692361512	0.9884296443786584	0.9856680429354135	0.9892720651029374	0.9888483496256396	0.988451248302357	0.9906210060278963	0.9878760563435843	0.9892006492459233	0.9888924640653699	1.0	0.9869594028129163	0.9884105906879779	0.9818784006351784	0.9881682362371537	0.9902493588347555	0.9895770731109799	0.9878759031427368	0.9876336747880361	0.9909240904020792	0.988375154019983	0.9906800295600615	0.9886221633046981	0.9891277674355349	0.9899222946554916
0.991615692761756	0.9905875767072044	0.9895950045215274	0.989757155711225	0.9893154653502363	0.986943689077431	0.9889532148786138	0.9890198699446501	0.9884842621594819	0.9908273628884728	0.9893820963079448	0.9900821608370286	0.9905705956906622	0.9905009252710072	0.9869594028129163	1.0	0.9904298377092287	0.9847511757890682	0.9856924219553423	0.9899709297616456	0.9890428016704867	0.9903597122953947	0.9869473419340644	0.9896073885851656	0.9880428125063981	0.9899393645313794	0.9891544350321204	0.9888459164703343	0.9893939148593301
0.9899194626422606	0.9919015966948692	0.9913260610324952	0.9913314761936813	0.9908685118753581	0.9879035579383572	0.9881482373602205	0.9908725063611783	0.9904756919424448	0.9896705788786316	0.9908375598378217	0.9908890542074636	0.9922975909915744	0.990506495160871	0.9884105906879779	0.9904298377092287	1.0	0.9842142337716839	0.9871216660738742	0.9909902963598978	0.990629678269284	0.9893383839413757	0.9884801998998808	0.9910592074074461	0.9896189554953991	0.991177758215578	0.9904116357076885	0.990560728902851	0.9909924987249469
0.9844837356044626	0.9867925204139574	0.9843312842443874	0.984229284837898	0.9826432426195872	0.9816167652505357	0.9811852511756461	0.9838349860818676	0.9829756498825757	0.9842644858464691	0.9847807530902173	0.9844955043576361	0.9843304251368318	0.9844786294238539	0.9818784006351784	0.9847511757890682	0.9842142337716839	1.0	0.9808147615206105	0.9851949565907892	0.9835285578452387	0.9841735199439612	0.9847486547334271	0.9860182799988803	0.9824455780697815	0.9852329543474039	0.9827947085951083	0.9835378441453783	0.984642022121457
0.9867120329890494	0.9891456965296082	0.9881942915360824	0.9876796317031046	0.9860520359011531	0.9879756280513655	0.9857837418401861	0.989046461855786	0.9891407601333475	0.9860602462811154	0.988870958630196	0.9867908308274499	0.9877702726241329	0.9876964050044446	0.9881682362371537	0.9856924219553423	0.9871216660738742	0.9808147615206105	1.0	0.9894117654716775	0.9891441741365599	0.9862527349748295	0.9851040055943726	0.9884766438606217	0.988077543331265	0.9895821818310397	0.9888833463449702	0.9889453905010405	0.9890841647390644
0.991374993128731	0.9935156038774666	0.9919268348238661	0.9916687195454836	0.9906639683092195	0.989380035314224	0.9888096540785193	0.9916491171754228	0.9913933883235044	0.9914934578536976	0.9926853425656033	0.9905908920280638	0.9912552564432494	0.992371113877127	0.9902493588347555	0.9899709297616456	0.9909902963598978	0.9851949565907892	0.9894117654716775	1.0	0.9923351132044352	0.9905299874344908	0.9903644112935298	0.9935537894312103	0.9913789919914773	0.9937711874940154	0.9913421130572053	0.9914833798570514	0.9925727751597578
0.9898426452924401	0.9924201248997286	0.9917221989201175	0.9913935994089966	0.989679059841453	0.9892463436588811	0.9890729984649608	0.9919957420691546	0.9917298011360813	0.9902435049496254	0.9918281216957181	0.9896369420019365	0.9910389941386859	0.991567992975434	0.9895770731109799	0.9890428016704867	0.990629678269284	0.9835285578452387	0.9891441741365599	0.9923351132044352	1.0	0.9898767872871836	0.988878938183941	0.9920392822814024	0.9971715510330436	0.9923054779745726	0.9916840893826043	0.9943879397357771	0.9919916227500519
0.9905141733657823	0.990619730885945	0.9898419957077389	0.9897051018523255	0.9882271277333615	0.9878450203303182	0.9895612248081782	0.9896174824106865	0.9889732316539069	0.9917282637592345	0.9903177283585627	0.9888175765185423	0.9894041799688029	0.9920436705198111	0.9878759031427368	0.9903597122953947	0.9893383839413757	0.9841735199439612	0.9862527349748295	0.9905299874344908	0.9898767872871836	1.0	0.9873071271704359	0.990903801085494	0.9892508835118591	0.9905292889087954	0.9890179948531459	0.9893517493385333	0.9901778559594875
0.9881473776956049	0.9921101437175794	0.9891973729770089	0.9888556085533655	0.986899698127348	0.9861141013781158	0.9852504555681887	0.9887681739080659	0.9880448905681382	0.9887310785494194	0.9904605095340943	0.9882011292027425	0.9890155119803389	0.9898237115205534	0.9876336747880361	0.9869473419340644	0.9884801998998808	0.9847486547334271	0.9851040055943726	0.9903644112935298	0.988878938183941	0.9873071271704359	1.0	0.9914144940020332	0.9877700829813261	0.9906444962997084	0.9880174594819556	0.9881589838646508	0.9892280002002258
0.9910749331957129	0.9937778297992427	0.9918783974088837	0.9915873316903546	0.9903502984341237	0.9889691858725204	0.9887161944280661	0.9921186313788894	0.9915578645612572	0.991615546429372	0.9931240821485676	0.9906497333471281	0.9917573366702158	0.9922031105476449	0.9909240904020792	0.9896073885851656	0.9910592074074461	0.9860182799988803	0.9884766438606217	0.9935537894312103	0.9920392822814024	0.990903801085494	0.9914144940020332	1.0	0.9909156164788319	0.9940325744094689	0.9906293122921868	0.9914749513434127	0.9925184047689197
0.9888091137866349	0.9915612249764314	0.9905456333487862	0.9902230257441208	0.9888048935973681	0.9886784835438254	0.9883904139646451	0.9915831612983038	0.9911006252254647	0.9892623452481633	0.9909274448989993	0.9885514311704481	0.9902189382594355	0.9905132855990654	0.988375154019983	0.9880428125063981	0.9896189554953991	0.9824455780697815	0.988077543331265	0.9913789919914773	0.9971715510330436	0.9892508835118591	0.9877700829813261	0.9909156164788319	1.0	0.9913300587811399	0.9912703894131669	0.9937100316437745	0.9911811014529767
0.9911656978980831	0.994101877845971	0.9921284996334226	0.9917022629629404	0.9907650196172372	0.9892254760038826	0.9892460921597934	0.9925444350677839	0.991923045751663	0.9917924082054681	0.9933112272964125	0.9904192341501863	0.9918349014417956	0.9925585992858388	0.9906800295600615	0.9899393645313794	0.991177758215578	0.9852329543474039	0.9895821818310397	0.9937711874940154	0.9923054779745726	0.9905292889087954	0.9906444962997084	0.9940325744094689	0.9913300587811399	1.0	0.991397951652044	0.9918681621218421	0.9930401383589661
0.9893535034216984	0.9917943095675882	0.9906853625858051	0.9905083360937889	0.9891422083270157	0.9890396486032297	0.9915069518842505	0.9936274006160073	0.993670375861937	0.9898045207392533	0.9912964405316258	0.9891715929983813	0.9905889813644821	0.9903765763213322	0.9886221633046981	0.9891544350321204	0.9904116357076885	0.9827947085951083	0.9888833463449702	0.9913421130572053	0.9916840893826043	0.9890179948531459	0.9880174594819556	0.9906293122921868	0.9912703894131669	0.991397951652044	1.0	0.9920222470227315	0.9914541570823958
0.9897302902857208	0.9921067520039211	0.991050501119573	0.9910722236859837	0.9892936790482929	0.9900768580456	0.9887950883281723	0.9922183297827201	0.9915736574681739	0.989624299358333	0.9922242011503081	0.989685264043819	0.9909335654657301	0.9906907017064452	0.9891277674355349	0.9888459164703343	0.990560728902851	0.9835378441453783	0.9889453905010405	0.9914833798570514	0.9943879397357771	0.9893517493385333	0.9881589838646508	0.9914749513434127	0.9937100316437745	0.9918681621218421	0.9920222470227315	1.0	0.9921394927346221
0.990458742788918	0.9931335256871193	0.9921069846839642	0.9917724931567626	0.9900884509902511	0.9896961858118484	0.9885700053908958	0.9917899358312858	0.9914348791441788	0.9909413459033211	0.9929919965938271	0.9904565338403858	0.9913882295495573	0.9918380686848426	0.9899222946554916	0.9893939148593301	0.9909924987249469	0.984642022121457	0.9890841647390644	0.9925727751597578	0.9919916227500519	0.9901778559594875	0.9892280002002258	0.9925184047689197	0.9911811014529767	0.9930401383589661	0.9914541570823958	0.9921394927346221	1.0
