/home/jshaw/scratch/2022_sketched_distance/references/SGB_genome_fastas_part1_redo/1469/CM_cf__CF_TNFC057IS_t1M15__bin.1.fa	/home/jshaw/scratch/2022_sketched_distance/references/SGB_genome_fastas_part1_redo/1469/CM_cf__CF_TNFC057SA_t1M16__bin.2.fa	/home/jshaw/scratch/2022_sketched_distance/references/SGB_genome_fastas_part1_redo/1469/FerrettiP_2018__CA_C10019MS2313SA_t0M15__bin.8.fa	/home/jshaw/scratch/2022_sketched_distance/references/SGB_genome_fastas_part1_redo/1469/FerrettiP_2018__CA_C10032MS2543SA_t0M15__bin.2.fa	/home/jshaw/scratch/2022_sketched_distance/references/SGB_genome_fastas_part1_redo/1469/HMP_2012__SRS013164__bin.38.fa	/home/jshaw/scratch/2022_sketched_distance/references/SGB_genome_fastas_part1_redo/1469/HMP_2012__SRS013879__bin.23.fa	/home/jshaw/scratch/2022_sketched_distance/references/SGB_genome_fastas_part1_redo/1469/HMP_2012__SRS013947__bin.11.fa	/home/jshaw/scratch/2022_sketched_distance/references/SGB_genome_fastas_part1_redo/1469/HMP_2012__SRS013948__bin.22.fa	/home/jshaw/scratch/2022_sketched_distance/references/SGB_genome_fastas_part1_redo/1469/HMP_2012__SRS014888__bin.17.fa	/home/jshaw/scratch/2022_sketched_distance/references/SGB_genome_fastas_part1_redo/1469/HMP_2012__SRS015762__bin.43.fa	/home/jshaw/scratch/2022_sketched_distance/references/SGB_genome_fastas_part1_redo/1469/HMP_2012__SRS015797__bin.21.fa	/home/jshaw/scratch/2022_sketched_distance/references/SGB_genome_fastas_part1_redo/1469/HMP_2012__SRS016037__bin.16.fa	/home/jshaw/scratch/2022_sketched_distance/references/SGB_genome_fastas_part1_redo/1469/HMP_2012__SRS016225__bin.50.fa	/home/jshaw/scratch/2022_sketched_distance/references/SGB_genome_fastas_part1_redo/1469/HMP_2012__SRS017533__bin.4.fa	/home/jshaw/scratch/2022_sketched_distance/references/SGB_genome_fastas_part1_redo/1469/HMP_2012__SRS018145__bin.21.fa	/home/jshaw/scratch/2022_sketched_distance/references/SGB_genome_fastas_part1_redo/1469/HMP_2012__SRS018439__bin.21.fa	/home/jshaw/scratch/2022_sketched_distance/references/SGB_genome_fastas_part1_redo/1469/HMP_2012__SRS019122__bin.59.fa	/home/jshaw/scratch/2022_sketched_distance/references/SGB_genome_fastas_part1_redo/1469/HMP_2012__SRS019126__bin.30.fa	/home/jshaw/scratch/2022_sketched_distance/references/SGB_genome_fastas_part1_redo/1469/HMP_2012__SRS019127__bin.45.fa	/home/jshaw/scratch/2022_sketched_distance/references/SGB_genome_fastas_part1_redo/1469/HMP_2012__SRS019327__bin.57.fa	/home/jshaw/scratch/2022_sketched_distance/references/SGB_genome_fastas_part1_redo/1469/HMP_2012__SRS022621__bin.11.fa	/home/jshaw/scratch/2022_sketched_distance/references/SGB_genome_fastas_part1_redo/1469/HMP_2012__SRS023958__bin.14.fa	/home/jshaw/scratch/2022_sketched_distance/references/SGB_genome_fastas_part1_redo/1469/HMP_2012__SRS024441__bin.49.fa	/home/jshaw/scratch/2022_sketched_distance/references/SGB_genome_fastas_part1_redo/1469/HMP_2012__SRS044662__bin.6.fa	/home/jshaw/scratch/2022_sketched_distance/references/SGB_genome_fastas_part1_redo/1469/HMP_2012__SRS045127__bin.3.fa	/home/jshaw/scratch/2022_sketched_distance/references/SGB_genome_fastas_part1_redo/1469/HMP_2012__SRS049389__bin.46.fa	/home/jshaw/scratch/2022_sketched_distance/references/SGB_genome_fastas_part1_redo/1469/HMP_2012__SRS050669__bin.56.fa	/home/jshaw/scratch/2022_sketched_distance/references/SGB_genome_fastas_part1_redo/1469/HMP_2012__SRS052227__bin.2.fa	/home/jshaw/scratch/2022_sketched_distance/references/SGB_genome_fastas_part1_redo/1469/HMP_2012__SRS057205__bin.36.fa
1.0	0.9983901349568257	0.9771627276898804	0.9732085743159401	0.9747556194792023	0.9734046074441614	0.9751019825934513	0.9762483563192341	0.9763009745071385	0.9759438377888668	0.9740994669361903	0.9713837751479395	0.9743097415414774	0.9738393175612327	0.9750365760215466	0.972488929313392	0.9776231167298008	0.976445273406491	0.9782929331850669	0.976708124109268	0.970758038583076	0.9757597490185246	0.9769505138924851	0.9755746123978153	0.9710327336630447	0.9766998570857479	0.9739196699888204	0.9754985180208082	0.9738012122917362
0.9983901349568257	1.0	0.9750893559649073	0.9708582704752304	0.9722986466501293	0.9719124475040466	0.9723765295763405	0.9767437575430614	0.973753330711657	0.9764138849758283	0.9715371690413107	0.9683026288816284	0.9712607292018068	0.9719036295344818	0.9721707702936403	0.970490587544929	0.9753228896355509	0.9739835756437176	0.9757120687242712	0.9744826495977889	0.9672220112688209	0.9759127210055458	0.9747943015394038	0.975811555121646	0.9697789308257961	0.9772646993984612	0.9725612782863742	0.9736831216444173	0.9718144168477366
0.9771627276898804	0.9750893559649073	1.0	0.9733559136969546	0.9722066571103566	0.9708452150099505	0.97278664782376	0.9770078434464461	0.9730950093568859	0.9758623389341994	0.9725646327903673	0.9718446829154375	0.9732253668468327	0.9694610923961711	0.9738729116393474	0.968085468700095	0.9745998608846581	0.9754129979077021	0.9730066144753307	0.9758750896124412	0.9684442154162032	0.976261911232766	0.9714786183301717	0.9750481590619874	0.9702116670177132	0.9766173789232472	0.9745781243301426	0.9745077916990167	0.9735723312891723
0.9732085743159401	0.9708582704752304	0.9733559136969546	1.0	0.9727710621560475	0.9732217993584766	0.9729222091614126	0.9744154756794182	0.974568484031932	0.9740805451040898	0.9727805838959636	0.9731165275096625	0.9816749518971741	0.9734515605747491	0.972290397686731	0.9670500002520928	0.9739101997861841	0.975111942218636	0.9703791944740267	0.9738671240266071	0.9683297893162355	0.9751838072247382	0.9686080516476394	0.9867527863310499	0.9713909789300278	0.974304215518189	0.9746782505896823	0.9819800868859919	0.9733353630376889
0.9747556194792023	0.9722986466501293	0.9722066571103566	0.9727710621560475	1.0	0.9718646923627717	0.9748904721051195	0.9763215634314694	0.9747375189515922	0.9754303815035574	0.9735295621314555	0.975233371977573	0.9719506945642372	0.9728610954180311	0.9755871341284523	0.9673535958697194	0.9723810766452432	0.9756121640640955	0.9712880364992895	0.9756797837651607	0.9675172402595024	0.9765121103962683	0.969545942679838	0.9746350757454801	0.9699671041827128	0.9751145906212213	0.9716413024452936	0.9726000701597564	0.9751145906212213
0.9734046074441614	0.9719124475040466	0.9708452150099505	0.9732217993584766	0.9718646923627717	1.0	0.9727136990599523	0.9765719101476162	0.9748311514867762	0.9736316786498518	0.994826957528607	0.9758614027761451	0.97299183098723	0.9707054033991941	0.9757343924431324	0.9647872193110166	0.9708857263083707	0.975212604216519	0.9694339373248276	0.9724559964433227	0.9654541994827376	0.9761976924758091	0.9679042241051459	0.9744362291074303	0.9680658741163414	0.974743804882446	0.9754195226443884	0.971576673537757	0.9747000433684808
0.9751019825934513	0.9723765295763405	0.97278664782376	0.9729222091614126	0.9748904721051195	0.9727136990599523	1.0	0.9992393562943828	0.9739431106183088	0.9756869937663203	0.9733255263847278	0.9737678538575407	0.9732363326912298	0.9711272263495576	0.9748054809482479	0.9663997332485359	0.9777118303197028	0.9961664702566281	0.98908707917201	0.9760046450675338	0.9687850802528385	0.9775383140054701	0.9677504188908256	0.9750175435072389	0.970293181883303	0.9766258125149139	0.9734039203990431	0.97278664782376	0.9746348287759613
0.9762483563192341	0.9767437575430614	0.9770078434464461	0.9744154756794182	0.9763215634314694	0.9765719101476162	0.9992393562943828	1.0	0.977406751528289	0.9760198159868518	0.9754444575789075	0.974649298393414	0.9753032379861147	0.9759381845816583	0.9749633475562057	0.9744473061111204	0.9829399268434603	0.9993789073258721	0.9966330768613576	0.9795537169090796	0.9729173883281005	0.976866827544107	0.975681624124695	0.9753951830690976	0.9719936785942324	0.976143973004307	0.9768064405242988	0.975922753546451	0.9759631680963664
0.9763009745071385	0.973753330711657	0.9730950093568859	0.974568484031932	0.9747375189515922	0.9748311514867762	0.9739431106183088	0.977406751528289	1.0	0.9758967704974549	0.9756518152540025	0.9747375189515922	0.9727383645087128	0.9728114013229964	0.9758153235508421	0.9666395829196232	0.973959950011107	0.9761048080047898	0.9721959318491521	0.9765813445868508	0.9673994728214751	0.9784762267097392	0.9688872159005206	0.9758560725156259	0.9705119092642892	0.9765012091885328	0.9734039203990431	0.9750312304657921	0.9758560725156259
0.9759438377888668	0.9764138849758283	0.9758623389341994	0.9740805451040898	0.9754303815035574	0.9736316786498518	0.9756869937663203	0.9760198159868518	0.9758967704974549	1.0	0.9749760857222807	0.9734677663310102	0.9756401852411629	0.9934056784807319	0.9746687722955802	0.9743330772453727	0.9789717675558866	0.9765901038710161	0.9785713237573864	0.9764540693787617	0.9711805959583418	0.9762994755777523	0.9762101134373159	0.9754258356337602	0.9709576198979306	0.9753948555158506	0.9764770394596658	0.9762132472304663	0.9978647298073515
0.9740994669361903	0.9715371690413107	0.9725646327903673	0.9727805838959636	0.9735295621314555	0.994826957528607	0.9733255263847278	0.9754444575789075	0.9756518152540025	0.9749760857222807	1.0	0.9738968917921754	0.972569576944883	0.9722596792747729	0.9738968917921754	0.9691334402811153	0.973103646371553	0.975512733471475	0.9696008616523765	0.9756144203207923	0.9682724237912829	0.975172061448267	0.9689445616248149	0.9741801444251308	0.9686591562380803	0.9746997189890952	0.9732997795183564	0.9728646036890555	0.973978073589628
0.9713837751479395	0.9683026288816284	0.9718446829154375	0.9731165275096625	0.975233371977573	0.9758614027761451	0.9737678538575407	0.974649298393414	0.9747375189515922	0.9734677663310102	0.9738968917921754	1.0	0.9720606839006863	0.9737911005236254	0.9729985976767911	0.9637317896679951	0.9732055688120193	0.9758594186579592	0.9691059135143778	0.9750201600013049	0.970167862045943	0.9738152438904427	0.9681791409838372	0.9738152438904427	0.970629981528487	0.9724024283510003	0.9746282260333288	0.970883201737806	0.9732178481675
0.9743097415414774	0.9712607292018068	0.9732253668468327	0.9816749518971741	0.9719506945642372	0.97299183098723	0.9732363326912298	0.9753032379861147	0.9727383645087128	0.9756401852411629	0.972569576944883	0.9720606839006863	1.0	0.97195473395369	0.9717682573220412	0.9678944010569384	0.9740592223339536	0.9749603622672295	0.9702898902358525	0.9747525162905523	0.9685582373493665	0.9761941208988766	0.9691246543611799	0.9831576578995208	0.9709179026722652	0.9747337799005212	0.9745279452378233	0.9865285662722825	0.972350494930396
0.9738393175612327	0.9719036295344818	0.9694610923961711	0.9734515605747491	0.9728610954180311	0.9707054033991941	0.9711272263495576	0.9759381845816583	0.9728114013229964	0.9934056784807319	0.9722596792747729	0.9737911005236254	0.97195473395369	1.0	0.9740793343329144	0.9697903401585668	0.9689137907321285	0.9699305514934147	0.9703317427785068	0.9655705886549731	0.9617382925265751	0.9774818619502322	0.9653490254973655	0.9742700784112728	0.9685663334994473	0.9752073514401217	0.9705811885403194	0.9722090539225123	0.9947061939410778
0.9750365760215466	0.9721707702936403	0.9738729116393474	0.972290397686731	0.9755871341284523	0.9757343924431324	0.9748054809482479	0.9749633475562057	0.9758153235508421	0.9746687722955802	0.9738968917921754	0.9729985976767911	0.9717682573220412	0.9740793343329144	1.0	0.967335365934257	0.977130826847128	0.9761536645543484	0.971945911802911	0.9756797837651607	0.9705446726199566	0.9757241407515116	0.9696789558778394	0.9742593200177886	0.9711150665634399	0.9759026883203709	0.9750756984569154	0.972290397686731	0.9742604703945662
0.972488929313392	0.970490587544929	0.968085468700095	0.9670500002520928	0.9673535958697194	0.9647872193110166	0.9663997332485359	0.9744473061111204	0.9666395829196232	0.9743330772453727	0.9691334402811153	0.9637317896679951	0.9678944010569384	0.9697903401585668	0.967335365934257	1.0	0.9683275478862139	0.9654318020718133	0.9707339662751253	0.964848566935755	0.9623652618746779	0.973286519208806	0.9687497648459138	0.9735220213447092	0.9701885742634855	0.973286519208806	0.9628649098653124	0.9726098256499895	0.9666655397917866
0.9776231167298008	0.9753228896355509	0.9745998608846581	0.9739101997861841	0.9723810766452432	0.9708857263083707	0.9777118303197028	0.9829399268434603	0.973959950011107	0.9789717675558866	0.973103646371553	0.9732055688120193	0.9740592223339536	0.9689137907321285	0.977130826847128	0.9683275478862139	1.0	0.9764936218648451	0.982522052618931	0.9729569042009304	0.9677906685472258	0.9789291219766839	0.9709948576192902	0.9773107032290368	0.973458982739489	0.9782391004467199	0.9685324478215223	0.9759367651750953	0.9764012178680542
0.976445273406491	0.9739835756437176	0.9754129979077021	0.975111942218636	0.9756121640640955	0.975212604216519	0.9961664702566281	0.9993789073258721	0.9761048080047898	0.9765901038710161	0.975512733471475	0.9758594186579592	0.9749603622672295	0.9699305514934147	0.9761536645543484	0.9654318020718133	0.9764936218648451	1.0	0.991282431878025	0.973936094813773	0.9690917201530669	0.9789585386841991	0.9686639933066711	0.9766382378497069	0.9721587216569446	0.9783253264683619	0.9723239334001487	0.9742952196982153	0.977351837412311
0.9782929331850669	0.9757120687242712	0.9730066144753307	0.9703791944740267	0.9712880364992895	0.9694339373248276	0.98908707917201	0.9966330768613576	0.9721959318491521	0.9785713237573864	0.9696008616523765	0.9691059135143778	0.9702898902358525	0.9703317427785068	0.971945911802911	0.9707339662751253	0.982522052618931	0.991282431878025	1.0	0.9754832979727995	0.9679840566177654	0.9795946309456166	0.9722741047169992	0.9773713876025159	0.9729086000667091	0.9784672055622479	0.9709197273032987	0.97616289056107	0.9717755290697236
0.976708124109268	0.9744826495977889	0.9758750896124412	0.9738671240266071	0.9756797837651607	0.9724559964433227	0.9760046450675338	0.9795537169090796	0.9765813445868508	0.9764540693787617	0.9756144203207923	0.9750201600013049	0.9747525162905523	0.9655705886549731	0.9756797837651607	0.964848566935755	0.9729569042009304	0.973936094813773	0.9754832979727995	1.0	0.969036490222769	0.9777049752117088	0.9711312284958334	0.9754175379854307	0.9731692328422449	0.9790276914382956	0.9708293279011576	0.9756797837651607	0.9750201600013049
0.970758038583076	0.9672220112688209	0.9684442154162032	0.9683297893162355	0.9675172402595024	0.9654541994827376	0.9687850802528385	0.9729173883281005	0.9673994728214751	0.9711805959583418	0.9682724237912829	0.970167862045943	0.9685582373493665	0.9617382925265751	0.9705446726199566	0.9623652618746779	0.9677906685472258	0.9690917201530669	0.9679840566177654	0.969036490222769	1.0	0.9725170259717775	0.9631826043558382	0.971958326900584	0.9759087113905565	0.9735576173246792	0.9650919778247311	0.9690664113061206	0.9687285187544474
0.9757597490185246	0.9759127210055458	0.976261911232766	0.9751838072247382	0.9765121103962683	0.9761976924758091	0.9775383140054701	0.976866827544107	0.9784762267097392	0.9762994755777523	0.975172061448267	0.9738152438904427	0.9761941208988766	0.9774818619502322	0.9757241407515116	0.973286519208806	0.9789291219766839	0.9789585386841991	0.9795946309456166	0.9777049752117088	0.9725170259717775	1.0	0.9765082975154364	0.9764511983749297	0.9729976306637009	0.9755762235993755	0.9762396952238093	0.9762132472304663	0.9772361983141454
0.9769505138924851	0.9747943015394038	0.9714786183301717	0.9686080516476394	0.969545942679838	0.9679042241051459	0.9677504188908256	0.975681624124695	0.9688872159005206	0.9762101134373159	0.9689445616248149	0.9681791409838372	0.9691246543611799	0.9653490254973655	0.9696789558778394	0.9687497648459138	0.9709948576192902	0.9686639933066711	0.9722741047169992	0.9711312284958334	0.9631826043558382	0.9765082975154364	1.0	0.9751444048648147	0.968655358521216	0.975871357435117	0.9674884088285293	0.9742818422335795	0.9688438959732062
0.9755746123978153	0.975811555121646	0.9750481590619874	0.9867527863310499	0.9746350757454801	0.9744362291074303	0.9750175435072389	0.9753951830690976	0.9758560725156259	0.9754258356337602	0.9741801444251308	0.9738152438904427	0.9831576578995208	0.9742700784112728	0.9742593200177886	0.9735220213447092	0.9773107032290368	0.9766382378497069	0.9773713876025159	0.9754175379854307	0.971958326900584	0.9764511983749297	0.9751444048648147	1.0	0.9735576642824295	0.9756395982998461	0.9737658038113212	0.9850297152470804	0.9745254017764055
0.9710327336630447	0.9697789308257961	0.9702116670177132	0.9713909789300278	0.9699671041827128	0.9680658741163414	0.970293181883303	0.9719936785942324	0.9705119092642892	0.9709576198979306	0.9686591562380803	0.970629981528487	0.9709179026722652	0.9685663334994473	0.9711150665634399	0.9701885742634855	0.973458982739489	0.9721587216569446	0.9729086000667091	0.9731692328422449	0.9759087113905565	0.9729976306637009	0.968655358521216	0.9735576642824295	1.0	0.9720300746770459	0.9679839318539283	0.9714454962944105	0.9681749532578316
0.9766998570857479	0.9772646993984612	0.9766173789232472	0.974304215518189	0.9751145906212213	0.974743804882446	0.9766258125149139	0.976143973004307	0.9765012091885328	0.9753948555158506	0.9746997189890952	0.9724024283510003	0.9747337799005212	0.9752073514401217	0.9759026883203709	0.973286519208806	0.9782391004467199	0.9783253264683619	0.9784672055622479	0.9790276914382956	0.9735576173246792	0.9755762235993755	0.975871357435117	0.9756395982998461	0.9720300746770459	1.0	0.9752726144723646	0.9755641463087004	0.9742984503021305
0.9739196699888204	0.9725612782863742	0.9745781243301426	0.9746782505896823	0.9716413024452936	0.9754195226443884	0.9734039203990431	0.9768064405242988	0.9734039203990431	0.9764770394596658	0.9732997795183564	0.9746282260333288	0.9745279452378233	0.9705811885403194	0.9750756984569154	0.9628649098653124	0.9685324478215223	0.9723239334001487	0.9709197273032987	0.9708293279011576	0.9650919778247311	0.9762396952238093	0.9674884088285293	0.9737658038113212	0.9679839318539283	0.9752726144723646	1.0	0.9706378582112037	0.9771325424910671
0.9754985180208082	0.9736831216444173	0.9745077916990167	0.9819800868859919	0.9726000701597564	0.971576673537757	0.97278664782376	0.975922753546451	0.9750312304657921	0.9762132472304663	0.9728646036890555	0.970883201737806	0.9865285662722825	0.9722090539225123	0.972290397686731	0.9726098256499895	0.9759367651750953	0.9742952196982153	0.97616289056107	0.9756797837651607	0.9690664113061206	0.9762132472304663	0.9742818422335795	0.9850297152470804	0.9714454962944105	0.9755641463087004	0.9706378582112037	1.0	0.9724233422428691
0.9738012122917362	0.9718144168477366	0.9735723312891723	0.9733353630376889	0.9751145906212213	0.9747000433684808	0.9746348287759613	0.9759631680963664	0.9758560725156259	0.9978647298073515	0.973978073589628	0.9732178481675	0.972350494930396	0.9947061939410778	0.9742604703945662	0.9666655397917866	0.9764012178680542	0.977351837412311	0.9717755290697236	0.9750201600013049	0.9687285187544474	0.9772361983141454	0.9688438959732062	0.9745254017764055	0.9681749532578316	0.9742984503021305	0.9771325424910671	0.9724233422428691	1.0
