/home/jshaw/scratch/2022_sketched_distance/references/SGB_genome_fastas_part4/6039/CosteaPI_2017__donald4-11-30-0__bin.24.fa	/home/jshaw/scratch/2022_sketched_distance/references/SGB_genome_fastas_part4/6039/CosteaPI_2017__donald4-11-7-0__bin.5.fa	/home/jshaw/scratch/2022_sketched_distance/references/SGB_genome_fastas_part4/6039/CosteaPI_2017__donald5-11-0-0__bin.9.fa	/home/jshaw/scratch/2022_sketched_distance/references/SGB_genome_fastas_part4/6039/FengQ_2015__SID531403__bin.8.fa	/home/jshaw/scratch/2022_sketched_distance/references/SGB_genome_fastas_part4/6039/HeQ_2017__SZAXPI029471-33__bin.12.fa	/home/jshaw/scratch/2022_sketched_distance/references/SGB_genome_fastas_part4/6039/HeQ_2017__SZAXPI029473-40__bin.22.fa	/home/jshaw/scratch/2022_sketched_distance/references/SGB_genome_fastas_part4/6039/HeQ_2017__SZAXPI029483-78__bin.27.fa	/home/jshaw/scratch/2022_sketched_distance/references/SGB_genome_fastas_part4/6039/HeQ_2017__SZAXPI029495-96__bin.3.fa	/home/jshaw/scratch/2022_sketched_distance/references/SGB_genome_fastas_part4/6039/HeQ_2017__SZAXPI029496-97__bin.11.fa	/home/jshaw/scratch/2022_sketched_distance/references/SGB_genome_fastas_part4/6039/HeQ_2017__SZAXPI029541-107__bin.12.fa	/home/jshaw/scratch/2022_sketched_distance/references/SGB_genome_fastas_part4/6039/HeQ_2017__SZAXPI029546-133__bin.22.fa	/home/jshaw/scratch/2022_sketched_distance/references/SGB_genome_fastas_part4/6039/HeQ_2017__SZAXPI029574-89__bin.17.fa	/home/jshaw/scratch/2022_sketched_distance/references/SGB_genome_fastas_part4/6039/LiJ_2014__O2.UC26-1__bin.16.fa	/home/jshaw/scratch/2022_sketched_distance/references/SGB_genome_fastas_part4/6039/LiJ_2014__V1.FI18__bin.6.fa	/home/jshaw/scratch/2022_sketched_distance/references/SGB_genome_fastas_part4/6039/LiJ_2017__H3M518116__bin.17.fa	/home/jshaw/scratch/2022_sketched_distance/references/SGB_genome_fastas_part4/6039/LoombaR_2017__SID1052_baz__bin.25.fa	/home/jshaw/scratch/2022_sketched_distance/references/SGB_genome_fastas_part4/6039/NielsenHB_2014__O2_UC26_0__bin.16.fa	/home/jshaw/scratch/2022_sketched_distance/references/SGB_genome_fastas_part4/6039/NielsenHB_2014__O2_UC26_2__bin.20.fa	/home/jshaw/scratch/2022_sketched_distance/references/SGB_genome_fastas_part4/6039/QinJ_2012__DLF008__bin.8.fa	/home/jshaw/scratch/2022_sketched_distance/references/SGB_genome_fastas_part4/6039/QinJ_2012__DOF006__bin.1.fa	/home/jshaw/scratch/2022_sketched_distance/references/SGB_genome_fastas_part4/6039/QinJ_2012__T2D-020__bin.28.fa	/home/jshaw/scratch/2022_sketched_distance/references/SGB_genome_fastas_part4/6039/QinN_2014__HD-10__bin.29.fa	/home/jshaw/scratch/2022_sketched_distance/references/SGB_genome_fastas_part4/6039/QinN_2014__LD-51__bin.51.fa	/home/jshaw/scratch/2022_sketched_distance/references/SGB_genome_fastas_part4/6039/QinN_2014__LD-69__bin.31.fa	/home/jshaw/scratch/2022_sketched_distance/references/SGB_genome_fastas_part4/6039/QinN_2014__LD-89__bin.13.fa	/home/jshaw/scratch/2022_sketched_distance/references/SGB_genome_fastas_part4/6039/QinN_2014__LD-94__bin.44.fa	/home/jshaw/scratch/2022_sketched_distance/references/SGB_genome_fastas_part4/6039/YuJ_2015__SZAXPI003428-6__bin.14.fa	/home/jshaw/scratch/2022_sketched_distance/references/SGB_genome_fastas_part4/6039/YuJ_2015__SZAXPI015232-18__bin.37.fa	/home/jshaw/scratch/2022_sketched_distance/references/SGB_genome_fastas_part4/6039/ZellerG_2014__CCIS29210128ST-4-0__bin.40.fa
1.0	0.9998941024772384	0.9875429954597456	0.9815999642026524	0.9874410457250156	0.9888324119164601	0.9836338137071847	0.9867068795622704	0.9884750742186199	0.9880683818223699	0.9814438181428611	0.9867857656658914	0.9869586520252946	0.9870994318263183	0.987886005176142	0.983958665660477	0.9864213125092738	0.9885727526066208	0.9915597670604847	0.9880835343864788	0.9852822133942255	0.9884278416875028	0.9853195445237198	0.9900461653531005	0.9843140313315837	0.9853363805161853	0.9884451204262916	0.9881635616514867	0.9815772624135967
0.9998941024772384	1.0	0.9990289420253301	0.9873263337366054	0.9865592692421028	0.9886343276805172	0.9887058094809004	0.9865171091839819	0.9880240264432264	0.9903022370993746	0.9876229074671505	0.988709982734542	0.9880294467306361	0.9881374571043887	0.9878806328604239	0.9897941847062972	0.9886199566992129	0.9888915240146704	0.9914449767141581	0.9889338159913204	0.9863752483431777	0.9924601472138987	0.9882445059302787	0.9902947345615739	0.9879544323658255	0.989056857298731	0.9906764582179266	0.9882537390761965	0.9869980058127514
0.9875429954597456	0.9990289420253301	1.0	0.9897624654294773	0.9851188771904735	0.989685718797327	0.9793420619601679	0.9876657632638665	0.9827395775587	0.9913342494734163	0.984224068899801	0.9900676791653675	0.9877065843383956	0.9895316878044831	0.9887110058130194	0.9684422706917605	0.9875839689528771	0.9608235964947891	0.993525899012928	0.9896087932058496	0.9700163176265453	0.9900676791653675	0.9879909235357366	0.9436801196007261	0.9871304304821565	0.9860329006267352	0.9901056331558435	0.9129138921951878	0.9833973291114968
0.9815999642026524	0.9873263337366054	0.9897624654294773	1.0	0.9897852685652566	0.9932855077063313	0.9809106263766372	0.9858913081221712	0.9898247360531233	0.9885787319111606	0.9817851392443357	0.9863985326585861	0.98691959822904	0.9916470870407581	0.9859800852273806	0.9823220616945867	0.9867684716316151	0.9739887403083108	0.9865513647927243	0.9892678473347496	0.9855786857725473	0.9828426550122807	0.986420409359588	0.9703349548159851	0.9852177219109679	0.9900801304261871	0.985058544085725	0.9642002893350985	0.9783991628564654
0.9874410457250156	0.9865592692421028	0.9851188771904735	0.9897852685652566	1.0	0.9916122854554187	0.9876556553885021	0.986016348659107	0.9917122322498385	0.9890135702025115	0.9843376868661284	0.9877756349200386	0.9878897897803667	0.9913925540635591	0.9853191191201646	0.9891188575001516	0.9885204578306684	0.9897954754133408	0.9856676727043288	0.9903352464193405	0.991007742846427	0.9875918794002437	0.9892376499095549	0.9922186839766327	0.9892843481624489	0.9920461886715702	0.987448985118996	0.9848607239591377	0.9846958107790253
0.9888324119164601	0.9886343276805172	0.989685718797327	0.9932855077063313	0.9916122854554187	1.0	0.989723531434274	0.9876287172266792	0.9991083205082204	0.9905433636962666	0.9864659130398943	0.9892498960495327	0.9894878556559761	0.9927745348808537	0.9871625229314296	0.9908010221198985	0.9901453173139876	0.9903228158212892	0.9877645860136443	0.991442616390558	0.9945852502516404	0.9893062157766809	0.9900476935718878	0.9919480083704882	0.9905486091418072	0.996018559920729	0.9893178787322103	0.9852379479507997	0.9865828006040198
0.9836338137071847	0.9887058094809004	0.9793420619601679	0.9809106263766372	0.9876556553885021	0.989723531434274	1.0	0.9963209012375454	0.9864656952158101	0.988159906292574	0.9756575302643617	0.991691886676745	0.9959275910666988	0.9896518694296002	0.987502861832415	0.9823220616945867	0.9955495802723286	0.9842031438581539	0.9896040081284465	0.9892912052946058	0.9815288540112473	0.9856117459763706	0.9891215359393671	0.9737510440039152	0.9870142822450036	0.9858541703058576	0.9904083567001122	0.9724016012826726	0.9754549479287637
0.9867068795622704	0.9865171091839819	0.9876657632638665	0.9858913081221712	0.986016348659107	0.9876287172266792	0.9963209012375454	1.0	0.9869421602884424	0.9880633026920834	0.9875970588762379	0.9912736874859459	0.995337926407531	0.988095708927524	0.9849327570971821	0.9954873074035924	0.9959472133576056	0.9956569422810674	0.9878676880593564	0.9883341306419542	0.9857761321271424	0.9887499652783712	0.9893955309698849	0.9890327270756102	0.9877862695194524	0.9885504171512267	0.9904091794201735	0.9851588917056279	0.9843746337083482
0.9884750742186199	0.9880240264432264	0.9827395775587	0.9898247360531233	0.9917122322498385	0.9991083205082204	0.9864656952158101	0.9869421602884424	1.0	0.9884921870988853	0.9827583038550194	0.9869320663907972	0.9877103473869638	0.9907857064622184	0.9871613971873952	0.9865315086146372	0.9877863221389421	0.9901705830858826	0.9871759611716145	0.9899932380737098	0.9943340403287046	0.9869549076129236	0.9878867126446943	0.9917845330363152	0.9882428881816133	0.9941822306537221	0.9869162563400881	0.9853168143468756	0.9830833565344482
0.9880683818223699	0.9903022370993746	0.9913342494734163	0.9885787319111606	0.9890135702025115	0.9905433636962666	0.988159906292574	0.9880633026920834	0.9884921870988853	1.0	0.9859262431700736	0.9880920693670872	0.9882784428539003	0.9899508037248621	0.9875995851156024	0.9900292726607904	0.9879894844493127	0.9875608225546335	0.9905700471567807	0.9896915993088904	0.9873709018935102	0.9897445575600162	0.9877364771467048	0.9880279787676215	0.9884087415970653	0.9896672263477606	0.9884892577745211	0.9845194939195034	0.9855452181784491
0.9814438181428611	0.9876229074671505	0.984224068899801	0.9817851392443357	0.9843376868661284	0.9864659130398943	0.9756575302643617	0.9875970588762379	0.9827583038550194	0.9859262431700736	1.0	0.9871282790767727	0.9864659130398943	0.9863855251626901	0.9865461048701458	0.9757870321622841	0.9860348882788532	0.9737002133186049	0.9883132580017728	0.9865461048701458	0.9756947548978558	0.9853775630856941	0.9855155945629467	0.9674350301446982	0.9851554990124365	0.983964359643462	0.9868649310081721	0.9641525645139295	0.9776091078466939
0.9867857656658914	0.988709982734542	0.9900676791653675	0.9863985326585861	0.9877756349200386	0.9892498960495327	0.991691886676745	0.9912736874859459	0.9869320663907972	0.9880920693670872	0.9871282790767727	1.0	0.9910664048981701	0.9887239377098207	0.9872691765452872	0.9919995005224478	0.9908425643015661	0.9906920114924834	0.9905028003450428	0.9887936240922104	0.9853484998965226	0.9899151821841324	0.989309507744276	0.9892103732630779	0.987400856441514	0.9889269061460153	0.9911521756317769	0.985297115495522	0.984965142622192
0.9869586520252946	0.9880294467306361	0.9877065843383956	0.98691959822904	0.9878897897803667	0.9894878556559761	0.9959275910666988	0.995337926407531	0.9877103473869638	0.9882784428539003	0.9864659130398943	0.9910664048981701	1.0	0.9885932287082213	0.9859440100402898	0.9959475802106111	0.9995234097461912	0.9997976956037893	0.988541089141952	0.9885273649321978	0.9860203347756096	0.9892273236938184	0.9891367851358536	0.989911540876916	0.9876326453291783	0.9888780420877444	0.9904895904864662	0.9847406944784065	0.984720387010334
0.9870994318263183	0.9881374571043887	0.9895316878044831	0.9916470870407581	0.9913925540635591	0.9927745348808537	0.9896518694296002	0.988095708927524	0.9907857064622184	0.9899508037248621	0.9863855251626901	0.9887239377098207	0.9885932287082213	1.0	0.9867019803895605	0.9908772141754839	0.9892803528803651	0.9890672961481976	0.9880120534836299	0.9906148329849979	0.9895978508448009	0.9880207071375606	0.9893382070922692	0.9906358462669743	0.9898650238037241	0.99258961966501	0.9882322537464204	0.9831810461217947	0.9857363223658414
0.987886005176142	0.9878806328604239	0.9887110058130194	0.9859800852273806	0.9853191191201646	0.9871625229314296	0.987502861832415	0.9849327570971821	0.9871613971873952	0.9875995851156024	0.9865461048701458	0.9872691765452872	0.9859440100402898	0.9867019803895605	1.0	0.9891188575001516	0.9865705106889935	0.9864978481601192	0.9876836155374246	0.9872434564578612	0.9857270730706841	0.9888140138806176	0.9871898806060551	0.9885140828749512	0.9869323229827446	0.988910626173547	0.98761005818129	0.9849006364575007	0.994836322982849
0.983958665660477	0.9897941847062972	0.9684422706917605	0.9823220616945867	0.9891188575001516	0.9908010221198985	0.9823220616945867	0.9954873074035924	0.9865315086146372	0.9900292726607904	0.9757870321622841	0.9919995005224478	0.9959475802106111	0.9908772141754839	0.9891188575001516	1.0	0.9952213994262	0.9838175016387734	0.9903787941875999	0.9899119380439677	0.9813197109904569	0.9867478730554676	0.9891589677591791	0.9740531821589712	0.9897154483539153	0.9878088534516836	0.9907628600762322	0.9691899649969761	0.9785045310245382
0.9864213125092738	0.9886199566992129	0.9875839689528771	0.9867684716316151	0.9885204578306684	0.9901453173139876	0.9955495802723286	0.9959472133576056	0.9877863221389421	0.9879894844493127	0.9860348882788532	0.9908425643015661	0.9995234097461912	0.9892803528803651	0.9865705106889935	0.9952213994262	1.0	0.9992993712343968	0.9892107234694107	0.9890850187928429	0.985480672923774	0.9888300066030388	0.9888177575537989	0.9891709789659205	0.987104894190435	0.9883688252881297	0.990077491683164	0.9841746784995631	0.9844242506257996
0.9885727526066208	0.9888915240146704	0.9608235964947891	0.9739887403083108	0.9897954754133408	0.9903228158212892	0.9842031438581539	0.9956569422810674	0.9901705830858826	0.9875608225546335	0.9737002133186049	0.9906920114924834	0.9997976956037893	0.9890672961481976	0.9864978481601192	0.9838175016387734	0.9992993712343968	1.0	0.9892769931487233	0.9892246937911707	0.9887856090809058	0.9843641442515314	0.9873952506131383	0.9891512641532606	0.9849653617870168	0.9833369636001488	0.9904070871876973	0.9842764715077889	0.9729977661950286
0.9915597670604847	0.9914449767141581	0.993525899012928	0.9865513647927243	0.9856676727043288	0.9877645860136443	0.9896040081284465	0.9878676880593564	0.9871759611716145	0.9905700471567807	0.9883132580017728	0.9905028003450428	0.988541089141952	0.9880120534836299	0.9876836155374246	0.9903787941875999	0.9892107234694107	0.9892769931487233	1.0	0.9891357855303426	0.9858251180472131	0.9972653432491893	0.9897798829752656	0.9912707105602095	0.988076195500363	0.9888780420877444	0.9935676208783231	0.9951673169505862	0.9867448926689038
0.9880835343864788	0.9889338159913204	0.9896087932058496	0.9892678473347496	0.9903352464193405	0.991442616390558	0.9892912052946058	0.9883341306419542	0.9899932380737098	0.9896915993088904	0.9865461048701458	0.9887936240922104	0.9885273649321978	0.9906148329849979	0.9872434564578612	0.9899119380439677	0.9890850187928429	0.9892246937911707	0.9891357855303426	1.0	0.9890994061603745	0.9890689709882401	0.9892376499095549	0.9908238410862332	0.995742487427799	0.9912821872656803	0.9888569823379079	0.9852774048220195	0.9859499943370703
0.9852822133942255	0.9863752483431777	0.9700163176265453	0.9855786857725473	0.991007742846427	0.9945852502516404	0.9815288540112473	0.9857761321271424	0.9943340403287046	0.9873709018935102	0.9756947548978558	0.9853484998965226	0.9860203347756096	0.9895978508448009	0.9857270730706841	0.9813197109904569	0.985480672923774	0.9887856090809058	0.9858251180472131	0.9890994061603745	1.0	0.9823666735194677	0.985065853566	0.9917845330363152	0.9849152264759401	0.9914032046157932	0.9850157212769819	0.9847406944784065	0.97824980690193
0.9884278416875028	0.9924601472138987	0.9900676791653675	0.9828426550122807	0.9875918794002437	0.9893062157766809	0.9856117459763706	0.9887499652783712	0.9869549076129236	0.9897445575600162	0.9853775630856941	0.9899151821841324	0.9892273236938184	0.9880207071375606	0.9888140138806176	0.9867478730554676	0.9888300066030388	0.9843641442515314	0.9972653432491893	0.9890689709882401	0.9823666735194677	1.0	0.988363037348437	0.9866316766287208	0.9859931412340863	0.9847133214528503	0.9915304449010849	0.988199662251255	0.9838994922917094
0.9853195445237198	0.9882445059302787	0.9879909235357366	0.986420409359588	0.9892376499095549	0.9900476935718878	0.9891215359393671	0.9893955309698849	0.9878867126446943	0.9877364771467048	0.9855155945629467	0.989309507744276	0.9891367851358536	0.9893382070922692	0.9871898806060551	0.9891589677591791	0.9888177575537989	0.9873952506131383	0.9897798829752656	0.9892376499095549	0.985065853566	0.988363037348437	1.0	0.9925583901130925	0.9867904519164201	0.9888780420877444	0.9883481343869709	0.9839496157836629	0.98400009559592
0.9900461653531005	0.9902947345615739	0.9436801196007261	0.9703349548159851	0.9922186839766327	0.9919480083704882	0.9737510440039152	0.9890327270756102	0.9917845330363152	0.9880279787676215	0.9674350301446982	0.9892103732630779	0.989911540876916	0.9906358462669743	0.9885140828749512	0.9740531821589712	0.9891709789659205	0.9891512641532606	0.9912707105602095	0.9908238410862332	0.9917845330363152	0.9866316766287208	0.9925583901130925	1.0	0.9863537504482509	0.9852179318609281	0.9893282745559465	0.9891117991281201	0.9698208722999623
0.9843140313315837	0.9879544323658255	0.9871304304821565	0.9852177219109679	0.9892843481624489	0.9905486091418072	0.9870142822450036	0.9877862695194524	0.9882428881816133	0.9884087415970653	0.9851554990124365	0.987400856441514	0.9876326453291783	0.9898650238037241	0.9869323229827446	0.9897154483539153	0.987104894190435	0.9849653617870168	0.988076195500363	0.995742487427799	0.9849152264759401	0.9859931412340863	0.9867904519164201	0.9863537504482509	1.0	0.9893795118549182	0.9868062456179588	0.9805792732325158	0.9843497970861592
0.9853363805161853	0.989056857298731	0.9860329006267352	0.9900801304261871	0.9920461886715702	0.996018559920729	0.9858541703058576	0.9885504171512267	0.9941822306537221	0.9896672263477606	0.983964359643462	0.9889269061460153	0.9888780420877444	0.99258961966501	0.988910626173547	0.9878088534516836	0.9883688252881297	0.9833369636001488	0.9888780420877444	0.9912821872656803	0.9914032046157932	0.9847133214528503	0.9888780420877444	0.9852179318609281	0.9893795118549182	1.0	0.9880861995971073	0.9780979139781981	0.9831349646804541
0.9884451204262916	0.9906764582179266	0.9901056331558435	0.985058544085725	0.987448985118996	0.9893178787322103	0.9904083567001122	0.9904091794201735	0.9869162563400881	0.9884892577745211	0.9868649310081721	0.9911521756317769	0.9904895904864662	0.9882322537464204	0.98761005818129	0.9907628600762322	0.990077491683164	0.9904070871876973	0.9935676208783231	0.9888569823379079	0.9850157212769819	0.9915304449010849	0.9883481343869709	0.9893282745559465	0.9868062456179588	0.9880861995971073	1.0	0.9883616271418384	0.9851838734071451
0.9881635616514867	0.9882537390761965	0.9129138921951878	0.9642002893350985	0.9848607239591377	0.9852379479507997	0.9724016012826726	0.9851588917056279	0.9853168143468756	0.9845194939195034	0.9641525645139295	0.985297115495522	0.9847406944784065	0.9831810461217947	0.9849006364575007	0.9691899649969761	0.9841746784995631	0.9842764715077889	0.9951673169505862	0.9852774048220195	0.9847406944784065	0.988199662251255	0.9839496157836629	0.9891117991281201	0.9805792732325158	0.9780979139781981	0.9883616271418384	1.0	0.9671939345066104
0.9815772624135967	0.9869980058127514	0.9833973291114968	0.9783991628564654	0.9846958107790253	0.9865828006040198	0.9754549479287637	0.9843746337083482	0.9830833565344482	0.9855452181784491	0.9776091078466939	0.984965142622192	0.984720387010334	0.9857363223658414	0.994836322982849	0.9785045310245382	0.9844242506257996	0.9729977661950286	0.9867448926689038	0.9859499943370703	0.97824980690193	0.9838994922917094	0.98400009559592	0.9698208722999623	0.9843497970861592	0.9831349646804541	0.9851838734071451	0.9671939345066104	1.0
