/home/jshaw/scratch/2022_sketched_distance/references/SGB_genome_fastas_part5/15121/CM_cf__CF_FIFC001SS_t6M17__bin.13.fa	/home/jshaw/scratch/2022_sketched_distance/references/SGB_genome_fastas_part5/15121/FengQ_2015__SID31549__bin.37.fa	/home/jshaw/scratch/2022_sketched_distance/references/SGB_genome_fastas_part5/15121/FengQ_2015__SID31723__bin.18.fa	/home/jshaw/scratch/2022_sketched_distance/references/SGB_genome_fastas_part5/15121/FengQ_2015__SID31749__bin.26.fa	/home/jshaw/scratch/2022_sketched_distance/references/SGB_genome_fastas_part5/15121/FengQ_2015__SID31766__bin.42.fa	/home/jshaw/scratch/2022_sketched_distance/references/SGB_genome_fastas_part5/15121/FengQ_2015__SID31871__bin.16.fa	/home/jshaw/scratch/2022_sketched_distance/references/SGB_genome_fastas_part5/15121/FengQ_2015__SID31884__bin.20.fa	/home/jshaw/scratch/2022_sketched_distance/references/SGB_genome_fastas_part5/15121/FengQ_2015__SID530163__bin.12.fa	/home/jshaw/scratch/2022_sketched_distance/references/SGB_genome_fastas_part5/15121/FengQ_2015__SID530215__bin.26.fa	/home/jshaw/scratch/2022_sketched_distance/references/SGB_genome_fastas_part5/15121/FengQ_2015__SID530295__bin.20.fa	/home/jshaw/scratch/2022_sketched_distance/references/SGB_genome_fastas_part5/15121/FengQ_2015__SID530373__bin.21.fa	/home/jshaw/scratch/2022_sketched_distance/references/SGB_genome_fastas_part5/15121/FengQ_2015__SID530398__bin.32.fa	/home/jshaw/scratch/2022_sketched_distance/references/SGB_genome_fastas_part5/15121/FengQ_2015__SID530705__bin.35.fa	/home/jshaw/scratch/2022_sketched_distance/references/SGB_genome_fastas_part5/15121/HeQ_2017__SZAXPI029570-85__bin.62.fa	/home/jshaw/scratch/2022_sketched_distance/references/SGB_genome_fastas_part5/15121/KarlssonFH_2013__S536__bin.20.fa	/home/jshaw/scratch/2022_sketched_distance/references/SGB_genome_fastas_part5/15121/LiSS_2016__FAT_015-22-42-0__bin.16.fa	/home/jshaw/scratch/2022_sketched_distance/references/SGB_genome_fastas_part5/15121/LiSS_2016__FAT_023-22-14-0__bin.38.fa	/home/jshaw/scratch/2022_sketched_distance/references/SGB_genome_fastas_part5/15121/LiSS_2016__FAT_023-22-42-0__bin.80.fa	/home/jshaw/scratch/2022_sketched_distance/references/SGB_genome_fastas_part5/15121/LoombaR_2017__SID5639_uuc__bin.12.fa	/home/jshaw/scratch/2022_sketched_distance/references/SGB_genome_fastas_part5/15121/NielsenHB_2014__V1_UC5_3__bin.38.fa	/home/jshaw/scratch/2022_sketched_distance/references/SGB_genome_fastas_part5/15121/QinN_2014__LD-35__bin.71.fa	/home/jshaw/scratch/2022_sketched_distance/references/SGB_genome_fastas_part5/15121/XieH_2016__YSZC12003_35999__bin.80.fa	/home/jshaw/scratch/2022_sketched_distance/references/SGB_genome_fastas_part5/15121/XieH_2016__YSZC12003_36116__bin.66.fa	/home/jshaw/scratch/2022_sketched_distance/references/SGB_genome_fastas_part5/15121/XieH_2016__YSZC12003_36588__bin.61.fa	/home/jshaw/scratch/2022_sketched_distance/references/SGB_genome_fastas_part5/15121/XieH_2016__YSZC12003_36695__bin.14.fa	/home/jshaw/scratch/2022_sketched_distance/references/SGB_genome_fastas_part5/15121/XieH_2016__YSZC12003_37223__bin.31.fa	/home/jshaw/scratch/2022_sketched_distance/references/SGB_genome_fastas_part5/15121/XieH_2016__YSZC12003_37269__bin.15.fa	/home/jshaw/scratch/2022_sketched_distance/references/SGB_genome_fastas_part5/15121/XieH_2016__YSZC12003_37284__bin.33.fa	/home/jshaw/scratch/2022_sketched_distance/references/SGB_genome_fastas_part5/15121/XieH_2016__YSZC12003_37393__bin.23.fa	/home/jshaw/scratch/2022_sketched_distance/references/SGB_genome_fastas_part5/15121/YuJ_2015__SZAXPI003415-12__bin.22.fa	/home/jshaw/scratch/2022_sketched_distance/references/SGB_genome_fastas_part5/15121/YuJ_2015__SZAXPI015221-142__bin.17.fa	/home/jshaw/scratch/2022_sketched_distance/references/SGB_genome_fastas_part5/15121/YuJ_2015__SZAXPI015223-158__bin.39.fa	/home/jshaw/scratch/2022_sketched_distance/references/SGB_genome_fastas_part5/15121/YuJ_2015__SZAXPI017592-142__bin.63.fa	/home/jshaw/scratch/2022_sketched_distance/references/SGB_genome_fastas_part5/15121/ZeeviD_2015__PNP_Main_461__bin.10.fa	/home/jshaw/scratch/2022_sketched_distance/references/SGB_genome_fastas_part5/15121/ZellerG_2014__CCIS76845094ST-20-0__bin.95.fa	/home/jshaw/scratch/2022_sketched_distance/references/SGB_genome_fastas_part5/15121/ZellerG_2014__CCIS78100604ST-4-0__bin.36.fa
1.0	0.9800491763175784	0.9803363707663209	0.9801587871974341	0.9793880413322994	0.9704677605614217	0.9795402203067834	0.9804322126501462	0.9787477777390013	0.9793418858142819	0.979191756510969	0.9790587605483436	0.9792819749990883	0.9776776845651634	0.973868975560508	0.9778178106314896	0.9707689926908235	0.9788971278521368	0.9812354442066817	0.9807528831040855	0.9786702889346003	0.9814200272613717	0.9806532176624874	0.9747159609332559	0.9778614169578489	0.9803555406440895	0.9727820996936299	0.976759053686656	0.9798891251263475	0.9771554941966846	0.9813138010090533	0.978397466712778	0.9793846437217263	0.9809776693943149	0.9801106936051844	0.9792686383474484
0.9800491763175784	1.0	0.9840176535464713	0.9842491995547943	0.9818498390085892	0.9751776964600227	0.9823995549570497	0.9847376750956993	0.9821572690517848	0.9815668520735489	0.9822062874033634	0.9808191234206833	0.9804376427080554	0.9816954392641845	0.9781525466588018	0.981036108087807	0.9767048045237721	0.9833245704187751	0.9816543384952097	0.9811920435071536	0.9832890667003756	0.9850461228475808	0.9835323456702465	0.9777950192698079	0.9809552109866003	0.9841458580762997	0.9765138727817059	0.9818793426898126	0.9822076209651841	0.9834989530864168	0.9828129007617461	0.9826560830615818	0.9840101363195229	0.9848250002919964	0.9818024258712583	0.9827866528127116
0.9803363707663209	0.9840176535464713	1.0	0.9843333733088048	0.9825981741952249	0.9745751922058397	0.9900501601021691	0.9857057668986198	0.9823790468724677	0.9814157487753719	0.9818673874979813	0.9811857786574849	0.9808670514023096	0.9818386135151226	0.9776947738451573	0.980569588908056	0.9813078301894715	0.9891349706330184	0.981501194141543	0.9833483485987594	0.9820147078175571	0.9853602298240254	0.9838789567659467	0.9776059077018833	0.9815290781649632	0.9892809616658182	0.9758667681512764	0.9813620355061627	0.9826109243154343	0.9833621867854645	0.9836830779799994	0.9879935355508987	0.9826767635040089	0.9851056243838711	0.9817611779725993	0.9907515847505198
0.9801587871974341	0.9842491995547943	0.9843333733088048	1.0	0.9821221311478162	0.9739342534010197	0.9826622967929829	0.9855906505943327	0.9823914253399947	0.9817333445975711	0.9822572152057556	0.9810774806658837	0.980739629869218	0.9809266470729074	0.9775289088277964	0.9810894836315773	0.9756404044592757	0.9831337380760058	0.9821492904453534	0.9824743878030712	0.983181368994405	0.9854488419094447	0.9939696177828792	0.9779414504852859	0.9820209105836849	0.9846543387121254	0.9768228711666248	0.981673219213069	0.9842010405365652	0.9834046144643969	0.9838692191968393	0.982572335762458	0.9834138627045992	0.9854258264825012	0.9818174552670141	0.982668590468354
0.9793880413322994	0.9818498390085892	0.9825981741952249	0.9821221311478162	1.0	0.9736385175854857	0.9804898754327296	0.9814712369629711	0.9813708425920383	0.9802191674212092	0.979726359906519	0.9811351494227133	0.9809607417609918	0.9782699617880323	0.9771218753290798	0.9801880864250874	0.9724954757900877	0.9810622392160107	0.9807582900122972	0.9816937829061019	0.9804447105010067	0.9826457338807416	0.9808313988614309	0.9740771887807653	0.9792423427703415	0.9809217799563057	0.9737000068793504	0.980006217249396	0.9805445210993318	0.9804370302185821	0.983188685440981	0.9808316693002107	0.9814812732376156	0.9811482658790305	0.9802549401345843	0.9811727107337589
0.9704677605614217	0.9751776964600227	0.9745751922058397	0.9739342534010197	0.9736385175854857	1.0	0.9727849882427416	0.9744866789497356	0.9718749731779528	0.9725600048640438	0.9732731575176765	0.9721151406762256	0.9714580276187335	0.9729588348850738	0.9724278890854763	0.9710033318659678	0.9736523514439729	0.9743554976244276	0.9713423550593994	0.9716806158033158	0.9756578515615706	0.9747403021261991	0.9725756137564329	0.9724478474468262	0.971562903978672	0.9727297493602004	0.9742002567396351	0.971888955744859	0.9714848497434962	0.9763243323848424	0.9735786479368785	0.9766674630450669	0.9761626840032356	0.9729583290870727	0.9774999664450464	0.9731277687047819
0.9795402203067834	0.9823995549570497	0.9900501601021691	0.9826622967929829	0.9804898754327296	0.9727849882427416	1.0	0.9829359194530705	0.9816298732130156	0.9806202360829458	0.9804365022264541	0.9803210023560913	0.9798096584041006	0.9808772284809969	0.9765207844895174	0.9787653456903083	0.9793902239778352	0.9874432818094215	0.9806794676271345	0.9829670944758602	0.9807692725090054	0.9842690188106898	0.9832326221283778	0.9764403700078554	0.9806573859227683	0.9878698797029691	0.9743838871787251	0.9794799889134836	0.9823607577836547	0.9813961823781544	0.9829244350902353	0.986127048258216	0.9806741849200998	0.9838266830180257	0.9810230022337377	0.98778329428991
0.9804322126501462	0.9847376750956993	0.9857057668986198	0.9855906505943327	0.9814712369629711	0.9744866789497356	0.9829359194530705	1.0	0.982172874362935	0.9819359443044664	0.9830872326954279	0.9808426016154987	0.9816645006795671	0.9820294473562693	0.9781141518165026	0.9806950482891209	0.976340870453782	0.9842391840666208	0.9825127753971354	0.9825092855201937	0.9831094803878003	0.9860599966347939	0.9849332028495702	0.97961027856975	0.9817649615807316	0.9849821647715694	0.9772803778757707	0.9804494135595785	0.9839216932162854	0.9840135605798596	0.983454561576383	0.9830526577622354	0.9835478436449795	0.9876077164794884	0.9823398580879922	0.984153928547165
0.9787477777390013	0.9821572690517848	0.9823790468724677	0.9823914253399947	0.9813708425920383	0.9718749731779528	0.9816298732130156	0.982172874362935	1.0	0.9849226820271487	0.9804519146386761	0.9791318766791023	0.979296132951784	0.9797576165693203	0.9766106647829343	0.9802449550561758	0.9731278929400969	0.9804100501974389	0.9808245259332046	0.9807053697619728	0.9805074150792047	0.9838335676551059	0.9820842821685898	0.9754790910906864	0.9800277998776269	0.983114425137894	0.9738551238473558	0.9808449056652806	0.9810897346016767	0.9808857892315297	0.9822836630749421	0.9804420085399115	0.9806451592475767	0.9830402935212359	0.9819071478915077	0.9809966885609759
0.9793418858142819	0.9815668520735489	0.9814157487753719	0.9817333445975711	0.9802191674212092	0.9725600048640438	0.9806202360829458	0.9819359443044664	0.9849226820271487	1.0	0.9837298736030442	0.9795188908466919	0.979574715603623	0.9797917205637476	0.9757470979263584	0.9795179015972966	0.9719567841426477	0.9797629271283288	0.9809654421759089	0.9825843138174167	0.978980714846666	0.9822904453045069	0.9820488449391116	0.9761553479552223	0.9797857739242795	0.9821391488348566	0.9730834137325032	0.9789268122771091	0.9806920480244429	0.9800695750183447	0.98333866124674	0.9795079119701059	0.979145227246996	0.9826565879458184	0.981089812888941	0.9802991551234792
0.979191756510969	0.9822062874033634	0.9818673874979813	0.9822572152057556	0.979726359906519	0.9732731575176765	0.9804365022264541	0.9830872326954279	0.9804519146386761	0.9837298736030442	1.0	0.9818573599601763	0.9803678857479096	0.9837206705029666	0.9763255889272712	0.9787616473620185	0.9729912128057887	0.9804437922124909	0.9807913944447374	0.9854139787189163	0.9803336083254887	0.9836785561584098	0.9821791928440597	0.9770785025333872	0.9798444037113532	0.9819536613184173	0.974711431455362	0.9783665522946158	0.9817293463231882	0.9813203719324274	0.9859060844936451	0.9805758359645445	0.9807250184710922	0.9830548205144417	0.9810407419146518	0.9811634652582935
0.9790587605483436	0.9808191234206833	0.9811857786574849	0.9810774806658837	0.9811351494227133	0.9721151406762256	0.9803210023560913	0.9808426016154987	0.9791318766791023	0.9795188908466919	0.9818573599601763	1.0	0.9806371477024924	0.9784805675750479	0.9740844864424226	0.9781626406862657	0.9721651957953241	0.9797529172133675	0.9793737665858996	0.9821717713319041	0.9787169743681935	0.9821849961558199	0.9803949664659863	0.9749597390978214	0.9783642809500404	0.9805386018327528	0.9733181366470433	0.9767341311759474	0.9805509097389847	0.9793528671160666	0.9833996861511556	0.9797229404225136	0.9793537330454822	0.981186173548746	0.9799721592591186	0.9806975825096044
0.9792819749990883	0.9804376427080554	0.9808670514023096	0.980739629869218	0.9809607417609918	0.9714580276187335	0.9798096584041006	0.9816645006795671	0.979296132951784	0.979574715603623	0.9803678857479096	0.9806371477024924	1.0	0.9787361735326118	0.9754918397660656	0.9775337624147308	0.9713564234629429	0.9791325901684987	0.9806547955361548	0.9818985649661179	0.9790364192756331	0.9818703157865659	0.9804438863732112	0.975115788783726	0.9784699903432191	0.9800668120185686	0.9746531395891797	0.9759375494430472	0.9807779536334795	0.9788659394371853	0.9825786780540305	0.9795994223305279	0.9795524095793698	0.9810618205378115	0.9801410519744852	0.9803701557675342
0.9776776845651634	0.9816954392641845	0.9818386135151226	0.9809266470729074	0.9782699617880323	0.9729588348850738	0.9808772284809969	0.9820294473562693	0.9797576165693203	0.9797917205637476	0.9837206705029666	0.9784805675750479	0.9787361735326118	1.0	0.975816721657278	0.9773995822855819	0.9743205662431835	0.979682339842498	0.9803904407426588	0.9865141838830207	0.9792422107575642	0.9820446964930216	0.9804104489742774	0.9763035837161084	0.9786792202362623	0.9812632096414854	0.974024519989787	0.9777492754235818	0.980251962938766	0.9808889024359929	0.9832101237665296	0.9805903468335933	0.9799423943180052	0.9808915486102567	0.9791155205869795	0.9804684500473115
0.973868975560508	0.9781525466588018	0.9776947738451573	0.9775289088277964	0.9771218753290798	0.9724278890854763	0.9765207844895174	0.9781141518165026	0.9766106647829343	0.9757470979263584	0.9763255889272712	0.9740844864424226	0.9754918397660656	0.975816721657278	1.0	0.9756041378169118	0.9723396996575085	0.9767916637225939	0.9758947067093564	0.9756877734154725	0.9764561328144195	0.9776310603058181	0.9759844525449747	0.9729138552413541	0.9740922457714333	0.9762848184376857	0.9740126807409751	0.9765633147827506	0.9762615295917005	0.9759731790327543	0.9770563778164171	0.976889784035298	0.9770791107370711	0.9776299345562252	0.9751897442222522	0.9761238549441036
0.9778178106314896	0.981036108087807	0.980569588908056	0.9810894836315773	0.9801880864250874	0.9710033318659678	0.9787653456903083	0.9806950482891209	0.9802449550561758	0.9795179015972966	0.9787616473620185	0.9781626406862657	0.9775337624147308	0.9773995822855819	0.9756041378169118	1.0	0.9726231336393575	0.9796683626445866	0.9789374122816913	0.9793367157688079	0.9793215160138997	0.9812129223540181	0.9807438431737522	0.9750458571873228	0.9778287861364272	0.9797462006220757	0.972587603994049	0.9800619237500799	0.9795503809656584	0.9789444364733436	0.9801872652992105	0.9787747027002232	0.9800358527712316	0.9799854754549372	0.9787240232435922	0.9791251986788015
0.9707689926908235	0.9767048045237721	0.9813078301894715	0.9756404044592757	0.9724954757900877	0.9736523514439729	0.9793902239778352	0.976340870453782	0.9731278929400969	0.9719567841426477	0.9729912128057887	0.9721651957953241	0.9713564234629429	0.9743205662431835	0.9723396996575085	0.9726231336393575	1.0	0.9868262873749964	0.9732837079443788	0.9737923474661317	0.9760933791266537	0.9764285082946708	0.9753579659864237	0.9721403932844691	0.9735282689588224	0.9799371886981391	0.9742164118854799	0.9736949063633688	0.9743732103755789	0.9779490267991017	0.973901701176891	0.9824359459564037	0.9761053987604548	0.976095508129191	0.9737344918827205	0.9801771245216888
0.9788971278521368	0.9833245704187751	0.9891349706330184	0.9831337380760058	0.9810622392160107	0.9743554976244276	0.9874432818094215	0.9842391840666208	0.9804100501974389	0.9797629271283288	0.9804437922124909	0.9797529172133675	0.9791325901684987	0.979682339842498	0.9767916637225939	0.9796683626445866	0.9868262873749964	1.0	0.9806205771473154	0.9812674125827364	0.9818166161773582	0.9839339439492972	0.9826143475411679	0.9776637764803366	0.980721846072929	0.9883643831324685	0.9762492929497675	0.9806773384137941	0.9821372355192527	0.98356673319253	0.9823230425513992	0.9884102851407695	0.9821433224225758	0.983514837841423	0.9808974511836615	0.9874604155401892
0.9812354442066817	0.9816543384952097	0.981501194141543	0.9821492904453534	0.9807582900122972	0.9713423550593994	0.9806794676271345	0.9825127753971354	0.9808245259332046	0.9809654421759089	0.9807913944447374	0.9793737665858996	0.9806547955361548	0.9803904407426588	0.9758947067093564	0.9789374122816913	0.9732837079443788	0.9806205771473154	1.0	0.9822261087324332	0.9813673721032595	0.9829300105497052	0.9822088851008056	0.9767701441862044	0.9799733774723709	0.9830006860683997	0.9743119152313297	0.9786697391991646	0.9824545188591721	0.9808450635414798	0.9828999688917816	0.9804406497644363	0.9805304069991755	0.9834347738475178	0.9817419118196107	0.9809295384359435
0.9807528831040855	0.9811920435071536	0.9833483485987594	0.9824743878030712	0.9816937829061019	0.9716806158033158	0.9829670944758602	0.9825092855201937	0.9807053697619728	0.9825843138174167	0.9854139787189163	0.9821717713319041	0.9818985649661179	0.9865141838830207	0.9756877734154725	0.9793367157688079	0.9737923474661317	0.9812674125827364	0.9822261087324332	1.0	0.979042418310077	0.9839197964388272	0.9830097243296047	0.9770083716773149	0.9805664411831145	0.983293883170535	0.9730887221379277	0.9777047158988141	0.9831179650741849	0.9802352971302669	0.9874991457329138	0.9807235126072368	0.9802315379522712	0.9834595882307072	0.982345353149864	0.9824882121051934
0.9786702889346003	0.9832890667003756	0.9820147078175571	0.983181368994405	0.9804447105010067	0.9756578515615706	0.9807692725090054	0.9831094803878003	0.9805074150792047	0.978980714846666	0.9803336083254887	0.9787169743681935	0.9790364192756331	0.9792422107575642	0.9764561328144195	0.9793215160138997	0.9760933791266537	0.9818166161773582	0.9813673721032595	0.979042418310077	1.0	0.9838117607011648	0.9818359735740545	0.9773251363996858	0.9793275740231302	0.9826344712604822	0.9777640692773	0.9813157900305707	0.9808569920084745	0.9843483046036324	0.9807769130831637	0.9828742766759535	0.9860826596501675	0.9826168783629855	0.9799123166346819	0.9810451234407983
0.9814200272613717	0.9850461228475808	0.9853602298240254	0.9854488419094447	0.9826457338807416	0.9747403021261991	0.9842690188106898	0.9860599966347939	0.9838335676551059	0.9822904453045069	0.9836785561584098	0.9821849961558199	0.9818703157865659	0.9820446964930216	0.9776310603058181	0.9812129223540181	0.9764285082946708	0.9839339439492972	0.9829300105497052	0.9839197964388272	0.9838117607011648	1.0	0.9855626855545208	0.9791821737784819	0.9931389580080163	0.9860322057883333	0.9766393015748335	0.9813848767483877	0.9847381867799124	0.9835966573056961	0.9852305206518902	0.9837152849326701	0.9841983808313712	0.9861336780106194	0.9833360003300594	0.9836149448787526
0.9806532176624874	0.9835323456702465	0.9838789567659467	0.9939696177828792	0.9808313988614309	0.9725756137564329	0.9832326221283778	0.9849332028495702	0.9820842821685898	0.9820488449391116	0.9821791928440597	0.9803949664659863	0.9804438863732112	0.9804104489742774	0.9759844525449747	0.9807438431737522	0.9753579659864237	0.9826143475411679	0.9822088851008056	0.9830097243296047	0.9818359735740545	0.9855626855545208	1.0	0.9774695621284623	0.9828690193838442	0.9856488606813439	0.9750360636468879	0.9807062835402532	0.9847097090773231	0.9822025027149411	0.9843109587602674	0.9821256148781959	0.982431530881039	0.9858867448135443	0.9821820058655336	0.9821649881478973
0.9747159609332559	0.9777950192698079	0.9776059077018833	0.9779414504852859	0.9740771887807653	0.9724478474468262	0.9764403700078554	0.97961027856975	0.9754790910906864	0.9761553479552223	0.9770785025333872	0.9749597390978214	0.975115788783726	0.9763035837161084	0.9729138552413541	0.9750458571873228	0.9721403932844691	0.9776637764803366	0.9767701441862044	0.9770083716773149	0.9773251363996858	0.9791821737784819	0.9774695621284623	1.0	0.9765485996990942	0.9777253587365079	0.9739014039664948	0.9740031168550405	0.9772485815283761	0.9777928636859209	0.977970415259247	0.9770452735491043	0.977419750436676	0.9779563041048039	0.9775593602843926	0.9771060110797176
0.9778614169578489	0.9809552109866003	0.9815290781649632	0.9820209105836849	0.9792423427703415	0.971562903978672	0.9806573859227683	0.9817649615807316	0.9800277998776269	0.9797857739242795	0.9798444037113532	0.9783642809500404	0.9784699903432191	0.9786792202362623	0.9740922457714333	0.9778287861364272	0.9735282689588224	0.980721846072929	0.9799733774723709	0.9805664411831145	0.9793275740231302	0.9931389580080163	0.9828690193838442	0.9765485996990942	1.0	0.9822295689645761	0.9729238834986531	0.9779462746334807	0.981826761705443	0.9796374344295382	0.9814213390510343	0.9795503558750618	0.9798963592246401	0.9822496547031302	0.9800452276212935	0.9797668747198218
0.9803555406440895	0.9841458580762997	0.9892809616658182	0.9846543387121254	0.9809217799563057	0.9727297493602004	0.9878698797029691	0.9849821647715694	0.983114425137894	0.9821391488348566	0.9819536613184173	0.9805386018327528	0.9800668120185686	0.9812632096414854	0.9762848184376857	0.9797462006220757	0.9799371886981391	0.9883643831324685	0.9830006860683997	0.983293883170535	0.9826344712604822	0.9860322057883333	0.9856488606813439	0.9777253587365079	0.9822295689645761	1.0	0.9744317808728453	0.9811848754165968	0.984764936572943	0.9835323994220517	0.9851464195329641	0.9878851846230915	0.9831912561540729	0.9866910660986604	0.9832709211027507	0.9868070537976606
0.9727820996936299	0.9765138727817059	0.9758667681512764	0.9768228711666248	0.9737000068793504	0.9742002567396351	0.9743838871787251	0.9772803778757707	0.9738551238473558	0.9730834137325032	0.974711431455362	0.9733181366470433	0.9746531395891797	0.974024519989787	0.9740126807409751	0.972587603994049	0.9742164118854799	0.9762492929497675	0.9743119152313297	0.9730887221379277	0.9777640692773	0.9766393015748335	0.9750360636468879	0.9739014039664948	0.9729238834986531	0.9744317808728453	1.0	0.9733041685053521	0.9756098551742598	0.9789305272787886	0.9748733457996548	0.9781641664325925	0.9775993125966019	0.9750130036536515	0.9737784030656523	0.9749417208709856
0.976759053686656	0.9818793426898126	0.9813620355061627	0.981673219213069	0.980006217249396	0.971888955744859	0.9794799889134836	0.9804494135595785	0.9808449056652806	0.9789268122771091	0.9783665522946158	0.9767341311759474	0.9759375494430472	0.9777492754235818	0.9765633147827506	0.9800619237500799	0.9736949063633688	0.9806773384137941	0.9786697391991646	0.9777047158988141	0.9813157900305707	0.9813848767483877	0.9807062835402532	0.9740031168550405	0.9779462746334807	0.9811848754165968	0.9733041685053521	1.0	0.9790789238187093	0.9809258086710951	0.9795425118901687	0.9809651861520057	0.981565603982055	0.9809246011900756	0.9767764781456639	0.979771271359195
0.9798891251263475	0.9822076209651841	0.9826109243154343	0.9842010405365652	0.9805445210993318	0.9714848497434962	0.9823607577836547	0.9839216932162854	0.9810897346016767	0.9806920480244429	0.9817293463231882	0.9805509097389847	0.9807779536334795	0.980251962938766	0.9762615295917005	0.9795503809656584	0.9743732103755789	0.9821372355192527	0.9824545188591721	0.9831179650741849	0.9808569920084745	0.9847381867799124	0.9847097090773231	0.9772485815283761	0.981826761705443	0.984764936572943	0.9756098551742598	0.9790789238187093	1.0	0.9815826590555181	0.9841222363607788	0.9816047082408965	0.9817422661562137	0.9849152570729044	0.9820980677152951	0.9814723345192276
0.9771554941966846	0.9834989530864168	0.9833621867854645	0.9834046144643969	0.9804370302185821	0.9763243323848424	0.9813961823781544	0.9840135605798596	0.9808857892315297	0.9800695750183447	0.9813203719324274	0.9793528671160666	0.9788659394371853	0.9808889024359929	0.9759731790327543	0.9789444364733436	0.9779490267991017	0.98356673319253	0.9808450635414798	0.9802352971302669	0.9843483046036324	0.9835966573056961	0.9822025027149411	0.9777928636859209	0.9796374344295382	0.9835323994220517	0.9789305272787886	0.9809258086710951	0.9815826590555181	1.0	0.9816996373593179	0.9848805977022698	0.9849031717663594	0.9828162238515472	0.9809723970730411	0.9819690077722247
0.9813138010090533	0.9828129007617461	0.9836830779799994	0.9838692191968393	0.983188685440981	0.9735786479368785	0.9829244350902353	0.983454561576383	0.9822836630749421	0.98333866124674	0.9859060844936451	0.9833996861511556	0.9825786780540305	0.9832101237665296	0.9770563778164171	0.9801872652992105	0.973901701176891	0.9823230425513992	0.9828999688917816	0.9874991457329138	0.9807769130831637	0.9852305206518902	0.9843109587602674	0.977970415259247	0.9814213390510343	0.9851464195329641	0.9748733457996548	0.9795425118901687	0.9841222363607788	0.9816996373593179	1.0	0.9820803847846694	0.9816601516587751	0.984622011923966	0.9828971778043937	0.9828209392518115
0.978397466712778	0.9826560830615818	0.9879935355508987	0.982572335762458	0.9808316693002107	0.9766674630450669	0.986127048258216	0.9830526577622354	0.9804420085399115	0.9795079119701059	0.9805758359645445	0.9797229404225136	0.9795994223305279	0.9805903468335933	0.976889784035298	0.9787747027002232	0.9824359459564037	0.9884102851407695	0.9804406497644363	0.9807235126072368	0.9828742766759535	0.9837152849326701	0.9821256148781959	0.9770452735491043	0.9795503558750618	0.9878851846230915	0.9781641664325925	0.9809651861520057	0.9816047082408965	0.9848805977022698	0.9820803847846694	1.0	0.9841434706769441	0.9826719851575116	0.9804154050234263	0.9869423765552117
0.9793846437217263	0.9840101363195229	0.9826767635040089	0.9834138627045992	0.9814812732376156	0.9761626840032356	0.9806741849200998	0.9835478436449795	0.9806451592475767	0.979145227246996	0.9807250184710922	0.9793537330454822	0.9795524095793698	0.9799423943180052	0.9770791107370711	0.9800358527712316	0.9761053987604548	0.9821433224225758	0.9805304069991755	0.9802315379522712	0.9860826596501675	0.9841983808313712	0.982431530881039	0.977419750436676	0.9798963592246401	0.9831912561540729	0.9775993125966019	0.981565603982055	0.9817422661562137	0.9849031717663594	0.9816601516587751	0.9841434706769441	1.0	0.9831943329775715	0.9802888447203335	0.9811478577040191
0.9809776693943149	0.9848250002919964	0.9851056243838711	0.9854258264825012	0.9811482658790305	0.9729583290870727	0.9838266830180257	0.9876077164794884	0.9830402935212359	0.9826565879458184	0.9830548205144417	0.981186173548746	0.9810618205378115	0.9808915486102567	0.9776299345562252	0.9799854754549372	0.976095508129191	0.983514837841423	0.9834347738475178	0.9834595882307072	0.9826168783629855	0.9861336780106194	0.9858867448135443	0.9779563041048039	0.9822496547031302	0.9866910660986604	0.9750130036536515	0.9809246011900756	0.9849152570729044	0.9828162238515472	0.984622011923966	0.9826719851575116	0.9831943329775715	1.0	0.984286874502803	0.9832202954461415
0.9801106936051844	0.9818024258712583	0.9817611779725993	0.9818174552670141	0.9802549401345843	0.9774999664450464	0.9810230022337377	0.9823398580879922	0.9819071478915077	0.981089812888941	0.9810407419146518	0.9799721592591186	0.9801410519744852	0.9791155205869795	0.9751897442222522	0.9787240232435922	0.9737344918827205	0.9808974511836615	0.9817419118196107	0.982345353149864	0.9799123166346819	0.9833360003300594	0.9821820058655336	0.9775593602843926	0.9800452276212935	0.9832709211027507	0.9737784030656523	0.9767764781456639	0.9820980677152951	0.9809723970730411	0.9828971778043937	0.9804154050234263	0.9802888447203335	0.984286874502803	1.0	0.9809341153681271
0.9792686383474484	0.9827866528127116	0.9907515847505198	0.982668590468354	0.9811727107337589	0.9731277687047819	0.98778329428991	0.984153928547165	0.9809966885609759	0.9802991551234792	0.9811634652582935	0.9806975825096044	0.9803701557675342	0.9804684500473115	0.9761238549441036	0.9791251986788015	0.9801771245216888	0.9874604155401892	0.9809295384359435	0.9824882121051934	0.9810451234407983	0.9836149448787526	0.9821649881478973	0.9771060110797176	0.9797668747198218	0.9868070537976606	0.9749417208709856	0.979771271359195	0.9814723345192276	0.9819690077722247	0.9828209392518115	0.9869423765552117	0.9811478577040191	0.9832202954461415	0.9809341153681271	1.0
