/home/jshaw/scratch/2022_sketched_distance/references/SGB_genome_fastas_part4/5820/Bengtsson-PalmeJ_2015__TRAVELRES17__bin.103.fa	/home/jshaw/scratch/2022_sketched_distance/references/SGB_genome_fastas_part4/5820/Bengtsson-PalmeJ_2015__TRAVELRES18__bin.14.fa	/home/jshaw/scratch/2022_sketched_distance/references/SGB_genome_fastas_part4/5820/CosteaPI_2017__SID713A023-11-0-0__bin.37.fa	/home/jshaw/scratch/2022_sketched_distance/references/SGB_genome_fastas_part4/5820/CosteaPI_2017__SID713A023-11-90-0__bin.86.fa	/home/jshaw/scratch/2022_sketched_distance/references/SGB_genome_fastas_part4/5820/CosteaPI_2017__SID713A039-11-0-0__bin.56.fa	/home/jshaw/scratch/2022_sketched_distance/references/SGB_genome_fastas_part4/5820/CosteaPI_2017__SID713A056-11-90-0__bin.79.fa	/home/jshaw/scratch/2022_sketched_distance/references/SGB_genome_fastas_part4/5820/CosteaPI_2017__SID713A074-11-0-0__bin.30.fa	/home/jshaw/scratch/2022_sketched_distance/references/SGB_genome_fastas_part4/5820/CosteaPI_2017__SID713A074-11-90-0__bin.79.fa	/home/jshaw/scratch/2022_sketched_distance/references/SGB_genome_fastas_part4/5820/CosteaPI_2017__SID713B072-11-0-0__bin.62.fa	/home/jshaw/scratch/2022_sketched_distance/references/SGB_genome_fastas_part4/5820/KarlssonFH_2013__S421__bin.44.fa	/home/jshaw/scratch/2022_sketched_distance/references/SGB_genome_fastas_part4/5820/KarlssonFH_2013__S462__bin.17.fa	/home/jshaw/scratch/2022_sketched_distance/references/SGB_genome_fastas_part4/5820/KarlssonFH_2013__S530__bin.43.fa	/home/jshaw/scratch/2022_sketched_distance/references/SGB_genome_fastas_part4/5820/LeChatelierE_2013__MH0092__bin.49.fa	/home/jshaw/scratch/2022_sketched_distance/references/SGB_genome_fastas_part4/5820/LeChatelierE_2013__MH0447__bin.34.fa	/home/jshaw/scratch/2022_sketched_distance/references/SGB_genome_fastas_part4/5820/LiuW_2016__SRR3992958__bin.54.fa	/home/jshaw/scratch/2022_sketched_distance/references/SGB_genome_fastas_part4/5820/NielsenHB_2014__MH0092__bin.24.fa	/home/jshaw/scratch/2022_sketched_distance/references/SGB_genome_fastas_part4/5820/SchirmerM_2016__G88811__bin.11.fa	/home/jshaw/scratch/2022_sketched_distance/references/SGB_genome_fastas_part4/5820/SchirmerM_2016__G88977__bin.8.fa	/home/jshaw/scratch/2022_sketched_distance/references/SGB_genome_fastas_part4/5820/SchirmerM_2016__G89063__bin.16.fa	/home/jshaw/scratch/2022_sketched_distance/references/SGB_genome_fastas_part4/5820/SchirmerM_2016__G89135__bin.5.fa	/home/jshaw/scratch/2022_sketched_distance/references/SGB_genome_fastas_part4/5820/XieH_2016__YSZC12003_36117__bin.44.fa	/home/jshaw/scratch/2022_sketched_distance/references/SGB_genome_fastas_part4/5820/XieH_2016__YSZC12003_36211__bin.27.fa	/home/jshaw/scratch/2022_sketched_distance/references/SGB_genome_fastas_part4/5820/XieH_2016__YSZC12003_36474__bin.121.fa	/home/jshaw/scratch/2022_sketched_distance/references/SGB_genome_fastas_part4/5820/XieH_2016__YSZC12003_37286__bin.15.fa	/home/jshaw/scratch/2022_sketched_distance/references/SGB_genome_fastas_part4/5820/XieH_2016__YSZC12003_37543__bin.26.fa	/home/jshaw/scratch/2022_sketched_distance/references/SGB_genome_fastas_part4/5820/XieH_2016__YSZC12003_37544__bin.70.fa	/home/jshaw/scratch/2022_sketched_distance/references/SGB_genome_fastas_part4/5820/ZeeviD_2015__PNP_DietIntervention_11__bin.1.fa	/home/jshaw/scratch/2022_sketched_distance/references/SGB_genome_fastas_part4/5820/ZeeviD_2015__PNP_Main_179__bin.26.fa	/home/jshaw/scratch/2022_sketched_distance/references/SGB_genome_fastas_part4/5820/ZeeviD_2015__PNP_Main_189__bin.25.fa	/home/jshaw/scratch/2022_sketched_distance/references/SGB_genome_fastas_part4/5820/ZeeviD_2015__PNP_Main_208__bin.6.fa	/home/jshaw/scratch/2022_sketched_distance/references/SGB_genome_fastas_part4/5820/ZeeviD_2015__PNP_Main_22__bin.31.fa	/home/jshaw/scratch/2022_sketched_distance/references/SGB_genome_fastas_part4/5820/ZeeviD_2015__PNP_Main_331__bin.21.fa	/home/jshaw/scratch/2022_sketched_distance/references/SGB_genome_fastas_part4/5820/ZeeviD_2015__PNP_Main_333__bin.3.fa	/home/jshaw/scratch/2022_sketched_distance/references/SGB_genome_fastas_part4/5820/ZeeviD_2015__PNP_Main_352__bin.44.fa	/home/jshaw/scratch/2022_sketched_distance/references/SGB_genome_fastas_part4/5820/ZeeviD_2015__PNP_Main_382__bin.23.fa	/home/jshaw/scratch/2022_sketched_distance/references/SGB_genome_fastas_part4/5820/ZeeviD_2015__PNP_Main_433__bin.48.fa	/home/jshaw/scratch/2022_sketched_distance/references/SGB_genome_fastas_part4/5820/ZeeviD_2015__PNP_Main_581__bin.34.fa	/home/jshaw/scratch/2022_sketched_distance/references/SGB_genome_fastas_part4/5820/ZeeviD_2015__PNP_Main_65__bin.2.fa	/home/jshaw/scratch/2022_sketched_distance/references/SGB_genome_fastas_part4/5820/ZeeviD_2015__PNP_Main_681__bin.32.fa	/home/jshaw/scratch/2022_sketched_distance/references/SGB_genome_fastas_part4/5820/ZeeviD_2015__PNP_Main_68__bin.15.fa	/home/jshaw/scratch/2022_sketched_distance/references/SGB_genome_fastas_part4/5820/ZeeviD_2015__PNP_Main_764__bin.30.fa	/home/jshaw/scratch/2022_sketched_distance/references/SGB_genome_fastas_part4/5820/ZeeviD_2015__PNP_Main_95__bin.1.fa	/home/jshaw/scratch/2022_sketched_distance/references/SGB_genome_fastas_part4/5820/ZeeviD_2015__PNP_Main_98__bin.3.fa	/home/jshaw/scratch/2022_sketched_distance/references/SGB_genome_fastas_part4/5820/ZellerG_2014__CCIS29210128ST-4-0__bin.16.fa	/home/jshaw/scratch/2022_sketched_distance/references/SGB_genome_fastas_part4/5820/ZellerG_2014__CCIS77252613ST-4-0__bin.71.fa	/home/jshaw/scratch/2022_sketched_distance/references/SGB_genome_fastas_part4/5820/ZellerG_2014__CCIS90164298ST-4-0__bin.21.fa	/home/jshaw/scratch/2022_sketched_distance/references/SGB_genome_fastas_part4/5820/ZellerG_2014__CCIS94417875ST-3-0__bin.25.fa	/home/jshaw/scratch/2022_sketched_distance/references/SGB_genome_fastas_part4/5820/ZellerG_2014__CCMD18872694ST-21-0__bin.26.fa
1.0	0.9987219518727027	0.9837516429225358	0.9835129907266418	0.971641138686265	0.9847315302159514	0.9842731233520584	0.9851695553922966	0.9846648509743777	0.9870056455892898	0.9829199230527214	0.9913760210280353	0.9800255157672111	0.986235696663089	0.9745113435652997	0.9776642885940405	0.9827219496418473	0.9846209510978265	0.9862881373473695	0.9777083433053866	0.9846123157308385	0.9825000075020235	0.9872923055819808	0.9867608155986402	0.9799595858304314	0.986991829720574	0.9810255713896323	0.9864004062336639	0.9876906169016595	0.9856235595256426	0.9829429811023692	0.982636983108241	0.9875656234941417	0.983926995281919	0.9711388145863845	0.9873159165976909	0.9859023274324494	0.9872079958936764	0.9867645775961575	0.9849654573632937	0.9848434887654766	0.9822993301477	0.9777313921899772	0.9860259430270618	0.9834795965106155	0.9853263524479745	0.9821431990365099	0.9866380313078617
0.9987219518727027	1.0	0.9831247838253226	0.9829254073969478	0.9719895557055618	0.9842100162366889	0.9837688084262219	0.9847877861195914	0.9839211806464405	0.9866800344342824	0.9825604344864005	0.9912672062974986	0.9802854838054313	0.9859885954594282	0.9746248537331095	0.9779934000867794	0.9827528074549334	0.9842146597903594	0.9859665230765735	0.9775879946286342	0.9842288556720886	0.9825607486983596	0.986805510537816	0.9866247614084596	0.9800105854309544	0.9864616485514732	0.9810323376283211	0.9860518508057114	0.987281163687836	0.9856250655573795	0.9823797808872874	0.9824299058938064	0.9872341134868342	0.9839517562978611	0.9712455016216004	0.9867303875556361	0.9856630087391458	0.9871473826487029	0.9863247312822965	0.9847761539472581	0.9845628900730105	0.9824940298028536	0.9779948132656203	0.9857361955824958	0.9830006915730547	0.9853469820668508	0.9822876743135097	0.986097536035762
0.9837516429225358	0.9831247838253226	1.0	0.9983463755662018	0.9688617099703043	0.9872056292243498	0.9821132316454457	0.983049908775199	0.9954365866406124	0.983120089093624	0.9806210347404972	0.9833420168004553	0.9766313422648529	0.9832559672733322	0.9738312287023808	0.9739236791245186	0.9844106484352202	0.991234294295412	0.9835547394879434	0.978803369797461	0.9864005504701869	0.9779850576190866	0.9838896682489011	0.9837735711593251	0.9769788324450193	0.9836883220605334	0.9776783134557854	0.9834066423136798	0.9839565589622955	0.9822879809630547	0.9806697120981986	0.9801287519335204	0.9833420168004553	0.9810999656540043	0.9695722488935415	0.9834435519077936	0.9829527228235029	0.983718386328914	0.9831995486364425	0.9818843789602615	0.981793484717991	0.9788402469477574	0.9749307331235136	0.9831150770506154	0.9810459308959776	0.9824265606890742	0.9785087781713615	0.9833536969967659
0.9835129907266418	0.9829254073969478	0.9983463755662018	1.0	0.9690947970165537	0.9868830709727854	0.9821908296460983	0.9829916356528392	0.9948184228015996	0.982967905156072	0.9803774760852847	0.9835631700957591	0.9770002955454865	0.9828538093399152	0.9741755804730007	0.974298662771114	0.9838265752082437	0.9908944757174255	0.9837121580979958	0.9789680432446642	0.9859937024124106	0.9781491690893831	0.9838208492633262	0.9837224979644161	0.9768558632619583	0.9832345546151887	0.9777616035921151	0.9831793784555423	0.9836069044612543	0.9824542432362382	0.9805595226222034	0.9801011869530633	0.9830544822821488	0.9810026270628734	0.9695889269510505	0.9829269698819426	0.9829410194655754	0.9833320694775077	0.9830516257653386	0.9814518067914847	0.9816212216818911	0.9785602982750807	0.9748419760164229	0.9827062411408582	0.9805973947600333	0.9824175833834781	0.9788628069758415	0.9830019477710573
0.971641138686265	0.9719895557055618	0.9688617099703043	0.9690947970165537	1.0	0.9711695354575434	0.9690170449013045	0.9706348325698184	0.9700168178640601	0.9740783324098734	0.9717473070188773	0.9735588110765061	0.9740998497670996	0.9732525274223107	0.967456667829031	0.9738549508722772	0.9698931826442942	0.9707987338203992	0.9729863098768183	0.9685841190361636	0.9707701019196961	0.972900420909067	0.9739406151174713	0.9746099249820201	0.9746639241662846	0.9730938245743282	0.9753303981329459	0.973546412084452	0.9745199385040875	0.9762024792040552	0.9695593346512822	0.9736019224791905	0.97494045784245	0.9746646803540454	0.9681223296321234	0.972699288055685	0.9752321659273108	0.974312909348525	0.9756801437510605	0.9741895828748734	0.9741644437439589	0.9743278786089739	0.9729763510869052	0.9739595706476835	0.9708096160077181	0.9743596019829361	0.977453525650031	0.9727326244885264
0.9847315302159514	0.9842100162366889	0.9872056292243498	0.9868830709727854	0.9711695354575434	1.0	0.9826799736015109	0.9837327123321802	0.9874519304757762	0.9843325382078812	0.9821134192640412	0.9844318201965795	0.9774010934189982	0.983880463813997	0.9767497398825391	0.9748288597268472	0.9877071237353581	0.9863796267548587	0.9837070713180358	0.9827310093786773	0.9903909479025056	0.9794843800455063	0.9850198297366372	0.9842451347267595	0.9783896512615712	0.9840484137464218	0.9793089323011112	0.9840067784216776	0.9849458567844521	0.9831410741221187	0.9821532507626947	0.9804296860155132	0.9851001311357724	0.9822217469416714	0.9702333250920573	0.9840311284333134	0.9841338451428908	0.9840840547623634	0.9844532988660466	0.9823764003170681	0.982268922118414	0.9795786229891287	0.975212830772613	0.9836027942464662	0.9818890919675851	0.9832917570858912	0.9799879936877857	0.9837288721867996
0.9842731233520584	0.9837688084262219	0.9821132316454457	0.9821908296460983	0.9690170449013045	0.9826799736015109	1.0	0.9971744191409335	0.9826726736623584	0.9820568083602461	0.9807097713844857	0.9840580489730628	0.9757179788320928	0.9814894980702528	0.9755207306509791	0.9733729914283797	0.982174874538624	0.9832862706987094	0.9822192199478332	0.97694282822194	0.9827533072759916	0.9775407655127272	0.9822250326504542	0.9817614610963422	0.9749409451136287	0.981033077535883	0.9771888736017218	0.9808330825260715	0.9818406679375401	0.9806153142004941	0.9802097390888688	0.9783139583217282	0.9817279569422708	0.9798923567148273	0.9688739040964834	0.9811542899842242	0.9816398645052151	0.9814550781239293	0.9821203928917424	0.9803938156742102	0.979421373063091	0.9766252991287085	0.9724131143337528	0.9808122987725864	0.980462658707441	0.9809572631285868	0.9770375461536421	0.9804904950331726
0.9851695553922966	0.9847877861195914	0.983049908775199	0.9829916356528392	0.9706348325698184	0.9837327123321802	0.9971744191409335	1.0	0.9833670387863716	0.9829574199908487	0.9819989326615712	0.9851796389552894	0.9769308452706876	0.9826692366291901	0.9775841684044463	0.9746129518995269	0.9835095454665246	0.9842231894097989	0.9836963123571923	0.9782491186256661	0.9839728028981694	0.9792014877750327	0.9833669939376593	0.9830001244260683	0.9769945627947927	0.9822427148268846	0.9784751276171181	0.9821488514994506	0.9829233854214161	0.9818681329910307	0.981590298415715	0.9796483920970968	0.9826430653762175	0.9813659866763711	0.9708455828316183	0.9824938457432155	0.9825514560874882	0.9825844096209063	0.9831184910781524	0.981479337122333	0.9810936507519117	0.9776464587361516	0.9739862660917287	0.981843425393478	0.9813856285605959	0.9822566846700436	0.9782295293599722	0.9817448629232925
0.9846648509743777	0.9839211806464405	0.9954365866406124	0.9948184228015996	0.9700168178640601	0.9874519304757762	0.9826726736623584	0.9833670387863716	1.0	0.9836896526747607	0.981144759937458	0.9847330916374232	0.9770980981774997	0.9836249723751986	0.9745056687887786	0.9740776206398595	0.9845253841016047	0.9926053923949721	0.9840771499831787	0.9789770008919604	0.9866823155588036	0.978441268652093	0.9844063020654195	0.9841378895335822	0.9772657100695458	0.9839028913824319	0.9781662174395073	0.9842871928609455	0.9844030574796643	0.9831243565408322	0.9814791281324503	0.9805795862211222	0.9840703170335795	0.981717639680618	0.9696690492324277	0.9835878748429406	0.9835188217950755	0.9840965503892828	0.9838596865487996	0.9823267764664099	0.982553142247507	0.9792804729050613	0.9748727722577966	0.9830675095115503	0.9815569659206327	0.9828472133345528	0.9789712419591351	0.9834275341708266
0.9870056455892898	0.9866800344342824	0.983120089093624	0.982967905156072	0.9740783324098734	0.9843325382078812	0.9820568083602461	0.9829574199908487	0.9836896526747607	1.0	0.9826000418994336	0.9870056455892898	0.981958396450294	0.987305961582081	0.9744625992511925	0.9795787599193236	0.9818682716138047	0.9840079330477872	0.9880783459370461	0.9770031722909556	0.983975019048288	0.983730461160756	0.9882543491932034	0.9880900381965323	0.9822460033591311	0.9878776192829878	0.9829451133954159	0.9883581356479052	0.9892735467038652	0.9875559125356858	0.9825194203825106	0.9840647097053801	0.9880725938612609	0.9855401315758824	0.971435899091184	0.9882442549537197	0.9866356176998707	0.9890881934760323	0.9872003986910132	0.9862628517747054	0.9852600988250156	0.9846332619245102	0.979906276360034	0.9881243171578433	0.982898792259889	0.9869752509315597	0.9844690644727654	0.9886913462601306
0.9829199230527214	0.9825604344864005	0.9806210347404972	0.9803774760852847	0.9717473070188773	0.9821134192640412	0.9807097713844857	0.9819989326615712	0.981144759937458	0.9826000418994336	1.0	0.9833729255003144	0.9766070597029779	0.9821098413070289	0.9725053044207398	0.9744296358571907	0.9807181586635061	0.9815999642026524	0.9825896025678127	0.9753111471969516	0.9828325228123023	0.978917983900904	0.9834416758962273	0.9829877191322146	0.9770743838837714	0.9823718626628221	0.9789348751941231	0.9835317787935057	0.9826452941219241	0.9827654246259274	0.9898073643941778	0.980816289436384	0.9838525936409913	0.9824115028769586	0.9814713659896159	0.9827612854738289	0.9847267099833656	0.9828272794766829	0.9854998720586816	0.9821063029247666	0.9831612782755204	0.9792252542939908	0.9751281696407167	0.9818095914795176	0.9906849030171553	0.982447213042701	0.9787709523074698	0.9821833213889132
0.9913760210280353	0.9912672062974986	0.9833420168004553	0.9835631700957591	0.9735588110765061	0.9844318201965795	0.9840580489730628	0.9851796389552894	0.9847330916374232	0.9870056455892898	0.9833729255003144	1.0	0.9805505363793812	0.9859412747488353	0.9749883688857213	0.9783601281337535	0.982146658924713	0.9844818350383646	0.9862964712271081	0.9771282724836594	0.9839358028883163	0.9825086942117228	0.9865662812003879	0.9867781715537695	0.980162503104049	0.9860492282220064	0.981214387990197	0.9862829858298099	0.9873457756847908	0.9863805714041927	0.9836204106144528	0.9830163037787683	0.985990219362457	0.984698529681891	0.9718713840375222	0.9865795077914062	0.985634999988314	0.9865677670977532	0.9862778034212475	0.9843771954548024	0.984749204162993	0.9818785159319628	0.9785417328348927	0.9857768992213847	0.9836918206936326	0.9856246132993787	0.9825884098327038	0.9861588203280732
0.9800255157672111	0.9802854838054313	0.9766313422648529	0.9770002955454865	0.9740998497670996	0.9774010934189982	0.9757179788320928	0.9769308452706876	0.9770980981774997	0.981958396450294	0.9766070597029779	0.9805505363793812	1.0	0.9862635025034391	0.9702163362546643	0.9949942692767582	0.977084864772251	0.9773464023632029	0.9830204437004187	0.9743583712033342	0.9773624469244065	0.980617524165965	0.9827136442871415	0.9832201980771451	0.9784725297437293	0.9808630153841567	0.9822520618750634	0.983528970273717	0.9824414289982498	0.9819188439190923	0.9762027017440179	0.9804370302185821	0.9821220209031554	0.9813950065540635	0.9677611233717404	0.9820223176898257	0.9796627012627601	0.9819768976383221	0.9802452731745782	0.9796400296501637	0.9801668767247113	0.9808045843838559	0.9783356474928603	0.9828805644631645	0.9771225285880311	0.983145321281787	0.9841049143391185	0.9819473574310001
0.986235696663089	0.9859885954594282	0.9832559672733322	0.9828538093399152	0.9732525274223107	0.983880463813997	0.9814894980702528	0.9826692366291901	0.9836249723751986	0.987305961582081	0.9821098413070289	0.9859412747488353	0.9862635025034391	1.0	0.9729445594471008	0.9828508358235049	0.9818119723339104	0.9835413574104954	0.9901560704804026	0.9766392214424373	0.9833463959507865	0.9829632433498767	0.9905577093186386	0.9902846652962017	0.981648288256089	0.9875679021674626	0.9837764421295365	0.9877259138921171	0.9883139834329508	0.9866931546407766	0.9820499314012485	0.9841038524022334	0.987730730876565	0.9863658537669378	0.9707303118638072	0.9880842517263637	0.9859434055812561	0.9890782265594785	0.9863279787830644	0.9856697678317152	0.985465282674118	0.9842954232287716	0.9793007395044107	0.9870916423433022	0.9826025123536039	0.9891253921202379	0.9836815129960184	0.9877478089432828
0.9745113435652997	0.9746248537331095	0.9738312287023808	0.9741755804730007	0.967456667829031	0.9767497398825391	0.9755207306509791	0.9775841684044463	0.9745056687887786	0.9744625992511925	0.9725053044207398	0.9749883688857213	0.9702163362546643	0.9729445594471008	1.0	0.9682445814474785	0.9765148260601499	0.9750737153272616	0.9739458096844927	0.9732607519201633	0.9767460183617479	0.9734195875066728	0.9735095447587945	0.9736747660105121	0.9703383975059573	0.9728727672339957	0.9735461699460196	0.9724131143337528	0.9735775076168323	0.9733599428660062	0.9719186455864717	0.9709840094850664	0.9737683623336515	0.9723767061231743	0.9659339489048091	0.972705417523912	0.973269632036572	0.9731246548817908	0.9732944926890239	0.9715184095427895	0.9728175257058591	0.9716414328295622	0.9681668086596855	0.9736813363971885	0.9711816735147123	0.9733013550354699	0.9711250109080143	0.9716823297867375
0.9776642885940405	0.9779934000867794	0.9739236791245186	0.974298662771114	0.9738549508722772	0.9748288597268472	0.9733729914283797	0.9746129518995269	0.9740776206398595	0.9795787599193236	0.9744296358571907	0.9783601281337535	0.9949942692767582	0.9828508358235049	0.9682445814474785	1.0	0.9751112428953295	0.9750462437766187	0.980491771611519	0.9728594052433549	0.9751776835838348	0.9790596671198484	0.9799702637954412	0.9806911158591535	0.9763158633999135	0.9776307797882946	0.9815383717043397	0.9801952895982547	0.9800568727764074	0.9799909964449826	0.9735181935016046	0.9785079313531014	0.979917695035841	0.9793420619601679	0.9676941170049084	0.9793664864726963	0.9776153814077122	0.9796748398488417	0.977897339163305	0.9768783435133533	0.9779549586910531	0.9796738438387727	0.976233726136995	0.9803189341585625	0.9748678333649133	0.9807338861765098	0.9831410129415351	0.9791948961559666
0.9827219496418473	0.9827528074549334	0.9844106484352202	0.9838265752082437	0.9698931826442942	0.9877071237353581	0.982174874538624	0.9835095454665246	0.9845253841016047	0.9818682716138047	0.9807181586635061	0.982146658924713	0.977084864772251	0.9818119723339104	0.9765148260601499	0.9751112428953295	1.0	0.9846195926758152	0.9819352646913089	0.9908909650911147	0.9883109428174308	0.9786116290855258	0.9824052389550385	0.9822145774417007	0.9769401427877578	0.9815982485166787	0.978252286628307	0.9816378431745667	0.9822335888037235	0.981476559715042	0.9801105543387637	0.9784757185419524	0.9817058203143819	0.9801273984207421	0.9701758750333159	0.9817758761492222	0.9816134943291344	0.9820147846673203	0.9822202470756042	0.9805475625514853	0.9807961688680303	0.9788478388163178	0.9750704302264672	0.9816707941664498	0.9800323308380803	0.9815628132223504	0.9791732310974729	0.9812981268827023
0.9846209510978265	0.9842146597903594	0.991234294295412	0.9908944757174255	0.9707987338203992	0.9863796267548587	0.9832862706987094	0.9842231894097989	0.9926053923949721	0.9840079330477872	0.9815999642026524	0.9844818350383646	0.9773464023632029	0.9835413574104954	0.9750737153272616	0.9750462437766187	0.9846195926758152	1.0	0.9842808374972242	0.9792195473215975	0.9871190587848981	0.9793889978426108	0.984564851938734	0.9845328198557645	0.9776953634400419	0.9838927242814186	0.9791817874757066	0.9837391277238184	0.9843544346829715	0.9832257598570276	0.981222087031572	0.9805098274421193	0.9842728492973826	0.982874213494195	0.9709953099486961	0.9834324568658349	0.9841621679825862	0.9843436831232326	0.9845263623729006	0.9830637064892677	0.9823095519918581	0.9796692204875278	0.9754666493853004	0.9838781618249813	0.9819285046204336	0.9834517766154819	0.9795079119701059	0.983456778732263
0.9862881373473695	0.9859665230765735	0.9835547394879434	0.9837121580979958	0.9729863098768183	0.9837070713180358	0.9822192199478332	0.9836963123571923	0.9840771499831787	0.9880783459370461	0.9825896025678127	0.9862964712271081	0.9830204437004187	0.9901560704804026	0.9739458096844927	0.980491771611519	0.9819352646913089	0.9842808374972242	1.0	0.9767077870457579	0.9836806447538177	0.9838040582590493	0.990690571137255	0.9909248460269592	0.9815417992367942	0.9874342442383461	0.9847131823528588	0.9874353454622183	0.9881872677876432	0.98685526049074	0.9829847651000734	0.9834624860320561	0.9875579126616497	0.9870682763485179	0.9716396811253325	0.9882789397679087	0.9863863158438311	0.9887168682626769	0.9866051407663496	0.9856363432686772	0.9853240966446294	0.9834687724796292	0.9796872536656649	0.9873755946656021	0.9833901564402243	0.9897245906588245	0.984092545071987	0.9878906093736437
0.9777083433053866	0.9775879946286342	0.978803369797461	0.9789680432446642	0.9685841190361636	0.9827310093786773	0.97694282822194	0.9782491186256661	0.9789770008919604	0.9770031722909556	0.9753111471969516	0.9771282724836594	0.9743583712033342	0.9766392214424373	0.9732607519201633	0.9728594052433549	0.9908909650911147	0.9792195473215975	0.9767077870457579	1.0	0.9834392943124556	0.9736593280085207	0.9770991439997677	0.9771829844896267	0.9729463742169031	0.9763392992130283	0.9746830875905748	0.9761453864239206	0.9766263809803031	0.9774322272016766	0.9747084541099482	0.973715094316986	0.9770940676890266	0.9755007720741298	0.9669357408370043	0.9766233966551294	0.9768475227623231	0.9769069782846805	0.9774934077106273	0.9754405408402611	0.9759936935793163	0.9751834753959312	0.9717303365417868	0.9768092969977233	0.9746309117935017	0.9765338619705176	0.9757512451746979	0.9766300387873924
0.9846123157308385	0.9842288556720886	0.9864005504701869	0.9859937024124106	0.9707701019196961	0.9903909479025056	0.9827533072759916	0.9839728028981694	0.9866823155588036	0.983975019048288	0.9828325228123023	0.9839358028883163	0.9773624469244065	0.9833463959507865	0.9767460183617479	0.9751776835838348	0.9883109428174308	0.9871190587848981	0.9836806447538177	0.9834392943124556	1.0	0.9793738221491891	0.9847393965419827	0.9842878901503841	0.9775431975751092	0.9838143328946719	0.9793586233107602	0.9841163980213665	0.9847118983251021	0.9834889295831203	0.9823075645717168	0.9803562495369985	0.984449765090822	0.9824925408234922	0.9702650160742671	0.9839120513163158	0.9837774214226895	0.9842423959413545	0.9844015471823899	0.9825731664255348	0.9823772291818995	0.979381117775898	0.9759382605787973	0.9834042662654867	0.9824765676389268	0.9830375931200668	0.9795247998923697	0.9838418152382405
0.9825000075020235	0.9825607486983596	0.9779850576190866	0.9781491690893831	0.972900420909067	0.9794843800455063	0.9775407655127272	0.9792014877750327	0.978441268652093	0.983730461160756	0.978917983900904	0.9825086942117228	0.980617524165965	0.9829632433498767	0.9734195875066728	0.9790596671198484	0.9786116290855258	0.9793889978426108	0.9838040582590493	0.9736593280085207	0.9793738221491891	1.0	0.9834825553734241	0.9839031629779038	0.9797608620348977	0.9827656500411663	0.9816476735550511	0.9826798379327744	0.9837903203158934	0.9832836444426969	0.9791877214105837	0.9811054164171484	0.9841049841569297	0.9824471058967235	0.9710388399093679	0.9825691010770375	0.9819620175282525	0.9837209191853645	0.9822995286945806	0.9812891154541895	0.9820233658867775	0.9815578088914113	0.9779105727644949	0.9832134517443236	0.9784008120785048	0.9829496556267054	0.9833031245580555	0.9832482813065813
0.9872923055819808	0.986805510537816	0.9838896682489011	0.9838208492633262	0.9739406151174713	0.9850198297366372	0.9822250326504542	0.9833669939376593	0.9844063020654195	0.9882543491932034	0.9834416758962273	0.9865662812003879	0.9827136442871415	0.9905577093186386	0.9735095447587945	0.9799702637954412	0.9824052389550385	0.984564851938734	0.990690571137255	0.9770991439997677	0.9847393965419827	0.9834825553734241	1.0	0.9960458759694899	0.981677396269044	0.9881066327925275	0.9837799252686984	0.9880787120802816	0.9891649613634174	0.9875646532310263	0.9835916463447673	0.983684848348942	0.9877204611457157	0.9871370445349412	0.9718282683062258	0.9894402743952182	0.9865019836961658	0.9887394307880881	0.9870414242972526	0.9862632931745997	0.9857257630438474	0.983889443099829	0.9793603271637413	0.9877189612251748	0.9838723036744985	0.9938471201526199	0.9845474502113675	0.9887874873299723
0.9867608155986402	0.9866247614084596	0.9837735711593251	0.9837224979644161	0.9746099249820201	0.9842451347267595	0.9817614610963422	0.9830001244260683	0.9841378895335822	0.9880900381965323	0.9829877191322146	0.9867781715537695	0.9832201980771451	0.9902846652962017	0.9736747660105121	0.9806911158591535	0.9822145774417007	0.9845328198557645	0.9909248460269592	0.9771829844896267	0.9842878901503841	0.9839031629779038	0.9960458759694899	1.0	0.9823767205576456	0.9877757380864678	0.9843739583144349	0.9877928325746167	0.9885747918582136	0.9875101486072809	0.9828360076709084	0.983418079681509	0.9873909466288093	0.9874232733100494	0.9719115427092752	0.9895706798179279	0.9863571161177159	0.9884449839934478	0.9868663165069701	0.9857562506464376	0.9854266105952623	0.983698014258927	0.9795734833063136	0.9879111413952958	0.9835401837558044	0.9944349713652723	0.9849581834810226	0.9885602934376099
0.9799595858304314	0.9800105854309544	0.9769788324450193	0.9768558632619583	0.9746639241662846	0.9783896512615712	0.9749409451136287	0.9769945627947927	0.9772657100695458	0.9822460033591311	0.9770743838837714	0.980162503104049	0.9784725297437293	0.981648288256089	0.9703383975059573	0.9763158633999135	0.9769401427877578	0.9776953634400419	0.9815417992367942	0.9729463742169031	0.9775431975751092	0.9797608620348977	0.981677396269044	0.9823767205576456	1.0	0.9913817348615966	0.9801299652380597	0.9826177816396544	0.9839547412461531	0.9822775969441189	0.9765930914011366	0.9797300838934694	0.9829674706974267	0.981488637979673	0.9712503639756844	0.9845599919324193	0.9805864408171743	0.9843002782484086	0.9811498817957621	0.9805203335334983	0.981917659547823	0.9813000289484166	0.9771607751581503	0.9845175286350569	0.9768525444020536	0.9807893513328788	0.9832980599952984	0.9846889775817902
0.986991829720574	0.9864616485514732	0.9836883220605334	0.9832345546151887	0.9730938245743282	0.9840484137464218	0.981033077535883	0.9822427148268846	0.9839028913824319	0.9878776192829878	0.9823718626628221	0.9860492282220064	0.9808630153841567	0.9875679021674626	0.9728727672339957	0.9776307797882946	0.9815982485166787	0.9838927242814186	0.9874342442383461	0.9763392992130283	0.9838143328946719	0.9827656500411663	0.9881066327925275	0.9877757380864678	0.9913817348615966	1.0	0.9820974893294612	0.9884473768542444	0.9907115348723107	0.9876337663414021	0.9825363233294635	0.9834126941770168	0.9883968299729711	0.9859234425058991	0.9704442917342391	0.9914667630482228	0.986716529998184	0.9902193250410453	0.9873487774121372	0.9864173626602316	0.9864783909675542	0.9846142599727399	0.9796932498541558	0.9902729095963879	0.9831613677667044	0.9863346143928068	0.9853356806873476	0.9912740722453569
0.9810255713896323	0.9810323376283211	0.9776783134557854	0.9777616035921151	0.9753303981329459	0.9793089323011112	0.9771888736017218	0.9784751276171181	0.9781662174395073	0.9829451133954159	0.9789348751941231	0.981214387990197	0.9822520618750634	0.9837764421295365	0.9735461699460196	0.9815383717043397	0.978252286628307	0.9791817874757066	0.9847131823528588	0.9746830875905748	0.9793586233107602	0.9816476735550511	0.9837799252686984	0.9843739583144349	0.9801299652380597	0.9820974893294612	1.0	0.9818209296145056	0.9831621514649239	0.982760774328788	0.9779995708538562	0.9804866477908595	0.9826713345661994	0.9833857292789364	0.9712952733601298	0.9823280860553111	0.9808023205127597	0.982976666753699	0.9811178819774943	0.9801209556397539	0.9815918466069231	0.9815425403603388	0.9773098878521778	0.9833195040145813	0.9787702884797449	0.9837225185948927	0.983639348100179	0.9824207312565302
0.9864004062336639	0.9860518508057114	0.9834066423136798	0.9831793784555423	0.973546412084452	0.9840067784216776	0.9808330825260715	0.9821488514994506	0.9842871928609455	0.9883581356479052	0.9835317787935057	0.9862829858298099	0.983528970273717	0.9877259138921171	0.9724131143337528	0.9801952895982547	0.9816378431745667	0.9837391277238184	0.9874353454622183	0.9761453864239206	0.9841163980213665	0.9826798379327744	0.9880787120802816	0.9877928325746167	0.9826177816396544	0.9884473768542444	0.9818209296145056	1.0	0.9902249135331501	0.9875261658336624	0.9833728454481421	0.9842128789793202	0.9888410868070179	0.9856674625227	0.9715907888550852	0.9894279201357477	0.9871645595486548	0.9897125348915019	0.9876383843542218	0.9858841223304522	0.9865159283534853	0.9848858914131072	0.9806342977173191	0.9879683426745974	0.9836319450624592	0.9863516407133918	0.9840771499831787	0.9887171423095674
0.9876906169016595	0.987281163687836	0.9839565589622955	0.9836069044612543	0.9745199385040875	0.9849458567844521	0.9818406679375401	0.9829233854214161	0.9844030574796643	0.9892735467038652	0.9826452941219241	0.9873457756847908	0.9824414289982498	0.9883139834329508	0.9735775076168323	0.9800568727764074	0.9822335888037235	0.9843544346829715	0.9881872677876432	0.9766263809803031	0.9847118983251021	0.9837903203158934	0.9891649613634174	0.9885747918582136	0.9839547412461531	0.9907115348723107	0.9831621514649239	0.9902249135331501	1.0	0.9891425277102099	0.9827396636679105	0.9850763568330736	0.9896133931310992	0.9865867956558453	0.9713248707957635	0.9919839963056558	0.9870056455892898	0.9918070310875037	0.9875989807145221	0.9868506893909983	0.9880636346269634	0.9873096841363485	0.9831928729733325	0.9913819605298649	0.9832913027622483	0.9875323058676024	0.9871240759136292	0.9918258115504646
0.9856235595256426	0.9856250655573795	0.9822879809630547	0.9824542432362382	0.9762024792040552	0.9831410741221187	0.9806153142004941	0.9818681329910307	0.9831243565408322	0.9875559125356858	0.9827654246259274	0.9863805714041927	0.9819188439190923	0.9866931546407766	0.9733599428660062	0.9799909964449826	0.981476559715042	0.9832257598570276	0.98685526049074	0.9774322272016766	0.9834889295831203	0.9832836444426969	0.9875646532310263	0.9875101486072809	0.9822775969441189	0.9876337663414021	0.982760774328788	0.9875261658336624	0.9891425277102099	1.0	0.9826327805067662	0.9843621017466379	0.9883933600248875	0.98562371682532	0.9719486069612686	0.9880987982259338	0.9871467824574067	0.9894894963017524	0.9876121644332966	0.9864044467159778	0.9872354998220225	0.9853378050637355	0.981623533596736	0.986851660243897	0.982570876372175	0.9866742896914847	0.9849547355262823	0.9879102676899199
0.9829429811023692	0.9823797808872874	0.9806697120981986	0.9805595226222034	0.9695593346512822	0.9821532507626947	0.9802097390888688	0.981590298415715	0.9814791281324503	0.9825194203825106	0.9898073643941778	0.9836204106144528	0.9762027017440179	0.9820499314012485	0.9719186455864717	0.9735181935016046	0.9801105543387637	0.981222087031572	0.9829847651000734	0.9747084541099482	0.9823075645717168	0.9791877214105837	0.9835916463447673	0.9828360076709084	0.9765930914011366	0.9825363233294635	0.9779995708538562	0.9833728454481421	0.9827396636679105	0.9826327805067662	1.0	0.9805591012835568	0.9831808294450683	0.9815743205281017	0.9790501673351045	0.9829287304916795	0.9840605298557418	0.9828249405689805	0.9847630165171469	0.9816666420974609	0.982634912521777	0.9786965124091896	0.9741530190644122	0.9812088110313083	0.9886743933160645	0.9821746190223041	0.9777153233924254	0.9821240099974035
0.982636983108241	0.9824299058938064	0.9801287519335204	0.9801011869530633	0.9736019224791905	0.9804296860155132	0.9783139583217282	0.9796483920970968	0.9805795862211222	0.9840647097053801	0.980816289436384	0.9830163037787683	0.9804370302185821	0.9841038524022334	0.9709840094850664	0.9785079313531014	0.9784757185419524	0.9805098274421193	0.9834624860320561	0.973715094316986	0.9803562495369985	0.9811054164171484	0.983684848348942	0.983418079681509	0.9797300838934694	0.9834126941770168	0.9804866477908595	0.9842128789793202	0.9850763568330736	0.9843621017466379	0.9805591012835568	1.0	0.9853897105997759	0.9828351054277691	0.9719904507407505	0.9842426159108063	0.9841803979314595	0.9848948225042148	0.9844488865411022	0.9827329465314754	0.984437794050907	0.9810983045998405	0.9785553296661308	0.9838993914329391	0.9805720861668874	0.9828870940731849	0.98174505709905	0.9841906441365913
0.9875656234941417	0.9872341134868342	0.9833420168004553	0.9830544822821488	0.97494045784245	0.9851001311357724	0.9817279569422708	0.9826430653762175	0.9840703170335795	0.9880725938612609	0.9838525936409913	0.985990219362457	0.9821220209031554	0.987730730876565	0.9737683623336515	0.979917695035841	0.9817058203143819	0.9842728492973826	0.9875579126616497	0.9770940676890266	0.984449765090822	0.9841049841569297	0.9877204611457157	0.9873909466288093	0.9829674706974267	0.9883968299729711	0.9826713345661994	0.9888410868070179	0.9896133931310992	0.9883933600248875	0.9831808294450683	0.9853897105997759	1.0	0.986312855672679	0.9720074054380702	0.988373990647952	0.9878490471100331	0.9900611380002987	0.9881655174680157	0.9868847951542608	0.9869136963305247	0.9855174934259762	0.9806728923762402	0.9878745810020712	0.9835044904215638	0.9867172762427023	0.9851083199046557	0.9885361597438729
0.983926995281919	0.9839517562978611	0.9810999656540043	0.9810026270628734	0.9746646803540454	0.9822217469416714	0.9798923567148273	0.9813659866763711	0.981717639680618	0.9855401315758824	0.9824115028769586	0.984698529681891	0.9813950065540635	0.9863658537669378	0.9723767061231743	0.9793420619601679	0.9801273984207421	0.982874213494195	0.9870682763485179	0.9755007720741298	0.9824925408234922	0.9824471058967235	0.9871370445349412	0.9874232733100494	0.981488637979673	0.9859234425058991	0.9833857292789364	0.9856674625227	0.9865867956558453	0.98562371682532	0.9815743205281017	0.9828351054277691	0.986312855672679	1.0	0.9724721058029344	0.9860299688739347	0.9850520878658593	0.9863194728983388	0.9852194882013074	0.9841025157343863	0.9846489479420583	0.9829576457739936	0.9784070155647949	0.9855439368672474	0.9821363196952745	0.9874058103459029	0.9833354543826601	0.9853071754598522
0.9711388145863845	0.9712455016216004	0.9695722488935415	0.9695889269510505	0.9681223296321234	0.9702333250920573	0.9688739040964834	0.9708455828316183	0.9696690492324277	0.971435899091184	0.9814713659896159	0.9718713840375222	0.9677611233717404	0.9707303118638072	0.9659339489048091	0.9676941170049084	0.9701758750333159	0.9709953099486961	0.9716396811253325	0.9669357408370043	0.9702650160742671	0.9710388399093679	0.9718282683062258	0.9719115427092752	0.9712503639756844	0.9704442917342391	0.9712952733601298	0.9715907888550852	0.9713248707957635	0.9719486069612686	0.9790501673351045	0.9719904507407505	0.9720074054380702	0.9724721058029344	1.0	0.9704795364819017	0.9729472824195009	0.9715531054190522	0.9734520570824168	0.9713044792523876	0.9721520819965502	0.970339758266527	0.9668864132729552	0.9713672211897374	0.9775104916283794	0.9721019791048838	0.9708271069133001	0.970158438711198
0.9873159165976909	0.9867303875556361	0.9834435519077936	0.9829269698819426	0.972699288055685	0.9840311284333134	0.9811542899842242	0.9824938457432155	0.9835878748429406	0.9882442549537197	0.9827612854738289	0.9865795077914062	0.9820223176898257	0.9880842517263637	0.972705417523912	0.9793664864726963	0.9817758761492222	0.9834324568658349	0.9882789397679087	0.9766233966551294	0.9839120513163158	0.9825691010770375	0.9894402743952182	0.9895706798179279	0.9845599919324193	0.9914667630482228	0.9823280860553111	0.9894279201357477	0.9919839963056558	0.9880987982259338	0.9829287304916795	0.9842426159108063	0.988373990647952	0.9860299688739347	0.9704795364819017	1.0	0.9863225261951726	0.9915287452954166	0.987026822333238	0.986450968352458	0.9873931877901587	0.9860534506469434	0.9817273386400921	0.9918539145703716	0.9831412157106523	0.9873737980059866	0.9878414096977773	0.992893484561588
0.9859023274324494	0.9856630087391458	0.9829527228235029	0.9829410194655754	0.9752321659273108	0.9841338451428908	0.9816398645052151	0.9825514560874882	0.9835188217950755	0.9866356176998707	0.9847267099833656	0.985634999988314	0.9796627012627601	0.9859434055812561	0.973269632036572	0.9776153814077122	0.9816134943291344	0.9841621679825862	0.9863863158438311	0.9768475227623231	0.9837774214226895	0.9819620175282525	0.9865019836961658	0.9863571161177159	0.9805864408171743	0.986716529998184	0.9808023205127597	0.9871645595486548	0.9870056455892898	0.9871467824574067	0.9840605298557418	0.9841803979314595	0.9878490471100331	0.9850520878658593	0.9729472824195009	0.9863225261951726	1.0	0.9874228585319437	0.9977260235245614	0.9879136131006166	0.986567533150917	0.9832283256316966	0.979050407981155	0.9857565112263513	0.9848434463638203	0.9855331378604483	0.982037410839814	0.986225202279633
0.9872079958936764	0.9871473826487029	0.983718386328914	0.9833320694775077	0.974312909348525	0.9840840547623634	0.9814550781239293	0.9825844096209063	0.9840965503892828	0.9890881934760323	0.9828272794766829	0.9865677670977532	0.9819768976383221	0.9890782265594785	0.9731246548817908	0.9796748398488417	0.9820147846673203	0.9843436831232326	0.9887168682626769	0.9769069782846805	0.9842423959413545	0.9837209191853645	0.9887394307880881	0.9884449839934478	0.9843002782484086	0.9902193250410453	0.982976666753699	0.9897125348915019	0.9918070310875037	0.9894894963017524	0.9828249405689805	0.9848948225042148	0.9900611380002987	0.9863194728983388	0.9715531054190522	0.9915287452954166	0.9874228585319437	1.0	0.9881141849528257	0.987033772221372	0.9881894291709665	0.9883152534825125	0.982571555289327	0.9904621606320074	0.982925632018737	0.987392644259827	0.9866043733577681	0.9913152389863505
