/home/jshaw/scratch/2022_sketched_distance/references/SGB_genome_fastas_part2/2212/BritoIL_2016__M1.27.ST__bin.20.fa	/home/jshaw/scratch/2022_sketched_distance/references/SGB_genome_fastas_part2/2212/BritoIL_2016__M1.29.ST__bin.46.fa	/home/jshaw/scratch/2022_sketched_distance/references/SGB_genome_fastas_part2/2212/BritoIL_2016__M2.38.ST__bin.58.fa	/home/jshaw/scratch/2022_sketched_distance/references/SGB_genome_fastas_part2/2212/BritoIL_2016__M2.39.ST__bin.80.fa	/home/jshaw/scratch/2022_sketched_distance/references/SGB_genome_fastas_part2/2212/BritoIL_2016__W2.35.ST__bin.80.fa	/home/jshaw/scratch/2022_sketched_distance/references/SGB_genome_fastas_part2/2212/CosteaPI_2017__SID713A056-11-0-0__bin.33.fa	/home/jshaw/scratch/2022_sketched_distance/references/SGB_genome_fastas_part2/2212/CosteaPI_2017__SID713A056-11-90-0__bin.38.fa	/home/jshaw/scratch/2022_sketched_distance/references/SGB_genome_fastas_part2/2212/CosteaPI_2017__SID713A084-11-0-0__bin.5.fa	/home/jshaw/scratch/2022_sketched_distance/references/SGB_genome_fastas_part2/2212/CosteaPI_2017__SID713A084-11-90-0__bin.49.fa	/home/jshaw/scratch/2022_sketched_distance/references/SGB_genome_fastas_part2/2212/CosteaPI_2017__SID713A087-11-0-0__bin.64.fa	/home/jshaw/scratch/2022_sketched_distance/references/SGB_genome_fastas_part2/2212/LeChatelierE_2013__MH0096__bin.48.fa	/home/jshaw/scratch/2022_sketched_distance/references/SGB_genome_fastas_part2/2212/LeChatelierE_2013__MH0189__bin.65.fa	/home/jshaw/scratch/2022_sketched_distance/references/SGB_genome_fastas_part2/2212/LiuW_2016__SRR3992961__bin.125.fa	/home/jshaw/scratch/2022_sketched_distance/references/SGB_genome_fastas_part2/2212/LiuW_2016__SRR3992980__bin.94.fa	/home/jshaw/scratch/2022_sketched_distance/references/SGB_genome_fastas_part2/2212/LiuW_2016__SRR3992981__bin.61.fa	/home/jshaw/scratch/2022_sketched_distance/references/SGB_genome_fastas_part2/2212/LiuW_2016__SRR3992998__bin.96.fa	/home/jshaw/scratch/2022_sketched_distance/references/SGB_genome_fastas_part2/2212/LiuW_2016__SRR3993043__bin.1.fa	/home/jshaw/scratch/2022_sketched_distance/references/SGB_genome_fastas_part2/2212/LiuW_2016__SRR3993048__bin.88.fa	/home/jshaw/scratch/2022_sketched_distance/references/SGB_genome_fastas_part2/2212/NielsenHB_2014__MH0096__bin.53.fa	/home/jshaw/scratch/2022_sketched_distance/references/SGB_genome_fastas_part2/2212/RampelliS_2015__H14__bin.32.fa	/home/jshaw/scratch/2022_sketched_distance/references/SGB_genome_fastas_part2/2212/RampelliS_2015__H17__bin.38.fa	/home/jshaw/scratch/2022_sketched_distance/references/SGB_genome_fastas_part2/2212/RampelliS_2015__H21__bin.15.fa	/home/jshaw/scratch/2022_sketched_distance/references/SGB_genome_fastas_part2/2212/VogtmannE_2016__MMRS65742083ST-27-0-0__bin.63.fa	/home/jshaw/scratch/2022_sketched_distance/references/SGB_genome_fastas_part2/2212/XieH_2016__YSZC12003_35520__bin.11.fa	/home/jshaw/scratch/2022_sketched_distance/references/SGB_genome_fastas_part2/2212/XieH_2016__YSZC12003_36244__bin.60.fa	/home/jshaw/scratch/2022_sketched_distance/references/SGB_genome_fastas_part2/2212/XieH_2016__YSZC12003_37315__bin.45.fa	/home/jshaw/scratch/2022_sketched_distance/references/SGB_genome_fastas_part2/2212/ZeeviD_2015__PNP_Validation_57__bin.29.fa	/home/jshaw/scratch/2022_sketched_distance/references/SGB_genome_fastas_part2/2212/ZellerG_2014__CCMD72895164ST-21-0__bin.5.fa
1.0	0.9754949834501744	0.9723780315489896	0.9767691264469671	0.9769608541015192	0.9733361508484318	0.978697875428073	0.97454605155301	0.9744492225886379	0.9785005471938922	0.9660814857512757	0.967567517154767	0.9712768413352176	0.9690054487694248	0.9731535500250601	0.9717688179095394	0.9640799002467717	0.9698031997914754	0.9642465060498238	0.9736707943607282	0.9696207637124089	0.9736631767436236	0.9691277161513127	0.968236564037027	0.9691885926220908	0.9779702267800404	0.9791730119505777	0.9739881405858117
0.9754949834501744	1.0	0.9700864004762445	0.9754931182720635	0.9770908829282744	0.9695878830431912	0.9754573051693433	0.9730468183246646	0.9727483216567822	0.9758109366421973	0.9646898856168916	0.9653606490080473	0.9714021015944718	0.9682570788392771	0.9731163012195442	0.9712652276300671	0.9609377412050119	0.970308822984369	0.9624981171002115	0.9716190672846143	0.9667988993258896	0.9711905978292741	0.9678944010569384	0.9666680708632306	0.968251853043898	0.9756745537096466	0.976459648091654	0.9719763744786607
0.9723780315489896	0.9700864004762445	1.0	0.9923355173747195	0.9717728222162284	0.9699778434337293	0.9733547724106058	0.9686968209030754	0.9688205944851435	0.9730271782359723	0.9646511060217077	0.9653989778736468	0.9658730389579334	0.9642167876785387	0.9679700423260729	0.968743010631094	0.9644062565312381	0.9669668553402845	0.9625815453700104	0.971630640648335	0.963397757625563	0.9705571355370749	0.9676975401458692	0.9655715886133815	0.9657282698837357	0.9726538363464322	0.9746632070529112	0.9686423319108097
0.9767691264469671	0.9754931182720635	0.9923355173747195	1.0	0.9764985474794539	0.9733739522559284	0.978721835560037	0.9743563640395013	0.9743825174998951	0.9783098409891472	0.9669082499134092	0.9676559603141707	0.9704742897610228	0.9671166447027846	0.9735728395562285	0.9714959495022913	0.9643508990418926	0.9687770642915784	0.9646163578787268	0.9731447469432772	0.9678804677691044	0.972168348629705	0.9710360713007966	0.9688587388765245	0.970324682101129	0.9783596752947117	0.9798507672629558	0.9720749735743549
0.9769608541015192	0.9770908829282744	0.9717728222162284	0.9764985474794539	1.0	0.9720288207439857	0.977238321485224	0.9732907182066958	0.9729938529710427	0.9773065515834193	0.9656551658415014	0.9669091288442984	0.9714013100631205	0.9680937957619419	0.972986700537246	0.9718732158498937	0.9625990665484567	0.970462059960036	0.963984605541198	0.9728351115595214	0.9687585876062537	0.9726753788255531	0.9691968707689014	0.9680932909511673	0.9685913844118447	0.9775273823796	0.9790402587847138	0.9737862473507761
0.9733361508484318	0.9695878830431912	0.9699778434337293	0.9733739522559284	0.9720288207439857	1.0	0.9922778657450673	0.970522092495587	0.9703581655009117	0.9743474032743833	0.9656245012404898	0.9650499674484665	0.9699638504528264	0.9670685560328638	0.9717734120141811	0.9691963975826767	0.9656052095366592	0.9687958624773084	0.9641966015683885	0.9719868687531914	0.9644604717973135	0.971327341009964	0.9680453862340701	0.9655859457015205	0.9667677319088622	0.9744166962038895	0.9774405520217818	0.9707917076196322
0.978697875428073	0.9754573051693433	0.9733547724106058	0.978721835560037	0.977238321485224	0.9922778657450673	1.0	0.976854112966689	0.9767530064003732	0.9804816659751218	0.9692713561423077	0.9695049716177812	0.9745092623433966	0.9714684528363224	0.9769981151792745	0.9739516235634383	0.9673445079031556	0.9729034480548008	0.9674677074849853	0.9761510780737955	0.9699915562927515	0.9756424243594427	0.972847880063433	0.9704511348013451	0.9717135599308142	0.9799196025828255	0.982246437342035	0.9754662156605396
0.97454605155301	0.9730468183246646	0.9686968209030754	0.9743563640395013	0.9732907182066958	0.970522092495587	0.976854112966689	1.0	0.9993121642080834	0.976192720004574	0.9677860227860652	0.9680503310437358	0.9792204811550889	0.9765087263007897	0.9813396032007932	0.9811418406196605	0.9653756643097424	0.9794640702261097	0.9655916947559869	0.9712656695175912	0.9688618844351666	0.9706076751286112	0.9695648413196745	0.969131974664022	0.9700307932372884	0.9748380438406864	0.975922781961518	0.9799974086219305
0.9744492225886379	0.9727483216567822	0.9688205944851435	0.9743825174998951	0.9729938529710427	0.9703581655009117	0.9767530064003732	0.9993121642080834	1.0	0.9760148910549274	0.9677453793114839	0.9679041231671967	0.9787306591070678	0.9762140513710045	0.9810302706167968	0.9809565161355518	0.9651936044619963	0.979148869322163	0.9654933918582366	0.971064894291765	0.9686217725563085	0.970454632018721	0.9694715036781938	0.968843223779761	0.9700345260312714	0.9747431079497701	0.9759413637689294	0.9799240750418428
0.9785005471938922	0.9758109366421973	0.9730271782359723	0.9783098409891472	0.9773065515834193	0.9743474032743833	0.9804816659751218	0.976192720004574	0.9760148910549274	1.0	0.9675736823052253	0.9687695402015606	0.9734857180930988	0.9710796172710399	0.9759638079985341	0.9749107490278996	0.9668009375830035	0.9743272970519903	0.9659020673534103	0.9759342580033907	0.9702310241701938	0.9745068185494636	0.971280363765103	0.9698119890806027	0.9704544944896505	0.979134267418046	0.9811483333049128	0.9759384258156544
0.9660814857512757	0.9646898856168916	0.9646511060217077	0.9669082499134092	0.9656551658415014	0.9656245012404898	0.9692713561423077	0.9677860227860652	0.9677453793114839	0.9675736823052253	1.0	0.9869598352894272	0.9670893179685246	0.9657431134397912	0.9679155117680389	0.9689084820937972	0.959648396642813	0.9673343700069031	0.9964493348813998	0.9650656406404293	0.9621463257284406	0.9656601835468177	0.9855112907519297	0.9862908881255821	0.9855331614596841	0.9674511182089718	0.9685669930642885	0.9681485009764873
0.967567517154767	0.9653606490080473	0.9653989778736468	0.9676559603141707	0.9669091288442984	0.9650499674484665	0.9695049716177812	0.9680503310437358	0.9679041231671967	0.9687695402015606	0.9869598352894272	1.0	0.9673023924670089	0.9657315205503028	0.9682869079659111	0.9691252917049821	0.9595376802967995	0.9679168473282641	0.9848703177552279	0.9674322749840027	0.9638861876549516	0.9669997095120222	0.987320311853125	0.9886323850011185	0.9871358338160241	0.9688780667510649	0.9692048368132584	0.9680667575933325
0.9712768413352176	0.9714021015944718	0.9658730389579334	0.9704742897610228	0.9714013100631205	0.9699638504528264	0.9745092623433966	0.9792204811550889	0.9787306591070678	0.9734857180930988	0.9670893179685246	0.9673023924670089	1.0	0.9927088352700847	0.9792992250710821	0.9793002004155491	0.9649386104577937	0.9789245281702604	0.9653707950935765	0.971481446107008	0.9677326401203625	0.97004204143014	0.9690443799980374	0.9685821936359709	0.9681097527609772	0.971990022199331	0.9732837079443788	0.97755949952693
0.9690054487694248	0.9682570788392771	0.9642167876785387	0.9671166447027846	0.9680937957619419	0.9670685560328638	0.9714684528363224	0.9765087263007897	0.9762140513710045	0.9710796172710399	0.9657431134397912	0.9657315205503028	0.9927088352700847	1.0	0.9770307256348872	0.9780535215208017	0.967489441026329	0.9800264311479302	0.9642189749574898	0.9707663676681009	0.9650053696033416	0.9702694751416719	0.9668158855717383	0.9656928633937149	0.9652773597616349	0.9689146824064531	0.9699393178823156	0.9760932594751888
0.9731535500250601	0.9731163012195442	0.9679700423260729	0.9735728395562285	0.972986700537246	0.9717734120141811	0.9769981151792745	0.9813396032007932	0.9810302706167968	0.9759638079985341	0.9679155117680389	0.9682869079659111	0.9792992250710821	0.9770307256348872	1.0	0.9811871108057053	0.9672792007672847	0.9805120585211293	0.9660068908754043	0.9718111064812779	0.9685382035517146	0.970685574874308	0.9699201123294634	0.9695244889086085	0.969606100581873	0.9738760304215046	0.974705872930628	0.9792969856827806
0.9717688179095394	0.9712652276300671	0.968743010631094	0.9714959495022913	0.9718732158498937	0.9691963975826767	0.9739516235634383	0.9811418406196605	0.9809565161355518	0.9749107490278996	0.9689084820937972	0.9691252917049821	0.9793002004155491	0.9780535215208017	0.9811871108057053	1.0	0.9680714695037602	0.982994100149584	0.9671147240287218	0.9724493289111807	0.9678128305745807	0.9711097534535602	0.9704858156417083	0.9699535733136848	0.9692534858286495	0.9722802080796676	0.9733518752170507	0.9806585363451967
0.9640799002467717	0.9609377412050119	0.9644062565312381	0.9643508990418926	0.9625990665484567	0.9656052095366592	0.9673445079031556	0.9653756643097424	0.9651936044619963	0.9668009375830035	0.959648396642813	0.9595376802967995	0.9649386104577937	0.967489441026329	0.9672792007672847	0.9680714695037602	1.0	0.9688702237549266	0.955700135777912	0.9673769313042576	0.9574998542758036	0.9663206146316347	0.9605366434797138	0.9601532855339944	0.9592493883156938	0.9630765454874367	0.9657773003181589	0.9662402649714775
0.9698031997914754	0.970308822984369	0.9669668553402845	0.9687770642915784	0.970462059960036	0.9687958624773084	0.9729034480548008	0.9794640702261097	0.979148869322163	0.9743272970519903	0.9673343700069031	0.9679168473282641	0.9789245281702604	0.9800264311479302	0.9805120585211293	0.982994100149584	0.9688702237549266	1.0	0.9648366854521303	0.9708048879390193	0.9660536707180859	0.9697180836792554	0.9695418494716491	0.9679530364652633	0.9679773877862163	0.9705789447016937	0.9716667310546581	0.9799096568978297
0.9642465060498238	0.9624981171002115	0.9625815453700104	0.9646163578787268	0.963984605541198	0.9641966015683885	0.9674677074849853	0.9655916947559869	0.9654933918582366	0.9659020673534103	0.9964493348813998	0.9848703177552279	0.9653707950935765	0.9642189749574898	0.9660068908754043	0.9671147240287218	0.955700135777912	0.9648366854521303	1.0	0.962216135785259	0.9598962138665905	0.9624477841632445	0.983209596025453	0.9839653944697204	0.9829839777900587	0.9655102494655711	0.9665212004697051	0.966572124033957
0.9736707943607282	0.9716190672846143	0.971630640648335	0.9731447469432772	0.9728351115595214	0.9719868687531914	0.9761510780737955	0.9712656695175912	0.971064894291765	0.9759342580033907	0.9650656406404293	0.9674322749840027	0.971481446107008	0.9707663676681009	0.9718111064812779	0.9724493289111807	0.9673769313042576	0.9708048879390193	0.962216135785259	1.0	0.9711864727808416	0.9772923021276424	0.9689939661482676	0.9674916096238898	0.9671879384594074	0.9744721031660801	0.9767121023750173	0.971877418529211
0.9696207637124089	0.9667988993258896	0.963397757625563	0.9678804677691044	0.9687585876062537	0.9644604717973135	0.9699915562927515	0.9688618844351666	0.9686217725563085	0.9702310241701938	0.9621463257284406	0.9638861876549516	0.9677326401203625	0.9650053696033416	0.9685382035517146	0.9678128305745807	0.9574998542758036	0.9660536707180859	0.9598962138665905	0.9711864727808416	1.0	0.9687390920848118	0.9651716611465975	0.9641149570403946	0.9648131119380395	0.9695752483566217	0.970427955904728	0.9688789854801411
0.9736631767436236	0.9711905978292741	0.9705571355370749	0.972168348629705	0.9726753788255531	0.971327341009964	0.9756424243594427	0.9706076751286112	0.970454632018721	0.9745068185494636	0.9656601835468177	0.9669997095120222	0.97004204143014	0.9702694751416719	0.970685574874308	0.9711097534535602	0.9663206146316347	0.9697180836792554	0.9624477841632445	0.9772923021276424	0.9687390920848118	1.0	0.9682654996412254	0.9667228560021854	0.96666363010926	0.9739778133819718	0.9760090681135599	0.9715176273651045
0.9691277161513127	0.9678944010569384	0.9676975401458692	0.9710360713007966	0.9691968707689014	0.9680453862340701	0.972847880063433	0.9695648413196745	0.9694715036781938	0.971280363765103	0.9855112907519297	0.987320311853125	0.9690443799980374	0.9668158855717383	0.9699201123294634	0.9704858156417083	0.9605366434797138	0.9695418494716491	0.983209596025453	0.9689939661482676	0.9651716611465975	0.9682654996412254	1.0	0.9886723374342361	0.9877619626872753	0.9710720513782628	0.9727662311755494	0.9702640237700819
0.968236564037027	0.9666680708632306	0.9655715886133815	0.9688587388765245	0.9680932909511673	0.9655859457015205	0.9704511348013451	0.969131974664022	0.968843223779761	0.9698119890806027	0.9862908881255821	0.9886323850011185	0.9685821936359709	0.9656928633937149	0.9695244889086085	0.9699535733136848	0.9601532855339944	0.9679530364652633	0.9839653944697204	0.9674916096238898	0.9641149570403946	0.9667228560021854	0.9886723374342361	1.0	0.9878861705306864	0.969739208346946	0.9703517569758616	0.9690085814101808
0.9691885926220908	0.968251853043898	0.9657282698837357	0.970324682101129	0.9685913844118447	0.9667677319088622	0.9717135599308142	0.9700307932372884	0.9700345260312714	0.9704544944896505	0.9855331614596841	0.9871358338160241	0.9681097527609772	0.9652773597616349	0.969606100581873	0.9692534858286495	0.9592493883156938	0.9679773877862163	0.9829839777900587	0.9671879384594074	0.9648131119380395	0.96666363010926	0.9877619626872753	0.9878861705306864	1.0	0.9714463528373295	0.9717382512666225	0.9684830622372124
0.9779702267800404	0.9756745537096466	0.9726538363464322	0.9783596752947117	0.9775273823796	0.9744166962038895	0.9799196025828255	0.9748380438406864	0.9747431079497701	0.979134267418046	0.9674511182089718	0.9688780667510649	0.971990022199331	0.9689146824064531	0.9738760304215046	0.9722802080796676	0.9630765454874367	0.9705789447016937	0.9655102494655711	0.9744721031660801	0.9695752483566217	0.9739778133819718	0.9710720513782628	0.969739208346946	0.9714463528373295	1.0	0.9807521523089766	0.9737999446979689
0.9791730119505777	0.976459648091654	0.9746632070529112	0.9798507672629558	0.9790402587847138	0.9774405520217818	0.982246437342035	0.975922781961518	0.9759413637689294	0.9811483333049128	0.9685669930642885	0.9692048368132584	0.9732837079443788	0.9699393178823156	0.974705872930628	0.9733518752170507	0.9657773003181589	0.9716667310546581	0.9665212004697051	0.9767121023750173	0.970427955904728	0.9760090681135599	0.9727662311755494	0.9703517569758616	0.9717382512666225	0.9807521523089766	1.0	0.9748395252915782
0.9739881405858117	0.9719763744786607	0.9686423319108097	0.9720749735743549	0.9737862473507761	0.9707917076196322	0.9754662156605396	0.9799974086219305	0.9799240750418428	0.9759384258156544	0.9681485009764873	0.9680667575933325	0.97755949952693	0.9760932594751888	0.9792969856827806	0.9806585363451967	0.9662402649714775	0.9799096568978297	0.966572124033957	0.971877418529211	0.9688789854801411	0.9715176273651045	0.9702640237700819	0.9690085814101808	0.9684830622372124	0.9737999446979689	0.9748395252915782	1.0
