/home/jshaw/scratch/2022_sketched_distance/references/SGB_genome_fastas_part3/4767/Bengtsson-PalmeJ_2015__TRAVELRES11__bin.140.fa	/home/jshaw/scratch/2022_sketched_distance/references/SGB_genome_fastas_part3/4767/Bengtsson-PalmeJ_2015__TRAVELRES12__bin.112.fa	/home/jshaw/scratch/2022_sketched_distance/references/SGB_genome_fastas_part3/4767/Bengtsson-PalmeJ_2015__TRAVELRES17__bin.47.fa	/home/jshaw/scratch/2022_sketched_distance/references/SGB_genome_fastas_part3/4767/Bengtsson-PalmeJ_2015__TRAVELRES20__bin.82.fa	/home/jshaw/scratch/2022_sketched_distance/references/SGB_genome_fastas_part3/4767/Bengtsson-PalmeJ_2015__TRAVELRES22__bin.75.fa	/home/jshaw/scratch/2022_sketched_distance/references/SGB_genome_fastas_part3/4767/Bengtsson-PalmeJ_2015__TRAVELRES29__bin.103.fa	/home/jshaw/scratch/2022_sketched_distance/references/SGB_genome_fastas_part3/4767/Bengtsson-PalmeJ_2015__TRAVELRES2__bin.84.fa	/home/jshaw/scratch/2022_sketched_distance/references/SGB_genome_fastas_part3/4767/Bengtsson-PalmeJ_2015__TRAVELRES37__bin.8.fa	/home/jshaw/scratch/2022_sketched_distance/references/SGB_genome_fastas_part3/4767/Bengtsson-PalmeJ_2015__TRAVELRES38__bin.11.fa	/home/jshaw/scratch/2022_sketched_distance/references/SGB_genome_fastas_part3/4767/Bengtsson-PalmeJ_2015__TRAVELRES39__bin.92.fa	/home/jshaw/scratch/2022_sketched_distance/references/SGB_genome_fastas_part3/4767/Bengtsson-PalmeJ_2015__TRAVELRES47__bin.49.fa	/home/jshaw/scratch/2022_sketched_distance/references/SGB_genome_fastas_part3/4767/Bengtsson-PalmeJ_2015__TRAVELRES58__bin.66.fa	/home/jshaw/scratch/2022_sketched_distance/references/SGB_genome_fastas_part3/4767/Bengtsson-PalmeJ_2015__TRAVELRES59__bin.25.fa	/home/jshaw/scratch/2022_sketched_distance/references/SGB_genome_fastas_part3/4767/Bengtsson-PalmeJ_2015__TRAVELRES66__bin.85.fa	/home/jshaw/scratch/2022_sketched_distance/references/SGB_genome_fastas_part3/4767/Bengtsson-PalmeJ_2015__TRAVELRES68__bin.65.fa	/home/jshaw/scratch/2022_sketched_distance/references/SGB_genome_fastas_part3/4767/Bengtsson-PalmeJ_2015__TRAVELRES7__bin.69.fa	/home/jshaw/scratch/2022_sketched_distance/references/SGB_genome_fastas_part3/4767/CM_madagascar__A94_02_1FE__bin.8.fa	/home/jshaw/scratch/2022_sketched_distance/references/SGB_genome_fastas_part3/4767/CosteaPI_2017__SID713B073-11-90-0__bin.64.fa	/home/jshaw/scratch/2022_sketched_distance/references/SGB_genome_fastas_part3/4767/GeversD_2014__SKBSTL064__bin.32.fa	/home/jshaw/scratch/2022_sketched_distance/references/SGB_genome_fastas_part3/4767/LeChatelierE_2013__MH0204__bin.78.fa	/home/jshaw/scratch/2022_sketched_distance/references/SGB_genome_fastas_part3/4767/LeChatelierE_2013__MH0316__bin.58.fa	/home/jshaw/scratch/2022_sketched_distance/references/SGB_genome_fastas_part3/4767/LeChatelierE_2013__MH0434__bin.7.fa	/home/jshaw/scratch/2022_sketched_distance/references/SGB_genome_fastas_part3/4767/LiJ_2017__nHM612709__bin.20.fa	/home/jshaw/scratch/2022_sketched_distance/references/SGB_genome_fastas_part3/4767/QinN_2014__LD-11__bin.14.fa	/home/jshaw/scratch/2022_sketched_distance/references/SGB_genome_fastas_part3/4767/QinN_2014__LD-56__bin.22.fa	/home/jshaw/scratch/2022_sketched_distance/references/SGB_genome_fastas_part3/4767/QinN_2014__LD-68__bin.25.fa	/home/jshaw/scratch/2022_sketched_distance/references/SGB_genome_fastas_part3/4767/QinN_2014__LD-84__bin.51.fa	/home/jshaw/scratch/2022_sketched_distance/references/SGB_genome_fastas_part3/4767/QinN_2014__LD-97__bin.25.fa	/home/jshaw/scratch/2022_sketched_distance/references/SGB_genome_fastas_part3/4767/VogtmannE_2016__MMRS42570301ST-27-0-0__bin.26.fa	/home/jshaw/scratch/2022_sketched_distance/references/SGB_genome_fastas_part3/4767/VogtmannE_2016__MMRS77321055ST-27-0-0__bin.71.fa	/home/jshaw/scratch/2022_sketched_distance/references/SGB_genome_fastas_part3/4767/WenC_2017__N290__bin.92.fa	/home/jshaw/scratch/2022_sketched_distance/references/SGB_genome_fastas_part3/4767/WenC_2017__N310__bin.120.fa	/home/jshaw/scratch/2022_sketched_distance/references/SGB_genome_fastas_part3/4767/ZellerG_2014__CCIS22958137ST-20-0__bin.59.fa
1.0	0.997124452018756	0.9804593224237779	0.9835412944002495	0.98239120208166	0.988648388694167	0.9827667783476565	0.9826026073308588	0.979951609215912	0.9795347130679838	0.9852671430575378	0.9811674860061411	0.9832707821434482	0.9910151761545587	0.9868006507708071	0.9849378027269176	0.9768122220035539	0.9866055734627884	0.9830150113537152	0.9850978349396854	0.9838755526212215	0.9799321313754364	0.9789268383672644	0.9789289101094286	0.979310304282171	0.979794762980466	0.9739482509328827	0.9802311611577081	0.9758441668763161	0.9889484763507219	0.9772085353774149	0.9771057828321176	0.9882907543883616
0.997124452018756	1.0	0.976923852853916	0.9828397176695419	0.9807894529416098	0.9870716351592927	0.9810078636153573	0.9818963641427908	0.9805015674476653	0.9794563094809079	0.9839585460333711	0.9801193255828166	0.9817026051260042	0.990581446757126	0.9862093065516009	0.9855962283745444	0.9752900539606116	0.9857765333809971	0.9823656710076534	0.9842611618216682	0.9826831350140778	0.9785547581775949	0.9776059791587718	0.9788689610665012	0.9796074562137563	0.9780788299106958	0.9729336333783596	0.9793986214516051	0.9745953666140706	0.987827019396769	0.9757145906283259	0.9767358675506795	0.986322647693971
0.9804593224237779	0.976923852853916	1.0	0.9738703655992644	0.971805025088664	0.9704995241917185	0.9646263177437571	0.9820931862497845	0.9814652539802131	0.9645424657658442	0.97233382476114	0.9801720244034541	0.975241679577611	0.9770601870458729	0.9696560006371987	0.9798821776572647	0.9770148057009739	0.9797153888148781	0.9804593224237779	0.9740200922748687	0.9673559594454879	0.962286955213913	0.9681396140736379	0.9786963558187785	0.9793369697015828	0.9759531842646456	0.972490796593228	0.976186935381381	0.9711588552693633	0.9724345023186093	0.9640716529922074	0.9751456249694683	0.974431064061067
0.9835412944002495	0.9828397176695419	0.9738703655992644	1.0	0.9784509478966146	0.9815184547364088	0.9771776889624568	0.9848732031879341	0.9836855850797477	0.9782977689409225	0.9809546222208296	0.9834544141892738	0.9805450771369405	0.9816666005809023	0.9820640569526229	0.9855874269905937	0.9795801521720507	0.9837718556843319	0.982513071574811	0.9784847236928508	0.9761710339438797	0.975563936471978	0.9755185058728112	0.982869251890008	0.9823635122706127	0.9807031636032524	0.9766802542401104	0.981819370430943	0.9741587305772403	0.9824699221139775	0.9747563681308073	0.9822433710546301	0.9842741815520946
0.98239120208166	0.9807894529416098	0.971805025088664	0.9784509478966146	1.0	0.9820988847840408	0.976425631081589	0.9820196212895909	0.9807297033379457	0.9750953214218809	0.9801772228817187	0.9801261219299746	0.9767263073296567	0.980549796463094	0.981197443978376	0.9833987240184506	0.977790525244736	0.9811161381716542	0.9781484676409995	0.9772647521185455	0.9752901895611369	0.9769785132429492	0.9726330233476524	0.9793556171051513	0.979136577014502	0.9779537137196335	0.9723545652275536	0.9782776602885331	0.9699882999919718	0.9820191988971909	0.9729960771631723	0.9766924836498757	0.9835925565413327
0.988648388694167	0.9870716351592927	0.9704995241917185	0.9815184547364088	0.9820988847840408	1.0	0.9776207267837995	0.9869726011039004	0.9862370944734864	0.9724906882995706	0.9791718629036111	0.9845728234953142	0.9817518635338351	0.9870386569185622	0.9792974623330214	0.9901831377762033	0.9815574720117631	0.9881417848003768	0.984322912504958	0.9827445001142441	0.9756038070935069	0.9711299461218624	0.9754899302535421	0.9851020242115598	0.9832297602037102	0.9826314888976115	0.9768242117460139	0.981867946573587	0.9753487252018327	0.9812848774517949	0.9690137558896362	0.9807681440353162	0.9802603533214725
0.9827667783476565	0.9810078636153573	0.9646263177437571	0.9771776889624568	0.976425631081589	0.9776207267837995	1.0	0.9832230381992038	0.9825152048340446	0.9698103091922421	0.9767285419385849	0.9812274964002424	0.977912773895151	0.9818347370716036	0.9762731119411443	0.9851040147699833	0.977522793248947	0.9850261316607302	0.9799781017936136	0.9785367079320413	0.9670186632914785	0.9650616255187957	0.972892873447526	0.9810519083341563	0.9798413604501275	0.9785842120289595	0.9713289721486322	0.979288596451953	0.972892873447526	0.975787918202321	0.9664715382931206	0.9770784124719677	0.9750334383237582
0.9826026073308588	0.9818963641427908	0.9820931862497845	0.9848732031879341	0.9820196212895909	0.9869726011039004	0.9832230381992038	1.0	0.9928617917686603	0.9820943280222623	0.9877673840335498	0.9850536591022502	0.9854652171746819	0.9842013500511776	0.9888629940186918	0.9850692641982464	0.9783467990669891	0.9833622811339444	0.9849620377186133	0.9827879283767245	0.9842369654428601	0.9797631043010089	0.9800978574077571	0.9827883945573117	0.9819201526981317	0.9789876394426386	0.9768147865562501	0.9828877471748524	0.9777604438733418	0.9874829985999684	0.9782648930211991	0.9791350373866229	0.9890384205674781
0.979951609215912	0.9805015674476653	0.9814652539802131	0.9836855850797477	0.9807297033379457	0.9862370944734864	0.9825152048340446	0.9928617917686603	1.0	0.9805751435213211	0.9866488252737221	0.984147426282773	0.9843731239956697	0.9832020263845983	0.9872905093459161	0.9821663880492439	0.9765304175645717	0.9818810263658609	0.9840279144914909	0.981767634903822	0.9830992324130006	0.9789480554853592	0.9788244828994073	0.9811049492562904	0.9777806147486394	0.9779430193718519	0.9766372802201971	0.9817044923940825	0.976317148528813	0.9862298351253331	0.9772085353774149	0.9775274521856687	0.9878500112072359
0.9795347130679838	0.9794563094809079	0.9645424657658442	0.9782977689409225	0.9750953214218809	0.9724906882995706	0.9698103091922421	0.9820943280222623	0.9805751435213211	1.0	0.9740001620654256	0.9790216911205254	0.9762848184376857	0.9782977689409225	0.9729627437904635	0.9820943280222623	0.9775157821467391	0.9798852181055183	0.9799239319192936	0.9749153393298061	0.9677561121647107	0.9679997100894305	0.9761981838264961	0.9809897052177623	0.9799625999034299	0.9794170369694621	0.9785004752375327	0.9824901938338582	0.9745979518659612	0.9753454519675444	0.9677535934216133	0.9853323516442204	0.9761480798244647
0.9852671430575378	0.9839585460333711	0.97233382476114	0.9809546222208296	0.9801772228817187	0.9791718629036111	0.9767285419385849	0.9877673840335498	0.9866488252737221	0.9740001620654256	1.0	0.9841913500847499	0.9825955604201441	0.9830790796027036	0.9783708780172276	0.9871977394595807	0.9821047961790225	0.9859652444837723	0.9850418719950879	0.9792655083293557	0.9737852399231682	0.9720020952627825	0.9750345027080788	0.9860905938171851	0.9842244733452509	0.9807711971336355	0.9767850811971829	0.98178537517665	0.9749026341755431	0.9807702961877457	0.9700821997859986	0.9806975379793197	0.9838669088292766
0.9811674860061411	0.9801193255828166	0.9801720244034541	0.9834544141892738	0.9801261219299746	0.9845728234953142	0.9812274964002424	0.9850536591022502	0.984147426282773	0.9790216911205254	0.9841913500847499	1.0	0.9839741132681342	0.9812453983545689	0.9863659574342816	0.9836847471271463	0.9755237085549447	0.9820609143884663	0.982886168902942	0.9806830109886733	0.9827667783476565	0.977070668052044	0.9778533503596979	0.98196284061826	0.9809149189015715	0.9763798204506604	0.973231482568515	0.9804768412039228	0.9742755214460256	0.9854625239046235	0.9758492031014804	0.9775811008852	0.9869918476825752
0.9832707821434482	0.9817026051260042	0.975241679577611	0.9805450771369405	0.9767263073296567	0.9817518635338351	0.977912773895151	0.9854652171746819	0.9843731239956697	0.9762848184376857	0.9825955604201441	0.9839741132681342	1.0	0.9798436243323891	0.9839339439492972	0.9849497008422636	0.9782571800775441	0.983434433676479	0.9830513011832035	0.9780597117543532	0.9786316470457297	0.9747341612483977	0.9739692593083612	0.9829686153511241	0.9825520266316154	0.9786689503077128	0.9744400413640533	0.9801157544017479	0.972973735750341	0.9812384304856695	0.9722543167330093	0.9790755877416618	0.9846764605579301
0.9910151761545587	0.990581446757126	0.9770601870458729	0.9816666005809023	0.980549796463094	0.9870386569185622	0.9818347370716036	0.9842013500511776	0.9832020263845983	0.9782977689409225	0.9830790796027036	0.9812453983545689	0.9798436243323891	1.0	0.985058822071059	0.9873284704953088	0.9772236600957884	0.9862556422609168	0.9812730071855106	0.9827287830565223	0.9824309157435505	0.9779333771599387	0.9761922839021933	0.9815204436413576	0.980462732426485	0.9791936534818475	0.973063328115674	0.9789575171800109	0.9736990109013065	0.9868623839886881	0.9755342362368548	0.9773794975723534	0.9863648740315134
0.9868006507708071	0.9862093065516009	0.9696560006371987	0.9820640569526229	0.981197443978376	0.9792974623330214	0.9762731119411443	0.9888629940186918	0.9872905093459161	0.9729627437904635	0.9783708780172276	0.9863659574342816	0.9839339439492972	0.985058822071059	1.0	0.9893233263376183	0.981197443978376	0.9893804186185373	0.9853179898353989	0.9800050372944837	0.9742766194724153	0.9709081880587997	0.9753197074175511	0.9867079846662947	0.9846661939071865	0.9819212058352145	0.977685435082772	0.9832193895220737	0.9743862336216468	0.9809583548964689	0.9699213234453166	0.9822417486781783	0.9810638062578907
0.9849378027269176	0.9855962283745444	0.9798821776572647	0.9855874269905937	0.9833987240184506	0.9901831377762033	0.9851040147699833	0.9850692641982464	0.9821663880492439	0.9820943280222623	0.9871977394595807	0.9836847471271463	0.9849497008422636	0.9873284704953088	0.9893233263376183	1.0	0.9777797671341371	0.9865441154553295	0.9854909402240143	0.9866573568425198	0.9839964665626411	0.9810099951666504	0.9806841350326783	0.9812465639480361	0.9799625692205207	0.9800509265717007	0.9766965565960184	0.9825831701939114	0.9772103628440351	0.9907715555551349	0.9787600391364543	0.9792412113140124	0.9893482236004215
0.9768122220035539	0.9752900539606116	0.9770148057009739	0.9795801521720507	0.977790525244736	0.9815574720117631	0.977522793248947	0.9783467990669891	0.9765304175645717	0.9775157821467391	0.9821047961790225	0.9755237085549447	0.9782571800775441	0.9772236600957884	0.981197443978376	0.9777797671341371	1.0	0.9771194156522369	0.9789394580202814	0.9776473704298155	0.9776207267837995	0.9761371671673722	0.9757070707279377	0.9751427066521059	0.9756991088697711	0.9744405215273539	0.9717485983741898	0.9770385101483166	0.9734435316622239	0.9827374080239535	0.9762054700139315	0.9745154983205417	0.9837757128719974
0.9866055734627884	0.9857765333809971	0.9797153888148781	0.9837718556843319	0.9811161381716542	0.9881417848003768	0.9850261316607302	0.9833622811339444	0.9818810263658609	0.9798852181055183	0.9859652444837723	0.9820609143884663	0.983434433676479	0.9862556422609168	0.9893804186185373	0.9865441154553295	0.9771194156522369	1.0	0.9831945439001446	0.98487679902718	0.9819205730935799	0.9794224027157034	0.9780289016633192	0.9805298304649553	0.9801582163136198	0.9789348751941231	0.974838196167342	0.9806396078258407	0.9760138793159495	0.9890951613428275	0.9765140355743092	0.9778609022155919	0.9878903233942512
0.9830150113537152	0.9823656710076534	0.9804593224237779	0.982513071574811	0.9781484676409995	0.984322912504958	0.9799781017936136	0.9849620377186133	0.9840279144914909	0.9799239319192936	0.9850418719950879	0.982886168902942	0.9830513011832035	0.9812730071855106	0.9853179898353989	0.9854909402240143	0.9789394580202814	0.9831945439001446	1.0	0.9806199323667152	0.9799781017936136	0.9771625628424927	0.9785843972495369	0.9832456587822077	0.9831177217860058	0.97849953084564	0.9770196130147625	0.9817031933128372	0.9766840136624811	0.9848438320654407	0.9760723266802093	0.9800562678625726	0.9869089384965641
0.9850978349396854	0.9842611618216682	0.9740200922748687	0.9784847236928508	0.9772647521185455	0.9827445001142441	0.9785367079320413	0.9827879283767245	0.981767634903822	0.9749153393298061	0.9792655083293557	0.9806830109886733	0.9780597117543532	0.9827287830565223	0.9800050372944837	0.9866573568425198	0.9776473704298155	0.98487679902718	0.9806199323667152	1.0	0.978489134550109	0.9747341612483977	0.9721331371433994	0.980996591289004	0.9811833060651814	0.9785006071704537	0.9742996067731887	0.9785006071704537	0.9715826542274234	0.9838290095547776	0.9703485611396208	0.9776473704298155	0.9840032290426183
0.9838755526212215	0.9826831350140778	0.9673559594454879	0.9761710339438797	0.9752901895611369	0.9756038070935069	0.9670186632914785	0.9842369654428601	0.9830992324130006	0.9677561121647107	0.9737852399231682	0.9827667783476565	0.9786316470457297	0.9824309157435505	0.9742766194724153	0.9839964665626411	0.9776207267837995	0.9819205730935799	0.9799781017936136	0.978489134550109	1.0	0.9659149605864805	0.9726088981102474	0.9795200530750553	0.9791955523375863	0.9771280885416467	0.9724946078667006	0.9783937791071434	0.9711504513625232	0.973571626963093	0.9657037384880509	0.9751322389722525	0.9747336471499998
0.9799321313754364	0.9785547581775949	0.962286955213913	0.975563936471978	0.9769785132429492	0.9711299461218624	0.9650616255187957	0.9797631043010089	0.9789480554853592	0.9679997100894305	0.9720020952627825	0.977070668052044	0.9747341612483977	0.9779333771599387	0.9709081880587997	0.9810099951666504	0.9761371671673722	0.9794224027157034	0.9771625628424927	0.9747341612483977	0.9659149605864805	1.0	0.9672608855601865	0.9773455783043613	0.9773455783043613	0.9740345385234243	0.9701767951014322	0.9755157080694066	0.9675707884268764	0.9713191366442097	0.9619948419710728	0.9735766879025621	0.9707660539545946
0.9789268383672644	0.9776059791587718	0.9681396140736379	0.9755185058728112	0.9726330233476524	0.9754899302535421	0.972892873447526	0.9800978574077571	0.9788244828994073	0.9761981838264961	0.9750345027080788	0.9778533503596979	0.9739692593083612	0.9761922839021933	0.9753197074175511	0.9806841350326783	0.9757070707279377	0.9780289016633192	0.9785843972495369	0.9721331371433994	0.9726088981102474	0.9672608855601865	1.0	0.9779587945486128	0.9787218053220859	0.9786875075262673	0.9742850756022706	0.9818572226036155	0.9723423607873177	0.9767086405663417	0.9727014062917321	0.982838943561048	0.9796962925593173
0.9789289101094286	0.9788689610665012	0.9786963558187785	0.982869251890008	0.9793556171051513	0.9851020242115598	0.9810519083341563	0.9827883945573117	0.9811049492562904	0.9809897052177623	0.9860905938171851	0.98196284061826	0.9829686153511241	0.9815204436413576	0.9867079846662947	0.9812465639480361	0.9751427066521059	0.9805298304649553	0.9832456587822077	0.980996591289004	0.9795200530750553	0.9773455783043613	0.9779587945486128	1.0	0.9824261665033538	0.9763819608888589	0.9745864043745741	0.9809895129892355	0.9755707715913311	0.9855441425119345	0.9758492031014804	0.9777501308518672	0.9880109647076852
0.979310304282171	0.9796074562137563	0.9793369697015828	0.9823635122706127	0.979136577014502	0.9832297602037102	0.9798413604501275	0.9819201526981317	0.9777806147486394	0.9799625999034299	0.9842244733452509	0.9809149189015715	0.9825520266316154	0.980462732426485	0.9846661939071865	0.9799625692205207	0.9756991088697711	0.9801582163136198	0.9831177217860058	0.9811833060651814	0.9791955523375863	0.9773455783043613	0.9787218053220859	0.9824261665033538	1.0	0.9783487655482044	0.9768737409331706	0.9808822481648588	0.9771450325383617	0.9837860363233755	0.9768197034999614	0.9780813220125102	0.9866589497250857
0.979794762980466	0.9780788299106958	0.9759531842646456	0.9807031636032524	0.9779537137196335	0.9826314888976115	0.9785842120289595	0.9789876394426386	0.9779430193718519	0.9794170369694621	0.9807711971336355	0.9763798204506604	0.9786689503077128	0.9791936534818475	0.9819212058352145	0.9800509265717007	0.9744405215273539	0.9789348751941231	0.97849953084564	0.9785006071704537	0.9771280885416467	0.9740345385234243	0.9786875075262673	0.9763819608888589	0.9783487655482044	1.0	0.9750569247670351	0.9806666569698665	0.9742397878818848	0.9826929784580274	0.978223289506928	0.9790018324118972	0.9835925565413327
0.9739482509328827	0.9729336333783596	0.972490796593228	0.9766802542401104	0.9723545652275536	0.9768242117460139	0.9713289721486322	0.9768147865562501	0.9766372802201971	0.9785004752375327	0.9767850811971829	0.973231482568515	0.9744400413640533	0.973063328115674	0.977685435082772	0.9766965565960184	0.9717485983741898	0.974838196167342	0.9770196130147625	0.9742996067731887	0.9724946078667006	0.9701767951014322	0.9742850756022706	0.9745864043745741	0.9768737409331706	0.9750569247670351	1.0	0.9787743104385301	0.9761152834429223	0.9757329380261865	0.972103905814321	0.9784264729845776	0.979016865374575
0.9802311611577081	0.9793986214516051	0.976186935381381	0.981819370430943	0.9782776602885331	0.981867946573587	0.979288596451953	0.9828877471748524	0.9817044923940825	0.9824901938338582	0.98178537517665	0.9804768412039228	0.9801157544017479	0.9789575171800109	0.9832193895220737	0.9825831701939114	0.9770385101483166	0.9806396078258407	0.9817031933128372	0.9785006071704537	0.9783937791071434	0.9755157080694066	0.9818572226036155	0.9809895129892355	0.9808822481648588	0.9806666569698665	0.9787743104385301	1.0	0.9781432210617061	0.9836567776983505	0.9780144719225187	0.9835133324539247	0.9853796726067459
0.9758441668763161	0.9745953666140706	0.9711588552693633	0.9741587305772403	0.9699882999919718	0.9753487252018327	0.972892873447526	0.9777604438733418	0.976317148528813	0.9745979518659612	0.9749026341755431	0.9742755214460256	0.972973735750341	0.9736990109013065	0.9743862336216468	0.9772103628440351	0.9734435316622239	0.9760138793159495	0.9766840136624811	0.9715826542274234	0.9711504513625232	0.9675707884268764	0.9723423607873177	0.9755707715913311	0.9771450325383617	0.9742397878818848	0.9761152834429223	0.9781432210617061	1.0	0.9761158619878896	0.9699213234453166	0.9761490147089632	0.9794366450987
0.9889484763507219	0.987827019396769	0.9724345023186093	0.9824699221139775	0.9820191988971909	0.9812848774517949	0.975787918202321	0.9874829985999684	0.9862298351253331	0.9753454519675444	0.9807702961877457	0.9854625239046235	0.9812384304856695	0.9868623839886881	0.9809583548964689	0.9907715555551349	0.9827374080239535	0.9890951613428275	0.9848438320654407	0.9838290095547776	0.973571626963093	0.9713191366442097	0.9767086405663417	0.9855441425119345	0.9837860363233755	0.9826929784580274	0.9757329380261865	0.9836567776983505	0.9761158619878896	1.0	0.9715703357993416	0.9804385675968758	0.9783229913693134
0.9772085353774149	0.9757145906283259	0.9640716529922074	0.9747563681308073	0.9729960771631723	0.9690137558896362	0.9664715382931206	0.9782648930211991	0.9772085353774149	0.9677535934216133	0.9700821997859986	0.9758492031014804	0.9722543167330093	0.9755342362368548	0.9699213234453166	0.9787600391364543	0.9762054700139315	0.9765140355743092	0.9760723266802093	0.9703485611396208	0.9657037384880509	0.9619948419710728	0.9727014062917321	0.9758492031014804	0.9768197034999614	0.978223289506928	0.972103905814321	0.9780144719225187	0.9699213234453166	0.9715703357993416	1.0	0.9781816328433236	0.9729380698196183
0.9771057828321176	0.9767358675506795	0.9751456249694683	0.9822433710546301	0.9766924836498757	0.9807681440353162	0.9770784124719677	0.9791350373866229	0.9775274521856687	0.9853323516442204	0.9806975379793197	0.9775811008852	0.9790755877416618	0.9773794975723534	0.9822417486781783	0.9792412113140124	0.9745154983205417	0.9778609022155919	0.9800562678625726	0.9776473704298155	0.9751322389722525	0.9735766879025621	0.982838943561048	0.9777501308518672	0.9780813220125102	0.9790018324118972	0.9784264729845776	0.9835133324539247	0.9761490147089632	0.9804385675968758	0.9781816328433236	1.0	0.9823287333210234
0.9882907543883616	0.986322647693971	0.974431064061067	0.9842741815520946	0.9835925565413327	0.9802603533214725	0.9750334383237582	0.9890384205674781	0.9878500112072359	0.9761480798244647	0.9838669088292766	0.9869918476825752	0.9846764605579301	0.9863648740315134	0.9810638062578907	0.9893482236004215	0.9837757128719974	0.9878903233942512	0.9869089384965641	0.9840032290426183	0.9747336471499998	0.9707660539545946	0.9796962925593173	0.9880109647076852	0.9866589497250857	0.9835925565413327	0.979016865374575	0.9853796726067459	0.9794366450987	0.9783229913693134	0.9729380698196183	0.9823287333210234	1.0
