/home/jshaw/scratch/2022_sketched_distance/references/SGB_genome_fastas_part4/8022/BritoIL_2016__M1.26.ST__bin.43.fa	/home/jshaw/scratch/2022_sketched_distance/references/SGB_genome_fastas_part4/8022/BritoIL_2016__M2.31.ST__bin.70.fa	/home/jshaw/scratch/2022_sketched_distance/references/SGB_genome_fastas_part4/8022/BritoIL_2016__M2.38.ST__bin.53.fa	/home/jshaw/scratch/2022_sketched_distance/references/SGB_genome_fastas_part4/8022/BritoIL_2016__M2.5.ST__bin.5.fa	/home/jshaw/scratch/2022_sketched_distance/references/SGB_genome_fastas_part4/8022/BritoIL_2016__W1.34.ST__bin.16.fa	/home/jshaw/scratch/2022_sketched_distance/references/SGB_genome_fastas_part4/8022/BritoIL_2016__W1.39.ST__bin.60.fa	/home/jshaw/scratch/2022_sketched_distance/references/SGB_genome_fastas_part4/8022/BritoIL_2016__W1.42.ST__bin.51.fa	/home/jshaw/scratch/2022_sketched_distance/references/SGB_genome_fastas_part4/8022/BritoIL_2016__W1.54.ST__bin.41.fa	/home/jshaw/scratch/2022_sketched_distance/references/SGB_genome_fastas_part4/8022/BritoIL_2016__W1.55.ST__bin.4.fa	/home/jshaw/scratch/2022_sketched_distance/references/SGB_genome_fastas_part4/8022/BritoIL_2016__W2.17.ST__bin.72.fa	/home/jshaw/scratch/2022_sketched_distance/references/SGB_genome_fastas_part4/8022/BritoIL_2016__W2.1.ST__bin.37.fa	/home/jshaw/scratch/2022_sketched_distance/references/SGB_genome_fastas_part4/8022/BritoIL_2016__W2.36.ST__bin.48.fa	/home/jshaw/scratch/2022_sketched_distance/references/SGB_genome_fastas_part4/8022/BritoIL_2016__W2.45.ST__bin.4.fa	/home/jshaw/scratch/2022_sketched_distance/references/SGB_genome_fastas_part4/8022/BritoIL_2016__W2.47.ST__bin.50.fa	/home/jshaw/scratch/2022_sketched_distance/references/SGB_genome_fastas_part4/8022/BritoIL_2016__W2.4.ST__bin.15.fa	/home/jshaw/scratch/2022_sketched_distance/references/SGB_genome_fastas_part4/8022/BritoIL_2016__W2.54.ST__bin.43.fa	/home/jshaw/scratch/2022_sketched_distance/references/SGB_genome_fastas_part4/8022/BritoIL_2016__W2.63.ST__bin.35.fa	/home/jshaw/scratch/2022_sketched_distance/references/SGB_genome_fastas_part4/8022/BritoIL_2016__W2.65.ST__bin.35.fa	/home/jshaw/scratch/2022_sketched_distance/references/SGB_genome_fastas_part4/8022/BritoIL_2016__WL.10.ST__bin.14.fa	/home/jshaw/scratch/2022_sketched_distance/references/SGB_genome_fastas_part4/8022/CM_madagascar__A27_02_1FE__bin.38.fa	/home/jshaw/scratch/2022_sketched_distance/references/SGB_genome_fastas_part4/8022/CM_madagascar__A32_01_1FE__bin.61.fa	/home/jshaw/scratch/2022_sketched_distance/references/SGB_genome_fastas_part4/8022/CosteaPI_2017__SID713A040-11-0-0__bin.41.fa	/home/jshaw/scratch/2022_sketched_distance/references/SGB_genome_fastas_part4/8022/DavidLA_2015__LD-Run1-12__bin.26.fa	/home/jshaw/scratch/2022_sketched_distance/references/SGB_genome_fastas_part4/8022/DavidLA_2015__LD-Run2-13__bin.1.fa	/home/jshaw/scratch/2022_sketched_distance/references/SGB_genome_fastas_part4/8022/QinJ_2012__NOM029__bin.22.fa	/home/jshaw/scratch/2022_sketched_distance/references/SGB_genome_fastas_part4/8022/QinN_2014__LD-26__bin.28.fa	/home/jshaw/scratch/2022_sketched_distance/references/SGB_genome_fastas_part4/8022/QinN_2014__LD-31__bin.18.fa	/home/jshaw/scratch/2022_sketched_distance/references/SGB_genome_fastas_part4/8022/QinN_2014__LD-50__bin.19.fa	/home/jshaw/scratch/2022_sketched_distance/references/SGB_genome_fastas_part4/8022/QinN_2014__LD-51__bin.53.fa	/home/jshaw/scratch/2022_sketched_distance/references/SGB_genome_fastas_part4/8022/QinN_2014__LD-74__bin.53.fa	/home/jshaw/scratch/2022_sketched_distance/references/SGB_genome_fastas_part4/8022/QinN_2014__LV-8__bin.12.fa	/home/jshaw/scratch/2022_sketched_distance/references/SGB_genome_fastas_part4/8022/VincentC_2016__MM091.2__bin.9.fa
1.0	0.9863647805668554	0.9976240054043927	0.9961679971669455	0.9960136007366835	0.9944465509653774	0.9963599652863084	0.9942987797160002	0.9931844350404064	0.9932458696174161	0.9947097011081292	0.9944184036061707	0.9946754513380002	0.9926691791210013	0.9907591543503899	0.9926144135304088	0.9934754023173246	0.9867545525781262	0.9940314170642189	0.9881748684307978	0.988317688748459	0.9865430553579869	0.9913121740780122	0.9907739285683893	0.9844768609580504	0.9870328238497111	0.9810870492323087	0.9887007996385887	0.989631966902937	0.988188100501843	0.9859896296605718	0.9810403553331947
0.9863647805668554	1.0	0.9861177781345093	0.9862887835710531	0.9860105388424112	0.9897154483539153	0.9866885383827719	0.9872241784720799	0.9854798816736441	0.9870807402066024	0.9874363946304395	0.9867444121503961	0.9867670009745201	0.9856699512117737	0.9912971180290843	0.9860302337070265	0.9857023010381277	0.9946256523187449	0.9847317309657023	0.9808416229480451	0.9809905809165376	0.9795441841674599	0.9861602375637759	0.986760445890877	0.9804177589019067	0.9790561481533503	0.9773681671202018	0.9824178191235656	0.9836567776983505	0.9810571080134801	0.9800431623162175	0.983262679376349
0.9976240054043927	0.9861177781345093	1.0	0.9967671391355042	0.9965358012825897	0.9940563407985823	0.9966712379561502	0.9951644251681295	0.9935005229333702	0.9931703127884149	0.9950776596269465	0.995049294806452	0.9948021944903689	0.9928324213950658	0.990207983436669	0.9933831721672196	0.9942569320409127	0.9864550587060325	0.9945405708004289	0.9887436988362273	0.9893099052904307	0.9864758247146959	0.9915154105283884	0.9901382238741113	0.9842791682532499	0.9874747508252393	0.9811690179262428	0.9884739679692721	0.9899335355377437	0.9885122503528998	0.9861737472169216	0.9800797601454643
0.9961679971669455	0.9862887835710531	0.9967671391355042	1.0	0.9960728353596784	0.9938917863485154	0.9963311255577365	0.9949059324532137	0.9938167932535452	0.9936832292896987	0.9949968228047502	0.9950364153339066	0.9951297811016047	0.9930404255835017	0.9903580945371591	0.9932519572922435	0.9940635057519441	0.9867531301219568	0.9944061680537722	0.9887885218533032	0.9884300285442085	0.9863943696813932	0.9916256174630286	0.9907034564640955	0.9846413355402225	0.9867314451946667	0.9813729909076558	0.9886516212672887	0.9903306895490012	0.9882479024118681	0.985801359419189	0.9807945505874451
0.9960136007366835	0.9860105388424112	0.9965358012825897	0.9960728353596784	1.0	0.9944584467932417	0.9979967408080559	0.9960116457371723	0.994292186412865	0.9938905004424351	0.9955046667572333	0.9951326479493998	0.9952957214278624	0.9935586881754507	0.9901542650047461	0.9945642712375804	0.9956701793709093	0.9860708335709963	0.9954687664462497	0.9893127402748222	0.9893308091260039	0.9867258447332841	0.991525187496862	0.99068120946202	0.9848318327238471	0.9877965849180071	0.9819426732869718	0.9891125913674543	0.9906621399559443	0.9888775973608384	0.9865095181973538	0.9804326956938024
0.9944465509653774	0.9897154483539153	0.9940563407985823	0.9938917863485154	0.9944584467932417	1.0	0.9940597805483646	0.9923973003186516	0.9918911120343983	0.9914757908726575	0.9921439551386697	0.99200185132617	0.9923149281888447	0.9905214657370988	0.9931168899767335	0.9908604530263003	0.9911115933839447	0.9898255752741849	0.9910911620428259	0.9859900031284103	0.9857252840275761	0.9842522249369843	0.9892705666823527	0.9891278254271222	0.9832789790451244	0.9843199440697102	0.9803557140185861	0.9866720819983948	0.9880737847515777	0.9858349808998964	0.984415695950919	0.983581320714553
0.9963599652863084	0.9866885383827719	0.9966712379561502	0.9963311255577365	0.9979967408080559	0.9940597805483646	1.0	0.9962876356833426	0.9944206587011397	0.9942743856986547	0.9960823344240757	0.9958596473208773	0.9958405541870032	0.993835144875799	0.9909466619439357	0.994768400110208	0.9954588132053275	0.986755959098181	0.9952530401095617	0.9896574812570579	0.989636706128745	0.9872051046409118	0.9922119397370637	0.9915679409230864	0.9851547833811022	0.9880187005729538	0.982329263939959	0.9895558835121153	0.9913099139231798	0.9894851105328775	0.9867409682184506	0.9811170556204717
0.9942987797160002	0.9872241784720799	0.9951644251681295	0.9949059324532137	0.9960116457371723	0.9923973003186516	0.9962876356833426	1.0	0.99530489782404	0.9956020273882603	0.9960495181342978	0.9962713205751516	0.9959214421437257	0.9962589813395424	0.9920241632821618	0.9969993069944747	0.9967241867672461	0.9885586203957303	0.9953673282855161	0.9900302234790599	0.9898960221099284	0.9876035822594259	0.9925499782419882	0.9923941075560683	0.9854270669176726	0.9878350866921611	0.9825151614865834	0.9895928678049957	0.9910671507197831	0.9894951598015054	0.9867535256439434	0.9815746498933525
0.9931844350404064	0.9854798816736441	0.9935005229333702	0.9938167932535452	0.994292186412865	0.9918911120343983	0.9944206587011397	0.99530489782404	1.0	0.9936090203015988	0.9939532199005203	0.9937122416612153	0.9940819794939914	0.9939791166001608	0.9903182498334151	0.99398431526593	0.993906211366228	0.9867295864457206	0.9933292507794982	0.988611632117482	0.9879963254959317	0.9863630289164589	0.9908547545257529	0.9912605177591326	0.9841965728840132	0.9858776086030886	0.980901803790671	0.9886105765715726	0.9893211084333698	0.9880533432157708	0.9852670300211384	0.9817525415117835
0.9932458696174161	0.9870807402066024	0.9931703127884149	0.9936832292896987	0.9938905004424351	0.9914757908726575	0.9942743856986547	0.9956020273882603	0.9936090203015988	1.0	0.9950570486963677	0.9951964562815819	0.9949026910349402	0.9943003958888018	0.9913827495313802	0.99426704191241	0.9947320178077308	0.988460118662744	0.9936590924449679	0.9883236376782384	0.9876209149878539	0.9866102055561892	0.991483830258781	0.9919140851418727	0.984616783533735	0.9861962255994954	0.9815705493957689	0.9890297532899307	0.9898879644149424	0.9881054336994003	0.9854487948226155	0.9817589500971604
0.9947097011081292	0.9874363946304395	0.9950776596269465	0.9949968228047502	0.9955046667572333	0.9921439551386697	0.9960823344240757	0.9960495181342978	0.9939532199005203	0.9950570486963677	1.0	0.9977243643944435	0.9965594106299578	0.9941891779789391	0.991112055038475	0.9947900538953678	0.9964120354785767	0.9874772795062571	0.9948005872371544	0.9901712561327093	0.9902316426957024	0.9876952916963332	0.9929497186330642	0.9921289163502743	0.9859163009317337	0.9884215619265568	0.9829002490893393	0.9901703296488781	0.9915883442982759	0.9900166359319514	0.987278478402573	0.9819719575696978
0.9944184036061707	0.9867444121503961	0.995049294806452	0.9950364153339066	0.9951326479493998	0.99200185132617	0.9958596473208773	0.9962713205751516	0.9937122416612153	0.9951964562815819	0.9977243643944435	1.0	0.9967872760495131	0.9944605845146605	0.9917108380413824	0.9950714457687049	0.9968191208892533	0.9879509415457864	0.9948159408001557	0.9897798829752656	0.9896773893714454	0.9873405999289537	0.9924610017001508	0.992208149934722	0.9854705052918278	0.9880190009532014	0.9821432195376616	0.9895712794740547	0.9911034555593616	0.9896302352860663	0.9869365510213368	0.9812362575008339
0.9946754513380002	0.9867670009745201	0.9948021944903689	0.9951297811016047	0.9952957214278624	0.9923149281888447	0.9958405541870032	0.9959214421437257	0.9940819794939914	0.9949026910349402	0.9965594106299578	0.9967872760495131	1.0	0.9950230705000732	0.9914596891977001	0.995204962673259	0.995736455150543	0.9874841911773669	0.9950328457168772	0.9900484198276734	0.9894465907012517	0.9875326943412066	0.9922919820335355	0.9921650661486425	0.9853115085443345	0.98777383684052	0.9822605155857772	0.9895450215479485	0.990951116320811	0.9893149260810464	0.9868667073665286	0.981273493475855
0.9926691791210013	0.9856699512117737	0.9928324213950658	0.9930404255835017	0.9935586881754507	0.9905214657370988	0.993835144875799	0.9962589813395424	0.9939791166001608	0.9943003958888018	0.9941891779789391	0.9944605845146605	0.9950230705000732	1.0	0.9915634204016206	0.9979640462865809	0.9952830772252115	0.9881680763907822	0.9936273054310736	0.9890306568953424	0.9884275970271692	0.9870056455892898	0.991617341601143	0.9916323114579175	0.9844330264659142	0.9866217840893541	0.981186698147544	0.9884774644719765	0.9897497670501477	0.9880544529094664	0.9856194790835466	0.9808514803805883
0.9907591543503899	0.9912971180290843	0.990207983436669	0.9903580945371591	0.9901542650047461	0.9931168899767335	0.9909466619439357	0.9920241632821618	0.9903182498334151	0.9913827495313802	0.991112055038475	0.9917108380413824	0.9914596891977001	0.9915634204016206	1.0	0.9917754182673028	0.9910624398130945	0.9962915555133879	0.9898232354361688	0.9845574668148473	0.9842297932239856	0.9832384950359657	0.9896959063419901	0.9900772322093797	0.9830787406973317	0.9824063241485429	0.9793755664787178	0.9854613102175503	0.986846973614348	0.9847963507434228	0.9831256772575516	0.9836123065677141
0.9926144135304088	0.9860302337070265	0.9933831721672196	0.9932519572922435	0.9945642712375804	0.9908604530263003	0.994768400110208	0.9969993069944747	0.99398431526593	0.99426704191241	0.9947900538953678	0.9950714457687049	0.995204962673259	0.9979640462865809	0.9917754182673028	1.0	0.996087521675315	0.988314841052689	0.9939572247530356	0.9890326125730226	0.9890353849839779	0.9867104559419194	0.9917088029487025	0.9911790411882007	0.9842012339796293	0.9870404904122513	0.9815136571942815	0.9884497277170152	0.9900352966181112	0.9885150296803186	0.9856327386083439	0.9803738437107388
0.9934754023173246	0.9857023010381277	0.9942569320409127	0.9940635057519441	0.9956701793709093	0.9911115933839447	0.9954588132053275	0.9967241867672461	0.993906211366228	0.9947320178077308	0.9964120354785767	0.9968191208892533	0.995736455150543	0.9952830772252115	0.9910624398130945	0.996087521675315	1.0	0.9872709063962256	0.995301688691077	0.9897920708518498	0.9894548788060499	0.9874199184546713	0.9923109346864208	0.9914009534176306	0.9849151678432644	0.9875064659994703	0.9817653865709264	0.9889899717565261	0.9908034451570561	0.9891627098544028	0.9862006477275035	0.9806099197732975
0.9867545525781262	0.9946256523187449	0.9864550587060325	0.9867531301219568	0.9860708335709963	0.9898255752741849	0.986755959098181	0.9885586203957303	0.9867295864457206	0.988460118662744	0.9874772795062571	0.9879509415457864	0.9874841911773669	0.9881680763907822	0.9962915555133879	0.988314841052689	0.9872709063962256	1.0	0.9852939878514639	0.9804983125840013	0.9799732551723724	0.979478024740044	0.9861864876965583	0.9879431953600744	0.979746022227415	0.9781027139798029	0.9767940265471322	0.9818007458046593	0.9826209201078231	0.9806859283492527	0.9792201551579787	0.9829002490893393
0.9940314170642189	0.9847317309657023	0.9945405708004289	0.9944061680537722	0.9954687664462497	0.9910911620428259	0.9952530401095617	0.9953673282855161	0.9933292507794982	0.9936590924449679	0.9948005872371544	0.9948159408001557	0.9950328457168772	0.9936273054310736	0.9898232354361688	0.9939572247530356	0.995301688691077	0.9852939878514639	1.0	0.9891887995808976	0.9888622466672254	0.9865364283149969	0.991391803023956	0.991053659718747	0.9849688932046988	0.986930600931374	0.9809540897229095	0.9888598789442812	0.9901334909389116	0.9887962807658613	0.9858360025799824	0.9800161906428002
0.9881748684307978	0.9808416229480451	0.9887436988362273	0.9887885218533032	0.9893127402748222	0.9859900031284103	0.9896574812570579	0.9900302234790599	0.988611632117482	0.9883236376782384	0.9901712561327093	0.9897798829752656	0.9900484198276734	0.9890306568953424	0.9845574668148473	0.9890326125730226	0.9897920708518498	0.9804983125840013	0.9891887995808976	1.0	0.9953396421644505	0.9899815225798716	0.9875871402882724	0.9865279516982642	0.9878206449291911	0.9909882500698795	0.9849659582045314	0.9918082239670707	0.9909519723546129	0.9929480569248668	0.9897871101605432	0.9840072138293289
0.988317688748459	0.9809905809165376	0.9893099052904307	0.9884300285442085	0.9893308091260039	0.9857252840275761	0.989636706128745	0.9898960221099284	0.9879963254959317	0.9876209149878539	0.9902316426957024	0.9896773893714454	0.9894465907012517	0.9884275970271692	0.9842297932239856	0.9890353849839779	0.9894548788060499	0.9799732551723724	0.9888622466672254	0.9953396421644505	1.0	0.989475132874518	0.9868236979789236	0.9855285538475428	0.9869028784431528	0.990900332587119	0.9844552757179472	0.9913156162672853	0.9904026478022103	0.9923642304269485	0.989505336666567	0.982888773446792
0.9865430553579869	0.9795441841674599	0.9864758247146959	0.9863943696813932	0.9867258447332841	0.9842522249369843	0.9872051046409118	0.9876035822594259	0.9863630289164589	0.9866102055561892	0.9876952916963332	0.9873405999289537	0.9875326943412066	0.9870056455892898	0.9832384950359657	0.9867104559419194	0.9874199184546713	0.979478024740044	0.9865364283149969	0.9899815225798716	0.989475132874518	1.0	0.9851816411064188	0.9846687257685283	0.9876822018531172	0.9900610565329151	0.9840145789451443	0.9915333194637493	0.9901973414171242	0.9913182206959595	0.9892910597858471	0.9847006719455726
0.9913121740780122	0.9861602375637759	0.9915154105283884	0.9916256174630286	0.991525187496862	0.9892705666823527	0.9922119397370637	0.9925499782419882	0.9908547545257529	0.991483830258781	0.9929497186330642	0.9924610017001508	0.9922919820335355	0.991617341601143	0.9896959063419901	0.9917088029487025	0.9923109346864208	0.9861864876965583	0.991391803023956	0.9875871402882724	0.9868236979789236	0.9851816411064188	1.0	0.9906550746325629	0.9834780494607869	0.9853433352146839	0.9807023142358628	0.9878203199185902	0.9893909502144048	0.9870640137691666	0.9845465616450714	0.9797915287035752
0.9907739285683893	0.986760445890877	0.9901382238741113	0.9907034564640955	0.99068120946202	0.9891278254271222	0.9915679409230864	0.9923941075560683	0.9912605177591326	0.9919140851418727	0.9921289163502743	0.992208149934722	0.9921650661486425	0.9916323114579175	0.9900772322093797	0.9911790411882007	0.9914009534176306	0.9879431953600744	0.991053659718747	0.9865279516982642	0.9855285538475428	0.9846687257685283	0.9906550746325629	1.0	0.9838931868909356	0.9843872892112718	0.9812885903613965	0.9871845324473048	0.9880472809294436	0.986065185136469	0.9838068517603603	0.9814813517122617
0.9844768609580504	0.9804177589019067	0.9842791682532499	0.9846413355402225	0.9848318327238471	0.9832789790451244	0.9851547833811022	0.9854270669176726	0.9841965728840132	0.984616783533735	0.9859163009317337	0.9854705052918278	0.9853115085443345	0.9844330264659142	0.9830787406973317	0.9842012339796293	0.9849151678432644	0.979746022227415	0.9849688932046988	0.9878206449291911	0.9869028784431528	0.9876822018531172	0.9834780494607869	0.9838931868909356	1.0	0.9881710597421884	0.9837365225785913	0.9909599009238268	0.9887916616634271	0.9894286886007718	0.9877975036113943	0.9844505733458897
0.9870328238497111	0.9790561481533503	0.9874747508252393	0.9867314451946667	0.9877965849180071	0.9843199440697102	0.9880187005729538	0.9878350866921611	0.9858776086030886	0.9861962255994954	0.9884215619265568	0.9880190009532014	0.98777383684052	0.9866217840893541	0.9824063241485429	0.9870404904122513	0.9875064659994703	0.9781027139798029	0.986930600931374	0.9909882500698795	0.990900332587119	0.9900610565329151	0.9853433352146839	0.9843872892112718	0.9881710597421884	1.0	0.9861073790071225	0.99218857622724	0.990459201334289	0.9919559146620633	0.9966060248320947	0.9836777987013345
0.9810870492323087	0.9773681671202018	0.9811690179262428	0.9813729909076558	0.9819426732869718	0.9803557140185861	0.982329263939959	0.9825151614865834	0.980901803790671	0.9815705493957689	0.9829002490893393	0.9821432195376616	0.9822605155857772	0.981186698147544	0.9793755664787178	0.9815136571942815	0.9817653865709264	0.9767940265471322	0.9809540897229095	0.9849659582045314	0.9844552757179472	0.9840145789451443	0.9807023142358628	0.9812885903613965	0.9837365225785913	0.9861073790071225	1.0	0.9876549696922288	0.9855903341686295	0.9865780771054645	0.9858150321302626	0.9820361751668931
0.9887007996385887	0.9824178191235656	0.9884739679692721	0.9886516212672887	0.9891125913674543	0.9866720819983948	0.9895558835121153	0.9895928678049957	0.9886105765715726	0.9890297532899307	0.9901703296488781	0.9895712794740547	0.9895450215479485	0.9884774644719765	0.9854613102175503	0.9884497277170152	0.9889899717565261	0.9818007458046593	0.9888598789442812	0.9918082239670707	0.9913156162672853	0.9915333194637493	0.9878203199185902	0.9871845324473048	0.9909599009238268	0.99218857622724	0.9876549696922288	1.0	0.9928632997080329	0.9928947597517586	0.991432069393791	0.9867696542541391
0.989631966902937	0.9836567776983505	0.9899335355377437	0.9903306895490012	0.9906621399559443	0.9880737847515777	0.9913099139231798	0.9910671507197831	0.9893211084333698	0.9898879644149424	0.9915883442982759	0.9911034555593616	0.990951116320811	0.9897497670501477	0.986846973614348	0.9900352966181112	0.9908034451570561	0.9826209201078231	0.9901334909389116	0.9909519723546129	0.9904026478022103	0.9901973414171242	0.9893909502144048	0.9880472809294436	0.9887916616634271	0.990459201334289	0.9855903341686295	0.9928632997080329	1.0	0.9916165587757476	0.9896443576826496	0.9845163654279091
0.988188100501843	0.9810571080134801	0.9885122503528998	0.9882479024118681	0.9888775973608384	0.9858349808998964	0.9894851105328775	0.9894951598015054	0.9880533432157708	0.9881054336994003	0.9900166359319514	0.9896302352860663	0.9893149260810464	0.9880544529094664	0.9847963507434228	0.9885150296803186	0.9891627098544028	0.9806859283492527	0.9887962807658613	0.9929480569248668	0.9923642304269485	0.9913182206959595	0.9870640137691666	0.986065185136469	0.9894286886007718	0.9919559146620633	0.9865780771054645	0.9928947597517586	0.9916165587757476	1.0	0.991117012025386	0.985193929717569
0.9859896296605718	0.9800431623162175	0.9861737472169216	0.985801359419189	0.9865095181973538	0.984415695950919	0.9867409682184506	0.9867535256439434	0.9852670300211384	0.9854487948226155	0.987278478402573	0.9869365510213368	0.9868667073665286	0.9856194790835466	0.9831256772575516	0.9856327386083439	0.9862006477275035	0.9792201551579787	0.9858360025799824	0.9897871101605432	0.989505336666567	0.9892910597858471	0.9845465616450714	0.9838068517603603	0.9877975036113943	0.9966060248320947	0.9858150321302626	0.991432069393791	0.9896443576826496	0.991117012025386	1.0	0.9845181296842166
0.9810403553331947	0.983262679376349	0.9800797601454643	0.9807945505874451	0.9804326956938024	0.983581320714553	0.9811170556204717	0.9815746498933525	0.9817525415117835	0.9817589500971604	0.9819719575696978	0.9812362575008339	0.981273493475855	0.9808514803805883	0.9836123065677141	0.9803738437107388	0.9806099197732975	0.9829002490893393	0.9800161906428002	0.9840072138293289	0.982888773446792	0.9847006719455726	0.9797915287035752	0.9814813517122617	0.9844505733458897	0.9836777987013345	0.9820361751668931	0.9867696542541391	0.9845163654279091	0.985193929717569	0.9845181296842166	1.0
