/home/jshaw/scratch/2022_sketched_distance/references/SGB_genome_fastas_part4/8779/Bengtsson-PalmeJ_2015__TRAVELRES10__bin.126.fa	/home/jshaw/scratch/2022_sketched_distance/references/SGB_genome_fastas_part4/8779/Bengtsson-PalmeJ_2015__TRAVELRES26__bin.52.fa	/home/jshaw/scratch/2022_sketched_distance/references/SGB_genome_fastas_part4/8779/Bengtsson-PalmeJ_2015__TRAVELRES9__bin.162.fa	/home/jshaw/scratch/2022_sketched_distance/references/SGB_genome_fastas_part4/8779/BritoIL_2016__W1.5.ST__bin.38.fa	/home/jshaw/scratch/2022_sketched_distance/references/SGB_genome_fastas_part4/8779/BritoIL_2016__W2.8.ST__bin.43.fa	/home/jshaw/scratch/2022_sketched_distance/references/SGB_genome_fastas_part4/8779/CosteaPI_2017__SID713A052-11-0-0__bin.55.fa	/home/jshaw/scratch/2022_sketched_distance/references/SGB_genome_fastas_part4/8779/HMP_2012__SRS020233__bin.61.fa	/home/jshaw/scratch/2022_sketched_distance/references/SGB_genome_fastas_part4/8779/LeChatelierE_2013__MH0124__bin.49.fa	/home/jshaw/scratch/2022_sketched_distance/references/SGB_genome_fastas_part4/8779/LeChatelierE_2013__MH0147__bin.53.fa	/home/jshaw/scratch/2022_sketched_distance/references/SGB_genome_fastas_part4/8779/LeChatelierE_2013__MH0457__bin.66.fa	/home/jshaw/scratch/2022_sketched_distance/references/SGB_genome_fastas_part4/8779/LiJ_2014__O2.UC29-1__bin.53.fa	/home/jshaw/scratch/2022_sketched_distance/references/SGB_genome_fastas_part4/8779/NielsenHB_2014__MH0124__bin.30.fa	/home/jshaw/scratch/2022_sketched_distance/references/SGB_genome_fastas_part4/8779/NielsenHB_2014__MH0147__bin.44.fa	/home/jshaw/scratch/2022_sketched_distance/references/SGB_genome_fastas_part4/8779/NielsenHB_2014__O2_UC52_0__bin.44.fa	/home/jshaw/scratch/2022_sketched_distance/references/SGB_genome_fastas_part4/8779/NielsenHB_2014__O2_UC52_2__bin.42.fa	/home/jshaw/scratch/2022_sketched_distance/references/SGB_genome_fastas_part4/8779/XieH_2016__YSZC12003_35561__bin.34.fa	/home/jshaw/scratch/2022_sketched_distance/references/SGB_genome_fastas_part4/8779/XieH_2016__YSZC12003_37101__bin.25.fa	/home/jshaw/scratch/2022_sketched_distance/references/SGB_genome_fastas_part4/8779/XieH_2016__YSZC12003_37314__bin.50.fa	/home/jshaw/scratch/2022_sketched_distance/references/SGB_genome_fastas_part4/8779/XieH_2016__YSZC12003_37332__bin.63.fa	/home/jshaw/scratch/2022_sketched_distance/references/SGB_genome_fastas_part4/8779/ZeeviD_2015__PNP_Main_179__bin.32.fa	/home/jshaw/scratch/2022_sketched_distance/references/SGB_genome_fastas_part4/8779/ZeeviD_2015__PNP_Main_225__bin.46.fa	/home/jshaw/scratch/2022_sketched_distance/references/SGB_genome_fastas_part4/8779/ZeeviD_2015__PNP_Main_283__bin.6.fa	/home/jshaw/scratch/2022_sketched_distance/references/SGB_genome_fastas_part4/8779/ZeeviD_2015__PNP_Main_470__bin.8.fa	/home/jshaw/scratch/2022_sketched_distance/references/SGB_genome_fastas_part4/8779/ZeeviD_2015__PNP_Main_473__bin.11.fa	/home/jshaw/scratch/2022_sketched_distance/references/SGB_genome_fastas_part4/8779/ZeeviD_2015__PNP_Main_500__bin.24.fa	/home/jshaw/scratch/2022_sketched_distance/references/SGB_genome_fastas_part4/8779/ZeeviD_2015__PNP_Main_511__bin.22.fa	/home/jshaw/scratch/2022_sketched_distance/references/SGB_genome_fastas_part4/8779/ZeeviD_2015__PNP_Main_82__bin.19.fa	/home/jshaw/scratch/2022_sketched_distance/references/SGB_genome_fastas_part4/8779/ZeeviD_2015__PNP_Main_89__bin.4.fa	/home/jshaw/scratch/2022_sketched_distance/references/SGB_genome_fastas_part4/8779/ZeeviD_2015__PNP_Validation_42__bin.67.fa
1.0	0.9947254088809093	0.9986834685818028	0.9928211833070644	0.9887637066420948	0.9928135602962304	0.9904417946588221	0.9931290060530892	0.9946527657558448	0.9943682859387024	0.9850449605994076	0.9923500759357126	0.9943833045089812	0.9943545825568171	0.9889044570804535	0.9950246034382118	0.9884955729395616	0.9914188611521847	0.9902968228249505	0.9844225962781834	0.9936300606967761	0.9884042670696832	0.9899038357818477	0.979676913464767	0.9944218677129278	0.9944193896648307	0.9949941151494499	0.9834741502579543	0.9938252756743456
0.9947254088809093	1.0	0.9934458860853106	0.9923678117998974	0.9875295341544199	0.9929177084219106	0.9900219867362887	0.9933039965542293	0.9946558101729155	0.9941620677086207	0.985176230582951	0.9922449283648029	0.9942194615661107	0.993378976633139	0.988948236805461	0.9948338125415792	0.9886444444205009	0.9915342492996663	0.9903313102202064	0.9851421869844343	0.9937437761565321	0.9879858675202736	0.9898277445026575	0.9793724569089992	0.9933858751707831	0.9938970270910864	0.9942023044211435	0.9832831822484842	0.993481646002903
0.9986834685818028	0.9934458860853106	1.0	0.9917263477954461	0.9876074696673166	0.9915435859094728	0.9895488229335545	0.9921193809096437	0.9934988604865838	0.9931583972572232	0.9834993578247588	0.9912725225396077	0.9931853873894908	0.9932484568708567	0.9877440996203272	0.9937894591181086	0.9875878973093016	0.9897196614949823	0.9893706600145418	0.9839757352373515	0.9924403237890064	0.987344653773691	0.9892238461388454	0.9790110842204499	0.9934179645583258	0.9932217934398864	0.9938321457800342	0.9825201529056935	0.992696258502448
0.9928211833070644	0.9923678117998974	0.9917263477954461	1.0	0.9904340894945904	0.9902886166170688	0.9931887800544205	0.9911434546792842	0.9928440352860735	0.9923042296755585	0.9853242614119522	0.9901796501597463	0.992519478436973	0.9918502062336746	0.9868550165583035	0.9929874131078394	0.9868083318612636	0.9888741876698074	0.9882755068913579	0.9827509549181112	0.9929959034503751	0.9911752783893285	0.9875267051558033	0.9806769569102989	0.9915211324758997	0.9922657976267653	0.9926405997167942	0.9818729939894285	0.991681724105482
0.9887637066420948	0.9875295341544199	0.9876074696673166	0.9904340894945904	1.0	0.9857455751604884	0.9884446092511179	0.9864783909675542	0.9874592106265461	0.9873460818493595	0.9804641777326205	0.9861419889861203	0.9872932386948632	0.9880313169467826	0.9825874489214245	0.9881181753180401	0.9831685011586506	0.9827531642175392	0.9843749389596915	0.9796664490815639	0.9886147810590838	0.9859638191186145	0.9848699858201428	0.9799831206574339	0.9877607011971782	0.9878859849993281	0.9883082208446875	0.9780020815911896	0.9882184341582568
0.9928135602962304	0.9929177084219106	0.9915435859094728	0.9902886166170688	0.9857455751604884	1.0	0.9886235046798107	0.9915547382903054	0.9928383609990542	0.9922345141517322	0.9843027618952632	0.9906849698757627	0.9923770330428675	0.9916138465580808	0.9876131958831663	0.9928207042224549	0.9870641056300576	0.989525226114095	0.9892573182210259	0.9830286238807381	0.9918547898758632	0.9866412925996055	0.9879653026817176	0.9789489880554686	0.9918767993172379	0.9919446042623806	0.9922812421397487	0.9821052187217628	0.9911997111635694
0.9904417946588221	0.9900219867362887	0.9895488229335545	0.9931887800544205	0.9884446092511179	0.9886235046798107	1.0	0.9889218553519098	0.9901597634791153	0.9897130754477109	0.9852785636628544	0.9879321328199806	0.9898160358001453	0.9896586176484227	0.9857229501527808	0.9902060282562398	0.984831608462395	0.9865528415394627	0.9860829193288372	0.9815324333280904	0.9910715243522229	0.990309913513198	0.9855611652128787	0.9791413872189657	0.9896565041892902	0.9898569793768303	0.9908578023760243	0.9799109379980669	0.9899808897539446
0.9931290060530892	0.9933039965542293	0.9921193809096437	0.9911434546792842	0.9864783909675542	0.9915547382903054	0.9889218553519098	1.0	0.9937800673871297	0.9931152110378024	0.9841968125566849	0.9979411918781965	0.9930564186466918	0.9924881377891084	0.9885689366633384	0.9934301658600039	0.9872927416480519	0.9894863258194483	0.9891419251773224	0.9839832441142213	0.9923975352802386	0.9872618985321279	0.9884196738852379	0.978491478544169	0.9923271473197365	0.9923942111993495	0.9928546473476639	0.9826129572551514	0.9919278121327079
0.9946527657558448	0.9946558101729155	0.9934988604865838	0.9928440352860735	0.9874592106265461	0.9928383609990542	0.9901597634791153	0.9937800673871297	1.0	0.9942044532726237	0.9854341834566951	0.9925479633088643	0.9989012176978137	0.9934788114756639	0.989194469867186	0.9948227733480661	0.9883354102137288	0.9912391603564105	0.9902334022060835	0.985115646736451	0.9937110351468224	0.9883570343705349	0.9894137115255722	0.9792932881006134	0.993340342711748	0.9940368589440753	0.9950068164275544	0.9837078617250402	0.9939873621441251
0.9943682859387024	0.9941620677086207	0.9931583972572232	0.9923042296755585	0.9873460818493595	0.9922345141517322	0.9897130754477109	0.9931152110378024	0.9942044532726237	1.0	0.9843523877974009	0.9921300440624206	0.9939859441249007	0.9933679258076373	0.9885219210948175	0.994597422584493	0.9876841117826737	0.9915570020533329	0.9901441796854927	0.9843557809071873	0.993107132258895	0.9874059562602024	0.9893153461216704	0.9783288990754012	0.9931341910020267	0.9937726500051144	0.9938959997301334	0.9829894818057883	0.9930364360518498
0.9850449605994076	0.985176230582951	0.9834993578247588	0.9853242614119522	0.9804641777326205	0.9843027618952632	0.9852785636628544	0.9841968125566849	0.9854341834566951	0.9843523877974009	1.0	0.9835926828955472	0.9847484849117277	0.9834902252036098	0.981962112307918	0.9849816026505572	0.9804486641878049	0.982700030976657	0.9814780080442775	0.9782718561137533	0.98507212779378	0.983024926720755	0.9809691424678497	0.976207835589142	0.9840782306634159	0.9841010389570495	0.9852509861898077	0.9771636056130508	0.9842887958923325
0.9923500759357126	0.9922449283648029	0.9912725225396077	0.9901796501597463	0.9861419889861203	0.9906849698757627	0.9879321328199806	0.9979411918781965	0.9925479633088643	0.9921300440624206	0.9835926828955472	1.0	0.992052947532905	0.99153125514645	0.9876514175870195	0.9925025018325184	0.9863895283789096	0.9885482827775568	0.987973000738045	0.9832325724302354	0.9913222927219869	0.98640907463062	0.9875474537251425	0.9781691428445112	0.9914775344648354	0.991398366744532	0.9919978325611316	0.9820870609830469	0.9911186209397848
0.9943833045089812	0.9942194615661107	0.9931853873894908	0.992519478436973	0.9872932386948632	0.9923770330428675	0.9898160358001453	0.9930564186466918	0.9989012176978137	0.9939859441249007	0.9847484849117277	0.992052947532905	1.0	0.9932723640047635	0.9884473589791037	0.9945418705536534	0.9878668929916088	0.9910783556718854	0.9899863228447742	0.9847982228736766	0.9933155282035875	0.9878285208294434	0.9891278024597777	0.978501267689342	0.9929611195075024	0.9937694378167274	0.9947719434380747	0.9832213204969007	0.9934529541111804
0.9943545825568171	0.993378976633139	0.9932484568708567	0.9918502062336746	0.9880313169467826	0.9916138465580808	0.9896586176484227	0.9924881377891084	0.9934788114756639	0.9933679258076373	0.9834902252036098	0.99153125514645	0.9932723640047635	1.0	0.9927345587883292	0.9941295432768921	0.9871106806049598	0.9902674687357309	0.9891542993380312	0.9838952297584225	0.9930831015197464	0.9875565856122247	0.9888965825211299	0.9778631893009875	0.993013270156679	0.9936313181509212	0.9938477932361007	0.9820110746811634	0.9929313594922718
0.9889044570804535	0.988948236805461	0.9877440996203272	0.9868550165583035	0.9825874489214245	0.9876131958831663	0.9857229501527808	0.9885689366633384	0.989194469867186	0.9885219210948175	0.981962112307918	0.9876514175870195	0.9884473589791037	0.9927345587883292	1.0	0.9890885602355756	0.9834686531870428	0.9857576911597887	0.985269229007098	0.9811996431564658	0.9883338043070365	0.9842110343298642	0.9842969622813955	0.9751105397245403	0.988047341360226	0.9888141493541327	0.9892191320080763	0.9801973915764829	0.9881673622710203
0.9950246034382118	0.9948338125415792	0.9937894591181086	0.9929874131078394	0.9881181753180401	0.9928207042224549	0.9902060282562398	0.9934301658600039	0.9948227733480661	0.994597422584493	0.9849816026505572	0.9925025018325184	0.9945418705536534	0.9941295432768921	0.9890885602355756	1.0	0.9883521729174576	0.991463407733854	0.9909795631933589	0.9849765040375078	0.9937234104707393	0.9881450334768345	0.9898348982677787	0.97910558831674	0.9937939678565008	0.9944375372000344	0.9947336787276013	0.9834019874518117	0.993565773955891
0.9884955729395616	0.9886444444205009	0.9875878973093016	0.9868083318612636	0.9831685011586506	0.9870641056300576	0.984831608462395	0.9872927416480519	0.9883354102137288	0.9876841117826737	0.9804486641878049	0.9863895283789096	0.9878668929916088	0.9871106806049598	0.9834686531870428	0.9883521729174576	1.0	0.985039556067844	0.9856033457667442	0.9800912898240105	0.987781034328646	0.9832756867010106	0.98426256578078	0.9762275622574335	0.9871531849720605	0.98760012816456	0.9880514149603985	0.9798015761950769	0.9873591364956524
0.9914188611521847	0.9915342492996663	0.9897196614949823	0.9888741876698074	0.9827531642175392	0.989525226114095	0.9865528415394627	0.9894863258194483	0.9912391603564105	0.9915570020533329	0.982700030976657	0.9885482827775568	0.9910783556718854	0.9902674687357309	0.9857576911597887	0.991463407733854	0.985039556067844	1.0	0.9864584571609831	0.9809754406307869	0.990130460668222	0.9848599795373469	0.9859336757602793	0.9749623504202947	0.9898106805016064	0.9907698696618109	0.9909043493479717	0.9803245084497332	0.9899504604763613
0.9902968228249505	0.9903313102202064	0.9893706600145418	0.9882755068913579	0.9843749389596915	0.9892573182210259	0.9860829193288372	0.9891419251773224	0.9902334022060835	0.9901441796854927	0.9814780080442775	0.987973000738045	0.9899863228447742	0.9891542993380312	0.985269229007098	0.9909795631933589	0.9856033457667442	0.9864584571609831	1.0	0.982050046011419	0.9894857233264348	0.9840580549942485	0.986094190229499	0.9756683818934252	0.9895499592720606	0.9899466533427042	0.9901973414171242	0.9802932024769335	0.9894096938077164
0.9844225962781834	0.9851421869844343	0.9839757352373515	0.9827509549181112	0.9796664490815639	0.9830286238807381	0.9815324333280904	0.9839832441142213	0.985115646736451	0.9843557809071873	0.9782718561137533	0.9832325724302354	0.9847982228736766	0.9838952297584225	0.9811996431564658	0.9849765040375078	0.9800912898240105	0.9809754406307869	0.982050046011419	1.0	0.9846458048823374	0.9805128946524303	0.9816717694558266	0.9729045671952066	0.9844827325570192	0.9837733708887755	0.9854917343737022	0.9765540783978623	0.984891758860191
0.9936300606967761	0.9937437761565321	0.9924403237890064	0.9929959034503751	0.9886147810590838	0.9918547898758632	0.9910715243522229	0.9923975352802386	0.9937110351468224	0.993107132258895	0.98507212779378	0.9913222927219869	0.9933155282035875	0.9930831015197464	0.9883338043070365	0.9937234104707393	0.987781034328646	0.990130460668222	0.9894857233264348	0.9846458048823374	1.0	0.9889644207578744	0.988694501763296	0.9803482438385819	0.9926748051746629	0.9930728620667532	0.9938625189828308	0.9826695307536754	0.9933621568968862
0.9884042670696832	0.9879858675202736	0.987344653773691	0.9911752783893285	0.9859638191186145	0.9866412925996055	0.990309913513198	0.9872618985321279	0.9883570343705349	0.9874059562602024	0.983024926720755	0.98640907463062	0.9878285208294434	0.9875565856122247	0.9842110343298642	0.9881450334768345	0.9832756867010106	0.9848599795373469	0.9840580549942485	0.9805128946524303	0.9889644207578744	1.0	0.9845712417430348	0.9775771043379092	0.987741059659814	0.9874714922647202	0.9884407346594668	0.9775496608142331	0.9881200125341688
0.9899038357818477	0.9898277445026575	0.9892238461388454	0.9875267051558033	0.9848699858201428	0.9879653026817176	0.9855611652128787	0.9884196738852379	0.9894137115255722	0.9893153461216704	0.9809691424678497	0.9875474537251425	0.9891278024597777	0.9888965825211299	0.9842969622813955	0.9898348982677787	0.98426256578078	0.9859336757602793	0.986094190229499	0.9816717694558266	0.988694501763296	0.9845712417430348	1.0	0.9757286387833444	0.9888891842630976	0.9890321933418411	0.9895326973893217	0.9795915559037857	0.9889176994566875
0.979676913464767	0.9793724569089992	0.9790110842204499	0.9806769569102989	0.9799831206574339	0.9789489880554686	0.9791413872189657	0.978491478544169	0.9792932881006134	0.9783288990754012	0.976207835589142	0.9781691428445112	0.978501267689342	0.9778631893009875	0.9751105397245403	0.97910558831674	0.9762275622574335	0.9749623504202947	0.9756683818934252	0.9729045671952066	0.9803482438385819	0.9775771043379092	0.9757286387833444	1.0	0.9785066794283763	0.9787532133242139	0.9790217557427092	0.9729058722227615	0.9787911530802619
0.9944218677129278	0.9933858751707831	0.9934179645583258	0.9915211324758997	0.9877607011971782	0.9918767993172379	0.9896565041892902	0.9923271473197365	0.993340342711748	0.9931341910020267	0.9840782306634159	0.9914775344648354	0.9929611195075024	0.993013270156679	0.988047341360226	0.9937939678565008	0.9871531849720605	0.9898106805016064	0.9895499592720606	0.9844827325570192	0.9926748051746629	0.987741059659814	0.9888891842630976	0.9785066794283763	1.0	0.9933418925224216	0.9936763165707156	0.9827694021353622	0.993140562785412
0.9944193896648307	0.9938970270910864	0.9932217934398864	0.9922657976267653	0.9878859849993281	0.9919446042623806	0.9898569793768303	0.9923942111993495	0.9940368589440753	0.9937726500051144	0.9841010389570495	0.991398366744532	0.9937694378167274	0.9936313181509212	0.9888141493541327	0.9944375372000344	0.98760012816456	0.9907698696618109	0.9899466533427042	0.9837733708887755	0.9930728620667532	0.9874714922647202	0.9890321933418411	0.9787532133242139	0.9933418925224216	1.0	0.9944805713497998	0.9824239910836836	0.9931949350961844
0.9949941151494499	0.9942023044211435	0.9938321457800342	0.9926405997167942	0.9883082208446875	0.9922812421397487	0.9908578023760243	0.9928546473476639	0.9950068164275544	0.9938959997301334	0.9852509861898077	0.9919978325611316	0.9947719434380747	0.9938477932361007	0.9892191320080763	0.9947336787276013	0.9880514149603985	0.9909043493479717	0.9901973414171242	0.9854917343737022	0.9938625189828308	0.9884407346594668	0.9895326973893217	0.9790217557427092	0.9936763165707156	0.9944805713497998	1.0	0.9835762351914076	0.994552831504278
0.9834741502579543	0.9832831822484842	0.9825201529056935	0.9818729939894285	0.9780020815911896	0.9821052187217628	0.9799109379980669	0.9826129572551514	0.9837078617250402	0.9829894818057883	0.9771636056130508	0.9820870609830469	0.9832213204969007	0.9820110746811634	0.9801973915764829	0.9834019874518117	0.9798015761950769	0.9803245084497332	0.9802932024769335	0.9765540783978623	0.9826695307536754	0.9775496608142331	0.9795915559037857	0.9729058722227615	0.9827694021353622	0.9824239910836836	0.9835762351914076	1.0	0.9825433242921835
0.9938252756743456	0.993481646002903	0.992696258502448	0.991681724105482	0.9882184341582568	0.9911997111635694	0.9899808897539446	0.9919278121327079	0.9939873621441251	0.9930364360518498	0.9842887958923325	0.9911186209397848	0.9934529541111804	0.9929313594922718	0.9881673622710203	0.993565773955891	0.9873591364956524	0.9899504604763613	0.9894096938077164	0.984891758860191	0.9933621568968862	0.9881200125341688	0.9889176994566875	0.9787911530802619	0.993140562785412	0.9931949350961844	0.994552831504278	0.9825433242921835	1.0
