/home/jshaw/scratch/2022_sketched_distance/references/SGB_genome_fastas_part3/4893/Bengtsson-PalmeJ_2015__TRAVELRES13__bin.28.fa	/home/jshaw/scratch/2022_sketched_distance/references/SGB_genome_fastas_part3/4893/Bengtsson-PalmeJ_2015__TRAVELRES30__bin.76.fa	/home/jshaw/scratch/2022_sketched_distance/references/SGB_genome_fastas_part3/4893/Bengtsson-PalmeJ_2015__TRAVELRES48__bin.115.fa	/home/jshaw/scratch/2022_sketched_distance/references/SGB_genome_fastas_part3/4893/Bengtsson-PalmeJ_2015__TRAVELRES63__bin.110.fa	/home/jshaw/scratch/2022_sketched_distance/references/SGB_genome_fastas_part3/4893/BritoIL_2016__W1.41.ST__bin.16.fa	/home/jshaw/scratch/2022_sketched_distance/references/SGB_genome_fastas_part3/4893/BritoIL_2016__W2.17.ST__bin.81.fa	/home/jshaw/scratch/2022_sketched_distance/references/SGB_genome_fastas_part3/4893/BritoIL_2016__W2.40.ST__bin.57.fa	/home/jshaw/scratch/2022_sketched_distance/references/SGB_genome_fastas_part3/4893/BritoIL_2016__W2.7.ST__bin.27.fa	/home/jshaw/scratch/2022_sketched_distance/references/SGB_genome_fastas_part3/4893/BritoIL_2016__W3.18.ST__bin.43.fa	/home/jshaw/scratch/2022_sketched_distance/references/SGB_genome_fastas_part3/4893/BritoIL_2016__WL.32.ST__bin.40.fa	/home/jshaw/scratch/2022_sketched_distance/references/SGB_genome_fastas_part3/4893/CM_madagascar__A75_02_1FE__bin.50.fa	/home/jshaw/scratch/2022_sketched_distance/references/SGB_genome_fastas_part3/4893/CM_madagascar__A83_02_1FE__bin.32.fa	/home/jshaw/scratch/2022_sketched_distance/references/SGB_genome_fastas_part3/4893/CosteaPI_2017__SID713A051-11-0-0__bin.58.fa	/home/jshaw/scratch/2022_sketched_distance/references/SGB_genome_fastas_part3/4893/CosteaPI_2017__SID713A051-11-90-0__bin.26.fa	/home/jshaw/scratch/2022_sketched_distance/references/SGB_genome_fastas_part3/4893/CosteaPI_2017__SID713A055-11-0-0__bin.88.fa	/home/jshaw/scratch/2022_sketched_distance/references/SGB_genome_fastas_part3/4893/CosteaPI_2017__SID713A056-11-0-0__bin.60.fa	/home/jshaw/scratch/2022_sketched_distance/references/SGB_genome_fastas_part3/4893/CosteaPI_2017__SID713A087-11-90-0__bin.4.fa	/home/jshaw/scratch/2022_sketched_distance/references/SGB_genome_fastas_part3/4893/CosteaPI_2017__SID713A089-11-90-0__bin.83.fa	/home/jshaw/scratch/2022_sketched_distance/references/SGB_genome_fastas_part3/4893/CosteaPI_2017__SID713B061-11-90-0__bin.66.fa	/home/jshaw/scratch/2022_sketched_distance/references/SGB_genome_fastas_part3/4893/CosteaPI_2017__SID713B066-11-0-0__bin.8.fa	/home/jshaw/scratch/2022_sketched_distance/references/SGB_genome_fastas_part3/4893/CosteaPI_2017__SID713B066-11-90-0__bin.8.fa	/home/jshaw/scratch/2022_sketched_distance/references/SGB_genome_fastas_part3/4893/FengQ_2015__SID530743__bin.61.fa	/home/jshaw/scratch/2022_sketched_distance/references/SGB_genome_fastas_part3/4893/FerrettiP_2018__CA_C10043MS2742FE_t0M16__bin.16.fa	/home/jshaw/scratch/2022_sketched_distance/references/SGB_genome_fastas_part3/4893/HeQ_2017__SZAXPI029600-27__bin.28.fa	/home/jshaw/scratch/2022_sketched_distance/references/SGB_genome_fastas_part3/4893/HMP_2012__SRS016095__bin.61.fa	/home/jshaw/scratch/2022_sketched_distance/references/SGB_genome_fastas_part3/4893/HMP_2012__SRS049959__bin.61.fa	/home/jshaw/scratch/2022_sketched_distance/references/SGB_genome_fastas_part3/4893/LeChatelierE_2013__MH0212__bin.34.fa	/home/jshaw/scratch/2022_sketched_distance/references/SGB_genome_fastas_part3/4893/LeChatelierE_2013__MH0426__bin.23.fa	/home/jshaw/scratch/2022_sketched_distance/references/SGB_genome_fastas_part3/4893/LiJ_2017__H3M516751__bin.11.fa	/home/jshaw/scratch/2022_sketched_distance/references/SGB_genome_fastas_part3/4893/QinJ_2012__NOF008__bin.26.fa	/home/jshaw/scratch/2022_sketched_distance/references/SGB_genome_fastas_part3/4893/RaymondF_2016__P14E7__bin.64.fa	/home/jshaw/scratch/2022_sketched_distance/references/SGB_genome_fastas_part3/4893/RaymondF_2016__P19E7__bin.67.fa	/home/jshaw/scratch/2022_sketched_distance/references/SGB_genome_fastas_part3/4893/RaymondF_2016__P3E7__bin.12.fa	/home/jshaw/scratch/2022_sketched_distance/references/SGB_genome_fastas_part3/4893/VincentC_2016__MM030.1__bin.12.fa	/home/jshaw/scratch/2022_sketched_distance/references/SGB_genome_fastas_part3/4893/XieH_2016__YSZC12003_37137__bin.8.fa	/home/jshaw/scratch/2022_sketched_distance/references/SGB_genome_fastas_part3/4893/XieH_2016__YSZC12003_37292__bin.25.fa	/home/jshaw/scratch/2022_sketched_distance/references/SGB_genome_fastas_part3/4893/XieH_2016__YSZC12003_37293__bin.22.fa	/home/jshaw/scratch/2022_sketched_distance/references/SGB_genome_fastas_part3/4893/ZeeviD_2015__PNP_Main_327__bin.22.fa	/home/jshaw/scratch/2022_sketched_distance/references/SGB_genome_fastas_part3/4893/ZeeviD_2015__PNP_Main_425__bin.1.fa	/home/jshaw/scratch/2022_sketched_distance/references/SGB_genome_fastas_part3/4893/ZeeviD_2015__PNP_Main_511__bin.42.fa	/home/jshaw/scratch/2022_sketched_distance/references/SGB_genome_fastas_part3/4893/ZeeviD_2015__PNP_Main_557__bin.22.fa	/home/jshaw/scratch/2022_sketched_distance/references/SGB_genome_fastas_part3/4893/ZeeviD_2015__PNP_Main_637__bin.3.fa	/home/jshaw/scratch/2022_sketched_distance/references/SGB_genome_fastas_part3/4893/ZeeviD_2015__PNP_Main_706__bin.92.fa	/home/jshaw/scratch/2022_sketched_distance/references/SGB_genome_fastas_part3/4893/ZeeviD_2015__PNP_Main_80__bin.50.fa	/home/jshaw/scratch/2022_sketched_distance/references/SGB_genome_fastas_part3/4893/ZeeviD_2015__PNP_Validation_35__bin.21.fa	/home/jshaw/scratch/2022_sketched_distance/references/SGB_genome_fastas_part3/4893/ZellerG_2014__CCIS35100175ST-4-0__bin.31.fa
1.0	0.9856213878514417	0.9850256247325174	0.980664935180835	0.9818085108995105	0.9805765990609556	0.9809053535259066	0.9803975899526326	0.9760499860607836	0.9833410957715688	0.9853960511529455	0.9844378652149146	0.9842947579589374	0.9846997834117646	0.9755447068787125	0.9817064649281398	0.9859646143944811	0.9851412007183484	0.9846573464750961	0.9857653931815467	0.9874021008171359	0.9838121053164254	0.9847941788143082	0.9861414070730321	0.9827211789338367	0.9838588770314842	0.98545799904421	0.983708545556204	0.983838462127006	0.9863134561841929	0.9784245485859057	0.9791285565121651	0.9733214144799057	0.9773649851402947	0.984573369647243	0.9866376968957943	0.9825298897653729	0.9844925659305099	0.9846353476421514	0.9846189991430598	0.9837123569247683	0.9864362062144277	0.9854050178198053	0.9856074988954879	0.9857660216238527	0.9823499617735927
0.9856213878514417	1.0	0.9840746179808548	0.9794492049994401	0.9811093741835212	0.9797842383308459	0.9800772051175888	0.9791706419817635	0.974904066233317	0.9819046832985344	0.984179169590562	0.983980168059682	0.9845982341338759	0.9849121281703517	0.9740786778081183	0.9803342508093491	0.9847195563960573	0.9844290923597574	0.9832766239393393	0.9853971825485055	0.98657035873346	0.9830742927813186	0.9834328135725104	0.9847781965425847	0.9816410259066705	0.9836929153621622	0.9843484882914999	0.9830044083696751	0.9846067730142877	0.9851821120087074	0.9774209244096754	0.977671425263152	0.9704472764611064	0.9764387286459827	0.9836694076972402	0.9867296993834556	0.9812271398094027	0.9839772858188108	0.9832313602479045	0.9839381381841619	0.9831403529551539	0.9851340060992623	0.9837267490439097	0.9856508128889758	0.9846957116440602	0.9807497186754845
0.9850256247325174	0.9840746179808548	1.0	0.980953742442047	0.980033999467658	0.9831256772575516	0.983050056532393	0.9804847927717103	0.9778661617531401	0.9836398366458642	0.9845684473439966	0.9859725579643018	0.9836664709992171	0.9837651418727789	0.9766738677555689	0.9811966719995465	0.9853415881228651	0.9834511858561813	0.98396881620928	0.9846692735334106	0.9848404934859375	0.9842233413585896	0.9832753940929652	0.9839441645159581	0.9832719573093374	0.9827717932966428	0.9836729711791721	0.9836503680911343	0.9829448307147436	0.9846641911889719	0.97914022525923	0.9792877375056143	0.9736363977120133	0.9779846804605741	0.9831627797257028	0.9846836195739783	0.9833627472518501	0.9836686865203608	0.9827238046268146	0.9833951051266023	0.9833336442581274	0.9827400301902123	0.9836142561555222	0.9848412752979342	0.9842138999661453	0.9825081353248974
0.980664935180835	0.9794492049994401	0.980953742442047	1.0	0.976479187994554	0.9779729973062313	0.9776710335758834	0.9769913557750584	0.9742545263903711	0.9785297367024985	0.9803648127639392	0.9794823173015541	0.9837596973543359	0.9836357849584495	0.9791271724690972	0.9809728612887039	0.9838831415935093	0.9825994107732295	0.9831735644368016	0.9819613688382707	0.9821034132134807	0.9846986851237746	0.981959765028034	0.9803869750594593	0.9842791223604738	0.9819481849729095	0.9830894274429556	0.9808394277813943	0.9806147240149414	0.9810599639120898	0.9763049111123205	0.979772334486083	0.9711217755203372	0.9794969525284991	0.9830417628130529	0.98135196474255	0.9829937505362962	0.9826086001740804	0.9817773183566291	0.9816757352574277	0.9822098389980214	0.9787104379256947	0.9825499603374503	0.9814388599026882	0.9825164460352088	0.9815214335985465
0.9818085108995105	0.9811093741835212	0.980033999467658	0.976479187994554	1.0	0.9797756229576096	0.9796157280252866	0.9792811493154315	0.9743862336216467	0.9808012328719091	0.9803705268880561	0.9799742518257356	0.9822866816626709	0.9821098413070289	0.9711466201975983	0.9768055242328534	0.9812581912854244	0.9805982867276009	0.9790296046112641	0.9799279133499368	0.9811442245826482	0.9797840201929131	0.9794415902751331	0.9810231226723404	0.978598083975486	0.980328386484417	0.980791404819482	0.9799613981960485	0.9787557875560099	0.9810928061330778	0.9731600966470506	0.9749647727004427	0.9659798574707816	0.9733439879860463	0.9801072069036958	0.9814913901124734	0.9787000189406971	0.9802612122611151	0.9801742267010511	0.9816688026260848	0.9796201676881708	0.981468540334147	0.980775411134189	0.9809122615533542	0.980974383706673	0.977413049085572
0.9805765990609556	0.9797842383308459	0.9831256772575516	0.9779729973062313	0.9797756229576096	1.0	0.9842335790598632	0.9823321433568311	0.9788733603546799	0.9820774846085388	0.9808239002720245	0.9830786169822783	0.9798038397449972	0.9801537385169198	0.9738152241815924	0.9780528276949583	0.9827210496371395	0.9802779834628713	0.9807262667445181	0.9816074017970678	0.9813839666584423	0.9818045855787472	0.9791377358099247	0.9803276505255387	0.9790069947459865	0.9798766285496046	0.9806597675255599	0.9800451687562194	0.9791194825528435	0.9811900666764857	0.9760550292627185	0.9756845110006472	0.9694226070584306	0.9740211573053325	0.9805197762756086	0.9806433327755666	0.980975834870109	0.9795923835662999	0.9794075065424521	0.9801256884209596	0.9798680290663538	0.9795762985664507	0.9803003134587683	0.9810292933448936	0.980572239210871	0.9803035029925126
0.9809053535259066	0.9800772051175888	0.983050056532393	0.9776710335758834	0.9796157280252866	0.9842335790598632	1.0	0.9823305254954064	0.9772465140253567	0.9814415733832222	0.9813439162260846	0.9825798380246317	0.9800391695993146	0.9806614767548587	0.9740800884528177	0.9773729421580131	0.982446933840341	0.9803357073410873	0.9804032857553311	0.981308743709637	0.9810531194182324	0.9813488512853956	0.9796872147332134	0.9803633919491203	0.9785551563842725	0.9800717272369301	0.9805122798501531	0.9804922935456806	0.9787147625110609	0.9806517172878796	0.9743401618610464	0.9753380636507586	0.9688556430954538	0.973723849481723	0.9800372929177164	0.9803822201792364	0.9806534519428445	0.9802178979004852	0.9792448306743712	0.9803138243385586	0.9797147239016044	0.9794374771052872	0.9804487489570893	0.9815192823572142	0.9806745181251757	0.9797574987974498
0.9803975899526326	0.9791706419817635	0.9804847927717103	0.9769913557750584	0.9792811493154315	0.9823321433568311	0.9823305254954064	1.0	0.9777485598961252	0.9814100180092922	0.980286041142153	0.9812648129857117	0.9796747800962793	0.9799443251406152	0.9718261071123827	0.976998519439655	0.9806709740795295	0.9796417643725832	0.9794262340822725	0.9801664938479985	0.9804097257641579	0.9801611969205544	0.9787251819608183	0.9795821019461433	0.9793655481619945	0.9786406158601109	0.9799025731950802	0.9792025616974079	0.9779517417481337	0.9798701021925134	0.9732169379602646	0.9740891322029187	0.9671960622878804	0.973190214805811	0.979573415623455	0.9792020203477366	0.9787655087394758	0.9789710398509043	0.9785017129536505	0.9795768032922112	0.9789078249880633	0.9796703078291732	0.979020201499102	0.980651685721724	0.9799857386308085	0.9786477218586825
0.9760499860607836	0.974904066233317	0.9778661617531401	0.9742545263903711	0.9743862336216467	0.9788733603546799	0.9772465140253567	0.9777485598961252	1.0	0.9755650784579935	0.9758617845287019	0.977317939507254	0.9755209189994425	0.9754270945315124	0.9698544865686802	0.9738150098458205	0.9775978420873757	0.9753847132206639	0.9757246480901245	0.9772310937653148	0.9769818334132887	0.9763008204866161	0.9752603706223194	0.9750227290043824	0.9758177295024619	0.974508231510453	0.9762287619239352	0.9752686752848554	0.9745954233780013	0.9754861628506261	0.9722361196547263	0.9712369285303508	0.9656844474619012	0.9710101609223958	0.9758337273524271	0.9761957755697523	0.9759506190329178	0.9752189973329629	0.9745039716115212	0.9754077293930905	0.9759243296608411	0.9747537810963668	0.9754005898029221	0.9757580000573247	0.9754401534911418	0.9739821381283773
0.9833410957715688	0.9819046832985344	0.9836398366458642	0.9785297367024985	0.9808012328719091	0.9820774846085388	0.9814415733832222	0.9814100180092922	0.9755650784579935	1.0	0.9827878867710134	0.9836671152226415	0.9825439297875118	0.9825419954593383	0.9738337122030655	0.9793638189102153	0.9837083320481331	0.9819645662683363	0.9827064955806264	0.9823928595482504	0.983212998775514	0.981797189142786	0.9817973045567243	0.9824233618363715	0.9807938627673043	0.9815231279729386	0.983181441361381	0.9819000552498597	0.9808626446891221	0.9830274335212502	0.9759522522394952	0.9776768713566584	0.9688845757816734	0.9750905008606152	0.9821641271925129	0.9827331581335981	0.9804162213805786	0.9826582641234807	0.9817109125092064	0.9827938076982502	0.9815626637588749	0.9816782049647614	0.9821185966211201	0.9829848223161656	0.9825343169031486	0.9806736803498306
0.9853960511529455	0.984179169590562	0.9845684473439966	0.9803648127639392	0.9803705268880561	0.9808239002720245	0.9813439162260846	0.980286041142153	0.9758617845287019	0.9827878867710134	1.0	0.9848879089059513	0.9829479341338152	0.9831048295620363	0.9756011340013753	0.9809907923893414	0.9849477602971584	0.9838038263120531	0.9841194134934549	0.9856735135940203	0.9863342352679326	0.9831615746678483	0.9827933330248214	0.9848069863623473	0.9821403221569104	0.9821784462945545	0.9838454350961364	0.9818742502999624	0.9841217777329395	0.9852171217820497	0.9782752907375947	0.9781308360986944	0.9730715622054721	0.9771805684804051	0.9830853923986224	0.9851301071417162	0.9820125159068775	0.982973563970175	0.9824853955646269	0.9830871538803608	0.9825333918114154	0.9838297771288954	0.9832763954293947	0.984487492566546	0.9842673918423002	0.9812245302330435
0.9844378652149146	0.983980168059682	0.9859725579643018	0.9794823173015541	0.9799742518257356	0.9830786169822783	0.9825798380246317	0.9812648129857117	0.977317939507254	0.9836671152226415	0.9848879089059513	1.0	0.9829237783391671	0.9833546513337785	0.9751212041982819	0.9810474893872386	0.9847659631459398	0.9831638347585532	0.9823479101515147	0.9847330916374232	0.9850709037719163	0.984173154550366	0.9830321347390514	0.9848693089758296	0.9819516795727407	0.9827774237448191	0.9837575817304043	0.9830035960995692	0.982667103176389	0.9845299903111301	0.978763375102533	0.9779853680154471	0.9716488318650761	0.9769381212819898	0.98322198589315	0.9850113040364068	0.9826437978999248	0.983224807682166	0.9826909135007325	0.9832526892334641	0.9828824019024283	0.9833650014046724	0.9835418245735916	0.9848003822893	0.9839690941565373	0.981832785659421
0.9842947579589374	0.9845982341338759	0.9836664709992171	0.9837596973543359	0.9822866816626709	0.9798038397449972	0.9800391695993146	0.9796747800962793	0.9755209189994425	0.9825439297875118	0.9829479341338152	0.9829237783391671	1.0	0.9982839941661567	0.9783595766856192	0.9828351610103002	0.9869657087085907	0.9870969018570975	0.9858383159754109	0.9853756711956767	0.9870111251487514	0.9871292996715803	0.9865158041592645	0.9840617057510678	0.9864242410807026	0.9878972177651307	0.988091583041118	0.9856322982085892	0.9825493341189361	0.9845741325330046	0.977473114645763	0.9814406951594871	0.9707469413761559	0.9822191698111714	0.9877775697598736	0.9850620848491998	0.9850882838574765	0.9874388576517972	0.9869845953060296	0.9876058964003226	0.9868468039851274	0.9852067285320347	0.9870056455892898	0.9866729567040382	0.987224569949073	0.9833615937476801
0.9846997834117646	0.9849121281703517	0.9837651418727789	0.9836357849584495	0.9821098413070289	0.9801537385169198	0.9806614767548587	0.9799443251406152	0.9754270945315124	0.9825419954593383	0.9831048295620363	0.9833546513337785	0.9982839941661567	1.0	0.9785257511964638	0.9827787880050847	0.9872703450432377	0.9872381959157388	0.986169849611895	0.9854893791791065	0.9872034406822218	0.987593818920588	0.986756219905175	0.9842969011698549	0.9865213717152916	0.9873988016026717	0.9872453803482075	0.9864962491482925	0.9828102994053552	0.9845483365298978	0.9777703329469906	0.9809518976545832	0.9710227078364491	0.9818979505844956	0.9884460823694382	0.9851070287175719	0.985199663453134	0.9875560270815771	0.9868585944274277	0.9871025724681106	0.98684703634808	0.9848087474867778	0.9873450401360332	0.9875870761338165	0.9875744264292271	0.983820037206699
0.9755447068787125	0.9740786778081183	0.9766738677555689	0.9791271724690972	0.9711466201975983	0.9738152241815924	0.9740800884528177	0.9718261071123827	0.9698544865686802	0.9738337122030655	0.9756011340013753	0.9751212041982819	0.9783595766856192	0.9785257511964638	1.0	0.9772170261568807	0.9793543163734595	0.9774401780586285	0.9792667290118946	0.978359136263086	0.9771403417384771	0.9802600175842264	0.976462486769176	0.9750185590933867	0.9794137713663056	0.9764866873286622	0.978433125719786	0.9763157422411516	0.975402438261938	0.976159406900194	0.9742041023071825	0.9746991516298028	0.9704162867530696	0.975366862721585	0.9773266543611133	0.9761932077580433	0.9793222068744075	0.9766746498740181	0.9769971578992139	0.9761202831441078	0.9775383515699627	0.9736419327886714	0.9780449578674876	0.9778960194127277	0.9780770553134767	0.977276663791881
0.9817064649281398	0.9803342508093491	0.9811966719995465	0.9809728612887039	0.9768055242328534	0.9780528276949583	0.9773729421580131	0.976998519439655	0.9738150098458205	0.9793638189102153	0.9809907923893414	0.9810474893872386	0.9828351610103002	0.9827787880050847	0.9772170261568807	1.0	0.9838253193331665	0.9825686652949851	0.9830478144329066	0.9823719993265732	0.9831211835505175	0.9836448779525275	0.9820306539304234	0.9812033667496082	0.9824815400839383	0.9817747808871589	0.9838641845794422	0.9816578417801665	0.9809722650884244	0.9820540982837905	0.9771980522529521	0.9795079119701059	0.9715808745335393	0.9786898955299956	0.9832876841504061	0.9820550509844757	0.9840532232680835	0.9814520378169106	0.9824528021731466	0.9823460555465449	0.9829661472561958	0.9803888952874995	0.9831338568063955	0.9829344916753091	0.9846711247437685	0.9811847411311533
0.9859646143944811	0.9847195563960573	0.9853415881228651	0.9838831415935093	0.9812581912854244	0.9827210496371395	0.982446933840341	0.9806709740795295	0.9775978420873757	0.9837083320481331	0.9849477602971584	0.9847659631459398	0.9869657087085907	0.9872703450432377	0.9793543163734595	0.9838253193331665	1.0	0.9874687669605903	0.98701914245659	0.9867337432985368	0.987668269651615	0.9875441832048024	0.986533099973102	0.9853480969602172	0.9854738432914459	0.9864468511544029	0.9875834334805034	0.9866020600639914	0.9844526080001973	0.986853884199967	0.9804259782466357	0.982036874397867	0.9736299326258206	0.9799768993374953	0.987885537103614	0.9864768299841274	0.9873346660630936	0.9869180114070185	0.9869248248323782	0.9870456557839098	0.9868992608239726	0.9846957579165548	0.9876880854624663	0.9872461091258812	0.9873304043994542	0.9858389130892262
0.9851412007183484	0.9844290923597574	0.9834511858561813	0.9825994107732295	0.9805982867276009	0.9802779834628713	0.9803357073410873	0.9796417643725832	0.9753847132206639	0.9819645662683363	0.9838038263120531	0.9831638347585532	0.9870969018570975	0.9872381959157388	0.9774401780586285	0.9825686652949851	0.9874687669605903	1.0	0.9855902216275998	0.9851420374322387	0.986179408245083	0.986068945869971	0.9855728193326758	0.9848733917012612	0.9847358233420868	0.9849551399843346	0.9866626527949375	0.9848319434593578	0.9832384143019443	0.9859417387002402	0.97758885047073	0.9811026528011465	0.9721318559653201	0.9796612917318471	0.9856324719990763	0.9856437352792063	0.9842557319246551	0.9857629575924177	0.9854596794037757	0.9858591865090196	0.9851499486280896	0.9841532617807927	0.9863049922088755	0.9862123758917918	0.9864732676905346	0.9835420549009743
0.9846573464750961	0.9832766239393393	0.98396881620928	0.9831735644368016	0.9790296046112641	0.9807262667445181	0.9804032857553311	0.9794262340822725	0.9757246480901245	0.9827064955806264	0.9841194134934549	0.9823479101515147	0.9858383159754109	0.986169849611895	0.9792667290118946	0.9830478144329066	0.98701914245659	0.9855902216275998	1.0	0.9855785003444192	0.9862300693129686	0.9868365287824448	0.9845663131311216	0.9837297594927396	0.9845028521600472	0.9843999552663588	0.9855256106270434	0.984079967925249	0.9837597400603023	0.9850869975727643	0.9786695601355091	0.9816152063630575	0.9748458501449381	0.9794766978149749	0.9853807866280259	0.9846108408533192	0.9856859007344011	0.9839037427341221	0.9840320068250797	0.9845150646979529	0.9840609966218256	0.9828977471032031	0.9850048170199412	0.9855086035906585	0.9854250647777557	0.9833305110954944
0.9857653931815467	0.9853971825485055	0.9846692735334106	0.9819613688382707	0.9799279133499368	0.9816074017970678	0.981308743709637	0.9801664938479985	0.9772310937653148	0.9823928595482504	0.9856735135940203	0.9847330916374232	0.9853756711956767	0.9854893791791065	0.978359136263086	0.9823719993265732	0.9867337432985368	0.9851420374322387	0.9855785003444192	1.0	0.9955083850421037	0.9851494292290397	0.9846295974040126	0.9862774718822928	0.9829418645490751	0.983863364924041	0.9849826010516693	0.9838931868909356	0.9860539023530956	0.9868417754889186	0.9804663877019427	0.9806048008232506	0.9760022850473097	0.9790877648374602	0.9846682848212044	0.9874142682593429	0.984079804683754	0.9845795008013509	0.9845408474796212	0.984506049453818	0.9846297717045733	0.9843336563292819	0.9853232530661765	0.9858408664714129	0.9854151168722611	0.9830941438576253
0.9874021008171359	0.98657035873346	0.9848404934859375	0.9821034132134807	0.9811442245826482	0.9813839666584423	0.9810531194182324	0.9804097257641579	0.9769818334132887	0.983212998775514	0.9863342352679326	0.9850709037719163	0.9870111251487514	0.9872034406822218	0.9771403417384771	0.9831211835505175	0.987668269651615	0.986179408245083	0.9862300693129686	0.9955083850421037	1.0	0.9856919427910956	0.9859588311740356	0.9872254888727604	0.98375079963456	0.9854928404968682	0.9862494121747917	0.9848353717099037	0.9868545754798924	0.9881413832633728	0.9795933131216485	0.9811807406067018	0.974650317346806	0.9790305517929706	0.9865427643567053	0.9887325078030575	0.9838657667594257	0.9858191829424914	0.9853354330855204	0.9860011638465235	0.9853304655807783	0.9860939384761932	0.9862498233131213	0.9872124715860526	0.9865446081128567	0.9834533480092399
0.9838121053164254	0.9830742927813186	0.9842233413585896	0.9846986851237746	0.9797840201929131	0.9818045855787472	0.9813488512853956	0.9801611969205544	0.9763008204866161	0.981797189142786	0.9831615746678483	0.984173154550366	0.9871292996715803	0.987593818920588	0.9802600175842264	0.9836448779525275	0.9875441832048024	0.986068945869971	0.9868365287824448	0.9851494292290397	0.9856919427910956	1.0	0.9851439247096228	0.9836651180843412	0.9866886146526511	0.9854030556352055	0.9864462310473356	0.9849724227935414	0.9833204547583168	0.9845417885632838	0.9799775701296901	0.9819429413163206	0.972796764581423	0.9817305881502786	0.9869225938357644	0.9842828364046404	0.9873551281166779	0.9854531410367283	0.9855162451835601	0.9860814069027594	0.9858707253169953	0.9826977422407547	0.9866899972713933	0.9857756443379369	0.9862706067401932	0.9851085017511901
0.9847941788143082	0.9834328135725104	0.9832753940929652	0.981959765028034	0.9794415902751331	0.9791377358099247	0.9796872147332134	0.9787251819608183	0.9752603706223194	0.9817973045567243	0.9827933330248214	0.9830321347390514	0.9865158041592645	0.986756219905175	0.976462486769176	0.9820306539304234	0.986533099973102	0.9855728193326758	0.9845663131311216	0.9846295974040126	0.9859588311740356	0.9851439247096228	1.0	0.9843220728423291	0.9834488079317083	0.9853664176752731	0.986138305647474	0.9845650834791752	0.9828482597662925	0.9849709957779982	0.9778403196874154	0.9797323294169086	0.9708159667031706	0.9785506781054326	0.9863160411209846	0.9847880013059057	0.9841330348945234	0.9859065323430016	0.9861413191859696	0.9857161372263422	0.9853833523242385	0.9835714259666253	0.9861387657108888	0.9848791895211825	0.9860960751250953	0.9833425169182024
0.9861414070730321	0.9847781965425847	0.9839441645159581	0.9803869750594593	0.9810231226723404	0.9803276505255387	0.9803633919491203	0.9795821019461433	0.9750227290043824	0.9824233618363715	0.9848069863623473	0.9848693089758296	0.9840617057510678	0.9842969011698549	0.9750185590933867	0.9812033667496082	0.9853480969602172	0.9848733917012612	0.9837297594927396	0.9862774718822928	0.9872254888727604	0.9836651180843412	0.9843220728423291	1.0	0.9823449971682915	0.9829355546882863	0.9843459881546094	0.9831017436268599	0.9852655577382724	0.9873246977278807	0.9791985715249412	0.9790515524862177	0.9736382015413472	0.9773832748260336	0.9840746664121379	0.9878612971968923	0.9817572251989191	0.9843480944179112	0.983728726157733	0.9846743362247424	0.9833500704003627	0.9844371270956337	0.9843847085948951	0.9853895057215033	0.9856275199843593	0.9820122257004753
0.9827211789338367	0.9816410259066705	0.9832719573093374	0.9842791223604738	0.978598083975486	0.9790069947459865	0.9785551563842725	0.9793655481619945	0.9758177295024619	0.9807938627673043	0.9821403221569104	0.9819516795727407	0.9864242410807026	0.9865213717152916	0.9794137713663056	0.9824815400839383	0.9854738432914459	0.9847358233420868	0.9845028521600472	0.9829418645490751	0.98375079963456	0.9866886146526511	0.9834488079317083	0.9823449971682915	1.0	0.9836729402477804	0.9854937118888654	0.9831850069698234	0.981249206671966	0.9825972751448562	0.9778964552307219	0.9801967643574108	0.9716936943134237	0.9803752116659299	0.9851678254008912	0.9823104823314336	0.9839637232540124	0.9840466393338263	0.9836946946257116	0.9841363643573624	0.9840817801734755	0.9812650094141668	0.9843038111099661	0.9845683991370777	0.9847316918418462	0.9824790134436728
0.9838588770314842	0.9836929153621622	0.9827717932966428	0.9819481849729095	0.980328386484417	0.9798766285496046	0.9800717272369301	0.9786406158601109	0.974508231510453	0.9815231279729386	0.9821784462945545	0.9827774237448191	0.9878972177651307	0.9873988016026717	0.9764866873286622	0.9817747808871589	0.9864468511544029	0.9849551399843346	0.9843999552663588	0.983863364924041	0.9854928404968682	0.9854030556352055	0.9853664176752731	0.9829355546882863	0.9836729402477804	1.0	0.9868004150648232	0.9839734203952112	0.9813912185980506	0.983382900212869	0.9769379668953685	0.981073487995964	0.970263549082011	0.9792737054839035	0.9873178712848996	0.9835313670963348	0.9848548104770697	0.9862974243355492	0.9857128087249925	0.9866895817679856	0.9856648405669818	0.9834476119693234	0.9862283315336609	0.9848359538189516	0.9865307968766317	0.9834867184506525
0.98545799904421	0.9843484882914999	0.9836729711791721	0.9830894274429556	0.980791404819482	0.9806597675255599	0.9805122798501531	0.9799025731950802	0.9762287619239352	0.983181441361381	0.9838454350961364	0.9837575817304043	0.988091583041118	0.9872453803482075	0.978433125719786	0.9838641845794422	0.9875834334805034	0.9866626527949375	0.9855256106270434	0.9849826010516693	0.9862494121747917	0.9864462310473356	0.986138305647474	0.9843459881546094	0.9854937118888654	0.9868004150648232	1.0	0.9854791402208717	0.9827717552179105	0.9846357525380801	0.9780351863597678	0.9820315714705763	0.9715630588455286	0.9805064022086974	0.9873814186519146	0.9850519474538413	0.9856187183547177	0.9866441235891545	0.9867696054295281	0.9879947568330169	0.9866973243548152	0.9848403621184212	0.9872077117405571	0.9866232835908081	0.9867875942251451	0.9837678822280913
0.983708545556204	0.9830044083696751	0.9836503680911343	0.9808394277813943	0.9799613981960485	0.9800451687562194	0.9804922935456806	0.9792025616974079	0.9752686752848554	0.9819000552498597	0.9818742502999624	0.9830035960995692	0.9856322982085892	0.9864962491482925	0.9763157422411516	0.9816578417801665	0.9866020600639914	0.9848319434593578	0.984079967925249	0.9838931868909356	0.9848353717099037	0.9849724227935414	0.9845650834791752	0.9831017436268599	0.9831850069698234	0.9839734203952112	0.9854791402208717	1.0	0.9813433610443535	0.9842735856552692	0.977302165217551	0.9795368114911329	0.9708427703869847	0.9777883310200445	0.9856884349541618	0.9841826672099762	0.9838523928913251	0.9853686868828079	0.9850307412831222	0.9849017810940008	0.985099017673864	0.9827172252789965	0.9857392519955771	0.9857697418070632	0.9846563314640155	0.9828480050124402
0.983838462127006	0.9846067730142877	0.9829448307147436	0.9806147240149414	0.9787557875560099	0.9791194825528435	0.9787147625110609	0.9779517417481337	0.9745954233780013	0.9808626446891221	0.9841217777329395	0.982667103176389	0.9825493341189361	0.9828102994053552	0.975402438261938	0.9809722650884244	0.9844526080001973	0.9832384143019443	0.9837597400603023	0.9860539023530956	0.9868545754798924	0.9833204547583168	0.9828482597662925	0.9852655577382724	0.981249206671966	0.9813912185980506	0.9827717552179105	0.9813433610443535	1.0	0.9859034789240739	0.9781497977792669	0.9782117058102519	0.9748202375792634	0.976139011952242	0.9825262904908816	0.9865616142648943	0.9817011340865314	0.9828047595226668	0.9820093038027087	0.9824297485856252	0.9824499274316701	0.9828200416354635	0.9828957587356675	0.9841504437833667	0.9832589168061764	0.9810101976331939
0.9863134561841929	0.9851821120087074	0.9846641911889719	0.9810599639120898	0.9810928061330778	0.9811900666764857	0.9806517172878796	0.9798701021925134	0.9754861628506261	0.9830274335212502	0.9852171217820497	0.9845299903111301	0.9845741325330046	0.9845483365298978	0.976159406900194	0.9820540982837905	0.986853884199967	0.9859417387002402	0.9850869975727643	0.9868417754889186	0.9881413832633728	0.9845417885632838	0.9849709957779982	0.9873246977278807	0.9825972751448562	0.983382900212869	0.9846357525380801	0.9842735856552692	0.9859034789240739	1.0	0.9796765281962213	0.9789625131819458	0.9749280975783292	0.9778128674994181	0.9839698348641432	0.9889621166701617	0.9826462086319658	0.9840099260734577	0.9836844785386801	0.9843640040413518	0.9838021649821769	0.9853981614233723	0.9842095752934155	0.9858669138650737	0.98510706455164	0.982572089382648
0.9784245485859057	0.9774209244096754	0.97914022525923	0.9763049111123205	0.9731600966470506	0.9760550292627185	0.9743401618610464	0.9732169379602646	0.9722361196547263	0.9759522522394952	0.9782752907375947	0.978763375102533	0.977473114645763	0.9777703329469906	0.9742041023071825	0.9771980522529521	0.9804259782466357	0.97758885047073	0.9786695601355091	0.9804663877019427	0.9795933131216485	0.9799775701296901	0.9778403196874154	0.9791985715249412	0.9778964552307219	0.9769379668953685	0.9780351863597678	0.977302165217551	0.9781497977792669	0.9796765281962213	1.0	0.9744746311310846	0.9701775433092766	0.9734488897965009	0.977779100491762	0.9800668568171584	0.9787567392319926	0.9769234577963091	0.9771240756250885	0.9773970777660947	0.9778142286615671	0.9772765803074069	0.9778745445118192	0.9787930857802163	0.9782150415308511	0.9769331491319234
0.9791285565121651	0.977671425263152	0.9792877375056143	0.979772334486083	0.9749647727004427	0.9756845110006472	0.9753380636507586	0.9740891322029187	0.9712369285303508	0.9776768713566584	0.9781308360986944	0.9779853680154471	0.9814406951594871	0.9809518976545832	0.9746991516298028	0.9795079119701059	0.982036874397867	0.9811026528011465	0.9816152063630575	0.9806048008232506	0.9811807406067018	0.9819429413163206	0.9797323294169086	0.9790515524862177	0.9801967643574108	0.981073487995964	0.9820315714705763	0.9795368114911329	0.9782117058102519	0.9789625131819458	0.9744746311310846	1.0	0.9702419037543366	0.976482911519398	0.9822951970840399	0.9800582003188394	0.9817671158260503	0.9810631870784575	0.9809955989643319	0.9808730624395795	0.9812562264791823	0.9779689874154218	0.9814355993472502	0.9794304396472329	0.9811886051041788	0.9786707838531217
0.9733214144799057	0.9704472764611064	0.9736363977120133	0.9711217755203372	0.9659798574707816	0.9694226070584306	0.9688556430954538	0.9671960622878804	0.9656844474619012	0.9688845757816734	0.9730715622054721	0.9716488318650761	0.9707469413761559	0.9710227078364491	0.9704162867530696	0.9715808745335393	0.9736299326258206	0.9721318559653201	0.9748458501449381	0.9760022850473097	0.974650317346806	0.972796764581423	0.9708159667031706	0.9736382015413472	0.9716936943134237	0.970263549082011	0.9715630588455286	0.9708427703869847	0.9748202375792634	0.9749280975783292	0.9701775433092766	0.9702419037543366	1.0	0.9681694016157064	0.9710228090175375	0.9738814588827882	0.973401168720065	0.9698666286142729	0.9698819057195429	0.9698555143240798	0.971231430086178	0.970874792910441	0.9716867299639405	0.973307669176479	0.9731804782052431	0.9724011813124378
0.9773649851402947	0.9764387286459827	0.9779846804605741	0.9794969525284991	0.9733439879860463	0.9740211573053325	0.973723849481723	0.973190214805811	0.9710101609223958	0.9750905008606152	0.9771805684804051	0.9769381212819898	0.9822191698111714	0.9818979505844956	0.975366862721585	0.9786898955299956	0.9799768993374953	0.9796612917318471	0.9794766978149749	0.9790877648374602	0.9790305517929706	0.9817305881502786	0.9785506781054326	0.9773832748260336	0.9803752116659299	0.9792737054839035	0.9805064022086974	0.9777883310200445	0.976139011952242	0.9778128674994181	0.9734488897965009	0.976482911519398	0.9681694016157064	1.0	0.9794518283080151	0.9778142286615671	0.9799985928801959	0.9786499254151753	0.9789620068478002	0.9785700581786553	0.9795948128743871	0.9761823478710592	0.980010652567976	0.978729771584028	0.9799728431971266	0.9783172039192147
0.984573369647243	0.9836694076972402	0.9831627797257028	0.9830417628130529	0.9801072069036958	0.9805197762756086	0.9800372929177164	0.979573415623455	0.9758337273524271	0.9821641271925129	0.9830853923986224	0.98322198589315	0.9877775697598736	0.9884460823694382	0.9773266543611133	0.9832876841504061	0.987885537103614	0.9856324719990763	0.9853807866280259	0.9846682848212044	0.9865427643567053	0.9869225938357644	0.9863160411209846	0.9840746664121379	0.9851678254008912	0.9873178712848996	0.9873814186519146	0.9856884349541618	0.9825262904908816	0.9839698348641432	0.977779100491762	0.9822951970840399	0.9710228090175375	0.9794518283080151	1.0	0.9841714989043766	0.9865353378565032	0.9875489023130384	0.9867565362896966	0.9873285995421448	0.9869751285740322	0.9833362757719574	0.9871563877498297	0.9863648419895592	0.9872175752227934	0.9838313144361023
0.9866376968957943	0.9867296993834556	0.9846836195739783	0.98135196474255	0.9814913901124734	0.9806433327755666	0.9803822201792364	0.9792020203477366	0.9761957755697523	0.9827331581335981	0.9851301071417162	0.9850113040364068	0.9850620848491998	0.9851070287175719	0.9761932077580433	0.9820550509844757	0.9864768299841274	0.9856437352792063	0.9846108408533192	0.9874142682593429	0.9887325078030575	0.9842828364046404	0.9847880013059057	0.9878612971968923	0.9823104823314336	0.9835313670963348	0.9850519474538413	0.9841826672099762	0.9865616142648943	0.9889621166701617	0.9800668568171584	0.9800582003188394	0.9738814588827882	0.9778142286615671	0.9841714989043766	1.0	0.9826372787627873	0.9847932544206581	0.9838618838785679	0.9846322488013004	0.9843007884952479	0.986164834319686	0.9844731215105593	0.9859393628446319	0.9852637654219898	0.9822641691899338
0.9825298897653729	0.9812271398094027	0.9833627472518501	0.9829937505362962	0.9787000189406971	0.980975834870109	0.9806534519428445	0.9787655087394758	0.9759506190329178	0.9804162213805786	0.9820125159068775	0.9826437978999248	0.9850882838574765	0.985199663453134	0.9793222068744075	0.9840532232680835	0.9873346660630936	0.9842557319246551	0.9856859007344011	0.984079804683754	0.9838657667594257	0.9873551281166779	0.9841330348945234	0.9817572251989191	0.9839637232540124	0.9848548104770697	0.9856187183547177	0.9838523928913251	0.9817011340865314	0.9826462086319658	0.9787567392319926	0.9817671158260503	0.973401168720065	0.9799985928801959	0.9865353378565032	0.9826372787627873	1.0	0.9843050621969163	0.9848621485912618	0.985017268590343	0.9851127569018169	0.9813274143880639	0.9860728941248483	0.9843165178515606	0.9851738134722888	0.9843065076185317
0.9844925659305099	0.9839772858188108	0.9836686865203608	0.9826086001740804	0.9802612122611151	0.9795923835662999	0.9802178979004852	0.9789710398509043	0.9752189973329629	0.9826582641234807	0.982973563970175	0.983224807682166	0.9874388576517972	0.9875560270815771	0.9766746498740181	0.9814520378169106	0.9869180114070185	0.9857629575924177	0.9839037427341221	0.9845795008013509	0.9858191829424914	0.9854531410367283	0.9859065323430016	0.9843480944179112	0.9840466393338263	0.9862974243355492	0.9866441235891545	0.9853686868828079	0.9828047595226668	0.9840099260734577	0.9769234577963091	0.9810631870784575	0.9698666286142729	0.9786499254151753	0.9875489023130384	0.9847932544206581	0.9843050621969163	1.0	0.9862885633983447	0.986829179276925	0.9907609226918765	0.9833156414944606	0.9866610775074357	0.9854666184915358	0.9865590958852078	0.983640613356136
0.9846353476421514	0.9832313602479045	0.9827238046268146	0.9817773183566291	0.9801742267010511	0.9794075065424521	0.9792448306743712	0.9785017129536505	0.9745039716115212	0.9817109125092064	0.9824853955646269	0.9826909135007325	0.9869845953060296	0.9868585944274277	0.9769971578992139	0.9824528021731466	0.9869248248323782	0.9854596794037757	0.9840320068250797	0.9845408474796212	0.9853354330855204	0.9855162451835601	0.9861413191859696	0.983728726157733	0.9836946946257116	0.9857128087249925	0.9867696054295281	0.9850307412831222	0.9820093038027087	0.9836844785386801	0.9771240756250885	0.9809955989643319	0.9698819057195429	0.9789620068478002	0.9867565362896966	0.9838618838785679	0.9848621485912618	0.9862885633983447	1.0	0.9865487767778842	0.986088862370182	0.9831865597740667	0.9955755021858602	0.9850061141972857	0.9865698155025812	0.983087195137988
0.9846189991430598	0.9839381381841619	0.9833951051266023	0.9816757352574277	0.9816688026260848	0.9801256884209596	0.9803138243385586	0.9795768032922112	0.9754077293930905	0.9827938076982502	0.9830871538803608	0.9832526892334641	0.9876058964003226	0.9871025724681106	0.9761202831441078	0.9823460555465449	0.9870456557839098	0.9858591865090196	0.9845150646979529	0.984506049453818	0.9860011638465235	0.9860814069027594	0.9857161372263422	0.9846743362247424	0.9841363643573624	0.9866895817679856	0.9879947568330169	0.9849017810940008	0.9824297485856252	0.9843640040413518	0.9773970777660947	0.9808730624395795	0.9698555143240798	0.9785700581786553	0.9873285995421448	0.9846322488013004	0.985017268590343	0.986829179276925	0.9865487767778842	1.0	0.9866690219198456	0.9840329797542898	0.9865082354465818	0.9865979689489143	0.986906360819433	0.983182485003733
