/home/jshaw/scratch/2022_sketched_distance/references/SGB_genome_fastas_part4/9344/BackhedF_2015__SID150_M__bin.37.fa	/home/jshaw/scratch/2022_sketched_distance/references/SGB_genome_fastas_part4/9344/BackhedF_2015__SID179_M__bin.15.fa	/home/jshaw/scratch/2022_sketched_distance/references/SGB_genome_fastas_part4/9344/Bengtsson-PalmeJ_2015__TRAVELRES14__bin.32.fa	/home/jshaw/scratch/2022_sketched_distance/references/SGB_genome_fastas_part4/9344/Bengtsson-PalmeJ_2015__TRAVELRES24__bin.72.fa	/home/jshaw/scratch/2022_sketched_distance/references/SGB_genome_fastas_part4/9344/Bengtsson-PalmeJ_2015__TRAVELRES28__bin.35.fa	/home/jshaw/scratch/2022_sketched_distance/references/SGB_genome_fastas_part4/9344/HMP_2012__SRS022609__bin.76.fa	/home/jshaw/scratch/2022_sketched_distance/references/SGB_genome_fastas_part4/9344/HMP_2012__SRS024435__bin.63.fa	/home/jshaw/scratch/2022_sketched_distance/references/SGB_genome_fastas_part4/9344/LeChatelierE_2013__MH0095__bin.8.fa	/home/jshaw/scratch/2022_sketched_distance/references/SGB_genome_fastas_part4/9344/LeChatelierE_2013__MH0136__bin.28.fa	/home/jshaw/scratch/2022_sketched_distance/references/SGB_genome_fastas_part4/9344/LeChatelierE_2013__MH0422__bin.61.fa	/home/jshaw/scratch/2022_sketched_distance/references/SGB_genome_fastas_part4/9344/LiJ_2014__O2.UC48-1__bin.17.fa	/home/jshaw/scratch/2022_sketched_distance/references/SGB_genome_fastas_part4/9344/LiJ_2014__V1.CD6-0-PT__bin.34.fa	/home/jshaw/scratch/2022_sketched_distance/references/SGB_genome_fastas_part4/9344/NielsenHB_2014__MH0095__bin.20.fa	/home/jshaw/scratch/2022_sketched_distance/references/SGB_genome_fastas_part4/9344/NielsenHB_2014__MH0136__bin.17.fa	/home/jshaw/scratch/2022_sketched_distance/references/SGB_genome_fastas_part4/9344/VogtmannE_2016__MMRS11932626ST-27-0-0__bin.3.fa	/home/jshaw/scratch/2022_sketched_distance/references/SGB_genome_fastas_part4/9344/ZeeviD_2015__PNP_Main_158__bin.67.fa	/home/jshaw/scratch/2022_sketched_distance/references/SGB_genome_fastas_part4/9344/ZeeviD_2015__PNP_Main_553__bin.40.fa	/home/jshaw/scratch/2022_sketched_distance/references/SGB_genome_fastas_part4/9344/ZeeviD_2015__PNP_Main_560__bin.26.fa	/home/jshaw/scratch/2022_sketched_distance/references/SGB_genome_fastas_part4/9344/ZeeviD_2015__PNP_Main_595__bin.26.fa	/home/jshaw/scratch/2022_sketched_distance/references/SGB_genome_fastas_part4/9344/ZeeviD_2015__PNP_Main_640__bin.22.fa	/home/jshaw/scratch/2022_sketched_distance/references/SGB_genome_fastas_part4/9344/ZeeviD_2015__PNP_Main_701__bin.29.fa	/home/jshaw/scratch/2022_sketched_distance/references/SGB_genome_fastas_part4/9344/ZeeviD_2015__PNP_Main_706__bin.63.fa	/home/jshaw/scratch/2022_sketched_distance/references/SGB_genome_fastas_part4/9344/ZeeviD_2015__PNP_Main_765__bin.14.fa	/home/jshaw/scratch/2022_sketched_distance/references/SGB_genome_fastas_part4/9344/ZeeviD_2015__PNP_Validation_74__bin.3.fa	/home/jshaw/scratch/2022_sketched_distance/references/SGB_genome_fastas_part4/9344/ZellerG_2014__CCIS55230578ST-4-0__bin.61.fa	/home/jshaw/scratch/2022_sketched_distance/references/SGB_genome_fastas_part4/9344/ZellerG_2014__CCMD25963797ST-21-0__bin.57.fa
1.0	0.9938558806197909	0.9925477720290306	0.9936652076909681	0.9942392952410214	0.9939508071085728	0.9744054758165206	0.9924543308154248	0.9927372981976311	0.9938558806197909	0.9934493803759448	0.9939508071085728	0.992224021039277	0.9928738555028174	0.9881048329055492	0.9940729807523895	0.994045462397786	0.9925717200964832	0.9949774382397442	0.9905237422875746	0.9930276338833667	0.992470355920391	0.9950921146603269	0.9940547368666128	0.996723486457724	0.9939033778628413
0.9938558806197909	1.0	0.9941927029728805	0.9940913505852447	0.995518064254925	0.9935641120214301	0.9733930953688334	0.9951100562343014	0.9944755466733508	0.9941821972402572	0.9941025566844548	0.992823139355536	0.9950139176254904	0.9945244674675155	0.9883658665809127	0.9948204846794072	0.9936418578513485	0.9941748164183516	0.9938006082119426	0.9923574983348363	0.9943480199471453	0.9947662431934532	0.9914580396711177	0.9950870488572239	0.9939098986604709	0.9933091279456364
0.9925477720290306	0.9941927029728805	1.0	0.997871344185125	0.9929091966060594	0.9979799880631003	0.9743487653297335	0.9919027025415229	0.9913774298442987	0.9940709072781786	0.9928276657672302	0.9973227364753903	0.9920586705688338	0.9911365781340191	0.985692676477272	0.9920934844365005	0.9925988382180156	0.99285299365104	0.9936781248114188	0.9890156024593314	0.9917365287642427	0.9925758481879204	0.993628697915204	0.9926498257124419	0.99285299365104	0.993727478060694
0.9936652076909681	0.9940913505852447	0.997871344185125	1.0	0.9948208510026547	0.9973793869317499	0.9736438021958777	0.9937966219867949	0.9931866887076017	0.9937399383702878	0.9924220763549514	0.9969934152948051	0.9928421499458946	0.9931801507022416	0.9882029630974689	0.9941673458788662	0.9933584509180353	0.9933243378722516	0.9933430600594897	0.9914033010981033	0.9937471720933733	0.9941944804814048	0.9933015075525511	0.9946588229725781	0.9940052538165393	0.9932100285221759
0.9942392952410214	0.995518064254925	0.9929091966060594	0.9948208510026547	1.0	0.9946603283765048	0.9726354466183934	0.9933473656073355	0.9931458541688039	0.9951712893404552	0.9946924951319408	0.9945313483568626	0.9941740435748241	0.9926024146696135	0.9835577783450056	0.9897425623615801	0.9940431535185706	0.9936141539638796	0.9948528624881072	0.9827363517753387	0.9912034218744412	0.9914170824685034	0.9950124580525523	0.9938458438149222	0.9940431535185706	0.9949806003206773
0.9939508071085728	0.9935641120214301	0.9979799880631003	0.9973793869317499	0.9946603283765048	1.0	0.9732548253601995	0.9939909322147857	0.9934337390046752	0.9940663844546705	0.9923430867021542	0.9966709524894818	0.9929144759066127	0.9933827843423426	0.9884956118769714	0.9945731848463737	0.9933584509180353	0.9937050266580686	0.9934809894652586	0.9918673872780677	0.9939574007224505	0.9941944804814048	0.9933826676380051	0.9948260129713038	0.9938142682623958	0.9933826676380051
0.9744054758165206	0.9733930953688334	0.9743487653297335	0.9736438021958777	0.9726354466183934	0.9732548253601995	1.0	0.9734483524986247	0.9738339468843136	0.973550105017976	0.9722301208683354	0.9726849007521216	0.9725675850601783	0.9737744754911439	0.9688112815658936	0.9737146891265784	0.9726896420192807	0.9738158031480036	0.9732391253403331	0.9724135758597147	0.9725382590415792	0.9744609737223017	0.9727269901093889	0.973679702279513	0.9739030513165413	0.9725583038472645
0.9924543308154248	0.9951100562343014	0.9919027025415229	0.9937966219867949	0.9933473656073355	0.9939909322147857	0.9734483524986247	1.0	0.9924035554885733	0.9934538120234353	0.99367459676385	0.9938939195571906	0.998406165846364	0.9926938654664998	0.9859734824242213	0.9937246575525345	0.992631433270678	0.99367459676385	0.9938453064923933	0.9901097533266122	0.9919598811773873	0.993150119824591	0.9939667056682101	0.9930646871618604	0.9926061908872831	0.9937722528769204
0.9927372981976311	0.9944755466733508	0.9913774298442987	0.9931866887076017	0.9931458541688039	0.9934337390046752	0.9738339468843136	0.9924035554885733	1.0	0.9933844761893208	0.9963758563209564	0.9932609975436841	0.9926113768683162	0.9993312055544099	0.986424736429142	0.9924923612327528	0.9927624250636383	0.9932609975436841	0.9936789598234103	0.9895848556305303	0.9915116570203926	0.9930723943186449	0.9939708483433585	0.9932150948119111	0.9924596359476183	0.9968455157036099
0.9938558806197909	0.9941821972402572	0.9940709072781786	0.9937399383702878	0.9951712893404552	0.9940663844546705	0.973550105017976	0.9934538120234353	0.9933844761893208	1.0	0.9934811689025139	0.9938802378934976	0.9924781297944132	0.9935841855031666	0.9872755052058075	0.9941987413006181	0.992952759305963	0.9933243378722516	0.9938568958638174	0.9907628600762322	0.9935621211635323	0.9933307728204339	0.9939035634885993	0.996724248940881	0.9940052538165393	0.9939967019926822
0.9934493803759448	0.9941025566844548	0.9928276657672302	0.9924220763549514	0.9946924951319408	0.9923430867021542	0.9722301208683354	0.99367459676385	0.9963758563209564	0.9934811689025139	1.0	0.992272606092728	0.9928903848105878	0.9963978813884364	0.9876097473874969	0.9941044656622976	0.9932396450543169	0.9937523065537088	0.993296955618597	0.9906264334366865	0.9929737074738434	0.9945188615249527	0.9930167684408684	0.9944185080490604	0.9934773708148009	0.9953473607285904
0.9939508071085728	0.992823139355536	0.9973227364753903	0.9969934152948051	0.9945313483568626	0.9966709524894818	0.9726849007521216	0.9938939195571906	0.9932609975436841	0.9938802378934976	0.992272606092728	1.0	0.9929144759066127	0.9932562837217812	0.9880392499777857	0.9941044656622976	0.9930486644105475	0.99322847789223	0.993181412854906	0.9914366670790185	0.9939835857498723	0.9938668928978278	0.9923214153307532	0.9948260129713038	0.9940765905226805	0.9920908188808845
0.992224021039277	0.9950139176254904	0.9920586705688338	0.9928421499458946	0.9941740435748241	0.9929144759066127	0.9725675850601783	0.998406165846364	0.9926113768683162	0.9924781297944132	0.9928903848105878	0.9929144759066127	1.0	0.993027357384429	0.9866309367951731	0.9939783461220926	0.9919368815049431	0.9925740586496313	0.9928421499458946	0.9905580081690951	0.9924021105002134	0.9929684755990301	0.9932022096362775	0.9933897111182624	0.9924456078848223	0.9931065760176416
0.9928738555028174	0.9945244674675155	0.9911365781340191	0.9931801507022416	0.9926024146696135	0.9933827843423426	0.9737744754911439	0.9926938654664998	0.9993312055544099	0.9935841855031666	0.9963978813884364	0.9932562837217812	0.993027357384429	1.0	0.9859734824242213	0.9917911375682799	0.9929251019384467	0.993281622540002	0.9937843693320657	0.9886547625394206	0.9910000301975765	0.992364526184972	0.9940576616868315	0.9929506954314541	0.9926938654664998	0.9968785895377655
0.9881048329055492	0.9883658665809127	0.985692676477272	0.9882029630974689	0.9835577783450056	0.9884956118769714	0.9688112815658936	0.9859734824242213	0.986424736429142	0.9872755052058075	0.9876097473874969	0.9880392499777857	0.9866309367951731	0.9859734824242213	1.0	0.9838978458818143	0.9875764754865077	0.9870733182678477	0.9884632234203273	0.9810097997334984	0.9838810505820601	0.9845082872981583	0.9883658665809127	0.9868017883057797	0.9876097473874969	0.9883658665809127
0.9940729807523895	0.9948204846794072	0.9920934844365005	0.9941673458788662	0.9897425623615801	0.9945731848463737	0.9737146891265784	0.9937246575525345	0.9924923612327528	0.9941987413006181	0.9941044656622976	0.9941044656622976	0.9939783461220926	0.9917911375682799	0.9838978458818143	1.0	0.9937246575525345	0.9936290212063988	0.9945731848463737	0.9832918191312155	0.9913152539667051	0.9914519213357257	0.9949434463876413	0.9934369160328266	0.993915105869634	0.9947896728801994
0.994045462397786	0.9936418578513485	0.9925988382180156	0.9933584509180353	0.9940431535185706	0.9933584509180353	0.9726896420192807	0.992631433270678	0.9927624250636383	0.992952759305963	0.9932396450543169	0.9930486644105475	0.9919368815049431	0.9929251019384467	0.9875764754865077	0.9937246575525345	1.0	0.9925250644123972	0.9990944465851705	0.9904894408075968	0.9929196930618687	0.9926284684535913	0.999194077143743	0.9937608169384621	0.9938142682623958	0.9940856844666
0.9925717200964832	0.9941748164183516	0.99285299365104	0.9933243378722516	0.9936141539638796	0.9937050266580686	0.9738158031480036	0.99367459676385	0.9932609975436841	0.9933243378722516	0.9937523065537088	0.99322847789223	0.9925740586496313	0.993281622540002	0.9870733182678477	0.9936290212063988	0.9925250644123972	1.0	0.9938231001073276	0.9903518773939174	0.9923196416495906	0.9949137911011745	0.9941047711944503	0.9939325869602811	0.9928917360385913	0.9942912304589705
0.9949774382397442	0.9938006082119426	0.9936781248114188	0.9933430600594897	0.9948528624881072	0.9934809894652586	0.9732391253403331	0.9938453064923933	0.9936789598234103	0.9938568958638174	0.993296955618597	0.993181412854906	0.9928421499458946	0.9937843693320657	0.9884632234203273	0.9945731848463737	0.9990944465851705	0.9938231001073276	1.0	0.9915032981503119	0.9940620168977544	0.993841559183557	0.9991406129955072	0.9946827589338115	0.9946651662840589	0.9941171726003644
0.9905237422875746	0.9923574983348363	0.9890156024593314	0.9914033010981033	0.9827363517753387	0.9918673872780677	0.9724135758597147	0.9901097533266122	0.9895848556305303	0.9907628600762322	0.9906264334366865	0.9914366670790185	0.9905580081690951	0.9886547625394206	0.9810097997334984	0.9832918191312155	0.9904894408075968	0.9903518773939174	0.9915032981503119	1.0	0.987284197845004	0.9883998030580381	0.9919659923254336	0.9900750187238824	0.9902483273370787	0.9915032981503119
0.9930276338833667	0.9943480199471453	0.9917365287642427	0.9937471720933733	0.9912034218744412	0.9939574007224505	0.9725382590415792	0.9919598811773873	0.9915116570203926	0.9935621211635323	0.9929737074738434	0.9939835857498723	0.9924021105002134	0.9910000301975765	0.9838810505820601	0.9913152539667051	0.9929196930618687	0.9923196416495906	0.9940620168977544	0.987284197845004	1.0	0.99033453653993	0.9942702635734825	0.9926210276067926	0.9926755313003474	0.9934026789476532
0.992470355920391	0.9947662431934532	0.9925758481879204	0.9941944804814048	0.9914170824685034	0.9941944804814048	0.9744609737223017	0.993150119824591	0.9930723943186449	0.9933307728204339	0.9945188615249527	0.9938668928978278	0.9929684755990301	0.992364526184972	0.9845082872981583	0.9914519213357257	0.9926284684535913	0.9949137911011745	0.993841559183557	0.9883998030580381	0.99033453653993	1.0	0.9941191702902465	0.9926547472380169	0.9932534707773135	0.9949873196079967
0.9950921146603269	0.9914580396711177	0.993628697915204	0.9933015075525511	0.9950124580525523	0.9933826676380051	0.9727269901093889	0.9939667056682101	0.9939708483433585	0.9939035634885993	0.9930167684408684	0.9923214153307532	0.9932022096362775	0.9940576616868315	0.9883658665809127	0.9949434463876413	0.999194077143743	0.9941047711944503	0.9991406129955072	0.9919659923254336	0.9942702635734825	0.9941191702902465	1.0	0.9948498285908236	0.9949671453241041	0.9930648139842683
0.9940547368666128	0.9950870488572239	0.9926498257124419	0.9946588229725781	0.9938458438149222	0.9948260129713038	0.973679702279513	0.9930646871618604	0.9932150948119111	0.996724248940881	0.9944185080490604	0.9948260129713038	0.9933897111182624	0.9929506954314541	0.9868017883057797	0.9934369160328266	0.9937608169384621	0.9939325869602811	0.9946827589338115	0.9900750187238824	0.9926210276067926	0.9926547472380169	0.9948498285908236	1.0	0.9939815009750218	0.9947783303583284
0.996723486457724	0.9939098986604709	0.99285299365104	0.9940052538165393	0.9940431535185706	0.9938142682623958	0.9739030513165413	0.9926061908872831	0.9924596359476183	0.9940052538165393	0.9934773708148009	0.9940765905226805	0.9924456078848223	0.9926938654664998	0.9876097473874969	0.993915105869634	0.9938142682623958	0.9928917360385913	0.9946651662840589	0.9902483273370787	0.9926755313003474	0.9932534707773135	0.9949671453241041	0.9939815009750218	1.0	0.9938142682623958
0.9939033778628413	0.9933091279456364	0.993727478060694	0.9932100285221759	0.9949806003206773	0.9933826676380051	0.9725583038472645	0.9937722528769204	0.9968455157036099	0.9939967019926822	0.9953473607285904	0.9920908188808845	0.9931065760176416	0.9968785895377655	0.9883658665809127	0.9947896728801994	0.9940856844666	0.9942912304589705	0.9941171726003644	0.9915032981503119	0.9934026789476532	0.9949873196079967	0.9930648139842683	0.9947783303583284	0.9938142682623958	1.0
