/home/jshaw/scratch/2022_sketched_distance/references/SGB_genome_fastas_part4/6307/BackhedF_2015__SID582_M__bin.20.fa	/home/jshaw/scratch/2022_sketched_distance/references/SGB_genome_fastas_part4/6307/BackhedF_2015__SID599_M__bin.5.fa	/home/jshaw/scratch/2022_sketched_distance/references/SGB_genome_fastas_part4/6307/Bengtsson-PalmeJ_2015__TRAVELRES1__bin.51.fa	/home/jshaw/scratch/2022_sketched_distance/references/SGB_genome_fastas_part4/6307/CosteaPI_2017__mickey3-11-7-0__bin.1.fa	/home/jshaw/scratch/2022_sketched_distance/references/SGB_genome_fastas_part4/6307/CosteaPI_2017__SID713B016-11-90-0__bin.47.fa	/home/jshaw/scratch/2022_sketched_distance/references/SGB_genome_fastas_part4/6307/FengQ_2015__SID530167__bin.19.fa	/home/jshaw/scratch/2022_sketched_distance/references/SGB_genome_fastas_part4/6307/FengQ_2015__SID530295__bin.40.fa	/home/jshaw/scratch/2022_sketched_distance/references/SGB_genome_fastas_part4/6307/HMP_2012__SRS014235__bin.79.fa	/home/jshaw/scratch/2022_sketched_distance/references/SGB_genome_fastas_part4/6307/HMP_2012__SRS019685__bin.21.fa	/home/jshaw/scratch/2022_sketched_distance/references/SGB_genome_fastas_part4/6307/HMP_2012__SRS022524__bin.26.fa	/home/jshaw/scratch/2022_sketched_distance/references/SGB_genome_fastas_part4/6307/KarlssonFH_2013__S131__bin.32.fa	/home/jshaw/scratch/2022_sketched_distance/references/SGB_genome_fastas_part4/6307/KarlssonFH_2013__S424__bin.23.fa	/home/jshaw/scratch/2022_sketched_distance/references/SGB_genome_fastas_part4/6307/KarlssonFH_2013__S463__bin.27.fa	/home/jshaw/scratch/2022_sketched_distance/references/SGB_genome_fastas_part4/6307/KarlssonFH_2013__S487__bin.25.fa	/home/jshaw/scratch/2022_sketched_distance/references/SGB_genome_fastas_part4/6307/KarlssonFH_2013__S60__bin.40.fa	/home/jshaw/scratch/2022_sketched_distance/references/SGB_genome_fastas_part4/6307/KarlssonFH_2013__S88__bin.42.fa	/home/jshaw/scratch/2022_sketched_distance/references/SGB_genome_fastas_part4/6307/LeChatelierE_2013__MH0102__bin.23.fa	/home/jshaw/scratch/2022_sketched_distance/references/SGB_genome_fastas_part4/6307/LeChatelierE_2013__MH0196__bin.15.fa	/home/jshaw/scratch/2022_sketched_distance/references/SGB_genome_fastas_part4/6307/LeChatelierE_2013__MH0302__bin.32.fa	/home/jshaw/scratch/2022_sketched_distance/references/SGB_genome_fastas_part4/6307/LeChatelierE_2013__MH0445__bin.27.fa	/home/jshaw/scratch/2022_sketched_distance/references/SGB_genome_fastas_part4/6307/LiJ_2014__MH0238__bin.36.fa	/home/jshaw/scratch/2022_sketched_distance/references/SGB_genome_fastas_part4/6307/LiJ_2014__MH0309__bin.19.fa	/home/jshaw/scratch/2022_sketched_distance/references/SGB_genome_fastas_part4/6307/LiJ_2014__MH0328__bin.2.fa	/home/jshaw/scratch/2022_sketched_distance/references/SGB_genome_fastas_part4/6307/LiJ_2014__MH0395__bin.62.fa	/home/jshaw/scratch/2022_sketched_distance/references/SGB_genome_fastas_part4/6307/LiJ_2014__MH0402__bin.5.fa	/home/jshaw/scratch/2022_sketched_distance/references/SGB_genome_fastas_part4/6307/NielsenHB_2014__MH0102__bin.6.fa	/home/jshaw/scratch/2022_sketched_distance/references/SGB_genome_fastas_part4/6307/NielsenHB_2014__O2_UC51_2__bin.22.fa	/home/jshaw/scratch/2022_sketched_distance/references/SGB_genome_fastas_part4/6307/XieH_2016__YSZC12003_35698__bin.36.fa	/home/jshaw/scratch/2022_sketched_distance/references/SGB_genome_fastas_part4/6307/XieH_2016__YSZC12003_36695__bin.83.fa	/home/jshaw/scratch/2022_sketched_distance/references/SGB_genome_fastas_part4/6307/XieH_2016__YSZC12003_37097__bin.7.fa	/home/jshaw/scratch/2022_sketched_distance/references/SGB_genome_fastas_part4/6307/XieH_2016__YSZC12003_37314__bin.5.fa	/home/jshaw/scratch/2022_sketched_distance/references/SGB_genome_fastas_part4/6307/XieH_2016__YSZC12003_37583__bin.2.fa	/home/jshaw/scratch/2022_sketched_distance/references/SGB_genome_fastas_part4/6307/XieH_2016__YSZC12003_37651__bin.23.fa	/home/jshaw/scratch/2022_sketched_distance/references/SGB_genome_fastas_part4/6307/YuJ_2015__SZAXPI003420-4__bin.42.fa	/home/jshaw/scratch/2022_sketched_distance/references/SGB_genome_fastas_part4/6307/ZeeviD_2015__PNP_Main_564__bin.29.fa	/home/jshaw/scratch/2022_sketched_distance/references/SGB_genome_fastas_part4/6307/ZeeviD_2015__PNP_Main_712__bin.62.fa	/home/jshaw/scratch/2022_sketched_distance/references/SGB_genome_fastas_part4/6307/ZeeviD_2015__PNP_Validation_72__bin.26.fa
1.0	0.9914971207304939	0.9911636998986506	0.9891683983801745	0.9915623293765846	0.9912141716323049	0.9967325497020763	0.9889969610249978	0.9897895062852906	0.9863509258294698	0.9928484019501166	0.99288624698338	0.9912020789943684	0.9935961554859666	0.9946516426949411	0.9922074376289503	0.9973456346362236	0.9912349918037197	0.9861538442714015	0.9914971207304939	0.992669910993061	0.9925253331769482	0.984708207043722	0.9916599017612846	0.9902330552242311	0.9972908745266769	0.9922110037419277	0.9959066209546094	0.996905006753917	0.9921923721533726	0.9913990658865962	0.9918218851030569	0.989894369400684	0.9909375894240956	0.9915297411353824	0.9915297411353824	0.9918233589164541
0.9914971207304939	1.0	0.9920481973547145	0.9884824022145751	0.9915675069861513	0.9923883799617891	0.9967789136765032	0.9912452631248557	0.9917748563087553	0.9847836505410319	0.9947613902366117	0.994935106615114	0.9923031274906409	0.9950625164934449	0.9934001532272619	0.989086688470797	0.9890107860750965	0.9921307786370032	0.9869771293026984	0.9929202774730397	0.993866934378605	0.9927420528744804	0.9833476315025858	0.9917810801513061	0.9904642838941207	0.98929307444663	0.9924395344901211	0.9946000340761968	0.9912031191147552	0.992872580522313	0.9921525806524732	0.9881112465989951	0.9906893067505502	0.9893022871398824	0.9911083513289192	0.9902092667643104	0.9922989808521816
0.9911636998986506	0.9920481973547145	1.0	0.988439049618008	0.9920805063689314	0.9921310247879234	0.9966396271977397	0.9912452631248557	0.9917416176551784	0.9877013074899792	0.9930550523492317	0.9932420079238501	0.993502692533523	0.9943862791892585	0.9916655332918664	0.9918861770518554	0.9910639450170968	0.9924657725311428	0.9879884612581136	0.9919834844691912	0.9929977224222453	0.9933476560758338	0.9862692877392395	0.992112783847796	0.9918536775019785	0.9909972740245749	0.9911456941921648	0.9931703344753507	0.9914282498197092	0.992420665747607	0.9919186446872751	0.9914940576985887	0.9908850860898368	0.9909972740245749	0.9912300362139513	0.9909638880001163	0.9919599503936373
0.9891683983801745	0.9884824022145751	0.988439049618008	1.0	0.98929544847699	0.9883521729174576	0.9895029408073105	0.9886552444631858	0.9910246165509073	0.9889555541957553	0.9877375343241083	0.9889555541957553	0.9883521729174576	0.9884824022145751	0.9880023566701502	0.9905804210482674	0.9896736882024673	0.9886552444631858	0.986930039587656	0.990006298731592	0.9883956399033774	0.990253574871579	0.9853484684830079	0.9884824022145751	0.9880462874177239	0.9896318751208191	0.9872913743077052	0.9868390824234479	0.9895900089723795	0.9870660055416433	0.990006298731592	0.988439049618008	0.9835959341850962	0.9872464238643417	0.9876931894514497	0.9881777291745686	0.9867478730554676
0.9915623293765846	0.9915675069861513	0.9920805063689314	0.98929544847699	1.0	0.9920015923003036	0.9968252130441337	0.9906880148779382	0.9914744983031679	0.9873413567455861	0.9944007161738027	0.9945043923179122	0.9917895518685197	0.9953165466058222	0.9926259118663984	0.991059911235044	0.9906092756942358	0.9934143918135934	0.9878637308300006	0.9920772893572801	0.9929324193796306	0.9934388264466092	0.9847357633752349	0.9925598982027894	0.9901524050291939	0.9904142476693543	0.9931476670292909	0.9943659937681897	0.9913324474207169	0.9926150997811573	0.9925877010925384	0.9915675069861513	0.9924109139845496	0.9904468324475557	0.9904300376395689	0.9902508395841048	0.9920620249759221
0.9912141716323049	0.9923883799617891	0.9921310247879234	0.9883521729174576	0.9920015923003036	1.0	0.997962221374636	0.990612999660484	0.991103647829808	0.9875295854716182	0.9934645229426254	0.9933383737680194	0.9920663718693575	0.9938946643473516	0.9930152962457903	0.9916102267033545	0.9912473581282376	0.993553283372642	0.986805510537816	0.9923563198576726	0.992735733568497	0.9931173164614018	0.9860099042499977	0.9924204090239714	0.9944385057673887	0.9911144116710635	0.9921125765428439	0.9935851550631326	0.9911144116710635	0.9923881486849929	0.9922599526804595	0.9911476984721083	0.9903438747617125	0.9919691548639962	0.9927390056820846	0.9913467180956459	0.9926011652290788
0.9967325497020763	0.9967789136765032	0.9966396271977397	0.9895029408073105	0.9968252130441337	0.997962221374636	1.0	0.992900657865635	0.9956479143761918	0.9922165985730188	0.9956958166181328	0.9967325497020763	0.9968252130441337	0.9959817873384298	0.9964997542751527	0.9963123360742019	0.9969176186893983	0.9971475148842721	0.9893293230663961	0.996171075059248	0.9959342963042651	0.9968714479877607	0.9926916804014012	0.9966396271977397	0.997466721442929	0.9967789136765032	0.9956479143761918	0.995743649823381	0.9970557471509253	0.9963592898662323	0.9969637253302862	0.9962653158036083	0.984393111353947	0.9956479143761918	0.996171075059248	0.9970557471509253	0.995407360482869
0.9889969610249978	0.9912452631248557	0.9912452631248557	0.9886552444631858	0.9906880148779382	0.990612999660484	0.992900657865635	1.0	0.9987016855037574	0.992792530127734	0.9896219642550399	0.9908002191626866	0.9911345629515094	0.9905001563249667	0.9891935500539573	0.991538663216494	0.9896606364740766	0.9905378136367128	0.9874023002247911	0.9911345629515094	0.9904624560139583	0.9914289432170952	0.987214448038837	0.9906505285706749	0.9903490960840776	0.9895444835386906	0.9895056748240736	0.9884681733226063	0.9895832466460635	0.9891935500539573	0.9914289432170952	0.9905001563249667	0.9879258683608187	0.9899683930756668	0.9898917226242937	0.9895832466460635	0.988036658496852
0.9897895062852906	0.9917748563087553	0.9917416176551784	0.9910246165509073	0.9914744983031679	0.991103647829808	0.9956479143761918	0.9987016855037574	1.0	0.99294972883437	0.9927445908595326	0.9918625658250357	0.9915414807960953	0.9927525606560393	0.9904331581507297	0.9922367226837633	0.9903145125326064	0.9913401246560413	0.9897655878540262	0.9917083455477219	0.9913594724604192	0.9919735895101944	0.9869544177978172	0.9913064456950699	0.9905221989352498	0.9902449923568976	0.9901055111872097	0.9915667330479623	0.9903492177931577	0.9898247677604164	0.9921054178089369	0.9910357709664903	0.9911765963460365	0.9906942785346912	0.9906599342798973	0.989930326645805	0.989958104411556
0.9863509258294698	0.9847836505410319	0.9877013074899792	0.9889555541957553	0.9873413567455861	0.9875295854716182	0.9922165985730188	0.992792530127734	0.99294972883437	1.0	0.989237798999758	0.9891371726302457	0.9877330574043283	0.9897866813342762	0.9879341729784198	0.9848082082369639	0.9841641286167434	0.9875948907701065	0.9862852148634382	0.9880819317035978	0.9881963820129774	0.9881863666329906	0.9808892408468352	0.9862054072872698	0.9844925060065639	0.9843211872230121	0.988358425918732	0.9889459916412531	0.9863616227742271	0.9872979657212088	0.9877766684359661	0.9842647865759963	0.9877653340814189	0.9850823770325169	0.9858885784155952	0.9849197111405553	0.9872030552464686
0.9928484019501166	0.9947613902366117	0.9930550523492317	0.9877375343241083	0.9944007161738027	0.9934645229426254	0.9956958166181328	0.9896219642550399	0.9927445908595326	0.989237798999758	1.0	0.9944336673569004	0.9938689922327856	0.9938019227349059	0.9930893689967961	0.9938354744571662	0.9930893689967961	0.9946961043054557	0.9860219465555299	0.9946634130710172	0.9940027252609045	0.9950212561771541	0.9879006893631438	0.9943016656220881	0.9936336524670012	0.9929174288758202	0.9929174288758202	0.9926090285688174	0.9930893689967961	0.9931578957527492	0.995311192141306	0.9932262809536333	0.9905417067704965	0.9932945251927472	0.9934984180165065	0.9932262809536333	0.9920086470104622
0.99288624698338	0.994935106615114	0.9932420079238501	0.9889555541957553	0.9945043923179122	0.9933383737680194	0.9967325497020763	0.9908002191626866	0.9918625658250357	0.9891371726302457	0.9944336673569004	1.0	0.9935939866562243	0.9948707089679029	0.9933062829733981	0.9933383737680194	0.9930484306433227	0.9941620039086143	0.9877385261404676	0.9947511994383327	0.993835144875799	0.9945662665604478	0.9869148482203223	0.9944734118353875	0.993113082255781	0.9929836525109874	0.9927885539349045	0.9951616333760416	0.993113082255781	0.9937527486426623	0.9944734118353875	0.9933062829733981	0.9914655570383297	0.9926578462881779	0.9933704334909907	0.9935302681636752	0.9934915069119282
0.9912020789943684	0.9923031274906409	0.993502692533523	0.9883521729174576	0.9917895518685197	0.9920663718693575	0.9968252130441337	0.9911345629515094	0.9915414807960953	0.9877330574043283	0.9938689922327856	0.9935939866562243	1.0	0.9949027540233542	0.9923637530861362	0.9919830786640419	0.9913990658865962	0.9930276971752077	0.9872328904923233	0.9922393650196191	0.992669910993061	0.9929653171255391	0.9855007060060746	0.9926516409676074	0.9919186955121373	0.9912020789943684	0.9920467952853528	0.993550784465022	0.9917247903751518	0.9923881486849929	0.9919830786640419	0.9922074376289503	0.9902445123986813	0.9909375894240956	0.9918218851030569	0.9912678718607421	0.9923326935338586
0.9935961554859666	0.9950625164934449	0.9943862791892585	0.9884824022145751	0.9953165466058222	0.9938946643473516	0.9959817873384298	0.9905001563249667	0.9927525606560393	0.9897866813342762	0.9938019227349059	0.9948707089679029	0.9949027540233542	1.0	0.9937623257335734	0.9938616292229685	0.9937623257335734	0.9943862791892585	0.9868914318359445	0.9949027540233542	0.9940264764308696	0.9950625164934449	0.9877033177341468	0.9971322899096411	0.9933285366258838	0.9936959576379154	0.9933285366258838	0.9943659937681897	0.99339564437479	0.993261292589815	0.9945809013173021	0.9932949316789107	0.9892853413435179	0.9930248570279001	0.9935961554859666	0.9928549345119275	0.9918517940957539
0.9946516426949411	0.9934001532272619	0.9916655332918664	0.9880023566701502	0.9926259118663984	0.9930152962457903	0.9964997542751527	0.9891935500539573	0.9904331581507297	0.9879341729784198	0.9930893689967961	0.9933062829733981	0.9923637530861362	0.9937623257335734	1.0	0.9920663194251021	0.9947742312454043	0.9926585361350385	0.9859337197679379	0.9930797505755162	0.9928997194782464	0.9936858886234012	0.9858770411438867	0.9935591993672175	0.9920995000133561	0.9947129936244966	0.993654261710732	0.9984937459820996	0.9944360159473775	0.9934638633750954	0.9933682521278663	0.9928536091605773	0.9891313107342045	0.9928211767399091	0.9943121679805109	0.9931440796497789	0.9920280351133757
0.9922074376289503	0.989086688470797	0.9918861770518554	0.9905804210482674	0.991059911235044	0.9916102267033545	0.9963123360742019	0.991538663216494	0.9922367226837633	0.9848082082369639	0.9938354744571662	0.9933383737680194	0.9919830786640419	0.9938616292229685	0.9920663194251021	1.0	0.9893975764095537	0.9916600007738549	0.9883187846599771	0.9918233324928878	0.9921720225921218	0.9914623748375829	0.9834251917913329	0.9914058631121925	0.9890779902973887	0.9896807585532535	0.9911456941921648	0.9934474581249353	0.9920664217276866	0.9915312837252255	0.9920585911400633	0.9880187751562596	0.9914175720541639	0.9880111987605174	0.9903973868146283	0.9894232687897647	0.991720543690648
0.9973456346362236	0.9890107860750965	0.9910639450170968	0.9896736882024673	0.9906092756942358	0.9912473581282376	0.9969176186893983	0.9896606364740766	0.9903145125326064	0.9841641286167434	0.9930893689967961	0.9930484306433227	0.9913990658865962	0.9937623257335734	0.9947742312454043	0.9893975764095537	1.0	0.9909894394821139	0.9868914318359445	0.9913094899156089	0.9928669872370054	0.9915577078287496	0.9825219692037317	0.9904810987942416	0.9885803559518367	0.9998821476086363	0.9926018095247886	0.9966352561350604	0.9969029349689655	0.9925504153175029	0.9913930750656912	0.9895892835492082	0.9898440443079497	0.9892047483871041	0.9918356275667818	0.9904992558485858	0.9919258553897139
0.9912349918037197	0.9921307786370032	0.9924657725311428	0.9886552444631858	0.9934143918135934	0.993553283372642	0.9971475148842721	0.9905378136367128	0.9913401246560413	0.9875948907701065	0.9946961043054557	0.9941620039086143	0.9930276971752077	0.9943862791892585	0.9926585361350385	0.9916600007738549	0.9909894394821139	1.0	0.9879053601545336	0.9928585651398828	0.9935797245732849	0.9930164527110087	0.985376424440548	0.9917546941619045	0.993082989629605	0.9906978365675699	0.9933065150666872	0.9940287574034326	0.9910732825912233	0.9930962445589961	0.9923086386844722	0.9915650353387652	0.9918469494667519	0.9913423823828313	0.991501573124916	0.991437988817394	0.9934589547627722
0.9861538442714015	0.9869771293026984	0.9879884612581136	0.986930039587656	0.9878637308300006	0.986805510537816	0.9893293230663961	0.9874023002247911	0.9897655878540262	0.9862852148634382	0.9860219465555299	0.9877385261404676	0.9872328904923233	0.9868914318359445	0.9859337197679379	0.9883187846599771	0.9868914318359445	0.9879053601545336	1.0	0.9880299333061563	0.9874445167558364	0.9881953012541623	0.9839302374063638	0.9866762062967924	0.9865897201844384	0.9865897201844384	0.9862414829710073	0.9856230472103048	0.9871052584030374	0.986372504520299	0.9881127210633501	0.9869343084741189	0.9841993484169981	0.9861099371475962	0.9861538442714015	0.9867624655798769	0.9849472586593968
0.9914971207304939	0.9929202774730397	0.9919834844691912	0.990006298731592	0.9920772893572801	0.9923563198576726	0.996171075059248	0.9911345629515094	0.9917083455477219	0.9880819317035978	0.9946634130710172	0.9947511994383327	0.9922393650196191	0.9949027540233542	0.9930797505755162	0.9918233324928878	0.9913094899156089	0.9928585651398828	0.9880299333061563	1.0	0.9934834318446931	0.9933490720452383	0.9859056692485347	0.992641661185858	0.9911472617196894	0.9912446941885188	0.992569418130255	0.9944664991561225	0.9910495410644514	0.9927762598657258	0.9933490720452383	0.990787530467398	0.9922239923419826	0.9910821467439014	0.9911797711446114	0.9910495410644514	0.9926011652290788
0.992669910993061	0.993866934378605	0.9929977224222453	0.9883956399033774	0.9929324193796306	0.992735733568497	0.9959342963042651	0.9904624560139583	0.9913594724604192	0.9881963820129774	0.9940027252609045	0.993835144875799	0.992669910993061	0.9940264764308696	0.9928997194782464	0.9921720225921218	0.9928669872370054	0.9935797245732849	0.9874445167558364	0.9934834318446931	1.0	0.9950222101578431	0.9870447364748475	0.9931604186005693	0.9926039572184568	0.9928014254743543	0.9927685958221496	0.9938588433695299	0.9928997194782464	0.993030325692694	0.993290002287312	0.9931279432718284	0.9914655570383297	0.9933223191172964	0.9936757381471413	0.9928997194782464	0.9916862007658693
0.9925253331769482	0.9927420528744804	0.9933476560758338	0.990253574871579	0.9934388264466092	0.9931173164614018	0.9968714479877607	0.9914289432170952	0.9919735895101944	0.9881863666329906	0.9950212561771541	0.9945662665604478	0.9929653171255391	0.9950625164934449	0.9936858886234012	0.9914623748375829	0.9915577078287496	0.9930164527110087	0.9881953012541623	0.9933490720452383	0.9950222101578431	1.0	0.9859694831872454	0.9924653586250135	0.9924035554885733	0.9914305359661432	0.9932748063711613	0.9951616333760416	0.991717423080496	0.9934761876328199	0.9930780741815676	0.991747552863287	0.9923175852013487	0.9918735132154334	0.9915894244838688	0.9916527666377654	0.9932957122801367
0.984708207043722	0.9833476315025858	0.9862692877392395	0.9853484684830079	0.9847357633752349	0.9860099042499977	0.9926916804014012	0.987214448038837	0.9869544177978172	0.9808892408468352	0.9879006893631438	0.9869148482203223	0.9855007060060746	0.9877033177341468	0.9858770411438867	0.9834251917913329	0.9825219692037317	0.985376424440548	0.9839302374063638	0.9859056692485347	0.9870447364748475	0.9859694831872454	1.0	0.9846599767779928	0.9830612030108746	0.9826143093896711	0.9853537119539718	0.9872007396513032	0.9846677661029298	0.9857434079951639	0.9857888419736469	0.9825617619257004	0.9868956727061807	0.982311267359346	0.9844333646066199	0.9838379565637834	0.9854653019990436
0.9916599017612846	0.9917810801513061	0.992112783847796	0.9884824022145751	0.9925598982027894	0.9924204090239714	0.9966396271977397	0.9906505285706749	0.9913064456950699	0.9862054072872698	0.9943016656220881	0.9944734118353875	0.9926516409676074	0.9971322899096411	0.9935591993672175	0.9914058631121925	0.9904810987942416	0.9917546941619045	0.9866762062967924	0.992641661185858	0.9931604186005693	0.9924653586250135	0.9846599767779928	1.0	0.9898278967553379	0.9904163572139197	0.9919148388874351	0.9942651826960955	0.9908120685323558	0.9921268549374279	0.9921212804865432	0.9900907309240438	0.9904923597917964	0.9892623230697647	0.9911403071062448	0.9898608657452658	0.9919940102770307
0.9902330552242311	0.9904642838941207	0.9918536775019785	0.9880462874177239	0.9901524050291939	0.9944385057673887	0.997466721442929	0.9903490960840776	0.9905221989352498	0.9844925060065639	0.9936336524670012	0.993113082255781	0.9919186955121373	0.9933285366258838	0.9920995000133561	0.9890779902973887	0.9885803559518367	0.993082989629605	0.9865897201844384	0.9911472617196894	0.9926039572184568	0.9924035554885733	0.9830612030108746	0.9898278967553379	1.0	0.9884127938940968	0.9914152577640787	0.9942315107483196	0.9900493590851336	0.9925827733568752	0.9909093650929495	0.9885469116388873	0.9901448500280216	0.9887470702769301	0.990331988126547	0.9898513403773692	0.9926679441260533
0.9972908745266769	0.98929307444663	0.9909972740245749	0.9896318751208191	0.9904142476693543	0.9911144116710635	0.9967789136765032	0.9895444835386906	0.9902449923568976	0.9843211872230121	0.9929174288758202	0.9929836525109874	0.9912020789943684	0.9936959576379154	0.9947129936244966	0.9896807585532535	0.9998821476086363	0.9906978365675699	0.9865897201844384	0.9912446941885188	0.9928014254743543	0.9914305359661432	0.9826143093896711	0.9904163572139197	0.9884127938940968	1.0	0.9923417860113728	0.9965725273100352	0.9968483385575536	0.9924856041415656	0.9913289880941343	0.9897769717980247	0.989894369400684	0.98906480266561	0.9917102888128215	0.9904350336097876	0.9917548509739578
0.9922110037419277	0.9924395344901211	0.9911456941921648	0.9872913743077052	0.9931476670292909	0.9921125765428439	0.9956479143761918	0.9895056748240736	0.9901055111872097	0.988358425918732	0.9929174288758202	0.9927885539349045	0.9920467952853528	0.9933285366258838	0.993654261710732	0.9911456941921648	0.9926018095247886	0.9933065150666872	0.9862414829710073	0.992569418130255	0.9927685958221496	0.9932748063711613	0.9853537119539718	0.9919148388874351	0.9914152577640787	0.9923417860113728	1.0	0.9944330312087151	0.9921125765428439	0.9940585559846746	0.9921782272127799	0.9936846698320895	0.9908850860898368	0.9933698415043549	0.993464604659214	0.9926987938819642	0.992095979937689
0.9959066209546094	0.9946000340761968	0.9931703344753507	0.9868390824234479	0.9943659937681897	0.9935851550631326	0.995743649823381	0.9884681733226063	0.9915667330479623	0.9889459916412531	0.9926090285688174	0.9951616333760416	0.993550784465022	0.9943659937681897	0.9984937459820996	0.9934474581249353	0.9966352561350604	0.9940287574034326	0.9856230472103048	0.9944664991561225	0.9938588433695299	0.9951616333760416	0.9872007396513032	0.9942651826960955	0.9942315107483196	0.9965725273100352	0.9944330312087151	1.0	0.9961936460327372	0.9951288600607205	0.994633333933009	0.9944999333475252	0.9885602934376099	0.9943324241356845	0.9945667007387261	0.9947661999166755	0.9926797146597024
0.996905006753917	0.9912031191147552	0.9914282498197092	0.9895900089723795	0.9913324474207169	0.9911144116710635	0.9970557471509253	0.9895832466460635	0.9903492177931577	0.9863616227742271	0.9930893689967961	0.993113082255781	0.9917247903751518	0.99339564437479	0.9944360159473775	0.9920664217276866	0.9969029349689655	0.9910732825912233	0.9871052584030374	0.9910495410644514	0.9928997194782464	0.991717423080496	0.9846677661029298	0.9908120685323558	0.9900493590851336	0.9968483385575536	0.9921125765428439	0.9961936460327372	1.0	0.9927762598657258	0.9911382646338707	0.9920032408116479	0.9904923597917964	0.9909102660394983	0.9913969222529421	0.9919716050262882	0.991720543690648
0.9921923721533726	0.992872580522313	0.992420665747607	0.9870660055416433	0.9926150997811573	0.9923881486849929	0.9963592898662323	0.9891935500539573	0.9898247677604164	0.9872979657212088	0.9931578957527492	0.9937527486426623	0.9923881486849929	0.993261292589815	0.9934638633750954	0.9915312837252255	0.9925504153175029	0.9930962445589961	0.986372504520299	0.9927762598657258	0.993030325692694	0.9934761876328199	0.9857434079951639	0.9921268549374279	0.9925827733568752	0.9924856041415656	0.9940585559846746	0.9951288600607205	0.9927762598657258	1.0	0.9923555996268377	0.9930005735482463	0.9904923597917964	0.9926796580352415	0.9935704961070595	0.9936018726805255	0.9921299000714663
0.9913990658865962	0.9921525806524732	0.9919186446872751	0.990006298731592	0.9925877010925384	0.9922599526804595	0.9969637253302862	0.9914289432170952	0.9921054178089369	0.9877766684359661	0.995311192141306	0.9944734118353875	0.9919830786640419	0.9945809013173021	0.9933682521278663	0.9920585911400633	0.9913930750656912	0.9923086386844722	0.9881127210633501	0.9933490720452383	0.993290002287312	0.9930780741815676	0.9857888419736469	0.9921212804865432	0.9909093650929495	0.9913289880941343	0.9921782272127799	0.994633333933009	0.9911382646338707	0.9923555996268377	1.0	0.9906484607060466	0.9930112173257956	0.9907791705411596	0.991679938409006	0.9907465415519778	0.9920280351133757
0.9918218851030569	0.9881112465989951	0.9914940576985887	0.988439049618008	0.9915675069861513	0.9911476984721083	0.9962653158036083	0.9905001563249667	0.9910357709664903	0.9842647865759963	0.9932262809536333	0.9933062829733981	0.9922074376289503	0.9932949316789107	0.9928536091605773	0.9880187751562596	0.9895892835492082	0.9915650353387652	0.9869343084741189	0.990787530467398	0.9931279432718284	0.991747552863287	0.9825617619257004	0.9900907309240438	0.9885469116388873	0.9897769717980247	0.9936846698320895	0.9944999333475252	0.9920032408116479	0.9930005735482463	0.9906484607060466	1.0	0.9909825422838726	0.990824920470924	0.9912678220294642	0.9903706861976211	0.9918233589164541
0.989894369400684	0.9906893067505502	0.9908850860898368	0.9835959341850962	0.9924109139845496	0.9903438747617125	0.984393111353947	0.9879258683608187	0.9911765963460365	0.9877653340814189	0.9905417067704965	0.9914655570383297	0.9902445123986813	0.9892853413435179	0.9891313107342045	0.9914175720541639	0.9898440443079497	0.9918469494667519	0.9841993484169981	0.9922239923419826	0.9914655570383297	0.9923175852013487	0.9868956727061807	0.9904923597917964	0.9901448500280216	0.989894369400684	0.9908850860898368	0.9885602934376099	0.9904923597917964	0.9904923597917964	0.9930112173257956	0.9909825422838726	1.0	0.9912731976178556	0.9905417067704965	0.9900448858021303	0.988664853295681
0.9909375894240956	0.9893022871398824	0.9909972740245749	0.9872464238643417	0.9904468324475557	0.9919691548639962	0.9956479143761918	0.9899683930756668	0.9906942785346912	0.9850823770325169	0.9932945251927472	0.9926578462881779	0.9909375894240956	0.9930248570279001	0.9928211767399091	0.9880111987605174	0.9892047483871041	0.9913423823828313	0.9861099371475962	0.9910821467439014	0.9933223191172964	0.9918735132154334	0.982311267359346	0.9892623230697647	0.9887470702769301	0.98906480266561	0.9933698415043549	0.9943324241356845	0.9909102660394983	0.9926796580352415	0.9907791705411596	0.990824920470924	0.9912731976178556	1.0	0.9913948467450354	0.990144477311246	0.9915829573878124
0.9915297411353824	0.9911083513289192	0.9912300362139513	0.9876931894514497	0.9904300376395689	0.9927390056820846	0.996171075059248	0.9898917226242937	0.9906599342798973	0.9858885784155952	0.9934984180165065	0.9933704334909907	0.9918218851030569	0.9935961554859666	0.9943121679805109	0.9903973868146283	0.9918356275667818	0.991501573124916	0.9861538442714015	0.9911797711446114	0.9936757381471413	0.9915894244838688	0.9844333646066199	0.9911403071062448	0.990331988126547	0.9917102888128215	0.993464604659214	0.9945667007387261	0.9913969222529421	0.9935704961070595	0.991679938409006	0.9912678220294642	0.9905417067704965	0.9913948467450354	1.0	0.9913631363136163	0.9922314522293292
0.9915297411353824	0.9902092667643104	0.9909638880001163	0.9881777291745686	0.9902508395841048	0.9913467180956459	0.9970557471509253	0.9895832466460635	0.989930326645805	0.9849197111405553	0.9932262809536333	0.9935302681636752	0.9912678718607421	0.9928549345119275	0.9931440796497789	0.9894232687897647	0.9904992558485858	0.991437988817394	0.9867624655798769	0.9910495410644514	0.9928997194782464	0.9916527666377654	0.9838379565637834	0.9898608657452658	0.9898513403773692	0.9904350336097876	0.9926987938819642	0.9947661999166755	0.9919716050262882	0.9936018726805255	0.9907465415519778	0.9903706861976211	0.9900448858021303	0.990144477311246	0.9913631363136163	1.0	0.9920280351133757
0.9918233589164541	0.9922989808521816	0.9919599503936373	0.9867478730554676	0.9920620249759221	0.9926011652290788	0.995407360482869	0.988036658496852	0.989958104411556	0.9872030552464686	0.9920086470104622	0.9934915069119282	0.9923326935338586	0.9918517940957539	0.9920280351133757	0.991720543690648	0.9919258553897139	0.9934589547627722	0.9849472586593968	0.9926011652290788	0.9916862007658693	0.9932957122801367	0.9854653019990436	0.9919940102770307	0.9926679441260533	0.9917548509739578	0.992095979937689	0.9926797146597024	0.991720543690648	0.9921299000714663	0.9920280351133757	0.9918233589164541	0.988664853295681	0.9915829573878124	0.9922314522293292	0.9920280351133757	1.0
