/home/jshaw/scratch/2022_sketched_distance/references/SGB_genome_fastas_part3/5063/Bengtsson-PalmeJ_2015__TRAVELRES45__bin.133.fa	/home/jshaw/scratch/2022_sketched_distance/references/SGB_genome_fastas_part3/5063/BritoIL_2016__W1.13.ST__bin.39.fa	/home/jshaw/scratch/2022_sketched_distance/references/SGB_genome_fastas_part3/5063/BritoIL_2016__W1.51.ST__bin.18.fa	/home/jshaw/scratch/2022_sketched_distance/references/SGB_genome_fastas_part3/5063/BritoIL_2016__W2.11.ST__bin.30.fa	/home/jshaw/scratch/2022_sketched_distance/references/SGB_genome_fastas_part3/5063/BritoIL_2016__W2.44.ST__bin.5.fa	/home/jshaw/scratch/2022_sketched_distance/references/SGB_genome_fastas_part3/5063/BritoIL_2016__W2.46.ST__bin.74.fa	/home/jshaw/scratch/2022_sketched_distance/references/SGB_genome_fastas_part3/5063/BritoIL_2016__W2.47.ST__bin.15.fa	/home/jshaw/scratch/2022_sketched_distance/references/SGB_genome_fastas_part3/5063/BritoIL_2016__W3.16.ST__bin.21.fa	/home/jshaw/scratch/2022_sketched_distance/references/SGB_genome_fastas_part3/5063/BritoIL_2016__WL.30.ST__bin.64.fa	/home/jshaw/scratch/2022_sketched_distance/references/SGB_genome_fastas_part3/5063/CM_madagascar__A55_01_1FE__bin.6.fa	/home/jshaw/scratch/2022_sketched_distance/references/SGB_genome_fastas_part3/5063/CM_madagascar__A89_02_1FE__bin.24.fa	/home/jshaw/scratch/2022_sketched_distance/references/SGB_genome_fastas_part3/5063/CosteaPI_2017__SID713A055-11-0-0__bin.74.fa	/home/jshaw/scratch/2022_sketched_distance/references/SGB_genome_fastas_part3/5063/CosteaPI_2017__SID713A074-11-0-0__bin.43.fa	/home/jshaw/scratch/2022_sketched_distance/references/SGB_genome_fastas_part3/5063/CosteaPI_2017__SID713B044-11-90-0__bin.48.fa	/home/jshaw/scratch/2022_sketched_distance/references/SGB_genome_fastas_part3/5063/CosteaPI_2017__SID713B072-11-0-0__bin.56.fa	/home/jshaw/scratch/2022_sketched_distance/references/SGB_genome_fastas_part3/5063/CosteaPI_2017__SID713B072-11-90-0__bin.19.fa	/home/jshaw/scratch/2022_sketched_distance/references/SGB_genome_fastas_part3/5063/LiJ_2014__MH0260__bin.48.fa	/home/jshaw/scratch/2022_sketched_distance/references/SGB_genome_fastas_part3/5063/LiJ_2014__O2.UC2-1__bin.2.fa	/home/jshaw/scratch/2022_sketched_distance/references/SGB_genome_fastas_part3/5063/LiJ_2014__O2.UC7-1__bin.37.fa	/home/jshaw/scratch/2022_sketched_distance/references/SGB_genome_fastas_part3/5063/NielsenHB_2014__V1_CD29_0__bin.39.fa	/home/jshaw/scratch/2022_sketched_distance/references/SGB_genome_fastas_part3/5063/NielsenHB_2014__V1_UC49_1__bin.72.fa	/home/jshaw/scratch/2022_sketched_distance/references/SGB_genome_fastas_part3/5063/Obregon-TitoAJ_2015__SM25__bin.48.fa	/home/jshaw/scratch/2022_sketched_distance/references/SGB_genome_fastas_part3/5063/QinJ_2012__CON-110__bin.17.fa	/home/jshaw/scratch/2022_sketched_distance/references/SGB_genome_fastas_part3/5063/QinJ_2012__T2D-104__bin.43.fa	/home/jshaw/scratch/2022_sketched_distance/references/SGB_genome_fastas_part3/5063/QinN_2014__LD-54__bin.16.fa	/home/jshaw/scratch/2022_sketched_distance/references/SGB_genome_fastas_part3/5063/VogtmannE_2016__MMRS65742083ST-27-0-0__bin.30.fa	/home/jshaw/scratch/2022_sketched_distance/references/SGB_genome_fastas_part3/5063/XieH_2016__YSZC12003_36703__bin.5.fa	/home/jshaw/scratch/2022_sketched_distance/references/SGB_genome_fastas_part3/5063/ZeeviD_2015__PNP_Main_301__bin.17.fa	/home/jshaw/scratch/2022_sketched_distance/references/SGB_genome_fastas_part3/5063/ZeeviD_2015__PNP_Main_376__bin.3.fa	/home/jshaw/scratch/2022_sketched_distance/references/SGB_genome_fastas_part3/5063/ZeeviD_2015__PNP_Main_415__bin.78.fa	/home/jshaw/scratch/2022_sketched_distance/references/SGB_genome_fastas_part3/5063/ZeeviD_2015__PNP_Main_593__bin.28.fa	/home/jshaw/scratch/2022_sketched_distance/references/SGB_genome_fastas_part3/5063/ZeeviD_2015__PNP_Main_69__bin.47.fa	/home/jshaw/scratch/2022_sketched_distance/references/SGB_genome_fastas_part3/5063/ZellerG_2014__CCIS51595129ST-4-0__bin.22.fa
1.0	0.9848678589885124	0.9864527300893262	0.9857590676952493	0.9854239103587128	0.984466264749899	0.9851620017804772	0.9844758293040654	0.9850634680489851	0.9864411387483404	0.9866999633886	0.985600060000331	0.9850229316098399	0.9871439488064605	0.9857337196180885	0.9855781411869613	0.9853565831232477	0.9842740169970668	0.9862401563572744	0.9858726209499875	0.9856196996755058	0.9783067430106922	0.9859144509854332	0.9850604757995699	0.9843557153455992	0.9849133896159743	0.9848404684871941	0.9854961171647446	0.984504801370054	0.9854534426398276	0.9851334851870834	0.9863578218692131	0.984563521120318
0.9848678589885124	1.0	0.9945898370526222	0.9927740859587894	0.9938006757307931	0.9930854190403083	0.9932999246696889	0.9932359348555143	0.9898894045992725	0.9853937548828713	0.9856905288629851	0.9889238104256386	0.9834314228507683	0.9885440645916769	0.989343924513287	0.989736635677142	0.9889054221139595	0.9877308831066237	0.9885364157452938	0.9891074055026229	0.9886169531307757	0.9783770135145651	0.9891200774713422	0.9891572999541386	0.9867265250038704	0.9871374380681364	0.989256862923603	0.990604182824307	0.9880333303397358	0.9883838261757484	0.9894221360911529	0.9866907215013055	0.9872765534576746
0.9864527300893262	0.9945898370526222	1.0	0.9960307676301956	0.9966437896215324	0.9975219935225997	0.9954433559429969	0.9957417526259597	0.9900034818240026	0.9868160331560543	0.9876051656069474	0.9911736089089213	0.9829936445710082	0.9894990331294496	0.991735297741062	0.9920937227323949	0.9904833263511361	0.9898130460359587	0.9907375454737531	0.9911235866790473	0.9900207397949934	0.978137345230463	0.9898824226456792	0.9915875419217877	0.9894288446645215	0.9866003863018007	0.9908386876687878	0.9939066095628407	0.990381088100657	0.9905173355332461	0.9918823960862222	0.9888261325939016	0.9895165569324099
0.9857590676952493	0.9927740859587894	0.9960307676301956	1.0	0.9948228843969014	0.9941077781237628	0.9945304553484068	0.9940675524497653	0.9903937316544326	0.9857110954380465	0.9864846767041204	0.9903011877675233	0.9836913106042491	0.9904706800532981	0.9915011662293896	0.9918352655273489	0.9907016474450885	0.9886751077670304	0.9905066987009649	0.9895255048941166	0.990174957148781	0.9772681599144131	0.9905546178862161	0.9898747713474909	0.9886025258936401	0.9873537482242339	0.9890917424227049	0.9927756334898902	0.9896815961925888	0.9888971121539508	0.9901578102089611	0.9884337408154485	0.9884348272612523
0.9854239103587128	0.9938006757307931	0.9966437896215324	0.9948228843969014	1.0	0.995174381782889	0.9954433559429969	0.9952771127005462	0.9917981921815003	0.9861226267455959	0.9859825513397404	0.9896807585532535	0.9843955613815247	0.9908932924398027	0.9916265399546382	0.9920196020471274	0.9913167476511033	0.9890221016974038	0.990361729752207	0.9894376045455633	0.9900273580554722	0.9774027344745485	0.9907877611245417	0.9895635193949356	0.9887709165697346	0.9879172987994352	0.9892915257948024	0.9923488844963557	0.9903635340708495	0.9894616026768068	0.9904317197969414	0.9885855457411735	0.9889070691510182
0.984466264749899	0.9930854190403083	0.9975219935225997	0.9941077781237628	0.995174381782889	1.0	0.9969063105143906	0.995331058246804	0.9906430349145636	0.9845039592163466	0.9852488985234915	0.9889542117842085	0.9832132646629507	0.9898697840200624	0.9908830634183036	0.9908819881069544	0.9897401471363882	0.9882235358560698	0.9893620111725813	0.9896058374403202	0.9891782565605067	0.9760139535573257	0.989896329074935	0.9893304682803314	0.9875214011479218	0.9868401590820365	0.9884067516358326	0.9929182605593713	0.9893186848422385	0.9885902507201355	0.9905127135349853	0.9872810934670606	0.9876091791306344
0.9851620017804772	0.9932999246696889	0.9954433559429969	0.9945304553484068	0.9954433559429969	0.9969063105143906	1.0	0.9913860396386527	0.9894904847287068	0.9854317970796933	0.9859037656605615	0.989799634724672	0.9808949555530135	0.9885640519504724	0.9909207005846896	0.9908681708495665	0.9891968489680311	0.9891414999809712	0.9895634869911402	0.9902847606771942	0.9888260883120445	0.976776642859868	0.9890305224766367	0.9899621370672891	0.9882809669581076	0.984573870838231	0.9893990040917696	0.9931530662109886	0.9894539229169379	0.989049044688563	0.9909381919481945	0.9875333531929221	0.9879188646368875
0.9844758293040654	0.9932359348555143	0.9957417526259597	0.9940675524497653	0.9952771127005462	0.995331058246804	0.9913860396386527	1.0	0.9885338225328482	0.984674955325726	0.9852408047225533	0.9896831525397372	0.9784936277440555	0.987661729781553	0.9899801784349908	0.990524804300875	0.9899801784349908	0.9886879372368951	0.9897257488769674	0.9907525454316711	0.9898107769124689	0.9758405757788449	0.988178829729213	0.9910196848100912	0.9889940213825607	0.983590156134642	0.9895977945043307	0.9932167896143882	0.9896831525397372	0.9893834280045068	0.991947973289936	0.9876843820549261	0.9892972897468032
0.9850634680489851	0.9898894045992725	0.9900034818240026	0.9903937316544326	0.9917981921815003	0.9906430349145636	0.9894904847287068	0.9885338225328482	1.0	0.986295432595085	0.987171631554623	0.9908411311392497	0.9820548158753839	0.9897656656538973	0.9899739961206262	0.9902264774128604	0.9899401855301719	0.9894288242628886	0.9902767427266437	0.990939735456517	0.9894974655064425	0.9773591236184886	0.9891549683026214	0.9909233218319299	0.9885761627077453	0.9870386432334604	0.9896854956956128	0.990326931614496	0.9900920611322535	0.9894459979710467	0.9917341752366224	0.9891008129395528	0.988926855736521
0.9864411387483404	0.9853937548828713	0.9868160331560543	0.9857110954380465	0.9861226267455959	0.9845039592163466	0.9854317970796933	0.984674955325726	0.986295432595085	1.0	0.9917331068494598	0.9855454802959448	0.9842898237212049	0.9863824036650465	0.9857150096674759	0.9858008842047511	0.9852796231463656	0.9847078988651886	0.9860750918037743	0.9854580510618507	0.9857509732963027	0.9782184305435294	0.985449416139457	0.985074791444953	0.9838524257860485	0.9850398092999197	0.984705575776451	0.9856930853318587	0.9846198047820963	0.9857290956776648	0.9851298174217901	0.9853336491377519	0.9845444059796418
0.9866999633886	0.9856905288629851	0.9876051656069474	0.9864846767041204	0.9859825513397404	0.9852488985234915	0.9859037656605615	0.9852408047225533	0.987171631554623	0.9917331068494598	1.0	0.9868134948181145	0.9846479502553401	0.9872003602703553	0.9864552221445032	0.9865145465620114	0.9863596411039983	0.9853573425315252	0.9868204310225167	0.9848401873458441	0.9862708859209988	0.9773025867850642	0.9865055437869419	0.9849529480826333	0.9841243869712578	0.9852703221145962	0.9850552443365789	0.9843582707386965	0.9852452210456372	0.9861680872284588	0.9845018000566504	0.9859410347950583	0.9850189763637599
0.985600060000331	0.9889238104256386	0.9911736089089213	0.9903011877675233	0.9896807585532535	0.9889542117842085	0.989799634724672	0.9896831525397372	0.9908411311392497	0.9855454802959448	0.9868134948181145	1.0	0.9844588408102756	0.9920324085418469	0.9915952410792658	0.9914790548134235	0.9922028408705529	0.9923496294197092	0.9941695087928814	0.9915688502968416	0.9944369718544178	0.9770967010627649	0.9921371660343968	0.9918707964911819	0.9901363305658679	0.988922963497733	0.9908637224848779	0.9916445958061437	0.9910946022657573	0.9900321771959848	0.9918858216497043	0.9892683886297886	0.9903326690178519
0.9850229316098399	0.9834314228507683	0.9829936445710082	0.9836913106042491	0.9843955613815247	0.9832132646629507	0.9808949555530135	0.9784936277440555	0.9820548158753839	0.9842898237212049	0.9846479502553401	0.9844588408102756	1.0	0.9832351459400152	0.9841624870634486	0.983991932315823	0.9817586847404755	0.9838419659250888	0.983991932315823	0.9846060200039625	0.9833661277173349	0.9789903303082861	0.9825945801144357	0.9838419659250888	0.9812513527397863	0.9805868138287654	0.9825499380235074	0.9850022112966974	0.9831255931687048	0.9836265315420913	0.9834096722544633	0.9836265315420913	0.9822582716022881
0.9871439488064605	0.9885440645916769	0.9894990331294496	0.9904706800532981	0.9908932924398027	0.9898697840200624	0.9885640519504724	0.987661729781553	0.9897656656538973	0.9863824036650465	0.9872003602703553	0.9920324085418469	0.9832351459400152	1.0	0.992547660797778	0.9923071353472116	0.9904706800532981	0.9912275316620747	0.9918044365054466	0.9921619760677738	0.9911609537976902	0.9773980226410698	0.9903855046008747	0.9922104333163889	0.9895039229780952	0.9906344699858601	0.9908932924398027	0.9919186190032925	0.9900942530426043	0.9903684431081771	0.9921458078611879	0.991837100335066	0.990077040298094
0.9857337196180885	0.989343924513287	0.991735297741062	0.9915011662293896	0.9916265399546382	0.9908830634183036	0.9909207005846896	0.9899801784349908	0.9899739961206262	0.9857150096674759	0.9864552221445032	0.9915952410792658	0.9841624870634486	0.992547660797778	1.0	0.9983045678945537	0.9909944388653207	0.9901878837066886	0.9911062792772093	0.9919379095630191	0.9907427608566033	0.9766777401116334	0.991150836027395	0.9916421782854958	0.9901715412755072	0.9887918858927484	0.9913910727201467	0.992567195704265	0.9903996022850244	0.989958349970924	0.9919379095630191	0.9890239038807314	0.9901224653745737
0.9855781411869613	0.989736635677142	0.9920937227323949	0.9918352655273489	0.9920196020471274	0.9908819881069544	0.9908681708495665	0.990524804300875	0.9902264774128604	0.9858008842047511	0.9865145465620114	0.9914790548134235	0.983991932315823	0.9923071353472116	0.9983045678945537	1.0	0.9912846578922417	0.9899493423030383	0.9913006946574909	0.9917735909227603	0.9910947327068907	0.9768351178402244	0.9911836458166271	0.9915723500668974	0.9902092667643104	0.9882241435164509	0.9914478977795116	0.9923852208239151	0.9902416138618962	0.9899167073248497	0.991789020363784	0.989140341578889	0.9901606866015552
0.9853565831232477	0.9889054221139595	0.9904833263511361	0.9907016474450885	0.9913167476511033	0.9897401471363882	0.9891968489680311	0.9899801784349908	0.9899401855301719	0.9852796231463656	0.9863596411039983	0.9922028408705529	0.9817586847404755	0.9904706800532981	0.9909944388653207	0.9912846578922417	1.0	0.9895545903686245	0.9907669368870057	0.9916676936326131	0.9903897473841009	0.976012635513304	0.991363519590885	0.9923586030050766	0.9902409704476074	0.9870979557241477	0.9918259910043462	0.9918890983318187	0.9915405076638186	0.9903897473841009	0.9931417799418251	0.9889915727588443	0.9906198537009537
0.9842740169970668	0.9877308831066237	0.9898130460359587	0.9886751077670304	0.9890221016974038	0.9882235358560698	0.9891414999809712	0.9886879372368951	0.9894288242628886	0.9847078988651886	0.9853573425315252	0.9923496294197092	0.9838419659250888	0.9912275316620747	0.9901878837066886	0.9899493423030383	0.9895545903686245	1.0	0.9969157537518731	0.99068871399859	0.9965544509816143	0.9761460539781825	0.9899474354565082	0.9904219764974345	0.9877993528515225	0.9891650191562468	0.9895277472892031	0.9905006526390595	0.9898778778261723	0.9889398148023173	0.9905791417472871	0.9879569351772659	0.9885873585597573
0.9862401563572744	0.9885364157452938	0.9907375454737531	0.9905066987009649	0.990361729752207	0.9893620111725813	0.9895634869911402	0.9897257488769674	0.9902767427266437	0.9860750918037743	0.9868204310225167	0.9941695087928814	0.983991932315823	0.9918044365054466	0.9911062792772093	0.9913006946574909	0.9907669368870057	0.9969157537518731	1.0	0.9921831727594164	0.9980067850197212	0.9779592935973828	0.9907046845101617	0.9922899412243354	0.9897260675045411	0.989146462453367	0.9911749308246811	0.9913947044009178	0.9907947409830811	0.9905388277606837	0.9922137132210698	0.9894118924665846	0.9899720041290522
0.9858726209499875	0.9891074055026229	0.9911235866790473	0.9895255048941166	0.9894376045455633	0.9896058374403202	0.9902847606771942	0.9907525454316711	0.990939735456517	0.9854580510618507	0.9848401873458441	0.9915688502968416	0.9846060200039625	0.9921619760677738	0.9919379095630191	0.9917735909227603	0.9916676936326131	0.99068871399859	0.9921831727594164	1.0	0.9919895925667784	0.9743677759804545	0.9915261958933651	0.9905239338158918	0.9906162738237384	0.9896255751530446	0.9918996402739767	0.9896001717279861	0.9910946022657573	0.9899536370735454	0.9904833263511361	0.9900019246537337	0.9909365289777765
0.9856196996755058	0.9886169531307757	0.9900207397949934	0.990174957148781	0.9900273580554722	0.9891782565605067	0.9888260883120445	0.9898107769124689	0.9894974655064425	0.9857509732963027	0.9862708859209988	0.9944369718544178	0.9833661277173349	0.9911609537976902	0.9907427608566033	0.9910947327068907	0.9903897473841009	0.9965544509816143	0.9980067850197212	0.9919895925667784	1.0	0.9774211316818848	0.9901341512669003	0.9915844135780392	0.9898956023605772	0.9890535219526432	0.9910150677942638	0.9914272434390784	0.9902893018391171	0.9904357368303417	0.9920514894189627	0.9890769097054861	0.9903381857119021
0.9783067430106922	0.9783770135145651	0.978137345230463	0.9772681599144131	0.9774027344745485	0.9760139535573257	0.976776642859868	0.9758405757788449	0.9773591236184886	0.9782184305435294	0.9773025867850642	0.9770967010627649	0.9789903303082861	0.9773980226410698	0.9766777401116334	0.9768351178402244	0.976012635513304	0.9761460539781825	0.9779592935973828	0.9743677759804545	0.9774211316818848	1.0	0.9767629122327475	0.9749151502775226	0.9745511545563019	0.9748605161489939	0.9756791286748995	0.9737934613353996	0.9761753570709991	0.9760871473173991	0.9743768213473851	0.9768096597836171	0.9753298304021281
0.9859144509854332	0.9891200774713422	0.9898824226456792	0.9905546178862161	0.9907877611245417	0.989896329074935	0.9890305224766367	0.988178829729213	0.9891549683026214	0.985449416139457	0.9865055437869419	0.9921371660343968	0.9825945801144357	0.9903855046008747	0.991150836027395	0.9911836458166271	0.991363519590885	0.9899474354565082	0.9907046845101617	0.9915261958933651	0.9901341512669003	0.9767629122327475	1.0	0.9925173057489735	0.9904206503358429	0.9875491676882909	0.9912982241823685	0.9914286862348036	0.9936626459073237	0.990454193220024	0.9923910772905368	0.9890501848432627	0.99040386610508
0.9850604757995699	0.9891572999541386	0.9915875419217877	0.9898747713474909	0.9895635193949356	0.9893304682803314	0.9899621370672891	0.9910196848100912	0.9909233218319299	0.985074791444953	0.9849529480826333	0.9918707964911819	0.9838419659250888	0.9922104333163889	0.9916421782854958	0.9915723500668974	0.9923586030050766	0.9904219764974345	0.9922899412243354	0.9905239338158918	0.9915844135780392	0.9749151502775226	0.9925173057489735	1.0	0.9903611726765195	0.9892576463416598	0.991454095803645	0.9901167831197306	0.9915628148004544	0.9900951221350309	0.9914694410413157	0.989432812153825	0.9911249503490122
0.9843557153455992	0.9867265250038704	0.9894288446645215	0.9886025258936401	0.9887709165697346	0.9875214011479218	0.9882809669581076	0.9889940213825607	0.9885761627077453	0.9838524257860485	0.9841243869712578	0.9901363305658679	0.9812513527397863	0.9895039229780952	0.9901715412755072	0.9902092667643104	0.9902409704476074	0.9877993528515225	0.9897260675045411	0.9906162738237384	0.9898956023605772	0.9745511545563019	0.9904206503358429	0.9903611726765195	1.0	0.9864597072922235	0.9901202116547775	0.9905208417236765	0.9893352677334549	0.9889217360872478	0.9910580131664437	0.9876780376276686	0.9921424915611914
0.9849133896159743	0.9871374380681364	0.9866003863018007	0.9873537482242339	0.9879172987994352	0.9868401590820365	0.984573870838231	0.983590156134642	0.9870386432334604	0.9850398092999197	0.9852703221145962	0.988922963497733	0.9805868138287654	0.9906344699858601	0.9887918858927484	0.9882241435164509	0.9870979557241477	0.9891650191562468	0.989146462453367	0.9896255751530446	0.9890535219526432	0.9748605161489939	0.9875491676882909	0.9892576463416598	0.9864597072922235	1.0	0.9886037232380035	0.9888481258477273	0.9872162609165068	0.9877434338876809	0.9893868888384754	0.9889042700080395	0.9877046722451585
0.9848404684871941	0.989256862923603	0.9908386876687878	0.9890917424227049	0.9892915257948024	0.9884067516358326	0.9893990040917696	0.9895977945043307	0.9896854956956128	0.984705575776451	0.9850552443365789	0.9908637224848779	0.9825499380235074	0.9908932924398027	0.9913910727201467	0.9914478977795116	0.9918259910043462	0.9895277472892031	0.9911749308246811	0.9918996402739767	0.9910150677942638	0.9756791286748995	0.9912982241823685	0.991454095803645	0.9901202116547775	0.9886037232380035	1.0	0.9903286925040595	0.9898941820427208	0.9890593837350202	0.991929130818222	0.9888035922648596	0.9906836167573644
0.9854961171647446	0.990604182824307	0.9939066095628407	0.9927756334898902	0.9923488844963557	0.9929182605593713	0.9931530662109886	0.9932167896143882	0.990326931614496	0.9856930853318587	0.9843582707386965	0.9916445958061437	0.9850022112966974	0.9919186190032925	0.992567195704265	0.9923852208239151	0.9918890983318187	0.9905006526390595	0.9913947044009178	0.9896001717279861	0.9914272434390784	0.9737934613353996	0.9914286862348036	0.9901167831197306	0.9905208417236765	0.9888481258477273	0.9903286925040595	1.0	0.9906196584213813	0.9892047483871041	0.990087221842033	0.989531074229381	0.9901880172296326
0.984504801370054	0.9880333303397358	0.990381088100657	0.9896815961925888	0.9903635340708495	0.9893186848422385	0.9894539229169379	0.9896831525397372	0.9900920611322535	0.9846198047820963	0.9852452210456372	0.9910946022657573	0.9831255931687048	0.9900942530426043	0.9903996022850244	0.9902416138618962	0.9915405076638186	0.9898778778261723	0.9907947409830811	0.9910946022657573	0.9902893018391171	0.9761753570709991	0.9936626459073237	0.9915628148004544	0.9893352677334549	0.9872162609165068	0.9898941820427208	0.9906196584213813	1.0	0.9899593184670685	0.9923287261646672	0.9881881867116906	0.9893352677334549
0.9854534426398276	0.9883838261757484	0.9905173355332461	0.9888971121539508	0.9894616026768068	0.9885902507201355	0.989049044688563	0.9893834280045068	0.9894459979710467	0.9857290956776648	0.9861680872284588	0.9900321771959848	0.9836265315420913	0.9903684431081771	0.989958349970924	0.9899167073248497	0.9903897473841009	0.9889398148023173	0.9905388277606837	0.9899536370735454	0.9904357368303417	0.9760871473173991	0.990454193220024	0.9900951221350309	0.9889217360872478	0.9877434338876809	0.9890593837350202	0.9892047483871041	0.9899593184670685	1.0	0.9914775942812467	0.9883151848594269	0.9894221360911529
0.9851334851870834	0.9894221360911529	0.9918823960862222	0.9901578102089611	0.9904317197969414	0.9905127135349853	0.9909381919481945	0.991947973289936	0.9917341752366224	0.9851298174217901	0.9845018000566504	0.9918858216497043	0.9834096722544633	0.9921458078611879	0.9919379095630191	0.991789020363784	0.9931417799418251	0.9905791417472871	0.9922137132210698	0.9904833263511361	0.9920514894189627	0.9743768213473851	0.9923910772905368	0.9914694410413157	0.9910580131664437	0.9893868888384754	0.991929130818222	0.990087221842033	0.9923287261646672	0.9914775942812467	1.0	0.9900502520154256	0.9912655644845431
0.9863578218692131	0.9866907215013055	0.9888261325939016	0.9884337408154485	0.9885855457411735	0.9872810934670606	0.9875333531929221	0.9876843820549261	0.9891008129395528	0.9853336491377519	0.9859410347950583	0.9892683886297886	0.9836265315420913	0.991837100335066	0.9890239038807314	0.989140341578889	0.9889915727588443	0.9879569351772659	0.9894118924665846	0.9900019246537337	0.9890769097054861	0.9768096597836171	0.9890501848432627	0.989432812153825	0.9876780376276686	0.9889042700080395	0.9888035922648596	0.989531074229381	0.9881881867116906	0.9883151848594269	0.9900502520154256	1.0	0.9879039692366081
0.984563521120318	0.9872765534576746	0.9895165569324099	0.9884348272612523	0.9889070691510182	0.9876091791306344	0.9879188646368875	0.9892972897468032	0.988926855736521	0.9845444059796418	0.9850189763637599	0.9903326690178519	0.9822582716022881	0.990077040298094	0.9901224653745737	0.9901606866015552	0.9906198537009537	0.9885873585597573	0.9899720041290522	0.9909365289777765	0.9903381857119021	0.9753298304021281	0.99040386610508	0.9911249503490122	0.9921424915611914	0.9877046722451585	0.9906836167573644	0.9901880172296326	0.9893352677334549	0.9894221360911529	0.9912655644845431	0.9879039692366081	1.0
