/home/jshaw/scratch/2022_sketched_distance/references/SGB_genome_fastas_part4/9674/BackhedF_2015__SID105_12M__bin.7.fa	/home/jshaw/scratch/2022_sketched_distance/references/SGB_genome_fastas_part4/9674/BackhedF_2015__SID137_12M__bin.3.fa	/home/jshaw/scratch/2022_sketched_distance/references/SGB_genome_fastas_part4/9674/BackhedF_2015__SID229_12M__bin.32.fa	/home/jshaw/scratch/2022_sketched_distance/references/SGB_genome_fastas_part4/9674/BackhedF_2015__SID258_4M__bin.3.fa	/home/jshaw/scratch/2022_sketched_distance/references/SGB_genome_fastas_part4/9674/BackhedF_2015__SID590_12M__bin.25.fa	/home/jshaw/scratch/2022_sketched_distance/references/SGB_genome_fastas_part4/9674/Bengtsson-PalmeJ_2015__TRAVELRES20__bin.51.fa	/home/jshaw/scratch/2022_sketched_distance/references/SGB_genome_fastas_part4/9674/Bengtsson-PalmeJ_2015__TRAVELRES26__bin.37.fa	/home/jshaw/scratch/2022_sketched_distance/references/SGB_genome_fastas_part4/9674/BritoIL_2016__M1.52.SA__bin.8.fa	/home/jshaw/scratch/2022_sketched_distance/references/SGB_genome_fastas_part4/9674/CM_cf__CF_TNFC040IS_t3M15__bin.16.fa	/home/jshaw/scratch/2022_sketched_distance/references/SGB_genome_fastas_part4/9674/CM_cf__CF_TNFC046IS_t2M15__bin.37.fa	/home/jshaw/scratch/2022_sketched_distance/references/SGB_genome_fastas_part4/9674/FerrettiP_2018__CA_C10020MS2331SA_t0M15__bin.5.fa	/home/jshaw/scratch/2022_sketched_distance/references/SGB_genome_fastas_part4/9674/FerrettiP_2018__CA_C10032IS2555FE_t3M15__bin.1.fa	/home/jshaw/scratch/2022_sketched_distance/references/SGB_genome_fastas_part4/9674/FerrettiP_2018__CA_C10032MS2543SA_t0M15__bin.10.fa	/home/jshaw/scratch/2022_sketched_distance/references/SGB_genome_fastas_part4/9674/GeversD_2014__SKBSTL007__bin.13.fa	/home/jshaw/scratch/2022_sketched_distance/references/SGB_genome_fastas_part4/9674/HMP_2012__SRS013164__bin.42.fa	/home/jshaw/scratch/2022_sketched_distance/references/SGB_genome_fastas_part4/9674/HMP_2012__SRS014271__bin.71.fa	/home/jshaw/scratch/2022_sketched_distance/references/SGB_genome_fastas_part4/9674/HMP_2012__SRS015434__bin.27.fa	/home/jshaw/scratch/2022_sketched_distance/references/SGB_genome_fastas_part4/9674/HMP_2012__SRS015644__bin.21.fa	/home/jshaw/scratch/2022_sketched_distance/references/SGB_genome_fastas_part4/9674/HMP_2012__SRS015762__bin.61.fa	/home/jshaw/scratch/2022_sketched_distance/references/SGB_genome_fastas_part4/9674/HMP_2012__SRS017007__bin.56.fa	/home/jshaw/scratch/2022_sketched_distance/references/SGB_genome_fastas_part4/9674/HMP_2012__SRS017209__bin.5.fa	/home/jshaw/scratch/2022_sketched_distance/references/SGB_genome_fastas_part4/9674/HMP_2012__SRS017533__bin.17.fa	/home/jshaw/scratch/2022_sketched_distance/references/SGB_genome_fastas_part4/9674/HMP_2012__SRS018145__bin.22.fa	/home/jshaw/scratch/2022_sketched_distance/references/SGB_genome_fastas_part4/9674/HMP_2012__SRS019071__bin.32.fa	/home/jshaw/scratch/2022_sketched_distance/references/SGB_genome_fastas_part4/9674/HMP_2012__SRS021496__bin.46.fa	/home/jshaw/scratch/2022_sketched_distance/references/SGB_genome_fastas_part4/9674/HMP_2012__SRS022077__bin.86.fa	/home/jshaw/scratch/2022_sketched_distance/references/SGB_genome_fastas_part4/9674/HMP_2012__SRS022530__bin.39.fa	/home/jshaw/scratch/2022_sketched_distance/references/SGB_genome_fastas_part4/9674/HMP_2012__SRS023958__bin.3.fa	/home/jshaw/scratch/2022_sketched_distance/references/SGB_genome_fastas_part4/9674/HMP_2012__SRS024081__bin.63.fa	/home/jshaw/scratch/2022_sketched_distance/references/SGB_genome_fastas_part4/9674/HMP_2012__SRS042131__bin.5.fa	/home/jshaw/scratch/2022_sketched_distance/references/SGB_genome_fastas_part4/9674/HMP_2012__SRS047824__bin.17.fa	/home/jshaw/scratch/2022_sketched_distance/references/SGB_genome_fastas_part4/9674/HMP_2012__SRS055495__bin.3.fa	/home/jshaw/scratch/2022_sketched_distance/references/SGB_genome_fastas_part4/9674/HMP_2012__SRS057205__bin.78.fa	/home/jshaw/scratch/2022_sketched_distance/references/SGB_genome_fastas_part4/9674/HMP_2012__SRS057692__bin.21.fa	/home/jshaw/scratch/2022_sketched_distance/references/SGB_genome_fastas_part4/9674/HMP_2012__SRS063288__bin.42.fa	/home/jshaw/scratch/2022_sketched_distance/references/SGB_genome_fastas_part4/9674/HMP_2012__SRS064329__bin.38.fa	/home/jshaw/scratch/2022_sketched_distance/references/SGB_genome_fastas_part4/9674/HMP_2012__SRS075404__bin.10.fa	/home/jshaw/scratch/2022_sketched_distance/references/SGB_genome_fastas_part4/9674/NielsenHB_2014__V1_UC3_2__bin.8.fa	/home/jshaw/scratch/2022_sketched_distance/references/SGB_genome_fastas_part4/9674/VatanenT_2016__G80511__bin.8.fa	/home/jshaw/scratch/2022_sketched_distance/references/SGB_genome_fastas_part4/9674/ZeeviD_2015__PNP_Main_42__bin.67.fa
1.0	0.9610857786609326	0.9852382490281358	0.9690151829030409	0.9895557737016367	0.9644363391120888	0.9638505666280082	0.961766609664	0.9705563072394238	0.9676794315225453	0.9681550552432395	0.9708419303558384	0.9675315875702231	0.9914747953136419	0.9668654999329285	0.9748581092727095	0.9685933391181183	0.9670489838090596	0.9696151700810789	0.9724523294272303	0.9700054766605345	0.9654963719523506	0.9691907616285713	0.9673970464430374	0.9676712622988897	0.9684042795023137	0.9688160933496771	0.9677278955188771	0.966215882449685	0.9672314291891536	0.9674688908333522	0.9670050756649161	0.966919261217935	0.969086324056528	0.971431997610386	0.9780469333856012	0.9671846466273151	0.9683730756062837	0.9657106546460205	0.9689137186981701
0.9610857786609326	1.0	0.9643236615479237	0.9636282241360489	0.9618860075491723	0.9613103106869577	0.9584275037215453	0.9678838512241381	0.9627607002634865	0.9635135333978161	0.960170593371195	0.9607975420716887	0.9584850198124909	0.9615727839514431	0.9634299534323992	0.9701393974024367	0.9654658868532693	0.9606092606743745	0.9657192955407771	0.9672260325054419	0.9692049097551303	0.9638243380266092	0.9629426634304987	0.9621155333836043	0.962324887245899	0.963982220585939	0.9638902811505111	0.963122800046019	0.9614713972712985	0.9610512578109359	0.9625382050224701	0.9614201108137239	0.9618943268910394	0.9633425307612488	0.9657732967547323	0.9687856491604993	0.9637151712582377	0.9639504214067596	0.9624589368305384	0.961526109326176
0.9852382490281358	0.9643236615479237	1.0	0.9716342399868783	0.9770584346436157	0.9648285871616337	0.9590084803149077	0.9582849988505115	0.9732178481675	0.9715834833420416	0.9701289893852232	0.9724357140412767	0.9678736899012986	0.9817507324968052	0.9710714924725404	0.9724158720422328	0.9678166655709689	0.9715326470247466	0.9663714546776502	0.9689358039517599	0.9674195170280615	0.9643481323907921	0.9705512729441853	0.9662376044791458	0.968100784681239	0.9645139391061027	0.9710198452162788	0.970708218821147	0.968717179534846	0.9716849172127393	0.9691033913167175	0.9704987880047514	0.966595253409342	0.9687726362232768	0.9711230574529737	0.9740149537307966	0.971174540423646	0.9645718555551824	0.9657544760117657	0.9667135928329945
0.9690151829030409	0.9636282241360489	0.9716342399868783	1.0	0.971678473012947	0.9672851341281374	0.9633600784708912	0.9648431394250987	0.9713030128528366	0.9714511645231619	0.9683358587833121	0.969364507075863	0.964977697863902	0.9684726638902844	0.9707252329740161	0.9766135528643166	0.9711608511115708	0.9706835655758077	0.9732409995043576	0.97313453960141	0.9733305299988146	0.9675006703157526	0.9721165419576132	0.9689641791441885	0.9696217644402251	0.9707930246581259	0.970447615053795	0.9707252329740161	0.9679153096074201	0.9707252329740161	0.9707907198782829	0.9686855247443953	0.9694109394600616	0.9702403082334565	0.9724631356475912	0.978309230253263	0.9708244563394872	0.9692128946366183	0.9689702012769136	0.9700289289719526
0.9895557737016367	0.9618860075491723	0.9770584346436157	0.971678473012947	1.0	0.9641487035113333	0.9594514164273548	0.9585965122511485	0.9730727892477359	0.9711138566694406	0.9691939532652779	0.9721332210475513	0.9679619337944155	0.9867287301411872	0.9710620362810791	0.9725845336001429	0.9690838737657568	0.9702214214565065	0.9668293286499955	0.9680922407317695	0.9657235251736622	0.9619206985549282	0.9687513663022518	0.9649107136778857	0.9677902277210862	0.9653470217620771	0.9711655942334882	0.971371721601388	0.9670354202678993	0.9701147918973225	0.9708539210635753	0.9690286930275073	0.9667403383001585	0.967559855282319	0.9691939532652779	0.9731693512062394	0.9711138566694406	0.9625976449815249	0.9634339584354382	0.9653470217620771
0.9644363391120888	0.9613103106869577	0.9648285871616337	0.9672851341281374	0.9641487035113333	1.0	0.9614509527420868	0.961766609664	0.9680337268098369	0.9671333075639008	0.965037456984639	0.9680337268098369	0.9622687024227379	0.9633137356035607	0.9716250493555457	0.9734149282284588	0.9656915958205865	0.9669807625745355	0.9717141658948085	0.9686785856700341	0.9678450301543547	0.9632918621599099	0.9665145051471522	0.9614140207471875	0.9655951742612118	0.9657049357344551	0.9677363712469027	0.970775244698691	0.9641593436774059	0.9673355845190323	0.9666219911803282	0.965574347858529	0.9690665451693463	0.9660910467952215	0.9682307557067356	0.9717304250840807	0.9666219911803282	0.9657138861486761	0.9626450516589005	0.96414185056473
0.9638505666280082	0.9584275037215453	0.9590084803149077	0.9633600784708912	0.9594514164273548	0.9614509527420868	1.0	0.9524626115925233	0.9641533619834105	0.9613195439551407	0.9679577593062746	0.9675264227543938	0.9635448903869719	0.9611875940556197	0.9645725393989243	0.9666967329073046	0.9598373033770383	0.9617771366897644	0.9640781778173819	0.963583294824461	0.9624682857296809	0.9581329971215966	0.9602484039779445	0.9555642557169468	0.9603842723814567	0.9604444051153899	0.9652786558220182	0.9641533619834105	0.9609886446513025	0.9622922252957448	0.9609220526608774	0.9614509527420868	0.9611875940556197	0.9590696175497082	0.9619712657897599	0.9642809392522487	0.9630496750423139	0.9637405772569204	0.957103201642459	0.9633600784708912
0.961766609664	0.9678838512241381	0.9582849988505115	0.9648431394250987	0.9585965122511485	0.961766609664	0.9524626115925233	1.0	0.9638719376009014	0.9644581725027096	0.960623391260595	0.9628025712821422	0.9601101085063045	0.959210574527188	0.9647153285237895	0.9672966252467232	0.9631405898410739	0.9639376054231865	0.9613939315046035	0.9618747968400199	0.963243941481068	0.9606344287086759	0.9630732702795807	0.9606960501994727	0.962666360754732	0.9595884592111157	0.9640031393114074	0.9649068549026144	0.9629382061486322	0.96477929746934	0.9628025712821422	0.9641338074992968	0.9593622646502914	0.9621156612507891	0.9628704603636701	0.9649981454652027	0.9654746855692826	0.9578229107199178	0.9585965122511485	0.9606960501994727
0.9705563072394238	0.9627607002634865	0.9732178481675	0.9713030128528366	0.9730727892477359	0.9680337268098369	0.9641533619834105	0.9638719376009014	1.0	0.9716163285323084	0.9691371735407932	0.9691547151731299	0.9652322570781382	0.9709007945400673	0.9690322779471164	0.9762399110435452	0.9710181380286934	0.9703706933582997	0.972410153980242	0.9738026969838032	0.9730746717602173	0.9696090664982189	0.9722066571103566	0.9686567804294365	0.9696217644402251	0.9707418143800874	0.9712964054850727	0.9689039121187436	0.9697910716091558	0.9707373517391024	0.9724720392664272	0.9691820192301074	0.9688680872957194	0.9720144428505341	0.974126623110089	0.9795899822224781	0.9716942409962077	0.968006356019921	0.9709895898376134	0.969016707069174
0.9676794315225453	0.9635135333978161	0.9715834833420416	0.9714511645231619	0.9711138566694406	0.9671333075639008	0.9613195439551407	0.9644581725027096	0.9716163285323084	1.0	0.9685966856376033	0.9686869935355288	0.9651306749783306	0.967907364565168	0.9770632378813001	0.9787696376926609	0.9755491658269804	0.9706549189648234	0.9790941510782138	0.9764983485602503	0.9757839831041272	0.9684865184941415	0.976852219071372	0.9709420127373161	0.9740382388463663	0.9740980977921032	0.9703614984306311	0.9758208971975512	0.972309029571438	0.9710764360568851	0.970098606059391	0.9737680923619851	0.9749729151198951	0.976045962199832	0.9742578364771356	0.9782045645716406	0.9710345305383622	0.9693900497243291	0.9688683918671854	0.9697285771183064
0.9681550552432395	0.960170593371195	0.9701289893852232	0.9683358587833121	0.9691939532652779	0.965037456984639	0.9679577593062746	0.960623391260595	0.9691371735407932	0.9685966856376033	1.0	0.9755033250108579	0.9729125467311611	0.9680969000492738	0.9679732330380214	0.9744636163612151	0.9694052819227152	0.9687834862083978	0.9690259767871875	0.9755722521690132	0.9713333892460531	0.9658701893163604	0.9699232548515815	0.9652959795343644	0.970138131662023	0.9691126856677978	0.9701885742634855	0.9683809018583143	0.9658257432532334	0.9690049942423945	0.967422207322879	0.9684572970026682	0.966062104364072	0.9710194623363609	0.9736409189119196	0.9755292289474243	0.9676974072553579	0.9747008298352271	0.9674615813559481	0.9807513487898768
0.9708419303558384	0.9607975420716887	0.9724357140412767	0.969364507075863	0.9721332210475513	0.9680337268098369	0.9675264227543938	0.9628025712821422	0.9691547151731299	0.9686869935355288	0.9755033250108579	1.0	0.9901016726258766	0.9698440753424094	0.9677836968119703	0.9746219888096667	0.969605118776393	0.9668672125914999	0.9717141658948085	0.9722795100231689	0.9734830819724779	0.9669662905304542	0.9691413332848698	0.9668028042703039	0.9695744103696322	0.9697530908634705	0.9692652300363279	0.9684100860533913	0.9651815061201194	0.9674202229394836	0.967422207322879	0.9663271625149292	0.9676510174156654	0.9698435780362039	0.9726012371440885	0.9767028160848625	0.9687439103855641	0.973839732914133	0.9658229205956459	0.9780640722465553
0.9675315875702231	0.9584850198124909	0.9678736899012986	0.964977697863902	0.9679619337944155	0.9622687024227379	0.9635448903869719	0.9601101085063045	0.9652322570781382	0.9651306749783306	0.9729125467311611	0.9901016726258766	1.0	0.9660489346414186	0.964721108000891	0.9702299800423987	0.9650670462811538	0.9643584073116382	0.9656250421705349	0.9684843183320863	0.9679655814692099	0.9638902811505111	0.9654229652251634	0.9632922329551276	0.9653259946285617	0.9664159149703342	0.965282928109157	0.9647725900078166	0.9619235550536817	0.9646178960621481	0.9626461280292771	0.9632450779866493	0.962988054004124	0.9650659845626905	0.9696704526738894	0.9726760663507432	0.9635671287022859	0.9711659656124038	0.9634393060801372	0.9737881388052555
0.9914747953136419	0.9615727839514431	0.9817507324968052	0.9684726638902844	0.9867287301411872	0.9633137356035607	0.9611875940556197	0.959210574527188	0.9709007945400673	0.967907364565168	0.9680969000492738	0.9698440753424094	0.9660489346414186	1.0	0.9679548529152295	0.9734149282284588	0.968644687978686	0.967764478670253	0.9688556430954538	0.9709831885617691	0.9680856840529378	0.964477757973992	0.968642844523045	0.9653530638779237	0.9665460008407841	0.9681276223764688	0.9681912519459324	0.9685659253263018	0.9650259735136859	0.9682853288038451	0.9684726638902844	0.9664491882841811	0.9651815061201194	0.9679425478306862	0.9702189510505074	0.9764272054299709	0.9675729742652643	0.9664318237208135	0.9641554276334348	0.9678120299042275
0.9668654999329285	0.9634299534323992	0.9710714924725404	0.9707252329740161	0.9710620362810791	0.9716250493555457	0.9645725393989243	0.9647153285237895	0.9690322779471164	0.9770632378813001	0.9679732330380214	0.9677836968119703	0.964721108000891	0.9679548529152295	1.0	0.9821367393387508	0.9763680034837494	0.9692114377782696	0.989014572892167	0.9791284002778906	0.9760663298975297	0.9686005454079518	0.97929340858594	0.9711333036849447	0.9792885694427466	0.9746024662942889	0.9720007834801176	0.9948431401288422	0.9722145652318429	0.969821859932994	0.9695464477903254	0.9759480895584068	0.9872897105708881	0.9776932314308662	0.9743885218210359	0.9780995618380298	0.9706982712822733	0.9689154600948076	0.967832240355402	0.9696782460451706
0.9748581092727095	0.9701393974024367	0.9724158720422328	0.9766135528643166	0.9725845336001429	0.9734149282284588	0.9666967329073046	0.9672966252467232	0.9762399110435452	0.9787696376926609	0.9744636163612151	0.9746219888096667	0.9702299800423987	0.9734149282284588	0.9821367393387508	1.0	0.9775654188631201	0.9764646104561716	0.9664942614179717	0.9726685364602229	0.9744636163612151	0.9702299800423987	0.9810524566486721	0.9721612226338184	0.9803312079814515	0.9766135528643166	0.9794577762811553	0.9816946127369746	0.9762399110435452	0.9767618169228285	0.9769829547588474	0.9793896116102802	0.9768356965283008	0.978630251303341	0.9776375001080724	0.9727523222396889	0.9761646651382699	0.9690321328606195	0.9710340081567704	0.9707682125830508
0.9685933391181183	0.9654658868532693	0.9678166655709689	0.9711608511115708	0.9690838737657568	0.9656915958205865	0.9598373033770383	0.9631405898410739	0.9710181380286934	0.9755491658269804	0.9694052819227152	0.969605118776393	0.9650670462811538	0.968644687978686	0.9763680034837494	0.9775654188631201	1.0	0.9711133499603365	0.9756823259983208	0.975099123840695	0.9738362722554552	0.966544449129961	0.9757145906283259	0.9761995151380977	0.9748789190890951	0.9719983786923574	0.9727809698053039	0.9765293269809152	0.9722345777462926	0.9717254947781659	0.9733183072734574	0.9746239696264145	0.971772107032862	0.974484238702062	0.9719047688776256	0.9755860846120724	0.9725089249513346	0.9666889746013724	0.9655979957908968	0.9667817723995455
0.9670489838090596	0.9606092606743745	0.9715326470247466	0.9706835655758077	0.9702214214565065	0.9669807625745355	0.9617771366897644	0.9639376054231865	0.9703706933582997	0.9706549189648234	0.9687834862083978	0.9668672125914999	0.9643584073116382	0.967764478670253	0.9692114377782696	0.9764646104561716	0.9711133499603365	1.0	0.9727147484314819	0.9716966967002076	0.9723998367222576	0.967735359272474	0.972520101435243	0.9678752287561809	0.9699044411875858	0.9709970592219975	0.9726098256499895	0.9684850840190254	0.9668874579332856	0.9968823634101823	0.9694588447109446	0.9685487817928	0.9689178162025348	0.9716861674997325	0.9721385920188059	0.9762050241340179	0.9716942409962077	0.9688556430954538	0.969324028285212	0.969068078374106
0.9696151700810789	0.9657192955407771	0.9663714546776502	0.9732409995043576	0.9668293286499955	0.9717141658948085	0.9640781778173819	0.9613939315046035	0.972410153980242	0.9790941510782138	0.9690259767871875	0.9717141658948085	0.9656250421705349	0.9688556430954538	0.989014572892167	0.9664942614179717	0.9756823259983208	0.9727147484314819	1.0	0.9730915113181146	0.9709228901568464	0.9660004111552958	0.9792185043409954	0.9686844062512546	0.9804366642495358	0.9721026700486973	0.9736117340370307	0.9886442033108432	0.9738321586976363	0.9735379252142208	0.9713999722824918	0.9801363567194892	0.9939249627006684	0.977235629791297	0.9729413310008548	0.9670106719960494	0.972410153980242	0.9618217949498826	0.9646670053457589	0.968598446093608
0.9724523294272303	0.9672260325054419	0.9689358039517599	0.97313453960141	0.9680922407317695	0.9686785856700341	0.963583294824461	0.9618747968400199	0.9738026969838032	0.9764983485602503	0.9755722521690132	0.9722795100231689	0.9684843183320863	0.9709831885617691	0.9791284002778906	0.9726685364602229	0.975099123840695	0.9716966967002076	0.9730915113181146	1.0	0.9730218298974495	0.9659166365707061	0.9798228455181227	0.9702535958787717	0.9780340268533699	0.9736922884012091	0.9762437324618939	0.9787518984813989	0.9761413256023642	0.9716966967002076	0.9731907479303723	0.985755731247089	0.9738577607636202	0.9768514979685902	0.9755722521690132	0.9729852475101062	0.9730782337054291	0.9644782562929254	0.9659868953025503	0.9704375423623738
0.9700054766605345	0.9692049097551303	0.9674195170280615	0.9733305299988146	0.9657235251736622	0.9678450301543547	0.9624682857296809	0.963243941481068	0.9730746717602173	0.9757839831041272	0.9713333892460531	0.9734830819724779	0.9679655814692099	0.9680856840529378	0.9760663298975297	0.9744636163612151	0.9738362722554552	0.9723998367222576	0.9709228901568464	0.9730218298974495	1.0	0.9649400943165283	0.9741359779335581	0.96966480174242	0.9748733604441726	0.9692627554839242	0.975115481984642	0.9756418852974205	0.9742847997184547	0.9727130451953496	0.9718710011494534	0.9737357523233375	0.9704541974094097	0.9724522487344774	0.9735337736665592	0.9752434497326973	0.9729201824554803	0.9668167845209035	0.9662988335146238	0.9697218308002368
0.9654963719523506	0.9638243380266092	0.9643481323907921	0.9675006703157526	0.9619206985549282	0.9632918621599099	0.9581329971215966	0.9606344287086759	0.9696090664982189	0.9684865184941415	0.9658701893163604	0.9669662905304542	0.9638902811505111	0.964477757973992	0.9686005454079518	0.9702299800423987	0.966544449129961	0.967735359272474	0.9660004111552958	0.9659166365707061	0.9649400943165283	1.0	0.967793765672454	0.9636256925992291	0.9653078224175342	0.9639560892095385	0.9697741348186875	0.9673826822887417	0.9658701893163604	0.9683720873958722	0.967735359272474	0.9668463268208533	0.9632246775988111	0.9653078224175342	0.9669662905304542	0.9679336670860325	0.969498550732073	0.9604162035741235	0.9634925765384746	0.9632246775988111
0.9691907616285713	0.9629426634304987	0.9705512729441853	0.9721165419576132	0.9687513663022518	0.9665145051471522	0.9602484039779445	0.9630732702795807	0.9722066571103566	0.976852219071372	0.9699232548515815	0.9691413332848698	0.9654229652251634	0.968642844523045	0.97929340858594	0.9810524566486721	0.9757145906283259	0.972520101435243	0.9792185043409954	0.9798228455181227	0.9741359779335581	0.967793765672454	1.0	0.9690151290018739	0.9775085478562824	0.9746024662942889	0.972520101435243	0.9783759904616607	0.9742130583022633	0.9728746513587354	0.9699715025482859	0.9842530078935784	0.9731817342297806	0.9817064649281398	0.9737297710352594	0.9775159219280177	0.970874792910441	0.966042206953172	0.9657668365598093	0.9673281142083862
0.9673970464430374	0.9621155333836043	0.9662376044791458	0.9689641791441885	0.9649107136778857	0.9614140207471875	0.9555642557169468	0.9606960501994727	0.9686567804294365	0.9709420127373161	0.9652959795343644	0.9668028042703039	0.9632922329551276	0.9653530638779237	0.9711333036849447	0.9721612226338184	0.9761995151380977	0.9678752287561809	0.9686844062512546	0.9702535958787717	0.96966480174242	0.9636256925992291	0.9690151290018739	1.0	0.9689131487884822	0.9659436773059957	0.9690151290018739	0.9708459416174184	0.9687082171859642	0.9686052616016713	0.9691674981583623	0.970797798895381	0.9666935732465083	0.9685195009905783	0.9684403983150885	0.973655247108185	0.9685536604359621	0.9621583293863153	0.9633529855118548	0.9625478789366367
0.9676712622988897	0.962324887245899	0.968100784681239	0.9696217644402251	0.9677902277210862	0.9655951742612118	0.9603842723814567	0.962666360754732	0.9696217644402251	0.9740382388463663	0.970138131662023	0.9695744103696322	0.9653259946285617	0.9665460008407841	0.9792885694427466	0.9803312079814515	0.9748789190890951	0.9699044411875858	0.9804366642495358	0.9780340268533699	0.9748733604441726	0.9653078224175342	0.9775085478562824	0.9689131487884822	1.0	0.9717012201330304	0.9737062385759602	0.9786140048639191	0.9705085590941298	0.9709202820620791	0.9693842971553505	0.9777783102001308	0.9765812687046179	0.9756729308045383	0.9753733520588982	0.9765377298746161	0.969145071791195	0.9684337924775704	0.9652005548784568	0.9680247951191677
0.9684042795023137	0.963982220585939	0.9645139391061027	0.9707930246581259	0.9653470217620771	0.9657049357344551	0.9604444051153899	0.9595884592111157	0.9707418143800874	0.9740980977921032	0.9691126856677978	0.9697530908634705	0.9664159149703342	0.9681276223764688	0.9746024662942889	0.9766135528643166	0.9719983786923574	0.9709970592219975	0.9721026700486973	0.9736922884012091	0.9692627554839242	0.9639560892095385	0.9746024662942889	0.9659436773059957	0.9717012201330304	1.0	0.9724390682915046	0.973912731299237	0.9716015583855522	0.9705876954493055	0.9691665402343487	0.9747386729451384	0.9690047064312284	0.9718005761691061	0.9721459421006975	0.9734738877483466	0.9715015890079098	0.9621583293863153	0.9634082914940196	0.9660030871079278
0.9688160933496771	0.9638902811505111	0.9710198452162788	0.970447615053795	0.9711655942334882	0.9677363712469027	0.9652786558220182	0.9640031393114074	0.9712964054850727	0.9703614984306311	0.9701885742634855	0.9692652300363279	0.965282928109157	0.9681912519459324	0.9720007834801176	0.9794577762811553	0.9727809698053039	0.9726098256499895	0.9736117340370307	0.9762437324618939	0.975115481984642	0.9697741348186875	0.972520101435243	0.9690151290018739	0.9737062385759602	0.9724390682915046	1.0	0.9718775893061408	0.9689064217042587	0.9729698332320063	0.9785821022041614	0.9709257601531809	0.9700889095888168	0.9727525288504358	0.9836698653763615	0.9778355658156404	0.9716712188353024	0.9707169157545794	0.9676209570653943	0.9721502317808872
0.9677278955188771	0.963122800046019	0.970708218821147	0.9707252329740161	0.971371721601388	0.970775244698691	0.9641533619834105	0.9649068549026144	0.9689039121187436	0.9758208971975512	0.9683809018583143	0.9684100860533913	0.9647725900078166	0.9685659253263018	0.9948431401288422	0.9816946127369746	0.9765293269809152	0.9684850840190254	0.9886442033108432	0.9787518984813989	0.9756418852974205	0.9673826822887417	0.9783759904616607	0.9708459416174184	0.9786140048639191	0.973912731299237	0.9718775893061408	1.0	0.9719315196441799	0.9694075771390652	0.9695026759345292	0.9758753010348482	0.9865459772806819	0.9769802791486754	0.9748632528524739	0.9779942198380815	0.9712829707674289	0.9692720543255343	0.9674082806112904	0.9707190882750714
0.966215882449685	0.9614713972712985	0.968717179534846	0.9679153096074201	0.9670354202678993	0.9641593436774059	0.9609886446513025	0.9629382061486322	0.9697910716091558	0.972309029571438	0.9658257432532334	0.9651815061201194	0.9619235550536817	0.9650259735136859	0.9722145652318429	0.9762399110435452	0.9722345777462926	0.9668874579332856	0.9738321586976363	0.9761413256023642	0.9742847997184547	0.9658701893163604	0.9742130583022633	0.9687082171859642	0.9705085590941298	0.9716015583855522	0.9689064217042587	0.9719315196441799	1.0	0.9674054788860463	0.9663776850701565	0.9701961273064376	0.969606100581873	0.9734741871166541	0.9721851548490786	0.9840010225466637	0.9660214037068041	0.9666248790361557	0.965990588887236	0.9660009895587564
0.9672314291891536	0.9610512578109359	0.9716849172127393	0.9707252329740161	0.9701147918973225	0.9673355845190323	0.9622922252957448	0.96477929746934	0.9707373517391024	0.9710764360568851	0.9690049942423945	0.9674202229394836	0.9646178960621481	0.9682853288038451	0.969821859932994	0.9767618169228285	0.9717254947781659	0.9968823634101823	0.9735379252142208	0.9716966967002076	0.9727130451953496	0.9683720873958722	0.9728746513587354	0.9686052616016713	0.9709202820620791	0.9705876954493055	0.9729698332320063	0.9694075771390652	0.9674054788860463	1.0	0.9701531103728973	0.9690923133171582	0.9698000903193215	0.9718272644706604	0.9732830574974671	0.9767576593137042	0.9716942409962077	0.9692128946366183	0.9696740225573391	0.9693746024397769
0.9674688908333522	0.9625382050224701	0.9691033913167175	0.9707907198782829	0.9708539210635753	0.9666219911803282	0.9609220526608774	0.9628025712821422	0.9724720392664272	0.970098606059391	0.967422207322879	0.967422207322879	0.9626461280292771	0.9684726638902844	0.9695464477903254	0.9769829547588474	0.9733183072734574	0.9694588447109446	0.9713999722824918	0.9731907479303723	0.9718710011494534	0.967735359272474	0.9699715025482859	0.9691674981583623	0.9693842971553505	0.9691665402343487	0.9785821022041614	0.9695026759345292	0.9663776850701565	0.9701531103728973	1.0	0.9683195818492673	0.9672872151850912	0.9702895590206765	0.9768573349025048	0.975981315368429	0.9731443717840619	0.9670708937598369	0.9684062350784703	0.9685506507557893
0.9670050756649161	0.9614201108137239	0.9704987880047514	0.9686855247443953	0.9690286930275073	0.965574347858529	0.9614509527420868	0.9641338074992968	0.9691820192301074	0.9737680923619851	0.9684572970026682	0.9663271625149292	0.9632450779866493	0.9664491882841811	0.9759480895584068	0.9793896116102802	0.9746239696264145	0.9685487817928	0.9801363567194892	0.985755731247089	0.9737357523233375	0.9668463268208533	0.9842530078935784	0.970797798895381	0.9777783102001308	0.9747386729451384	0.9709257601531809	0.9758753010348482	0.9701961273064376	0.9690923133171582	0.9683195818492673	1.0	0.9751373776736523	0.9789234316861929	0.9730120469827027	0.9769761131168876	0.9680887427187302	0.9672601696974193	0.9650860927805194	0.9677586186312848
0.966919261217935	0.9618943268910394	0.966595253409342	0.9694109394600616	0.9667403383001585	0.9690665451693463	0.9611875940556197	0.9593622646502914	0.9688680872957194	0.9749729151198951	0.966062104364072	0.9676510174156654	0.962988054004124	0.9651815061201194	0.9872897105708881	0.9768356965283008	0.971772107032862	0.9689178162025348	0.9939249627006684	0.9738577607636202	0.9704541974094097	0.9632246775988111	0.9731817342297806	0.9666935732465083	0.9765812687046179	0.9690047064312284	0.9700889095888168	0.9865459772806819	0.969606100581873	0.9698000903193215	0.9672872151850912	0.9751373776736523	1.0	0.9731604352888772	0.9706120956356241	0.9725515636510516	0.9671300346100747	0.9633877617231313	0.9617671251435426	0.9639619169030379
0.969086324056528	0.9633425307612488	0.9687726362232768	0.9702403082334565	0.967559855282319	0.9660910467952215	0.9590696175497082	0.9621156612507891	0.9720144428505341	0.976045962199832	0.9710194623363609	0.9698435780362039	0.9650659845626905	0.9679425478306862	0.9776932314308662	0.978630251303341	0.974484238702062	0.9716861674997325	0.977235629791297	0.9768514979685902	0.9724522487344774	0.9653078224175342	0.9817064649281398	0.9685195009905783	0.9756729308045383	0.9718005761691061	0.9727525288504358	0.9769802791486754	0.9734741871166541	0.9718272644706604	0.9702895590206765	0.9789234316861929	0.9731604352888772	1.0	0.9721385920188059	0.9765928516842108	0.9691373635329645	0.9658456165160978	0.9641265620773181	0.9661699007936164
0.971431997610386	0.9657732967547323	0.9711230574529737	0.9724631356475912	0.9691939532652779	0.9682307557067356	0.9619712657897599	0.9628704603636701	0.974126623110089	0.9742578364771356	0.9736409189119196	0.9726012371440885	0.9696704526738894	0.9702189510505074	0.9743885218210359	0.9776375001080724	0.9719047688776256	0.9721385920188059	0.9729413310008548	0.9755722521690132	0.9735337736665592	0.9669662905304542	0.9737297710352594	0.9684403983150885	0.9753733520588982	0.9721459421006975	0.9836698653763615	0.9748632528524739	0.9721851548490786	0.9732830574974671	0.9768573349025048	0.9730120469827027	0.9706120956356241	0.9721385920188059	1.0	0.9770304983515407	0.9734177184596821	0.9690942492630576	0.9666686808906299	0.9704251069873978
0.9780469333856012	0.9687856491604993	0.9740149537307966	0.978309230253263	0.9731693512062394	0.9717304250840807	0.9642809392522487	0.9649981454652027	0.9795899822224781	0.9782045645716406	0.9755292289474243	0.9767028160848625	0.9726760663507432	0.9764272054299709	0.9780995618380298	0.9727523222396889	0.9755860846120724	0.9762050241340179	0.9670106719960494	0.9729852475101062	0.9752434497326973	0.9679336670860325	0.9775159219280177	0.973655247108185	0.9765377298746161	0.9734738877483466	0.9778355658156404	0.9779942198380815	0.9840010225466637	0.9767576593137042	0.975981315368429	0.9769761131168876	0.9725515636510516	0.9765928516842108	0.9770304983515407	1.0	0.9774623417834835	0.9677171100996289	0.9718581165121163	0.9726138747660581
0.9671846466273151	0.9637151712582377	0.971174540423646	0.9708244563394872	0.9711138566694406	0.9666219911803282	0.9630496750423139	0.9654746855692826	0.9716942409962077	0.9710345305383622	0.9676974072553579	0.9687439103855641	0.9635671287022859	0.9675729742652643	0.9706982712822733	0.9761646651382699	0.9725089249513346	0.9716942409962077	0.972410153980242	0.9730782337054291	0.9729201824554803	0.969498550732073	0.970874792910441	0.9685536604359621	0.969145071791195	0.9715015890079098	0.9716712188353024	0.9712829707674289	0.9660214037068041	0.9716942409962077	0.9731443717840619	0.9680887427187302	0.9671300346100747	0.9691373635329645	0.9734177184596821	0.9774623417834835	1.0	0.9691536264176621	0.9690209858898174	0.969068078374106
0.9683730756062837	0.9639504214067596	0.9645718555551824	0.9692128946366183	0.9625976449815249	0.9657138861486761	0.9637405772569204	0.9578229107199178	0.968006356019921	0.9693900497243291	0.9747008298352271	0.973839732914133	0.9711659656124038	0.9664318237208135	0.9689154600948076	0.9690321328606195	0.9666889746013724	0.9688556430954538	0.9618217949498826	0.9644782562929254	0.9668167845209035	0.9604162035741235	0.966042206953172	0.9621583293863153	0.9684337924775704	0.9621583293863153	0.9707169157545794	0.9692720543255343	0.9666248790361557	0.9692128946366183	0.9670708937598369	0.9672601696974193	0.9633877617231313	0.9658456165160978	0.9690942492630576	0.9677171100996289	0.9691536264176621	1.0	0.961638070937099	0.9722081439795112
0.9657106546460205	0.9624589368305384	0.9657544760117657	0.9689702012769136	0.9634339584354382	0.9626450516589005	0.957103201642459	0.9585965122511485	0.9709895898376134	0.9688683918671854	0.9674615813559481	0.9658229205956459	0.9634393060801372	0.9641554276334348	0.967832240355402	0.9710340081567704	0.9655979957908968	0.969324028285212	0.9646670053457589	0.9659868953025503	0.9662988335146238	0.9634925765384746	0.9657668365598093	0.9633529855118548	0.9652005548784568	0.9634082914940196	0.9676209570653943	0.9674082806112904	0.965990588887236	0.9696740225573391	0.9684062350784703	0.9650860927805194	0.9617671251435426	0.9641265620773181	0.9666686808906299	0.9718581165121163	0.9690209858898174	0.961638070937099	1.0	0.9629228047584001
0.9689137186981701	0.961526109326176	0.9667135928329945	0.9700289289719526	0.9653470217620771	0.96414185056473	0.9633600784708912	0.9606960501994727	0.969016707069174	0.9697285771183064	0.9807513487898768	0.9780640722465553	0.9737881388052555	0.9678120299042275	0.9696782460451706	0.9707682125830508	0.9667817723995455	0.969068078374106	0.968598446093608	0.9704375423623738	0.9697218308002368	0.9632246775988111	0.9673281142083862	0.9625478789366367	0.9680247951191677	0.9660030871079278	0.9721502317808872	0.9707190882750714	0.9660009895587564	0.9693746024397769	0.9685506507557893	0.9677586186312848	0.9639619169030379	0.9661699007936164	0.9704251069873978	0.9726138747660581	0.969068078374106	0.9722081439795112	0.9629228047584001	1.0
