/home/jshaw/scratch/2022_sketched_distance/references/SGB_genome_fastas_part3/4631/BackhedF_2015__SID39_12M__bin.41.fa	/home/jshaw/scratch/2022_sketched_distance/references/SGB_genome_fastas_part3/4631/BackhedF_2015__SID546_12M__bin.24.fa	/home/jshaw/scratch/2022_sketched_distance/references/SGB_genome_fastas_part3/4631/BackhedF_2015__SID546_4M__bin.12.fa	/home/jshaw/scratch/2022_sketched_distance/references/SGB_genome_fastas_part3/4631/BackhedF_2015__SID577_12M__bin.28.fa	/home/jshaw/scratch/2022_sketched_distance/references/SGB_genome_fastas_part3/4631/BackhedF_2015__SID87_12M__bin.39.fa	/home/jshaw/scratch/2022_sketched_distance/references/SGB_genome_fastas_part3/4631/FengQ_2015__SID31137__bin.48.fa	/home/jshaw/scratch/2022_sketched_distance/references/SGB_genome_fastas_part3/4631/FengQ_2015__SID31537__bin.55.fa	/home/jshaw/scratch/2022_sketched_distance/references/SGB_genome_fastas_part3/4631/FengQ_2015__SID531333__bin.47.fa	/home/jshaw/scratch/2022_sketched_distance/references/SGB_genome_fastas_part3/4631/FengQ_2015__SID531403__bin.12.fa	/home/jshaw/scratch/2022_sketched_distance/references/SGB_genome_fastas_part3/4631/GeversD_2014__SKBSTL016__bin.45.fa	/home/jshaw/scratch/2022_sketched_distance/references/SGB_genome_fastas_part3/4631/GeversD_2014__SKBSTL041__bin.56.fa	/home/jshaw/scratch/2022_sketched_distance/references/SGB_genome_fastas_part3/4631/HeQ_2017__RSZAXPI003080-114__bin.30.fa	/home/jshaw/scratch/2022_sketched_distance/references/SGB_genome_fastas_part3/4631/HeQ_2017__RSZAXPI003099-133__bin.1.fa	/home/jshaw/scratch/2022_sketched_distance/references/SGB_genome_fastas_part3/4631/HeQ_2017__SZAXPI029501-104__bin.36.fa	/home/jshaw/scratch/2022_sketched_distance/references/SGB_genome_fastas_part3/4631/IjazUZ_2017__S102_a_WGS__bin.2.fa	/home/jshaw/scratch/2022_sketched_distance/references/SGB_genome_fastas_part3/4631/IjazUZ_2017__S46_a_WGS__bin.2.fa	/home/jshaw/scratch/2022_sketched_distance/references/SGB_genome_fastas_part3/4631/IjazUZ_2017__S47_a_WGS__bin.1.fa	/home/jshaw/scratch/2022_sketched_distance/references/SGB_genome_fastas_part3/4631/IjazUZ_2017__S48_a_WGS__bin.2.fa	/home/jshaw/scratch/2022_sketched_distance/references/SGB_genome_fastas_part3/4631/IjazUZ_2017__S56_a_WGS__bin.7.fa	/home/jshaw/scratch/2022_sketched_distance/references/SGB_genome_fastas_part3/4631/LiJ_2014__V1.CD3-0-PN__bin.36.fa	/home/jshaw/scratch/2022_sketched_distance/references/SGB_genome_fastas_part3/4631/LiuW_2016__SRR3992985__bin.73.fa	/home/jshaw/scratch/2022_sketched_distance/references/SGB_genome_fastas_part3/4631/LomanNJ_2013__OBK1196__bin.13.fa	/home/jshaw/scratch/2022_sketched_distance/references/SGB_genome_fastas_part3/4631/LoombaR_2017__SID1048_bav__bin.25.fa	/home/jshaw/scratch/2022_sketched_distance/references/SGB_genome_fastas_part3/4631/NielsenHB_2014__V1_CD7_4__bin.41.fa	/home/jshaw/scratch/2022_sketched_distance/references/SGB_genome_fastas_part3/4631/NielsenHB_2014__V1_UC11_0__bin.24.fa	/home/jshaw/scratch/2022_sketched_distance/references/SGB_genome_fastas_part3/4631/NielsenHB_2014__V1_UC11_5__bin.53.fa	/home/jshaw/scratch/2022_sketched_distance/references/SGB_genome_fastas_part3/4631/QinJ_2012__DLF012__bin.15.fa	/home/jshaw/scratch/2022_sketched_distance/references/SGB_genome_fastas_part3/4631/RaymondF_2016__P20E7__bin.20.fa	/home/jshaw/scratch/2022_sketched_distance/references/SGB_genome_fastas_part3/4631/VincentC_2016__MM063__bin.1.fa	/home/jshaw/scratch/2022_sketched_distance/references/SGB_genome_fastas_part3/4631/XieH_2016__YSZC12003_37179__bin.80.fa
1.0	0.9924116737360132	0.9930242514190467	0.9922845574157668	0.9939967316129604	0.9884773604803903	0.9911168807683862	0.9918792382168821	0.9939474661240068	0.9912912789564179	0.9926401430505813	0.9947751794740776	0.9952367852636288	0.9952209743017669	0.9911362108952304	0.9916590206131	0.9929295047765043	0.9916699061858628	0.9910532180325778	0.9916385398808649	0.9936503246992613	0.9948712126753683	0.9943882407469996	0.993567310155788	0.9917320501004843	0.9946788673403246	0.9943233095654431	0.992113859693234	0.9848304413454279	0.9925374082264
0.9924116737360132	1.0	0.9924116737360132	0.9845816322329211	0.9932814435837465	0.9822472956639539	0.9882368496027092	0.9913140630724621	0.9929362737065159	0.9854465312995988	0.9912912789564179	0.9937290861684024	0.9939190963222577	0.9940661322463116	0.9904837701747268	0.9868842958417772	0.9919457237099387	0.9843997810051579	0.9838573550628347	0.9901315570349737	0.993537979772121	0.9932599755825209	0.9930877285755987	0.9921906112956432	0.9872727664088391	0.9937714049330025	0.9929579525919702	0.9907628600762322	0.9767122866291901	0.9916314022283023
0.9930242514190467	0.9924116737360132	1.0	0.9889618485662315	0.9935201345210374	0.9843633982718623	0.9885008479659988	0.9912073892172285	0.993158490728487	0.9870454201520065	0.9920492274868987	0.9939900434802407	0.9945085487695018	0.9942688226149972	0.9905926680406557	0.9872132378924274	0.9922071754223576	0.9883113090178962	0.9863322854239472	0.990322693591675	0.9937841043163315	0.9939340050894585	0.9934443265285695	0.9925598244422409	0.9874665266399703	0.9939340050894585	0.9937465228986668	0.9915105130105009	0.9805026928014053	0.991930269471585
0.9922845574157668	0.9845816322329211	0.9889618485662315	1.0	0.994124150191145	0.9845501709224032	0.9907302649010161	0.993554191584649	0.9974377027044916	0.9876993226376621	0.9928031714610078	0.9977768982595363	0.9955752700052721	0.9986306210054309	0.992483084447158	0.9887131839391942	0.9930959134545586	0.9810407419146518	0.9846130634128892	0.9933379029353346	0.9935781366895523	0.995755078627962	0.9960674188428787	0.9955301652172559	0.9895619147920958	0.9961782606043784	0.9939589227430591	0.9918082239670707	0.9739157313553992	0.9963328201108204
0.9939967316129604	0.9932814435837465	0.9935201345210374	0.994124150191145	1.0	0.9907683938276985	0.9929374150545585	0.9937341615371921	0.9940814559977941	0.9938525057250371	0.9937915377395528	0.9947597300062855	0.9949423306049269	0.9953645293847165	0.9921099363117194	0.9934768434796931	0.9929607880314768	0.9944664547323772	0.9928620297760535	0.9931402415578184	0.9937684999181464	0.9946986390060149	0.9943914839695224	0.9936424849515632	0.9927224548614169	0.9943914839695224	0.993500142656222	0.9940146844531064	0.986647966293421	0.9935534859016181
0.9884773604803903	0.9822472956639539	0.9843633982718623	0.9845501709224032	0.9907683938276985	1.0	0.9877820494483467	0.9909889870330619	0.9922824885305265	0.983848524241745	0.9897570691012298	0.9929314855449396	0.9923880303827823	0.993404906759651	0.9889484763507219	0.9852912086544937	0.9897798829752656	0.9834595356984782	0.9814311414819812	0.9880715467259833	0.9905017221598253	0.9919638270274032	0.9923036238587453	0.9910987336453109	0.9842826376804633	0.9916420645788847	0.9903451632167082	0.9888547903724729	0.9770354900842821	0.9912299501492071
0.9911168807683862	0.9882368496027092	0.9885008479659988	0.9907302649010161	0.9929374150545585	0.9877820494483467	1.0	0.9923478337701123	0.9944717804813651	0.9891696288772699	0.9926623563706886	0.9951448532839522	0.9956870963236477	0.9957374802574743	0.9919363138885563	0.9893281985282261	0.9922733918301601	0.9902064300489437	0.9886067212470839	0.9902766048030748	0.9934088349329369	0.9946976595151261	0.9940506854716264	0.9933186970607599	0.9886575479386867	0.993784757529152	0.9931920903616202	0.9919927326905621	0.982227621599795	0.9933908269775114
0.9918792382168821	0.9913140630724621	0.9912073892172285	0.993554191584649	0.9937341615371921	0.9909889870330619	0.9923478337701123	1.0	0.9954227158767939	0.992546238824947	0.9925073455455403	0.9961362209144162	0.9960901525431745	0.9963045935610784	0.9922840197513579	0.9915382386475813	0.9924387903582234	0.9924587775299515	0.9909168968883918	0.9920926443483831	0.9933858751707831	0.9956726349666716	0.9946774987618852	0.9942741760582747	0.9909589859472081	0.9945972258248782	0.993701148755461	0.9926833085121414	0.9848937277102823	0.993701148755461
0.9939474661240068	0.9929362737065159	0.993158490728487	0.9974377027044916	0.9940814559977941	0.9922824885305265	0.9944717804813651	0.9954227158767939	1.0	0.9944296490664769	0.9938719468322286	0.9972264449987872	0.9950596142717177	0.9982401267177089	0.9940610710834742	0.9937986047302491	0.9937611268400546	0.9939051427161236	0.9931186288459366	0.9952395439189133	0.9920367779633215	0.9945919213273305	0.9953779562311899	0.9944985921563889	0.994655402138489	0.9944844442524973	0.9937807869810228	0.9944691410826155	0.9872713760123887	0.9970484143309642
0.9912912789564179	0.9854465312995988	0.9870454201520065	0.9876993226376621	0.9938525057250371	0.983848524241745	0.9891696288772699	0.992546238824947	0.9944296490664769	1.0	0.9925058388587152	0.9950531118402094	0.9953326752587776	0.9953326752587776	0.9914586035329754	0.9870215611849702	0.9921195581176462	0.9869103716376162	0.9856715530571966	0.9906775230005967	0.99330461340106	0.9946008503224992	0.993949397068006	0.9929475484990176	0.986685705899292	0.9939687413797724	0.99330461340106	0.9928876614136677	0.9792499613454673	0.9926470234411701
0.9926401430505813	0.9912912789564179	0.9920492274868987	0.9928031714610078	0.9937915377395528	0.9897570691012298	0.9926623563706886	0.9925073455455403	0.9938719468322286	0.9925058388587152	1.0	0.9947594456816637	0.995117181409135	0.9953637848802991	0.9908956489417984	0.9920783158637022	0.992611460453295	0.9930449282965116	0.995954519526046	0.9919661225034448	0.9942710909295487	0.9943819951389257	0.9948063262897239	0.993952161232701	0.9916918102116314	0.9945869807862786	0.9948531407133723	0.9930866297901675	0.9851142742153197	0.9930918401272097
0.9947751794740776	0.9937290861684024	0.9939900434802407	0.9977768982595363	0.9947597300062855	0.9929314855449396	0.9951448532839522	0.9961362209144162	0.9972264449987872	0.9950531118402094	0.9947594456816637	1.0	0.9946697372248935	0.9982838185905419	0.9950575529675014	0.9945803998872961	0.9946966884959315	0.994668234123615	0.9939598753409439	0.9957442396661438	0.9928671738018015	0.9951810596759485	0.9951503592936719	0.9943287273253222	0.9949486344468226	0.9941197494873472	0.9944922814456454	0.9952946228589867	0.9881991919205758	0.9976770362665212
0.9952367852636288	0.9939190963222577	0.9945085487695018	0.9955752700052721	0.9949423306049269	0.9923880303827823	0.9956870963236477	0.9960901525431745	0.9950596142717177	0.9953326752587776	0.995117181409135	0.9946697372248935	1.0	0.9927605314994878	0.9948700415893522	0.9949644900239637	0.9948041370826866	0.9950432923973329	0.9940013820020706	0.9953214674712645	0.9938251054680254	0.995977805800835	0.9942847436946578	0.993768117289566	0.9946369887313024	0.9932971443659707	0.9954663069241412	0.996163661746857	0.9885970342797195	0.9955889609433622
0.9952209743017669	0.9940661322463116	0.9942688226149972	0.9986306210054309	0.9953645293847165	0.993404906759651	0.9957374802574743	0.9963045935610784	0.9982401267177089	0.9953326752587776	0.9953637848802991	0.9982838185905419	0.9927605314994878	1.0	0.9956138102223793	0.9950371483472488	0.9949875285181143	0.9950929812186304	0.9946178231851599	0.9970899722872908	0.9934840300428563	0.9962616313149268	0.9970864201586948	0.9964418479029735	0.9960610414623934	0.9956936368723125	0.9949828697236474	0.9957802285310812	0.988878295036773	0.9992120229729183
0.9911362108952304	0.9904837701747268	0.9905926680406557	0.992483084447158	0.9921099363117194	0.9889484763507219	0.9919363138885563	0.9922840197513579	0.9940610710834742	0.9914586035329754	0.9908956489417984	0.9950575529675014	0.9948700415893522	0.9956138102223793	1.0	0.9910711080169589	0.9919049153898323	0.9912822275177214	0.9909851277823343	0.9910107718780751	0.9921779951232104	0.9947287089795086	0.9943010599070154	0.9928676416538396	0.9897216530774529	0.993851665460482	0.9921269641498303	0.9923820098041352	0.9853645268151874	0.9929673706299335
0.9916590206131	0.9868842958417772	0.9872132378924274	0.9887131839391942	0.9934768434796931	0.9852912086544937	0.9893281985282261	0.9915382386475813	0.9937986047302491	0.9870215611849702	0.9920783158637022	0.9945803998872961	0.9949644900239637	0.9950371483472488	0.9910711080169589	1.0	0.9958437741479922	0.9920802919377176	0.9869029447412029	0.9899265138594746	0.9933625301730512	0.9947638549186104	0.9940799392958773	0.9937797638742135	0.9860162519771031	0.9942104157296265	0.9933243378722516	0.9906594681238095	0.9808621843633364	0.9925510897662092
0.9929295047765043	0.9919457237099387	0.9922071754223576	0.9930959134545586	0.9929607880314768	0.9897798829752656	0.9922733918301601	0.9924387903582234	0.9937611268400546	0.9921195581176462	0.992611460453295	0.9946966884959315	0.9948041370826866	0.9949875285181143	0.9919049153898323	0.9958437741479922	1.0	0.9955368629305519	0.9929477840187797	0.9924336407188626	0.9930578564656252	0.9946966884959315	0.9941072404265049	0.9940915861801559	0.9922309595317418	0.9948806734663929	0.9934113586301826	0.9928065796090263	0.9857055403005468	0.9926601638361012
0.9916699061858628	0.9843997810051579	0.9883113090178962	0.9810407419146518	0.9944664547323772	0.9834595356984782	0.9902064300489437	0.9924587775299515	0.9939051427161236	0.9869103716376162	0.9930449282965116	0.994668234123615	0.9950432923973329	0.9950929812186304	0.9912822275177214	0.9920802919377176	0.9955368629305519	1.0	0.9837059033507536	0.991198558486477	0.9939565657995029	0.9949436908768476	0.9938536396921716	0.9935689327513914	0.9863004753866127	0.9947184876696785	0.9934387070123852	0.992592908277553	0.974491645388074	0.992939124729384
0.9910532180325778	0.9838573550628347	0.9863322854239472	0.9846130634128892	0.9928620297760535	0.9814311414819812	0.9886067212470839	0.9909168968883918	0.9931186288459366	0.9856715530571966	0.995954519526046	0.9939598753409439	0.9940013820020706	0.9946178231851599	0.9909851277823343	0.9869029447412029	0.9929477840187797	0.9837059033507536	1.0	0.9900168221103791	0.9942081389748129	0.9934787729248884	0.9939598753409439	0.9931186288459366	0.9859374421053074	0.9940635446644911	0.9936469066303892	0.9908941219007165	0.9764268274527934	0.9923427843687349
0.9916385398808649	0.9901315570349737	0.990322693591675	0.9933379029353346	0.9931402415578184	0.9880715467259833	0.9902766048030748	0.9920926443483831	0.9952395439189133	0.9906775230005967	0.9919661225034448	0.9957442396661438	0.9953214674712645	0.9970899722872908	0.9910107718780751	0.9899265138594746	0.9924336407188626	0.991198558486477	0.9900168221103791	1.0	0.9932100789879413	0.9949760206258722	0.9943921571592831	0.9965897210952056	0.9932259822002966	0.9978568474805747	0.9937978244050966	0.9918936063533187	0.9839964166179159	0.9948600675124285
0.9936503246992613	0.993537979772121	0.9937841043163315	0.9935781366895523	0.9937684999181464	0.9905017221598253	0.9934088349329369	0.9933858751707831	0.9920367779633215	0.99330461340106	0.9942710909295487	0.9928671738018015	0.9938251054680254	0.9934840300428563	0.9921779951232104	0.9933625301730512	0.9930578564656252	0.9939565657995029	0.9942081389748129	0.9932100789879413	1.0	0.9931243397909484	0.9925313765145244	0.9918493796898424	0.9923890339262015	0.9926232960716119	0.9944173125239709	0.9945526201724736	0.9866179833706633	0.9930203907001744
0.9948712126753683	0.9932599755825209	0.9939340050894585	0.995755078627962	0.9946986390060149	0.9919638270274032	0.9946976595151261	0.9956726349666716	0.9945919213273305	0.9946008503224992	0.9943819951389257	0.9951810596759485	0.995977805800835	0.9962616313149268	0.9947287089795086	0.9947638549186104	0.9946966884959315	0.9949436908768476	0.9934787729248884	0.9949760206258722	0.9931243397909484	1.0	0.9945068976759862	0.9939921241155267	0.9940047680064901	0.9941789382564106	0.994716176333644	0.9955706712927602	0.9903033887893851	0.9951947894269868
0.9943882407469996	0.9930877285755987	0.9934443265285695	0.9960674188428787	0.9943914839695224	0.9923036238587453	0.9940506854716264	0.9946774987618852	0.9953779562311899	0.993949397068006	0.9948063262897239	0.9951503592936719	0.9942847436946578	0.9970864201586948	0.9943010599070154	0.9940799392958773	0.9941072404265049	0.9938536396921716	0.9939598753409439	0.9943921571592831	0.9925313765145244	0.9945068976759862	1.0	0.9941592183807393	0.9939295898773953	0.9944375206972283	0.9938113766189545	0.9945526201724736	0.9870352773920085	0.9963635324169445
0.993567310155788	0.9921906112956432	0.9925598244422409	0.9955301652172559	0.9936424849515632	0.9910987336453109	0.9933186970607599	0.9942741760582747	0.9944985921563889	0.9929475484990176	0.993952161232701	0.9943287273253222	0.993768117289566	0.9964418479029735	0.9928676416538396	0.9937797638742135	0.9940915861801559	0.9935689327513914	0.9931186288459366	0.9965897210952056	0.9918493796898424	0.9939921241155267	0.9941592183807393	1.0	0.9956169669548034	0.9970363311375361	0.9932874710384402	0.9939298375623586	0.986497777570648	0.9955738867681025
0.9917320501004843	0.9872727664088391	0.9874665266399703	0.9895619147920958	0.9927224548614169	0.9842826376804633	0.9886575479386867	0.9909589859472081	0.994655402138489	0.986685705899292	0.9916918102116314	0.9949486344468226	0.9946369887313024	0.9960610414623934	0.9897216530774529	0.9860162519771031	0.9922309595317418	0.9863004753866127	0.9859374421053074	0.9932259822002966	0.9923890339262015	0.9940047680064901	0.9939295898773953	0.9956169669548034	1.0	0.9973077671834175	0.9932451965083507	0.9907525053295846	0.980897917051442	0.9936840760400218
0.9946788673403246	0.9937714049330025	0.9939340050894585	0.9961782606043784	0.9943914839695224	0.9916420645788847	0.993784757529152	0.9945972258248782	0.9944844442524973	0.9939687413797724	0.9945869807862786	0.9941197494873472	0.9932971443659707	0.9956936368723125	0.993851665460482	0.9942104157296265	0.9948806734663929	0.9947184876696785	0.9940635446644911	0.9978568474805747	0.9926232960716119	0.9941789382564106	0.9944375206972283	0.9970363311375361	0.9973077671834175	1.0	0.9942366922559447	0.9949833553568898	0.9881705899159984	0.9961271216339821
0.9943233095654431	0.9929579525919702	0.9937465228986668	0.9939589227430591	0.993500142656222	0.9903451632167082	0.9931920903616202	0.993701148755461	0.9937807869810228	0.99330461340106	0.9948531407133723	0.9944922814456454	0.9954663069241412	0.9949828697236474	0.9921269641498303	0.9933243378722516	0.9934113586301826	0.9934387070123852	0.9936469066303892	0.9937978244050966	0.9944173125239709	0.994716176333644	0.9938113766189545	0.9932874710384402	0.9932451965083507	0.9942366922559447	1.0	0.993725314036512	0.9860735624021275	0.9930203907001744
0.992113859693234	0.9907628600762322	0.9915105130105009	0.9918082239670707	0.9940146844531064	0.9888547903724729	0.9919927326905621	0.9926833085121414	0.9944691410826155	0.9928876614136677	0.9930866297901675	0.9952946228589867	0.996163661746857	0.9957802285310812	0.9923820098041352	0.9906594681238095	0.9928065796090263	0.992592908277553	0.9908941219007165	0.9918936063533187	0.9945526201724736	0.9955706712927602	0.9945526201724736	0.9939298375623586	0.9907525053295846	0.9949833553568898	0.993725314036512	1.0	0.9845760686470931	0.9936054228731382
0.9848304413454279	0.9767122866291901	0.9805026928014053	0.9739157313553992	0.986647966293421	0.9770354900842821	0.982227621599795	0.9848937277102823	0.9872713760123887	0.9792499613454673	0.9851142742153197	0.9881991919205758	0.9885970342797195	0.988878295036773	0.9853645268151874	0.9808621843633364	0.9857055403005468	0.974491645388074	0.9764268274527934	0.9839964166179159	0.9866179833706633	0.9903033887893851	0.9870352773920085	0.986497777570648	0.980897917051442	0.9881705899159984	0.9860735624021275	0.9845760686470931	1.0	0.9870648825314335
0.9925374082264	0.9916314022283023	0.991930269471585	0.9963328201108204	0.9935534859016181	0.9912299501492071	0.9933908269775114	0.993701148755461	0.9970484143309642	0.9926470234411701	0.9930918401272097	0.9976770362665212	0.9955889609433622	0.9992120229729183	0.9929673706299335	0.9925510897662092	0.9926601638361012	0.992939124729384	0.9923427843687349	0.9948600675124285	0.9930203907001744	0.9951947894269868	0.9963635324169445	0.9955738867681025	0.9936840760400218	0.9961271216339821	0.9930203907001744	0.9936054228731382	0.9870648825314335	1.0
