/home/jshaw/scratch/2022_sketched_distance/references/SGB_genome_fastas_part3/4746/ChengpingW_2017__AS116raw__bin.16.fa	/home/jshaw/scratch/2022_sketched_distance/references/SGB_genome_fastas_part3/4746/CosteaPI_2017__donald4-11-7-0__bin.26.fa	/home/jshaw/scratch/2022_sketched_distance/references/SGB_genome_fastas_part3/4746/CosteaPI_2017__SID713A037-11-0-0__bin.26.fa	/home/jshaw/scratch/2022_sketched_distance/references/SGB_genome_fastas_part3/4746/FengQ_2015__SID531775__bin.44.fa	/home/jshaw/scratch/2022_sketched_distance/references/SGB_genome_fastas_part3/4746/LeChatelierE_2013__MH0088__bin.44.fa	/home/jshaw/scratch/2022_sketched_distance/references/SGB_genome_fastas_part3/4746/LiJ_2014__V1.CD1-3-PN__bin.53.fa	/home/jshaw/scratch/2022_sketched_distance/references/SGB_genome_fastas_part3/4746/LiJ_2014__V1.CD32-0__bin.41.fa	/home/jshaw/scratch/2022_sketched_distance/references/SGB_genome_fastas_part3/4746/LiJ_2014__V1.CD32-4__bin.69.fa	/home/jshaw/scratch/2022_sketched_distance/references/SGB_genome_fastas_part3/4746/LiJ_2014__V1.CD48-0__bin.41.fa	/home/jshaw/scratch/2022_sketched_distance/references/SGB_genome_fastas_part3/4746/LiJ_2014__V1.FI21__bin.16.fa	/home/jshaw/scratch/2022_sketched_distance/references/SGB_genome_fastas_part3/4746/LiuW_2016__SRR3992985__bin.31.fa	/home/jshaw/scratch/2022_sketched_distance/references/SGB_genome_fastas_part3/4746/LiuW_2016__SRR3992999__bin.9.fa	/home/jshaw/scratch/2022_sketched_distance/references/SGB_genome_fastas_part3/4746/LoombaR_2017__SID1052_baz__bin.27.fa	/home/jshaw/scratch/2022_sketched_distance/references/SGB_genome_fastas_part3/4746/LoombaR_2017__SID5362_xgk__bin.32.fa	/home/jshaw/scratch/2022_sketched_distance/references/SGB_genome_fastas_part3/4746/LoombaR_2017__SID5631_soh__bin.8.fa	/home/jshaw/scratch/2022_sketched_distance/references/SGB_genome_fastas_part3/4746/LouisS_2016__AS51_18__bin.6.fa	/home/jshaw/scratch/2022_sketched_distance/references/SGB_genome_fastas_part3/4746/NielsenHB_2014__MH0088__bin.3.fa	/home/jshaw/scratch/2022_sketched_distance/references/SGB_genome_fastas_part3/4746/Obregon-TitoAJ_2015__NO01__bin.17.fa	/home/jshaw/scratch/2022_sketched_distance/references/SGB_genome_fastas_part3/4746/QinJ_2012__DOM010__bin.30.fa	/home/jshaw/scratch/2022_sketched_distance/references/SGB_genome_fastas_part3/4746/QinJ_2012__NOM004__bin.11.fa	/home/jshaw/scratch/2022_sketched_distance/references/SGB_genome_fastas_part3/4746/SchirmerM_2016__G88882__bin.19.fa	/home/jshaw/scratch/2022_sketched_distance/references/SGB_genome_fastas_part3/4746/VatanenT_2016__G80466__bin.21.fa	/home/jshaw/scratch/2022_sketched_distance/references/SGB_genome_fastas_part3/4746/VogtmannE_2016__MMRS24340226ST-27-0-0__bin.31.fa	/home/jshaw/scratch/2022_sketched_distance/references/SGB_genome_fastas_part3/4746/VogtmannE_2016__MMRS31306426ST-27-0-0__bin.18.fa	/home/jshaw/scratch/2022_sketched_distance/references/SGB_genome_fastas_part3/4746/VogtmannE_2016__MMRS39415781ST-27-0-0__bin.24.fa	/home/jshaw/scratch/2022_sketched_distance/references/SGB_genome_fastas_part3/4746/VogtmannE_2016__MMRS42780924ST-27-0-0__bin.45.fa	/home/jshaw/scratch/2022_sketched_distance/references/SGB_genome_fastas_part3/4746/VogtmannE_2016__MMRS62376181ST-27-0-0__bin.49.fa	/home/jshaw/scratch/2022_sketched_distance/references/SGB_genome_fastas_part3/4746/VogtmannE_2016__MMRS68910755ST-27-0-0__bin.12.fa	/home/jshaw/scratch/2022_sketched_distance/references/SGB_genome_fastas_part3/4746/XieH_2016__YSZC12003_35551__bin.8.fa	/home/jshaw/scratch/2022_sketched_distance/references/SGB_genome_fastas_part3/4746/XieH_2016__YSZC12003_35704__bin.22.fa	/home/jshaw/scratch/2022_sketched_distance/references/SGB_genome_fastas_part3/4746/XieH_2016__YSZC12003_37277__bin.2.fa	/home/jshaw/scratch/2022_sketched_distance/references/SGB_genome_fastas_part3/4746/YuJ_2015__SZAXPI015237-23__bin.17.fa	/home/jshaw/scratch/2022_sketched_distance/references/SGB_genome_fastas_part3/4746/YuJ_2015__SZAXPI015257-56__bin.48.fa	/home/jshaw/scratch/2022_sketched_distance/references/SGB_genome_fastas_part3/4746/YuJ_2015__SZAXPI017463-36__bin.18.fa	/home/jshaw/scratch/2022_sketched_distance/references/SGB_genome_fastas_part3/4746/ZellerG_2014__CCIS98512455ST-4-0__bin.12.fa
1.0	0.9931305671653217	0.9919572568787024	0.9789321742987142	0.9914082765848136	0.990743842053941	0.9792844433556903	0.979532726847932	0.986038398145235	0.9930101537204311	0.9929508146166199	0.9879178341941258	0.9811816053332211	0.9908826002026826	0.9898076322740708	0.9792560317610727	0.9915188798912044	0.9879454901417534	0.9863043142708398	0.9914883929340614	0.9931435142320881	0.9895697068703916	0.9927605597270851	0.9848551094658446	0.9923019498974267	0.9889813666518337	0.9898583506099783	0.9899295944620701	0.9805125652376244	0.9893883084275251	0.9790282861631786	0.9925448397553809	0.9949850201284085	0.9918941738211549	0.9781486557598266
0.9931305671653217	1.0	0.9916350930364765	0.978735831746838	0.991555608512477	0.9906604290907254	0.9788043072168878	0.9788300562555684	0.9864222080293669	0.9917791125970211	0.9927234062592108	0.9875739147160905	0.9828217361669522	0.9909923211700862	0.9883196495767599	0.9779944626519936	0.9913263762222124	0.9877456252327773	0.9860117474943778	0.992875566802445	0.992445766285003	0.9894719428764208	0.9926597923430784	0.9854381559965077	0.9920545389910306	0.9892228431550647	0.9896721237103411	0.9867288227432278	0.980276917438121	0.9897003786122411	0.978876212076633	0.9919306667100508	0.9922858743938333	0.9920601781800726	0.9779668283024976
0.9919572568787024	0.9916350930364765	1.0	0.9777099630455208	0.9902338903643327	0.9901331175601998	0.9787484372408326	0.979104303052146	0.985092200273811	0.9908695483347946	0.9922304515707766	0.9865365887651235	0.9797642406609609	0.9898218909553982	0.987628209246192	0.9779467495470219	0.9905536610909648	0.9867424753367088	0.9851125657495144	0.9909112506240966	0.9916920578827025	0.9889914632256624	0.9919818948297671	0.9835721472820744	0.9918682647390243	0.9882177976172263	0.9887302315002449	0.9878701734695918	0.9797476455395319	0.9886113580847742	0.9783048676207694	0.9918613875132202	0.9920349341591176	0.9909370452572672	0.9775183512407066
0.9789321742987142	0.978735831746838	0.9777099630455208	1.0	0.9769168920677541	0.9775976139212504	0.9845264094749292	0.9849111364637363	0.9755897665383743	0.9775313383982921	0.9785454464208319	0.9742192764376132	0.9667567296584705	0.9760168520852316	0.9756801520826772	0.9846430170721634	0.977132142967443	0.9778451469315346	0.9722974754556287	0.9768829841789242	0.9790710111497449	0.9758924677700419	0.9792093001373493	0.9783961018751991	0.9779104502959836	0.9748074322021663	0.9786365941729671	0.9733897123998906	0.974732325496557	0.9754256637022153	0.9867384847712592	0.9782175513645208	0.9785025342494389	0.9778827125197489	0.9858625426561006
0.9914082765848136	0.991555608512477	0.9902338903643327	0.9769168920677541	1.0	0.9897360585986568	0.9776940913459942	0.9779929131000925	0.9843997273372437	0.9911431772391442	0.9907765179127597	0.9858640618357437	0.9791886788086434	0.9888330125905092	0.9872120896594939	0.97709747135497	0.9955095502994729	0.9854576831372828	0.9847146876468957	0.9896012283304927	0.9911502139619244	0.9889666477868031	0.9910550666290708	0.9830377858580618	0.9902490239721742	0.9876291457943986	0.9881588223538552	0.9861608867702336	0.9791821125742876	0.9880645660921983	0.9771714405066793	0.9902297974091503	0.9906032404293602	0.9905642613508908	0.9770662031886004
0.990743842053941	0.9906604290907254	0.9901331175601998	0.9775976139212504	0.9897360585986568	1.0	0.9774128543372096	0.977923684370707	0.9836802475532231	0.990180797172617	0.9904358893861894	0.9864801389829085	0.9807476427485394	0.9884944109993209	0.9885757674167102	0.9779911264946132	0.9905281967569627	0.9852756541846145	0.9851183790594393	0.9886270536301098	0.991085679409919	0.9886146976348301	0.9907649817694969	0.9821586763845654	0.9896200692133852	0.9876544632076674	0.9881271269781747	0.9871421948988577	0.9803592111748424	0.9877926302411492	0.9780188058635703	0.9897404790949117	0.9898871184981533	0.9904903713918866	0.976828889127844
0.9792844433556903	0.9788043072168878	0.9787484372408326	0.9845264094749292	0.9776940913459942	0.9774128543372096	1.0	0.9978574681415385	0.9763629001430316	0.9782331012672061	0.9787877222957588	0.9744826032190589	0.9663957245190917	0.9768226519757353	0.9757466361355377	0.9838696363872671	0.977567368370982	0.9776318300112254	0.973494695516905	0.9776625469834732	0.9791691251866075	0.9763006405113152	0.9794664469239677	0.9768779902275448	0.9786753647719536	0.9751013987340599	0.9782526501544748	0.9733406538167416	0.9744543101116943	0.9755957292896412	0.9857122097757798	0.9786111557959652	0.9789275223968916	0.9781890643579488	0.9864145043041536
0.979532726847932	0.9788300562555684	0.979104303052146	0.9849111364637363	0.9779929131000925	0.977923684370707	0.9978574681415385	1.0	0.9765315008625434	0.9785131806638192	0.9793066088046127	0.9750604724665131	0.9665256724637908	0.9770157699663093	0.97631208536571	0.9843800630567558	0.9780058540001206	0.977914454675179	0.9735726719744855	0.9781941677421783	0.9795915056106156	0.9768665570871825	0.9798966916825416	0.9769819749123156	0.979208367637467	0.9753982869358357	0.9783047024273583	0.9746392833777476	0.9748022743532828	0.9758162394921168	0.9861786768717586	0.9790401281149967	0.9793551918764828	0.9785482557843271	0.9865848687333678
0.986038398145235	0.9864222080293669	0.985092200273811	0.9755897665383743	0.9843997273372437	0.9836802475532231	0.9763629001430316	0.9765315008625434	1.0	0.9852300594602861	0.9858222521079476	0.9809021382509887	0.9743948104024888	0.9837206245882489	0.9818919180104104	0.9755172065760483	0.9845927111949625	0.9917509933920915	0.9799715138677617	0.9847927808775927	0.9862736993309357	0.9832552732933549	0.9858888150529966	0.9837514856187191	0.9852137463168532	0.9817349858529958	0.987484054801426	0.9800420575612825	0.9749828106390646	0.9823172771368842	0.9766540281350251	0.9853809971675994	0.9854397513248669	0.9850152756259816	0.9763923600641319
0.9930101537204311	0.9917791125970211	0.9908695483347946	0.9775313383982921	0.9911431772391442	0.990180797172617	0.9782331012672061	0.9785131806638192	0.9852300594602861	1.0	0.9920184065389397	0.9873413981248665	0.9812649038794677	0.9898270535449084	0.9891723652974012	0.9777997900701545	0.9920410071387425	0.9866851691658327	0.9865289569958725	0.9898556177198188	0.9923256411658101	0.989655736165903	0.9917448647618542	0.9834006250698946	0.9905602518678668	0.9884016242344759	0.9892377070924827	0.9882103274496112	0.9817291697042634	0.9894388424729074	0.9776018887291789	0.9908851766278454	0.9921467133924782	0.9910096881227758	0.9773629189508838
0.9929508146166199	0.9927234062592108	0.9922304515707766	0.9785454464208319	0.9907765179127597	0.9904358893861894	0.9787877222957588	0.9793066088046127	0.9858222521079476	0.9920184065389397	1.0	0.9915346776422427	0.9807933750624822	0.9901012632944499	0.9886420506822857	0.9788335989236884	0.9908756006186004	0.9877480983558053	0.9861574616336372	0.9913304789990751	0.9929359244428081	0.9898917833517646	0.9935457362360086	0.9845103558652126	0.9921802820487385	0.9888468798894727	0.9898150147777762	0.9874836882118757	0.9803976894846592	0.9897469506854425	0.9785285085287322	0.9926590526519313	0.992966861744419	0.9920423369932957	0.9780091741008985
0.9879178341941258	0.9875739147160905	0.9865365887651235	0.9742192764376132	0.9858640618357437	0.9864801389829085	0.9744826032190589	0.9750604724665131	0.9809021382509887	0.9873413981248665	0.9915346776422427	1.0	0.9777953084077685	0.9848340305725627	0.9853718315438974	0.9752105827783268	0.9863953635496522	0.9825000867490483	0.9826716772782841	0.9859073808366277	0.9880226976151636	0.9860919092353462	0.9883117728251511	0.9799056532765682	0.9864995820081851	0.9840804239838888	0.9853834574062625	0.9825860828445842	0.9767245773331887	0.9851634497732104	0.9742392875637129	0.9869890845357676	0.9871338456869065	0.9869700322551727	0.9735710907115954
0.9811816053332211	0.9828217361669522	0.9797642406609609	0.9667567296584705	0.9791886788086434	0.9807476427485394	0.9663957245190917	0.9665256724637908	0.9743948104024888	0.9812649038794677	0.9807933750624822	0.9777953084077685	1.0	0.9790151594450929	0.9801386086735261	0.9670471159695838	0.9804442211593101	0.9766107787526713	0.9766615884955151	0.9797276951585204	0.9810867960853774	0.9799347121862915	0.980442962000137	0.973328185411511	0.9793349681863924	0.9781058790669706	0.9794259902297159	0.976261689254198	0.9720775643796523	0.978665347899721	0.9670663172526083	0.9794529860223188	0.9794758675292745	0.9808147468070747	0.9661275701893823
0.9908826002026826	0.9909923211700862	0.9898218909553982	0.9760168520852316	0.9888330125905092	0.9884944109993209	0.9768226519757353	0.9770157699663093	0.9837206245882489	0.9898270535449084	0.9901012632944499	0.9848340305725627	0.9790151594450929	1.0	0.9863125144881791	0.9762577614497122	0.9889891471612551	0.9851845722501716	0.9840614991819173	0.9894229545536969	0.99022565094678	0.9874918647038282	0.9898185318863332	0.9817908195680044	0.9911508930269739	0.9867990546010765	0.9869298068559608	0.9849312181709206	0.9782917321326826	0.9874138127359702	0.9767766141439809	0.9896121927122297	0.9903492539631313	0.9913473282421247	0.976016278893073
0.9898076322740708	0.9883196495767599	0.987628209246192	0.9756801520826772	0.9872120896594939	0.9885757674167102	0.9757466361355377	0.97631208536571	0.9818919180104104	0.9891723652974012	0.9886420506822857	0.9853718315438974	0.9801386086735261	0.9863125144881791	1.0	0.9762535033111096	0.9883869728127582	0.9840717610483098	0.9848379994995212	0.9865525193221115	0.9896155158272176	0.9877773561719576	0.9892990444955323	0.9809562582402427	0.9875865949671787	0.9857852600401933	0.9863226032820579	0.9863498347662957	0.9804432406809207	0.9866678321969425	0.9761232669253085	0.9877989808309832	0.9892843162425282	0.9883945891823976	0.9753627080430931
0.9792560317610727	0.9779944626519936	0.9779467495470219	0.9846430170721634	0.97709747135497	0.9779911264946132	0.9838696363872671	0.9843800630567558	0.9755172065760483	0.9777997900701545	0.9788335989236884	0.9752105827783268	0.9670471159695838	0.9762577614497122	0.9762535033111096	1.0	0.9776146674015646	0.9773079154372741	0.9722996527122197	0.9766568097266602	0.9794193770325124	0.97682748325814	0.9793571021518356	0.9765476275001539	0.9781246957260238	0.9749664486190835	0.9776322688592788	0.9744117512315055	0.9745128141003807	0.975247244370299	0.9860404588980128	0.9785897532781979	0.9788709858875737	0.9781561686728957	0.9856734823931587
0.9915188798912044	0.9913263762222124	0.9905536610909648	0.977132142967443	0.9955095502994729	0.9905281967569627	0.977567368370982	0.9780058540001206	0.9845927111949625	0.9920410071387425	0.9908756006186004	0.9863953635496522	0.9804442211593101	0.9889891471612551	0.9883869728127582	0.9776146674015646	1.0	0.9860220471166946	0.9855073920645269	0.9895672582189373	0.9913646218054073	0.9895879254316764	0.991309386488664	0.9820945240338159	0.9900432084877344	0.9882247975308204	0.9883119561764254	0.9872647092830739	0.9804371079567074	0.9889004620058227	0.9777072786942655	0.9901738923974648	0.990556872707309	0.9906881538085677	0.9778033331500727
0.9879454901417534	0.9877456252327773	0.9867424753367088	0.9778451469315346	0.9854576831372828	0.9852756541846145	0.9776318300112254	0.977914454675179	0.9917509933920915	0.9866851691658327	0.9877480983558053	0.9825000867490483	0.9766107787526713	0.9851845722501716	0.9840717610483098	0.9773079154372741	0.9860220471166946	1.0	0.980611595969075	0.9860721374490723	0.9876499929396253	0.9847195632347568	0.9879057673119661	0.984436178006667	0.9870487302869367	0.9836948022410574	0.9898877838958973	0.9829132673729861	0.9769199428081525	0.9843345913031595	0.9780628329260058	0.9875398436520927	0.9873650521024483	0.9870170779327467	0.977904558540086
0.9863043142708398	0.9860117474943778	0.9851125657495144	0.9722974754556287	0.9847146876468957	0.9851183790594393	0.973494695516905	0.9735726719744855	0.9799715138677617	0.9865289569958725	0.9861574616336372	0.9826716772782841	0.9766615884955151	0.9840614991819173	0.9848379994995212	0.9722996527122197	0.9855073920645269	0.980611595969075	1.0	0.9841125312060924	0.986790798095305	0.9845435093285945	0.9856797245224693	0.977490920021764	0.985219558900013	0.9819700409577908	0.9831347290064543	0.9803740208570999	0.9758211960642555	0.9835622043395242	0.9729278192134415	0.9850183142835113	0.9852107973658866	0.9856997863553667	0.9725178399762151
0.9914883929340614	0.992875566802445	0.9909112506240966	0.9768829841789242	0.9896012283304927	0.9886270536301098	0.9776625469834732	0.9781941677421783	0.9847927808775927	0.9898556177198188	0.9913304789990751	0.9859073808366277	0.9797276951585204	0.9894229545536969	0.9865525193221115	0.9766568097266602	0.9895672582189373	0.9860721374490723	0.9841125312060924	1.0	0.9908861743871056	0.9878702626728753	0.9908449943550207	0.9830470016831566	0.9916591844748213	0.9873488000545175	0.9878211834480118	0.9854132145081125	0.9781851419248345	0.9879625791478562	0.9770781359940623	0.9907932893530903	0.9913321675839281	0.9905914860506592	0.9763795678674843
0.9931435142320881	0.992445766285003	0.9916920578827025	0.9790710111497449	0.9911502139619244	0.991085679409919	0.9791691251866075	0.9795915056106156	0.9862736993309357	0.9923256411658101	0.9929359244428081	0.9880226976151636	0.9810867960853774	0.99022565094678	0.9896155158272176	0.9794193770325124	0.9913646218054073	0.9876499929396253	0.986790798095305	0.9908861743871056	1.0	0.9897913448065807	0.9926664552722778	0.984771281350559	0.9920971451282546	0.9887301974661696	0.9897525980199747	0.9881196351747512	0.9810656607565951	0.9895950327903781	0.9795253610147392	0.9920151090737978	0.9924334929442761	0.9916323004149873	0.9787838937067108
0.9895697068703916	0.9894719428764208	0.9889914632256624	0.9758924677700419	0.9889666477868031	0.9886146976348301	0.9763006405113152	0.9768665570871825	0.9832552732933549	0.989655736165903	0.9898917833517646	0.9860919092353462	0.9799347121862915	0.9874918647038282	0.9877773561719576	0.97682748325814	0.9895879254316764	0.9847195632347568	0.9845435093285945	0.9878702626728753	0.9897913448065807	1.0	0.9894797352448766	0.9816562433330537	0.9892900609489761	0.9859899832187925	0.9875127131350163	0.9845475700002226	0.9790636589827992	0.9871929908607812	0.9767965493028258	0.9887813054808021	0.9890083684767207	0.9899929993651851	0.9758156717783998
0.9927605597270851	0.9926597923430784	0.9919818948297671	0.9792093001373493	0.9910550666290708	0.9907649817694969	0.9794664469239677	0.9798966916825416	0.9858888150529966	0.9917448647618542	0.9935457362360086	0.9883117728251511	0.980442962000137	0.9898185318863332	0.9892990444955323	0.9793571021518356	0.991309386488664	0.9879057673119661	0.9856797245224693	0.9908449943550207	0.9926664552722778	0.9894797352448766	1.0	0.9846710459084915	0.991760632046959	0.9888421992280721	0.9901189700248256	0.987971591917973	0.9810838468016475	0.9893697213418031	0.9795033373420924	0.9919570017691531	0.9924544833921933	0.9914192512162107	0.9785128584071825
0.9848551094658446	0.9854381559965077	0.9835721472820744	0.9783961018751991	0.9830377858580618	0.9821586763845654	0.9768779902275448	0.9769819749123156	0.9837514856187191	0.9834006250698946	0.9845103558652126	0.9799056532765682	0.973328185411511	0.9817908195680044	0.9809562582402427	0.9765476275001539	0.9820945240338159	0.984436178006667	0.977490920021764	0.9830470016831566	0.984771281350559	0.9816562433330537	0.9846710459084915	1.0	0.9837854898473086	0.980056159882044	0.9838018702083403	0.9786008979580622	0.9746410126729003	0.9808662064884801	0.9772673895238526	0.9839644087115798	0.9846875610714311	0.9838452469842611	0.9763344326208416
0.9923019498974267	0.9920545389910306	0.9918682647390243	0.9779104502959836	0.9902490239721742	0.9896200692133852	0.9786753647719536	0.979208367637467	0.9852137463168532	0.9905602518678668	0.9921802820487385	0.9864995820081851	0.9793349681863924	0.9911508930269739	0.9875865949671787	0.9781246957260238	0.9900432084877344	0.9870487302869367	0.985219558900013	0.9916591844748213	0.9920971451282546	0.9892900609489761	0.991760632046959	0.9837854898473086	1.0	0.9878802646383266	0.9886234477770268	0.9864149610087772	0.9794948202697895	0.9887792115861668	0.9779326868025328	0.9919096007050537	0.9923636911062212	0.992151767961962	0.9775574246992728
0.9889813666518337	0.9892228431550647	0.9882177976172263	0.9748074322021663	0.9876291457943986	0.9876544632076674	0.9751013987340599	0.9753982869358357	0.9817349858529958	0.9884016242344759	0.9888468798894727	0.9840804239838888	0.9781058790669706	0.9867990546010765	0.9857852600401933	0.9749664486190835	0.9882247975308204	0.9836948022410574	0.9819700409577908	0.9873488000545175	0.9887301974661696	0.9859899832187925	0.9888421992280721	0.980056159882044	0.9878802646383266	1.0	0.9866981284029194	0.9835893392541168	0.9779448177049559	0.9863736014600452	0.9749358237682384	0.9885004158707482	0.9883964467973607	0.9880986007045349	0.9741372089444299
0.9898583506099783	0.9896721237103411	0.9887302315002449	0.9786365941729671	0.9881588223538552	0.9881271269781747	0.9782526501544748	0.9783047024273583	0.987484054801426	0.9892377070924827	0.9898150147777762	0.9853834574062625	0.9794259902297159	0.9869298068559608	0.9863226032820579	0.9776322688592788	0.9883119561764254	0.9898877838958973	0.9831347290064543	0.9878211834480118	0.9897525980199747	0.9875127131350163	0.9901189700248256	0.9838018702083403	0.9886234477770268	0.9866981284029194	1.0	0.9846648463010933	0.978976646652713	0.9870799082225179	0.9784141956301551	0.9889925478028179	0.9890593837350202	0.9888995536991411	0.9778999100420428
0.9899295944620701	0.9867288227432278	0.9878701734695918	0.9733897123998906	0.9861608867702336	0.9871421948988577	0.9733406538167416	0.9746392833777476	0.9800420575612825	0.9882103274496112	0.9874836882118757	0.9825860828445842	0.976261689254198	0.9849312181709206	0.9863498347662957	0.9744117512315055	0.9872647092830739	0.9829132673729861	0.9803740208570999	0.9854132145081125	0.9881196351747512	0.9845475700002226	0.987971591917973	0.9786008979580622	0.9864149610087772	0.9835893392541168	0.9846648463010933	1.0	0.9765014857514615	0.9839648070304995	0.9739014457185052	0.9866870242706606	0.9899971610928111	0.9863721165859111	0.9735777926066067
0.9805125652376244	0.980276917438121	0.9797476455395319	0.974732325496557	0.9791821125742876	0.9803592111748424	0.9744543101116943	0.9748022743532828	0.9749828106390646	0.9817291697042634	0.9803976894846592	0.9767245773331887	0.9720775643796523	0.9782917321326826	0.9804432406809207	0.9745128141003807	0.9804371079567074	0.9769199428081525	0.9758211960642555	0.9781851419248345	0.9810656607565951	0.9790636589827992	0.9810838468016475	0.9746410126729003	0.9794948202697895	0.9779448177049559	0.978976646652713	0.9765014857514615	1.0	0.9788315362154233	0.9757222496593276	0.9795788973808719	0.9801192878770556	0.9800828161733657	0.9754103064949838
0.9893883084275251	0.9897003786122411	0.9886113580847742	0.9754256637022153	0.9880645660921983	0.9877926302411492	0.9755957292896412	0.9758162394921168	0.9823172771368842	0.9894388424729074	0.9897469506854425	0.9851634497732104	0.978665347899721	0.9874138127359702	0.9866678321969425	0.975247244370299	0.9889004620058227	0.9843345913031595	0.9835622043395242	0.9879625791478562	0.9895950327903781	0.9871929908607812	0.9893697213418031	0.9808662064884801	0.9887792115861668	0.9863736014600452	0.9870799082225179	0.9839648070304995	0.9788315362154233	1.0	0.975634775725305	0.9885776923590295	0.9891565162940615	0.9892810682272151	0.9750310535726193
0.9790282861631786	0.978876212076633	0.9783048676207694	0.9867384847712592	0.9771714405066793	0.9780188058635703	0.9857122097757798	0.9861786768717586	0.9766540281350251	0.9776018887291789	0.9785285085287322	0.9742392875637129	0.9670663172526083	0.9767766141439809	0.9761232669253085	0.9860404588980128	0.9777072786942655	0.9780628329260058	0.9729278192134415	0.9770781359940623	0.9795253610147392	0.9767965493028258	0.9795033373420924	0.9772673895238526	0.9779326868025328	0.9749358237682384	0.9784141956301551	0.9739014457185052	0.9757222496593276	0.975634775725305	1.0	0.9781767604070968	0.9782677122953986	0.9782330970144529	0.9876845605448437
0.9925448397553809	0.9919306667100508	0.9918613875132202	0.9782175513645208	0.9902297974091503	0.9897404790949117	0.9786111557959652	0.9790401281149967	0.9853809971675994	0.9908851766278454	0.9926590526519313	0.9869890845357676	0.9794529860223188	0.9896121927122297	0.9877989808309832	0.9785897532781979	0.9901738923974648	0.9875398436520927	0.9850183142835113	0.9907932893530903	0.9920151090737978	0.9887813054808021	0.9919570017691531	0.9839644087115798	0.9919096007050537	0.9885004158707482	0.9889925478028179	0.9866870242706606	0.9795788973808719	0.9885776923590295	0.9781767604070968	1.0	0.9926944508410003	0.9910827437461579	0.9777815017396903
0.9949850201284085	0.9922858743938333	0.9920349341591176	0.9785025342494389	0.9906032404293602	0.9898871184981533	0.9789275223968916	0.9793551918764828	0.9854397513248669	0.9921467133924782	0.992966861744419	0.9871338456869065	0.9794758675292745	0.9903492539631313	0.9892843162425282	0.9788709858875737	0.990556872707309	0.9873650521024483	0.9852107973658866	0.9913321675839281	0.9924334929442761	0.9890083684767207	0.9924544833921933	0.9846875610714311	0.9923636911062212	0.9883964467973607	0.9890593837350202	0.9899971610928111	0.9801192878770556	0.9891565162940615	0.9782677122953986	0.9926944508410003	1.0	0.9915211324758997	0.978232647082284
0.9918941738211549	0.9920601781800726	0.9909370452572672	0.9778827125197489	0.9905642613508908	0.9904903713918866	0.9781890643579488	0.9785482557843271	0.9850152756259816	0.9910096881227758	0.9920423369932957	0.9869700322551727	0.9808147468070747	0.9913473282421247	0.9883945891823976	0.9781561686728957	0.9906881538085677	0.9870170779327467	0.9856997863553667	0.9905914860506592	0.9916323004149873	0.9899929993651851	0.9914192512162107	0.9838452469842611	0.992151767961962	0.9880986007045349	0.9888995536991411	0.9863721165859111	0.9800828161733657	0.9892810682272151	0.9782330970144529	0.9910827437461579	0.9915211324758997	1.0	0.9770640607483649
0.9781486557598266	0.9779668283024976	0.9775183512407066	0.9858625426561006	0.9770662031886004	0.976828889127844	0.9864145043041536	0.9865848687333678	0.9763923600641319	0.9773629189508838	0.9780091741008985	0.9735710907115954	0.9661275701893823	0.976016278893073	0.9753627080430931	0.9856734823931587	0.9778033331500727	0.977904558540086	0.9725178399762151	0.9763795678674843	0.9787838937067108	0.9758156717783998	0.9785128584071825	0.9763344326208416	0.9775574246992728	0.9741372089444299	0.9778999100420428	0.9735777926066067	0.9754103064949838	0.9750310535726193	0.9876845605448437	0.9777815017396903	0.978232647082284	0.9770640607483649	1.0
