/home/jshaw/scratch/2022_sketched_distance/references/SGB_genome_fastas_part3/5099/BritoIL_2016__M1.27.ST__bin.3.fa	/home/jshaw/scratch/2022_sketched_distance/references/SGB_genome_fastas_part3/5099/BritoIL_2016__M1.57.ST__bin.60.fa	/home/jshaw/scratch/2022_sketched_distance/references/SGB_genome_fastas_part3/5099/BritoIL_2016__M1.64.ST__bin.10.fa	/home/jshaw/scratch/2022_sketched_distance/references/SGB_genome_fastas_part3/5099/BritoIL_2016__M2.39.ST__bin.97.fa	/home/jshaw/scratch/2022_sketched_distance/references/SGB_genome_fastas_part3/5099/BritoIL_2016__W1.11.ST__bin.49.fa	/home/jshaw/scratch/2022_sketched_distance/references/SGB_genome_fastas_part3/5099/BritoIL_2016__W1.3.ST__bin.19.fa	/home/jshaw/scratch/2022_sketched_distance/references/SGB_genome_fastas_part3/5099/BritoIL_2016__W1.55.ST__bin.81.fa	/home/jshaw/scratch/2022_sketched_distance/references/SGB_genome_fastas_part3/5099/BritoIL_2016__W2.40.ST__bin.16.fa	/home/jshaw/scratch/2022_sketched_distance/references/SGB_genome_fastas_part3/5099/BritoIL_2016__W2.46.ST__bin.13.fa	/home/jshaw/scratch/2022_sketched_distance/references/SGB_genome_fastas_part3/5099/BritoIL_2016__W2.59.ST__bin.71.fa	/home/jshaw/scratch/2022_sketched_distance/references/SGB_genome_fastas_part3/5099/BritoIL_2016__W2.6.ST__bin.57.fa	/home/jshaw/scratch/2022_sketched_distance/references/SGB_genome_fastas_part3/5099/CM_madagascar__A32_01_1FE__bin.38.fa	/home/jshaw/scratch/2022_sketched_distance/references/SGB_genome_fastas_part3/5099/CM_madagascar__A73_01_1FE__bin.11.fa	/home/jshaw/scratch/2022_sketched_distance/references/SGB_genome_fastas_part3/5099/CM_madagascar__V07_01_2FE__bin.18.fa	/home/jshaw/scratch/2022_sketched_distance/references/SGB_genome_fastas_part3/5099/CosteaPI_2017__SID713A002-11-90-0__bin.13.fa	/home/jshaw/scratch/2022_sketched_distance/references/SGB_genome_fastas_part3/5099/CosteaPI_2017__SID713A084-11-0-0__bin.29.fa	/home/jshaw/scratch/2022_sketched_distance/references/SGB_genome_fastas_part3/5099/CosteaPI_2017__SID713B040-11-90-0__bin.117.fa	/home/jshaw/scratch/2022_sketched_distance/references/SGB_genome_fastas_part3/5099/CosteaPI_2017__SID713B051-11-90-0__bin.31.fa	/home/jshaw/scratch/2022_sketched_distance/references/SGB_genome_fastas_part3/5099/KarlssonFH_2013__S239__bin.11.fa	/home/jshaw/scratch/2022_sketched_distance/references/SGB_genome_fastas_part3/5099/LeChatelierE_2013__MH0053__bin.29.fa	/home/jshaw/scratch/2022_sketched_distance/references/SGB_genome_fastas_part3/5099/LeChatelierE_2013__MH0065__bin.24.fa	/home/jshaw/scratch/2022_sketched_distance/references/SGB_genome_fastas_part3/5099/LeChatelierE_2013__MH0318__bin.72.fa	/home/jshaw/scratch/2022_sketched_distance/references/SGB_genome_fastas_part3/5099/LiJ_2014__MH0329__bin.68.fa	/home/jshaw/scratch/2022_sketched_distance/references/SGB_genome_fastas_part3/5099/LiJ_2014__MH0357__bin.72.fa	/home/jshaw/scratch/2022_sketched_distance/references/SGB_genome_fastas_part3/5099/LiJ_2014__MH0374__bin.7.fa	/home/jshaw/scratch/2022_sketched_distance/references/SGB_genome_fastas_part3/5099/LiJ_2014__MH0390__bin.76.fa	/home/jshaw/scratch/2022_sketched_distance/references/SGB_genome_fastas_part3/5099/LiJ_2017__H3M516751__bin.15.fa	/home/jshaw/scratch/2022_sketched_distance/references/SGB_genome_fastas_part3/5099/LiuW_2016__SRR3992993__bin.100.fa	/home/jshaw/scratch/2022_sketched_distance/references/SGB_genome_fastas_part3/5099/LiuW_2016__SRR3992995__bin.82.fa	/home/jshaw/scratch/2022_sketched_distance/references/SGB_genome_fastas_part3/5099/LiuW_2016__SRR3993057__bin.3.fa	/home/jshaw/scratch/2022_sketched_distance/references/SGB_genome_fastas_part3/5099/NielsenHB_2014__MH0053__bin.26.fa	/home/jshaw/scratch/2022_sketched_distance/references/SGB_genome_fastas_part3/5099/NielsenHB_2014__MH0065__bin.3.fa	/home/jshaw/scratch/2022_sketched_distance/references/SGB_genome_fastas_part3/5099/Obregon-TitoAJ_2015__SM28__bin.26.fa	/home/jshaw/scratch/2022_sketched_distance/references/SGB_genome_fastas_part3/5099/QinJ_2012__T2D-082__bin.3.fa	/home/jshaw/scratch/2022_sketched_distance/references/SGB_genome_fastas_part3/5099/SchirmerM_2016__G88801__bin.10.fa	/home/jshaw/scratch/2022_sketched_distance/references/SGB_genome_fastas_part3/5099/ZeeviD_2015__PNP_Main_113__bin.8.fa	/home/jshaw/scratch/2022_sketched_distance/references/SGB_genome_fastas_part3/5099/ZeeviD_2015__PNP_Main_131__bin.32.fa	/home/jshaw/scratch/2022_sketched_distance/references/SGB_genome_fastas_part3/5099/ZeeviD_2015__PNP_Main_134__bin.24.fa	/home/jshaw/scratch/2022_sketched_distance/references/SGB_genome_fastas_part3/5099/ZeeviD_2015__PNP_Main_172__bin.62.fa	/home/jshaw/scratch/2022_sketched_distance/references/SGB_genome_fastas_part3/5099/ZeeviD_2015__PNP_Main_37__bin.27.fa	/home/jshaw/scratch/2022_sketched_distance/references/SGB_genome_fastas_part3/5099/ZeeviD_2015__PNP_Main_404__bin.46.fa	/home/jshaw/scratch/2022_sketched_distance/references/SGB_genome_fastas_part3/5099/ZeeviD_2015__PNP_Main_609__bin.34.fa	/home/jshaw/scratch/2022_sketched_distance/references/SGB_genome_fastas_part3/5099/ZeeviD_2015__PNP_Main_643__bin.8.fa	/home/jshaw/scratch/2022_sketched_distance/references/SGB_genome_fastas_part3/5099/ZeeviD_2015__PNP_Main_80__bin.57.fa	/home/jshaw/scratch/2022_sketched_distance/references/SGB_genome_fastas_part3/5099/ZeeviD_2015__PNP_Main_81__bin.14.fa	/home/jshaw/scratch/2022_sketched_distance/references/SGB_genome_fastas_part3/5099/ZellerG_2014__CCIS48579360ST-4-0__bin.19.fa	/home/jshaw/scratch/2022_sketched_distance/references/SGB_genome_fastas_part3/5099/ZellerG_2014__CCIS56503244ST-3-0__bin.3.fa
1.0	0.9852808850910638	0.985755240306524	0.9875464395374369	0.9742531652972295	0.9863608222233199	0.9832129605706277	0.983720888451379	0.9855372586498657	0.9882025319212046	0.9855060626749799	0.9807468515730805	0.9802355460191884	0.9808542958411158	0.9854679906385985	0.9846346822157032	0.984216115219345	0.9838890477017829	0.9844067019296469	0.9850394081910621	0.9855296671811077	0.986111339656009	0.9721676139707948	0.9853204306921289	0.9732163148407077	0.9848984952951986	0.9822597932009374	0.9846409036873508	0.9856250018820055	0.9852347549214315	0.9852038259203274	0.9839223453313831	0.9841723469508771	0.9838849625062465	0.980724681981363	0.9848296903179973	0.984638290749166	0.9783933940444822	0.985004120946805	0.9836037174719742	0.9843878542977437	0.9845991131882375	0.9852833495130648	0.9851016865912952	0.9849571496223452	0.98536681149256	0.9843985931100326
0.9852808850910638	1.0	0.9891514247776533	0.9855206315250236	0.9803405952298535	0.9896077068134699	0.982097688337144	0.9851855274734136	0.9914615983289189	0.9906669854815344	0.9887498734664342	0.9835839718393729	0.9802720069211699	0.9836500841521099	0.9876155110990048	0.9879352149990082	0.9884882007816486	0.987130835053771	0.9877532124578524	0.9885328151088757	0.9880484461301503	0.9886397834520595	0.9771856339131808	0.987776965249817	0.9778885363354327	0.9874737416515817	0.9863247726948151	0.9844377108856801	0.988103556562453	0.9871325863787429	0.9878971838732348	0.9862798433443491	0.9866641039687053	0.987556897467335	0.9800678732978252	0.9882204336906578	0.9879293856246141	0.9800352541325273	0.9884876032057079	0.9841777152000712	0.9879196199987528	0.9881184600780899	0.9882520736890452	0.9884014480571757	0.9883123681405372	0.9885727826347842	0.9879286338825207
0.985755240306524	0.9891514247776533	1.0	0.9864479110026331	0.9808603939906537	0.9902551849771603	0.9815757249889565	0.9831081675022592	0.9889345025959411	0.9902963909453839	0.9903454888786611	0.9838770599394597	0.9811569569488443	0.9843081625070496	0.9877245295893118	0.9888678156262656	0.9893285337521276	0.9885906618703499	0.9891234067009321	0.9888617512195866	0.9892724225765351	0.9898734516545257	0.9764857996228882	0.989440920020184	0.9776295601638569	0.9896473694605572	0.9869804019926163	0.9857850334453954	0.9890544726194561	0.988572678164167	0.9886305929199094	0.9873488427348196	0.988035132090604	0.9882975633135189	0.9810361299709657	0.9895054925158017	0.988944743924181	0.9805688653955749	0.9894736266489971	0.9849797376313064	0.9888261668525169	0.9889895812802898	0.9888282456139714	0.9893652891181436	0.9892350525863124	0.9897273273491715	0.9891985384560866
0.9875464395374369	0.9855206315250236	0.9864479110026331	1.0	0.9763471755332722	0.9866228299487991	0.9811715259571957	0.9825126622157575	0.9855883808310676	0.9868430078484525	0.9862359635128205	0.9808185639587889	0.9795675706490361	0.9809699070111506	0.9859305651397395	0.9857265593280296	0.9858778762773077	0.9850224691675947	0.9856704559112239	0.9867538196492895	0.9864314999928511	0.9873173782970871	0.9729766758159095	0.9865660195567838	0.9749249756385603	0.9857404399145795	0.984101862358821	0.984060495020219	0.9866039027471767	0.9868327403283379	0.9869278115689082	0.9851962845603602	0.98514690069238	0.9852351271623189	0.980812696321033	0.9865342618583953	0.98580450907386	0.9785757920794853	0.9865336628900446	0.9838977220113874	0.9854602929644354	0.9859125470807124	0.9860915733258564	0.9864073850788398	0.9864249857136016	0.9866488911782707	0.9857797283432116
0.9742531652972295	0.9803405952298535	0.9808603939906537	0.9763471755332722	1.0	0.9794856193028499	0.9725885766361211	0.9657017229472373	0.9804529463560436	0.9808184455077957	0.9805162166038676	0.9753611885365985	0.9708566689230234	0.9757169670640206	0.9794954241628117	0.9811244638426747	0.980325855014189	0.9808952379920778	0.9824363533439076	0.9811197526752341	0.9801797727641148	0.9814007924740912	0.9902889803333056	0.9806699375320599	0.9857889902619583	0.9811550284700895	0.9790340539534461	0.9772976022545024	0.981665747774023	0.9809652890325196	0.9797909935756093	0.978562472874351	0.9792939198397648	0.9824532473141043	0.9725935484781749	0.9805118960915812	0.9803607189311967	0.973501287703283	0.9808000527164442	0.9755617424762583	0.9795680413873714	0.9812261012410843	0.9801452945134674	0.981578078385295	0.9811547325622232	0.9807289763227369	0.9807099360954193
0.9863608222233199	0.9896077068134699	0.9902551849771603	0.9866228299487991	0.9794856193028499	1.0	0.9825665504595735	0.9830895930591133	0.9904278009382819	0.9909052690695498	0.9898599304122531	0.9841345373814507	0.9805833164397698	0.9845156363135569	0.9875787891484639	0.9883999790931863	0.9891602102269464	0.9882757926587911	0.9889116658401041	0.9887214440627515	0.9892416765964954	0.9898589442212417	0.9762472989834435	0.9893407329005686	0.9770577211273183	0.9891092446117249	0.9864219513705721	0.9856490557090268	0.9891878502359245	0.9880057930184115	0.9885630990525486	0.9870056455892898	0.9877875452027823	0.9879460074973532	0.980690590511982	0.9895612401121903	0.9889153770529666	0.9804042899602826	0.9891997640462317	0.9847541635608955	0.9888322592496708	0.9891376346988741	0.9888884533142296	0.9899923874909087	0.9896947232049979	0.9895378849605392	0.989116731968211
0.9832129605706277	0.982097688337144	0.9815757249889565	0.9811715259571957	0.9725885766361211	0.9825665504595735	1.0	0.9800169604599146	0.9811164553144135	0.9866429168975421	0.9813982240158453	0.9770014414417197	0.9759780140298857	0.9770289828623038	0.9811085832533151	0.9809438826417113	0.9808399804393347	0.9803632567589825	0.9806371477024924	0.9814319012415713	0.9814121894294864	0.9819362618980831	0.9702694976664603	0.9814168719656432	0.9704114190823816	0.9805801007325565	0.978574979560073	0.9799356353774832	0.9816263972543507	0.9818954766921125	0.9816630254360817	0.9808170653563228	0.9796013067250766	0.980094090973957	0.9774002130617017	0.9808492964170449	0.9809340543725626	0.9755320553057171	0.9815063390837245	0.9792199738776709	0.9803763691514463	0.9803242138966481	0.9809197720449881	0.9811555831086328	0.9811458213556392	0.981145175715506	0.9805018456501082
0.983720888451379	0.9851855274734136	0.9831081675022592	0.9825126622157575	0.9657017229472373	0.9830895930591133	0.9800169604599146	1.0	0.9822926336070792	0.9844762770176139	0.9846584397122925	0.9786273021132482	0.9781643784454281	0.978054930537359	0.9837700077562357	0.9829703875715028	0.9823599518742877	0.9809401323080089	0.9815533166474075	0.982905610859594	0.9832958027986526	0.9834889668805223	0.9656694514412328	0.982289530802906	0.9699961783708071	0.9817775766882486	0.9801567345375052	0.9826611428956836	0.9829064960720026	0.9834066903199322	0.9824983422561642	0.9806736425891788	0.9810293165960358	0.9817547106437333	0.9794195383493672	0.9828911076394262	0.9818392503374825	0.9760580428204183	0.9835707156970053	0.9826636681982945	0.9815359935134909	0.9829265837124462	0.9829261457496495	0.9826090140305267	0.9829874462527425	0.9834349543858844	0.9823872447617319
0.9855372586498657	0.9914615983289189	0.9889345025959411	0.9855883808310676	0.9804529463560436	0.9904278009382819	0.9811164553144135	0.9822926336070792	1.0	0.9899260625070888	0.9894041209641281	0.9838106988392396	0.9805201768946767	0.9843670754366192	0.9868855815051839	0.9881253139769455	0.9880515861781239	0.9875683560803382	0.987899231616963	0.9877343495338791	0.9881569437313116	0.9887309226825788	0.9763222924098561	0.9885316745618933	0.9770983024579365	0.9879453246174952	0.985936394141363	0.9845367285726514	0.9882671838238759	0.9875006334027852	0.9878652729610904	0.9867462576276885	0.9873062376956007	0.9872729357884217	0.9798518185886245	0.9885487222508978	0.9885281711322943	0.9797854026866494	0.9883179489863633	0.9838763938403164	0.9881367868689728	0.9877989337740746	0.9881281454998458	0.9887024880418998	0.9883860389697184	0.9885230877559866	0.988664589570563
0.9882025319212046	0.9906669854815344	0.9902963909453839	0.9868430078484525	0.9808184455077957	0.9909052690695498	0.9866429168975421	0.9844762770176139	0.9899260625070888	1.0	0.9893122693690349	0.9847844912344951	0.9813050521152084	0.9853225163488694	0.988596529983704	0.9894685623208948	0.9897194053389723	0.98935330866396	0.9894355053746643	0.9893203874551105	0.9896747528118831	0.9902633939801704	0.9783529282505256	0.9895004634884915	0.9783924371992428	0.9889559688198367	0.9870185830541007	0.985726009200147	0.9895733671517318	0.9885553998654687	0.9889976198016208	0.9877999599532671	0.9880610367160763	0.9885439197199352	0.9815423312606486	0.9899363995171354	0.989316164179403	0.9810794453020091	0.990149659942048	0.9851511545911431	0.9887990058013819	0.9891669790546894	0.9895684639657469	0.9896554827968459	0.9895065261748197	0.9894880410618382	0.9895706321787108
0.9855060626749799	0.9887498734664342	0.9903454888786611	0.9862359635128205	0.9805162166038676	0.9898599304122531	0.9813982240158453	0.9846584397122925	0.9894041209641281	0.9893122693690349	1.0	0.984364845079103	0.9806732854065398	0.9849058247949631	0.9883834251810938	0.9896456608640742	0.990190214945883	0.9888774286202214	0.9898284592311031	0.9894489014643175	0.9893303504580101	0.9907095822441807	0.9780146397360322	0.9901730126193083	0.9782216985101803	0.9895656794768694	0.9873899712554379	0.9867609816036497	0.9899661295069258	0.9891053415448192	0.9892100310484517	0.987501867761728	0.9883814250538603	0.989011429954572	0.9812686664482151	0.9900283366807733	0.9904381856650972	0.9811182583397587	0.9899115295029113	0.9849160648306414	0.9899391704818286	0.9896856727509682	0.9896355733020039	0.9898761026873967	0.989504145926477	0.9907564584760087	0.9900471557455132
0.9807468515730805	0.9835839718393729	0.9838770599394597	0.9808185639587889	0.9753611885365985	0.9841345373814507	0.9770014414417197	0.9786273021132482	0.9838106988392396	0.9847844912344951	0.984364845079103	1.0	0.9837616157879255	0.9983392654420457	0.9840662390506788	0.984222028203705	0.984580410122882	0.9836720682209966	0.9843129203756069	0.9846048950102362	0.9851882511967771	0.9855170386691668	0.9730230518678327	0.9849108380744198	0.9740866414423532	0.9844621112467368	0.982281354728376	0.9815784128928313	0.9845254446992343	0.9843232927453975	0.9848893134608052	0.9833385349238064	0.9836325147103396	0.9840226234114138	0.9769030487902713	0.9847599790454105	0.9846418856284371	0.9797596554658246	0.9848834188777056	0.9805675714484668	0.9840906075176921	0.9849689237471361	0.984890077586586	0.9846362701585566	0.9844952135557349	0.9845187985900243	0.9843513238444392
0.9802355460191884	0.9802720069211699	0.9811569569488443	0.9795675706490361	0.9708566689230234	0.9805833164397698	0.9759780140298857	0.9781643784454281	0.9805201768946767	0.9813050521152084	0.9806732854065398	0.9837616157879255	1.0	0.9839201991758998	0.9817374533359773	0.9803862508241579	0.9807390540506803	0.980235925106614	0.9807883802369189	0.9818472907122321	0.9812965201741393	0.9817652725119447	0.968480843236922	0.9813772917797411	0.9705499037454002	0.9806071583733701	0.9788315118231232	0.9816473874804953	0.9818422210598976	0.9817192733162892	0.981748003011194	0.9798105767652933	0.9802835273672615	0.9805281354242968	0.9774066444723489	0.981169721112142	0.9812699739922731	0.9763490909732735	0.9810621918615962	0.9798732314779248	0.980473830862126	0.9810693659632269	0.9812387907934506	0.9812937150897809	0.9810854701117905	0.981033738182725	0.9805871355976498
0.9808542958411158	0.9836500841521099	0.9843081625070496	0.9809699070111506	0.9757169670640206	0.9845156363135569	0.9770289828623038	0.978054930537359	0.9843670754366192	0.9853225163488694	0.9849058247949631	0.9983392654420457	0.9839201991758998	1.0	0.9843499373674306	0.984853487274562	0.9850345768810805	0.9843280899703846	0.9849649130116871	0.9849944023371643	0.9856168242281054	0.9861151121223899	0.9733216890161025	0.9855228406834678	0.9746967295475776	0.9849685065225198	0.9828421349408692	0.9816977816919983	0.9851767775810665	0.9848217644480659	0.9852755277995745	0.9835262771530525	0.9841468618662084	0.9845230753998507	0.976966117484113	0.9853948557677775	0.9850982481830095	0.9796468100823523	0.9854334719543475	0.9808698287542544	0.9846547509863579	0.9852769828136907	0.9855124765897196	0.985259781356579	0.9852715967592136	0.9850079763285483	0.9848543297561091
0.9854679906385985	0.9876155110990048	0.9877245295893118	0.9859305651397395	0.9794954241628117	0.9875787891484639	0.9811085832533151	0.9837700077562357	0.9868855815051839	0.988596529983704	0.9883834251810938	0.9840662390506788	0.9817374533359773	0.9843499373674306	1.0	0.9900206716592792	0.9900418198123666	0.9889957578362801	0.9900269668773664	0.9895399748437255	0.9902142670338586	0.9906773378485464	0.9785489691121213	0.9896653619903261	0.9786996477919694	0.9899268956489782	0.9880931857720019	0.9879808631344363	0.9904093469973576	0.9901377687131345	0.9895419349522271	0.9883770634965952	0.9886768464356138	0.9893079384363407	0.9835740632499133	0.9907288497040718	0.9889177431421273	0.9816041319578398	0.9904413587868425	0.9868497374565505	0.9896435526571665	0.9904895151238932	0.9905514794667114	0.9904623347216328	0.9905533071138386	0.9904677391068379	0.9894950289237099
0.9846346822157032	0.9879352149990082	0.9888678156262656	0.9857265593280296	0.9811244638426747	0.9883999790931863	0.9809438826417113	0.9829703875715028	0.9881253139769455	0.9894685623208948	0.9896456608640742	0.984222028203705	0.9803862508241579	0.984853487274562	0.9900206716592792	1.0	0.9909460669573417	0.9897094882968239	0.9912189707273008	0.9906675629294549	0.9911178422632976	0.9918887640190414	0.9803268576042671	0.9918976963154177	0.980352681542214	0.9905536536511385	0.989037840569069	0.9877469135402458	0.9909581323172374	0.9907721956226205	0.990795002062238	0.9890203797643526	0.9893061864535302	0.9907261038911397	0.9837621881264801	0.9916793419393551	0.9902617452465347	0.9819311210589303	0.9912065711785393	0.9868194920404071	0.9907138672351598	0.9912812550307496	0.9915856888577421	0.9906552523831249	0.991006534652118	0.9916974185595976	0.9909570872782257
0.984216115219345	0.9884882007816486	0.9893285337521276	0.9858778762773077	0.980325855014189	0.9891602102269464	0.9808399804393347	0.9823599518742877	0.9880515861781239	0.9897194053389723	0.990190214945883	0.984580410122882	0.9807390540506803	0.9850345768810805	0.9900418198123666	0.9909460669573417	1.0	0.9910355425961987	0.9909209037357753	0.9907868699988005	0.9910817980143224	0.9919588431661369	0.9792150416749952	0.9911425780873364	0.9788252481405076	0.9902978852418091	0.9887155102469171	0.9874204378285288	0.9911706677128327	0.9902761706353508	0.9905742569066797	0.9889097467782771	0.9895466339429054	0.9902030246995167	0.9827322327528232	0.9913623106357329	0.9904944381229731	0.981519851836304	0.9913671440485721	0.9861093270499747	0.9906103764014228	0.9917577581328115	0.9912478117753246	0.9908895432999246	0.9908223225144489	0.9916916969273799	0.9914718288024564
0.9838890477017829	0.987130835053771	0.9885906618703499	0.9850224691675947	0.9808952379920778	0.9882757926587911	0.9803632567589825	0.9809401323080089	0.9875683560803382	0.98935330866396	0.9888774286202214	0.9836720682209966	0.980235925106614	0.9843280899703846	0.9889957578362801	0.9897094882968239	0.9910355425961987	1.0	0.9898946280230738	0.9901283171378589	0.9905820952463782	0.9911958099802279	0.9792319924966464	0.9904482195677411	0.9792319924966464	0.9899795509907532	0.9876352069579699	0.9870565367950745	0.9908049414134331	0.989713482994988	0.9897530809161651	0.9886404575629307	0.989104355400278	0.9897581170959595	0.981579647416503	0.9906949344466804	0.9892340163077668	0.9812738925438784	0.9904428600989141	0.9854484044054929	0.9897643317926019	0.9903484525777316	0.990423608166288	0.9902375689665537	0.9900600892482754	0.9909525529280999	0.9903019709141087
0.9844067019296469	0.9877532124578524	0.9891234067009321	0.9856704559112239	0.9824363533439076	0.9889116658401041	0.9806371477024924	0.9815533166474075	0.987899231616963	0.9894355053746643	0.9898284592311031	0.9843129203756069	0.9807883802369189	0.9849649130116871	0.9900269668773664	0.9912189707273008	0.9909209037357753	0.9898946280230738	1.0	0.990346120856787	0.9909326616184353	0.9917123143922498	0.9808988879983067	0.9909991446251872	0.9816565514247423	0.9902048938265665	0.989447982546711	0.9871859251901276	0.9907674339819335	0.9904992276092176	0.9900021061794212	0.9890814112384816	0.9893646709267586	0.9909376469026657	0.9830220967370946	0.9933975695641454	0.9903396318291172	0.9818702025484669	0.9909047746353262	0.9857588832144618	0.9902394216198948	0.9938995148136651	0.9906623089588606	0.9913108811144136	0.9911740345260367	0.9910093793854747	0.9911560454687234
0.9850394081910621	0.9885328151088757	0.9888617512195866	0.9867538196492895	0.9811197526752341	0.9887214440627515	0.9814319012415713	0.982905610859594	0.9877343495338791	0.9893203874551105	0.9894489014643175	0.9846048950102362	0.9818472907122321	0.9849944023371643	0.9895399748437255	0.9906675629294549	0.9907868699988005	0.9901283171378589	0.990346120856787	1.0	0.9906861280954771	0.9919306576117657	0.9796340201441222	0.9914580583809146	0.9796653376821276	0.9905827063399999	0.9883499525614325	0.9878371108766435	0.9909556589483698	0.9905972404367854	0.997970757187541	0.9886566518516973	0.9888926432236064	0.9903094889671966	0.9842519033126159	0.9911845324815034	0.9897650184641139	0.9812147630078712	0.9908398250366424	0.987192929462955	0.9901005036841325	0.9905158507733036	0.9905036500641763	0.9909153629470594	0.9907739902423829	0.9916853108034185	0.9904641283686235
0.9855296671811077	0.9880484461301503	0.9892724225765351	0.9864314999928511	0.9801797727641148	0.9892416765964954	0.9814121894294864	0.9832958027986526	0.9881569437313116	0.9896747528118831	0.9893303504580101	0.9851882511967771	0.9812965201741393	0.9856168242281054	0.9902142670338586	0.9911178422632976	0.9910817980143224	0.9905820952463782	0.9909326616184353	0.9906861280954771	1.0	0.9920871941944558	0.9803765550598394	0.9914348687919992	0.9808853088049391	0.9910953950949059	0.9883739404435536	0.9879172807545581	0.9912977446130152	0.9907535707454205	0.9904828884241136	0.9963470022561888	0.9899306084946006	0.9902843017661186	0.98294138638637	0.9919769258654981	0.9903346556434858	0.9821946570014887	0.9911701665594054	0.9864846767041204	0.9906121111062555	0.9914862536053066	0.991616128688131	0.9912114176197213	0.991213618127648	0.9915205798319701	0.9913816687486237
0.986111339656009	0.9886397834520595	0.9898734516545257	0.9873173782970871	0.9814007924740912	0.9898589442212417	0.9819362618980831	0.9834889668805223	0.9887309226825788	0.9902633939801704	0.9907095822441807	0.9855170386691668	0.9817652725119447	0.9861151121223899	0.9906773378485464	0.9918887640190414	0.9919588431661369	0.9911958099802279	0.9917123143922498	0.9919306576117657	0.9920871941944558	1.0	0.9804760120644391	0.9928828493831809	0.9803718080442501	0.9918176855452067	0.9895257400327081	0.9885306434461705	0.9920405368204311	0.9917284165027164	0.9917530761988431	0.98980052431824	0.9908454758722274	0.9912066846962113	0.9843641850694177	0.9922272475875852	0.9911081830928774	0.9824887209200228	0.9920844366909891	0.9874134595921912	0.9914748956758231	0.9919343036391359	0.9922987027812039	0.9919630280330597	0.9918847161880112	0.9931165934717987	0.9915222031070376
0.9721676139707948	0.9771856339131808	0.9764857996228882	0.9729766758159095	0.9902889803333056	0.9762472989834435	0.9702694976664603	0.9656694514412328	0.9763222924098561	0.9783529282505256	0.9780146397360322	0.9730230518678327	0.968480843236922	0.9733216890161025	0.9785489691121213	0.9803268576042671	0.9792150416749952	0.9792319924966464	0.9808988879983067	0.9796340201441222	0.9803765550598394	0.9804760120644391	1.0	0.9796693276827739	0.9880358885485604	0.9791424912950236	0.9764217593565361	0.9764270963894318	0.9805277899703699	0.97957923972015	0.9781718199682572	0.9787267020650378	0.97704484234733	0.9803012170293558	0.9722235798513184	0.9788477863218379	0.9785078595913255	0.9714319665344269	0.9794581824766583	0.9746801774329473	0.9780539664976706	0.9803526634101958	0.9801106936051844	0.9791238716788344	0.9794313076274603	0.979613124252748	0.979339345013619
0.9853204306921289	0.987776965249817	0.989440920020184	0.9865660195567838	0.9806699375320599	0.9893407329005686	0.9814168719656432	0.982289530802906	0.9885316745618933	0.9895004634884915	0.9901730126193083	0.9849108380744198	0.9813772917797411	0.9855228406834678	0.9896653619903261	0.9918976963154177	0.9911425780873364	0.9904482195677411	0.9909991446251872	0.9914580583809146	0.9914348687919992	0.9928828493831809	0.9796693276827739	1.0	0.9802437241768962	0.9911229290022083	0.9887163773839439	0.9877695347735326	0.991234635275337	0.991277398435323	0.9912738666288312	0.9893131530060786	0.9900524991354338	0.9904570667392752	0.9838636182297644	0.9916907704667467	0.9908733813654448	0.9815966026532884	0.991363516335198	0.9868898744636074	0.9912108867848991	0.9914723230356118	0.9916165740173483	0.9911351939487673	0.9910518452467436	0.9927527065647588	0.9911869367104054
0.9732163148407077	0.9778885363354327	0.9776295601638569	0.9749249756385603	0.9857889902619583	0.9770577211273183	0.9704114190823816	0.9699961783708071	0.9770983024579365	0.9783924371992428	0.9782216985101803	0.9740866414423532	0.9705499037454002	0.9746967295475776	0.9786996477919694	0.980352681542214	0.9788252481405076	0.9792319924966464	0.9816565514247423	0.9796653376821276	0.9808853088049391	0.9803718080442501	0.9880358885485604	0.9802437241768962	1.0	0.9799265112094927	0.9790425957017566	0.9756221583347325	0.9808174123713189	0.980033695215962	0.9787522268170543	0.9788023097063009	0.9782059684381608	0.9811628636696796	0.972834118187401	0.9793083876026908	0.9791736964827362	0.9723808062214904	0.9791638251558027	0.9754678742894765	0.9776320059260138	0.9796951823480708	0.9800399267317997	0.9787260795370323	0.9791325072989308	0.980232795621732	0.979274150261811
0.9848984952951986	0.9874737416515817	0.9896473694605572	0.9857404399145795	0.9811550284700895	0.9891092446117249	0.9805801007325565	0.9817775766882486	0.9879453246174952	0.9889559688198367	0.9895656794768694	0.9844621112467368	0.9806071583733701	0.9849685065225198	0.9899268956489782	0.9905536536511385	0.9902978852418091	0.9899795509907532	0.9902048938265665	0.9905827063399999	0.9910953950949059	0.9918176855452067	0.9791424912950236	0.9911229290022083	0.9799265112094927	1.0	0.9902204681812892	0.987217320149309	0.990831893189726	0.9901101700687877	0.9903807423829699	0.9892904928548547	0.9896080913573672	0.9925154554734676	0.9831675770052024	0.9910092943524366	0.9897846862941014	0.9814244060214742	0.9905873290967367	0.9864791486927831	0.9906332467564174	0.9907042612365539	0.9905182519626774	0.9909342430950089	0.9908662962848175	0.9916636131154031	0.9907692222131846
0.9822597932009374	0.9863247726948151	0.9869804019926163	0.984101862358821	0.9790340539534461	0.9864219513705721	0.978574979560073	0.9801567345375052	0.985936394141363	0.9870185830541007	0.9873899712554379	0.982281354728376	0.9788315118231232	0.9828421349408692	0.9880931857720019	0.989037840569069	0.9887155102469171	0.9876352069579699	0.989447982546711	0.9883499525614325	0.9883739404435536	0.9895257400327081	0.9764217593565361	0.9887163773839439	0.9790425957017566	0.9902204681812892	1.0	0.9849632312688532	0.9885679554187385	0.9882110395036056	0.9882380159566502	0.9863779477607802	0.9875962802111276	0.9939587221246338	0.9806133246270855	0.9892034650389613	0.9879356136674357	0.9801603499077683	0.9885153214920981	0.9838307406898918	0.9878527885651044	0.9887182879409118	0.9886060698138343	0.9891465263691929	0.9890106276916619	0.9894277605158949	0.9886694463184595
0.9846409036873508	0.9844377108856801	0.9857850334453954	0.984060495020219	0.9772976022545024	0.9856490557090268	0.9799356353774832	0.9826611428956836	0.9845367285726514	0.985726009200147	0.9867609816036497	0.9815784128928313	0.9816473874804953	0.9816977816919983	0.9879808631344363	0.9877469135402458	0.9874204378285288	0.9870565367950745	0.9871859251901276	0.9878371108766435	0.9879172807545581	0.9885306434461705	0.9764270963894318	0.9877695347735326	0.9756221583347325	0.987217320149309	0.9849632312688532	1.0	0.9949601625907452	0.989080302126078	0.9879472887846419	0.9865099375270092	0.9859754187220082	0.986951702419629	0.9845280689394891	0.9877726647574071	0.9869255692689367	0.9797706507362919	0.987474355355626	0.9865479961918255	0.9868140554331436	0.9875845203725107	0.9877105210382614	0.9873258353202765	0.9871962727127297	0.9881997378746942	0.987428208115044
0.9856250018820055	0.988103556562453	0.9890544726194561	0.9866039027471767	0.981665747774023	0.9891878502359245	0.9816263972543507	0.9829064960720026	0.9882671838238759	0.9895733671517318	0.9899661295069258	0.9845254446992343	0.9818422210598976	0.9851767775810665	0.9904093469973576	0.9909581323172374	0.9911706677128327	0.9908049414134331	0.9907674339819335	0.9909556589483698	0.9912977446130152	0.9920405368204311	0.9805277899703699	0.991234635275337	0.9808174123713189	0.990831893189726	0.9885679554187385	0.9949601625907452	1.0	0.9915922909042768	0.9909954607514629	0.9894220483218826	0.9896875819726356	0.9905709817973078	0.9842880939979086	0.9913085634300195	0.9902854503865971	0.9818785227327735	0.9911565485677556	0.9873962047104454	0.9906394821026567	0.9910717037672426	0.9912933886311096	0.9907917907097891	0.9905946098272723	0.9918822925434931	0.9910429460703768
0.9852347549214315	0.9871325863787429	0.988572678164167	0.9868327403283379	0.9809652890325196	0.9880057930184115	0.9818954766921125	0.9834066903199322	0.9875006334027852	0.9885553998654687	0.9891053415448192	0.9843232927453975	0.9817192733162892	0.9848217644480659	0.9901377687131345	0.9907721956226205	0.9902761706353508	0.989713482994988	0.9904992276092176	0.9905972404367854	0.9907535707454205	0.9917284165027164	0.97957923972015	0.991277398435323	0.980033695215962	0.9901101700687877	0.9882110395036056	0.989080302126078	0.9915922909042768	1.0	0.9905948524217716	0.9890970932004111	0.9888888778205863	0.9900957140886562	0.9850570117231422	0.9908690643412599	0.9898427144104426	0.9816127703730325	0.9907651261895248	0.9874529947181125	0.9899319821007632	0.9910564541256818	0.9908252367381055	0.9906234406915848	0.9904380215323464	0.9912559030575765	0.9906682080251813
0.9852038259203274	0.9878971838732348	0.9886305929199094	0.9869278115689082	0.9797909935756093	0.9885630990525486	0.9816630254360817	0.9824983422561642	0.9878652729610904	0.9889976198016208	0.9892100310484517	0.9848893134608052	0.981748003011194	0.9852755277995745	0.9895419349522271	0.990795002062238	0.9905742569066797	0.9897530809161651	0.9900021061794212	0.997970757187541	0.9904828884241136	0.9917530761988431	0.9781718199682572	0.9912738666288312	0.9787522268170543	0.9903807423829699	0.9882380159566502	0.9879472887846419	0.9909954607514629	0.9905948524217716	1.0	0.9893700246546799	0.9888091701746996	0.9900153643290625	0.9842946873765387	0.9911196774097699	0.9894367317600997	0.9816178232392762	0.9908052232436969	0.9872715450969972	0.9898059845947972	0.9902187028877735	0.9906831082821566	0.9906301282581552	0.9906294521287361	0.9915204213211334	0.9902807539620284
0.9839223453313831	0.9862798433443491	0.9873488427348196	0.9851962845603602	0.978562472874351	0.9870056455892898	0.9808170653563228	0.9806736425891788	0.9867462576276885	0.9877999599532671	0.987501867761728	0.9833385349238064	0.9798105767652933	0.9835262771530525	0.9883770634965952	0.9890203797643526	0.9889097467782771	0.9886404575629307	0.9890814112384816	0.9886566518516973	0.9963470022561888	0.98980052431824	0.9787267020650378	0.9893131530060786	0.9788023097063009	0.9892904928548547	0.9863779477607802	0.9865099375270092	0.9894220483218826	0.9890970932004111	0.9893700246546799	1.0	0.9878807831841165	0.9882222473989739	0.982029204438762	0.9895340158433339	0.9881342707341365	0.9809165530375313	0.9890841647390644	0.9852998524195417	0.9885744235329424	0.9892843923321869	0.9894206817289566	0.9890587934064323	0.9890112864802665	0.98979367502981	0.9895945928748898
0.9841723469508771	0.9866641039687053	0.988035132090604	0.98514690069238	0.9792939198397648	0.9877875452027823	0.9796013067250766	0.9810293165960358	0.9873062376956007	0.9880610367160763	0.9883814250538603	0.9836325147103396	0.9802835273672615	0.9841468618662084	0.9886768464356138	0.9893061864535302	0.9895466339429054	0.989104355400278	0.9893646709267586	0.9888926432236064	0.9899306084946006	0.9908454758722274	0.97704484234733	0.9900524991354338	0.9782059684381608	0.9896080913573672	0.9875962802111276	0.9859754187220082	0.9896875819726356	0.9888888778205863	0.9888091701746996	0.9878807831841165	1.0	0.9891384985236954	0.9817025763838824	0.9897462063532884	0.9892471049266787	0.9804061040913754	0.9891251022307896	0.9846830123893042	0.9890136141492679	0.9893516866357132	0.9897160298843962	0.9895693272767987	0.9894734573173825	0.9901197032727754	0.9897144564648128
0.9838849625062465	0.987556897467335	0.9882975633135189	0.9852351271623189	0.9824532473141043	0.9879460074973532	0.980094090973957	0.9817547106437333	0.9872729357884217	0.9885439197199352	0.989011429954572	0.9840226234114138	0.9805281354242968	0.9845230753998507	0.9893079384363407	0.9907261038911397	0.9902030246995167	0.9897581170959595	0.9909376469026657	0.9903094889671966	0.9902843017661186	0.9912066846962113	0.9803012170293558	0.9904570667392752	0.9811628636696796	0.9925154554734676	0.9939587221246338	0.986951702419629	0.9905709817973078	0.9900957140886562	0.9900153643290625	0.9882222473989739	0.9891384985236954	1.0	0.98256579616862	0.9908584970631464	0.9895347612493772	0.9817917966457299	0.99014380528688	0.9860306802869827	0.989558915106471	0.9904439912256638	0.9904313407712253	0.9904176950633422	0.9903063360927102	0.9910232215764754	0.9904647302255954
0.980724681981363	0.9800678732978252	0.9810361299709657	0.980812696321033	0.9725935484781749	0.980690590511982	0.9774002130617017	0.9794195383493672	0.9798518185886245	0.9815423312606486	0.9812686664482151	0.9769030487902713	0.9774066444723489	0.976966117484113	0.9835740632499133	0.9837621881264801	0.9827322327528232	0.981579647416503	0.9830220967370946	0.9842519033126159	0.98294138638637	0.9843641850694177	0.9722235798513184	0.9838636182297644	0.972834118187401	0.9831675770052024	0.9806133246270855	0.9845280689394891	0.9842880939979086	0.9850570117231422	0.9842946873765387	0.982029204438762	0.9817025763838824	0.98256579616862	1.0	0.9833682363903998	0.9820548888625741	0.9755472387342603	0.9834152672582717	0.9826618560847546	0.9820145074254091	0.9831164356895858	0.9830350456515877	0.9827429823683708	0.982851712217844	0.9840238655407937	0.9827599648031811
0.9848296903179973	0.9882204336906578	0.9895054925158017	0.9865342618583953	0.9805118960915812	0.9895612401121903	0.9808492964170449	0.9828911076394262	0.9885487222508978	0.9899363995171354	0.9900283366807733	0.9847599790454105	0.981169721112142	0.9853948557677775	0.9907288497040718	0.9916793419393551	0.9913623106357329	0.9906949344466804	0.9933975695641454	0.9911845324815034	0.9919769258654981	0.9922272475875852	0.9788477863218379	0.9916907704667467	0.9793083876026908	0.9910092943524366	0.9892034650389613	0.9877726647574071	0.9913085634300195	0.9908690643412599	0.9911196774097699	0.9895340158433339	0.9897462063532884	0.9908584970631464	0.9833682363903998	1.0	0.9910309114846781	0.9815591346766529	0.9924145809226887	0.987730522783017	0.9910348998441886	0.9928276657672302	0.9916525744090735	0.9919386468408343	0.9917287619356022	0.9921599611984013	0.9915053416594993
0.984638290749166	0.9879293856246141	0.988944743924181	0.98580450907386	0.9803607189311967	0.9889153770529666	0.9809340543725626	0.9818392503374825	0.9885281711322943	0.989316164179403	0.9904381856650972	0.9846418856284371	0.9812699739922731	0.9850982481830095	0.9889177431421273	0.9902617452465347	0.9904944381229731	0.9892340163077668	0.9903396318291172	0.9897650184641139	0.9903346556434858	0.9911081830928774	0.9785078595913255	0.9908733813654448	0.9791736964827362	0.9897846862941014	0.9879356136674357	0.9869255692689367	0.9902854503865971	0.9898427144104426	0.9894367317600997	0.9881342707341365	0.9892471049266787	0.9895347612493772	0.9820548888625741	0.9910309114846781	1.0	0.9815614084154511	0.9909342771398327	0.9866070551939097	0.9898652338946514	0.9903290617355459	0.9903165985553966	0.9903569521420097	0.9898649455820508	0.9903957040680366	0.9906911133447852
0.9783933940444822	0.9800352541325273	0.9805688653955749	0.9785757920794853	0.973501287703283	0.9804042899602826	0.9755320553057171	0.9760580428204183	0.9797854026866494	0.9810794453020091	0.9811182583397587	0.9797596554658246	0.9763490909732735	0.9796468100823523	0.9816041319578398	0.9819311210589303	0.981519851836304	0.9812738925438784	0.9818702025484669	0.9812147630078712	0.9821946570014887	0.9824887209200228	0.9714319665344269	0.9815966026532884	0.9723808062214904	0.9814244060214742	0.9801603499077683	0.9797706507362919	0.9818785227327735	0.9816127703730325	0.9816178232392762	0.9809165530375313	0.9804061040913754	0.9817917966457299	0.9755472387342603	0.9815591346766529	0.9815614084154511	1.0	0.9818570316261883	0.9793329205311302	0.9812359721701459	0.981357946652961	0.9817698772329522	0.9816905990674596	0.9815810983924006	0.981505643886955	0.9811863558063914
0.985004120946805	0.9884876032057079	0.9894736266489971	0.9865336628900446	0.9808000527164442	0.9891997640462317	0.9815063390837245	0.9835707156970053	0.9883179489863633	0.990149659942048	0.9899115295029113	0.9848834188777056	0.9810621918615962	0.9854334719543475	0.9904413587868425	0.9912065711785393	0.9913671440485721	0.9904428600989141	0.9909047746353262	0.9908398250366424	0.9911701665594054	0.9920844366909891	0.9794581824766583	0.991363516335198	0.9791638251558027	0.9905873290967367	0.9885153214920981	0.987474355355626	0.9911565485677556	0.9907651261895248	0.9908052232436969	0.9890841647390644	0.9891251022307896	0.99014380528688	0.9834152672582717	0.9924145809226887	0.9909342771398327	0.9818570316261883	1.0	0.9931696819888786	0.9908745499755964	0.9912267084979804	0.991775368240752	0.9919112129585834	0.9914834515304002	0.991883228653633	0.9914443854593569
