/home/jshaw/scratch/2022_sketched_distance/references/SGB_genome_fastas_part1_redo/1615/BritoIL_2016__W1.27.ST__bin.24.fa	/home/jshaw/scratch/2022_sketched_distance/references/SGB_genome_fastas_part1_redo/1615/BritoIL_2016__W1.3.ST__bin.50.fa	/home/jshaw/scratch/2022_sketched_distance/references/SGB_genome_fastas_part1_redo/1615/BritoIL_2016__W1.41.ST__bin.84.fa	/home/jshaw/scratch/2022_sketched_distance/references/SGB_genome_fastas_part1_redo/1615/BritoIL_2016__W2.21.ST__bin.1.fa	/home/jshaw/scratch/2022_sketched_distance/references/SGB_genome_fastas_part1_redo/1615/BritoIL_2016__WL.9.ST__bin.10.fa	/home/jshaw/scratch/2022_sketched_distance/references/SGB_genome_fastas_part1_redo/1615/ChengpingW_2017__AS12raw__bin.8.fa	/home/jshaw/scratch/2022_sketched_distance/references/SGB_genome_fastas_part1_redo/1615/ChengpingW_2017__AS71raw__bin.30.fa	/home/jshaw/scratch/2022_sketched_distance/references/SGB_genome_fastas_part1_redo/1615/CosteaPI_2017__pluto1-11-0-0__bin.45.fa	/home/jshaw/scratch/2022_sketched_distance/references/SGB_genome_fastas_part1_redo/1615/CosteaPI_2017__SID713A081-11-90-0__bin.30.fa	/home/jshaw/scratch/2022_sketched_distance/references/SGB_genome_fastas_part1_redo/1615/CosteaPI_2017__SID713B055-11-90-0__bin.39.fa	/home/jshaw/scratch/2022_sketched_distance/references/SGB_genome_fastas_part1_redo/1615/CosteaPI_2017__SID713B072-11-0-0__bin.11.fa	/home/jshaw/scratch/2022_sketched_distance/references/SGB_genome_fastas_part1_redo/1615/CosteaPI_2017__SID713B072-11-90-0__bin.43.fa	/home/jshaw/scratch/2022_sketched_distance/references/SGB_genome_fastas_part1_redo/1615/LeChatelierE_2013__MH0031__bin.13.fa	/home/jshaw/scratch/2022_sketched_distance/references/SGB_genome_fastas_part1_redo/1615/LeChatelierE_2013__MH0120__bin.8.fa	/home/jshaw/scratch/2022_sketched_distance/references/SGB_genome_fastas_part1_redo/1615/LeChatelierE_2013__MH0276__bin.105.fa	/home/jshaw/scratch/2022_sketched_distance/references/SGB_genome_fastas_part1_redo/1615/LiJ_2014__V1.FI09__bin.4.fa	/home/jshaw/scratch/2022_sketched_distance/references/SGB_genome_fastas_part1_redo/1615/LiJ_2014__V1.FI24__bin.39.fa	/home/jshaw/scratch/2022_sketched_distance/references/SGB_genome_fastas_part1_redo/1615/LiuW_2016__SRR3992961__bin.108.fa	/home/jshaw/scratch/2022_sketched_distance/references/SGB_genome_fastas_part1_redo/1615/LiuW_2016__SRR3993054__bin.11.fa	/home/jshaw/scratch/2022_sketched_distance/references/SGB_genome_fastas_part1_redo/1615/NielsenHB_2014__MH0031__bin.7.fa	/home/jshaw/scratch/2022_sketched_distance/references/SGB_genome_fastas_part1_redo/1615/Obregon-TitoAJ_2015__HCO12__bin.25.fa	/home/jshaw/scratch/2022_sketched_distance/references/SGB_genome_fastas_part1_redo/1615/SchirmerM_2016__G88968__bin.4.fa	/home/jshaw/scratch/2022_sketched_distance/references/SGB_genome_fastas_part1_redo/1615/VincentC_2016__MM019.3__bin.15.fa	/home/jshaw/scratch/2022_sketched_distance/references/SGB_genome_fastas_part1_redo/1615/VincentC_2016__MM022.3__bin.12.fa	/home/jshaw/scratch/2022_sketched_distance/references/SGB_genome_fastas_part1_redo/1615/ZeeviD_2015__PNP_Main_170__bin.64.fa	/home/jshaw/scratch/2022_sketched_distance/references/SGB_genome_fastas_part1_redo/1615/ZeeviD_2015__PNP_Main_186__bin.52.fa	/home/jshaw/scratch/2022_sketched_distance/references/SGB_genome_fastas_part1_redo/1615/ZeeviD_2015__PNP_Main_23__bin.13.fa	/home/jshaw/scratch/2022_sketched_distance/references/SGB_genome_fastas_part1_redo/1615/ZeeviD_2015__PNP_Main_374__bin.35.fa	/home/jshaw/scratch/2022_sketched_distance/references/SGB_genome_fastas_part1_redo/1615/ZeeviD_2015__PNP_Main_438__bin.27.fa	/home/jshaw/scratch/2022_sketched_distance/references/SGB_genome_fastas_part1_redo/1615/ZeeviD_2015__PNP_Main_488__bin.23.fa	/home/jshaw/scratch/2022_sketched_distance/references/SGB_genome_fastas_part1_redo/1615/ZeeviD_2015__PNP_Main_538__bin.2.fa	/home/jshaw/scratch/2022_sketched_distance/references/SGB_genome_fastas_part1_redo/1615/ZeeviD_2015__PNP_Main_709__bin.19.fa	/home/jshaw/scratch/2022_sketched_distance/references/SGB_genome_fastas_part1_redo/1615/ZellerG_2014__CCIS16383318ST-4-0__bin.63.fa
1.0	0.9837115348249116	0.9828804159285744	0.976172220656468	0.9816155843581863	0.980462270137165	0.9711977210276341	0.9703842769334722	0.9721416190582803	0.9621139802576865	0.9756643730600402	0.9740357867831488	0.9757987104853708	0.9714439535723951	0.9770866739695033	0.9773433778731978	0.9569041306135277	0.9698733353487369	0.9687600016263729	0.975691284971345	0.977547294474651	0.9709807204466316	0.9765409180139857	0.9774964348452881	0.9780265429945443	0.9671898898907038	0.9717187453987748	0.9759858556419764	0.978474159895315	0.9660507204055119	0.9680885500639473	0.9706995646294896	0.9713825707679044
0.9837115348249116	1.0	0.9807284665357733	0.978150012713154	0.9807322497418183	0.9764691663272914	0.9678861108591675	0.9684570525333249	0.9671063755096916	0.9667766395889069	0.9745216297019147	0.9709738826039683	0.974146059902116	0.9682055439964308	0.9754192944831773	0.9766882391062912	0.9630192456350939	0.9678318540085742	0.9667777508011594	0.974357852048432	0.9763811227052249	0.9690427456360269	0.9744749202903198	0.9772295578490515	0.976497209647105	0.9690468148911351	0.9716183341873244	0.9736464385017173	0.9771865819174341	0.967026105363222	0.9714875144916416	0.9708800702930174	0.9705607464422096
0.9828804159285744	0.9807284665357733	1.0	0.9804263184966281	0.9811032095242415	0.9779680475909273	0.9720451493588409	0.9689937698683788	0.9675101298729596	0.9704283585471093	0.9743229968072872	0.9737298277864826	0.9728467270489722	0.9719362339574418	0.9739237013793368	0.9756302552277052	0.967076371053087	0.9676851492294893	0.969130003924908	0.9735111511683991	0.9751150423973084	0.9697187859892841	0.9748005372662931	0.9764502158964392	0.9790761353610108	0.9738227233059653	0.9692799969208333	0.9747265084022436	0.9775646599492619	0.9712005198844623	0.9742127944982604	0.9747783211593561	0.9731147963501005
0.976172220656468	0.978150012713154	0.9804263184966281	1.0	0.974559890349796	0.9788282546301833	0.9702445178673679	0.9712769693956156	0.9724413050000335	0.9618204917500512	0.9760847133790904	0.9747430386525372	0.9758796097519429	0.9715803904633133	0.9772889117595082	0.9775970746812923	0.9552366449328119	0.9690331196647244	0.9681124790610118	0.976113908628791	0.976113908628791	0.9701043342100352	0.9755249663715303	0.9777084152569124	0.9768068506841106	0.9678122402862559	0.9716139290902277	0.9754356979216855	0.9780126550268219	0.9672032467947634	0.9666998270572412	0.9713784259921175	0.9725717466773889
0.9816155843581863	0.9807322497418183	0.9811032095242415	0.974559890349796	1.0	0.9785998068878257	0.9681718562480938	0.9693227309449033	0.9713096447561395	0.962106252989613	0.975598347507123	0.9739869650588834	0.9748324645896391	0.9709084512528317	0.9760895371106314	0.9773550552723901	0.9539426222144909	0.9672055769265473	0.9670543148599166	0.9750108152665286	0.9768267128262209	0.9690388343653678	0.9754816873817369	0.976994485600801	0.9773274604020529	0.9652617540552566	0.9713096447561395	0.9759746285675308	0.9774926801182725	0.9654615026399235	0.9661315225485844	0.9713428541973179	0.9713760296112611
0.980462270137165	0.9764691663272914	0.9779680475909273	0.9788282546301833	0.9785998068878257	1.0	0.9700892997494328	0.9679288553349226	0.9697437880309993	0.9690983948316289	0.9748011852748626	0.9732447433964038	0.9743605600924207	0.970623998124656	0.9751494331633683	0.9777888737438148	0.9624171829937114	0.9669118891525214	0.9679753084331889	0.9743161670486179	0.9753867074193474	0.9683054440421981	0.9739138748075995	0.9762979710939024	0.9778558310302875	0.9706881215656019	0.9694353837263129	0.9728393146373265	0.9763397405385322	0.9701017642066051	0.973888103209535	0.9726512836674494	0.9735720594004017
0.9711977210276341	0.9678861108591675	0.9720451493588409	0.9702445178673679	0.9681718562480938	0.9700892997494328	1.0	0.98579459061895	0.9668355400715751	0.9628229503024704	0.9746138507593547	0.9718036662644619	0.9742162771610365	0.985174886215114	0.9733805776784915	0.971040660289661	0.9740979598527439	0.9655867281693624	0.9651925254318695	0.9741161186187709	0.9707359177306077	0.9848696148713705	0.9752739174603581	0.9716687270596353	0.9679468562331183	0.9826937626306491	0.9680982212093003	0.9730453617101017	0.9728634155463622	0.9639800727083669	0.9694777149158577	0.9655540617457155	0.9682188040607276
0.9703842769334722	0.9684570525333249	0.9689937698683788	0.9712769693956156	0.9693227309449033	0.9679288553349226	0.98579459061895	1.0	0.9629496393886995	0.9685161518077646	0.9727465208459264	0.9706284775114302	0.971705358873389	0.9857330719974106	0.9703056423235714	0.968119082007441	0.9808280685565596	0.9638526514829856	0.9666584984355915	0.9723815892100127	0.9683155154598553	0.9850014201859263	0.9736724119890607	0.9700548394831201	0.9681093820599078	0.9872852420515704	0.9657696576746554	0.9698113432561023	0.9717062729086472	0.9685566112967559	0.9731378610537371	0.9680125706414892	0.9687679796609915
0.9721416190582803	0.9671063755096916	0.9675101298729596	0.9724413050000335	0.9713096447561395	0.9697437880309993	0.9668355400715751	0.9629496393886995	1.0	0.9685506935621196	0.9723446715055156	0.9720355648757751	0.9711244529618144	0.9684069724231184	0.9722524230000666	0.9692286374294989	0.9561121497328092	0.9682773690679326	0.9691023263562328	0.971338961593254	0.9668618042868621	0.9637109505953348	0.9711483575648923	0.9678029780766869	0.9705759178173995	0.9660530267529508	0.9656665604254322	0.9698066526942888	0.9699805381999547	0.9660590018459104	0.9746793521349837	0.9648333357550901	0.97113690966353
0.9621139802576865	0.9667766395889069	0.9704283585471093	0.9618204917500512	0.962106252989613	0.9690983948316289	0.9628229503024704	0.9685161518077646	0.9685506935621196	1.0	0.9785167070646229	0.9708812179069423	0.9761471332121561	0.9637979174106336	0.9738854493977244	0.9716431043447	0.9694004197506298	0.9689623378419716	0.9691323197245028	0.9763648843247145	0.9687914566433063	0.9684469572269756	0.97526125375478	0.9730551239402818	0.9670309602930451	0.9598425944013412	0.971041429678022	0.971009450705062	0.9735913375515718	0.9730250728223637	0.9605673873631282	0.9709453978148783	0.966849507655909
0.9756643730600402	0.9745216297019147	0.9743229968072872	0.9760847133790904	0.975598347507123	0.9748011852748626	0.9746138507593547	0.9727465208459264	0.9723446715055156	0.9785167070646229	1.0	0.996178196906672	0.9801307058156226	0.9740759736514979	0.9812233285007897	0.9754151855977822	0.971030232677277	0.9725675005229111	0.9751925943786198	0.9812887179363546	0.9721285938199654	0.9729795372609823	0.9807943035327977	0.9772930830253576	0.9741394127162764	0.9764290732220736	0.974949588621739	0.9793432079501888	0.9786566623188766	0.9776236738748955	0.978883169090363	0.9776216495959913	0.9780208087509022
0.9740357867831488	0.9709738826039683	0.9737298277864826	0.9747430386525372	0.9739869650588834	0.9732447433964038	0.9718036662644619	0.9706284775114302	0.9720355648757751	0.9708812179069423	0.996178196906672	1.0	0.9791645780191363	0.9725477102215841	0.9795886487284505	0.9742529225653425	0.9648075814334653	0.9686785856700341	0.9708013149159697	0.9796269288678955	0.9726576420760218	0.9700172150730502	0.9793194236800604	0.9751869291360593	0.9716233414668437	0.9724795465699467	0.9741625528236086	0.9780395043683149	0.9765604985460767	0.9727560248358186	0.9753385049100228	0.9720461313986691	0.9761182611381173
0.9757987104853708	0.974146059902116	0.9728467270489722	0.9758796097519429	0.9748324645896391	0.9743605600924207	0.9742162771610365	0.971705358873389	0.9711244529618144	0.9761471332121561	0.9801307058156226	0.9791645780191363	1.0	0.9748139438665179	0.9823870559678177	0.9738890436002375	0.9687414156150035	0.9707416049293365	0.9728376803038866	0.9971782448073245	0.9715613903999528	0.9728932552959308	0.9802088642139153	0.9764502158964392	0.9740659666351704	0.9769560711210908	0.9740880506753963	0.979416086625721	0.9780587062564716	0.9768840008217945	0.9773462802288204	0.9754039571794982	0.9758841789432782
0.9714439535723951	0.9682055439964308	0.9719362339574418	0.9715803904633133	0.9709084512528317	0.970623998124656	0.985174886215114	0.9857330719974106	0.9684069724231184	0.9637979174106336	0.9740759736514979	0.9725477102215841	0.9748139438665179	1.0	0.9744113282050222	0.9714960147640114	0.9733126727704012	0.966180421241421	0.9658405290199223	0.9745777158521588	0.971339203501799	0.984444288326699	0.9755585376611491	0.9728741725791304	0.9688664369418521	0.983842805725803	0.9680898750818433	0.9731726330034369	0.9732961855372468	0.9659002616492695	0.9713594806391185	0.9663948633479857	0.9697194366452523
0.9770866739695033	0.9754192944831773	0.9739237013793368	0.9772889117595082	0.9760895371106314	0.9751494331633683	0.9733805776784915	0.9703056423235714	0.9722524230000666	0.9738854493977244	0.9812233285007897	0.9795886487284505	0.9823870559678177	0.9744113282050222	1.0	0.9740487104692868	0.9679835954650461	0.9722151853739596	0.9740958700020692	0.9826277085011434	0.9733975851065552	0.9711859263567625	0.9803268189686964	0.9765878180636796	0.9749603972548865	0.9754792674448004	0.9755124563653629	0.979288441973361	0.978359054745809	0.975659710441725	0.9776911950756615	0.9760177813752604	0.9771738708856206
0.9773433778731978	0.9766882391062912	0.9756302552277052	0.9775970746812923	0.9773550552723901	0.9777888737438148	0.971040660289661	0.968119082007441	0.9692286374294989	0.9716431043447	0.9754151855977822	0.9742529225653425	0.9738890436002375	0.9714960147640114	0.9740487104692868	1.0	0.9653668511711437	0.9675762950852358	0.9692404776794049	0.9748811755475761	0.9749011109532478	0.969527627760294	0.9744798770959664	0.9758826082160205	0.9769937630481674	0.9722789341866166	0.9692554596282127	0.9740897711761938	0.9772954997578308	0.9725494338384	0.9754800472778256	0.9764206560652524	0.9742213802676026
0.9569041306135277	0.9630192456350939	0.967076371053087	0.9552366449328119	0.9539426222144909	0.9624171829937114	0.9740979598527439	0.9808280685565596	0.9561121497328092	0.9694004197506298	0.971030232677277	0.9648075814334653	0.9687414156150035	0.9733126727704012	0.9679835954650461	0.9653668511711437	1.0	0.9587169688827947	0.9599984866944327	0.969684560508131	0.9659619552763045	0.9814249736083536	0.9726925688540791	0.969724948891449	0.9602162113497789	0.974027349989431	0.965320614903682	0.9657343692228171	0.9674683106075259	0.9678555438356184	0.9511849124610674	0.9687414156150035	0.960754130968946
0.9698733353487369	0.9678318540085742	0.9676851492294893	0.9690331196647244	0.9672055769265473	0.9669118891525214	0.9655867281693624	0.9638526514829856	0.9682773690679326	0.9689623378419716	0.9725675005229111	0.9686785856700341	0.9707416049293365	0.966180421241421	0.9722151853739596	0.9675762950852358	0.9587169688827947	1.0	0.9868881854628908	0.9716193451514351	0.9670264435156884	0.9656093113560923	0.9708649459105535	0.9693528725943281	0.9678728239641549	0.9652768704378625	0.9665797079210634	0.9690678201877129	0.9700925400822704	0.96933842323238	0.9714555534573407	0.9658359116466488	0.9690592704738675
0.9687600016263729	0.9667777508011594	0.969130003924908	0.9681124790610118	0.9670543148599166	0.9679753084331889	0.9651925254318695	0.9666584984355915	0.9691023263562328	0.9691323197245028	0.9751925943786198	0.9708013149159697	0.9728376803038866	0.9658405290199223	0.9740958700020692	0.9692404776794049	0.9599984866944327	0.9868881854628908	1.0	0.9731568313553234	0.9695969308327974	0.9673382509400796	0.9730834593567865	0.970775032289556	0.9662913919342786	0.9652768704378625	0.9682891811469153	0.970110929932812	0.9726148751058508	0.968350791170637	0.9696810314748959	0.9657741574121517	0.9681177366946213
0.975691284971345	0.974357852048432	0.9735111511683991	0.976113908628791	0.9750108152665286	0.9743161670486179	0.9741161186187709	0.9723815892100127	0.971338961593254	0.9763648843247145	0.9812887179363546	0.9796269288678955	0.9971782448073245	0.9745777158521588	0.9826277085011434	0.9748811755475761	0.969684560508131	0.9716193451514351	0.9731568313553234	1.0	0.9724186942238336	0.9729795372609823	0.9813046608890542	0.9773854024831948	0.9745766348069704	0.9770058193782339	0.9749553471354864	0.9795069567859581	0.9788597038192837	0.9774012987592448	0.978032497691811	0.9764873196154785	0.9766044200415803
0.977547294474651	0.9763811227052249	0.9751150423973084	0.976113908628791	0.9768267128262209	0.9753867074193474	0.9707359177306077	0.9683155154598553	0.9668618042868621	0.9687914566433063	0.9721285938199654	0.9726576420760218	0.9715613903999528	0.971339203501799	0.9733975851065552	0.9749011109532478	0.9659619552763045	0.9670264435156884	0.9695969308327974	0.9724186942238336	1.0	0.9693594317321402	0.9733490852576295	0.9753502590620469	0.9754338143240591	0.9714048142939165	0.9677702987487214	0.9727998682592931	0.9751613745139355	0.9715230021483484	0.9742127944982604	0.973780511463908	0.972180462469654
0.9709807204466316	0.9690427456360269	0.9697187859892841	0.9701043342100352	0.9690388343653678	0.9683054440421981	0.9848696148713705	0.9850014201859263	0.9637109505953348	0.9684469572269756	0.9729795372609823	0.9700172150730502	0.9728932552959308	0.984444288326699	0.9711859263567625	0.969527627760294	0.9814249736083536	0.9656093113560923	0.9673382509400796	0.9729795372609823	0.9693594317321402	1.0	0.9742055071562673	0.970842594015548	0.969578011388802	0.9865508135437677	0.9668817706782971	0.9700792889514086	0.9720484103347693	0.9694811495567102	0.9727100209340176	0.9682996208384677	0.9688264483834224
0.9765409180139857	0.9744749202903198	0.9748005372662931	0.9755249663715303	0.9754816873817369	0.9739138748075995	0.9752739174603581	0.9736724119890607	0.9711483575648923	0.97526125375478	0.9807943035327977	0.9793194236800604	0.9802088642139153	0.9755585376611491	0.9803268189686964	0.9744798770959664	0.9726925688540791	0.9708649459105535	0.9730834593567865	0.9813046608890542	0.9733490852576295	0.9742055071562673	1.0	0.9777338500192698	0.9745766348069704	0.9773027236640176	0.974169173161886	0.9785493087155963	0.9805451342772885	0.9758006442605783	0.977796592418768	0.9770594228012844	0.9771964431041555
0.9774964348452881	0.9772295578490515	0.9764502158964392	0.9777084152569124	0.976994485600801	0.9762979710939024	0.9716687270596353	0.9700548394831201	0.9678029780766869	0.9730551239402818	0.9772930830253576	0.9751869291360593	0.9764502158964392	0.9728741725791304	0.9765878180636796	0.9758826082160205	0.969724948891449	0.9693528725943281	0.970775032289556	0.9773854024831948	0.9753502590620469	0.970842594015548	0.9777338500192698	1.0	0.975691284971345	0.9750333925549172	0.9718949889674781	0.9783430765692152	0.9798027985771541	0.9744852933021612	0.9762614984142701	0.9789038561841668	0.9746878053437557
0.9780265429945443	0.976497209647105	0.9790761353610108	0.9768068506841106	0.9773274604020529	0.9778558310302875	0.9679468562331183	0.9681093820599078	0.9705759178173995	0.9670309602930451	0.9741394127162764	0.9716233414668437	0.9740659666351704	0.9688664369418521	0.9749603972548865	0.9769937630481674	0.9602162113497789	0.9678728239641549	0.9662913919342786	0.9745766348069704	0.9754338143240591	0.969578011388802	0.9745766348069704	0.975691284971345	1.0	0.9685021948295098	0.9711709330596259	0.9745766348069704	0.9778994308156694	0.9660590018459104	0.9722140462967247	0.9707392827206012	0.9701147731988669
0.9671898898907038	0.9690468148911351	0.9738227233059653	0.9678122402862559	0.9652617540552566	0.9706881215656019	0.9826937626306491	0.9872852420515704	0.9660530267529508	0.9598425944013412	0.9764290732220736	0.9724795465699467	0.9769560711210908	0.983842805725803	0.9754792674448004	0.9722789341866166	0.974027349989431	0.9652768704378625	0.9652768704378625	0.9770058193782339	0.9714048142939165	0.9865508135437677	0.9773027236640176	0.9750333925549172	0.9685021948295098	1.0	0.9709587444331195	0.9741500066268554	0.9754010266804629	0.9659832352900026	0.970874792910441	0.9674180153892885	0.9693943849015012
0.9717187453987748	0.9716183341873244	0.9692799969208333	0.9716139290902277	0.9713096447561395	0.9694353837263129	0.9680982212093003	0.9657696576746554	0.9656665604254322	0.971041429678022	0.974949588621739	0.9741625528236086	0.9740880506753963	0.9680898750818433	0.9755124563653629	0.9692554596282127	0.965320614903682	0.9665797079210634	0.9682891811469153	0.9749553471354864	0.9677702987487214	0.9668817706782971	0.974169173161886	0.9718949889674781	0.9711709330596259	0.9709587444331195	1.0	0.9732868645519818	0.9722970347091048	0.9716297864900793	0.9724939651820345	0.9721731399777214	0.9712455016216004
0.9759858556419764	0.9736464385017173	0.9747265084022436	0.9754356979216855	0.9759746285675308	0.9728393146373265	0.9730453617101017	0.9698113432561023	0.9698066526942888	0.971009450705062	0.9793432079501888	0.9780395043683149	0.979416086625721	0.9731726330034369	0.979288441973361	0.9740897711761938	0.9657343692228171	0.9690678201877129	0.970110929932812	0.9795069567859581	0.9727998682592931	0.9700792889514086	0.9785493087155963	0.9783430765692152	0.9745766348069704	0.9741500066268554	0.9732868645519818	1.0	0.9777164363992517	0.9733174562132725	0.9775589672387905	0.9763761377221872	0.974930628623349
0.978474159895315	0.9771865819174341	0.9775646599492619	0.9780126550268219	0.9774926801182725	0.9763397405385322	0.9728634155463622	0.9717062729086472	0.9699805381999547	0.9735913375515718	0.9786566623188766	0.9765604985460767	0.9780587062564716	0.9732961855372468	0.978359054745809	0.9772954997578308	0.9674683106075259	0.9700925400822704	0.9726148751058508	0.9788597038192837	0.9751613745139355	0.9720484103347693	0.9805451342772885	0.9798027985771541	0.9778994308156694	0.9754010266804629	0.9722970347091048	0.9777164363992517	1.0	0.9732921463134163	0.977532457163543	0.9808638110670013	0.9760014305720046
0.9660507204055119	0.967026105363222	0.9712005198844623	0.9672032467947634	0.9654615026399235	0.9701017642066051	0.9639800727083669	0.9685566112967559	0.9660590018459104	0.9730250728223637	0.9776236738748955	0.9727560248358186	0.9768840008217945	0.9659002616492695	0.975659710441725	0.9725494338384	0.9678555438356184	0.96933842323238	0.968350791170637	0.9774012987592448	0.9715230021483484	0.9694811495567102	0.9758006442605783	0.9744852933021612	0.9660590018459104	0.9659832352900026	0.9716297864900793	0.9733174562132725	0.9732921463134163	1.0	0.9668956882090133	0.973669737363333	0.9699177091874983
0.9680885500639473	0.9714875144916416	0.9742127944982604	0.9666998270572412	0.9661315225485844	0.973888103209535	0.9694777149158577	0.9731378610537371	0.9746793521349837	0.9605673873631282	0.978883169090363	0.9753385049100228	0.9773462802288204	0.9713594806391185	0.9776911950756615	0.9754800472778256	0.9511849124610674	0.9714555534573407	0.9696810314748959	0.978032497691811	0.9742127944982604	0.9727100209340176	0.977796592418768	0.9762614984142701	0.9722140462967247	0.970874792910441	0.9724939651820345	0.9775589672387905	0.977532457163543	0.9668956882090133	1.0	0.9694437041173882	0.9742714820330387
0.9706995646294896	0.9708800702930174	0.9747783211593561	0.9713784259921175	0.9713428541973179	0.9726512836674494	0.9655540617457155	0.9680125706414892	0.9648333357550901	0.9709453978148783	0.9776216495959913	0.9720461313986691	0.9754039571794982	0.9663948633479857	0.9760177813752604	0.9764206560652524	0.9687414156150035	0.9658359116466488	0.9657741574121517	0.9764873196154785	0.973780511463908	0.9682996208384677	0.9770594228012844	0.9789038561841668	0.9707392827206012	0.9674180153892885	0.9721731399777214	0.9763761377221872	0.9808638110670013	0.973669737363333	0.9694437041173882	1.0	0.9688556430954538
0.9713825707679044	0.9705607464422096	0.9731147963501005	0.9725717466773889	0.9713760296112611	0.9735720594004017	0.9682188040607276	0.9687679796609915	0.97113690966353	0.966849507655909	0.9780208087509022	0.9761182611381173	0.9758841789432782	0.9697194366452523	0.9771738708856206	0.9742213802676026	0.960754130968946	0.9690592704738675	0.9681177366946213	0.9766044200415803	0.972180462469654	0.9688264483834224	0.9771964431041555	0.9746878053437557	0.9701147731988669	0.9693943849015012	0.9712455016216004	0.974930628623349	0.9760014305720046	0.9699177091874983	0.9742714820330387	0.9688556430954538	1.0
