/home/jshaw/scratch/2022_sketched_distance/references/SGB_genome_fastas_part3/4829/BackhedF_2015__SID238_M__bin.26.fa	/home/jshaw/scratch/2022_sketched_distance/references/SGB_genome_fastas_part3/4829/BackhedF_2015__SID566_12M__bin.26.fa	/home/jshaw/scratch/2022_sketched_distance/references/SGB_genome_fastas_part3/4829/BackhedF_2015__SID626_12M__bin.8.fa	/home/jshaw/scratch/2022_sketched_distance/references/SGB_genome_fastas_part3/4829/Bengtsson-PalmeJ_2015__TRAVELRES19__bin.50.fa	/home/jshaw/scratch/2022_sketched_distance/references/SGB_genome_fastas_part3/4829/Bengtsson-PalmeJ_2015__TRAVELRES4__bin.66.fa	/home/jshaw/scratch/2022_sketched_distance/references/SGB_genome_fastas_part3/4829/CM_madagascar__A15_02_1FE__bin.10.fa	/home/jshaw/scratch/2022_sketched_distance/references/SGB_genome_fastas_part3/4829/FengQ_2015__SID530323__bin.64.fa	/home/jshaw/scratch/2022_sketched_distance/references/SGB_genome_fastas_part3/4829/FengQ_2015__SID530450__bin.39.fa	/home/jshaw/scratch/2022_sketched_distance/references/SGB_genome_fastas_part3/4829/NielsenHB_2014__O2_UC1_2__bin.64.fa	/home/jshaw/scratch/2022_sketched_distance/references/SGB_genome_fastas_part3/4829/NielsenHB_2014__O2_UC58_2__bin.2.fa	/home/jshaw/scratch/2022_sketched_distance/references/SGB_genome_fastas_part3/4829/SchirmerM_2016__G88922__bin.7.fa	/home/jshaw/scratch/2022_sketched_distance/references/SGB_genome_fastas_part3/4829/SchirmerM_2016__G89059__bin.2.fa	/home/jshaw/scratch/2022_sketched_distance/references/SGB_genome_fastas_part3/4829/SchirmerM_2016__G89089__bin.14.fa	/home/jshaw/scratch/2022_sketched_distance/references/SGB_genome_fastas_part3/4829/SchirmerM_2016__G89168__bin.7.fa	/home/jshaw/scratch/2022_sketched_distance/references/SGB_genome_fastas_part3/4829/SchirmerM_2016__G90575__bin.14.fa	/home/jshaw/scratch/2022_sketched_distance/references/SGB_genome_fastas_part3/4829/ZeeviD_2015__PNP_DietIntervention_25__bin.10.fa	/home/jshaw/scratch/2022_sketched_distance/references/SGB_genome_fastas_part3/4829/ZeeviD_2015__PNP_Main_111__bin.3.fa	/home/jshaw/scratch/2022_sketched_distance/references/SGB_genome_fastas_part3/4829/ZeeviD_2015__PNP_Main_142__bin.16.fa	/home/jshaw/scratch/2022_sketched_distance/references/SGB_genome_fastas_part3/4829/ZeeviD_2015__PNP_Main_165__bin.56.fa	/home/jshaw/scratch/2022_sketched_distance/references/SGB_genome_fastas_part3/4829/ZeeviD_2015__PNP_Main_186__bin.45.fa	/home/jshaw/scratch/2022_sketched_distance/references/SGB_genome_fastas_part3/4829/ZeeviD_2015__PNP_Main_217__bin.35.fa	/home/jshaw/scratch/2022_sketched_distance/references/SGB_genome_fastas_part3/4829/ZeeviD_2015__PNP_Main_230__bin.30.fa	/home/jshaw/scratch/2022_sketched_distance/references/SGB_genome_fastas_part3/4829/ZeeviD_2015__PNP_Main_30__bin.24.fa	/home/jshaw/scratch/2022_sketched_distance/references/SGB_genome_fastas_part3/4829/ZeeviD_2015__PNP_Main_340__bin.40.fa	/home/jshaw/scratch/2022_sketched_distance/references/SGB_genome_fastas_part3/4829/ZeeviD_2015__PNP_Main_359__bin.43.fa	/home/jshaw/scratch/2022_sketched_distance/references/SGB_genome_fastas_part3/4829/ZeeviD_2015__PNP_Main_38__bin.4.fa	/home/jshaw/scratch/2022_sketched_distance/references/SGB_genome_fastas_part3/4829/ZeeviD_2015__PNP_Main_459__bin.26.fa	/home/jshaw/scratch/2022_sketched_distance/references/SGB_genome_fastas_part3/4829/ZeeviD_2015__PNP_Main_689__bin.9.fa	/home/jshaw/scratch/2022_sketched_distance/references/SGB_genome_fastas_part3/4829/ZeeviD_2015__PNP_Main_71__bin.27.fa	/home/jshaw/scratch/2022_sketched_distance/references/SGB_genome_fastas_part3/4829/ZellerG_2014__CCIS74726977ST-3-0__bin.79.fa
1.0	0.9823461979538697	0.9859973687890062	0.9804924098128057	0.9850991546825641	0.974302703615184	0.9658309116600376	0.9834867709357337	0.9812232964301227	0.9837739809862858	0.9744413115741574	0.9819129722859887	0.9843557334166803	0.9763248645713383	0.9825978851914812	0.9822089870956903	0.9784799919812174	0.9832325051851672	0.9827618149930117	0.9845012244822924	0.9746693383094289	0.9743537115387468	0.9850298090779099	0.9771181779664787	0.9812166760422725	0.9787977077852645	0.9850970764952418	0.9782416664345854	0.9826274213495136	0.9666004938542931
0.9823461979538697	1.0	0.9822891973792159	0.9798934654559649	0.9820393754145466	0.9712743715791908	0.9658086295612701	0.9845694701836619	0.9818587169975537	0.9802258843508658	0.9709847612142595	0.9824634232456882	0.9816047548504041	0.9768831113718137	0.9778589700059498	0.9779964963918446	0.9782959849393437	0.9782994997564031	0.9797196113131167	0.9822363205271569	0.9720919621852029	0.9753197789000803	0.9824484298735533	0.9745943353750226	0.982610567319288	0.9779082746465493	0.9838999727276168	0.9785207212565346	0.980620956983267	0.9652244221565257
0.9859973687890062	0.9822891973792159	1.0	0.9803389997223116	0.984479210408655	0.9725103055161199	0.9653230389548334	0.9829042130489357	0.9817260065332739	0.9821328237768844	0.973248680352715	0.9825605567957115	0.9832568224736491	0.9765272627685533	0.9817386032987542	0.9825050546886013	0.9783792570457193	0.9834246674421981	0.9824641580623159	0.9851546027343174	0.9737062470147586	0.9775658328882161	0.9854550344300387	0.9779632604052071	0.9817521864406945	0.9809149189015715	0.9856298495072175	0.9783109813548306	0.9823842293774571	0.9654485104880012
0.9804924098128057	0.9798934654559649	0.9803389997223116	1.0	0.979790212069375	0.9686315447314079	0.96732435136448	0.9857790934606654	0.980676736719665	0.9764108215289194	0.9767181627855057	0.9856573567696127	0.981402749454935	0.9842362296532331	0.981006387179734	0.9777185377660933	0.9817797274551792	0.979767485771705	0.9785738296116201	0.9820439173922023	0.9755973110632882	0.9782450434196874	0.9811782758024816	0.9794361883468206	0.9818314616356779	0.9834529899685132	0.984392535113264	0.9773945537833209	0.9849660476033412	0.9633223125799077
0.9850991546825641	0.9820393754145466	0.984479210408655	0.979790212069375	1.0	0.973121574868926	0.9648682910501838	0.9823643412076826	0.981552818188838	0.9812807397634553	0.9736905783201361	0.9828436793775834	0.9832684166004731	0.9762186958327429	0.981727681331525	0.981862107911909	0.9778145504149899	0.9830695291411731	0.9828598054237668	0.9847979104915164	0.973887453593944	0.9747212468467618	0.985520413036106	0.9776075250040368	0.9808344469053856	0.980730431842144	0.9856939019545452	0.9760396213980084	0.9810574341567437	0.9652469865720528
0.974302703615184	0.9712743715791908	0.9725103055161199	0.9686315447314079	0.973121574868926	1.0	0.9578885687438249	0.9720749335100054	0.9717618859926073	0.9758684117585747	0.9672932555141598	0.9691711134529791	0.9718631608731079	0.9695326529879313	0.972698789596495	0.9695017281998961	0.9702306152601751	0.9720969103701579	0.9732124935292955	0.9731247104102609	0.9667427478973223	0.962967713664999	0.9720819485674517	0.9680346055716833	0.9703572572660132	0.9684202842610313	0.9719501493180075	0.9660608042822265	0.969513205640316	0.9585509766176226
0.9658309116600376	0.9658086295612701	0.9653230389548334	0.96732435136448	0.9648682910501838	0.9578885687438249	1.0	0.9672826759744558	0.9662876362104972	0.9677093346645526	0.9582815561742623	0.9678491598168646	0.9642904442808371	0.9643338387824257	0.9643150047155727	0.961289666894591	0.9642695719875565	0.9640340462765128	0.9646593351049556	0.9680568456020378	0.9582821525744799	0.9616240155196978	0.9673282648403643	0.960851154786479	0.9655071576049445	0.964411216758398	0.9689469363637983	0.9598286937777807	0.9641247323631865	0.9782553301729113
0.9834867709357337	0.9845694701836619	0.9829042130489357	0.9857790934606654	0.9823643412076826	0.9720749335100054	0.9672826759744558	1.0	0.9832744123213037	0.9805718152962657	0.9738380297420508	0.9852241430980117	0.9828514851875771	0.980920060035739	0.9792853349603035	0.9792796170193716	0.9793857183872228	0.9792455316245672	0.9794708414556818	0.9830575475853756	0.9738407510211594	0.97784147073434	0.9847998325491202	0.9764965302580636	0.9847543468583073	0.9800452483944071	0.9863153780183985	0.9804136767971202	0.9809914696261266	0.9647174865583071
0.9812232964301227	0.9818587169975537	0.9817260065332739	0.980676736719665	0.981552818188838	0.9717618859926073	0.9662876362104972	0.9832744123213037	1.0	0.980918289963324	0.9749956351509941	0.9815785566376412	0.9808036228016838	0.9782314383411015	0.9803076739808256	0.9780232950408698	0.9788471139465345	0.9790101146722454	0.9805155524628062	0.9825095476321595	0.9762945574362225	0.9742413443530107	0.9827606870697255	0.9763624595954125	0.9815396497896749	0.9793800396174196	0.9829491871827637	0.9767975212003929	0.9806815361648481	0.965990588887236
0.9837739809862858	0.9802258843508658	0.9821328237768844	0.9764108215289194	0.9812807397634553	0.9758684117585747	0.9677093346645526	0.9805718152962657	0.980918289963324	1.0	0.9761810019202108	0.9785223081191411	0.9801470906119208	0.9767217140736107	0.9809278967134448	0.9791242933191845	0.9797504233311811	0.980491674723712	0.982153495005578	0.982167884496627	0.9754945120082101	0.9717080629365967	0.98162047603816	0.9771474473051328	0.979220501793189	0.9778346099674011	0.9809253445491797	0.9744919175759742	0.9791660650887156	0.9680403113849109
0.9744413115741574	0.9709847612142595	0.973248680352715	0.9767181627855057	0.9736905783201361	0.9672932555141598	0.9582815561742623	0.9738380297420508	0.9749956351509941	0.9761810019202108	1.0	0.9716074032107294	0.9718967117211299	0.9775072285073606	0.9793188684129496	0.9724312304599991	0.9817573484980567	0.9737108043078243	0.9772789807418648	0.9755361345110019	0.9846495965413404	0.9597797778826364	0.973973905638978	0.9834327104098928	0.9726553300008814	0.978375375588012	0.9752863703556461	0.9660361185557016	0.9806072629819292	0.9566147713606786
0.9819129722859887	0.9824634232456882	0.9825605567957115	0.9856573567696127	0.9828436793775834	0.9691711134529791	0.9678491598168646	0.9852241430980117	0.9815785566376412	0.9785223081191411	0.9716074032107294	1.0	0.9814078170592064	0.9794888366969153	0.978402209598763	0.9782439067304735	0.9785341896346833	0.9784222350391563	0.9780755422631114	0.9833359894292931	0.9723163868399339	0.9865410466337963	0.9871823246037079	0.9757177414081506	0.9847985117117993	0.9815290847034368	0.9895004634884915	0.9800453960634803	0.9811407637712332	0.9651360215924285
0.9843557334166803	0.9816047548504041	0.9832568224736491	0.981402749454935	0.9832684166004731	0.9718631608731079	0.9642904442808371	0.9828514851875771	0.9808036228016838	0.9801470906119208	0.9718967117211299	0.9814078170592064	1.0	0.9770111951874303	0.9806389959386642	0.9810736566256005	0.9763006405113152	0.9808480670933866	0.9803731201820158	0.982693896445592	0.9719501493180075	0.9727669212686182	0.9832572662756209	0.9751040869132852	0.9807172431339906	0.9787034082172209	0.9833099878507036	0.9774440449731836	0.9804719734775327	0.9640225582775419
0.9763248645713383	0.9768831113718137	0.9765272627685533	0.9842362296532331	0.9762186958327429	0.9695326529879313	0.9643338387824257	0.980920060035739	0.9782314383411015	0.9767217140736107	0.9775072285073606	0.9794888366969153	0.9770111951874303	1.0	0.9804255295432013	0.9738107820825307	0.9800387913331673	0.9758552536337498	0.9767658871845684	0.9788854199751755	0.9781033197379628	0.9736790638940355	0.9780311955780624	0.9774432540073771	0.9767688667268878	0.9790884982897272	0.9801573668426679	0.97400641978715	0.9810007605958627	0.9616468848951335
0.9825978851914812	0.9778589700059498	0.9817386032987542	0.981006387179734	0.981727681331525	0.972698789596495	0.9643150047155727	0.9792853349603035	0.9803076739808256	0.9809278967134448	0.9793188684129496	0.978402209598763	0.9806389959386642	0.9804255295432013	1.0	0.9799265112094927	0.9810450627715713	0.9816018779231034	0.9833617035532639	0.9834727785342259	0.9789044172956413	0.9691431086920744	0.9810058026024786	0.9804083968263154	0.977430657382785	0.9817884877138716	0.9812343152658475	0.9733441139300735	0.9835365449730935	0.9641071173849894
0.9822089870956903	0.9779964963918446	0.9825050546886013	0.9777185377660933	0.981862107911909	0.9695017281998961	0.961289666894591	0.9792796170193716	0.9780232950408698	0.9791242933191845	0.9724312304599991	0.9782439067304735	0.9810736566256005	0.9738107820825307	0.9799265112094927	1.0	0.9745758524844645	0.9834912278480197	0.981368826781169	0.981803234996883	0.972290473917989	0.9707936426180562	0.9810781383754993	0.9779619161662068	0.9775686049595507	0.9792668701543021	0.9812813141247484	0.9754201018305173	0.9782029772514717	0.9617254726717844
0.9784799919812174	0.9782959849393437	0.9783792570457193	0.9817797274551792	0.9778145504149899	0.9702306152601751	0.9642695719875565	0.9793857183872228	0.9788471139465345	0.9797504233311811	0.9817573484980567	0.9785341896346833	0.9763006405113152	0.9800387913331673	0.9810450627715713	0.9745758524844645	1.0	0.9777291835603142	0.9805172953422367	0.9816650408022103	0.9823385022746204	0.969788299562346	0.9783112436378959	0.9808124594609329	0.9767115814040406	0.9811796852983673	0.9813213795723543	0.9708480652701468	0.9843839265670932	0.9634735388090991
0.9832325051851672	0.9782994997564031	0.9834246674421981	0.979767485771705	0.9830695291411731	0.9720969103701579	0.9640340462765128	0.9792455316245672	0.9790101146722454	0.980491674723712	0.9737108043078243	0.9784222350391563	0.9808480670933866	0.9758552536337498	0.9816018779231034	0.9834912278480197	0.9777291835603142	1.0	0.9834807796012668	0.9849685692867407	0.9741871566485336	0.970773217622959	0.9833550531882354	0.9830906346356201	0.9780626268010674	0.9820408971000432	0.9823698143345706	0.9729379178826073	0.9827445737381529	0.9639523852938704
0.9827618149930117	0.9797196113131167	0.9824641580623159	0.9785738296116201	0.9828598054237668	0.9732124935292955	0.9646593351049556	0.9794708414556818	0.9805155524628062	0.982153495005578	0.9772789807418648	0.9780755422631114	0.9803731201820158	0.9767658871845684	0.9833617035532639	0.981368826781169	0.9805172953422367	0.9834807796012668	1.0	0.9842833933733177	0.9765854816375658	0.9701852996974695	0.9826464662901473	0.9799027658580086	0.9781400206549645	0.9819963365927457	0.9823667609540045	0.9734970995594449	0.9823131633431316	0.9639863728286359
0.9845012244822924	0.9822363205271569	0.9851546027343174	0.9820439173922023	0.9847979104915164	0.9731247104102609	0.9680568456020378	0.9830575475853756	0.9825095476321595	0.982167884496627	0.9755361345110019	0.9833359894292931	0.982693896445592	0.9788854199751755	0.9834727785342259	0.981803234996883	0.9816650408022103	0.9849685692867407	0.9842833933733177	1.0	0.9766803021547004	0.9751104691946271	0.986169702004725	0.9808274742043356	0.9818229759804067	0.983390008893636	0.9862040650208671	0.9773877921345118	0.9848084613937389	0.9665502777910148
0.9746693383094289	0.9720919621852029	0.9737062470147586	0.9755973110632882	0.973887453593944	0.9667427478973223	0.9582821525744799	0.9738407510211594	0.9762945574362225	0.9754945120082101	0.9846495965413404	0.9723163868399339	0.9719501493180075	0.9781033197379628	0.9789044172956413	0.972290473917989	0.9823385022746204	0.9741871566485336	0.9765854816375658	0.9766803021547004	1.0	0.9624885381190279	0.9743398791641459	0.9823811751593583	0.9738973421921576	0.9783027163960384	0.9773682042522728	0.9653364738818349	0.9804102893717179	0.9568003968387204
0.9743537115387468	0.9753197789000803	0.9775658328882161	0.9782450434196874	0.9747212468467618	0.962967713664999	0.9616240155196978	0.97784147073434	0.9742413443530107	0.9717080629365967	0.9597797778826364	0.9865410466337963	0.9727669212686182	0.9736790638940355	0.9691431086920744	0.9707936426180562	0.969788299562346	0.970773217622959	0.9701852996974695	0.9751104691946271	0.9624885381190279	1.0	0.9804797236871922	0.9628752275407646	0.9778011864076667	0.9724404279731177	0.982734755317879	0.9743446268429824	0.9722988303929175	0.9591376973176071
0.9850298090779099	0.9824484298735533	0.9854550344300387	0.9811782758024816	0.985520413036106	0.9720819485674517	0.9673282648403643	0.9847998325491202	0.9827606870697255	0.98162047603816	0.973973905638978	0.9871823246037079	0.9832572662756209	0.9780311955780624	0.9810058026024786	0.9810781383754993	0.9783112436378959	0.9833550531882354	0.9826464662901473	0.986169702004725	0.9743398791641459	0.9804797236871922	1.0	0.9795510863117723	0.9835827013954621	0.9830298774879407	0.9889523989230596	0.978169348351931	0.9827050630790081	0.9658335782164864
0.9771181779664787	0.9745943353750226	0.9779632604052071	0.9794361883468206	0.9776075250040368	0.9680346055716833	0.960851154786479	0.9764965302580636	0.9763624595954125	0.9771474473051328	0.9834327104098928	0.9757177414081506	0.9751040869132852	0.9774432540073771	0.9804083968263154	0.9779619161662068	0.9808124594609329	0.9830906346356201	0.9799027658580086	0.9808274742043356	0.9823811751593583	0.9628752275407646	0.9795510863117723	1.0	0.9747448685635152	0.985002171128354	0.9806992775917831	0.968463141506609	0.9825381168811737	0.9601471294767263
0.9812166760422725	0.982610567319288	0.9817521864406945	0.9818314616356779	0.9808344469053856	0.9703572572660132	0.9655071576049445	0.9847543468583073	0.9815396497896749	0.979220501793189	0.9726553300008814	0.9847985117117993	0.9807172431339906	0.9767688667268878	0.977430657382785	0.9775686049595507	0.9767115814040406	0.9780626268010674	0.9781400206549645	0.9818229759804067	0.9738973421921576	0.9778011864076667	0.9835827013954621	0.9747448685635152	1.0	0.9802605305344322	0.9849125770167264	0.9770611720713167	0.9808686580171984	0.9650662696087732
0.9787977077852645	0.9779082746465493	0.9809149189015715	0.9834529899685132	0.980730431842144	0.9684202842610313	0.964411216758398	0.9800452483944071	0.9793800396174196	0.9778346099674011	0.978375375588012	0.9815290847034368	0.9787034082172209	0.9790884982897272	0.9817884877138716	0.9792668701543021	0.9811796852983673	0.9820408971000432	0.9819963365927457	0.983390008893636	0.9783027163960384	0.9724404279731177	0.9830298774879407	0.985002171128354	0.9802605305344322	1.0	0.9842019586771842	0.9729183704073278	0.9853280355475105	0.9613084506244303
0.9850970764952418	0.9838999727276168	0.9856298495072175	0.984392535113264	0.9856939019545452	0.9719501493180075	0.9689469363637983	0.9863153780183985	0.9829491871827637	0.9809253445491797	0.9752863703556461	0.9895004634884915	0.9833099878507036	0.9801573668426679	0.9812343152658475	0.9812813141247484	0.9813213795723543	0.9823698143345706	0.9823667609540045	0.9862040650208671	0.9773682042522728	0.982734755317879	0.9889523989230596	0.9806992775917831	0.9849125770167264	0.9842019586771842	1.0	0.9787831882839952	0.9837467788714327	0.966803104081464
0.9782416664345854	0.9785207212565346	0.9783109813548306	0.9773945537833209	0.9760396213980084	0.9660608042822265	0.9598286937777807	0.9804136767971202	0.9767975212003929	0.9744919175759742	0.9660361185557016	0.9800453960634803	0.9774440449731836	0.97400641978715	0.9733441139300735	0.9754201018305173	0.9708480652701468	0.9729379178826073	0.9734970995594449	0.9773877921345118	0.9653364738818349	0.9743446268429824	0.978169348351931	0.968463141506609	0.9770611720713167	0.9729183704073278	0.9787831882839952	1.0	0.973946798059425	0.9603298819628058
0.9826274213495136	0.980620956983267	0.9823842293774571	0.9849660476033412	0.9810574341567437	0.969513205640316	0.9641247323631865	0.9809914696261266	0.9806815361648481	0.9791660650887156	0.9806072629819292	0.9811407637712332	0.9804719734775327	0.9810007605958627	0.9835365449730935	0.9782029772514717	0.9843839265670932	0.9827445737381529	0.9823131633431316	0.9848084613937389	0.9804102893717179	0.9722988303929175	0.9827050630790081	0.9825381168811737	0.9808686580171984	0.9853280355475105	0.9837467788714327	0.973946798059425	1.0	0.9627242799388386
0.9666004938542931	0.9652244221565257	0.9654485104880012	0.9633223125799077	0.9652469865720528	0.9585509766176226	0.9782553301729113	0.9647174865583071	0.965990588887236	0.9680403113849109	0.9566147713606786	0.9651360215924285	0.9640225582775419	0.9616468848951335	0.9641071173849894	0.9617254726717844	0.9634735388090991	0.9639523852938704	0.9639863728286359	0.9665502777910148	0.9568003968387204	0.9591376973176071	0.9658335782164864	0.9601471294767263	0.9650662696087732	0.9613084506244303	0.966803104081464	0.9603298819628058	0.9627242799388386	1.0
