/home/jshaw/scratch/2022_sketched_distance/references/SGB_genome_fastas_part2/4194/BackhedF_2015__SID201_M__bin.16.fa	/home/jshaw/scratch/2022_sketched_distance/references/SGB_genome_fastas_part2/4194/Bengtsson-PalmeJ_2015__TRAVELRES2__bin.73.fa	/home/jshaw/scratch/2022_sketched_distance/references/SGB_genome_fastas_part2/4194/Bengtsson-PalmeJ_2015__TRAVELRES66__bin.37.fa	/home/jshaw/scratch/2022_sketched_distance/references/SGB_genome_fastas_part2/4194/BritoIL_2016__M1.59.ST__bin.102.fa	/home/jshaw/scratch/2022_sketched_distance/references/SGB_genome_fastas_part2/4194/BritoIL_2016__W1.11.ST__bin.3.fa	/home/jshaw/scratch/2022_sketched_distance/references/SGB_genome_fastas_part2/4194/ChengpingW_2017__AS78raw__bin.62.fa	/home/jshaw/scratch/2022_sketched_distance/references/SGB_genome_fastas_part2/4194/CosteaPI_2017__alien-11-600-0__bin.4.fa	/home/jshaw/scratch/2022_sketched_distance/references/SGB_genome_fastas_part2/4194/CosteaPI_2017__SID713A057-11-0-0__bin.30.fa	/home/jshaw/scratch/2022_sketched_distance/references/SGB_genome_fastas_part2/4194/CosteaPI_2017__SID713A058-11-0-0__bin.1.fa	/home/jshaw/scratch/2022_sketched_distance/references/SGB_genome_fastas_part2/4194/CosteaPI_2017__SID713B005-11-90-0__bin.25.fa	/home/jshaw/scratch/2022_sketched_distance/references/SGB_genome_fastas_part2/4194/CosteaPI_2017__SID713B014-11-90-0__bin.33.fa	/home/jshaw/scratch/2022_sketched_distance/references/SGB_genome_fastas_part2/4194/CosteaPI_2017__SID713B063-11-0-0__bin.75.fa	/home/jshaw/scratch/2022_sketched_distance/references/SGB_genome_fastas_part2/4194/CosteaPI_2017__SID713B072-11-0-0__bin.57.fa	/home/jshaw/scratch/2022_sketched_distance/references/SGB_genome_fastas_part2/4194/CosteaPI_2017__SID713B072-11-90-0__bin.28.fa	/home/jshaw/scratch/2022_sketched_distance/references/SGB_genome_fastas_part2/4194/FengQ_2015__SID530600__bin.2.fa	/home/jshaw/scratch/2022_sketched_distance/references/SGB_genome_fastas_part2/4194/LeChatelierE_2013__MH0169__bin.13.fa	/home/jshaw/scratch/2022_sketched_distance/references/SGB_genome_fastas_part2/4194/LiJ_2014__V1.CD55-0__bin.62.fa	/home/jshaw/scratch/2022_sketched_distance/references/SGB_genome_fastas_part2/4194/LiJ_2014__V1.CD8-0-PN__bin.57.fa	/home/jshaw/scratch/2022_sketched_distance/references/SGB_genome_fastas_part2/4194/LiJ_2014__V1.UC63-0__bin.82.fa	/home/jshaw/scratch/2022_sketched_distance/references/SGB_genome_fastas_part2/4194/LiJ_2017__H1M413815__bin.24.fa	/home/jshaw/scratch/2022_sketched_distance/references/SGB_genome_fastas_part2/4194/LiJ_2017__H2M513938__bin.20.fa	/home/jshaw/scratch/2022_sketched_distance/references/SGB_genome_fastas_part2/4194/LiJ_2017__H3M415131__bin.36.fa	/home/jshaw/scratch/2022_sketched_distance/references/SGB_genome_fastas_part2/4194/LiuW_2016__SRR3992984__bin.8.fa	/home/jshaw/scratch/2022_sketched_distance/references/SGB_genome_fastas_part2/4194/NielsenHB_2014__MH0169__bin.18.fa	/home/jshaw/scratch/2022_sketched_distance/references/SGB_genome_fastas_part2/4194/NielsenHB_2014__V1_CD38_0__bin.40.fa	/home/jshaw/scratch/2022_sketched_distance/references/SGB_genome_fastas_part2/4194/NielsenHB_2014__V1_UC28_0__bin.36.fa	/home/jshaw/scratch/2022_sketched_distance/references/SGB_genome_fastas_part2/4194/QinJ_2012__CON-099__bin.46.fa	/home/jshaw/scratch/2022_sketched_distance/references/SGB_genome_fastas_part2/4194/QinJ_2012__T2D-012__bin.11.fa	/home/jshaw/scratch/2022_sketched_distance/references/SGB_genome_fastas_part2/4194/QinN_2014__HD-53__bin.28.fa	/home/jshaw/scratch/2022_sketched_distance/references/SGB_genome_fastas_part2/4194/QinN_2014__HD-60__bin.57.fa	/home/jshaw/scratch/2022_sketched_distance/references/SGB_genome_fastas_part2/4194/RampelliS_2015__H10__bin.65.fa	/home/jshaw/scratch/2022_sketched_distance/references/SGB_genome_fastas_part2/4194/RaymondF_2016__P38C0__bin.23.fa	/home/jshaw/scratch/2022_sketched_distance/references/SGB_genome_fastas_part2/4194/VogtmannE_2016__MMRS33294861ST-27-0-0__bin.63.fa	/home/jshaw/scratch/2022_sketched_distance/references/SGB_genome_fastas_part2/4194/WenC_2017__N018__bin.59.fa	/home/jshaw/scratch/2022_sketched_distance/references/SGB_genome_fastas_part2/4194/WenC_2017__N308__bin.46.fa	/home/jshaw/scratch/2022_sketched_distance/references/SGB_genome_fastas_part2/4194/WenC_2017__RA035__bin.14.fa	/home/jshaw/scratch/2022_sketched_distance/references/SGB_genome_fastas_part2/4194/XieH_2016__YSZC12003_35989__bin.7.fa	/home/jshaw/scratch/2022_sketched_distance/references/SGB_genome_fastas_part2/4194/YuJ_2015__SZAXPI015270-90__bin.14.fa	/home/jshaw/scratch/2022_sketched_distance/references/SGB_genome_fastas_part2/4194/ZeeviD_2015__PNP_Main_429__bin.44.fa
1.0	0.9776768484465419	0.973639824244234	0.9859166834297981	0.9855103732399133	0.9772308787519165	0.9890156263788136	0.976258752373778	0.9760124293956057	0.9869167495579597	0.9779471533921035	0.9713813112707256	0.9857797283432116	0.9861576466721945	0.9767108161891689	0.9819329962338074	0.9783990506747443	0.9751255610203584	0.9812941412366983	0.9775684725808477	0.9760820075195445	0.9747992216580164	0.9747354024572993	0.9812558791489353	0.9745999976725233	0.9747277135686138	0.9816865383462419	0.9754711657081404	0.9771538647062311	0.9749978419193684	0.9661663675354172	0.9753256223213548	0.9817372597163624	0.9722703840474163	0.976758846232076	0.9783060747469549	0.9661591079007773	0.9741673100533197	0.9806342892187538
0.9776768484465419	1.0	0.9833619537130106	0.9756001628029722	0.975303900059694	0.9944492972034377	0.9788020355507735	0.9941445985477357	0.9920664355245354	0.9783358362204572	0.9954027610834164	0.9805681083423919	0.9756724741675075	0.9762405742928728	0.9932383550138278	0.9838104302466614	0.9938868269216609	0.9850314696660866	0.9809571712825854	0.9936400725332658	0.9886352542321775	0.9869916659331643	0.9846359297116019	0.9827598215651042	0.9850711425725552	0.9843889537724633	0.9771962625884605	0.9898788680083662	0.9929085105795961	0.9930092896839221	0.9738364981311541	0.9859335840903415	0.9699575098148717	0.9873555890637179	0.9872775795871103	0.9933409879059464	0.9737774187260508	0.9860420868244331	0.9704243789071427
0.973639824244234	0.9833619537130106	1.0	0.9719433348791546	0.9714760474626588	0.9822168881574694	0.9751463807616534	0.9831345334079487	0.9809880121584714	0.9745171557583595	0.9831803797041687	0.9810178935371572	0.9729605200321543	0.9735468033645711	0.9812754055190616	0.9779715945514379	0.9824404162605846	0.9864564187781562	0.9748026440776304	0.9833696605112101	0.9835500801859912	0.9830631597913599	0.9845843322609615	0.9768177712034133	0.9797938362791261	0.984256212018705	0.9721184646399919	0.9792357554592434	0.981441463590747	0.9810700857087347	0.9743958420247912	0.9843666499421645	0.9667436867266005	0.9760113477538894	0.982270902961717	0.9821581734936228	0.9716702724019128	0.9845018935394713	0.9670893849718154
0.9859166834297981	0.9756001628029722	0.9719433348791546	1.0	0.9871466580121256	0.9751999305189848	0.9857035377476716	0.9745595072106593	0.9729476142867158	0.9859153398443391	0.9757599423827832	0.9680828219778715	0.9890756541514704	0.9894116416074498	0.9733998515989057	0.9810730809083198	0.9750870096040518	0.9723650745938546	0.9789351427783289	0.9750883159121324	0.9741338707905075	0.9716845750649824	0.9720548630385897	0.9803878407012201	0.9708881513056805	0.9711578448720976	0.9791984569532777	0.9717751517892687	0.9744057375802385	0.9728591204018351	0.9645722973797941	0.9718000736553792	0.9815023423980422	0.9681057864952373	0.9743999717332282	0.9749070778419376	0.9608834873784144	0.972457435973285	0.9762722421094376
0.9855103732399133	0.975303900059694	0.9714760474626588	0.9871466580121256	1.0	0.9744892661392647	0.98506720876982	0.9742774597280509	0.9730906736081543	0.9840241684856186	0.9753938125149728	0.9683809651509575	0.9879273715718059	0.988464865757491	0.9739283659520606	0.9799389833871188	0.9753164821910627	0.9723553053916619	0.9807437640610396	0.9749291789678914	0.9744227919163152	0.9713403109532982	0.971576632317637	0.9793714645920152	0.9716052007484978	0.9716378345132702	0.9796827806711685	0.9721222673762764	0.974625159074889	0.9723364394423601	0.9631913450772129	0.9719658573725444	0.9829068901174205	0.9689383973063338	0.9746231439631132	0.9754622280364068	0.9621587955990505	0.9730297738176573	0.9758993521171325
0.9772308787519165	0.9944492972034377	0.9822168881574694	0.9751999305189848	0.9744892661392647	1.0	0.9783050851134558	0.9929864863952069	0.9904030183335703	0.978494984955307	0.9939920993118956	0.9796116704832646	0.9754679586758467	0.9757861881281381	0.9914470419723095	0.9827978507144889	0.9922687588615193	0.9840600208235545	0.9800099321354566	0.9927641227424212	0.9883396317781731	0.9857598496725266	0.9834753060428404	0.9819383036498248	0.9837970198393762	0.9830568586954984	0.9761667258029237	0.9879253707959413	0.9916582997588406	0.9914547845772604	0.9724410220206197	0.9850874165209008	0.9693110627405425	0.9861698540982863	0.9868799518313841	0.9921232768044221	0.9722511254352382	0.9854774798496123	0.9689449099288516
0.9890156263788136	0.9788020355507735	0.9751463807616534	0.9857035377476716	0.98506720876982	0.9783050851134558	1.0	0.9777463071657228	0.9766297870320562	0.9935132472810452	0.9787980937982583	0.971433951107505	0.985870784829569	0.9862523958191061	0.9776929174291809	0.9825426717645427	0.9792531289776625	0.9762592730428049	0.9823532603422103	0.9788871259328336	0.9775463842210048	0.9757450923609786	0.9754381302416268	0.9814443054091662	0.9751401828562438	0.9754526347339207	0.982160126777293	0.975929572136322	0.977853192666265	0.9762885386557735	0.968141317382111	0.976478610429543	0.9809849338161819	0.9724886171416602	0.9780250569617442	0.9793229012663525	0.9666806083081345	0.9750122402365767	0.9863783267793556
0.976258752373778	0.9941445985477357	0.9831345334079487	0.9745595072106593	0.9742774597280509	0.9929864863952069	0.9777463071657228	1.0	0.994673696460531	0.9775014114989458	0.9932809345573955	0.9796726715875085	0.9746770149122409	0.9749977112987411	0.9916441362155565	0.9815579483620427	0.9919267393629855	0.9842567575073421	0.9789577143640069	0.9929449228945646	0.9884721886471597	0.9859554568098967	0.9845601639676126	0.9810178935371572	0.9832346207728656	0.9836747226462234	0.9754315949820926	0.9875801329784831	0.9912565267432274	0.9920012551939787	0.9722325005148204	0.9853933834180449	0.9680762695517908	0.9851406928166306	0.9861831286056703	0.9915226304581626	0.9724557691928284	0.9875372952750169	0.9687071332934188
0.9760124293956057	0.9920664355245354	0.9809880121584714	0.9729476142867158	0.9730906736081543	0.9904030183335703	0.9766297870320562	0.994673696460531	1.0	0.9755515955286769	0.9916303303115009	0.9837667696207011	0.9735951175236197	0.9741801444251308	0.9925295722582792	0.9798344310579884	0.9904468538134157	0.9836714374815838	0.9782363943440621	0.9921471900681504	0.9857662151573421	0.9885547576416691	0.9857852005672038	0.9784977050760162	0.9831298290801962	0.9841970822542814	0.9773223513140668	0.98882854559881	0.9915426304591937	0.9906414356247789	0.9735108739046883	0.9860324314394322	0.9701930065182552	0.9854645437909256	0.9866264989426317	0.9915544716837523	0.975840413688236	0.985119216045926	0.9699620804955392
0.9869167495579597	0.9783358362204572	0.9745171557583595	0.9859153398443391	0.9840241684856186	0.978494984955307	0.9935132472810452	0.9775014114989458	0.9755515955286769	1.0	0.9783605332258193	0.9710614164119117	0.9844634814717219	0.984793179499399	0.9763893164676963	0.9826327658765849	0.9785368527839922	0.9760612378739763	0.982039540148308	0.9778885363354327	0.9771331540570095	0.9749639440727532	0.9749299612557514	0.9821737338806141	0.9740474176168351	0.9747261576634602	0.9801604204024023	0.9743987321625196	0.9766700531225772	0.976113516408895	0.9667312115629396	0.9755500737317905	0.9783654091259254	0.9714042773065288	0.9771529842173774	0.9781097961547581	0.9648434018875325	0.9759824132799031	0.9839505341671281
0.9779471533921035	0.9954027610834164	0.9831803797041687	0.9757599423827832	0.9753938125149728	0.9939920993118956	0.9787980937982583	0.9932809345573955	0.9916303303115009	0.9783605332258193	1.0	0.9807560915114838	0.9758895101688956	0.9763706581380365	0.9927765742251555	0.9837780327501655	0.9931483329666172	0.9845180132311572	0.9808847591735832	0.9933133635441525	0.9880580465303086	0.9867352428571269	0.9845706361300803	0.982634927680987	0.9844830727602479	0.9840534131389481	0.9772993431726451	0.9891539782702466	0.9927575769542235	0.9929740389578555	0.9739389498417319	0.9859821944463966	0.9700062818528139	0.9867784124574999	0.9873078664538814	0.9926701997936825	0.9733861563636917	0.9858749862613058	0.9697446371933028
0.9713813112707256	0.9805681083423919	0.9810178935371572	0.9680828219778715	0.9683809651509575	0.9796116704832646	0.971433951107505	0.9796726715875085	0.9837667696207011	0.9710614164119117	0.9807560915114838	1.0	0.9689866326630849	0.9695897905049536	0.9818946925213983	0.9737544600659653	0.9803922728797552	0.9837562608090182	0.9732309512274011	0.9819146883603633	0.980455101041411	0.98547922297983	0.9896627065725263	0.9725647818880273	0.979094960097165	0.9838334138833695	0.971513744620709	0.9804322126501462	0.9807970385227027	0.9793563864662028	0.9742522728233213	0.9844521539327592	0.9669101394641855	0.974842549350691	0.9831494644299953	0.9817715733718818	0.9723855867137478	0.9862360559608991	0.9671157883568342
0.9857797283432116	0.9756724741675075	0.9729605200321543	0.9890756541514704	0.9879273715718059	0.9754679586758467	0.985870784829569	0.9746770149122409	0.9735951175236197	0.9844634814717219	0.9758895101688956	0.9689866326630849	1.0	0.9990493982988804	0.9743786860907536	0.9803770115152161	0.9756581016755139	0.9734343969698993	0.9793571021518356	0.9757292933735912	0.97517666591459	0.9726061214332974	0.9728906345961306	0.9796251981684724	0.9726437658700463	0.9723378255872352	0.9800615507596739	0.9721584426191501	0.974850865239125	0.973084149648618	0.964743078937792	0.9729484063577751	0.9820249835540394	0.9688756326901573	0.9751188296769434	0.9758499303479271	0.9631605964461538	0.9729706466318475	0.9767604227773208
0.9861576466721945	0.9762405742928728	0.9735468033645711	0.9894116416074498	0.988464865757491	0.9757861881281381	0.9862523958191061	0.9749977112987411	0.9741801444251308	0.984793179499399	0.9763706581380365	0.9695897905049536	0.9990493982988804	1.0	0.9750658212718825	0.9808700811686616	0.9762265775472493	0.9739371997149038	0.9799200869783959	0.9761751173246789	0.9752055081540297	0.9731072323762501	0.9733439065578763	0.9799752753057511	0.9731824947465373	0.9728734440051519	0.9806638317080922	0.9729263025521677	0.9753446257508931	0.9738049863604218	0.9652050310677648	0.9735741985814808	0.9825416289687843	0.9694178655684091	0.9756776982267883	0.9762528129587512	0.9637844442491358	0.9732709899577454	0.9772086016019741
0.9767108161891689	0.9932383550138278	0.9812754055190616	0.9733998515989057	0.9739283659520606	0.9914470419723095	0.9776929174291809	0.9916441362155565	0.9925295722582792	0.9763893164676963	0.9927765742251555	0.9818946925213983	0.9743786860907536	0.9750658212718825	1.0	0.9809021423824543	0.9908544143322452	0.9836591798258009	0.9792032738242585	0.9919046159162058	0.9862841969397927	0.987330781461972	0.985875356391106	0.979821975863167	0.9835903171417195	0.9838254331642253	0.9774369175427108	0.9896473170611421	0.9916976628237757	0.9923899156085543	0.973971879823607	0.9856488860992791	0.9709703295862331	0.985151501040057	0.9868124757603942	0.9918609387538972	0.975280547015936	0.9846797055365756	0.9700720414316351
0.9819329962338074	0.9838104302466614	0.9779715945514379	0.9810730809083198	0.9799389833871188	0.9827978507144889	0.9825426717645427	0.9815579483620427	0.9798344310579884	0.9826327658765849	0.9837780327501655	0.9737544600659653	0.9803770115152161	0.9808700811686616	0.9809021423824543	1.0	0.9831532315480483	0.978770328096354	0.9824521974922112	0.9826175894241739	0.9820716722096549	0.9787107229593872	0.9782379647606446	0.9982044974914052	0.9799075006577612	0.9791270540738639	0.980736718574408	0.9797631810862419	0.98193828640249	0.9810939214876238	0.9691744154792079	0.9794600440242683	0.9757042761934142	0.9766649204496368	0.9820997929481503	0.9825684362680283	0.9677639392955233	0.9790572518331064	0.97258075710506
0.9783990506747443	0.9938868269216609	0.9824404162605846	0.9750870096040518	0.9753164821910627	0.9922687588615193	0.9792531289776625	0.9919267393629855	0.9904468538134157	0.9785368527839922	0.9931483329666172	0.9803922728797552	0.9756581016755139	0.9762265775472493	0.9908544143322452	0.9831532315480483	1.0	0.9839637477155615	0.9808071552230817	0.9926633552546218	0.988051235450808	0.9863275277276751	0.9842311843032914	0.9821402311921215	0.9847917859563909	0.983922732442533	0.9769444450381051	0.9886837522016985	0.991740412423877	0.9907134396338756	0.9736010710337979	0.9854677431004204	0.9708966763826238	0.9859560904179027	0.9869441230590656	0.9921510341917421	0.9737946310291744	0.9858621973737071	0.9703998276540418
0.9751255610203584	0.9850314696660866	0.9864564187781562	0.9723650745938546	0.9723553053916619	0.9840600208235545	0.9762592730428049	0.9842567575073421	0.9836714374815838	0.9760612378739763	0.9845180132311572	0.9837562608090182	0.9734343969698993	0.9739371997149038	0.9836591798258009	0.978770328096354	0.9839637477155615	1.0	0.9767142027201302	0.984422797403611	0.9847482038295948	0.9855477367192955	0.9864641191442032	0.9778821822838432	0.982357974493618	0.9871236292155932	0.9734760024129957	0.9814898543898649	0.9837904498559388	0.9828647654011002	0.9773801439570124	0.9864019133084793	0.9675609406964396	0.9771388864838776	0.9854257227831444	0.9845240692850308	0.9738274257694388	0.9857157263823914	0.9685879954884193
0.9812941412366983	0.9809571712825854	0.9748026440776304	0.9789351427783289	0.9807437640610396	0.9800099321354566	0.9823532603422103	0.9789577143640069	0.9782363943440621	0.982039540148308	0.9808847591735832	0.9732309512274011	0.9793571021518356	0.9799200869783959	0.9792032738242585	0.9824521974922112	0.9808071552230817	0.9767142027201302	1.0	0.9801746745025854	0.9793381550883773	0.976489232451174	0.9760663298975297	0.9815761644060989	0.9762356309465556	0.975979766162229	0.9808930278761527	0.9782765689865475	0.9795241011804172	0.977841350043284	0.9672207446900796	0.976708997127295	0.9753370893889	0.9747050012681885	0.9797352166788135	0.9809360164178681	0.9665248887901134	0.9771005872664718	0.9739634564861472
0.9775684725808477	0.9936400725332658	0.9833696605112101	0.9750883159121324	0.9749291789678914	0.9927641227424212	0.9788871259328336	0.9929449228945646	0.9921471900681504	0.9778885363354327	0.9933133635441525	0.9819146883603633	0.9757292933735912	0.9761751173246789	0.9919046159162058	0.9826175894241739	0.9926633552546218	0.984422797403611	0.9801746745025854	1.0	0.9884306405064078	0.9880323018283097	0.9858700898438498	0.9814869106234206	0.9846394612869156	0.9841216431872976	0.9780811279972904	0.9899628926933426	0.9947372357147465	0.9909812465834301	0.9734409752072084	0.9866950686651104	0.9702292416184611	0.9876465596573183	0.9878854103486896	0.994656660767283	0.9743536694106752	0.9857401371348954	0.9701903574696649
0.9760820075195445	0.9886352542321775	0.9835500801859912	0.9741338707905075	0.9744227919163152	0.9883396317781731	0.9775463842210048	0.9884721886471597	0.9857662151573421	0.9771331540570095	0.9880580465303086	0.980455101041411	0.97517666591459	0.9752055081540297	0.9862841969397927	0.9820716722096549	0.988051235450808	0.9847482038295948	0.9793381550883773	0.9884306405064078	1.0	0.98590149371095	0.9842454662947077	0.9811446362347741	0.9877199704783908	0.9858500042394085	0.9757545245829868	0.9838132285680711	0.9867443659926085	0.9859478360237197	0.9739375080665644	0.9867619729253868	0.9694242706845393	0.9824587733929916	0.9933151576250789	0.9880663716314415	0.9719415339465101	0.9858856223492758	0.9696897624716078
0.9747992216580164	0.9869916659331643	0.9830631597913599	0.9716845750649824	0.9713403109532982	0.9857598496725266	0.9757450923609786	0.9859554568098967	0.9885547576416691	0.9749639440727532	0.9867352428571269	0.98547922297983	0.9726061214332974	0.9731072323762501	0.987330781461972	0.9787107229593872	0.9863275277276751	0.9855477367192955	0.976489232451174	0.9880323018283097	0.98590149371095	1.0	0.9881803632025677	0.9775415082713257	0.9838287761567324	0.98689666751792	0.9754551458000139	0.9847956698459244	0.9870872206385732	0.985165656171488	0.9757615660362506	0.9928823270175201	0.9688175796618875	0.9803568894750534	0.987224546592984	0.9873095220960912	0.9742637452480202	0.9857832835180785	0.9691940008925899
0.9747354024572993	0.9846359297116019	0.9845843322609615	0.9720548630385897	0.971576632317637	0.9834753060428404	0.9754381302416268	0.9845601639676126	0.9857852005672038	0.9749299612557514	0.9845706361300803	0.9896627065725263	0.9728906345961306	0.9733439065578763	0.985875356391106	0.9782379647606446	0.9842311843032914	0.9864641191442032	0.9760663298975297	0.9858700898438498	0.9842454662947077	0.9881803632025677	1.0	0.9772828890065716	0.9820378460333545	0.9867034694453627	0.9739544532397928	0.9826562302654459	0.9842841604335745	0.9839305132825183	0.9767356495729596	0.9873273434850823	0.9692908179792971	0.97729163845597	0.9855203791661961	0.9849053950434422	0.9738574962572341	0.9935558060698	0.9689192800959804
0.9812558791489353	0.9827598215651042	0.9768177712034133	0.9803878407012201	0.9793714645920152	0.9819383036498248	0.9814443054091662	0.9810178935371572	0.9784977050760162	0.9821737338806141	0.982634927680987	0.9725647818880273	0.9796251981684724	0.9799752753057511	0.979821975863167	0.9982044974914052	0.9821402311921215	0.9778821822838432	0.9815761644060989	0.9814869106234206	0.9811446362347741	0.9775415082713257	0.9772828890065716	1.0	0.9789442138589803	0.9780143925876997	0.9795369315626622	0.978765229643336	0.9806989400056743	0.9800843736238918	0.9680688336765759	0.9781397121890228	0.9746250147009488	0.9751495970599291	0.9810532305708622	0.9814020762319545	0.9665054787698745	0.978393958406268	0.9714627759783457
0.9745999976725233	0.9850711425725552	0.9797938362791261	0.9708881513056805	0.9716052007484978	0.9837970198393762	0.9751401828562438	0.9832346207728656	0.9831298290801962	0.9740474176168351	0.9844830727602479	0.979094960097165	0.9726437658700463	0.9731824947465373	0.9835903171417195	0.9799075006577612	0.9847917859563909	0.982357974493618	0.9762356309465556	0.9846394612869156	0.9877199704783908	0.9838287761567324	0.9820378460333545	0.9789442138589803	1.0	0.9840540342795706	0.9739477092908243	0.9821922400312795	0.9842500740776156	0.9831793507925786	0.9733689358068902	0.9844565409307751	0.9675127999032189	0.9785802246050945	0.9880833229693933	0.9848264556706795	0.970994147008767	0.9814905519078067	0.9674105156082641
0.9747277135686138	0.9843889537724633	0.984256212018705	0.9711578448720976	0.9716378345132702	0.9830568586954984	0.9754526347339207	0.9836747226462234	0.9841970822542814	0.9747261576634602	0.9840534131389481	0.9838334138833695	0.9723378255872352	0.9728734440051519	0.9838254331642253	0.9791270540738639	0.983922732442533	0.9871236292155932	0.975979766162229	0.9841216431872976	0.9858500042394085	0.98689666751792	0.9867034694453627	0.9780143925876997	0.9840540342795706	1.0	0.9735521873946004	0.9820201091320915	0.9835159097857065	0.9829412645617733	0.9768381146076828	0.9877809558075424	0.9681498424284123	0.9776148654015973	0.9862783547279115	0.9842182570548061	0.9728076930089545	0.9854565050038898	0.9693750430413645
0.9816865383462419	0.9771962625884605	0.9721184646399919	0.9791984569532777	0.9796827806711685	0.9761667258029237	0.982160126777293	0.9754315949820926	0.9773223513140668	0.9801604204024023	0.9772993431726451	0.971513744620709	0.9800615507596739	0.9806638317080922	0.9774369175427108	0.980736718574408	0.9769444450381051	0.9734760024129957	0.9808930278761527	0.9780811279972904	0.9757545245829868	0.9754551458000139	0.9739544532397928	0.9795369315626622	0.9739477092908243	0.9735521873946004	1.0	0.9768246860059125	0.9775255275528565	0.9746360265034746	0.9657512867617706	0.9740917738833009	0.977602318017657	0.9728831102979102	0.9774861660593009	0.9783550801072701	0.9674189478104305	0.9720799848688085	0.9766736178750967
0.9754711657081404	0.9898788680083662	0.9792357554592434	0.9717751517892687	0.9721222673762764	0.9879253707959413	0.975929572136322	0.9875801329784831	0.98882854559881	0.9743987321625196	0.9891539782702466	0.9804322126501462	0.9721584426191501	0.9729263025521677	0.9896473170611421	0.9797631810862419	0.9886837522016985	0.9814898543898649	0.9782765689865475	0.9899628926933426	0.9838132285680711	0.9847956698459244	0.9826562302654459	0.978765229643336	0.9821922400312795	0.9820201091320915	0.9768246860059125	1.0	0.9890259447972303	0.9874474740220202	0.9736139029965019	0.9834658922972149	0.9692270009878518	0.9822816182806915	0.9847039310890835	0.9901389608307217	0.9743744548604044	0.9812064142750301	0.9695181300120531
0.9771538647062311	0.9929085105795961	0.981441463590747	0.9744057375802385	0.974625159074889	0.9916582997588406	0.977853192666265	0.9912565267432274	0.9915426304591937	0.9766700531225772	0.9927575769542235	0.9807970385227027	0.974850865239125	0.9753446257508931	0.9916976628237757	0.98193828640249	0.991740412423877	0.9837904498559388	0.9795241011804172	0.9947372357147465	0.9867443659926085	0.9870872206385732	0.9842841604335745	0.9806989400056743	0.9842500740776156	0.9835159097857065	0.9775255275528565	0.9890259447972303	1.0	0.9902258486118003	0.9732141456204834	0.9853621731844008	0.9707891097935154	0.9876772129441028	0.9866707830087194	0.9936383944105848	0.9735564641109511	0.9839038439422937	0.9700234998048509
0.9749978419193684	0.9930092896839221	0.9810700857087347	0.9728591204018351	0.9723364394423601	0.9914547845772604	0.9762885386557735	0.9920012551939787	0.9906414356247789	0.976113516408895	0.9929740389578555	0.9793563864662028	0.973084149648618	0.9738049863604218	0.9923899156085543	0.9810939214876238	0.9907134396338756	0.9828647654011002	0.977841350043284	0.9909812465834301	0.9859478360237197	0.985165656171488	0.9839305132825183	0.9800843736238918	0.9831793507925786	0.9829412645617733	0.9746360265034746	0.9874474740220202	0.9902258486118003	1.0	0.9722632042281134	0.9840245314649151	0.9678944010569384	0.985130297345508	0.9855318087584098	0.9900396869012648	0.974105746128262	0.9848613317941116	0.9682598472304506
0.9661663675354172	0.9738364981311541	0.9743958420247912	0.9645722973797941	0.9631913450772129	0.9724410220206197	0.968141317382111	0.9722325005148204	0.9735108739046883	0.9667312115629396	0.9739389498417319	0.9742522728233213	0.964743078937792	0.9652050310677648	0.973971879823607	0.9691744154792079	0.9736010710337979	0.9773801439570124	0.9672207446900796	0.9734409752072084	0.9739375080665644	0.9757615660362506	0.9767356495729596	0.9680688336765759	0.9733689358068902	0.9768381146076828	0.9657512867617706	0.9736139029965019	0.9732141456204834	0.9722632042281134	1.0	0.9760468466980837	0.961935080415408	0.9698019653343933	0.9754185848396509	0.9740870622753123	0.9658135587587201	0.9749614581337026	0.9641354240234603
0.9753256223213548	0.9859335840903415	0.9843666499421645	0.9718000736553792	0.9719658573725444	0.9850874165209008	0.976478610429543	0.9853933834180449	0.9860324314394322	0.9755500737317905	0.9859821944463966	0.9844521539327592	0.9729484063577751	0.9735741985814808	0.9856488860992791	0.9794600440242683	0.9854677431004204	0.9864019133084793	0.976708997127295	0.9866950686651104	0.9867619729253868	0.9928823270175201	0.9873273434850823	0.9781397121890228	0.9844565409307751	0.9877809558075424	0.9740917738833009	0.9834658922972149	0.9853621731844008	0.9840245314649151	0.9760468466980837	1.0	0.9692765531841169	0.9799265112094927	0.9877688539159001	0.9866012769569854	0.974813649006	0.9856207373409064	0.9693185986268967
0.9817372597163624	0.9699575098148717	0.9667436867266005	0.9815023423980422	0.9829068901174205	0.9693110627405425	0.9809849338161819	0.9680762695517908	0.9701930065182552	0.9783654091259254	0.9700062818528139	0.9669101394641855	0.9820249835540394	0.9825416289687843	0.9709703295862331	0.9757042761934142	0.9708966763826238	0.9675609406964396	0.9753370893889	0.9702292416184611	0.9694242706845393	0.9688175796618875	0.9692908179792971	0.9746250147009488	0.9675127999032189	0.9681498424284123	0.977602318017657	0.9692270009878518	0.9707891097935154	0.9678944010569384	0.961935080415408	0.9692765531841169	1.0	0.966328058442493	0.9707793141727589	0.9711544648784661	0.960657297782249	0.9671673309021449	0.9752288746867038
0.9722703840474163	0.9873555890637179	0.9760113477538894	0.9681057864952373	0.9689383973063338	0.9861698540982863	0.9724886171416602	0.9851406928166306	0.9854645437909256	0.9714042773065288	0.9867784124574999	0.974842549350691	0.9688756326901573	0.9694178655684091	0.985151501040057	0.9766649204496368	0.9859560904179027	0.9771388864838776	0.9747050012681885	0.9876465596573183	0.9824587733929916	0.9803568894750534	0.97729163845597	0.9751495970599291	0.9785802246050945	0.9776148654015973	0.9728831102979102	0.9822816182806915	0.9876772129441028	0.985130297345508	0.9698019653343933	0.9799265112094927	0.966328058442493	1.0	0.98095927747064	0.9905177732289343	0.9726391392030619	0.978466051430175	0.9698586021254879
0.976758846232076	0.9872775795871103	0.982270902961717	0.9743999717332282	0.9746231439631132	0.9868799518313841	0.9780250569617442	0.9861831286056703	0.9866264989426317	0.9771529842173774	0.9873078664538814	0.9831494644299953	0.9751188296769434	0.9756776982267883	0.9868124757603942	0.9820997929481503	0.9869441230590656	0.9854257227831444	0.9797352166788135	0.9878854103486896	0.9933151576250789	0.987224546592984	0.9855203791661961	0.9810532305708622	0.9880833229693933	0.9862783547279115	0.9774861660593009	0.9847039310890835	0.9866707830087194	0.9855318087584098	0.9754185848396509	0.9877688539159001	0.9707793141727589	0.98095927747064	1.0	0.9878799558123854	0.9737438078241597	0.9847581978385557	0.9706635007938278
0.9783060747469549	0.9933409879059464	0.9821581734936228	0.9749070778419376	0.9754622280364068	0.9921232768044221	0.9793229012663525	0.9915226304581626	0.9915544716837523	0.9781097961547581	0.9926701997936825	0.9817715733718818	0.9758499303479271	0.9762528129587512	0.9918609387538972	0.9825684362680283	0.9921510341917421	0.9845240692850308	0.9809360164178681	0.994656660767283	0.9880663716314415	0.9873095220960912	0.9849053950434422	0.9814020762319545	0.9848264556706795	0.9842182570548061	0.9783550801072701	0.9901389608307217	0.9936383944105848	0.9900396869012648	0.9740870622753123	0.9866012769569854	0.9711544648784661	0.9905177732289343	0.9878799558123854	1.0	0.9752078036502939	0.9843259567352898	0.9711659349924193
0.9661591079007773	0.9737774187260508	0.9716702724019128	0.9608834873784144	0.9621587955990505	0.9722511254352382	0.9666806083081345	0.9724557691928284	0.975840413688236	0.9648434018875325	0.9733861563636917	0.9723855867137478	0.9631605964461538	0.9637844442491358	0.975280547015936	0.9677639392955233	0.9737946310291744	0.9738274257694388	0.9665248887901134	0.9743536694106752	0.9719415339465101	0.9742637452480202	0.9738574962572341	0.9665054787698745	0.970994147008767	0.9728076930089545	0.9674189478104305	0.9743744548604044	0.9735564641109511	0.974105746128262	0.9658135587587201	0.974813649006	0.960657297782249	0.9726391392030619	0.9737438078241597	0.9752078036502939	1.0	0.970874792910441	0.9647399701326008
0.9741673100533197	0.9860420868244331	0.9845018935394713	0.972457435973285	0.9730297738176573	0.9854774798496123	0.9750122402365767	0.9875372952750169	0.985119216045926	0.9759824132799031	0.9858749862613058	0.9862360559608991	0.9729706466318475	0.9732709899577454	0.9846797055365756	0.9790572518331064	0.9858621973737071	0.9857157263823914	0.9771005872664718	0.9857401371348954	0.9858856223492758	0.9857832835180785	0.9935558060698	0.978393958406268	0.9814905519078067	0.9854565050038898	0.9720799848688085	0.9812064142750301	0.9839038439422937	0.9848613317941116	0.9749614581337026	0.9856207373409064	0.9671673309021449	0.978466051430175	0.9847581978385557	0.9843259567352898	0.970874792910441	1.0	0.9671784975292327
0.9806342892187538	0.9704243789071427	0.9670893849718154	0.9762722421094376	0.9758993521171325	0.9689449099288516	0.9863783267793556	0.9687071332934188	0.9699620804955392	0.9839505341671281	0.9697446371933028	0.9671157883568342	0.9767604227773208	0.9772086016019741	0.9700720414316351	0.97258075710506	0.9703998276540418	0.9685879954884193	0.9739634564861472	0.9701903574696649	0.9696897624716078	0.9691940008925899	0.9689192800959804	0.9714627759783457	0.9674105156082641	0.9693750430413645	0.9766736178750967	0.9695181300120531	0.9700234998048509	0.9682598472304506	0.9641354240234603	0.9693185986268967	0.9752288746867038	0.9698586021254879	0.9706635007938278	0.9711659349924193	0.9647399701326008	0.9671784975292327	1.0
