/home/jshaw/scratch/2022_sketched_distance/references/SGB_genome_fastas_part4/6367/BackhedF_2015__SID589_12M__bin.42.fa	/home/jshaw/scratch/2022_sketched_distance/references/SGB_genome_fastas_part4/6367/Bengtsson-PalmeJ_2015__TRAVELRES1__bin.58.fa	/home/jshaw/scratch/2022_sketched_distance/references/SGB_genome_fastas_part4/6367/BritoIL_2016__W2.43.ST__bin.61.fa	/home/jshaw/scratch/2022_sketched_distance/references/SGB_genome_fastas_part4/6367/HeQ_2017__SZAXPI029591-123__bin.28.fa	/home/jshaw/scratch/2022_sketched_distance/references/SGB_genome_fastas_part4/6367/HMP_2012__SRS063985__bin.14.fa	/home/jshaw/scratch/2022_sketched_distance/references/SGB_genome_fastas_part4/6367/LeChatelierE_2013__MH0137__bin.13.fa	/home/jshaw/scratch/2022_sketched_distance/references/SGB_genome_fastas_part4/6367/LeChatelierE_2013__MH0173__bin.39.fa	/home/jshaw/scratch/2022_sketched_distance/references/SGB_genome_fastas_part4/6367/LeChatelierE_2013__MH0183__bin.49.fa	/home/jshaw/scratch/2022_sketched_distance/references/SGB_genome_fastas_part4/6367/LeChatelierE_2013__MH0251__bin.9.fa	/home/jshaw/scratch/2022_sketched_distance/references/SGB_genome_fastas_part4/6367/LiJ_2014__O2.UC27-1__bin.34.fa	/home/jshaw/scratch/2022_sketched_distance/references/SGB_genome_fastas_part4/6367/LouisS_2016__AS62_6__bin.16.fa	/home/jshaw/scratch/2022_sketched_distance/references/SGB_genome_fastas_part4/6367/NielsenHB_2014__MH0137__bin.4.fa	/home/jshaw/scratch/2022_sketched_distance/references/SGB_genome_fastas_part4/6367/NielsenHB_2014__MH0173__bin.19.fa	/home/jshaw/scratch/2022_sketched_distance/references/SGB_genome_fastas_part4/6367/NielsenHB_2014__MH0183__bin.15.fa	/home/jshaw/scratch/2022_sketched_distance/references/SGB_genome_fastas_part4/6367/QinJ_2012__CON-053__bin.38.fa	/home/jshaw/scratch/2022_sketched_distance/references/SGB_genome_fastas_part4/6367/QinJ_2012__NOF008__bin.25.fa	/home/jshaw/scratch/2022_sketched_distance/references/SGB_genome_fastas_part4/6367/QinJ_2012__T2D-030__bin.35.fa	/home/jshaw/scratch/2022_sketched_distance/references/SGB_genome_fastas_part4/6367/QinJ_2012__T2D-048__bin.35.fa	/home/jshaw/scratch/2022_sketched_distance/references/SGB_genome_fastas_part4/6367/QinJ_2012__T2D-106__bin.39.fa	/home/jshaw/scratch/2022_sketched_distance/references/SGB_genome_fastas_part4/6367/QinN_2014__HD-1__bin.14.fa	/home/jshaw/scratch/2022_sketched_distance/references/SGB_genome_fastas_part4/6367/QinN_2014__LD-22__bin.22.fa	/home/jshaw/scratch/2022_sketched_distance/references/SGB_genome_fastas_part4/6367/QinN_2014__LD-97__bin.39.fa	/home/jshaw/scratch/2022_sketched_distance/references/SGB_genome_fastas_part4/6367/RaymondF_2016__P22E0__bin.25.fa	/home/jshaw/scratch/2022_sketched_distance/references/SGB_genome_fastas_part4/6367/RaymondF_2016__P25C7__bin.86.fa	/home/jshaw/scratch/2022_sketched_distance/references/SGB_genome_fastas_part4/6367/RaymondF_2016__P2E0__bin.25.fa	/home/jshaw/scratch/2022_sketched_distance/references/SGB_genome_fastas_part4/6367/XieH_2016__YSZC12003_35392__bin.92.fa	/home/jshaw/scratch/2022_sketched_distance/references/SGB_genome_fastas_part4/6367/XieH_2016__YSZC12003_35654__bin.42.fa	/home/jshaw/scratch/2022_sketched_distance/references/SGB_genome_fastas_part4/6367/XieH_2016__YSZC12003_35698__bin.59.fa	/home/jshaw/scratch/2022_sketched_distance/references/SGB_genome_fastas_part4/6367/XieH_2016__YSZC12003_36117__bin.36.fa	/home/jshaw/scratch/2022_sketched_distance/references/SGB_genome_fastas_part4/6367/XieH_2016__YSZC12003_36703__bin.65.fa	/home/jshaw/scratch/2022_sketched_distance/references/SGB_genome_fastas_part4/6367/XieH_2016__YSZC12003_37285__bin.27.fa	/home/jshaw/scratch/2022_sketched_distance/references/SGB_genome_fastas_part4/6367/XieH_2016__YSZC12003_37337__bin.42.fa	/home/jshaw/scratch/2022_sketched_distance/references/SGB_genome_fastas_part4/6367/XieH_2016__YSZC12003_37583__bin.91.fa	/home/jshaw/scratch/2022_sketched_distance/references/SGB_genome_fastas_part4/6367/XieH_2016__YSZC12003_37647__bin.71.fa	/home/jshaw/scratch/2022_sketched_distance/references/SGB_genome_fastas_part4/6367/YuJ_2015__SZAXPI003435-11__bin.41.fa	/home/jshaw/scratch/2022_sketched_distance/references/SGB_genome_fastas_part4/6367/YuJ_2015__SZAXPI015258-57__bin.74.fa	/home/jshaw/scratch/2022_sketched_distance/references/SGB_genome_fastas_part4/6367/ZeeviD_2015__PNP_Main_421__bin.8.fa	/home/jshaw/scratch/2022_sketched_distance/references/SGB_genome_fastas_part4/6367/ZeeviD_2015__PNP_Main_474__bin.34.fa	/home/jshaw/scratch/2022_sketched_distance/references/SGB_genome_fastas_part4/6367/ZeeviD_2015__PNP_Main_576__bin.55.fa	/home/jshaw/scratch/2022_sketched_distance/references/SGB_genome_fastas_part4/6367/ZeeviD_2015__PNP_Main_690__bin.5.fa	/home/jshaw/scratch/2022_sketched_distance/references/SGB_genome_fastas_part4/6367/ZeeviD_2015__PNP_Main_754__bin.10.fa
1.0	0.9687608630325164	0.952542812019135	0.9605559162030146	0.968349368861228	0.9685663796004802	0.9680521993204245	0.9675394970010712	0.9549680776916409	0.9692823373039955	0.9712952733601298	0.9690629542358632	0.9688192221375931	0.9656351987028029	0.972327621950541	0.9728693530227978	0.9595469037190681	0.9708528997333246	0.973732375183645	0.9668540070456468	0.9701891195019355	0.9593263417262011	0.9568026281465052	0.976670021989306	0.9624037612828648	0.9682308291954419	0.9728693530227978	0.969665018156472	0.9694543081085342	0.9685003431967274	0.9732274997117928	0.9555024385932884	0.9712339085361521	0.9680406004431997	0.9730744922559255	0.9691671794767535	0.971287974120059	0.9687724594792648	0.9735817356044862	0.9610793515993261	0.9675025738198936
0.9687608630325164	1.0	0.9681377453683697	0.9748559823325262	0.9819275768774716	0.9824748348156749	0.9806628022356844	0.9887186315844811	0.9655474926547295	0.9816159378912765	0.9803509119078158	0.9819224399782281	0.9818110597487201	0.987412727282268	0.9800704024610551	0.9815375621925632	0.9695550305706998	0.9787544001117964	0.9811428421766888	0.9752263715871174	0.9787544001117964	0.9733781335861907	0.9751309014824371	0.981694311363576	0.9737747371658348	0.9812617591121059	0.9814589982941133	0.9921762067430709	0.9822362766344886	0.9771798916735064	0.9816159378912765	0.971670758127093	0.9888550362291034	0.9906163884978174	0.9809836106418646	0.9825040217591701	0.981023491272011	0.9819071033827348	0.981419645482384	0.9752389781651543	0.9882030090024099
0.952542812019135	0.9681377453683697	1.0	0.9691758087983675	0.9676237384086014	0.966954314232431	0.9696687244870047	0.9689866613755457	0.9542998651866116	0.9663662112804167	0.9667258496896473	0.9670475725419059	0.9674589353721234	0.9668686348116489	0.9649991808758758	0.9653923281002987	0.9655862743252086	0.9590279213405059	0.9656379629768066	0.960754264659472	0.9641016799551939	0.9678385985398763	0.9698356986381964	0.9680051907187551	0.9689445616248149	0.9684780919732939	0.9619305647334699	0.9705015760761824	0.9669695150547031	0.9626835184495692	0.9663408429651132	0.9660539718866582	0.9783482019763649	0.9691327603912013	0.965012881916566	0.9645245046424772	0.9662227687932925	0.9669917754893067	0.9654717571958328	0.9697434625206244	0.9685245054158653
0.9605559162030146	0.9748559823325262	0.9691758087983675	1.0	0.9745416412851303	0.9734437103986997	0.9726036048885595	0.9751836464025712	0.9728145755628436	0.9732669383939866	0.973004004198973	0.9728856888094862	0.9736638107656428	0.9736791341259315	0.9744940213053764	0.9752984075536615	0.9804902471575597	0.9722014376422897	0.9745873802222074	0.9683733802364753	0.9726623748096694	0.983794417131344	0.9860133149136633	0.9762796924776068	0.9830587245818715	0.9735650467942212	0.9750158606104321	0.9768248526781848	0.9745394205957602	0.9704136490329571	0.9739094138244491	0.9812003822058082	0.9875517613749801	0.975551859968702	0.9752514866170626	0.9737622751037449	0.9742985545098097	0.9746651734535831	0.9752044978592819	0.9851746285940743	0.9743068783270421
0.968349368861228	0.9819275768774716	0.9676237384086014	0.9745416412851303	1.0	0.9828295065636349	0.9828881659090262	0.9840309827584746	0.9657779991823515	0.9835176971227482	0.982492900727349	0.98277151579082	0.9840993538713777	0.9821593741676005	0.9828359431317134	0.9842431704707186	0.97073364171257	0.9806444289946912	0.9840272084385114	0.9764609935242352	0.9808838063184551	0.972498798254174	0.9754638273934064	0.9857561840809055	0.9740455703635558	0.9848826570318285	0.9833337927756304	0.9858383696112243	0.9865629159147983	0.9777035398661929	0.9840633009896537	0.9718232453505335	0.98557318196018	0.9840741340337633	0.9836275465656296	0.9834074783683232	0.9833337927756304	0.987907217972327	0.9839549039722578	0.9758663923610191	0.9815937330653087
0.9685663796004802	0.9824748348156749	0.966954314232431	0.9734437103986997	0.9828295065636349	1.0	0.9807825605930124	0.9810629996822137	0.9651815061201194	0.984672776340487	0.9763166046316584	0.9977288803300538	0.9819355190340414	0.9814792002053203	0.9795874498043436	0.9828735717386983	0.9656616048560607	0.9796361032086904	0.9814792002053203	0.9715351971117264	0.9791462753579223	0.9723067351598415	0.967718945467343	0.9789909499921383	0.9693368202528172	0.985128133712364	0.9818447628817126	0.9801690546108901	0.9830492421736116	0.9731722855261696	0.9820711831703218	0.9710018543059568	0.9806758100485914	0.983354417469194	0.9817081550136767	0.9823408364118309	0.9815251195171978	0.9779397883664193	0.9822511985351275	0.9739686787716999	0.9819808029155254
0.9680521993204245	0.9806628022356844	0.9696687244870047	0.9726036048885595	0.9828881659090262	0.9807825605930124	1.0	0.9820334266690951	0.9630586773335297	0.9826604196073727	0.9820755736888516	0.9808422258082353	0.9986886405729664	0.9802980888927948	0.981871949879265	0.9825853958726152	0.9682624694312599	0.9791432225060281	0.9819789367769054	0.9759615712987777	0.9805318959269487	0.9702773802396816	0.9731296043966016	0.9844980667288055	0.9721719843103958	0.9835475552080137	0.9819789367769054	0.9835563686137081	0.9838380105542602	0.9774801489392347	0.9819406574701517	0.9693318357471232	0.9853106829520704	0.9826092487575573	0.9819789367769054	0.9839462714533035	0.9825853958726152	0.9816390896560757	0.9815166032765213	0.9725525495699611	0.981034860810696
0.9675394970010712	0.9887186315844811	0.9689866613755457	0.9751836464025712	0.9840309827584746	0.9810629996822137	0.9820334266690951	1.0	0.9664265123181252	0.9808591629092764	0.9788628069758415	0.9805269243341475	0.9827263474356557	0.9991032769191196	0.9794633787546501	0.9822387534359972	0.9687447157318816	0.9793294134708861	0.98149346966549	0.9740024495134175	0.9794187847125273	0.9740459202405731	0.9743862336216468	0.9825479531057354	0.9730875980601047	0.9828069120262274	0.9820334266690951	0.9895178189512057	0.983007460976472	0.9744272949942572	0.9822387534359972	0.9730301984069959	0.9869053706263083	0.9897117666702985	0.9814515631024564	0.9823613342393392	0.9818268038562358	0.9810507500223113	0.9829674492705428	0.976867190863061	0.9875556665451267
0.9549680776916409	0.9655474926547295	0.9542998651866116	0.9728145755628436	0.9657779991823515	0.9651815061201194	0.9630586773335297	0.9664265123181252	1.0	0.9620799387352583	0.9667258496896473	0.9666451335184495	0.960902940229502	0.9643702543905533	0.9628734303283252	0.9644974378664029	0.9717464271374984	0.9595661099354297	0.9647608496912262	0.9590999339310483	0.9619207941134073	0.9707219069644403	0.9741111563552152	0.9678017848329824	0.9766365477382083	0.963598046971539	0.9589300024694758	0.9690427194381346	0.9633952198070228	0.9609863104322547	0.9638032809529653	0.9696593476019584	0.978413342701376	0.9670377530993814	0.9630522864616694	0.9620683112086184	0.9631953115930514	0.9651815061201194	0.9630951252094773	0.9747642145749386	0.9651596189246496
0.9692823373039955	0.9816159378912765	0.9663662112804167	0.9732669383939866	0.9835176971227482	0.984672776340487	0.9826604196073727	0.9808591629092764	0.9620799387352583	1.0	0.9814088311237031	0.9835510297623508	0.9822680678062194	0.9792210072934026	0.9819940126793341	0.9825162342016001	0.9688130238055694	0.9781321570108611	0.9811880123608578	0.9752263715871174	0.9800529455248554	0.9697364791665284	0.9742489862408042	0.9833799093187695	0.973978073589628	0.9974012516157483	0.9798651929679449	0.9830496573377208	0.9830820828856904	0.9782918704285365	0.9815036757271735	0.9690970134126149	0.9847793052813747	0.9816491272762019	0.9814562629314864	0.9809522342544421	0.9817470935650513	0.9831296183281533	0.9816510281103321	0.9732405499705933	0.980670475881792
0.9712952733601298	0.9803509119078158	0.9667258496896473	0.973004004198973	0.982492900727349	0.9763166046316584	0.9820755736888516	0.9788628069758415	0.9667258496896473	0.9814088311237031	1.0	0.9737870835499696	0.9826111666364122	0.9789289374422905	0.9800331293619442	0.9822550798482911	0.9643288190208814	0.9814088311237031	0.9827290070510116	0.9719568868564723	0.9806656338960699	0.9705344303020891	0.9594076317264078	0.9729759127232422	0.9652487544657697	0.9817135809685918	0.9829049766453026	0.9744002225132088	0.9834848093097026	0.9649622703471661	0.9816528576506319	0.9678606294416094	0.972924646518359	0.980915247823168	0.9813475390216944	0.9807906790869376	0.9826701398358949	0.9773729421580131	0.9831961752817102	0.9731621394273293	0.9803509119078158
0.9690629542358632	0.9819224399782281	0.9670475725419059	0.9728856888094862	0.98277151579082	0.9977288803300538	0.9808422258082353	0.9805269243341475	0.9666451335184495	0.9835510297623508	0.9737870835499696	1.0	0.9814124983332221	0.9807374628580589	0.9786803446336153	0.9818210853872938	0.9655746377502815	0.9796166858599736	0.9810507500223113	0.9702434389180739	0.9786803446336153	0.9720058041539767	0.9635953813234317	0.9758050316758621	0.9669084150841312	0.9840289779646764	0.9809987435035146	0.9780376959382895	0.9821744618492967	0.9700399414506155	0.9807898862965357	0.9708179034776742	0.977152846201431	0.98277151579082	0.9806849552187098	0.9814124983332221	0.9809466541409713	0.9773691691995454	0.9815151244293022	0.9734155233997083	0.9814638516225996
0.9688192221375931	0.9818110597487201	0.9674589353721234	0.9736638107656428	0.9840993538713777	0.9819355190340414	0.9986886405729664	0.9827263474356557	0.960902940229502	0.9822680678062194	0.9826111666364122	0.9814124983332221	1.0	0.9811825292153831	0.9834243435839666	0.9835776425339959	0.9682624694312599	0.9781287557638623	0.9828300984351053	0.9773839391364275	0.9811226282219558	0.969525137733752	0.9745910233813275	0.9852228819982592	0.9725272102553643	0.9849745403525814	0.981173382716932	0.9840553674551747	0.9836018221056425	0.9786542584147371	0.9833618497445418	0.9679900025976481	0.985781681370007	0.9836949394339237	0.9830949327496548	0.9836153274047499	0.9836351996521178	0.9825676917878556	0.9824314238191441	0.9722505976254773	0.9819871624623581
0.9656351987028029	0.987412727282268	0.9668686348116489	0.9736791341259315	0.9821593741676005	0.9814792002053203	0.9802980888927948	0.9991032769191196	0.9643702543905533	0.9792210072934026	0.9789289374422905	0.9807374628580589	0.9811825292153831	1.0	0.9794178400924077	0.9807432999439402	0.9690170854067706	0.9775799682553529	0.9796810380950118	0.9744155684694391	0.9778885363354327	0.9721977069413448	0.9745910233813275	0.9826773295381352	0.973018076877321	0.9808636760770552	0.980134678279651	0.9901821996270801	0.981023491272011	0.9753975143962583	0.9804606863793193	0.9713504243222767	0.9872550040564742	0.9892921828026499	0.9799704462287177	0.9804201127885597	0.9802573127926082	0.9810507500223113	0.9812617591121059	0.9751913497629148	0.9860291900943209
0.972327621950541	0.9800704024610551	0.9649991808758758	0.9744940213053764	0.9828359431317134	0.9795874498043436	0.981871949879265	0.9794633787546501	0.9628734303283252	0.9819940126793341	0.9800331293619442	0.9786803446336153	0.9834243435839666	0.9794178400924077	1.0	0.9954395235319942	0.9694882751728562	0.9864312784230598	0.9870636945170499	0.9838242375312073	0.9847948642965076	0.9734552974664233	0.9732716569859257	0.9880818471235528	0.9713032070776009	0.9826374378903876	0.9892512992070398	0.9816410452462355	0.9840786743630575	0.9814170663357357	0.9884937214552469	0.9702399484627968	0.9830186504760612	0.9813790941904285	0.9906538137438107	0.9841928014389613	0.9862534272323875	0.9810507500223113	0.9883601726100435	0.9730837453119036	0.9797674952575742
0.9728693530227978	0.9815375621925632	0.9653923281002987	0.9752984075536615	0.9842431704707186	0.9828735717386983	0.9825853958726152	0.9822387534359972	0.9644974378664029	0.9825162342016001	0.9822550798482911	0.9818210853872938	0.9835776425339959	0.9807432999439402	0.9954395235319942	1.0	0.970475414901969	0.9869298544685183	0.9893129600062586	0.9854534426398276	0.9851861865397767	0.9725437663339188	0.9743176824313091	0.9907628600762322	0.9739104361973109	0.9834548281690237	0.9887639212466596	0.9847414543381384	0.9852964997159986	0.9849900880924416	0.9885169374249104	0.9713604828682589	0.9864503114816294	0.9841870428000099	0.989942161830315	0.9858724150735078	0.9868863855655278	0.9836399042113041	0.9886715190961306	0.9753490456534314	0.9823372505712535
0.9595469037190681	0.9695550305706998	0.9655862743252086	0.9804902471575597	0.97073364171257	0.9656616048560607	0.9682624694312599	0.9687447157318816	0.9717464271374984	0.9688130238055694	0.9643288190208814	0.9655746377502815	0.9682624694312599	0.9690170854067706	0.9694882751728562	0.970475414901969	1.0	0.9686076645517212	0.9700184974684027	0.9591941203863017	0.9692198659201267	0.991100847823506	0.9764426324362311	0.9680051907187551	0.9787459192115204	0.9692198659201267	0.9723025020922702	0.9675148445474151	0.9708619863941514	0.9630358094340005	0.9692198659201267	0.979326559500033	0.9782829308741996	0.970280383038869	0.9717464271374984	0.9688130238055694	0.9682624694312599	0.9668435259333216	0.9698867549817848	0.9829663362271459	0.9698867549817848
0.9708528997333246	0.9787544001117964	0.9590279213405059	0.9722014376422897	0.9806444289946912	0.9796361032086904	0.9791432225060281	0.9793294134708861	0.9595661099354297	0.9781321570108611	0.9814088311237031	0.9796166858599736	0.9781287557638623	0.9775799682553529	0.9864312784230598	0.9869298544685183	0.9686076645517212	1.0	0.9860847156116815	0.9838242375312073	0.980809318104235	0.968447182124862	0.9715245137392843	0.9877516029127501	0.9728785858477494	0.9797838344556933	0.9811949869119578	0.9820121001544628	0.9798160673232668	0.9906505285706749	0.9851545372817182	0.9671501688913785	0.9840753986165431	0.9809100856287266	0.9848971214711232	0.9793383499330091	0.9828708774063719	0.9807755973299574	0.9905268609221445	0.9717440478097358	0.9782632275618198
0.973732375183645	0.9811428421766888	0.9656379629768066	0.9745873802222074	0.9840272084385114	0.9814792002053203	0.9819789367769054	0.98149346966549	0.9647608496912262	0.9811880123608578	0.9827290070510116	0.9810507500223113	0.9828300984351053	0.9796810380950118	0.9870636945170499	0.9893129600062586	0.9700184974684027	0.9860847156116815	1.0	0.9820170755998108	0.9840654662645343	0.9720613816660413	0.9739033082674522	0.9892651855365637	0.973978073589628	0.9823138063661591	0.9866403624747819	0.9840058078476437	0.9834788299880046	0.9836567776983505	0.990885251289334	0.9693689372466712	0.9859371922776913	0.9830400697517813	0.9868332085504169	0.9842895109706056	0.9857256823858417	0.9830007957508894	0.9883763348049239	0.9733524159364647	0.98127554765668
0.9668540070456468	0.9752263715871174	0.960754264659472	0.9683733802364753	0.9764609935242352	0.9715351971117264	0.9759615712987777	0.9740024495134175	0.9590999339310483	0.9752263715871174	0.9719568868564723	0.9702434389180739	0.9773839391364275	0.9744155684694391	0.9838242375312073	0.9854534426398276	0.9591941203863017	0.9838242375312073	0.9820170755998108	1.0	0.9775973542064026	0.9664814479003291	0.961213744257769	0.9785544456345209	0.9619165075862952	0.9766257789016398	0.9819705939766928	0.970800493128715	0.978124856563703	0.9757145906283259	0.9833817041714042	0.9640700680642564	0.9744752632665766	0.9765160147245249	0.9816433610320825	0.9776504902856097	0.9802026263783942	0.9720438987284171	0.9848625756118055	0.9686548451177613	0.9754543623843365
0.9701891195019355	0.9787544001117964	0.9641016799551939	0.9726623748096694	0.9808838063184551	0.9791462753579223	0.9805318959269487	0.9794187847125273	0.9619207941134073	0.9800529455248554	0.9806656338960699	0.9786803446336153	0.9811226282219558	0.9778885363354327	0.9847948642965076	0.9851861865397767	0.9692198659201267	0.980809318104235	0.9840654662645343	0.9775973542064026	1.0	0.9703145253033651	0.9719702087621025	0.9861650717466665	0.972028796495151	0.9806910484238919	0.9877040240672342	0.9820647662665571	0.984243121527357	0.9816809251180302	0.984349254740079	0.9693772729462548	0.9829054058825233	0.9800262116681882	0.9847005732324936	0.9806119635838735	0.9820449455877029	0.9801713669241693	0.9843845563236401	0.9722139610666093	0.978655322069772
0.9593263417262011	0.9733781335861907	0.9678385985398763	0.983794417131344	0.972498798254174	0.9723067351598415	0.9702773802396816	0.9740459202405731	0.9707219069644403	0.9697364791665284	0.9705344303020891	0.9720058041539767	0.969525137733752	0.9721977069413448	0.9734552974664233	0.9725437663339188	0.991100847823506	0.968447182124862	0.9720613816660413	0.9664814479003291	0.9703145253033651	1.0	0.9857725643476597	0.9754041203317525	0.9835158509849934	0.9718499717981033	0.9734631786551272	0.9757571824496745	0.9715788651547199	0.9715992234419398	0.9718254850837887	0.9802583725560218	0.9860919707919725	0.9746587555908032	0.9737852027772947	0.9711901170366288	0.9719015781166579	0.9742177125968298	0.9718548770703068	0.9851185224438789	0.9734543702552279
0.9568026281465052	0.9751309014824371	0.9698356986381964	0.9860133149136633	0.9754638273934064	0.967718945467343	0.9731296043966016	0.9743862336216468	0.9741111563552152	0.9742489862408042	0.9594076317264078	0.9635953813234317	0.9745910233813275	0.9745910233813275	0.9732716569859257	0.9743176824313091	0.9764426324362311	0.9715245137392843	0.9739033082674522	0.961213744257769	0.9719702087621025	0.9857725643476597	1.0	0.9613878067670143	0.9757277352834445	0.9739033082674522	0.974522903481677	0.9679703894751635	0.9750639051739703	0.9558666321431291	0.9747268361652399	0.985432522281518	0.9775561894165857	0.9748620836104116	0.9742489862408042	0.9741111563552152	0.9741111563552152	0.9701493862953958	0.9741111563552152	0.9887727336439742	0.9748620836104116
0.976670021989306	0.981694311363576	0.9680051907187551	0.9762796924776068	0.9857561840809055	0.9789909499921383	0.9844980667288055	0.9825479531057354	0.9678017848329824	0.9833799093187695	0.9729759127232422	0.9758050316758621	0.9852228819982592	0.9826773295381352	0.9880818471235528	0.9907628600762322	0.9680051907187551	0.9877516029127501	0.9892651855365637	0.9785544456345209	0.9861650717466665	0.9754041203317525	0.9613878067670143	1.0	0.9673910843319505	0.9848020202863723	0.988732565674074	0.9779632014490002	0.9861650717466665	0.9704452203571252	0.9894233080589087	0.9717352756569803	0.9736641028669534	0.9837568802366518	0.9899966906693077	0.9850431728407318	0.9879171389982345	0.980266496685603	0.990964204613782	0.9762796924776068	0.9812926855110286
0.9624037612828648	0.9737747371658348	0.9689445616248149	0.9830587245818715	0.9740455703635558	0.9693368202528172	0.9721719843103958	0.9730875980601047	0.9766365477382083	0.973978073589628	0.9652487544657697	0.9669084150841312	0.9725272102553643	0.973018076877321	0.9713032070776009	0.9739104361973109	0.9787459192115204	0.9728785858477494	0.973978073589628	0.9619165075862952	0.972028796495151	0.9835158509849934	0.9757277352834445	0.9673910843319505	1.0	0.973978073589628	0.9740455703635558	0.967738357046328	0.9754315379557069	0.960484413429518	0.9733642023486874	0.9863181933232116	0.9775561894165857	0.975172061448267	0.9728785858477494	0.9736384684472772	0.9732261950088552	0.9696472340776036	0.9731569705555562	0.9914140148376954	0.9738426575896436
0.9682308291954419	0.9812617591121059	0.9684780919732939	0.9735650467942212	0.9848826570318285	0.985128133712364	0.9835475552080137	0.9828069120262274	0.963598046971539	0.9974012516157483	0.9817135809685918	0.9840289779646764	0.9849745403525814	0.9808636760770552	0.9826374378903876	0.9834548281690237	0.9692198659201267	0.9797838344556933	0.9823138063661591	0.9766257789016398	0.9806910484238919	0.9718499717981033	0.9739033082674522	0.9848020202863723	0.973978073589628	1.0	0.9828340326399938	0.9837568802366518	0.9857256823858417	0.9781457801402016	0.9827232490557347	0.9709598436442343	0.9848862710376025	0.9825303052566199	0.9825377730535813	0.9829076807834277	0.9830544822821488	0.9846372554402882	0.9837429481616842	0.9744301960778892	0.9813553846160227
0.9728693530227978	0.9814589982941133	0.9619305647334699	0.9750158606104321	0.9833337927756304	0.9818447628817126	0.9819789367769054	0.9820334266690951	0.9589300024694758	0.9798651929679449	0.9829049766453026	0.9809987435035146	0.981173382716932	0.980134678279651	0.9892512992070398	0.9887639212466596	0.9723025020922702	0.9811949869119578	0.9866403624747819	0.9819705939766928	0.9877040240672342	0.9734631786551272	0.974522903481677	0.988732565674074	0.9740455703635558	0.9828340326399938	1.0	0.9841048522971	0.9828014810614626	0.9832209183731095	0.9875931719571147	0.9687546026643126	0.9860919707919725	0.9833113083167251	0.989539166745426	0.98231084791492	0.985927593281113	0.9836399042113041	0.9876175319402758	0.9746243696388204	0.9815144763640541
0.969665018156472	0.9921762067430709	0.9705015760761824	0.9768248526781848	0.9858383696112243	0.9801690546108901	0.9835563686137081	0.9895178189512057	0.9690427194381346	0.9830496573377208	0.9744002225132088	0.9780376959382895	0.9840553674551747	0.9901821996270801	0.9816410452462355	0.9847414543381384	0.9675148445474151	0.9820121001544628	0.9840058078476437	0.970800493128715	0.9820647662665571	0.9757571824496745	0.9679703894751635	0.9779632014490002	0.967738357046328	0.9837568802366518	0.9841048522971	1.0	0.98454688885925	0.9714196297488857	0.9841542626024048	0.9737151334915249	0.9822754644436565	0.9921762067430709	0.9838068171444193	0.9846929209894099	0.9838068171444193	0.9802803932905426	0.9836567776983505	0.9772545026796452	0.9903052955275995
0.9694543081085342	0.9822362766344886	0.9669695150547031	0.9745394205957602	0.9865629159147983	0.9830492421736116	0.9838380105542602	0.983007460976472	0.9633952198070228	0.9830820828856904	0.9834848093097026	0.9821744618492967	0.9836018221056425	0.981023491272011	0.9840786743630575	0.9852964997159986	0.9708619863941514	0.9798160673232668	0.9834788299880046	0.978124856563703	0.984243121527357	0.9715788651547199	0.9750639051739703	0.9861650717466665	0.9754315379557069	0.9857256823858417	0.9828014810614626	0.98454688885925	1.0	0.9788697743924535	0.9847067949846282	0.9699784160135826	0.9866533377031889	0.9838850847695851	0.9838490406105175	0.9822388335994413	0.984064085702533	0.9857637764594626	0.9845294257386075	0.97457762057181	0.9827218973065415
0.9685003431967274	0.9771798916735064	0.9626835184495692	0.9704136490329571	0.9777035398661929	0.9731722855261696	0.9774801489392347	0.9744272949942572	0.9609863104322547	0.9782918704285365	0.9649622703471661	0.9700399414506155	0.9786542584147371	0.9753975143962583	0.9814170663357357	0.9849900880924416	0.9630358094340005	0.9906505285706749	0.9836567776983505	0.9757145906283259	0.9816809251180302	0.9715992234419398	0.9558666321431291	0.9704452203571252	0.960484413429518	0.9781457801402016	0.9832209183731095	0.9714196297488857	0.9788697743924535	1.0	0.983718572967119	0.9682033157079052	0.970874792910441	0.9772552158357012	0.9827155905042942	0.9794376207382779	0.9806124729287019	0.9742627371088602	0.9892718586389773	0.970874792910441	0.9761844835682761
0.9732274997117928	0.9816159378912765	0.9663408429651132	0.9739094138244491	0.9840633009896537	0.9820711831703218	0.9819406574701517	0.9822387534359972	0.9638032809529653	0.9815036757271735	0.9816528576506319	0.9807898862965357	0.9833618497445418	0.9804606863793193	0.9884937214552469	0.9885169374249104	0.9692198659201267	0.9851545372817182	0.990885251289334	0.9833817041714042	0.984349254740079	0.9718254850837887	0.9747268361652399	0.9894233080589087	0.9733642023486874	0.9827232490557347	0.9875931719571147	0.9841542626024048	0.9847067949846282	0.983718572967119	1.0	0.9705658626271535	0.9860919707919725	0.9840741340337633	0.9868219035148149	0.9825572112464719	0.9866246712581966	0.982914631802957	0.9903637516737281	0.9743022535599901	0.9817516728506538
0.9555024385932884	0.971670758127093	0.9660539718866582	0.9812003822058082	0.9718232453505335	0.9710018543059568	0.9693318357471232	0.9730301984069959	0.9696593476019584	0.9690970134126149	0.9678606294416094	0.9708179034776742	0.9679900025976481	0.9713504243222767	0.9702399484627968	0.9713604828682589	0.979326559500033	0.9671501688913785	0.9693689372466712	0.9640700680642564	0.9693772729462548	0.9802583725560218	0.985432522281518	0.9717352756569803	0.9863181933232116	0.9709598436442343	0.9687546026643126	0.9737151334915249	0.9699784160135826	0.9682033157079052	0.9705658626271535	1.0	0.984402155919369	0.9733237577748113	0.9704811912827043	0.9683898911865637	0.9705323368065126	0.971456445939799	0.9701866895641248	0.9898146159409817	0.9718396624457173
0.9712339085361521	0.9888550362291034	0.9783482019763649	0.9875517613749801	0.98557318196018	0.9806758100485914	0.9853106829520704	0.9869053706263083	0.978413342701376	0.9847793052813747	0.972924646518359	0.977152846201431	0.985781681370007	0.9872550040564742	0.9830186504760612	0.9864503114816294	0.9782829308741996	0.9840753986165431	0.9859371922776913	0.9744752632665766	0.9829054058825233	0.9860919707919725	0.9775561894165857	0.9736641028669534	0.9775561894165857	0.9848862710376025	0.9860919707919725	0.9822754644436565	0.9866533377031889	0.970874792910441	0.9860919707919725	0.984402155919369	1.0	0.9892314963031792	0.985099162678155	0.9849928894077612	0.9858336001512847	0.9820433567280026	0.986399358458797	0.9877481236326917	0.9882821589896965
0.9680406004431997	0.9906163884978174	0.9691327603912013	0.975551859968702	0.9840741340337633	0.983354417469194	0.9826092487575573	0.9897117666702985	0.9670377530993814	0.9816491272762019	0.980915247823168	0.98277151579082	0.9836949394339237	0.9892921828026499	0.9813790941904285	0.9841870428000099	0.970280383038869	0.9809100856287266	0.9830400697517813	0.9765160147245249	0.9800262116681882	0.9746587555908032	0.9748620836104116	0.9837568802366518	0.975172061448267	0.9825303052566199	0.9833113083167251	0.9921762067430709	0.9838850847695851	0.9772552158357012	0.9840741340337633	0.9733237577748113	0.9892314963031792	1.0	0.9830011374669058	0.9832726971167561	0.9835420252661627	0.9818180091308397	0.9834652998972488	0.9768941478940035	0.9900867849325579
0.9730744922559255	0.9809836106418646	0.965012881916566	0.9752514866170626	0.9836275465656296	0.9817081550136767	0.9819789367769054	0.9814515631024564	0.9630522864616694	0.9814562629314864	0.9813475390216944	0.9806849552187098	0.9830949327496548	0.9799704462287177	0.9906538137438107	0.989942161830315	0.9717464271374984	0.9848971214711232	0.9868332085504169	0.9816433610320825	0.9847005732324936	0.9737852027772947	0.9742489862408042	0.9899966906693077	0.9728785858477494	0.9825377730535813	0.989539166745426	0.9838068171444193	0.9838490406105175	0.9827155905042942	0.9868219035148149	0.9704811912827043	0.985099162678155	0.9830011374669058	1.0	0.9833482344675928	0.9882585138627845	0.9841007905654562	0.988353553237374	0.9736884049668991	0.9810750984954849
0.9691671794767535	0.9825040217591701	0.9645245046424772	0.9737622751037449	0.9834074783683232	0.9823408364118309	0.9839462714533035	0.9823613342393392	0.9620683112086184	0.9809522342544421	0.9807906790869376	0.9814124983332221	0.9836153274047499	0.9804201127885597	0.9841928014389613	0.9858724150735078	0.9688130238055694	0.9793383499330091	0.9842895109706056	0.9776504902856097	0.9806119635838735	0.9711901170366288	0.9741111563552152	0.9850431728407318	0.9736384684472772	0.9829076807834277	0.98231084791492	0.9846929209894099	0.9822388335994413	0.9794376207382779	0.9825572112464719	0.9683898911865637	0.9849928894077612	0.9832726971167561	0.9833482344675928	1.0	0.9829444428655901	0.9830437929053906	0.98198776410935	0.9731917635278833	0.9819480316678887
0.971287974120059	0.981023491272011	0.9662227687932925	0.9742985545098097	0.9833337927756304	0.9815251195171978	0.9825853958726152	0.9818268038562358	0.9631953115930514	0.9817470935650513	0.9826701398358949	0.9809466541409713	0.9836351996521178	0.9802573127926082	0.9862534272323875	0.9868863855655278	0.9682624694312599	0.9828708774063719	0.9857256823858417	0.9802026263783942	0.9820449455877029	0.9719015781166579	0.9741111563552152	0.9879171389982345	0.9732261950088552	0.9830544822821488	0.985927593281113	0.9838068171444193	0.984064085702533	0.9806124729287019	0.9866246712581966	0.9705323368065126	0.9858336001512847	0.9835420252661627	0.9882585138627845	0.9829444428655901	1.0	0.9827416210978733	0.9866902953242074	0.9743824626408781	0.9816727982479528
0.9687724594792648	0.9819071033827348	0.9669917754893067	0.9746651734535831	0.987907217972327	0.9779397883664193	0.9816390896560757	0.9810507500223113	0.9651815061201194	0.9831296183281533	0.9773729421580131	0.9773691691995454	0.9825676917878556	0.9810507500223113	0.9810507500223113	0.9836399042113041	0.9668435259333216	0.9807755973299574	0.9830007957508894	0.9720438987284171	0.9801713669241693	0.9742177125968298	0.9701493862953958	0.980266496685603	0.9696472340776036	0.9846372554402882	0.9836399042113041	0.9802803932905426	0.9857637764594626	0.9742627371088602	0.982914631802957	0.971456445939799	0.9820433567280026	0.9818180091308397	0.9841007905654562	0.9830437929053906	0.9827416210978733	1.0	0.9837241849483358	0.9758648395413864	0.9815042550919911
0.9735817356044862	0.981419645482384	0.9654717571958328	0.9752044978592819	0.9839549039722578	0.9822511985351275	0.9815166032765213	0.9829674492705428	0.9630951252094773	0.9816510281103321	0.9831961752817102	0.9815151244293022	0.9824314238191441	0.9812617591121059	0.9883601726100435	0.9886715190961306	0.9698867549817848	0.9905268609221445	0.9883763348049239	0.9848625756118055	0.9843845563236401	0.9718548770703068	0.9741111563552152	0.990964204613782	0.9731569705555562	0.9837429481616842	0.9876175319402758	0.9836567776983505	0.9845294257386075	0.9892718586389773	0.9903637516737281	0.9701866895641248	0.986399358458797	0.9834652998972488	0.988353553237374	0.98198776410935	0.9866902953242074	0.9837241849483358	1.0	0.9742957044174855	0.9811152867320158
0.9610793515993261	0.9752389781651543	0.9697434625206244	0.9851746285940743	0.9758663923610191	0.9739686787716999	0.9725525495699611	0.976867190863061	0.9747642145749386	0.9732405499705933	0.9731621394273293	0.9734155233997083	0.9722505976254773	0.9751913497629148	0.9730837453119036	0.9753490456534314	0.9829663362271459	0.9717440478097358	0.9733524159364647	0.9686548451177613	0.9722139610666093	0.9851185224438789	0.9887727336439742	0.9762796924776068	0.9914140148376954	0.9744301960778892	0.9746243696388204	0.9772545026796452	0.97457762057181	0.970874792910441	0.9743022535599901	0.9898146159409817	0.9877481236326917	0.9768941478940035	0.9736884049668991	0.9731917635278833	0.9743824626408781	0.9758648395413864	0.9742957044174855	1.0	0.9757587976260768
0.9675025738198936	0.9882030090024099	0.9685245054158653	0.9743068783270421	0.9815937330653087	0.9819808029155254	0.981034860810696	0.9875556665451267	0.9651596189246496	0.980670475881792	0.9803509119078158	0.9814638516225996	0.9819871624623581	0.9860291900943209	0.9797674952575742	0.9823372505712535	0.9698867549817848	0.9782632275618198	0.98127554765668	0.9754543623843365	0.978655322069772	0.9734543702552279	0.9748620836104116	0.9812926855110286	0.9738426575896436	0.9813553846160227	0.9815144763640541	0.9903052955275995	0.9827218973065415	0.9761844835682761	0.9817516728506538	0.9718396624457173	0.9882821589896965	0.9900867849325579	0.9810750984954849	0.9819480316678887	0.9816727982479528	0.9815042550919911	0.9811152867320158	0.9757587976260768	1.0
