/home/jshaw/scratch/2022_sketched_distance/references/SGB_genome_fastas_part5/15350/Bengtsson-PalmeJ_2015__TRAVELRES19__bin.58.fa	/home/jshaw/scratch/2022_sketched_distance/references/SGB_genome_fastas_part5/15350/HeQ_2017__SZAXPI029486-84__bin.35.fa	/home/jshaw/scratch/2022_sketched_distance/references/SGB_genome_fastas_part5/15350/HMP_2012__SRS021484__bin.49.fa	/home/jshaw/scratch/2022_sketched_distance/references/SGB_genome_fastas_part5/15350/HMP_2012__SRS054956__bin.1.fa	/home/jshaw/scratch/2022_sketched_distance/references/SGB_genome_fastas_part5/15350/QinJ_2012__DLM013__bin.12.fa	/home/jshaw/scratch/2022_sketched_distance/references/SGB_genome_fastas_part5/15350/QinJ_2012__T2D-077__bin.18.fa	/home/jshaw/scratch/2022_sketched_distance/references/SGB_genome_fastas_part5/15350/RaymondF_2016__P12E90__bin.22.fa	/home/jshaw/scratch/2022_sketched_distance/references/SGB_genome_fastas_part5/15350/RaymondF_2016__P15E0__bin.36.fa	/home/jshaw/scratch/2022_sketched_distance/references/SGB_genome_fastas_part5/15350/RaymondF_2016__P15E90__bin.56.fa	/home/jshaw/scratch/2022_sketched_distance/references/SGB_genome_fastas_part5/15350/RaymondF_2016__P18E0__bin.7.fa	/home/jshaw/scratch/2022_sketched_distance/references/SGB_genome_fastas_part5/15350/RaymondF_2016__P18E90__bin.11.fa	/home/jshaw/scratch/2022_sketched_distance/references/SGB_genome_fastas_part5/15350/RaymondF_2016__P20E0__bin.15.fa	/home/jshaw/scratch/2022_sketched_distance/references/SGB_genome_fastas_part5/15350/RaymondF_2016__P21E7__bin.23.fa	/home/jshaw/scratch/2022_sketched_distance/references/SGB_genome_fastas_part5/15350/RaymondF_2016__P22E0__bin.67.fa	/home/jshaw/scratch/2022_sketched_distance/references/SGB_genome_fastas_part5/15350/RaymondF_2016__P22E90__bin.66.fa	/home/jshaw/scratch/2022_sketched_distance/references/SGB_genome_fastas_part5/15350/RaymondF_2016__P2E0__bin.65.fa	/home/jshaw/scratch/2022_sketched_distance/references/SGB_genome_fastas_part5/15350/RaymondF_2016__P38C0__bin.54.fa	/home/jshaw/scratch/2022_sketched_distance/references/SGB_genome_fastas_part5/15350/RaymondF_2016__P38C7__bin.19.fa	/home/jshaw/scratch/2022_sketched_distance/references/SGB_genome_fastas_part5/15350/RaymondF_2016__P6C0__bin.76.fa	/home/jshaw/scratch/2022_sketched_distance/references/SGB_genome_fastas_part5/15350/RaymondF_2016__P6C7__bin.5.fa	/home/jshaw/scratch/2022_sketched_distance/references/SGB_genome_fastas_part5/15350/RaymondF_2016__P9E90__bin.19.fa	/home/jshaw/scratch/2022_sketched_distance/references/SGB_genome_fastas_part5/15350/XieH_2016__YSZC12003_35653__bin.8.fa	/home/jshaw/scratch/2022_sketched_distance/references/SGB_genome_fastas_part5/15350/XieH_2016__YSZC12003_37205__bin.52.fa	/home/jshaw/scratch/2022_sketched_distance/references/SGB_genome_fastas_part5/15350/XieH_2016__YSZC12003_37209__bin.63.fa	/home/jshaw/scratch/2022_sketched_distance/references/SGB_genome_fastas_part5/15350/XieH_2016__YSZC12003_37270__bin.39.fa	/home/jshaw/scratch/2022_sketched_distance/references/SGB_genome_fastas_part5/15350/XieH_2016__YSZC12003_37308R1__bin.80.fa
1.0	0.9812408618287186	0.9767628182592621	0.9747908280218771	0.9701349675421672	0.9804699589106496	0.9789085574818158	0.977657465233131	0.9770331425191245	0.9770599256630269	0.9766367749697857	0.9837403089288723	0.9801134465364952	0.978232100520131	0.979056995308576	0.9822636447316735	0.9805407970269948	0.9819940126793341	0.978834084583588	0.981619604174083	0.982763297469476	0.9776254439389881	0.978834084583588	0.9821627927716656	0.9805053971606	0.9817903210400244
0.9812408618287186	1.0	0.9813654670558659	0.9774171196745445	0.9766369443069362	0.9789412244333718	0.9802242372300173	0.982687685816525	0.9810088385874189	0.9803395179105062	0.9794530952764587	0.983472596139107	0.9810771505347441	0.9808004732618802	0.9793326503160952	0.982980001612279	0.9803567155235463	0.9809026407709479	0.9815066466039648	0.9815426915732186	0.9806317425988146	0.9791342898925299	0.9806220634367533	0.9799054868033202	0.9804887144773488	0.9831914712781513
0.9767628182592621	0.9813654670558659	1.0	0.9759077064418994	0.9686262728332002	0.9794981883594472	0.9793871340288676	0.9780627794393522	0.9774389697411234	0.9746911766900023	0.9753248843696478	0.9834609270467648	0.9814351985273141	0.9781784262791725	0.9790516860346636	0.982124460025311	0.9797558556000123	0.9815047816811434	0.978522926110004	0.9817816438590805	0.9813654670558659	0.9747819537173346	0.9782552969203933	0.9795351226844764	0.9789014841354358	0.981085045045411
0.9747908280218771	0.9774171196745445	0.9759077064418994	1.0	0.9680267086022645	0.9774550849974284	0.9767260665730434	0.9758211548704768	0.9755808924334565	0.9734648018573401	0.9730379552823665	0.9810104792017923	0.980253171838489	0.9749723524703016	0.9762570793358283	0.9796911658438384	0.9775687162624512	0.9783532323048701	0.9761782535313449	0.978865949733698	0.9781681479246769	0.9730045106529842	0.9757412644387652	0.9772648144126124	0.9755004088774911	0.9781310046453618
0.9701349675421672	0.9766369443069362	0.9686262728332002	0.9680267086022645	1.0	0.9739793646528222	0.9711396808645387	0.9706969887489749	0.9702481557377054	0.9620998501271105	0.9671681486670912	0.9745285494103753	0.9722737457416643	0.9686262728332002	0.9695052487447322	0.9744790054982799	0.9718463895408772	0.974379690392768	0.9705853629421989	0.9729564016606892	0.9726431148280982	0.9652475420990161	0.971249414273889	0.9729043969237156	0.9726955399529231	0.9739289751048262
0.9804699589106496	0.9789412244333718	0.9794981883594472	0.9774550849974284	0.9739793646528222	1.0	0.9780227789067166	0.9795678168428633	0.9786489841006094	0.9798723777490285	0.979739392850839	0.9812730213669989	0.9791953362049942	0.9797744414788058	0.9776189582562065	0.9805639153928013	0.9797061367276857	0.9804442211593101	0.9795555641446848	0.9799001042814336	0.980712919423715	0.979289130763672	0.9795765290136436	0.9789125931755662	0.977464325764227	0.9800003991847279
0.9789085574818158	0.9802242372300173	0.9793871340288676	0.9767260665730434	0.9711396808645387	0.9780227789067166	1.0	0.9834003246958434	0.982781274408888	0.979657812596872	0.9787629028595237	0.9898415206676683	0.98065962288559	0.9788537600971746	0.9778885363354327	0.9819914148047015	0.9800987683631865	0.9815434594329304	0.9813801350902568	0.9822278409436315	0.9804737388061249	0.9784678941217876	0.9799513670146762	0.9791096879808249	0.9778212071625323	0.9805047929922172
0.977657465233131	0.982687685816525	0.9780627794393522	0.9758211548704768	0.9706969887489749	0.9795678168428633	0.9834003246958434	1.0	0.9924991433582171	0.9803816558715123	0.9787261694005952	0.9868588486765587	0.9819271532808029	0.9783389016022099	0.9789415854481285	0.9837357511837562	0.9809178930722929	0.982687685816525	0.9816696647386148	0.9842773364772875	0.9811156793578423	0.9776660581876241	0.9779791084686026	0.9802160628849949	0.978588415499633	0.9820551418741033
0.9770331425191245	0.9810088385874189	0.9774389697411234	0.9755808924334565	0.9702481557377054	0.9786489841006094	0.982781274408888	0.9924991433582171	1.0	0.9782950732880918	0.9784308030566449	0.9857540836293507	0.980681974377675	0.9775829325443889	0.9783328122859263	0.9820333799368947	0.9816529266008658	0.9817802364277143	0.9815571181219762	0.9831793651497067	0.9808784847722691	0.9768855942563096	0.9779966342195366	0.9791692217692645	0.9777989499459588	0.9807476091751042
0.9770599256630269	0.9803395179105062	0.9746911766900023	0.9734648018573401	0.9620998501271105	0.9798723777490285	0.979657812596872	0.9803816558715123	0.9782950732880918	1.0	0.990547248365121	0.9818232793704962	0.9792244056090343	0.9768259655059471	0.9782051687956699	0.9812542325331667	0.9812952086207526	0.9817425903657385	0.9796147298771318	0.9817829597363196	0.9811309953576134	0.9753857473940054	0.978339932754244	0.9798723777490285	0.9791807467494625	0.9806751101079488
0.9766367749697857	0.9794530952764587	0.9753248843696478	0.9730379552823665	0.9671681486670912	0.979739392850839	0.9787629028595237	0.9787261694005952	0.9784308030566449	0.990547248365121	1.0	0.9816761730507154	0.9787629028595237	0.9764033402646418	0.9772987190828392	0.9807566809662305	0.9805487900159016	0.9814740635556912	0.9785418790967328	0.9807912012850565	0.9812706977163498	0.9765512988511876	0.9772602972067608	0.979739392850839	0.9787995950062116	0.9801289984337198
0.9837403089288723	0.983472596139107	0.9834609270467648	0.9810104792017923	0.9745285494103753	0.9812730213669989	0.9898415206676683	0.9868588486765587	0.9857540836293507	0.9818232793704962	0.9816761730507154	1.0	0.9835475552080137	0.9828220611371726	0.9818348513648605	0.9847339829155471	0.9834006461399568	0.9813341251076342	0.9840271478810233	0.9844040784420782	0.9832586147789975	0.9825921142641671	0.983389451665744	0.9825700107472874	0.9780087144991063	0.9843964067887652
0.9801134465364952	0.9810771505347441	0.9814351985273141	0.980253171838489	0.9722737457416643	0.9791953362049942	0.98065962288559	0.9819271532808029	0.980681974377675	0.9792244056090343	0.9787629028595237	0.9835475552080137	1.0	0.9808330406864975	0.9798739247983557	0.9826041679228332	0.9811446538035676	0.9814583495593941	0.9810616989299474	0.9815456912850636	0.9810771505347441	0.9810921299570365	0.9809851629718491	0.9802194409019288	0.9784047542600797	0.9809699326031115
0.978232100520131	0.9808004732618802	0.9781784262791725	0.9749723524703016	0.9686262728332002	0.9797744414788058	0.9788537600971746	0.9783389016022099	0.9775829325443889	0.9768259655059471	0.9764033402646418	0.9828220611371726	0.9808330406864975	1.0	0.9926962966290886	0.9813176993457601	0.9805715883029507	0.9815414389216541	0.9784360800397983	0.9813497559831285	0.9811569432016215	0.978069441184779	0.9782474774140308	0.9791292721720307	0.9788537600971746	0.9804730019849149
0.979056995308576	0.9793326503160952	0.9790516860346636	0.9762570793358283	0.9695052487447322	0.9776189582562065	0.9778885363354327	0.9789415854481285	0.9783328122859263	0.9782051687956699	0.9772987190828392	0.9818348513648605	0.9798739247983557	0.9926962966290886	1.0	0.9798423322652667	0.9794608186176434	0.9799999902478077	0.9782567346379785	0.9797473708953535	0.9791717290295164	0.9784678941217876	0.9785671804719462	0.9781226020261449	0.9768312606243973	0.9787822494477668
0.9822636447316735	0.982980001612279	0.982124460025311	0.9796911658438384	0.9744790054982799	0.9805639153928013	0.9819914148047015	0.9837357511837562	0.9820333799368947	0.9812542325331667	0.9807566809662305	0.9847339829155471	0.9826041679228332	0.9813176993457601	0.9798423322652667	1.0	0.9817674910490607	0.9819011713053674	0.9824708729185543	0.9823498184683087	0.9823121936761229	0.9812015821648483	0.9816029928421725	0.9816858172632713	0.9795047201949693	0.9831356350783067
0.9805407970269948	0.9803567155235463	0.9797558556000123	0.9775687162624512	0.9718463895408772	0.9797061367276857	0.9800987683631865	0.9809178930722929	0.9816529266008658	0.9812952086207526	0.9805487900159016	0.9834006461399568	0.9811446538035676	0.9805715883029507	0.9794608186176434	0.9817674910490607	1.0	0.9960916996608129	0.9809976379398019	0.981826195173185	0.982147199200187	0.9808721203717407	0.9807545666959722	0.9803441826569278	0.9798622157663651	0.9815316157351747
0.9819940126793341	0.9809026407709479	0.9815047816811434	0.9783532323048701	0.974379690392768	0.9804442211593101	0.9815434594329304	0.982687685816525	0.9817802364277143	0.9817425903657385	0.9814740635556912	0.9813341251076342	0.9814583495593941	0.9815414389216541	0.9799999902478077	0.9819011713053674	0.9960916996608129	1.0	0.9823172607364214	0.9823777015792559	0.9826213910253188	0.9815638001416683	0.9817315887011446	0.9815060757099697	0.9785735885405411	0.9824009700738504
0.978834084583588	0.9815066466039648	0.978522926110004	0.9761782535313449	0.9705853629421989	0.9795555641446848	0.9813801350902568	0.9816696647386148	0.9815571181219762	0.9796147298771318	0.9785418790967328	0.9840271478810233	0.9810616989299474	0.9784360800397983	0.9782567346379785	0.9824708729185543	0.9809976379398019	0.9823172607364214	1.0	0.9966848223869865	0.9814434520012466	0.9789787109193513	0.9793702437396067	0.9791848735338895	0.9795220383846759	0.9819456241107384
0.981619604174083	0.9815426915732186	0.9817816438590805	0.978865949733698	0.9729564016606892	0.9799001042814336	0.9822278409436315	0.9842773364772875	0.9831793651497067	0.9817829597363196	0.9807912012850565	0.9844040784420782	0.9815456912850636	0.9813497559831285	0.9797473708953535	0.9823498184683087	0.981826195173185	0.9823777015792559	0.9966848223869865	1.0	0.9814247714921148	0.9809456215003264	0.9819554226434491	0.9805922467266601	0.9793119455090504	0.9822864676655296
0.982763297469476	0.9806317425988146	0.9813654670558659	0.9781681479246769	0.9726431148280982	0.980712919423715	0.9804737388061249	0.9811156793578423	0.9808784847722691	0.9811309953576134	0.9812706977163498	0.9832586147789975	0.9810771505347441	0.9811569432016215	0.9791717290295164	0.9823121936761229	0.982147199200187	0.9826213910253188	0.9814434520012466	0.9814247714921148	1.0	0.9818507146824823	0.9828977471032031	0.9824826581944315	0.9813957404076862	0.9816786701456051
0.9776254439389881	0.9791342898925299	0.9747819537173346	0.9730045106529842	0.9652475420990161	0.979289130763672	0.9784678941217876	0.9776660581876241	0.9768855942563096	0.9753857473940054	0.9765512988511876	0.9825921142641671	0.9810921299570365	0.978069441184779	0.9784678941217876	0.9812015821648483	0.9808721203717407	0.9815638001416683	0.9789787109193513	0.9809456215003264	0.9818507146824823	1.0	0.9774624788419128	0.9813469510014708	0.9783090967093624	0.9812379849878136
0.978834084583588	0.9806220634367533	0.9782552969203933	0.9757412644387652	0.971249414273889	0.9795765290136436	0.9799513670146762	0.9779791084686026	0.9779966342195366	0.978339932754244	0.9772602972067608	0.983389451665744	0.9809851629718491	0.9782474774140308	0.9785671804719462	0.9816029928421725	0.9807545666959722	0.9817315887011446	0.9793702437396067	0.9819554226434491	0.9828977471032031	0.9774624788419128	1.0	0.9806883822019941	0.9796107835377139	0.9815707647550527
0.9821627927716656	0.9799054868033202	0.9795351226844764	0.9772648144126124	0.9729043969237156	0.9789125931755662	0.9791096879808249	0.9802160628849949	0.9791692217692645	0.9798723777490285	0.979739392850839	0.9825700107472874	0.9802194409019288	0.9791292721720307	0.9781226020261449	0.9816858172632713	0.9803441826569278	0.9815060757099697	0.9791848735338895	0.9805922467266601	0.9824826581944315	0.9813469510014708	0.9806883822019941	1.0	0.9795566157259938	0.9803441826569278
0.9805053971606	0.9804887144773488	0.9789014841354358	0.9755004088774911	0.9726955399529231	0.977464325764227	0.9778212071625323	0.978588415499633	0.9777989499459588	0.9791807467494625	0.9787995950062116	0.9780087144991063	0.9784047542600797	0.9788537600971746	0.9768312606243973	0.9795047201949693	0.9798622157663651	0.9785735885405411	0.9795220383846759	0.9793119455090504	0.9813957404076862	0.9783090967093624	0.9796107835377139	0.9795566157259938	1.0	0.9805190425237399
0.9817903210400244	0.9831914712781513	0.981085045045411	0.9781310046453618	0.9739289751048262	0.9800003991847279	0.9805047929922172	0.9820551418741033	0.9807476091751042	0.9806751101079488	0.9801289984337198	0.9843964067887652	0.9809699326031115	0.9804730019849149	0.9787822494477668	0.9831356350783067	0.9815316157351747	0.9824009700738504	0.9819456241107384	0.9822864676655296	0.9816786701456051	0.9812379849878136	0.9815707647550527	0.9803441826569278	0.9805190425237399	1.0
