/home/jshaw/scratch/2022_sketched_distance/references/SGB_genome_fastas_part2/4041/BackhedF_2015__SID637_12M__bin.22.fa	/home/jshaw/scratch/2022_sketched_distance/references/SGB_genome_fastas_part2/4041/CosteaPI_2017__pluto3-11-30-0__bin.40.fa	/home/jshaw/scratch/2022_sketched_distance/references/SGB_genome_fastas_part2/4041/FengQ_2015__SID31137__bin.39.fa	/home/jshaw/scratch/2022_sketched_distance/references/SGB_genome_fastas_part2/4041/FengQ_2015__SID31416__bin.3.fa	/home/jshaw/scratch/2022_sketched_distance/references/SGB_genome_fastas_part2/4041/FengQ_2015__SID31450__bin.30.fa	/home/jshaw/scratch/2022_sketched_distance/references/SGB_genome_fastas_part2/4041/GeversD_2014__SKBSTL016__bin.38.fa	/home/jshaw/scratch/2022_sketched_distance/references/SGB_genome_fastas_part2/4041/GeversD_2014__SKBSTL041__bin.6.fa	/home/jshaw/scratch/2022_sketched_distance/references/SGB_genome_fastas_part2/4041/HeQ_2017__SZAXPI029473-40__bin.30.fa	/home/jshaw/scratch/2022_sketched_distance/references/SGB_genome_fastas_part2/4041/HMP_2012__SRS017521__bin.65.fa	/home/jshaw/scratch/2022_sketched_distance/references/SGB_genome_fastas_part2/4041/HMP_2012__SRS019601__bin.44.fa	/home/jshaw/scratch/2022_sketched_distance/references/SGB_genome_fastas_part2/4041/HMP_2012__SRS056259__bin.23.fa	/home/jshaw/scratch/2022_sketched_distance/references/SGB_genome_fastas_part2/4041/IjazUZ_2017__S14_a_WGS__bin.1.fa	/home/jshaw/scratch/2022_sketched_distance/references/SGB_genome_fastas_part2/4041/IjazUZ_2017__S15_a_WGS__bin.6.fa	/home/jshaw/scratch/2022_sketched_distance/references/SGB_genome_fastas_part2/4041/IjazUZ_2017__S16_a_WGS__bin.8.fa	/home/jshaw/scratch/2022_sketched_distance/references/SGB_genome_fastas_part2/4041/IjazUZ_2017__S48_a_WGS__bin.4.fa	/home/jshaw/scratch/2022_sketched_distance/references/SGB_genome_fastas_part2/4041/IjazUZ_2017__S52_a_WGS__bin.9.fa	/home/jshaw/scratch/2022_sketched_distance/references/SGB_genome_fastas_part2/4041/IjazUZ_2017__S53_a_WGS__bin.7.fa	/home/jshaw/scratch/2022_sketched_distance/references/SGB_genome_fastas_part2/4041/IjazUZ_2017__S54_a_WGS__bin.1.fa	/home/jshaw/scratch/2022_sketched_distance/references/SGB_genome_fastas_part2/4041/IjazUZ_2017__S56_a_WGS__bin.17.fa	/home/jshaw/scratch/2022_sketched_distance/references/SGB_genome_fastas_part2/4041/IjazUZ_2017__S57_a_WGS__bin.4.fa	/home/jshaw/scratch/2022_sketched_distance/references/SGB_genome_fastas_part2/4041/LiJ_2014__MH0336__bin.26.fa	/home/jshaw/scratch/2022_sketched_distance/references/SGB_genome_fastas_part2/4041/LiJ_2014__O2.UC7-0__bin.29.fa	/home/jshaw/scratch/2022_sketched_distance/references/SGB_genome_fastas_part2/4041/LiJ_2014__V1.CD2-0-PN__bin.3.fa	/home/jshaw/scratch/2022_sketched_distance/references/SGB_genome_fastas_part2/4041/LoombaR_2017__SID5639_uuc__bin.32.fa	/home/jshaw/scratch/2022_sketched_distance/references/SGB_genome_fastas_part2/4041/NielsenHB_2014__V1_UC11_5__bin.22.fa	/home/jshaw/scratch/2022_sketched_distance/references/SGB_genome_fastas_part2/4041/Obregon-TitoAJ_2015__NO11__bin.6.fa	/home/jshaw/scratch/2022_sketched_distance/references/SGB_genome_fastas_part2/4041/Obregon-TitoAJ_2015__NO21__bin.9.fa	/home/jshaw/scratch/2022_sketched_distance/references/SGB_genome_fastas_part2/4041/QinJ_2012__T2D-001__bin.17.fa	/home/jshaw/scratch/2022_sketched_distance/references/SGB_genome_fastas_part2/4041/RaymondF_2016__P21E90__bin.79.fa	/home/jshaw/scratch/2022_sketched_distance/references/SGB_genome_fastas_part2/4041/SchirmerM_2016__G89004__bin.12.fa	/home/jshaw/scratch/2022_sketched_distance/references/SGB_genome_fastas_part2/4041/SchirmerM_2016__G89058__bin.13.fa	/home/jshaw/scratch/2022_sketched_distance/references/SGB_genome_fastas_part2/4041/VatanenT_2016__G80291__bin.7.fa	/home/jshaw/scratch/2022_sketched_distance/references/SGB_genome_fastas_part2/4041/VogtmannE_2016__MMRS14602194ST-27-0-0__bin.25.fa	/home/jshaw/scratch/2022_sketched_distance/references/SGB_genome_fastas_part2/4041/VogtmannE_2016__MMRS39415781ST-27-0-0__bin.25.fa	/home/jshaw/scratch/2022_sketched_distance/references/SGB_genome_fastas_part2/4041/VogtmannE_2016__MMRS44197125ST-27-0-0__bin.58.fa	/home/jshaw/scratch/2022_sketched_distance/references/SGB_genome_fastas_part2/4041/VogtmannE_2016__MMRS47685461ST-27-0-0__bin.37.fa	/home/jshaw/scratch/2022_sketched_distance/references/SGB_genome_fastas_part2/4041/VogtmannE_2016__MMRS65945127ST-27-0-0__bin.30.fa	/home/jshaw/scratch/2022_sketched_distance/references/SGB_genome_fastas_part2/4041/VogtmannE_2016__MMRS68910755ST-27-0-0__bin.30.fa	/home/jshaw/scratch/2022_sketched_distance/references/SGB_genome_fastas_part2/4041/VogtmannE_2016__MMRS72980899ST-27-0-0__bin.65.fa	/home/jshaw/scratch/2022_sketched_distance/references/SGB_genome_fastas_part2/4041/VogtmannE_2016__MMRS92546335ST-27-0-0__bin.22.fa	/home/jshaw/scratch/2022_sketched_distance/references/SGB_genome_fastas_part2/4041/XieH_2016__YSZC12003_37179__bin.52.fa	/home/jshaw/scratch/2022_sketched_distance/references/SGB_genome_fastas_part2/4041/XieH_2016__YSZC12003_37297R1__bin.7.fa
1.0	0.9957670821776665	0.9916672809716209	0.9910975803144441	0.9940444528011704	0.994448184044652	0.9819081501083201	0.992678599736041	0.9922525618950374	0.9934173058774526	0.9810330159157374	0.9943062515812618	0.9901436139307086	0.9940444528011704	0.989244241545085	0.9894919667213082	0.9863284292387839	0.9894645334121628	0.9881772688912149	0.9845610835236387	0.9887150728806748	0.9868673539485644	0.9896287920594281	0.9839177047354766	0.9747108876262566	0.9925538630049039	0.980057335220297	0.9846882592135822	0.9769374120042281	0.9779080628643371	0.9935388368523757	0.9772773368937916	0.985657515656306	0.9904113810912308	0.9863887477762308	0.9939487380844854	0.9843693911325063	0.9717417324842048	0.987339096486695	0.9899819046824777	0.9877752970477205	0.9834267507199765
0.9957670821776665	1.0	0.9940855887028164	0.9913928361660649	0.9943614084636826	0.9944108135611954	0.9939132033365522	0.9940496348124765	0.9947711720488732	0.9950377230612424	0.9920162227633977	0.9941641011397742	0.9906063525558799	0.994025840974307	0.9861147722123919	0.9855879675103598	0.9848677097902796	0.9859400872546468	0.9863015065246002	0.9861102441415766	0.9903801738315571	0.9861275810934048	0.9876111516033113	0.986322167739449	0.9838056529062119	0.9931903022535863	0.9944514121725693	0.9910769366584364	0.9904864255372378	0.9865911813431739	0.992580609340013	0.981449770670832	0.9966225868149902	0.9914838939754632	0.9874022816479975	0.993924159028919	0.9890210515481698	0.9902429060926741	0.9946525830527142	0.9874047972113384	0.9862485251250401	0.9938007715752081
0.9916672809716209	0.9940855887028164	1.0	0.9907760477409393	0.9980113806768087	0.9987659178050095	0.9964047264732593	0.996061543928422	0.9961013518950323	0.9973548466217835	0.9924083836457037	0.9982788210552382	0.9941808898551101	0.9980960680068606	0.9865624744199667	0.9864624335253835	0.9834641427345895	0.986860784074471	0.9871760272748823	0.9834860901610996	0.9872934691369138	0.9857125147172048	0.9871171487897303	0.9837190144998199	0.9809106263766372	0.9966703744646701	0.992181734987882	0.9887088635148051	0.9926097142366042	0.9843978887708037	0.9976847337640069	0.9788768199434053	0.9910514046062474	0.9883698500716963	0.9850143680701574	0.9981945982064507	0.9858811204146375	0.986661232098457	0.9957396992780135	0.986860784074471	0.9869398785115305	0.9952109136282589
0.9910975803144441	0.9913928361660649	0.9907760477409393	1.0	0.9908264010854401	0.9917188273915195	0.9913717070991992	0.9916226547382495	0.9917687055575394	0.9913994238300086	0.9887760272106647	0.9914707452683006	0.9872203139577931	0.9913616210239115	0.9880636141077747	0.9880290827253624	0.9862249434322141	0.9880808662316434	0.9883043254076229	0.9869860103280481	0.9921016265293019	0.987345581139352	0.988916857884378	0.9870725503646749	0.9843720336843547	0.9899566203926358	0.9918483935815849	0.991012199856815	0.9872821453114123	0.987976088838284	0.990379024818663	0.9828801370183647	0.9910743796490704	0.9918768296711912	0.9890218197976016	0.9915484711410437	0.9916389209099724	0.9931705216391837	0.9907887453208338	0.9885740122001332	0.9885092586677272	0.9911145221915943
0.9940444528011704	0.9943614084636826	0.9980113806768087	0.9908264010854401	1.0	0.9996023471159758	0.9986815830064009	0.9973058295203031	0.9989987019583715	0.9983927316651651	0.9955978249078423	0.9987427929439768	0.9948158317447483	0.9987925125701599	0.9865712566433633	0.9868753366855479	0.9846864712476615	0.9865712566433633	0.9868753366855479	0.9857655320577855	0.9896906765900789	0.9864828652121288	0.9883233580028233	0.9862811145957292	0.9831128248558734	0.9970179564949219	0.9942702635734825	0.9907519763993972	0.9945067326895761	0.9868080749942865	0.9977068207473607	0.9814216416451471	0.9935088856507672	0.9909293104347232	0.9875472140842265	0.9988545578695736	0.9886655782471231	0.991643572274033	0.9983772200993877	0.987793314631946	0.9867861928287651	0.9978632538158331
0.994448184044652	0.9944108135611954	0.9987659178050095	0.9917188273915195	0.9996023471159758	1.0	0.9993473136941192	0.9980493676341505	0.9995031124555893	0.9991624320397898	0.9959706190878196	0.9990532006946735	0.9955167796265096	0.9990577519599817	0.9870696103917719	0.9850930803313165	0.9856417186523274	0.9870754702181144	0.9856505596700679	0.9863514119232751	0.9905720713607432	0.9869078725687759	0.9889341529906598	0.9868915942845676	0.9839481675811984	0.998085200878885	0.9950904094540196	0.9915053038468438	0.995332195688081	0.9876089244165324	0.9959794930631874	0.9821177133631239	0.9942056381586369	0.9917577342181626	0.9882422367552455	0.9987061046997896	0.9893933035690713	0.9919293687210273	0.9989161809566117	0.9881946491347696	0.9854408168905394	0.9985598104804069
0.9819081501083201	0.9939132033365522	0.9964047264732593	0.9913717070991992	0.9986815830064009	0.9993473136941192	1.0	0.9968813491146467	0.9973087887150428	0.9982715339190432	0.9828374571242557	0.9989656412872202	0.995475365507448	0.9986815830064009	0.9877227054980783	0.9875805377937421	0.9842234079685843	0.9874949415323956	0.9877794011308216	0.984443586020923	0.9882574132099697	0.9867728464764133	0.9880614242120167	0.9840969253227712	0.9743940909053239	0.9971598093299683	0.9811190391033281	0.9839699530969785	0.9837318509285579	0.9767781144497941	0.9984771899465206	0.9753190688854008	0.9840335006480903	0.9903397180367621	0.9841285917322328	0.9985795433610359	0.9844749197680045	0.9725518033543773	0.9921994849118503	0.9879770705978712	0.9876090204921965	0.9869766356338537
0.992678599736041	0.9940496348124765	0.996061543928422	0.9916226547382495	0.9973058295203031	0.9980493676341505	0.9968813491146467	1.0	0.9972791867277964	0.9975333089538225	0.9941939131712502	0.9976796765412781	0.9933460930911209	0.9975999195513796	0.9877010243675163	0.9875751336873124	0.9847268330456078	0.9877548305011018	0.9882704734803373	0.9857655320577855	0.9898688488122402	0.9863264592060085	0.9880935760262347	0.9862400101238026	0.9834899232013703	0.9959072480221771	0.9936415553359976	0.9900033407615199	0.9929721733969926	0.9865639687865226	0.9967097266209644	0.9812806325556992	0.9927098391632942	0.9906308567364382	0.9878965590429069	0.9979836519939617	0.9883274758409972	0.9912908760213112	0.9964276956442446	0.9880758339160302	0.9883233580028233	0.9958840257882356
0.9922525618950374	0.9947711720488732	0.9961013518950323	0.9917687055575394	0.9989987019583715	0.9995031124555893	0.9973087887150428	0.9972791867277964	1.0	0.9986812546202294	0.9933131829406654	0.9992586775532737	0.9952359034455933	0.9989712176741619	0.9875083144029274	0.987837074197932	0.9844768609580504	0.9877407204566762	0.9882387092648321	0.9843059073247029	0.9882387092648321	0.9870976129013395	0.9882387092648321	0.984422029175495	0.9813138010090533	0.9972791867277964	0.9933760304489103	0.9892601122118142	0.9934070322519215	0.9853154852123274	0.9987366807299073	0.9801008301436476	0.9923140255757669	0.9893415971837085	0.9861762000736929	0.9990261635769968	0.9869613951609418	0.990076113915854	0.996410231613816	0.9885037708879909	0.9879906561295668	0.99598483201162
0.9934173058774526	0.9950377230612424	0.9973548466217835	0.9913994238300086	0.9983927316651651	0.9991624320397898	0.9982715339190432	0.9975333089538225	0.9986812546202294	1.0	0.99543078492342	0.9987734968330322	0.9944248736393536	0.9986597239137917	0.9873460388456469	0.987095564717336	0.9850079845813384	0.9873103733357975	0.9875769273664919	0.9857451418299275	0.990116684593344	0.9862214497986309	0.9882881110891798	0.9861988541930111	0.9833453983487073	0.996991166458	0.9941923243438552	0.9905335461711263	0.9946049192879381	0.9868080749942865	0.9973950106610259	0.9816459995806971	0.993657911187371	0.9911383716710869	0.9878965590429069	0.998899456850636	0.9886865949048754	0.991675449722093	0.9979630256080134	0.9877358298560514	0.9875592240958501	0.9971517976163286
0.9810330159157374	0.9920162227633977	0.9924083836457037	0.9887760272106647	0.9955978249078423	0.9959706190878196	0.9828374571242557	0.9941939131712502	0.9933131829406654	0.99543078492342	1.0	0.9960734343524158	0.9923395157893518	0.9960323464460553	0.98701464856885	0.9872835988156233	0.983960471516663	0.9868250666641784	0.9856358826370019	0.9814994147211705	0.9854098119282472	0.9839308216479535	0.9875503688890278	0.9807562121137662	0.9713059046819752	0.99443206528555	0.9783760912538934	0.9805595226222034	0.9794404843840336	0.9746652991301225	0.9948181155571763	0.9730083524850469	0.9804607322485354	0.9861666477456393	0.9827530495700607	0.9959706190878196	0.9811783562612573	0.9709108817837813	0.9882079875432163	0.9875769273664919	0.985466475628117	0.9841672735234487
0.9943062515812618	0.9941641011397742	0.9982788210552382	0.9914707452683006	0.9987427929439768	0.9990532006946735	0.9989656412872202	0.9976796765412781	0.9992586775532737	0.9987734968330322	0.9960734343524158	1.0	0.9959166460968165	0.9994759918210461	0.9867068969206789	0.986900514411429	0.9853263800937261	0.9868126477168403	0.9870056455892898	0.9863113399517883	0.990046064091743	0.9868711326394337	0.9886737686730191	0.9867096372946588	0.9835187518688422	0.9980203041625553	0.9947596680210308	0.9912703894131669	0.9949220323767753	0.9877142469954947	0.9975487413030044	0.9824466421462673	0.993932906546159	0.9915354121326679	0.9879578252311275	0.9987233402013126	0.9894138615373167	0.9918977352915083	0.9988025828069953	0.9880730207535032	0.9870231348365722	0.9982415806002682
0.9901436139307086	0.9906063525558799	0.9941808898551101	0.9872203139577931	0.9948158317447483	0.9955167796265096	0.995475365507448	0.9933460930911209	0.9952359034455933	0.9944248736393536	0.9923395157893518	0.9959166460968165	1.0	0.9958892232175449	0.9834054038146575	0.9837837253812796	0.9813521797938458	0.9835652295064613	0.9838825624371914	0.9824659846002176	0.9858684896477793	0.9830759914463935	0.9847743900358762	0.9830459620699459	0.9800249847475282	0.9938302561174244	0.9905385016240096	0.9871921168246527	0.9908453412125441	0.9834538922777369	0.9943305813000958	0.9785097140607977	0.9896427998645426	0.987332121252259	0.9840635547983579	0.9950558196526009	0.9853273702570542	0.9872130081363145	0.9947812646910168	0.9840801378388339	0.9839022941539773	0.9940791129035104
0.9940444528011704	0.994025840974307	0.9980960680068606	0.9913616210239115	0.9987925125701599	0.9990577519599817	0.9986815830064009	0.9975999195513796	0.9989712176741619	0.9986597239137917	0.9960323464460553	0.9994759918210461	0.9958892232175449	1.0	0.9865779708922061	0.9865909830100871	0.9852073432431522	0.98663661483456	0.9867317362996963	0.9861505618379198	0.9899575754162543	0.9866498271146998	0.9885340512593677	0.9865470483297534	0.9834321897000884	0.9977856220683072	0.9945287452556676	0.991012199856815	0.9948977464373655	0.9875561364989449	0.9973577104423742	0.9823647192075561	0.9936791459171973	0.9913806161065386	0.9878351786561856	0.9985211624890401	0.9891248771505817	0.9912263430343885	0.9986396243931791	0.9879334646584139	0.9867492881827458	0.9978442240604533
0.989244241545085	0.9861147722123919	0.9865624744199667	0.9880636141077747	0.9865712566433633	0.9870696103917719	0.9877227054980783	0.9877010243675163	0.9875083144029274	0.9873460388456469	0.98701464856885	0.9867068969206789	0.9834054038146575	0.9865779708922061	1.0	0.997438949231377	0.9962504622409134	0.9972580513880568	0.9880652230059506	0.9875314166396222	0.9886747235050989	0.9874541046099334	0.9985057784177176	0.9873918131802679	0.9850390333810153	0.9860556178370774	0.9881287556891281	0.9904017910569618	0.9831125044560914	0.997864708962033	0.985590308162839	0.9924554907719693	0.9863936983010039	0.9877196646397004	0.998297514490859	0.986807146236721	0.9882849680402143	0.9867353391795273	0.9869048823974038	0.9983824642142193	0.9883010994861523	0.9868113629674132
0.9894919667213082	0.9855879675103598	0.9864624335253835	0.9880290827253624	0.9868753366855479	0.9850930803313165	0.9875805377937421	0.9875751336873124	0.987837074197932	0.987095564717336	0.9872835988156233	0.986900514411429	0.9837837253812796	0.9865909830100871	0.997438949231377	1.0	0.9974107416651469	0.9981183530882142	0.9866257484946839	0.9877432348589528	0.9885084848054282	0.9880801258124743	0.9984539328892685	0.9878062003619161	0.9848182026690923	0.9861859501439351	0.9885325226347275	0.9905335461711263	0.9830777507583135	0.9976706996050188	0.9832813318036977	0.992495711056104	0.9864465994017904	0.9877581692313393	0.9982377424429716	0.9859292010810161	0.9885602934376099	0.9878989000201858	0.9870675006635182	0.9985477996941206	0.9860309693785657	0.9867581770456553
0.9863284292387839	0.9848677097902796	0.9834641427345895	0.9862249434322141	0.9846864712476615	0.9856417186523274	0.9842234079685843	0.9847268330456078	0.9844768609580504	0.9850079845813384	0.983960471516663	0.9853263800937261	0.9813521797938458	0.9852073432431522	0.9962504622409134	0.9974107416651469	1.0	0.9971348386892659	0.9870808288695859	0.9845191456083479	0.9853018254271294	0.984967967188556	0.995560481750498	0.9848967598361515	0.9824348308646865	0.98368177278979	0.9858986201050933	0.9875779035722493	0.9811071647983252	0.995081837053647	0.9843821651382879	0.9891793630069667	0.9837774021526872	0.9844195294094606	0.9953488310953518	0.9854054989846879	0.9855592348407043	0.9821341834943479	0.9837543291555583	0.9959933971475283	0.9871932826561336	0.9837502457226928
0.9894645334121628	0.9859400872546468	0.986860784074471	0.9880808662316434	0.9865712566433633	0.9870754702181144	0.9874949415323956	0.9877548305011018	0.9877407204566762	0.9873103733357975	0.9868250666641784	0.9868126477168403	0.9835652295064613	0.98663661483456	0.9972580513880568	0.9981183530882142	0.9971348386892659	1.0	0.9880208330485336	0.9874734107057289	0.9886931428126284	0.9878311437926603	0.9983890121975342	0.9880990303453024	0.9847904940914929	0.986720460852468	0.9886865095562565	0.9906429418940363	0.9833892152140834	0.9975732688484771	0.9858858918797315	0.9924353622780044	0.9866310859099958	0.9878350435910439	0.9988306865709088	0.9867776865906869	0.9886024477353899	0.9885707965538475	0.9869979055219238	0.9980106516939189	0.9883579813774257	0.9867581770456553
0.9881772688912149	0.9863015065246002	0.9871760272748823	0.9883043254076229	0.9868753366855479	0.9856505596700679	0.9877794011308216	0.9882704734803373	0.9882387092648321	0.9875769273664919	0.9856358826370019	0.9870056455892898	0.9838825624371914	0.9867317362996963	0.9880652230059506	0.9866257484946839	0.9870808288695859	0.9880208330485336	1.0	0.9991404619170996	0.9894035841550304	0.9986886582507499	0.989346536793485	0.9988119712685744	0.9959473676234708	0.9864266334644497	0.9884397838875869	0.9885695987168731	0.9839018354116463	0.9891544583539101	0.9845558924061897	0.9838350281449453	0.9873074027007146	0.9872540619871298	0.9898605179595393	0.9863675000591712	0.9879429162751089	0.9896723391841543	0.9877327728617202	0.9892527703753019	0.9961755037183774	0.9873123864677593
0.9845610835236387	0.9861102441415766	0.9834860901610996	0.9869860103280481	0.9857655320577855	0.9863514119232751	0.984443586020923	0.9857655320577855	0.9843059073247029	0.9857451418299275	0.9814994147211705	0.9863113399517883	0.9824659846002176	0.9861505618379198	0.9875314166396222	0.9877432348589528	0.9845191456083479	0.9874734107057289	0.9991404619170996	1.0	0.9856838951159266	0.9966847650745428	0.9872013563978714	0.9945248780081469	0.9922712789186213	0.9844555666949422	0.9853251331292621	0.9848554407845518	0.9805860201146175	0.9854565713117648	0.9856430004542309	0.9807679057845379	0.9839204265574173	0.9830495310435072	0.9857644025873037	0.9862310491841094	0.9839492736051835	0.9826831350140778	0.9840858803045581	0.9878773221824615	0.9966701144089203	0.9831022052118641
0.9887150728806748	0.9903801738315571	0.9872934691369138	0.9921016265293019	0.9896906765900789	0.9905720713607432	0.9882574132099697	0.9898688488122402	0.9882387092648321	0.990116684593344	0.9854098119282472	0.990046064091743	0.9858684896477793	0.9899575754162543	0.9886747235050989	0.9885084848054282	0.9853018254271294	0.9886931428126284	0.9894035841550304	0.9856838951159266	1.0	0.9875693414162516	0.9883786057028044	0.9859922980477489	0.9838627331137975	0.9884528850115706	0.9882846368569467	0.9889626639167345	0.9838339473132429	0.987210935905044	0.9892047483871041	0.9819520013354993	0.9884709445605592	0.988892860692075	0.9879169937730256	0.9904500838706358	0.9891456030937527	0.9900426540914411	0.9880266892001114	0.989004706327449	0.9892952769320977	0.987338545983469
0.9868673539485644	0.9861275810934048	0.9857125147172048	0.987345581139352	0.9864828652121288	0.9869078725687759	0.9867728464764133	0.9863264592060085	0.9870976129013395	0.9862214497986309	0.9839308216479535	0.9868711326394337	0.9830759914463935	0.9866498271146998	0.9874541046099334	0.9880801258124743	0.984967967188556	0.9878311437926603	0.9986886582507499	0.9966847650745428	0.9875693414162516	1.0	0.9879691800728015	0.9970503923259436	0.9947599038704389	0.9849797289879865	0.9871132517320725	0.9871921168246527	0.9822324060224776	0.9873707092718169	0.986258922358378	0.9823647192075561	0.9856710737318795	0.9854881482794432	0.9879782219910201	0.9866127976555782	0.9862451700330326	0.9881834759836324	0.986412147484005	0.9884501050460952	0.9972296059659534	0.9858406006114392
0.9896287920594281	0.9876111516033113	0.9871171487897303	0.988916857884378	0.9883233580028233	0.9889341529906598	0.9880614242120167	0.9880935760262347	0.9882387092648321	0.9882881110891798	0.9875503688890278	0.9886737686730191	0.9847743900358762	0.9885340512593677	0.9985057784177176	0.9984539328892685	0.995560481750498	0.9983890121975342	0.989346536793485	0.9872013563978714	0.9883786057028044	0.9879691800728015	1.0	0.9876095235409278	0.9846515992702778	0.9869750758329998	0.9883467833716132	0.9904677343382919	0.9836294356692616	0.9970421514212152	0.9879157233456951	0.9922738918750494	0.9863141867166958	0.9877389225642978	0.9981628760759252	0.9886911917727326	0.9878352924293785	0.9888496519082861	0.9874820085399743	0.9989943249827391	0.9896524752888038	0.9870232508845953
0.9839177047354766	0.986322167739449	0.9837190144998199	0.9870725503646749	0.9862811145957292	0.9868915942845676	0.9840969253227712	0.9862400101238026	0.984422029175495	0.9861988541930111	0.9807562121137662	0.9867096372946588	0.9830459620699459	0.9865470483297534	0.9873918131802679	0.9878062003619161	0.9848967598361515	0.9880990303453024	0.9988119712685744	0.9945248780081469	0.9859922980477489	0.9970503923259436	0.9876095235409278	1.0	0.9919382542770779	0.9847464526467057	0.9850860500268126	0.9844097382190244	0.9797499100613889	0.9848885533451347	0.9859922980477489	0.9799539938953457	0.9831113327337918	0.9828869075177302	0.9860467153074804	0.9867096372946588	0.9833122015560976	0.9831405529985482	0.9834452777609612	0.9882347984021967	0.9967524919946117	0.9832506161894052
0.9747108876262566	0.9838056529062119	0.9809106263766372	0.9843720336843547	0.9831128248558734	0.9839481675811984	0.9743940909053239	0.9834899232013703	0.9813138010090533	0.9833453983487073	0.9713059046819752	0.9835187518688422	0.9800249847475282	0.9834321897000884	0.9850390333810153	0.9848182026690923	0.9824348308646865	0.9847904940914929	0.9959473676234708	0.9922712789186213	0.9838627331137975	0.9947599038704389	0.9846515992702778	0.9919382542770779	1.0	0.9825537554479656	0.9755650784579935	0.9762205344062286	0.9703032900516761	0.9761391910990067	0.982907960195147	0.9723610490604541	0.9729695735163348	0.9816205886017206	0.9811902758122117	0.9837484731718955	0.9782798464783663	0.9677561121647107	0.9767565591912906	0.9851488942496666	0.9942436278200436	0.9730032150897673
0.9925538630049039	0.9931903022535863	0.9966703744646701	0.9899566203926358	0.9970179564949219	0.998085200878885	0.9971598093299683	0.9959072480221771	0.9972791867277964	0.996991166458	0.99443206528555	0.9980203041625553	0.9938302561174244	0.9977856220683072	0.9860556178370774	0.9861859501439351	0.98368177278979	0.986720460852468	0.9864266334644497	0.9844555666949422	0.9884528850115706	0.9849797289879865	0.9869750758329998	0.9847464526467057	0.9825537554479656	1.0	0.9934293060178806	0.9896225571235012	0.993483182663248	0.986263134823158	0.9965731349311329	0.980710436654385	0.9926222889080283	0.9898817227449134	0.9865190199775689	0.9980203041625553	0.987662359221873	0.9899756324953762	0.9970846163880066	0.9862787292893614	0.9864266334644497	0.9960652571853549
0.980057335220297	0.9944514121725693	0.992181734987882	0.9918483935815849	0.9942702635734825	0.9950904094540196	0.9811190391033281	0.9936415553359976	0.9933760304489103	0.9941923243438552	0.9783760912538934	0.9947596680210308	0.9905385016240096	0.9945287452556676	0.9881287556891281	0.9885325226347275	0.9858986201050933	0.9886865095562565	0.9884397838875869	0.9853251331292621	0.9882846368569467	0.9871132517320725	0.9883467833716132	0.9850860500268126	0.9755650784579935	0.9934293060178806	1.0	0.9851203115093305	0.978543981154512	0.977350180695313	0.9943480199471453	0.9762460168192774	0.9854948474617367	0.9893556340779891	0.9864293809665758	0.9947852271094315	0.9841472085421777	0.9672214641440626	0.9882535195800185	0.9888703491330506	0.9877831978231477	0.9821098413070289
0.9846882592135822	0.9910769366584364	0.9887088635148051	0.991012199856815	0.9907519763993972	0.9915053038468438	0.9839699530969785	0.9900033407615199	0.9892601122118142	0.9905335461711263	0.9805595226222034	0.9912703894131669	0.9871921168246527	0.991012199856815	0.9904017910569618	0.9905335461711263	0.9875779035722493	0.9906429418940363	0.9885695987168731	0.9848554407845518	0.9889626639167345	0.9871921168246527	0.9904677343382919	0.9844097382190244	0.9762205344062286	0.9896225571235012	0.9851203115093305	1.0	0.9793626675978732	0.9825742627028176	0.990577347962102	0.9786842825900836	0.983806056978183	0.9901810238757547	0.9874096780071153	0.9911630555327475	0.9831998470547569	0.9767285419385849	0.9843039814283068	0.9908823444000111	0.9883595916708189	0.9815798945153468
0.9769374120042281	0.9904864255372378	0.9926097142366042	0.9872821453114123	0.9945067326895761	0.995332195688081	0.9837318509285579	0.9929721733969926	0.9934070322519215	0.9946049192879381	0.9794404843840336	0.9949220323767753	0.9908453412125441	0.9948977464373655	0.9831125044560914	0.9830777507583135	0.9811071647983252	0.9833892152140834	0.9839018354116463	0.9805860201146175	0.9838339473132429	0.9822324060224776	0.9836294356692616	0.9797499100613889	0.9703032900516761	0.993483182663248	0.978543981154512	0.9793626675978732	1.0	0.9728753347208687	0.9945313066154784	0.9732064891315574	0.979941822800773	0.9857798687681972	0.9799035303564563	0.9948247817250094	0.9795568629000245	0.9659149605864805	0.9874651961800873	0.9834580294333501	0.9835952260378892	0.9834236403807718
0.9779080628643371	0.9865911813431739	0.9843978887708037	0.987976088838284	0.9868080749942865	0.9876089244165324	0.9767781144497941	0.9865639687865226	0.9853154852123274	0.9868080749942865	0.9746652991301225	0.9877142469954947	0.9834538922777369	0.9875561364989449	0.997864708962033	0.9976706996050188	0.995081837053647	0.9975732688484771	0.9891544583539101	0.9854565713117648	0.987210935905044	0.9873707092718169	0.9970421514212152	0.9848885533451347	0.9761391910990067	0.986263134823158	0.977350180695313	0.9825742627028176	0.9728753347208687	1.0	0.9867810413769333	0.985904017752633	0.9759514425837992	0.9855970540302071	0.9937075013518206	0.9874237951578675	0.9833039066559054	0.9722071067112461	0.97991762064855	0.9977484392071686	0.9887748178002902	0.9756487727270622
0.9935388368523757	0.992580609340013	0.9976847337640069	0.990379024818663	0.9977068207473607	0.9959794930631874	0.9984771899465206	0.9967097266209644	0.9987366807299073	0.9973950106610259	0.9948181155571763	0.9975487413030044	0.9943305813000958	0.9973577104423742	0.985590308162839	0.9832813318036977	0.9843821651382879	0.9858858918797315	0.9845558924061897	0.9856430004542309	0.9892047483871041	0.986258922358378	0.9879157233456951	0.9859922980477489	0.982907960195147	0.9965731349311329	0.9943480199471453	0.990577347962102	0.9945313066154784	0.9867810413769333	1.0	0.9817297387672609	0.9933806135457619	0.990683721408108	0.9872149972198884	0.9966402428832636	0.9885813773271616	0.9911616837597328	0.9981127303116348	0.9872266709385158	0.9837395871384957	0.9976150136464227
0.9772773368937916	0.981449770670832	0.9788768199434053	0.9828801370183647	0.9814216416451471	0.9821177133631239	0.9753190688854008	0.9812806325556992	0.9801008301436476	0.9816459995806971	0.9730083524850469	0.9824466421462673	0.9785097140607977	0.9823647192075561	0.9924554907719693	0.992495711056104	0.9891793630069667	0.9924353622780044	0.9838350281449453	0.9807679057845379	0.9819520013354993	0.9823647192075561	0.9922738918750494	0.9799539938953457	0.9723610490604541	0.980710436654385	0.9762460168192774	0.9786842825900836	0.9732064891315574	0.985904017752633	0.9817297387672609	1.0	0.9756876697037006	0.9807391838478209	0.9889787671763457	0.9817854460810919	0.9782316475542671	0.9709108817837813	0.9747644688795272	0.9926760997027242	0.983572558656455	0.9734462472037426
0.985657515656306	0.9966225868149902	0.9910514046062474	0.9910743796490704	0.9935088856507672	0.9942056381586369	0.9840335006480903	0.9927098391632942	0.9923140255757669	0.993657911187371	0.9804607322485354	0.993932906546159	0.9896427998645426	0.9936791459171973	0.9863936983010039	0.9864465994017904	0.9837774021526872	0.9866310859099958	0.9873074027007146	0.9839204265574173	0.9884709445605592	0.9856710737318795	0.9863141867166958	0.9831113327337918	0.9729695735163348	0.9926222889080283	0.9854948474617367	0.983806056978183	0.979941822800773	0.9759514425837992	0.9933806135457619	0.9756876697037006	1.0	0.9891595784196857	0.9834605351682904	0.9939539657859887	0.9841196186667998	0.975551747113286	0.9881713527509504	0.986578481004219	0.9871266807106104	0.9829531190431027
0.9904113810912308	0.9914838939754632	0.9883698500716963	0.9918768296711912	0.9909293104347232	0.9917577342181626	0.9903397180367621	0.9906308567364382	0.9893415971837085	0.9911383716710869	0.9861666477456393	0.9915354121326679	0.987332121252259	0.9913806161065386	0.9877196646397004	0.9877581692313393	0.9844195294094606	0.9878350435910439	0.9872540619871298	0.9830495310435072	0.988892860692075	0.9854881482794432	0.9877389225642978	0.9828869075177302	0.9816205886017206	0.9898817227449134	0.9893556340779891	0.9901810238757547	0.9857798687681972	0.9855970540302071	0.990683721408108	0.9807391838478209	0.9891595784196857	1.0	0.9859384203038714	0.9915525670217815	0.9863129827494294	0.984752076588141	0.9893934635249455	0.9881407589059944	0.987097385763953	0.9885703706076284
0.9863887477762308	0.9874022816479975	0.9850143680701574	0.9890218197976016	0.9875472140842265	0.9882422367552455	0.9841285917322328	0.9878965590429069	0.9861762000736929	0.9878965590429069	0.9827530495700607	0.9879578252311275	0.9840635547983579	0.9878351786561856	0.998297514490859	0.9982377424429716	0.9953488310953518	0.9988306865709088	0.9898605179595393	0.9857644025873037	0.9879169937730256	0.9879782219910201	0.9981628760759252	0.9860467153074804	0.9811902758122117	0.9865190199775689	0.9864293809665758	0.9874096780071153	0.9799035303564563	0.9937075013518206	0.9872149972198884	0.9889787671763457	0.9834605351682904	0.9859384203038714	1.0	0.9880800167343651	0.9848822661053187	0.9837946949548628	0.9833156414944606	0.9987718652017878	0.9898412536007446	0.9824714323530672
0.9939487380844854	0.993924159028919	0.9981945982064507	0.9915484711410437	0.9988545578695736	0.9987061046997896	0.9985795433610359	0.9979836519939617	0.9990261635769968	0.998899456850636	0.9959706190878196	0.9987233402013126	0.9950558196526009	0.9985211624890401	0.986807146236721	0.9859292010810161	0.9854054989846879	0.9867776865906869	0.9863675000591712	0.9862310491841094	0.9904500838706358	0.9866127976555782	0.9886911917727326	0.9867096372946588	0.9837484731718955	0.9980203041625553	0.9947852271094315	0.9911630555327475	0.9948247817250094	0.9874237951578675	0.9966402428832636	0.9817854460810919	0.9939539657859887	0.9915525670217815	0.9880800167343651	1.0	0.9890002471331303	0.9917708980378525	0.9986722799541424	0.9879684091630755	0.9864197054006075	0.9978822726902268
0.9843693911325063	0.9890210515481698	0.9858811204146375	0.9916389209099724	0.9886655782471231	0.9893933035690713	0.9844749197680045	0.9883274758409972	0.9869613951609418	0.9886865949048754	0.9811783562612573	0.9894138615373167	0.9853273702570542	0.9891248771505817	0.9882849680402143	0.9885602934376099	0.9855592348407043	0.9886024477353899	0.9879429162751089	0.9839492736051835	0.9891456030937527	0.9862451700330326	0.9878352924293785	0.9833122015560976	0.9782798464783663	0.987662359221873	0.9841472085421777	0.9831998470547569	0.9795568629000245	0.9833039066559054	0.9885813773271616	0.9782316475542671	0.9841196186667998	0.9863129827494294	0.9848822661053187	0.9890002471331303	1.0	0.9887105191610049	0.9828973256268416	0.9886655782471231	0.9877273156638969	0.9832209877109018
0.9717417324842048	0.9902429060926741	0.986661232098457	0.9931705216391837	0.991643572274033	0.9919293687210273	0.9725518033543773	0.9912908760213112	0.990076113915854	0.991675449722093	0.9709108817837813	0.9918977352915083	0.9872130081363145	0.9912263430343885	0.9867353391795273	0.9878989000201858	0.9821341834943479	0.9885707965538475	0.9896723391841543	0.9826831350140778	0.9900426540914411	0.9881834759836324	0.9888496519082861	0.9831405529985482	0.9677561121647107	0.9899756324953762	0.9672214641440626	0.9767285419385849	0.9659149605864805	0.9722071067112461	0.9911616837597328	0.9709108817837813	0.975551747113286	0.984752076588141	0.9837946949548628	0.9917708980378525	0.9887105191610049	1.0	0.9810078636153573	0.9889536174083547	0.989570618630266	0.9776207267837995
0.987339096486695	0.9946525830527142	0.9957396992780135	0.9907887453208338	0.9983772200993877	0.9989161809566117	0.9921994849118503	0.9964276956442446	0.996410231613816	0.9979630256080134	0.9882079875432163	0.9988025828069953	0.9947812646910168	0.9986396243931791	0.9869048823974038	0.9870675006635182	0.9837543291555583	0.9869979055219238	0.9877327728617202	0.9840858803045581	0.9880266892001114	0.986412147484005	0.9874820085399743	0.9834452777609612	0.9767565591912906	0.9970846163880066	0.9882535195800185	0.9843039814283068	0.9874651961800873	0.97991762064855	0.9981127303116348	0.9747644688795272	0.9881713527509504	0.9893934635249455	0.9833156414944606	0.9986722799541424	0.9828973256268416	0.9810078636153573	1.0	0.9874362090789809	0.9875505884684105	0.99064480235769
0.9899819046824777	0.9874047972113384	0.986860784074471	0.9885740122001332	0.987793314631946	0.9881946491347696	0.9879770705978712	0.9880758339160302	0.9885037708879909	0.9877358298560514	0.9875769273664919	0.9880730207535032	0.9840801378388339	0.9879334646584139	0.9983824642142193	0.9985477996941206	0.9959933971475283	0.9980106516939189	0.9892527703753019	0.9878773221824615	0.989004706327449	0.9884501050460952	0.9989943249827391	0.9882347984021967	0.9851488942496666	0.9862787292893614	0.9888703491330506	0.9908823444000111	0.9834580294333501	0.9977484392071686	0.9872266709385158	0.9926760997027242	0.986578481004219	0.9881407589059944	0.9987718652017878	0.9879684091630755	0.9886655782471231	0.9889536174083547	0.9874362090789809	1.0	0.9892023454508603	0.9871023583429656
0.9877752970477205	0.9862485251250401	0.9869398785115305	0.9885092586677272	0.9867861928287651	0.9854408168905394	0.9876090204921965	0.9883233580028233	0.9879906561295668	0.9875592240958501	0.985466475628117	0.9870231348365722	0.9839022941539773	0.9867492881827458	0.9883010994861523	0.9860309693785657	0.9871932826561336	0.9883579813774257	0.9961755037183774	0.9966701144089203	0.9892952769320977	0.9972296059659534	0.9896524752888038	0.9967524919946117	0.9942436278200436	0.9864266334644497	0.9877831978231477	0.9883595916708189	0.9835952260378892	0.9887748178002902	0.9837395871384957	0.983572558656455	0.9871266807106104	0.987097385763953	0.9898412536007446	0.9864197054006075	0.9877273156638969	0.989570618630266	0.9875505884684105	0.9892023454508603	1.0	0.9872337829259791
0.9834267507199765	0.9938007715752081	0.9952109136282589	0.9911145221915943	0.9978632538158331	0.9985598104804069	0.9869766356338537	0.9958840257882356	0.99598483201162	0.9971517976163286	0.9841672735234487	0.9982415806002682	0.9940791129035104	0.9978442240604533	0.9868113629674132	0.9867581770456553	0.9837502457226928	0.9867581770456553	0.9873123864677593	0.9831022052118641	0.987338545983469	0.9858406006114392	0.9870232508845953	0.9832506161894052	0.9730032150897673	0.9960652571853549	0.9821098413070289	0.9815798945153468	0.9834236403807718	0.9756487727270622	0.9976150136464227	0.9734462472037426	0.9829531190431027	0.9885703706076284	0.9824714323530672	0.9978822726902268	0.9832209877109018	0.9776207267837995	0.99064480235769	0.9871023583429656	0.9872337829259791	1.0
