/home/jshaw/scratch/2022_sketched_distance/references/SGB_genome_fastas_part4/14193/Bengtsson-PalmeJ_2015__TRAVELRES16__bin.91.fa	/home/jshaw/scratch/2022_sketched_distance/references/SGB_genome_fastas_part4/14193/Bengtsson-PalmeJ_2015__TRAVELRES17__bin.41.fa	/home/jshaw/scratch/2022_sketched_distance/references/SGB_genome_fastas_part4/14193/Bengtsson-PalmeJ_2015__TRAVELRES18__bin.102.fa	/home/jshaw/scratch/2022_sketched_distance/references/SGB_genome_fastas_part4/14193/Bengtsson-PalmeJ_2015__TRAVELRES1__bin.88.fa	/home/jshaw/scratch/2022_sketched_distance/references/SGB_genome_fastas_part4/14193/Bengtsson-PalmeJ_2015__TRAVELRES49__bin.105.fa	/home/jshaw/scratch/2022_sketched_distance/references/SGB_genome_fastas_part4/14193/Bengtsson-PalmeJ_2015__TRAVELRES50__bin.135.fa	/home/jshaw/scratch/2022_sketched_distance/references/SGB_genome_fastas_part4/14193/Bengtsson-PalmeJ_2015__TRAVELRES63__bin.5.fa	/home/jshaw/scratch/2022_sketched_distance/references/SGB_genome_fastas_part4/14193/BritoIL_2016__M2.46.ST__bin.22.fa	/home/jshaw/scratch/2022_sketched_distance/references/SGB_genome_fastas_part4/14193/BritoIL_2016__M2.49.ST__bin.104.fa	/home/jshaw/scratch/2022_sketched_distance/references/SGB_genome_fastas_part4/14193/BritoIL_2016__W1.1.ST__bin.107.fa	/home/jshaw/scratch/2022_sketched_distance/references/SGB_genome_fastas_part4/14193/BritoIL_2016__W1.2.ST__bin.59.fa	/home/jshaw/scratch/2022_sketched_distance/references/SGB_genome_fastas_part4/14193/BritoIL_2016__W1.41.ST__bin.20.fa	/home/jshaw/scratch/2022_sketched_distance/references/SGB_genome_fastas_part4/14193/BritoIL_2016__W1.5.ST__bin.20.fa	/home/jshaw/scratch/2022_sketched_distance/references/SGB_genome_fastas_part4/14193/BritoIL_2016__W2.61.ST__bin.75.fa	/home/jshaw/scratch/2022_sketched_distance/references/SGB_genome_fastas_part4/14193/BritoIL_2016__WL.43.ST__bin.50.fa	/home/jshaw/scratch/2022_sketched_distance/references/SGB_genome_fastas_part4/14193/CM_madagascar__A94_03_1FE__bin.52.fa	/home/jshaw/scratch/2022_sketched_distance/references/SGB_genome_fastas_part4/14193/CosteaPI_2017__SID713A028-11-0-0__bin.81.fa	/home/jshaw/scratch/2022_sketched_distance/references/SGB_genome_fastas_part4/14193/CosteaPI_2017__SID713B040-11-90-0__bin.102.fa	/home/jshaw/scratch/2022_sketched_distance/references/SGB_genome_fastas_part4/14193/CosteaPI_2017__SID713B063-11-0-0__bin.6.fa	/home/jshaw/scratch/2022_sketched_distance/references/SGB_genome_fastas_part4/14193/FerrettiP_2018__CA_C10002MS2016FE_t0M15__bin.18.fa	/home/jshaw/scratch/2022_sketched_distance/references/SGB_genome_fastas_part4/14193/LeChatelierE_2013__MH0117__bin.8.fa	/home/jshaw/scratch/2022_sketched_distance/references/SGB_genome_fastas_part4/14193/LeChatelierE_2013__MH0415__bin.94.fa	/home/jshaw/scratch/2022_sketched_distance/references/SGB_genome_fastas_part4/14193/LeChatelierE_2013__MH0437__bin.41.fa	/home/jshaw/scratch/2022_sketched_distance/references/SGB_genome_fastas_part4/14193/LeChatelierE_2013__MH0448__bin.59.fa	/home/jshaw/scratch/2022_sketched_distance/references/SGB_genome_fastas_part4/14193/LeChatelierE_2013__MH0453__bin.19.fa	/home/jshaw/scratch/2022_sketched_distance/references/SGB_genome_fastas_part4/14193/LiJ_2014__MH0252__bin.98.fa	/home/jshaw/scratch/2022_sketched_distance/references/SGB_genome_fastas_part4/14193/LiJ_2014__MH0374__bin.24.fa	/home/jshaw/scratch/2022_sketched_distance/references/SGB_genome_fastas_part4/14193/LiJ_2014__O2.UC29-1__bin.21.fa	/home/jshaw/scratch/2022_sketched_distance/references/SGB_genome_fastas_part4/14193/LiJ_2014__V1.CD6-0-PT__bin.11.fa	/home/jshaw/scratch/2022_sketched_distance/references/SGB_genome_fastas_part4/14193/LiJ_2017__H2M513938__bin.8.fa	/home/jshaw/scratch/2022_sketched_distance/references/SGB_genome_fastas_part4/14193/LiJ_2017__H2M614904__bin.51.fa	/home/jshaw/scratch/2022_sketched_distance/references/SGB_genome_fastas_part4/14193/LiJ_2017__H3M517925__bin.78.fa	/home/jshaw/scratch/2022_sketched_distance/references/SGB_genome_fastas_part4/14193/LiuW_2016__SRR3992987__bin.37.fa	/home/jshaw/scratch/2022_sketched_distance/references/SGB_genome_fastas_part4/14193/LiuW_2016__SRR3993044__bin.27.fa	/home/jshaw/scratch/2022_sketched_distance/references/SGB_genome_fastas_part4/14193/LiuW_2016__SRR3993055__bin.107.fa	/home/jshaw/scratch/2022_sketched_distance/references/SGB_genome_fastas_part4/14193/NielsenHB_2014__MH0117__bin.12.fa	/home/jshaw/scratch/2022_sketched_distance/references/SGB_genome_fastas_part4/14193/XieH_2016__YSZC12003_35561__bin.73.fa	/home/jshaw/scratch/2022_sketched_distance/references/SGB_genome_fastas_part4/14193/XieH_2016__YSZC12003_36058__bin.52.fa	/home/jshaw/scratch/2022_sketched_distance/references/SGB_genome_fastas_part4/14193/XieH_2016__YSZC12003_37101__bin.40.fa	/home/jshaw/scratch/2022_sketched_distance/references/SGB_genome_fastas_part4/14193/XieH_2016__YSZC12003_37182R1__bin.71.fa	/home/jshaw/scratch/2022_sketched_distance/references/SGB_genome_fastas_part4/14193/XieH_2016__YSZC12003_37228__bin.62.fa	/home/jshaw/scratch/2022_sketched_distance/references/SGB_genome_fastas_part4/14193/XieH_2016__YSZC12003_37394__bin.51.fa	/home/jshaw/scratch/2022_sketched_distance/references/SGB_genome_fastas_part4/14193/ZeeviD_2015__PNP_Main_474__bin.41.fa	/home/jshaw/scratch/2022_sketched_distance/references/SGB_genome_fastas_part4/14193/ZeeviD_2015__PNP_Main_666__bin.22.fa	/home/jshaw/scratch/2022_sketched_distance/references/SGB_genome_fastas_part4/14193/ZeeviD_2015__PNP_Validation_42__bin.79.fa	/home/jshaw/scratch/2022_sketched_distance/references/SGB_genome_fastas_part4/14193/ZeeviD_2015__PNP_Validation_66__bin.52.fa
1.0	0.9941949013351052	0.9891985776845873	0.9919878253230958	0.9835999648855855	0.9943099401428477	0.9940791129035104	0.9937848534852063	0.9904804436684186	0.992651225359468	0.9897726213249106	0.987801592587964	0.984714961797776	0.993071538718994	0.9812429956143699	0.9858294161923811	0.9909594406278395	0.9938158141591734	0.9854534426398276	0.9938525277592432	0.986818375218659	0.9939536532635539	0.9854014365193212	0.9902285901865868	0.9866651781719991	0.9919099521330577	0.9931440106941154	0.9862934983039573	0.9913410273066103	0.9844713691803652	0.994697424668871	0.9929847400612204	0.9924222822044988	0.9811620666028138	0.9902650946824725	0.9813245248432699	0.9941619615479682	0.9924752296642133	0.9913779235178382	0.9896600929416975	0.9903649504145855	0.9931302241711472	0.9835936041267913	0.9920138929074596	0.9834964904668134	0.9667756143622422
0.9941949013351052	1.0	0.9926022945867661	0.9921396090617098	0.9840026519969792	0.9955008324598674	0.9950454264659184	0.9942795080794027	0.9906721236935456	0.9936541066868779	0.9906475566469151	0.9894959055440776	0.9849034507867435	0.993994149928794	0.9819905227550817	0.9860613814354439	0.992718648621769	0.9959143604728855	0.9862699182999035	0.994670722455941	0.9875147213583964	0.9946279925336381	0.9850836912282365	0.9912957617682024	0.9877187063620357	0.9923974292003319	0.9945324819448873	0.9870472116032978	0.9921653035721403	0.9845250977994408	0.9950602701752829	0.9937813829252837	0.9925528348286583	0.9811856860287308	0.9907565891076815	0.9820568910881513	0.9948930070742313	0.9931487694022418	0.9927953090871197	0.990022916634684	0.9909374604962251	0.9939635574143572	0.9846006057448929	0.9926924459271449	0.9853008706582665	0.9666584984355915
0.9891985776845873	0.9926022945867661	1.0	0.9874714716107951	0.9829690592636562	0.9899432655815621	0.989489217500391	0.9893441158930107	0.9878665838330892	0.988676821065329	0.9877407838242744	0.987551800986591	0.9829695492379625	0.9888690583380176	0.9805027912959837	0.9840609149449316	0.9888994359524822	0.9905083127089108	0.9836883894017578	0.9902634297017235	0.9861452841886625	0.9894229739952575	0.9808777369736426	0.9869601299880213	0.9846997905765991	0.9880349041524561	0.9892751143814708	0.9848628168959631	0.9880729689279786	0.9828746941210263	0.9899154251878326	0.9902931520407356	0.9886763269926523	0.9801186919363238	0.9872204537072989	0.9803285317202207	0.9898815386577604	0.9877447212201252	0.9892114071576202	0.9866992075793062	0.9874303382859057	0.9881939847091826	0.9835365747205497	0.9886476373010215	0.9817541114707179	0.9651555065629137
0.9919878253230958	0.9921396090617098	0.9874714716107951	1.0	0.9803440012959581	0.9915723500668974	0.991268479119238	0.9923563023347804	0.9900276909864071	0.995102250714871	0.9896321455510546	0.9854709568590673	0.984001144839298	0.9937925440587583	0.9791892253254985	0.9850678102614736	0.988412295165473	0.9915956045789447	0.9829550805592375	0.9924195243541366	0.9856277128256292	0.9931458725974958	0.9827285561164032	0.9871017532441824	0.9851169688573115	0.9914970247688484	0.9909102127360148	0.9835607736453222	0.9914289120920925	0.9825441934629128	0.9930604852998285	0.9921250465211146	0.9911557853899898	0.9804992005524498	0.989367983849668	0.9797523035470841	0.9927264389225475	0.9921615322732104	0.9887201515167326	0.9881991919205758	0.9895122412715477	0.990290946639939	0.9807761894254533	0.9916843922547868	0.9808808963470522	0.963122800046019
0.9835999648855855	0.9840026519969792	0.9829690592636562	0.9803440012959581	1.0	0.987477954168793	0.9843438279451792	0.9829616790543187	0.9819838284386493	0.9824731481553245	0.9811787143053695	0.9811129631381087	0.9779498498249226	0.9820987776490934	0.976214027652597	0.9788456494355259	0.9824648779476809	0.9839354444494123	0.978058771189778	0.9836408566709189	0.9811026739648259	0.9829033287366944	0.9745163626069407	0.9817968798308953	0.9798982374360613	0.9819131605650234	0.9835865096029487	0.9821098413070289	0.9815033095377097	0.9762766983028706	0.9834095139002679	0.983823593356051	0.9829913399265163	0.972110372108767	0.9804721722671971	0.9768015458422415	0.9833788367507148	0.9808880860403921	0.9847069570924881	0.981578858248763	0.9805119941598445	0.982636956982104	0.9791363238145614	0.9824709650657139	0.9774355664664691	0.9604680563128952
0.9943099401428477	0.9955008324598674	0.9899432655815621	0.9915723500668974	0.987477954168793	1.0	0.9964109312842532	0.9943726207873272	0.9903239291726117	0.9932108804225744	0.9903292620138474	0.9883915784039904	0.9840469862256188	0.9936719917025105	0.9815107301266818	0.9855256106270434	0.9914333181243488	0.9950808661931608	0.9862317802349005	0.9943616891942905	0.9868089684331003	0.9941893114559271	0.9855072778585063	0.9917614682945591	0.988493016157078	0.9918572046763952	0.9949080234284418	0.9880048982838429	0.9916860096598074	0.9839410152308855	0.9946810643955801	0.9936336524670012	0.9925795898400596	0.9808514803805883	0.9900362948691299	0.9814973534426414	0.9949473012498659	0.9926150243085202	0.9933985995933943	0.9897191174679372	0.9902630704098843	0.9952303504319088	0.9852949489321231	0.9921701530198702	0.9863366390642768	0.967380293433534
0.9940791129035104	0.9950454264659184	0.989489217500391	0.991268479119238	0.9843438279451792	0.9964109312842532	1.0	0.9939811129500514	0.9899951063549064	0.9926848829779156	0.9897443035249179	0.9881419078365824	0.9835504822913197	0.9932840766664951	0.9807896640266309	0.985233474476637	0.9911315898622091	0.9947604365343299	0.9856920348929362	0.9940357773970863	0.9866383380474365	0.994084897480043	0.9846515401979234	0.99081878483987	0.9902174815026352	0.991466742485763	0.9945171611969583	0.987817981416289	0.9914018556054807	0.9834431242468742	0.9942576318890533	0.9933725230671703	0.9922298916512903	0.9806220752956446	0.9900254285027894	0.9812407474963445	0.9945122604712824	0.9924897727344799	0.9927498173646416	0.98934203751087	0.9902485726647164	0.9947735827036862	0.9846774044579116	0.9919245838529166	0.9852990375524349	0.9667106220470812
0.9937848534852063	0.9942795080794027	0.9893441158930107	0.9923563023347804	0.9829616790543187	0.9943726207873272	0.9939811129500514	1.0	0.9913121902432447	0.9938320935469065	0.9913056807800419	0.9880990177779125	0.9855149083963034	0.9945491517708833	0.9842648622664754	0.9867309356269474	0.9911119431961792	0.9941812783840538	0.9858292356513646	0.9954089956387531	0.9879217091909641	0.9960167898059118	0.9849478654163842	0.9904202563219875	0.9868334759470584	0.9927589658678357	0.9935778072290883	0.9862205483728765	0.9923388194224724	0.9858567714171536	0.9956504007687988	0.9952009970064501	0.9940470295211404	0.98253442752025	0.9914973119221392	0.9824032294629115	0.9956907647408906	0.9932818245468114	0.9919468531408804	0.9925273527200396	0.9917336464808698	0.992839994078567	0.9833746338869109	0.9929973940380735	0.9847531966430781	0.966312248679032
0.9904804436684186	0.9906721236935456	0.9878665838330892	0.9900276909864071	0.9819838284386493	0.9903239291726117	0.9899951063549064	0.9913121902432447	1.0	0.9913562966607289	0.9920330137133646	0.9866663444217576	0.9849049828643534	0.9941994769952727	0.9803991779868796	0.9852918788481317	0.9888127549651644	0.9901959251479472	0.9842946435490155	0.991240683100766	0.9866093105458198	0.9913098426779646	0.9826904582138083	0.9875823891950077	0.9849623608593466	0.9903124162961394	0.9898996607253773	0.9842237925486119	0.9902561587033434	0.9831598038672881	0.9917531530080435	0.9919138870278015	0.9904505469713102	0.9815747534559679	0.9887535147777949	0.9814593980406792	0.9916790897960341	0.9905856044966775	0.9887551699087179	0.9886189920375342	0.989521118456453	0.988523235392754	0.9826873273903269	0.9913442620835352	0.982010211394878	0.9657500869464378
0.992651225359468	0.9936541066868779	0.988676821065329	0.995102250714871	0.9824731481553245	0.9932108804225744	0.9926848829779156	0.9938320935469065	0.9913562966607289	1.0	0.9912724030917459	0.987641919687603	0.9857300571503431	0.9945398227387555	0.9816380088580944	0.987123913087155	0.990097157131112	0.9930579102537315	0.9849396975943506	0.9939909598684329	0.9872449485555576	0.9941272169912634	0.984048088325677	0.989103230503438	0.9862744362822233	0.9930138854914669	0.99227899887656	0.9853226667153651	0.9918461505791252	0.9846903336636074	0.9944539188735746	0.9940799067020837	0.9928229528508975	0.9822614647531412	0.9914688835569824	0.9816923199742077	0.994252709821559	0.9932072504806088	0.9909496701067165	0.989666746604558	0.9910495410644514	0.9914735519429242	0.9830644734474594	0.9933847433559774	0.9833229489981826	0.9648721778809184
0.9897726213249106	0.9906475566469151	0.9877407838242744	0.9896321455510546	0.9811787143053695	0.9903292620138474	0.9897443035249179	0.9913056807800419	0.9920330137133646	0.9912724030917459	1.0	0.9865151002132952	0.9850050541299443	0.9942746870535994	0.9814624601264487	0.9861417899307562	0.9894685378204829	0.9901497454583953	0.9847720378691752	0.991314322465769	0.9864242142739401	0.9914784492880234	0.9821761911381257	0.9878141936011413	0.9855322400203852	0.990982920439358	0.9899619765372341	0.9842932717146576	0.9902356052077501	0.9835028873631969	0.9919694144099322	0.9917660131085477	0.9903983060950097	0.981372452790137	0.9898489427248871	0.980208182088299	0.9916682366835844	0.990265553565551	0.9892504506597335	0.9880187186226933	0.9892674055313259	0.9884974701795265	0.9818604908044044	0.9912309158894104	0.9828735717386983	0.9661870400640354
0.987801592587964	0.9894959055440776	0.987551800986591	0.9854709568590673	0.9811129631381087	0.9883915784039904	0.9881419078365824	0.9880990177779125	0.9866663444217576	0.987641919687603	0.9865151002132952	1.0	0.9817573141343322	0.9874527583964919	0.9794695363559255	0.9822505516734261	0.9887083126435033	0.9892958842323741	0.9846478767726117	0.9887135656835787	0.9852316517078336	0.9881804478155195	0.9795243006083106	0.9867138544973376	0.9845593528919977	0.987958242940622	0.9878841974635549	0.98412285438114	0.9864639348678446	0.9813059532203902	0.9889352495039	0.9885811325019589	0.987891603479847	0.9801241325592239	0.986207900330216	0.9805379881949458	0.9886017355618834	0.9866377453739691	0.9878652253682372	0.9861056988434334	0.9863013887082211	0.9871434009309867	0.9820743371119299	0.9874405571759912	0.9822873421939823	0.9638480660384786
0.984714961797776	0.9849034507867435	0.9829695492379625	0.984001144839298	0.9779498498249226	0.9840469862256188	0.9835504822913197	0.9855149083963034	0.9849049828643534	0.9857300571503431	0.9850050541299443	0.9817573141343322	1.0	0.9859121729954486	0.9780132274171296	0.9812997298803602	0.9838466203706561	0.9847917623776733	0.9794991297711974	0.9861717435623235	0.9822658343455033	0.9855684567788007	0.97625056654696	0.981164525939146	0.9805164421986853	0.9858705693017799	0.9837027476031012	0.9801638651226136	0.9843821220940631	0.9786351386117015	0.9862662319595842	0.986175574275441	0.9853232530661765	0.9769400885811148	0.9847075347663427	0.9759425566662475	0.9863964582822132	0.9838474133879483	0.9837391531745775	0.983253282842614	0.9831932918365753	0.9826508670718593	0.9785690902688094	0.9850281040723341	0.9783379655315776	0.9618973418935082
0.993071538718994	0.993994149928794	0.9888690583380176	0.9937925440587583	0.9820987776490934	0.9936719917025105	0.9932840766664951	0.9945491517708833	0.9941994769952727	0.9945398227387555	0.9942746870535994	0.9874527583964919	0.9859121729954486	1.0	0.9816359174814204	0.9872556403869619	0.9904592231852353	0.9935736835492146	0.9851515279517199	0.9940142786879443	0.987519077219636	0.9944303161098051	0.9850034757752859	0.989397913124764	0.986182129206292	0.9929503028419088	0.9929371361087632	0.9857054905089601	0.9931638609509933	0.9844631258082622	0.9947126773302447	0.9942539116060021	0.9931066172157318	0.9823972026542548	0.9917322199583074	0.982203839170025	0.9950937335074017	0.994673409665091	0.991201166632974	0.9900013937209026	0.9911075572377909	0.9922291988990556	0.9828346137906512	0.9938366311288854	0.9837763737924027	0.9659953476334835
0.9812429956143699	0.9819905227550817	0.9805027912959837	0.9791892253254985	0.976214027652597	0.9815107301266818	0.9807896640266309	0.9842648622664754	0.9803991779868796	0.9816380088580944	0.9814624601264487	0.9794695363559255	0.9780132274171296	0.9816359174814204	1.0	0.978979838252254	0.981482933907676	0.9821098413070289	0.9778727364169173	0.9836325652032641	0.9795341351327836	0.9829244150052201	0.971974424135286	0.9784992903958198	0.9780458086343462	0.9813936210065932	0.9811662222253796	0.9786652357754065	0.9803048419452064	0.9782319871665772	0.9830823662031616	0.9835282957077108	0.9822354679141879	0.975286484920476	0.9811637471193912	0.9743475977319445	0.9826723344954801	0.9803702943062057	0.9810346699174474	0.9819624676256059	0.9821951059049976	0.9790149644691489	0.9781466069256866	0.9812105306137915	0.9761273867237571	0.9590842091764936
0.9858294161923811	0.9860613814354439	0.9840609149449316	0.9850678102614736	0.9788456494355259	0.9855256106270434	0.985233474476637	0.9867309356269474	0.9852918788481317	0.987123913087155	0.9861417899307562	0.9822505516734261	0.9812997298803602	0.9872556403869619	0.978979838252254	1.0	0.9848718073130628	0.9858484190345396	0.9829712826790307	0.9871287779822684	0.9833672421561775	0.9865279299784863	0.9785406784406896	0.9835815091262331	0.9821163917191839	0.9873491703035235	0.9851776341277197	0.9818860679999571	0.986596328147888	0.9817953668901408	0.98780036867862	0.9870858909251528	0.9870638217978921	0.9824563983735543	0.987348379706325	0.9773293767940967	0.986654598900391	0.986084036065314	0.9858741259121252	0.9835708065445296	0.9850470796084169	0.9840689589646635	0.9796331838020154	0.9871621147760091	0.9785962484704758	0.9654139360960028
0.9909594406278395	0.992718648621769	0.9888994359524822	0.988412295165473	0.9824648779476809	0.9914333181243488	0.9911315898622091	0.9911119431961792	0.9888127549651644	0.990097157131112	0.9894685378204829	0.9887083126435033	0.9838466203706561	0.9904592231852353	0.981482933907676	0.9848718073130628	1.0	0.9922033119881367	0.9854307109283118	0.9914486739104637	0.9867740319380239	0.9913814844378093	0.9820490576164761	0.9882161236400177	0.985619820819981	0.9899244636541915	0.990918335622921	0.9849763192147624	0.9895078122715832	0.9838877525513448	0.991863520277805	0.991366461897469	0.9903350631675365	0.9813951643238734	0.9885930939714642	0.9806490826767433	0.9916912686672086	0.989791196736697	0.9900244201803416	0.9884879032268943	0.9888006193978486	0.9903261373622368	0.9836692727035635	0.9900123695183021	0.9833645086558632	0.9657767533342486
0.9938158141591734	0.9959143604728855	0.9905083127089108	0.9915956045789447	0.9839354444494123	0.9950808661931608	0.9947604365343299	0.9941812783840538	0.9901959251479472	0.9930579102537315	0.9901497454583953	0.9892958842323741	0.9847917623776733	0.9935736835492146	0.9821098413070289	0.9858484190345396	0.9922033119881367	1.0	0.985954425929437	0.994225926028832	0.9873502519487687	0.9940571626505057	0.9843845563236401	0.9911614304032602	0.9874081691668567	0.9921260865376876	0.9941706466883808	0.9871224926062381	0.9916174465528642	0.9846174886917115	0.9943842236798008	0.9937096028526392	0.9927375806279767	0.9812036641904996	0.9902986494261581	0.9825831353104676	0.9944761662638031	0.9929244215993104	0.9922713179472826	0.9900134589387821	0.9907921056759194	0.9936372653383198	0.9840343582512505	0.9922724308821775	0.9850417458944105	0.9663037851618238
0.9854534426398276	0.9862699182999035	0.9836883894017578	0.9829550805592375	0.978058771189778	0.9862317802349005	0.9856920348929362	0.9858292356513646	0.9842946435490155	0.9849396975943506	0.9847720378691752	0.9846478767726117	0.9794991297711974	0.9851515279517199	0.9778727364169173	0.9829712826790307	0.9854307109283118	0.985954425929437	1.0	0.9859391589062353	0.9805272676646513	0.9856811037253146	0.9782832643352423	0.9837178592359265	0.9821774657795074	0.9845342180685829	0.9851622406618608	0.9806882944902204	0.9839035681151724	0.9813265781073267	0.9866576147483477	0.9872995708096239	0.9866319170892311	0.9823184499375659	0.9851817135912179	0.9744719216239124	0.985811025295634	0.9837426566382397	0.9856546307450325	0.9824240024119033	0.9844230942056893	0.9837526667730806	0.9789736666134454	0.984703708477711	0.9785405561728525	0.9640388261020844
0.9938525277592432	0.994670722455941	0.9902634297017235	0.9924195243541366	0.9836408566709189	0.9943616891942905	0.9940357773970863	0.9954089956387531	0.991240683100766	0.9939909598684329	0.991314322465769	0.9887135656835787	0.9861717435623235	0.9940142786879443	0.9836325652032641	0.9871287779822684	0.9914486739104637	0.994225926028832	0.9859391589062353	1.0	0.9883670637043582	0.9959273692896287	0.9848457947013547	0.9906966237335165	0.9877278628128603	0.9928952655283171	0.9936338215877855	0.9871485053792584	0.9924722892417904	0.9868791489929296	0.9957070793129292	0.9950107321303259	0.9938038973065789	0.9826250268077819	0.9915941493999092	0.9830173890109792	0.9954167012611365	0.9933216730897148	0.9921401876196114	0.9912152522537931	0.9921296011794255	0.9927065563747287	0.9846327273573162	0.9933061503414086	0.9850639432398177	0.9664604161851073
0.986818375218659	0.9875147213583964	0.9861452841886625	0.9856277128256292	0.9811026739648259	0.9868089684331003	0.9866383380474365	0.9879217091909641	0.9866093105458198	0.9872449485555576	0.9864242142739401	0.9852316517078336	0.9822658343455033	0.987519077219636	0.9795341351327836	0.9833672421561775	0.9867740319380239	0.9873502519487687	0.9805272676646513	0.9883670637043582	1.0	0.9882398202609998	0.978946351466785	0.9848655316130573	0.9836441385187615	0.9878955509158546	0.9868938115391771	0.9838256083107443	0.9866737644276585	0.9799945664139728	0.9895492832966435	0.9885777674752179	0.9874641953112557	0.9786032697239874	0.9860504034698202	0.9912139613962968	0.988155421331565	0.9858070272156112	0.9862231324290657	0.9865269723489429	0.9866055283484176	0.9851650554589568	0.9812065500387677	0.9872542084384328	0.981152334881166	0.9624020415078962
0.9939536532635539	0.9946279925336381	0.9894229739952575	0.9931458725974958	0.9829033287366944	0.9941893114559271	0.994084897480043	0.9960167898059118	0.9913098426779646	0.9941272169912634	0.9914784492880234	0.9881804478155195	0.9855684567788007	0.9944303161098051	0.9829244150052201	0.9865279299784863	0.9913814844378093	0.9940571626505057	0.9856811037253146	0.9959273692896287	0.9882398202609998	1.0	0.9846906648923768	0.9903405499973845	0.987307770858799	0.992896321326705	0.9939911119374267	0.9865255601606441	0.9926504933031947	0.9859439095793302	0.9955937479720781	0.9946464621637515	0.9934415704870471	0.9817540006702593	0.9911759010631593	0.9826016385399545	0.9955960641599465	0.9934649946731681	0.9918508344920189	0.9915877800979306	0.9920264349676664	0.9934110094793877	0.9834661758020498	0.9933084586893408	0.9844780773129758	0.9662438418247795
0.9854014365193212	0.9850836912282365	0.9808777369736426	0.9827285561164032	0.9745163626069407	0.9855072778585063	0.9846515401979234	0.9849478654163842	0.9826904582138083	0.984048088325677	0.9821761911381257	0.9795243006083106	0.97625056654696	0.9850034757752859	0.971974424135286	0.9785406784406896	0.9820490576164761	0.9843845563236401	0.9782832643352423	0.9848457947013547	0.978946351466785	0.9846906648923768	1.0	0.9807826711069423	0.9790808885970748	0.9842780203098481	0.9841939702285339	0.9778371031560611	0.9826392414143278	0.9763122398594775	0.9858077788930166	0.9852008158957358	0.9844811123186898	0.9744961425438896	0.9825029029922455	0.9726415762568211	0.9854964069097331	0.9838362954569637	0.9832615377587509	0.9808022834145906	0.9818014066635704	0.9838710438212195	0.9756990284953952	0.9837426566382397	0.9749783321333174	0.9716601809249849
0.9902285901865868	0.9912957617682024	0.9869601299880213	0.9871017532441824	0.9817968798308953	0.9917614682945591	0.99081878483987	0.9904202563219875	0.9875823891950077	0.989103230503438	0.9878141936011413	0.9867138544973376	0.981164525939146	0.989397913124764	0.9784992903958198	0.9835815091262331	0.9882161236400177	0.9911614304032602	0.9837178592359265	0.9906966237335165	0.9848655316130573	0.9903405499973845	0.9807826711069423	1.0	0.9856826247725727	0.9889788737365673	0.9906038438060859	0.9848945977731172	0.9885616835753265	0.9825262742763887	0.9909362054801102	0.9902421467340294	0.9891904037704419	0.9787226103995331	0.9869640133894363	0.9803461506692986	0.9908570033274379	0.9885370819839507	0.9894465741149296	0.9873471437629584	0.9872165224720081	0.9899192691818836	0.9822650158035705	0.9889243608785551	0.9831324284742701	0.963837935873502
0.9866651781719991	0.9877187063620357	0.9846997905765991	0.9851169688573115	0.9798982374360613	0.988493016157078	0.9902174815026352	0.9868334759470584	0.9849623608593466	0.9862744362822233	0.9855322400203852	0.9845593528919977	0.9805164421986853	0.986182129206292	0.9780458086343462	0.9821163917191839	0.985619820819981	0.9874081691668567	0.9821774657795074	0.9877278628128603	0.9836441385187615	0.987307770858799	0.9790808885970748	0.9856826247725727	1.0	0.9866069039241088	0.9878191014591239	0.9847102204531323	0.9853417501446368	0.9805024316407359	0.9876455410986429	0.9874743849824283	0.986860604097617	0.978004516841478	0.9850659844838701	0.9786414729892439	0.9871576331959718	0.985209688938036	0.9865707314198099	0.9837385466662656	0.9846214437797843	0.9868308817125203	0.9806969264057994	0.9864102836126745	0.980694965139567	0.9635687342137896
0.9919099521330577	0.9923974292003319	0.9880349041524561	0.9914970247688484	0.9819131605650234	0.9918572046763952	0.991466742485763	0.9927589658678357	0.9903124162961394	0.9930138854914669	0.990982920439358	0.987958242940622	0.9858705693017799	0.9929503028419088	0.9813936210065932	0.9873491703035235	0.9899244636541915	0.9921260865376876	0.9845342180685829	0.9928952655283171	0.9878955509158546	0.992896321326705	0.9842780203098481	0.9889788737365673	0.9866069039241088	1.0	0.9914995326641267	0.985609309031583	0.9912461376132395	0.9845338634737839	0.9938424900918436	0.9927980712280271	0.9919628821124994	0.9821098413070289	0.990634256208681	0.9823222770740546	0.9932343412154039	0.9918463613710354	0.9904372282363203	0.9891984930083081	0.989627762368275	0.9905158210180546	0.9829395835542741	0.9923803775142923	0.9836312283598836	0.9660438502962124
0.9931440106941154	0.9945324819448873	0.9892751143814708	0.9909102127360148	0.9835865096029487	0.9949080234284418	0.9945171611969583	0.9935778072290883	0.9898996607253773	0.99227899887656	0.9899619765372341	0.9878841974635549	0.9837027476031012	0.9929371361087632	0.9811662222253796	0.9851776341277197	0.990918335622921	0.9941706466883808	0.9851622406618608	0.9936338215877855	0.9868938115391771	0.9939911119374267	0.9841939702285339	0.9906038438060859	0.9878191014591239	0.9914995326641267	1.0	0.9868200130072133	0.9913647712573678	0.9840906075176921	0.9938682550426028	0.9928639778851467	0.99200443812981	0.980258100232679	0.9897542894103516	0.9814012264571437	0.9938670948969218	0.992227652350516	0.9934845155485865	0.9897487909870516	0.9902067875216082	0.9939617641004396	0.9839779114526243	0.9918876773724653	0.9864293913242096	0.9661259830341624
0.9862934983039573	0.9870472116032978	0.9848628168959631	0.9835607736453222	0.9821098413070289	0.9880048982838429	0.987817981416289	0.9862205483728765	0.9842237925486119	0.9853226667153651	0.9842932717146576	0.98412285438114	0.9801638651226136	0.9857054905089601	0.9786652357754065	0.9818860679999571	0.9849763192147624	0.9871224926062381	0.9806882944902204	0.9871485053792584	0.9838256083107443	0.9865255601606441	0.9778371031560611	0.9848945977731172	0.9847102204531323	0.985609309031583	0.9868200130072133	1.0	0.9850132478264134	0.978122996754597	0.9869521991611835	0.9865632944458103	0.9854014851535525	0.9763806814679415	0.9835559637089601	0.9801902228546552	0.9864919839553616	0.9845198590561659	0.9869259519146523	0.9843429234606476	0.9848080459172137	0.9864562355506586	0.9837472986143249	0.9852545736072617	0.981672064972096	0.9633743694330872
0.9913410273066103	0.9921653035721403	0.9880729689279786	0.9914289120920925	0.9815033095377097	0.9916860096598074	0.9914018556054807	0.9923388194224724	0.9902561587033434	0.9918461505791252	0.9902356052077501	0.9864639348678446	0.9843821220940631	0.9931638609509933	0.9803048419452064	0.986596328147888	0.9895078122715832	0.9916174465528642	0.9839035681151724	0.9924722892417904	0.9866737644276585	0.9926504933031947	0.9826392414143278	0.9885616835753265	0.9853417501446368	0.9912461376132395	0.9913647712573678	0.9850132478264134	1.0	0.9828894337638303	0.9929588481589519	0.9923213200931255	0.9912255689564521	0.9809972507750687	0.9895873044588845	0.9808997026611652	0.992712228825199	0.994575150366074	0.9896510418706947	0.9887070125491294	0.9893524675820581	0.9907572019367112	0.9821041201566123	0.99175562710531	0.9831748630831336	0.9647999549767776
0.9844713691803652	0.9845250977994408	0.9828746941210263	0.9825441934629128	0.9762766983028706	0.9839410152308855	0.9834431242468742	0.9858567714171536	0.9831598038672881	0.9846903336636074	0.9835028873631969	0.9813059532203902	0.9786351386117015	0.9844631258082622	0.9782319871665772	0.9817953668901408	0.9838877525513448	0.9846174886917115	0.9813265781073267	0.9868791489929296	0.9799945664139728	0.9859439095793302	0.9763122398594775	0.9825262742763887	0.9805024316407359	0.9845338634737839	0.9840906075176921	0.978122996754597	0.9828894337638303	1.0	0.9865128273470891	0.9864724624141228	0.9859264368443621	0.9793063203606126	0.9835149058373158	0.9734470613434701	0.9855687767503791	0.9830553123493421	0.9838572166488472	0.9826949880740109	0.9831914712781513	0.9824000935095986	0.9780084860089467	0.9842942245094852	0.9776739686331462	0.9617561620107569
0.994697424668871	0.9950602701752829	0.9899154251878326	0.9930604852998285	0.9834095139002679	0.9946810643955801	0.9942576318890533	0.9956504007687988	0.9917531530080435	0.9944539188735746	0.9919694144099322	0.9889352495039	0.9862662319595842	0.9947126773302447	0.9830823662031616	0.98780036867862	0.991863520277805	0.9943842236798008	0.9866576147483477	0.9957070793129292	0.9895492832966435	0.9955937479720781	0.9858077788930166	0.9909362054801102	0.9876455410986429	0.9938424900918436	0.9938682550426028	0.9869521991611835	0.9929588481589519	0.9865128273470891	1.0	0.9952835066106052	0.9945086359788913	0.9832242356719092	0.9922481283502159	0.9839135669941392	0.995859992844175	0.9938879205363993	0.9923511835653178	0.9909999235785549	0.9923983273934169	0.9930670613505994	0.984381030392534	0.9940565521995655	0.984857345724088	0.966297612599969
0.9929847400612204	0.9937813829252837	0.9902931520407356	0.9921250465211146	0.983823593356051	0.9936336524670012	0.9933725230671703	0.9952009970064501	0.9919138870278015	0.9940799067020837	0.9917660131085477	0.9885811325019589	0.986175574275441	0.9942539116060021	0.9835282957077108	0.9870858909251528	0.991366461897469	0.9937096028526392	0.9872995708096239	0.9950107321303259	0.9885777674752179	0.9946464621637515	0.9852008158957358	0.9902421467340294	0.9874743849824283	0.9927980712280271	0.9928639778851467	0.9865632944458103	0.9923213200931255	0.9864724624141228	0.9952835066106052	1.0	0.9948227829198274	0.984055994312305	0.9920643455897518	0.9823900684973047	0.9952505429561457	0.9927394418108637	0.992151515189658	0.9909601328172627	0.9931503693714843	0.9920360600204611	0.9847144187298507	0.9929814676450338	0.9845504632715224	0.9667390020969644
0.9924222822044988	0.9925528348286583	0.9886763269926523	0.9911557853899898	0.9829913399265163	0.9925795898400596	0.9922298916512903	0.9940470295211404	0.9904505469713102	0.9928229528508975	0.9903983060950097	0.987891603479847	0.9853232530661765	0.9931066172157318	0.9822354679141879	0.9870638217978921	0.9903350631675365	0.9927375806279767	0.9866319170892311	0.9938038973065789	0.9874641953112557	0.9934415704870471	0.9844811123186898	0.9891904037704419	0.986860604097617	0.9919628821124994	0.99200443812981	0.9854014851535525	0.9912255689564521	0.9859264368443621	0.9945086359788913	0.9948227829198274	1.0	0.9838094644071408	0.9911495953000206	0.9814267145225769	0.9940931469469159	0.991763977680535	0.9910223280021183	0.9901988478605901	0.9914596700887347	0.9911039864876842	0.9833264915148856	0.9922968033347175	0.9833937921104617	0.9670010985708412
0.9811620666028138	0.9811856860287308	0.9801186919363238	0.9804992005524498	0.972110372108767	0.9808514803805883	0.9806220752956446	0.98253442752025	0.9815747534559679	0.9822614647531412	0.981372452790137	0.9801241325592239	0.9769400885811148	0.9823972026542548	0.975286484920476	0.9824563983735543	0.9813951643238734	0.9812036641904996	0.9823184499375659	0.9826250268077819	0.9786032697239874	0.9817540006702593	0.9744961425438896	0.9787226103995331	0.978004516841478	0.9821098413070289	0.980258100232679	0.9763806814679415	0.9809972507750687	0.9793063203606126	0.9832242356719092	0.984055994312305	0.9838094644071408	1.0	0.9854246973603777	0.9726751481312162	0.9824917214836385	0.9806444014455588	0.9803875461407261	0.9787790832106665	0.9816007083036494	0.9791615039437932	0.9767681373160785	0.9817354941449925	0.9750622123363083	0.9586310869289827
0.9902650946824725	0.9907565891076815	0.9872204537072989	0.989367983849668	0.9804721722671971	0.9900362948691299	0.9900254285027894	0.9914973119221392	0.9887535147777949	0.9914688835569824	0.9898489427248871	0.986207900330216	0.9847075347663427	0.9917322199583074	0.9811637471193912	0.987348379706325	0.9885930939714642	0.9902986494261581	0.9851817135912179	0.9915941493999092	0.9860504034698202	0.9911759010631593	0.9825029029922455	0.9869640133894363	0.9850659844838701	0.990634256208681	0.9897542894103516	0.9835559637089601	0.9895873044588845	0.9835149058373158	0.9922481283502159	0.9920643455897518	0.9911495953000206	0.9854246973603777	1.0	0.9791884863609507	0.9916081115729367	0.9903054111883796	0.9890619851605482	0.9874626496864317	0.9886823745370643	0.9887522226262315	0.9818732112421512	0.9905444545885832	0.9816447973524888	0.9646974416539602
0.9813245248432699	0.9820568910881513	0.9803285317202207	0.9797523035470841	0.9768015458422415	0.9814973534426414	0.9812407474963445	0.9824032294629115	0.9814593980406792	0.9816923199742077	0.980208182088299	0.9805379881949458	0.9759425566662475	0.982203839170025	0.9743475977319445	0.9773293767940967	0.9806490826767433	0.9825831353104676	0.9744719216239124	0.9830173890109792	0.9912139613962968	0.9826016385399545	0.9726415762568211	0.9803461506692986	0.9786414729892439	0.9823222770740546	0.9814012264571437	0.9801902228546552	0.9808997026611652	0.9734470613434701	0.9839135669941392	0.9823900684973047	0.9814267145225769	0.9726751481312162	0.9791884863609507	1.0	0.9826192317193319	0.9808014392276946	0.9800765821101701	0.9805385675951266	0.9817440743929062	0.9800042893668909	0.9769201653681963	0.9825220255616532	0.9764290207119293	0.9575934473928471
0.9941619615479682	0.9948930070742313	0.9898815386577604	0.9927264389225475	0.9833788367507148	0.9949473012498659	0.9945122604712824	0.9956907647408906	0.9916790897960341	0.994252709821559	0.9916682366835844	0.9886017355618834	0.9863964582822132	0.9950937335074017	0.9826723344954801	0.986654598900391	0.9916912686672086	0.9944761662638031	0.985811025295634	0.9954167012611365	0.988155421331565	0.9955960641599465	0.9854964069097331	0.9908570033274379	0.9871576331959718	0.9932343412154039	0.9938670948969218	0.9864919839553616	0.992712228825199	0.9855687767503791	0.995859992844175	0.9952505429561457	0.9940931469469159	0.9824917214836385	0.9916081115729367	0.9826192317193319	1.0	0.9937256939532108	0.9926190439615712	0.9908915842470487	0.9920431347446502	0.9936512352284769	0.984432902660021	0.9935046047178477	0.985021639445582	0.9670844110462569
0.9924752296642133	0.9931487694022418	0.9877447212201252	0.9921615322732104	0.9808880860403921	0.9926150243085202	0.9924897727344799	0.9932818245468114	0.9905856044966775	0.9932072504806088	0.990265553565551	0.9866377453739691	0.9838474133879483	0.994673409665091	0.9803702943062057	0.986084036065314	0.989791196736697	0.9929244215993104	0.9837426566382397	0.9933216730897148	0.9858070272156112	0.9934649946731681	0.9838362954569637	0.9885370819839507	0.985209688938036	0.9918463613710354	0.992227652350516	0.9845198590561659	0.994575150366074	0.9830553123493421	0.9938879205363993	0.9927394418108637	0.991763977680535	0.9806444014455588	0.9903054111883796	0.9808014392276946	0.9937256939532108	1.0	0.9902781622473161	0.9889072634140946	0.989802746386257	0.9918131760036106	0.981831214860854	0.9925410156815515	0.9825836357983407	0.9645384977888253
0.9913779235178382	0.9927953090871197	0.9892114071576202	0.9887201515167326	0.9847069570924881	0.9933985995933943	0.9927498173646416	0.9919468531408804	0.9887551699087179	0.9909496701067165	0.9892504506597335	0.9878652253682372	0.9837391531745775	0.991201166632974	0.9810346699174474	0.9858741259121252	0.9900244201803416	0.9922713179472826	0.9856546307450325	0.9921401876196114	0.9862231324290657	0.9918508344920189	0.9832615377587509	0.9894465741149296	0.9865707314198099	0.9904372282363203	0.9934845155485865	0.9869259519146523	0.9896510418706947	0.9838572166488472	0.9923511835653178	0.992151515189658	0.9910223280021183	0.9803875461407261	0.9890619851605482	0.9800765821101701	0.9926190439615712	0.9902781622473161	1.0	0.9887677316105619	0.9890367557472471	0.9921524941809431	0.9847559763167063	0.9900378423399645	0.9858471925254038	0.9664473818145892
0.9896600929416975	0.990022916634684	0.9866992075793062	0.9881991919205758	0.981578858248763	0.9897191174679372	0.98934203751087	0.9925273527200396	0.9886189920375342	0.989666746604558	0.9880187186226933	0.9861056988434334	0.983253282842614	0.9900013937209026	0.9819624676256059	0.9835708065445296	0.9884879032268943	0.9900134589387821	0.9824240024119033	0.9912152522537931	0.9865269723489429	0.9915877800979306	0.9808022834145906	0.9873471437629584	0.9837385466662656	0.9891984930083081	0.9897487909870516	0.9843429234606476	0.9887070125491294	0.9826949880740109	0.9909999235785549	0.9909601328172627	0.9901988478605901	0.9787790832106665	0.9874626496864317	0.9805385675951266	0.9908915842470487	0.9889072634140946	0.9887677316105619	1.0	0.9888580790155619	0.9880570292689821	0.9816167652505357	0.989194574732785	0.9824689346683166	0.9634348809587672
