/home/jshaw/scratch/2022_sketched_distance/references/SGB_genome_fastas_part1_redo/1785/BackhedF_2015__SID179_4M__bin.6.fa	/home/jshaw/scratch/2022_sketched_distance/references/SGB_genome_fastas_part1_redo/1785/BackhedF_2015__SID332_4M__bin.12.fa	/home/jshaw/scratch/2022_sketched_distance/references/SGB_genome_fastas_part1_redo/1785/BackhedF_2015__SID377_M__bin.32.fa	/home/jshaw/scratch/2022_sketched_distance/references/SGB_genome_fastas_part1_redo/1785/BackhedF_2015__SID544_M__bin.23.fa	/home/jshaw/scratch/2022_sketched_distance/references/SGB_genome_fastas_part1_redo/1785/BackhedF_2015__SID78_4M__bin.17.fa	/home/jshaw/scratch/2022_sketched_distance/references/SGB_genome_fastas_part1_redo/1785/Bengtsson-PalmeJ_2015__TRAVELRES10__bin.115.fa	/home/jshaw/scratch/2022_sketched_distance/references/SGB_genome_fastas_part1_redo/1785/Bengtsson-PalmeJ_2015__TRAVELRES15__bin.31.fa	/home/jshaw/scratch/2022_sketched_distance/references/SGB_genome_fastas_part1_redo/1785/Bengtsson-PalmeJ_2015__TRAVELRES16__bin.7.fa	/home/jshaw/scratch/2022_sketched_distance/references/SGB_genome_fastas_part1_redo/1785/Bengtsson-PalmeJ_2015__TRAVELRES31__bin.32.fa	/home/jshaw/scratch/2022_sketched_distance/references/SGB_genome_fastas_part1_redo/1785/Bengtsson-PalmeJ_2015__TRAVELRES32__bin.73.fa	/home/jshaw/scratch/2022_sketched_distance/references/SGB_genome_fastas_part1_redo/1785/Bengtsson-PalmeJ_2015__TRAVELRES58__bin.16.fa	/home/jshaw/scratch/2022_sketched_distance/references/SGB_genome_fastas_part1_redo/1785/Bengtsson-PalmeJ_2015__TRAVELRES70__bin.115.fa	/home/jshaw/scratch/2022_sketched_distance/references/SGB_genome_fastas_part1_redo/1785/Bengtsson-PalmeJ_2015__TRAVELRES9__bin.62.fa	/home/jshaw/scratch/2022_sketched_distance/references/SGB_genome_fastas_part1_redo/1785/HMP_2012__SRS011405__bin.22.fa	/home/jshaw/scratch/2022_sketched_distance/references/SGB_genome_fastas_part1_redo/1785/HMP_2012__SRS013800__bin.7.fa	/home/jshaw/scratch/2022_sketched_distance/references/SGB_genome_fastas_part1_redo/1785/HMP_2012__SRS017103__bin.15.fa	/home/jshaw/scratch/2022_sketched_distance/references/SGB_genome_fastas_part1_redo/1785/HMP_2012__SRS017307__bin.3.fa	/home/jshaw/scratch/2022_sketched_distance/references/SGB_genome_fastas_part1_redo/1785/HMP_2012__SRS024331__bin.1.fa	/home/jshaw/scratch/2022_sketched_distance/references/SGB_genome_fastas_part1_redo/1785/LeChatelierE_2013__MH0159__bin.42.fa	/home/jshaw/scratch/2022_sketched_distance/references/SGB_genome_fastas_part1_redo/1785/LeChatelierE_2013__MH0453__bin.24.fa	/home/jshaw/scratch/2022_sketched_distance/references/SGB_genome_fastas_part1_redo/1785/LiJ_2014__MH0314__bin.50.fa	/home/jshaw/scratch/2022_sketched_distance/references/SGB_genome_fastas_part1_redo/1785/LiJ_2014__MH0358__bin.2.fa	/home/jshaw/scratch/2022_sketched_distance/references/SGB_genome_fastas_part1_redo/1785/LiJ_2014__MH0371__bin.3.fa	/home/jshaw/scratch/2022_sketched_distance/references/SGB_genome_fastas_part1_redo/1785/LiJ_2014__MH0396__bin.55.fa	/home/jshaw/scratch/2022_sketched_distance/references/SGB_genome_fastas_part1_redo/1785/LiJ_2014__V1.UC63-0__bin.54.fa	/home/jshaw/scratch/2022_sketched_distance/references/SGB_genome_fastas_part1_redo/1785/LiuW_2016__SRR3993056__bin.17.fa	/home/jshaw/scratch/2022_sketched_distance/references/SGB_genome_fastas_part1_redo/1785/LoombaR_2017__SID0009_rhg__bin.29.fa	/home/jshaw/scratch/2022_sketched_distance/references/SGB_genome_fastas_part1_redo/1785/NielsenHB_2014__MH0159__bin.45.fa	/home/jshaw/scratch/2022_sketched_distance/references/SGB_genome_fastas_part1_redo/1785/NielsenHB_2014__V1_CD17_4__bin.58.fa	/home/jshaw/scratch/2022_sketched_distance/references/SGB_genome_fastas_part1_redo/1785/NielsenHB_2014__V1_CD25_4__bin.19.fa	/home/jshaw/scratch/2022_sketched_distance/references/SGB_genome_fastas_part1_redo/1785/NielsenHB_2014__V1_UC25_1__bin.40.fa	/home/jshaw/scratch/2022_sketched_distance/references/SGB_genome_fastas_part1_redo/1785/QinJ_2012__T2D-079__bin.38.fa	/home/jshaw/scratch/2022_sketched_distance/references/SGB_genome_fastas_part1_redo/1785/RaymondF_2016__P15E90__bin.11.fa	/home/jshaw/scratch/2022_sketched_distance/references/SGB_genome_fastas_part1_redo/1785/RaymondF_2016__P2E0__bin.18.fa	/home/jshaw/scratch/2022_sketched_distance/references/SGB_genome_fastas_part1_redo/1785/RaymondF_2016__P38C0__bin.30.fa	/home/jshaw/scratch/2022_sketched_distance/references/SGB_genome_fastas_part1_redo/1785/RaymondF_2016__P38C7__bin.32.fa	/home/jshaw/scratch/2022_sketched_distance/references/SGB_genome_fastas_part1_redo/1785/RaymondF_2016__P38C90__bin.54.fa	/home/jshaw/scratch/2022_sketched_distance/references/SGB_genome_fastas_part1_redo/1785/WenC_2017__RA050__bin.47.fa	/home/jshaw/scratch/2022_sketched_distance/references/SGB_genome_fastas_part1_redo/1785/XieH_2016__YSZC12003_35366__bin.15.fa	/home/jshaw/scratch/2022_sketched_distance/references/SGB_genome_fastas_part1_redo/1785/XieH_2016__YSZC12003_36158__bin.23.fa	/home/jshaw/scratch/2022_sketched_distance/references/SGB_genome_fastas_part1_redo/1785/XieH_2016__YSZC12003_37229__bin.49.fa	/home/jshaw/scratch/2022_sketched_distance/references/SGB_genome_fastas_part1_redo/1785/XieH_2016__YSZC12003_37323__bin.2.fa	/home/jshaw/scratch/2022_sketched_distance/references/SGB_genome_fastas_part1_redo/1785/XieH_2016__YSZC12003_37798__bin.98.fa	/home/jshaw/scratch/2022_sketched_distance/references/SGB_genome_fastas_part1_redo/1785/ZellerG_2014__CCIS24254057ST-4-0__bin.21.fa	/home/jshaw/scratch/2022_sketched_distance/references/SGB_genome_fastas_part1_redo/1785/ZellerG_2014__CCIS52370277ST-4-0__bin.10.fa
1.0	0.9997935740729813	0.9874779057416698	0.9815233470060033	0.9790167668151356	0.995939620317738	0.9930066262675609	0.99403267530466	0.9980299280458251	0.997961788679218	0.9803287284479698	0.99548462897155	0.9993619199422155	0.9783746435669909	0.9716027483778135	0.9789598366159571	0.9776317098604271	0.9796710154810052	0.9772483327090173	0.9984185952502136	0.9700137069591389	0.9797848745386952	0.9785476718686363	0.9776931172882292	0.980555348616813	0.9949498704711731	0.9820317080313917	0.9755035215739999	0.9821688027017206	0.9832665876299839	0.9809962196034175	0.9909943708774884	0.9749782362830638	0.983650513605395	0.9837425684643999	0.9832333748994051	0.9788543776771487	0.9965149553775233	0.9810052588887229	0.9753528979689436	0.9829306051943484	0.9755626729695579	0.9760915649608191	0.9954978956067654	0.9863315388697579
0.9997935740729813	1.0	0.9874351022360003	0.9814816248307839	0.9789668124503618	0.9959460562984487	0.99299601379605	0.9940035400895783	0.9980103813193134	0.9979769945411274	0.9803260991778195	0.9954286653239733	0.9993341545855788	0.9783630181159676	0.9715561988256726	0.978947961975762	0.9775780104937726	0.9796301790012009	0.9772389267058971	0.9984189394997602	0.9699000842999285	0.9797835275141402	0.9784631218996457	0.9776087001415709	0.9805398755049638	0.9948795608565782	0.9820484957948733	0.9754981061400819	0.9821507007901643	0.9832579994684888	0.9809676777949545	0.9909580522719839	0.9748904258012335	0.9836098743530987	0.9837109736772249	0.9832246268989722	0.9787560750187536	0.9965485739060987	0.9810129605648377	0.9753149264444949	0.9829655641330655	0.9755407725234614	0.975971408500218	0.9955051753485173	0.9863253283181549
0.9874779057416698	0.9874351022360003	1.0	0.9722566116764466	0.9693539869545597	0.9859464629668285	0.9830708549189562	0.9838011567190008	0.9867212121134425	0.9866159348679693	0.9709121245213018	0.9866968505348027	0.9871829086074545	0.9695349346276083	0.9637171230897527	0.9695500621886561	0.9708793387577567	0.970988653470879	0.9694513787024718	0.9870648825314335	0.963684257297001	0.971200086137431	0.9714347659098448	0.9700241945189993	0.9711800681343155	0.985606096356687	0.9730297738176573	0.9684645481119784	0.9730231910515645	0.9728986246479752	0.9728765458446986	0.9837716630532253	0.9684468374222418	0.9729796779887756	0.9733808583241585	0.9730836121013727	0.9700629596445647	0.9857932574037226	0.9711054556074666	0.9684508660153787	0.9722138858725758	0.9688019738973113	0.9707495385867049	0.9844815775080007	0.9799917031981407
0.9815233470060033	0.9814816248307839	0.9722566116764466	1.0	0.9783477573376348	0.980512523168101	0.987136118740924	0.986091790168418	0.9816508860659076	0.98146103533689	0.9935908653277757	0.9815509157035469	0.9812519299772159	0.9921310208043433	0.9863137546184491	0.9922330725238702	0.977450867745956	0.9935882243128759	0.9921148982203983	0.9819646426369462	0.971553598835337	0.9936213812185577	0.9791023147704314	0.9905126242633414	0.9940520525875407	0.9793705012447074	0.9816862296112133	0.9909987570650021	0.9816521200413896	0.9820791613444397	0.9808936518913587	0.9770074015274822	0.9899384940909337	0.9821200747803922	0.9943655026213235	0.9936330773750002	0.9871445295145899	0.9808243668462421	0.9947330445284965	0.9769523052163904	0.9958759419027977	0.9758974163474506	0.9773976998267979	0.9809557052188318	0.9731191895224688
0.9790167668151356	0.9789668124503618	0.9693539869545597	0.9783477573376348	1.0	0.9777858010330924	0.9794306938405124	0.9795314036741698	0.9791523069040506	0.9789484575523976	0.9771457092178345	0.9783636678284324	0.9787556169421261	0.9752397457936361	0.9679596149141559	0.976606792384395	0.9735772976628422	0.9770905984360172	0.9738443502370824	0.9794352251796472	0.9663212577314065	0.9764063483699345	0.9748099925205881	0.9734148061653137	0.9772551397616586	0.9771824682875035	0.9771563709720761	0.9720649764950893	0.9777155513601655	0.9780357163689974	0.976425042959673	0.9740256560623722	0.9728841461859551	0.9782053608235298	0.9795648371919168	0.97929998011225	0.9755359771163575	0.9781320024656402	0.9772928617551759	0.9737120246459898	0.9791267836612292	0.9718061523863393	0.967341429399841	0.9780260533562286	0.9691583077554178
0.995939620317738	0.9959460562984487	0.9859464629668285	0.980512523168101	0.9777858010330924	1.0	0.9906710882804263	0.9916897377147912	0.9943981252392671	0.9942592276510729	0.9793261094113244	0.9934423001902034	0.9958601024891979	0.9774344306578355	0.9714536661967176	0.977952829277061	0.9773390096602346	0.9788514559733161	0.9765321248235844	0.9946888270850006	0.9698049311210627	0.9787988179011317	0.9779194630931165	0.9768598823123209	0.979518439106372	0.9923924070988015	0.9812475967757078	0.9749825939367779	0.9812943757800691	0.9820462547828184	0.9800713132735622	0.9889533968056219	0.9741821569902736	0.9822221772556364	0.9825073447331331	0.9821165370844224	0.9784034668293472	0.9934686776217573	0.9798958862705561	0.9746613207607226	0.9816574355411953	0.97472935417406	0.9751834191212287	0.9923595946070873	0.9849343077916358
0.9930066262675609	0.99299601379605	0.9830708549189562	0.987136118740924	0.9794306938405124	0.9906710882804263	1.0	0.993348693384622	0.992652065737729	0.9926640394710203	0.9854622962712817	0.991647437041937	0.9927243035524864	0.9841317927753165	0.9776578089874955	0.9850154667549985	0.9786136442844929	0.9858290433869574	0.9830512031467368	0.9930463029654563	0.9711711028688571	0.9854681391693036	0.9795525616332945	0.983101861285124	0.986137980135499	0.9907603887789256	0.9825471228792564	0.9817261583329019	0.9826871064621542	0.9834137451908016	0.9817546013301723	0.9872624949639223	0.9814486959277618	0.983500060590557	0.9882337559486571	0.9876167380846447	0.9832981142030152	0.9918127340618542	0.9863856996678938	0.9767930633103876	0.988215646609722	0.9768561390875257	0.9786810242199114	0.9910976754080292	0.9834408176971027
0.99403267530466	0.9940035400895783	0.9838011567190008	0.986091790168418	0.9795314036741698	0.9916897377147912	0.993348693384622	1.0	0.9935017246347254	0.993583837098104	0.9849021666791795	0.9921866474808738	0.9937829555646842	0.9831276907212066	0.9768624955665692	0.9836650389811711	0.9787155704790116	0.9843406829963346	0.9818780532493246	0.9940306095821535	0.9722215487137738	0.9845206432405195	0.9801827141508993	0.9820611275451335	0.9849947903838988	0.9914782588677048	0.9829656412250265	0.9803972612167332	0.9832064502345811	0.983476861528314	0.9814668650009792	0.9880021989453119	0.9801325686590435	0.98359683846707	0.9876359222085102	0.9870301010690288	0.9823109349368606	0.9924219306190706	0.9852768183022692	0.9771044534542114	0.9872825907003536	0.9771145420204335	0.9781849641879936	0.9918065304142026	0.9839366459192674
0.9980299280458251	0.9980103813193134	0.9867212121134425	0.9816508860659076	0.9791523069040506	0.9943981252392671	0.992652065737729	0.9935017246347254	1.0	0.9987820202581341	0.9803787199302529	0.9956765359803917	0.9975950732123033	0.9784283590349336	0.9712994151364538	0.9787678942311873	0.9771741171053617	0.9795210035440503	0.9776150631155374	0.9984776318839674	0.9697717388882658	0.9796449414991053	0.9781586603271712	0.977119839493135	0.9806383059075291	0.9943830901426369	0.9816880200585383	0.9759056882864906	0.9816798705355021	0.9827310181456232	0.9807136524321826	0.9919949832546066	0.9748292983074733	0.9829133922130331	0.9834572001932085	0.9829422950926398	0.9788539433053597	0.9966018472188224	0.9810021116239034	0.9753932530547179	0.9825980430014047	0.9757806218749226	0.976443972992431	0.9950451892982577	0.9860970478249671
0.997961788679218	0.9979769945411274	0.9866159348679693	0.98146103533689	0.9789484575523976	0.9942592276510729	0.9926640394710203	0.993583837098104	0.9987820202581341	1.0	0.9804490940063152	0.9955331699207096	0.997472391497617	0.9784809044800448	0.9711992077379897	0.9790962918730025	0.9775269368408784	0.9796992627358958	0.9773440161927984	0.9981173306941598	0.9699678610527387	0.9798019806133933	0.978366015390901	0.9770023481215856	0.9805923005899685	0.9941890232627121	0.9820330543482731	0.9755714002224077	0.9820795492179912	0.9828957199448233	0.9808059662658788	0.9919253065693479	0.9751519289768557	0.9832498433001262	0.983541669608826	0.9830641494515056	0.9790789343488108	0.99651778706136	0.9811126138606975	0.9753825572974546	0.9829209976387804	0.9758837928087234	0.9765932678868483	0.9949855989409011	0.9855119978224033
0.9803287284479698	0.9803260991778195	0.9709121245213018	0.9935908653277757	0.9771457092178345	0.9793261094113244	0.9854622962712817	0.9849021666791795	0.9803787199302529	0.9804490940063152	1.0	0.9798863526928544	0.9801555519954996	0.992557036313265	0.9865406578475523	0.9913765334269105	0.9769242398931458	0.9920480641532228	0.9911274541203479	0.9806739354956855	0.9703049406849135	0.9923238995018974	0.9773148142065704	0.9892918786514038	0.9937728491050609	0.9776986573295912	0.9809762247106323	0.9893157808201783	0.9818043771000012	0.9816117942736068	0.9802039772689708	0.975991094161272	0.9890420653765732	0.9814598789734522	0.9931013616800436	0.992609389081444	0.985915697771357	0.9794239120013366	0.9935822215847759	0.9758740782628379	0.9955165586310543	0.9750192742235704	0.9758406370108864	0.9791645780191363	0.971407867692505
0.99548462897155	0.9954286653239733	0.9866968505348027	0.9815509157035469	0.9783636678284324	0.9934423001902034	0.991647437041937	0.9921866474808738	0.9956765359803917	0.9955331699207096	0.9798863526928544	1.0	0.9952910574804155	0.9783578413729291	0.9713210248946508	0.9783200504766796	0.9779127614861597	0.9794922272954532	0.9777368605909875	0.9959300285204548	0.9705505397457591	0.9794838090701521	0.978841891225526	0.9774392996600993	0.9801142838026015	0.9931735981805974	0.9817764110239181	0.976363566037266	0.9814435390701971	0.9818279484867908	0.9805822538562053	0.9908604530263003	0.9756051002030809	0.9818814483146141	0.9825096255412958	0.9819961940835562	0.9785915736414473	0.9952825837860744	0.9805009694801916	0.9753711618971777	0.9818932543265724	0.9760112750497102	0.9778170203644001	0.9933119980394441	0.9865321558584172
0.9993619199422155	0.9993341545855788	0.9871829086074545	0.9812519299772159	0.9787556169421261	0.9958601024891979	0.9927243035524864	0.9937829555646842	0.9975950732123033	0.997472391497617	0.9801555519954996	0.9952910574804155	1.0	0.9781675635161652	0.9715729496079398	0.9787891894330342	0.9774539285707892	0.9795488617459999	0.9770636996417494	0.9980083020751892	0.969817839769367	0.9796038085414172	0.9783921585120856	0.9775573811609812	0.9804473783152866	0.9946406100423149	0.9817621169631202	0.9753694171981948	0.9818930358841543	0.9829120649428956	0.9808059824475361	0.9907515979944992	0.9748033236151196	0.9831956917132877	0.9834581396536735	0.9830118295232768	0.978631425650561	0.9960545927724797	0.9807494668979906	0.975233622509311	0.9826214638809128	0.9753796237750564	0.9760191962803201	0.9950408022992494	0.9861023014552762
0.9783746435669909	0.9783630181159676	0.9695349346276083	0.9921310208043433	0.9752397457936361	0.9774344306578355	0.9841317927753165	0.9831276907212066	0.9784283590349336	0.9784809044800448	0.992557036313265	0.9783578413729291	0.9781675635161652	1.0	0.9859008413550847	0.9897920614111713	0.9754307669328217	0.9907847283254417	0.9905691156597999	0.9786900452543094	0.9697668185637036	0.9915416290374784	0.9755897572723174	0.9883020746786325	0.9921815666422592	0.97609865777917	0.9794022533277741	0.9892968498131905	0.9802846022200357	0.9801698226019282	0.9794561801044691	0.9749582984420965	0.9879631372252965	0.9801727870230437	0.9918096831551363	0.9910321492463489	0.9843724996567426	0.9776164313306108	0.9920846548397514	0.9748026440776304	0.9937538821018943	0.9743244042047927	0.9742226261499283	0.9774829627319916	0.9702715942566583
0.9716027483778135	0.9715561988256726	0.9637171230897527	0.9863137546184491	0.9679596149141559	0.9714536661967176	0.9776578089874955	0.9768624955665692	0.9712994151364538	0.9711992077379897	0.9865406578475523	0.9713210248946508	0.9715729496079398	0.9859008413550847	1.0	0.9846775374104446	0.9700048725795378	0.9862599785333979	0.9850603594760924	0.9714990180648004	0.9635972009150835	0.9859503700055472	0.9702685185457111	0.9835145944659727	0.9862865773632489	0.9697875173712289	0.9730012230035361	0.9836900217034733	0.9743147370794478	0.9739258078772417	0.9731830716153598	0.9675093165583728	0.9829445750098572	0.9737587505750338	0.9857814600543687	0.9854992138248118	0.9788486347996226	0.970515143813121	0.9864270488250834	0.9688735279006946	0.9877913465454276	0.9674725016219659	0.9670018330245538	0.9703042197076195	0.9644518395725398
0.9789598366159571	0.978947961975762	0.9695500621886561	0.9922330725238702	0.976606792384395	0.977952829277061	0.9850154667549985	0.9836650389811711	0.9787678942311873	0.9790962918730025	0.9913765334269105	0.9783200504766796	0.9787891894330342	0.9897920614111713	0.9846775374104446	1.0	0.9760281078665493	0.9934898555783033	0.98863333211005	0.9792081214753575	0.9688356739833411	0.9912002520089318	0.9761986633404345	0.9896984625997373	0.9918678267599217	0.9774217282446025	0.9791723880446594	0.9871839178135589	0.9799128078120324	0.9802141632493504	0.9786050453948197	0.9746952233653934	0.9881461087293404	0.9801077242067697	0.992269855015064	0.9917876650435271	0.9857940123756407	0.9782251280069054	0.9917078899259951	0.9742923408103856	0.9937073553336022	0.9732493750717347	0.97442571313284	0.9778332104213003	0.9696514115748269
0.9776317098604271	0.9775780104937726	0.9708793387577567	0.977450867745956	0.9735772976628422	0.9773390096602346	0.9786136442844929	0.9787155704790116	0.9771741171053617	0.9775269368408784	0.9769242398931458	0.9779127614861597	0.9774539285707892	0.9754307669328217	0.9700048725795378	0.9760281078665493	1.0	0.9775293278728493	0.97424945121278	0.9777324781159137	0.9756555705118893	0.9763609998601999	0.9826493088414678	0.9746824611372366	0.9768198391334971	0.9763601102275323	0.9924950558706909	0.9734411386872306	0.9864374510091234	0.9873646159087813	0.9863620546449687	0.973662819656578	0.9731804208202677	0.9873867670294563	0.9794584804638227	0.9795653106329272	0.9793551112309008	0.9768633506591461	0.9761321818882016	0.9724275678188256	0.9780307308912364	0.9742669897667817	0.9668479668430575	0.9760284980246579	0.9704388947723305
0.9796710154810052	0.9796301790012009	0.970988653470879	0.9935882243128759	0.9770905984360172	0.9788514559733161	0.9858290433869574	0.9843406829963346	0.9795210035440503	0.9796992627358958	0.9920480641532228	0.9794922272954532	0.9795488617459999	0.9907847283254417	0.9862599785333979	0.9934898555783033	0.9775293278728493	1.0	0.9901735951507789	0.9800076019094088	0.9704965204346697	0.9921969823935051	0.9779989728141881	0.9912474475346809	0.9926196012960096	0.9782796785274183	0.9796794173873292	0.9894141216826483	0.9805862584384668	0.9802486589740803	0.9793734737227278	0.9754784241999325	0.9895417659438067	0.9804213391919595	0.9930196568520959	0.9922534296517576	0.9866625641825427	0.9790215190319748	0.9921007099013884	0.9758258283784761	0.9940730445818572	0.9743914297496439	0.9759832906991095	0.9787556855071888	0.971174540423646
0.9772483327090173	0.9772389267058971	0.9694513787024718	0.9921148982203983	0.9738443502370824	0.9765321248235844	0.9830512031467368	0.9818780532493246	0.9776150631155374	0.9773440161927984	0.9911274541203479	0.9777368605909875	0.9770636996417494	0.9905691156597999	0.9850603594760924	0.98863333211005	0.97424945121278	0.9901735951507789	1.0	0.977779618205324	0.9691087415624972	0.9906729392953496	0.9751763465551735	0.9876784426651828	0.9914054101305333	0.9751179703481161	0.9779199403181237	0.9966455774617584	0.9787474577744327	0.9780779259593421	0.9777283419451721	0.9736669572697326	0.9875927937166973	0.977903164217646	0.9903546404923719	0.9900334409902515	0.9831957515788733	0.9765761342076322	0.991917497684707	0.9746558138643805	0.9918239522029181	0.9742172633010092	0.9744141908101019	0.976533425845474	0.9698930945237934
0.9984185952502136	0.9984189394997602	0.9870648825314335	0.9819646426369462	0.9794352251796472	0.9946888270850006	0.9930463029654563	0.9940306095821535	0.9984776318839674	0.9981173306941598	0.9806739354956855	0.9959300285204548	0.9980083020751892	0.9786900452543094	0.9714990180648004	0.9792081214753575	0.9777324781159137	0.9800076019094088	0.977779618205324	1.0	0.9699851687584528	0.9801499703261647	0.9786594495838767	0.9776454455713346	0.9809163113387737	0.9946844256922678	0.9822085356323685	0.9761199001269161	0.9821820848221734	0.9830561616715253	0.981028530038718	0.9915838677015205	0.9753708047764378	0.9833547817549141	0.9839167659651683	0.9834608115274697	0.979248952713076	0.9968817549613873	0.9813858244446411	0.9756326126695093	0.9830829454075913	0.9760631563519125	0.9772871448101138	0.995620973513521	0.9861271157294278
0.9700137069591389	0.9699000842999285	0.963684257297001	0.971553598835337	0.9663212577314065	0.9698049311210627	0.9711711028688571	0.9722215487137738	0.9697717388882658	0.9699678610527387	0.9703049406849135	0.9705505397457591	0.969817839769367	0.9697668185637036	0.9635972009150835	0.9688356739833411	0.9756555705118893	0.9704965204346697	0.9691087415624972	0.9699851687584528	1.0	0.9705469024499942	0.9834895010615237	0.9688539504755318	0.9705327673932685	0.9696329156007726	0.9781271072131987	0.967902412654105	0.9843065171771989	0.978592059117032	0.9781855392971703	0.966525246320149	0.9678486116129108	0.9783841612731127	0.9730880736540104	0.9724130478968214	0.9732700789868926	0.9692823831750079	0.970498701503956	0.9665648737117312	0.9717548356475898	0.9682499635719051	0.9622502688501062	0.9683448560611241	0.9658598958514624
0.9797848745386952	0.9797835275141402	0.971200086137431	0.9936213812185577	0.9764063483699345	0.9787988179011317	0.9854681391693036	0.9845206432405195	0.9796449414991053	0.9798019806133933	0.9923238995018974	0.9794838090701521	0.9796038085414172	0.9915416290374784	0.9859503700055472	0.9912002520089318	0.9763609998601999	0.9921969823935051	0.9906729392953496	0.9801499703261647	0.9705469024499942	1.0	0.9774664116265257	0.9895950769924756	0.9931096850590143	0.9777486905384201	0.980262220599822	0.9897734477682443	0.9808263639672895	0.980715153470661	0.9798997772823146	0.9750881442547469	0.9894676717102879	0.9807931740455359	0.9928851982885155	0.9922369361932263	0.9859642456874913	0.9789774706144222	0.9927012643508962	0.9757176142810476	0.9946003232814088	0.9752201052306576	0.9763766610727179	0.9788273026058618	0.9713002792778749
0.9785476718686363	0.9784631218996457	0.9714347659098448	0.9791023147704314	0.9748099925205881	0.9779194630931165	0.9795525616332945	0.9801827141508993	0.9781586603271712	0.978366015390901	0.9773148142065704	0.978841891225526	0.9783921585120856	0.9755897572723174	0.9702685185457111	0.9761986633404345	0.9826493088414678	0.9779989728141881	0.9751763465551735	0.9786594495838767	0.9834895010615237	0.9774664116265257	1.0	0.9755016193328112	0.9782131980636197	0.9774380795581044	0.986108323138076	0.9742975411227445	0.9936234520825725	0.9870279732563447	0.9864715680116316	0.9744623888188775	0.9744677794841365	0.9870391784335083	0.9805098895329535	0.9803150336308539	0.9795115059175474	0.9778394053139771	0.9774742238325957	0.9741448001453091	0.9791871187043041	0.9749167024944714	0.9692447107078584	0.9772472367629281	0.9714631300145499
0.9776931172882292	0.9776087001415709	0.9700241945189993	0.9905126242633414	0.9734148061653137	0.9768598823123209	0.983101861285124	0.9820611275451335	0.977119839493135	0.9770023481215856	0.9892918786514038	0.9774392996600993	0.9775573811609812	0.9883020746786325	0.9835145944659727	0.9896984625997373	0.9746824611372366	0.9912474475346809	0.9876784426651828	0.9776454455713346	0.9688539504755318	0.9895950769924756	0.9755016193328112	1.0	0.9900497015342828	0.97643499944604	0.9775737541870035	0.986809820943308	0.9779431608902552	0.9776109398073511	0.9768431800154902	0.9732289846574687	0.9861803479136656	0.9778922268708005	0.9901580871211856	0.9895171313257266	0.9842420542810901	0.97629938860581	0.9892831733356331	0.9737752869579422	0.990922419321425	0.9726636970174826	0.9744708631282107	0.9760286054884378	0.9701449517443734
0.980555348616813	0.9805398755049638	0.9711800681343155	0.9940520525875407	0.9772551397616586	0.979518439106372	0.986137980135499	0.9849947903838988	0.9806383059075291	0.9805923005899685	0.9937728491050609	0.9801142838026015	0.9804473783152866	0.9921815666422592	0.9862865773632489	0.9918678267599217	0.9768198391334971	0.9926196012960096	0.9914054101305333	0.9809163113387737	0.9705327673932685	0.9931096850590143	0.9782131980636197	0.9900497015342828	1.0	0.9781421169511723	0.9805062186015041	0.990034469564231	0.9818441362080231	0.9813856970680482	0.9801674447474026	0.9758823909216963	0.9889031253682307	0.9812932020403696	0.9934964795032296	0.9926360807203816	0.9864720394828195	0.9798835338549029	0.993685937967266	0.9762407406904805	0.9960180288435319	0.9753779988104677	0.9765003272582806	0.9793629123348214	0.9721077706998539
0.9949498704711731	0.9948795608565782	0.985606096356687	0.9793705012447074	0.9771824682875035	0.9923924070988015	0.9907603887789256	0.9914782588677048	0.9943830901426369	0.9941890232627121	0.9776986573295912	0.9931735981805974	0.9946406100423149	0.97609865777917	0.9697875173712289	0.9774217282446025	0.9763601102275323	0.9782796785274183	0.9751179703481161	0.9946844256922678	0.9696329156007726	0.9777486905384201	0.9774380795581044	0.97643499944604	0.9781421169511723	1.0	0.9799732176699154	0.9738252373611344	0.9800945025430002	0.9809376426248094	0.9792866857825409	0.9894055343070206	0.9738230898664785	0.9812460870934606	0.9810757478794269	0.9807408922083894	0.9777118303197028	0.9933768305638644	0.9784985592190008	0.9741424876697818	0.980219333345671	0.9744772142115158	0.9751937705714815	0.9924260561884647	0.9851851160906568
0.9820317080313917	0.9820484957948733	0.9730297738176573	0.9816862296112133	0.9771563709720761	0.9812475967757078	0.9825471228792564	0.9829656412250265	0.9816880200585383	0.9820330543482731	0.9809762247106323	0.9817764110239181	0.9817621169631202	0.9794022533277741	0.9730012230035361	0.9791723880446594	0.9924950558706909	0.9796794173873292	0.9779199403181237	0.9822085356323685	0.9781271072131987	0.980262220599822	0.986108323138076	0.9775737541870035	0.9805062186015041	0.9799732176699154	1.0	0.9767933993440228	0.9901741061095006	0.9916267470243695	0.9902269587835671	0.976852356444071	0.9757796047986563	0.9917716199284671	0.9842407697507034	0.9842288908309725	0.9827666947900224	0.9810788787594378	0.9807229041519937	0.975431343369307	0.9827180641802669	0.9777107650099528	0.9697423597787755	0.980400095457762	0.9725480665805046
0.9755035215739999	0.9754981061400819	0.9684645481119784	0.9909987570650021	0.9720649764950893	0.9749825939367779	0.9817261583329019	0.9803972612167332	0.9759056882864906	0.9755714002224077	0.9893157808201783	0.976363566037266	0.9753694171981948	0.9892968498131905	0.9836900217034733	0.9871839178135589	0.9734411386872306	0.9894141216826483	0.9966455774617584	0.9761199001269161	0.967902412654105	0.9897734477682443	0.9742975411227445	0.986809820943308	0.990034469564231	0.9738252373611344	0.9767933993440228	1.0	0.9773645560248855	0.9767642018867178	0.9767558275851285	0.9724085046750989	0.9868493745910131	0.9766672521353589	0.9889396717351456	0.9882496522202201	0.9821004237056736	0.9751891705249321	0.990193839219518	0.9737979194649872	0.9901945414938607	0.9729328623690774	0.9739450481566063	0.9751087364388679	0.9692713284940606
0.9821688027017206	0.9821507007901643	0.9730231910515645	0.9816521200413896	0.9777155513601655	0.9812943757800691	0.9826871064621542	0.9832064502345811	0.9816798705355021	0.9820795492179912	0.9818043771000012	0.9814435390701971	0.9818930358841543	0.9802846022200357	0.9743147370794478	0.9799128078120324	0.9864374510091234	0.9805862584384668	0.9787474577744327	0.9821820848221734	0.9843065171771989	0.9808263639672895	0.9936234520825725	0.9779431608902552	0.9818441362080231	0.9800945025430002	0.9901741061095006	0.9773645560248855	1.0	0.9917780711797979	0.990281820906423	0.976613368767929	0.9764906565404499	0.9916287735267256	0.9842679596631148	0.9841892862799416	0.9825265482445342	0.981187578596673	0.981423322125034	0.9759800425208796	0.9834309602223558	0.9778804198654063	0.9699686201976949	0.98046922265921	0.9721253604412206
0.9832665876299839	0.9832579994684888	0.9728986246479752	0.9820791613444397	0.9780357163689974	0.9820462547828184	0.9834137451908016	0.983476861528314	0.9827310181456232	0.9828957199448233	0.9816117942736068	0.9818279484867908	0.9829120649428956	0.9801698226019282	0.9739258078772417	0.9802141632493504	0.9873646159087813	0.9802486589740803	0.9780779259593421	0.9830561616715253	0.978592059117032	0.980715153470661	0.9870279732563447	0.9776109398073511	0.9813856970680482	0.9809376426248094	0.9916267470243695	0.9767642018867178	0.9917780711797979	1.0	0.9965086673262818	0.9770933354505394	0.9761349738570004	0.9989102962818572	0.9851533494110185	0.9854042345334226	0.9844512309797342	0.9821672649455898	0.9816969748659305	0.9754202696597356	0.9839969482646976	0.9769464743148798	0.969154837060671	0.98182983712867	0.9722373854085857
0.9809962196034175	0.9809676777949545	0.9728765458446986	0.9808936518913587	0.976425042959673	0.9800713132735622	0.9817546013301723	0.9814668650009792	0.9807136524321826	0.9808059662658788	0.9802039772689708	0.9805822538562053	0.9808059824475361	0.9794561801044691	0.9731830716153598	0.9786050453948197	0.9863620546449687	0.9793734737227278	0.9777283419451721	0.981028530038718	0.9781855392971703	0.9798997772823146	0.9864715680116316	0.9768431800154902	0.9801674447474026	0.9792866857825409	0.9902269587835671	0.9767558275851285	0.990281820906423	0.9965086673262818	1.0	0.9762448840654879	0.9750647677400648	0.9962428912486944	0.9832471969794295	0.9837413398752077	0.9831333248680508	0.9802536421352472	0.9799406341899172	0.9745384544099437	0.9820141330199853	0.9764861764420396	0.9689749041025936	0.9795644968688019	0.9723332239775924
0.9909943708774884	0.9909580522719839	0.9837716630532253	0.9770074015274822	0.9740256560623722	0.9889533968056219	0.9872624949639223	0.9880021989453119	0.9919949832546066	0.9919253065693479	0.975991094161272	0.9908604530263003	0.9907515979944992	0.9749582984420965	0.9675093165583728	0.9746952233653934	0.973662819656578	0.9754784241999325	0.9736669572697326	0.9915838677015205	0.966525246320149	0.9750881442547469	0.9744623888188775	0.9732289846574687	0.9758823909216963	0.9894055343070206	0.976852356444071	0.9724085046750989	0.976613368767929	0.9770933354505394	0.9762448840654879	1.0	0.9726875730045423	0.9771375893765465	0.9777642296267487	0.9771262682236304	0.9749768123971849	0.9903999365627482	0.9760264315073076	0.9725354059755177	0.9774186925228824	0.9716340275911759	0.9742000061389506	0.9891688751376948	0.9830666745389551
0.9749782362830638	0.9748904258012335	0.9684468374222418	0.9899384940909337	0.9728841461859551	0.9741821569902736	0.9814486959277618	0.9801325686590435	0.9748292983074733	0.9751519289768557	0.9890420653765732	0.9756051002030809	0.9748033236151196	0.9879631372252965	0.9829445750098572	0.9881461087293404	0.9731804208202677	0.9895417659438067	0.9875927937166973	0.9753708047764378	0.9678486116129108	0.9894676717102879	0.9744677794841365	0.9861803479136656	0.9889031253682307	0.9738230898664785	0.9757796047986563	0.9868493745910131	0.9764906565404499	0.9761349738570004	0.9750647677400648	0.9726875730045423	1.0	0.9760509522353855	0.9888230883975784	0.988117317757635	0.9836852490533426	0.9741860331651329	0.9887292359288186	0.9725494625184903	0.9900721025087074	0.9715012888088065	0.9747029980923164	0.974091826892396	0.96813882533484
0.983650513605395	0.9836098743530987	0.9729796779887756	0.9821200747803922	0.9782053608235298	0.9822221772556364	0.983500060590557	0.98359683846707	0.9829133922130331	0.9832498433001262	0.9814598789734522	0.9818814483146141	0.9831956917132877	0.9801727870230437	0.9737587505750338	0.9801077242067697	0.9873867670294563	0.9804213391919595	0.977903164217646	0.9833547817549141	0.9783841612731127	0.9807931740455359	0.9870391784335083	0.9778922268708005	0.9812932020403696	0.9812460870934606	0.9917716199284671	0.9766672521353589	0.9916287735267256	0.9989102962818572	0.9962428912486944	0.9771375893765465	0.9760509522353855	1.0	0.9851301312778201	0.985615424837546	0.9846153674256801	0.9824833348744464	0.9815153043967924	0.975383426930627	0.9840036276843358	0.9770080506257275	0.969416217119636	0.9820329087272225	0.972531241422154
0.9837425684643999	0.9837109736772249	0.9733808583241585	0.9943655026213235	0.9795648371919168	0.9825073447331331	0.9882337559486571	0.9876359222085102	0.9834572001932085	0.983541669608826	0.9931013616800436	0.9825096255412958	0.9834581396536735	0.9918096831551363	0.9857814600543687	0.992269855015064	0.9794584804638227	0.9930196568520959	0.9903546404923719	0.9839167659651683	0.9730880736540104	0.9928851982885155	0.9805098895329535	0.9901580871211856	0.9934964795032296	0.9810757478794269	0.9842407697507034	0.9889396717351456	0.9842679596631148	0.9851533494110185	0.9832471969794295	0.9777642296267487	0.9888230883975784	0.9851301312778201	1.0	0.9966229283324356	0.9900324683764382	0.9825764652509755	0.9934469001748847	0.977791629259361	0.9955548149148535	0.9775893471343925	0.9772599178176086	0.9822890583141239	0.9733635397233157
0.9832333748994051	0.9832246268989722	0.9730836121013727	0.9936330773750002	0.97929998011225	0.9821165370844224	0.9876167380846447	0.9870301010690288	0.9829422950926398	0.9830641494515056	0.992609389081444	0.9819961940835562	0.9830118295232768	0.9910321492463489	0.9854992138248118	0.9917876650435271	0.9795653106329272	0.9922534296517576	0.9900334409902515	0.9834608115274697	0.9724130478968214	0.9922369361932263	0.9803150336308539	0.9895171313257266	0.9926360807203816	0.9807408922083894	0.9842288908309725	0.9882496522202201	0.9841892862799416	0.9854042345334226	0.9837413398752077	0.9771262682236304	0.988117317757635	0.985615424837546	0.9966229283324356	1.0	0.989245285182307	0.9822391433487911	0.9931050522465773	0.9774666970322072	0.994898007831721	0.9770408316184302	0.9761363782081505	0.9818239502619374	0.9730516542927918
0.9788543776771487	0.9787560750187536	0.9700629596445647	0.9871445295145899	0.9755359771163575	0.9784034668293472	0.9832981142030152	0.9823109349368606	0.9788539433053597	0.9790789343488108	0.985915697771357	0.9785915736414473	0.978631425650561	0.9843724996567426	0.9788486347996226	0.9857940123756407	0.9793551112309008	0.9866625641825427	0.9831957515788733	0.979248952713076	0.9732700789868926	0.9859642456874913	0.9795115059175474	0.9842420542810901	0.9864720394828195	0.9777118303197028	0.9827666947900224	0.9821004237056736	0.9825265482445342	0.9844512309797342	0.9831333248680508	0.9749768123971849	0.9836852490533426	0.9846153674256801	0.9900324683764382	0.989245285182307	1.0	0.9779710295102491	0.986228921579057	0.9745034883524719	0.9879251525853617	0.9744797122232625	0.9742784628346727	0.9776490444591672	0.9708551484218815
0.9965149553775233	0.9965485739060987	0.9857932574037226	0.9808243668462421	0.9781320024656402	0.9934686776217573	0.9918127340618542	0.9924219306190706	0.9966018472188224	0.99651778706136	0.9794239120013366	0.9952825837860744	0.9960545927724797	0.9776164313306108	0.970515143813121	0.9782251280069054	0.9768633506591461	0.9790215190319748	0.9765761342076322	0.9968817549613873	0.9692823831750079	0.9789774706144222	0.9778394053139771	0.97629938860581	0.9798835338549029	0.9933768305638644	0.9810788787594378	0.9751891705249321	0.981187578596673	0.9821672649455898	0.9802536421352472	0.9903999365627482	0.9741860331651329	0.9824833348744464	0.9825764652509755	0.9822391433487911	0.9779710295102491	1.0	0.9803985251225458	0.974182098424663	0.981948167204423	0.9747888629776807	0.9759449410442561	0.994186994857268	0.9847550892584885
0.9810052588887229	0.9810129605648377	0.9711054556074666	0.9947330445284965	0.9772928617551759	0.9798958862705561	0.9863856996678938	0.9852768183022692	0.9810021116239034	0.9811126138606975	0.9935822215847759	0.9805009694801916	0.9807494668979906	0.9920846548397514	0.9864270488250834	0.9917078899259951	0.9761321818882016	0.9921007099013884	0.991917497684707	0.9813858244446411	0.970498701503956	0.9927012643508962	0.9774742238325957	0.9892831733356331	0.993685937967266	0.9784985592190008	0.9807229041519937	0.990193839219518	0.981423322125034	0.9816969748659305	0.9799406341899172	0.9760264315073076	0.9887292359288186	0.9815153043967924	0.9934469001748847	0.9931050522465773	0.986228921579057	0.9803985251225458	1.0	0.9758639346851407	0.9955863005527683	0.9754966287435379	0.9755470783932041	0.9803175787515123	0.9716291869188333
0.9753528979689436	0.9753149264444949	0.9684508660153787	0.9769523052163904	0.9737120246459898	0.9746613207607226	0.9767930633103876	0.9771044534542114	0.9753932530547179	0.9753825572974546	0.9758740782628379	0.9753711618971777	0.975233622509311	0.9748026440776304	0.9688735279006946	0.9742923408103856	0.9724275678188256	0.9758258283784761	0.9746558138643805	0.9756326126695093	0.9665648737117312	0.9757176142810476	0.9741448001453091	0.9737752869579422	0.9762407406904805	0.9741424876697818	0.975431343369307	0.9737979194649872	0.9759800425208796	0.9754202696597356	0.9745384544099437	0.9725354059755177	0.9725494625184903	0.975383426930627	0.977791629259361	0.9774666970322072	0.9745034883524719	0.974182098424663	0.9758639346851407	1.0	0.9771795396718278	0.9708305413210557	0.9674369417316303	0.9744311231468662	0.969066150651608
0.9829306051943484	0.9829655641330655	0.9722138858725758	0.9958759419027977	0.9791267836612292	0.9816574355411953	0.988215646609722	0.9872825907003536	0.9825980430014047	0.9829209976387804	0.9955165586310543	0.9818932543265724	0.9826214638809128	0.9937538821018943	0.9877913465454276	0.9937073553336022	0.9780307308912364	0.9940730445818572	0.9918239522029181	0.9830829454075913	0.9717548356475898	0.9946003232814088	0.9791871187043041	0.990922419321425	0.9960180288435319	0.980219333345671	0.9827180641802669	0.9901945414938607	0.9834309602223558	0.9839969482646976	0.9820141330199853	0.9774186925228824	0.9900721025087074	0.9840036276843358	0.9955548149148535	0.994898007831721	0.9879251525853617	0.981948167204423	0.9955863005527683	0.9771795396718278	1.0	0.9763073873440395	0.9767474962165105	0.9820116105981521	0.9724845649606657
