/home/jshaw/scratch/2022_sketched_distance/references/SGB_genome_fastas_part2/4393/Bengtsson-PalmeJ_2015__TRAVELRES1__bin.42.fa	/home/jshaw/scratch/2022_sketched_distance/references/SGB_genome_fastas_part2/4393/Bengtsson-PalmeJ_2015__TRAVELRES27__bin.215.fa	/home/jshaw/scratch/2022_sketched_distance/references/SGB_genome_fastas_part2/4393/Bengtsson-PalmeJ_2015__TRAVELRES2__bin.98.fa	/home/jshaw/scratch/2022_sketched_distance/references/SGB_genome_fastas_part2/4393/Bengtsson-PalmeJ_2015__TRAVELRES4__bin.77.fa	/home/jshaw/scratch/2022_sketched_distance/references/SGB_genome_fastas_part2/4393/BritoIL_2016__M1.15.ST__bin.19.fa	/home/jshaw/scratch/2022_sketched_distance/references/SGB_genome_fastas_part2/4393/BritoIL_2016__M1.20.ST__bin.74.fa	/home/jshaw/scratch/2022_sketched_distance/references/SGB_genome_fastas_part2/4393/BritoIL_2016__M1.48.ST__bin.92.fa	/home/jshaw/scratch/2022_sketched_distance/references/SGB_genome_fastas_part2/4393/BritoIL_2016__M2.44.ST__bin.101.fa	/home/jshaw/scratch/2022_sketched_distance/references/SGB_genome_fastas_part2/4393/BritoIL_2016__M2.50.ST__bin.13.fa	/home/jshaw/scratch/2022_sketched_distance/references/SGB_genome_fastas_part2/4393/BritoIL_2016__W1.33.ST__bin.55.fa	/home/jshaw/scratch/2022_sketched_distance/references/SGB_genome_fastas_part2/4393/BritoIL_2016__W2.39.ST__bin.57.fa	/home/jshaw/scratch/2022_sketched_distance/references/SGB_genome_fastas_part2/4393/KarlssonFH_2013__S552__bin.8.fa	/home/jshaw/scratch/2022_sketched_distance/references/SGB_genome_fastas_part2/4393/LeChatelierE_2013__MH0447__bin.124.fa	/home/jshaw/scratch/2022_sketched_distance/references/SGB_genome_fastas_part2/4393/LiJ_2014__MH0355__bin.49.fa	/home/jshaw/scratch/2022_sketched_distance/references/SGB_genome_fastas_part2/4393/LiJ_2014__V1.FI16__bin.39.fa	/home/jshaw/scratch/2022_sketched_distance/references/SGB_genome_fastas_part2/4393/LiSS_2016__FAT_012-22-42-0__bin.38.fa	/home/jshaw/scratch/2022_sketched_distance/references/SGB_genome_fastas_part2/4393/LiuW_2016__SRR3992961__bin.130.fa	/home/jshaw/scratch/2022_sketched_distance/references/SGB_genome_fastas_part2/4393/LiuW_2016__SRR3993022__bin.75.fa	/home/jshaw/scratch/2022_sketched_distance/references/SGB_genome_fastas_part2/4393/LiuW_2016__SRR3993056__bin.8.fa	/home/jshaw/scratch/2022_sketched_distance/references/SGB_genome_fastas_part2/4393/Obregon-TitoAJ_2015__SM39__bin.24.fa	/home/jshaw/scratch/2022_sketched_distance/references/SGB_genome_fastas_part2/4393/XieH_2016__YSZC12003_36049__bin.58.fa	/home/jshaw/scratch/2022_sketched_distance/references/SGB_genome_fastas_part2/4393/XieH_2016__YSZC12003_36699__bin.72.fa	/home/jshaw/scratch/2022_sketched_distance/references/SGB_genome_fastas_part2/4393/XieH_2016__YSZC12003_37181R1__bin.110.fa	/home/jshaw/scratch/2022_sketched_distance/references/SGB_genome_fastas_part2/4393/XieH_2016__YSZC12003_37286__bin.28.fa	/home/jshaw/scratch/2022_sketched_distance/references/SGB_genome_fastas_part2/4393/XieH_2016__YSZC12003_37287__bin.85.fa	/home/jshaw/scratch/2022_sketched_distance/references/SGB_genome_fastas_part2/4393/YuJ_2015__SZAXPI017591-140__bin.53.fa	/home/jshaw/scratch/2022_sketched_distance/references/SGB_genome_fastas_part2/4393/ZeeviD_2015__PNP_Main_545__bin.5.fa	/home/jshaw/scratch/2022_sketched_distance/references/SGB_genome_fastas_part2/4393/ZellerG_2014__CCIS20795251ST-4-0__bin.66.fa	/home/jshaw/scratch/2022_sketched_distance/references/SGB_genome_fastas_part2/4393/ZellerG_2014__CCMD64776337ST-21-0__bin.27.fa
1.0	0.9798706724934837	0.9985797195609203	0.9789991112757469	0.9751391923040594	0.9783544525142855	0.9745153599935635	0.9764130812090399	0.9772309276309469	0.9803080276911245	0.9777882399908868	0.9747539307280312	0.9796004406505509	0.9804035049892372	0.9797628241920245	0.9802805200282703	0.9821532507626947	0.9800781324980365	0.9773805768179926	0.9774020956627064	0.9818031032377299	0.9754102675391417	0.9793665950358301	0.9773805768179926	0.9801218589986405	0.9783819084811562	0.9764494317987228	0.9782170960163936	0.9743397002610855
0.9798706724934837	1.0	0.9735302802287745	0.9921830204937825	0.9774827937689935	0.989093246705281	0.9772535910728828	0.991636048525832	0.9883781733563399	0.9888316001369277	0.9839889141311724	0.9789707764309449	0.9922169076864148	0.9833301163995365	0.9936097121815444	0.9933161480732338	0.9766060231453766	0.983452741157414	0.9921490985438601	0.9608516863409522	0.9858073060374921	0.9907982343607621	0.9910096881227758	0.9921151417640833	0.9943165475786445	0.9858073060374921	0.9911848714647082	0.9922169076864148	0.9892418319807162
0.9985797195609203	0.9735302802287745	1.0	0.982919094120265	0.9609565140778739	0.9821524872287398	0.9705184798369084	0.9817925227634796	0.9786943108178547	0.9838386337654862	0.9771319930371891	0.9686755244261486	0.9817925227634796	0.9780242224797913	0.9840082127896603	0.983209231065918	0.9831514088180284	0.9632060477611523	0.9822120983465271	0.9686755244261486	0.9844005208577594	0.9808127951437198	0.9830354573493535	0.9810604920434801	0.9839517838143378	0.9744499273441395	0.9804376950327444	0.9829773273906077	0.9772015002493508
0.9789991112757469	0.9921830204937825	0.982919094120265	1.0	0.9869586520252946	0.9861939578921631	0.9870774382910165	0.9905948001976316	0.9910216814629638	0.9873098595184169	0.9883717470582407	0.9885418446409359	0.9916079753121946	0.9894337369498882	0.9883797923267109	0.9910169776387185	0.9803855818716255	0.990817447574892	0.9900042980947397	0.9739589354620946	0.9837452918182877	0.9890917870704015	0.9857734988328721	0.9906687420763811	0.9887174534467614	0.9919324035763435	0.9906925433083589	0.9928276657672302	0.9895014891214708
0.9751391923040594	0.9774827937689935	0.9609565140778739	0.9869586520252946	1.0	0.9957423808056447	0.9802512541832469	0.9851709139920014	0.9821565350748654	0.9865326612196189	0.9848716193522637	0.9712726726737699	0.9846201058024233	0.9804239049822855	0.9858101779371526	0.9850714519306827	0.976070752410631	0.971174540423646	0.9854182591793994	0.9596855329791354	0.9814410883802539	0.9847712450720176	0.9858588407059405	0.9843157230002262	0.9844682673148398	0.9767844272065774	0.9836463758965771	0.9850216076937903	0.9811055307069323
0.9783544525142855	0.989093246705281	0.9821524872287398	0.9861939578921631	0.9957423808056447	1.0	0.9919980059770881	0.987933948408422	0.9873029744270913	0.9887475397635968	0.9905933246242997	0.9846271785589917	0.9881705731333396	0.9878912539352765	0.9861974042479544	0.9881210402465344	0.9786297405695733	0.989933028848466	0.9853297957916533	0.973286117235413	0.9846748721455189	0.9859244253656637	0.9857163962908215	0.9859308313406114	0.98532928576675	0.988586389562329	0.985575480367581	0.9872431523448907	0.9855337681638379
0.9745153599935635	0.9772535910728828	0.9705184798369084	0.9870774382910165	0.9802512541832469	0.9919980059770881	1.0	0.9856109322521488	0.981714128747407	0.9836408566709189	0.9820083718765487	0.9736672041821343	0.9832805741241137	0.9777219612722726	0.9848907304324264	0.9850817938481484	0.9717122248550139	0.9743007860770891	0.9840365816539384	0.961481715665446	0.9798461373489132	0.9826711595064661	0.9871848344800096	0.9846985485461554	0.9866079604079078	0.9793506184042481	0.9838788642032702	0.9858723392671175	0.9828755597395237
0.9764130812090399	0.991636048525832	0.9817925227634796	0.9905948001976316	0.9851709139920014	0.987933948408422	0.9856109322521488	1.0	0.9943398589927519	0.9857505083001815	0.986207651519492	0.9873007933786777	0.9908689108510632	0.9866686654420744	0.9899375882221155	0.9899636773473353	0.9769722984345105	0.989933028848466	0.9892428173564968	0.9711796142422363	0.9815520254662721	0.9887934088339265	0.9888531358950846	0.9911478970447164	0.9922491813033023	0.9913977527694117	0.9894492995822637	0.9911935731232175	0.9891014051166681
0.9772309276309469	0.9883781733563399	0.9786943108178547	0.9910216814629638	0.9821565350748654	0.9873029744270913	0.981714128747407	0.9943398589927519	1.0	0.984941023712662	0.9823553261578318	0.9835280603304807	0.9892565935110958	0.9821797144653442	0.9898372402831417	0.9889483154555979	0.9748078492527802	0.9856302497881894	0.9902187374892082	0.9687135923206744	0.9809554229495014	0.9891448256200343	0.9886371272396447	0.9915463347867013	0.993022376636099	0.9868112106950094	0.9901373585220363	0.9922925886461013	0.9869159204629471
0.9803080276911245	0.9888316001369277	0.9838386337654862	0.9873098595184169	0.9865326612196189	0.9887475397635968	0.9836408566709189	0.9857505083001815	0.984941023712662	1.0	0.9911862691927613	0.9834419671351681	0.9880079511117301	0.9878912539352765	0.989229963905835	0.987962733701547	0.978966235352977	0.9896517161388674	0.9865257471534873	0.973286117235413	0.9861680872284588	0.9839954443163063	0.9874431826744521	0.9866895179398549	0.9880757236867168	0.9865000203809403	0.9857224801349255	0.9871222950227243	0.9838147342784193
0.9777882399908868	0.9839889141311724	0.9771319930371891	0.9883717470582407	0.9848716193522637	0.9905933246242997	0.9820083718765487	0.986207651519492	0.9823553261578318	0.9911862691927613	1.0	0.9803713908162656	0.9856752141249303	0.9837572197386271	0.9883717470582407	0.9864244080969781	0.976266575586835	0.9850505649034473	0.9855486709386313	0.9689264348576111	0.9849085371784231	0.9850375660834602	0.9882843603883648	0.9870662352727235	0.9879619444520271	0.983443943152254	0.986207651519492	0.9877551149559147	0.982840843270656
0.9747539307280312	0.9789707764309449	0.9686755244261486	0.9885418446409359	0.9712726726737699	0.9846271785589917	0.9736672041821343	0.9873007933786777	0.9835280603304807	0.9834419671351681	0.9803713908162656	1.0	0.9864466422022227	0.9801814694031533	0.9886523828085989	0.9880210388453051	0.9737253162371412	0.9766521094356154	0.9897734191066201	0.959267929875722	0.9813966810895401	0.9867987525479353	0.9866427242885719	0.9902674687357309	0.9924363730693374	0.9811664673898378	0.9891633817783159	0.9908920003534224	0.9859712183005916
0.9796004406505509	0.9922169076864148	0.9817925227634796	0.9916079753121946	0.9846201058024233	0.9881705731333396	0.9832805741241137	0.9908689108510632	0.9892565935110958	0.9880079511117301	0.9856752141249303	0.9864466422022227	1.0	0.9866686654420744	0.9928041774493087	0.9907691077926102	0.9783276920511307	0.9913584178030478	0.9907190929356081	0.9713112551831556	0.9849641271794656	0.9884666442330623	0.990893814564769	0.9916079753121946	0.9922592923084065	0.9888462205241965	0.9901893114878387	0.9921156598419564	0.986185226882981
0.9804035049892372	0.9833301163995365	0.9780242224797913	0.9894337369498882	0.9804239049822855	0.9878912539352765	0.9777219612722726	0.9866686654420744	0.9821797144653442	0.9878912539352765	0.9837572197386271	0.9801814694031533	0.9866686654420744	1.0	0.9891005300594309	0.9888867225185932	0.977673529889236	0.9836567776983505	0.9877012072818315	0.9694872523343472	0.9854669371590197	0.9844307842200306	0.9897337584829153	0.9889785241714216	0.9888867225185932	0.9822400730069716	0.9865372889812412	0.9883927478227645	0.9829596151751258
0.9797628241920245	0.9936097121815444	0.9840082127896603	0.9883797923267109	0.9858101779371526	0.9861974042479544	0.9848907304324264	0.9899375882221155	0.9898372402831417	0.989229963905835	0.9883717470582407	0.9886523828085989	0.9928041774493087	0.9891005300594309	1.0	0.9920844461299771	0.9801711954004321	0.9929301565809129	0.9896746312502134	0.9728505798072744	0.9858286728411598	0.9877272798315161	0.9911598312122964	0.9891716130817905	0.9897211983973858	0.9904869823131802	0.9895466145628626	0.9906144052546922	0.9880932573899797
0.9802805200282703	0.9933161480732338	0.983209231065918	0.9910169776387185	0.9850714519306827	0.9881210402465344	0.9850817938481484	0.9899636773473353	0.9889483154555979	0.987962733701547	0.9864244080969781	0.9880210388453051	0.9907691077926102	0.9888867225185932	0.9920844461299771	1.0	0.9789290179583394	0.9922059633127401	0.9919206427931129	0.9721541203973738	0.9856625565047223	0.9895125814242042	0.9914481110403427	0.9919206427931129	0.9948807606363238	0.9908238545146516	0.9906533511422791	0.9912332475346132	0.9886692288081406
0.9821532507626947	0.9766060231453766	0.9831514088180284	0.9803855818716255	0.976070752410631	0.9786297405695733	0.9717122248550139	0.9769722984345105	0.9748078492527802	0.978966235352977	0.976266575586835	0.9737253162371412	0.9783276920511307	0.977673529889236	0.9801711954004321	0.9789290179583394	1.0	0.9804541355941869	0.9796654203336764	0.974854508084291	0.9802428139605682	0.9761311359432824	0.9794828712072544	0.9777536974636103	0.979519462771083	0.9770183513636761	0.9763736943688267	0.9792255754269872	0.9742088567423852
0.9800781324980365	0.983452741157414	0.9632060477611523	0.990817447574892	0.971174540423646	0.989933028848466	0.9743007860770891	0.989933028848466	0.9856302497881894	0.9896517161388674	0.9850505649034473	0.9766521094356154	0.9913584178030478	0.9836567776983505	0.9929301565809129	0.9922059633127401	0.9804541355941869	1.0	0.9920486946556333	0.9608279049597853	0.9861998837194871	0.9878518728564241	0.9910890399772917	0.9916256174630286	0.9914120308391059	0.9843278742962572	0.9896517161388674	0.9899890047196594	0.9870056455892898
0.9773805768179926	0.9921490985438601	0.9822120983465271	0.9900042980947397	0.9854182591793994	0.9853297957916533	0.9840365816539384	0.9892428173564968	0.9902187374892082	0.9865257471534873	0.9855486709386313	0.9897734191066201	0.9907190929356081	0.9877012072818315	0.9896746312502134	0.9919206427931129	0.9796654203336764	0.9920486946556333	1.0	0.9721541203973738	0.9827885886154314	0.990043282584041	0.988321985575151	0.9910875574692896	0.9924642803017661	0.9909455065051169	0.9907394377853486	0.9905157829485647	0.9897655407640511
0.9774020956627064	0.9608516863409522	0.9686755244261486	0.9739589354620946	0.9596855329791354	0.973286117235413	0.961481715665446	0.9711796142422363	0.9687135923206744	0.973286117235413	0.9689264348576111	0.959267929875722	0.9713112551831556	0.9694872523343472	0.9728505798072744	0.9721541203973738	0.974854508084291	0.9608279049597853	0.9721541203973738	1.0	0.974677357969145	0.9702428228451976	0.9722818675016116	0.9729131586636895	0.9735323953482704	0.9660435402012242	0.9716380349062105	0.9726621153553383	0.9687135923206744
0.9818031032377299	0.9858073060374921	0.9844005208577594	0.9837452918182877	0.9814410883802539	0.9846748721455189	0.9798461373489132	0.9815520254662721	0.9809554229495014	0.9861680872284588	0.9849085371784231	0.9813966810895401	0.9849641271794656	0.9854669371590197	0.9858286728411598	0.9856625565047223	0.9802428139605682	0.9861998837194871	0.9827885886154314	0.974677357969145	1.0	0.9808836286620217	0.9852146042055557	0.9828492078220763	0.985495150077832	0.9827892405644499	0.9822379072443861	0.9833003119930164	0.9794738375172863
0.9754102675391417	0.9907982343607621	0.9808127951437198	0.9890917870704015	0.9847712450720176	0.9859244253656637	0.9826711595064661	0.9887934088339265	0.9891448256200343	0.9839954443163063	0.9850375660834602	0.9867987525479353	0.9884666442330623	0.9844307842200306	0.9877272798315161	0.9895125814242042	0.9761311359432824	0.9878518728564241	0.990043282584041	0.9702428228451976	0.9808836286620217	1.0	0.9873118806952214	0.9907805031221258	0.9921397081353243	0.9892321666383865	0.9894120117313571	0.9897534269953424	0.9879823974940426
0.9793665950358301	0.9910096881227758	0.9830354573493535	0.9857734988328721	0.9858588407059405	0.9857163962908215	0.9871848344800096	0.9888531358950846	0.9886371272396447	0.9874431826744521	0.9882843603883648	0.9866427242885719	0.990893814564769	0.9897337584829153	0.9911598312122964	0.9914481110403427	0.9794828712072544	0.9910890399772917	0.988321985575151	0.9722818675016116	0.9852146042055557	0.9873118806952214	1.0	0.9889854374475623	0.9875367605348263	0.9907628600762322	0.9890077931086821	0.9890679523612607	0.9890476919211714
0.9773805768179926	0.9921151417640833	0.9810604920434801	0.9906687420763811	0.9843157230002262	0.9859308313406114	0.9846985485461554	0.9911478970447164	0.9915463347867013	0.9866895179398549	0.9870662352727235	0.9902674687357309	0.9916079753121946	0.9889785241714216	0.9891716130817905	0.9919206427931129	0.9777536974636103	0.9916256174630286	0.9910875574692896	0.9729131586636895	0.9828492078220763	0.9907805031221258	0.9889854374475623	1.0	0.9963409012448805	0.9929193058209889	0.9928935891431585	0.9931896191833286	0.9920024076820548
0.9801218589986405	0.9943165475786445	0.9839517838143378	0.9887174534467614	0.9844682673148398	0.98532928576675	0.9866079604079078	0.9922491813033023	0.993022376636099	0.9880757236867168	0.9879619444520271	0.9924363730693374	0.9922592923084065	0.9888867225185932	0.9897211983973858	0.9948807606363238	0.979519462771083	0.9914120308391059	0.9924642803017661	0.9735323953482704	0.985495150077832	0.9921397081353243	0.9875367605348263	0.9963409012448805	1.0	0.9940162504972616	0.9939946578040202	0.9947408756777858	0.9932090137148533
0.9783819084811562	0.9858073060374921	0.9744499273441395	0.9919324035763435	0.9767844272065774	0.988586389562329	0.9793506184042481	0.9913977527694117	0.9868112106950094	0.9865000203809403	0.983443943152254	0.9811664673898378	0.9888462205241965	0.9822400730069716	0.9904869823131802	0.9908238545146516	0.9770183513636761	0.9843278742962572	0.9909455065051169	0.9660435402012242	0.9827892405644499	0.9892321666383865	0.9907628600762322	0.9929193058209889	0.9940162504972616	1.0	0.9909151354869432	0.9925164934957849	0.988586389562329
0.9764494317987228	0.9911848714647082	0.9804376950327444	0.9906925433083589	0.9836463758965771	0.985575480367581	0.9838788642032702	0.9894492995822637	0.9901373585220363	0.9857224801349255	0.986207651519492	0.9891633817783159	0.9901893114878387	0.9865372889812412	0.9895466145628626	0.9906533511422791	0.9763736943688267	0.9896517161388674	0.9907394377853486	0.9716380349062105	0.9822379072443861	0.9894120117313571	0.9890077931086821	0.9928935891431585	0.9939946578040202	0.9909151354869432	1.0	0.9915037370305763	0.9895279896047697
0.9782170960163936	0.9922169076864148	0.9829773273906077	0.9928276657672302	0.9850216076937903	0.9872431523448907	0.9858723392671175	0.9911935731232175	0.9922925886461013	0.9871222950227243	0.9877551149559147	0.9908920003534224	0.9921156598419564	0.9883927478227645	0.9906144052546922	0.9912332475346132	0.9792255754269872	0.9899890047196594	0.9905157829485647	0.9726621153553383	0.9833003119930164	0.9897534269953424	0.9890679523612607	0.9931896191833286	0.9947408756777858	0.9925164934957849	0.9915037370305763	1.0	0.9900013937209026
0.9743397002610855	0.9892418319807162	0.9772015002493508	0.9895014891214708	0.9811055307069323	0.9855337681638379	0.9828755597395237	0.9891014051166681	0.9869159204629471	0.9838147342784193	0.982840843270656	0.9859712183005916	0.986185226882981	0.9829596151751258	0.9880932573899797	0.9886692288081406	0.9742088567423852	0.9870056455892898	0.9897655407640511	0.9687135923206744	0.9794738375172863	0.9879823974940426	0.9890476919211714	0.9920024076820548	0.9932090137148533	0.988586389562329	0.9895279896047697	0.9900013937209026	1.0
