/home/jshaw/scratch/2022_sketched_distance/references/SGB_genome_fastas_part5/14844/FengQ_2015__SID31285__bin.2.fa	/home/jshaw/scratch/2022_sketched_distance/references/SGB_genome_fastas_part5/14844/FengQ_2015__SID31877__bin.4.fa	/home/jshaw/scratch/2022_sketched_distance/references/SGB_genome_fastas_part5/14844/FengQ_2015__SID530373__bin.42.fa	/home/jshaw/scratch/2022_sketched_distance/references/SGB_genome_fastas_part5/14844/FengQ_2015__SID531663__bin.6.fa	/home/jshaw/scratch/2022_sketched_distance/references/SGB_genome_fastas_part5/14844/KarlssonFH_2013__S312__bin.88.fa	/home/jshaw/scratch/2022_sketched_distance/references/SGB_genome_fastas_part5/14844/KarlssonFH_2013__S487__bin.70.fa	/home/jshaw/scratch/2022_sketched_distance/references/SGB_genome_fastas_part5/14844/KarlssonFH_2013__S552__bin.21.fa	/home/jshaw/scratch/2022_sketched_distance/references/SGB_genome_fastas_part5/14844/LeChatelierE_2013__MH0131__bin.16.fa	/home/jshaw/scratch/2022_sketched_distance/references/SGB_genome_fastas_part5/14844/LeChatelierE_2013__MH0203__bin.20.fa	/home/jshaw/scratch/2022_sketched_distance/references/SGB_genome_fastas_part5/14844/LeChatelierE_2013__MH0441__bin.21.fa	/home/jshaw/scratch/2022_sketched_distance/references/SGB_genome_fastas_part5/14844/LiJ_2014__O2.UC8-0__bin.56.fa	/home/jshaw/scratch/2022_sketched_distance/references/SGB_genome_fastas_part5/14844/LiSS_2016__FAT_015-22-42-0__bin.65.fa	/home/jshaw/scratch/2022_sketched_distance/references/SGB_genome_fastas_part5/14844/LiSS_2016__FAT_023-22-42-0__bin.3.fa	/home/jshaw/scratch/2022_sketched_distance/references/SGB_genome_fastas_part5/14844/LiSS_2016__FAT_023-22-84-0__bin.45.fa	/home/jshaw/scratch/2022_sketched_distance/references/SGB_genome_fastas_part5/14844/NielsenHB_2014__O2_UC19_2__bin.13.fa	/home/jshaw/scratch/2022_sketched_distance/references/SGB_genome_fastas_part5/14844/NielsenHB_2014__V1_UC17_2__bin.49.fa	/home/jshaw/scratch/2022_sketched_distance/references/SGB_genome_fastas_part5/14844/NielsenHB_2014__V1_UC31_4__bin.2.fa	/home/jshaw/scratch/2022_sketched_distance/references/SGB_genome_fastas_part5/14844/RaymondF_2016__P1E0__bin.56.fa	/home/jshaw/scratch/2022_sketched_distance/references/SGB_genome_fastas_part5/14844/RaymondF_2016__P1E7__bin.49.fa	/home/jshaw/scratch/2022_sketched_distance/references/SGB_genome_fastas_part5/14844/XieH_2016__YSZC12003_35519__bin.81.fa	/home/jshaw/scratch/2022_sketched_distance/references/SGB_genome_fastas_part5/14844/XieH_2016__YSZC12003_35703__bin.62.fa	/home/jshaw/scratch/2022_sketched_distance/references/SGB_genome_fastas_part5/14844/XieH_2016__YSZC12003_35705__bin.70.fa	/home/jshaw/scratch/2022_sketched_distance/references/SGB_genome_fastas_part5/14844/XieH_2016__YSZC12003_37172__bin.63.fa	/home/jshaw/scratch/2022_sketched_distance/references/SGB_genome_fastas_part5/14844/XieH_2016__YSZC12003_37191R1__bin.4.fa	/home/jshaw/scratch/2022_sketched_distance/references/SGB_genome_fastas_part5/14844/XieH_2016__YSZC12003_37255__bin.59.fa	/home/jshaw/scratch/2022_sketched_distance/references/SGB_genome_fastas_part5/14844/ZeeviD_2015__PNP_Main_295__bin.23.fa	/home/jshaw/scratch/2022_sketched_distance/references/SGB_genome_fastas_part5/14844/ZellerG_2014__CCMD63399960ST-21-0__bin.3.fa
1.0	0.983095759629889	0.9844095610599168	0.9818618509249211	0.9849700104392287	0.9832982983867674	0.9864378200164151	0.9808174123713189	0.9840666639378075	0.9859953196708187	0.9848180610484746	0.9848789085653816	0.9841090623637677	0.9831221741758664	0.9815732771752965	0.9861099371475962	0.9841266827563847	0.9846076500514542	0.9838961267965078	0.9843665574754554	0.9856731172839988	0.9855710860777943	0.9864812917116876	0.9842489384461656	0.9826741756666557	0.9856676092506513	0.9848119776101201
0.983095759629889	1.0	0.975366862721585	0.9805501268696323	0.9829688319653952	0.9816276105043036	0.9843387178674273	0.9736642364898163	0.9818915258924285	0.9723406582956546	0.9699648415310177	0.9841756867915784	0.9800441562716368	0.9814060432390855	0.9740565769325011	0.9841756867915784	0.973494627861264	0.9813169944513473	0.9719863029781163	0.9746636909466914	0.9756863436364233	0.9699648415310177	0.9835986109989907	0.9805044518977168	0.975098209390642	0.9829264132462647	0.9811381662779065
0.9844095610599168	0.975366862721585	1.0	0.9804241501244727	0.987160686150661	0.9813372812945376	0.983901090606435	0.9736826376005093	0.9823265785847156	0.9755601145179432	0.9740017553465827	0.9830904775605209	0.9800300118679902	0.9809540642186731	0.9744189316032441	0.98425150897731	0.9746656057397179	0.98084876634743	0.9746800870330952	0.9725232007763075	0.9753702765448669	0.9746800870330952	0.9843464315582048	0.9816131914615012	0.9749287983176589	0.984219806990301	0.98084876634743
0.9818618509249211	0.9805501268696323	0.9804241501244727	1.0	0.9820662145951159	0.9803675901539691	0.9828214147712152	0.9791265285331322	0.9803675901539691	0.9820619015409157	0.9813193392349047	0.9820152431711141	0.9809316949343065	0.9795528126382986	0.9789228564971519	0.9827466735709693	0.980671320772201	0.9805479680043663	0.9806547523221923	0.9799791211305173	0.9813165300204253	0.981344383280962	0.9828462906593708	0.9804789290529183	0.9781179809254473	0.9820916705755037	0.9815873325298581
0.9849700104392287	0.9829688319653952	0.987160686150661	0.9820662145951159	1.0	0.9833223193552622	0.9855618588859119	0.9808832611639358	0.9829232738662428	0.9853603799040155	0.9839873260133419	0.9839045432011047	0.9837538579064313	0.9819372077564686	0.9813497559831285	0.9850036549720752	0.9835124162225933	0.9836261351372444	0.9838610377727236	0.9839247482892713	0.9853150065463055	0.98496568015297	0.9854509744709594	0.9846725348066332	0.9822119645857104	0.9843210362895792	0.9851298350605079
0.9832982983867674	0.9816276105043036	0.9813372812945376	0.9803675901539691	0.9833223193552622	1.0	0.9842690067481866	0.9794717810952039	0.9813427134195953	0.9835214435751487	0.9829381621299202	0.9829358549706025	0.982848636466548	0.9816473938510991	0.9795043435052693	0.9845014701757059	0.983305076512796	0.9826143286081249	0.9813064495932701	0.9822964010504822	0.982763297469476	0.9838961267965078	0.9840583720344964	0.9829703875715028	0.980491771611519	0.9829601429840195	0.9834832604230831
0.9864378200164151	0.9843387178674273	0.983901090606435	0.9828214147712152	0.9855618588859119	0.9842690067481866	1.0	0.9813080762253198	0.9840198103053548	0.9856626708737729	0.9858096799177064	0.9851143431376947	0.9845352745016327	0.9824020039615432	0.9812856112618125	0.9850469955569632	0.9848621613406087	0.9852946523081538	0.9849317169870846	0.9853241849553155	0.9854456807802996	0.9862309283588964	0.9858545797593303	0.985090733932076	0.982765840247329	0.9851132201957186	0.9852997230960493
0.9808174123713189	0.9736642364898163	0.9736826376005093	0.9791265285331322	0.9808832611639358	0.9794717810952039	0.9813080762253198	1.0	0.9806190664417868	0.9768984715596015	0.9760153630267235	0.9812105306137915	0.9771594164524273	0.9788826601923346	0.9733710479912111	0.9820464179832329	0.9757757678116906	0.9773432317613849	0.9722169048487281	0.9736717837102248	0.9737320816461168	0.9750040422534615	0.9815989798737811	0.978211393032478	0.9711864727808416	0.9811126932111502	0.9786017032484
0.9840666639378075	0.9818915258924285	0.9823265785847156	0.9803675901539691	0.9829232738662428	0.9813427134195953	0.9840198103053548	0.9806190664417868	1.0	0.9851233260977948	0.9836026507361784	0.9828504700957607	0.9820254339389074	0.9811040692576029	0.9814137751683382	0.9839023825706321	0.9837526667730806	0.9822966105422003	0.9826815125582634	0.982061833738665	0.983359332842105	0.9835080668427729	0.9848073629674134	0.9826559686245138	0.9799974291897562	0.9834284209375967	0.9833550857069508
0.9859953196708187	0.9723406582956546	0.9755601145179432	0.9820619015409157	0.9853603799040155	0.9835214435751487	0.9856626708737729	0.9768984715596015	0.9851233260977948	1.0	0.9749737882823133	0.9849529480826333	0.9821364442069881	0.9836993989958692	0.9768984715596015	0.9860284001045722	0.9773757360970009	0.9818747988215207	0.9721541203973738	0.9739735778943603	0.9725562579052707	0.9725062627136029	0.9866182252777922	0.9825801710900928	0.9759224267141063	0.9857294705778176	0.9827998002145613
0.9848180610484746	0.9699648415310177	0.9740017553465827	0.9813193392349047	0.9839873260133419	0.9829381621299202	0.9858096799177064	0.9760153630267235	0.9836026507361784	0.9749737882823133	1.0	0.9846685741212657	0.9818542878514894	0.9821387556368453	0.9769298400303649	0.9852256746657149	0.976691667889881	0.9817725551592252	0.9715763213283571	0.9751747730488519	0.9746699611199929	0.9723505250377673	0.9851519384747058	0.982380633120047	0.9753247002692084	0.9842539392020625	0.9825408978493727
0.9848789085653816	0.9841756867915784	0.9830904775605209	0.9820152431711141	0.9839045432011047	0.9829358549706025	0.9851143431376947	0.9812105306137915	0.9828504700957607	0.9849529480826333	0.9846685741212657	1.0	0.9836772395361224	0.981601776730479	0.9811891577016647	0.9843277576536451	0.9845632732649727	0.9835750004757865	0.9835080668427729	0.9842723836813735	0.9852166585500415	0.9858366149545571	0.9844865900608021	0.9844240231964616	0.9813950065540635	0.983498531428322	0.9845158136814122
0.9841090623637677	0.9800441562716368	0.9800300118679902	0.9809316949343065	0.9837538579064313	0.982848636466548	0.9845352745016327	0.9771594164524273	0.9820254339389074	0.9821364442069881	0.9818542878514894	0.9836772395361224	1.0	0.9927966626681555	0.9789573499063743	0.9847339454021518	0.9809332637042935	0.9816739634797326	0.9817213204669201	0.9803355846443386	0.9833245704187751	0.9827178866188301	0.9855409873609544	0.9815104643304516	0.9791224357537324	0.9842601231881509	0.9815377709887285
0.9831221741758664	0.9814060432390855	0.9809540642186731	0.9795528126382986	0.9819372077564686	0.9816473938510991	0.9824020039615432	0.9788826601923346	0.9811040692576029	0.9836993989958692	0.9821387556368453	0.981601776730479	0.9927966626681555	1.0	0.9798416183598436	0.9817781564693682	0.9821406448675031	0.9824823204739612	0.9825356110333491	0.9808281901767947	0.9844527077178655	0.9832229281369131	0.9823213062069365	0.982471154114522	0.9797306890596048	0.9819917679009602	0.9823642192087169
0.9815732771752965	0.9740565769325011	0.9744189316032441	0.9789228564971519	0.9813497559831285	0.9795043435052693	0.9812856112618125	0.9733710479912111	0.9814137751683382	0.9768984715596015	0.9769298400303649	0.9811891577016647	0.9789573499063743	0.9798416183598436	1.0	0.9824524012646209	0.9763812942277571	0.9779063433236015	0.9732538988662001	0.9731896934314287	0.974515977057021	0.9735923243384005	0.982760740134694	0.9780838802542877	0.9708128392948968	0.9804730019849149	0.979094960097165
0.9861099371475962	0.9841756867915784	0.98425150897731	0.9827466735709693	0.9850036549720752	0.9845014701757059	0.9850469955569632	0.9820464179832329	0.9839023825706321	0.9860284001045722	0.9852256746657149	0.9843277576536451	0.9847339454021518	0.9817781564693682	0.9824524012646209	1.0	0.985742840192445	0.9849284040258924	0.984001169183402	0.9844917035619972	0.9857054800643871	0.9858696556993888	0.9850499029486945	0.9847714149642035	0.9831902496058655	0.9834768662228061	0.9856847703113812
0.9841266827563847	0.973494627861264	0.9746656057397179	0.980671320772201	0.9835124162225933	0.983305076512796	0.9848621613406087	0.9757757678116906	0.9837526667730806	0.9773757360970009	0.976691667889881	0.9845632732649727	0.9809332637042935	0.9821406448675031	0.9763812942277571	0.985742840192445	1.0	0.9814142314053769	0.9701983019467748	0.9740269374185356	0.9713102288100631	0.9729609832504763	0.9853868908647081	0.9812300799069001	0.9745298014872978	0.9845298948412756	0.9824978946270002
0.9846076500514542	0.9813169944513473	0.98084876634743	0.9805479680043663	0.9836261351372444	0.9826143286081249	0.9852946523081538	0.9773432317613849	0.9822966105422003	0.9818747988215207	0.9817725551592252	0.9835750004757865	0.9816739634797326	0.9824823204739612	0.9779063433236015	0.9849284040258924	0.9814142314053769	1.0	0.9950361665554176	0.980264602384124	0.9836705468831531	0.9821309974372638	0.9853916325897467	0.9813398064637987	0.9790883092844246	0.9842837303658708	0.9815702667749786
0.9838961267965078	0.9719863029781163	0.9746800870330952	0.9806547523221923	0.9838610377727236	0.9813064495932701	0.9849317169870846	0.9722169048487281	0.9826815125582634	0.9721541203973738	0.9715763213283571	0.9835080668427729	0.9817213204669201	0.9825356110333491	0.9732538988662001	0.984001169183402	0.9701983019467748	0.9950361665554176	1.0	0.9738319141210009	0.974865599578104	0.9734959909799755	0.9845901386290217	0.9814201189437717	0.9747729757012735	0.9839661924205737	0.9814956796770609
0.9843665574754554	0.9746636909466914	0.9725232007763075	0.9799791211305173	0.9839247482892713	0.9822964010504822	0.9853241849553155	0.9736717837102248	0.982061833738665	0.9739735778943603	0.9751747730488519	0.9842723836813735	0.9803355846443386	0.9808281901767947	0.9731896934314287	0.9844917035619972	0.9740269374185356	0.980264602384124	0.9738319141210009	1.0	0.9760726741161642	0.9756424243594427	0.9847715495160738	0.9811063819094877	0.9756546199421957	0.983347819635591	0.9812790576131348
0.9856731172839988	0.9756863436364233	0.9753702765448669	0.9813165300204253	0.9853150065463055	0.982763297469476	0.9854456807802996	0.9737320816461168	0.983359332842105	0.9725562579052707	0.9746699611199929	0.9852166585500415	0.9833245704187751	0.9844527077178655	0.974515977057021	0.9857054800643871	0.9713102288100631	0.9836705468831531	0.974865599578104	0.9760726741161642	1.0	0.974957960193886	0.9865359177106863	0.9824433038112343	0.9755473032423929	0.9853804086473861	0.9830100381806847
0.9855710860777943	0.9699648415310177	0.9746800870330952	0.981344383280962	0.98496568015297	0.9838961267965078	0.9862309283588964	0.9750040422534615	0.9835080668427729	0.9725062627136029	0.9723505250377673	0.9858366149545571	0.9827178866188301	0.9832229281369131	0.9735923243384005	0.9858696556993888	0.9729609832504763	0.9821309974372638	0.9734959909799755	0.9756424243594427	0.974957960193886	1.0	0.9859356376964419	0.9828629803144279	0.9774429926320596	0.9844180070649869	0.9825721473906197
0.9864812917116876	0.9835986109989907	0.9843464315582048	0.9828462906593708	0.9854509744709594	0.9840583720344964	0.9858545797593303	0.9815989798737811	0.9848073629674134	0.9866182252777922	0.9851519384747058	0.9844865900608021	0.9855409873609544	0.9823213062069365	0.982760740134694	0.9850499029486945	0.9853868908647081	0.9853916325897467	0.9845901386290217	0.9847715495160738	0.9865359177106863	0.9859356376964419	1.0	0.9858876378525508	0.9831902496058655	0.984616783533735	0.9858756147608729
0.9842489384461656	0.9805044518977168	0.9816131914615012	0.9804789290529183	0.9846725348066332	0.9829703875715028	0.985090733932076	0.978211393032478	0.9826559686245138	0.9825801710900928	0.982380633120047	0.9844240231964616	0.9815104643304516	0.982471154114522	0.9780838802542877	0.9847714149642035	0.9812300799069001	0.9813398064637987	0.9814201189437717	0.9811063819094877	0.9824433038112343	0.9828629803144279	0.9858876378525508	1.0	0.980262008871967	0.9842740078277282	0.9815583381156647
0.9826741756666557	0.975098209390642	0.9749287983176589	0.9781179809254473	0.9822119645857104	0.980491771611519	0.982765840247329	0.9711864727808416	0.9799974291897562	0.9759224267141063	0.9753247002692084	0.9813950065540635	0.9791224357537324	0.9797306890596048	0.9708128392948968	0.9831902496058655	0.9745298014872978	0.9790883092844246	0.9747729757012735	0.9756546199421957	0.9755473032423929	0.9774429926320596	0.9831902496058655	0.980262008871967	1.0	0.9821498405365696	0.9790883092844246
0.9856676092506513	0.9829264132462647	0.984219806990301	0.9820916705755037	0.9843210362895792	0.9829601429840195	0.9851132201957186	0.9811126932111502	0.9834284209375967	0.9857294705778176	0.9842539392020625	0.983498531428322	0.9842601231881509	0.9819917679009602	0.9804730019849149	0.9834768662228061	0.9845298948412756	0.9842837303658708	0.9839661924205737	0.983347819635591	0.9853804086473861	0.9844180070649869	0.984616783533735	0.9842740078277282	0.9821498405365696	1.0	0.9848610795059374
0.9848119776101201	0.9811381662779065	0.98084876634743	0.9815873325298581	0.9851298350605079	0.9834832604230831	0.9852997230960493	0.9786017032484	0.9833550857069508	0.9827998002145613	0.9825408978493727	0.9845158136814122	0.9815377709887285	0.9823642192087169	0.979094960097165	0.9856847703113812	0.9824978946270002	0.9815702667749786	0.9814956796770609	0.9812790576131348	0.9830100381806847	0.9825721473906197	0.9858756147608729	0.9815583381156647	0.9790883092844246	0.9848610795059374	1.0
