/home/jshaw/scratch/2022_sketched_distance/references/SGB_genome_fastas_part5/15238/BritoIL_2016__M1.35.ST__bin.76.fa	/home/jshaw/scratch/2022_sketched_distance/references/SGB_genome_fastas_part5/15238/BritoIL_2016__W2.9.ST__bin.19.fa	/home/jshaw/scratch/2022_sketched_distance/references/SGB_genome_fastas_part5/15238/BritoIL_2016__W3.18.ST__bin.24.fa	/home/jshaw/scratch/2022_sketched_distance/references/SGB_genome_fastas_part5/15238/BritoIL_2016__WL.15.ST__bin.69.fa	/home/jshaw/scratch/2022_sketched_distance/references/SGB_genome_fastas_part5/15238/CosteaPI_2017__SID713A014-11-90-0__bin.30.fa	/home/jshaw/scratch/2022_sketched_distance/references/SGB_genome_fastas_part5/15238/CosteaPI_2017__SID713A055-11-0-0__bin.73.fa	/home/jshaw/scratch/2022_sketched_distance/references/SGB_genome_fastas_part5/15238/CosteaPI_2017__SID713A062-11-0-0__bin.42.fa	/home/jshaw/scratch/2022_sketched_distance/references/SGB_genome_fastas_part5/15238/CosteaPI_2017__SID713B007-11-0-0__bin.28.fa	/home/jshaw/scratch/2022_sketched_distance/references/SGB_genome_fastas_part5/15238/CosteaPI_2017__SID713B032-11-90-0__bin.64.fa	/home/jshaw/scratch/2022_sketched_distance/references/SGB_genome_fastas_part5/15238/CosteaPI_2017__SID713B033-11-90-0__bin.34.fa	/home/jshaw/scratch/2022_sketched_distance/references/SGB_genome_fastas_part5/15238/CosteaPI_2017__SID713B055-11-90-0__bin.21.fa	/home/jshaw/scratch/2022_sketched_distance/references/SGB_genome_fastas_part5/15238/CosteaPI_2017__SID713B065-11-0-0__bin.29.fa	/home/jshaw/scratch/2022_sketched_distance/references/SGB_genome_fastas_part5/15238/CosteaPI_2017__SID713B072-11-90-0__bin.31.fa	/home/jshaw/scratch/2022_sketched_distance/references/SGB_genome_fastas_part5/15238/FerrettiP_2018__CA_C10002MS2016FE_t0M15__bin.75.fa	/home/jshaw/scratch/2022_sketched_distance/references/SGB_genome_fastas_part5/15238/LeChatelierE_2013__MH0040__bin.22.fa	/home/jshaw/scratch/2022_sketched_distance/references/SGB_genome_fastas_part5/15238/LiJ_2014__MH0309__bin.74.fa	/home/jshaw/scratch/2022_sketched_distance/references/SGB_genome_fastas_part5/15238/LiJ_2014__MH0360__bin.37.fa	/home/jshaw/scratch/2022_sketched_distance/references/SGB_genome_fastas_part5/15238/LiJ_2014__MH0367__bin.74.fa	/home/jshaw/scratch/2022_sketched_distance/references/SGB_genome_fastas_part5/15238/LiJ_2014__MH0372__bin.22.fa	/home/jshaw/scratch/2022_sketched_distance/references/SGB_genome_fastas_part5/15238/LiJ_2017__H1M513730__bin.22.fa	/home/jshaw/scratch/2022_sketched_distance/references/SGB_genome_fastas_part5/15238/LiJ_2017__H2F514910__bin.5.fa	/home/jshaw/scratch/2022_sketched_distance/references/SGB_genome_fastas_part5/15238/LiJ_2017__H2M514911__bin.38.fa	/home/jshaw/scratch/2022_sketched_distance/references/SGB_genome_fastas_part5/15238/LiJ_2017__H2M614904__bin.70.fa	/home/jshaw/scratch/2022_sketched_distance/references/SGB_genome_fastas_part5/15238/LiJ_2017__nHM511717__bin.27.fa	/home/jshaw/scratch/2022_sketched_distance/references/SGB_genome_fastas_part5/15238/LiJ_2017__nHM512811__bin.32.fa	/home/jshaw/scratch/2022_sketched_distance/references/SGB_genome_fastas_part5/15238/LiuW_2016__SRR3992966__bin.54.fa	/home/jshaw/scratch/2022_sketched_distance/references/SGB_genome_fastas_part5/15238/LiuW_2016__SRR3993011__bin.14.fa	/home/jshaw/scratch/2022_sketched_distance/references/SGB_genome_fastas_part5/15238/LiuW_2016__SRR3993012__bin.63.fa	/home/jshaw/scratch/2022_sketched_distance/references/SGB_genome_fastas_part5/15238/NielsenHB_2014__MH0040__bin.23.fa	/home/jshaw/scratch/2022_sketched_distance/references/SGB_genome_fastas_part5/15238/QinJ_2012__T2D-024__bin.69.fa	/home/jshaw/scratch/2022_sketched_distance/references/SGB_genome_fastas_part5/15238/QinJ_2012__T2D-085__bin.44.fa	/home/jshaw/scratch/2022_sketched_distance/references/SGB_genome_fastas_part5/15238/QinJ_2012__T2D-099__bin.60.fa	/home/jshaw/scratch/2022_sketched_distance/references/SGB_genome_fastas_part5/15238/QinJ_2012__T2D-104__bin.69.fa	/home/jshaw/scratch/2022_sketched_distance/references/SGB_genome_fastas_part5/15238/QinN_2014__HD-60__bin.3.fa	/home/jshaw/scratch/2022_sketched_distance/references/SGB_genome_fastas_part5/15238/WenC_2017__N237__bin.59.fa	/home/jshaw/scratch/2022_sketched_distance/references/SGB_genome_fastas_part5/15238/XieH_2016__YSZC12003_37652__bin.106.fa	/home/jshaw/scratch/2022_sketched_distance/references/SGB_genome_fastas_part5/15238/XieH_2016__YSZC12003_37753__bin.69.fa	/home/jshaw/scratch/2022_sketched_distance/references/SGB_genome_fastas_part5/15238/YuJ_2015__SZAXPI017462-33__bin.25.fa	/home/jshaw/scratch/2022_sketched_distance/references/SGB_genome_fastas_part5/15238/ZeeviD_2015__PNP_Main_317__bin.30.fa	/home/jshaw/scratch/2022_sketched_distance/references/SGB_genome_fastas_part5/15238/ZeeviD_2015__PNP_Main_499__bin.29.fa	/home/jshaw/scratch/2022_sketched_distance/references/SGB_genome_fastas_part5/15238/ZeeviD_2015__PNP_Main_589__bin.39.fa	/home/jshaw/scratch/2022_sketched_distance/references/SGB_genome_fastas_part5/15238/ZeeviD_2015__PNP_Main_635__bin.40.fa	/home/jshaw/scratch/2022_sketched_distance/references/SGB_genome_fastas_part5/15238/ZeeviD_2015__PNP_Main_698__bin.21.fa	/home/jshaw/scratch/2022_sketched_distance/references/SGB_genome_fastas_part5/15238/ZeeviD_2015__PNP_Main_714__bin.43.fa
1.0	0.9798102821009469	0.9803187046365099	0.9944450795679346	0.9785608911806579	0.983126956321544	0.9822366763487237	0.9814026650332249	0.9830455732593323	0.9828035763968697	0.9802730426905641	0.9813339721338038	0.9785387689998803	0.9809171618073484	0.9802334378172541	0.9740244444228401	0.9708691300498578	0.980235312125447	0.9818538017364077	0.9864676163859841	0.9829854043258514	0.9847244493686856	0.9827824471835703	0.9834059715039967	0.9827850845593701	0.9811757198027905	0.9828096285698634	0.976974557917726	0.9820700077849992	0.9785766982706676	0.9832407585992808	0.98197255105597	0.9794905184659956	0.9801130223154798	0.9793026109167876	0.976950562218624	0.9816694470929167	0.9843812978320563	0.9809662841743605	0.9801996441202963	0.982669978189014	0.9784664666306689	0.9806899057552575	0.9820658009556323
0.9798102821009469	1.0	0.9809094981555578	0.9792917637402744	0.9772535641079295	0.979962250172091	0.9787922564676265	0.9801611304785032	0.981132846365374	0.9810944733413596	0.9781007184203192	0.9797598849931954	0.9769319129579129	0.9787922564676265	0.9778755040769137	0.9726418977366107	0.9684985690818322	0.9784716660737452	0.9803539057799426	0.9815887586291037	0.979969320891965	0.9816983816868837	0.9814291837569248	0.9809441836290549	0.9798997952619739	0.9795545737290481	0.9795963405418033	0.9759390877198801	0.9799614599099072	0.9725941404183116	0.9774008249970128	0.9765831368014964	0.973919291156151	0.976801429507548	0.9759266602687594	0.975421095981619	0.980456029582965	0.981317753983449	0.9773032412698165	0.9774752216631647	0.9802457176743171	0.9766812574314082	0.9813978544981053	0.9794253807131218
0.9803187046365099	0.9809094981555578	1.0	0.9796674659712958	0.976810146193257	0.9823790468724677	0.9809639273805073	0.9814437551930448	0.9813523769097909	0.981647446174417	0.9780175625787605	0.9795590116636266	0.9771913440952045	0.9807172737512568	0.9777219109933064	0.9716577754014498	0.9697556890300341	0.9810138609569085	0.9805296872439896	0.9824009344345043	0.9814459998272635	0.9829478318590763	0.978033517382082	0.9820823766155456	0.9822741692113982	0.9808175786972866	0.9801804453309743	0.9751541962571117	0.9795984953778217	0.9730200422944537	0.9782921832242915	0.9760105217106854	0.9752393271423724	0.9802067692227663	0.9764627195172483	0.9759174310196073	0.9806084816434221	0.9817126131854029	0.9788958519848143	0.9776646225339474	0.9818090593636806	0.97767874364638	0.9762405742928728	0.9806272754086941
0.9944450795679346	0.9792917637402744	0.9796674659712958	1.0	0.9769116013260982	0.9824661614724118	0.9809987435035146	0.9806898903964797	0.9816550554517529	0.9823526384992798	0.9794451926036057	0.9804188652164127	0.9776342884608149	0.9807391773716972	0.9791323871576683	0.9728692688896582	0.9708689450068883	0.980011987362284	0.9811174058689823	0.9854526928949334	0.9818409317807768	0.9840608949407661	0.9813943821646168	0.9825227151794208	0.9821257535219645	0.9805868253172071	0.9823172328427412	0.9767045638807453	0.9809120224952587	0.9766497970667598	0.9816203950627067	0.9802103318892994	0.9783227078451716	0.9787784885907029	0.9783434535689578	0.9757220588415936	0.9806642431160534	0.9829792607766216	0.97962596874961	0.9791027002842474	0.9823279150086411	0.9780627701406762	0.9796022577370942	0.9806277818089186
0.9785608911806579	0.9772535641079295	0.976810146193257	0.9769116013260982	1.0	0.9789694399511567	0.9801833513344609	0.9794909943361707	0.9797654083695307	0.9804446248562362	0.9779041102891861	0.9775267087890652	0.9766088231945969	0.9787469383399756	0.9755422223292651	0.9763014228342113	0.9664497825671967	0.9789709507931904	0.9781678004999822	0.9793218309350397	0.9801046257176966	0.9791672546369912	0.9769015833970258	0.9786852443248429	0.9780178269950174	0.9783383616961686	0.9792647967367134	0.974022637200899	0.9783072503934818	0.9708422884784221	0.9746185369745723	0.9743945154786249	0.9721403531088164	0.9764269137734782	0.9739569696303545	0.9763220835906677	0.9773577385048037	0.9782656729553237	0.9779090268343574	0.9768018564897971	0.9796351577953677	0.9760050900422622	0.9738632491455643	0.9789351858919401
0.983126956321544	0.979962250172091	0.9823790468724677	0.9824661614724118	0.9789694399511567	1.0	0.9845123335362581	0.9837102759090908	0.9840687296234004	0.9844005733403107	0.9820432480332422	0.9825112074816286	0.9792547016960904	0.9849584877505219	0.9820912983369112	0.9753476385286235	0.9732745781764578	0.983514000164307	0.9842379040718433	0.9850872600480705	0.9856197577744922	0.9846658919290363	0.9805538124715699	0.9842659407640703	0.9839980048640288	0.9838872228270434	0.9837700634444455	0.9782857450769629	0.9834398084398235	0.976329484893358	0.9810238390841509	0.9803308339492469	0.9776476255733458	0.9806763521798161	0.9790927667103789	0.978527711858179	0.9835132093623413	0.9836519630733292	0.9833524234066128	0.9821756855107375	0.985084158697153	0.9830566092045889	0.9789977343450373	0.9833944312310461
0.9822366763487237	0.9787922564676265	0.9809639273805073	0.9809987435035146	0.9801833513344609	0.9845123335362581	1.0	0.9836092063303536	0.9837792404756701	0.987289866621502	0.9884251133240014	0.9823035279800687	0.9793273927659157	0.9871681026355564	0.9806452097825389	0.9764084093824936	0.9716142218249753	0.9839908465904007	0.9825090740652047	0.983762494294315	0.9879608379830164	0.9830050387399235	0.9803621931320688	0.9825997507177074	0.9825186227583378	0.9826991037118817	0.9834910592998167	0.9782514894202595	0.9821737521077848	0.9751875069122268	0.9794562942267651	0.9787598699963622	0.9755552430521125	0.9793209736619304	0.978471989650451	0.9769366632401137	0.9819522456107098	0.9822047886380018	0.983332989155181	0.9822234273403159	0.9838414838194677	0.9816174296176973	0.9787756612784928	0.9835521526844411
0.9814026650332249	0.9801611304785032	0.9814437551930448	0.9806898903964797	0.9794909943361707	0.9837102759090908	0.9836092063303536	1.0	0.984854405643904	0.9831795726074093	0.9802921545535875	0.9828197480813113	0.9808055375731839	0.9845014701757059	0.9805524963078557	0.9740561532695707	0.9714299928923589	0.9835449302319516	0.98303152499666	0.9832589502492152	0.9843009289361014	0.9833550086099656	0.9793588959907208	0.9818834545458048	0.9824648558445916	0.9819248212997537	0.9830372144729871	0.9776544390962679	0.9825206466700723	0.974240791108735	0.9793477304479908	0.9782846451970938	0.9760098639824745	0.978194925110247	0.9772517162458491	0.9775297866776522	0.9833696605112101	0.9832114028461856	0.9815131467783444	0.9806414434012584	0.9842638442999715	0.9792963790477566	0.9779005971216714	0.9825349069220087
0.9830455732593323	0.981132846365374	0.9813523769097909	0.9816550554517529	0.9797654083695307	0.9840687296234004	0.9837792404756701	0.984854405643904	1.0	0.9840522392190035	0.9810496904852973	0.9943432262682392	0.9807648207550123	0.9847786369672423	0.9833154177157021	0.9748915774705107	0.9722818675016116	0.9840711086601287	0.9855932956308436	0.9849936198120874	0.9850416141719617	0.9849157994526512	0.9815810088969017	0.9836183109643027	0.9826938540204906	0.9841710583997302	0.9849026097613096	0.982140050881691	0.9852245360251507	0.9763168888371423	0.9812568118775388	0.9804724035845573	0.9779615087678211	0.980479111364071	0.9792843771288896	0.9786216691231818	0.9855821902136002	0.9850645978514467	0.9829892407679697	0.9812253195482064	0.9860282321513791	0.9809968971783016	0.9799840792011183	0.9848486097529349
0.9828035763968697	0.9810944733413596	0.981647446174417	0.9823526384992798	0.9804446248562362	0.9844005733403107	0.987289866621502	0.9831795726074093	0.9840522392190035	1.0	0.9871390853871996	0.9821877281285323	0.9795868629097233	0.9840194869443708	0.9813560207000006	0.9757221213822026	0.9721338781007935	0.9824815400839383	0.9835426890046027	0.9847364909406104	0.985548892593843	0.9836742721281048	0.9805967653926949	0.9836845800366948	0.9833785461542006	0.9840128113119386	0.984745319121626	0.9790865329421006	0.9831255771682996	0.9743946751283823	0.9788461568893573	0.9789092242994798	0.9752026967434253	0.9797782874266485	0.9781372110275851	0.979757935804127	0.9832096720650062	0.9831747948711094	0.9819032473333892	0.9814107028737729	0.9871986514213834	0.9815677511616546	0.9786782750606808	0.9831475826947617
0.9802730426905641	0.9781007184203192	0.9780175625787605	0.9794451926036057	0.9779041102891861	0.9820432480332422	0.9884251133240014	0.9802921545535875	0.9810496904852973	0.9871390853871996	1.0	0.979412469966012	0.9765756182905858	0.9833177244496805	0.9784154418503636	0.9751081286129547	0.9697096256574786	0.9807959042515678	0.9807713677645302	0.9820038905269696	0.9847616087672472	0.9807234436671516	0.9781600854067888	0.9806446375988651	0.9809917042403955	0.9808601410691096	0.9812018239285617	0.9755098367085717	0.9807991636159895	0.9730379552823665	0.9769638403065175	0.9769736437817866	0.9740850997911024	0.9771395056582474	0.9755805936066587	0.9777377641901849	0.9801628082016883	0.9799001333394304	0.9808471350139574	0.9791580794659894	0.9813182400601047	0.9790507006002641	0.9762493881258634	0.9800450923090945
0.9813339721338038	0.9797598849931954	0.9795590116636266	0.9804188652164127	0.9775267087890652	0.9825112074816286	0.9823035279800687	0.9828197480813113	0.9943432262682392	0.9821877281285323	0.979412469966012	1.0	0.9794975037145418	0.9835621059088115	0.9831386850424808	0.9728068127946817	0.9717377034218528	0.9821343151262144	0.9841689783933284	0.983514342362728	0.983783429525747	0.9831890812675391	0.9813181340958753	0.9817290184136512	0.9810150887912331	0.9826122520411442	0.984204216116188	0.981114201431455	0.9836151461258157	0.975720552321756	0.9808368118341854	0.9791531092015364	0.9776385422195911	0.9784544421977993	0.9787695848371938	0.9756784731957794	0.984533748758917	0.9833090181696041	0.9823213615742356	0.9810901882195491	0.9845263674310759	0.9794464329048658	0.9801813501647778	0.9844197477164536
0.9785387689998803	0.9769319129579129	0.9771913440952045	0.9776342884608149	0.9766088231945969	0.9792547016960904	0.9793273927659157	0.9808055375731839	0.9807648207550123	0.9795868629097233	0.9765756182905858	0.9794975037145418	1.0	0.9791485663660926	0.979531849407239	0.9723697846871573	0.9679330058766261	0.9790768849881358	0.9807320256255784	0.9807969435345314	0.9796534507445908	0.9801056245580708	0.9788409071235846	0.9791870528172342	0.9773613724525914	0.978965093635339	0.9802730657623462	0.9746683787091946	0.980108479866698	0.9738769746101013	0.9778338200875999	0.97644633883408	0.9750097055905036	0.9751606155901059	0.9757085267488332	0.973235168864211	0.9796510638104918	0.9789469563914275	0.9783641477036689	0.9775836830607292	0.9802340709403415	0.9757901993211633	0.9767070923871043	0.980740104584306
0.9809171618073484	0.9787922564676265	0.9807172737512568	0.9807391773716972	0.9787469383399756	0.9849584877505219	0.9871681026355564	0.9845014701757059	0.9847786369672423	0.9840194869443708	0.9833177244496805	0.9835621059088115	0.9791485663660926	1.0	0.9809321308083919	0.9750337425146215	0.9721820532939064	0.9843215472243972	0.9828162582362181	0.9830990944372464	0.991436724676797	0.9835896344981301	0.9795642307175609	0.9826961715412591	0.9823111535870618	0.9829915394905626	0.9827545701738694	0.9784570915526717	0.9823717916170703	0.9750810569136943	0.9801956797180472	0.9778450771911961	0.9767243889796793	0.9790571385391555	0.9785441927557916	0.9773041503282791	0.9830160323392819	0.983101861285124	0.9831167856477562	0.981595331302654	0.9844729367939813	0.9804740771231847	0.9783692155037766	0.9828763475543434
0.9802334378172541	0.9778755040769137	0.9777219109933064	0.9791323871576683	0.9755422223292651	0.9820912983369112	0.9806452097825389	0.9805524963078557	0.9833154177157021	0.9813560207000006	0.9784154418503636	0.9831386850424808	0.979531849407239	0.9809321308083919	1.0	0.9708537339370745	0.971430170040641	0.9807371342182403	0.9939699648008153	0.9823668591221814	0.9810766771127358	0.9815945228053927	0.9805974685082022	0.980726561811139	0.9795184977401806	0.9816589740410661	0.9830213192814151	0.976627031736576	0.9933933362790788	0.9771099231576477	0.980525670377166	0.9784188571260733	0.9773262962491769	0.9765173199805612	0.978071197664968	0.9746228852284733	0.9828996025269603	0.9817525330496547	0.9814724773443421	0.9804158742571896	0.9823626656307689	0.9780221695928933	0.9809183606223536	0.9831862584462139
0.9740244444228401	0.9726418977366107	0.9716577754014498	0.9728692688896582	0.9763014228342113	0.9753476385286235	0.9764084093824936	0.9740561532695707	0.9748915774705107	0.9757221213822026	0.9751081286129547	0.9728068127946817	0.9723697846871573	0.9750337425146215	0.9708537339370745	1.0	0.9618446920776812	0.9743222042638925	0.9734112188399084	0.9736745382425541	0.9761790500880774	0.9740477321977221	0.973020826744495	0.9736148343793891	0.9724350292208829	0.9731259493673596	0.9748850021733556	0.969242197452629	0.9743797173559169	0.9664737682677509	0.9694264286514747	0.9709183826805425	0.9689604167940448	0.9727884762491933	0.9680261277685323	0.9721237481717955	0.972090772655546	0.9732225611520795	0.974519696424261	0.9731309198490198	0.9739448413468442	0.9702229714358618	0.9700043239655884	0.973684251072343
0.9708691300498578	0.9684985690818322	0.9697556890300341	0.9708689450068883	0.9664497825671967	0.9732745781764578	0.9716142218249753	0.9714299928923589	0.9722818675016116	0.9721338781007935	0.9697096256574786	0.9717377034218528	0.9679330058766261	0.9721820532939064	0.971430170040641	0.9618446920776812	1.0	0.9711731406752663	0.9733372356933744	0.9726256467886353	0.972812879547567	0.9735445442165405	0.9711675358181381	0.9716759492838049	0.9711771448535302	0.9715217268852548	0.9718678725309423	0.9670150834322311	0.9722100717284821	0.9676882997921209	0.9713616750922014	0.9686834301610567	0.9680368006839393	0.968094516683302	0.9697821177324599	0.9660796144380978	0.9721529701913627	0.97219461911064	0.9725065692498474	0.9728269808794208	0.9732185493128908	0.9702994241973955	0.9706978954082528	0.9725777186148455
0.980235312125447	0.9784716660737452	0.9810138609569085	0.980011987362284	0.9789709507931904	0.983514000164307	0.9839908465904007	0.9835449302319516	0.9840711086601287	0.9824815400839383	0.9807959042515678	0.9821343151262144	0.9790768849881358	0.9843215472243972	0.9807371342182403	0.9743222042638925	0.9711731406752663	1.0	0.9846996697616008	0.9817734875153334	0.9843544346829715	0.9827242231526915	0.9783162062713793	0.981787190736506	0.9814379642630268	0.9824389048998214	0.9820086293035469	0.9770898627781717	0.9829784561629592	0.9740348699049128	0.9784288052203926	0.9771686409370522	0.9760234016789707	0.9779376090697007	0.9767395989999291	0.9771678993817258	0.982191698102213	0.9818306187780613	0.981566612434559	0.980207708268718	0.9844680727597195	0.9791041445657588	0.9770886601756901	0.9821558055081248
0.9818538017364077	0.9803539057799426	0.9805296872439896	0.9811174058689823	0.9781678004999822	0.9842379040718433	0.9825090740652047	0.98303152499666	0.9855932956308436	0.9835426890046027	0.9807713677645302	0.9841689783933284	0.9807320256255784	0.9828162582362181	0.9939699648008153	0.9734112188399084	0.9733372356933744	0.9846996697616008	1.0	0.9848766107356882	0.9831842304478424	0.9839962070103528	0.9813386200726085	0.9828355248004502	0.9820831629624418	0.9840584150070707	0.9845001941784531	0.9782966758016286	0.9950275214340081	0.9772997768956015	0.9813349713272121	0.9804667112427	0.9787799967953155	0.9792138243970298	0.9792662687513464	0.9785396938634163	0.9846434643205397	0.9841083201536125	0.9828735717386983	0.9815270189872891	0.9845673288403161	0.9798259767827561	0.9801368041644213	0.9843874505601524
0.9864676163859841	0.9815887586291037	0.9824009344345043	0.9854526928949334	0.9793218309350397	0.9850872600480705	0.983762494294315	0.9832589502492152	0.9849936198120874	0.9847364909406104	0.9820038905269696	0.983514342362728	0.9807969435345314	0.9830990944372464	0.9823668591221814	0.9736745382425541	0.9726256467886353	0.9817734875153334	0.9848766107356882	1.0	0.9852283234267327	0.9867719922612151	0.9832086590681618	0.9850584914172589	0.9852988180909662	0.9839144650968554	0.9847677846089794	0.9788590855587813	0.9842473135717784	0.9781733085620535	0.9832113672141769	0.9887709206062933	0.9797940358166791	0.9821821474521525	0.9814206006289097	0.9784171370862421	0.9839457148793895	0.9862947648944389	0.9823881926017864	0.981672064972096	0.9850170726452671	0.9810897346016767	0.9810601762812907	0.9837355117783895
0.9829854043258514	0.979969320891965	0.9814459998272635	0.9818409317807768	0.9801046257176966	0.9856197577744922	0.9879608379830164	0.9843009289361014	0.9850416141719617	0.985548892593843	0.9847616087672472	0.983783429525747	0.9796534507445908	0.991436724676797	0.9810766771127358	0.9761790500880774	0.972812879547567	0.9843544346829715	0.9831842304478424	0.9852283234267327	1.0	0.9849684329937972	0.9808563960792045	0.9843482500855698	0.9841644525003717	0.9837602390553065	0.9842410619126297	0.9795356632534342	0.9827766845951421	0.9773144664883434	0.9819318301707708	0.979812313846024	0.9783106136700545	0.9805049452952851	0.9805103849852491	0.9791322717496876	0.9836756849944571	0.983335853839963	0.9832634889985462	0.9826161865614752	0.9844839421031942	0.98230598349131	0.9790114003276056	0.9841549245463803
0.9847244493686856	0.9816983816868837	0.9829478318590763	0.9840608949407661	0.9791672546369912	0.9846658919290363	0.9830050387399235	0.9833550086099656	0.9849157994526512	0.9836742721281048	0.9807234436671516	0.9831890812675391	0.9801056245580708	0.9835896344981301	0.9815945228053927	0.9740477321977221	0.9735445442165405	0.9827242231526915	0.9839962070103528	0.9867719922612151	0.9849684329937972	1.0	0.9827908672481729	0.9862897375857816	0.9929286403282191	0.9833623336873463	0.9837820117801762	0.9785695988818666	0.9833776368076066	0.9784284559734964	0.9834859068537599	0.9812580626223849	0.9803479849629522	0.9897202166881329	0.9899667928274811	0.9784227866881651	0.9839786108669177	0.9859265973025793	0.9821719916894313	0.9813132374665131	0.983984520538943	0.9806985523701768	0.981240227811902	0.9836111556517395
0.9827824471835703	0.9814291837569248	0.978033517382082	0.9813943821646168	0.9769015833970258	0.9805538124715699	0.9803621931320688	0.9793588959907208	0.9815810088969017	0.9805967653926949	0.9781600854067888	0.9813181340958753	0.9788409071235846	0.9795642307175609	0.9805974685082022	0.973020826744495	0.9711675358181381	0.9783162062713793	0.9813386200726085	0.9832086590681618	0.9808563960792045	0.9827908672481729	1.0	0.9817046749637789	0.9806738914296168	0.9805491953650829	0.9810231422100097	0.9763652238803996	0.981333378366648	0.9779742519229496	0.9812488337829244	0.980813494445715	0.978527087709982	0.9780217791410336	0.9792540130510126	0.974287942772401	0.9802114864179714	0.9831447749683521	0.9794316568924841	0.9800182732844621	0.9806130095349339	0.9772394250097939	0.987515470632613	0.9815945228053927
0.9834059715039967	0.9809441836290549	0.9820823766155456	0.9825227151794208	0.9786852443248429	0.9842659407640703	0.9825997507177074	0.9818834545458048	0.9836183109643027	0.9836845800366948	0.9806446375988651	0.9817290184136512	0.9791870528172342	0.9826961715412591	0.980726561811139	0.9736148343793891	0.9716759492838049	0.981787190736506	0.9828355248004502	0.9850584914172589	0.9843482500855698	0.9862897375857816	0.9817046749637789	1.0	0.9850636415896146	0.983912666745607	0.9829637867896518	0.9777735764196698	0.9825025654770134	0.9770890843421116	0.9818061987855308	0.9790783765100619	0.978226289383041	0.9813180952983045	0.9800406354247654	0.9780246616254493	0.9821170951318161	0.9842065124670726	0.9803119360813473	0.9801855201734369	0.9829560537510631	0.979984225255263	0.9800231957211101	0.982613043290592
0.9827850845593701	0.9798997952619739	0.9822741692113982	0.9821257535219645	0.9780178269950174	0.9839980048640288	0.9825186227583378	0.9824648558445916	0.9826938540204906	0.9833785461542006	0.9809917042403955	0.9810150887912331	0.9773613724525914	0.9823111535870618	0.9795184977401806	0.9724350292208829	0.9711771448535302	0.9814379642630268	0.9820831629624418	0.9852988180909662	0.9841644525003717	0.9929286403282191	0.9806738914296168	0.9850636415896146	1.0	0.9829634383918857	0.9818381320212767	0.9772491056773904	0.9817715733718818	0.975380237286251	0.980486164021578	0.9782902640764668	0.9771115050351645	0.9872470105698492	0.9879957544976518	0.9786652867220014	0.9825381926732099	0.9841605405222272	0.9800509322407025	0.9792375987118023	0.9831663441917821	0.9811664673898378	0.9784373091559643	0.9808106715729458
0.9811757198027905	0.9795545737290481	0.9808175786972866	0.9805868253172071	0.9783383616961686	0.9838872228270434	0.9826991037118817	0.9819248212997537	0.9841710583997302	0.9840128113119386	0.9808601410691096	0.9826122520411442	0.978965093635339	0.9829915394905626	0.9816589740410661	0.9731259493673596	0.9715217268852548	0.9824389048998214	0.9840584150070707	0.9839144650968554	0.9837602390553065	0.9833623336873463	0.9805491953650829	0.983912666745607	0.9829634383918857	1.0	0.9832384950359657	0.9786682724502433	0.9835259995146242	0.9758705879282855	0.9808450949593092	0.9778041032089391	0.9772358183068809	0.978995831729455	0.9784690496224708	0.9783380524706944	0.9829516773357512	0.9835447267643957	0.9814239219875477	0.9805058301533807	0.9837996354659965	0.9808616950735769	0.978122965217428	0.9829752144405968
0.9828096285698634	0.9795963405418033	0.9801804453309743	0.9823172328427412	0.9792647967367134	0.9837700634444455	0.9834910592998167	0.9830372144729871	0.9849026097613096	0.984745319121626	0.9812018239285617	0.984204216116188	0.9802730657623462	0.9827545701738694	0.9830213192814151	0.9748850021733556	0.9718678725309423	0.9820086293035469	0.9845001941784531	0.9847677846089794	0.9842410619126297	0.9837820117801762	0.9810231422100097	0.9829637867896518	0.9818381320212767	0.9832384950359657	1.0	0.9794291358840389	0.9838517134106582	0.9757644247199552	0.9800726715646931	0.9798023698889945	0.9769619728505367	0.9785937737463445	0.9788412077798089	0.9767365372145775	0.9844921117999624	0.9830342897926048	0.982080945995261	0.981659017975493	0.9845998579011472	0.9803061878624171	0.9796732740511537	0.9840252724266453
0.976974557917726	0.9759390877198801	0.9751541962571117	0.9767045638807453	0.974022637200899	0.9782857450769629	0.9782514894202595	0.9776544390962679	0.982140050881691	0.9790865329421006	0.9755098367085717	0.981114201431455	0.9746683787091946	0.9784570915526717	0.976627031736576	0.969242197452629	0.9670150834322311	0.9770898627781717	0.9782966758016286	0.9788590855587813	0.9795356632534342	0.9785695988818666	0.9763652238803996	0.9777735764196698	0.9772491056773904	0.9786682724502433	0.9794291358840389	1.0	0.9780457095207159	0.9702913391063781	0.9746193923946916	0.9722291966909888	0.9701571233191791	0.9736811855384646	0.9733135739658125	0.9721744217595888	0.9775771302097879	0.97849395033828	0.9759733883589707	0.97613360158658	0.9789274157355883	0.9751451182227537	0.9740821425204665	0.9785818225034684
0.9820700077849992	0.9799614599099072	0.9795984953778217	0.9809120224952587	0.9783072503934818	0.9834398084398235	0.9821737521077848	0.9825206466700723	0.9852245360251507	0.9831255771682996	0.9807991636159895	0.9836151461258157	0.980108479866698	0.9823717916170703	0.9933933362790788	0.9743797173559169	0.9722100717284821	0.9829784561629592	0.9950275214340081	0.9842473135717784	0.9827766845951421	0.9833776368076066	0.981333378366648	0.9825025654770134	0.9817715733718818	0.9835259995146242	0.9838517134106582	0.9780457095207159	1.0	0.977728015875081	0.9809810184637883	0.9805962024063106	0.9794838635308981	0.9795208689597391	0.9787947315023958	0.9780963184874113	0.9842250817176159	0.9840293007402077	0.9823171694350367	0.9814819669026937	0.9840133305978077	0.9797041871044698	0.9803194960171605	0.9845288318403895
0.9785766982706676	0.9725941404183116	0.9730200422944537	0.9766497970667598	0.9708422884784221	0.976329484893358	0.9751875069122268	0.974240791108735	0.9763168888371423	0.9743946751283823	0.9730379552823665	0.975720552321756	0.9738769746101013	0.9750810569136943	0.9771099231576477	0.9664737682677509	0.9676882997921209	0.9740348699049128	0.9772997768956015	0.9781733085620535	0.9773144664883434	0.9784284559734964	0.9779742519229496	0.9770890843421116	0.975380237286251	0.9758705879282855	0.9757644247199552	0.9702913391063781	0.977728015875081	1.0	0.9874562531651758	0.9782654616198568	0.9881278007928631	0.9752047225544581	0.9751455906869598	0.9699960161672754	0.975194475075707	0.9777739965701199	0.9753939167933624	0.9755919274512026	0.9745578255085229	0.9719424787572779	0.9770929384335441	0.9777251834756834
0.9832407585992808	0.9774008249970128	0.9782921832242915	0.9816203950627067	0.9746185369745723	0.9810238390841509	0.9794562942267651	0.9793477304479908	0.9812568118775388	0.9788461568893573	0.9769638403065175	0.9808368118341854	0.9778338200875999	0.9801956797180472	0.980525670377166	0.9694264286514747	0.9713616750922014	0.9784288052203926	0.9813349713272121	0.9832113672141769	0.9819318301707708	0.9834859068537599	0.9812488337829244	0.9818061987855308	0.980486164021578	0.9808450949593092	0.9800726715646931	0.9746193923946916	0.9809810184637883	0.9874562531651758	1.0	0.9788191137799294	0.9918482566957758	0.9785282347921984	0.979418609338841	0.9734780683315791	0.9797087337123721	0.9828655675302318	0.9797302188275736	0.9790766414776022	0.9798103739346844	0.9769539616384094	0.9798410521395865	0.9816508405373823
0.98197255105597	0.9765831368014964	0.9760105217106854	0.9802103318892994	0.9743945154786249	0.9803308339492469	0.9787598699963622	0.9782846451970938	0.9804724035845573	0.9789092242994798	0.9769736437817866	0.9791531092015364	0.97644633883408	0.9778450771911961	0.9784188571260733	0.9709183826805425	0.9686834301610567	0.9771686409370522	0.9804667112427	0.9887709206062933	0.979812313846024	0.9812580626223849	0.980813494445715	0.9790783765100619	0.9782902640764668	0.9778041032089391	0.9798023698889945	0.9722291966909888	0.9805962024063106	0.9782654616198568	0.9788191137799294	1.0	0.9812223900049581	0.9793011549455655	0.9771590332174888	0.973732332644547	0.9795289698642946	0.9809245624190404	0.9778407371827124	0.9775660630178735	0.9790024544356143	0.9740293799563143	0.9776048882946694	0.980352341219968
0.9794905184659956	0.973919291156151	0.9752393271423724	0.9783227078451716	0.9721403531088164	0.9776476255733458	0.9755552430521125	0.9760098639824745	0.9779615087678211	0.9752026967434253	0.9740850997911024	0.9776385422195911	0.9750097055905036	0.9767243889796793	0.9773262962491769	0.9689604167940448	0.9680368006839393	0.9760234016789707	0.9787799967953155	0.9797940358166791	0.9783106136700545	0.9803479849629522	0.978527087709982	0.978226289383041	0.9771115050351645	0.9772358183068809	0.9769619728505367	0.9701571233191791	0.9794838635308981	0.9881278007928631	0.9918482566957758	0.9812223900049581	1.0	0.9770579574198299	0.976539364706526	0.9724304593409604	0.9768787601305919	0.9792914403384523	0.9766729899689354	0.9755950795819885	0.9761386655052603	0.9731510187184692	0.9764747021959433	0.9793927598753801
0.9801130223154798	0.976801429507548	0.9802067692227663	0.9787784885907029	0.9764269137734782	0.9806763521798161	0.9793209736619304	0.978194925110247	0.980479111364071	0.9797782874266485	0.9771395056582474	0.9784544421977993	0.9751606155901059	0.9790571385391555	0.9765173199805612	0.9727884762491933	0.968094516683302	0.9779376090697007	0.9792138243970298	0.9821821474521525	0.9805049452952851	0.9897202166881329	0.9780217791410336	0.9813180952983045	0.9872470105698492	0.978995831729455	0.9785937737463445	0.9736811855384646	0.9795208689597391	0.9752047225544581	0.9785282347921984	0.9793011549455655	0.9770579574198299	1.0	0.98396881620928	0.9764968318439603	0.9786875075262673	0.9810438680635176	0.9784217256114778	0.9771455733484345	0.979421875540606	0.9755460657491117	0.9757401905297889	0.9791906304196444
0.9793026109167876	0.9759266602687594	0.9764627195172483	0.9783434535689578	0.9739569696303545	0.9790927667103789	0.978471989650451	0.9772517162458491	0.9792843771288896	0.9781372110275851	0.9755805936066587	0.9787695848371938	0.9757085267488332	0.9785441927557916	0.978071197664968	0.9680261277685323	0.9697821177324599	0.9767395989999291	0.9792662687513464	0.9814206006289097	0.9805103849852491	0.9899667928274811	0.9792540130510126	0.9800406354247654	0.9879957544976518	0.9784690496224708	0.9788412077798089	0.9733135739658125	0.9787947315023958	0.9751455906869598	0.979418609338841	0.9771590332174888	0.976539364706526	0.98396881620928	1.0	0.9727825901455187	0.9785275535875881	0.9804727094349979	0.9777892428122216	0.978341404872931	0.9781574771603154	0.9754638273934064	0.9776104579116185	0.9794775802598042
0.976950562218624	0.975421095981619	0.9759174310196073	0.9757220588415936	0.9763220835906677	0.978527711858179	0.9769366632401137	0.9775297866776522	0.9786216691231818	0.979757935804127	0.9777377641901849	0.9756784731957794	0.973235168864211	0.9773041503282791	0.9746228852284733	0.9721237481717955	0.9660796144380978	0.9771678993817258	0.9785396938634163	0.9784171370862421	0.9791322717496876	0.9784227866881651	0.974287942772401	0.9780246616254493	0.9786652867220014	0.9783380524706944	0.9767365372145775	0.9721744217595888	0.9780963184874113	0.9699960161672754	0.9734780683315791	0.973732332644547	0.9724304593409604	0.9764968318439603	0.9727825901455187	1.0	0.9775379553631574	0.9770798742167345	0.97664356874726	0.9759816526569258	0.9786361399265592	0.9767143036156241	0.9711633024747779	0.9764625612510428
0.9816694470929167	0.980456029582965	0.9806084816434221	0.9806642431160534	0.9773577385048037	0.9835132093623413	0.9819522456107098	0.9833696605112101	0.9855821902136002	0.9832096720650062	0.9801628082016883	0.984533748758917	0.9796510638104918	0.9830160323392819	0.9828996025269603	0.972090772655546	0.9721529701913627	0.982191698102213	0.9846434643205397	0.9839457148793895	0.9836756849944571	0.9839786108669177	0.9802114864179714	0.9821170951318161	0.9825381926732099	0.9829516773357512	0.9844921117999624	0.9775771302097879	0.9842250817176159	0.975194475075707	0.9797087337123721	0.9795289698642946	0.9768787601305919	0.9786875075262673	0.9785275535875881	0.9775379553631574	1.0	0.9842843765605468	0.9815706975660601	0.980410394630221	0.9848937277102823	0.9800286208195527	0.9795435684770153	0.9833263846279058
0.9843812978320563	0.981317753983449	0.9817126131854029	0.9829792607766216	0.9782656729553237	0.9836519630733292	0.9822047886380018	0.9832114028461856	0.9850645978514467	0.9831747948711094	0.9799001333394304	0.9833090181696041	0.9789469563914275	0.983101861285124	0.9817525330496547	0.9732225611520795	0.97219461911064	0.9818306187780613	0.9841083201536125	0.9862947648944389	0.983335853839963	0.9859265973025793	0.9831447749683521	0.9842065124670726	0.9841605405222272	0.9835447267643957	0.9830342897926048	0.97849395033828	0.9840293007402077	0.9777739965701199	0.9828655675302318	0.9809245624190404	0.9792914403384523	0.9810438680635176	0.9804727094349979	0.9770798742167345	0.9842843765605468	1.0	0.9809280752561446	0.9811960487967276	0.9845869466593148	0.9800182732844621	0.9816656605683579	0.9836915137982102
0.9809662841743605	0.9773032412698165	0.9788958519848143	0.97962596874961	0.9779090268343574	0.9833524234066128	0.983332989155181	0.9815131467783444	0.9829892407679697	0.9819032473333892	0.9808471350139574	0.9823213615742356	0.9783641477036689	0.9831167856477562	0.9814724773443421	0.974519696424261	0.9725065692498474	0.981566612434559	0.9828735717386983	0.9823881926017864	0.9832634889985462	0.9821719916894313	0.9794316568924841	0.9803119360813473	0.9800509322407025	0.9814239219875477	0.982080945995261	0.9759733883589707	0.9823171694350367	0.9753939167933624	0.9797302188275736	0.9778407371827124	0.9766729899689354	0.9784217256114778	0.9777892428122216	0.97664356874726	0.9815706975660601	0.9809280752561446	1.0	0.9843179625883771	0.983144000592393	0.9820827117613354	0.9785579306172255	0.9827560851100943
0.9801996441202963	0.9774752216631647	0.9776646225339474	0.9791027002842474	0.9768018564897971	0.9821756855107375	0.9822234273403159	0.9806414434012584	0.9812253195482064	0.9814107028737729	0.9791580794659894	0.9810901882195491	0.9775836830607292	0.981595331302654	0.9804158742571896	0.9731309198490198	0.9728269808794208	0.980207708268718	0.9815270189872891	0.981672064972096	0.9826161865614752	0.9813132374665131	0.9800182732844621	0.9801855201734369	0.9792375987118023	0.9805058301533807	0.981659017975493	0.97613360158658	0.9814819669026937	0.9755919274512026	0.9790766414776022	0.9775660630178735	0.9755950795819885	0.9771455733484345	0.978341404872931	0.9759816526569258	0.980410394630221	0.9811960487967276	0.9843179625883771	1.0	0.9814552757017327	0.9800997885956262	0.9792887531058201	0.9817066508482998
0.982669978189014	0.9802457176743171	0.9818090593636806	0.9823279150086411	0.9796351577953677	0.985084158697153	0.9838414838194677	0.9842638442999715	0.9860282321513791	0.9871986514213834	0.9813182400601047	0.9845263674310759	0.9802340709403415	0.9844729367939813	0.9823626656307689	0.9739448413468442	0.9732185493128908	0.9844680727597195	0.9845673288403161	0.9850170726452671	0.9844839421031942	0.983984520538943	0.9806130095349339	0.9829560537510631	0.9831663441917821	0.9837996354659965	0.9845998579011472	0.9789274157355883	0.9840133305978077	0.9745578255085229	0.9798103739346844	0.9790024544356143	0.9761386655052603	0.979421875540606	0.9781574771603154	0.9786361399265592	0.9848937277102823	0.9845869466593148	0.983144000592393	0.9814552757017327	1.0	0.9819651723968539	0.979176623082919	0.9837665510247761
0.9784664666306689	0.9766812574314082	0.97767874364638	0.9780627701406762	0.9760050900422622	0.9830566092045889	0.9816174296176973	0.9792963790477566	0.9809968971783016	0.9815677511616546	0.9790507006002641	0.9794464329048658	0.9757901993211633	0.9804740771231847	0.9780221695928933	0.9702229714358618	0.9702994241973955	0.9791041445657588	0.9798259767827561	0.9810897346016767	0.98230598349131	0.9806985523701768	0.9772394250097939	0.979984225255263	0.9811664673898378	0.9808616950735769	0.9803061878624171	0.9751451182227537	0.9797041871044698	0.9719424787572779	0.9769539616384094	0.9740293799563143	0.9731510187184692	0.9755460657491117	0.9754638273934064	0.9767143036156241	0.9800286208195527	0.9800182732844621	0.9820827117613354	0.9800997885956262	0.9819651723968539	1.0	0.9756746984962326	0.9794641057058525
