/home/jshaw/scratch/2022_sketched_distance/references/SGB_genome_fastas_part1_redo/1858/BackhedF_2015__SID179_4M__bin.23.fa	/home/jshaw/scratch/2022_sketched_distance/references/SGB_genome_fastas_part1_redo/1858/BackhedF_2015__SID203_B__bin.4.fa	/home/jshaw/scratch/2022_sketched_distance/references/SGB_genome_fastas_part1_redo/1858/BackhedF_2015__SID511_12M__bin.10.fa	/home/jshaw/scratch/2022_sketched_distance/references/SGB_genome_fastas_part1_redo/1858/BackhedF_2015__SID511_4M__bin.19.fa	/home/jshaw/scratch/2022_sketched_distance/references/SGB_genome_fastas_part1_redo/1858/BackhedF_2015__SID582_12M__bin.15.fa	/home/jshaw/scratch/2022_sketched_distance/references/SGB_genome_fastas_part1_redo/1858/Bengtsson-PalmeJ_2015__TRAVELRES52__bin.52.fa	/home/jshaw/scratch/2022_sketched_distance/references/SGB_genome_fastas_part1_redo/1858/Bengtsson-PalmeJ_2015__TRAVELRES54__bin.8.fa	/home/jshaw/scratch/2022_sketched_distance/references/SGB_genome_fastas_part1_redo/1858/CosteaPI_2017__alien-11-881-0__bin.18.fa	/home/jshaw/scratch/2022_sketched_distance/references/SGB_genome_fastas_part1_redo/1858/CosteaPI_2017__alien-11-895-0__bin.9.fa	/home/jshaw/scratch/2022_sketched_distance/references/SGB_genome_fastas_part1_redo/1858/CosteaPI_2017__alien-11-918-0__bin.21.fa	/home/jshaw/scratch/2022_sketched_distance/references/SGB_genome_fastas_part1_redo/1858/CosteaPI_2017__daisy-11-388-0__bin.53.fa	/home/jshaw/scratch/2022_sketched_distance/references/SGB_genome_fastas_part1_redo/1858/CosteaPI_2017__daisy-11-389-0__bin.17.fa	/home/jshaw/scratch/2022_sketched_distance/references/SGB_genome_fastas_part1_redo/1858/CosteaPI_2017__daisy-11-392-0__bin.21.fa	/home/jshaw/scratch/2022_sketched_distance/references/SGB_genome_fastas_part1_redo/1858/GeversD_2014__SKBSTL034__bin.76.fa	/home/jshaw/scratch/2022_sketched_distance/references/SGB_genome_fastas_part1_redo/1858/HeQ_2017__RSZAXPI003102-140__bin.17.fa	/home/jshaw/scratch/2022_sketched_distance/references/SGB_genome_fastas_part1_redo/1858/HeQ_2017__SZAXPI029486-84__bin.10.fa	/home/jshaw/scratch/2022_sketched_distance/references/SGB_genome_fastas_part1_redo/1858/HMP_2012__SRS016095__bin.41.fa	/home/jshaw/scratch/2022_sketched_distance/references/SGB_genome_fastas_part1_redo/1858/LeChatelierE_2013__MH0239__bin.61.fa	/home/jshaw/scratch/2022_sketched_distance/references/SGB_genome_fastas_part1_redo/1858/LeChatelierE_2013__MH0274__bin.42.fa	/home/jshaw/scratch/2022_sketched_distance/references/SGB_genome_fastas_part1_redo/1858/LeChatelierE_2013__MH0302__bin.44.fa	/home/jshaw/scratch/2022_sketched_distance/references/SGB_genome_fastas_part1_redo/1858/QinN_2014__LD-24__bin.22.fa	/home/jshaw/scratch/2022_sketched_distance/references/SGB_genome_fastas_part1_redo/1858/VogtmannE_2016__MMRS68910755ST-27-0-0__bin.37.fa	/home/jshaw/scratch/2022_sketched_distance/references/SGB_genome_fastas_part1_redo/1858/WenC_2017__RA050__bin.36.fa	/home/jshaw/scratch/2022_sketched_distance/references/SGB_genome_fastas_part1_redo/1858/XieH_2016__YSZC12003_36057__bin.83.fa	/home/jshaw/scratch/2022_sketched_distance/references/SGB_genome_fastas_part1_redo/1858/XieH_2016__YSZC12003_37322__bin.23.fa	/home/jshaw/scratch/2022_sketched_distance/references/SGB_genome_fastas_part1_redo/1858/YuJ_2015__SZAXPI015232-18__bin.18.fa	/home/jshaw/scratch/2022_sketched_distance/references/SGB_genome_fastas_part1_redo/1858/YuJ_2015__SZAXPI017464-37__bin.10.fa	/home/jshaw/scratch/2022_sketched_distance/references/SGB_genome_fastas_part1_redo/1858/ZellerG_2014__CCIS33816588ST-4-0__bin.69.fa
1.0	0.9874462721044225	0.9858119100597517	0.988525689423027	0.9890826469636285	0.9856878866606492	0.9817473203013241	0.9617618699442285	0.9656117146971924	0.9653628976316867	0.988644257010104	0.9861811272250703	0.9855829549830228	0.975845877325904	0.9910356442747627	0.9885344813658955	0.962535662979987	0.9877157923577392	0.9864856789000983	0.9878584722954863	0.9887925329984458	0.9880048780153138	0.9671147496720075	0.9909509175921168	0.9862884056028212	0.9834275254536253	0.980287378816384	0.9868456328645225
0.9874462721044225	1.0	0.9818058096159813	0.9844538062638715	0.9857498289991876	0.9806400264851135	0.9843424404714288	0.9603997072866763	0.9647251007026112	0.96441624074945	0.9857301736895018	0.9835600419419657	0.9827814679399206	0.9767619917562737	0.9871755634238192	0.9838506328545783	0.9608160050571309	0.9831959416883462	0.9869450769134195	0.9835712918317169	0.9844873977947888	0.9847485231813247	0.9641617017517344	0.9859762635695134	0.9936777614164852	0.9824274344136978	0.9773253039317308	0.9884064706428737
0.9858119100597517	0.9818058096159813	1.0	0.9925132173015392	0.9890379806973281	0.9808468583914063	0.9775869570458752	0.9579118802687149	0.9619381364377088	0.9606624611709185	0.9862050726534091	0.9848062027463302	0.9833083454942925	0.9728321512557246	0.9861095925105271	0.9837334870854947	0.958865173941274	0.9823227982312908	0.9824199083829585	0.9907565841820467	0.9835597738356415	0.9881371570666088	0.9632394892124642	0.9868428530348675	0.9816988412126103	0.9799697093680196	0.9789084311146826	0.9812530196127658
0.988525689423027	0.9844538062638715	0.9925132173015392	1.0	0.9917144826110617	0.9826815907084889	0.9799448416410129	0.9604941732157602	0.9643686312615545	0.9637728354510668	0.9893550654573071	0.9868309787288789	0.986754188797106	0.9725380867553685	0.9884758879259036	0.9857352508107617	0.9603443729103607	0.9847280223878595	0.9849343369082868	0.993134050695305	0.9856536062364468	0.9908732020810116	0.9658144244011105	0.989083356787448	0.984381952435415	0.9827422105168031	0.9800819140284066	0.9840412085029012
0.9890826469636285	0.9857498289991876	0.9890379806973281	0.9917144826110617	1.0	0.9833396847237312	0.981444288008272	0.9614585976059613	0.9653580880690197	0.9647369439167168	0.9906249107524913	0.9880445427103454	0.9877208346626425	0.9741663308293769	0.9892562364485915	0.9862142575305368	0.962080624678977	0.9851866058557245	0.9859504663926145	0.9909712086734708	0.9861217004193871	0.9921826581184189	0.9664068223563781	0.9899271262505376	0.9859061843671065	0.9836105048117652	0.9811081369958079	0.9858299567616698
0.9856878866606492	0.9806400264851135	0.9808468583914063	0.9826815907084889	0.9833396847237312	1.0	0.9769186896487863	0.9575241120653886	0.9614071794461463	0.9608145713671807	0.9828638216181257	0.9811766885618901	0.9803835264273714	0.9702562857346041	0.9859708840857311	0.9845203862041371	0.9589638774124767	0.9855367713534144	0.980848418035538	0.9821468441657981	0.9837781270661337	0.9826663730348533	0.9640247642289396	0.9855009990660344	0.9802828878032148	0.9787466146543671	0.9765123137464307	0.9803687539933247
0.9817473203013241	0.9843424404714288	0.9775869570458752	0.9799448416410129	0.981444288008272	0.9769186896487863	1.0	0.9570078545549685	0.960920811637496	0.9603241850955392	0.9814035804078276	0.9797537703335245	0.9786262305686098	0.9715710792007622	0.9817178252845453	0.9789515961671574	0.9579881799375564	0.9783587415779131	0.9824915825146074	0.979408915412365	0.9796209443226188	0.9808385314317855	0.95994342826708	0.9816051902742682	0.9853173384420744	0.9783615270248102	0.9739933742365322	0.9830688462450944
0.9617618699442285	0.9603997072866763	0.9579118802687149	0.9604941732157602	0.9614585976059613	0.9575241120653886	0.9570078545549685	1.0	0.9933161414710673	0.994090889428989	0.9616211397470048	0.9597755912941548	0.9588350412958694	0.9512952581996942	0.961091618095883	0.9584270091292523	0.982784493575834	0.9583831360140436	0.9599570191183027	0.9599707882730233	0.9584526343372746	0.9598378366418577	0.9568350363051817	0.9618358223540489	0.960373805560735	0.9598985243996659	0.9538275839736661	0.9588602319767867
0.9656117146971924	0.9647251007026112	0.9619381364377088	0.9643686312615545	0.9653580880690197	0.9614071794461463	0.960920811637496	0.9933161414710673	1.0	0.9963402253319058	0.9653086401362813	0.9637185713483424	0.9621512729840968	0.9555490854724931	0.9652671106988435	0.962028091294174	0.9866664838350275	0.961930158330586	0.9641450643494762	0.963366601328562	0.9625936163679689	0.9635292417758784	0.9607414886350397	0.9658255382276381	0.9643843763572335	0.9638026645218862	0.9578363552324639	0.9628986774550784
0.9653628976316867	0.96441624074945	0.9606624611709185	0.9637728354510668	0.9647369439167168	0.9608145713671807	0.9603241850955392	0.994090889428989	0.9963402253319058	1.0	0.9649871820818648	0.9628142612876716	0.9620955237614159	0.9537277838509336	0.9648191286496817	0.9615234284850903	0.9860055355246095	0.9618552859203268	0.963589525143393	0.9631969141788121	0.9618254393280175	0.9635052280045404	0.9607794734624238	0.9652604625829875	0.9642049378960719	0.9638973197828374	0.9566486287176864	0.9628716553604656
0.988644257010104	0.9857301736895018	0.9862050726534091	0.9893550654573071	0.9906249107524913	0.9828638216181257	0.9814035804078276	0.9616211397470048	0.9653086401362813	0.9649871820818648	1.0	0.9948575635507736	0.9957127468430949	0.9733958906273066	0.988122919198983	0.9853571918886836	0.9623676986108447	0.9850323471163615	0.9854730443897235	0.98821860882583	0.985276345088662	0.9890766128849923	0.9656101544144282	0.9888027990430869	0.98546953504373	0.9834753241924037	0.9811527741073373	0.9852936345300969
0.9861811272250703	0.9835600419419657	0.9848062027463302	0.9868309787288789	0.9880445427103454	0.9811766885618901	0.9797537703335245	0.9597755912941548	0.9637185713483424	0.9628142612876716	0.9948575635507736	1.0	0.9930461041357731	0.9729365740328022	0.9859960271863917	0.9834584599790634	0.9613734894369491	0.9828544448183839	0.9837695199016411	0.9859359100746684	0.9834762526760302	0.9868196930866235	0.9628923294698029	0.9871074828247556	0.9832607925946847	0.9812893168660503	0.9800737464895238	0.9829647291949692
0.9855829549830228	0.9827814679399206	0.9833083454942925	0.986754188797106	0.9877208346626425	0.9803835264273714	0.9786262305686098	0.9588350412958694	0.9621512729840968	0.9620955237614159	0.9957127468430949	0.9930461041357731	1.0	0.9703824276141292	0.9852623150835629	0.9825611791538645	0.959286509537908	0.9823399764019265	0.9826255447905002	0.9856522395242487	0.9825121301539904	0.9864661379402218	0.9628906398559838	0.9859616073282599	0.9824523120331998	0.98067390904337	0.9789019070206605	0.9826196875413421
0.975845877325904	0.9767619917562737	0.9728321512557246	0.9725380867553685	0.9741663308293769	0.9702562857346041	0.9715710792007622	0.9512952581996942	0.9555490854724931	0.9537277838509336	0.9733958906273066	0.9729365740328022	0.9703824276141292	1.0	0.97682775111661	0.9730844120442252	0.9552563760084467	0.9706443402883951	0.975618541194644	0.9721883912324831	0.9732851695831705	0.9737784662746944	0.9543759440134139	0.9750642745328679	0.9769499944619747	0.9713849583595939	0.969075457393033	0.9758856993199575
0.9910356442747627	0.9871755634238192	0.9861095925105271	0.9884758879259036	0.9892562364485915	0.9859708840857311	0.9817178252845453	0.961091618095883	0.9652671106988435	0.9648191286496817	0.988122919198983	0.9859960271863917	0.9852623150835629	0.97682775111661	1.0	0.9898124963898642	0.9622354817680208	0.9885771814556038	0.9866433476006284	0.9878159789015066	0.9895480896200249	0.9883601253349699	0.9663634232847583	0.9907563489246884	0.9867685732429576	0.9837716940077842	0.9809231170414293	0.9867738055866796
0.9885344813658955	0.9838506328545783	0.9837334870854947	0.9857352508107617	0.9862142575305368	0.9845203862041371	0.9789515961671574	0.9584270091292523	0.962028091294174	0.9615234284850903	0.9853571918886836	0.9834584599790634	0.9825611791538645	0.9730844120442252	0.9898124963898642	1.0	0.9584850321476893	0.9863185134544273	0.9841348336223082	0.9846981496149992	0.9882503966924623	0.985574165830514	0.964366345743286	0.9880783249233264	0.9833882175323648	0.9808004523077573	0.9792394819458096	0.9837722179919178
0.962535662979987	0.9608160050571309	0.958865173941274	0.9603443729103607	0.962080624678977	0.9589638774124767	0.9579881799375564	0.982784493575834	0.9866664838350275	0.9860055355246095	0.9623676986108447	0.9613734894369491	0.959286509537908	0.9552563760084467	0.9622354817680208	0.9584850321476893	1.0	0.9588649272069906	0.9604002829635475	0.9605955337975414	0.9591166630464592	0.9621961616874838	0.958423379313155	0.9626416072404298	0.9612035887019633	0.9602762863792651	0.9552031564176927	0.9599772827740423
0.9877157923577392	0.9831959416883462	0.9823227982312908	0.9847280223878595	0.9851866058557245	0.9855367713534144	0.9783587415779131	0.9583831360140436	0.961930158330586	0.9618552859203268	0.9850323471163615	0.9828544448183839	0.9823399764019265	0.9706443402883951	0.9885771814556038	0.9863185134544273	0.9588649272069906	1.0	0.9825332924902547	0.9840281648378558	0.9863887477762308	0.9842371549480433	0.9646438880505852	0.9872782858491832	0.9827080935311087	0.9800907502379995	0.9778742994972311	0.9831761368539405
0.9864856789000983	0.9869450769134195	0.9824199083829585	0.9849343369082868	0.9859504663926145	0.980848418035538	0.9824915825146074	0.9599570191183027	0.9641450643494762	0.963589525143393	0.9854730443897235	0.9837695199016411	0.9826255447905002	0.975618541194644	0.9866433476006284	0.9841348336223082	0.9604002829635475	0.9825332924902547	1.0	0.9839659067826434	0.9845191334052016	0.9842218367142699	0.9632195140266753	0.9862947227310341	0.9868052487878175	0.9814717269869931	0.9777333235038065	0.9917770402008127
0.9878584722954863	0.9835712918317169	0.9907565841820467	0.993134050695305	0.9909712086734708	0.9821468441657981	0.979408915412365	0.9599707882730233	0.963366601328562	0.9631969141788121	0.98821860882583	0.9859359100746684	0.9856522395242487	0.9721883912324831	0.9878159789015066	0.9846981496149992	0.9605955337975414	0.9840281648378558	0.9839659067826434	1.0	0.9847490771856943	0.9902371502643968	0.9649971443162744	0.9882385341904382	0.9836140434501002	0.9821084212420466	0.9789532813705081	0.9833925209212135
0.9887925329984458	0.9844873977947888	0.9835597738356415	0.9856536062364468	0.9861217004193871	0.9837781270661337	0.9796209443226188	0.9584526343372746	0.9625936163679689	0.9618254393280175	0.985276345088662	0.9834762526760302	0.9825121301539904	0.9732851695831705	0.9895480896200249	0.9882503966924623	0.9591166630464592	0.9863887477762308	0.9845191334052016	0.9847490771856943	1.0	0.9852447181565406	0.9651387452322037	0.9884959656382127	0.9838812146842452	0.9806119998852405	0.9789114725940875	0.9842375688439181
0.9880048780153138	0.9847485231813247	0.9881371570666088	0.9908732020810116	0.9921826581184189	0.9826663730348533	0.9808385314317855	0.9598378366418577	0.9635292417758784	0.9635052280045404	0.9890766128849923	0.9868196930866235	0.9864661379402218	0.9737784662746944	0.9883601253349699	0.985574165830514	0.9621961616874838	0.9842371549480433	0.9842218367142699	0.9902371502643968	0.9852447181565406	1.0	0.9652154412020958	0.9885211877816551	0.9848374820780058	0.9825767626913554	0.9793071228679138	0.9846971132324247
0.9671147496720075	0.9641617017517344	0.9632394892124642	0.9658144244011105	0.9664068223563781	0.9640247642289396	0.95994342826708	0.9568350363051817	0.9607414886350397	0.9607794734624238	0.9656101544144282	0.9628923294698029	0.9628906398559838	0.9543759440134139	0.9663634232847583	0.964366345743286	0.958423379313155	0.9646438880505852	0.9632195140266753	0.9649971443162744	0.9651387452322037	0.9652154412020958	1.0	0.967148646128667	0.9635052280045404	0.9639022053424792	0.9576613922220224	0.963149589784284
0.9909509175921168	0.9859762635695134	0.9868428530348675	0.989083356787448	0.9899271262505376	0.9855009990660344	0.9816051902742682	0.9618358223540489	0.9658255382276381	0.9652604625829875	0.9888027990430869	0.9871074828247556	0.9859616073282599	0.9750642745328679	0.9907563489246884	0.9880783249233264	0.9626416072404298	0.9872782858491832	0.9862947227310341	0.9882385341904382	0.9884959656382127	0.9885211877816551	0.967148646128667	1.0	0.9861368045342087	0.9837584014341183	0.9818042277538909	0.9855972895364249
0.9862884056028212	0.9936777614164852	0.9816988412126103	0.984381952435415	0.9859061843671065	0.9802828878032148	0.9853173384420744	0.960373805560735	0.9643843763572335	0.9642049378960719	0.98546953504373	0.9832607925946847	0.9824523120331998	0.9769499944619747	0.9867685732429576	0.9833882175323648	0.9612035887019633	0.9827080935311087	0.9868052487878175	0.9836140434501002	0.9838812146842452	0.9848374820780058	0.9635052280045404	0.9861368045342087	1.0	0.9825214486226518	0.9776869164834161	0.9880045890998586
0.9834275254536253	0.9824274344136978	0.9799697093680196	0.9827422105168031	0.9836105048117652	0.9787466146543671	0.9783615270248102	0.9598985243996659	0.9638026645218862	0.9638973197828374	0.9834753241924037	0.9812893168660503	0.98067390904337	0.9713849583595939	0.9837716940077842	0.9808004523077573	0.9602762863792651	0.9800907502379995	0.9814717269869931	0.9821084212420466	0.9806119998852405	0.9825767626913554	0.9639022053424792	0.9837584014341183	0.9825214486226518	1.0	0.9755821491152741	0.9821696998097079
0.980287378816384	0.9773253039317308	0.9789084311146826	0.9800819140284066	0.9811081369958079	0.9765123137464307	0.9739933742365322	0.9538275839736661	0.9578363552324639	0.9566486287176864	0.9811527741073373	0.9800737464895238	0.9789019070206605	0.969075457393033	0.9809231170414293	0.9792394819458096	0.9552031564176927	0.9778742994972311	0.9777333235038065	0.9789532813705081	0.9789114725940875	0.9793071228679138	0.9576613922220224	0.9818042277538909	0.9776869164834161	0.9755821491152741	1.0	0.9768070738240374
0.9868456328645225	0.9884064706428737	0.9812530196127658	0.9840412085029012	0.9858299567616698	0.9803687539933247	0.9830688462450944	0.9588602319767867	0.9628986774550784	0.9628716553604656	0.9852936345300969	0.9829647291949692	0.9826196875413421	0.9758856993199575	0.9867738055866796	0.9837722179919178	0.9599772827740423	0.9831761368539405	0.9917770402008127	0.9833925209212135	0.9842375688439181	0.9846971132324247	0.963149589784284	0.9855972895364249	0.9880045890998586	0.9821696998097079	0.9768070738240374	1.0
