/home/jshaw/scratch/2022_sketched_distance/references/SGB_genome_fastas_part1_redo/1783/BackhedF_2015__SID397_M__bin.71.fa	/home/jshaw/scratch/2022_sketched_distance/references/SGB_genome_fastas_part1_redo/1783/Bengtsson-PalmeJ_2015__TRAVELRES27__bin.134.fa	/home/jshaw/scratch/2022_sketched_distance/references/SGB_genome_fastas_part1_redo/1783/Bengtsson-PalmeJ_2015__TRAVELRES28__bin.92.fa	/home/jshaw/scratch/2022_sketched_distance/references/SGB_genome_fastas_part1_redo/1783/ChengpingW_2017__AS97raw__bin.74.fa	/home/jshaw/scratch/2022_sketched_distance/references/SGB_genome_fastas_part1_redo/1783/CosteaPI_2017__daisy-11-0-0__bin.1.fa	/home/jshaw/scratch/2022_sketched_distance/references/SGB_genome_fastas_part1_redo/1783/CosteaPI_2017__daisy-11-2-0__bin.7.fa	/home/jshaw/scratch/2022_sketched_distance/references/SGB_genome_fastas_part1_redo/1783/CosteaPI_2017__daisy-11-386-0__bin.46.fa	/home/jshaw/scratch/2022_sketched_distance/references/SGB_genome_fastas_part1_redo/1783/CosteaPI_2017__daisy-11-388-0__bin.6.fa	/home/jshaw/scratch/2022_sketched_distance/references/SGB_genome_fastas_part1_redo/1783/CosteaPI_2017__daisy-11-389-0__bin.10.fa	/home/jshaw/scratch/2022_sketched_distance/references/SGB_genome_fastas_part1_redo/1783/CosteaPI_2017__daisy-11-390-0__bin.44.fa	/home/jshaw/scratch/2022_sketched_distance/references/SGB_genome_fastas_part1_redo/1783/CosteaPI_2017__daisy-11-392-0__bin.8.fa	/home/jshaw/scratch/2022_sketched_distance/references/SGB_genome_fastas_part1_redo/1783/CosteaPI_2017__daisy-11-403-0__bin.29.fa	/home/jshaw/scratch/2022_sketched_distance/references/SGB_genome_fastas_part1_redo/1783/CosteaPI_2017__daisy-11-60-0__bin.4.fa	/home/jshaw/scratch/2022_sketched_distance/references/SGB_genome_fastas_part1_redo/1783/CosteaPI_2017__daisy-11-7-0__bin.39.fa	/home/jshaw/scratch/2022_sketched_distance/references/SGB_genome_fastas_part1_redo/1783/CosteaPI_2017__SID713A037-11-0-0__bin.69.fa	/home/jshaw/scratch/2022_sketched_distance/references/SGB_genome_fastas_part1_redo/1783/CosteaPI_2017__SID713A037-11-90-0__bin.47.fa	/home/jshaw/scratch/2022_sketched_distance/references/SGB_genome_fastas_part1_redo/1783/GeversD_2014__SKBSTL013__bin.105.fa	/home/jshaw/scratch/2022_sketched_distance/references/SGB_genome_fastas_part1_redo/1783/HMP_2012__SRS024132__bin.65.fa	/home/jshaw/scratch/2022_sketched_distance/references/SGB_genome_fastas_part1_redo/1783/HMP_2012__SRS053398__bin.18.fa	/home/jshaw/scratch/2022_sketched_distance/references/SGB_genome_fastas_part1_redo/1783/HMP_2012__SRS058770__bin.26.fa	/home/jshaw/scratch/2022_sketched_distance/references/SGB_genome_fastas_part1_redo/1783/LeChatelierE_2013__MH0183__bin.3.fa	/home/jshaw/scratch/2022_sketched_distance/references/SGB_genome_fastas_part1_redo/1783/LiJ_2014__MH0246__bin.46.fa	/home/jshaw/scratch/2022_sketched_distance/references/SGB_genome_fastas_part1_redo/1783/LiJ_2014__MH0359__bin.66.fa	/home/jshaw/scratch/2022_sketched_distance/references/SGB_genome_fastas_part1_redo/1783/LiJ_2014__O2.UC2-1__bin.14.fa	/home/jshaw/scratch/2022_sketched_distance/references/SGB_genome_fastas_part1_redo/1783/LiJ_2014__V1.CD44-4__bin.36.fa	/home/jshaw/scratch/2022_sketched_distance/references/SGB_genome_fastas_part1_redo/1783/LiJ_2014__V1.CD49-0__bin.19.fa	/home/jshaw/scratch/2022_sketched_distance/references/SGB_genome_fastas_part1_redo/1783/LiJ_2017__H1M413815__bin.7.fa	/home/jshaw/scratch/2022_sketched_distance/references/SGB_genome_fastas_part1_redo/1783/NielsenHB_2014__O2_UC18_2__bin.57.fa	/home/jshaw/scratch/2022_sketched_distance/references/SGB_genome_fastas_part1_redo/1783/NielsenHB_2014__V1_UC26_4__bin.73.fa	/home/jshaw/scratch/2022_sketched_distance/references/SGB_genome_fastas_part1_redo/1783/QinN_2014__LD-49__bin.29.fa	/home/jshaw/scratch/2022_sketched_distance/references/SGB_genome_fastas_part1_redo/1783/QinN_2014__LD-86__bin.32.fa	/home/jshaw/scratch/2022_sketched_distance/references/SGB_genome_fastas_part1_redo/1783/VogtmannE_2016__MMRS51410669ST-27-0-0__bin.45.fa	/home/jshaw/scratch/2022_sketched_distance/references/SGB_genome_fastas_part1_redo/1783/VogtmannE_2016__MMRS62666492ST-27-0-0__bin.17.fa	/home/jshaw/scratch/2022_sketched_distance/references/SGB_genome_fastas_part1_redo/1783/VogtmannE_2016__MMRS84954772ST-27-0-0__bin.17.fa	/home/jshaw/scratch/2022_sketched_distance/references/SGB_genome_fastas_part1_redo/1783/VogtmannE_2016__MMRS87723283ST-27-0-0__bin.36.fa	/home/jshaw/scratch/2022_sketched_distance/references/SGB_genome_fastas_part1_redo/1783/VogtmannE_2016__MMRS88581325ST-27-0-0__bin.75.fa	/home/jshaw/scratch/2022_sketched_distance/references/SGB_genome_fastas_part1_redo/1783/XieH_2016__YSZC12003_37202R1__bin.10.fa	/home/jshaw/scratch/2022_sketched_distance/references/SGB_genome_fastas_part1_redo/1783/YuJ_2015__SZAXPI003420-4__bin.9.fa	/home/jshaw/scratch/2022_sketched_distance/references/SGB_genome_fastas_part1_redo/1783/ZeeviD_2015__PNP_Main_480__bin.37.fa	/home/jshaw/scratch/2022_sketched_distance/references/SGB_genome_fastas_part1_redo/1783/ZeeviD_2015__PNP_Main_706__bin.56.fa	/home/jshaw/scratch/2022_sketched_distance/references/SGB_genome_fastas_part1_redo/1783/ZellerG_2014__CCIS48174381ST-4-0__bin.47.fa
1.0	0.9839655764954185	0.9837835089980179	0.9802210003320252	0.9828965300816915	0.9820743185340998	0.982343551822783	0.9816894126164933	0.9825440796069101	0.9815953819131765	0.9814193938744494	0.9820912983369112	0.9820613373965301	0.9823949412682755	0.9811406216616616	0.9812681144102978	0.9858234671623665	0.9853264424343755	0.9793534984209857	0.9764174006895054	0.9724165825432667	0.9857096979129808	0.9785555632086292	0.978846659612973	0.9776665705265943	0.9815539776041142	0.9703652017281621	0.9809133327047665	0.977789980859744	0.9826175283979333	0.9781014047042332	0.9809601145987511	0.9785079521443416	0.9737001389249206	0.9835548288991584	0.9857333806710048	0.9850244705198526	0.9731729342354704	0.9794431690914314	0.9752920014642055	0.9706345038044083
0.9839655764954185	1.0	0.9989701202361945	0.9887557956013441	0.9930683446872303	0.9931692500071413	0.9940997446161369	0.9937893246836228	0.9913800254843864	0.9938168408352729	0.9936793245205044	0.9918110794636764	0.9939568617924587	0.993570217601343	0.9922361932916957	0.9931981926071886	0.994148117290751	0.9965605201724935	0.9900710746959305	0.9871560333065245	0.9784028383909875	0.9963128863914428	0.9833172046651392	0.9855800311214868	0.982911338663864	0.9856745912444435	0.9721716141737724	0.9862758198002233	0.9895086239242248	0.9933694479142293	0.9871560846970402	0.9852718378798775	0.9828971932559608	0.981244180798363	0.9987919590556199	0.99368850582261	0.9965226319657712	0.9791094142272738	0.9864415181392061	0.9854516135428318	0.972964217319027
0.9837835089980179	0.9989701202361945	1.0	0.988600822604788	0.9925952391823404	0.9928162987695752	0.9935983584548598	0.9932567809509074	0.9911156590466033	0.9932824890148653	0.9932188471152505	0.9916660458457779	0.9934970062193966	0.9932806498471289	0.9918501211441318	0.9927321444670714	0.9938332621078853	0.9963062853681617	0.9896390451987461	0.9868275354464197	0.978189558751671	0.9960756233581872	0.9834700262268367	0.9856112688731571	0.9829094061794248	0.9855402651226569	0.9720252476331629	0.9862648173385453	0.9890409653087716	0.9930118610230897	0.9871806654818553	0.9854992465148203	0.9827113568862874	0.981191134513851	0.9986579182756371	0.9936894195425312	0.9961783146492501	0.9791833821903136	0.986318146933321	0.9854842221546315	0.9725615573194909
0.9802210003320252	0.9887557956013441	0.988600822604788	1.0	0.9893301505736981	0.9887061571009758	0.9895130147193164	0.9889043908400711	0.9886689304136631	0.9889266755531941	0.9886199253595401	0.9882237608891222	0.98926836408263	0.9891450315183071	0.9878433348628897	0.9882942122892283	0.9879483508945016	0.9884547972982975	0.9876652540439971	0.9844825820310444	0.977590211748873	0.9888408838147957	0.9821409412056993	0.9850813310709954	0.9833420681279545	0.9804099141163548	0.9801251619132946	0.9810868709404352	0.9865941254999703	0.9893683304572022	0.9924052818641642	0.9816144572592007	0.9784434421151212	0.9790505855531011	0.9884952822160211	0.9872396716703037	0.9882705947243855	0.9847931986620913	0.9850900442277686	0.9808699155892472	0.9737504474037262
0.9828965300816915	0.9930683446872303	0.9925952391823404	0.9893301505736981	1.0	0.9971503361621489	0.9981262056516551	0.9978459407471868	0.9965120439870242	0.997918749057299	0.9976150899214354	0.9963318045313384	0.9979640462865809	0.9975580988020826	0.9944693720053694	0.995426543753791	0.9914214713126411	0.9926924459271449	0.9903219528015441	0.9867702983449427	0.9790935107391576	0.9928440520368073	0.9881667916067091	0.9868971185841365	0.984082297164791	0.983058066727083	0.9741163594979556	0.9837957029472209	0.9891620081535957	0.9960258472496872	0.9870749598969532	0.9837663220873801	0.980384817793305	0.979752795737937	0.99272851677258	0.9907414773670173	0.9923860722376613	0.9788247896604252	0.9898092724447498	0.987879882015984	0.977151590831668
0.9820743185340998	0.9931692500071413	0.9928162987695752	0.9887061571009758	0.9971503361621489	1.0	0.9981432688081633	0.9980965871637161	0.995609209058594	0.9982654998681241	0.9979378094017898	0.99616018389658	0.9985057230702689	0.9981451202140069	0.9950190418957494	0.9953958948188361	0.9910408427671684	0.9928744553351726	0.9902122396292143	0.9860255587797686	0.9790028304475288	0.9930081669016051	0.9876078491547503	0.9856499718259887	0.9832564644158694	0.9831862369769423	0.9708615951315525	0.9840231674619073	0.9888624413163115	0.995154588083675	0.9870056455892898	0.9833062193326707	0.9796946279433434	0.979785235749699	0.992865563956499	0.990946392932367	0.9926185459490956	0.9789838281365438	0.9887801046301137	0.9885414763216699	0.9764610579685602
0.982343551822783	0.9940997446161369	0.9935983584548598	0.9895130147193164	0.9981262056516551	0.9981432688081633	1.0	0.9992851680997478	0.9962281800896462	0.999131829604408	0.9991293361366239	0.9966412959216027	0.999138169151148	0.9982824026631415	0.9953235905701099	0.9965452607027421	0.9918376760674863	0.9937135492133988	0.9914037352983877	0.9867782501654391	0.9789674111857126	0.9936976032254531	0.9877335949753481	0.9868265396153432	0.9841211027092787	0.9830687530369178	0.9729295607129351	0.9840616288654318	0.989750816982333	0.9964276017495863	0.9875969813386906	0.9835027470182391	0.9799713817015288	0.9798487581631942	0.9937477664266245	0.9912425241034758	0.9934210672854057	0.9794253265386771	0.9900219321682245	0.9884293532756936	0.9768321809269914
0.9816894126164933	0.9937893246836228	0.9932567809509074	0.9889043908400711	0.9978459407471868	0.9980965871637161	0.9992851680997478	1.0	0.9961130625520752	0.9993954781033405	0.9993479782057005	0.9965535769883791	0.9991876964330586	0.9982624368012771	0.9948286811170775	0.9961470713069821	0.9913965654499849	0.9934618290671965	0.9909467019038858	0.9862809373883017	0.9784166826203338	0.9933814826023225	0.9871507592566273	0.9862609213398935	0.9835268926415242	0.982687170412138	0.9722844461332795	0.9835149737680933	0.9893434525995219	0.9960844103765214	0.9869680672011134	0.9829359393937662	0.9793304590962506	0.9792748592018967	0.9934116045186056	0.9908142404498347	0.993106292819992	0.9788850199671828	0.9895724008928072	0.9878089354997516	0.9761748042684327
0.9825440796069101	0.9913800254843864	0.9911156590466033	0.9886689304136631	0.9965120439870242	0.995609209058594	0.9962281800896462	0.9961130625520752	1.0	0.9960446344105744	0.9957916746280717	0.9954684116394649	0.9962389039172128	0.9960445304997372	0.9927901425131683	0.993668541388298	0.9906860297169795	0.9910794644615719	0.9888824670031668	0.9854487709159041	0.978460564519198	0.9912000683710007	0.9876204705556434	0.9863698668003403	0.9837443956379609	0.9827556679514582	0.9742616198741567	0.9833975891100272	0.9876799327371772	0.9948501477091867	0.9863277637392128	0.983307361446109	0.9808460885360374	0.978962826156455	0.9910072511702305	0.9897195517368615	0.9907737815964583	0.9788649649542044	0.9894336373349237	0.9863443017102713	0.9766725386395679
0.9815953819131765	0.9938168408352729	0.9932824890148653	0.9889266755531941	0.997918749057299	0.9982654998681241	0.999131829604408	0.9993954781033405	0.9960446344105744	1.0	0.9992600014243163	0.9966455866983914	0.9992791541156012	0.9983450729291701	0.9949692043797	0.9961334795556693	0.9913183731665661	0.993466722963811	0.990870588504525	0.9863832799726292	0.9784894891554907	0.9933642244554991	0.987067476093236	0.986121433287303	0.9833115010978402	0.9825692743202551	0.9722815621213577	0.9835302578350619	0.989554461752815	0.9959685206161685	0.9871092688151188	0.9828541758889557	0.9792997078944123	0.9792267106567212	0.9934162849714407	0.9907189899462515	0.993109672587644	0.978852955222231	0.9894390281082948	0.9880120879534793	0.9763424897064908
0.9814193938744494	0.9936793245205044	0.9932188471152505	0.9886199253595401	0.9976150899214354	0.9979378094017898	0.9991293361366239	0.9993479782057005	0.9957916746280717	0.9992600014243163	1.0	0.9963256410350869	0.9989951641583431	0.9980954851041357	0.9949555913623632	0.9962176975235713	0.991214288066353	0.9934568597201302	0.9906448120478977	0.9860720214256317	0.9780732491416994	0.9934199643234406	0.9870056455892898	0.9860231911166005	0.9832218343294037	0.9825153323803328	0.972085426607893	0.9834218403625065	0.9891860575364195	0.9957798695454833	0.9867458076049457	0.9825892558138475	0.9788369136689666	0.9787295884968151	0.993522344972968	0.9905764751908411	0.9930040664150445	0.9786719654907498	0.9892459102868437	0.987632033637238	0.975397882698222
0.9820912983369112	0.9918110794636764	0.9916660458457779	0.9882237608891222	0.9963318045313384	0.99616018389658	0.9966412959216027	0.9965535769883791	0.9954684116394649	0.9966455866983914	0.9963256410350869	1.0	0.9968913569019168	0.9967651720267998	0.9936314394439113	0.9942863240315258	0.9904469814913084	0.9914765516884875	0.9893057163503054	0.985075294638021	0.9783921612740248	0.9917596904005641	0.9877004513780419	0.9858566546152501	0.98357036056835	0.9827307715423016	0.9729869902567385	0.9836548394049237	0.988056498390968	0.9947101337189804	0.9868015378241435	0.9833542267434284	0.9799897489290406	0.9792664905181384	0.9913581708214574	0.9903451632167082	0.9912535915702736	0.9786942084245224	0.9893473880978061	0.987215901455774	0.9766284400051733
0.9820613373965301	0.9939568617924587	0.9934970062193966	0.98926836408263	0.9979640462865809	0.9985057230702689	0.999138169151148	0.9991876964330586	0.9962389039172128	0.9992791541156012	0.9989951641583431	0.9968913569019168	1.0	0.9985850015161816	0.995379496008357	0.9963047718342641	0.9916790190621001	0.9935823635503469	0.9910337779923947	0.986660411574664	0.9788891733452589	0.993660270609678	0.9875303813454687	0.9864518068110599	0.9839014246681994	0.9831732792405738	0.9725158151364287	0.984017770979208	0.9897326177986482	0.996090738228444	0.987384306398417	0.9834017321117768	0.97981893720598	0.9796315039627275	0.9936483408962963	0.9911320687619882	0.9932564907604764	0.9793022877381046	0.9896457953335233	0.988394744255643	0.9766518729558168
0.9823949412682755	0.993570217601343	0.9932806498471289	0.9891450315183071	0.9975580988020826	0.9981451202140069	0.9982824026631415	0.9982624368012771	0.9960445304997372	0.9983450729291701	0.9980954851041357	0.9967651720267998	0.9985850015161816	1.0	0.9952614375789578	0.9957410837145328	0.9914554054444756	0.9933291342367156	0.9906585022908857	0.9863975571597072	0.9790004497503103	0.9934904291018822	0.9879343956140817	0.9862527418778263	0.9838181408704655	0.9836269278538676	0.972076269913457	0.9842310753907209	0.9892065098543015	0.99575367398385	0.9873274534741425	0.9836838274595414	0.9800392553808757	0.9794471980809251	0.9931556109553681	0.9911844715240097	0.9930462420607948	0.9797818710640536	0.989642762485387	0.9885540351821126	0.976669025363575
0.9811406216616616	0.9922361932916957	0.9918501211441318	0.9878433348628897	0.9944693720053694	0.9950190418957494	0.9953235905701099	0.9948286811170775	0.9927901425131683	0.9949692043797	0.9949555913623632	0.9936314394439113	0.995379496008357	0.9952614375789578	1.0	0.9972818212111344	0.9899693876249539	0.9922762103534359	0.989113674885289	0.9853467185337819	0.9790447515856222	0.9924251883669605	0.9860425209245279	0.9847066254665501	0.9820677300640819	0.9825116340699224	0.9698416790922733	0.9839131930614622	0.987846756067551	0.9950586551143238	0.986173065235522	0.9829955013729539	0.9792235679085421	0.9784338243533951	0.9920360282481259	0.989974987095507	0.99183363064014	0.9784710917116034	0.9886173194137348	0.9884229257432446	0.9748478353784292
0.9812681144102978	0.9931981926071886	0.9927321444670714	0.9882942122892283	0.995426543753791	0.9953958948188361	0.9965452607027421	0.9961470713069821	0.993668541388298	0.9961334795556693	0.9962176975235713	0.9942863240315258	0.9963047718342641	0.9957410837145328	0.9972818212111344	1.0	0.9909048522351319	0.9931698426654589	0.9903065439759153	0.9859412747488353	0.9783514139278037	0.9932661063823077	0.985788732969331	0.9858269032100774	0.982955644737655	0.9823775487026948	0.9717785144060781	0.9831032411974358	0.9888565950263245	0.9961564796344751	0.9865725517533723	0.98233120662036	0.9793287511769228	0.9787757983875739	0.9931505773427607	0.9902238329029356	0.9929019815390402	0.9786314772421542	0.9895139541871153	0.9882068041059495	0.9742334540660303
0.9858234671623665	0.994148117290751	0.9938332621078853	0.9879483508945016	0.9914214713126411	0.9910408427671684	0.9918376760674863	0.9913965654499849	0.9906860297169795	0.9913183731665661	0.991214288066353	0.9904469814913084	0.9916790190621001	0.9914554054444756	0.9899693876249539	0.9909048522351319	1.0	0.9959761835321777	0.9886253185019995	0.9857536165334033	0.9789513279999805	0.9957342282413738	0.9837471598249783	0.9858679157964733	0.9833002249154218	0.9872696135210409	0.9735302110248951	0.9874077611012133	0.9873369575170986	0.9919313722340758	0.9861464365916229	0.9872554430523007	0.9823055437143224	0.9801628489167491	0.9938746373060953	0.9944456195898395	0.9954195662914471	0.9782112545416518	0.9861033488095705	0.9839334473670902	0.9729411919940909
0.9853264424343755	0.9965605201724935	0.9963062853681617	0.9884547972982975	0.9926924459271449	0.9928744553351726	0.9937135492133988	0.9934618290671965	0.9910794644615719	0.993466722963811	0.9934568597201302	0.9914765516884875	0.9935823635503469	0.9933291342367156	0.9922762103534359	0.9931698426654589	0.9959761835321777	1.0	0.9897151610001165	0.9868350791987417	0.9781985316952158	0.9979819587684285	0.9830264216816851	0.985630772385065	0.9828181378616364	0.9868626309911938	0.9716258439678378	0.9872103179908793	0.9892685231348415	0.9931202926369953	0.9867068196060035	0.9868027480102196	0.9810783389381622	0.9804894482940785	0.9964803608700741	0.9952313249794835	0.9980446699666903	0.9787885211605679	0.9860513699816716	0.9849364814276119	0.9727258717037525
0.9793534984209857	0.9900710746959305	0.9896390451987461	0.9876652540439971	0.9903219528015441	0.9902122396292143	0.9914037352983877	0.9909467019038858	0.9888824670031668	0.990870588504525	0.9906448120478977	0.9893057163503054	0.9910337779923947	0.9906585022908857	0.989113674885289	0.9903065439759153	0.9886253185019995	0.9897151610001165	1.0	0.9859622059077665	0.9822146321419774	0.9896654307104685	0.9807401602254289	0.9891849779331174	0.9864242684433897	0.9800404539378089	0.9719770334579306	0.9806656869018885	0.9874971055056233	0.9905809816333975	0.9854761715261825	0.9806890406319263	0.9769686345622379	0.9782317363110725	0.9897518410112708	0.9876994325429279	0.9895930446199763	0.9774034294493444	0.9846244568665372	0.982459569328891	0.9724898798088081
0.9764174006895054	0.9871560333065245	0.9868275354464197	0.9844825820310444	0.9867702983449427	0.9860255587797686	0.9867782501654391	0.9862809373883017	0.9854487709159041	0.9863832799726292	0.9860720214256317	0.985075294638021	0.986660411574664	0.9863975571597072	0.9853467185337819	0.9859412747488353	0.9857536165334033	0.9868350791987417	0.9859622059077665	1.0	0.9753975143962583	0.9868106327508908	0.9771043929206402	0.9818250915695809	0.9799016671574066	0.9778250040546014	0.9695069768857264	0.9782448065684094	0.984509925953546	0.9865595663101869	0.9822239549482246	0.9781067136251208	0.9738643621448548	0.9744089458443995	0.9868093388854162	0.985233039187161	0.9866229690002258	0.9736673059920746	0.9805292132907216	0.9785825510190649	0.9686304289203783
0.9724165825432667	0.9784028383909875	0.978189558751671	0.977590211748873	0.9790935107391576	0.9790028304475288	0.9789674111857126	0.9784166826203338	0.978460564519198	0.9784894891554907	0.9780732491416994	0.9783921612740248	0.9788891733452589	0.9790004497503103	0.9790447515856222	0.9783514139278037	0.9789513279999805	0.9781985316952158	0.9822146321419774	0.9753975143962583	1.0	0.9789702054527584	0.9739912603567235	0.9831045126050729	0.9821384088683763	0.9746603738169362	0.965442991378578	0.9739386767956482	0.9754922761059912	0.9792735244198235	0.9753425481492679	0.9741574304381693	0.9706840718904759	0.9697180836792554	0.9781080876981373	0.9793444766753235	0.9778885363354327	0.9697401516274847	0.974839990695968	0.9750815303760562	0.9670579175096145
0.9857096979129808	0.9963128863914428	0.9960756233581872	0.9888408838147957	0.9928440520368073	0.9930081669016051	0.9936976032254531	0.9933814826023225	0.9912000683710007	0.9933642244554991	0.9934199643234406	0.9917596904005641	0.993660270609678	0.9934904291018822	0.9924251883669605	0.9932661063823077	0.9957342282413738	0.9979819587684285	0.9896654307104685	0.9868106327508908	0.9789702054527584	1.0	0.9839316770478957	0.985720615475998	0.9832272666070057	0.987805268210064	0.9721151406762256	0.9877858097437825	0.9889323688258853	0.9930910137256815	0.9870395559874932	0.9872346063785007	0.9816850096704658	0.9811117416787503	0.9961723356158856	0.9951767524098509	0.997637270711046	0.9793706958960223	0.9863343979263685	0.9854970929209794	0.9730540169842378
0.9785555632086292	0.9833172046651392	0.9834700262268367	0.9821409412056993	0.9881667916067091	0.9876078491547503	0.9877335949753481	0.9871507592566273	0.9876204705556434	0.987067476093236	0.9870056455892898	0.9877004513780419	0.9875303813454687	0.9879343956140817	0.9860425209245279	0.985788732969331	0.9837471598249783	0.9830264216816851	0.9807401602254289	0.9771043929206402	0.9739912603567235	0.9839316770478957	1.0	0.9793314224130525	0.9782082529611105	0.9788998677812791	0.9689338776035663	0.979066046198845	0.979394636164655	0.986900514411429	0.9804513006038066	0.9803986501178111	0.977733621625546	0.9732902602418435	0.9830242170392354	0.9834141348740274	0.9828975739422524	0.9728774813818318	0.9841572992324595	0.9808144092653482	0.9720778530386591
0.978846659612973	0.9855800311214868	0.9856112688731571	0.9850813310709954	0.9868971185841365	0.9856499718259887	0.9868265396153432	0.9862609213398935	0.9863698668003403	0.986121433287303	0.9860231911166005	0.9858566546152501	0.9864518068110599	0.9862527418778263	0.9847066254665501	0.9858269032100774	0.9858679157964733	0.985630772385065	0.9891849779331174	0.9818250915695809	0.9831045126050729	0.985720615475998	0.9793314224130525	1.0	0.9898772516746845	0.9785103566325466	0.9743195290490883	0.978434534238128	0.9827912120862802	0.9869297150331681	0.9832546158143659	0.9789390994751133	0.9765539058445059	0.9767058314963528	0.9853418913253768	0.9847603397988257	0.9854653146534902	0.9751902826563401	0.9837913176459668	0.9778704263936485	0.9724428157497271
0.9776665705265943	0.982911338663864	0.9829094061794248	0.9833420681279545	0.984082297164791	0.9832564644158694	0.9841211027092787	0.9835268926415242	0.9837443956379609	0.9833115010978402	0.9832218343294037	0.98357036056835	0.9839014246681994	0.9838181408704655	0.9820677300640819	0.982955644737655	0.9833002249154218	0.9828181378616364	0.9864242684433897	0.9799016671574066	0.9821384088683763	0.9832272666070057	0.9782082529611105	0.9898772516746845	1.0	0.9768253918120562	0.9748368894378615	0.977585926936097	0.9803447487629183	0.984184454233465	0.9805199936176163	0.9778597418769608	0.9766081923939763	0.9746472664276771	0.982726915764468	0.9824644337192354	0.9825326106885127	0.9744113997023846	0.982878081150144	0.9758831471556553	0.9708283732482914
0.9815539776041142	0.9856745912444435	0.9855402651226569	0.9804099141163548	0.983058066727083	0.9831862369769423	0.9830687530369178	0.982687170412138	0.9827556679514582	0.9825692743202551	0.9825153323803328	0.9827307715423016	0.9831732792405738	0.9836269278538676	0.9825116340699224	0.9823775487026948	0.9872696135210409	0.9868626309911938	0.9800404539378089	0.9778250040546014	0.9746603738169362	0.987805268210064	0.9788998677812791	0.9785103566325466	0.9768253918120562	1.0	0.967288482126948	0.9810607373861314	0.9791513109011677	0.9835605496875385	0.9786839520887487	0.9826684140958792	0.9777440300270916	0.9730333660218687	0.9852795463647961	0.987300060040235	0.986663462947285	0.9719899347823491	0.9799779536330975	0.9774380900944531	0.966765692396143
0.9703652017281621	0.9721716141737724	0.9720252476331629	0.9801251619132946	0.9741163594979556	0.9708615951315525	0.9729295607129351	0.9722844461332795	0.9742616198741567	0.9722815621213577	0.972085426607893	0.9729869902567385	0.9725158151364287	0.972076269913457	0.9698416790922733	0.9717785144060781	0.9735302110248951	0.9716258439678378	0.9719770334579306	0.9695069768857264	0.965442991378578	0.9721151406762256	0.9689338776035663	0.9743195290490883	0.9748368894378615	0.967288482126948	1.0	0.9664405583488804	0.9697452296484641	0.97328277701235	0.9753098007665714	0.9690303877901754	0.9709265177380042	0.9662478586037163	0.971882856586752	0.9721793667834415	0.9719494791459079	0.9705636820339	0.9748081546949044	0.9617875796327389	0.9659466348357009
0.9809133327047665	0.9862758198002233	0.9862648173385453	0.9810868709404352	0.9837957029472209	0.9840231674619073	0.9840616288654318	0.9835149737680933	0.9833975891100272	0.9835302578350619	0.9834218403625065	0.9836548394049237	0.984017770979208	0.9842310753907209	0.9839131930614622	0.9831032411974358	0.9874077611012133	0.9872103179908793	0.9806656869018885	0.9782448065684094	0.9739386767956482	0.9877858097437825	0.979066046198845	0.978434534238128	0.977585926936097	0.9810607373861314	0.9664405583488804	1.0	0.9793843984201407	0.9839608221202212	0.9798111347703566	0.9825932600935761	0.9775845736055656	0.975192514290674	0.9858478344955313	0.987455961400056	0.987047999536229	0.9736128722268779	0.97963326734617	0.9795322187188706	0.96948860987882
0.977789980859744	0.9895086239242248	0.9890409653087716	0.9865941254999703	0.9891620081535957	0.9888624413163115	0.989750816982333	0.9893434525995219	0.9876799327371772	0.989554461752815	0.9891860575364195	0.988056498390968	0.9897326177986482	0.9892065098543015	0.987846756067551	0.9888565950263245	0.9873369575170986	0.9892685231348415	0.9874971055056233	0.984509925953546	0.9754922761059912	0.9889323688258853	0.979394636164655	0.9827912120862802	0.9803447487629183	0.9791513109011677	0.9697452296484641	0.9793843984201407	1.0	0.9890030016641975	0.9847034184872041	0.9798268366714733	0.9754903051637437	0.9764050518206564	0.9890455507739965	0.9868542725128766	0.9889079551458059	0.9762390981552204	0.983213877495039	0.980608352709046	0.9707729308442455
0.9826175283979333	0.9933694479142293	0.9930118610230897	0.9893683304572022	0.9960258472496872	0.995154588083675	0.9964276017495863	0.9960844103765214	0.9948501477091867	0.9959685206161685	0.9957798695454833	0.9947101337189804	0.996090738228444	0.99575367398385	0.9950586551143238	0.9961564796344751	0.9919313722340758	0.9931202926369953	0.9905809816333975	0.9865595663101869	0.9792735244198235	0.9930910137256815	0.986900514411429	0.9869297150331681	0.984184454233465	0.9835605496875385	0.97328277701235	0.9839608221202212	0.9890030016641975	1.0	0.9871898432075197	0.9839009514591981	0.9804506577520165	0.9795788761982325	0.9930897194182592	0.9909702746445811	0.9929252724378359	0.9790603167851462	0.9906291255080714	0.9882393174546678	0.9758123228617079
0.9781014047042332	0.9871560846970402	0.9871806654818553	0.9924052818641642	0.9870749598969532	0.9870056455892898	0.9875969813386906	0.9869680672011134	0.9863277637392128	0.9871092688151188	0.9867458076049457	0.9868015378241435	0.987384306398417	0.9873274534741425	0.986173065235522	0.9865725517533723	0.9861464365916229	0.9867068196060035	0.9854761715261825	0.9822239549482246	0.9753425481492679	0.9870395559874932	0.9804513006038066	0.9832546158143659	0.9805199936176163	0.9786839520887487	0.9753098007665714	0.9798111347703566	0.9847034184872041	0.9871898432075197	1.0	0.9795202329794817	0.9765917418382599	0.9762428971709947	0.986973079126938	0.9859478599440313	0.9865301574277057	0.9833617074196307	0.9831207475308957	0.9802636557760422	0.9720611175501613
0.9809601145987511	0.9852718378798775	0.9854992465148203	0.9816144572592007	0.9837663220873801	0.9833062193326707	0.9835027470182391	0.9829359393937662	0.983307361446109	0.9828541758889557	0.9825892558138475	0.9833542267434284	0.9834017321117768	0.9836838274595414	0.9829955013729539	0.98233120662036	0.9872554430523007	0.9868027480102196	0.9806890406319263	0.9781067136251208	0.9741574304381693	0.9872346063785007	0.9803986501178111	0.9789390994751133	0.9778597418769608	0.9826684140958792	0.9690303877901754	0.9825932600935761	0.9798268366714733	0.9839009514591981	0.9795202329794817	1.0	0.978006468037562	0.9761041351549669	0.985056492050399	0.9869195317346727	0.9863273649045922	0.9725251171546755	0.9813568689519366	0.9771290246775691	0.9713368122440733
0.9785079521443416	0.9828971932559608	0.9827113568862874	0.9784434421151212	0.980384817793305	0.9796946279433434	0.9799713817015288	0.9793304590962506	0.9808460885360374	0.9792997078944123	0.9788369136689666	0.9799897489290406	0.97981893720598	0.9800392553808757	0.9792235679085421	0.9793287511769228	0.9823055437143224	0.9810783389381622	0.9769686345622379	0.9738643621448548	0.9706840718904759	0.9816850096704658	0.977733621625546	0.9765539058445059	0.9766081923939763	0.9777440300270916	0.9709265177380042	0.9775845736055656	0.9754903051637437	0.9804506577520165	0.9765917418382599	0.978006468037562	1.0	0.9733558267535246	0.9825710231848457	0.9817429256558272	0.9810679777604181	0.971153898422676	0.9791667865012578	0.9726623002088324	0.9677381404764078
0.9737001389249206	0.981244180798363	0.981191134513851	0.9790505855531011	0.979752795737937	0.979785235749699	0.9798487581631942	0.9792748592018967	0.978962826156455	0.9792267106567212	0.9787295884968151	0.9792664905181384	0.9796315039627275	0.9794471980809251	0.9784338243533951	0.9787757983875739	0.9801628489167491	0.9804894482940785	0.9782317363110725	0.9744089458443995	0.9697180836792554	0.9811117416787503	0.9732902602418435	0.9767058314963528	0.9746472664276771	0.9730333660218687	0.9662478586037163	0.975192514290674	0.9764050518206564	0.9795788761982325	0.9762428971709947	0.9761041351549669	0.9733558267535246	1.0	0.9810371126221354	0.9799061709567479	0.9806685357943361	0.9698858971575972	0.9781647245160837	0.972953468129273	0.9802817319113305
0.9835548288991584	0.9987919590556199	0.9986579182756371	0.9884952822160211	0.99272851677258	0.992865563956499	0.9937477664266245	0.9934116045186056	0.9910072511702305	0.9934162849714407	0.993522344972968	0.9913581708214574	0.9936483408962963	0.9931556109553681	0.9920360282481259	0.9931505773427607	0.9938746373060953	0.9964803608700741	0.9897518410112708	0.9868093388854162	0.9781080876981373	0.9961723356158856	0.9830242170392354	0.9853418913253768	0.982726915764468	0.9852795463647961	0.971882856586752	0.9858478344955313	0.9890455507739965	0.9930897194182592	0.986973079126938	0.985056492050399	0.9825710231848457	0.9810371126221354	1.0	0.9933364776399205	0.9961734830646223	0.9787623811138374	0.9860669483151665	0.9851326020731206	0.9724725489801141
0.9857333806710048	0.99368850582261	0.9936894195425312	0.9872396716703037	0.9907414773670173	0.990946392932367	0.9912425241034758	0.9908142404498347	0.9897195517368615	0.9907189899462515	0.9905764751908411	0.9903451632167082	0.9911320687619882	0.9911844715240097	0.989974987095507	0.9902238329029356	0.9944456195898395	0.9952313249794835	0.9876994325429279	0.985233039187161	0.9793444766753235	0.9951767524098509	0.9834141348740274	0.9847603397988257	0.9824644337192354	0.987300060040235	0.9721793667834415	0.987455961400056	0.9868542725128766	0.9909702746445811	0.9859478599440313	0.9869195317346727	0.9817429256558272	0.9799061709567479	0.9933364776399205	1.0	0.9946999011971815	0.9781822501269598	0.9855338880979255	0.9844776695955353	0.9730896885541317
0.9850244705198526	0.9965226319657712	0.9961783146492501	0.9882705947243855	0.9923860722376613	0.9926185459490956	0.9934210672854057	0.993106292819992	0.9907737815964583	0.993109672587644	0.9930040664150445	0.9912535915702736	0.9932564907604764	0.9930462420607948	0.99183363064014	0.9929019815390402	0.9954195662914471	0.9980446699666903	0.9895930446199763	0.9866229690002258	0.9778885363354327	0.997637270711046	0.9828975739422524	0.9854653146534902	0.9825326106885127	0.986663462947285	0.9719494791459079	0.987047999536229	0.9889079551458059	0.9929252724378359	0.9865301574277057	0.9863273649045922	0.9810679777604181	0.9806685357943361	0.9961734830646223	0.9946999011971815	1.0	0.9785689370895763	0.9858780015194315	0.9846680493046568	0.9729707305043551
0.9731729342354704	0.9791094142272738	0.9791833821903136	0.9847931986620913	0.9788247896604252	0.9789838281365438	0.9794253265386771	0.9788850199671828	0.9788649649542044	0.978852955222231	0.9786719654907498	0.9786942084245224	0.9793022877381046	0.9797818710640536	0.9784710917116034	0.9786314772421542	0.9782112545416518	0.9787885211605679	0.9774034294493444	0.9736673059920746	0.9697401516274847	0.9793706958960223	0.9728774813818318	0.9751902826563401	0.9744113997023846	0.9719899347823491	0.9705636820339	0.9736128722268779	0.9762390981552204	0.9790603167851462	0.9833617074196307	0.9725251171546755	0.971153898422676	0.9698858971575972	0.9787623811138374	0.9781822501269598	0.9785689370895763	1.0	0.9763607967949829	0.9732204149259788	0.9659918782637764
0.9794431690914314	0.9864415181392061	0.986318146933321	0.9850900442277686	0.9898092724447498	0.9887801046301137	0.9900219321682245	0.9895724008928072	0.9894336373349237	0.9894390281082948	0.9892459102868437	0.9893473880978061	0.9896457953335233	0.989642762485387	0.9886173194137348	0.9895139541871153	0.9861033488095705	0.9860513699816716	0.9846244568665372	0.9805292132907216	0.974839990695968	0.9863343979263685	0.9841572992324595	0.9837913176459668	0.982878081150144	0.9799779536330975	0.9748081546949044	0.97963326734617	0.983213877495039	0.9906291255080714	0.9831207475308957	0.9813568689519366	0.9791667865012578	0.9781647245160837	0.9860669483151665	0.9855338880979255	0.9858780015194315	0.9763607967949829	1.0	0.9821298147981443	0.9762359978165025
0.9752920014642055	0.9854516135428318	0.9854842221546315	0.9808699155892472	0.987879882015984	0.9885414763216699	0.9884293532756936	0.9878089354997516	0.9863443017102713	0.9880120879534793	0.987632033637238	0.987215901455774	0.988394744255643	0.9885540351821126	0.9884229257432446	0.9882068041059495	0.9839334473670902	0.9849364814276119	0.982459569328891	0.9785825510190649	0.9750815303760562	0.9854970929209794	0.9808144092653482	0.9778704263936485	0.9758831471556553	0.9774380900944531	0.9617875796327389	0.9795322187188706	0.980608352709046	0.9882393174546678	0.9802636557760422	0.9771290246775691	0.9726623002088324	0.972953468129273	0.9851326020731206	0.9844776695955353	0.9846680493046568	0.9732204149259788	0.9821298147981443	1.0	0.9693099967101748
0.9706345038044083	0.972964217319027	0.9725615573194909	0.9737504474037262	0.977151590831668	0.9764610579685602	0.9768321809269914	0.9761748042684327	0.9766725386395679	0.9763424897064908	0.975397882698222	0.9766284400051733	0.9766518729558168	0.976669025363575	0.9748478353784292	0.9742334540660303	0.9729411919940909	0.9727258717037525	0.9724898798088081	0.9686304289203783	0.9670579175096145	0.9730540169842378	0.9720778530386591	0.9724428157497271	0.9708283732482914	0.966765692396143	0.9659466348357009	0.96948860987882	0.9707729308442455	0.9758123228617079	0.9720611175501613	0.9713368122440733	0.9677381404764078	0.9802817319113305	0.9724725489801141	0.9730896885541317	0.9729707305043551	0.9659918782637764	0.9762359978165025	0.9693099967101748	1.0
