/home/jshaw/scratch/2022_sketched_distance/references/SGB_genome_fastas_part3/5063/Bengtsson-PalmeJ_2015__TRAVELRES45__bin.133.fa	/home/jshaw/scratch/2022_sketched_distance/references/SGB_genome_fastas_part3/5063/BritoIL_2016__W1.13.ST__bin.39.fa	/home/jshaw/scratch/2022_sketched_distance/references/SGB_genome_fastas_part3/5063/BritoIL_2016__W1.51.ST__bin.18.fa	/home/jshaw/scratch/2022_sketched_distance/references/SGB_genome_fastas_part3/5063/BritoIL_2016__W2.11.ST__bin.30.fa	/home/jshaw/scratch/2022_sketched_distance/references/SGB_genome_fastas_part3/5063/BritoIL_2016__W2.44.ST__bin.5.fa	/home/jshaw/scratch/2022_sketched_distance/references/SGB_genome_fastas_part3/5063/BritoIL_2016__W2.46.ST__bin.74.fa	/home/jshaw/scratch/2022_sketched_distance/references/SGB_genome_fastas_part3/5063/BritoIL_2016__W2.47.ST__bin.15.fa	/home/jshaw/scratch/2022_sketched_distance/references/SGB_genome_fastas_part3/5063/BritoIL_2016__W3.16.ST__bin.21.fa	/home/jshaw/scratch/2022_sketched_distance/references/SGB_genome_fastas_part3/5063/BritoIL_2016__WL.30.ST__bin.64.fa	/home/jshaw/scratch/2022_sketched_distance/references/SGB_genome_fastas_part3/5063/CM_madagascar__A55_01_1FE__bin.6.fa	/home/jshaw/scratch/2022_sketched_distance/references/SGB_genome_fastas_part3/5063/CM_madagascar__A89_02_1FE__bin.24.fa	/home/jshaw/scratch/2022_sketched_distance/references/SGB_genome_fastas_part3/5063/CosteaPI_2017__SID713A055-11-0-0__bin.74.fa	/home/jshaw/scratch/2022_sketched_distance/references/SGB_genome_fastas_part3/5063/CosteaPI_2017__SID713A074-11-0-0__bin.43.fa	/home/jshaw/scratch/2022_sketched_distance/references/SGB_genome_fastas_part3/5063/CosteaPI_2017__SID713B044-11-90-0__bin.48.fa	/home/jshaw/scratch/2022_sketched_distance/references/SGB_genome_fastas_part3/5063/CosteaPI_2017__SID713B072-11-0-0__bin.56.fa	/home/jshaw/scratch/2022_sketched_distance/references/SGB_genome_fastas_part3/5063/CosteaPI_2017__SID713B072-11-90-0__bin.19.fa	/home/jshaw/scratch/2022_sketched_distance/references/SGB_genome_fastas_part3/5063/LiJ_2014__MH0260__bin.48.fa	/home/jshaw/scratch/2022_sketched_distance/references/SGB_genome_fastas_part3/5063/LiJ_2014__O2.UC2-1__bin.2.fa	/home/jshaw/scratch/2022_sketched_distance/references/SGB_genome_fastas_part3/5063/LiJ_2014__O2.UC7-1__bin.37.fa	/home/jshaw/scratch/2022_sketched_distance/references/SGB_genome_fastas_part3/5063/NielsenHB_2014__V1_CD29_0__bin.39.fa	/home/jshaw/scratch/2022_sketched_distance/references/SGB_genome_fastas_part3/5063/NielsenHB_2014__V1_UC49_1__bin.72.fa	/home/jshaw/scratch/2022_sketched_distance/references/SGB_genome_fastas_part3/5063/Obregon-TitoAJ_2015__SM25__bin.48.fa	/home/jshaw/scratch/2022_sketched_distance/references/SGB_genome_fastas_part3/5063/QinJ_2012__CON-110__bin.17.fa	/home/jshaw/scratch/2022_sketched_distance/references/SGB_genome_fastas_part3/5063/QinJ_2012__T2D-104__bin.43.fa	/home/jshaw/scratch/2022_sketched_distance/references/SGB_genome_fastas_part3/5063/QinN_2014__LD-54__bin.16.fa	/home/jshaw/scratch/2022_sketched_distance/references/SGB_genome_fastas_part3/5063/VogtmannE_2016__MMRS65742083ST-27-0-0__bin.30.fa	/home/jshaw/scratch/2022_sketched_distance/references/SGB_genome_fastas_part3/5063/XieH_2016__YSZC12003_36703__bin.5.fa	/home/jshaw/scratch/2022_sketched_distance/references/SGB_genome_fastas_part3/5063/ZeeviD_2015__PNP_Main_301__bin.17.fa	/home/jshaw/scratch/2022_sketched_distance/references/SGB_genome_fastas_part3/5063/ZeeviD_2015__PNP_Main_376__bin.3.fa	/home/jshaw/scratch/2022_sketched_distance/references/SGB_genome_fastas_part3/5063/ZeeviD_2015__PNP_Main_415__bin.78.fa	/home/jshaw/scratch/2022_sketched_distance/references/SGB_genome_fastas_part3/5063/ZeeviD_2015__PNP_Main_593__bin.28.fa	/home/jshaw/scratch/2022_sketched_distance/references/SGB_genome_fastas_part3/5063/ZeeviD_2015__PNP_Main_69__bin.47.fa	/home/jshaw/scratch/2022_sketched_distance/references/SGB_genome_fastas_part3/5063/ZellerG_2014__CCIS51595129ST-4-0__bin.22.fa
1.0	0.9843935678053035	0.9849349552257846	0.9857533325365899	0.9851954926758419	0.9842522797096789	0.9829553213974124	0.9794726327475886	0.9839164188380589	0.986360510408387	0.9860975436721588	0.985420859515459	0.9829897368078117	0.9856316952905652	0.9850289692331691	0.9850193290162791	0.9843984934625118	0.9840425391864179	0.9856446687805198	0.9845647049072108	0.9848966650423256	0.9761114349716594	0.9846576417999233	0.9845434528135714	0.9838996028523385	0.9826161989723948	0.984737531769351	0.9843097998360492	0.983982714407414	0.9854477092592987	0.9841522772598121	0.985960464063556	0.9840893764996823
0.9843935678053035	1.0	0.9935531173662699	0.9923018450507638	0.9930884344095952	0.9928247154976587	0.9915773514406091	0.9887264711446775	0.989222891165884	0.9850007093165103	0.9846055003379856	0.9886289662823852	0.9818965446696009	0.9875201509562493	0.989116289862583	0.9896532943998669	0.9884269202949933	0.9874891955904804	0.9884173033532563	0.987300470523548	0.988371322379714	0.9756800732341022	0.9883464645465201	0.9881543937541641	0.9867087942809591	0.9853354947556777	0.9886755803672465	0.9889179124265083	0.9879858675202736	0.9879136736182303	0.9879462811229336	0.9866139646819887	0.9872765534576746
0.9849349552257846	0.9935531173662699	1.0	0.9945043104899239	0.9948689614751478	0.9962123360587528	0.9947749851858451	0.9923570463015968	0.9896452456842537	0.9853817870628856	0.9854557951047641	0.9898358979542317	0.9824991515721567	0.9894927156189384	0.9909351670774821	0.9911454991496693	0.989937934208409	0.988531694977822	0.9898274525463652	0.9882259101783327	0.9892404788798332	0.9743424059272807	0.9896306261541237	0.9895182080464712	0.988379178981658	0.9858505661227175	0.9892059486598076	0.9911281895876132	0.9893977240217888	0.9889993279490175	0.9893246366143464	0.9877161365423558	0.9884851254253443
0.9857533325365899	0.9923018450507638	0.9945043104899239	1.0	0.9945864600833348	0.9938975176888608	0.9923089503036082	0.9890222036207063	0.9892464342231311	0.9856362746905112	0.9858765449898058	0.9901269244393766	0.9816669290646874	0.9889593499358073	0.990798182233413	0.9912787723698587	0.9897442889813655	0.9884483864673633	0.9899145001215707	0.9882067615030536	0.9894544659435904	0.9750691278463404	0.9892978714259605	0.9893493725153695	0.9881502756279998	0.9850569959491627	0.9889825887970787	0.9915745727999994	0.9891626117279574	0.9888971121539508	0.9891656679165011	0.9880413654693113	0.987964650443634
0.9851954926758419	0.9930884344095952	0.9948689614751478	0.9945864600833348	1.0	0.9947258983534473	0.9929680234542735	0.9899561007116963	0.9904055586011583	0.985812887199774	0.9856116699800705	0.9892701689681439	0.982121880507935	0.9891353581884023	0.9906828679167737	0.9912233313167159	0.9901165090754659	0.9885586505631228	0.9895300903729817	0.9883616271418384	0.9890666352209706	0.975449105315581	0.9892865126422891	0.9892754957359473	0.9880804153107464	0.9853687499721883	0.9891660056407097	0.9913908716178581	0.9896051713099021	0.9892264524969282	0.9896799555961537	0.987955399549383	0.9881983350007258
0.9842522797096789	0.9928247154976587	0.9962123360587528	0.9938975176888608	0.9947258983534473	1.0	0.9949026050482379	0.9905179159773613	0.9897107795576178	0.9843707614268015	0.984429340620656	0.9889192515780908	0.981408890173523	0.98857673546268	0.9903931683233185	0.9905377719272161	0.9889976908899858	0.9882060445544197	0.9889821403022941	0.9880695220697326	0.9886708892714857	0.9735979318473733	0.9888562501830936	0.9885928172204372	0.98728003282335	0.9847659907165278	0.9880879305328931	0.9914995740832356	0.9890110732088812	0.988381157279132	0.9893045435517893	0.9870991392141263	0.9873499132036394
0.9829553213974124	0.9915773514406091	0.9947749851858451	0.9923089503036082	0.9929680234542735	0.9949026050482379	1.0	0.9887323264989927	0.9884609711515345	0.9833100723903808	0.9830549242120836	0.9877731832068366	0.9807322191181865	0.9878938629075144	0.9894401819622521	0.9892372551182467	0.9879772382800633	0.9871719205027512	0.9879722195470183	0.9866697157893087	0.9873675213941934	0.9722604023087855	0.9881098874886902	0.9871917682468686	0.9865484413223063	0.9844883643378356	0.9870727349183039	0.9896571486814703	0.9877878837573649	0.9868397835940306	0.9876687747015016	0.9857400790855697	0.9862056232014849
0.9794726327475886	0.9887264711446775	0.9923570463015968	0.9890222036207063	0.9899561007116963	0.9905179159773613	0.9887323264989927	1.0	0.9847816443531298	0.979762314039179	0.9795487804142105	0.984857650478121	0.9756996490551898	0.9842975751120163	0.9857404399145795	0.9861213823441317	0.9860178977226619	0.983926754207846	0.9853661053014537	0.9842232461869609	0.9855919776961369	0.9683970329485747	0.9845443399322227	0.9853908370611336	0.9844837991315509	0.9810490669430391	0.9844506527582116	0.9868096160439916	0.9852433002505119	0.9843618532557171	0.9857828007725287	0.9831135892329514	0.9848057081690672
0.9839164188380589	0.989222891165884	0.9896452456842537	0.9892464342231311	0.9904055586011583	0.9897107795576178	0.9884609711515345	0.9847816443531298	1.0	0.9852301277654392	0.9853989805483777	0.989872689405561	0.9812001489515052	0.9894139017556135	0.9895381803214658	0.9896445732712466	0.9897552946130695	0.9885157015740069	0.989731240651994	0.9884271640409024	0.9890801417078922	0.9739555277836118	0.9890494510605211	0.9892316852832155	0.9878924147982772	0.9859233339259673	0.9884260827766549	0.9879415999267258	0.9894738540252344	0.9882997984186854	0.989558297681557	0.9883563511324115	0.9882609904076017
0.986360510408387	0.9850007093165103	0.9853817870628856	0.9856362746905112	0.985812887199774	0.9843707614268015	0.9833100723903808	0.979762314039179	0.9852301277654392	1.0	0.9910450855019921	0.985447085416304	0.9823432082749607	0.9849553522833474	0.9850923505429536	0.9853236809867384	0.9844042540218279	0.9845571738451048	0.9855615490700909	0.9840670050371271	0.985109967169148	0.9759381845816583	0.9842765631225394	0.9844759891455895	0.9834778746751731	0.982828056605072	0.9845219150774581	0.9844231153642604	0.9841792072654464	0.9856542735638149	0.9840657285054064	0.985018010581862	0.9841516991944218
0.9860975436721588	0.9846055003379856	0.9854557951047641	0.9858765449898058	0.9856116699800705	0.984429340620656	0.9830549242120836	0.9795487804142105	0.9853989805483777	0.9910450855019921	1.0	0.9860283412826163	0.9819787644479282	0.9850585693852645	0.9851350503465405	0.9853428510182104	0.9847812560649425	0.9845198246893214	0.9856114050458191	0.9841473404076827	0.9849322577249504	0.9757339017969654	0.9846233607504428	0.9848698567558473	0.9830593302002365	0.9823306818740607	0.9845583304549299	0.9837846134250897	0.9841118202551592	0.9855601506799739	0.9841290154830414	0.9849347351947815	0.9839346870703918
0.985420859515459	0.9886289662823852	0.9898358979542317	0.9901269244393766	0.9892701689681439	0.9889192515780908	0.9877731832068366	0.984857650478121	0.989872689405561	0.985447085416304	0.9860283412826163	1.0	0.9826155214000686	0.9907001217797586	0.9910694249312362	0.991099218798294	0.9914226830142119	0.9922969662398219	0.9937522454669907	0.9900660934979254	0.9938912171987638	0.9747149651574221	0.9910585741191087	0.991167051857776	0.989859065641059	0.986807330332911	0.9905794364567199	0.990264214285175	0.9907510776236671	0.9898579612056361	0.9907122604552875	0.9890509041559258	0.9900374048283824
0.9829897368078117	0.9818965446696009	0.9824991515721567	0.9816669290646874	0.982121880507935	0.981408890173523	0.9807322191181865	0.9756996490551898	0.9812001489515052	0.9823432082749607	0.9819787644479282	0.9826155214000686	1.0	0.9827341599932591	0.9828616610759876	0.9825426050526426	0.9807162085656326	0.9820547721150616	0.9825797192505086	0.9811910641833541	0.9820849840584428	0.9746463156595607	0.9818466203395124	0.9812642017045268	0.9797014403790598	0.9803385461891159	0.9804130149779333	0.9817138489609193	0.981640505188447	0.981602283314206	0.9803427059272211	0.9820113433686201	0.9807252244021251
0.9856316952905652	0.9875201509562493	0.9894927156189384	0.9889593499358073	0.9891353581884023	0.98857673546268	0.9878938629075144	0.9842975751120163	0.9894139017556135	0.9849553522833474	0.9850585693852645	0.9907001217797586	0.9827341599932591	1.0	0.9917533618196461	0.9913652208151273	0.9899317208838377	0.9899509173960087	0.9908998664107858	0.9892681264671417	0.9903862688337501	0.9736128722268779	0.9901399501459184	0.9901465163129858	0.9884606915369053	0.9898751167359385	0.9892670929921211	0.9891525953010072	0.9891176790864648	0.9888572689910377	0.9895941719620991	0.9907302649010161	0.9890515388379201
0.9850289692331691	0.989116289862583	0.9909351670774821	0.990798182233413	0.9906828679167737	0.9903931683233185	0.9894401819622521	0.9857404399145795	0.9895381803214658	0.9850923505429536	0.9851350503465405	0.9910694249312362	0.9828616610759876	0.9917533618196461	1.0	0.9981592998433653	0.9907446510935538	0.9897161068524851	0.9909980509166173	0.989885483622267	0.9907246827083049	0.9737430771383658	0.9906073882276398	0.9904017910569618	0.9899258012616083	0.9872249253530768	0.9905764636522668	0.9906379127529242	0.9902195597066343	0.9892564598467202	0.9902201450715089	0.9887188761662324	0.9898946515921515
0.9850193290162791	0.9896532943998669	0.9911454991496693	0.9912787723698587	0.9912233313167159	0.9905377719272161	0.9892372551182467	0.9861213823441317	0.9896445732712466	0.9853236809867384	0.9853428510182104	0.991099218798294	0.9825426050526426	0.9913652208151273	0.9981592998433653	1.0	0.9908894668284964	0.9896231441743985	0.9912648126305159	0.9898738378164521	0.9909323504887616	0.9740536822147102	0.9904936028407381	0.9904810054297731	0.9901080475108341	0.9865076380371766	0.9907803870165959	0.9906082110270666	0.9902058504309909	0.9893612906208283	0.9902224797109164	0.9889799092709814	0.9900773096168562
0.9843984934625118	0.9884269202949933	0.989937934208409	0.9897442889813655	0.9901165090754659	0.9889976908899858	0.9879772382800633	0.9860178977226619	0.9897552946130695	0.9844042540218279	0.9847812560649425	0.9914226830142119	0.9807162085656326	0.9899317208838377	0.9907446510935538	0.9908894668284964	1.0	0.9888301681061096	0.9904082019224942	0.9893509398859253	0.9901583099012755	0.9728129484334277	0.9910720203306994	0.9908580331730219	0.9897437723577813	0.9857921047757977	0.9907549735949931	0.9896970630909551	0.9911089790383915	0.9894326903230898	0.9911590179197708	0.9884349869751438	0.9901405223197114
0.9840425391864179	0.9874891955904804	0.988531694977822	0.9884483864673633	0.9885586505631228	0.9882060445544197	0.9871719205027512	0.983926754207846	0.9885157015740069	0.9845571738451048	0.9845198246893214	0.9922969662398219	0.9820547721150616	0.9899509173960087	0.9897161068524851	0.9896231441743985	0.9888301681061096	1.0	0.9965508202844675	0.9891323867991915	0.9960611987699088	0.9737111962935362	0.9889253580665762	0.9896655941833831	0.9875755187591894	0.9871045291677184	0.9891908816785774	0.9890671550948723	0.989587766161969	0.9887130328004817	0.9893527291443054	0.9877924300359837	0.988345461472942
0.9856446687805198	0.9884173033532563	0.9898274525463652	0.9899145001215707	0.9895300903729817	0.9889821403022941	0.9879722195470183	0.9853661053014537	0.989731240651994	0.9855615490700909	0.9856114050458191	0.9937522454669907	0.9825797192505086	0.9908998664107858	0.9909980509166173	0.9912648126305159	0.9904082019224942	0.9965508202844675	1.0	0.9902447227088115	0.9978795328991983	0.9751363742901158	0.9900515365808029	0.9911607250658993	0.9895889630035911	0.9874659323762799	0.990471010161896	0.9895817123394871	0.990723055051483	0.9899466099721478	0.9906089296287599	0.9892154287652589	0.9898527187576852
0.9845647049072108	0.987300470523548	0.9882259101783327	0.9882067615030536	0.9883616271418384	0.9880695220697326	0.9866697157893087	0.9842232461869609	0.9884271640409024	0.9840670050371271	0.9841473404076827	0.9900660934979254	0.9811910641833541	0.9892681264671417	0.989885483622267	0.9898738378164521	0.9893509398859253	0.9891323867991915	0.9902447227088115	1.0	0.9899178732096053	0.9735069732949249	0.9888986652635877	0.9897417862551601	0.9888253198364201	0.9859181410759078	0.9906911104294952	0.9894827179714341	0.9892338973832333	0.9886343231095369	0.990165131669647	0.9882742822243432	0.9891262524938559
0.9848966650423256	0.988371322379714	0.9892404788798332	0.9894544659435904	0.9890666352209706	0.9886708892714857	0.9873675213941934	0.9855919776961369	0.9890801417078922	0.985109967169148	0.9849322577249504	0.9938912171987638	0.9820849840584428	0.9903862688337501	0.9907246827083049	0.9909323504887616	0.9901583099012755	0.9960611987699088	0.9978795328991983	0.9899178732096053	1.0	0.9744648702725468	0.9896096125079532	0.9903253402104285	0.9896317342464703	0.9875050199220318	0.9901822449507238	0.9894810642871635	0.9900911112169696	0.9897150558713449	0.9903145125326064	0.9887536518065805	0.9900921273051642
0.9761114349716594	0.9756800732341022	0.9743424059272807	0.9750691278463404	0.975449105315581	0.9735979318473733	0.9722604023087855	0.9683970329485747	0.9739555277836118	0.9759381845816583	0.9757339017969654	0.9747149651574221	0.9746463156595607	0.9736128722268779	0.9737430771383658	0.9740536822147102	0.9728129484334277	0.9737111962935362	0.9751363742901158	0.9735069732949249	0.9744648702725468	1.0	0.9732469371850241	0.9732642015832323	0.971883646590162	0.9702576039446196	0.9735979849566508	0.9728145755628437	0.9734338898163319	0.9738907727436357	0.9731948587038358	0.9741988508565395	0.9726412898190868
0.9846576417999233	0.9883464645465201	0.9896306261541237	0.9892978714259605	0.9892865126422891	0.9888562501830936	0.9881098874886902	0.9845443399322227	0.9890494510605211	0.9842765631225394	0.9846233607504428	0.9910585741191087	0.9818466203395124	0.9901399501459184	0.9906073882276398	0.9904936028407381	0.9910720203306994	0.9889253580665762	0.9900515365808029	0.9888986652635877	0.9896096125079532	0.9732469371850241	1.0	0.9907118100567447	0.9896278109982793	0.9865417917026305	0.9899270672639521	0.9889276099634975	0.9929342496191994	0.9891975741715653	0.9901011880560245	0.9881979064215932	0.9896292491004677
0.9845434528135714	0.9881543937541641	0.9895182080464712	0.9893493725153695	0.9892754957359473	0.9885928172204372	0.9871917682468686	0.9853908370611336	0.9892316852832155	0.9844759891455895	0.9848698567558473	0.991167051857776	0.9812642017045268	0.9901465163129858	0.9904017910569618	0.9904810054297731	0.9908580331730219	0.9896655941833831	0.9911607250658993	0.9897417862551601	0.9903253402104285	0.9732642015832323	0.9907118100567447	1.0	0.9893753645123247	0.9863964582822132	0.9910386364964056	0.989454798673401	0.990508413658293	0.9895696063466543	0.9910094342156449	0.9885087175635524	0.990120049149071
0.9838996028523385	0.9867087942809591	0.988379178981658	0.9881502756279998	0.9880804153107464	0.98728003282335	0.9865484413223063	0.9844837991315509	0.9878924147982772	0.9834778746751731	0.9830593302002365	0.989859065641059	0.9797014403790598	0.9884606915369053	0.9899258012616083	0.9901080475108341	0.9897437723577813	0.9875755187591894	0.9895889630035911	0.9888253198364201	0.9896317342464703	0.971883646590162	0.9896278109982793	0.9893753645123247	1.0	0.9846403335415137	0.9895565144448953	0.9888533861102299	0.9892699391800442	0.988469339794371	0.9895982944053082	0.9876189836174978	0.9921246635174928
0.9826161989723948	0.9853354947556777	0.9858505661227175	0.9850569959491627	0.9853687499721883	0.9847659907165278	0.9844883643378356	0.9810490669430391	0.9859233339259673	0.982828056605072	0.9823306818740607	0.986807330332911	0.9803385461891159	0.9898751167359385	0.9872249253530768	0.9865076380371766	0.9857921047757977	0.9871045291677184	0.9874659323762799	0.9859181410759078	0.9875050199220318	0.9702576039446196	0.9865417917026305	0.9863964582822132	0.9846403335415137	1.0	0.9861876504172163	0.9852729385920831	0.9854640476000449	0.9854457751376652	0.9860286222569581	0.9870180900266222	0.9859016934904277
0.984737531769351	0.9886755803672465	0.9892059486598076	0.9889825887970787	0.9891660056407097	0.9880879305328931	0.9870727349183039	0.9844506527582116	0.9884260827766549	0.9845219150774581	0.9845583304549299	0.9905794364567199	0.9804130149779333	0.9892670929921211	0.9905764636522668	0.9907803870165959	0.9907549735949931	0.9891908816785774	0.990471010161896	0.9906911104294952	0.9901822449507238	0.9735979849566508	0.9899270672639521	0.9910386364964056	0.9895565144448953	0.9861876504172163	1.0	0.9892434043022754	0.9892641433137193	0.9889502336804157	0.9910475511785471	0.9883006596192474	0.9901014958473436
0.9843097998360492	0.9889179124265083	0.9911281895876132	0.9915745727999994	0.9913908716178581	0.9914995740832356	0.9896571486814703	0.9868096160439916	0.9879415999267258	0.9844231153642604	0.9837846134250897	0.990264214285175	0.9817138489609193	0.9891525953010072	0.9906379127529242	0.9906082110270666	0.9896970630909551	0.9890671550948723	0.9895817123394871	0.9894827179714341	0.9894810642871635	0.9728145755628437	0.9889276099634975	0.989454798673401	0.9888533861102299	0.9852729385920831	0.9892434043022754	1.0	0.9888834136653887	0.988008007756631	0.9898873737921933	0.9879272476668594	0.9885024552557786
0.983982714407414	0.9879858675202736	0.9893977240217888	0.9891626117279574	0.9896051713099021	0.9890110732088812	0.9877878837573649	0.9852433002505119	0.9894738540252344	0.9841792072654464	0.9841118202551592	0.9907510776236671	0.981640505188447	0.9891176790864648	0.9902195597066343	0.9902058504309909	0.9911089790383915	0.989587766161969	0.990723055051483	0.9892338973832333	0.9900911112169696	0.9734338898163319	0.9929342496191994	0.990508413658293	0.9892699391800442	0.9854640476000449	0.9892641433137193	0.9888834136653887	1.0	0.9894401883661573	0.9907987868815363	0.9880637325888744	0.9892877423719534
0.9854477092592987	0.9879136736182303	0.9889993279490175	0.9888971121539508	0.9892264524969282	0.988381157279132	0.9868397835940306	0.9843618532557171	0.9882997984186854	0.9856542735638149	0.9855601506799739	0.9898579612056361	0.981602283314206	0.9888572689910377	0.9892564598467202	0.9893612906208283	0.9894326903230898	0.9887130328004817	0.9899466099721478	0.9886343231095369	0.9897150558713449	0.9738907727436357	0.9891975741715653	0.9895696063466543	0.988469339794371	0.9854457751376652	0.9889502336804157	0.988008007756631	0.9894401883661573	1.0	0.9904841295595925	0.9879228565760643	0.9889514896323294
0.9841522772598121	0.9879462811229336	0.9893246366143464	0.9891656679165011	0.9896799555961537	0.9893045435517893	0.9876687747015016	0.9857828007725287	0.989558297681557	0.9840657285054064	0.9841290154830414	0.9907122604552875	0.9803427059272211	0.9895941719620991	0.9902201450715089	0.9902224797109164	0.9911590179197708	0.9893527291443054	0.9906089296287599	0.990165131669647	0.9903145125326064	0.9731948587038358	0.9901011880560245	0.9910094342156449	0.9895982944053082	0.9860286222569581	0.9910475511785471	0.9898873737921933	0.9907987868815363	0.9904841295595925	1.0	0.9886536583904726	0.9897869597972162
0.985960464063556	0.9866139646819887	0.9877161365423558	0.9880413654693113	0.987955399549383	0.9870991392141263	0.9857400790855697	0.9831135892329514	0.9883563511324115	0.985018010581862	0.9849347351947815	0.9890509041559258	0.9820113433686201	0.9907302649010161	0.9887188761662324	0.9889799092709814	0.9884349869751438	0.9877924300359837	0.9892154287652589	0.9882742822243432	0.9887536518065805	0.9741988508565395	0.9881979064215932	0.9885087175635524	0.9876189836174978	0.9870180900266222	0.9883006596192474	0.9879272476668594	0.9880637325888744	0.9879228565760643	0.9886536583904726	1.0	0.9878271180361086
0.9840893764996823	0.9872765534576746	0.9884851254253443	0.987964650443634	0.9881983350007258	0.9873499132036394	0.9862056232014849	0.9848057081690672	0.9882609904076017	0.9841516991944218	0.9839346870703918	0.9900374048283824	0.9807252244021251	0.9890515388379201	0.9898946515921515	0.9900773096168562	0.9901405223197114	0.988345461472942	0.9898527187576852	0.9891262524938559	0.9900921273051642	0.9726412898190868	0.9896292491004677	0.990120049149071	0.9921246635174928	0.9859016934904277	0.9901014958473436	0.9885024552557786	0.9892877423719534	0.9889514896323294	0.9897869597972162	0.9878271180361086	1.0
