/home/jshaw/scratch/2022_sketched_distance/references/SGB_genome_fastas_part5/15465/Bengtsson-PalmeJ_2015__TRAVELRES18__bin.26.fa	/home/jshaw/scratch/2022_sketched_distance/references/SGB_genome_fastas_part5/15465/ChengpingW_2017__AS22raw__bin.17.fa	/home/jshaw/scratch/2022_sketched_distance/references/SGB_genome_fastas_part5/15465/CosteaPI_2017__SID713B044-11-0-0__bin.24.fa	/home/jshaw/scratch/2022_sketched_distance/references/SGB_genome_fastas_part5/15465/CosteaPI_2017__SID713B044-11-90-0__bin.37.fa	/home/jshaw/scratch/2022_sketched_distance/references/SGB_genome_fastas_part5/15465/CosteaPI_2017__SID713B051-11-0-0__bin.31.fa	/home/jshaw/scratch/2022_sketched_distance/references/SGB_genome_fastas_part5/15465/CosteaPI_2017__SID713B051-11-90-0__bin.3.fa	/home/jshaw/scratch/2022_sketched_distance/references/SGB_genome_fastas_part5/15465/CosteaPI_2017__SID713B055-11-0-0__bin.60.fa	/home/jshaw/scratch/2022_sketched_distance/references/SGB_genome_fastas_part5/15465/FengQ_2015__SID531382__bin.15.fa	/home/jshaw/scratch/2022_sketched_distance/references/SGB_genome_fastas_part5/15465/HeQ_2017__SZAXPI029577-94__bin.39.fa	/home/jshaw/scratch/2022_sketched_distance/references/SGB_genome_fastas_part5/15465/HeQ_2017__SZAXPI029579-97__bin.42.fa	/home/jshaw/scratch/2022_sketched_distance/references/SGB_genome_fastas_part5/15465/HeQ_2017__SZAXPI029580-98__bin.5.fa	/home/jshaw/scratch/2022_sketched_distance/references/SGB_genome_fastas_part5/15465/LeChatelierE_2013__MH0204__bin.21.fa	/home/jshaw/scratch/2022_sketched_distance/references/SGB_genome_fastas_part5/15465/LeChatelierE_2013__MH0211__bin.19.fa	/home/jshaw/scratch/2022_sketched_distance/references/SGB_genome_fastas_part5/15465/LeChatelierE_2013__MH0430__bin.3.fa	/home/jshaw/scratch/2022_sketched_distance/references/SGB_genome_fastas_part5/15465/LiJ_2014__MH0262__bin.36.fa	/home/jshaw/scratch/2022_sketched_distance/references/SGB_genome_fastas_part5/15465/LiJ_2014__MH0369__bin.54.fa	/home/jshaw/scratch/2022_sketched_distance/references/SGB_genome_fastas_part5/15465/LiJ_2014__V1.FI32__bin.96.fa	/home/jshaw/scratch/2022_sketched_distance/references/SGB_genome_fastas_part5/15465/LiSS_2016__FAT_012-22-42-0__bin.61.fa	/home/jshaw/scratch/2022_sketched_distance/references/SGB_genome_fastas_part5/15465/QinJ_2012__T2D-085__bin.36.fa	/home/jshaw/scratch/2022_sketched_distance/references/SGB_genome_fastas_part5/15465/RaymondF_2016__P19E0__bin.55.fa	/home/jshaw/scratch/2022_sketched_distance/references/SGB_genome_fastas_part5/15465/RaymondF_2016__P19E7__bin.14.fa	/home/jshaw/scratch/2022_sketched_distance/references/SGB_genome_fastas_part5/15465/RaymondF_2016__P19E90__bin.11.fa	/home/jshaw/scratch/2022_sketched_distance/references/SGB_genome_fastas_part5/15465/VogtmannE_2016__MMRS51410669ST-27-0-0__bin.61.fa	/home/jshaw/scratch/2022_sketched_distance/references/SGB_genome_fastas_part5/15465/VogtmannE_2016__MMRS55294627ST-27-0-0__bin.13.fa	/home/jshaw/scratch/2022_sketched_distance/references/SGB_genome_fastas_part5/15465/VogtmannE_2016__MMRS65862658ST-27-0-0__bin.2.fa	/home/jshaw/scratch/2022_sketched_distance/references/SGB_genome_fastas_part5/15465/XieH_2016__YSZC12003_35980__bin.62.fa	/home/jshaw/scratch/2022_sketched_distance/references/SGB_genome_fastas_part5/15465/XieH_2016__YSZC12003_37277__bin.50.fa	/home/jshaw/scratch/2022_sketched_distance/references/SGB_genome_fastas_part5/15465/XieH_2016__YSZC12003_37282__bin.25.fa	/home/jshaw/scratch/2022_sketched_distance/references/SGB_genome_fastas_part5/15465/YuJ_2015__SZAXPI003409-8__bin.49.fa	/home/jshaw/scratch/2022_sketched_distance/references/SGB_genome_fastas_part5/15465/ZellerG_2014__CCIS87116798ST-4-0__bin.33.fa	/home/jshaw/scratch/2022_sketched_distance/references/SGB_genome_fastas_part5/15465/ZellerG_2014__CCIS90166425ST-4-0__bin.54.fa
1.0	0.9919258553897139	0.9935831486440199	0.993359430731511	0.9952145531702298	0.9919258553897139	0.9776601420892853	0.9902428112939875	0.992130334719174	0.9918084397922533	0.9907628600762322	0.9864222317611576	0.9837545664999592	0.9891456030937527	0.9940261016417508	0.9852592841541958	0.9874784551645869	0.979006974412888	0.9919844071949131	0.990150181487822	0.9858635160229092	0.9894628327338837	0.9856515243740108	0.97859969342686	0.9782969741263602	0.9923913925622331	0.993833038083244	0.9917495752472184	0.9922756211584665	0.9857930039949082	0.9884693159883845
0.9919258553897139	1.0	0.994055043981124	0.9939966902788622	0.9938405760747372	0.9894545771492349	0.987552400813729	0.991699405819678	0.9925847610810472	0.9924422387781524	0.9913848975783545	0.9887389601422002	0.989551031156404	0.9923323854089069	0.9966340248196024	0.9914947909549926	0.9911862691927613	0.9878856542867336	0.9897041849482182	0.9888003917920494	0.9865371729263008	0.9896327814572176	0.9879690769182107	0.986909411743901	0.9893085257286194	0.9918035803943689	0.9929283521841424	0.9910247984142755	0.992746895494576	0.9870833360992045	0.9903143725886916
0.9935831486440199	0.994055043981124	1.0	0.999507809976608	0.9933520854329325	0.9936269614746338	0.9946046009703597	0.993260052761093	0.9927413570576483	0.9929263662792793	0.9933835405048661	0.9939335219497566	0.9942024904535425	0.9940646263692569	0.9929827711576588	0.994779592445121	0.9938511438280389	0.9946099789788431	0.9957792411734818	0.9913901087454774	0.9920796263106022	0.991920024407613	0.9941953230801159	0.9942003828986474	0.9934285473993639	0.9939559120628096	0.9923764326461433	0.9936739999049345	0.9938712867304197	0.9932466355678659	0.9927461761951967
0.993359430731511	0.9939966902788622	0.999507809976608	1.0	0.9928121151730529	0.9934224113073986	0.9946866257504774	0.9929031143670052	0.9922901840949927	0.9925908611436732	0.9932003971434082	0.9938899894657656	0.9941275900536108	0.9940646263692569	0.9929208162002162	0.9948276680191743	0.9937146705990012	0.9947842074770977	0.9952880764834685	0.9911884756256149	0.9919279666788369	0.9918324360490396	0.9939495988630349	0.994148823163301	0.9934605460023999	0.9935929337844212	0.992311926624199	0.9934055194283402	0.9934336368330982	0.9930960716796254	0.9925757589677559
0.9952145531702298	0.9938405760747372	0.9933520854329325	0.9928121151730529	1.0	0.9991789249206112	0.9937449086001104	0.9933486892670284	0.9923712032916747	0.9927510497901666	0.9930497953302603	0.9935396546507117	0.9938262837933458	0.994614219423722	0.9924681400503165	0.9940745466746397	0.9930237389889196	0.9949287018393558	0.9920520039480234	0.9968528041319787	0.9972200713122864	0.9971821934105894	0.9980765753328656	0.9940195717503842	0.9935563567156004	0.994734327956124	0.9978989722444886	0.9947104866361446	0.9936612881464303	0.9928363580834986	0.9922667782298866
0.9919258553897139	0.9894545771492349	0.9936269614746338	0.9934224113073986	0.9991789249206112	1.0	0.9892047483871041	0.9894220109601932	0.9920902480544956	0.9921872020061813	0.9912245656759905	0.990134474575483	0.9904849834542245	0.9912806628314174	0.9931978150963975	0.9909591827311032	0.9902277482163294	0.9908200427373306	0.987515210218116	0.9926677542444211	0.9919930090163528	0.9944689269665754	0.9935208254815813	0.9895030182324696	0.9903437939692922	0.9922838725657775	0.9973907672503342	0.9921872020061813	0.9921678339412119	0.9891388534028227	0.9898404125850442
0.9776601420892853	0.987552400813729	0.9946046009703597	0.9946866257504774	0.9937449086001104	0.9892047483871041	1.0	0.9910841218117766	0.9930349806823692	0.9933492257352441	0.9925433838818927	0.9858484190345396	0.9798322964959167	0.9797033823234592	0.9937449086001104	0.9829002490893393	0.9769183323872938	0.9806047617933199	0.9847598194595243	0.986971169856923	0.9905624062622463	0.9921034717916796	0.9853448924948753	0.9813817812365171	0.9810679261830705	0.9927466912794946	0.9932923116786586	0.9929199660835233	0.9936605164683684	0.9860618762427402	0.9930062644784677
0.9902428112939875	0.991699405819678	0.993260052761093	0.9929031143670052	0.9933486892670284	0.9894220109601932	0.9910841218117766	1.0	0.9920488362934304	0.9922690559271617	0.9911151297996609	0.9895932566756396	0.9896942494806119	0.9907280495610846	0.9945994353900053	0.9905790218298339	0.9891464754792773	0.9913704399540544	0.9878744149544171	0.9878319216935071	0.9880620597776087	0.9897422100792245	0.9906019894683604	0.990149870420265	0.9910048817514133	0.991152988970962	0.9922141383384288	0.9908679819127149	0.9915479131162082	0.9882272108369723	0.9901542650047461
0.992130334719174	0.9925847610810472	0.9927413570576483	0.9922901840949927	0.9923712032916747	0.9920902480544956	0.9930349806823692	0.9920488362934304	1.0	0.9980398589539903	0.9983116980502189	0.9926472495780941	0.9923300240417885	0.9927543688195227	0.991700911793263	0.9938279074381284	0.9922895351406128	0.9933942551864823	0.9913307124888279	0.9901614231983656	0.9911979264592109	0.9909255205583055	0.9934753668559775	0.9925634838752825	0.9920892359612363	0.9924623340598997	0.9911177577938955	0.9923614845262837	0.992674423567978	0.9915289092016343	0.9918677218879083
0.9918084397922533	0.9924422387781524	0.9929263662792793	0.9925908611436732	0.9927510497901666	0.9921872020061813	0.9933492257352441	0.9922690559271617	0.9980398589539903	1.0	0.9985825345452841	0.9929847271149057	0.9925142377183772	0.9930154015969009	0.9916956824859555	0.9939514565599704	0.9923465944429686	0.9936050014836354	0.9916083620089261	0.990463511153571	0.9914494959217096	0.9912127316676249	0.9938147953736719	0.9929134744800107	0.9924539176501405	0.9927358590590084	0.9914306501387536	0.9925176092517387	0.9928243419495442	0.991843861368583	0.9922149996735358
0.9907628600762322	0.9913848975783545	0.9933835405048661	0.9932003971434082	0.9930497953302603	0.9912245656759905	0.9925433838818927	0.9911151297996609	0.9983116980502189	0.9985825345452841	1.0	0.9919617882265015	0.9913389005677732	0.9913900848728731	0.9924575190720064	0.9927203279730573	0.9910086527039752	0.9929686952648786	0.989861523776816	0.9890033031495193	0.9904315148347302	0.9898256667950889	0.9926695674265158	0.9919626243696664	0.9912451431301406	0.9913450350886935	0.9919932636629175	0.9913193299682909	0.9919412751150616	0.9910278392171695	0.9906589154804305
0.9864222317611576	0.9887389601422002	0.9939335219497566	0.9938899894657656	0.9935396546507117	0.990134474575483	0.9858484190345396	0.9895932566756396	0.9926472495780941	0.9929847271149057	0.9919617882265015	1.0	0.9869228430556208	0.9885096701063827	0.993340950499525	0.9884643386573793	0.987504563440731	0.9854418521916712	0.9874144964025278	0.9876521296789657	0.9867452560226196	0.9891437406204484	0.9847535343392814	0.9846489479420583	0.9861520219338727	0.9920309771903214	0.9926019914093684	0.990738911250842	0.9922605671432231	0.9849672248323744	0.9899141391591617
0.9837545664999592	0.989551031156404	0.9942024904535425	0.9941275900536108	0.9938262837933458	0.9904849834542245	0.9798322964959167	0.9896942494806119	0.9923300240417885	0.9925142377183772	0.9913389005677732	0.9869228430556208	1.0	0.9846569263897585	0.9933946866496195	0.985428146340071	0.9841722745120344	0.9813099449421877	0.9887667172716852	0.9876910570892063	0.9867044895375586	0.9891466794102272	0.9845711144365403	0.98143358670116	0.9822578495065678	0.9913660821355994	0.9923300240417885	0.9906519898731071	0.9922242966438433	0.9858805261344479	0.989865294780753
0.9891456030937527	0.9923323854089069	0.9940646263692569	0.9940646263692569	0.994614219423722	0.9912806628314174	0.9797033823234592	0.9907280495610846	0.9927543688195227	0.9930154015969009	0.9913900848728731	0.9885096701063827	0.9846569263897585	1.0	0.9945646312688067	0.9863545637846973	0.9903793634792515	0.9807824885424785	0.9928328950566923	0.9894787277572314	0.985056548913562	0.9888948276593315	0.9843877825295535	0.9796390377152423	0.9819417179234665	0.9923589176524875	0.9930673620186006	0.9915263548837638	0.9930154015969009	0.9858737969374032	0.9902509465814542
0.9940261016417508	0.9966340248196024	0.9929827711576588	0.9929208162002162	0.9924681400503165	0.9931978150963975	0.9937449086001104	0.9945994353900053	0.991700911793263	0.9916956824859555	0.9924575190720064	0.993340950499525	0.9933946866496195	0.9945646312688067	1.0	0.9945865900512972	0.9933571859021713	0.9941703590091585	0.9923860663710088	0.9910410566024241	0.9916225443122199	0.9916918102116314	0.9940615176342286	0.9933127639028647	0.9935244506000357	0.9930071416779528	0.9928403773783998	0.9928961744647145	0.9934499496405048	0.9923989206336118	0.992007070961609
0.9852592841541958	0.9914947909549926	0.994779592445121	0.9948276680191743	0.9940745466746397	0.9909591827311032	0.9829002490893393	0.9905790218298339	0.9938279074381284	0.9939514565599704	0.9927203279730573	0.9884643386573793	0.985428146340071	0.9863545637846973	0.9945865900512972	1.0	0.9853210014219792	0.98333866124674	0.9901391241209103	0.9882012144490074	0.9873387793081404	0.9904695957056782	0.9858281440992731	0.9821098413070289	0.9833626146839921	0.9928990313703948	0.993404359682618	0.9920741047318671	0.9936292653726091	0.9861421246530956	0.9910131359851853
0.9874784551645869	0.9911862691927613	0.9938511438280389	0.9937146705990012	0.9930237389889196	0.9902277482163294	0.9769183323872938	0.9891464754792773	0.9922895351406128	0.9923465944429686	0.9910086527039752	0.987504563440731	0.9841722745120344	0.9903793634792515	0.9933571859021713	0.9853210014219792	1.0	0.9767303544718984	0.9926868988223049	0.9884802739450054	0.9833585282344162	0.9870056455892898	0.9831707348271973	0.9778663921194805	0.9774228420371929	0.9905302856095185	0.9914509163771611	0.9897686781312839	0.9917715222888753	0.9852503715946277	0.9918584232875977
0.979006974412888	0.9878856542867336	0.9946099789788431	0.9947842074770977	0.9949287018393558	0.9908200427373306	0.9806047617933199	0.9913704399540544	0.9933942551864823	0.9936050014836354	0.9929686952648786	0.9854418521916712	0.9813099449421877	0.9807824885424785	0.9941703590091585	0.98333866124674	0.9767303544718984	1.0	0.9844665542046765	0.9883111218862701	0.9918169242660099	0.9930298255013624	0.9865380719374013	0.9830091488077136	0.9798814325344859	0.9941408426375323	0.9944055483658844	0.9940817309046373	0.9939334885622522	0.9864636330540318	0.9929074519184415
0.9919844071949131	0.9897041849482182	0.9957792411734818	0.9952880764834685	0.9920520039480234	0.987515210218116	0.9847598194595243	0.9878744149544171	0.9913307124888279	0.9916083620089261	0.989861523776816	0.9874144964025278	0.9887667172716852	0.9928328950566923	0.9923860663710088	0.9901391241209103	0.9926868988223049	0.9844665542046765	1.0	0.9867355476428247	0.9825889146491055	0.9862637256574467	0.9850485318238357	0.9844418198488046	0.9848492905557072	0.9900404256582976	0.990218362930735	0.9887440559122536	0.9907246538839621	0.985384771253752	0.9875873653863154
0.990150181487822	0.9888003917920494	0.9913901087454774	0.9911884756256149	0.9968528041319787	0.9926677542444211	0.986971169856923	0.9878319216935071	0.9901614231983656	0.990463511153571	0.9890033031495193	0.9876521296789657	0.9876910570892063	0.9894787277572314	0.9910410566024241	0.9882012144490074	0.9884802739450054	0.9883111218862701	0.9867355476428247	1.0	0.9936675150908715	0.9949390474111297	0.9923416725777555	0.9871654124503636	0.9863509879642736	0.9906322287137336	0.9954279303496603	0.9899521222011829	0.9902939269719319	0.9869797079312834	0.9883485607536069
0.9858635160229092	0.9865371729263008	0.9920796263106022	0.9919279666788369	0.9972200713122864	0.9919930090163528	0.9905624062622463	0.9880620597776087	0.9911979264592109	0.9914494959217096	0.9904315148347302	0.9867452560226196	0.9867044895375586	0.985056548913562	0.9916225443122199	0.9873387793081404	0.9833585282344162	0.9918169242660099	0.9825889146491055	0.9936675150908715	1.0	0.9992617936581997	0.9934298457428375	0.9901789736457913	0.9905888951050341	0.9910226340959188	0.9966812061997764	0.992249416136173	0.9914302122727827	0.9870315628148244	0.9922682279786761
0.9894628327338837	0.9896327814572176	0.991920024407613	0.9918324360490396	0.9971821934105894	0.9944689269665754	0.9921034717916796	0.9897422100792245	0.9909255205583055	0.9912127316676249	0.9898256667950889	0.9891437406204484	0.9891466794102272	0.9888948276593315	0.9916918102116314	0.9904695957056782	0.9870056455892898	0.9930298255013624	0.9862637256574467	0.9949390474111297	0.9992617936581997	1.0	0.9955686100623887	0.992045205386511	0.9919556210554207	0.9909255205583055	0.9968672438963283	0.9919767148662594	0.991284146004574	0.9891874203654413	0.9920771011245003
0.9856515243740108	0.9879690769182107	0.9941953230801159	0.9939495988630349	0.9980765753328656	0.9935208254815813	0.9853448924948753	0.9906019894683604	0.9934753668559775	0.9938147953736719	0.9926695674265158	0.9847535343392814	0.9845711144365403	0.9843877825295535	0.9940615176342286	0.9858281440992731	0.9831707348271973	0.9865380719374013	0.9850485318238357	0.9923416725777555	0.9934298457428375	0.9955686100623887	1.0	0.9853637743872893	0.9867061206176841	0.9937922746993716	0.9970510882078486	0.9930403684335776	0.993338615353599	0.9856018293188116	0.9918197505110504
0.97859969342686	0.986909411743901	0.9942003828986474	0.994148823163301	0.9940195717503842	0.9895030182324696	0.9813817812365171	0.990149870420265	0.9925634838752825	0.9929134744800107	0.9919626243696664	0.9846489479420583	0.98143358670116	0.9796390377152423	0.9933127639028647	0.9821098413070289	0.9778663921194805	0.9830091488077136	0.9844418198488046	0.9871654124503636	0.9901789736457913	0.992045205386511	0.9853637743872893	1.0	0.9817596909668209	0.992209751312635	0.993180201822675	0.9928866831486296	0.9931270280123324	0.9849912830489322	0.9920726866260546
0.9782969741263602	0.9893085257286194	0.9934285473993639	0.9934605460023999	0.9935563567156004	0.9903437939692922	0.9810679261830705	0.9910048817514133	0.9920892359612363	0.9924539176501405	0.9912451431301406	0.9861520219338727	0.9822578495065678	0.9819417179234665	0.9935244506000357	0.9833626146839921	0.9774228420371929	0.9798814325344859	0.9848492905557072	0.9863509879642736	0.9905888951050341	0.9919556210554207	0.9867061206176841	0.9817596909668209	1.0	0.9926183622579877	0.9931391598530563	0.9921558415062973	0.9926839119316683	0.9865092983760414	0.9922554989853488
0.9923913925622331	0.9918035803943689	0.9939559120628096	0.9935929337844212	0.994734327956124	0.9922838725657775	0.9927466912794946	0.991152988970962	0.9924623340598997	0.9927358590590084	0.9913450350886935	0.9920309771903214	0.9913660821355994	0.9923589176524875	0.9930071416779528	0.9928990313703948	0.9905302856095185	0.9941408426375323	0.9900404256582976	0.9906322287137336	0.9910226340959188	0.9909255205583055	0.9937922746993716	0.992209751312635	0.9926183622579877	1.0	0.9935265082402935	0.9924136080137588	0.9927698912474313	0.9910966160438363	0.9902804488411815
0.993833038083244	0.9929283521841424	0.9923764326461433	0.992311926624199	0.9978989722444886	0.9973907672503342	0.9932923116786586	0.9922141383384288	0.9911177577938955	0.9914306501387536	0.9919932636629175	0.9926019914093684	0.9923300240417885	0.9930673620186006	0.9928403773783998	0.993404359682618	0.9914509163771611	0.9944055483658844	0.990218362930735	0.9954279303496603	0.9966812061997764	0.9968672438963283	0.9970510882078486	0.993180201822675	0.9931391598530563	0.9935265082402935	1.0	0.9937741216360004	0.9927744445825984	0.9918886105857042	0.9917102489218631
0.9917495752472184	0.9910247984142755	0.9936739999049345	0.9934055194283402	0.9947104866361446	0.9921872020061813	0.9929199660835233	0.9908679819127149	0.9923614845262837	0.9925176092517387	0.9913193299682909	0.990738911250842	0.9906519898731071	0.9915263548837638	0.9928961744647145	0.9920741047318671	0.9897686781312839	0.9940817309046373	0.9887440559122536	0.9899521222011829	0.992249416136173	0.9919767148662594	0.9930403684335776	0.9928866831486296	0.9921558415062973	0.9924136080137588	0.9937741216360004	1.0	0.9924656495016189	0.9900023009814656	0.9912654509768106
0.9922756211584665	0.992746895494576	0.9938712867304197	0.9934336368330982	0.9936612881464303	0.9921678339412119	0.9936605164683684	0.9915479131162082	0.992674423567978	0.9928243419495442	0.9919412751150616	0.9922605671432231	0.9922242966438433	0.9930154015969009	0.9934499496405048	0.9936292653726091	0.9917715222888753	0.9939334885622522	0.9907246538839621	0.9902939269719319	0.9914302122727827	0.991284146004574	0.993338615353599	0.9931270280123324	0.9926839119316683	0.9927698912474313	0.9927744445825984	0.9924656495016189	1.0	0.9915740865144886	0.9915696404086183
0.9857930039949082	0.9870833360992045	0.9932466355678659	0.9930960716796254	0.9928363580834986	0.9891388534028227	0.9860618762427402	0.9882272108369723	0.9915289092016343	0.991843861368583	0.9910278392171695	0.9849672248323744	0.9858805261344479	0.9858737969374032	0.9923989206336118	0.9861421246530956	0.9852503715946277	0.9864636330540318	0.985384771253752	0.9869797079312834	0.9870315628148244	0.9891874203654413	0.9856018293188116	0.9849912830489322	0.9865092983760414	0.9910966160438363	0.9918886105857042	0.9900023009814656	0.9915740865144886	1.0	0.9891145430680508
0.9884693159883845	0.9903143725886916	0.9927461761951967	0.9925757589677559	0.9922667782298866	0.9898404125850442	0.9930062644784677	0.9901542650047461	0.9918677218879083	0.9922149996735358	0.9906589154804305	0.9899141391591617	0.989865294780753	0.9902509465814542	0.992007070961609	0.9910131359851853	0.9918584232875977	0.9929074519184415	0.9875873653863154	0.9883485607536069	0.9922682279786761	0.9920771011245003	0.9918197505110504	0.9920726866260546	0.9922554989853488	0.9902804488411815	0.9917102489218631	0.9912654509768106	0.9915696404086183	0.9891145430680508	1.0
