/home/jshaw/scratch/2022_sketched_distance/references/SGB_genome_fastas_part5/14924/Bengtsson-PalmeJ_2015__TRAVELRES14__bin.27.fa	/home/jshaw/scratch/2022_sketched_distance/references/SGB_genome_fastas_part5/14924/Bengtsson-PalmeJ_2015__TRAVELRES27__bin.128.fa	/home/jshaw/scratch/2022_sketched_distance/references/SGB_genome_fastas_part5/14924/Bengtsson-PalmeJ_2015__TRAVELRES53__bin.87.fa	/home/jshaw/scratch/2022_sketched_distance/references/SGB_genome_fastas_part5/14924/Bengtsson-PalmeJ_2015__TRAVELRES59__bin.30.fa	/home/jshaw/scratch/2022_sketched_distance/references/SGB_genome_fastas_part5/14924/Bengtsson-PalmeJ_2015__TRAVELRES60__bin.93.fa	/home/jshaw/scratch/2022_sketched_distance/references/SGB_genome_fastas_part5/14924/Bengtsson-PalmeJ_2015__TRAVELRES9__bin.54.fa	/home/jshaw/scratch/2022_sketched_distance/references/SGB_genome_fastas_part5/14924/CosteaPI_2017__SID713A009-11-0-0__bin.31.fa	/home/jshaw/scratch/2022_sketched_distance/references/SGB_genome_fastas_part5/14924/FengQ_2015__SID31328__bin.32.fa	/home/jshaw/scratch/2022_sketched_distance/references/SGB_genome_fastas_part5/14924/FengQ_2015__SID31537__bin.39.fa	/home/jshaw/scratch/2022_sketched_distance/references/SGB_genome_fastas_part5/14924/FengQ_2015__SID31750__bin.98.fa	/home/jshaw/scratch/2022_sketched_distance/references/SGB_genome_fastas_part5/14924/FengQ_2015__SID31881__bin.16.fa	/home/jshaw/scratch/2022_sketched_distance/references/SGB_genome_fastas_part5/14924/FengQ_2015__SID530394__bin.80.fa	/home/jshaw/scratch/2022_sketched_distance/references/SGB_genome_fastas_part5/14924/FengQ_2015__SID530743__bin.43.fa	/home/jshaw/scratch/2022_sketched_distance/references/SGB_genome_fastas_part5/14924/FerrettiP_2018__CA_C10043MS2742FE_t0M16__bin.20.fa	/home/jshaw/scratch/2022_sketched_distance/references/SGB_genome_fastas_part5/14924/HMP_2012__SRS015217__bin.13.fa	/home/jshaw/scratch/2022_sketched_distance/references/SGB_genome_fastas_part5/14924/HMP_2012__SRS049995__bin.29.fa	/home/jshaw/scratch/2022_sketched_distance/references/SGB_genome_fastas_part5/14924/KarlssonFH_2013__S456__bin.1.fa	/home/jshaw/scratch/2022_sketched_distance/references/SGB_genome_fastas_part5/14924/LiJ_2014__MH0373__bin.11.fa	/home/jshaw/scratch/2022_sketched_distance/references/SGB_genome_fastas_part5/14924/LiJ_2014__O2.CD3-0-PT__bin.71.fa	/home/jshaw/scratch/2022_sketched_distance/references/SGB_genome_fastas_part5/14924/LiJ_2014__O2.UC29-1__bin.66.fa	/home/jshaw/scratch/2022_sketched_distance/references/SGB_genome_fastas_part5/14924/LiSS_2016__FAT_008-22-2-0__bin.9.fa	/home/jshaw/scratch/2022_sketched_distance/references/SGB_genome_fastas_part5/14924/LiSS_2016__FAT_008-22-42-0__bin.16.fa	/home/jshaw/scratch/2022_sketched_distance/references/SGB_genome_fastas_part5/14924/LiSS_2016__FAT_008-22-84-0__bin.42.fa	/home/jshaw/scratch/2022_sketched_distance/references/SGB_genome_fastas_part5/14924/LiuW_2016__SRR3992993__bin.68.fa	/home/jshaw/scratch/2022_sketched_distance/references/SGB_genome_fastas_part5/14924/LiuW_2016__SRR3993019__bin.10.fa	/home/jshaw/scratch/2022_sketched_distance/references/SGB_genome_fastas_part5/14924/LiuW_2016__SRR3993056__bin.84.fa	/home/jshaw/scratch/2022_sketched_distance/references/SGB_genome_fastas_part5/14924/LouisS_2016__AS56_12__bin.15.fa	/home/jshaw/scratch/2022_sketched_distance/references/SGB_genome_fastas_part5/14924/LouisS_2016__AS61_18__bin.24.fa	/home/jshaw/scratch/2022_sketched_distance/references/SGB_genome_fastas_part5/14924/NielsenHB_2014__V1_CD31_0__bin.12.fa	/home/jshaw/scratch/2022_sketched_distance/references/SGB_genome_fastas_part5/14924/NielsenHB_2014__V1_UC55_0__bin.91.fa	/home/jshaw/scratch/2022_sketched_distance/references/SGB_genome_fastas_part5/14924/Obregon-TitoAJ_2015__NO19__bin.42.fa	/home/jshaw/scratch/2022_sketched_distance/references/SGB_genome_fastas_part5/14924/QinJ_2012__T2D-026__bin.19.fa	/home/jshaw/scratch/2022_sketched_distance/references/SGB_genome_fastas_part5/14924/VogtmannE_2016__MMRS18295921ST-27-0-0__bin.25.fa	/home/jshaw/scratch/2022_sketched_distance/references/SGB_genome_fastas_part5/14924/VogtmannE_2016__MMRS73787048ST-27-0-0__bin.53.fa	/home/jshaw/scratch/2022_sketched_distance/references/SGB_genome_fastas_part5/14924/VogtmannE_2016__MMRS90191266ST-27-0-0__bin.38.fa	/home/jshaw/scratch/2022_sketched_distance/references/SGB_genome_fastas_part5/14924/XieH_2016__YSZC12003_35583__bin.19.fa	/home/jshaw/scratch/2022_sketched_distance/references/SGB_genome_fastas_part5/14924/XieH_2016__YSZC12003_37348__bin.22.fa	/home/jshaw/scratch/2022_sketched_distance/references/SGB_genome_fastas_part5/14924/YuJ_2015__SZAXPI003409-8__bin.96.fa	/home/jshaw/scratch/2022_sketched_distance/references/SGB_genome_fastas_part5/14924/YuJ_2015__SZAXPI017466-84__bin.45.fa	/home/jshaw/scratch/2022_sketched_distance/references/SGB_genome_fastas_part5/14924/ZeeviD_2015__PNP_DietIntervention_45__bin.18.fa	/home/jshaw/scratch/2022_sketched_distance/references/SGB_genome_fastas_part5/14924/ZeeviD_2015__PNP_Main_15__bin.30.fa	/home/jshaw/scratch/2022_sketched_distance/references/SGB_genome_fastas_part5/14924/ZeeviD_2015__PNP_Main_18__bin.14.fa	/home/jshaw/scratch/2022_sketched_distance/references/SGB_genome_fastas_part5/14924/ZeeviD_2015__PNP_Main_228__bin.8.fa	/home/jshaw/scratch/2022_sketched_distance/references/SGB_genome_fastas_part5/14924/ZeeviD_2015__PNP_Main_268__bin.27.fa	/home/jshaw/scratch/2022_sketched_distance/references/SGB_genome_fastas_part5/14924/ZeeviD_2015__PNP_Main_723__bin.51.fa	/home/jshaw/scratch/2022_sketched_distance/references/SGB_genome_fastas_part5/14924/ZellerG_2014__CCIS00146684ST-4-0__bin.96.fa	/home/jshaw/scratch/2022_sketched_distance/references/SGB_genome_fastas_part5/14924/ZellerG_2014__CCIS78318719ST-4-0__bin.1.fa	/home/jshaw/scratch/2022_sketched_distance/references/SGB_genome_fastas_part5/14924/ZellerG_2014__CCMD12232071ST-21-0__bin.13.fa
1.0	0.986479053209466	0.9848760329331437	0.9866462581565444	0.9846700404519567	0.9846995472126528	0.9857159254858483	0.9860855695613493	0.9749796295710765	0.9840140872570833	0.9847879086790481	0.9725707389379165	0.982282653920604	0.9868402622342775	0.9821872649915576	0.9886414960683828	0.9856873183525545	0.9833447479204893	0.9830359254507767	0.9753003779935083	0.9761342327050072	0.9860289711495568	0.985943890366209	0.984343703022045	0.977589261893713	0.9857159254858483	0.9801848137745433	0.9883260451232755	0.9747050599119148	0.9856013472002478	0.9860855695613493	0.982504153342198	0.9828804159285744	0.9857730651409674	0.978589212752513	0.9778885363354327	0.9843138744227924	0.9836811254889188	0.985915481089279	0.9774974429592878	0.9855439078614165	0.9841343310724022	0.9855439078614165	0.9856586862900178	0.9853131408459913	0.9851680837471797	0.9868954824519162	0.9844627469954027
0.986479053209466	1.0	0.9914638755508404	0.9910579223352963	0.9907976566539669	0.9869776557498238	0.9910441187177116	0.9913727977297762	0.9948428068314213	0.9916840781965591	0.9907454480292636	0.9879225999618946	0.9914399464233937	0.9911830575309819	0.9887832298396093	0.9882889178574293	0.9949875582265659	0.9935719716863154	0.9886876033674209	0.9886243273721866	0.9909637790537468	0.9907504364057634	0.9910321492463489	0.9926818291198442	0.9916996466850713	0.9906886233532372	0.983515177170667	0.9891974399824346	0.990389265003781	0.994639424148804	0.9908116181004463	0.9889464233078615	0.9891492062760496	0.9899397779623806	0.9882079875432163	0.9876600118254274	0.9919791713723334	0.9902364626476194	0.9940787163815452	0.9915047044010009	0.9909386880220045	0.990997219455178	0.9922449283648029	0.9913659627289478	0.9900185123684047	0.9991506940726156	0.9911509237305614	0.9905996141977675
0.9848760329331437	0.9914638755508404	1.0	0.989755744474086	0.9881558586089156	0.9849864347000118	0.9968666243715616	0.9888946139580612	0.9891389316428286	0.9955169533992944	0.9954458994985469	0.9913646098155655	0.996117445478568	0.9977824577104916	0.9882012976021392	0.9871209411335977	0.990732788530142	0.9879356136674357	0.9928470232843579	0.9930936225693244	0.9951616547440261	0.9969522278876778	0.9973065547125414	0.9902528964888342	0.9958603082715375	0.9951516766716729	0.9899851496939195	0.9879543217351907	0.994764801544952	0.9902827548502999	0.9971369491692054	0.9931489242582144	0.9868530191343462	0.9878981656175815	0.9877372975977102	0.9862204910049849	0.9897194356420109	0.9878149944258536	0.9900378636344372	0.9964051874735875	0.9972642343864292	0.9975088861504849	0.9977824577104916	0.9971085972495676	0.9880290479112654	0.9912461898618128	0.9905949688048966	0.9952867877503856
0.9866462581565444	0.9910579223352963	0.989755744474086	1.0	0.9991052135556635	0.9872287112264896	0.9896437774714638	0.99881412701771	0.98954001274324	0.9904252019952685	0.9893582044904613	0.9867243718483051	0.9900031407583358	0.9900639518068881	0.989123291343642	0.9880744989154917	0.9906338543205062	0.9894398029435318	0.9870883227412269	0.9873440233530889	0.9898682808420411	0.9897068993735727	0.9896330677155176	0.9891994757919912	0.9912621124518038	0.9887324826196601	0.9822198297026847	0.9893155313552348	0.9887493522890543	0.9910342601151892	0.9897937592805854	0.9875756785608275	0.9963888978540522	0.9972745389936504	0.9882571447925402	0.9883568309694675	0.9987929529008541	0.9985593234129272	0.9896931753008145	0.9901953329399124	0.9890838278057345	0.9897815145980086	0.990363353725381	0.9899833510628414	0.9974054260802374	0.9920979008744816	0.9982470455743437	0.9888667231819682
0.9846700404519567	0.9907976566539669	0.9881558586089156	0.9991052135556635	1.0	0.9856928003826648	0.9889929012626635	0.9970102379699295	0.9874839387980077	0.9884123730122171	0.9878149944258536	0.9848050435234533	0.9883365639026115	0.9898271287024342	0.9876752502938773	0.9880992923419476	0.9900413275742386	0.988137013978457	0.9863355559408076	0.9866972638211292	0.9879877574329459	0.989212568496621	0.9889745294219634	0.9868870719726102	0.9871390114085838	0.9884185577131765	0.9829624934414651	0.9889745294219634	0.9874767955616537	0.9904480298046365	0.9896655620306696	0.986289179264833	0.9947547539733866	0.9962962475759111	0.9868778379895615	0.9861615787399661	0.9964724124212135	0.9976526996028932	0.9893945132161192	0.9888716132532218	0.9882687005512959	0.987707518324974	0.9889009394995357	0.9886420731695853	0.9967061190542739	0.9899717644137843	0.9982413347275338	0.9877387652739418
0.9846995472126528	0.9869776557498238	0.9849864347000118	0.9872287112264896	0.9856928003826648	1.0	0.9860619697248286	0.9866186818779634	0.982731203521102	0.9832452548470386	0.9843328939430758	0.9794700892616988	0.9832938201483574	0.9866611180089724	0.98408346008129	0.9959668545997059	0.9861912810258918	0.9835730217864284	0.9825316595827507	0.9800354589624087	0.982683435486396	0.9858887594569047	0.9860403682963415	0.983549718233322	0.9830519077580318	0.9856490947578956	0.9800858413057139	0.9939210571533692	0.9819222123108013	0.9854296902074706	0.9866611180089724	0.9819248853526313	0.9826516767855368	0.9860187526616833	0.9840722408683005	0.9922052080920184	0.9847400692752643	0.9847400692752643	0.9856490947578956	0.9839072078671895	0.9851200406887644	0.984355647825092	0.9856272201238915	0.9855395756498779	0.9857582500062702	0.9855615086986762	0.9874571748695256	0.9844238149513443
0.9857159254858483	0.9910441187177116	0.9968666243715616	0.9896437774714638	0.9889929012626635	0.9860619697248286	1.0	0.9895790800863254	0.9893973288035159	0.9965993268747411	0.9968657665214853	0.9928895876907083	0.9973320943921796	0.9981496332455425	0.9889111643558994	0.9873877031310045	0.9906403745786743	0.9885548021274644	0.9933676903932069	0.9947485405334301	0.9965907280014726	0.9974817318851067	0.9973022587064939	0.9909777788097502	0.9956680789396042	0.9958738523769857	0.9907923576030373	0.9879250445013641	0.9961376449578496	0.9901286516233169	0.9977423084725922	0.9949632603903997	0.987778625306163	0.9885785838520658	0.9888655011655012	0.9871203871276115	0.990228891375702	0.9882311295045038	0.9901630143895773	0.9965314907399327	0.9963473486788825	0.9968195757698353	0.9969417980038927	0.9976369912031278	0.9881631042472538	0.9913341115603558	0.9898697840200624	0.9959921514469002
0.9860855695613493	0.9913727977297762	0.9888946139580612	0.99881412701771	0.9970102379699295	0.9866186818779634	0.9895790800863254	1.0	0.988791221400544	0.9898625311223718	0.9888087204619622	0.9860739272532997	0.9894303669461817	0.9904881186891468	0.9884612038219698	0.9882406620126429	0.9908311897534376	0.9887737439194103	0.9867491191884038	0.9866721327194271	0.9890879762636023	0.9896675839779733	0.9896499021854512	0.9882825170338838	0.9905047423025667	0.9890610206109826	0.9829011265464453	0.9895081056022865	0.9882617305351507	0.9905570186423387	0.9901065768802533	0.9866966413168499	0.9957894634314423	0.9964344473437666	0.987812065796415	0.9879405112102639	0.9977649686229494	0.9972544072588535	0.9901414453162771	0.9895401130077078	0.9888079792966228	0.9886866979789145	0.9894903380929292	0.989312134565604	0.9969095452980317	0.9911227051054616	0.9981639588125893	0.9884280890864753
0.9749796295710765	0.9948428068314213	0.9891389316428286	0.98954001274324	0.9874839387980077	0.982731203521102	0.9893973288035159	0.988791221400544	1.0	0.9882330659565655	0.988262679487384	0.972308235184117	0.9872100249053197	0.9911786831301284	0.9836295237355716	0.9865306978828748	0.9963368340998888	0.9941317904986158	0.9879354570193005	0.9810420154923765	0.976821829775971	0.9906047051649415	0.9906598015219208	0.9933544797626311	0.9739152670416508	0.9906873152658149	0.9854201631770334	0.9884986342874718	0.9812259177105593	0.9953722081192065	0.9908792723071802	0.9860593415909796	0.9846032911965512	0.9880845976337214	0.9797248895348051	0.9740788107948859	0.9878456473671514	0.9864369656823646	0.9964987614425309	0.9746197635640202	0.9887620793053447	0.988674498092441	0.9901605926878376	0.9894544764724852	0.9882034257796938	0.9934810928668845	0.9898517616994604	0.9894544764724852
0.9840140872570833	0.9916840781965591	0.9955169533992944	0.9904252019952685	0.9884123730122171	0.9832452548470386	0.9965993268747411	0.9898625311223718	0.9882330659565655	1.0	0.9955806726222383	0.9909199248910492	0.9942767415059629	0.9974375186157022	0.9867566691089735	0.9875512296507951	0.9916661719435516	0.9890195242407265	0.994066584912645	0.9925721706903896	0.9941735535950758	0.996722567478331	0.9966764058101892	0.9906106476175605	0.9945306364247348	0.995755272280137	0.9905551232132894	0.9886290963800176	0.9927058556854885	0.9910332613946972	0.9973621868351341	0.992654282006917	0.9854465312995988	0.9887271377804971	0.9866980689876441	0.9851435650316556	0.9880821786044148	0.9877333418369301	0.9912697598726722	0.9938410237552174	0.9959447029600705	0.9951965088097023	0.9961174032892761	0.9965684451554708	0.9888053614504951	0.990032341917649	0.9905365943103538	0.9952769105796808
0.9847879086790481	0.9907454480292636	0.9954458994985469	0.9893582044904613	0.9878149944258536	0.9843328939430758	0.9968657665214853	0.9888087204619622	0.988262679487384	0.9955806726222383	1.0	0.9923795163414809	0.995872372834361	0.9977233239108848	0.9875867528354583	0.9871224926062381	0.9903424157151925	0.9880615274541105	0.9929680079069179	0.9946697016952749	0.9953073630377398	0.9969813938824802	0.9966187141961386	0.9893284122909738	0.9938044940060251	0.9955966678023963	0.9908497828772121	0.987585775432914	0.9952078075717581	0.9901656378528614	0.9971971168199171	0.9935790515097709	0.9868738735764414	0.9880047988051771	0.9880847725090939	0.9856265618165222	0.9887938407849273	0.9872001607270507	0.9898629252137361	0.9952463016108877	0.9956567838539134	0.9950616042583798	0.9958961650948189	0.996633297651139	0.9879479722712928	0.9898434107988415	0.9895934998482819	0.9949587845945155
0.9725707389379165	0.9879225999618946	0.9913646098155655	0.9867243718483051	0.9848050435234533	0.9794700892616988	0.9928895876907083	0.9860739272532997	0.972308235184117	0.9909199248910492	0.9923795163414809	1.0	0.9899200159285136	0.9939140144611951	0.9797228897026304	0.9843345117350852	0.9879552693628995	0.9853750515856927	0.9894240851140758	0.9812800756506425	0.9800153713265438	0.9943473822953937	0.99394126663619	0.9874286287798613	0.9795344254661473	0.9924365808179965	0.9877587650077082	0.9851979846320078	0.9825362284531861	0.9882154644513337	0.9944011569757756	0.9890787549424583	0.9809987435035146	0.9856913864731746	0.975708261538795	0.9728829632577579	0.9841883647846719	0.984224962600887	0.9880530835648135	0.97732838384786	0.9922937346227952	0.9908601787143837	0.9921215008586637	0.9924650761851226	0.9850556404557314	0.9863836370900492	0.9864178698842511	0.991628576328004
0.982282653920604	0.9914399464233937	0.996117445478568	0.9900031407583358	0.9883365639026115	0.9832938201483574	0.9973320943921796	0.9894303669461817	0.9872100249053197	0.9942767415059629	0.995872372834361	0.9899200159285136	1.0	0.9978305367563641	0.9859516925820433	0.9877966806250253	0.9913460795530995	0.9887662552596611	0.9941905957281261	0.9918280482486651	0.9929215443289487	0.9969691661234952	0.9971116538506831	0.9899247261813846	0.9917864627802011	0.9957738349475684	0.9912707936054648	0.9884599056966018	0.9932660624139802	0.9905853860743556	0.9976755745774997	0.9931745828541763	0.9852059241733019	0.9886848400974239	0.9857841793432659	0.98323404037754	0.9879220569095426	0.9877547822189005	0.9908536260841594	0.9932548332907204	0.9963607225259097	0.9956750036618047	0.9967462970074245	0.9966503221351176	0.9884393807700088	0.989963956761786	0.9902567089742134	0.9959051539024878
0.9868402622342775	0.9911830575309819	0.9977824577104916	0.9900639518068881	0.9898271287024342	0.9866611180089724	0.9981496332455425	0.9904881186891468	0.9911786831301284	0.9974375186157022	0.9977233239108848	0.9939140144611951	0.9978305367563641	1.0	0.9897100883457881	0.9876414269899756	0.9916197031008501	0.9900577145384807	0.9942076772777931	0.9961553832348987	0.9971684906836366	0.9980908245110428	0.9985585228551589	0.9920445921616047	0.9965056859966981	0.997040694501652	0.9898700281337224	0.9871470050744299	0.997357910939882	0.9914967354093781	0.9974375414004032	0.9963374087058423	0.9887577691565381	0.9896755341449253	0.9895810115507223	0.9878285980358466	0.9910608925636996	0.9893400351260452	0.9912748233114924	0.9971249599572067	0.9971902027871311	0.9980306441112994	0.9979194176891473	0.9985243696864763	0.9889695956404473	0.992439329868518	0.9887808295862509	0.9970863584016708
0.9821872649915576	0.9887832298396093	0.9882012976021392	0.989123291343642	0.9876752502938773	0.98408346008129	0.9889111643558994	0.9884612038219698	0.9836295237355716	0.9867566691089735	0.9875867528354583	0.9797228897026304	0.9859516925820433	0.9897100883457881	1.0	0.9882881610406662	0.9881577798352325	0.98599822608536	0.9865057936063499	0.9825240647633126	0.9841090129804433	0.9889324385836115	0.9891021399595105	0.9856945737932088	0.9832772372037203	0.9884396231123762	0.9835367059292625	0.9879393243274646	0.9842521683671893	0.9876973375378741	0.9897100883457881	0.9858116954290277	0.9844267084372007	0.9878954587968658	0.993049329447628	0.9822192644553687	0.9866884380865314	0.9867111974914188	0.987719409974117	0.9829223776205539	0.9879831315055296	0.9874090409615384	0.9885688958602334	0.9886333425483965	0.9873644626679957	0.9873421508585589	0.9891866642047489	0.9878735040999342
0.9886414960683828	0.9882889178574293	0.9871209411335977	0.9880744989154917	0.9880992923419476	0.9959668545997059	0.9873877031310045	0.9882406620126429	0.9865306978828748	0.9875512296507951	0.9871224926062381	0.9843345117350852	0.9877966806250253	0.9876414269899756	0.9882881610406662	1.0	0.9870986103011721	0.9859065731659667	0.9845334212064342	0.9850224134914862	0.9877144870729073	0.9870365666274752	0.9871297334048253	0.9859023770890262	0.9875851720202133	0.9867951007921559	0.9801676923681709	0.9946516546002755	0.9869159878401513	0.9870244353182815	0.9874775450521864	0.9853323929735972	0.9865175371662261	0.9875005860500695	0.9880600740933088	0.9951618304701059	0.9886566605180813	0.9871224926062381	0.9864767348531183	0.9879041515938655	0.986512720635334	0.9872261889968152	0.9874933155088147	0.9874666912029049	0.9870307752647134	0.9890626210333463	0.9882889178574293	0.9863981277232291
0.9856873183525545	0.9949875582265659	0.990732788530142	0.9906338543205062	0.9900413275742386	0.9861912810258918	0.9906403745786743	0.9908311897534376	0.9963368340998888	0.9916661719435516	0.9903424157151925	0.9879552693628995	0.9913460795530995	0.9916197031008501	0.9881577798352325	0.9870986103011721	1.0	0.9957183869525197	0.988614915071363	0.9888839279446465	0.9914301619419522	0.9906838518334781	0.9909329748770592	0.9943498163681984	0.9916996466850713	0.9909657501756797	0.9843503976473361	0.9884446472532293	0.9904134958973398	0.9972074729339616	0.9910646720676821	0.9884894250268546	0.9886394257810294	0.9894091566272452	0.9878618171067273	0.9869481244100966	0.9917653896423223	0.9897015341761563	0.9966000789951144	0.9916510954291109	0.9901613634121611	0.9906843692641304	0.991585167703445	0.9910974029107977	0.9895156992921881	0.9956112531126771	0.9910646720676821	0.9901137190730281
0.9833447479204893	0.9935719716863154	0.9879356136674357	0.9894398029435318	0.988137013978457	0.9835730217864284	0.9885548021274644	0.9887737439194103	0.9941317904986158	0.9890195242407265	0.9880615274541105	0.9853750515856927	0.9887662552596611	0.9900577145384807	0.98599822608536	0.9859065731659667	0.9957183869525197	1.0	0.9860649107256134	0.9871711426407815	0.9887942234921654	0.9892431869991402	0.9891713986389238	0.9914638338772015	0.9882674002761321	0.9891534271008928	0.9827432762884898	0.9868067721555567	0.9892298646699378	0.9958214116765243	0.9895643146358067	0.9865749319493375	0.9869363576963643	0.9878704245087391	0.9854381559965077	0.9847150356319093	0.9890470992643766	0.9874705646477151	0.9949428793111216	0.9883511008235717	0.9881310532272093	0.9882571849565303	0.9887919235838766	0.9886279444629349	0.9880567981031493	0.9927772709715137	0.9897590312194303	0.9875706902930291
0.9830359254507767	0.9886876033674209	0.9928470232843579	0.9870883227412269	0.9863355559408076	0.9825316595827507	0.9933676903932069	0.9867491191884038	0.9879354570193005	0.994066584912645	0.9929680079069179	0.9894240851140758	0.9941905957281261	0.9942076772777931	0.9865057936063499	0.9845334212064342	0.988614915071363	0.9860649107256134	1.0	0.993708712430763	0.9930255424871788	0.9933676903932069	0.9932097720257058	0.9876115605024802	0.9903239845341523	0.9923437438143111	0.9877299112578324	0.9851051038233657	0.9941214883412196	0.9878604648651117	0.9939764759432009	0.9918759024033463	0.9851842104162848	0.9860126213037468	0.9863355559408076	0.9837774711474367	0.9873956333498154	0.9858137585375272	0.9879905029048531	0.99356646139795	0.9926188346800652	0.9921196417224003	0.993051543031918	0.9931463931669486	0.9857464961333176	0.9882628904736301	0.987598837909588	0.9926208959526085
0.9753003779935083	0.9886243273721866	0.9930936225693244	0.9873440233530889	0.9866972638211292	0.9800354589624087	0.9947485405334301	0.9866721327194271	0.9810420154923765	0.9925721706903896	0.9946697016952749	0.9812800756506425	0.9918280482486651	0.9961553832348987	0.9825240647633126	0.9850224134914862	0.9888839279446465	0.9871711426407815	0.993708712430763	1.0	0.9854098674199828	0.9948860590567687	0.9943922799386407	0.9859348476590717	0.9755205695756145	0.9937290199685316	0.9913734013315035	0.9852069393097329	0.9904619043963343	0.9881229741540362	0.9954305013116543	0.9937493150639716	0.9836733086340846	0.9865714158353119	0.980447904197801	0.9738952778220042	0.9847036505335444	0.9860375305765763	0.9881470219277274	0.9844115041436177	0.9933410312770701	0.9925300973879981	0.9933615654592971	0.9944717804813651	0.9864197597662936	0.9870222328047357	0.9875894310787111	0.9931349859647343
0.9761342327050072	0.9909637790537468	0.9951616547440261	0.9898682808420411	0.9879877574329459	0.982683435486396	0.9965907280014726	0.9890879762636023	0.976821829775971	0.9941735535950758	0.9953073630377398	0.9800153713265438	0.9929215443289487	0.9971684906836366	0.9841090129804433	0.9877144870729073	0.9914301619419522	0.9887942234921654	0.9930255424871788	0.9854098674199828	1.0	0.998094808208073	0.9976009699998936	0.9916744312836822	0.9825965461525973	0.9963332943049087	0.9916744312836822	0.9887942234921654	0.9863130269391108	0.9911566170239914	0.9976461686104919	0.9926338527616673	0.9859611685387383	0.9891172080890361	0.9803261477534247	0.9754317908351607	0.9879877574329459	0.9871610455960288	0.9914573923031753	0.9825392793744053	0.9959076865124866	0.9950153036015922	0.9959552465826016	0.9963802490846501	0.9884978290998616	0.9899253535210129	0.9900676048486049	0.9955968738652229
0.9860289711495568	0.9907504364057634	0.9969522278876778	0.9897068993735727	0.989212568496621	0.9858887594569047	0.9974817318851067	0.9896675839779733	0.9906047051649415	0.996722567478331	0.9969813938824802	0.9943473822953937	0.9969691661234952	0.9980908245110428	0.9889324385836115	0.9870365666274752	0.9906838518334781	0.9892431869991402	0.9933676903932069	0.9948860590567687	0.998094808208073	1.0	0.9983474075721451	0.9917554883188853	0.9959368893834551	0.9964999721801043	0.9914552870631541	0.9879509415457864	0.9974363843971283	0.990834057260886	0.9982629780415886	0.9954639124610701	0.9880009805003779	0.988833589450271	0.9887205166039784	0.987433878823098	0.9903783432408856	0.9883062287967032	0.9905510193780777	0.996151130775387	0.9963498970199524	0.9971229095302451	0.9971959447224102	0.997747493013591	0.9880875113029408	0.9914917835120504	0.9895869804434169	0.9961964432503851
0.985943890366209	0.9910321492463489	0.9973065547125414	0.9896330677155176	0.9889745294219634	0.9860403682963415	0.9973022587064939	0.9896499021854512	0.9906598015219208	0.9966764058101892	0.9966187141961386	0.99394126663619	0.9971116538506831	0.9985585228551589	0.9891021399595105	0.9871297334048253	0.9909329748770592	0.9891713986389238	0.9932097720257058	0.9943922799386407	0.9976009699998936	0.9983474075721451	1.0	0.9917896320395523	0.9962414595178729	0.9967753856993213	0.9912296092486189	0.9883336043234558	0.997239852342701	0.9907670523973345	0.9983076739283464	0.9950891335682416	0.9880009805003779	0.9888879777583268	0.9887930886050595	0.9875753938857579	0.9904342137120516	0.9886235046798107	0.9908501015012382	0.9963735364692387	0.9966604823195566	0.9977778381584024	0.9974342009691758	0.9976646510970103	0.9882875959514301	0.9915964817874389	0.989856156067591	0.9962691010724801
0.984343703022045	0.9926818291198442	0.9902528964888342	0.9891994757919912	0.9868870719726102	0.983549718233322	0.9909777788097502	0.9882825170338838	0.9933544797626311	0.9906106476175605	0.9893284122909738	0.9874286287798613	0.9899247261813846	0.9920445921616047	0.9856945737932088	0.9859023770890262	0.9943498163681984	0.9914638338772015	0.9876115605024802	0.9859348476590717	0.9916744312836822	0.9917554883188853	0.9917896320395523	1.0	0.9926423136045472	0.9917042065252802	0.9849293167728099	0.9878431460589493	0.9892047483871041	0.9934858216681627	0.9919428439126752	0.9870390587844149	0.9856635430490029	0.9875728040350151	0.9855450134117024	0.9850826879195904	0.9885583238251849	0.9862271639893969	0.994695456465207	0.9909871677335231	0.9903421535500614	0.9899295575770047	0.9911695826601988	0.9907320429147496	0.9874173202395231	0.9914743015089088	0.989475153636774	0.9895482802043574
0.977589261893713	0.9916996466850713	0.9958603082715375	0.9912621124518038	0.9871390114085838	0.9830519077580318	0.9956680789396042	0.9905047423025667	0.9739152670416508	0.9945306364247348	0.9938044940060251	0.9795344254661473	0.9917864627802011	0.9965056859966981	0.9832772372037203	0.9875851720202133	0.9916996466850713	0.9882674002761321	0.9903239845341523	0.9755205695756145	0.9825965461525973	0.9959368893834551	0.9962414595178729	0.9926423136045472	1.0	0.9952412136364496	0.9872884046618755	0.9900052569320555	0.9775223815743624	0.9908633160389407	0.9961655784970863	0.9886986298917881	0.9852384243657114	0.9892649637768541	0.9781850880426818	0.9776560052286228	0.9884597549829883	0.9861767650831328	0.9914378218560236	0.973614673618721	0.9954747297313249	0.9954747297313249	0.9960895236762707	0.9954747297313249	0.9900509783298227	0.9905047423025667	0.9915689935266033	0.9942903524717769
0.9857159254858483	0.9906886233532372	0.9951516766716729	0.9887324826196601	0.9884185577131765	0.9856490947578956	0.9958738523769857	0.9890610206109826	0.9906873152658149	0.995755272280137	0.9955966678023963	0.9924365808179965	0.9957738349475684	0.997040694501652	0.9884396231123762	0.9867951007921559	0.9909657501756797	0.9891534271008928	0.9923437438143111	0.9937290199685316	0.9963332943049087	0.9964999721801043	0.9967753856993213	0.9917042065252802	0.9952412136364496	1.0	0.9896654785229885	0.9880776113021181	0.9957275965288325	0.9907670523973345	0.9966567328088112	0.9942622849449338	0.9873499132036394	0.9882477927986975	0.9883062287967032	0.9870917392344798	0.9897384453121256	0.987585775432914	0.9909316600312902	0.9952135255072169	0.9949003308934646	0.9958925934388656	0.9955820439855858	0.9960501060093333	0.9875170067586425	0.9914917835120504	0.9889246906286154	0.9947848365716779
0.9801848137745433	0.983515177170667	0.9899851496939195	0.9822198297026847	0.9829624934414651	0.9800858413057139	0.9907923576030373	0.9829011265464453	0.9854201631770334	0.9905551232132894	0.9908497828772121	0.9877587650077082	0.9912707936054648	0.9898700281337224	0.9835367059292625	0.9801676923681709	0.9843503976473361	0.9827432762884898	0.9877299112578324	0.9913734013315035	0.9916744312836822	0.9914552870631541	0.9912296092486189	0.9849293167728099	0.9872884046618755	0.9896654785229885	1.0	0.9798096584041006	0.9927735833002433	0.9838931868909356	0.9906740298852615	0.9899704193180748	0.9821270546952585	0.982268497229545	0.9838763938403164	0.9814114469427067	0.9835697786178355	0.9819769207245188	0.9840721327906895	0.9906124707795657	0.9895399903041842	0.9898532262341718	0.9902594657336061	0.9908266420191527	0.9814369584725353	0.9848114316207328	0.9800969336237714	0.9897091692303807
0.9883260451232755	0.9891974399824346	0.9879543217351907	0.9893155313552348	0.9889745294219634	0.9939210571533692	0.9879250445013641	0.9895081056022865	0.9884986342874718	0.9886290963800176	0.987585775432914	0.9851979846320078	0.9884599056966018	0.9871470050744299	0.9879393243274646	0.9946516546002755	0.9884446472532293	0.9868067721555567	0.9851051038233657	0.9852069393097329	0.9887942234921654	0.9879509415457864	0.9883336043234558	0.9878431460589493	0.9900052569320555	0.9880776113021181	0.9798096584041006	1.0	0.987210935905044	0.98840394701257	0.9873234587779852	0.9855427730201589	0.987677056242199	0.988742742358307	0.9876873576376729	0.995296251444836	0.9901539109232281	0.9884185577131765	0.9878700407093296	0.9887123294508676	0.9872306820119452	0.9883135269554615	0.988276059155755	0.9882843137761739	0.9883419542284848	0.9903176571535618	0.9883748598944129	0.9869800210579328
0.9747050599119148	0.990389265003781	0.994764801544952	0.9887493522890543	0.9874767955616537	0.9819222123108013	0.9961376449578496	0.9882617305351507	0.9812259177105593	0.9927058556854885	0.9952078075717581	0.9825362284531861	0.9932660624139802	0.997357910939882	0.9842521683671893	0.9869159878401513	0.9904134958973398	0.9892298646699378	0.9941214883412196	0.9904619043963343	0.9863130269391108	0.9974363843971283	0.997239852342701	0.9892047483871041	0.9775223815743624	0.9957275965288325	0.9927735833002433	0.987210935905044	1.0	0.9902921631824504	0.9975537483941211	0.9946158079188678	0.9846874025345514	0.987923886771841	0.980083917339003	0.9756495960447695	0.986509476024525	0.9866455389972196	0.9910135604644815	0.9851314629056868	0.9949342642243405	0.9940998280325631	0.9950607953782192	0.9959537496663774	0.9875032637950706	0.9886728374832144	0.9890788791887654	0.995144882110135
0.9856013472002478	0.994639424148804	0.9902827548502999	0.9910342601151892	0.9904480298046365	0.9854296902074706	0.9901286516233169	0.9905570186423387	0.9953722081192065	0.9910332613946972	0.9901656378528614	0.9882154644513337	0.9905853860743556	0.9914967354093781	0.9876973375378741	0.9870244353182815	0.9972074729339616	0.9958214116765243	0.9878604648651117	0.9881229741540362	0.9911566170239914	0.990834057260886	0.9907670523973345	0.9934858216681627	0.9908633160389407	0.9907670523973345	0.9838931868909356	0.98840394701257	0.9902921631824504	1.0	0.9911504872241693	0.9882585269892928	0.9884213529097425	0.9893020003003381	0.9872597809411913	0.9867460045173743	0.9914781796384687	0.9897554189569518	0.9961840346452517	0.9910244046958975	0.9897137710691041	0.9904917137168053	0.9910646390770417	0.9906904246466685	0.9894982234749442	0.9949251470217376	0.991200173943965	0.989531718856597
0.9860855695613493	0.9908116181004463	0.9971369491692054	0.9897937592805854	0.9896655620306696	0.9866611180089724	0.9977423084725922	0.9901065768802533	0.9908792723071802	0.9973621868351341	0.9971971168199171	0.9944011569757756	0.9976755745774997	0.9974375414004032	0.9897100883457881	0.9874775450521864	0.9910646720676821	0.9895643146358067	0.9939764759432009	0.9954305013116543	0.9976461686104919	0.9982629780415886	0.9983076739283464	0.9919428439126752	0.9961655784970863	0.9966567328088112	0.9906740298852615	0.9873234587779852	0.9975537483941211	0.9911504872241693	1.0	0.9960640426304402	0.988181797399506	0.9892482912809797	0.9894154423888327	0.9876600118254274	0.9905642116316956	0.9886977159471231	0.9908164754757625	0.9964683991406733	0.9966323669835593	0.9973236048732165	0.9975318123541513	0.9980084727368131	0.9886124084409611	0.9918913386101931	0.9892192386912844	0.9968447117254654
0.982504153342198	0.9889464233078615	0.9931489242582144	0.9875756785608275	0.986289179264833	0.9819248853526313	0.9949632603903997	0.9866966413168499	0.9860593415909796	0.992654282006917	0.9935790515097709	0.9890787549424583	0.9931745828541763	0.9963374087058423	0.9858116954290277	0.9853323929735972	0.9884894250268546	0.9865749319493375	0.9918759024033463	0.9937493150639716	0.9926338527616673	0.9954639124610701	0.9950891335682416	0.9870390587844149	0.9886986298917881	0.9942622849449338	0.9899704193180748	0.9855427730201589	0.9946158079188678	0.9882585269892928	0.9960640426304402	1.0	0.9838859090859761	0.9862276220954674	0.9855983120566648	0.9822524946926782	0.9860205942359367	0.9850781450979723	0.9884894250268546	0.9923734826513492	0.9936775232473546	0.9931156049367904	0.9939224294314876	0.9947735503062953	0.9860215950078645	0.9870590904256722	0.9876937485573722	0.9939061585600809
0.9828804159285744	0.9891492062760496	0.9868530191343462	0.9963888978540522	0.9947547539733866	0.9826516767855368	0.987778625306163	0.9957894634314423	0.9846032911965512	0.9854465312995988	0.9868738735764414	0.9809987435035146	0.9852059241733019	0.9887577691565381	0.9844267084372007	0.9865175371662261	0.9886394257810294	0.9869363576963643	0.9851842104162848	0.9836733086340846	0.9859611685387383	0.9880009805003779	0.9880009805003779	0.9856635430490029	0.9852384243657114	0.9873499132036394	0.9821270546952585	0.987677056242199	0.9846874025345514	0.9884213529097425	0.988181797399506	0.9838859090859761	1.0	0.9963263066603583	0.984707628571607	0.9847150356319093	0.9932083955138067	0.9944578298354207	0.9881617555824874	0.9864402706543336	0.9875138911304292	0.9863908438221899	0.9877583365443291	0.9877380352727244	0.9951952137959948	0.987778625306163	0.9961693106177018	0.9866647317747343
0.9857730651409674	0.9899397779623806	0.9878981656175815	0.9972745389936504	0.9962962475759111	0.9860187526616833	0.9885785838520658	0.9964344473437666	0.9880845976337214	0.9887271377804971	0.9880047988051771	0.9856913864731746	0.9886848400974239	0.9896755341449253	0.9878954587968658	0.9875005860500695	0.9894091566272452	0.9878704245087391	0.9860126213037468	0.9865714158353119	0.9891172080890361	0.988833589450271	0.9888879777583268	0.9875728040350151	0.9892649637768541	0.9882477927986975	0.982268497229545	0.988742742358307	0.987923886771841	0.9893020003003381	0.9892482912809797	0.9862276220954674	0.9963263066603583	1.0	0.9875621753021855	0.9874622305499828	0.996410329794429	0.9958215437391756	0.989140610081905	0.9886723879279405	0.9882108323714633	0.9879550557680831	0.9885968641200236	0.9885785838520658	0.9960865420789069	0.9898250337415277	0.9970488082043918	0.98747613518076
0.978589212752513	0.9882079875432163	0.9877372975977102	0.9882571447925402	0.9868778379895615	0.9840722408683005	0.9888655011655012	0.987812065796415	0.9797248895348051	0.9866980689876441	0.9880847725090939	0.975708261538795	0.9857841793432659	0.9895810115507223	0.993049329447628	0.9880600740933088	0.9878618171067273	0.9854381559965077	0.9863355559408076	0.980447904197801	0.9803261477534247	0.9887205166039784	0.9887930886050595	0.9855450134117024	0.9781850880426818	0.9883062287967032	0.9838763938403164	0.9876873576376729	0.980083917339003	0.9872597809411913	0.9894154423888327	0.9855983120566648	0.984707628571607	0.9875621753021855	1.0	0.9781908109028892	0.9858635160229092	0.9857841793432659	0.9871583622124982	0.9793014347070965	0.9876373418098332	0.9868009144042091	0.9884286198111013	0.988550557859852	0.9872597809411913	0.9866980689876441	0.9884286198111013	0.9876873576376729
0.9778885363354327	0.9876600118254274	0.9862204910049849	0.9883568309694675	0.9861615787399661	0.9922052080920184	0.9871203871276115	0.9879405112102639	0.9740788107948859	0.9851435650316556	0.9856265618165222	0.9728829632577579	0.98323404037754	0.9878285980358466	0.9822192644553687	0.9951618304701059	0.9869481244100966	0.9847150356319093	0.9837774711474367	0.9738952778220042	0.9754317908351607	0.987433878823098	0.9875753938857579	0.9850826879195904	0.9776560052286228	0.9870917392344798	0.9814114469427067	0.995296251444836	0.9756495960447695	0.9867460045173743	0.9876600118254274	0.9822524946926782	0.9847150356319093	0.9874622305499828	0.9781908109028892	1.0	0.9858356602154651	0.9853255221663448	0.9867170285946459	0.9760610501246517	0.9862499075939366	0.9854161240962731	0.9867749549361181	0.986688027122207	0.9866590000542076	0.9865426349052473	0.9885218967774394	0.985895159035399
0.9843138744227924	0.9919791713723334	0.9897194356420109	0.9987929529008541	0.9964724124212135	0.9847400692752643	0.990228891375702	0.9977649686229494	0.9878456473671514	0.9880821786044148	0.9887938407849273	0.9841883647846719	0.9879220569095426	0.9910608925636996	0.9866884380865314	0.9886566605180813	0.9917653896423223	0.9890470992643766	0.9873956333498154	0.9847036505335444	0.9879877574329459	0.9903783432408856	0.9904342137120516	0.9885583238251849	0.9884597549829883	0.9897384453121256	0.9835697786178355	0.9901539109232281	0.986509476024525	0.9914781796384687	0.9905642116316956	0.9860205942359367	0.9932083955138067	0.996410329794429	0.9858635160229092	0.9858356602154651	1.0	0.9964569026398704	0.9908226820996845	0.9884317167800842	0.9893753748817437	0.9890276867709077	0.9902101622251334	0.989965711126052	0.9968578220623697	0.9906012600785102	0.998194707583094	0.9890276867709077
0.9836811254889188	0.9902364626476194	0.9878149944258536	0.9985593234129272	0.9976526996028932	0.9847400692752643	0.9882311295045038	0.9972544072588535	0.9864369656823646	0.9877333418369301	0.9872001607270507	0.984224962600887	0.9877547822189005	0.9893400351260452	0.9867111974914188	0.9871224926062381	0.9897015341761563	0.9874705646477151	0.9858137585375272	0.9860375305765763	0.9871610455960288	0.9883062287967032	0.9886235046798107	0.9862271639893969	0.9861767650831328	0.987585775432914	0.9819769207245188	0.9884185577131765	0.9866455389972196	0.9897554189569518	0.9886977159471231	0.9850781450979723	0.9944578298354207	0.9958215437391756	0.9857841793432659	0.9853255221663448	0.9964569026398704	1.0	0.989194318688573	0.9882298057990144	0.9876432299702825	0.9869730876902845	0.9883062287967032	0.9881746924642404	0.9967352029815265	0.9894553263506866	0.9978078755892885	0.9870251489322349
