/home/jshaw/scratch/2022_sketched_distance/references/SGB_genome_fastas_part5/15385/Bengtsson-PalmeJ_2015__TRAVELRES39__bin.13.fa	/home/jshaw/scratch/2022_sketched_distance/references/SGB_genome_fastas_part5/15385/Bengtsson-PalmeJ_2015__TRAVELRES5__bin.10.fa	/home/jshaw/scratch/2022_sketched_distance/references/SGB_genome_fastas_part5/15385/Bengtsson-PalmeJ_2015__TRAVELRES6__bin.4.fa	/home/jshaw/scratch/2022_sketched_distance/references/SGB_genome_fastas_part5/15385/CosteaPI_2017__SID713A004-11-0-0__bin.5.fa	/home/jshaw/scratch/2022_sketched_distance/references/SGB_genome_fastas_part5/15385/CosteaPI_2017__SID713A051-11-0-0__bin.109.fa	/home/jshaw/scratch/2022_sketched_distance/references/SGB_genome_fastas_part5/15385/FengQ_2015__SID31872__bin.14.fa	/home/jshaw/scratch/2022_sketched_distance/references/SGB_genome_fastas_part5/15385/FengQ_2015__SID31881__bin.29.fa	/home/jshaw/scratch/2022_sketched_distance/references/SGB_genome_fastas_part5/15385/FengQ_2015__SID530185__bin.3.fa	/home/jshaw/scratch/2022_sketched_distance/references/SGB_genome_fastas_part5/15385/HeQ_2017__SZAXPI029573-88__bin.60.fa	/home/jshaw/scratch/2022_sketched_distance/references/SGB_genome_fastas_part5/15385/LeChatelierE_2013__MH0197__bin.17.fa	/home/jshaw/scratch/2022_sketched_distance/references/SGB_genome_fastas_part5/15385/LiJ_2014__V1.UC58-4__bin.63.fa	/home/jshaw/scratch/2022_sketched_distance/references/SGB_genome_fastas_part5/15385/LiuW_2016__SRR3992973__bin.1.fa	/home/jshaw/scratch/2022_sketched_distance/references/SGB_genome_fastas_part5/15385/LiuW_2016__SRR3992995__bin.98.fa	/home/jshaw/scratch/2022_sketched_distance/references/SGB_genome_fastas_part5/15385/VatanenT_2016__G80346__bin.3.fa	/home/jshaw/scratch/2022_sketched_distance/references/SGB_genome_fastas_part5/15385/XieH_2016__YSZC12003_35515__bin.16.fa	/home/jshaw/scratch/2022_sketched_distance/references/SGB_genome_fastas_part5/15385/XieH_2016__YSZC12003_35520__bin.39.fa	/home/jshaw/scratch/2022_sketched_distance/references/SGB_genome_fastas_part5/15385/XieH_2016__YSZC12003_35733__bin.125.fa	/home/jshaw/scratch/2022_sketched_distance/references/SGB_genome_fastas_part5/15385/XieH_2016__YSZC12003_35992__bin.76.fa	/home/jshaw/scratch/2022_sketched_distance/references/SGB_genome_fastas_part5/15385/XieH_2016__YSZC12003_36057__bin.67.fa	/home/jshaw/scratch/2022_sketched_distance/references/SGB_genome_fastas_part5/15385/XieH_2016__YSZC12003_36119__bin.34.fa	/home/jshaw/scratch/2022_sketched_distance/references/SGB_genome_fastas_part5/15385/XieH_2016__YSZC12003_36699__bin.36.fa	/home/jshaw/scratch/2022_sketched_distance/references/SGB_genome_fastas_part5/15385/XieH_2016__YSZC12003_37133__bin.42.fa	/home/jshaw/scratch/2022_sketched_distance/references/SGB_genome_fastas_part5/15385/XieH_2016__YSZC12003_37207R1__bin.22.fa	/home/jshaw/scratch/2022_sketched_distance/references/SGB_genome_fastas_part5/15385/XieH_2016__YSZC12003_37233__bin.41.fa	/home/jshaw/scratch/2022_sketched_distance/references/SGB_genome_fastas_part5/15385/XieH_2016__YSZC12003_37293__bin.31.fa	/home/jshaw/scratch/2022_sketched_distance/references/SGB_genome_fastas_part5/15385/XieH_2016__YSZC12003_37316__bin.20.fa	/home/jshaw/scratch/2022_sketched_distance/references/SGB_genome_fastas_part5/15385/XieH_2016__YSZC12003_37797__bin.48.fa	/home/jshaw/scratch/2022_sketched_distance/references/SGB_genome_fastas_part5/15385/XieH_2016__YSZC12003_37830__bin.41.fa	/home/jshaw/scratch/2022_sketched_distance/references/SGB_genome_fastas_part5/15385/ZeeviD_2015__PNP_DietIntervention_45__bin.3.fa	/home/jshaw/scratch/2022_sketched_distance/references/SGB_genome_fastas_part5/15385/ZeeviD_2015__PNP_DietIntervention_54__bin.31.fa
1.0	0.9770471401152349	0.9836769250669909	0.982332631425393	0.9809473399491372	0.9817163627591701	0.9843012923915387	0.9778500600091684	0.9743104493062849	0.9790879131762473	0.978082716561944	0.9823394413385702	0.9732297904678096	0.9777904998610697	0.982459141672986	0.9839879533583153	0.9817600918445406	0.9817982496022928	0.9874247836692314	0.9849137797472929	0.9837375865945811	0.983181514911891	0.9812023450360328	0.9816793433221734	0.9809344459929734	0.9839675153693342	0.984514677171508	0.9824831594604185	0.9823830998159893	0.9727757062493536
0.9770471401152349	1.0	0.9898964571587254	0.9746415973319308	0.9732935261083189	0.9746023101974636	0.9773246646810163	0.9716689649082974	0.9698644690325428	0.9732044862142791	0.9738537485856552	0.975696813515464	0.9686474474571135	0.9720111646347099	0.9749610409320378	0.9769699749860906	0.9757968585983565	0.9785981110573532	0.9718662576378904	0.9765514626339942	0.982260445947909	0.9755317334321826	0.9737413737000107	0.9753421761381199	0.9748522712142254	0.9769175566421688	0.9753827374460529	0.9750933822764737	0.9752891601039567	0.9667836125642766
0.9836769250669909	0.9898964571587254	1.0	0.9820085089426006	0.9813348656507511	0.9826125927584373	0.9855294378039605	0.9755298997533827	0.9747144073412239	0.9804791369035334	0.9784279253763523	0.9829744469891354	0.9735639783202251	0.9783963582262206	0.9834766516529693	0.9845507789303517	0.9824111530920456	0.9877848428419472	0.9792439055288632	0.9844484040704631	0.9898577651821739	0.9833504328633195	0.9824029019150282	0.9828323324578673	0.9821745645298131	0.984861981304444	0.983366815486075	0.9823566606129485	0.9830045504238132	0.9721820967892554
0.982332631425393	0.9746415973319308	0.9820085089426006	1.0	0.9810453900957223	0.981189281067869	0.9833318599201298	0.9736161389969425	0.9737355994074816	0.97820583611634	0.9780648133888991	0.9816869911045599	0.9712498685559565	0.9770679771155207	0.9819381294727563	0.9818804866867388	0.9807370374838619	0.9812581813591047	0.9780041112228254	0.9826465136592962	0.9826058795466125	0.9837024310354904	0.9805737413690447	0.9817184552808462	0.9789199931739846	0.9818684762081468	0.9818082576440763	0.9815821022239666	0.9812554256844509	0.9706320426543716
0.9809473399491372	0.9732935261083189	0.9813348656507511	0.9810453900957223	1.0	0.9808982231803846	0.9817762159508899	0.9731919075486425	0.9750110071910115	0.9781826304508916	0.9759582703324375	0.9831831272838892	0.970913166401821	0.976315124334596	0.9814782624051029	0.9815921206582809	0.9798519923694529	0.9805071934267002	0.9763355258633483	0.9816958618491958	0.9812744395015603	0.9806475500781724	0.9799664874113335	0.9811690179262428	0.9782162576220318	0.9817407455783044	0.9812978003175872	0.9809865284888658	0.9813767708467687	0.9713402702534683
0.9817163627591701	0.9746023101974636	0.9826125927584373	0.981189281067869	0.9808982231803846	1.0	0.9820200551880581	0.9747709320528027	0.9756706402559107	0.9792659223345406	0.9775525020625553	0.981891670526574	0.9723307071759467	0.9779621559228535	0.9820772984816346	0.9814297228302131	0.9808341169394821	0.9812617591121059	0.9774097112456555	0.9826760879640533	0.9824425308765219	0.9819941503929422	0.9810637577771976	0.981164194926217	0.9784104810206035	0.9815787284304106	0.9816375142712968	0.9818113594927852	0.9819900189986734	0.9715680418375752
0.9843012923915387	0.9773246646810163	0.9855294378039605	0.9833318599201298	0.9817762159508899	0.9820200551880581	1.0	0.9750495704453472	0.9745664877935183	0.9798688670043663	0.9786051410130311	0.9832172217028584	0.972795321566049	0.9784765942671833	0.9835829509370423	0.9856113845587482	0.9819941571023031	0.9840537645401168	0.9808051805076512	0.9839339439492972	0.9849443481266908	0.9837193652398687	0.9823471255357221	0.982162820946675	0.9822344463801193	0.9852536555160537	0.9834552334249103	0.9834272761103608	0.9826048866385478	0.9728051730268372
0.9778500600091684	0.9716689649082974	0.9755298997533827	0.9736161389969425	0.9731919075486425	0.9747709320528027	0.9750495704453472	1.0	0.9709798692875475	0.972944771026388	0.9722233579749576	0.9746660387971127	0.9673901978002731	0.9716992698151251	0.9752596676666062	0.974748592711027	0.9743736319934393	0.9740385358849526	0.9720501260024405	0.9848476215176427	0.9754173266636168	0.9753281467663185	0.9728413412026462	0.9753751737778926	0.9728990171176904	0.9745810278509244	0.9848227082001925	0.9752280142230318	0.975432517488431	0.9676137977026114
0.9743104493062849	0.9698644690325428	0.9747144073412239	0.9737355994074816	0.9750110071910115	0.9756706402559107	0.9745664877935183	0.9709798692875475	1.0	0.9721295252852121	0.9723812602024018	0.97888504988589	0.9676895299319743	0.971122963772963	0.9748348569842261	0.9741650847981347	0.9748866136893717	0.9744422135418411	0.9712240777509202	0.9753359287418571	0.9749017172831396	0.9745854862217591	0.9730437641867654	0.9754082983178755	0.9711153392921101	0.9743108970200988	0.9744992366310007	0.9741981481244663	0.9753562864746873	0.9669653099937701
0.9790879131762473	0.9732044862142791	0.9804791369035334	0.97820583611634	0.9781826304508916	0.9792659223345406	0.9798688670043663	0.972944771026388	0.9721295252852121	1.0	0.97562515985887	0.979426707583174	0.969958253031795	0.9757739677429815	0.9796269288678955	0.9789274112241716	0.9792388455649742	0.9789099902530448	0.9754814357776582	0.9804129259354678	0.9798077210879417	0.9787902166666297	0.977826135157786	0.9795839474964798	0.9759870787570315	0.9795798203529678	0.9795527754246767	0.9788155913959776	0.9794427215687995	0.9702100584072789
0.978082716561944	0.9738537485856552	0.9784279253763523	0.9780648133888991	0.9759582703324375	0.9775525020625553	0.9786051410130311	0.9722233579749576	0.9723812602024018	0.97562515985887	1.0	0.9773779629782172	0.9710132785094926	0.9751087290048494	0.9771081029138144	0.9778825895552137	0.9782093085317105	0.9770938597899482	0.9746767886246465	0.9785701653645195	0.9788967671335984	0.978923625751307	0.9765633846739903	0.9781693021096384	0.973989417954185	0.978084944498299	0.9772792038378589	0.9768160283347757	0.9779509909169412	0.9699393839213838
0.9823394413385702	0.975696813515464	0.9829744469891354	0.9816869911045599	0.9831831272838892	0.981891670526574	0.9832172217028584	0.9746660387971127	0.97888504988589	0.979426707583174	0.9773779629782172	1.0	0.9730683560706711	0.9779065878853661	0.9824119920933116	0.982991967933003	0.9813123178690407	0.981968902347082	0.9782054038153924	0.982666144669448	0.9831067613554902	0.9812841351904319	0.9805830633395995	0.9819834105869621	0.9797069508176317	0.9831051405540266	0.9817564505559874	0.9816873906182906	0.9818768692499436	0.9718628706191241
0.9732297904678096	0.9686474474571135	0.9735639783202251	0.9712498685559565	0.970913166401821	0.9723307071759467	0.972795321566049	0.9673901978002731	0.9676895299319743	0.969958253031795	0.9710132785094926	0.9730683560706711	1.0	0.9691742703673885	0.9724633613692631	0.9723100746006762	0.9735106037164624	0.9723191966863596	0.9686556199149046	0.9725306814624137	0.9737312149814388	0.9718453160072338	0.9714715379176369	0.9718530773028556	0.9714332054797887	0.9728295031494559	0.9716726975821107	0.9714179118086216	0.9744204262694279	0.9677656572725372
0.9777904998610697	0.9720111646347099	0.9783963582262206	0.9770679771155207	0.976315124334596	0.9779621559228535	0.9784765942671833	0.9716992698151251	0.971122963772963	0.9757739677429815	0.9751087290048494	0.9779065878853661	0.9691742703673885	1.0	0.977615148989042	0.9772561839462829	0.9779269049722402	0.9771946596148312	0.9736704939689668	0.9788369909506087	0.9789472396716987	0.9784231557640807	0.9761552354319424	0.9771820621220636	0.9730247697713689	0.977653761097202	0.9777439122453376	0.9776040484545098	0.9826134793019511	0.9737030565112201
0.982459141672986	0.9749610409320378	0.9834766516529693	0.9819381294727563	0.9814782624051029	0.9820772984816346	0.9835829509370423	0.9752596676666062	0.9748348569842261	0.9796269288678955	0.9771081029138144	0.9824119920933116	0.9724633613692631	0.977615148989042	1.0	0.9834600643493246	0.981637243958206	0.9828317757443452	0.9780879520993376	0.9843454865256019	0.983588883578675	0.9831387905443967	0.9821897839503028	0.9827125930575574	0.9789885454321936	0.983262679376349	0.9826140255542423	0.9820300921913659	0.9817582806287664	0.9715781715879379
0.9839879533583153	0.9769699749860906	0.9845507789303517	0.9818804866867388	0.9815921206582809	0.9814297228302131	0.9856113845587482	0.974748592711027	0.9741650847981347	0.9789274112241716	0.9778825895552137	0.982991967933003	0.9723100746006762	0.9772561839462829	0.9834600643493246	1.0	0.9821236175323272	0.982595353590525	0.9800790230576278	0.9832154148742402	0.9842162230959876	0.9829395373171563	0.9820950866418656	0.9818255123890729	0.9826168783629855	0.9883806400099224	0.9819658185298856	0.9819707051668818	0.9817567545888357	0.9712630968314108
0.9817600918445406	0.9757968585983565	0.9824111530920456	0.9807370374838619	0.9798519923694529	0.9808341169394821	0.9819941571023031	0.9743736319934393	0.9748866136893717	0.9792388455649742	0.9782093085317105	0.9813123178690407	0.9735106037164624	0.9779269049722402	0.981637243958206	0.9821236175323272	1.0	0.9811034223550107	0.9774973292004963	0.9822645528662522	0.9829055906385534	0.9818892476210423	0.9804982265995964	0.98197351505571	0.9779258460893515	0.9814748829343557	0.9815982440826259	0.9811903026462739	0.9812442812380296	0.9727125505361065
0.9817982496022928	0.9785981110573532	0.9877848428419472	0.9812581813591047	0.9805071934267002	0.9812617591121059	0.9840537645401168	0.9740385358849526	0.9744422135418411	0.9789099902530448	0.9770938597899482	0.981968902347082	0.9723191966863596	0.9771946596148312	0.9828317757443452	0.982595353590525	0.9811034223550107	1.0	0.97843863570621	0.9834813952546895	0.9863997780037871	0.9828356792572819	0.9815517982991862	0.9815817970343308	0.9795020362035343	0.9836657781264252	0.9824106254308979	0.9816475228542475	0.9817581952676332	0.9711972320972017
0.9874247836692314	0.9718662576378904	0.9792439055288632	0.9780041112228254	0.9763355258633483	0.9774097112456555	0.9808051805076512	0.9720501260024405	0.9712240777509202	0.9754814357776582	0.9746767886246465	0.9782054038153924	0.9686556199149046	0.9736704939689668	0.9780879520993376	0.9800790230576278	0.9774973292004963	0.97843863570621	1.0	0.978729285295519	0.9795487422778735	0.9789166849568867	0.9773802888382092	0.9777026420609102	0.9762992050402524	0.9811165688189349	0.9778356546154934	0.9780258122248195	0.977520309221373	0.9688426668866115
0.9849137797472929	0.9765514626339942	0.9844484040704631	0.9826465136592962	0.9816958618491958	0.9826760879640533	0.9839339439492972	0.9848476215176427	0.9753359287418571	0.9804129259354678	0.9785701653645195	0.982666144669448	0.9725306814624137	0.9788369909506087	0.9843454865256019	0.9832154148742402	0.9822645528662522	0.9834813952546895	0.978729285295519	1.0	0.9837497716169733	0.9841306245975676	0.982185030430212	0.9836088992712898	0.9818208246222754	0.9841492726078177	0.9918879455727303	0.9832148995871255	0.9835358092104156	0.9729016805282213
0.9837375865945811	0.982260445947909	0.9898577651821739	0.9826058795466125	0.9812744395015603	0.9824425308765219	0.9849443481266908	0.9754173266636168	0.9749017172831396	0.9798077210879417	0.9788967671335984	0.9831067613554902	0.9737312149814388	0.9789472396716987	0.983588883578675	0.9842162230959876	0.9829055906385534	0.9863997780037871	0.9795487422778735	0.9837497716169733	1.0	0.9833368519275516	0.9821912214132589	0.9828902016726736	0.9800192993972616	0.9844685965606169	0.9831414386970215	0.9828626574260572	0.9830264281623218	0.9728605694178448
0.983181514911891	0.9755317334321826	0.9833504328633195	0.9837024310354904	0.9806475500781724	0.9819941503929422	0.9837193652398687	0.9753281467663185	0.9745854862217591	0.9787902166666297	0.978923625751307	0.9812841351904319	0.9718453160072338	0.9784231557640807	0.9831387905443967	0.9829395373171563	0.9818892476210423	0.9828356792572819	0.9789166849568867	0.9841306245975676	0.9833368519275516	1.0	0.9819905789017117	0.9820626239745454	0.979209111105038	0.9828871723252287	0.9832620426640671	0.9826604557568366	0.9825913859034483	0.9724113901367483
0.9812023450360328	0.9737413737000107	0.9824029019150282	0.9805737413690447	0.9799664874113335	0.9810637577771976	0.9823471255357221	0.9728413412026462	0.9730437641867654	0.977826135157786	0.9765633846739903	0.9805830633395995	0.9714715379176369	0.9761552354319424	0.9821897839503028	0.9820950866418656	0.9804982265995964	0.9815517982991862	0.9773802888382092	0.982185030430212	0.9821912214132589	0.9819905789017117	1.0	0.9811713934118904	0.9783827037850378	0.9818941143139877	0.9816262721815627	0.9805144973816844	0.9810371004304531	0.9702742248300689
0.9816793433221734	0.9753421761381199	0.9828323324578673	0.9817184552808462	0.9811690179262428	0.981164194926217	0.982162820946675	0.9753751737778926	0.9754082983178755	0.9795839474964798	0.9781693021096384	0.9819834105869621	0.9718530773028556	0.9771820621220636	0.9827125930575574	0.9818255123890729	0.98197351505571	0.9815817970343308	0.9777026420609102	0.9836088992712898	0.9828902016726736	0.9820626239745454	0.9811713934118904	1.0	0.9787102122600491	0.9818680510027664	0.9825108882948217	0.9819748831426407	0.9822694837053617	0.9724304593409604
0.9809344459929734	0.9748522712142254	0.9821745645298131	0.9789199931739846	0.9782162576220318	0.9784104810206035	0.9822344463801193	0.9728990171176904	0.9711153392921101	0.9759870787570315	0.973989417954185	0.9797069508176317	0.9714332054797887	0.9730247697713689	0.9789885454321936	0.9826168783629855	0.9779258460893515	0.9795020362035343	0.9762992050402524	0.9818208246222754	0.9800192993972616	0.979209111105038	0.9783827037850378	0.9787102122600491	1.0	0.9828696565082735	0.9801443219193933	0.9787066800082488	0.9786791999865933	0.9701061561165858
0.9839675153693342	0.9769175566421688	0.984861981304444	0.9818684762081468	0.9817407455783044	0.9815787284304106	0.9852536555160537	0.9745810278509244	0.9743108970200988	0.9795798203529678	0.978084944498299	0.9831051405540266	0.9728295031494559	0.977653761097202	0.983262679376349	0.9883806400099224	0.9814748829343557	0.9836657781264252	0.9811165688189349	0.9841492726078177	0.9844685965606169	0.9828871723252287	0.9818941143139877	0.9818680510027664	0.9828696565082735	1.0	0.9828033514076918	0.9817412646322758	0.9820471599766465	0.9719328979688098
0.984514677171508	0.9753827374460529	0.983366815486075	0.9818082576440763	0.9812978003175872	0.9816375142712968	0.9834552334249103	0.9848227082001925	0.9744992366310007	0.9795527754246767	0.9772792038378589	0.9817564505559874	0.9716726975821107	0.9777439122453376	0.9826140255542423	0.9819658185298856	0.9815982440826259	0.9824106254308979	0.9778356546154934	0.9918879455727303	0.9831414386970215	0.9832620426640671	0.9816262721815627	0.9825108882948217	0.9801443219193933	0.9828033514076918	1.0	0.982390245659661	0.9828713786596072	0.9730420135132329
0.9824831594604185	0.9750933822764737	0.9823566606129485	0.9815821022239666	0.9809865284888658	0.9818113594927852	0.9834272761103608	0.9752280142230318	0.9741981481244663	0.9788155913959776	0.9768160283347757	0.9816873906182906	0.9714179118086216	0.9776040484545098	0.9820300921913659	0.9819707051668818	0.9811903026462739	0.9816475228542475	0.9780258122248195	0.9832148995871255	0.9828626574260572	0.9826604557568366	0.9805144973816844	0.9819748831426407	0.9787066800082488	0.9817412646322758	0.982390245659661	1.0	0.98192765421114	0.9721687370585973
0.9823830998159893	0.9752891601039567	0.9830045504238132	0.9812554256844509	0.9813767708467687	0.9819900189986734	0.9826048866385478	0.975432517488431	0.9753562864746873	0.9794427215687995	0.9779509909169412	0.9818768692499436	0.9744204262694279	0.9826134793019511	0.9817582806287664	0.9817567545888357	0.9812442812380296	0.9817581952676332	0.977520309221373	0.9835358092104156	0.9830264281623218	0.9825913859034483	0.9810371004304531	0.9822694837053617	0.9786791999865933	0.9820471599766465	0.9828713786596072	0.98192765421114	1.0	0.9873760522439212
0.9727757062493536	0.9667836125642766	0.9721820967892554	0.9706320426543716	0.9713402702534683	0.9715680418375752	0.9728051730268372	0.9676137977026114	0.9669653099937701	0.9702100584072789	0.9699393839213838	0.9718628706191241	0.9677656572725372	0.9737030565112201	0.9715781715879379	0.9712630968314108	0.9727125505361065	0.9711972320972017	0.9688426668866115	0.9729016805282213	0.9728605694178448	0.9724113901367483	0.9702742248300689	0.9724304593409604	0.9701061561165858	0.9719328979688098	0.9730420135132329	0.9721687370585973	0.9873760522439212	1.0
