/home/jshaw/scratch/2022_sketched_distance/references/SGB_genome_fastas_part2/2048/CM_cf__CF_TNFC002SA_t1M15__bin.5.fa	/home/jshaw/scratch/2022_sketched_distance/references/SGB_genome_fastas_part2/2048/CM_cf__CF_TNFC022IS_t3M16__bin.14.fa	/home/jshaw/scratch/2022_sketched_distance/references/SGB_genome_fastas_part2/2048/CM_periimplantitis__SP_282SPT_T016_R__bin.15.fa	/home/jshaw/scratch/2022_sketched_distance/references/SGB_genome_fastas_part2/2048/CM_periimplantitis__SP_283SPT_T016__bin.9.fa	/home/jshaw/scratch/2022_sketched_distance/references/SGB_genome_fastas_part2/2048/CM_periimplantitis__SP_344SPT_T016__bin.26.fa	/home/jshaw/scratch/2022_sketched_distance/references/SGB_genome_fastas_part2/2048/HMP_2012__SRS011115__bin.26.fa	/home/jshaw/scratch/2022_sketched_distance/references/SGB_genome_fastas_part2/2048/HMP_2012__SRS012279__bin.14.fa	/home/jshaw/scratch/2022_sketched_distance/references/SGB_genome_fastas_part2/2048/HMP_2012__SRS013252__bin.53.fa	/home/jshaw/scratch/2022_sketched_distance/references/SGB_genome_fastas_part2/2048/HMP_2012__SRS013723__bin.46.fa	/home/jshaw/scratch/2022_sketched_distance/references/SGB_genome_fastas_part2/2048/HMP_2012__SRS014271__bin.2.fa	/home/jshaw/scratch/2022_sketched_distance/references/SGB_genome_fastas_part2/2048/HMP_2012__SRS015574__bin.56.fa	/home/jshaw/scratch/2022_sketched_distance/references/SGB_genome_fastas_part2/2048/HMP_2012__SRS015762__bin.18.fa	/home/jshaw/scratch/2022_sketched_distance/references/SGB_genome_fastas_part2/2048/HMP_2012__SRS015893__bin.10.fa	/home/jshaw/scratch/2022_sketched_distance/references/SGB_genome_fastas_part2/2048/HMP_2012__SRS016575__bin.43.fa	/home/jshaw/scratch/2022_sketched_distance/references/SGB_genome_fastas_part2/2048/HMP_2012__SRS017304__bin.36.fa	/home/jshaw/scratch/2022_sketched_distance/references/SGB_genome_fastas_part2/2048/HMP_2012__SRS017511__bin.3.fa	/home/jshaw/scratch/2022_sketched_distance/references/SGB_genome_fastas_part2/2048/HMP_2012__SRS018300__bin.10.fa	/home/jshaw/scratch/2022_sketched_distance/references/SGB_genome_fastas_part2/2048/HMP_2012__SRS018439__bin.57.fa	/home/jshaw/scratch/2022_sketched_distance/references/SGB_genome_fastas_part2/2048/HMP_2012__SRS018443__bin.5.fa	/home/jshaw/scratch/2022_sketched_distance/references/SGB_genome_fastas_part2/2048/HMP_2012__SRS018665__bin.34.fa	/home/jshaw/scratch/2022_sketched_distance/references/SGB_genome_fastas_part2/2048/HMP_2012__SRS018739__bin.85.fa	/home/jshaw/scratch/2022_sketched_distance/references/SGB_genome_fastas_part2/2048/HMP_2012__SRS019980__bin.38.fa	/home/jshaw/scratch/2022_sketched_distance/references/SGB_genome_fastas_part2/2048/HMP_2012__SRS020226__bin.2.fa	/home/jshaw/scratch/2022_sketched_distance/references/SGB_genome_fastas_part2/2048/HMP_2012__SRS021496__bin.61.fa	/home/jshaw/scratch/2022_sketched_distance/references/SGB_genome_fastas_part2/2048/HMP_2012__SRS022143__bin.95.fa	/home/jshaw/scratch/2022_sketched_distance/references/SGB_genome_fastas_part2/2048/HMP_2012__SRS022536__bin.33.fa	/home/jshaw/scratch/2022_sketched_distance/references/SGB_genome_fastas_part2/2048/HMP_2012__SRS022602__bin.56.fa	/home/jshaw/scratch/2022_sketched_distance/references/SGB_genome_fastas_part2/2048/HMP_2012__SRS022725__bin.68.fa	/home/jshaw/scratch/2022_sketched_distance/references/SGB_genome_fastas_part2/2048/HMP_2012__SRS023595__bin.81.fa	/home/jshaw/scratch/2022_sketched_distance/references/SGB_genome_fastas_part2/2048/HMP_2012__SRS024087__bin.39.fa	/home/jshaw/scratch/2022_sketched_distance/references/SGB_genome_fastas_part2/2048/HMP_2012__SRS024289__bin.40.fa	/home/jshaw/scratch/2022_sketched_distance/references/SGB_genome_fastas_part2/2048/HMP_2012__SRS024355__bin.9.fa	/home/jshaw/scratch/2022_sketched_distance/references/SGB_genome_fastas_part2/2048/HMP_2012__SRS042643__bin.14.fa	/home/jshaw/scratch/2022_sketched_distance/references/SGB_genome_fastas_part2/2048/HMP_2012__SRS047824__bin.23.fa	/home/jshaw/scratch/2022_sketched_distance/references/SGB_genome_fastas_part2/2048/HMP_2012__SRS049318__bin.75.fa	/home/jshaw/scratch/2022_sketched_distance/references/SGB_genome_fastas_part2/2048/HMP_2012__SRS052604__bin.10.fa	/home/jshaw/scratch/2022_sketched_distance/references/SGB_genome_fastas_part2/2048/HMP_2012__SRS055378__bin.27.fa	/home/jshaw/scratch/2022_sketched_distance/references/SGB_genome_fastas_part2/2048/HMP_2012__SRS056622__bin.20.fa	/home/jshaw/scratch/2022_sketched_distance/references/SGB_genome_fastas_part2/2048/HMP_2012__SRS058808__bin.22.fa	/home/jshaw/scratch/2022_sketched_distance/references/SGB_genome_fastas_part2/2048/HMP_2012__SRS062544__bin.37.fa	/home/jshaw/scratch/2022_sketched_distance/references/SGB_genome_fastas_part2/2048/HMP_2012__SRS063603__bin.69.fa	/home/jshaw/scratch/2022_sketched_distance/references/SGB_genome_fastas_part2/2048/HMP_2012__SRS063932__bin.66.fa	/home/jshaw/scratch/2022_sketched_distance/references/SGB_genome_fastas_part2/2048/HMP_2012__SRS063999__bin.35.fa	/home/jshaw/scratch/2022_sketched_distance/references/SGB_genome_fastas_part2/2048/HMP_2012__SRS078182__bin.26.fa
1.0	0.9679078561819265	0.9730047582557931	0.9725363958979208	0.968439266725057	0.9710892715003205	0.9705503859571779	0.9754664883056734	0.9698880688845258	0.9704666780815858	0.9743598932409191	0.9715013867369006	0.9721408577215911	0.9751000462290159	0.9758947067093564	0.9728493879175595	0.9716597492209721	0.968400497363569	0.9728104287444093	0.9700872885015579	0.9683085859074412	0.9744448149124513	0.9711713863174154	0.9714284592384227	0.9712941693206721	0.9739216711878063	0.9760287946550525	0.9706755430682132	0.971144985955139	0.9753224865062824	0.9738084638503688	0.973082165196993	0.9734282286609847	0.9708416696842352	0.9761200092569272	0.9698427051945714	0.9740720028274487	0.9704666780815858	0.9730793110039762	0.9680997128889949	0.9713716917361706	0.9700748376272911	0.9745188665322622	0.9674363589179285
0.9679078561819265	1.0	0.9734680340268158	0.9736337593061668	0.9629716594130976	0.970008333047012	0.9763289432343744	0.9750884094958298	0.968733423790202	0.9703302616527889	0.97235199488183	0.969911547589292	0.9691180132232312	0.9711709967152745	0.9714987117583436	0.972796535421864	0.9721541203973738	0.9659243967877584	0.9737163056664174	0.9685911239682287	0.9734267477628843	0.9732178481675	0.9729235049055839	0.9673505245687076	0.9750884094958298	0.9717624686197907	0.9710261022970645	0.9704672561196602	0.9671253541408498	0.973839732914133	0.9755980965339192	0.9725838084904662	0.9720674948916541	0.970146695054212	0.9723637434505539	0.9631198006128153	0.974328802281132	0.970919759561338	0.9663504121425511	0.9663806886959603	0.9687099502539612	0.9681795811164804	0.973839732914133	0.9678147117509819
0.9730047582557931	0.9734680340268158	1.0	0.9742731122140068	0.9691923663358267	0.9707499232786387	0.9715248546488107	0.9763879732876365	0.976492348967852	0.9700946317871422	0.9770799856609453	0.9741086449341764	0.9724479356518727	0.9771560594281439	0.9733936588150367	0.9748780123810582	0.9709247155962547	0.9716648060910394	0.9746564626672289	0.972186202576936	0.9735713521401264	0.9760246170414325	0.9728949214199145	0.972936745482893	0.9723536132962167	0.9733936588150367	0.9781673988819558	0.9725217040233743	0.9744898036805618	0.9768068246426681	0.9751606604419376	0.9730951306047534	0.9727938293574174	0.9705484554641886	0.9801904221031509	0.9713955997334411	0.9743373189789147	0.9696529362077815	0.9749983652654857	0.972213475660105	0.9753333087927778	0.974903095985935	0.9741765634202622	0.9713165651911649
0.9725363958979208	0.9736337593061668	0.9742731122140068	1.0	0.9717668938309839	0.971224787461539	0.9702399747519928	0.9760595662994732	0.9755932677144753	0.9702150509636773	0.9776380127735422	0.974036987654005	0.9715207737261382	0.9777634160865534	0.9736873992351367	0.9735250905897133	0.9707048288553894	0.9719572015389193	0.9737520960951452	0.9732833337313097	0.9745659384066487	0.9741056421887103	0.9733757628433296	0.9732085172197021	0.9715804358705871	0.9731980172206731	0.9782682149840015	0.9718456374568305	0.9743740271682471	0.9750507435330551	0.9753905072921327	0.9708819035147158	0.9718899465212555	0.9703240502371813	0.9797624357923572	0.972499697852521	0.9746131155252596	0.9695115061561188	0.9754497193423751	0.9712853789869152	0.9750143481894671	0.9740304997025971	0.9742968751132134	0.9717079596338202
0.968439266725057	0.9629716594130976	0.9691923663358267	0.9717668938309839	1.0	0.9737231502660127	0.9688932306094107	0.974700649375443	0.9648425254251907	0.9711655631286348	0.970526037652111	0.9684106231481714	0.9698311464861904	0.9703624201303771	0.974700649375443	0.9733761320743823	0.9712122179010421	0.9682354376907811	0.9717668938309839	0.9700251812487227	0.9601031009047106	0.9726261578885257	0.9710251940036119	0.9652046292257096	0.9714907434551147	0.9732450374555759	0.9695460947437935	0.9695869537009391	0.9647157511785152	0.9746587555908032	0.972040709853873	0.9712122179010421	0.9728928394239816	0.9711655631286348	0.9690536648276492	0.9607085317830376	0.9742792602324287	0.9715369323449132	0.9659320723575247	0.9630478178860079	0.9650124622982629	0.9627891187891334	0.9737231502660127	0.9647247478197167
0.9710892715003205	0.970008333047012	0.9707499232786387	0.971224787461539	0.9737231502660127	1.0	0.9719065266495095	0.9755626729695579	0.9725628089364439	0.9756577046362961	0.9774867689794905	0.9795653106329272	0.971294249418919	0.9769510645154229	0.9736685656730097	0.972643704345574	0.9753398463563341	0.9759066188622636	0.9718710011494534	0.9732461130556584	0.9729400246519504	0.9728857513311593	0.9710803754600729	0.9978212777410905	0.9739698164615932	0.9736349201199953	0.9778120670662166	0.9716171102730317	0.9734922893194797	0.9744985676706895	0.9718710011494534	0.9728512836117155	0.9768685011869399	0.9748688248692332	0.9800354387238038	0.9710568950440116	0.9739031130282518	0.974629421337914	0.974907337439402	0.9757267571767758	0.9741618688380029	0.9718153298639118	0.9744329426381141	0.9760209797665274
0.9705503859571779	0.9763289432343744	0.9715248546488107	0.9702399747519928	0.9688932306094107	0.9719065266495095	1.0	0.9728894704345856	0.9740510966688595	0.9709669419784898	0.9750206871817674	0.9746762813820528	0.9700585916419829	0.9742733157613527	0.9705964439488556	0.9697467305142369	0.9714470692888092	0.9724523925278481	0.9720651919407998	0.9705688205496777	0.9928169742209947	0.9719983350640283	0.9712264248107391	0.9731543447310597	0.975304153826579	0.9715741946862836	0.9759207909203164	0.9715405748187115	0.9703012511581963	0.9730842177333359	0.9739463973291996	0.9712706004812868	0.9720985687188392	0.9712489754608414	0.9770694882287413	0.9713393944531133	0.9718977903601654	0.9704526058616609	0.9730310575326663	0.9709700068653829	0.971949270818268	0.9729899253625801	0.9720985687188392	0.9715407980545399
0.9754664883056734	0.9750884094958298	0.9763879732876365	0.9760595662994732	0.974700649375443	0.9755626729695579	0.9728894704345856	1.0	0.9778515776957228	0.9739406543510919	0.9798263243849664	0.9776326269092851	0.9754490162205338	0.9810065724160086	0.9755131698704655	0.9764202221750684	0.9752913231203794	0.9744764732197883	0.9748143874145624	0.9770380616693203	0.9762031637547014	0.9759780140298857	0.9773197722494495	0.9776060845767356	0.9738169113970796	0.9764027227164539	0.9803636714112217	0.9765701754876833	0.9780443258083829	0.9753502045194735	0.9740801887027342	0.9762432216927805	0.9726570989344654	0.9748688248692332	0.9825032203110863	0.9757996875871835	0.9746266389802007	0.9739089550532065	0.9781577461960667	0.9746131155252596	0.9774825381371175	0.9781766610634124	0.9760700936978268	0.9746290646612942
0.9698880688845258	0.968733423790202	0.976492348967852	0.9755932677144753	0.9648425254251907	0.9725628089364439	0.9740510966688595	0.9778515776957228	1.0	0.9732090242628708	0.9732853348994988	0.9726445457292223	0.9726062929284169	0.9733676368449354	0.9764151467037668	0.9780727035942434	0.9744640811094782	0.9704038038883513	0.974952829928467	0.9733791958670845	0.9701774028592974	0.9791918970689995	0.9748718806285963	0.9707932527543999	0.9742995170117704	0.9768756375741718	0.9754851536694163	0.9728228423672669	0.969231650026857	0.9797897336105896	0.976492348967852	0.9749123804838258	0.9747907291742489	0.9727796480241445	0.9766844061351815	0.9660987263054902	0.976298998854592	0.9727796480241445	0.969622481865441	0.9670435675116328	0.9703106435639233	0.9720635725333058	0.9781094125273545	0.9679398495847142
0.9704666780815858	0.9703302616527889	0.9700946317871422	0.9702150509636773	0.9711655631286348	0.9756577046362961	0.9709669419784898	0.9739406543510919	0.9732090242628708	1.0	0.9756683132992409	0.9778247471071723	0.9711042609159262	0.9773597722454884	0.9730569212207316	0.9708960813796426	0.9770777589272429	0.9764542794676485	0.9707182480791388	0.9722630704708893	0.9725453176185425	0.971563075442541	0.9707862847569432	0.9771777626067635	0.9744849835229094	0.9718742880076828	0.9766164911929693	0.9728177103878702	0.9726471405521714	0.9731232148085862	0.9728572235465849	0.972171205707469	0.9900304053220621	0.9885517049906956	0.9794871315061878	0.9708862043610179	0.9719430421852576	0.9901486957260213	0.9733195075022122	0.9974611939950468	0.9737479247811723	0.9727002423895126	0.973972927554747	0.9900808145814864
0.9743598932409191	0.97235199488183	0.9770799856609453	0.9776380127735422	0.970526037652111	0.9774867689794905	0.9750206871817674	0.9798263243849664	0.9732853348994988	0.9756683132992409	1.0	0.9691698012638059	0.9780875780160913	0.9709861872365962	0.9810722032901583	0.9785799304777281	0.9766161979697782	0.9754538680913948	0.977688271781329	0.9779384108057662	0.9675779124997619	0.9802933171053279	0.9775876761336433	0.9685242713492356	0.9770287786906419	0.980662164595749	0.9714634241131104	0.976926122568591	0.9655645498795109	0.9813876052464586	0.9789202079484309	0.9792090763966526	0.9769774910794042	0.975507612119217	0.9777384534000647	0.9675092412220887	0.9792569735431904	0.9757217043765654	0.9734001363170647	0.9674404234090984	0.9756148344268548	0.9708995607576681	0.9820973068813642	0.9665321613698108
0.9715013867369006	0.969911547589292	0.9741086449341764	0.974036987654005	0.9684106231481714	0.9795653106329272	0.9746762813820528	0.9776326269092851	0.9726445457292223	0.9778247471071723	0.9691698012638059	1.0	0.9732381370131034	0.9668364918181255	0.9764554862853191	0.9751649557223132	0.9770493746057398	0.991717423080496	0.9737487663752606	0.9743226728541761	0.9672815129333536	0.9763888249083141	0.9752341703825959	0.9724944343935877	0.9771798916735064	0.9758505599853978	0.9684958631114977	0.9734579628169133	0.9623218893714658	0.9765220114146868	0.9747465435422726	0.9753721591667808	0.9795047201949693	0.9766546551871272	0.9733115778960151	0.9619066865998681	0.976852613000406	0.9773098878521778	0.9695839824426284	0.9718101945049389	0.9722679558993305	0.9675456066575557	0.9770493746057398	0.9695015698168011
0.9721408577215911	0.9691180132232312	0.9724479356518727	0.9715207737261382	0.9698311464861904	0.971294249418919	0.9700585916419829	0.9754490162205338	0.9726062929284169	0.9711042609159262	0.9780875780160913	0.9732381370131034	1.0	0.9767964670333346	0.976883556293621	0.9734912377461155	0.9716709143790492	0.9709005804439135	0.9719319974314168	0.9712888587829488	0.9693662175701464	0.9746731780784611	0.9724479356518727	0.9735316662290371	0.9722278243069575	0.9757145906283259	0.9772976343408609	0.9861925487970007	0.9849319693183345	0.9759452025287164	0.9742263250517985	0.9855701058986736	0.9734912377461155	0.9697818820107929	0.9790897684106812	0.9708862043610179	0.9737732373179531	0.9698215572557244	0.9759832020080501	0.9692897251735488	0.9727753254235555	0.9724568470548838	0.9774839945675229	0.9713165651911649
0.9751000462290159	0.9711709967152745	0.9771560594281439	0.9777634160865534	0.9703624201303771	0.9769510645154229	0.9742733157613527	0.9810065724160086	0.9733676368449354	0.9773597722454884	0.9709861872365962	0.9668364918181255	0.9767964670333346	1.0	0.9809611386099344	0.9773089633463639	0.977813521837373	0.9747168550390088	0.9772580750789683	0.9765891885216734	0.9665568379479299	0.9789452008063505	0.9776126349706303	0.967327041865901	0.9767447709927991	0.9794252498567084	0.9748764594136937	0.9758531382311838	0.9667605346894801	0.9789452008063505	0.9785560112893469	0.9793775614042974	0.9782116191342096	0.9766411320039105	0.9774105020276378	0.965402608492822	0.9795678986932694	0.976275774774423	0.9737102345859697	0.9664148014295076	0.9738801867515733	0.9699823035274239	0.9808244571744784	0.9656950682611489
0.9758947067093564	0.9714987117583436	0.9733936588150367	0.9736873992351367	0.974700649375443	0.9736685656730097	0.9705964439488556	0.9755131698704655	0.9764151467037668	0.9730569212207316	0.9810722032901583	0.9764554862853191	0.976883556293621	0.9809611386099344	1.0	0.9738618861880842	0.9741978021492288	0.9748209228272638	0.9723003799463378	0.9757881431093596	0.9726444457528692	0.9746290428532021	0.9750047353697512	0.9770337279001591	0.9706204746274579	0.9763140447647357	0.9801268102732381	0.975434894195556	0.976288244767877	0.9749128534727052	0.9733162313139037	0.975014894047806	0.974065178958777	0.9734689735938615	0.9826469664563184	0.975005586147263	0.974065178958777	0.9719067802630083	0.9780337716709328	0.9734109895746693	0.9758450374298082	0.975353114316107	0.9760421684794589	0.9733866120377682
0.9728493879175595	0.972796535421864	0.9748780123810582	0.9735250905897133	0.9733761320743823	0.972643704345574	0.9697467305142369	0.9764202221750684	0.9780727035942434	0.9708960813796426	0.9785799304777281	0.9751649557223132	0.9734912377461155	0.9773089633463639	0.9738618861880842	1.0	0.9731975146656152	0.9723703843522856	0.972856036866198	0.9746669928216907	0.9725949195729464	0.9766766813617869	0.9746132931575305	0.9743257368014917	0.9714533356571011	0.9749848716494219	0.979210739864475	0.9741879919198704	0.9748346778929282	0.9780385990312666	0.9737378469395362	0.9737708464089658	0.9716858610294276	0.9724307705525672	0.9804598865980249	0.973303770657916	0.973644505436202	0.9704526058616609	0.9763340578687486	0.9720095176385933	0.9756491705069988	0.9777227429585424	0.9746869812689356	0.9725310696747249
0.9716597492209721	0.9721541203973738	0.9709247155962547	0.9707048288553894	0.9712122179010421	0.9753398463563341	0.9714470692888092	0.9752913231203794	0.9744640811094782	0.9770777589272429	0.9766161979697782	0.9770493746057398	0.9716709143790492	0.977813521837373	0.9741978021492288	0.9731975146656152	1.0	0.9744379746185359	0.9721653989417309	0.9739825339489967	0.973329985584228	0.9725019429641945	0.9719825598804981	0.9762052725819746	0.9741341893551799	0.9727354619336591	0.9770373394542528	0.9728545218996506	0.973788870941668	0.973685375378807	0.9729673111343747	0.972375529927902	0.9791407272098097	0.9777096592607922	0.9810675891028116	0.9706572072442443	0.9734260961058944	0.9773450449074069	0.9741697851044954	0.979390119451188	0.9749341165600595	0.9737030129029761	0.973782073552496	0.9792607381464847
0.968400497363569	0.9659243967877584	0.9716648060910394	0.9719572015389193	0.9682354376907811	0.9759066188622636	0.9724523925278481	0.9744764732197883	0.9704038038883513	0.9764542794676485	0.9754538680913948	0.991717423080496	0.9709005804439135	0.9747168550390088	0.9748209228272638	0.9723703843522856	0.9744379746185359	1.0	0.9722881681570965	0.9728188835022866	0.9699092630847143	0.9726971795696385	0.972040260654399	0.9742733987072865	0.9749349326502122	0.9737370791593408	0.9744265001093946	0.9710719742390025	0.9706283734265524	0.973579248034302	0.9736976932754834	0.9736976932754834	0.9770640219986855	0.9748589705631691	0.9759883618783415	0.967395602893001	0.9739332949014843	0.9756478542880241	0.9714984207948137	0.9722642652164689	0.970138131662023	0.9682353036970659	0.975312102600124	0.9731748328050084
0.9728104287444093	0.9737163056664174	0.9746564626672289	0.9737520960951452	0.9717668938309839	0.9718710011494534	0.9720651919407998	0.9748143874145624	0.974952829928467	0.9707182480791388	0.977688271781329	0.9737487663752606	0.9719319974314168	0.9772580750789683	0.9723003799463378	0.972856036866198	0.9721653989417309	0.9722881681570965	1.0	0.9739825339489967	0.9753493549782137	0.9729389718371856	0.9739836983874631	0.9734780310627855	0.9720980006492538	0.9734700393416088	0.9776072675062645	0.9725217040233743	0.9729515136774728	0.9731534784793698	0.9744142471084691	0.9730806904971511	0.9709580820064274	0.9718631608731079	0.9802290533467525	0.975005586147263	0.9726435900348716	0.9706291871011621	0.9757175544883986	0.9711280769867232	0.9746922262441254	0.9743085973045411	0.9727521471814358	0.9714848852405731
0.9700872885015579	0.9685911239682287	0.972186202576936	0.9732833337313097	0.9700251812487227	0.9732461130556584	0.9705688205496777	0.9770380616693203	0.9733791958670845	0.9722630704708893	0.9779384108057662	0.9743226728541761	0.9712888587829488	0.9765891885216734	0.9757881431093596	0.9746669928216907	0.9739825339489967	0.9728188835022866	0.9739825339489967	1.0	0.9731355911181074	0.975021524069934	0.9741278342537608	0.9747414329978676	0.97305936637902	0.9754419190203486	0.979210739864475	0.9726446990188764	0.9744898036805618	0.9762327943953188	0.9743085500663258	0.9743805557551717	0.9732461130556584	0.9732088496270959	0.9793684296339528	0.9696654673845142	0.9759598827976632	0.9732088496270959	0.9746786459945016	0.9713898239869088	0.9743668785858821	0.9728454073445524	0.9766043494835094	0.9731748328050084
0.9683085859074412	0.9734267477628843	0.9735713521401264	0.9745659384066487	0.9601031009047106	0.9729400246519504	0.9928169742209947	0.9762031637547014	0.9701774028592974	0.9725453176185425	0.9675779124997619	0.9672815129333536	0.9693662175701464	0.9665568379479299	0.9726444457528692	0.9725949195729464	0.973329985584228	0.9699092630847143	0.9753493549782137	0.9731355911181074	1.0	0.9732329339579651	0.973329985584228	0.965618028665048	0.9779726594474158	0.9738109367617119	0.9679950426372435	0.9707596001636248	0.9633582433222062	0.9746125482931443	0.9763359505978612	0.9727925719902863	0.9735713521401264	0.9713315074050087	0.971072801545407	0.9587729410375004	0.9740961234907067	0.9735713521401264	0.9654711785270932	0.9652025647796634	0.9682519497226763	0.9659617736067073	0.9747519780705326	0.9642380650032988
0.9744448149124513	0.9732178481675	0.9760246170414325	0.9741056421887103	0.9726261578885257	0.9728857513311593	0.9719983350640283	0.9759780140298857	0.9791918970689995	0.971563075442541	0.9802933171053279	0.9763888249083141	0.9746731780784611	0.9789452008063505	0.9746290428532021	0.9766766813617869	0.9725019429641945	0.9726971795696385	0.9729389718371856	0.975021524069934	0.9732329339579651	1.0	0.9760575132406702	0.9752536842792415	0.971322168245368	0.9758969886775024	0.9855072778585063	0.9747133616763868	0.9759032465846113	0.9948739437726017	0.9747187464614229	0.9742549818855443	0.9724943374895684	0.9732982310798113	0.9825032203110863	0.9741400365459867	0.9734086968659923	0.9713604828682589	0.9761591028349362	0.972111657120149	0.976693113248547	0.992063360692065	0.9760067268680371	0.9725310696747249
0.9711713863174154	0.9729235049055839	0.9728949214199145	0.9733757628433296	0.9710251940036119	0.9710803754600729	0.9712264248107391	0.9773197722494495	0.9748718806285963	0.9707862847569432	0.9775876761336433	0.9752341703825959	0.9724479356518727	0.9776126349706303	0.9750047353697512	0.9746132931575305	0.9719825598804981	0.972040260654399	0.9739836983874631	0.9741278342537608	0.973329985584228	0.9760575132406702	1.0	0.9738516290065125	0.9727214499492459	0.9750695197604308	0.9780662700905008	0.9739398801740238	0.9744319670090501	0.9759317040941978	0.9754875001098839	0.9730674699034202	0.9725120516161835	0.9705857054572737	0.9818484373954324	0.9723364624880084	0.9752309180550012	0.97022755474625	0.9765080773926758	0.9714939331682575	0.9760397320039789	0.9748577495389036	0.975994669482054	0.9709203813857378
0.9714284592384227	0.9673505245687076	0.972936745482893	0.9732085172197021	0.9652046292257096	0.9978212777410905	0.9731543447310597	0.9776060845767356	0.9707932527543999	0.9771777626067635	0.9685242713492356	0.9724944343935877	0.9735316662290371	0.967327041865901	0.9770337279001591	0.9743257368014917	0.9762052725819746	0.9742733987072865	0.9734780310627855	0.9747414329978676	0.965618028665048	0.9752536842792415	0.9738516290065125	1.0	0.975151877866117	0.9758079917967428	0.9685430301000183	0.9721634384662662	0.9644014576636228	0.9765000820426099	0.9743257368014917	0.9759077677484728	0.9774639353321294	0.9759077677484728	0.9743779906876329	0.9611446373366558	0.9759077677484728	0.9752536842792415	0.9688091707325687	0.9693624742411198	0.9711989146261863	0.9670245070046678	0.9777005074109592	0.9675445644800549
0.9712941693206721	0.9750884094958298	0.9723536132962167	0.9715804358705871	0.9714907434551147	0.9739698164615932	0.975304153826579	0.9738169113970796	0.9742995170117704	0.9744849835229094	0.9770287786906419	0.9771798916735064	0.9722278243069575	0.9767447709927991	0.9706204746274579	0.9714533356571011	0.9741341893551799	0.9749349326502122	0.9720980006492538	0.97305936637902	0.9779726594474158	0.971322168245368	0.9727214499492459	0.975151877866117	1.0	0.9728503277931191	0.9757581099800687	0.9733293079085529	0.9719047688776256	0.972921940407991	0.9736337593061668	0.9731801875834842	0.9745988441098062	0.9746725023905984	0.9782392150705119	0.9709432013360114	0.9710874163556444	0.9757947841943564	0.9741697851044954	0.9752210693077669	0.9746517355345536	0.9730859141834646	0.971710538454563	0.9750328732257306
0.9739216711878063	0.9717624686197907	0.9733936588150367	0.9731980172206731	0.9732450374555759	0.9736349201199953	0.9715741946862836	0.9764027227164539	0.9768756375741718	0.9718742880076828	0.980662164595749	0.9758505599853978	0.9757145906283259	0.9794252498567084	0.9763140447647357	0.9749848716494219	0.9727354619336591	0.9737370791593408	0.9734700393416088	0.9754419190203486	0.9738109367617119	0.9758969886775024	0.9750695197604308	0.9758079917967428	0.9728503277931191	1.0	0.9807857428700663	0.9750245532967261	0.9767227368509903	0.9767258237338808	0.9744877370896093	0.9752021274170125	0.9747993364074736	0.9734007843702887	0.9847980019464303	0.9749049455179024	0.9747683106136734	0.9718130795563453	0.9777008492509401	0.9721626063796217	0.9755310816285168	0.9762783543549245	0.9793365537820495	0.9725852074675753
0.9760287946550525	0.9710261022970645	0.9781673988819558	0.9782682149840015	0.9695460947437935	0.9778120670662166	0.9759207909203164	0.9803636714112217	0.9754851536694163	0.9766164911929693	0.9714634241131104	0.9684958631114977	0.9772976343408609	0.9748764594136937	0.9801268102732381	0.979210739864475	0.9770373394542528	0.9744265001093946	0.9776072675062645	0.979210739864475	0.9679950426372435	0.9855072778585063	0.9780662700905008	0.9685430301000183	0.9757581099800687	0.9807857428700663	1.0	0.9772457415009108	0.9677718033940566	0.9861069228050207	0.9795512366838646	0.9790637183181157	0.9779139862778989	0.9759207909203164	0.9783185063896057	0.9651060305196891	0.9802217608710692	0.9751545524091293	0.9740848923679574	0.9681329142528952	0.9757581099800687	0.9776585881783749	0.9812484077122172	0.9679258852865311
0.9706755430682132	0.9704672561196602	0.9725217040233743	0.9718456374568305	0.9695869537009391	0.9716171102730317	0.9715405748187115	0.9765701754876833	0.9728228423672669	0.9728177103878702	0.976926122568591	0.9734579628169133	0.9861925487970007	0.9758531382311838	0.975434894195556	0.9741879919198704	0.9728545218996506	0.9710719742390025	0.9725217040233743	0.9726446990188764	0.9707596001636248	0.9747133616763868	0.9739398801740238	0.9721634384662662	0.9733293079085529	0.9750245532967261	0.9772457415009108	1.0	0.9849739134505299	0.9756718896660699	0.9734740088717208	0.987392993497004	0.9732930316081514	0.9721478540951717	0.9786064567565339	0.9682733444514323	0.9743289235108779	0.9722229698669534	0.9752699290243152	0.9710754726692457	0.9731593878503888	0.972407947922598	0.9757056056099109	0.9717079596338202
0.971144985955139	0.9671253541408498	0.9744898036805618	0.9743740271682471	0.9647157511785152	0.9734922893194797	0.9703012511581963	0.9780443258083829	0.969231650026857	0.9726471405521714	0.9655645498795109	0.9623218893714658	0.9849319693183345	0.9667605346894801	0.976288244767877	0.9748346778929282	0.973788870941668	0.9706283734265524	0.9729515136774728	0.9744898036805618	0.9633582433222062	0.9759032465846113	0.9744319670090501	0.9644014576636228	0.9719047688776256	0.9767227368509903	0.9677718033940566	0.9849739134505299	1.0	0.9768304597678604	0.9750625771190411	0.9859241330488878	0.9746051690050819	0.9728301070483613	0.975401457563072	0.9589963352598849	0.9755695823161309	0.9720919621852029	0.9686832729530119	0.9653352712094447	0.9712089865695693	0.9681956825031802	0.97704484234733	0.962195534242931
0.9753224865062824	0.973839732914133	0.9768068246426681	0.9750507435330551	0.9746587555908032	0.9744985676706895	0.9730842177333359	0.9753502045194735	0.9797897336105896	0.9731232148085862	0.9813876052464586	0.9765220114146868	0.9759452025287164	0.9789452008063505	0.9749128534727052	0.9780385990312666	0.973685375378807	0.973579248034302	0.9731534784793698	0.9762327943953188	0.9746125482931443	0.9948739437726017	0.9759317040941978	0.9765000820426099	0.972921940407991	0.9767258237338808	0.9861069228050207	0.9756718896660699	0.9768304597678604	1.0	0.9740303336546698	0.9759100297744516	0.9715970629762612	0.9744749863736799	0.9828614097624695	0.9743970127671038	0.9733380833968466	0.9728082707080302	0.9774910324236497	0.9739935673260888	0.9771090068751388	0.9965976782816603	0.9761537258344851	0.9732279073613109
0.9738084638503688	0.9755980965339192	0.9751606604419376	0.9753905072921327	0.972040709853873	0.9718710011494534	0.9739463973291996	0.9740801887027342	0.976492348967852	0.9728572235465849	0.9789202079484309	0.9747465435422726	0.9742263250517985	0.9785560112893469	0.9733162313139037	0.9737378469395362	0.9729673111343747	0.9736976932754834	0.9744142471084691	0.9743085500663258	0.9763359505978612	0.9747187464614229	0.9754875001098839	0.9743257368014917	0.9736337593061668	0.9744877370896093	0.9795512366838646	0.9734740088717208	0.9750625771190411	0.9740303336546698	1.0	0.9742870023636248	0.9709439798516666	0.9730231600511215	0.9811427638508985	0.9750557898336305	0.9738420151227871	0.971014306690673	0.9755839126559156	0.9728177602287165	0.9757276588763822	0.976581011618674	0.9745559837003019	0.9727470805376345
0.973082165196993	0.9725838084904662	0.9730951306047534	0.9708819035147158	0.9712122179010421	0.9728512836117155	0.9712706004812868	0.9762432216927805	0.9749123804838258	0.972171205707469	0.9792090763966526	0.9753721591667808	0.9855701058986736	0.9793775614042974	0.975014894047806	0.9737708464089658	0.972375529927902	0.9736976932754834	0.9730806904971511	0.9743805557551717	0.9727925719902863	0.9742549818855443	0.9730674699034202	0.9759077677484728	0.9731801875834842	0.9752021274170125	0.9790637183181157	0.987392993497004	0.9859241330488878	0.9759100297744516	0.9742870023636248	1.0	0.9737383125499779	0.9725711331956466	0.9824671849791204	0.9734622207068784	0.9745420360243428	0.9719311876625232	0.9760272664516441	0.9722642652164689	0.9750543898518794	0.9747668663591719	0.9760619037699748	0.9733866120377682
0.9734282286609847	0.9720674948916541	0.9727938293574174	0.9718899465212555	0.9728928394239816	0.9768685011869399	0.9720985687188392	0.9726570989344654	0.9747907291742489	0.9900304053220621	0.9769774910794042	0.9795047201949693	0.9734912377461155	0.9782116191342096	0.974065178958777	0.9716858610294276	0.9791407272098097	0.9770640219986855	0.9709580820064274	0.9732461130556584	0.9735713521401264	0.9724943374895684	0.9725120516161835	0.9774639353321294	0.9745988441098062	0.9747993364074736	0.9779139862778989	0.9732930316081514	0.9746051690050819	0.9715970629762612	0.9709439798516666	0.9737383125499779	1.0	0.9906119025097604	0.9806891008991342	0.9726621153553383	0.9712720465085511	0.990187154306397	0.9754048648850085	0.9904004809704898	0.9746517355345536	0.9739839176520029	0.9728755734653327	0.991017925823251
0.9708416696842352	0.970146695054212	0.9705484554641886	0.9703240502371813	0.9711655631286348	0.9748688248692332	0.9712489754608414	0.9748688248692332	0.9727796480241445	0.9885517049906956	0.975507612119217	0.9766546551871272	0.9697818820107929	0.9766411320039105	0.9734689735938615	0.9724307705525672	0.9777096592607922	0.9748589705631691	0.9718631608731079	0.9732088496270959	0.9713315074050087	0.9732982310798113	0.9705857054572737	0.9759077677484728	0.9746725023905984	0.9734007843702887	0.9759207909203164	0.9721478540951717	0.9728301070483613	0.9744749863736799	0.9730231600511215	0.9725711331956466	0.9906119025097604	1.0	0.9792492945772976	0.9707719083717485	0.972884744782391	0.989856905614319	0.9740764021960151	0.9884182036456468	0.97264628712834	0.9720140759309246	0.9737065137782843	0.9898901572057854
0.9761200092569272	0.9723637434505539	0.9801904221031509	0.9797624357923572	0.9690536648276492	0.9800354387238038	0.9770694882287413	0.9825032203110863	0.9766844061351815	0.9794871315061878	0.9777384534000647	0.9733115778960151	0.9790897684106812	0.9774105020276378	0.9826469664563184	0.9804598865980249	0.9810675891028116	0.9759883618783415	0.9802290533467525	0.9793684296339528	0.971072801545407	0.9825032203110863	0.9818484373954324	0.9743779906876329	0.9782392150705119	0.9847980019464303	0.9783185063896057	0.9786064567565339	0.975401457563072	0.9828614097624695	0.9811427638508985	0.9824671849791204	0.9806891008991342	0.9792492945772976	1.0	0.9686423319108097	0.9814417468399484	0.9779920692847831	0.9751344307468426	0.9707048288553894	0.9764684870863967	0.9739468738409759	0.9830390464835851	0.9715407980545399
0.9698427051945714	0.9631198006128153	0.9713955997334411	0.972499697852521	0.9607085317830376	0.9710568950440116	0.9713393944531133	0.9757996875871835	0.9660987263054902	0.9708862043610179	0.9675092412220887	0.9619066865998681	0.9708862043610179	0.965402608492822	0.975005586147263	0.973303770657916	0.9706572072442443	0.967395602893001	0.975005586147263	0.9696654673845142	0.9587729410375004	0.9741400365459867	0.9723364624880084	0.9611446373366558	0.9709432013360114	0.9749049455179024	0.9651060305196891	0.9682733444514323	0.9589963352598849	0.9743970127671038	0.9750557898336305	0.9734622207068784	0.9726621153553383	0.9707719083717485	0.9686423319108097	1.0	0.9750557898336305	0.9690675545894802	0.9667536881631682	0.9596746464543265	0.9677118306228493	0.9620871066305504	0.974854508084291	0.9591037837126297
0.9740720028274487	0.974328802281132	0.9743373189789147	0.9746131155252596	0.9742792602324287	0.9739031130282518	0.9718977903601654	0.9746266389802007	0.976298998854592	0.9719430421852576	0.9792569735431904	0.976852613000406	0.9737732373179531	0.9795678986932694	0.974065178958777	0.973644505436202	0.9734260961058944	0.9739332949014843	0.9726435900348716	0.9759598827976632	0.9740961234907067	0.9734086968659923	0.9752309180550012	0.9759077677484728	0.9710874163556444	0.9747683106136734	0.9802217608710692	0.9743289235108779	0.9755695823161309	0.9733380833968466	0.9738420151227871	0.9745420360243428	0.9712720465085511	0.972884744782391	0.9814417468399484	0.9750557898336305	1.0	0.9711532216973182	0.9769390993267884	0.972111657120149	0.9765023001168669	0.975218761784546	0.9736966379333928	0.9725852074675753
0.9704666780815858	0.970919759561338	0.9696529362077815	0.9695115061561188	0.9715369323449132	0.974629421337914	0.9704526058616609	0.9739089550532065	0.9727796480241445	0.9901486957260213	0.9757217043765654	0.9773098878521778	0.9698215572557244	0.976275774774423	0.9719067802630083	0.9704526058616609	0.9773450449074069	0.9756478542880241	0.9706291871011621	0.9732088496270959	0.9735713521401264	0.9713604828682589	0.97022755474625	0.9752536842792415	0.9757947841943564	0.9718130795563453	0.9751545524091293	0.9722229698669534	0.9720919621852029	0.9728082707080302	0.971014306690673	0.9719311876625232	0.990187154306397	0.989856905614319	0.9779920692847831	0.9690675545894802	0.9711532216973182	1.0	0.9730793110039762	0.9903421294265076	0.9729465815719941	0.9724568470548838	0.9723773484617988	0.9904588567197699
0.9730793110039762	0.9663504121425511	0.9749983652654857	0.9754497193423751	0.9659320723575247	0.974907337439402	0.9730310575326663	0.9781577461960667	0.969622481865441	0.9733195075022122	0.9734001363170647	0.9695839824426284	0.9759832020080501	0.9737102345859697	0.9780337716709328	0.9763340578687486	0.9741697851044954	0.9714984207948137	0.9757175544883986	0.9746786459945016	0.9654711785270932	0.9761591028349362	0.9765080773926758	0.9688091707325687	0.9741697851044954	0.9777008492509401	0.9740848923679574	0.9752699290243152	0.9686832729530119	0.9774910324236497	0.9755839126559156	0.9760272664516441	0.9754048648850085	0.9740764021960151	0.9751344307468426	0.9667536881631682	0.9769390993267884	0.9730793110039762	1.0	0.9649489464661195	0.9713970063924161	0.9656905579422544	0.9777843991928655	0.9664051579185299
0.9680997128889949	0.9663806886959603	0.972213475660105	0.9712853789869152	0.9630478178860079	0.9757267571767758	0.9709700068653829	0.9746131155252596	0.9670435675116328	0.9974611939950468	0.9674404234090984	0.9718101945049389	0.9692897251735488	0.9664148014295076	0.9734109895746693	0.9720095176385933	0.979390119451188	0.9722642652164689	0.9711280769867232	0.9713898239869088	0.9652025647796634	0.972111657120149	0.9714939331682575	0.9693624742411198	0.9752210693077669	0.9721626063796217	0.9681329142528952	0.9710754726692457	0.9653352712094447	0.9739935673260888	0.9728177602287165	0.9722642652164689	0.9904004809704898	0.9884182036456468	0.9707048288553894	0.9596746464543265	0.972111657120149	0.9903421294265076	0.9649489464661195	1.0	0.9671626396953856	0.965328628109107	0.9745658752897544	0.9835100828376581
0.9713716917361706	0.9687099502539612	0.9753333087927778	0.9750143481894671	0.9650124622982629	0.9741618688380029	0.971949270818268	0.9774825381371175	0.9703106435639233	0.9737479247811723	0.9756148344268548	0.9722679558993305	0.9727753254235555	0.9738801867515733	0.9758450374298082	0.9756491705069988	0.9749341165600595	0.970138131662023	0.9746922262441254	0.9743668785858821	0.9682519497226763	0.976693113248547	0.9760397320039789	0.9711989146261863	0.9746517355345536	0.9755310816285168	0.9757581099800687	0.9731593878503888	0.9712089865695693	0.9771090068751388	0.9757276588763822	0.9750543898518794	0.9746517355345536	0.97264628712834	0.9764684870863967	0.9677118306228493	0.9765023001168669	0.9729465815719941	0.9713970063924161	0.9671626396953856	1.0	0.9697577306379116	0.9771465533369547	0.9678773413397979
0.9700748376272911	0.9681795811164804	0.974903095985935	0.9740304997025971	0.9627891187891334	0.9718153298639118	0.9729899253625801	0.9781766610634124	0.9720635725333058	0.9727002423895126	0.9708995607576681	0.9675456066575557	0.9724568470548838	0.9699823035274239	0.975353114316107	0.9777227429585424	0.9737030129029761	0.9682353036970659	0.9743085973045411	0.9728454073445524	0.9659617736067073	0.992063360692065	0.9748577495389036	0.9670245070046678	0.9730859141834646	0.9762783543549245	0.9776585881783749	0.972407947922598	0.9681956825031802	0.9965976782816603	0.976581011618674	0.9747668663591719	0.9739839176520029	0.9720140759309246	0.9739468738409759	0.9620871066305504	0.975218761784546	0.9724568470548838	0.9656905579422544	0.965328628109107	0.9697577306379116	1.0	0.9780945992167818	0.9642380650032988
