/home/jshaw/scratch/2022_sketched_distance/references/SGB_genome_fastas_part5/15097/BackhedF_2015__SID105_M__bin.46.fa	/home/jshaw/scratch/2022_sketched_distance/references/SGB_genome_fastas_part5/15097/Bengtsson-PalmeJ_2015__TRAVELRES18__bin.2.fa	/home/jshaw/scratch/2022_sketched_distance/references/SGB_genome_fastas_part5/15097/Bengtsson-PalmeJ_2015__TRAVELRES63__bin.107.fa	/home/jshaw/scratch/2022_sketched_distance/references/SGB_genome_fastas_part5/15097/Bengtsson-PalmeJ_2015__TRAVELRES6__bin.52.fa	/home/jshaw/scratch/2022_sketched_distance/references/SGB_genome_fastas_part5/15097/Bengtsson-PalmeJ_2015__TRAVELRES9__bin.81.fa	/home/jshaw/scratch/2022_sketched_distance/references/SGB_genome_fastas_part5/15097/BritoIL_2016__WL.11.ST__bin.9.fa	/home/jshaw/scratch/2022_sketched_distance/references/SGB_genome_fastas_part5/15097/CosteaPI_2017__SID713B061-11-0-0__bin.34.fa	/home/jshaw/scratch/2022_sketched_distance/references/SGB_genome_fastas_part5/15097/FengQ_2015__SID530623__bin.65.fa	/home/jshaw/scratch/2022_sketched_distance/references/SGB_genome_fastas_part5/15097/HMP_2012__SRS011134__bin.14.fa	/home/jshaw/scratch/2022_sketched_distance/references/SGB_genome_fastas_part5/15097/HMP_2012__SRS042628__bin.32.fa	/home/jshaw/scratch/2022_sketched_distance/references/SGB_genome_fastas_part5/15097/KarlssonFH_2013__S195__bin.33.fa	/home/jshaw/scratch/2022_sketched_distance/references/SGB_genome_fastas_part5/15097/KarlssonFH_2013__S424__bin.7.fa	/home/jshaw/scratch/2022_sketched_distance/references/SGB_genome_fastas_part5/15097/KarlssonFH_2013__S488__bin.33.fa	/home/jshaw/scratch/2022_sketched_distance/references/SGB_genome_fastas_part5/15097/LeChatelierE_2013__MH0197__bin.43.fa	/home/jshaw/scratch/2022_sketched_distance/references/SGB_genome_fastas_part5/15097/LiJ_2014__MH0339__bin.38.fa	/home/jshaw/scratch/2022_sketched_distance/references/SGB_genome_fastas_part5/15097/LiJ_2014__MH0399__bin.56.fa	/home/jshaw/scratch/2022_sketched_distance/references/SGB_genome_fastas_part5/15097/LiJ_2014__V1.FI28__bin.87.fa	/home/jshaw/scratch/2022_sketched_distance/references/SGB_genome_fastas_part5/15097/LiJ_2017__H1M513729__bin.13.fa	/home/jshaw/scratch/2022_sketched_distance/references/SGB_genome_fastas_part5/15097/LiJ_2017__H3M517925__bin.17.fa	/home/jshaw/scratch/2022_sketched_distance/references/SGB_genome_fastas_part5/15097/LiuW_2016__SRR3993016__bin.24.fa	/home/jshaw/scratch/2022_sketched_distance/references/SGB_genome_fastas_part5/15097/LouisS_2016__AS50_6__bin.20.fa	/home/jshaw/scratch/2022_sketched_distance/references/SGB_genome_fastas_part5/15097/NielsenHB_2014__O2_UC44_2__bin.7.fa	/home/jshaw/scratch/2022_sketched_distance/references/SGB_genome_fastas_part5/15097/QinJ_2012__NOF008__bin.29.fa	/home/jshaw/scratch/2022_sketched_distance/references/SGB_genome_fastas_part5/15097/RaymondF_2016__P13E0__bin.35.fa	/home/jshaw/scratch/2022_sketched_distance/references/SGB_genome_fastas_part5/15097/RaymondF_2016__P13E90__bin.36.fa	/home/jshaw/scratch/2022_sketched_distance/references/SGB_genome_fastas_part5/15097/RaymondF_2016__P1E0__bin.6.fa	/home/jshaw/scratch/2022_sketched_distance/references/SGB_genome_fastas_part5/15097/VincentC_2016__MM037.1__bin.8.fa	/home/jshaw/scratch/2022_sketched_distance/references/SGB_genome_fastas_part5/15097/VincentC_2016__MM050.3__bin.10.fa	/home/jshaw/scratch/2022_sketched_distance/references/SGB_genome_fastas_part5/15097/VincentC_2016__MM050.4__bin.29.fa	/home/jshaw/scratch/2022_sketched_distance/references/SGB_genome_fastas_part5/15097/XieH_2016__YSZC12003_35549__bin.24.fa	/home/jshaw/scratch/2022_sketched_distance/references/SGB_genome_fastas_part5/15097/XieH_2016__YSZC12003_35733__bin.124.fa	/home/jshaw/scratch/2022_sketched_distance/references/SGB_genome_fastas_part5/15097/XieH_2016__YSZC12003_35837__bin.36.fa	/home/jshaw/scratch/2022_sketched_distance/references/SGB_genome_fastas_part5/15097/XieH_2016__YSZC12003_35999__bin.12.fa	/home/jshaw/scratch/2022_sketched_distance/references/SGB_genome_fastas_part5/15097/XieH_2016__YSZC12003_36011__bin.52.fa	/home/jshaw/scratch/2022_sketched_distance/references/SGB_genome_fastas_part5/15097/XieH_2016__YSZC12003_36453__bin.3.fa	/home/jshaw/scratch/2022_sketched_distance/references/SGB_genome_fastas_part5/15097/XieH_2016__YSZC12003_37265R1__bin.27.fa	/home/jshaw/scratch/2022_sketched_distance/references/SGB_genome_fastas_part5/15097/XieH_2016__YSZC12003_37314__bin.79.fa	/home/jshaw/scratch/2022_sketched_distance/references/SGB_genome_fastas_part5/15097/XieH_2016__YSZC12003_37330__bin.31.fa	/home/jshaw/scratch/2022_sketched_distance/references/SGB_genome_fastas_part5/15097/XieH_2016__YSZC12003_37584__bin.36.fa	/home/jshaw/scratch/2022_sketched_distance/references/SGB_genome_fastas_part5/15097/YuJ_2015__SZAXPI015264-87__bin.26.fa	/home/jshaw/scratch/2022_sketched_distance/references/SGB_genome_fastas_part5/15097/ZeeviD_2015__PNP_Main_527__bin.29.fa	/home/jshaw/scratch/2022_sketched_distance/references/SGB_genome_fastas_part5/15097/ZeeviD_2015__PNP_Main_58__bin.47.fa	/home/jshaw/scratch/2022_sketched_distance/references/SGB_genome_fastas_part5/15097/ZeeviD_2015__PNP_Main_632__bin.39.fa	/home/jshaw/scratch/2022_sketched_distance/references/SGB_genome_fastas_part5/15097/ZeeviD_2015__PNP_Main_701__bin.12.fa	/home/jshaw/scratch/2022_sketched_distance/references/SGB_genome_fastas_part5/15097/ZeeviD_2015__PNP_Main_750__bin.36.fa	/home/jshaw/scratch/2022_sketched_distance/references/SGB_genome_fastas_part5/15097/ZeeviD_2015__PNP_Validation_13__bin.40.fa	/home/jshaw/scratch/2022_sketched_distance/references/SGB_genome_fastas_part5/15097/ZellerG_2014__CCIS20795251ST-4-0__bin.46.fa	/home/jshaw/scratch/2022_sketched_distance/references/SGB_genome_fastas_part5/15097/ZellerG_2014__CCMD72895164ST-21-0__bin.36.fa	/home/jshaw/scratch/2022_sketched_distance/references/SGB_genome_fastas_part5/15097/ZellerG_2014__CCMD87156761ST-21-0__bin.36.fa
1.0	0.9863706842477166	0.9851388967441341	0.9920134463560195	0.9891615013060936	0.9839183647248323	0.980290176969969	0.9894129800815583	0.9887551024311575	0.9910740167364933	0.9933299013431068	0.9933743754895423	0.9873452744150526	0.9880838250560139	0.980880216909792	0.989910257545221	0.9876109484524617	0.9894630465314498	0.9869156838431505	0.9862605919805895	0.9901070887602581	0.9866987665403506	0.9869156838431505	0.990253945602623	0.9898608657452658	0.9887551024311575	0.9917344102884363	0.9787320180125129	0.9897618597782732	0.9869156838431505	0.987557984910032	0.9933299013431068	0.9921059375346315	0.9896625558094881	0.9889080897429303	0.992290147472624	0.9914058631121925	0.9919206957468714	0.9893126185869557	0.9884469806533088	0.9906423995140506	0.9789395237801133	0.9924733371809839	0.9902050658879961	0.9913586600439207	0.990253945602623	0.9900088199032228	0.9852528055087012	0.9745153599935635
0.9863706842477166	1.0	0.9861574371774701	0.9894971786019855	0.987980671678393	0.9846984264778054	0.9819362618980831	0.9857150879739877	0.986946631781943	0.989017297029968	0.988774711291014	0.9893113869175456	0.9872521233140916	0.9876744050601374	0.9862924333117422	0.9864490637256524	0.9871670128761201	0.9893113869175456	0.9865649939352678	0.987280444613851	0.9869389695097154	0.9853206416668829	0.9853268417396376	0.9894707009258387	0.9890709633998193	0.9956825952924893	0.985446791585623	0.9848739147060686	0.9873370142000945	0.9844438483521879	0.9878418126154133	0.9893911401207413	0.9881465333850085	0.9888017535941116	0.9875061419012993	0.9889097014867229	0.9890709633998193	0.9882566456554501	0.9884484609158555	0.9874498625066335	0.9897082383321062	0.9830011681163193	0.9894707009258387	0.987138593740977	0.9890977638610439	0.9962269589198114	0.9873087415616726	0.9845670618547371	0.9837172049261701
0.9851388967441341	0.9861574371774701	1.0	0.9881316415510069	0.987551287131648	0.9863437007856088	0.9834247684628953	0.9839550475100585	0.9863505961294975	0.9874446601758144	0.9869876016099117	0.9878954587968658	0.9855770331665495	0.9862483749147416	0.9853347568430313	0.9854070324111857	0.9861096384280885	0.9879743747305444	0.9855487607311494	0.9854070324111857	0.9856617047829651	0.9851997951804103	0.984221190662409	0.9883920957361235	0.9881316415510069	0.9861096384280885	0.9853117823340811	0.9854231947846241	0.9865789731679705	0.9850969688934988	0.9864691426649097	0.9879480904262272	0.9870146638692677	0.9886505070671063	0.9857939502515386	0.9876575698235149	0.9875778899909892	0.9867975398864636	0.9867430342231897	0.9863313366352312	0.989161329674947	0.982788230576541	0.9878954587968658	0.9858584274447968	0.9876044713692689	0.9883401693753584	0.9856617047829651	0.9834935569438911	0.9846838585707962
0.9920134463560195	0.9894971786019855	0.9881316415510069	1.0	0.9885331657420748	0.9901293592607449	0.9881280512731806	0.9952829607894356	0.9929509954846657	0.9879749324247872	0.9900983605643734	0.9912985253789836	0.9908164109784171	0.9868638341990995	0.9889362428402109	0.9908066720075607	0.9874925843457057	0.9873591855154259	0.9846647073685646	0.9899265604252573	0.9914492284560468	0.9894792485338555	0.9821542445081279	0.9886441604008641	0.9884130106531899	0.9887345161773985	0.992646253830348	0.9913530850448268	0.9913118409233238	0.9914566472162317	0.9886331209551168	0.9910269085334854	0.9917834189319641	0.9891014561332303	0.9924510022488265	0.9903776904309194	0.9951431211873375	0.9892077416687415	0.9890788170962579	0.9896200316009585	0.9878172048962144	0.9894897228385575	0.9903404309799128	0.9902709347117336	0.9914386686454913	0.9901814855746627	0.9876111516033113	0.9898639654665056	0.9867772715238595
0.9891615013060936	0.987980671678393	0.987551287131648	0.9885331657420748	1.0	0.9894624128525528	0.9880965078864785	0.9867119951147605	0.9904191173157995	0.988555773705645	0.9876391293984392	0.9886235046798107	0.9899489958741295	0.9857747217287317	0.9876785972591704	0.9872504034379707	0.98635035697556	0.9883971912355923	0.986648367664985	0.9887276651968391	0.9876033228846626	0.9876205978909969	0.9835095454665246	0.9890269932561155	0.9889600872181408	0.9868042299924541	0.9898491794670408	0.9893777169424012	0.9884829075818267	0.9874568493975708	0.9868243374931521	0.9884879032268943	0.9871649328693138	0.9883062287967032	0.9893282969348657	0.9878013950144081	0.9879168113761713	0.9864080078382893	0.9874760600290481	0.9888020986077818	0.9887585504379871	0.9885710444233137	0.988419892658063	0.9871049919854167	0.988369734647006	0.9881851282318619	0.9859219514323756	0.9887725827335825	0.9860121832659262
0.9839183647248323	0.9846984264778054	0.9863437007856088	0.9901293592607449	0.9894624128525528	1.0	0.9826144725886414	0.9858148346822597	0.985877497735484	0.9900467244826603	0.9900467244826603	0.9902940107198797	0.9886956150455308	0.9879987093700874	0.9828544048122042	0.987969349209047	0.9882326531670216	0.9896583355333833	0.988028043379738	0.9884649472308155	0.9870761438632086	0.9850854855739346	0.9856891489403459	0.9909445259902125	0.990702082032001	0.9888389668329312	0.987106311229273	0.9844357965967427	0.9880573512853186	0.9851495541127735	0.9879987093700874	0.9901293592607449	0.9885516369921592	0.9903487125318189	0.9872267048731166	0.9897419474825199	0.9898531014759598	0.9886380992873735	0.9891521633753018	0.9879987093700874	0.9914770035752347	0.9832548799258586	0.99010183731777	0.9879987093700874	0.9894343286541927	0.9902666257834463	0.9876742987687188	0.9862509876262532	0.9822510702136651
0.980290176969969	0.9819362618980831	0.9834247684628953	0.9881280512731806	0.9880965078864785	0.9826144725886414	1.0	0.9841088038088575	0.9835337272545832	0.9876516983871894	0.9872332095330764	0.9880965078864785	0.9852983672084741	0.9852639883367653	0.9785178938815546	0.9851606352626321	0.9858435914847707	0.9874592106265461	0.9858773694496878	0.9852983672084741	0.9857759312148425	0.9832057582919786	0.9828003982814929	0.989029915014777	0.9885976130950581	0.9860121351995487	0.9838225260830917	0.9792319924966464	0.985911112731402	0.9823523906508039	0.9860457404695403	0.9881595644805946	0.9868093301143173	0.9878748541962765	0.9846389328993281	0.9875234983573695	0.9877475218510591	0.9864131486259541	0.9870708246152369	0.9848137564879588	0.9882853166878544	0.9804874737218643	0.9880965078864785	0.9859448214022489	0.9870708246152369	0.9875555952007996	0.985538017007233	0.9835699665262883	0.9757210179854814
0.9894129800815583	0.9857150879739877	0.9839550475100585	0.9952829607894356	0.9867119951147605	0.9858148346822597	0.9841088038088575	1.0	0.988672585289011	0.9881033562637209	0.9905069491317126	0.9913329681721476	0.9859844211707762	0.9855937774747532	0.9871464509607467	0.9875067677307368	0.9857321998972458	0.9874281487135549	0.9855382447934483	0.9848644240690612	0.9872175752227934	0.9858886682995658	0.9833849023365304	0.9888153491292756	0.9886387880217002	0.9866045597846042	0.9874817964066717	0.986381775590556	0.9872703450432377	0.9859696145618748	0.9860893928168816	0.9908634896917133	0.989635204425089	0.9886387880217002	0.9869329151893964	0.9905547108856182	0.9944237689410985	0.9898796746790738	0.9876894851737705	0.9851749757338049	0.988486693358478	0.9855720299834683	0.9901465163129858	0.9878193795491764	0.9895615086764311	0.9885628284415947	0.9878970709188566	0.9840642881410935	0.9816939309268593
0.9887551024311575	0.986946631781943	0.9863505961294975	0.9929509954846657	0.9904191173157995	0.985877497735484	0.9835337272545832	0.988672585289011	1.0	0.9921788344808322	0.9940169336044486	0.994887487031803	0.9893658729953263	0.989720703294186	0.9867997559735123	0.992454894548178	0.9903126262633433	0.9910509506172732	0.9889238517515982	0.9891456030937527	0.9937055523611681	0.9877345251418674	0.9875030351483964	0.9921536234813219	0.9918495827003946	0.9906046541071726	0.9902592516348854	0.9910264850269428	0.9941833961437977	0.988672585289011	0.989117965606609	0.9938256609880551	0.9932938939464051	0.9914397959862709	0.9909987570650021	0.993969218874251	0.9926790608509997	0.9934640205325015	0.9911030618366348	0.9894207113466914	0.992077874963521	0.9855720299834683	0.9968268123630589	0.9942071083922627	0.9958713099432086	0.9917986363104798	0.9944903399462736	0.986620149720011	0.9836794509608322
0.9910740167364933	0.989017297029968	0.9874446601758144	0.9879749324247872	0.988555773705645	0.9900467244826603	0.9876516983871894	0.9881033562637209	0.9921788344808322	1.0	0.9880841203362124	0.989177643997686	0.9903855522729605	0.9873108226974101	0.9884610299807083	0.9882116313376751	0.9879339859721529	0.9876719333045275	0.9857582911285603	0.9899505796082303	0.9883945736305547	0.9891319281687088	0.9824628478678744	0.9876672660685246	0.9879311556967102	0.9880180117794871	0.9910700414383419	0.9898912458531854	0.989578234259435	0.9884033804776168	0.9878254292358589	0.9886246961800635	0.9885420112259303	0.9873967582951972	0.9899569890755576	0.9874457306757132	0.9881929474700734	0.986544366932709	0.9925545275473645	0.9896445035236078	0.9879311556967102	0.9888919538693879	0.9887744815915356	0.9888908080254623	0.9893795771816426	0.9889088724660864	0.9855452181784491	0.988952729696375	0.9865703703338071
0.9933299013431068	0.988774711291014	0.9869876016099117	0.9900983605643734	0.9876391293984392	0.9900467244826603	0.9872332095330764	0.9905069491317126	0.9940169336044486	0.9880841203362124	1.0	0.9966341775386194	0.9904577536269993	0.9871937815939038	0.9884610299807083	0.9963191513901993	0.9872578683711808	0.9870887300986135	0.9832715399775354	0.9895641584717954	0.9920013846911272	0.9888893143130782	0.9817374533359773	0.9874547001781	0.9872662999427235	0.9882044132180046	0.9925762143189039	0.993492315253751	0.9931277193122063	0.9963920661979134	0.9881127637498467	0.991070970862377	0.9959630991258246	0.9877537061775127	0.9936531245280191	0.9929954621767478	0.9901620781232047	0.9946612038701613	0.9888127851673868	0.9897178105560462	0.9870838333016586	0.9884274087220245	0.9936693668837767	0.9938743309966652	0.9939133349496827	0.9900304739339479	0.9903720460771115	0.9884614498147074	0.9860121832659262
0.9933743754895423	0.9893113869175456	0.9878954587968658	0.9912985253789836	0.9886235046798107	0.9902940107198797	0.9880965078864785	0.9913329681721476	0.994887487031803	0.989177643997686	0.9966341775386194	1.0	0.9911947339891612	0.9878209159695291	0.9888635776673537	0.996540827460217	0.9884377990447984	0.9881574695259808	0.9826914551777141	0.9903087852336613	0.9932057510400739	0.9895853846159403	0.9824890231818185	0.98839082412561	0.9882047527139636	0.9887802115990102	0.9935888966366477	0.9943938557527982	0.9945079057723539	0.9971988199397798	0.9888669575040147	0.9919599055745388	0.9976544581761899	0.9889734114129869	0.9946189961097892	0.9944399400605909	0.9912862769772387	0.9965768709486168	0.9895174885135721	0.9903942686208013	0.98622607399173	0.9894199569134098	0.9951024118229541	0.9941959953883043	0.9949988987607223	0.9906516454031729	0.991390740103164	0.9895881937301363	0.9869144861241277
0.9873452744150526	0.9872521233140916	0.9855770331665495	0.9908164109784171	0.9899489958741295	0.9886956150455308	0.9852983672084741	0.9859844211707762	0.9893658729953263	0.9903855522729605	0.9904577536269993	0.9911947339891612	1.0	0.988322619563899	0.9875652879317609	0.9886035544721432	0.9886289756351139	0.9906016843727314	0.9879096620306402	0.9888063768310741	0.988348258317473	0.9869100091423532	0.9865306106843822	0.9911005586495084	0.9907926212966318	0.9892582150730856	0.9887392845928396	0.987714818481242	0.9887051216770761	0.9865387648101801	0.9882455833630085	0.9910297505503894	0.9893329230906872	0.9905297974277584	0.9883229560829181	0.9906495222029467	0.990192239713322	0.9893826345758976	0.9891833374143123	0.9887810921907653	0.9913120769328404	0.9857676970744668	0.9908401835366984	0.9887304646441293	0.9906495222029467	0.9909824606913442	0.9890330700273621	0.9860292295164792	0.9856939867155056
0.9880838250560139	0.9876744050601374	0.9862483749147416	0.9868638341990995	0.9857747217287317	0.9879987093700874	0.9852639883367653	0.9855937774747532	0.989720703294186	0.9873108226974101	0.9871937815939038	0.9878209159695291	0.988322619563899	1.0	0.9871081092156173	0.9861595767779423	0.987632614716208	0.9864826539692652	0.9844565409307751	0.9879970152951084	0.9867155435481882	0.9878447841790163	0.9827028569039871	0.9874972269903098	0.9870763227142778	0.9859694262823805	0.9885021757597446	0.9883616271418384	0.9873749626750228	0.9868755855554581	0.9861986203260238	0.9871233565932953	0.9862464863546554	0.9870056455892898	0.9882443367641348	0.9870292215045088	0.9866261147753471	0.9854357774347012	0.9862421528855448	0.9879890830339442	0.987380848080644	0.9864243838142174	0.9875204534761198	0.9873027894330592	0.9881358442208044	0.9873748881143193	0.9853614796544355	0.9866130405729279	0.9851205807575213
0.980880216909792	0.9862924333117422	0.9853347568430313	0.9889362428402109	0.9876785972591704	0.9828544048122042	0.9785178938815546	0.9871464509607467	0.9867997559735123	0.9884610299807083	0.9884610299807083	0.9888635776673537	0.9875652879317609	0.9871081092156173	1.0	0.9863317372313489	0.9866055569705424	0.9885713042747973	0.9858967876249074	0.9862924333117422	0.9866833742240007	0.9861347460420127	0.9857771591729235	0.9888635776673537	0.9885345871668871	0.9879414789838148	0.9849683059771329	0.9752695295109715	0.9874135995588248	0.9835457919918272	0.9876785972591704	0.9888999302768889	0.9876031010574552	0.9882764153251721	0.9859762986778208	0.9886812107692103	0.9886079805162876	0.9882764153251721	0.9879414789838148	0.9875652879317609	0.9894404635058542	0.9763532090902818	0.989044941147376	0.9867610077943905	0.988717764964459	0.9892612685152676	0.9870697227396835	0.9836311989374052	0.9758700159143455
0.989910257545221	0.9864490637256524	0.9854070324111857	0.9908066720075607	0.9872504034379707	0.987969349209047	0.9851606352626321	0.9875067677307368	0.992454894548178	0.9882116313376751	0.9963191513901993	0.996540827460217	0.9886035544721432	0.9861595767779423	0.9863317372313489	1.0	0.9863104736600892	0.9874691397694433	0.985187461752751	0.9878181964608727	0.9903855137028397	0.9869674243658306	0.9828470581332923	0.988914579663214	0.9889609140470089	0.986981069366224	0.9910210839836074	0.991547506722627	0.9909768144834288	0.9936201695703185	0.9860466594908164	0.9922836739449661	0.9941161191524863	0.9881167614331979	0.9923121199990145	0.9946466513620904	0.9903880928944511	0.9938975176888608	0.9873721030513344	0.9877049089974458	0.9889377549959485	0.9870682117342284	0.9929058279319783	0.9894498071756754	0.9915641221383292	0.9888681800595059	0.9898291184166874	0.9868601068474391	0.9845001620928531
0.9876109484524617	0.9871670128761201	0.9861096384280885	0.9874925843457057	0.98635035697556	0.9882326531670216	0.9858435914847707	0.9857321998972458	0.9903126262633433	0.9879339859721529	0.9872578683711808	0.9884377990447984	0.9886289756351139	0.987632614716208	0.9866055569705424	0.9863104736600892	1.0	0.9872343044426568	0.984965578923375	0.9885527792592315	0.9871243597856619	0.9877608931055168	0.981841058729675	0.9880261634043542	0.9880951275654863	0.9873333210216689	0.9887655250211915	0.987714818481242	0.9872997569913492	0.985912153760985	0.9864503377663709	0.9878878003215739	0.9860990944673378	0.9872578683711808	0.9878749448168476	0.98728141543902	0.9871162310280467	0.9858132759266679	0.9871635112470424	0.9878343831167712	0.9883695493088341	0.9866150567434416	0.9880721555530647	0.9869309384291048	0.9878292822824464	0.9877024071696926	0.9848136871603039	0.9872948058549346	0.983830206715494
0.9894630465314498	0.9893113869175456	0.9879743747305444	0.9873591855154259	0.9883971912355923	0.9896583355333833	0.9874592106265461	0.9874281487135549	0.9910509506172732	0.9876719333045275	0.9870887300986135	0.9881574695259808	0.9906016843727314	0.9864826539692652	0.9885713042747973	0.9874691397694433	0.9872343044426568	1.0	0.9872692804558564	0.989515536009649	0.9883701326161635	0.9890243201547013	0.9851545860340942	0.9879155962667362	0.9875605784590176	0.9881113443618671	0.9900011213998853	0.9895154415640226	0.9892013643501942	0.9883233067097362	0.9883976132942364	0.9876719333045275	0.9880584384390542	0.9873518664142434	0.9902051496002542	0.9872467657620928	0.986998082037811	0.9857020531175248	0.9876575567620509	0.9949654385910122	0.9883540531992983	0.9891394078748447	0.9878714278152565	0.9881544456355494	0.9889701919495076	0.9891762309992076	0.9853770851946494	0.9880155871432962	0.9865703703338071
0.9869156838431505	0.9865649939352678	0.9855487607311494	0.9846647073685646	0.986648367664985	0.988028043379738	0.9858773694496878	0.9855382447934483	0.9889238517515982	0.9857582911285603	0.9832715399775354	0.9826914551777141	0.9879096620306402	0.9844565409307751	0.9858967876249074	0.985187461752751	0.984965578923375	0.9872692804558564	1.0	0.9882507982006791	0.986275535386456	0.9864761704106559	0.9820764993377916	0.9847339000354596	0.9846556412256663	0.9858698056573015	0.9884757247085985	0.9886097734161654	0.9869465065075405	0.9861413966645531	0.985919486568339	0.9825821193310735	0.98547774555897	0.9851216460717622	0.9878484004541574	0.9824744810449095	0.9839533746925068	0.9832273270109638	0.9862444347124139	0.9893002332488882	0.9834523028829919	0.9865389201900755	0.9852968844351405	0.9856601632410115	0.9871591371920099	0.9870924361789789	0.9829020852383099	0.9873756764626427	0.984866532689494
0.9862605919805895	0.987280444613851	0.9854070324111857	0.9899265604252573	0.9887276651968391	0.9884649472308155	0.9852983672084741	0.9848644240690612	0.9891456030937527	0.9899505796082303	0.9895641584717954	0.9903087852336613	0.9888063768310741	0.9879970152951084	0.9862924333117422	0.9878181964608727	0.9885527792592315	0.989515536009649	0.9882507982006791	1.0	0.9869092351358861	0.9872245601321387	0.9856750752573472	0.9905454475133267	0.9904746267898327	0.9890500117529563	0.9891307143945381	0.9870180030864786	0.9875610444973799	0.9864257202586567	0.9879970152951084	0.9901182261536441	0.98822550771931	0.9896854019899899	0.9884535727848681	0.9900704139793745	0.9891239539220632	0.9880224817624712	0.9890500117529563	0.9878602169584252	0.9906866348834176	0.9875891232941818	0.9899265604252573	0.9875093721836087	0.989418075524671	0.9902374544392114	0.9879204975217657	0.9869965682562606	0.9851205807575213
0.9901070887602581	0.9869389695097154	0.9856617047829651	0.9914492284560468	0.9876033228846626	0.9870761438632086	0.9857759312148425	0.9872175752227934	0.9937055523611681	0.9883945736305547	0.9920013846911272	0.9932057510400739	0.988348258317473	0.9867155435481882	0.9866833742240007	0.9903855137028397	0.9871243597856619	0.9883701326161635	0.986275535386456	0.9869092351358861	1.0	0.9869387292795939	0.9842607397622638	0.9900386880858607	0.9898522132545442	0.9872510800687373	0.9901775072953497	0.9923770330428675	0.9916269239083393	0.9899653154015788	0.986275535386456	0.992566011215624	0.9920888801820349	0.989735129045363	0.99086601153765	0.9925013517210397	0.990200993660135	0.9912705723961949	0.9880754172308174	0.9875227855306349	0.988807320919	0.9864243838142174	0.9943678378587054	0.9913600211615884	0.9935419568002319	0.989143391767699	0.9928447513768481	0.9858886851976223	0.9849756512218079
0.9866987665403506	0.9853206416668829	0.9851997951804103	0.9894792485338555	0.9876205978909969	0.9850854855739346	0.9832057582919786	0.9858886682995658	0.9877345251418674	0.9891319281687088	0.9888893143130782	0.9895853846159403	0.9869100091423532	0.9878447841790163	0.9861347460420127	0.9869674243658306	0.9877608931055168	0.9890243201547013	0.9864761704106559	0.9872245601321387	0.9869387292795939	1.0	0.9855010817752188	0.9900849198310057	0.9896911802903392	0.988371188631594	0.9861249306360271	0.9839103641915141	0.9872245601321387	0.9834594933133851	0.9942242952093854	0.9895588825955494	0.9880674544445134	0.9894260521425039	0.9864178904091276	0.9889703841479679	0.9891587753849089	0.9886449015232588	0.9882334747227465	0.9874797022327513	0.989875510257502	0.9841687100878316	0.9895588825955494	0.9870533597618195	0.9891856007587112	0.989822949553762	0.9881782275545107	0.9839347717681879	0.9827600600949887
0.9869156838431505	0.9853268417396376	0.984221190662409	0.9821542445081279	0.9835095454665246	0.9856891489403459	0.9828003982814929	0.9833849023365304	0.9875030351483964	0.9824628478678744	0.9817374533359773	0.9824890231818185	0.9865306106843822	0.9827028569039871	0.9857771591729235	0.9828470581332923	0.981841058729675	0.9851545860340942	0.9820764993377916	0.9856750752573472	0.9842607397622638	0.9855010817752188	1.0	0.9826678810148146	0.9822576183756038	0.9832756793194068	0.9856883463866536	0.9860016917841146	0.9846074659997059	0.9842307778298394	0.983651316761117	0.9823863784323084	0.9834065186382711	0.9825733275438053	0.9861034199699366	0.9822576183756038	0.9818682716138047	0.9812058870495938	0.9827432225022217	0.9879890830339442	0.9829974766546666	0.9852961232660246	0.9824130575247901	0.9832967339111046	0.9846998622485466	0.9845372028974927	0.9812511631591692	0.9837049837711351	0.9845369837359792
0.990253945602623	0.9894707009258387	0.9883920957361235	0.9886441604008641	0.9890269932561155	0.9909445259902125	0.989029915014777	0.9888153491292756	0.9921536234813219	0.9876672660685246	0.9874547001781	0.98839082412561	0.9911005586495084	0.9874972269903098	0.9888635776673537	0.988914579663214	0.9880261634043542	0.9879155962667362	0.9847339000354596	0.9905454475133267	0.9900386880858607	0.9900849198310057	0.9826678810148146	1.0	0.9980527296982673	0.9885740814024178	0.9905026012083777	0.9904303416880238	0.9902275709513906	0.9892196127499397	0.9892837281641067	0.9880534862292422	0.9897538528383482	0.9971693073599089	0.9905983661748544	0.9884327495112469	0.9877126573595139	0.9869757643953216	0.9887013016967953	0.9901542650047461	0.9887455010030836	0.9896288135451735	0.9887435445442856	0.9886313975663998	0.9898285678668667	0.9899438703010819	0.9861387657108888	0.9898139963018486	0.986708448978488
0.9898608657452658	0.9890709633998193	0.9881316415510069	0.9884130106531899	0.9889600872181408	0.990702082032001	0.9885976130950581	0.9886387880217002	0.9918495827003946	0.9879311556967102	0.9872662999427235	0.9882047527139636	0.9907926212966318	0.9870763227142778	0.9885345871668871	0.9889609140470089	0.9880951275654863	0.9875605784590176	0.9846556412256663	0.9904746267898327	0.9898522132545442	0.9896911802903392	0.9822576183756038	0.9980527296982673	1.0	0.9885740814024178	0.9907010794736006	0.9905637511410403	0.9900433463402241	0.9889847170536934	0.9889600295911947	0.9878240675115819	0.9894661574830602	0.9969515912865947	0.9903285336533182	0.9885186637054941	0.9873742995100807	0.9866150567434416	0.9885894398279201	0.9898396281236775	0.9884352461213187	0.9895245505398319	0.9887647868332267	0.9888673094428351	0.9896497042684254	0.9897481770422399	0.9856409092201684	0.9899885583096197	0.9865357598981829
0.9887551024311575	0.9956825952924893	0.9861096384280885	0.9887345161773985	0.9868042299924541	0.9888389668329312	0.9860121351995487	0.9866045597846042	0.9906046541071726	0.9880180117794871	0.9882044132180046	0.9887802115990102	0.9892582150730856	0.9859694262823805	0.9879414789838148	0.986981069366224	0.9873333210216689	0.9881113443618671	0.9858698056573015	0.9890500117529563	0.9872510800687373	0.988371188631594	0.9832756793194068	0.9885740814024178	0.9885740814024178	1.0	0.989414837900677	0.9887858836276096	0.9876740787643055	0.9867076063430102	0.9869480649660634	0.9889623624076375	0.9869735018476974	0.9877128410175999	0.9890990016902197	0.9881579116609823	0.9880180117794871	0.986609703752795	0.9879478383560739	0.9889273396868632	0.9887802115990102	0.9876628707880281	0.9888941737563931	0.9873274307298529	0.9885788256715354	0.995380770833265	0.9861924747732962	0.9872678047646861	0.9850844083007755
0.9917344102884363	0.985446791585623	0.9853117823340811	0.992646253830348	0.9898491794670408	0.987106311229273	0.9838225260830917	0.9874817964066717	0.9902592516348854	0.9910700414383419	0.9925762143189039	0.9935888966366477	0.9887392845928396	0.9885021757597446	0.9849683059771329	0.9910210839836074	0.9887655250211915	0.9900011213998853	0.9884757247085985	0.9891307143945381	0.9901775072953497	0.9861249306360271	0.9856883463866536	0.9905026012083777	0.9907010794736006	0.989414837900677	1.0	0.9898232354361688	0.9907258055855842	0.9880819109157444	0.9882367047424263	0.9938597908442358	0.9918914086401361	0.9900768308177572	0.989899904556075	0.9926695674265158	0.9919152602116872	0.9914349280860734	0.9896965346028334	0.9882100396021899	0.9907010794736006	0.9855720299834683	0.9930403684335776	0.9903529555806353	0.9927161453986566	0.9907010794736006	0.9903779436715195	0.9857458981245646	0.9839802726150925
0.9787320180125129	0.9848739147060686	0.9854231947846241	0.9913530850448268	0.9893777169424012	0.9844357965967427	0.9792319924966464	0.986381775590556	0.9910264850269428	0.9898912458531854	0.993492315253751	0.9943938557527982	0.987714818481242	0.9883616271418384	0.9752695295109715	0.991547506722627	0.987714818481242	0.9895154415640226	0.9886097734161654	0.9870180030864786	0.9923770330428675	0.9839103641915141	0.9860016917841146	0.9904303416880238	0.9905637511410403	0.9887858836276096	0.9898232354361688	1.0	0.9955303579534998	0.9887155524316604	0.9880398106336832	0.9928152307065693	0.992752985217985	0.9899929993651851	0.9901618944286965	0.9931247141689583	0.990993646742968	0.9923139568746996	0.9885744381572313	0.987714818481242	0.9906966237335165	0.9779629080579508	0.9960138275108315	0.9926593968990584	0.995155834246638	0.9906966237335165	0.9937955628329675	0.9851497031949156	0.9780838802542877
0.9897618597782732	0.9873370142000945	0.9865789731679705	0.9913118409233238	0.9884829075818267	0.9880573512853186	0.985911112731402	0.9872703450432377	0.9941833961437977	0.989578234259435	0.9931277193122063	0.9945079057723539	0.9887051216770761	0.9873749626750228	0.9874135995588248	0.9909768144834288	0.9872997569913492	0.9892013643501942	0.9869465065075405	0.9875610444973799	0.9916269239083393	0.9872245601321387	0.9846074659997059	0.9902275709513906	0.9900433463402241	0.9876740787643055	0.9907258055855842	0.9955303579534998	1.0	0.9913349093115739	0.9873248446522729	0.9925762391028096	0.9922754366814258	0.989578234259435	0.9917742688075668	0.992683009159806	0.9911782377496424	0.9919718735378077	0.9880687193360748	0.9884995638927572	0.9898348568991654	0.987292469893337	0.9967318116821251	0.99285312789358	0.9948291708502998	0.9900664307318814	0.9935457698644171	0.986777957454786	0.9849393186597112
0.9869156838431505	0.9844438483521879	0.9850969688934988	0.9914566472162317	0.9874568493975708	0.9851495541127735	0.9823523906508039	0.9859696145618748	0.988672585289011	0.9884033804776168	0.9963920661979134	0.9971988199397798	0.9865387648101801	0.9868755855554581	0.9835457919918272	0.9936201695703185	0.985912153760985	0.9883233067097362	0.9861413966645531	0.9864257202586567	0.9899653154015788	0.9834594933133851	0.9842307778298394	0.9892196127499397	0.9889847170536934	0.9867076063430102	0.9880819109157444	0.9887155524316604	0.9913349093115739	1.0	0.9872366245297864	0.9921540200756254	0.9952416458270503	0.9884832601061483	0.9910408952576478	0.9955222649150771	0.9908681708495665	0.9954361730864307	0.9880819109157444	0.986987097034951	0.9892975409131546	0.98248777335241	0.9929533326573449	0.9902185954759833	0.9920825563710477	0.9893493909004872	0.9903193657823824	0.9840182264275856	0.9835279988720611
0.987557984910032	0.9878418126154133	0.9864691426649097	0.9886331209551168	0.9868243374931521	0.9879987093700874	0.9860457404695403	0.9860893928168816	0.989117965606609	0.9878254292358589	0.9881127637498467	0.9888669575040147	0.9882455833630085	0.9861986203260238	0.9876785972591704	0.9860466594908164	0.9864503377663709	0.9883976132942364	0.985919486568339	0.9879970152951084	0.986275535386456	0.9942242952093854	0.983651316761117	0.9892837281641067	0.9889600295911947	0.9869480649660634	0.9882367047424263	0.9880398106336832	0.9873248446522729	0.9872366245297864	1.0	0.9887736218743578	0.9872675955835611	0.9884684425044885	0.9883491208834767	0.988088914724702	0.9884448496819105	0.9872675955835611	0.9873652917261524	0.9880661613272878	0.9890064672783277	0.9867668031076894	0.9887969805718778	0.9859953196708187	0.9881604100573205	0.988843648362928	0.9861733422547633	0.9872407815024116	0.9850119436226257
0.9933299013431068	0.9893911401207413	0.9879480904262272	0.9910269085334854	0.9884879032268943	0.9901293592607449	0.9881595644805946	0.9908634896917133	0.9938256609880551	0.9886246961800635	0.991070970862377	0.9919599055745388	0.9910297505503894	0.9871233565932953	0.9888999302768889	0.9922836739449661	0.9878878003215739	0.9876719333045275	0.9825821193310735	0.9901182261536441	0.992566011215624	0.9895588825955494	0.9823863784323084	0.9880534862292422	0.9878240675115819	0.9889623624076375	0.9938597908442358	0.9928152307065693	0.9925762391028096	0.9921540200756254	0.9887736218743578	1.0	0.9935780046426698	0.9889092020673296	0.9926352762569423	0.9897323362554836	0.9906319143789476	0.9910216814629638	0.988341998798827	0.9902744849402331	0.9868657655944454	0.9896634947756194	0.992853943663461	0.9926184989548842	0.9931357429002922	0.9904174024409366	0.9892139341988313	0.9894873387549965	0.9863273287668365
0.9921059375346315	0.9881465333850085	0.9870146638692677	0.9917834189319641	0.9871649328693138	0.9885516369921592	0.9868093301143173	0.989635204425089	0.9932938939464051	0.9885420112259303	0.9959630991258246	0.9976544581761899	0.9893329230906872	0.9862464863546554	0.9876031010574552	0.9941161191524863	0.9860990944673378	0.9880584384390542	0.98547774555897	0.98822550771931	0.9920888801820349	0.9880674544445134	0.9834065186382711	0.9897538528383482	0.9894661574830602	0.9869735018476974	0.9918914086401361	0.992752985217985	0.9922754366814258	0.9952416458270503	0.9872675955835611	0.9935780046426698	1.0	0.9893994083757054	0.99272702982303	0.9961088971907786	0.9913663819078693	0.9952056636330643	0.9876147169309757	0.9888020986077818	0.9893325238989306	0.9879196938745263	0.9934206151807646	0.9904282528820232	0.9922359561374672	0.989086113579049	0.9906451107809252	0.987962733701547	0.9855158702424622
0.9896625558094881	0.9888017535941116	0.9886505070671063	0.9891014561332303	0.9883062287967032	0.9903487125318189	0.9878748541962765	0.9886387880217002	0.9914397959862709	0.9873967582951972	0.9877537061775127	0.9889734114129869	0.9905297974277584	0.9870056455892898	0.9882764153251721	0.9881167614331979	0.9872578683711808	0.9873518664142434	0.9851216460717622	0.9896854019899899	0.989735129045363	0.9894260521425039	0.9825733275438053	0.9971693073599089	0.9969515912865947	0.9877128410175999	0.9900768308177572	0.9899929993651851	0.989578234259435	0.9884832601061483	0.9884684425044885	0.9889092020673296	0.9893994083757054	1.0	0.9898821755550347	0.9894194092110817	0.98847791300607	0.9866480944886734	0.9877036314834873	0.9894235998520263	0.9890801498520152	0.9888919538693879	0.9885646235498529	0.9880341208075045	0.9894473166399488	0.9896170670188508	0.9853047639095229	0.9892592810864673	0.9862226156004947
0.9889080897429303	0.9875061419012993	0.9857939502515386	0.9924510022488265	0.9893282969348657	0.9872267048731166	0.9846389328993281	0.9869329151893964	0.9909987570650021	0.9899569890755576	0.9936531245280191	0.9946189961097892	0.9883229560829181	0.9882443367641348	0.9859762986778208	0.9923121199990145	0.9878749448168476	0.9902051496002542	0.9878484004541574	0.9884535727848681	0.99086601153765	0.9864178904091276	0.9861034199699366	0.9905983661748544	0.9903285336533182	0.9890990016902197	0.989899904556075	0.9901618944286965	0.9917742688075668	0.9910408952576478	0.9883491208834767	0.9926352762569423	0.99272702982303	0.9898821755550347	1.0	0.9936085450944503	0.9920325936834925	0.9924740927084534	0.9894043757386914	0.9881128861475291	0.9901308971747995	0.9856504367081279	0.9934968332814067	0.9910352089387015	0.9935639055767137	0.9912754260868668	0.9916088230390486	0.9850217499698335	0.9853008477790915
0.992290147472624	0.9889097014867229	0.9876575698235149	0.9903776904309194	0.9878013950144081	0.9897419474825199	0.9875234983573695	0.9905547108856182	0.993969218874251	0.9874457306757132	0.9929954621767478	0.9944399400605909	0.9906495222029467	0.9870292215045088	0.9886812107692103	0.9946466513620904	0.98728141543902	0.9872467657620928	0.9824744810449095	0.9900704139793745	0.9925013517210397	0.9889703841479679	0.9822576183756038	0.9884327495112469	0.9885186637054941	0.9881579116609823	0.9926695674265158	0.9931247141689583	0.992683009159806	0.9955222649150771	0.988088914724702	0.9897323362554836	0.9961088971907786	0.9894194092110817	0.9936085450944503	1.0	0.989100198080254	0.9933197131127742	0.9884096672176664	0.9896445035236078	0.9860874769367043	0.9888919538693879	0.992094801972226	0.9924291115662395	0.9934169838402209	0.990095277836021	0.9894275465903796	0.9890296351768135	0.9863969527192544
0.9914058631121925	0.9890709633998193	0.9875778899909892	0.9951431211873375	0.9879168113761713	0.9898531014759598	0.9877475218510591	0.9944237689410985	0.9926790608509997	0.9881929474700734	0.9901620781232047	0.9912862769772387	0.990192239713322	0.9866261147753471	0.9886079805162876	0.9903880928944511	0.9871162310280467	0.986998082037811	0.9839533746925068	0.9891239539220632	0.990200993660135	0.9891587753849089	0.9818682716138047	0.9877126573595139	0.9873742995100807	0.9880180117794871	0.9919152602116872	0.990993646742968	0.9911782377496424	0.9908681708495665	0.9884448496819105	0.9906319143789476	0.9913663819078693	0.98847791300607	0.9920325936834925	0.989100198080254	1.0	0.9890817892856526	0.9881835631788951	0.9892259911527065	0.9872147317377803	0.9886783618081213	0.9910415070518808	0.9910501357268825	0.9917135941370016	0.9897917648491104	0.9880580822432353	0.989386174439872	0.9861526210644388
