/home/jshaw/scratch/2022_sketched_distance/references/SGB_genome_fastas_part4/5822/BritoIL_2016__M2.41.ST__bin.43.fa	/home/jshaw/scratch/2022_sketched_distance/references/SGB_genome_fastas_part4/5822/BritoIL_2016__WL.35.ST__bin.44.fa	/home/jshaw/scratch/2022_sketched_distance/references/SGB_genome_fastas_part4/5822/CM_madagascar__A20_03_1FE__bin.11.fa	/home/jshaw/scratch/2022_sketched_distance/references/SGB_genome_fastas_part4/5822/CM_madagascar__A24_04_1FE__bin.4.fa	/home/jshaw/scratch/2022_sketched_distance/references/SGB_genome_fastas_part4/5822/CM_madagascar__A55_02_1FE__bin.64.fa	/home/jshaw/scratch/2022_sketched_distance/references/SGB_genome_fastas_part4/5822/CM_madagascar__A69_02_1FE__bin.19.fa	/home/jshaw/scratch/2022_sketched_distance/references/SGB_genome_fastas_part4/5822/CM_madagascar__V50_01_1FE__bin.1.fa	/home/jshaw/scratch/2022_sketched_distance/references/SGB_genome_fastas_part4/5822/CM_madagascar__V50_01_2FE__bin.17.fa	/home/jshaw/scratch/2022_sketched_distance/references/SGB_genome_fastas_part4/5822/CosteaPI_2017__SID713A005-11-0-0__bin.38.fa	/home/jshaw/scratch/2022_sketched_distance/references/SGB_genome_fastas_part4/5822/CosteaPI_2017__SID713A005-11-90-0__bin.41.fa	/home/jshaw/scratch/2022_sketched_distance/references/SGB_genome_fastas_part4/5822/CosteaPI_2017__SID713A066-11-0-0__bin.3.fa	/home/jshaw/scratch/2022_sketched_distance/references/SGB_genome_fastas_part4/5822/CosteaPI_2017__SID713A066-11-90-0__bin.13.fa	/home/jshaw/scratch/2022_sketched_distance/references/SGB_genome_fastas_part4/5822/CosteaPI_2017__SID713A077-11-90-0__bin.30.fa	/home/jshaw/scratch/2022_sketched_distance/references/SGB_genome_fastas_part4/5822/CosteaPI_2017__SID713A087-11-0-0__bin.37.fa	/home/jshaw/scratch/2022_sketched_distance/references/SGB_genome_fastas_part4/5822/CosteaPI_2017__SID713A087-11-90-0__bin.22.fa	/home/jshaw/scratch/2022_sketched_distance/references/SGB_genome_fastas_part4/5822/CosteaPI_2017__SID713B042-11-90-0__bin.5.fa	/home/jshaw/scratch/2022_sketched_distance/references/SGB_genome_fastas_part4/5822/CosteaPI_2017__SID713B066-11-0-0__bin.40.fa	/home/jshaw/scratch/2022_sketched_distance/references/SGB_genome_fastas_part4/5822/CosteaPI_2017__SID713B066-11-90-0__bin.52.fa	/home/jshaw/scratch/2022_sketched_distance/references/SGB_genome_fastas_part4/5822/KarlssonFH_2013__S127__bin.13.fa	/home/jshaw/scratch/2022_sketched_distance/references/SGB_genome_fastas_part4/5822/QinJ_2012__CON-006__bin.16.fa	/home/jshaw/scratch/2022_sketched_distance/references/SGB_genome_fastas_part4/5822/QinJ_2012__DOM018__bin.3.fa	/home/jshaw/scratch/2022_sketched_distance/references/SGB_genome_fastas_part4/5822/QinJ_2012__T2D-009__bin.21.fa	/home/jshaw/scratch/2022_sketched_distance/references/SGB_genome_fastas_part4/5822/VogtmannE_2016__MMRS35808664ST-27-0-0__bin.15.fa	/home/jshaw/scratch/2022_sketched_distance/references/SGB_genome_fastas_part4/5822/XieH_2016__YSZC12003_35524__bin.69.fa	/home/jshaw/scratch/2022_sketched_distance/references/SGB_genome_fastas_part4/5822/YuJ_2015__SZAXPI015247-35__bin.42.fa	/home/jshaw/scratch/2022_sketched_distance/references/SGB_genome_fastas_part4/5822/YuJ_2015__SZAXPI015274-111__bin.12.fa	/home/jshaw/scratch/2022_sketched_distance/references/SGB_genome_fastas_part4/5822/ZeeviD_2015__PNP_Main_431__bin.4.fa	/home/jshaw/scratch/2022_sketched_distance/references/SGB_genome_fastas_part4/5822/ZeeviD_2015__PNP_Main_78__bin.40.fa
1.0	0.9968903027187268	0.9777683729393076	0.9769886995614714	0.9784701040847166	0.9773271444456062	0.9762224925470543	0.9773577385048037	0.9748798317514773	0.9775102793405785	0.9763641857413683	0.9756098551742598	0.9794965236673205	0.9771121777058626	0.975905258956183	0.9740954752242998	0.974616300460411	0.9768026000276961	0.9761622337632165	0.9937969571615909	0.9935733168420291	0.976011922173869	0.9758087226208131	0.9767403297368339	0.9766467004186027	0.9771663717445298	0.976035141429333	0.976129914890174
0.9968903027187268	1.0	0.9777683729393076	0.9769973179754016	0.9777059197984497	0.977104077538073	0.9759937698058051	0.9769840105366081	0.9756539359826449	0.9775799682553529	0.9763769431843374	0.9760008861926405	0.9800331293619442	0.9771639454610546	0.9766838280763726	0.9749173701234605	0.9756193617259049	0.9770741022596393	0.9765824005374824	0.9934705716337593	0.9938729039194839	0.9765163492545923	0.9763291657795757	0.976254159208166	0.9766432874545621	0.9772069147080312	0.9766318996164379	0.9766974476254422
0.9777683729393076	0.9777683729393076	1.0	0.9885429672963149	0.9866256403653916	0.9952829383159977	0.9836628280294551	0.9893983074484727	0.9880440457676422	0.9948766120405651	0.9948970470132593	0.992918870868986	0.983988600748677	0.9951007072007452	0.9890687578031048	0.992039873680101	0.9902084932789178	0.9941950933873283	0.9938384616646407	0.9765059797682232	0.9765417151881304	0.9918388381897255	0.9934779488782431	0.9946715666998406	0.9949174694018083	0.9901269541696814	0.9929838638353323	0.9902790343761313
0.9769886995614714	0.9769973179754016	0.9885429672963149	1.0	0.9977089937354137	0.9870657491676771	0.9957332845163402	0.9985518804827025	0.9852971261180324	0.9869529647370242	0.9865894338348116	0.9853203348445932	0.9870486430101322	0.9867034694453627	0.9861848166928321	0.984665678592504	0.9845861445999966	0.9861524555725067	0.986289510067727	0.9757587511076489	0.9754825718948709	0.9854264303827674	0.9857154932864262	0.9866122726115172	0.9869529647370242	0.9855627221757189	0.9860672056086576	0.9858123236505977
0.9784701040847166	0.9777059197984497	0.9866256403653916	0.9977089937354137	1.0	0.9881988985046145	0.9924869565371194	0.9982367542862695	0.9812137053718675	0.9873307959406116	0.9870566626081223	0.9860945459194267	0.981945315453443	0.987451903819703	0.9821504587712316	0.9845469201522643	0.9837786709203512	0.9866566156799138	0.986376781857311	0.9768399091043164	0.9764192862996133	0.9848754119735368	0.9858416187667445	0.9873611147144614	0.9875725677267515	0.9787471919387508	0.9850058937958525	0.9829226829967356
0.9773271444456062	0.977104077538073	0.9952829383159977	0.9870657491676771	0.9881988985046145	1.0	0.9860258275349664	0.986946903977906	0.9941808385535894	0.9945449655193629	0.9951658518291921	0.9953262004694123	0.9879388504178058	0.9948384567506551	0.995108523230219	0.9950946572828958	0.9937264847628171	0.9942386561420143	0.9954427588943688	0.9770882316387723	0.9766999145431978	0.9949010972796579	0.9959047625107332	0.9946412603700682	0.995545126258965	0.995557192900171	0.9953226316585773	0.9953772234443377
0.9762224925470543	0.9759937698058051	0.9836628280294551	0.9957332845163402	0.9924869565371194	0.9860258275349664	1.0	0.9966846058629033	0.980221299821767	0.985856503868015	0.9855437927504953	0.9839039304051679	0.9827388079766703	0.985884785131642	0.9804556754358386	0.9832978172379018	0.9822409781891568	0.9851125136964064	0.984469544248965	0.9745065927548766	0.9748650175294611	0.9830830019640738	0.984646152287944	0.9855152163222003	0.9856293731939861	0.9796269288678955	0.9834808306464713	0.9813767267014806
0.9773577385048037	0.9769840105366081	0.9893983074484727	0.9985518804827025	0.9982367542862695	0.986946903977906	0.9966846058629033	1.0	0.9855672053482831	0.986902778835428	0.9865922342798983	0.9861619215584453	0.9886831877085676	0.986480611031345	0.9872364545099822	0.9855811115731911	0.9857557697359259	0.9858939810720895	0.9869042902101856	0.9763491235901662	0.9762885600511606	0.9864027715742336	0.9863866762538462	0.9864134547517236	0.9871464867231305	0.986521513327972	0.9867253058863263	0.9866270890824511
0.9748798317514773	0.9756539359826449	0.9880440457676422	0.9852971261180324	0.9812137053718675	0.9941808385535894	0.980221299821767	0.9855672053482831	1.0	0.9996503767920281	0.9959556052675971	0.9933840775388533	0.9819954761359336	0.9976589495243274	0.9960364759288229	0.9952209316744343	0.9959556052675971	0.9973590968227867	0.9935111630882928	0.9736248468779363	0.974429064668049	0.9943049096976274	0.9935322966782835	0.9959752373591432	0.9948372488852508	0.9901269541696814	0.9928923465205275	0.9907571165234047
0.9775102793405785	0.9775799682553529	0.9948766120405651	0.9869529647370242	0.9873307959406116	0.9945449655193629	0.985856503868015	0.986902778835428	0.9996503767920281	1.0	0.9953075678404023	0.9958968584601078	0.9877290694660033	0.9988591853448097	0.9989175680011413	0.9959790010914362	0.9975049069099564	0.9974201218397816	0.9967029744741381	0.9771517160492467	0.9770128416013796	0.9984600102501621	0.9964341731372891	0.9961126604690821	0.9967782866908514	0.9961774254469713	0.9970620539431889	0.996551332522534
0.9763641857413683	0.9763769431843374	0.9948970470132593	0.9865894338348116	0.9870566626081223	0.9951658518291921	0.9855437927504953	0.9865922342798983	0.9959556052675971	0.9953075678404023	1.0	0.9994484493607916	0.9875179432946432	0.9958065856412216	0.9969787535674782	0.998647231974779	0.9960008029578756	0.9952579578966095	0.9981180294035643	0.9760224623206579	0.976224810735605	0.9952803066475185	0.9983393071283445	0.9958529038108056	0.9983491184709612	0.9982078725974842	0.9963483336468111	0.9981100101958504
0.9756098551742598	0.9760008861926405	0.992918870868986	0.9853203348445932	0.9860945459194267	0.9953262004694123	0.9839039304051679	0.9861619215584453	0.9933840775388533	0.9958968584601078	0.9994484493607916	1.0	0.9870915843132061	0.9954160152004	0.9942183680899868	0.9957107777533332	0.9937656973983056	0.995666210795307	0.9959098159625993	0.9744760572625787	0.9746449821740637	0.9931388323148441	0.9963465220764368	0.9962835714015119	0.9972480835128592	0.9967862851260614	0.9943983707028055	0.9957535368624421
0.9794965236673205	0.9800331293619442	0.983988600748677	0.9870486430101322	0.981945315453443	0.9879388504178058	0.9827388079766703	0.9886831877085676	0.9819954761359336	0.9877290694660033	0.9875179432946432	0.9870915843132061	1.0	0.9879388504178058	0.9828366562952181	0.9848267601411417	0.9841297893207046	0.9871344696472361	0.9868763151239388	0.9791155825790532	0.9793881362065238	0.9860451957931968	0.9872200730000953	0.9871772991603525	0.9876025563118018	0.9797659285990298	0.9858675135231822	0.9831284600221222
0.9771121777058626	0.9771639454610546	0.9951007072007452	0.9867034694453627	0.987451903819703	0.9948384567506551	0.985884785131642	0.986480611031345	0.9976589495243274	0.9988591853448097	0.9958065856412216	0.9954160152004	0.9879388504178058	1.0	0.9993805264614551	0.9955307503831141	0.9973469708022901	0.9980085165493301	0.9961763125517678	0.9770564429699246	0.976888031417781	0.9976273356821728	0.9957621489144265	0.9963050056372463	0.9962264953316285	0.9960862671295467	0.9967427757780577	0.99620343874607
0.975905258956183	0.9766838280763726	0.9890687578031048	0.9861848166928321	0.9821504587712316	0.995108523230219	0.9804556754358386	0.9872364545099822	0.9960364759288229	0.9989175680011413	0.9969787535674782	0.9942183680899868	0.9828366562952181	0.9993805264614551	1.0	0.9967606041344104	0.9980293835176481	0.9977794712155356	0.994368397003797	0.9749147585926737	0.9757924982527479	0.9949408020403041	0.9946452332668883	0.9969589808733181	0.9956684025872689	0.9901269541696814	0.9940676568991312	0.9924310128242813
0.9740954752242998	0.9749173701234605	0.992039873680101	0.984665678592504	0.9845469201522643	0.9950946572828958	0.9832978172379018	0.9855811115731911	0.9952209316744343	0.9959790010914362	0.998647231974779	0.9957107777533332	0.9848267601411417	0.9955307503831141	0.9967606041344104	1.0	0.9957618160795025	0.9958362184036368	0.9951494834481264	0.9732122939403608	0.9739564475981308	0.9935981828613999	0.9958004265651823	0.9958719716912932	0.9965265563836493	0.9962001759771975	0.9938000390658629	0.9958322199413411
0.974616300460411	0.9756193617259049	0.9902084932789178	0.9845861445999966	0.9837786709203512	0.9937264847628171	0.9822409781891568	0.9857557697359259	0.9959556052675971	0.9975049069099564	0.9960008029578756	0.9937656973983056	0.9841297893207046	0.9973469708022901	0.9980293835176481	0.9957618160795025	1.0	0.9993604356010416	0.9927711757653578	0.9735812794389743	0.9744048479264769	0.9943628118997524	0.9936085675564005	0.9957618160795025	0.994309856245031	0.9932529515792536	0.9923443983610478	0.9931530398479715
0.9768026000276961	0.9770741022596393	0.9941950933873283	0.9861524555725067	0.9866566156799138	0.9942386561420143	0.9851125136964064	0.9858939810720895	0.9973590968227867	0.9974201218397816	0.9952579578966095	0.995666210795307	0.9871344696472361	0.9980085165493301	0.9977794712155356	0.9958362184036368	0.9993604356010416	1.0	0.9958919732321718	0.9767047041191946	0.9766999145431978	0.997820006178061	0.9960998611913964	0.995673134700562	0.9960235489825724	0.9958112807466084	0.9964563741229375	0.9963585082669714
0.9761622337632165	0.9765824005374824	0.9938384616646407	0.986289510067727	0.986376781857311	0.9954427588943688	0.984469544248965	0.9869042902101856	0.9935111630882928	0.9967029744741381	0.9981180294035643	0.9959098159625993	0.9868763151239388	0.9961763125517678	0.994368397003797	0.9951494834481264	0.9927711757653578	0.9958919732321718	1.0	0.9751574642211526	0.9758024206980289	0.9946714728292338	0.9968766891625778	0.9964582377518788	0.9983011280607326	0.9960634383919172	0.9956189378952897	0.9967239225029428
0.9937969571615909	0.9934705716337593	0.9765059797682232	0.9757587511076489	0.9768399091043164	0.9770882316387723	0.9745065927548766	0.9763491235901662	0.9736248468779363	0.9771517160492467	0.9760224623206579	0.9744760572625787	0.9791155825790532	0.9770564429699246	0.9749147585926737	0.9732122939403608	0.9735812794389743	0.9767047041191946	0.9751574642211526	1.0	0.9966508967653029	0.9749439730980797	0.9750899628998613	0.9764140641913923	0.9763491235901662	0.9757569816757241	0.9750845289689863	0.9753696803898474
0.9935733168420291	0.9938729039194839	0.9765417151881304	0.9754825718948709	0.9764192862996133	0.9766999145431978	0.9748650175294611	0.9762885600511606	0.974429064668049	0.9770128416013796	0.976224810735605	0.9746449821740637	0.9793881362065238	0.976888031417781	0.9757924982527479	0.9739564475981308	0.9744048479264769	0.9766999145431978	0.9758024206980289	0.9966508967653029	1.0	0.9759780140298857	0.9755122722121158	0.9764156852680271	0.9760969362029615	0.9751152392446985	0.9756311339004283	0.9759145120837129
0.976011922173869	0.9765163492545923	0.9918388381897255	0.9854264303827674	0.9848754119735368	0.9949010972796579	0.9830830019640738	0.9864027715742336	0.9943049096976274	0.9984600102501621	0.9952803066475185	0.9931388323148441	0.9860451957931968	0.9976273356821728	0.9949408020403041	0.9935981828613999	0.9943628118997524	0.997820006178061	0.9946714728292338	0.9749439730980797	0.9759780140298857	1.0	0.9949963068404211	0.9966468695981989	0.9955805838494304	0.992549539786221	0.9941879186525959	0.9932593755243905
0.9758087226208131	0.9763291657795757	0.9934779488782431	0.9857154932864262	0.9858416187667445	0.9959047625107332	0.984646152287944	0.9863866762538462	0.9935322966782835	0.9964341731372891	0.9983393071283445	0.9963465220764368	0.9872200730000953	0.9957621489144265	0.9946452332668883	0.9958004265651823	0.9936085675564005	0.9960998611913964	0.9968766891625778	0.9750899628998613	0.9755122722121158	0.9949963068404211	1.0	0.996556497326988	0.9976376118138208	0.9966519441390206	0.9954155119076402	0.9967621543757423
0.9767403297368339	0.976254159208166	0.9946715666998406	0.9866122726115172	0.9873611147144614	0.9946412603700682	0.9855152163222003	0.9864134547517236	0.9959752373591432	0.9961126604690821	0.9958529038108056	0.9962835714015119	0.9871772991603525	0.9963050056372463	0.9969589808733181	0.9958719716912932	0.9957618160795025	0.995673134700562	0.9964582377518788	0.9764140641913923	0.9764156852680271	0.9966468695981989	0.996556497326988	1.0	0.9969931673935847	0.9965845693829352	0.9970443965135583	0.9961061512796295
0.9766467004186027	0.9766432874545621	0.9949174694018083	0.9869529647370242	0.9875725677267515	0.995545126258965	0.9856293731939861	0.9871464867231305	0.9948372488852508	0.9967782866908514	0.9983491184709612	0.9972480835128592	0.9876025563118018	0.9962264953316285	0.9956684025872689	0.9965265563836493	0.994309856245031	0.9960235489825724	0.9983011280607326	0.9763491235901662	0.9760969362029615	0.9955805838494304	0.9976376118138208	0.9969931673935847	1.0	0.9979930833453491	0.9967784030031945	0.9977410531962563
0.9771663717445298	0.9772069147080312	0.9901269541696814	0.9855627221757189	0.9787471919387508	0.995557192900171	0.9796269288678955	0.986521513327972	0.9901269541696814	0.9961774254469713	0.9982078725974842	0.9967862851260614	0.9797659285990298	0.9960862671295467	0.9901269541696814	0.9962001759771975	0.9932529515792536	0.9958112807466084	0.9960634383919172	0.9757569816757241	0.9751152392446985	0.992549539786221	0.9966519441390206	0.9965845693829352	0.9979930833453491	1.0	0.9938930029895039	0.9927520447658917
0.976035141429333	0.9766318996164379	0.9929838638353323	0.9860672056086576	0.9850058937958525	0.9953226316585773	0.9834808306464713	0.9867253058863263	0.9928923465205275	0.9970620539431889	0.9963483336468111	0.9943983707028055	0.9858675135231822	0.9967427757780577	0.9940676568991312	0.9938000390658629	0.9923443983610478	0.9964563741229375	0.9956189378952897	0.9750845289689863	0.9756311339004283	0.9941879186525959	0.9954155119076402	0.9970443965135583	0.9967784030031945	0.9938930029895039	1.0	0.9948754806667192
0.976129914890174	0.9766974476254422	0.9902790343761313	0.9858123236505977	0.9829226829967356	0.9953772234443377	0.9813767267014806	0.9866270890824511	0.9907571165234047	0.996551332522534	0.9981100101958504	0.9957535368624421	0.9831284600221222	0.99620343874607	0.9924310128242813	0.9958322199413411	0.9931530398479715	0.9963585082669714	0.9967239225029428	0.9753696803898474	0.9759145120837129	0.9932593755243905	0.9967621543757423	0.9961061512796295	0.9977410531962563	0.9927520447658917	0.9948754806667192	1.0
