/home/jshaw/scratch/2022_sketched_distance/references/SGB_genome_fastas_part4/14240/BritoIL_2016__M1.15.ST__bin.85.fa	/home/jshaw/scratch/2022_sketched_distance/references/SGB_genome_fastas_part4/14240/BritoIL_2016__M2.57.ST__bin.84.fa	/home/jshaw/scratch/2022_sketched_distance/references/SGB_genome_fastas_part4/14240/BritoIL_2016__W1.3.ST__bin.39.fa	/home/jshaw/scratch/2022_sketched_distance/references/SGB_genome_fastas_part4/14240/BritoIL_2016__W2.39.ST__bin.67.fa	/home/jshaw/scratch/2022_sketched_distance/references/SGB_genome_fastas_part4/14240/BritoIL_2016__W2.46.ST__bin.69.fa	/home/jshaw/scratch/2022_sketched_distance/references/SGB_genome_fastas_part4/14240/BritoIL_2016__WL.37.ST__bin.67.fa	/home/jshaw/scratch/2022_sketched_distance/references/SGB_genome_fastas_part4/14240/CM_madagascar__A43_02_1FE__bin.3.fa	/home/jshaw/scratch/2022_sketched_distance/references/SGB_genome_fastas_part4/14240/CosteaPI_2017__SID713A013-11-0-0__bin.81.fa	/home/jshaw/scratch/2022_sketched_distance/references/SGB_genome_fastas_part4/14240/CosteaPI_2017__SID713A062-11-0-0__bin.40.fa	/home/jshaw/scratch/2022_sketched_distance/references/SGB_genome_fastas_part4/14240/CosteaPI_2017__SID713B032-11-90-0__bin.23.fa	/home/jshaw/scratch/2022_sketched_distance/references/SGB_genome_fastas_part4/14240/CosteaPI_2017__SID713B040-11-90-0__bin.65.fa	/home/jshaw/scratch/2022_sketched_distance/references/SGB_genome_fastas_part4/14240/CosteaPI_2017__SID713B049-11-0-0__bin.41.fa	/home/jshaw/scratch/2022_sketched_distance/references/SGB_genome_fastas_part4/14240/LeChatelierE_2013__MH0157__bin.21.fa	/home/jshaw/scratch/2022_sketched_distance/references/SGB_genome_fastas_part4/14240/LiJ_2014__MH0262__bin.24.fa	/home/jshaw/scratch/2022_sketched_distance/references/SGB_genome_fastas_part4/14240/LiJ_2014__MH0329__bin.66.fa	/home/jshaw/scratch/2022_sketched_distance/references/SGB_genome_fastas_part4/14240/LiJ_2014__MH0374__bin.32.fa	/home/jshaw/scratch/2022_sketched_distance/references/SGB_genome_fastas_part4/14240/LiJ_2014__MH0389__bin.39.fa	/home/jshaw/scratch/2022_sketched_distance/references/SGB_genome_fastas_part4/14240/LiJ_2017__H3M517925__bin.71.fa	/home/jshaw/scratch/2022_sketched_distance/references/SGB_genome_fastas_part4/14240/LiuW_2016__SRR3992974__bin.25.fa	/home/jshaw/scratch/2022_sketched_distance/references/SGB_genome_fastas_part4/14240/NielsenHB_2014__MH0157__bin.34.fa	/home/jshaw/scratch/2022_sketched_distance/references/SGB_genome_fastas_part4/14240/QinJ_2012__T2D-024__bin.67.fa	/home/jshaw/scratch/2022_sketched_distance/references/SGB_genome_fastas_part4/14240/ZeeviD_2015__PNP_Main_16__bin.42.fa	/home/jshaw/scratch/2022_sketched_distance/references/SGB_genome_fastas_part4/14240/ZeeviD_2015__PNP_Main_172__bin.30.fa	/home/jshaw/scratch/2022_sketched_distance/references/SGB_genome_fastas_part4/14240/ZeeviD_2015__PNP_Main_225__bin.2.fa	/home/jshaw/scratch/2022_sketched_distance/references/SGB_genome_fastas_part4/14240/ZeeviD_2015__PNP_Main_287__bin.58.fa	/home/jshaw/scratch/2022_sketched_distance/references/SGB_genome_fastas_part4/14240/ZeeviD_2015__PNP_Main_309__bin.11.fa	/home/jshaw/scratch/2022_sketched_distance/references/SGB_genome_fastas_part4/14240/ZeeviD_2015__PNP_Main_372__bin.36.fa	/home/jshaw/scratch/2022_sketched_distance/references/SGB_genome_fastas_part4/14240/ZeeviD_2015__PNP_Main_480__bin.32.fa	/home/jshaw/scratch/2022_sketched_distance/references/SGB_genome_fastas_part4/14240/ZeeviD_2015__PNP_Main_609__bin.36.fa	/home/jshaw/scratch/2022_sketched_distance/references/SGB_genome_fastas_part4/14240/ZeeviD_2015__PNP_Main_610__bin.35.fa	/home/jshaw/scratch/2022_sketched_distance/references/SGB_genome_fastas_part4/14240/ZeeviD_2015__PNP_Main_626__bin.26.fa	/home/jshaw/scratch/2022_sketched_distance/references/SGB_genome_fastas_part4/14240/ZeeviD_2015__PNP_Main_630__bin.15.fa	/home/jshaw/scratch/2022_sketched_distance/references/SGB_genome_fastas_part4/14240/ZeeviD_2015__PNP_Main_632__bin.19.fa	/home/jshaw/scratch/2022_sketched_distance/references/SGB_genome_fastas_part4/14240/ZeeviD_2015__PNP_Main_666__bin.1.fa	/home/jshaw/scratch/2022_sketched_distance/references/SGB_genome_fastas_part4/14240/ZeeviD_2015__PNP_Main_670__bin.20.fa	/home/jshaw/scratch/2022_sketched_distance/references/SGB_genome_fastas_part4/14240/ZeeviD_2015__PNP_Main_680__bin.1.fa	/home/jshaw/scratch/2022_sketched_distance/references/SGB_genome_fastas_part4/14240/ZeeviD_2015__PNP_Main_72__bin.48.fa	/home/jshaw/scratch/2022_sketched_distance/references/SGB_genome_fastas_part4/14240/ZeeviD_2015__PNP_Main_73__bin.31.fa	/home/jshaw/scratch/2022_sketched_distance/references/SGB_genome_fastas_part4/14240/ZeeviD_2015__PNP_Main_751__bin.17.fa	/home/jshaw/scratch/2022_sketched_distance/references/SGB_genome_fastas_part4/14240/ZeeviD_2015__PNP_Main_82__bin.22.fa	/home/jshaw/scratch/2022_sketched_distance/references/SGB_genome_fastas_part4/14240/ZeeviD_2015__PNP_Main_85__bin.7.fa	/home/jshaw/scratch/2022_sketched_distance/references/SGB_genome_fastas_part4/14240/ZeeviD_2015__PNP_Validation_73__bin.3.fa	/home/jshaw/scratch/2022_sketched_distance/references/SGB_genome_fastas_part4/14240/ZeeviD_2015__PNP_Validation_94__bin.6.fa
1.0	0.9858866198535984	0.9849778583759687	0.9868522167763313	0.9855283398361921	0.9829507506987729	0.9843621179090727	0.988729596847931	0.9878462778956152	0.9868233690378928	0.9852705477970326	0.9829041816813539	0.9867366737135652	0.9843456252251738	0.984584277843211	0.9866787496193037	0.9875935155406694	0.9870820925042659	0.9852341641769682	0.9867944959781286	0.9873103733357975	0.9844822804730097	0.9843321596841028	0.9868107907124793	0.9867944959781286	0.9823382458346115	0.9856182767769113	0.9867944959781286	0.9852584063996956	0.9864460276094227	0.9873103733357975	0.9875653106690435	0.9867944959781286	0.9851667986132557	0.9859459552275283	0.985931131424352	0.9854817276889248	0.9873387974163733	0.9833066690992442	0.9868233690378928	0.9859755827900757	0.9875370816107534	0.9856482011279286
0.9858866198535984	1.0	0.9851269245611589	0.9985520620532181	0.9986554051471336	0.9966519441390206	0.9854327940598956	0.9857980676754883	0.986068284218542	0.9900909638964737	0.9861235649599245	0.9851605525160206	0.9889746119685684	0.988212744706894	0.9945370471100975	0.986977704875663	0.985960464063556	0.9888478758267466	0.9970015873720236	0.9891223668470036	0.9877166794045467	0.9878161718426258	0.9852928246626581	0.9890117636183231	0.9874128709985796	0.986136874274411	0.9871745670265994	0.9861808236646202	0.9863115723190394	0.9860046457084325	0.9889027953715895	0.9886300750129806	0.9963438687784478	0.9862043901253532	0.9890459227354018	0.9862508264383378	0.986899794190799	0.9890014096099267	0.9847087598161256	0.9879000739136642	0.9861801654676439	0.9862828692834666	0.996024341220045
0.9849778583759687	0.9851269245611589	1.0	0.985225927397246	0.9824420427595862	0.9769472841224989	0.9817349858529958	0.9877921442052495	0.9862957104336283	0.9846273823501094	0.9816799589356368	0.9582589017629378	0.9860073881571282	0.9783796390408337	0.9808432512360632	0.9859590875997927	0.9882912226283609	0.9860556178370774	0.980100370511407	0.9861037768508014	0.9865815261309533	0.9781963412727942	0.9849778583759687	0.9790430534374008	0.9866289214858859	0.9866762486362239	0.9852753171167901	0.9846273823501094	0.9790430534374008	0.9862478319920567	0.9868178228480519	0.9873317772794419	0.9855701058986736	0.9840689589646635	0.9857651723398875	0.9582890745951356	0.9826565622834975	0.9871458122976313	0.9870056455892898	0.9867235077812435	0.9838635158768697	0.9864389288325682	0.9848781035991164
0.9868522167763313	0.9985520620532181	0.985225927397246	1.0	0.9986554051471336	0.99642682815131	0.9860770702686728	0.9877153567054678	0.9876085332601782	0.9921493502323409	0.9871973741665587	0.9849986323645255	0.9898821755550347	0.9886733004976016	0.9953041836289233	0.9872837554551024	0.9873129686797733	0.9901804173476123	0.9972701448349044	0.9899569890755576	0.9890990016902197	0.9882298893168504	0.9857850334453954	0.989650702069164	0.9891500941646668	0.986800254045178	0.9881128861475291	0.9870419505845051	0.9868721149549775	0.9865207830023035	0.9906227874063792	0.9903285336533182	0.997872498802738	0.9867111555917012	0.9893811431738555	0.986818558620911	0.9876431260393448	0.9907689367356802	0.985137324028147	0.9894802794472888	0.9869047350002915	0.9883229560829181	0.9966132980433278
0.9855283398361921	0.9986554051471336	0.9824420427595862	0.9986554051471336	1.0	0.9950666460390176	0.9842016778057256	0.9869207077306196	0.986949044723063	0.9913938521493921	0.9850134885624172	0.9831197505829067	0.9891404504349489	0.9872400189394149	0.9949572865032501	0.9858546946464245	0.9868923463083271	0.9893781050749767	0.9953429843524377	0.9891934107967456	0.9884981992788471	0.9868081121386112	0.9826657574891294	0.9880627345399207	0.9886061140323095	0.9840623730613739	0.987287198553097	0.9871467232112371	0.9847023957852962	0.985825398198643	0.9897704297610291	0.9894831820999407	0.9967526514470021	0.9855060890827608	0.9883356615417914	0.9856082959333263	0.9859612461703845	0.9899519300791859	0.9819700597306633	0.9886061140323095	0.9861462316675639	0.987287198553097	0.9947118867539024
0.9829507506987729	0.9966519441390206	0.9769472841224989	0.99642682815131	0.9950666460390176	1.0	0.9811699543854563	0.9854054244339644	0.9860301468245185	0.9888171526872075	0.9818317317350463	0.9847951027345714	0.9881276943472399	0.9834286774330472	0.992625624465776	0.9837564087714751	0.9855940915436625	0.9878653812955092	0.992039935539794	0.9880695828459604	0.9869755951792187	0.9829588080282442	0.9780014044769905	0.9841167062045201	0.9882436106804121	0.9784915072144211	0.9866432161054662	0.985215667386401	0.9819154668165081	0.9840534986401861	0.9885889324190054	0.9883014162420154	0.9967415651258085	0.9835901883984361	0.98649101712751	0.982763297469476	0.9831877869141857	0.9890438036088363	0.976907773896346	0.9883014162420154	0.9840534986401861	0.9860610733441191	0.9937953350105491
0.9843621179090727	0.9854327940598956	0.9817349858529958	0.9860770702686728	0.9842016778057256	0.9811699543854563	1.0	0.987123574590156	0.9937168017732013	0.9866194302988551	0.9897519617378262	0.9893269574466246	0.9864696699392584	0.9835714259666253	0.9840404492179969	0.9856489595235198	0.9862890524874813	0.9868279556820102	0.9850234782188386	0.9863493686168581	0.9863794852374859	0.9841259159605531	0.9891589677591791	0.9850395073683672	0.986976097173987	0.9809366790279573	0.9847756277209903	0.9920359208467966	0.9834929130565414	0.9854017968319989	0.986976097173987	0.9870056455892898	0.9861983702980618	0.9828890907997025	0.9854327940598956	0.989519020470694	0.9906374435529776	0.986976097173987	0.988969350821033	0.986499676623455	0.9919088896763806	0.9937890283429214	0.9853397144814084
0.988729596847931	0.9857980676754883	0.9877921442052495	0.9877153567054678	0.9869207077306196	0.9854054244339644	0.987123574590156	1.0	0.9855683160868536	0.985320373120044	0.987617272791162	0.9869292045949265	0.986969872198111	0.9864014131638096	0.9856173348942816	0.988023121893573	0.9871327553066204	0.9871205463898817	0.9882743325142713	0.9869967209227011	0.9872179284794456	0.9874296093344602	0.9861823367711886	0.9881952716501432	0.985885988049957	0.9857403046700868	0.9863666224414904	0.9862352516719038	0.988674498092441	0.9893530850461695	0.9856909978081654	0.9858782241375922	0.9850425134443117	0.9880729032065495	0.9869872577197555	0.9863778389476643	0.9870152515772125	0.9853327460175436	0.9860157392468062	0.9857503764933668	0.9868771601247219	0.9864045908400687	0.9874487280445978
0.9878462778956152	0.986068284218542	0.9862957104336283	0.9876085332601782	0.986949044723063	0.9860301468245185	0.9937168017732013	0.9855683160868536	1.0	0.9855303683680681	0.9984038069302115	0.9982531257286851	0.988026512267042	0.986629303172477	0.9864737005184573	0.987504563440731	0.9857861703917042	0.9873316225734026	0.9881464376413613	0.9874488205570284	0.9874551212070491	0.9875589685150179	0.9953213648264081	0.988261340756583	0.9869463175955049	0.9864507207521086	0.986393876162829	0.993261217715017	0.9876652898315766	0.9863109298723941	0.9863420025784501	0.9864979681171958	0.9858098490603706	0.986533187626135	0.9872072368092041	0.9935801001683292	0.9939768399879935	0.9854091286367817	0.9962937663415764	0.9857894744186357	0.9940620319223762	0.9934466284429472	0.9871725014275616
0.9868233690378928	0.9900909638964737	0.9846273823501094	0.9921493502323409	0.9913938521493921	0.9888171526872075	0.9866194302988551	0.985320373120044	0.9855303683680681	1.0	0.9875277443640675	0.9864667901604504	0.989351339871298	0.9879955951609048	0.9888152360703168	0.986977704875663	0.985387255254445	0.9892721196468712	0.9914655570383297	0.9892226302138589	0.9881823111319367	0.9884505264746353	0.9860504352444555	0.9895556468633783	0.9870225768127022	0.9866453643576667	0.9877547000587953	0.9866942876686334	0.9881143448841211	0.9865594208568736	0.9880991126117173	0.988046935745159	0.9890270866217121	0.9870056455892898	0.9892783609177341	0.9874994051696939	0.9884528962058416	0.9877314285453717	0.985864648595326	0.9869889630514603	0.9868219409322807	0.9862482417239562	0.9908684163665925
0.9852705477970326	0.9861235649599245	0.9816799589356368	0.9871973741665587	0.9850134885624172	0.9818317317350463	0.9897519617378262	0.987617272791162	0.9984038069302115	0.9875277443640675	1.0	0.9921878984878729	0.9877065584033707	0.9824485103930228	0.9872275452377058	0.9860298714419051	0.9871369489074885	0.9872878045210778	0.9839128539663838	0.9872576886720702	0.9873479536680055	0.9828472306146477	0.9905713855437829	0.9850758852254778	0.9878252304806268	0.9804714410220888	0.9864648411320726	0.9920968645024397	0.9831834414691657	0.9864956912983945	0.9878844065133393	0.9878548317901903	0.9870764124805477	0.9845587342661283	0.9859359100746684	0.9892877423719534	0.9910662313988943	0.9878548317901903	0.9890037844914041	0.98764706157516	0.99279201610667	0.9943837145500455	0.9861235649599245
0.9829041816813539	0.9851605525160206	0.9582589017629378	0.9849986323645255	0.9831197505829067	0.9847951027345714	0.9893269574466246	0.9869292045949265	0.9982531257286851	0.9864667901604504	0.9921878984878729	1.0	0.9856415775414471	0.979774548986247	0.9844668074234528	0.9840517649240452	0.9850391873203036	0.9852412141675405	0.9791498256778254	0.9849986323645255	0.98650557399816	0.9808513797488846	0.9699929228803194	0.9783144087941619	0.9862721817836856	0.9635120862051757	0.9837159079490575	0.9917610175728127	0.985120147270959	0.984713336241224	0.985482017276906	0.9864667901604504	0.985760741247019	0.9826871850338297	0.9829905795004729	0.9857378109999978	0.9895397395991626	0.9866216518142805	0.9763128853662696	0.9856017600692719	0.991991561096571	0.9935618880626405	0.9837580786547878
0.9867366737135652	0.9889746119685684	0.9860073881571282	0.9898821755550347	0.9891404504349489	0.9881276943472399	0.9864696699392584	0.986969872198111	0.988026512267042	0.989351339871298	0.9877065584033707	0.9856415775414471	1.0	0.9964844694228793	0.9880184055901342	0.9870614559312771	0.9869161390695051	0.997868423412615	0.9901053170528711	0.9990259477962983	0.9884911583064252	0.9883561485706814	0.9873885568245272	0.9953607753595921	0.9891258200507225	0.9877896451485517	0.9872638459772325	0.9866461489046102	0.9866552599985324	0.986116352243464	0.9992119243250626	0.9951327260887887	0.9899452944608094	0.9860236502664188	0.9981425656930406	0.985931131424352	0.9874730720085264	0.9994521517042324	0.9855985567208398	0.9890754943734018	0.9862645891130857	0.9872372293509146	0.9894497262812767
0.9843456252251738	0.988212744706894	0.9783796390408337	0.9886733004976016	0.9872400189394149	0.9834286774330472	0.9835714259666253	0.9864014131638096	0.986629303172477	0.9879955951609048	0.9824485103930228	0.979774548986247	0.9964844694228793	1.0	0.9862704776353444	0.9850679729901225	0.9864014131638096	0.996772160830493	0.9839492736051835	0.9963396839303273	0.9873671588400889	0.9823592879738305	0.977547567699084	0.9883601966265242	0.9872718499921649	0.9790835331220347	0.9859408388341935	0.9854064409928526	0.9820779107339135	0.9847946639687633	0.9969388375476186	0.9936193286989701	0.988734224431594	0.983105202002997	0.9960237996248232	0.9819029325030513	0.9845536375820432	0.9971990807187306	0.9777917778827256	0.9876514405942423	0.9846226830622448	0.9859739518796277	0.9874621924847897
0.984584277843211	0.9945370471100975	0.9808432512360632	0.9953041836289233	0.9949572865032501	0.992625624465776	0.9840404492179969	0.9856173348942816	0.9864737005184573	0.9888152360703168	0.9872275452377058	0.9844668074234528	0.9880184055901342	0.9862704776353444	1.0	0.985079053083942	0.9845072607136629	0.9873614552162178	0.9941091858196234	0.9876784277987254	0.9870145878828533	0.9859720411058289	0.9838646238574819	0.9871538774320753	0.9865281913042893	0.9831685244200145	0.9855893351954512	0.9855893351954512	0.9842707642539781	0.984924051118693	0.9880963660502363	0.9877309611028755	0.9946010635052794	0.9847298414679643	0.9872072368092041	0.9854130609270337	0.986198406832894	0.9884577615552018	0.9820126651718127	0.9870145878828533	0.985294847895951	0.9862822684739654	0.9935809033091143
0.9866787496193037	0.986977704875663	0.9859590875997927	0.9872837554551024	0.9858546946464245	0.9837564087714751	0.9856489595235198	0.988023121893573	0.987504563440731	0.986977704875663	0.9860298714419051	0.9840517649240452	0.9870614559312771	0.9850679729901225	0.985079053083942	1.0	0.9876418200067046	0.986977704875663	0.9868060482434856	0.9867814525807749	0.9875595347616083	0.9858702685127704	0.9847931269152657	0.9865337213929822	0.9874495001637669	0.9840623730613739	0.9857822283109157	0.9862141914014207	0.9868721149549775	0.9872837554551024	0.9874219339439034	0.9873114376033583	0.9874219339439034	0.986234417054572	0.9858690763234018	0.9866304014906886	0.9856923786388007	0.9874495001637669	0.9841151869455551	0.9870614559312771	0.9860420868244331	0.9875869860359879	0.9860420868244331
0.9875935155406694	0.985960464063556	0.9882912226283609	0.9873129686797733	0.9868923463083271	0.9855940915436625	0.9862890524874813	0.9871327553066204	0.9857861703917042	0.985387255254445	0.9871369489074885	0.9850391873203036	0.9869161390695051	0.9864014131638096	0.9845072607136629	0.9876418200067046	1.0	0.9870144983724916	0.9881143861810691	0.9869431220221725	0.987058844849516	0.9874296093344602	0.9859622059077665	0.9878629234241652	0.9863106342475425	0.9864507207521086	0.9863393461104583	0.9859347761604593	0.9883808681213633	0.9882482125653406	0.9858653754920966	0.9863366390642768	0.985574018599087	0.9879021676254746	0.9868490201211176	0.9861871356953289	0.9864924717225754	0.9860756605586802	0.9859024864293222	0.9860232152930856	0.9861801654676439	0.9856685136795094	0.9871725014275616
0.9870820925042659	0.9888478758267466	0.9860556178370774	0.9901804173476123	0.9893781050749767	0.9878653812955092	0.9868279556820102	0.9871205463898817	0.9873316225734026	0.9892721196468712	0.9872878045210778	0.9852412141675405	0.997868423412615	0.996772160830493	0.9873614552162178	0.986977704875663	0.9870144983724916	1.0	0.990465599351312	0.9978913944791759	0.9880536279811124	0.9880395883691787	0.9864445626734514	0.9947427033791315	0.9882394916200435	0.9871843173322894	0.9871479528072413	0.9861535758298485	0.9869338118336944	0.9862276804427994	0.9983448602672819	0.9946175401173365	0.9893216736989272	0.9859934300958793	0.9980241970373944	0.985931131424352	0.9871876815078382	0.9986638648578231	0.9856748031161192	0.9884181003447575	0.9865444458014245	0.9871470050744299	0.9896818835040594
0.9852341641769682	0.9970015873720236	0.980100370511407	0.9972701448349044	0.9953429843524377	0.992039935539794	0.9850234782188386	0.9882743325142713	0.9881464376413613	0.9914655570383297	0.9839128539663838	0.9791498256778254	0.9901053170528711	0.9839492736051835	0.9941091858196234	0.9868060482434856	0.9881143861810691	0.990465599351312	1.0	0.9899843436886351	0.9893109433050186	0.9833986857394685	0.9804951125943545	0.9838913178154233	0.9894344066989859	0.9805182639265732	0.9885602934376099	0.9874667173348137	0.9835095454665246	0.987138040903339	0.9906145642169379	0.9901656378528614	0.997026091553594	0.9853390024407136	0.9891870159361977	0.9807194228681866	0.986267789817247	0.9908515190019362	0.9797201258159262	0.9898629252137361	0.986605232346483	0.9884969607053372	0.9959810293347112
0.9867944959781286	0.9891223668470036	0.9861037768508014	0.9899569890755576	0.9891934107967456	0.9880695828459604	0.9863493686168581	0.9869967209227011	0.9874488205570284	0.9892226302138589	0.9872576886720702	0.9849986323645255	0.9990259477962983	0.9963396839303273	0.9876784277987254	0.9867814525807749	0.9869431220221725	0.9978913944791759	0.9899843436886351	1.0	0.9882060020774878	0.9882614995260499	0.9867478730554676	0.9948780500886834	0.9886419066825327	0.9871078625002688	0.9871303373963988	0.9864839702611916	0.9865618826711392	0.9860605464312401	0.999324163867095	0.9949947293580084	0.990013949899036	0.9860538426763712	0.9982408855650301	0.9854782682725942	0.9872735588156558	0.9994346944190334	0.9853302920504783	0.9888197341424414	0.9861237623435313	0.9871036574754527	0.9895789041855252
0.9873103733357975	0.9877166794045467	0.9865815261309533	0.9890990016902197	0.9884981992788471	0.9869755951792187	0.9863794852374859	0.9872179284794456	0.9874551212070491	0.9881823111319367	0.9873479536680055	0.98650557399816	0.9884911583064252	0.9873671588400889	0.9870145878828533	0.9875595347616083	0.987058844849516	0.9880536279811124	0.9893109433050186	0.9882060020774878	1.0	0.9880713816462071	0.9856960877018685	0.9891405455584975	0.9889440304595509	0.9869928461176201	0.9871213170443017	0.9864417964051939	0.9869029778581602	0.9865319032990733	0.9885145535722801	0.9885907514465915	0.9884891150739672	0.9876156262159851	0.9882059424658117	0.9866932402093471	0.987444644062376	0.9887426206558606	0.9850209965752235	0.9888937932679823	0.9866001324517553	0.9876384299188051	0.9884777482768831
0.9844822804730097	0.9878161718426258	0.9781963412727942	0.9882298893168504	0.9868081121386112	0.9829588080282442	0.9841259159605531	0.9874296093344602	0.9875589685150179	0.9884505264746353	0.9828472306146477	0.9808513797488846	0.9883561485706814	0.9823592879738305	0.9859720411058289	0.9858702685127704	0.9874296093344602	0.9880395883691787	0.9833986857394685	0.9882614995260499	0.9880713816462071	1.0	0.9790000143922964	0.9828574456365714	0.9982008088396358	0.9889679106880349	0.9864094502752199	0.9865761470852612	0.9835840031481012	0.9856657728350501	0.9885446348126133	0.9887631813652987	0.9888253579723822	0.9840900656811301	0.9870384528265451	0.9811682722289063	0.9861072495153481	0.9885446348126133	0.9783680672252487	0.9879121074448122	0.9858022445947402	0.9875912290354942	0.9875266763479592
0.9843321596841028	0.9852928246626581	0.9849778583759687	0.9857850334453954	0.9826657574891294	0.9780014044769905	0.9891589677591791	0.9861823367711886	0.9953213648264081	0.9860504352444555	0.9905713855437829	0.9699929228803194	0.9873885568245272	0.977547567699084	0.9838646238574819	0.9847931269152657	0.9859622059077665	0.9864445626734514	0.9804951125943545	0.9867478730554676	0.9856960877018685	0.9790000143922964	1.0	0.9793262056542607	0.9868770118102157	0.9836283326897185	0.9852928246626581	0.9936496114821575	0.9792178370402249	0.9851119950265212	0.987515210218116	0.9877670644257557	0.9866614980136303	0.9823713824888727	0.9862699780029	0.9732145777813951	0.9918150792092637	0.9875573199513412	0.9949196829016912	0.9871763786818463	0.9935093445149583	0.9960779229595693	0.9852928246626581
0.9868107907124793	0.9890117636183231	0.9790430534374008	0.989650702069164	0.9880627345399207	0.9841167062045201	0.9850395073683672	0.9881952716501432	0.988261340756583	0.9895556468633783	0.9850758852254778	0.9783144087941619	0.9953607753595921	0.9883601966265242	0.9871538774320753	0.9865337213929822	0.9878629234241652	0.9947427033791315	0.9838913178154233	0.9948780500886834	0.9891405455584975	0.9828574456365714	0.9793262056542607	1.0	0.9891726625995061	0.9791323871576683	0.9879629805227307	0.9869140929306158	0.9827795492276512	0.9870170717785696	0.9953873885740058	0.9982895074898123	0.9894921242049439	0.9851122228252586	0.9937515434158342	0.9807946602970019	0.9868107907124793	0.9952808073922622	0.9774997669060241	0.9893008188462921	0.9865684829792888	0.9877960493864179	0.9887851775274946
0.9867944959781286	0.9874128709985796	0.9866289214858859	0.9891500941646668	0.9886061140323095	0.9882436106804121	0.986976097173987	0.985885988049957	0.9869463175955049	0.9870225768127022	0.9878252304806268	0.9862721817836856	0.9891258200507225	0.9872718499921649	0.9865281913042893	0.9874495001637669	0.9863106342475425	0.9882394916200435	0.9894344066989859	0.9886419066825327	0.9889440304595509	0.9982008088396358	0.9868770118102157	0.9891726625995061	1.0	0.9982156852039067	0.9871745670265994	0.987041042438635	0.9877255188515266	0.9865319032990733	0.9875514994736092	0.9874263343571762	0.9879735361937655	0.9872102312771345	0.9884707436711554	0.9868810392385562	0.9877841697868174	0.9878004110093047	0.9859402807482033	0.9879488596799033	0.9873428186351282	0.9866893142075481	0.9884777482768831
0.9823382458346115	0.986136874274411	0.9866762486362239	0.986800254045178	0.9840623730613739	0.9784915072144211	0.9809366790279573	0.9857403046700868	0.9864507207521086	0.9866453643576667	0.9804714410220888	0.9635120862051757	0.9877896451485517	0.9790835331220347	0.9831685244200145	0.9840623730613739	0.9864507207521086	0.9871843173322894	0.9805182639265732	0.9871078625002688	0.9869928461176201	0.9889679106880349	0.9836283326897185	0.9791323871576683	0.9982156852039067	1.0	0.9850956655783117	0.9844381171806794	0.9791323871576683	0.9836397685371527	0.9878645344661674	0.9875261828939258	0.9873366961543694	0.9809366790279573	0.9855000450958057	0.9671853807940481	0.9826027196589084	0.98819944472145	0.9824266413067743	0.9871461121217309	0.9834691898264573	0.9857403046700868	0.9860184050273033
0.9856182767769113	0.9871745670265994	0.9852753171167901	0.9881128861475291	0.987287198553097	0.9866432161054662	0.9847756277209903	0.9863666224414904	0.986393876162829	0.9877547000587953	0.9864648411320726	0.9837159079490575	0.9872638459772325	0.9859408388341935	0.9855893351954512	0.9857822283109157	0.9863393461104583	0.9871479528072413	0.9885602934376099	0.9871303373963988	0.9871213170443017	0.9864094502752199	0.9852928246626581	0.9879629805227307	0.9871745670265994	0.9850956655783117	1.0	0.9852857054948201	0.9861225809474677	0.9859486497462483	0.9874131313520352	0.9875449236878656	0.9879631483362666	0.9864736503011452	0.9871249169004305	0.984753765843851	0.9859314804018161	0.9879111598411368	0.9841151869455551	0.998371411637908	0.9853815740167646	0.98612031691208	0.9878859251048602
0.9867944959781286	0.9861808236646202	0.9846273823501094	0.9870419505845051	0.9871467232112371	0.985215667386401	0.9920359208467966	0.9862352516719038	0.993261217715017	0.9866942876686334	0.9920968645024397	0.9917610175728127	0.9866461489046102	0.9854064409928526	0.9855893351954512	0.9862141914014207	0.9859347761604593	0.9861535758298485	0.9874667173348137	0.9864839702611916	0.9864417964051939	0.9865761470852612	0.9936496114821575	0.9869140929306158	0.987041042438635	0.9844381171806794	0.9852857054948201	1.0	0.9859959803272165	0.9858925582141738	0.9868280878068252	0.9870675651068993	0.9867478730554676	0.986114144421582	0.9864588351652773	0.9954619511944303	0.9967296935584503	0.9869613459059541	0.9912004400574744	0.9865330056684396	0.9961684413713595	0.996323728075485	0.9862726603435273
0.9852584063996956	0.9863115723190394	0.9790430534374008	0.9868721149549775	0.9847023957852962	0.9819154668165081	0.9834929130565414	0.988674498092441	0.9876652898315766	0.9881143448841211	0.9831834414691657	0.985120147270959	0.9866552599985324	0.9820779107339135	0.9842707642539781	0.9868721149549775	0.9883808681213633	0.9869338118336944	0.9835095454665246	0.9865618826711392	0.9869029778581602	0.9835840031481012	0.9792178370402249	0.9827795492276512	0.9877255188515266	0.9791323871576683	0.9861225809474677	0.9859959803272165	1.0	0.987875611141723	0.9870261407443967	0.9868103021445614	0.9871794488189486	0.9853555560305292	0.985387875488704	0.9844190856960219	0.9844041796671784	0.9872100249053197	0.9793988581958426	0.9873928872295481	0.985868890159857	0.9873928872295481	0.9865618826711392
0.9864460276094227	0.9860046457084325	0.9862478319920567	0.9865207830023035	0.985825398198643	0.9840534986401861	0.9854017968319989	0.9893530850461695	0.9863109298723941	0.9865594208568736	0.9864956912983945	0.984713336241224	0.986116352243464	0.9847946639687633	0.984924051118693	0.9872837554551024	0.9882482125653406	0.9862276804427994	0.987138040903339	0.9860605464312401	0.9865319032990733	0.9856657728350501	0.9851119950265212	0.9870170717785696	0.9865319032990733	0.9836397685371527	0.9859486497462483	0.9858925582141738	0.987875611141723	1.0	0.9866143869914167	0.98702373089707	0.9865319032990733	0.9881012732814425	0.985664292335792	0.9852166585500415	0.9856323303493522	0.9866418356462153	0.9842347636587052	0.986942268606323	0.9860106649096827	0.9872938243851518	0.9865565143684393
0.9873103733357975	0.9889027953715895	0.9868178228480519	0.9906227874063792	0.9897704297610291	0.9885889324190054	0.986976097173987	0.9856909978081654	0.9863420025784501	0.9880991126117173	0.9878844065133393	0.985482017276906	0.9992119243250626	0.9969388375476186	0.9880963660502363	0.9874219339439034	0.9858653754920966	0.9983448602672819	0.9906145642169379	0.999324163867095	0.9885145535722801	0.9885446348126133	0.987515210218116	0.9953873885740058	0.9875514994736092	0.9878645344661674	0.9874131313520352	0.9868280878068252	0.9870261407443967	0.9866143869914167	1.0	0.993952161232701	0.9890151087691571	0.9865629159147983	0.9989403422187478	0.9859953196708187	0.9877560093331295	0.9991179736190091	0.9862410808767357	0.9874324380834507	0.9868219409322807	0.9862221110958368	0.9900652182935014
0.9875653106690435	0.9886300750129806	0.9873317772794419	0.9903285336533182	0.9894831820999407	0.9883014162420154	0.9870056455892898	0.9858782241375922	0.9864979681171958	0.988046935745159	0.9878548317901903	0.9864667901604504	0.9951327260887887	0.9936193286989701	0.9877309611028755	0.9873114376033583	0.9863366390642768	0.9946175401173365	0.9901656378528614	0.9949947293580084	0.9885907514465915	0.9887631813652987	0.9877670644257557	0.9982895074898123	0.9874263343571762	0.9875261828939258	0.9875449236878656	0.9870675651068993	0.9868103021445614	0.98702373089707	0.993952161232701	1.0	0.9883142989084418	0.9875291752153161	0.9947013485121209	0.986755959098181	0.9879526286239392	0.9937685496711035	0.9866502380041696	0.9874807894960749	0.9869598155071102	0.9866893142075481	0.9899124183698952
0.9867944959781286	0.9963438687784478	0.9855701058986736	0.997872498802738	0.9967526514470021	0.9967415651258085	0.9861983702980618	0.9850425134443117	0.9858098490603706	0.9890270866217121	0.9870764124805477	0.985760741247019	0.9899452944608094	0.988734224431594	0.9946010635052794	0.9874219339439034	0.985574018599087	0.9893216736989272	0.997026091553594	0.990013949899036	0.9884891150739672	0.9888253579723822	0.9866614980136303	0.9894921242049439	0.9879735361937655	0.9873366961543694	0.9879631483362666	0.9867478730554676	0.9871794488189486	0.9865319032990733	0.9890151087691571	0.9883142989084418	1.0	0.986917575073157	0.9897129905021768	0.986818558620911	0.9876431260393448	0.9887608373554145	0.9859024864293222	0.9878406819839829	0.9867666288876106	0.986843585151189	0.9967589198731436
0.9851667986132557	0.9862043901253532	0.9840689589646635	0.9867111555917012	0.9855060890827608	0.9835901883984361	0.9828890907997025	0.9880729032065495	0.986533187626135	0.9870056455892898	0.9845587342661283	0.9826871850338297	0.9860236502664188	0.983105202002997	0.9847298414679643	0.986234417054572	0.9879021676254746	0.9859934300958793	0.9853390024407136	0.9860538426763712	0.9876156262159851	0.9840900656811301	0.9823713824888727	0.9851122228252586	0.9872102312771345	0.9809366790279573	0.9864736503011452	0.986114144421582	0.9853555560305292	0.9881012732814425	0.9865629159147983	0.9875291752153161	0.986917575073157	1.0	0.9851667986132557	0.9836705468831531	0.9841913093972016	0.986533187626135	0.9810622869640261	0.9875580174491023	0.9851977884489461	0.9863542512686471	0.9860538426763712
0.9859459552275283	0.9890459227354018	0.9857651723398875	0.9893811431738555	0.9883356615417914	0.98649101712751	0.9854327940598956	0.9869872577197555	0.9872072368092041	0.9892783609177341	0.9859359100746684	0.9829905795004729	0.9981425656930406	0.9960237996248232	0.9872072368092041	0.9858690763234018	0.9868490201211176	0.9980241970373944	0.9891870159361977	0.9982408855650301	0.9882059424658117	0.9870384528265451	0.9862699780029	0.9937515434158342	0.9884707436711554	0.9855000450958057	0.9871249169004305	0.9864588351652773	0.985387875488704	0.985664292335792	0.9989403422187478	0.9947013485121209	0.9897129905021768	0.9851667986132557	1.0	0.984753765843851	0.9864631833032034	0.9993606650342958	0.985214647352156	0.9890718302683289	0.985288763802177	0.9869320323669729	0.9883441736177674
0.985931131424352	0.9862508264383378	0.9582890745951356	0.986818558620911	0.9856082959333263	0.982763297469476	0.989519020470694	0.9863778389476643	0.9935801001683292	0.9874994051696939	0.9892877423719534	0.9857378109999978	0.985931131424352	0.9819029325030513	0.9854130609270337	0.9866304014906886	0.9861871356953289	0.985931131424352	0.9807194228681866	0.9854782682725942	0.9866932402093471	0.9811682722289063	0.9732145777813951	0.9807946602970019	0.9868810392385562	0.9671853807940481	0.984753765843851	0.9954619511944303	0.9844190856960219	0.9852166585500415	0.9859953196708187	0.986755959098181	0.986818558620911	0.9836705468831531	0.984753765843851	1.0	0.9943357476467881	0.9860593828020414	0.9763752676167278	0.9865043626953824	0.9973339130087662	0.9976509320721147	0.9850190745212524
0.9854817276889248	0.986899794190799	0.9826565622834975	0.9876431260393448	0.9859612461703845	0.9831877869141857	0.9906374435529776	0.9870152515772125	0.9939768399879935	0.9884528962058416	0.9910662313988943	0.9895397395991626	0.9874730720085264	0.9845536375820432	0.986198406832894	0.9856923786388007	0.9864924717225754	0.9871876815078382	0.986267789817247	0.9872735588156558	0.987444644062376	0.9861072495153481	0.9918150792092637	0.9868107907124793	0.9877841697868174	0.9826027196589084	0.9859314804018161	0.9967296935584503	0.9844041796671784	0.9856323303493522	0.9877560093331295	0.9879526286239392	0.9876431260393448	0.9841913093972016	0.9864631833032034	0.9943357476467881	1.0	0.9878404185440649	0.9892096346759743	0.9873306861055098	0.9953929911714827	0.996965115605089	0.9860206969547277
0.9873387974163733	0.9890014096099267	0.9871458122976313	0.9907689367356802	0.9899519300791859	0.9890438036088363	0.986976097173987	0.9853327460175436	0.9854091286367817	0.9877314285453717	0.9878548317901903	0.9866216518142805	0.9994521517042324	0.9971990807187306	0.9884577615552018	0.9874495001637669	0.9860756605586802	0.9986638648578231	0.9908515190019362	0.9994346944190334	0.9887426206558606	0.9885446348126133	0.9875573199513412	0.9952808073922622	0.9878004110093047	0.98819944472145	0.9879111598411368	0.9869613459059541	0.9872100249053197	0.9866418356462153	0.9991179736190091	0.9937685496711035	0.9887608373554145	0.986533187626135	0.9993606650342958	0.9860593828020414	0.9878404185440649	1.0	0.9863904550366225	0.9873027894330592	0.9869047350002915	0.9863004407534225	0.9901666932775166
0.9833066690992442	0.9847087598161256	0.9870056455892898	0.985137324028147	0.9819700597306633	0.976907773896346	0.988969350821033	0.9860157392468062	0.9962937663415764	0.985864648595326	0.9890037844914041	0.9763128853662696	0.9855985567208398	0.9777917778827256	0.9820126651718127	0.9841151869455551	0.9859024864293222	0.9856748031161192	0.9797201258159262	0.9853302920504783	0.9850209965752235	0.9783680672252487	0.9949196829016912	0.9774997669060241	0.9859402807482033	0.9824266413067743	0.9841151869455551	0.9912004400574744	0.9793988581958426	0.9842347636587052	0.9862410808767357	0.9866502380041696	0.9859024864293222	0.9810622869640261	0.985214647352156	0.9763752676167278	0.9892096346759743	0.9863904550366225	1.0	0.9861286031606565	0.9909418337010364	0.9938597564147177	0.9844330947675106
0.9868233690378928	0.9879000739136642	0.9867235077812435	0.9894802794472888	0.9886061140323095	0.9883014162420154	0.986499676623455	0.9857503764933668	0.9857894744186357	0.9869889630514603	0.98764706157516	0.9856017600692719	0.9890754943734018	0.9876514405942423	0.9870145878828533	0.9870614559312771	0.9860232152930856	0.9884181003447575	0.9898629252137361	0.9888197341424414	0.9888937932679823	0.9879121074448122	0.9871763786818463	0.9893008188462921	0.9879488596799033	0.9871461121217309	0.998371411637908	0.9865330056684396	0.9873928872295481	0.986942268606323	0.9874324380834507	0.9874807894960749	0.9878406819839829	0.9875580174491023	0.9890718302683289	0.9865043626953824	0.9873306861055098	0.9873027894330592	0.9861286031606565	1.0	0.986655724967845	0.9860648896196774	0.9887697203268317
0.9859755827900757	0.9861801654676439	0.9838635158768697	0.9869047350002915	0.9861462316675639	0.9840534986401861	0.9919088896763806	0.9868771601247219	0.9940620319223762	0.9868219409322807	0.99279201610667	0.991991561096571	0.9862645891130857	0.9846226830622448	0.985294847895951	0.9860420868244331	0.9861801654676439	0.9865444458014245	0.986605232346483	0.9861237623435313	0.9866001324517553	0.9858022445947402	0.9935093445149583	0.9865684829792888	0.9873428186351282	0.9834691898264573	0.9853815740167646	0.9961684413713595	0.985868890159857	0.9860106649096827	0.9868219409322807	0.9869598155071102	0.9867666288876106	0.9851977884489461	0.985288763802177	0.9973339130087662	0.9953929911714827	0.9869047350002915	0.9909418337010364	0.986655724967845	1.0	0.9985198892049032	0.9855229592692197
0.9875370816107534	0.9862828692834666	0.9864389288325682	0.9883229560829181	0.987287198553097	0.9860610733441191	0.9937890283429214	0.9864045908400687	0.9934466284429472	0.9862482417239562	0.9943837145500455	0.9935618880626405	0.9872372293509146	0.9859739518796277	0.9862822684739654	0.9875869860359879	0.9856685136795094	0.9871470050744299	0.9884969607053372	0.9871036574754527	0.9876384299188051	0.9875912290354942	0.9960779229595693	0.9877960493864179	0.9866893142075481	0.9857403046700868	0.98612031691208	0.996323728075485	0.9873928872295481	0.9872938243851518	0.9862221110958368	0.9866893142075481	0.986843585151189	0.9863542512686471	0.9869320323669729	0.9976509320721147	0.996965115605089	0.9863004407534225	0.9938597564147177	0.9860648896196774	0.9985198892049032	1.0	0.9876407165455006
0.9856482011279286	0.996024341220045	0.9848781035991164	0.9966132980433278	0.9947118867539024	0.9937953350105491	0.9853397144814084	0.9874487280445978	0.9871725014275616	0.9908684163665925	0.9861235649599245	0.9837580786547878	0.9894497262812767	0.9874621924847897	0.9935809033091143	0.9860420868244331	0.9871725014275616	0.9896818835040594	0.9959810293347112	0.9895789041855252	0.9884777482768831	0.9875266763479592	0.9852928246626581	0.9887851775274946	0.9884777482768831	0.9860184050273033	0.9878859251048602	0.9862726603435273	0.9865618826711392	0.9865565143684393	0.9900652182935014	0.9899124183698952	0.9967589198731436	0.9860538426763712	0.9883441736177674	0.9850190745212524	0.9860206969547277	0.9901666932775166	0.9844330947675106	0.9887697203268317	0.9855229592692197	0.9876407165455006	1.0
