/home/jshaw/scratch/2022_sketched_distance/references/SGB_genome_fastas_part5/15102/BackhedF_2015__SID238_M__bin.45.fa	/home/jshaw/scratch/2022_sketched_distance/references/SGB_genome_fastas_part5/15102/BackhedF_2015__SID566_M__bin.19.fa	/home/jshaw/scratch/2022_sketched_distance/references/SGB_genome_fastas_part5/15102/CosteaPI_2017__SID713A076-11-90-0__bin.44.fa	/home/jshaw/scratch/2022_sketched_distance/references/SGB_genome_fastas_part5/15102/CosteaPI_2017__SID713B051-11-0-0__bin.65.fa	/home/jshaw/scratch/2022_sketched_distance/references/SGB_genome_fastas_part5/15102/FengQ_2015__SID532779__bin.35.fa	/home/jshaw/scratch/2022_sketched_distance/references/SGB_genome_fastas_part5/15102/HMP_2012__SRS014235__bin.74.fa	/home/jshaw/scratch/2022_sketched_distance/references/SGB_genome_fastas_part5/15102/HMP_2012__SRS019685__bin.8.fa	/home/jshaw/scratch/2022_sketched_distance/references/SGB_genome_fastas_part5/15102/LeChatelierE_2013__MH0189__bin.54.fa	/home/jshaw/scratch/2022_sketched_distance/references/SGB_genome_fastas_part5/15102/LiuW_2016__SRR3992958__bin.51.fa	/home/jshaw/scratch/2022_sketched_distance/references/SGB_genome_fastas_part5/15102/LiuW_2016__SRR3992961__bin.10.fa	/home/jshaw/scratch/2022_sketched_distance/references/SGB_genome_fastas_part5/15102/LiuW_2016__SRR3992966__bin.49.fa	/home/jshaw/scratch/2022_sketched_distance/references/SGB_genome_fastas_part5/15102/LiuW_2016__SRR3992969__bin.43.fa	/home/jshaw/scratch/2022_sketched_distance/references/SGB_genome_fastas_part5/15102/LiuW_2016__SRR3992978__bin.41.fa	/home/jshaw/scratch/2022_sketched_distance/references/SGB_genome_fastas_part5/15102/LiuW_2016__SRR3992981__bin.72.fa	/home/jshaw/scratch/2022_sketched_distance/references/SGB_genome_fastas_part5/15102/LiuW_2016__SRR3993013__bin.11.fa	/home/jshaw/scratch/2022_sketched_distance/references/SGB_genome_fastas_part5/15102/LiuW_2016__SRR3993043__bin.26.fa	/home/jshaw/scratch/2022_sketched_distance/references/SGB_genome_fastas_part5/15102/LiuW_2016__SRR3993051__bin.40.fa	/home/jshaw/scratch/2022_sketched_distance/references/SGB_genome_fastas_part5/15102/LiuW_2016__SRR3993057__bin.12.fa	/home/jshaw/scratch/2022_sketched_distance/references/SGB_genome_fastas_part5/15102/LoombaR_2017__SID5564_meq__bin.19.fa	/home/jshaw/scratch/2022_sketched_distance/references/SGB_genome_fastas_part5/15102/NielsenHB_2014__O2_UC50_0__bin.60.fa	/home/jshaw/scratch/2022_sketched_distance/references/SGB_genome_fastas_part5/15102/NielsenHB_2014__O2_UC52_0__bin.36.fa	/home/jshaw/scratch/2022_sketched_distance/references/SGB_genome_fastas_part5/15102/NielsenHB_2014__O2_UC52_2__bin.45.fa	/home/jshaw/scratch/2022_sketched_distance/references/SGB_genome_fastas_part5/15102/Obregon-TitoAJ_2015__HCO70__bin.5.fa	/home/jshaw/scratch/2022_sketched_distance/references/SGB_genome_fastas_part5/15102/SchirmerM_2016__G89164__bin.14.fa	/home/jshaw/scratch/2022_sketched_distance/references/SGB_genome_fastas_part5/15102/VincentC_2016__MM065__bin.17.fa	/home/jshaw/scratch/2022_sketched_distance/references/SGB_genome_fastas_part5/15102/VogtmannE_2016__MMRS34569532ST-27-0-0__bin.28.fa	/home/jshaw/scratch/2022_sketched_distance/references/SGB_genome_fastas_part5/15102/VogtmannE_2016__MMRS84159866ST-27-0-0__bin.60.fa	/home/jshaw/scratch/2022_sketched_distance/references/SGB_genome_fastas_part5/15102/VogtmannE_2016__MMRS93508324ST-27-0-0__bin.50.fa	/home/jshaw/scratch/2022_sketched_distance/references/SGB_genome_fastas_part5/15102/XieH_2016__YSZC12003_37208R1__bin.34.fa	/home/jshaw/scratch/2022_sketched_distance/references/SGB_genome_fastas_part5/15102/XieH_2016__YSZC12003_37315__bin.44.fa	/home/jshaw/scratch/2022_sketched_distance/references/SGB_genome_fastas_part5/15102/ZeeviD_2015__PNP_Main_72__bin.59.fa
1.0	0.9780170369776284	0.9783702641759765	0.9803240138494661	0.9807011204000955	0.9802765680940911	0.9793604454206369	0.9754770737790905	0.979116690636136	0.9788201661431364	0.9818523048589718	0.981304789950079	0.9754263980419433	0.9784205608277874	0.9789193073331937	0.9759142204258838	0.9783702641759765	0.9713032070776009	0.9823908108513791	0.9765469233272931	0.977295702971567	0.9777930952577859	0.9723558128180483	0.9786708872064896	0.9787704823520649	0.9804659391931825	0.9841244652929834	0.9810739262754137	0.9798945010636442	0.9805131110055832	0.9753116167791854
0.9780170369776284	1.0	0.9804385675968758	0.982155068569655	0.9797161736943469	0.9807231120023424	0.9790784103035858	0.9775520442387812	0.979958750939582	0.9802474856348509	0.9832659157625717	0.9833095757275311	0.9761324482993756	0.9786771971413089	0.9805336912318698	0.9758976005385707	0.9797648334920539	0.9713765019500374	0.9834836363622024	0.9786407412772202	0.9790769072717437	0.9789203540461557	0.9746830875905748	0.9791760744661906	0.9939837353191517	0.9812384304856695	0.9848021684740593	0.9795208061704027	0.9821098413070289	0.981191917468658	0.9766551954842879
0.9783702641759765	0.9804385675968758	1.0	0.982636983108241	0.9799603379416761	0.9804716116569702	0.9801922220112125	0.9784423358441289	0.9809591914262791	0.9828409975229114	0.9827923778973435	0.9828311116891703	0.9802803447113095	0.9795777521348353	0.9815492617143402	0.97840233231773	0.9811227395044079	0.9779782838753781	0.983784869954873	0.9820402916833945	0.9794627421255767	0.9798308712272561	0.9769780754538705	0.9791372219874275	0.981163147885533	0.9816888024743734	0.9832541884074866	0.978711159972789	0.9833305280551999	0.9816085335187267	0.9791810172627162
0.9803240138494661	0.982155068569655	0.982636983108241	1.0	0.9788039598005772	0.982408440922068	0.9828212409500217	0.9804335804345155	0.9813052675607572	0.9826379137236484	0.9821459868279052	0.9829405397845582	0.9830784802355066	0.9797335863735364	0.9831189024348874	0.9795568629000245	0.9804918840104161	0.9783348236787338	0.9829312583434437	0.9830007957508894	0.9806609236073008	0.9818616444761367	0.9794659154834605	0.9812084759040561	0.9826851204115652	0.9820513959706344	0.9832471580153335	0.980310342859762	0.982700160576457	0.9817274014323676	0.9816219357227336
0.9807011204000955	0.9797161736943469	0.9799603379416761	0.9788039598005772	1.0	0.9807674457630096	0.9806003010331281	0.9779128111985184	0.9805896813139245	0.9824745352072236	0.9805611999315602	0.9799959463109679	0.9804337375130164	0.9779524589966044	0.9810507500223113	0.9758474043541562	0.9771207528604214	0.9774360537841885	0.9813499864926397	0.9807352767227513	0.9781719157428074	0.9792876139878922	0.9759780140298857	0.9792705953994263	0.9808748955052295	0.9792954457865846	0.9810142622799892	0.9803509119078158	0.9807873327845139	0.9804906658411132	0.9797394204288259
0.9802765680940911	0.9807231120023424	0.9804716116569702	0.982408440922068	0.9807674457630096	1.0	0.996519601373077	0.9790103598635912	0.9813098496715141	0.9804476016725905	0.9837029663655588	0.9830032085928978	0.978597694901975	0.9796983644504695	0.9807564032427877	0.9779115033272944	0.980598725692833	0.9766987499460079	0.9843126789757306	0.9810507500223113	0.9787775846703761	0.9796507878750645	0.9762938467232812	0.9792705953994263	0.9804716116569702	0.9824883700540463	0.9854627024622298	0.9813098496715141	0.9822881802269128	0.9825681045847805	0.9784212999059992
0.9793604454206369	0.9790784103035858	0.9801922220112125	0.9828212409500217	0.9806003010331281	0.996519601373077	1.0	0.9793604454206369	0.9816642474387156	0.9797789816392103	0.9840606132742994	0.982884335356196	0.9734494602357313	0.9798482191046224	0.9797789816392103	0.9795703841227335	0.9810033481153854	0.9691333854709627	0.9851961657257156	0.9719857499272736	0.9801237106108408	0.972854736046941	0.9707286260914422	0.9803968984866298	0.9797095970789993	0.9826312253193852	0.9854885802775304	0.9823761441270112	0.9823761441270112	0.9826946864116862	0.9781445869561494
0.9754770737790905	0.9775520442387812	0.9784423358441289	0.9804335804345155	0.9779128111985184	0.9790103598635912	0.9793604454206369	1.0	0.9794762752940768	0.9791975248441639	0.98196930486194	0.9800267371590017	0.9756043527357631	0.9783945509973548	0.9781063620892732	0.9768773682008534	0.9784900507822928	0.9737747371658348	0.9828572958982105	0.9786407412772202	0.9775713067597467	0.9798308712272561	0.973608656189049	0.9776203127504871	0.9783466960333903	0.9804335804345155	0.9831480226770826	0.9778156030887506	0.9805680769898714	0.9801629152392489	0.9752448715662442
0.979116690636136	0.979958750939582	0.9809591914262791	0.9813052675607572	0.9805896813139245	0.9813098496715141	0.9816642474387156	0.9794762752940768	1.0	0.9830428301812386	0.9952316981292922	0.9815403587420737	0.9868522167763313	0.9815403587420737	0.9815904634689501	0.9777325516100422	0.9796519125803418	0.9815408036555242	0.9828040162501416	0.982763297469476	0.9794175097015794	0.9796507878750645	0.9757870321622841	0.9790480026268741	0.9809162303149579	0.9806298496660852	0.9828790566773081	0.9788577144611232	0.9816991292277936	0.98002207790631	0.9792747502579818
0.9788201661431364	0.9802474856348509	0.9828409975229114	0.9826379137236484	0.9824745352072236	0.9804476016725905	0.9797789816392103	0.9791975248441639	0.9830428301812386	1.0	0.9848436143947074	0.9844989789354109	0.9817338323918711	0.9823514642102781	0.982881463643251	0.9789317989172546	0.9809662314229416	0.9779184796451788	0.9848816848161434	0.9816727116582146	0.9790533761047508	0.9794697059035552	0.9761678812827274	0.9794299472636366	0.9826379137236484	0.9822691591526015	0.9841895680504635	0.9798763065660032	0.9841117572380974	0.9817290725348692	0.9800607997619436
0.9818523048589718	0.9832659157625717	0.9827923778973435	0.9821459868279052	0.9805611999315602	0.9837029663655588	0.9840606132742994	0.98196930486194	0.9952316981292922	0.9848436143947074	1.0	0.9831592391798438	0.9884885366979694	0.9836782249514271	0.9833538464888045	0.9800182732844621	0.9815553815439086	0.9834653728460974	0.9813973754087119	0.9845604198585584	0.9823590036489354	0.9828589342972279	0.978890555426117	0.9819116724818641	0.9836871571681537	0.9821999611828177	0.9812598908829052	0.9811518949507891	0.9835978001487747	0.9814990474913999	0.9818822338064938
0.981304789950079	0.9833095757275311	0.9828311116891703	0.9829405397845582	0.9799959463109679	0.9830032085928978	0.982884335356196	0.9800267371590017	0.9815403587420737	0.9844989789354109	0.9831592391798438	1.0	0.982556790478663	0.9801157747745989	0.997655676284499	0.9802258698339689	0.9809688246375508	0.9790364192756331	0.9840197309968834	0.9837031350645068	0.9812653288727671	0.9814084611233125	0.9798063262962032	0.9817475688858499	0.9842516227941934	0.9814822469187295	0.983842314602421	0.9798195439083933	0.9843635667838571	0.981097618692514	0.9813595503133862
0.9754263980419433	0.9761324482993756	0.9802803447113095	0.9830784802355066	0.9804337375130164	0.978597694901975	0.9734494602357313	0.9756043527357631	0.9868522167763313	0.9817338323918711	0.9884885366979694	0.982556790478663	1.0	0.9837767506155646	0.9814877949085707	0.9784895923170212	0.9801776813395863	0.9730875980601047	0.9828897346504898	0.9751476290049422	0.9761324482993756	0.9719450133400912	0.9696946815016569	0.9785436883935121	0.9811900864954006	0.9815864320210668	0.98373065911803	0.9788663944067418	0.9809900980423469	0.9802803447113095	0.9764221726632246
0.9784205608277874	0.9786771971413089	0.9795777521348353	0.9797335863735364	0.9779524589966044	0.9796983644504695	0.9798482191046224	0.9783945509973548	0.9815403587420737	0.9823514642102781	0.9836782249514271	0.9801157747745989	0.9837767506155646	1.0	0.9805019793548413	0.9765034599354536	0.9779967578376925	0.9798363283293893	0.9816514603864267	0.9787082710256365	0.9774587935213752	0.978298915638236	0.9772233636792179	0.9791372219874275	0.9796098980973499	0.9794501787525293	0.9815372173275296	0.9772928908202355	0.9797250232427727	0.9781223091670266	0.978992739819327
0.9789193073331937	0.9805336912318698	0.9815492617143402	0.9831189024348874	0.9810507500223113	0.9807564032427877	0.9797789816392103	0.9781063620892732	0.9815904634689501	0.982881463643251	0.9833538464888045	0.997655676284499	0.9814877949085707	0.9805019793548413	1.0	0.9796393015504983	0.9805019793548413	0.9774360537841885	0.9842771401539743	0.9816727116582146	0.9787775846703761	0.9784241540941233	0.9771009504773519	0.9790926427949141	0.9824840222073636	0.9819996527251398	0.9840869190498072	0.978842912620456	0.9828822618139207	0.9812593873195906	0.9791340496304495
0.9759142204258838	0.9758976005385707	0.97840233231773	0.9795568629000245	0.9758474043541562	0.9779115033272944	0.9795703841227335	0.9768773682008534	0.9777325516100422	0.9789317989172546	0.9800182732844621	0.9802258698339689	0.9784895923170212	0.9765034599354536	0.9796393015504983	1.0	0.9876059506040475	0.9762608175071358	0.9802258698339689	0.9799005053559744	0.9761844835682761	0.9775372108081776	0.9735403087660905	0.9770207691483755	0.9777522830185565	0.9785269240110276	0.9802672313264138	0.9744942014116225	0.9779551590973512	0.9777771949009731	0.9766949980733302
0.9783702641759765	0.9797648334920539	0.9811227395044079	0.9804918840104161	0.9771207528604214	0.980598725692833	0.9810033481153854	0.9784900507822928	0.9796519125803418	0.9809662314229416	0.9815553815439086	0.9809688246375508	0.9801776813395863	0.9779967578376925	0.9805019793548413	0.9876059506040475	1.0	0.9762608175071358	0.9819406574701517	0.9809249257256448	0.9787313919402295	0.9794697059035552	0.9763566470687003	0.9788688287922054	0.9804586472430887	0.979844938991524	0.9820171713700554	0.9768896562430326	0.9803013238136142	0.9792265645318178	0.9797394204288259
0.9713032070776009	0.9713765019500374	0.9779782838753781	0.9783348236787338	0.9774360537841885	0.9766987499460079	0.9691333854709627	0.9737747371658348	0.9815408036555242	0.9779184796451788	0.9834653728460974	0.9790364192756331	0.9730875980601047	0.9798363283293893	0.9774360537841885	0.9762608175071358	0.9762608175071358	1.0	0.9802290533467525	0.9685803200198249	0.9738426575896436	0.9677130982014367	0.9643731010148059	0.9748447756211887	0.9770694882287413	0.9783348236787338	0.9803959296364873	0.97600789883873	0.9790942102379241	0.9774967490372493	0.975172061448267
0.9823908108513791	0.9834836363622024	0.983784869954873	0.9829312583434437	0.9813499864926397	0.9843126789757306	0.9851961657257156	0.9828572958982105	0.9828040162501416	0.9848816848161434	0.9813973754087119	0.9840197309968834	0.9828897346504898	0.9816514603864267	0.9842771401539743	0.9802258698339689	0.9819406574701517	0.9802290533467525	1.0	0.9849529480826333	0.9825652003799146	0.9843523491465205	0.9803103813742001	0.9826000783780869	0.9835730887268	0.9826416546500947	0.9815469375801649	0.9817011340865314	0.9842914019812444	0.9824030566646478	0.9834432348510016
0.9765469233272931	0.9786407412772202	0.9820402916833945	0.9830007957508894	0.9807352767227513	0.9810507500223113	0.9719857499272736	0.9786407412772202	0.982763297469476	0.9816727116582146	0.9845604198585584	0.9837031350645068	0.9751476290049422	0.9787082710256365	0.9816727116582146	0.9799005053559744	0.9809249257256448	0.9685803200198249	0.9849529480826333	1.0	0.9955808296730714	0.987679465451551	0.9714027416618699	0.9805445210993318	0.9820402916833945	0.982763297469476	0.9833538464888045	0.9801596369140192	0.9816727116582146	0.9824639825546232	0.9789100256325045
0.977295702971567	0.9790769072717437	0.9794627421255767	0.9806609236073008	0.9781719157428074	0.9787775846703761	0.9801237106108408	0.9775713067597467	0.9794175097015794	0.9790533761047508	0.9823590036489354	0.9812653288727671	0.9761324482993756	0.9774587935213752	0.9787775846703761	0.9761844835682761	0.9787313919402295	0.9738426575896436	0.9825652003799146	0.9955808296730714	1.0	0.9953347311041454	0.9755306326555843	0.9778410660091856	0.9792814351836007	0.9807479542730335	0.9825240647633126	0.978359476222666	0.9797776266610407	0.9798223633301459	0.9770476537849043
0.9777930952577859	0.9789203540461557	0.9798308712272561	0.9818616444761367	0.9792876139878922	0.9796507878750645	0.972854736046941	0.9798308712272561	0.9796507878750645	0.9794697059035552	0.9828589342972279	0.9814084611233125	0.9719450133400912	0.978298915638236	0.9784241540941233	0.9775372108081776	0.9794697059035552	0.9677130982014367	0.9843523491465205	0.987679465451551	0.9953347311041454	1.0	0.968908056747207	0.9779202880277118	0.9810067095826613	0.9812941776268542	0.9834001394998731	0.9796507878750645	0.9808910110567417	0.9807166919720419	0.9781101514570482
0.9723558128180483	0.9746830875905748	0.9769780754538705	0.9794659154834605	0.9759780140298857	0.9762938467232812	0.9707286260914422	0.973608656189049	0.9757870321622841	0.9761678812827274	0.978890555426117	0.9798063262962032	0.9696946815016569	0.9772233636792179	0.9771009504773519	0.9735403087660905	0.9763566470687003	0.9643731010148059	0.9803103813742001	0.9714027416618699	0.9755306326555843	0.968908056747207	1.0	0.9767309256744945	0.9768547350522496	0.9787159505660438	0.9800313114761674	0.9754662156605396	0.9786575406693233	0.9778885363354327	0.9734718170892742
0.9786708872064896	0.9791760744661906	0.9791372219874275	0.9812084759040561	0.9792705953994263	0.9792705953994263	0.9803968984866298	0.9776203127504871	0.9790480026268741	0.9794299472636366	0.9819116724818641	0.9817475688858499	0.9785436883935121	0.9791372219874275	0.9790926427949141	0.9770207691483755	0.9788688287922054	0.9748447756211887	0.9826000783780869	0.9805445210993318	0.9778410660091856	0.9779202880277118	0.9767309256744945	1.0	0.9795796971172533	0.9866651781719991	0.983742027383643	0.9785528873076967	0.980872255338089	0.980404232809524	0.9779860522223739
0.9787704823520649	0.9939837353191517	0.981163147885533	0.9826851204115652	0.9808748955052295	0.9804716116569702	0.9797095970789993	0.9783466960333903	0.9809162303149579	0.9826379137236484	0.9836871571681537	0.9842516227941934	0.9811900864954006	0.9796098980973499	0.9824840222073636	0.9777522830185565	0.9804586472430887	0.9770694882287413	0.9835730887268	0.9820402916833945	0.9792814351836007	0.9810067095826613	0.9768547350522496	0.9795796971172533	1.0	0.982763297469476	0.9839894139160259	0.9791771058737767	0.9827242322621101	0.9817724081854069	0.9800607997619436
0.9804659391931825	0.9812384304856695	0.9816888024743734	0.9820513959706344	0.9792954457865846	0.9824883700540463	0.9826312253193852	0.9804335804345155	0.9806298496660852	0.9822691591526015	0.9821999611828177	0.9814822469187295	0.9815864320210668	0.9794501787525293	0.9819996527251398	0.9785269240110276	0.979844938991524	0.9783348236787338	0.9826416546500947	0.982763297469476	0.9807479542730335	0.9812941776268542	0.9787159505660438	0.9866651781719991	0.982763297469476	1.0	0.9833290459347781	0.9796128476311727	0.9816600099110397	0.9811148793912075	0.9807390059243797
0.9841244652929834	0.9848021684740593	0.9832541884074866	0.9832471580153335	0.9810142622799892	0.9854627024622298	0.9854885802775304	0.9831480226770826	0.9828790566773081	0.9841895680504635	0.9812598908829052	0.983842314602421	0.98373065911803	0.9815372173275296	0.9840869190498072	0.9802672313264138	0.9820171713700554	0.9803959296364873	0.9815469375801649	0.9833538464888045	0.9825240647633126	0.9834001394998731	0.9800313114761674	0.983742027383643	0.9839894139160259	0.9833290459347781	1.0	0.9831470770590905	0.9843275042225851	0.9837496146487507	0.9824816652375221
0.9810739262754137	0.9795208061704027	0.978711159972789	0.980310342859762	0.9803509119078158	0.9813098496715141	0.9823761441270112	0.9778156030887506	0.9788577144611232	0.9798763065660032	0.9811518949507891	0.9798195439083933	0.9788663944067418	0.9772928908202355	0.978842912620456	0.9744942014116225	0.9768896562430326	0.97600789883873	0.9817011340865314	0.9801596369140192	0.978359476222666	0.9796507878750645	0.9754662156605396	0.9785528873076967	0.9791771058737767	0.9796128476311727	0.9831470770590905	1.0	0.9795584808453798	0.9802697233819503	0.978469304100304
0.9798945010636442	0.9821098413070289	0.9833305280551999	0.982700160576457	0.9807873327845139	0.9822881802269128	0.9823761441270112	0.9805680769898714	0.9816991292277936	0.9841117572380974	0.9835978001487747	0.9843635667838571	0.9809900980423469	0.9797250232427727	0.9828822618139207	0.9779551590973512	0.9803013238136142	0.9790942102379241	0.9842914019812444	0.9816727116582146	0.9797776266610407	0.9808910110567417	0.9786575406693233	0.980872255338089	0.9827242322621101	0.9816600099110397	0.9843275042225851	0.9795584808453798	1.0	0.9813848572216625	0.9804242603890675
0.9805131110055832	0.981191917468658	0.9816085335187267	0.9817274014323676	0.9804906658411132	0.9825681045847805	0.9826946864116862	0.9801629152392489	0.98002207790631	0.9817290725348692	0.9814990474913999	0.981097618692514	0.9802803447113095	0.9781223091670266	0.9812593873195906	0.9777771949009731	0.9792265645318178	0.9774967490372493	0.9824030566646478	0.9824639825546232	0.9798223633301459	0.9807166919720419	0.9778885363354327	0.980404232809524	0.9817724081854069	0.9811148793912075	0.9837496146487507	0.9802697233819503	0.9813848572216625	1.0	0.9814034276140771
0.9753116167791854	0.9766551954842879	0.9791810172627162	0.9816219357227336	0.9797394204288259	0.9784212999059992	0.9781445869561494	0.9752448715662442	0.9792747502579818	0.9800607997619436	0.9818822338064938	0.9813595503133862	0.9764221726632246	0.978992739819327	0.9791340496304495	0.9766949980733302	0.9797394204288259	0.975172061448267	0.9834432348510016	0.9789100256325045	0.9770476537849043	0.9781101514570482	0.9734718170892742	0.9779860522223739	0.9800607997619436	0.9807390059243797	0.9824816652375221	0.978469304100304	0.9804242603890675	0.9814034276140771	1.0
