/home/jshaw/scratch/2022_sketched_distance/references/SGB_genome_fastas_part4/6452/CosteaPI_2017__donald2-11-0-0__bin.26.fa	/home/jshaw/scratch/2022_sketched_distance/references/SGB_genome_fastas_part4/6452/FengQ_2015__SID532915__bin.5.fa	/home/jshaw/scratch/2022_sketched_distance/references/SGB_genome_fastas_part4/6452/HeQ_2017__SZAXPI029560-51__bin.79.fa	/home/jshaw/scratch/2022_sketched_distance/references/SGB_genome_fastas_part4/6452/HMP_2012__SRS049995__bin.33.fa	/home/jshaw/scratch/2022_sketched_distance/references/SGB_genome_fastas_part4/6452/KarlssonFH_2013__S487__bin.24.fa	/home/jshaw/scratch/2022_sketched_distance/references/SGB_genome_fastas_part4/6452/KarlssonFH_2013__S54__bin.4.fa	/home/jshaw/scratch/2022_sketched_distance/references/SGB_genome_fastas_part4/6452/LeChatelierE_2013__MH0024__bin.13.fa	/home/jshaw/scratch/2022_sketched_distance/references/SGB_genome_fastas_part4/6452/LeChatelierE_2013__MH0145__bin.8.fa	/home/jshaw/scratch/2022_sketched_distance/references/SGB_genome_fastas_part4/6452/LeChatelierE_2013__MH0149__bin.28.fa	/home/jshaw/scratch/2022_sketched_distance/references/SGB_genome_fastas_part4/6452/LeChatelierE_2013__MH0253__bin.35.fa	/home/jshaw/scratch/2022_sketched_distance/references/SGB_genome_fastas_part4/6452/LeChatelierE_2013__MH0429__bin.10.fa	/home/jshaw/scratch/2022_sketched_distance/references/SGB_genome_fastas_part4/6452/LeChatelierE_2013__MH0435__bin.9.fa	/home/jshaw/scratch/2022_sketched_distance/references/SGB_genome_fastas_part4/6452/LiJ_2014__MH0293__bin.70.fa	/home/jshaw/scratch/2022_sketched_distance/references/SGB_genome_fastas_part4/6452/LiJ_2014__MH0376__bin.6.fa	/home/jshaw/scratch/2022_sketched_distance/references/SGB_genome_fastas_part4/6452/LiJ_2014__MH0389__bin.18.fa	/home/jshaw/scratch/2022_sketched_distance/references/SGB_genome_fastas_part4/6452/NielsenHB_2014__MH0024__bin.6.fa	/home/jshaw/scratch/2022_sketched_distance/references/SGB_genome_fastas_part4/6452/NielsenHB_2014__MH0145__bin.35.fa	/home/jshaw/scratch/2022_sketched_distance/references/SGB_genome_fastas_part4/6452/NielsenHB_2014__MH0149__bin.40.fa	/home/jshaw/scratch/2022_sketched_distance/references/SGB_genome_fastas_part4/6452/NielsenHB_2014__V1_CD34_0__bin.57.fa	/home/jshaw/scratch/2022_sketched_distance/references/SGB_genome_fastas_part4/6452/NielsenHB_2014__V1_UC40_0__bin.36.fa	/home/jshaw/scratch/2022_sketched_distance/references/SGB_genome_fastas_part4/6452/QinN_2014__HD-33__bin.90.fa	/home/jshaw/scratch/2022_sketched_distance/references/SGB_genome_fastas_part4/6452/QinN_2014__HV-8__bin.27.fa	/home/jshaw/scratch/2022_sketched_distance/references/SGB_genome_fastas_part4/6452/RaymondF_2016__P13E7__bin.15.fa	/home/jshaw/scratch/2022_sketched_distance/references/SGB_genome_fastas_part4/6452/RaymondF_2016__P15E90__bin.17.fa	/home/jshaw/scratch/2022_sketched_distance/references/SGB_genome_fastas_part4/6452/RaymondF_2016__P3E90__bin.26.fa	/home/jshaw/scratch/2022_sketched_distance/references/SGB_genome_fastas_part4/6452/XieH_2016__YSZC12003_35515__bin.86.fa	/home/jshaw/scratch/2022_sketched_distance/references/SGB_genome_fastas_part4/6452/XieH_2016__YSZC12003_35519__bin.35.fa	/home/jshaw/scratch/2022_sketched_distance/references/SGB_genome_fastas_part4/6452/XieH_2016__YSZC12003_35550__bin.52.fa	/home/jshaw/scratch/2022_sketched_distance/references/SGB_genome_fastas_part4/6452/XieH_2016__YSZC12003_36005__bin.68.fa	/home/jshaw/scratch/2022_sketched_distance/references/SGB_genome_fastas_part4/6452/XieH_2016__YSZC12003_37126__bin.6.fa	/home/jshaw/scratch/2022_sketched_distance/references/SGB_genome_fastas_part4/6452/XieH_2016__YSZC12003_37228__bin.59.fa	/home/jshaw/scratch/2022_sketched_distance/references/SGB_genome_fastas_part4/6452/XieH_2016__YSZC12003_37332__bin.97.fa	/home/jshaw/scratch/2022_sketched_distance/references/SGB_genome_fastas_part4/6452/XieH_2016__YSZC12003_37798__bin.54.fa	/home/jshaw/scratch/2022_sketched_distance/references/SGB_genome_fastas_part4/6452/XieH_2016__YSZC12003_37877__bin.22.fa	/home/jshaw/scratch/2022_sketched_distance/references/SGB_genome_fastas_part4/6452/ZeeviD_2015__PNP_DietIntervention_28__bin.85.fa	/home/jshaw/scratch/2022_sketched_distance/references/SGB_genome_fastas_part4/6452/ZeeviD_2015__PNP_Main_162__bin.52.fa	/home/jshaw/scratch/2022_sketched_distance/references/SGB_genome_fastas_part4/6452/ZeeviD_2015__PNP_Main_252__bin.56.fa	/home/jshaw/scratch/2022_sketched_distance/references/SGB_genome_fastas_part4/6452/ZeeviD_2015__PNP_Main_259__bin.30.fa	/home/jshaw/scratch/2022_sketched_distance/references/SGB_genome_fastas_part4/6452/ZeeviD_2015__PNP_Main_27__bin.49.fa	/home/jshaw/scratch/2022_sketched_distance/references/SGB_genome_fastas_part4/6452/ZeeviD_2015__PNP_Main_506__bin.17.fa	/home/jshaw/scratch/2022_sketched_distance/references/SGB_genome_fastas_part4/6452/ZeeviD_2015__PNP_Main_536__bin.28.fa	/home/jshaw/scratch/2022_sketched_distance/references/SGB_genome_fastas_part4/6452/ZeeviD_2015__PNP_Main_616__bin.34.fa	/home/jshaw/scratch/2022_sketched_distance/references/SGB_genome_fastas_part4/6452/ZeeviD_2015__PNP_Validation_57__bin.41.fa	/home/jshaw/scratch/2022_sketched_distance/references/SGB_genome_fastas_part4/6452/ZellerG_2014__CCIS21126322ST-4-0__bin.18.fa
1.0	0.9871072103641039	0.9895283511565703	0.9897582832214117	0.9847299260055961	0.9840764691451563	0.9845153695217381	0.9855862171007138	0.990909007790507	0.982731388531512	0.9821758868340973	0.980747400165935	0.9900993274734609	0.9771648849177149	0.9803492901125485	0.9824818034358751	0.989617245027734	0.990909007790507	0.9892970326095254	0.988232310012672	0.9879148942140249	0.9881208462328182	0.9719857499272736	0.9897543362174382	0.9909586539510764	0.987791262040039	0.9872876973960869	0.9843892679938917	0.9875966377214008	0.9876854548724768	0.9899027709987095	0.9857994759352395	0.9886842006195736	0.9877883712845344	0.9878172048962144	0.9861069697407976	0.9890384205674781	0.9893147104438998	0.9892369241897343	0.9819832098787055	0.9886620681359689	0.99045819514508	0.984262679982785	0.9865092983760414
0.9871072103641039	1.0	0.9871578754268969	0.9869547453852988	0.9831230454161332	0.9853899051493132	0.9841930440978838	0.986077167332521	0.9870564671667025	0.972592825250601	0.9803778437019462	0.9777875981263193	0.9870564671667025	0.9755561857176258	0.9741550347466453	0.9816597181110528	0.9856852241694345	0.9870564671667025	0.9890753602833903	0.9832943315708369	0.9870564671667025	0.9871578754268969	0.956729443544994	0.9855497848648711	0.982427658298735	0.9788412349317279	0.984742487282185	0.983914833068785	0.9871578754268969	0.9865446832183548	0.9892183386981236	0.9852292434100343	0.9877598494499186	0.9817133600928043	0.9796705875064392	0.9790631363492974	0.986077167332521	0.9831230454161332	0.9818189091500412	0.9796221208357639	0.9858145340922074	0.9866476790468663	0.983521329556262	0.9869037663069905
0.9895283511565703	0.9871578754268969	1.0	0.9901266806985607	0.9848661017188274	0.988088523969054	0.9883398620149844	0.9838773896504995	0.9902015236648787	0.9812623163891391	0.9836375237212744	0.9797316037747217	0.990007879616156	0.9773968925972063	0.9823284396401545	0.9863176876318828	0.988523235392754	0.9902015236648787	0.9914060347928098	0.9873630180039186	0.996991593220193	0.9969272732353414	0.9685510150811949	0.9879381622836422	0.9899175348774645	0.9870958704924268	0.9885892970862871	0.987494499603435	0.9903237371444193	0.9887957269766894	0.9907531649644067	0.9882144327072033	0.9891640738442511	0.9870442623491966	0.9871081917189394	0.9859320449325533	0.9896889696586507	0.9888136890748968	0.9890676498499616	0.9813442452944976	0.9897689865958048	0.9888393871512755	0.98609506174978	0.9894477476558632
0.9897582832214117	0.9869547453852988	0.9901266806985607	1.0	0.9861623496901186	0.9892392585424561	0.9876734970194153	0.9847171747523497	0.9926510632035781	0.9840455138501907	0.9853572762618498	0.9837145243843254	0.9923843055135888	0.9787031609483978	0.9831098324028821	0.9855378939732641	0.9890139490776035	0.9926510632035781	0.9922376384469351	0.9893422466534093	0.9910783556718854	0.9910783556718854	0.9685510150811949	0.9899545299017584	0.9922507601940942	0.9911595164737905	0.9889969254656792	0.9883418562780133	0.9922376384469351	0.991456778700861	0.9912302453604342	0.9889563628761231	0.9895994514277069	0.9891737534058702	0.9891429295104793	0.9884088128751626	0.9912681089289841	0.9895399549256214	0.9899054648597639	0.9842989903298501	0.99026926896346	0.9902998418582671	0.9876734970194153	0.99026926896346
0.9847299260055961	0.9831230454161332	0.9848661017188274	0.9861623496901186	1.0	0.9837515013256214	0.9846379896212523	0.978753978620881	0.9884892317021776	0.9836753938115601	0.979784451459003	0.9796772557498165	0.9877537857782579	0.9729157378003885	0.9784975320248877	0.9824490391927986	0.9806728480021683	0.9884892317021776	0.9876279357312909	0.9836360116446909	0.9847299260055961	0.9848216056079434	0.9661103553564899	0.9850573355590563	0.9882120678943039	0.9846849813554166	0.9843141688284519	0.9825473136576967	0.9881698456758812	0.9870341882645826	0.9871196680238672	0.9835141771718734	0.9848673495707649	0.9843301314756386	0.9831409526207511	0.982418063578751	0.985095118202387	0.984609235843405	0.9841334607755149	0.9776329149313229	0.9852310248408931	0.9854337329133531	0.9812971550856271	0.9861229775817852
0.9840764691451563	0.9853899051493132	0.988088523969054	0.9892392585424561	0.9837515013256214	1.0	0.9853697836712563	0.9811726384667827	0.9890699312324266	0.9819560958869017	0.979381066767344	0.9797316037747217	0.9885480778294553	0.9761936416226553	0.991742504453127	0.9832578321122201	0.9859535854731266	0.9890699312324266	0.9877033177341468	0.9881418787377765	0.9848595186674354	0.9850309209643524	0.9661103553564899	0.9884434905312985	0.988633688695562	0.9863301766775766	0.9960429522864027	0.9845831699101237	0.9855736933556863	0.9852632899157038	0.9881320224632756	0.9954627841154996	0.9844079725831674	0.9864012149302694	0.9882156037897846	0.9874180127008597	0.9891549380839101	0.9885834100856475	0.9894612800312904	0.9823267871154466	0.9869782340941224	0.9899006027045987	0.9828628033300073	0.9860980109079782
0.9845153695217381	0.9841930440978838	0.9883398620149844	0.9876734970194153	0.9846379896212523	0.9853697836712563	1.0	0.9813246956819173	0.9888223117152882	0.9829223776205539	0.9799792408015178	0.9805890956176977	0.9878899273572491	0.9757263591287539	0.9839806181281396	0.9996090648050091	0.9858867003263608	0.9888223117152882	0.9876634668789374	0.9863747287051263	0.9850667797069783	0.9852791971903269	0.9699877187205821	0.9875540116299618	0.9886860139792628	0.9872576544726959	0.9881196351747512	0.9811893024143334	0.9845093571896424	0.985390854277766	0.9870056455892898	0.9885918048531874	0.9838483663660196	0.9876181408068657	0.986902778835428	0.9861069697407976	0.9880109647076852	0.9888136890748968	0.9891241712459409	0.9809812049352681	0.986439092810282	0.988295687987853	0.9787736456264012	0.9866733776828832
0.9855862171007138	0.986077167332521	0.9838773896504995	0.9847171747523497	0.978753978620881	0.9811726384667827	0.9813246956819173	1.0	0.9845839380170324	0.9772151884074218	0.9771786157668696	0.9764194405258786	0.9837794259691808	0.9702269190567732	0.9764667539462548	0.9790745635302681	0.9893772494167813	0.9845839380170324	0.9855862171007138	0.9817660494862221	0.9859834402970749	0.9859834402970749	0.9689404264944973	0.983248179756859	0.9850406814769237	0.9793244863751188	0.9811726384667827	0.9814256758760852	0.9850038354444337	0.9831441931882302	0.9852290521891188	0.9815263453295598	0.9839007483750386	0.9849529480826333	0.9818447628817126	0.9871937260253796	0.9833824976321015	0.9853313858926482	0.9840017422623343	0.9758304969843454	0.98285592139342	0.9837827982251937	0.9830003743063709	0.9838539716836681
0.990909007790507	0.9870564671667025	0.9902015236648787	0.9926510632035781	0.9884892317021776	0.9890699312324266	0.9888223117152882	0.9845839380170324	1.0	0.9848633253710312	0.986237993137451	0.9839174962973375	0.9998815199640926	0.9782622633899639	0.982497457321832	0.9866830536324366	0.9887081102760858	1.0	0.9935607118114066	0.9903737517009866	0.9907530938623317	0.9908311428292232	0.9699877187205821	0.9909866896261104	0.9973718471730149	0.9905809747899245	0.9895596602265565	0.9886145315503525	0.9921305215641414	0.9942708581881918	0.9928716695414463	0.9886978008780103	0.9907140001000592	0.9899778714567806	0.9881660666800322	0.9871374146921413	0.9912956030899668	0.9899415592241272	0.9894612800312904	0.9832862923144989	0.9913723822766151	0.9910841218117766	0.9879832117585104	0.9902412286109883
0.982731388531512	0.972592825250601	0.9812623163891391	0.9840455138501907	0.9836753938115601	0.9819560958869017	0.9829223776205539	0.9772151884074218	0.9848633253710312	1.0	0.9822489860490751	0.9862687452401635	0.9852203576994605	0.9694372931449352	0.9789807700587665	0.9824428005804838	0.9700086585347052	0.9848633253710312	0.98432038861429	0.9810613609090933	0.9811619929930662	0.9812623163891391	0.9715297806309481	0.9835822073678248	0.9825392793744053	0.9804509761614085	0.9812623163891391	0.9829223776205539	0.9864402706543336	0.982731388531512	0.9841373949146294	0.9812623163891391	0.9838609759631551	0.9736221161724543	0.9733678389644235	0.971121968900911	0.9834887553091334	0.9788731778270837	0.97374851152865	0.9749861202029593	0.9842290193515822	0.98432038861429	0.9807575930631158	0.9858359747529526
0.9821758868340973	0.9803778437019462	0.9836375237212744	0.9853572762618498	0.979784451459003	0.979381066767344	0.9799792408015178	0.9771786157668696	0.986237993137451	0.9822489860490751	1.0	0.9793492541731578	0.9854321295468605	0.9729007180388661	0.9788763831306375	0.9782551046491168	0.981905294936485	0.986237993137451	0.9837736903267889	0.9831125385436847	0.9815228212510508	0.9816169180339946	0.972854736046941	0.9847314784765371	0.9885812801973135	0.9830142231681834	0.9812965201741393	0.9795316406799066	0.9827708573034897	0.9829695492379625	0.9829606214872194	0.9806599435700577	0.9809524846203704	0.9829824108212213	0.9817243427008716	0.9818270985606765	0.9834083712848359	0.9831154312572381	0.9847197364267181	0.9782777174414323	0.9824421353685884	0.9845950569427951	0.9796316388890154	0.9809524846203704
0.980747400165935	0.9777875981263193	0.9797316037747217	0.9837145243843254	0.9796772557498165	0.9797316037747217	0.9805890956176977	0.9764194405258786	0.9839174962973375	0.9862687452401635	0.9793492541731578	1.0	0.9837145243843254	0.9685697417753841	0.9781784262791725	0.9796228171246909	0.9793103692870654	0.9839174962973375	0.9838584477506471	0.9800735302415412	0.9802167089808177	0.9803235388691471	0.9708200576931191	0.9813332920550134	0.9876233837484174	0.9822712637310683	0.9786831943224638	0.9798941073009932	0.9840493683175431	0.9832789244025497	0.9820376283788295	0.9794589545637656	0.9818854606940807	0.9801796778772026	0.9781587662517115	0.9777386910437715	0.9814246657789867	0.9799064476042415	0.9816066078853604	0.9743086813694647	0.9814246657789867	0.9808494765593074	0.9790733793923192	0.9830343994374291
0.9900993274734609	0.9870564671667025	0.990007879616156	0.9923843055135888	0.9877537857782579	0.9885480778294553	0.9878899273572491	0.9837794259691808	0.9998815199640926	0.9852203576994605	0.9854321295468605	0.9837145243843254	1.0	0.9774057452172659	0.9825536032566852	0.9857440481626257	0.9885849756678069	0.9998815199640926	0.9926411055412097	0.9902890137902486	0.9899825565772135	0.9900604497316929	0.9699877187205821	0.9909376804492986	0.997492278609174	0.990434741736793	0.9887510824730705	0.9876815286050932	0.9916180538674835	0.9934935131020323	0.9920237497288664	0.9878067260696788	0.9899825565772135	0.9899248690957956	0.9881660666800322	0.9871374146921413	0.9904856068825593	0.9898082335681235	0.9894612800312904	0.9826294654858252	0.9906388619504461	0.9910841218117766	0.9871759221346967	0.9893527011554347
0.9771648849177149	0.9755561857176258	0.9773968925972063	0.9787031609483978	0.9729157378003885	0.9761936416226553	0.9757263591287539	0.9702269190567732	0.9782622633899639	0.9694372931449352	0.9729007180388661	0.9685697417753841	0.9774057452172659	1.0	0.9705519721684677	0.9734101346504487	0.9788985770809481	0.9782622633899639	0.9776675811231426	0.9777333845765636	0.9760774487109025	0.9761936416226553	0.9574295536093957	0.9776570412958431	0.9776697521339235	0.9789107105247021	0.9775500071708566	0.9747711545242613	0.9768253918120561	0.9764247901503794	0.9768822203452048	0.9768253918120561	0.9753714382354421	0.973988895622987	0.9755692216886053	0.978627603146719	0.9768822203452048	0.9785542225689523	0.9794800085991467	0.9897657272867146	0.9773333136233529	0.9784912329109485	0.9782171860988574	0.9775008760210598
0.9803492901125485	0.9741550347466453	0.9823284396401545	0.9831098324028821	0.9784975320248877	0.991742504453127	0.9839806181281396	0.9764667539462548	0.982497457321832	0.9789807700587665	0.9788763831306375	0.9781784262791725	0.9825536032566852	0.9705519721684677	1.0	0.9822719059902966	0.9736001437635876	0.982497457321832	0.9839268663061665	0.9796824436192189	0.9824412149659505	0.9825536032566852	0.9640377976028942	0.9823284396401545	0.9808731800291798	0.9750858976201991	0.9924560480021827	0.9819306385695028	0.982665607203634	0.9809439271815515	0.982888472691043	0.9918272543321062	0.9811787864441532	0.9777350454448568	0.9773412607589627	0.9777386910437715	0.9846714937134498	0.9791887664459858	0.979706531309395	0.976195247538869	0.9822152745594982	0.9838730262458656	0.9799872442006501	0.9838190976522058
0.9824818034358751	0.9816597181110528	0.9863176876318828	0.9855378939732641	0.9824490391927986	0.9832578321122201	0.9996090648050091	0.9790745635302681	0.9866830536324366	0.9824428005804838	0.9782551046491168	0.9796228171246909	0.9857440481626257	0.9734101346504487	0.9822719059902966	1.0	0.984866730159675	0.9866830536324366	0.9854365149288455	0.985405053067879	0.9830648150139503	0.983282156481716	0.9679579463542402	0.9856540515171369	0.9876773375107524	0.9857157956572905	0.9858672757596957	0.9825333206512248	0.9836992279367526	0.9833330438485306	0.9848493261414109	0.986309779068645	0.9826096068616403	0.9853819944593316	0.9860680527263284	0.9835060485188255	0.9860681443003495	0.9862867233525249	0.9870858476099238	0.9789342665979381	0.9841446585085993	0.9863411502030159	0.979301691007002	0.9851514048387879
0.989617245027734	0.9856852241694345	0.988523235392754	0.9890139490776035	0.9806728480021683	0.9859535854731266	0.9858867003263608	0.9893772494167813	0.9887081102760858	0.9700086585347052	0.981905294936485	0.9793103692870654	0.9885849756678069	0.9788985770809481	0.9736001437635876	0.984866730159675	1.0	0.9887081102760858	0.9906761335822343	0.9871992146581802	0.9890747778031319	0.9891960996023659	0.954986691752364	0.987455548196297	0.9823557522297834	0.9830200290949029	0.9856852241694345	0.9871348180795289	0.988830786537381	0.9879623036509624	0.9901509356248024	0.9859535854731266	0.9894974655064425	0.9761322905656805	0.981905294936485	0.9726098256499895	0.9882127866029802	0.9857525202431505	0.9778029367962346	0.981905294936485	0.9880251032074706	0.988830786537381	0.984866730159675	0.989617245027734
0.990909007790507	0.9870564671667025	0.9902015236648787	0.9926510632035781	0.9884892317021776	0.9890699312324266	0.9888223117152882	0.9845839380170324	1.0	0.9848633253710312	0.986237993137451	0.9839174962973375	0.9998815199640926	0.9782622633899639	0.982497457321832	0.9866830536324366	0.9887081102760858	1.0	0.9935607118114066	0.9903737517009866	0.9907530938623317	0.9908311428292232	0.9699877187205821	0.9909866896261104	0.9973718471730149	0.9905809747899245	0.9895596602265565	0.9886145315503525	0.9921305215641414	0.9942708581881918	0.9928716695414463	0.9886978008780103	0.9907140001000592	0.9899778714567806	0.9881660666800322	0.9871374146921413	0.9912956030899668	0.9899415592241272	0.9894612800312904	0.9832862923144989	0.9913723822766151	0.9910841218117766	0.9879832117585104	0.9902412286109883
0.9892970326095254	0.9890753602833903	0.9914060347928098	0.9922376384469351	0.9876279357312909	0.9877033177341468	0.9876634668789374	0.9855862171007138	0.9935607118114066	0.98432038861429	0.9837736903267889	0.9838584477506471	0.9926411055412097	0.9776675811231426	0.9839268663061665	0.9854365149288455	0.9906761335822343	0.9935607118114066	1.0	0.9899478697805927	0.9897118222256476	0.9897866813342762	0.970544984130478	0.9908989113647214	0.9937195228312727	0.9893925566138904	0.9892501403758626	0.986568838103984	0.9910339767559666	0.9902691692941343	0.9923925809115343	0.9881957293314505	0.9904162192129905	0.9916305261541473	0.9883144550846529	0.9875852303601232	0.9896169342057047	0.990989210238633	0.9902347228756282	0.9830511059542661	0.9890506063271024	0.991200173943965	0.9855642726436126	0.9891067533433456
0.988232310012672	0.9832943315708369	0.9873630180039186	0.9893422466534093	0.9836360116446909	0.9881418787377765	0.9863747287051263	0.9817660494862221	0.9903737517009866	0.9810613609090933	0.9831125385436847	0.9800735302415412	0.9902890137902486	0.9777333845765636	0.9796824436192189	0.985405053067879	0.9871992146581802	0.9903737517009866	0.9899478697805927	1.0	0.9877776499795524	0.987823399496457	0.964485362327416	0.9885468788014905	0.9890499833254676	0.9868244500563633	0.9891232290925498	0.9913329224254386	0.9899049777520633	0.988814139467055	0.990246563123266	0.9880511985006015	0.9899907061292756	0.9850761058419293	0.988265066515739	0.981694311363576	0.992265034965448	0.9851779709097288	0.9891805959138666	0.9816006851139916	0.9893422466534093	0.9946170639912504	0.9848092047044107	0.9919034185005317
0.9879148942140249	0.9870564671667025	0.996991593220193	0.9910783556718854	0.9847299260055961	0.9848595186674354	0.9850667797069783	0.9859834402970749	0.9907530938623317	0.9811619929930662	0.9815228212510508	0.9802167089808177	0.9899825565772135	0.9760774487109025	0.9824412149659505	0.9830648150139503	0.9890747778031319	0.9907530938623317	0.9897118222256476	0.9877776499795524	1.0	0.9998145493757946	0.9723361449717258	0.9890644437232402	0.9904174024409366	0.9880548573030432	0.9877893783341394	0.9848595186674354	0.9880661194631127	0.9873672930346498	0.9892593900304242	0.9868538131441186	0.9860317308875756	0.9880701475284619	0.9881660666800322	0.9863964582822132	0.9891936859317443	0.9895399549256214	0.9892369241897343	0.9811334763321238	0.9889345249887767	0.9896587199112904	0.9851080753772307	0.9868364077722502
0.9881208462328182	0.9871578754268969	0.9969272732353414	0.9910783556718854	0.9848216056079434	0.9850309209643524	0.9852791971903269	0.9859834402970749	0.9908311428292232	0.9812623163891391	0.9816169180339946	0.9803235388691471	0.9900604497316929	0.9761936416226553	0.9825536032566852	0.983282156481716	0.9891960996023659	0.9908311428292232	0.9897866813342762	0.987823399496457	0.9998145493757946	1.0	0.9725099320368994	0.9891463606510575	0.9904669753725616	0.9881597074911234	0.9878722535698611	0.9850309209643524	0.988271744975173	0.9874471222628789	0.9892975853782237	0.9869367176991065	0.9861128757886237	0.988126214622716	0.9882156037897846	0.9863964582822132	0.9892710452943704	0.9896296237765966	0.989349292900504	0.9812345981368203	0.9890119579457516	0.9896991570630469	0.9853203946871907	0.9870447364748475
0.9719857499272736	0.956729443544994	0.9685510150811949	0.9685510150811949	0.9661103553564899	0.9661103553564899	0.9699877187205821	0.9689404264944973	0.9699877187205821	0.9715297806309481	0.972854736046941	0.9708200576931191	0.9699877187205821	0.9574295536093957	0.9640377976028942	0.9679579463542402	0.954986691752364	0.9699877187205821	0.970544984130478	0.964485362327416	0.9723361449717258	0.9725099320368994	1.0	0.9676572737245336	0.9678580331862546	0.9607169123346104	0.9656849837145912	0.965791854667429	0.9713632887115007	0.969893900319896	0.9689404264944973	0.9663209524197062	0.9677578096319938	0.9584365983422716	0.956729443544994	0.9598572331201153	0.9686488090841208	0.9624203076536212	0.9615261911533871	0.9620628367120787	0.9674552568877772	0.9678580331862546	0.9697998088733888	0.9695158799791014
0.9897543362174382	0.9855497848648711	0.9879381622836422	0.9899545299017584	0.9850573355590563	0.9884434905312985	0.9875540116299618	0.983248179756859	0.9909866896261104	0.9835822073678248	0.9847314784765371	0.9813332920550134	0.9909376804492986	0.9776570412958431	0.9823284396401545	0.9856540515171369	0.987455548196297	0.9909866896261104	0.9908989113647214	0.9885468788014905	0.9890644437232402	0.9891463606510575	0.9676572737245336	1.0	0.9910074216108178	0.9879496722545349	0.9889823227510367	0.987381828487517	0.9901138149508445	0.9900740657058883	0.9902327762578648	0.9877252988363009	0.9888587564408546	0.9883495335111981	0.9879172573641138	0.9861069697407976	0.9904694203730368	0.9889053520523072	0.9895728882076029	0.9829531736777368	0.9892280745627191	0.9906943100557061	0.9869036264019444	0.9899545299017584
0.9909586539510764	0.982427658298735	0.9899175348774645	0.9922507601940942	0.9882120678943039	0.988633688695562	0.9886860139792628	0.9850406814769237	0.9973718471730149	0.9825392793744053	0.9885812801973135	0.9876233837484174	0.997492278609174	0.9776697521339235	0.9808731800291798	0.9876773375107524	0.9823557522297834	0.9973718471730149	0.9937195228312727	0.9890499833254676	0.9904174024409366	0.9904669753725616	0.9678580331862546	0.9910074216108178	1.0	0.9839116784657314	0.9885812801973135	0.9893587904323576	0.9922976596097736	0.9943421736611027	0.9934942806154725	0.9885287882149856	0.9928092120638937	0.9838232239659235	0.9826168783629855	0.9792070318266813	0.9908119174665271	0.9856769965334371	0.9832676787035848	0.9824908532031149	0.9909586539510764	0.9909098141853532	0.987515210218116	0.989867129167387
0.987791262040039	0.9788412349317279	0.9870958704924268	0.9911595164737905	0.9846849813554166	0.9863301766775766	0.9872576544726959	0.9793244863751188	0.9905809747899245	0.9804509761614085	0.9830142231681834	0.9822712637310683	0.990434741736793	0.9789107105247021	0.9750858976201991	0.9857157956572905	0.9830200290949029	0.9905809747899245	0.9893925566138904	0.9868244500563633	0.9880548573030432	0.9881597074911234	0.9607169123346104	0.9879496722545349	0.9839116784657314	1.0	0.987525539497053	0.9867698962009079	0.990434741736793	0.9894429381579299	0.9890377139467955	0.9870417652464417	0.9878969534766633	0.977580828253759	0.9813182090045625	0.9758050316758621	0.9885240771275431	0.9849745795537772	0.9836033826456518	0.9817664239386835	0.9892915620360926	0.9888332187339686	0.9853187589955725	0.989190257198452
0.9872876973960869	0.984742487282185	0.9885892970862871	0.9889969254656792	0.9843141688284519	0.9960429522864027	0.9881196351747512	0.9811726384667827	0.9895596602265565	0.9812623163891391	0.9812965201741393	0.9786831943224638	0.9887510824730705	0.9775500071708566	0.9924560480021827	0.9858672757596957	0.9856852241694345	0.9895596602265565	0.9892501403758626	0.9891232290925498	0.9877893783341394	0.9878722535698611	0.9656849837145912	0.9889823227510367	0.9885812801973135	0.987525539497053	1.0	0.9872876973960869	0.9885278534363432	0.9871187566003525	0.9892898071735536	0.9961397840410293	0.9870763855267335	0.9876181408068657	0.9880170067646645	0.9882457356658678	0.9896838730417741	0.9894049929196738	0.9892369241897343	0.9826341074461515	0.9885278534363432	0.9908507872580132	0.9860864751492137	0.9890111322191623
0.9843892679938917	0.983914833068785	0.987494499603435	0.9883418562780133	0.9825473136576967	0.9845831699101237	0.9811893024143334	0.9814256758760852	0.9886145315503525	0.9829223776205539	0.9795316406799066	0.9798941073009932	0.9876815286050932	0.9747711545242613	0.9819306385695028	0.9825333206512248	0.9871348180795289	0.9886145315503525	0.986568838103984	0.9913329224254386	0.9848595186674354	0.9850309209643524	0.965791854667429	0.987381828487517	0.9893587904323576	0.9867698962009079	0.9872876973960869	1.0	0.9835833576588322	0.9847480184852878	0.9862187508963471	0.9865619905256569	0.9846206895651889	0.9858655675054279	0.9918668209521914	0.9851031852365723	0.991583435280536	0.988859552426439	0.9925539260425017	0.9803649267314485	0.9869782340941224	0.9927098190910811	0.9782877756905392	0.9891945519766852
0.9875966377214008	0.9871578754268969	0.9903237371444193	0.9922376384469351	0.9881698456758812	0.9855736933556863	0.9845093571896424	0.9850038354444337	0.9921305215641414	0.9864402706543336	0.9827708573034897	0.9840493683175431	0.9916180538674835	0.9768253918120561	0.982665607203634	0.9836992279367526	0.988830786537381	0.9921305215641414	0.9910339767559666	0.9899049777520633	0.9880661194631127	0.988271744975173	0.9713632887115007	0.9901138149508445	0.9922976596097736	0.990434741736793	0.9885278534363432	0.9835833576588322	1.0	0.9889282280243257	0.9924620251555883	0.987019413854958	0.9880408491329259	0.9899248690957956	0.9897627127105973	0.9875852303601232	0.9904847416429775	0.9922123340824133	0.9897395956090101	0.9822779248501483	0.9895869804434169	0.991200173943965	0.9821647122201317	0.9889437497934093
0.9876854548724768	0.9865446832183548	0.9887957269766894	0.991456778700861	0.9870341882645826	0.9852632899157038	0.985390854277766	0.9831441931882302	0.9942708581881918	0.982731388531512	0.9829695492379625	0.9832789244025497	0.9934935131020323	0.9764247901503794	0.9809439271815515	0.9833330438485306	0.9879623036509624	0.9942708581881918	0.9902691692941343	0.988814139467055	0.9873672930346498	0.9874471222628789	0.969893900319896	0.9900740657058883	0.9943421736611027	0.9894429381579299	0.9871187566003525	0.9847480184852878	0.9889282280243257	1.0	0.9895258331205306	0.986140556781271	0.9873273056937056	0.9883495335111981	0.9873123301883239	0.9870245020872821	0.9885286971683874	0.9888136890748968	0.9888405902034051	0.9821799810166479	0.9887011287100905	0.9897395447100132	0.9845744482964878	0.9871266369060936
0.9899027709987095	0.9892183386981236	0.9907531649644067	0.9912302453604342	0.9871196680238672	0.9881320224632756	0.9870056455892898	0.9852290521891188	0.9928716695414463	0.9841373949146294	0.9829606214872194	0.9820376283788295	0.9920237497288664	0.9768822203452048	0.982888472691043	0.9848493261414109	0.9901509356248024	0.9928716695414463	0.9923925809115343	0.990246563123266	0.9892593900304242	0.9892975853782237	0.9689404264944973	0.9902327762578648	0.9934942806154725	0.9890377139467955	0.9892898071735536	0.9862187508963471	0.9924620251555883	0.9895258331205306	1.0	0.9878754038736253	0.9922881404295018	0.9916305261541473	0.988265066515739	0.9869112006417646	0.9894636534570237	0.9903383344862751	0.9895728882076029	0.9818348513648605	0.9891277674355349	0.9906157925357609	0.9857118822870007	0.9884076976942571
0.9857994759352395	0.9852292434100343	0.9882144327072033	0.9889563628761231	0.9835141771718734	0.9954627841154996	0.9885918048531874	0.9815263453295598	0.9886978008780103	0.9812623163891391	0.9806599435700577	0.9794589545637656	0.9878067260696788	0.9768253918120561	0.9918272543321062	0.986309779068645	0.9859535854731266	0.9886978008780103	0.9881957293314505	0.9880511985006015	0.9868538131441186	0.9869367176991065	0.9663209524197062	0.9877252988363009	0.9885287882149856	0.9870417652464417	0.9961397840410293	0.9865619905256569	0.987019413854958	0.986140556781271	0.9878754038736253	1.0	0.9857994759352395	0.988736735865451	0.987967169831102	0.9875295854716182	0.9888824205060931	0.9898082335681235	0.989850267708482	0.982763297469476	0.9874705646477151	0.990100825973661	0.9847986700747968	0.9884339455603199
0.9886842006195736	0.9877598494499186	0.9891640738442511	0.9895994514277069	0.9848673495707649	0.9844079725831674	0.9838483663660196	0.9839007483750386	0.9907140001000592	0.9838609759631551	0.9809524846203704	0.9818854606940807	0.9899825565772135	0.9753714382354421	0.9811787864441532	0.9826096068616403	0.9894974655064425	0.9907140001000592	0.9904162192129905	0.9899907061292756	0.9860317308875756	0.9861128757886237	0.9677578096319938	0.9888587564408546	0.9928092120638937	0.9878969534766633	0.9870763855267335	0.9846206895651889	0.9880408491329259	0.9873273056937056	0.9922881404295018	0.9857994759352395	1.0	0.9903465235454405	0.9876665538297071	0.9851630881539719	0.9878500112072359	0.9889510881322845	0.9884394325513575	0.9806745181251757	0.9873463762863506	0.9896182331312046	0.9822468992273943	0.9864755693689927
0.9877883712845344	0.9817133600928043	0.9870442623491966	0.9891737534058702	0.9843301314756386	0.9864012149302694	0.9876181408068657	0.9849529480826333	0.9899778714567806	0.9736221161724543	0.9829824108212213	0.9801796778772026	0.9899248690957956	0.973988895622987	0.9777350454448568	0.9853819944593316	0.9761322905656805	0.9899778714567806	0.9916305261541473	0.9850761058419293	0.9880701475284619	0.988126214622716	0.9584365983422716	0.9883495335111981	0.9838232239659235	0.977580828253759	0.9876181408068657	0.9858655675054279	0.9899248690957956	0.9883495335111981	0.9916305261541473	0.988736735865451	0.9903465235454405	1.0	0.9802509740724846	0.9774258777396948	0.9885713488095479	0.9856850606616558	0.9794041504455983	0.9806051402727397	0.9882938455584973	0.9890650409419425	0.984392947713811	0.988405127491605
0.9878172048962144	0.9796705875064392	0.9871081917189394	0.9891429295104793	0.9831409526207511	0.9882156037897846	0.986902778835428	0.9818447628817126	0.9881660666800322	0.9733678389644235	0.9817243427008716	0.9781587662517115	0.9881660666800322	0.9755692216886053	0.9773412607589627	0.9860680527263284	0.981905294936485	0.9881660666800322	0.9883144550846529	0.988265066515739	0.9881660666800322	0.9882156037897846	0.956729443544994	0.9879172573641138	0.9826168783629855	0.9813182090045625	0.9880170067646645	0.9918668209521914	0.9897627127105973	0.9873123301883239	0.988265066515739	0.987967169831102	0.9876665538297071	0.9802509740724846	1.0	0.9805433121460599	0.9971782448073245	0.9846095162383109	0.9856741788643582	0.9807446831177783	0.9889014148001439	0.991150059487206	0.9844988547590995	0.9921316498442202
0.9861069697407976	0.9790631363492974	0.9859320449325533	0.9884088128751626	0.982418063578751	0.9874180127008597	0.9861069697407976	0.9871937260253796	0.9871374146921413	0.971121968900911	0.9818270985606765	0.9777386910437715	0.9871374146921413	0.978627603146719	0.9777386910437715	0.9835060485188255	0.9726098256499895	0.9871374146921413	0.9875852303601232	0.981694311363576	0.9863964582822132	0.9863964582822132	0.9598572331201153	0.9861069697407976	0.9792070318266813	0.9758050316758621	0.9882457356658678	0.9851031852365723	0.9875852303601232	0.9870245020872821	0.9869112006417646	0.9875295854716182	0.9851630881539719	0.9774258777396948	0.9805433121460599	1.0	0.9869679001397097	0.982222258133768	0.9783231954544651	0.9859320449325533	0.9865115437486005	0.9867405134120022	0.9932892744125789	0.9863964582822132
0.9890384205674781	0.986077167332521	0.9896889696586507	0.9912681089289841	0.985095118202387	0.9891549380839101	0.9880109647076852	0.9833824976321015	0.9912956030899668	0.9834887553091334	0.9834083712848359	0.9814246657789867	0.9904856068825593	0.9768822203452048	0.9846714937134498	0.9860681443003495	0.9882127866029802	0.9912956030899668	0.9896169342057047	0.992265034965448	0.9891936859317443	0.9892710452943704	0.9686488090841208	0.9904694203730368	0.9908119174665271	0.9885240771275431	0.9896838730417741	0.991583435280536	0.9904847416429775	0.9885286971683874	0.9894636534570237	0.9888824205060931	0.9878500112072359	0.9885713488095479	0.9971782448073245	0.9869679001397097	1.0	0.990860057292341	0.9937044598439921	0.9827150826097051	0.9897695060023285	0.9942241472158684	0.9849859706475635	0.9929592295877337
0.9893147104438998	0.9831230454161332	0.9888136890748968	0.9895399549256214	0.984609235843405	0.9885834100856475	0.9888136890748968	0.9853313858926482	0.9899415592241272	0.9788731778270837	0.9831154312572381	0.9799064476042415	0.9898082335681235	0.9785542225689523	0.9791887664459858	0.9862867233525249	0.9857525202431505	0.9899415592241272	0.990989210238633	0.9851779709097288	0.9895399549256214	0.9896296237765966	0.9624203076536212	0.9889053520523072	0.9856769965334371	0.9849745795537772	0.9894049929196738	0.988859552426439	0.9922123340824133	0.9888136890748968	0.9903383344862751	0.9898082335681235	0.9889510881322845	0.9856850606616558	0.9846095162383109	0.982222258133768	0.990860057292341	1.0	0.9884394325513575	0.9826758219963784	0.9906436736799188	0.9906002262948864	0.9863856885860925	0.990989210238633
0.9892369241897343	0.9818189091500412	0.9890676498499616	0.9899054648597639	0.9841334607755149	0.9894612800312904	0.9891241712459409	0.9840017422623343	0.9894612800312904	0.97374851152865	0.9847197364267181	0.9816066078853604	0.9894612800312904	0.9794800085991467	0.979706531309395	0.9870858476099238	0.9778029367962346	0.9894612800312904	0.9902347228756282	0.9891805959138666	0.9892369241897343	0.989349292900504	0.9615261911533871	0.9895728882076029	0.9832676787035848	0.9836033826456518	0.9892369241897343	0.9925539260425017	0.9897395956090101	0.9888405902034051	0.9895728882076029	0.989850267708482	0.9884394325513575	0.9794041504455983	0.9856741788643582	0.9783231954544651	0.9937044598439921	0.9884394325513575	1.0	0.984525472705541	0.990180074146922	0.9940468330913301	0.9866625886457421	0.9946734341133235
0.9819832098787055	0.9796221208357639	0.9813442452944976	0.9842989903298501	0.9776329149313229	0.9823267871154466	0.9809812049352681	0.9758304969843454	0.9832862923144989	0.9749861202029593	0.9782777174414323	0.9743086813694647	0.9826294654858252	0.9897657272867146	0.976195247538869	0.9789342665979381	0.981905294936485	0.9832862923144989	0.9830511059542661	0.9816006851139916	0.9811334763321238	0.9812345981368203	0.9620628367120787	0.9829531736777368	0.9824908532031149	0.9817664239386835	0.9826341074461515	0.9803649267314485	0.9822779248501483	0.9821799810166479	0.9818348513648605	0.982763297469476	0.9806745181251757	0.9806051402727397	0.9807446831177783	0.9859320449325533	0.9827150826097051	0.9826758219963784	0.984525472705541	1.0	0.9822289895579706	0.9831970804018006	0.9848626888744035	0.9829075177390775
0.9886620681359689	0.9858145340922074	0.9897689865958048	0.99026926896346	0.9852310248408931	0.9869782340941224	0.986439092810282	0.98285592139342	0.9913723822766151	0.9842290193515822	0.9824421353685884	0.9814246657789867	0.9906388619504461	0.9773333136233529	0.9822152745594982	0.9841446585085993	0.9880251032074706	0.9913723822766151	0.9890506063271024	0.9893422466534093	0.9889345249887767	0.9890119579457516	0.9674552568877772	0.9892280745627191	0.9909586539510764	0.9892915620360926	0.9885278534363432	0.9869782340941224	0.9895869804434169	0.9887011287100905	0.9891277674355349	0.9874705646477151	0.9873463762863506	0.9882938455584973	0.9889014148001439	0.9865115437486005	0.9897695060023285	0.9906436736799188	0.990180074146922	0.9822289895579706	1.0	0.9909287487260464	0.9846342259803407	0.9889345249887767
0.99045819514508	0.9866476790468663	0.9888393871512755	0.9902998418582671	0.9854337329133531	0.9899006027045987	0.988295687987853	0.9837827982251937	0.9910841218117766	0.98432038861429	0.9845950569427951	0.9808494765593074	0.9910841218117766	0.9784912329109485	0.9838730262458656	0.9863411502030159	0.988830786537381	0.9910841218117766	0.991200173943965	0.9946170639912504	0.9896587199112904	0.9896991570630469	0.9678580331862546	0.9906943100557061	0.9909098141853532	0.9888332187339686	0.9908507872580132	0.9927098190910811	0.991200173943965	0.9897395447100132	0.9906157925357609	0.990100825973661	0.9896182331312046	0.9890650409419425	0.991150059487206	0.9867405134120022	0.9942241472158684	0.9906002262948864	0.9940468330913301	0.9831970804018006	0.9909287487260464	1.0	0.9864751277371082	0.994118247157321
