/home/jshaw/scratch/2022_sketched_distance/references/SGB_genome_fastas_part2/2483/CM_periimplantitis__SP_105SPI_T016__bin.10.fa	/home/jshaw/scratch/2022_sketched_distance/references/SGB_genome_fastas_part2/2483/CM_periimplantitis__SP_122SPI_T016__bin.1.fa	/home/jshaw/scratch/2022_sketched_distance/references/SGB_genome_fastas_part2/2483/CM_periimplantitis__SP_124SPI_T016__bin.13.fa	/home/jshaw/scratch/2022_sketched_distance/references/SGB_genome_fastas_part2/2483/CM_periimplantitis__SP_189SPI_T016__bin.35.fa	/home/jshaw/scratch/2022_sketched_distance/references/SGB_genome_fastas_part2/2483/CM_periimplantitis__SP_191SPI_T016__bin.13.fa	/home/jshaw/scratch/2022_sketched_distance/references/SGB_genome_fastas_part2/2483/HMP_2012__SRS011098__bin.16.fa	/home/jshaw/scratch/2022_sketched_distance/references/SGB_genome_fastas_part2/2483/HMP_2012__SRS013170__bin.68.fa	/home/jshaw/scratch/2022_sketched_distance/references/SGB_genome_fastas_part2/2483/HMP_2012__SRS013533__bin.26.fa	/home/jshaw/scratch/2022_sketched_distance/references/SGB_genome_fastas_part2/2483/HMP_2012__SRS013705__bin.45.fa	/home/jshaw/scratch/2022_sketched_distance/references/SGB_genome_fastas_part2/2483/HMP_2012__SRS015044__bin.48.fa	/home/jshaw/scratch/2022_sketched_distance/references/SGB_genome_fastas_part2/2483/HMP_2012__SRS015989__bin.10.fa	/home/jshaw/scratch/2022_sketched_distance/references/SGB_genome_fastas_part2/2483/HMP_2012__SRS016575__bin.20.fa	/home/jshaw/scratch/2022_sketched_distance/references/SGB_genome_fastas_part2/2483/HMP_2012__SRS016746__bin.46.fa	/home/jshaw/scratch/2022_sketched_distance/references/SGB_genome_fastas_part2/2483/HMP_2012__SRS017139__bin.43.fa	/home/jshaw/scratch/2022_sketched_distance/references/SGB_genome_fastas_part2/2483/HMP_2012__SRS017691__bin.57.fa	/home/jshaw/scratch/2022_sketched_distance/references/SGB_genome_fastas_part2/2483/HMP_2012__SRS018157__bin.39.fa	/home/jshaw/scratch/2022_sketched_distance/references/SGB_genome_fastas_part2/2483/HMP_2012__SRS018300__bin.68.fa	/home/jshaw/scratch/2022_sketched_distance/references/SGB_genome_fastas_part2/2483/HMP_2012__SRS018443__bin.23.fa	/home/jshaw/scratch/2022_sketched_distance/references/SGB_genome_fastas_part2/2483/HMP_2012__SRS019028__bin.19.fa	/home/jshaw/scratch/2022_sketched_distance/references/SGB_genome_fastas_part2/2483/HMP_2012__SRS019071__bin.37.fa	/home/jshaw/scratch/2022_sketched_distance/references/SGB_genome_fastas_part2/2483/HMP_2012__SRS020226__bin.26.fa	/home/jshaw/scratch/2022_sketched_distance/references/SGB_genome_fastas_part2/2483/HMP_2012__SRS024355__bin.2.fa	/home/jshaw/scratch/2022_sketched_distance/references/SGB_genome_fastas_part2/2483/HMP_2012__SRS024561__bin.8.fa	/home/jshaw/scratch/2022_sketched_distance/references/SGB_genome_fastas_part2/2483/HMP_2012__SRS024649__bin.14.fa	/home/jshaw/scratch/2022_sketched_distance/references/SGB_genome_fastas_part2/2483/HMP_2012__SRS043772__bin.7.fa	/home/jshaw/scratch/2022_sketched_distance/references/SGB_genome_fastas_part2/2483/HMP_2012__SRS051941__bin.26.fa	/home/jshaw/scratch/2022_sketched_distance/references/SGB_genome_fastas_part2/2483/HMP_2012__SRS052876__bin.4.fa	/home/jshaw/scratch/2022_sketched_distance/references/SGB_genome_fastas_part2/2483/HMP_2012__SRS055450__bin.7.fa	/home/jshaw/scratch/2022_sketched_distance/references/SGB_genome_fastas_part2/2483/HMP_2012__SRS058808__bin.43.fa	/home/jshaw/scratch/2022_sketched_distance/references/SGB_genome_fastas_part2/2483/HMP_2012__SRS063932__bin.46.fa	/home/jshaw/scratch/2022_sketched_distance/references/SGB_genome_fastas_part2/2483/HMP_2012__SRS065099__bin.33.fa
1.0	0.97974929511092	0.9762353206204302	0.977657465233131	0.9797504233311811	0.9771209250647777	0.980153137181656	0.9784707800325828	0.975879647052783	0.9792226192094535	0.9772165110368488	0.9760496326256122	0.9815326240434934	0.9812263312987133	0.9800357584953251	0.9769515492745113	0.979444017107391	0.9785356029206815	0.9791507732890644	0.97828907693131	0.97783741158049	0.9800383003380863	0.9779027490055225	0.9796393819462256	0.9793861581947455	0.9819638892225231	0.9771968956820875	0.9798607888158581	0.9799562068543062	0.9694580340409715	0.9774399756563079
0.97974929511092	1.0	0.9750102943667321	0.9718521443281024	0.9737760404917407	0.9710202462105613	0.9743803259590595	0.9770376734305048	0.9744923882197783	0.976093064216337	0.97441772302069	0.9758078321651469	0.9769686345622378	0.9773123747312139	0.9661909105350581	0.9706992137817676	0.9644879130945695	0.9723737945757162	0.9775508527598206	0.9690606849854758	0.9777875981263193	0.9788810960535004	0.9745668821878838	0.9712375909101685	0.9789787109193513	0.973786349300559	0.9777538824719925	0.9729654482805039	0.9734311204891871	0.9640682615055225	0.9690999241577415
0.9762353206204302	0.9750102943667321	1.0	0.9776883695335382	0.9766340571761615	0.9733529824147321	0.9771386334653518	0.9760694442765937	0.9741302565573752	0.9760846743826022	0.9756479541904566	0.9760971491248008	0.977061196633745	0.9769795746941192	0.9779828452624192	0.9789815163582756	0.9757640998209834	0.9812625188537846	0.9760292158423924	0.9763506713018048	0.9757631235297634	0.9759305650436161	0.9774448409428291	0.9794924100542366	0.9763179427785822	0.9799897273109976	0.9771328313568581	0.9776013705317061	0.9783126871430275	0.9664144898640751	0.9766122536935435
0.977657465233131	0.9718521443281024	0.9776883695335382	1.0	0.9726428816382269	0.9719148167560531	0.9747147648891762	0.9772216988497856	0.9750179549346484	0.9751851796197897	0.9752518293511244	0.9768751740169525	0.9759760989393498	0.9760086401565323	0.9723413617311952	0.9733428718443375	0.9704696411473297	0.9752846157009611	0.9757145906283259	0.9723936220153241	0.9771903484991612	0.9778731824563995	0.9760086401565323	0.9744869692117683	0.9776883695335382	0.9765127865112871	0.9775645760957141	0.9728106250307528	0.9748929184321694	0.9646314002474252	0.9733669805935592
0.9797504233311811	0.9737760404917407	0.9766340571761615	0.9726428816382269	1.0	0.9731271192807822	0.9753798080646929	0.9777480348768964	0.9745619763603951	0.9765692355917605	0.9763086506081966	0.9765042846701956	0.9788856820506789	0.9879357522847937	0.9749242541036555	0.972019999854401	0.9757022015455485	0.974338550611388	0.9771161486712671	0.9731652997776514	0.9783679026740102	0.9907891542088197	0.9768599217079641	0.9746582929421869	0.9797504233311811	0.977700898869602	0.9774020149894156	0.9750697804637849	0.9759168049787009	0.9655939828744109	0.9727268769631231
0.9771209250647777	0.9710202462105613	0.9733529824147321	0.9719148167560531	0.9731271192807822	1.0	0.973855498538543	0.9754237676731459	0.9728996724249621	0.9733529824147321	0.9727853480128329	0.9741862387263706	0.9780593938751245	0.9767175464591875	0.9539588066770204	0.9710202462105613	0.9523846049121168	0.9722658400355827	0.9759474690880504	0.9675779657178881	0.9748914927575647	0.9774202139282087	0.973855498538543	0.9682437250407495	0.9765649817211253	0.9700379730760029	0.9756342612858327	0.9722658400355827	0.9744593053148768	0.9656371958019836	0.9625658670410984
0.980153137181656	0.9743803259590595	0.9771386334653518	0.9747147648891762	0.9753798080646929	0.973855498538543	1.0	0.9956246850514399	0.9765449525755098	0.980406226416525	0.9768899805749417	0.9779338929543859	0.9773854024831948	0.978174734879631	0.973550754365577	0.9751291742801704	0.9744388235644731	0.9764380846343055	0.9785919747058278	0.9763890574151145	0.9818313566612051	0.9794107791423812	0.9763869045728117	0.9775580736267906	0.9790331732950945	0.9808211262405175	0.979755503897733	0.9773439701122539	0.9814359841254636	0.9666757668811907	0.9744222721122515
0.9784707800325828	0.9770376734305048	0.9760694442765937	0.9772216988497856	0.9777480348768964	0.9754237676731459	0.9956246850514399	1.0	0.9756231651767114	0.9827935162585824	0.9774755226407343	0.9757218332863642	0.9781028109699565	0.979103506666352	0.9783107945553883	0.9779354674848417	0.9790550572936357	0.9792466207416726	0.9788862722247205	0.9787204914367247	0.9794148845524453	0.977052113316313	0.9773004149036014	0.9798221714581494	0.9769476687286379	0.9834490990905677	0.9782097565015698	0.9809778233078864	0.9841566136187806	0.9692184238649051	0.9760335438141458
0.975879647052783	0.9744923882197783	0.9741302565573752	0.9750179549346484	0.9745619763603951	0.9728996724249621	0.9765449525755098	0.9756231651767114	1.0	0.9751819727169132	0.9746316622144061	0.9739801314020944	0.9758023160895336	0.9751127834948353	0.9754883131103863	0.9751632363616802	0.9817882570677713	0.9766705709467898	0.9750581412297741	0.9811957014860225	0.9748413524675438	0.9746944856598537	0.9740133147388857	0.9755432167811603	0.9749291549761091	0.9785918693212323	0.9752201285633346	0.9752769636853751	0.9766476873940007	0.9648466135597972	0.9728261804890213
0.9792226192094535	0.976093064216337	0.9760846743826022	0.9751851796197897	0.9765692355917605	0.9733529824147321	0.980406226416525	0.9827935162585824	0.9751819727169132	1.0	0.9756176197058113	0.978815813267871	0.9763177428267608	0.9770672434130727	0.9776039611596374	0.9765625530799074	0.9779174902231842	0.9777447618386206	0.9764975132987904	0.9760806931658808	0.9809547036232855	0.9781263236072177	0.9749602253277955	0.9784446486001187	0.9785417639489483	0.9820298836607793	0.978815813267871	0.978517768337843	0.9819984908703683	0.9664581834461303	0.9749373307114476
0.9772165110368488	0.97441772302069	0.9756479541904566	0.9752518293511244	0.9763086506081966	0.9727853480128329	0.9768899805749417	0.9774755226407343	0.9746316622144061	0.9756176197058113	1.0	0.97639726606239	0.9766171647570041	0.9763293549970096	0.9747687055891088	0.9760033937741798	0.9742450076310641	0.9772283642356321	0.9761593586146208	0.9761580586145958	0.9775899812583914	0.977647060154162	0.9764498738498257	0.9770063679849057	0.9768971185511286	0.9789922358432196	0.9777893215429627	0.9779836987796865	0.9780620051465356	0.9663269245014486	0.9747509800294529
0.9760496326256122	0.9758078321651469	0.9760971491248008	0.9768751740169525	0.9765042846701956	0.9741862387263706	0.9779338929543859	0.9757218332863642	0.9739801314020944	0.978815813267871	0.97639726606239	1.0	0.9772078719509456	0.977125558394979	0.976538720910541	0.9770480765259907	0.9775097762480566	0.9783475429921905	0.9764325868334008	0.9767325104162182	0.9751818995474719	0.9756984125743708	0.9768632543819482	0.9779465070589392	0.9751818995474719	0.9799897273109976	0.9778239107255818	0.9776973738828522	0.9784373091559643	0.9681176205223563	0.9761680085954222
0.9815326240434934	0.9769686345622378	0.977061196633745	0.9759760989393498	0.9788856820506789	0.9780593938751245	0.9773854024831948	0.9781028109699565	0.9758023160895336	0.9763177428267608	0.9766171647570041	0.9772078719509456	1.0	0.979983908335331	0.9759426469511211	0.9758704185579605	0.9771562001655388	0.9777447618386206	0.9796053855052625	0.9765039448647712	0.9785552775140904	0.981015812460372	0.9776439766627824	0.9780236413408927	0.9805171584795276	0.981025713316442	0.9782165175345229	0.9787661007451701	0.9790838762122934	0.9679929593190624	0.9765238884299392
0.9812263312987133	0.9773123747312139	0.9769795746941192	0.9760086401565323	0.9879357522847937	0.9767175464591875	0.978174734879631	0.979103506666352	0.9751127834948353	0.9770672434130727	0.9763293549970096	0.977125558394979	0.979983908335331	1.0	0.9775085478562824	0.9754681996259964	0.9764978361870066	0.9778087399244532	0.9782423244942999	0.9765039448647712	0.979862285999349	0.9985882268312393	0.9769502992642716	0.9773621067402716	0.9810201472689426	0.9817983186211234	0.9784667508527097	0.9783615949845261	0.9784373091559643	0.9694977968958384	0.9761232487177209
0.9800357584953251	0.9661909105350581	0.9779828452624192	0.9723413617311952	0.9749242541036555	0.9539588066770204	0.973550754365577	0.9783107945553883	0.9754883131103863	0.9776039611596374	0.9747687055891088	0.976538720910541	0.9759426469511211	0.9775085478562824	1.0	0.9750275410121695	0.9774511127386103	0.9740327991802199	0.9763907228531399	0.9680343176018745	0.9776515632508185	0.9795008160577428	0.975335446902225	0.9674532090781827	0.978956962832392	0.9706158977689177	0.9773168789239823	0.9740859205278936	0.9746124088423485	0.9679060839713751	0.9622302059257347
0.9769515492745113	0.9706992137817676	0.9789815163582756	0.9733428718443375	0.972019999854401	0.9710202462105613	0.9751291742801704	0.9779354674848417	0.9751632363616802	0.9765625530799074	0.9760033937741798	0.9770480765259907	0.9758704185579605	0.9754681996259964	0.9750275410121695	1.0	0.9748230202813114	0.9911002727169143	0.9765625530799074	0.9732499192192743	0.9767900319505495	0.9768223995732466	0.9755355825273871	0.9883445182832666	0.9778101672827959	0.9758821723927459	0.9787993402154854	0.9737621018389422	0.975443000735359	0.966155517098893	0.9732693215422406
0.979444017107391	0.9644879130945695	0.9757640998209834	0.9704696411473297	0.9757022015455485	0.9523846049121168	0.9744388235644731	0.9790550572936357	0.9817882570677713	0.9779174902231842	0.9742450076310641	0.9775097762480566	0.9771562001655388	0.9764978361870066	0.9774511127386103	0.9748230202813114	1.0	0.974374346679349	0.9774511127386103	0.976858592974058	0.9775683343297001	0.9784343107761128	0.9752655829398118	0.9691318838177988	0.9776267873680842	0.9723092516900294	0.9784343107761128	0.9740500280187147	0.976133036209139	0.9665253934841372	0.962029920628411
0.9785356029206815	0.9723737945757162	0.9812625188537846	0.9752846157009611	0.974338550611388	0.9722658400355827	0.9764380846343055	0.9792466207416726	0.9766705709467898	0.9777447618386206	0.9772283642356321	0.9783475429921905	0.9777447618386206	0.9778087399244532	0.9740327991802199	0.9911002727169143	0.974374346679349	1.0	0.9775842649788609	0.973460507232975	0.9784730366851979	0.9786603765101791	0.9772933633184144	0.9919622694998519	0.9788156753688929	0.9777385128816296	0.9802701136019388	0.9753191317228123	0.9762374803442136	0.9664463993017739	0.9749373307114476
0.9791507732890644	0.9775508527598206	0.9760292158423924	0.9757145906283259	0.9771161486712671	0.9759474690880504	0.9785919747058278	0.9788862722247205	0.9750581412297741	0.9764975132987904	0.9761593586146208	0.9764325868334008	0.9796053855052625	0.9782423244942999	0.9763907228531399	0.9765625530799074	0.9774511127386103	0.9775842649788609	1.0	0.9768840008217945	0.9776135532852009	0.978726536301905	0.9774448409428291	0.9768869196757911	0.9789393442246342	0.9802692171268784	0.9785123311122451	0.9782675307293083	0.9789004465066128	0.9678259916151352	0.9758533885459463
0.97828907693131	0.9690606849854758	0.9763506713018048	0.9723936220153241	0.9731652997776514	0.9675779657178881	0.9763890574151145	0.9787204914367247	0.9811957014860225	0.9760806931658808	0.9761580586145958	0.9767325104162182	0.9765039448647712	0.9765039448647712	0.9680343176018745	0.9732499192192743	0.976858592974058	0.973460507232975	0.9768840008217945	1.0	0.9779982636156466	0.9778151790737705	0.9760419413469095	0.969431726131211	0.9775571205457443	0.9730565669765529	0.9774087357669701	0.9742894555927273	0.9754550550394083	0.9651815061201194	0.9680253655653371
0.97783741158049	0.9777875981263193	0.9757631235297634	0.9771903484991612	0.9783679026740102	0.9748914927575647	0.9818313566612051	0.9794148845524453	0.9748413524675438	0.9809547036232855	0.9775899812583914	0.9751818995474719	0.9785552775140904	0.979862285999349	0.9776515632508185	0.9767900319505495	0.9775683343297001	0.9784730366851979	0.9776135532852009	0.9779982636156466	1.0	0.9777628177005692	0.9772714527034009	0.9789352960927543	0.977547294474651	0.992402289627346	0.9776422743209744	0.9798607888158581	0.98301431522291	0.9684066375666304	0.9768759194461559
0.9800383003380863	0.9788810960535004	0.9759305650436161	0.9778731824563995	0.9907891542088197	0.9774202139282087	0.9794107791423812	0.977052113316313	0.9746944856598537	0.9781263236072177	0.977647060154162	0.9756984125743708	0.981015812460372	0.9985882268312393	0.9795008160577428	0.9768223995732466	0.9784343107761128	0.9786603765101791	0.978726536301905	0.9778151790737705	0.9777628177005692	1.0	0.9782701201727378	0.9790847920836449	0.9792791706152204	0.9822598220917402	0.9771440956213596	0.9799205419079283	0.9795980646231884	0.9712383297354809	0.9779097431486945
0.9779027490055225	0.9745668821878838	0.9774448409428291	0.9760086401565323	0.9768599217079641	0.973855498538543	0.9763869045728117	0.9773004149036014	0.9740133147388857	0.9749602253277955	0.9764498738498257	0.9768632543819482	0.9776439766627824	0.9769502992642716	0.975335446902225	0.9755355825273871	0.9752655829398118	0.9772933633184144	0.9774448409428291	0.9760419413469095	0.9772714527034009	0.9782701201727378	1.0	0.9770857574850923	0.9776173113478385	0.9797078255554228	0.9772714527034009	0.9770845197589673	0.9784994420421234	0.967106575349897	0.9758985209830718
0.9796393819462256	0.9712375909101685	0.9794924100542366	0.9744869692117683	0.9746582929421869	0.9682437250407495	0.9775580736267906	0.9798221714581494	0.9755432167811603	0.9784446486001187	0.9770063679849057	0.9779465070589392	0.9780236413408927	0.9773621067402716	0.9674532090781827	0.9883445182832666	0.9691318838177988	0.9919622694998519	0.9768869196757911	0.969431726131211	0.9789352960927543	0.9790847920836449	0.9770857574850923	1.0	0.9787097599901269	0.973792490981109	0.97945556347857	0.9765259228232308	0.977752869015485	0.9679422233535518	0.9690442511422862
0.9793861581947455	0.9789787109193513	0.9763179427785822	0.9776883695335382	0.9797504233311811	0.9765649817211253	0.9790331732950945	0.9769476687286379	0.9749291549761091	0.9785417639489483	0.9768971185511286	0.9751818995474719	0.9805171584795276	0.9810201472689426	0.978956962832392	0.9778101672827959	0.9776267873680842	0.9788156753688929	0.9789393442246342	0.9775571205457443	0.977547294474651	0.9792791706152204	0.9776173113478385	0.9787097599901269	1.0	0.9835436615738811	0.976905430325089	0.979318033261945	0.9800155172791221	0.9700494009335253	0.9777822948140099
0.9819638892225231	0.973786349300559	0.9799897273109976	0.9765127865112871	0.977700898869602	0.9700379730760029	0.9808211262405175	0.9834490990905677	0.9785918693212323	0.9820298836607793	0.9789922358432196	0.9799897273109976	0.981025713316442	0.9817983186211234	0.9706158977689177	0.9758821723927459	0.9723092516900294	0.9777385128816296	0.9802692171268784	0.9730565669765529	0.992402289627346	0.9822598220917402	0.9797078255554228	0.973792490981109	0.9835436615738811	1.0	0.9817318551308326	0.9793161937553545	0.9820298836607793	0.96690721831199	0.9713556197113098
0.9771968956820875	0.9777538824719925	0.9771328313568581	0.9775645760957141	0.9774020149894156	0.9756342612858327	0.979755503897733	0.9782097565015698	0.9752201285633346	0.978815813267871	0.9777893215429627	0.9778239107255818	0.9782165175345229	0.9784667508527097	0.9773168789239823	0.9787993402154854	0.9784343107761128	0.9802701136019388	0.9785123311122451	0.9774087357669701	0.9776422743209744	0.9771440956213596	0.9772714527034009	0.97945556347857	0.976905430325089	0.9817318551308326	1.0	0.9794091213791718	0.9800747202152617	0.9697747754643278	0.9765681010458928
0.9798607888158581	0.9729654482805039	0.9776013705317061	0.9728106250307528	0.9750697804637849	0.9722658400355827	0.9773439701122539	0.9809778233078864	0.9752769636853751	0.978517768337843	0.9779836987796865	0.9776973738828522	0.9787661007451701	0.9783615949845261	0.9740859205278936	0.9737621018389422	0.9740500280187147	0.9753191317228123	0.9782675307293083	0.9742894555927273	0.9798607888158581	0.9799205419079283	0.9770845197589673	0.9765259228232308	0.979318033261945	0.9793161937553545	0.9794091213791718	1.0	0.9767572730279832	0.9666523918447398	0.9739468423533225
0.9799562068543062	0.9734311204891871	0.9783126871430275	0.9748929184321694	0.9759168049787009	0.9744593053148768	0.9814359841254636	0.9841566136187806	0.9766476873940007	0.9819984908703683	0.9780620051465356	0.9784373091559643	0.9790838762122934	0.9784373091559643	0.9746124088423485	0.975443000735359	0.976133036209139	0.9762374803442136	0.9789004465066128	0.9754550550394083	0.98301431522291	0.9795980646231884	0.9784994420421234	0.977752869015485	0.9800155172791221	0.9820298836607793	0.9800747202152617	0.9767572730279832	1.0	0.9664664555561655	0.9743277413588757
0.9694580340409715	0.9640682615055225	0.9664144898640751	0.9646314002474252	0.9655939828744109	0.9656371958019836	0.9666757668811907	0.9692184238649051	0.9648466135597972	0.9664581834461303	0.9663269245014486	0.9681176205223563	0.9679929593190624	0.9694977968958384	0.9679060839713751	0.966155517098893	0.9665253934841372	0.9664463993017739	0.9678259916151352	0.9651815061201194	0.9684066375666304	0.9712383297354809	0.967106575349897	0.9679422233535518	0.9700494009335253	0.96690721831199	0.9697747754643278	0.9666523918447398	0.9664664555561655	1.0	0.9712516979707283
0.9774399756563079	0.9690999241577415	0.9766122536935435	0.9733669805935592	0.9727268769631231	0.9625658670410984	0.9744222721122515	0.9760335438141458	0.9728261804890213	0.9749373307114476	0.9747509800294529	0.9761680085954222	0.9765238884299392	0.9761232487177209	0.9622302059257347	0.9732693215422406	0.962029920628411	0.9749373307114476	0.9758533885459463	0.9680253655653371	0.9768759194461559	0.9779097431486945	0.9758985209830718	0.9690442511422862	0.9777822948140099	0.9713556197113098	0.9765681010458928	0.9739468423533225	0.9743277413588757	0.9712516979707283	1.0
