/home/jshaw/scratch/2022_sketched_distance/references/SGB_genome_fastas_part3/4834/BritoIL_2016__W1.14.ST__bin.44.fa	/home/jshaw/scratch/2022_sketched_distance/references/SGB_genome_fastas_part3/4834/ChengpingW_2017__AS25raw__bin.29.fa	/home/jshaw/scratch/2022_sketched_distance/references/SGB_genome_fastas_part3/4834/ChengpingW_2017__AS43raw__bin.55.fa	/home/jshaw/scratch/2022_sketched_distance/references/SGB_genome_fastas_part3/4834/ChengpingW_2017__AS94raw__bin.16.fa	/home/jshaw/scratch/2022_sketched_distance/references/SGB_genome_fastas_part3/4834/HeQ_2017__RSZAXPI003082-116__bin.21.fa	/home/jshaw/scratch/2022_sketched_distance/references/SGB_genome_fastas_part3/4834/HeQ_2017__RSZAXPI003095-129__bin.28.fa	/home/jshaw/scratch/2022_sketched_distance/references/SGB_genome_fastas_part3/4834/HeQ_2017__RSZAXPI003096-130__bin.26.fa	/home/jshaw/scratch/2022_sketched_distance/references/SGB_genome_fastas_part3/4834/HeQ_2017__SZAXPI029469-27__bin.4.fa	/home/jshaw/scratch/2022_sketched_distance/references/SGB_genome_fastas_part3/4834/HeQ_2017__SZAXPI029473-40__bin.36.fa	/home/jshaw/scratch/2022_sketched_distance/references/SGB_genome_fastas_part3/4834/HeQ_2017__SZAXPI029590-113__bin.62.fa	/home/jshaw/scratch/2022_sketched_distance/references/SGB_genome_fastas_part3/4834/HeQ_2017__SZAXPI029601-32__bin.70.fa	/home/jshaw/scratch/2022_sketched_distance/references/SGB_genome_fastas_part3/4834/NielsenHB_2014__V1_CD17_0__bin.10.fa	/home/jshaw/scratch/2022_sketched_distance/references/SGB_genome_fastas_part3/4834/QinJ_2012__CON-069__bin.11.fa	/home/jshaw/scratch/2022_sketched_distance/references/SGB_genome_fastas_part3/4834/QinJ_2012__DLM012__bin.15.fa	/home/jshaw/scratch/2022_sketched_distance/references/SGB_genome_fastas_part3/4834/QinJ_2012__NLM007__bin.18.fa	/home/jshaw/scratch/2022_sketched_distance/references/SGB_genome_fastas_part3/4834/QinJ_2012__NOM002__bin.37.fa	/home/jshaw/scratch/2022_sketched_distance/references/SGB_genome_fastas_part3/4834/QinJ_2012__NOM029__bin.6.fa	/home/jshaw/scratch/2022_sketched_distance/references/SGB_genome_fastas_part3/4834/QinJ_2012__T2D-016__bin.5.fa	/home/jshaw/scratch/2022_sketched_distance/references/SGB_genome_fastas_part3/4834/QinJ_2012__T2D-028__bin.33.fa	/home/jshaw/scratch/2022_sketched_distance/references/SGB_genome_fastas_part3/4834/QinJ_2012__T2D-031__bin.3.fa	/home/jshaw/scratch/2022_sketched_distance/references/SGB_genome_fastas_part3/4834/QinJ_2012__T2D-041__bin.54.fa	/home/jshaw/scratch/2022_sketched_distance/references/SGB_genome_fastas_part3/4834/QinJ_2012__T2D-044__bin.17.fa	/home/jshaw/scratch/2022_sketched_distance/references/SGB_genome_fastas_part3/4834/QinJ_2012__T2D-102__bin.13.fa	/home/jshaw/scratch/2022_sketched_distance/references/SGB_genome_fastas_part3/4834/QinN_2014__LD-51__bin.42.fa	/home/jshaw/scratch/2022_sketched_distance/references/SGB_genome_fastas_part3/4834/QinN_2014__LD-71__bin.17.fa	/home/jshaw/scratch/2022_sketched_distance/references/SGB_genome_fastas_part3/4834/QinN_2014__LD-89__bin.1.fa	/home/jshaw/scratch/2022_sketched_distance/references/SGB_genome_fastas_part3/4834/QinN_2014__LV-22__bin.8.fa	/home/jshaw/scratch/2022_sketched_distance/references/SGB_genome_fastas_part3/4834/SchirmerM_2016__G88708__bin.9.fa	/home/jshaw/scratch/2022_sketched_distance/references/SGB_genome_fastas_part3/4834/WenC_2017__N209__bin.5.fa	/home/jshaw/scratch/2022_sketched_distance/references/SGB_genome_fastas_part3/4834/WenC_2017__N216__bin.1.fa	/home/jshaw/scratch/2022_sketched_distance/references/SGB_genome_fastas_part3/4834/WenC_2017__N217__bin.20.fa	/home/jshaw/scratch/2022_sketched_distance/references/SGB_genome_fastas_part3/4834/YuJ_2015__SZAXPI003412-1__bin.59.fa	/home/jshaw/scratch/2022_sketched_distance/references/SGB_genome_fastas_part3/4834/YuJ_2015__SZAXPI003434-7__bin.2.fa	/home/jshaw/scratch/2022_sketched_distance/references/SGB_genome_fastas_part3/4834/YuJ_2015__SZAXPI015239-25__bin.25.fa	/home/jshaw/scratch/2022_sketched_distance/references/SGB_genome_fastas_part3/4834/ZeeviD_2015__PNP_Main_45__bin.54.fa
1.0	0.9748051808208307	0.9736431501545214	0.9730461539120001	0.9687575211146832	0.971458560541427	0.9659529964343662	0.9729326309475308	0.973923619580596	0.9656246194561617	0.9714284144239597	0.9781135179183887	0.9549775301539183	0.9758482204950331	0.9740351323489905	0.9711862296889275	0.9566026554063354	0.961019076372139	0.9720556643594825	0.9744601762730023	0.9731321146377045	0.9705093969232342	0.9742588370243502	0.9713982402148087	0.9750997331409357	0.9735302802287745	0.9726128990261076	0.97287354595251	0.9698208114620194	0.9567837550978582	0.97287354595251	0.9724787054282789	0.9762049057996816	0.9726020676342172	0.9524160397531567
0.9748051808208307	1.0	0.9819514489378518	0.9807433109004224	0.9850780363418528	0.9869010898126264	0.9811171979073414	0.9901959082448701	0.9773255847430878	0.9744185096884656	0.9836635657983405	0.9892379494472886	0.9777035398661929	0.9760527592128106	0.9773860360768685	0.9820979896098101	0.9783051448570881	0.9798824445347839	0.979902729591953	0.98594647181041	0.9767039391900263	0.9822357174870678	0.9876828464334028	0.9825703849886736	0.9868637970344636	0.9829435237689729	0.98074710690211	0.977904553116599	0.9733931520107865	0.978065984432296	0.9798340739668914	0.9860144448062261	0.988053463732472	0.9867681412607205	0.968832476764184
0.9736431501545214	0.9819514489378518	1.0	0.9892436291002296	0.9847620831984433	0.9868836314971685	0.9860815328341767	0.9900594723139462	0.9878031249271488	0.9724421390863867	0.9898336337800162	0.9893828123289672	0.9882774515581562	0.9872035460624193	0.9878547498061363	0.9884045291331911	0.9863202029146825	0.9863540694807786	0.9803504112038062	0.9849559411327998	0.9892436291002296	0.9807711971336355	0.9869828304512259	0.9822699943641198	0.9850060810928761	0.9829756986824925	0.9873321646877536	0.9850285730321747	0.9856825361777007	0.987753920733473	0.9844472601031097	0.9830068331033495	0.9854749487333007	0.9863793159161807	0.9775360278937515
0.9730461539120001	0.9807433109004224	0.9892436291002296	1.0	0.9829381621299202	0.9852180937886301	0.9859967348261418	0.9885488452748319	0.9867836138057919	0.9704441678538671	0.9892231763866128	0.9860706653157744	0.9877940919600184	0.9863084219320587	0.9867836138057919	0.987544246752046	0.9860906427266934	0.9875177716187039	0.9786194569145313	0.9833363639735409	0.9848957438305075	0.9798923372810422	0.9852490040465436	0.9807438431737522	0.9829522437335515	0.9826525187112928	0.9862611756130875	0.9851584063086656	0.9865600730788521	0.9860556178370774	0.9833468589935076	0.9832179041127221	0.9840640668554824	0.9854269306166209	0.9776573179529073
0.9687575211146832	0.9850780363418528	0.9847620831984433	0.9829381621299202	1.0	0.9869124856422344	0.9789316155823701	0.9865728255950853	0.9887328794467859	0.9753786024465578	0.9836026507361784	0.987201851518895	0.972946046464966	0.983660640492938	0.988930900586402	0.9853909782774958	0.9722764841261599	0.9742346164404035	0.9814642264415282	0.9820014723159003	0.9835639338390062	0.9801879247916886	0.990425361852249	0.9878777550560749	0.9880464251835277	0.9885669481014606	0.9846872972602553	0.9816701013981859	0.980901803790671	0.9698231867040252	0.9841018542452369	0.9801891323435725	0.9894712773648455	0.9829610306338011	0.9654983402206173
0.971458560541427	0.9869010898126264	0.9868836314971685	0.9852180937886301	0.9869124856422344	1.0	0.9794917929313106	0.9893686998122896	0.9897420590265849	0.976043156838508	0.9842864668954918	0.9881757092105328	0.9738536238756593	0.9864264318627294	0.99364869363099	0.9879995860288567	0.9747041517246801	0.9761781097762804	0.9844937056653128	0.9854549399594803	0.9859627852329419	0.9848196895474467	0.9915173136601747	0.9913970982414778	0.9907628600762322	0.9897580667588746	0.9851076844777942	0.9838488724858763	0.9842297193181705	0.9737178999830136	0.9856016294407811	0.982714372341553	0.9903531944098716	0.986202833140542	0.9671610159857577
0.9659529964343662	0.9811171979073414	0.9860815328341767	0.9859967348261418	0.9789316155823701	0.9794917929313106	1.0	0.9883766438037083	0.9874418979949797	0.961019076372139	0.9832531078471244	0.9740367076147586	0.9847559355637931	0.9850492204365454	0.9856724920337232	0.9847507344416322	0.9798971489095202	0.9783207590166092	0.976076926910809	0.9737929869445162	0.9862167562585258	0.9722282262343614	0.9769719018757977	0.976849663850443	0.9716915905186126	0.9815673400444328	0.9850666942138011	0.9839653356249899	0.9843782291783835	0.9776845485508451	0.9859457508067477	0.9788643985360141	0.9730989862093217	0.9805523090087724	0.9735427151539621
0.9729326309475308	0.9901959082448701	0.9900594723139462	0.9885488452748319	0.9865728255950853	0.9893686998122896	0.9883766438037083	1.0	0.9903859760244708	0.9653181153234646	0.9868151014546729	0.9681775490681621	0.9784776192538969	0.9878253234912334	0.9903046523750716	0.987501867761728	0.9768415366310356	0.9837827678379836	0.9901686661416402	0.9784386764160695	0.9900047396192488	0.9777296330851569	0.9812018567095895	0.9893966102377805	0.974684498246863	0.9901141143865532	0.9969019069709407	0.9878545715931097	0.9874427146437671	0.972886443774193	0.9908964258639954	0.9860210887042806	0.9752050590554188	0.9876198560520069	0.9758864218816303
0.973923619580596	0.9773255847430878	0.9878031249271488	0.9867836138057919	0.9887328794467859	0.9897420590265849	0.9874418979949797	0.9903859760244708	1.0	0.9764886019902069	0.9911165278125256	0.9878744614413626	0.9889800558642505	0.9828688967178719	0.9861611822985693	0.9918847968110033	0.9867181165024689	0.9861394967561002	0.9806087540802143	0.9848119660371938	0.9817955223798551	0.9848661017188274	0.9915570713666262	0.9872963168443403	0.9914248043763684	0.9919775425759588	0.9877379787057351	0.9834168596116828	0.9812043230184485	0.9860754177537385	0.9808772954119052	0.9832179041127221	0.9915009662099694	0.9872287447205349	0.978650893604647
0.9656246194561617	0.9744185096884656	0.9724421390863867	0.9704441678538671	0.9753786024465578	0.976043156838508	0.961019076372139	0.9653181153234646	0.9764886019902069	1.0	0.9706919481499998	0.9827072649302314	0.95071051340221	0.9721063362556948	0.9764295603983583	0.9738477314664209	0.9578163319043624	0.9621879963326203	0.9777043706773375	0.9742614548906455	0.9717328887467266	0.9731377643678389	0.9785447208746338	0.9791493693887448	0.9815668520735489	0.9766944082859933	0.9725754921121256	0.9691389850514164	0.9693234429489112	0.954019771543293	0.9725754921121256	0.9635199240582625	0.981856627501844	0.9739116490344879	0.9368939164940897
0.9714284144239597	0.9836635657983405	0.9898336337800162	0.9892231763866128	0.9836026507361784	0.9842864668954918	0.9832531078471244	0.9868151014546729	0.9911165278125256	0.9706919481499998	1.0	0.984832831726533	0.9878135631733331	0.9899179228127694	0.991759670518512	0.9894516452630897	0.9863011340060055	0.9844577803912883	0.9769018938907262	0.9802524500695428	0.9886741322143061	0.9765705935086687	0.9854169882404741	0.9808367061577472	0.9825541900488797	0.9839507687978286	0.9903084498483119	0.988352033328995	0.987487449970944	0.9835030049408461	0.98735123207229	0.9823923177274025	0.9847770873357109	0.9833064553298827	0.9765662576886471
0.9781135179183887	0.9892379494472886	0.9893828123289672	0.9860706653157744	0.987201851518895	0.9881757092105328	0.9740367076147586	0.9681775490681621	0.9878744614413626	0.9827072649302314	0.984832831726533	1.0	0.9623012832540908	0.9870470494437494	0.9879349318455224	0.9856847858773947	0.9711386081115491	0.9751718072038019	0.9875092880701452	0.9857494146106255	0.9896706431051914	0.9829542662091079	0.9885039303809305	0.9889463002744885	0.9878138797862762	0.9876923810531028	0.9852943205570275	0.983821520551752	0.9838899198913404	0.9693199723409736	0.9858782919778399	0.9752609250889936	0.9892669729779061	0.987201851518895	0.9513959307588269
0.9549775301539183	0.9777035398661929	0.9882774515581562	0.9877940919600184	0.972946046464966	0.9738536238756593	0.9847559355637931	0.9784776192538969	0.9889800558642505	0.95071051340221	0.9878135631733331	0.9623012832540908	1.0	0.9869657230161889	0.9881042581840775	0.9865030966996805	0.9818307517398255	0.9826837472175228	0.970887872364657	0.9615194760791507	0.9880269900622772	0.9580932266732991	0.9656684672133251	0.9725447370294809	0.9572821694190957	0.9775973542064026	0.988334980919348	0.9859103519865614	0.985724201851748	0.9771691168457817	0.9850748221172348	0.9703636562582505	0.9606641375945029	0.9695870765666419	0.9796580284072461
0.9758482204950331	0.9760527592128106	0.9872035460624193	0.9863084219320587	0.983660640492938	0.9864264318627294	0.9850492204365454	0.9878253234912334	0.9828688967178719	0.9721063362556948	0.9899179228127694	0.9870470494437494	0.9869657230161889	1.0	0.9818734899821305	0.9886908946875479	0.9858787948081483	0.98633761351569	0.9799965038462282	0.9840332464637447	0.9817822014087028	0.981856627501844	0.9861975463430652	0.9818771170530636	0.9849795253358835	0.9834069961544222	0.9866400013530509	0.9841525825194776	0.9789912711739112	0.9858370278360028	0.981064753214344	0.9863029871132901	0.9870563054390871	0.9866713650553347	0.9797099720503087
0.9740351323489905	0.9773860360768685	0.9878547498061363	0.9867836138057919	0.988930900586402	0.99364869363099	0.9856724920337232	0.9903046523750716	0.9861611822985693	0.9764295603983583	0.991759670518512	0.9879349318455224	0.9881042581840775	0.9818734899821305	1.0	0.9929042418562566	0.9868871880665832	0.9857564024360287	0.98007132991028	0.9854313492433445	0.9828440127829358	0.9863620324680993	0.9918537396137223	0.9885368329522204	0.9904493533597142	0.9883616271418384	0.9885349043978758	0.9836997234757947	0.9795453294343974	0.9862924333117422	0.9818040220797517	0.9834798455785468	0.9918967273600017	0.9868067721555567	0.9791365570737712
0.9711862296889275	0.9820979896098101	0.9884045291331911	0.987544246752046	0.9853909782774958	0.9879995860288567	0.9847507344416322	0.987501867761728	0.9918847968110033	0.9738477314664209	0.9894516452630897	0.9856847858773947	0.9865030966996805	0.9886908946875479	0.9929042418562566	1.0	0.9847186006176456	0.9845274247741916	0.9769974440555435	0.9823403304335797	0.9871197702006328	0.9818820372138107	0.9889323776455486	0.9845663001300303	0.9873617328507643	0.9846050532953471	0.9880049347176058	0.9864580801383137	0.986283253278043	0.9835030049408461	0.9844355086532798	0.9808460234535298	0.9879550960439633	0.984238024410964	0.9758741208384647
0.9566026554063354	0.9783051448570881	0.9863202029146825	0.9860906427266934	0.9722764841261599	0.9747041517246801	0.9798971489095202	0.9768415366310356	0.9867181165024689	0.9578163319043624	0.9863011340060055	0.9711386081115491	0.9818307517398255	0.9858787948081483	0.9868871880665832	0.9847186006176456	1.0	0.9808344149854519	0.9725973221185812	0.9678944010569384	0.9845580821354123	0.9634948826009802	0.9715189410691839	0.9745131984904185	0.9665523161052766	0.9780361832796844	0.9863392607697734	0.9842752715700036	0.9839490459301125	0.9754617988643728	0.9847785932393713	0.9688044848213015	0.9676615491415685	0.9755915159888469	0.975323784129712
0.961019076372139	0.9798824445347839	0.9863540694807786	0.9875177716187039	0.9742346164404035	0.9761781097762804	0.9783207590166092	0.9837827678379836	0.9861394967561002	0.9621879963326203	0.9844577803912883	0.9751718072038019	0.9826837472175228	0.98633761351569	0.9857564024360287	0.9845274247741916	0.9808344149854519	1.0	0.9716739874975977	0.9733518426884573	0.9850964213401605	0.9695959631354811	0.9753843877754633	0.973431315670156	0.973440388655998	0.9773406316905338	0.9874700969133201	0.9853687889138223	0.9859901216422733	0.9794760702705051	0.9826483832989644	0.9750436278545261	0.9744293859042258	0.9740884794266407	0.974677777904793
0.9720556643594825	0.979902729591953	0.9803504112038062	0.9786194569145313	0.9814642264415282	0.9844937056653128	0.976076926910809	0.9901686661416402	0.9806087540802143	0.9777043706773375	0.9769018938907262	0.9875092880701452	0.970887872364657	0.9799965038462282	0.98007132991028	0.9769974440555435	0.9725973221185812	0.9716739874975977	1.0	0.9869756376626652	0.9785607995607407	0.9819074272140625	0.9876157499085668	0.9801242402071965	0.9854018617102994	0.981028791556478	0.9805903685848331	0.9777082392738623	0.9772632674540613	0.9701151576676784	0.9789885242455612	0.9837397106469775	0.9861062289249821	0.9866907430900874	0.959032316072235
0.9744601762730023	0.98594647181041	0.9849559411327998	0.9833363639735409	0.9820014723159003	0.9854549399594803	0.9737929869445162	0.9784386764160695	0.9848119660371938	0.9742614548906455	0.9802524500695428	0.9857494146106255	0.9615194760791507	0.9840332464637447	0.9854313492433445	0.9823403304335797	0.9678944010569384	0.9733518426884573	0.9869756376626652	1.0	0.9816325819285975	0.9791562697843147	0.9850559640465181	0.9852894480288508	0.9850060810928761	0.9850037928648722	0.9828804159285744	0.9813665192231316	0.9799469779390695	0.9655025405612204	0.9818964986533141	0.977608729173225	0.9848042042303873	0.984739741004939	0.9571967255202508
0.9731321146377045	0.9767039391900263	0.9892436291002296	0.9848957438305075	0.9835639338390062	0.9859627852329419	0.9862167562585258	0.9900047396192488	0.9817955223798551	0.9717328887467266	0.9886741322143061	0.9896706431051914	0.9880269900622772	0.9817822014087028	0.9828440127829358	0.9871197702006328	0.9845580821354123	0.9850964213401605	0.9785607995607407	0.9816325819285975	1.0	0.9796484874018005	0.9860569987339066	0.9818950777822532	0.9834013185565521	0.9819798595785227	0.9864376019076156	0.9813076639986436	0.9801429598224943	0.9904783494677655	0.981150911088951	0.9836100355687799	0.9860801662787184	0.9844668405635318	0.9781181261388928
0.9705093969232342	0.9822357174870678	0.9807711971336355	0.9798923372810422	0.9801879247916886	0.9848196895474467	0.9722282262343614	0.9777296330851569	0.9848661017188274	0.9731377643678389	0.9765705935086687	0.9829542662091079	0.9580932266732991	0.981856627501844	0.9863620324680993	0.9818820372138107	0.9634948826009802	0.9695959631354811	0.9819074272140625	0.9791562697843147	0.9796484874018005	1.0	0.9833930639472387	0.9846333818460732	0.9856890995444803	0.9857808303337475	0.9790723206083917	0.9771041865878958	0.9781743118450886	0.9619818892077376	0.979484903297464	0.9734156523325711	0.9854749487333007	0.9816526364317031	0.9513920567020391
0.9742588370243502	0.9876828464334028	0.9869828304512259	0.9852490040465436	0.990425361852249	0.9915173136601747	0.9769719018757977	0.9812018567095895	0.9915570713666262	0.9785447208746338	0.9854169882404741	0.9885039303809305	0.9656684672133251	0.9861975463430652	0.9918537396137223	0.9889323776455486	0.9715189410691839	0.9753843877754633	0.9876157499085668	0.9850559640465181	0.9860569987339066	0.9833930639472387	1.0	0.9966309162634744	0.9940687629277896	0.9919520403589123	0.984172954925785	0.9838230409980788	0.9837475712601099	0.9688456914165509	0.984715388752009	0.977136977390083	0.9928658921279798	0.9870284449168111	0.9601712593946806
0.9713982402148087	0.9825703849886736	0.9822699943641198	0.9807438431737522	0.9878777550560749	0.9913970982414778	0.976849663850443	0.9893966102377805	0.9872963168443403	0.9791493693887448	0.9808367061577472	0.9889463002744885	0.9725447370294809	0.9818771170530636	0.9885368329522204	0.9845663001300303	0.9745131984904185	0.973431315670156	0.9801242402071965	0.9852894480288508	0.9818950777822532	0.9846333818460732	0.9966309162634744	1.0	0.9983219145009127	0.9868670577486407	0.9804824145668334	0.9797812562422763	0.9799150671685647	0.973340057310568	0.981588396663484	0.9837397106469775	0.994258250930306	0.985647636316248	0.9626501066369001
0.9750997331409357	0.9868637970344636	0.9850060810928761	0.9829522437335515	0.9880464251835277	0.9907628600762322	0.9716915905186126	0.974684498246863	0.9914248043763684	0.9815668520735489	0.9825541900488797	0.9878138797862762	0.9572821694190957	0.9849795253358835	0.9904493533597142	0.9873617328507643	0.9665523161052766	0.973440388655998	0.9854018617102994	0.9850060810928761	0.9834013185565521	0.9856890995444803	0.9940687629277896	0.9983219145009127	1.0	0.9917292315365172	0.9825541900488797	0.9818311182163687	0.9818895553437952	0.965553873715317	0.9829804919247368	0.9744094336631826	0.9924386537610681	0.985323086239396	0.9519901034452719
0.9735302802287745	0.9829435237689729	0.9829756986824925	0.9826525187112928	0.9885669481014606	0.9897580667588746	0.9815673400444328	0.9901141143865532	0.9919775425759588	0.9766944082859933	0.9839507687978286	0.9876923810531028	0.9775973542064026	0.9834069961544222	0.9883616271418384	0.9846050532953471	0.9780361832796844	0.9773406316905338	0.981028791556478	0.9850037928648722	0.9819798595785227	0.9857808303337475	0.9919520403589123	0.9868670577486407	0.9917292315365172	1.0	0.9827011994275586	0.9813100098649167	0.981157384710568	0.9775564047566371	0.9810040439614667	0.9845071754825347	0.9910331741774098	0.9867874623793672	0.9678919222065498
0.9726128990261076	0.98074710690211	0.9873321646877536	0.9862611756130875	0.9846872972602553	0.9851076844777942	0.9850666942138011	0.9969019069709407	0.9877379787057351	0.9725754921121256	0.9903084498483119	0.9852943205570275	0.988334980919348	0.9866400013530509	0.9885349043978758	0.9880049347176058	0.9863392607697734	0.9874700969133201	0.9805903685848331	0.9828804159285744	0.9864376019076156	0.9790723206083917	0.984172954925785	0.9804824145668334	0.9825541900488797	0.9827011994275586	1.0	0.9854901696232642	0.9855597497073276	0.9847010800784478	0.9833756845718291	0.9820942924910924	0.9842575631974007	0.9834564413404694	0.9777781582610175
0.97287354595251	0.977904553116599	0.9850285730321747	0.9851584063086656	0.9816701013981859	0.9838488724858763	0.9839653356249899	0.9878545715931097	0.9834168596116828	0.9691389850514164	0.988352033328995	0.983821520551752	0.9859103519865614	0.9841525825194776	0.9836997234757947	0.9864580801383137	0.9842752715700036	0.9853687889138223	0.9777082392738623	0.9813665192231316	0.9813076639986436	0.9771041865878958	0.9838230409980788	0.9797812562422763	0.9818311182163687	0.9813100098649167	0.9854901696232642	1.0	0.9816235505072545	0.9833097690951683	0.979937546542336	0.9825268922195145	0.9826477087270677	0.982148004224492	0.979252048657495
0.9698208114620194	0.9733931520107865	0.9856825361777007	0.9865600730788521	0.980901803790671	0.9842297193181705	0.9843782291783835	0.9874427146437671	0.9812043230184485	0.9693234429489112	0.987487449970944	0.9838899198913404	0.985724201851748	0.9789912711739112	0.9795453294343974	0.986283253278043	0.9839490459301125	0.9859901216422733	0.9772632674540613	0.9799469779390695	0.9801429598224943	0.9781743118450886	0.9837475712601099	0.9799150671685647	0.9818895553437952	0.981157384710568	0.9855597497073276	0.9816235505072545	1.0	0.9849478271876025	0.9793981978151026	0.9802755662880829	0.9831931591081973	0.9827214210352947	0.9772920848159411
0.9567837550978582	0.978065984432296	0.987753920733473	0.9860556178370774	0.9698231867040252	0.9737178999830136	0.9776845485508451	0.972886443774193	0.9860754177537385	0.954019771543293	0.9835030049408461	0.9693199723409736	0.9771691168457817	0.9858370278360028	0.9862924333117422	0.9835030049408461	0.9754617988643728	0.9794760702705051	0.9701151576676784	0.9655025405612204	0.9904783494677655	0.9619818892077376	0.9688456914165509	0.973340057310568	0.965553873715317	0.9775564047566371	0.9847010800784478	0.9833097690951683	0.9849478271876025	1.0	0.9821927042228557	0.965801852382212	0.9667773559208833	0.9675275161923886	0.9737756411502623
0.97287354595251	0.9798340739668914	0.9844472601031097	0.9833468589935076	0.9841018542452369	0.9856016294407811	0.9859457508067477	0.9908964258639954	0.9808772954119052	0.9725754921121256	0.98735123207229	0.9858782919778399	0.9850748221172348	0.981064753214344	0.9818040220797517	0.9844355086532798	0.9847785932393713	0.9826483832989644	0.9789885242455612	0.9818964986533141	0.981150911088951	0.979484903297464	0.984715388752009	0.981588396663484	0.9829804919247368	0.9810040439614667	0.9833756845718291	0.979937546542336	0.9793981978151026	0.9821927042228557	1.0	0.9849342345998621	0.9850472535906732	0.9894398029435318	0.9732565069919498
0.9724787054282789	0.9860144448062261	0.9830068331033495	0.9832179041127221	0.9801891323435725	0.982714372341553	0.9788643985360141	0.9860210887042806	0.9832179041127221	0.9635199240582625	0.9823923177274025	0.9752609250889936	0.9703636562582505	0.9863029871132901	0.9834798455785468	0.9808460234535298	0.9688044848213015	0.9750436278545261	0.9837397106469775	0.977608729173225	0.9836100355687799	0.9734156523325711	0.977136977390083	0.9837397106469775	0.9744094336631826	0.9845071754825347	0.9820942924910924	0.9825268922195145	0.9802755662880829	0.965801852382212	0.9849342345998621	1.0	0.9763807483386818	0.9829538522333726	0.9695734802526447
0.9762049057996816	0.988053463732472	0.9854749487333007	0.9840640668554824	0.9894712773648455	0.9903531944098716	0.9730989862093217	0.9752050590554188	0.9915009662099694	0.981856627501844	0.9847770873357109	0.9892669729779061	0.9606641375945029	0.9870563054390871	0.9918967273600017	0.9879550960439633	0.9676615491415685	0.9744293859042258	0.9861062289249821	0.9848042042303873	0.9860801662787184	0.9854749487333007	0.9928658921279798	0.994258250930306	0.9924386537610681	0.9910331741774098	0.9842575631974007	0.9826477087270677	0.9831931591081973	0.9667773559208833	0.9850472535906732	0.9763807483386818	1.0	0.9869040912646107	0.9541681066959727
0.9726020676342172	0.9867681412607205	0.9863793159161807	0.9854269306166209	0.9829610306338011	0.986202833140542	0.9805523090087724	0.9876198560520069	0.9872287447205349	0.9739116490344879	0.9833064553298827	0.987201851518895	0.9695870765666419	0.9866713650553347	0.9868067721555567	0.984238024410964	0.9755915159888469	0.9740884794266407	0.9866907430900874	0.984739741004939	0.9844668405635318	0.9816526364317031	0.9870284449168111	0.985647636316248	0.985323086239396	0.9867874623793672	0.9834564413404694	0.982148004224492	0.9827214210352947	0.9675275161923886	0.9894398029435318	0.9829538522333726	0.9869040912646107	1.0	0.9628605954995897
0.9524160397531567	0.968832476764184	0.9775360278937515	0.9776573179529073	0.9654983402206173	0.9671610159857577	0.9735427151539621	0.9758864218816303	0.978650893604647	0.9368939164940897	0.9765662576886471	0.9513959307588269	0.9796580284072461	0.9797099720503087	0.9791365570737712	0.9758741208384647	0.975323784129712	0.974677777904793	0.959032316072235	0.9571967255202508	0.9781181261388928	0.9513920567020391	0.9601712593946806	0.9626501066369001	0.9519901034452719	0.9678919222065498	0.9777781582610175	0.979252048657495	0.9772920848159411	0.9737756411502623	0.9732565069919498	0.9695734802526447	0.9541681066959727	0.9628605954995897	1.0
