/home/jshaw/scratch/2022_sketched_distance/references/SGB_genome_fastas_part4/7858/BackhedF_2015__SID105_B__bin.6.fa	/home/jshaw/scratch/2022_sketched_distance/references/SGB_genome_fastas_part4/7858/BackhedF_2015__SID180_B__bin.10.fa	/home/jshaw/scratch/2022_sketched_distance/references/SGB_genome_fastas_part4/7858/BackhedF_2015__SID263_B__bin.4.fa	/home/jshaw/scratch/2022_sketched_distance/references/SGB_genome_fastas_part4/7858/BackhedF_2015__SID268_B__bin.10.fa	/home/jshaw/scratch/2022_sketched_distance/references/SGB_genome_fastas_part4/7858/BackhedF_2015__SID26_B__bin.10.fa	/home/jshaw/scratch/2022_sketched_distance/references/SGB_genome_fastas_part4/7858/BackhedF_2015__SID385_B__bin.10.fa	/home/jshaw/scratch/2022_sketched_distance/references/SGB_genome_fastas_part4/7858/BackhedF_2015__SID397_B__bin.1.fa	/home/jshaw/scratch/2022_sketched_distance/references/SGB_genome_fastas_part4/7858/BackhedF_2015__SID507_B__bin.6.fa	/home/jshaw/scratch/2022_sketched_distance/references/SGB_genome_fastas_part4/7858/BackhedF_2015__SID526_B__bin.7.fa	/home/jshaw/scratch/2022_sketched_distance/references/SGB_genome_fastas_part4/7858/BackhedF_2015__SID608_B__bin.2.fa	/home/jshaw/scratch/2022_sketched_distance/references/SGB_genome_fastas_part4/7858/BackhedF_2015__SID615_B__bin.9.fa	/home/jshaw/scratch/2022_sketched_distance/references/SGB_genome_fastas_part4/7858/ChngKR_2016__WBS022__bin.3.fa	/home/jshaw/scratch/2022_sketched_distance/references/SGB_genome_fastas_part4/7858/ChngKR_2016__WBU019__bin.1.fa	/home/jshaw/scratch/2022_sketched_distance/references/SGB_genome_fastas_part4/7858/FerrettiP_2018__CA_C10006IS2091FE_t3M15__bin.6.fa	/home/jshaw/scratch/2022_sketched_distance/references/SGB_genome_fastas_part4/7858/FerrettiP_2018__CA_C10007IS2106SA_t2M15__bin.2.fa	/home/jshaw/scratch/2022_sketched_distance/references/SGB_genome_fastas_part4/7858/FerrettiP_2018__CA_C10019MS2316SK_t0M15__bin.2.fa	/home/jshaw/scratch/2022_sketched_distance/references/SGB_genome_fastas_part4/7858/FerrettiP_2018__CA_C10029MS2494SK_t0M15__bin.2.fa	/home/jshaw/scratch/2022_sketched_distance/references/SGB_genome_fastas_part4/7858/FerrettiP_2018__CA_C10042MS2726SK_t0M15__bin.1.fa	/home/jshaw/scratch/2022_sketched_distance/references/SGB_genome_fastas_part4/7858/FerrettiP_2018__CA_C10043MS2744SK_t0M15__bin.2.fa	/home/jshaw/scratch/2022_sketched_distance/references/SGB_genome_fastas_part4/7858/FerrettiP_2018__CA_C10055IS2966SA_t2M16__bin.3.fa	/home/jshaw/scratch/2022_sketched_distance/references/SGB_genome_fastas_part4/7858/OhJ_2014__MET0024__bin.5.fa	/home/jshaw/scratch/2022_sketched_distance/references/SGB_genome_fastas_part4/7858/OhJ_2014__MET0054__bin.6.fa	/home/jshaw/scratch/2022_sketched_distance/references/SGB_genome_fastas_part4/7858/OhJ_2014__MET0082__bin.2.fa	/home/jshaw/scratch/2022_sketched_distance/references/SGB_genome_fastas_part4/7858/OhJ_2014__MET0084__bin.1.fa	/home/jshaw/scratch/2022_sketched_distance/references/SGB_genome_fastas_part4/7858/OhJ_2014__MET0142__bin.4.fa	/home/jshaw/scratch/2022_sketched_distance/references/SGB_genome_fastas_part4/7858/OhJ_2014__MET0158__bin.4.fa	/home/jshaw/scratch/2022_sketched_distance/references/SGB_genome_fastas_part4/7858/OhJ_2014__MET0179__bin.10.fa	/home/jshaw/scratch/2022_sketched_distance/references/SGB_genome_fastas_part4/7858/OhJ_2014__MET0192__bin.5.fa	/home/jshaw/scratch/2022_sketched_distance/references/SGB_genome_fastas_part4/7858/OhJ_2014__MET0207__bin.14.fa	/home/jshaw/scratch/2022_sketched_distance/references/SGB_genome_fastas_part4/7858/OhJ_2014__MET0267__bin.3.fa	/home/jshaw/scratch/2022_sketched_distance/references/SGB_genome_fastas_part4/7858/OhJ_2014__MET0302__bin.6.fa	/home/jshaw/scratch/2022_sketched_distance/references/SGB_genome_fastas_part4/7858/OlmMR_2017__S2_005_014Y1__bin.16.fa
1.0	0.9917485987082146	0.9942891187829166	0.9951937314929649	0.994194926870008	0.9948255888427281	0.989530526154062	0.9932136976010275	0.9942891187829166	0.9947097011081292	0.9859221318991868	0.9740068443730484	0.99252647901384	0.9939582690661238	0.9919258553897139	0.994500076945345	0.9944299066311454	0.9929209208874005	0.9933832958861296	0.987652527431168	0.9904540491552827	0.9805464001202566	0.9911593991204594	0.9800427334254552	0.9747943651856694	0.9796047511243999	0.9731682061825766	0.9797513988051267	0.9804391231421261	0.9781008530585736	0.971894828434088	0.9852639883367653
0.9917485987082146	1.0	0.9915706683098731	0.9918753474177632	0.9916143662065465	0.9912410793294377	0.9911252073727039	0.9899577617615184	0.9918753474177632	0.9916798049248706	0.9869958656063988	0.9757145906283259	0.9900036451909587	0.9909527518225376	0.9892851797538325	0.9928150345325306	0.9920050695056828	0.9906394045720405	0.991019464859757	0.9920490351359665	0.9880680232387881	0.9791890606652167	0.9896435916902716	0.9781857088718681	0.976712550918488	0.978020947556525	0.975366862721585	0.9774544466195737	0.9788687579456574	0.9761163480550468	0.9747243447220096	0.9863261641877856
0.9942891187829166	0.9915706683098731	1.0	0.9934077456689112	0.9928702682581005	0.9914467058091749	0.9919789648871101	0.9921608559158025	0.9927345240731115	0.9940230934435066	0.9895091093773527	0.9799660004957517	0.9921204311491358	0.9932257976733501	0.9917666585375302	0.9936543536041682	0.9938428103831297	0.9915300918889591	0.9939735419258914	0.9954930271116855	0.9880671053442276	0.9801019931000231	0.9931374401540795	0.9789697459361137	0.981366801802719	0.979322330312472	0.9789001278179185	0.9786133103173694	0.9803011263135742	0.976260604102766	0.978667769953627	0.9897118694791464
0.9951937314929649	0.9918753474177632	0.9934077456689112	1.0	0.9919644074787656	0.9913883616178357	0.992258720457112	0.9924898041590422	0.9924496141396405	0.9944466206166628	0.9903678770353108	0.9791669966737537	0.9924067711050476	0.9933654135529685	0.9929925482566441	0.9924725870645942	0.9924035554885733	0.9909550501578354	0.9940565581576231	0.9954531115882231	0.9887318379559208	0.9795247145764191	0.9928830436751593	0.9767207749497215	0.9810421655492007	0.9777160180811444	0.9791534567905754	0.9773423811809986	0.9787097428448619	0.9748778810153403	0.9781196620518056	0.9907762915993957
0.994194926870008	0.9916143662065465	0.9928702682581005	0.9919644074787656	1.0	0.9912481508968174	0.9915548427197369	0.9923462916564415	0.9921248381476641	0.9945992985287636	0.9901552711149123	0.9787190628249589	0.9922843573910769	0.9948064446510189	0.9922829782226636	0.9937940612715481	0.9927636407766818	0.992413990034369	0.9931317316655085	0.9967456242830256	0.9891892995456416	0.9809441836290549	0.9942790503229235	0.9789506416680401	0.9805727363231346	0.9788359196433413	0.9788577144611232	0.9781976338906808	0.9796306324633769	0.9758597189025547	0.9789384084077328	0.9910704115840283
0.9948255888427281	0.9912410793294377	0.9914467058091749	0.9913883616178357	0.9912481508968174	1.0	0.9923699634536226	0.9914507830484741	0.9912079811692982	0.9927995320243324	0.9890436301796721	0.9775927804549612	0.9904780450389842	0.9917753767091224	0.9900361131636173	0.9912682174619293	0.9918054596913785	0.9903064971356752	0.9939943154916968	0.994066584912645	0.9873886796678464	0.9782827413094289	0.9911575823402335	0.9771874247249199	0.9789242605209173	0.9772797342018035	0.9778228885851029	0.9772489934320396	0.9782185928515089	0.9750216251991288	0.9775621820681129	0.9887550379742164
0.989530526154062	0.9911252073727039	0.9919789648871101	0.992258720457112	0.9915548427197369	0.9923699634536226	1.0	0.992091151262731	0.9922865663004912	0.9921191384894976	0.9851695553922966	0.9696301138435138	0.9908356482339697	0.9910096881227758	0.9898916176178423	0.9929479304672333	0.993354670652672	0.9912690407269027	0.9919789648871101	0.9792887971244064	0.9884854246867667	0.9789080995498917	0.9887343285142909	0.9780177387359307	0.9716552792182106	0.9778885363354327	0.9673103517097178	0.9776285848759629	0.9784023019977702	0.9765675268482976	0.9667017784290302	0.9823957118954452
0.9932136976010275	0.9899577617615184	0.9921608559158025	0.9924898041590422	0.9923462916564415	0.9914507830484741	0.992091151262731	1.0	0.9917240853919965	0.9920159058416879	0.9886273834843932	0.9773371212656844	0.9901811807342265	0.9909830591144122	0.9894715985952396	0.9921401876196114	0.9918703175802244	0.9903343886991068	0.99138101444687	0.9934359450725315	0.9874376231668177	0.9787234178360581	0.9903173967876422	0.9781586641600951	0.9780166195698787	0.978031823951315	0.976298246258701	0.9775839557247897	0.9786922978520518	0.9757963641745324	0.9752819239415557	0.9882949700799661
0.9942891187829166	0.9918753474177632	0.9927345240731115	0.9924496141396405	0.9921248381476641	0.9912079811692982	0.9922865663004912	0.9917240853919965	1.0	0.9945802521992403	0.9908151693120502	0.979847389124526	0.9923252123191054	0.993761102865962	0.9931925192113084	0.9932942371325291	0.9925176905783434	0.9914485532176046	0.9935973728702606	0.996398080586919	0.9895336307147089	0.9807211711558063	0.993827116503532	0.978649689868116	0.9810887399103112	0.979562752747328	0.9786020698916766	0.9786786131970631	0.9798429258339045	0.9756194576698898	0.978803369797461	0.9908835475907813
0.9947097011081292	0.9916798049248706	0.9940230934435066	0.9944466206166628	0.9945992985287636	0.9927995320243324	0.9921191384894976	0.9920159058416879	0.9945802521992403	1.0	0.9913851693298493	0.978347941152021	0.9920175630898629	0.99486356383265	0.9933912895399906	0.9955194174792373	0.9952591203762704	0.9933774750718208	0.9938486262568441	0.9959683059701989	0.9896816126557622	0.9812114129108781	0.9942382191790499	0.979958217374645	0.981366801802719	0.9804301539964946	0.9780846900564251	0.9802834047207359	0.9809242299161314	0.9773298012656421	0.9783033901424711	0.9922727692098741
0.9859221318991868	0.9869958656063988	0.9895091093773527	0.9903678770353108	0.9901552711149123	0.9890436301796721	0.9851695553922966	0.9886273834843932	0.9908151693120502	0.9913851693298493	1.0	0.9693244974771308	0.9887945134816195	0.9904208152490913	0.9905791224853915	0.9908151693120502	0.9915389323507199	0.9898875731961642	0.9888222862697522	0.9801900046697034	0.9858614392074571	0.9767448663313018	0.9876063971953952	0.9761780353819022	0.9742248606050927	0.9763816100881386	0.9682654996412254	0.9760552764193191	0.9767849790622306	0.9746734297087143	0.9692212531627742	0.9836033826456518
0.9740068443730484	0.9757145906283259	0.9799660004957517	0.9791669966737537	0.9787190628249589	0.9775927804549612	0.9696301138435138	0.9773371212656844	0.979847389124526	0.978347941152021	0.9693244974771308	1.0	0.980084182736542	0.9771225285880311	0.9780563425713467	0.9796487412286382	0.9791669966737537	0.976949830643416	0.9780563425713467	0.9674530683591896	0.9781399228921412	0.9921808505308074	0.9784307783309919	0.9907912568353375	0.9856436497093265	0.9926134626683483	0.9846387871277028	0.9913541250002276	0.9925865895189081	0.9905348026317978	0.9826298240554088	0.9686605895580812
0.99252647901384	0.9900036451909587	0.9921204311491358	0.9924067711050476	0.9922843573910769	0.9904780450389842	0.9908356482339697	0.9901811807342265	0.9923252123191054	0.9920175630898629	0.9887945134816195	0.980084182736542	1.0	0.9912066711266244	0.9899482582752613	0.9925490169189711	0.9924067711050476	0.9898679652490073	0.9916496041116185	0.9924887216233682	0.9886357138704779	0.9827792162740324	0.9913587606546239	0.9817257060301755	0.9816425200078245	0.9820620702116011	0.9800658650624173	0.9816975190087056	0.9828881659090262	0.9789638252654397	0.9799990650692716	0.9879749048411409
0.9939582690661238	0.9909527518225376	0.9932257976733501	0.9933654135529685	0.9948064446510189	0.9917753767091224	0.9910096881227758	0.9909830591144122	0.993761102865962	0.99486356383265	0.9904208152490913	0.9771225285880311	0.9912066711266244	1.0	0.9921491499930664	0.9952982397822937	0.9944423866954574	0.9938396766236101	0.992529463958056	0.9956522108115906	0.9894841230411834	0.9799424802879757	0.9944418737378532	0.9793991611681057	0.9784231370050747	0.9796719506691721	0.9767993664584879	0.9792466207416726	0.9798525524967927	0.9764047363359534	0.97732705442069	0.9909370452572672
0.9919258553897139	0.9892851797538325	0.9917666585375302	0.9929925482566441	0.9922829782226636	0.9900361131636173	0.9898916176178423	0.9894715985952396	0.9931925192113084	0.9933912895399906	0.9905791224853915	0.9780563425713467	0.9899482582752613	0.9921491499930664	1.0	0.9929323206370269	0.9930326392059443	0.9903417765355279	0.9919823010022942	0.9912425578249899	0.9869334238715618	0.9797409536782624	0.9913141600958034	0.978517768337843	0.9812743769111951	0.9794394276946219	0.977997656304009	0.9786731974857029	0.9796206771985035	0.9765593345352162	0.9775621820681129	0.9946256523187449
0.994500076945345	0.9928150345325306	0.9936543536041682	0.9924725870645942	0.9937940612715481	0.9912682174619293	0.9929479304672333	0.9921401876196114	0.9932942371325291	0.9955194174792373	0.9908151693120502	0.9796487412286382	0.9925490169189711	0.9952982397822937	0.9929323206370269	1.0	0.9943282571103623	0.9935058388107836	0.9942425877277611	0.9965916091359204	0.989704457583313	0.980860732113208	0.9954023721400033	0.9785479493112024	0.9820065672240995	0.979265327552568	0.9791954877658984	0.9786637950607467	0.980105876021049	0.9756681377734355	0.9792068206807871	0.9912562245363604
0.9944299066311454	0.9920050695056828	0.9938428103831297	0.9924035554885733	0.9927636407766818	0.9918054596913785	0.993354670652672	0.9918703175802244	0.9925176905783434	0.9952591203762704	0.9915389323507199	0.9791669966737537	0.9924067711050476	0.9944423866954574	0.9930326392059443	0.9943282571103623	1.0	0.9925524574202282	0.9950971830644941	0.995413147991132	0.9892325380747966	0.9802421566703962	0.9940538539047137	0.9782716915563241	0.9813206220005614	0.9786503969469412	0.9785592670128039	0.9778885363354327	0.9793382018463117	0.9756172489026866	0.9786224444655809	0.9913091225805656
0.9929209208874005	0.9906394045720405	0.9915300918889591	0.9909550501578354	0.992413990034369	0.9903064971356752	0.9912690407269027	0.9903343886991068	0.9914485532176046	0.9933774750718208	0.9898875731961642	0.976949830643416	0.9898679652490073	0.9938396766236101	0.9903417765355279	0.9935058388107836	0.9925524574202282	1.0	0.9919602250628193	0.9943568253106881	0.9875077916783275	0.9784543353122185	0.9929680599334075	0.9778731073585345	0.9788246497275888	0.9781803079198381	0.9768445426463338	0.977965571865747	0.978905992905614	0.9749019880251718	0.9770902174007666	0.9893773253532975
0.9933832958861296	0.991019464859757	0.9939735419258914	0.9940565581576231	0.9931317316655085	0.9939943154916968	0.9919789648871101	0.99138101444687	0.9935973728702606	0.9938486262568441	0.9888222862697522	0.9780563425713467	0.9916496041116185	0.992529463958056	0.9919823010022942	0.9942425877277611	0.9950971830644941	0.9919602250628193	1.0	0.9922696089882695	0.9891257795182243	0.9806031338198998	0.9906079347307511	0.9791356659753356	0.9801922776984058	0.9803211603833186	0.9776031028262504	0.9792984053679613	0.9803526111770658	0.9778036736995745	0.9759780140298857	0.9875333776429392
0.987652527431168	0.9920490351359665	0.9954930271116855	0.9954531115882231	0.9967456242830256	0.994066584912645	0.9792887971244064	0.9934359450725315	0.996398080586919	0.9959683059701989	0.9801900046697034	0.9674530683591896	0.9924887216233682	0.9956522108115906	0.9912425578249899	0.9965916091359204	0.995413147991132	0.9943568253106881	0.9922696089882695	1.0	0.992922641045894	0.9826358897144164	0.9948078439920597	0.9821611201793419	0.9362099105369143	0.9816186429856479	0.9662072964225985	0.9821611201793419	0.9826947548777671	0.9770605298606914	0.9689230746112205	0.9769905698914361
0.9904540491552827	0.9880680232387881	0.9880671053442276	0.9887318379559208	0.9891892995456416	0.9873886796678464	0.9884854246867667	0.9874376231668177	0.9895336307147089	0.9896816126557622	0.9858614392074571	0.9781399228921412	0.9886357138704779	0.9894841230411834	0.9869334238715618	0.989704457583313	0.9892325380747966	0.9875077916783275	0.9891257795182243	0.992922641045894	1.0	0.9791171192607117	0.9896670568624399	0.9779190591087816	0.9790731088844769	0.9785235895819249	0.9773818246211482	0.978131922050969	0.9791465142347385	0.9753490905101989	0.9774683345278772	0.9855799731012695
0.9805464001202566	0.9791890606652167	0.9801019931000231	0.9795247145764191	0.9809441836290549	0.9782827413094289	0.9789080995498917	0.9787234178360581	0.9807211711558063	0.9812114129108781	0.9767448663313018	0.9921808505308074	0.9827792162740324	0.9799424802879757	0.9797409536782624	0.980860732113208	0.9802421566703962	0.9784543353122185	0.9806031338198998	0.9826358897144164	0.9791171192607117	1.0	0.9826908714071814	0.9979410263560949	0.9961357714100462	0.993414797691941	0.9928997194782464	0.9940738337360275	0.9954970391696042	0.9902854851578633	0.9933822830149251	0.9778487329869328
0.9911593991204594	0.9896435916902716	0.9931374401540795	0.9928830436751593	0.9942790503229235	0.9911575823402335	0.9887343285142909	0.9903173967876422	0.993827116503532	0.9942382191790499	0.9876063971953952	0.9784307783309919	0.9913587606546239	0.9944418737378532	0.9913141600958034	0.9954023721400033	0.9940538539047137	0.9929680599334075	0.9906079347307511	0.9948078439920597	0.9896670568624399	0.9826908714071814	1.0	0.9813288151884603	0.9800484558311399	0.9827198610508129	0.9777351520648341	0.9819279897608267	0.9831802403263432	0.9786521858626517	0.978758232442777	0.9876221580459478
0.9800427334254552	0.9781857088718681	0.9789697459361137	0.9767207749497215	0.9789506416680401	0.9771874247249199	0.9780177387359307	0.9781586641600951	0.978649689868116	0.979958217374645	0.9761780353819022	0.9907912568353375	0.9817257060301755	0.9793991611681057	0.978517768337843	0.9785479493112024	0.9782716915563241	0.9778731073585345	0.9791356659753356	0.9821611201793419	0.9779190591087816	0.9979410263560949	0.9813288151884603	1.0	0.9943802962820762	0.9901675372127956	0.9913700171832571	0.9919809594516917	0.9923709122110546	0.9878851588784309	0.9928864860732048	0.9772457742462882
0.9747943651856694	0.976712550918488	0.981366801802719	0.9810421655492007	0.9805727363231346	0.9789242605209173	0.9716552792182106	0.9780166195698787	0.9810887399103112	0.981366801802719	0.9742248606050927	0.9856436497093265	0.9816425200078245	0.9784231370050747	0.9812743769111951	0.9820065672240995	0.9813206220005614	0.9788246497275888	0.9801922776984058	0.9362099105369143	0.9790731088844769	0.9961357714100462	0.9800484558311399	0.9943802962820762	1.0	0.9942557338939217	0.9846568991274137	0.9938476418667302	0.9955708686573521	0.9921297897287469	0.9826784326710674	0.9754648515131635
0.9796047511243999	0.978020947556525	0.979322330312472	0.9777160180811444	0.9788359196433413	0.9772797342018035	0.9778885363354327	0.978031823951315	0.979562752747328	0.9804301539964946	0.9763816100881386	0.9926134626683483	0.9820620702116011	0.9796719506691721	0.9794394276946219	0.979265327552568	0.9786503969469412	0.9781803079198381	0.9803211603833186	0.9816186429856479	0.9785235895819249	0.993414797691941	0.9827198610508129	0.9901675372127956	0.9942557338939217	1.0	0.9918878203245924	0.9914816848285103	0.9916198415851839	0.9885455335189663	0.9942958785258764	0.9772457742462882
0.9731682061825766	0.975366862721585	0.9789001278179185	0.9791534567905754	0.9788577144611232	0.9778228885851029	0.9673103517097178	0.976298246258701	0.9786020698916766	0.9780846900564251	0.9682654996412254	0.9846387871277028	0.9800658650624173	0.9767993664584879	0.977997656304009	0.9791954877658984	0.9785592670128039	0.9768445426463338	0.9776031028262504	0.9662072964225985	0.9773818246211482	0.9928997194782464	0.9777351520648341	0.9913700171832571	0.9846568991274137	0.9918878203245924	1.0	0.9945730558313527	0.9932576538835288	0.9897356004867761	0.9815281560227647	0.9680293505996485
0.9797513988051267	0.9774544466195737	0.9786133103173694	0.9773423811809986	0.9781976338906808	0.9772489934320396	0.9776285848759629	0.9775839557247897	0.9786786131970631	0.9802834047207359	0.9760552764193191	0.9913541250002276	0.9816975190087056	0.9792466207416726	0.9786731974857029	0.9786637950607467	0.9778885363354327	0.977965571865747	0.9792984053679613	0.9821611201793419	0.978131922050969	0.9940738337360275	0.9819279897608267	0.9919809594516917	0.9938476418667302	0.9914816848285103	0.9945730558313527	1.0	0.9928276657672302	0.987605889262025	0.9932372295750572	0.9771238317716665
0.9804391231421261	0.9788687579456574	0.9803011263135742	0.9787097428448619	0.9796306324633769	0.9782185928515089	0.9784023019977702	0.9786922978520518	0.9798429258339045	0.9809242299161314	0.9767849790622306	0.9925865895189081	0.9828881659090262	0.9798525524967927	0.9796206771985035	0.980105876021049	0.9793382018463117	0.978905992905614	0.9803526111770658	0.9826947548777671	0.9791465142347385	0.9954970391696042	0.9831802403263432	0.9923709122110546	0.9955708686573521	0.9916198415851839	0.9932576538835288	0.9928276657672302	1.0	0.9885666170937204	0.9944083269293759	0.9773672619367909
0.9781008530585736	0.9761163480550468	0.976260604102766	0.9748778810153403	0.9758597189025547	0.9750216251991288	0.9765675268482976	0.9757963641745324	0.9756194576698898	0.9773298012656421	0.9746734297087143	0.9905348026317978	0.9789638252654397	0.9764047363359534	0.9765593345352162	0.9756681377734355	0.9756172489026866	0.9749019880251718	0.9778036736995745	0.9770605298606914	0.9753490905101989	0.9902854851578633	0.9786521858626517	0.9878851588784309	0.9921297897287469	0.9885455335189663	0.9897356004867761	0.987605889262025	0.9885666170937204	1.0	0.9895176647423268	0.9742296419377882
0.971894828434088	0.9747243447220096	0.978667769953627	0.9781196620518056	0.9789384084077328	0.9775621820681129	0.9667017784290302	0.9752819239415557	0.978803369797461	0.9783033901424711	0.9692212531627742	0.9826298240554088	0.9799990650692716	0.97732705442069	0.9775621820681129	0.9792068206807871	0.9786224444655809	0.9770902174007666	0.9759780140298857	0.9689230746112205	0.9774683345278772	0.9933822830149251	0.978758232442777	0.9928864860732048	0.9826784326710674	0.9942958785258764	0.9815281560227647	0.9932372295750572	0.9944083269293759	0.9895176647423268	1.0	0.9690389654072461
0.9852639883367653	0.9863261641877856	0.9897118694791464	0.9907762915993957	0.9910704115840283	0.9887550379742164	0.9823957118954452	0.9882949700799661	0.9908835475907813	0.9922727692098741	0.9836033826456518	0.9686605895580812	0.9879749048411409	0.9909370452572672	0.9946256523187449	0.9912562245363604	0.9913091225805656	0.9893773253532975	0.9875333776429392	0.9769905698914361	0.9855799731012695	0.9778487329869328	0.9876221580459478	0.9772457742462882	0.9754648515131635	0.9772457742462882	0.9680293505996485	0.9771238317716665	0.9773672619367909	0.9742296419377882	0.9690389654072461	1.0
