/home/jshaw/scratch/2022_sketched_distance/references/SGB_genome_fastas_part3/5058/Bengtsson-PalmeJ_2015__TRAVELRES16__bin.48.fa	/home/jshaw/scratch/2022_sketched_distance/references/SGB_genome_fastas_part3/5058/Bengtsson-PalmeJ_2015__TRAVELRES18__bin.133.fa	/home/jshaw/scratch/2022_sketched_distance/references/SGB_genome_fastas_part3/5058/BritoIL_2016__W1.1.ST__bin.26.fa	/home/jshaw/scratch/2022_sketched_distance/references/SGB_genome_fastas_part3/5058/BritoIL_2016__W1.27.ST__bin.61.fa	/home/jshaw/scratch/2022_sketched_distance/references/SGB_genome_fastas_part3/5058/BritoIL_2016__W1.33.ST__bin.18.fa	/home/jshaw/scratch/2022_sketched_distance/references/SGB_genome_fastas_part3/5058/BritoIL_2016__W1.3.ST__bin.35.fa	/home/jshaw/scratch/2022_sketched_distance/references/SGB_genome_fastas_part3/5058/BritoIL_2016__W2.35.ST__bin.39.fa	/home/jshaw/scratch/2022_sketched_distance/references/SGB_genome_fastas_part3/5058/BritoIL_2016__W2.39.ST__bin.88.fa	/home/jshaw/scratch/2022_sketched_distance/references/SGB_genome_fastas_part3/5058/BritoIL_2016__W2.54.ST__bin.69.fa	/home/jshaw/scratch/2022_sketched_distance/references/SGB_genome_fastas_part3/5058/BritoIL_2016__W3.19.ST__bin.19.fa	/home/jshaw/scratch/2022_sketched_distance/references/SGB_genome_fastas_part3/5058/CM_madagascar__A10_01_1FE__bin.2.fa	/home/jshaw/scratch/2022_sketched_distance/references/SGB_genome_fastas_part3/5058/CosteaPI_2017__mickey1-11-0-0__bin.22.fa	/home/jshaw/scratch/2022_sketched_distance/references/SGB_genome_fastas_part3/5058/CosteaPI_2017__mickey1-11-7-0__bin.18.fa	/home/jshaw/scratch/2022_sketched_distance/references/SGB_genome_fastas_part3/5058/CosteaPI_2017__SID713A063-11-90-0__bin.82.fa	/home/jshaw/scratch/2022_sketched_distance/references/SGB_genome_fastas_part3/5058/FengQ_2015__SID532915__bin.39.fa	/home/jshaw/scratch/2022_sketched_distance/references/SGB_genome_fastas_part3/5058/KarlssonFH_2013__S297__bin.5.fa	/home/jshaw/scratch/2022_sketched_distance/references/SGB_genome_fastas_part3/5058/KarlssonFH_2013__S54__bin.2.fa	/home/jshaw/scratch/2022_sketched_distance/references/SGB_genome_fastas_part3/5058/KarlssonFH_2013__S77__bin.33.fa	/home/jshaw/scratch/2022_sketched_distance/references/SGB_genome_fastas_part3/5058/LeChatelierE_2013__MH0035__bin.33.fa	/home/jshaw/scratch/2022_sketched_distance/references/SGB_genome_fastas_part3/5058/LeChatelierE_2013__MH0257__bin.30.fa	/home/jshaw/scratch/2022_sketched_distance/references/SGB_genome_fastas_part3/5058/LeChatelierE_2013__MH0421__bin.62.fa	/home/jshaw/scratch/2022_sketched_distance/references/SGB_genome_fastas_part3/5058/LiJ_2014__MH0355__bin.90.fa	/home/jshaw/scratch/2022_sketched_distance/references/SGB_genome_fastas_part3/5058/LiJ_2014__MH0374__bin.29.fa	/home/jshaw/scratch/2022_sketched_distance/references/SGB_genome_fastas_part3/5058/LiJ_2014__O2.UC4-1__bin.77.fa	/home/jshaw/scratch/2022_sketched_distance/references/SGB_genome_fastas_part3/5058/LiJ_2014__O2.UC48-1__bin.1.fa	/home/jshaw/scratch/2022_sketched_distance/references/SGB_genome_fastas_part3/5058/LiJ_2014__V1.UC40-1__bin.3.fa	/home/jshaw/scratch/2022_sketched_distance/references/SGB_genome_fastas_part3/5058/NielsenHB_2014__MH0035__bin.16.fa	/home/jshaw/scratch/2022_sketched_distance/references/SGB_genome_fastas_part3/5058/NielsenHB_2014__V1_CD30_0__bin.6.fa	/home/jshaw/scratch/2022_sketched_distance/references/SGB_genome_fastas_part3/5058/NielsenHB_2014__V1_UC40_0__bin.55.fa	/home/jshaw/scratch/2022_sketched_distance/references/SGB_genome_fastas_part3/5058/Obregon-TitoAJ_2015__SM25__bin.30.fa	/home/jshaw/scratch/2022_sketched_distance/references/SGB_genome_fastas_part3/5058/QinJ_2012__CON-041__bin.36.fa	/home/jshaw/scratch/2022_sketched_distance/references/SGB_genome_fastas_part3/5058/QinJ_2012__CON-110__bin.2.fa	/home/jshaw/scratch/2022_sketched_distance/references/SGB_genome_fastas_part3/5058/QinN_2014__HD-62__bin.20.fa	/home/jshaw/scratch/2022_sketched_distance/references/SGB_genome_fastas_part3/5058/QinN_2014__LD-14__bin.48.fa	/home/jshaw/scratch/2022_sketched_distance/references/SGB_genome_fastas_part3/5058/RampelliS_2015__H3__bin.17.fa	/home/jshaw/scratch/2022_sketched_distance/references/SGB_genome_fastas_part3/5058/RaymondF_2016__P13E0__bin.45.fa	/home/jshaw/scratch/2022_sketched_distance/references/SGB_genome_fastas_part3/5058/VogtmannE_2016__MMRS21365932ST-27-0-0__bin.54.fa	/home/jshaw/scratch/2022_sketched_distance/references/SGB_genome_fastas_part3/5058/VogtmannE_2016__MMRS32573774ST-27-0-0__bin.48.fa	/home/jshaw/scratch/2022_sketched_distance/references/SGB_genome_fastas_part3/5058/VogtmannE_2016__MMRS57276462ST-27-0-0__bin.52.fa	/home/jshaw/scratch/2022_sketched_distance/references/SGB_genome_fastas_part3/5058/XieH_2016__YSZC12003_36034__bin.36.fa	/home/jshaw/scratch/2022_sketched_distance/references/SGB_genome_fastas_part3/5058/XieH_2016__YSZC12003_36702__bin.37.fa	/home/jshaw/scratch/2022_sketched_distance/references/SGB_genome_fastas_part3/5058/XieH_2016__YSZC12003_37405__bin.120.fa	/home/jshaw/scratch/2022_sketched_distance/references/SGB_genome_fastas_part3/5058/ZeeviD_2015__PNP_Main_357__bin.31.fa	/home/jshaw/scratch/2022_sketched_distance/references/SGB_genome_fastas_part3/5058/ZeeviD_2015__PNP_Main_378__bin.15.fa	/home/jshaw/scratch/2022_sketched_distance/references/SGB_genome_fastas_part3/5058/ZeeviD_2015__PNP_Main_499__bin.37.fa	/home/jshaw/scratch/2022_sketched_distance/references/SGB_genome_fastas_part3/5058/ZeeviD_2015__PNP_Main_772__bin.19.fa	/home/jshaw/scratch/2022_sketched_distance/references/SGB_genome_fastas_part3/5058/ZeeviD_2015__PNP_Main_85__bin.49.fa
1.0	0.987232687931749	0.9870970621500225	0.9823147470572987	0.9872315017602412	0.9874921468412172	0.9869313018481289	0.979742083542228	0.9791765010551858	0.987566632600142	0.980655453515546	0.9825717624306751	0.9810827979392646	0.9934864667883703	0.9906736647808089	0.9849490341549445	0.9929255874989951	0.9823421995605229	0.986818650187392	0.9922381313182758	0.9912989196965246	0.9923646976349144	0.991035667787583	0.9891288658146827	0.9932589600367075	0.9918930714939534	0.9935947547961499	0.9930608906560175	0.9916470402952363	0.9831340223255705	0.9861288392702228	0.9855407784896812	0.9839556397453046	0.9846884721820522	0.9875076774772107	0.9894316733654722	0.989289563094907	0.9833852524768396	0.9898308474000072	0.989955305134897	0.9915673213951528	0.9858400381076949	0.9920858566672243	0.9936674782614254	0.993310887149413	0.9923802804905119	0.9915327109512931
0.987232687931749	1.0	0.9877844484828135	0.9823113714668785	0.9874305334302412	0.9880963080369503	0.9877600711152282	0.9802075358603923	0.9789084311146826	0.9881335009810501	0.9806643129205845	0.9819409818837275	0.980074145944935	0.9855366176779934	0.9855933796456543	0.9794794449169938	0.9863073103910313	0.9758553022999757	0.9787856763159826	0.9858331016046022	0.9842874150177322	0.986209797344788	0.9857773444065118	0.9830963068804018	0.9864563001850244	0.9855575477368833	0.9856697798469415	0.9861721684985214	0.9848871630800914	0.9814323222011948	0.9856729167959317	0.9851361757279461	0.9832997531013179	0.9841536201777097	0.9869996057914197	0.9830145844585809	0.9845747123772934	0.9769896263145504	0.9835149305469458	0.9838904819556985	0.9855136703616845	0.9856120930435136	0.9855501414672516	0.9869746109916161	0.985889855170987	0.9858711561940291	0.9859755489000575
0.9870970621500225	0.9877844484828135	1.0	0.9953407745396043	0.9989920884401406	0.9938495011415076	0.9910524117497077	0.986484807819199	0.9823362834809303	0.9937675492751982	0.9809035774275912	0.981963123205331	0.9797103667764838	0.9865608434672546	0.9867169951911069	0.9809246875935133	0.9874496006364655	0.9759906394809242	0.979114165946441	0.9869534377890297	0.9851713420563841	0.987418158413815	0.9863156020680939	0.984352561384918	0.9874448255157473	0.9859177829201043	0.9866139968885997	0.9873577780329149	0.9859066492684821	0.9834069588147825	0.9846836122269084	0.9850542428806488	0.983315388021333	0.9840075245895111	0.98837111813058	0.9837434213099462	0.9858238086374391	0.9791627548744958	0.984262861714441	0.9847831434136687	0.9863522547131109	0.9857147468401519	0.9866424285572065	0.9867592580218804	0.9867524847451768	0.9867836329789687	0.9870466721710461
0.9823147470572987	0.9823113714668785	0.9953407745396043	1.0	0.99534391921409	0.9888863631358623	0.9859907184083989	0.9889244313032163	0.9798733026551792	0.9888616322325293	0.9772618675064321	0.976699665178649	0.9758676785783017	0.9813636228181601	0.9816582366194426	0.9773447419029467	0.9825309161328108	0.9744671765138467	0.9696870553246222	0.9820659324234791	0.9803003134587683	0.9823435598876351	0.9811830287248904	0.9791305353147118	0.9825122781753883	0.9803047633106677	0.9812671661045518	0.9821318040925601	0.9804844208730851	0.9778025635244679	0.9794731785558488	0.979931184224209	0.97816650531114	0.9786418389171188	0.9833242377848012	0.9785350708452007	0.9809174648610854	0.9763910645247019	0.9795511022392275	0.9791688222039271	0.9808526053398271	0.9808517632410023	0.9815380378557098	0.9812579635733876	0.981348666222466	0.9816690607512863	0.9816688099540739
0.9872315017602412	0.9874305334302412	0.9989920884401406	0.99534391921409	1.0	0.9932672986038207	0.9908414811312262	0.9860199586710313	0.9824674210443856	0.993866590294142	0.9810646786466619	0.9820488169011832	0.9798172784054172	0.9863720158384716	0.9868333585122908	0.9808860669333263	0.9874568795141498	0.9760973786244566	0.979166439701009	0.9870289029072777	0.985243674946339	0.9873018679052393	0.9864103510784836	0.9843847244213576	0.9875762874141024	0.9857558157720908	0.9862854356636579	0.9872262102823153	0.985737363127363	0.9835084258470826	0.984739045283702	0.9850903245280365	0.9834414454123123	0.984079440706439	0.9881277904203501	0.9835866818326885	0.9858074648738906	0.9792966774338833	0.9840546973108775	0.984603520991114	0.986160210051642	0.9854607141676432	0.9864895726233125	0.9866005944487529	0.9866005746704739	0.9866472732916775	0.9868226968666374
0.9874921468412172	0.9880963080369503	0.9938495011415076	0.9888863631358623	0.9932672986038207	1.0	0.9928247450931332	0.9913111489717723	0.9828314202777306	0.995627120134778	0.981616681462371	0.9824944734289486	0.9806014002924244	0.9869648310732289	0.9869434257370922	0.981306362154432	0.9873225039462565	0.9763329973968059	0.9800350009628134	0.9869054077667979	0.9855512780315675	0.9875553766301992	0.9864396870944615	0.9843002215280685	0.9879217148705195	0.9861633388446609	0.9869474515442627	0.9875087498229883	0.9862965965869268	0.9848867899700547	0.9846122942481889	0.9855297946177071	0.9837784761279876	0.9842541357467909	0.9887032719576277	0.9843034012486033	0.986104556064777	0.9791110848793287	0.9845297953118073	0.9847547835418341	0.9865269723489429	0.9854042326490368	0.9865719139156984	0.9872360386528968	0.986982354793713	0.986786070116441	0.9869281018818353
0.9869313018481289	0.9877600711152282	0.9910524117497077	0.9859907184083989	0.9908414811312262	0.9928247450931332	1.0	0.9860018209903626	0.9870969089587683	0.9923685236504441	0.9812379849878136	0.981834562532941	0.9799531983896815	0.9865549559058661	0.9865058381906963	0.9809646384388341	0.9867695229921694	0.9757072547593046	0.979459582264056	0.9864369252801108	0.9843649832806052	0.987137616849598	0.9861396908375512	0.9842649447711515	0.9873969801687623	0.9854960131280723	0.9864145161589906	0.9870291605616035	0.9860060928026436	0.9837214926920431	0.9844364038755054	0.985213568352879	0.9831105757020907	0.9840237483439613	0.9882014106443631	0.9830240411035273	0.9851012704564075	0.9788521243412093	0.9837028596494859	0.9845743567979632	0.9861998837194871	0.9849165223039406	0.9861046460696178	0.9871570261794195	0.9865554524824992	0.9863139703369692	0.9865447891291531
0.979742083542228	0.9802075358603923	0.986484807819199	0.9889244313032163	0.9860199586710313	0.9913111489717723	0.9860018209903626	1.0	0.9783293635291291	0.9891498917962093	0.9753523735601557	0.9742633935033677	0.9732703852135739	0.9792576638047165	0.9789599829379779	0.974804717689028	0.979431734861633	0.9736459357521388	0.969156570693381	0.9790393242902911	0.9778485310716761	0.9801003067856989	0.9780830199963272	0.975870550173033	0.9804843122867881	0.9777032984567192	0.9789972633147856	0.9802173990297447	0.9785727002642728	0.9767593301742563	0.976549347362749	0.977248428024396	0.9758071387573484	0.975969558806156	0.9808847691196177	0.9761096416660835	0.9782143572660132	0.9734896984251021	0.9769321221380971	0.9774258777396948	0.9785163162144542	0.9779088858381563	0.978947383529264	0.978995140005509	0.9790889385000573	0.9791831035952869	0.9784669029578591
0.9791765010551858	0.9789084311146826	0.9823362834809303	0.9798733026551792	0.9824674210443856	0.9828314202777306	0.9870969089587683	0.9783293635291291	1.0	0.9838561955182398	0.9781919452315005	0.973860712995268	0.9758554041422907	0.9774803146139205	0.9787253581185584	0.9741616755041981	0.9781288813713676	0.9718584232256793	0.9695248332608525	0.9779310027673773	0.9766028218146993	0.9787937846357199	0.977983259157576	0.9747191337717804	0.9789447949882483	0.9764990162846793	0.977226119580672	0.9778672488878939	0.9780167297960373	0.973881222214833	0.9765224734544725	0.9759339937037278	0.9748565060090728	0.9754915344559283	0.9788521243412093	0.9755042975931625	0.9779527191178776	0.9758523680278016	0.9774290380478007	0.9758064946176355	0.9773409368739177	0.9768500075199003	0.9772819395572325	0.9782769295667328	0.9774667112234734	0.9776813315962528	0.9774981855501474
0.987566632600142	0.9881335009810501	0.9937675492751982	0.9888616322325293	0.993866590294142	0.995627120134778	0.9923685236504441	0.9891498917962093	0.9838561955182398	1.0	0.9824034734992021	0.9826355450363962	0.9813323389435948	0.98654448799203	0.9874026763293078	0.9809231458531641	0.9871152520989261	0.976520843771006	0.98023329854519	0.986956888909947	0.9854063520955252	0.9873716460893736	0.9867988594352805	0.9847048735237542	0.9878987871412299	0.9858865969234856	0.986563824853631	0.9871638189209712	0.9859930391094436	0.9843471484848346	0.9851657811588515	0.985668118472935	0.9839585957370168	0.9846498833413007	0.9884275611809018	0.9838954375927036	0.9857496073234875	0.9800124182888336	0.984391680410837	0.9845108261180257	0.986399358458797	0.9853283156093637	0.9863550090395866	0.9869046749969637	0.9864716901522643	0.9866673487277322	0.9865336944526416
0.980655453515546	0.9806643129205845	0.9809035774275912	0.9772618675064321	0.9810646786466619	0.981616681462371	0.9812379849878136	0.9753523735601557	0.9781919452315005	0.9824034734992021	1.0	0.9773501616026692	0.9805990817022241	0.9792549111218212	0.9815856604650242	0.9763476044403699	0.9796662841538502	0.9729092620914503	0.972118368364457	0.979966852651956	0.9788111919247706	0.9805866928826672	0.979852624377062	0.9768404592243597	0.9808072283824618	0.9780437054449088	0.9788056379133969	0.9794078239229027	0.9795674746457955	0.9758107185479797	0.9790775268119685	0.9788229662124006	0.9774963948210665	0.9783615949845261	0.9809857776933053	0.9776163258721363	0.9800041133840969	0.9774948408329208	0.9804192041560718	0.9771099231576477	0.9794128218546065	0.9792332176745211	0.9790870035333092	0.9804143742180221	0.9790725423524332	0.9795403635934351	0.9791499972012956
0.9825717624306751	0.9819409818837275	0.981963123205331	0.976699665178649	0.9820488169011832	0.9824944734289486	0.981834562532941	0.9742633935033677	0.973860712995268	0.9826355450363962	0.9773501616026692	1.0	0.9887289524242708	0.982000200289455	0.982652065413649	0.9777183397474118	0.9827925029187152	0.9714112663598555	0.9733178069916889	0.9826886499540041	0.9811360604987055	0.9831062993245526	0.9823297127763846	0.9796163777163808	0.983161650277335	0.9816288221947896	0.9815163563086053	0.9821580566679144	0.9814162928574718	0.9787891894330342	0.986558547557282	0.9873445988529529	0.9858755317655946	0.9859570793064381	0.982554663976554	0.9799929570654122	0.9819181570602568	0.9747574384893376	0.9796494368686363	0.9801851826815643	0.981651806156934	0.9839136509563051	0.9820368399085708	0.9822412641532983	0.982025624320972	0.9823198789762441	0.9819027220825345
0.9810827979392646	0.980074145944935	0.9797103667764838	0.9758676785783017	0.9798172784054172	0.9806014002924244	0.9799531983896815	0.9732703852135739	0.9758554041422907	0.9813323389435948	0.9805990817022241	0.9887289524242708	1.0	0.9794148680988262	0.981188265694815	0.9772307536794596	0.9804697310445445	0.9732539289122545	0.9732928925404628	0.9803313446756581	0.9793338072345754	0.981243131846131	0.9808629949846572	0.9770033170868627	0.9816503835442735	0.9792831723897668	0.9795463788029051	0.9801937924098858	0.9802555752353393	0.9755987580538872	0.9842569371020597	0.9841310318974075	0.9822500638161608	0.9831360643593928	0.9797985045111696	0.9784193267938018	0.9804245942873451	0.9780476068401367	0.9809789097198146	0.977465201616546	0.9791863268655162	0.9815633452106869	0.9794679002622675	0.9804225350607954	0.979235559969272	0.9799720015991679	0.9798179246466033
0.9934864667883703	0.9855366176779934	0.9865608434672546	0.9813636228181601	0.9863720158384716	0.9869648310732289	0.9865549559058661	0.9792576638047165	0.9774803146139205	0.98654448799203	0.9792549111218212	0.982000200289455	0.9794148680988262	1.0	0.9904364032133123	0.9857457102471866	0.9937844803330711	0.9819649098121098	0.9878219546600541	0.9932722810489969	0.9923594938883064	0.9936930750702859	0.9911546471459403	0.9905732909101348	0.9941432666981413	0.9923971769843974	0.9951451968426415	0.9943928995862606	0.9915498652905566	0.9831711976993877	0.984920332143746	0.9850454221007056	0.9830251930555439	0.9841159710698426	0.9871299895582438	0.9903763363429541	0.9899489958741295	0.9826312830671599	0.9903684566875673	0.9913624557141338	0.993057275367921	0.9854581587435075	0.9932963474416562	0.994590478162706	0.994504789025043	0.9934355424815853	0.99223440268635
0.9906736647808089	0.9855933796456543	0.9867169951911069	0.9816582366194426	0.9868333585122908	0.9869434257370922	0.9865058381906963	0.9789599829379779	0.9787253581185584	0.9874026763293078	0.9815856604650242	0.982652065413649	0.981188265694815	0.9904364032133123	1.0	0.9858999891208838	0.9917844032813794	0.9809070212789692	0.9845399903330572	0.9913057797569383	0.9893622120794813	0.9914802030730606	0.991271172067799	0.9887092238927001	0.9916219645995845	0.9907032903824722	0.9905628164455937	0.9911506151505595	0.9915228049159448	0.9833272937663928	0.9850393520421846	0.9849091289873497	0.9831611937700555	0.9842414674775987	0.9875896889532275	0.9877177214756552	0.9905352295820374	0.9838283534133135	0.988759029870475	0.9891892226446228	0.9907691520722647	0.985706773912807	0.9906795256140528	0.9912155377937738	0.9908832758078658	0.9911143322979974	0.9915133957815861
0.9849490341549445	0.9794794449169938	0.9809246875935133	0.9773447419029467	0.9808860669333263	0.981306362154432	0.9809646384388341	0.974804717689028	0.9741616755041981	0.9809231458531641	0.9763476044403699	0.9777183397474118	0.9772307536794596	0.9857457102471866	0.9858999891208838	1.0	0.985986334119524	0.9770533787927874	0.9773168789239823	0.986089870661608	0.9848188179139711	0.9867511186580307	0.9856449093518774	0.9829634237675406	0.9866394128458555	0.9851826952689812	0.985748665571314	0.9859609683267828	0.9853009364099565	0.9773207206301604	0.9790274090691156	0.979659246042306	0.9782029992584332	0.9789564918698817	0.9815945228053927	0.9832197033171567	0.9861347151214038	0.9791938663437397	0.984604885772492	0.9839552770846752	0.9857044656876616	0.9803650680222107	0.9853182439169236	0.9863197581506028	0.9852673954907433	0.9858028561355509	0.9852429496347161
0.9929255874989951	0.9863073103910313	0.9874496006364655	0.9825309161328108	0.9874568795141498	0.9873225039462565	0.9867695229921694	0.979431734861633	0.9781288813713676	0.9871152520989261	0.9796662841538502	0.9827925029187152	0.9804697310445445	0.9937844803330711	0.9917844032813794	0.985986334119524	1.0	0.982986396263402	0.9873466185197919	0.9941046661072761	0.9917115125420433	0.9943785913099045	0.9919267332514787	0.9923302400859477	0.9939743772954399	0.9925235628762019	0.9938427686690701	0.9943768677973172	0.9924039773481476	0.9834645708404337	0.9855404576418416	0.9854976217501416	0.9838568235410808	0.9847641768270016	0.9877242195766381	0.9898617540555187	0.9904621643672618	0.9835149901554322	0.9902763176712012	0.9917097249078342	0.9935988048627045	0.9863355559408076	0.9942900248516432	0.9935759251713951	0.9936188036786514	0.9945140193500366	0.9934353817036776
0.9823421995605229	0.9758553022999757	0.9759906394809242	0.9744671765138467	0.9760973786244566	0.9763329973968059	0.9757072547593046	0.9736459357521388	0.9718584232256793	0.976520843771006	0.9729092620914503	0.9714112663598555	0.9732539289122545	0.9819649098121098	0.9809070212789692	0.9770533787927874	0.982986396263402	1.0	0.9737019692719286	0.9823568840828051	0.9806838040252495	0.9841289630043865	0.9808891383890175	0.9788109858805396	0.9828213656392241	0.9809217799563057	0.98174545668774	0.9821474544769259	0.9826445983173107	0.971386777883254	0.9749682741441104	0.9737054998487882	0.972314835842148	0.972668217772505	0.9760494710241809	0.9792927151099718	0.9796722466571143	0.9769122036419192	0.9816027999540564	0.9804161888754962	0.9821882950689239	0.9753144562339472	0.9826572123334175	0.9820116958056252	0.9817112268110023	0.9831660430315629	0.9818339918433571
0.986818650187392	0.9787856763159826	0.979114165946441	0.9696870553246222	0.979166439701009	0.9800350009628134	0.979459582264056	0.969156570693381	0.9695248332608525	0.98023329854519	0.972118368364457	0.9733178069916889	0.9732928925404628	0.9878219546600541	0.9845399903330572	0.9773168789239823	0.9873466185197919	0.9737019692719286	1.0	0.986808519806283	0.9849686556949178	0.9864694015206522	0.9854774084948192	0.9843989114363251	0.9878272000400851	0.9854688704826763	0.9911680796321286	0.9875120838310419	0.9854778864818503	0.9761794133981253	0.9781629758362786	0.977967428431396	0.9754086200212568	0.9775255986444847	0.980493452581005	0.9825619125302741	0.9823969854467031	0.9751578041754158	0.9829968899887419	0.9841368041011478	0.9865164337481659	0.9784333185842259	0.9859327833022224	0.987420062096563	0.9874618216815119	0.986325125097463	0.9849323004099004
0.9922381313182758	0.9858331016046022	0.9869534377890297	0.9820659324234791	0.9870289029072777	0.9869054077667979	0.9864369252801108	0.9790393242902911	0.9779310027673773	0.986956888909947	0.979966852651956	0.9826886499540041	0.9803313446756581	0.9932722810489969	0.9913057797569383	0.986089870661608	0.9941046661072761	0.9823568840828051	0.986808519806283	1.0	0.9919081430601419	0.9951685704879825	0.9914482205532319	0.993138171155217	0.9934430376681203	0.9926427760653079	0.9932304194455789	0.993516294339669	0.9922570765613402	0.983948922342259	0.9853375483638227	0.9854501836055796	0.9835409783142377	0.9845435827265278	0.9874994974448699	0.9903091201242934	0.9901698361008534	0.9835299208079245	0.9904679419579037	0.9920886202605105	0.9949238695079957	0.9860122360163526	0.9933507719773537	0.9930837039923349	0.9931048404608914	0.9934034548933991	0.9924649144102197
0.9912989196965246	0.9842874150177322	0.9851713420563841	0.9803003134587683	0.985243674946339	0.9855512780315675	0.9843649832806052	0.9778485310716761	0.9766028218146993	0.9854063520955252	0.9788111919247706	0.9811360604987055	0.9793338072345754	0.9923594938883064	0.9893622120794813	0.9848188179139711	0.9917115125420433	0.9806838040252495	0.9849686556949178	0.9919081430601419	1.0	0.9918800869692062	0.9894187950972263	0.9889274427115284	0.9924939638631884	0.9904620979598968	0.9923338844266927	0.9924917387494478	0.9902576309849428	0.981855537702532	0.983099388969413	0.9832852649447624	0.9817492095675514	0.9824820176842639	0.9854377982958394	0.9912063257326789	0.98862620131115	0.9823953631091935	0.9891845060556964	0.9894410147243605	0.9907315117788289	0.984213036102852	0.9915256303926544	0.9918927276094933	0.9918916566840855	0.9918121453180685	0.990267965653649
0.9923646976349144	0.986209797344788	0.987418158413815	0.9823435598876351	0.9873018679052393	0.9875553766301992	0.987137616849598	0.9801003067856989	0.9787937846357199	0.9873716460893736	0.9805866928826672	0.9831062993245526	0.981243131846131	0.9936930750702859	0.9914802030730606	0.9867511186580307	0.9943785913099045	0.9841289630043865	0.9864694015206522	0.9951685704879825	0.9918800869692062	1.0	0.9921058377523652	0.9924122808493065	0.9935912806726124	0.9929573996928934	0.9934573293934843	0.9937213306590168	0.9929376293271243	0.9839405042670281	0.9858907965618605	0.9861751274540124	0.9840525432953865	0.9847844586128524	0.9880923825731478	0.9907249117467072	0.9901806224530882	0.9843020485726505	0.9912580594325476	0.9919764497283412	0.9939333808377905	0.9867234352942741	0.9945150252855043	0.9936146212154211	0.9933150071683386	0.9947751671371639	0.9934550145268554
0.991035667787583	0.9857773444065118	0.9863156020680939	0.9811830287248904	0.9864103510784836	0.9864396870944615	0.9861396908375512	0.9780830199963272	0.977983259157576	0.9867988594352805	0.979852624377062	0.9823297127763846	0.9808629949846572	0.9911546471459403	0.991271172067799	0.9856449093518774	0.9919267332514787	0.9808891383890175	0.9854774084948192	0.9914482205532319	0.9894187950972263	0.9921058377523652	1.0	0.9893090937760275	0.9915279917783307	0.9909827400347748	0.9908896581804342	0.991346794294278	0.9907455891686534	0.9829861067871017	0.9852272127045772	0.9847067817337052	0.9836626982057449	0.9847290274718534	0.9870670532886132	0.9876152374515842	0.9903239495431044	0.9828202215765359	0.9888974079192259	0.989667943945123	0.9912357460118973	0.9857716172934565	0.9911942437231034	0.9908810191683428	0.9909741598365659	0.9914414345701861	0.9912290391290324
0.9891288658146827	0.9830963068804018	0.984352561384918	0.9791305353147118	0.9843847244213576	0.9843002215280685	0.9842649447711515	0.975870550173033	0.9747191337717804	0.9847048735237542	0.9768404592243597	0.9796163777163808	0.9770033170868627	0.9905732909101348	0.9887092238927001	0.9829634237675406	0.9923302400859477	0.9788109858805396	0.9843989114363251	0.993138171155217	0.9889274427115284	0.9924122808493065	0.9893090937760275	1.0	0.9904658666759537	0.9902525233604821	0.9905957789937438	0.9908184734350383	0.9896013724275904	0.9813114765318999	0.9823097066773844	0.9827570155036313	0.9805744612971659	0.9820048972429671	0.9847096108305236	0.9874318085385565	0.987508838216977	0.9805236649087092	0.9873533543238425	0.9891306284116282	0.9917813065434239	0.9832543881680367	0.9905955483102192	0.989985452561939	0.9902138276707185	0.9907851866243736	0.990129044715603
0.9932589600367075	0.9864563001850244	0.9874448255157473	0.9825122781753883	0.9875762874141024	0.9879217148705195	0.9873969801687623	0.9804843122867881	0.9789447949882483	0.9878987871412299	0.9808072283824618	0.983161650277335	0.9816503835442735	0.9941432666981413	0.9916219645995845	0.9866394128458555	0.9939743772954399	0.9828213656392241	0.9878272000400851	0.9934430376681203	0.9924939638631884	0.9935912806726124	0.9915279917783307	0.9904658666759537	1.0	0.9925520421684109	0.9939374163554019	0.9958989390719685	0.9927098792872148	0.9841833447344475	0.985907922553774	0.9859670977155739	0.9844455518782269	0.9853990656625695	0.9877638958126661	0.9909173610820077	0.9904279261770794	0.9840091299709643	0.9906095858254301	0.9910558058562122	0.9928369011730289	0.9863528288888209	0.9930134869599718	0.9942088552385944	0.9932735359395358	0.9932626239304061	0.9932442957348503
0.9918930714939534	0.9855575477368833	0.9859177829201043	0.9803047633106677	0.9857558157720908	0.9861633388446609	0.9854960131280723	0.9777032984567192	0.9764990162846793	0.9858865969234856	0.9780437054449088	0.9816288221947896	0.9792831723897668	0.9923971769843974	0.9907032903824722	0.9851826952689812	0.9925235628762019	0.9809217799563057	0.9854688704826763	0.9926427760653079	0.9904620979598968	0.9929573996928934	0.9909827400347748	0.9902525233604821	0.9925520421684109	1.0	0.9920364123040993	0.9930328323069402	0.9958941423167358	0.9829602273592838	0.9847317233168745	0.9847695812242022	0.9828181770483704	0.9836127941114241	0.9873606483060913	0.9897902036721065	0.9895485439057069	0.981761390495374	0.9887255190709994	0.990584920884977	0.9927402102431545	0.9854774798496123	0.9923884158459498	0.9918087612314028	0.9919036747688718	0.9926571632603038	0.9936047606606292
0.9935947547961499	0.9856697798469415	0.9866139968885997	0.9812671661045518	0.9862854356636579	0.9869474515442627	0.9864145161589906	0.9789972633147856	0.977226119580672	0.986563824853631	0.9788056379133969	0.9815163563086053	0.9795463788029051	0.9951451968426415	0.9905628164455937	0.985748665571314	0.9938427686690701	0.98174545668774	0.9911680796321286	0.9932304194455789	0.9923338844266927	0.9934573293934843	0.9908896581804342	0.9905957789937438	0.9939374163554019	0.9920364123040993	1.0	0.9944487821274178	0.9916693807878917	0.9833799738982671	0.9844589566606348	0.9849751633090995	0.9827225302712523	0.983851704648317	0.9872003986910132	0.9903849770579599	0.9895998362167084	0.9822209523882479	0.9905826638515752	0.9909250934790241	0.9927657119279815	0.9854987063920398	0.9928627513264686	0.9951498389625321	0.9946149976091821	0.9931882163670933	0.9922996743562119
0.9930608906560175	0.9861721684985214	0.9873577780329149	0.9821318040925601	0.9872262102823153	0.9875087498229883	0.9870291605616035	0.9802173990297447	0.9778672488878939	0.9871638189209712	0.9794078239229027	0.9821580566679144	0.9801937924098858	0.9943928995862606	0.9911506151505595	0.9859609683267828	0.9943768677973172	0.9821474544769259	0.9875120838310419	0.993516294339669	0.9924917387494478	0.9937213306590168	0.991346794294278	0.9908184734350383	0.9958989390719685	0.9930328323069402	0.9944487821274178	1.0	0.9927008352917545	0.9837515339643018	0.9851673232999694	0.9850027219206718	0.9837165236329958	0.9845080475401551	0.9877005844125832	0.9909770285153814	0.9897843974264765	0.982814425245888	0.9904436961502999	0.9914081443402135	0.9932109773900202	0.9859801060233272	0.9932315316148371	0.9941855641957209	0.9937429058477172	0.993416050277228	0.9934888730747983
0.9916470402952363	0.9848871630800914	0.9859066492684821	0.9804844208730851	0.985737363127363	0.9862965965869268	0.9860060928026436	0.9785727002642728	0.9780167297960373	0.9859930391094436	0.9795674746457955	0.9814162928574718	0.9802555752353393	0.9915498652905566	0.9915228049159448	0.9853009364099565	0.9924039773481476	0.9826445983173107	0.9854778864818503	0.9922570765613402	0.9902576309849428	0.9929376293271243	0.9907455891686534	0.9896013724275904	0.9927098792872148	0.9958941423167358	0.9916693807878917	0.9927008352917545	1.0	0.9825428368771189	0.9837553590482805	0.9841562234893038	0.9824094084160366	0.9833229216695822	0.9871697450606456	0.9900605698415486	0.9894146130167231	0.9830925287899722	0.9895699672328387	0.990297795340237	0.9919276528583114	0.9851870920797342	0.9919606084065374	0.9918004080461078	0.991561122742284	0.9923832315833669	0.9935056356317085
0.9831340223255705	0.9814323222011948	0.9834069588147825	0.9778025635244679	0.9835084258470826	0.9848867899700547	0.9837214926920431	0.9767593301742563	0.973881222214833	0.9843471484848346	0.9758107185479797	0.9787891894330342	0.9755987580538872	0.9831711976993877	0.9833272937663928	0.9773207206301604	0.9834645708404337	0.971386777883254	0.9761794133981253	0.983948922342259	0.981855537702532	0.9839405042670281	0.9829861067871017	0.9813114765318999	0.9841833447344475	0.9829602273592838	0.9833799738982671	0.9837515339643018	0.9825428368771189	1.0	0.9804785216692878	0.9808987144845297	0.9789992242615965	0.9793615591910124	0.9846252180294517	0.9808520334583298	0.9821674622237608	0.9746222191586127	0.9801340444822985	0.9815694088703738	0.983225203082596	0.980858462661918	0.9830578172931003	0.9834607408943125	0.9831020733297267	0.9832812010993186	0.9830109376444194
0.9861288392702228	0.9856729167959317	0.9846836122269084	0.9794731785558488	0.984739045283702	0.9846122942481889	0.9844364038755054	0.976549347362749	0.9765224734544725	0.9851657811588515	0.9790775268119685	0.986558547557282	0.9842569371020597	0.984920332143746	0.9850393520421846	0.9790274090691156	0.9855404576418416	0.9749682741441104	0.9781629758362786	0.9853375483638227	0.983099388969413	0.9858907965618605	0.9852272127045772	0.9823097066773844	0.985907922553774	0.9847317233168745	0.9844589566606348	0.9851673232999694	0.9837553590482805	0.9804785216692878	1.0	0.9899413894869116	0.9886648435410397	0.9889943308919705	0.9850657889951224	0.9814240844698587	0.9835215263774791	0.9762501510712301	0.9821655240954443	0.9833549547555686	0.9849310537512681	0.9877985739443644	0.9846438447783111	0.9850235902288806	0.984787305763056	0.9849652085008803	0.984471265806964
0.9855407784896812	0.9851361757279461	0.9850542428806488	0.979931184224209	0.9850903245280365	0.9855297946177071	0.985213568352879	0.977248428024396	0.9759339937037278	0.985668118472935	0.9788229662124006	0.9873445988529529	0.9841310318974075	0.9850454221007056	0.9849091289873497	0.979659246042306	0.9854976217501416	0.9737054998487882	0.977967428431396	0.9854501836055796	0.9832852649447624	0.9861751274540124	0.9847067817337052	0.9827570155036313	0.9859670977155739	0.9847695812242022	0.9849751633090995	0.9850027219206718	0.9841562234893038	0.9808987144845297	0.9899413894869116	1.0	0.9891316844017026	0.9898051848973013	0.9850553192838494	0.981953375636205	0.9841100471240029	0.9767181860303984	0.9818036671239525	0.9832043840559008	0.9848867867437463	0.9869699524060748	0.9850406814769237	0.9854028723701684	0.9848790976784182	0.9851475283897632	0.9849229658286792
0.9839556397453046	0.9832997531013179	0.983315388021333	0.97816650531114	0.9834414454123123	0.9837784761279876	0.9831105757020907	0.9758071387573484	0.9748565060090728	0.9839585957370168	0.9774963948210665	0.9858755317655946	0.9822500638161608	0.9830251930555439	0.9831611937700555	0.9782029992584332	0.9838568235410808	0.972314835842148	0.9754086200212568	0.9835409783142377	0.9817492095675514	0.9840525432953865	0.9836626982057449	0.9805744612971659	0.9844455518782269	0.9828181770483704	0.9827225302712523	0.9837165236329958	0.9824094084160366	0.9789992242615965	0.9886648435410397	0.9891316844017026	1.0	0.9959534359357243	0.9839751533595457	0.980416295337978	0.9825626002988689	0.9750097055905036	0.9805008058652595	0.9815091445223839	0.9833539527256984	0.9855140059685618	0.9833504296577712	0.9832664089561173	0.9829909058612758	0.9835113005185344	0.9831499582206634
0.9846884721820522	0.9841536201777097	0.9840075245895111	0.9786418389171188	0.984079440706439	0.9842541357467909	0.9840237483439613	0.975969558806156	0.9754915344559283	0.9846498833413007	0.9783615949845261	0.9859570793064381	0.9831360643593928	0.9841159710698426	0.9842414674775987	0.9789564918698817	0.9847641768270016	0.972668217772505	0.9775255986444847	0.9845435827265278	0.9824820176842639	0.9847844586128524	0.9847290274718534	0.9820048972429671	0.9853990656625695	0.9836127941114241	0.983851704648317	0.9845080475401551	0.9833229216695822	0.9793615591910124	0.9889943308919705	0.9898051848973013	0.9959534359357243	1.0	0.9846365150173018	0.9812003606970697	0.9836946232199193	0.9764318478730971	0.9816117532376365	0.9820957628570125	0.9840821360147184	0.9864030306334546	0.9841696503891352	0.9842229804092192	0.9839257712567738	0.9843048032170914	0.983908310750509
0.9875076774772107	0.9869996057914197	0.98837111813058	0.9833242377848012	0.9881277904203501	0.9887032719576277	0.9882014106443631	0.9808847691196177	0.9788521243412093	0.9884275611809018	0.9809857776933053	0.982554663976554	0.9797985045111696	0.9871299895582438	0.9875896889532275	0.9815945228053927	0.9877242195766381	0.9760494710241809	0.980493452581005	0.9874994974448699	0.9854377982958394	0.9880923825731478	0.9870670532886132	0.9847096108305236	0.9877638958126661	0.9873606483060913	0.9872003986910132	0.9877005844125832	0.9871697450606456	0.9846252180294517	0.9850657889951224	0.9850553192838494	0.9839751533595457	0.9846365150173018	1.0	0.9842976458655385	0.9866293523660292	0.9794256811585555	0.9844025072255159	0.9855872327539484	0.9874034573466758	0.9867524128329512	0.9872124715860526	0.9876684353493074	0.9874646356028302	0.9874543164069207	0.9876188347177033
0.9894316733654722	0.9830145844585809	0.9837434213099462	0.9785350708452007	0.9835866818326885	0.9843034012486033	0.9830240411035273	0.9761096416660835	0.9755042975931625	0.9838954375927036	0.9776163258721363	0.9799929570654122	0.9784193267938018	0.9903763363429541	0.9877177214756552	0.9832197033171567	0.9898617540555187	0.9792927151099718	0.9825619125302741	0.9903091201242934	0.9912063257326789	0.9907249117467072	0.9876152374515842	0.9874318085385565	0.9909173610820077	0.9897902036721065	0.9903849770579599	0.9909770285153814	0.9900605698415486	0.9808520334583298	0.9814240844698587	0.981953375636205	0.980416295337978	0.9812003606970697	0.9842976458655385	1.0	0.987046694840231	0.9816843432549088	0.9879801703714828	0.987396727065611	0.9892675764809293	0.9829050624999462	0.9896741725934056	0.9902714972592082	0.989212836072115	0.9900096164855289	0.9894110397179492
0.989289563094907	0.9845747123772934	0.9858238086374391	0.9809174648610854	0.9858074648738906	0.986104556064777	0.9851012704564075	0.9782143572660132	0.9779527191178776	0.9857496073234875	0.9800041133840969	0.9819181570602568	0.9804245942873451	0.9899489958741295	0.9905352295820374	0.9861347151214038	0.9904621643672618	0.9796722466571143	0.9823969854467031	0.9901698361008534	0.98862620131115	0.9901806224530882	0.9903239495431044	0.987508838216977	0.9904279261770794	0.9895485439057069	0.9895998362167084	0.9897843974264765	0.9894146130167231	0.9821674622237608	0.9835215263774791	0.9841100471240029	0.9825626002988689	0.9836946232199193	0.9866293523660292	0.987046694840231	1.0	0.9829696976842901	0.9881217654557031	0.9882396196353648	0.9899903687993292	0.9848075788466627	0.9896145068459102	0.990210665600619	0.9900594723139462	0.9898432439703562	0.9898634468311454
0.9833852524768396	0.9769896263145504	0.9791627548744958	0.9763910645247019	0.9792966774338833	0.9791110848793287	0.9788521243412093	0.9734896984251021	0.9758523680278016	0.9800124182888336	0.9774948408329208	0.9747574384893376	0.9780476068401367	0.9826312830671599	0.9838283534133135	0.9791938663437397	0.9835149901554322	0.9769122036419192	0.9751578041754158	0.9835299208079245	0.9823953631091935	0.9843020485726505	0.9828202215765359	0.9805236649087092	0.9840091299709643	0.981761390495374	0.9822209523882479	0.982814425245888	0.9830925287899722	0.9746222191586127	0.9762501510712301	0.9767181860303984	0.9750097055905036	0.9764318478730971	0.9794256811585555	0.9816843432549088	0.9829696976842901	1.0	0.9839829319880514	0.9804246117611889	0.9820698798890964	0.9782216373258603	0.982972412503961	0.9832560216164569	0.9826871455028133	0.9832947930461037	0.9823458555763354
0.9898308474000072	0.9835149305469458	0.984262861714441	0.9795511022392275	0.9840546973108775	0.9845297953118073	0.9837028596494859	0.9769321221380971	0.9774290380478007	0.984391680410837	0.9804192041560718	0.9796494368686363	0.9809789097198146	0.9903684566875673	0.988759029870475	0.984604885772492	0.9902763176712012	0.9816027999540564	0.9829968899887419	0.9904679419579037	0.9891845060556964	0.9912580594325476	0.9888974079192259	0.9873533543238425	0.9906095858254301	0.9887255190709994	0.9905826638515752	0.9904436961502999	0.9895699672328387	0.9801340444822985	0.9821655240954443	0.9818036671239525	0.9805008058652595	0.9816117532376365	0.9844025072255159	0.9879801703714828	0.9881217654557031	0.9839829319880514	1.0	0.988166179863348	0.9899458252942014	0.983650381012385	0.9900154409012208	0.9911953908595591	0.990227247000081	0.9903161412539258	0.9891774248033982
