/home/jshaw/scratch/2022_sketched_distance/references/SGB_genome_fastas_part4/9307/LeChatelierE_2013__MH0143__bin.30.fa	/home/jshaw/scratch/2022_sketched_distance/references/SGB_genome_fastas_part4/9307/LeChatelierE_2013__MH0276__bin.90.fa	/home/jshaw/scratch/2022_sketched_distance/references/SGB_genome_fastas_part4/9307/LiJ_2014__MH0222__bin.37.fa	/home/jshaw/scratch/2022_sketched_distance/references/SGB_genome_fastas_part4/9307/LiJ_2014__MH0303__bin.38.fa	/home/jshaw/scratch/2022_sketched_distance/references/SGB_genome_fastas_part4/9307/LiJ_2014__MH0395__bin.25.fa	/home/jshaw/scratch/2022_sketched_distance/references/SGB_genome_fastas_part4/9307/NielsenHB_2014__MH0143__bin.55.fa	/home/jshaw/scratch/2022_sketched_distance/references/SGB_genome_fastas_part4/9307/XieH_2016__YSZC12003_35980__bin.22.fa	/home/jshaw/scratch/2022_sketched_distance/references/SGB_genome_fastas_part4/9307/ZeeviD_2015__PNP_DietIntervention_51__bin.5.fa	/home/jshaw/scratch/2022_sketched_distance/references/SGB_genome_fastas_part4/9307/ZeeviD_2015__PNP_Main_107__bin.29.fa	/home/jshaw/scratch/2022_sketched_distance/references/SGB_genome_fastas_part4/9307/ZeeviD_2015__PNP_Main_113__bin.17.fa	/home/jshaw/scratch/2022_sketched_distance/references/SGB_genome_fastas_part4/9307/ZeeviD_2015__PNP_Main_27__bin.61.fa	/home/jshaw/scratch/2022_sketched_distance/references/SGB_genome_fastas_part4/9307/ZeeviD_2015__PNP_Main_365__bin.14.fa	/home/jshaw/scratch/2022_sketched_distance/references/SGB_genome_fastas_part4/9307/ZeeviD_2015__PNP_Main_379__bin.25.fa	/home/jshaw/scratch/2022_sketched_distance/references/SGB_genome_fastas_part4/9307/ZeeviD_2015__PNP_Main_46__bin.50.fa	/home/jshaw/scratch/2022_sketched_distance/references/SGB_genome_fastas_part4/9307/ZeeviD_2015__PNP_Main_505__bin.26.fa	/home/jshaw/scratch/2022_sketched_distance/references/SGB_genome_fastas_part4/9307/ZeeviD_2015__PNP_Main_589__bin.77.fa	/home/jshaw/scratch/2022_sketched_distance/references/SGB_genome_fastas_part4/9307/ZeeviD_2015__PNP_Main_616__bin.38.fa	/home/jshaw/scratch/2022_sketched_distance/references/SGB_genome_fastas_part4/9307/ZeeviD_2015__PNP_Main_635__bin.14.fa	/home/jshaw/scratch/2022_sketched_distance/references/SGB_genome_fastas_part4/9307/ZeeviD_2015__PNP_Main_650__bin.10.fa	/home/jshaw/scratch/2022_sketched_distance/references/SGB_genome_fastas_part4/9307/ZeeviD_2015__PNP_Main_670__bin.6.fa	/home/jshaw/scratch/2022_sketched_distance/references/SGB_genome_fastas_part4/9307/ZeeviD_2015__PNP_Main_677__bin.43.fa	/home/jshaw/scratch/2022_sketched_distance/references/SGB_genome_fastas_part4/9307/ZeeviD_2015__PNP_Main_683__bin.44.fa	/home/jshaw/scratch/2022_sketched_distance/references/SGB_genome_fastas_part4/9307/ZeeviD_2015__PNP_Main_706__bin.10.fa	/home/jshaw/scratch/2022_sketched_distance/references/SGB_genome_fastas_part4/9307/ZeeviD_2015__PNP_Main_742__bin.11.fa	/home/jshaw/scratch/2022_sketched_distance/references/SGB_genome_fastas_part4/9307/ZeeviD_2015__PNP_Main_800__bin.3.fa	/home/jshaw/scratch/2022_sketched_distance/references/SGB_genome_fastas_part4/9307/ZeeviD_2015__PNP_Main_93__bin.14.fa	/home/jshaw/scratch/2022_sketched_distance/references/SGB_genome_fastas_part4/9307/ZeeviD_2015__PNP_Validation_18__bin.33.fa	/home/jshaw/scratch/2022_sketched_distance/references/SGB_genome_fastas_part4/9307/ZellerG_2014__CCIS74726977ST-3-0__bin.51.fa
1.0	0.9966630204999805	0.996469594524492	0.9958824641291424	0.9925406264210869	0.9980419247233226	0.9649109512542781	0.9644455831534511	0.9675506323379875	0.9954652057293887	0.9944912932347241	0.9676443646081483	0.9931773471675213	0.9946351159461169	0.9911717008836789	0.9930683690656783	0.9907544771366296	0.9928417466318255	0.994824384821672	0.9900471557455132	0.9946770019212477	0.9922174502194178	0.9959022033366154	0.9899937212374869	0.9942523301713251	0.9961577507149911	0.9952042487245116	0.9961577507149911
0.9966630204999805	1.0	0.9961613662678831	0.9961740328677908	0.9927211589883485	0.9960618315142524	0.9653719529457104	0.9676671710897214	0.9660945398548006	0.9935195278307255	0.9961500460962719	0.9656078102127077	0.9960262537022593	0.9953418877925934	0.9941956490643928	0.9954901612173971	0.9947310490377217	0.9954465772997095	0.9969966689957792	0.9938387255153263	0.9969653488209468	0.9949692750714402	0.9953339232157367	0.9938793296141742	0.9973864681781357	0.9949486344468226	0.9947702435502209	0.9951949202729908
0.996469594524492	0.9961613662678831	1.0	0.9951656599741175	0.9918615729544032	0.9952784173234792	0.9643102594999069	0.9661697197895812	0.9666771813284984	0.9948459102866586	0.9967794063006077	0.9669001038664218	0.9948724314133475	0.9941943534553549	0.9925707989698452	0.9951701510190054	0.9923581873091009	0.9943215517432566	0.9967522950023731	0.9920293379489498	0.9965766468076133	0.9939224201254927	0.9951843731310962	0.9908712889394795	0.9960927867441016	0.9952217678060874	0.9942162770207476	0.9949967647906421
0.9958824641291424	0.9961740328677908	0.9951656599741175	1.0	0.9917471323995231	0.9955350609462466	0.9641134005686331	0.9658026855712359	0.965487400729394	0.9944698011691367	0.9949942041485357	0.9654417015021597	0.9952185074410341	0.9940969081847791	0.9936801634851646	0.9942463190085565	0.9933029989194191	0.9942878778864774	0.9959168609202266	0.992852696720141	0.9957408038460113	0.9941432582940227	0.9947879382950892	0.9923718932423279	0.996210364342366	0.9942623087863252	0.9939390614694915	0.9953603285588138
0.9925406264210869	0.9927211589883485	0.9918615729544032	0.9917471323995231	1.0	0.9920547443745082	0.9621804838490622	0.9649801690251002	0.9636445056289346	0.9919011132493035	0.9917284260254307	0.964920096135646	0.9925303041178883	0.9923537849071007	0.9904636112566099	0.9910372353013548	0.9907879961354744	0.9923095698015738	0.9925250951525285	0.9913490192287804	0.9931953049193798	0.9914146050202391	0.9921834207419364	0.9894639738301532	0.9932410052466497	0.991473080088834	0.991473080088834	0.9916979790200137
0.9980419247233226	0.9960618315142524	0.9952784173234792	0.9955350609462466	0.9920547443745082	1.0	0.9635823272805251	0.9643684829794756	0.9664825664522689	0.9943540085163711	0.9936121355323908	0.9663867896882421	0.9928785067776834	0.9935077709952255	0.9910031386556726	0.9917579546180924	0.9902475657353109	0.9923453158272515	0.9940836040847031	0.9896704862595945	0.9939561911932747	0.9912468647517177	0.9947993333906189	0.9898316261339842	0.9937252363257414	0.9947993333906189	0.9940263361851179	0.9953971149441987
0.9649109512542781	0.9653719529457104	0.9643102594999069	0.9641134005686331	0.9621804838490622	0.9635823272805251	1.0	0.9935992696316573	0.9897676382250387	0.964700397209696	0.9642750265662129	0.9922329036798072	0.9633496192280987	0.9638158324361922	0.9626149730855612	0.9632455430279095	0.961389864539563	0.9650992509584574	0.9640086799367437	0.9607791867797267	0.9643382670190241	0.9617643608809321	0.9643592864183523	0.9625989254789704	0.9649786935721433	0.9644082386764845	0.9646518881036291	0.9646518881036291
0.9644455831534511	0.9676671710897214	0.9661697197895812	0.9658026855712359	0.9649801690251002	0.9643684829794756	0.9935992696316573	1.0	0.99165215472395	0.9663879490463193	0.9649801690251002	0.994068665420358	0.9620480605488283	0.9656546922368945	0.9583583811149294	0.9503554518369479	0.9551273279084388	0.9578278106804988	0.9570273863663032	0.9521026865867542	0.958728694030729	0.9586365173743452	0.96624262728731	0.9562945654602105	0.9614618879934069	0.9667484110766005	0.96624262728731	0.9667484110766005
0.9675506323379875	0.9660945398548006	0.9666771813284984	0.965487400729394	0.9636445056289346	0.9664825664522689	0.9897676382250387	0.99165215472395	1.0	0.9653574259362175	0.9666851957852607	0.9901495936504684	0.9662430059248057	0.9665252684618862	0.9672487757124769	0.9657798187114024	0.9647623487804395	0.967172411928834	0.9677865575625216	0.963198480095963	0.9672864530956122	0.9654122292676532	0.9655384228485843	0.9657251390691937	0.9671613276599998	0.9666020504214444	0.9656527951394724	0.9657842763831362
0.9954652057293887	0.9935195278307255	0.9948459102866586	0.9944698011691367	0.9919011132493035	0.9943540085163711	0.964700397209696	0.9663879490463193	0.9653574259362175	1.0	0.9951334617781031	0.9662583376034632	0.9949592895448338	0.9943496723577904	0.9939131250311913	0.9977223508018668	0.9936120371527568	0.9975883176982291	0.995848192758445	0.9928839588120036	0.9960953055232833	0.9942750581909782	0.9940248335917976	0.9928573342986877	0.9963509101276641	0.9944152264159671	0.9975476777224259	0.9941847981022238
0.9944912932347241	0.9961500460962719	0.9967794063006077	0.9949942041485357	0.9917284260254307	0.9936121355323908	0.9642750265662129	0.9649801690251002	0.9666851957852607	0.9951334617781031	1.0	0.9675732806019907	0.9931544549838315	0.9945526910913312	0.9910031386556726	0.994684271546186	0.9905863699085805	0.9923453158272515	0.9953169630812371	0.9907878389717156	0.995314855396366	0.9927037612047523	0.9957822018591155	0.9884630432286547	0.995015414718445	0.9958405541870032	0.9948743733144829	0.9958988041183764
0.9676443646081483	0.9656078102127077	0.9669001038664218	0.9654417015021597	0.964920096135646	0.9663867896882421	0.9922329036798072	0.994068665420358	0.9901495936504684	0.9662583376034632	0.9675732806019907	1.0	0.9660859950299107	0.9663432224079608	0.9646379871917603	0.9658456165160978	0.9649849358272761	0.9663115355525829	0.9674608467721291	0.9643430035158204	0.9670731233900594	0.9653059471995776	0.9658914248577521	0.9652967208512446	0.9675581287642717	0.9659882593578988	0.9658333927637353	0.9651666624259746
0.9931773471675213	0.9960262537022593	0.9948724314133475	0.9952185074410341	0.9925303041178883	0.9928785067776834	0.9633496192280987	0.9620480605488283	0.9662430059248057	0.9949592895448338	0.9931544549838315	0.9660859950299107	1.0	0.9941914528139942	0.9889102575591221	0.9881519606043166	0.9904850932294775	0.9920582600101523	0.9901085344235255	0.9909869929498331	0.9909307119639597	0.9893739096163872	0.9960052471370553	0.9899937212374869	0.9923564031709325	0.9948941672825529	0.9947853451877445	0.9953044652145143
0.9946351159461169	0.9953418877925934	0.9941943534553549	0.9940969081847791	0.9923537849071007	0.9935077709952255	0.9638158324361922	0.9656546922368945	0.9665252684618862	0.9943496723577904	0.9945526910913312	0.9663432224079608	0.9941914528139942	1.0	0.9921925900366866	0.9935220655752584	0.99213379425652	0.9943887969950438	0.9943723250406994	0.9925068502494957	0.9954274782662433	0.9931149851237304	0.9947730844672111	0.9913403118388506	0.995185320659527	0.9949827800160276	0.9940969081847791	0.9948304057903408
0.9911717008836789	0.9941956490643928	0.9925707989698452	0.9936801634851646	0.9904636112566099	0.9910031386556726	0.9626149730855612	0.9583583811149294	0.9672487757124769	0.9939131250311913	0.9910031386556726	0.9646379871917603	0.9889102575591221	0.9921925900366866	1.0	0.9770158170375076	0.9928339646757943	0.9956735382474013	0.9834377483775304	0.9861864876965583	0.9859611471279808	0.9856312699229679	0.9931037065624637	0.993005279328904	0.9884265701256073	0.9938614971923436	0.9933144902375657	0.9939646725424793
0.9930683690656783	0.9954901612173971	0.9951701510190054	0.9942463190085565	0.9910372353013548	0.9917579546180924	0.9632455430279095	0.9503554518369479	0.9657798187114024	0.9977223508018668	0.994684271546186	0.9658456165160978	0.9881519606043166	0.9935220655752584	0.9770158170375076	1.0	0.9678821161062037	0.9743455544584249	0.994955082918142	0.9760364232613568	0.9945753246429847	0.9943288770810806	0.9945753246429847	0.9622214680655568	0.9851350437825899	0.9948740714693189	0.9974732739049719	0.9954901612173971
0.9907544771366296	0.9947310490377217	0.9923581873091009	0.9933029989194191	0.9907879961354744	0.9902475657353109	0.961389864539563	0.9551273279084388	0.9647623487804395	0.9936120371527568	0.9905863699085805	0.9649849358272761	0.9904850932294775	0.99213379425652	0.9928339646757943	0.9678821161062037	1.0	0.9940511979565666	0.9808521406942332	0.98248777335241	0.983631802914711	0.9872551995051734	0.9981742670974931	0.9929313894770402	0.9888919538693879	0.9928654412481267	0.9921659437664875	0.993796085330866
0.9928417466318255	0.9954465772997095	0.9943215517432566	0.9942878778864774	0.9923095698015738	0.9923453158272515	0.9650992509584574	0.9578278106804988	0.967172411928834	0.9975883176982291	0.9923453158272515	0.9663115355525829	0.9920582600101523	0.9943887969950438	0.9956735382474013	0.9743455544584249	0.9940511979565666	1.0	0.9830843558804346	0.9842467988343554	0.9865403280050603	0.9847004810305632	0.9948888349976112	0.9917644785939164	0.9907347389669017	0.9944894097719097	0.9976492670561392	0.9959630830617632
0.994824384821672	0.9969966689957792	0.9967522950023731	0.9959168609202266	0.9925250951525285	0.9940836040847031	0.9640086799367437	0.9570273863663032	0.9677865575625216	0.995848192758445	0.9953169630812371	0.9674608467721291	0.9901085344235255	0.9943723250406994	0.9834377483775304	0.994955082918142	0.9808521406942332	0.9830843558804346	1.0	0.9831400041219553	0.9957564136819536	0.9959397187789112	0.9962354476945381	0.9772687403727444	0.9884417537852751	0.9961220172986553	0.9956182674628852	0.9958939873119825
0.9900471557455132	0.9938387255153263	0.9920293379489498	0.992852696720141	0.9913490192287804	0.9896704862595945	0.9607791867797267	0.9521026865867542	0.963198480095963	0.9928839588120036	0.9907878389717156	0.9643430035158204	0.9909869929498331	0.9925068502494957	0.9861864876965583	0.9760364232613568	0.98248777335241	0.9842467988343554	0.9831400041219553	1.0	0.9848584132280882	0.9845781899312417	0.9931019705596759	0.9831927897047006	0.986755763134724	0.9926330312409479	0.9923801861594564	0.9929463945468187
0.9946770019212477	0.9969653488209468	0.9965766468076133	0.9957408038460113	0.9931953049193798	0.9939561911932747	0.9643382670190241	0.958728694030729	0.9672864530956122	0.9960953055232833	0.995314855396366	0.9670731233900594	0.9909307119639597	0.9954274782662433	0.9859611471279808	0.9945753246429847	0.983631802914711	0.9865403280050603	0.9957564136819536	0.9848584132280882	1.0	0.9945848701454323	0.9964024196950664	0.9809822422318715	0.9902328790691203	0.9965766468076133	0.9962930618159332	0.9965114186857611
0.9922174502194178	0.9949692750714402	0.9939224201254927	0.9941432582940227	0.9914146050202391	0.9912468647517177	0.9617643608809321	0.9586365173743452	0.9654122292676532	0.9942750581909782	0.9927037612047523	0.9653059471995776	0.9893739096163872	0.9931149851237304	0.9856312699229679	0.9943288770810806	0.9872551995051734	0.9847004810305632	0.9959397187789112	0.9845781899312417	0.9945848701454323	1.0	0.997410568760033	0.9809822422318715	0.990007158304195	0.9941872498604551	0.9938336710526424	0.9946890002567794
0.9959022033366154	0.9953339232157367	0.9951843731310962	0.9947879382950892	0.9921834207419364	0.9947993333906189	0.9643592864183523	0.96624262728731	0.9655384228485843	0.9940248335917976	0.9957822018591155	0.9658914248577521	0.9960052471370553	0.9947730844672111	0.9931037065624637	0.9945753246429847	0.9981742670974931	0.9948888349976112	0.9962354476945381	0.9931019705596759	0.9964024196950664	0.997410568760033	1.0	0.9927459398934153	0.9963976268588965	0.9942106326717082	0.9943027065496649	0.9944120201263514
0.9899937212374869	0.9938793296141742	0.9908712889394795	0.9923718932423279	0.9894639738301532	0.9898316261339842	0.9625989254789704	0.9562945654602105	0.9657251390691937	0.9928573342986877	0.9884630432286547	0.9652967208512446	0.9899937212374869	0.9913403118388506	0.993005279328904	0.9622214680655568	0.9929313894770402	0.9917644785939164	0.9772687403727444	0.9831927897047006	0.9809822422318715	0.9809822422318715	0.9927459398934153	1.0	0.9889255787014319	0.9921075210890838	0.9928943826006725	0.9936991283697229
0.9942523301713251	0.9973864681781357	0.9960927867441016	0.996210364342366	0.9932410052466497	0.9937252363257414	0.9649786935721433	0.9614618879934069	0.9671613276599998	0.9963509101276641	0.995015414718445	0.9675581287642717	0.9923564031709325	0.995185320659527	0.9884265701256073	0.9851350437825899	0.9888919538693879	0.9907347389669017	0.9884417537852751	0.986755763134724	0.9902328790691203	0.990007158304195	0.9963976268588965	0.9889255787014319	1.0	0.9960692211799448	0.9959511418090563	0.9966302299754392
0.9961577507149911	0.9949486344468226	0.9952217678060874	0.9942623087863252	0.991473080088834	0.9947993333906189	0.9644082386764845	0.9667484110766005	0.9666020504214444	0.9944152264159671	0.9958405541870032	0.9659882593578988	0.9948941672825529	0.9949827800160276	0.9938614971923436	0.9948740714693189	0.9928654412481267	0.9944894097719097	0.9961220172986553	0.9926330312409479	0.9965766468076133	0.9941872498604551	0.9942106326717082	0.9921075210890838	0.9960692211799448	1.0	0.9942838672087443	0.9944152264159671
0.9952042487245116	0.9947702435502209	0.9942162770207476	0.9939390614694915	0.991473080088834	0.9940263361851179	0.9646518881036291	0.96624262728731	0.9656527951394724	0.9975476777224259	0.9948743733144829	0.9658333927637353	0.9947853451877445	0.9940969081847791	0.9933144902375657	0.9974732739049719	0.9921659437664875	0.9976492670561392	0.9956182674628852	0.9923801861594564	0.9962930618159332	0.9938336710526424	0.9943027065496649	0.9928943826006725	0.9959511418090563	0.9942838672087443	1.0	0.995194631891918
0.9961577507149911	0.9951949202729908	0.9949967647906421	0.9953603285588138	0.9916979790200137	0.9953971149441987	0.9646518881036291	0.9667484110766005	0.9657842763831362	0.9941847981022238	0.9958988041183764	0.9651666624259746	0.9953044652145143	0.9948304057903408	0.9939646725424793	0.9954901612173971	0.993796085330866	0.9959630830617632	0.9958939873119825	0.9929463945468187	0.9965114186857611	0.9946890002567794	0.9944120201263514	0.9936991283697229	0.9966302299754392	0.9944152264159671	0.995194631891918	1.0
