/home/jshaw/scratch/2022_sketched_distance/references/SGB_genome_fastas_part4/14291/BackhedF_2015__SID566_M__bin.4.fa	/home/jshaw/scratch/2022_sketched_distance/references/SGB_genome_fastas_part4/14291/BritoIL_2016__W3.22.ST__bin.120.fa	/home/jshaw/scratch/2022_sketched_distance/references/SGB_genome_fastas_part4/14291/CosteaPI_2017__mickey1-11-0-0__bin.41.fa	/home/jshaw/scratch/2022_sketched_distance/references/SGB_genome_fastas_part4/14291/CosteaPI_2017__mickey1-11-30-0__bin.16.fa	/home/jshaw/scratch/2022_sketched_distance/references/SGB_genome_fastas_part4/14291/CosteaPI_2017__SID713A014-11-90-0__bin.68.fa	/home/jshaw/scratch/2022_sketched_distance/references/SGB_genome_fastas_part4/14291/CosteaPI_2017__SID713A028-11-0-0__bin.59.fa	/home/jshaw/scratch/2022_sketched_distance/references/SGB_genome_fastas_part4/14291/CosteaPI_2017__SID713A076-11-90-0__bin.51.fa	/home/jshaw/scratch/2022_sketched_distance/references/SGB_genome_fastas_part4/14291/CosteaPI_2017__SID713A087-11-0-0__bin.36.fa	/home/jshaw/scratch/2022_sketched_distance/references/SGB_genome_fastas_part4/14291/CosteaPI_2017__SID713B063-11-0-0__bin.57.fa	/home/jshaw/scratch/2022_sketched_distance/references/SGB_genome_fastas_part4/14291/FengQ_2015__SID31223__bin.2.fa	/home/jshaw/scratch/2022_sketched_distance/references/SGB_genome_fastas_part4/14291/FengQ_2015__SID530295__bin.12.fa	/home/jshaw/scratch/2022_sketched_distance/references/SGB_genome_fastas_part4/14291/FengQ_2015__SID530451__bin.2.fa	/home/jshaw/scratch/2022_sketched_distance/references/SGB_genome_fastas_part4/14291/KarlssonFH_2013__S126__bin.31.fa	/home/jshaw/scratch/2022_sketched_distance/references/SGB_genome_fastas_part4/14291/KarlssonFH_2013__S577__bin.19.fa	/home/jshaw/scratch/2022_sketched_distance/references/SGB_genome_fastas_part4/14291/LeChatelierE_2013__MH0250__bin.95.fa	/home/jshaw/scratch/2022_sketched_distance/references/SGB_genome_fastas_part4/14291/LeChatelierE_2013__MH0412__bin.12.fa	/home/jshaw/scratch/2022_sketched_distance/references/SGB_genome_fastas_part4/14291/LeChatelierE_2013__MH0415__bin.49.fa	/home/jshaw/scratch/2022_sketched_distance/references/SGB_genome_fastas_part4/14291/LiJ_2014__MH0262__bin.26.fa	/home/jshaw/scratch/2022_sketched_distance/references/SGB_genome_fastas_part4/14291/LiJ_2014__MH0309__bin.67.fa	/home/jshaw/scratch/2022_sketched_distance/references/SGB_genome_fastas_part4/14291/LiJ_2014__MH0338__bin.65.fa	/home/jshaw/scratch/2022_sketched_distance/references/SGB_genome_fastas_part4/14291/LiJ_2014__MH0392__bin.10.fa	/home/jshaw/scratch/2022_sketched_distance/references/SGB_genome_fastas_part4/14291/LiJ_2017__H2M614904__bin.16.fa	/home/jshaw/scratch/2022_sketched_distance/references/SGB_genome_fastas_part4/14291/LiuW_2016__SRR3992961__bin.76.fa	/home/jshaw/scratch/2022_sketched_distance/references/SGB_genome_fastas_part4/14291/LiuW_2016__SRR3992982__bin.9.fa	/home/jshaw/scratch/2022_sketched_distance/references/SGB_genome_fastas_part4/14291/LiuW_2016__SRR3993036__bin.1.fa	/home/jshaw/scratch/2022_sketched_distance/references/SGB_genome_fastas_part4/14291/Obregon-TitoAJ_2015__SM20__bin.14.fa	/home/jshaw/scratch/2022_sketched_distance/references/SGB_genome_fastas_part4/14291/SchirmerM_2016__G88966__bin.7.fa	/home/jshaw/scratch/2022_sketched_distance/references/SGB_genome_fastas_part4/14291/VogtmannE_2016__MMRS51307502ST-27-0-0__bin.6.fa	/home/jshaw/scratch/2022_sketched_distance/references/SGB_genome_fastas_part4/14291/XieH_2016__YSZC12003_35515__bin.33.fa	/home/jshaw/scratch/2022_sketched_distance/references/SGB_genome_fastas_part4/14291/XieH_2016__YSZC12003_35520__bin.42.fa	/home/jshaw/scratch/2022_sketched_distance/references/SGB_genome_fastas_part4/14291/XieH_2016__YSZC12003_35561__bin.47.fa	/home/jshaw/scratch/2022_sketched_distance/references/SGB_genome_fastas_part4/14291/XieH_2016__YSZC12003_36058__bin.60.fa	/home/jshaw/scratch/2022_sketched_distance/references/SGB_genome_fastas_part4/14291/XieH_2016__YSZC12003_36588__bin.70.fa	/home/jshaw/scratch/2022_sketched_distance/references/SGB_genome_fastas_part4/14291/XieH_2016__YSZC12003_37316__bin.86.fa	/home/jshaw/scratch/2022_sketched_distance/references/SGB_genome_fastas_part4/14291/XieH_2016__YSZC12003_37798__bin.92.fa	/home/jshaw/scratch/2022_sketched_distance/references/SGB_genome_fastas_part4/14291/ZeeviD_2015__PNP_Main_127__bin.13.fa	/home/jshaw/scratch/2022_sketched_distance/references/SGB_genome_fastas_part4/14291/ZeeviD_2015__PNP_Main_172__bin.64.fa	/home/jshaw/scratch/2022_sketched_distance/references/SGB_genome_fastas_part4/14291/ZeeviD_2015__PNP_Main_226__bin.36.fa	/home/jshaw/scratch/2022_sketched_distance/references/SGB_genome_fastas_part4/14291/ZeeviD_2015__PNP_Main_325__bin.53.fa	/home/jshaw/scratch/2022_sketched_distance/references/SGB_genome_fastas_part4/14291/ZeeviD_2015__PNP_Main_393__bin.68.fa	/home/jshaw/scratch/2022_sketched_distance/references/SGB_genome_fastas_part4/14291/ZeeviD_2015__PNP_Main_456__bin.43.fa	/home/jshaw/scratch/2022_sketched_distance/references/SGB_genome_fastas_part4/14291/ZeeviD_2015__PNP_Main_45__bin.37.fa	/home/jshaw/scratch/2022_sketched_distance/references/SGB_genome_fastas_part4/14291/ZeeviD_2015__PNP_Main_531__bin.33.fa	/home/jshaw/scratch/2022_sketched_distance/references/SGB_genome_fastas_part4/14291/ZeeviD_2015__PNP_Main_82__bin.26.fa
1.0	0.9828889976945372	0.9840545643828609	0.9834895055324525	0.9807577095895826	0.9815904978107368	0.9843857719897859	0.9851731377471104	0.9829969946178293	0.980377096857383	0.9832033137964847	0.9879489733157605	0.9807291633010394	0.9830794231228482	0.9816207572118413	0.9784468454994325	0.9826232102489002	0.9787057039868571	0.9866286367478636	0.9881725392596054	0.9847785806698328	0.9851000592553074	0.9830600486761497	0.9834195017459914	0.9820963878087885	0.9761749380627041	0.9863482548440881	0.9779880204798501	0.9811507594492771	0.9878601896894483	0.9836843821446566	0.9873802961948263	0.9776645974021181	0.9904000652815643	0.98749517368366	0.9808144870119545	0.9822988320959318	0.9882467486500652	0.982654344658053	0.9824023204179242	0.9808813117107706	0.983262679376349	0.9815323340729663	0.9821607357492892
0.9828889976945372	1.0	0.9861787352670749	0.9863241867276076	0.9845285192580631	0.9851131405832244	0.9865458264017591	0.9820164741404853	0.9863383647972475	0.9821595169500473	0.9808666222688843	0.9846403552920133	0.9835303617285623	0.9931586152511684	0.9922395234350531	0.9804348618879044	0.979893379517062	0.9811283289017374	0.9836885249504699	0.9839723063621785	0.9794840789348345	0.981740648608817	0.9908067924554409	0.9868018970191837	0.9853724552980193	0.9797754309147226	0.983194958859231	0.9818388851203701	0.991399740966669	0.9844122719754768	0.9866550005785846	0.9845924448474392	0.9809659152691823	0.9861107418757799	0.9842260018208505	0.9883604494230515	0.9857764479705123	0.9849674935287599	0.9924941987460117	0.9859880274224162	0.9833855567890154	0.9866950686651104	0.98645714320668	0.9869971222980274
0.9840545643828609	0.9861787352670749	1.0	0.9963408824412893	0.983183287919569	0.9849580930520766	0.9966695563731419	0.9820283210819566	0.986988518845706	0.9911064377830004	0.9823871098827086	0.9858288910959851	0.9821187869817763	0.9874300044958234	0.9852345395305793	0.987862986270931	0.979696307573415	0.9899823276571763	0.9856339868103448	0.985094521978319	0.9809722575495851	0.9831920990689653	0.9874034526113883	0.9876256743235847	0.9863253283181549	0.9804437922124909	0.9837228350487387	0.982061422863134	0.9853738742945206	0.9857394034887719	0.988157580790071	0.9854638267865949	0.9887320861116901	0.9874056292931425	0.9858117185458068	0.9842160057852785	0.9871159027811908	0.9863360592554078	0.9864094148308612	0.9864818718056063	0.9836865584083059	0.9871274080920308	0.9856385606552571	0.9854261127558385
0.9834895055324525	0.9863241867276076	0.9963408824412893	1.0	0.9832300356139879	0.9849529480826333	0.9968376507808477	0.9819800628814598	0.9878708477529154	0.9913888697749944	0.9831652917631476	0.9856375859293313	0.9824244509915878	0.9878600111911656	0.9852176695213976	0.9874672630478023	0.9798542311582953	0.9911250841700014	0.9857198120420932	0.9850328022681624	0.9801295081042134	0.9834652387060954	0.9878267468112512	0.9877472134206529	0.9868211862467811	0.9804950331329095	0.9841535180176268	0.9819436960863908	0.9860317787125628	0.9862606598348165	0.9885214288199154	0.986304515926569	0.988428245625541	0.9878435213421449	0.9862874761705474	0.9843298734319192	0.987613592505574	0.9869449730350663	0.9863443197204615	0.9870811677069464	0.9836254615641279	0.987662040648242	0.9856557776385567	0.9854518559371325
0.9807577095895826	0.9845285192580631	0.983183287919569	0.9832300356139879	1.0	0.9867680694138228	0.9838179692782487	0.9843494048575635	0.9830701437807948	0.9798241115644011	0.9790270631300837	0.9823076343989386	0.9863982568917	0.983476922750854	0.984732089490016	0.9792461180895579	0.9822514481004981	0.9812234027904881	0.9810677824763832	0.9809084933453939	0.9776932950525158	0.9789591595238196	0.9831344243195506	0.9919583293935259	0.9895395233618125	0.9749077719968812	0.9799060139417147	0.9767792778515038	0.982641428033466	0.9826846110556323	0.9843025756590962	0.9824235668643977	0.9807340493424691	0.9833485547118199	0.9818903615882749	0.9819355190340414	0.9831724468956804	0.9821842611419381	0.9859434601057948	0.9829375650914588	0.9804821789493882	0.9826690907957846	0.982943952975713	0.9844451568713983
0.9815904978107368	0.9851131405832244	0.9849580930520766	0.9849529480826333	0.9867680694138228	1.0	0.985745088658467	0.9836038346456032	0.9830426521167693	0.9803986831295735	0.9777705170459448	0.982391340423193	0.9871165888414867	0.9849767868184562	0.986151944901221	0.9799674583564784	0.9827063322734619	0.9828492252553352	0.9820543109387999	0.9818608546748951	0.9792848610972749	0.9794735492965956	0.9833410957715688	0.9839115660053157	0.9821769311423019	0.9770265310492343	0.9809190025929502	0.9762252836357582	0.9830636885032874	0.9828693919836764	0.9852317910794157	0.9823261182616881	0.9821681694672113	0.9841480338666384	0.9827345702999312	0.9827217956351144	0.9846917848470016	0.9834517000788945	0.986321714856885	0.983324994034775	0.9827514706269221	0.9849729457744423	0.9842916209023987	0.985309794329147
0.9843857719897859	0.9865458264017591	0.9966695563731419	0.9968376507808477	0.9838179692782487	0.985745088658467	1.0	0.9819875284531752	0.9880715467259833	0.9926128880700072	0.9834998123895304	0.9868188767271733	0.9827040430856292	0.9887139049731212	0.9855902420604857	0.9878669677665618	0.9795732319402521	0.9903581596226875	0.9866576547615804	0.9858789125597309	0.9806309771461768	0.9837417368765083	0.9883832458642969	0.9888790167351835	0.9876988828560355	0.9809622563057931	0.9842891454568213	0.9832032413091927	0.9870811677069464	0.9869264868836111	0.9893096665092895	0.9867633690474441	0.9893215743813367	0.9885143338325836	0.9867223997734882	0.9845874534844519	0.9886378229916264	0.9872872120121382	0.9870301091220836	0.987602657514483	0.9845552242007298	0.987990163808377	0.9857458385992882	0.9861610367496924
0.9851731377471104	0.9820164741404853	0.9820283210819566	0.9819800628814598	0.9843494048575635	0.9836038346456032	0.9819875284531752	1.0	0.9833485301889975	0.9808535130564079	0.9854951159898099	0.9856099667579321	0.9838035777973804	0.9817867664006354	0.9828372840495448	0.9781609364462578	0.9880734366700594	0.979953076058599	0.9840943198713855	0.9848055978099362	0.9805982149856686	0.9835312717038748	0.9825634879259934	0.9830571154013509	0.9818140229423977	0.9740712243537175	0.9839719708763373	0.9776324537843015	0.9800706763705238	0.9845002441926016	0.9815334569700845	0.9868060482434856	0.9772520859385936	0.988262084143629	0.9850682822780004	0.9857928487103991	0.9807838190371853	0.9858057504736009	0.984446715316074	0.9810854029169768	0.9792222536429507	0.9810753770544263	0.9841438734423072	0.9828324261246966
0.9829969946178293	0.9863383647972475	0.986988518845706	0.9878708477529154	0.9830701437807948	0.9830426521167693	0.9880715467259833	0.9833485301889975	1.0	0.9861998837194871	0.9852083156768117	0.9858446111556526	0.982800011583612	0.9875488519392398	0.985566747331796	0.9808811390780697	0.9809373947845332	0.9821234627399823	0.9854700817865581	0.9843492357402991	0.9784944338322521	0.9847823270458463	0.989701061372236	0.9889690406907845	0.9888615910375155	0.9790902457703629	0.9839208717871164	0.9853554849637176	0.9865153720431188	0.9854384090248621	0.9878387539438106	0.9873193816421836	0.9809963240622707	0.9872628345881979	0.986025642583971	0.9854814878759393	0.9867220959002664	0.9865097386237821	0.9870919804693848	0.9872382796181838	0.9833713269132293	0.9869473419340644	0.9857590873380383	0.9864319687962767
0.980377096857383	0.9821595169500473	0.9911064377830004	0.9913888697749944	0.9798241115644011	0.9803986831295735	0.9926128880700072	0.9808535130564079	0.9861998837194871	1.0	0.9821706197891589	0.9824728299986589	0.9789471976444726	0.9841064747344312	0.9821770640075034	0.9843567432660614	0.9783708534335426	0.9872591514163027	0.9827969477097489	0.9813053765489129	0.976426058131941	0.9804224531054363	0.9858524114551459	0.9862858584219649	0.9853456716836457	0.9765649246869319	0.9801640867239729	0.9823050107028252	0.9850363466567504	0.9834530179655324	0.9843370759013178	0.9842320211708051	0.9875353656471011	0.9844521820910834	0.9822208286826907	0.9827536572424392	0.9835435631361678	0.9829657375657977	0.9832726646784937	0.9835051317020306	0.9802923485152357	0.9840303569479465	0.9845076047711956	0.9824043525107572
0.9832033137964847	0.9808666222688843	0.9823871098827086	0.9831652917631476	0.9790270631300837	0.9777705170459448	0.9834998123895304	0.9854951159898099	0.9852083156768117	0.9821706197891589	1.0	0.9915544608514958	0.9776499140549629	0.9829171692736105	0.9801645689830033	0.9747995246692384	0.9884370158543256	0.9781788853354332	0.9921725920607095	0.9872623385492758	0.9845122602093208	0.9903659147295321	0.9845912033754182	0.983435315174604	0.9826477849734176	0.9768594688216531	0.9873995368504946	0.9810596425269776	0.9817421713352509	0.9904363115769456	0.9828144724075435	0.9906977281483488	0.9745092623433966	0.9872470376135751	0.9914851979717185	0.9833245704187751	0.9813106312227338	0.9915991971652424	0.982398763201933	0.9819810398391263	0.9794622800544878	0.9816691394617271	0.9822809347226957	0.9810774115474017
0.9879489733157605	0.9846403552920133	0.9858288910959851	0.9856375859293313	0.9823076343989386	0.982391340423193	0.9868188767271733	0.9856099667579321	0.9858446111556526	0.9824728299986589	0.9915544608514958	1.0	0.9817719299295306	0.9854934164575984	0.9832594844028469	0.9785363493728974	0.989104355400278	0.9798600349275586	0.9949638458077468	0.9926374885782758	0.9897067951040408	0.9925635893632369	0.98591273934537	0.9862714635499579	0.9845695153212156	0.980378603897354	0.9909480196301578	0.9810253699671935	0.9840209038976319	0.9930206293864564	0.9861107418757799	0.9934383790117034	0.9792524040565733	0.9912355308171634	0.9954818152940836	0.9823139785264583	0.9852778158875802	0.9957518842376905	0.9844478072093615	0.9848883475503049	0.9828437288169275	0.9852572279692333	0.9829160905661389	0.9840162871607283
0.9807291633010394	0.9835303617285623	0.9821187869817763	0.9824244509915878	0.9863982568917	0.9871165888414867	0.9827040430856292	0.9838035777973804	0.982800011583612	0.9789471976444726	0.9776499140549629	0.9817719299295306	1.0	0.9827361106493695	0.9851815231028609	0.9791381672246614	0.9835434238732464	0.9835607736453222	0.9801688945772942	0.9800935122640391	0.9776368802209946	0.9780773330479328	0.9827110800311671	0.9832516612176128	0.9816131303877846	0.9749636402136783	0.979193394888965	0.9754608972178096	0.9817757957699719	0.9803892323852256	0.9827423180826393	0.9827008850610895	0.9830142627648473	0.982386132876169	0.9810447677720715	0.9816143216617825	0.9812496631662083	0.9817080096912805	0.9858030216968033	0.9820762726456739	0.9807653696813633	0.9819487829732959	0.9830779915338853	0.9833623957717352
0.9830794231228482	0.9931586152511684	0.9874300044958234	0.9878600111911656	0.983476922750854	0.9849767868184562	0.9887139049731212	0.9817867664006354	0.9875488519392398	0.9841064747344312	0.9829171692736105	0.9854934164575984	0.9827361106493695	1.0	0.9914081147807439	0.9789845344598925	0.9794622220123863	0.9817516932124007	0.9852869115826415	0.9840747042821005	0.97856023634987	0.9831831040616268	0.991994956118858	0.9881568372562369	0.9868596061760502	0.980035171270408	0.9830573592409579	0.9825159838386794	0.9928496347082303	0.9856317132381415	0.988268221190835	0.9856642783861373	0.9797441842577699	0.9875022365370941	0.9856801923705869	0.9881479631236971	0.9875383344297525	0.9862614712269135	0.992279387823918	0.9873707582835154	0.9840508299707027	0.9881801924072334	0.9858791308256789	0.9871593946642226
0.9816207572118413	0.9922395234350531	0.9852345395305793	0.9852176695213976	0.984732089490016	0.986151944901221	0.9855902420604857	0.9828372840495448	0.985566747331796	0.9821770640075034	0.9801645689830033	0.9832594844028469	0.9851815231028609	0.9914081147807439	1.0	0.9802450214887435	0.9819116481734398	0.9808923028960607	0.9822434757950514	0.9817982652051144	0.9788092728412812	0.9806281622425683	0.9915706026180916	0.985333217571808	0.9842189256948369	0.978160513692415	0.9813668530631298	0.9796184526555974	0.9895316299366727	0.9825466968231857	0.9848672311454032	0.9839545563407538	0.9829628364304379	0.9844203098461375	0.9831626081856486	0.9871825704958226	0.9842289731177909	0.9834126303478979	0.9919580130708868	0.9844524535201856	0.9820138914658263	0.9853725662460066	0.9856632471563078	0.987258569643703
0.9784468454994325	0.9804348618879044	0.987862986270931	0.9874672630478023	0.9792461180895579	0.9799674583564784	0.9878669677665618	0.9781609364462578	0.9808811390780697	0.9843567432660614	0.9747995246692384	0.9785363493728974	0.9791381672246614	0.9789845344598925	0.9802450214887435	1.0	0.9770060304615362	0.9831740963699664	0.9772202045165576	0.9781644215254613	0.9766842125472893	0.9760149698997466	0.9803792803038516	0.9801858980590292	0.9802439975944333	0.9722830797989568	0.9780940621848757	0.9757399839929808	0.9778794207033888	0.9777244801384553	0.9795288493545825	0.9785987885907245	0.9864667335082574	0.9797199653810837	0.9780079794178163	0.9787885878584798	0.9785736661722845	0.9782192919956153	0.9812599018069331	0.9787519675839464	0.9777699336786567	0.9788318224313564	0.9796051759119752	0.9800391764011268
0.9826232102489002	0.979893379517062	0.979696307573415	0.9798542311582953	0.9822514481004981	0.9827063322734619	0.9795732319402521	0.9880734366700594	0.9809373947845332	0.9783708534335426	0.9884370158543256	0.989104355400278	0.9835434238732464	0.9794622220123863	0.9819116481734398	0.9770060304615362	1.0	0.9812610696983814	0.9883413583302175	0.9854728203504386	0.985134994099457	0.986867610899454	0.9801620833300416	0.9804257564945913	0.9791902080170912	0.97282561365419	0.9851897167126321	0.9743792461876445	0.9776072675062645	0.9854084233792118	0.9795149818685409	0.9882151463808453	0.9778885363354327	0.9848003064477041	0.9895340666759659	0.982008304922315	0.9786608511851095	0.9889990229350514	0.9821423518147385	0.9787594717639404	0.9778588289287411	0.9788338326976397	0.9820486784916392	0.9806947171176662
0.9787057039868571	0.9811283289017374	0.9899823276571763	0.9911250841700014	0.9812234027904881	0.9828492252553352	0.9903581596226875	0.979953076058599	0.9821234627399823	0.9872591514163027	0.9781788853354332	0.9798600349275586	0.9835607736453222	0.9817516932124007	0.9808923028960607	0.9831740963699664	0.9812610696983814	1.0	0.9793786221789461	0.978482929997107	0.9746801479110337	0.9780007353907131	0.9818787353562664	0.9818473254815795	0.9807051059508952	0.9734808338518548	0.9783247436504972	0.9757131129803652	0.9817123515282714	0.9796884589906907	0.9819856854832735	0.9816394140388245	0.9880672770789541	0.9821140052065923	0.979697851686313	0.9790585754056826	0.9813091427903374	0.9808058006487358	0.9817092632347519	0.9813618877772781	0.978163002541249	0.981668296406064	0.9832739988631112	0.979549909260607
0.9866286367478636	0.9836885249504699	0.9856339868103448	0.9857198120420932	0.9810677824763832	0.9820543109387999	0.9866576547615804	0.9840943198713855	0.9854700817865581	0.9827969477097489	0.9921725920607095	0.9949638458077468	0.9801688945772942	0.9852869115826415	0.9822434757950514	0.9772202045165576	0.9883413583302175	0.9793786221789461	1.0	0.9914597894135303	0.9887974633655607	0.9910002068813348	0.9853618364000956	0.9859078519064236	0.9842193634449737	0.9794487986208374	0.9895357601988547	0.9799951383469455	0.9836664532647782	0.9925357866402429	0.9860665537337416	0.9921955985209386	0.9776892071222075	0.9906518807926769	0.9949854345599617	0.9811876073600303	0.9851520237553663	0.9950496296521161	0.9835472860026211	0.9844567995605396	0.9816238629233291	0.9855115737077271	0.9821373783854833	0.9832550022548974
0.9881725392596054	0.9839723063621785	0.985094521978319	0.9850328022681624	0.9809084933453939	0.9818608546748951	0.9858789125597309	0.9848055978099362	0.9843492357402991	0.9813053765489129	0.9872623385492758	0.9926374885782758	0.9800935122640391	0.9840747042821005	0.9817982652051144	0.9781644215254613	0.9854728203504386	0.978482929997107	0.9914597894135303	1.0	0.9881108338258366	0.9893781197004032	0.9845939964007301	0.9851676248537401	0.9831590395718811	0.9788036088962195	0.9927797390615088	0.9793860463878736	0.9825840516406236	0.9949765003518376	0.985176538728262	0.9945806307426801	0.9777190056117353	0.9911044042225133	0.992609212251203	0.9821325470550395	0.9833009781775155	0.9930334437080935	0.9832815988258209	0.9835545901202281	0.9811909993866179	0.9842406589092589	0.981349807495845	0.9833049952427643
0.9847785806698328	0.9794840789348345	0.9809722575495851	0.9801295081042134	0.9776932950525158	0.9792848610972749	0.9806309771461768	0.9805982149856686	0.9784944338322521	0.976426058131941	0.9845122602093208	0.9897067951040408	0.9776368802209946	0.97856023634987	0.9788092728412812	0.9766842125472893	0.985134994099457	0.9746801479110337	0.9887974633655607	0.9881108338258366	1.0	0.9859011840960765	0.9790630467201135	0.9788090328579355	0.9771109333879722	0.9750428489305398	0.9857520519058895	0.9734645937779274	0.9768163450273253	0.9873435197517	0.9793596235776921	0.986255369683906	0.9761301922679713	0.9848043276482433	0.9892318945124604	0.9765095104926705	0.9791299843876645	0.9895839522110171	0.9788917695343615	0.9782889947511625	0.9787416609498244	0.979396004328597	0.9769318199595665	0.9784632044431315
0.9851000592553074	0.981740648608817	0.9831920990689653	0.9834652387060954	0.9789591595238196	0.9794735492965956	0.9837417368765083	0.9835312717038748	0.9847823270458463	0.9804224531054363	0.9903659147295321	0.9925635893632369	0.9780773330479328	0.9831831040616268	0.9806281622425683	0.9760149698997466	0.986867610899454	0.9780007353907131	0.9910002068813348	0.9893781197004032	0.9859011840960765	1.0	0.9843094273856685	0.9839131827904443	0.9836998954211202	0.9781967709424899	0.9886782383002998	0.979990906365678	0.9815901337203142	0.9906557773853012	0.9839757352373515	0.9912685169533967	0.976392637810105	0.9884386187519015	0.9930190876917101	0.9809444123888542	0.9827573799463762	0.992714466516973	0.9819851208665602	0.9828328982975068	0.9802466252146456	0.9827950549911375	0.9807327578952616	0.982066186541256
0.9830600486761497	0.9908067924554409	0.9874034526113883	0.9878267468112512	0.9831344243195506	0.9833410957715688	0.9883832458642969	0.9825634879259934	0.989701061372236	0.9858524114551459	0.9845912033754182	0.98591273934537	0.9827110800311671	0.991994956118858	0.9915706026180916	0.9803792803038516	0.9801620833300416	0.9818787353562664	0.9853618364000956	0.9845939964007301	0.9790630467201135	0.9843094273856685	1.0	0.9888243845524498	0.9885041298662323	0.9806854941868973	0.9836274655567575	0.9850618155767805	0.9904399054920979	0.9859746696660646	0.9878184480420561	0.9872252494504563	0.9804507264667678	0.9878379669328483	0.9859398058567256	0.9868750138154636	0.9866100049875435	0.986373427680096	0.9905868978589842	0.9871016228730809	0.9839200657756866	0.9881046795876974	0.9860445670653214	0.986802384798054
0.9834195017459914	0.9868018970191837	0.9876256743235847	0.9877472134206529	0.9919583293935259	0.9839115660053157	0.9888790167351835	0.9830571154013509	0.9889690406907845	0.9862858584219649	0.983435315174604	0.9862714635499579	0.9832516612176128	0.9881568372562369	0.985333217571808	0.9801858980590292	0.9804257564945913	0.9818473254815795	0.9859078519064236	0.9851676248537401	0.9788090328579355	0.9839131827904443	0.9888243845524498	1.0	0.9962858532532597	0.9797134032890981	0.983426715422604	0.9838277464396438	0.9871821395904729	0.9860248878297707	0.9891791850624606	0.9872343772717227	0.9803675666040251	0.9880318470751318	0.9858690763234018	0.9849206757027946	0.9866616670186881	0.9865039924593171	0.9874104832188844	0.9871141316960684	0.9836450494873016	0.9869735746981187	0.9855459702032173	0.9865781433485521
0.9820963878087885	0.9853724552980193	0.9863253283181549	0.9868211862467811	0.9895395233618125	0.9821769311423019	0.9876988828560355	0.9818140229423977	0.9888615910375155	0.9853456716836457	0.9826477849734176	0.9845695153212156	0.9816131303877846	0.9868596061760502	0.9842189256948369	0.9802439975944333	0.9791902080170912	0.9807051059508952	0.9842193634449737	0.9831590395718811	0.9771109333879722	0.9836998954211202	0.9885041298662323	0.9962858532532597	1.0	0.9786577351646194	0.9824106511536299	0.9843606549293761	0.985575480367581	0.9843666499421645	0.9875582238656534	0.985601237409388	0.9793948699671403	0.9866747324828181	0.9844993262680484	0.9838061259749422	0.9856533108341711	0.984906916090102	0.9861013071619377	0.9859457946753329	0.9824174288007966	0.9856972283383024	0.9842505137553628	0.9854525771554956
0.9761749380627041	0.9797754309147226	0.9804437922124909	0.9804950331329095	0.9749077719968812	0.9770265310492343	0.9809622563057931	0.9740712243537175	0.9790902457703629	0.9765649246869319	0.9768594688216531	0.980378603897354	0.9749636402136783	0.980035171270408	0.978160513692415	0.9722830797989568	0.97282561365419	0.9734808338518548	0.9794487986208374	0.9788036088962195	0.9750428489305398	0.9781967709424899	0.9806854941868973	0.9797134032890981	0.9786577351646194	1.0	0.9774616944613265	0.9755057557824701	0.9785216650315771	0.9798076123299666	0.9804067573850868	0.9792569735431904	0.9725720598899366	0.9799876839928563	0.9801072273193605	0.9766790972399565	0.9794731541130232	0.9807476501454314	0.9794859269678721	0.9786197297197251	0.9773092236620881	0.9803834895552063	0.977588683901179	0.97875545527501
0.9863482548440881	0.983194958859231	0.9837228350487387	0.9841535180176268	0.9799060139417147	0.9809190025929502	0.9842891454568213	0.9839719708763373	0.9839208717871164	0.9801640867239729	0.9873995368504946	0.9909480196301578	0.979193394888965	0.9830573592409579	0.9813668530631298	0.9780940621848757	0.9851897167126321	0.9783247436504972	0.9895357601988547	0.9927797390615088	0.9857520519058895	0.9886782383002998	0.9836274655567575	0.983426715422604	0.9824106511536299	0.9774616944613265	1.0	0.9785930104390141	0.9814619943793612	0.9932332622003416	0.9839140115264047	0.9935177841487004	0.9780249770453056	0.9890442373109551	0.990895860958734	0.9811479608348938	0.9821301069569792	0.9914377769908889	0.9824171168432554	0.9826833810227223	0.9806710352289761	0.9836064524664012	0.9815289389753534	0.982190842913766
0.9779880204798501	0.9818388851203701	0.982061422863134	0.9819436960863908	0.9767792778515038	0.9762252836357582	0.9832032413091927	0.9776324537843015	0.9853554849637176	0.9823050107028252	0.9810596425269776	0.9810253699671935	0.9754608972178096	0.9825159838386794	0.9796184526555974	0.9757399839929808	0.9743792461876445	0.9757131129803652	0.9799951383469455	0.9793860463878736	0.9734645937779274	0.979990906365678	0.9850618155767805	0.9838277464396438	0.9843606549293761	0.9755057557824701	0.9785930104390141	1.0	0.9817911277349147	0.9797662797290659	0.9825765024154792	0.9812369903094023	0.9747862707460985	0.9818782716379804	0.9806101147821514	0.9818838428406091	0.9813548609079361	0.9806100298105702	0.9817952426869646	0.9816370961564412	0.9795204813127695	0.9814807087840485	0.9811246263435347	0.9814467428146737
0.9811507594492771	0.991399740966669	0.9853738742945206	0.9860317787125628	0.982641428033466	0.9830636885032874	0.9870811677069464	0.9800706763705238	0.9865153720431188	0.9850363466567504	0.9817421713352509	0.9840209038976319	0.9817757957699719	0.9928496347082303	0.9895316299366727	0.9778794207033888	0.9776072675062645	0.9817123515282714	0.9836664532647782	0.9825840516406236	0.9768163450273253	0.9815901337203142	0.9904399054920979	0.9871821395904729	0.985575480367581	0.9785216650315771	0.9814619943793612	0.9817911277349147	1.0	0.9851353923252951	0.9863333046792992	0.9850860332970071	0.9791245210951678	0.9862730971985009	0.9837692616867431	0.9861998837194871	0.9861293703284482	0.9845028308490165	0.990604418816197	0.9866794481074374	0.9816423284428331	0.9869676024754426	0.9848369178008105	0.9859513754937125
0.9878601896894483	0.9844122719754768	0.9857394034887719	0.9862606598348165	0.9826846110556323	0.9828693919836764	0.9869264868836111	0.9845002441926016	0.9854384090248621	0.9834530179655324	0.9904363115769456	0.9930206293864564	0.9803892323852256	0.9856317132381415	0.9825466968231857	0.9777244801384553	0.9854084233792118	0.9796884589906907	0.9925357866402429	0.9949765003518376	0.9873435197517	0.9906557773853012	0.9859746696660646	0.9860248878297707	0.9843666499421645	0.9798076123299666	0.9932332622003416	0.9797662797290659	0.9851353923252951	1.0	0.9863829394793375	0.9960678840522967	0.9781528517855818	0.9916776907336529	0.9932968998172017	0.9815559017450886	0.9848850798381812	0.9943421736611027	0.9841193246780292	0.984674955325726	0.9823095230785946	0.9858316431742163	0.9825790656794604	0.9838875366722643
0.9836843821446566	0.9866550005785846	0.988157580790071	0.9885214288199154	0.9843025756590962	0.9852317910794157	0.9893096665092895	0.9815334569700845	0.9878387539438106	0.9843370759013178	0.9828144724075435	0.9861107418757799	0.9827423180826393	0.988268221190835	0.9848672311454032	0.9795288493545825	0.9795149818685409	0.9819856854832735	0.9860665537337416	0.985176538728262	0.9793596235776921	0.9839757352373515	0.9878184480420561	0.9891791850624606	0.9875582238656534	0.9804067573850868	0.9839140115264047	0.9825765024154792	0.9863333046792992	0.9863829394793375	1.0	0.986551827309768	0.9802173990297447	0.9881918257595579	0.9865913376721175	0.9842822353891083	0.9876938711496277	0.9872038018730266	0.986570317142228	0.9874074613545157	0.9844237656061121	0.9876062120456509	0.9851055753822221	0.9861443599906043
0.9873802961948263	0.9845924448474392	0.9854638267865949	0.986304515926569	0.9824235668643977	0.9823261182616881	0.9867633690474441	0.9868060482434856	0.9873193816421836	0.9842320211708051	0.9906977281483488	0.9934383790117034	0.9827008850610895	0.9856642783861373	0.9839545563407538	0.9785987885907245	0.9882151463808453	0.9816394140388245	0.9921955985209386	0.9945806307426801	0.986255369683906	0.9912685169533967	0.9872252494504563	0.9872343772717227	0.985601237409388	0.9792569735431904	0.9935177841487004	0.9812369903094023	0.9850860332970071	0.9960678840522967	0.986551827309768	1.0	0.9803958310571725	0.9916983812077496	0.9932076842032416	0.983632634288865	0.9848052739987508	0.9943299959971531	0.9856332818373762	0.9854651793983262	0.9816583423540224	0.9853623874298276	0.9840965199026337	0.9849364728891011
0.9776645974021181	0.9809659152691823	0.9887320861116901	0.988428245625541	0.9807340493424691	0.9821681694672113	0.9893215743813367	0.9772520859385936	0.9809963240622707	0.9875353656471011	0.9745092623433966	0.9792524040565733	0.9830142627648473	0.9797441842577699	0.9829628364304379	0.9864667335082574	0.9778885363354327	0.9880672770789541	0.9776892071222075	0.9777190056117353	0.9761301922679713	0.976392637810105	0.9804507264667678	0.9803675666040251	0.9793948699671403	0.9725720598899366	0.9780249770453056	0.9747862707460985	0.9791245210951678	0.9781528517855818	0.9802173990297447	0.9803958310571725	1.0	0.9796187450025821	0.9792539396126371	0.9787186580637568	0.9789696882864315	0.9793843212833995	0.9827891820340972	0.9789333475030753	0.9787617426153746	0.9797802614462316	0.9813485851606544	0.9817859220840803
0.9904000652815643	0.9861107418757799	0.9874056292931425	0.9878435213421449	0.9833485547118199	0.9841480338666384	0.9885143338325836	0.988262084143629	0.9872628345881979	0.9844521820910834	0.9872470376135751	0.9912355308171634	0.982386132876169	0.9875022365370941	0.9844203098461375	0.9797199653810837	0.9848003064477041	0.9821140052065923	0.9906518807926769	0.9911044042225133	0.9848043276482433	0.9884386187519015	0.9878379669328483	0.9880318470751318	0.9866747324828181	0.9799876839928563	0.9890442373109551	0.9818782716379804	0.9862730971985009	0.9916776907336529	0.9881918257595579	0.9916983812077496	0.9796187450025821	1.0	0.9912700483460283	0.9844305291957409	0.9871174851690561	0.9918592920953413	0.9859128584401239	0.9871914864876161	0.9833161711040272	0.9871054230637426	0.9846304328901451	0.9864689465486632
0.98749517368366	0.9842260018208505	0.9858117185458068	0.9862874761705474	0.9818903615882749	0.9827345702999312	0.9867223997734882	0.9850682822780004	0.986025642583971	0.9822208286826907	0.9914851979717185	0.9954818152940836	0.9810447677720715	0.9856801923705869	0.9831626081856486	0.9780079794178163	0.9895340666759659	0.979697851686313	0.9949854345599617	0.992609212251203	0.9892318945124604	0.9930190876917101	0.9859398058567256	0.9858690763234018	0.9844993262680484	0.9801072273193605	0.990895860958734	0.9806101147821514	0.9837692616867431	0.9932968998172017	0.9865913376721175	0.9932076842032416	0.9792539396126371	0.9912700483460283	1.0	0.9824187272332295	0.9854340988700202	0.9958827829692527	0.984387125429888	0.9849974382555817	0.9823348807873395	0.9854916924791904	0.9826204258155925	0.9842122773487484
0.9808144870119545	0.9883604494230515	0.9842160057852785	0.9843298734319192	0.9819355190340414	0.9827217956351144	0.9845874534844519	0.9857928487103991	0.9854814878759393	0.9827536572424392	0.9833245704187751	0.9823139785264583	0.9816143216617825	0.9881479631236971	0.9871825704958226	0.9787885878584798	0.982008304922315	0.9790585754056826	0.9811876073600303	0.9821325470550395	0.9765095104926705	0.9809444123888542	0.9868750138154636	0.9849206757027946	0.9838061259749422	0.9766790972399565	0.9811479608348938	0.9818838428406091	0.9861998837194871	0.9815559017450886	0.9842822353891083	0.983632634288865	0.9787186580637568	0.9844305291957409	0.9824187272332295	1.0	0.9835769834987855	0.9827474456615289	0.9902277306075195	0.9836510967794975	0.981139276586926	0.9840224969115932	0.9861934300198076	0.9873475780770181
0.9822988320959318	0.9857764479705123	0.9871159027811908	0.987613592505574	0.9831724468956804	0.9846917848470016	0.9886378229916264	0.9807838190371853	0.9867220959002664	0.9835435631361678	0.9813106312227338	0.9852778158875802	0.9812496631662083	0.9875383344297525	0.9842289731177909	0.9785736661722845	0.9786608511851095	0.9813091427903374	0.9851520237553663	0.9833009781775155	0.9791299843876645	0.9827573799463762	0.9866100049875435	0.9866616670186881	0.9856533108341711	0.9794731541130232	0.9821301069569792	0.9813548609079361	0.9861293703284482	0.9848850798381812	0.9876938711496277	0.9848052739987508	0.9789696882864315	0.9871174851690561	0.9854340988700202	0.9835769834987855	1.0	0.9859353361801216	0.98617540314527	0.9860989100438186	0.982736914431864	0.9873724724877022	0.9842311675227581	0.9851709139920014
0.9882467486500652	0.9849674935287599	0.9863360592554078	0.9869449730350663	0.9821842611419381	0.9834517000788945	0.9872872120121382	0.9858057504736009	0.9865097386237821	0.9829657375657977	0.9915991971652424	0.9957518842376905	0.9817080096912805	0.9862614712269135	0.9834126303478979	0.9782192919956153	0.9889990229350514	0.9808058006487358	0.9950496296521161	0.9930334437080935	0.9895839522110171	0.992714466516973	0.986373427680096	0.9865039924593171	0.984906916090102	0.9807476501454314	0.9914377769908889	0.9806100298105702	0.9845028308490165	0.9943421736611027	0.9872038018730266	0.9943299959971531	0.9793843212833995	0.9918592920953413	0.9958827829692527	0.9827474456615289	0.9859353361801216	1.0	0.9849100161866622	0.9856434315929452	0.982946242437888	0.986478742930571	0.9834155067852819	0.9846531530042358
0.982654344658053	0.9924941987460117	0.9864094148308612	0.9863443197204615	0.9859434601057948	0.986321714856885	0.9870301091220836	0.984446715316074	0.9870919804693848	0.9832726646784937	0.982398763201933	0.9844478072093615	0.9858030216968033	0.992279387823918	0.9919580130708868	0.9812599018069331	0.9821423518147385	0.9817092632347519	0.9835472860026211	0.9832815988258209	0.9788917695343615	0.9819851208665602	0.9905868978589842	0.9874104832188844	0.9861013071619377	0.9794859269678721	0.9824171168432554	0.9817952426869646	0.990604418816197	0.9841193246780292	0.986570317142228	0.9856332818373762	0.9827891820340972	0.9859128584401239	0.984387125429888	0.9902277306075195	0.98617540314527	0.9849100161866622	1.0	0.9865497017152273	0.9832265545794074	0.986907001666113	0.9875861176284506	0.9885746612114332
0.9824023204179242	0.9859880274224162	0.9864818718056063	0.9870811677069464	0.9829375650914588	0.983324994034775	0.987602657514483	0.9810854029169768	0.9872382796181838	0.9835051317020306	0.9819810398391263	0.9848883475503049	0.9820762726456739	0.9873707582835154	0.9844524535201856	0.9787519675839464	0.9787594717639404	0.9813618877772781	0.9844567995605396	0.9835545901202281	0.9782889947511625	0.9828328982975068	0.9871016228730809	0.9871141316960684	0.9859457946753329	0.9786197297197251	0.9826833810227223	0.9816370961564412	0.9866794481074374	0.984674955325726	0.9874074613545157	0.9854651793983262	0.9789333475030753	0.9871914864876161	0.9849974382555817	0.9836510967794975	0.9860989100438186	0.9856434315929452	0.9865497017152273	1.0	0.9835784605908158	0.9861981150767906	0.9845842467061809	0.9849841135372267
0.9808813117107706	0.9833855567890154	0.9836865584083059	0.9836254615641279	0.9804821789493882	0.9827514706269221	0.9845552242007298	0.9792222536429507	0.9833713269132293	0.9802923485152357	0.9794622800544878	0.9828437288169275	0.9807653696813633	0.9840508299707027	0.9820138914658263	0.9777699336786567	0.9778588289287411	0.978163002541249	0.9816238629233291	0.9811909993866179	0.9787416609498244	0.9802466252146456	0.9839200657756866	0.9836450494873016	0.9824174288007966	0.9773092236620881	0.9806710352289761	0.9795204813127695	0.9816423284428331	0.9823095230785946	0.9844237656061121	0.9816583423540224	0.9787617426153746	0.9833161711040272	0.9823348807873395	0.981139276586926	0.982736914431864	0.982946242437888	0.9832265545794074	0.9835784605908158	1.0	0.9843691545606259	0.9818903029991457	0.9825578314638713
0.983262679376349	0.9866950686651104	0.9871274080920308	0.987662040648242	0.9826690907957846	0.9849729457744423	0.987990163808377	0.9810753770544263	0.9869473419340644	0.9840303569479465	0.9816691394617271	0.9852572279692333	0.9819487829732959	0.9881801924072334	0.9853725662460066	0.9788318224313564	0.9788338326976397	0.981668296406064	0.9855115737077271	0.9842406589092589	0.979396004328597	0.9827950549911375	0.9881046795876974	0.9869735746981187	0.9856972283383024	0.9803834895552063	0.9836064524664012	0.9814807087840485	0.9869676024754426	0.9858316431742163	0.9876062120456509	0.9853623874298276	0.9797802614462316	0.9871054230637426	0.9854916924791904	0.9840224969115932	0.9873724724877022	0.986478742930571	0.986907001666113	0.9861981150767906	0.9843691545606259	1.0	0.9895880888331511	0.9857309329989644
