/home/jshaw/scratch/2022_sketched_distance/references/SGB_genome_fastas_part3/4706/BackhedF_2015__SID172_12M__bin.11.fa	/home/jshaw/scratch/2022_sketched_distance/references/SGB_genome_fastas_part3/4706/Bengtsson-PalmeJ_2015__TRAVELRES27__bin.9.fa	/home/jshaw/scratch/2022_sketched_distance/references/SGB_genome_fastas_part3/4706/ChengpingW_2017__AS138raw__bin.24.fa	/home/jshaw/scratch/2022_sketched_distance/references/SGB_genome_fastas_part3/4706/ChengpingW_2017__AS15raw__bin.20.fa	/home/jshaw/scratch/2022_sketched_distance/references/SGB_genome_fastas_part3/4706/CosteaPI_2017__scavenger-11-7-0__bin.39.fa	/home/jshaw/scratch/2022_sketched_distance/references/SGB_genome_fastas_part3/4706/CosteaPI_2017__SID713A009-11-90-0__bin.91.fa	/home/jshaw/scratch/2022_sketched_distance/references/SGB_genome_fastas_part3/4706/CosteaPI_2017__SID713A030-11-90-0__bin.46.fa	/home/jshaw/scratch/2022_sketched_distance/references/SGB_genome_fastas_part3/4706/FengQ_2015__SID530623__bin.9.fa	/home/jshaw/scratch/2022_sketched_distance/references/SGB_genome_fastas_part3/4706/GeversD_2014__SKBSTL013__bin.56.fa	/home/jshaw/scratch/2022_sketched_distance/references/SGB_genome_fastas_part3/4706/GeversD_2014__SKBSTL036__bin.19.fa	/home/jshaw/scratch/2022_sketched_distance/references/SGB_genome_fastas_part3/4706/GeversD_2014__SKBSTL069__bin.74.fa	/home/jshaw/scratch/2022_sketched_distance/references/SGB_genome_fastas_part3/4706/LeChatelierE_2013__MH0419__bin.20.fa	/home/jshaw/scratch/2022_sketched_distance/references/SGB_genome_fastas_part3/4706/LiJ_2017__H1M513820__bin.13.fa	/home/jshaw/scratch/2022_sketched_distance/references/SGB_genome_fastas_part3/4706/LiJ_2017__H1M513912__bin.21.fa	/home/jshaw/scratch/2022_sketched_distance/references/SGB_genome_fastas_part3/4706/LiJ_2017__H3M515128__bin.7.fa	/home/jshaw/scratch/2022_sketched_distance/references/SGB_genome_fastas_part3/4706/LiJ_2017__nHM511615__bin.25.fa	/home/jshaw/scratch/2022_sketched_distance/references/SGB_genome_fastas_part3/4706/QinJ_2012__CON-016__bin.25.fa	/home/jshaw/scratch/2022_sketched_distance/references/SGB_genome_fastas_part3/4706/QinJ_2012__CON-076__bin.12.fa	/home/jshaw/scratch/2022_sketched_distance/references/SGB_genome_fastas_part3/4706/QinJ_2012__CON-084__bin.19.fa	/home/jshaw/scratch/2022_sketched_distance/references/SGB_genome_fastas_part3/4706/QinJ_2012__CON-086__bin.7.fa	/home/jshaw/scratch/2022_sketched_distance/references/SGB_genome_fastas_part3/4706/QinJ_2012__T2D-048__bin.10.fa	/home/jshaw/scratch/2022_sketched_distance/references/SGB_genome_fastas_part3/4706/QinJ_2012__T2D-086__bin.11.fa	/home/jshaw/scratch/2022_sketched_distance/references/SGB_genome_fastas_part3/4706/QinN_2014__HD-16__bin.59.fa	/home/jshaw/scratch/2022_sketched_distance/references/SGB_genome_fastas_part3/4706/QinN_2014__HD-22__bin.50.fa	/home/jshaw/scratch/2022_sketched_distance/references/SGB_genome_fastas_part3/4706/QinN_2014__LD-85__bin.36.fa	/home/jshaw/scratch/2022_sketched_distance/references/SGB_genome_fastas_part3/4706/QinN_2014__LD-97__bin.60.fa	/home/jshaw/scratch/2022_sketched_distance/references/SGB_genome_fastas_part3/4706/WenC_2017__N253__bin.35.fa	/home/jshaw/scratch/2022_sketched_distance/references/SGB_genome_fastas_part3/4706/XieH_2016__YSZC12003_37204__bin.13.fa	/home/jshaw/scratch/2022_sketched_distance/references/SGB_genome_fastas_part3/4706/YuJ_2015__SZAXPI015222-123__bin.4.fa	/home/jshaw/scratch/2022_sketched_distance/references/SGB_genome_fastas_part3/4706/YuJ_2015__SZAXPI015226-14__bin.24.fa	/home/jshaw/scratch/2022_sketched_distance/references/SGB_genome_fastas_part3/4706/YuJ_2015__SZAXPI015258-57__bin.46.fa	/home/jshaw/scratch/2022_sketched_distance/references/SGB_genome_fastas_part3/4706/ZeeviD_2015__PNP_Main_397__bin.2.fa	/home/jshaw/scratch/2022_sketched_distance/references/SGB_genome_fastas_part3/4706/ZeeviD_2015__PNP_Main_481__bin.1.fa	/home/jshaw/scratch/2022_sketched_distance/references/SGB_genome_fastas_part3/4706/ZeeviD_2015__PNP_Validation_4__bin.42.fa	/home/jshaw/scratch/2022_sketched_distance/references/SGB_genome_fastas_part3/4706/ZellerG_2014__CCMD40701343ST-21-0__bin.43.fa	/home/jshaw/scratch/2022_sketched_distance/references/SGB_genome_fastas_part3/4706/ZellerG_2014__MMPU72854103ST__bin.27.fa
1.0	0.9779348700604924	0.9768042611747586	0.9704334971261553	0.9715687345374687	0.9741047419899954	0.9598457708789607	0.9786371971518042	0.9799110197694586	0.9686095832495967	0.9744795369977561	0.9817194658231887	0.9754669106940612	0.9706283415329614	0.9817194658231887	0.9814156709357037	0.9755334387263658	0.9770589205169439	0.9696870553246222	0.9837447576630071	0.9744522966745723	0.9802578125628318	0.9706669735116494	0.9731556463559068	0.9746236143092416	0.9677179972566372	0.9720278824398545	0.9798528613448685	0.962742011965681	0.9694072707073118	0.9725056008197231	0.9777180802765995	0.9734758480398866	0.9815264684487925	0.9773744698878043	0.9765153682735366
0.9779348700604924	1.0	0.9785237002955289	0.976761591079335	0.9776491003925639	0.9793484970185072	0.9727782692667669	0.9828156556751563	0.9810706282989989	0.9781043045438554	0.9823234222225651	0.9776734091356771	0.978511397032232	0.9757539723257731	0.9799248864500971	0.9790750050377004	0.9755758620155525	0.9771890583046021	0.9713503793483041	0.9803534407362328	0.9757109947633368	0.9777122860025167	0.9751348942289579	0.973333627611427	0.9755487679526699	0.9712906208943773	0.975959104890421	0.9838128818643661	0.9679088126115344	0.9752149503215469	0.9736225212616318	0.9766641090930823	0.9760063252238158	0.9840853324091104	0.9809380031019568	0.9784512316455246
0.9768042611747586	0.9785237002955289	1.0	0.9748097033122411	0.97566747399638	0.9771042570551873	0.9648821763221029	0.9795371013488214	0.980222790475898	0.9725209751872872	0.9770567839012368	0.9836958558979768	0.9799704462287177	0.9731248673533727	0.9838176759676623	0.9831047346471761	0.9760288943080025	0.9789779902532979	0.9711055288570349	0.989702331635068	0.9755938538194487	0.9816045408974751	0.9725115338645491	0.9736272657074756	0.974993975367181	0.9690284888571847	0.9737599352645319	0.9812908180764296	0.9636190621623981	0.9709975761588151	0.9730234472686404	0.9790343343252215	0.97537413165183	0.9817084502229901	0.9785237002955289	0.9778593691386679
0.9704334971261553	0.976761591079335	0.9748097033122411	1.0	0.9759413637689294	0.9709871866475868	0.9643515502954704	0.9791944616997069	0.98028647340641	0.9689033230083872	0.972106060563951	0.9789156547991243	0.9755425186371967	0.9803460834254663	0.9792252937328114	0.9796234825716832	0.9830866681988835	0.9740599789717825	0.9780646463846677	0.9811403563474829	0.9851817530858367	0.9777759688792378	0.9784771637032552	0.9807309207043531	0.9844544007406082	0.9773217700032887	0.9820291287518035	0.9810821784808201	0.9715451759491107	0.9790088553416163	0.9810238969317977	0.9751257921259534	0.9830044083696751	0.9809655113240057	0.9771251581136836	0.9804055849047288
0.9715687345374687	0.9776491003925639	0.97566747399638	0.9759413637689294	1.0	0.9701345599188363	0.9588632465495533	0.9809515363074228	0.9813170463245487	0.9708930068309769	0.9739738282659635	0.9782353476452738	0.9763671567504087	0.9752323603577058	0.9792365861420964	0.9793771449679595	0.9784164089520782	0.975072682182986	0.9738078261198296	0.9800022775168278	0.9786682178843769	0.977686051379491	0.9730501260919183	0.975072682182986	0.9783441050179648	0.9722743014312902	0.9760968430337356	0.982293623300018	0.9666680708632306	0.9740977752104856	0.97566747399638	0.9760580428204183	0.9779435418919549	0.9824216596605913	0.9783802770226975	0.9964591767781665
0.9741047419899954	0.9793484970185072	0.9771042570551873	0.9709871866475868	0.9701345599188363	1.0	0.9553172381774625	0.9804502378436952	0.9806592526887035	0.9730692845857426	0.9749430917641885	0.9792398775359944	0.9747355238213571	0.971999678366146	0.9786543879707402	0.9791308953968155	0.9758006863902458	0.9764392429185184	0.9702782341443404	0.981004668131678	0.9743585266267648	0.9785063590534635	0.9716351516018473	0.9738917289856535	0.9745266213125887	0.9681041742203952	0.9735047472507022	0.9819862251831781	0.9648250975085577	0.9711271321868795	0.9724942991691452	0.9763204641821353	0.9738917289856535	0.9826790701918803	0.9798150498990617	0.9785804574827491
0.9598457708789607	0.9727782692667669	0.9648821763221029	0.9643515502954704	0.9588632465495533	0.9553172381774625	1.0	0.973878023897527	0.977021830555483	0.9631841059594348	0.9601957001443069	0.9743862336216468	0.9695623152764085	0.9667088826648328	0.9749417387593771	0.9758112588531472	0.9705862992087128	0.9653301330583589	0.9601085758967253	0.9782388223863733	0.9738210619573947	0.9705862992087128	0.965990588887236	0.9678258581216371	0.972719341561724	0.9600212138210324	0.9699501193115359	0.9797939016317356	0.9553172381774625	0.9651815061201194	0.9697567988487266	0.9638896507567899	0.9741613440280902	0.9795079119701059	0.9719433708021247	0.9767624657188868
0.9786371971518042	0.9828156556751563	0.9795371013488214	0.9791944616997069	0.9809515363074228	0.9804502378436952	0.973878023897527	1.0	0.9852561415014608	0.9801869544198616	0.9843142400215162	0.9806371477024924	0.9798604976779328	0.9778885363354327	0.9810183523673223	0.9810183523673223	0.9786614057110061	0.9788824364421519	0.9731430265630838	0.9822502712421715	0.9781223266678997	0.9797413782172456	0.9763057674144141	0.976503881677421	0.9783030116042011	0.9726393752782883	0.9776951133012093	0.9860783131054681	0.9697193579424105	0.975788479991993	0.9758721391654628	0.9784570915526717	0.9784314620599075	0.9860580075507842	0.9816284864677308	0.9813951643238734
0.9799110197694586	0.9810706282989989	0.980222790475898	0.98028647340641	0.9813170463245487	0.9806592526887035	0.977021830555483	0.9852561415014608	1.0	0.9812084554078402	0.9851760084483759	0.9810531553455004	0.9806224789242173	0.9783221453311132	0.9815878898787517	0.9820128733751882	0.9781574573096811	0.9799553928912195	0.9731430265630838	0.9823982569461426	0.9778148075859183	0.9811661703129096	0.9766868781151617	0.9747738418937715	0.9782061146071459	0.9742500583440207	0.9787047358173545	0.9857106400511866	0.9707516560697128	0.9764108332191894	0.9758368301441998	0.9797206003095142	0.9769925864057762	0.9856332307156495	0.9832226390938933	0.9811825921474432
0.9686095832495967	0.9781043045438554	0.9725209751872872	0.9689033230083872	0.9708930068309769	0.9730692845857426	0.9631841059594348	0.9801869544198616	0.9812084554078402	1.0	0.975982031541094	0.9763043218668496	0.9710279521982901	0.9700585916419829	0.9759123579002262	0.9757476354578094	0.974364474214043	0.9720802484696014	0.9692212531627742	0.9777024485391365	0.9741916957401884	0.9740875856747276	0.9693824277528064	0.9716709143790492	0.97432999197701	0.965681257789569	0.9713699337389559	0.9820632184720717	0.962855829762137	0.9692212531627742	0.9713699337389559	0.9727028573073915	0.9734203532919941	0.9819814683877542	0.9778266250438898	0.9766273903224925
0.9744795369977561	0.9823234222225651	0.9770567839012368	0.972106060563951	0.9739738282659635	0.9749430917641885	0.9601957001443069	0.9843142400215162	0.9851760084483759	0.975982031541094	1.0	0.9795062990140115	0.9759136662836927	0.9744437552674886	0.9810037911487444	0.9802935537920878	0.9784789503207031	0.9760502534349168	0.9734993150378259	0.9829638112768878	0.977516058569168	0.9785105620879638	0.9737563023739039	0.9771227923555432	0.9787623593783127	0.9706501972413344	0.975465754844705	0.985560367063559	0.9661675214425488	0.9736097017388504	0.97638923366342	0.9779046348563983	0.9779368080664506	0.9858393991472447	0.9816702585407098	0.9801736657281468
0.9817194658231887	0.9776734091356771	0.9836958558979768	0.9789156547991243	0.9782353476452738	0.9792398775359944	0.9743862336216468	0.9806371477024924	0.9810531553455004	0.9763043218668496	0.9795062990140115	1.0	0.9843073574759726	0.9778011181321302	0.9858397003446207	0.985776345209641	0.9763682616215354	0.9836857693233927	0.9713826995208396	0.9857297634936354	0.9767876024350706	0.9851457678512952	0.9759499670709079	0.9742709321833556	0.976183087341547	0.9721401486506583	0.9779160747358375	0.9816194675712718	0.9699433556702567	0.974537969401422	0.9742146110461092	0.9814553205562676	0.9762890302025623	0.9821982162262649	0.9780029510212819	0.9779137020307374
0.9754669106940612	0.978511397032232	0.9799704462287177	0.9755425186371967	0.9763671567504087	0.9747355238213571	0.9695623152764085	0.9798604976779328	0.9806224789242173	0.9710279521982901	0.9759136662836927	0.9843073574759726	1.0	0.9735958025295551	0.9859481950539012	0.9913745332258602	0.9760381661022349	0.9791366643486572	0.9712429382786898	0.9853482696465596	0.9765602549741033	0.9835536411311419	0.9733613291846164	0.9744846596661518	0.9760381661022349	0.9691297730558059	0.9740597278134755	0.9815767735095776	0.9641697887055964	0.9713504243222767	0.9733949292889338	0.9801619702000997	0.9756958242391011	0.9819921298329497	0.9783099084893422	0.9786545591496494
0.9706283415329614	0.9757539723257731	0.9731248673533727	0.9803460834254663	0.9752323603577058	0.971999678366146	0.9667088826648328	0.9778885363354327	0.9783221453311132	0.9700585916419829	0.9744437552674886	0.9778011181321302	0.9735958025295551	1.0	0.9778594229767237	0.9777719265514087	0.9830958375401015	0.9724191868158745	0.9802457176743171	0.9795064545100207	0.9854878820194898	0.9765519769240256	0.9789760133260991	0.982036694696781	0.9858549377733233	0.976733385885162	0.9812323626587457	0.9791724433476701	0.9782073716358244	0.9805153286675645	0.9827967037746347	0.9723157231968296	0.983637257212377	0.9792562670850339	0.975316028690696	0.9783508485998815
0.9817194658231887	0.9799248864500971	0.9838176759676623	0.9792252937328114	0.9792365861420964	0.9786543879707402	0.9749417387593771	0.9810183523673223	0.9815878898787517	0.9759123579002262	0.9810037911487444	0.9858397003446207	0.9859481950539012	0.9778594229767237	1.0	0.9871363023139161	0.9782497084159211	0.9844259727178203	0.9715438182531771	0.9878713006001241	0.9791105404442797	0.9864829210155436	0.9781403688727904	0.9771274149899439	0.9780438145615534	0.9720393738423215	0.9777504942553418	0.9828153975340693	0.968768952305934	0.9740681679686681	0.9755496261289275	0.9825153323803328	0.9769676967612044	0.9832806072262296	0.9789100256325045	0.9791604772395156
0.9814156709357037	0.9790750050377004	0.9831047346471761	0.9796234825716832	0.9793771449679595	0.9791308953968155	0.9758112588531472	0.9810183523673223	0.9820128733751882	0.9757476354578094	0.9802935537920878	0.985776345209641	0.9913745332258602	0.9777719265514087	0.9871363023139161	1.0	0.9775525955548946	0.9846143125681299	0.9719272641033243	0.9862377557640521	0.9780680035421139	0.9860642929077329	0.9767451165192594	0.9754330386644507	0.9774745764726858	0.9723740782677047	0.9776951133012093	0.9825299348611845	0.9691905792068192	0.974693071888064	0.9750706274165458	0.9831492040471969	0.9770024970874576	0.9830389598545842	0.979198722626673	0.979664619170668
0.9755334387263658	0.9755758620155525	0.9760288943080025	0.9830866681988835	0.9784164089520782	0.9758006863902458	0.9705862992087128	0.9786614057110061	0.9781574573096811	0.974364474214043	0.9784789503207031	0.9763682616215354	0.9760381661022349	0.9830958375401015	0.9782497084159211	0.9775525955548946	1.0	0.9775115173795681	0.9804798843060993	0.9766255198949203	0.9847823160622605	0.9783317076914085	0.9806606131993416	0.9778080535312199	0.9842853329053111	0.9888331045183804	0.9893465740765596	0.9759264552937168	0.976368115480762	0.9818091220634174	0.9790698097302201	0.9743429830915379	0.9809972982249207	0.9779114699325097	0.9759334978915432	0.9778259121706969
0.9770589205169439	0.9771890583046021	0.9789779902532979	0.9740599789717825	0.975072682182986	0.9764392429185184	0.9653301330583589	0.9788824364421519	0.9799553928912195	0.9720802484696014	0.9760502534349168	0.9836857693233927	0.9791366643486572	0.9724191868158745	0.9844259727178203	0.9846143125681299	0.9775115173795681	1.0	0.9701071271539998	0.9853111165792602	0.9757125355448433	0.9875754713324528	0.9732809194252058	0.9749641349365822	0.9749325745255802	0.96879845646382	0.974068643776689	0.9804122815540798	0.9648346580455995	0.9702533710509961	0.9731810956571509	0.9792716700875002	0.9754960258556268	0.9833459279383002	0.9780323902630504	0.9775989096917389
0.9696870553246222	0.9713503793483041	0.9711055288570349	0.9780646463846677	0.9738078261198296	0.9702782341443404	0.9601085758967253	0.9731430265630838	0.9731430265630838	0.9692212531627742	0.9734993150378259	0.9713826995208396	0.9712429382786898	0.9802457176743171	0.9715438182531771	0.9719272641033243	0.9804798843060993	0.9701071271539998	1.0	0.9745207885085694	0.9820533617285326	0.9712352305464208	0.9780566406556308	0.9792606642867852	0.9829261286100601	0.9769910690246537	0.9778057812637865	0.9739886062137346	0.9735982524368733	0.9778745071756652	0.9791845184270628	0.9686656708163651	0.9792606642867852	0.9748997912164116	0.9710906498289983	0.9743738327282677
0.9837447576630071	0.9803534407362328	0.989702331635068	0.9811403563474829	0.9800022775168278	0.981004668131678	0.9782388223863733	0.9822502712421715	0.9823982569461426	0.9777024485391365	0.9829638112768878	0.9857297634936354	0.9853482696465596	0.9795064545100207	0.9878713006001241	0.9862377557640521	0.9766255198949203	0.9853111165792602	0.9745207885085694	1.0	0.9778528191599907	0.9867109146807592	0.9787752416454274	0.9745413424373888	0.9747079108744428	0.9747490445148114	0.9794222531584512	0.979313527714904	0.9710765907320619	0.9767611920585558	0.974299181060595	0.9834961278736172	0.976366777383833	0.9782977689409225	0.9802108117414103	0.9801716646562136
0.9744522966745723	0.9757109947633368	0.9755938538194487	0.9851817530858367	0.9786682178843769	0.9743585266267648	0.9738210619573947	0.9781223266678997	0.9778148075859183	0.9741916957401884	0.977516058569168	0.9767876024350706	0.9765602549741033	0.9854878820194898	0.9791105404442797	0.9780680035421139	0.9847823160622605	0.9757125355448433	0.9820533617285326	0.9778528191599907	1.0	0.9773843750738641	0.9811217952265897	0.9790457782832369	0.9875889422691522	0.9830864852213876	0.986740413772343	0.977469380340302	0.9769728461075786	0.9825957305955629	0.9807027114852277	0.9746762813820528	0.9826931797084557	0.9776856195277267	0.9760415030325413	0.9786674645185417
0.9802578125628318	0.9777122860025167	0.9816045408974751	0.9777759688792378	0.977686051379491	0.9785063590534635	0.9705862992087128	0.9797413782172456	0.9811661703129096	0.9740875856747276	0.9785105620879638	0.9851457678512952	0.9835536411311419	0.9765519769240256	0.9864829210155436	0.9860642929077329	0.9783317076914085	0.9875754713324528	0.9712352305464208	0.9867109146807592	0.9773843750738641	1.0	0.9748585980942772	0.975808891275009	0.9769141109533475	0.9702052715118475	0.9763946523071165	0.9818918451164654	0.9684198427496734	0.9727482292565606	0.9747244542939966	0.9803851193472726	0.9771085720934092	0.983706609722705	0.9784913791750676	0.9784648214876058
0.9706669735116494	0.9751348942289579	0.9725115338645491	0.9784771637032552	0.9730501260919183	0.9716351516018473	0.965990588887236	0.9763057674144141	0.9766868781151617	0.9693824277528064	0.9737563023739039	0.9759499670709079	0.9733613291846164	0.9789760133260991	0.9781403688727904	0.9767451165192594	0.9806606131993416	0.9732809194252058	0.9780566406556308	0.9787752416454274	0.9811217952265897	0.9748585980942772	1.0	0.9902176518249487	0.9825163667021872	0.9747180814220507	0.9777759832237282	0.9780566406556308	0.9711124940373056	0.9773504127133941	0.9836190821123316	0.9723267947444104	0.9819259542285198	0.9776064213862525	0.9739519809276247	0.9762467368773226
0.9731556463559068	0.973333627611427	0.9736272657074756	0.9807309207043531	0.975072682182986	0.9738917289856535	0.9678258581216371	0.976503881677421	0.9747738418937715	0.9716709143790492	0.9771227923555432	0.9742709321833556	0.9744846596661518	0.982036694696781	0.9771274149899439	0.9754330386644507	0.9778080535312199	0.9749641349365822	0.9792606642867852	0.9745413424373888	0.9790457782832369	0.975808891275009	0.9902176518249487	1.0	0.9793372314224645	0.9768753150877144	0.980278330412714	0.9738466833519033	0.9733982315760136	0.9801506266168065	0.9815419342372241	0.972623143760239	0.9794963655262774	0.9753210154162685	0.9725442354221615	0.9747516101429505
0.9746236143092416	0.9755487679526699	0.974993975367181	0.9844544007406082	0.9783441050179648	0.9745266213125887	0.972719341561724	0.9783030116042011	0.9782061146071459	0.97432999197701	0.9787623593783127	0.976183087341547	0.9760381661022349	0.9858549377733233	0.9780438145615534	0.9774745764726858	0.9842853329053111	0.9749325745255802	0.9829261286100601	0.9747079108744428	0.9875889422691522	0.9769141109533475	0.9825163667021872	0.9793372314224645	1.0	0.9815655650924161	0.9857804560937949	0.9756321406036202	0.9778885363354327	0.9826927412332802	0.981036798597976	0.9746159354958942	0.9826920687838029	0.9756788360983623	0.9755526305370207	0.9783729196076071
0.9677179972566372	0.9712906208943773	0.9690284888571847	0.9773217700032887	0.9722743014312902	0.9681041742203952	0.9600212138210324	0.9726393752782883	0.9742500583440207	0.965681257789569	0.9706501972413344	0.9721401486506583	0.9691297730558059	0.976733385885162	0.9720393738423215	0.9723740782677047	0.9888331045183804	0.96879845646382	0.9769910690246537	0.9747490445148114	0.9830864852213876	0.9702052715118475	0.9747180814220507	0.9768753150877144	0.9815655650924161	1.0	0.9844940402831396	0.9737432853129256	0.9708603305188462	0.9742500583440207	0.9771926536728012	0.9678422056285131	0.9793583814207397	0.9750263926293516	0.9716331104149936	0.9736153461945202
0.9720278824398545	0.975959104890421	0.9737599352645319	0.9820291287518035	0.9760968430337356	0.9735047472507022	0.9699501193115359	0.9776951133012093	0.9787047358173545	0.9713699337389559	0.975465754844705	0.9779160747358375	0.9740597278134755	0.9812323626587457	0.9777504942553418	0.9776951133012093	0.9893465740765596	0.974068643776689	0.9778057812637865	0.9794222531584512	0.986740413772343	0.9763946523071165	0.9777759832237282	0.980278330412714	0.9857804560937949	0.9844940402831396	1.0	0.9790255815430113	0.9733312830151994	0.9786235738330975	0.9804315989855927	0.9724105548903559	0.9820232614057697	0.9800470710612267	0.9769097304066613	0.9779435898911981
0.9798528613448685	0.9838128818643661	0.9812908180764296	0.9810821784808201	0.982293623300018	0.9819862251831781	0.9797939016317356	0.9860783131054681	0.9857106400511866	0.9820632184720717	0.985560367063559	0.9816194675712718	0.9815767735095776	0.9791724433476701	0.9828153975340693	0.9825299348611845	0.9759264552937168	0.9804122815540798	0.9739886062137346	0.979313527714904	0.977469380340302	0.9818918451164654	0.9780566406556308	0.9738466833519033	0.9756321406036202	0.9737432853129256	0.9790255815430113	1.0	0.9701288422060768	0.9768192203649775	0.975174086861286	0.9794873879691341	0.9766313834999832	0.9830461026645265	0.9837590994770338	0.9825343494316064
0.962742011965681	0.9679088126115344	0.9636190621623981	0.9715451759491107	0.9666680708632306	0.9648250975085577	0.9553172381774625	0.9697193579424105	0.9707516560697128	0.962855829762137	0.9661675214425488	0.9699433556702567	0.9641697887055964	0.9782073716358244	0.968768952305934	0.9691905792068192	0.976368115480762	0.9648346580455995	0.9735982524368733	0.9710765907320619	0.9769728461075786	0.9684198427496734	0.9711124940373056	0.9733982315760136	0.9778885363354327	0.9708603305188462	0.9733312830151994	0.9701288422060768	1.0	0.972585582068004	0.9740274478932968	0.9653535378390221	0.9753765453200166	0.971219965644818	0.9689996126262503	0.9701288422060768
0.9694072707073118	0.9752149503215469	0.9709975761588151	0.9790088553416163	0.9740977752104856	0.9711271321868795	0.9651815061201194	0.975788479991993	0.9764108332191894	0.9692212531627742	0.9736097017388504	0.974537969401422	0.9713504243222767	0.9805153286675645	0.9740681679686681	0.974693071888064	0.9818091220634174	0.9702533710509961	0.9778745071756652	0.9767611920585558	0.9825957305955629	0.9727482292565606	0.9773504127133941	0.9801506266168065	0.9826927412332802	0.9742500583440207	0.9786235738330975	0.9768192203649775	0.972585582068004	1.0	0.9827169490666777	0.9700068327799213	0.9820322726925387	0.976644824249029	0.9746000992848347	0.9763226510766434
0.9725056008197231	0.9736225212616318	0.9730234472686404	0.9810238969317977	0.97566747399638	0.9724942991691452	0.9697567988487266	0.9758721391654628	0.9758368301441998	0.9713699337389559	0.97638923366342	0.9742146110461092	0.9733949292889338	0.9827967037746347	0.9755496261289275	0.9750706274165458	0.9790698097302201	0.9731810956571509	0.9791845184270628	0.974299181060595	0.9807027114852277	0.9747244542939966	0.9836190821123316	0.9815419342372241	0.981036798597976	0.9771926536728012	0.9804315989855927	0.975174086861286	0.9740274478932968	0.9827169490666777	1.0	0.9728152548006506	0.9819982224463709	0.9748166800193984	0.9737812419614693	0.9754603323063146
0.9777180802765995	0.9766641090930823	0.9790343343252215	0.9751257921259534	0.9760580428204183	0.9763204641821353	0.9638896507567899	0.9784570915526717	0.9797206003095142	0.9727028573073915	0.9779046348563983	0.9814553205562676	0.9801619702000997	0.9723157231968296	0.9825153323803328	0.9831492040471969	0.9743429830915379	0.9792716700875002	0.9686656708163651	0.9834961278736172	0.9746762813820528	0.9803851193472726	0.9723267947444104	0.972623143760239	0.9746159354958942	0.9678422056285131	0.9724105548903559	0.9794873879691341	0.9653535378390221	0.9700068327799213	0.9728152548006506	1.0	0.974036987654005	0.9809370389818242	0.9772263784564045	0.9773931837232909
0.9734758480398866	0.9760063252238158	0.97537413165183	0.9830044083696751	0.9779435418919549	0.9738917289856535	0.9741613440280902	0.9784314620599075	0.9769925864057762	0.9734203532919941	0.9779368080664506	0.9762890302025623	0.9756958242391011	0.983637257212377	0.9769676967612044	0.9770024970874576	0.9809972982249207	0.9754960258556268	0.9792606642867852	0.976366777383833	0.9826931797084557	0.9771085720934092	0.9819259542285198	0.9794963655262774	0.9826920687838029	0.9793583814207397	0.9820232614057697	0.9766313834999832	0.9753765453200166	0.9820322726925387	0.9819982224463709	0.974036987654005	1.0	0.9781525466588018	0.9753329724255239	0.9782494031113097
0.9815264684487925	0.9840853324091104	0.9817084502229901	0.9809655113240057	0.9824216596605913	0.9826790701918803	0.9795079119701059	0.9860580075507842	0.9856332307156495	0.9819814683877542	0.9858393991472447	0.9821982162262649	0.9819921298329497	0.9792562670850339	0.9832806072262296	0.9830389598545842	0.9779114699325097	0.9833459279383002	0.9748997912164116	0.9782977689409225	0.9776856195277267	0.983706609722705	0.9776064213862525	0.9753210154162685	0.9756788360983623	0.9750263926293516	0.9800470710612267	0.9830461026645265	0.971219965644818	0.976644824249029	0.9748166800193984	0.9809370389818242	0.9781525466588018	1.0	0.9870377644357907	0.9823820350994219
0.9773744698878043	0.9809380031019568	0.9785237002955289	0.9771251581136836	0.9783802770226975	0.9798150498990617	0.9719433708021247	0.9816284864677308	0.9832226390938933	0.9778266250438898	0.9816702585407098	0.9780029510212819	0.9783099084893422	0.975316028690696	0.9789100256325045	0.979198722626673	0.9759334978915432	0.9780323902630504	0.9710906498289983	0.9802108117414103	0.9760415030325413	0.9784913791750676	0.9739519809276247	0.9725442354221615	0.9755526305370207	0.9716331104149936	0.9769097304066613	0.9837590994770338	0.9689996126262503	0.9746000992848347	0.9737812419614693	0.9772263784564045	0.9753329724255239	0.9870377644357907	1.0	0.9788793989064689
0.9765153682735366	0.9784512316455246	0.9778593691386679	0.9804055849047288	0.9964591767781665	0.9785804574827491	0.9767624657188868	0.9813951643238734	0.9811825921474432	0.9766273903224925	0.9801736657281468	0.9779137020307374	0.9786545591496494	0.9783508485998815	0.9791604772395156	0.979664619170668	0.9778259121706969	0.9775989096917389	0.9743738327282677	0.9801716646562136	0.9786674645185417	0.9784648214876058	0.9762467368773226	0.9747516101429505	0.9783729196076071	0.9736153461945202	0.9779435898911981	0.9825343494316064	0.9701288422060768	0.9763226510766434	0.9754603323063146	0.9773931837232909	0.9782494031113097	0.9823820350994219	0.9788793989064689	1.0
