/home/jshaw/scratch/2022_sketched_distance/references/SGB_genome_fastas_part5/15225/Bengtsson-PalmeJ_2015__TRAVELRES10__bin.84.fa	/home/jshaw/scratch/2022_sketched_distance/references/SGB_genome_fastas_part5/15225/Bengtsson-PalmeJ_2015__TRAVELRES27__bin.39.fa	/home/jshaw/scratch/2022_sketched_distance/references/SGB_genome_fastas_part5/15225/Bengtsson-PalmeJ_2015__TRAVELRES62__bin.82.fa	/home/jshaw/scratch/2022_sketched_distance/references/SGB_genome_fastas_part5/15225/Bengtsson-PalmeJ_2015__TRAVELRES6__bin.65.fa	/home/jshaw/scratch/2022_sketched_distance/references/SGB_genome_fastas_part5/15225/CosteaPI_2017__pluto4-11-30-0__bin.14.fa	/home/jshaw/scratch/2022_sketched_distance/references/SGB_genome_fastas_part5/15225/CosteaPI_2017__SID713B003-11-90-0__bin.69.fa	/home/jshaw/scratch/2022_sketched_distance/references/SGB_genome_fastas_part5/15225/CosteaPI_2017__SID713B053-11-90-0__bin.18.fa	/home/jshaw/scratch/2022_sketched_distance/references/SGB_genome_fastas_part5/15225/CosteaPI_2017__SID713B061-11-90-0__bin.11.fa	/home/jshaw/scratch/2022_sketched_distance/references/SGB_genome_fastas_part5/15225/HeQ_2017__SZAXPI029571-86__bin.34.fa	/home/jshaw/scratch/2022_sketched_distance/references/SGB_genome_fastas_part5/15225/LeChatelierE_2013__MH0220__bin.39.fa	/home/jshaw/scratch/2022_sketched_distance/references/SGB_genome_fastas_part5/15225/LeChatelierE_2013__MH0244__bin.23.fa	/home/jshaw/scratch/2022_sketched_distance/references/SGB_genome_fastas_part5/15225/LiJ_2017__H1M5XX814__bin.21.fa	/home/jshaw/scratch/2022_sketched_distance/references/SGB_genome_fastas_part5/15225/LiJ_2017__nHF611623__bin.25.fa	/home/jshaw/scratch/2022_sketched_distance/references/SGB_genome_fastas_part5/15225/LouisS_2016__AS68_0__bin.29.fa	/home/jshaw/scratch/2022_sketched_distance/references/SGB_genome_fastas_part5/15225/NielsenHB_2014__V1_UC35_4__bin.23.fa	/home/jshaw/scratch/2022_sketched_distance/references/SGB_genome_fastas_part5/15225/QinJ_2012__T2D-043__bin.16.fa	/home/jshaw/scratch/2022_sketched_distance/references/SGB_genome_fastas_part5/15225/RaymondF_2016__P14E90__bin.92.fa	/home/jshaw/scratch/2022_sketched_distance/references/SGB_genome_fastas_part5/15225/RaymondF_2016__P23C0__bin.29.fa	/home/jshaw/scratch/2022_sketched_distance/references/SGB_genome_fastas_part5/15225/RaymondF_2016__P23C7__bin.9.fa	/home/jshaw/scratch/2022_sketched_distance/references/SGB_genome_fastas_part5/15225/RaymondF_2016__P23C90__bin.54.fa	/home/jshaw/scratch/2022_sketched_distance/references/SGB_genome_fastas_part5/15225/RaymondF_2016__P25C0__bin.19.fa	/home/jshaw/scratch/2022_sketched_distance/references/SGB_genome_fastas_part5/15225/RaymondF_2016__P25C7__bin.10.fa	/home/jshaw/scratch/2022_sketched_distance/references/SGB_genome_fastas_part5/15225/RaymondF_2016__P38C7__bin.46.fa	/home/jshaw/scratch/2022_sketched_distance/references/SGB_genome_fastas_part5/15225/RaymondF_2016__P6C7__bin.13.fa	/home/jshaw/scratch/2022_sketched_distance/references/SGB_genome_fastas_part5/15225/RaymondF_2016__P6C90__bin.5.fa	/home/jshaw/scratch/2022_sketched_distance/references/SGB_genome_fastas_part5/15225/VatanenT_2016__G80439__bin.13.fa	/home/jshaw/scratch/2022_sketched_distance/references/SGB_genome_fastas_part5/15225/VogtmannE_2016__MMRS84085284ST-27-0-0__bin.2.fa	/home/jshaw/scratch/2022_sketched_distance/references/SGB_genome_fastas_part5/15225/VogtmannE_2016__MMRS86178473ST-27-0-0__bin.15.fa	/home/jshaw/scratch/2022_sketched_distance/references/SGB_genome_fastas_part5/15225/WenC_2017__N244__bin.3.fa	/home/jshaw/scratch/2022_sketched_distance/references/SGB_genome_fastas_part5/15225/XieH_2016__YSZC12003_37648__bin.37.fa	/home/jshaw/scratch/2022_sketched_distance/references/SGB_genome_fastas_part5/15225/ZeeviD_2015__PNP_Main_62__bin.42.fa	/home/jshaw/scratch/2022_sketched_distance/references/SGB_genome_fastas_part5/15225/ZellerG_2014__CCIS48174381ST-4-0__bin.35.fa	/home/jshaw/scratch/2022_sketched_distance/references/SGB_genome_fastas_part5/15225/ZellerG_2014__CCIS91228662ST-4-0__bin.28.fa	/home/jshaw/scratch/2022_sketched_distance/references/SGB_genome_fastas_part5/15225/ZellerG_2014__CCMD25963797ST-21-0__bin.52.fa
1.0	0.9683900577768083	0.9722511886110362	0.9721206347879541	0.9690746835196545	0.9699267841322886	0.969155041312312	0.968540211227894	0.9684720788677916	0.9652080381329973	0.9683016764184619	0.9683861664771962	0.9685892734211903	0.9633291337851042	0.9706651703759733	0.9658003572324245	0.9755037271053634	0.9670731630951609	0.967304096709615	0.9678071332323922	0.9716130997904372	0.9671966164079893	0.966669208286744	0.9728061250500574	0.9708384506312977	0.9620675057529469	0.9695641192498585	0.9722951891044116	0.9649089081405646	0.9724116844671379	0.9710837224994674	0.969691755011855	0.9706846913783032	0.9693709927005754
0.9683900577768083	1.0	0.9690033654428107	0.9658419260257204	0.9641351864696488	0.9619129812239856	0.9623582613271697	0.961538903577016	0.9646113276622003	0.9604942533746212	0.9655602132531598	0.9622586060408669	0.9643072692911099	0.9592854770322953	0.9659985513544226	0.9612944535255159	0.9674365195509721	0.9600659900426314	0.960540121104668	0.9606618608969743	0.9671261492273704	0.9625758916892737	0.9608666137507637	0.967250038502494	0.9663181664988588	0.9574659593067131	0.9649625668209474	0.9678087837177687	0.9605353781585229	0.9686731581130077	0.965991349588812	0.9672659990654093	0.9646202253912121	0.9642431511080227
0.9722511886110362	0.9690033654428107	1.0	0.9701383307832091	0.9684625233995758	0.9661148765265953	0.966702898562165	0.9643553804082925	0.9679749486948269	0.9641274778997423	0.968014289857452	0.9669627685517705	0.9683853815395924	0.9629740338692703	0.9714051870304824	0.964403181012188	0.9673458954767782	0.9660564286117647	0.966111878015938	0.9674742651971774	0.9678990621714075	0.9625914266644364	0.965599520839101	0.9699060097898742	0.9666745953764025	0.9613742644284662	0.970000481816509	0.9708104528694179	0.964784959471591	0.971232441047823	0.9678507648566569	0.9878373945246932	0.9687632320983794	0.9701738553880904
0.9721206347879541	0.9658419260257204	0.9701383307832091	1.0	0.9673714584235893	0.9649716394616115	0.9671008266807822	0.9647359259385153	0.9680130593338454	0.9689590927782864	0.9674582846135062	0.9672241757233154	0.968380857347369	0.9620551823414225	0.9708205765816559	0.9641290217156216	0.9696402708472265	0.966144958998958	0.9662453377826747	0.9671314113566277	0.9683518022228217	0.9646573816761989	0.9648649293483367	0.9724064458124109	0.9690633899792845	0.9636328594577571	0.9688883000247864	0.9723718776458781	0.9639079656056213	0.9711486898538448	0.9697099752608419	0.9676012315341983	0.9712660869259364	0.9693709927005754
0.9690746835196545	0.9641351864696488	0.9684625233995758	0.9673714584235893	1.0	0.967037245822177	0.9642321149030482	0.965460004378813	0.9742678483407761	0.9601495633714511	0.9659170083989823	0.9737263927346721	0.9729944271500792	0.9679294633464752	0.9675645455692549	0.9704553328939162	0.9668654493536868	0.9703961664998269	0.9706123594059048	0.9715888992241363	0.9647109199747297	0.9591607644899032	0.9722618981220129	0.9700048153536107	0.9668912495893346	0.9612887522170311	0.9664423149996366	0.9698021477943018	0.9703155576737693	0.9702797219906871	0.9655397428639275	0.9658315200478814	0.9671705257204045	0.9693555559206098
0.9699267841322886	0.9619129812239856	0.9661148765265953	0.9649716394616115	0.967037245822177	1.0	0.9646898089473431	0.9688287742233553	0.9660024412999558	0.9580858174363223	0.9633948896541774	0.9648349212993647	0.9650105780973294	0.9602281505096307	0.965320614903682	0.9619574503252056	0.9646268501638742	0.9645552317715932	0.9648453062004467	0.9656272098964572	0.963412312682054	0.9589313103116669	0.9656280895003563	0.9679240262906087	0.9661317733146487	0.9594147917127923	0.9637277253787994	0.9675869173026108	0.9625287730957218	0.968047389444927	0.9639964245065338	0.9643226149360598	0.9654212877042416	0.967541183742966
0.969155041312312	0.9623582613271697	0.966702898562165	0.9671008266807822	0.9642321149030482	0.9646898089473431	1.0	0.9616882238928792	0.9643167764412632	0.9629316074925115	0.9639429383759291	0.9641963621359458	0.9642815417517929	0.9584535308998348	0.9653266006392847	0.9618816734227661	0.9677063073846678	0.9625908107962442	0.9629211441897908	0.963830930855803	0.9664401289943476	0.9620049279129269	0.9623964935024577	0.9717433496848324	0.9693161127831242	0.9674453810403845	0.9648815583842333	0.97752834966315	0.9614553165186202	0.9678150589041884	0.9679066556254301	0.9647730038148067	0.9767046331643716	0.9635500825939424
0.968540211227894	0.961538903577016	0.9643553804082925	0.9647359259385153	0.965460004378813	0.9688287742233553	0.9616882238928792	1.0	0.966693658705674	0.9586419336916178	0.962402002793286	0.9661332912536967	0.9660590018459104	0.9609128499054382	0.9642295111626846	0.9643097173480882	0.9638396401068196	0.9642116709827291	0.9643179022967188	0.9656424113428915	0.9630287079236869	0.9597270181973717	0.9654794958901327	0.9672746112707205	0.9655565288678644	0.9561665192855862	0.9626251053134991	0.9662155394150164	0.9632226404422173	0.9662343818878478	0.9643735888852915	0.9640102273245553	0.9650587542316401	0.964929235659665
0.9684720788677916	0.9646113276622003	0.9679749486948269	0.9680130593338454	0.9742678483407761	0.9660024412999558	0.9643167764412632	0.966693658705674	1.0	0.9597175774025334	0.9682848035765919	0.9739869792091695	0.9794948886192185	0.9729694989477256	0.9692583908843778	0.973013237137666	0.9654269757284106	0.9707238023223237	0.9708532016007553	0.9718947530991034	0.9646178960621481	0.9594571469700445	0.9703377599890358	0.9682329177557082	0.9658351592592735	0.959326448783048	0.967493605303716	0.9701100918084494	0.9879640315690935	0.9722136365849123	0.9660536866304995	0.9660547823447799	0.9676024227044077	0.9700884078960812
0.9652080381329973	0.9604942533746212	0.9641274778997423	0.9689590927782864	0.9601495633714511	0.9580858174363223	0.9629316074925115	0.9586419336916178	0.9597175774025334	1.0	0.9611836770074494	0.960287004279885	0.9602148466304032	0.9562990348373583	0.9751850572972091	0.9574277261960131	0.9641759234721701	0.9597705893814962	0.961898522117182	0.9612270053226856	0.962568180463117	0.9556335711630687	0.9587518555791765	0.96645154233094	0.9643191568914614	0.9588307951179417	0.9759297404965872	0.9682576717925264	0.9559316374375356	0.966505490812064	0.9638464520107971	0.9617647771636753	0.966094740118208	0.9602889560911623
0.9683016764184619	0.9655602132531598	0.968014289857452	0.9674582846135062	0.9659170083989823	0.9633948896541774	0.9639429383759291	0.962402002793286	0.9682848035765919	0.9611836770074494	1.0	0.9658553588264832	0.96814100440884	0.9637650109886738	0.9716570260789114	0.96205826007579	0.9651746338595351	0.9647281839080434	0.9646569797715778	0.9658818603766224	0.9630523492656399	0.9573493298234855	0.9616641645910673	0.968889224219851	0.9668820672241631	0.9592875035115415	0.9704280124166486	0.9693447281662552	0.9668024095308394	0.9788026532503381	0.9658423901338057	0.9647081617816874	0.9688815129976823	0.9692525983966928
0.9683861664771962	0.9622586060408669	0.9669627685517705	0.9672241757233154	0.9737263927346721	0.9648349212993647	0.9641963621359458	0.9661332912536967	0.9739869792091695	0.960287004279885	0.9658553588264832	1.0	0.9742093775783545	0.9688111130148602	0.9671339917976002	0.9695853025061039	0.9660832946251777	0.9703900289063269	0.9703736969716681	0.9714919483927609	0.964377638681704	0.959116052005385	0.970160217494476	0.9683554529212508	0.966370358478779	0.9573725062675436	0.9659371325554545	0.9671498141063851	0.970932965524356	0.9692363974817806	0.9671248627679901	0.9653443730483615	0.9661854884612389	0.9694382263226742
0.9685892734211903	0.9643072692911099	0.9683853815395924	0.968380857347369	0.9729944271500792	0.9650105780973294	0.9642815417517929	0.9660590018459104	0.9794948886192185	0.9602148466304032	0.96814100440884	0.9742093775783545	1.0	0.9877961594364809	0.9693695455586969	0.9845526240768537	0.9663367821459489	0.9712336093047979	0.9712918940182376	0.972044598621637	0.9638943214527285	0.9589859314414654	0.9701767655803475	0.967968266276779	0.9660506817125244	0.9600337809392367	0.9675197013088211	0.96922304157865	0.9767785282302238	0.9715376463055828	0.96681515840166	0.9659781668075891	0.9684102886489775	0.9697958392969017
0.9633291337851042	0.9592854770322953	0.9629740338692703	0.9620551823414225	0.9679294633464752	0.9602281505096307	0.9584535308998348	0.9609128499054382	0.9729694989477256	0.9562990348373583	0.9637650109886738	0.9688111130148602	0.9877961594364809	1.0	0.9642471741612082	0.9795420438448039	0.960515789507377	0.9655596824862763	0.966341748716804	0.9663596605376665	0.9584704568775801	0.953353631331081	0.9651071125664844	0.9619566905150857	0.9612619232489623	0.9532315072557876	0.9635399848683875	0.9634013047399934	0.9711282083630804	0.965923812856909	0.960750774939234	0.96003747054298	0.9628403352752388	0.9645206696728073
0.9706651703759733	0.9659985513544226	0.9714051870304824	0.9708205765816559	0.9675645455692549	0.965320614903682	0.9653266006392847	0.9642295111626846	0.9692583908843778	0.9751850572972091	0.9716570260789114	0.9671339917976002	0.9693695455586969	0.9642471741612082	1.0	0.9644245094212359	0.9682096514847274	0.9665846028165068	0.9666368816697006	0.96787673249495	0.9668258944333807	0.961139335820574	0.96470167906089	0.9709683089291739	0.9684641404797643	0.9611436414933746	0.9858165988911267	0.971296764265873	0.9663636406242385	0.9740405106699467	0.9693056745082168	0.9693543492500318	0.9700114007889516	0.9700031501264447
0.9658003572324245	0.9612944535255159	0.964403181012188	0.9641290217156216	0.9704553328939162	0.9619574503252056	0.9618816734227661	0.9643097173480882	0.973013237137666	0.9574277261960131	0.96205826007579	0.9695853025061039	0.9845526240768537	0.9795420438448039	0.9644245094212359	1.0	0.9626366642006842	0.9675375406808621	0.9679192369065395	0.968475567270831	0.9608017505966595	0.9584506132247522	0.9686337648906315	0.9648189040178172	0.9652107824358548	0.9561454212178198	0.9621321883589267	0.9661244999054178	0.969066773737666	0.9659587296958486	0.9631928745100621	0.9624671382292448	0.9643532167732874	0.9652223289209352
0.9755037271053634	0.9674365195509721	0.9673458954767782	0.9696402708472265	0.9668654493536868	0.9646268501638742	0.9677063073846678	0.9638396401068196	0.9654269757284106	0.9641759234721701	0.9651746338595351	0.9660832946251777	0.9663367821459489	0.960515789507377	0.9682096514847274	0.9626366642006842	1.0	0.9656977257229156	0.965990588887236	0.966789273773766	0.9768370105797546	0.9727513441748443	0.9646093611013131	0.971224787461539	0.9693171009869253	0.9612963200514506	0.9666827970446559	0.9703697755820835	0.9636720365180576	0.9694132839285836	0.9786156772195299	0.9651233661414251	0.9694290114198894	0.9664517396637827
0.9670731630951609	0.9600659900426314	0.9660564286117647	0.966144958998958	0.9703961664998269	0.9645552317715932	0.9625908107962442	0.9642116709827291	0.9707238023223237	0.9597705893814962	0.9647281839080434	0.9703900289063269	0.9712336093047979	0.9655596824862763	0.9665846028165068	0.9675375406808621	0.9656977257229156	1.0	0.9976597475405412	0.9985591395334472	0.9619350112981403	0.9564664031410555	0.9676911773076944	0.9680265274589319	0.9653804722687549	0.959194301695349	0.9650550353406537	0.9690411856108959	0.9683546751165878	0.9681315678814357	0.9629476383670659	0.9634628270182521	0.9673387796524685	0.9671053403121058
0.967304096709615	0.960540121104668	0.966111878015938	0.9662453377826747	0.9706123594059048	0.9648453062004467	0.9629211441897908	0.9643179022967188	0.9708532016007553	0.961898522117182	0.9646569797715778	0.9703736969716681	0.9712918940182376	0.966341748716804	0.9666368816697006	0.9679192369065395	0.965990588887236	0.9976597475405412	1.0	0.9973469148588412	0.9622714606869835	0.9568570678318964	0.967661836041843	0.9681279561240436	0.9657849907621275	0.959181016507031	0.9652306991706566	0.9690194826670551	0.9684032613040671	0.96810749904257	0.963154912705585	0.9638410352258988	0.9679557236084281	0.9670772165343904
0.9678071332323922	0.9606618608969743	0.9674742651971774	0.9671314113566277	0.9715888992241363	0.9656272098964572	0.963830930855803	0.9656424113428915	0.9718947530991034	0.9612270053226856	0.9658818603766224	0.9714919483927609	0.972044598621637	0.9663596605376665	0.96787673249495	0.968475567270831	0.966789273773766	0.9985591395334472	0.9973469148588412	1.0	0.9631558512194303	0.9578838143837469	0.9689033230083872	0.9691753097883243	0.9664360295957681	0.9599395736763151	0.9665247560510318	0.9699007989667845	0.9695866374186906	0.9694352624353426	0.9642881866121683	0.9647459099986319	0.9684514086417935	0.9680556260213402
0.9716130997904372	0.9671261492273704	0.9678990621714075	0.9683518022228217	0.9647109199747297	0.963412312682054	0.9664401289943476	0.9630287079236869	0.9646178960621481	0.962568180463117	0.9630523492656399	0.964377638681704	0.9638943214527285	0.9584704568775801	0.9668258944333807	0.9608017505966595	0.9768370105797546	0.9619350112981403	0.9622714606869835	0.9631558512194303	1.0	0.9829682947959733	0.9633289285774093	0.9702943599625723	0.9694501172678243	0.9603623591698197	0.9648142969224377	0.9702351838651685	0.9603274203359154	0.9688162642028605	0.9815746624778657	0.9667630733788972	0.9688209251237292	0.9648753074381973
0.9671966164079893	0.9625758916892737	0.9625914266644364	0.9646573816761989	0.9591607644899032	0.9589313103116669	0.9620049279129269	0.9597270181973717	0.9594571469700445	0.9556335711630687	0.9573493298234855	0.959116052005385	0.9589859314414654	0.953353631331081	0.961139335820574	0.9584506132247522	0.9727513441748443	0.9564664031410555	0.9568570678318964	0.9578838143837469	0.9829682947959733	1.0	0.958192826484544	0.965103574589273	0.9635384016943884	0.9552215431485761	0.958945304492848	0.9651815061201194	0.9546985628330417	0.9622653112497781	0.9776411562333793	0.9606962534945402	0.9629665016607258	0.9594571469700445
0.966669208286744	0.9608666137507637	0.965599520839101	0.9648649293483367	0.9722618981220129	0.9656280895003563	0.9623964935024577	0.9654794958901327	0.9703377599890358	0.9587518555791765	0.9616641645910673	0.970160217494476	0.9701767655803475	0.9651071125664844	0.96470167906089	0.9686337648906315	0.9646093611013131	0.9676911773076944	0.967661836041843	0.9689033230083872	0.9633289285774093	0.958192826484544	1.0	0.967068810776383	0.9647680596133906	0.9584450462056888	0.9630245863521392	0.967227632631888	0.9657290095009959	0.96692550878201	0.9636031534257773	0.9627413909041088	0.9647079044999978	0.9672853162606634
0.9728061250500574	0.967250038502494	0.9699060097898742	0.9724064458124109	0.9700048153536107	0.9679240262906087	0.9717433496848324	0.9672746112707205	0.9682329177557082	0.96645154233094	0.968889224219851	0.9683554529212508	0.967968266276779	0.9619566905150857	0.9709683089291739	0.9648189040178172	0.971224787461539	0.9680265274589319	0.9681279561240436	0.9691753097883243	0.9702943599625723	0.965103574589273	0.967068810776383	1.0	0.9937524518197973	0.9692008415915143	0.9698217598016884	0.9791829818765893	0.964602024544466	0.9721957524318581	0.9705023369680325	0.967969188173561	0.9761713457907086	0.9689818446366142
0.9708384506312977	0.9663181664988588	0.9666745953764025	0.9690633899792845	0.9668912495893346	0.9661317733146487	0.9693161127831242	0.9655565288678644	0.9658351592592735	0.9643191568914614	0.9668820672241631	0.966370358478779	0.9660506817125244	0.9612619232489623	0.9684641404797643	0.9652107824358548	0.9693171009869253	0.9653804722687549	0.9657849907621275	0.9664360295957681	0.9694501172678243	0.9635384016943884	0.9647680596133906	0.9937524518197973	1.0	0.9670243343750966	0.9676131020555216	0.9763751243910364	0.9619380212662625	0.970501773642804	0.968789017112395	0.9665607603823881	0.9737089414064871	0.9667442675011927
0.9620675057529469	0.9574659593067131	0.9613742644284662	0.9636328594577571	0.9612887522170311	0.9594147917127923	0.9674453810403845	0.9561665192855862	0.959326448783048	0.9588307951179417	0.9592875035115415	0.9573725062675436	0.9600337809392367	0.9532315072557876	0.9611436414933746	0.9561454212178198	0.9612963200514506	0.959194301695349	0.959181016507031	0.9599395736763151	0.9603623591698197	0.9552215431485761	0.9584450462056888	0.9692008415915143	0.9670243343750966	1.0	0.9602025051228109	0.9814777789924292	0.9574834343641077	0.9609355194900083	0.9625455025116751	0.9607894928595555	0.9807482675590906	0.9601133203784368
0.9695641192498585	0.9649625668209474	0.970000481816509	0.9688883000247864	0.9664423149996366	0.9637277253787994	0.9648815583842333	0.9626251053134991	0.967493605303716	0.9759297404965872	0.9704280124166486	0.9659371325554545	0.9675197013088211	0.9635399848683875	0.9858165988911267	0.9621321883589267	0.9666827970446559	0.9650550353406537	0.9652306991706566	0.9665247560510318	0.9648142969224377	0.958945304492848	0.9630245863521392	0.9698217598016884	0.9676131020555216	0.9602025051228109	1.0	0.9697184259368742	0.9663287625692106	0.9729260602749221	0.968442365647463	0.9670674836129312	0.9685724830297151	0.9687528872847307
0.9722951891044116	0.9678087837177687	0.9708104528694179	0.9723718776458781	0.9698021477943018	0.9675869173026108	0.97752834966315	0.9662155394150164	0.9701100918084494	0.9682576717925264	0.9693447281662552	0.9671498141063851	0.96922304157865	0.9634013047399934	0.971296764265873	0.9661244999054178	0.9703697755820835	0.9690411856108959	0.9690194826670551	0.9699007989667845	0.9702351838651685	0.9651815061201194	0.967227632631888	0.9791829818765893	0.9763751243910364	0.9814777789924292	0.9697184259368742	1.0	0.9660874548087197	0.9719248377447769	0.972371284017052	0.9693656895016778	0.9899978977986714	0.9692256678539587
0.9649089081405646	0.9605353781585229	0.964784959471591	0.9639079656056213	0.9703155576737693	0.9625287730957218	0.9614553165186202	0.9632226404422173	0.9879640315690935	0.9559316374375356	0.9668024095308394	0.970932965524356	0.9767785282302238	0.9711282083630804	0.9663636406242385	0.969066773737666	0.9636720365180576	0.9683546751165878	0.9684032613040671	0.9695866374186906	0.9603274203359154	0.9546985628330417	0.9657290095009959	0.964602024544466	0.9619380212662625	0.9574834343641077	0.9663287625692106	0.9660874548087197	1.0	0.9688535337326601	0.9627416773011441	0.9621270387816878	0.9667780173241584	0.9666863537650742
0.9724116844671379	0.9686731581130077	0.971232441047823	0.9711486898538448	0.9702797219906871	0.968047389444927	0.9678150589041884	0.9662343818878478	0.9722136365849123	0.966505490812064	0.9788026532503381	0.9692363974817806	0.9715376463055828	0.965923812856909	0.9740405106699467	0.9659587296958486	0.9694132839285836	0.9681315678814357	0.96810749904257	0.9694352624353426	0.9688162642028605	0.9622653112497781	0.96692550878201	0.9721957524318581	0.970501773642804	0.9609355194900083	0.9729260602749221	0.9719248377447769	0.9688535337326601	1.0	0.969930416285761	0.9685094266748292	0.9704200648887087	0.9726858722215427
0.9710837224994674	0.965991349588812	0.9678507648566569	0.9697099752608419	0.9655397428639275	0.9639964245065338	0.9679066556254301	0.9643735888852915	0.9660536866304995	0.9638464520107971	0.9658423901338057	0.9671248627679901	0.96681515840166	0.960750774939234	0.9693056745082168	0.9631928745100621	0.9786156772195299	0.9629476383670659	0.963154912705585	0.9642881866121683	0.9815746624778657	0.9776411562333793	0.9636031534257773	0.9705023369680325	0.968789017112395	0.9625455025116751	0.968442365647463	0.972371284017052	0.9627416773011441	0.969930416285761	1.0	0.9664004212156105	0.9712962838944509	0.9666983593321363
0.969691755011855	0.9672659990654093	0.9878373945246932	0.9676012315341983	0.9658315200478814	0.9643226149360598	0.9647730038148067	0.9640102273245553	0.9660547823447799	0.9617647771636753	0.9647081617816874	0.9653443730483615	0.9659781668075891	0.96003747054298	0.9693543492500318	0.9624671382292448	0.9651233661414251	0.9634628270182521	0.9638410352258988	0.9647459099986319	0.9667630733788972	0.9606962534945402	0.9627413909041088	0.967969188173561	0.9665607603823881	0.9607894928595555	0.9670674836129312	0.9693656895016778	0.9621270387816878	0.9685094266748292	0.9664004212156105	1.0	0.9668084815155573	0.9675458915361212
0.9706846913783032	0.9646202253912121	0.9687632320983794	0.9712660869259364	0.9671705257204045	0.9654212877042416	0.9767046331643716	0.9650587542316401	0.9676024227044077	0.966094740118208	0.9688815129976823	0.9661854884612389	0.9684102886489775	0.9628403352752388	0.9700114007889516	0.9643532167732874	0.9694290114198894	0.9673387796524685	0.9679557236084281	0.9684514086417935	0.9688209251237292	0.9629665016607258	0.9647079044999978	0.9761713457907086	0.9737089414064871	0.9807482675590906	0.9685724830297151	0.9899978977986714	0.9667780173241584	0.9704200648887087	0.9712962838944509	0.9668084815155573	1.0	0.9678639686959777
0.9693709927005754	0.9642431511080227	0.9701738553880904	0.9693709927005754	0.9693555559206098	0.967541183742966	0.9635500825939424	0.964929235659665	0.9700884078960812	0.9602889560911623	0.9692525983966928	0.9694382263226742	0.9697958392969017	0.9645206696728073	0.9700031501264447	0.9652223289209352	0.9664517396637827	0.9671053403121058	0.9670772165343904	0.9680556260213402	0.9648753074381973	0.9594571469700445	0.9672853162606634	0.9689818446366142	0.9667442675011927	0.9601133203784368	0.9687528872847307	0.9692256678539587	0.9666863537650742	0.9726858722215427	0.9666983593321363	0.9675458915361212	0.9678639686959777	1.0
