/home/jshaw/scratch/2022_sketched_distance/references/SGB_genome_fastas_part5/14425/ChengpingW_2017__AS121raw__bin.39.fa	/home/jshaw/scratch/2022_sketched_distance/references/SGB_genome_fastas_part5/14425/ChengpingW_2017__AS128raw__bin.52.fa	/home/jshaw/scratch/2022_sketched_distance/references/SGB_genome_fastas_part5/14425/HeQ_2017__RSZAXPI003079-113__bin.35.fa	/home/jshaw/scratch/2022_sketched_distance/references/SGB_genome_fastas_part5/14425/HeQ_2017__RSZAXPI003099-133__bin.45.fa	/home/jshaw/scratch/2022_sketched_distance/references/SGB_genome_fastas_part5/14425/HeQ_2017__SZAXPI029555-35__bin.92.fa	/home/jshaw/scratch/2022_sketched_distance/references/SGB_genome_fastas_part5/14425/HeQ_2017__SZAXPI029567-80__bin.62.fa	/home/jshaw/scratch/2022_sketched_distance/references/SGB_genome_fastas_part5/14425/HeQ_2017__SZAXPI029569-84__bin.29.fa	/home/jshaw/scratch/2022_sketched_distance/references/SGB_genome_fastas_part5/14425/HeQ_2017__SZAXPI029601-32__bin.53.fa	/home/jshaw/scratch/2022_sketched_distance/references/SGB_genome_fastas_part5/14425/HMP_2012__SRS012273__bin.13.fa	/home/jshaw/scratch/2022_sketched_distance/references/SGB_genome_fastas_part5/14425/HMP_2012__SRS022071__bin.44.fa	/home/jshaw/scratch/2022_sketched_distance/references/SGB_genome_fastas_part5/14425/LiJ_2017__H3F416103__bin.2.fa	/home/jshaw/scratch/2022_sketched_distance/references/SGB_genome_fastas_part5/14425/LiJ_2017__H3F516111__bin.34.fa	/home/jshaw/scratch/2022_sketched_distance/references/SGB_genome_fastas_part5/14425/QinJ_2012__CON-010__bin.48.fa	/home/jshaw/scratch/2022_sketched_distance/references/SGB_genome_fastas_part5/14425/QinJ_2012__CON-038__bin.47.fa	/home/jshaw/scratch/2022_sketched_distance/references/SGB_genome_fastas_part5/14425/QinJ_2012__DLF009__bin.6.fa	/home/jshaw/scratch/2022_sketched_distance/references/SGB_genome_fastas_part5/14425/QinJ_2012__T2D-015__bin.36.fa	/home/jshaw/scratch/2022_sketched_distance/references/SGB_genome_fastas_part5/14425/QinJ_2012__T2D-025__bin.1.fa	/home/jshaw/scratch/2022_sketched_distance/references/SGB_genome_fastas_part5/14425/QinJ_2012__T2D-039__bin.23.fa	/home/jshaw/scratch/2022_sketched_distance/references/SGB_genome_fastas_part5/14425/QinJ_2012__T2D-060__bin.14.fa	/home/jshaw/scratch/2022_sketched_distance/references/SGB_genome_fastas_part5/14425/QinJ_2012__T2D-062__bin.46.fa	/home/jshaw/scratch/2022_sketched_distance/references/SGB_genome_fastas_part5/14425/QinJ_2012__T2D-079__bin.15.fa	/home/jshaw/scratch/2022_sketched_distance/references/SGB_genome_fastas_part5/14425/QinJ_2012__T2D-091__bin.34.fa	/home/jshaw/scratch/2022_sketched_distance/references/SGB_genome_fastas_part5/14425/QinJ_2012__T2D-095__bin.6.fa	/home/jshaw/scratch/2022_sketched_distance/references/SGB_genome_fastas_part5/14425/QinJ_2012__T2D-102__bin.21.fa	/home/jshaw/scratch/2022_sketched_distance/references/SGB_genome_fastas_part5/14425/WenC_2017__RA064__bin.5.fa	/home/jshaw/scratch/2022_sketched_distance/references/SGB_genome_fastas_part5/14425/WenC_2017__RA114__bin.38.fa	/home/jshaw/scratch/2022_sketched_distance/references/SGB_genome_fastas_part5/14425/YuJ_2015__SZAXPI015233-19__bin.46.fa	/home/jshaw/scratch/2022_sketched_distance/references/SGB_genome_fastas_part5/14425/YuJ_2015__SZAXPI015257-56__bin.54.fa	/home/jshaw/scratch/2022_sketched_distance/references/SGB_genome_fastas_part5/14425/YuJ_2015__SZAXPI017594-166__bin.13.fa
1.0	0.97691558048141	0.9787775846703761	0.9708857072572126	0.9780300244190916	0.9688518504437084	0.974083307356091	0.978782675947109	0.9746886685055993	0.9753317140170782	0.9787850321502064	0.9737325387202677	0.977751771044344	0.973444630398256	0.9780319325108714	0.9777877154393253	0.9704052431585952	0.9696014387482007	0.9750335290541373	0.9766384231670507	0.9735411761151227	0.9676298390268652	0.973601658255864	0.9750449289435182	0.9767722477993634	0.9776794631918014	0.975217068984298	0.9789717294021263	0.9668583899172746
0.97691558048141	1.0	0.9810427942666062	0.9719534236824154	0.980247914424707	0.9709653786648236	0.9769303888902984	0.9809827341050024	0.9767571509881809	0.9779744802659941	0.9816619953505582	0.9744848002466364	0.9804823391856758	0.9771119678339755	0.9798412568469214	0.9813272955563965	0.9755988236472242	0.9726049966867473	0.9789406923882423	0.9789056803287618	0.9767337771605553	0.9687521735990935	0.9786228645971059	0.9755672000989157	0.9803638496957103	0.9801736387980275	0.9768360250557576	0.9802907272773312	0.9707940783300897
0.9787775846703761	0.9810427942666062	1.0	0.9906378772170304	0.983569518911486	0.975730966762069	0.9783933940444822	0.9835612553288987	0.980137766613624	0.9808538681846957	0.9824745565114185	0.9773882483804265	0.9843296615439795	0.9789276581793244	0.9829801510594807	0.9841248035214626	0.9767284446784541	0.9768630576451673	0.9828811473658651	0.9809487074383773	0.9780347461583653	0.9726709835016453	0.9785385649787712	0.9773613556271206	0.9813012915515181	0.9829089900207503	0.9806013494361421	0.9835915905929772	0.9735172936277384
0.9708857072572126	0.9719534236824154	0.9906378772170304	1.0	0.9762905893207909	0.9823947340502985	0.9701110574755072	0.9754514780947079	0.9723394255097588	0.9735561417795138	0.9744630421820266	0.9688030988480762	0.9774515167477023	0.9732775528085341	0.9765674632494337	0.9771898058399334	0.9688799178923007	0.9744244648413808	0.9776013705317061	0.9750001351845797	0.971867450401351	0.9784596650920343	0.973009741468265	0.9678119419267223	0.9743868144930578	0.9757588400006835	0.9735454778237043	0.9754817393699704	0.9664749491858549
0.9780300244190916	0.980247914424707	0.983569518911486	0.9762905893207909	1.0	0.975376584212156	0.9787816947376515	0.9845007989135586	0.9810328628287245	0.9819330327878273	0.9829279603767117	0.976881905488013	0.9841134507414917	0.9793369102537005	0.9847665964898676	0.9852102517202248	0.9756346751171635	0.9765804774987857	0.9829378485773705	0.9815267661421138	0.9767239618192646	0.9736737789161988	0.9780834989930057	0.9775170076180585	0.9813371864310242	0.9838583349397652	0.9814132563423807	0.9829326911436614	0.9727268491976893
0.9688518504437084	0.9709653786648236	0.975730966762069	0.9823947340502985	0.975376584212156	1.0	0.9698151540670752	0.9746790577708707	0.9713929340797945	0.9731724463290246	0.9747406575544934	0.9696000928739753	0.977302255361568	0.9722491068678171	0.9745511393477206	0.9781327373110025	0.9685311169253262	0.9740665623848002	0.9742490725253805	0.9724939426924212	0.9713446031499029	0.9793891759433233	0.9724191172544102	0.9677600509354752	0.9747651567101833	0.9754868174421304	0.972729650624503	0.9757422488992734	0.967721757582624
0.974083307356091	0.9769303888902984	0.9783933940444822	0.9701110574755072	0.9787816947376515	0.9698151540670752	1.0	0.9784391632120488	0.9765602180006642	0.9772344132104096	0.9792616260697197	0.9726068449259558	0.9788359358572113	0.9749844598673795	0.9801874924893489	0.9807983280703366	0.9720442345726017	0.9719594203976059	0.9769954798894462	0.9773242212721102	0.9742256727203389	0.9667216896244392	0.9757128957554423	0.9736984459950287	0.9776637648750733	0.9774879554980886	0.9748900542025606	0.9789032188181943	0.9706765938637648
0.978782675947109	0.9809827341050024	0.9835612553288987	0.9754514780947079	0.9845007989135586	0.9746790577708707	0.9784391632120488	1.0	0.9792168129798061	0.9805936475601742	0.9825462552582187	0.9760904604899817	0.9835733886390707	0.980044889853716	0.983612988863391	0.9854333916418326	0.9750221061417292	0.9770928861552604	0.9806724035958265	0.9804195482582531	0.9765632094660245	0.9720835721731371	0.9775588002084581	0.9774219611622842	0.9816344358464446	0.9837884890744446	0.9817052701598383	0.9838863717630988	0.9735611060623451
0.9746886685055993	0.9767571509881809	0.980137766613624	0.9723394255097588	0.9810328628287245	0.9713929340797945	0.9765602180006642	0.9792168129798061	1.0	0.9961593633140875	0.9795973773769322	0.9728366391720261	0.9796016299062513	0.9769675493294543	0.9796054135193033	0.980568030117058	0.9731593878503888	0.9736752581158831	0.9796990058146303	0.9769963875442993	0.9759186647476729	0.9695546722799268	0.9758683273163885	0.9755800726627472	0.9780932503120352	0.979477162746102	0.9765351319628048	0.9788735831919301	0.9700599551677517
0.9753317140170782	0.9779744802659941	0.9808538681846957	0.9735561417795138	0.9819330327878273	0.9731724463290246	0.9772344132104096	0.9805936475601742	0.9961593633140875	1.0	0.9810664903068793	0.9745081855047751	0.9808901201647934	0.9775264318901047	0.9810247834473721	0.9819544542212507	0.9730624490145471	0.9739812706081095	0.9805776481614018	0.9777059074327968	0.9759502347916839	0.9713549377774781	0.9763882931932931	0.9768474229916229	0.9795798436950885	0.9810627525225409	0.9778649576041559	0.9803041143141347	0.9707057342578824
0.9787850321502064	0.9816619953505582	0.9824745565114185	0.9744630421820266	0.9829279603767117	0.9747406575544934	0.9792616260697197	0.9825462552582187	0.9795973773769322	0.9810664903068793	1.0	0.9789151695919063	0.9836081243603348	0.9794557626477474	0.982837531929301	0.9844400776100211	0.9745961912129264	0.9749990506528894	0.9813293490237386	0.9811909313074741	0.977247549444102	0.9725133347778173	0.9776267873680842	0.9774757876726188	0.9825152864269918	0.9819712217152381	0.9797159077266611	0.9822346594951623	0.9720725637977278
0.9737325387202677	0.9744848002466364	0.9773882483804265	0.9688030988480762	0.976881905488013	0.9696000928739753	0.9726068449259558	0.9760904604899817	0.9728366391720261	0.9745081855047751	0.9789151695919063	1.0	0.9773230280046026	0.9721435846538163	0.9759803146765197	0.9781879418599773	0.9684039662068967	0.9672018511223551	0.9743272085114169	0.9739634030575566	0.9700049970803655	0.9654526054630308	0.9697201569336268	0.9725362074727061	0.9782663957691824	0.9763020162663592	0.9738086372519981	0.9768663322909691	0.9671527007915893
0.977751771044344	0.9804823391856758	0.9843296615439795	0.9774515167477023	0.9841134507414917	0.977302255361568	0.9788359358572113	0.9835733886390707	0.9796016299062513	0.9808901201647934	0.9836081243603348	0.9773230280046026	1.0	0.9797265663461402	0.9831848464647459	0.9850621655046675	0.9759631226201205	0.9778037547952859	0.9825726893327019	0.9811192172984009	0.9776487531837326	0.9733413984903494	0.9786786131970631	0.9779666313992974	0.9830839302532595	0.9832606713285779	0.9809968589136703	0.983789718856173	0.9742604703945662
0.973444630398256	0.9771119678339755	0.9789276581793244	0.9732775528085341	0.9793369102537005	0.9722491068678171	0.9749844598673795	0.980044889853716	0.9769675493294543	0.9775264318901047	0.9794557626477474	0.9721435846538163	0.9797265663461402	1.0	0.9789528970197438	0.9805074930662799	0.978463595078555	0.978669333893617	0.9801375259800233	0.9801569927886753	0.9793551227569125	0.9688519577763762	0.9792583429571591	0.9742141575713682	0.977305053998638	0.9788170893457093	0.976540793840657	0.9788374563246249	0.9704178263947584
0.9780319325108714	0.9798412568469214	0.9829801510594807	0.9765674632494337	0.9847665964898676	0.9745511393477206	0.9801874924893489	0.983612988863391	0.9796054135193033	0.9810247834473721	0.982837531929301	0.9759803146765197	0.9831848464647459	0.9789528970197438	1.0	0.9871370445349412	0.9737870354488108	0.9757991681338388	0.9826542768930251	0.9797102089538883	0.9767956642556119	0.9727713749798115	0.9783909200272884	0.9778198136872218	0.9809252552239621	0.9827110957324391	0.9801640468744874	0.9836699468523896	0.9710244950572271
0.9777877154393253	0.9813272955563965	0.9841248035214626	0.9771898058399334	0.9852102517202248	0.9781327373110025	0.9807983280703366	0.9854333916418326	0.980568030117058	0.9819544542212507	0.9844400776100211	0.9781879418599773	0.9850621655046675	0.9805074930662799	0.9871370445349412	1.0	0.9754366621515016	0.9783303549957727	0.9819423715445154	0.9817594267299314	0.9768630576451673	0.9735816414123825	0.9799016115382483	0.977262319980644	0.9835638411353657	0.9847761828231614	0.9820908788016595	0.984293212609251	0.9740479444550229
0.9704052431585952	0.9755988236472242	0.9767284446784541	0.9688799178923007	0.9756346751171635	0.9685311169253262	0.9720442345726017	0.9750221061417292	0.9731593878503888	0.9730624490145471	0.9745961912129264	0.9684039662068967	0.9759631226201205	0.978463595078555	0.9737870354488108	0.9754366621515016	1.0	0.9774851114783455	0.9770129248152462	0.9800804960058125	0.9797006043785615	0.963495115045918	0.978095319640255	0.970736173845914	0.9742239588241803	0.9751240646956089	0.9731841804844306	0.9754457002301237	0.9686988845038721
0.9696014387482007	0.9726049966867473	0.9768630576451673	0.9744244648413808	0.9765804774987857	0.9740665623848002	0.9719594203976059	0.9770928861552604	0.9736752581158831	0.9739812706081095	0.9749990506528894	0.9672018511223551	0.9778037547952859	0.978669333893617	0.9757991681338388	0.9783303549957727	0.9774851114783455	1.0	0.9788768774312643	0.9790972645549063	0.9788089900169311	0.9677374696477169	0.9789722176181189	0.9718016031074392	0.9736028316406574	0.9748474757577248	0.9733534695944801	0.976525337184064	0.970194859596661
0.9750335290541373	0.9789406923882423	0.9828811473658651	0.9776013705317061	0.9829378485773705	0.9742490725253805	0.9769954798894462	0.9806724035958265	0.9796990058146303	0.9805776481614018	0.9813293490237386	0.9743272085114169	0.9825726893327019	0.9801375259800233	0.9826542768930251	0.9819423715445154	0.9770129248152462	0.9788768774312643	1.0	0.9806755152938611	0.9805729331398877	0.9705339251419189	0.9797083768735931	0.9764217382900829	0.9795026497593278	0.9804070509558864	0.9777942365028529	0.9813277626965529	0.9722285742489697
0.9766384231670507	0.9789056803287618	0.9809487074383773	0.9750001351845797	0.9815267661421138	0.9724939426924212	0.9773242212721102	0.9804195482582531	0.9769963875442993	0.9777059074327968	0.9811909313074741	0.9739634030575566	0.9811192172984009	0.9801569927886753	0.9797102089538883	0.9817594267299314	0.9800804960058125	0.9790972645549063	0.9806755152938611	1.0	0.9810927551197743	0.9683333411336541	0.98057176614851	0.9764465074333273	0.97920540072415	0.9790675009148071	0.9774457089452334	0.9800510025578517	0.9729771467253847
0.9735411761151227	0.9767337771605553	0.9780347461583653	0.971867450401351	0.9767239618192646	0.9713446031499029	0.9742256727203389	0.9765632094660245	0.9759186647476729	0.9759502347916839	0.977247549444102	0.9700049970803655	0.9776487531837326	0.9793551227569125	0.9767956642556119	0.9768630576451673	0.9797006043785615	0.9788089900169311	0.9805729331398877	0.9810927551197743	1.0	0.9644200194028876	0.9795472207001508	0.9743068783270421	0.9765999099523105	0.9762529733506362	0.9734915385659235	0.9777595271140604	0.9710135932551334
0.9676298390268652	0.9687521735990935	0.9726709835016453	0.9784596650920343	0.9736737789161988	0.9793891759433233	0.9667216896244392	0.9720835721731371	0.9695546722799268	0.9713549377774781	0.9725133347778173	0.9654526054630308	0.9733413984903494	0.9688519577763762	0.9727713749798115	0.9735816414123825	0.963495115045918	0.9677374696477169	0.9705339251419189	0.9683333411336541	0.9644200194028876	1.0	0.9670339358325314	0.9653272432329185	0.9720228759572704	0.9713877815975334	0.9696996666859057	0.9716705531394608	0.961556628143812
0.973601658255864	0.9786228645971059	0.9785385649787712	0.973009741468265	0.9780834989930057	0.9724191172544102	0.9757128957554423	0.9775588002084581	0.9758683273163885	0.9763882931932931	0.9776267873680842	0.9697201569336268	0.9786786131970631	0.9792583429571591	0.9783909200272884	0.9799016115382483	0.978095319640255	0.9789722176181189	0.9797083768735931	0.98057176614851	0.9795472207001508	0.9670339358325314	1.0	0.9718874981242377	0.9755586331798283	0.9779091608043898	0.9753605193052588	0.9784270566535254	0.9704726346979953
0.9750449289435182	0.9755672000989157	0.9773613556271206	0.9678119419267223	0.9775170076180585	0.9677600509354752	0.9736984459950287	0.9774219611622842	0.9755800726627472	0.9768474229916229	0.9774757876726188	0.9725362074727061	0.9779666313992974	0.9742141575713682	0.9778198136872218	0.977262319980644	0.970736173845914	0.9718016031074392	0.9764217382900829	0.9764465074333273	0.9743068783270421	0.9653272432329185	0.9718874981242377	1.0	0.9765526879504431	0.9763542767326481	0.9737703772770075	0.9791299843876645	0.9655899559020179
0.9767722477993634	0.9803638496957103	0.9813012915515181	0.9743868144930578	0.9813371864310242	0.9747651567101833	0.9776637648750733	0.9816344358464446	0.9780932503120352	0.9795798436950885	0.9825152864269918	0.9782663957691824	0.9830839302532595	0.977305053998638	0.9809252552239621	0.9835638411353657	0.9742239588241803	0.9736028316406574	0.9795026497593278	0.97920540072415	0.9765999099523105	0.9720228759572704	0.9755586331798283	0.9765526879504431	1.0	0.9804514270321896	0.9781387650094578	0.9812471165825312	0.971941721752299
0.9776794631918014	0.9801736387980275	0.9829089900207503	0.9757588400006835	0.9838583349397652	0.9754868174421304	0.9774879554980886	0.9837884890744446	0.979477162746102	0.9810627525225409	0.9819712217152381	0.9763020162663592	0.9832606713285779	0.9788170893457093	0.9827110957324391	0.9847761828231614	0.9751240646956089	0.9748474757577248	0.9804070509558864	0.9790675009148071	0.9762529733506362	0.9713877815975334	0.9779091608043898	0.9763542767326481	0.9804514270321896	1.0	0.9806501277468799	0.9823937601445414	0.9728707057360456
0.975217068984298	0.9768360250557576	0.9806013494361421	0.9735454778237043	0.9814132563423807	0.972729650624503	0.9748900542025606	0.9817052701598383	0.9765351319628048	0.9778649576041559	0.9797159077266611	0.9738086372519981	0.9809968589136703	0.976540793840657	0.9801640468744874	0.9820908788016595	0.9731841804844306	0.9733534695944801	0.9777942365028529	0.9774457089452334	0.9734915385659235	0.9696996666859057	0.9753605193052588	0.9737703772770075	0.9781387650094578	0.9806501277468799	1.0	0.9804869796225809	0.970718807664823
0.9789717294021263	0.9802907272773312	0.9835915905929772	0.9754817393699704	0.9829326911436614	0.9757422488992734	0.9789032188181943	0.9838863717630988	0.9788735831919301	0.9803041143141347	0.9822346594951623	0.9768663322909691	0.983789718856173	0.9788374563246249	0.9836699468523896	0.984293212609251	0.9754457002301237	0.976525337184064	0.9813277626965529	0.9800510025578517	0.9777595271140604	0.9716705531394608	0.9784270566535254	0.9791299843876645	0.9812471165825312	0.9823937601445414	0.9804869796225809	1.0	0.9724389059970652
0.9668583899172746	0.9707940783300897	0.9735172936277384	0.9664749491858549	0.9727268491976893	0.967721757582624	0.9706765938637648	0.9735611060623451	0.9700599551677517	0.9707057342578824	0.9720725637977278	0.9671527007915893	0.9742604703945662	0.9704178263947584	0.9710244950572271	0.9740479444550229	0.9686988845038721	0.970194859596661	0.9722285742489697	0.9729771467253847	0.9710135932551334	0.961556628143812	0.9704726346979953	0.9655899559020179	0.971941721752299	0.9728707057360456	0.970718807664823	0.9724389059970652	1.0
