/home/jshaw/scratch/2022_sketched_distance/references/SGB_genome_fastas_part4/6329/Bengtsson-PalmeJ_2015__TRAVELRES70__bin.47.fa	/home/jshaw/scratch/2022_sketched_distance/references/SGB_genome_fastas_part4/6329/BritoIL_2016__M1.26.ST__bin.26.fa	/home/jshaw/scratch/2022_sketched_distance/references/SGB_genome_fastas_part4/6329/BritoIL_2016__M2.51.ST__bin.70.fa	/home/jshaw/scratch/2022_sketched_distance/references/SGB_genome_fastas_part4/6329/BritoIL_2016__W1.13.ST__bin.20.fa	/home/jshaw/scratch/2022_sketched_distance/references/SGB_genome_fastas_part4/6329/BritoIL_2016__WL.30.ST__bin.63.fa	/home/jshaw/scratch/2022_sketched_distance/references/SGB_genome_fastas_part4/6329/BritoIL_2016__WL.7.ST__bin.55.fa	/home/jshaw/scratch/2022_sketched_distance/references/SGB_genome_fastas_part4/6329/FengQ_2015__SID31300__bin.89.fa	/home/jshaw/scratch/2022_sketched_distance/references/SGB_genome_fastas_part4/6329/FengQ_2015__SID31878__bin.51.fa	/home/jshaw/scratch/2022_sketched_distance/references/SGB_genome_fastas_part4/6329/HMP_2012__SRS050752__bin.51.fa	/home/jshaw/scratch/2022_sketched_distance/references/SGB_genome_fastas_part4/6329/KarlssonFH_2013__S397__bin.8.fa	/home/jshaw/scratch/2022_sketched_distance/references/SGB_genome_fastas_part4/6329/KarlssonFH_2013__S462__bin.48.fa	/home/jshaw/scratch/2022_sketched_distance/references/SGB_genome_fastas_part4/6329/LeChatelierE_2013__MH0107__bin.1.fa	/home/jshaw/scratch/2022_sketched_distance/references/SGB_genome_fastas_part4/6329/LeChatelierE_2013__MH0153__bin.32.fa	/home/jshaw/scratch/2022_sketched_distance/references/SGB_genome_fastas_part4/6329/LeChatelierE_2013__MH0174__bin.47.fa	/home/jshaw/scratch/2022_sketched_distance/references/SGB_genome_fastas_part4/6329/NielsenHB_2014__MH0107__bin.30.fa	/home/jshaw/scratch/2022_sketched_distance/references/SGB_genome_fastas_part4/6329/NielsenHB_2014__MH0123__bin.30.fa	/home/jshaw/scratch/2022_sketched_distance/references/SGB_genome_fastas_part4/6329/NielsenHB_2014__MH0153__bin.20.fa	/home/jshaw/scratch/2022_sketched_distance/references/SGB_genome_fastas_part4/6329/NielsenHB_2014__MH0174__bin.29.fa	/home/jshaw/scratch/2022_sketched_distance/references/SGB_genome_fastas_part4/6329/NielsenHB_2014__V1_UC21_4__bin.26.fa	/home/jshaw/scratch/2022_sketched_distance/references/SGB_genome_fastas_part4/6329/QinJ_2012__T2D-051__bin.39.fa	/home/jshaw/scratch/2022_sketched_distance/references/SGB_genome_fastas_part4/6329/QinN_2014__HD-55__bin.12.fa	/home/jshaw/scratch/2022_sketched_distance/references/SGB_genome_fastas_part4/6329/VogtmannE_2016__MMRS25211151ST-27-0-0__bin.16.fa	/home/jshaw/scratch/2022_sketched_distance/references/SGB_genome_fastas_part4/6329/XieH_2016__YSZC12003_35519__bin.65.fa	/home/jshaw/scratch/2022_sketched_distance/references/SGB_genome_fastas_part4/6329/XieH_2016__YSZC12003_35991__bin.7.fa	/home/jshaw/scratch/2022_sketched_distance/references/SGB_genome_fastas_part4/6329/XieH_2016__YSZC12003_36008__bin.114.fa	/home/jshaw/scratch/2022_sketched_distance/references/SGB_genome_fastas_part4/6329/XieH_2016__YSZC12003_37202R1__bin.28.fa	/home/jshaw/scratch/2022_sketched_distance/references/SGB_genome_fastas_part4/6329/XieH_2016__YSZC12003_37206__bin.8.fa	/home/jshaw/scratch/2022_sketched_distance/references/SGB_genome_fastas_part4/6329/XieH_2016__YSZC12003_37210__bin.68.fa	/home/jshaw/scratch/2022_sketched_distance/references/SGB_genome_fastas_part4/6329/XieH_2016__YSZC12003_37405__bin.46.fa	/home/jshaw/scratch/2022_sketched_distance/references/SGB_genome_fastas_part4/6329/XieH_2016__YSZC12003_37754__bin.22.fa	/home/jshaw/scratch/2022_sketched_distance/references/SGB_genome_fastas_part4/6329/XieH_2016__YSZC12003_37797__bin.38.fa	/home/jshaw/scratch/2022_sketched_distance/references/SGB_genome_fastas_part4/6329/YuJ_2015__SZAXPI017588-123__bin.34.fa	/home/jshaw/scratch/2022_sketched_distance/references/SGB_genome_fastas_part4/6329/ZeeviD_2015__PNP_Main_291__bin.23.fa	/home/jshaw/scratch/2022_sketched_distance/references/SGB_genome_fastas_part4/6329/ZeeviD_2015__PNP_Main_612__bin.9.fa	/home/jshaw/scratch/2022_sketched_distance/references/SGB_genome_fastas_part4/6329/ZeeviD_2015__PNP_Validation_95__bin.6.fa	/home/jshaw/scratch/2022_sketched_distance/references/SGB_genome_fastas_part4/6329/ZellerG_2014__CCIS51595129ST-4-0__bin.50.fa	/home/jshaw/scratch/2022_sketched_distance/references/SGB_genome_fastas_part4/6329/ZellerG_2014__CCIS70398272ST-4-0__bin.62.fa
1.0	0.994316607444183	0.9944245485563405	0.9942444509110652	0.9901349800365156	0.9946750526290956	0.9957622330247241	0.994781834805119	0.983817098592794	0.994316607444183	0.9968149298697014	0.9944963145118761	0.9931428088166862	0.9763506713018048	0.9944963145118761	0.9896050543845488	0.994099664812655	0.9957967171059182	0.9956239373030896	0.9947106849111927	0.9942083136466451	0.98871435908308	0.994316607444183	0.9913790251920821	0.9936982095826716	0.9972136343634589	0.9969816384291097	0.9954154071047977	0.9957277130798873	0.9963775317619942	0.9951353123594463	0.9941359206852467	0.9942444509110652	0.9943886072287245	0.9944963145118761	0.9985091441201001	0.995205558059445
0.994316607444183	1.0	0.9942019762514792	0.9942514316647536	0.9941193434642562	0.9951532953007155	0.9930948492897773	0.9929152517457875	0.9906107529882315	0.9927605314994878	0.9930692520811768	0.9935270009301487	0.9920421115877117	0.993049329447628	0.9936278692588012	0.995162865720935	0.9909365907696644	0.9938286890280769	0.9932734777024552	0.9942761317238984	0.9937284313298407	0.9845575118894085	0.992396679125748	0.9921146301002012	0.9930436350635596	0.992966664844284	0.9927863684916097	0.9934023173468737	0.9935522468277004	0.9928637586579935	0.9942019762514792	0.9936971401101983	0.9938537061135979	0.9938286890280769	0.9935017357726792	0.9927346743190592	0.9939785089565796
0.9944245485563405	0.9942019762514792	1.0	0.9992799536676067	0.9942517296218287	0.9940716403051649	0.9919959758087094	0.9925213296893222	0.9915723500668974	0.9912245166666612	0.9927461761951967	0.9943008133885974	0.9919549577815604	0.993049329447628	0.9942616017461464	0.9945689671729454	0.9914045673944244	0.9941111477978789	0.9922722015937123	0.9945634178390096	0.9935717108641285	0.9838252635162482	0.9913080186956342	0.9912090707519435	0.993281622540002	0.9924561267447317	0.9925343798430297	0.9939821644696348	0.9923471372252519	0.9917291238499243	0.992812761652245	0.9954424076160785	0.9941201582634823	0.9939590706356767	0.9946874149838671	0.9920515571823103	0.992733393735604
0.9942444509110652	0.9942514316647536	0.9992799536676067	1.0	0.9941193434642562	0.9942611268794697	0.9927264806377153	0.9933538714910458	0.9912947635852483	0.9920093848226786	0.9930001677456678	0.9944239467673234	0.9919840345813835	0.9929703341543195	0.9944552692233124	0.9945228390184845	0.9914591902488679	0.9941359206852467	0.9931543971917295	0.9952147875212719	0.9948841170708622	0.9846427813119701	0.9919834844691912	0.9913669823471593	0.9934584533890702	0.9924049045136542	0.9925602109494638	0.9942063269401741	0.9932293409624506	0.9921901215065816	0.9937000859679674	0.9956572211930541	0.9951677502320491	0.9944540661162271	0.9946144103714891	0.9922672787413913	0.9935521512959126
0.9901349800365156	0.9941193434642562	0.9942517296218287	0.9941193434642562	1.0	0.9942847436946578	0.9919612711979311	0.9927309756030068	0.9823869642150167	0.9930407654290748	0.9928690180852591	0.9929721733969926	0.9892706459705543	0.9760871473173991	0.9936517814942275	0.988405127491605	0.990254282162773	0.9921729731724527	0.9928345614094392	0.993550725225625	0.9935169711635572	0.9857905415398184	0.9929034389246956	0.9872515376036611	0.9918549097643271	0.9931092156198642	0.9929721733969926	0.9932456928543354	0.993483182663248	0.993177524564493	0.9933137210770392	0.9930407654290748	0.9932797244374963	0.9938529737542315	0.9936517814942275	0.9928000688212902	0.9936181303199974
0.9946750526290956	0.9951532953007155	0.9940716403051649	0.9942611268794697	0.9942847436946578	1.0	0.9923126135209014	0.9925660920620233	0.9914932772714796	0.9927172522123197	0.9932019669527417	0.993878704321622	0.9924458197970695	0.9921292946597822	0.993944458109717	0.995162865720935	0.9917580129010634	0.9931812787875102	0.9930424162383228	0.9931772036921591	0.9928927374047661	0.9848972290556269	0.9918771910102607	0.9920220935387706	0.9934080265752961	0.9929892262845118	0.9930980577802433	0.9941814947505354	0.9928677249907241	0.9923126135209014	0.993339758715371	0.9940486282148837	0.9936833168487528	0.9935119832913666	0.9943698940059957	0.9925608738495452	0.9929177309301082
0.9957622330247241	0.9930948492897773	0.9919959758087094	0.9927264806377153	0.9919612711979311	0.9923126135209014	1.0	0.9910082304254616	0.9914536698171652	0.9900680759601483	0.9923098651938501	0.9931204267204825	0.9918967273600017	0.9933634389768415	0.9925424797953675	0.9957463180931878	0.9909919921527497	0.9940863563767148	0.9943683322029258	0.9926262597555271	0.9905852489859736	0.9834933593643125	0.9899584996287087	0.9911456941921648	0.9927453911635524	0.9923536028456514	0.9924049209122131	0.9942559355687337	0.9909580464308428	0.991418826279859	0.9919570329662182	0.9935453530946556	0.991717423080496	0.9923995536192797	0.9932212787344983	0.9920772101511315	0.992004962683763
0.994781834805119	0.9929152517457875	0.9925213296893222	0.9933538714910458	0.9927309756030068	0.9925660920620233	0.9910082304254616	1.0	0.9922756211584665	0.9898264572843778	0.9931768092228617	0.9934511475583174	0.9929012475816749	0.9935193833092295	0.993500263110829	0.9946610313818605	0.9919736543031786	0.9942101284257651	0.9930934846048761	0.9929279109687106	0.9921503883753434	0.9835219183088646	0.9904838834847056	0.9916805597363874	0.9925905727423602	0.9930646871618604	0.9932754152692849	0.9951122810007336	0.9930304026854433	0.9926929515071977	0.9925132609134419	0.9938733503059556	0.9924219034808038	0.9925260450085099	0.9934491640439942	0.9927372981976311	0.9936642462382858
0.983817098592794	0.9906107529882315	0.9915723500668974	0.9912947635852483	0.9823869642150167	0.9914932772714796	0.9914536698171652	0.9922756211584665	1.0	0.9912549173399021	0.9938975176888608	0.9906107529882315	0.9905700724869528	0.9756207808684751	0.9912150229846162	0.9826531887590035	0.9918084397922533	0.9913743122169739	0.9926981500993021	0.9909344054299836	0.9918476246748593	0.9865029235682746	0.991014825404625	0.9875454483001874	0.9893257410706174	0.9943726207873272	0.9934528302701587	0.9926217269405357	0.9924683490098279	0.9936388427807007	0.9913345618384765	0.9908537891811936	0.9913743122169739	0.9915328373163084	0.9916118156380705	0.993823816457544	0.9930020899649422
0.994316607444183	0.9927605314994878	0.9912245166666612	0.9920093848226786	0.9930407654290748	0.9927172522123197	0.9900680759601483	0.9898264572843778	0.9912549173399021	1.0	0.9928480068457015	0.9922132411605061	0.9926743172277515	0.9901656378528614	0.9921048553787601	0.9958351764683823	0.9915137229715013	0.9915620568926101	0.99086093218154	0.9921429484592362	0.991533007417069	0.9823909749878961	0.9910691844794243	0.9918672881290947	0.991699312122018	0.9930395526455846	0.9927917878981474	0.9926824303421939	0.9909131184749017	0.9922652337744823	0.9917524259460629	0.992147011592247	0.991146941861477	0.9917338848775213	0.992631676359931	0.9923326513353251	0.9912081304046885
0.9968149298697014	0.9930692520811768	0.9927461761951967	0.9930001677456678	0.9928690180852591	0.9932019669527417	0.9923098651938501	0.9931768092228617	0.9938975176888608	0.9928480068457015	1.0	0.992579105478988	0.9966146259644463	0.9919666434973484	0.9927971306881093	0.9968833329882577	0.9956086387525738	0.9932830731466362	0.9935272897468089	0.9931768092228617	0.9936267494746406	0.9855054067351275	0.9924645152044791	0.9927250116332063	0.991725871466645	0.9971115434446	0.9961305652862102	0.9944536308672359	0.9941685032902241	0.9961131947184546	0.9938987337415771	0.9930343118503386	0.9926695970394441	0.9932522251336141	0.9934491640439942	0.9960901525431745	0.9943876019554754
0.9944963145118761	0.9935270009301487	0.9943008133885974	0.9944239467673234	0.9929721733969926	0.993878704321622	0.9931204267204825	0.9934511475583174	0.9906107529882315	0.9922132411605061	0.992579105478988	1.0	0.9913087111038528	0.992851486581345	0.9996657724137286	0.9948443964358541	0.990461888577813	0.9943993566586337	0.9932734777024552	0.995056970650627	0.9951532953007155	0.9844246339696213	0.9924489036698335	0.99066645415908	0.9948877264355425	0.992396679125748	0.9921343123765214	0.9934531437743682	0.9930436350635596	0.9921869524898419	0.9931204267204825	0.9949113770474906	0.9951532953007155	0.9941028434598689	0.9943008133885974	0.9926310430711018	0.993602680962301
0.9931428088166862	0.9920421115877117	0.9919549577815604	0.9919840345813835	0.9892706459705543	0.9924458197970695	0.9918967273600017	0.9929012475816749	0.9905700724869528	0.9926743172277515	0.9966146259644463	0.9913087111038528	1.0	0.9875227337652351	0.9920711118852856	0.9938231001073276	0.9986726264443665	0.9922445816419305	0.9932387521871437	0.9920711118852856	0.9923884479969058	0.9863226177905847	0.9923022032940404	0.9895204088094627	0.9905889938587549	0.9981216674881213	0.996156545005113	0.993406222921046	0.9936558516111509	0.9964626332115827	0.9933504934058548	0.9916040268057489	0.9919549577815604	0.9926743172277515	0.9924744684283828	0.996437233331768	0.9929295047765043
0.9763506713018048	0.993049329447628	0.993049329447628	0.9929703341543195	0.9760871473173991	0.9921292946597822	0.9933634389768415	0.9935193833092295	0.9756207808684751	0.9901656378528614	0.9919666434973484	0.992851486581345	0.9875227337652351	1.0	0.9928117756936701	0.9840142334515122	0.9890269932561155	0.9981916839135024	0.9930887565113782	0.9933634389768415	0.9929703341543195	0.9830317696226689	0.9906357901565266	0.982274431896572	0.9924120234570127	0.9920073813526804	0.9916389209099724	0.9927720170975757	0.9925725043915814	0.9923314901009879	0.9925324570793499	0.9927322106763734	0.993049329447628	0.9926125032887541	0.9924120234570127	0.9920480690814387	0.992851486581345
0.9944963145118761	0.9936278692588012	0.9942616017461464	0.9944552692233124	0.9936517814942275	0.993944458109717	0.9925424797953675	0.993500263110829	0.9912150229846162	0.9921048553787601	0.9927971306881093	0.9996657724137286	0.9920711118852856	0.9928117756936701	1.0	0.9948443964358541	0.9911851685668558	0.9943334399322136	0.9932007883599808	0.9949583281448584	0.9951479800333264	0.9846659646029424	0.9922857554167308	0.9906986207457971	0.9947190674456746	0.9925168968241959	0.9924826570469444	0.994007146429389	0.9930752032932426	0.9922857554167308	0.9931254945046996	0.9954902642825851	0.9952895107420882	0.9942130075381969	0.9948571365712087	0.9927464345538707	0.9936984188674185
0.9896050543845488	0.995162865720935	0.9945689671729454	0.9945228390184845	0.988405127491605	0.995162865720935	0.9957463180931878	0.9946610313818605	0.9826531887590035	0.9958351764683823	0.9968833329882577	0.9948443964358541	0.9938231001073276	0.9840142334515122	0.9948443964358541	1.0	0.9944766465888207	0.9956125828885798	0.9958351764683823	0.995162865720935	0.994890079705554	0.9889559688198367	0.9958351764683823	0.9919314023599463	0.9943376818209917	0.9967541079949751	0.9966243784341706	0.9955231257498094	0.9956125828885798	0.9961443209967461	0.996100333339924	0.9947528406590698	0.9947528406590698	0.9953884862336351	0.9956125828885798	0.9962321218816851	0.9961443209967461
0.994099664812655	0.9909365907696644	0.9914045673944244	0.9914591902488679	0.990254282162773	0.9917580129010634	0.9909919921527497	0.9919736543031786	0.9918084397922533	0.9915137229715013	0.9956086387525738	0.990461888577813	0.9986726264443665	0.9890269932561155	0.9911851685668558	0.9944766465888207	1.0	0.9911300904709778	0.9918929535075758	0.9914318901070504	0.9915137229715013	0.9845304845520652	0.9911576409963909	0.9901147721735308	0.9898945338434872	0.9969995351884169	0.994903005399077	0.992161193746634	0.9927700136022225	0.9954638718386246	0.9923210997188058	0.9907698268783585	0.9909919921527497	0.9921077194864034	0.9915409556277898	0.9954396824983854	0.9921344674246412
0.9957967171059182	0.9938286890280769	0.9941111477978789	0.9941359206852467	0.9921729731724527	0.9931812787875102	0.9940863563767148	0.9942101284257651	0.9913743122169739	0.9915620568926101	0.9932830731466362	0.9943993566586337	0.9922445816419305	0.9981916839135024	0.9943334399322136	0.9956125828885798	0.9911300904709778	1.0	0.9945542511309149	0.9944808107081672	0.9944562943670998	0.985560662134534	0.9923815744296823	0.9916180818107522	0.9934351802806726	0.9933084729094631	0.9931302639949775	0.9943302095580834	0.9939372170553588	0.9930535940975873	0.9935109726342807	0.9941234644024104	0.9941111477978789	0.9939621202741143	0.9938374165664899	0.9935109726342807	0.9942101284257651
0.9956239373030896	0.9932734777024552	0.9922722015937123	0.9931543971917295	0.9928345614094392	0.9930424162383228	0.9943683322029258	0.9930934846048761	0.9926981500993021	0.99086093218154	0.9935272897468089	0.9932734777024552	0.9932387521871437	0.9930887565113782	0.9932007883599808	0.9958351764683823	0.9918929535075758	0.9945542511309149	1.0	0.9929529248989634	0.9925107384526353	0.9855861094550193	0.9908725063611783	0.9919292972940632	0.9927711239571584	0.9932900431628954	0.9939259781889148	0.9948941813282821	0.9925596945249282	0.9926679441260533	0.9935255595166016	0.9939736226251309	0.9924716539371402	0.9932750046448423	0.9940245119904896	0.9934583429571173	0.9932510441954451
0.9947106849111927	0.9942761317238984	0.9945634178390096	0.9952147875212719	0.993550725225625	0.9931772036921591	0.9926262597555271	0.9929279109687106	0.9909344054299836	0.9921429484592362	0.9931768092228617	0.995056970650627	0.9920711118852856	0.9933634389768415	0.9949583281448584	0.995162865720935	0.9914318901070504	0.9944808107081672	0.9929529248989634	1.0	0.9949187749826147	0.984475391019177	0.9919630909231195	0.9915241429329791	0.9939088726667057	0.9926093193075635	0.9925602109494638	0.99428071206416	0.9928778263224014	0.9919888448277439	0.9937191287608423	0.9949113770474906	0.9940594300744139	0.9941077604720244	0.9950500464054294	0.9922197318219308	0.9934985029762312
0.9942083136466451	0.9937284313298407	0.9935717108641285	0.9948841170708622	0.9935169711635572	0.9928927374047661	0.9905852489859736	0.9921503883753434	0.9918476246748593	0.991533007417069	0.9936267494746406	0.9951532953007155	0.9923884479969058	0.9929703341543195	0.9951479800333264	0.994890079705554	0.9915137229715013	0.9944562943670998	0.9925107384526353	0.9949187749826147	1.0	0.9827525383082261	0.9908467399642581	0.9911456941921648	0.9942057855770569	0.9927618058569428	0.9939507464619235	0.9941814947505354	0.9911152422723667	0.9921383746715454	0.9925883906355751	0.9957047693020724	0.9941437990854185	0.9939832422053774	0.9946144103714891	0.9925102936227733	0.9928821218201241
0.98871435908308	0.9845575118894085	0.9838252635162482	0.9846427813119701	0.9857905415398184	0.9848972290556269	0.9834933593643125	0.9835219183088646	0.9865029235682746	0.9823909749878961	0.9855054067351275	0.9844246339696213	0.9863226177905847	0.9830317696226689	0.9846659646029424	0.9889559688198367	0.9845304845520652	0.985560662134534	0.9855861094550193	0.984475391019177	0.9827525383082261	1.0	0.9819316440647549	0.9846066044907519	0.9839808248284535	0.9857231004857705	0.9859815316199619	0.9868715960032302	0.984189705767728	0.9846671764437325	0.9841064166669394	0.9851620422444591	0.9837605636869756	0.9848256107503556	0.9858189031565122	0.985107765271465	0.9847952796069853
0.994316607444183	0.992396679125748	0.9913080186956342	0.9919834844691912	0.9929034389246956	0.9918771910102607	0.9899584996287087	0.9904838834847056	0.991014825404625	0.9910691844794243	0.9924645152044791	0.9924489036698335	0.9923022032940404	0.9906357901565266	0.9922857554167308	0.9958351764683823	0.9911576409963909	0.9923815744296823	0.9908725063611783	0.9919630909231195	0.9908467399642581	0.9819316440647549	1.0	0.9918051624456249	0.9915661943548685	0.9925838364216617	0.9926118127391992	0.9930957093564017	0.9907951467877476	0.992341116338249	0.9924379601913261	0.9928535671973997	0.9911272969053195	0.9927775861774265	0.9926833651691207	0.9921796234943634	0.9924088377430389
0.9913790251920821	0.9921146301002012	0.9912090707519435	0.9913669823471593	0.9872515376036611	0.9920220935387706	0.9911456941921648	0.9916805597363874	0.9875454483001874	0.9918672881290947	0.9927250116332063	0.99066645415908	0.9895204088094627	0.982274431896572	0.9906986207457971	0.9919314023599463	0.9901147721735308	0.9916180818107522	0.9919292972940632	0.9915241429329791	0.9911456941921648	0.9846066044907519	0.9918051624456249	1.0	0.9904727938163829	0.9926038329344292	0.9927250116332063	0.9919602583208004	0.9926644777567504	0.9919292972940632	0.9924517327662368	0.9908269746942342	0.9912090707519435	0.9920220935387706	0.9913039082384654	0.9926644777567504	0.9922069084517271
0.9936982095826716	0.9930436350635596	0.993281622540002	0.9934584533890702	0.9918549097643271	0.9934080265752961	0.9927453911635524	0.9925905727423602	0.9893257410706174	0.991699312122018	0.991725871466645	0.9948877264355425	0.9905889938587549	0.9924120234570127	0.9947190674456746	0.9943376818209917	0.9898945338434872	0.9934351802806726	0.9927711239571584	0.9939088726667057	0.9942057855770569	0.9839808248284535	0.9915661943548685	0.9904727938163829	1.0	0.9915928608310876	0.9914057420872829	0.993018611600932	0.9927711239571584	0.9918318959785485	0.9926164261694592	0.9943964269118803	0.99457322465142	0.9937094421025142	0.9938255223852849	0.9915661943548685	0.9921741462692054
0.9972136343634589	0.992966664844284	0.9924561267447317	0.9924049045136542	0.9931092156198642	0.9929892262845118	0.9923536028456514	0.9930646871618604	0.9943726207873272	0.9930395526455846	0.9971115434446	0.992396679125748	0.9981216674881213	0.9920073813526804	0.9925168968241959	0.9967541079949751	0.9969995351884169	0.9933084729094631	0.9932900431628954	0.9926093193075635	0.9927618058569428	0.9857231004857705	0.9925838364216617	0.9926038329344292	0.9915928608310876	1.0	0.9966367396442353	0.99428071206416	0.9941034710216808	0.996724248940881	0.9933399146417062	0.9927758020111567	0.9921992187051515	0.9930898026079398	0.9937005441685103	0.9968813763080725	0.9935634114401212
0.9969816384291097	0.9927863684916097	0.9925343798430297	0.9925602109494638	0.9929721733969926	0.9930980577802433	0.9924049209122131	0.9932754152692849	0.9934528302701587	0.9927917878981474	0.9961305652862102	0.9921343123765214	0.996156545005113	0.9916389209099724	0.9924826570469444	0.9966243784341706	0.994903005399077	0.9931302639949775	0.9939259781889148	0.9925602109494638	0.9939507464619235	0.9859815316199619	0.9926118127391992	0.9927250116332063	0.9914057420872829	0.9966367396442353	1.0	0.994007146429389	0.9943445414750911	0.995851183198211	0.9935522145355828	0.9924366915271049	0.9922488984486226	0.9930980577802433	0.9933986582295833	0.9964535675374332	0.9940989685344388
0.9954154071047977	0.9934023173468737	0.9939821644696348	0.9942063269401741	0.9932456928543354	0.9941814947505354	0.9942559355687337	0.9951122810007336	0.9926217269405357	0.9926824303421939	0.9944536308672359	0.9934531437743682	0.993406222921046	0.9927720170975757	0.994007146429389	0.9955231257498094	0.992161193746634	0.9943302095580834	0.9948941813282821	0.99428071206416	0.9941814947505354	0.9868715960032302	0.9930957093564017	0.9919602583208004	0.993018611600932	0.99428071206416	0.994007146429389	1.0	0.9951605534530525	0.9942559355687337	0.9945520381117926	0.994148372287616	0.9941317744787903	0.9943796332430541	0.99428071206416	0.9940570539127894	0.9945028710051796
0.9957277130798873	0.9935522468277004	0.9923471372252519	0.9932293409624506	0.993483182663248	0.9928677249907241	0.9909580464308428	0.9930304026854433	0.9924683490098279	0.9909131184749017	0.9941685032902241	0.9930436350635596	0.9936558516111509	0.9925725043915814	0.9930752032932426	0.9956125828885798	0.9927700136022225	0.9939372170553588	0.9925596945249282	0.9928778263224014	0.9911152422723667	0.984189705767728	0.9907951467877476	0.9926644777567504	0.9927711239571584	0.9941034710216808	0.9943445414750911	0.9951605534530525	1.0	0.994040054083483	0.9931833658082154	0.9934691979179703	0.9922722015937123	0.9928276657672302	0.9937505920529635	0.9938981169639994	0.9936883924351456
0.9963775317619942	0.9928637586579935	0.9917291238499243	0.9921901215065816	0.993177524564493	0.9923126135209014	0.991418826279859	0.9926929515071977	0.9936388427807007	0.9922652337744823	0.9961131947184546	0.9921869524898419	0.9964626332115827	0.9923314901009879	0.9922857554167308	0.9961443209967461	0.9954638718386246	0.9930535940975873	0.9926679441260533	0.9919888448277439	0.9921383746715454	0.9846671764437325	0.992341116338249	0.9919292972940632	0.9918318959785485	0.996724248940881	0.995851183198211	0.9942559355687337	0.994040054083483	1.0	0.9929419914081201	0.9925675302751109	0.9913668255956658	0.992752517934192	0.9933986582295833	0.9955318468024371	0.9932875289918324
0.9951353123594463	0.9942019762514792	0.992812761652245	0.9937000859679674	0.9933137210770392	0.993339758715371	0.9919570329662182	0.9925132609134419	0.9913345618384765	0.9917524259460629	0.9938987337415771	0.9931204267204825	0.9933504934058548	0.9925324570793499	0.9931254945046996	0.996100333339924	0.9923210997188058	0.9935109726342807	0.9935255595166016	0.9937191287608423	0.9925883906355751	0.9841064166669394	0.9924379601913261	0.9924517327662368	0.9926164261694592	0.9933399146417062	0.9935522145355828	0.9945520381117926	0.9931833658082154	0.9929419914081201	1.0	0.9933928672054433	0.9923120768308069	0.9933243378722516	0.9940493018693226	0.9927121522377752	0.993695339443915
0.9941359206852467	0.9936971401101983	0.9954424076160785	0.9956572211930541	0.9930407654290748	0.9940486282148837	0.9935453530946556	0.9938733503059556	0.9908537891811936	0.992147011592247	0.9930343118503386	0.9949113770474906	0.9916040268057489	0.9927322106763734	0.9954902642825851	0.9947528406590698	0.9907698268783585	0.9941234644024104	0.9939736226251309	0.9949113770474906	0.9957047693020724	0.9851620422444591	0.9928535671973997	0.9908269746942342	0.9943964269118803	0.9927758020111567	0.9924366915271049	0.994148372287616	0.9934691979179703	0.9925675302751109	0.9933928672054433	1.0	0.9987013998600848	0.9954902642825851	0.9950570486963677	0.9929311500833269	0.9937475815997893
0.9942444509110652	0.9938537061135979	0.9941201582634823	0.9951677502320491	0.9932797244374963	0.9936833168487528	0.991717423080496	0.9924219034808038	0.9913743122169739	0.991146941861477	0.9926695970394441	0.9951532953007155	0.9919549577815604	0.993049329447628	0.9952895107420882	0.9947528406590698	0.9909919921527497	0.9941111477978789	0.9924716539371402	0.9940594300744139	0.9941437990854185	0.9837605636869756	0.9911272969053195	0.9912090707519435	0.99457322465142	0.9921992187051515	0.9922488984486226	0.9941317744787903	0.9922722015937123	0.9913668255956658	0.9923120768308069	0.9987013998600848	1.0	0.9942958785258764	0.9949296093184462	0.9919487458332816	0.9926836687941832
0.9943886072287245	0.9938286890280769	0.9939590706356767	0.9944540661162271	0.9938529737542315	0.9935119832913666	0.9923995536192797	0.9925260450085099	0.9915328373163084	0.9917338848775213	0.9932522251336141	0.9941028434598689	0.9926743172277515	0.9926125032887541	0.9942130075381969	0.9953884862336351	0.9921077194864034	0.9939621202741143	0.9932750046448423	0.9941077604720244	0.9939832422053774	0.9848256107503556	0.9927775861774265	0.9920220935387706	0.9937094421025142	0.9930898026079398	0.9930980577802433	0.9943796332430541	0.9928276657672302	0.992752517934192	0.9933243378722516	0.9954902642825851	0.9942958785258764	1.0	0.9957165312976655	0.9926113768683162	0.9930769333222863
0.9944963145118761	0.9935017357726792	0.9946874149838671	0.9946144103714891	0.9936517814942275	0.9943698940059957	0.9932212787344983	0.9934491640439942	0.9916118156380705	0.992631676359931	0.9934491640439942	0.9943008133885974	0.9924744684283828	0.9924120234570127	0.9948571365712087	0.9956125828885798	0.9915409556277898	0.9938374165664899	0.9940245119904896	0.9950500464054294	0.9946144103714891	0.9858189031565122	0.9926833651691207	0.9913039082384654	0.9938255223852849	0.9937005441685103	0.9933986582295833	0.99428071206416	0.9937505920529635	0.9933986582295833	0.9940493018693226	0.9950570486963677	0.9949296093184462	0.9957165312976655	1.0	0.9933480752638373	0.9940988260572088
0.9985091441201001	0.9927346743190592	0.9920515571823103	0.9922672787413913	0.9928000688212902	0.9925608738495452	0.9920772101511315	0.9927372981976311	0.993823816457544	0.9923326513353251	0.9960901525431745	0.9926310430711018	0.996437233331768	0.9920480690814387	0.9927464345538707	0.9962321218816851	0.9954396824983854	0.9935109726342807	0.9934583429571173	0.9922197318219308	0.9925102936227733	0.985107765271465	0.9921796234943634	0.9926644777567504	0.9915661943548685	0.9968813763080725	0.9964535675374332	0.9940570539127894	0.9938981169639994	0.9955318468024371	0.9927121522377752	0.9929311500833269	0.9919487458332816	0.9926113768683162	0.9933480752638373	1.0	0.9933844761893208
0.995205558059445	0.9939785089565796	0.992733393735604	0.9935521512959126	0.9936181303199974	0.9929177309301082	0.992004962683763	0.9936642462382858	0.9930020899649422	0.9912081304046885	0.9943876019554754	0.993602680962301	0.9929295047765043	0.992851486581345	0.9936984188674185	0.9961443209967461	0.9921344674246412	0.9942101284257651	0.9932510441954451	0.9934985029762312	0.9928821218201241	0.9847952796069853	0.9924088377430389	0.9922069084517271	0.9921741462692054	0.9935634114401212	0.9940989685344388	0.9945028710051796	0.9936883924351456	0.9932875289918324	0.993695339443915	0.9937475815997893	0.9926836687941832	0.9930769333222863	0.9940988260572088	0.9933844761893208	1.0
