/home/jshaw/scratch/2022_sketched_distance/references/SGB_genome_fastas_part5/14379/BackhedF_2015__SID590_4M__bin.25.fa	/home/jshaw/scratch/2022_sketched_distance/references/SGB_genome_fastas_part5/14379/BritoIL_2016__M1.37.ST__bin.19.fa	/home/jshaw/scratch/2022_sketched_distance/references/SGB_genome_fastas_part5/14379/BritoIL_2016__W2.8.ST__bin.73.fa	/home/jshaw/scratch/2022_sketched_distance/references/SGB_genome_fastas_part5/14379/CosteaPI_2017__SID713B076-11-90-0__bin.31.fa	/home/jshaw/scratch/2022_sketched_distance/references/SGB_genome_fastas_part5/14379/FengQ_2015__SID31477__bin.22.fa	/home/jshaw/scratch/2022_sketched_distance/references/SGB_genome_fastas_part5/14379/FengQ_2015__SID31749__bin.28.fa	/home/jshaw/scratch/2022_sketched_distance/references/SGB_genome_fastas_part5/14379/FengQ_2015__SID530026__bin.15.fa	/home/jshaw/scratch/2022_sketched_distance/references/SGB_genome_fastas_part5/14379/FengQ_2015__SID530258__bin.16.fa	/home/jshaw/scratch/2022_sketched_distance/references/SGB_genome_fastas_part5/14379/LiuW_2016__SRR3992955__bin.69.fa	/home/jshaw/scratch/2022_sketched_distance/references/SGB_genome_fastas_part5/14379/LiuW_2016__SRR3992969__bin.31.fa	/home/jshaw/scratch/2022_sketched_distance/references/SGB_genome_fastas_part5/14379/LiuW_2016__SRR3992970__bin.33.fa	/home/jshaw/scratch/2022_sketched_distance/references/SGB_genome_fastas_part5/14379/LiuW_2016__SRR3992981__bin.82.fa	/home/jshaw/scratch/2022_sketched_distance/references/SGB_genome_fastas_part5/14379/LiuW_2016__SRR3992993__bin.60.fa	/home/jshaw/scratch/2022_sketched_distance/references/SGB_genome_fastas_part5/14379/LiuW_2016__SRR3992995__bin.2.fa	/home/jshaw/scratch/2022_sketched_distance/references/SGB_genome_fastas_part5/14379/LiuW_2016__SRR3992997__bin.3.fa	/home/jshaw/scratch/2022_sketched_distance/references/SGB_genome_fastas_part5/14379/LiuW_2016__SRR3993002__bin.82.fa	/home/jshaw/scratch/2022_sketched_distance/references/SGB_genome_fastas_part5/14379/LiuW_2016__SRR3993004__bin.71.fa	/home/jshaw/scratch/2022_sketched_distance/references/SGB_genome_fastas_part5/14379/LiuW_2016__SRR3993005__bin.7.fa	/home/jshaw/scratch/2022_sketched_distance/references/SGB_genome_fastas_part5/14379/LiuW_2016__SRR3993012__bin.86.fa	/home/jshaw/scratch/2022_sketched_distance/references/SGB_genome_fastas_part5/14379/LiuW_2016__SRR3993014__bin.44.fa	/home/jshaw/scratch/2022_sketched_distance/references/SGB_genome_fastas_part5/14379/LiuW_2016__SRR3993031__bin.91.fa	/home/jshaw/scratch/2022_sketched_distance/references/SGB_genome_fastas_part5/14379/LiuW_2016__SRR3993038__bin.74.fa	/home/jshaw/scratch/2022_sketched_distance/references/SGB_genome_fastas_part5/14379/LiuW_2016__SRR3993044__bin.108.fa	/home/jshaw/scratch/2022_sketched_distance/references/SGB_genome_fastas_part5/14379/LiuW_2016__SRR3993048__bin.32.fa	/home/jshaw/scratch/2022_sketched_distance/references/SGB_genome_fastas_part5/14379/LiuW_2016__SRR3993061__bin.114.fa	/home/jshaw/scratch/2022_sketched_distance/references/SGB_genome_fastas_part5/14379/XieH_2016__YSZC12003_35515__bin.94.fa	/home/jshaw/scratch/2022_sketched_distance/references/SGB_genome_fastas_part5/14379/XieH_2016__YSZC12003_35697__bin.56.fa	/home/jshaw/scratch/2022_sketched_distance/references/SGB_genome_fastas_part5/14379/XieH_2016__YSZC12003_36244__bin.124.fa	/home/jshaw/scratch/2022_sketched_distance/references/SGB_genome_fastas_part5/14379/ZeeviD_2015__PNP_Main_198__bin.44.fa	/home/jshaw/scratch/2022_sketched_distance/references/SGB_genome_fastas_part5/14379/ZeeviD_2015__PNP_Main_297__bin.15.fa	/home/jshaw/scratch/2022_sketched_distance/references/SGB_genome_fastas_part5/14379/ZeeviD_2015__PNP_Main_404__bin.12.fa
1.0	0.9730949127282208	0.9697555953300971	0.9769702762467377	0.9793344955083962	0.9811948293443543	0.9775370465547468	0.9770811354549358	0.9702535717175905	0.977690091559223	0.9751100506434189	0.9786102110732025	0.9796017458708177	0.9795587328079246	0.9778987401058828	0.9793122706175659	0.9786401687666615	0.9753553944283245	0.9783758874726654	0.9770965172772232	0.9804699111725198	0.9797727004352421	0.9799023598192338	0.9686090439442929	0.9788300337130312	0.9788747261036806	0.9795910684305738	0.9784002185276751	0.9740230309388476	0.9780606926596714	0.9673402194199882
0.9730949127282208	1.0	0.9749987341776082	0.9752897535477271	0.9755536078341266	0.9756629659613927	0.9689364321352778	0.9740199065388991	0.9674308928198191	0.9757493807504662	0.972357557379615	0.9742303536957078	0.9758465689887584	0.9759166851029136	0.9748669034804076	0.9764597202570122	0.9756336657823116	0.9725376395336377	0.9754823318770538	0.9739589975924186	0.9768027215329038	0.9761943503962411	0.9762429942160661	0.9664455072631971	0.9766954161163115	0.9754108993382167	0.9758801570866039	0.9749672820224767	0.969962597443221	0.97589986280757	0.9698835296088949
0.9697555953300971	0.9749987341776082	1.0	0.9700417919867561	0.9708271975000148	0.9713499557257672	0.9672195312236198	0.970887029182941	0.9653466924572058	0.9701880368323209	0.9668663518065622	0.9688442222206204	0.9709333887868258	0.9709560979705352	0.9700598558980089	0.9711723497187293	0.9699494955397738	0.968970014954167	0.9704263554383277	0.9707136576826381	0.9719429653604759	0.9702994669299634	0.9709689532531323	0.9653212392237358	0.971208885000876	0.9700655780955324	0.9716739005711748	0.9712629031642768	0.9663228858742575	0.9711116360926183	0.9664130794065151
0.9769702762467377	0.9752897535477271	0.9700417919867561	1.0	0.9827605542515788	0.983786565024855	0.9733094242004103	0.9793508715899196	0.9715741009718617	0.9821000888657252	0.97890870410693	0.9815230979964933	0.9841785999309403	0.9827538637870087	0.9830103417782444	0.9828166603882159	0.9827015238170499	0.9801610005609158	0.9817248960999002	0.9814601163483818	0.9841269855161532	0.9829572453316467	0.982998091186986	0.9722081237552348	0.9823081157994468	0.9821614747356795	0.9833160694109532	0.9819037214251255	0.9745894107011303	0.9825197028285242	0.9691528211232044
0.9793344955083962	0.9755536078341266	0.9708271975000148	0.9827605542515788	1.0	0.9853273139849685	0.9763458570087206	0.9805762379135482	0.973888693142734	0.9827243442633803	0.9795638261079195	0.9826104684104316	0.9835912202237765	0.9836275016160649	0.9823539335913198	0.9836825336082166	0.9833929572631452	0.9805881482099784	0.9822348433580064	0.982618017019008	0.9850116974799061	0.9834262405164425	0.9838501882459103	0.9728782310451778	0.983262679376349	0.9833245704187751	0.9851196967930661	0.9832886311031961	0.9753276616015072	0.9823568023834569	0.9698238015688329
0.9811948293443543	0.9756629659613927	0.9713499557257672	0.983786565024855	0.9853273139849685	1.0	0.9774349192558713	0.9815663961193345	0.9754990337078024	0.983412158767457	0.9807957937010706	0.9836474738678382	0.984616783533735	0.9848262549193795	0.9840259201682432	0.9852841465305177	0.984037230584941	0.98150179369281	0.9833062193326707	0.9833552699153263	0.9857978412964388	0.9849547766749183	0.9856195530035756	0.9738910418999537	0.98419575184292	0.9839249552063642	0.9853663713715555	0.9840587820864436	0.9758961292903195	0.9834097248571745	0.970244202109011
0.9775370465547468	0.9689364321352778	0.9672195312236198	0.9733094242004103	0.9763458570087206	0.9774349192558713	1.0	0.9736253044795872	0.9660729171924459	0.9744121832715872	0.9698085954162878	0.9742090150120043	0.9752004032735779	0.9741977546525371	0.9742365140817306	0.9756830159302586	0.9740662503935481	0.9717242319875953	0.9731551207591647	0.9734921945845374	0.9762749475617762	0.9741462634304974	0.9762718379404369	0.9656798035291706	0.9752492336090919	0.9742794022942732	0.9758025694174185	0.9732836731911225	0.97109772721301	0.9752021987290627	0.9656684895498502
0.9770811354549358	0.9740199065388991	0.970887029182941	0.9793508715899196	0.9805762379135482	0.9815663961193345	0.9736253044795872	1.0	0.9731788827752706	0.9802879328753625	0.9784026731795397	0.9799191522491693	0.980840385807818	0.9801693002676641	0.979798838964328	0.9812749249141556	0.9797104477515638	0.9784417511467518	0.9803386164081858	0.9804022164423025	0.9812637080445693	0.9806307292480008	0.9818008543361919	0.974211731195717	0.9805598072998194	0.9797998834135886	0.981373848876469	0.9798810621728132	0.9718587042397074	0.9777669838500209	0.9657440251925532
0.9702535717175905	0.9674308928198191	0.9653466924572058	0.9715741009718617	0.973888693142734	0.9754990337078024	0.9660729171924459	0.9731788827752706	1.0	0.9752870528873836	0.9744858275978224	0.9858738301199976	0.9751195415670499	0.9744793504127195	0.9736974027194273	0.9753849028219319	0.9734345401823131	0.9744471763859043	0.9744499273441395	0.9771006342678378	0.9757020284802453	0.974137978050684	0.975788943719055	0.9694373591601614	0.9742847263942729	0.9736698240813514	0.9735292993537017	0.972819012320507	0.9670621124244804	0.9723206767986641	0.9628570569109062
0.977690091559223	0.9757493807504662	0.9701880368323209	0.9821000888657252	0.9827243442633803	0.983412158767457	0.9744121832715872	0.9802879328753625	0.9752870528873836	1.0	0.9813426868757392	0.9830579362293491	0.9846374100425551	0.9830226776035954	0.9850737096238671	0.9838102763722991	0.9834178634978641	0.9830221997667635	0.9832907229931644	0.9829889616353515	0.9846788147529177	0.9834515036927828	0.9838500952733695	0.9752705400437451	0.9826448089907636	0.9816778149379061	0.9831401891679288	0.981105174242413	0.9733000577783575	0.9811532296253691	0.9677625240165028
0.9751100506434189	0.972357557379615	0.9668663518065622	0.97890870410693	0.9795638261079195	0.9807957937010706	0.9698085954162878	0.9784026731795397	0.9744858275978224	0.9813426868757392	1.0	0.9806822229974655	0.9821045109668717	0.98223126229754	0.9807659819072909	0.9814969017968547	0.9801513057831281	0.9805567317829155	0.9811915969016176	0.9817954378193622	0.9821628830373605	0.9809617539912382	0.98194346622719	0.9755756738584894	0.9806334083093722	0.9786559847514822	0.9792089635386906	0.978091144138696	0.9677650706565264	0.9767408072349398	0.965344530139844
0.9786102110732025	0.9742303536957078	0.9688442222206204	0.9815230979964933	0.9826104684104316	0.9836474738678382	0.9742090150120043	0.9799191522491693	0.9858738301199976	0.9830579362293491	0.9806822229974655	1.0	0.9834370783821333	0.9830909275346728	0.9828689962966973	0.9840263021504339	0.9828421026626459	0.981140524126191	0.9822502363084166	0.9836964668891917	0.985095118202387	0.983954653217648	0.9841939452823281	0.9735909161133326	0.9823232719584984	0.9818784989975948	0.9822898906818089	0.9812368857979641	0.9731056292129426	0.9806211576104207	0.9687728874157842
0.9796017458708177	0.9758465689887584	0.9709333887868258	0.9841785999309403	0.9835912202237765	0.984616783533735	0.9752004032735779	0.980840385807818	0.9751195415670499	0.9846374100425551	0.9821045109668717	0.9834370783821333	1.0	0.9851436667383828	0.9851654481851179	0.9851818304689807	0.9843662882882398	0.9833677700719091	0.983874340470208	0.9846981050250775	0.9858591967266269	0.9844838246395966	0.985616233604795	0.9759749831646263	0.9835138100250568	0.9823155996516953	0.9841994033203191	0.9820560675037854	0.9745487069201485	0.9819328681756232	0.9694477925788039
0.9795587328079246	0.9759166851029136	0.9709560979705352	0.9827538637870087	0.9836275016160649	0.9848262549193795	0.9741977546525371	0.9801693002676641	0.9744793504127195	0.9830226776035954	0.98223126229754	0.9830909275346728	0.9851436667383828	1.0	0.988524319236111	0.9851745974935814	0.9844861373473168	0.9864204520454904	0.9844900263193738	0.9837037229350234	0.9864708339927452	0.9847815607874013	0.9854534426398276	0.9741681478712703	0.9831436594859501	0.9828544836639405	0.9840085212527466	0.9822743313590172	0.9739206798553632	0.981708211105984	0.96935996851504
0.9778987401058828	0.9748669034804076	0.9700598558980089	0.9830103417782444	0.9823539335913198	0.9840259201682432	0.9742365140817306	0.979798838964328	0.9736974027194273	0.9850737096238671	0.9807659819072909	0.9828689962966973	0.9851654481851179	0.988524319236111	1.0	0.9847831536614942	0.9836959393723411	0.9932475861985762	0.9834656459099407	0.9831237826920097	0.9859622059077665	0.9842301860487146	0.9849885967186717	0.9737920729926278	0.9826374869619285	0.9817011340865314	0.9831645506892749	0.981935720434403	0.972798025936859	0.9815827857197131	0.9683913564141167
0.9793122706175659	0.9764597202570122	0.9711723497187293	0.9828166603882159	0.9836825336082166	0.9852841465305177	0.9756830159302586	0.9812749249141556	0.9753849028219319	0.9838102763722991	0.9814969017968547	0.9840263021504339	0.9851818304689807	0.9851745974935814	0.9847831536614942	1.0	0.9846795550012399	0.9821404366315634	0.9837022803557297	0.9843505308279705	0.9867562599809764	0.9852918448629823	0.9973515076695825	0.9749127011035953	0.9836434202372594	0.983109832402882	0.9840902276946264	0.9826766441739726	0.973722651282059	0.9817510493225763	0.9684176216916789
0.9786401687666615	0.9756336657823116	0.9699494955397738	0.9827015238170499	0.9833929572631452	0.984037230584941	0.9740662503935481	0.9797104477515638	0.9734345401823131	0.9834178634978641	0.9801513057831281	0.9828421026626459	0.9843662882882398	0.9844861373473168	0.9836959393723411	0.9846795550012399	1.0	0.9814213390510343	0.983377503041666	0.9832296229712967	0.9856633515790563	0.9835843354400362	0.9849151466908561	0.974034762371501	0.9838692666621707	0.9826715562379008	0.9834242515135615	0.982166466658879	0.9727700958985271	0.9819149295238015	0.9690062739282383
0.9753553944283245	0.9725376395336377	0.968970014954167	0.9801610005609158	0.9805881482099784	0.98150179369281	0.9717242319875953	0.9784417511467518	0.9744471763859043	0.9830221997667635	0.9805567317829155	0.981140524126191	0.9833677700719091	0.9864204520454904	0.9932475861985762	0.9821404366315634	0.9814213390510343	1.0	0.9826156976765043	0.9826168783629855	0.9829975507772338	0.9811141507223982	0.9828317997625081	0.9743380729640716	0.9812068460648274	0.9793971089548094	0.9811138917688844	0.9799473833589906	0.970267328560148	0.9784690496224708	0.9661028946722529
0.9783758874726654	0.9754823318770538	0.9704263554383277	0.9817248960999002	0.9822348433580064	0.9833062193326707	0.9731551207591647	0.9803386164081858	0.9744499273441395	0.9832907229931644	0.9811915969016176	0.9822502363084166	0.983874340470208	0.9844900263193738	0.9834656459099407	0.9837022803557297	0.983377503041666	0.9826156976765043	1.0	0.9825569935090842	0.9843415295168876	0.9833471299906095	0.9840036276843358	0.9750627118174765	0.9825694379506471	0.9815761915069217	0.9828975148053317	0.9808589073813798	0.9724350780261422	0.9799464927872137	0.9684550357365896
0.9770965172772232	0.9739589975924186	0.9707136576826381	0.9814601163483818	0.982618017019008	0.9833552699153263	0.9734921945845374	0.9804022164423025	0.9771006342678378	0.9829889616353515	0.9817954378193622	0.9836964668891917	0.9846981050250775	0.9837037229350234	0.9831237826920097	0.9843505308279705	0.9832296229712967	0.9826168783629855	0.9825569935090842	1.0	0.9844781502007599	0.9832979298298995	0.9848303600264495	0.9762583594799108	0.9828620320068281	0.9816965828864671	0.982557187586828	0.9815906490645387	0.973601658255864	0.9805689156746387	0.9680219521218255
0.9804699111725198	0.9768027215329038	0.9719429653604759	0.9841269855161532	0.9850116974799061	0.9857978412964388	0.9762749475617762	0.9812637080445693	0.9757020284802453	0.9846788147529177	0.9821628830373605	0.985095118202387	0.9858591967266269	0.9864708339927452	0.9859622059077665	0.9867562599809764	0.9856633515790563	0.9829975507772338	0.9843415295168876	0.9844781502007599	1.0	0.9855934845007553	0.987171006125896	0.9743003706813289	0.9845314972687388	0.9842705422487978	0.9856376088886307	0.9839640313419472	0.9757228398217331	0.98316718053453	0.9708506183420521
0.9797727004352421	0.9761943503962411	0.9702994669299634	0.9829572453316467	0.9834262405164425	0.9849547766749183	0.9741462634304974	0.9806307292480008	0.974137978050684	0.9834515036927828	0.9809617539912382	0.983954653217648	0.9844838246395966	0.9847815607874013	0.9842301860487146	0.9852918448629823	0.9835843354400362	0.9811141507223982	0.9833471299906095	0.9832979298298995	0.9855934845007553	1.0	0.9851177815939951	0.9752898815098596	0.9826472537594111	0.9822618446035138	0.9834882595617609	0.9818789806574943	0.9736285277818367	0.98081231443115	0.9690815756019087
0.9799023598192338	0.9762429942160661	0.9709689532531323	0.982998091186986	0.9838501882459103	0.9856195530035756	0.9762718379404369	0.9818008543361919	0.975788943719055	0.9838500952733695	0.98194346622719	0.9841939452823281	0.985616233604795	0.9854534426398276	0.9849885967186717	0.9973515076695825	0.9849151466908561	0.9828317997625081	0.9840036276843358	0.9848303600264495	0.987171006125896	0.9851177815939951	1.0	0.9753506236578627	0.9839859694201958	0.9835891338751724	0.9842622382357129	0.9829283318104274	0.9743889726620533	0.9819568882238457	0.9687703049422526
0.9686090439442929	0.9664455072631971	0.9653212392237358	0.9722081237552348	0.9728782310451778	0.9738910418999537	0.9656798035291706	0.974211731195717	0.9694373591601614	0.9752705400437451	0.9755756738584894	0.9735909161133326	0.9759749831646263	0.9741681478712703	0.9737920729926278	0.9749127011035953	0.974034762371501	0.9743380729640716	0.9750627118174765	0.9762583594799108	0.9743003706813289	0.9752898815098596	0.9753506236578627	1.0	0.9742186800369335	0.9718595696162274	0.9730540602498285	0.9731191494060196	0.96323494187226	0.9702950907226155	0.961399340555757
0.9788300337130312	0.9766954161163115	0.971208885000876	0.9823081157994468	0.983262679376349	0.98419575184292	0.9752492336090919	0.9805598072998194	0.9742847263942729	0.9826448089907636	0.9806334083093722	0.9823232719584984	0.9835138100250568	0.9831436594859501	0.9826374869619285	0.9836434202372594	0.9838692666621707	0.9812068460648274	0.9825694379506471	0.9828620320068281	0.9845314972687388	0.9826472537594111	0.9839859694201958	0.9742186800369335	1.0	0.982792057795977	0.9839104557494023	0.9826032025573246	0.9738409354775867	0.9811333612055716	0.9705115928435042
0.9788747261036806	0.9754108993382167	0.9700655780955324	0.9821614747356795	0.9833245704187751	0.9839249552063642	0.9742794022942732	0.9797998834135886	0.9736698240813514	0.9816778149379061	0.9786559847514822	0.9818784989975948	0.9823155996516953	0.9828544836639405	0.9817011340865314	0.983109832402882	0.9826715562379008	0.9793971089548094	0.9815761915069217	0.9816965828864671	0.9842705422487978	0.9822618446035138	0.9835891338751724	0.9718595696162274	0.982792057795977	1.0	0.983966118210271	0.9836535499060954	0.973742495101648	0.981566834014252	0.9693539385241107
0.9795910684305738	0.9758801570866039	0.9716739005711748	0.9833160694109532	0.9851196967930661	0.9853663713715555	0.9758025694174185	0.981373848876469	0.9735292993537017	0.9831401891679288	0.9792089635386906	0.9822898906818089	0.9841994033203191	0.9840085212527466	0.9831645506892749	0.9840902276946264	0.9834242515135615	0.9811138917688844	0.9828975148053317	0.982557187586828	0.9856376088886307	0.9834882595617609	0.9842622382357129	0.9730540602498285	0.9839104557494023	0.983966118210271	1.0	0.984550888933432	0.9761457847826847	0.9828081070381844	0.9702499505753273
0.9784002185276751	0.9749672820224767	0.9712629031642768	0.9819037214251255	0.9832886311031961	0.9840587820864436	0.9732836731911225	0.9798810621728132	0.972819012320507	0.981105174242413	0.978091144138696	0.9812368857979641	0.9820560675037854	0.9822743313590172	0.981935720434403	0.9826766441739726	0.982166466658879	0.9799473833589906	0.9808589073813798	0.9815906490645387	0.9839640313419472	0.9818789806574943	0.9829283318104274	0.9731191494060196	0.9826032025573246	0.9836535499060954	0.984550888933432	1.0	0.9745576143651643	0.9804955030623141	0.9688922903526401
0.9740230309388476	0.969962597443221	0.9663228858742575	0.9745894107011303	0.9753276616015072	0.9758961292903195	0.97109772721301	0.9718587042397074	0.9670621124244804	0.9733000577783575	0.9677650706565264	0.9731056292129426	0.9745487069201485	0.9739206798553632	0.972798025936859	0.973722651282059	0.9727700958985271	0.970267328560148	0.9724350780261422	0.973601658255864	0.9757228398217331	0.9736285277818367	0.9743889726620533	0.96323494187226	0.9738409354775867	0.973742495101648	0.9761457847826847	0.9745576143651643	1.0	0.9753159110904062	0.9650120999621017
0.9780606926596714	0.97589986280757	0.9711116360926183	0.9825197028285242	0.9823568023834569	0.9834097248571745	0.9752021987290627	0.9777669838500209	0.9723206767986641	0.9811532296253691	0.9767408072349398	0.9806211576104207	0.9819328681756232	0.981708211105984	0.9815827857197131	0.9817510493225763	0.9819149295238015	0.9784690496224708	0.9799464927872137	0.9805689156746387	0.98316718053453	0.98081231443115	0.9819568882238457	0.9702950907226155	0.9811333612055716	0.981566834014252	0.9828081070381844	0.9804955030623141	0.9753159110904062	1.0	0.9709362640453191
0.9673402194199882	0.9698835296088949	0.9664130794065151	0.9691528211232044	0.9698238015688329	0.970244202109011	0.9656684895498502	0.9657440251925532	0.9628570569109062	0.9677625240165028	0.965344530139844	0.9687728874157842	0.9694477925788039	0.96935996851504	0.9683913564141167	0.9684176216916789	0.9690062739282383	0.9661028946722529	0.9684550357365896	0.9680219521218255	0.9708506183420521	0.9690815756019087	0.9687703049422526	0.961399340555757	0.9705115928435042	0.9693539385241107	0.9702499505753273	0.9688922903526401	0.9650120999621017	0.9709362640453191	1.0
