/home/jshaw/scratch/2022_sketched_distance/references/SGB_genome_fastas_part4/13965/Bengtsson-PalmeJ_2015__TRAVELRES14__bin.14.fa	/home/jshaw/scratch/2022_sketched_distance/references/SGB_genome_fastas_part4/13965/BritoIL_2016__M1.15.ST__bin.37.fa	/home/jshaw/scratch/2022_sketched_distance/references/SGB_genome_fastas_part4/13965/BritoIL_2016__W1.2.ST__bin.8.fa	/home/jshaw/scratch/2022_sketched_distance/references/SGB_genome_fastas_part4/13965/BritoIL_2016__W1.9.ST__bin.81.fa	/home/jshaw/scratch/2022_sketched_distance/references/SGB_genome_fastas_part4/13965/BritoIL_2016__W2.11.ST__bin.19.fa	/home/jshaw/scratch/2022_sketched_distance/references/SGB_genome_fastas_part4/13965/BritoIL_2016__W2.5.ST__bin.78.fa	/home/jshaw/scratch/2022_sketched_distance/references/SGB_genome_fastas_part4/13965/BritoIL_2016__W2.7.ST__bin.26.fa	/home/jshaw/scratch/2022_sketched_distance/references/SGB_genome_fastas_part4/13965/BritoIL_2016__WL.37.ST__bin.29.fa	/home/jshaw/scratch/2022_sketched_distance/references/SGB_genome_fastas_part4/13965/CM_madagascar__A08_01_1FE__bin.48.fa	/home/jshaw/scratch/2022_sketched_distance/references/SGB_genome_fastas_part4/13965/CM_madagascar__A79_02_1FE__bin.22.fa	/home/jshaw/scratch/2022_sketched_distance/references/SGB_genome_fastas_part4/13965/CosteaPI_2017__SID713B046-11-0-0__bin.35.fa	/home/jshaw/scratch/2022_sketched_distance/references/SGB_genome_fastas_part4/13965/CosteaPI_2017__SID713B046-11-90-0__bin.66.fa	/home/jshaw/scratch/2022_sketched_distance/references/SGB_genome_fastas_part4/13965/KarlssonFH_2013__S577__bin.22.fa	/home/jshaw/scratch/2022_sketched_distance/references/SGB_genome_fastas_part4/13965/LeChatelierE_2013__MH0094__bin.24.fa	/home/jshaw/scratch/2022_sketched_distance/references/SGB_genome_fastas_part4/13965/LeChatelierE_2013__MH0250__bin.57.fa	/home/jshaw/scratch/2022_sketched_distance/references/SGB_genome_fastas_part4/13965/LeChatelierE_2013__MH0267__bin.49.fa	/home/jshaw/scratch/2022_sketched_distance/references/SGB_genome_fastas_part4/13965/LeChatelierE_2013__MH0426__bin.42.fa	/home/jshaw/scratch/2022_sketched_distance/references/SGB_genome_fastas_part4/13965/LiJ_2014__MH0346__bin.53.fa	/home/jshaw/scratch/2022_sketched_distance/references/SGB_genome_fastas_part4/13965/LiJ_2014__MH0402__bin.29.fa	/home/jshaw/scratch/2022_sketched_distance/references/SGB_genome_fastas_part4/13965/NielsenHB_2014__MH0094__bin.25.fa	/home/jshaw/scratch/2022_sketched_distance/references/SGB_genome_fastas_part4/13965/RampelliS_2015__H14__bin.28.fa	/home/jshaw/scratch/2022_sketched_distance/references/SGB_genome_fastas_part4/13965/RampelliS_2015__H3__bin.16.fa	/home/jshaw/scratch/2022_sketched_distance/references/SGB_genome_fastas_part4/13965/RampelliS_2015__H4__bin.4.fa	/home/jshaw/scratch/2022_sketched_distance/references/SGB_genome_fastas_part4/13965/WenC_2017__RA025__bin.37.fa	/home/jshaw/scratch/2022_sketched_distance/references/SGB_genome_fastas_part4/13965/XieH_2016__YSZC12003_35723__bin.27.fa	/home/jshaw/scratch/2022_sketched_distance/references/SGB_genome_fastas_part4/13965/XieH_2016__YSZC12003_36696__bin.110.fa	/home/jshaw/scratch/2022_sketched_distance/references/SGB_genome_fastas_part4/13965/XieH_2016__YSZC12003_37406__bin.2.fa	/home/jshaw/scratch/2022_sketched_distance/references/SGB_genome_fastas_part4/13965/ZeeviD_2015__PNP_Main_443__bin.2.fa	/home/jshaw/scratch/2022_sketched_distance/references/SGB_genome_fastas_part4/13965/ZeeviD_2015__PNP_Main_502__bin.13.fa	/home/jshaw/scratch/2022_sketched_distance/references/SGB_genome_fastas_part4/13965/ZeeviD_2015__PNP_Main_729__bin.23.fa	/home/jshaw/scratch/2022_sketched_distance/references/SGB_genome_fastas_part4/13965/ZeeviD_2015__PNP_Validation_68__bin.20.fa	/home/jshaw/scratch/2022_sketched_distance/references/SGB_genome_fastas_part4/13965/ZellerG_2014__CCIS05314658ST-4-0__bin.73.fa	/home/jshaw/scratch/2022_sketched_distance/references/SGB_genome_fastas_part4/13965/ZellerG_2014__CCIS07648107ST-4-0__bin.16.fa
1.0	0.9631487594421122	0.9651618193854988	0.9641340908878234	0.9626764999624489	0.9566109835547704	0.9646137246423703	0.9489560702051595	0.9758989297962976	0.9702213036540456	0.9615213023685938	0.960765054704871	0.9570403714298246	0.9630076148674059	0.96291769611231	0.964060976151369	0.9647079638273159	0.962943809267456	0.9641265620773181	0.9636460073983956	0.9743285045375956	0.9743438450376146	0.9762707321795794	0.9623490791953558	0.96438737667393	0.9640003254157313	0.9632418699863441	0.9643353624552341	0.9644590775437837	0.9647774278966088	0.9636909973027499	0.9634534593692725	0.9636092801484445
0.9631487594421122	1.0	0.9827618379258044	0.9815316965294616	0.9804879267651642	0.9762178155212794	0.9824832438129689	0.969344503367525	0.9625692936657704	0.9578775295417411	0.9806784849552294	0.9799515099738038	0.9759117295726509	0.9805831395192006	0.9826066551234949	0.9826099469816195	0.98254294072666	0.9821920529356393	0.9828823806019135	0.9809033950569273	0.9596984923408598	0.9624674754967897	0.9617973292009063	0.9786875075262673	0.9814774589963875	0.9830327418818073	0.9822430869895757	0.9910223450599299	0.9823917655201424	0.982114921246839	0.9837450455924032	0.9830512297997918	0.9836399578768549
0.9651618193854988	0.9827618379258044	1.0	0.9976521372995543	0.9964546910811353	0.9913571325912293	0.9991354946276756	0.9849472991209983	0.965336034375834	0.9600038919905799	0.9809423741072072	0.9803039612979325	0.9786316470457297	0.981156965292341	0.9829154699788595	0.9834891252097331	0.9831411236980656	0.9830720342926276	0.9839108281107986	0.9814758384462973	0.9627261067452509	0.9644414850346471	0.9639883587955891	0.980398715307244	0.9833543887503651	0.9837909992656118	0.9824566707629	0.9837421024068768	0.9832678549061677	0.983020452658899	0.9831800272304486	0.9837393062101052	0.9837377271540235
0.9641340908878234	0.9815316965294616	0.9976521372995543	1.0	0.9958660717428959	0.9895910868122527	0.9975227221500618	0.9822999536549966	0.9642703894402612	0.9597718599816947	0.9795018505962367	0.9800689115824563	0.9786458894683391	0.9808630048958182	0.9824557912969211	0.9824948663636732	0.982037910888959	0.9820495558649223	0.9827455829422068	0.9809487535422151	0.9626985577623981	0.9635984391981809	0.9637584035403918	0.9795445069623874	0.98261193320304	0.9827977075143327	0.9814944036606366	0.9823421230540228	0.9819175039808368	0.9818167919781916	0.9821825902160952	0.9831901145406456	0.9824665635425371
0.9626764999624489	0.9804879267651642	0.9964546910811353	0.9958660717428959	1.0	0.9874724235907967	0.9965213272086126	0.9808706337964314	0.9631809873280458	0.9584931101169972	0.9784355137224205	0.9792751340060953	0.9778343836731087	0.9796507878750645	0.98110525143034	0.9813684701340368	0.9809630103706792	0.9806974324824378	0.9816162261149858	0.9794431592132476	0.9613788205609737	0.9630222762370998	0.9627452116229565	0.9782753991532432	0.9814469915532972	0.9814635397437125	0.9803886082018901	0.9810672827282823	0.9812132344343985	0.9808336836670266	0.980676469137748	0.9817688750131132	0.9809780050623332
0.9566109835547704	0.9762178155212794	0.9913571325912293	0.9895910868122527	0.9874724235907967	1.0	0.9904248055064168	0.9946063766272294	0.9573884910645318	0.9533064560706956	0.9742032769540023	0.9731495647199679	0.9721385689170132	0.975168460047478	0.9741110183976553	0.976481477395619	0.9760644969194429	0.9759907012621247	0.9781372110275851	0.9736960655070213	0.9550917070892828	0.9563060430868268	0.954822641836281	0.972779716577799	0.9762833983099921	0.976192940653987	0.9753978507830312	0.9757861672792087	0.9754175910927138	0.9753377168398459	0.9757470208016505	0.9759146569148358	0.9764839465323729
0.9646137246423703	0.9824832438129689	0.9991354946276756	0.9975227221500618	0.9965213272086126	0.9904248055064168	1.0	0.9835014365888877	0.9649590252433807	0.9600303995838695	0.9804475478069116	0.9803806354490897	0.9786264505153482	0.9811288595342265	0.9824954490002801	0.9829730565471559	0.9828317757443452	0.983195208905316	0.9834022350073234	0.9813446703949886	0.9629604738327785	0.9644240093776779	0.9638923094433081	0.9801234174221884	0.9828673143980196	0.9834694462748437	0.9822303295993002	0.9831394078012954	0.9828206511029394	0.9824262636831598	0.982751800875905	0.9834166345945289	0.9830720342926276
0.9489560702051595	0.969344503367525	0.9849472991209983	0.9822999536549966	0.9808706337964314	0.9946063766272294	0.9835014365888877	1.0	0.9503096099298455	0.9448896337020976	0.9669416371868658	0.9659387787909421	0.9654279427182569	0.9677437979144888	0.967838797296577	0.9699195608044779	0.969581736590013	0.9690516096839982	0.9714390095014372	0.9665419293808503	0.9464455649512665	0.9484383737535504	0.9481481510329013	0.9656044668259801	0.9696758913450653	0.9694075771390652	0.9685236092848555	0.9696000384807772	0.9679434996503606	0.9680593951589539	0.9685121112914367	0.9694109394600616	0.9693070036263204
0.9758989297962976	0.9625692936657704	0.965336034375834	0.9642703894402612	0.9631809873280458	0.9573884910645318	0.9649590252433807	0.9503096099298455	1.0	0.9850470645565954	0.9617846203273128	0.9614226757566218	0.9563756643224554	0.963851144471348	0.9641632028694599	0.9639926354416759	0.9646092103200459	0.962816950966297	0.9639273726891129	0.9643903994589669	0.9764576534461461	0.9777202516903948	0.978361199353943	0.9639036620400974	0.9654864399612861	0.9645722212488324	0.9634707851372859	0.9645358766435947	0.9647937685964627	0.9648717534050932	0.963794900047148	0.9648997816351161	0.9637763001324212
0.9702213036540456	0.9578775295417411	0.9600038919905799	0.9597718599816947	0.9584931101169972	0.9533064560706956	0.9600303995838695	0.9448896337020976	0.9850470645565954	1.0	0.9559174923564222	0.9578599514164726	0.9545406521352049	0.9595793140255839	0.9593543669012029	0.959021617076774	0.9593343387553841	0.9575047822116225	0.9583746255578335	0.9595169328270623	0.9743082401526848	0.9740963561304729	0.9745154239229807	0.958617938728669	0.9599690707043024	0.9596020226695172	0.9605546496102373	0.9588443579918537	0.9605596407779299	0.9591553713257209	0.9587029846509117	0.9602160249353573	0.9590959198353174
0.9615213023685938	0.9806784849552294	0.9809423741072072	0.9795018505962367	0.9784355137224205	0.9742032769540023	0.9804475478069116	0.9669416371868658	0.9617846203273128	0.9559174923564222	1.0	0.994249579636488	0.974023366865068	0.9784383526309846	0.9808569495330207	0.9806176571645913	0.980445162006944	0.9805404731251508	0.9820255012307865	0.9791030599224212	0.9587462360353789	0.9610457968345185	0.9606106270616024	0.9772161452907533	0.9798114235208575	0.9813372812945376	0.9794839357635395	0.9810680671651214	0.9814008836682319	0.9809378491891787	0.9811012516598058	0.9809058354307955	0.9806119043701004
0.960765054704871	0.9799515099738038	0.9803039612979325	0.9800689115824563	0.9792751340060953	0.9731495647199679	0.9803806354490897	0.9659387787909421	0.9614226757566218	0.9578599514164726	0.994249579636488	1.0	0.9766397363999414	0.9792933133244807	0.9808600232350745	0.9800741557677929	0.9801248947611897	0.9805317962075071	0.9817770562159203	0.9792782386248513	0.960651090299836	0.9618084044057784	0.9616925133442297	0.9774873367473623	0.9798061628778962	0.9809324673074802	0.9797323294169086	0.9807818323062235	0.9804713240895355	0.9804252763865757	0.9799638797771042	0.9806296498746677	0.9795057123116456
0.9570403714298246	0.9759117295726509	0.9786316470457297	0.9786458894683391	0.9778343836731087	0.9721385689170132	0.9786264505153482	0.9654279427182569	0.9563756643224554	0.9545406521352049	0.974023366865068	0.9766397363999414	1.0	0.9762103908012532	0.9770528953865782	0.9782823154542539	0.9770493233399494	0.9771709978909712	0.9776095291257482	0.9751334095601819	0.9559003572918887	0.9573994914839313	0.9566185987842798	0.9751901850028626	0.9767484458755996	0.9768571786552503	0.978333385117121	0.9762126555856258	0.9760238132433648	0.9765474466822867	0.9755660194577966	0.9764407417360932	0.9776490444591672
0.9630076148674059	0.9805831395192006	0.981156965292341	0.9808630048958182	0.9796507878750645	0.975168460047478	0.9811288595342265	0.9677437979144888	0.963851144471348	0.9595793140255839	0.9784383526309846	0.9792933133244807	0.9762103908012532	1.0	0.9809430784397142	0.9812751848236259	0.9799044524669143	0.9805459313490609	0.9813121141313602	0.9975928443916221	0.9617436080472825	0.9636590562245047	0.9622951959386103	0.9828357408431571	0.9863967818935431	0.9810137701164039	0.9806598894886475	0.9812588892614884	0.9808877646367478	0.9806011767227273	0.9805713082205066	0.9807206695876809	0.9801128652376523
0.96291769611231	0.9826066551234949	0.9829154699788595	0.9824557912969211	0.98110525143034	0.9741110183976553	0.9824954490002801	0.967838797296577	0.9641632028694599	0.9593543669012029	0.9808569495330207	0.9808600232350745	0.9770528953865782	0.9809430784397142	1.0	0.9839966522002954	0.9821931884301702	0.983407286193256	0.9823847246781934	0.9810930020331056	0.960571956852403	0.9637280536107455	0.9627244677711143	0.9800408418101563	0.9816343367413141	0.9828002168137245	0.9835742374440195	0.9827940318757294	0.9822595227659352	0.982445042435859	0.983032567747963	0.9832058060104066	0.9837579978682327
0.964060976151369	0.9826099469816195	0.9834891252097331	0.9824948663636732	0.9813684701340368	0.976481477395619	0.9829730565471559	0.9699195608044779	0.9639926354416759	0.959021617076774	0.9806176571645913	0.9800741557677929	0.9782823154542539	0.9812751848236259	0.9839966522002954	1.0	0.9833899421489762	0.9839156122467142	0.9834541372585646	0.9806924343980984	0.9608455148890802	0.9631216408616773	0.9628652614015953	0.9804605270009464	0.9820724603472933	0.983554816575894	0.9837769571580545	0.9840268403059363	0.9828384415052223	0.9834027255627905	0.9838833110122278	0.9833964043684027	0.984824698826891
0.9647079638273159	0.98254294072666	0.9831411236980656	0.982037910888959	0.9809630103706792	0.9760644969194429	0.9828317757443452	0.969581736590013	0.9646092103200459	0.9593343387553841	0.980445162006944	0.9801248947611897	0.9770493233399494	0.9799044524669143	0.9821931884301702	0.9833899421489762	1.0	0.9832508421080558	0.9834942073599856	0.9803177373043144	0.962715359256287	0.9639878223917789	0.963111411151988	0.979538915272154	0.9815126066727102	0.9834174337386387	0.9816812873458409	0.9832652842458091	0.9834490048000254	0.9828787621590758	0.9822894102570001	0.9831166779424022	0.9828469766787825
0.962943809267456	0.9821920529356393	0.9830720342926276	0.9820495558649223	0.9806974324824378	0.9759907012621247	0.983195208905316	0.9690516096839982	0.962816950966297	0.9575047822116225	0.9805404731251508	0.9805317962075071	0.9771709978909712	0.9805459313490609	0.983407286193256	0.9839156122467142	0.9832508421080558	1.0	0.9830585864379033	0.9806474200266808	0.9605845546839106	0.9624427602625232	0.9620490333807306	0.9797671991328553	0.9810356665869626	0.9832757059324699	0.983667609252816	0.9832303875956387	0.9827394526716171	0.9825287403500976	0.9824698940842045	0.9829056291898771	0.9843837389559174
0.9641265620773181	0.9828823806019135	0.9839108281107986	0.9827455829422068	0.9816162261149858	0.9781372110275851	0.9834022350073234	0.9714390095014372	0.9639273726891129	0.9583746255578335	0.9820255012307865	0.9817770562159203	0.9776095291257482	0.9813121141313602	0.9823847246781934	0.9834541372585646	0.9834942073599856	0.9830585864379033	1.0	0.9810633100508008	0.9614196845663598	0.963673650802123	0.9617596395181485	0.9793771799970749	0.982310083687162	0.9837316553668042	0.9818362605209826	0.9839629980994151	0.9832974865600688	0.983786924710815	0.9824035577438064	0.9831033278155374	0.9830432820419488
0.9636460073983956	0.9809033950569273	0.9814758384462973	0.9809487535422151	0.9794431592132476	0.9736960655070213	0.9813446703949886	0.9665419293808503	0.9643903994589669	0.9595169328270623	0.9791030599224212	0.9792782386248513	0.9751334095601819	0.9975928443916221	0.9810930020331056	0.9806924343980984	0.9803177373043144	0.9806474200266808	0.9810633100508008	1.0	0.9622163679975315	0.9641696964719396	0.9629768243350594	0.9832474267167927	0.9863165910380916	0.9816749518971741	0.9805624047965545	0.9817150253893692	0.9810424230484226	0.9808461504115487	0.9810232198877009	0.9809602543441441	0.9805364093003524
0.9743285045375956	0.9596984923408598	0.9627261067452509	0.9626985577623981	0.9613788205609737	0.9550917070892828	0.9629604738327785	0.9464455649512665	0.9764576534461461	0.9743082401526848	0.9587462360353789	0.960651090299836	0.9559003572918887	0.9617436080472825	0.960571956852403	0.9608455148890802	0.962715359256287	0.9605845546839106	0.9614196845663598	0.9622163679975315	1.0	0.9777048326802251	0.978498479920556	0.9610519642861906	0.9632039809308607	0.9628387506835016	0.9613299589260254	0.9604939512230395	0.9613036840728755	0.9626314106217714	0.9615453002059733	0.9610602194159477	0.9605473363614453
0.9743438450376146	0.9624674754967897	0.9644414850346471	0.9635984391981809	0.9630222762370998	0.9563060430868268	0.9644240093776779	0.9484383737535504	0.9777202516903948	0.9740963561304729	0.9610457968345185	0.9618084044057784	0.9573994914839313	0.9636590562245047	0.9637280536107455	0.9631216408616773	0.9639878223917789	0.9624427602625232	0.963673650802123	0.9641696964719396	0.9777048326802251	1.0	0.9805093439125414	0.9633211522332925	0.964715419157224	0.9644909350519384	0.9629003087361561	0.9644537636923419	0.9652465760221659	0.9641483058911359	0.963095963520237	0.9638328751516608	0.9636615070102612
0.9762707321795794	0.9617973292009063	0.9639883587955891	0.9637584035403918	0.9627452116229565	0.954822641836281	0.9638923094433081	0.9481481510329013	0.978361199353943	0.9745154239229807	0.9606106270616024	0.9616925133442297	0.9566185987842798	0.9622951959386103	0.9627244677711143	0.9628652614015953	0.963111411151988	0.9620490333807306	0.9617596395181485	0.9629768243350594	0.978498479920556	0.9805093439125414	1.0	0.9607501223122554	0.9635720650943707	0.9636989666439122	0.9625642028700071	0.9634004041648875	0.9632555749178752	0.9637628952882559	0.9628549910852012	0.9626177080890318	0.9629429060453786
0.9623490791953558	0.9786875075262673	0.980398715307244	0.9795445069623874	0.9782753991532432	0.972779716577799	0.9801234174221884	0.9656044668259801	0.9639036620400974	0.958617938728669	0.9772161452907533	0.9774873367473623	0.9751901850028626	0.9828357408431571	0.9800408418101563	0.9804605270009464	0.979538915272154	0.9797671991328553	0.9793771799970749	0.9832474267167927	0.9610519642861906	0.9633211522332925	0.9607501223122554	1.0	0.9830703355257314	0.979329152301495	0.9798465889329488	0.9791218438890427	0.978966054261048	0.978667276677479	0.9791603075683667	0.9788445219928575	0.9794436312076547
0.96438737667393	0.9814774589963875	0.9833543887503651	0.98261193320304	0.9814469915532972	0.9762833983099921	0.9828673143980196	0.9696758913450653	0.9654864399612861	0.9599690707043024	0.9798114235208575	0.9798061628778962	0.9767484458755996	0.9863967818935431	0.9816343367413141	0.9820724603472933	0.9815126066727102	0.9810356665869626	0.982310083687162	0.9863165910380916	0.9632039809308607	0.964715419157224	0.9635720650943707	0.9830703355257314	1.0	0.9821151228020496	0.9811628636696796	0.9823704544383394	0.9812473343126732	0.9819005403362838	0.9819333610952513	0.982209877774958	0.981730248271506
0.9640003254157313	0.9830327418818073	0.9837909992656118	0.9827977075143327	0.9814635397437125	0.976192940653987	0.9834694462748437	0.9694075771390652	0.9645722212488324	0.9596020226695172	0.9813372812945376	0.9809324673074802	0.9768571786552503	0.9810137701164039	0.9828002168137245	0.983554816575894	0.9834174337386387	0.9832757059324699	0.9837316553668042	0.9816749518971741	0.9628387506835016	0.9644909350519384	0.9636989666439122	0.979329152301495	0.9821151228020496	1.0	0.982741650699969	0.9845533675881181	0.9841298510920629	0.9829069885641081	0.9833407648290478	0.9840121512342499	0.9840725818127644
0.9632418699863441	0.9822430869895757	0.9824566707629	0.9814944036606366	0.9803886082018901	0.9753978507830312	0.9822303295993002	0.9685236092848555	0.9634707851372859	0.9605546496102373	0.9794839357635395	0.9797323294169086	0.978333385117121	0.9806598894886475	0.9835742374440195	0.9837769571580545	0.9816812873458409	0.983667609252816	0.9818362605209826	0.9805624047965545	0.9613299589260254	0.9629003087361561	0.9625642028700071	0.9798465889329488	0.9811628636696796	0.982741650699969	1.0	0.9834990676943733	0.9824007845807965	0.9823703197509933	0.9835777243572686	0.982351814300843	0.9841648938204622
0.9643353624552341	0.9910223450599299	0.9837421024068768	0.9823421230540228	0.9810672827282823	0.9757861672792087	0.9831394078012954	0.9696000384807772	0.9645358766435947	0.9588443579918537	0.9810680671651214	0.9807818323062235	0.9762126555856258	0.9812588892614884	0.9827940318757294	0.9840268403059363	0.9832652842458091	0.9832303875956387	0.9839629980994151	0.9817150253893692	0.9604939512230395	0.9644537636923419	0.9634004041648875	0.9791218438890427	0.9823704544383394	0.9845533675881181	0.9834990676943733	1.0	0.9832510504253907	0.9836567776983505	0.9845981171203563	0.9840633009896537	0.9843539945839873
0.9644590775437837	0.9823917655201424	0.9832678549061677	0.9819175039808368	0.9812132344343985	0.9754175910927138	0.9828206511029394	0.9679434996503606	0.9647937685964627	0.9605596407779299	0.9814008836682319	0.9804713240895355	0.9760238132433648	0.9808877646367478	0.9822595227659352	0.9828384415052223	0.9834490048000254	0.9827394526716171	0.9832974865600688	0.9810424230484226	0.9613036840728755	0.9652465760221659	0.9632555749178752	0.978966054261048	0.9812473343126732	0.9841298510920629	0.9824007845807965	0.9832510504253907	1.0	0.9830080194170897	0.9829331145908399	0.9832444514707008	0.9834243936504755
0.9647774278966088	0.982114921246839	0.983020452658899	0.9818167919781916	0.9808336836670266	0.9753377168398459	0.9824262636831598	0.9680593951589539	0.9648717534050932	0.9591553713257209	0.9809378491891787	0.9804252763865757	0.9765474466822867	0.9806011767227273	0.982445042435859	0.9834027255627905	0.9828787621590758	0.9825287403500976	0.983786924710815	0.9808461504115487	0.9626314106217714	0.9641483058911359	0.9637628952882559	0.978667276677479	0.9819005403362838	0.9829069885641081	0.9823703197509933	0.9836567776983505	0.9830080194170897	1.0	0.9828318660222358	0.9837218126536417	0.9833155506889649
0.9636909973027499	0.9837450455924032	0.9831800272304486	0.9821825902160952	0.980676469137748	0.9757470208016505	0.982751800875905	0.9685121112914367	0.963794900047148	0.9587029846509117	0.9811012516598058	0.9799638797771042	0.9755660194577966	0.9805713082205066	0.983032567747963	0.9838833110122278	0.9822894102570001	0.9824698940842045	0.9824035577438064	0.9810232198877009	0.9615453002059733	0.963095963520237	0.9628549910852012	0.9791603075683667	0.9819333610952513	0.9833407648290478	0.9835777243572686	0.9845981171203563	0.9829331145908399	0.9828318660222358	1.0	0.9834578575777937	0.9856090920628061
0.9634534593692725	0.9830512297997918	0.9837393062101052	0.9831901145406456	0.9817688750131132	0.9759146569148358	0.9834166345945289	0.9694109394600616	0.9648997816351161	0.9602160249353573	0.9809058354307955	0.9806296498746677	0.9764407417360932	0.9807206695876809	0.9832058060104066	0.9833964043684027	0.9831166779424022	0.9829056291898771	0.9831033278155374	0.9809602543441441	0.9610602194159477	0.9638328751516608	0.9626177080890318	0.9788445219928575	0.982209877774958	0.9840121512342499	0.982351814300843	0.9840633009896537	0.9832444514707008	0.9837218126536417	0.9834578575777937	1.0	0.9843557646957599
0.9636092801484445	0.9836399578768549	0.9837377271540235	0.9824665635425371	0.9809780050623332	0.9764839465323729	0.9830720342926276	0.9693070036263204	0.9637763001324212	0.9590959198353174	0.9806119043701004	0.9795057123116456	0.9776490444591672	0.9801128652376523	0.9837579978682327	0.984824698826891	0.9828469766787825	0.9843837389559174	0.9830432820419488	0.9805364093003524	0.9605473363614453	0.9636615070102612	0.9629429060453786	0.9794436312076547	0.981730248271506	0.9840725818127644	0.9841648938204622	0.9843539945839873	0.9834243936504755	0.9833155506889649	0.9856090920628061	0.9843557646957599	1.0
