/home/jshaw/scratch/2022_sketched_distance/references/SGB_genome_fastas_part5/15203/CosteaPI_2017__mickey2-11-30-0__bin.23.fa	/home/jshaw/scratch/2022_sketched_distance/references/SGB_genome_fastas_part5/15203/CosteaPI_2017__SID713A052-11-0-0__bin.79.fa	/home/jshaw/scratch/2022_sketched_distance/references/SGB_genome_fastas_part5/15203/FengQ_2015__SID31275__bin.62.fa	/home/jshaw/scratch/2022_sketched_distance/references/SGB_genome_fastas_part5/15203/FengQ_2015__SID530373__bin.31.fa	/home/jshaw/scratch/2022_sketched_distance/references/SGB_genome_fastas_part5/15203/FerrettiP_2018__CA_C10049MS2850FE_t0M16__bin.4.fa	/home/jshaw/scratch/2022_sketched_distance/references/SGB_genome_fastas_part5/15203/HMP_2012__SRS014979__bin.46.fa	/home/jshaw/scratch/2022_sketched_distance/references/SGB_genome_fastas_part5/15203/HMP_2012__SRS065504__bin.42.fa	/home/jshaw/scratch/2022_sketched_distance/references/SGB_genome_fastas_part5/15203/LiJ_2014__MH0268__bin.17.fa	/home/jshaw/scratch/2022_sketched_distance/references/SGB_genome_fastas_part5/15203/LiJ_2014__MH0281__bin.37.fa	/home/jshaw/scratch/2022_sketched_distance/references/SGB_genome_fastas_part5/15203/LiJ_2014__MH0354__bin.37.fa	/home/jshaw/scratch/2022_sketched_distance/references/SGB_genome_fastas_part5/15203/LiJ_2014__V1.CD6-0-PT__bin.57.fa	/home/jshaw/scratch/2022_sketched_distance/references/SGB_genome_fastas_part5/15203/LiJ_2014__V1.FI04__bin.26.fa	/home/jshaw/scratch/2022_sketched_distance/references/SGB_genome_fastas_part5/15203/LiJ_2014__V1.FI17__bin.48.fa	/home/jshaw/scratch/2022_sketched_distance/references/SGB_genome_fastas_part5/15203/LouisS_2016__AS43_3__bin.45.fa	/home/jshaw/scratch/2022_sketched_distance/references/SGB_genome_fastas_part5/15203/NielsenHB_2014__O2_UC24_2__bin.37.fa	/home/jshaw/scratch/2022_sketched_distance/references/SGB_genome_fastas_part5/15203/NielsenHB_2014__V1_UC35_4__bin.76.fa	/home/jshaw/scratch/2022_sketched_distance/references/SGB_genome_fastas_part5/15203/RaymondF_2016__P21E90__bin.74.fa	/home/jshaw/scratch/2022_sketched_distance/references/SGB_genome_fastas_part5/15203/RaymondF_2016__P23C0__bin.66.fa	/home/jshaw/scratch/2022_sketched_distance/references/SGB_genome_fastas_part5/15203/SchirmerM_2016__G88898__bin.12.fa	/home/jshaw/scratch/2022_sketched_distance/references/SGB_genome_fastas_part5/15203/VincentC_2016__MM029.2__bin.22.fa	/home/jshaw/scratch/2022_sketched_distance/references/SGB_genome_fastas_part5/15203/VincentC_2016__MM029.3__bin.27.fa	/home/jshaw/scratch/2022_sketched_distance/references/SGB_genome_fastas_part5/15203/XieH_2016__YSZC12003_35390__bin.65.fa	/home/jshaw/scratch/2022_sketched_distance/references/SGB_genome_fastas_part5/15203/XieH_2016__YSZC12003_35706__bin.14.fa	/home/jshaw/scratch/2022_sketched_distance/references/SGB_genome_fastas_part5/15203/XieH_2016__YSZC12003_36012__bin.90.fa	/home/jshaw/scratch/2022_sketched_distance/references/SGB_genome_fastas_part5/15203/XieH_2016__YSZC12003_36454__bin.8.fa	/home/jshaw/scratch/2022_sketched_distance/references/SGB_genome_fastas_part5/15203/XieH_2016__YSZC12003_37209__bin.34.fa	/home/jshaw/scratch/2022_sketched_distance/references/SGB_genome_fastas_part5/15203/XieH_2016__YSZC12003_37223__bin.19.fa	/home/jshaw/scratch/2022_sketched_distance/references/SGB_genome_fastas_part5/15203/XieH_2016__YSZC12003_37254__bin.23.fa	/home/jshaw/scratch/2022_sketched_distance/references/SGB_genome_fastas_part5/15203/XieH_2016__YSZC12003_37255__bin.62.fa	/home/jshaw/scratch/2022_sketched_distance/references/SGB_genome_fastas_part5/15203/ZeeviD_2015__PNP_Main_135__bin.63.fa	/home/jshaw/scratch/2022_sketched_distance/references/SGB_genome_fastas_part5/15203/ZeeviD_2015__PNP_Main_223__bin.35.fa	/home/jshaw/scratch/2022_sketched_distance/references/SGB_genome_fastas_part5/15203/ZeeviD_2015__PNP_Main_716__bin.5.fa	/home/jshaw/scratch/2022_sketched_distance/references/SGB_genome_fastas_part5/15203/ZellerG_2014__CCIS24254057ST-4-0__bin.8.fa	/home/jshaw/scratch/2022_sketched_distance/references/SGB_genome_fastas_part5/15203/ZellerG_2014__CCIS78318719ST-4-0__bin.27.fa	/home/jshaw/scratch/2022_sketched_distance/references/SGB_genome_fastas_part5/15203/ZellerG_2014__CCIS90166425ST-4-0__bin.14.fa
1.0	0.9850520878658593	0.9861655800674916	0.9875050199220318	0.9882938455584973	0.987634732722515	0.9891604832582481	0.9880707902118698	0.987302445869955	0.9847870331719369	0.9949382000825469	0.9878230481375614	0.9867759298148185	0.9869118682630741	0.9804843816791702	0.9840781753921728	0.9833298811702048	0.9861877941113096	0.9926743172277515	0.9884363799018426	0.9880999721017879	0.9858868685501926	0.9852245266056923	0.9875587232739192	0.9921813085783251	0.9890983469835606	0.9923930920633603	0.9876697021676997	0.9858987845996694	0.9863741433632172	0.9915440315629771	0.986961761110979	0.9861389921299278	0.9814098547485008	0.9902714005685023
0.9850520878658593	1.0	0.987241775745839	0.985631309220296	0.9879884246312871	0.9866761877698684	0.9890192429896977	0.9875032637950706	0.9880161391705837	0.9855800121012285	0.985862663958254	0.9867310219650713	0.986478203795876	0.9863655614326492	0.9810717185394593	0.9862479104098397	0.9835837906847575	0.9860556178370774	0.9886761551833061	0.9874705646477151	0.9870738400717551	0.9863389575905529	0.9862889302777578	0.9868169482228555	0.9862376160640504	0.9890696416867086	0.9845770074606929	0.9881139961363272	0.9858744798261625	0.9878620061318293	0.988488889866821	0.9877857206271389	0.9863350130627737	0.9826251801756289	0.9843115821825621
0.9861655800674916	0.987241775745839	1.0	0.9871586290463834	0.9851040319347665	0.9855156669316298	0.9883904936886005	0.9864772332594747	0.9863153949857768	0.9861870240445588	0.9863153949857768	0.9850332868650391	0.9860150792406913	0.9848319605014518	0.9790822768078624	0.9860796639932725	0.9814652119603104	0.9847037584079639	0.9860593012723368	0.9858771861336404	0.9859935227570783	0.986229870078923	0.9859719521256954	0.985207917573177	0.9836963123571923	0.986964853483964	0.9827148245853732	0.9859287683440102	0.9841780783647438	0.9859503673276498	0.987766210455062	0.9854797038922893	0.9876338790591194	0.9802843835174001	0.9823391174615106
0.9875050199220318	0.985631309220296	0.9871586290463834	1.0	0.9880701475284619	0.9871487523466338	0.9881006836042171	0.9879713466137493	0.9873642295217175	0.9846388459426242	0.9880791970661638	0.9877598045053915	0.985975923461253	0.9869335329227376	0.9799497708503636	0.9845658667290014	0.9826140771369242	0.9854091625408917	0.9880632843613514	0.9882079875432163	0.9877013707429927	0.9864408437775946	0.9850608234959933	0.986938377854954	0.9869162144930296	0.9886941802138327	0.9858798968848863	0.9885919416745967	0.986116722501729	0.9862711427571583	0.9886439180708929	0.9870275658967617	0.9858625840120002	0.9818679134610075	0.9853417337743049
0.9882938455584973	0.9879884246312871	0.9851040319347665	0.9880701475284619	1.0	0.9860505130122549	0.9869454035275376	0.9868571701773667	0.9917721878891518	0.9852821987531281	0.9879064984346675	0.9857139605121413	0.986970500067533	0.9854041401784225	0.9795670605056077	0.9847898946625949	0.9821476149283597	0.9847037584079639	0.9883565498982188	0.9864096015147467	0.9868012769257721	0.985569674195327	0.9915342156520442	0.9864387606568703	0.985333961789787	0.9920339564754559	0.9840689589646635	0.987201769733174	0.9841524654010043	0.9870547863311918	0.9865692871011725	0.9853876975071603	0.9875145407848103	0.9805859207599136	0.9839522843500579
0.987634732722515	0.9866761877698684	0.9855156669316298	0.9871487523466338	0.9860505130122549	1.0	0.9913681536632313	0.9868228112446363	0.9858268661944894	0.9851513526041183	0.9874128820809246	0.9852617490427484	0.9857740570372286	0.9853587308879643	0.9795991248965887	0.9848245707906805	0.9828160836506862	0.9846346822157032	0.98800431661452	0.9869551833246443	0.9864269104377705	0.9852379479507997	0.9848026692515229	0.985345872027223	0.9846455209782512	0.9870870783835686	0.9844622306919153	0.986108333866642	0.9844585091164312	0.9852595611565884	0.988270617597092	0.9850403596524465	0.9865725517533723	0.9807995926108082	0.9841067512612244
0.9891604832582481	0.9890192429896977	0.9883904936886005	0.9881006836042171	0.9869454035275376	0.9913681536632313	1.0	0.9787134858339609	0.9881297796216537	0.9874539794477217	0.9888489520167814	0.985496980683687	0.9871257998063069	0.9857480720172966	0.9764457916976037	0.9874836523262235	0.97702241656465	0.9852439553161292	0.9783672182577215	0.986672940633881	0.987631616818098	0.9863675329808993	0.9867336832841587	0.987631616818098	0.9844729659855551	0.979039307552791	0.9846350888861676	0.9869152410790405	0.9822194530017431	0.9874242797950836	0.9801089074612099	0.9851167078562274	0.9888773950075616	0.9822542526315619	0.9810498004241515
0.9880707902118698	0.9875032637950706	0.9864772332594747	0.9879713466137493	0.9868571701773667	0.9868228112446363	0.9787134858339609	1.0	0.9883673322013777	0.986268129723929	0.9877715539789291	0.9859872398612198	0.9871647963745318	0.9855613517496342	0.9746380436524956	0.9867195185811316	0.9762445375376622	0.9850574018736099	0.9777300891771418	0.9870284286022546	0.9879713466137493	0.9864424748883377	0.986546639973322	0.9867195185811316	0.9837248477173479	0.9785811197373855	0.984802496740464	0.9871988001942444	0.98169907325646	0.9861981319576287	0.9752804129670912	0.9853103433717341	0.9879048836669404	0.9812947102938724	0.9807200698831645
0.987302445869955	0.9880161391705837	0.9863153949857768	0.9873642295217175	0.9917721878891518	0.9858268661944894	0.9881297796216537	0.9883673322013777	1.0	0.9856105566687389	0.9870125784153625	0.9862043086406771	0.9876510296483498	0.9857427236877369	0.9808873811161664	0.9853709595994566	0.9828448403043117	0.9860114407005357	0.987886063418952	0.9868033304283862	0.9870956585810023	0.9857405131914154	0.9937255448662103	0.9870333681325553	0.985333961789787	0.9946331208520472	0.9839056431465512	0.9871163958854862	0.9856793917548252	0.9873230533105787	0.9876707678872709	0.9860037979961738	0.9880564581369495	0.9807288698187724	0.9838489007773346
0.9847870331719369	0.9855800121012285	0.9861870240445588	0.9846388459426242	0.9852821987531281	0.9851513526041183	0.9874539794477217	0.986268129723929	0.9856105566687389	1.0	0.9845325867952353	0.9848724122302284	0.9845112936182637	0.9853132587313033	0.9789517758190655	0.9834065959743822	0.9823525102385848	0.9848872540625997	0.9865872655087835	0.986650773249085	0.985930139541926	0.9852390887016006	0.9849765819125924	0.9850252923184203	0.9844047398778653	0.9876315412059968	0.9824958045127936	0.9864477015602398	0.9849873127219507	0.9849448931844214	0.9880823690520874	0.9848535994784648	0.9935609046915306	0.9798434160987083	0.9822576946021366
0.9949382000825469	0.985862663958254	0.9863153949857768	0.9880791970661638	0.9879064984346675	0.9874128820809246	0.9888489520167814	0.9877715539789291	0.9870125784153625	0.9845325867952353	1.0	0.9881165896304724	0.9860971725173767	0.9868250666641784	0.9801079194225186	0.9842911063816233	0.983471184734721	0.985945063458938	0.9918967273600017	0.9879149970914632	0.9875204136505497	0.9862981145464778	0.9848343907031831	0.9871196860417644	0.9914870032376706	0.9886941802138327	0.992029580865304	0.9875678846610083	0.9860684165885414	0.986043399010614	0.9913451196993603	0.9866085616031349	0.9860217866808916	0.9813612628760828	0.9903139654318993
0.9878230481375614	0.9867310219650713	0.9850332868650391	0.9877598045053915	0.9857139605121413	0.9852617490427484	0.985496980683687	0.9859872398612198	0.9862043086406771	0.9848724122302284	0.9881165896304724	1.0	0.9876117618748838	0.9891527275579278	0.9773779495402236	0.9846875849647789	0.9814352169942245	0.9829999399003804	0.9887627849597893	0.9867815798196272	0.9878861705306864	0.9855789494944746	0.9864687199135256	0.9903753011603128	0.9841134507414917	0.986749861101725	0.9840796046685906	0.9866656423218617	0.9831376279222968	0.9854433813457252	0.9858363899206971	0.9837586010919611	0.9873136641784124	0.9807798441910592	0.983432075895125
0.9867759298148185	0.986478203795876	0.9860150792406913	0.985975923461253	0.986970500067533	0.9857740570372286	0.9871257998063069	0.9871647963745318	0.9876510296483498	0.9845112936182637	0.9860971725173767	0.9876117618748838	1.0	0.9865851743535012	0.978820750833608	0.9836698116168007	0.9828448403043117	0.9846116244744342	0.9882102434940614	0.9881662909977186	0.9884154159141726	0.9856792995742473	0.9862782116116867	0.9878154283205127	0.9859622059077665	0.9881966476782338	0.9845081895818727	0.9869918117117462	0.9846104671908982	0.9864357891978639	0.9886129707223807	0.985913249568756	0.9859961627246715	0.9807724585963762	0.9836932117481293
0.9869118682630741	0.9863655614326492	0.9848319605014518	0.9869335329227376	0.9854041401784225	0.9853587308879643	0.9857480720172966	0.9855613517496342	0.9857427236877369	0.9853132587313033	0.9868250666641784	0.9891527275579278	0.9865851743535012	1.0	0.9785571116356128	0.9845071297173128	0.9793281559797007	0.9825618518996899	0.9876184306932119	0.9859888194191124	0.9871924021592607	0.9857427236877369	0.9860333667785643	0.9903847019047808	0.9831484866143235	0.9868421728036028	0.982734595268409	0.9868684960940195	0.9826316002662296	0.9851764632880948	0.9852243459682982	0.9837343860905143	0.9866289214858859	0.9802556142222686	0.9819299629298137
0.9804843816791702	0.9810717185394593	0.9790822768078624	0.9799497708503636	0.9795670605056077	0.9795991248965887	0.9764457916976037	0.9746380436524956	0.9808873811161664	0.9789517758190655	0.9801079194225186	0.9773779495402236	0.978820750833608	0.9785571116356128	1.0	0.9786891975555505	0.9686542450232577	0.9776172192627104	0.9752966455068995	0.9779222927174119	0.978984450024301	0.9781241002408573	0.9803593755394666	0.97901709154661	0.9767195019612468	0.9748866136893717	0.9762611883991643	0.9795028371063373	0.9734442770289208	0.9798862964130947	0.9747579127754205	0.9767894425199728	0.9797270685342361	0.9728187751189658	0.9715714074191872
0.9840781753921728	0.9862479104098397	0.9860796639932725	0.9845658667290014	0.9847898946625949	0.9848245707906805	0.9874836523262235	0.9867195185811316	0.9853709595994566	0.9834065959743822	0.9842911063816233	0.9846875849647789	0.9836698116168007	0.9845071297173128	0.9786891975555505	1.0	0.9813751444304197	0.9836520279360202	0.987046179707514	0.9851536085461632	0.9847232523368112	0.9845567344389291	0.9831024973497459	0.9841354583334615	0.9832237314442105	0.9861591249156152	0.9824958045127936	0.9856142709294188	0.9840240997458504	0.9848803827553402	0.9872862061420803	0.9861841499063342	0.985376612250349	0.9807476934899796	0.9820669167487409
0.9833298811702048	0.9835837906847575	0.9814652119603104	0.9826140771369242	0.9821476149283597	0.9828160836506862	0.97702241656465	0.9762445375376622	0.9828448403043117	0.9823525102385848	0.983471184734721	0.9814352169942245	0.9828448403043117	0.9793281559797007	0.9686542450232577	0.9813751444304197	1.0	0.9817041868486446	0.9770335440096197	0.9829309591293556	0.9833298811702048	0.983016852190399	0.9836118818441472	0.9822062874033634	0.979038811387625	0.9784094262581594	0.9802745288482707	0.9824399315372048	0.9786489841006094	0.9829022779987763	0.9782515596215562	0.9795832156455725	0.9844162317647052	0.9777208480788745	0.9814652119603104
0.9861877941113096	0.9860556178370774	0.9847037584079639	0.9854091625408917	0.9847037584079639	0.9846346822157032	0.9852439553161292	0.9850574018736099	0.9860114407005357	0.9848872540625997	0.985945063458938	0.9829999399003804	0.9846116244744342	0.9825618518996899	0.9776172192627104	0.9836520279360202	0.9817041868486446	1.0	0.9859338323095482	0.9853814433804217	0.9862756172891495	0.984287103379318	0.9864505629621267	0.9844960921467982	0.983098227242999	0.9864402706543336	0.9820457623186202	0.9850697297954285	0.9827120208353142	0.9850697297954285	0.9859036963150118	0.9828256191860899	0.9864069137346005	0.979043509170001	0.9816819925950955
0.9926743172277515	0.9886761551833061	0.9860593012723368	0.9880632843613514	0.9883565498982188	0.98800431661452	0.9783672182577215	0.9777300891771418	0.987886063418952	0.9865872655087835	0.9918967273600017	0.9887627849597893	0.9882102434940614	0.9876184306932119	0.9752966455068995	0.987046179707514	0.9770335440096197	0.9859338323095482	1.0	0.9873486043632649	0.9883565498982188	0.986863381592522	0.9876184306932119	0.988733933661248	0.9874688003307452	0.9795806537400298	0.9880632843613514	0.9875287341187601	0.9825258999362536	0.9864947092550911	0.9800687604477735	0.9856497633071263	0.988733933661248	0.982386132876169	0.9840252302465502
0.9884363799018426	0.9874705646477151	0.9858771861336404	0.9882079875432163	0.9864096015147467	0.9869551833246443	0.986672940633881	0.9870284286022546	0.9868033304283862	0.986650773249085	0.9879149970914632	0.9867815798196272	0.9881662909977186	0.9859888194191124	0.9779222927174119	0.9851536085461632	0.9829309591293556	0.9853814433804217	0.9873486043632649	1.0	0.9981852926743146	0.9868250666641784	0.9866070551939097	0.9884363799018426	0.9843321596841028	0.9870260226910765	0.9841790514947842	0.987682947531586	0.9842036713469725	0.9859442115976871	0.9871570138418085	0.9847832895930915	0.9884363799018426	0.9815058038594211	0.983458283280382
0.9880999721017879	0.9870738400717551	0.9859935227570783	0.9877013707429927	0.9868012769257721	0.9864269104377705	0.987631616818098	0.9879713466137493	0.9870956585810023	0.985930139541926	0.9875204136505497	0.9878861705306864	0.9884154159141726	0.9871924021592607	0.978984450024301	0.9847232523368112	0.9833298811702048	0.9862756172891495	0.9883565498982188	0.9981852926743146	1.0	0.9862250591142547	0.9866418356462153	0.9882974781742778	0.9854277964850836	0.9880192384093481	0.9847370235646732	0.9874862033057997	0.9851617045189532	0.9860146726454213	0.9878613771591467	0.9857997120617745	0.9880603283737553	0.9810817539909426	0.9842093265798137
0.9858868685501926	0.9863389575905529	0.986229870078923	0.9864408437775946	0.985569674195327	0.9852379479507997	0.9863675329808993	0.9864424748883377	0.9857405131914154	0.9852390887016006	0.9862981145464778	0.9855789494944746	0.9856792995742473	0.9857427236877369	0.9781241002408573	0.9845567344389291	0.983016852190399	0.984287103379318	0.986863381592522	0.9868250666641784	0.9862250591142547	1.0	0.9856376279636815	0.9857243857190866	0.9849559187454057	0.9874208746016336	0.9838822457888118	0.9865530395993868	0.9850621655046676	0.9855198539849488	0.9874469865708054	0.9855714532999068	0.9868050421773064	0.9802735559226092	0.9826627993797383
0.9852245266056923	0.9862889302777578	0.9859719521256954	0.9850608234959933	0.9915342156520442	0.9848026692515229	0.9867336832841587	0.986546639973322	0.9937255448662103	0.9849765819125924	0.9848343907031831	0.9864687199135256	0.9862782116116867	0.9860333667785643	0.9803593755394666	0.9831024973497459	0.9836118818441472	0.9864505629621267	0.9876184306932119	0.9866070551939097	0.9866418356462153	0.9856376279636815	1.0	0.9864909269744011	0.9861460688352447	0.9964511715221945	0.9843931714426335	0.9871367781316198	0.9856793917548252	0.9872067968334438	0.9871246363581653	0.9858678816274458	0.9859312874992117	0.9798434160987083	0.9841324251754151
0.9875587232739192	0.9868169482228555	0.985207917573177	0.986938377854954	0.9864387606568703	0.985345872027223	0.987631616818098	0.9867195185811316	0.9870333681325553	0.9850252923184203	0.9871196860417644	0.9903753011603128	0.9878154283205127	0.9903847019047808	0.97901709154661	0.9841354583334615	0.9822062874033634	0.9844960921467982	0.988733933661248	0.9884363799018426	0.9882974781742778	0.9857243857190866	0.9864909269744011	1.0	0.9856844683117957	0.9881080624918065	0.9840223802201497	0.9868670443419221	0.9844838843757734	0.9856462676780118	0.9880193796860526	0.9851797359435257	0.9864909269744011	0.9809452910678511	0.9840038541876139
0.9921813085783251	0.9862376160640504	0.9836963123571923	0.9869162144930296	0.985333961789787	0.9846455209782512	0.9844729659855551	0.9837248477173479	0.985333961789787	0.9844047398778653	0.9914870032376706	0.9841134507414917	0.9859622059077665	0.9831484866143235	0.9767195019612468	0.9832237314442105	0.979038811387625	0.983098227242999	0.9874688003307452	0.9843321596841028	0.9854277964850836	0.9849559187454057	0.9861460688352447	0.9856844683117957	1.0	0.9859387814176495	0.9874271551265281	0.9850034128313787	0.9809520129505473	0.9847652523294074	0.987221673391992	0.9827696486954399	0.9865560386864134	0.97976540178497	0.9839522843500579
0.9890983469835606	0.9890696416867086	0.986964853483964	0.9886941802138327	0.9920339564754559	0.9870870783835686	0.979039307552791	0.9785811197373855	0.9946331208520472	0.9876315412059968	0.9886941802138327	0.986749861101725	0.9881966476782338	0.9868421728036028	0.9748866136893717	0.9861591249156152	0.9784094262581594	0.9864402706543336	0.9795806537400298	0.9870260226910765	0.9880192384093481	0.9874208746016336	0.9964511715221945	0.9881080624918065	0.9859387814176495	1.0	0.9859071828386341	0.9879004324112889	0.9826878261914016	0.9878408682908387	0.9787572792454832	0.986502422346607	0.9890121560042824	0.9815524288625223	0.9815163051861193
0.9923930920633603	0.9845770074606929	0.9827148245853732	0.9858798968848863	0.9840689589646635	0.9844622306919153	0.9846350888861676	0.984802496740464	0.9839056431465512	0.9824958045127936	0.992029580865304	0.9840796046685906	0.9845081895818727	0.982734595268409	0.9762611883991643	0.9824958045127936	0.9802745288482707	0.9820457623186202	0.9880632843613514	0.9841790514947842	0.9847370235646732	0.9838822457888118	0.9843931714426335	0.9840223802201497	0.9874271551265281	0.9859071828386341	1.0	0.9834819150223509	0.9812893062305728	0.9834819150223509	0.987766210455062	0.9827258474499789	0.9844392270870528	0.9778604094161973	0.9869114521107613
0.9876697021676997	0.9881139961363272	0.9859287683440102	0.9885919416745967	0.987201769733174	0.986108333866642	0.9869152410790405	0.9871988001942444	0.9871163958854862	0.9864477015602398	0.9875678846610083	0.9866656423218617	0.9869918117117462	0.9868684960940195	0.9795028371063373	0.9856142709294188	0.9824399315372048	0.9850697297954285	0.9875287341187601	0.987682947531586	0.9874862033057997	0.9865530395993868	0.9871367781316198	0.9868670443419221	0.9850034128313787	0.9879004324112889	0.9834819150223509	1.0	0.9854831383913487	0.987649363842761	0.9871246363581653	0.9864082072099438	0.9883737436380848	0.9809720982363445	0.983458283280382
0.9858987845996694	0.9858744798261625	0.9841780783647438	0.986116722501729	0.9841524654010043	0.9844585091164312	0.9822194530017431	0.98169907325646	0.9856793917548252	0.9849873127219507	0.9860684165885414	0.9831376279222968	0.9846104671908982	0.9826316002662296	0.9734442770289208	0.9840240997458504	0.9786489841006094	0.9827120208353142	0.9825258999362536	0.9842036713469725	0.9851617045189532	0.9850621655046676	0.9856793917548252	0.9844838843757734	0.9809520129505473	0.9826878261914016	0.9812893062305728	0.9854831383913487	1.0	0.9844585091164312	0.982987583798871	0.9829786724357802	0.9866671981920904	0.980295643360264	0.9794798966785794
0.9863741433632172	0.9878620061318293	0.9859503673276498	0.9862711427571583	0.9870547863311918	0.9852595611565884	0.9874242797950836	0.9861981319576287	0.9873230533105787	0.9849448931844214	0.986043399010614	0.9854433813457252	0.9864357891978639	0.9851764632880948	0.9798862964130947	0.9848803827553402	0.9829022779987763	0.9850697297954285	0.9864947092550911	0.9859442115976871	0.9860146726454213	0.9855198539849488	0.9872067968334438	0.9856462676780118	0.9847652523294074	0.9878408682908387	0.9834819150223509	0.987649363842761	0.9844585091164312	1.0	0.9870597856550672	0.9853415974898481	0.9868843618785582	0.9805488943073575	0.9837451902649835
0.9915440315629771	0.988488889866821	0.987766210455062	0.9886439180708929	0.9865692871011725	0.988270617597092	0.9801089074612099	0.9752804129670912	0.9876707678872709	0.9880823690520874	0.9913451196993603	0.9858363899206971	0.9886129707223807	0.9852243459682982	0.9747579127754205	0.9872862061420803	0.9782515596215562	0.9859036963150118	0.9800687604477735	0.9871570138418085	0.9878613771591467	0.9874469865708054	0.9871246363581653	0.9880193796860526	0.987221673391992	0.9787572792454832	0.987766210455062	0.9871246363581653	0.982987583798871	0.9870597856550672	1.0	0.9853613446291993	0.9893780692531081	0.9826552158831172	0.9838219633478278
0.986961761110979	0.9877857206271389	0.9854797038922893	0.9870275658967617	0.9853876975071603	0.9850403596524465	0.9851167078562274	0.9853103433717341	0.9860037979961738	0.9848535994784648	0.9866085616031349	0.9837586010919611	0.985913249568756	0.9837343860905143	0.9767894425199728	0.9861841499063342	0.9795832156455725	0.9828256191860899	0.9856497633071263	0.9847832895930915	0.9857997120617745	0.9855714532999068	0.9858678816274458	0.9851797359435257	0.9827696486954399	0.986502422346607	0.9827258474499789	0.9864082072099438	0.9829786724357802	0.9853415974898481	0.9853613446291993	1.0	0.986961761110979	0.9816336525528017	0.9813484150007084
0.9861389921299278	0.9863350130627737	0.9876338790591194	0.9858625840120002	0.9875145407848103	0.9865725517533723	0.9888773950075616	0.9879048836669404	0.9880564581369495	0.9935609046915306	0.9860217866808916	0.9873136641784124	0.9859961627246715	0.9866289214858859	0.9797270685342361	0.985376612250349	0.9844162317647052	0.9864069137346005	0.988733933661248	0.9884363799018426	0.9880603283737553	0.9868050421773064	0.9859312874992117	0.9864909269744011	0.9865560386864134	0.9890121560042824	0.9844392270870528	0.9883737436380848	0.9866671981920904	0.9868843618785582	0.9893780692531081	0.986961761110979	1.0	0.9816758275939845	0.9849185135431967
0.9814098547485008	0.9826251801756289	0.9802843835174001	0.9818679134610075	0.9805859207599136	0.9807995926108082	0.9822542526315619	0.9812947102938724	0.9807288698187724	0.9798434160987083	0.9813612628760828	0.9807798441910592	0.9807724585963762	0.9802556142222686	0.9728187751189658	0.9807476934899796	0.9777208480788745	0.979043509170001	0.982386132876169	0.9815058038594211	0.9810817539909426	0.9802735559226092	0.9798434160987083	0.9809452910678511	0.97976540178497	0.9815524288625223	0.9778604094161973	0.9809720982363445	0.980295643360264	0.9805488943073575	0.9826552158831172	0.9816336525528017	0.9816758275939845	1.0	0.9779661022524101
0.9902714005685023	0.9843115821825621	0.9823391174615106	0.9853417337743049	0.9839522843500579	0.9841067512612244	0.9810498004241515	0.9807200698831645	0.9838489007773346	0.9822576946021366	0.9903139654318993	0.983432075895125	0.9836932117481293	0.9819299629298137	0.9715714074191872	0.9820669167487409	0.9814652119603104	0.9816819925950955	0.9840252302465502	0.983458283280382	0.9842093265798137	0.9826627993797383	0.9841324251754151	0.9840038541876139	0.9839522843500579	0.9815163051861193	0.9869114521107613	0.983458283280382	0.9794798966785794	0.9837451902649835	0.9838219633478278	0.9813484150007084	0.9849185135431967	0.9779661022524101	1.0
