/home/jshaw/scratch/2022_sketched_distance/references/SGB_genome_fastas_part4/8768/Bengtsson-PalmeJ_2015__TRAVELRES29__bin.5.fa	/home/jshaw/scratch/2022_sketched_distance/references/SGB_genome_fastas_part4/8768/Bengtsson-PalmeJ_2015__TRAVELRES5__bin.48.fa	/home/jshaw/scratch/2022_sketched_distance/references/SGB_genome_fastas_part4/8768/Bengtsson-PalmeJ_2015__TRAVELRES6__bin.59.fa	/home/jshaw/scratch/2022_sketched_distance/references/SGB_genome_fastas_part4/8768/Bengtsson-PalmeJ_2015__TRAVELRES7__bin.101.fa	/home/jshaw/scratch/2022_sketched_distance/references/SGB_genome_fastas_part4/8768/CosteaPI_2017__SID713B072-11-0-0__bin.7.fa	/home/jshaw/scratch/2022_sketched_distance/references/SGB_genome_fastas_part4/8768/CosteaPI_2017__SID713B072-11-90-0__bin.68.fa	/home/jshaw/scratch/2022_sketched_distance/references/SGB_genome_fastas_part4/8768/LeChatelierE_2013__MH0132__bin.16.fa	/home/jshaw/scratch/2022_sketched_distance/references/SGB_genome_fastas_part4/8768/LeChatelierE_2013__MH0439__bin.16.fa	/home/jshaw/scratch/2022_sketched_distance/references/SGB_genome_fastas_part4/8768/LiJ_2014__MH0356__bin.42.fa	/home/jshaw/scratch/2022_sketched_distance/references/SGB_genome_fastas_part4/8768/LiJ_2014__O2.UC29-1__bin.19.fa	/home/jshaw/scratch/2022_sketched_distance/references/SGB_genome_fastas_part4/8768/NielsenHB_2014__MH0132__bin.1.fa	/home/jshaw/scratch/2022_sketched_distance/references/SGB_genome_fastas_part4/8768/NielsenHB_2014__O2_UC29_0__bin.6.fa	/home/jshaw/scratch/2022_sketched_distance/references/SGB_genome_fastas_part4/8768/NielsenHB_2014__O2_UC29_2__bin.1.fa	/home/jshaw/scratch/2022_sketched_distance/references/SGB_genome_fastas_part4/8768/VogtmannE_2016__MMRS90191266ST-27-0-0__bin.5.fa	/home/jshaw/scratch/2022_sketched_distance/references/SGB_genome_fastas_part4/8768/XieH_2016__YSZC12003_35992__bin.77.fa	/home/jshaw/scratch/2022_sketched_distance/references/SGB_genome_fastas_part4/8768/XieH_2016__YSZC12003_36058__bin.26.fa	/home/jshaw/scratch/2022_sketched_distance/references/SGB_genome_fastas_part4/8768/XieH_2016__YSZC12003_37265R1__bin.8.fa	/home/jshaw/scratch/2022_sketched_distance/references/SGB_genome_fastas_part4/8768/XieH_2016__YSZC12003_37652__bin.82.fa	/home/jshaw/scratch/2022_sketched_distance/references/SGB_genome_fastas_part4/8768/ZeeviD_2015__PNP_Main_380__bin.12.fa	/home/jshaw/scratch/2022_sketched_distance/references/SGB_genome_fastas_part4/8768/ZeeviD_2015__PNP_Main_484__bin.5.fa	/home/jshaw/scratch/2022_sketched_distance/references/SGB_genome_fastas_part4/8768/ZeeviD_2015__PNP_Main_612__bin.5.fa	/home/jshaw/scratch/2022_sketched_distance/references/SGB_genome_fastas_part4/8768/ZeeviD_2015__PNP_Main_707__bin.38.fa	/home/jshaw/scratch/2022_sketched_distance/references/SGB_genome_fastas_part4/8768/ZeeviD_2015__PNP_Validation_26__bin.30.fa	/home/jshaw/scratch/2022_sketched_distance/references/SGB_genome_fastas_part4/8768/ZeeviD_2015__PNP_Validation_38__bin.8.fa	/home/jshaw/scratch/2022_sketched_distance/references/SGB_genome_fastas_part4/8768/ZeeviD_2015__PNP_Validation_67__bin.1.fa	/home/jshaw/scratch/2022_sketched_distance/references/SGB_genome_fastas_part4/8768/ZeeviD_2015__PNP_Validation_73__bin.14.fa
1.0	0.9884864361944865	0.9883059709122067	0.9973960964848166	0.992238161144206	0.9835953038078958	0.9909219382318873	0.9900763369604908	0.9879456924227534	0.9869482281423549	0.9911991659238228	0.9807301341813502	0.9779623281390689	0.9834217435044684	0.9909373305215379	0.9870189229480909	0.9843804394584028	0.9918107474854063	0.9828538889233113	0.984479948228836	0.9735963890387711	0.9867071056421319	0.9875214847100964	0.9750222273175212	0.9839922367721368	0.9872447015265152
0.9884864361944865	1.0	0.9993081296379418	0.9893675354497408	0.9900730952288932	0.9818685420997224	0.9897183886101448	0.9878064755480007	0.9863506477135021	0.9872564509223025	0.9896156006177159	0.9817446760934047	0.9790487225783433	0.9835466071473183	0.9891542793903115	0.9874118915602025	0.9799051142016569	0.9892862583809798	0.9805285275659067	0.9824204905877253	0.9732726895273371	0.987113483271478	0.9865768354002838	0.9742751079138844	0.9842047527697291	0.9872853844614888
0.9883059709122067	0.9993081296379418	1.0	0.9894234837084686	0.9899896032348042	0.9818304145354543	0.989911814443871	0.9878492194866185	0.9864000137427705	0.9874444029497509	0.9898116561849631	0.9819580580626123	0.9788886003703533	0.9837869854857548	0.9889988054883645	0.9874744500544295	0.9794254957949383	0.9894646197162046	0.9805751991741065	0.9825888097730068	0.973499666066597	0.9873277842983968	0.9865435844068744	0.974455646133465	0.9842604277904696	0.987457811397746
0.9973960964848166	0.9893675354497408	0.9894234837084686	1.0	0.9936195862134015	0.9851304870848555	0.9931703275472812	0.9917105683226222	0.9898506744348086	0.9886903477834781	0.9932215394062306	0.9829086071620461	0.9794412738971399	0.9848833499098288	0.9919968605899868	0.9883446776697776	0.9841168366431708	0.9934449857236624	0.9835938528411012	0.9859312685496833	0.9751269168287873	0.9881772976301423	0.9876050715452411	0.9757887669276826	0.9855663572539529	0.9885981296911868
0.992238161144206	0.9900730952288932	0.9899896032348042	0.9936195862134015	1.0	0.9910916767423714	0.993398526233227	0.9924892654728733	0.9905268295467994	0.9886566990542118	0.9936111882436233	0.9828741716726371	0.9805889883230705	0.9857585340551459	0.9926953793292609	0.9886791787912855	0.9844844203960207	0.9936729223286425	0.9844544993643403	0.9870666123386359	0.9756388716262514	0.9887135783643656	0.9884650458574541	0.9764726549316287	0.986430588378191	0.9891397311697888
0.9835953038078958	0.9818685420997224	0.9818304145354543	0.9851304870848555	0.9910916767423714	1.0	0.9852870012703775	0.985084245800254	0.9836711259216196	0.9806622081970118	0.9855301091725847	0.9774729611282672	0.9762577238154453	0.981489899848013	0.9852519560735089	0.9811386586599852	0.9814406735545137	0.9856757680667518	0.9786417209681904	0.9814176310323058	0.9720192486413506	0.9807337671630477	0.9798828555254434	0.9716860839567146	0.9796951823480708	0.9811424085410149
0.9909219382318873	0.9897183886101448	0.989911814443871	0.9931703275472812	0.993398526233227	0.9852870012703775	1.0	0.9916696266967354	0.9909222406222936	0.9880096167466809	0.9991559253392028	0.9825396708083759	0.9790284631875062	0.9841890644887514	0.9921055033437559	0.9877791939698178	0.9835163678544941	0.9931609229460502	0.983727722473271	0.985754056829071	0.9744121242621412	0.9874593666905691	0.9870999477057775	0.9748006641185794	0.9850227039851324	0.9879403947623889
0.9900763369604908	0.9878064755480007	0.9878492194866185	0.9917105683226222	0.9924892654728733	0.985084245800254	0.9916696266967354	1.0	0.9895780374495449	0.9871002117919491	0.9919117875146415	0.9822079916618155	0.9791059163680041	0.984121558966033	0.9906413791099971	0.9869002897372816	0.9834240263836646	0.99175054108529	0.9828802735728737	0.9848834851621531	0.9740501356795298	0.9863918171100761	0.9863823455631338	0.9751741979128532	0.9842591905552905	0.9871274326054302
0.9879456924227534	0.9863506477135021	0.9864000137427705	0.9898506744348086	0.9905268295467994	0.9836711259216196	0.9909222406222936	0.9895780374495449	1.0	0.9850457312325643	0.9912162070967093	0.9811154263616532	0.9792821360188564	0.9824893318672793	0.9887855167524143	0.9853067985716242	0.9817379196542699	0.9900279027345251	0.9825145068107345	0.9840417091657786	0.9734308061091037	0.984766467161055	0.9842852848339788	0.9736288008336589	0.9825122511696534	0.9856019664127438
0.9869482281423549	0.9872564509223025	0.9874444029497509	0.9886903477834781	0.9886566990542118	0.9806622081970118	0.9880096167466809	0.9871002117919491	0.9850457312325643	1.0	0.9879950060606233	0.9934174236693969	0.9891610072903487	0.9877736704597238	0.9875119491371194	0.9919421766711104	0.9791872266625617	0.9884483864673633	0.9789753196977078	0.9816257080735966	0.9776072943266737	0.9911350736732172	0.9902971677532286	0.977863978611031	0.9879734516443135	0.9915773136057051
0.9911991659238228	0.9896156006177159	0.9898116561849631	0.9932215394062306	0.9936111882436233	0.9855301091725847	0.9991559253392028	0.9919117875146415	0.9912162070967093	0.9879950060606233	1.0	0.9826763272116693	0.9792440775533684	0.9844481178001824	0.9921642165816902	0.987895350681517	0.983595148070861	0.9933550719197128	0.9840196686164718	0.9858262739410334	0.9746487260180835	0.9876302182285603	0.9870941571724114	0.9747378619033134	0.9851725029389046	0.9880734780184556
0.9807301341813502	0.9817446760934047	0.9819580580626123	0.9829086071620461	0.9828741716726371	0.9774729611282672	0.9825396708083759	0.9822079916618155	0.9811154263616532	0.9934174236693969	0.9826763272116693	1.0	0.9897563701941147	0.9841396546371824	0.9817498924717413	0.9867114277269088	0.9760032679240959	0.9826224229836431	0.9763999736517693	0.9775210890969486	0.9770536252686535	0.9853715793436518	0.9845178586900627	0.9745407710448138	0.9837683161709033	0.9859693315597238
0.9779623281390689	0.9790487225783433	0.9788886003703533	0.9794412738971399	0.9805889883230705	0.9762577238154453	0.9790284631875062	0.9791059163680041	0.9792821360188564	0.9891610072903487	0.9792440775533684	0.9897563701941147	1.0	0.9823162543611561	0.9790682643336414	0.9837545664999592	0.975011444701912	0.9794190086179902	0.9735212226726386	0.9767736825594474	0.9730457682126253	0.9829686153511241	0.9819849767878525	0.9736172431663668	0.9812932984765582	0.9828570666247478
0.9834217435044684	0.9835466071473183	0.9837869854857548	0.9848833499098288	0.9857585340551459	0.981489899848013	0.9841890644887514	0.984121558966033	0.9824893318672793	0.9877736704597238	0.9844481178001824	0.9841396546371824	0.9823162543611561	1.0	0.984223949226897	0.9883794497822459	0.9796021219851719	0.9852230388972731	0.9781875870545417	0.9797447242012508	0.97608885118978	0.9879890887539468	0.9867134837570694	0.9763755818741768	0.9858113303407975	0.9882589227685211
0.9909373305215379	0.9891542793903115	0.9889988054883645	0.9919968605899868	0.9926953793292609	0.9852519560735089	0.9921055033437559	0.9906413791099971	0.9887855167524143	0.9875119491371194	0.9921642165816902	0.9817498924717413	0.9790682643336414	0.984223949226897	1.0	0.9873726811451274	0.9837413688264863	0.9939730985593148	0.9822633104112666	0.984760004153012	0.9738435544268228	0.9869927606502346	0.9867684486844333	0.9745068932018398	0.984788957089761	0.9878057327340466
0.9870189229480909	0.9874118915602025	0.9874744500544295	0.9883446776697776	0.9886791787912855	0.9811386586599852	0.9877791939698178	0.9869002897372816	0.9853067985716242	0.9919421766711104	0.987895350681517	0.9867114277269088	0.9837545664999592	0.9883794497822459	0.9873726811451274	1.0	0.9802255952526309	0.988071420258501	0.9803926334123992	0.9819865166803338	0.9783201675917795	0.9909767222155985	0.9904628952045628	0.9789498975107083	0.9888081417307033	0.9913235307576574
0.9843804394584028	0.9799051142016569	0.9794254957949383	0.9841168366431708	0.9844844203960207	0.9814406735545137	0.9835163678544941	0.9834240263836646	0.9817379196542699	0.9791872266625617	0.983595148070861	0.9760032679240959	0.975011444701912	0.9796021219851719	0.9837413688264863	0.9802255952526309	1.0	0.984202518594988	0.9783246000774632	0.9817811803410873	0.9725201672335592	0.9784827982569091	0.9791127991239683	0.9729919998130807	0.9786010568835827	0.9800516476456533
0.9918107474854063	0.9892862583809798	0.9894646197162046	0.9934449857236624	0.9936729223286425	0.9856757680667518	0.9931609229460502	0.99175054108529	0.9900279027345251	0.9884483864673633	0.9933550719197128	0.9826224229836431	0.9794190086179902	0.9852230388972731	0.9939730985593148	0.988071420258501	0.984202518594988	1.0	0.9835228844945513	0.9857510532030618	0.9750246640642034	0.9879227711592522	0.9877303847562783	0.9753277159496551	0.9856823913519291	0.988801924778864
0.9828538889233113	0.9805285275659067	0.9805751991741065	0.9835938528411012	0.9844544993643403	0.9786417209681904	0.983727722473271	0.9828802735728737	0.9825145068107345	0.9789753196977078	0.9840196686164718	0.9763999736517693	0.9735212226726386	0.9781875870545417	0.9822633104112666	0.9803926334123992	0.9783246000774632	0.9835228844945513	1.0	0.9798207095676624	0.9708862670731535	0.9795859147850049	0.9797186103614136	0.9705433122995758	0.97835390493086	0.9797192245634383
0.984479948228836	0.9824204905877253	0.9825888097730068	0.9859312685496833	0.9870666123386359	0.9814176310323058	0.985754056829071	0.9848834851621531	0.9840417091657786	0.9816257080735966	0.9858262739410334	0.9775210890969486	0.9767736825594474	0.9797447242012508	0.984760004153012	0.9819865166803338	0.9817811803410873	0.9857510532030618	0.9798207095676624	1.0	0.9729298374445916	0.9819757793198866	0.9814272463936611	0.9724075975433667	0.9799918440223244	0.9821509789965038
0.9735963890387711	0.9732726895273371	0.973499666066597	0.9751269168287873	0.9756388716262514	0.9720192486413506	0.9744121242621412	0.9740501356795298	0.9734308061091037	0.9776072943266737	0.9746487260180835	0.9770536252686535	0.9730457682126253	0.97608885118978	0.9738435544268228	0.9783201675917795	0.9725201672335592	0.9750246640642034	0.9708862670731535	0.9729298374445916	1.0	0.9787401402227225	0.9783998235906829	0.9740449084999974	0.9780238068719963	0.9791686705092721
0.9867071056421319	0.987113483271478	0.9873277842983968	0.9881772976301423	0.9887135783643656	0.9807337671630477	0.9874593666905691	0.9863918171100761	0.984766467161055	0.9911350736732172	0.9876302182285603	0.9853715793436518	0.9829686153511241	0.9879890887539468	0.9869927606502346	0.9909767222155985	0.9784827982569091	0.9879227711592522	0.9795859147850049	0.9819757793198866	0.9787401402227225	1.0	0.9924894708038247	0.9796483839673156	0.9897372273973463	0.993363407595155
0.9875214847100964	0.9865768354002838	0.9865435844068744	0.9876050715452411	0.9884650458574541	0.9798828555254434	0.9870999477057775	0.9863823455631338	0.9842852848339788	0.9902971677532286	0.9870941571724114	0.9845178586900627	0.9819849767878525	0.9867134837570694	0.9867684486844333	0.9904628952045628	0.9791127991239683	0.9877303847562783	0.9797186103614136	0.9814272463936611	0.9783998235906829	0.9924894708038247	1.0	0.9797267911800409	0.9885367916919291	0.992689243421599
0.9750222273175212	0.9742751079138844	0.974455646133465	0.9757887669276826	0.9764726549316287	0.9716860839567146	0.9748006641185794	0.9751741979128532	0.9736288008336589	0.977863978611031	0.9747378619033134	0.9745407710448138	0.9736172431663668	0.9763755818741768	0.9745068932018398	0.9789498975107083	0.9729919998130807	0.9753277159496551	0.9705433122995758	0.9724075975433667	0.9740449084999974	0.9796483839673156	0.9797267911800409	1.0	0.9794366133371744	0.9798845604986367
0.9839922367721368	0.9842047527697291	0.9842604277904696	0.9855663572539529	0.986430588378191	0.9796951823480708	0.9850227039851324	0.9842591905552905	0.9825122511696534	0.9879734516443135	0.9851725029389046	0.9837683161709033	0.9812932984765582	0.9858113303407975	0.984788957089761	0.9888081417307033	0.9786010568835827	0.9856823913519291	0.97835390493086	0.9799918440223244	0.9780238068719963	0.9897372273973463	0.9885367916919291	0.9794366133371744	1.0	0.9893062467249572
0.9872447015265152	0.9872853844614888	0.987457811397746	0.9885981296911868	0.9891397311697888	0.9811424085410149	0.9879403947623889	0.9871274326054302	0.9856019664127438	0.9915773136057051	0.9880734780184556	0.9859693315597238	0.9828570666247478	0.9882589227685211	0.9878057327340466	0.9913235307576574	0.9800516476456533	0.988801924778864	0.9797192245634383	0.9821509789965038	0.9791686705092721	0.993363407595155	0.992689243421599	0.9798845604986367	0.9893062467249572	1.0
