/home/jshaw/scratch/2022_sketched_distance/references/SGB_genome_fastas_part2/4573/BackhedF_2015__SID585_M__bin.15.fa	/home/jshaw/scratch/2022_sketched_distance/references/SGB_genome_fastas_part2/4573/HeQ_2017__RSZAXPI003082-116__bin.8.fa	/home/jshaw/scratch/2022_sketched_distance/references/SGB_genome_fastas_part2/4573/HeQ_2017__SZAXPI029564-74__bin.33.fa	/home/jshaw/scratch/2022_sketched_distance/references/SGB_genome_fastas_part2/4573/HMP_2012__SRS043411__bin.21.fa	/home/jshaw/scratch/2022_sketched_distance/references/SGB_genome_fastas_part2/4573/IjazUZ_2017__S151_a_WGS__bin.15.fa	/home/jshaw/scratch/2022_sketched_distance/references/SGB_genome_fastas_part2/4573/IjazUZ_2017__S45_a_WGS__bin.8.fa	/home/jshaw/scratch/2022_sketched_distance/references/SGB_genome_fastas_part2/4573/KarlssonFH_2013__S347__bin.4.fa	/home/jshaw/scratch/2022_sketched_distance/references/SGB_genome_fastas_part2/4573/KarlssonFH_2013__S640__bin.13.fa	/home/jshaw/scratch/2022_sketched_distance/references/SGB_genome_fastas_part2/4573/LiJ_2014__MH0358__bin.15.fa	/home/jshaw/scratch/2022_sketched_distance/references/SGB_genome_fastas_part2/4573/LiJ_2014__O2.CD1-0-PT__bin.50.fa	/home/jshaw/scratch/2022_sketched_distance/references/SGB_genome_fastas_part2/4573/LiJ_2014__O2.CD3-0-PT__bin.58.fa	/home/jshaw/scratch/2022_sketched_distance/references/SGB_genome_fastas_part2/4573/LiJ_2014__V1.CD3-0-PN__bin.6.fa	/home/jshaw/scratch/2022_sketched_distance/references/SGB_genome_fastas_part2/4573/LiJ_2014__V1.CD48-0__bin.29.fa	/home/jshaw/scratch/2022_sketched_distance/references/SGB_genome_fastas_part2/4573/LiJ_2014__V1.UC38-4__bin.41.fa	/home/jshaw/scratch/2022_sketched_distance/references/SGB_genome_fastas_part2/4573/LoombaR_2017__SID1019_aas__bin.1.fa	/home/jshaw/scratch/2022_sketched_distance/references/SGB_genome_fastas_part2/4573/LoombaR_2017__SID1048_bav__bin.12.fa	/home/jshaw/scratch/2022_sketched_distance/references/SGB_genome_fastas_part2/4573/NielsenHB_2014__V1_CD21_0__bin.1.fa	/home/jshaw/scratch/2022_sketched_distance/references/SGB_genome_fastas_part2/4573/NielsenHB_2014__V1_CD6_4__bin.37.fa	/home/jshaw/scratch/2022_sketched_distance/references/SGB_genome_fastas_part2/4573/NielsenHB_2014__V1_UC32_0__bin.37.fa	/home/jshaw/scratch/2022_sketched_distance/references/SGB_genome_fastas_part2/4573/Obregon-TitoAJ_2015__NO05__bin.36.fa	/home/jshaw/scratch/2022_sketched_distance/references/SGB_genome_fastas_part2/4573/Obregon-TitoAJ_2015__NO10__bin.25.fa	/home/jshaw/scratch/2022_sketched_distance/references/SGB_genome_fastas_part2/4573/Obregon-TitoAJ_2015__NO12__bin.20.fa	/home/jshaw/scratch/2022_sketched_distance/references/SGB_genome_fastas_part2/4573/QinJ_2012__T2D-068__bin.33.fa	/home/jshaw/scratch/2022_sketched_distance/references/SGB_genome_fastas_part2/4573/SchirmerM_2016__G88887__bin.20.fa	/home/jshaw/scratch/2022_sketched_distance/references/SGB_genome_fastas_part2/4573/SchirmerM_2016__G89000__bin.6.fa	/home/jshaw/scratch/2022_sketched_distance/references/SGB_genome_fastas_part2/4573/VincentC_2016__MM104__bin.7.fa	/home/jshaw/scratch/2022_sketched_distance/references/SGB_genome_fastas_part2/4573/VogtmannE_2016__MMRS40913371ST-27-0-0__bin.15.fa	/home/jshaw/scratch/2022_sketched_distance/references/SGB_genome_fastas_part2/4573/XieH_2016__YSZC12003_36697__bin.51.fa	/home/jshaw/scratch/2022_sketched_distance/references/SGB_genome_fastas_part2/4573/XieH_2016__YSZC12003_37179__bin.24.fa	/home/jshaw/scratch/2022_sketched_distance/references/SGB_genome_fastas_part2/4573/YuJ_2015__SZAXPI015237-23__bin.30.fa	/home/jshaw/scratch/2022_sketched_distance/references/SGB_genome_fastas_part2/4573/YuJ_2015__SZAXPI017582-94__bin.3.fa	/home/jshaw/scratch/2022_sketched_distance/references/SGB_genome_fastas_part2/4573/ZeeviD_2015__PNP_Main_155__bin.42.fa	/home/jshaw/scratch/2022_sketched_distance/references/SGB_genome_fastas_part2/4573/ZeeviD_2015__PNP_Main_398__bin.8.fa	/home/jshaw/scratch/2022_sketched_distance/references/SGB_genome_fastas_part2/4573/ZellerG_2014__CCIS95097901ST-4-0__bin.47.fa
1.0	0.9750313142145526	0.9757375911742847	0.9710371454889998	0.9792171002760167	0.979917804311714	0.9761685515845908	0.979185999721985	0.9747143479368111	0.9781030052140354	0.9822811051016657	0.9719281871885217	0.9796841384626839	0.9738284511747519	0.9789011900155876	0.9761695164095933	0.9777872741033471	0.9746897101062357	0.9801651114428359	0.9726472107716548	0.976698084671547	0.9780760678128438	0.9789157450812268	0.9768001785598985	0.9768587060064624	0.9779737962971573	0.9801456137686365	0.978713962116475	0.9817123778146343	0.9781279118298426	0.9802695290251968	0.9773771693892382	0.969124252266105	0.9751320666813066
0.9750313142145526	1.0	0.9847793382070549	0.9760594914209293	0.9846052886017126	0.9839704435160206	0.9798600998864702	0.9857050893499851	0.9808515488641655	0.9789482673742914	0.9860485312532368	0.9757568548930743	0.9848637511593846	0.9756337305103918	0.9870186944018731	0.9837819892765058	0.9868236510600543	0.9824827751092612	0.9802552420826884	0.9726398120222907	0.9825773234318915	0.984529028666638	0.9853499350549649	0.9812874571413894	0.9844653510638853	0.9791783313156894	0.9863176779494123	0.987434683216035	0.9845891152480869	0.9855554696127732	0.9863933933515006	0.9855674419796896	0.9723287339059472	0.9803463416138197
0.9757375911742847	0.9847793382070549	1.0	0.9761575402812116	0.9852629627081365	0.9837128656819026	0.9782704275681491	0.9860530138089354	0.9814700086038304	0.9793803824871599	0.9864568382138972	0.9748794672650675	0.9853354812052265	0.9765215775236935	0.9877241851121601	0.9842854182006335	0.9865073050252662	0.9823516630847646	0.980697175091569	0.9729182967648737	0.9824642743534618	0.9848069732614821	0.9866587857864598	0.9813490817763687	0.9853352504101561	0.9792771223729562	0.9867309208429077	0.9865726467538501	0.9847974447779643	0.9862505969367773	0.9870431965990096	0.9860356781854941	0.971216465445542	0.9795120628377625
0.9710371454889998	0.9760594914209293	0.9761575402812116	1.0	0.9782474774140308	0.9767600278352293	0.9725757839509914	0.9769174340426735	0.9730104582349353	0.9697235555499584	0.9788239894363274	0.971382669774926	0.9784481833735895	0.9695138573648285	0.9790542824594191	0.9757117855288213	0.978258516896804	0.9747645181577953	0.972410314878868	0.9669476831406051	0.9746228357248554	0.977972102316257	0.9782112262286184	0.9737973577141301	0.9763145536368388	0.9726826559327498	0.978294323170311	0.978165772414943	0.9780548545800726	0.97722632117168	0.9789867313065178	0.9779169426855372	0.9631333240481409	0.9721012314595051
0.9792171002760167	0.9846052886017126	0.9852629627081365	0.9782474774140308	1.0	0.9875001946927974	0.9820928698120668	0.9879185456236149	0.9837896711323825	0.9823306704533069	0.989003264200482	0.979519878348747	0.9881427230170442	0.9792740948743549	0.9880676111667325	0.9862014493547012	0.9885132530218683	0.9850656825008222	0.9827780461460551	0.9754989919185976	0.9842795691724252	0.987967441626501	0.9864343481630732	0.9829671909718104	0.9878102622092484	0.98215297495334	0.989104128121902	0.9878041202784797	0.9878839238142437	0.9862647474885406	0.9876040132514347	0.9870719098391373	0.9755772405711126	0.983048843081514
0.979917804311714	0.9839704435160206	0.9837128656819026	0.9767600278352293	0.9875001946927974	1.0	0.9805640094578546	0.9863119469100662	0.9816180141999211	0.9792671559082728	0.9883944198213038	0.9788457435091404	0.9924095414860603	0.9789421327686149	0.986991554566923	0.9871318536652218	0.9865904524621113	0.985727952044376	0.982030101733475	0.9739959575255441	0.9856924864435649	0.9871820936615825	0.9845517613480265	0.9827145893519833	0.9853560720163319	0.981852184681726	0.9860186298049531	0.9873779404432405	0.9913271195440017	0.9851479370153986	0.9855485565095432	0.9855307535910085	0.9720782047105961	0.9835031290420151
0.9761685515845908	0.9798600998864702	0.9782704275681491	0.9725757839509914	0.9820928698120668	0.9805640094578546	1.0	0.9829282531639584	0.977797652025112	0.9755059207480686	0.9818024783604722	0.9755358725439016	0.9807172617931582	0.9729871642704314	0.9820246898736665	0.9800454451546328	0.9817176616780078	0.9803357073410873	0.9785432667331198	0.9691574437491727	0.9778687115908357	0.98179294811463	0.9791721377853522	0.9757623662387958	0.9816844578854479	0.9762101500755449	0.9829014513173308	0.9820868760343932	0.9806276893965994	0.9800226812605681	0.9808624238815817	0.9801393111025898	0.9700223407122112	0.9767943827165644
0.979185999721985	0.9857050893499851	0.9860530138089354	0.9769174340426735	0.9879185456236149	0.9863119469100662	0.9829282531639584	1.0	0.9868626559689374	0.9830355525337449	0.9887509625435565	0.9785150116741882	0.9875621514011483	0.9794485123824642	0.9884986740022974	0.9854889020887395	0.9883446942747219	0.9846255148829629	0.9840631449570505	0.9745308602076848	0.9845022013338394	0.9867016352064761	0.9869903898890781	0.9828686195752104	0.9896282498305958	0.9818422348559355	0.9887050849694589	0.9893241846786012	0.9873957188505713	0.9868113878354179	0.9879453156436976	0.9866512015699302	0.9744613242361544	0.9825456428914826
0.9747143479368111	0.9808515488641655	0.9814700086038304	0.9730104582349353	0.9837896711323825	0.9816180141999211	0.977797652025112	0.9868626559689374	1.0	0.9801396214833542	0.9840072138293289	0.9742227557580645	0.9831139236479871	0.9756914741566958	0.9840456929733856	0.9813921743483989	0.983977780350959	0.9797291834425982	0.9791165132125238	0.9704724911983736	0.9806811017218386	0.9832962619020887	0.9830344444928416	0.9796896647208299	0.9860963202127169	0.9783742199801876	0.9846416064995482	0.9842929847340474	0.9830525476741296	0.9824703640215303	0.9835722120769412	0.9823090805354477	0.9698790038806409	0.9791826130566134
0.9781030052140354	0.9789482673742914	0.9793803824871599	0.9697235555499584	0.9823306704533069	0.9792671559082728	0.9755059207480686	0.9830355525337449	0.9801396214833542	1.0	0.9816120703404276	0.9754652181515118	0.9815293502421887	0.9749365444280542	0.9808462084531333	0.9780963691902864	0.9805439915996141	0.9771942886430182	0.9850353709696497	0.9727407349832052	0.9790039449322123	0.9803192723727633	0.9809352760203394	0.9786489841006094	0.9832408362360826	0.9775368337633569	0.9835214739477725	0.9814034276140771	0.9817764110239181	0.9800020986963347	0.9818382932039542	0.9797366887888759	0.9736319721991762	0.9747967807265016
0.9822811051016657	0.9860485312532368	0.9864568382138972	0.9788239894363274	0.989003264200482	0.9883944198213038	0.9818024783604722	0.9887509625435565	0.9840072138293289	0.9816120703404276	1.0	0.978627603146719	0.9900024203033511	0.9819987116401001	0.9892562489670478	0.9864168603968406	0.9886878129944602	0.9862726603435273	0.9857903077543427	0.9769840878428147	0.9852613972582358	0.9903353947412432	0.9886813220221787	0.9855476309414982	0.9877547622640749	0.988580065698632	0.9902416138618962	0.9891210090382356	0.9902438103202377	0.9883931477984133	0.9893620544487001	0.9882088503733562	0.9762110128452792	0.9827708898930093
0.9719281871885217	0.9757568548930743	0.9748794672650675	0.971382669774926	0.979519878348747	0.9788457435091404	0.9755358725439016	0.9785150116741882	0.9742227557580645	0.9754652181515118	0.978627603146719	1.0	0.97877927246092	0.9707120654929084	0.9780673176989542	0.9753353592754639	0.9772270576449592	0.9751145489287244	0.9750615216796644	0.9697059294479612	0.9785589604400865	0.978445760391457	0.9756296424146468	0.9724952897281974	0.9787464109633895	0.9723120828982026	0.9786859685884456	0.9783030350795704	0.9787871922688894	0.9767588114167937	0.9774635115521841	0.9773104316922003	0.9711723157430151	0.9738944517088164
0.9796841384626839	0.9848637511593846	0.9853354812052265	0.9784481833735895	0.9881427230170442	0.9924095414860603	0.9807172617931582	0.9875621514011483	0.9831139236479871	0.9815293502421887	0.9900024203033511	0.97877927246092	1.0	0.9805016816650735	0.9884493010207508	0.9886449487026693	0.9877866569588568	0.9867412875317275	0.9848032749646775	0.9753539916886435	0.9876232327047199	0.9895341885122183	0.9866930101374713	0.9855715787053682	0.9869617005402195	0.9826159008506763	0.9881154282256184	0.9881859702830575	0.9932280854416264	0.9874282488571483	0.9879952989646266	0.9870355768484181	0.9734023507063543	0.9844089993735726
0.9738284511747519	0.9756337305103918	0.9765215775236935	0.9695138573648285	0.9792740948743549	0.9789421327686149	0.9729871642704314	0.9794485123824642	0.9756914741566958	0.9749365444280542	0.9819987116401001	0.9707120654929084	0.9805016816650735	1.0	0.9794148977517588	0.9779365630883482	0.9787036848129375	0.9789961114592537	0.9785169927811729	0.9707407797972711	0.9781846150384313	0.9811014525032213	0.9780638782437678	0.9776218301158779	0.9778368672688182	0.9782859524618995	0.9806964027925053	0.9793625931144199	0.9809686807664844	0.9783173317056932	0.980055221397204	0.9773808043436213	0.9710174849255103	0.9753005076771017
0.9789011900155876	0.9870186944018731	0.9877241851121601	0.9790542824594191	0.9880676111667325	0.986991554566923	0.9820246898736665	0.9884986740022974	0.9840456929733856	0.9808462084531333	0.9892562489670478	0.9780673176989542	0.9884493010207508	0.9794148977517588	1.0	0.9868020966092638	0.9909942920571151	0.9849862546831337	0.9833621867854645	0.9744526890655582	0.9856576244275284	0.9883476986101711	0.9886180413675335	0.9837787490120098	0.9870125784153625	0.9830038728440514	0.9905044281796016	0.9907976793997101	0.9882793039214152	0.988541794697834	0.9894045671364693	0.9887774736914963	0.9735461991573853	0.983248780197
0.9761695164095933	0.9837819892765058	0.9842854182006335	0.9757117855288213	0.9862014493547012	0.9871318536652218	0.9800454451546328	0.9854889020887395	0.9813921743483989	0.9780963691902864	0.9864168603968406	0.9753353592754639	0.9886449487026693	0.9779365630883482	0.9868020966092638	1.0	0.986567120750076	0.9849942958761881	0.9799705660288174	0.9718899101682902	0.9855464370179868	0.9864821393903908	0.9845707586087169	0.9825524567311864	0.9844996765234183	0.9791755684144342	0.9857554635091332	0.987123574590156	0.9878127769002147	0.9853161352727836	0.9855145046113496	0.9852043486299533	0.9706442936922324	0.9829549941616228
0.9777872741033471	0.9868236510600543	0.9865073050252662	0.978258516896804	0.9885132530218683	0.9865904524621113	0.9817176616780078	0.9883446942747219	0.983977780350959	0.9805439915996141	0.9886878129944602	0.9772270576449592	0.9877866569588568	0.9787036848129375	0.9909942920571151	0.986567120750076	1.0	0.9841134507414917	0.9827027325535782	0.9733472514741058	0.9847168511045058	0.9868950039237501	0.9885227260633911	0.9838875366722643	0.986659627937535	0.982023949946891	0.9896563408086599	0.9903077775890705	0.9873484626974203	0.9882436495362044	0.9891778218872986	0.9884029683462335	0.9736190091160296	0.9832307594341475
0.9746897101062357	0.9824827751092612	0.9823516630847646	0.9747645181577953	0.9850656825008222	0.985727952044376	0.9803357073410873	0.9846255148829629	0.9797291834425982	0.9771942886430182	0.9862726603435273	0.9751145489287244	0.9867412875317275	0.9789961114592537	0.9849862546831337	0.9849942958761881	0.9841134507414917	1.0	0.9786792713381693	0.9706304644868605	0.9815346896602165	0.9870314316264921	0.9826521311606137	0.9802831764755815	0.9837208178748629	0.9795920021969331	0.9850862559082263	0.9849670805080316	0.9859663768211187	0.9827481725656093	0.983427999971188	0.9833083979507973	0.970293181883303	0.980622151088384
0.9801651114428359	0.9802552420826884	0.980697175091569	0.972410314878868	0.9827780461460551	0.982030101733475	0.9785432667331198	0.9840631449570505	0.9791165132125238	0.9850353709696497	0.9857903077543427	0.9750615216796644	0.9848032749646775	0.9785169927811729	0.9833621867854645	0.9799705660288174	0.9827027325535782	0.9786792713381693	1.0	0.9743560849500061	0.9811860234712582	0.9834522078732771	0.9823294769085522	0.9801860588263561	0.982159164240936	0.9798219600514873	0.9853377000237858	0.9834968815813434	0.9839958184247793	0.983458559932228	0.9839220929975999	0.9830252448465541	0.9736678244831048	0.9768832893878061
0.9726472107716548	0.9726398120222907	0.9729182967648737	0.9669476831406051	0.9754989919185976	0.9739959575255441	0.9691574437491727	0.9745308602076848	0.9704724911983736	0.9727407349832052	0.9769840878428147	0.9697059294479612	0.9753539916886435	0.9707407797972711	0.9744526890655582	0.9718899101682902	0.9733472514741058	0.9706304644868605	0.9743560849500061	1.0	0.9739689820586007	0.9746417708767892	0.9745565709237194	0.9750010950896592	0.9747639749442735	0.974515877545942	0.9757117855288213	0.9752433839168841	0.9765780862843919	0.9747543691233111	0.977022390536627	0.9738920938753959	0.9684801925165174	0.9694245296798689
0.976698084671547	0.9825773234318915	0.9824642743534618	0.9746228357248554	0.9842795691724252	0.9856924864435649	0.9778687115908357	0.9845022013338394	0.9806811017218386	0.9790039449322123	0.9852613972582358	0.9785589604400865	0.9876232327047199	0.9781846150384313	0.9856576244275284	0.9855464370179868	0.9847168511045058	0.9815346896602165	0.9811860234712582	0.9739689820586007	1.0	0.9850275231257593	0.9842439187433426	0.981806281013982	0.9835584358249486	0.9786724585125405	0.9846697059456903	0.9853067985716242	0.9875309277422974	0.9836373913827249	0.9845308805799265	0.9840816784959695	0.9727848552114244	0.9826513198150238
0.9780760678128438	0.984529028666638	0.9848069732614821	0.977972102316257	0.987967441626501	0.9871820936615825	0.98179294811463	0.9867016352064761	0.9832962619020887	0.9803192723727633	0.9903353947412432	0.978445760391457	0.9895341885122183	0.9811014525032213	0.9883476986101711	0.9864821393903908	0.9868950039237501	0.9870314316264921	0.9834522078732771	0.9746417708767892	0.9850275231257593	1.0	0.985626520138538	0.982933534316251	0.9867819939340072	0.9840089204865765	0.9881955804761919	0.9874213903566297	0.9889144912608788	0.9861727004554345	0.9869905311109568	0.9870412084941208	0.9731591477026351	0.9822975473373585
0.9789157450812268	0.9853499350549649	0.9866587857864598	0.9782112262286184	0.9864343481630732	0.9845517613480265	0.9791721377853522	0.9869903898890781	0.9830344444928416	0.9809352760203394	0.9886813220221787	0.9756296424146468	0.9866930101374713	0.9780638782437678	0.9886180413675335	0.9845707586087169	0.9885227260633911	0.9826521311606137	0.9823294769085522	0.9745565709237194	0.9842439187433426	0.985626520138538	1.0	0.9843201875290306	0.9859438247386846	0.9819279234230478	0.9885456275088746	0.9888394831249955	0.987214448038837	0.9882495914445051	0.9899643419191148	0.9870056455892898	0.9741419034114008	0.9807253081263821
0.9768001785598985	0.9812874571413894	0.9813490817763687	0.9737973577141301	0.9829671909718104	0.9827145893519833	0.9757623662387958	0.9828686195752104	0.9796896647208299	0.9786489841006094	0.9855476309414982	0.9724952897281974	0.9855715787053682	0.9776218301158779	0.9837787490120098	0.9825524567311864	0.9838875366722643	0.9802831764755815	0.9801860588263561	0.9750010950896592	0.981806281013982	0.982933534316251	0.9843201875290306	1.0	0.9821505684234579	0.9808446906995922	0.984161299471137	0.984448188677392	0.9859087310849871	0.9835801051830867	0.9854354270371039	0.982665164670308	0.9712137888114503	0.982171339782224
0.9768587060064624	0.9844653510638853	0.9853352504101561	0.9763145536368388	0.9878102622092484	0.9853560720163319	0.9816844578854479	0.9896282498305958	0.9860963202127169	0.9832408362360826	0.9877547622640749	0.9787464109633895	0.9869617005402195	0.9778368672688182	0.9870125784153625	0.9844996765234183	0.986659627937535	0.9837208178748629	0.982159164240936	0.9747639749442735	0.9835584358249486	0.9867819939340072	0.9859438247386846	0.9821505684234579	1.0	0.9816064598586489	0.9883347133244107	0.9870195491336345	0.9862713192278826	0.9858116742969555	0.9869151339948345	0.9861502161084962	0.97449762476415	0.9817428031064841
0.9779737962971573	0.9791783313156894	0.9792771223729562	0.9726826559327498	0.98215297495334	0.981852184681726	0.9762101500755449	0.9818422348559355	0.9783742199801876	0.9775368337633569	0.988580065698632	0.9723120828982026	0.9826159008506763	0.9782859524618995	0.9830038728440514	0.9791755684144342	0.982023949946891	0.9795920021969331	0.9798219600514873	0.974515877545942	0.9786724585125405	0.9840089204865765	0.9819279234230478	0.9808446906995922	0.9816064598586489	1.0	0.9839327774099499	0.9825451113560234	0.9836384416284656	0.9811885012944248	0.9833207323056931	0.9810378534441173	0.9731536280183735	0.9772700229306107
0.9801456137686365	0.9863176779494123	0.9867309208429077	0.978294323170311	0.989104128121902	0.9860186298049531	0.9829014513173308	0.9887050849694589	0.9846416064995482	0.9835214739477725	0.9902416138618962	0.9786859685884456	0.9881154282256184	0.9806964027925053	0.9905044281796016	0.9857554635091332	0.9896563408086599	0.9850862559082263	0.9853377000237858	0.9757117855288213	0.9846697059456903	0.9881955804761919	0.9885456275088746	0.984161299471137	0.9883347133244107	0.9839327774099499	1.0	0.9895671362649296	0.9884590579420915	0.9876834079666061	0.9894356268009988	0.988284659078362	0.9766048855304355	0.9825301386250263
0.978713962116475	0.987434683216035	0.9865726467538501	0.978165772414943	0.9878041202784797	0.9873779404432405	0.9820868760343932	0.9893241846786012	0.9842929847340474	0.9814034276140771	0.9891210090382356	0.9783030350795704	0.9881859702830575	0.9793625931144199	0.9907976793997101	0.987123574590156	0.9903077775890705	0.9849670805080316	0.9834968815813434	0.9752433839168841	0.9853067985716242	0.9874213903566297	0.9888394831249955	0.984448188677392	0.9870195491336345	0.9825451113560234	0.9895671362649296	1.0	0.9882248336825549	0.9891252570011788	0.9893555627652508	0.9879302271796965	0.9740645684218209	0.9833157670497997
0.9817123778146343	0.9845891152480869	0.9847974447779643	0.9780548545800726	0.9878839238142437	0.9913271195440017	0.9806276893965994	0.9873957188505713	0.9830525476741296	0.9817764110239181	0.9902438103202377	0.9787871922688894	0.9932280854416264	0.9809686807664844	0.9882793039214152	0.9878127769002147	0.9873484626974203	0.9859663768211187	0.9839958184247793	0.9765780862843919	0.9875309277422974	0.9889144912608788	0.987214448038837	0.9859087310849871	0.9862713192278826	0.9836384416284656	0.9884590579420915	0.9882248336825549	1.0	0.9863066331623879	0.9878622817178841	0.9866631806274064	0.9750310855688341	0.9846384299112841
0.9781279118298426	0.9855554696127732	0.9862505969367773	0.97722632117168	0.9862647474885406	0.9851479370153986	0.9800226812605681	0.9868113878354179	0.9824703640215303	0.9800020986963347	0.9883931477984133	0.9767588114167937	0.9874282488571483	0.9783173317056932	0.988541794697834	0.9853161352727836	0.9882436495362044	0.9827481725656093	0.983458559932228	0.9747543691233111	0.9836373913827249	0.9861727004554345	0.9882495914445051	0.9835801051830867	0.9858116742969555	0.9811885012944248	0.9876834079666061	0.9891252570011788	0.9863066331623879	1.0	0.9961642902496253	0.9874222206138258	0.973296331130263	0.9824144983089066
0.9802695290251968	0.9863933933515006	0.9870431965990096	0.9789867313065178	0.9876040132514347	0.9855485565095432	0.9808624238815817	0.9879453156436976	0.9835722120769412	0.9818382932039542	0.9893620544487001	0.9774635115521841	0.9879952989646266	0.980055221397204	0.9894045671364693	0.9855145046113496	0.9891778218872986	0.983427999971188	0.9839220929975999	0.977022390536627	0.9845308805799265	0.9869905311109568	0.9899643419191148	0.9854354270371039	0.9869151339948345	0.9833207323056931	0.9894356268009988	0.9893555627652508	0.9878622817178841	0.9961642902496253	1.0	0.9877902623666331	0.9745914074723497	0.982763297469476
0.9773771693892382	0.9855674419796896	0.9860356781854941	0.9779169426855372	0.9870719098391373	0.9855307535910085	0.9801393111025898	0.9866512015699302	0.9823090805354477	0.9797366887888759	0.9882088503733562	0.9773104316922003	0.9870355768484181	0.9773808043436213	0.9887774736914963	0.9852043486299533	0.9884029683462335	0.9833083979507973	0.9830252448465541	0.9738920938753959	0.9840816784959695	0.9870412084941208	0.9870056455892898	0.982665164670308	0.9861502161084962	0.9810378534441173	0.988284659078362	0.9879302271796965	0.9866631806274064	0.9874222206138258	0.9877902623666331	1.0	0.9729072488656149	0.9808351425804335
0.969124252266105	0.9723287339059472	0.971216465445542	0.9631333240481409	0.9755772405711126	0.9720782047105961	0.9700223407122112	0.9744613242361544	0.9698790038806409	0.9736319721991762	0.9762110128452792	0.9711723157430151	0.9734023507063543	0.9710174849255103	0.9735461991573853	0.9706442936922324	0.9736190091160296	0.970293181883303	0.9736678244831048	0.9684801925165174	0.9727848552114244	0.9731591477026351	0.9741419034114008	0.9712137888114503	0.97449762476415	0.9731536280183735	0.9766048855304355	0.9740645684218209	0.9750310855688341	0.973296331130263	0.9745914074723497	0.9729072488656149	1.0	0.9695207690213712
0.9751320666813066	0.9803463416138197	0.9795120628377625	0.9721012314595051	0.983048843081514	0.9835031290420151	0.9767943827165644	0.9825456428914826	0.9791826130566134	0.9747967807265016	0.9827708898930093	0.9738944517088164	0.9844089993735726	0.9753005076771017	0.983248780197	0.9829549941616228	0.9832307594341475	0.980622151088384	0.9768832893878061	0.9694245296798689	0.9826513198150238	0.9822975473373585	0.9807253081263821	0.982171339782224	0.9817428031064841	0.9772700229306107	0.9825301386250263	0.9833157670497997	0.9846384299112841	0.9824144983089066	0.982763297469476	0.9808351425804335	0.9695207690213712	1.0
