/home/jshaw/scratch/2022_sketched_distance/references/SGB_genome_fastas_part4/8005/BackhedF_2015__SID105_4M__bin.4.fa	/home/jshaw/scratch/2022_sketched_distance/references/SGB_genome_fastas_part4/8005/BackhedF_2015__SID128_4M__bin.17.fa	/home/jshaw/scratch/2022_sketched_distance/references/SGB_genome_fastas_part4/8005/BackhedF_2015__SID195_4M__bin.11.fa	/home/jshaw/scratch/2022_sketched_distance/references/SGB_genome_fastas_part4/8005/BackhedF_2015__SID201_4M__bin.1.fa	/home/jshaw/scratch/2022_sketched_distance/references/SGB_genome_fastas_part4/8005/BackhedF_2015__SID201_B__bin.11.fa	/home/jshaw/scratch/2022_sketched_distance/references/SGB_genome_fastas_part4/8005/BackhedF_2015__SID203_4M__bin.7.fa	/home/jshaw/scratch/2022_sketched_distance/references/SGB_genome_fastas_part4/8005/BackhedF_2015__SID335_4M__bin.10.fa	/home/jshaw/scratch/2022_sketched_distance/references/SGB_genome_fastas_part4/8005/BackhedF_2015__SID338_4M__bin.10.fa	/home/jshaw/scratch/2022_sketched_distance/references/SGB_genome_fastas_part4/8005/BackhedF_2015__SID385_4M__bin.1.fa	/home/jshaw/scratch/2022_sketched_distance/references/SGB_genome_fastas_part4/8005/BackhedF_2015__SID536_4M__bin.5.fa	/home/jshaw/scratch/2022_sketched_distance/references/SGB_genome_fastas_part4/8005/BackhedF_2015__SID589_12M__bin.29.fa	/home/jshaw/scratch/2022_sketched_distance/references/SGB_genome_fastas_part4/8005/BackhedF_2015__SID589_B__bin.7.fa	/home/jshaw/scratch/2022_sketched_distance/references/SGB_genome_fastas_part4/8005/BackhedF_2015__SID599_4M__bin.4.fa	/home/jshaw/scratch/2022_sketched_distance/references/SGB_genome_fastas_part4/8005/BackhedF_2015__SID624_4M__bin.6.fa	/home/jshaw/scratch/2022_sketched_distance/references/SGB_genome_fastas_part4/8005/BackhedF_2015__SID633_4M__bin.19.fa	/home/jshaw/scratch/2022_sketched_distance/references/SGB_genome_fastas_part4/8005/BackhedF_2015__SID9_4M__bin.3.fa	/home/jshaw/scratch/2022_sketched_distance/references/SGB_genome_fastas_part4/8005/FerrettiP_2018__CA_C10009IS2149FE_t5M16__bin.5.fa	/home/jshaw/scratch/2022_sketched_distance/references/SGB_genome_fastas_part4/8005/FerrettiP_2018__CA_C10020IS2345FE_t5M16__bin.3.fa	/home/jshaw/scratch/2022_sketched_distance/references/SGB_genome_fastas_part4/8005/FerrettiP_2018__CA_C10020IS2347FE_t4M15__bin.14.fa	/home/jshaw/scratch/2022_sketched_distance/references/SGB_genome_fastas_part4/8005/FerrettiP_2018__CA_C10023IS2401FE_t5M16__bin.5.fa	/home/jshaw/scratch/2022_sketched_distance/references/SGB_genome_fastas_part4/8005/FerrettiP_2018__CA_C10035IS2913FE_t4M16__bin.8.fa	/home/jshaw/scratch/2022_sketched_distance/references/SGB_genome_fastas_part4/8005/KosticAD_2015__PRJNA231909.3104913__bin.9.fa	/home/jshaw/scratch/2022_sketched_distance/references/SGB_genome_fastas_part4/8005/KosticAD_2015__PRJNA231909.3105379__bin.12.fa	/home/jshaw/scratch/2022_sketched_distance/references/SGB_genome_fastas_part4/8005/LiuW_2016__SRR3993045__bin.26.fa	/home/jshaw/scratch/2022_sketched_distance/references/SGB_genome_fastas_part4/8005/Obregon-TitoAJ_2015__SM05__bin.25.fa	/home/jshaw/scratch/2022_sketched_distance/references/SGB_genome_fastas_part4/8005/VatanenT_2016__G80574__bin.3.fa
1.0	0.9748806249518627	0.9785094446462574	0.9780972767900309	0.9783901485982733	0.9784012785730212	0.9774185853953189	0.976685787097765	0.9786098574387261	0.9758856749855469	0.9791062514839893	0.9716025782799965	0.970720905330094	0.9753290157921802	0.9718061679618716	0.9724496101555833	0.9707112096292076	0.9701942740911605	0.9691306632143427	0.9710506463990279	0.966662010739901	0.974477895026579	0.9769458340709587	0.9707491982003015	0.9684435598657986	0.9756019864009384
0.9748806249518627	1.0	0.9793402035731887	0.9835010727791424	0.981573371773162	0.9808151804052239	0.9818673793442079	0.9826451586174063	0.9834303778553338	0.9951108034749278	0.9837655227712486	0.9767541275026673	0.976115254440827	0.9937262029758213	0.9758818216304691	0.9774827937689935	0.9763200790803419	0.9756280066186244	0.9761789410649343	0.9754707652584942	0.9724364996639744	0.9786702457382807	0.9830490539879326	0.9777596676572493	0.974913237467083	0.9811357216151955
0.9785094446462574	0.9793402035731887	1.0	0.9816712245779737	0.9774694864025621	0.9782802488981948	0.9802868286555846	0.9795392358837353	0.9809624624606059	0.9791509647148475	0.9814260674251954	0.9725047074666899	0.9775724183196389	0.9775907605158646	0.9704419597976036	0.9757881671168593	0.9736745614584938	0.9760689312981674	0.9752473976711774	0.976941186738292	0.9677272191597359	0.9725120037846254	0.9802086418474076	0.9755612214735296	0.9718231781147183	0.978746037656065
0.9780972767900309	0.9835010727791424	0.9816712245779737	1.0	0.9933501850288691	0.9809485525665657	0.9825178410570016	0.9826056749916726	0.9849560828787787	0.9844057747835251	0.9854035083279419	0.9774386352040764	0.9777674504345072	0.9830355848538851	0.9750418154208077	0.9780647258710091	0.9772891728833052	0.9779631033951199	0.9783719585424107	0.9782608458411003	0.9723258361638782	0.9783383987107984	0.984777554937878	0.9784582651439606	0.9751879970826838	0.982660478862364
0.9783901485982733	0.981573371773162	0.9774694864025621	0.9933501850288691	1.0	0.9846342525442457	0.9817937027414761	0.9804625989844615	0.9815179976834946	0.982047170758803	0.9824893318672793	0.977515768918756	0.9760956345594415	0.9821680444490087	0.9805482556505785	0.9785825866641773	0.977463125562947	0.976204926409667	0.9767922996388201	0.9743134963239994	0.9750482052243542	0.9841071775483077	0.9823708483203865	0.9756924974658353	0.9763404704860343	0.9807789569639311
0.9784012785730212	0.9808151804052239	0.9782802488981948	0.9809485525665657	0.9846342525442457	1.0	0.9826480310152388	0.9828898406359127	0.9837417662386233	0.9813433850532891	0.9878689637593312	0.9764451425983385	0.9757263080150234	0.980670818806743	0.9795772822466632	0.9791917792764661	0.9767770160314603	0.9754337621322725	0.9764964818432141	0.973712860853586	0.9731584975560379	0.9815743752081092	0.9811593214821613	0.9760988451947148	0.9757338472669221	0.9814372631692031
0.9774185853953189	0.9818673793442079	0.9802868286555846	0.9825178410570016	0.9817937027414761	0.9826480310152388	1.0	0.9851712200783935	0.9836567776983505	0.9820927995165403	0.9851255216833849	0.9765921893182845	0.977242128487007	0.9816274050908809	0.976367989585159	0.9910237370270012	0.9773648326464763	0.977260211750592	0.9777957990635574	0.9750702053832396	0.973496295001094	0.9787306840159589	0.9826092273487967	0.9779058735555044	0.9760911180106046	0.983152053639401
0.976685787097765	0.9826451586174063	0.9795392358837353	0.9826056749916726	0.9804625989844615	0.9828898406359127	0.9851712200783935	1.0	0.9843854205964262	0.9835056496879995	0.9863311194467416	0.9766866119864966	0.9770256183631787	0.9827180938217809	0.9758562092629935	0.9811333612055716	0.9772933449234293	0.977193170240593	0.9774222957504242	0.9763696180292308	0.9732483156722125	0.9775449461128313	0.9824917954876302	0.9774171196745445	0.975757718643736	0.9829939396647078
0.9786098574387261	0.9834303778553338	0.9809624624606059	0.9849560828787787	0.9815179976834946	0.9837417662386233	0.9836567776983505	0.9843854205964262	1.0	0.9842313803243591	0.988945084424153	0.9776127720128432	0.9780871602548952	0.9832354691422639	0.9865234213244801	0.9784839199135722	0.9766484718251597	0.9775270773295873	0.978551603163057	0.9769703197514328	0.9714940304313708	0.9776384688192779	0.9847680792753073	0.9789162788905587	0.9749405046154085	0.9831427119823767
0.9758856749855469	0.9951108034749278	0.9791509647148475	0.9844057747835251	0.982047170758803	0.9813433850532891	0.9820927995165403	0.9835056496879995	0.9842313803243591	1.0	0.9849000177562977	0.9765349440959991	0.9764740486667828	0.9933142318289244	0.9758923492694553	0.9773666109965378	0.9762718379404369	0.9760356847625744	0.9765075303786411	0.9763440505163782	0.9719269232040921	0.9786471552159483	0.9835590488094922	0.9781410915404345	0.974893834002051	0.98195560670123
0.9791062514839893	0.9837655227712486	0.9814260674251954	0.9854035083279419	0.9824893318672793	0.9878689637593312	0.9851255216833849	0.9863311194467416	0.988945084424153	0.9849000177562977	1.0	0.9778885363354327	0.9787310417455688	0.9827903169771088	0.9778585274787426	0.9795505827634267	0.9779650321906571	0.9789459428581729	0.9796941292426009	0.9779460940312777	0.9725280302524556	0.978909600916366	0.984828175980809	0.9794737263340286	0.9773906009797461	0.9853808514918366
0.9716025782799965	0.9767541275026673	0.9725047074666899	0.9774386352040764	0.977515768918756	0.9764451425983385	0.9765921893182845	0.9766866119864966	0.9776127720128432	0.9765349440959991	0.9778885363354327	1.0	0.9820759766149588	0.9760406116230108	0.9721105198609279	0.9736156852044359	0.9839419198089412	0.9810379876135371	0.9822381576521985	0.9819423295496664	0.9800940339710312	0.9747450888725481	0.977262269223969	0.97550885227195	0.9739096038022307	0.976298998854592
0.970720905330094	0.976115254440827	0.9775724183196389	0.9777674504345072	0.9760956345594415	0.9757263080150234	0.977242128487007	0.9770256183631787	0.9780871602548952	0.9764740486667828	0.9787310417455688	0.9820759766149588	1.0	0.9750310086787621	0.9703891747255708	0.9729742678193727	0.9861259054793804	0.9929717380825152	0.9929400921439001	0.985851415935097	0.9796180790394259	0.9716537548186628	0.9766045528643548	0.9740880506753963	0.9728126233351623	0.9786285939864217
0.9753290157921802	0.9937262029758213	0.9775907605158646	0.9830355848538851	0.9821680444490087	0.980670818806743	0.9816274050908809	0.9827180938217809	0.9832354691422639	0.9933142318289244	0.9827903169771088	0.9760406116230108	0.9750310086787621	1.0	0.9771607751581503	0.9785029137785485	0.975810959271642	0.974717337384898	0.9757036130706411	0.9744286678545581	0.9720732647285288	0.9792337420968579	0.9824404536423742	0.9766119330685202	0.9755951226868115	0.9810703819635425
0.9718061679618716	0.9758818216304691	0.9704419597976036	0.9750418154208077	0.9805482556505785	0.9795772822466632	0.976367989585159	0.9758562092629935	0.9865234213244801	0.9758923492694553	0.9778585274787426	0.9721105198609279	0.9703891747255708	0.9771607751581503	1.0	0.9758574024399402	0.9716297864900793	0.9690765413334386	0.9703142498087001	0.9662646422871317	0.9720959175168211	0.9817951031583187	0.9738532765243352	0.969219423634173	0.9716958609632264	0.9749515628539182
0.9724496101555833	0.9774827937689935	0.9757881671168593	0.9780647258710091	0.9785825866641773	0.9791917792764661	0.9910237370270012	0.9811333612055716	0.9784839199135722	0.9773666109965378	0.9795505827634267	0.9736156852044359	0.9729742678193727	0.9785029137785485	0.9758574024399402	1.0	0.9729568563998949	0.9725052488260506	0.9727702243587395	0.9706005958570191	0.9726016642715551	0.97720876851089	0.9779970285338775	0.972683723390049	0.9740439666627821	0.9789300029652102
0.9707112096292076	0.9763200790803419	0.9736745614584938	0.9772891728833052	0.977463125562947	0.9767770160314603	0.9773648326464763	0.9772933449234293	0.9766484718251597	0.9762718379404369	0.9779650321906571	0.9839419198089412	0.9861259054793804	0.975810959271642	0.9716297864900793	0.9729568563998949	1.0	0.9851096519352026	0.9861708324751001	0.986852736909181	0.9847243199418763	0.9749488272778399	0.9765814840231161	0.9743065070101133	0.9739209705592103	0.976777143398538
0.9701942740911605	0.9756280066186244	0.9760689312981674	0.9779631033951199	0.976204926409667	0.9754337621322725	0.977260211750592	0.977193170240593	0.9775270773295873	0.9760356847625744	0.9789459428581729	0.9810379876135371	0.9929717380825152	0.974717337384898	0.9690765413334386	0.9725052488260506	0.9851096519352026	1.0	0.9962578519695968	0.9850940097604677	0.978700325541669	0.9708945586797991	0.9759821760007915	0.9737057809242355	0.9722955086363617	0.9782541729851709
0.9691306632143427	0.9761789410649343	0.9752473976711774	0.9783719585424107	0.9767922996388201	0.9764964818432141	0.9777957990635574	0.9774222957504242	0.978551603163057	0.9765075303786411	0.9796941292426009	0.9822381576521985	0.9929400921439001	0.9757036130706411	0.9703142498087001	0.9727702243587395	0.9861708324751001	0.9962578519695968	1.0	0.9848167578336053	0.9798321444640987	0.9719339690217073	0.976761591079335	0.9744580174224517	0.9727206178969705	0.9789481120886098
0.9710506463990279	0.9754707652584942	0.976941186738292	0.9782608458411003	0.9743134963239994	0.973712860853586	0.9750702053832396	0.9763696180292308	0.9769703197514328	0.9763440505163782	0.9779460940312777	0.9819423295496664	0.985851415935097	0.9744286678545581	0.9662646422871317	0.9706005958570191	0.986852736909181	0.9850940097604677	0.9848167578336053	1.0	0.981774418148727	0.9690268380448538	0.9767475704398305	0.9733036995895678	0.971641138686265	0.9759715917557348
0.966662010739901	0.9724364996639744	0.9677272191597359	0.9723258361638782	0.9750482052243542	0.9731584975560379	0.973496295001094	0.9732483156722125	0.9714940304313708	0.9719269232040921	0.9725280302524556	0.9800940339710312	0.9796180790394259	0.9720732647285288	0.9720959175168211	0.9726016642715551	0.9847243199418763	0.978700325541669	0.9798321444640987	0.981774418148727	1.0	0.9736576086837863	0.9712436822510412	0.969277384046503	0.9698304967622816	0.9724212672155208
0.974477895026579	0.9786702457382807	0.9725120037846254	0.9783383987107984	0.9841071775483077	0.9815743752081092	0.9787306840159589	0.9775449461128313	0.9776384688192779	0.9786471552159483	0.978909600916366	0.9747450888725481	0.9716537548186628	0.9792337420968579	0.9817951031583187	0.97720876851089	0.9749488272778399	0.9708945586797991	0.9719339690217073	0.9690268380448538	0.9736576086837863	1.0	0.9917058477654236	0.9726143406281708	0.9739910884729199	0.9764283444255615
0.9769458340709587	0.9830490539879326	0.9802086418474076	0.984777554937878	0.9823708483203865	0.9811593214821613	0.9826092273487967	0.9824917954876302	0.9847680792753073	0.9835590488094922	0.984828175980809	0.977262269223969	0.9766045528643548	0.9824404536423742	0.9738532765243352	0.9779970285338775	0.9765814840231161	0.9759821760007915	0.976761591079335	0.9767475704398305	0.9712436822510412	0.9917058477654236	1.0	0.978176210620114	0.9752205318208073	0.9815167266834148
0.9707491982003015	0.9777596676572493	0.9755612214735296	0.9784582651439606	0.9756924974658353	0.9760988451947148	0.9779058735555044	0.9774171196745445	0.9789162788905587	0.9781410915404345	0.9794737263340286	0.97550885227195	0.9740880506753963	0.9766119330685202	0.969219423634173	0.972683723390049	0.9743065070101133	0.9737057809242355	0.9744580174224517	0.9733036995895678	0.969277384046503	0.9726143406281708	0.978176210620114	1.0	0.9747068371474574	0.976007558300145
0.9684435598657986	0.974913237467083	0.9718231781147183	0.9751879970826838	0.9763404704860343	0.9757338472669221	0.9760911180106046	0.975757718643736	0.9749405046154085	0.974893834002051	0.9773906009797461	0.9739096038022307	0.9728126233351623	0.9755951226868115	0.9716958609632264	0.9740439666627821	0.9739209705592103	0.9722955086363617	0.9727206178969705	0.971641138686265	0.9698304967622816	0.9739910884729199	0.9752205318208073	0.9747068371474574	1.0	0.9746174207562077
0.9756019864009384	0.9811357216151955	0.978746037656065	0.982660478862364	0.9807789569639311	0.9814372631692031	0.983152053639401	0.9829939396647078	0.9831427119823767	0.98195560670123	0.9853808514918366	0.976298998854592	0.9786285939864217	0.9810703819635425	0.9749515628539182	0.9789300029652102	0.976777143398538	0.9782541729851709	0.9789481120886098	0.9759715917557348	0.9724212672155208	0.9764283444255615	0.9815167266834148	0.976007558300145	0.9746174207562077	1.0
