/home/jshaw/scratch/2022_sketched_distance/references/SGB_genome_fastas_part4/5820/Bengtsson-PalmeJ_2015__TRAVELRES17__bin.103.fa	/home/jshaw/scratch/2022_sketched_distance/references/SGB_genome_fastas_part4/5820/Bengtsson-PalmeJ_2015__TRAVELRES18__bin.14.fa	/home/jshaw/scratch/2022_sketched_distance/references/SGB_genome_fastas_part4/5820/CosteaPI_2017__SID713A023-11-0-0__bin.37.fa	/home/jshaw/scratch/2022_sketched_distance/references/SGB_genome_fastas_part4/5820/CosteaPI_2017__SID713A023-11-90-0__bin.86.fa	/home/jshaw/scratch/2022_sketched_distance/references/SGB_genome_fastas_part4/5820/CosteaPI_2017__SID713A039-11-0-0__bin.56.fa	/home/jshaw/scratch/2022_sketched_distance/references/SGB_genome_fastas_part4/5820/CosteaPI_2017__SID713A056-11-90-0__bin.79.fa	/home/jshaw/scratch/2022_sketched_distance/references/SGB_genome_fastas_part4/5820/CosteaPI_2017__SID713A074-11-0-0__bin.30.fa	/home/jshaw/scratch/2022_sketched_distance/references/SGB_genome_fastas_part4/5820/CosteaPI_2017__SID713A074-11-90-0__bin.79.fa	/home/jshaw/scratch/2022_sketched_distance/references/SGB_genome_fastas_part4/5820/CosteaPI_2017__SID713B072-11-0-0__bin.62.fa	/home/jshaw/scratch/2022_sketched_distance/references/SGB_genome_fastas_part4/5820/KarlssonFH_2013__S421__bin.44.fa	/home/jshaw/scratch/2022_sketched_distance/references/SGB_genome_fastas_part4/5820/KarlssonFH_2013__S462__bin.17.fa	/home/jshaw/scratch/2022_sketched_distance/references/SGB_genome_fastas_part4/5820/KarlssonFH_2013__S530__bin.43.fa	/home/jshaw/scratch/2022_sketched_distance/references/SGB_genome_fastas_part4/5820/LeChatelierE_2013__MH0092__bin.49.fa	/home/jshaw/scratch/2022_sketched_distance/references/SGB_genome_fastas_part4/5820/LeChatelierE_2013__MH0447__bin.34.fa	/home/jshaw/scratch/2022_sketched_distance/references/SGB_genome_fastas_part4/5820/LiuW_2016__SRR3992958__bin.54.fa	/home/jshaw/scratch/2022_sketched_distance/references/SGB_genome_fastas_part4/5820/NielsenHB_2014__MH0092__bin.24.fa	/home/jshaw/scratch/2022_sketched_distance/references/SGB_genome_fastas_part4/5820/SchirmerM_2016__G88811__bin.11.fa	/home/jshaw/scratch/2022_sketched_distance/references/SGB_genome_fastas_part4/5820/SchirmerM_2016__G88977__bin.8.fa	/home/jshaw/scratch/2022_sketched_distance/references/SGB_genome_fastas_part4/5820/SchirmerM_2016__G89063__bin.16.fa	/home/jshaw/scratch/2022_sketched_distance/references/SGB_genome_fastas_part4/5820/SchirmerM_2016__G89135__bin.5.fa	/home/jshaw/scratch/2022_sketched_distance/references/SGB_genome_fastas_part4/5820/XieH_2016__YSZC12003_36117__bin.44.fa	/home/jshaw/scratch/2022_sketched_distance/references/SGB_genome_fastas_part4/5820/XieH_2016__YSZC12003_36211__bin.27.fa	/home/jshaw/scratch/2022_sketched_distance/references/SGB_genome_fastas_part4/5820/XieH_2016__YSZC12003_36474__bin.121.fa	/home/jshaw/scratch/2022_sketched_distance/references/SGB_genome_fastas_part4/5820/XieH_2016__YSZC12003_37286__bin.15.fa	/home/jshaw/scratch/2022_sketched_distance/references/SGB_genome_fastas_part4/5820/XieH_2016__YSZC12003_37543__bin.26.fa	/home/jshaw/scratch/2022_sketched_distance/references/SGB_genome_fastas_part4/5820/XieH_2016__YSZC12003_37544__bin.70.fa	/home/jshaw/scratch/2022_sketched_distance/references/SGB_genome_fastas_part4/5820/ZeeviD_2015__PNP_DietIntervention_11__bin.1.fa	/home/jshaw/scratch/2022_sketched_distance/references/SGB_genome_fastas_part4/5820/ZeeviD_2015__PNP_Main_179__bin.26.fa	/home/jshaw/scratch/2022_sketched_distance/references/SGB_genome_fastas_part4/5820/ZeeviD_2015__PNP_Main_189__bin.25.fa	/home/jshaw/scratch/2022_sketched_distance/references/SGB_genome_fastas_part4/5820/ZeeviD_2015__PNP_Main_208__bin.6.fa	/home/jshaw/scratch/2022_sketched_distance/references/SGB_genome_fastas_part4/5820/ZeeviD_2015__PNP_Main_22__bin.31.fa	/home/jshaw/scratch/2022_sketched_distance/references/SGB_genome_fastas_part4/5820/ZeeviD_2015__PNP_Main_331__bin.21.fa	/home/jshaw/scratch/2022_sketched_distance/references/SGB_genome_fastas_part4/5820/ZeeviD_2015__PNP_Main_333__bin.3.fa	/home/jshaw/scratch/2022_sketched_distance/references/SGB_genome_fastas_part4/5820/ZeeviD_2015__PNP_Main_352__bin.44.fa	/home/jshaw/scratch/2022_sketched_distance/references/SGB_genome_fastas_part4/5820/ZeeviD_2015__PNP_Main_382__bin.23.fa	/home/jshaw/scratch/2022_sketched_distance/references/SGB_genome_fastas_part4/5820/ZeeviD_2015__PNP_Main_433__bin.48.fa	/home/jshaw/scratch/2022_sketched_distance/references/SGB_genome_fastas_part4/5820/ZeeviD_2015__PNP_Main_581__bin.34.fa	/home/jshaw/scratch/2022_sketched_distance/references/SGB_genome_fastas_part4/5820/ZeeviD_2015__PNP_Main_65__bin.2.fa	/home/jshaw/scratch/2022_sketched_distance/references/SGB_genome_fastas_part4/5820/ZeeviD_2015__PNP_Main_681__bin.32.fa	/home/jshaw/scratch/2022_sketched_distance/references/SGB_genome_fastas_part4/5820/ZeeviD_2015__PNP_Main_68__bin.15.fa	/home/jshaw/scratch/2022_sketched_distance/references/SGB_genome_fastas_part4/5820/ZeeviD_2015__PNP_Main_764__bin.30.fa	/home/jshaw/scratch/2022_sketched_distance/references/SGB_genome_fastas_part4/5820/ZeeviD_2015__PNP_Main_95__bin.1.fa	/home/jshaw/scratch/2022_sketched_distance/references/SGB_genome_fastas_part4/5820/ZeeviD_2015__PNP_Main_98__bin.3.fa	/home/jshaw/scratch/2022_sketched_distance/references/SGB_genome_fastas_part4/5820/ZellerG_2014__CCIS29210128ST-4-0__bin.16.fa	/home/jshaw/scratch/2022_sketched_distance/references/SGB_genome_fastas_part4/5820/ZellerG_2014__CCIS77252613ST-4-0__bin.71.fa	/home/jshaw/scratch/2022_sketched_distance/references/SGB_genome_fastas_part4/5820/ZellerG_2014__CCIS90164298ST-4-0__bin.21.fa	/home/jshaw/scratch/2022_sketched_distance/references/SGB_genome_fastas_part4/5820/ZellerG_2014__CCIS94417875ST-3-0__bin.25.fa	/home/jshaw/scratch/2022_sketched_distance/references/SGB_genome_fastas_part4/5820/ZellerG_2014__CCMD18872694ST-21-0__bin.26.fa
1.0	0.9991951116302181	0.9843132378184701	0.984205055125626	0.986257821877828	0.9852487660498275	0.9843008053001026	0.9867147804719703	0.9847615059450652	0.9877669499146774	0.9835894924717515	0.9919774541374204	0.9852825671725034	0.9865801426547048	0.9856859828980197	0.9868545688629573	0.9842792667234942	0.9850010746729858	0.9870637740022201	0.9843588451892634	0.9850067799503284	0.9895270416788364	0.9877166677585053	0.9879005019001014	0.9871307573796602	0.9871025303330159	0.9880669303640803	0.9869362671073307	0.9879717437513511	0.987444270393053	0.9839941670653104	0.9857369971800278	0.9881647449688008	0.987326878672332	0.9842877223747744	0.9873297791111301	0.9864347266800226	0.9875246391012513	0.9873852263173986	0.9851257472709011	0.9875727841277757	0.9873957051966752	0.9876363407178146	0.9875645276053949	0.9835830198870992	0.9875969813386906	0.9896358914771621	0.9867900942872757
0.9991951116302181	1.0	0.9841601709099392	0.9831480414719405	0.9859787826534433	0.9842599424759322	0.984206824635838	0.9858501104734776	0.9844853623831122	0.9869692963382685	0.9827612416341459	0.9913969950183111	0.9850131254611092	0.9868052405970973	0.9852024979392636	0.986609046535924	0.9838286391590227	0.9842999335265501	0.9862702378964987	0.9836905524844538	0.9842999335265501	0.9890340662421281	0.9868482874209857	0.9872869890414464	0.9866274297601073	0.9870413040843673	0.9875201509562493	0.9870626806456598	0.9874662189274493	0.9869591325911301	0.9829563407059878	0.9850262134817717	0.9873633741462384	0.9868438452253131	0.9837783416360393	0.9872119289748766	0.9857273382129016	0.9872969107911495	0.9864755512342256	0.9850808716062761	0.9867924792530474	0.9870616522794008	0.9873165536394559	0.9867916763883657	0.9835713301989776	0.9871247658668292	0.9892217625730656	0.9867189775747721
0.9843132378184701	0.9841601709099392	1.0	0.9996314003423381	0.9842035985990188	0.9882970531747961	0.9827020126351522	0.9851803018495482	0.9959056784768187	0.9844532138565926	0.9818608272897761	0.9845106487380961	0.9825155289880338	0.9834714851156477	0.985725953948813	0.983779803190123	0.9865602248091563	0.9921897311924438	0.9849035609793849	0.9861294430781095	0.9873659555557079	0.98565242377644	0.9848818549022276	0.9854916531088672	0.984802496740464	0.9841379502644916	0.9853684244589122	0.9834333453671132	0.9848033875665139	0.9846952843713467	0.9822970061585923	0.9838338760031831	0.9845106487380961	0.985108559863363	0.9834500217427589	0.9839909188767926	0.9840542084996439	0.984601175582418	0.9843903351366506	0.982607584368269	0.985122139659643	0.9845628033819548	0.9855187546774482	0.9852375134726107	0.9815012940090033	0.9852909996557792	0.9866535401033739	0.9837615132056614
0.984205055125626	0.9831480414719405	0.9996314003423381	1.0	0.9827418266284597	0.987056259420084	0.9828537497440685	0.9838234379380343	0.9956182674628852	0.9830329655283906	0.9803990315291777	0.9836567776983505	0.9814606292017244	0.9838962862063904	0.9844636551637183	0.9826078991752596	0.9846746937344895	0.9912053867173759	0.9837917916019056	0.9848186805032776	0.9862887506286394	0.984331072358265	0.9840866415596533	0.9841568453072106	0.9831884510835125	0.9840391561888335	0.9839653944697204	0.9844171284447772	0.9840153877000986	0.9835536770362168	0.9809103943653855	0.9824529376311614	0.9831480414719405	0.9836454876495928	0.9818067861088707	0.983632730349011	0.9830991760311603	0.9837048195525826	0.9831236178596284	0.9819799801311561	0.9836078744135185	0.9828588382232739	0.9838557380536912	0.9835300143687987	0.981392822678785	0.983956694537536	0.9855074392314975	0.983848524241745
0.986257821877828	0.9859787826534433	0.9842035985990188	0.9827418266284597	1.0	0.9850791934384237	0.9835563686137081	0.9832024949555936	0.9847414543381384	0.9877073190408941	0.9854609746721373	0.9873956526905968	0.9823789960474201	0.9883654044884524	0.9701240031965181	0.9782749408865736	0.9824310757387161	0.984886625320886	0.9865804021893804	0.9753718328704538	0.9848383062895869	0.9793788732032477	0.9880160626896302	0.9877516029127501	0.9809949938666502	0.9878840982882878	0.9818005841897384	0.9889253016528299	0.9887969363056447	0.9884954584522381	0.9827418266284597	0.9843020485726505	0.9887969363056447	0.9850311571883219	0.9691994213699698	0.9873508870463543	0.9891805424764621	0.9885386959471968	0.9895178189512057	0.9886250011068543	0.9853183262822661	0.9827933330248214	0.976763008729725	0.9865804021893804	0.985555730605169	0.9860720591766503	0.9835060485188255	0.9875741089047136
0.9852487660498275	0.9842599424759322	0.9882970531747961	0.987056259420084	0.9850791934384237	1.0	0.9831680587712256	0.9847423829508729	0.98806913825324	0.9845707943378373	0.9822640713456574	0.9845106487380961	0.9820581876345156	0.9847465784477107	0.9872862061420803	0.9833549547555686	0.9887366304682155	0.9865152628144085	0.9839597810297157	0.9888067967316299	0.9905128264378714	0.9858782919778399	0.9851125657495144	0.9848548569639775	0.9849362652748642	0.9846774992516582	0.9857261881634389	0.9850670398242393	0.9851807365104807	0.9844198714209801	0.982679009511414	0.9829670081557897	0.9851790131923985	0.985054517632952	0.9826869921927475	0.9845620431882576	0.9841481292751714	0.9842832799978467	0.9845537314074664	0.982730699506627	0.9844400776100211	0.9840761694760551	0.9844454787187285	0.9846044942577015	0.982509810616563	0.9850132306223236	0.9868460647146153	0.984399719261309
0.9843008053001026	0.984206824635838	0.9827020126351522	0.9828537497440685	0.9835563686137081	0.9831680587712256	1.0	0.9987090787063555	0.9827968566689221	0.9827860269143486	0.9813496832619061	0.9846268591946769	0.9809201455964833	0.9818601969121582	0.9866709596004154	0.9824883700540463	0.983702358169142	0.9836379101137424	0.9829633704143468	0.9835552440880935	0.9831190602579348	0.9844991792969787	0.9826192398721499	0.9828667836777979	0.9820422103866465	0.9811707994659083	0.9841695373706315	0.9813939797358814	0.9820922906558975	0.9823976326060132	0.9812295306953084	0.9813701912446087	0.9822954203122779	0.9832478663271297	0.9819551403819622	0.9811956726083503	0.9821419057818604	0.9817420163744826	0.9827099733496202	0.980525670377166	0.9821057752225671	0.9816605612121622	0.9822291743569947	0.9823138422089371	0.9805934322157087	0.9831882927595125	0.9844578152504384	0.980669321744812
0.9867147804719703	0.9858501104734776	0.9851803018495482	0.9838234379380343	0.9832024949555936	0.9847423829508729	0.9987090787063555	1.0	0.9850106934268672	0.9837225328851195	0.9828520633563407	0.9861095585641316	0.9804743277855407	0.9845704909383866	0.98686446303153	0.9819247247727675	0.9835247437228642	0.9853730734418961	0.9844471573887212	0.983145935359976	0.9851077197722158	0.9844320398319395	0.9844718612082188	0.9833924301993777	0.982368665953472	0.9838989134962344	0.9837256106407262	0.984248854409326	0.9841741806972483	0.982129106295976	0.9820643128274035	0.981131297660361	0.9835705906912506	0.9831333686347821	0.9820044427537253	0.9840493455355839	0.9835451983937643	0.9837982407683694	0.9840243213926573	0.9828520633563407	0.9822194351279547	0.9810277479494524	0.981978070570752	0.9818510052644768	0.9830331775041165	0.9829461137242438	0.9839026492161363	0.9834434320738068
0.9847615059450652	0.9844853623831122	0.9959056784768187	0.9956182674628852	0.9847414543381384	0.98806913825324	0.9827968566689221	0.9850106934268672	1.0	0.9845473119194261	0.9819115052962558	0.985429013768334	0.9824505842894564	0.983871184195893	0.9858057504736009	0.9833549547555686	0.9861869829578359	0.9930872281155964	0.9849500450145221	0.9857511885590519	0.9871756947755207	0.9855551457695437	0.9849273722689839	0.9853746556774435	0.9845333130903939	0.9839166223038721	0.9853029558008526	0.9847239267684097	0.9847807530902173	0.9850425005480941	0.9826283324334607	0.9837786354571896	0.9847657707741025	0.9852163782346497	0.9829273531395512	0.9836705768228832	0.9841481292751714	0.984509780255739	0.9845770074606929	0.9825835626684438	0.9853807440513687	0.9844721075728422	0.9848713167969526	0.9847026798657501	0.9815638157288614	0.985215477174665	0.9865568535255219	0.9834823968800783
0.9877669499146774	0.9869692963382685	0.9844532138565926	0.9830329655283906	0.9877073190408941	0.9845707943378373	0.9827860269143486	0.9837225328851195	0.9845473119194261	1.0	0.9826867279343698	0.987165106928931	0.9863676238665415	0.9884206901871851	0.9846705629261628	0.9878526551786802	0.9826480832348659	0.9843824628118197	0.9880929034754717	0.9827661911839161	0.9843352105548043	0.9898706407128789	0.988587312255508	0.9884601357027304	0.9885363709639629	0.9887530960578251	0.9891048139129756	0.9896704076677766	0.9897507250617957	0.9885935290610239	0.9828053602596203	0.9863561496328466	0.9882322275778297	0.9881247199409633	0.9835911330362482	0.9890207288049349	0.9868600069879849	0.9895293799596061	0.9873381879378619	0.9868600069879849	0.9871849445631089	0.988884852223252	0.9888853117448348	0.9888856375261746	0.9837628100915462	0.9884531167562625	0.991073889681586	0.9896100410348597
0.9835894924717515	0.9827612416341459	0.9818608272897761	0.9803990315291777	0.9854609746721373	0.9822640713456574	0.9813496832619061	0.9828520633563407	0.9819115052962558	0.9826867279343698	1.0	0.9834448431625433	0.9810900081888768	0.9831292292512567	0.9828033514076918	0.982766595819898	0.981585747737721	0.9818861761016634	0.982690805161168	0.9811651387801189	0.9831048249003143	0.9851302466699795	0.9836855720090549	0.9834436582015117	0.9834339338013355	0.983153615441946	0.9851716256633939	0.9847475077103359	0.9830315026104574	0.9838875757061887	0.9901835558764864	0.9831929201121967	0.9839245463831074	0.9850815498661293	0.9938678349652768	0.9834448431625433	0.9848634068463313	0.9831779834998392	0.9855503399062479	0.9826128813825142	0.9851740237044243	0.9835510862703356	0.9841715851960505	0.9826547718879273	0.9914661882419153	0.9840090298876356	0.9854407246498196	0.9830070253426759
0.9919774541374204	0.9913969950183111	0.9845106487380961	0.9836567776983505	0.9873956526905968	0.9845106487380961	0.9846268591946769	0.9861095585641316	0.985429013768334	0.987165106928931	0.9834448431625433	1.0	0.9851331503546911	0.9868903461166416	0.9854048155467411	0.9868196062516076	0.983089344971828	0.9846963884705429	0.9864704242114991	0.9830772175072031	0.9841359852208734	0.9888289143087305	0.9867383996627828	0.9873090982571815	0.9866274297601073	0.986760149319766	0.9875507669918063	0.9874273543418756	0.9876608901298213	0.9875815777416909	0.9840670555541239	0.9854755339440168	0.985990219362457	0.9874528230257056	0.9842417405054749	0.9871921497033712	0.9856995889897574	0.9868470044171073	0.986299390504191	0.9848119443033005	0.9868417942293797	0.9862973950240943	0.9877069845964274	0.9866995475148219	0.9843940252983079	0.9872671432906047	0.9893702634206143	0.9869119955711576
0.9852825671725034	0.9850131254611092	0.9825155289880338	0.9814606292017244	0.9823789960474201	0.9820581876345156	0.9809201455964833	0.9804743277855407	0.9824505842894564	0.9863676238665415	0.9810900081888768	0.9851331503546911	1.0	0.9919529242051597	0.9753837333489547	0.9984859541136634	0.9806121512150546	0.9821567285715628	0.9874180127008597	0.9755706180898841	0.9821567285715628	0.9821355964324423	0.9875017277140413	0.987221845596693	0.9801281205243733	0.9862520326547981	0.9837942993949994	0.9894233080589087	0.9873900603137117	0.9851929986850101	0.980266496685603	0.982418063578751	0.986711979229086	0.9830943086567989	0.9746910434403749	0.9873060604300888	0.9843143340737281	0.9868828142044546	0.9848020202863723	0.9847111294057623	0.9825155289880338	0.9809541887782739	0.9823955132947938	0.9864540513649067	0.9824830727375462	0.9859612637961459	0.9860363344568485	0.9873900603137117
0.9865801426547048	0.9868052405970973	0.9834714851156477	0.9838962862063904	0.9883654044884524	0.9847465784477107	0.9818601969121582	0.9845704909383866	0.983871184195893	0.9884206901871851	0.9831292292512567	0.9868903461166416	0.9919529242051597	1.0	0.984546574870088	0.9925230288506237	0.9837276533017041	0.9842687675300316	0.9912891235922	0.9836905524844538	0.9840881448818346	0.9904074595437673	0.9913341351110398	0.9917867867475992	0.989246598236494	0.9878012150623645	0.9912519821335	0.9879154270078471	0.9889435745068739	0.9888801757054771	0.9834546432656768	0.9875851720202133	0.9886815247826384	0.9901547020275507	0.9843336398917429	0.9884153220329398	0.9868260445549417	0.9897444194468767	0.9872996661415385	0.9861762000736929	0.9885696464784686	0.9897986149707867	0.9896591779678683	0.9889933758061427	0.9828415579488685	0.9917747400898373	0.9916043208046865	0.9879396078729968
0.9856859828980197	0.9852024979392636	0.985725953948813	0.9844636551637183	0.9701240031965181	0.9872862061420803	0.9866709596004154	0.98686446303153	0.9858057504736009	0.9846705629261628	0.9828033514076918	0.9854048155467411	0.9753837333489547	0.984546574870088	1.0	0.9698379174883658	0.9857658764340627	0.9857658764340627	0.9841298648825151	0.9770921678986619	0.9874382369518859	0.976935757754421	0.9841298648825151	0.9834090771037088	0.9736962030882956	0.9841717748564381	0.9770401146042317	0.9842554345252372	0.9843805254008509	0.9822750922985005	0.9817381704195303	0.9784171643013089	0.9841717748564381	0.9794977423963481	0.9674698824865575	0.9838772742886801	0.9837502457226928	0.9838772742886801	0.9836652858096829	0.9824521271087406	0.9806837714520781	0.9769879779800493	0.9691808661092377	0.9829340956863626	0.9824521271087406	0.9816930267980426	0.974211731195717	0.983020969583566
0.9868545688629573	0.986609046535924	0.983779803190123	0.9826078991752596	0.9782749408865736	0.9833549547555686	0.9824883700540463	0.9819247247727675	0.9833549547555686	0.9878526551786802	0.982766595819898	0.9868196062516076	0.9984859541136634	0.9925230288506237	0.9698379174883658	1.0	0.982408440922068	0.9837414072833601	0.9887554747109508	0.9749826707192937	0.9838564603982913	0.9808934168303646	0.9886563744567726	0.9885237755032735	0.9780032098205939	0.9869592342935815	0.9833549547555686	0.9900808145814864	0.9889199825081315	0.9870288267083923	0.9813925037381886	0.9841233583894221	0.9883906407948493	0.9846507274259653	0.9709025211007724	0.9885901416752735	0.9861481553227116	0.9884905422249112	0.9863261865774624	0.9858612843486068	0.9839711112912191	0.9832771145396493	0.9767991958635417	0.9876827162497058	0.9841613100100873	0.987271247505042	0.9845759059075545	0.9885901416752735
0.9842792667234942	0.9838286391590227	0.9865602248091563	0.9846746937344895	0.9824310757387161	0.9887366304682155	0.983702358169142	0.9835247437228642	0.9861869829578359	0.9826480832348659	0.981585747737721	0.983089344971828	0.9806121512150546	0.9837276533017041	0.9857658764340627	0.982408440922068	1.0	0.9857857144193994	0.9827003059279946	0.9958334753472501	0.9894666899943998	0.983821520551752	0.9835247437228642	0.9826219406324694	0.9822964010504822	0.9832693278112602	0.9834840604620707	0.9837529289364743	0.9834992914999872	0.981722141130314	0.9805992322660531	0.9799410196427791	0.9826480832348659	0.9818765610140954	0.9813073572898628	0.9833461617720936	0.9826219406324694	0.9832436764134372	0.9831408695819435	0.9819348024941975	0.98190591583525	0.9822165717972973	0.9830525476741296	0.981693546293004	0.981693546293004	0.9822362574410245	0.9848341152893593	0.9830119058357123
0.9850010746729858	0.9842999335265501	0.9921897311924438	0.9912053867173759	0.984886625320886	0.9865152628144085	0.9836379101137424	0.9853730734418961	0.9930872281155964	0.9843824628118197	0.9818861761016634	0.9846963884705429	0.9821567285715628	0.9842687675300316	0.9857658764340627	0.9837414072833601	0.9857857144193994	1.0	0.9846701483367593	0.9854326158846765	0.9871332647987016	0.9859425416195317	0.9846074172920523	0.985280756747432	0.9843978887708037	0.9843842731807285	0.985758519778271	0.984659839124771	0.9844533819044936	0.9846453808903665	0.9818845629379602	0.9831929201121967	0.9844873571841719	0.9858559603396586	0.9836380354878221	0.9838260991923362	0.9843118463824044	0.9844073255978605	0.9847626240143211	0.983282117417521	0.9846251083545056	0.98432038861429	0.9848713167969526	0.985019769881191	0.9824121155958389	0.9853161352727836	0.9865245613930848	0.9839898833904474
0.9870637740022201	0.9862702378964987	0.9849035609793849	0.9837917916019056	0.9865804021893804	0.9839597810297157	0.9829633704143468	0.9844471573887212	0.9849500450145221	0.9880929034754717	0.982690805161168	0.9864704242114991	0.9874180127008597	0.9912891235922	0.9841298648825151	0.9887554747109508	0.9827003059279946	0.9846701483367593	1.0	0.9824521835167195	0.9840553900783677	0.9899275609223352	0.9910391076020852	0.9912812387434418	0.9878104976042813	0.9883242833501409	0.990866800879042	0.9887615465466746	0.9886787044284696	0.9878771268319833	0.9832562304654382	0.9857369971800278	0.9877320881263075	0.9896411615779118	0.9837783416360393	0.9890703632314978	0.986625286435825	0.9891726625995061	0.9867574475408358	0.9862479195448366	0.9872336751948099	0.987698970161379	0.9886461358212281	0.988121443246812	0.9842694969814959	0.9911913147714367	0.9906775230005967	0.988823541772551
0.9843588451892634	0.9836905524844538	0.9861294430781095	0.9848186805032776	0.9753718328704538	0.9888067967316299	0.9835552440880935	0.983145935359976	0.9857511885590519	0.9827661911839161	0.9811651387801189	0.9830772175072031	0.9755706180898841	0.9836905524844538	0.9770921678986619	0.9749826707192937	0.9958334753472501	0.9854326158846765	0.9824521835167195	1.0	0.9896623651631006	0.9739441624925658	0.9832487427211972	0.9825222236238672	0.9733658288539829	0.9831115944458217	0.9749888889172377	0.9834193749423941	0.9829393479658761	0.9820287672897554	0.9801278735481463	0.9769686345622378	0.9830428044671962	0.9784678941217876	0.972458231961135	0.9832829403018132	0.9828701950365677	0.9831802403263432	0.9834193749423941	0.9818864027756218	0.9796348605735113	0.9765512988511876	0.9744517521909112	0.981707571863035	0.98138319249117	0.9806506203064769	0.9764261720986878	0.9834533950575597
0.9850067799503284	0.9842999335265501	0.9873659555557079	0.9862887506286394	0.9848383062895869	0.9905128264378714	0.9831190602579348	0.9851077197722158	0.9871756947755207	0.9843352105548043	0.9831048249003143	0.9841359852208734	0.9821567285715628	0.9840881448818346	0.9874382369518859	0.9838564603982913	0.9894666899943998	0.9871332647987016	0.9840553900783677	0.9896623651631006	1.0	0.9859104324999695	0.9847677846089794	0.985021141720481	0.9842278185867126	0.9843202257541681	0.9859197023918324	0.9850520436934685	0.9848250983583616	0.9848941430570229	0.9829563407059878	0.9830236323252127	0.9846500519892992	0.9854576831372828	0.9828794218214583	0.9843202257541681	0.983912821167207	0.9843202257541681	0.9846235101024766	0.9828057091492571	0.9846777832419623	0.9840148295474032	0.9853296531236563	0.9845306618080908	0.9829748089490763	0.9848861909837716	0.9865245613930848	0.984389531092329
0.9895270416788364	0.9890340662421281	0.98565242377644	0.984331072358265	0.9793788732032477	0.9858782919778399	0.9844991792969787	0.9844320398319395	0.9855551457695437	0.9898706407128789	0.9851302466699795	0.9888289143087305	0.9821355964324423	0.9904074595437673	0.976935757754421	0.9808934168303646	0.983821520551752	0.9859425416195317	0.9899275609223352	0.9739441624925658	0.9859104324999695	1.0	0.9900127575613406	0.9896132775296567	0.9798953836534966	0.9899275609223352	0.981668296406064	0.9903513616840252	0.9904914280074416	0.9882356295331155	0.9849653488669279	0.9846997774799144	0.9904354727674395	0.9857494146106255	0.9762556846131214	0.9896132775296567	0.9883551441859671	0.9903794225296685	0.9885928806707429	0.9881156796870414	0.9860066659000593	0.9832342920326913	0.9803413635777434	0.9884742268441119	0.985522655651806	0.9874173582644534	0.9836920152723674	0.9904634622416961
0.9877166677585053	0.9868482874209857	0.9848818549022276	0.9840866415596533	0.9880160626896302	0.9851125657495144	0.9826192398721499	0.9844718612082188	0.9849273722689839	0.988587312255508	0.9836855720090549	0.9867383996627828	0.9875017277140413	0.9913341351110398	0.9841298648825151	0.9886563744567726	0.9835247437228642	0.9846074172920523	0.9910391076020852	0.9832487427211972	0.9847677846089794	0.9900127575613406	1.0	0.9967585223642894	0.9883563966359173	0.9886436829972021	0.9903367642716916	0.9890474636274637	0.9893072936367062	0.9889459724047713	0.9842123484481992	0.9863305831164483	0.9878927809688111	0.9900851426120648	0.9844252825993515	0.9898796420147624	0.9866092208219024	0.9888461916004629	0.9872353497165404	0.9865253557239497	0.9880037106482831	0.9885121359681238	0.9887488523915684	0.9888208251273347	0.9844000725824976	0.9956857439766746	0.991548885189383	0.9893669647683294
0.9879005019001014	0.9872869890414464	0.9854916531088672	0.9841568453072106	0.9877516029127501	0.9848548569639775	0.9828667836777979	0.9833924301993777	0.9853746556774435	0.9884601357027304	0.9834436582015117	0.9873090982571815	0.987221845596693	0.9917867867475992	0.9834090771037088	0.9885237755032735	0.9826219406324694	0.985280756747432	0.9912812387434418	0.9825222236238672	0.985021141720481	0.9896132775296567	0.9967585223642894	1.0	0.9882358652246216	0.9890314051348044	0.9901110198264302	0.9894896740116713	0.9894275565353602	0.9881700468640198	0.9829173517837743	0.9853176512347189	0.9879222030300804	0.9896176278290687	0.9835911330362482	0.9907280105188927	0.9869535557421232	0.9892613356549417	0.9873753369270376	0.986729374565536	0.9869647591931088	0.9875338993537641	0.9880928397513773	0.9882976854527377	0.9847833334263085	0.9955385889818136	0.9911301272203119	0.9898599422613314
0.9871307573796602	0.9866274297601073	0.984802496740464	0.9831884510835125	0.9809949938666502	0.9849362652748642	0.9820422103866465	0.982368665953472	0.9845333130903939	0.9885363709639629	0.9834339338013355	0.9866274297601073	0.9801281205243733	0.989246598236494	0.9736962030882956	0.9780032098205939	0.9822964010504822	0.9843978887708037	0.9878104976042813	0.9733658288539829	0.9842278185867126	0.9798953836534966	0.9883563966359173	0.9882358652246216	1.0	0.9987711118923757	0.9802438701461537	0.9904538412407176	0.9908187359531837	0.9873795628676602	0.9825127190887062	0.9834688531647908	0.9894508982752265	0.9849362652748642	0.9763143855912331	0.9917815697743045	0.9871307573796602	0.9911243750179543	0.987595735370733	0.9875032637950706	0.9860518227903	0.9831179741217367	0.9794458513065659	0.9899418502479121	0.9841253516927597	0.9854002095725557	0.9835508371824069	0.9920784720867655
0.9871025303330159	0.9870413040843673	0.9841379502644916	0.9840391561888335	0.9878840982882878	0.9846774992516582	0.9811707994659083	0.9838989134962344	0.9839166223038721	0.9887530960578251	0.983153615441946	0.986760149319766	0.9862520326547981	0.9878012150623645	0.9841717748564381	0.9869592342935815	0.9832693278112602	0.9843842731807285	0.9883242833501409	0.9831115944458217	0.9843202257541681	0.9899275609223352	0.9886436829972021	0.9890314051348044	0.9987711118923757	1.0	0.9892795009789097	0.9888719739181868	0.9911056456327048	0.9895753279619165	0.9837009823631774	0.986636077072115	0.9891094436430345	0.9894524197767706	0.9837316395938364	0.9915640011556791	0.9873619330160727	0.9906491295011813	0.9880827392215977	0.9866890988716998	0.989332271852853	0.9898500731890858	0.9897587914535301	0.9919346027241926	0.9831682258040204	0.9887260712332163	0.9929874131078394	0.9913155204060397
0.9880669303640803	0.9875201509562493	0.9853684244589122	0.9839653944697204	0.9818005841897384	0.9857261881634389	0.9841695373706315	0.9837256106407262	0.9853029558008526	0.9891048139129756	0.9851716256633939	0.9875507669918063	0.9837942993949994	0.9912519821335	0.9770401146042317	0.9833549547555686	0.9834840604620707	0.985758519778271	0.990866800879042	0.9749888889172377	0.9859197023918324	0.981668296406064	0.9903367642716916	0.9901110198264302	0.9802438701461537	0.9892795009789097	1.0	0.9895109868565383	0.9898837206540756	0.987733867665324	0.9837942993949994	0.9841016308010999	0.9890171220781236	0.9867139690596632	0.976489855919829	0.9893954470175336	0.9872124140213644	0.9896548448263994	0.9874281316206115	0.9869641355152596	0.9855965426102399	0.9832407172735951	0.9797170924751408	0.9886047804375016	0.9859197023918324	0.988217216124265	0.9840074610415452	0.9896548448263994
0.9869362671073307	0.9870626806456598	0.9834333453671132	0.9844171284447772	0.9889253016528299	0.9850670398242393	0.9813939797358814	0.984248854409326	0.9847239267684097	0.9896704076677766	0.9847475077103359	0.9874273543418756	0.9894233080589087	0.9879154270078471	0.9842554345252372	0.9900808145814864	0.9837529289364743	0.984659839124771	0.9887615465466746	0.9834193749423941	0.9850520436934685	0.9903513616840252	0.9890474636274637	0.9894896740116713	0.9904538412407176	0.9888719739181868	0.9895109868565383	1.0	0.9910495410644514	0.9899174858582263	0.9849765623955888	0.987903679401939	0.9899884234430917	0.989664678549688	0.9854611847970797	0.9899513002269784	0.9882430378406907	0.9905730909237489	0.9888067313645872	0.98658290268463	0.989831063072782	0.9906124707795657	0.9912497112252149	0.990072657438426	0.9840614286506655	0.9891983689933005	0.9922352374786244	0.9891000049133127
0.9879717437513511	0.9874662189274493	0.9848033875665139	0.9840153877000986	0.9887969363056447	0.9851807365104807	0.9820922906558975	0.9841741806972483	0.9847807530902173	0.9897507250617957	0.9830315026104574	0.9876608901298213	0.9873900603137117	0.9889435745068739	0.9843805254008509	0.9889199825081315	0.9834992914999872	0.9844533819044936	0.9886787044284696	0.9829393479658761	0.9848250983583616	0.9904914280074416	0.9893072936367062	0.9894275565353602	0.9908187359531837	0.9911056456327048	0.9898837206540756	0.9910495410644514	1.0	0.9906746122542068	0.9835040593821456	0.9878792879218249	0.9899292312932213	0.9896881787686985	0.9841034069431391	0.9922803995481486	0.9872554512470171	0.9918425290915239	0.9879360116419483	0.9869703598462733	0.9904993052529254	0.992110436079734	0.9927974380997194	0.9926355620096958	0.9836755174987183	0.9895095170029877	0.994315021689296	0.9922623613655313
0.987444270393053	0.9869591325911301	0.9846952843713467	0.9835536770362168	0.9884954584522381	0.9844198714209801	0.9823976326060132	0.982129106295976	0.9850425005480941	0.9885935290610239	0.9838875757061887	0.9875815777416909	0.9851929986850101	0.9888801757054771	0.9822750922985005	0.9870288267083923	0.981722141130314	0.9846453808903665	0.9878771268319833	0.9820287672897554	0.9848941430570229	0.9882356295331155	0.9889459724047713	0.9881700468640198	0.9873795628676602	0.9895753279619165	0.987733867665324	0.9899174858582263	0.9906746122542068	1.0	0.9833724669915461	0.9855803690735173	0.9895968171120857	0.9871243597856619	0.9827833482988416	0.9899387533682682	0.988415883763082	0.9909850282778431	0.9887922419703971	0.9880576934134018	0.9880987110753394	0.9884585449910072	0.9893585197948284	0.987121641209938	0.9844952135557349	0.9871009762873302	0.9903627198461811	0.9898962046319287
0.9839941670653104	0.9829563407059878	0.9822970061585923	0.9809103943653855	0.9827418266284597	0.982679009511414	0.9812295306953084	0.9820643128274035	0.9826283324334607	0.9828053602596203	0.9901835558764864	0.9840670555541239	0.980266496685603	0.9834546432656768	0.9817381704195303	0.9813925037381886	0.9805992322660531	0.9818845629379602	0.9832562304654382	0.9801278735481463	0.9829563407059878	0.9849653488669279	0.9842123484481992	0.9829173517837743	0.9825127190887062	0.9837009823631774	0.9837942993949994	0.9849765623955888	0.9835040593821456	0.9833724669915461	1.0	0.9825391782862901	0.9836272747785674	0.983842504460073	0.9909228855747523	0.9839941670653104	0.9845727904414194	0.9835534011233928	0.9851883304336053	0.9825521694980737	0.9842539976207675	0.982603441036635	0.9827256777675709	0.9816749518971741	0.9898391761021527	0.9833487568763216	0.9839376237202125	0.98333077608201
0.9857369971800278	0.9850262134817717	0.9838338760031831	0.9824529376311614	0.9843020485726505	0.9829670081557897	0.9813701912446087	0.981131297660361	0.9837786354571896	0.9863561496328466	0.9831929201121967	0.9854755339440168	0.982418063578751	0.9875851720202133	0.9784171643013089	0.9841233583894221	0.9799410196427791	0.9831929201121967	0.9857369971800278	0.9769686345622378	0.9830236323252127	0.9846997774799144	0.9863305831164483	0.9853176512347189	0.9834688531647908	0.986636077072115	0.9841016308010999	0.987903679401939	0.9878792879218249	0.9855803690735173	0.9825391782862901	1.0	0.9878548783609993	0.9831046815980571	0.9813073572898628	0.9873628477352685	0.9867120091834941	0.987658947682922	0.9868885053694737	0.9856587764615894	0.9847858252346605	0.9829223776205539	0.984832831726533	0.9853966874506332	0.9837786354571896	0.9836678744086491	0.9857729509607649	0.9874618439645454
0.9881647449688008	0.9873633741462384	0.9845106487380961	0.9831480414719405	0.9887969363056447	0.9851790131923985	0.9822954203122779	0.9835705906912506	0.9847657707741025	0.9882322275778297	0.9839245463831074	0.985990219362457	0.986711979229086	0.9886815247826384	0.9841717748564381	0.9883906407948493	0.9826480832348659	0.9844873571841719	0.9877320881263075	0.9830428044671962	0.9846500519892992	0.9904354727674395	0.9878927809688111	0.9879222030300804	0.9894508982752265	0.9891094436430345	0.9890171220781236	0.9899884234430917	0.9899292312932213	0.9895968171120857	0.9836272747785674	0.9878548783609993	1.0	0.9890716644363883	0.9843794932392422	0.9889877468901859	0.9879137811987477	0.9903413640804444	0.9881871458681617	0.9873206514807529	0.9890108859383879	0.9899527494947947	0.9898581050787191	0.9887991926429114	0.9842065613012483	0.9883616271418384	0.9919075659846734	0.9892911506713636
0.987326878672332	0.9868438452253131	0.985108559863363	0.9836454876495928	0.9850311571883219	0.985054517632952	0.9832478663271297	0.9831333686347821	0.9852163782346497	0.9881247199409633	0.9850815498661293	0.9874528230257056	0.9830943086567989	0.9901547020275507	0.9794977423963481	0.9846507274259653	0.9818765610140954	0.9858559603396586	0.9896411615779118	0.9784678941217876	0.9854576831372828	0.9857494146106255	0.9900851426120648	0.9896176278290687	0.9849362652748642	0.9894524197767706	0.9867139690596632	0.989664678549688	0.9896881787686985	0.9871243597856619	0.983842504460073	0.9831046815980571	0.9890716644363883	1.0	0.98145798805228	0.9894524197767706	0.9878774649939775	0.9893813622174252	0.9879518365902207	0.987326878672332	0.9852701549663467	0.9845023673681942	0.9843674564501783	0.987326878672332	0.9856441468090729	0.9884677880755531	0.9870692618299346	0.9888796250901948
0.9842877223747744	0.9837783416360393	0.9834500217427589	0.9818067861088707	0.9691994213699698	0.9826869921927475	0.9819551403819622	0.9820044427537253	0.9829273531395512	0.9835911330362482	0.9938678349652768	0.9842417405054749	0.9746910434403749	0.9843336398917429	0.9674698824865575	0.9709025211007724	0.9813073572898628	0.9836380354878221	0.9837783416360393	0.972458231961135	0.9828794218214583	0.9762556846131214	0.9844252825993515	0.9835911330362482	0.9763143855912331	0.9837316395938364	0.976489855919829	0.9854611847970797	0.9841034069431391	0.9827833482988416	0.9909228855747523	0.9813073572898628	0.9843794932392422	0.98145798805228	1.0	0.9836380354878221	0.9854168186281352	0.9842877223747744	0.9858139735514203	0.9842417405054749	0.9819057636363989	0.9774667112234734	0.9694861442982627	0.9825419244771361	0.9908853022098273	0.9823962113444992	0.9756028855865361	0.9834971263601663
0.9873297791111301	0.9872119289748766	0.9839909188767926	0.983632730349011	0.9873508870463543	0.9845620431882576	0.9811956726083503	0.9840493455355839	0.9836705768228832	0.9890207288049349	0.9834448431625433	0.9871921497033712	0.9873060604300888	0.9884153220329398	0.9838772742886801	0.9885901416752735	0.9833461617720936	0.9838260991923362	0.9890703632314978	0.9832829403018132	0.9843202257541681	0.9896132775296567	0.9898796420147624	0.9907280105188927	0.9917815697743045	0.9915640011556791	0.9893954470175336	0.9899513002269784	0.9922803995481486	0.9899387533682682	0.9839941670653104	0.9873628477352685	0.9889877468901859	0.9894524197767706	0.9836380354878221	1.0	0.9868692383131016	0.991860838228276	0.9876617707952254	0.9866254223178361	0.9901445938335239	0.9911852816023089	0.9916904275187322	0.9934161990021025	0.9832307594341475	0.9896639971342055	0.9953944818274739	0.9930325084966377
0.9864347266800226	0.9857273382129016	0.9840542084996439	0.9830991760311603	0.9891805424764621	0.9841481292751714	0.9821419057818604	0.9835451983937643	0.9841481292751714	0.9868600069879849	0.9848634068463313	0.9856995889897574	0.9843143340737281	0.9868260445549417	0.9837502457226928	0.9861481553227116	0.9826219406324694	0.9843118463824044	0.986625286435825	0.9828701950365677	0.983912821167207	0.9883551441859671	0.9866092208219024	0.9869535557421232	0.9871307573796602	0.9873619330160727	0.9872124140213644	0.9882430378406907	0.9872554512470171	0.988415883763082	0.9845727904414194	0.9867120091834941	0.9879137811987477	0.9878774649939775	0.9854168186281352	0.9868692383131016	1.0	0.9876371841240913	0.9978132882447448	0.9882844128951775	0.988732896440038	0.9877264016736577	0.9883014162420154	0.9867456442081083	0.9854806135594245	0.9872434564578612	0.9888926871885975	0.9869123754298825
0.9875246391012513	0.9872969107911495	0.984601175582418	0.9837048195525826	0.9885386959471968	0.9842832799978467	0.9817420163744826	0.9837982407683694	0.984509780255739	0.9895293799596061	0.9831779834998392	0.9868470044171073	0.9868828142044546	0.9897444194468767	0.9838772742886801	0.9884905422249112	0.9832436764134372	0.9844073255978605	0.9891726625995061	0.9831802403263432	0.9843202257541681	0.9903794225296685	0.9888461916004629	0.9892613356549417	0.9911243750179543	0.9906491295011813	0.9896548448263994	0.9905730909237489	0.9918425290915239	0.9909850282778431	0.9835534011233928	0.987658947682922	0.9903413640804444	0.9893813622174252	0.9842877223747744	0.991860838228276	0.9876371841240913	1.0	0.9884156822635443	0.9871889288150495	0.9905873907979045	0.993080430761691	0.9921253452759854	0.9916777821271695	0.9833453211671296	0.9893320777699914	0.9937488416534017	0.9917875407651092
