/home/jshaw/scratch/2022_sketched_distance/references/SGB_genome_fastas_part5/15085/Bengtsson-PalmeJ_2015__TRAVELRES48__bin.29.fa	/home/jshaw/scratch/2022_sketched_distance/references/SGB_genome_fastas_part5/15085/BritoIL_2016__M1.1.ST__bin.41.fa	/home/jshaw/scratch/2022_sketched_distance/references/SGB_genome_fastas_part5/15085/BritoIL_2016__M1.22.ST__bin.28.fa	/home/jshaw/scratch/2022_sketched_distance/references/SGB_genome_fastas_part5/15085/BritoIL_2016__M1.48.ST__bin.71.fa	/home/jshaw/scratch/2022_sketched_distance/references/SGB_genome_fastas_part5/15085/BritoIL_2016__M1.59.ST__bin.76.fa	/home/jshaw/scratch/2022_sketched_distance/references/SGB_genome_fastas_part5/15085/BritoIL_2016__M2.37.ST__bin.52.fa	/home/jshaw/scratch/2022_sketched_distance/references/SGB_genome_fastas_part5/15085/BritoIL_2016__M2.40.ST__bin.87.fa	/home/jshaw/scratch/2022_sketched_distance/references/SGB_genome_fastas_part5/15085/BritoIL_2016__M2.50.ST__bin.12.fa	/home/jshaw/scratch/2022_sketched_distance/references/SGB_genome_fastas_part5/15085/BritoIL_2016__W1.18.ST__bin.80.fa	/home/jshaw/scratch/2022_sketched_distance/references/SGB_genome_fastas_part5/15085/BritoIL_2016__W2.59.ST__bin.17.fa	/home/jshaw/scratch/2022_sketched_distance/references/SGB_genome_fastas_part5/15085/CM_madagascar__A73_01_1FE__bin.1.fa	/home/jshaw/scratch/2022_sketched_distance/references/SGB_genome_fastas_part5/15085/CosteaPI_2017__SID713A045-11-90-0__bin.3.fa	/home/jshaw/scratch/2022_sketched_distance/references/SGB_genome_fastas_part5/15085/CosteaPI_2017__SID713A058-11-90-0__bin.32.fa	/home/jshaw/scratch/2022_sketched_distance/references/SGB_genome_fastas_part5/15085/CosteaPI_2017__SID713A073-11-0-0__bin.1.fa	/home/jshaw/scratch/2022_sketched_distance/references/SGB_genome_fastas_part5/15085/CosteaPI_2017__SID713A073-11-90-0__bin.30.fa	/home/jshaw/scratch/2022_sketched_distance/references/SGB_genome_fastas_part5/15085/CosteaPI_2017__SID713B016-11-90-0__bin.11.fa	/home/jshaw/scratch/2022_sketched_distance/references/SGB_genome_fastas_part5/15085/KarlssonFH_2013__S144__bin.41.fa	/home/jshaw/scratch/2022_sketched_distance/references/SGB_genome_fastas_part5/15085/LeChatelierE_2013__MH0200__bin.5.fa	/home/jshaw/scratch/2022_sketched_distance/references/SGB_genome_fastas_part5/15085/LiJ_2014__MH0245__bin.25.fa	/home/jshaw/scratch/2022_sketched_distance/references/SGB_genome_fastas_part5/15085/LiJ_2014__V1.FI14__bin.38.fa	/home/jshaw/scratch/2022_sketched_distance/references/SGB_genome_fastas_part5/15085/LiSS_2016__FAT_008-22-42-0__bin.15.fa	/home/jshaw/scratch/2022_sketched_distance/references/SGB_genome_fastas_part5/15085/LiuW_2016__SRR3992983__bin.32.fa	/home/jshaw/scratch/2022_sketched_distance/references/SGB_genome_fastas_part5/15085/NielsenHB_2014__V1_UC9_0__bin.13.fa	/home/jshaw/scratch/2022_sketched_distance/references/SGB_genome_fastas_part5/15085/QinJ_2012__T2D-099__bin.10.fa	/home/jshaw/scratch/2022_sketched_distance/references/SGB_genome_fastas_part5/15085/RaymondF_2016__P7C0__bin.13.fa	/home/jshaw/scratch/2022_sketched_distance/references/SGB_genome_fastas_part5/15085/RaymondF_2016__P7C7__bin.83.fa	/home/jshaw/scratch/2022_sketched_distance/references/SGB_genome_fastas_part5/15085/RaymondF_2016__P7C90__bin.37.fa	/home/jshaw/scratch/2022_sketched_distance/references/SGB_genome_fastas_part5/15085/XieH_2016__YSZC12003_36474__bin.114.fa	/home/jshaw/scratch/2022_sketched_distance/references/SGB_genome_fastas_part5/15085/XieH_2016__YSZC12003_36666__bin.31.fa	/home/jshaw/scratch/2022_sketched_distance/references/SGB_genome_fastas_part5/15085/XieH_2016__YSZC12003_37322__bin.16.fa	/home/jshaw/scratch/2022_sketched_distance/references/SGB_genome_fastas_part5/15085/YuJ_2015__SZAXPI003412-1__bin.62.fa	/home/jshaw/scratch/2022_sketched_distance/references/SGB_genome_fastas_part5/15085/YuJ_2015__SZAXPI015249-37__bin.28.fa	/home/jshaw/scratch/2022_sketched_distance/references/SGB_genome_fastas_part5/15085/ZellerG_2014__CCIS07539127ST-4-0__bin.34.fa	/home/jshaw/scratch/2022_sketched_distance/references/SGB_genome_fastas_part5/15085/ZellerG_2014__CCIS41222843ST-4-0__bin.49.fa
1.0	0.9791504959909388	0.9724373525718831	0.9761517117002195	0.9758610266235699	0.9769007781608527	0.9774625631417543	0.9696879437974839	0.9730654772175257	0.9747081955381282	0.9740610481904401	0.969222479273933	0.9761844835682761	0.9778470035820899	0.9726292701090234	0.9746197635640202	0.9771751781249421	0.9772599178176086	0.9751175132636386	0.97538755577129	0.9736983786559072	0.9687921864557104	0.9758610266235699	0.9732629881496735	0.9757884603070213	0.9774287387635314	0.976662056833645	0.9755663460155086	0.9790304823033026	0.9746510758380037	0.9733530564537047	0.9767154484203325	0.9767910971869466	0.9759650660745708
0.9791504959909388	1.0	0.9771767968934661	0.9815180892483721	0.9934046945045756	0.9814296837326674	0.9805445210993318	0.9745868452495225	0.978400938880949	0.9773791100600033	0.9762964207505438	0.9733889257528581	0.9796580284072461	0.9835939462909359	0.979794274571368	0.9797451384350052	0.9796911658438384	0.9789022659041187	0.9774550849974284	0.979896844333435	0.9783425314116281	0.9723949420264965	0.9800610708956575	0.9784138108686118	0.9794422141034694	0.9808056746297455	0.9801135741793666	0.9773410560486113	0.9812140090476325	0.9792712575882078	0.9780069105858394	0.9805789595640337	0.9804268343890535	0.979477895062234
0.9724373525718831	0.9771767968934661	1.0	0.9731889794503215	0.9716098505783776	0.9739588047151713	0.9780509011313464	0.9766016625183686	0.9760911474122643	0.984020266008457	0.974010017199141	0.9739941352900264	0.9749680182255174	0.9772231877486257	0.9714003700588916	0.9722758088264432	0.9762348242935531	0.9754611087851514	0.9747686681709413	0.9756562699379853	0.9713255317822098	0.972013874979276	0.972284137374442	0.9709123233487638	0.9764728850299768	0.9776377592920072	0.9771767968934661	0.9755100089909309	0.9773619652299439	0.972758044825981	0.9737531430397681	0.9737015233746941	0.9757048777729628	0.9763302576549682
0.9761517117002195	0.9815180892483721	0.9731889794503215	1.0	0.9750574548398002	0.9780759231369868	0.9730163530979525	0.9664312833397949	0.9758101178790405	0.9764336590821346	0.9752909047531871	0.96472786012486	0.9777540260167796	0.9809852747212218	0.9761517117002195	0.9766574715313209	0.9788670320762327	0.979588485738314	0.9777540260167796	0.9777540260167796	0.9736815564057265	0.9636620482458109	0.9755226902231117	0.9699281855783206	0.9788148842282581	0.9801443666179684	0.9797410303091888	0.9783417639998876	0.9808384423558478	0.9758672998530187	0.9770454788301951	0.9762647839531391	0.9781825197096519	0.9796394131465566
0.9758610266235699	0.9934046945045756	0.9716098505783776	0.9750574548398002	1.0	0.9772266265757246	0.9729406319442924	0.9691546748934483	0.9756110224858632	0.9762570793358283	0.976207835589142	0.9676565945083138	0.9773220123611202	0.981222462032366	0.9757112548633489	0.9748492652848832	0.9793528407239135	0.9790832429687042	0.9773220123611202	0.9785372721847894	0.9729446808699228	0.9665114572366869	0.973431406310177	0.9710371114223262	0.9797531083470136	0.9807113753892904	0.9802792801304571	0.977274354381002	0.9803227476470552	0.9747463352738216	0.9761091239622502	0.9767938995089025	0.9791283308530732	0.9785372721847894
0.9769007781608527	0.9814296837326674	0.9739588047151713	0.9780759231369868	0.9772266265757246	1.0	0.9768634057774653	0.9729209507333326	0.9751613462563431	0.9773874243812692	0.97872102996502	0.9710459839761023	0.9785095875426317	0.9814296837326674	0.9756281848896292	0.9758725298033906	0.9803248912234559	0.9792644521525221	0.9779964616278111	0.9785943290490511	0.9742654268151918	0.9714727372444856	0.9766969519956956	0.9735523934043924	0.97947107491902	0.981156965292341	0.9804450635851994	0.9781255021112026	0.982310083687162	0.974255442993753	0.9776062466047093	0.9769847773570436	0.9789729651533325	0.9790147658838166
0.9774625631417543	0.9805445210993318	0.9780509011313464	0.9730163530979525	0.9729406319442924	0.9768634057774653	1.0	0.9647936053946318	0.976593533722471	0.9797547961262479	0.9767287493723618	0.968650723655774	0.9792591467721605	0.979999827937679	0.9749967704813944	0.976525714700908	0.9791340496304495	0.9807240865647582	0.9798162266299943	0.9806044859240908	0.976593533722471	0.9601854625339938	0.9773303662262072	0.9699236534762811	0.9781802132578475	0.9796315873692396	0.9789455002457804	0.9803639636758411	0.9805445210993318	0.976930525729005	0.9768634057774653	0.9784373091559643	0.9801216580022614	0.981139276586926
0.9696879437974839	0.9745868452495225	0.9766016625183686	0.9664312833397949	0.9691546748934483	0.9729209507333326	0.9647936053946318	1.0	0.9741289468387515	0.982198134127792	0.9720196509542932	0.967580656311902	0.9722996527122197	0.975357105149851	0.9710201337088528	0.9709475448946316	0.9738643621448548	0.974391393017145	0.9733286333708011	0.9739969240186159	0.9710925600955063	0.9612924221825695	0.9690777700241323	0.9654985287592837	0.9733286333708011	0.9749100083957604	0.9742604350437334	0.9735305694672054	0.9751023748213068	0.9727151714539345	0.9713806560375581	0.9699887644608548	0.9729209507333326	0.9733960851384595
0.9730654772175257	0.978400938880949	0.9760911474122643	0.9758101178790405	0.9756110224858632	0.9751613462563431	0.976593533722471	0.9741289468387515	1.0	0.9779916631183504	0.9749277768093806	0.9736929411569203	0.975108277702699	0.978400938880949	0.9721417959281433	0.9749618245097463	0.9771150831409884	0.9772417620169944	0.9760835082970567	0.976170732650913	0.9759095002777749	0.9733652498538379	0.9756110224858632	0.9753458970987474	0.9765603746834958	0.9786440613288943	0.9779504515469016	0.976732062937578	0.9780739302967412	0.9749803528561722	0.974241824839012	0.9758012419199249	0.9779916631183504	0.9773679501630118
0.9747081955381282	0.9773791100600033	0.984020266008457	0.9764336590821346	0.9762570793358283	0.9773874243812692	0.9797547961262479	0.982198134127792	0.9779916631183504	1.0	0.971281044533321	0.9787287414696634	0.9768033601129703	0.9751894195827668	0.9743801789308316	0.9767584310941855	0.9750380397702271	0.9734592132654923	0.9743415848537237	0.977029003036795	0.9751724861978991	0.9746625818082875	0.9765997149279984	0.9748514010629109	0.9757889577359695	0.9752279478724969	0.974996090118023	0.974101625049914	0.9751508455729709	0.9751204566014462	0.9744741588037725	0.97653465002595	0.9758412257769421	0.9740118015545308
0.9740610481904401	0.9762964207505438	0.974010017199141	0.9752909047531871	0.976207835589142	0.97872102996502	0.9767287493723618	0.9720196509542932	0.9749277768093806	0.971281044533321	1.0	0.9714376188288912	0.9739875976132082	0.9758190490437447	0.9743801789308316	0.9743236743607416	0.9768126679031165	0.9732106797673057	0.9729886522666583	0.9739285966510354	0.9739057257407897	0.9698748369612942	0.9764043650572547	0.9752366573747232	0.9741987228859739	0.9748901830682815	0.9740550592222452	0.972480251175991	0.9757426490024379	0.9738372254994778	0.9742980697714997	0.9776046834199057	0.9747569398407872	0.9735271036893239
0.969222479273933	0.9733889257528581	0.9739941352900264	0.96472786012486	0.9676565945083138	0.9710459839761023	0.968650723655774	0.967580656311902	0.9736929411569203	0.9787287414696634	0.9714376188288912	1.0	0.9725848882009939	0.9725222054727519	0.9684490305516713	0.970914378987151	0.9735716765514748	0.9728964968367325	0.9730820348178971	0.9728964968367325	0.9687324326042692	0.9638600684457818	0.9696366829650545	0.9663163503527594	0.9722069606164278	0.9739941352900264	0.9730820348178971	0.9736929411569203	0.9739941352900264	0.9707159625791417	0.9709802483722579	0.9715671181290029	0.9736323654917063	0.9738739927809685
0.9761844835682761	0.9796580284072461	0.9749680182255174	0.9777540260167796	0.9773220123611202	0.9785095875426317	0.9792591467721605	0.9722996527122197	0.975108277702699	0.9768033601129703	0.9739875976132082	0.9725848882009939	1.0	0.9800303280747391	0.975108277702699	0.9791521831768951	0.9782423774078814	0.9788621018567374	0.9848092988909614	0.9785537113945656	0.9790118900127753	0.9709224027137828	0.9799294423217296	0.9764185756288549	0.9779675002442196	0.9794325941404016	0.9788621018567374	0.978746796785058	0.9790533761047508	0.9784402625143905	0.9759335995686629	0.9787255614696946	0.9809429302950836	0.9803618081628237
0.9778470035820899	0.9835939462909359	0.9772231877486257	0.9809852747212218	0.981222462032366	0.9814296837326674	0.979999827937679	0.975357105149851	0.978400938880949	0.9751894195827668	0.9758190490437447	0.9725222054727519	0.9800303280747391	1.0	0.9969954223761562	0.9794500069364969	0.979991565200719	0.9777441769847791	0.9783494300794369	0.9805579186605148	0.9788791124362739	0.9732916327236538	0.9819330985469965	0.9779137422481121	0.9802450772747102	0.9789761606101881	0.9797086811322704	0.9787115982968511	0.9796497722192791	0.979638411948201	0.9789770008919604	0.9808580446297781	0.9805409218264137	0.9779929373419776
0.9726292701090234	0.979794274571368	0.9714003700588916	0.9761517117002195	0.9757112548633489	0.9756281848896292	0.9749967704813944	0.9710201337088528	0.9721417959281433	0.9743801789308316	0.9743801789308316	0.9684490305516713	0.975108277702699	0.9969954223761562	1.0	0.9738744165989629	0.97740990449398	0.9764310116227338	0.9755995486015738	0.9756880785644829	0.9741117568836423	0.9685371054762105	0.9756110224858632	0.9726763146790283	0.976170732650913	0.9781969431464368	0.9777850822484324	0.975421762334473	0.9779916631183504	0.9735450430093268	0.9731132381897032	0.9750034392577324	0.9771995904419886	0.9761271497020639
0.9746197635640202	0.9797451384350052	0.9722758088264432	0.9766574715313209	0.9748492652848832	0.9758725298033906	0.976525714700908	0.9709475448946316	0.9749618245097463	0.9767584310941855	0.9743236743607416	0.970914378987151	0.9791521831768951	0.9794500069364969	0.9738744165989629	1.0	0.977486199602337	0.9802449550561758	0.9785046872887362	0.9798708113990853	0.9756656801673116	0.9689611278704976	0.9781681479246769	0.9730880976730284	0.977350975813316	0.9789377757275799	0.9785917661627421	0.9791521831768951	0.9788947246731275	0.9777103329396183	0.9758252285231217	0.9764348452418855	0.9808591629092764	0.9810613609090933
0.9771751781249421	0.9796911658438384	0.9762348242935531	0.9788670320762327	0.9793528407239135	0.9803248912234559	0.9791340496304495	0.9738643621448548	0.9771150831409884	0.9750380397702271	0.9768126679031165	0.9735716765514748	0.9782423774078814	0.979991565200719	0.97740990449398	0.977486199602337	1.0	0.9773456051587242	0.9760751535028329	0.97731134827507	0.9782069954106609	0.9707634302233673	0.9793528407239135	0.9776099770921822	0.9769997630390029	0.978785842985645	0.9777583097646476	0.976348817500748	0.9792877214631192	0.978398151887857	0.9761844835682761	0.9794381541842883	0.9777210064025621	0.9779070977310086
0.9772599178176086	0.9789022659041187	0.9754611087851514	0.979588485738314	0.9790832429687042	0.9792644521525221	0.9807240865647582	0.974391393017145	0.9772417620169944	0.9734592132654923	0.9732106797673057	0.9728964968367325	0.9788621018567374	0.9777441769847791	0.9764310116227338	0.9802449550561758	0.9773456051587242	1.0	0.977118270442081	0.980118691936324	0.9791880905845208	0.9714727372444856	0.9818502908511597	0.9770456109658802	0.9773809317568112	0.9780680911027207	0.977453525650031	0.9779810203745526	0.976528155849256	0.9788999265278653	0.977730032308878	0.9803378324237918	0.9794986228682915	0.9785303579663698
0.9751175132636386	0.9774550849974284	0.9747686681709413	0.9777540260167796	0.9773220123611202	0.9779964616278111	0.9798162266299943	0.9733286333708011	0.9760835082970567	0.9743415848537237	0.9729886522666583	0.9730820348178971	0.9848092988909614	0.9783494300794369	0.9755995486015738	0.9785046872887362	0.9760751535028329	0.977118270442081	1.0	0.9782221960159417	0.978611925206475	0.972013874979276	0.9804960418309198	0.9766813095193292	0.9760268497997401	0.9774586803594594	0.9769276051971751	0.9766973234461874	0.9767742651358304	0.9786081634268344	0.9756384349458074	0.9788524491374673	0.977832788646702	0.9777955704796873
0.97538755577129	0.979896844333435	0.9756562699379853	0.9777540260167796	0.9785372721847894	0.9785943290490511	0.9806044859240908	0.9739969240186159	0.976170732650913	0.977029003036795	0.9739285966510354	0.9728964968367325	0.9785537113945656	0.9805579186605148	0.9756880785644829	0.9798708113990853	0.97731134827507	0.980118691936324	0.9782221960159417	1.0	0.9781616912626769	0.9718601844394387	0.9806254121182015	0.9757253715286194	0.9783002104264797	0.9801923076141259	0.9796734796381941	0.978802805613145	0.9786875075262673	0.9774142846667847	0.9761428036815959	0.9788524491374673	0.9802290533467525	0.9801923076141259
0.9736983786559072	0.9783425314116281	0.9713255317822098	0.9736815564057265	0.9729446808699228	0.9742654268151918	0.976593533722471	0.9710925600955063	0.9759095002777749	0.9751724861978991	0.9739057257407897	0.9687324326042692	0.9790118900127753	0.9788791124362739	0.9741117568836423	0.9756656801673116	0.9782069954106609	0.9791880905845208	0.978611925206475	0.9781616912626769	1.0	0.9692128946366183	0.9770350129222771	0.9725576954751245	0.9776591455679845	0.9794506207388926	0.9787457923429582	0.9791880905845208	0.9777051530653383	0.9777969736741752	0.975321231515339	0.9754692993807839	0.9796244752921266	0.9808997026611652
0.9687921864557104	0.9723949420264965	0.972013874979276	0.9636620482458109	0.9665114572366869	0.9714727372444856	0.9601854625339938	0.9612924221825695	0.9733652498538379	0.9746625818082875	0.9698748369612942	0.9638600684457818	0.9709224027137828	0.9732916327236538	0.9685371054762105	0.9689611278704976	0.9707634302233673	0.9714727372444856	0.972013874979276	0.9718601844394387	0.9692128946366183	1.0	0.9691291902171537	0.9646401680369516	0.9717057612810128	0.9729210200800323	0.9717057612810128	0.9729210200800323	0.9724706207106895	0.9697106180209641	0.9702007934725684	0.9698748369612942	0.9730697736675898	0.9727715810420925
0.9758610266235699	0.9800610708956575	0.972284137374442	0.9755226902231117	0.973431406310177	0.9766969519956956	0.9773303662262072	0.9690777700241323	0.9756110224858632	0.9765997149279984	0.9764043650572547	0.9696366829650545	0.9799294423217296	0.9819330985469965	0.9756110224858632	0.9781681479246769	0.9793528407239135	0.9818502908511597	0.9804960418309198	0.9806254121182015	0.9770350129222771	0.9691291902171537	1.0	0.9722592344722438	0.979531343493126	0.9809679172413198	0.9802792801304571	0.9810529858366787	0.9794422141034694	0.9775592621109094	0.977794796951304	0.9783993397277523	0.9823031625428128	0.9822212868429988
0.9732629881496735	0.9784138108686118	0.9709123233487638	0.9699281855783206	0.9710371114223262	0.9735523934043924	0.9699236534762811	0.9654985287592837	0.9753458970987474	0.9748514010629109	0.9752366573747232	0.9663163503527594	0.9764185756288549	0.9779137422481121	0.9726763146790283	0.9730880976730284	0.9776099770921822	0.9770456109658802	0.9766813095193292	0.9757253715286194	0.9725576954751245	0.9646401680369516	0.9722592344722438	1.0	0.9792950572929038	0.9813994316392364	0.980620285663496	0.9779137422481121	0.9787102122600492	0.9747959897258428	0.9782147027992815	0.9785129109003982	0.9778633109165504	0.9774570260791509
0.9757884603070213	0.9794422141034694	0.9764728850299768	0.9788148842282581	0.9797531083470136	0.97947107491902	0.9781802132578475	0.9733286333708011	0.9765603746834958	0.9757889577359695	0.9741987228859739	0.9722069606164278	0.9779675002442196	0.9802450772747102	0.976170732650913	0.977350975813316	0.9769997630390029	0.9773809317568112	0.9760268497997401	0.9783002104264797	0.9776591455679845	0.9717057612810128	0.979531343493126	0.9792950572929038	1.0	0.9991890056035743	0.9989536197242501	0.976768901950233	0.9787537179423055	0.9775443120272208	0.9801411955280422	0.9809769270470293	0.9777951300340791	0.9783515951248626
0.9774287387635314	0.9808056746297455	0.9776377592920072	0.9801443666179684	0.9807113753892904	0.981156965292341	0.9796315873692396	0.9749100083957604	0.9786440613288943	0.9752279478724969	0.9748901830682815	0.9739941352900264	0.9794325941404016	0.9789761606101881	0.9781969431464368	0.9789377757275799	0.978785842985645	0.9780680911027207	0.9774586803594594	0.9801923076141259	0.9794506207388926	0.9729210200800323	0.9809679172413198	0.9813994316392364	0.9991890056035743	1.0	0.998845892112273	0.9787115982968511	0.9789016534804581	0.97902417359015	0.9819356893915709	0.982710194027905	0.9798497641808992	0.9779233738358111
0.976662056833645	0.9801135741793666	0.9771767968934661	0.9797410303091888	0.9802792801304571	0.9804450635851994	0.9789455002457804	0.9742604350437334	0.9779504515469016	0.974996090118023	0.9740550592222452	0.9730820348178971	0.9788621018567374	0.9797086811322704	0.9777850822484324	0.9785917661627421	0.9777583097646476	0.977453525650031	0.9769276051971751	0.9796734796381941	0.9787457923429582	0.9717057612810128	0.9802792801304571	0.980620285663496	0.9989536197242501	0.998845892112273	1.0	0.978054819157066	0.9783115810771507	0.9784402625143905	0.9815492617143402	0.9821425757586357	0.9789647264783803	0.9777837998734044
0.9755663460155086	0.9773410560486113	0.9755100089909309	0.9783417639998876	0.977274354381002	0.9781255021112026	0.9803639636758411	0.9735305694672054	0.976732062937578	0.974101625049914	0.972480251175991	0.9736929411569203	0.978746796785058	0.9787115982968511	0.975421762334473	0.9791521831768951	0.976348817500748	0.9779810203745526	0.9766973234461874	0.978802805613145	0.9791880905845208	0.9729210200800323	0.9810529858366787	0.9779137422481121	0.976768901950233	0.9787115982968511	0.978054819157066	1.0	0.977870007998542	0.9791067429357406	0.9767215198960807	0.9788524491374673	0.9781287323132767	0.9785304823636443
0.9790304823033026	0.9812140090476325	0.9773619652299439	0.9808384423558478	0.9803227476470552	0.982310083687162	0.9805445210993318	0.9751023748213068	0.9780739302967412	0.9751508455729709	0.9757426490024379	0.9739941352900264	0.9790533761047508	0.9796497722192791	0.9779916631183504	0.9788947246731275	0.9792877214631192	0.976528155849256	0.9767742651358304	0.9786875075262673	0.9777051530653383	0.9724706207106895	0.9794422141034694	0.9787102122600492	0.9787537179423055	0.9789016534804581	0.9783115810771507	0.977870007998542	1.0	0.9782291635054406	0.9780462733419099	0.9813701092240612	0.9785312297611493	0.9767328093191279
0.9746510758380037	0.9792712575882078	0.972758044825981	0.9758672998530187	0.9747463352738216	0.974255442993753	0.976930525729005	0.9727151714539345	0.9749803528561722	0.9751204566014462	0.9738372254994778	0.9707159625791417	0.9784402625143905	0.979638411948201	0.9735450430093268	0.9777103329396183	0.978398151887857	0.9788999265278653	0.9786081634268344	0.9774142846667847	0.9777969736741752	0.9697106180209641	0.9775592621109094	0.9747959897258428	0.9775443120272208	0.97902417359015	0.9784402625143905	0.9791067429357406	0.9782291635054406	1.0	0.9747926033384581	0.9760782108011822	0.9790654843759654	0.979961341422545
0.9733530564537047	0.9780069105858394	0.9737531430397681	0.9770454788301951	0.9761091239622502	0.9776062466047093	0.9768634057774653	0.9713806560375581	0.974241824839012	0.9744741588037725	0.9742980697714997	0.9709802483722579	0.9759335995686629	0.9789770008919604	0.9731132381897032	0.9758252285231217	0.9761844835682761	0.977730032308878	0.9756384349458074	0.9761428036815959	0.975321231515339	0.9702007934725684	0.977794796951304	0.9782147027992815	0.9801411955280422	0.9819356893915709	0.9815492617143402	0.9767215198960807	0.9780462733419099	0.9747926033384581	1.0	0.9801355250292029	0.9772095040848965	0.9785149567872712
0.9767154484203325	0.9805789595640337	0.9737015233746941	0.9762647839531391	0.9767938995089025	0.9769847773570436	0.9784373091559643	0.9699887644608548	0.9758012419199249	0.97653465002595	0.9776046834199057	0.9715671181290029	0.9787255614696946	0.9808580446297781	0.9750034392577324	0.9764348452418855	0.9794381541842883	0.9803378324237918	0.9788524491374673	0.9788524491374673	0.9754692993807839	0.9698748369612942	0.9783993397277523	0.9785129109003982	0.9809769270470293	0.982710194027905	0.9821425757586357	0.9788524491374673	0.9813701092240612	0.9760782108011822	0.9801355250292029	1.0	0.9803378324237918	0.9797681843583904
0.9767910971869466	0.9804268343890535	0.9757048777729628	0.9781825197096519	0.9791283308530732	0.9789729651533325	0.9801216580022614	0.9729209507333326	0.9779916631183504	0.9758412257769421	0.9747569398407872	0.9736323654917063	0.9809429302950836	0.9805409218264137	0.9771995904419886	0.9808591629092764	0.9777210064025621	0.9794986228682915	0.977832788646702	0.9802290533467525	0.9796244752921266	0.9730697736675898	0.9823031625428128	0.9778633109165504	0.9777951300340791	0.9798497641808992	0.9789647264783803	0.9781287323132767	0.9785312297611493	0.9790654843759654	0.9772095040848965	0.9803378324237918	1.0	0.9801625956735138
0.9759650660745708	0.979477895062234	0.9763302576549682	0.9796394131465566	0.9785372721847894	0.9790147658838166	0.981139276586926	0.9733960851384595	0.9773679501630118	0.9740118015545308	0.9735271036893239	0.9738739927809685	0.9803618081628237	0.9779929373419776	0.9761271497020639	0.9810613609090933	0.9779070977310086	0.9785303579663698	0.9777955704796873	0.9801923076141259	0.9808997026611652	0.9727715810420925	0.9822212868429988	0.9774570260791509	0.9783515951248626	0.9779233738358111	0.9777837998734044	0.9785304823636443	0.9767328093191279	0.979961341422545	0.9785149567872712	0.9797681843583904	0.9801625956735138	1.0
