/home/jshaw/scratch/2022_sketched_distance/references/SGB_genome_fastas_part3/5071/Bengtsson-PalmeJ_2015__TRAVELRES68__bin.47.fa	/home/jshaw/scratch/2022_sketched_distance/references/SGB_genome_fastas_part3/5071/Bengtsson-PalmeJ_2015__TRAVELRES8__bin.35.fa	/home/jshaw/scratch/2022_sketched_distance/references/SGB_genome_fastas_part3/5071/BritoIL_2016__M1.26.ST__bin.14.fa	/home/jshaw/scratch/2022_sketched_distance/references/SGB_genome_fastas_part3/5071/BritoIL_2016__M1.62.ST__bin.60.fa	/home/jshaw/scratch/2022_sketched_distance/references/SGB_genome_fastas_part3/5071/BritoIL_2016__W2.52.ST__bin.10.fa	/home/jshaw/scratch/2022_sketched_distance/references/SGB_genome_fastas_part3/5071/BritoIL_2016__W2.68.ST__bin.11.fa	/home/jshaw/scratch/2022_sketched_distance/references/SGB_genome_fastas_part3/5071/HeQ_2017__SZAXPI029492-90__bin.5.fa	/home/jshaw/scratch/2022_sketched_distance/references/SGB_genome_fastas_part3/5071/LeChatelierE_2013__MH0313__bin.50.fa	/home/jshaw/scratch/2022_sketched_distance/references/SGB_genome_fastas_part3/5071/LiJ_2017__H3M615132__bin.31.fa	/home/jshaw/scratch/2022_sketched_distance/references/SGB_genome_fastas_part3/5071/LiuW_2016__SRR3993044__bin.101.fa	/home/jshaw/scratch/2022_sketched_distance/references/SGB_genome_fastas_part3/5071/QinJ_2012__CON-057__bin.26.fa	/home/jshaw/scratch/2022_sketched_distance/references/SGB_genome_fastas_part3/5071/QinJ_2012__CON-075__bin.51.fa	/home/jshaw/scratch/2022_sketched_distance/references/SGB_genome_fastas_part3/5071/QinJ_2012__CON-101__bin.59.fa	/home/jshaw/scratch/2022_sketched_distance/references/SGB_genome_fastas_part3/5071/QinJ_2012__DOM022__bin.11.fa	/home/jshaw/scratch/2022_sketched_distance/references/SGB_genome_fastas_part3/5071/QinN_2014__HD-20__bin.7.fa	/home/jshaw/scratch/2022_sketched_distance/references/SGB_genome_fastas_part3/5071/QinN_2014__HD-39__bin.8.fa	/home/jshaw/scratch/2022_sketched_distance/references/SGB_genome_fastas_part3/5071/QinN_2014__HD-40__bin.11.fa	/home/jshaw/scratch/2022_sketched_distance/references/SGB_genome_fastas_part3/5071/QinN_2014__LD-45__bin.33.fa	/home/jshaw/scratch/2022_sketched_distance/references/SGB_genome_fastas_part3/5071/QinN_2014__LD-98__bin.15.fa	/home/jshaw/scratch/2022_sketched_distance/references/SGB_genome_fastas_part3/5071/SchirmerM_2016__G88728__bin.16.fa	/home/jshaw/scratch/2022_sketched_distance/references/SGB_genome_fastas_part3/5071/WenC_2017__N017__bin.35.fa	/home/jshaw/scratch/2022_sketched_distance/references/SGB_genome_fastas_part3/5071/WenC_2017__N310__bin.37.fa	/home/jshaw/scratch/2022_sketched_distance/references/SGB_genome_fastas_part3/5071/ZeeviD_2015__PNP_DietIntervention_2__bin.17.fa	/home/jshaw/scratch/2022_sketched_distance/references/SGB_genome_fastas_part3/5071/ZeeviD_2015__PNP_Main_170__bin.44.fa	/home/jshaw/scratch/2022_sketched_distance/references/SGB_genome_fastas_part3/5071/ZeeviD_2015__PNP_Main_176__bin.29.fa	/home/jshaw/scratch/2022_sketched_distance/references/SGB_genome_fastas_part3/5071/ZeeviD_2015__PNP_Main_303__bin.16.fa	/home/jshaw/scratch/2022_sketched_distance/references/SGB_genome_fastas_part3/5071/ZeeviD_2015__PNP_Main_316__bin.11.fa	/home/jshaw/scratch/2022_sketched_distance/references/SGB_genome_fastas_part3/5071/ZeeviD_2015__PNP_Main_335__bin.20.fa	/home/jshaw/scratch/2022_sketched_distance/references/SGB_genome_fastas_part3/5071/ZeeviD_2015__PNP_Main_76__bin.23.fa	/home/jshaw/scratch/2022_sketched_distance/references/SGB_genome_fastas_part3/5071/ZellerG_2014__CCIS41692898ST-4-0__bin.27.fa
1.0	0.9876571332738887	0.985643587706774	0.9866010693459055	0.9866853345062994	0.9895146035200083	0.9871879118653292	0.9865156384689471	0.985815432643017	0.9853518956008419	0.9825903518079766	0.9821530382901186	0.9804845618048104	0.9815164567949372	0.9847749381967423	0.9868071543249329	0.9816895236038156	0.982363401095133	0.9838424507652725	0.984997984804756	0.986529152647767	0.9828702242704909	0.988172725251714	0.9848915097640552	0.9878557754394273	0.9809838443939278	0.9851704414676185	0.9839429208514133	0.9866010693459055	0.9841239753625198
0.9876571332738887	1.0	0.9904520338150467	0.9901792874565777	0.9921171563464314	0.9910952594656713	0.9902943732169828	0.9926010866786557	0.9917548092423034	0.9920371577746396	0.9881828799140328	0.9878566825413819	0.986347933113241	0.9874170750861286	0.9878339135643986	0.9871810825142866	0.9885772453198947	0.9840208245349797	0.9862234643158682	0.9916327887804832	0.9915516806823574	0.9886448324575008	0.9916321993427383	0.9919908603012384	0.9901770710295871	0.9866978103932167	0.9920297094082382	0.9872416058943062	0.991591355718902	0.9900673412743043
0.985643587706774	0.9904520338150467	1.0	0.9901786487328199	0.9914650215874081	0.989630052788593	0.9901947930380028	0.99119813189706	0.9905591057575373	0.9916502732763228	0.9867224202031007	0.986905244142513	0.9852027518600056	0.9858365594891397	0.9871534835195384	0.9854292847926636	0.9877767127556731	0.9831030142119546	0.986419627717837	0.9904338178003014	0.9904030418532836	0.9872334284308703	0.9920464643340243	0.991294743340082	0.9887089289700415	0.9855901556096281	0.9908201102745704	0.9859639820268866	0.9906277312799175	0.9886043218193845
0.9866010693459055	0.9901792874565777	0.9901786487328199	1.0	0.9919434521191806	0.9915695636946756	0.9896763927255076	0.9918828560018284	0.9906979685907658	0.9910745232826264	0.9874190026070016	0.9868851270305854	0.9857564669354357	0.9877516957274349	0.987046113467906	0.9872902574991771	0.9877477592798656	0.9829697751445383	0.9858166389574241	0.9911882582924355	0.99090021442428	0.9880054381856171	0.9907513657740517	0.9914011626269583	0.9891815518182476	0.9858188366279725	0.9907848911294233	0.9866544855493978	0.9906677452496968	0.9891627512762018
0.9866853345062994	0.9921171563464314	0.9914650215874081	0.9919434521191806	1.0	0.989630052788593	0.9910934764926688	0.9912803945101839	0.9907325932501069	0.9913636521738305	0.9865298550136417	0.9871057415730674	0.9856368854972534	0.9859608717685885	0.9880672087687139	0.9851977884489461	0.9884073327617872	0.9824991243475663	0.9876009618511393	0.9904592454881662	0.9905511342331168	0.9873533840316472	0.9927566795924812	0.9913373521898501	0.9885437369186109	0.9860870601684433	0.9908025053966312	0.9870179031792375	0.9919592811727714	0.9891627512762018
0.9895146035200083	0.9910952594656713	0.989630052788593	0.9915695636946756	0.989630052788593	1.0	0.9898978735166734	0.9897833593146879	0.987446427721596	0.9850996603360955	0.9814329310419089	0.9819403738762039	0.9788458868599667	0.9816967452419909	0.9875284211594744	0.9867185500652811	0.9798627180421563	0.9842818980983475	0.9866150567434416	0.9833364085746769	0.9864462310473356	0.9830617540963154	0.9917681996731466	0.9835706294036836	0.9905019942637971	0.980904713668653	0.9858052992090609	0.9867620716159107	0.9900689031021208	0.9868457860225587
0.9871879118653292	0.9902943732169828	0.9901947930380028	0.9896763927255076	0.9910934764926688	0.9898978735166734	1.0	0.9919956103486641	0.9916539988712127	0.9913112711174217	0.9882032813202638	0.9876017048713842	0.986347933113241	0.9871189697396148	0.988137123571427	0.9872247959818227	0.9886054790923807	0.9836742052121127	0.9866159005061046	0.9907124511080436	0.9920143238871177	0.9883750883412148	0.9912097505854737	0.9912307268677489	0.9893435861643013	0.9868788452780651	0.9910655983582574	0.9875749527615767	0.9910779456635849	0.9898646898010961
0.9865156384689471	0.9926010866786557	0.99119813189706	0.9918828560018284	0.9912803945101839	0.9897833593146879	0.9919956103486641	1.0	0.9944131652777769	0.9919858339932643	0.9869138645414496	0.986905244142513	0.9860416993048272	0.9857117751564336	0.9887364773877292	0.9857734988328721	0.9880361547527351	0.9819298611441957	0.9879642979568662	0.9909386880220045	0.9916590206131	0.9873134473931622	0.9931646521653117	0.9916129786258153	0.9887638094910324	0.9855484056923538	0.9903771479006619	0.9876356066427472	0.9918989873262655	0.9890719925702013
0.985815432643017	0.9917548092423034	0.9905591057575373	0.9906979685907658	0.9907325932501069	0.987446427721596	0.9916539988712127	0.9944131652777769	1.0	0.9917538859649114	0.9864223851030068	0.9864190046184114	0.985564927161875	0.9847175427171673	0.9888638285123481	0.9839428377162084	0.987602608733825	0.9811864511526934	0.9876705352348252	0.990535411261316	0.9911732214308293	0.9864838783747628	0.9925831538514092	0.9897900264283247	0.9866485133950303	0.9842271051407466	0.9888062827165417	0.9872885860666453	0.9911110879015947	0.9883284667479332
0.9853518956008419	0.9920371577746396	0.9916502732763228	0.9910745232826264	0.9913636521738305	0.9850996603360955	0.9913112711174217	0.9919858339932643	0.9917538859649114	1.0	0.9835441339969178	0.9851944757350859	0.9811345214010148	0.9841687100878316	0.9880925998483846	0.9787644181738926	0.9770694882287413	0.9807753381228008	0.9869757643953216	0.9832105678347542	0.9911799540339888	0.9850362976303394	0.993022376636099	0.9837756272031436	0.9874211578249981	0.9821543901981019	0.988778940756944	0.9873916517371941	0.9922671341495031	0.9891168243492902
0.9825903518079766	0.9881828799140328	0.9867224202031007	0.9874190026070016	0.9865298550136417	0.9814329310419089	0.9882032813202638	0.9869138645414496	0.9864223851030068	0.9835441339969178	1.0	0.9893851423814469	0.9921975058911903	0.9874398826881589	0.9966513082287681	0.9840151687573556	0.9938883139965912	0.9838249772614714	0.9916473432652863	0.9831782138441894	0.9851940843831513	0.9945480560694723	0.9886086785607461	0.9834896592733933	0.981682641754373	0.9937128414992252	0.9849022527926214	0.9929974334986408	0.9874607495320118	0.9863577341478086
0.9821530382901186	0.9878566825413819	0.986905244142513	0.9868851270305854	0.9871057415730674	0.9819403738762039	0.9876017048713842	0.986905244142513	0.9864190046184114	0.9851944757350859	0.9893851423814469	1.0	0.9879495962054546	0.988051484409887	0.991636743130269	0.9864736503011452	0.9895238811230316	0.9842464536186502	0.9918970576704117	0.9845448128007073	0.9857905415398184	0.9895345890314609	0.9881290836694302	0.9852264048267455	0.9813291959763656	0.9871656533254629	0.9847656737839959	0.9901944677899014	0.986905244142513	0.9868247017745686
0.9804845618048104	0.986347933113241	0.9852027518600056	0.9857564669354357	0.9856368854972534	0.9788458868599667	0.986347933113241	0.9860416993048272	0.985564927161875	0.9811345214010148	0.9921975058911903	0.9879495962054546	1.0	0.9862304882366077	0.9949830543617142	0.9792851534428435	0.9907364143438878	0.9813697330636706	0.9901104884091639	0.9810151043512142	0.9845405963392078	0.9929353761992282	0.9873410123144905	0.9804624591648579	0.9790223036267087	0.9915030098547626	0.9837127196035114	0.9911805998888406	0.986254010800424	0.9852512732687095
0.9815164567949372	0.9874170750861286	0.9858365594891397	0.9877516957274349	0.9859608717685885	0.9816967452419909	0.9871189697396148	0.9857117751564336	0.9847175427171673	0.9841687100878316	0.9874398826881589	0.988051484409887	0.9862304882366077	1.0	0.9902948144645466	0.9870715441046946	0.988633688695562	0.9832684996192058	0.9911537825329007	0.9839616625588808	0.9848817175881818	0.9877303847562783	0.9876536304724163	0.9835706294036836	0.9811353455089722	0.9857326054814558	0.9836034947229643	0.9894501171785476	0.9862491182305876	0.9858365594891397
0.9847749381967423	0.9878339135643986	0.9871534835195384	0.987046113467906	0.9880672087687139	0.9875284211594744	0.988137123571427	0.9887364773877292	0.9888638285123481	0.9880925998483846	0.9966513082287681	0.991636743130269	0.9949830543617142	0.9902948144645466	1.0	0.9906252375273862	0.996210247846202	0.987064626482516	0.9906698218980883	0.9879241646614295	0.9893665111748413	0.9969790540751029	0.9885371101084915	0.9885162599774696	0.985881212782616	0.9960037612323109	0.9878573534684364	0.9940953476000599	0.9878867015084897	0.9876399654172052
0.9868071543249329	0.9871810825142866	0.9854292847926636	0.9872902574991771	0.9851977884489461	0.9867185500652811	0.9872247959818227	0.9857734988328721	0.9839428377162084	0.9787644181738926	0.9840151687573556	0.9864736503011452	0.9792851534428435	0.9870715441046946	0.9906252375273862	1.0	0.9806992305294577	0.9879805313250686	0.9911529367091974	0.9770577211273183	0.9829379803314011	0.9863392958569234	0.9875075269435495	0.9774851247926205	0.9870495925950393	0.9841353671722377	0.9821826905863016	0.9902487729992081	0.9856133143055156	0.9845644713064227
0.9816895236038156	0.9885772453198947	0.9877767127556731	0.9877477592798656	0.9884073327617872	0.9798627180421563	0.9886054790923807	0.9880361547527351	0.987602608733825	0.9770694882287413	0.9938883139965912	0.9895238811230316	0.9907364143438878	0.988633688695562	0.996210247846202	0.9806992305294577	1.0	0.9835186982410147	0.991546544669271	0.9782388841394343	0.9873397139136011	0.9947430567382207	0.9896334842966558	0.9812687783116549	0.9808067791667613	0.993767836702857	0.9856240707143143	0.9931341910020267	0.9881794109244472	0.9873103733357975
0.982363401095133	0.9840208245349797	0.9831030142119546	0.9829697751445383	0.9824991243475663	0.9842818980983475	0.9836742052121127	0.9819298611441957	0.9811864511526934	0.9807753381228008	0.9838249772614714	0.9842464536186502	0.9813697330636706	0.9832684996192058	0.987064626482516	0.9879805313250686	0.9835186982410147	1.0	0.9876872649715568	0.979346916112639	0.9813402195862754	0.9839502573586901	0.9846398862550207	0.9805216891008475	0.982408704709237	0.9819303993409358	0.9798266357425144	0.9866694082532365	0.9826567605077507	0.9819298611441957
0.9838424507652725	0.9862234643158682	0.986419627717837	0.9858166389574241	0.9876009618511393	0.9866150567434416	0.9866159005061046	0.9879642979568662	0.9876705352348252	0.9869757643953216	0.9916473432652863	0.9918970576704117	0.9901104884091639	0.9911537825329007	0.9906698218980883	0.9911529367091974	0.991546544669271	0.9876872649715568	1.0	0.9872306820119452	0.987898407666761	0.9921202489803184	0.9869658371089735	0.987622999418786	0.985011899691611	0.9903050384833728	0.9871961003063688	0.9905761270558184	0.9867444121503961	0.9875855529768304
0.984997984804756	0.9916327887804832	0.9904338178003014	0.9911882582924355	0.9904592454881662	0.9833364085746769	0.9907124511080436	0.9909386880220045	0.990535411261316	0.9832105678347542	0.9831782138441894	0.9845448128007073	0.9810151043512142	0.9839616625588808	0.9879241646614295	0.9770577211273183	0.9782388841394343	0.979346916112639	0.9872306820119452	1.0	0.9893477679940544	0.984997984804756	0.9920229698028714	0.98368177278979	0.9856515243740108	0.9830829291774822	0.9898952609974064	0.9867506259740382	0.9913865659865319	0.9894003034651231
0.986529152647767	0.9915516806823574	0.9904030418532836	0.99090021442428	0.9905511342331168	0.9864462310473356	0.9920143238871177	0.9916590206131	0.9911732214308293	0.9911799540339888	0.9851940843831513	0.9857905415398184	0.9845405963392078	0.9848817175881818	0.9893665111748413	0.9829379803314011	0.9873397139136011	0.9813402195862754	0.987898407666761	0.9893477679940544	1.0	0.9856836575033119	0.9924531508785666	0.9873358073239645	0.9868406906546794	0.9835152644762943	0.9880979756907925	0.9879584051584606	0.9910642892207804	0.9883358720570489
0.9828702242704909	0.9886448324575008	0.9872334284308703	0.9880054381856171	0.9873533840316472	0.9830617540963154	0.9883750883412148	0.9873134473931622	0.9864838783747628	0.9850362976303394	0.9945480560694723	0.9895345890314609	0.9929353761992282	0.9877303847562783	0.9969790540751029	0.9863392958569234	0.9947430567382207	0.9839502573586901	0.9921202489803184	0.984997984804756	0.9856836575033119	1.0	0.9889884333787892	0.9853287661000523	0.9825252815068601	0.9928547042956399	0.9851028813960337	0.9939021652037021	0.9879662852179611	0.9871732862608095
0.988172725251714	0.9916321993427383	0.9920464643340243	0.9907513657740517	0.9927566795924812	0.9917681996731466	0.9912097505854737	0.9931646521653117	0.9925831538514092	0.993022376636099	0.9886086785607461	0.9881290836694302	0.9873410123144905	0.9876536304724163	0.9885371101084915	0.9875075269435495	0.9896334842966558	0.9846398862550207	0.9869658371089735	0.9920229698028714	0.9924531508785666	0.9889884333787892	1.0	0.9936199959725704	0.9912961461609875	0.9878863112543602	0.992367332830033	0.9878357574610531	0.9930558941190417	0.9903523173391336
0.9848915097640552	0.9919908603012384	0.991294743340082	0.9914011626269583	0.9913373521898501	0.9835706294036836	0.9912307268677489	0.9916129786258153	0.9897900264283247	0.9837756272031436	0.9834896592733933	0.9852264048267455	0.9804624591648579	0.9835706294036836	0.9885162599774696	0.9774851247926205	0.9812687783116549	0.9805216891008475	0.987622999418786	0.98368177278979	0.9873358073239645	0.9853287661000523	0.9936199959725704	1.0	0.9858861216708553	0.9847617888751787	0.9895886032891422	0.987383847026887	0.9920950654922094	0.9898568951209217
0.9878557754394273	0.9901770710295871	0.9887089289700415	0.9891815518182476	0.9885437369186109	0.9905019942637971	0.9893435861643013	0.9887638094910324	0.9866485133950303	0.9874211578249981	0.981682641754373	0.9813291959763656	0.9790223036267087	0.9811353455089722	0.985881212782616	0.9870495925950393	0.9808067791667613	0.982408704709237	0.985011899691611	0.9856515243740108	0.9868406906546794	0.9825252815068601	0.9912961461609875	0.9858861216708553	1.0	0.9806459703489527	0.9860161134537361	0.9855402753959169	0.9895226954895695	0.985881212782616
0.9809838443939278	0.9866978103932167	0.9855901556096281	0.9858188366279725	0.9860870601684433	0.980904713668653	0.9868788452780651	0.9855484056923538	0.9842271051407466	0.9821543901981019	0.9937128414992252	0.9871656533254629	0.9915030098547626	0.9857326054814558	0.9960037612323109	0.9841353671722377	0.993767836702857	0.9819303993409358	0.9903050384833728	0.9830829291774822	0.9835152644762943	0.9928547042956399	0.9878863112543602	0.9847617888751787	0.9806459703489527	1.0	0.9835903278478589	0.9932603349941721	0.9863531126439214	0.9852757301066666
0.9851704414676185	0.9920297094082382	0.9908201102745704	0.9907848911294233	0.9908025053966312	0.9858052992090609	0.9910655983582574	0.9903771479006619	0.9888062827165417	0.988778940756944	0.9849022527926214	0.9847656737839959	0.9837127196035114	0.9836034947229643	0.9878573534684364	0.9821826905863016	0.9856240707143143	0.9798266357425144	0.9871961003063688	0.9898952609974064	0.9880979756907925	0.9851028813960337	0.992367332830033	0.9895886032891422	0.9860161134537361	0.9835903278478589	1.0	0.9862595653910905	0.9917057423860572	0.9891598301663216
0.9839429208514133	0.9872416058943062	0.9859639820268866	0.9866544855493978	0.9870179031792375	0.9867620716159107	0.9875749527615767	0.9876356066427472	0.9872885860666453	0.9873916517371941	0.9929974334986408	0.9901944677899014	0.9911805998888406	0.9894501171785476	0.9940953476000599	0.9902487729992081	0.9931341910020267	0.9866694082532365	0.9905761270558184	0.9867506259740382	0.9879584051584606	0.9939021652037021	0.9878357574610531	0.987383847026887	0.9855402753959169	0.9932603349941721	0.9862595653910905	1.0	0.9866185634410046	0.986440403016763
0.9866010693459055	0.991591355718902	0.9906277312799175	0.9906677452496968	0.9919592811727714	0.9900689031021208	0.9910779456635849	0.9918989873262655	0.9911110879015947	0.9922671341495031	0.9874607495320118	0.986905244142513	0.986254010800424	0.9862491182305876	0.9878867015084897	0.9856133143055156	0.9881794109244472	0.9826567605077507	0.9867444121503961	0.9913865659865319	0.9910642892207804	0.9879662852179611	0.9930558941190417	0.9920950654922094	0.9895226954895695	0.9863531126439214	0.9917057423860572	0.9866185634410046	1.0	0.9891973410180642
0.9841239753625198	0.9900673412743043	0.9886043218193845	0.9891627512762018	0.9891627512762018	0.9868457860225587	0.9898646898010961	0.9890719925702013	0.9883284667479332	0.9891168243492902	0.9863577341478086	0.9868247017745686	0.9852512732687095	0.9858365594891397	0.9876399654172052	0.9845644713064227	0.9873103733357975	0.9819298611441957	0.9875855529768304	0.9894003034651231	0.9883358720570489	0.9871732862608095	0.9903523173391336	0.9898568951209217	0.985881212782616	0.9852757301066666	0.9891598301663216	0.986440403016763	0.9891973410180642	1.0
