/home/jshaw/scratch/2022_sketched_distance/references/SGB_genome_fastas_part4/6289/BritoIL_2016__M1.1.ST__bin.103.fa	/home/jshaw/scratch/2022_sketched_distance/references/SGB_genome_fastas_part4/6289/BritoIL_2016__M1.44.ST__bin.14.fa	/home/jshaw/scratch/2022_sketched_distance/references/SGB_genome_fastas_part4/6289/BritoIL_2016__M1.52.ST__bin.86.fa	/home/jshaw/scratch/2022_sketched_distance/references/SGB_genome_fastas_part4/6289/BritoIL_2016__M2.36.ST__bin.40.fa	/home/jshaw/scratch/2022_sketched_distance/references/SGB_genome_fastas_part4/6289/BritoIL_2016__M2.46.ST__bin.6.fa	/home/jshaw/scratch/2022_sketched_distance/references/SGB_genome_fastas_part4/6289/BritoIL_2016__W1.2.ST__bin.60.fa	/home/jshaw/scratch/2022_sketched_distance/references/SGB_genome_fastas_part4/6289/BritoIL_2016__W2.39.ST__bin.75.fa	/home/jshaw/scratch/2022_sketched_distance/references/SGB_genome_fastas_part4/6289/BritoIL_2016__W2.61.ST__bin.7.fa	/home/jshaw/scratch/2022_sketched_distance/references/SGB_genome_fastas_part4/6289/CM_madagascar__A07_01_1FE__bin.9.fa	/home/jshaw/scratch/2022_sketched_distance/references/SGB_genome_fastas_part4/6289/CosteaPI_2017__SID713A063-11-90-0__bin.85.fa	/home/jshaw/scratch/2022_sketched_distance/references/SGB_genome_fastas_part4/6289/CosteaPI_2017__SID713A084-11-0-0__bin.26.fa	/home/jshaw/scratch/2022_sketched_distance/references/SGB_genome_fastas_part4/6289/CosteaPI_2017__SID713A084-11-90-0__bin.44.fa	/home/jshaw/scratch/2022_sketched_distance/references/SGB_genome_fastas_part4/6289/CosteaPI_2017__SID713B040-11-90-0__bin.4.fa	/home/jshaw/scratch/2022_sketched_distance/references/SGB_genome_fastas_part4/6289/FengQ_2015__SID530867__bin.63.fa	/home/jshaw/scratch/2022_sketched_distance/references/SGB_genome_fastas_part4/6289/HMP_2012__SRS011529__bin.49.fa	/home/jshaw/scratch/2022_sketched_distance/references/SGB_genome_fastas_part4/6289/KarlssonFH_2013__S378__bin.20.fa	/home/jshaw/scratch/2022_sketched_distance/references/SGB_genome_fastas_part4/6289/KarlssonFH_2013__S60__bin.4.fa	/home/jshaw/scratch/2022_sketched_distance/references/SGB_genome_fastas_part4/6289/LeChatelierE_2013__MH0177__bin.3.fa	/home/jshaw/scratch/2022_sketched_distance/references/SGB_genome_fastas_part4/6289/LeChatelierE_2013__MH0454__bin.26.fa	/home/jshaw/scratch/2022_sketched_distance/references/SGB_genome_fastas_part4/6289/LiJ_2014__MH0340__bin.28.fa	/home/jshaw/scratch/2022_sketched_distance/references/SGB_genome_fastas_part4/6289/LiJ_2014__O2.UC28-0__bin.26.fa	/home/jshaw/scratch/2022_sketched_distance/references/SGB_genome_fastas_part4/6289/LiJ_2014__V1.FI26__bin.8.fa	/home/jshaw/scratch/2022_sketched_distance/references/SGB_genome_fastas_part4/6289/NielsenHB_2014__MH0115__bin.39.fa	/home/jshaw/scratch/2022_sketched_distance/references/SGB_genome_fastas_part4/6289/NielsenHB_2014__V1_CD22_0__bin.3.fa	/home/jshaw/scratch/2022_sketched_distance/references/SGB_genome_fastas_part4/6289/QinN_2014__HD-60__bin.82.fa	/home/jshaw/scratch/2022_sketched_distance/references/SGB_genome_fastas_part4/6289/RampelliS_2015__H10__bin.44.fa	/home/jshaw/scratch/2022_sketched_distance/references/SGB_genome_fastas_part4/6289/RampelliS_2015__H11__bin.13.fa	/home/jshaw/scratch/2022_sketched_distance/references/SGB_genome_fastas_part4/6289/RaymondF_2016__P19E0__bin.81.fa	/home/jshaw/scratch/2022_sketched_distance/references/SGB_genome_fastas_part4/6289/WenC_2017__N277__bin.7.fa	/home/jshaw/scratch/2022_sketched_distance/references/SGB_genome_fastas_part4/6289/XieH_2016__YSZC12003_37255__bin.30.fa	/home/jshaw/scratch/2022_sketched_distance/references/SGB_genome_fastas_part4/6289/XieH_2016__YSZC12003_37315__bin.109.fa	/home/jshaw/scratch/2022_sketched_distance/references/SGB_genome_fastas_part4/6289/XieH_2016__YSZC12003_37797__bin.39.fa	/home/jshaw/scratch/2022_sketched_distance/references/SGB_genome_fastas_part4/6289/ZeeviD_2015__PNP_Main_107__bin.35.fa	/home/jshaw/scratch/2022_sketched_distance/references/SGB_genome_fastas_part4/6289/ZeeviD_2015__PNP_Main_133__bin.40.fa	/home/jshaw/scratch/2022_sketched_distance/references/SGB_genome_fastas_part4/6289/ZeeviD_2015__PNP_Main_137__bin.17.fa	/home/jshaw/scratch/2022_sketched_distance/references/SGB_genome_fastas_part4/6289/ZeeviD_2015__PNP_Main_25__bin.85.fa	/home/jshaw/scratch/2022_sketched_distance/references/SGB_genome_fastas_part4/6289/ZeeviD_2015__PNP_Main_310__bin.41.fa	/home/jshaw/scratch/2022_sketched_distance/references/SGB_genome_fastas_part4/6289/ZeeviD_2015__PNP_Main_325__bin.40.fa	/home/jshaw/scratch/2022_sketched_distance/references/SGB_genome_fastas_part4/6289/ZeeviD_2015__PNP_Main_438__bin.40.fa	/home/jshaw/scratch/2022_sketched_distance/references/SGB_genome_fastas_part4/6289/ZeeviD_2015__PNP_Main_93__bin.29.fa	/home/jshaw/scratch/2022_sketched_distance/references/SGB_genome_fastas_part4/6289/ZeeviD_2015__PNP_Validation_18__bin.12.fa	/home/jshaw/scratch/2022_sketched_distance/references/SGB_genome_fastas_part4/6289/ZeeviD_2015__PNP_Validation_93__bin.6.fa	/home/jshaw/scratch/2022_sketched_distance/references/SGB_genome_fastas_part4/6289/ZellerG_2014__CCIS90164298ST-4-0__bin.73.fa
1.0	0.990518886651022	0.9850901216683181	0.989073100723001	0.9905900543523304	0.9892020383113556	0.9921089640563892	0.9838013483152532	0.9824090483301328	0.9902375689665537	0.9885144869177404	0.9911073256422406	0.9894386106441038	0.9908516668146837	0.9941137968183262	0.9892805366472219	0.9887222528943798	0.9900524457628083	0.9899300112935533	0.9897906484343025	0.9883733910910597	0.9896776856879977	0.9840524385929619	0.9910243098376913	0.9901154425805712	0.9668355537689556	0.9621108487887381	0.9905108112343665	0.9864435801648581	0.9859324426424757	0.9748525981028874	0.9838752597150007	0.9898664934017332	0.9743659835485491	0.990517390292238	0.9899433022784547	0.9893308091260039	0.9892610780383195	0.9783524612507892	0.9893021878587545	0.9774379006660135	0.9807959042515678	0.9892710774494485
0.990518886651022	1.0	0.9838649958282172	0.9867692454034789	0.9883370878707981	0.9891818111914572	0.9952221690312458	0.9851530695814178	0.9810039985818003	0.9905202151862705	0.9873562312888211	0.9899537058695914	0.9896968736090666	0.9901973414171242	0.9890908650958559	0.9878623715304372	0.988730574571158	0.9883031107179879	0.9887779648193895	0.987511376160517	0.9875567023081023	0.9890781053799675	0.982820286449449	0.9907288062179206	0.9895130571334022	0.9654733031828114	0.9608897809608717	0.990381088100657	0.9860593552273902	0.9845080243774186	0.9747221217600841	0.983452741157414	0.9876997427198723	0.9745138760423325	0.9891586632695726	0.9884855270826083	0.9882092863676696	0.9872945375189617	0.9784392644725869	0.9891287786001823	0.9777798712139197	0.9787919070573212	0.9881454965036243
0.9850901216683181	0.9838649958282172	1.0	0.9899343595431208	0.9910729997813446	0.984285812171532	0.984874885594577	0.976757807814893	0.9784340684449873	0.983342254709082	0.9815164193837902	0.9837538188411055	0.9832309458678349	0.984616527457081	0.9844356714433201	0.9824046526425692	0.9829077367692458	0.9835277902696956	0.9832562606679552	0.9841208031157408	0.9816460209646293	0.9830808785370648	0.980307439627449	0.9833252132624688	0.9845922098881176	0.9621180704636751	0.9573514272862023	0.9846629386461316	0.9807635765029858	0.9796051759119752	0.969498599329466	0.976388333567725	0.9832720289126721	0.9704214683298814	0.9837807040948295	0.9824272337596226	0.9824729379575218	0.9825803322410126	0.9734787776399615	0.9824830727375462	0.9727276109455255	0.9743983053673533	0.982318703838266
0.989073100723001	0.9867692454034789	0.9899343595431208	1.0	0.9962409375138405	0.9879419786018873	0.9888978043663892	0.9812653288727671	0.9822679429952822	0.9868047890740521	0.9852662603451025	0.9872862061420803	0.9871830374289611	0.9881816484672682	0.9885252477541557	0.9865309864993633	0.9862127835402502	0.9872800963905277	0.9873047902642308	0.9878527192925248	0.9854049225469711	0.9865488252836448	0.9836617593993022	0.9873723303086733	0.988359843150323	0.9651815061201194	0.961618538763294	0.9882595064830373	0.9854727076131187	0.9830907702812322	0.9731355911181074	0.9804687906041024	0.9867577885109173	0.9733628139373666	0.987590522740914	0.9861628358807567	0.9861959172790481	0.9864994400189121	0.9759842501916028	0.9862671674626152	0.9762141466266909	0.9787685650088395	0.9853986603478513
0.9905900543523304	0.9883370878707981	0.9910729997813446	0.9962409375138405	1.0	0.9895377599653853	0.9905168241501425	0.9822791826714358	0.9836620578296481	0.9883632952993294	0.986387588847303	0.988744896051723	0.9887628921665824	0.9897763986813654	0.9903125058759902	0.9883873763603239	0.9879960319840173	0.9891902341287272	0.9887720478953351	0.9895909974598691	0.9871178596319983	0.9879658799439056	0.9855362849450082	0.9891166624230864	0.9902930322038505	0.9667099215442813	0.9626276683718875	0.9899411686254227	0.986555666186819	0.9854831383913487	0.975268901457789	0.9822051792269714	0.9885353901641408	0.9752611596243844	0.9893065736452603	0.9878117012073788	0.9889195311028688	0.9885750604116641	0.9773348198641866	0.9887516384592782	0.977539440317094	0.9804853098993771	0.9872540959957783
0.9892020383113556	0.9891818111914572	0.984285812171532	0.9879419786018873	0.9895377599653853	1.0	0.9902463076705352	0.9820196212895909	0.9831264727411718	0.9875836689661305	0.9866359870544271	0.9888249051365214	0.9886013091387789	0.9895251260174293	0.9886380236421124	0.9879053601545336	0.9879018517059915	0.9896104408244619	0.9888150506135674	0.987654331013032	0.9878540204552041	0.9883766438037083	0.9845363298621518	0.9892625403063926	0.9896828198280491	0.9672655230520352	0.9628877605763779	0.9891911030542014	0.9851488942496666	0.9847574765942645	0.975497827530116	0.9830989047834128	0.9870618500139595	0.9753473899478818	0.9881064667890807	0.9869632229213855	0.9877615324544314	0.9878385257839863	0.9774973563534922	0.9876080343807757	0.9772329157183185	0.9791012229981184	0.9870594289792057
0.9921089640563892	0.9952221690312458	0.984874885594577	0.9888978043663892	0.9905168241501425	0.9902463076705352	1.0	0.9879261978727505	0.9827654736889347	0.9922118137757423	0.9899137047862535	0.9923871485077975	0.9919176551139192	0.9928411820860215	0.991026628166482	0.9899360246148579	0.9891993349095648	0.9908423020866652	0.9921143082198106	0.9895831055794347	0.9899158158146035	0.9912829709127421	0.9847650897259476	0.9918924442396692	0.990854730142397	0.9682711061740304	0.9640203801599598	0.9927389246940642	0.9875067188966196	0.9872512215046363	0.9766068917264108	0.985708862456037	0.9902434621227603	0.976199025270956	0.9912451431301406	0.9899768183282684	0.9902491949870127	0.9899187506934247	0.9800657081198664	0.9911654318489718	0.9791563869330033	0.9816613423195071	0.99097738136573
0.9838013483152532	0.9851530695814178	0.976757807814893	0.9812653288727671	0.9822791826714358	0.9820196212895909	0.9879261978727505	1.0	0.9771510017384788	0.9833543546701011	0.981888617669938	0.9829210089735697	0.9839549828220767	0.9846328615351154	0.9843893123484816	0.9835995550663544	0.9816468534028097	0.9820509017328654	0.984173629069206	0.9815426755940497	0.9833297068822757	0.9834343522174481	0.9776963681359379	0.9841509674904214	0.9822742610557776	0.9590418348145293	0.9561306613252226	0.9834124099520146	0.9815345577881917	0.9822979745381012	0.970699681267348	0.9855165803747229	0.9860433106025526	0.970411708319164	0.9825296536215201	0.9824051437736815	0.9811707533014918	0.982731336565409	0.9718235302197177	0.9839162090716168	0.9712400965645916	0.9730443617370204	0.9838377187540152
0.9824090483301328	0.9810039985818003	0.9784340684449873	0.9822679429952822	0.9836620578296481	0.9831264727411718	0.9827654736889347	0.9771510017384788	1.0	0.9816333253136909	0.9810499983975143	0.9819651723968539	0.9815592902328291	0.9822968120973609	0.9823964504362748	0.9815632018843669	0.9821475170996637	0.9818816348374613	0.982595130871299	0.9822646136211827	0.9798393031054281	0.9811793056298	0.9854322214810617	0.9828812292010216	0.9837747149137454	0.9656583837637351	0.963374026119359	0.9825983544034355	0.981746871408479	0.9793793152115373	0.9738464160204197	0.9801466192274726	0.9814834601858846	0.9721935427107673	0.9817913431227031	0.9804579372185773	0.9800056827671773	0.9816749518971741	0.9732023411906369	0.9810499983975143	0.9735845021328889	0.9713141497279265	0.9805324809195841
0.9902375689665537	0.9905202151862705	0.983342254709082	0.9868047890740521	0.9883632952993294	0.9875836689661305	0.9922118137757423	0.9833543546701011	0.9816333253136909	1.0	0.9877560446812906	0.9901141364815936	0.9895251260174293	0.9908735580448386	0.9889082998067086	0.9885391693688401	0.987576756572213	0.9888956111595907	0.989920042335264	0.987723242199831	0.9875293152305771	0.9898524537597541	0.9830991969831208	0.99079754336956	0.9892699391800442	0.9662428097294816	0.961974853089484	0.9899533700502456	0.9852063726271578	0.9853288493940997	0.9743853684111361	0.9830473452643738	0.9887474439677594	0.9736971091669684	0.9895070267653859	0.9895286540589577	0.9893781934661735	0.987618910237548	0.9780840226743297	0.9881056138472614	0.9775304853309482	0.9787547964319855	0.9888590035421243
0.9885144869177404	0.9873562312888211	0.9815164193837902	0.9852662603451025	0.986387588847303	0.9866359870544271	0.9899137047862535	0.981888617669938	0.9810499983975143	0.9877560446812906	1.0	0.9963316146388619	0.98856452304302	0.9890513138122844	0.9875610212083417	0.9874577858602559	0.9865561180367124	0.9877917911015209	0.9885281207197577	0.9872747449251942	0.9870897678273485	0.9880182935417042	0.9823027208327941	0.9882818594766207	0.9877782631164536	0.9660234077592237	0.9621699798815504	0.9895260666170514	0.9851367999417527	0.9842301991443533	0.972962049328001	0.9822309998361402	0.9876226958686446	0.9734806776710779	0.9872322838920224	0.9871798824233996	0.986630299794834	0.9867245130225195	0.9752672210229922	0.9870202072756441	0.9748706463380554	0.9794819892027345	0.9882418497891675
0.9911073256422406	0.9899537058695914	0.9837538188411055	0.9872862061420803	0.988744896051723	0.9888249051365214	0.9923871485077975	0.9829210089735697	0.9819651723968539	0.9901141364815936	0.9963316146388619	1.0	0.9906577808091123	0.9913722530052991	0.990262832782291	0.9893294263138862	0.9888406866653527	0.9899160774857154	0.9902614318814134	0.9890390569465415	0.9895992140964774	0.990235313915865	0.9840990765672171	0.9904644464244879	0.9900949057631251	0.967611197186969	0.9629712976637648	0.9919239126692795	0.9867825522209714	0.9858651037529788	0.9747989664930092	0.9843102437124236	0.9896499798259747	0.9752700121447108	0.9899384940909337	0.9889418935588871	0.9892347205064135	0.9892303688170827	0.9780091741008985	0.9890749387188305	0.9772630341419359	0.9812644864139084	0.9902394946024982
0.9894386106441038	0.9896968736090666	0.9832309458678349	0.9871830374289611	0.9887628921665824	0.9886013091387789	0.9919176551139192	0.9839549828220767	0.9815592902328291	0.9895251260174293	0.98856452304302	0.9906577808091123	1.0	0.9914021494368237	0.9888198848797022	0.9908823444000111	0.9898117959194955	0.9895879615925152	0.9906046919918983	0.9897110329532753	0.9886579427612247	0.9914716287721562	0.9837021409590522	0.9909495693678114	0.9897038788237362	0.9670589867010141	0.9627995065843561	0.9937993611673603	0.9877631208758708	0.9876878648515084	0.9761144308315879	0.9850130752196239	0.9897540766382426	0.9755194619944769	0.9894862202341459	0.9903599843059174	0.988571484601868	0.988252876169768	0.9768883568056119	0.9900933742434258	0.977725807685078	0.9806151611843147	0.990706444911839
0.9908516668146837	0.9901973414171242	0.984616527457081	0.9881816484672682	0.9897763986813654	0.9895251260174293	0.9928411820860215	0.9846328615351154	0.9822968120973609	0.9908735580448386	0.9890513138122844	0.9913722530052991	0.9914021494368237	1.0	0.9910731146579385	0.9904570667392752	0.9901189361097226	0.9907074234654313	0.9910669289217485	0.9900474919446781	0.9902702707318809	0.9916328695734461	0.9844142711385399	0.9920651368050762	0.9911912879009879	0.9673183958860443	0.9626542191285088	0.9921822227298267	0.9877867839266163	0.9878725346247936	0.9761896310803554	0.9857129387285705	0.9898490693495041	0.975934975790001	0.9902230184794937	0.9904924028465844	0.9897953425372144	0.9897129457071774	0.9787735933416183	0.9899014960574101	0.9784580039273759	0.980052984663209	0.9912330783710425
0.9941137968183262	0.9890908650958559	0.9844356714433201	0.9885252477541557	0.9903125058759902	0.9886380236421124	0.991026628166482	0.9843893123484816	0.9823964504362748	0.9889082998067086	0.9875610212083417	0.990262832782291	0.9888198848797022	0.9910731146579385	1.0	0.9889454343560892	0.9886959131795809	0.9895969903547926	0.9904650453525384	0.9889307782642914	0.9884948374051096	0.9897934494093489	0.9841428316497143	0.9902073379780789	0.9899026719780033	0.9668079100321268	0.9620972644047071	0.9904282528820232	0.9869752943932304	0.9856806146593516	0.9754362443731385	0.9839740268423353	0.9894017164536795	0.9745706024057882	0.9909698864004878	0.9885890356705659	0.9886782905220599	0.9901744345945612	0.9778762166349092	0.9897330444900687	0.9766673650221446	0.9796542498863114	0.9891087835546242
0.9892805366472219	0.9878623715304372	0.9824046526425692	0.9865309864993633	0.9883873763603239	0.9879053601545336	0.9899360246148579	0.9835995550663544	0.9815632018843669	0.9885391693688401	0.9874577858602559	0.9893294263138862	0.9908823444000111	0.9904570667392752	0.9889454343560892	1.0	0.9893004516185545	0.9892193625693175	0.9897723053649056	0.9886878536800199	0.9882960253459782	0.9903159593138287	0.9833901452175741	0.9903644840094308	0.9894223141569838	0.9656086976881483	0.9614845315010705	0.9904352616701719	0.9873609373199557	0.9880312894208355	0.9762319779383295	0.9848790976784182	0.9894671770637572	0.9751738539319385	0.9883396853410296	0.9899121006209831	0.9872896184396814	0.988938630645648	0.9771262310080346	0.989316420110347	0.9772091943989366	0.9796514418082648	0.9895939740404345
0.9887222528943798	0.988730574571158	0.9829077367692458	0.9862127835402502	0.9879960319840173	0.9879018517059915	0.9891993349095648	0.9816468534028097	0.9821475170996637	0.987576756572213	0.9865561180367124	0.9888406866653527	0.9898117959194955	0.9901189361097226	0.9886959131795809	0.9893004516185545	1.0	0.9881632392868316	0.9882159603831177	0.9881488218215116	0.9874072318511805	0.9901671332460659	0.9842923273436222	0.9894620659844742	0.9913415079888898	0.9670853397282735	0.9628234625531364	0.9894275915295777	0.9892106461647234	0.9865269723489429	0.9766197806638496	0.9836622774734752	0.9887227334593074	0.9747221217600841	0.9883905869159464	0.988598184902909	0.9874241873029503	0.9881152670544111	0.9781993743645068	0.9876412677971758	0.9768461942457707	0.9775321591749655	0.9887649995415045
0.9900524457628083	0.9883031107179879	0.9835277902696956	0.9872800963905277	0.9891902341287272	0.9896104408244619	0.9908423020866652	0.9820509017328654	0.9818816348374613	0.9888956111595907	0.9877917911015209	0.9899160774857154	0.9895879615925152	0.9907074234654313	0.9895969903547926	0.9892193625693175	0.9881632392868316	1.0	0.9904225948726422	0.9890850187928429	0.988677814278503	0.9900858577033654	0.9835480654867963	0.9902416138618962	0.990358830313646	0.9688981367705499	0.9646943752129045	0.9901993357281098	0.9870362016229497	0.9865952660904937	0.9752751603921876	0.9829251688717985	0.9889470812700929	0.9750714268488567	0.989451639321562	0.9880725938612609	0.9884080285785082	0.9895257982767969	0.9781723776770118	0.9876218626429099	0.978007655593645	0.980090902542551	0.9898625311223718
0.9899300112935533	0.9887779648193895	0.9832562606679552	0.9873047902642308	0.9887720478953351	0.9888150506135674	0.9921143082198106	0.984173629069206	0.982595130871299	0.989920042335264	0.9885281207197577	0.9902614318814134	0.9906046919918983	0.9910669289217485	0.9904650453525384	0.9897723053649056	0.9882159603831177	0.9904225948726422	1.0	0.9893901089480295	0.9885829912603016	0.9917698160622553	0.9837385090559007	0.9903615380986627	0.9898055153612078	0.9671526732980489	0.9628511617014914	0.9906663959632634	0.9872899642402319	0.9871218528937084	0.9755290160457213	0.9854174219677034	0.989237582585026	0.9735701189314954	0.9899583854439892	0.9884271717398384	0.9880062733095951	0.9894590440111317	0.9775159002446915	0.989955957509288	0.9772941668807773	0.980670605131323	0.9914549973205693
0.9897906484343025	0.987511376160517	0.9841208031157408	0.9878527192925248	0.9895909974598691	0.987654331013032	0.9895831055794347	0.9815426755940497	0.9822646136211827	0.987723242199831	0.9872747449251942	0.9890390569465415	0.9897110329532753	0.9900474919446781	0.9889307782642914	0.9886878536800199	0.9881488218215116	0.9890850187928429	0.9893901089480295	1.0	0.9866423338213517	0.9889635193198515	0.9839018354116463	0.9892164242082782	0.9891724559691318	0.9676214308923391	0.9640871609644208	0.9898629252137361	0.9870691666404136	0.9858030864100027	0.9767363733687863	0.9830753825365383	0.9885795096790242	0.9762914862452277	0.9885110603760537	0.9885731719123521	0.9866468466258069	0.9873832286404397	0.9771508155133256	0.9896441229113347	0.9774047247166248	0.9785179996414388	0.9887533642702793
0.9883733910910597	0.9875567023081023	0.9816460209646293	0.9854049225469711	0.9871178596319983	0.9878540204552041	0.9899158158146035	0.9833297068822757	0.9798393031054281	0.9875293152305771	0.9870897678273485	0.9895992140964774	0.9886579427612247	0.9902702707318809	0.9884948374051096	0.9882960253459782	0.9874072318511805	0.988677814278503	0.9885829912603016	0.9866423338213517	1.0	0.9887341737929051	0.9817713707348856	0.9896530481609447	0.9886112639076327	0.9675073047008652	0.9632394104093625	0.9889735930030112	0.9853816545857106	0.9852379479507997	0.9732863627311756	0.982832024191196	0.987669202780375	0.9745400174885984	0.9877851987542186	0.9876173384637835	0.9872661983679469	0.9880258863957272	0.9773527741939377	0.9870056455892898	0.9768134838236856	0.9783660300777016	0.9883800261261014
0.9896776856879977	0.9890781053799675	0.9830808785370648	0.9865488252836448	0.9879658799439056	0.9883766438037083	0.9912829709127421	0.9834343522174481	0.9811793056298	0.9898524537597541	0.9880182935417042	0.990235313915865	0.9914716287721562	0.9916328695734461	0.9897934494093489	0.9903159593138287	0.9901671332460659	0.9900858577033654	0.9917698160622553	0.9889635193198515	0.9887341737929051	1.0	0.9834459632121577	0.99118415413263	0.9904384424731885	0.9659225023630537	0.9619117242375457	0.9917946676986589	0.9873648269821943	0.9881470420862095	0.9765813445868508	0.9853934701275016	0.9898652704158912	0.9750923164273246	0.9898875731961642	0.9899785781880621	0.9881563783080103	0.9885622766506278	0.9781008241931368	0.9896903842175675	0.9776351959759468	0.9782642355921841	0.9923842754761396
0.9840524385929619	0.982820286449449	0.980307439627449	0.9836617593993022	0.9855362849450082	0.9845363298621518	0.9847650897259476	0.9776963681359379	0.9854322214810617	0.9830991969831208	0.9823027208327941	0.9840990765672171	0.9837021409590522	0.9844142711385399	0.9841428316497143	0.9833901452175741	0.9842923273436222	0.9835480654867963	0.9837385090559007	0.9839018354116463	0.9817713707348856	0.9834459632121577	1.0	0.9835505469937186	0.9863575661602821	0.9664270119924654	0.9626758996604823	0.9843276344836497	0.9824623975934152	0.9786846268731063	0.9734427695188411	0.9779241606939084	0.9824337735497548	0.9747625663708197	0.9837068240748992	0.9822360241989863	0.981714233565436	0.9828321052048812	0.975658177882514	0.982663164985336	0.9758138388797841	0.972187218389017	0.9823140067528321
0.9910243098376913	0.9907288062179206	0.9833252132624688	0.9873723303086733	0.9891166624230864	0.9892625403063926	0.9918924442396692	0.9841509674904214	0.9828812292010216	0.99079754336956	0.9882818594766207	0.9904644464244879	0.9909495693678114	0.9920651368050762	0.9902073379780789	0.9903644840094308	0.9894620659844742	0.9902416138618962	0.9903615380986627	0.9892164242082782	0.9896530481609447	0.99118415413263	0.9835505469937186	1.0	0.9910069142054921	0.9675113751252215	0.9634053696288495	0.9909174227291293	0.9876705886443224	0.988008397299882	0.9772987767681561	0.9903777324350204	0.9906260558692379	0.9762979904979177	0.9906624920155767	0.9913071040498417	0.9887160238370943	0.9896433386055302	0.9784310174401327	0.9895628633781433	0.9781343552402836	0.9797141446285177	0.9901123367663911
0.9901154425805712	0.9895130571334022	0.9845922098881176	0.988359843150323	0.9902930322038505	0.9896828198280491	0.990854730142397	0.9822742610557776	0.9837747149137454	0.9892699391800442	0.9877782631164536	0.9900949057631251	0.9897038788237362	0.9911912879009879	0.9899026719780033	0.9894223141569838	0.9913415079888898	0.990358830313646	0.9898055153612078	0.9891724559691318	0.9886112639076327	0.9904384424731885	0.9863575661602821	0.9910069142054921	1.0	0.9688742078166838	0.9641706048987502	0.9902600321178532	0.9895458360821514	0.9865602449530639	0.9770845197589673	0.9836399042113041	0.9890342738181324	0.9766432874545621	0.9898126608366743	0.9891505953496028	0.9882415966334106	0.9896824405309623	0.9793682148691835	0.9883153363508248	0.9794425093913269	0.9798278257066311	0.9888339594274932
0.9668355537689556	0.9654733031828114	0.9621180704636751	0.9651815061201194	0.9667099215442813	0.9672655230520352	0.9682711061740304	0.9590418348145293	0.9656583837637351	0.9662428097294816	0.9660234077592237	0.967611197186969	0.9670589867010141	0.9673183958860443	0.9668079100321268	0.9656086976881483	0.9670853397282735	0.9688981367705499	0.9671526732980489	0.9676214308923391	0.9675073047008652	0.9659225023630537	0.9664270119924654	0.9675113751252215	0.9688742078166838	1.0	0.991966282761217	0.967131280154067	0.9667361604423055	0.9629055388386009	0.9697890993145333	0.9592397505893164	0.9650965578623947	0.9747752358027125	0.9669103898618003	0.9668296191510461	0.9657049357344551	0.9669579656770352	0.9726892550659403	0.9646655843878565	0.9736246831343367	0.9550600533918348	0.9656643479535024
0.9621108487887381	0.9608897809608717	0.9573514272862023	0.961618538763294	0.9626276683718875	0.9628877605763779	0.9640203801599598	0.9561306613252226	0.963374026119359	0.961974853089484	0.9621699798815504	0.9629712976637648	0.9627995065843561	0.9626542191285088	0.9620972644047071	0.9614845315010705	0.9628234625531364	0.9646943752129045	0.9628511617014914	0.9640871609644208	0.9632394104093625	0.9619117242375457	0.9626758996604823	0.9634053696288495	0.9641706048987502	0.991966282761217	1.0	0.9625606103273928	0.9629419300903646	0.9587238590387698	0.966806082699729	0.9564633700379542	0.96132776854501	0.9698254785362588	0.9625229777374754	0.9618311006214162	0.960978687307798	0.9623626364783923	0.9677352041390453	0.9600690942599295	0.9687111119037128	0.9524930973238783	0.96163563593062
0.9905108112343665	0.990381088100657	0.9846629386461316	0.9882595064830373	0.9899411686254227	0.9891911030542014	0.9927389246940642	0.9834124099520146	0.9825983544034355	0.9899533700502456	0.9895260666170514	0.9919239126692795	0.9937993611673603	0.9921822227298267	0.9904282528820232	0.9904352616701719	0.9894275915295777	0.9901993357281098	0.9906663959632634	0.9898629252137361	0.9889735930030112	0.9917946676986589	0.9843276344836497	0.9909174227291293	0.9902600321178532	0.967131280154067	0.9625606103273928	1.0	0.9877795194186895	0.9872635954073411	0.9759741154355073	0.9845722660301918	0.989435754949138	0.9757311172397696	0.9901306862490823	0.98982197798765	0.9887253105470435	0.9889310762331939	0.9780688437395086	0.9904473339415961	0.9784626100807029	0.9812115532078073	0.9903632378478516
0.9864435801648581	0.9860593552273902	0.9807635765029858	0.9854727076131187	0.986555666186819	0.9851488942496666	0.9875067188966196	0.9815345577881917	0.981746871408479	0.9852063726271578	0.9851367999417527	0.9867825522209714	0.9877631208758708	0.9877867839266163	0.9869752943932304	0.9873609373199557	0.9892106461647234	0.9870362016229497	0.9872899642402319	0.9870691666404136	0.9853816545857106	0.9873648269821943	0.9824623975934152	0.9876705886443224	0.9895458360821514	0.9667361604423055	0.9629419300903646	0.9877795194186895	1.0	0.984085773134426	0.9748658035289356	0.9813028514889853	0.9867135163158371	0.97646551932439	0.9856698534839284	0.9865094892043043	0.9850283821512515	0.9870990192567823	0.9751049193089605	0.9866184765411466	0.9758304969843454	0.9767502744747792	0.9863274884770882
0.9859324426424757	0.9845080243774186	0.9796051759119752	0.9830907702812322	0.9854831383913487	0.9847574765942645	0.9872512215046363	0.9822979745381012	0.9793793152115373	0.9853288493940997	0.9842301991443533	0.9858651037529788	0.9876878648515084	0.9878725346247936	0.9856806146593516	0.9880312894208355	0.9865269723489429	0.9865952660904937	0.9871218528937084	0.9858030864100027	0.9852379479507997	0.9881470420862095	0.9786846268731063	0.988008397299882	0.9865602449530639	0.9629055388386009	0.9587238590387698	0.9872635954073411	0.984085773134426	1.0	0.973728080884299	0.9839354042252606	0.9868503802574118	0.9717789026592818	0.9854716546795534	0.9867926985943691	0.9845573289435149	0.9854520132552784	0.9744396681503539	0.985765042622952	0.9745086551880264	0.9751788517159111	0.9878568727110059
0.9748525981028874	0.9747221217600841	0.969498599329466	0.9731355911181074	0.975268901457789	0.975497827530116	0.9766068917264108	0.970699681267348	0.9738464160204197	0.9743853684111361	0.972962049328001	0.9747989664930092	0.9761144308315879	0.9761896310803554	0.9754362443731385	0.9762319779383295	0.9766197806638496	0.9752751603921876	0.9755290160457213	0.9767363733687863	0.9732863627311756	0.9765813445868508	0.9734427695188411	0.9772987767681561	0.9770845197589673	0.9697890993145333	0.966806082699729	0.9759741154355073	0.9748658035289356	0.973728080884299	1.0	0.976306592257538	0.9760184764623387	0.9829282405789473	0.9743496866938631	0.9759902271387456	0.9724578154817546	0.9759986440643597	0.9800858413057139	0.9745922913415833	0.9800013319293688	0.9626834488695214	0.9760817153162542
0.9838752597150007	0.983452741157414	0.976388333567725	0.9804687906041024	0.9822051792269714	0.9830989047834128	0.985708862456037	0.9855165803747229	0.9801466192274726	0.9830473452643738	0.9822309998361402	0.9843102437124236	0.9850130752196239	0.9857129387285705	0.9839740268423353	0.9848790976784182	0.9836622774734752	0.9829251688717985	0.9854174219677034	0.9830753825365383	0.982832024191196	0.9853934701275016	0.9779241606939084	0.9903777324350204	0.9836399042113041	0.9592397505893164	0.9564633700379542	0.9845722660301918	0.9813028514889853	0.9839354042252606	0.976306592257538	1.0	0.9867449177902018	0.9701424383912535	0.9845193341798919	0.9847716850160871	0.9812446931430595	0.9833856598357057	0.9728203569203744	0.9840538223916225	0.9730640364984918	0.9730248084301987	0.9849758570105139
0.9898664934017332	0.9876997427198723	0.9832720289126721	0.9867577885109173	0.9885353901641408	0.9870618500139595	0.9902434621227603	0.9860433106025526	0.9814834601858846	0.9887474439677594	0.9876226958686446	0.9896499798259747	0.9897540766382426	0.9898490693495041	0.9894017164536795	0.9894671770637572	0.9887227334593074	0.9889470812700929	0.989237582585026	0.9885795096790242	0.987669202780375	0.9898652704158912	0.9824337735497548	0.9906260558692379	0.9890342738181324	0.9650965578623947	0.96132776854501	0.989435754949138	0.9867135163158371	0.9868503802574118	0.9760184764623387	0.9867449177902018	1.0	0.9743219282585983	0.989454595824666	0.9896343675171477	0.9872862061420803	0.9902141364858572	0.9758663558844833	0.9894477476558632	0.9748866136893717	0.978791878689531	0.9899039381529093
0.9743659835485491	0.9745138760423325	0.9704214683298814	0.9733628139373666	0.9752611596243844	0.9753473899478818	0.976199025270956	0.970411708319164	0.9721935427107673	0.9736971091669684	0.9734806776710779	0.9752700121447108	0.9755194619944769	0.975934975790001	0.9745706024057882	0.9751738539319385	0.9747221217600841	0.9750714268488567	0.9735701189314954	0.9762914862452277	0.9745400174885984	0.9750923164273246	0.9747625663708197	0.9762979904979177	0.9766432874545621	0.9747752358027125	0.9698254785362588	0.9757311172397696	0.97646551932439	0.9717789026592818	0.9829282405789473	0.9701424383912535	0.9743219282585983	1.0	0.9740974500822747	0.974820339931783	0.972643821156557	0.9739279489237361	0.9811317903984428	0.9743002672789735	0.9819276623868252	0.9640535948041792	0.9736262549050072
0.990517390292238	0.9891586632695726	0.9837807040948295	0.987590522740914	0.9893065736452603	0.9881064667890807	0.9912451431301406	0.9825296536215201	0.9817913431227031	0.9895070267653859	0.9872322838920224	0.9899384940909337	0.9894862202341459	0.9902230184794937	0.9909698864004878	0.9883396853410296	0.9883905869159464	0.989451639321562	0.9899583854439892	0.9885110603760537	0.9877851987542186	0.9898875731961642	0.9837068240748992	0.9906624920155767	0.9898126608366743	0.9669103898618003	0.9625229777374754	0.9901306862490823	0.9856698534839284	0.9854716546795534	0.9743496866938631	0.9845193341798919	0.989454595824666	0.9740974500822747	1.0	0.9891537819467461	0.9889405682825396	0.989049917453269	0.9782570162532976	0.9899838344604809	0.9769121720128763	0.9792565272741989	0.9884175085605522
0.9899433022784547	0.9884855270826083	0.9824272337596226	0.9861628358807567	0.9878117012073788	0.9869632229213855	0.9899768183282684	0.9824051437736815	0.9804579372185773	0.9895286540589577	0.9871798824233996	0.9889418935588871	0.9903599843059174	0.9904924028465844	0.9885890356705659	0.9899121006209831	0.988598184902909	0.9880725938612609	0.9884271717398384	0.9885731719123521	0.9876173384637835	0.9899785781880621	0.9822360241989863	0.9913071040498417	0.9891505953496028	0.9668296191510461	0.9618311006214162	0.98982197798765	0.9865094892043043	0.9867926985943691	0.9759902271387456	0.9847716850160871	0.9896343675171477	0.974820339931783	0.9891537819467461	1.0	0.9871596549620897	0.988657078345722	0.9765268949037815	0.98944606862627	0.9763453439849753	0.9795273305977503	0.9889010355517105
0.9893308091260039	0.9882092863676696	0.9824729379575218	0.9861959172790481	0.9889195311028688	0.9877615324544314	0.9902491949870127	0.9811707533014918	0.9800056827671773	0.9893781934661735	0.986630299794834	0.9892347205064135	0.988571484601868	0.9897953425372144	0.9886782905220599	0.9872896184396814	0.9874241873029503	0.9884080285785082	0.9880062733095951	0.9866468466258069	0.9872661983679469	0.9881563783080103	0.981714233565436	0.9887160238370943	0.9882415966334106	0.9657049357344551	0.960978687307798	0.9887253105470435	0.9850283821512515	0.9845573289435149	0.9724578154817546	0.9812446931430595	0.9872862061420803	0.972643821156557	0.9889405682825396	0.9871596549620897	1.0	0.9882181100174776	0.9772783821306493	0.9878191489867832	0.9762293099744955	0.9789557177219211	0.987457718694326
0.9892610780383195	0.9872945375189617	0.9825803322410126	0.9864994400189121	0.9885750604116641	0.9878385257839863	0.9899187506934247	0.982731336565409	0.9816749518971741	0.987618910237548	0.9867245130225195	0.9892303688170827	0.988252876169768	0.9897129457071774	0.9901744345945612	0.988938630645648	0.9881152670544111	0.9895257982767969	0.9894590440111317	0.9873832286404397	0.9880258863957272	0.9885622766506278	0.9828321052048812	0.9896433386055302	0.9896824405309623	0.9669579656770352	0.9623626364783923	0.9889310762331939	0.9870990192567823	0.9854520132552784	0.9759986440643597	0.9833856598357057	0.9902141364858572	0.9739279489237361	0.989049917453269	0.988657078345722	0.9882181100174776	1.0	0.9771111814038	0.9881637037258274	0.9769166482108549	0.979455372058614	0.9879845939487211
0.9783524612507892	0.9784392644725869	0.9734787776399615	0.9759842501916028	0.9773348198641866	0.9774973563534922	0.9800657081198664	0.9718235302197177	0.9732023411906369	0.9780840226743297	0.9752672210229922	0.9780091741008985	0.9768883568056119	0.9787735933416183	0.9778762166349092	0.9771262310080346	0.9781993743645068	0.9781723776770118	0.9775159002446915	0.9771508155133256	0.9773527741939377	0.9781008241931368	0.975658177882514	0.9784310174401327	0.9793682148691835	0.9726892550659403	0.9677352041390453	0.9780688437395086	0.9751049193089605	0.9744396681503539	0.9800858413057139	0.9728203569203744	0.9758663558844833	0.9811317903984428	0.9782570162532976	0.9765268949037815	0.9772783821306493	0.9771111814038	1.0	0.975321231515339	0.9829301121884022	0.9664190809520403	0.9765738489558887
0.9893021878587545	0.9891287786001823	0.9824830727375462	0.9862671674626152	0.9887516384592782	0.9876080343807757	0.9911654318489718	0.9839162090716168	0.9810499983975143	0.9881056138472614	0.9870202072756441	0.9890749387188305	0.9900933742434258	0.9899014960574101	0.9897330444900687	0.989316420110347	0.9876412677971758	0.9876218626429099	0.989955957509288	0.9896441229113347	0.9870056455892898	0.9896903842175675	0.982663164985336	0.9895628633781433	0.9883153363508248	0.9646655843878565	0.9600690942599295	0.9904473339415961	0.9866184765411466	0.985765042622952	0.9745922913415833	0.9840538223916225	0.9894477476558632	0.9743002672789735	0.9899838344604809	0.98944606862627	0.9878191489867832	0.9881637037258274	0.975321231515339	1.0	0.9752201285633346	0.9791103355230115	0.9885998833623305
0.9774379006660135	0.9777798712139197	0.9727276109455255	0.9762141466266909	0.977539440317094	0.9772329157183185	0.9791563869330033	0.9712400965645916	0.9735845021328889	0.9775304853309482	0.9748706463380554	0.9772630341419359	0.977725807685078	0.9784580039273759	0.9766673650221446	0.9772091943989366	0.9768461942457707	0.978007655593645	0.9772941668807773	0.9774047247166248	0.9768134838236856	0.9776351959759468	0.9758138388797841	0.9781343552402836	0.9794425093913269	0.9736246831343367	0.9687111119037128	0.9784626100807029	0.9758304969843454	0.9745086551880264	0.9800013319293688	0.9730640364984918	0.9748866136893717	0.9819276623868252	0.9769121720128763	0.9763453439849753	0.9762293099744955	0.9769166482108549	0.9829301121884022	0.9752201285633346	1.0	0.9663165646161248	0.9765635005949651
0.9807959042515678	0.9787919070573212	0.9743983053673533	0.9787685650088395	0.9804853098993771	0.9791012229981184	0.9816613423195071	0.9730443617370204	0.9713141497279265	0.9787547964319855	0.9794819892027345	0.9812644864139084	0.9806151611843147	0.980052984663209	0.9796542498863114	0.9796514418082648	0.9775321591749655	0.980090902542551	0.980670605131323	0.9785179996414388	0.9783660300777016	0.9782642355921841	0.972187218389017	0.9797141446285177	0.9798278257066311	0.9550600533918348	0.9524930973238783	0.9812115532078073	0.9767502744747792	0.9751788517159111	0.9626834488695214	0.9730248084301987	0.978791878689531	0.9640535948041792	0.9792565272741989	0.9795273305977503	0.9789557177219211	0.979455372058614	0.9664190809520403	0.9791103355230115	0.9663165646161248	1.0	0.9782983991336309
0.9892710774494485	0.9881454965036243	0.982318703838266	0.9853986603478513	0.9872540959957783	0.9870594289792057	0.99097738136573	0.9838377187540152	0.9805324809195841	0.9888590035421243	0.9882418497891675	0.9902394946024982	0.990706444911839	0.9912330783710425	0.9891087835546242	0.9895939740404345	0.9887649995415045	0.9898625311223718	0.9914549973205693	0.9887533642702793	0.9883800261261014	0.9923842754761396	0.9823140067528321	0.9901123367663911	0.9888339594274932	0.9656643479535024	0.96163563593062	0.9903632378478516	0.9863274884770882	0.9878568727110059	0.9760817153162542	0.9849758570105139	0.9899039381529093	0.9736262549050072	0.9884175085605522	0.9889010355517105	0.987457718694326	0.9879845939487211	0.9765738489558887	0.9885998833623305	0.9765635005949651	0.9782983991336309	1.0
