/home/jshaw/scratch/2022_sketched_distance/references/SGB_genome_fastas_part1_redo/1542/BritoIL_2016__W2.68.SA__bin.22.fa	/home/jshaw/scratch/2022_sketched_distance/references/SGB_genome_fastas_part1_redo/1542/Castro-NallarE_2015__ES_107__bin.32.fa	/home/jshaw/scratch/2022_sketched_distance/references/SGB_genome_fastas_part1_redo/1542/Castro-NallarE_2015__ES_110__bin.12.fa	/home/jshaw/scratch/2022_sketched_distance/references/SGB_genome_fastas_part1_redo/1542/CM_cf__CF_TNFC008IS_t1M15__bin.9.fa	/home/jshaw/scratch/2022_sketched_distance/references/SGB_genome_fastas_part1_redo/1542/CM_cf__CF_TNFC018IS_t1M15__bin.5.fa	/home/jshaw/scratch/2022_sketched_distance/references/SGB_genome_fastas_part1_redo/1542/CM_cf__CF_TNFC041SA_t1M15__bin.21.fa	/home/jshaw/scratch/2022_sketched_distance/references/SGB_genome_fastas_part1_redo/1542/FerrettiP_2018__CA_C10001MS2001SA_t0M15__bin.5.fa	/home/jshaw/scratch/2022_sketched_distance/references/SGB_genome_fastas_part1_redo/1542/FerrettiP_2018__CA_C10034MS2579SA_t0M15__bin.5.fa	/home/jshaw/scratch/2022_sketched_distance/references/SGB_genome_fastas_part1_redo/1542/FerrettiP_2018__CA_C10035MS2597SA_t0M15__bin.2.fa	/home/jshaw/scratch/2022_sketched_distance/references/SGB_genome_fastas_part1_redo/1542/FerrettiP_2018__CA_C10055MS2957SA_t0M16__bin.43.fa	/home/jshaw/scratch/2022_sketched_distance/references/SGB_genome_fastas_part1_redo/1542/HMP_2012__SRS012279__bin.50.fa	/home/jshaw/scratch/2022_sketched_distance/references/SGB_genome_fastas_part1_redo/1542/HMP_2012__SRS013234__bin.13.fa	/home/jshaw/scratch/2022_sketched_distance/references/SGB_genome_fastas_part1_redo/1542/HMP_2012__SRS014470__bin.87.fa	/home/jshaw/scratch/2022_sketched_distance/references/SGB_genome_fastas_part1_redo/1542/HMP_2012__SRS015038__bin.37.fa	/home/jshaw/scratch/2022_sketched_distance/references/SGB_genome_fastas_part1_redo/1542/HMP_2012__SRS015272__bin.16.fa	/home/jshaw/scratch/2022_sketched_distance/references/SGB_genome_fastas_part1_redo/1542/HMP_2012__SRS015762__bin.48.fa	/home/jshaw/scratch/2022_sketched_distance/references/SGB_genome_fastas_part1_redo/1542/HMP_2012__SRS015893__bin.70.fa	/home/jshaw/scratch/2022_sketched_distance/references/SGB_genome_fastas_part1_redo/1542/HMP_2012__SRS016342__bin.52.fa	/home/jshaw/scratch/2022_sketched_distance/references/SGB_genome_fastas_part1_redo/1542/HMP_2012__SRS018357__bin.42.fa	/home/jshaw/scratch/2022_sketched_distance/references/SGB_genome_fastas_part1_redo/1542/HMP_2012__SRS019607__bin.19.fa	/home/jshaw/scratch/2022_sketched_distance/references/SGB_genome_fastas_part1_redo/1542/HMP_2012__SRS020220__bin.52.fa	/home/jshaw/scratch/2022_sketched_distance/references/SGB_genome_fastas_part1_redo/1542/HMP_2012__SRS023926__bin.17.fa	/home/jshaw/scratch/2022_sketched_distance/references/SGB_genome_fastas_part1_redo/1542/HMP_2012__SRS042643__bin.34.fa	/home/jshaw/scratch/2022_sketched_distance/references/SGB_genome_fastas_part1_redo/1542/HMP_2012__SRS044486__bin.15.fa	/home/jshaw/scratch/2022_sketched_distance/references/SGB_genome_fastas_part1_redo/1542/HMP_2012__SRS047210__bin.21.fa	/home/jshaw/scratch/2022_sketched_distance/references/SGB_genome_fastas_part1_redo/1542/HMP_2012__SRS057791__bin.55.fa	/home/jshaw/scratch/2022_sketched_distance/references/SGB_genome_fastas_part1_redo/1542/HMP_2012__SRS062544__bin.18.fa	/home/jshaw/scratch/2022_sketched_distance/references/SGB_genome_fastas_part1_redo/1542/HMP_2012__SRS065278__bin.18.fa
1.0	0.9757525927786082	0.9779617571941349	0.9739168673761847	0.9791231476608621	0.981448679035578	0.9757038319576737	0.9785045917845289	0.973169694348762	0.9809793249554859	0.9796562868270305	0.9765499201937742	0.9781307182553824	0.9763102478473396	0.9779419582840699	0.9794726920461647	0.9762199040256936	0.9760276602359386	0.9793537330454822	0.9741462634304974	0.9790340705765583	0.9728585700674456	0.9794613212347792	0.97664778600525	0.978030961356653	0.9830427703262598	0.9781919868531227	0.977834752990752
0.9757525927786082	1.0	0.9654457041044648	0.9752743438202357	0.9780879975383325	0.9675904308166055	0.9662815054202869	0.9752261297340924	0.9690240611803981	0.9681955341211549	0.9707863888550864	0.9660260429195072	0.9701155445703666	0.9701719827463648	0.9771920062498989	0.9720345604401296	0.9846334476802051	0.969888801603263	0.9701719827463648	0.978744191825512	0.9744942014116225	0.9740469958431041	0.9743953532091993	0.974788954045357	0.969888801603263	0.9758947067093564	0.9680151917229723	0.9680151917229723
0.9779617571941349	0.9654457041044648	1.0	0.9748427372031735	0.9776678816526014	0.9722172157933991	0.969040711735673	0.9734726668257574	0.9702378265426546	0.9707289097800409	0.9730217424412828	0.9711525774584073	0.9710320943899474	0.9733605219377417	0.9776186437355971	0.9747890298055688	0.9760023915416935	0.9713324654386895	0.9709111611687811	0.9767700085945875	0.9743561441382514	0.9733605219377417	0.9757424416319539	0.9757424416319539	0.972275348865264	0.9768205451331722	0.9718073376134877	0.9709716842620976
0.9739168673761847	0.9752743438202357	0.9748427372031735	1.0	0.9771785625043741	0.9764030337868393	0.9746373870055736	0.9772253710127613	0.9734750208568228	0.9772261853460645	0.978579822248376	0.9751538858873192	0.9812102603741918	0.9822385312816478	0.9756394680583599	0.9768859250753551	0.973809090391109	0.9745540607087132	0.9765862613784725	0.9733321002936925	0.9789388059261556	0.9727615654464564	0.9770091397383925	0.9742575369934586	0.9761457601232372	0.978369790016025	0.9840334284637785	0.9841751995401922
0.9791231476608621	0.9780879975383325	0.9776678816526014	0.9771785625043741	1.0	0.9791076576759218	0.9757441586353052	0.979275211583792	0.9745706024057882	0.9800039855216386	0.9806020974041179	0.9768719686983054	0.9792616260697197	0.9761464864924616	0.9806640358384549	0.9790232525418031	0.9771785625043741	0.9765850863474638	0.9800537250005238	0.9791231476608621	0.9810028615576786	0.9751423230608377	0.9793726152455899	0.9793477760959257	0.9781255668599825	0.9806606643699195	0.9771081311996019	0.9779064444144455
0.981448679035578	0.9675904308166055	0.9722172157933991	0.9764030337868393	0.9791076576759218	1.0	0.9729690480983372	0.9717233991415812	0.975811704980225	0.9771144724465806	0.9753232069034901	0.9744016120954733	0.9735974841189781	0.9740885110272355	0.979675717135108	0.9749040510264011	0.978149921485905	0.9736530068407995	0.9748053561644254	0.9776955129462673	0.9759976523370961	0.9762562059973249	0.9773416051190644	0.9796425740718502	0.9754742971136638	0.9902327543042274	0.9740279326772754	0.9732983282929358
0.9757038319576737	0.9662815054202869	0.969040711735673	0.9746373870055736	0.9757441586353052	0.9729690480983372	1.0	0.9716703768392515	0.9726159596698531	0.9706492344068497	0.9723485967230125	0.9713027682116131	0.9700783604004026	0.9718980312704735	0.9770476537849043	0.9720790099450313	0.9751749827599848	0.9727929844752482	0.9696921009273063	0.9765403694090447	0.9745538847815027	0.9745956627224319	0.9744701673637435	0.9757038319576737	0.9730567227710204	0.9752569061886671	0.9697890993145333	0.9706963555980438
0.9785045917845289	0.9752261297340924	0.9734726668257574	0.9772253710127613	0.979275211583792	0.9717233991415812	0.9716703768392515	1.0	0.9728137162657151	0.9726856788801999	0.9757593742069373	0.9710287889753968	0.9718440625710478	0.9731751818808796	0.9793413699116623	0.9741586249975553	0.9765484234362413	0.9724481759200425	0.9728348151261277	0.9815454683647274	0.9764763401109697	0.9772958169309606	0.9771900908411699	0.9771900908411699	0.9754127790927624	0.9780264470066844	0.9720290820347118	0.9716913864474611
0.973169694348762	0.9690240611803981	0.9702378265426546	0.9734750208568228	0.9745706024057882	0.975811704980225	0.9726159596698531	0.9728137162657151	1.0	0.9749555372156383	0.9751571281831336	0.9738909105981829	0.973725247404747	0.9710750311267987	0.9746683920292433	0.974188478943248	0.9736098047285692	0.9719522357171849	0.9756485943790528	0.9731355911181074	0.97348152381575	0.9728958592084007	0.9746665375982712	0.9748954296771339	0.9728744740738988	0.9752000447320884	0.9756813428567027	0.9737082992883974
0.9809793249554859	0.9681955341211549	0.9707289097800409	0.9772261853460645	0.9800039855216386	0.9771144724465806	0.9706492344068497	0.9726856788801999	0.9749555372156383	1.0	0.9739845097601386	0.9737371473382477	0.9719340232050134	0.9743520552708864	0.9799356353774832	0.9750749001816305	0.9778885363354327	0.9730681455396474	0.9739396506228122	0.9781425253040124	0.9768523091387076	0.9749555372156383	0.9783945509973548	0.9794878384032203	0.9753123191064673	0.9804111104319571	0.9730258713067658	0.9727710621560475
0.9796562868270305	0.9707863888550864	0.9730217424412828	0.978579822248376	0.9806020974041179	0.9753232069034901	0.9723485967230125	0.9757593742069373	0.9751571281831336	0.9739845097601386	1.0	0.9743493569425645	0.9756639102420338	0.9759082090437642	0.9814900374806036	0.9758710641298924	0.9779583282160169	0.9836098916793804	0.9744371612527445	0.9797883829283849	0.9848189694620958	0.9769314167576835	0.9804409675254344	0.9794904116943026	0.983521799266071	0.9797883829283849	0.9743494233680055	0.9746320352671216
0.9765499201937742	0.9660260429195072	0.9711525774584073	0.9751538858873192	0.9768719686983054	0.9744016120954733	0.9713027682116131	0.9710287889753968	0.9738909105981829	0.9737371473382477	0.9743493569425645	1.0	0.9714817005750028	0.9729405075300205	0.9778194373439856	0.9735377635227422	0.9769786142114112	0.9721266603540872	0.9716910050324383	0.9762609553286576	0.9743173821078785	0.9755642001068834	0.9758226389403393	0.9778885363354327	0.9731408171335735	0.9755642001068834	0.9730855055100865	0.9726314036046051
0.9781307182553824	0.9701155445703666	0.9710320943899474	0.9812102603741918	0.9792616260697197	0.9735974841189781	0.9700783604004026	0.9718440625710478	0.973725247404747	0.9719340232050134	0.9756639102420338	0.9714817005750028	1.0	0.9808707027514046	0.9785365106754066	0.9755435617656656	0.9774934779028064	0.9735974841189781	0.9728201556011492	0.9781678178507105	0.9774556022985242	0.9755837274315937	0.9783895333517011	0.9767662009482055	0.975863506653085	0.9779072297244242	0.9774934779028064	0.9787193058712107
0.9763102478473396	0.9701719827463648	0.9733605219377417	0.9822385312816478	0.9761464864924616	0.9740885110272355	0.9718980312704735	0.9731751818808796	0.9710750311267987	0.9743520552708864	0.9759082090437642	0.9729405075300205	0.9808707027514046	1.0	0.9759488786743046	0.9739626926331802	0.9737274071340735	0.973583721205541	0.9741063358756993	0.9750444778633263	0.9766671941829466	0.9720207954943927	0.9750444778633263	0.9745654321602414	0.9740019120065714	0.9758058613587278	0.9886042918030102	0.9964667853479149
0.9779419582840699	0.9771920062498989	0.9776186437355971	0.9756394680583599	0.9806640358384549	0.979675717135108	0.9770476537849043	0.9793413699116623	0.9746683920292433	0.9799356353774832	0.9814900374806036	0.9778194373439856	0.9785365106754066	0.9759488786743046	1.0	0.9792487458245408	0.9775380978531416	0.9772009889021228	0.9799496778695799	0.976773630133233	0.9810327019511135	0.9739381486878544	0.9806785536301452	0.996162939716995	0.9791179768042398	0.980889718107069	0.9780138288042899	0.9779064444144455
0.9794726920461647	0.9720345604401296	0.9747890298055688	0.9768859250753551	0.9790232525418031	0.9749040510264011	0.9720790099450313	0.9741586249975553	0.974188478943248	0.9750749001816305	0.9758710641298924	0.9735377635227422	0.9755435617656656	0.9739626926331802	0.9792487458245408	1.0	0.9792166277219431	0.9731598379474643	0.9768929083564462	0.9783372690878477	0.9754751767498944	0.9756190364813252	0.9792487458245408	0.9774674619966319	0.9746723631034413	0.9779387016265856	0.9743094106558037	0.973911358949446
0.9762199040256936	0.9846334476802051	0.9760023915416935	0.973809090391109	0.9771785625043741	0.978149921485905	0.9751749827599848	0.9765484234362413	0.9736098047285692	0.9778885363354327	0.9779583282160169	0.9769786142114112	0.9774934779028064	0.9737274071340735	0.9775380978531416	0.9792166277219431	1.0	0.9745172711967535	0.9807051059508952	0.9776553298759895	0.9779705382378261	0.974234355306799	0.9780739302967412	0.9768557022399438	0.9749529518717732	0.9782462739148287	0.9781564330389172	0.9758369192242234
0.9760276602359386	0.969888801603263	0.9713324654386895	0.9745540607087132	0.9765850863474638	0.9736530068407995	0.9727929844752482	0.9724481759200425	0.9719522357171849	0.9730681455396474	0.9836098916793804	0.9721266603540872	0.9735974841189781	0.973583721205541	0.9772009889021228	0.9731598379474643	0.9745172711967535	1.0	0.9720029469313624	0.975780750886637	0.980302633101683	0.9739603684166158	0.9756743561407983	0.9759925020009486	0.9793646552363408	0.9752452616059766	0.9718568123803538	0.9732570448492481
0.9793537330454822	0.9701719827463648	0.9709111611687811	0.9765862613784725	0.9800537250005238	0.9748053561644254	0.9696921009273063	0.9728348151261277	0.9756485943790528	0.9739396506228122	0.9744371612527445	0.9716910050324383	0.9728201556011492	0.9741063358756993	0.9799496778695799	0.9768929083564462	0.9807051059508952	0.9720029469313624	1.0	0.9796004406505509	0.9768929083564462	0.9767399458848918	0.9791763648364319	0.979424411365483	0.9755692216886053	0.9797755260739445	0.9736880069609041	0.9711491564168578
0.9741462634304974	0.978744191825512	0.9767700085945875	0.9733321002936925	0.9791231476608621	0.9776955129462673	0.9765403694090447	0.9815454683647274	0.9731355911181074	0.9781425253040124	0.9797883829283849	0.9762609553286576	0.9781678178507105	0.9750444778633263	0.976773630133233	0.9783372690878477	0.9776553298759895	0.975780750886637	0.9796004406505509	1.0	0.9800332955942385	0.9724033779488023	0.9790751755022085	0.9757357930583546	0.9778409227059749	0.9810888322080721	0.9775460087823662	0.9759511859677337
0.9790340705765583	0.9744942014116225	0.9743561441382514	0.9789388059261556	0.9810028615576786	0.9759976523370961	0.9745538847815027	0.9764763401109697	0.97348152381575	0.9768523091387076	0.9848189694620958	0.9743173821078785	0.9774556022985242	0.9766671941829466	0.9810327019511135	0.9754751767498944	0.9779705382378261	0.980302633101683	0.9768929083564462	0.9800332955942385	1.0	0.9759780140298857	0.9800947435598668	0.9792552792683473	0.987458306155563	0.9799100518146169	0.9759489162352384	0.976925042406018
0.9728585700674456	0.9740469958431041	0.9733605219377417	0.9727615654464564	0.9751423230608377	0.9762562059973249	0.9745956627224319	0.9772958169309606	0.9728958592084007	0.9749555372156383	0.9769314167576835	0.9755642001068834	0.9755837274315937	0.9720207954943927	0.9739381486878544	0.9756190364813252	0.974234355306799	0.9739603684166158	0.9767399458848918	0.9724033779488023	0.9759780140298857	1.0	0.9759741479895557	0.9737816220314716	0.973533875530897	0.9762035595623059	0.9760249632520513	0.9745130275910435
0.9794613212347792	0.9743953532091993	0.9757424416319539	0.9770091397383925	0.9793726152455899	0.9773416051190644	0.9744701673637435	0.9771900908411699	0.9746665375982712	0.9783945509973548	0.9804409675254344	0.9758226389403393	0.9783895333517011	0.9750444778633263	0.9806785536301452	0.9792487458245408	0.9780739302967412	0.9756743561407983	0.9791763648364319	0.9790751755022085	0.9800947435598668	0.9759741479895557	1.0	0.9792539643972055	0.9769717616564031	0.9796392365402241	0.977254745332847	0.9774739111118629
0.97664778600525	0.974788954045357	0.9757424416319539	0.9742575369934586	0.9793477760959257	0.9796425740718502	0.9757038319576737	0.9771900908411699	0.9748954296771339	0.9794878384032203	0.9794904116943026	0.9778885363354327	0.9767662009482055	0.9745654321602414	0.996162939716995	0.9774674619966319	0.9768557022399438	0.9759925020009486	0.979424411365483	0.9757357930583546	0.9792552792683473	0.9737816220314716	0.9792539643972055	1.0	0.9772640660616286	0.979431061335116	0.9776906699323858	0.976479187994554
0.978030961356653	0.969888801603263	0.972275348865264	0.9761457601232372	0.9781255668599825	0.9754742971136638	0.9730567227710204	0.9754127790927624	0.9728744740738988	0.9753123191064673	0.983521799266071	0.9731408171335735	0.975863506653085	0.9740019120065714	0.9791179768042398	0.9746723631034413	0.9749529518717732	0.9793646552363408	0.9755692216886053	0.9778409227059749	0.987458306155563	0.973533875530897	0.9769717616564031	0.9772640660616286	1.0	0.9770369452772711	0.9751004484219817	0.9757605177838022
0.9830427703262598	0.9758947067093564	0.9768205451331722	0.978369790016025	0.9806606643699195	0.9902327543042274	0.9752569061886671	0.9780264470066844	0.9752000447320884	0.9804111104319571	0.9797883829283849	0.9755642001068834	0.9779072297244242	0.9758058613587278	0.980889718107069	0.9779387016265856	0.9782462739148287	0.9752452616059766	0.9797755260739445	0.9810888322080721	0.9799100518146169	0.9762035595623059	0.9796392365402241	0.979431061335116	0.9770369452772711	1.0	0.9777987459439156	0.9769987615040725
0.9781919868531227	0.9680151917229723	0.9718073376134877	0.9840334284637785	0.9771081311996019	0.9740279326772754	0.9697890993145333	0.9720290820347118	0.9756813428567027	0.9730258713067658	0.9743494233680055	0.9730855055100865	0.9774934779028064	0.9886042918030102	0.9780138288042899	0.9743094106558037	0.9781564330389172	0.9718568123803538	0.9736880069609041	0.9775460087823662	0.9759489162352384	0.9760249632520513	0.977254745332847	0.9776906699323858	0.9751004484219817	0.9777987459439156	1.0	0.9865499902001041
0.977834752990752	0.9680151917229723	0.9709716842620976	0.9841751995401922	0.9779064444144455	0.9732983282929358	0.9706963555980438	0.9716913864474611	0.9737082992883974	0.9727710621560475	0.9746320352671216	0.9726314036046051	0.9787193058712107	0.9964667853479149	0.9779064444144455	0.973911358949446	0.9758369192242234	0.9732570448492481	0.9711491564168578	0.9759511859677337	0.976925042406018	0.9745130275910435	0.9774739111118629	0.976479187994554	0.9757605177838022	0.9769987615040725	0.9865499902001041	1.0
