/home/jshaw/scratch/2022_sketched_distance/references/SGB_genome_fastas_part4/14243/Bengtsson-PalmeJ_2015__TRAVELRES18__bin.12.fa	/home/jshaw/scratch/2022_sketched_distance/references/SGB_genome_fastas_part4/14243/Bengtsson-PalmeJ_2015__TRAVELRES39__bin.16.fa	/home/jshaw/scratch/2022_sketched_distance/references/SGB_genome_fastas_part4/14243/Bengtsson-PalmeJ_2015__TRAVELRES50__bin.100.fa	/home/jshaw/scratch/2022_sketched_distance/references/SGB_genome_fastas_part4/14243/CosteaPI_2017__SID713A004-11-90-0__bin.60.fa	/home/jshaw/scratch/2022_sketched_distance/references/SGB_genome_fastas_part4/14243/CosteaPI_2017__SID713A028-11-0-0__bin.13.fa	/home/jshaw/scratch/2022_sketched_distance/references/SGB_genome_fastas_part4/14243/HMP_2012__SRS011134__bin.70.fa	/home/jshaw/scratch/2022_sketched_distance/references/SGB_genome_fastas_part4/14243/HMP_2012__SRS017307__bin.46.fa	/home/jshaw/scratch/2022_sketched_distance/references/SGB_genome_fastas_part4/14243/LeChatelierE_2013__MH0012__bin.34.fa	/home/jshaw/scratch/2022_sketched_distance/references/SGB_genome_fastas_part4/14243/LeChatelierE_2013__MH0224__bin.18.fa	/home/jshaw/scratch/2022_sketched_distance/references/SGB_genome_fastas_part4/14243/LeChatelierE_2013__MH0250__bin.73.fa	/home/jshaw/scratch/2022_sketched_distance/references/SGB_genome_fastas_part4/14243/LeChatelierE_2013__MH0318__bin.94.fa	/home/jshaw/scratch/2022_sketched_distance/references/SGB_genome_fastas_part4/14243/LeChatelierE_2013__MH0407__bin.9.fa	/home/jshaw/scratch/2022_sketched_distance/references/SGB_genome_fastas_part4/14243/LeChatelierE_2013__MH0428__bin.92.fa	/home/jshaw/scratch/2022_sketched_distance/references/SGB_genome_fastas_part4/14243/LiJ_2014__MH0262__bin.31.fa	/home/jshaw/scratch/2022_sketched_distance/references/SGB_genome_fastas_part4/14243/LiJ_2014__MH0338__bin.39.fa	/home/jshaw/scratch/2022_sketched_distance/references/SGB_genome_fastas_part4/14243/LiJ_2014__MH0339__bin.58.fa	/home/jshaw/scratch/2022_sketched_distance/references/SGB_genome_fastas_part4/14243/LiJ_2014__MH0399__bin.80.fa	/home/jshaw/scratch/2022_sketched_distance/references/SGB_genome_fastas_part4/14243/LiJ_2014__MH0402__bin.1.fa	/home/jshaw/scratch/2022_sketched_distance/references/SGB_genome_fastas_part4/14243/LiJ_2014__O2.UC13-1__bin.11.fa	/home/jshaw/scratch/2022_sketched_distance/references/SGB_genome_fastas_part4/14243/LiuW_2016__SRR3992981__bin.39.fa	/home/jshaw/scratch/2022_sketched_distance/references/SGB_genome_fastas_part4/14243/LiuW_2016__SRR3993056__bin.66.fa	/home/jshaw/scratch/2022_sketched_distance/references/SGB_genome_fastas_part4/14243/LoombaR_2017__SID0012_qdz__bin.71.fa	/home/jshaw/scratch/2022_sketched_distance/references/SGB_genome_fastas_part4/14243/NielsenHB_2014__MH0012__bin.89.fa	/home/jshaw/scratch/2022_sketched_distance/references/SGB_genome_fastas_part4/14243/QinJ_2012__T2D-085__bin.20.fa	/home/jshaw/scratch/2022_sketched_distance/references/SGB_genome_fastas_part4/14243/XieH_2016__YSZC12003_35520__bin.37.fa	/home/jshaw/scratch/2022_sketched_distance/references/SGB_genome_fastas_part4/14243/XieH_2016__YSZC12003_35549__bin.54.fa	/home/jshaw/scratch/2022_sketched_distance/references/SGB_genome_fastas_part4/14243/XieH_2016__YSZC12003_35550__bin.91.fa	/home/jshaw/scratch/2022_sketched_distance/references/SGB_genome_fastas_part4/14243/XieH_2016__YSZC12003_36033__bin.79.fa	/home/jshaw/scratch/2022_sketched_distance/references/SGB_genome_fastas_part4/14243/XieH_2016__YSZC12003_36058__bin.61.fa	/home/jshaw/scratch/2022_sketched_distance/references/SGB_genome_fastas_part4/14243/XieH_2016__YSZC12003_36667__bin.109.fa	/home/jshaw/scratch/2022_sketched_distance/references/SGB_genome_fastas_part4/14243/XieH_2016__YSZC12003_37176__bin.69.fa	/home/jshaw/scratch/2022_sketched_distance/references/SGB_genome_fastas_part4/14243/XieH_2016__YSZC12003_37203__bin.14.fa	/home/jshaw/scratch/2022_sketched_distance/references/SGB_genome_fastas_part4/14243/XieH_2016__YSZC12003_37228__bin.96.fa	/home/jshaw/scratch/2022_sketched_distance/references/SGB_genome_fastas_part4/14243/XieH_2016__YSZC12003_37264__bin.28.fa	/home/jshaw/scratch/2022_sketched_distance/references/SGB_genome_fastas_part4/14243/XieH_2016__YSZC12003_37265R1__bin.26.fa	/home/jshaw/scratch/2022_sketched_distance/references/SGB_genome_fastas_part4/14243/XieH_2016__YSZC12003_37315__bin.119.fa	/home/jshaw/scratch/2022_sketched_distance/references/SGB_genome_fastas_part4/14243/XieH_2016__YSZC12003_37393__bin.68.fa	/home/jshaw/scratch/2022_sketched_distance/references/SGB_genome_fastas_part4/14243/XieH_2016__YSZC12003_37652__bin.41.fa	/home/jshaw/scratch/2022_sketched_distance/references/SGB_genome_fastas_part4/14243/XieH_2016__YSZC12003_37797__bin.14.fa	/home/jshaw/scratch/2022_sketched_distance/references/SGB_genome_fastas_part4/14243/ZellerG_2014__CCIS07539127ST-4-0__bin.75.fa
1.0	0.9891684860036534	0.9902753203367372	0.9890150056312139	0.988538325647187	0.9893297124948366	0.9895285090093162	0.9939732737255353	0.9894209563940136	0.9863576849351795	0.9884212399533766	0.987601673215719	0.9822844080193248	0.9868159742221334	0.9880026107735651	0.9890430901660276	0.9873706327173754	0.9889242906810835	0.9877290911955415	0.9895817123394871	0.9895176418442545	0.984209450643931	0.994101345649011	0.9894191721876086	0.9887971438611394	0.9893297124948366	0.9897978422930658	0.9900311229448528	0.9866383380474365	0.9871779422506743	0.988843648362928	0.9873955720380682	0.9884535727848681	0.9883266314858545	0.9870601191190705	0.9872285584465605	0.9884080091104048	0.9864723937203019	0.9872795027743546	0.9892861198116052
0.9891684860036534	1.0	0.9912556935663367	0.9898173769360143	0.9894533448875104	0.9897291446927199	0.9906205088554826	0.9898629252137361	0.9904372760246619	0.9872709063962256	0.9894227432415913	0.9878271110980618	0.9832229528591553	0.987235083685234	0.9885715769986345	0.9907830434793646	0.9884419248988641	0.9900365537391006	0.9881737739893897	0.9904448976164152	0.990195735775893	0.9852021783439218	0.9905324598281259	0.9897225334701055	0.9898977505301999	0.990610938912033	0.9902879317057468	0.9898239882931517	0.9879950992385417	0.9888027689412127	0.989392300413476	0.9881525978096856	0.9889709230213036	0.9877494665935023	0.9874819458445548	0.9879451347392002	0.9895274987888283	0.9869649317280978	0.9872491865065522	0.9905093170709509
0.9902753203367372	0.9912556935663367	1.0	0.9873491703035235	0.9917229736963061	0.990630607026892	0.9880380914585715	0.9914778605423659	0.9902055034157295	0.9846470898684481	0.9932734026297252	0.9864116533919292	0.9834442591435941	0.9896051807834819	0.9867151613923347	0.9892973442324522	0.9879440929198935	0.9887297922345801	0.9934824646573776	0.9881923976538888	0.9879552693628995	0.9824296888618487	0.9904026478022103	0.9872432789640532	0.9915761240348931	0.9917229736963061	0.9876911254448842	0.9875295854716182	0.9857017070797178	0.9862937135618434	0.9930864549825719	0.9857676267310146	0.9867510790872239	0.9891859171520563	0.9856250018820055	0.9851348884808185	0.9923997779256459	0.9836905524844538	0.9845314972687388	0.9893402560902964
0.9890150056312139	0.9898173769360143	0.9873491703035235	1.0	0.9882259101783327	0.9894025807682479	0.9794583103439295	0.9902270230006036	0.9817680165976778	0.9776719222232417	0.9907243221833706	0.9784416833073903	0.9750046415894259	0.9875875217333344	0.9799330362663561	0.9853775030761375	0.9788105442451355	0.9812863540751429	0.9891447041908135	0.978404965543737	0.9801145351305129	0.9795558548900644	0.9888194959914233	0.9847917367701097	0.9884910471023973	0.9901015187806261	0.9793010357366227	0.9788218915502584	0.9798578696505212	0.9754280861022739	0.99038323517828	0.9837789152894674	0.9849391609470857	0.988192617519238	0.977820037531832	0.9828515943527246	0.9888847947988559	0.9791633995870854	0.9795558548900644	0.9851955710591223
0.988538325647187	0.9894533448875104	0.9917229736963061	0.9882259101783327	1.0	0.9890951809409944	0.9895285090093162	0.9897371016566637	0.9906674328536813	0.9862463745202794	0.9915243444803009	0.9871461121217309	0.9842431704707186	0.9875971696794434	0.9896080618380617	0.9908636539722568	0.9895750956539872	0.9909305641423257	0.9899249259194752	0.9893378757241936	0.9888571011101968	0.983956504190068	0.9888243204248286	0.9881770194965489	0.9905962503068556	0.990111687120198	0.9888630592232247	0.9893355558300606	0.9888695117422396	0.9897698871842842	0.9917909206537995	0.9872249534974771	0.9872318973644924	0.9881206032031333	0.9865997132471509	0.9866733306053936	0.9916356792671293	0.9852399786783836	0.9863576375381738	0.9911043279556165
0.9893297124948366	0.9897291446927199	0.990630607026892	0.9894025807682479	0.9890951809409944	1.0	0.9902831239011491	0.9894528340375274	0.9900111085520197	0.9862835198815253	0.9888733810140915	0.9885676167031928	0.9833337927756304	0.9879858675202736	0.9874625581728596	0.9897167928750447	0.9876079743737073	0.9897225728558458	0.9872862061420803	0.9908214075125797	0.9904389013251776	0.9847715495160738	0.9905555723302369	0.9898595081227178	0.9898742106796503	0.9891639337763592	0.9904819478962426	0.9902369655977908	0.9874590875851089	0.9887271868100338	0.9876889463483012	0.9880971147750399	0.988531694977822	0.9883818407728704	0.9877068637603478	0.9876603731948514	0.9892452653546739	0.9861920644314159	0.988586514733849	0.9900889803045045
0.9895285090093162	0.9906205088554826	0.9880380914585715	0.9794583103439295	0.9895285090093162	0.9902831239011491	1.0	0.9910208726373418	0.9802290533467525	0.9773144664883434	0.9900790252841986	0.9803305684559444	0.9760304436962486	0.9920010582943002	0.9762047019626481	0.9853147754845728	0.9797400355957314	0.9806619488455851	0.9906540585083343	0.9762152621349062	0.985550535403499	0.9810684745169028	0.9897704909375932	0.9851170078414836	0.9895631867246213	0.9954525477310935	0.9790311109750308	0.9778885363354327	0.9805709191765178	0.9738572096694182	0.9898736565985422	0.9837396294427979	0.9864007982161496	0.988897992482787	0.9835737160695701	0.9840689589646635	0.9899079735946169	0.9808432512360632	0.9849579316535203	0.9867046122711568
0.9939732737255353	0.9898629252137361	0.9914778605423659	0.9902270230006036	0.9897371016566637	0.9894528340375274	0.9910208726373418	1.0	0.9908959966430485	0.9871264838396628	0.989468112964155	0.988310328971903	0.9837005755937913	0.9882482125653406	0.9891308857632758	0.9902952038613191	0.9886716968704974	0.9899739961206262	0.9885534559437964	0.9907276817294063	0.9904086034060748	0.9851716057371183	0.9991729413000998	0.990077491683164	0.9906652942617331	0.9900463381750916	0.9906427616442117	0.9912473581282376	0.9880541210361642	0.9886893306455968	0.9891632187131421	0.9890008474444224	0.989277480050886	0.9886825653515602	0.9886226395909896	0.988367712910108	0.9899463721103806	0.9873295554727779	0.988615625057268	0.9908727725351422
0.9894209563940136	0.9904372760246619	0.9902055034157295	0.9817680165976778	0.9906674328536813	0.9900111085520197	0.9802290533467525	0.9908959966430485	1.0	0.9776620280873338	0.9936970272300514	0.9782811776123711	0.9800710959277569	0.989815561779719	0.976798315103321	0.9884541790961832	0.983995602928112	0.983948752679034	0.9916095224178457	0.9751004054358677	0.9822653259706724	0.9824621536394231	0.9903987600847105	0.9853259549697211	0.993063158952715	0.9909718344251518	0.9806983954355336	0.9806983954355336	0.9846904446463564	0.9759709732050367	0.9932050709646063	0.9857280977115079	0.9862130142601938	0.9901667159338475	0.9813138837184154	0.9844142711385399	0.9927056939749647	0.9816173382531564	0.9827551947445335	0.9911606706446854
0.9863576849351795	0.9872709063962256	0.9846470898684481	0.9776719222232417	0.9862463745202794	0.9862835198815253	0.9773144664883434	0.9871264838396628	0.9776620280873338	1.0	0.9873069132167315	0.9750831996183963	0.9727261584536097	0.9854183716124398	0.9750885400179766	0.9819649692896645	0.9761392195716716	0.9786238241167492	0.9865055150460539	0.9752512799945622	0.9778164914709206	0.9777201832614886	0.9860226165751282	0.9828424139117603	0.9858349808998964	0.9878423417071647	0.9760885557719133	0.9755650784579935	0.9763913620599921	0.9712516545280013	0.9871264838396628	0.9810197933662089	0.9830888548052588	0.9860973719253909	0.9769886525224564	0.9817098899916795	0.9862091871409687	0.9814957944655169	0.9768403540322479	0.9831297486900712
0.9884212399533766	0.9894227432415913	0.9932734026297252	0.9907243221833706	0.9915243444803009	0.9888733810140915	0.9900790252841986	0.989468112964155	0.9936970272300514	0.9873069132167315	1.0	0.9889679106880349	0.9864624750418878	0.9881053743694964	0.990648298481626	0.9923333746741844	0.9907628600762322	0.992359126932788	0.9908879565564844	0.990159670411316	0.9905899752642681	0.984554098087453	0.989475281828872	0.9900231306371821	0.9924769483962517	0.9902742762417115	0.9900601287195144	0.9898586011576173	0.9895808762150391	0.9895860922244284	0.9957088399506845	0.9883736001136437	0.988919551900274	0.9880554481876767	0.9879302555644546	0.9876317611134033	0.9920948121352712	0.9863792159458761	0.9871884700560453	0.993502165979202
0.987601673215719	0.9878271110980618	0.9864116533919292	0.9784416833073903	0.9871461121217309	0.9885676167031928	0.9803305684559444	0.988310328971903	0.9782811776123711	0.9750831996183963	0.9889679106880349	1.0	0.9745818322478416	0.9898247677604164	0.9746886506491218	0.9824707497250265	0.9779898090545025	0.9785412551278662	0.9872986675439109	0.9733130304936282	0.9813953901971723	0.9785909272830355	0.9873746808738346	0.9828650750316812	0.9871843173322894	0.992981776013933	0.9768581123093707	0.9758480512327722	0.9777869479933734	0.9709270354318463	0.9881624002036881	0.9818477580550105	0.9848506258513317	0.9867229003774541	0.980377593483474	0.9815770885227743	0.9873366961543694	0.9786900452543094	0.9804245509398113	0.9847274166946534
0.9822844080193248	0.9832229528591553	0.9834442591435941	0.9750046415894259	0.9842431704707186	0.9833337927756304	0.9760304436962486	0.9837005755937913	0.9800710959277569	0.9727261584536097	0.9864624750418878	0.9745818322478416	1.0	0.981901326995169	0.9775481337695002	0.9810028409402599	0.9763052575225455	0.97802402821213	0.9851629228267229	0.9721748133338496	0.9746957286979159	0.9755870261342003	0.9820934278546858	0.9779755603770686	0.9868292681469563	0.9848474549888773	0.9755590553790611	0.9764624289073555	0.9764180290833188	0.9737975443402845	0.986596328147888	0.9777137881162133	0.9788755593934116	0.9815916009028756	0.9728568085292065	0.9765090662105469	0.9858532992065152	0.9735611869901246	0.973110131642653	0.9836275465656296
0.9868159742221334	0.987235083685234	0.9896051807834819	0.9875875217333344	0.9875971696794434	0.9879858675202736	0.9920010582943002	0.9882482125653406	0.989815561779719	0.9854183716124398	0.9881053743694964	0.9898247677604164	0.981901326995169	1.0	0.9864354671006164	0.9887582666518578	0.986368704574482	0.9879401104789131	0.9876731046686585	0.9887950025339621	0.9930018770518516	0.9826616450979293	0.9883089770308686	0.9877426237959689	0.9879094105493094	0.993426033802752	0.9876911254448842	0.9876037577737914	0.9853834692260518	0.9853850440861377	0.9880337223095957	0.9873671969694644	0.9862710015194956	0.9863663126102599	0.9887779908893299	0.9860185016942391	0.987648243739385	0.9851432346938309	0.9888475865726604	0.9887398112019716
0.9880026107735651	0.9885715769986345	0.9867151613923347	0.9799330362663561	0.9896080618380617	0.9874625581728596	0.9762047019626481	0.9891308857632758	0.976798315103321	0.9750885400179766	0.990648298481626	0.9746886506491218	0.9775481337695002	0.9864354671006164	1.0	0.9854993481512502	0.9833672791018369	0.9855406083348945	0.989056857298731	0.9732330408851126	0.9784310174401327	0.9801767897826631	0.9881552985606623	0.9833672791018369	0.9890197806392435	0.9890197806392435	0.9781738184424689	0.9763688715198762	0.9819722071614962	0.9767634221008529	0.9908243828758903	0.9826996595828128	0.9843224981917168	0.9874236418537584	0.9774426751100282	0.982155591063017	0.9917593527553988	0.9791405694105326	0.9803221737213713	0.9869924972596696
0.9890430901660276	0.9907830434793646	0.9892973442324522	0.9853775030761375	0.9908636539722568	0.9897167928750447	0.9853147754845728	0.9902952038613191	0.9884541790961832	0.9819649692896645	0.9923333746741844	0.9824707497250265	0.9810028409402599	0.9887582666518578	0.9854993481512502	1.0	0.9859094604091959	0.9876054053315049	0.99115755401257	0.9834583697387242	0.9843345117350852	0.9800659942445072	0.9894657643274151	0.9846828865158065	0.9913167679127409	0.9906212298001501	0.9840981374283844	0.9850231443098583	0.9847701878782931	0.9825889380010626	0.992359034930384	0.983962699324792	0.9855772116895853	0.988442091363537	0.9823638202856383	0.9837301929223662	0.9919979669524678	0.9797873510213245	0.9809125828948477	0.9889579012188101
0.9873706327173754	0.9884419248988641	0.9879440929198935	0.9788105442451355	0.9895750956539872	0.9876079743737073	0.9797400355957314	0.9886716968704974	0.983995602928112	0.9761392195716716	0.9907628600762322	0.9779898090545025	0.9763052575225455	0.986368704574482	0.9833672791018369	0.9859094604091959	1.0	0.9846401452572724	0.9885405948532275	0.9781305549075129	0.9782501520263457	0.9802550786254267	0.987843617134032	0.9830879703680089	0.9896069066086438	0.9888022794132154	0.9778174653812024	0.9788218915502584	0.9815806130140625	0.9790270028743293	0.9903923734181671	0.9822237673560849	0.9842682840153884	0.9877091707126512	0.9776146674015646	0.9818635493927063	0.9915815667082221	0.9780246126911635	0.9787851662751087	0.9860160107584425
0.9889242906810835	0.9900365537391006	0.9887297922345801	0.9812863540751429	0.9909305641423257	0.9897225728558458	0.9806619488455851	0.9899739961206262	0.983948752679034	0.9786238241167492	0.992359126932788	0.9785412551278662	0.97802402821213	0.9879401104789131	0.9855406083348945	0.9876054053315049	0.9846401452572724	1.0	0.9903785170642129	0.9790140765370935	0.9802873294127473	0.9802031194730384	0.9887947526585911	0.9850530820141198	0.9901301683823247	0.9906863485285858	0.9793915567612643	0.9803821215485046	0.9822855008231349	0.9794815264956337	0.9918602079530681	0.983527536056482	0.9853426564658174	0.9882384638061184	0.9783380032010656	0.9833748318787182	0.9918897654307454	0.9793055547508343	0.9804132388133235	0.9879067926521098
0.9877290911955415	0.9881737739893897	0.9934824646573776	0.9891447041908135	0.9899249259194752	0.9872862061420803	0.9906540585083343	0.9885534559437964	0.9916095224178457	0.9865055150460539	0.9908879565564844	0.9872986675439109	0.9851629228267229	0.9876731046686585	0.989056857298731	0.99115755401257	0.9885405948532275	0.9903785170642129	1.0	0.9899681403306422	0.9897967303884013	0.9843038049890805	0.9898550594826366	0.9890009486194065	0.990550140668202	0.987382157000228	0.9893003630586076	0.9894408305207952	0.9881718482701639	0.9876504167188517	0.9893303239784161	0.9880137145827701	0.9873399481312737	0.9869085804951973	0.9869620017334427	0.9871415114351136	0.9904967253617957	0.9859093240213623	0.9862640136994877	0.99133427169036
0.9895817123394871	0.9904448976164152	0.9881923976538888	0.978404965543737	0.9893378757241936	0.9908214075125797	0.9762152621349062	0.9907276817294063	0.9751004054358677	0.9752512799945622	0.990159670411316	0.9733130304936282	0.9721748133338496	0.9887950025339621	0.9732330408851126	0.9834583697387242	0.9781305549075129	0.9790140765370935	0.9899681403306422	1.0	0.9848899715308287	0.9781305549075129	0.9893378757241936	0.9842677491714034	0.9896302640960812	0.9911936735510516	0.982508212180087	0.9795461258281456	0.9880400082823767	0.9833997852001565	0.9911009995884725	0.9842677491714034	0.9875268896014691	0.9897271537595761	0.9800696443014193	0.9847214410245335	0.990159670411316	0.9862079591173533	0.9886453813072065	0.9862617444682354
0.9895176418442545	0.990195735775893	0.9879552693628995	0.9801145351305129	0.9888571011101968	0.9904389013251776	0.985550535403499	0.9904086034060748	0.9822653259706724	0.9778164914709206	0.9905899752642681	0.9813953901971723	0.9746957286979159	0.9930018770518516	0.9784310174401327	0.9843345117350852	0.9782501520263457	0.9802873294127473	0.9897967303884013	0.9848899715308287	1.0	0.9804287114003809	0.9894864857447481	0.9842615196365526	0.9888571011101968	0.9944280116360417	0.9812367567458701	0.981112590015737	0.9823043422224997	0.9809045045434632	0.9909199248910492	0.9837830705754554	0.9858658208640179	0.988473620370581	0.9827664844102433	0.9839310303965834	0.9899814863905906	0.982343104138078	0.9846970564635243	0.9863836370900492
0.984209450643931	0.9852021783439218	0.9824296888618487	0.9795558548900644	0.983956504190068	0.9847715495160738	0.9810684745169028	0.9851716057371183	0.9824621536394231	0.9777201832614886	0.984554098087453	0.9785909272830355	0.9755870261342003	0.9826616450979293	0.9801767897826631	0.9800659942445072	0.9802550786254267	0.9802031194730384	0.9843038049890805	0.9781305549075129	0.9804287114003809	1.0	0.9842723836813735	0.9806799032215767	0.984209450643931	0.9862842619111188	0.9805023945080623	0.9810221689976535	0.9776666273075225	0.9776772029969575	0.9850490298777271	0.9788115649182659	0.9810370555405067	0.9837974163061415	0.9787415219722084	0.9785183203431086	0.9839247482892713	0.9772986945465828	0.9777874687662869	0.9809084447711515
0.994101345649011	0.9905324598281259	0.9904026478022103	0.9888194959914233	0.9888243204248286	0.9905555723302369	0.9897704909375932	0.9991729413000998	0.9903987600847105	0.9860226165751282	0.989475281828872	0.9873746808738346	0.9820934278546858	0.9883089770308686	0.9881552985606623	0.9894657643274151	0.987843617134032	0.9887947526585911	0.9898550594826366	0.9893378757241936	0.9894864857447481	0.9842723836813735	1.0	0.9890289958377222	0.9893796502516832	0.9907398922550421	0.9900601287195144	0.9903394075247586	0.9870664667592068	0.9871779422506743	0.9898314510323283	0.9880415381191616	0.9883229560829181	0.9896657171672228	0.9875141712151118	0.98754577536031	0.9893556989662993	0.9866271056701607	0.9867910583405355	0.9898235251393998
0.9894191721876086	0.9897225334701055	0.9872432789640532	0.9847917367701097	0.9881770194965489	0.9898595081227178	0.9851170078414836	0.990077491683164	0.9853259549697211	0.9828424139117603	0.9900231306371821	0.9828650750316812	0.9779755603770686	0.9877426237959689	0.9833672791018369	0.9846828865158065	0.9830879703680089	0.9850530820141198	0.9890009486194065	0.9842677491714034	0.9842615196365526	0.9806799032215767	0.9890289958377222	1.0	0.9882632153172938	0.9902670533134345	0.9853650878792357	0.9842528605138218	0.981410860509675	0.9817575577775232	0.9902940448941193	0.9835840713646744	0.986129540894816	0.9887191560523096	0.9820609814616849	0.9834846658052704	0.989224661118961	0.9806876413617116	0.9816402948800534	0.985883691053466
0.9887971438611394	0.9898977505301999	0.9915761240348931	0.9884910471023973	0.9905962503068556	0.9898742106796503	0.9895631867246213	0.9906652942617331	0.993063158952715	0.9858349808998964	0.9924769483962517	0.9871843173322894	0.9868292681469563	0.9879094105493094	0.9890197806392435	0.9913167679127409	0.9896069066086438	0.9901301683823247	0.990550140668202	0.9896302640960812	0.9888571011101968	0.984209450643931	0.9893796502516832	0.9882632153172938	1.0	0.9910992522898544	0.9893337628038225	0.9897546534390717	0.9889843664800528	0.9895122865462803	0.9924115907731464	0.9876498528922173	0.9874207540411255	0.9885774428428773	0.9871253685300223	0.9868496801767817	0.9916170557707437	0.9858461611251002	0.9864509955339215	0.9936449312913274
0.9893297124948366	0.990610938912033	0.9917229736963061	0.9901015187806261	0.990111687120198	0.9891639337763592	0.9954525477310935	0.9900463381750916	0.9909718344251518	0.9878423417071647	0.9902742762417115	0.992981776013933	0.9848474549888773	0.993426033802752	0.9890197806392435	0.9906212298001501	0.9888022794132154	0.9906863485285858	0.987382157000228	0.9911936735510516	0.9944280116360417	0.9862842619111188	0.9907398922550421	0.9902670533134345	0.9910992522898544	1.0	0.9902879317057468	0.9904755041205822	0.9887542554018464	0.9892154010336427	0.9894616657266831	0.9895633116985182	0.9891756107426836	0.9882421136033961	0.9921069497049477	0.9885073762172003	0.9902226957711444	0.9880173249691612	0.9929962823819967	0.9915120170797507
0.9897978422930658	0.9902879317057468	0.9876911254448842	0.9793010357366227	0.9888630592232247	0.9904819478962426	0.9790311109750308	0.9906427616442117	0.9806983954355336	0.9760885557719133	0.9900601287195144	0.9768581123093707	0.9755590553790611	0.9876911254448842	0.9781738184424689	0.9840981374283844	0.9778174653812024	0.9793915567612643	0.9893003630586076	0.982508212180087	0.9812367567458701	0.9805023945080623	0.9900601287195144	0.9853650878792357	0.9893337628038225	0.9902879317057468	1.0	0.9809768645579945	0.9840197575441215	0.9800285976103652	0.9899620154595217	0.9833858818269122	0.9876208721178181	0.9901904943132854	0.9808500322507161	0.9837439434333755	0.9900601287195144	0.9823702363369674	0.98310466006797	0.9864759301576305
0.9900311229448528	0.9898239882931517	0.9875295854716182	0.9788218915502584	0.9893355558300606	0.9902369655977908	0.9778885363354327	0.9912473581282376	0.9806983954355336	0.9755650784579935	0.9898586011576173	0.9758480512327722	0.9764624289073555	0.9876037577737914	0.9763688715198762	0.9850231443098583	0.9788218915502584	0.9803821215485046	0.9894408305207952	0.9795461258281456	0.981112590015737	0.9810221689976535	0.9903394075247586	0.9842528605138218	0.9897546534390717	0.9904755041205822	0.9809768645579945	1.0	0.9835898724871233	0.9783071367392208	0.990373484308921	0.9844573260624861	0.9867024623310674	0.989685172565526	0.9804743277855407	0.9850631891620636	0.9893355558300606	0.9828704410994863	0.9835898724871233	0.9865115437486005
0.9866383380474365	0.9879950992385417	0.9857017070797178	0.9798578696505212	0.9888695117422396	0.9874590875851089	0.9805709191765178	0.9880541210361642	0.9846904446463564	0.9763913620599921	0.9895808762150391	0.9777869479933734	0.9764180290833188	0.9853834692260518	0.9819722071614962	0.9847701878782931	0.9815806130140625	0.9822855008231349	0.9881718482701639	0.9880400082823767	0.9823043422224997	0.9776666273075225	0.9870664667592068	0.981410860509675	0.9889843664800528	0.9887542554018464	0.9840197575441215	0.9835898724871233	1.0	0.9915883659880339	0.9904421824135909	0.9810113466834314	0.983811460053576	0.986822504502374	0.9792428085567563	0.9810113466834314	0.9886385945932099	0.9829393479658761	0.9873097911403231	0.9854473639090152
0.9871779422506743	0.9888027689412127	0.9862937135618434	0.9754280861022739	0.9897698871842842	0.9887271868100338	0.9738572096694182	0.9886893306455968	0.9759709732050367	0.9712516545280013	0.9895860922244284	0.9709270354318463	0.9737975443402845	0.9853850440861377	0.9767634221008529	0.9825889380010626	0.9790270028743293	0.9794815264956337	0.9876504167188517	0.9833997852001565	0.9809045045434632	0.9776772029969575	0.9871779422506743	0.9817575577775232	0.9895122865462803	0.9892154010336427	0.9800285976103652	0.9783071367392208	0.9915883659880339	1.0	0.9912045252305859	0.981569903469208	0.9857183838683253	0.9886134876112227	0.9769807471180887	0.9819906225347943	0.9927808490926145	0.9832659886991465	0.98925265821843	0.9858011930370892
0.988843648362928	0.989392300413476	0.9930864549825719	0.99038323517828	0.9917909206537995	0.9876889463483012	0.9898736565985422	0.9891632187131421	0.9932050709646063	0.9871264838396628	0.9957088399506845	0.9881624002036881	0.986596328147888	0.9880337223095957	0.9908243828758903	0.992359034930384	0.9903923734181671	0.9918602079530681	0.9893303239784161	0.9911009995884725	0.9909199248910492	0.9850490298777271	0.9898314510323283	0.9902940448941193	0.9924115907731464	0.9894616657266831	0.9899620154595217	0.990373484308921	0.9904421824135909	0.9912045252305859	1.0	0.9885109774699345	0.9883229560829181	0.9874628344307115	0.9877388698182458	0.98725752302309	0.9925467304211484	0.9865343658716506	0.988176246408954	0.9932388202296212
0.9873955720380682	0.9881525978096856	0.9857676267310146	0.9837789152894674	0.9872249534974771	0.9880971147750399	0.9837396294427979	0.9890008474444224	0.9857280977115079	0.9810197933662089	0.9883736001136437	0.9818477580550105	0.9777137881162133	0.9873671969694644	0.9826996595828128	0.983962699324792	0.9822237673560849	0.983527536056482	0.9880137145827701	0.9842677491714034	0.9837830705754554	0.9788115649182659	0.9880415381191616	0.9835840713646744	0.9876498528922173	0.9895633116985182	0.9833858818269122	0.9844573260624861	0.9810113466834314	0.981569903469208	0.9885109774699345	1.0	0.9836122530805271	0.986707724417932	0.981639949827313	0.9817204733790054	0.9879301026549279	0.9799391327853014	0.9805425626189848	0.9844194128846887
0.9884535727848681	0.9889709230213036	0.9867510790872239	0.9849391609470857	0.9872318973644924	0.988531694977822	0.9864007982161496	0.989277480050886	0.9862130142601938	0.9830888548052588	0.988919551900274	0.9848506258513317	0.9788755593934116	0.9862710015194956	0.9843224981917168	0.9855772116895853	0.9842682840153884	0.9853426564658174	0.9873399481312737	0.9875268896014691	0.9858658208640179	0.9810370555405067	0.9883229560829181	0.986129540894816	0.9874207540411255	0.9891756107426836	0.9876208721178181	0.9867024623310674	0.983811460053576	0.9857183838683253	0.9883229560829181	0.9836122530805271	1.0	0.9940956500295182	0.984160011022854	0.9851039910097984	0.9875281875836247	0.9832487427211972	0.9843994515452725	0.9864296610182126
0.9883266314858545	0.9877494665935023	0.9891859171520563	0.988192617519238	0.9881206032031333	0.9883818407728704	0.988897992482787	0.9886825653515602	0.9901667159338475	0.9860973719253909	0.9880554481876767	0.9867229003774541	0.9815916009028756	0.9863663126102599	0.9874236418537584	0.988442091363537	0.9877091707126512	0.9882384638061184	0.9869085804951973	0.9897271537595761	0.988473620370581	0.9837974163061415	0.9896657171672228	0.9887191560523096	0.9885774428428773	0.9882421136033961	0.9901904943132854	0.989685172565526	0.986822504502374	0.9886134876112227	0.9874628344307115	0.986707724417932	0.9940956500295182	1.0	0.9871904888065797	0.9875170634590993	0.9880670579480734	0.9866579609110558	0.9867910583405355	0.9889867710084685
0.9870601191190705	0.9874819458445548	0.9856250018820055	0.977820037531832	0.9865997132471509	0.9877068637603478	0.9835737160695701	0.9886226395909896	0.9813138837184154	0.9769886525224564	0.9879302555644546	0.980377593483474	0.9728568085292065	0.9887779908893299	0.9774426751100282	0.9823638202856383	0.9776146674015646	0.9783380032010656	0.9869620017334427	0.9800696443014193	0.9827664844102433	0.9787415219722084	0.9875141712151118	0.9820609814616849	0.9871253685300223	0.9921069497049477	0.9808500322507161	0.9804743277855407	0.9792428085567563	0.9769807471180887	0.9877388698182458	0.981639949827313	0.984160011022854	0.9871904888065797	1.0	0.9814079922811901	0.9877068637603478	0.97886756740949	0.9817169050195705	0.9836205352281199
0.9872285584465605	0.9879451347392002	0.9851348884808185	0.9828515943527246	0.9866733306053936	0.9876603731948514	0.9840689589646635	0.988367712910108	0.9844142711385399	0.9817098899916795	0.9876317611134033	0.9815770885227743	0.9765090662105469	0.9860185016942391	0.982155591063017	0.9837301929223662	0.9818635493927063	0.9833748318787182	0.9871415114351136	0.9847214410245335	0.9839310303965834	0.9785183203431086	0.98754577536031	0.9834846658052704	0.9868496801767817	0.9885073762172003	0.9837439434333755	0.9850631891620636	0.9810113466834314	0.9819906225347943	0.98725752302309	0.9817204733790054	0.9851039910097984	0.9875170634590993	0.9814079922811901	1.0	0.9871995683535744	0.9802780849987337	0.9808757687573575	0.984258573358111
0.9884080091104048	0.9895274987888283	0.9923997779256459	0.9888847947988559	0.9916356792671293	0.9892452653546739	0.9899079735946169	0.9899463721103806	0.9927056939749647	0.9862091871409687	0.9920948121352712	0.9873366961543694	0.9858532992065152	0.987648243739385	0.9917593527553988	0.9919979669524678	0.9915815667082221	0.9918897654307454	0.9904967253617957	0.990159670411316	0.9899814863905906	0.9839247482892713	0.9893556989662993	0.989224661118961	0.9916170557707437	0.9902226957711444	0.9900601287195144	0.9893355558300606	0.9886385945932099	0.9927808490926145	0.9925467304211484	0.9879301026549279	0.9875281875836247	0.9880670579480734	0.9877068637603478	0.9871995683535744	1.0	0.9854965780401306	0.9861073790071225	0.9923620130385244
0.9864723937203019	0.9869649317280978	0.9836905524844538	0.9791633995870854	0.9852399786783836	0.9861920644314159	0.9808432512360632	0.9873295554727779	0.9816173382531564	0.9814957944655169	0.9863792159458761	0.9786900452543094	0.9735611869901246	0.9851432346938309	0.9791405694105326	0.9797873510213245	0.9780246126911635	0.9793055547508343	0.9859093240213623	0.9862079591173533	0.982343104138078	0.9772986945465828	0.9866271056701607	0.9806876413617116	0.9858461611251002	0.9880173249691612	0.9823702363369674	0.9828704410994863	0.9829393479658761	0.9832659886991465	0.9865343658716506	0.9799391327853014	0.9832487427211972	0.9866579609110558	0.97886756740949	0.9802780849987337	0.9854965780401306	1.0	0.9810960344241882	0.9830772175072031
0.9872795027743546	0.9872491865065522	0.9845314972687388	0.9795558548900644	0.9863576375381738	0.988586514733849	0.9849579316535203	0.988615625057268	0.9827551947445335	0.9768403540322479	0.9871884700560453	0.9804245509398113	0.973110131642653	0.9888475865726604	0.9803221737213713	0.9809125828948477	0.9787851662751087	0.9804132388133235	0.9862640136994877	0.9886453813072065	0.9846970564635243	0.9777874687662869	0.9867910583405355	0.9816402948800534	0.9864509955339215	0.9929962823819967	0.98310466006797	0.9835898724871233	0.9873097911403231	0.98925265821843	0.988176246408954	0.9805425626189848	0.9843994515452725	0.9867910583405355	0.9817169050195705	0.9808757687573575	0.9861073790071225	0.9810960344241882	1.0	0.9835958172942887
0.9892861198116052	0.9905093170709509	0.9893402560902964	0.9851955710591223	0.9911043279556165	0.9900889803045045	0.9867046122711568	0.9908727725351422	0.9911606706446854	0.9831297486900712	0.993502165979202	0.9847274166946534	0.9836275465656296	0.9887398112019716	0.9869924972596696	0.9889579012188101	0.9860160107584425	0.9879067926521098	0.99133427169036	0.9862617444682354	0.9863836370900492	0.9809084447711515	0.9898235251393998	0.985883691053466	0.9936449312913274	0.9915120170797507	0.9864759301576305	0.9865115437486005	0.9854473639090152	0.9858011930370892	0.9932388202296212	0.9844194128846887	0.9864296610182126	0.9889867710084685	0.9836205352281199	0.984258573358111	0.9923620130385244	0.9830772175072031	0.9835958172942887	1.0
