/home/jshaw/scratch/2022_sketched_distance/references/SGB_genome_fastas_part1_redo/1667/BritoIL_2016__W2.47.ST__bin.34.fa	/home/jshaw/scratch/2022_sketched_distance/references/SGB_genome_fastas_part1_redo/1667/BritoIL_2016__WL.44.ST__bin.12.fa	/home/jshaw/scratch/2022_sketched_distance/references/SGB_genome_fastas_part1_redo/1667/BritoIL_2016__WL.5.ST__bin.6.fa	/home/jshaw/scratch/2022_sketched_distance/references/SGB_genome_fastas_part1_redo/1667/CM_madagascar__A72_01_1FE__bin.16.fa	/home/jshaw/scratch/2022_sketched_distance/references/SGB_genome_fastas_part1_redo/1667/CM_madagascar__A94_01_1FE__bin.15.fa	/home/jshaw/scratch/2022_sketched_distance/references/SGB_genome_fastas_part1_redo/1667/CosteaPI_2017__SID713A014-11-0-0__bin.28.fa	/home/jshaw/scratch/2022_sketched_distance/references/SGB_genome_fastas_part1_redo/1667/CosteaPI_2017__SID713A038-11-90-0__bin.55.fa	/home/jshaw/scratch/2022_sketched_distance/references/SGB_genome_fastas_part1_redo/1667/CosteaPI_2017__SID713A049-11-0-0__bin.2.fa	/home/jshaw/scratch/2022_sketched_distance/references/SGB_genome_fastas_part1_redo/1667/CosteaPI_2017__SID713A057-11-90-0__bin.8.fa	/home/jshaw/scratch/2022_sketched_distance/references/SGB_genome_fastas_part1_redo/1667/CosteaPI_2017__SID713A058-11-0-0__bin.50.fa	/home/jshaw/scratch/2022_sketched_distance/references/SGB_genome_fastas_part1_redo/1667/CosteaPI_2017__SID713A058-11-90-0__bin.42.fa	/home/jshaw/scratch/2022_sketched_distance/references/SGB_genome_fastas_part1_redo/1667/CosteaPI_2017__SID713B003-11-0-0__bin.34.fa	/home/jshaw/scratch/2022_sketched_distance/references/SGB_genome_fastas_part1_redo/1667/CosteaPI_2017__SID713B003-11-90-0__bin.67.fa	/home/jshaw/scratch/2022_sketched_distance/references/SGB_genome_fastas_part1_redo/1667/CosteaPI_2017__SID713B005-11-90-0__bin.30.fa	/home/jshaw/scratch/2022_sketched_distance/references/SGB_genome_fastas_part1_redo/1667/CosteaPI_2017__SID713B040-11-90-0__bin.114.fa	/home/jshaw/scratch/2022_sketched_distance/references/SGB_genome_fastas_part1_redo/1667/CosteaPI_2017__SID713B042-11-0-0__bin.61.fa	/home/jshaw/scratch/2022_sketched_distance/references/SGB_genome_fastas_part1_redo/1667/KarlssonFH_2013__S468__bin.13.fa	/home/jshaw/scratch/2022_sketched_distance/references/SGB_genome_fastas_part1_redo/1667/LiJ_2014__MH0222__bin.7.fa	/home/jshaw/scratch/2022_sketched_distance/references/SGB_genome_fastas_part1_redo/1667/LiJ_2014__MH0357__bin.61.fa	/home/jshaw/scratch/2022_sketched_distance/references/SGB_genome_fastas_part1_redo/1667/LiJ_2014__MH0400__bin.25.fa	/home/jshaw/scratch/2022_sketched_distance/references/SGB_genome_fastas_part1_redo/1667/LiJ_2014__O2.UC16-1__bin.29.fa	/home/jshaw/scratch/2022_sketched_distance/references/SGB_genome_fastas_part1_redo/1667/LiJ_2014__V1.CD44-0__bin.7.fa	/home/jshaw/scratch/2022_sketched_distance/references/SGB_genome_fastas_part1_redo/1667/LiJ_2014__V1.CD44-4__bin.14.fa	/home/jshaw/scratch/2022_sketched_distance/references/SGB_genome_fastas_part1_redo/1667/LiJ_2014__V1.CD6-0-PT__bin.78.fa	/home/jshaw/scratch/2022_sketched_distance/references/SGB_genome_fastas_part1_redo/1667/LiuW_2016__SRR3993014__bin.77.fa	/home/jshaw/scratch/2022_sketched_distance/references/SGB_genome_fastas_part1_redo/1667/LiuW_2016__SRR3993042__bin.16.fa	/home/jshaw/scratch/2022_sketched_distance/references/SGB_genome_fastas_part1_redo/1667/LiuW_2016__SRR3993050__bin.66.fa	/home/jshaw/scratch/2022_sketched_distance/references/SGB_genome_fastas_part1_redo/1667/LiuW_2016__SRR3993051__bin.10.fa	/home/jshaw/scratch/2022_sketched_distance/references/SGB_genome_fastas_part1_redo/1667/LiuW_2016__SRR3993060__bin.20.fa	/home/jshaw/scratch/2022_sketched_distance/references/SGB_genome_fastas_part1_redo/1667/QinJ_2012__T2D-073__bin.53.fa	/home/jshaw/scratch/2022_sketched_distance/references/SGB_genome_fastas_part1_redo/1667/VogtmannE_2016__MMRS57276462ST-27-0-0__bin.49.fa
1.0	0.9786730555545514	0.9767500093970296	0.9748650175294611	0.9756089549534004	0.9762604571815203	0.9713549667833656	0.9720534981191629	0.9757634276465038	0.9706861176968452	0.973859460332186	0.9765249767608176	0.9762604571815203	0.9748253872539858	0.974666381021095	0.9689422861765868	0.9690516096839982	0.9717061154938076	0.9651993129118542	0.9746265075751974	0.974666381021095	0.9749441333816901	0.9762604571815203	0.9680592009754374	0.972948047254729	0.9713015005699348	0.9781402094124466	0.9721397649021382	0.9758788026093301	0.9787082710256365	0.9772691153849461
0.9786730555545514	1.0	0.9771522217226408	0.9745212029041859	0.9789915547250666	0.976550338686839	0.975834665618001	0.9764007046561357	0.975268636407447	0.9766783087063432	0.9747604013072388	0.9785632721572576	0.9779409377373012	0.973859580030861	0.9748954296771339	0.9753029727923869	0.9746035393313841	0.9746291864620957	0.9709959555215101	0.9742290868977818	0.9738416381833943	0.9761591425240981	0.9754952003582087	0.9670027339537417	0.9776711823274082	0.9775291675882419	0.9778097759420827	0.9758396694124705	0.9771727446795486	0.9778623040109349	0.9763859958458818
0.9767500093970296	0.9771522217226408	1.0	0.9775291516261589	0.9771544027737467	0.9778752962185777	0.9764728610832534	0.9755856631552502	0.97426574848148	0.9756690642029662	0.974304319338192	0.9796283496541733	0.9764957302762298	0.9718393935066894	0.9739775999858188	0.9746398978406975	0.9722575018633671	0.9738506618574807	0.9741801444251308	0.9767982661304316	0.9733325119949016	0.9740768888209552	0.9736985532343402	0.9648558349271588	0.9766833829595146	0.9759709732050367	0.9759945242972087	0.9765107043829521	0.9785567506184757	0.9759383551683579	0.9787635961276163
0.9748650175294611	0.9745212029041859	0.9775291516261589	1.0	0.976264902024086	0.9755922546455069	0.9756305011539794	0.9749332438507671	0.9727399219468629	0.9758583386658694	0.9742386388289856	0.9781395228579826	0.9742678757150639	0.9718560893564483	0.9742424943220952	0.9752591861743541	0.9722575018633671	0.9730178766011844	0.975152062300226	0.9749643868932032	0.9726519239106612	0.9751812547884514	0.9734706530876254	0.9636819052843639	0.9765794656378163	0.9765248645502151	0.9750714536162459	0.9767627410090307	0.9767084273019138	0.9732669583275606	0.9772267791721315
0.9756089549534004	0.9789915547250666	0.9771544027737467	0.976264902024086	1.0	0.9780859174273852	0.9724024703094482	0.9723826531407108	0.9771881338136833	0.9747448864892216	0.9760212088249529	0.9787031899678326	0.9789915547250666	0.9746290115325588	0.9763687858732311	0.9711544648784661	0.9733449523743116	0.9724805028874878	0.9654086773813964	0.9761954614310725	0.9744827913290307	0.9772218299594339	0.978216844048013	0.9685930434646414	0.9742423375367675	0.9746683532128432	0.9798416710071677	0.9742622193992313	0.9776899527512931	0.97911890339237	0.9774901516846182
0.9762604571815203	0.976550338686839	0.9778752962185777	0.9755922546455069	0.9780859174273852	1.0	0.9893173116293696	0.979945351482124	0.9778760211241454	0.9819357482839339	0.9796195687304543	0.9818897830535692	0.9794264764874081	0.9776632887108104	0.9809802539776955	0.9820387305798383	0.9788416450094085	0.977200501196568	0.9771465533369547	0.9774924444418361	0.9773969698560458	0.9775729932578575	0.9761604323313374	0.9684476781158391	0.9806204326760642	0.9808533570421075	0.9780559657525505	0.9799872150432284	0.9784012085446874	0.974054273653046	0.9789297877024639
0.9713549667833656	0.975834665618001	0.9764728610832534	0.9756305011539794	0.9724024703094482	0.9893173116293696	1.0	0.9764356822955731	0.9774879933509744	0.9768251999796106	0.9752182860547719	0.9813739758489484	0.980533187772113	0.97777687961514	0.9762726746320356	0.9789814581684267	0.9715870772302726	0.9735150517839692	0.9705494570586038	0.978094889551902	0.9750102017364828	0.9741642772649721	0.975356272591436	0.9646905592793136	0.9756289684040654	0.9759709732050367	0.9771639756543453	0.9757667530949488	0.9783470828263904	0.9754936759613054	0.9778726087740754
0.9720534981191629	0.9764007046561357	0.9755856631552502	0.9749332438507671	0.9723826531407108	0.979945351482124	0.9764356822955731	1.0	0.9864955278867577	0.9814623805590217	0.9842345949826955	0.9840135605798596	0.9836231294225785	0.979661599878978	0.9809347450267387	0.9798301809402576	0.9729576578189121	0.9758002592117925	0.9702548015461591	0.9788926471128285	0.9772981289462938	0.9756215276420023	0.9769902729736382	0.9675199500243508	0.9737400202245855	0.9744181910473453	0.9787952415515284	0.9754057449791936	0.9790865902618456	0.9762955456242821	0.9792152483357865
0.9757634276465038	0.975268636407447	0.97426574848148	0.9727399219468629	0.9771881338136833	0.9778760211241454	0.9774879933509744	0.9864955278867577	1.0	0.998705902436704	0.9987913902400403	0.9816765726646471	0.9808871489123745	0.9780597403398248	0.9810873479939888	0.9803590144837379	0.9793791089982141	0.9790623755036185	0.9732535221235817	0.9751351488723301	0.9788093488535662	0.9763691926088219	0.9757817669964873	0.9677137670728296	0.9792431151404892	0.9797706318520631	0.9787423835328655	0.977415202903901	0.9766256050347256	0.9744748553951584	0.9779260531643554
0.9706861176968452	0.9766783087063432	0.9756690642029662	0.9758583386658694	0.9747448864892216	0.9819357482839339	0.9768251999796106	0.9814623805590217	0.998705902436704	1.0	0.9973790804019251	0.9835853545690437	0.9833161233872068	0.9791920167680255	0.9798664866993673	0.9732717023869288	0.9739383696539403	0.9753255691058185	0.9690366704401451	0.9787460176252424	0.9780830044254006	0.9773702155199895	0.9778352976176509	0.9679951591349907	0.9779416882414795	0.9765248645502151	0.9798664866993673	0.9780477327663244	0.980885146949283	0.9767150937019946	0.9796991708103435
0.973859460332186	0.9747604013072388	0.974304319338192	0.9742386388289856	0.9760212088249529	0.9796195687304543	0.9752182860547719	0.9842345949826955	0.9987913902400403	0.9973790804019251	1.0	0.9826258992834688	0.9826004703214086	0.9781081821567698	0.9793302498497668	0.977787339074259	0.9786968135587167	0.9763869045728117	0.9703032900516761	0.976949508039765	0.9774894049042847	0.9747604013072388	0.9770401146042317	0.9661809366190524	0.9768902278051781	0.9774148543929801	0.97894382679462	0.9749892127769663	0.9783698187264184	0.9757480815718459	0.9788868783308717
0.9765249767608176	0.9785632721572576	0.9796283496541733	0.9781395228579826	0.9787031899678326	0.9818897830535692	0.9813739758489484	0.9840135605798596	0.9816765726646471	0.9835853545690437	0.9826258992834688	1.0	0.999639635895195	0.9828636166058974	0.9816964252845091	0.9846379896212523	0.9794146272114601	0.9790039449322123	0.9805634986157316	0.9802610744213973	0.9795860082312852	0.9783139583217282	0.9776582150779825	0.9698307061705216	0.9799390327919818	0.9791250797267579	0.9791672781019591	0.9815958251863942	0.9794115755875411	0.976689325681248	0.9773778117599945
0.9762604571815203	0.9779409377373012	0.9764957302762298	0.9742678757150639	0.9789915547250666	0.9794264764874081	0.980533187772113	0.9836231294225785	0.9808871489123745	0.9833161233872068	0.9826004703214086	0.999639635895195	1.0	0.9821992321305795	0.9815649784105585	0.9841076397399271	0.979236648433553	0.9790915516053278	0.9758189898883537	0.9772045860189006	0.9792133758298217	0.9782293168326854	0.977426254421936	0.9696472340776036	0.9796876844903489	0.9787974519369265	0.9790428823728049	0.9788592440120528	0.9779368450288871	0.9756025126769158	0.9774505053224098
0.9748253872539858	0.973859580030861	0.9718393935066894	0.9718560893564483	0.9746290115325588	0.9776632887108104	0.97777687961514	0.979661599878978	0.9780597403398248	0.9791920167680255	0.9781081821567698	0.9828636166058974	0.9821992321305795	1.0	0.9785885150570063	0.9911765653586331	0.9788054973764899	0.9782944919692182	0.9742166647720455	0.9786842036163202	0.9766526663006142	0.9737543332942503	0.9741274853150267	0.9674391141362338	0.9765100026702569	0.9781321570108611	0.9756618485740435	0.9749892127769663	0.9756618485740435	0.9748312792816628	0.9787099652445873
0.974666381021095	0.9748954296771339	0.9739775999858188	0.9742424943220952	0.9763687858732311	0.9809802539776955	0.9762726746320356	0.9809347450267387	0.9810873479939888	0.9798664866993673	0.9793302498497668	0.9816964252845091	0.9815649784105585	0.9785885150570063	1.0	0.9798301809402576	0.9766372452376467	0.9759081022127554	0.9702620794579162	0.9776518299824811	0.9769918789336555	0.9751529737439466	0.9772033171397074	0.9673203162827395	0.9775703740771328	0.9779073411615022	0.9782695555273553	0.9749892127769663	0.9786173573035524	0.9749600072793516	0.9778885363354327
0.9689422861765868	0.9753029727923869	0.9746398978406975	0.9752591861743541	0.9711544648784661	0.9820387305798383	0.9789814581684267	0.9798301809402576	0.9803590144837379	0.9732717023869288	0.977787339074259	0.9846379896212523	0.9841076397399271	0.9911765653586331	0.9798301809402576	1.0	0.9695227605843493	0.977665486141016	0.9740995186836174	0.981427968729573	0.978350039885055	0.9750834475096445	0.9776247670397326	0.9663949611468067	0.9741902085815896	0.9713033010914245	0.978350039885055	0.9750393639793332	0.9791762964759574	0.9749067534787981	0.9805830633395995
0.9690516096839982	0.9746035393313841	0.9722575018633671	0.9722575018633671	0.9733449523743116	0.9788416450094085	0.9715870772302726	0.9729576578189121	0.9793791089982141	0.9739383696539403	0.9786968135587167	0.9794146272114601	0.979236648433553	0.9788054973764899	0.9766372452376467	0.9695227605843493	1.0	0.9762483741905738	0.9672951650498316	0.9778140532072275	0.9778513160465555	0.9760521821630962	0.9779628496562098	0.9678068375238218	0.9726968680264552	0.9700328804119379	0.9772878495639982	0.9728275250881504	0.9772119790321457	0.9761308009861931	0.9791293934950768
0.9717061154938076	0.9746291864620957	0.9738506618574807	0.9730178766011844	0.9724805028874878	0.977200501196568	0.9735150517839692	0.9758002592117925	0.9790623755036185	0.9753255691058185	0.9763869045728117	0.9790039449322123	0.9790915516053278	0.9782944919692182	0.9759081022127554	0.977665486141016	0.9762483741905738	1.0	0.9841719913064452	0.9818313566612051	0.9767336027962743	0.9740555615545855	0.9767022369104883	0.9667551496369136	0.9733733674531633	0.9738268748196595	0.9766394143363463	0.971603956548593	0.9756822264689617	0.9751270493226919	0.9793240262361326
0.9651993129118542	0.9709959555215101	0.9741801444251308	0.975152062300226	0.9654086773813964	0.9771465533369547	0.9705494570586038	0.9702548015461591	0.9732535221235817	0.9690366704401451	0.9703032900516761	0.9805634986157316	0.9758189898883537	0.9742166647720455	0.9702620794579162	0.9740995186836174	0.9672951650498316	0.9841719913064452	1.0	0.9840641958041563	0.9724926848182833	0.9705085590941298	0.9719101045788626	0.9621463257284406	0.9679685370532094	0.9679037087184047	0.9724926848182833	0.9720664862550297	0.9789944230691604	0.9712769168809865	0.980201027783193
0.9746265075751974	0.9742290868977818	0.9767982661304316	0.9749643868932032	0.9761954614310725	0.9774924444418361	0.978094889551902	0.9788926471128285	0.9751351488723301	0.9787460176252424	0.976949508039765	0.9802610744213973	0.9772045860189006	0.9786842036163202	0.9776518299824811	0.981427968729573	0.9778140532072275	0.9818313566612051	0.9840641958041563	1.0	0.9782351711345125	0.9759477276655965	0.9740209778469592	0.9682177148309454	0.9778385062146352	0.9770694882287413	0.975267973320069	0.9779944733507353	0.977853192666265	0.9722515160694639	0.9803703835105265
0.974666381021095	0.9738416381833943	0.9733325119949016	0.9726519239106612	0.9744827913290307	0.9773969698560458	0.9750102017364828	0.9772981289462938	0.9788093488535662	0.9780830044254006	0.9774894049042847	0.9795860082312852	0.9792133758298217	0.9766526663006142	0.9769918789336555	0.978350039885055	0.9778513160465555	0.9767336027962743	0.9724926848182833	0.9782351711345125	1.0	0.9742688951121588	0.9764201842501455	0.9654061311529067	0.9771980522529521	0.9759709732050367	0.9769122393940217	0.9742517950363824	0.9780969591571397	0.974621500114338	0.9787550986338402
0.9749441333816901	0.9761591425240981	0.9740768888209552	0.9751812547884514	0.9772218299594339	0.9775729932578575	0.9741642772649721	0.9756215276420023	0.9763691926088219	0.9773702155199895	0.9747604013072388	0.9783139583217282	0.9782293168326854	0.9737543332942503	0.9751529737439466	0.9750834475096445	0.9760521821630962	0.9740555615545855	0.9705085590941298	0.9759477276655965	0.9742688951121588	1.0	0.9988113348998419	0.9663572625336192	0.9777047158988141	0.9767593910770532	0.9772834600702981	0.9745554918466659	0.9782575550805361	0.9762793371096324	0.9773125294515778
0.9762604571815203	0.9754952003582087	0.9736985532343402	0.9734706530876254	0.978216844048013	0.9761604323313374	0.975356272591436	0.9769902729736382	0.9757817669964873	0.9778352976176509	0.9770401146042317	0.9776582150779825	0.977426254421936	0.9741274853150267	0.9772033171397074	0.9776247670397326	0.9779628496562098	0.9767022369104883	0.9719101045788626	0.9740209778469592	0.9764201842501455	0.9988113348998419	1.0	0.9674391141362338	0.978071325962341	0.977453003371299	0.9773810248260164	0.9760006994116536	0.9765347416291946	0.9747873133524744	0.9769310677683529
0.9680592009754374	0.9670027339537417	0.9648558349271588	0.9636819052843639	0.9685930434646414	0.9684476781158391	0.9646905592793136	0.9675199500243508	0.9677137670728296	0.9679951591349907	0.9661809366190524	0.9698307061705216	0.9696472340776036	0.9674391141362338	0.9673203162827395	0.9663949611468067	0.9678068375238218	0.9667551496369136	0.9621463257284406	0.9682177148309454	0.9654061311529067	0.9663572625336192	0.9674391141362338	1.0	0.9665342575336479	0.96774978785961	0.9676355331690281	0.9647446698246765	0.9670027339537417	0.9687139144088192	0.9685239699197544
0.972948047254729	0.9776711823274082	0.9766833829595146	0.9765794656378163	0.9742423375367675	0.9806204326760642	0.9756289684040654	0.9737400202245855	0.9792431151404892	0.9779416882414795	0.9768902278051781	0.9799390327919818	0.9796876844903489	0.9765100026702569	0.9775703740771328	0.9741902085815896	0.9726968680264552	0.9733733674531633	0.9679685370532094	0.9778385062146352	0.9771980522529521	0.9777047158988141	0.978071325962341	0.9665342575336479	1.0	0.9767593910770532	0.9803433933988375	0.9772660643931892	0.9948299519694178	0.9775703740771328	0.9780049755325153
0.9713015005699348	0.9775291675882419	0.9759709732050367	0.9765248645502151	0.9746683532128432	0.9808533570421075	0.9759709732050367	0.9744181910473453	0.9797706318520631	0.9765248645502151	0.9774148543929801	0.9791250797267579	0.9787974519369265	0.9781321570108611	0.9779073411615022	0.9713033010914245	0.9700328804119379	0.9738268748196595	0.9679037087184047	0.9770694882287413	0.9759709732050367	0.9767593910770532	0.977453003371299	0.96774978785961	0.9767593910770532	1.0	0.9811270438937736	0.975366862721585	0.9790162355372127	0.9781321570108611	0.9782067524436241
0.9781402094124466	0.9778097759420827	0.9759945242972087	0.9750714536162459	0.9798416710071677	0.9780559657525505	0.9771639756543453	0.9787952415515284	0.9787423835328655	0.9798664866993673	0.97894382679462	0.9791672781019591	0.9790428823728049	0.9756618485740435	0.9782695555273553	0.978350039885055	0.9772878495639982	0.9766394143363463	0.9724926848182833	0.975267973320069	0.9769122393940217	0.9772834600702981	0.9773810248260164	0.9676355331690281	0.9803433933988375	0.9811270438937736	1.0	0.977322790432871	0.9780816479734812	0.9775641191707487	0.977875621459842
0.9721397649021382	0.9758396694124705	0.9765107043829521	0.9767627410090307	0.9742622193992313	0.9799872150432284	0.9757667530949488	0.9754057449791936	0.977415202903901	0.9780477327663244	0.9749892127769663	0.9815958251863942	0.9788592440120528	0.9749892127769663	0.9749892127769663	0.9750393639793332	0.9728275250881504	0.971603956548593	0.9720664862550297	0.9779944733507353	0.9742517950363824	0.9745554918466659	0.9760006994116536	0.9647446698246765	0.9772660643931892	0.975366862721585	0.977322790432871	1.0	0.9797303512107237	0.9751874558425646	0.9785933123161771
0.9758788026093301	0.9771727446795486	0.9785567506184757	0.9767084273019138	0.9776899527512931	0.9784012085446874	0.9783470828263904	0.9790865902618456	0.9766256050347256	0.980885146949283	0.9783698187264184	0.9794115755875411	0.9779368450288871	0.9756618485740435	0.9786173573035524	0.9791762964759574	0.9772119790321457	0.9756822264689617	0.9789944230691604	0.977853192666265	0.9780969591571397	0.9782575550805361	0.9765347416291946	0.9670027339537417	0.9948299519694178	0.9790162355372127	0.9780816479734812	0.9797303512107237	1.0	0.9745053471486218	0.9766448868793566
0.9787082710256365	0.9778623040109349	0.9759383551683579	0.9732669583275606	0.97911890339237	0.974054273653046	0.9754936759613054	0.9762955456242821	0.9744748553951584	0.9767150937019946	0.9757480815718459	0.976689325681248	0.9756025126769158	0.9748312792816628	0.9749600072793516	0.9749067534787981	0.9761308009861931	0.9751270493226919	0.9712769168809865	0.9722515160694639	0.974621500114338	0.9762793371096324	0.9747873133524744	0.9687139144088192	0.9775703740771328	0.9781321570108611	0.9775641191707487	0.9751874558425646	0.9745053471486218	1.0	0.9752320197352228
0.9772691153849461	0.9763859958458818	0.9787635961276163	0.9772267791721315	0.9774901516846182	0.9789297877024639	0.9778726087740754	0.9792152483357865	0.9779260531643554	0.9796991708103435	0.9788868783308717	0.9773778117599945	0.9774505053224098	0.9787099652445873	0.9778885363354327	0.9805830633395995	0.9791293934950768	0.9793240262361326	0.980201027783193	0.9803703835105265	0.9787550986338402	0.9773125294515778	0.9769310677683529	0.9685239699197544	0.9780049755325153	0.9782067524436241	0.977875621459842	0.9785933123161771	0.9766448868793566	0.9752320197352228	1.0
