/home/jshaw/scratch/2022_sketched_distance/references/SGB_genome_fastas_part5/15084/BritoIL_2016__M1.15.ST__bin.24.fa	/home/jshaw/scratch/2022_sketched_distance/references/SGB_genome_fastas_part5/15084/BritoIL_2016__M1.16.ST__bin.34.fa	/home/jshaw/scratch/2022_sketched_distance/references/SGB_genome_fastas_part5/15084/BritoIL_2016__M1.29.ST__bin.3.fa	/home/jshaw/scratch/2022_sketched_distance/references/SGB_genome_fastas_part5/15084/BritoIL_2016__M1.61.ST__bin.72.fa	/home/jshaw/scratch/2022_sketched_distance/references/SGB_genome_fastas_part5/15084/BritoIL_2016__W1.11.ST__bin.11.fa	/home/jshaw/scratch/2022_sketched_distance/references/SGB_genome_fastas_part5/15084/BritoIL_2016__W1.41.ST__bin.31.fa	/home/jshaw/scratch/2022_sketched_distance/references/SGB_genome_fastas_part5/15084/BritoIL_2016__W1.9.ST__bin.39.fa	/home/jshaw/scratch/2022_sketched_distance/references/SGB_genome_fastas_part5/15084/BritoIL_2016__W2.39.ST__bin.73.fa	/home/jshaw/scratch/2022_sketched_distance/references/SGB_genome_fastas_part5/15084/BritoIL_2016__W2.69.ST__bin.15.fa	/home/jshaw/scratch/2022_sketched_distance/references/SGB_genome_fastas_part5/15084/BritoIL_2016__W2.9.ST__bin.25.fa	/home/jshaw/scratch/2022_sketched_distance/references/SGB_genome_fastas_part5/15084/BritoIL_2016__W3.22.ST__bin.39.fa	/home/jshaw/scratch/2022_sketched_distance/references/SGB_genome_fastas_part5/15084/CM_madagascar__A79_02_1FE__bin.27.fa	/home/jshaw/scratch/2022_sketched_distance/references/SGB_genome_fastas_part5/15084/CosteaPI_2017__SID713B014-11-0-0__bin.32.fa	/home/jshaw/scratch/2022_sketched_distance/references/SGB_genome_fastas_part5/15084/FengQ_2015__SID31223__bin.56.fa	/home/jshaw/scratch/2022_sketched_distance/references/SGB_genome_fastas_part5/15084/FengQ_2015__SID31866__bin.74.fa	/home/jshaw/scratch/2022_sketched_distance/references/SGB_genome_fastas_part5/15084/FengQ_2015__SID530295__bin.42.fa	/home/jshaw/scratch/2022_sketched_distance/references/SGB_genome_fastas_part5/15084/LeChatelierE_2013__MH0013__bin.12.fa	/home/jshaw/scratch/2022_sketched_distance/references/SGB_genome_fastas_part5/15084/LeChatelierE_2013__MH0437__bin.97.fa	/home/jshaw/scratch/2022_sketched_distance/references/SGB_genome_fastas_part5/15084/NielsenHB_2014__MH0013__bin.1.fa	/home/jshaw/scratch/2022_sketched_distance/references/SGB_genome_fastas_part5/15084/NielsenHB_2014__V1_UC21_4__bin.3.fa	/home/jshaw/scratch/2022_sketched_distance/references/SGB_genome_fastas_part5/15084/NielsenHB_2014__V1_UC40_0__bin.13.fa	/home/jshaw/scratch/2022_sketched_distance/references/SGB_genome_fastas_part5/15084/Obregon-TitoAJ_2015__HCO07__bin.22.fa	/home/jshaw/scratch/2022_sketched_distance/references/SGB_genome_fastas_part5/15084/Obregon-TitoAJ_2015__SM20__bin.34.fa	/home/jshaw/scratch/2022_sketched_distance/references/SGB_genome_fastas_part5/15084/VogtmannE_2016__MMRS21365932ST-27-0-0__bin.29.fa	/home/jshaw/scratch/2022_sketched_distance/references/SGB_genome_fastas_part5/15084/XieH_2016__YSZC12003_35980__bin.71.fa	/home/jshaw/scratch/2022_sketched_distance/references/SGB_genome_fastas_part5/15084/XieH_2016__YSZC12003_36244__bin.27.fa	/home/jshaw/scratch/2022_sketched_distance/references/SGB_genome_fastas_part5/15084/XieH_2016__YSZC12003_37100__bin.77.fa	/home/jshaw/scratch/2022_sketched_distance/references/SGB_genome_fastas_part5/15084/ZeeviD_2015__PNP_Main_113__bin.57.fa	/home/jshaw/scratch/2022_sketched_distance/references/SGB_genome_fastas_part5/15084/ZeeviD_2015__PNP_Main_134__bin.48.fa	/home/jshaw/scratch/2022_sketched_distance/references/SGB_genome_fastas_part5/15084/ZeeviD_2015__PNP_Main_172__bin.54.fa	/home/jshaw/scratch/2022_sketched_distance/references/SGB_genome_fastas_part5/15084/ZeeviD_2015__PNP_Main_238__bin.8.fa	/home/jshaw/scratch/2022_sketched_distance/references/SGB_genome_fastas_part5/15084/ZeeviD_2015__PNP_Main_438__bin.14.fa	/home/jshaw/scratch/2022_sketched_distance/references/SGB_genome_fastas_part5/15084/ZeeviD_2015__PNP_Main_587__bin.15.fa
1.0	0.9960562346724889	0.989977175442279	0.9873669613893375	0.9891054765630306	0.9875713445669951	0.9893720689904277	0.9853678774720736	0.9886469522937259	0.9953989079865274	0.9841770536182518	0.9895045613556845	0.9853019506635218	0.9893455065256376	0.9885112722887498	0.9724551397329316	0.9879893288906473	0.9828113138607911	0.9858441971302773	0.983740119067317	0.987579858482525	0.9859669782552016	0.9890786983857406	0.9841047893466442	0.9891589677591791	0.9877391755803262	0.9879616277357371	0.9899249958457329	0.9875993758862373	0.9868627347376214	0.9828782361899331	0.989767960128487	0.988647262489444
0.9960562346724889	1.0	0.9892844266200319	0.9870386569185622	0.9883426439159417	0.9869296606696559	0.9883971912355923	0.9848923728522443	0.9884298763307545	0.9948609366960509	0.9840323669493503	0.9884244310661364	0.98436290341364	0.9884516483943395	0.9872040393250744	0.970411896358741	0.9871191598722041	0.9819360599274329	0.9848620432723604	0.9826469664563184	0.9865024613007827	0.9854601202847285	0.9882606532192562	0.9836365735983854	0.987708769753976	0.9863238332922257	0.9869487412417512	0.9882606532192562	0.9864899274542412	0.986588168683269	0.9817894552370048	0.9885060156946869	0.987597274365046
0.989977175442279	0.9892844266200319	1.0	0.98791767188691	0.9937650867029286	0.993689543185015	0.9927026617997587	0.9914566472162317	0.989878561212235	0.9880575447566443	0.9822754023031085	0.98782511908746	0.9861773562528591	0.9876494294352002	0.9873352807613662	0.9733797888948661	0.9863926172193772	0.9843919489270138	0.98432217276874	0.9856923983605074	0.9876974206488235	0.9867562599809764	0.9871677760823782	0.9857560718386559	0.9873459504665407	0.9880256275949816	0.9872440317158951	0.9877282967439747	0.9878472875339265	0.9879008200981388	0.9837835156641949	0.9879001286228501	0.9870402913496099
0.9873669613893375	0.9870386569185622	0.98791767188691	1.0	0.986640317646954	0.9864057054630896	0.9876272671927965	0.983118413244098	0.9836063725236471	0.9873669613893375	0.9828945778195053	0.9868400902423596	0.9774501671394644	0.9869064123934275	0.9859995766967631	0.9651161675160047	0.9858630776189579	0.9775816834717129	0.9839625619894855	0.9791298887949498	0.983192686568778	0.9837444359795608	0.9859995766967631	0.9809275411125659	0.9869395233946106	0.9849617360283359	0.9857946148788204	0.9870056455892898	0.985415498384311	0.9811610111143017	0.9775751509943781	0.9872032185810542	0.9861015802576635
0.9891054765630306	0.9883426439159417	0.9937650867029286	0.986640317646954	1.0	0.9944251479619906	0.9967558638769161	0.9969320724989417	0.9892047483871041	0.9868651638350174	0.97989157965743	0.9864128724102358	0.9863646151394936	0.98655279293225	0.9870230773843874	0.9733797888948661	0.9843798981029086	0.9835584358249486	0.9834087976755896	0.9851653309135897	0.9865024613007827	0.9857294305226632	0.9848603399494851	0.9849246215785544	0.9872154801285457	0.9869009335106103	0.9857297405899598	0.9867813918467214	0.9870519443302402	0.9863509879642736	0.9826864470019866	0.986870958051065	0.9860115128945321
0.9875713445669951	0.9869296606696559	0.993689543185015	0.9864057054630896	0.9944251479619906	1.0	0.9944251479619906	0.9904438821113922	0.9875916896711029	0.9879409439850934	0.9830267340407369	0.9880238319371283	0.9835185971813833	0.9874672630478023	0.986986665805916	0.9709076049311792	0.9861794601859354	0.9820467547709064	0.9844415309158915	0.9827186036498915	0.9857640742055573	0.9841732832208437	0.9869581755847574	0.9826795896985913	0.9877467235230516	0.9851986206084424	0.9855310232832293	0.9876910208880688	0.9858863013176431	0.9854256026840178	0.9810699010711709	0.9879685964889673	0.986986665805916
0.9893720689904277	0.9883971912355923	0.9927026617997587	0.9876272671927965	0.9967558638769161	0.9944251479619906	1.0	0.9957365223947463	0.9897532652546729	0.9868123281250838	0.9807019985255052	0.9866371351469934	0.9848357846334136	0.9862731639657063	0.9869183478001727	0.9728178648211028	0.9850209133961344	0.9832758225261387	0.9832055593564478	0.9848650954447009	0.9867147370625409	0.986232183101534	0.9861946431602215	0.9847948168287615	0.9871631468110057	0.9872140752462384	0.9857010297342964	0.9866252387658844	0.9871074169575328	0.9867453441128881	0.9834093495734318	0.9866888037260619	0.9862251846916463
0.9853678774720736	0.9848923728522443	0.9914566472162317	0.983118413244098	0.9969320724989417	0.9904438821113922	0.9957365223947463	1.0	0.9854216384273132	0.9847115004682192	0.9792028504655742	0.9853612052879999	0.9820186072291424	0.9852146698426444	0.9853612052879999	0.9706331494211067	0.9838349367918093	0.9789180272555709	0.9816171916543064	0.9809167191715787	0.9827007314924326	0.9830286238807381	0.9851852841314277	0.980677394661506	0.9854196368996154	0.9833076220469542	0.9822663032849245	0.9855361892210524	0.9840486753647334	0.983535971239187	0.9787242745343384	0.9856233328904963	0.9848305889220457
0.9886469522937259	0.9884298763307545	0.989878561212235	0.9836063725236471	0.9892047483871041	0.9875916896711029	0.9897532652546729	0.9854216384273132	1.0	0.9892472674025605	0.9849408419744722	0.9896274916342106	0.9759705171752662	0.9887765148016598	0.9880354984345554	0.9695039273820816	0.9886036513518891	0.9784839199135722	0.985754056829071	0.9818447628817126	0.9844037041475074	0.9855169588351314	0.988516878398261	0.9835558897388079	0.988516878398261	0.9874124773512639	0.9866397451261797	0.989289731663087	0.9877699316533232	0.9780682957434509	0.9780682957434509	0.9885602934376099	0.9889055699936011
0.9953989079865274	0.9948609366960509	0.9880575447566443	0.9873669613893375	0.9868651638350174	0.9879409439850934	0.9868123281250838	0.9847115004682192	0.9892472674025605	1.0	0.982162107151623	0.987492661576563	0.9858375782684373	0.9874667533326706	0.9870494234016063	0.9722984350286212	0.9862792493805447	0.9832403239187862	0.9837671926524116	0.9844265160110841	0.9886516212672887	0.9865243674669857	0.9873369053262296	0.9844680412728896	0.9869793219274214	0.9878315594446412	0.9871067121120551	0.9874148755858754	0.9877115231541219	0.9871737437822166	0.9831448688109752	0.9876991967121397	0.9864133314256694
0.9841770536182518	0.9840323669493503	0.9822754023031085	0.9828945778195053	0.97989157965743	0.9830267340407369	0.9807019985255052	0.9792028504655742	0.9849408419744722	0.982162107151623	1.0	0.9822310925772834	0.9829848223161656	0.9835551356753461	0.982877188917513	0.9687608630325164	0.979738753090027	0.9814894980702528	0.9801553605614483	0.9818851598604535	0.9838090396677722	0.9829638443772521	0.9809643461331213	0.9811168717606462	0.9832462919377859	0.9841269855161532	0.9839610539623652	0.9828999539135509	0.9832291994483154	0.9844313557022993	0.9808264884094408	0.983404642885822	0.982388896713437
0.9895045613556845	0.9884244310661364	0.98782511908746	0.9868400902423596	0.9864128724102358	0.9880238319371283	0.9866371351469934	0.9853612052879999	0.9896274916342106	0.987492661576563	0.9822310925772834	1.0	0.9876463993875071	0.9884581447304949	0.9886798286817519	0.973732375183645	0.9853019506635218	0.9868044550687664	0.984824987028245	0.9872247098190944	0.9887938162473354	0.9875552485833631	0.9869078350233343	0.9867513321279842	0.9884471512131202	0.9887636458044945	0.9879490023718569	0.9890389247694674	0.9892270294469856	0.9887968664816693	0.9849529480826333	0.9892854764983986	0.9882638557409367
0.9853019506635218	0.98436290341364	0.9861773562528591	0.9774501671394644	0.9863646151394936	0.9835185971813833	0.9848357846334136	0.9820186072291424	0.9759705171752662	0.9858375782684373	0.9829848223161656	0.9876463993875071	1.0	0.9923888222918941	0.9869934351596673	0.9671496033829285	0.9858755053139879	0.9783687973122063	0.9838024545266345	0.9796770888988569	0.9846001956946425	0.9836405513609573	0.987066629855013	0.9807138770673193	0.9878255030066675	0.9844421916467702	0.9853019506635218	0.9877539784307985	0.985030825405477	0.9762556367678475	0.9748480043136878	0.9880036376899396	0.9908607519479652
0.9893455065256376	0.9884516483943395	0.9876494294352002	0.9869064123934275	0.98655279293225	0.9874672630478023	0.9862731639657063	0.9852146698426444	0.9887765148016598	0.9874667533326706	0.9835551356753461	0.9884581447304949	0.9923888222918941	1.0	0.9890997297403094	0.9745730433235842	0.987064992948502	0.9858015221000764	0.9849908945792548	0.98731814988257	0.989132602142986	0.9884177948632417	0.9882626952657513	0.9864744468646185	0.9886730485120048	0.989485499429452	0.9882427745959752	0.9894005869069362	0.9888349201536658	0.9893447707783339	0.9852033005251521	0.9894420257440323	0.991975584843067
0.9885112722887498	0.9872040393250744	0.9873352807613662	0.9859995766967631	0.9870230773843874	0.986986665805916	0.9869183478001727	0.9853612052879999	0.9880354984345554	0.9870494234016063	0.982877188917513	0.9886798286817519	0.9869934351596673	0.9890997297403094	1.0	0.9752971624497987	0.9869183478001727	0.9849697992882988	0.9844126003800031	0.9863075040761746	0.9884801734219727	0.9873573127506132	0.9879000739136642	0.9855660582166035	0.9885226225128221	0.9890328452350278	0.9871617087389173	0.98975583175349	0.9891750168675527	0.9874818408243544	0.9850604757995699	0.9899477524086312	0.9880777679397824
0.9724551397329316	0.970411896358741	0.9733797888948661	0.9651161675160047	0.9733797888948661	0.9709076049311792	0.9728178648211028	0.9706331494211067	0.9695039273820816	0.9722984350286212	0.9687608630325164	0.973732375183645	0.9671496033829285	0.9745730433235842	0.9752971624497987	1.0	0.9731255749745344	0.9663354712265826	0.9711797525112763	0.9667111163775798	0.9697389079767382	0.9705227120386158	0.9734809193498705	0.9675102980724648	0.9740811724705568	0.9710167387013405	0.9714496312839509	0.9749612470326255	0.9742295175103574	0.9659827801261902	0.9643123384295333	0.9754875670836866	0.9745730433235842
0.9879893288906473	0.9871191598722041	0.9863926172193772	0.9858630776189579	0.9843798981029086	0.9861794601859354	0.9850209133961344	0.9838349367918093	0.9886036513518891	0.9862792493805447	0.979738753090027	0.9853019506635218	0.9858755053139879	0.987064992948502	0.9869183478001727	0.9731255749745344	1.0	0.9843576387933622	0.9964534054094574	0.9868798080258098	0.9877853176005357	0.9864369844630557	0.9853019506635218	0.9852789610277237	0.9867149202587134	0.987270691311788	0.9865236276228089	0.9875004636281544	0.9898703588494351	0.9879386460711052	0.9839319947508316	0.9871732333169114	0.98706625174902
0.9828113138607911	0.9819360599274329	0.9843919489270138	0.9775816834717129	0.9835584358249486	0.9820467547709064	0.9832758225261387	0.9789180272555709	0.9784839199135722	0.9832403239187862	0.9814894980702528	0.9868044550687664	0.9783687973122063	0.9858015221000764	0.9849697992882988	0.9663354712265826	0.9843576387933622	1.0	0.9825221540296962	0.980267971406742	0.9827392628555899	0.9812639105629165	0.98547135585654	0.97879619031061	0.9848008967372737	0.9835935917936498	0.9838734907622111	0.9862582518059801	0.9837688084262219	0.9813001436425723	0.975244422731439	0.9860958616470872	0.9854381559965077
0.9858441971302773	0.9848620432723604	0.98432217276874	0.9839625619894855	0.9834087976755896	0.9844415309158915	0.9832055593564478	0.9816171916543064	0.985754056829071	0.9837671926524116	0.9801553605614483	0.984824987028245	0.9838024545266345	0.9849908945792548	0.9844126003800031	0.9711797525112763	0.9964534054094574	0.9825221540296962	1.0	0.984831565836327	0.985514211930299	0.9840166721522758	0.9847972540708654	0.9827142533441349	0.9839757352373515	0.9849870741119836	0.9842325097879648	0.9852381945694848	0.9876297949934713	0.985384771253752	0.9819472297713241	0.9852928981278284	0.9844474937114472
0.983740119067317	0.9826469664563184	0.9856923983605074	0.9791298887949498	0.9851653309135897	0.9827186036498915	0.9848650954447009	0.9809167191715787	0.9818447628817126	0.9844265160110841	0.9818851598604535	0.9872247098190944	0.9796770888988569	0.98731814988257	0.9863075040761746	0.9667111163775798	0.9868798080258098	0.980267971406742	0.984831565836327	1.0	0.9828614097624695	0.982611089021171	0.9886589844626017	0.9803446737931195	0.9866901444657179	0.9841879073544549	0.9842221007325737	0.9870056455892898	0.9866266794582536	0.9832755913892306	0.9781547749236166	0.9870370299171038	0.9862111441331085
0.987579858482525	0.9865024613007827	0.9876974206488235	0.983192686568778	0.9865024613007827	0.9857640742055573	0.9867147370625409	0.9827007314924326	0.9844037041475074	0.9886516212672887	0.9838090396677722	0.9887938162473354	0.9846001956946425	0.989132602142986	0.9884801734219727	0.9697389079767382	0.9877853176005357	0.9827392628555899	0.985514211930299	0.9828614097624695	1.0	0.9858262440080213	0.9887938162473354	0.9827834707868788	0.9897448112222663	0.9873137983651374	0.9869256515734635	0.9935923093214287	0.9875209195866138	0.9861120838101349	0.9802099071256211	0.9905617464585177	0.9893286314164678
0.9859669782552016	0.9854601202847285	0.9867562599809764	0.9837444359795608	0.9857294305226632	0.9841732832208437	0.986232183101534	0.9830286238807381	0.9855169588351314	0.9865243674669857	0.9829638443772521	0.9875552485833631	0.9836405513609573	0.9884177948632417	0.9873573127506132	0.9705227120386158	0.9864369844630557	0.9812639105629165	0.9840166721522758	0.982611089021171	0.9858262440080213	1.0	0.9880865804289903	0.982330920422237	0.9879754313437258	0.9854300601867009	0.9854901528996527	0.9885274638064906	0.986813978542632	0.9857100104179661	0.9805812499060215	0.9885821617014097	0.9881143091892384
0.9890786983857406	0.9882606532192562	0.9871677760823782	0.9859995766967631	0.9848603399494851	0.9869581755847574	0.9861946431602215	0.9851852841314277	0.988516878398261	0.9873369053262296	0.9809643461331213	0.9869078350233343	0.987066629855013	0.9882626952657513	0.9879000739136642	0.9734809193498705	0.9853019506635218	0.98547135585654	0.9847972540708654	0.9886589844626017	0.9887938162473354	0.9880865804289903	1.0	0.9857244791153419	0.98816893449438	0.9890060240037485	0.9874897722452909	0.9882041623058779	0.9889923239566716	0.9897050472666672	0.9846644737035257	0.987965985451088	0.9883388397550144
0.9841047893466442	0.9836365735983854	0.9857560718386559	0.9809275411125659	0.9849246215785544	0.9826795896985913	0.9847948168287615	0.980677394661506	0.9835558897388079	0.9844680412728896	0.9811168717606462	0.9867513321279842	0.9807138770673193	0.9864744468646185	0.9855660582166035	0.9675102980724648	0.9852789610277237	0.97879619031061	0.9827142533441349	0.9803446737931195	0.9827834707868788	0.982330920422237	0.9857244791153419	1.0	0.9860703397271572	0.9838045619285704	0.9841047893466442	0.9863196083163039	0.9835691365393231	0.9820775768758606	0.9784626636635271	0.986812546907346	0.9852469058810125
0.9891589677591791	0.987708769753976	0.9873459504665407	0.9869395233946106	0.9872154801285457	0.9877467235230516	0.9871631468110057	0.9854196368996154	0.988516878398261	0.9869793219274214	0.9832462919377859	0.9884471512131202	0.9878255030066675	0.9886730485120048	0.9885226225128221	0.9740811724705568	0.9867149202587134	0.9848008967372737	0.9839757352373515	0.9866901444657179	0.9897448112222663	0.9879754313437258	0.98816893449438	0.9860703397271572	1.0	0.989485499429452	0.9875441329846948	0.9896587199112904	0.9889923239566716	0.988833678103579	0.9848090277713181	0.9892434043022754	0.9889222427332044
0.9877391755803262	0.9863238332922257	0.9880256275949816	0.9849617360283359	0.9869009335106103	0.9851986206084424	0.9872140752462384	0.9833076220469542	0.9874124773512639	0.9878315594446412	0.9841269855161532	0.9887636458044945	0.9844421916467702	0.989485499429452	0.9890328452350278	0.9710167387013405	0.987270691311788	0.9835935917936498	0.9849870741119836	0.9841879073544549	0.9873137983651374	0.9854300601867009	0.9890060240037485	0.9838045619285704	0.989485499429452	1.0	0.987270691311788	0.9899841627995339	0.9877480359708577	0.9873666421640647	0.9825708321698069	0.9900622147289244	0.9900622147289244
0.9879616277357371	0.9869487412417512	0.9872440317158951	0.9857946148788204	0.9857297405899598	0.9855310232832293	0.9857010297342964	0.9822663032849245	0.9866397451261797	0.9871067121120551	0.9839610539623652	0.9879490023718569	0.9853019506635218	0.9882427745959752	0.9871617087389173	0.9714496312839509	0.9865236276228089	0.9838734907622111	0.9842325097879648	0.9842221007325737	0.9869256515734635	0.9854901528996527	0.9874897722452909	0.9841047893466442	0.9875441329846948	0.987270691311788	1.0	0.9881362512519646	0.9864354904572626	0.9872896184396814	0.9822215184188943	0.988401916520014	0.9872440317158951
0.9899249958457329	0.9882606532192562	0.9877282967439747	0.9870056455892898	0.9867813918467214	0.9876910208880688	0.9866252387658844	0.9855361892210524	0.989289731663087	0.9874148755858754	0.9828999539135509	0.9890389247694674	0.9877539784307985	0.9894005869069362	0.98975583175349	0.9749612470326255	0.9875004636281544	0.9862582518059801	0.9852381945694848	0.9870056455892898	0.9935923093214287	0.9885274638064906	0.9882041623058779	0.9863196083163039	0.9896587199112904	0.9899841627995339	0.9881362512519646	1.0	0.989382576748097	0.9889438669447138	0.9855928958034015	0.9909006288855967	0.9895400282441357
0.9875993758862373	0.9864899274542412	0.9878472875339265	0.985415498384311	0.9870519443302402	0.9858863013176431	0.9871074169575328	0.9840486753647334	0.9877699316533232	0.9877115231541219	0.9832291994483154	0.9892270294469856	0.985030825405477	0.9888349201536658	0.9891750168675527	0.9742295175103574	0.9898703588494351	0.9837688084262219	0.9876297949934713	0.9866266794582536	0.9875209195866138	0.986813978542632	0.9889923239566716	0.9835691365393231	0.9889923239566716	0.9877480359708577	0.9864354904572626	0.989382576748097	1.0	0.9872510388711204	0.9832584791402041	0.9899212872865747	0.9890707449130653
0.9868627347376214	0.986588168683269	0.9879008200981388	0.9811610111143017	0.9863509879642736	0.9854256026840178	0.9867453441128881	0.983535971239187	0.9780682957434509	0.9871737437822166	0.9844313557022993	0.9887968664816693	0.9762556367678475	0.9893447707783339	0.9874818408243544	0.9659827801261902	0.9879386460711052	0.9813001436425723	0.985384771253752	0.9832755913892306	0.9861120838101349	0.9857100104179661	0.9897050472666672	0.9820775768758606	0.988833678103579	0.9873666421640647	0.9872896184396814	0.9889438669447138	0.9872510388711204	1.0	0.9789499655419114	0.9893809760362118	0.9887600137003207
0.9828782361899331	0.9817894552370048	0.9837835156641949	0.9775751509943781	0.9826864470019866	0.9810699010711709	0.9834093495734318	0.9787242745343384	0.9780682957434509	0.9831448688109752	0.9808264884094408	0.9849529480826333	0.9748480043136878	0.9852033005251521	0.9850604757995699	0.9643123384295333	0.9839319947508316	0.975244422731439	0.9819472297713241	0.9781547749236166	0.9802099071256211	0.9805812499060215	0.9846644737035257	0.9784626636635271	0.9848090277713181	0.9825708321698069	0.9822215184188943	0.9855928958034015	0.9832584791402041	0.9789499655419114	1.0	0.9856280854990712	0.9848090277713181
0.989767960128487	0.9885060156946869	0.9879001286228501	0.9872032185810542	0.986870958051065	0.9879685964889673	0.9866888037260619	0.9856233328904963	0.9885602934376099	0.9876991967121397	0.983404642885822	0.9892854764983986	0.9880036376899396	0.9894420257440323	0.9899477524086312	0.9754875670836866	0.9871732333169114	0.9860958616470872	0.9852928981278284	0.9870370299171038	0.9905617464585177	0.9885821617014097	0.987965985451088	0.986812546907346	0.9892434043022754	0.9900622147289244	0.988401916520014	0.9909006288855967	0.9899212872865747	0.9893809760362118	0.9856280854990712	1.0	0.9890794421126831
0.988647262489444	0.987597274365046	0.9870402913496099	0.9861015802576635	0.9860115128945321	0.986986665805916	0.9862251846916463	0.9848305889220457	0.9889055699936011	0.9864133314256694	0.982388896713437	0.9882638557409367	0.9908607519479652	0.991975584843067	0.9880777679397824	0.9745730433235842	0.98706625174902	0.9854381559965077	0.9844474937114472	0.9862111441331085	0.9893286314164678	0.9881143091892384	0.9883388397550144	0.9852469058810125	0.9889222427332044	0.9900622147289244	0.9872440317158951	0.9895400282441357	0.9890707449130653	0.9887600137003207	0.9848090277713181	0.9890794421126831	1.0
