/home/jshaw/scratch/2022_sketched_distance/references/SGB_genome_fastas_part5/17234/BackhedF_2015__SID103_B__bin.7.fa	/home/jshaw/scratch/2022_sketched_distance/references/SGB_genome_fastas_part5/17234/BackhedF_2015__SID12_4M__bin.1.fa	/home/jshaw/scratch/2022_sketched_distance/references/SGB_genome_fastas_part5/17234/BackhedF_2015__SID12_B__bin.5.fa	/home/jshaw/scratch/2022_sketched_distance/references/SGB_genome_fastas_part5/17234/BackhedF_2015__SID241_4M__bin.11.fa	/home/jshaw/scratch/2022_sketched_distance/references/SGB_genome_fastas_part5/17234/BackhedF_2015__SID532_4M__bin.3.fa	/home/jshaw/scratch/2022_sketched_distance/references/SGB_genome_fastas_part5/17234/BackhedF_2015__SID536_4M__bin.1.fa	/home/jshaw/scratch/2022_sketched_distance/references/SGB_genome_fastas_part5/17234/BackhedF_2015__SID546_4M__bin.20.fa	/home/jshaw/scratch/2022_sketched_distance/references/SGB_genome_fastas_part5/17234/BackhedF_2015__SID577_4M__bin.10.fa	/home/jshaw/scratch/2022_sketched_distance/references/SGB_genome_fastas_part5/17234/BackhedF_2015__SID582_4M__bin.1.fa	/home/jshaw/scratch/2022_sketched_distance/references/SGB_genome_fastas_part5/17234/BackhedF_2015__SID608_B__bin.7.fa	/home/jshaw/scratch/2022_sketched_distance/references/SGB_genome_fastas_part5/17234/CM_madagascar__A09_02_1FE__bin.29.fa	/home/jshaw/scratch/2022_sketched_distance/references/SGB_genome_fastas_part5/17234/CM_periimplantitis__SP_123SPT_T016__bin.1.fa	/home/jshaw/scratch/2022_sketched_distance/references/SGB_genome_fastas_part5/17234/FerrettiP_2018__CA_C10034IS2595FE_t4M15__bin.6.fa	/home/jshaw/scratch/2022_sketched_distance/references/SGB_genome_fastas_part5/17234/GeversD_2014__SKBSTL023__bin.4.fa	/home/jshaw/scratch/2022_sketched_distance/references/SGB_genome_fastas_part5/17234/HeQ_2017__RSZAXPI003095-129__bin.6.fa	/home/jshaw/scratch/2022_sketched_distance/references/SGB_genome_fastas_part5/17234/HeQ_2017__SZAXPI029473-40__bin.23.fa	/home/jshaw/scratch/2022_sketched_distance/references/SGB_genome_fastas_part5/17234/LiJ_2014__V1.CD7-0-PN__bin.21.fa	/home/jshaw/scratch/2022_sketched_distance/references/SGB_genome_fastas_part5/17234/LiuW_2016__SRR3993058__bin.16.fa	/home/jshaw/scratch/2022_sketched_distance/references/SGB_genome_fastas_part5/17234/LoombaR_2017__SID0017_mqf__bin.5.fa	/home/jshaw/scratch/2022_sketched_distance/references/SGB_genome_fastas_part5/17234/LoombaR_2017__SID1050_bax__bin.8.fa	/home/jshaw/scratch/2022_sketched_distance/references/SGB_genome_fastas_part5/17234/LoombaR_2017__SID5630_kod__bin.18.fa	/home/jshaw/scratch/2022_sketched_distance/references/SGB_genome_fastas_part5/17234/NielsenHB_2014__V1_UC14_1__bin.19.fa	/home/jshaw/scratch/2022_sketched_distance/references/SGB_genome_fastas_part5/17234/QinN_2014__LD-33__bin.41.fa	/home/jshaw/scratch/2022_sketched_distance/references/SGB_genome_fastas_part5/17234/QinN_2014__LD-38__bin.43.fa	/home/jshaw/scratch/2022_sketched_distance/references/SGB_genome_fastas_part5/17234/QinN_2014__LD-44__bin.14.fa	/home/jshaw/scratch/2022_sketched_distance/references/SGB_genome_fastas_part5/17234/QinN_2014__LD-45__bin.19.fa	/home/jshaw/scratch/2022_sketched_distance/references/SGB_genome_fastas_part5/17234/QinN_2014__LD-5__bin.1.fa	/home/jshaw/scratch/2022_sketched_distance/references/SGB_genome_fastas_part5/17234/QinN_2014__LD-61__bin.27.fa	/home/jshaw/scratch/2022_sketched_distance/references/SGB_genome_fastas_part5/17234/QinN_2014__LD-64__bin.31.fa	/home/jshaw/scratch/2022_sketched_distance/references/SGB_genome_fastas_part5/17234/QinN_2014__LD-85__bin.11.fa	/home/jshaw/scratch/2022_sketched_distance/references/SGB_genome_fastas_part5/17234/QinN_2014__LD-91__bin.15.fa	/home/jshaw/scratch/2022_sketched_distance/references/SGB_genome_fastas_part5/17234/VatanenT_2016__G69157__bin.8.fa	/home/jshaw/scratch/2022_sketched_distance/references/SGB_genome_fastas_part5/17234/VatanenT_2016__G78542__bin.1.fa	/home/jshaw/scratch/2022_sketched_distance/references/SGB_genome_fastas_part5/17234/VatanenT_2016__G78589__bin.3.fa	/home/jshaw/scratch/2022_sketched_distance/references/SGB_genome_fastas_part5/17234/VatanenT_2016__G78766__bin.2.fa	/home/jshaw/scratch/2022_sketched_distance/references/SGB_genome_fastas_part5/17234/VatanenT_2016__G78904__bin.6.fa	/home/jshaw/scratch/2022_sketched_distance/references/SGB_genome_fastas_part5/17234/VatanenT_2016__G80310__bin.4.fa	/home/jshaw/scratch/2022_sketched_distance/references/SGB_genome_fastas_part5/17234/VatanenT_2016__G80539__bin.15.fa	/home/jshaw/scratch/2022_sketched_distance/references/SGB_genome_fastas_part5/17234/VincentC_2016__MM019.2__bin.8.fa	/home/jshaw/scratch/2022_sketched_distance/references/SGB_genome_fastas_part5/17234/VincentC_2016__MM058.1__bin.43.fa	/home/jshaw/scratch/2022_sketched_distance/references/SGB_genome_fastas_part5/17234/VincentC_2016__MM098.1__bin.2.fa	/home/jshaw/scratch/2022_sketched_distance/references/SGB_genome_fastas_part5/17234/WenC_2017__N227__bin.3.fa	/home/jshaw/scratch/2022_sketched_distance/references/SGB_genome_fastas_part5/17234/WenC_2017__RA039__bin.8.fa	/home/jshaw/scratch/2022_sketched_distance/references/SGB_genome_fastas_part5/17234/XieH_2016__YSZC12003_37270__bin.57.fa
1.0	0.9933642244554991	0.9921397303227575	0.9894859066679801	0.9839468751457916	0.983919207633799	0.9847312871352216	0.9945702486215965	0.9849420732077061	0.9821010884898858	0.9867870119273716	0.9853323829137665	0.9852635080418193	0.984183004666216	0.9853602831731305	0.9932153903358005	0.9851761877690545	0.9869974891244733	0.9861108612284389	0.986665697493514	0.9838681959633725	0.9775373174906101	0.9858651137859197	0.9848571354665104	0.9841042504960154	0.9785764302837249	0.9864846767041204	0.9852394470613618	0.9854992081980507	0.9871619995178149	0.9816508969565605	0.9837783928360013	0.9847378174746195	0.9869580549613013	0.9955808296730714	0.9750670642822649	0.9855125948893803	0.9859584753145679	0.9826560763286619	0.9928989179614915	0.9849679829820532	0.9876785264850878	0.9821386819351399	0.9811171865391891
0.9933642244554991	1.0	0.9925535109687867	0.9879694863657529	0.9815758327193316	0.981546226404895	0.9825788303545023	0.9971112970219947	0.9826886403715648	0.9848857664593603	0.9844584379372051	0.9848706348956288	0.983271025195515	0.9821587203359905	0.9840305732076129	0.9912168519247787	0.9832099582486521	0.9849496740733628	0.9845442865324222	0.9847779428393538	0.9813390142414478	0.9746968473222651	0.984573414848203	0.9829836903800285	0.981523013463075	0.9808377615134269	0.9845062864856994	0.983166662521168	0.9830749065655668	0.98523322870019	0.9786274321593441	0.9815099215830986	0.9818226714690478	0.9846862336784257	0.9931703536622363	0.9723273783934556	0.9833757040347316	0.9845837824591764	0.9800220405400911	0.9936811846648173	0.9831692205614404	0.9860610733441191	0.9790997861016406	0.9798001000500776
0.9921397303227575	0.9925535109687867	1.0	0.9899197458319171	0.9837415807728911	0.9857365768495671	0.9864555106052606	0.9946713906531779	0.9842366498757565	0.9814478571489647	0.9880081975570134	0.9868069502449066	0.9873779492439703	0.9857213131116015	0.9879104047271455	0.9948022629458819	0.9873570099548252	0.9871510728223862	0.9883804811224174	0.9880271476155278	0.9853971218186857	0.9809511674911027	0.9873159911106826	0.9868245214182432	0.9853013207557026	0.9750634871322559	0.9877522960778155	0.9864460151998854	0.9875280825425761	0.9877701672006731	0.9822231966726714	0.9846376536966561	0.9849484077340634	0.9876388494210924	0.9930565799587188	0.9762114757699958	0.9865662710920896	0.9876458524032745	0.9848207587673456	0.9973486337493489	0.9852906697259779	0.9888395538777717	0.982227621599795	0.9813559321621724
0.9894859066679801	0.9879694863657529	0.9899197458319171	1.0	0.9830602559142454	0.9842894164715036	0.9850755050335033	0.9903265994886291	0.9841975460547336	0.9819358169413687	0.9886178046692752	0.9867394171038176	0.986590408052955	0.9847338947013854	0.9871144793535092	0.9892047483871041	0.9868126807177557	0.9873159681719549	0.9871484772086808	0.9869984755011734	0.9851583527319853	0.9795756761616264	0.9875277443640675	0.9861014254433708	0.9854157565501898	0.9763748108212943	0.9874702562624577	0.9862975828290225	0.9872940108177696	0.9879642101028073	0.9817040656140319	0.9842929139534705	0.9849273453287762	0.9876496529300671	0.9892956835853866	0.9757269071469206	0.9864938522246811	0.986266790113438	0.9835462119684358	0.9903080089024304	0.9855721580723853	0.9894284118971721	0.9823644082569073	0.982145877190167
0.9839468751457916	0.9815758327193316	0.9837415807728911	0.9830602559142454	1.0	0.9881831448795396	0.9877618875827731	0.9834129910750117	0.9824909792187823	0.9792766158244736	0.9828920382056434	0.9824012410303938	0.9872165224720081	0.9857586887488867	0.9877043272194393	0.9834688531647908	0.9871483809196128	0.9832585286096088	0.9877426451211774	0.9877296457401811	0.9827364884958283	0.9808515755084882	0.9871434861291256	0.9827666644809135	0.9866324540677619	0.9762724254953471	0.9879185567344883	0.9856292361251812	0.9838106145185299	0.9877726113488363	0.9835810957468953	0.991234881010083	0.9917488490644313	0.9934206853604358	0.9836122441534846	0.9867044895375586	0.9930951762825965	0.9861881728006769	0.9851393592992779	0.9843338485664792	0.9927414603088124	0.9824267046780503	0.9810061340854549	0.983992614485287
0.983919207633799	0.981546226404895	0.9857365768495671	0.9842894164715036	0.9881831448795396	1.0	0.9895608825477169	0.9832041928991309	0.9832886763688963	0.9797962083130919	0.9838172038094853	0.9838013483152532	0.9902967970635441	0.9882079875432163	0.9903354814550009	0.9854474066826615	0.9902307467663455	0.9841230893265641	0.9897904910559057	0.9898450318125956	0.9842501617873524	0.9832898240838367	0.9885862466104939	0.9838606431232965	0.9876328326736328	0.9756477854311597	0.9888553856668441	0.9871654961507074	0.9851404829403712	0.9890226517082785	0.9841495095558813	0.9893393037549353	0.9879858675202736	0.9900869366443271	0.9835128838332572	0.9814039046274161	0.9888182573692195	0.98910037097294	0.9882214637194366	0.985871854213076	0.9885040309523067	0.9842140321636802	0.9808488633557568	0.9847228649714915
0.9847312871352216	0.9825788303545023	0.9864555106052606	0.9850755050335033	0.9877618875827731	0.9895608825477169	1.0	0.984642309514773	0.9841649570574252	0.9812145428037483	0.9842751332311828	0.9841878769714891	0.9945882608492073	0.9928390585044047	0.9951063360756299	0.9856933886140135	0.9946483727716614	0.9845094325892859	0.994380600736335	0.9940304115925802	0.9838677791672159	0.9822791223484567	0.9885201317270746	0.9844173831682214	0.9907127121239756	0.9773738050688525	0.9904251329905936	0.9872983663505247	0.9854785031258948	0.993329412619908	0.9862930941820347	0.9882849357676361	0.9883409150630168	0.9905676912428276	0.9843760645687678	0.9811465602357583	0.9893751293129246	0.9885233976277126	0.9928242642862612	0.98677053646948	0.988674234991217	0.9844117828837813	0.9823508252124517	0.989152298494693
0.9945702486215965	0.9971112970219947	0.9946713906531779	0.9903265994886291	0.9834129910750117	0.9832041928991309	0.984642309514773	1.0	0.9846327631731765	0.984322817115229	0.9863995083629805	0.9859908203588788	0.9856421698593698	0.9841112083483978	0.9863585674575757	0.9929284366658981	0.9855572405677276	0.9866013440796637	0.9868653471021547	0.986966709221733	0.982987068223084	0.9772341169171609	0.9865137261887598	0.9849126007510878	0.9838299671499519	0.9802008180307639	0.9866033838645724	0.98521179755368	0.9855564623618167	0.9875469779791609	0.9807724309208713	0.9834069919595136	0.9840829761897828	0.9868981653292828	0.994658772363074	0.974718456908984	0.9858732934692087	0.9861330755285108	0.9823221269684345	0.9953862042366449	0.9855601730941392	0.9878346944885317	0.9815134818373287	0.9824856675385991
0.9849420732077061	0.9826886403715648	0.9842366498757565	0.9841975460547336	0.9824909792187823	0.9832886763688963	0.9841649570574252	0.9846327631731765	1.0	0.9804646748283794	0.9830157424950337	0.9835232496369365	0.9853122695066502	0.9845704685307181	0.9853999983206184	0.9859656374541685	0.9853177007021041	0.9842227467230044	0.985755240306524	0.9856593054861693	0.9831545112598693	0.9807808885894915	0.9863721165859111	0.9846632703402892	0.9842645786469226	0.9745304034656809	0.98642632540521	0.9852913081848558	0.9842673039025236	0.9855315989946214	0.9810108257113478	0.983531139081813	0.9842699407746079	0.9864423976752172	0.9840508760183243	0.9747899722893473	0.9855151105842178	0.9855600130991329	0.9822618314386281	0.9852658114418983	0.984747897427672	0.9837524075472347	0.9794761407085291	0.9805971213643835
0.9821010884898858	0.9848857664593603	0.9814478571489647	0.9819358169413687	0.9792766158244736	0.9797962083130919	0.9812145428037483	0.984322817115229	0.9804646748283794	1.0	0.9779442356383469	0.9806171140518843	0.9828649942501847	0.9813915360154833	0.9831596714537487	0.9803752116659299	0.9827046460265597	0.9806344576720483	0.9833531776134123	0.9832277068425864	0.978047579881868	0.9733021945024766	0.9834720078850349	0.9801152153987172	0.9800460291601343	0.9818319995505524	0.9833926079556112	0.9822917091874374	0.979535336365068	0.983871295668121	0.9773642217818147	0.9809609151310377	0.9814700086038304	0.9837379777407738	0.9825649311006772	0.9715668132186637	0.9826679999942821	0.983065656698295	0.9795865236290273	0.9819140327696484	0.9820184620969132	0.9799320525579154	0.9745389275915408	0.9793843019841575
0.9867870119273716	0.9844584379372051	0.9880081975570134	0.9886178046692752	0.9828920382056434	0.9838172038094853	0.9842751332311828	0.9863995083629805	0.9830157424950337	0.9779442356383469	1.0	0.9854905565013863	0.9847908766027631	0.9840354429733066	0.9852283184049542	0.9883403083250758	0.9847763002441261	0.9865525193221115	0.9854643298237448	0.985581605814544	0.9829648575425407	0.9797722129109957	0.9847284604216541	0.9844604617562446	0.982996046047621	0.9735593004100971	0.9856747417690033	0.9837420949662479	0.9887056773793749	0.9858804969869142	0.9794041504455983	0.983521201895819	0.9832782428712497	0.9853270071854862	0.9869896783701705	0.9751084318124407	0.984653623776706	0.9858729694230032	0.9823063791623122	0.9886703084036589	0.9832665061499158	0.9902567680719649	0.9812890908314196	0.9789319906544695
0.9853323829137665	0.9848706348956288	0.9868069502449066	0.9867394171038176	0.9824012410303938	0.9838013483152532	0.9841878769714891	0.9859908203588788	0.9835232496369365	0.9806171140518843	0.9854905565013863	1.0	0.985839021988604	0.9838909827550725	0.9861414444764343	0.9867899485528793	0.9859836013211821	0.9898986193403054	0.9863797499598143	0.9863834713365157	0.9845107668522289	0.97947031060551	0.9860412283260211	0.98546963677259	0.9843763413566192	0.9731156744860625	0.9866924206335191	0.9850789550213487	0.9856848817786431	0.9865372253531959	0.9809830466442729	0.9838210843267169	0.9841710583997302	0.9868533178592996	0.9856880203350125	0.975165140244828	0.9850974744934541	0.9858375001036882	0.9831313696313997	0.9876723220138739	0.9843355817420703	0.9873968692005217	0.9805828335058826	0.9800314771905666
0.9852635080418193	0.983271025195515	0.9873779492439703	0.986590408052955	0.9872165224720081	0.9902967970635441	0.9945882608492073	0.9856421698593698	0.9853122695066502	0.9828649942501847	0.9847908766027631	0.985839021988604	1.0	0.9948625342988617	0.9979901417843953	0.9866817201116879	0.999012284710159	0.9857706930322047	0.9971785234960703	0.996435182784764	0.9849318998299553	0.9834472732518302	0.9904520760883021	0.9864113121296532	0.9931575414396386	0.9772061712547297	0.9921073434829795	0.9896404319165871	0.9863118262926874	0.9956283952440138	0.9868435106906608	0.9888810510258751	0.9893844578891796	0.9920537147588272	0.9852661752108665	0.9804066332331791	0.9907346396442969	0.9905298845526519	0.9958859802957781	0.9879797467164881	0.9897621244248925	0.9857948915037241	0.9825479043350852	0.9921077580807437
0.984183004666216	0.9821587203359905	0.9857213131116015	0.9847338947013854	0.9857586887488867	0.9882079875432163	0.9928390585044047	0.9841112083483978	0.9845704685307181	0.9813915360154833	0.9840354429733066	0.9838909827550725	0.9948625342988617	1.0	0.9950182870465167	0.986121168590257	0.9947417161583919	0.9848561586259056	0.9947812646910168	0.9942051376587978	0.9832519692704889	0.9842774888827269	0.98820486396998	0.9845858987446586	0.9906623932478136	0.9750547890215668	0.9905544782311901	0.9874925019931191	0.985776618589003	0.9935207370607535	0.9861442940410976	0.9875888616166285	0.9879614630232383	0.9903585204074741	0.9846427649264147	0.9795989215298279	0.9893844869590028	0.9898810986099269	0.9919724662647013	0.9860616069181736	0.9883276465068342	0.9846874530365818	0.9819244087481837	0.9902360405156653
0.9853602831731305	0.9840305732076129	0.9879104047271455	0.9871144793535092	0.9877043272194393	0.9903354814550009	0.9951063360756299	0.9863585674575757	0.9853999983206184	0.9831596714537487	0.9852283184049542	0.9861414444764343	0.9979901417843953	0.9950182870465167	1.0	0.9868165880693858	0.9979053651839601	0.9861135803615609	0.9970877193965603	0.9960319476370051	0.9857757375360952	0.9842515694191719	0.9910229667392185	0.9862519094687632	0.9933297833472416	0.9780149767083501	0.9925928849266118	0.9898988533962582	0.9866660497281426	0.9955403907818795	0.9874068151413695	0.9893102411511387	0.9895665111701866	0.9921842589933032	0.9859268477472017	0.9811178819774943	0.991014916246121	0.9903758040492447	0.9952175140538747	0.988182694509127	0.9902264659411125	0.9859096366651366	0.9833882554810087	0.9928157989700234
0.9932153903358005	0.9912168519247787	0.9948022629458819	0.9892047483871041	0.9834688531647908	0.9854474066826615	0.9856933886140135	0.9929284366658981	0.9859656374541685	0.9803752116659299	0.9883403083250758	0.9867899485528793	0.9866817201116879	0.986121168590257	0.9868165880693858	1.0	0.9868808078095802	0.9867396667901723	0.9876723989456735	0.9878237553142387	0.9846009026734268	0.9825566409047845	0.9867915800531777	0.9856316469117675	0.9843771954548024	0.9731803028657274	0.9869916382569619	0.985591062817174	0.9882163240883158	0.9872261047820119	0.9812272986011898	0.9846098458950495	0.9850582669429885	0.9875251884453865	0.9940577797614205	0.9759418894371847	0.9862857733611711	0.9879074030194207	0.9841895130200469	0.9947678776246096	0.9853222514334236	0.9893703559284912	0.9816943807181902	0.9804155159941141
0.9851761877690545	0.9832099582486521	0.9873570099548252	0.9868126807177557	0.9871483809196128	0.9902307467663455	0.9946483727716614	0.9855572405677276	0.9853177007021041	0.9827046460265597	0.9847763002441261	0.9859836013211821	0.999012284710159	0.9947417161583919	0.9979053651839601	0.9868808078095802	1.0	0.985731756628331	0.9969209949760758	0.9962697362441154	0.9849385236463052	0.983262679376349	0.9903024766039298	0.9860687972274905	0.9929342038700639	0.9770032869732155	0.9920401288899724	0.9895613794501295	0.9863945518672341	0.9958045471052605	0.9866352220134647	0.988936892999272	0.9893767071545413	0.9919171474109455	0.9852723259138798	0.9803141283602627	0.9906478558300272	0.9902945008085041	0.9961195614268906	0.9879571807814348	0.9896753184970339	0.9858384639863008	0.9825111028182315	0.9919729013620698
0.9869974891244733	0.9849496740733628	0.9871510728223862	0.9873159681719549	0.9832585286096088	0.9841230893265641	0.9845094325892859	0.9866013440796637	0.9842227467230044	0.9806344576720483	0.9865525193221115	0.9898986193403054	0.9857706930322047	0.9848561586259056	0.9861135803615609	0.9867396667901723	0.985731756628331	1.0	0.9864759626369962	0.9868480952825007	0.9842307301018685	0.9800112454340599	0.9863743702808666	0.9859139371022848	0.9843667938271663	0.9747055099495724	0.9873222108801257	0.9855136042235226	0.9858500142585189	0.9870421127562241	0.981965557922431	0.9844825858652624	0.9854376784111545	0.9872261620410788	0.9871745670265994	0.9759848317882491	0.9860535218591338	0.9860067852347119	0.9829055989722051	0.9878527801274535	0.9851705993303445	0.9877372429044337	0.9822681273092869	0.980718223099862
0.9861108612284389	0.9845442865324222	0.9883804811224174	0.9871484772086808	0.9877426451211774	0.9897904910559057	0.994380600736335	0.9868653471021547	0.985755240306524	0.9833531776134123	0.9854643298237448	0.9863797499598143	0.9971785234960703	0.9947812646910168	0.9970877193965603	0.9876723989456735	0.9969209949760758	0.9864759626369962	1.0	0.9969160108196011	0.9857050893499851	0.9838930981657611	0.9902361979999385	0.9868425913951459	0.9924968305500919	0.9777069476787091	0.992342042274893	0.9894001292118847	0.9870866639498561	0.995570100103467	0.9868309833953987	0.9894304989506704	0.989724327911198	0.9922868206030293	0.9864971936656944	0.9808281528566378	0.9912011177068417	0.9902284197001816	0.9941668160623734	0.9889454698045161	0.9901817212897726	0.9861057446776155	0.9831283350398298	0.9909806306028581
0.986665697493514	0.9847779428393538	0.9880271476155278	0.9869984755011734	0.9877296457401811	0.9898450318125956	0.9940304115925802	0.986966709221733	0.9856593054861693	0.9832277068425864	0.985581605814544	0.9863834713365157	0.996435182784764	0.9942051376587978	0.9960319476370051	0.9878237553142387	0.9962697362441154	0.9868480952825007	0.9969160108196011	1.0	0.9852951445214235	0.9847695957844771	0.9897955577458114	0.9866113630441108	0.9920427467058921	0.9771631550531011	0.9919405501524291	0.989043065451719	0.9867845908061513	0.9953558399500353	0.9869636260318463	0.9893354502814461	0.9896270802255486	0.9920334935919439	0.9867979349204387	0.981255586392054	0.9909075039048895	0.9904868888942434	0.9934786132349246	0.988914241756038	0.9903420591120276	0.9862656128739905	0.9839687660770767	0.9903726098404817
0.9838681959633725	0.9813390142414478	0.9853971218186857	0.9851583527319853	0.9827364884958283	0.9842501617873524	0.9838677791672159	0.982987068223084	0.9831545112598693	0.978047579881868	0.9829648575425407	0.9845107668522289	0.9849318998299553	0.9832519692704889	0.9857757375360952	0.9846009026734268	0.9849385236463052	0.9842307301018685	0.9857050893499851	0.9852951445214235	1.0	0.9809433730122614	0.9883022158592738	0.9865925025059735	0.9856783651242311	0.9728701907704806	0.9882040856111841	0.9879779785858581	0.9841183111370579	0.9852199715528397	0.9830174562734216	0.9833951707766831	0.9840091768827217	0.9863415041137766	0.9841112823289082	0.9744930537407763	0.9849558535485589	0.9854915167975797	0.9823560695138055	0.9856998245344338	0.9839867089037507	0.9846321354604056	0.9803244719865284	0.9805659304693365
0.9775373174906101	0.9746968473222651	0.9809511674911027	0.9795756761616264	0.9808515755084882	0.9832898240838367	0.9822791223484567	0.9772341169171609	0.9807808885894915	0.9733021945024766	0.9797722129109957	0.97947031060551	0.9834472732518302	0.9842774888827269	0.9842515694191719	0.9825566409047845	0.983262679376349	0.9800112454340599	0.9838930981657611	0.9847695957844771	0.9809433730122614	1.0	0.9853106829520704	0.9811870662059202	0.9844343355781382	0.9608376994318284	0.9857107364097425	0.9838949379526091	0.9824752872399974	0.9829397043088269	0.9829531450377312	0.982049093478618	0.9826639039733794	0.9842427693761979	0.9794715932208651	0.9753337717283623	0.9842264268055981	0.9852683369860139	0.980711219580677	0.98139396142513	0.9834814611737249	0.9814010862379137	0.9776392008884952	0.9839144793014806
0.9858651137859197	0.984573414848203	0.9873159911106826	0.9875277443640675	0.9871434861291256	0.9885862466104939	0.9885201317270746	0.9865137261887598	0.9863721165859111	0.9834720078850349	0.9847284604216541	0.9860412283260211	0.9904520760883021	0.98820486396998	0.9910229667392185	0.9867915800531777	0.9903024766039298	0.9863743702808666	0.9902361979999385	0.9897955577458114	0.9883022158592738	0.9853106829520704	1.0	0.9866617166944722	0.9912531906290882	0.9836388051269747	0.9952148281118838	0.9971947138310712	0.9862338114859128	0.9902294262241249	0.9904709560086193	0.9879817999046571	0.9887124209622704	0.991057405873836	0.9864348289705197	0.9799598474322475	0.9898512817861029	0.9898776577591546	0.987645284957362	0.9878072881026826	0.9894358250529872	0.9868097327753026	0.9819235236697237	0.9849607060611538
0.9848571354665104	0.9829836903800285	0.9868245214182432	0.9861014254433708	0.9827666644809135	0.9838606431232965	0.9844173831682214	0.9849126007510878	0.9846632703402892	0.9801152153987172	0.9844604617562446	0.98546963677259	0.9864113121296532	0.9845858987446586	0.9862519094687632	0.9856316469117675	0.9860687972274905	0.9859139371022848	0.9868425913951459	0.9866113630441108	0.9865925025059735	0.9811870662059202	0.9866617166944722	1.0	0.9845369507157798	0.9730195835962583	0.9869421602884424	0.9852801336770567	0.9857264528492857	0.9865715039901126	0.9812001546801643	0.9837075890516057	0.9846040544431436	0.9868930226099961	0.9854469498074985	0.9748609457179189	0.9858897917510252	0.9856101159866152	0.9833062193326707	0.9873117717131891	0.9845486178459947	0.986359360101544	0.9830569246922843	0.9817899617595623
0.9841042504960154	0.981523013463075	0.9853013207557026	0.9854157565501898	0.9866324540677619	0.9876328326736328	0.9907127121239756	0.9838299671499519	0.9842645786469226	0.9800460291601343	0.982996046047621	0.9843763413566192	0.9931575414396386	0.9906623932478136	0.9933297833472416	0.9843771954548024	0.9929342038700639	0.9843667938271663	0.9924968305500919	0.9920427467058921	0.9856783651242311	0.9844343355781382	0.9912531906290882	0.9845369507157798	1.0	0.9760071161405354	0.9916914209127441	0.9905106849642455	0.9846817275094547	0.991883262770594	0.9879927633529677	0.9877714701855499	0.9883156179876202	0.9904903308762473	0.9844066668518675	0.9798542405476596	0.9895556468633783	0.9878591061218185	0.9905011102047253	0.9857539166242845	0.9882720447728788	0.9848395251141047	0.9825557643568444	0.9887166805404815
0.9785764302837249	0.9808377615134269	0.9750634871322559	0.9763748108212943	0.9762724254953471	0.9756477854311597	0.9773738050688525	0.9802008180307639	0.9745304034656809	0.9818319995505524	0.9735593004100971	0.9731156744860625	0.9772061712547297	0.9750547890215668	0.9780149767083501	0.9731803028657274	0.9770032869732155	0.9747055099495724	0.9777069476787091	0.9771631550531011	0.9728701907704806	0.9608376994318284	0.9836388051269747	0.9730195835962583	0.9760071161405354	1.0	0.9813630584120194	0.9813996619290069	0.971373129327674	0.9786029093508019	0.9751903759630554	0.9775657127967271	0.9775751213402568	0.9785940994179355	0.9773708266418303	0.9689359079697287	0.9770435829882095	0.9769636297090776	0.9737096205337789	0.9756107971326515	0.9762306813850956	0.9731083747329262	0.9694682783442056	0.9713578694735503
0.9864846767041204	0.9845062864856994	0.9877522960778155	0.9874702562624577	0.9879185567344883	0.9888553856668441	0.9904251329905936	0.9866033838645724	0.98642632540521	0.9833926079556112	0.9856747417690033	0.9866924206335191	0.9921073434829795	0.9905544782311901	0.9925928849266118	0.9869916382569619	0.9920401288899724	0.9873222108801257	0.992342042274893	0.9919405501524291	0.9882040856111841	0.9857107364097425	0.9952148281118838	0.9869421602884424	0.9916914209127441	0.9813630584120194	1.0	0.9948848844365321	0.9871319151335737	0.991896139705719	0.9899911742226558	0.9889386825865703	0.9899647249649504	0.9919496491806351	0.9870213725075906	0.9808083461626905	0.9906293922652172	0.9903652295993779	0.9892366427875766	0.9884503496317459	0.9898140498425143	0.9870056455892898	0.9838224287863901	0.9871780960782783
0.9852394470613618	0.983166662521168	0.9864460151998854	0.9862975828290225	0.9856292361251812	0.9871654961507074	0.9872983663505247	0.98521179755368	0.9852913081848558	0.9822917091874374	0.9837420949662479	0.9850789550213487	0.9896404319165871	0.9874925019931191	0.9898988533962582	0.985591062817174	0.9895613794501295	0.9855136042235226	0.9894001292118847	0.989043065451719	0.9879779785858581	0.9838949379526091	0.9971947138310712	0.9852801336770567	0.9905106849642455	0.9813996619290069	0.9948848844365321	1.0	0.9851576378133058	0.9895223799787638	0.9896169810922175	0.9870205132671662	0.9876191822630859	0.9903411880342167	0.98580219690957	0.978095464329862	0.9884940565113628	0.9893204860415915	0.9865728980246409	0.9871279537978047	0.9876941291151107	0.9859017606741484	0.980994717158854	0.9837879856343039
0.9854992081980507	0.9830749065655668	0.9875280825425761	0.9872940108177696	0.9838106145185299	0.9851404829403712	0.9854785031258948	0.9855564623618167	0.9842673039025236	0.979535336365068	0.9887056773793749	0.9856848817786431	0.9863118262926874	0.985776618589003	0.9866660497281426	0.9882163240883158	0.9863945518672341	0.9858500142585189	0.9870866639498561	0.9867845908061513	0.9841183111370579	0.9824752872399974	0.9862338114859128	0.9857264528492857	0.9846817275094547	0.971373129327674	0.9871319151335737	0.9851576378133058	1.0	0.9883581531481437	0.9813626602724294	0.9847880355857694	0.9851373967176718	0.9877265586009267	0.9861165259037764	0.9768723837380773	0.9865428752574974	0.9865571635489089	0.9839815339609209	0.9878249711004156	0.9853077240374334	0.992148503111259	0.9812144516664772	0.9819467863192193
0.9871619995178149	0.98523322870019	0.9877701672006731	0.9879642101028073	0.9877726113488363	0.9890226517082785	0.993329412619908	0.9875469779791609	0.9855315989946214	0.983871295668121	0.9858804969869142	0.9865372253531959	0.9956283952440138	0.9935207370607535	0.9955403907818795	0.9872261047820119	0.9958045471052605	0.9870421127562241	0.995570100103467	0.9953558399500353	0.9852199715528397	0.9829397043088269	0.9902294262241249	0.9865715039901126	0.991883262770594	0.9786029093508019	0.991896139705719	0.9895223799787638	0.9883581531481437	1.0	0.9867598148185636	0.9893768680111912	0.9896597331330913	0.9920420726962443	0.9871680434475364	0.9806109361001576	0.9909063114927914	0.9897409807171312	0.9929329574901459	0.9883775646028995	0.9898864632184354	0.9885149090655881	0.9836595958438518	0.9896086558883251
0.9816508969565605	0.9786274321593441	0.9822231966726714	0.9817040656140319	0.9835810957468953	0.9841495095558813	0.9862930941820347	0.9807724309208713	0.9810108257113478	0.9773642217818147	0.9794041504455983	0.9809830466442729	0.9868435106906608	0.9861442940410976	0.9874068151413695	0.9812272986011898	0.9866352220134647	0.981965557922431	0.9868309833953987	0.9869636260318463	0.9830174562734216	0.9829531450377312	0.9904709560086193	0.9812001546801643	0.9879927633529677	0.9751903759630554	0.9899911742226558	0.9896169810922175	0.9813626602724294	0.9867598148185636	1.0	0.984380585144661	0.9842351424680421	0.9868649035660306	0.9815736698211532	0.9780563425713467	0.9860209877986165	0.9849219357077529	0.9840019447379112	0.9828728904182419	0.9844320952232624	0.9810054979853414	0.980042409202356	0.9831665392594636
0.9837783928360013	0.9815099215830986	0.9846376536966561	0.9842929139534705	0.991234881010083	0.9893393037549353	0.9882849357676361	0.9834069919595136	0.983531139081813	0.9809609151310377	0.983521201895819	0.9838210843267169	0.9888810510258751	0.9875888616166285	0.9893102411511387	0.9846098458950495	0.988936892999272	0.9844825858652624	0.9894304989506704	0.9893354502814461	0.9833951707766831	0.982049093478618	0.9879817999046571	0.9837075890516057	0.9877714701855499	0.9775657127967271	0.9889386825865703	0.9870205132671662	0.9847880355857694	0.9893768680111912	0.984380585144661	1.0	0.9923492515874398	0.994093229471361	0.9843375940051776	0.985219526725582	0.9928194125612113	0.9876211008270709	0.9867538149068245	0.9851778453695453	0.9914673652525532	0.9837990021189196	0.9819050230103855	0.9845869191478765
0.9847378174746195	0.9818226714690478	0.9849484077340634	0.9849273453287762	0.9917488490644313	0.9879858675202736	0.9883409150630168	0.9840829761897828	0.9842699407746079	0.9814700086038304	0.9832782428712497	0.9841710583997302	0.9893844578891796	0.9879614630232383	0.9895665111701866	0.9850582669429885	0.9893767071545413	0.9854376784111545	0.989724327911198	0.9896270802255486	0.9840091768827217	0.9826639039733794	0.9887124209622704	0.9846040544431436	0.9883156179876202	0.9775751213402568	0.9899647249649504	0.9876191822630859	0.9851373967176718	0.9896597331330913	0.9842351424680421	0.9923492515874398	1.0	0.9952147195145121	0.9851775638826515	0.9861931948170269	0.9945646000107552	0.9881732994793168	0.9871948686572855	0.9854983780965585	0.993268514232636	0.9845453115016177	0.9822621546361963	0.9849794367069091
0.9869580549613013	0.9846862336784257	0.9876388494210924	0.9876496529300671	0.9934206853604358	0.9900869366443271	0.9905676912428276	0.9868981653292828	0.9864423976752172	0.9837379777407738	0.9853270071854862	0.9868533178592996	0.9920537147588272	0.9903585204074741	0.9921842589933032	0.9875251884453865	0.9919171474109455	0.9872261620410788	0.9922868206030293	0.9920334935919439	0.9863415041137766	0.9842427693761979	0.991057405873836	0.9868930226099961	0.9904903308762473	0.9785940994179355	0.9919496491806351	0.9903411880342167	0.9877265586009267	0.9920420726962443	0.9868649035660306	0.994093229471361	0.9952147195145121	1.0	0.9870369912943728	0.9877190397532588	0.9967679500545094	0.9907355090680474	0.9893172649344087	0.9881920790587917	0.9956930915903368	0.987465528074387	0.9834535693346526	0.9870466495268854
0.9955808296730714	0.9931703536622363	0.9930565799587188	0.9892956835853866	0.9836122441534846	0.9835128838332572	0.9843760645687678	0.994658772363074	0.9840508760183243	0.9825649311006772	0.9869896783701705	0.9856880203350125	0.9852661752108665	0.9846427649264147	0.9859268477472017	0.9940577797614205	0.9852723259138798	0.9871745670265994	0.9864971936656944	0.9867979349204387	0.9841112823289082	0.9794715932208651	0.9864348289705197	0.9854469498074985	0.9844066668518675	0.9773708266418303	0.9870213725075906	0.98580219690957	0.9861165259037764	0.9871680434475364	0.9815736698211532	0.9843375940051776	0.9851775638826515	0.9870369912943728	1.0	0.9754060825206896	0.9860995256239257	0.9862730971985009	0.9828081070381844	0.9939074732723733	0.9850008158277924	0.9878955811229542	0.9832935467991157	0.9828238670650353
0.9750670642822649	0.9723273783934556	0.9762114757699958	0.9757269071469206	0.9867044895375586	0.9814039046274161	0.9811465602357583	0.974718456908984	0.9747899722893473	0.9715668132186637	0.9751084318124407	0.975165140244828	0.9804066332331791	0.9795989215298279	0.9811178819774943	0.9759418894371847	0.9803141283602627	0.9759848317882491	0.9808281528566378	0.981255586392054	0.9744930537407763	0.9753337717283623	0.9799598474322475	0.9748609457179189	0.9798542405476596	0.9689359079697287	0.9808083461626905	0.978095464329862	0.9768723837380773	0.9806109361001576	0.9780563425713467	0.985219526725582	0.9861931948170269	0.9877190397532588	0.9754060825206896	1.0	0.9876826360244167	0.9788481855130876	0.978370988876439	0.9761611494096006	0.9864421024998666	0.9747629241622086	0.9739812706081095	0.9768935891657966
0.9855125948893803	0.9833757040347316	0.9865662710920896	0.9864938522246811	0.9930951762825965	0.9888182573692195	0.9893751293129246	0.9858732934692087	0.9855151105842178	0.9826679999942821	0.984653623776706	0.9850974744934541	0.9907346396442969	0.9893844869590028	0.991014916246121	0.9862857733611711	0.9906478558300272	0.9860535218591338	0.9912011177068417	0.9909075039048895	0.9849558535485589	0.9842264268055981	0.9898512817861029	0.9858897917510252	0.9895556468633783	0.9770435829882095	0.9906293922652172	0.9884940565113628	0.9865428752574974	0.9909063114927914	0.9860209877986165	0.9928194125612113	0.9945646000107552	0.9967679500545094	0.9860995256239257	0.9876826360244167	1.0	0.9888567196801058	0.988199580514658	0.9870428543021023	0.9949548424638242	0.9857058900618959	0.983030420975168	0.9870314368485207
0.9859584753145679	0.9845837824591764	0.9876458524032745	0.986266790113438	0.9861881728006769	0.98910037097294	0.9885233976277126	0.9861330755285108	0.9855600130991329	0.983065656698295	0.9858729694230032	0.9858375001036882	0.9905298845526519	0.9898810986099269	0.9903758040492447	0.9879074030194207	0.9902945008085041	0.9860067852347119	0.9902284197001816	0.9904868888942434	0.9854915167975797	0.9852683369860139	0.9898776577591546	0.9856101159866152	0.9878591061218185	0.9769636297090776	0.9903652295993779	0.9893204860415915	0.9865571635489089	0.9897409807171312	0.9849219357077529	0.9876211008270709	0.9881732994793168	0.9907355090680474	0.9862730971985009	0.9788481855130876	0.9888567196801058	1.0	0.9876537469514952	0.9879142814664258	0.9883205156338334	0.9869019623079011	0.9813886715187783	0.9841705567083392
0.9826560763286619	0.9800220405400911	0.9848207587673456	0.9835462119684358	0.9851393592992779	0.9882214637194366	0.9928242642862612	0.9823221269684345	0.9822618314386281	0.9795865236290273	0.9823063791623122	0.9831313696313997	0.9958859802957781	0.9919724662647013	0.9952175140538747	0.9841895130200469	0.9961195614268906	0.9829055989722051	0.9941668160623734	0.9934786132349246	0.9823560695138055	0.980711219580677	0.987645284957362	0.9833062193326707	0.9905011102047253	0.9737096205337789	0.9892366427875766	0.9865728980246409	0.9839815339609209	0.9929329574901459	0.9840019447379112	0.9867538149068245	0.9871948686572855	0.9893172649344087	0.9828081070381844	0.978370988876439	0.988199580514658	0.9876537469514952	1.0	0.9854004952955181	0.9872539345375766	0.9829721506869982	0.9804535871571041	0.9891102984695479
0.9928989179614915	0.9936811846648173	0.9973486337493489	0.9903080089024304	0.9843338485664792	0.985871854213076	0.98677053646948	0.9953862042366449	0.9852658114418983	0.9819140327696484	0.9886703084036589	0.9876723220138739	0.9879797467164881	0.9860616069181736	0.988182694509127	0.9947678776246096	0.9879571807814348	0.9878527801274535	0.9889454698045161	0.988914241756038	0.9856998245344338	0.98139396142513	0.9878072881026826	0.9873117717131891	0.9857539166242845	0.9756107971326515	0.9884503496317459	0.9871279537978047	0.9878249711004156	0.9883775646028995	0.9828728904182419	0.9851778453695453	0.9854983780965585	0.9881920790587917	0.9939074732723733	0.9761611494096006	0.9870428543021023	0.9879142814664258	0.9854004952955181	1.0	0.9860146726454213	0.9895600222990503	0.9831338451303869	0.9821544434135915
0.9849679829820532	0.9831692205614404	0.9852906697259779	0.9855721580723853	0.9927414603088124	0.9885040309523067	0.988674234991217	0.9855601730941392	0.984747897427672	0.9820184620969132	0.9832665061499158	0.9843355817420703	0.9897621244248925	0.9883276465068342	0.9902264659411125	0.9853222514334236	0.9896753184970339	0.9851705993303445	0.9901817212897726	0.9903420591120276	0.9839867089037507	0.9834814611737249	0.9894358250529872	0.9845486178459947	0.9882720447728788	0.9762306813850956	0.9898140498425143	0.9876941291151107	0.9853077240374334	0.9898864632184354	0.9844320952232624	0.9914673652525532	0.993268514232636	0.9956930915903368	0.9850008158277924	0.9864421024998666	0.9949548424638242	0.9883205156338334	0.9872539345375766	0.9860146726454213	1.0	0.9844230669665582	0.9815010702002546	0.9861878660757095
0.9876785264850878	0.9860610733441191	0.9888395538777717	0.9894284118971721	0.9824267046780503	0.9842140321636802	0.9844117828837813	0.9878346944885317	0.9837524075472347	0.9799320525579154	0.9902567680719649	0.9873968692005217	0.9857948915037241	0.9846874530365818	0.9859096366651366	0.9893703559284912	0.9858384639863008	0.9877372429044337	0.9861057446776155	0.9862656128739905	0.9846321354604056	0.9814010862379137	0.9868097327753026	0.986359360101544	0.9848395251141047	0.9731083747329262	0.9870056455892898	0.9859017606741484	0.992148503111259	0.9885149090655881	0.9810054979853414	0.9837990021189196	0.9845453115016177	0.987465528074387	0.9878955811229542	0.9747629241622086	0.9857058900618959	0.9869019623079011	0.9829721506869982	0.9895600222990503	0.9844230669665582	1.0	0.9815682843560815	0.9803547449221575
