/home/jshaw/scratch/2022_sketched_distance/references/SGB_genome_fastas_part4/13997/BritoIL_2016__M1.61.ST__bin.56.fa	/home/jshaw/scratch/2022_sketched_distance/references/SGB_genome_fastas_part4/13997/BritoIL_2016__M2.49.ST__bin.20.fa	/home/jshaw/scratch/2022_sketched_distance/references/SGB_genome_fastas_part4/13997/BritoIL_2016__W1.31.ST__bin.42.fa	/home/jshaw/scratch/2022_sketched_distance/references/SGB_genome_fastas_part4/13997/BritoIL_2016__W1.41.ST__bin.92.fa	/home/jshaw/scratch/2022_sketched_distance/references/SGB_genome_fastas_part4/13997/BritoIL_2016__W2.7.ST__bin.3.fa	/home/jshaw/scratch/2022_sketched_distance/references/SGB_genome_fastas_part4/13997/BritoIL_2016__WL.15.ST__bin.20.fa	/home/jshaw/scratch/2022_sketched_distance/references/SGB_genome_fastas_part4/13997/CosteaPI_2017__SID713A062-11-0-0__bin.1.fa	/home/jshaw/scratch/2022_sketched_distance/references/SGB_genome_fastas_part4/13997/CosteaPI_2017__SID713A073-11-0-0__bin.43.fa	/home/jshaw/scratch/2022_sketched_distance/references/SGB_genome_fastas_part4/13997/CosteaPI_2017__SID713B002-11-90-0__bin.35.fa	/home/jshaw/scratch/2022_sketched_distance/references/SGB_genome_fastas_part4/13997/CosteaPI_2017__SID713B007-11-0-0__bin.10.fa	/home/jshaw/scratch/2022_sketched_distance/references/SGB_genome_fastas_part4/13997/CosteaPI_2017__SID713B032-11-0-0__bin.73.fa	/home/jshaw/scratch/2022_sketched_distance/references/SGB_genome_fastas_part4/13997/CosteaPI_2017__SID713B032-11-90-0__bin.89.fa	/home/jshaw/scratch/2022_sketched_distance/references/SGB_genome_fastas_part4/13997/CosteaPI_2017__SID713B040-11-90-0__bin.40.fa	/home/jshaw/scratch/2022_sketched_distance/references/SGB_genome_fastas_part4/13997/CosteaPI_2017__SID713B053-11-90-0__bin.13.fa	/home/jshaw/scratch/2022_sketched_distance/references/SGB_genome_fastas_part4/13997/CosteaPI_2017__SID713B072-11-90-0__bin.97.fa	/home/jshaw/scratch/2022_sketched_distance/references/SGB_genome_fastas_part4/13997/LiJ_2017__H1M513729__bin.16.fa	/home/jshaw/scratch/2022_sketched_distance/references/SGB_genome_fastas_part4/13997/LiJ_2017__H2M513938__bin.1.fa	/home/jshaw/scratch/2022_sketched_distance/references/SGB_genome_fastas_part4/13997/LiuW_2016__SRR3992958__bin.80.fa	/home/jshaw/scratch/2022_sketched_distance/references/SGB_genome_fastas_part4/13997/LiuW_2016__SRR3992980__bin.22.fa	/home/jshaw/scratch/2022_sketched_distance/references/SGB_genome_fastas_part4/13997/LiuW_2016__SRR3992982__bin.15.fa	/home/jshaw/scratch/2022_sketched_distance/references/SGB_genome_fastas_part4/13997/LiuW_2016__SRR3993013__bin.71.fa	/home/jshaw/scratch/2022_sketched_distance/references/SGB_genome_fastas_part4/13997/LiuW_2016__SRR3993048__bin.19.fa	/home/jshaw/scratch/2022_sketched_distance/references/SGB_genome_fastas_part4/13997/LiuW_2016__SRR3993050__bin.72.fa	/home/jshaw/scratch/2022_sketched_distance/references/SGB_genome_fastas_part4/13997/QinJ_2012__T2D-024__bin.60.fa	/home/jshaw/scratch/2022_sketched_distance/references/SGB_genome_fastas_part4/13997/QinJ_2012__T2D-104__bin.64.fa	/home/jshaw/scratch/2022_sketched_distance/references/SGB_genome_fastas_part4/13997/WenC_2017__RA005__bin.45.fa	/home/jshaw/scratch/2022_sketched_distance/references/SGB_genome_fastas_part4/13997/WenC_2017__RA100__bin.3.fa	/home/jshaw/scratch/2022_sketched_distance/references/SGB_genome_fastas_part4/13997/ZeeviD_2015__PNP_Main_213__bin.4.fa	/home/jshaw/scratch/2022_sketched_distance/references/SGB_genome_fastas_part4/13997/ZeeviD_2015__PNP_Main_283__bin.38.fa	/home/jshaw/scratch/2022_sketched_distance/references/SGB_genome_fastas_part4/13997/ZeeviD_2015__PNP_Main_386__bin.25.fa	/home/jshaw/scratch/2022_sketched_distance/references/SGB_genome_fastas_part4/13997/ZeeviD_2015__PNP_Main_714__bin.12.fa
1.0	0.9841457666986857	0.9841716212266808	0.9854342871636408	0.9851801869161928	0.9830204675461752	0.9831521778892374	0.9846664893768345	0.9861275637496996	0.9788021080626849	0.9838476591305916	0.9825156773627108	0.9821021583098521	0.9849584493837422	0.983596966372274	0.9851664502466598	0.9831472863751971	0.9837541165285164	0.984650118643574	0.983438719475057	0.9838690479706605	0.9853480796421561	0.9857029774909203	0.9841037048052127	0.983992614485287	0.9832192010286513	0.9831377887439966	0.9855129926688647	0.9849699495723611	0.9859648988738478	0.9825884888754094
0.9841457666986857	1.0	0.9861965929055886	0.9884068246530944	0.98824843372674	0.9894635083940586	0.9866409426413028	0.9876560792006549	0.9883831818338968	0.9813357980471783	0.9870338095416334	0.9859647968632678	0.9846628273799675	0.9873011181686544	0.9866105439863456	0.9867571056313311	0.9867421849773955	0.986659627937535	0.9852931411083256	0.9851284870948529	0.9863279487313747	0.9875931156404769	0.9867072921458447	0.9874315041374098	0.9878776371950712	0.986677093145284	0.9844526080001973	0.9882496313749876	0.9871719205027512	0.9878655268786803	0.9860150792406913
0.9841716212266808	0.9861965929055886	1.0	0.9878681986582227	0.9938932028334727	0.9854146528911643	0.9871935040791546	0.9882786006855738	0.9888665412325581	0.9833480758118852	0.9879325146430975	0.9870810068251377	0.9859563935651514	0.9874210852121987	0.9883041278502327	0.9883158071545978	0.9861207785905667	0.9864323749083507	0.9861312832558335	0.986932236039235	0.9873633741462384	0.9864412972576735	0.98784074749768	0.9879267819628156	0.9885201232952239	0.9860718380737865	0.985579658480089	0.9870334771825723	0.9873399367473984	0.9875133818180655	0.98680274102081
0.9854342871636408	0.9884068246530944	0.9878681986582227	1.0	0.9898818959331692	0.9884879032268943	0.9892465305455286	0.9888513909493551	0.9902844198559477	0.9840355695958984	0.9884098082248202	0.9877345251418674	0.9856324639711284	0.9897447008054642	0.9893991219148723	0.9884010622355229	0.9881514752108267	0.9897019002585423	0.9872983663505247	0.9865891573382918	0.9891738489036975	0.9905708719598655	0.9885063252908346	0.9918056324095609	0.9903017748051263	0.987864975043399	0.9851554087091737	0.9907583206231966	0.9898061618303889	0.9908338340494642	0.9887722416398911
0.9851801869161928	0.98824843372674	0.9938932028334727	0.9898818959331692	1.0	0.9874085253542793	0.9893551599296114	0.9896963295378123	0.9904763015500064	0.9843446703844453	0.9905594368765624	0.9894244133541015	0.9871015299672069	0.9893954808076454	0.9901241791483946	0.989377500846832	0.9877684273784775	0.9877572503379257	0.9870869743781563	0.9883996760441071	0.9888022377316754	0.98785986076739	0.9891151218478255	0.9903065624964482	0.9901773773944886	0.9882181100174776	0.9863279691923892	0.9890964016513091	0.9896583801650982	0.9900437780546428	0.9885401864814775
0.9830204675461752	0.9894635083940586	0.9854146528911643	0.9884879032268943	0.9874085253542793	1.0	0.9869107148871906	0.9869802357859013	0.9880934383024831	0.9818539847657334	0.9865159283534853	0.9862982059064644	0.9847541925555992	0.987152888703113	0.9860668239060604	0.9852176373717317	0.9853273895429893	0.9861628909216896	0.9852364127443204	0.9843817615431903	0.985882764994489	0.9868000053109348	0.9861493138015442	0.9878856542867336	0.9876400369062767	0.9859441663990857	0.9830258062917429	0.9867303614024482	0.9865350044051572	0.9885136870022675	0.9855021081092382
0.9831521778892374	0.9866409426413028	0.9871935040791546	0.9892465305455286	0.9893551599296114	0.9869107148871906	1.0	0.9893379515537648	0.9902606071738477	0.985600038177838	0.990445562192886	0.9900564593186437	0.987696789192991	0.9906346431572002	0.9908069688393407	0.9881738304265346	0.98819944472145	0.9880729931661634	0.9874075261811615	0.986672027878953	0.9881469628153859	0.9883460557705976	0.9881558586089156	0.9902058504309909	0.9903438747617125	0.9873418350168442	0.9847831282049381	0.9886724515169586	0.9888537965096075	0.9899528249856689	0.9891603307745538
0.9846664893768345	0.9876560792006549	0.9882786006855738	0.9888513909493551	0.9896963295378123	0.9869802357859013	0.9893379515537648	1.0	0.990862783063073	0.987979620012542	0.9898935256527397	0.9891329070863397	0.9879599421192653	0.9891996095276505	0.9907585554061696	0.989551031156404	0.9882509296429242	0.9923251600626125	0.9885864760918294	0.9894798236795834	0.9898645398929176	0.988713067410038	0.9902134331601682	0.9894817244043153	0.9895755933454337	0.9880788816757056	0.9868569461440183	0.9891828663511664	0.9890989170343454	0.988789429491573	0.988263834957592
0.9861275637496996	0.9883831818338968	0.9888665412325581	0.9902844198559477	0.9904763015500064	0.9880934383024831	0.9902606071738477	0.990862783063073	1.0	0.9852692867633934	0.9905974200667187	0.989394217891537	0.9874705646477151	0.9905512256690985	0.9903142824795629	0.9901608162437859	0.9899957711659725	0.9891767944828008	0.9896053464049763	0.9889255787014319	0.9904905639657235	0.9901323710455702	0.990178736494954	0.9906448120478977	0.99066381972569	0.9882663536158476	0.9880275092449705	0.9896673663178307	0.9896780864980759	0.9906766947436991	0.9897492730121763
0.9788021080626849	0.9813357980471783	0.9833480758118852	0.9840355695958984	0.9843446703844453	0.9818539847657334	0.985600038177838	0.987979620012542	0.9852692867633934	1.0	0.9845500478071968	0.9845017857121076	0.983514000164307	0.9838631725383377	0.985228076321564	0.9832697998760521	0.9841052967663183	0.9867227976200647	0.9829994919256365	0.982419983730807	0.9839903122239965	0.9828125514896787	0.9847750635296265	0.984926657430161	0.9842772856190388	0.9822691772167322	0.9812698901472952	0.9833594100165953	0.983479487722957	0.9834881830331659	0.9833137978006785
0.9838476591305916	0.9870338095416334	0.9879325146430975	0.9884098082248202	0.9905594368765624	0.9865159283534853	0.990445562192886	0.9898935256527397	0.9905974200667187	0.9845500478071968	1.0	0.9973668216802936	0.987546655221435	0.9897183252497215	0.9902604256316794	0.989026060074446	0.9879377546049457	0.9880431163942675	0.9878188131344878	0.9877214158256588	0.9889360809639431	0.9879490478011722	0.9893010462366789	0.9900997969206041	0.9905679460080498	0.9876107679883366	0.9863559094385617	0.9889669111486205	0.9882817573425032	0.9897227733188371	0.9890709633998193
0.9825156773627108	0.9859647968632678	0.9870810068251377	0.9877345251418674	0.9894244133541015	0.9862982059064644	0.9900564593186437	0.9891329070863397	0.989394217891537	0.9845017857121076	0.9973668216802936	1.0	0.9864735762133006	0.9889567899502214	0.9895018090129145	0.9878399213886052	0.9870312604779882	0.9870308948364793	0.9866643359079401	0.9867520868238855	0.987614031925723	0.9874017054715855	0.9880817127290469	0.9894894886219994	0.9899478533386384	0.9868171556867694	0.9847801585178172	0.987943147345625	0.9879019585748189	0.9893713447543111	0.9880004349557391
0.9821021583098521	0.9846628273799675	0.9859563935651514	0.9856324639711284	0.9871015299672069	0.9847541925555992	0.987696789192991	0.9879599421192653	0.9874705646477151	0.983514000164307	0.987546655221435	0.9864735762133006	1.0	0.9862694871369951	0.9883961290276989	0.9871094333227766	0.9862843171275456	0.9871369489074885	0.987308201513594	0.986678184554696	0.9865000203809403	0.9865713702746364	0.9883559387404938	0.9866216187312667	0.9871039404149486	0.9850510970475692	0.9840813688006796	0.9856260089253079	0.985574018599087	0.9857319201365686	0.9869914414120776
0.9849584493837422	0.9873011181686544	0.9874210852121987	0.9897447008054642	0.9893954808076454	0.987152888703113	0.9906346431572002	0.9891996095276505	0.9905512256690985	0.9838631725383377	0.9897183252497215	0.9889567899502214	0.9862694871369951	1.0	0.9899573397758048	0.9891940744755033	0.9883882963724027	0.9875651943582118	0.9873705165294149	0.9871437851543258	0.9882986048258467	0.9891580559639522	0.9884632234203273	0.9902432410238324	0.9902844198559477	0.987726625876392	0.9861515203194527	0.98939439305449	0.9891638457429923	0.99047677510579	0.9888698582918156
0.983596966372274	0.9866105439863456	0.9883041278502327	0.9893991219148723	0.9901241791483946	0.9860668239060604	0.9908069688393407	0.9907585554061696	0.9903142824795629	0.985228076321564	0.9902604256316794	0.9895018090129145	0.9883961290276989	0.9899573397758048	1.0	0.9887870039341831	0.9881230852929074	0.989011429954572	0.9875736513865004	0.9881662181509377	0.9894636040664615	0.9888358527997267	0.9893923196969768	0.9898820591626046	0.9901918717813045	0.988110464739647	0.9859708046653923	0.9888823555414387	0.9889189012502847	0.9895865725942025	0.9892741284232557
0.9851664502466598	0.9867571056313311	0.9883158071545978	0.9884010622355229	0.989377500846832	0.9852176373717317	0.9881738304265346	0.989551031156404	0.9901608162437859	0.9832697998760521	0.989026060074446	0.9878399213886052	0.9871094333227766	0.9891940744755033	0.9887870039341831	1.0	0.9877022393749703	0.9873572119982683	0.9888467872989019	0.9883841142680753	0.9893984632305021	0.9882079875432163	0.9902894816918847	0.9895237557969153	0.9904791346005586	0.987698970161379	0.9893968275583389	0.9889360809639431	0.989548955963212	0.9885453781889026	0.987940800647388
0.9831472863751971	0.9867421849773955	0.9861207785905667	0.9881514752108267	0.9877684273784775	0.9853273895429893	0.98819944472145	0.9882509296429242	0.9899957711659725	0.9841052967663183	0.9879377546049457	0.9870312604779882	0.9862843171275456	0.9883882963724027	0.9881230852929074	0.9877022393749703	1.0	0.9873855111463591	0.987385453050389	0.9865072163713386	0.9882602742105501	0.9879122750664143	0.9883964391268883	0.9881240035625898	0.9883803883317267	0.9868932462532451	0.9862523148043082	0.9878198888393126	0.9873737980059866	0.9881586357754925	0.9873614552162178
0.9837541165285164	0.986659627937535	0.9864323749083507	0.9897019002585423	0.9877572503379257	0.9861628909216896	0.9880729931661634	0.9923251600626125	0.9891767944828008	0.9867227976200647	0.9880431163942675	0.9870308948364793	0.9871369489074885	0.9875651943582118	0.989011429954572	0.9873572119982683	0.9873855111463591	1.0	0.9884339096460822	0.9877921442052495	0.9898305930048765	0.9896144643916895	0.9891931952934759	0.9890029814957343	0.987971206655771	0.9867700856162169	0.9852196774273865	0.9895617247803901	0.9874082474740404	0.9880302678157337	0.9875165011889245
0.984650118643574	0.9852931411083256	0.9861312832558335	0.9872983663505247	0.9870869743781563	0.9852364127443204	0.9874075261811615	0.9885864760918294	0.9896053464049763	0.9829994919256365	0.9878188131344878	0.9866643359079401	0.987308201513594	0.9873705165294149	0.9875736513865004	0.9888467872989019	0.987385453050389	0.9884339096460822	1.0	0.9891709315202439	0.9888748188338657	0.9926627593470944	0.9898847929629637	0.9880153186114229	0.988194058134059	0.9854663100871878	0.9867985584591246	0.9879078262696025	0.9869075336185301	0.9865505189476822	0.9875212318481679
0.983438719475057	0.9851284870948529	0.986932236039235	0.9865891573382918	0.9883996760441071	0.9843817615431903	0.986672027878953	0.9894798236795834	0.9889255787014319	0.982419983730807	0.9877214158256588	0.9867520868238855	0.986678184554696	0.9871437851543258	0.9881662181509377	0.9883841142680753	0.9865072163713386	0.9877921442052495	0.9891709315202439	1.0	0.9891000607674014	0.9878218588805369	0.9895762562855245	0.9875237201088656	0.98810690396911	0.9861774251677328	0.9862173408803757	0.9871534011903359	0.9864880643808134	0.9868427998880535	0.987162746460445
0.9838690479706605	0.9863279487313747	0.9873633741462384	0.9891738489036975	0.9888022377316754	0.985882764994489	0.9881469628153859	0.9898645398929176	0.9904905639657235	0.9839903122239965	0.9889360809639431	0.987614031925723	0.9865000203809403	0.9882986048258467	0.9894636040664615	0.9893984632305021	0.9882602742105501	0.9898305930048765	0.9888748188338657	0.9891000607674014	1.0	0.9895903084721994	0.9902273765243282	0.9891099242425871	0.9890033031495193	0.9865002705388315	0.9879916500849494	0.9879223613799263	0.9884036618362695	0.988867132698297	0.9877420320112201
0.9853480796421561	0.9875931156404769	0.9864412972576735	0.9905708719598655	0.98785986076739	0.9868000053109348	0.9883460557705976	0.988713067410038	0.9901323710455702	0.9828125514896787	0.9879490478011722	0.9874017054715855	0.9865713702746364	0.9891580559639522	0.9888358527997267	0.9882079875432163	0.9879122750664143	0.9896144643916895	0.9926627593470944	0.9878218588805369	0.9895903084721994	1.0	0.9893182121888406	0.9887197839217773	0.9887940519419705	0.9864019711230196	0.9846765442204124	0.9906520859426279	0.9876770222485659	0.9888884533142296	0.9880174241907224
0.9857029774909203	0.9867072921458447	0.98784074749768	0.9885063252908346	0.9891151218478255	0.9861493138015442	0.9881558586089156	0.9902134331601682	0.990178736494954	0.9847750635296265	0.9893010462366789	0.9880817127290469	0.9883559387404938	0.9884632234203273	0.9893923196969768	0.9902894816918847	0.9883964391268883	0.9891931952934759	0.9898847929629637	0.9895762562855245	0.9902273765243282	0.9893182121888406	1.0	0.9891156526752046	0.9895531315238836	0.9875437676292288	0.9879109012439277	0.9899788343485079	0.988691787140977	0.9881134783583674	0.9882826672412365
0.9841037048052127	0.9874315041374098	0.9879267819628156	0.9918056324095609	0.9903065624964482	0.9878856542867336	0.9902058504309909	0.9894817244043153	0.9906448120478977	0.984926657430161	0.9900997969206041	0.9894894886219994	0.9866216187312667	0.9902432410238324	0.9898820591626046	0.9895237557969153	0.9881240035625898	0.9890029814957343	0.9880153186114229	0.9875237201088656	0.9891099242425871	0.9887197839217773	0.9891156526752046	1.0	0.9913846310080708	0.9897928436380635	0.9870339976384315	0.9888752214404576	0.9910622500866892	0.9912086142021216	0.9892276513586963
0.983992614485287	0.9878776371950712	0.9885201232952239	0.9903017748051263	0.9901773773944886	0.9876400369062767	0.9903438747617125	0.9895755933454337	0.99066381972569	0.9842772856190388	0.9905679460080498	0.9899478533386384	0.9871039404149486	0.9902844198559477	0.9901918717813045	0.9904791346005586	0.9883803883317267	0.987971206655771	0.988194058134059	0.98810690396911	0.9890033031495193	0.9887940519419705	0.9895531315238836	0.9913846310080708	1.0	0.9893803709237782	0.9875863044507733	0.9900055281177289	0.9893558558234382	0.9908458552692564	0.988835913281836
0.9832192010286513	0.986677093145284	0.9860718380737865	0.987864975043399	0.9882181100174776	0.9859441663990857	0.9873418350168442	0.9880788816757056	0.9882663536158476	0.9822691772167322	0.9876107679883366	0.9868171556867694	0.9850510970475692	0.987726625876392	0.988110464739647	0.987698970161379	0.9868932462532451	0.9867700856162169	0.9854663100871878	0.9861774251677328	0.9865002705388315	0.9864019711230196	0.9875437676292288	0.9897928436380635	0.9893803709237782	1.0	0.9855385348187726	0.9867830202000477	0.988124471331976	0.9883297035202329	0.9874857547052035
0.9831377887439966	0.9844526080001973	0.985579658480089	0.9851554087091737	0.9863279691923892	0.9830258062917429	0.9847831282049381	0.9868569461440183	0.9880275092449705	0.9812698901472952	0.9863559094385617	0.9847801585178172	0.9840813688006796	0.9861515203194527	0.9859708046653923	0.9893968275583389	0.9862523148043082	0.9852196774273865	0.9867985584591246	0.9862173408803757	0.9879916500849494	0.9846765442204124	0.9879109012439277	0.9870339976384315	0.9875863044507733	0.9855385348187726	1.0	0.9849835139038835	0.9869613951609418	0.9865415612049944	0.9856309618000957
0.9855129926688647	0.9882496313749876	0.9870334771825723	0.9907583206231966	0.9890964016513091	0.9867303614024482	0.9886724515169586	0.9891828663511664	0.9896673663178307	0.9833594100165953	0.9889669111486205	0.987943147345625	0.9856260089253079	0.98939439305449	0.9888823555414387	0.9889360809639431	0.9878198888393126	0.9895617247803901	0.9879078262696025	0.9871534011903359	0.9879223613799263	0.9906520859426279	0.9899788343485079	0.9888752214404576	0.9900055281177289	0.9867830202000477	0.9849835139038835	1.0	0.9884125077108271	0.989763707828037	0.9878916318518709
0.9849699495723611	0.9871719205027512	0.9873399367473984	0.9898061618303889	0.9896583801650982	0.9865350044051572	0.9888537965096075	0.9890989170343454	0.9896780864980759	0.983479487722957	0.9882817573425032	0.9879019585748189	0.985574018599087	0.9891638457429923	0.9889189012502847	0.989548955963212	0.9873737980059866	0.9874082474740404	0.9869075336185301	0.9864880643808134	0.9884036618362695	0.9876770222485659	0.988691787140977	0.9910622500866892	0.9893558558234382	0.988124471331976	0.9869613951609418	0.9884125077108271	1.0	0.9904522473486292	0.9887964406732999
0.9859648988738478	0.9878655268786803	0.9875133818180655	0.9908338340494642	0.9900437780546428	0.9885136870022675	0.9899528249856689	0.988789429491573	0.9906766947436991	0.9834881830331659	0.9897227733188371	0.9893713447543111	0.9857319201365686	0.99047677510579	0.9895865725942025	0.9885453781889026	0.9881586357754925	0.9880302678157337	0.9865505189476822	0.9868427998880535	0.988867132698297	0.9888884533142296	0.9881134783583674	0.9912086142021216	0.9908458552692564	0.9883297035202329	0.9865415612049944	0.989763707828037	0.9904522473486292	1.0	0.987846520026109
0.9825884888754094	0.9860150792406913	0.98680274102081	0.9887722416398911	0.9885401864814775	0.9855021081092382	0.9891603307745538	0.988263834957592	0.9897492730121763	0.9833137978006785	0.9890709633998193	0.9880004349557391	0.9869914414120776	0.9888698582918156	0.9892741284232557	0.987940800647388	0.9873614552162178	0.9875165011889245	0.9875212318481679	0.987162746460445	0.9877420320112201	0.9880174241907224	0.9882826672412365	0.9892276513586963	0.988835913281836	0.9874857547052035	0.9856309618000957	0.9878916318518709	0.9887964406732999	0.987846520026109	1.0
