/home/jshaw/scratch/2022_sketched_distance/references/SGB_genome_fastas_part1_redo/1437/BritoIL_2016__M1.4.ST__bin.14.fa	/home/jshaw/scratch/2022_sketched_distance/references/SGB_genome_fastas_part1_redo/1437/BritoIL_2016__M2.39.ST__bin.73.fa	/home/jshaw/scratch/2022_sketched_distance/references/SGB_genome_fastas_part1_redo/1437/ChengpingW_2017__AS119raw__bin.13.fa	/home/jshaw/scratch/2022_sketched_distance/references/SGB_genome_fastas_part1_redo/1437/CM_madagascar__A43_02_1FE__bin.25.fa	/home/jshaw/scratch/2022_sketched_distance/references/SGB_genome_fastas_part1_redo/1437/CM_madagascar__A89_02_1FE__bin.65.fa	/home/jshaw/scratch/2022_sketched_distance/references/SGB_genome_fastas_part1_redo/1437/CosteaPI_2017__SID713A013-11-0-0__bin.83.fa	/home/jshaw/scratch/2022_sketched_distance/references/SGB_genome_fastas_part1_redo/1437/CosteaPI_2017__SID713A014-11-0-0__bin.4.fa	/home/jshaw/scratch/2022_sketched_distance/references/SGB_genome_fastas_part1_redo/1437/CosteaPI_2017__SID713A023-11-0-0__bin.73.fa	/home/jshaw/scratch/2022_sketched_distance/references/SGB_genome_fastas_part1_redo/1437/CosteaPI_2017__SID713A028-11-90-0__bin.22.fa	/home/jshaw/scratch/2022_sketched_distance/references/SGB_genome_fastas_part1_redo/1437/CosteaPI_2017__SID713A038-11-90-0__bin.47.fa	/home/jshaw/scratch/2022_sketched_distance/references/SGB_genome_fastas_part1_redo/1437/CosteaPI_2017__SID713A040-11-0-0__bin.53.fa	/home/jshaw/scratch/2022_sketched_distance/references/SGB_genome_fastas_part1_redo/1437/CosteaPI_2017__SID713A057-11-90-0__bin.38.fa	/home/jshaw/scratch/2022_sketched_distance/references/SGB_genome_fastas_part1_redo/1437/CosteaPI_2017__SID713A058-11-0-0__bin.5.fa	/home/jshaw/scratch/2022_sketched_distance/references/SGB_genome_fastas_part1_redo/1437/CosteaPI_2017__SID713A058-11-90-0__bin.72.fa	/home/jshaw/scratch/2022_sketched_distance/references/SGB_genome_fastas_part1_redo/1437/CosteaPI_2017__SID713A073-11-0-0__bin.29.fa	/home/jshaw/scratch/2022_sketched_distance/references/SGB_genome_fastas_part1_redo/1437/CosteaPI_2017__SID713A081-11-90-0__bin.19.fa	/home/jshaw/scratch/2022_sketched_distance/references/SGB_genome_fastas_part1_redo/1437/CosteaPI_2017__SID713B002-11-0-0__bin.27.fa	/home/jshaw/scratch/2022_sketched_distance/references/SGB_genome_fastas_part1_redo/1437/CosteaPI_2017__SID713B002-11-90-0__bin.87.fa	/home/jshaw/scratch/2022_sketched_distance/references/SGB_genome_fastas_part1_redo/1437/CosteaPI_2017__SID713B016-11-90-0__bin.43.fa	/home/jshaw/scratch/2022_sketched_distance/references/SGB_genome_fastas_part1_redo/1437/CosteaPI_2017__SID713B056-11-90-0__bin.21.fa	/home/jshaw/scratch/2022_sketched_distance/references/SGB_genome_fastas_part1_redo/1437/CosteaPI_2017__SID713B058-11-0-0__bin.63.fa	/home/jshaw/scratch/2022_sketched_distance/references/SGB_genome_fastas_part1_redo/1437/CosteaPI_2017__SID713B058-11-90-0__bin.39.fa	/home/jshaw/scratch/2022_sketched_distance/references/SGB_genome_fastas_part1_redo/1437/CosteaPI_2017__SID713B064-11-90-0__bin.6.fa	/home/jshaw/scratch/2022_sketched_distance/references/SGB_genome_fastas_part1_redo/1437/CosteaPI_2017__SID713B065-11-0-0__bin.30.fa	/home/jshaw/scratch/2022_sketched_distance/references/SGB_genome_fastas_part1_redo/1437/CosteaPI_2017__SID713B072-11-0-0__bin.18.fa	/home/jshaw/scratch/2022_sketched_distance/references/SGB_genome_fastas_part1_redo/1437/CosteaPI_2017__SID713B072-11-90-0__bin.33.fa	/home/jshaw/scratch/2022_sketched_distance/references/SGB_genome_fastas_part1_redo/1437/FengQ_2015__SID530743__bin.84.fa	/home/jshaw/scratch/2022_sketched_distance/references/SGB_genome_fastas_part1_redo/1437/FerrettiP_2018__CA_C10031MS2526FE_t0M15__bin.50.fa	/home/jshaw/scratch/2022_sketched_distance/references/SGB_genome_fastas_part1_redo/1437/LeChatelierE_2013__MH0006__bin.11.fa	/home/jshaw/scratch/2022_sketched_distance/references/SGB_genome_fastas_part1_redo/1437/LeChatelierE_2013__MH0175__bin.3.fa	/home/jshaw/scratch/2022_sketched_distance/references/SGB_genome_fastas_part1_redo/1437/LeChatelierE_2013__MH0189__bin.83.fa	/home/jshaw/scratch/2022_sketched_distance/references/SGB_genome_fastas_part1_redo/1437/LiJ_2014__O2.CD2-0__bin.23.fa	/home/jshaw/scratch/2022_sketched_distance/references/SGB_genome_fastas_part1_redo/1437/LiJ_2014__V1.CD6-0-PT__bin.10.fa	/home/jshaw/scratch/2022_sketched_distance/references/SGB_genome_fastas_part1_redo/1437/LiuW_2016__SRR3993012__bin.46.fa	/home/jshaw/scratch/2022_sketched_distance/references/SGB_genome_fastas_part1_redo/1437/LiuW_2016__SRR3993030__bin.73.fa	/home/jshaw/scratch/2022_sketched_distance/references/SGB_genome_fastas_part1_redo/1437/LiuW_2016__SRR3993041__bin.71.fa	/home/jshaw/scratch/2022_sketched_distance/references/SGB_genome_fastas_part1_redo/1437/LiuW_2016__SRR3993058__bin.36.fa	/home/jshaw/scratch/2022_sketched_distance/references/SGB_genome_fastas_part1_redo/1437/NielsenHB_2014__MH0006__bin.37.fa	/home/jshaw/scratch/2022_sketched_distance/references/SGB_genome_fastas_part1_redo/1437/NielsenHB_2014__MH0175__bin.17.fa	/home/jshaw/scratch/2022_sketched_distance/references/SGB_genome_fastas_part1_redo/1437/QinN_2014__LD-17__bin.18.fa	/home/jshaw/scratch/2022_sketched_distance/references/SGB_genome_fastas_part1_redo/1437/RampelliS_2015__H10__bin.1.fa	/home/jshaw/scratch/2022_sketched_distance/references/SGB_genome_fastas_part1_redo/1437/RampelliS_2015__H14__bin.88.fa	/home/jshaw/scratch/2022_sketched_distance/references/SGB_genome_fastas_part1_redo/1437/RampelliS_2015__H17__bin.31.fa	/home/jshaw/scratch/2022_sketched_distance/references/SGB_genome_fastas_part1_redo/1437/SchirmerM_2016__G88808__bin.1.fa	/home/jshaw/scratch/2022_sketched_distance/references/SGB_genome_fastas_part1_redo/1437/SchirmerM_2016__G88960__bin.8.fa	/home/jshaw/scratch/2022_sketched_distance/references/SGB_genome_fastas_part1_redo/1437/WenC_2017__RA042__bin.45.fa	/home/jshaw/scratch/2022_sketched_distance/references/SGB_genome_fastas_part1_redo/1437/YuJ_2015__SZAXPI015220-136__bin.55.fa	/home/jshaw/scratch/2022_sketched_distance/references/SGB_genome_fastas_part1_redo/1437/ZeeviD_2015__PNP_Main_60__bin.58.fa	/home/jshaw/scratch/2022_sketched_distance/references/SGB_genome_fastas_part1_redo/1437/ZeeviD_2015__PNP_Main_763__bin.39.fa
1.0	0.9833196521526336	0.9797771420103323	0.9832046069506908	0.9782255670601725	0.9810288417867338	0.9815616733116986	0.980493876494953	0.9801797671743591	0.9811455705241577	0.9800218308983677	0.9819695054724465	0.9807619272313347	0.9807961092404271	0.977153099066837	0.9812875541200191	0.9807900465759043	0.9817744603494483	0.9813093208809545	0.981188814247701	0.9809393308024418	0.9752527151233508	0.9789095755144829	0.9769769234315547	0.9807001018959194	0.9787275471138208	0.9780532753442526	0.9792555792136053	0.9793262056542607	0.9736669528780282	0.980186307724353	0.9817282125108111	0.9790883450376172	0.9779055616481221	0.9800585058126003	0.979967091300803	0.980562319309326	0.9796481432111092	0.9774743566617132	0.9766290029071124	0.9744022566447549	0.9776541146229173	0.975872705190322	0.9775435725985391	0.9724374001168362	0.9777358434557429	0.9784176710128623	0.9721009135299986	0.9812713410670215
0.9833196521526336	1.0	0.9819099470100224	0.9854296902074706	0.9804501691846188	0.9845966233909725	0.9842862634920659	0.9842247057875712	0.9836751672441572	0.9844012735602437	0.9834606519240171	0.9852731843220607	0.984018577521827	0.9844241835358476	0.9801325686590435	0.9846154958555751	0.983887775051078	0.9846836019090698	0.9843310499760133	0.9836665606555995	0.9836244163066254	0.9771706761250263	0.9823506510042483	0.9797257671247774	0.9838407101359569	0.9818203928613173	0.9801592481970177	0.981719415932217	0.9814147565275253	0.9761273867237571	0.9831302053991379	0.9849359982810257	0.9814546340376035	0.9813239874374492	0.9830274522137249	0.9828872374513803	0.9841006214060601	0.9818047637509252	0.9796781982691886	0.9786247555679815	0.9767908181639511	0.9801575509546936	0.9789573996451062	0.9799011676513891	0.9739473546807308	0.9803514622725331	0.9807063826155337	0.975366862721585	0.9834297684212621
0.9797771420103323	0.9819099470100224	1.0	0.9813721304491195	0.976339434457407	0.9811327628547749	0.9807532337984354	0.9806868313124438	0.9802654492080761	0.9808901613432283	0.9801478788447467	0.981615831385111	0.98062757606576	0.9805903936573075	0.9768871302150287	0.9802818386444379	0.9805857671502487	0.98158364112479	0.9809861730003827	0.9799574525839411	0.9804125647956241	0.9743666220794716	0.9787923961869812	0.9764891044818811	0.9799447440447946	0.9773230498063991	0.9862722707063308	0.9866895876766939	0.9875549018201599	0.982196614922485	0.9802536653571872	0.9805325270187234	0.9877014085041499	0.9782207628136436	0.9797775099272655	0.979477151461025	0.9802668557494162	0.9876980654365337	0.9857373738972444	0.9848495572660536	0.9738880288598714	0.9770741872144195	0.9755285151652902	0.9858410273351156	0.978973995015396	0.9862144723738618	0.986294785779088	0.9812765653998557	0.9811326532119529
0.9832046069506908	0.9854296902074706	0.9813721304491195	1.0	0.9817917522224778	0.9833640938687167	0.9835635347567567	0.9825561415219596	0.983169792126717	0.9832125175093723	0.9824078807019823	0.9837792769678836	0.9833349304303427	0.9829066050204346	0.9799915504919395	0.9830961333214344	0.9831515886878923	0.9836508250170113	0.9832263543559452	0.9830641862138308	0.9820059424759799	0.9768096434535357	0.9809558995111488	0.979662079549171	0.9825034056504608	0.9807102769088187	0.9805143553600435	0.9817747429344459	0.9817827029510139	0.9764709448775711	0.9822407878848592	0.9840181101561036	0.9808288454659584	0.9803081485027496	0.9833261827815164	0.981841078706453	0.9834748207115542	0.9818002921688275	0.9792904252985547	0.97861006718006	0.9767641860374361	0.9803810384051921	0.9791873375598321	0.9801549756875819	0.9742367425112309	0.9793550171379122	0.9805404324842348	0.9740643071866874	0.9824871582487704
0.9782255670601725	0.9804501691846188	0.976339434457407	0.9817917522224778	1.0	0.9778947222147087	0.9799581797589553	0.9780231173358025	0.978106067555768	0.9790126504633091	0.9773536960412483	0.9788657212021571	0.9802797688508531	0.978771363929515	0.9775047569454491	0.9787399018554552	0.9798011633485786	0.9800615336688868	0.9778154904981095	0.9797078487925999	0.9773214465367599	0.9759101092880946	0.9766855140337569	0.9774700757696353	0.977855939178733	0.9766949296384015	0.9763591139554183	0.9775493276444391	0.9763930744090571	0.9736626367700499	0.978419750206619	0.9795091356895985	0.9757386265606803	0.9761068936220367	0.97975686492687	0.9767041211070082	0.9790392266773201	0.9767636468958353	0.9755584158117095	0.974541104962877	0.9745109386964003	0.9776014497283996	0.97634532022561	0.9761852668293028	0.9704393902542178	0.9747479729658814	0.9760068319967	0.9693630022370294	0.9776805129191778
0.9810288417867338	0.9845966233909725	0.9811327628547749	0.9833640938687167	0.9778947222147087	1.0	0.9862033894725369	0.9867816778766745	0.9945663416976712	0.9866680191609924	0.9962629863370726	0.984745582045977	0.9858877836945291	0.9865071778163134	0.9902778927136413	0.9858740761361545	0.9854522637267485	0.9860908630641788	0.9964426281679556	0.9855507668184279	0.9860855263936034	0.9791462753579223	0.9824317988479172	0.9814820897560763	0.98604544511035	0.9842555609768935	0.9799502654212064	0.9813608311336041	0.9812662224949127	0.9762624995051468	0.9848877027105739	0.9833259595401493	0.981155412031782	0.980346489413436	0.9824122782029929	0.9815042550919911	0.9839022663025256	0.9814779495245987	0.9791093505412227	0.9779415889172286	0.976761591079335	0.9793334161881344	0.9785073874968672	0.9794876817017054	0.9725812106283008	0.9786951866902753	0.9793392977151536	0.9744523447605732	0.9859120631605507
0.9815616733116986	0.9842862634920659	0.9807532337984354	0.9835635347567567	0.9799581797589553	0.9862033894725369	1.0	0.9864755551342802	0.9860240027364201	0.987766046399432	0.9851396813574008	0.9849609287644937	0.9878932817068365	0.987028539180816	0.9843209417121165	0.9871053212973288	0.9870498980016065	0.9873577912427766	0.9864966153236415	0.9874995991042815	0.9954947351601592	0.9901698285264027	0.9818776067600187	0.9881718091499369	0.9855324316877887	0.984508776946394	0.9813768836167533	0.9819590421700282	0.9817727071552287	0.9778529373955133	0.9849908308928119	0.9830959166086409	0.9812131902109738	0.9809795536465458	0.9838526030478796	0.9816471897432598	0.9850079921186567	0.9819580627048379	0.9804981091763494	0.9789893414595635	0.9777589973356701	0.9803615680247864	0.9795346678371901	0.9810203038987427	0.9745811050103789	0.9789526847193514	0.979951168722693	0.9742916775679097	0.9856145741687354
0.980493876494953	0.9842247057875712	0.9806868313124438	0.9825561415219596	0.9780231173358025	0.9867816778766745	0.9864755551342802	1.0	0.9864693700443308	0.9956868396991405	0.9859224650660807	0.9848038416103567	0.9946251322949182	0.9960688103716705	0.9830450239864778	0.9889309937284354	0.9852876529499395	0.986174196712914	0.9871832120151981	0.9873132059147044	0.9863781376243385	0.9792687721718337	0.9819251295107598	0.9822289197831847	0.9856970664371907	0.983737992457341	0.9791563869330033	0.9806787989635027	0.9806498910994024	0.9755095647746724	0.9843994869606052	0.9833444129359992	0.9810200428240524	0.9798620537964499	0.9821185293923029	0.981597221091599	0.9830041921169891	0.981078557941964	0.9793502166397351	0.9768788728032446	0.9758003738362723	0.9786908028258798	0.9779504294592496	0.9790961387923715	0.972927166130332	0.9785877790024771	0.9789817407207306	0.9743818380859549	0.9853564429955597
0.9801797671743591	0.9836751672441572	0.9802654492080761	0.983169792126717	0.978106067555768	0.9945663416976712	0.9860240027364201	0.9864693700443308	1.0	0.9865473832222269	0.9940714313632343	0.984269298966745	0.9865885202936816	0.9866540787019826	0.990048519341062	0.9859184211191047	0.9847473204453195	0.9851843406930517	0.9943240264123636	0.9856062856547881	0.9848749540317817	0.9794191028184351	0.981826732233355	0.9819333988984369	0.984354936617418	0.9824250664520404	0.9798433169176259	0.9806865314786136	0.980446912041783	0.9761738515867948	0.9842692586227516	0.982563619195802	0.9804946189114233	0.9794462121042099	0.9825246149405212	0.9805639313285077	0.9829092242654426	0.9807269680750536	0.978615663366811	0.9774083612198087	0.9763095239936159	0.9789905831562972	0.9779061576424966	0.9793856585609525	0.9732697346826661	0.9777181918498195	0.9786821470579126	0.9733105420962844	0.9849253480543326
0.9811455705241577	0.9844012735602437	0.9808901613432283	0.9832125175093723	0.9790126504633091	0.9866680191609924	0.987766046399432	0.9956868396991405	0.9865473832222269	1.0	0.9857916828075449	0.9851735296148771	0.9948689040289582	0.9951028471381722	0.9838516199207036	0.9894874286208207	0.9865150794739022	0.9875191325714578	0.9868425496324833	0.9887816026971255	0.9868386137389005	0.9804942797189172	0.9818937799701093	0.983719675396377	0.9867220031058583	0.9848486097529349	0.98065962288559	0.9819527456190988	0.981145104394889	0.9772071071908001	0.9850670018244491	0.983455366408718	0.9812530880116859	0.980383890493352	0.9830479098243661	0.9819100343524763	0.984167787185962	0.9815875089162467	0.9800988406934268	0.9777360839723336	0.977172554653385	0.9797749270936479	0.9793528407239135	0.9797804082014797	0.9739079200796275	0.9789046669436668	0.9798655964504634	0.9742579808026497	0.9858795953486698
0.9800218308983677	0.9834606519240171	0.9801478788447467	0.9824078807019823	0.9773536960412483	0.9962629863370726	0.9851396813574008	0.9859224650660807	0.9940714313632343	0.9857916828075449	1.0	0.9840210636524136	0.9856418558154693	0.9867038990204473	0.9900251133296194	0.9852573658114794	0.9842114191297614	0.9848767097749248	0.9961718708672591	0.9847921994389601	0.9851095557464644	0.9790450777978614	0.9817213204669201	0.9810578504149463	0.9842032181105133	0.982244035184012	0.9793904555964095	0.9809443743955293	0.9807449961040773	0.9760809831469116	0.9844519116145237	0.9824551164853849	0.9804097295573504	0.9795816431978527	0.9814417126274987	0.9802949255416211	0.982802336739183	0.9809148123325686	0.9781043216402622	0.9775217323049106	0.9761438433535969	0.9787812669293884	0.9777693673069625	0.978805232584932	0.9717430045629905	0.9778557176099226	0.9785189181961176	0.9734195044539089	0.9850946426812582
0.9819695054724465	0.9852731843220607	0.981615831385111	0.9837792769678836	0.9788657212021571	0.984745582045977	0.9849609287644937	0.9848038416103567	0.984269298966745	0.9851735296148771	0.9840210636524136	1.0	0.9847381779077762	0.9849722962946256	0.981217766199445	0.9852783614265299	0.984556205975055	0.9854414446675341	0.9850561971346632	0.9841830441021989	0.9842940784934824	0.9782986061769154	0.982728336233017	0.9805871562157215	0.9845484791958778	0.9820858090092685	0.9807857428700663	0.9816697586034733	0.9817011340865314	0.9764453745865617	0.9841714576722489	0.9840877332787897	0.981904562491935	0.9809952795371286	0.9835530138642673	0.982446933840341	0.9847873469173556	0.9818749044587947	0.9800000781944501	0.9785671804719462	0.9770514003781171	0.9804978642990257	0.9792756536411189	0.9802026263783942	0.9734385746993705	0.9800555816988934	0.9805484344890659	0.9745776018212154	0.9846326609640799
0.9807619272313347	0.984018577521827	0.98062757606576	0.9833349304303427	0.9802797688508531	0.9858877836945291	0.9878932817068365	0.9946251322949182	0.9865885202936816	0.9948689040289582	0.9856418558154693	0.9847381779077762	1.0	0.9974406647188111	0.9860071466733353	0.9893439120971937	0.9878462276471978	0.9877810697384536	0.9863971927167162	0.9901474285617451	0.9857219104775724	0.9825133218934877	0.982160799420184	0.9852857054948201	0.9862588870536727	0.9850047386581899	0.9811959696220901	0.9823096646109432	0.9814624161284455	0.9780668326569356	0.9849492640874613	0.9829518921720405	0.9810911884672935	0.9808732918479297	0.9845878085908223	0.9815058321167525	0.9846581945487513	0.9816686064745326	0.980027629771637	0.9787103905428562	0.9778235378720451	0.980404377829782	0.9793904032002401	0.9806478401578372	0.9746119959983406	0.9784415626658545	0.9801102437976105	0.9734856189878911	0.9856336268661962
0.9807961092404271	0.9844241835358476	0.9805903936573075	0.9829066050204346	0.978771363929515	0.9865071778163134	0.987028539180816	0.9960688103716705	0.9866540787019826	0.9951028471381722	0.9867038990204473	0.9849722962946256	0.9974406647188111	1.0	0.9835113318987547	0.9894553489458254	0.9860125108672976	0.9867466147566414	0.9871905429295655	0.9884782230354346	0.9862098841578065	0.9799451962458461	0.9821843000100537	0.9831084088373043	0.9863469104191576	0.9843350173839156	0.9799309857802115	0.9810792541539147	0.9811546333049909	0.9759400404755515	0.9847617794803429	0.9834298245678926	0.9808305456084603	0.9803303702431464	0.9828094008659701	0.9819588928702424	0.9836961154325844	0.9814069525717074	0.9793350972378634	0.9774350952514949	0.9765240749999272	0.9793975422569968	0.9783697454372624	0.9795568629000245	0.9732393992043721	0.9783258523376496	0.9789620068478002	0.9735136612496096	0.9856753251087499
0.977153099066837	0.9801325686590435	0.9768871302150287	0.9799915504919395	0.9775047569454491	0.9902778927136413	0.9843209417121165	0.9830450239864778	0.990048519341062	0.9838516199207036	0.9900251133296194	0.981217766199445	0.9860071466733353	0.9835113318987547	1.0	0.9828318590574282	0.9858643749925572	0.9847330916374232	0.9900231091668344	0.9854223464758353	0.9820744783407777	0.984896361286203	0.9781645155649847	0.9843728325554534	0.9829250196221775	0.9820437879817876	0.9782915692628464	0.9795231726685711	0.9777628809579622	0.9771551785923583	0.9820131102321218	0.9794276305623545	0.9771310189673329	0.9779415542413822	0.9821489127308757	0.9773168789239823	0.9815593631795198	0.9778484972197993	0.9762534201561845	0.9768201994170054	0.9759816960626517	0.9771338735620355	0.9771867599691579	0.9770729225437521	0.9717227847415173	0.9754696077952464	0.9771760883589933	0.9696007006807389	0.9822596290559088
0.9812875541200191	0.9846154958555751	0.9802818386444379	0.9830961333214344	0.9787399018554552	0.9858740761361545	0.9871053212973288	0.9889309937284354	0.9859184211191047	0.9894874286208207	0.9852573658114794	0.9852783614265299	0.9893439120971937	0.9894553489458254	0.9828318590574282	1.0	0.9864779903451533	0.9869938817975231	0.986131871865286	0.9945389015694438	0.9856623734495754	0.9798949695233099	0.9823894168206069	0.9826939046888983	0.9863889441439209	0.9844480641027097	0.9804567877141332	0.9816392738542244	0.9812268375851397	0.9764186098068242	0.984935275481435	0.9833459780165449	0.9809538563575151	0.9802996722587253	0.982986396263402	0.9815124383706475	0.9838636656496929	0.9815263634959619	0.9792975585032657	0.9773919803817062	0.9774507658500836	0.9798608158097907	0.9790606756462521	0.9797804082014797	0.9740966259205319	0.9784865042096991	0.9795518001945781	0.9739945318008668	0.9857368329768335
0.9807900465759043	0.983887775051078	0.9805857671502487	0.9831515886878923	0.9798011633485786	0.9854522637267485	0.9870498980016065	0.9852876529499395	0.9847473204453195	0.9865150794739022	0.9842114191297614	0.984556205975055	0.9878462276471978	0.9860125108672976	0.9858643749925572	0.9864779903451533	1.0	0.9984561915285084	0.9850247376866177	0.9880114764644754	0.9848194983436889	0.9827753780683688	0.9816952929568815	0.9849897439978325	0.9936439140484418	0.9925218853001231	0.9814083176209866	0.9826537215758312	0.9810086444348923	0.978956553440238	0.9845159226353641	0.98268520645442	0.9804153633807633	0.9814787557965761	0.9848025792951406	0.981276718446864	0.9845843986473033	0.9810648091185652	0.9796138274343085	0.9786684121476774	0.9784686289074823	0.9799188378488881	0.979518015393151	0.9801597182329329	0.9740696796598726	0.9782981440426807	0.9803560380261791	0.9732815614899889	0.9846934102536562
0.9817744603494483	0.9846836019090698	0.98158364112479	0.9836508250170113	0.9800615336688868	0.9860908630641788	0.9873577912427766	0.986174196712914	0.9851843406930517	0.9875191325714578	0.9848767097749248	0.9854414446675341	0.9877810697384536	0.9867466147566414	0.9847330916374232	0.9869938817975231	0.9984561915285084	1.0	0.9857453398541436	0.9879387509578974	0.9855871811634903	0.981452147399343	0.9821606722373063	0.9842994477610356	0.9945124734732246	0.9929544094749213	0.9815875952513334	0.9828607458288403	0.9819651425882325	0.9781936410697051	0.9849811021879309	0.9834253359889134	0.9815664466030036	0.9819139505865372	0.9842951040385994	0.9822667049813674	0.9850559366387316	0.9820055987606441	0.9805253637802581	0.9787204627445955	0.9788329827233145	0.9805619270638684	0.9799508835512709	0.9805346134066522	0.9744123609420227	0.9793373700797535	0.9805959162167945	0.9747982520423599	0.9852500078114543
0.9813093208809545	0.9843310499760133	0.9809861730003827	0.9832263543559452	0.9778154904981095	0.9964426281679556	0.9864966153236415	0.9871832120151981	0.9943240264123636	0.9868425496324833	0.9961718708672591	0.9850561971346632	0.9863971927167162	0.9871905429295655	0.9900231091668344	0.986131871865286	0.9850247376866177	0.9857453398541436	1.0	0.985508274880479	0.9867063304934441	0.9794215578165603	0.982164670014596	0.9822502021853992	0.9852388913693614	0.9832707923177569	0.9803257665317509	0.981525610459688	0.9811340927122999	0.9759860740621212	0.9847655825450069	0.9833185468099309	0.9811043562301285	0.9801028574718603	0.9818761879503127	0.9812553171811638	0.9836291980191164	0.981479390875105	0.9789504478311486	0.9779349268433855	0.9767991034749129	0.9790551152190669	0.9784483008576699	0.979634032794869	0.9732956480212102	0.9785087454035074	0.979397774416271	0.9739540113595517	0.9860366735591801
0.981188814247701	0.9836665606555995	0.9799574525839411	0.9830641862138308	0.9797078487925999	0.9855507668184279	0.9874995991042815	0.9873132059147044	0.9856062856547881	0.9887816026971255	0.9847921994389601	0.9841830441021989	0.9901474285617451	0.9884782230354346	0.9854223464758353	0.9945389015694438	0.9880114764644754	0.9879387509578974	0.985508274880479	1.0	0.9852817557811143	0.9824823204739612	0.9816349527249982	0.9843136541846946	0.9866017942576156	0.9852667654268066	0.9816000276505857	0.9820112655133039	0.9810790624767867	0.9781318154007759	0.9849137381673085	0.9825834354762242	0.980509121098489	0.9806878908316685	0.9842863509947777	0.9811937693833149	0.9843132817576785	0.9812899992158193	0.979821975863167	0.9785561636868596	0.9778751387665737	0.980247392982555	0.9790723206083917	0.9801192929864962	0.9748244610472343	0.9784095936266516	0.9799121570272586	0.9737485397437055	0.9850765446101467
0.9809393308024418	0.9836244163066254	0.9804125647956241	0.9820059424759799	0.9773214465367599	0.9860855263936034	0.9954947351601592	0.9863781376243385	0.9848749540317817	0.9868386137389005	0.9851095557464644	0.9842940784934824	0.9857219104775724	0.9862098841578065	0.9820744783407777	0.9856623734495754	0.9848194983436889	0.9855871811634903	0.9867063304934441	0.9852817557811143	1.0	0.9891702332145733	0.9809171786439272	0.9860670216122355	0.9845981963189455	0.9826081345922455	0.9799295090359421	0.9810204308628235	0.9805926806571638	0.9766967063994966	0.9842768922174795	0.9826658886101394	0.9806353436346669	0.9795157100235011	0.9818374803399321	0.9809051965433743	0.9830658628098441	0.9809679021546454	0.978988955724442	0.9771782689659403	0.9758382202178079	0.9789860909650252	0.9777909769554134	0.9792559913702544	0.9724317419111401	0.9783823297503214	0.9787756488965335	0.9733575273050654	0.9849170271106097
0.9752527151233508	0.9771706761250263	0.9743666220794716	0.9768096434535357	0.9759101092880946	0.9791462753579223	0.9901698285264027	0.9792687721718337	0.9794191028184351	0.9804942797189172	0.9790450777978614	0.9782986061769154	0.9825133218934877	0.9799451962458461	0.984896361286203	0.9798949695233099	0.9827753780683688	0.981452147399343	0.9794215578165603	0.9824823204739612	0.9891702332145733	1.0	0.975560298506871	0.9868013712855682	0.9791221267972556	0.9783874058117268	0.9761369450817977	0.9768245618543245	0.9752306157770056	0.9764702457136099	0.9799209805571445	0.9768125950139944	0.9745585133587702	0.9752393737953077	0.9799778607826434	0.9745998394028622	0.9789614120160827	0.975145690187483	0.973992090794682	0.9742494416607804	0.9718844284617996	0.974822675495862	0.9735131468276821	0.9745204402659788	0.9680176643910753	0.9729702323562166	0.974913455693365	0.9654391641574886	0.9790120391321879
0.9789095755144829	0.9823506510042483	0.9787923961869812	0.9809558995111488	0.9766855140337569	0.9824317988479172	0.9818776067600187	0.9819251295107598	0.981826732233355	0.9818937799701093	0.9817213204669201	0.982728336233017	0.982160799420184	0.9821843000100537	0.9781645155649847	0.9823894168206069	0.9816952929568815	0.9821606722373063	0.982164670014596	0.9816349527249982	0.9809171786439272	0.975560298506871	1.0	0.9774015950565773	0.9809876672198495	0.9796277782284034	0.9778767417563986	0.9787193584404574	0.9786393478015292	0.9745140495586249	0.9814076033368866	0.9809672824106314	0.9788178358923096	0.9785725530819321	0.9826859388592245	0.9795684839380275	0.9836846243986326	0.9790789546437138	0.9772222785905839	0.9753512521058345	0.97399472703496	0.9775898915269888	0.9762251936270071	0.9773345822299053	0.9716497354998301	0.9769367155177272	0.9778026259623368	0.9723356599674903	0.9815337491819603
0.9769769234315547	0.9797257671247774	0.9764891044818811	0.979662079549171	0.9774700757696353	0.9814820897560763	0.9881718091499369	0.9822289197831847	0.9819333988984369	0.983719675396377	0.9810578504149463	0.9805871562157215	0.9852857054948201	0.9831084088373043	0.9843728325554534	0.9826939046888983	0.9849897439978325	0.9842994477610356	0.9822502021853992	0.9843136541846946	0.9860670216122355	0.9868013712855682	0.9774015950565773	1.0	0.9823598295911165	0.9820495558649223	0.9781329578442305	0.9793810214556932	0.9775214058777674	0.9765096657456463	0.9811115920861586	0.9789273564887717	0.9767962310668472	0.9772088868666816	0.9814616780713538	0.977255533961591	0.9809823581518541	0.9776622865463988	0.9762170300514492	0.975837589559749	0.9742856797014253	0.9762729135277005	0.9764476298439597	0.9769973179754016	0.9712204418395384	0.9743209395774083	0.9770476537849043	0.9693798252767081	0.9816451855276062
0.9807001018959194	0.9838407101359569	0.9799447440447946	0.9825034056504608	0.977855939178733	0.98604544511035	0.9855324316877887	0.9856970664371907	0.984354936617418	0.9867220031058583	0.9842032181105133	0.9845484791958778	0.9862588870536727	0.9863469104191576	0.9829250196221775	0.9863889441439209	0.9936439140484418	0.9945124734732246	0.9852388913693614	0.9866017942576156	0.9845981963189455	0.9791221267972556	0.9809876672198495	0.9823598295911165	1.0	0.9953826899400032	0.9803883672936547	0.9816184003827503	0.9800358068534344	0.975350670220246	0.983762396916466	0.9829822741184007	0.9801793232845949	0.9799742132998976	0.9824212389823674	0.9809773546714899	0.9836293850896506	0.9805127902208335	0.9785354075116818	0.976900524159173	0.9764516631697114	0.9790778378515917	0.9781259236117172	0.9787630045568363	0.9731630306602124	0.9777908347604062	0.9788867802083656	0.9741503155810911	0.9843189835720748
0.9787275471138208	0.9818203928613173	0.9773230498063991	0.9807102769088187	0.9766949296384015	0.9842555609768935	0.984508776946394	0.983737992457341	0.9824250664520404	0.9848486097529349	0.982244035184012	0.9820858090092685	0.9850047386581899	0.9843350173839156	0.9820437879817876	0.9844480641027097	0.9925218853001231	0.9929544094749213	0.9832707923177569	0.9852667654268066	0.9826081345922455	0.9783874058117268	0.9796277782284034	0.9820495558649223	0.9953826899400032	1.0	0.9790122215411111	0.9795274064759242	0.9779752527972183	0.9746591813858076	0.9822067002171904	0.9803024142241351	0.9778161608754572	0.9782663957691824	0.9813530244794436	0.9791972168136915	0.982113004189639	0.9783054542523119	0.9771172711295795	0.9757404711957486	0.9756517258169547	0.9774159897486094	0.9763043218668496	0.9773003527004275	0.972616720413606	0.9757859673873235	0.9774676726702997	0.9715315224095762	0.9826475197469715
0.9780532753442526	0.9801592481970177	0.9862722707063308	0.9805143553600435	0.9763591139554183	0.9799502654212064	0.9813768836167533	0.9791563869330033	0.9798433169176259	0.98065962288559	0.9793904555964095	0.9807857428700663	0.9811959696220901	0.9799309857802115	0.9782915692628464	0.9804567877141332	0.9814083176209866	0.9815875952513334	0.9803257665317509	0.9816000276505857	0.9799295090359421	0.9761369450817977	0.9778767417563986	0.9781329578442305	0.9803883672936547	0.9790122215411111	1.0	0.9878149944258536	0.9882142118481094	0.9847051483782406	0.980409825704717	0.9790732559413763	0.9879523204689706	0.9770232493891433	0.9799330974453431	0.9786759367043958	0.980258599193409	0.9882317224405014	0.9866960534424238	0.9834951733224797	0.9749369785540138	0.9772739974809361	0.975808376838784	0.9875310582049974	0.9819181026414623	0.9849380861024599	0.9860894939676486	0.978218306450415	0.9802663055319539
0.9792555792136053	0.981719415932217	0.9866895876766939	0.9817747429344459	0.9775493276444391	0.9813608311336041	0.9819590421700282	0.9806787989635027	0.9806865314786136	0.9819527456190988	0.9809443743955293	0.9816697586034733	0.9823096646109432	0.9810792541539147	0.9795231726685711	0.9816392738542244	0.9826537215758312	0.9828607458288403	0.981525610459688	0.9820112655133039	0.9810204308628235	0.9768245618543245	0.9787193584404574	0.9793810214556932	0.9816184003827503	0.9795274064759242	0.9878149944258536	1.0	0.9882565629868473	0.9847427866596172	0.981071885690473	0.9807427240170895	0.9879863972873163	0.9788047324924497	0.9811936872346972	0.9792486146240663	0.9811561068371004	0.9884650680203351	0.9861390318403708	0.9840285730808416	0.9752774354925806	0.9778406698323964	0.9769843154195254	0.9871227074117691	0.9804110154108879	0.9860849011433457	0.9871186896667868	0.9786516121434377	0.9814349218995716
0.9793262056542607	0.9814147565275253	0.9875549018201599	0.9817827029510139	0.9763930744090571	0.9812662224949127	0.9817727071552287	0.9806498910994024	0.980446912041783	0.981145104394889	0.9807449961040773	0.9817011340865314	0.9814624161284455	0.9811546333049909	0.9777628809579622	0.9812268375851397	0.9810086444348923	0.9819651425882325	0.9811340927122999	0.9810790624767867	0.9805926806571638	0.9752306157770056	0.9786393478015292	0.9775214058777674	0.9800358068534344	0.9779752527972183	0.9882142118481094	0.9882565629868473	1.0	0.9862057439868415	0.980895943667604	0.9806716182839824	0.9894147927329975	0.9781106086455161	0.9805886499173718	0.9798107542772104	0.9808965449469805	0.998468364812802	0.9888651657708548	0.9841240223855008	0.9748741319452263	0.9777448607928112	0.9767005605569211	0.9879268708094106	0.9810833409748252	0.9870285638997571	0.9872755814702175	0.9789423097741052	0.9810231297942174
0.9736669528780282	0.9761273867237571	0.982196614922485	0.9764709448775711	0.9736626367700499	0.9762624995051468	0.9778529373955133	0.9755095647746724	0.9761738515867948	0.9772071071908001	0.9760809831469116	0.9764453745865617	0.9780668326569356	0.9759400404755515	0.9771551785923583	0.9764186098068242	0.978956553440238	0.9781936410697051	0.9759860740621212	0.9781318154007759	0.9766967063994966	0.9764702457136099	0.9745140495586249	0.9765096657456463	0.975350670220246	0.9746591813858076	0.9847051483782406	0.9847427866596172	0.9862057439868415	1.0	0.9778742141737831	0.9751111120884352	0.9839255052180362	0.9739766542083915	0.9772997709763047	0.9742744784634108	0.976085916624506	0.9860314269320537	0.9918272543321062	0.9806547338666409	0.9708824512220643	0.974083307356091	0.9722124712939358	0.9842786990542143	0.9783496788585567	0.981906214412695	0.9826785656237357	0.9734537895426089	0.976805886314843
0.980186307724353	0.9831302053991379	0.9802536653571872	0.9822407878848592	0.978419750206619	0.9848877027105739	0.9849908308928119	0.9843994869606052	0.9842692586227516	0.9850670018244491	0.9844519116145237	0.9841714576722489	0.9849492640874613	0.9847617794803429	0.9820131102321218	0.984935275481435	0.9845159226353641	0.9849811021879309	0.9847655825450069	0.9849137381673085	0.9842768922174795	0.9799209805571445	0.9814076033368866	0.9811115920861586	0.983762396916466	0.9822067002171904	0.980409825704717	0.981071885690473	0.980895943667604	0.9778742141737831	1.0	0.9826131194233987	0.9812028189523512	0.9798508641948079	0.9821412869372111	0.9806060109871692	0.9827487098929437	0.9814648956535232	0.9796784659204977	0.9772981152184351	0.9771456254482984	0.9794078660887597	0.9784033789405324	0.9792127453232972	0.9736602984902973	0.9783089187826599	0.979275328474882	0.9741085518543711	0.98564477519946
0.9817282125108111	0.9849359982810257	0.9805325270187234	0.9840181101561036	0.9795091356895985	0.9833259595401493	0.9830959166086409	0.9833444129359992	0.982563619195802	0.983455366408718	0.9824551164853849	0.9840877332787897	0.9829518921720405	0.9834298245678926	0.9794276305623545	0.9833459780165449	0.98268520645442	0.9834253359889134	0.9833185468099309	0.9825834354762242	0.9826658886101394	0.9768125950139944	0.9809672824106314	0.9789273564887717	0.9829822741184007	0.9803024142241351	0.9790732559413763	0.9807427240170895	0.9806716182839824	0.9751111120884352	0.9826131194233987	1.0	0.9809050121689433	0.9795777373544947	0.9813593662678484	0.9816726906778979	0.9824480602813563	0.9811781770167141	0.9785258021752203	0.9772052975517785	0.9761983309987076	0.9793750286439309	0.9785828349697787	0.9785102976568383	0.972432962844869	0.9784900016275618	0.9787244544710032	0.9730792348608212	0.9831141275596132
0.9790883450376172	0.9814546340376035	0.9877014085041499	0.9808288454659584	0.9757386265606803	0.981155412031782	0.9812131902109738	0.9810200428240524	0.9804946189114233	0.9812530880116859	0.9804097295573504	0.981904562491935	0.9810911884672935	0.9808305456084603	0.9771310189673329	0.9809538563575151	0.9804153633807633	0.9815664466030036	0.9811043562301285	0.980509121098489	0.9806353436346669	0.9745585133587702	0.9788178358923096	0.9767962310668472	0.9801793232845949	0.9778161608754572	0.9879523204689706	0.9879863972873163	0.9894147927329975	0.9839255052180362	0.9812028189523512	0.9809050121689433	1.0	0.9775811553535252	0.9796710179506858	0.9797517418573783	0.9802290533467525	0.9896750798258408	0.9871785528085883	0.9838935379702615	0.9739797139027131	0.9775800623068944	0.976411270543563	0.9882523836159557	0.9815859749696404	0.98670852143548	0.9870056455892898	0.9797038867158974	0.9811360604987055
0.9779055616481221	0.9813239874374492	0.9782207628136436	0.9803081485027496	0.9761068936220367	0.980346489413436	0.9809795536465458	0.9798620537964499	0.9794462121042099	0.980383890493352	0.9795816431978527	0.9809952795371286	0.9808732918479297	0.9803303702431464	0.9779415542413822	0.9802996722587253	0.9814787557965761	0.9819139505865372	0.9801028574718603	0.9806878908316685	0.9795157100235011	0.9752393737953077	0.9785725530819321	0.9772088868666816	0.9799742132998976	0.9782663957691824	0.9770232493891433	0.9788047324924497	0.9781106086455161	0.9739766542083915	0.9798508641948079	0.9795777373544947	0.9775811553535252	1.0	0.9808171588017698	0.9818163957018776	0.9813234321516111	0.9779806423192633	0.9764812061768661	0.9750604496299036	0.9746589059939871	0.9772253710127613	0.9768850639624818	0.9768493681495131	0.9704862543438072	0.9768456198378249	0.9773628686107728	0.9713110077223812	0.9797967022431471
0.9800585058126003	0.9830274522137249	0.9797775099272655	0.9833261827815164	0.97975686492687	0.9824122782029929	0.9838526030478796	0.9821185293923029	0.9825246149405212	0.9830479098243661	0.9814417126274987	0.9835530138642673	0.9845878085908223	0.9828094008659701	0.9821489127308757	0.982986396263402	0.9848025792951406	0.9842951040385994	0.9818761879503127	0.9842863509947777	0.9818374803399321	0.9799778607826434	0.9826859388592245	0.9814616780713538	0.9824212389823674	0.9813530244794436	0.9799330974453431	0.9811936872346972	0.9805886499173718	0.9772997709763047	0.9821412869372111	0.9813593662678484	0.9796710179506858	0.9808171588017698	1.0	0.9808201556033168	0.9857631306004758	0.9806860320001513	0.9785702243954871	0.9778296431382912	0.9766205759064077	0.9790433877357924	0.9787056969373324	0.9792682426543079	0.9729800704956781	0.9781945263834069	0.9796210170387073	0.9732730335538082	0.9823833333303326
0.979967091300803	0.9828872374513803	0.979477151461025	0.981841078706453	0.9767041211070082	0.9815042550919911	0.9816471897432598	0.981597221091599	0.9805639313285077	0.9819100343524763	0.9802949255416211	0.982446933840341	0.9815058321167525	0.9819588928702424	0.9773168789239823	0.9815124383706475	0.981276718446864	0.9822667049813674	0.9812553171811638	0.9811937693833149	0.9809051965433743	0.9745998394028622	0.9795684839380275	0.977255533961591	0.9809773546714899	0.9791972168136915	0.9786759367043958	0.9792486146240663	0.9798107542772104	0.9742744784634108	0.9806060109871692	0.9816726906778979	0.9797517418573783	0.9818163957018776	0.9808201556033168	1.0	0.9819087122599626	0.9802996722587253	0.9783903345453759	0.9763071255214991	0.9750758338990132	0.97826612573871	0.977572610198366	0.9784204831493519	0.9721113319171333	0.9776914534051839	0.9786461740710785	0.9731731622473746	0.9811530015775607
0.980562319309326	0.9841006214060601	0.9802668557494162	0.9834748207115542	0.9790392266773201	0.9839022663025256	0.9850079921186567	0.9830041921169891	0.9829092242654426	0.984167787185962	0.982802336739183	0.9847873469173556	0.9846581945487513	0.9836961154325844	0.9815593631795198	0.9838636656496929	0.9845843986473033	0.9850559366387316	0.9836291980191164	0.9843132817576785	0.9830658628098441	0.9789614120160827	0.9836846243986326	0.9809823581518541	0.9836293850896506	0.982113004189639	0.980258599193409	0.9811561068371004	0.9808965449469805	0.976085916624506	0.9827487098929437	0.9824480602813563	0.9802290533467525	0.9813234321516111	0.9857631306004758	0.9819087122599626	1.0	0.981054922703473	0.9793762508126723	0.9774310556676565	0.9773888579856129	0.9797042556650185	0.9796572903265924	0.9794186606075705	0.9733052490217257	0.9789481585864995	0.9800673257129969	0.9738927697072763	0.983136966597023
