/home/jshaw/scratch/2022_sketched_distance/references/SGB_genome_fastas_part4/8005/BackhedF_2015__SID105_4M__bin.4.fa	/home/jshaw/scratch/2022_sketched_distance/references/SGB_genome_fastas_part4/8005/BackhedF_2015__SID128_4M__bin.17.fa	/home/jshaw/scratch/2022_sketched_distance/references/SGB_genome_fastas_part4/8005/BackhedF_2015__SID195_4M__bin.11.fa	/home/jshaw/scratch/2022_sketched_distance/references/SGB_genome_fastas_part4/8005/BackhedF_2015__SID201_4M__bin.1.fa	/home/jshaw/scratch/2022_sketched_distance/references/SGB_genome_fastas_part4/8005/BackhedF_2015__SID201_B__bin.11.fa	/home/jshaw/scratch/2022_sketched_distance/references/SGB_genome_fastas_part4/8005/BackhedF_2015__SID203_4M__bin.7.fa	/home/jshaw/scratch/2022_sketched_distance/references/SGB_genome_fastas_part4/8005/BackhedF_2015__SID335_4M__bin.10.fa	/home/jshaw/scratch/2022_sketched_distance/references/SGB_genome_fastas_part4/8005/BackhedF_2015__SID338_4M__bin.10.fa	/home/jshaw/scratch/2022_sketched_distance/references/SGB_genome_fastas_part4/8005/BackhedF_2015__SID385_4M__bin.1.fa	/home/jshaw/scratch/2022_sketched_distance/references/SGB_genome_fastas_part4/8005/BackhedF_2015__SID536_4M__bin.5.fa	/home/jshaw/scratch/2022_sketched_distance/references/SGB_genome_fastas_part4/8005/BackhedF_2015__SID589_12M__bin.29.fa	/home/jshaw/scratch/2022_sketched_distance/references/SGB_genome_fastas_part4/8005/BackhedF_2015__SID589_B__bin.7.fa	/home/jshaw/scratch/2022_sketched_distance/references/SGB_genome_fastas_part4/8005/BackhedF_2015__SID599_4M__bin.4.fa	/home/jshaw/scratch/2022_sketched_distance/references/SGB_genome_fastas_part4/8005/BackhedF_2015__SID624_4M__bin.6.fa	/home/jshaw/scratch/2022_sketched_distance/references/SGB_genome_fastas_part4/8005/BackhedF_2015__SID633_4M__bin.19.fa	/home/jshaw/scratch/2022_sketched_distance/references/SGB_genome_fastas_part4/8005/BackhedF_2015__SID9_4M__bin.3.fa	/home/jshaw/scratch/2022_sketched_distance/references/SGB_genome_fastas_part4/8005/FerrettiP_2018__CA_C10009IS2149FE_t5M16__bin.5.fa	/home/jshaw/scratch/2022_sketched_distance/references/SGB_genome_fastas_part4/8005/FerrettiP_2018__CA_C10020IS2345FE_t5M16__bin.3.fa	/home/jshaw/scratch/2022_sketched_distance/references/SGB_genome_fastas_part4/8005/FerrettiP_2018__CA_C10020IS2347FE_t4M15__bin.14.fa	/home/jshaw/scratch/2022_sketched_distance/references/SGB_genome_fastas_part4/8005/FerrettiP_2018__CA_C10023IS2401FE_t5M16__bin.5.fa	/home/jshaw/scratch/2022_sketched_distance/references/SGB_genome_fastas_part4/8005/FerrettiP_2018__CA_C10035IS2913FE_t4M16__bin.8.fa	/home/jshaw/scratch/2022_sketched_distance/references/SGB_genome_fastas_part4/8005/KosticAD_2015__PRJNA231909.3104913__bin.9.fa	/home/jshaw/scratch/2022_sketched_distance/references/SGB_genome_fastas_part4/8005/KosticAD_2015__PRJNA231909.3105379__bin.12.fa	/home/jshaw/scratch/2022_sketched_distance/references/SGB_genome_fastas_part4/8005/LiuW_2016__SRR3993045__bin.26.fa	/home/jshaw/scratch/2022_sketched_distance/references/SGB_genome_fastas_part4/8005/Obregon-TitoAJ_2015__SM05__bin.25.fa	/home/jshaw/scratch/2022_sketched_distance/references/SGB_genome_fastas_part4/8005/VatanenT_2016__G80574__bin.3.fa
1.0	0.9795172038917396	0.9812782218255703	0.9843493586239744	0.9807725496099579	0.982669923217007	0.9816524107380562	0.9816110449064356	0.9862358514786563	0.9822667049813674	0.9857651723398875	0.974000571560107	0.9744161290246925	0.9789384084077328	0.9744165298193017	0.9736711277143051	0.9745191928568425	0.9753822823229165	0.9757311172397696	0.9761252576493537	0.9700575239587027	0.9749628195346637	0.9829889616353515	0.9763205516788926	0.9701764603828481	0.9807300551256898
0.9795172038917396	1.0	0.9810797717599372	0.9849138964542039	0.9836970972896816	0.9811563180772206	0.9822363205271569	0.9828920069004684	0.9860588467780828	0.9966688134512661	0.9855332171042696	0.9788354091903807	0.9769472841224989	0.9946704956827692	0.9835012686530532	0.98353061916658	0.9770481516354635	0.9761336506964323	0.9779413324030477	0.9758723714549132	0.9809360942843258	0.9838805422208754	0.9842826677791157	0.9786027863797634	0.9776586897233308	0.9815658314706781
0.9812782218255703	0.9810797717599372	1.0	0.9849015660958242	0.9778283190338403	0.9796626822677984	0.9816438282214835	0.9815388057835734	0.9854662821025605	0.9825061524559743	0.9850279004804339	0.9728314962413803	0.9784521870304211	0.9783750189501392	0.9760119514149944	0.9798794378227359	0.9746551599466402	0.9783363663292038	0.9788353125193077	0.9791008483866571	0.9741446082992332	0.9757895007884553	0.9832466586823462	0.9781812960592997	0.9727814168430555	0.980937224512744
0.9843493586239744	0.9849138964542039	0.9849015660958242	1.0	0.9970200333960231	0.9827141742902774	0.9843149657751411	0.9837612757594797	0.9861221444499005	0.9845274336752312	0.9857433672607836	0.9810163082526805	0.9800425201605812	0.9854233329192841	0.984360985536242	0.9857698026931844	0.9794543137131096	0.9788467638266561	0.9787173840896323	0.979250615638571	0.9825579142894831	0.985169031610833	0.9849496605227236	0.9790053388277788	0.9794536409647658	0.9836280233692283
0.9807725496099579	0.9836970972896816	0.9778283190338403	0.9970200333960231	1.0	0.9864030538312836	0.9835287709033446	0.9828466858643348	0.9864339619948265	0.985810208896336	0.9864956912983945	0.9775458244427184	0.9773425325891765	0.983325631737539	0.9857598859879646	0.982285375239282	0.9788177042660652	0.9788566621895799	0.9807842913612622	0.9768493925596506	0.9810916012701087	0.987029775397934	0.985810208896336	0.978700550606449	0.9769378274754682	0.9833595758062149
0.982669923217007	0.9811563180772206	0.9796626822677984	0.9827141742902774	0.9864030538312836	1.0	0.982675189744551	0.9834813338372176	0.986741229296743	0.9832377911741407	0.9900067706902281	0.9781675590530704	0.9762132850344658	0.9812552029747393	0.9868127843614857	0.9848519271824266	0.9771614633568414	0.9762841274597357	0.9786180973564658	0.9744568233316733	0.9812463722993522	0.986408867440424	0.9827452080252831	0.9772892328956562	0.9781167735680208	0.9822135931799483
0.9816524107380562	0.9822363205271569	0.9816438282214835	0.9843149657751411	0.9835287709033446	0.982675189744551	1.0	0.9857918342344898	0.986685705899292	0.9840174256741439	0.9872864455994207	0.9782864130888308	0.9777024485391365	0.9821847400904989	0.9835470832260901	0.996720248713121	0.97772218436772	0.9781399228921412	0.9799490823612329	0.9758428056005203	0.9815537345775825	0.9835201718833693	0.9842259867523963	0.9791265285331322	0.9784459287048315	0.9839575924188394
0.9816110449064356	0.9828920069004684	0.9815388057835734	0.9837612757594797	0.9828466858643348	0.9834813338372176	0.9857918342344898	1.0	0.9867508605441321	0.9847883452807611	0.9878438015374573	0.9790292616243705	0.9781104484151345	0.9839061690491536	0.9837752007034484	0.9874947374659364	0.9782734211414271	0.9774520811082558	0.9789295911702078	0.9765250802113712	0.9820596747827242	0.9830334318071088	0.9834701770266057	0.9780097036834942	0.9787717951082268	0.983176470233967
0.9862358514786563	0.9860588467780828	0.9854662821025605	0.9861221444499005	0.9864339619948265	0.986741229296743	0.986685705899292	0.9867508605441321	1.0	0.9852709054148586	0.9897658833444456	0.9824746651139319	0.9816027654610029	0.9868735034944829	0.9974259342200635	0.9876065800834367	0.9800463777835736	0.9796000608633028	0.9793556639554276	0.9791516480382628	0.9831944976480659	0.985851097853992	0.986112414588779	0.980642732228317	0.9805081323782613	0.9853101673053298
0.9822667049813674	0.9966688134512661	0.9825061524559743	0.9845274336752312	0.985810208896336	0.9832377911741407	0.9840174256741439	0.9847883452807611	0.9852709054148586	1.0	0.9851171287337006	0.9802433813741579	0.9788754599314727	0.9958589018778919	0.9853724308109152	0.9852141569842812	0.9785636474436658	0.9770416641727094	0.9767307366768779	0.977456386235656	0.9823097422018053	0.9856253122439788	0.983853172536743	0.9788110140114059	0.9792944833908085	0.9830475758234338
0.9857651723398875	0.9855332171042696	0.9850279004804339	0.9857433672607836	0.9864956912983945	0.9900067706902281	0.9872864455994207	0.9878438015374573	0.9897658833444456	0.9851171287337006	1.0	0.9818423984777273	0.9813700862341472	0.9855417306689995	0.9876314894386816	0.9876809312863174	0.9804920010073379	0.9801777091450988	0.9797020448754785	0.9792835382684857	0.9831944976480659	0.9861497523025575	0.9853418361459099	0.9803651464075305	0.9820470465396045	0.9867014277196834
0.974000571560107	0.9788354091903807	0.9728314962413803	0.9810163082526805	0.9775458244427184	0.9781675590530704	0.9782864130888308	0.9790292616243705	0.9824746651139319	0.9802433813741579	0.9818423984777273	1.0	0.9832991369785129	0.9771598843041969	0.977311902689394	0.9773330469650587	0.985273939223404	0.9836701974829635	0.9862185115329923	0.9844654989313417	0.9862043086406771	0.9776725813084814	0.9806505262910449	0.9784835455578323	0.9745359989865048	0.9788354091903807
0.9744161290246925	0.9769472841224989	0.9784521870304211	0.9800425201605812	0.9773425325891765	0.9762132850344658	0.9777024485391365	0.9781104484151345	0.9816027654610029	0.9788754599314727	0.9813700862341472	0.9832991369785129	1.0	0.9751239307903694	0.9769777567971354	0.9780384045919327	0.9862286610743426	0.9943465275227313	0.9956261382741619	0.9871084928543093	0.9871635966832197	0.9758913737697772	0.9786949350488419	0.9757806467483163	0.9746741920617431	0.9799032598972293
0.9789384084077328	0.9946704956827692	0.9783750189501392	0.9854233329192841	0.983325631737539	0.9812552029747393	0.9821847400904989	0.9839061690491536	0.9868735034944829	0.9958589018778919	0.9855417306689995	0.9771598843041969	0.9751239307903694	1.0	0.9836841440693332	0.9834884582113437	0.9760059456705624	0.9761637736115824	0.9784437485312195	0.9757677587520432	0.9794478624223493	0.9833991628160222	0.9846431644795501	0.9784070270503118	0.977363793327926	0.9824455447319154
0.9744165298193017	0.9835012686530532	0.9760119514149944	0.984360985536242	0.9857598859879646	0.9868127843614857	0.9835470832260901	0.9837752007034484	0.9974259342200635	0.9853724308109152	0.9876314894386816	0.977311902689394	0.9769777567971354	0.9836841440693332	1.0	0.9772009011661574	0.9783479769339137	0.977256449208095	0.9800218308983677	0.9742951750974654	0.9728386840924506	0.9839113133318449	0.9829464399681112	0.9778067821483453	0.9761844835682761	0.9830860302202865
0.9736711277143051	0.98353061916658	0.9798794378227359	0.9857698026931844	0.982285375239282	0.9848519271824266	0.996720248713121	0.9874947374659364	0.9876065800834367	0.9852141569842812	0.9876809312863174	0.9773330469650587	0.9780384045919327	0.9834884582113437	0.9772009011661574	1.0	0.9781379353724605	0.9791168858613432	0.9808540114056719	0.9770773866119379	0.974715560522639	0.977938569015971	0.9854931546515407	0.9796904628738543	0.9770773866119379	0.9854931546515407
0.9745191928568425	0.9770481516354635	0.9746551599466402	0.9794543137131096	0.9788177042660652	0.9771614633568414	0.97772218436772	0.9782734211414271	0.9800463777835736	0.9785636474436658	0.9804920010073379	0.985273939223404	0.9862286610743426	0.9760059456705624	0.9783479769339137	0.9781379353724605	1.0	0.986366797727533	0.9887276069442292	0.9880044890879681	0.992434415609686	0.9793157049638849	0.9785636474436658	0.9758928004637956	0.9758921794122749	0.9779437988596106
0.9753822823229165	0.9761336506964323	0.9783363663292038	0.9788467638266561	0.9788566621895799	0.9762841274597357	0.9781399228921412	0.9774520811082558	0.9796000608633028	0.9770416641727094	0.9801777091450988	0.9836701974829635	0.9943465275227313	0.9761637736115824	0.977256449208095	0.9791168858613432	0.986366797727533	1.0	0.9975197687820523	0.9851976366919469	0.9878861705306864	0.9766454208229363	0.9766895734280426	0.9740353581218969	0.9755807597862565	0.9783312582360586
0.9757311172397696	0.9779413324030477	0.9788353125193077	0.9787173840896323	0.9807842913612622	0.9786180973564658	0.9799490823612329	0.9789295911702078	0.9793556639554276	0.9767307366768779	0.9797020448754785	0.9862185115329923	0.9956261382741619	0.9784437485312195	0.9800218308983677	0.9808540114056719	0.9887276069442292	0.9975197687820523	1.0	0.9861718968129465	0.9905890212704496	0.9791320540571015	0.9772790665781348	0.9753529722868776	0.977363793327926	0.9802683096214467
0.9761252576493537	0.9758723714549132	0.9791008483866571	0.979250615638571	0.9768493925596506	0.9744568233316733	0.9758428056005203	0.9765250802113712	0.9791516480382628	0.977456386235656	0.9792835382684857	0.9844654989313417	0.9871084928543093	0.9757677587520432	0.9742951750974654	0.9770773866119379	0.9880044890879681	0.9851976366919469	0.9861718968129465	1.0	0.9908590432471545	0.9746473119604385	0.9775606261072048	0.9737366291823868	0.9748117998192167	0.9759972889703641
0.9700575239587027	0.9809360942843258	0.9741446082992332	0.9825579142894831	0.9810916012701087	0.9812463722993522	0.9815537345775825	0.9820596747827242	0.9831944976480659	0.9823097422018053	0.9831944976480659	0.9862043086406771	0.9871635966832197	0.9794478624223493	0.9728386840924506	0.974715560522639	0.992434415609686	0.9878861705306864	0.9905890212704496	0.9908590432471545	1.0	0.9765493999618792	0.9812463722993522	0.9787886845648492	0.9751527997879783	0.9814516010169139
0.9749628195346637	0.9838805422208754	0.9757895007884553	0.985169031610833	0.987029775397934	0.986408867440424	0.9835201718833693	0.9830334318071088	0.985851097853992	0.9856253122439788	0.9861497523025575	0.9776725813084814	0.9758913737697772	0.9833991628160222	0.9839113133318449	0.977938569015971	0.9793157049638849	0.9766454208229363	0.9791320540571015	0.9746473119604385	0.9765493999618792	1.0	0.9984224776730343	0.9787616224794305	0.9762454378072932	0.9821218485674674
0.9829889616353515	0.9842826677791157	0.9832466586823462	0.9849496605227236	0.985810208896336	0.9827452080252831	0.9842259867523963	0.9834701770266057	0.986112414588779	0.983853172536743	0.9853418361459099	0.9806505262910449	0.9786949350488419	0.9846431644795501	0.9829464399681112	0.9854931546515407	0.9785636474436658	0.9766895734280426	0.9772790665781348	0.9775606261072048	0.9812463722993522	0.9984224776730343	1.0	0.9785501006224401	0.9792944833908085	0.9823072509583701
0.9763205516788926	0.9786027863797634	0.9781812960592997	0.9790053388277788	0.978700550606449	0.9772892328956562	0.9791265285331322	0.9780097036834942	0.980642732228317	0.9788110140114059	0.9803651464075305	0.9784835455578323	0.9757806467483163	0.9784070270503118	0.9778067821483453	0.9796904628738543	0.9758928004637956	0.9740353581218969	0.9753529722868776	0.9737366291823868	0.9787886845648492	0.9787616224794305	0.9785501006224401	1.0	0.9783639508674388	0.9764156507904921
0.9701764603828481	0.9776586897233308	0.9727814168430555	0.9794536409647658	0.9769378274754682	0.9781167735680208	0.9784459287048315	0.9787717951082268	0.9805081323782613	0.9792944833908085	0.9820470465396045	0.9745359989865048	0.9746741920617431	0.977363793327926	0.9761844835682761	0.9770773866119379	0.9758921794122749	0.9755807597862565	0.977363793327926	0.9748117998192167	0.9751527997879783	0.9762454378072932	0.9792944833908085	0.9783639508674388	1.0	0.9778260114725065
0.9807300551256898	0.9815658314706781	0.980937224512744	0.9836280233692283	0.9833595758062149	0.9822135931799483	0.9839575924188394	0.983176470233967	0.9853101673053298	0.9830475758234338	0.9867014277196834	0.9788354091903807	0.9799032598972293	0.9824455447319154	0.9830860302202865	0.9854931546515407	0.9779437988596106	0.9783312582360586	0.9802683096214467	0.9759972889703641	0.9814516010169139	0.9821218485674674	0.9823072509583701	0.9764156507904921	0.9778260114725065	1.0
