/home/jshaw/scratch/2022_sketched_distance/references/SGB_genome_fastas_part3/4987/BackhedF_2015__SID103_12M__bin.6.fa	/home/jshaw/scratch/2022_sketched_distance/references/SGB_genome_fastas_part3/4987/BackhedF_2015__SID172_12M__bin.33.fa	/home/jshaw/scratch/2022_sketched_distance/references/SGB_genome_fastas_part3/4987/BackhedF_2015__SID345_4M__bin.10.fa	/home/jshaw/scratch/2022_sketched_distance/references/SGB_genome_fastas_part3/4987/BackhedF_2015__SID503_12M__bin.13.fa	/home/jshaw/scratch/2022_sketched_distance/references/SGB_genome_fastas_part3/4987/BackhedF_2015__SID590_12M__bin.22.fa	/home/jshaw/scratch/2022_sketched_distance/references/SGB_genome_fastas_part3/4987/BackhedF_2015__SID9_12M__bin.24.fa	/home/jshaw/scratch/2022_sketched_distance/references/SGB_genome_fastas_part3/4987/FengQ_2015__SID31137__bin.50.fa	/home/jshaw/scratch/2022_sketched_distance/references/SGB_genome_fastas_part3/4987/FengQ_2015__SID31337__bin.11.fa	/home/jshaw/scratch/2022_sketched_distance/references/SGB_genome_fastas_part3/4987/FengQ_2015__SID31501__bin.38.fa	/home/jshaw/scratch/2022_sketched_distance/references/SGB_genome_fastas_part3/4987/GeversD_2014__SKBSTL006__bin.15.fa	/home/jshaw/scratch/2022_sketched_distance/references/SGB_genome_fastas_part3/4987/GeversD_2014__SKBSTL008__bin.31.fa	/home/jshaw/scratch/2022_sketched_distance/references/SGB_genome_fastas_part3/4987/GeversD_2014__SKBSTL027__bin.15.fa	/home/jshaw/scratch/2022_sketched_distance/references/SGB_genome_fastas_part3/4987/HeQ_2017__SZAXPI029495-96__bin.34.fa	/home/jshaw/scratch/2022_sketched_distance/references/SGB_genome_fastas_part3/4987/LeChatelierE_2013__MH0233__bin.36.fa	/home/jshaw/scratch/2022_sketched_distance/references/SGB_genome_fastas_part3/4987/LeChatelierE_2013__MH0239__bin.19.fa	/home/jshaw/scratch/2022_sketched_distance/references/SGB_genome_fastas_part3/4987/LeChatelierE_2013__MH0333__bin.15.fa	/home/jshaw/scratch/2022_sketched_distance/references/SGB_genome_fastas_part3/4987/LiJ_2014__V1.CD2-0-PN__bin.29.fa	/home/jshaw/scratch/2022_sketched_distance/references/SGB_genome_fastas_part3/4987/NielsenHB_2014__V1_UC11_0__bin.34.fa	/home/jshaw/scratch/2022_sketched_distance/references/SGB_genome_fastas_part3/4987/NielsenHB_2014__V1_UC11_5__bin.65.fa	/home/jshaw/scratch/2022_sketched_distance/references/SGB_genome_fastas_part3/4987/RaymondF_2016__P12E90__bin.6.fa	/home/jshaw/scratch/2022_sketched_distance/references/SGB_genome_fastas_part3/4987/VatanenT_2016__G80352__bin.1.fa	/home/jshaw/scratch/2022_sketched_distance/references/SGB_genome_fastas_part3/4987/VincentC_2016__MM040.2__bin.6.fa	/home/jshaw/scratch/2022_sketched_distance/references/SGB_genome_fastas_part3/4987/VincentC_2016__MM048.2__bin.19.fa	/home/jshaw/scratch/2022_sketched_distance/references/SGB_genome_fastas_part3/4987/VincentC_2016__MM050.4__bin.76.fa	/home/jshaw/scratch/2022_sketched_distance/references/SGB_genome_fastas_part3/4987/VincentC_2016__MM090.2__bin.4.fa	/home/jshaw/scratch/2022_sketched_distance/references/SGB_genome_fastas_part3/4987/VogtmannE_2016__MMRS62192467ST-27-0-0__bin.22.fa	/home/jshaw/scratch/2022_sketched_distance/references/SGB_genome_fastas_part3/4987/VogtmannE_2016__MMRS65945127ST-27-0-0__bin.24.fa	/home/jshaw/scratch/2022_sketched_distance/references/SGB_genome_fastas_part3/4987/VogtmannE_2016__MMRS71238091ST-27-0-0__bin.5.fa	/home/jshaw/scratch/2022_sketched_distance/references/SGB_genome_fastas_part3/4987/VogtmannE_2016__MMRS86178473ST-27-0-0__bin.5.fa	/home/jshaw/scratch/2022_sketched_distance/references/SGB_genome_fastas_part3/4987/VogtmannE_2016__MMRS92544445ST-27-0-0__bin.52.fa	/home/jshaw/scratch/2022_sketched_distance/references/SGB_genome_fastas_part3/4987/VogtmannE_2016__MMRS92546335ST-27-0-0__bin.17.fa	/home/jshaw/scratch/2022_sketched_distance/references/SGB_genome_fastas_part3/4987/XieH_2016__YSZC12003_37191R1__bin.28.fa	/home/jshaw/scratch/2022_sketched_distance/references/SGB_genome_fastas_part3/4987/ZellerG_2014__CCIS24254057ST-4-0__bin.27.fa
1.0	0.9957996730299187	0.9836355220990437	0.9746001635157778	0.995067200503186	0.9984750099652142	0.974017685939016	0.9841407201621822	0.9746977850489977	0.9785044724458971	0.9851876082247211	0.9828469971878199	0.9914260933721127	0.9839246074785407	0.9942710960464257	0.9708255807438009	0.9973116801840957	0.9828307082301986	0.9850737023689645	0.9770780285074318	0.9847657428831339	0.9820850165214661	0.9731032513637032	0.9839981700465785	0.9837891684513835	0.9845599043962433	0.9738824118818898	0.9794897015206703	0.9807795117600857	0.9835467195372475	0.9782838487727507	0.9843661716946642	0.9811545485841932
0.9957996730299187	1.0	0.9836097589546884	0.9760711615742046	0.9923303627838291	0.9956732089276965	0.9737521313107583	0.9835066632436852	0.9749553572253787	0.9788107755490368	0.9847664116443805	0.981918675186924	0.9895363675347053	0.9836389214368823	0.9944189525348873	0.9722459992489179	0.9961230368765167	0.9821933012641433	0.9849092752629196	0.9777314738037166	0.9845236973518919	0.9817125138696604	0.9742140945780899	0.9839139174782903	0.9840057210407258	0.983407917397668	0.9753450006978427	0.9799418866372543	0.9810777402672083	0.9836278733550368	0.9790279249489261	0.9838710961617012	0.9806307184859305
0.9836355220990437	0.9836097589546884	1.0	0.9752718730417178	0.9815615945220246	0.9843530331571537	0.9734364713690493	0.9819839307421192	0.9755060045478995	0.978548013808194	0.9831278049128368	0.9812610374077204	0.9843067824965211	0.9823678262382776	0.9835457992158748	0.9718698161794304	0.9835729064821184	0.9832745219235723	0.9963522923652973	0.9774572640457787	0.9831524826069019	0.9814756454518584	0.9741646710305705	0.9959217962116634	0.9951333513947569	0.983641353272049	0.9730713507522094	0.9800767051376077	0.9934531226058713	0.995852404077482	0.9779722607421453	0.9852745636920173	0.9803490468064258
0.9746001635157778	0.9760711615742046	0.9752718730417178	1.0	0.9739793646528222	0.9752537327102903	0.9645452698904495	0.9751122034793853	0.9783721477226739	0.9816093860623322	0.9774159281006073	0.9733451890148223	0.9758251593929407	0.9755669444507514	0.9765017456393387	0.979744024029884	0.9756733132473999	0.9830537988403346	0.9766290339587969	0.9740403248943031	0.9782009948636091	0.9825790439357288	0.9789448494338635	0.9746411039627837	0.9760906351865167	0.9844565053700189	0.9725253939285351	0.9731713676261515	0.9731415099869086	0.9748471720360141	0.9755017610486817	0.9816461190538693	0.9807913944447374
0.995067200503186	0.9923303627838291	0.9815615945220246	0.9739793646528222	1.0	0.9944350444285659	0.9713377146829525	0.9827990750936746	0.9727748737016353	0.9766011893221958	0.9843892208065058	0.9810281227827987	0.9881185128483735	0.9826079275984846	0.9912247890313131	0.9698533442121873	0.9935997922695399	0.9805864017012327	0.9827190425524206	0.9764538289473196	0.98410524276639	0.979888591217452	0.9715065196620715	0.981794338133041	0.9816405195937449	0.9819415600281888	0.9732369848725573	0.9777624857041894	0.9788889503364866	0.981331106761579	0.9780163741920277	0.9824456831273528	0.978615246745418
0.9984750099652142	0.9956732089276965	0.9843530331571537	0.9752537327102903	0.9944350444285659	1.0	0.9741020627034542	0.9846624953036335	0.9751962884315339	0.9789607886463667	0.985622937733563	0.9830915645880007	0.9912398848315858	0.9845221703430349	0.9941076817511989	0.9714093693628368	0.9966394641292579	0.9833491794192901	0.9857594177831079	0.9776408787781755	0.9851976523381767	0.9829745692523345	0.9739777098782616	0.9848452901438493	0.9845172041975706	0.9849519534619723	0.9743580394386169	0.9798559847688256	0.9815260056417094	0.9845681344692916	0.978784940492981	0.9852565539766134	0.9819737541744916
0.974017685939016	0.9737521313107583	0.9734364713690493	0.9645452698904495	0.9713377146829525	0.9741020627034542	1.0	0.9736016961044441	0.9658513317142043	0.9704535093650661	0.9744327678645761	0.9722671759726569	0.9752650984086496	0.9739861635111164	0.9741225328282428	0.9603175739982686	0.9741605030169233	0.9729996074429959	0.974649298393414	0.967947564006878	0.9742619226283337	0.9727805909549271	0.9652286558391073	0.9732845778765511	0.9745198459034062	0.9751033035590034	0.9651280571366819	0.970783578077578	0.9700239805456125	0.9727999701179052	0.9685738503529686	0.9737876028119676	0.9713761082726173
0.9841407201621822	0.9835066632436852	0.9819839307421192	0.9751122034793853	0.9827990750936746	0.9846624953036335	0.9736016961044441	1.0	0.9756736754398707	0.9787124079975712	0.9853034256871985	0.9827643027510815	0.9842962365165568	0.9930924381285406	0.9842796316744933	0.9707684137053254	0.9840217414910177	0.9831245459138582	0.983653378757854	0.9773367001063222	0.9853264481917179	0.9826870068202963	0.9742547807822237	0.9821313463193782	0.9827703342861741	0.9848753193438593	0.9743395752671993	0.9805852528786287	0.9789413209956394	0.9822019432966824	0.97935789311305	0.9846607956858975	0.9813873862268943
0.9746977850489977	0.9749553572253787	0.9755060045478995	0.9783721477226739	0.9727748737016353	0.9751962884315339	0.9658513317142043	0.9756736754398707	1.0	0.9843294228137647	0.9767550728639969	0.9736568413468678	0.9755567907533725	0.976159730511455	0.9763997120079867	0.9751348445426945	0.9749494112777433	0.987840803542711	0.9771894620023522	0.9726667386184608	0.9768862991244673	0.9874208016863849	0.9809463223681752	0.9747384877969312	0.9762421614701389	0.9890992031151238	0.9690880215641804	0.9718892695174458	0.972403903823912	0.9750001668598726	0.9732717760260456	0.9827049214281288	0.98554011289262
0.9785044724458971	0.9788107755490368	0.978548013808194	0.9816093860623322	0.9766011893221958	0.9789607886463667	0.9704535093650661	0.9787124079975712	0.9843294228137647	1.0	0.9806857768408631	0.9773280325537262	0.9791673457941926	0.9790595695200327	0.9799265112094927	0.9787739473900533	0.9789597366632596	0.9899838446385242	0.9806572014480206	0.976568566655345	0.9810813768857438	0.9897160154740925	0.9844400961489754	0.9784470775480444	0.980023881915541	0.9919063223182721	0.9740037556330133	0.9760195585687637	0.9755345487135543	0.9783407190681868	0.9769381146567769	0.9860969342840131	0.9881130004226223
0.9851876082247211	0.9847664116443805	0.9831278049128368	0.9774159281006073	0.9843892208065058	0.985622937733563	0.9744327678645761	0.9853034256871985	0.9767550728639969	0.9806857768408631	1.0	0.9832162141512958	0.9854552365423513	0.9846864412427266	0.9854253471857636	0.9735569206649293	0.9853742945281392	0.9841828562865322	0.9847431642452588	0.9876561319623547	0.9959951870536561	0.9838616923278305	0.9760748938163379	0.9830275652557001	0.9839960914755114	0.9857276743028841	0.9842034989155912	0.9813737221102373	0.9799445625036552	0.9828369530810449	0.9894031822033261	0.9858618134868565	0.9826147734548942
0.9828469971878199	0.981918675186924	0.9812610374077204	0.9733451890148223	0.9810281227827987	0.9830915645880007	0.9722671759726569	0.9827643027510815	0.9736568413468678	0.9773280325537262	0.9832162141512958	1.0	0.982520831302761	0.9832490331468021	0.9822475999450734	0.9699163283283013	0.982226234631547	0.9814156983259553	0.9826176989952593	0.9749002197646052	0.9830291255872171	0.9811791687119088	0.9722039550778131	0.9811928163768562	0.9818155978087638	0.9831780206041604	0.9718288818873052	0.9779567096781775	0.9780559496697052	0.9809713861889986	0.976487825547797	0.9832591867710914	0.9803663357926123
0.9914260933721127	0.9895363675347053	0.9843067824965211	0.9758251593929407	0.9881185128483735	0.9912398848315858	0.9752650984086496	0.9842962365165568	0.9755567907533725	0.9791673457941926	0.9854552365423513	0.982520831302761	1.0	0.9835669766070022	0.9900937730877386	0.9717513918296886	0.9901832764134326	0.9832069098576094	0.9857713384711501	0.9772188324567938	0.9851660739857973	0.9824360454461085	0.9743630379077808	0.9846754046879647	0.9842064309503894	0.9848520722380019	0.9740666262015867	0.980608569360873	0.9813456288608643	0.9843886792492196	0.9790166786051786	0.9857573012293918	0.98158702549268
0.9839246074785407	0.9836389214368823	0.9823678262382776	0.9755669444507514	0.9826079275984846	0.9845221703430349	0.9739861635111164	0.9930924381285406	0.976159730511455	0.9790595695200327	0.9846864412427266	0.9832490331468021	0.9835669766070022	1.0	0.984455734497256	0.9713694806652536	0.9840991354158218	0.9832049486504549	0.9840854957615466	0.9770797054859648	0.9843868932333271	0.9827078646863707	0.9745969389315154	0.9823528387463469	0.9830528235613779	0.9848631936616125	0.9735775076168323	0.982351814300843	0.9792496618657431	0.9824542909014113	0.9785604345507455	0.9847460916444318	0.9815159299164183
0.9942710960464257	0.9944189525348873	0.9835457992158748	0.9765017456393387	0.9912247890313131	0.9941076817511989	0.9741225328282428	0.9842796316744933	0.9763997120079867	0.9799265112094927	0.9854253471857636	0.9822475999450734	0.9900937730877386	0.984455734497256	1.0	0.9726362500983996	0.9946729478167382	0.98355217150138	0.9851027389892612	0.9781841750321271	0.9849007051634446	0.9825879480749553	0.9752215556808336	0.9835793494744766	0.9842559874129351	0.9848008623248328	0.9753840412626715	0.9801605778385507	0.9809448527103666	0.9832894574132705	0.9798592696628787	0.98463166574559	0.9814949932307813
0.9708255807438009	0.9722459992489179	0.9718698161794304	0.979744024029884	0.9698533442121873	0.9714093693628368	0.9603175739982686	0.9707684137053254	0.9751348445426945	0.9787739473900533	0.9735569206649293	0.9699163283283013	0.9717513918296886	0.9713694806652536	0.9726362500983996	1.0	0.9721271586124937	0.9803204127907561	0.9727768056411591	0.9692963929237202	0.9744707696756866	0.9794117002917098	0.9760073621056179	0.9707467217613305	0.9724721007146527	0.9813739366812613	0.9681999742954046	0.9697602291390649	0.9698737262479371	0.9712962767104389	0.971860083821045	0.9792256098374295	0.978135548452902
0.9973116801840957	0.9961230368765167	0.9835729064821184	0.9756733132473999	0.9935997922695399	0.9966394641292579	0.9741605030169233	0.9840217414910177	0.9749494112777433	0.9789597366632596	0.9853742945281392	0.982226234631547	0.9901832764134326	0.9840991354158218	0.9946729478167382	0.9721271586124937	1.0	0.9826125239266421	0.9851183850867901	0.9782628091438834	0.9850092992758752	0.9817491375321307	0.974178558057965	0.9841005005921198	0.9840423300181076	0.9839250425151123	0.9754984510538077	0.9801466843640914	0.9810989627951099	0.9835912095290129	0.9794808632486895	0.984023613353399	0.9807257365125608
0.9828307082301986	0.9821933012641433	0.9832745219235723	0.9830537988403346	0.9805864017012327	0.9833491794192901	0.9729996074429959	0.9831245459138582	0.987840803542711	0.9899838446385242	0.9841828562865322	0.9814156983259553	0.9832069098576094	0.9832049486504549	0.98355217150138	0.9803204127907561	0.9826125239266421	1.0	0.985454230652704	0.9777568211956146	0.9839460346692697	0.9943667458735949	0.9856797910559577	0.9831523977649707	0.9836006444857249	0.9962019041374137	0.9733859155184126	0.9786948062622796	0.9803203453564693	0.9834154101912335	0.9794677431352985	0.9896104892980601	0.9925647677346874
0.9850737023689645	0.9849092752629196	0.9963522923652973	0.9766290339587969	0.9827190425524206	0.9857594177831079	0.974649298393414	0.983653378757854	0.9771894620023522	0.9806572014480206	0.9847431642452588	0.9826176989952593	0.9857713384711501	0.9840854957615466	0.9851027389892612	0.9727768056411591	0.9851183850867901	0.985454230652704	1.0	0.9783974415267664	0.9845118677990845	0.9836635171392503	0.9759604726001816	0.9965341863801477	0.9961154111899804	0.986033316958251	0.9746728754217149	0.9809886279839531	0.9932811705786615	0.996381878133944	0.9791646574953929	0.9867127340355887	0.982385368316223
0.9770780285074318	0.9777314738037166	0.9774572640457787	0.9740403248943031	0.9764538289473196	0.9776408787781755	0.967947564006878	0.9773367001063222	0.9726667386184608	0.976568566655345	0.9876561319623547	0.9749002197646052	0.9772188324567938	0.9770797054859648	0.9781841750321271	0.9692963929237202	0.9782628091438834	0.9777568211956146	0.9783974415267664	1.0	0.9873871440871276	0.9772048908269898	0.9730960943226128	0.9769919990076028	0.978500524705712	0.9789273950673265	0.9812727672091329	0.9757116478377343	0.9748054380970598	0.9767654236630641	0.9825002436870636	0.978188747592875	0.9752645508152743
0.9847657428831339	0.9845236973518919	0.9831524826069019	0.9782009948636091	0.98410524276639	0.9851976523381767	0.9742619226283337	0.9853264481917179	0.9768862991244673	0.9810813768857438	0.9959951870536561	0.9830291255872171	0.9851660739857973	0.9843868932333271	0.9849007051634446	0.9744707696756866	0.9850092992758752	0.9839460346692697	0.9845118677990845	0.9873871440871276	1.0	0.9837253873907914	0.9766479259426929	0.9829850214022291	0.9840374651400136	0.9856792097987865	0.9860130460241205	0.9812820882483649	0.9799774162793794	0.9826268498129431	0.990531310586099	0.9861470136928301	0.9824900403092826
0.9820850165214661	0.9817125138696604	0.9814756454518584	0.9825790439357288	0.979888591217452	0.9829745692523345	0.9727805909549271	0.9826870068202963	0.9874208016863849	0.9897160154740925	0.9838616923278305	0.9811791687119088	0.9824360454461085	0.9827078646863707	0.9825879480749553	0.9794117002917098	0.9817491375321307	0.9943667458735949	0.9836635171392503	0.9772048908269898	0.9837253873907914	1.0	0.9863974569877169	0.981382830963578	0.9822917196914087	0.9965174041574234	0.9728819105577446	0.97821856988117	0.9782235501323527	0.9820108947403317	0.9786398255125609	0.989917610606185	0.9928151065806161
0.9731032513637032	0.9742140945780899	0.9741646710305705	0.9789448494338635	0.9715065196620715	0.9739777098782616	0.9652286558391073	0.9742547807822237	0.9809463223681752	0.9844400961489754	0.9760748938163379	0.9722039550778131	0.9743630379077808	0.9745969389315154	0.9752215556808336	0.9760073621056179	0.974178558057965	0.9856797910559577	0.9759604726001816	0.9730960943226128	0.9766479259426929	0.9863974569877169	1.0	0.9737106344176104	0.9750601184989197	0.9872561567220032	0.9714222271345213	0.9721283740518009	0.97194887454681	0.9740778448004119	0.974321493254364	0.9817544836391331	0.9836623695485699
0.9839981700465785	0.9839139174782903	0.9959217962116634	0.9746411039627837	0.981794338133041	0.9848452901438493	0.9732845778765511	0.9821313463193782	0.9747384877969312	0.9784470775480444	0.9830275652557001	0.9811928163768562	0.9846754046879647	0.9823528387463469	0.9835793494744766	0.9707467217613305	0.9841005005921198	0.9831523977649707	0.9965341863801477	0.9769919990076028	0.9829850214022291	0.981382830963578	0.9737106344176104	1.0	0.9951496996197239	0.98357036056835	0.9727844827268335	0.9797979060011066	0.9941255768981966	0.9962044929559325	0.9777691426116494	0.9854910611095063	0.9801694555500526
0.9837891684513835	0.9840057210407258	0.9951333513947569	0.9760906351865167	0.9816405195937449	0.9845172041975706	0.9745198459034062	0.9827703342861741	0.9762421614701389	0.980023881915541	0.9839960914755114	0.9818155978087638	0.9842064309503894	0.9830528235613779	0.9842559874129351	0.9724721007146527	0.9840423300181076	0.9836006444857249	0.9961154111899804	0.978500524705712	0.9840374651400136	0.9822917196914087	0.9750601184989197	0.9951496996197239	1.0	0.9844979842114497	0.9748491933945215	0.9802963418463116	0.9922102226397378	0.994930966420049	0.9786837309243314	0.9855598342306677	0.980998440643212
0.9845599043962433	0.983407917397668	0.983641353272049	0.9844565053700189	0.9819415600281888	0.9849519534619723	0.9751033035590034	0.9848753193438593	0.9890992031151238	0.9919063223182721	0.9857276743028841	0.9831780206041604	0.9848520722380019	0.9848631936616125	0.9848008623248328	0.9813739366812613	0.9839250425151123	0.9962019041374137	0.986033316958251	0.9789273950673265	0.9856792097987865	0.9965174041574234	0.9872561567220032	0.98357036056835	0.9844979842114497	1.0	0.9749248026087294	0.9802604803484395	0.9803646494910767	0.9839282008441996	0.9804398730292037	0.9915183756458458	0.9942980356364906
0.9738824118818898	0.9753450006978427	0.9730713507522094	0.9725253939285351	0.9732369848725573	0.9743580394386169	0.9651280571366819	0.9743395752671993	0.9690880215641804	0.9740037556330133	0.9842034989155912	0.9718288818873052	0.9740666262015867	0.9735775076168323	0.9753840412626715	0.9681999742954046	0.9754984510538077	0.9733859155184126	0.9746728754217149	0.9812727672091329	0.9860130460241205	0.9728819105577446	0.9714222271345213	0.9727844827268335	0.9748491933945215	0.9749248026087294	1.0	0.9724301682705565	0.9698957031453423	0.972282281849484	0.9820266294268702	0.9750810569136943	0.9712928330730276
0.9794897015206703	0.9799418866372543	0.9800767051376077	0.9731713676261515	0.9777624857041894	0.9798559847688256	0.970783578077578	0.9805852528786287	0.9718892695174458	0.9760195585687637	0.9813737221102373	0.9779567096781775	0.980608569360873	0.982351814300843	0.9801605778385507	0.9697602291390649	0.9801466843640914	0.9786948062622796	0.9809886279839531	0.9757116478377343	0.9812820882483649	0.97821856988117	0.9721283740518009	0.9797979060011066	0.9802963418463116	0.9802604803484395	0.9724301682705565	1.0	0.9774438426960762	0.9797413333307744	0.976796104192716	0.9801915785004665	0.9766016625183686
0.9807795117600857	0.9810777402672083	0.9934531226058713	0.9731415099869086	0.9788889503364866	0.9815260056417094	0.9700239805456125	0.9789413209956394	0.972403903823912	0.9755345487135543	0.9799445625036552	0.9780559496697052	0.9813456288608643	0.9792496618657431	0.9809448527103666	0.9698737262479371	0.9810989627951099	0.9803203453564693	0.9932811705786615	0.9748054380970598	0.9799774162793794	0.9782235501323527	0.97194887454681	0.9941255768981966	0.9922102226397378	0.9803646494910767	0.9698957031453423	0.9774438426960762	1.0	0.9936261403273462	0.9758841234378843	0.9821339852902589	0.9770869690726992
0.9835467195372475	0.9836278733550368	0.995852404077482	0.9748471720360141	0.981331106761579	0.9845681344692916	0.9727999701179052	0.9822019432966824	0.9750001668598726	0.9783407190681868	0.9828369530810449	0.9809713861889986	0.9843886792492196	0.9824542909014113	0.9832894574132705	0.9712962767104389	0.9835912095290129	0.9834154101912335	0.996381878133944	0.9767654236630641	0.9826268498129431	0.9820108947403317	0.9740778448004119	0.9962044929559325	0.994930966420049	0.9839282008441996	0.972282281849484	0.9797413333307744	0.9936261403273462	1.0	0.9775263910002777	0.9855958150367494	0.9806079191484512
0.9782838487727507	0.9790279249489261	0.9779722607421453	0.9755017610486817	0.9780163741920277	0.978784940492981	0.9685738503529686	0.97935789311305	0.9732717760260456	0.9769381146567769	0.9894031822033261	0.976487825547797	0.9790166786051786	0.9785604345507455	0.9798592696628787	0.971860083821045	0.9794808632486895	0.9794677431352985	0.9791646574953929	0.9825002436870636	0.990531310586099	0.9786398255125609	0.974321493254364	0.9777691426116494	0.9786837309243314	0.9804398730292037	0.9820266294268702	0.976796104192716	0.9758841234378843	0.9775263910002777	1.0	0.9801134660873174	0.9767526450920812
0.9843661716946642	0.9838710961617012	0.9852745636920173	0.9816461190538693	0.9824456831273528	0.9852565539766134	0.9737876028119676	0.9846607956858975	0.9827049214281288	0.9860969342840131	0.9858618134868565	0.9832591867710914	0.9857573012293918	0.9847460916444318	0.98463166574559	0.9792256098374295	0.984023613353399	0.9896104892980601	0.9867127340355887	0.978188747592875	0.9861470136928301	0.989917610606185	0.9817544836391331	0.9854910611095063	0.9855598342306677	0.9915183756458458	0.9750810569136943	0.9801915785004665	0.9821339852902589	0.9855958150367494	0.9801134660873174	1.0	0.9884334154642455
0.9811545485841932	0.9806307184859305	0.9803490468064258	0.9807913944447374	0.978615246745418	0.9819737541744916	0.9713761082726173	0.9813873862268943	0.98554011289262	0.9881130004226223	0.9826147734548942	0.9803663357926123	0.98158702549268	0.9815159299164183	0.9814949932307813	0.978135548452902	0.9807257365125608	0.9925647677346874	0.982385368316223	0.9752645508152743	0.9824900403092826	0.9928151065806161	0.9836623695485699	0.9801694555500526	0.980998440643212	0.9942980356364906	0.9712928330730276	0.9766016625183686	0.9770869690726992	0.9806079191484512	0.9767526450920812	0.9884334154642455	1.0
