/home/jshaw/scratch/2022_sketched_distance/references/SGB_genome_fastas_part2/2135/Bengtsson-PalmeJ_2015__TRAVELRES25__bin.101.fa	/home/jshaw/scratch/2022_sketched_distance/references/SGB_genome_fastas_part2/2135/Bengtsson-PalmeJ_2015__TRAVELRES26__bin.27.fa	/home/jshaw/scratch/2022_sketched_distance/references/SGB_genome_fastas_part2/2135/Bengtsson-PalmeJ_2015__TRAVELRES35__bin.40.fa	/home/jshaw/scratch/2022_sketched_distance/references/SGB_genome_fastas_part2/2135/Bengtsson-PalmeJ_2015__TRAVELRES36__bin.41.fa	/home/jshaw/scratch/2022_sketched_distance/references/SGB_genome_fastas_part2/2135/Bengtsson-PalmeJ_2015__TRAVELRES45__bin.45.fa	/home/jshaw/scratch/2022_sketched_distance/references/SGB_genome_fastas_part2/2135/Bengtsson-PalmeJ_2015__TRAVELRES46__bin.143.fa	/home/jshaw/scratch/2022_sketched_distance/references/SGB_genome_fastas_part2/2135/Bengtsson-PalmeJ_2015__TRAVELRES60__bin.35.fa	/home/jshaw/scratch/2022_sketched_distance/references/SGB_genome_fastas_part2/2135/Bengtsson-PalmeJ_2015__TRAVELRES65__bin.58.fa	/home/jshaw/scratch/2022_sketched_distance/references/SGB_genome_fastas_part2/2135/Bengtsson-PalmeJ_2015__TRAVELRES66__bin.105.fa	/home/jshaw/scratch/2022_sketched_distance/references/SGB_genome_fastas_part2/2135/FengQ_2015__SID31874__bin.19.fa	/home/jshaw/scratch/2022_sketched_distance/references/SGB_genome_fastas_part2/2135/FengQ_2015__SID530623__bin.43.fa	/home/jshaw/scratch/2022_sketched_distance/references/SGB_genome_fastas_part2/2135/HeQ_2017__SZAXPI029490-88__bin.96.fa	/home/jshaw/scratch/2022_sketched_distance/references/SGB_genome_fastas_part2/2135/KarlssonFH_2013__S54__bin.3.fa	/home/jshaw/scratch/2022_sketched_distance/references/SGB_genome_fastas_part2/2135/KarlssonFH_2013__S77__bin.4.fa	/home/jshaw/scratch/2022_sketched_distance/references/SGB_genome_fastas_part2/2135/QinN_2014__HD-35__bin.31.fa	/home/jshaw/scratch/2022_sketched_distance/references/SGB_genome_fastas_part2/2135/QinN_2014__HD-36__bin.36.fa	/home/jshaw/scratch/2022_sketched_distance/references/SGB_genome_fastas_part2/2135/QinN_2014__HD-47__bin.27.fa	/home/jshaw/scratch/2022_sketched_distance/references/SGB_genome_fastas_part2/2135/SchirmerM_2016__G88838__bin.26.fa	/home/jshaw/scratch/2022_sketched_distance/references/SGB_genome_fastas_part2/2135/VogtmannE_2016__MMRS11932626ST-27-0-0__bin.20.fa	/home/jshaw/scratch/2022_sketched_distance/references/SGB_genome_fastas_part2/2135/VogtmannE_2016__MMRS66868025ST-27-0-0__bin.44.fa	/home/jshaw/scratch/2022_sketched_distance/references/SGB_genome_fastas_part2/2135/XieH_2016__YSZC12003_35520__bin.27.fa	/home/jshaw/scratch/2022_sketched_distance/references/SGB_genome_fastas_part2/2135/XieH_2016__YSZC12003_35837__bin.7.fa	/home/jshaw/scratch/2022_sketched_distance/references/SGB_genome_fastas_part2/2135/YuJ_2015__SZAXPI015222-123__bin.14.fa	/home/jshaw/scratch/2022_sketched_distance/references/SGB_genome_fastas_part2/2135/YuJ_2015__SZAXPI015235-21__bin.73.fa	/home/jshaw/scratch/2022_sketched_distance/references/SGB_genome_fastas_part2/2135/YuJ_2015__SZAXPI017591-140__bin.22.fa	/home/jshaw/scratch/2022_sketched_distance/references/SGB_genome_fastas_part2/2135/ZeeviD_2015__PNP_Main_133__bin.53.fa	/home/jshaw/scratch/2022_sketched_distance/references/SGB_genome_fastas_part2/2135/ZeeviD_2015__PNP_Main_231__bin.42.fa	/home/jshaw/scratch/2022_sketched_distance/references/SGB_genome_fastas_part2/2135/ZeeviD_2015__PNP_Main_38__bin.43.fa	/home/jshaw/scratch/2022_sketched_distance/references/SGB_genome_fastas_part2/2135/ZeeviD_2015__PNP_Main_39__bin.62.fa	/home/jshaw/scratch/2022_sketched_distance/references/SGB_genome_fastas_part2/2135/ZeeviD_2015__PNP_Main_415__bin.82.fa	/home/jshaw/scratch/2022_sketched_distance/references/SGB_genome_fastas_part2/2135/ZeeviD_2015__PNP_Main_470__bin.24.fa	/home/jshaw/scratch/2022_sketched_distance/references/SGB_genome_fastas_part2/2135/ZeeviD_2015__PNP_Main_481__bin.39.fa	/home/jshaw/scratch/2022_sketched_distance/references/SGB_genome_fastas_part2/2135/ZeeviD_2015__PNP_Main_97__bin.31.fa	/home/jshaw/scratch/2022_sketched_distance/references/SGB_genome_fastas_part2/2135/ZellerG_2014__CCIS81139242ST-4-0__bin.51.fa	/home/jshaw/scratch/2022_sketched_distance/references/SGB_genome_fastas_part2/2135/ZellerG_2014__CCIS90443472ST-4-0__bin.5.fa	/home/jshaw/scratch/2022_sketched_distance/references/SGB_genome_fastas_part2/2135/ZellerG_2014__CCMD42428553ST-21-0__bin.23.fa
1.0	0.9994179736407786	0.9889782077801	0.988575693312403	0.9886031898310541	0.9884724615552093	0.9889539002861916	0.9915777052136057	0.992650065738051	0.9882712515000637	0.9883036165795721	0.9914170503315721	0.9901446047863515	0.9901973414171242	0.9920849033877726	0.9902187374892082	0.9929028781195626	0.9807653253403217	0.989460764707724	0.9889574268796952	0.9893382404956799	0.986092608335965	0.9914239452320773	0.991802376125871	0.9805787791294053	0.9847440316055697	0.9920483992579255	0.980433993100095	0.9824551164853849	0.9834934063400097	0.9863322209769967	0.9824161356456645	0.985681525921576	0.9876961706597844	0.9874461586647132	0.9869821224907784
0.9994179736407786	1.0	0.9865626260124917	0.9869019412008128	0.9875956853209295	0.9874938266172908	0.9866412407963168	0.9921923544156002	0.9921923544156002	0.9803150841554493	0.9862197731982667	0.9892565935110958	0.9885726368636633	0.9829322332637249	0.9876464967270187	0.989135494505156	0.9846366908692735	0.9775965759616342	0.9856582670989258	0.9862992109981105	0.9858465037988491	0.9862992109981105	0.9906065880206923	0.9804610722461815	0.9797008618565612	0.9824896897380007	0.9866054839760301	0.9790804060925431	0.9735343502365245	0.9769343414060797	0.9856852241694345	0.9809386569368999	0.9842813959034568	0.9865363792666718	0.9866674040191509	0.9872282802288018
0.9889782077801	0.9865626260124917	1.0	0.9998185948923822	0.9894980349449866	0.9892872417405303	0.9993961600455876	0.9890557382515642	0.9900473907609302	0.9909275189399603	0.9949125631853091	0.9888211677641	0.9889497405558437	0.9891150550493251	0.9887966905032443	0.98643320848275	0.9903258311093956	0.9792478871665778	0.988940486385304	0.99056933519955	0.9932058789200128	0.9888225976523864	0.9889782077801	0.9886072247171236	0.9806030126977668	0.9826869921927475	0.9883977018705046	0.9788010346243669	0.9801595634630107	0.9816180388292075	0.9882721021971497	0.9802663279192566	0.9859731808593811	0.9896124477441103	0.9905877513211578	0.985428194399623
0.988575693312403	0.9869019412008128	0.9998185948923822	1.0	0.9891291355294103	0.9889203015474345	0.9997072293769399	0.9887484478262858	0.9897292391220861	0.9910284409861657	0.9944005210988691	0.9890657803534592	0.9892799290477796	0.9892718586389773	0.9890335497510593	0.9867507860804111	0.9904609187243408	0.9786788331410364	0.9891582675618473	0.9908743846306565	0.9934629591748307	0.9884986218660878	0.9884600184356123	0.9886072247171236	0.980154509289346	0.9829033962456504	0.9885972636378693	0.9785484398049861	0.9804264203579174	0.9817576042778067	0.9879147660878281	0.9805499716961179	0.9854698972268687	0.9891858614223836	0.9902455218039774	0.9855758852033364
0.9886031898310541	0.9875956853209295	0.9894980349449866	0.9891291355294103	1.0	0.9998482085847921	0.9893390341128193	0.9877045180160602	0.98853741082992	0.99226463011642	0.9878630555041216	0.9890047971603586	0.9909455810924035	0.990392326729779	0.9896288964391627	0.9866603621217386	0.9909161260797551	0.9828791196378132	0.9905398405414231	0.9919302126687451	0.9898523003539785	0.9894070216211623	0.9880942405700299	0.989179433493046	0.9819586001654915	0.9850597151045645	0.9887107586503201	0.9819108181238	0.9832265545794074	0.9853921620137777	0.9905874630212689	0.9826818130437632	0.9881218240949132	0.9907175656051205	0.9909147599268612	0.9882628762386548
0.9884724615552093	0.9874938266172908	0.9892872417405303	0.9889203015474345	0.9998482085847921	1.0	0.9891277674355349	0.9875672358384255	0.988840701629006	0.992118705018199	0.9877155359315111	0.9888620627910056	0.9907785615481811	0.9903058087511034	0.9895233696960731	0.9865015194811283	0.9907828916753522	0.9828108151021931	0.9903728893829963	0.9917532819229887	0.9896476367158039	0.9891678377580531	0.988252301561479	0.9889303134652333	0.981822854696077	0.9849247936974154	0.9885118851204197	0.981700533060353	0.9831043385731949	0.9852672705779828	0.9902871328970521	0.9825226653637009	0.9879767837620981	0.9909125676419082	0.9911111280567655	0.9880585412326629
0.9889539002861916	0.9866412407963168	0.9993961600455876	0.9997072293769399	0.9893390341128193	0.9891277674355349	1.0	0.9890119579457516	0.9900023824736365	0.990902240175406	0.9946833354908069	0.9888620627910056	0.9891042401139364	0.9891599322171721	0.9887534417239136	0.9863419058277537	0.9900539859812991	0.9791401163784204	0.9888091237265826	0.9906101716372742	0.9930580746655847	0.9887206416501431	0.988759632905774	0.9880249041911056	0.9804460270383221	0.9826145386485781	0.9882256815490289	0.9787458689882244	0.9802264822811272	0.9814778755313759	0.9883084236183274	0.9802948033410167	0.9857418153729895	0.9894918369271893	0.9905051495225886	0.985428194399623
0.9915777052136057	0.9921923544156002	0.9890557382515642	0.9887484478262858	0.9877045180160602	0.9875672358384255	0.9890119579457516	1.0	0.9999188848955864	0.9885440000987931	0.9878022274210476	0.9911702673968572	0.9905053402238991	0.9892718586389773	0.9927817284541202	0.9907828415801914	0.9927774290688985	0.9790212567833921	0.9903310193413112	0.9898463967608249	0.9899338116529849	0.9861824653408677	0.991385717684834	0.9917368175627079	0.9797241018947757	0.9837316395938364	0.9927575769542235	0.9796240942472876	0.9816970375168653	0.9820901528811473	0.9856451585815433	0.9818510962083157	0.985394176039762	0.9866707646324843	0.9868921681559936	0.987333215302408
0.992650065738051	0.9921923544156002	0.9900473907609302	0.9897292391220861	0.98853741082992	0.988840701629006	0.9900023824736365	0.9999188848955864	1.0	0.9887605850351774	0.9891795035887802	0.9923494074074274	0.9905264376993762	0.9911398428074928	0.993576569861396	0.9908028110022166	0.9932763974995211	0.9828563672786897	0.9904147063876887	0.9900130414530105	0.9906584938242394	0.9863752218433051	0.9908378820074288	0.992322217141513	0.9820487853892658	0.9843794932392422	0.9929574382045133	0.980238482434082	0.9821098413070289	0.9845589618593161	0.9883877929661722	0.9818510962083157	0.9861461406806385	0.9869041674241876	0.9863674418994071	0.9872632957774854
0.9882712515000637	0.9803150841554493	0.9909275189399603	0.9910284409861657	0.99226463011642	0.992118705018199	0.990902240175406	0.9885440000987931	0.9887605850351774	1.0	0.9909527783733136	0.9870151313765757	0.9869011210170521	0.9843799301500261	0.9861210372157292	0.9844415309158915	0.9815337491819603	0.9806622738846211	0.9870151313765757	0.992094321446803	0.9896392548193194	0.9957619040409685	0.9874672630478023	0.9805994970147255	0.9807312714686803	0.9835051481715521	0.9802995142442517	0.9821805655792509	0.9756314165461623	0.9789246457885324	0.9914041764408268	0.9779636459016863	0.9874110851204101	0.9936430210418266	0.9974851615088026	0.9792572563308705
0.9883036165795721	0.9862197731982667	0.9949125631853091	0.9944005210988691	0.9878630555041216	0.9877155359315111	0.9946833354908069	0.9878022274210476	0.9891795035887802	0.9909527783733136	1.0	0.9890454651537358	0.9888167335839437	0.9901103101753402	0.989268719398917	0.985927876523616	0.9903258311093956	0.980177789303319	0.9892882491168937	0.9900960492798044	0.9934263553994699	0.9883830113146767	0.9878078130878085	0.988280936896801	0.9792042381198969	0.9826145386485781	0.9884548429582998	0.9788361235787126	0.9800589275353493	0.9827722999363985	0.9888173627529714	0.9794003141733092	0.9852007645805981	0.9883923419295635	0.9891264265150133	0.9854651793983262
0.9914170503315721	0.9892565935110958	0.9888211677641	0.9890657803534592	0.9890047971603586	0.9888620627910056	0.9888620627910056	0.9911702673968572	0.9923494074074274	0.9870151313765757	0.9890454651537358	1.0	0.9896068441110496	0.9884344611188375	0.9897130754477109	0.9892286870354128	0.9921173143386945	0.9813150567909743	0.9873284704953088	0.9881758950234318	0.9889421248558768	0.9860254962299785	0.9916807716605088	0.9896720975562657	0.9818000318286885	0.9836472000619003	0.9911399879009287	0.9811345537430396	0.9812141630202174	0.9816739364599498	0.9868394741317448	0.9814139460086932	0.9864240029165969	0.988013399559843	0.9879504353291105	0.986232399856022
0.9901446047863515	0.9885726368636633	0.9889497405558437	0.9892799290477796	0.9909455810924035	0.9907785615481811	0.9891042401139364	0.9905053402238991	0.9905264376993762	0.9869011210170521	0.9888167335839437	0.9896068441110496	1.0	0.9863284292387839	0.987247263796595	0.9877099320281176	0.9882590233320635	0.9796241557711498	0.9887945134816195	0.9894982320648437	0.9882792717973327	0.9883469359214674	0.9892360944958849	0.984501359957303	0.9802933626749317	0.9839156293670884	0.9879079586167823	0.9812022086001754	0.9787216297280111	0.978076135404724	0.9880527156038557	0.9803221499603486	0.9889718563010887	0.9891482501874316	0.9893237054083351	0.9878185369839448
0.9901973414171242	0.9829322332637249	0.9891150550493251	0.9892718586389773	0.990392326729779	0.9903058087511034	0.9891599322171721	0.9892718586389773	0.9911398428074928	0.9843799301500261	0.9901103101753402	0.9884344611188375	0.9863284292387839	1.0	0.9871012625799986	0.985159338045525	0.9876187114897778	0.9802516880342742	0.9853109207413235	0.9863284292387839	0.9879262697207789	0.986909749899128	0.9907788762883367	0.9846644449816973	0.9809213236217715	0.9826609830452331	0.9869658477717471	0.980456946361596	0.9779423532256551	0.9783438873205612	0.987598743863895	0.9764499781144155	0.9868376442389126	0.9879960319840173	0.9888897482997624	0.9810396182135356
0.9920849033877726	0.9876464967270187	0.9887966905032443	0.9890335497510593	0.9896288964391627	0.9895233696960731	0.9887534417239136	0.9927817284541202	0.993576569861396	0.9861210372157292	0.989268719398917	0.9897130754477109	0.987247263796595	0.9871012625799986	1.0	0.987270785905953	0.9908628967955463	0.98127820184695	0.9865153897231903	0.9866308222156819	0.9876980654365337	0.9869523601670724	0.9928200139751786	0.9874694663330363	0.9818972396134409	0.983509897980928	0.9895773419058715	0.98061951002604	0.9793113008740059	0.9798655742768163	0.9871574158463043	0.9786606638049348	0.9863061095703075	0.988405392885193	0.9879872517813194	0.983797086519957
0.9902187374892082	0.989135494505156	0.98643320848275	0.9867507860804111	0.9866603621217386	0.9865015194811283	0.9863419058277537	0.9907828415801914	0.9908028110022166	0.9844415309158915	0.985927876523616	0.9892286870354128	0.9877099320281176	0.985159338045525	0.987270785905953	1.0	0.9893644105373853	0.9775912674374575	0.9860654376271768	0.9863232921637743	0.9856722667999396	0.9844846577035823	0.9903201798610834	0.9879513849306059	0.9787644181738926	0.9809644012069404	0.9901788101141034	0.9778589311582343	0.9775093092269306	0.9781695316725575	0.9839481809212972	0.978600761068461	0.9835026233791968	0.98560220856464	0.9852968844351405	0.983797086519957
0.9929028781195626	0.9846366908692735	0.9903258311093956	0.9904609187243408	0.9909161260797551	0.9907828916753522	0.9900539859812991	0.9927774290688985	0.9932763974995211	0.9815337491819603	0.9903258311093956	0.9921173143386945	0.9882590233320635	0.9876187114897778	0.9908628967955463	0.9893644105373853	1.0	0.9816749518971741	0.9889718563010887	0.9881435251607014	0.9892527282549916	0.9882301867328791	0.9927019307377568	0.9814179592133269	0.9827490973291181	0.9848292101188444	0.9843782291783835	0.9817804555002713	0.9763704115101192	0.9797152577680152	0.9875893084476652	0.9805643461004067	0.9871152520989261	0.9892806843051656	0.9888588340571897	0.9767506166842217
0.9807653253403217	0.9775965759616342	0.9792478871665778	0.9786788331410364	0.9828791196378132	0.9828108151021931	0.9791401163784204	0.9790212567833921	0.9828563672786897	0.9806622738846211	0.980177789303319	0.9813150567909743	0.9796241557711498	0.9802516880342742	0.98127820184695	0.9775912674374575	0.9816749518971741	1.0	0.9804061040913754	0.981202675880869	0.980363429579671	0.9781129871654104	0.98265088181501	0.9819082322844073	0.9812708976310678	0.9821273747877023	0.9801159989005708	0.9811751988238692	0.9820782713458442	0.9837565076578741	0.9808864106166497	0.9811654575481297	0.9818157983370702	0.9828791196378132	0.9820032219622147	0.9839522843500579
0.989460764707724	0.9856582670989258	0.988940486385304	0.9891582675618473	0.9905398405414231	0.9903728893829963	0.9888091237265826	0.9903310193413112	0.9904147063876887	0.9870151313765757	0.9892882491168937	0.9873284704953088	0.9887945134816195	0.9853109207413235	0.9865153897231903	0.9860654376271768	0.9889718563010887	0.9804061040913754	1.0	0.9885448171975069	0.9878520465808918	0.9883896536806765	0.9897391921934082	0.9878777011728055	0.9804910098411209	0.9829145690100707	0.9870850970921552	0.9808564072932475	0.9789309677883324	0.9795393054508424	0.9873055163067335	0.9786307261867925	0.9876708760978798	0.9893098629834662	0.9892882491168937	0.9852054055475129
0.9889574268796952	0.9862992109981105	0.99056933519955	0.9908743846306565	0.9919302126687451	0.9917532819229887	0.9906101716372742	0.9898463967608249	0.9900130414530105	0.992094321446803	0.9900960492798044	0.9881758950234318	0.9894982320648437	0.9863284292387839	0.9866308222156819	0.9863232921637743	0.9881435251607014	0.981202675880869	0.9885448171975069	1.0	0.9900960492798044	0.9925132370128644	0.989235153650003	0.9861357801614684	0.9817683032160123	0.9842364324432089	0.9882831215181437	0.9823505630352498	0.9811167268277274	0.9800715156464206	0.9908338738059409	0.9811654575481297	0.9885037888641715	0.9934813940365378	0.9942579793266423	0.9880926852175832
0.9893382404956799	0.9858465037988491	0.9932058789200128	0.9934629591748307	0.9898523003539785	0.9896476367158039	0.9930580746655847	0.9899338116529849	0.9906584938242394	0.9896392548193194	0.9934263553994699	0.9889421248558768	0.9882792717973327	0.9879262697207789	0.9876980654365337	0.9856722667999396	0.9892527282549916	0.980363429579671	0.9878520465808918	0.9900960492798044	1.0	0.9903986344352335	0.9892136646935202	0.9877668654613669	0.9807694836226424	0.9829798475006642	0.9881681412451142	0.9801721972077606	0.9789657272623418	0.9803344040440354	0.9888581221635825	0.9796335057817391	0.98686446303153	0.9900151220984496	0.9910936505220105	0.9861238874205652
0.986092608335965	0.9862992109981105	0.9888225976523864	0.9884986218660878	0.9894070216211623	0.9891678377580531	0.9887206416501431	0.9861824653408677	0.9863752218433051	0.9957619040409685	0.9883830113146767	0.9860254962299785	0.9883469359214674	0.986909749899128	0.9869523601670724	0.9844846577035823	0.9882301867328791	0.9781129871654104	0.9883896536806765	0.9925132370128644	0.9903986344352335	1.0	0.9855406083348945	0.9871693556270597	0.9782511913674063	0.9821028252845307	0.9870255264594028	0.9798934981515072	0.9813113098073634	0.9807391838478209	0.9890938923084007	0.9800949522680336	0.9848951764850492	0.9920144406172228	0.9977977746759049	0.986946806277103
0.9914239452320773	0.9906065880206923	0.9889782077801	0.9884600184356123	0.9880942405700299	0.988252301561479	0.988759632905774	0.991385717684834	0.9908378820074288	0.9874672630478023	0.9878078130878085	0.9916807716605088	0.9892360944958849	0.9907788762883367	0.9928200139751786	0.9903201798610834	0.9927019307377568	0.98265088181501	0.9897391921934082	0.989235153650003	0.9892136646935202	0.9855406083348945	1.0	0.9910739789525711	0.9818455180748811	0.9837783416360393	0.9922271241794133	0.9801894214391431	0.9817927631020131	0.9840954136363115	0.9876463404082542	0.9811377308258805	0.9847931986620913	0.9864708725307473	0.9855155945629467	0.9856127043902476
0.991802376125871	0.9804610722461815	0.9886072247171236	0.9886072247171236	0.989179433493046	0.9889303134652333	0.9880249041911056	0.9917368175627079	0.992322217141513	0.9805994970147255	0.988280936896801	0.9896720975562657	0.984501359957303	0.9846644449816973	0.9874694663330363	0.9879513849306059	0.9814179592133269	0.9819082322844073	0.9878777011728055	0.9861357801614684	0.9877668654613669	0.9871693556270597	0.9910739789525711	1.0	0.9818639642896393	0.9830386812112966	0.9802290533467525	0.982084707979852	0.9731290963527202	0.9771548845094448	0.9867139939526138	0.9754208787321088	0.9865991617239924	0.9885711296669155	0.9875813060883547	0.9685318248124165
0.9805787791294053	0.9797008618565612	0.9806030126977668	0.980154509289346	0.9819586001654915	0.981822854696077	0.9804460270383221	0.9797241018947757	0.9820487853892658	0.9807312714686803	0.9792042381198969	0.9818000318286885	0.9802933626749317	0.9809213236217715	0.9818972396134409	0.9787644181738926	0.9827490973291181	0.9812708976310678	0.9804910098411209	0.9817683032160123	0.9807694836226424	0.9782511913674063	0.9818455180748811	0.9818639642896393	1.0	0.9812317809935862	0.9814148737170689	0.9787592697008565	0.9803266042347927	0.982960782534298	0.980115742040874	0.9811931607844321	0.980551551450092	0.9811818218017173	0.9811818218017173	0.9816681612177346
0.9847440316055697	0.9824896897380007	0.9826869921927475	0.9829033962456504	0.9850597151045645	0.9849247936974154	0.9826145386485781	0.9837316395938364	0.9843794932392422	0.9835051481715521	0.9826145386485781	0.9836472000619003	0.9839156293670884	0.9826609830452331	0.983509897980928	0.9809644012069404	0.9848292101188444	0.9821273747877023	0.9829145690100707	0.9842364324432089	0.9829798475006642	0.9821028252845307	0.9837783416360393	0.9830386812112966	0.9812317809935862	1.0	0.9842590092129773	0.9811307401787172	0.9813113098073634	0.9894669749744217	0.9824448544621474	0.9823360103166975	0.98333196321408	0.9837082636062873	0.9838016677388463	0.9843753304768292
0.9920483992579255	0.9866054839760301	0.9883977018705046	0.9885972636378693	0.9887107586503201	0.9885118851204197	0.9882256815490289	0.9927575769542235	0.9929574382045133	0.9802995142442517	0.9884548429582998	0.9911399879009287	0.9879079586167823	0.9869658477717471	0.9895773419058715	0.9901788101141034	0.9843782291783835	0.9801159989005708	0.9870850970921552	0.9882831215181437	0.9881681412451142	0.9870255264594028	0.9922271241794133	0.9802290533467525	0.9814148737170689	0.9842590092129773	1.0	0.9807718864727186	0.9753701379519019	0.9785709558212421	0.9869957006473409	0.9793337732719062	0.9866959457396078	0.987351838355199	0.9878789221406664	0.9776547248852656
0.980433993100095	0.9790804060925431	0.9788010346243669	0.9785484398049861	0.9819108181238	0.981700533060353	0.9787458689882244	0.9796240942472876	0.980238482434082	0.9821805655792509	0.9788361235787126	0.9811345537430396	0.9812022086001754	0.980456946361596	0.98061951002604	0.9778589311582343	0.9817804555002713	0.9811751988238692	0.9808564072932475	0.9823505630352498	0.9801721972077606	0.9798934981515072	0.9801894214391431	0.982084707979852	0.9787592697008565	0.9811307401787172	0.9807718864727186	1.0	0.9978383407207762	0.9798950740855027	0.9790147484416533	0.981109980577164	0.9802139611449886	0.9798934981515072	0.9807009247108374	0.9826896290323889
0.9824551164853849	0.9735343502365245	0.9801595634630107	0.9804264203579174	0.9832265545794074	0.9831043385731949	0.9802264822811272	0.9816970375168653	0.9821098413070289	0.9756314165461623	0.9800589275353493	0.9812141630202174	0.9787216297280111	0.9779423532256551	0.9793113008740059	0.9775093092269306	0.9763704115101192	0.9820782713458442	0.9789309677883324	0.9811167268277274	0.9789657272623418	0.9813113098073634	0.9817927631020131	0.9731290963527202	0.9803266042347927	0.9813113098073634	0.9753701379519019	0.9978383407207762	1.0	0.9764008241656751	0.9801595634630107	0.9787566128116069	0.9827039586973471	0.9817927631020131	0.9826419251606252	0.9731844428358991
0.9834934063400097	0.9769343414060797	0.9816180388292075	0.9817576042778067	0.9853921620137777	0.9852672705779828	0.9814778755313759	0.9820901528811473	0.9845589618593161	0.9789246457885324	0.9827722999363985	0.9816739364599498	0.978076135404724	0.9783438873205612	0.9798655742768163	0.9781695316725575	0.9797152577680152	0.9837565076578741	0.9795393054508424	0.9800715156464206	0.9803344040440354	0.9807391838478209	0.9840954136363115	0.9771548845094448	0.982960782534298	0.9894669749744217	0.9785709558212421	0.9798950740855027	0.9764008241656751	1.0	0.9825283606578625	0.9781695316725575	0.9837040560180143	0.9844308539800297	0.9840954136363115	0.9795242431293105
0.9863322209769967	0.9856852241694345	0.9882721021971497	0.9879147660878281	0.9905874630212689	0.9902871328970521	0.9883084236183274	0.9856451585815433	0.9883877929661722	0.9914041764408268	0.9888173627529714	0.9868394741317448	0.9880527156038557	0.987598743863895	0.9871574158463043	0.9839481809212972	0.9875893084476652	0.9808864106166497	0.9873055163067335	0.9908338738059409	0.9888581221635825	0.9890938923084007	0.9876463404082542	0.9867139939526138	0.980115742040874	0.9824448544621474	0.9869957006473409	0.9790147484416533	0.9801595634630107	0.9825283606578625	1.0	0.9794003141733092	0.9860306802869827	0.9920158036119607	0.9923676155084084	0.9867341090736093
0.9824161356456645	0.9809386569368999	0.9802663279192566	0.9805499716961179	0.9826818130437632	0.9825226653637009	0.9802948033410167	0.9818510962083157	0.9818510962083157	0.9779636459016863	0.9794003141733092	0.9814139460086932	0.9803221499603486	0.9764499781144155	0.9786606638049348	0.978600761068461	0.9805643461004067	0.9811654575481297	0.9786307261867925	0.9811654575481297	0.9796335057817391	0.9800949522680336	0.9811377308258805	0.9754208787321088	0.9811931607844321	0.9823360103166975	0.9793337732719062	0.981109980577164	0.9787566128116069	0.9781695316725575	0.9794003141733092	1.0	0.9811377308258805	0.9810265882654212	0.9810265882654212	0.9834844697309907
0.985681525921576	0.9842813959034568	0.9859731808593811	0.9854698972268687	0.9881218240949132	0.9879767837620981	0.9857418153729895	0.985394176039762	0.9861461406806385	0.9874110851204101	0.9852007645805981	0.9864240029165969	0.9889718563010887	0.9868376442389126	0.9863061095703075	0.9835026233791968	0.9871152520989261	0.9818157983370702	0.9876708760978798	0.9885037888641715	0.98686446303153	0.9848951764850492	0.9847931986620913	0.9865991617239924	0.980551551450092	0.98333196321408	0.9866959457396078	0.9802139611449886	0.9827039586973471	0.9837040560180143	0.9860306802869827	0.9811377308258805	1.0	0.9859727976364324	0.9861461406806385	0.9849059829325646
0.9876961706597844	0.9865363792666718	0.9896124477441103	0.9891858614223836	0.9907175656051205	0.9909125676419082	0.9894918369271893	0.9866707646324843	0.9869041674241876	0.9936430210418266	0.9883923419295635	0.988013399559843	0.9891482501874316	0.9879960319840173	0.988405392885193	0.98560220856464	0.9892806843051656	0.9828791196378132	0.9893098629834662	0.9934813940365378	0.9900151220984496	0.9920144406172228	0.9864708725307473	0.9885711296669155	0.9811818218017173	0.9837082636062873	0.987351838355199	0.9798934981515072	0.9817927631020131	0.9844308539800297	0.9920158036119607	0.9810265882654212	0.9859727976364324	1.0	0.9930844632919236	0.9878185369839448
0.9874461586647132	0.9866674040191509	0.9905877513211578	0.9902455218039774	0.9909147599268612	0.9911111280567655	0.9905051495225886	0.9868921681559936	0.9863674418994071	0.9974851615088026	0.9891264265150133	0.9879504353291105	0.9893237054083351	0.9888897482997624	0.9879872517813194	0.9852968844351405	0.9888588340571897	0.9820032219622147	0.9892882491168937	0.9942579793266423	0.9910936505220105	0.9977977746759049	0.9855155945629467	0.9875813060883547	0.9811818218017173	0.9838016677388463	0.9878789221406664	0.9807009247108374	0.9826419251606252	0.9840954136363115	0.9923676155084084	0.9810265882654212	0.9861461406806385	0.9930844632919236	1.0	0.9880243618139615
0.9869821224907784	0.9872282802288018	0.985428194399623	0.9855758852033364	0.9882628762386548	0.9880585412326629	0.985428194399623	0.987333215302408	0.9872632957774854	0.9792572563308705	0.9854651793983262	0.986232399856022	0.9878185369839448	0.9810396182135356	0.983797086519957	0.983797086519957	0.9767506166842217	0.9839522843500579	0.9852054055475129	0.9880926852175832	0.9861238874205652	0.986946806277103	0.9856127043902476	0.9685318248124165	0.9816681612177346	0.9843753304768292	0.9776547248852656	0.9826896290323889	0.9731844428358991	0.9795242431293105	0.9867341090736093	0.9834844697309907	0.9849059829325646	0.9878185369839448	0.9880243618139615	1.0
