/home/jshaw/scratch/2022_sketched_distance/references/SGB_genome_fastas_part4/6321/BackhedF_2015__SID244_12M__bin.30.fa	/home/jshaw/scratch/2022_sketched_distance/references/SGB_genome_fastas_part4/6321/BackhedF_2015__SID637_12M__bin.11.fa	/home/jshaw/scratch/2022_sketched_distance/references/SGB_genome_fastas_part4/6321/CosteaPI_2017__daisy-11-0-0__bin.59.fa	/home/jshaw/scratch/2022_sketched_distance/references/SGB_genome_fastas_part4/6321/CosteaPI_2017__daisy-11-2-0__bin.19.fa	/home/jshaw/scratch/2022_sketched_distance/references/SGB_genome_fastas_part4/6321/CosteaPI_2017__daisy-11-60-0__bin.48.fa	/home/jshaw/scratch/2022_sketched_distance/references/SGB_genome_fastas_part4/6321/CosteaPI_2017__daisy-11-7-0__bin.15.fa	/home/jshaw/scratch/2022_sketched_distance/references/SGB_genome_fastas_part4/6321/FengQ_2015__SID31875__bin.81.fa	/home/jshaw/scratch/2022_sketched_distance/references/SGB_genome_fastas_part4/6321/HMP_2012__SRS015960__bin.17.fa	/home/jshaw/scratch/2022_sketched_distance/references/SGB_genome_fastas_part4/6321/HMP_2012__SRS019397__bin.17.fa	/home/jshaw/scratch/2022_sketched_distance/references/SGB_genome_fastas_part4/6321/HMP_2012__SRS043001__bin.11.fa	/home/jshaw/scratch/2022_sketched_distance/references/SGB_genome_fastas_part4/6321/HMP_2012__SRS053335__bin.28.fa	/home/jshaw/scratch/2022_sketched_distance/references/SGB_genome_fastas_part4/6321/HMP_2012__SRS056259__bin.14.fa	/home/jshaw/scratch/2022_sketched_distance/references/SGB_genome_fastas_part4/6321/HMP_2012__SRS062427__bin.9.fa	/home/jshaw/scratch/2022_sketched_distance/references/SGB_genome_fastas_part4/6321/KarlssonFH_2013__S131__bin.18.fa	/home/jshaw/scratch/2022_sketched_distance/references/SGB_genome_fastas_part4/6321/KarlssonFH_2013__S195__bin.50.fa	/home/jshaw/scratch/2022_sketched_distance/references/SGB_genome_fastas_part4/6321/KarlssonFH_2013__S347__bin.23.fa	/home/jshaw/scratch/2022_sketched_distance/references/SGB_genome_fastas_part4/6321/LeChatelierE_2013__MH0067__bin.22.fa	/home/jshaw/scratch/2022_sketched_distance/references/SGB_genome_fastas_part4/6321/LiSS_2016__FAT_024-22-42-0__bin.42.fa	/home/jshaw/scratch/2022_sketched_distance/references/SGB_genome_fastas_part4/6321/LoombaR_2017__SID1015_aao__bin.28.fa	/home/jshaw/scratch/2022_sketched_distance/references/SGB_genome_fastas_part4/6321/NielsenHB_2014__MH0067__bin.16.fa	/home/jshaw/scratch/2022_sketched_distance/references/SGB_genome_fastas_part4/6321/NielsenHB_2014__O2_UC56_2__bin.28.fa	/home/jshaw/scratch/2022_sketched_distance/references/SGB_genome_fastas_part4/6321/NielsenHB_2014__O2_UC59_2__bin.8.fa	/home/jshaw/scratch/2022_sketched_distance/references/SGB_genome_fastas_part4/6321/NielsenHB_2014__V1_UC12_0__bin.18.fa	/home/jshaw/scratch/2022_sketched_distance/references/SGB_genome_fastas_part4/6321/Obregon-TitoAJ_2015__NO16__bin.20.fa	/home/jshaw/scratch/2022_sketched_distance/references/SGB_genome_fastas_part4/6321/VatanenT_2016__G78518__bin.7.fa	/home/jshaw/scratch/2022_sketched_distance/references/SGB_genome_fastas_part4/6321/VogtmannE_2016__MMRS61683006ST-27-0-0__bin.32.fa	/home/jshaw/scratch/2022_sketched_distance/references/SGB_genome_fastas_part4/6321/VogtmannE_2016__MMRS64281211ST-27-0-0__bin.35.fa	/home/jshaw/scratch/2022_sketched_distance/references/SGB_genome_fastas_part4/6321/VogtmannE_2016__MMRS91297590ST-27-0-0__bin.21.fa	/home/jshaw/scratch/2022_sketched_distance/references/SGB_genome_fastas_part4/6321/XieH_2016__YSZC12003_35551__bin.38.fa	/home/jshaw/scratch/2022_sketched_distance/references/SGB_genome_fastas_part4/6321/XieH_2016__YSZC12003_36697__bin.29.fa	/home/jshaw/scratch/2022_sketched_distance/references/SGB_genome_fastas_part4/6321/XieH_2016__YSZC12003_37198R1__bin.35.fa	/home/jshaw/scratch/2022_sketched_distance/references/SGB_genome_fastas_part4/6321/XieH_2016__YSZC12003_37222__bin.70.fa	/home/jshaw/scratch/2022_sketched_distance/references/SGB_genome_fastas_part4/6321/ZeeviD_2015__PNP_Main_120__bin.33.fa	/home/jshaw/scratch/2022_sketched_distance/references/SGB_genome_fastas_part4/6321/ZeeviD_2015__PNP_Main_318__bin.41.fa
1.0	0.9906148846358926	0.9820696123317642	0.9868532449456803	0.9868437315456674	0.9834590968389906	0.9867015937317629	0.9860163576286443	0.9900448858021303	0.9915288323691132	0.9919966379273929	0.9864317538238031	0.9872833223306697	0.9869036684137876	0.9839888864093798	0.9869058733906289	0.986861588473656	0.9918462494251455	0.9844875560553812	0.9852606414435963	0.986667728897286	0.9850760673550333	0.9925339078922114	0.9847279007721649	0.9797950831084361	0.9860565413816569	0.9908078972786983	0.9804843122867881	0.9876718572811861	0.986124629335303	0.9865891139793304	0.9888374398057418	0.9846891765503635	0.9865859837655874
0.9906148846358926	1.0	0.9804259400467228	0.9853677680308344	0.9853033528535944	0.9819272585672901	0.984388273444305	0.9869960425921107	0.9895323674620942	0.9913812690844314	0.9960275487144534	0.9872473561030862	0.9888748443057671	0.9845113456648599	0.9815896108524765	0.9849015850275811	0.9850154947259621	0.9902587164490408	0.9845789741209832	0.9835510762491326	0.9848262549193795	0.9836155963822814	0.9905404392889634	0.9863098085048899	0.976844364383801	0.9837405634273536	0.9918690228852939	0.981891895586697	0.9849453912853898	0.9843708173135921	0.9873978701861039	0.9891988694785411	0.982006082935345	0.9876493193412177
0.9820696123317642	0.9804259400467228	1.0	0.9944029422048484	0.9943632254405934	0.9931580564469112	0.9892998642986439	0.9784746316558681	0.9818203465747913	0.9813829138636646	0.9810127725621444	0.9789555223740531	0.9800370438933315	0.9898199840320773	0.9879599421192653	0.9889443294707452	0.9896436257221783	0.9816617318555366	0.9808362616757225	0.9885498511933534	0.9887717219333697	0.9895298471850313	0.9804316081561393	0.9771099231576477	0.9867801292675311	0.9896795608761224	0.981233988122672	0.9809668140507369	0.9885840530996621	0.989113800227908	0.9797117398161517	0.9812634743997773	0.9879122185124387	0.9780281870454299
0.9868532449456803	0.9853677680308344	0.9944029422048484	1.0	0.9997669696055788	0.9954809312191847	0.9942540748401927	0.9838211152708508	0.9864932290775588	0.9859867197383827	0.9864844799076778	0.9841691100523571	0.9851447108003455	0.9946661385720178	0.9915642971778933	0.9943078553863512	0.9950499545768996	0.9856049338266484	0.983262679376349	0.9930298153257823	0.9943535210758782	0.9944457395587117	0.9856174057045044	0.9819141921048787	0.987565339530563	0.9941197407455998	0.9859458600413885	0.978953924872622	0.9937438220389766	0.9943005715006877	0.9844369568668302	0.9862596295380358	0.9931163927970624	0.9811095594591629
0.9868437315456674	0.9853033528535944	0.9943632254405934	0.9997669696055788	1.0	0.9953392131043808	0.9942436407874572	0.9838237192740017	0.9864541977835972	0.9859143996102714	0.9864161032157455	0.9842029491087267	0.9850797545049764	0.9946302367090543	0.9914860320717104	0.9943444511369841	0.9949650490987261	0.9855680553616682	0.9831601769128137	0.9928913603050598	0.9942493485946109	0.9943641962566748	0.985549918820529	0.9818461061007535	0.9874244613407505	0.9941097316447862	0.9859082544745468	0.9788934249032395	0.993735467847584	0.994313549979997	0.9843693491649204	0.98625243522541	0.9930618219763697	0.9809539319812947
0.9834590968389906	0.9819272585672901	0.9931580564469112	0.9954809312191847	0.9953392131043808	1.0	0.9900409541428385	0.98003818749859	0.9831623083447825	0.9825177547345109	0.9829449271192533	0.980373554426008	0.98223126229754	0.9905619303689367	0.9879255955426529	0.9897585478330048	0.9905231273281575	0.9824642573463089	0.9806912366998928	0.9889771945732455	0.9899697632918355	0.9903904640089621	0.9819956821877747	0.9787050559393589	0.9848914712614512	0.9900161271617819	0.9826732591097611	0.9790924282387682	0.9894766833142509	0.9900246974018322	0.9809633809287166	0.982757067354222	0.9886734218511718	0.9785407983076689
0.9867015937317629	0.984388273444305	0.9892998642986439	0.9942540748401927	0.9942436407874572	0.9900409541428385	1.0	0.9834098746521072	0.98764706157516	0.9858931761540316	0.9862143336908864	0.9837230239275726	0.9842719971268864	0.9933715408751841	0.9909126612019337	0.9934665250917594	0.9939300905176407	0.9854831383913487	0.9823372376092908	0.9920378209228028	0.9928911498768603	0.9932438489143846	0.9861837040795419	0.981089812888941	0.9856609016005244	0.9936268974897006	0.9862647328269907	0.9776470187237423	0.9934528644655375	0.9935617735182424	0.9839736578709942	0.9855772116895853	0.9921554959026566	0.9804497370847831
0.9860163576286443	0.9869960425921107	0.9784746316558681	0.9838211152708508	0.9838237192740017	0.98003818749859	0.9834098746521072	1.0	0.9880765417615762	0.9873945829503836	0.9882912226283609	0.999359396541587	0.9918726278464916	0.9839598409473902	0.9806962958849547	0.9838344676644988	0.9847397714169325	0.9866460619015036	0.9878444674478863	0.9832809993673706	0.9840181708548886	0.9822696516304966	0.986238217882173	0.9859736077420341	0.9763953146870175	0.9823072509583701	0.9889150518886047	0.9842704742591373	0.9842690351460872	0.9827577941358816	0.9950327670797375	0.9917369517409413	0.9817072662638137	0.9829952899774033
0.9900448858021303	0.9895323674620942	0.9818203465747913	0.9864932290775588	0.9864541977835972	0.9831623083447825	0.98764706157516	0.9880765417615762	1.0	0.9914958962821956	0.991149398357319	0.9884024247048642	0.9895335165166212	0.9867286889648351	0.9838221008069458	0.9861860551270362	0.9868093513482613	0.9906820806327066	0.9860427370801451	0.9853682027515431	0.9860700279299256	0.9852707287404583	0.9914508034056694	0.9869938948224968	0.9797808574530524	0.9854600625217531	0.9917867741480451	0.9826129459449876	0.9868264556140954	0.9854534426398276	0.9880845578200681	0.9906664956845483	0.9847561953522639	0.9858784660637745
0.9915288323691132	0.9913812690844314	0.9813829138636646	0.9859867197383827	0.9859143996102714	0.9825177547345109	0.9858931761540316	0.9873945829503836	0.9914958962821956	1.0	0.9927689567645984	0.9877984111663861	0.9885707850353169	0.986136356477089	0.9831306541200197	0.9861563572561326	0.9864492215707491	0.9922235543699038	0.9853563611957363	0.9851113155232555	0.9859383069413044	0.9842505905100966	0.9917510665310728	0.9877429651474703	0.9779576907077555	0.984710527315565	0.9917670941119406	0.9814735711536619	0.98635391889144	0.9858749240550532	0.9875941107385049	0.9900625844544322	0.9839425142052891	0.9888838315238508
0.9919966379273929	0.9960275487144534	0.9810127725621444	0.9864844799076778	0.9864161032157455	0.9829449271192533	0.9862143336908864	0.9882912226283609	0.991149398357319	0.9927689567645984	1.0	0.9884388731058946	0.98935328670034	0.9863499923899867	0.9832775531824116	0.9863640188931644	0.9871563383564018	0.9919346787044119	0.985978157838087	0.9855511574854133	0.9866642393837688	0.9850095142324886	0.9922233148729769	0.9868334649932542	0.9789292953868203	0.9855682670627088	0.9928123335472289	0.9821500209074384	0.9869570452014226	0.98592150410781	0.9885796351975014	0.9901627869392287	0.983482074036872	0.9894416876097857
0.9864317538238031	0.9872473561030862	0.9789555223740531	0.9841691100523571	0.9842029491087267	0.980373554426008	0.9837230239275726	0.999359396541587	0.9884024247048642	0.9877984111663861	0.9884388731058946	1.0	0.9921668985200548	0.9843749557302461	0.9808624887800738	0.984079736195727	0.985092511624959	0.9870366328341541	0.9882497999234057	0.9836143576658322	0.9842622382357129	0.9824078211303081	0.9865892672815193	0.9862691199082377	0.9767699048846922	0.9826558022561674	0.9893298086291832	0.984637315390503	0.9844824331059451	0.9829643022808265	0.9944347528635322	0.992091186884942	0.9820805932752134	0.9834550757448552
0.9872833223306697	0.9888748443057671	0.9800370438933315	0.9851447108003455	0.9850797545049764	0.98223126229754	0.9842719971268864	0.9918726278464916	0.9895335165166212	0.9885707850353169	0.98935328670034	0.9921668985200548	1.0	0.9843000056239416	0.9821441101209082	0.984547140713478	0.9848135602109731	0.9878454948099955	0.9884668213309039	0.9833404040037085	0.9845656065729405	0.9832265175121102	0.9874576508186105	0.9884971632402919	0.9771088686181628	0.9833142250351109	0.990282161100527	0.9920857995394688	0.9851784349193561	0.9838473724923448	0.992651396729682	0.993081346774557	0.9825136299004993	0.984551725419781
0.9869036684137876	0.9845113456648599	0.9898199840320773	0.9946661385720178	0.9946302367090543	0.9905619303689367	0.9933715408751841	0.9839598409473902	0.9867286889648351	0.986136356477089	0.9863499923899867	0.9843749557302461	0.9843000056239416	1.0	0.9910711855931414	0.9936326265470187	0.9939054717618783	0.9854901333688137	0.9826097288866176	0.9920190738140523	0.9937564750710748	0.9928922328393814	0.9858214689251104	0.9817503536166737	0.9871036666192474	0.9933258988390405	0.9866545782008738	0.9775626637001333	0.9936178397170892	0.9934137092488008	0.9841389104479633	0.986120999934918	0.9918355504387898	0.9809730964366964
0.9839888864093798	0.9815896108524765	0.9879599421192653	0.9915642971778933	0.9914860320717104	0.9879255955426529	0.9909126612019337	0.9806962958849547	0.9838221008069458	0.9831306541200197	0.9832775531824116	0.9808624887800738	0.9821441101209082	0.9910711855931414	1.0	0.9912502307388668	0.9913083140701006	0.9835124162225933	0.9804052441730687	0.989608985936403	0.9904638573790941	0.9897279622247872	0.9828291993785017	0.9784669029578591	0.9863024885303319	0.9907359466782868	0.9831080589328114	0.9777266032645555	0.9929847683887263	0.9912944948451821	0.9814566024562417	0.9831111468051866	0.9891733531572039	0.9788215236958466
0.9869058733906289	0.9849015850275811	0.9889443294707452	0.9943078553863512	0.9943444511369841	0.9897585478330048	0.9934665250917594	0.9838344676644988	0.9861860551270362	0.9861563572561326	0.9863640188931644	0.984079736195727	0.984547140713478	0.9936326265470187	0.9912502307388668	1.0	0.9946119642067814	0.9854605217924924	0.9823186350124856	0.9925540592956672	0.9936762778466544	0.992924868472053	0.9858165504005043	0.9816510013999031	0.9869096052668962	0.9940742497034382	0.9858606819956797	0.9780125367473815	0.9937758214642533	0.9936237496758484	0.984439940619439	0.9858946769452317	0.9921883416385252	0.9809722834986434
0.986861588473656	0.9850154947259621	0.9896436257221783	0.9950499545768996	0.9949650490987261	0.9905231273281575	0.9939300905176407	0.9847397714169325	0.9868093513482613	0.9864492215707491	0.9871563383564018	0.985092511624959	0.9848135602109731	0.9939054717618783	0.9913083140701006	0.9946119642067814	1.0	0.9858901268891824	0.983110773574124	0.9975008980091814	0.9943007827490592	0.9929027605497843	0.9860852435204045	0.9817645541566146	0.9875838274109056	0.993590836164187	0.9865782241050309	0.9782374202994901	0.9940201190584936	0.9935012340359277	0.9846871912278956	0.9861975238024643	0.9924472982390423	0.9814630415112159
0.9918462494251455	0.9902587164490408	0.9816617318555366	0.9856049338266484	0.9855680553616682	0.9824642573463089	0.9854831383913487	0.9866460619015036	0.9906820806327066	0.9922235543699038	0.9919346787044119	0.9870366328341541	0.9878454948099955	0.9854901333688137	0.9835124162225933	0.9854605217924924	0.9858901268891824	1.0	0.9851028516738829	0.9843729511873054	0.9855356473471306	0.9841480844869596	0.9917076077160552	0.9843978887708037	0.9789918918071552	0.9846251254815898	0.9919409879756246	0.981881383958478	0.9859420953107746	0.9849007874536699	0.9868323285431986	0.9885915730342627	0.9830085731197982	0.9871306100640813
0.9844875560553812	0.9845789741209832	0.9808362616757225	0.983262679376349	0.9831601769128137	0.9806912366998928	0.9823372376092908	0.9878444674478863	0.9860427370801451	0.9853563611957363	0.985978157838087	0.9882497999234057	0.9884668213309039	0.9826097288866176	0.9804052441730687	0.9823186350124856	0.983110773574124	0.9851028516738829	1.0	0.9824319899879569	0.9826815006218023	0.9811527848676249	0.9844712250041664	0.9824437102991604	0.978015811507899	0.9824558548764204	0.9870604567163314	0.9849378507042367	0.9824615738129179	0.9816340926140926	0.9880032734631728	0.9903800428640904	0.9811011750199685	0.9813298250753816
0.9852606414435963	0.9835510762491326	0.9885498511933534	0.9930298153257823	0.9928913603050598	0.9889771945732455	0.9920378209228028	0.9832809993673706	0.9853682027515431	0.9851113155232555	0.9855511574854133	0.9836143576658322	0.9833404040037085	0.9920190738140523	0.989608985936403	0.9925540592956672	0.9975008980091814	0.9843729511873054	0.9824319899879569	1.0	0.9922242966438433	0.991116767046281	0.9845216597854295	0.9805634986157316	0.9863984690423024	0.9919212702303905	0.9850373355772115	0.9776284317718025	0.9920962556721235	0.9913077681569998	0.9836567776983505	0.9848457947013547	0.9905718848074588	0.9809278000841223
0.986667728897286	0.9848262549193795	0.9887717219333697	0.9943535210758782	0.9942493485946109	0.9899697632918355	0.9928911498768603	0.9840181708548886	0.9860700279299256	0.9859383069413044	0.9866642393837688	0.9842622382357129	0.9845656065729405	0.9937564750710748	0.9904638573790941	0.9936762778466544	0.9943007827490592	0.9855356473471306	0.9826815006218023	0.9922242966438433	1.0	0.9927163420283919	0.9860993071705005	0.9808591629092764	0.9876960179992748	0.9932826120050164	0.9862083131451531	0.9778324981475834	0.9932140979512442	0.9928468206767993	0.984361071421611	0.985933637713363	0.9916852637342709	0.9812410658411342
0.9850760673550333	0.9836155963822814	0.9895298471850313	0.9944457395587117	0.9943641962566748	0.9903904640089621	0.9932438489143846	0.9822696516304966	0.9852707287404583	0.9842505905100966	0.9850095142324886	0.9824078211303081	0.9832265175121102	0.9928922328393814	0.9897279622247872	0.992924868472053	0.9929027605497843	0.9841480844869596	0.9811527848676249	0.991116767046281	0.9927163420283919	1.0	0.984259826291221	0.9800778099591959	0.9857559872369658	0.9935399276682956	0.9844454172017899	0.9773529501456991	0.9925264415626832	0.9926388493639114	0.9831329979218346	0.9842067373312862	0.9915356194330375	0.9796017458708177
0.9925339078922114	0.9905404392889634	0.9804316081561393	0.9856174057045044	0.985549918820529	0.9819956821877747	0.9861837040795419	0.986238217882173	0.9914508034056694	0.9917510665310728	0.9922233148729769	0.9865892672815193	0.9874576508186105	0.9858214689251104	0.9828291993785017	0.9858165504005043	0.9860852435204045	0.9917076077160552	0.9844712250041664	0.9845216597854295	0.9860993071705005	0.984259826291221	1.0	0.9850062263589939	0.978265364023813	0.9848883715681733	0.992473839054698	0.9801525139921125	0.9862195275708738	0.9850546510154854	0.9863348836764181	0.9886227987403023	0.9838391938371198	0.9862923281178564
0.9847279007721649	0.9863098085048899	0.9771099231576477	0.9819141921048787	0.9818461061007535	0.9787050559393589	0.981089812888941	0.9859736077420341	0.9869938948224968	0.9877429651474703	0.9868334649932542	0.9862691199082377	0.9884971632402919	0.9817503536166737	0.9784669029578591	0.9816510013999031	0.9817645541566146	0.9843978887708037	0.9824437102991604	0.9805634986157316	0.9808591629092764	0.9800778099591959	0.9850062263589939	1.0	0.9735421608320223	0.9799437425048461	0.9879611131975803	0.9821098413070289	0.9816940299588379	0.980866296301831	0.9857295215181189	0.9869706391787589	0.9797785418772343	0.9824511710092646
0.9797950831084361	0.976844364383801	0.9867801292675311	0.987565339530563	0.9874244613407505	0.9848914712614512	0.9856609016005244	0.9763953146870175	0.9797808574530524	0.9779576907077555	0.9789292953868203	0.9767699048846922	0.9771088686181628	0.9871036666192474	0.9863024885303319	0.9869096052668962	0.9875838274109056	0.9789918918071552	0.978015811507899	0.9863984690423024	0.9876960179992748	0.9857559872369658	0.978265364023813	0.9735421608320223	1.0	0.9870926707077723	0.9789607430989328	0.9771061238591324	0.9866866675025389	0.9860738355123501	0.977479239018904	0.9784275566958451	0.9842938148351282	0.9749602774351914
0.9860565413816569	0.9837405634273536	0.9896795608761224	0.9941197407455998	0.9941097316447862	0.9900161271617819	0.9936268974897006	0.9823072509583701	0.9854600625217531	0.984710527315565	0.9855682670627088	0.9826558022561674	0.9833142250351109	0.9933258988390405	0.9907359466782868	0.9940742497034382	0.993590836164187	0.9846251254815898	0.9824558548764204	0.9919212702303905	0.9932826120050164	0.9935399276682956	0.9848883715681733	0.9799437425048461	0.9870926707077723	1.0	0.9851488942496666	0.9779347569107082	0.9928473807674703	0.9933500820220639	0.9829049380446303	0.9848049291120993	0.9915408215317537	0.9804398730292037
0.9908078972786983	0.9918690228852939	0.981233988122672	0.9859458600413885	0.9859082544745468	0.9826732591097611	0.9862647328269907	0.9889150518886047	0.9917867741480451	0.9917670941119406	0.9928123335472289	0.9893298086291832	0.990282161100527	0.9866545782008738	0.9831080589328114	0.9858606819956797	0.9865782241050309	0.9919409879756246	0.9870604567163314	0.9850373355772115	0.9862083131451531	0.9844454172017899	0.992473839054698	0.9879611131975803	0.9789607430989328	0.9851488942496666	1.0	0.9837754050406237	0.9866039694368236	0.9849609002298416	0.989450692756375	0.9907870398532068	0.9838551162358473	0.9868814765979399
0.9804843122867881	0.981891895586697	0.9809668140507369	0.978953924872622	0.9788934249032395	0.9790924282387682	0.9776470187237423	0.9842704742591373	0.9826129459449876	0.9814735711536619	0.9821500209074384	0.984637315390503	0.9920857995394688	0.9775626637001333	0.9777266032645555	0.9780125367473815	0.9782374202994901	0.981881383958478	0.9849378507042367	0.9776284317718025	0.9778324981475834	0.9773529501456991	0.9801525139921125	0.9821098413070289	0.9771061238591324	0.9779347569107082	0.9837754050406237	1.0	0.9781342269894496	0.9771188636822127	0.985781681370007	0.9857713146435954	0.9756378027264166	0.9802599360429751
0.9876718572811861	0.9849453912853898	0.9885840530996621	0.9937438220389766	0.993735467847584	0.9894766833142509	0.9934528644655375	0.9842690351460872	0.9868264556140954	0.98635391889144	0.9869570452014226	0.9844824331059451	0.9851784349193561	0.9936178397170892	0.9929847683887263	0.9937758214642533	0.9940201190584936	0.9859420953107746	0.9824615738129179	0.9920962556721235	0.9932140979512442	0.9925264415626832	0.9862195275708738	0.9816940299588379	0.9866866675025389	0.9928473807674703	0.9866039694368236	0.9781342269894496	1.0	0.9943273958144297	0.9847545990833901	0.9861156006100562	0.9919368219856977	0.9808540788190878
0.986124629335303	0.9843708173135921	0.989113800227908	0.9943005715006877	0.994313549979997	0.9900246974018322	0.9935617735182424	0.9827577941358816	0.9854534426398276	0.9858749240550532	0.98592150410781	0.9829643022808265	0.9838473724923448	0.9934137092488008	0.9912944948451821	0.9936237496758484	0.9935012340359277	0.9849007874536699	0.9816340926140926	0.9913077681569998	0.9928468206767993	0.9926388493639114	0.9850546510154854	0.980866296301831	0.9860738355123501	0.9933500820220639	0.9849609002298416	0.9771188636822127	0.9943273958144297	1.0	0.9834563455072186	0.9848801430742247	0.9912064166890661	0.9797048708123652
0.9865891139793304	0.9873978701861039	0.9797117398161517	0.9844369568668302	0.9843693491649204	0.9809633809287166	0.9839736578709942	0.9950327670797375	0.9880845578200681	0.9875941107385049	0.9885796351975014	0.9944347528635322	0.992651396729682	0.9841389104479633	0.9814566024562417	0.984439940619439	0.9846871912278956	0.9868323285431986	0.9880032734631728	0.9836567776983505	0.984361071421611	0.9831329979218346	0.9863348836764181	0.9857295215181189	0.977479239018904	0.9829049380446303	0.989450692756375	0.985781681370007	0.9847545990833901	0.9834563455072186	1.0	0.9925605883975138	0.9821961208992456	0.9837498717825081
0.9888374398057418	0.9891988694785411	0.9812634743997773	0.9862596295380358	0.98625243522541	0.982757067354222	0.9855772116895853	0.9917369517409413	0.9906664956845483	0.9900625844544322	0.9901627869392287	0.992091186884942	0.993081346774557	0.986120999934918	0.9831111468051866	0.9858946769452317	0.9861975238024643	0.9885915730342627	0.9903800428640904	0.9848457947013547	0.985933637713363	0.9842067373312862	0.9886227987403023	0.9869706391787589	0.9784275566958451	0.9848049291120993	0.9907870398532068	0.9857713146435954	0.9861156006100562	0.9848801430742247	0.9925605883975138	1.0	0.9841415458345505	0.9851716761595501
0.9846891765503635	0.982006082935345	0.9879122185124387	0.9931163927970624	0.9930618219763697	0.9886734218511718	0.9921554959026566	0.9817072662638137	0.9847561953522639	0.9839425142052891	0.983482074036872	0.9820805932752134	0.9825136299004993	0.9918355504387898	0.9891733531572039	0.9921883416385252	0.9924472982390423	0.9830085731197982	0.9811011750199685	0.9905718848074588	0.9916852637342709	0.9915356194330375	0.9838391938371198	0.9797785418772343	0.9842938148351282	0.9915408215317537	0.9838551162358473	0.9756378027264166	0.9919368219856977	0.9912064166890661	0.9821961208992456	0.9841415458345505	1.0	0.9781087093165635
0.9865859837655874	0.9876493193412177	0.9780281870454299	0.9811095594591629	0.9809539319812947	0.9785407983076689	0.9804497370847831	0.9829952899774033	0.9858784660637745	0.9888838315238508	0.9894416876097857	0.9834550757448552	0.984551725419781	0.9809730964366964	0.9788215236958466	0.9809722834986434	0.9814630415112159	0.9871306100640813	0.9813298250753816	0.9809278000841223	0.9812410658411342	0.9796017458708177	0.9862923281178564	0.9824511710092646	0.9749602774351914	0.9804398730292037	0.9868814765979399	0.9802599360429751	0.9808540788190878	0.9797048708123652	0.9837498717825081	0.9851716761595501	0.9781087093165635	1.0
