/home/jshaw/scratch/2022_sketched_distance/references/SGB_genome_fastas_part4/9649/BackhedF_2015__SID536_B__bin.13.fa	/home/jshaw/scratch/2022_sketched_distance/references/SGB_genome_fastas_part4/9649/HMP_2012__SRS011090__bin.2.fa	/home/jshaw/scratch/2022_sketched_distance/references/SGB_genome_fastas_part4/9649/HMP_2012__SRS011098__bin.13.fa	/home/jshaw/scratch/2022_sketched_distance/references/SGB_genome_fastas_part4/9649/HMP_2012__SRS011144__bin.2.fa	/home/jshaw/scratch/2022_sketched_distance/references/SGB_genome_fastas_part4/9649/HMP_2012__SRS011310__bin.15.fa	/home/jshaw/scratch/2022_sketched_distance/references/SGB_genome_fastas_part4/9649/HMP_2012__SRS011343__bin.24.fa	/home/jshaw/scratch/2022_sketched_distance/references/SGB_genome_fastas_part4/9649/HMP_2012__SRS013881__bin.7.fa	/home/jshaw/scratch/2022_sketched_distance/references/SGB_genome_fastas_part4/9649/HMP_2012__SRS014472__bin.1.fa	/home/jshaw/scratch/2022_sketched_distance/references/SGB_genome_fastas_part4/9649/HMP_2012__SRS015060__bin.15.fa	/home/jshaw/scratch/2022_sketched_distance/references/SGB_genome_fastas_part4/9649/HMP_2012__SRS015650__bin.18.fa	/home/jshaw/scratch/2022_sketched_distance/references/SGB_genome_fastas_part4/9649/HMP_2012__SRS015745__bin.9.fa	/home/jshaw/scratch/2022_sketched_distance/references/SGB_genome_fastas_part4/9649/HMP_2012__SRS015985__bin.1.fa	/home/jshaw/scratch/2022_sketched_distance/references/SGB_genome_fastas_part4/9649/HMP_2012__SRS017013__bin.8.fa	/home/jshaw/scratch/2022_sketched_distance/references/SGB_genome_fastas_part4/9649/HMP_2012__SRS017215__bin.13.fa	/home/jshaw/scratch/2022_sketched_distance/references/SGB_genome_fastas_part4/9649/HMP_2012__SRS017687__bin.7.fa	/home/jshaw/scratch/2022_sketched_distance/references/SGB_genome_fastas_part4/9649/HMP_2012__SRS018978__bin.5.fa	/home/jshaw/scratch/2022_sketched_distance/references/SGB_genome_fastas_part4/9649/HMP_2012__SRS019329__bin.12.fa	/home/jshaw/scratch/2022_sketched_distance/references/SGB_genome_fastas_part4/9649/HMP_2012__SRS019387__bin.27.fa	/home/jshaw/scratch/2022_sketched_distance/references/SGB_genome_fastas_part4/9649/HMP_2012__SRS019391__bin.4.fa	/home/jshaw/scratch/2022_sketched_distance/references/SGB_genome_fastas_part4/9649/HMP_2012__SRS019976__bin.6.fa	/home/jshaw/scratch/2022_sketched_distance/references/SGB_genome_fastas_part4/9649/HMP_2012__SRS021473__bin.7.fa	/home/jshaw/scratch/2022_sketched_distance/references/SGB_genome_fastas_part4/9649/HMP_2012__SRS022532__bin.7.fa	/home/jshaw/scratch/2022_sketched_distance/references/SGB_genome_fastas_part4/9649/HMP_2012__SRS022625__bin.1.fa	/home/jshaw/scratch/2022_sketched_distance/references/SGB_genome_fastas_part4/9649/HMP_2012__SRS023987__bin.2.fa	/home/jshaw/scratch/2022_sketched_distance/references/SGB_genome_fastas_part4/9649/HMP_2012__SRS024281__bin.7.fa	/home/jshaw/scratch/2022_sketched_distance/references/SGB_genome_fastas_part4/9649/HMP_2012__SRS024289__bin.15.fa	/home/jshaw/scratch/2022_sketched_distance/references/SGB_genome_fastas_part4/9649/HMP_2012__SRS024347__bin.8.fa	/home/jshaw/scratch/2022_sketched_distance/references/SGB_genome_fastas_part4/9649/HMP_2012__SRS043676__bin.6.fa	/home/jshaw/scratch/2022_sketched_distance/references/SGB_genome_fastas_part4/9649/HMP_2012__SRS045049__bin.14.fa	/home/jshaw/scratch/2022_sketched_distance/references/SGB_genome_fastas_part4/9649/HMP_2012__SRS045262__bin.3.fa	/home/jshaw/scratch/2022_sketched_distance/references/SGB_genome_fastas_part4/9649/HMP_2012__SRS046686__bin.6.fa	/home/jshaw/scratch/2022_sketched_distance/references/SGB_genome_fastas_part4/9649/HMP_2012__SRS052874__bin.11.fa	/home/jshaw/scratch/2022_sketched_distance/references/SGB_genome_fastas_part4/9649/HMP_2012__SRS063272__bin.1.fa	/home/jshaw/scratch/2022_sketched_distance/references/SGB_genome_fastas_part4/9649/QinN_2014__LD-57__bin.29.fa
1.0	0.9644017832648254	0.9678299606611799	0.973854546546866	0.9660252089831463	0.9695007191066898	0.9595088388284722	0.9737562269768824	0.9534527955827777	0.965880021992859	0.9572530194769948	0.9689343072355066	0.9612966843641059	0.9644674871850707	0.9713024505956105	0.9638712599136003	0.9633318291095652	0.96904838687072	0.9669417822030801	0.9622249907400343	0.9555709993712874	0.9722960597862779	0.9660679247772601	0.9660679247772601	0.9857681797570206	0.9869399328066265	0.9654372694662267	0.988324629094042	0.97277062820426	0.9614412622590945	0.9676469619102163	0.9757983703303835	0.9652456378043061	0.9671124865867274
0.9644017832648254	1.0	0.9686886753888977	0.9677948959097343	0.968613866198453	0.963906696493301	0.9752490290759644	0.9685254716080828	0.9712516979707283	0.9648161633673108	0.9749158001657381	0.9677525847838986	0.9951873878538654	0.9683147193651086	0.969767777144839	0.9663786800269816	0.9924236202598621	0.9654894429064073	0.9778120670662166	0.9657647873137845	0.9939370558664528	0.9665455724297761	0.9685990844049954	0.9644782162104456	0.9703983716955151	0.9624558609972262	0.968982132333027	0.9674853681371397	0.9746564087942204	0.9632319318025715	0.9864216022156712	0.972415177963125	0.9673562578658678	0.9686516961829912
0.9678299606611799	0.9686886753888977	1.0	0.9721206823941952	0.9723889195155556	0.9702782341443404	0.9667710939639371	0.9738152893642811	0.9637908934788588	0.9697928881254755	0.9656122437499304	0.9754660629524379	0.9643085482511711	0.9690830576862748	0.9731320778093164	0.9793511799343535	0.9676298980076996	0.970777383903237	0.9736237515377978	0.9660623874994761	0.9656039990856574	0.9744026498119004	0.9679866975730463	0.9671132382964662	0.9727629346437873	0.9707074772337655	0.972291172417955	0.9733032377467042	0.9772672745191188	0.9691705765438269	0.9699629663331639	0.9736183356001884	0.9715355386178975	0.9707540406556447
0.973854546546866	0.9677948959097343	0.9721206823941952	1.0	0.9753782275873356	0.971999678366146	0.9669919071034896	0.9862714564242735	0.96372523565126	0.9801265818507087	0.9662057541485448	0.9739310983479689	0.9651065303391729	0.9676515894052456	0.9851405121124411	0.9732850977754033	0.9664319308788575	0.9730834137325032	0.974932268705828	0.9664159149703342	0.9674081655611534	0.9754422272192332	0.96787212982351	0.9646428869466764	0.9786005196268784	0.9742149074006214	0.9721998688346737	0.976333032041506	0.984128833343024	0.9670014215564737	0.9711731128136316	0.9758986219556222	0.9696507112605451	0.9730070038727789
0.9660252089831463	0.968613866198453	0.9723889195155556	0.9753782275873356	1.0	0.991613924464911	0.9654280187386055	0.9778885363354327	0.9580010114190256	0.9660252089831463	0.9585588554759098	0.9733988114512167	0.9628492849644871	0.969511346457994	0.9719541067147538	0.9651493922757807	0.9679394886131446	0.9898259900258454	0.982465875443322	0.9644073904282124	0.9604386933982755	0.9970021541467889	0.9683702651250907	0.9669965575700811	0.9727646538787884	0.9750317133494664	0.9722807620290993	0.9740208118331166	0.9757603231490185	0.9666115251891312	0.9650621082307979	0.9688867260509517	0.9692744457914173	0.9728179765169348
0.9695007191066898	0.963906696493301	0.9702782341443404	0.971999678366146	0.991613924464911	1.0	0.9627650755999448	0.9746103435803464	0.9586822360112834	0.9695138573648285	0.9599157701515378	0.9704688123379976	0.9604497942736209	0.9661553284757033	0.9709954885833887	0.9689628649405544	0.9632002486136285	0.9909607757819102	0.9861465127781199	0.9642340459471536	0.9617352073485628	0.9939316190883783	0.964711721931192	0.9637900288793767	0.9756994986017632	0.9759615042892225	0.9705107993720546	0.9723153092579702	0.9778617698002888	0.964201605268593	0.9687857832651834	0.971281241018656	0.9660465515889342	0.9698936751431868
0.9595088388284722	0.9752490290759644	0.9667710939639371	0.9669919071034896	0.9654280187386055	0.9627650755999448	1.0	0.9654711785270932	0.982966722311615	0.9604470690961597	0.9740046002003802	0.9659292988425133	0.9703336829044442	0.9687060075708911	0.9633894053593123	0.9640712338925731	0.976173581838475	0.962513123921551	0.9689480014896357	0.9641712743585283	0.970682846184832	0.9666601174256658	0.9680738433282752	0.9670468748250143	0.9658842376483416	0.9642965002024059	0.9660994271280404	0.9659292988425133	0.9709676323913593	0.9592543597089738	0.9720519275043652	0.97116563281275	0.9652976881995501	0.965872389070105
0.9737562269768824	0.9685254716080828	0.9738152893642811	0.9862714564242735	0.9778885363354327	0.9746103435803464	0.9654711785270932	1.0	0.9621768167694242	0.9893664191936551	0.9643023316953301	0.9726996751705599	0.9641349444857891	0.9678063801914158	0.9932322150896754	0.9726800374296509	0.9661145189663728	0.9764053994922034	0.9771417071550802	0.9661215788895642	0.966839197744802	0.9798530088366814	0.9672285750536866	0.9648643919455699	0.9784343872482861	0.9742861373602799	0.9731459669413934	0.975186250247422	0.988625914922012	0.9681834533701393	0.9716886481894644	0.975697808759873	0.9718988487605671	0.973136801781397
0.9534527955827777	0.9712516979707283	0.9637908934788588	0.96372523565126	0.9580010114190256	0.9586822360112834	0.982966722311615	0.9621768167694242	1.0	0.9557322503081618	0.969326175347277	0.9650135640892638	0.9665546457757336	0.9664943980074723	0.9595922989585837	0.9576962919043839	0.9709904246825529	0.9577454939546094	0.9624283402399361	0.9598899877086446	0.9646625308014525	0.9632618339847852	0.9638564173927784	0.9629266898876364	0.9590645820401051	0.9604043706401034	0.9618997301743812	0.9631281958996978	0.9648630404222492	0.9582952598528646	0.9678121320420215	0.9663676001167534	0.9618300827821851	0.9623144674692898
0.965880021992859	0.9648161633673108	0.9697928881254755	0.9801265818507087	0.9660252089831463	0.9695138573648285	0.9604470690961597	0.9893664191936551	0.9557322503081618	1.0	0.9588771401385031	0.9700695309827387	0.960742889333947	0.9639619994645285	0.9831741212755994	0.9653415962893376	0.9631528649420567	0.9686044122844936	0.9676477638069314	0.9593127347712658	0.9588424378222781	0.9725094562007814	0.9647512581192325	0.9641611384172003	0.9719425000841915	0.9740558886591706	0.9679051138972636	0.9735155518654922	0.9778617698002888	0.9626712788753014	0.9654189808068377	0.966568522760407	0.968314877001077	0.968139900960834
0.9572530194769948	0.9749158001657381	0.9656122437499304	0.9662057541485448	0.9585588554759098	0.9599157701515378	0.9740046002003802	0.9643023316953301	0.969326175347277	0.9588771401385031	1.0	0.9648327152297336	0.9676031890307333	0.9680029314077453	0.9614131227286087	0.9503406336355115	0.9731349574784223	0.958021231816384	0.9589825345182389	0.9607230612785337	0.9711786956432291	0.9641235746311166	0.9661216337985472	0.9647449232957639	0.9625625823789332	0.9633066276542648	0.9638535607331208	0.9653544936613389	0.9598134117975842	0.9598134117975842	0.9565890552799012	0.9617043739192167	0.966870924013695	0.965268116145949
0.9689343072355066	0.9677525847838986	0.9754660629524379	0.9739310983479689	0.9733988114512167	0.9704688123379976	0.9659292988425133	0.9726996751705599	0.9650135640892638	0.9700695309827387	0.9648327152297336	1.0	0.9639020042955513	0.9672442734495253	0.9709452534084441	0.9760145075304101	0.9668836265318882	0.9719273824836415	0.9736817536841078	0.9660030871079278	0.9646625308014525	0.9749967704813944	0.9687457954039	0.9673465787157022	0.9744060818402361	0.9708289731470775	0.972291172417955	0.9739727389157902	0.9783402369334934	0.9784508012422011	0.9707245954085942	0.9737789990418383	0.9718667604174566	0.9710870834562209
0.9612966843641059	0.9951873878538654	0.9643085482511711	0.9651065303391729	0.9628492849644871	0.9604497942736209	0.9703336829044442	0.9641349444857891	0.9665546457757336	0.960742889333947	0.9676031890307333	0.9639020042955513	1.0	0.9664300771168728	0.9632620485277518	0.9604896279626696	0.9920876322503437	0.9613885803491836	0.9741420771255556	0.9626926000269183	0.9876066871073118	0.9645958204728124	0.9649371931814658	0.9643085482511711	0.9666119584544791	0.9634902503107106	0.9636692967627106	0.9647669597919944	0.970230900700029	0.9593098234663069	0.983453720438418	0.9685117412072712	0.96366736296782	0.965274980807334
0.9644674871850707	0.9683147193651086	0.9690830576862748	0.9676515894052456	0.969511346457994	0.9661553284757033	0.9687060075708911	0.9678063801914158	0.9664943980074723	0.9639619994645285	0.9680029314077453	0.9672442734495253	0.9664300771168728	1.0	0.9680547350985431	0.9703047760507927	0.9679915602022476	0.966618661753274	0.9702623789978853	0.9684593275087842	0.9685168474772686	0.9689064217042587	0.971834117191426	0.9679751209246089	0.9697520269166884	0.9635725123604103	0.9691834904252749	0.9674366430382045	0.9730822963496514	0.9629228047584001	0.9710242965498799	0.9713964378797091	0.9675015213561299	0.9685025578406834
0.9713024505956105	0.969767777144839	0.9731320778093164	0.9851405121124411	0.9719541067147538	0.9709954885833887	0.9633894053593123	0.9932322150896754	0.9595922989585837	0.9831741212755994	0.9614131227286087	0.9709452534084441	0.9632620485277518	0.9680547350985431	1.0	0.9687049319258687	0.9669359943737068	0.9712952733601298	0.9721389304889458	0.9646081228850529	0.9636222544127079	0.9767735233238377	0.9700791016300417	0.9678340697783798	0.9757899458944008	0.9760942977199507	0.9706421936918344	0.9764781046716317	0.9815542967720945	0.9641431206422848	0.9676469619102163	0.9726925688540791	0.9712455016216004	0.9704385653052944
0.9638712599136003	0.9663786800269816	0.9793511799343535	0.9732850977754033	0.9651493922757807	0.9689628649405544	0.9640712338925731	0.9726800374296509	0.9576962919043839	0.9653415962893376	0.9503406336355115	0.9760145075304101	0.9604896279626696	0.9703047760507927	0.9687049319258687	1.0	0.9650528579524417	0.969218754448574	0.9629556432520876	0.9614773050471115	0.9584178437119549	0.9739525692278745	0.9680949517438323	0.9653415962893376	0.9696407841674861	0.9715141794550064	0.9724501970745548	0.974606593642539	0.9687911387021999	0.9680068629728585	0.9536835563318589	0.9667476719892621	0.9725269917268659	0.9723732200552752
0.9633318291095652	0.9924236202598621	0.9676298980076996	0.9664319308788575	0.9679394886131446	0.9632002486136285	0.976173581838475	0.9661145189663728	0.9709904246825529	0.9631528649420567	0.9731349574784223	0.9668836265318882	0.9920876322503437	0.9679915602022476	0.9669359943737068	0.9650528579524417	1.0	0.9652587670367389	0.9760287946550525	0.9658841576824382	0.995672097980867	0.9651326683068412	0.9685030978976711	0.9649943229657522	0.9695884013425979	0.9622720629756407	0.9681120700534936	0.966895750063884	0.9734523877117327	0.9627983155415436	0.9835046027817045	0.9725264193056816	0.9665205002278857	0.9682021980915806
0.96904838687072	0.9654894429064073	0.970777383903237	0.9730834137325032	0.9898259900258454	0.9909607757819102	0.962513123921551	0.9764053994922034	0.9577454939546094	0.9686044122844936	0.958021231816384	0.9719273824836415	0.9613885803491836	0.966618661753274	0.9712952733601298	0.969218754448574	0.9652587670367389	1.0	0.987121080472013	0.9634082914940196	0.962106825081426	0.9961603169571809	0.9662840340366498	0.965026425421234	0.9740745192423633	0.9734896984251021	0.970777383903237	0.9735792971695217	0.9776468424857382	0.9634738464445718	0.9674809416235477	0.972415177963125	0.9671141764083008	0.97072856922127
0.9669417822030801	0.9778120670662166	0.9736237515377978	0.974932268705828	0.982465875443322	0.9861465127781199	0.9689480014896357	0.9771417071550802	0.9624283402399361	0.9676477638069314	0.9589825345182389	0.9736817536841078	0.9741420771255556	0.9702623789978853	0.9721389304889458	0.9629556432520876	0.9760287946550525	0.987121080472013	1.0	0.9675077986107873	0.9694141386319747	0.9903736492441133	0.9698084016146102	0.9690818712714846	0.97309701319946	0.9735656455441855	0.9738551407957926	0.9744265001093946	0.9731442721863574	0.9671552045582065	0.9680583124238339	0.9699387611553497	0.9699387611553497	0.9729787896346043
0.9622249907400343	0.9657647873137845	0.9660623874994761	0.9664159149703342	0.9644073904282124	0.9642340459471536	0.9641712743585283	0.9661215788895642	0.9598899877086446	0.9593127347712658	0.9607230612785337	0.9660030871079278	0.9626926000269183	0.9684593275087842	0.9646081228850529	0.9614773050471115	0.9658841576824382	0.9634082914940196	0.9675077986107873	1.0	0.9612075969577913	0.967283126319391	0.9694344746767989	0.9692203051727065	0.966671866248435	0.9666494626816977	0.9669390368238491	0.9676799773944806	0.9697531805017187	0.9623619337880759	0.9655075839301228	0.9678127467675118	0.9648551112813025	0.9664744608114137
0.9555709993712874	0.9939370558664528	0.9656039990856574	0.9674081655611534	0.9604386933982755	0.9617352073485628	0.970682846184832	0.966839197744802	0.9646625308014525	0.9588424378222781	0.9711786956432291	0.9646625308014525	0.9876066871073118	0.9685168474772686	0.9636222544127079	0.9584178437119549	0.995672097980867	0.962106825081426	0.9694141386319747	0.9612075969577913	1.0	0.9682737446334702	0.9665830630002841	0.9646625308014525	0.9625471559480453	0.9640424143896318	0.9661950018978606	0.9652709141624217	0.9672524854671086	0.9592489739980288	0.9765639573417738	0.963561388941462	0.966839197744802	0.9652709141624217
0.9722960597862779	0.9665455724297761	0.9744026498119004	0.9754422272192332	0.9970021541467889	0.9939316190883783	0.9666601174256658	0.9798530088366814	0.9632618339847852	0.9725094562007814	0.9641235746311166	0.9749967704813944	0.9645958204728124	0.9689064217042587	0.9767735233238377	0.9739525692278745	0.9651326683068412	0.9961603169571809	0.9903736492441133	0.967283126319391	0.9682737446334702	1.0	0.9685030978976711	0.964737304961157	0.9788481424840701	0.9717184322843389	0.9761951231580847	0.9753169103500925	0.9830044083696751	0.9699790637000641	0.9719795967983533	0.9765918652483735	0.9710657260774227	0.9741987228859739
0.9660679247772601	0.9685990844049954	0.9679866975730463	0.96787212982351	0.9683702651250907	0.964711721931192	0.9680738433282752	0.9672285750536866	0.9638564173927784	0.9647512581192325	0.9661216337985472	0.9687457954039	0.9649371931814658	0.971834117191426	0.9700791016300417	0.9680949517438323	0.9685030978976711	0.9662840340366498	0.9698084016146102	0.9694344746767989	0.9665830630002841	0.9685030978976711	1.0	0.9965111331320051	0.9719090524832943	0.9669775932212571	0.9681120700534936	0.9682618755054072	0.9731442721863574	0.9645578193433161	0.9707245954085942	0.971281241018656	0.9667753911247278	0.969338710837725
0.9660679247772601	0.9644782162104456	0.9671132382964662	0.9646428869466764	0.9669965575700811	0.9637900288793767	0.9670468748250143	0.9648643919455699	0.9629266898876364	0.9641611384172003	0.9647449232957639	0.9673465787157022	0.9643085482511711	0.9679751209246089	0.9678340697783798	0.9653415962893376	0.9649943229657522	0.965026425421234	0.9690818712714846	0.9692203051727065	0.9646625308014525	0.964737304961157	0.9965111331320051	1.0	0.9706109810174878	0.9648917620990249	0.9659672519752035	0.9667964232811633	0.9713625271835165	0.9640819845511968	0.9697309352174682	0.9698055745813384	0.9638746048904994	0.9673356739528699
0.9857681797570206	0.9703983716955151	0.9727629346437873	0.9786005196268784	0.9727646538787884	0.9756994986017632	0.9658842376483416	0.9784343872482861	0.9590645820401051	0.9719425000841915	0.9625625823789332	0.9744060818402361	0.9666119584544791	0.9697520269166884	0.9757899458944008	0.9696407841674861	0.9695884013425979	0.9740745192423633	0.97309701319946	0.966671866248435	0.9625471559480453	0.9788481424840701	0.9719090524832943	0.9706109810174878	1.0	0.9970357895603057	0.9727133241206815	0.9910901291363958	0.9794300997396513	0.9680198845101508	0.9732574796855105	0.983259720460052	0.9720613816660413	0.9743589225011384
0.9869399328066265	0.9624558609972262	0.9707074772337655	0.9742149074006214	0.9750317133494664	0.9759615042892225	0.9642965002024059	0.9742861373602799	0.9604043706401034	0.9740558886591706	0.9633066276542648	0.9708289731470775	0.9634902503107106	0.9635725123604103	0.9760942977199507	0.9715141794550064	0.9622720629756407	0.9734896984251021	0.9735656455441855	0.9666494626816977	0.9640424143896318	0.9717184322843389	0.9669775932212571	0.9648917620990249	0.9970357895603057	1.0	0.970171879846647	0.9868537666664202	0.9806326756046202	0.965831187593988	0.9740822632788922	0.9849339738391865	0.9674531728620691	0.9707634773444477
0.9654372694662267	0.968982132333027	0.972291172417955	0.9721998688346737	0.9722807620290993	0.9705107993720546	0.9660994271280404	0.9731459669413934	0.9618997301743812	0.9679051138972636	0.9638535607331208	0.972291172417955	0.9636692967627106	0.9691834904252749	0.9706421936918344	0.9724501970745548	0.9681120700534936	0.970777383903237	0.9738551407957926	0.9669390368238491	0.9661950018978606	0.9761951231580847	0.9681120700534936	0.9659672519752035	0.9727133241206815	0.970171879846647	1.0	0.9726538363464322	0.9865980559321818	0.9667817723995455	0.9697309352174682	0.971511226361005	0.971970478008538	0.9899228040209335
0.988324629094042	0.9674853681371397	0.9733032377467042	0.976333032041506	0.9740208118331166	0.9723153092579702	0.9659292988425133	0.975186250247422	0.9631281958996978	0.9735155518654922	0.9653544936613389	0.9739727389157902	0.9647669597919944	0.9674366430382045	0.9764781046716317	0.974606593642539	0.966895750063884	0.9735792971695217	0.9744265001093946	0.9676799773944806	0.9652709141624217	0.9753169103500925	0.9682618755054072	0.9667964232811633	0.9910901291363958	0.9868537666664202	0.9726538363464322	1.0	0.9815542967720945	0.9685506507557893	0.97580053211611	0.9838142638966622	0.9703265718123192	0.9734376590242213
0.97277062820426	0.9746564087942204	0.9772672745191188	0.984128833343024	0.9757603231490185	0.9778617698002888	0.9709676323913593	0.988625914922012	0.9648630404222492	0.9778617698002888	0.9598134117975842	0.9783402369334934	0.970230900700029	0.9730822963496514	0.9815542967720945	0.9687911387021999	0.9734523877117327	0.9776468424857382	0.9731442721863574	0.9697531805017187	0.9672524854671086	0.9830044083696751	0.9731442721863574	0.9713625271835165	0.9794300997396513	0.9806326756046202	0.9865980559321818	0.9815542967720945	1.0	0.9718172320691083	0.966723086439434	0.9741801444251308	0.977592888452587	0.984524370963594
0.9614412622590945	0.9632319318025715	0.9691705765438269	0.9670014215564737	0.9666115251891312	0.964201605268593	0.9592543597089738	0.9681834533701393	0.9582952598528646	0.9626712788753014	0.9598134117975842	0.9784508012422011	0.9593098234663069	0.9629228047584001	0.9641431206422848	0.9680068629728585	0.9627983155415436	0.9634738464445718	0.9671552045582065	0.9623619337880759	0.9592489739980288	0.9699790637000641	0.9645578193433161	0.9640819845511968	0.9680198845101508	0.965831187593988	0.9667817723995455	0.9685506507557893	0.9718172320691083	1.0	0.9654189808068377	0.9690107595907631	0.9678653528940309	0.9667266254014244
0.9676469619102163	0.9864216022156712	0.9699629663331639	0.9711731128136316	0.9650621082307979	0.9687857832651834	0.9720519275043652	0.9716886481894644	0.9678121320420215	0.9654189808068377	0.9565890552799012	0.9707245954085942	0.983453720438418	0.9710242965498799	0.9676469619102163	0.9536835563318589	0.9835046027817045	0.9674809416235477	0.9680583124238339	0.9655075839301228	0.9765639573417738	0.9719795967983533	0.9707245954085942	0.9697309352174682	0.9732574796855105	0.9740822632788922	0.9697309352174682	0.97580053211611	0.966723086439434	0.9654189808068377	1.0	0.9713212480973883	0.9697309352174682	0.9713950623459507
0.9757983703303835	0.972415177963125	0.9736183356001884	0.9758986219556222	0.9688867260509517	0.971281241018656	0.97116563281275	0.975697808759873	0.9663676001167534	0.966568522760407	0.9617043739192167	0.9737789990418383	0.9685117412072712	0.9713964378797091	0.9726925688540791	0.9667476719892621	0.9725264193056816	0.972415177963125	0.9699387611553497	0.9678127467675118	0.963561388941462	0.9765918652483735	0.971281241018656	0.9698055745813384	0.983259720460052	0.9849339738391865	0.971511226361005	0.9838142638966622	0.9741801444251308	0.9690107595907631	0.9713212480973883	1.0	0.9726372802267685	0.9735107830692709
0.9652456378043061	0.9673562578658678	0.9715355386178975	0.9696507112605451	0.9692744457914173	0.9660465515889342	0.9652976881995501	0.9718988487605671	0.9618300827821851	0.968314877001077	0.966870924013695	0.9718667604174566	0.96366736296782	0.9675015213561299	0.9712455016216004	0.9725269917268659	0.9665205002278857	0.9671141764083008	0.9699387611553497	0.9648551112813025	0.966839197744802	0.9710657260774227	0.9667753911247278	0.9638746048904994	0.9720613816660413	0.9674531728620691	0.971970478008538	0.9703265718123192	0.977592888452587	0.9678653528940309	0.9697309352174682	0.9726372802267685	1.0	0.9706704209611078
0.9671124865867274	0.9686516961829912	0.9707540406556447	0.9730070038727789	0.9728179765169348	0.9698936751431868	0.965872389070105	0.973136801781397	0.9623144674692898	0.968139900960834	0.965268116145949	0.9710870834562209	0.965274980807334	0.9685025578406834	0.9704385653052944	0.9723732200552752	0.9682021980915806	0.97072856922127	0.9729787896346043	0.9664744608114137	0.9652709141624217	0.9741987228859739	0.969338710837725	0.9673356739528699	0.9743589225011384	0.9707634773444477	0.9899228040209335	0.9734376590242213	0.984524370963594	0.9667266254014244	0.9713950623459507	0.9735107830692709	0.9706704209611078	1.0
