/home/jshaw/scratch/2022_sketched_distance/references/SGB_genome_fastas_part4/5978/HMP_2012__SRS011098__bin.20.fa	/home/jshaw/scratch/2022_sketched_distance/references/SGB_genome_fastas_part4/5978/HMP_2012__SRS011126__bin.26.fa	/home/jshaw/scratch/2022_sketched_distance/references/SGB_genome_fastas_part4/5978/HMP_2012__SRS013252__bin.10.fa	/home/jshaw/scratch/2022_sketched_distance/references/SGB_genome_fastas_part4/5978/HMP_2012__SRS013533__bin.32.fa	/home/jshaw/scratch/2022_sketched_distance/references/SGB_genome_fastas_part4/5978/HMP_2012__SRS014476__bin.2.fa	/home/jshaw/scratch/2022_sketched_distance/references/SGB_genome_fastas_part4/5978/HMP_2012__SRS014578__bin.3.fa	/home/jshaw/scratch/2022_sketched_distance/references/SGB_genome_fastas_part4/5978/HMP_2012__SRS014690__bin.19.fa	/home/jshaw/scratch/2022_sketched_distance/references/SGB_genome_fastas_part4/5978/HMP_2012__SRS016043__bin.29.fa	/home/jshaw/scratch/2022_sketched_distance/references/SGB_genome_fastas_part4/5978/HMP_2012__SRS018157__bin.6.fa	/home/jshaw/scratch/2022_sketched_distance/references/SGB_genome_fastas_part4/5978/HMP_2012__SRS018394__bin.36.fa	/home/jshaw/scratch/2022_sketched_distance/references/SGB_genome_fastas_part4/5978/HMP_2012__SRS018665__bin.15.fa	/home/jshaw/scratch/2022_sketched_distance/references/SGB_genome_fastas_part4/5978/HMP_2012__SRS019906__bin.5.fa	/home/jshaw/scratch/2022_sketched_distance/references/SGB_genome_fastas_part4/5978/HMP_2012__SRS022536__bin.11.fa	/home/jshaw/scratch/2022_sketched_distance/references/SGB_genome_fastas_part4/5978/HMP_2012__SRS023841__bin.32.fa	/home/jshaw/scratch/2022_sketched_distance/references/SGB_genome_fastas_part4/5978/HMP_2012__SRS024561__bin.37.fa	/home/jshaw/scratch/2022_sketched_distance/references/SGB_genome_fastas_part4/5978/HMP_2012__SRS024649__bin.34.fa	/home/jshaw/scratch/2022_sketched_distance/references/SGB_genome_fastas_part4/5978/HMP_2012__SRS043755__bin.17.fa	/home/jshaw/scratch/2022_sketched_distance/references/SGB_genome_fastas_part4/5978/HMP_2012__SRS047113__bin.58.fa	/home/jshaw/scratch/2022_sketched_distance/references/SGB_genome_fastas_part4/5978/HMP_2012__SRS047634__bin.13.fa	/home/jshaw/scratch/2022_sketched_distance/references/SGB_genome_fastas_part4/5978/HMP_2012__SRS054430__bin.12.fa	/home/jshaw/scratch/2022_sketched_distance/references/SGB_genome_fastas_part4/5978/HMP_2012__SRS055401__bin.30.fa	/home/jshaw/scratch/2022_sketched_distance/references/SGB_genome_fastas_part4/5978/HMP_2012__SRS063603__bin.51.fa	/home/jshaw/scratch/2022_sketched_distance/references/SGB_genome_fastas_part4/5978/HMP_2012__SRS063932__bin.48.fa	/home/jshaw/scratch/2022_sketched_distance/references/SGB_genome_fastas_part4/5978/HMP_2012__SRS064449__bin.29.fa	/home/jshaw/scratch/2022_sketched_distance/references/SGB_genome_fastas_part4/5978/HMP_2012__SRS065099__bin.2.fa	/home/jshaw/scratch/2022_sketched_distance/references/SGB_genome_fastas_part4/5978/HMP_2012__SRS075410__bin.24.fa
1.0	0.9777276884748709	0.9785388398705022	0.9782748085324746	0.9799605199068493	0.9785171413698619	0.9802222598818061	0.9800440539418538	0.980307318863063	0.9798898478286907	0.9784273833734777	0.9789664142758489	0.9772409910757647	0.9783326967970661	0.9788796979011435	0.9801171117725676	0.9793482367044379	0.9790316647790804	0.9883159619682264	0.9808199185546771	0.9772089016582577	0.9812337563204776	0.9782037225218895	0.9771335588828106	0.9779948132656203	0.9784722895788738
0.9777276884748709	1.0	0.9856017600692719	0.9809313609294457	0.9827764219795119	0.9868169666552793	0.9830228760996703	0.9821489495620838	0.983037382544525	0.9825120180890407	0.9856831285753745	0.9852475371292003	0.9983311917688633	0.9848347137663073	0.9843272198281584	0.9830629551374221	0.9851995986390767	0.9827418266284597	0.9780296867635696	0.9838673302382152	0.9845364197312297	0.9834970833927333	0.985240007898463	0.9848580648222657	0.9937403622782742	0.9875222978683129
0.9785388398705022	0.9856017600692719	1.0	0.9817419118196107	0.9819492001333483	0.9856954536218948	0.983142428193915	0.9834203972935718	0.9833141294781095	0.9828774192796466	0.9856231111265465	0.9853149736481681	0.9847483088013256	0.9842524824398364	0.9971321352923022	0.9834157566924022	0.9855542170267293	0.9820390835180428	0.9788625329459048	0.9830577329278551	0.9839995920874305	0.984137219980879	0.9848232535838629	0.984856734352519	0.9837069199355986	0.9864250564175198
0.9782748085324746	0.9809313609294457	0.9817419118196107	1.0	0.978712553912929	0.9818816348374613	0.9800121698543659	0.9807056949925114	0.9807955657172384	0.9791892706781663	0.9830286238807381	0.9819513029268265	0.9809571828822093	0.9821013512022788	0.9814700086038304	0.9805858376688757	0.9805248933283981	0.979762314039179	0.9784345949236828	0.9810177453284938	0.9796895688863934	0.9807261642580932	0.9798248370886906	0.9801496182115543	0.9816693076866795	0.9827263062806603
0.9799605199068493	0.9827764219795119	0.9819492001333483	0.978712553912929	1.0	0.981965657538324	0.9864241287226744	0.9860616541485285	0.9841551715909238	0.9818766338655358	0.9825490136029809	0.9818683377186355	0.9825879695120046	0.979999827937679	0.981578078385295	0.9850618155767805	0.9825325049908186	0.9843054364428933	0.9797183817945753	0.9827469941629214	0.979986324845779	0.9862949065227797	0.9809874181452939	0.9807002274318314	0.9828833975407905	0.9819692204840564
0.9785171413698619	0.9868169666552793	0.9856954536218948	0.9818816348374613	0.981965657538324	1.0	0.9822162662613931	0.9824563983735543	0.9853845477881635	0.9826443944860336	0.9882784946507495	0.9891713815684764	0.9856326851801168	0.9858142280728178	0.9843403028846331	0.9834552334249103	0.985754186991106	0.9827207852515347	0.9792232459957688	0.9829092052363448	0.9841542626024048	0.9836615568143892	0.9854684339452339	0.985735050881131	0.9847628999963262	0.9887828938661034
0.9802222598818061	0.9830228760996703	0.983142428193915	0.9800121698543659	0.9864241287226744	0.9822162662613931	1.0	0.9891518597074954	0.9847763601319335	0.9835791279529835	0.9837283268105144	0.982034752977243	0.9823527480052971	0.9810863174346391	0.9822556884413298	0.9869282758212566	0.9827487853118473	0.9858698872844083	0.9804153874915796	0.9844795224953794	0.9801756655804766	0.9963161456124104	0.9816598521478359	0.9817142570883821	0.98211768607348	0.9835737735846868
0.9800440539418538	0.9821489495620838	0.9834203972935718	0.9807056949925114	0.9860616541485285	0.9824563983735543	0.9891518597074954	1.0	0.9851726363974959	0.9836726472259412	0.9839366603555171	0.9822736658958151	0.9820080414002249	0.9815440315659855	0.9829270467653582	0.9896605952917812	0.9824404839100156	0.9857108376943003	0.9801680282580084	0.9846605255095358	0.979696880929776	0.990219735003928	0.981359507477514	0.98274053145438	0.9831458605822708	0.9828043188728506
0.980307318863063	0.983037382544525	0.9833141294781095	0.9807955657172384	0.9841551715909238	0.9853845477881635	0.9847763601319335	0.9851726363974959	1.0	0.9842378396832693	0.9854964314803449	0.9839053616213445	0.9829087974429251	0.9821176053281065	0.9822582047956119	0.9844565409307751	0.9834098746521072	0.9834449579982881	0.98369245104575	0.9849187828345511	0.9805915345429298	0.9860595878380938	0.9822105809385738	0.9824511710092646	0.9833783804661639	0.9844306855620093
0.9798898478286907	0.9825120180890407	0.9828774192796466	0.9791892706781663	0.9818766338655358	0.9826443944860336	0.9835791279529835	0.9836726472259412	0.9842378396832693	1.0	0.9828491097325945	0.981730497326574	0.9818663692405519	0.9818106362023161	0.9821177408432958	0.9827045456920128	0.9823763544196694	0.9827567804714592	0.9788254153811781	0.9836880555404841	0.9806575862662987	0.9842471784718099	0.9813077037270028	0.9806591080022807	0.9818589818004891	0.9830765670047377
0.9784273833734777	0.9856831285753745	0.9856231111265465	0.9830286238807381	0.9825490136029809	0.9882784946507495	0.9837283268105144	0.9839366603555171	0.9854964314803449	0.9828491097325945	1.0	0.9868683196676364	0.9851498466438211	0.9857898765413977	0.9844058782287706	0.9847434759955054	0.9848470643663327	0.9845241234567034	0.9798027985771541	0.9834869843589188	0.9837676078363523	0.984805239629518	0.9844784025953502	0.9849366753994191	0.9844207019566379	0.9884838543866563
0.9789664142758489	0.9852475371292003	0.9853149736481681	0.9819513029268265	0.9818683377186355	0.9891713815684764	0.982034752977243	0.9822736658958151	0.9839053616213445	0.981730497326574	0.9868683196676364	1.0	0.9845820846936217	0.9844441805323618	0.9839560448923265	0.9827820064364459	0.9845527823971537	0.9811768991481177	0.9788999019602808	0.9821421858573689	0.9828019052537131	0.9829012923229159	0.9837719237712059	0.9834848093097026	0.9847814819365728	0.9866455921147872
0.9772409910757647	0.9983311917688633	0.9847483088013256	0.9809571828822093	0.9825879695120046	0.9856326851801168	0.9823527480052971	0.9820080414002249	0.9829087974429251	0.9818663692405519	0.9851498466438211	0.9845820846936217	1.0	0.9839958772441804	0.9837814649897735	0.9824971256285283	0.9844126003800031	0.982763297469476	0.9779943379928246	0.9832684668490945	0.9836567776983505	0.9829301486076998	0.9843775822308458	0.984190226676107	0.9939032825550509	0.9865566727055145
0.9783326967970661	0.9848347137663073	0.9842524824398364	0.9821013512022788	0.979999827937679	0.9858142280728178	0.9810863174346391	0.9815440315659855	0.9821176053281065	0.9818106362023161	0.9857898765413977	0.9844441805323618	0.9839958772441804	1.0	0.9836344793810976	0.9823674115259289	0.9843189460188316	0.9801375768860323	0.9797442237849046	0.9826901316167916	0.9827910701298573	0.9819324157076526	0.9828506107995542	0.9846960819906374	0.9837477339220296	0.9971504812238734
0.9788796979011435	0.9843272198281584	0.9971321352923022	0.9814700086038304	0.981578078385295	0.9843403028846331	0.9822556884413298	0.9829270467653582	0.9822582047956119	0.9821177408432958	0.9844058782287706	0.9839560448923265	0.9837814649897735	0.9836344793810976	1.0	0.9827512696027856	0.9848769094760159	0.9811596371685385	0.9786508218251906	0.9831814102037135	0.9831069893194121	0.9829820260043353	0.9840759310214486	0.983768419443778	0.983100848528743	0.9850294196216894
0.9801171117725676	0.9830629551374221	0.9834157566924022	0.9805858376688757	0.9850618155767805	0.9834552334249103	0.9869282758212566	0.9896605952917812	0.9844565409307751	0.9827045456920128	0.9847434759955054	0.9827820064364459	0.9824971256285283	0.9823674115259289	0.9827512696027856	1.0	0.9826571742522028	0.9850337773794029	0.9808170097106311	0.9839990415477912	0.9804355245616315	0.9881386001456554	0.9820713148019482	0.9820657613616252	0.9833164167552301	0.9833421568241562
0.9793482367044379	0.9851995986390767	0.9855542170267293	0.9805248933283981	0.9825325049908186	0.985754186991106	0.9827487853118473	0.9824404839100156	0.9834098746521072	0.9823763544196694	0.9848470643663327	0.9845527823971537	0.9844126003800031	0.9843189460188316	0.9848769094760159	0.9826571742522028	1.0	0.9819729998180017	0.9793244863751188	0.9836932117481293	0.9838710961617012	0.9836226249787309	0.9849121512093617	0.9838268432463657	0.9839563751632597	0.9861837040795419
0.9790316647790804	0.9827418266284597	0.9820390835180428	0.979762314039179	0.9843054364428933	0.9827207852515347	0.9858698872844083	0.9857108376943003	0.9834449579982881	0.9827567804714592	0.9845241234567034	0.9811768991481177	0.982763297469476	0.9801375768860323	0.9811596371685385	0.9850337773794029	0.9819729998180017	1.0	0.9799541311134778	0.982655889044395	0.9791144986214668	0.9864765132514509	0.9802797688508531	0.9816765845373147	0.9825030704022564	0.9830071907909906
0.9883159619682264	0.9780296867635696	0.9788625329459048	0.9784345949236828	0.9797183817945753	0.9792232459957688	0.9804153874915796	0.9801680282580084	0.98369245104575	0.9788254153811781	0.9798027985771541	0.9788999019602808	0.9779943379928246	0.9797442237849046	0.9786508218251906	0.9808170097106311	0.9793244863751188	0.9799541311134778	1.0	0.9815027076516729	0.9765582406244122	0.9808243809542858	0.9779233738358111	0.9790276914382956	0.9795830564559623	0.9790596671198484
0.9808199185546771	0.9838673302382152	0.9830577329278551	0.9810177453284938	0.9827469941629214	0.9829092052363448	0.9844795224953794	0.9846605255095358	0.9849187828345511	0.9836880555404841	0.9834869843589188	0.9821421858573689	0.9832684668490945	0.9826901316167916	0.9831814102037135	0.9839990415477912	0.9836932117481293	0.982655889044395	0.9815027076516729	1.0	0.9815482535836978	0.9853138974500754	0.9816262721815627	0.9821707096146268	0.9843581357644554	0.9837877435305611
0.9772089016582577	0.9845364197312297	0.9839995920874305	0.9796895688863934	0.979986324845779	0.9841542626024048	0.9801756655804766	0.979696880929776	0.9805915345429298	0.9806575862662987	0.9837676078363523	0.9828019052537131	0.9836567776983505	0.9827910701298573	0.9831069893194121	0.9804355245616315	0.9838710961617012	0.9791144986214668	0.9765582406244122	0.9815482535836978	1.0	0.9809667212219917	0.9917263235697089	0.9833416657698564	0.9830386362248489	0.9845223677944885
0.9812337563204776	0.9834970833927333	0.984137219980879	0.9807261642580932	0.9862949065227797	0.9836615568143892	0.9963161456124104	0.990219735003928	0.9860595878380938	0.9842471784718099	0.984805239629518	0.9829012923229159	0.9829301486076998	0.9819324157076526	0.9829820260043353	0.9881386001456554	0.9836226249787309	0.9864765132514509	0.9808243809542858	0.9853138974500754	0.9809667212219917	1.0	0.9829770911994221	0.9824798883697708	0.9831834069723144	0.984534129099082
0.9782037225218895	0.985240007898463	0.9848232535838629	0.9798248370886906	0.9809874181452939	0.9854684339452339	0.9816598521478359	0.981359507477514	0.9822105809385738	0.9813077037270028	0.9844784025953502	0.9837719237712059	0.9843775822308458	0.9828506107995542	0.9840759310214486	0.9820713148019482	0.9849121512093617	0.9802797688508531	0.9779233738358111	0.9816262721815627	0.9917263235697089	0.9829770911994221	1.0	0.9835869416274705	0.9839284673353054	0.9849588150885356
0.9771335588828106	0.9848580648222657	0.984856734352519	0.9801496182115543	0.9807002274318314	0.985735050881131	0.9817142570883821	0.98274053145438	0.9824511710092646	0.9806591080022807	0.9849366753994191	0.9834848093097026	0.984190226676107	0.9846960819906374	0.983768419443778	0.9820657613616252	0.9838268432463657	0.9816765845373147	0.9790276914382956	0.9821707096146268	0.9833416657698564	0.9824798883697708	0.9835869416274705	1.0	0.984424292953112	0.9857463504132573
0.9779948132656203	0.9937403622782742	0.9837069199355986	0.9816693076866795	0.9828833975407905	0.9847628999963262	0.98211768607348	0.9831458605822708	0.9833783804661639	0.9818589818004891	0.9844207019566379	0.9847814819365728	0.9939032825550509	0.9837477339220296	0.983100848528743	0.9833164167552301	0.9839563751632597	0.9825030704022564	0.9795830564559623	0.9843581357644554	0.9830386362248489	0.9831834069723144	0.9839284673353054	0.984424292953112	1.0	0.985725094427624
0.9784722895788738	0.9875222978683129	0.9864250564175198	0.9827263062806603	0.9819692204840564	0.9887828938661034	0.9835737735846868	0.9828043188728506	0.9844306855620093	0.9830765670047377	0.9884838543866563	0.9866455921147872	0.9865566727055145	0.9971504812238734	0.9850294196216894	0.9833421568241562	0.9861837040795419	0.9830071907909906	0.9790596671198484	0.9837877435305611	0.9845223677944885	0.984534129099082	0.9849588150885356	0.9857463504132573	0.985725094427624	1.0
