/home/jshaw/scratch/2022_sketched_distance/references/SGB_genome_fastas_part4/6649/Castro-NallarE_2015__ES_104__bin.5.fa	/home/jshaw/scratch/2022_sketched_distance/references/SGB_genome_fastas_part4/6649/HMP_2012__SRS011115__bin.80.fa	/home/jshaw/scratch/2022_sketched_distance/references/SGB_genome_fastas_part4/6649/HMP_2012__SRS012279__bin.39.fa	/home/jshaw/scratch/2022_sketched_distance/references/SGB_genome_fastas_part4/6649/HMP_2012__SRS013164__bin.11.fa	/home/jshaw/scratch/2022_sketched_distance/references/SGB_genome_fastas_part4/6649/HMP_2012__SRS014573__bin.16.fa	/home/jshaw/scratch/2022_sketched_distance/references/SGB_genome_fastas_part4/6649/HMP_2012__SRS014888__bin.46.fa	/home/jshaw/scratch/2022_sketched_distance/references/SGB_genome_fastas_part4/6649/HMP_2012__SRS015434__bin.74.fa	/home/jshaw/scratch/2022_sketched_distance/references/SGB_genome_fastas_part4/6649/HMP_2012__SRS015644__bin.37.fa	/home/jshaw/scratch/2022_sketched_distance/references/SGB_genome_fastas_part4/6649/HMP_2012__SRS015797__bin.22.fa	/home/jshaw/scratch/2022_sketched_distance/references/SGB_genome_fastas_part4/6649/HMP_2012__SRS016002__bin.5.fa	/home/jshaw/scratch/2022_sketched_distance/references/SGB_genome_fastas_part4/6649/HMP_2012__SRS016037__bin.33.fa	/home/jshaw/scratch/2022_sketched_distance/references/SGB_genome_fastas_part4/6649/HMP_2012__SRS016225__bin.34.fa	/home/jshaw/scratch/2022_sketched_distance/references/SGB_genome_fastas_part4/6649/HMP_2012__SRS018145__bin.56.fa	/home/jshaw/scratch/2022_sketched_distance/references/SGB_genome_fastas_part4/6649/HMP_2012__SRS018739__bin.39.fa	/home/jshaw/scratch/2022_sketched_distance/references/SGB_genome_fastas_part4/6649/HMP_2012__SRS019071__bin.34.fa	/home/jshaw/scratch/2022_sketched_distance/references/SGB_genome_fastas_part4/6649/HMP_2012__SRS019122__bin.55.fa	/home/jshaw/scratch/2022_sketched_distance/references/SGB_genome_fastas_part4/6649/HMP_2012__SRS019126__bin.9.fa	/home/jshaw/scratch/2022_sketched_distance/references/SGB_genome_fastas_part4/6649/HMP_2012__SRS022077__bin.60.fa	/home/jshaw/scratch/2022_sketched_distance/references/SGB_genome_fastas_part4/6649/HMP_2012__SRS023617__bin.29.fa	/home/jshaw/scratch/2022_sketched_distance/references/SGB_genome_fastas_part4/6649/HMP_2012__SRS023958__bin.21.fa	/home/jshaw/scratch/2022_sketched_distance/references/SGB_genome_fastas_part4/6649/HMP_2012__SRS024081__bin.14.fa	/home/jshaw/scratch/2022_sketched_distance/references/SGB_genome_fastas_part4/6649/HMP_2012__SRS024441__bin.39.fa	/home/jshaw/scratch/2022_sketched_distance/references/SGB_genome_fastas_part4/6649/HMP_2012__SRS042131__bin.18.fa	/home/jshaw/scratch/2022_sketched_distance/references/SGB_genome_fastas_part4/6649/HMP_2012__SRS044662__bin.37.fa	/home/jshaw/scratch/2022_sketched_distance/references/SGB_genome_fastas_part4/6649/HMP_2012__SRS050669__bin.28.fa	/home/jshaw/scratch/2022_sketched_distance/references/SGB_genome_fastas_part4/6649/HMP_2012__SRS064329__bin.49.fa
1.0	0.9644047937732486	0.9643072692911099	0.9610126594701253	0.9696428437523492	0.9694669052587084	0.9688337034287228	0.9686576474114439	0.9684674747913641	0.9620778337328161	0.9635211280989622	0.9657813692340175	0.9630824907713952	0.9678231133728814	0.9692985476372291	0.9690669616917925	0.9698460318827317	0.9638873532172116	0.9675197562009398	0.9629422426099313	0.9684214027294459	0.9688337034287228	0.9644949236007727	0.9656839995190855	0.9649182433171193	0.9676903718864028
0.9644047937732486	1.0	0.9880259721671916	0.9642922872585699	0.9910119970384315	0.970984882012551	0.9868933453653921	0.9856904421734424	0.9828906233251579	0.9852297292445917	0.9915723500668974	0.9893840338148656	0.9735375782977109	0.9861538957711415	0.9869495433951951	0.9879994671497541	0.9661533528312605	0.9855592348407043	0.9849231010214079	0.9728532264291994	0.9864402706543336	0.9842595040537716	0.9869477057056564	0.9863260198633527	0.9748644596920085	0.9864402706543336
0.9643072692911099	0.9880259721671916	1.0	0.9681849877964204	0.9879617812689451	0.9716463198746141	0.9921215407208323	0.9904961898978035	0.989713482994988	0.9821217851922847	0.9940691822132327	0.9909687916632568	0.9833476852782486	0.996616936273541	0.9921781363739408	0.9904961898978035	0.967710087182011	0.999140103887832	0.993399358282435	0.9768227132293261	0.9937247457319309	0.9873128939137241	0.9906742090835079	0.9884085124596443	0.9765507170979781	0.9937247457319309
0.9610126594701253	0.9642922872585699	0.9681849877964204	1.0	0.9747016087285155	0.9656349037494917	0.9746377691985678	0.9753956890287985	0.9725937838053914	0.9669627685517705	0.9687906017425795	0.9685664495776641	0.9687695888331439	0.974955719895278	0.9744454944295748	0.9753956890287985	0.965210031406015	0.9674089391825695	0.9747016087285155	0.9804724288152245	0.9753956890287985	0.973400346396231	0.9678944010569384	0.9742520747062491	0.9688460928268371	0.9752078595308409
0.9696428437523492	0.9910119970384315	0.9879617812689451	0.9747016087285155	1.0	0.9864038888411953	0.9854162851587851	0.9863075254866849	0.9857172871092242	0.9852297292445917	0.9902494772839969	0.9896653041562176	0.9765121611279493	0.985113750161288	0.9854497287826086	0.9864375296249855	0.9852180937886301	0.9872991373009328	0.9847863106848267	0.9749369585783854	0.9862096839118557	0.9842930898869373	0.9886430181946995	0.9849259729226775	0.9782237341507957	0.9870504585658327
0.9694669052587084	0.970984882012551	0.9716463198746141	0.9656349037494917	0.9864038888411953	1.0	0.9849750818576417	0.9852395298872776	0.9830148097319851	0.9822885436692635	0.9589109217040805	0.976469728788198	0.9785952505465475	0.9857188894351933	0.9847084865341457	0.985501865500276	0.9850800240485678	0.9733848529106349	0.9880161391705837	0.9754353085852894	0.9851516169616532	0.983527536056482	0.9722679558993305	0.9812287929767233	0.979653461871361	0.9840323669493503
0.9688337034287228	0.9868933453653921	0.9921215407208323	0.9746377691985678	0.9854162851587851	0.9849750818576417	1.0	0.9863566062991795	0.9876136683894187	0.9872210400911354	0.9926775125913491	0.990113164376284	0.9772774159229243	0.9854744741721511	0.9948622418667886	0.9862597526692536	0.9854925040218651	0.9909987570650021	0.9853300855819785	0.9748032561567057	0.9861301690252084	0.9835656515732001	0.9913896214226295	0.9847817298643529	0.9775082933862268	0.9872847305742466
0.9686576474114439	0.9856904421734424	0.9904961898978035	0.9753956890287985	0.9863075254866849	0.9852395298872776	0.9863566062991795	1.0	0.9881758452076571	0.9866434909411155	0.9930929341755015	0.9894844437855009	0.9746261313993029	0.9829893591971186	0.9830846347946169	0.9853343317438407	0.9844279079204629	0.9895027982871906	0.9870696454581507	0.9730836121013727	0.9879575058076193	0.9793249305682948	0.998846336933423	0.9858134151814482	0.9766906811362867	0.9895712404122797
0.9684674747913641	0.9828906233251579	0.989713482994988	0.9725937838053914	0.9857172871092242	0.9830148097319851	0.9876136683894187	0.9881758452076571	1.0	0.9833522575091236	0.9904289520604929	0.986940404092076	0.98025635673316	0.9882454473374256	0.9878256110139703	0.987400352426698	0.981986984377111	0.9883345551450479	0.987077763524927	0.9758976005385707	0.9882106646559784	0.9847650897259476	0.9883664574897065	0.9848808220303025	0.9790364192756331	0.987041724316895
0.9620778337328161	0.9852297292445917	0.9821217851922847	0.9669627685517705	0.9852297292445917	0.9822885436692635	0.9872210400911354	0.9866434909411155	0.9833522575091236	1.0	0.9724009272321695	0.9903586860450391	0.9783139583217282	0.9878588926389548	0.9871493984760394	0.9863508682867265	0.9786875075262673	0.9860556178370774	0.987435033895451	0.9736786069063126	0.9891662223224169	0.9821217851922847	0.9866434909411155	0.9836727269930028	0.9757755702684766	0.9872925260762323
0.9635211280989622	0.9915723500668974	0.9940691822132327	0.9687906017425795	0.9902494772839969	0.9589109217040805	0.9926775125913491	0.9930929341755015	0.9904289520604929	0.9724009272321695	1.0	0.9947829430030312	0.9808338527647954	0.9943883081768935	0.9930929341755015	0.9913119795232738	0.9452631253838304	0.9936659034005906	0.9939084592930616	0.976344122787939	0.9939084592930616	0.9866395538869437	0.9930929341755015	0.9902494772839969	0.9768896562430326	0.9939084592930616
0.9657813692340175	0.9893840338148656	0.9909687916632568	0.9685664495776641	0.9896653041562176	0.976469728788198	0.990113164376284	0.9894844437855009	0.986940404092076	0.9903586860450391	0.9947829430030312	1.0	0.9807610289285826	0.9905550284142538	0.9902906203684972	0.9905111071982641	0.9748801753944496	0.989883192678077	0.9895297519319249	0.9765371087289055	0.9909043108118468	0.9852314412941401	0.9900448858021303	0.9879057008121124	0.9774660738595814	0.9897553638486155
0.9630824907713952	0.9735375782977109	0.9833476852782486	0.9687695888331439	0.9765121611279493	0.9785952505465475	0.9772774159229243	0.9746261313993029	0.98025635673316	0.9783139583217282	0.9808338527647954	0.9807610289285826	1.0	0.9755302306738016	0.9736905147535301	0.976319657333058	0.977773416008093	0.9822561848602551	0.9780783936001713	0.9681127820073019	0.9776199294279968	0.972377727439264	0.9796378710581571	0.9747528964141711	0.9728563344364255	0.9788947246731275
0.9678231133728814	0.9861538957711415	0.996616936273541	0.974955719895278	0.985113750161288	0.9857188894351933	0.9854744741721511	0.9829893591971186	0.9882454473374256	0.9878588926389548	0.9943883081768935	0.9905550284142538	0.9755302306738016	1.0	0.9809556698074056	0.9850694909892996	0.9841444134812735	0.9953944818274739	0.9868772711363493	0.9723919168732884	0.9870989736396766	0.9724649568698263	0.9905165938884265	0.9840508492076185	0.9766470749733753	0.9887203119499359
0.9692985476372291	0.9869495433951951	0.9921781363739408	0.9744454944295748	0.9854497287826086	0.9847084865341457	0.9948622418667886	0.9830846347946169	0.9878256110139703	0.9871493984760394	0.9930929341755015	0.9902906203684972	0.9736905147535301	0.9809556698074056	1.0	0.986372847722778	0.9860345425301535	0.9910509506172732	0.985931260701703	0.9733109372100238	0.9859611685387383	0.9787444150679516	0.9914402645483129	0.9848178500901396	0.9770374438499938	0.9875504437317425
0.9690669616917925	0.9879994671497541	0.9904961898978035	0.9753956890287985	0.9864375296249855	0.985501865500276	0.9862597526692536	0.9853343317438407	0.987400352426698	0.9863508682867265	0.9913119795232738	0.9905111071982641	0.976319657333058	0.9850694909892996	0.986372847722778	1.0	0.9996455750306129	0.9893933035690713	0.9854310485145383	0.9754836428189225	0.9864047784770564	0.9841253516927597	0.9899920552198817	0.9860228812148913	0.9768645240867294	0.9878795972226869
0.9698460318827317	0.9661533528312605	0.967710087182011	0.965210031406015	0.9852180937886301	0.9850800240485678	0.9854925040218651	0.9844279079204629	0.981986984377111	0.9786875075262673	0.9452631253838304	0.9748801753944496	0.977773416008093	0.9841444134812735	0.9860345425301535	0.9996455750306129	1.0	0.9693913583668716	0.9838105434447579	0.9764194405258786	0.986124019407836	0.9840017422623343	0.9693195188206637	0.981986984377111	0.9771916339427352	0.9850338714906106
0.9638873532172116	0.9855592348407043	0.999140103887832	0.9674089391825695	0.9872991373009328	0.9733848529106349	0.9909987570650021	0.9895027982871906	0.9883345551450479	0.9860556178370774	0.9936659034005906	0.989883192678077	0.9822561848602551	0.9953944818274739	0.9910509506172732	0.9893933035690713	0.9693913583668716	1.0	0.992077874963521	0.9765367763309115	0.9923296982420309	0.986946631781943	0.9896663618379739	0.9876479070360938	0.9765367763309115	0.9909987570650021
0.9675197562009398	0.9849231010214079	0.993399358282435	0.9747016087285155	0.9847863106848267	0.9880161391705837	0.9853300855819785	0.9870696454581507	0.987077763524927	0.987435033895451	0.9939084592930616	0.9895297519319249	0.9780783936001713	0.9868772711363493	0.985931260701703	0.9854310485145383	0.9838105434447579	0.992077874963521	1.0	0.9741959480064771	0.9875141928177884	0.9824428005804838	0.990878874589909	0.9838655562874064	0.9761727481554883	0.9882702871171554
0.9629422426099313	0.9728532264291994	0.9768227132293261	0.9804724288152245	0.9749369585783854	0.9754353085852894	0.9748032561567057	0.9730836121013727	0.9758976005385707	0.9736786069063126	0.976344122787939	0.9765371087289055	0.9681127820073019	0.9723919168732884	0.9733109372100238	0.9754836428189225	0.9764194405258786	0.9765367763309115	0.9741959480064771	1.0	0.9745774374686721	0.9739835105273214	0.9773098878521778	0.9757209498094327	0.9699869702505524	0.9760610501246517
0.9684214027294459	0.9864402706543336	0.9937247457319309	0.9753956890287985	0.9862096839118557	0.9851516169616532	0.9861301690252084	0.9879575058076193	0.9882106646559784	0.9891662223224169	0.9939084592930616	0.9909043108118468	0.9776199294279968	0.9870989736396766	0.9859611685387383	0.9864047784770564	0.986124019407836	0.9923296982420309	0.9875141928177884	0.9745774374686721	1.0	0.9828252780200674	0.991992277166642	0.9852482213469822	0.9762961066267046	0.9989617283936455
0.9688337034287228	0.9842595040537716	0.9873128939137241	0.973400346396231	0.9842930898869373	0.983527536056482	0.9835656515732001	0.9793249305682948	0.9847650897259476	0.9821217851922847	0.9866395538869437	0.9852314412941401	0.972377727439264	0.9724649568698263	0.9787444150679516	0.9841253516927597	0.9840017422623343	0.986946631781943	0.9824428005804838	0.9739835105273214	0.9828252780200674	1.0	0.9873511585367626	0.9824608351867439	0.977762280976444	0.9839164464325868
0.9644949236007727	0.9869477057056564	0.9906742090835079	0.9678944010569384	0.9886430181946995	0.9722679558993305	0.9913896214226295	0.998846336933423	0.9883664574897065	0.9866434909411155	0.9930929341755015	0.9900448858021303	0.9796378710581571	0.9905165938884265	0.9914402645483129	0.9899920552198817	0.9693195188206637	0.9896663618379739	0.990878874589909	0.9773098878521778	0.991992277166642	0.9873511585367626	1.0	0.9890263451218306	0.9785321554231916	0.9906723439622711
0.9656839995190855	0.9863260198633527	0.9884085124596443	0.9742520747062491	0.9849259729226775	0.9812287929767233	0.9847817298643529	0.9858134151814482	0.9848808220303025	0.9836727269930028	0.9902494772839969	0.9879057008121124	0.9747528964141711	0.9840508492076185	0.9848178500901396	0.9860228812148913	0.981986984377111	0.9876479070360938	0.9838655562874064	0.9757209498094327	0.9852482213469822	0.9824608351867439	0.9890263451218306	1.0	0.975337180673686	0.9843085133701422
0.9649182433171193	0.9748644596920085	0.9765507170979781	0.9688460928268371	0.9782237341507957	0.979653461871361	0.9775082933862268	0.9766906811362867	0.9790364192756331	0.9757755702684766	0.9768896562430326	0.9774660738595814	0.9728563344364255	0.9766470749733753	0.9770374438499938	0.9768645240867294	0.9771916339427352	0.9765367763309115	0.9761727481554883	0.9699869702505524	0.9762961066267046	0.977762280976444	0.9785321554231916	0.975337180673686	1.0	0.9765739189393348
0.9676903718864028	0.9864402706543336	0.9937247457319309	0.9752078595308409	0.9870504585658327	0.9840323669493503	0.9872847305742466	0.9895712404122797	0.987041724316895	0.9872925260762323	0.9939084592930616	0.9897553638486155	0.9788947246731275	0.9887203119499359	0.9875504437317425	0.9878795972226869	0.9850338714906106	0.9909987570650021	0.9882702871171554	0.9760610501246517	0.9989617283936455	0.9839164464325868	0.9906723439622711	0.9843085133701422	0.9765739189393348	1.0
