/home/jshaw/scratch/2022_sketched_distance/references/SGB_genome_fastas_part4/10130/BackhedF_2015__SID150_4M__bin.4.fa	/home/jshaw/scratch/2022_sketched_distance/references/SGB_genome_fastas_part4/10130/BackhedF_2015__SID335_4M__bin.7.fa	/home/jshaw/scratch/2022_sketched_distance/references/SGB_genome_fastas_part4/10130/BackhedF_2015__SID532_4M__bin.27.fa	/home/jshaw/scratch/2022_sketched_distance/references/SGB_genome_fastas_part4/10130/BackhedF_2015__SID532_B__bin.4.fa	/home/jshaw/scratch/2022_sketched_distance/references/SGB_genome_fastas_part4/10130/BackhedF_2015__SID637_12M__bin.13.fa	/home/jshaw/scratch/2022_sketched_distance/references/SGB_genome_fastas_part4/10130/BackhedF_2015__SID70_4M__bin.12.fa	/home/jshaw/scratch/2022_sketched_distance/references/SGB_genome_fastas_part4/10130/BritoIL_2016__M2.11.ST__bin.78.fa	/home/jshaw/scratch/2022_sketched_distance/references/SGB_genome_fastas_part4/10130/FengQ_2015__SID530756__bin.23.fa	/home/jshaw/scratch/2022_sketched_distance/references/SGB_genome_fastas_part4/10130/FerrettiP_2018__CA_C10002IS2028FE_t4M15__bin.1.fa	/home/jshaw/scratch/2022_sketched_distance/references/SGB_genome_fastas_part4/10130/FerrettiP_2018__CA_C10008IS2123FE_t2M15__bin.1.fa	/home/jshaw/scratch/2022_sketched_distance/references/SGB_genome_fastas_part4/10130/FerrettiP_2018__CA_C10008IS2127FE_t3M15__bin.2.fa	/home/jshaw/scratch/2022_sketched_distance/references/SGB_genome_fastas_part4/10130/FerrettiP_2018__CA_C10020IS2347FE_t4M15__bin.12.fa	/home/jshaw/scratch/2022_sketched_distance/references/SGB_genome_fastas_part4/10130/FerrettiP_2018__CA_C10052IS2920FE_t5M16__bin.18.fa	/home/jshaw/scratch/2022_sketched_distance/references/SGB_genome_fastas_part4/10130/FerrettiP_2018__CA_C10055IS2962FE_t1M16__bin.7.fa	/home/jshaw/scratch/2022_sketched_distance/references/SGB_genome_fastas_part4/10130/HanniganGD_2017__MG100141__bin.3.fa	/home/jshaw/scratch/2022_sketched_distance/references/SGB_genome_fastas_part4/10130/HeQ_2017__SZAXPI029549-142__bin.2.fa	/home/jshaw/scratch/2022_sketched_distance/references/SGB_genome_fastas_part4/10130/KosticAD_2015__PRJNA231909.3113669__bin.9.fa	/home/jshaw/scratch/2022_sketched_distance/references/SGB_genome_fastas_part4/10130/LiJ_2014__DOM005-IE__bin.4.fa	/home/jshaw/scratch/2022_sketched_distance/references/SGB_genome_fastas_part4/10130/LiJ_2017__H1F513818__bin.2.fa	/home/jshaw/scratch/2022_sketched_distance/references/SGB_genome_fastas_part4/10130/LiJ_2017__H1M513852__bin.3.fa	/home/jshaw/scratch/2022_sketched_distance/references/SGB_genome_fastas_part4/10130/LiJ_2017__H1M613825__bin.35.fa	/home/jshaw/scratch/2022_sketched_distance/references/SGB_genome_fastas_part4/10130/LiJ_2017__H3M515101__bin.28.fa	/home/jshaw/scratch/2022_sketched_distance/references/SGB_genome_fastas_part4/10130/LiJ_2017__H3M516909__bin.27.fa	/home/jshaw/scratch/2022_sketched_distance/references/SGB_genome_fastas_part4/10130/LiJ_2017__nHM612836__bin.16.fa	/home/jshaw/scratch/2022_sketched_distance/references/SGB_genome_fastas_part4/10130/LiuW_2016__SRR3992991__bin.57.fa	/home/jshaw/scratch/2022_sketched_distance/references/SGB_genome_fastas_part4/10130/NielsenHB_2014__V1_UC21_4__bin.50.fa	/home/jshaw/scratch/2022_sketched_distance/references/SGB_genome_fastas_part4/10130/QinJ_2012__CON-028__bin.32.fa	/home/jshaw/scratch/2022_sketched_distance/references/SGB_genome_fastas_part4/10130/QinJ_2012__CON-092__bin.31.fa	/home/jshaw/scratch/2022_sketched_distance/references/SGB_genome_fastas_part4/10130/QinJ_2012__DOF008__bin.42.fa	/home/jshaw/scratch/2022_sketched_distance/references/SGB_genome_fastas_part4/10130/QinJ_2012__DOM005__bin.7.fa	/home/jshaw/scratch/2022_sketched_distance/references/SGB_genome_fastas_part4/10130/QinN_2014__LV-7__bin.2.fa	/home/jshaw/scratch/2022_sketched_distance/references/SGB_genome_fastas_part4/10130/RaymondF_2016__P12E7__bin.2.fa	/home/jshaw/scratch/2022_sketched_distance/references/SGB_genome_fastas_part4/10130/VatanenT_2016__G78488__bin.1.fa	/home/jshaw/scratch/2022_sketched_distance/references/SGB_genome_fastas_part4/10130/VatanenT_2016__G78861__bin.2.fa	/home/jshaw/scratch/2022_sketched_distance/references/SGB_genome_fastas_part4/10130/VatanenT_2016__G80272__bin.10.fa	/home/jshaw/scratch/2022_sketched_distance/references/SGB_genome_fastas_part4/10130/VatanenT_2016__G80482__bin.10.fa	/home/jshaw/scratch/2022_sketched_distance/references/SGB_genome_fastas_part4/10130/VincentC_2016__MM074.2__bin.4.fa	/home/jshaw/scratch/2022_sketched_distance/references/SGB_genome_fastas_part4/10130/XieH_2016__YSZC12003_35550__bin.126.fa	/home/jshaw/scratch/2022_sketched_distance/references/SGB_genome_fastas_part4/10130/ZellerG_2014__CCIS78318719ST-4-0__bin.28.fa
1.0	0.9753171408381915	0.9622346284977166	0.9758035444597751	0.9759384439414379	0.9719101045788626	0.9754930854587213	0.9646406382486151	0.9659761334527278	0.975570978506433	0.9753758948998772	0.9651278267594253	0.9719318694460347	0.9650623455009202	0.9657924673159393	0.9902045462487584	0.9593572815405186	0.9647223505700481	0.9647767103263791	0.9908697405621858	0.9636435370242735	0.9789663955428465	0.9609451068995747	0.9648580780635215	0.9615513433401767	0.9749425452367265	0.9887935881166021	0.9727779736274408	0.9744631149647048	0.9648309783517207	0.9625563413803464	0.9684190029360649	0.9591617580733669	0.9719318694460347	0.9742004385771265	0.9657924673159393	0.9742004385771265	0.959777350802331	0.9762447011854256
0.9753171408381915	1.0	0.9654965084794794	0.9983378329416772	0.9906708734247895	0.9894012038584817	0.9893881134125696	0.9634876107630187	0.9654838362942751	0.9978421063020055	0.9973489169114418	0.9672280902711771	0.9865440355477142	0.9966101917180914	0.9665889476683205	0.9762024696516686	0.9684929155880608	0.9667988629119969	0.971519756891129	0.9770526483385958	0.9686883348834324	0.9833880869603969	0.9660743685994357	0.9696034365348057	0.9653807170867136	0.998479165512439	0.9769277888456143	0.9908849110533132	0.9825268152943422	0.9672859858112411	0.9678500205459631	0.978853133176242	0.9667903529596931	0.9915271989214465	0.9832315572884202	0.9647265036728067	0.9901999511980623	0.967487947414581	0.9810968294440414
0.9622346284977166	0.9654965084794794	1.0	0.9662926369268863	0.9662051440440995	0.9614908867489675	0.96571963728012	0.9900090224032412	0.9906155356362566	0.9660074116452952	0.9655636096851652	0.9961990033098426	0.9633676600638053	0.9614814013819913	0.9904493315732289	0.9657418653259288	0.9891092924550159	0.9961552050949506	0.992580647991608	0.9655859457015205	0.994636033370894	0.9744073995598378	0.9946923875751423	0.9939912136101521	0.986844129713349	0.9649773637849502	0.9641942486079429	0.965203833297418	0.9641475835015014	0.9953926880524123	0.9877334825464164	0.967657716205407	0.9873565112529712	0.9628554636471974	0.9646112137259869	0.9903554727882221	0.9640540495172707	0.9886070321174809	0.9654965084794794
0.9758035444597751	0.9983378329416772	0.9662926369268863	1.0	0.990491490915151	0.9900797276128531	0.9897807182614511	0.9651880095127672	0.966715947678894	0.9982027681302248	0.9984290714681128	0.9684393370805336	0.9871569437799033	0.9974291858402947	0.9675488932258612	0.9771106278152373	0.9692562809683772	0.9672953466099472	0.9720442497896246	0.9778458225813663	0.9691745703308424	0.983600393935184	0.9664693727812381	0.9703799044723198	0.9662175935038717	0.999411558450402	0.9772228649673744	0.9914436041209246	0.9831223349711591	0.9680258027785965	0.9685094032871099	0.9791211897952433	0.967635181014249	0.9920779138633887	0.9836114812835148	0.9655019458214409	0.9910419650179896	0.9685763454391749	0.9816998573924666
0.9759384439414379	0.9906708734247895	0.9662051440440995	0.990491490915151	1.0	0.9913039933250732	0.9902460119184803	0.9640361499374541	0.9674073415477927	0.9905888375511723	0.9908464607957492	0.9682438619389678	0.9871157495853446	0.9903057769293668	0.9682227781438048	0.9770093532505805	0.9697828522512753	0.9674387257380966	0.9723826531407108	0.9778030527798425	0.9695500621886561	0.9851570788653767	0.9669051913818411	0.9702838595107222	0.9663067773927422	0.991987283695764	0.9776376384061385	0.992271627543166	0.9835176446006638	0.9682888438253955	0.9692195004692271	0.9797655012078996	0.9681042727011046	0.9925885959374539	0.9835988878324659	0.9646293246088098	0.9907214002512462	0.9680893516110486	0.9819478753980052
0.9719101045788626	0.9894012038584817	0.9614908867489675	0.9900797276128531	0.9913039933250732	1.0	0.9899515562498905	0.9639608410048504	0.9657411738244043	0.989940852797961	0.9893903203145314	0.9656736237042017	0.9854888656149794	0.9855029148442276	0.9661657311112367	0.9747336766700414	0.9647666701017473	0.9642919558568124	0.9676577539725215	0.9753077009220406	0.9652052463196678	0.9798527683323789	0.9618587414840084	0.9656510754597339	0.9612019684600661	0.9895640275102334	0.9737479860299959	0.988615802480385	0.9788256886542952	0.9648286331964515	0.9637594209202403	0.9746194937250527	0.9639898917907408	0.9874879651857299	0.9796122684026762	0.9651280571366819	0.9877385876170306	0.9646139262808634	0.9795829277111388
0.9754930854587213	0.9893881134125696	0.96571963728012	0.9897807182614511	0.9902460119184803	0.9899515562498905	1.0	0.9639324975488802	0.9659514200210872	0.9898816321270041	0.9896329324220903	0.9678096029165543	0.9886361487911386	0.9893133422351709	0.9671108656792876	0.976762081490455	0.9688627148280107	0.9673568728895833	0.972442006308199	0.9777030377716801	0.9692374561249433	0.984173782512345	0.9666306241380372	0.969935716520679	0.9662622163163396	0.9904773833356773	0.9770834252598675	0.992359126932788	0.9828388714284408	0.9680664104485024	0.9685963119399414	0.9790878028830351	0.9679119425944381	0.9918988797825828	0.9833459975548978	0.9652661067100293	0.9918630492154114	0.9683337669617433	0.9817371801302115
0.9646406382486151	0.9634876107630187	0.9900090224032412	0.9651880095127672	0.9640361499374541	0.9639608410048504	0.9639324975488802	1.0	0.9886326779943791	0.9643179866892111	0.964283095416652	0.9905556363313237	0.9626656958311178	0.9640265050528842	0.9897154483539153	0.9654518318334318	0.990986307728728	0.9906652079321844	0.9927299309580713	0.9656416426183644	0.9909492343547401	0.9767516318084623	0.990371258027632	0.9899009806250123	0.9894511640193423	0.9645015539628478	0.9669415422801027	0.9674972062341496	0.9661116412070846	0.9903169213933941	0.9900058713789253	0.9697946583743426	0.989755522696287	0.964852429250968	0.9663160611340116	0.995365574765453	0.9647079150631459	0.9976823481723504	0.9654222266873056
0.9659761334527278	0.9654838362942751	0.9906155356362566	0.966715947678894	0.9674073415477927	0.9657411738244043	0.9659514200210872	0.9886326779943791	1.0	0.9662977047851722	0.9657970881042025	0.9922346353428919	0.9636774182115067	0.9660925620903686	0.9912972198346255	0.9664307414596899	0.9921855062743579	0.9918474500506628	0.9940235657453259	0.9675955136447608	0.9920198630043147	0.978463095019892	0.991301259934161	0.991275466507157	0.9898861134485236	0.966775368761132	0.9671531786143563	0.9694039877044571	0.9675516740610374	0.9917920035113359	0.9917601640006546	0.9715893841759216	0.991015057548784	0.9675441675402965	0.9681292341882234	0.989404467067588	0.9661290327285098	0.9923140346606613	0.9673181427579681
0.975570978506433	0.9978421063020055	0.9660074116452952	0.9982027681302248	0.9905888375511723	0.989940852797961	0.9898816321270041	0.9643179866892111	0.9662977047851722	1.0	0.9986509454715504	0.968106321495453	0.9868882549407076	0.9969651469397339	0.9669185468045224	0.9767474774490847	0.969200349952527	0.9672337027016585	0.971944043089257	0.9776744055900872	0.9691115618858506	0.9838393582025321	0.9664462708470452	0.9702453615250569	0.965926028307357	0.9988420076441831	0.97714547217147	0.9913686548415511	0.9829809097342714	0.967964795292963	0.9687262378562513	0.9794697059035552	0.967801522727297	0.9922559838861974	0.9837120551387226	0.964747051005566	0.9907214002512462	0.9682989636023991	0.9818364998296358
0.9753758948998772	0.9973489169114418	0.9655636096851652	0.9984290714681128	0.9908464607957492	0.9893903203145314	0.9896329324220903	0.964283095416652	0.9657970881042025	0.9986509454715504	1.0	0.9674297985325842	0.9862385363854844	0.9963784772401381	0.9665694540920551	0.9763358814708689	0.9687209851068903	0.9669237025993952	0.9715604054086474	0.9771109894350158	0.9688158863586337	0.9831457982507911	0.9660743685994357	0.9696230772556995	0.9655179134594561	0.99792359024084	0.9769121842164507	0.9909153534559884	0.9825398771630913	0.9674725370428489	0.9678944010569384	0.9788194707374716	0.967299901549097	0.9913666187098943	0.9829372702442106	0.964829158993014	0.9901801116856751	0.968054283529717	0.9809952349870557
0.9651278267594253	0.9672280902711771	0.9961990033098426	0.9684393370805336	0.9682438619389678	0.9656736237042017	0.9678096029165543	0.9905556363313237	0.9922346353428919	0.968106321495453	0.9674297985325842	1.0	0.9650735173004149	0.9653093412813498	0.9916173599999056	0.9668413325038694	0.9920188220666035	0.9971730875755715	0.994971630065465	0.9675301814814883	0.9972127274344557	0.9773378617462973	0.996400497926242	0.9960114161849358	0.9893854241008349	0.9673492665809607	0.9662331140405628	0.9685704009843099	0.9669242824665527	0.9971950324126388	0.9905087574913459	0.9708231419224512	0.9901203203828596	0.9667097753664555	0.967577357968241	0.9914732600451459	0.9658430673055596	0.9921130488301597	0.9676701947663647
0.9719318694460347	0.9865440355477142	0.9633676600638053	0.9871569437799033	0.9871157495853446	0.9854888656149794	0.9886361487911386	0.9626656958311178	0.9636774182115067	0.9868882549407076	0.9862385363854844	0.9650735173004149	1.0	0.9853409196635128	0.9638867775546495	0.9730051914039368	0.9666684935482528	0.9647104291523579	0.9698718854294562	0.9732964859033945	0.9663017329515814	0.9801989650328011	0.964786499583544	0.966921352832837	0.9641188838318777	0.9866314278275675	0.9739225937067234	0.9877731832068366	0.9789258627431574	0.9648244656099371	0.964507078823793	0.9750571813606026	0.9644227496798448	0.9872456624407261	0.9793693909154748	0.9635925444403423	0.9946643334436985	0.9658020185456726	0.9773810073781402
0.9650623455009202	0.9966101917180914	0.9614814013819913	0.9974291858402947	0.9903057769293668	0.9855029148442276	0.9893133422351709	0.9640265050528842	0.9660925620903686	0.9969651469397339	0.9963784772401381	0.9653093412813498	0.9853409196635128	1.0	0.96601241721074	0.9740459666389087	0.961132027032697	0.9634233952253892	0.9652819907570886	0.9747885085525929	0.9631029019485685	0.9758122200835495	0.9603210413477412	0.9654729580320534	0.9621820861116245	0.9963255886513532	0.9721117020710442	0.981767153849004	0.9788656080438666	0.9638267238721507	0.9632489774011946	0.9715532720185737	0.9591979255645876	0.9861141975333215	0.9795774756983575	0.9655544555144696	0.9876495551520705	0.9625584088216655	0.9789913110028734
0.9657924673159393	0.9665889476683205	0.9904493315732289	0.9675488932258612	0.9682227781438048	0.9661657311112367	0.9671108656792876	0.9897154483539153	0.9912972198346255	0.9669185468045224	0.9665694540920551	0.9916173599999056	0.9638867775546495	0.96601241721074	1.0	0.9662696424615256	0.9922547108424279	0.9916533235578097	0.9939621202741143	0.9674976421945207	0.9918630348296267	0.9781812443150566	0.9911173425299584	0.9910214326707016	0.9900262463024045	0.9666772109243444	0.9672374456439982	0.9690196389791835	0.9674687238290889	0.9915160660303095	0.9918348279029106	0.9737260178617387	0.9908243828758903	0.9677660212128354	0.9682101967251407	0.9905765751560214	0.9661705046196132	0.9923974196389131	0.9672793569413213
0.9902045462487584	0.9762024696516686	0.9657418653259288	0.9771106278152373	0.9770093532505805	0.9747336766700414	0.976762081490455	0.9654518318334318	0.9664307414596899	0.9767474774490847	0.9763358814708689	0.9668413325038694	0.9730051914039368	0.9740459666389087	0.9662696424615256	1.0	0.967828093996903	0.9666526027397022	0.9706541320128481	0.9915557540491833	0.9687096284816987	0.9856246384806381	0.9663536970804055	0.9682800137939412	0.9653807170867136	0.9758139561679912	0.9918126192165176	0.9805595226222034	0.9768171101687235	0.9668675218058506	0.96674317086392	0.9747533282108325	0.9673279750331558	0.9766265658172997	0.977374507218499	0.9664909464791985	0.9758254992591775	0.9673806433849066	0.9773552772691124
0.9593572815405186	0.9684929155880608	0.9891092924550159	0.9692562809683772	0.9697828522512753	0.9647666701017473	0.9688627148280107	0.990986307728728	0.9921855062743579	0.969200349952527	0.9687209851068903	0.9920188220666035	0.9666684935482528	0.961132027032697	0.9922547108424279	0.967828093996903	1.0	0.9910723994023142	0.9933427394593887	0.9690881965821726	0.9894271273928817	0.9741481274589953	0.9883710953344678	0.9898164405464125	0.9883244043051727	0.9682632233613111	0.9666382047007054	0.9588575199158681	0.9671790957259628	0.9908711686825589	0.9879642239454083	0.967623007691965	0.9825875756647466	0.9655283910241266	0.9679447034391043	0.9918792738457214	0.9668195121985952	0.9820088530631109	0.9690881965821726
0.9647223505700481	0.9667988629119969	0.9961552050949506	0.9672953466099472	0.9674387257380966	0.9642919558568124	0.9673568728895833	0.9906652079321844	0.9918474500506628	0.9672337027016585	0.9669237025993952	0.9971730875755715	0.9647104291523579	0.9634233952253892	0.9916533235578097	0.9666526027397022	0.9910723994023142	1.0	0.9945110705886173	0.9673978252851374	0.9968270128606715	0.9769078401863099	0.9963912471556098	0.9961689689248169	0.9888212788783224	0.9664846312480604	0.9659277971158409	0.9680842220765384	0.9666272676969588	0.9984548974925541	0.9901519382575127	0.9702582398189782	0.9894579051192186	0.9654281046244206	0.9666360432096613	0.9914971973239471	0.965283641048728	0.991158613613518	0.9672131285134149
0.9647767103263791	0.971519756891129	0.992580647991608	0.9720442497896246	0.9723826531407108	0.9676577539725215	0.972442006308199	0.9927299309580713	0.9940235657453259	0.971944043089257	0.9715604054086474	0.994971630065465	0.9698718854294562	0.9652819907570886	0.9939621202741143	0.9706541320128481	0.9933427394593887	0.9945110705886173	1.0	0.9720842458552712	0.9939005606367173	0.9780477609613155	0.9923231567055685	0.9938285961897181	0.9905305728789379	0.9711927185993158	0.9694843795045175	0.9686306617135397	0.9702124785385585	0.9939005606367173	0.9890895570250595	0.9703894801354779	0.9882693516945061	0.9677949716852984	0.9709659479241671	0.9935080036507067	0.97014888999431	0.9899613160022293	0.9717022747907246
0.9908697405621858	0.9770526483385958	0.9655859457015205	0.9778458225813663	0.9778030527798425	0.9753077009220406	0.9777030377716801	0.9656416426183644	0.9675955136447608	0.9776744055900872	0.9771109894350158	0.9675301814814883	0.9732964859033945	0.9747885085525929	0.9674976421945207	0.9915557540491833	0.9690881965821726	0.9673978252851374	0.9720842458552712	1.0	0.96959151544463	0.9862291972972406	0.9668139286450581	0.969426130842151	0.9662399126379816	0.9768329336434995	0.992029953839042	0.9802241923131054	0.9772345594760132	0.9680054797638814	0.9682472645970719	0.9756379346930281	0.9684855280582428	0.9773254565813441	0.9778435055423663	0.9668841172886768	0.9759482891656218	0.96871414773884	0.9778743046356874
0.9636435370242735	0.9686883348834324	0.994636033370894	0.9691745703308424	0.9695500621886561	0.9652052463196678	0.9692374561249433	0.9909492343547401	0.9920198630043147	0.9691115618858506	0.9688158863586337	0.9972127274344557	0.9663017329515814	0.9631029019485685	0.9918630348296267	0.9687096284816987	0.9894271273928817	0.9968270128606715	0.9939005606367173	0.96959151544463	1.0	0.9771321598098253	0.9949349492994413	0.995828722876435	0.9888589348088273	0.9683241783245279	0.9672286767600651	0.9673409361692745	0.9671840731704264	0.9959678960263638	0.9873084931922629	0.96921133334289	0.9874625581728596	0.9646094900518002	0.9676273566952374	0.9915471288434105	0.9669601248000436	0.9892728222677117	0.9688582918051941
0.9789663955428465	0.9833880869603969	0.9744073995598378	0.983600393935184	0.9851570788653767	0.9798527683323789	0.984173782512345	0.9767516318084623	0.978463095019892	0.9838393582025321	0.9831457982507911	0.9773378617462973	0.9801989650328011	0.9758122200835495	0.9781812443150566	0.9856246384806381	0.9741481274589953	0.9769078401863099	0.9780477609613155	0.9862291972972406	0.9771321598098253	1.0	0.9743325185500641	0.9779137288280456	0.9740690669199231	0.9833596751912813	0.9840904955436794	0.9811995963407696	0.9820697409718432	0.9765596870259395	0.9745193983831579	0.9764085757408745	0.9728120561076052	0.9795827166439596	0.9831171755783332	0.9775422729947392	0.9819660970460123	0.9741446345826066	0.9835014884229702
0.9609451068995747	0.9660743685994357	0.9946923875751423	0.9664693727812381	0.9669051913818411	0.9618587414840084	0.9666306241380372	0.990371258027632	0.991301259934161	0.9664462708470452	0.9660743685994357	0.996400497926242	0.964786499583544	0.9603210413477412	0.9911173425299584	0.9663536970804055	0.9883710953344678	0.9963912471556098	0.9923231567055685	0.9668139286450581	0.9949349492994413	0.9743325185500641	1.0	0.9952428618941135	0.9880737285177617	0.9655558867615005	0.9651734930566211	0.9641488648509967	0.9648351291707651	0.995281150778803	0.9861771234505127	0.9666442214782734	0.9861353805336344	0.9618053849089668	0.9655321198158606	0.990746407140533	0.9644686019445295	0.9875631436280524	0.9666765481135546
0.9648580780635215	0.9696034365348057	0.9939912136101521	0.9703799044723198	0.9702838595107222	0.9656510754597339	0.969935716520679	0.9899009806250123	0.991275466507157	0.9702453615250569	0.9696230772556995	0.9960114161849358	0.966921352832837	0.9654729580320534	0.9910214326707016	0.9682800137939412	0.9898164405464125	0.9961689689248169	0.9938285961897181	0.969426130842151	0.995828722876435	0.9779137288280456	0.9952428618941135	1.0	0.9877439550552378	0.9693272056882193	0.9666210710422811	0.969256701889321	0.967492685236032	0.9953378239882255	0.988461315255891	0.9712935522429422	0.9880620734979528	0.9673431859913794	0.9683617838877808	0.9906418405065862	0.9677017470578206	0.9899613160022293	0.9693865971162442
0.9615513433401767	0.9653807170867136	0.986844129713349	0.9662175935038717	0.9663067773927422	0.9612019684600661	0.9662622163163396	0.9894511640193423	0.9898861134485236	0.965926028307357	0.9655179134594561	0.9893854241008349	0.9641188838318777	0.9621820861116245	0.9900262463024045	0.9653807170867136	0.9883244043051727	0.9888212788783224	0.9905305728789379	0.9662399126379816	0.9888589348088273	0.9740690669199231	0.9880737285177617	0.9877439550552378	1.0	0.965104556881341	0.9638316210439081	0.9648334384859204	0.9644508103618175	0.9882132331844367	0.9866916836751709	0.9668884358071961	0.9868365083642956	0.9626228325864148	0.9650582988357466	0.9897670728799689	0.9639276609399385	0.9885883445997996	0.9660160221767855
0.9749425452367265	0.998479165512439	0.9649773637849502	0.999411558450402	0.991987283695764	0.9895640275102334	0.9904773833356773	0.9645015539628478	0.966775368761132	0.9988420076441831	0.99792359024084	0.9673492665809607	0.9866314278275675	0.9963255886513532	0.9666772109243444	0.9758139561679912	0.9682632233613111	0.9664846312480604	0.9711927185993158	0.9768329336434995	0.9683241783245279	0.9833596751912813	0.9655558867615005	0.9693272056882193	0.965104556881341	1.0	0.9765354117876125	0.9908696793238303	0.9823039627025025	0.9671818779584062	0.9678500205459631	0.9785489134727224	0.9665037501817081	0.9916551037021557	0.9830142959409025	0.9657598423936625	0.9900109925787821	0.9679136288375882	0.980791094183018
0.9887935881166021	0.9769277888456143	0.9641942486079429	0.9772228649673744	0.9776376384061385	0.9737479860299959	0.9770834252598675	0.9669415422801027	0.9671531786143563	0.97714547217147	0.9769121842164507	0.9662331140405628	0.9739225937067234	0.9721117020710442	0.9672374456439982	0.9918126192165176	0.9666382047007054	0.9659277971158409	0.9694843795045175	0.992029953839042	0.9672286767600651	0.9840904955436794	0.9651734930566211	0.9666210710422811	0.9638316210439081	0.9765354117876125	1.0	0.9786047393723609	0.9758169877735554	0.9657520216085758	0.9656445386407007	0.9732099145981303	0.9648801482349243	0.9750940439667976	0.9763453775632324	0.9668777794622366	0.9758169877735554	0.966213274546779	0.97714547217147
0.9727779736274408	0.9908849110533132	0.965203833297418	0.9914436041209246	0.992271627543166	0.988615802480385	0.992359126932788	0.9674972062341496	0.9694039877044571	0.9913686548415511	0.9909153534559884	0.9685704009843099	0.9877731832068366	0.981767153849004	0.9690196389791835	0.9805595226222034	0.9588575199158681	0.9680842220765384	0.9686306617135397	0.9802241923131054	0.9673409361692745	0.9811995963407696	0.9641488648509967	0.969256701889321	0.9648334384859204	0.9908696793238303	0.9786047393723609	1.0	0.9827177823033908	0.9682064550887451	0.9654040837448497	0.9750778060041562	0.9590609011084712	0.9876054053315049	0.9831444333897057	0.9690196389791835	0.9897856085156144	0.9564806262447788	0.9832598350858864
0.9744631149647048	0.9825268152943422	0.9641475835015014	0.9831223349711591	0.9835176446006638	0.9788256886542952	0.9828388714284408	0.9661116412070846	0.9675516740610374	0.9829809097342714	0.9825398771630913	0.9669242824665527	0.9789258627431574	0.9788656080438666	0.9674687238290889	0.9768171101687235	0.9671790957259628	0.9666272676969588	0.9702124785385585	0.9772345594760132	0.9671840731704264	0.9820697409718432	0.9648351291707651	0.967492685236032	0.9644508103618175	0.9823039627025025	0.9758169877735554	0.9827177823033908	1.0	0.9666698663536311	0.9663733601712395	0.9808910110567417	0.9657169380330839	0.981142994950613	0.9914124143898868	0.9671976523947758	0.9806308556378487	0.9669841114822044	0.9868533178592996
0.9648309783517207	0.9672859858112411	0.9953926880524123	0.9680258027785965	0.9682888438253955	0.9648286331964515	0.9680664104485024	0.9903169213933941	0.9917920035113359	0.967964795292963	0.9674725370428489	0.9971950324126388	0.9648244656099371	0.9638267238721507	0.9915160660303095	0.9668675218058506	0.9908711686825589	0.9984548974925541	0.9939005606367173	0.9680054797638814	0.9959678960263638	0.9765596870259395	0.995281150778803	0.9953378239882255	0.9882132331844367	0.9671818779584062	0.9657520216085758	0.9682064550887451	0.9666698663536311	1.0	0.9898817693370567	0.9703457925054811	0.9892579909023581	0.9661799955430593	0.9670158738904532	0.9914368017747354	0.965840462598705	0.9909330496584505	0.9679240594570719
0.9625563413803464	0.9678500205459631	0.9877334825464164	0.9685094032871099	0.9692195004692271	0.9637594209202403	0.9685963119399414	0.9900058713789253	0.9917601640006546	0.9687262378562513	0.9678944010569384	0.9905087574913459	0.964507078823793	0.9632489774011946	0.9918348279029106	0.96674317086392	0.9879642239454083	0.9901519382575127	0.9890895570250595	0.9682472645970719	0.9873084931922629	0.9745193983831579	0.9861771234505127	0.988461315255891	0.9866916836751709	0.9678500205459631	0.9656445386407007	0.9654040837448497	0.9663733601712395	0.9898817693370567	1.0	0.9679415303642686	0.9865733917384485	0.964234952901951	0.9667661437077615	0.9910259425106295	0.965596946490563	0.9884384616960095	0.9683129991207047
0.9684190029360649	0.978853133176242	0.967657716205407	0.9791211897952433	0.9797655012078996	0.9746194937250527	0.9790878028830351	0.9697946583743426	0.9715893841759216	0.9794697059035552	0.9788194707374716	0.9708231419224512	0.9750571813606026	0.9715532720185737	0.9737260178617387	0.9747533282108325	0.967623007691965	0.9702582398189782	0.9703894801354779	0.9756379346930281	0.96921133334289	0.9764085757408745	0.9666442214782734	0.9712935522429422	0.9668884358071961	0.9785489134727224	0.9732099145981303	0.9750778060041562	0.9808910110567417	0.9703457925054811	0.9679415303642686	1.0	0.9657758843326545	0.9750571813606026	0.9815946135840264	0.9708876927869612	0.9767871590030582	0.967807733951655	0.9848883094312751
0.9591617580733669	0.9667903529596931	0.9873565112529712	0.967635181014249	0.9681042727011046	0.9639898917907408	0.9679119425944381	0.989755522696287	0.991015057548784	0.967801522727297	0.967299901549097	0.9901203203828596	0.9644227496798448	0.9591979255645876	0.9908243828758903	0.9673279750331558	0.9825875756647466	0.9894579051192186	0.9882693516945061	0.9684855280582428	0.9874625581728596	0.9728120561076052	0.9861353805336344	0.9880620734979528	0.9868365083642956	0.9665037501817081	0.9648801482349243	0.9590609011084712	0.9657169380330839	0.9892579909023581	0.9865733917384485	0.9657758843326545	1.0	0.9643304838986207	0.966818873533776	0.9909878856054535	0.9656578835949416	0.9822817802939598	0.9676629642703886
0.9719318694460347	0.9915271989214465	0.9628554636471974	0.9920779138633887	0.9925885959374539	0.9874879651857299	0.9918988797825828	0.964852429250968	0.9675441675402965	0.9922559838861974	0.9913666187098943	0.9667097753664555	0.9872456624407261	0.9861141975333215	0.9677660212128354	0.9766265658172997	0.9655283910241266	0.9654281046244206	0.9677949716852984	0.9773254565813441	0.9646094900518002	0.9795827166439596	0.9618053849089668	0.9673431859913794	0.9626228325864148	0.9916551037021557	0.9750940439667976	0.9876054053315049	0.981142994950613	0.9661799955430593	0.964234952901951	0.9750571813606026	0.9643304838986207	1.0	0.9814200898408885	0.9664344557369362	0.9897276376177068	0.9649247562442865	0.9817092551045277
0.9742004385771265	0.9832315572884202	0.9646112137259869	0.9836114812835148	0.9835988878324659	0.9796122684026762	0.9833459975548978	0.9663160611340116	0.9681292341882234	0.9837120551387226	0.9829372702442106	0.967577357968241	0.9793693909154748	0.9795774756983575	0.9682101967251407	0.977374507218499	0.9679447034391043	0.9666360432096613	0.9709659479241671	0.9778435055423663	0.9676273566952374	0.9831171755783332	0.9655321198158606	0.9683617838877808	0.9650582988357466	0.9830142959409025	0.9763453775632324	0.9831444333897057	0.9914124143898868	0.9670158738904532	0.9667661437077615	0.9815946135840264	0.966818873533776	0.9814200898408885	1.0	0.9678442548302302	0.9809639273805073	0.9677369437568555	0.9875573799838269
0.9657924673159393	0.9647265036728067	0.9903554727882221	0.9655019458214409	0.9646293246088098	0.9651280571366819	0.9652661067100293	0.995365574765453	0.989404467067588	0.964747051005566	0.964829158993014	0.9914732600451459	0.9635925444403423	0.9655544555144696	0.9905765751560214	0.9664909464791985	0.9918792738457214	0.9914971973239471	0.9935080036507067	0.9668841172886768	0.9915471288434105	0.9775422729947392	0.990746407140533	0.9906418405065862	0.9897670728799689	0.9657598423936625	0.9668777794622366	0.9690196389791835	0.9671976523947758	0.9914368017747354	0.9910259425106295	0.9708876927869612	0.9909878856054535	0.9664344557369362	0.9678442548302302	1.0	0.9658372242803969	0.9982735756045404	0.9667905554119043
0.9742004385771265	0.9901999511980623	0.9640540495172707	0.9910419650179896	0.9907214002512462	0.9877385876170306	0.9918630492154114	0.9647079150631459	0.9661290327285098	0.9907214002512462	0.9901801116856751	0.9658430673055596	0.9946643334436985	0.9876495551520705	0.9661705046196132	0.9758254992591775	0.9668195121985952	0.965283641048728	0.97014888999431	0.9759482891656218	0.9669601248000436	0.9819660970460123	0.9644686019445295	0.9677017470578206	0.9639276609399385	0.9900109925787821	0.9758169877735554	0.9897856085156144	0.9806308556378487	0.965840462598705	0.965596946490563	0.9767871590030582	0.9656578835949416	0.9897276376177068	0.9809639273805073	0.9658372242803969	1.0	0.96617610391552	0.9800996167730923
0.959777350802331	0.967487947414581	0.9886070321174809	0.9685763454391749	0.9680893516110486	0.9646139262808634	0.9683337669617433	0.9976823481723504	0.9923140346606613	0.9682989636023991	0.968054283529717	0.9921130488301597	0.9658020185456726	0.9625584088216655	0.9923974196389131	0.9673806433849066	0.9820088530631109	0.991158613613518	0.9899613160022293	0.96871414773884	0.9892728222677117	0.9741446345826066	0.9875631436280524	0.9899613160022293	0.9885883445997996	0.9679136288375882	0.966213274546779	0.9564806262447788	0.9669841114822044	0.9909330496584505	0.9884384616960095	0.967807733951655	0.9822817802939598	0.9649247562442865	0.9677369437568555	0.9982735756045404	0.96617610391552	1.0	0.9684032613040671
0.9762447011854256	0.9810968294440414	0.9654965084794794	0.9816998573924666	0.9819478753980052	0.9795829277111388	0.9817371801302115	0.9654222266873056	0.9673181427579681	0.9818364998296358	0.9809952349870557	0.9676701947663647	0.9773810073781402	0.9789913110028734	0.9672793569413213	0.9773552772691124	0.9690881965821726	0.9672131285134149	0.9717022747907246	0.9778743046356874	0.9688582918051941	0.9835014884229702	0.9666765481135546	0.9693865971162442	0.9660160221767855	0.980791094183018	0.97714547217147	0.9832598350858864	0.9868533178592996	0.9679240594570719	0.9683129991207047	0.9848883094312751	0.9676629642703886	0.9817092551045277	0.9875573799838269	0.9667905554119043	0.9800996167730923	0.9684032613040671	1.0
