/home/jshaw/scratch/2022_sketched_distance/references/SGB_genome_fastas_part5/16958/FerrettiP_2018__CA_C10035IS2605FE_t2M15__bin.4.fa	/home/jshaw/scratch/2022_sketched_distance/references/SGB_genome_fastas_part5/16958/FerrettiP_2018__CA_C10042MS2726SK_t0M15__bin.4.fa	/home/jshaw/scratch/2022_sketched_distance/references/SGB_genome_fastas_part5/16958/HMP_2012__SRS013261__bin.1.fa	/home/jshaw/scratch/2022_sketched_distance/references/SGB_genome_fastas_part5/16958/HMP_2012__SRS015381__bin.1.fa	/home/jshaw/scratch/2022_sketched_distance/references/SGB_genome_fastas_part5/16958/HMP_2012__SRS017849__bin.5.fa	/home/jshaw/scratch/2022_sketched_distance/references/SGB_genome_fastas_part5/16958/HMP_2012__SRS017851__bin.9.fa	/home/jshaw/scratch/2022_sketched_distance/references/SGB_genome_fastas_part5/16958/HMP_2012__SRS019016__bin.5.fa	/home/jshaw/scratch/2022_sketched_distance/references/SGB_genome_fastas_part5/16958/HMP_2012__SRS020261__bin.4.fa	/home/jshaw/scratch/2022_sketched_distance/references/SGB_genome_fastas_part5/16958/HMP_2012__SRS020263__bin.4.fa	/home/jshaw/scratch/2022_sketched_distance/references/SGB_genome_fastas_part5/16958/HMP_2012__SRS024482__bin.7.fa	/home/jshaw/scratch/2022_sketched_distance/references/SGB_genome_fastas_part5/16958/HMP_2012__SRS024596__bin.6.fa	/home/jshaw/scratch/2022_sketched_distance/references/SGB_genome_fastas_part5/16958/HMP_2012__SRS024598__bin.3.fa	/home/jshaw/scratch/2022_sketched_distance/references/SGB_genome_fastas_part5/16958/HMP_2012__SRS058182__bin.3.fa	/home/jshaw/scratch/2022_sketched_distance/references/SGB_genome_fastas_part5/16958/OhJ_2014__MET0014__bin.2.fa	/home/jshaw/scratch/2022_sketched_distance/references/SGB_genome_fastas_part5/16958/OhJ_2014__MET0026__bin.1.fa	/home/jshaw/scratch/2022_sketched_distance/references/SGB_genome_fastas_part5/16958/OhJ_2014__MET0067__bin.3.fa	/home/jshaw/scratch/2022_sketched_distance/references/SGB_genome_fastas_part5/16958/OhJ_2014__MET0076__bin.2.fa	/home/jshaw/scratch/2022_sketched_distance/references/SGB_genome_fastas_part5/16958/OhJ_2014__MET0188__bin.12.fa	/home/jshaw/scratch/2022_sketched_distance/references/SGB_genome_fastas_part5/16958/OhJ_2014__MET0190__bin.9.fa	/home/jshaw/scratch/2022_sketched_distance/references/SGB_genome_fastas_part5/16958/OhJ_2014__MET0197__bin.1.fa	/home/jshaw/scratch/2022_sketched_distance/references/SGB_genome_fastas_part5/16958/OhJ_2014__MET0199__bin.9.fa	/home/jshaw/scratch/2022_sketched_distance/references/SGB_genome_fastas_part5/16958/OhJ_2014__MET0202__bin.4.fa	/home/jshaw/scratch/2022_sketched_distance/references/SGB_genome_fastas_part5/16958/OhJ_2014__MET0204__bin.7.fa	/home/jshaw/scratch/2022_sketched_distance/references/SGB_genome_fastas_part5/16958/OhJ_2014__MET0207__bin.1.fa	/home/jshaw/scratch/2022_sketched_distance/references/SGB_genome_fastas_part5/16958/OhJ_2014__MET0211__bin.5.fa	/home/jshaw/scratch/2022_sketched_distance/references/SGB_genome_fastas_part5/16958/OhJ_2014__MET0212__bin.8.fa	/home/jshaw/scratch/2022_sketched_distance/references/SGB_genome_fastas_part5/16958/OhJ_2014__MET0216__bin.2.fa	/home/jshaw/scratch/2022_sketched_distance/references/SGB_genome_fastas_part5/16958/OhJ_2014__MET0232__bin.3.fa	/home/jshaw/scratch/2022_sketched_distance/references/SGB_genome_fastas_part5/16958/OhJ_2014__MET0238__bin.3.fa	/home/jshaw/scratch/2022_sketched_distance/references/SGB_genome_fastas_part5/16958/OhJ_2014__MET0243__bin.10.fa	/home/jshaw/scratch/2022_sketched_distance/references/SGB_genome_fastas_part5/16958/OhJ_2014__MET0246__bin.3.fa	/home/jshaw/scratch/2022_sketched_distance/references/SGB_genome_fastas_part5/16958/OhJ_2014__MET0249__bin.5.fa	/home/jshaw/scratch/2022_sketched_distance/references/SGB_genome_fastas_part5/16958/OhJ_2014__MET0250__bin.9.fa	/home/jshaw/scratch/2022_sketched_distance/references/SGB_genome_fastas_part5/16958/OhJ_2014__MET0254__bin.2.fa	/home/jshaw/scratch/2022_sketched_distance/references/SGB_genome_fastas_part5/16958/OhJ_2014__MET0258__bin.6.fa	/home/jshaw/scratch/2022_sketched_distance/references/SGB_genome_fastas_part5/16958/OhJ_2014__MET0259__bin.28.fa	/home/jshaw/scratch/2022_sketched_distance/references/SGB_genome_fastas_part5/16958/OhJ_2014__MET0262__bin.1.fa	/home/jshaw/scratch/2022_sketched_distance/references/SGB_genome_fastas_part5/16958/OhJ_2014__MET0266__bin.3.fa	/home/jshaw/scratch/2022_sketched_distance/references/SGB_genome_fastas_part5/16958/OhJ_2014__MET0276__bin.31.fa	/home/jshaw/scratch/2022_sketched_distance/references/SGB_genome_fastas_part5/16958/OhJ_2014__MET0288__bin.6.fa	/home/jshaw/scratch/2022_sketched_distance/references/SGB_genome_fastas_part5/16958/OhJ_2014__MET0292__bin.1.fa	/home/jshaw/scratch/2022_sketched_distance/references/SGB_genome_fastas_part5/16958/OhJ_2014__MET0296__bin.3.fa	/home/jshaw/scratch/2022_sketched_distance/references/SGB_genome_fastas_part5/16958/OhJ_2014__MET0297__bin.3.fa	/home/jshaw/scratch/2022_sketched_distance/references/SGB_genome_fastas_part5/16958/OhJ_2014__MET0306__bin.4.fa	/home/jshaw/scratch/2022_sketched_distance/references/SGB_genome_fastas_part5/16958/OhJ_2014__MET0311__bin.3.fa	/home/jshaw/scratch/2022_sketched_distance/references/SGB_genome_fastas_part5/16958/OhJ_2014__MET0314__bin.3.fa	/home/jshaw/scratch/2022_sketched_distance/references/SGB_genome_fastas_part5/16958/OhJ_2014__MET0317__bin.3.fa
1.0	0.9721328813394886	0.9754227888914152	0.9808477799955245	0.9770493746057398	0.9856605379405754	0.9841212644317833	0.9809754406307869	0.9806048856537817	0.9746372807697287	0.975679345276673	0.9757734200576604	0.9770700130146461	0.9807776018661052	0.9709647929531126	0.9630842939592906	0.9761480165880919	0.96743869881152	0.9708568506284754	0.971096021209306	0.9714431115752571	0.9718554644710826	0.9742770454177455	0.9686456837273378	0.9729060047263134	0.9669150047753393	0.9688120731663341	0.9708052758553692	0.9714216572871534	0.9700599706361827	0.9720160402894815	0.9715007862356514	0.9726732188143996	0.970344511000369	0.9679817835750689	0.9712837803281905	0.9700875453304985	0.9804243115999557	0.9701310854756418	0.9744596067975628	0.9678692928971115	0.9708179034776742	0.9666527868429232	0.9734793041868492	0.9695322126187454	0.9632219035203016	0.9819476651159348
0.9721328813394886	1.0	0.9823508252124517	0.9773214465367599	0.9788787590529918	0.9754197143011255	0.977564681681985	0.9776075522118097	0.9773730373662527	0.9809701390029114	0.9826227217426508	0.9830303704935524	0.977181680965716	0.9775978420873757	0.9795240793209593	0.9692336344493834	0.9853330450076374	0.9759677839739901	0.9784373091559643	0.9786524921991406	0.9787160495330586	0.978724448144441	0.9831182481880664	0.976293530201209	0.9731560303718846	0.9728407705041291	0.9723418553474604	0.978317817989933	0.9787235065556921	0.9770154034312946	0.9793579118443491	0.9782401010339846	0.9799975255527714	0.9769527538684085	0.9748927492965009	0.9783610281194635	0.9743862336216467	0.9775778845134584	0.9784019330945413	0.9822204269209694	0.9764982198174782	0.9786705296872338	0.9728790397129127	0.9799222019649744	0.9729746221789961	0.9701825413398604	0.9765618948236064
0.9754227888914152	0.9823508252124517	1.0	0.9821060158042867	0.9825749934549122	0.9813071041519407	0.9813767895310034	0.9825800839332374	0.9826318089141196	0.9840619296650448	0.9974606583956029	0.9978376147705286	0.9810060121838295	0.981599011314267	0.98251078418048	0.9724091526202949	0.9872272363631782	0.9778542677402404	0.9820063704680349	0.9818456865588325	0.9814339714348004	0.9820635364767173	0.9849861378982597	0.9780552920831419	0.9783721104049325	0.9744096024916319	0.9769136834989128	0.9823176080422099	0.9819515165103407	0.9793026894675535	0.9821212819862322	0.9824571150368769	0.9832998402411478	0.9809048350064942	0.9778113183139426	0.9812500484120182	0.9787553735458386	0.982546820316541	0.9805689561234013	0.9855430960601098	0.979317337448503	0.9812369728115571	0.975264244480202	0.9853871801309073	0.9769535840585764	0.9714614954148848	0.9819156733570484
0.9808477799955245	0.9773214465367599	0.9821060158042867	1.0	0.9835284477356749	0.9864112727609206	0.9859708155984703	0.9882190890080935	0.9879595050970194	0.979949864580523	0.9823718450760042	0.9827567804714592	0.982867216445873	0.9883457889012358	0.9771013738003718	0.9653790833941543	0.9830076217194847	0.9725042292068466	0.9766171281685964	0.9765327647476024	0.9773816939181283	0.9776927951445371	0.9807235678838161	0.9732099942238838	0.9788566526397441	0.9715288307093506	0.9755849402986011	0.9768712801856407	0.9770272203316096	0.9738180343511768	0.9776871901716011	0.9772970908710316	0.9782271545537364	0.9756889268818177	0.9734235929530025	0.9765771243758911	0.976196195418222	0.9862534272323875	0.9748452084332928	0.9820311236615626	0.9734352017215644	0.9762662939653298	0.9697095240703779	0.9804334950061951	0.974475966591764	0.966558508520059	0.9866156308989563
0.9770493746057398	0.9788787590529918	0.9825749934549122	0.9835284477356749	1.0	0.9831962561487357	0.9829622690433468	0.9860970834622946	0.9855268531733596	0.9811345214010148	0.983021638422377	0.9828315256501442	0.9831368068983167	0.9868142747807727	0.9774842515900196	0.9673534226325475	0.9830577032681865	0.9747888908219294	0.9774051326963534	0.9774830126259498	0.977835237648862	0.9787206944748205	0.9799483343961415	0.9750395554561381	0.9750525432070934	0.9724608369460425	0.9730580311672475	0.9773156204129491	0.9767771016420571	0.9749174808141803	0.977861965201255	0.9778971188222009	0.9788049332312693	0.977344551609935	0.9740017385452483	0.9781714920892882	0.9742362123619694	0.9831785675130505	0.9765175451848489	0.9825005176738686	0.9747553156384026	0.9764702901960841	0.9716736543823061	0.9805195847727396	0.9739471044909835	0.9685537624556032	0.982973706066809
0.9856605379405754	0.9754197143011255	0.9813071041519407	0.9864112727609206	0.9831962561487357	1.0	0.9901884300431195	0.987511944740671	0.9871188370253329	0.9793425667500774	0.9817944668215426	0.9818146134977862	0.9833528545076983	0.9872477973061096	0.9766465628670884	0.9645678934538084	0.982005633049198	0.9724975868410409	0.9765479237728601	0.9765280901604992	0.9768041057026486	0.9772080084201431	0.979125946867819	0.9729494666591068	0.9778347791779181	0.9696998219299465	0.9736981807383082	0.9763983676088469	0.9765062690330373	0.9738785911217372	0.976988053967892	0.9770122087305513	0.977864981079899	0.9750253671393866	0.9727672284763783	0.9758887961549089	0.974415957725071	0.987204803010584	0.9741716084945411	0.9795602317556759	0.9726735809764923	0.9751979132900115	0.9687964144509151	0.9794780968713828	0.9754066875376174	0.966154730643888	0.9869363576963643
0.9841212644317833	0.977564681681985	0.9813767895310034	0.9859708155984703	0.9829622690433468	0.9901884300431195	1.0	0.987540140473035	0.9871200572722449	0.9797235232170286	0.9816788957289921	0.9818613333609679	0.9829025933125103	0.9869421602884424	0.9776301656233277	0.9658409556243015	0.9820797839254347	0.9728867257590288	0.976895049697602	0.9770812272971945	0.9772777088952947	0.9778728775915353	0.9800734461609377	0.9732668672309706	0.9767356845573255	0.9704391957639734	0.9740703980043632	0.977324975849005	0.9774318066026602	0.9743120258315074	0.9779272186399717	0.9773798094669325	0.9785018786657151	0.97598824751829	0.9729536324866284	0.9769388318515101	0.9743824132931863	0.9866463870020057	0.9753553260962438	0.9802089286967154	0.9738022177584469	0.9764917521297259	0.9703002946875112	0.9799848436571974	0.9747928745225645	0.9661986581579797	0.9866538937446636
0.9809754406307869	0.9776075522118097	0.9825800839332374	0.9882190890080935	0.9860970834622946	0.987511944740671	0.987540140473035	1.0	0.9989907971359873	0.9798096584041006	0.9827847136611132	0.9830555178995839	0.9833363837547074	0.9932738004766343	0.9771389184251054	0.9653071557955664	0.982719052761353	0.9728103231003732	0.9766636576665048	0.9767443099658434	0.9772592040664583	0.977595854703453	0.9808887841828694	0.9733424507063885	0.9788915065301677	0.9707758167044576	0.9747454848590917	0.9771852701692305	0.9772230076302598	0.9739339057181963	0.9775913823221056	0.9772696752092022	0.9784892987964429	0.9761657771865713	0.9728757989985618	0.9761898303563507	0.9749533204115021	0.9866997680687614	0.9750837790054406	0.981287471107722	0.9737473049747611	0.9763888249083141	0.9696102401686726	0.9804121817827927	0.9749221119843607	0.9664601103559012	0.9870284940009733
0.9806048856537817	0.9773730373662527	0.9826318089141196	0.9879595050970194	0.9855268531733596	0.9871188370253329	0.9871200572722449	0.9989907971359873	1.0	0.9796151243558877	0.982553142247507	0.9827993051289021	0.9829394557348127	0.9926059708254217	0.9772761886700525	0.9656386484199904	0.9825672591255998	0.9729055298689656	0.9771167138567898	0.9768253079826887	0.9772100350352776	0.9773591475750264	0.9807115472108078	0.9731935697452749	0.9789499774363741	0.9706782896449451	0.974777532883651	0.9775264827808658	0.976986619729265	0.9738628108273857	0.9777527392299614	0.9774604470556972	0.9787037172881258	0.9761208054980944	0.9728516917280038	0.9762454378072932	0.9748471516202066	0.9865568228883148	0.9750070858882112	0.9810660769528684	0.9736036903181002	0.9762764060440091	0.969373128399943	0.9802112354209893	0.9748880828435135	0.9666085404664229	0.9864258009514965
0.9746372807697287	0.9809701390029114	0.9840619296650448	0.979949864580523	0.9811345214010148	0.9793425667500774	0.9797235232170286	0.9798096584041006	0.9796151243558877	1.0	0.9840549506429612	0.9844479796383908	0.9792645989410196	0.9788195715750694	0.9782696420852699	0.9717171646956688	0.9876160271620772	0.9741656995005069	0.9779901352321341	0.977660801640582	0.9773073794112983	0.9780251036229148	0.9814938674653039	0.9753071615950314	0.9739302479840953	0.9719814898542217	0.9722640258925512	0.9780525899419823	0.9787319428347314	0.9755258232677799	0.9777445645515	0.9779459145553795	0.9790152949551418	0.9762353835965861	0.9748383596105737	0.9781399228921412	0.9747186957079064	0.9799307178234411	0.9782029419134027	0.9829335825088389	0.9765575897660899	0.978013262632989	0.9726465202497235	0.981053096057097	0.9740401391006986	0.9676332565928479	0.9797428009991019
0.975679345276673	0.9826227217426508	0.9974606583956029	0.9823718450760042	0.983021638422377	0.9817944668215426	0.9816788957289921	0.9827847136611132	0.982553142247507	0.9840549506429612	1.0	0.9983591039572397	0.981634044401465	0.9819281053833139	0.9824829471493394	0.9722726095913796	0.9874969035360687	0.977597210400179	0.9819262888745565	0.9817913305442655	0.9815991965690424	0.9830455441406747	0.9849770094725223	0.9785908721183829	0.978712553912929	0.9754328323680119	0.9772364675265138	0.9820578640611236	0.9819520550217343	0.978814955544856	0.9821744016010396	0.9832663854242264	0.9836099205280877	0.9820010264169088	0.9780333458674825	0.9813398343315027	0.97895322723485	0.9832428069377519	0.980699297936216	0.9860134253682276	0.9791033322227075	0.9811826491636583	0.9750936281262046	0.9854471406133183	0.9770328464426434	0.9710242965498799	0.982155208896193
0.9757734200576604	0.9830303704935524	0.9978376147705286	0.9827567804714592	0.9828315256501442	0.9818146134977862	0.9818613333609679	0.9830555178995839	0.9827993051289021	0.9844479796383908	0.9983591039572397	1.0	0.9816861286197539	0.982377681299422	0.9828156124741473	0.9724510518763819	0.9878199850228082	0.9780157244241435	0.9823445722651911	0.9822770583091696	0.9819423921524639	0.9836030435667799	0.9856015908900232	0.9785281303693933	0.9792723389915199	0.9757619673575234	0.9773968106294701	0.982488407315015	0.9825052728092629	0.9793492840819381	0.9824827000256582	0.9835778605964572	0.9837783645072893	0.982077759840817	0.978277330124595	0.9818197486651397	0.9795650367899629	0.9832824689657369	0.9811263341341101	0.9861674386619429	0.9792667290118946	0.9818583250746399	0.9754774935939002	0.9860522576157011	0.9775247786772333	0.9717090535115097	0.9826445257826021
0.9770700130146461	0.977181680965716	0.9810060121838295	0.982867216445873	0.9831368068983167	0.9833528545076983	0.9829025933125103	0.9833363837547074	0.9829394557348127	0.9792645989410196	0.981634044401465	0.9816861286197539	1.0	0.9828306402404122	0.9770302648819617	0.9662065314613162	0.9812323828802675	0.9732189949645498	0.976990906867237	0.9770891057167407	0.9771645843112553	0.9778459839140866	0.9806565099538465	0.9738231018687916	0.9768182527833746	0.9716680336128526	0.973776437795379	0.9764077812069601	0.9767385418795462	0.974727337193966	0.9772607068423691	0.9772124898747195	0.9786650296312552	0.9761606459913831	0.9733804369848615	0.9774828651260951	0.9742949867839084	0.9837574093477823	0.9760491436082536	0.9810179729404354	0.9735662688456007	0.9759602971605458	0.9705153584112374	0.9792672977556148	0.9741637943195398	0.9676468402393548	0.9834261565424732
0.9807776018661052	0.9775978420873757	0.981599011314267	0.9883457889012358	0.9868142747807727	0.9872477973061096	0.9869421602884424	0.9932738004766343	0.9926059708254217	0.9788195715750694	0.9819281053833139	0.982377681299422	0.9828306402404122	1.0	0.9765636593386584	0.9653720756494079	0.9820339979877594	0.9724583799525195	0.976134038522603	0.9759318005629765	0.976333473358458	0.9772343748494546	0.9802356696464295	0.9727503212438118	0.9779354674848417	0.9704910468353752	0.9741038356573098	0.9761523680080677	0.9761879839994169	0.973992708846869	0.9768490132344809	0.9765307516596172	0.9782232472214096	0.9752233681389666	0.9724847524219334	0.9758536970725418	0.9741268516091568	0.9869978083546936	0.974716747996493	0.9805086101029407	0.9727205716639692	0.9755737743176653	0.9693120127781916	0.9795443497413405	0.974965708334038	0.9657866739087247	0.9859778736347599
0.9709647929531126	0.9795240793209593	0.98251078418048	0.9771013738003718	0.9774842515900196	0.9766465628670884	0.9776301656233277	0.9771389184251054	0.9772761886700525	0.9782696420852699	0.9824829471493394	0.9828156124741473	0.9770302648819617	0.9765636593386584	1.0	0.9808222649190589	0.982132403677025	0.9875147887315482	0.9908756376258437	0.991321929146131	0.991239708322868	0.9870767965448769	0.9808892408468352	0.9780324230714904	0.9734401463157804	0.9746168695335	0.9743951386157897	0.9915078700161263	0.9884367549811863	0.9877309611028755	0.990415353579845	0.9909965076426629	0.9905121596876578	0.9860118899071381	0.9830392041304339	0.9886018435566897	0.976649174823033	0.9778576861677819	0.9850263894301305	0.981327243896743	0.9850410631410688	0.9870631998310553	0.981502955773359	0.9812555245183775	0.9747122339102967	0.9779300708528241	0.9777338410947854
0.9630842939592906	0.9692336344493834	0.9724091526202949	0.9653790833941543	0.9673534226325475	0.9645678934538084	0.9658409556243015	0.9653071557955664	0.9656386484199904	0.9717171646956688	0.9722726095913796	0.9724510518763819	0.9662065314613162	0.9653720756494079	0.9808222649190589	1.0	0.9709506966517901	0.9801026307355997	0.9810905475737579	0.982286817252228	0.9815203042999866	0.977510945048367	0.9717314212026766	0.9698786372608832	0.9628305430035964	0.9675400935723287	0.9636655446617785	0.9813322404366486	0.9796921218406685	0.9798996204389254	0.980334865242929	0.9811401427785659	0.9811783456933127	0.9774103633397718	0.9755229055106878	0.9800102728202256	0.9670963791131791	0.966693366669955	0.9768980209673264	0.971453565887301	0.977019545819073	0.9783233017209713	0.9762153542716431	0.9699533168337501	0.9646103768003351	0.9717196910096063	0.9664509740959571
0.9761480165880919	0.9853330450076374	0.9872272363631782	0.9830076217194847	0.9830577032681865	0.982005633049198	0.9820797839254347	0.982719052761353	0.9825672591255998	0.9876160271620772	0.9874969035360687	0.9878199850228082	0.9812323828802675	0.9820339979877594	0.982132403677025	0.9709506966517901	1.0	0.9777208480788745	0.9818465254482917	0.9820097728161835	0.9812297308108079	0.981928131257785	0.9856753169747694	0.9787278804798901	0.9775890092963939	0.9743426758002977	0.9770836765550525	0.9821317131169364	0.9822941272808152	0.9785493637869435	0.9825586954491039	0.9825472234878816	0.982907378701776	0.9802909356614162	0.977779550330105	0.9817442028721328	0.9781220574446627	0.9824571150368769	0.9812660037324528	0.985966198287969	0.9792853349603035	0.9812522036842634	0.9748175835656807	0.9853669700170471	0.9768227132293261	0.9706888272752827	0.9825895908900517
0.96743869881152	0.9759677839739901	0.9778542677402404	0.9725042292068466	0.9747888908219294	0.9724975868410409	0.9728867257590288	0.9728103231003732	0.9729055298689656	0.9741656995005069	0.977597210400179	0.9780157244241435	0.9732189949645498	0.9724583799525195	0.9875147887315482	0.9801026307355997	0.9777208480788745	1.0	0.9921475967684915	0.9928732564286273	0.9903482595741722	0.9843228325096169	0.976400191953287	0.9765312589623619	0.9689131487884822	0.9731651277949839	0.9705526711893262	0.9879889727535727	0.9860604530310858	0.988579263466768	0.9914858592616994	0.9923230185090623	0.9879135193735712	0.982751303580032	0.980526740345794	0.9863235932820767	0.9728173233549438	0.9733259530849007	0.9842056996451344	0.9777102534268567	0.9829225542745066	0.9853397144814084	0.9798821776572647	0.9763909601883494	0.9717059277234215	0.9783109202022763	0.9732408973225853
0.9708568506284754	0.9784373091559643	0.9820063704680349	0.9766171281685964	0.9774051326963534	0.9765479237728601	0.976895049697602	0.9766636576665048	0.9771167138567898	0.9779901352321341	0.9819262888745565	0.9823445722651911	0.976990906867237	0.976134038522603	0.9908756376258437	0.9810905475737579	0.9818465254482917	0.9921475967684915	1.0	0.9956624397062269	0.9933074014780146	0.9874829034885485	0.9806753116254717	0.9789387787996614	0.9733089141562432	0.97527143491514	0.9742328663342164	0.9916562569087938	0.9884836020685709	0.990538729005222	0.9952824341202808	0.9963395744499965	0.9911879587368908	0.9865314748282008	0.9828596743736644	0.989001997543	0.9766124810122687	0.9771980191143654	0.9858416361716572	0.9812161120062686	0.984393696017078	0.9871446365071265	0.9809951581346723	0.9807172737512568	0.9749828632141265	0.9784925182449344	0.9774786927415645
0.971096021209306	0.9786524921991406	0.9818456865588325	0.9765327647476024	0.9774830126259498	0.9765280901604992	0.9770812272971945	0.9767443099658434	0.9768253079826887	0.977660801640582	0.9817913305442655	0.9822770583091696	0.9770891057167407	0.9759318005629765	0.991321929146131	0.982286817252228	0.9820097728161835	0.9928732564286273	0.9956624397062269	1.0	0.9949182407820713	0.9879549207503604	0.9804143181962179	0.9789887677367589	0.9734881163767892	0.9752874568785471	0.9741840114316355	0.9921579604994935	0.9893083047122853	0.9910166303477013	0.9956868048645899	0.9965029747924722	0.9920505645324896	0.9870904625275341	0.9836839100654705	0.9897756210364512	0.9768358137884482	0.9769694632753414	0.9868614661579876	0.9814736549230086	0.9853196824463459	0.9877798057486739	0.9823020905890982	0.9808013315516598	0.9749545382315966	0.9796085412969369	0.9773877537999804
0.9714431115752571	0.9787160495330586	0.9814339714348004	0.9773816939181283	0.977835237648862	0.9768041057026486	0.9772777088952947	0.9772592040664583	0.9772100350352776	0.9773073794112983	0.9815991965690424	0.9819423921524639	0.9771645843112553	0.976333473358458	0.991239708322868	0.9815203042999866	0.9812297308108079	0.9903482595741722	0.9933074014780146	0.9949182407820713	1.0	0.9886188195800902	0.9803356530525843	0.978972288018134	0.9736325438213075	0.9754343371387403	0.9757888528390528	0.9923311823458574	0.9891668889166324	0.9885513871680158	0.9928354972442737	0.9927436998532114	0.9914083232085359	0.9866989498285011	0.9826742771793041	0.9890155280044561	0.976376596275869	0.9771986978202192	0.9888126205562536	0.9817439399771378	0.9854887063701078	0.9879098089175476	0.9810261851308624	0.9804663877019427	0.9747871522958478	0.9790142739393407	0.9774479831453557
0.9718554644710826	0.978724448144441	0.9820635364767173	0.9776927951445371	0.9787206944748205	0.9772080084201431	0.9778728775915353	0.977595854703453	0.9773591475750264	0.9780251036229148	0.9830455441406747	0.9836030435667799	0.9778459839140866	0.9772343748494546	0.9870767965448769	0.977510945048367	0.981928131257785	0.9843228325096169	0.9874829034885485	0.9879549207503604	0.9886188195800902	1.0	0.9815030058502449	0.979331544814792	0.9743313228314374	0.977475285178568	0.9767952683450585	0.9879495962054546	0.9905176574866996	0.9852153989702254	0.9884127192875654	0.9886313122992151	0.9897111395293878	0.9856453765826098	0.9819502074360102	0.9870472931603339	0.9791580664642602	0.9784637266670547	0.982721929040712	0.9820722533773333	0.9873864059511038	0.9894719242862879	0.9838690479706605	0.9815046651106288	0.9757817932566684	0.9763381583969426	0.9780045026290477
0.9742770454177455	0.9831182481880664	0.9849861378982597	0.9807235678838161	0.9799483343961415	0.979125946867819	0.9800734461609377	0.9808887841828694	0.9807115472108078	0.9814938674653039	0.9849770094725223	0.9856015908900232	0.9806565099538465	0.9802356696464295	0.9808892408468352	0.9717314212026766	0.9856753169747694	0.976400191953287	0.9806753116254717	0.9804143181962179	0.9803356530525843	0.9815030058502449	1.0	0.980725218129216	0.9791569867977747	0.9783383877908493	0.9816052344745194	0.9805751791506164	0.9807778136751515	0.9779662891914476	0.981404630638701	0.9810765215144296	0.9820746560678917	0.9805052437529154	0.9789751115394747	0.9806183224463192	0.9824963482091837	0.9800284677907843	0.9792433215782766	0.9848009488812809	0.9776189582562065	0.9797180939074742	0.9738390039539832	0.9835378311850417	0.9831091829213308	0.9689854792064374	0.9807027480909191
0.9686456837273378	0.976293530201209	0.9780552920831419	0.9732099942238838	0.9750395554561381	0.9729494666591068	0.9732668672309706	0.9733424507063885	0.9731935697452749	0.9753071615950314	0.9785908721183829	0.9785281303693933	0.9738231018687916	0.9727503212438118	0.9780324230714904	0.9698786372608832	0.9787278804798901	0.9765312589623619	0.9789387787996614	0.9789887677367589	0.978972288018134	0.979331544814792	0.980725218129216	1.0	0.9724290526201497	0.9762468816403063	0.9761864197968425	0.9786692535388615	0.9795368789088215	0.9761520490315106	0.9797806701898942	0.9789284658158756	0.9809340788935403	0.9784194947339541	0.9758232161523162	0.9784857987806652	0.9775549845345866	0.973178957632035	0.9778885363354327	0.9781573680180778	0.9775751079462334	0.9791607918194667	0.9743734798749586	0.97644886459931	0.9745426148066278	0.9712115460117129	0.9736626162660876
0.9729060047263134	0.9731560303718846	0.9783721104049325	0.9788566526397441	0.9750525432070934	0.9778347791779181	0.9767356845573255	0.9788915065301677	0.9789499774363741	0.9739302479840953	0.978712553912929	0.9792723389915199	0.9768182527833746	0.9779354674848417	0.9734401463157804	0.9628305430035964	0.9775890092963939	0.9689131487884822	0.9733089141562432	0.9734881163767892	0.9736325438213075	0.9743313228314374	0.9791569867977747	0.9724290526201497	1.0	0.9704502836269271	0.9756919553888549	0.9741951338877161	0.9738446018328444	0.9702031933997071	0.9739139133060388	0.9738568833068723	0.9757979171394316	0.9729646683761457	0.9714582939583946	0.9730270999663142	0.9761033484721068	0.9774484145012997	0.9719628729822827	0.9762419709345606	0.97041369932486	0.9734282876539653	0.9668653611221764	0.977390219592782	0.9764379570504389	0.9628041496621741	0.9769144974700101
0.9669150047753393	0.9728407705041291	0.9744096024916319	0.9715288307093506	0.9724608369460425	0.9696998219299465	0.9704391957639734	0.9707758167044576	0.9706782896449451	0.9719814898542217	0.9754328323680119	0.9757619673575234	0.9716680336128526	0.9704910468353752	0.9746168695335	0.9675400935723287	0.9743426758002977	0.9731651277949839	0.97527143491514	0.9752874568785471	0.9754343371387403	0.977475285178568	0.9783383877908493	0.9762468816403063	0.9704502836269271	1.0	0.9821864936438419	0.9749329325252054	0.9755307087231445	0.973729953545439	0.9761384805212919	0.9756649743891916	0.9777363414120529	0.9768961322197504	0.9759860091094636	0.9745618466279442	0.9784899619925013	0.971867352661909	0.9746138424912244	0.976432116672724	0.9731207230457676	0.9754318183492047	0.9711103003361681	0.9747337150976695	0.9744072612870968	0.9663442332315404	0.9711914245433245
0.9688120731663341	0.9723418553474604	0.9769136834989128	0.9755849402986011	0.9730580311672475	0.9736981807383082	0.9740703980043632	0.9747454848590917	0.974777532883651	0.9722640258925512	0.9772364675265138	0.9773968106294701	0.973776437795379	0.9741038356573098	0.9743951386157897	0.9636655446617785	0.9770836765550525	0.9705526711893262	0.9742328663342164	0.9741840114316355	0.9757888528390528	0.9767952683450585	0.9816052344745194	0.9761864197968425	0.9756919553888549	0.9821864936438419	1.0	0.9746967116071082	0.9752476084465052	0.9710533114667007	0.9755917891609838	0.9744352832104352	0.9776947194215878	0.9764858703933494	0.9756174888219401	0.9745874044937819	0.9843485357156109	0.9739552219326624	0.9726330233476524	0.9777919260509098	0.9712693390437249	0.9740338536500032	0.9676690934247439	0.9793297254390213	0.9803546121690551	0.9629723474146261	0.9751816386993372
0.9708052758553692	0.978317817989933	0.9823176080422099	0.9768712801856407	0.9773156204129491	0.9763983676088469	0.977324975849005	0.9771852701692305	0.9775264827808658	0.9780525899419823	0.9820578640611236	0.982488407315015	0.9764077812069601	0.9761523680080677	0.9915078700161263	0.9813322404366486	0.9821317131169364	0.9879889727535727	0.9916562569087938	0.9921579604994935	0.9923311823458574	0.9879495962054546	0.9805751791506164	0.9786692535388615	0.9741951338877161	0.9749329325252054	0.9746967116071082	1.0	0.9895314280106045	0.9879740972641986	0.9916954664876488	0.9919777467751907	0.9939035862372604	0.9906742090835079	0.9849989261846978	0.9892465392116175	0.9769439398393382	0.9776712935015661	0.9850894477256784	0.9813251573707394	0.9855256106270434	0.9881778821408759	0.9819197223524585	0.9814396464870114	0.9744499273441395	0.9784314701506498	0.9773383677782576
0.9714216572871534	0.9787235065556921	0.9819515165103407	0.9770272203316096	0.9767771016420571	0.9765062690330373	0.9774318066026602	0.9772230076302598	0.976986619729265	0.9787319428347314	0.9819520550217343	0.9825052728092629	0.9767385418795462	0.9761879839994169	0.9884367549811863	0.9796921218406685	0.9822941272808152	0.9860604530310858	0.9884836020685709	0.9893083047122853	0.9891668889166324	0.9905176574866996	0.9807778136751515	0.9795368789088215	0.9738446018328444	0.9755307087231445	0.9752476084465052	0.9895314280106045	1.0	0.9884535801310568	0.9894039261948665	0.9893132574943242	0.9913288908000228	0.9849014337958326	0.9816022111136775	0.9871137068471427	0.9767050377925782	0.9775075644472804	0.9832834880798506	0.98174505709905	0.9938014643931374	0.995455885914152	0.9893367124046284	0.9817169786095068	0.9739138964938041	0.9761648145587	0.9777567368771017
0.9700599706361827	0.9770154034312946	0.9793026894675535	0.9738180343511768	0.9749174808141803	0.9738785911217372	0.9743120258315074	0.9739339057181963	0.9738628108273857	0.9755258232677799	0.978814955544856	0.9793492840819381	0.974727337193966	0.973992708846869	0.9877309611028755	0.9798996204389254	0.9785493637869435	0.988579263466768	0.990538729005222	0.9910166303477013	0.9885513871680158	0.9852153989702254	0.9779662891914476	0.9761520490315106	0.9702031933997071	0.973729953545439	0.9710533114667007	0.9879740972641986	0.9884535801310568	1.0	0.990733171626896	0.9914407566452177	0.9891772994496126	0.9830531526626783	0.9808830923821606	0.9861115600212063	0.9737740144842759	0.974872687980887	0.9835357518234761	0.9787111863293525	0.9856008622178939	0.9869398552147278	0.9826843696742467	0.9775896579727132	0.9717477645814204	0.9778638633630823	0.9741322314177647
0.9720160402894815	0.9793579118443491	0.9821212819862322	0.9776871901716011	0.977861965201255	0.976988053967892	0.9779272186399717	0.9775913823221056	0.9777527392299614	0.9777445645515	0.9821744016010396	0.9824827000256582	0.9772607068423691	0.9768490132344809	0.990415353579845	0.980334865242929	0.9825586954491039	0.9914858592616994	0.9952824341202808	0.9956868048645899	0.9928354972442737	0.9884127192875654	0.981404630638701	0.9797806701898942	0.9739139133060388	0.9761384805212919	0.9755917891609838	0.9916954664876488	0.9894039261948665	0.990733171626896	1.0	0.9977495827092407	0.9924286416600521	0.9866497792751864	0.9828954243493563	0.9887072993802586	0.9776365018680063	0.9775655239008343	0.9852364593049164	0.9816988848772373	0.9854113510810804	0.9877883567687442	0.9818610180703728	0.9809480750748985	0.9751155280522948	0.9793964211348304	0.9779038531789188
0.9715007862356514	0.9782401010339846	0.9824571150368769	0.9772970908710316	0.9778971188222009	0.9770122087305513	0.9773798094669325	0.9772696752092022	0.9774604470556972	0.9779459145553795	0.9832663854242264	0.9835778605964572	0.9772124898747195	0.9765307516596172	0.9909965076426629	0.9811401427785659	0.9825472234878816	0.9923230185090623	0.9963395744499965	0.9965029747924722	0.9927436998532114	0.9886313122992151	0.9810765215144296	0.9789284658158756	0.9738568833068723	0.9756649743891916	0.9744352832104352	0.9919777467751907	0.9893132574943242	0.9914407566452177	0.9977495827092407	1.0	0.9921066905378585	0.987678691994843	0.9827269300738628	0.9891742446272257	0.976905549886627	0.9781704274278988	0.9850404337098962	0.981453982248455	0.9853453580010465	0.9875956663042302	0.9814436637735691	0.9809786440275788	0.9749026956200036	0.9788084789671323	0.9777240592980261
0.9726732188143996	0.9799975255527714	0.9832998402411478	0.9782271545537364	0.9788049332312693	0.977864981079899	0.9785018786657151	0.9784892987964429	0.9787037172881258	0.9790152949551418	0.9836099205280877	0.9837783645072893	0.9786650296312552	0.9782232472214096	0.9905121596876578	0.9811783456933127	0.982907378701776	0.9879135193735712	0.9911879587368908	0.9920505645324896	0.9914083232085359	0.9897111395293878	0.9820746560678917	0.9809340788935403	0.9757979171394316	0.9777363414120529	0.9776947194215878	0.9939035862372604	0.9913288908000228	0.9891772994496126	0.9924286416600521	0.9921066905378585	1.0	0.9888864052659865	0.983791525404417	0.9891979655788752	0.9796209789191468	0.9789003702625478	0.9855702433293155	0.9831522136786857	0.9877225952226782	0.9898008928609943	0.9841261161314324	0.9823894489808005	0.9767260096227719	0.9788838985256345	0.9788098818596936
0.970344511000369	0.9769527538684085	0.9809048350064942	0.9756889268818177	0.977344551609935	0.9750253671393866	0.97598824751829	0.9761657771865713	0.9761208054980944	0.9762353835965861	0.9820010264169088	0.982077759840817	0.9761606459913831	0.9752233681389666	0.9860118899071381	0.9774103633397718	0.9802909356614162	0.982751303580032	0.9865314748282008	0.9870904625275341	0.9866989498285011	0.9856453765826098	0.9805052437529154	0.9784194947339541	0.9729646683761457	0.9768961322197504	0.9764858703933494	0.9906742090835079	0.9849014337958326	0.9830531526626783	0.9866497792751864	0.987678691994843	0.9888864052659865	1.0	0.9844931747628906	0.9852054567960309	0.9810914319514447	0.9769011217310466	0.9814568196387854	0.9805552597317981	0.9812596627796888	0.9836365919597195	0.977959849652374	0.9799937994718403	0.9750340262493676	0.974169061728068	0.9760528300075569
0.9679817835750689	0.9748927492965009	0.9778113183139426	0.9734235929530025	0.9740017385452483	0.9727672284763783	0.9729536324866284	0.9728757989985618	0.9728516917280038	0.9748383596105737	0.9780333458674825	0.978277330124595	0.9733804369848615	0.9724847524219334	0.9830392041304339	0.9755229055106878	0.977779550330105	0.980526740345794	0.9828596743736644	0.9836839100654705	0.9826742771793041	0.9819502074360102	0.9789751115394747	0.9758232161523162	0.9714582939583946	0.9759860091094636	0.9756174888219401	0.9849989261846978	0.9816022111136775	0.9808830923821606	0.9828954243493563	0.9827269300738628	0.983791525404417	0.9844931747628906	1.0	0.9818661706263537	0.9812565801982197	0.9733119798541917	0.9792831460361263	0.9775117252402122	0.9783634554818641	0.9812196133714451	0.9767284890613138	0.9771477550707256	0.9740276067197633	0.9717208550400404	0.9740549266377687
0.9712837803281905	0.9783610281194635	0.9812500484120182	0.9765771243758911	0.9781714920892882	0.9758887961549089	0.9769388318515101	0.9761898303563507	0.9762454378072932	0.9781399228921412	0.9813398343315027	0.9818197486651397	0.9774828651260951	0.9758536970725418	0.9886018435566897	0.9800102728202256	0.9817442028721328	0.9863235932820767	0.989001997543	0.9897756210364512	0.9890155280044561	0.9870472931603339	0.9806183224463192	0.9784857987806652	0.9730270999663142	0.9745618466279442	0.9745874044937819	0.9892465392116175	0.9871137068471427	0.9861115600212063	0.9887072993802586	0.9891742446272257	0.9891979655788752	0.9852054567960309	0.9818661706263537	1.0	0.9762817941349093	0.9768250115496232	0.9832499507720989	0.9819072020497305	0.9838088302949439	0.9860003569756012	0.9802319769600132	0.9810394059294852	0.9746728674179982	0.9772475929674126	0.9773234097668219
0.9700875453304985	0.9743862336216467	0.9787553735458386	0.976196195418222	0.9742362123619694	0.974415957725071	0.9743824132931863	0.9749533204115021	0.9748471516202066	0.9747186957079064	0.97895322723485	0.9795650367899629	0.9742949867839084	0.9741268516091568	0.976649174823033	0.9670963791131791	0.9781220574446627	0.9728173233549438	0.9766124810122687	0.9768358137884482	0.976376596275869	0.9791580664642602	0.9824963482091837	0.9775549845345866	0.9761033484721068	0.9784899619925013	0.9843485357156109	0.9769439398393382	0.9767050377925782	0.9737740144842759	0.9776365018680063	0.976905549886627	0.9796209789191468	0.9810914319514447	0.9812565801982197	0.9762817941349093	1.0	0.9746853797409653	0.9746583917981384	0.9795044367200622	0.973246538676129	0.9754801695587489	0.9694904597425922	0.9797509069425484	0.9796897258854611	0.9660081659885232	0.9758349602037653
0.9804243115999557	0.9775778845134584	0.982546820316541	0.9862534272323875	0.9831785675130505	0.987204803010584	0.9866463870020057	0.9866997680687614	0.9865568228883148	0.9799307178234411	0.9832428069377519	0.9832824689657369	0.9837574093477823	0.9869978083546936	0.9778576861677819	0.966693366669955	0.9824571150368769	0.9733259530849007	0.9771980191143654	0.9769694632753414	0.9771986978202192	0.9784637266670547	0.9800284677907843	0.973178957632035	0.9774484145012997	0.971867352661909	0.9739552219326624	0.9776712935015661	0.9775075644472804	0.974872687980887	0.9775655239008343	0.9781704274278988	0.9789003702625478	0.9769011217310466	0.9733119798541917	0.9768250115496232	0.9746853797409653	1.0	0.9747257324875748	0.9806726042193133	0.9737899482345587	0.9762815542235095	0.9699059967886742	0.9803851789754556	0.9750013642166835	0.9670602023804529	0.9868283714969787
0.9701310854756418	0.9784019330945413	0.9805689561234013	0.9748452084332928	0.9765175451848489	0.9741716084945411	0.9753553260962438	0.9750837790054406	0.9750070858882112	0.9782029419134027	0.980699297936216	0.9811263341341101	0.9760491436082536	0.974716747996493	0.9850263894301305	0.9768980209673264	0.9812660037324528	0.9842056996451344	0.9858416361716572	0.9868614661579876	0.9888126205562536	0.982721929040712	0.9792433215782766	0.9778885363354327	0.9719628729822827	0.9746138424912244	0.9726330233476524	0.9850894477256784	0.9832834880798506	0.9835357518234761	0.9852364593049164	0.9850404337098962	0.9855702433293155	0.9814568196387854	0.9792831460361263	0.9832499507720989	0.9746583917981384	0.9747257324875748	1.0	0.9800586510154233	0.9812545841543736	0.9833713269132293	0.9783553433229165	0.9788341338813245	0.9726930401192306	0.9751345685254207	0.9758365459579281
