/home/jshaw/scratch/2022_sketched_distance/references/SGB_genome_fastas_part5/14425/ChengpingW_2017__AS121raw__bin.39.fa	/home/jshaw/scratch/2022_sketched_distance/references/SGB_genome_fastas_part5/14425/ChengpingW_2017__AS128raw__bin.52.fa	/home/jshaw/scratch/2022_sketched_distance/references/SGB_genome_fastas_part5/14425/HeQ_2017__RSZAXPI003079-113__bin.35.fa	/home/jshaw/scratch/2022_sketched_distance/references/SGB_genome_fastas_part5/14425/HeQ_2017__RSZAXPI003099-133__bin.45.fa	/home/jshaw/scratch/2022_sketched_distance/references/SGB_genome_fastas_part5/14425/HeQ_2017__SZAXPI029555-35__bin.92.fa	/home/jshaw/scratch/2022_sketched_distance/references/SGB_genome_fastas_part5/14425/HeQ_2017__SZAXPI029567-80__bin.62.fa	/home/jshaw/scratch/2022_sketched_distance/references/SGB_genome_fastas_part5/14425/HeQ_2017__SZAXPI029569-84__bin.29.fa	/home/jshaw/scratch/2022_sketched_distance/references/SGB_genome_fastas_part5/14425/HeQ_2017__SZAXPI029601-32__bin.53.fa	/home/jshaw/scratch/2022_sketched_distance/references/SGB_genome_fastas_part5/14425/HMP_2012__SRS012273__bin.13.fa	/home/jshaw/scratch/2022_sketched_distance/references/SGB_genome_fastas_part5/14425/HMP_2012__SRS022071__bin.44.fa	/home/jshaw/scratch/2022_sketched_distance/references/SGB_genome_fastas_part5/14425/LiJ_2017__H3F416103__bin.2.fa	/home/jshaw/scratch/2022_sketched_distance/references/SGB_genome_fastas_part5/14425/LiJ_2017__H3F516111__bin.34.fa	/home/jshaw/scratch/2022_sketched_distance/references/SGB_genome_fastas_part5/14425/QinJ_2012__CON-010__bin.48.fa	/home/jshaw/scratch/2022_sketched_distance/references/SGB_genome_fastas_part5/14425/QinJ_2012__CON-038__bin.47.fa	/home/jshaw/scratch/2022_sketched_distance/references/SGB_genome_fastas_part5/14425/QinJ_2012__DLF009__bin.6.fa	/home/jshaw/scratch/2022_sketched_distance/references/SGB_genome_fastas_part5/14425/QinJ_2012__T2D-015__bin.36.fa	/home/jshaw/scratch/2022_sketched_distance/references/SGB_genome_fastas_part5/14425/QinJ_2012__T2D-025__bin.1.fa	/home/jshaw/scratch/2022_sketched_distance/references/SGB_genome_fastas_part5/14425/QinJ_2012__T2D-039__bin.23.fa	/home/jshaw/scratch/2022_sketched_distance/references/SGB_genome_fastas_part5/14425/QinJ_2012__T2D-060__bin.14.fa	/home/jshaw/scratch/2022_sketched_distance/references/SGB_genome_fastas_part5/14425/QinJ_2012__T2D-062__bin.46.fa	/home/jshaw/scratch/2022_sketched_distance/references/SGB_genome_fastas_part5/14425/QinJ_2012__T2D-079__bin.15.fa	/home/jshaw/scratch/2022_sketched_distance/references/SGB_genome_fastas_part5/14425/QinJ_2012__T2D-091__bin.34.fa	/home/jshaw/scratch/2022_sketched_distance/references/SGB_genome_fastas_part5/14425/QinJ_2012__T2D-095__bin.6.fa	/home/jshaw/scratch/2022_sketched_distance/references/SGB_genome_fastas_part5/14425/QinJ_2012__T2D-102__bin.21.fa	/home/jshaw/scratch/2022_sketched_distance/references/SGB_genome_fastas_part5/14425/WenC_2017__RA064__bin.5.fa	/home/jshaw/scratch/2022_sketched_distance/references/SGB_genome_fastas_part5/14425/WenC_2017__RA114__bin.38.fa	/home/jshaw/scratch/2022_sketched_distance/references/SGB_genome_fastas_part5/14425/YuJ_2015__SZAXPI015233-19__bin.46.fa	/home/jshaw/scratch/2022_sketched_distance/references/SGB_genome_fastas_part5/14425/YuJ_2015__SZAXPI015257-56__bin.54.fa	/home/jshaw/scratch/2022_sketched_distance/references/SGB_genome_fastas_part5/14425/YuJ_2015__SZAXPI017594-166__bin.13.fa
1.0	0.9770811354549358	0.9843403737856502	0.9711158201367807	0.9830419823656211	0.9700233168453213	0.9749219292740857	0.9848098380773052	0.978546421207004	0.9798236818806663	0.9834182275816082	0.9747873764821046	0.9839746207116478	0.9757839831041272	0.9846661014478794	0.9838271698610861	0.9742565992654124	0.9709345059977594	0.9795721965284873	0.9767157649519426	0.9755497590713085	0.9706623061621638	0.9771126591256256	0.9768074926429722	0.9800732456026322	0.9826230609330524	0.9824308564754799	0.9841214116522305	0.96943567387531
0.9770811354549358	1.0	0.9864252874448285	0.9720187226774415	0.9850807611932958	0.9723101874926838	0.9776023059099684	0.9868281620407223	0.9804386999971642	0.9822909709768217	0.9861198587563444	0.975711217324662	0.9865264697320069	0.9792831723897668	0.9862898915523994	0.9871931786375774	0.979655905795769	0.9741141084643976	0.9833094847665308	0.978993828395244	0.9789250511226575	0.9719680260308895	0.9823359406782216	0.9771569824744144	0.9834946729609345	0.9849396975943506	0.98386194046264	0.9852562427491212	0.973204755550519
0.9843403737856502	0.9864252874448285	1.0	0.9959958080273758	0.9840470048282423	0.9826501374001899	0.982994804327829	0.9839612383570225	0.9816521804325351	0.9817846081789966	0.9832933586325516	0.9841763304786759	0.9849045521933683	0.9819262562185115	0.9839080282408339	0.9845409231289914	0.9867650597851244	0.9839781581366182	0.9837700077562357	0.9864333359122808	0.985938178867266	0.9817327549464028	0.9881864581576348	0.9809576168571225	0.9833572137496561	0.9834452234565024	0.9820454838961933	0.983951842431353	0.9762410368325468
0.9711158201367807	0.9720187226774415	0.9959958080273758	1.0	0.9810288417867338	0.9838242375312073	0.9707118302883788	0.9811870853359946	0.9759316822857608	0.9777792016401801	0.9788139812824892	0.970090024039167	0.9833995823036117	0.9753704915210485	0.9829165125353495	0.982953925622532	0.9729823038076362	0.9760050398676626	0.9818898583786683	0.9751536235684317	0.9741176336472065	0.9817801290205149	0.9767743985571664	0.9693208970722531	0.9774268451134841	0.9804285124269371	0.9804688792189901	0.9803476289516025	0.9688051367581278
0.9830419823656211	0.9850807611932958	0.9840470048282423	0.9810288417867338	1.0	0.981730497326574	0.9828506805106701	0.9853852411144937	0.9820568497564864	0.982381237739579	0.9832647961093132	0.98310466006797	0.9851747554072624	0.9818243578025634	0.9861883687311758	0.9861114988874774	0.9850597151045645	0.9831277208069488	0.9833433634808266	0.986467278291654	0.9840412714675816	0.9821566731233446	0.987129781785306	0.9805939585053153	0.9828933285724446	0.9839165627463069	0.9833568445471805	0.9830485094927013	0.9749430917641885
0.9700233168453213	0.9723101874926838	0.9826501374001899	0.9838242375312073	0.981730497326574	1.0	0.9718540705423662	0.9820679084269409	0.9765500289184372	0.9789903491333946	0.980696869108971	0.9697180836792554	0.9849193089760762	0.975846867651716	0.9825675929260721	0.9855667784058251	0.9711097287677983	0.9742220974967276	0.9801230366940709	0.9737497510698926	0.9721441475400843	0.9812070621028399	0.9746674879185535	0.9707443322741192	0.9793571021518356	0.9817728644353084	0.9813467043231732	0.9822353186449277	0.9715657016275412
0.9749219292740857	0.9776023059099684	0.982994804327829	0.9707118302883788	0.9828506805106701	0.9718540705423662	1.0	0.9834943038727302	0.9795079119701059	0.9808018191278157	0.9829588327645532	0.9745260238672249	0.9840907825928824	0.9764491413486717	0.9858507730520744	0.9858837116040654	0.9768379841847212	0.9741681478712703	0.9806090357228985	0.9780863299714693	0.9771274572069916	0.9706623061621638	0.9801623254133335	0.9745961912129264	0.980063112906398	0.9814865773375773	0.9811079274915157	0.983102482687769	0.9723831280809407
0.9848098380773052	0.9868281620407223	0.9839612383570225	0.9811870853359946	0.9853852411144937	0.9820679084269409	0.9834943038727302	1.0	0.9811471559144606	0.9819347881352232	0.9837751521554539	0.9833458547179832	0.9837456271422365	0.9834826067879313	0.9841347616345582	0.9854491168103725	0.9855497377755902	0.9846899547944801	0.9819693967951291	0.9863653458574286	0.9849428439283824	0.9816378005514216	0.9877029720140444	0.9814600384692654	0.9841160600076971	0.9847321657300073	0.9827386382676276	0.984651483700497	0.9767147192290327
0.978546421207004	0.9804386999971642	0.9816521804325351	0.9759316822857608	0.9820568497564864	0.9765500289184372	0.9795079119701059	0.9811471559144606	1.0	0.9967361423162518	0.9802768326067665	0.9778648632313807	0.9817147638694427	0.9783836413556408	0.9820877719180043	0.9825176434046118	0.9813073572898628	0.9790243629191138	0.9803094834717568	0.9807768523996943	0.982027892135679	0.9767765062710562	0.9836475950284299	0.9775691448491628	0.9786065734875433	0.9804397616694969	0.9795501313867492	0.9800144443701561	0.9712200942166562
0.9798236818806663	0.9822909709768217	0.9817846081789966	0.9777792016401801	0.982381237739579	0.9789903491333946	0.9808018191278157	0.9819347881352232	0.9967361423162518	1.0	0.9811768991481177	0.9801951484054957	0.9824107857080825	0.9795348083349087	0.982909065049869	0.9833137978006785	0.9819057636363989	0.9799867810174606	0.9806201360419614	0.9821209089546988	0.9827272771714548	0.9792720205160245	0.9848645718078477	0.9794401907147573	0.9806704993073778	0.981451766005445	0.9802751640790052	0.9808687574980394	0.972449644266803
0.9834182275816082	0.9861198587563444	0.9832933586325516	0.9788139812824892	0.9832647961093132	0.980696869108971	0.9829588327645532	0.9837751521554539	0.9802768326067665	0.9811768991481177	1.0	0.9847569131367153	0.985017346267125	0.9815853536611806	0.9846084840199338	0.9856876697925238	0.9835911330362482	0.9811403563474829	0.9813971731083362	0.98574702321936	0.9841656815813283	0.980574694673203	0.9862508264383378	0.9801892050121477	0.9837236522065703	0.9822490898338925	0.9820124378473412	0.9826882544215296	0.9739344435417437
0.9747873764821046	0.975711217324662	0.9841763304786759	0.970090024039167	0.98310466006797	0.9697180836792554	0.9745260238672249	0.9833458547179832	0.9778648632313807	0.9801951484054957	0.9847569131367153	1.0	0.9847952558938919	0.9756098551742598	0.9838624336271105	0.9854778773165266	0.9711097287677983	0.9674745880078589	0.9800625819214792	0.9750982498657196	0.9709245456519021	0.967368890522063	0.9720887215092223	0.9754061780850648	0.9827395063553203	0.9824526569082838	0.9822876077902133	0.9832254792701142	0.9708630433878128
0.9839746207116478	0.9865264697320069	0.9849045521933683	0.9833995823036117	0.9851747554072624	0.9849193089760762	0.9840907825928824	0.9837456271422365	0.9817147638694427	0.9824107857080825	0.985017346267125	0.9847952558938919	1.0	0.9833529920835133	0.9835322896293572	0.9852188656557149	0.9867224202031007	0.9856156256729813	0.9840513841956536	0.987271560959712	0.9862504217993734	0.9831249809413743	0.989054830746361	0.9821994944646604	0.9857547636521472	0.9843812241145199	0.9818529692670589	0.98473125997797	0.9776037899061895
0.9757839831041272	0.9792831723897668	0.9819262562185115	0.9753704915210485	0.9818243578025634	0.975846867651716	0.9764491413486717	0.9834826067879313	0.9783836413556408	0.9795348083349087	0.9815853536611806	0.9756098551742598	0.9833529920835133	1.0	0.9829610438352772	0.9839641488288009	0.9849698291321859	0.9824646252376161	0.9821964446213542	0.9824292938057314	0.9838746538704618	0.9744315266056041	0.9853912963475792	0.9747635994489233	0.9781941050171952	0.9812408618287186	0.9811020427818103	0.9814479919355236	0.9706549705796699
0.9846661014478794	0.9862898915523994	0.9839080282408339	0.9829165125353495	0.9861883687311758	0.9825675929260721	0.9858507730520744	0.9841347616345582	0.9820877719180043	0.982909065049869	0.9846084840199338	0.9838624336271105	0.9835322896293572	0.9829610438352772	1.0	0.9876446771089975	0.9849698291321859	0.9840181101561036	0.984496625830917	0.986263096424755	0.9858203187334521	0.9829883913291108	0.9892102878229203	0.9824423138209646	0.9839656890303634	0.9841906893648086	0.9806674339133863	0.9849694320994051	0.9747355238213571
0.9838271698610861	0.9871931786375774	0.9845409231289914	0.982953925622532	0.9861114988874774	0.9855667784058251	0.9858837116040654	0.9854491168103725	0.9825176434046118	0.9833137978006785	0.9856876697925238	0.9854778773165266	0.9852188656557149	0.9839641488288009	0.9876446771089975	1.0	0.9859889576132145	0.9859561356463603	0.9832573642418214	0.9877318047696002	0.9852646445503341	0.9831703845874598	0.9900902196109981	0.9813172752124346	0.9860672622706905	0.9857369971800278	0.9831084692151921	0.9850747342865143	0.9772202156007674
0.9742565992654124	0.979655905795769	0.9867650597851244	0.9729823038076362	0.9850597151045645	0.9711097287677983	0.9768379841847212	0.9855497377755902	0.9813073572898628	0.9819057636363989	0.9835911330362482	0.9711097287677983	0.9867224202031007	0.9849698291321859	0.9849698291321859	0.9859889576132145	1.0	0.9799195107843264	0.9859452988675419	0.9840571658200883	0.98145798805228	0.964229935352619	0.978415129496626	0.976548136441117	0.9817571848667477	0.9844710081533721	0.985014802877376	0.985014802877376	0.9754225518430034
0.9709345059977594	0.9741141084643976	0.9839781581366182	0.9760050398676626	0.9831277208069488	0.9742220974967276	0.9741681478712703	0.9846899547944801	0.9790243629191138	0.9799867810174606	0.9811403563474829	0.9674745880078589	0.9856156256729813	0.9824646252376161	0.9840181101561036	0.9859561356463603	0.9799195107843264	1.0	0.9849626482299223	0.980524263846035	0.9794551238805138	0.9693710778577603	0.9810690590154129	0.974968132007675	0.9783666136904917	0.9813142715867562	0.9821702453994398	0.9832096720650062	0.9742220974967276
0.9795721965284873	0.9833094847665308	0.9837700077562357	0.9818898583786683	0.9833433634808266	0.9801230366940709	0.9806090357228985	0.9819693967951291	0.9803094834717568	0.9806201360419614	0.9813971731083362	0.9800625819214792	0.9840513841956536	0.9821964446213542	0.984496625830917	0.9832573642418214	0.9859452988675419	0.9849626482299223	1.0	0.9851521706092171	0.98743311222117	0.9784961361723247	0.9882663536158476	0.979059140274054	0.9806371477024924	0.9807528472401321	0.9801587373345584	0.9818497573613038	0.9740197044224785
0.9767157649519426	0.978993828395244	0.9864333359122808	0.9751536235684317	0.986467278291654	0.9737497510698926	0.9780863299714693	0.9863653458574286	0.9807768523996943	0.9821209089546988	0.98574702321936	0.9750982498657196	0.987271560959712	0.9824292938057314	0.986263096424755	0.9877318047696002	0.9840571658200883	0.980524263846035	0.9851521706092171	1.0	0.9831995857941779	0.971452039331266	0.9841940541042374	0.9781301216207561	0.9824292938057314	0.9839291218215678	0.9845822914765192	0.9851168414977964	0.9754875670836866
0.9755497590713085	0.9789250511226575	0.985938178867266	0.9741176336472065	0.9840412714675816	0.9721441475400843	0.9771274572069916	0.9849428439283824	0.982027892135679	0.9827272771714548	0.9841656815813283	0.9709245456519021	0.9862504217993734	0.9838746538704618	0.9858203187334521	0.9852646445503341	0.98145798805228	0.9794551238805138	0.98743311222117	0.9831995857941779	1.0	0.965391368899717	0.9809695438897239	0.9781880603156223	0.9821161366004743	0.9834966399334296	0.9831142163248006	0.9852245915085515	0.9757645913865307
0.9706623061621638	0.9719680260308895	0.9817327549464028	0.9817801290205149	0.9821566731233446	0.9812070621028399	0.9706623061621638	0.9816378005514216	0.9767765062710562	0.9792720205160245	0.980574694673203	0.967368890522063	0.9831249809413743	0.9744315266056041	0.9829883913291108	0.9831703845874598	0.964229935352619	0.9693710778577603	0.9784961361723247	0.971452039331266	0.965391368899717	1.0	0.967450946750509	0.9702600924983014	0.9786527961375099	0.9797792159947752	0.98052554058569	0.9802786550699656	0.967368890522063
0.9771126591256256	0.9823359406782216	0.9881864581576348	0.9767743985571664	0.987129781785306	0.9746674879185535	0.9801623254133335	0.9877029720140444	0.9836475950284299	0.9848645718078477	0.9862508264383378	0.9720887215092223	0.989054830746361	0.9853912963475792	0.9892102878229203	0.9900902196109981	0.978415129496626	0.9810690590154129	0.9882663536158476	0.9841940541042374	0.9809695438897239	0.967450946750509	1.0	0.9773362300559618	0.9827160878101158	0.9868810392385562	0.9867977053477215	0.9876216962677309	0.9768310198928064
0.9768074926429722	0.9771569824744144	0.9809576168571225	0.9693208970722531	0.9805939585053153	0.9707443322741192	0.9745961912129264	0.9814600384692654	0.9775691448491628	0.9794401907147573	0.9801892050121477	0.9754061780850648	0.9821994944646604	0.9747635994489233	0.9824423138209646	0.9813172752124346	0.976548136441117	0.974968132007675	0.979059140274054	0.9781301216207561	0.9781880603156223	0.9702600924983014	0.9773362300559618	1.0	0.9780075058428135	0.9793643356449994	0.9789439522010507	0.9823384687932722	0.9663747069080423
0.9800732456026322	0.9834946729609345	0.9833572137496561	0.9774268451134841	0.9828933285724446	0.9793571021518356	0.980063112906398	0.9841160600076971	0.9786065734875433	0.9806704993073778	0.9837236522065703	0.9827395063553203	0.9857547636521472	0.9781941050171952	0.9839656890303634	0.9860672622706905	0.9817571848667477	0.9783666136904917	0.9806371477024924	0.9824292938057314	0.9821161366004743	0.9786527961375099	0.9827160878101158	0.9780075058428135	1.0	0.9819453732199477	0.981720177579371	0.9829244593933185	0.9725834248578759
0.9826230609330524	0.9849396975943506	0.9834452234565024	0.9804285124269371	0.9839165627463069	0.9817728644353084	0.9814865773375773	0.9847321657300073	0.9804397616694969	0.981451766005445	0.9822490898338925	0.9824526569082838	0.9843812241145199	0.9812408618287186	0.9841906893648086	0.9857369971800278	0.9844710081533721	0.9813142715867562	0.9807528472401321	0.9839291218215678	0.9834966399334296	0.9797792159947752	0.9868810392385562	0.9793643356449994	0.9819453732199477	1.0	0.9826538137136859	0.9825678747799184	0.9750257491319178
0.9824308564754799	0.98386194046264	0.9820454838961933	0.9804688792189901	0.9833568445471805	0.9813467043231732	0.9811079274915157	0.9827386382676276	0.9795501313867492	0.9802751640790052	0.9820124378473412	0.9822876077902133	0.9818529692670589	0.9811020427818103	0.9806674339133863	0.9831084692151921	0.985014802877376	0.9821702453994398	0.9801587373345584	0.9845822914765192	0.9831142163248006	0.98052554058569	0.9867977053477215	0.9789439522010507	0.981720177579371	0.9826538137136859	1.0	0.9823065359998489	0.9749844467263133
0.9841214116522305	0.9852562427491212	0.983951842431353	0.9803476289516025	0.9830485094927013	0.9822353186449277	0.983102482687769	0.984651483700497	0.9800144443701561	0.9808687574980394	0.9826882544215296	0.9832254792701142	0.98473125997797	0.9814479919355236	0.9849694320994051	0.9850747342865143	0.985014802877376	0.9832096720650062	0.9818497573613038	0.9851168414977964	0.9852245915085515	0.9802786550699656	0.9876216962677309	0.9823384687932722	0.9829244593933185	0.9825678747799184	0.9823065359998489	1.0	0.9747771436192216
0.96943567387531	0.973204755550519	0.9762410368325468	0.9688051367581278	0.9749430917641885	0.9715657016275412	0.9723831280809407	0.9767147192290327	0.9712200942166562	0.972449644266803	0.9739344435417437	0.9708630433878128	0.9776037899061895	0.9706549705796699	0.9747355238213571	0.9772202156007674	0.9754225518430034	0.9742220974967276	0.9740197044224785	0.9754875670836866	0.9757645913865307	0.967368890522063	0.9768310198928064	0.9663747069080423	0.9725834248578759	0.9750257491319178	0.9749844467263133	0.9747771436192216	1.0
