/home/jshaw/scratch/2022_sketched_distance/references/SGB_genome_fastas_part4/9203/Bengtsson-PalmeJ_2015__TRAVELRES18__bin.13.fa	/home/jshaw/scratch/2022_sketched_distance/references/SGB_genome_fastas_part4/9203/Bengtsson-PalmeJ_2015__TRAVELRES1__bin.76.fa	/home/jshaw/scratch/2022_sketched_distance/references/SGB_genome_fastas_part4/9203/Bengtsson-PalmeJ_2015__TRAVELRES2__bin.24.fa	/home/jshaw/scratch/2022_sketched_distance/references/SGB_genome_fastas_part4/9203/Bengtsson-PalmeJ_2015__TRAVELRES55__bin.79.fa	/home/jshaw/scratch/2022_sketched_distance/references/SGB_genome_fastas_part4/9203/Bengtsson-PalmeJ_2015__TRAVELRES60__bin.8.fa	/home/jshaw/scratch/2022_sketched_distance/references/SGB_genome_fastas_part4/9203/Bengtsson-PalmeJ_2015__TRAVELRES61__bin.16.fa	/home/jshaw/scratch/2022_sketched_distance/references/SGB_genome_fastas_part4/9203/Bengtsson-PalmeJ_2015__TRAVELRES66__bin.47.fa	/home/jshaw/scratch/2022_sketched_distance/references/SGB_genome_fastas_part4/9203/CM_madagascar__A89_01_1FE__bin.10.fa	/home/jshaw/scratch/2022_sketched_distance/references/SGB_genome_fastas_part4/9203/HMP_2012__SRS017103__bin.53.fa	/home/jshaw/scratch/2022_sketched_distance/references/SGB_genome_fastas_part4/9203/HMP_2012__SRS024435__bin.32.fa	/home/jshaw/scratch/2022_sketched_distance/references/SGB_genome_fastas_part4/9203/LiJ_2017__H2M415914__bin.38.fa	/home/jshaw/scratch/2022_sketched_distance/references/SGB_genome_fastas_part4/9203/LiJ_2017__H2M515921__bin.40.fa	/home/jshaw/scratch/2022_sketched_distance/references/SGB_genome_fastas_part4/9203/LiuW_2016__SRR3992958__bin.38.fa	/home/jshaw/scratch/2022_sketched_distance/references/SGB_genome_fastas_part4/9203/LiuW_2016__SRR3992984__bin.72.fa	/home/jshaw/scratch/2022_sketched_distance/references/SGB_genome_fastas_part4/9203/LiuW_2016__SRR3992987__bin.62.fa	/home/jshaw/scratch/2022_sketched_distance/references/SGB_genome_fastas_part4/9203/LiuW_2016__SRR3993020__bin.68.fa	/home/jshaw/scratch/2022_sketched_distance/references/SGB_genome_fastas_part4/9203/LouisS_2016__AS66_18__bin.38.fa	/home/jshaw/scratch/2022_sketched_distance/references/SGB_genome_fastas_part4/9203/VatanenT_2016__G80433__bin.10.fa	/home/jshaw/scratch/2022_sketched_distance/references/SGB_genome_fastas_part4/9203/WenC_2017__N252__bin.15.fa	/home/jshaw/scratch/2022_sketched_distance/references/SGB_genome_fastas_part4/9203/XieH_2016__YSZC12003_35387__bin.46.fa	/home/jshaw/scratch/2022_sketched_distance/references/SGB_genome_fastas_part4/9203/XieH_2016__YSZC12003_36244__bin.54.fa	/home/jshaw/scratch/2022_sketched_distance/references/SGB_genome_fastas_part4/9203/XieH_2016__YSZC12003_37332__bin.24.fa	/home/jshaw/scratch/2022_sketched_distance/references/SGB_genome_fastas_part4/9203/XieH_2016__YSZC12003_37830__bin.113.fa	/home/jshaw/scratch/2022_sketched_distance/references/SGB_genome_fastas_part4/9203/YuJ_2015__SZAXPI015264-87__bin.24.fa	/home/jshaw/scratch/2022_sketched_distance/references/SGB_genome_fastas_part4/9203/ZeeviD_2015__PNP_Main_166__bin.6.fa	/home/jshaw/scratch/2022_sketched_distance/references/SGB_genome_fastas_part4/9203/ZeeviD_2015__PNP_Main_520__bin.58.fa
1.0	0.9894927871307025	0.9889666645440836	0.989652996782536	0.9874642859360253	0.982631399968667	0.9826644064598726	0.9902600264987415	0.9841422192610784	0.9850430820771269	0.9803172804247795	0.9886798512185213	0.9907016326322964	0.978622313138523	0.988321255323816	0.9771934915089115	0.9837118638815884	0.9831021499666793	0.9874073042257051	0.9888576964009418	0.982296007513912	0.985332896848918	0.9814351353747549	0.989385546735987	0.9798178129634781	0.9795777847756709
0.9894927871307025	1.0	0.9999092640723464	0.9951815892022332	0.9930807148014592	0.9975830937435074	0.9951613775432494	0.9936527758783437	0.9883587163141999	0.99014311561253	0.9958264220936394	0.9974475899969005	0.9911133704463546	0.9939333487524669	0.9933801571750813	0.9935213525890314	0.990306937650106	0.9892136357214986	0.9956896086119688	0.9939640768414679	0.9934778699060296	0.992595114566455	0.9937512986022904	0.9959561815921926	0.9926525828926879	0.993909935107973
0.9889666645440836	0.9999092640723464	1.0	0.9954343519045012	0.9924392867627905	0.996922619988182	0.9944991721238315	0.9940908494568765	0.987338805716638	0.9892250727410205	0.9940047680064901	0.9965668829574893	0.9904521762708905	0.9920150721218473	0.99269997265379	0.9917081582681071	0.9889633274465044	0.9882030540761406	0.9939791166001608	0.9936458761073339	0.9914103301740791	0.9910568215512524	0.992208800517991	0.9963737736675711	0.9911733531989294	0.9924125146619444
0.989652996782536	0.9951815892022332	0.9954343519045012	1.0	0.9925521818646535	0.9942917416686955	0.9944619922640274	0.9938162510108907	0.9890608733289472	0.9905430776576458	0.9945262930077876	0.9948292346471588	0.9910272880920532	0.9930960716796254	0.9926402166729824	0.9925278916499918	0.9905829638759253	0.9897279622247872	0.9940071162765811	0.9932262195885447	0.9927958779867676	0.9923868000959626	0.9931966370153381	0.9943200387943035	0.9919295474993111	0.9934032686336856
0.9874642859360253	0.9930807148014592	0.9924392867627905	0.9925521818646535	1.0	0.9907042271084282	0.9901222682637776	0.9929291176581656	0.9848432360270122	0.9867139054250352	0.9873289387814775	0.9919733883551262	0.9886065105285327	0.9861120838101349	0.9914267116223052	0.9859996485405708	0.9854435629120161	0.9860381612230537	0.9892015086512428	0.9913736669074423	0.9864963438993108	0.9873592994522484	0.9876426946886738	0.99251117366066	0.9889225936566751	0.9875898136834684
0.982631399968667	0.9975830937435074	0.996922619988182	0.9942917416686955	0.9907042271084282	1.0	0.9855220428035523	0.9932370925394441	0.9818944853623709	0.98356108833597	0.976991105870441	0.9957486245761988	0.9893523108918011	0.9760274394072571	0.9912034499384349	0.9763927037007893	0.9724196010019358	0.9752033408261807	0.9925307257412197	0.9927205692740844	0.9880336283973677	0.9883592790637762	0.986412574602394	0.9958779502185722	0.9762423697054589	0.9760798717287578
0.9826644064598726	0.9951613775432494	0.9944991721238315	0.9944619922640274	0.9901222682637776	0.9855220428035523	1.0	0.9940627901606719	0.9821819280851106	0.9835049833151807	0.9821334049694617	0.9947951194170559	0.9904598658345598	0.9816886283792651	0.9925870881782627	0.9806111840188815	0.9789340494137128	0.9800966672912254	0.9915473595310085	0.9929265266327559	0.9875807974284712	0.9887362348054264	0.9860330263427551	0.9950762783639515	0.9823361723183949	0.9826940814475389
0.9902600264987415	0.9936527758783437	0.9940908494568765	0.9938162510108907	0.9929291176581656	0.9932370925394441	0.9940627901606719	1.0	0.9896197598271009	0.9909627948665048	0.9939554516042994	0.9942745832303125	0.991587564287971	0.9933965178459072	0.9930753572927354	0.99285299365104	0.990992724587833	0.9899111740571268	0.9933189804183348	0.9931016289752368	0.9924656036457005	0.992595114566455	0.9930733544633529	0.9932734777024552	0.993248594324827	0.9930257109213062
0.9841422192610784	0.9883587163141999	0.987338805716638	0.9890608733289472	0.9848432360270122	0.9818944853623709	0.9821819280851106	0.9896197598271009	1.0	0.9856672709995153	0.9817066417013778	0.9878050832626462	0.9898125134427114	0.9799350905747228	0.9872419819546073	0.9785690696761907	0.9849172576832088	0.9829268861808974	0.986654978510174	0.9877096233227118	0.9814224062065832	0.9849919098338745	0.9824802646089222	0.988438960903921	0.9800809427239328	0.9818091885345797
0.9850430820771269	0.99014311561253	0.9892250727410205	0.9905430776576458	0.9867139054250352	0.98356108833597	0.9835049833151807	0.9909627948665048	0.9856672709995153	1.0	0.9818257463065475	0.9893025597948569	0.9903186955806986	0.9806771944961623	0.9888348820755914	0.9796586603500962	0.9851003963930826	0.9836960372109496	0.987404318754489	0.9894954846058844	0.9828693630313946	0.9867139054250352	0.9833057089905785	0.989966596589645	0.9821354217486357	0.9823807864188582
0.9803172804247795	0.9958264220936394	0.9940047680064901	0.9945262930077876	0.9873289387814775	0.976991105870441	0.9821334049694617	0.9939554516042994	0.9817066417013778	0.9818257463065475	1.0	0.9961359468869306	0.9922507601940942	0.9839656121342603	0.9934080694878777	0.9851038990096346	0.9751767962259155	0.9687102214171687	0.9967162122808788	0.9929703341543195	0.9864940524555117	0.9895072597474067	0.987107016342782	0.9952935135968902	0.9718971053129011	0.9778885363354327
0.9886798512185213	0.9974475899969005	0.9965668829574893	0.9948292346471588	0.9919733883551262	0.9957486245761988	0.9947951194170559	0.9942745832303125	0.9878050832626462	0.9893025597948569	0.9961359468869306	1.0	0.9911421062045626	0.9942818414954431	0.9931275801975719	0.9938232327239632	0.9904624862640198	0.9883310847013905	0.9946538151018818	0.9934248018701131	0.9920562006230323	0.9919056678290243	0.9935748155856736	0.9960939686124031	0.9913935922253636	0.993731995294666
0.9907016326322964	0.9911133704463546	0.9904521762708905	0.9910272880920532	0.9886065105285327	0.9893523108918011	0.9904598658345598	0.991587564287971	0.9898125134427114	0.9903186955806986	0.9922507601940942	0.9911421062045626	1.0	0.9912641368676328	0.9904815678980285	0.9904920472341527	0.992061207666704	0.9951042511901612	0.9907036359403999	0.990281487443309	0.988524118211667	0.9892907308987104	0.990518123124062	0.9909793674575711	0.9880373144106003	0.9909251076788651
0.978622313138523	0.9939333487524669	0.9920150721218473	0.9930960716796254	0.9861120838101349	0.9760274394072571	0.9816886283792651	0.9933965178459072	0.9799350905747228	0.9806771944961623	0.9839656121342603	0.9942818414954431	0.9912641368676328	1.0	0.9924575808690459	0.9832949498760669	0.9763077064570963	0.9724843742645228	0.9911271376221572	0.9922075532378901	0.9853756907054646	0.9891145430680508	0.9860053442952611	0.9936094653634416	0.9739955882520164	0.9788143862326325
0.988321255323816	0.9933801571750813	0.99269997265379	0.9926402166729824	0.9914267116223052	0.9912034499384349	0.9925870881782627	0.9930753572927354	0.9872419819546073	0.9888348820755914	0.9934080694878777	0.9931275801975719	0.9904815678980285	0.9924575808690459	1.0	0.9923712715785716	0.9899936239853626	0.9881816671763635	0.991648732023919	0.9923192798191973	0.9903430873477913	0.9909946056936718	0.9922318437926831	0.9925488376775331	0.989820155719534	0.9919764127178644
0.9771934915089115	0.9935213525890314	0.9917081582681071	0.9925278916499918	0.9859996485405708	0.9763927037007893	0.9806111840188815	0.99285299365104	0.9785690696761907	0.9796586603500962	0.9851038990096346	0.9938232327239632	0.9904920472341527	0.9832949498760669	0.9923712715785716	1.0	0.9764666455350637	0.9738723163435852	0.9902646605895726	0.9926271743033989	0.984818611692298	0.9887869705552533	0.9857737877912746	0.9926837737778171	0.9751522484997207	0.9817878253502436
0.9837118638815884	0.990306937650106	0.9889633274465044	0.9905829638759253	0.9854435629120161	0.9724196010019358	0.9789340494137128	0.990992724587833	0.9849172576832088	0.9851003963930826	0.9751767962259155	0.9904624862640198	0.992061207666704	0.9763077064570963	0.9899936239853626	0.9764666455350637	1.0	0.9743329709963845	0.9883991579759985	0.9900111085520197	0.9836906878386136	0.9869353564811761	0.9844238331540577	0.9899936239853626	0.9715816779255616	0.9755011520183633
0.9831021499666793	0.9892136357214986	0.9882030540761406	0.9897279622247872	0.9860381612230537	0.9752033408261807	0.9800966672912254	0.9899111740571268	0.9829268861808974	0.9836960372109496	0.9687102214171687	0.9883310847013905	0.9951042511901612	0.9724843742645228	0.9881816671763635	0.9738723163435852	0.9743329709963845	1.0	0.9870499595930052	0.9887332636467695	0.9822419461264852	0.9851118687530027	0.9834498904375492	0.9893584574750084	0.9747549491636857	0.9732026868307732
0.9874073042257051	0.9956896086119688	0.9939791166001608	0.9940071162765811	0.9892015086512428	0.9925307257412197	0.9915473595310085	0.9933189804183348	0.986654978510174	0.987404318754489	0.9967162122808788	0.9946538151018818	0.9907036359403999	0.9911271376221572	0.991648732023919	0.9902646605895726	0.9883991579759985	0.9870499595930052	1.0	0.992254273441785	0.9891811029994239	0.9887397031104199	0.9900785046305207	0.9949271558981695	0.9888679550234748	0.9903372472759078
0.9888576964009418	0.9939640768414679	0.9936458761073339	0.9932262195885447	0.9913736669074423	0.9927205692740844	0.9929265266327559	0.9931016289752368	0.9877096233227118	0.9894954846058844	0.9929703341543195	0.9934248018701131	0.990281487443309	0.9922075532378901	0.9923192798191973	0.9926271743033989	0.9900111085520197	0.9887332636467695	0.992254273441785	1.0	0.991177364135751	0.9913764168641316	0.9925641798093828	0.9931105438716926	0.9903297671572925	0.992980113259518
0.982296007513912	0.9934778699060296	0.9914103301740791	0.9927958779867676	0.9864963438993108	0.9880336283973677	0.9875807974284712	0.9924656036457005	0.9814224062065832	0.9828693630313946	0.9864940524555117	0.9920562006230323	0.988524118211667	0.9853756907054646	0.9903430873477913	0.984818611692298	0.9836906878386136	0.9822419461264852	0.9891811029994239	0.991177364135751	1.0	0.9875569191602276	0.9857213708714416	0.9931753311108629	0.9866436086002633	0.986938740236693
0.985332896848918	0.992595114566455	0.9910568215512524	0.9923868000959626	0.9873592994522484	0.9883592790637762	0.9887362348054264	0.992595114566455	0.9849919098338745	0.9867139054250352	0.9895072597474067	0.9919056678290243	0.9892907308987104	0.9891145430680508	0.9909946056936718	0.9887869705552533	0.9869353564811761	0.9851118687530027	0.9887397031104199	0.9913764168641316	0.9875569191602276	1.0	0.9896951943793292	0.9918955694246013	0.987185180911524	0.9897555011565434
0.9814351353747549	0.9937512986022904	0.992208800517991	0.9931966370153381	0.9876426946886738	0.986412574602394	0.9860330263427551	0.9930733544633529	0.9824802646089222	0.9833057089905785	0.987107016342782	0.9935748155856736	0.990518123124062	0.9860053442952611	0.9922318437926831	0.9857737877912746	0.9844238331540577	0.9834498904375492	0.9900785046305207	0.9925641798093828	0.9857213708714416	0.9896951943793292	1.0	0.9931966370153381	0.9838781618249813	0.9867004278276802
0.989385546735987	0.9959561815921926	0.9963737736675711	0.9943200387943035	0.99251117366066	0.9958779502185722	0.9950762783639515	0.9932734777024552	0.988438960903921	0.989966596589645	0.9952935135968902	0.9960939686124031	0.9909793674575711	0.9936094653634416	0.9925488376775331	0.9926837737778171	0.9899936239853626	0.9893584574750084	0.9949271558981695	0.9931105438716926	0.9931753311108629	0.9918955694246013	0.9931966370153381	1.0	0.9926037839033484	0.9930105186789479
0.9798178129634781	0.9926525828926879	0.9911733531989294	0.9919295474993111	0.9889225936566751	0.9762423697054589	0.9823361723183949	0.993248594324827	0.9800809427239328	0.9821354217486357	0.9718971053129011	0.9913935922253636	0.9880373144106003	0.9739955882520164	0.989820155719534	0.9751522484997207	0.9715816779255616	0.9747549491636857	0.9888679550234748	0.9903297671572925	0.9866436086002633	0.987185180911524	0.9838781618249813	0.9926037839033484	1.0	0.9756473296539974
0.9795777847756709	0.993909935107973	0.9924125146619444	0.9934032686336856	0.9875898136834684	0.9760798717287578	0.9826940814475389	0.9930257109213062	0.9818091885345797	0.9823807864188582	0.9778885363354327	0.993731995294666	0.9909251076788651	0.9788143862326325	0.9919764127178644	0.9817878253502436	0.9755011520183633	0.9732026868307732	0.9903372472759078	0.992980113259518	0.986938740236693	0.9897555011565434	0.9867004278276802	0.9930105186789479	0.9756473296539974	1.0
