/home/jshaw/scratch/2022_sketched_distance/references/SGB_genome_fastas_part2/4333/Bengtsson-PalmeJ_2015__TRAVELRES40__bin.14.fa	/home/jshaw/scratch/2022_sketched_distance/references/SGB_genome_fastas_part2/4333/Bengtsson-PalmeJ_2015__TRAVELRES48__bin.67.fa	/home/jshaw/scratch/2022_sketched_distance/references/SGB_genome_fastas_part2/4333/BritoIL_2016__M1.22.ST__bin.44.fa	/home/jshaw/scratch/2022_sketched_distance/references/SGB_genome_fastas_part2/4333/BritoIL_2016__M1.24.ST__bin.15.fa	/home/jshaw/scratch/2022_sketched_distance/references/SGB_genome_fastas_part2/4333/BritoIL_2016__M2.46.ST__bin.21.fa	/home/jshaw/scratch/2022_sketched_distance/references/SGB_genome_fastas_part2/4333/BritoIL_2016__W1.33.ST__bin.82.fa	/home/jshaw/scratch/2022_sketched_distance/references/SGB_genome_fastas_part2/4333/BritoIL_2016__W1.53.ST__bin.16.fa	/home/jshaw/scratch/2022_sketched_distance/references/SGB_genome_fastas_part2/4333/BritoIL_2016__W2.15.ST__bin.48.fa	/home/jshaw/scratch/2022_sketched_distance/references/SGB_genome_fastas_part2/4333/BritoIL_2016__W2.54.ST__bin.11.fa	/home/jshaw/scratch/2022_sketched_distance/references/SGB_genome_fastas_part2/4333/BritoIL_2016__WL.43.ST__bin.84.fa	/home/jshaw/scratch/2022_sketched_distance/references/SGB_genome_fastas_part2/4333/CM_madagascar__A32_01_1FE__bin.71.fa	/home/jshaw/scratch/2022_sketched_distance/references/SGB_genome_fastas_part2/4333/CM_madagascar__A73_01_1FE__bin.6.fa	/home/jshaw/scratch/2022_sketched_distance/references/SGB_genome_fastas_part2/4333/CM_madagascar__A75_02_1FE__bin.75.fa	/home/jshaw/scratch/2022_sketched_distance/references/SGB_genome_fastas_part2/4333/CM_madagascar__A89_01_1FE__bin.11.fa	/home/jshaw/scratch/2022_sketched_distance/references/SGB_genome_fastas_part2/4333/CM_madagascar__A90_04_1FE__bin.99.fa	/home/jshaw/scratch/2022_sketched_distance/references/SGB_genome_fastas_part2/4333/CM_madagascar__A94_02_1FE__bin.45.fa	/home/jshaw/scratch/2022_sketched_distance/references/SGB_genome_fastas_part2/4333/CM_madagascar__V40_01_1FE__bin.70.fa	/home/jshaw/scratch/2022_sketched_distance/references/SGB_genome_fastas_part2/4333/CosteaPI_2017__SID713A087-11-90-0__bin.49.fa	/home/jshaw/scratch/2022_sketched_distance/references/SGB_genome_fastas_part2/4333/CosteaPI_2017__SID713B041-11-0-0__bin.33.fa	/home/jshaw/scratch/2022_sketched_distance/references/SGB_genome_fastas_part2/4333/CosteaPI_2017__SID713B046-11-0-0__bin.46.fa	/home/jshaw/scratch/2022_sketched_distance/references/SGB_genome_fastas_part2/4333/FengQ_2015__SID530315__bin.14.fa	/home/jshaw/scratch/2022_sketched_distance/references/SGB_genome_fastas_part2/4333/KarlssonFH_2013__S422__bin.82.fa	/home/jshaw/scratch/2022_sketched_distance/references/SGB_genome_fastas_part2/4333/LiJ_2014__MH0399__bin.44.fa	/home/jshaw/scratch/2022_sketched_distance/references/SGB_genome_fastas_part2/4333/LiuW_2016__SRR3993060__bin.85.fa	/home/jshaw/scratch/2022_sketched_distance/references/SGB_genome_fastas_part2/4333/Obregon-TitoAJ_2015__HCO02__bin.18.fa	/home/jshaw/scratch/2022_sketched_distance/references/SGB_genome_fastas_part2/4333/WenC_2017__N277__bin.36.fa	/home/jshaw/scratch/2022_sketched_distance/references/SGB_genome_fastas_part2/4333/XieH_2016__YSZC12003_36006__bin.69.fa	/home/jshaw/scratch/2022_sketched_distance/references/SGB_genome_fastas_part2/4333/XieH_2016__YSZC12003_36244__bin.70.fa	/home/jshaw/scratch/2022_sketched_distance/references/SGB_genome_fastas_part2/4333/ZeeviD_2015__PNP_Main_104__bin.52.fa	/home/jshaw/scratch/2022_sketched_distance/references/SGB_genome_fastas_part2/4333/ZeeviD_2015__PNP_Main_215__bin.39.fa	/home/jshaw/scratch/2022_sketched_distance/references/SGB_genome_fastas_part2/4333/ZeeviD_2015__PNP_Main_447__bin.51.fa	/home/jshaw/scratch/2022_sketched_distance/references/SGB_genome_fastas_part2/4333/ZeeviD_2015__PNP_Validation_4__bin.6.fa
1.0	0.9779571890258218	0.9772425266322519	0.9745221029327552	0.9764077629380666	0.966323976595542	0.970555694145426	0.9777873823419021	0.9809395876133135	0.9860401838046526	0.9731494259926144	0.9698734384034912	0.9759107446095482	0.9775841276101733	0.966323976595542	0.9790460479267068	0.9775160933345517	0.9786537968759359	0.9770358333106864	0.9678276888007491	0.9773111339695127	0.9640314237412079	0.9779221846951106	0.9733048442488689	0.9729932595108649	0.9755510242431765	0.9761956839961738	0.9590088008545595	0.9693521291529016	0.9659368225939429	0.9779221846951106	0.9660340483217184
0.9779571890258218	1.0	0.9772640660616286	0.9766987499460079	0.9798230451145484	0.9674405734987115	0.9699051565431671	0.9791027002842474	0.9810934038385777	0.9783660967041778	0.976484200076913	0.9733216450545802	0.9772640660616286	0.9762682266129074	0.9674405734987115	0.9800810984412318	0.9788367646613623	0.9799523266041452	0.9780256974372368	0.970857730384002	0.9778885363354327	0.9650795968848774	0.9816493483950911	0.9766987499460079	0.9765558739334109	0.9778885363354327	0.9773340456152937	0.9605958041957356	0.9710279521982901	0.9675352906825107	0.978501267689342	0.966672648619814
0.9772425266322519	0.9772640660616286	1.0	0.9794214426866672	0.9732139958990124	0.9811420914104257	0.97671856493421	0.9804404553603513	0.9796117855680923	0.9780037402964029	0.9738382305271458	0.9753324707788573	0.9765299259494978	0.9754945120082101	0.9760826623647766	0.9781567150204248	0.9774236046914982	0.9790419242274975	0.9788737035292356	0.979109279220734	0.9799746624895521	0.9792990044876065	0.9780420513219573	0.9797631625364238	0.9784227059109929	0.9747829002103693	0.9788808558535492	0.9782764027906432	0.9799022981542415	0.9763015380773823	0.980547009633109	0.9784345949236828
0.9745221029327552	0.9766987499460079	0.9794214426866672	1.0	0.9736578359106065	0.9803367487391714	0.9761792803729358	0.9807846000066308	0.9834261960991237	0.9811467100956824	0.9794635973560238	0.9766952194266918	0.9792098489474501	0.9790395807823146	0.9756492022193142	0.9809460330945295	0.9802543676283699	0.9796735581700848	0.9796735581700848	0.9765685191751085	0.9803365038651779	0.977999226192088	0.9830508382137408	0.9764190192929882	0.9789968745781787	0.9809460330945295	0.9809862671360007	0.9754266810133394	0.9789343495466315	0.9735557168146628	0.9819373290523782	0.9766866600700768
0.9764077629380666	0.9798230451145484	0.9732139958990124	0.9736578359106065	1.0	0.9690313856187477	0.9654193890490672	0.9767563145727161	0.9780814904755049	0.9768063687143462	0.9725936272335777	0.9676842116813257	0.9749540699134568	0.9740412783521163	0.9665106502283694	0.9764037640171565	0.9761495834948919	0.9738775001633054	0.9747948414061098	0.9646866323455003	0.9754271278600871	0.960665040275244	0.9780333589032414	0.970898801289491	0.9740412783521163	0.9749540699134568	0.9756869937663203	0.9637890835967036	0.9685344868500807	0.9644699427168075	0.9767061833614447	0.9600574076032747
0.966323976595542	0.9674405734987115	0.9811420914104257	0.9803367487391714	0.9690313856187477	1.0	0.9914447959697348	0.9824235668643977	0.9990559222420826	0.9835513650978617	0.9797491056671291	0.9769653335185561	0.9815374450734795	0.9813121141313602	0.974062674115509	0.9842822353891083	0.9814812576728045	0.981872558285003	0.9813685925413843	0.9755800925824333	0.9818169438522475	0.9723966005673136	0.9825870773904122	0.9793313724778826	0.9801615630255528	0.9804530196105323	0.9824235668643977	0.9695225003882256	0.9784795167711505	0.9732041005637698	0.9815935361473407	0.9729127854166651
0.970555694145426	0.9699051565431671	0.97671856493421	0.9761792803729358	0.9654193890490672	0.9914447959697348	1.0	0.9792437331837006	0.998226809657136	0.9796906390097618	0.9745576143651643	0.9712797394703495	0.9767671506556583	0.9774873700955022	0.9710889397025907	0.9799558758249254	0.9774398477290803	0.9773445945409137	0.9773445945409137	0.9721936669955267	0.9778650745172617	0.973056338075064	0.9781455079865573	0.973447645009561	0.9759311652026235	0.9764255179495532	0.9789272182724783	0.9718724215649381	0.9737745809827644	0.9689772121658398	0.9774398477290803	0.9711211728985514
0.9777873823419021	0.9791027002842474	0.9804404553603513	0.9807846000066308	0.9767563145727161	0.9824235668643977	0.9792437331837006	1.0	0.9782817019519642	0.9805972750475351	0.9689442059043216	0.9771213995313566	0.9793053934575513	0.9792950572929038	0.9792596002474351	0.9779750353932477	0.9773706849899838	0.9793746204217407	0.9797633609099473	0.9783332855613177	0.9786439021237633	0.9794578959532745	0.9787415219722084	0.9796401126265647	0.9787775846703761	0.9770404602260742	0.9804943431573508	0.9795559786151316	0.9812371492365694	0.9769658872000073	0.9749862444945028	0.97899701666984
0.9809395876133135	0.9810934038385777	0.9796117855680923	0.9834261960991237	0.9780814904755049	0.9990559222420826	0.998226809657136	0.9782817019519642	1.0	0.9812655775654129	0.9724087149360122	0.979348733956405	0.9808782822065055	0.9796194851976201	0.9789653347066739	0.9805007871081698	0.9780933948185684	0.9807078395677873	0.980617981905329	0.9807906298730413	0.9795346027726897	0.9805490038221925	0.9799468027646359	0.9804918840104161	0.979111755619648	0.9797376950798417	0.9826071418672504	0.9798964207290798	0.9823515271517981	0.9781090693772241	0.9767480956212158	0.97984758667504
0.9860401838046526	0.9783660967041778	0.9780037402964029	0.9811467100956824	0.9768063687143462	0.9835513650978617	0.9796906390097618	0.9805972750475351	0.9812655775654129	1.0	0.972989254674244	0.9765997503913555	0.9793428458633965	0.9788206721234343	0.9781673988819558	0.9797075374941148	0.9785781121769512	0.9792271739395366	0.9783250498389687	0.9782841675031367	0.9783257513150745	0.9785471079765036	0.9782532880767432	0.9777799543344423	0.9772103628440351	0.9774286879841506	0.9802789595163004	0.9784538737306291	0.9811935212385069	0.9751988531750151	0.9777414851616721	0.9775988129609474
0.9731494259926144	0.976484200076913	0.9738382305271458	0.9794635973560238	0.9725936272335777	0.9797491056671291	0.9745576143651643	0.9689442059043216	0.9724087149360122	0.972989254674244	1.0	0.9768379001172041	0.9764072821066206	0.97386778631344	0.9760287946550525	0.973539670028011	0.9720107949829514	0.9735949065314449	0.9740609633536619	0.9761513543829943	0.972634630235299	0.9741939486812711	0.975459516617929	0.9748217077666417	0.9736116444017053	0.9750681925466709	0.9752668557818658	0.9753618728925835	0.9770567839012368	0.972874445228749	0.9699974978007275	0.9732460201826191
0.9698734384034912	0.9733216450545802	0.9753324707788573	0.9766952194266918	0.9676842116813257	0.9769653335185561	0.9712797394703495	0.9771213995313566	0.979348733956405	0.9765997503913555	0.9768379001172041	1.0	0.9763116516990238	0.9765040005505353	0.9730379552823665	0.9777273126640204	0.9770271736753798	0.9761666403055826	0.9755306795260759	0.9712309638896464	0.9771213995313566	0.9736932602370967	0.9850592247710578	0.9732808952274922	0.9756785472209707	0.9765040005505353	0.9763598455899317	0.9712156777078595	0.9735545553241447	0.9696813474178589	0.976551910676558	0.9720130465208112
0.9759107446095482	0.9772640660616286	0.9765299259494978	0.9792098489474501	0.9749540699134568	0.9815374450734795	0.9767671506556583	0.9793053934575513	0.9808782822065055	0.9793428458633965	0.9764072821066206	0.9763116516990238	1.0	0.9794176220184395	0.9876544865417258	0.9815148701719827	0.988886494404649	0.9775739230851492	0.9776528615891062	0.9784801974219116	0.9786620374531234	0.9762397789536922	0.97847037534812	0.9775178719824403	0.97616059914686	0.9765707047552846	0.9781225193505885	0.9777381194297193	0.9798113389995357	0.9758858634847641	0.9783933940444822	0.9747818799839088
0.9775841276101733	0.9762682266129074	0.9754945120082101	0.9790395807823146	0.9740412783521163	0.9813121141313602	0.9774873700955022	0.9792950572929038	0.9796194851976201	0.9788206721234343	0.97386778631344	0.9765040005505353	0.9794176220184395	1.0	0.9795995904911324	0.9804691936325544	0.9801884059103345	0.977598554696	0.9763029452536294	0.9784313002956856	0.9777368901513892	0.977999226192088	0.9770844026335729	0.9776054671703883	0.9753987249633852	0.9746925679292056	0.9766242307539005	0.9785128167521824	0.9782249470171958	0.9755705843505756	0.9773546583895881	0.9769576023337773
0.966323976595542	0.9674405734987115	0.9760826623647766	0.9756492022193142	0.9665106502283694	0.974062674115509	0.9710889397025907	0.9792596002474351	0.9789653347066739	0.9781673988819558	0.9760287946550525	0.9730379552823665	0.9876544865417258	0.9795995904911324	1.0	0.9801268102732381	0.9892047483871041	0.9766164911929693	0.9762972458076772	0.9713390766318286	0.9779648266313027	0.9693101544183211	0.9780155878187524	0.974932268705828	0.9754302863877603	0.9754851536694163	0.9774528187380735	0.9710679078369593	0.9721389304889458	0.968813574534368	0.9770373394542528	0.9668458772394782
0.9790460479267068	0.9800810984412318	0.9781567150204248	0.9809460330945295	0.9764037640171565	0.9842822353891083	0.9799558758249254	0.9779750353932477	0.9805007871081698	0.9797075374941148	0.973539670028011	0.9777273126640204	0.9815148701719827	0.9804691936325544	0.9801268102732381	1.0	0.978726492334936	0.9785929864834958	0.9784379683630252	0.9790613165741588	0.9776924588928344	0.9776660225206882	0.9782466623981059	0.9806516386281245	0.9771319507384213	0.9775442598485456	0.9800258709863311	0.9796129660049643	0.9817990812008117	0.9765074010210554	0.9768501201994412	0.9770115213050447
0.9775160933345517	0.9788367646613623	0.9774236046914982	0.9802543676283699	0.9761495834948919	0.9814812576728045	0.9774398477290803	0.9773706849899838	0.9780933948185684	0.9785781121769512	0.9720107949829514	0.9770271736753798	0.988886494404649	0.9801884059103345	0.9892047483871041	0.978726492334936	1.0	0.9793009804305077	0.9784003722791085	0.9789170042341969	0.9772242585317502	0.9782743177243595	0.9777441769847791	0.9795578210002333	0.976697276617778	0.976765920790151	0.9800983822733847	0.9777381194297193	0.98084238598438	0.9755177393902075	0.9760207155832546	0.9771727446795486
0.9786537968759359	0.9799523266041452	0.9790419242274975	0.9796735581700848	0.9738775001633054	0.981872558285003	0.9773445945409137	0.9793746204217407	0.9807078395677873	0.9792271739395366	0.9735949065314449	0.9761666403055826	0.9775739230851492	0.977598554696	0.9766164911929693	0.9785929864834958	0.9793009804305077	1.0	0.9809540642186731	0.9808815491132822	0.9812679386098784	0.9815057589489197	0.9793009804305077	0.9817100366557063	0.9790790583840271	0.9759660063375817	0.9791802100365545	0.9798399262533631	0.9799930047144412	0.9771172924739265	0.9810939359842057	0.980724681981363
0.9770358333106864	0.9780256974372368	0.9788737035292356	0.9796735581700848	0.9747948414061098	0.9813685925413843	0.9773445945409137	0.9797633609099473	0.980617981905329	0.9783250498389687	0.9740609633536619	0.9755306795260759	0.9776528615891062	0.9763029452536294	0.9762972458076772	0.9784379683630252	0.9784003722791085	0.9809540642186731	1.0	0.9801005528426359	0.9806882016249245	0.9795106883924265	0.9791441828322398	0.9804518230496415	0.9783644498359965	0.9763830850830153	0.9800258709863311	0.978038262323027	0.9803085089183605	0.9768137747157776	0.980653110620449	0.9786914437681834
0.9678276888007491	0.970857730384002	0.979109279220734	0.9765685191751085	0.9646866323455003	0.9755800925824333	0.9721936669955267	0.9783332855613177	0.9807906298730413	0.9782841675031367	0.9761513543829943	0.9712309638896464	0.9784801974219116	0.9784313002956856	0.9713390766318286	0.9790613165741588	0.9789170042341969	0.9808815491132822	0.9801005528426359	1.0	0.9806080292959306	0.9742559953193713	0.9793480409102888	0.9782841675031367	0.9790613165741588	0.9761513543829943	0.979109279220734	0.9735613290560048	0.9742605902748644	0.9705521001006127	0.9810626326455286	0.9728810260056662
0.9773111339695127	0.9778885363354327	0.9799746624895521	0.9803365038651779	0.9754271278600871	0.9818169438522475	0.9778650745172617	0.9786439021237633	0.9795346027726897	0.9783257513150745	0.972634630235299	0.9771213995313566	0.9786620374531234	0.9777368901513892	0.9779648266313027	0.9776924588928344	0.9772242585317502	0.9812679386098784	0.9806882016249245	0.9806080292959306	1.0	0.9815553474882706	0.9788465936226981	0.9807312240976354	0.9799865064832908	0.9771963070097859	0.980206848336081	0.9975816418582979	0.9809745039544198	0.99445927627806	0.9805330223141617	0.9804833963858309
0.9640314237412079	0.9650795968848774	0.9792990044876065	0.977999226192088	0.960665040275244	0.9723966005673136	0.973056338075064	0.9794578959532745	0.9805490038221925	0.9785471079765036	0.9741939486812711	0.9736932602370967	0.9762397789536922	0.977999226192088	0.9693101544183211	0.9776660225206882	0.9782743177243595	0.9815057589489197	0.9795106883924265	0.9742559953193713	0.9815553474882706	1.0	0.9812566824589861	0.9800858413057139	0.9794050180110223	0.9761229338432402	0.9782743177243595	0.9702428874425427	0.9719440078126742	0.9696692153136238	0.9948936899340467	0.9954508653517361
0.9779221846951106	0.9816493483950911	0.9780420513219573	0.9830508382137408	0.9780333589032414	0.9825870773904122	0.9781455079865573	0.9787415219722084	0.9799468027646359	0.9782532880767432	0.975459516617929	0.9850592247710578	0.97847037534812	0.9770844026335729	0.9780155878187524	0.9782466623981059	0.9777441769847791	0.9793009804305077	0.9791441828322398	0.9793480409102888	0.9788465936226981	0.9812566824589861	1.0	0.9796401126265647	0.9782887689295415	0.9800952804421152	0.9794768436015132	0.9790964626176869	0.9803533332746879	0.9770164338730418	0.9797092799161827	0.9802890771116662
0.9733048442488689	0.9766987499460079	0.9797631625364238	0.9764190192929882	0.970898801289491	0.9793313724778826	0.973447645009561	0.9796401126265647	0.9804918840104161	0.9777799543344423	0.9748217077666417	0.9732808952274922	0.9775178719824403	0.9776054671703883	0.974932268705828	0.9806516386281245	0.9795578210002333	0.9817100366557063	0.9804518230496415	0.9782841675031367	0.9807312240976354	0.9800858413057139	0.9796401126265647	1.0	0.9786386504980961	0.9767187320196626	0.9798857505653078	0.9769445580825723	0.9771557464846204	0.9732168693803529	0.9846942561992928	0.9786402355399433
0.9729932595108649	0.9765558739334109	0.9784227059109929	0.9789968745781787	0.9740412783521163	0.9801615630255528	0.9759311652026235	0.9787775846703761	0.979111755619648	0.9772103628440351	0.9736116444017053	0.9756785472209707	0.97616059914686	0.9753987249633852	0.9754302863877603	0.9771319507384213	0.976697276617778	0.9790790583840271	0.9783644498359965	0.9790613165741588	0.9799865064832908	0.9794050180110223	0.9782887689295415	0.9786386504980961	1.0	0.9752742852446812	0.9775770299323057	0.9783356671445538	0.9789343495466315	0.9761462817540209	0.9798061890546831	0.9780193822379246
0.9755510242431765	0.9778885363354327	0.9747829002103693	0.9809460330945295	0.9749540699134568	0.9804530196105323	0.9764255179495532	0.9770404602260742	0.9797376950798417	0.9774286879841506	0.9750681925466709	0.9765040005505353	0.9765707047552846	0.9746925679292056	0.9754851536694163	0.9775442598485456	0.976765920790151	0.9759660063375817	0.9763830850830153	0.9761513543829943	0.9771963070097859	0.9761229338432402	0.9800952804421152	0.9767187320196626	0.9752742852446812	1.0	0.9774201529293234	0.9751666697574506	0.9791674302105996	0.9740020791667077	0.9770404602260742	0.9751262279178604
0.9761956839961738	0.9773340456152937	0.9788808558535492	0.9809862671360007	0.9756869937663203	0.9824235668643977	0.9789272182724783	0.9804943431573508	0.9826071418672504	0.9802789595163004	0.9752668557818658	0.9763598455899317	0.9781225193505885	0.9766242307539005	0.9774528187380735	0.9800258709863311	0.9800983822733847	0.9791802100365545	0.9800258709863311	0.979109279220734	0.980206848336081	0.9782743177243595	0.9794768436015132	0.9798857505653078	0.9775770299323057	0.9774201529293234	1.0	0.9778585084348584	0.9920272018449963	0.9756760173448327	0.980206848336081	0.9777044651522762
0.9590088008545595	0.9605958041957356	0.9782764027906432	0.9754266810133394	0.9637890835967036	0.9695225003882256	0.9718724215649381	0.9795559786151316	0.9798964207290798	0.9784538737306291	0.9753618728925835	0.9712156777078595	0.9777381194297193	0.9785128167521824	0.9710679078369593	0.9796129660049643	0.9777381194297193	0.9798399262533631	0.978038262323027	0.9735613290560048	0.9975816418582979	0.9702428874425427	0.9790964626176869	0.9769445580825723	0.9783356671445538	0.9751666697574506	0.9778585084348584	1.0	0.9730777511203463	0.9857710009276279	0.9797833338895102	0.9701668316798703
0.9693521291529016	0.9710279521982901	0.9799022981542415	0.9789343495466315	0.9685344868500807	0.9784795167711505	0.9737745809827644	0.9812371492365694	0.9823515271517981	0.9811935212385069	0.9770567839012368	0.9735545553241447	0.9798113389995357	0.9782249470171958	0.9721389304889458	0.9817990812008117	0.98084238598438	0.9799930047144412	0.9803085089183605	0.9742605902748644	0.9809745039544198	0.9719440078126742	0.9803533332746879	0.9771557464846204	0.9789343495466315	0.9791674302105996	0.9920272018449963	0.9730777511203463	1.0	0.9716466500053248	0.9808864846510734	0.970926818471941
0.9659368225939429	0.9675352906825107	0.9763015380773823	0.9735557168146628	0.9644699427168075	0.9732041005637698	0.9689772121658398	0.9769658872000073	0.9781090693772241	0.9751988531750151	0.972874445228749	0.9696813474178589	0.9758858634847641	0.9755705843505756	0.968813574534368	0.9765074010210554	0.9755177393902075	0.9771172924739265	0.9768137747157776	0.9705521001006127	0.99445927627806	0.9696692153136238	0.9770164338730418	0.9732168693803529	0.9761462817540209	0.9740020791667077	0.9756760173448327	0.9857710009276279	0.9716466500053248	1.0	0.9791662716536611	0.9689162052438105
0.9779221846951106	0.978501267689342	0.980547009633109	0.9819373290523782	0.9767061833614447	0.9815935361473407	0.9774398477290803	0.9749862444945028	0.9767480956212158	0.9777414851616721	0.9699974978007275	0.976551910676558	0.9783933940444822	0.9773546583895881	0.9770373394542528	0.9768501201994412	0.9760207155832546	0.9810939359842057	0.980653110620449	0.9810626326455286	0.9805330223141617	0.9948936899340467	0.9797092799161827	0.9846942561992928	0.9798061890546831	0.9770404602260742	0.980206848336081	0.9797833338895102	0.9808864846510734	0.9791662716536611	1.0	0.9980964195413043
0.9660340483217184	0.966672648619814	0.9784345949236828	0.9766866600700768	0.9600574076032747	0.9729127854166651	0.9711211728985514	0.97899701666984	0.97984758667504	0.9775988129609474	0.9732460201826191	0.9720130465208112	0.9747818799839088	0.9769576023337773	0.9668458772394782	0.9770115213050447	0.9771727446795486	0.980724681981363	0.9786914437681834	0.9728810260056662	0.9804833963858309	0.9954508653517361	0.9802890771116662	0.9786402355399433	0.9780193822379246	0.9751262279178604	0.9777044651522762	0.9701668316798703	0.970926818471941	0.9689162052438105	0.9980964195413043	1.0
