/home/jshaw/scratch/2022_sketched_distance/references/SGB_genome_fastas_part4/9649/BackhedF_2015__SID536_B__bin.13.fa	/home/jshaw/scratch/2022_sketched_distance/references/SGB_genome_fastas_part4/9649/HMP_2012__SRS011090__bin.2.fa	/home/jshaw/scratch/2022_sketched_distance/references/SGB_genome_fastas_part4/9649/HMP_2012__SRS011098__bin.13.fa	/home/jshaw/scratch/2022_sketched_distance/references/SGB_genome_fastas_part4/9649/HMP_2012__SRS011144__bin.2.fa	/home/jshaw/scratch/2022_sketched_distance/references/SGB_genome_fastas_part4/9649/HMP_2012__SRS011310__bin.15.fa	/home/jshaw/scratch/2022_sketched_distance/references/SGB_genome_fastas_part4/9649/HMP_2012__SRS011343__bin.24.fa	/home/jshaw/scratch/2022_sketched_distance/references/SGB_genome_fastas_part4/9649/HMP_2012__SRS013881__bin.7.fa	/home/jshaw/scratch/2022_sketched_distance/references/SGB_genome_fastas_part4/9649/HMP_2012__SRS014472__bin.1.fa	/home/jshaw/scratch/2022_sketched_distance/references/SGB_genome_fastas_part4/9649/HMP_2012__SRS015060__bin.15.fa	/home/jshaw/scratch/2022_sketched_distance/references/SGB_genome_fastas_part4/9649/HMP_2012__SRS015650__bin.18.fa	/home/jshaw/scratch/2022_sketched_distance/references/SGB_genome_fastas_part4/9649/HMP_2012__SRS015745__bin.9.fa	/home/jshaw/scratch/2022_sketched_distance/references/SGB_genome_fastas_part4/9649/HMP_2012__SRS015985__bin.1.fa	/home/jshaw/scratch/2022_sketched_distance/references/SGB_genome_fastas_part4/9649/HMP_2012__SRS017013__bin.8.fa	/home/jshaw/scratch/2022_sketched_distance/references/SGB_genome_fastas_part4/9649/HMP_2012__SRS017215__bin.13.fa	/home/jshaw/scratch/2022_sketched_distance/references/SGB_genome_fastas_part4/9649/HMP_2012__SRS017687__bin.7.fa	/home/jshaw/scratch/2022_sketched_distance/references/SGB_genome_fastas_part4/9649/HMP_2012__SRS018978__bin.5.fa	/home/jshaw/scratch/2022_sketched_distance/references/SGB_genome_fastas_part4/9649/HMP_2012__SRS019329__bin.12.fa	/home/jshaw/scratch/2022_sketched_distance/references/SGB_genome_fastas_part4/9649/HMP_2012__SRS019387__bin.27.fa	/home/jshaw/scratch/2022_sketched_distance/references/SGB_genome_fastas_part4/9649/HMP_2012__SRS019391__bin.4.fa	/home/jshaw/scratch/2022_sketched_distance/references/SGB_genome_fastas_part4/9649/HMP_2012__SRS019976__bin.6.fa	/home/jshaw/scratch/2022_sketched_distance/references/SGB_genome_fastas_part4/9649/HMP_2012__SRS021473__bin.7.fa	/home/jshaw/scratch/2022_sketched_distance/references/SGB_genome_fastas_part4/9649/HMP_2012__SRS022532__bin.7.fa	/home/jshaw/scratch/2022_sketched_distance/references/SGB_genome_fastas_part4/9649/HMP_2012__SRS022625__bin.1.fa	/home/jshaw/scratch/2022_sketched_distance/references/SGB_genome_fastas_part4/9649/HMP_2012__SRS023987__bin.2.fa	/home/jshaw/scratch/2022_sketched_distance/references/SGB_genome_fastas_part4/9649/HMP_2012__SRS024281__bin.7.fa	/home/jshaw/scratch/2022_sketched_distance/references/SGB_genome_fastas_part4/9649/HMP_2012__SRS024289__bin.15.fa	/home/jshaw/scratch/2022_sketched_distance/references/SGB_genome_fastas_part4/9649/HMP_2012__SRS024347__bin.8.fa	/home/jshaw/scratch/2022_sketched_distance/references/SGB_genome_fastas_part4/9649/HMP_2012__SRS043676__bin.6.fa	/home/jshaw/scratch/2022_sketched_distance/references/SGB_genome_fastas_part4/9649/HMP_2012__SRS045049__bin.14.fa	/home/jshaw/scratch/2022_sketched_distance/references/SGB_genome_fastas_part4/9649/HMP_2012__SRS045262__bin.3.fa	/home/jshaw/scratch/2022_sketched_distance/references/SGB_genome_fastas_part4/9649/HMP_2012__SRS046686__bin.6.fa	/home/jshaw/scratch/2022_sketched_distance/references/SGB_genome_fastas_part4/9649/HMP_2012__SRS052874__bin.11.fa	/home/jshaw/scratch/2022_sketched_distance/references/SGB_genome_fastas_part4/9649/HMP_2012__SRS063272__bin.1.fa	/home/jshaw/scratch/2022_sketched_distance/references/SGB_genome_fastas_part4/9649/QinN_2014__LD-57__bin.29.fa
1.0	0.9595634421824466	0.9654183035080514	0.9702739856420126	0.9652362936953267	0.9672840027729342	0.9579544001284319	0.9704749133890437	0.953116484729886	0.9658586155510704	0.9522733885705124	0.9663123625374647	0.9591582063961931	0.9605624950996825	0.9702548015461591	0.956958053080139	0.9587911975489587	0.9674275416487256	0.964338440007701	0.9613939315046035	0.9548701631163284	0.9674364708861913	0.9630344260023707	0.962250652589442	0.9853880729292407	0.9820257980849719	0.9634795316609065	0.9848960393260128	0.9693034094822383	0.9598028503953041	0.9620717503411649	0.9744767347715492	0.9617729077469312	0.9646828276649979
0.9595634421824466	1.0	0.9664001127205	0.9666173903432786	0.962855386306446	0.9614310851732701	0.9720780824032729	0.9670659631056744	0.9667653008342797	0.9600000755640459	0.9643150957781682	0.9656716877407537	0.992569310375282	0.9674716102100752	0.9660590018459104	0.9537578403273992	0.9921571515651595	0.962403108536453	0.9699268929801449	0.9618471884257462	0.9881218999900979	0.9665295381631254	0.9669262063682837	0.9635516156292813	0.9659514988294672	0.9624239037655669	0.9662393408643716	0.966118789884442	0.9658422088608233	0.9601843548693078	0.9750815916359782	0.9660416105035795	0.9661075060983916	0.9663829653489933
0.9654183035080514	0.9664001127205	1.0	0.9710445563598966	0.9691156322021299	0.9700912784965886	0.9659658380396318	0.973016811475499	0.961749985658437	0.9673993603138985	0.9578540263641168	0.975271069398524	0.9640663567479928	0.9676727699599569	0.9717982512352363	0.9694418996115545	0.965619225682513	0.9700186568792868	0.9683969778404412	0.9645276708817043	0.9624395381683182	0.9721178459858558	0.9674008096115588	0.9657940950371853	0.9707365744097335	0.9684485405837917	0.971864921778613	0.9724147771245355	0.9711141455324825	0.9684428662911782	0.9615949591854958	0.9697812004653734	0.9705317815993212	0.9707355059717504
0.9702739856420126	0.9666173903432786	0.9710445563598966	1.0	0.9709140277098369	0.9707303118638072	0.9650901253284011	0.9859950333146458	0.9605534442736279	0.9765469233272931	0.9571520286893667	0.9730528264443421	0.9637879067858695	0.9673251472678631	0.9826566736139979	0.9620886722776296	0.9655227512903348	0.9712212216159128	0.9684633719848562	0.9637620999505967	0.9630690976323909	0.9742721698209217	0.9673950315923083	0.9644027584394713	0.9754145430098656	0.9730630629168993	0.970683650148189	0.9761484329462202	0.976661392880088	0.9651815061201194	0.9614832156322415	0.9708548830429053	0.9695812433036435	0.9719490693978753
0.9652362936953267	0.962855386306446	0.9691156322021299	0.9709140277098369	1.0	0.9884841050499094	0.9630387788202736	0.9737194362045076	0.9568726147147301	0.9652143667219042	0.9544477121812095	0.9699090194143886	0.9598711651036147	0.9647055307754628	0.9700871153113331	0.9591459815212725	0.9624847722197427	0.9873231358795738	0.9806652756650145	0.9627670106738813	0.9603604453253715	0.9910941110687425	0.9644689936372807	0.9622994866891164	0.9715861344046564	0.9692726585258349	0.9694690695922357	0.9697693560504561	0.9731398509914896	0.9641362222770077	0.9603939552363546	0.968377894331084	0.9649163123838619	0.969522896647049
0.9672840027729342	0.9614310851732701	0.9700912784965886	0.9707303118638072	0.9884841050499094	1.0	0.9621521589422591	0.9736188810393959	0.9568471114168473	0.9673200027090352	0.9524262526593168	0.970086711248457	0.9603939552363546	0.9645552317715932	0.9698581118676727	0.959392327460627	0.9610020466688286	0.9903805259912717	0.9810694007050264	0.9628955618018751	0.9587848936040547	0.9913965924363091	0.9639386022632623	0.962282307596039	0.9738652661864672	0.9734896984251021	0.9702736904101261	0.9712353650301742	0.971924274801526	0.9636664660161859	0.9606554307739457	0.967660084566008	0.9648566720657775	0.9696881686662687
0.9579544001284319	0.9720780824032729	0.9659658380396318	0.9650901253284011	0.9630387788202736	0.9621521589422591	1.0	0.9638561269871088	0.9817337055534318	0.9589133892957976	0.9671406076652425	0.9649269140359085	0.969773328700626	0.9664555002154303	0.9628837248304257	0.9553052682833367	0.9732837988517684	0.962464800128097	0.9646516832687393	0.9634599662022298	0.968365122887063	0.9635346076268023	0.966667267393954	0.9648905676052534	0.9647051892906744	0.9611961107469831	0.96572314799213	0.9642216161354712	0.9657798187114024	0.9591773405111221	0.9646364596890858	0.9682161474960835	0.9634721928692567	0.965048985853897
0.9704749133890437	0.9670659631056744	0.973016811475499	0.9859950333146458	0.9737194362045076	0.9736188810393959	0.9638561269871088	1.0	0.9593026832164875	0.9860565122445504	0.9555995228472709	0.9721000998172143	0.9630964046634866	0.9672059207493593	0.9910241588236249	0.9618388160224853	0.964927375825286	0.9748233962724961	0.9709785023244373	0.9637583392085376	0.9628051677268978	0.9783933940444822	0.967024581285484	0.9643517831275964	0.9755461950831301	0.9728516917280038	0.971911135876226	0.9750978155684599	0.9814546990890591	0.9666452052142714	0.9623328185190562	0.970965124646774	0.9716965157497542	0.9723579005445042
0.953116484729886	0.9667653008342797	0.961749985658437	0.9605534442736279	0.9568726147147301	0.9568471114168473	0.9817337055534318	0.9593026832164875	1.0	0.9554165256636346	0.9638931585784992	0.9627653699743629	0.9647636723626044	0.9629571298868392	0.9589029229854679	0.9504253642654942	0.9667972569017037	0.9564942589458562	0.9594716064469782	0.9594045902459645	0.9636074091212525	0.9588303678699701	0.9611965708328024	0.9594955059276139	0.959033390240387	0.9560040318883661	0.9603047784255986	0.9601564397411874	0.9610495700864271	0.9570134161281967	0.9618412607607879	0.9647044091890744	0.9587397284234895	0.9602571857243164
0.9658586155510704	0.9600000755640459	0.9673993603138985	0.9765469233272931	0.9652143667219042	0.9673200027090352	0.9589133892957976	0.9860565122445504	0.9554165256636346	1.0	0.953864765075808	0.967467668224717	0.9586282912822188	0.9600828312545829	0.9821361350978272	0.9583923562467472	0.9586372019541319	0.9670068098026631	0.9650194187994529	0.9585059805002103	0.9581174899887037	0.9676733166226446	0.961745173258416	0.9603751280425187	0.9715894983779663	0.9692304502065393	0.9659650705658572	0.9701620179452723	0.9743525482341175	0.9610531522954425	0.9598318457416884	0.9652371156798456	0.9648547334499076	0.9657306543673679
0.9522733885705124	0.9643150957781682	0.9578540263641168	0.9571520286893667	0.9544477121812095	0.9524262526593168	0.9671406076652425	0.9555995228472709	0.9638931585784992	0.953864765075808	1.0	0.9568472767149846	0.9601214368700961	0.9585275313447613	0.9552292699012294	0.9486962110689767	0.9628841070886157	0.9512127245018549	0.9567419109960144	0.9547786387166628	0.9669248300892082	0.9536605783465677	0.9576524242414779	0.9554070639206088	0.9571313701562514	0.9528728531203546	0.9566155056539621	0.9565342194598089	0.9583819818031442	0.9529578648205634	0.9561202880448875	0.9581371723762366	0.9578967949088398	0.957490338287508
0.9663123625374647	0.9656716877407537	0.975271069398524	0.9730528264443421	0.9699090194143886	0.970086711248457	0.9649269140359085	0.9721000998172143	0.9627653699743629	0.967467668224717	0.9568472767149846	1.0	0.9634657919997396	0.966037079340597	0.9694125586883724	0.9658938482228284	0.9650782449250869	0.9709689886535278	0.9682314332468301	0.9642664286776058	0.9612904221567238	0.9729174699989499	0.968355415952818	0.9662270519054821	0.9721697965102597	0.9687756705328566	0.9716680336128526	0.9732824399135269	0.9719515875856435	0.9775161958100906	0.9621125108354883	0.9697250812294117	0.9710616815668613	0.970911606473857
0.9591582063961931	0.992569310375282	0.9640663567479928	0.9637879067858695	0.9598711651036147	0.9603939552363546	0.969773328700626	0.9630964046634866	0.9647636723626044	0.9586282912822188	0.9601214368700961	0.9634657919997396	1.0	0.9647706249905549	0.9621915642627087	0.951072611446837	0.9897620260982304	0.9608824142886213	0.9691913402859315	0.9614144039353192	0.9846393461540708	0.9620754245113889	0.9641064631783784	0.9627413909041088	0.9648539797630769	0.9609899363304849	0.9634901966058307	0.963637476237125	0.9644053470190447	0.9588339942947129	0.9752698957361947	0.964963039514751	0.9624223612357662	0.9650139782621183
0.9605624950996825	0.9674716102100752	0.9676727699599569	0.9673251472678631	0.9647055307754628	0.9645552317715932	0.9664555002154303	0.9672059207493593	0.9629571298868392	0.9600828312545829	0.9585275313447613	0.966037079340597	0.9647706249905549	1.0	0.9652638408051724	0.9587222192429238	0.9674132329688458	0.9644247140677892	0.9634390712661829	0.9654476153560225	0.9638054839106338	0.9680792765632609	0.9710224309737396	0.9678901586041012	0.9662376044791458	0.9627663181416823	0.9673301947645812	0.9669255212496936	0.9653048206424706	0.9607680420747998	0.960925512400975	0.9660018757580329	0.967105119092179	0.9671123839966683
0.9702548015461591	0.9660590018459104	0.9717982512352363	0.9826566736139979	0.9700871153113331	0.9698581118676727	0.9628837248304257	0.9910241588236249	0.9589029229854679	0.9821361350978272	0.9552292699012294	0.9694125586883724	0.9621915642627087	0.9652638408051724	1.0	0.960516464000462	0.9635234865177048	0.9707359177306077	0.9683935664578941	0.9644059575849591	0.9618539620373925	0.9730558967578569	0.9681389459656983	0.9651355380830249	0.9751213138967652	0.9723971958892781	0.9697487944949928	0.9742130583022633	0.976892377896352	0.9635584259269608	0.9608672455860644	0.9702850693127243	0.9688711744073801	0.9690891573274648
0.956958053080139	0.9537578403273992	0.9694418996115545	0.9620886722776296	0.9591459815212725	0.959392327460627	0.9553052682833367	0.9618388160224853	0.9504253642654942	0.9583923562467472	0.9486962110689767	0.9658938482228284	0.951072611446837	0.9587222192429238	0.960516464000462	1.0	0.9527884225321331	0.9603458874611942	0.9589304771531074	0.9535946206930409	0.9523650804315631	0.9612540897372872	0.9575646109782864	0.95392778734842	0.9622412951733822	0.9588687283680676	0.9631408985573956	0.9636308978322043	0.9655989410596282	0.9591091350778675	0.9525173543719235	0.9613192589352808	0.9614287569157869	0.9625111989839923
0.9587911975489587	0.9921571515651595	0.965619225682513	0.9655227512903348	0.9624847722197427	0.9610020466688286	0.9732837988517684	0.964927375825286	0.9667972569017037	0.9586372019541319	0.9628841070886157	0.9650782449250869	0.9897620260982304	0.9674132329688458	0.9635234865177048	0.9527884225321331	1.0	0.9624537809621962	0.9684734192271467	0.962252781347541	0.9901545128059817	0.9648896585465702	0.9671014050854524	0.964331584740009	0.9654365959144261	0.9620458655136624	0.9656506063290958	0.9657982556562263	0.9649694174509804	0.9600317783058736	0.9725355190058922	0.9664571636201301	0.9655400718224268	0.9662099252778663
0.9674275416487256	0.962403108536453	0.9700186568792868	0.9712212216159128	0.9873231358795738	0.9903805259912717	0.962464800128097	0.9748233962724961	0.9564942589458562	0.9670068098026631	0.9512127245018549	0.9709689886535278	0.9608824142886213	0.9644247140677892	0.9707359177306077	0.9603458874611942	0.9624537809621962	1.0	0.9826884994094899	0.962648120836804	0.959757951856896	0.992993959145193	0.9649305620324926	0.9629261226785046	0.9728348151261277	0.9704130213970241	0.9704485136495361	0.9719094121699868	0.9723670573056772	0.9634449040230955	0.9600419653966595	0.9694088491633367	0.9653363961403773	0.9699509172910068
0.964338440007701	0.9699268929801449	0.9683969778404412	0.9684633719848562	0.9806652756650145	0.9810694007050264	0.9646516832687393	0.9709785023244373	0.9594716064469782	0.9650194187994529	0.9567419109960144	0.9682314332468301	0.9691913402859315	0.9634390712661829	0.9683935664578941	0.9589304771531074	0.9684734192271467	0.9826884994094899	1.0	0.9640037295251199	0.967554272663931	0.982407083229847	0.9639295358669684	0.962367685520845	0.970073083842845	0.9657538639073494	0.9691111899833091	0.9681769998893407	0.9723558128180483	0.9627795916890394	0.965290375612926	0.9686895985248525	0.963584738654953	0.9677341621313565
0.9613939315046035	0.9618471884257462	0.9645276708817043	0.9637620999505967	0.9627670106738813	0.9628955618018751	0.9634599662022298	0.9637583392085376	0.9594045902459645	0.9585059805002103	0.9547786387166628	0.9642664286776058	0.9614144039353192	0.9654476153560225	0.9644059575849591	0.9535946206930409	0.962252781347541	0.962648120836804	0.9640037295251199	1.0	0.9596546611098721	0.963377233462321	0.967280679282705	0.9662986078484761	0.9662149206658945	0.962763992590496	0.9658409004439518	0.9652189961812038	0.965376012140972	0.9615730046191019	0.9589818001264286	0.9656333176055679	0.9622799966838854	0.96491978015864
0.9548701631163284	0.9881218999900979	0.9624395381683182	0.9630690976323909	0.9603604453253715	0.9587848936040547	0.968365122887063	0.9628051677268978	0.9636074091212525	0.9581174899887037	0.9669248300892082	0.9612904221567238	0.9846393461540708	0.9638054839106338	0.9618539620373925	0.9523650804315631	0.9901545128059817	0.959757951856896	0.967554272663931	0.9596546611098721	1.0	0.9626273516663763	0.9627764484365242	0.9600657641575072	0.9614620346596163	0.9584392425567857	0.9634859392012126	0.961145677630087	0.9645699928720065	0.956876236114531	0.9717499573545629	0.9629756269965911	0.9625804519587395	0.9620873985069598
0.9674364708861913	0.9665295381631254	0.9721178459858558	0.9742721698209217	0.9910941110687425	0.9913965924363091	0.9635346076268023	0.9783933940444822	0.9588303678699701	0.9676733166226446	0.9536605783465677	0.9729174699989499	0.9620754245113889	0.9680792765632609	0.9730558967578569	0.9612540897372872	0.9648896585465702	0.992993959145193	0.982407083229847	0.963377233462321	0.9626273516663763	1.0	0.966847253325416	0.9638269056916954	0.9743808489871041	0.9717022956067055	0.973449413308951	0.9739561114217301	0.9741348316053232	0.9669276723103173	0.9608263449078601	0.9702099766030878	0.9698288976136451	0.9719342456313801
0.9630344260023707	0.9669262063682837	0.9674008096115588	0.9673950315923083	0.9644689936372807	0.9639386022632623	0.966667267393954	0.967024581285484	0.9611965708328024	0.961745173258416	0.9576524242414779	0.968355415952818	0.9641064631783784	0.9710224309737396	0.9681389459656983	0.9575646109782864	0.9671014050854524	0.9649305620324926	0.9639295358669684	0.967280679282705	0.9627764484365242	0.966847253325416	1.0	0.995768232830322	0.969261062430737	0.9653412073199648	0.9670941138649647	0.9679693042662587	0.9663288982391877	0.9632369034344928	0.9616319646374004	0.9668010061756646	0.966368961915862	0.9687708342511767
0.962250652589442	0.9635516156292813	0.9657940950371853	0.9644027584394713	0.9622994866891164	0.962282307596039	0.9648905676052534	0.9643517831275964	0.9594955059276139	0.9603751280425187	0.9554070639206088	0.9662270519054821	0.9627413909041088	0.9678901586041012	0.9651355380830249	0.95392778734842	0.964331584740009	0.9629261226785046	0.962367685520845	0.9662986078484761	0.9600657641575072	0.9638269056916954	0.995768232830322	1.0	0.967187133673712	0.9639976789220341	0.9642093777500093	0.9663716075001834	0.9637017632199665	0.9620144955795659	0.9597529092083542	0.9645176834052749	0.9635651005284643	0.9660354249101664
0.9853880729292407	0.9659514988294672	0.9707365744097335	0.9754145430098656	0.9715861344046564	0.9738652661864672	0.9647051892906744	0.9755461950831301	0.959033390240387	0.9715894983779663	0.9571313701562514	0.9721697965102597	0.9648539797630769	0.9662376044791458	0.9751213138967652	0.9622412951733822	0.9654365959144261	0.9728348151261277	0.970073083842845	0.9662149206658945	0.9614620346596163	0.9743808489871041	0.969261062430737	0.967187133673712	1.0	0.9925041426763608	0.9711335775417014	0.988067132673664	0.9755236637245965	0.9667577205058132	0.9672160673274196	0.9815338741886466	0.9689726272896719	0.9723095111639537
0.9820257980849719	0.9624239037655669	0.9684485405837917	0.9730630629168993	0.9692726585258349	0.9734896984251021	0.9611961107469831	0.9728516917280038	0.9560040318883661	0.9692304502065393	0.9528728531203546	0.9687756705328566	0.9609899363304849	0.9627663181416823	0.9723971958892781	0.9588687283680676	0.9620458655136624	0.9704130213970241	0.9657538639073494	0.962763992590496	0.9584392425567857	0.9717022956067055	0.9653412073199648	0.9639976789220341	0.9925041426763608	1.0	0.9674605120454529	0.9854939211493678	0.9718045809458119	0.9628103127334293	0.9629256747737617	0.9785167999136749	0.9662376044791458	0.9685241796678442
0.9634795316609065	0.9662393408643716	0.971864921778613	0.970683650148189	0.9694690695922357	0.9702736904101261	0.96572314799213	0.971911135876226	0.9603047784255986	0.9659650705658572	0.9566155056539621	0.9716680336128526	0.9634901966058307	0.9673301947645812	0.9697487944949928	0.9631408985573956	0.9656506063290958	0.9704485136495361	0.9691111899833091	0.9658409004439518	0.9634859392012126	0.973449413308951	0.9670941138649647	0.9642093777500093	0.9711335775417014	0.9674605120454529	1.0	0.9713281416796554	0.9808864534297047	0.9664835647708632	0.9618797501940761	0.9681497382145521	0.9705272742801306	0.9894696763247431
0.9848960393260128	0.966118789884442	0.9724147771245355	0.9761484329462202	0.9697693560504561	0.9712353650301742	0.9642216161354712	0.9750978155684599	0.9601564397411874	0.9701620179452723	0.9565342194598089	0.9732824399135269	0.963637476237125	0.9669255212496936	0.9742130583022633	0.9636308978322043	0.9657982556562263	0.9719094121699868	0.9681769998893407	0.9652189961812038	0.961145677630087	0.9739561114217301	0.9679693042662587	0.9663716075001834	0.988067132673664	0.9854939211493678	0.9713281416796554	1.0	0.9743281883569374	0.9669199144541156	0.9662948050045607	0.9789410235984177	0.9702128683754059	0.9725681522184152
0.9693034094822383	0.9658422088608233	0.9711141455324825	0.976661392880088	0.9731398509914896	0.971924274801526	0.9657798187114024	0.9814546990890591	0.9610495700864271	0.9743525482341175	0.9583819818031442	0.9719515875856435	0.9644053470190447	0.9653048206424706	0.976892377896352	0.9655989410596282	0.9649694174509804	0.9723670573056772	0.9723558128180483	0.965376012140972	0.9645699928720065	0.9741348316053232	0.9663288982391877	0.9637017632199665	0.9755236637245965	0.9718045809458119	0.9808864534297047	0.9743281883569374	1.0	0.9665354098079479	0.9647871122838347	0.9721067784561396	0.970259005240986	0.9783035497339442
0.9598028503953041	0.9601843548693078	0.9684428662911782	0.9651815061201194	0.9641362222770077	0.9636664660161859	0.9591773405111221	0.9666452052142714	0.9570134161281967	0.9610531522954425	0.9529578648205634	0.9775161958100906	0.9588339942947129	0.9607680420747998	0.9635584259269608	0.9591091350778675	0.9600317783058736	0.9634449040230955	0.9627795916890394	0.9615730046191019	0.956876236114531	0.9669276723103173	0.9632369034344928	0.9620144955795659	0.9667577205058132	0.9628103127334293	0.9664835647708632	0.9669199144541156	0.9665354098079479	1.0	0.9579609606298504	0.9659832826094067	0.96611679488274	0.9659818819026957
0.9620717503411649	0.9750815916359782	0.9615949591854958	0.9614832156322415	0.9603939552363546	0.9606554307739457	0.9646364596890858	0.9623328185190562	0.9618412607607879	0.9598318457416884	0.9561202880448875	0.9621125108354883	0.9752698957361947	0.960925512400975	0.9608672455860644	0.9525173543719235	0.9725355190058922	0.9600419653966595	0.965290375612926	0.9589818001264286	0.9717499573545629	0.9608263449078601	0.9616319646374004	0.9597529092083542	0.9672160673274196	0.9629256747737617	0.9618797501940761	0.9662948050045607	0.9647871122838347	0.9579609606298504	1.0	0.9671929988263859	0.9601424244491719	0.962991983942033
0.9744767347715492	0.9660416105035795	0.9697812004653734	0.9708548830429053	0.968377894331084	0.967660084566008	0.9682161474960835	0.970965124646774	0.9647044091890744	0.9652371156798456	0.9581371723762366	0.9697250812294117	0.964963039514751	0.9660018757580329	0.9702850693127243	0.9613192589352808	0.9664571636201301	0.9694088491633367	0.9686895985248525	0.9656333176055679	0.9629756269965911	0.9702099766030878	0.9668010061756646	0.9645176834052749	0.9815338741886466	0.9785167999136749	0.9681497382145521	0.9789410235984177	0.9721067784561396	0.9659832826094067	0.9671929988263859	1.0	0.9676898484868671	0.9696534252912073
0.9617729077469312	0.9661075060983916	0.9705317815993212	0.9695812433036435	0.9649163123838619	0.9648566720657775	0.9634721928692567	0.9716965157497542	0.9587397284234895	0.9648547334499076	0.9578967949088398	0.9710616815668613	0.9624223612357662	0.967105119092179	0.9688711744073801	0.9614287569157869	0.9655400718224268	0.9653363961403773	0.963584738654953	0.9622799966838854	0.9625804519587395	0.9698288976136451	0.966368961915862	0.9635651005284643	0.9689726272896719	0.9662376044791458	0.9705272742801306	0.9702128683754059	0.970259005240986	0.96611679488274	0.9601424244491719	0.9676898484868671	1.0	0.9696866448113622
0.9646828276649979	0.9663829653489933	0.9707355059717504	0.9719490693978753	0.969522896647049	0.9696881686662687	0.965048985853897	0.9723579005445042	0.9602571857243164	0.9657306543673679	0.957490338287508	0.970911606473857	0.9650139782621183	0.9671123839966683	0.9690891573274648	0.9625111989839923	0.9662099252778663	0.9699509172910068	0.9677341621313565	0.96491978015864	0.9620873985069598	0.9719342456313801	0.9687708342511767	0.9660354249101664	0.9723095111639537	0.9685241796678442	0.9894696763247431	0.9725681522184152	0.9783035497339442	0.9659818819026957	0.962991983942033	0.9696534252912073	0.9696866448113622	1.0
