/home/jshaw/scratch/2022_sketched_distance/references/SGB_genome_fastas_part2/2279/Bengtsson-PalmeJ_2015__TRAVELRES30__bin.71.fa	/home/jshaw/scratch/2022_sketched_distance/references/SGB_genome_fastas_part2/2279/Bengtsson-PalmeJ_2015__TRAVELRES55__bin.66.fa	/home/jshaw/scratch/2022_sketched_distance/references/SGB_genome_fastas_part2/2279/Bengtsson-PalmeJ_2015__TRAVELRES56__bin.56.fa	/home/jshaw/scratch/2022_sketched_distance/references/SGB_genome_fastas_part2/2279/ChengpingW_2017__AS96raw__bin.42.fa	/home/jshaw/scratch/2022_sketched_distance/references/SGB_genome_fastas_part2/2279/ChengpingW_2017__AS9raw__bin.36.fa	/home/jshaw/scratch/2022_sketched_distance/references/SGB_genome_fastas_part2/2279/HeQ_2017__SZAXPI029584-102__bin.41.fa	/home/jshaw/scratch/2022_sketched_distance/references/SGB_genome_fastas_part2/2279/LiJ_2014__O2.UC13-1__bin.71.fa	/home/jshaw/scratch/2022_sketched_distance/references/SGB_genome_fastas_part2/2279/LoombaR_2017__SID5566_wwo__bin.8.fa	/home/jshaw/scratch/2022_sketched_distance/references/SGB_genome_fastas_part2/2279/QinJ_2012__CON-025__bin.53.fa	/home/jshaw/scratch/2022_sketched_distance/references/SGB_genome_fastas_part2/2279/QinJ_2012__CON-044__bin.35.fa	/home/jshaw/scratch/2022_sketched_distance/references/SGB_genome_fastas_part2/2279/QinJ_2012__DLF010__bin.17.fa	/home/jshaw/scratch/2022_sketched_distance/references/SGB_genome_fastas_part2/2279/QinJ_2012__DOM012__bin.11.fa	/home/jshaw/scratch/2022_sketched_distance/references/SGB_genome_fastas_part2/2279/QinJ_2012__T2D-001__bin.1.fa	/home/jshaw/scratch/2022_sketched_distance/references/SGB_genome_fastas_part2/2279/QinJ_2012__T2D-006__bin.21.fa	/home/jshaw/scratch/2022_sketched_distance/references/SGB_genome_fastas_part2/2279/QinN_2014__HD-40__bin.48.fa	/home/jshaw/scratch/2022_sketched_distance/references/SGB_genome_fastas_part2/2279/QinN_2014__HD-43__bin.50.fa	/home/jshaw/scratch/2022_sketched_distance/references/SGB_genome_fastas_part2/2279/QinN_2014__HD-63__bin.56.fa	/home/jshaw/scratch/2022_sketched_distance/references/SGB_genome_fastas_part2/2279/WenC_2017__N219__bin.12.fa	/home/jshaw/scratch/2022_sketched_distance/references/SGB_genome_fastas_part2/2279/WenC_2017__RA024__bin.5.fa	/home/jshaw/scratch/2022_sketched_distance/references/SGB_genome_fastas_part2/2279/XieH_2016__YSZC12003_37332__bin.15.fa	/home/jshaw/scratch/2022_sketched_distance/references/SGB_genome_fastas_part2/2279/XieH_2016__YSZC12003_37798__bin.66.fa	/home/jshaw/scratch/2022_sketched_distance/references/SGB_genome_fastas_part2/2279/YuJ_2015__SZAXPI003411-6__bin.8.fa	/home/jshaw/scratch/2022_sketched_distance/references/SGB_genome_fastas_part2/2279/YuJ_2015__SZAXPI003420-4__bin.8.fa	/home/jshaw/scratch/2022_sketched_distance/references/SGB_genome_fastas_part2/2279/YuJ_2015__SZAXPI015264-87__bin.52.fa	/home/jshaw/scratch/2022_sketched_distance/references/SGB_genome_fastas_part2/2279/YuJ_2015__SZAXPI017593-158__bin.52.fa	/home/jshaw/scratch/2022_sketched_distance/references/SGB_genome_fastas_part2/2279/ZeeviD_2015__PNP_Main_134__bin.26.fa	/home/jshaw/scratch/2022_sketched_distance/references/SGB_genome_fastas_part2/2279/ZeeviD_2015__PNP_Main_233__bin.35.fa	/home/jshaw/scratch/2022_sketched_distance/references/SGB_genome_fastas_part2/2279/ZeeviD_2015__PNP_Main_252__bin.30.fa	/home/jshaw/scratch/2022_sketched_distance/references/SGB_genome_fastas_part2/2279/ZeeviD_2015__PNP_Main_586__bin.24.fa	/home/jshaw/scratch/2022_sketched_distance/references/SGB_genome_fastas_part2/2279/ZeeviD_2015__PNP_Main_698__bin.10.fa	/home/jshaw/scratch/2022_sketched_distance/references/SGB_genome_fastas_part2/2279/ZeeviD_2015__PNP_Main_714__bin.15.fa	/home/jshaw/scratch/2022_sketched_distance/references/SGB_genome_fastas_part2/2279/ZeeviD_2015__PNP_Main_747__bin.3.fa	/home/jshaw/scratch/2022_sketched_distance/references/SGB_genome_fastas_part2/2279/ZeeviD_2015__PNP_Validation_13__bin.51.fa	/home/jshaw/scratch/2022_sketched_distance/references/SGB_genome_fastas_part2/2279/ZeeviD_2015__PNP_Validation_48__bin.5.fa	/home/jshaw/scratch/2022_sketched_distance/references/SGB_genome_fastas_part2/2279/ZellerG_2014__CCIS11019776ST-4-0__bin.15.fa	/home/jshaw/scratch/2022_sketched_distance/references/SGB_genome_fastas_part2/2279/ZellerG_2014__CCIS76563044ST-4-0__bin.51.fa	/home/jshaw/scratch/2022_sketched_distance/references/SGB_genome_fastas_part2/2279/ZellerG_2014__CCIS77252613ST-4-0__bin.20.fa	/home/jshaw/scratch/2022_sketched_distance/references/SGB_genome_fastas_part2/2279/ZellerG_2014__CCIS81735969ST-20-0__bin.59.fa
1.0	0.9820487420072027	0.9819281053833139	0.9869037663069905	0.9844864418575989	0.9857369916776902	0.9711701908032536	0.9843775726409529	0.9859207596484417	0.9872141833391433	0.985016203444234	0.9849190794838887	0.984556060795662	0.9801865378411756	0.983589656265252	0.9860085048110389	0.9850175361245872	0.9793760886461712	0.9833494349421934	0.9860014315007093	0.9840600300672284	0.9814475361360246	0.986533548208026	0.9829880019251213	0.9751337971647617	0.984321376027561	0.9977343880439101	0.9724151933841619	0.9858184857876876	0.9853075876043182	0.9862368855540529	0.9842542579672887	0.9850482956389951	0.9836419932352508	0.9797075791399042	0.9822694564405287	0.9824059718613718	0.9820477058008389
0.9820487420072027	1.0	0.9918501921875277	0.9824867519362557	0.9806662631449335	0.981708795366861	0.9687487996254773	0.9808453579102004	0.9817314315711037	0.982919094120265	0.9806140887163248	0.9810238613017298	0.9803174602084634	0.9761388424791619	0.9803535046628108	0.9830691335215748	0.9811597589171344	0.9770537674000987	0.9786747621247266	0.981414804697142	0.9815651369392712	0.9784060953173535	0.9835856436672773	0.9797359261017646	0.9722199947230764	0.9804485340599738	0.9811020084665286	0.9711026671870084	0.980729065265161	0.9820463862249369	0.982287385443552	0.9805399597132851	0.980609016973512	0.9799067890024661	0.9773802301918039	0.9804618260001322	0.9791898260178212	0.9793248163607331
0.9819281053833139	0.9918501921875277	1.0	0.982234731252174	0.9804599450083116	0.9810548037926617	0.9687112960508036	0.9804104276776966	0.9812114978392099	0.9827032132870798	0.9802700626684275	0.9803993004124048	0.980283205238578	0.9765804555587073	0.9798279897472781	0.9826370024626049	0.9810447677720715	0.9760876858874618	0.9787462467372624	0.981227129411176	0.9808237626056072	0.9786540170863905	0.9826708809613809	0.9788795095182383	0.972274181920764	0.9800232278462914	0.9813626816666738	0.9718207514628514	0.9808149889304476	0.9814379642630268	0.9818939602373384	0.9797874623196756	0.9804375871821648	0.979406412228808	0.97561611128929	0.9805921060746431	0.9791411193350311	0.9794394112938309
0.9869037663069905	0.9824867519362557	0.982234731252174	1.0	0.9844077839347555	0.986185226882981	0.971682509373326	0.9843238614459817	0.9866249906894499	0.9869098735233424	0.9855743040568433	0.985824019939936	0.9842659407640703	0.981005179290574	0.9838425178160339	0.9867769882302344	0.9841663831246646	0.9792542153568307	0.9836309529090942	0.9863266607547349	0.9844569571783496	0.981957577102877	0.9870126240012297	0.9831882734303103	0.9753126449368497	0.9835586136247576	0.9853363686698641	0.9723300190487256	0.9860995798040822	0.9856603515548089	0.9866673927366558	0.9838315391264297	0.9857544212145488	0.9835369488441686	0.9799130424076538	0.9825472418747605	0.982910645922381	0.9820542914652505
0.9844864418575989	0.9806662631449335	0.9804599450083116	0.9844077839347555	1.0	0.9841879073544549	0.970627812544152	0.9828791678149872	0.9840712273956633	0.9847230013398196	0.9849990339676427	0.9848755854085761	0.9839889948768735	0.9800658162450849	0.9817201381054587	0.9845521162711293	0.9823140529582849	0.97788047380211	0.9822752538950505	0.9836567776983505	0.9826750205886429	0.9821527518845378	0.9842528051924117	0.981289623994185	0.9736746305133097	0.9826723008054435	0.9832485290648423	0.97178956765992	0.9829714754954354	0.9836233194939976	0.9843073946755004	0.9828498444944928	0.9831772668935228	0.9820967446754301	0.9791963919680189	0.9817905259810173	0.9858459554235712	0.9800268462937346
0.9857369916776902	0.981708795366861	0.9810548037926617	0.986185226882981	0.9841879073544549	1.0	0.9714656202565044	0.9836654604193898	0.9852822987361581	0.9860081995839252	0.9853375319323372	0.9848521869413149	0.984204858964279	0.9805130023929899	0.9831033278155374	0.9860114264371945	0.9836038983406291	0.9790175411033973	0.9826764914466449	0.9848264556706795	0.9835245599627965	0.980968655899183	0.9853374854329747	0.982537099735699	0.974220305214877	0.9833503733871543	0.9839634062591833	0.9715303820044894	0.9842912868202209	0.9842587188239859	0.9855003374482624	0.9833611080347314	0.9848095028341387	0.9831225406480416	0.9786555100804415	0.9813353231540904	0.9823931291266532	0.9800980552511279
0.9711701908032536	0.9687487996254773	0.9687112960508036	0.971682509373326	0.970627812544152	0.9714656202565044	1.0	0.9710216673206847	0.971917751907348	0.9711650369933592	0.9712107099035417	0.9710134488193052	0.9710617393089752	0.9688528447462817	0.9702375192358151	0.9717029970231026	0.9694633497875158	0.9674061294139947	0.9708907352873906	0.9713794562355633	0.9721795030128676	0.9691098645249564	0.9710473194194744	0.9691047999123611	0.9632627654283452	0.9712927680976502	0.9705378789598792	0.9632305056772192	0.9725687690964163	0.9730379552823665	0.9714334766521449	0.9712714210127591	0.9711873072101208	0.9704204243718609	0.9706610979448984	0.9698173014267082	0.9714652192291353	0.9715280290790632
0.9843775726409529	0.9808453579102004	0.9804104276776966	0.9843238614459817	0.9828791678149872	0.9836654604193898	0.9710216673206847	1.0	0.9838993042713055	0.984956872823426	0.9833328205242875	0.9834239252064946	0.9825122054054981	0.9789238846180487	0.9816893493359983	0.9844373313341083	0.9821237274289221	0.9776033744377446	0.9812809690861172	0.9847170411744293	0.993033669040075	0.9801015749141287	0.984525472705541	0.9803087868809305	0.9731201540773754	0.9931243154077678	0.9826734095992415	0.9843098814385286	0.9836589526117394	0.9932174970980928	0.9841650305496293	0.9820923988789648	0.9851820805629277	0.9981446313341381	0.977653154684341	0.9821945190115606	0.9809171618073484	0.9813799722911929
0.9859207596484417	0.9817314315711037	0.9812114978392099	0.9866249906894499	0.9840712273956633	0.9852822987361581	0.971917751907348	0.9838993042713055	1.0	0.9860045855489284	0.9842497368202674	0.9839867141227834	0.9844622619783547	0.9807107851753695	0.9830377022510249	0.9852937655154761	0.9834252362623727	0.9797587776921628	0.9829240718247423	0.9847437576785085	0.9839131764414992	0.9810652371052148	0.9855246126789752	0.9822507659506454	0.9754726280414914	0.9833629632676654	0.984638290749166	0.9712699267125009	0.9844246339696213	0.9848489788610026	0.9857925995437791	0.9832763954293947	0.9848367591548632	0.9832193199005655	0.9792384169170166	0.9820672108002206	0.9823713041719377	0.9803494306460026
0.9872141833391433	0.982919094120265	0.9827032132870798	0.9869098735233424	0.9847230013398196	0.9860081995839252	0.9711650369933592	0.984956872823426	0.9860045855489284	1.0	0.985095118202387	0.9850197125694026	0.9849128860747942	0.980434162111493	0.9844115687512274	0.9870331169757033	0.9844496066496592	0.9792839608673084	0.9826370862630233	0.9859799237209579	0.9845457747150426	0.9810270262625065	0.9869361307787622	0.9833469076818047	0.9746288429795362	0.9842869422517564	0.9855039768733694	0.9732448539403352	0.9852201305568765	0.9855872483729323	0.9865722710323916	0.9842873753052195	0.9849326224515462	0.9842780322613276	0.97927147607069	0.9825827002624192	0.9818770644390189	0.981387938634238
0.985016203444234	0.9806140887163248	0.9802700626684275	0.9855743040568433	0.9849990339676427	0.9853375319323372	0.9712107099035417	0.9833328205242875	0.9842497368202674	0.985095118202387	1.0	0.992892919907656	0.9845282938071794	0.9804954022851838	0.9824530466641943	0.9853062797160774	0.9826184835762919	0.9791121206437281	0.9832171259894401	0.9840735683103301	0.9834727393151547	0.9925553949438833	0.9850083510074497	0.9816253404744126	0.9747798352064178	0.9831652857623809	0.9835489763240722	0.9721786520454971	0.9838658891638369	0.9844151929546494	0.9847860899739146	0.9832817352245035	0.9836567776983505	0.9828560378160722	0.9787775846703761	0.9816494226731118	0.9822594090510883	0.9802972176142652
0.9849190794838887	0.9810238613017298	0.9803993004124048	0.985824019939936	0.9848755854085761	0.9848521869413149	0.9710134488193052	0.9834239252064946	0.9839867141227834	0.9850197125694026	0.992892919907656	1.0	0.9842333050634975	0.9805093836191785	0.9820305429337104	0.9851001410347603	0.9824420920775201	0.979479632006049	0.9837856545107171	0.9839449439759743	0.9834999324034244	0.9897166395806882	0.9849752371296673	0.9812375475892089	0.9754345429773834	0.9831220322172932	0.9831814715019037	0.9723476650514963	0.9841183111370579	0.9844464659149651	0.9842404297624009	0.9837491714079271	0.9830897317633321	0.9829002490893393	0.9787228572416651	0.9815603638532434	0.9820811191841545	0.9804468482814428
0.984556060795662	0.9803174602084634	0.980283205238578	0.9842659407640703	0.9839889948768735	0.984204858964279	0.9710617393089752	0.9825122054054981	0.9844622619783547	0.9849128860747942	0.9845282938071794	0.9842333050634975	1.0	0.9798877972938176	0.9826733924802658	0.9847411232202686	0.9822849954882154	0.979401558317042	0.9820655022550446	0.9837093097025036	0.9826054468504609	0.9814093266968305	0.9849105083469015	0.981201711455475	0.9751624911987555	0.9823397695602261	0.9832436646958834	0.9713496530079745	0.9831779287604663	0.9831340583005979	0.9843741112031922	0.9830178701567651	0.9832190030903342	0.9817126840839022	0.9782192450091451	0.9810740217152022	0.9822491249313271	0.9798174347329869
0.9801865378411756	0.9761388424791619	0.9765804555587073	0.981005179290574	0.9800658162450849	0.9805130023929899	0.9688528447462817	0.9789238846180487	0.9807107851753695	0.980434162111493	0.9804954022851838	0.9805093836191785	0.9798877972938176	1.0	0.9777741020973454	0.9803671823106109	0.9784626853891434	0.9748251938170601	0.9914078308001341	0.9795518995487505	0.9789319294540839	0.9772992297334815	0.9801241325592239	0.9769430394784009	0.98401969096577	0.9784836524685682	0.9790448888426665	0.9674403378297393	0.9794041504455983	0.9801419237325779	0.9803464989275837	0.9794700681659645	0.9795632983519271	0.978160748393521	0.9747294949030445	0.9783130602298288	0.978501267689342	0.9765417151881304
0.983589656265252	0.9803535046628108	0.9798279897472781	0.9838425178160339	0.9817201381054587	0.9831033278155374	0.9702375192358151	0.9816893493359983	0.9830377022510249	0.9844115687512274	0.9824530466641943	0.9820305429337104	0.9826733924802658	0.9777741020973454	1.0	0.9843709644259105	0.9812274295614088	0.9773748722584455	0.9803718792407372	0.9830708071674918	0.9815362112220549	0.9795755196339873	0.9837642678482357	0.9849785268482468	0.9713183660155325	0.9812236380630578	0.9816304866998101	0.9709750175022209	0.9823225516540969	0.982622883529887	0.9837573561850974	0.982331906558838	0.9827804153521531	0.9809531640803327	0.9773689791015684	0.9805882007726541	0.9796172861168005	0.9787547667880204
0.9860085048110389	0.9830691335215748	0.9826370024626049	0.9867769882302344	0.9845521162711293	0.9860114264371945	0.9717029970231026	0.9844373313341083	0.9852937655154761	0.9870331169757033	0.9853062797160774	0.9851001410347603	0.9847411232202686	0.9803671823106109	0.9843709644259105	1.0	0.9838342448942504	0.9789516940721041	0.9825523510489009	0.985444833187166	0.9845555097345898	0.9820294700175088	0.986224157352037	0.9831618226750918	0.975213754333257	0.9844251275219187	0.9846371837884874	0.9720597882714245	0.9851277793105888	0.9854530905242859	0.9855797615890785	0.9835905896650504	0.984989896138363	0.9837532777835388	0.9798023429973174	0.983312274434937	0.982511589217609	0.9822806834781822
0.9850175361245872	0.9811597589171344	0.9810447677720715	0.9841663831246646	0.9823140529582849	0.9836038983406291	0.9694633497875158	0.9821237274289221	0.9834252362623727	0.9844496066496592	0.9826184835762919	0.9824420920775201	0.9822849954882154	0.9784626853891434	0.9812274295614088	0.9838342448942504	1.0	0.9778043980235946	0.9802514449349867	0.9833821934290556	0.9828089901985505	0.9800862400899252	0.9851036883733236	0.9809152318381116	0.9735454778237043	0.9824092812279692	0.9843464534738982	0.9716847321783475	0.9827663886977669	0.9830390215846195	0.9840614493596739	0.9822998103436061	0.9825358605097244	0.9811934092970106	0.9783782412913746	0.9816138013736299	0.9802377726168137	0.9807710136054729
0.9793760886461712	0.9770537674000987	0.9760876858874618	0.9792542153568307	0.97788047380211	0.9790175411033973	0.9674061294139947	0.9776033744377446	0.9797587776921628	0.9792839608673084	0.9791121206437281	0.979479632006049	0.979401558317042	0.9748251938170601	0.9773748722584455	0.9789516940721041	0.9778043980235946	1.0	0.9761674114362815	0.978238797691244	0.9785656380307769	0.9773253039317308	0.9799465117512596	0.9758246283186537	0.970585294341764	0.9768028858109841	0.9786629389921424	0.9685141326001925	0.9778340361646098	0.9781364809513103	0.979058835474691	0.9784745964347973	0.9778885363354327	0.9766741699126195	0.9744264029074652	0.9760185946794545	0.9766375297686566	0.975192025278433
0.9833494349421934	0.9786747621247266	0.9787462467372624	0.9836309529090942	0.9822752538950505	0.9826764914466449	0.9708907352873906	0.9812809690861172	0.9829240718247423	0.9826370862630233	0.9832171259894401	0.9837856545107171	0.9820655022550446	0.9914078308001341	0.9803718792407372	0.9825523510489009	0.9802514449349867	0.9761674114362815	1.0	0.9823023650973055	0.9815470128530063	0.9800631518391111	0.9825078042263078	0.9788601786803967	0.9897008422194438	0.9810073099362369	0.9814071583008979	0.9698529732894207	0.9821830948520723	0.9824848398919613	0.9830046826077101	0.9814378012730952	0.9815108557042833	0.980689598371252	0.9766847308072867	0.9801150717756045	0.9813431003627683	0.9785953282975406
0.9860014315007093	0.981414804697142	0.981227129411176	0.9863266607547349	0.9836567776983505	0.9848264556706795	0.9713794562355633	0.9847170411744293	0.9847437576785085	0.9859799237209579	0.9840735683103301	0.9839449439759743	0.9837093097025036	0.9795518995487505	0.9830708071674918	0.985444833187166	0.9833821934290556	0.978238797691244	0.9823023650973055	1.0	0.9849193089760762	0.9801922547887914	0.9850155015671159	0.9822350781501514	0.9736819031559029	0.9845805074797899	0.9845052853516105	0.9720747651536894	0.9927281182617415	0.9852950261870242	0.9848363578775879	0.9833318599201298	0.9915134314671262	0.9838461328701777	0.9800186074669692	0.9825352905147843	0.9818291667499106	0.9823785339343101
0.9840600300672284	0.9815651369392712	0.9808237626056072	0.9844569571783496	0.9826750205886429	0.9835245599627965	0.9721795030128676	0.993033669040075	0.9839131764414992	0.9845457747150426	0.9834727393151547	0.9834999324034244	0.9826054468504609	0.9789319294540839	0.9815362112220549	0.9845555097345898	0.9828089901985505	0.9785656380307769	0.9815470128530063	0.9849193089760762	1.0	0.9809393159997359	0.9845121016250621	0.9796308261277552	0.9741926619986263	0.9920703248826607	0.982966414912813	0.9813807139236709	0.9834006338814332	0.9920862886395337	0.9839890485408307	0.982418539462425	0.9845421714511091	0.9919908904596096	0.977849091344322	0.9827655652242915	0.9819772320838764	0.9812602044539206
0.9814475361360246	0.9784060953173535	0.9786540170863905	0.981957577102877	0.9821527518845378	0.980968655899183	0.9691098645249564	0.9801015749141287	0.9810652371052148	0.9810270262625065	0.9925553949438833	0.9897166395806882	0.9814093266968305	0.9772992297334815	0.9795755196339873	0.9820294700175088	0.9800862400899252	0.9773253039317308	0.9800631518391111	0.9801922547887914	0.9809393159997359	1.0	0.9821639520552276	0.9775968935259474	0.9735652356170619	0.9798266759620419	0.9804014103694598	0.9705282267573807	0.9804306281158471	0.9813665979115637	0.9810518344301404	0.9809078588817141	0.9797775627228833	0.9792049829241157	0.9760622117191965	0.9790649617812698	0.9805489132429951	0.9782013209931271
0.986533548208026	0.9835856436672773	0.9826708809613809	0.9870126240012297	0.9842528051924117	0.9853374854329747	0.9710473194194744	0.984525472705541	0.9855246126789752	0.9869361307787622	0.9850083510074497	0.9849752371296673	0.9849105083469015	0.9801241325592239	0.9837642678482357	0.986224157352037	0.9851036883733236	0.9799465117512596	0.9825078042263078	0.9850155015671159	0.9845121016250621	0.9821639520552276	1.0	0.9826177405118088	0.9746404625449937	0.9837788011287281	0.985314984825243	0.9731759623059814	0.9847154047311614	0.9851728045276478	0.9855276024932673	0.9844158082655978	0.9845743724993832	0.9837261183043212	0.9798027985771541	0.9830065569036123	0.9825160970598747	0.9825699415944871
0.9829880019251213	0.9797359261017646	0.9788795095182383	0.9831882734303103	0.981289623994185	0.982537099735699	0.9691047999123611	0.9803087868809305	0.9822507659506454	0.9833469076818047	0.9816253404744126	0.9812375475892089	0.981201711455475	0.9769430394784009	0.9849785268482468	0.9831618226750918	0.9809152318381116	0.9758246283186537	0.9788601786803967	0.9822350781501514	0.9796308261277552	0.9775968935259474	0.9826177405118088	1.0	0.96882801413045	0.9796496462767114	0.9811223633303823	0.9691084140396232	0.9813835382785686	0.9813607603192803	0.9824470749522904	0.9799040354080766	0.9812947102938724	0.9794103273968462	0.9768738220416341	0.9785775572338445	0.978843424284993	0.9776889054694626
0.9751337971647617	0.9722199947230764	0.972274181920764	0.9753126449368497	0.9736746305133097	0.974220305214877	0.9632627654283452	0.9731201540773754	0.9754726280414914	0.9746288429795362	0.9747798352064178	0.9754345429773834	0.9751624911987555	0.98401969096577	0.9713183660155325	0.975213754333257	0.9735454778237043	0.970585294341764	0.9897008422194438	0.9736819031559029	0.9741926619986263	0.9735652356170619	0.9746404625449937	0.96882801413045	1.0	0.9729906254552313	0.9739826764955869	0.9666218433966802	0.9735250989319428	0.9746306926243634	0.975152062300226	0.9743552311723678	0.9731075965391637	0.9724731848324412	0.9690731158019208	0.9739626926331802	0.9737467834063799	0.9720987585310513
0.984321376027561	0.9804485340599738	0.9800232278462914	0.9835586136247576	0.9826723008054435	0.9833503733871543	0.9712927680976502	0.9931243154077678	0.9833629632676654	0.9842869422517564	0.9831652857623809	0.9831220322172932	0.9823397695602261	0.9784836524685682	0.9812236380630578	0.9844251275219187	0.9824092812279692	0.9768028858109841	0.9810073099362369	0.9845805074797899	0.9920703248826607	0.9798266759620419	0.9837788011287281	0.9796496462767114	0.9729906254552313	1.0	0.9830878550593328	0.9800362650515412	0.9833877659266252	0.9922301078075721	0.9837502457226928	0.9821560219730588	0.9846509933346971	0.9924170443299939	0.9776634021878764	0.9822637084990727	0.9817862577270496	0.980569839646013
0.9977343880439101	0.9811020084665286	0.9813626816666738	0.9853363686698641	0.9832485290648423	0.9839634062591833	0.9705378789598792	0.9826734095992415	0.984638290749166	0.9855039768733694	0.9835489763240722	0.9831814715019037	0.9832436646958834	0.9790448888426665	0.9816304866998101	0.9846371837884874	0.9843464534738982	0.9786629389921424	0.9814071583008979	0.9845052853516105	0.982966414912813	0.9804014103694598	0.985314984825243	0.9811223633303823	0.9739826764955869	0.9830878550593328	1.0	0.971666918937551	0.9841829816362961	0.983797501359031	0.9846207541659363	0.9832488619384981	0.9834020535480117	0.981880025231382	0.9782050027726024	0.9817252341321412	0.9812885903613965	0.981250596325507
0.9724151933841619	0.9711026671870084	0.9718207514628514	0.9723300190487256	0.97178956765992	0.9715303820044894	0.9632305056772192	0.9843098814385286	0.9712699267125009	0.9732448539403352	0.9721786520454971	0.9723476650514963	0.9713496530079745	0.9674403378297393	0.9709750175022209	0.9720597882714245	0.9716847321783475	0.9685141326001925	0.9698529732894207	0.9720747651536894	0.9813807139236709	0.9705282267573807	0.9731759623059814	0.9691084140396232	0.9666218433966802	0.9800362650515412	0.971666918937551	1.0	0.9713947538500229	0.9807922486000292	0.9719238853853612	0.9722002049811691	0.9722763206459766	0.9834374003311815	0.966845731042465	0.9739503321967755	0.9711181117668405	0.9712737186304092
0.9858184857876876	0.980729065265161	0.9808149889304476	0.9860995798040822	0.9829714754954354	0.9842912868202209	0.9725687690964163	0.9836589526117394	0.9844246339696213	0.9852201305568765	0.9838658891638369	0.9841183111370579	0.9831779287604663	0.9794041504455983	0.9823225516540969	0.9851277793105888	0.9827663886977669	0.9778340361646098	0.9821830948520723	0.9927281182617415	0.9834006338814332	0.9804306281158471	0.9847154047311614	0.9813835382785686	0.9735250989319428	0.9833877659266252	0.9841829816362961	0.9713947538500229	1.0	0.9848833499098288	0.9847164423557869	0.9825128669319115	0.9901516494460612	0.9829202174426789	0.9799207800082839	0.9824835759369884	0.9817839308939078	0.9826095231709291
0.9853075876043182	0.9820463862249369	0.9814379642630268	0.9856603515548089	0.9836233194939976	0.9842587188239859	0.9730379552823665	0.9932174970980928	0.9848489788610026	0.9855872483729323	0.9844151929546494	0.9844464659149651	0.9831340583005979	0.9801419237325779	0.982622883529887	0.9854530905242859	0.9830390215846195	0.9781364809513103	0.9824848398919613	0.9852950261870242	0.9920862886395337	0.9813665979115637	0.9851728045276478	0.9813607603192803	0.9746306926243634	0.9922301078075721	0.983797501359031	0.9807922486000292	0.9848833499098288	1.0	0.9851886973051346	0.9828580224312232	0.9851870527749421	0.9922453656375086	0.9793420619601679	0.9831187846583518	0.981981222015149	0.9821779178631423
0.9862368855540529	0.982287385443552	0.9818939602373384	0.9866673927366558	0.9843073946755004	0.9855003374482624	0.9714334766521449	0.9841650305496293	0.9857925995437791	0.9865722710323916	0.9847860899739146	0.9842404297624009	0.9843741112031922	0.9803464989275837	0.9837573561850974	0.9855797615890785	0.9840614493596739	0.979058835474691	0.9830046826077101	0.9848363578775879	0.9839890485408307	0.9810518344301404	0.9855276024932673	0.9824470749522904	0.975152062300226	0.9837502457226928	0.9846207541659363	0.9719238853853612	0.9847164423557869	0.9851886973051346	1.0	0.9841833234889845	0.984423007397664	0.9833778156477628	0.9795217606286855	0.9815878616240155	0.9820559666378433	0.9811214622690908
0.9842542579672887	0.9805399597132851	0.9797874623196756	0.9838315391264297	0.9828498444944928	0.9833611080347314	0.9712714210127591	0.9820923988789648	0.9832763954293947	0.9842873753052195	0.9832817352245035	0.9837491714079271	0.9830178701567651	0.9794700681659645	0.982331906558838	0.9835905896650504	0.9822998103436061	0.9784745964347973	0.9814378012730952	0.9833318599201298	0.982418539462425	0.9809078588817141	0.9844158082655978	0.9799040354080766	0.9743552311723678	0.9821560219730588	0.9832488619384981	0.9722002049811691	0.9825128669319115	0.9828580224312232	0.9841833234889845	1.0	0.9830764157863355	0.9814263033186686	0.978640316119154	0.9807338951751473	0.9811193768478453	0.9801122064003627
0.9850482956389951	0.980609016973512	0.9804375871821648	0.9857544212145488	0.9831772668935228	0.9848095028341387	0.9711873072101208	0.9851820805629277	0.9848367591548632	0.9849326224515462	0.9836567776983505	0.9830897317633321	0.9832190030903342	0.9795632983519271	0.9827804153521531	0.984989896138363	0.9825358605097244	0.9778885363354327	0.9815108557042833	0.9915134314671262	0.9845421714511091	0.9797775627228833	0.9845743724993832	0.9812947102938724	0.9731075965391637	0.9846509933346971	0.9834020535480117	0.9722763206459766	0.9901516494460612	0.9851870527749421	0.984423007397664	0.9830764157863355	1.0	0.9844413332662191	0.9794222785666069	0.9817783985681027	0.981345662328193	0.9817811722145299
0.9836419932352508	0.9799067890024661	0.979406412228808	0.9835369488441686	0.9820967446754301	0.9831225406480416	0.9704204243718609	0.9981446313341381	0.9832193199005655	0.9842780322613276	0.9828560378160722	0.9829002490893393	0.9817126840839022	0.978160748393521	0.9809531640803327	0.9837532777835388	0.9811934092970106	0.9766741699126195	0.980689598371252	0.9838461328701777	0.9919908904596096	0.9792049829241157	0.9837261183043212	0.9794103273968462	0.9724731848324412	0.9924170443299939	0.981880025231382	0.9834374003311815	0.9829202174426789	0.9922453656375086	0.9833778156477628	0.9814263033186686	0.9844413332662191	1.0	0.9768300219972867	0.9812593213710418	0.9802424207143773	0.9804553559679459
0.9797075791399042	0.9773802301918039	0.97561611128929	0.9799130424076538	0.9791963919680189	0.9786555100804415	0.9706610979448984	0.977653154684341	0.9792384169170166	0.97927147607069	0.9787775846703761	0.9787228572416651	0.9782192450091451	0.9747294949030445	0.9773689791015684	0.9798023429973174	0.9783782412913746	0.9744264029074652	0.9766847308072867	0.9800186074669692	0.977849091344322	0.9760622117191965	0.9798027985771541	0.9768738220416341	0.9690731158019208	0.9776634021878764	0.9782050027726024	0.966845731042465	0.9799207800082839	0.9793420619601679	0.9795217606286855	0.978640316119154	0.9794222785666069	0.9768300219972867	1.0	0.9770383493688799	0.9764784755962412	0.9840965199026337
0.9822694564405287	0.9804618260001322	0.9805921060746431	0.9825472418747605	0.9817905259810173	0.9813353231540904	0.9698173014267082	0.9821945190115606	0.9820672108002206	0.9825827002624192	0.9816494226731118	0.9815603638532434	0.9810740217152022	0.9783130602298288	0.9805882007726541	0.983312274434937	0.9816138013736299	0.9760185946794545	0.9801150717756045	0.9825352905147843	0.9827655652242915	0.9790649617812698	0.9830065569036123	0.9785775572338445	0.9739626926331802	0.9822637084990727	0.9817252341321412	0.9739503321967755	0.9824835759369884	0.9831187846583518	0.9815878616240155	0.9807338951751473	0.9817783985681027	0.9812593213710418	0.9770383493688799	1.0	0.980127582446159	0.9808197010116526
0.9824059718613718	0.9791898260178212	0.9791411193350311	0.982910645922381	0.9858459554235712	0.9823931291266532	0.9714652192291353	0.9809171618073484	0.9823713041719377	0.9818770644390189	0.9822594090510883	0.9820811191841545	0.9822491249313271	0.978501267689342	0.9796172861168005	0.982511589217609	0.9802377726168137	0.9766375297686566	0.9813431003627683	0.9818291667499106	0.9819772320838764	0.9805489132429951	0.9825160970598747	0.978843424284993	0.9737467834063799	0.9817862577270496	0.9812885903613965	0.9711181117668405	0.9817839308939078	0.981981222015149	0.9820559666378433	0.9811193768478453	0.981345662328193	0.9802424207143773	0.9764784755962412	0.980127582446159	1.0	0.9794736424692613
0.9820477058008389	0.9793248163607331	0.9794394112938309	0.9820542914652505	0.9800268462937346	0.9800980552511279	0.9715280290790632	0.9813799722911929	0.9803494306460026	0.981387938634238	0.9802972176142652	0.9804468482814428	0.9798174347329869	0.9765417151881304	0.9787547667880204	0.9822806834781822	0.9807710136054729	0.975192025278433	0.9785953282975406	0.9823785339343101	0.9812602044539206	0.9782013209931271	0.9825699415944871	0.9776889054694626	0.9720987585310513	0.980569839646013	0.981250596325507	0.9712737186304092	0.9826095231709291	0.9821779178631423	0.9811214622690908	0.9801122064003627	0.9817811722145299	0.9804553559679459	0.9840965199026337	0.9808197010116526	0.9794736424692613	1.0
