/home/jshaw/scratch/2022_sketched_distance/references/SGB_genome_fastas_part4/9271/BackhedF_2015__SID507_M__bin.62.fa	/home/jshaw/scratch/2022_sketched_distance/references/SGB_genome_fastas_part4/9271/BackhedF_2015__SID521_12M__bin.15.fa	/home/jshaw/scratch/2022_sketched_distance/references/SGB_genome_fastas_part4/9271/BackhedF_2015__SID521_4M__bin.14.fa	/home/jshaw/scratch/2022_sketched_distance/references/SGB_genome_fastas_part4/9271/CosteaPI_2017__SID713B003-11-90-0__bin.6.fa	/home/jshaw/scratch/2022_sketched_distance/references/SGB_genome_fastas_part4/9271/CosteaPI_2017__SID713B041-11-0-0__bin.68.fa	/home/jshaw/scratch/2022_sketched_distance/references/SGB_genome_fastas_part4/9271/KarlssonFH_2013__S356__bin.18.fa	/home/jshaw/scratch/2022_sketched_distance/references/SGB_genome_fastas_part4/9271/LeChatelierE_2013__MH0191__bin.37.fa	/home/jshaw/scratch/2022_sketched_distance/references/SGB_genome_fastas_part4/9271/LeChatelierE_2013__MH0199__bin.45.fa	/home/jshaw/scratch/2022_sketched_distance/references/SGB_genome_fastas_part4/9271/LeChatelierE_2013__MH0251__bin.15.fa	/home/jshaw/scratch/2022_sketched_distance/references/SGB_genome_fastas_part4/9271/LiJ_2014__MH0301__bin.14.fa	/home/jshaw/scratch/2022_sketched_distance/references/SGB_genome_fastas_part4/9271/LiJ_2014__O2.UC36-0__bin.56.fa	/home/jshaw/scratch/2022_sketched_distance/references/SGB_genome_fastas_part4/9271/LiJ_2014__O2.UC36-1__bin.41.fa	/home/jshaw/scratch/2022_sketched_distance/references/SGB_genome_fastas_part4/9271/LiJ_2014__V1.FI04__bin.68.fa	/home/jshaw/scratch/2022_sketched_distance/references/SGB_genome_fastas_part4/9271/LiJ_2014__V1.FI21__bin.37.fa	/home/jshaw/scratch/2022_sketched_distance/references/SGB_genome_fastas_part4/9271/LiuW_2016__SRR3993027__bin.4.fa	/home/jshaw/scratch/2022_sketched_distance/references/SGB_genome_fastas_part4/9271/NielsenHB_2014__O2_UC51_2__bin.35.fa	/home/jshaw/scratch/2022_sketched_distance/references/SGB_genome_fastas_part4/9271/NielsenHB_2014__V1_CD41_0__bin.62.fa	/home/jshaw/scratch/2022_sketched_distance/references/SGB_genome_fastas_part4/9271/QinN_2014__LD-62__bin.3.fa	/home/jshaw/scratch/2022_sketched_distance/references/SGB_genome_fastas_part4/9271/RaymondF_2016__P12E0__bin.13.fa	/home/jshaw/scratch/2022_sketched_distance/references/SGB_genome_fastas_part4/9271/RaymondF_2016__P12E90__bin.8.fa	/home/jshaw/scratch/2022_sketched_distance/references/SGB_genome_fastas_part4/9271/VatanenT_2016__G80376__bin.4.fa	/home/jshaw/scratch/2022_sketched_distance/references/SGB_genome_fastas_part4/9271/VatanenT_2016__G80540__bin.10.fa	/home/jshaw/scratch/2022_sketched_distance/references/SGB_genome_fastas_part4/9271/VincentC_2016__MM081__bin.1.fa	/home/jshaw/scratch/2022_sketched_distance/references/SGB_genome_fastas_part4/9271/VogtmannE_2016__MMRS14379078ST-27-0-0__bin.24.fa	/home/jshaw/scratch/2022_sketched_distance/references/SGB_genome_fastas_part4/9271/VogtmannE_2016__MMRS48639115ST-27-0-0__bin.33.fa	/home/jshaw/scratch/2022_sketched_distance/references/SGB_genome_fastas_part4/9271/XieH_2016__YSZC12003_35506__bin.40.fa	/home/jshaw/scratch/2022_sketched_distance/references/SGB_genome_fastas_part4/9271/XieH_2016__YSZC12003_36212__bin.11.fa	/home/jshaw/scratch/2022_sketched_distance/references/SGB_genome_fastas_part4/9271/XieH_2016__YSZC12003_36389__bin.16.fa	/home/jshaw/scratch/2022_sketched_distance/references/SGB_genome_fastas_part4/9271/XieH_2016__YSZC12003_37127__bin.43.fa	/home/jshaw/scratch/2022_sketched_distance/references/SGB_genome_fastas_part4/9271/XieH_2016__YSZC12003_37176__bin.70.fa	/home/jshaw/scratch/2022_sketched_distance/references/SGB_genome_fastas_part4/9271/ZeeviD_2015__PNP_Main_240__bin.26.fa
1.0	0.9955729835566217	0.9966953975020442	0.9990766425665817	0.9981441602867848	0.9974633689033654	0.9980555537896056	0.9987827642087745	0.9976570155073589	0.9967486769647959	0.9980967248314655	0.9971487455796109	0.9983992098796682	0.9989887510725572	0.9968971995638486	0.9978776647850472	0.9966386899103727	0.9991205014794821	0.9986496679126332	0.9967204120266469	0.9974132469086269	0.997102816343192	0.9983818680579172	0.9984564733032459	0.9977716005447503	0.9976726513565187	0.9989447181802086	0.9981458435371545	0.9985309116861268	0.9975931099478417	0.9979027441063518
0.9955729835566217	1.0	0.9842642730096549	0.998404014795048	0.9787606326178603	0.978938191402879	0.9953586659601406	0.9979099087663231	0.9979430784521124	0.9878708940176166	0.9810522060192692	0.9945607713017252	0.9824069331369054	0.998729389569836	0.9966587716311917	0.9905459943286964	0.9834517523850775	0.998501961634499	0.9982729689685119	0.9934408249153817	0.975050059065619	0.9973746447322979	0.9976098835738997	0.9978767059715421	0.9961027998906087	0.9970356752303595	0.998042389525129	0.9721620888738133	0.9982729689685119	0.9819256664163346	0.9888451577629297
0.9966953975020442	0.9842642730096549	1.0	0.9982047571019852	0.9818389943144141	0.9824734765502994	0.995545166220862	0.9983099920020536	0.9974047014733595	0.9855958388010142	0.9808729746617213	0.9933319680291262	0.9819142402398804	0.9986757155188518	0.995056298676451	0.9906637638916908	0.9808277680670977	0.9983099920020536	0.9983099920020536	0.994086241202997	0.9807321002135327	0.9973506737968736	0.9981256119325104	0.9977002945653387	0.9953734460766611	0.9974047014733595	0.9982310970447961	0.9806170440271266	0.9980462780423762	0.9796932498541558	0.9894164701463857
0.9990766425665817	0.998404014795048	0.9982047571019852	1.0	0.9995079487078868	0.9991248181017327	0.9988346896426317	0.9983279304598619	0.9990277942478729	0.9984028238220711	0.9996279461175349	0.9995639419784997	0.9996652387967511	0.9991154513865516	0.9986652491550231	0.9989156841198321	0.9987283459121574	0.9997877103624607	0.9988230608590917	0.9987815200539616	0.9987820691405103	0.9989591786819886	0.9989482657776539	0.9978523452754542	0.9988660107368877	0.9993347847675168	0.9989384187088999	0.9993794281701195	0.9989699207925635	0.9990631541860365	0.9990648021914894
0.9981441602867848	0.9787606326178603	0.9818389943144141	0.9995079487078868	1.0	0.9795079119701059	0.994817118884407	0.9993134114184111	0.9974865536597879	0.9804585917582852	0.9921609447838087	0.9909516812613924	0.9821789681524927	0.9996370120163529	0.9938603236699007	0.9831515612160613	0.9666766405615784	0.999594046437407	0.9993134114184111	0.9918052647892637	0.9781404247316602	0.9970021037754928	0.9988550230788115	0.9980992231211924	0.9956504073763021	0.9977147862947015	0.999701356686253	0.9791851319156712	0.9991395304201628	0.981708932005137	0.9876696352418779
0.9974633689033654	0.978938191402879	0.9824734765502994	0.9991248181017327	0.9795079119701059	1.0	0.9963188433313037	0.9986319307490116	0.9987249046455944	0.9879189177204161	0.981287834443056	0.9946471913282735	0.9829758768488845	0.9991248181017327	0.9970428471685792	0.9906347321225621	0.9822703385709777	0.999185919197441	0.9989100771033673	0.9923285863472265	0.9774429926320596	0.9972699427626658	0.9985386964452916	0.9983514406542009	0.9966498931856924	0.9972375953728928	0.9988176196096843	0.9805432245835399	0.9987867433014223	0.983075438956	0.9915309754399465
0.9980555537896056	0.9953586659601406	0.995545166220862	0.9988346896426317	0.994817118884407	0.9963188433313037	1.0	0.9981028199142616	0.9972254178005353	0.9958654868678134	0.995553452762994	0.9963774617856717	0.9973616237472859	0.9986803147239981	0.9952560136193107	0.9970402435846236	0.9968393772347514	0.9988346896426317	0.9982442167315222	0.994412814777613	0.9965998835961801	0.996489908541681	0.9978499543117124	0.998008220416222	0.9958558718183742	0.9971930718549714	0.9987575916629673	0.9966387995279127	0.9984162230672013	0.9965849173848506	0.9961326753292974
0.9987827642087745	0.9979099087663231	0.9983099920020536	0.9983279304598619	0.9993134114184111	0.9986319307490116	0.9981028199142616	1.0	0.9985235809857465	0.9981327829355461	0.9990857334947579	0.999036455848264	0.9995875063075182	0.9988672434044775	0.9984296138151302	0.9983294142445424	0.999317219348286	0.9985779303609132	0.9988230608590917	0.9984738715074519	0.9986813379952895	0.9987703664336453	0.9994090237926101	0.9973948484690929	0.9986963974076901	0.9993931596996868	0.9993709482545886	0.9989168808504845	0.9985125346949195	0.999140103887832	0.9991807367291627
0.9976570155073589	0.9979430784521124	0.9974047014733595	0.9990277942478729	0.9974865536597879	0.9987249046455944	0.9972254178005353	0.9985235809857465	1.0	0.9975400643179241	0.9988232605718085	0.9986222630877682	0.9989325834568729	0.9989705548370602	0.9976318886957085	0.9981248336653408	0.9979634823538923	0.9990706593321009	0.9984218153507329	0.9971802088688209	0.9979675522868608	0.9977648907392005	0.998202692566333	0.9980999393418467	0.9975963008368579	0.9980239426493133	0.9988557799860082	0.9987044891822665	0.998480005238054	0.9985194686863136	0.9981224989214083
0.9967486769647959	0.9878708940176166	0.9855958388010142	0.9984028238220711	0.9804585917582852	0.9879189177204161	0.9958654868678134	0.9981327829355461	0.9975400643179241	1.0	0.985247710514768	0.9934318970463409	0.9874078025076282	0.9983804039248264	0.9958896683391448	0.9901217064545051	0.987184748080929	0.9985146973179501	0.998223040282519	0.993118022267335	0.9858696556993888	0.9965833783130268	0.9976777860674356	0.9977235668614759	0.9962741955888318	0.9974709889476684	0.9982455664160422	0.9857269690982648	0.9979288041648197	0.9863208816348181	0.9895118461494222
0.9980967248314655	0.9810522060192692	0.9808729746617213	0.9996279461175349	0.9921609447838087	0.981287834443056	0.995553452762994	0.9990857334947579	0.9988232605718085	0.985247710514768	1.0	0.9935374454740334	0.9843056010091866	0.9994403497370764	0.9967475793811051	0.9873800959113941	0.9732229072611751	0.9996980233483931	0.9990143549035259	0.992248674231345	0.9811923838591817	0.9975536644104229	0.9987992964809599	0.9983406699601617	0.9971278669934203	0.997949494572721	0.9992280333601334	0.9826191158496448	0.9992043588966976	0.9829868728182728	0.9906020961766061
0.9971487455796109	0.9945607713017252	0.9933319680291262	0.9995639419784997	0.9909516812613924	0.9946471913282735	0.9963774617856717	0.999036455848264	0.9986222630877682	0.9934318970463409	0.9935374454740334	1.0	0.9939161365631007	0.9995639419784997	0.9960976049133665	0.9945079300377291	0.9945927310065205	0.9996482436155701	0.9992416361169655	0.9947399571736701	0.9930913622576594	0.9980441992686743	0.9989333897047756	0.9984656024974915	0.9963960353244821	0.998255567970103	0.9993437542008975	0.9934025435584125	0.9993097496124779	0.9941160578290542	0.9934706954577328
0.9983992098796682	0.9824069331369054	0.9819142402398804	0.9996652387967511	0.9821789681524927	0.9829758768488845	0.9973616237472859	0.9995875063075182	0.9989325834568729	0.9874078025076282	0.9843056010091866	0.9939161365631007	1.0	0.9996652387967511	0.9979934941147366	0.990720524119031	0.9824589909190651	0.9997427903770112	0.999535583718521	0.993169312159453	0.9827542203339957	0.9978844624104664	0.9994575477997838	0.9990118575689849	0.9974447257201502	0.9986402861224095	0.999535583718521	0.9833733245783294	0.9993009254358897	0.9831317287503295	0.9920164992388185
0.9989887510725572	0.998729389569836	0.9986757155188518	0.9991154513865516	0.9996370120163529	0.9991248181017327	0.9986803147239981	0.9988672434044775	0.9989705548370602	0.9983804039248264	0.9994403497370764	0.9995639419784997	0.9996652387967511	1.0	0.9986808990268168	0.9988755815138295	0.9996603584493993	0.999079655391412	0.999580531007025	0.9995935286914249	0.9986140141648266	0.9993908563623325	0.9993118184506439	0.997922921764258	0.9988660107368877	0.9997412775587932	0.998815931410733	0.9991279263266	0.9992031144689547	0.9990374647232689	0.9992385530122526
0.9968971995638486	0.9966587716311917	0.995056298676451	0.9986652491550231	0.9938603236699007	0.9970428471685792	0.9952560136193107	0.9984296138151302	0.9976318886957085	0.9958896683391448	0.9967475793811051	0.9960976049133665	0.9979934941147366	0.9986808990268168	1.0	0.9954553210382587	0.9969250164070704	0.9988369944410481	0.9986339273218858	0.9938192846603483	0.9969559683682518	0.9968641667500665	0.9981922982306729	0.9977286319574715	0.9962638899071272	0.9971766606545279	0.99857119509985	0.9981458435371545	0.9982557480540186	0.9969973371306319	0.9969057992811193
0.9978776647850472	0.9905459943286964	0.9906637638916908	0.9989156841198321	0.9831515612160613	0.9906347321225621	0.9970402435846236	0.9983294142445424	0.9981248336653408	0.9901217064545051	0.9873800959113941	0.9945079300377291	0.990720524119031	0.9988755815138295	0.9954553210382587	1.0	0.9914173398865256	0.9989757476140918	0.9984312348064085	0.993509090940163	0.9911660285775107	0.9973567534509891	0.9981248336653408	0.9986945196245145	0.9966134860955157	0.9973567534509891	0.9985935025366879	0.989025860865789	0.9985124675591149	0.9890363727204894	0.9892354350830979
0.9966386899103727	0.9834517523850775	0.9808277680670977	0.9987283459121574	0.9666766405615784	0.9822703385709777	0.9968393772347514	0.999317219348286	0.9979634823538923	0.987184748080929	0.9732229072611751	0.9945927310065205	0.9824589909190651	0.9996603584493993	0.9969250164070704	0.9914173398865256	1.0	0.9989168467302943	0.9992906770567654	0.9950181794473286	0.9832408221612309	0.9968393772347514	0.9993967195650956	0.9980462780423762	0.9957054967455558	0.9985659199029935	0.9992641135985781	0.9850255371784765	0.9992109230447171	0.9827669466321518	0.990077622987412
0.9991205014794821	0.998501961634499	0.9983099920020536	0.9997877103624607	0.999594046437407	0.999185919197441	0.9988346896426317	0.9985779303609132	0.9990706593321009	0.9985146973179501	0.9996980233483931	0.9996482436155701	0.9997427903770112	0.999079655391412	0.9988369944410481	0.9989757476140918	0.9989168467302943	1.0	0.9989343148086248	0.9988459274667726	0.9988155785734795	0.9991036938141508	0.9990885637808009	0.9980636271079107	0.9989888254260396	0.9994077374635107	0.9989984106452816	0.9994211611457567	0.9991894422999217	0.9991657143293875	0.9991228199076171
0.9986496679126332	0.9982729689685119	0.9983099920020536	0.9988230608590917	0.9993134114184111	0.9989100771033673	0.9982442167315222	0.9988230608590917	0.9984218153507329	0.998223040282519	0.9990143549035259	0.9992416361169655	0.999535583718521	0.999580531007025	0.9986339273218858	0.9984312348064085	0.9992906770567654	0.9989343148086248	1.0	0.9993250526969766	0.9985465538946954	0.9986828598497424	0.9989482657776539	0.9978764151796059	0.9987273005383615	0.9995241305016321	0.9990313580178338	0.9990436685685636	0.9985151814874684	0.9990374647232689	0.9991614423104679
0.9967204120266469	0.9934408249153817	0.994086241202997	0.9987815200539616	0.9918052647892637	0.9923285863472265	0.994412814777613	0.9984738715074519	0.9971802088688209	0.993118022267335	0.992248674231345	0.9947399571736701	0.993169312159453	0.9995935286914249	0.9938192846603483	0.993509090940163	0.9950181794473286	0.9988459274667726	0.9993250526969766	1.0	0.9921631745980352	0.9986685063820057	0.998114057364575	0.9977170432003833	0.9945046011439147	0.9973825388866334	0.9988137393350209	0.9919200466369433	0.9986685063820057	0.9934538120234353	0.9933789388830295
0.9974132469086269	0.975050059065619	0.9807321002135327	0.9987820691405103	0.9781404247316602	0.9774429926320596	0.9965998835961801	0.9986813379952895	0.9979675522868608	0.9858696556993888	0.9811923838591817	0.9930913622576594	0.9827542203339957	0.9986140141648266	0.9969559683682518	0.9911660285775107	0.9832408221612309	0.9988155785734795	0.9985465538946954	0.9921631745980352	1.0	0.9960220871238306	0.9982071861056467	0.9984112217782342	0.9968850560436273	0.9968495430530943	0.9987485259460159	0.9777680670035065	0.9986476930999395	0.9819267999145107	0.9888058703152693
0.997102816343192	0.9973746447322979	0.9973506737968736	0.9989591786819886	0.9970021037754928	0.9972699427626658	0.996489908541681	0.9987703664336453	0.9977648907392005	0.9965833783130268	0.9975536644104229	0.9980441992686743	0.9978844624104664	0.9993908563623325	0.9968641667500665	0.9973567534509891	0.9968393772347514	0.9991036938141508	0.9986828598497424	0.9986685063820057	0.9960220871238306	1.0	0.9985365024173204	0.9979296153745355	0.9969672285192154	0.997886922344996	0.9989591786819886	0.9967745569215021	0.9990170600144705	0.9973776986101069	0.9974588301626373
0.9983818680579172	0.9976098835738997	0.9981256119325104	0.9989482657776539	0.9988550230788115	0.9985386964452916	0.9978499543117124	0.9994090237926101	0.998202692566333	0.9976777860674356	0.9987992964809599	0.9989333897047756	0.9994575477997838	0.9993118184506439	0.9981922982306729	0.9981248336653408	0.9993967195650956	0.9990885637808009	0.9989482657776539	0.998114057364575	0.9982071861056467	0.9985365024173204	1.0	0.9979057742452009	0.9983233044932261	0.9992470301111196	0.9995059463255836	0.9989168808504845	0.9988214901670557	0.9988570814146044	0.9989484626414388
0.9984564733032459	0.9978767059715421	0.9977002945653387	0.9978523452754542	0.9980992231211924	0.9983514406542009	0.998008220416222	0.9973948484690929	0.9980999393418467	0.9977235668614759	0.9983406699601617	0.9984656024974915	0.9990118575689849	0.997922921764258	0.9977286319574715	0.9986945196245145	0.9980462780423762	0.9980636271079107	0.9978764151796059	0.9977170432003833	0.9984112217782342	0.9979296153745355	0.9979057742452009	1.0	0.9996413055287056	0.9982812290926373	0.9977532859257716	0.9984478174353834	0.9976644680703151	0.9982574161534377	0.9982020512362418
0.9977716005447503	0.9961027998906087	0.9953734460766611	0.9988660107368877	0.9956504073763021	0.9966498931856924	0.9958558718183742	0.9986963974076901	0.9975963008368579	0.9962741955888318	0.9971278669934203	0.9963960353244821	0.9974447257201502	0.9988660107368877	0.9962638899071272	0.9966134860955157	0.9957054967455558	0.9989888254260396	0.9987273005383615	0.9945046011439147	0.9968850560436273	0.9969672285192154	0.9983233044932261	0.9996413055287056	1.0	0.9975163126383669	0.9988044330955571	0.9969547082248539	0.9983545558121416	0.9970792103821633	0.9963644085821851
0.9976726513565187	0.9970356752303595	0.9974047014733595	0.9993347847675168	0.9977147862947015	0.9972375953728928	0.9971930718549714	0.9993931596996868	0.9980239426493133	0.9974709889476684	0.997949494572721	0.998255567970103	0.9986402861224095	0.9997412775587932	0.9971766606545279	0.9973567534509891	0.9985659199029935	0.9994077374635107	0.9995241305016321	0.9973825388866334	0.9968495430530943	0.997886922344996	0.9992470301111196	0.9982812290926373	0.9975163126383669	1.0	0.9995386510819674	0.9984907337459359	0.9991590436433601	0.9983624849147054	0.998162298854653
0.9989447181802086	0.998042389525129	0.9982310970447961	0.9989384187088999	0.999701356686253	0.9988176196096843	0.9987575916629673	0.9993709482545886	0.9988557799860082	0.9982455664160422	0.9992280333601334	0.9993437542008975	0.999535583718521	0.998815931410733	0.99857119509985	0.9985935025366879	0.9992641135985781	0.9989984106452816	0.9990313580178338	0.9988137393350209	0.9987485259460159	0.9989591786819886	0.9995059463255836	0.9977532859257716	0.9988044330955571	0.9995386510819674	1.0	0.9990014596112256	0.9990935796420077	0.9992934719783617	0.9990454404699349
0.9981458435371545	0.9721620888738133	0.9806170440271266	0.9993794281701195	0.9791851319156712	0.9805432245835399	0.9966387995279127	0.9989168808504845	0.9987044891822665	0.9857269690982648	0.9826191158496448	0.9934025435584125	0.9833733245783294	0.9991279263266	0.9981458435371545	0.989025860865789	0.9850255371784765	0.9994211611457567	0.9990436685685636	0.9919200466369433	0.9777680670035065	0.9967745569215021	0.9989168808504845	0.9984478174353834	0.9969547082248539	0.9984907337459359	0.9990014596112256	1.0	0.9992119714554596	0.9831010711576708	0.9926951431213226
0.9985309116861268	0.9982729689685119	0.9980462780423762	0.9989699207925635	0.9991395304201628	0.9987867433014223	0.9984162230672013	0.9985125346949195	0.998480005238054	0.9979288041648197	0.9992043588966976	0.9993097496124779	0.9993009254358897	0.9992031144689547	0.9982557480540186	0.9985124675591149	0.9992109230447171	0.9991894422999217	0.9985151814874684	0.9986685063820057	0.9986476930999395	0.9990170600144705	0.9988214901670557	0.9976644680703151	0.9983545558121416	0.9991590436433601	0.9990935796420077	0.9992119714554596	1.0	0.9987016855037574	0.9987927082271115
0.9975931099478417	0.9819256664163346	0.9796932498541558	0.9990631541860365	0.981708932005137	0.983075438956	0.9965849173848506	0.999140103887832	0.9985194686863136	0.9863208816348181	0.9829868728182728	0.9941160578290542	0.9831317287503295	0.9990374647232689	0.9969973371306319	0.9890363727204894	0.9827669466321518	0.9991657143293875	0.9990374647232689	0.9934538120234353	0.9819267999145107	0.9973776986101069	0.9988570814146044	0.9982574161534377	0.9970792103821633	0.9983624849147054	0.9992934719783617	0.9831010711576708	0.9987016855037574	1.0	0.9907628600762322
0.9979027441063518	0.9888451577629297	0.9894164701463857	0.9990648021914894	0.9876696352418779	0.9915309754399465	0.9961326753292974	0.9991807367291627	0.9981224989214083	0.9895118461494222	0.9906020961766061	0.9934706954577328	0.9920164992388185	0.9992385530122526	0.9969057992811193	0.9892354350830979	0.990077622987412	0.9991228199076171	0.9991614423104679	0.9933789388830295	0.9888058703152693	0.9974588301626373	0.9989484626414388	0.9982020512362418	0.9963644085821851	0.998162298854653	0.9990454404699349	0.9926951431213226	0.9987927082271115	0.9907628600762322	1.0
