/home/jshaw/scratch/2022_sketched_distance/references/SGB_genome_fastas_part1_redo/1782/Bengtsson-PalmeJ_2015__TRAVELRES17__bin.14.fa	/home/jshaw/scratch/2022_sketched_distance/references/SGB_genome_fastas_part1_redo/1782/Bengtsson-PalmeJ_2015__TRAVELRES18__bin.150.fa	/home/jshaw/scratch/2022_sketched_distance/references/SGB_genome_fastas_part1_redo/1782/Bengtsson-PalmeJ_2015__TRAVELRES25__bin.119.fa	/home/jshaw/scratch/2022_sketched_distance/references/SGB_genome_fastas_part1_redo/1782/Bengtsson-PalmeJ_2015__TRAVELRES26__bin.89.fa	/home/jshaw/scratch/2022_sketched_distance/references/SGB_genome_fastas_part1_redo/1782/Bengtsson-PalmeJ_2015__TRAVELRES55__bin.37.fa	/home/jshaw/scratch/2022_sketched_distance/references/SGB_genome_fastas_part1_redo/1782/Bengtsson-PalmeJ_2015__TRAVELRES56__bin.61.fa	/home/jshaw/scratch/2022_sketched_distance/references/SGB_genome_fastas_part1_redo/1782/Bengtsson-PalmeJ_2015__TRAVELRES63__bin.21.fa	/home/jshaw/scratch/2022_sketched_distance/references/SGB_genome_fastas_part1_redo/1782/Bengtsson-PalmeJ_2015__TRAVELRES66__bin.11.fa	/home/jshaw/scratch/2022_sketched_distance/references/SGB_genome_fastas_part1_redo/1782/CosteaPI_2017__SID713A051-11-0-0__bin.14.fa	/home/jshaw/scratch/2022_sketched_distance/references/SGB_genome_fastas_part1_redo/1782/CosteaPI_2017__SID713B014-11-0-0__bin.68.fa	/home/jshaw/scratch/2022_sketched_distance/references/SGB_genome_fastas_part1_redo/1782/HMP_2012__SRS015663__bin.27.fa	/home/jshaw/scratch/2022_sketched_distance/references/SGB_genome_fastas_part1_redo/1782/HMP_2012__SRS051031__bin.1.fa	/home/jshaw/scratch/2022_sketched_distance/references/SGB_genome_fastas_part1_redo/1782/LeChatelierE_2013__MH0006__bin.78.fa	/home/jshaw/scratch/2022_sketched_distance/references/SGB_genome_fastas_part1_redo/1782/LeChatelierE_2013__MH0151__bin.16.fa	/home/jshaw/scratch/2022_sketched_distance/references/SGB_genome_fastas_part1_redo/1782/LeChatelierE_2013__MH0157__bin.32.fa	/home/jshaw/scratch/2022_sketched_distance/references/SGB_genome_fastas_part1_redo/1782/LeChatelierE_2013__MH0250__bin.4.fa	/home/jshaw/scratch/2022_sketched_distance/references/SGB_genome_fastas_part1_redo/1782/LeChatelierE_2013__MH0288__bin.27.fa	/home/jshaw/scratch/2022_sketched_distance/references/SGB_genome_fastas_part1_redo/1782/LeChatelierE_2013__MH0417__bin.59.fa	/home/jshaw/scratch/2022_sketched_distance/references/SGB_genome_fastas_part1_redo/1782/LeChatelierE_2013__MH0436__bin.17.fa	/home/jshaw/scratch/2022_sketched_distance/references/SGB_genome_fastas_part1_redo/1782/LeChatelierE_2013__MH0438__bin.16.fa	/home/jshaw/scratch/2022_sketched_distance/references/SGB_genome_fastas_part1_redo/1782/LeChatelierE_2013__MH0447__bin.102.fa	/home/jshaw/scratch/2022_sketched_distance/references/SGB_genome_fastas_part1_redo/1782/LeChatelierE_2013__MH0454__bin.24.fa	/home/jshaw/scratch/2022_sketched_distance/references/SGB_genome_fastas_part1_redo/1782/LiJ_2014__MH0361__bin.10.fa	/home/jshaw/scratch/2022_sketched_distance/references/SGB_genome_fastas_part1_redo/1782/LiJ_2014__V1.CD43-0__bin.36.fa	/home/jshaw/scratch/2022_sketched_distance/references/SGB_genome_fastas_part1_redo/1782/LiJ_2017__nHM410727__bin.64.fa	/home/jshaw/scratch/2022_sketched_distance/references/SGB_genome_fastas_part1_redo/1782/NielsenHB_2014__MH0157__bin.26.fa	/home/jshaw/scratch/2022_sketched_distance/references/SGB_genome_fastas_part1_redo/1782/NielsenHB_2014__V1_UC54_0__bin.97.fa	/home/jshaw/scratch/2022_sketched_distance/references/SGB_genome_fastas_part1_redo/1782/VogtmannE_2016__MMRS18295921ST-27-0-0__bin.76.fa	/home/jshaw/scratch/2022_sketched_distance/references/SGB_genome_fastas_part1_redo/1782/WenC_2017__N244__bin.55.fa	/home/jshaw/scratch/2022_sketched_distance/references/SGB_genome_fastas_part1_redo/1782/WenC_2017__RA123__bin.6.fa	/home/jshaw/scratch/2022_sketched_distance/references/SGB_genome_fastas_part1_redo/1782/XieH_2016__YSZC12003_36051__bin.26.fa	/home/jshaw/scratch/2022_sketched_distance/references/SGB_genome_fastas_part1_redo/1782/XieH_2016__YSZC12003_37264__bin.82.fa	/home/jshaw/scratch/2022_sketched_distance/references/SGB_genome_fastas_part1_redo/1782/ZeeviD_2015__PNP_Main_548__bin.50.fa
1.0	0.9957588407298497	0.9793262584421815	0.9826508187199646	0.9815835834918172	0.9814881541732795	0.9825033807361452	0.9818977869366373	0.9839424177256181	0.9828852180775215	0.996486718263055	0.9966162479070099	0.9925434566891322	0.9955279115272454	0.995242759809099	0.9963789480510723	0.9930279663529358	0.9960807135582388	0.9944664354640242	0.9944223561945211	0.9954408699618577	0.9940982449891282	0.9892000264957941	0.9956730663196351	0.9826482242608575	0.9955863576411077	0.9930610785909245	0.9949016539623594	0.981911746122532	0.9778533765052305	0.993508730243755	0.995121855570569	0.9961236565850403
0.9957588407298497	1.0	0.978541019087149	0.9833801308745973	0.9819753239374397	0.9821475633763294	0.9826116486592438	0.9823387001034116	0.9845537790723432	0.983469722052163	0.9970884148770561	0.9969641646992418	0.9935794270621555	0.9969271981276143	0.99609594309791	0.9971225958106666	0.9939321439696298	0.9969045649564201	0.9953822520417009	0.9955123219598054	0.9960437791588187	0.9946218467633993	0.9902732123991485	0.9965697574070836	0.9829266423128662	0.9963700142211566	0.9940676186381073	0.9954460465441652	0.9827050340784891	0.9783883709410137	0.9947560457116643	0.9954606845675865	0.9965939694293322
0.9793262584421815	0.978541019087149	1.0	0.9957855804106152	0.9937139421153576	0.9947052982873187	0.9951810906408662	0.994669782714055	0.9967602477377477	0.9951450127845293	0.9815206619358616	0.9819932799835066	0.9781912002905812	0.9819653842695761	0.9826925384274853	0.9826643365805229	0.979815797446985	0.9824046392466127	0.9803406739792112	0.9816524107380562	0.9807635140347211	0.980383386406727	0.9769494036205127	0.9818086474636032	0.9953457933449981	0.9843381552125878	0.9795247145764191	0.9807230444317905	0.9948245063183929	0.9907984444178536	0.9799365822045206	0.9801194406248964	0.9828224294215341
0.9826508187199646	0.9833801308745973	0.9957855804106152	1.0	0.9968531084863544	0.9979046644792706	0.9986984801879573	0.9979164227461907	0.9984627807337357	0.9968617411080175	0.9847662220694536	0.9848479633281632	0.9805372347628369	0.9831644769872998	0.9846247571723336	0.9844171284447772	0.9810402099294958	0.9841426246437407	0.9818433438996637	0.9834617695958164	0.9829225018917058	0.9820917535698066	0.9782421129981356	0.9837354979904266	0.9975815349875945	0.9854603666915784	0.9814359086772877	0.9824481096065943	0.9980974486483316	0.9924178174050325	0.9821271424315177	0.9825015409825416	0.9847764208257512
0.9815835834918172	0.9819753239374397	0.9937139421153576	0.9968531084863544	1.0	0.9964596821647875	0.9969102942884362	0.9951604171890852	0.9945404574450417	0.9929023325873859	0.9827888742795613	0.9818853375930033	0.9763787698281979	0.9794828370382436	0.9806170720956904	0.9805138966259274	0.9774837755978788	0.9805692150104119	0.9781279051022788	0.9795172038917396	0.9794704875354796	0.978419200262979	0.9763862396360473	0.979511678909807	0.9934716597052148	0.9817424247301357	0.9774946524170565	0.9785321768821317	0.9956585652953562	0.9887273413506079	0.9779115033272944	0.9796317866284868	0.9808951913117108
0.9814881541732795	0.9821475633763294	0.9947052982873187	0.9979046644792706	0.9964596821647875	1.0	0.9976625290306652	0.9977042554511664	0.9978345004644301	0.9962119227413742	0.9838788642032702	0.9840631522359075	0.9801402339993034	0.9829130012292996	0.9837532655568866	0.9837208178748629	0.9807562121137662	0.9836113655214399	0.9815009963072354	0.9831275699723927	0.9820063073476581	0.9814153813444773	0.9777537555601604	0.9832283907170984	0.9967762506881311	0.9842584107818085	0.9810827979392646	0.981637215404683	0.9973426385366487	0.9915794758204126	0.9817822838931599	0.9815312149176393	0.9841560950086382
0.9825033807361452	0.9826116486592438	0.9951810906408662	0.9986984801879573	0.9969102942884362	0.9976625290306652	1.0	0.9978016668263977	0.9983068193576349	0.9970085032449041	0.9845147948155549	0.9845044252686154	0.9802870591818228	0.9833393688263755	0.9843499673287477	0.9845265551309829	0.9812047433743444	0.984333696141038	0.9819283741181603	0.9832459122786851	0.983133578210087	0.9821820924853205	0.9780054193022896	0.9837669332680629	0.9977029943015929	0.9850991898697062	0.9812345981368203	0.982416685342584	0.997921381203687	0.9923424766717577	0.9817822838931599	0.9830533948755928	0.9853064669722819
0.9818977869366373	0.9823387001034116	0.994669782714055	0.9979164227461907	0.9951604171890852	0.9977042554511664	0.9978016668263977	1.0	0.9968692489079894	0.9959105746213412	0.9839916141869521	0.9834379676278368	0.9792451468670854	0.9827104216040472	0.9828992086025143	0.9831724468956804	0.9804457379261041	0.98313728774459	0.9809806624655247	0.9826097560505718	0.9817585712526773	0.9810438680635176	0.9778318245858659	0.9827133136217667	0.9963516039218624	0.9836133785959361	0.9803994709535805	0.9813786204353171	0.9968540550334752	0.9910190008193706	0.9812269862212742	0.981428157656179	0.9836069790055465
0.9839424177256181	0.9845537790723432	0.9967602477377477	0.9984627807337357	0.9945404574450417	0.9978345004644301	0.9983068193576349	0.9968692489079894	1.0	0.9775265829784183	0.9859206733591159	0.9854627957461614	0.9722246593144468	0.9683938452988574	0.9766379178484696	0.981693766601751	0.9699974978007275	0.9809085342381878	0.9718380224885387	0.9748092698312828	0.9837540667871796	0.9763006661352903	0.9809967190600436	0.9819228542962577	0.9965228445272982	0.9697144995366241	0.9794949730588989	0.9804042766719115	0.997391106048155	0.9828235033407264	0.974091570090919	0.9829620191488537	0.9640046792743915
0.9828852180775215	0.983469722052163	0.9951450127845293	0.9968617411080175	0.9929023325873859	0.9962119227413742	0.9970085032449041	0.9959105746213412	0.9775265829784183	1.0	0.9849001709533994	0.9843139518142003	0.9739634564861472	0.9681564893357165	0.9726832841999532	0.9823186822409802	0.969455227344085	0.9808280090439443	0.9726448564421445	0.9761409000054919	0.983192686568778	0.9765526059475503	0.9802548155066905	0.9815379691902684	0.9959105746213412	0.9662925236303227	0.9769591697044699	0.9793913457749094	0.9967143278863074	0.9825748367355936	0.9723745791185247	0.9824327761162166	0.9687082709191234
0.996486718263055	0.9970884148770561	0.9815206619358616	0.9847662220694536	0.9827888742795613	0.9838788642032702	0.9845147948155549	0.9839916141869521	0.9859206733591159	0.9849001709533994	1.0	0.9989098629369094	0.9941336307881603	0.996545311899824	0.9972760589998372	0.9975987701364312	0.9946879849343977	0.9973035950365489	0.9954668275137887	0.9963830349380136	0.9968124693275765	0.995392064947383	0.9911506234542996	0.9973284736606315	0.9845908798227283	0.9971175806389767	0.9947890169988494	0.9959190859023676	0.9840218050562575	0.979898621469223	0.9953422711533965	0.9962976210737746	0.9974605290791018
0.9966162479070099	0.9969641646992418	0.9819932799835066	0.9848479633281632	0.9818853375930033	0.9840631522359075	0.9845044252686154	0.9834379676278368	0.9854627957461614	0.9843139518142003	0.9989098629369094	1.0	0.9939959465661784	0.995972617975192	0.9970084544691836	0.997026536916974	0.9941068863397875	0.9964897008783834	0.9948845509590097	0.9956207272919355	0.9961951711290074	0.9946218467633993	0.9916407034393556	0.9966549198015111	0.9836624852180805	0.996682024667292	0.9943738753214765	0.9954672143130308	0.9833830361519335	0.9795219885621681	0.9950163540577649	0.9952868618983748	0.9967058604838818
0.9925434566891322	0.9935794270621555	0.9781912002905812	0.9805372347628369	0.9763787698281979	0.9801402339993034	0.9802870591818228	0.9792451468670854	0.9722246593144468	0.9739634564861472	0.9941336307881603	0.9939959465661784	1.0	0.9850388279769985	0.9850712623358304	0.9899348289077977	0.9830286238807381	0.9889049108743383	0.9841246742792469	0.9845770074606929	0.9926729453284585	0.9855353376966607	0.9899036139706999	0.9903225446987237	0.9791152503523946	0.9857159401422692	0.9884674573515235	0.9897784580791217	0.9791152503523946	0.9665841133767735	0.9831208772947594	0.991384536551644	0.9850425134443117
0.9955279115272454	0.9969271981276143	0.9819653842695761	0.9831644769872998	0.9794828370382436	0.9829130012292996	0.9833393688263755	0.9827104216040472	0.9683938452988574	0.9681564893357165	0.996545311899824	0.995972617975192	0.9850388279769985	1.0	0.9868119333253972	0.9944249676139937	0.9820691615172312	0.9941209528160138	0.9862010256250452	0.9884090153001267	0.9962770387031495	0.9888122969816439	0.9937596803683445	0.9945670742328495	0.9820691615172312	0.9843912106960125	0.9911139454487959	0.9922928261133269	0.9824810118990093	0.9703146267331477	0.9853918246369252	0.994192737010795	0.9827940594046494
0.995242759809099	0.99609594309791	0.9826925384274853	0.9846247571723336	0.9806170720956904	0.9837532655568866	0.9843499673287477	0.9828992086025143	0.9766379178484696	0.9726832841999532	0.9972760589998372	0.9970084544691836	0.9850712623358304	0.9868119333253972	1.0	0.9924814550615778	0.9835128838332572	0.9914650277022373	0.9844408043913127	0.9868903048973925	0.9959991433857014	0.9883183623998156	0.9931219936327287	0.9921409195309266	0.9826925384274853	0.9969549154223958	0.9918596676390614	0.992696348463543	0.9834305289347918	0.9697589638783005	0.9860214769980633	0.9944977198680148	0.9825089996039441
0.9963789480510723	0.9971225958106666	0.9826643365805229	0.9844171284447772	0.9805138966259274	0.9837208178748629	0.9845265551309829	0.9831724468956804	0.981693766601751	0.9823186822409802	0.9975987701364312	0.997026536916974	0.9899348289077977	0.9944249676139937	0.9924814550615778	1.0	0.991657764223039	0.9942751858455037	0.9930585823587237	0.9935555125378954	0.9968013137901963	0.9916879490171648	0.9935595263113252	0.9951352484319942	0.9832049592148903	0.9943358497613186	0.9899788343485079	0.9928276657672302	0.9832049592148903	0.9755455167581784	0.9903175977986567	0.9955959566884883	0.9956081227600659
0.9930279663529358	0.9939321439696298	0.979815797446985	0.9810402099294958	0.9774837755978788	0.9807562121137662	0.9812047433743444	0.9804457379261041	0.9699974978007275	0.969455227344085	0.9946879849343977	0.9941068863397875	0.9830286238807381	0.9820691615172312	0.9835128838332572	0.991657764223039	1.0	0.9903350174589328	0.9834253670591989	0.9855256106270434	0.9942018133803837	0.9880370760329272	0.9914867146111799	0.9918618622162242	0.9795455831075158	0.9825934024912296	0.9886968087765658	0.9907760043512537	0.9798891058917227	0.9657778949923015	0.9835128838332572	0.9928803210165199	0.980865099730732
0.9960807135582388	0.9969045649564201	0.9824046392466127	0.9841426246437407	0.9805692150104119	0.9836113655214399	0.984333696141038	0.98313728774459	0.9809085342381878	0.9808280090439443	0.9973035950365489	0.9964897008783834	0.9889049108743383	0.9941209528160138	0.9914650277022373	0.9942751858455037	0.9903350174589328	1.0	0.9919345577609495	0.9928570889879138	0.9959581449169175	0.9902939392949356	0.9930428967986132	0.9939565657995029	0.9828893575760659	0.9931584220623473	0.9898055585494645	0.9921032908327146	0.9832359369598811	0.9745485442545632	0.9901599312106225	0.9953270438708929	0.9946713624162982
0.9944664354640242	0.9953822520417009	0.9803406739792112	0.9818433438996637	0.9781279051022788	0.9815009963072354	0.9819283741181603	0.9809806624655247	0.9718380224885387	0.9726448564421445	0.9954668275137887	0.9948845509590097	0.9841246742792469	0.9862010256250452	0.9844408043913127	0.9930585823587237	0.9834253670591989	0.9919345577609495	1.0	0.9869388932601697	0.9949418105166842	0.9880321744045006	0.9921997490531832	0.9926472840237961	0.980496305098015	0.9855884019396551	0.9901982102406833	0.9919188918432396	0.9811550284700895	0.9673699861234236	0.9838054679840402	0.9936140401284906	0.9858539598745697
0.9944223561945211	0.9955123219598054	0.9816524107380562	0.9834617695958164	0.9795172038917396	0.9831275699723927	0.9832459122786851	0.9826097560505718	0.9748092698312828	0.9761409000054919	0.9963830349380136	0.9956207272919355	0.9845770074606929	0.9884090153001267	0.9868903048973925	0.9935555125378954	0.9855256106270434	0.9928570889879138	0.9869388932601697	1.0	0.9955258920084247	0.9882743325142713	0.9932081424723037	0.9934112176051161	0.9822057917163539	0.9880496625493355	0.99025768048561	0.9915982111422457	0.9824487678073075	0.9688904406151985	0.9847090770012177	0.9940981710731198	0.9896586564581004
0.9954408699618577	0.9960437791588187	0.9807635140347211	0.9829225018917058	0.9794704875354796	0.9820063073476581	0.983133578210087	0.9817585712526773	0.9837540667871796	0.983192686568778	0.9968124693275765	0.9961951711290074	0.9926729453284585	0.9962770387031495	0.9959991433857014	0.9968013137901963	0.9942018133803837	0.9959581449169175	0.9949418105166842	0.9955258920084247	1.0	0.9940605264076916	0.9915297411353824	0.9963236922416429	0.9820092413116294	0.9961665519295895	0.9930140569752558	0.9941285772498529	0.9815384122181416	0.9778768206054815	0.9944381766964665	0.9945402695432557	0.9966499620629242
0.9940982449891282	0.9946218467633993	0.980383386406727	0.9820917535698066	0.978419200262979	0.9814153813444773	0.9821820924853205	0.9810438680635176	0.9763006661352903	0.9765526059475503	0.995392064947383	0.9946218467633993	0.9855353376966607	0.9888122969816439	0.9883183623998156	0.9916879490171648	0.9880370760329272	0.9902939392949356	0.9880321744045006	0.9882743325142713	0.9940605264076916	1.0	0.9915253702095967	0.9914846002464255	0.9812301521850384	0.9903839221271107	0.9884829391688956	0.990991396350459	0.9808753002086796	0.9713309333005037	0.9863261865774624	0.9936172737774651	0.987022284816304
0.9892000264957941	0.9902732123991485	0.9769494036205127	0.9782421129981356	0.9763862396360473	0.9777537555601604	0.9780054193022896	0.9778318245858659	0.9809967190600436	0.9802548155066905	0.9911506234542996	0.9916407034393556	0.9899036139706999	0.9937596803683445	0.9931219936327287	0.9935595263113252	0.9914867146111799	0.9930428967986132	0.9921997490531832	0.9932081424723037	0.9915297411353824	0.9915253702095967	1.0	0.9930180364274497	0.9787619617464439	0.9941589247239326	0.9903701627657179	0.991132764525143	0.9777748093515235	0.9749356229130963	0.9905683084329264	0.9918519496194254	0.9930279577964773
0.9956730663196351	0.9965697574070836	0.9818086474636032	0.9837354979904266	0.979511678909807	0.9832283907170984	0.9837669332680629	0.9827133136217667	0.9819228542962577	0.9815379691902684	0.9973284736606315	0.9966549198015111	0.9903225446987237	0.9945670742328495	0.9921409195309266	0.9951352484319942	0.9918618622162242	0.9939565657995029	0.9926472840237961	0.9934112176051161	0.9963236922416429	0.9914846002464255	0.9930180364274497	1.0	0.9823708389684846	0.9936224097627315	0.9900275736170903	0.9925280017296862	0.9822394245250038	0.9756711506037722	0.9910640905457487	0.9949870787970903	0.9949473277125556
0.9826482242608575	0.9829266423128662	0.9953457933449981	0.9975815349875945	0.9934716597052148	0.9967762506881311	0.9977029943015929	0.9963516039218624	0.9965228445272982	0.9959105746213412	0.9845908798227283	0.9836624852180805	0.9791152503523946	0.9820691615172312	0.9826925384274853	0.9832049592148903	0.9795455831075158	0.9828893575760659	0.980496305098015	0.9822057917163539	0.9820092413116294	0.9812301521850384	0.9787619617464439	0.9823708389684846	1.0	0.9842317861748945	0.97948923226035	0.9808057138297517	0.9966224610158472	0.9913315487206196	0.9798501584636329	0.98144925475968	0.984183310963817
0.9955863576411077	0.9963700142211566	0.9843381552125878	0.9854603666915784	0.9817424247301357	0.9842584107818085	0.9850991898697062	0.9836133785959361	0.9697144995366241	0.9662925236303227	0.9971175806389767	0.996682024667292	0.9857159401422692	0.9843912106960125	0.9969549154223958	0.9943358497613186	0.9825934024912296	0.9931584220623473	0.9855884019396551	0.9880496625493355	0.9961665519295895	0.9903839221271107	0.9941589247239326	0.9936224097627315	0.9842317861748945	1.0	0.9920427956394835	0.9931584220623473	0.9840715831681497	0.9712180957927629	0.9867434955674735	0.9945508167478181	0.9757944073740458
0.9930610785909245	0.9940676186381073	0.9795247145764191	0.9814359086772877	0.9774946524170565	0.9810827979392646	0.9812345981368203	0.9803994709535805	0.9794949730588989	0.9769591697044699	0.9947890169988494	0.9943738753214765	0.9884674573515235	0.9911139454487959	0.9918596676390614	0.9899788343485079	0.9886968087765658	0.9898055585494645	0.9901982102406833	0.99025768048561	0.9930140569752558	0.9884829391688956	0.9903701627657179	0.9900275736170903	0.97948923226035	0.9920427956394835	1.0	0.990408370512973	0.980052374266102	0.9734663681735077	0.9892790356984315	0.9919015321533267	0.9884386187519015
0.9949016539623594	0.9954460465441652	0.9807230444317905	0.9824481096065943	0.9785321768821317	0.981637215404683	0.982416685342584	0.9813786204353171	0.9804042766719115	0.9793913457749094	0.9959190859023676	0.9954672143130308	0.9897784580791217	0.9922928261133269	0.992696348463543	0.9928276657672302	0.9907760043512537	0.9921032908327146	0.9919188918432396	0.9915982111422457	0.9941285772498529	0.990991396350459	0.991132764525143	0.9925280017296862	0.9808057138297517	0.9931584220623473	0.990408370512973	1.0	0.9809375516053337	0.9747297549722268	0.991017925823251	0.9932466478519453	0.9910346165992651
0.981911746122532	0.9827050340784891	0.9948245063183929	0.9980974486483316	0.9956585652953562	0.9973426385366487	0.997921381203687	0.9968540550334752	0.997391106048155	0.9967143278863074	0.9840218050562575	0.9833830361519335	0.9791152503523946	0.9824810118990093	0.9834305289347918	0.9832049592148903	0.9798891058917227	0.9832359369598811	0.9811550284700895	0.9824487678073075	0.9815384122181416	0.9808753002086796	0.9777748093515235	0.9822394245250038	0.9966224610158472	0.9840715831681497	0.980052374266102	0.9809375516053337	1.0	0.9918408764871341	0.980956220826001	0.9811467830540684	0.983964948440641
0.9778533765052305	0.9783883709410137	0.9907984444178536	0.9924178174050325	0.9887273413506079	0.9915794758204126	0.9923424766717577	0.9910190008193706	0.9828235033407264	0.9825748367355936	0.979898621469223	0.9795219885621681	0.9665841133767735	0.9703146267331477	0.9697589638783005	0.9755455167581784	0.9657778949923015	0.9745485442545632	0.9673699861234236	0.9688904406151985	0.9778768206054815	0.9713309333005037	0.9749356229130963	0.9756711506037722	0.9913315487206196	0.9712180957927629	0.9734663681735077	0.9747297549722268	0.9918408764871341	1.0	0.9673713558778857	0.9770220224113595	0.9699952594469465
0.993508730243755	0.9947560457116643	0.9799365822045206	0.9821271424315177	0.9779115033272944	0.9817822838931599	0.9817822838931599	0.9812269862212742	0.974091570090919	0.9723745791185247	0.9953422711533965	0.9950163540577649	0.9831208772947594	0.9853918246369252	0.9860214769980633	0.9903175977986567	0.9835128838332572	0.9901599312106225	0.9838054679840402	0.9847090770012177	0.9944381766964665	0.9863261865774624	0.9905683084329264	0.9910640905457487	0.9798501584636329	0.9867434955674735	0.9892790356984315	0.991017925823251	0.980956220826001	0.9673713558778857	1.0	0.9931786055284824	0.9844002296370586
0.995121855570569	0.9954606845675865	0.9801194406248964	0.9825015409825416	0.9796317866284868	0.9815312149176393	0.9830533948755928	0.981428157656179	0.9829620191488537	0.9824327761162166	0.9962976210737746	0.9952868618983748	0.991384536551644	0.994192737010795	0.9944977198680148	0.9955959566884883	0.9928803210165199	0.9953270438708929	0.9936140401284906	0.9940981710731198	0.9945402695432557	0.9936172737774651	0.9918519496194254	0.9949870787970903	0.98144925475968	0.9945508167478181	0.9919015321533267	0.9932466478519453	0.9811467830540684	0.9770220224113595	0.9931786055284824	1.0	0.9949865645242087
0.9961236565850403	0.9965939694293322	0.9828224294215341	0.9847764208257512	0.9808951913117108	0.9841560950086382	0.9853064669722819	0.9836069790055465	0.9640046792743915	0.9687082709191234	0.9974605290791018	0.9967058604838818	0.9850425134443117	0.9827940594046494	0.9825089996039441	0.9956081227600659	0.980865099730732	0.9946713624162982	0.9858539598745697	0.9896586564581004	0.9966499620629242	0.987022284816304	0.9930279577964773	0.9949473277125556	0.984183310963817	0.9757944073740458	0.9884386187519015	0.9910346165992651	0.983964948440641	0.9699952594469465	0.9844002296370586	0.9949865645242087	1.0
