/home/jshaw/scratch/2022_sketched_distance/references/SGB_genome_fastas_part1_redo/1910/BackhedF_2015__SID326_M__bin.29.fa	/home/jshaw/scratch/2022_sketched_distance/references/SGB_genome_fastas_part1_redo/1910/Bengtsson-PalmeJ_2015__TRAVELRES13__bin.33.fa	/home/jshaw/scratch/2022_sketched_distance/references/SGB_genome_fastas_part1_redo/1910/Bengtsson-PalmeJ_2015__TRAVELRES14__bin.49.fa	/home/jshaw/scratch/2022_sketched_distance/references/SGB_genome_fastas_part1_redo/1910/Bengtsson-PalmeJ_2015__TRAVELRES5__bin.93.fa	/home/jshaw/scratch/2022_sketched_distance/references/SGB_genome_fastas_part1_redo/1910/Bengtsson-PalmeJ_2015__TRAVELRES67__bin.40.fa	/home/jshaw/scratch/2022_sketched_distance/references/SGB_genome_fastas_part1_redo/1910/Bengtsson-PalmeJ_2015__TRAVELRES68__bin.21.fa	/home/jshaw/scratch/2022_sketched_distance/references/SGB_genome_fastas_part1_redo/1910/Bengtsson-PalmeJ_2015__TRAVELRES6__bin.113.fa	/home/jshaw/scratch/2022_sketched_distance/references/SGB_genome_fastas_part1_redo/1910/FengQ_2015__SID531248__bin.18.fa	/home/jshaw/scratch/2022_sketched_distance/references/SGB_genome_fastas_part1_redo/1910/LeChatelierE_2013__MH0126__bin.46.fa	/home/jshaw/scratch/2022_sketched_distance/references/SGB_genome_fastas_part1_redo/1910/LeChatelierE_2013__MH0140__bin.7.fa	/home/jshaw/scratch/2022_sketched_distance/references/SGB_genome_fastas_part1_redo/1910/LeChatelierE_2013__MH0407__bin.66.fa	/home/jshaw/scratch/2022_sketched_distance/references/SGB_genome_fastas_part1_redo/1910/LeChatelierE_2013__MH0421__bin.47.fa	/home/jshaw/scratch/2022_sketched_distance/references/SGB_genome_fastas_part1_redo/1910/LeChatelierE_2013__MH0430__bin.55.fa	/home/jshaw/scratch/2022_sketched_distance/references/SGB_genome_fastas_part1_redo/1910/LiJ_2014__MH0323__bin.34.fa	/home/jshaw/scratch/2022_sketched_distance/references/SGB_genome_fastas_part1_redo/1910/LiJ_2014__MH0385__bin.12.fa	/home/jshaw/scratch/2022_sketched_distance/references/SGB_genome_fastas_part1_redo/1910/LiJ_2014__O2.UC31-1__bin.14.fa	/home/jshaw/scratch/2022_sketched_distance/references/SGB_genome_fastas_part1_redo/1910/NielsenHB_2014__MH0126__bin.43.fa	/home/jshaw/scratch/2022_sketched_distance/references/SGB_genome_fastas_part1_redo/1910/NielsenHB_2014__MH0140__bin.20.fa	/home/jshaw/scratch/2022_sketched_distance/references/SGB_genome_fastas_part1_redo/1910/NielsenHB_2014__O2_UC31_0__bin.33.fa	/home/jshaw/scratch/2022_sketched_distance/references/SGB_genome_fastas_part1_redo/1910/NielsenHB_2014__O2_UC31_2__bin.25.fa	/home/jshaw/scratch/2022_sketched_distance/references/SGB_genome_fastas_part1_redo/1910/QinJ_2012__CON-024__bin.30.fa	/home/jshaw/scratch/2022_sketched_distance/references/SGB_genome_fastas_part1_redo/1910/QinJ_2012__CON-099__bin.31.fa	/home/jshaw/scratch/2022_sketched_distance/references/SGB_genome_fastas_part1_redo/1910/QinJ_2012__CON-100__bin.28.fa	/home/jshaw/scratch/2022_sketched_distance/references/SGB_genome_fastas_part1_redo/1910/SchirmerM_2016__G88820__bin.24.fa	/home/jshaw/scratch/2022_sketched_distance/references/SGB_genome_fastas_part1_redo/1910/SchirmerM_2016__G88826__bin.5.fa	/home/jshaw/scratch/2022_sketched_distance/references/SGB_genome_fastas_part1_redo/1910/SchirmerM_2016__G88895__bin.6.fa	/home/jshaw/scratch/2022_sketched_distance/references/SGB_genome_fastas_part1_redo/1910/SchirmerM_2016__G89108__bin.11.fa	/home/jshaw/scratch/2022_sketched_distance/references/SGB_genome_fastas_part1_redo/1910/VatanenT_2016__G80467__bin.9.fa	/home/jshaw/scratch/2022_sketched_distance/references/SGB_genome_fastas_part1_redo/1910/VatanenT_2016__G80479__bin.8.fa	/home/jshaw/scratch/2022_sketched_distance/references/SGB_genome_fastas_part1_redo/1910/XieH_2016__YSZC12003_35734__bin.94.fa	/home/jshaw/scratch/2022_sketched_distance/references/SGB_genome_fastas_part1_redo/1910/XieH_2016__YSZC12003_35992__bin.70.fa	/home/jshaw/scratch/2022_sketched_distance/references/SGB_genome_fastas_part1_redo/1910/XieH_2016__YSZC12003_37097__bin.62.fa	/home/jshaw/scratch/2022_sketched_distance/references/SGB_genome_fastas_part1_redo/1910/XieH_2016__YSZC12003_37331__bin.3.fa	/home/jshaw/scratch/2022_sketched_distance/references/SGB_genome_fastas_part1_redo/1910/ZeeviD_2015__PNP_Main_154__bin.62.fa	/home/jshaw/scratch/2022_sketched_distance/references/SGB_genome_fastas_part1_redo/1910/ZeeviD_2015__PNP_Main_210__bin.30.fa	/home/jshaw/scratch/2022_sketched_distance/references/SGB_genome_fastas_part1_redo/1910/ZeeviD_2015__PNP_Main_586__bin.23.fa	/home/jshaw/scratch/2022_sketched_distance/references/SGB_genome_fastas_part1_redo/1910/ZeeviD_2015__PNP_Main_61__bin.10.fa	/home/jshaw/scratch/2022_sketched_distance/references/SGB_genome_fastas_part1_redo/1910/ZellerG_2014__CCIS09568613ST-4-0__bin.2.fa	/home/jshaw/scratch/2022_sketched_distance/references/SGB_genome_fastas_part1_redo/1910/ZellerG_2014__CCIS51595129ST-4-0__bin.68.fa	/home/jshaw/scratch/2022_sketched_distance/references/SGB_genome_fastas_part1_redo/1910/ZellerG_2014__CCIS51667829ST-4-0__bin.50.fa	/home/jshaw/scratch/2022_sketched_distance/references/SGB_genome_fastas_part1_redo/1910/ZellerG_2014__CCIS87290971ST-4-0__bin.19.fa	/home/jshaw/scratch/2022_sketched_distance/references/SGB_genome_fastas_part1_redo/1910/ZellerG_2014__CCMD86707194ST-21-0__bin.48.fa
1.0	0.98664818938889	0.9850107135198806	0.9802729985371923	0.9860843066403363	0.9834197127845667	0.986926545881585	0.9838356335828704	0.9745098717472386	0.9815148701719827	0.9844177501153922	0.9871042535411824	0.9801016164880348	0.9729274391872426	0.9823675912179122	0.9727860111021982	0.9733608703816342	0.9797396875622802	0.9573939644518731	0.9583163777717476	0.9872810065766299	0.9718884602335441	0.9686915060360253	0.9875735016699475	0.988867834407997	0.9884546186523727	0.988624288177383	0.9697543597673607	0.9857166350236806	0.9504093443316238	0.9861654558680751	0.9877477592798656	0.988624288177383	0.9836173857275082	0.9755310429482417	0.9816546674178116	0.9793012871826601	0.9813915360154833	0.972309797867175	0.978890555426117	0.9803986142185057	0.966133022731847
0.98664818938889	1.0	0.9967075123862827	0.9919456270298793	0.9896225495507948	0.9881754543011153	0.9887427075696038	0.9807838190371853	0.9693269931904883	0.987344984376332	0.9899012812288335	0.986459312272983	0.9898360223985858	0.9845144847326432	0.986585274856364	0.9700212017348377	0.9699534986789266	0.9876116975778458	0.96895989365023	0.9667977830510979	0.9876240895970336	0.9682592069075631	0.9703389796983677	0.9872471361039362	0.9864129379808246	0.9877134085554256	0.9875634646480734	0.9888636400560812	0.9886278062147955	0.9723170245127833	0.9896082235607376	0.9866365390303243	0.98829207894864	0.9852420978412831	0.9906109922543723	0.9882695293955681	0.9901213073641152	0.991988700493761	0.9908360947173952	0.9908275587537428	0.9891033257100484	0.9703471281976163
0.9850107135198806	0.9967075123862827	1.0	0.9925187792096037	0.9881519828799392	0.9872375824494397	0.9892924903539035	0.9813902829587181	0.9706978676489427	0.9874355568516658	0.9895809881057265	0.9852902888798999	0.9882157780079951	0.9826995608029551	0.987010866377364	0.9695083585425076	0.9696543482091584	0.9870860298488393	0.9689919031635678	0.9668616276076804	0.9867968873028554	0.9691303234428557	0.9691783654824895	0.9863248349199828	0.9849217926021002	0.9869733200236916	0.9864192788237377	0.9892867471126551	0.9874936181361269	0.9728519332038101	0.9884522923191627	0.9871577613397651	0.987271991170717	0.9839263745667207	0.9910903930076952	0.988605969900566	0.9907382245281755	0.9896249224477754	0.9909708719871186	0.9894078017054396	0.9896732649729412	0.9699687679396706
0.9802729985371923	0.9919456270298793	0.9925187792096037	1.0	0.9903978638303056	0.9901405311737397	0.9953450190302598	0.9873737980059866	0.9769715499232147	0.9921672471705724	0.9921451518720124	0.9916328418486793	0.981609142028413	0.9757559048155986	0.9953851296548152	0.9751306119092288	0.9747570944388374	0.990745570482413	0.9723401500168826	0.9696404666968149	0.9899521118778553	0.9764408245651708	0.9738813479540753	0.9905141733657823	0.9906300746152548	0.9919456270298793	0.9917896043547694	0.9882558430313428	0.9921672471705724	0.965660896193605	0.9911124663535585	0.9911580431324613	0.99002289524059	0.9796970478435028	0.9877799525828034	0.9913623641822127	0.9874503346918898	0.9800821410290126	0.9837310582407984	0.98711738251637	0.9918119384382379	0.9754631466599404
0.9860843066403363	0.9896225495507948	0.9881519828799392	0.9903978638303056	1.0	0.9960077406207966	0.9869447117736	0.9863025445225572	0.9752273136586281	0.9842207451695479	0.9877306964392137	0.9889636064471812	0.9891738489036975	0.9833157670497997	0.98462019066942	0.9746936544064546	0.9731362792687331	0.982399525369983	0.9661858951013496	0.9653602025612439	0.9902976541953542	0.9738163281833917	0.9703173381316565	0.9894441396012025	0.9899324639020375	0.9901082596153864	0.9918027063440685	0.9843923018465767	0.987541713785276	0.9688614142155744	0.9893844545156127	0.9906875741098371	0.9904136668757444	0.9858807021381104	0.9885088662356596	0.9853710624754505	0.9891840883039189	0.9892177569647032	0.9886734457652887	0.9887604620059923	0.9847592963011618	0.9684094128590119
0.9834197127845667	0.9881754543011153	0.9872375824494397	0.9901405311737397	0.9960077406207966	1.0	0.985960381465209	0.9845332671382119	0.9733988114512167	0.9837178592359265	0.9875744719901267	0.9878446892176457	0.987581879151172	0.9821446217733553	0.9849507873399419	0.9725504820543506	0.9720152043732458	0.9816242015641942	0.9662207779808301	0.9631473624101513	0.9883473955896911	0.9719637613765703	0.970435213871375	0.9878605154970763	0.9881284050398901	0.9889192459840409	0.9895866186352368	0.9834702898717765	0.9871730201723051	0.9694560501243841	0.9875585075780959	0.9883162002145042	0.988518444164258	0.9832285950897747	0.9881940877434313	0.9854823435895795	0.9888099756558112	0.9889205345150162	0.9879444292743603	0.9873006914492476	0.984690460231459	0.9679686293753916
0.986926545881585	0.9887427075696038	0.9892924903539035	0.9953450190302598	0.9869447117736	0.985960381465209	1.0	0.985274562192618	0.9740386335720009	0.9875610050084236	0.9893775718045644	0.9897661441949359	0.9806417863902631	0.9756809887110983	0.9911637379882775	0.9723382772615311	0.9720508223225073	0.9857713076388377	0.9664984893159287	0.965442383535429	0.9879182124231386	0.9734908992783504	0.9717316482296265	0.9888637584869776	0.9889155016702271	0.9893945617861066	0.9897325364043894	0.9832414205060902	0.9881659718914111	0.9667141163628548	0.9875789577258174	0.9890187450135396	0.9889499520577028	0.9784980177568933	0.9861914814575604	0.9871998788990538	0.9869835585016552	0.9838931237010295	0.9856551832503515	0.9813313471773121	0.9877579484920594	0.9722809898905722
0.9838356335828704	0.9807838190371853	0.9813902829587181	0.9873737980059866	0.9863025445225572	0.9845332671382119	0.985274562192618	1.0	0.9662824207022798	0.9821832118516278	0.9852066519723087	0.9825365283659697	0.9859089908798483	0.9820227281312247	0.982050040726589	0.9678449606624399	0.9661408594880698	0.981914389549327	0.9652294809540726	0.9633614118584671	0.9856089017665711	0.965231928318262	0.9668346502283149	0.9855891646004054	0.983681160569259	0.9848994741380663	0.9849083767072908	0.9842367085599203	0.984057796246334	0.9673008506920495	0.9833423470565807	0.9826726673544107	0.9850032624039294	0.9824956081039808	0.9871147691050208	0.9848550401575127	0.9875964611190404	0.9866630849214089	0.9884806132412354	0.9855463104536653	0.9832037304362345	0.9657338448876112
0.9745098717472386	0.9693269931904883	0.9706978676489427	0.9769715499232147	0.9752273136586281	0.9733988114512167	0.9740386335720009	0.9662824207022798	1.0	0.9720113987118157	0.9737373529580982	0.9704245249148232	0.9731940832424505	0.9700948887821234	0.971671245995577	0.9842806758269441	0.9991641201681705	0.971610539502629	0.983341299578957	0.9813314252773312	0.9743994663428529	0.9836253346145538	0.9815276909225056	0.9734935231562666	0.9728322107709299	0.9740386099503989	0.9733693300289831	0.9724539554195182	0.9728473367398702	0.9843238258119021	0.9733705577677443	0.9714405355903452	0.9741303040307574	0.9720277470839532	0.9758620037380391	0.9725336609331007	0.9749447178951575	0.9760701506054991	0.9766113894467149	0.9748244229976912	0.9733962671276946	0.9849829692928963
0.9815148701719827	0.987344984376332	0.9874355568516658	0.9921672471705724	0.9842207451695479	0.9837178592359265	0.9875610050084236	0.9821832118516278	0.9720113987118157	1.0	0.9866291097379579	0.9853026414375741	0.984691916682525	0.978952063081148	0.9868223940741717	0.9701966964407011	0.9706032375350931	0.9988609043525327	0.9691832969668731	0.9663148735153073	0.9838221008069458	0.9708547556618213	0.9680562470932793	0.9845213392911315	0.9845378075406561	0.9874053937117284	0.9852059893694364	0.9925760740110399	0.9893391749271575	0.971219965644818	0.9864563515192432	0.9900569538373224	0.9828659663791077	0.9785620231126171	0.9906739188416229	0.9863550213631967	0.990020715865083	0.9862422636114481	0.9901538314464946	0.9852030839369283	0.9886463094818257	0.9691984977769138
0.9844177501153922	0.9899012812288335	0.9895809881057265	0.9921451518720124	0.9877306964392137	0.9875744719901267	0.9893775718045644	0.9852066519723087	0.9737373529580982	0.9866291097379579	1.0	0.9897706278397549	0.9867878107863437	0.9809804896305677	0.9878232783494999	0.9729442477032854	0.9724292562155853	0.9854059983721785	0.9710373754972063	0.9681126671831131	0.9873257417698669	0.9726018305473645	0.9722060162347295	0.9890054374064281	0.9889756494297047	0.9902328418132734	0.9897560788077844	0.9875808432707112	0.9891836022700112	0.9714764512214896	0.9890203213074534	0.9898287598947272	0.9883286085380747	0.9830714949913724	0.9917460209664483	0.9881617555824874	0.9907382245281755	0.9896024335268953	0.9904739762399041	0.9874979155489172	0.9887229202611011	0.9712218492015781
0.9871042535411824	0.986459312272983	0.9852902888798999	0.9916328418486793	0.9889636064471812	0.9878446892176457	0.9897661441949359	0.9825365283659697	0.9704245249148232	0.9853026414375741	0.9897706278397549	1.0	0.9887780318006292	0.9835030613753111	0.9863624103565654	0.9683925973186929	0.9689006843690054	0.9852195797531916	0.9681819890142671	0.9660870141133394	0.9883169433049218	0.9697301292108945	0.9691783654824895	0.9882004368152689	0.986501302970172	0.9872218700451274	0.9879723258615013	0.9876210681439098	0.9872648850636532	0.9693652770223143	0.9866885593321848	0.9874253939087027	0.9878819328160616	0.9843455997927368	0.98976030361148	0.9879916810257082	0.9901213073641152	0.9911622445521008	0.99110510157802	0.9892556290535979	0.9870593473357739	0.9691427694754946
0.9801016164880348	0.9898360223985858	0.9882157780079951	0.981609142028413	0.9891738489036975	0.987581879151172	0.9806417863902631	0.9859089908798483	0.9731940832424505	0.984691916682525	0.9867878107863437	0.9887780318006292	1.0	0.9788053541694101	0.9842150483511959	0.9723494431814313	0.9729365293605893	0.9825494073732421	0.9578414011317901	0.9590082160400278	0.9884378090431978	0.9726769137181217	0.9686579580775097	0.98774663782369	0.9880737023464381	0.9891738489036975	0.9893112698184702	0.976252143157083	0.9884579196808738	0.9584935141171161	0.9900665931692815	0.9905229579620478	0.9881549634634453	0.9838701339573656	0.9786379231202698	0.9838007136747211	0.9805077059487757	0.9847384879970114	0.9806873475533532	0.9865116953773406	0.9838470101870959	0.9664834920701523
0.9729274391872426	0.9845144847326432	0.9826995608029551	0.9757559048155986	0.9833157670497997	0.9821446217733553	0.9756809887110983	0.9820227281312247	0.9700948887821234	0.978952063081148	0.9809804896305677	0.9835030613753111	0.9788053541694101	1.0	0.9778885363354327	0.9683946437066938	0.9679834457308256	0.9765011565645837	0.9531950388191229	0.9536691271736151	0.9851866403778378	0.9680961112394276	0.9649481074149544	0.9832452548470386	0.9834329513481356	0.984897061042133	0.9847850007302539	0.9704453855729803	0.982866605796292	0.956111807987737	0.9844465058940143	0.9857146314127431	0.9833861278881678	0.9791393358320692	0.9709668204771382	0.9790592076348649	0.9751674542371419	0.9796413064674271	0.9771282724836594	0.982241810966481	0.979166001574435	0.9611805058023242
0.9823675912179122	0.986585274856364	0.987010866377364	0.9953851296548152	0.98462019066942	0.9849507873399419	0.9911637379882775	0.982050040726589	0.971671245995577	0.9868223940741717	0.9878232783494999	0.9863624103565654	0.9842150483511959	0.9778885363354327	1.0	0.9702368324855771	0.9699474430841136	0.9857923973202058	0.9697820044457257	0.9666376160741946	0.9846577615418088	0.9705755328552642	0.9685707966329249	0.9853239053667501	0.9855702663170021	0.9874928144672893	0.9869638494327696	0.9878613907425218	0.9868223940741717	0.9693652770223143	0.9851917533652207	0.9869952015270869	0.9848590276831882	0.9788992134495693	0.9910075172098533	0.9859286816305202	0.9896356468517815	0.9863665946483902	0.9900848231377791	0.9829006644841963	0.9873478319374325	0.9705613632547079
0.9727860111021982	0.9700212017348377	0.9695083585425076	0.9751306119092288	0.9746936544064546	0.9725504820543506	0.9723382772615311	0.9678449606624399	0.9842806758269441	0.9701966964407011	0.9729442477032854	0.9683925973186929	0.9723494431814313	0.9683946437066938	0.9702368324855771	1.0	0.982200856683009	0.9701057191726876	0.9948598308239393	0.9937647105992683	0.9720661585120011	0.984055994312305	0.9804379299389393	0.971847093630534	0.972339811678875	0.971668601600952	0.9721394629659666	0.9707469566353998	0.9707750800521053	0.9825846676539092	0.9724349528361729	0.9729173310925955	0.972895042059398	0.9720001091024363	0.9753308375172066	0.9713685431484652	0.9725947591711648	0.9746807981994501	0.9757669150456402	0.9738078893520306	0.971482315688568	0.9845340887293168
0.9733608703816342	0.9699534986789266	0.9696543482091584	0.9747570944388374	0.9731362792687331	0.9720152043732458	0.9720508223225073	0.9661408594880698	0.9991641201681705	0.9706032375350931	0.9724292562155853	0.9689006843690054	0.9729365293605893	0.9679834457308256	0.9699474430841136	0.982200856683009	1.0	0.9701327318360504	0.9816517095175109	0.9795045020406726	0.9722067831464862	0.9830925777133628	0.9799068225043661	0.9716847321783475	0.9703835645395625	0.972130471437487	0.9711344316495731	0.9709150575713958	0.9715271630785104	0.9819735316116902	0.971923203886947	0.971167328664279	0.972778250606162	0.9693808111621277	0.9751966790146045	0.9707435969682632	0.9741037800272841	0.9747516944178624	0.9741218666016123	0.9730935606432148	0.9717921350418821	0.9834561959515079
0.9797396875622802	0.9876116975778458	0.9870860298488393	0.990745570482413	0.982399525369983	0.9816242015641942	0.9857713076388377	0.981914389549327	0.971610539502629	0.9988609043525327	0.9854059983721785	0.9852195797531916	0.9825494073732421	0.9765011565645837	0.9857923973202058	0.9701057191726876	0.9701327318360504	1.0	0.9676194043839924	0.9647530809890088	0.9837244402734748	0.9705618940098318	0.9680701853095226	0.9841310238826114	0.9845152705420512	0.9871181286444543	0.984997893791793	0.9911443884225994	0.9891552386300156	0.9689536121616251	0.9861577925937705	0.9899743548946003	0.9820269837688053	0.9766544131864053	0.988887098230043	0.9840958681813111	0.9872695405911406	0.9839999932010888	0.9882136122044991	0.9834309602223558	0.9864418878346733	0.9670101225290292
0.9573939644518731	0.96895989365023	0.9689919031635678	0.9723401500168826	0.9661858951013496	0.9662207779808301	0.9664984893159287	0.9652294809540726	0.983341299578957	0.9691832969668731	0.9710373754972063	0.9681819890142671	0.9578414011317901	0.9531950388191229	0.9697820044457257	0.9948598308239393	0.9816517095175109	0.9676194043839924	1.0	0.9945389573804675	0.9649405528987232	0.9835260383733166	0.9794090980018416	0.968149165944869	0.96876716747627	0.9691196249482402	0.9687349343285983	0.968873507454886	0.9691196249482402	0.9822193565524868	0.9687993684818577	0.9694682783442056	0.967182472897632	0.9556172750447763	0.9720586238481695	0.9676527705735243	0.9647029518326871	0.9611276269974985	0.9706418444501722	0.9618987109876109	0.9688957792961609	0.9844344363358144
0.9583163777717476	0.9667977830510979	0.9668616276076804	0.9696404666968149	0.9653602025612439	0.9631473624101513	0.965442383535429	0.9633614118584671	0.9813314252773312	0.9663148735153073	0.9681126671831131	0.9660870141133394	0.9590082160400278	0.9536691271736151	0.9666376160741946	0.9937647105992683	0.9795045020406726	0.9647530809890088	0.9945389573804675	1.0	0.9638903759352601	0.9815147189885463	0.9759482726334521	0.9660216142102587	0.9667977830510979	0.9681126671831131	0.9674306086236104	0.9674495209756928	0.9666054869210501	0.9801664284858088	0.9678353839449105	0.9693465519350394	0.9660870141133394	0.9559144173154295	0.9702310003724007	0.965326772485572	0.9647029518326871	0.9619804056430912	0.9696240439072898	0.9607218497087279	0.9656595207351173	0.9811676308083006
0.9872810065766299	0.9876240895970336	0.9867968873028554	0.9899521118778553	0.9902976541953542	0.9883473955896911	0.9879182124231386	0.9856089017665711	0.9743994663428529	0.9838221008069458	0.9873257417698669	0.9883169433049218	0.9884378090431978	0.9851866403778378	0.9846577615418088	0.9720661585120011	0.9722067831464862	0.9837244402734748	0.9649405528987232	0.9638903759352601	1.0	0.97292378098556	0.9685558630420448	0.988841246142085	0.9896055211494424	0.9896467038121893	0.9904061598786913	0.9855898156659308	0.9872721173495946	0.9677339989718416	0.9870502076826818	0.9892047483871041	0.9886396136665682	0.9872780845736152	0.9880128545306179	0.9876488739355	0.9904411553986455	0.9901601084253667	0.9897608624425938	0.9886225449294362	0.9857624144528032	0.9677464886990274
0.9718884602335441	0.9682592069075631	0.9691303234428557	0.9764408245651708	0.9738163281833917	0.9719637613765703	0.9734908992783504	0.965231928318262	0.9836253346145538	0.9708547556618213	0.9726018305473645	0.9697301292108945	0.9726769137181217	0.9680961112394276	0.9705755328552642	0.984055994312305	0.9830925777133628	0.9705618940098318	0.9835260383733166	0.9815147189885463	0.97292378098556	1.0	0.9833723538457576	0.9718702218346669	0.9709514410772745	0.9716464426809515	0.9728141173073372	0.971938241208806	0.9720571331132967	0.9844384621472905	0.9716755673832599	0.9715487497066237	0.9719966910421634	0.9702679591338197	0.9752302705812601	0.9719816552539325	0.9732741142789776	0.9746807981994501	0.9752639872685754	0.9730935606432148	0.9717921350418821	0.9832037304362345
0.9686915060360253	0.9703389796983677	0.9691783654824895	0.9738813479540753	0.9703173381316565	0.970435213871375	0.9717316482296265	0.9668346502283149	0.9815276909225056	0.9680562470932793	0.9722060162347295	0.9691783654824895	0.9686579580775097	0.9649481074149544	0.9685707966329249	0.9804379299389393	0.9799068225043661	0.9680701853095226	0.9794090980018416	0.9759482726334521	0.9685558630420448	0.9833723538457576	1.0	0.9705612635376006	0.9716741320677386	0.970487338507971	0.9710255735698773	0.9700656799451837	0.9691783654824895	0.9793411868326646	0.9705366406258237	0.9714114707268928	0.9690367442690017	0.9659686710181302	0.9743798855213585	0.9698100179757804	0.9717954848658724	0.9727433220214745	0.9715475105712086	0.9710291132525021	0.9707476621898418	0.9795292399313723
0.9875735016699475	0.9872471361039362	0.9863248349199828	0.9905141733657823	0.9894441396012025	0.9878605154970763	0.9888637584869776	0.9855891646004054	0.9734935231562666	0.9845213392911315	0.9890054374064281	0.9882004368152689	0.98774663782369	0.9832452548470386	0.9853239053667501	0.971847093630534	0.9716847321783475	0.9841310238826114	0.968149165944869	0.9660216142102587	0.988841246142085	0.9718702218346669	0.9705612635376006	1.0	0.9967091313612867	0.9898551457188437	0.9898284592311031	0.9860989888905355	0.9864729698214804	0.9705258988937346	0.9875775094073922	0.9889080277725808	0.9905018282418306	0.9865248567116202	0.989824871465911	0.9878207235997531	0.989246029759507	0.9894219680379962	0.9898769281529023	0.9890004368983678	0.987267950677503	0.969281910400018
0.988867834407997	0.9864129379808246	0.9849217926021002	0.9906300746152548	0.9899324639020375	0.9881284050398901	0.9889155016702271	0.983681160569259	0.9728322107709299	0.9845378075406561	0.9889756494297047	0.986501302970172	0.9880737023464381	0.9834329513481356	0.9855702663170021	0.972339811678875	0.9703835645395625	0.9845152705420512	0.96876716747627	0.9667977830510979	0.9896055211494424	0.9709514410772745	0.9716741320677386	0.9967091313612867	1.0	0.9877946227865111	0.9887486826614404	0.9856965460155204	0.9863926884605411	0.9697268495938518	0.9866742896914847	0.9875292001690741	0.9913750802953026	0.9870696103917719	0.9901245287215847	0.9877114685542085	0.989328437788241	0.9898712940244468	0.9899463721103806	0.9896096125079532	0.987267950677503	0.970050218646306
0.9884546186523727	0.9877134085554256	0.9869733200236916	0.9919456270298793	0.9901082596153864	0.9889192459840409	0.9893945617861066	0.9848994741380663	0.9740386099503989	0.9874053937117284	0.9902328418132734	0.9872218700451274	0.9891738489036975	0.984897061042133	0.9874928144672893	0.971668601600952	0.972130471437487	0.9871181286444543	0.9691196249482402	0.9681126671831131	0.9896467038121893	0.9716464426809515	0.970487338507971	0.9898551457188437	0.9877946227865111	1.0	0.9892866578168945	0.9889216572218466	0.9886278062147955	0.9714338444673685	0.9873802961948263	0.988595936835379	0.9895208101186885	0.9873472835063161	0.9912143181883856	0.9895803960630922	0.9911107161994036	0.9906649778757052	0.991833773178726	0.9887604620059923	0.9890427550569486	0.9708271773993891
0.988624288177383	0.9875634646480734	0.9864192788237377	0.9917896043547694	0.9918027063440685	0.9895866186352368	0.9897325364043894	0.9849083767072908	0.9733693300289831	0.9852059893694364	0.9897560788077844	0.9879723258615013	0.9893112698184702	0.9847850007302539	0.9869638494327696	0.9721394629659666	0.9711344316495731	0.984997893791793	0.9687349343285983	0.9674306086236104	0.9904061598786913	0.9728141173073372	0.9710255735698773	0.9898284592311031	0.9887486826614404	0.9892866578168945	1.0	0.9863297495677515	0.9872792275478797	0.9680195664944085	0.9877415198127046	0.9885762553796336	0.9902421467340294	0.9883514254513471	0.990799413429255	0.9891192601866546	0.9898186082776712	0.9905777272345219	0.9907459366872734	0.9894752092656717	0.9881361611980133	0.9702664228193064
0.9697543597673607	0.9888636400560812	0.9892867471126551	0.9882558430313428	0.9843923018465767	0.9834702898717765	0.9832414205060902	0.9842367085599203	0.9724539554195182	0.9925760740110399	0.9875808432707112	0.9876210681439098	0.976252143157083	0.9704453855729803	0.9878613907425218	0.9707469566353998	0.9709150575713958	0.9911443884225994	0.968873507454886	0.9674495209756928	0.9855898156659308	0.971938241208806	0.9700656799451837	0.9860989888905355	0.9856965460155204	0.9889216572218466	0.9863297495677515	1.0	0.9968542660930914	0.9679721470884943	0.9887861246428822	0.9931420402519514	0.9841474656850762	0.9722293396092877	0.9868804881874838	0.9869099352159986	0.9836861042594061	0.9776626652546685	0.9874492959463439	0.9825685143809356	0.9882186177955269	0.9695101318498598
0.9857166350236806	0.9886278062147955	0.9874936181361269	0.9921672471705724	0.987541713785276	0.9871730201723051	0.9881659718914111	0.984057796246334	0.9728473367398702	0.9893391749271575	0.9891836022700112	0.9872648850636532	0.9884579196808738	0.982866605796292	0.9868223940741717	0.9707750800521053	0.9715271630785104	0.9891552386300156	0.9691196249482402	0.9666054869210501	0.9872721173495946	0.9720571331132967	0.9691783654824895	0.9864729698214804	0.9863926884605411	0.9886278062147955	0.9872792275478797	0.9968542660930914	1.0	0.9713484624023409	0.9885864882822625	0.9920501741682157	0.9860950051078429	0.9831697707712135	0.9901245287215847	0.9878207235997531	0.9894721581791334	0.9920931776371171	0.9921164726490035	0.9896263744726751	0.9879173248188878	0.970050218646306
0.9504093443316238	0.9723170245127833	0.9728519332038101	0.965660896193605	0.9688614142155744	0.9694560501243841	0.9667141163628548	0.9673008506920495	0.9843238258119021	0.971219965644818	0.9714764512214896	0.9693652770223143	0.9584935141171161	0.956111807987737	0.9693652770223143	0.9825846676539092	0.9819735316116902	0.9689536121616251	0.9822193565524868	0.9801664284858088	0.9677339989718416	0.9844384621472905	0.9793411868326646	0.9705258988937346	0.9697268495938518	0.9714338444673685	0.9680195664944085	0.9679721470884943	0.9713484624023409	1.0	0.9707443981133733	0.9705258988937346	0.9682556238907823	0.9575882954236974	0.9681141967604543	0.9694560501243841	0.9624464907042005	0.9588106888058008	0.9647298700392402	0.9677817694421554	0.9710478393876109	0.9834215434823235
0.9861654558680751	0.9896082235607376	0.9884522923191627	0.9911124663535585	0.9893844545156127	0.9875585075780959	0.9875789577258174	0.9833423470565807	0.9733705577677443	0.9864563515192432	0.9890203213074534	0.9866885593321848	0.9900665931692815	0.9844465058940143	0.9851917533652207	0.9724349528361729	0.971923203886947	0.9861577925937705	0.9687993684818577	0.9678353839449105	0.9870502076826818	0.9716755673832599	0.9705366406258237	0.9875775094073922	0.9866742896914847	0.9873802961948263	0.9877415198127046	0.9887861246428822	0.9885864882822625	0.9707443981133733	1.0	0.9899459547875188	0.9881022889355697	0.9850758586384737	0.9899322045609577	0.9879140831110812	0.9891013182727593	0.990708516897436	0.9912387879964468	0.9905191048092172	0.9885233605744577	0.9705079373554685
0.9877477592798656	0.9866365390303243	0.9871577613397651	0.9911580431324613	0.9906875741098371	0.9883162002145042	0.9890187450135396	0.9826726673544107	0.9714405355903452	0.9900569538373224	0.9898287598947272	0.9874253939087027	0.9905229579620478	0.9857146314127431	0.9869952015270869	0.9729173310925955	0.971167328664279	0.9899743548946003	0.9694682783442056	0.9693465519350394	0.9892047483871041	0.9715487497066237	0.9714114707268928	0.9889080277725808	0.9875292001690741	0.988595936835379	0.9885762553796336	0.9931420402519514	0.9920501741682157	0.9705258988937346	0.9899459547875188	1.0	0.9883938224653396	0.986807146236721	0.9905479455195396	0.9890292583745189	0.9898995999224232	0.9916521376871966	0.9925039556031041	0.9909565771335929	0.9885233605744577	0.9708800792007682
0.988624288177383	0.98829207894864	0.987271991170717	0.99002289524059	0.9904136668757444	0.988518444164258	0.9889499520577028	0.9850032624039294	0.9741303040307574	0.9828659663791077	0.9883286085380747	0.9878819328160616	0.9881549634634453	0.9833861278881678	0.9848590276831882	0.972895042059398	0.972778250606162	0.9820269837688053	0.967182472897632	0.9660870141133394	0.9886396136665682	0.9719966910421634	0.9690367442690017	0.9905018282418306	0.9913750802953026	0.9895208101186885	0.9902421467340294	0.9841474656850762	0.9860950051078429	0.9682556238907823	0.9881022889355697	0.9883938224653396	1.0	0.9864893995373879	0.9897387528822543	0.9875390461549602	0.9902816187802154	0.9895799292635926	0.9893631562867501	0.9883449669192026	0.9861453105438656	0.9699415720436088
0.9836173857275082	0.9852420978412831	0.9839263745667207	0.9796970478435028	0.9858807021381104	0.9832285950897747	0.9784980177568933	0.9824956081039808	0.9720277470839532	0.9785620231126171	0.9830714949913724	0.9843455997927368	0.9838701339573656	0.9791393358320692	0.9788992134495693	0.9720001091024363	0.9693808111621277	0.9766544131864053	0.9556172750447763	0.9559144173154295	0.9872780845736152	0.9702679591338197	0.9659686710181302	0.9865248567116202	0.9870696103917719	0.9873472835063161	0.9883514254513471	0.9722293396092877	0.9831697707712135	0.9575882954236974	0.9850758586384737	0.986807146236721	0.9864893995373879	1.0	0.975960638838062	0.9804069433624002	0.9792173853781475	0.9857907373381075	0.9758025425839456	0.9815789472303884	0.9788768421888716	0.9623013318617633
0.9755310429482417	0.9906109922543723	0.9910903930076952	0.9877799525828034	0.9885088662356596	0.9881940877434313	0.9861914814575604	0.9871147691050208	0.9758620037380391	0.9906739188416229	0.9917460209664483	0.98976030361148	0.9786379231202698	0.9709668204771382	0.9910075172098533	0.9753308375172066	0.9751966790146045	0.988887098230043	0.9720586238481695	0.9702310003724007	0.9880128545306179	0.9752302705812601	0.9743798855213585	0.989824871465911	0.9901245287215847	0.9912143181883856	0.990799413429255	0.9868804881874838	0.9901245287215847	0.9681141967604543	0.9899322045609577	0.9905479455195396	0.9897387528822543	0.975960638838062	1.0	0.9910075172098533	0.9865021330449759	0.9745385399407667	0.9842009626060302	0.9834903616887509	0.9908619823508344	0.9738937622907635
0.9816546674178116	0.9882695293955681	0.988605969900566	0.9913623641822127	0.9853710624754505	0.9854823435895795	0.9871998788990538	0.9848550401575127	0.9725336609331007	0.9863550213631967	0.9881617555824874	0.9879916810257082	0.9838007136747211	0.9790592076348649	0.9859286816305202	0.9713685431484652	0.9707435969682632	0.9840958681813111	0.9676527705735243	0.965326772485572	0.9876488739355	0.9719816552539325	0.9698100179757804	0.9878207235997531	0.9877114685542085	0.9895803960630922	0.9891192601866546	0.9869099352159986	0.9878207235997531	0.9694560501243841	0.9879140831110812	0.9890292583745189	0.9875390461549602	0.9804069433624002	0.9910075172098533	1.0	0.9926159960419078	0.9862173408803757	0.989830550852397	0.985489354515206	0.987235943803447	0.968266452849959
0.9793012871826601	0.9901213073641152	0.9907382245281755	0.9874503346918898	0.9891840883039189	0.9888099756558112	0.9869835585016552	0.9875964611190404	0.9749447178951575	0.990020715865083	0.9907382245281755	0.9901213073641152	0.9805077059487757	0.9751674542371419	0.9896356468517815	0.9725947591711648	0.9741037800272841	0.9872695405911406	0.9647029518326871	0.9647029518326871	0.9904411553986455	0.9732741142789776	0.9717954848658724	0.989246029759507	0.989328437788241	0.9911107161994036	0.9898186082776712	0.9836861042594061	0.9894721581791334	0.9624464907042005	0.9891013182727593	0.9898995999224232	0.9902816187802154	0.9792173853781475	0.9865021330449759	0.9926159960419078	1.0	0.98039440252813	0.9842559874129351	0.9848381721572511	0.9902616223815504	0.9715482613007178
0.9813915360154833	0.991988700493761	0.9896249224477754	0.9800821410290126	0.9892177569647032	0.9889205345150162	0.9838931237010295	0.9866630849214089	0.9760701506054991	0.9862422636114481	0.9896024335268953	0.9911622445521008	0.9847384879970114	0.9796413064674271	0.9863665946483902	0.9746807981994501	0.9747516944178624	0.9839999932010888	0.9611276269974985	0.9619804056430912	0.9901601084253667	0.9746807981994501	0.9727433220214745	0.9894219680379962	0.9898712940244468	0.9906649778757052	0.9905777272345219	0.9776626652546685	0.9920931776371171	0.9588106888058008	0.990708516897436	0.9916521376871966	0.9895799292635926	0.9857907373381075	0.9745385399407667	0.9862173408803757	0.98039440252813	1.0	0.98392444554408	0.9895799292635926	0.9874409040036729	0.9701973219801656
0.972309797867175	0.9908360947173952	0.9909708719871186	0.9837310582407984	0.9886734457652887	0.9879444292743603	0.9856551832503515	0.9884806132412354	0.9766113894467149	0.9901538314464946	0.9904739762399041	0.99110510157802	0.9806873475533532	0.9771282724836594	0.9900848231377791	0.9757669150456402	0.9741218666016123	0.9882136122044991	0.9706418444501722	0.9696240439072898	0.9897608624425938	0.9752639872685754	0.9715475105712086	0.9898769281529023	0.9899463721103806	0.991833773178726	0.9907459366872734	0.9874492959463439	0.9921164726490035	0.9647298700392402	0.9912387879964468	0.9925039556031041	0.9893631562867501	0.9758025425839456	0.9842009626060302	0.989830550852397	0.9842559874129351	0.98392444554408	1.0	0.9870982171447715	0.9900617882658324	0.9725468417306101
0.978890555426117	0.9908275587537428	0.9894078017054396	0.98711738251637	0.9887604620059923	0.9873006914492476	0.9813313471773121	0.9855463104536653	0.9748244229976912	0.9852030839369283	0.9874979155489172	0.9892556290535979	0.9865116953773406	0.982241810966481	0.9829006644841963	0.9738078893520306	0.9730935606432148	0.9834309602223558	0.9618987109876109	0.9607218497087279	0.9886225449294362	0.9730935606432148	0.9710291132525021	0.9890004368983678	0.9896096125079532	0.9887604620059923	0.9894752092656717	0.9825685143809356	0.9896263744726751	0.9677817694421554	0.9905191048092172	0.9909565771335929	0.9883449669192026	0.9815789472303884	0.9834903616887509	0.985489354515206	0.9848381721572511	0.9895799292635926	0.9870982171447715	1.0	0.9849336277025156	0.9668975209773861
0.9803986142185057	0.9891033257100484	0.9896732649729412	0.9918119384382379	0.9847592963011618	0.984690460231459	0.9877579484920594	0.9832037304362345	0.9733962671276946	0.9886463094818257	0.9887229202611011	0.9870593473357739	0.9838470101870959	0.979166001574435	0.9873478319374325	0.971482315688568	0.9717921350418821	0.9864418878346733	0.9688957792961609	0.9656595207351173	0.9857624144528032	0.9717921350418821	0.9707476621898418	0.987267950677503	0.987267950677503	0.9890427550569486	0.9881361611980133	0.9882186177955269	0.9879173248188878	0.9710478393876109	0.9885233605744577	0.9885233605744577	0.9861453105438656	0.9788768421888716	0.9908619823508344	0.987235943803447	0.9902616223815504	0.9874409040036729	0.9900617882658324	0.9849336277025156	1.0	0.9693651082325556
0.966133022731847	0.9703471281976163	0.9699687679396706	0.9754631466599404	0.9684094128590119	0.9679686293753916	0.9722809898905722	0.9657338448876112	0.9849829692928963	0.9691984977769138	0.9712218492015781	0.9691427694754946	0.9664834920701523	0.9611805058023242	0.9705613632547079	0.9845340887293168	0.9834561959515079	0.9670101225290292	0.9844344363358144	0.9811676308083006	0.9677464886990274	0.9832037304362345	0.9795292399313723	0.969281910400018	0.970050218646306	0.9708271773993891	0.9702664228193064	0.9695101318498598	0.970050218646306	0.9834215434823235	0.9705079373554685	0.9708800792007682	0.9699415720436088	0.9623013318617633	0.9738937622907635	0.968266452849959	0.9715482613007178	0.9701973219801656	0.9725468417306101	0.9668975209773861	0.9693651082325556	1.0
