/home/jshaw/scratch/2022_sketched_distance/references/SGB_genome_fastas_part2/2091/BritoIL_2016__W1.27.ST__bin.1.fa	/home/jshaw/scratch/2022_sketched_distance/references/SGB_genome_fastas_part2/2091/HMP_2012__SRS011061__bin.29.fa	/home/jshaw/scratch/2022_sketched_distance/references/SGB_genome_fastas_part2/2091/HMP_2012__SRS011134__bin.15.fa	/home/jshaw/scratch/2022_sketched_distance/references/SGB_genome_fastas_part2/2091/HMP_2012__SRS022609__bin.67.fa	/home/jshaw/scratch/2022_sketched_distance/references/SGB_genome_fastas_part2/2091/LeChatelierE_2013__MH0198__bin.6.fa	/home/jshaw/scratch/2022_sketched_distance/references/SGB_genome_fastas_part2/2091/LiJ_2014__MH0378__bin.31.fa	/home/jshaw/scratch/2022_sketched_distance/references/SGB_genome_fastas_part2/2091/LiJ_2014__O2.UC40-1__bin.93.fa	/home/jshaw/scratch/2022_sketched_distance/references/SGB_genome_fastas_part2/2091/NielsenHB_2014__O2_UC40_0__bin.26.fa	/home/jshaw/scratch/2022_sketched_distance/references/SGB_genome_fastas_part2/2091/NielsenHB_2014__O2_UC40_2__bin.23.fa	/home/jshaw/scratch/2022_sketched_distance/references/SGB_genome_fastas_part2/2091/NielsenHB_2014__V1_CD29_0__bin.45.fa	/home/jshaw/scratch/2022_sketched_distance/references/SGB_genome_fastas_part2/2091/NielsenHB_2014__V1_UC37_0__bin.17.fa	/home/jshaw/scratch/2022_sketched_distance/references/SGB_genome_fastas_part2/2091/QinJ_2012__T2D-033__bin.32.fa	/home/jshaw/scratch/2022_sketched_distance/references/SGB_genome_fastas_part2/2091/XieH_2016__YSZC12003_35391__bin.11.fa	/home/jshaw/scratch/2022_sketched_distance/references/SGB_genome_fastas_part2/2091/XieH_2016__YSZC12003_35520__bin.90.fa	/home/jshaw/scratch/2022_sketched_distance/references/SGB_genome_fastas_part2/2091/XieH_2016__YSZC12003_35740__bin.120.fa	/home/jshaw/scratch/2022_sketched_distance/references/SGB_genome_fastas_part2/2091/XieH_2016__YSZC12003_36525__bin.8.fa	/home/jshaw/scratch/2022_sketched_distance/references/SGB_genome_fastas_part2/2091/XieH_2016__YSZC12003_37331__bin.7.fa	/home/jshaw/scratch/2022_sketched_distance/references/SGB_genome_fastas_part2/2091/ZeeviD_2015__PNP_Main_100__bin.9.fa	/home/jshaw/scratch/2022_sketched_distance/references/SGB_genome_fastas_part2/2091/ZeeviD_2015__PNP_Main_215__bin.8.fa	/home/jshaw/scratch/2022_sketched_distance/references/SGB_genome_fastas_part2/2091/ZeeviD_2015__PNP_Main_396__bin.77.fa	/home/jshaw/scratch/2022_sketched_distance/references/SGB_genome_fastas_part2/2091/ZeeviD_2015__PNP_Main_473__bin.12.fa	/home/jshaw/scratch/2022_sketched_distance/references/SGB_genome_fastas_part2/2091/ZeeviD_2015__PNP_Main_575__bin.29.fa	/home/jshaw/scratch/2022_sketched_distance/references/SGB_genome_fastas_part2/2091/ZeeviD_2015__PNP_Main_619__bin.16.fa	/home/jshaw/scratch/2022_sketched_distance/references/SGB_genome_fastas_part2/2091/ZeeviD_2015__PNP_Validation_29__bin.13.fa	/home/jshaw/scratch/2022_sketched_distance/references/SGB_genome_fastas_part2/2091/ZeeviD_2015__PNP_Validation_3__bin.20.fa	/home/jshaw/scratch/2022_sketched_distance/references/SGB_genome_fastas_part2/2091/ZellerG_2014__CCIS09568613ST-4-0__bin.28.fa	/home/jshaw/scratch/2022_sketched_distance/references/SGB_genome_fastas_part2/2091/ZellerG_2014__CCIS25399172ST-4-0__bin.32.fa	/home/jshaw/scratch/2022_sketched_distance/references/SGB_genome_fastas_part2/2091/ZellerG_2014__CCIS38765456ST-20-0__bin.8.fa	/home/jshaw/scratch/2022_sketched_distance/references/SGB_genome_fastas_part2/2091/ZellerG_2014__CCIS90443472ST-4-0__bin.80.fa
1.0	0.9931279763586377	0.9936291512462644	0.9933494284108924	0.993309274417794	0.9901496776962875	0.99151366748494	0.9927623739081427	0.9935095592257033	0.9918302924891772	0.9930268245384873	0.9917040061858088	0.9928846906660552	0.9921022691883732	0.9905233233398874	0.9924012740617535	0.9930875527137341	0.9897301644372094	0.989207997700584	0.9939656691071367	0.9928846906660552	0.9927623739081427	0.9882206673269279	0.994083628692835	0.9925369454424423	0.9943377763602183	0.9930470796451163	0.9929862771034823	0.994083628692835
0.9931279763586377	1.0	0.9943410265699809	0.9938394029800557	0.9935310983881267	0.9901782433348282	0.989874374892975	0.9934946378583763	0.994162745725144	0.992399468685261	0.9950447141021459	0.9913275714738445	0.9943410265699809	0.9934048369404157	0.9910930384481079	0.9928960647298889	0.99351287314094	0.9937612252729212	0.9901176930664028	0.9945713672537435	0.9939115301171287	0.9913470409555906	0.9936767352927829	0.9952356388363945	0.9937128013740296	0.9957167284986016	0.9939115301171287	0.9938032804376933	0.9951836773402646
0.9936291512462644	0.9943410265699809	1.0	0.9995568718022837	0.9909777419475212	0.9898385227146398	0.989525816309013	0.9919138398377744	0.9917364579035255	0.9924382729469304	0.9920903815198088	0.9914649182839812	0.9916491248161886	0.9938056086995495	0.9905313768307386	0.9936142072207793	0.9913328011249944	0.9931911128497969	0.988802735887109	0.9924593045964181	0.9918306491522393	0.9906965058616395	0.9924362891784179	0.99202098988259	0.9910668651203339	0.9921352451817558	0.9911734965211398	0.9911379909473372	0.99252928093483
0.9933494284108924	0.9938394029800557	0.9995568718022837	1.0	0.9908218664938411	0.9895639744309676	0.9892302098159417	0.9912584274146952	0.9915928039958103	0.9920873847775453	0.9917012523154567	0.9912920013399467	0.9918399751567153	0.9935389671001196	0.9899575284304021	0.9935723919548924	0.991521842857228	0.9928608718194264	0.9881023658603778	0.9920153632855369	0.9914685218409018	0.9903723035687929	0.9918931050490817	0.9916282275165831	0.990930525232662	0.9918927008291493	0.9911826808764181	0.9913437705522126	0.9923807949822375
0.993309274417794	0.9935310983881267	0.9909777419475212	0.9908218664938411	1.0	0.988503401140454	0.9889718563010887	0.9916968098137143	0.9896395481567679	0.9919302314398875	0.9915943264053068	0.9922788173543169	0.9918935686686368	0.9932894342132188	0.9900923215246691	0.9947237208317997	0.9921045168503652	0.9930264041767911	0.9879198378832907	0.9924593045964181	0.9910330599110623	0.9903531333405158	0.9914904425093756	0.9917406274762328	0.9895132817616031	0.9920008954964618	0.9898841870798313	0.9904441831469561	0.9908982103957971
0.9901496776962875	0.9901782433348282	0.9898385227146398	0.9895639744309676	0.988503401140454	1.0	0.9861867947712003	0.9905724124301846	0.9907628600762322	0.9883129430824085	0.9908576736179864	0.9882047333961604	0.9890479554346981	0.9895178394220228	0.9885643534168893	0.9899734271749584	0.9888070413616846	0.9893632539467375	0.9882584581511109	0.9897407318338207	0.9900332392655815	0.9878875943581212	0.9883850619176913	0.9897211388265384	0.990110805319869	0.9901301683823247	0.9904384424731885	0.9910653103065972	0.9910276551298361
0.99151366748494	0.989874374892975	0.989525816309013	0.9892302098159417	0.9889718563010887	0.9861867947712003	1.0	0.996136425066461	0.9993207841735133	0.9918711058380562	0.9888118572835507	0.9875423739715118	0.9890714627649945	0.9926866922817255	0.9857243950143482	0.9920745511740356	0.9889718563010887	0.9890232952234811	0.9859875838758597	0.9890913479957942	0.9897798829752656	0.9895966738974277	0.9876027724347973	0.98938819627736	0.9897409229278079	0.9900706261597318	0.9928276657672302	0.9897019168173835	0.989818797070228
0.9927623739081427	0.9934946378583763	0.9919138398377744	0.9912584274146952	0.9916968098137143	0.9905724124301846	0.996136425066461	1.0	0.9995733908268867	0.9917723275907157	0.9921831393006096	0.990551762057624	0.9916423289473983	0.9927455042356932	0.9894127808143921	0.9923578970297915	0.9914966060903516	0.9919353376126836	0.9890534485715186	0.9917330805712052	0.9925034306451506	0.9898507587567894	0.9913408478173167	0.99259185286606	0.992732838744622	0.9931695878590275	0.9947455309718312	0.9929257187467592	0.9928381853497081
0.9935095592257033	0.994162745725144	0.9917364579035255	0.9915928039958103	0.9896395481567679	0.9907628600762322	0.9993207841735133	0.9995733908268867	1.0	0.9929004085599484	0.9924749850573691	0.991598786514621	0.9911324139313094	0.9937486516337445	0.9905313768307386	0.9935095698980878	0.9913722530052991	0.99294374148182	0.9906694411687883	0.9928451049074223	0.9927460030411194	0.9907533890613452	0.9922701037650242	0.9926089834209885	0.9914769065568877	0.9928209169335642	0.9940807871631653	0.9923883396541255	0.991910834033434
0.9918302924891772	0.992399468685261	0.9924382729469304	0.9920873847775453	0.9919302314398875	0.9883129430824085	0.9918711058380562	0.9917723275907157	0.9929004085599484	1.0	0.9941758100911958	0.989753125037491	0.9922632941695319	0.9932701612599778	0.989753125037491	0.9926388363888006	0.9917723275907157	0.9906595540606072	0.9875123055031791	0.9930339913568644	0.9922242839707245	0.9929386301180763	0.9898064112448093	0.9935629967760083	0.9919105346515092	0.993898663014985	0.9924188765058705	0.9918118743121599	0.993487940046989
0.9930268245384873	0.9950447141021459	0.9920903815198088	0.9917012523154567	0.9915943264053068	0.9908576736179864	0.9888118572835507	0.9921831393006096	0.9924749850573691	0.9941758100911958	1.0	0.9918649074169554	0.9920903815198088	0.9936535050115877	0.9910767747125366	0.9930664462663168	0.991145040192038	0.993273160900608	0.9891767944828008	0.992914769720231	0.9920199705346199	0.9908668623767148	0.9933759895395888	0.9932819598247374	0.9917545858479901	0.9936194752882085	0.9920903815198088	0.9926137395974903	0.9937200628084845
0.9917040061858088	0.9913275714738445	0.9914649182839812	0.9912920013399467	0.9922788173543169	0.9882047333961604	0.9875423739715118	0.990551762057624	0.991598786514621	0.989753125037491	0.9918649074169554	1.0	0.9931643099220387	0.9908096206499827	0.9884995522587131	0.9925957699223218	0.9922975089143131	0.9916783581659674	0.9875639496943862	0.9914457499105389	0.9909239553063709	0.9893480819592082	0.9899631044188278	0.9919027504166853	0.9904926093189258	0.9918270210524331	0.9910794220995629	0.9911762186165741	0.9922975089143131
0.9928846906660552	0.9943410265699809	0.9916491248161886	0.9918399751567153	0.9918935686686368	0.9890479554346981	0.9890714627649945	0.9916423289473983	0.9911324139313094	0.9922632941695319	0.9920903815198088	0.9931643099220387	1.0	0.9933279464964775	0.9902074218957357	0.9948648652434587	0.9925328116930201	0.9934909668883475	0.98862405765814	0.992033235826552	0.991389922587343	0.9905061843818042	0.9925190698554313	0.9921429048621198	0.9904963381532382	0.9920700124642887	0.9908335707969823	0.9910873388078982	0.9915670363167173
0.9921022691883732	0.9934048369404157	0.9938056086995495	0.9935389671001196	0.9932894342132188	0.9895178394220228	0.9926866922817255	0.9927455042356932	0.9937486516337445	0.9932701612599778	0.9936535050115877	0.9908096206499827	0.9933279464964775	1.0	0.9905175843732488	0.99198687717191	0.9929407926348731	0.9905114111418293	0.9894746177049589	0.9942390566330241	0.993881399439003	0.9935771904327375	0.9905825420692326	0.9944815642176501	0.9935006996007929	0.9949979400704222	0.9933279464964775	0.9932122749943942	0.9947223105899539
0.9905233233398874	0.9910930384481079	0.9905313768307386	0.9899575284304021	0.9900923215246691	0.9885643534168893	0.9857243950143482	0.9894127808143921	0.9905313768307386	0.989753125037491	0.9910767747125366	0.9884995522587131	0.9902074218957357	0.9905175843732488	1.0	0.9901363133398072	0.9891765349674626	0.9897909213716971	0.9883158071545978	0.9904744388174024	0.9902265663276424	0.9879678348198748	0.9900523104334672	0.9915398248902113	0.9896668184581059	0.9914477324849291	0.9898802558761253	0.9899768183282684	0.9911140584717315
0.9924012740617535	0.9928960647298889	0.9936142072207793	0.9935723919548924	0.9947237208317997	0.9899734271749584	0.9920745511740356	0.9923578970297915	0.9935095698980878	0.9926388363888006	0.9930664462663168	0.9925957699223218	0.9948648652434587	0.99198687717191	0.9901363133398072	1.0	0.9944599906684444	0.9891163593972239	0.9890268979939916	0.9934046009122474	0.9929387424092991	0.9934466284429472	0.9876543653441217	0.9934676222229589	0.9926388363888006	0.9939675217087095	0.9937185150041862	0.9929600606302886	0.9938847272584936
0.9930875527137341	0.99351287314094	0.9913328011249944	0.991521842857228	0.9921045168503652	0.9888070413616846	0.9889718563010887	0.9914966060903516	0.9913722530052991	0.9917723275907157	0.991145040192038	0.9922975089143131	0.9925328116930201	0.9929407926348731	0.9891765349674626	0.9944599906684444	1.0	0.9930813981762271	0.9877362925487502	0.9915291160359021	0.9907447679158562	0.9901993694087717	0.9917241603566606	0.9912084513230296	0.9901328601969374	0.991177758215578	0.9908927969554254	0.9906414230704832	0.9914074930292297
0.9897301644372094	0.9937612252729212	0.9931911128497969	0.9928608718194264	0.9930264041767911	0.9893632539467375	0.9890232952234811	0.9919353376126836	0.99294374148182	0.9906595540606072	0.993273160900608	0.9916783581659674	0.9934909668883475	0.9905114111418293	0.9897909213716971	0.9891163593972239	0.9930813981762271	1.0	0.9888987995758118	0.9934094574395238	0.9922467352932249	0.9919921739168311	0.9899121006209831	0.9947162997860295	0.9919353376126836	0.9941092967972519	0.9922467352932249	0.9924993523880117	0.9940292965441452
0.989207997700584	0.9901176930664028	0.988802735887109	0.9881023658603778	0.9879198378832907	0.9882584581511109	0.9859875838758597	0.9890534485715186	0.9906694411687883	0.9875123055031791	0.9891767944828008	0.9875639496943862	0.98862405765814	0.9894746177049589	0.9883158071545978	0.9890268979939916	0.9877362925487502	0.9888987995758118	1.0	0.9894885328015748	0.989643303922575	0.9864922375187033	0.9876746626047243	0.9889410412458517	0.9892159233165945	0.9901983403340112	0.9899889067713137	0.989643303922575	0.9901223363574945
0.9939656691071367	0.9945713672537435	0.9924593045964181	0.9920153632855369	0.9924593045964181	0.9897407318338207	0.9890913479957942	0.9917330805712052	0.9928451049074223	0.9930339913568644	0.992914769720231	0.9914457499105389	0.992033235826552	0.9942390566330241	0.9904744388174024	0.9934046009122474	0.9915291160359021	0.9934094574395238	0.9894885328015748	1.0	0.9927578171631141	0.9908479772106865	0.9930318091696785	0.9939425248008856	0.9924416608750013	0.9943115191917473	0.9923709917352953	0.9921046295507996	0.9935352423387678
0.9928846906660552	0.9939115301171287	0.9918306491522393	0.9914685218409018	0.9910330599110623	0.9900332392655815	0.9897798829752656	0.9925034306451506	0.9927460030411194	0.9922242839707245	0.9920199705346199	0.9909239553063709	0.991389922587343	0.993881399439003	0.9902265663276424	0.9929387424092991	0.9907447679158562	0.9922467352932249	0.989643303922575	0.9927578171631141	1.0	0.9906205088554826	0.9919982587676823	0.9920732942048363	0.9978071348416012	0.9924207623126626	0.9922828564509641	0.9945847722464043	0.9925238157335128
0.9927623739081427	0.9913470409555906	0.9906965058616395	0.9903723035687929	0.9903531333405158	0.9878875943581212	0.9895966738974277	0.9898507587567894	0.9907533890613452	0.9929386301180763	0.9908668623767148	0.9893480819592082	0.9905061843818042	0.9935771904327375	0.9879678348198748	0.9934466284429472	0.9901993694087717	0.9919921739168311	0.9864922375187033	0.9908479772106865	0.9906205088554826	1.0	0.9896264173312325	0.9916135510413772	0.9906395245103066	0.9913913107777773	0.9903723035687929	0.990295555770247	0.9914655570383297
0.9882206673269279	0.9936767352927829	0.9924362891784179	0.9918931050490817	0.9914904425093756	0.9883850619176913	0.9876027724347973	0.9913408478173167	0.9922701037650242	0.9898064112448093	0.9933759895395888	0.9899631044188278	0.9925190698554313	0.9905825420692326	0.9900523104334672	0.9876543653441217	0.9917241603566606	0.9899121006209831	0.9876746626047243	0.9930318091696785	0.9919982587676823	0.9896264173312325	1.0	0.9945045823900659	0.9915756221509487	0.9938955594702689	0.9917876158328258	0.9914904425093756	0.9929298948604803
0.994083628692835	0.9952356388363945	0.99202098988259	0.9916282275165831	0.9917406274762328	0.9897211388265384	0.98938819627736	0.99259185286606	0.9926089834209885	0.9935629967760083	0.9932819598247374	0.9919027504166853	0.9921429048621198	0.9944815642176501	0.9915398248902113	0.9934676222229589	0.9912084513230296	0.9947162997860295	0.9889410412458517	0.9939425248008856	0.9920732942048363	0.9916135510413772	0.9945045823900659	1.0	0.9915818724481101	0.9941822660853179	0.991262056248844	0.9917054144124812	0.9930854880809297
0.9925369454424423	0.9937128013740296	0.9910668651203339	0.990930525232662	0.9895132817616031	0.990110805319869	0.9897409229278079	0.992732838744622	0.9914769065568877	0.9919105346515092	0.9917545858479901	0.9904926093189258	0.9904963381532382	0.9935006996007929	0.9896668184581059	0.9926388363888006	0.9901328601969374	0.9919353376126836	0.9892159233165945	0.9924416608750013	0.9978071348416012	0.9906395245103066	0.9915756221509487	0.9915818724481101	1.0	0.9918448520509684	0.9913030690187318	0.9941439873513123	0.9912794362406887
0.9943377763602183	0.9957167284986016	0.9921352451817558	0.9918927008291493	0.9920008954964618	0.9901301683823247	0.9900706261597318	0.9931695878590275	0.9928209169335642	0.993898663014985	0.9936194752882085	0.9918270210524331	0.9920700124642887	0.9949979400704222	0.9914477324849291	0.9939675217087095	0.991177758215578	0.9941092967972519	0.9901983403340112	0.9943115191917473	0.9924207623126626	0.9913913107777773	0.9938955594702689	0.9941822660853179	0.9918448520509684	1.0	0.9918795920712621	0.9919489627970637	0.9934559901458095
0.9930470796451163	0.9939115301171287	0.9911734965211398	0.9911826808764181	0.9898841870798313	0.9904384424731885	0.9928276657672302	0.9947455309718312	0.9940807871631653	0.9924188765058705	0.9920903815198088	0.9910794220995629	0.9908335707969823	0.9933279464964775	0.9898802558761253	0.9937185150041862	0.9908927969554254	0.9922467352932249	0.9899889067713137	0.9923709917352953	0.9922828564509641	0.9903723035687929	0.9917876158328258	0.991262056248844	0.9913030690187318	0.9918795920712621	1.0	0.9924223418617886	0.9915197641830035
0.9929862771034823	0.9938032804376933	0.9911379909473372	0.9913437705522126	0.9904441831469561	0.9910653103065972	0.9897019168173835	0.9929257187467592	0.9923883396541255	0.9918118743121599	0.9926137395974903	0.9911762186165741	0.9910873388078982	0.9932122749943942	0.9899768183282684	0.9929600606302886	0.9906414230704832	0.9924993523880117	0.989643303922575	0.9921046295507996	0.9945847722464043	0.990295555770247	0.9914904425093756	0.9917054144124812	0.9941439873513123	0.9919489627970637	0.9924223418617886	1.0	0.9924732797333184
0.994083628692835	0.9951836773402646	0.99252928093483	0.9923807949822375	0.9908982103957971	0.9910276551298361	0.989818797070228	0.9928381853497081	0.991910834033434	0.993487940046989	0.9937200628084845	0.9922975089143131	0.9915670363167173	0.9947223105899539	0.9911140584717315	0.9938847272584936	0.9914074930292297	0.9940292965441452	0.9901223363574945	0.9935352423387678	0.9925238157335128	0.9914655570383297	0.9929298948604803	0.9930854880809297	0.9912794362406887	0.9934559901458095	0.9915197641830035	0.9924732797333184	1.0
