/home/jshaw/scratch/2022_sketched_distance/references/SGB_genome_fastas_part4/6371/Bengtsson-PalmeJ_2015__TRAVELRES18__bin.23.fa	/home/jshaw/scratch/2022_sketched_distance/references/SGB_genome_fastas_part4/6371/Bengtsson-PalmeJ_2015__TRAVELRES27__bin.43.fa	/home/jshaw/scratch/2022_sketched_distance/references/SGB_genome_fastas_part4/6371/Bengtsson-PalmeJ_2015__TRAVELRES28__bin.101.fa	/home/jshaw/scratch/2022_sketched_distance/references/SGB_genome_fastas_part4/6371/BritoIL_2016__M1.25.ST__bin.89.fa	/home/jshaw/scratch/2022_sketched_distance/references/SGB_genome_fastas_part4/6371/BritoIL_2016__M1.52.ST__bin.24.fa	/home/jshaw/scratch/2022_sketched_distance/references/SGB_genome_fastas_part4/6371/BritoIL_2016__M2.60.ST__bin.64.fa	/home/jshaw/scratch/2022_sketched_distance/references/SGB_genome_fastas_part4/6371/BritoIL_2016__W1.26.ST__bin.34.fa	/home/jshaw/scratch/2022_sketched_distance/references/SGB_genome_fastas_part4/6371/BritoIL_2016__W3.19.ST__bin.49.fa	/home/jshaw/scratch/2022_sketched_distance/references/SGB_genome_fastas_part4/6371/CM_madagascar__V48_03_2FE__bin.32.fa	/home/jshaw/scratch/2022_sketched_distance/references/SGB_genome_fastas_part4/6371/FengQ_2015__SID31282__bin.48.fa	/home/jshaw/scratch/2022_sketched_distance/references/SGB_genome_fastas_part4/6371/HMP_2012__SRS020328__bin.68.fa	/home/jshaw/scratch/2022_sketched_distance/references/SGB_genome_fastas_part4/6371/LeChatelierE_2013__MH0125__bin.33.fa	/home/jshaw/scratch/2022_sketched_distance/references/SGB_genome_fastas_part4/6371/LeChatelierE_2013__MH0292__bin.40.fa	/home/jshaw/scratch/2022_sketched_distance/references/SGB_genome_fastas_part4/6371/NielsenHB_2014__MH0125__bin.43.fa	/home/jshaw/scratch/2022_sketched_distance/references/SGB_genome_fastas_part4/6371/NielsenHB_2014__O2_UC37_2__bin.33.fa	/home/jshaw/scratch/2022_sketched_distance/references/SGB_genome_fastas_part4/6371/QinJ_2012__NLM032__bin.4.fa	/home/jshaw/scratch/2022_sketched_distance/references/SGB_genome_fastas_part4/6371/QinJ_2012__NOM007__bin.16.fa	/home/jshaw/scratch/2022_sketched_distance/references/SGB_genome_fastas_part4/6371/QinJ_2012__T2D-043__bin.19.fa	/home/jshaw/scratch/2022_sketched_distance/references/SGB_genome_fastas_part4/6371/XieH_2016__YSZC12003_35516__bin.8.fa	/home/jshaw/scratch/2022_sketched_distance/references/SGB_genome_fastas_part4/6371/XieH_2016__YSZC12003_35734__bin.45.fa	/home/jshaw/scratch/2022_sketched_distance/references/SGB_genome_fastas_part4/6371/XieH_2016__YSZC12003_36019__bin.1.fa	/home/jshaw/scratch/2022_sketched_distance/references/SGB_genome_fastas_part4/6371/XieH_2016__YSZC12003_36051__bin.40.fa	/home/jshaw/scratch/2022_sketched_distance/references/SGB_genome_fastas_part4/6371/XieH_2016__YSZC12003_36057__bin.33.fa	/home/jshaw/scratch/2022_sketched_distance/references/SGB_genome_fastas_part4/6371/XieH_2016__YSZC12003_36702__bin.50.fa	/home/jshaw/scratch/2022_sketched_distance/references/SGB_genome_fastas_part4/6371/XieH_2016__YSZC12003_37136__bin.27.fa	/home/jshaw/scratch/2022_sketched_distance/references/SGB_genome_fastas_part4/6371/XieH_2016__YSZC12003_37205__bin.56.fa	/home/jshaw/scratch/2022_sketched_distance/references/SGB_genome_fastas_part4/6371/XieH_2016__YSZC12003_37209__bin.2.fa	/home/jshaw/scratch/2022_sketched_distance/references/SGB_genome_fastas_part4/6371/XieH_2016__YSZC12003_37233__bin.26.fa	/home/jshaw/scratch/2022_sketched_distance/references/SGB_genome_fastas_part4/6371/XieH_2016__YSZC12003_37265R1__bin.12.fa	/home/jshaw/scratch/2022_sketched_distance/references/SGB_genome_fastas_part4/6371/XieH_2016__YSZC12003_37798__bin.29.fa	/home/jshaw/scratch/2022_sketched_distance/references/SGB_genome_fastas_part4/6371/ZeeviD_2015__PNP_Main_515__bin.19.fa	/home/jshaw/scratch/2022_sketched_distance/references/SGB_genome_fastas_part4/6371/ZeeviD_2015__PNP_Main_561__bin.55.fa	/home/jshaw/scratch/2022_sketched_distance/references/SGB_genome_fastas_part4/6371/ZeeviD_2015__PNP_Main_625__bin.7.fa	/home/jshaw/scratch/2022_sketched_distance/references/SGB_genome_fastas_part4/6371/ZellerG_2014__CCIS41222843ST-4-0__bin.24.fa	/home/jshaw/scratch/2022_sketched_distance/references/SGB_genome_fastas_part4/6371/ZellerG_2014__CCMD46947453ST-21-0__bin.72.fa
1.0	0.9810924188505311	0.983750706860448	0.9839584800727842	0.9834891252097331	0.9847766584301728	0.9830662038261528	0.9844212130106225	0.9788710479194406	0.9737031058289709	0.9834365574963333	0.9834891252097331	0.9819843799984481	0.9829596151751258	0.9818742054927887	0.9822582047956119	0.9816527375324366	0.9835940084367754	0.9833311684955235	0.9839066600444292	0.9824756276398352	0.982203622752522	0.9774491980186963	0.9830129528411253	0.9833839053503317	0.9841649453606272	0.9812615245242702	0.9835416087653799	0.9827990792102668	0.9840102183574465	0.9841649453606272	0.9839066600444292	0.9648723685157184	0.9797071261362099	0.9857715137455936
0.9810924188505311	1.0	0.9982702673029004	0.9822955504811817	0.9837740128265928	0.9838427793858938	0.9828312633971253	0.9832885657472202	0.9772519299621516	0.9729832375721285	0.9816041500210063	0.9819334766775515	0.97868235189931	0.9810851830077072	0.9826536642227444	0.980252648663666	0.9789227663294333	0.9805578474180655	0.9830286238807381	0.9825823540574157	0.9819808029155254	0.9783996105781022	0.9760591108457486	0.9806337038615625	0.9819334766775515	0.9845562559317452	0.9831835994309327	0.9819069285824695	0.9839798814354663	0.9809728963209404	0.9843877825295535	0.9829373625888823	0.976332084766499	0.9759136886341565	0.9837740128265928
0.983750706860448	0.9982702673029004	1.0	0.9815718807199564	0.9847049604874322	0.9838588027746978	0.9840766285186194	0.9833348869745718	0.9795055730980744	0.9727456500990861	0.9815718807199564	0.9819183743003567	0.9790378134635801	0.9824184812508465	0.9832025891963584	0.9805457823082382	0.9793375708686393	0.9819976664959567	0.9850773109872034	0.9838525631559099	0.9842039660008218	0.9788757964276514	0.9780616373643192	0.9825037285440297	0.9823973846802557	0.9845657886800466	0.9839561118449228	0.9839258093953829	0.9842463188455667	0.9812216784729939	0.984502143047167	0.9830364623994278	0.9783505100654906	0.9763720763139071	0.9837286065684984
0.9839584800727842	0.9822955504811817	0.9815718807199564	1.0	0.9847375903849398	0.992585732518702	0.9824736661651241	0.9921895658711076	0.980512029365626	0.9699746301003533	0.9805725917308198	0.9866944995760965	0.9771240756250885	0.9877432225390606	0.980132343470294	0.9797971743532169	0.9755630995019143	0.9809070965261709	0.9838291498979005	0.9825480360968539	0.9844147095665042	0.978837638086895	0.9766052734230292	0.9800605653225115	0.979103408866017	0.9814726198756348	0.9813831263131102	0.9821253980043887	0.9799020425746839	0.9781796524649262	0.9829386243842366	0.9887786134676554	0.9765267160087926	0.9714480370500245	0.979355494941057
0.9834891252097331	0.9837740128265928	0.9847049604874322	0.9847375903849398	1.0	0.986699841516128	0.9847375903849398	0.9857333619751353	0.9793273267638304	0.9736653505884086	0.9844427468477447	0.9849974684812187	0.9808648502902497	0.9844349730495395	0.984178421041298	0.9802348108822576	0.9812661467458627	0.9822469871266599	0.986597332173223	0.9825830395929657	0.9843095069864559	0.9816983816868837	0.9780184482011143	0.9837110084117897	0.9844098223382148	0.9871574882270892	0.9829618605747583	0.986469610960071	0.9844427468477447	0.9816267379138508	0.9936790376803117	0.9856065589949783	0.9768485375218715	0.9776261173729244	0.9858596774845781
0.9847766584301728	0.9838427793858938	0.9838588027746978	0.992585732518702	0.986699841516128	1.0	0.9848814710606406	0.9928229389392892	0.9812786241903135	0.9725149450965236	0.9819982350435944	0.9873617779134151	0.9797961181035025	0.9881897952850006	0.9821004334937797	0.9805796862342474	0.9789510810888367	0.9823886082376475	0.9868805496559475	0.9838525631559099	0.9859535854731266	0.9809802539776955	0.9774517184725126	0.9819008820938664	0.9802746767346187	0.9845680782232061	0.9843514917773144	0.9831964031069648	0.9842016778057256	0.9808419170839953	0.9854695974942654	0.9891347560814273	0.9772938102572872	0.9747228356440107	0.9831724468956804
0.9830662038261528	0.9828312633971253	0.9840766285186194	0.9824736661651241	0.9847375903849398	0.9848814710606406	1.0	0.9845297697646191	0.9804689090797262	0.9713213403549992	0.9817469270423145	0.9819909704534353	0.9808601757498948	0.9821352494184471	0.9827802551138297	0.979911708917547	0.9796142454785614	0.9821403678438219	0.9841371550379159	0.9816605612121622	0.9843446120047213	0.9803893831580606	0.9767403940385687	0.9817933353441944	0.9818866031606428	0.984785925638384	0.9860682506219267	0.9842675247881357	0.9872432789640532	0.9797633158673756	0.9837490804718031	0.982746331042418	0.9758733663750304	0.975689320248305	0.9828141440913676
0.9844212130106225	0.9832885657472202	0.9833348869745718	0.9921895658711076	0.9857333619751353	0.9928229389392892	0.9845297697646191	1.0	0.9811098161828176	0.9711754123111276	0.9816218025236363	0.988268221190835	0.9804662218618458	0.9891801616895746	0.9815357448521989	0.980719969680836	0.9781205775180071	0.9823532603422103	0.9859268477472017	0.9841540729484134	0.9857525202431505	0.9795177537979871	0.9775833797248216	0.9818650724298776	0.9796054501773548	0.9828468649371623	0.9835212262306434	0.9828077551389515	0.9826008747978444	0.9790024201393277	0.985035066644692	0.9904174024409366	0.9769763807198735	0.9734218643712824	0.9810122182059074
0.9788710479194406	0.9772519299621516	0.9795055730980744	0.980512029365626	0.9793273267638304	0.9812786241903135	0.9804689090797262	0.9811098161828176	1.0	0.9687552418600301	0.977489162699092	0.9798591729475937	0.9789678872510177	0.9788320701873716	0.9792826126970743	0.9798591729475937	0.9795055730980744	0.9802089856699396	0.979193000392101	0.9778651787521678	0.9789678872510177	0.9811098161828176	0.9733616029011442	0.9778184133118197	0.9788320701873716	0.9808975733995953	0.9777715806765039	0.9792826126970743	0.9780515724659259	0.978695685403961	0.9795943326664236	0.9800345475386352	0.9697945271981037	0.9766269144189345	0.9806410499438244
0.9737031058289709	0.9729832375721285	0.9727456500990861	0.9699746301003533	0.9736653505884086	0.9725149450965236	0.9713213403549992	0.9711754123111276	0.9687552418600301	1.0	0.9731848051101043	0.9727247910461371	0.9673618659800797	0.9738405236161979	0.974661742684359	0.9690128190420226	0.9674303156215073	0.9729504233536946	0.9802349576297075	0.9719688862848964	0.9760871473173991	0.9681269991638133	0.9677329468312441	0.9733585042421655	0.9713461495905092	0.9751392712079576	0.971451366210615	0.9740099166643803	0.9710391131518754	0.9695483651308653	0.9756563598531616	0.9723102564095226	0.9634843122354956	0.9655434012325006	0.9721577858604666
0.9834365574963333	0.9816041500210063	0.9815718807199564	0.9805725917308198	0.9844427468477447	0.9819982350435944	0.9817469270423145	0.9816218025236363	0.977489162699092	0.9731848051101043	1.0	0.9806790408188769	0.9781383912363057	0.9814525858526733	0.9806081132919381	0.9785190833208973	0.9785569092592906	0.9811281386085546	0.9840348076874197	0.9824428005804838	0.9829102474982871	0.9787611872636206	0.9776708592779266	0.9813231711428271	0.988097318553462	0.9837214048208085	0.9806435962929515	0.9920960466125446	0.9822693103606698	0.9785569092592906	0.9837608829149839	0.9811363565971455	0.976070752410631	0.9755076778067804	0.9913761344823332
0.9834891252097331	0.9819334766775515	0.9819183743003567	0.9866944995760965	0.9849974684812187	0.9873617779134151	0.9819909704534353	0.988268221190835	0.9798591729475937	0.9727247910461371	0.9806790408188769	1.0	0.9782887689295415	0.9992884954915863	0.9819069952085774	0.9784399555211974	0.9779460141257893	0.9813112059054561	0.9851103950308601	0.9840204106469999	0.9841334162448571	0.9796669854982379	0.976919686962567	0.9813231711428271	0.9805215631935854	0.9842935319089255	0.9811057703522408	0.9829496156171753	0.9819408903063995	0.9803085907208969	0.9840840978760167	0.9938260842164188	0.9761362825284126	0.9756461846877282	0.9827440200405289
0.9819843799984481	0.97868235189931	0.9790378134635801	0.9771240756250885	0.9808648502902497	0.9797961181035025	0.9808601757498948	0.9804662218618458	0.9789678872510177	0.9673618659800797	0.9781383912363057	0.9782887689295415	1.0	0.979237060801597	0.976774127080124	0.9849798467680576	0.9860677363278965	0.9829837581393331	0.9804262683647789	0.9795422824456592	0.9804365022264541	0.977868876332056	0.9747000734860723	0.9785098324631781	0.9792572028215333	0.9795816181855482	0.9792063322881563	0.9815395405750242	0.9797604658139353	0.976695847337459	0.9797947788258552	0.9790020761307583	0.9746632070529112	0.9734859373815818	0.9795098039529773
0.9829596151751258	0.9810851830077072	0.9824184812508465	0.9877432225390606	0.9844349730495395	0.9881897952850006	0.9821352494184471	0.9891801616895746	0.9788320701873716	0.9738405236161979	0.9814525858526733	0.9992884954915863	0.979237060801597	1.0	0.9829430278876901	0.9794693562514133	0.979120290210752	0.9807217464073813	0.984543381193639	0.9832881173127795	0.9835993998557011	0.9800808509723141	0.9764695896206464	0.9809033950569273	0.9815613261358987	0.9853179898353989	0.9820284025756075	0.9823784499144919	0.9830469368245724	0.9814525858526733	0.9846661939071865	0.9946668137898834	0.9758073039783233	0.9765240588119913	0.9837990335288549
0.9818742054927887	0.9826536642227444	0.9832025891963584	0.980132343470294	0.984178421041298	0.9821004334937797	0.9827802551138297	0.9815357448521989	0.9792826126970743	0.974661742684359	0.9806081132919381	0.9819069952085774	0.976774127080124	0.9829430278876901	1.0	0.9779457361952825	0.9767447709927991	0.9819976664959567	0.9881407837671611	0.9811893844518649	0.985617789976833	0.9787994350677172	0.9774956646948187	0.9816493876828966	0.9824657701799068	0.9863275150131938	0.9825696565587483	0.9846057177579629	0.9817028435958892	0.9800623189833532	0.9836632939667578	0.9819794257541278	0.9742495948094259	0.9739929958830534	0.9813677883080076
0.9822582047956119	0.980252648663666	0.9805457823082382	0.9797971743532169	0.9802348108822576	0.9805796862342474	0.979911708917547	0.980719969680836	0.9798591729475937	0.9690128190420226	0.9785190833208973	0.9784399555211974	0.9849798467680576	0.9794693562514133	0.9779457361952825	1.0	0.9873791130145976	0.9835682905284148	0.9812921572697543	0.9799239814594359	0.981601508776682	0.977868876332056	0.9747000734860723	0.9786287280874943	0.9783621632114243	0.9802263205134276	0.9784220605719309	0.9810556841307374	0.9790323249275443	0.9761442418081853	0.9798314244812568	0.9800609109880972	0.9779195390814528	0.9747034606351019	0.9800124521380297
0.9816527375324366	0.9789227663294333	0.9793375708686393	0.9755630995019143	0.9812661467458627	0.9789510810888367	0.9796142454785614	0.9781205775180071	0.9795055730980744	0.9674303156215073	0.9785569092592906	0.9779460141257893	0.9860677363278965	0.979120290210752	0.9767447709927991	0.9873791130145976	1.0	0.983974715261571	0.9809560567897223	0.979156068485586	0.981217766199445	0.9783374747681043	0.9739251944683058	0.9784701040847166	0.9779260234415931	0.9778885363354327	0.9787978752853737	0.9822702384876278	0.9780479115034334	0.9742165378894609	0.9787894709205911	0.9785160424487037	0.9762016809360929	0.971006116623937	0.9767191097138704
0.9835940084367754	0.9805578474180655	0.9819976664959567	0.9809070965261709	0.9822469871266599	0.9823886082376475	0.9821403678438219	0.9823532603422103	0.9802089856699396	0.9729504233536946	0.9811281386085546	0.9813112059054561	0.9829837581393331	0.9807217464073813	0.9819976664959567	0.9835682905284148	0.983974715261571	1.0	0.9829933709230539	0.9817824411656095	0.983347184315913	0.9804229827567508	0.9768301639070537	0.9807589005920688	0.9825998981060942	0.983534193309213	0.9816381672291825	0.9832315072380478	0.9821047507823104	0.9814569256124563	0.9821759461981399	0.9810178043358153	0.976070752410631	0.9775625434254518	0.9826349809395101
0.9833311684955235	0.9830286238807381	0.9850773109872034	0.9838291498979005	0.986597332173223	0.9868805496559475	0.9841371550379159	0.9859268477472017	0.979193000392101	0.9802349576297075	0.9840348076874197	0.9851103950308601	0.9804262683647789	0.984543381193639	0.9881407837671611	0.9812921572697543	0.9809560567897223	0.9829933709230539	1.0	0.9838291498979005	0.9871992146581802	0.9811432055444698	0.9792066368346252	0.9842731233520584	0.9843070275653745	0.9885900550092958	0.9845097204369204	0.9845720548700067	0.9853082023811313	0.9825315967134794	0.9870056455892898	0.9847780447840317	0.9762669481708337	0.9782167586465234	0.9864389288325682
0.9839066600444292	0.9825823540574157	0.9838525631559099	0.9825480360968539	0.9825830395929657	0.9838525631559099	0.9816605612121622	0.9841540729484134	0.9778651787521678	0.9719688862848964	0.9824428005804838	0.9840204106469999	0.9795422824456592	0.9832881173127795	0.9811893844518649	0.9799239814594359	0.979156068485586	0.9817824411656095	0.9838291498979005	1.0	0.9838140510116437	0.9794268972521002	0.9766052734230292	0.9820080766155084	0.981982830816861	0.9851718994634843	0.9825480360968539	0.9825580114343838	0.9833779674092429	0.9814076942237736	0.9836161239988912	0.9845847525496902	0.9756083078766025	0.9779692169235963	0.9845188609582339
0.9824756276398352	0.9819808029155254	0.9842039660008218	0.9844147095665042	0.9843095069864559	0.9859535854731266	0.9843446120047213	0.9857525202431505	0.9789678872510177	0.9760871473173991	0.9829102474982871	0.9841334162448571	0.9804365022264541	0.9835993998557011	0.985617789976833	0.981601508776682	0.981217766199445	0.983347184315913	0.9871992146581802	0.9838140510116437	1.0	0.9815633364403983	0.9770089645809941	0.9825416289687843	0.9837783732544535	0.986418008969241	0.9834915449985019	0.9843095069864559	0.9839208519863305	0.9822062874033634	0.985617789976833	0.9853466604100896	0.9772305713458317	0.978228704350436	0.984866730159675
0.982203622752522	0.9783996105781022	0.9788757964276514	0.978837638086895	0.9816983816868837	0.9809802539776955	0.9803893831580606	0.9795177537979871	0.9811098161828176	0.9681269991638133	0.9787611872636206	0.9796669854982379	0.977868876332056	0.9800808509723141	0.9787994350677172	0.977868876332056	0.9783374747681043	0.9804229827567508	0.9811432055444698	0.9794268972521002	0.9815633364403983	1.0	0.9774517184725126	0.9799087647499739	0.9791038141413843	0.9823458555763354	0.9791416626833142	0.981093159045694	0.97977846342271	0.9775526926584919	0.9803666709599133	0.9791038141413843	0.9750039064142261	0.976544363168621	0.9805483352232891
0.9774491980186963	0.9760591108457486	0.9780616373643192	0.9766052734230292	0.9780184482011143	0.9774517184725126	0.9767403940385687	0.9775833797248216	0.9733616029011442	0.9677329468312441	0.9776708592779266	0.976919686962567	0.9747000734860723	0.9764695896206464	0.9774956646948187	0.9747000734860723	0.9739251944683058	0.9768301639070537	0.9792066368346252	0.9766052734230292	0.9770089645809941	0.9774517184725126	1.0	0.9759211257359741	0.9787872343116837	0.9794970446083003	0.9770089645809941	0.9773195230236527	0.9771867889525814	0.9781047693889059	0.9783623701779914	0.9768749562001671	0.9796690716654677	0.9798258068053628	0.9792066368346252
0.9830129528411253	0.9806337038615625	0.9825037285440297	0.9800605653225115	0.9837110084117897	0.9819008820938664	0.9817933353441944	0.9818650724298776	0.9778184133118197	0.9733585042421655	0.9813231711428271	0.9813231711428271	0.9785098324631781	0.9809033950569273	0.9816493876828966	0.9786287280874943	0.9784701040847166	0.9807589005920688	0.9842731233520584	0.9820080766155084	0.9825416289687843	0.9799087647499739	0.9759211257359741	1.0	0.9828532282853426	0.984414597278401	0.9813595784767738	0.9836498503427799	0.9817214406637217	0.9802493294738189	0.9835412387458136	0.9813959453356319	0.9747316333089734	0.9752995203135887	0.983199038911004
0.9833839053503317	0.9819334766775515	0.9823973846802557	0.979103408866017	0.9844098223382148	0.9802746767346187	0.9818866031606428	0.9796054501773548	0.9788320701873716	0.9713461495905092	0.988097318553462	0.9805215631935854	0.9792572028215333	0.9815613261358987	0.9824657701799068	0.9783621632114243	0.9779260234415931	0.9825998981060942	0.9843070275653745	0.981982830816861	0.9837783732544535	0.9791038141413843	0.9787872343116837	0.9828532282853426	1.0	0.9827579119339173	0.9805084600525587	0.9959622020197265	0.9805524062301592	0.9812704147196452	0.9827046460265597	0.9803826554432018	0.9749360517072728	0.974781742774413	0.9892994690215666
0.9841649453606272	0.9845562559317452	0.9845657886800466	0.9814726198756348	0.9871574882270892	0.9845680782232061	0.984785925638384	0.9828468649371623	0.9808975733995953	0.9751392712079576	0.9837214048208085	0.9842935319089255	0.9795816181855482	0.9853179898353989	0.9863275150131938	0.9802263205134276	0.9778885363354327	0.983534193309213	0.9885900550092958	0.9851718994634843	0.986418008969241	0.9823458555763354	0.9794970446083003	0.984414597278401	0.9827579119339173	1.0	0.9846340645580488	0.9859892719059917	0.983405438503424	0.9810227985128553	0.9860502723771002	0.9844580455999594	0.9776706874736532	0.976663748890625	0.9838030140050178
0.9812615245242702	0.9831835994309327	0.9839561118449228	0.9813831263131102	0.9829618605747583	0.9843514917773144	0.9860682506219267	0.9835212262306434	0.9777715806765039	0.971451366210615	0.9806435962929515	0.9811057703522408	0.9792063322881563	0.9820284025756075	0.9825696565587483	0.9784220605719309	0.9787978752853737	0.9816381672291825	0.9845097204369204	0.9825480360968539	0.9834915449985019	0.9791416626833142	0.9770089645809941	0.9813595784767738	0.9805084600525587	0.9846340645580488	1.0	0.9832315072380478	0.9976604833708625	0.9787230579085103	0.9825027543029693	0.9825030009710464	0.9756747752883843	0.9745748567978357	0.9814176310323058
0.9835416087653799	0.9819069285824695	0.9839258093953829	0.9821253980043887	0.986469610960071	0.9831964031069648	0.9842675247881357	0.9828077551389515	0.9792826126970743	0.9740099166643803	0.9920960466125446	0.9829496156171753	0.9815395405750242	0.9823784499144919	0.9846057177579629	0.9810556841307374	0.9822702384876278	0.9832315072380478	0.9845720548700067	0.9825580114343838	0.9843095069864559	0.981093159045694	0.9773195230236527	0.9836498503427799	0.9959622020197265	0.9859892719059917	0.9832315072380478	1.0	0.9843015013706418	0.9815395405750242	0.9849404613564575	0.9830908645378947	0.9750716197472779	0.9779091878088916	0.9918269217514835
0.9827990792102668	0.9839798814354663	0.9842463188455667	0.9799020425746839	0.9844427468477447	0.9842016778057256	0.9872432789640532	0.9826008747978444	0.9780515724659259	0.9710391131518754	0.9822693103606698	0.9819408903063995	0.9797604658139353	0.9830469368245724	0.9817028435958892	0.9790323249275443	0.9780479115034334	0.9821047507823104	0.9853082023811313	0.9833779674092429	0.9839208519863305	0.97977846342271	0.9771867889525814	0.9817214406637217	0.9805524062301592	0.983405438503424	0.9976604833708625	0.9843015013706418	1.0	0.9778519633439687	0.9836306996667356	0.9831769011891827	0.976070752410631	0.9723476650514963	0.980267161542448
0.9840102183574465	0.9809728963209404	0.9812216784729939	0.9781796524649262	0.9816267379138508	0.9808419170839953	0.9797633158673756	0.9790024201393277	0.978695685403961	0.9695483651308653	0.9785569092592906	0.9803085907208969	0.976695847337459	0.9814525858526733	0.9800623189833532	0.9761442418081853	0.9742165378894609	0.9814569256124563	0.9825315967134794	0.9814076942237736	0.9822062874033634	0.9775526926584919	0.9781047693889059	0.9802493294738189	0.9812704147196452	0.9810227985128553	0.9787230579085103	0.9815395405750242	0.9778519633439687	1.0	0.9810182356107807	0.9804182100511148	0.9756747752883843	0.9728372943662479	0.9787542020876686
0.9841649453606272	0.9843877825295535	0.984502143047167	0.9829386243842366	0.9936790376803117	0.9854695974942654	0.9837490804718031	0.985035066644692	0.9795943326664236	0.9756563598531616	0.9837608829149839	0.9840840978760167	0.9797947788258552	0.9846661939071865	0.9836632939667578	0.9798314244812568	0.9787894709205911	0.9821759461981399	0.9870056455892898	0.9836161239988912	0.985617789976833	0.9803666709599133	0.9783623701779914	0.9835412387458136	0.9827046460265597	0.9860502723771002	0.9825027543029693	0.9849404613564575	0.9836306996667356	0.9810182356107807	1.0	0.9849725187585829	0.9774827937689935	0.9770817510703999	0.9856540795435125
0.9839066600444292	0.9829373625888823	0.9830364623994278	0.9887786134676554	0.9856065589949783	0.9891347560814273	0.982746331042418	0.9904174024409366	0.9800345475386352	0.9723102564095226	0.9811363565971455	0.9938260842164188	0.9790020761307583	0.9946668137898834	0.9819794257541278	0.9800609109880972	0.9785160424487037	0.9810178043358153	0.9847780447840317	0.9845847525496902	0.9853466604100896	0.9791038141413843	0.9768749562001671	0.9813959453356319	0.9803826554432018	0.9844580455999594	0.9825030009710464	0.9830908645378947	0.9831769011891827	0.9804182100511148	0.9849725187585829	1.0	0.9777330787312146	0.9753540935488327	0.982848636466548
0.9648723685157184	0.976332084766499	0.9783505100654906	0.9765267160087926	0.9768485375218715	0.9772938102572872	0.9758733663750304	0.9769763807198735	0.9697945271981037	0.9634843122354956	0.976070752410631	0.9761362825284126	0.9746632070529112	0.9758073039783233	0.9742495948094259	0.9779195390814528	0.9762016809360929	0.976070752410631	0.9762669481708337	0.9756083078766025	0.9772305713458317	0.9750039064142261	0.9796690716654677	0.9747316333089734	0.9749360517072728	0.9776706874736532	0.9756747752883843	0.9750716197472779	0.976070752410631	0.9756747752883843	0.9774827937689935	0.9777330787312146	1.0	0.9785942458321057	0.9778575040742269
0.9797071261362099	0.9759136886341565	0.9763720763139071	0.9714480370500245	0.9776261173729244	0.9747228356440107	0.975689320248305	0.9734218643712824	0.9766269144189345	0.9655434012325006	0.9755076778067804	0.9756461846877282	0.9734859373815818	0.9765240588119913	0.9739929958830534	0.9747034606351019	0.971006116623937	0.9775625434254518	0.9782167586465234	0.9779692169235963	0.978228704350436	0.976544363168621	0.9798258068053628	0.9752995203135887	0.974781742774413	0.976663748890625	0.9745748567978357	0.9779091878088916	0.9723476650514963	0.9728372943662479	0.9770817510703999	0.9753540935488327	0.9785942458321057	1.0	0.9745221856698258
0.9857715137455936	0.9837740128265928	0.9837286065684984	0.979355494941057	0.9858596774845781	0.9831724468956804	0.9828141440913676	0.9810122182059074	0.9806410499438244	0.9721577858604666	0.9913761344823332	0.9827440200405289	0.9795098039529773	0.9837990335288549	0.9813677883080076	0.9800124521380297	0.9767191097138704	0.9826349809395101	0.9864389288325682	0.9845188609582339	0.984866730159675	0.9805483352232891	0.9792066368346252	0.983199038911004	0.9892994690215666	0.9838030140050178	0.9814176310323058	0.9918269217514835	0.980267161542448	0.9787542020876686	0.9856540795435125	0.982848636466548	0.9778575040742269	0.9745221856698258	1.0
