/home/jshaw/scratch/2022_sketched_distance/references/SGB_genome_fastas_part4/6923/AsnicarF_2017__MV_FEI2_t1Q14__bin.9.fa	/home/jshaw/scratch/2022_sketched_distance/references/SGB_genome_fastas_part4/6923/BackhedF_2015__SID150_12M__bin.6.fa	/home/jshaw/scratch/2022_sketched_distance/references/SGB_genome_fastas_part4/6923/BackhedF_2015__SID157_12M__bin.1.fa	/home/jshaw/scratch/2022_sketched_distance/references/SGB_genome_fastas_part4/6923/BackhedF_2015__SID157_4M__bin.11.fa	/home/jshaw/scratch/2022_sketched_distance/references/SGB_genome_fastas_part4/6923/BackhedF_2015__SID577_4M__bin.20.fa	/home/jshaw/scratch/2022_sketched_distance/references/SGB_genome_fastas_part4/6923/BackhedF_2015__SID577_B__bin.1.fa	/home/jshaw/scratch/2022_sketched_distance/references/SGB_genome_fastas_part4/6923/BackhedF_2015__SID591_4M__bin.12.fa	/home/jshaw/scratch/2022_sketched_distance/references/SGB_genome_fastas_part4/6923/BackhedF_2015__SID87_4M__bin.11.fa	/home/jshaw/scratch/2022_sketched_distance/references/SGB_genome_fastas_part4/6923/FerrettiP_2018__CA_C10019IS2329FE_t4M15__bin.2.fa	/home/jshaw/scratch/2022_sketched_distance/references/SGB_genome_fastas_part4/6923/FerrettiP_2018__CA_C10019IS2329FE_t5M16__bin.3.fa	/home/jshaw/scratch/2022_sketched_distance/references/SGB_genome_fastas_part4/6923/FerrettiP_2018__CA_C10032IS2559FE_t5M16__bin.11.fa	/home/jshaw/scratch/2022_sketched_distance/references/SGB_genome_fastas_part4/6923/HeQ_2017__SZAXPI029480-66__bin.27.fa	/home/jshaw/scratch/2022_sketched_distance/references/SGB_genome_fastas_part4/6923/LiJ_2014__V1.FI23__bin.11.fa	/home/jshaw/scratch/2022_sketched_distance/references/SGB_genome_fastas_part4/6923/NielsenHB_2014__V1_CD35_0__bin.13.fa	/home/jshaw/scratch/2022_sketched_distance/references/SGB_genome_fastas_part4/6923/NielsenHB_2014__V1_CD35_1__bin.21.fa	/home/jshaw/scratch/2022_sketched_distance/references/SGB_genome_fastas_part4/6923/QinJ_2012__T2D-020__bin.19.fa	/home/jshaw/scratch/2022_sketched_distance/references/SGB_genome_fastas_part4/6923/VatanenT_2016__G69181__bin.6.fa	/home/jshaw/scratch/2022_sketched_distance/references/SGB_genome_fastas_part4/6923/VatanenT_2016__G78493__bin.3.fa	/home/jshaw/scratch/2022_sketched_distance/references/SGB_genome_fastas_part4/6923/VatanenT_2016__G78674__bin.5.fa	/home/jshaw/scratch/2022_sketched_distance/references/SGB_genome_fastas_part4/6923/VatanenT_2016__G78739__bin.5.fa	/home/jshaw/scratch/2022_sketched_distance/references/SGB_genome_fastas_part4/6923/VatanenT_2016__G78749__bin.3.fa	/home/jshaw/scratch/2022_sketched_distance/references/SGB_genome_fastas_part4/6923/VatanenT_2016__G78904__bin.1.fa	/home/jshaw/scratch/2022_sketched_distance/references/SGB_genome_fastas_part4/6923/VatanenT_2016__G80455__bin.6.fa	/home/jshaw/scratch/2022_sketched_distance/references/SGB_genome_fastas_part4/6923/VatanenT_2016__G80482__bin.6.fa	/home/jshaw/scratch/2022_sketched_distance/references/SGB_genome_fastas_part4/6923/VatanenT_2016__G80489__bin.1.fa	/home/jshaw/scratch/2022_sketched_distance/references/SGB_genome_fastas_part4/6923/VincentC_2016__MM016.1__bin.11.fa	/home/jshaw/scratch/2022_sketched_distance/references/SGB_genome_fastas_part4/6923/VincentC_2016__MM016.2__bin.3.fa	/home/jshaw/scratch/2022_sketched_distance/references/SGB_genome_fastas_part4/6923/XieH_2016__YSZC12003_35704__bin.15.fa
1.0	0.9972097738545384	0.9912663068854464	0.9938290862722655	0.9948228843969014	0.9947684481111174	0.9932638179214277	0.994384870829002	0.9939459405657348	0.9983051399924683	0.9953891351597107	0.9802131858085373	0.99565541878862	0.9946866257504774	0.9946046009703597	0.9950127107693401	0.989716472109228	0.9832525012846837	0.9829895999133463	0.9972350734746217	0.994577214218665	0.9818431608794429	0.9936041353532751	0.9943020950509205	0.9942744571212865	0.9891402209842903	0.995066747913041	0.9916700052129183
0.9972097738545384	1.0	0.9908321382568018	0.9938812193711529	0.9952134105615481	0.9955659581899292	0.9970218570656603	0.9939260776470034	0.9960548615192691	0.9984120366363779	0.9950450976257406	0.9926797146597024	0.9953065500542917	0.9950450976257406	0.9944587259409255	0.994477803920345	0.9952701740811887	0.9962530912190146	0.996866245941713	0.9969575645504021	0.9967535167723145	0.9933942032472904	0.9938423586903871	0.994382304031968	0.9939975286658651	0.9925076442366436	0.9947437492308995	0.9952698615293178
0.9912663068854464	0.9908321382568018	1.0	0.9979696500951113	0.9933761105065453	0.993513776429941	0.9918297155396351	0.9931793220682512	0.993286182180951	0.9931387719215587	0.9941551756910674	0.9936880533654868	0.9943853673568349	0.9954574690697958	0.9952904767605104	0.9935726013720183	0.994788808585237	0.993990733300911	0.9938127506085725	0.9925378717118513	0.9918993526971471	0.9903480545792591	0.9964241825981808	0.9965855820270272	0.9930592794429932	0.9930947778666313	0.9946139714193495	0.9950012311210248
0.9938290862722655	0.9938812193711529	0.9979696500951113	1.0	0.994762224816601	0.9947021059404793	0.9955258993144414	0.9957409156124261	0.9968123911279905	0.9936894676799615	0.9951066988183435	0.9952597594967366	0.9950198748117052	0.9964158729728916	0.9962569146918565	0.9939598560682372	0.9969020108930582	0.9954274320929274	0.9953219628922773	0.994904933479239	0.9945055669824288	0.9920474746943054	0.9988876134811012	0.9986833886091396	0.9948852115751147	0.9964646530241696	0.9965572265448558	0.9982123390786728
0.9948228843969014	0.9952134105615481	0.9933761105065453	0.994762224816601	1.0	0.9999081444572848	0.9957042703622484	0.9950719355094195	0.9963599497839578	0.9950650845752621	0.9941480772800628	0.9962253850879808	0.9939835857498723	0.9951005339940582	0.9944385057673887	0.995540484871774	0.9968813239861225	0.9961044907246174	0.9960171928974084	0.9951450891613695	0.9955904060525196	0.9930882482926048	0.9949098916301619	0.995126282414471	0.9953873630191986	0.994848798541106	0.994792028083849	0.9954699164194037
0.9947684481111174	0.9955659581899292	0.993513776429941	0.9947021059404793	0.9999081444572848	1.0	0.9960777128018277	0.9950343714456613	0.9964610261998892	0.9949141590345351	0.9938582526455919	0.9962253850879808	0.9938218629064989	0.9950196792623123	0.994547247352314	0.9951598527157046	0.9970464597814122	0.9962530912190146	0.9961545084977765	0.9954200484991816	0.9957645960913155	0.9931905477560485	0.9950552880850035	0.9952860454321432	0.9954051571769145	0.9950061245138667	0.9950988143537399	0.9954033653917017
0.9932638179214277	0.9970218570656603	0.9918297155396351	0.9955258993144414	0.9957042703622484	0.9960777128018277	1.0	0.9941876878241933	0.9965114492962517	0.9978473913177437	0.9959602368233794	0.9918575597251873	0.9961557998355773	0.9957635149805958	0.9951059330304449	0.9957437785219854	0.9941658780754201	0.9952750801820565	0.99521641060781	0.9976801913122484	0.995426388439498	0.9921881509663498	0.9951662546848529	0.9951260524393728	0.9949849596202991	0.9916793183040303	0.995920985607151	0.9958006841982979
0.994384870829002	0.9939260776470034	0.9931793220682512	0.9957409156124261	0.9950719355094195	0.9950343714456613	0.9941876878241933	1.0	0.9964105264415805	0.9959974756618614	0.9960886258534025	0.9947330333015192	0.9969511697493973	0.9957776886763249	0.9952591203762704	0.9962520682771087	0.9950522372343219	0.9955790876679198	0.9959827750775789	0.9948836882932299	0.9940208271904618	0.9922932668728893	0.9958877640654763	0.9959243748981994	0.9959792155554823	0.9937532791577139	0.9954266884689632	0.9951022226341474
0.9939459405657348	0.9960548615192691	0.993286182180951	0.9968123911279905	0.9963599497839578	0.9964610261998892	0.9965114492962517	0.9964105264415805	1.0	0.9994049085229901	0.9981818455173971	0.9741801444251308	0.9978931013668392	0.9981818455173971	0.9975041682163875	0.9970611104640935	0.9912831677371045	0.9728608858982067	0.9717010801769285	0.9968123911279905	0.9940003318417923	0.9754478910456165	0.9965617959669324	0.9974552301621121	0.9962585648157418	0.99584990072172	0.9972094534827367	0.9909272701575078
0.9983051399924683	0.9984120366363779	0.9931387719215587	0.9936894676799615	0.9950650845752621	0.9949141590345351	0.9978473913177437	0.9959974756618614	0.9994049085229901	1.0	0.9953337082251732	0.995292403810734	0.9950223667183793	0.9949875921377113	0.9946723320593736	0.9945674277505734	0.9971081747688494	0.998266598622415	0.9985657145123448	0.9975756359351069	0.9978228953923588	0.9954284449928839	0.995091537826123	0.9951084833783966	0.9951551662803813	0.9949799552913225	0.9951347210027739	0.9967096774481335
0.9953891351597107	0.9950450976257406	0.9941551756910674	0.9951066988183435	0.9941480772800628	0.9938582526455919	0.9959602368233794	0.9960886258534025	0.9981818455173971	0.9953337082251732	1.0	0.994898535636805	0.9969939812928982	0.9967157988725598	0.9968634817847055	0.9942661945054136	0.9967361538950592	0.9962901376715443	0.9962229539344066	0.9951634908536416	0.9956679367359845	0.9927794391372105	0.9962135941260815	0.9960735223852769	0.994740332166416	0.997109250427035	0.9972546823230585	0.9974694965291916
0.9802131858085373	0.9926797146597024	0.9936880533654868	0.9952597594967366	0.9962253850879808	0.9962253850879808	0.9918575597251873	0.9947330333015192	0.9741801444251308	0.995292403810734	0.994898535636805	1.0	0.9949645059892734	0.9946998334776774	0.9944330312087151	0.9987299581158493	0.9913101434831004	0.9797760639039652	0.9793190400379825	0.9950632161274451	0.9931355303531174	0.9752053235333408	0.9943324241356845	0.9946000340761968	0.9984937459820996	0.980572279693601	0.994997442021357	0.9735235687571183
0.99565541878862	0.9953065500542917	0.9943853673568349	0.9950198748117052	0.9939835857498723	0.9938218629064989	0.9961557998355773	0.9969511697493973	0.9978931013668392	0.9950223667183793	0.9969939812928982	0.9949645059892734	1.0	0.9960683722464416	0.9960864391188621	0.9937840000790513	0.9968606241925558	0.9966217092677813	0.9967318473848867	0.9958012035236677	0.9957838942293804	0.993495563191911	0.9964926228793012	0.9962460090361898	0.9945400836600842	0.9964396093009452	0.9967628796395427	0.9968375264719034
0.9946866257504774	0.9950450976257406	0.9954574690697958	0.9964158729728916	0.9951005339940582	0.9950196792623123	0.9957635149805958	0.9957776886763249	0.9981818455173971	0.9949875921377113	0.9967157988725598	0.9946998334776774	0.9960683722464416	1.0	0.9999391662557713	0.9940527517188436	0.9979202778466065	0.9962901376715443	0.9963594230370622	0.9954200484991816	0.995570995047717	0.9929513553629743	0.9977534987862088	0.9976935514585002	0.9946130413149566	0.9985036906003109	0.9983475602289109	0.9984563124646829
0.9946046009703597	0.9944587259409255	0.9952904767605104	0.9962569146918565	0.9944385057673887	0.994547247352314	0.9951059330304449	0.9952591203762704	0.9975041682163875	0.9946723320593736	0.9968634817847055	0.9944330312087151	0.9960864391188621	0.9999391662557713	1.0	0.9942414906012406	0.9976382923153583	0.9959552221852525	0.9959483215397892	0.9948863877356396	0.994943769710707	0.9926066251409188	0.9970949483877309	0.9970617007183129	0.9940989330178379	0.9979097929732776	0.9977227204557149	0.9983345493548693
0.9950127107693401	0.994477803920345	0.9935726013720183	0.9939598560682372	0.995540484871774	0.9951598527157046	0.9957437785219854	0.9962520682771087	0.9970611104640935	0.9945674277505734	0.9942661945054136	0.9987299581158493	0.9937840000790513	0.9940527517188436	0.9942414906012406	1.0	0.9961278838324771	0.99576768771824	0.9955320653783223	0.9947003575989901	0.9951803710987648	0.9927104218044569	0.9948369536645874	0.994768474066797	0.9989613906966553	0.9943189211038262	0.9947738931452923	0.9958664440234049
0.989716472109228	0.9952701740811887	0.994788808585237	0.9969020108930582	0.9968813239861225	0.9970464597814122	0.9941658780754201	0.9950522372343219	0.9912831677371045	0.9971081747688494	0.9967361538950592	0.9913101434831004	0.9968606241925558	0.9979202778466065	0.9976382923153583	0.9961278838324771	1.0	0.9926958772140537	0.9933686144699285	0.9964019350226826	0.9946120196529016	0.9893307200316884	0.9972517323335744	0.9973130677191526	0.995529822481306	0.9899271640522334	0.9972721900389903	0.9927700136022225
0.9832525012846837	0.9962530912190146	0.993990733300911	0.9954274320929274	0.9961044907246174	0.9962530912190146	0.9952750801820565	0.9955790876679198	0.9728608858982067	0.998266598622415	0.9962901376715443	0.9797760639039652	0.9966217092677813	0.9962901376715443	0.9959552221852525	0.99576768771824	0.9926958772140537	1.0	0.9831974849044487	0.9989571563652716	0.9969500041668855	0.9817336310649201	0.9956923762567811	0.9958052794658049	0.9955412387018773	0.9807398328765591	0.9963271428436138	0.9746923093353718
0.9829895999133463	0.996866245941713	0.9938127506085725	0.9953219628922773	0.9960171928974084	0.9961545084977765	0.99521641060781	0.9959827750775789	0.9717010801769285	0.9985657145123448	0.9962229539344066	0.9793190400379825	0.9967318473848867	0.9963594230370622	0.9959483215397892	0.9955320653783223	0.9933686144699285	0.9831974849044487	1.0	0.9985019307915782	0.9976614204985969	0.9812596627796888	0.9957408459937309	0.9957061403040454	0.9956366198621789	0.9812596627796888	0.9960515750744889	0.9740610040196949
0.9972350734746217	0.9969575645504021	0.9925378717118513	0.994904933479239	0.9951450891613695	0.9954200484991816	0.9976801913122484	0.9948836882932299	0.9968123911279905	0.9975756359351069	0.9951634908536416	0.9950632161274451	0.9958012035236677	0.9954200484991816	0.9948863877356396	0.9947003575989901	0.9964019350226826	0.9989571563652716	0.9985019307915782	1.0	0.998451957720817	0.9966776106125007	0.9947003575989901	0.9947376472135893	0.9945882364603045	0.994131444611756	0.9956202469846112	0.9956357123831135
0.994577214218665	0.9967535167723145	0.9918993526971471	0.9945055669824288	0.9955904060525196	0.9957645960913155	0.995426388439498	0.9940208271904618	0.9940003318417923	0.9978228953923588	0.9956679367359845	0.9931355303531174	0.9957838942293804	0.995570995047717	0.994943769710707	0.9951803710987648	0.9946120196529016	0.9969500041668855	0.9976614204985969	0.998451957720817	1.0	0.9950443399202854	0.9947054682449736	0.995081992211365	0.9946855322694207	0.9913888079549433	0.9953762579296033	0.9923709122110546
0.9818431608794429	0.9933942032472904	0.9903480545792591	0.9920474746943054	0.9930882482926048	0.9931905477560485	0.9921881509663498	0.9922932668728893	0.9754478910456165	0.9954284449928839	0.9927794391372105	0.9752053235333408	0.993495563191911	0.9929513553629743	0.9926066251409188	0.9927104218044569	0.9893307200316884	0.9817336310649201	0.9812596627796888	0.9966776106125007	0.9950443399202854	1.0	0.992258265343237	0.9922232267343762	0.9922932668728893	0.9805190685491847	0.9931223832509163	0.9727354619336591
0.9936041353532751	0.9938423586903871	0.9964241825981808	0.9988876134811012	0.9949098916301619	0.9950552880850035	0.9951662546848529	0.9958877640654763	0.9965617959669324	0.995091537826123	0.9962135941260815	0.9943324241356845	0.9964926228793012	0.9977534987862088	0.9970949483877309	0.9948369536645874	0.9972517323335744	0.9956923762567811	0.9957408459937309	0.9947003575989901	0.9947054682449736	0.992258265343237	1.0	0.9995436516191036	0.9947455550256423	0.9964896778792214	0.9965966572783964	0.997904834945075
0.9943020950509205	0.994382304031968	0.9965855820270272	0.9986833886091396	0.995126282414471	0.9952860454321432	0.9951260524393728	0.9959243748981994	0.9974552301621121	0.9951084833783966	0.9960735223852769	0.9946000340761968	0.9962460090361898	0.9976935514585002	0.9970617007183129	0.994768474066797	0.9973130677191526	0.9958052794658049	0.9957061403040454	0.9947376472135893	0.995081992211365	0.9922232267343762	0.9995436516191036	1.0	0.9945218191314995	0.997035508800998	0.9967799600738189	0.9979665635817452
0.9942744571212865	0.9939975286658651	0.9930592794429932	0.9948852115751147	0.9953873630191986	0.9954051571769145	0.9949849596202991	0.9959792155554823	0.9962585648157418	0.9951551662803813	0.994740332166416	0.9984937459820996	0.9945400836600842	0.9946130413149566	0.9940989330178379	0.9989613906966553	0.995529822481306	0.9955412387018773	0.9956366198621789	0.9945882364603045	0.9946855322694207	0.9922932668728893	0.9947455550256423	0.9945218191314995	1.0	0.9936989014002745	0.9943540281017688	0.9957017995400816
0.9891402209842903	0.9925076442366436	0.9930947778666313	0.9964646530241696	0.994848798541106	0.9950061245138667	0.9916793183040303	0.9937532791577139	0.99584990072172	0.9949799552913225	0.997109250427035	0.980572279693601	0.9964396093009452	0.9985036906003109	0.9979097929732776	0.9943189211038262	0.9899271640522334	0.9807398328765591	0.9812596627796888	0.994131444611756	0.9913888079549433	0.9805190685491847	0.9964896778792214	0.997035508800998	0.9936989014002745	1.0	0.9999323989116946	0.9920407548360333
0.995066747913041	0.9947437492308995	0.9946139714193495	0.9965572265448558	0.994792028083849	0.9950988143537399	0.995920985607151	0.9954266884689632	0.9972094534827367	0.9951347210027739	0.9972546823230585	0.994997442021357	0.9967628796395427	0.9983475602289109	0.9977227204557149	0.9947738931452923	0.9972721900389903	0.9963271428436138	0.9960515750744889	0.9956202469846112	0.9953762579296033	0.9931223832509163	0.9965966572783964	0.9967799600738189	0.9943540281017688	0.9999323989116946	1.0	0.9976878780775976
0.9916700052129183	0.9952698615293178	0.9950012311210248	0.9982123390786728	0.9954699164194037	0.9954033653917017	0.9958006841982979	0.9951022226341474	0.9909272701575078	0.9967096774481335	0.9974694965291916	0.9735235687571183	0.9968375264719034	0.9984563124646829	0.9983345493548693	0.9958664440234049	0.9927700136022225	0.9746923093353718	0.9740610040196949	0.9956357123831135	0.9923709122110546	0.9727354619336591	0.997904834945075	0.9979665635817452	0.9957017995400816	0.9920407548360333	0.9976878780775976	1.0
