/home/jshaw/scratch/2022_sketched_distance/references/SGB_genome_fastas_part4/6039/CosteaPI_2017__donald4-11-30-0__bin.24.fa	/home/jshaw/scratch/2022_sketched_distance/references/SGB_genome_fastas_part4/6039/CosteaPI_2017__donald4-11-7-0__bin.5.fa	/home/jshaw/scratch/2022_sketched_distance/references/SGB_genome_fastas_part4/6039/CosteaPI_2017__donald5-11-0-0__bin.9.fa	/home/jshaw/scratch/2022_sketched_distance/references/SGB_genome_fastas_part4/6039/FengQ_2015__SID531403__bin.8.fa	/home/jshaw/scratch/2022_sketched_distance/references/SGB_genome_fastas_part4/6039/HeQ_2017__SZAXPI029471-33__bin.12.fa	/home/jshaw/scratch/2022_sketched_distance/references/SGB_genome_fastas_part4/6039/HeQ_2017__SZAXPI029473-40__bin.22.fa	/home/jshaw/scratch/2022_sketched_distance/references/SGB_genome_fastas_part4/6039/HeQ_2017__SZAXPI029483-78__bin.27.fa	/home/jshaw/scratch/2022_sketched_distance/references/SGB_genome_fastas_part4/6039/HeQ_2017__SZAXPI029495-96__bin.3.fa	/home/jshaw/scratch/2022_sketched_distance/references/SGB_genome_fastas_part4/6039/HeQ_2017__SZAXPI029496-97__bin.11.fa	/home/jshaw/scratch/2022_sketched_distance/references/SGB_genome_fastas_part4/6039/HeQ_2017__SZAXPI029541-107__bin.12.fa	/home/jshaw/scratch/2022_sketched_distance/references/SGB_genome_fastas_part4/6039/HeQ_2017__SZAXPI029546-133__bin.22.fa	/home/jshaw/scratch/2022_sketched_distance/references/SGB_genome_fastas_part4/6039/HeQ_2017__SZAXPI029574-89__bin.17.fa	/home/jshaw/scratch/2022_sketched_distance/references/SGB_genome_fastas_part4/6039/LiJ_2014__O2.UC26-1__bin.16.fa	/home/jshaw/scratch/2022_sketched_distance/references/SGB_genome_fastas_part4/6039/LiJ_2014__V1.FI18__bin.6.fa	/home/jshaw/scratch/2022_sketched_distance/references/SGB_genome_fastas_part4/6039/LiJ_2017__H3M518116__bin.17.fa	/home/jshaw/scratch/2022_sketched_distance/references/SGB_genome_fastas_part4/6039/LoombaR_2017__SID1052_baz__bin.25.fa	/home/jshaw/scratch/2022_sketched_distance/references/SGB_genome_fastas_part4/6039/NielsenHB_2014__O2_UC26_0__bin.16.fa	/home/jshaw/scratch/2022_sketched_distance/references/SGB_genome_fastas_part4/6039/NielsenHB_2014__O2_UC26_2__bin.20.fa	/home/jshaw/scratch/2022_sketched_distance/references/SGB_genome_fastas_part4/6039/QinJ_2012__DLF008__bin.8.fa	/home/jshaw/scratch/2022_sketched_distance/references/SGB_genome_fastas_part4/6039/QinJ_2012__DOF006__bin.1.fa	/home/jshaw/scratch/2022_sketched_distance/references/SGB_genome_fastas_part4/6039/QinJ_2012__T2D-020__bin.28.fa	/home/jshaw/scratch/2022_sketched_distance/references/SGB_genome_fastas_part4/6039/QinN_2014__HD-10__bin.29.fa	/home/jshaw/scratch/2022_sketched_distance/references/SGB_genome_fastas_part4/6039/QinN_2014__LD-51__bin.51.fa	/home/jshaw/scratch/2022_sketched_distance/references/SGB_genome_fastas_part4/6039/QinN_2014__LD-69__bin.31.fa	/home/jshaw/scratch/2022_sketched_distance/references/SGB_genome_fastas_part4/6039/QinN_2014__LD-89__bin.13.fa	/home/jshaw/scratch/2022_sketched_distance/references/SGB_genome_fastas_part4/6039/QinN_2014__LD-94__bin.44.fa	/home/jshaw/scratch/2022_sketched_distance/references/SGB_genome_fastas_part4/6039/YuJ_2015__SZAXPI003428-6__bin.14.fa	/home/jshaw/scratch/2022_sketched_distance/references/SGB_genome_fastas_part4/6039/YuJ_2015__SZAXPI015232-18__bin.37.fa	/home/jshaw/scratch/2022_sketched_distance/references/SGB_genome_fastas_part4/6039/ZellerG_2014__CCIS29210128ST-4-0__bin.40.fa
1.0	0.9978680549271428	0.9684585412076048	0.9762070319826703	0.9849789612009154	0.9868532825872302	0.9746803341266601	0.9846294377727671	0.9873866675789468	0.9872284983179737	0.972199211041516	0.9857698026931844	0.9855761684519994	0.985736715040844	0.985694003019726	0.9643412585707318	0.9856336179066035	0.9856500458375826	0.9892475264967504	0.986634616798613	0.9851932983897622	0.9871839405024436	0.985055031861582	0.9849816026505572	0.9842723217784103	0.9837529723560985	0.9876252638358536	0.9852014694516474	0.9749930010759364
0.9978680549271428	1.0	0.976877139139361	0.979611399427752	0.9861238148452812	0.9886111729154982	0.9772502375726904	0.9864433405210482	0.9871382378167669	0.9891654424871519	0.9758536031610965	0.9877531229559081	0.9874355590786804	0.9875239540526163	0.9877008819682074	0.9672237531612473	0.9874336869149537	0.9838008679507723	0.9911586782470523	0.9884027358162271	0.9842823548790322	0.9891283571644534	0.9865207872240699	0.9829497518215672	0.9859082544745468	0.985372528361283	0.9895186569527824	0.9831236178596284	0.9780308071913809
0.9684585412076048	0.976877139139361	1.0	0.9775402416692336	0.9626395620216405	0.9677750891634833	0.970989845426163	0.965657588627488	0.9622171834922246	0.9709823612244679	0.9761371671673722	0.9694917112387629	0.966665864400917	0.9684800694657628	0.966524327864422	0.9680252638718151	0.9673807257470676	0.9460530269095673	0.9710760042251323	0.9684367840410205	0.9513951249027432	0.972661734661791	0.9685203820683927	0.9316193068841935	0.9681135313194408	0.9691576578004124	0.9698076819221787	0.8989268265162731	0.9725746886833232
0.9762070319826703	0.979611399427752	0.9775402416692336	1.0	0.9815248807282829	0.9855520558596211	0.9778108619827978	0.9780986739863695	0.9831359610485025	0.982182596898837	0.9784079098695982	0.9798136693312506	0.9799122562813138	0.9846290992427973	0.9780593768182837	0.9696416129342025	0.9804422711504801	0.9717024270317624	0.9784991496487941	0.9821696373494387	0.9802659810995918	0.9788185535184315	0.9806964993402633	0.970012818865722	0.9798528945067774	0.9863939634956858	0.978708420025634	0.9619759122046714	0.9773643337368295
0.9849789612009154	0.9861238148452812	0.9626395620216405	0.9815248807282829	1.0	0.9911510710357648	0.9756519065742062	0.9856556683538544	0.9903738947185062	0.9874270768200588	0.9720462074301378	0.9863713235246544	0.9868522167763313	0.9903314346403306	0.9850648746696266	0.965921558769447	0.986882704751872	0.984201788524888	0.9855185246948976	0.9893593640097172	0.9884409230807031	0.9837993095088273	0.987053531993486	0.9843358981559515	0.986772740041242	0.9878671898496489	0.9858442321483016	0.9792518532009303	0.9752136403474024
0.9868532825872302	0.9886111729154982	0.9677750891634833	0.9855520558596211	0.9911510710357648	1.0	0.9782860090222846	0.9875316824223415	0.9982365981049889	0.9894302591878332	0.9747402934811824	0.9883163284879224	0.9889166635057808	0.9921818167597158	0.986959656631373	0.9682418745251317	0.9889812092654069	0.9852512611493317	0.9874560165512448	0.9909337638464653	0.9924996459928426	0.986010375713165	0.9883451799003017	0.9846185584384305	0.9885216344148491	0.9923340608595221	0.9881856163744865	0.9801498407431433	0.977647896072479
0.9746803341266601	0.9772502375726904	0.970989845426163	0.9778108619827978	0.9756519065742062	0.9782860090222846	1.0	0.9846811656027221	0.9761502031874189	0.9781309091068051	0.9754069881889571	0.9814086627638714	0.9851479864531083	0.9789646569456503	0.9758299803984922	0.9734280864779573	0.985508508839092	0.9785833493274511	0.9777704422749386	0.9785040810591374	0.9727037126532297	0.9781241505117356	0.9797903889649584	0.9703217135983054	0.9780816479734812	0.9787593197622801	0.980381564199336	0.9668917341288072	0.9734640990101403
0.9846294377727671	0.9864433405210482	0.965657588627488	0.9780986739863695	0.9856556683538544	0.9875316824223415	0.9846811656027221	1.0	0.9859815878592652	0.986852700452631	0.9757324792066638	0.9902381069485353	0.994663890300932	0.9874069846281672	0.9848274283538665	0.9726772196863911	0.9946750526290956	0.9904464538653083	0.9876567631728457	0.987728289321968	0.983606271589028	0.9853496581146601	0.9875920639985678	0.9816085896020638	0.9856621466995312	0.9847862941855773	0.9891750870731749	0.9799606470338446	0.975340381880716
0.9873866675789468	0.9871382378167669	0.9622171834922246	0.9831359610485025	0.9903738947185062	0.9982365981049889	0.9761502031874189	0.9859815878592652	1.0	0.9882500683014344	0.9721627668179951	0.9868635504866753	0.9874236300270791	0.9905175111469506	0.9860920165512095	0.9653163141624769	0.9874943274674464	0.9860625705921877	0.985998349683825	0.9896428943791935	0.9931465442851488	0.9845866929875274	0.987070609782695	0.9854680925708057	0.9871115037699437	0.991439492594438	0.9866545493340912	0.9811872753336025	0.9752154799942128
0.9872284983179737	0.9891654424871519	0.9709823612244679	0.982182596898837	0.9874270768200588	0.9894302591878332	0.9781309091068051	0.986852700452631	0.9882500683014344	1.0	0.9756017171888522	0.9879190039943142	0.9877474047343833	0.9894384060442972	0.9862801397265012	0.9690905705983609	0.9879397887788955	0.9837318095988711	0.9891372809872261	0.9890964016513091	0.9864402706543336	0.9876270310932487	0.9871665631126543	0.9820172619698813	0.9875256333046957	0.9871966980015544	0.9884693970265012	0.98066090849604	0.9779480229661978
0.972199211041516	0.9758536031610965	0.9761371671673722	0.9784079098695982	0.9720462074301378	0.9747402934811824	0.9754069881889571	0.9757324792066638	0.9721627668179951	0.9756017171888522	1.0	0.9765726123679527	0.975466768061836	0.9754117911241222	0.9745574182794804	0.9672594826496729	0.9757718873519843	0.9678515337157141	0.9761667313161534	0.975466516210766	0.9666134426658632	0.9775880235492896	0.9759042819695524	0.9637548569818462	0.9759277395632285	0.9765821762657273	0.976555645923041	0.9584036813314004	0.9753480233212312
0.9857698026931844	0.9877531229559081	0.9694917112387629	0.9798136693312506	0.9863713235246544	0.9883163284879224	0.9814086627638714	0.9902381069485353	0.9868635504866753	0.9879190039943142	0.9765726123679527	1.0	0.9907093147869099	0.9883871059157908	0.9861289544694984	0.9707669896958533	0.9906189170906639	0.9866584600519854	0.9892500464055238	0.9883743360984997	0.98424239962182	0.9876131958831663	0.9885624452697529	0.9829906733212986	0.9863411502030159	0.9862726034879968	0.9909585557239917	0.9812439416056822	0.9771648426988241
0.9855761684519994	0.9874355590786804	0.966665864400917	0.9799122562813138	0.9868522167763313	0.9889166635057808	0.9851479864531083	0.994663890300932	0.9874236300270791	0.9877474047343833	0.975466768061836	0.9907093147869099	1.0	0.9885740122001332	0.9851687841504213	0.9741092578112611	0.9989352508598164	0.9953259527266458	0.9876563620492669	0.9884650341606495	0.984546535781784	0.9865467301924811	0.9880255329287736	0.9832704789235781	0.9862056502508735	0.9858402950260979	0.989937145434879	0.9802943430847181	0.976493675485853
0.985736715040844	0.9875239540526163	0.9684800694657628	0.9846290992427973	0.9903314346403306	0.9921818167597158	0.9789646569456503	0.9874069846281672	0.9905175111469506	0.9894384060442972	0.9754117911241222	0.9883871059157908	0.9885740122001332	1.0	0.9859065323430016	0.969178261195782	0.9887177761677476	0.9846651577565138	0.9871080867377465	0.9905330784102788	0.9881387707346845	0.9853640703271739	0.988246584468594	0.9840126426002446	0.9884548474459246	0.9895614440225101	0.9877005844125832	0.9787632405328743	0.9775244635945477
0.985694003019726	0.9877008819682074	0.966524327864422	0.9780593768182837	0.9850648746696266	0.986959656631373	0.9758299803984922	0.9848274283538665	0.9860920165512095	0.9862801397265012	0.9745574182794804	0.9861289544694984	0.9851687841504213	0.9859065323430016	1.0	0.9662985031058938	0.9852008719357632	0.9812146243923718	0.9875786883149352	0.9865307893637014	0.9834452063239267	0.9852974526474801	0.9852792722783033	0.9809671105807605	0.9846979344941906	0.9850280516932786	0.9862699780029	0.9795831683158067	0.9855744962397526
0.9643412585707318	0.9672237531612473	0.9680252638718151	0.9696416129342025	0.965921558769447	0.9682418745251317	0.9734280864779573	0.9726772196863911	0.9653163141624769	0.9690905705983609	0.9672594826496729	0.9707669896958533	0.9741092578112611	0.969178261195782	0.9662985031058938	1.0	0.974245547613831	0.9681187603201589	0.9673737869990763	0.968114610729304	0.9618817538176415	0.9688080381509655	0.9690575379648735	0.9610551965509186	0.9700433981609314	0.9703135739005452	0.969837556644323	0.953774906218529	0.9671990919564574
0.9856336179066035	0.9874336869149537	0.9673807257470676	0.9804422711504801	0.986882704751872	0.9889812092654069	0.985508508839092	0.9946750526290956	0.9874943274674464	0.9879397887788955	0.9757718873519843	0.9906189170906639	0.9989352508598164	0.9887177761677476	0.9852008719357632	0.974245547613831	1.0	0.9954805166871933	0.9877280599896531	0.9884395471803556	0.9846026971712561	0.9867671797146068	0.9882977342316845	0.9832112049197509	0.9862738377096343	0.985954749046237	0.9900476016468196	0.9803723282808403	0.9768952313828697
0.9856500458375826	0.9838008679507723	0.9460530269095673	0.9717024270317624	0.984201788524888	0.9852512611493317	0.9785833493274511	0.9904464538653083	0.9860625705921877	0.9837318095988711	0.9678515337157141	0.9866584600519854	0.9953259527266458	0.9846651577565138	0.9812146243923718	0.9681187603201589	0.9954805166871933	1.0	0.9838583530847189	0.9847300973463857	0.9859587937622077	0.9827506798222077	0.9841886688032516	0.9871766608528078	0.9820985287626623	0.9820681841140079	0.9865890972114449	0.9842391840666208	0.9696162299511955
0.9892475264967504	0.9911586782470523	0.9710760042251323	0.9784991496487941	0.9855185246948976	0.9874560165512448	0.9777704422749386	0.9876567631728457	0.985998349683825	0.9891372809872261	0.9761667313161534	0.9892500464055238	0.9876563620492669	0.9871080867377465	0.9875786883149352	0.9673737869990763	0.9877280599896531	0.9838583530847189	1.0	0.9883144262409431	0.9834313065402503	0.9936021400089874	0.9877532094360996	0.9835761341258642	0.9857273927806383	0.9848789630669245	0.9921097107018094	0.9896730540217374	0.977428460279464
0.986634616798613	0.9884027358162271	0.9684367840410205	0.9821696373494387	0.9893593640097172	0.9909337638464653	0.9785040810591374	0.987728289321968	0.9896428943791935	0.9890964016513091	0.975466516210766	0.9883743360984997	0.9884650341606495	0.9905330784102788	0.9865307893637014	0.968114610729304	0.9884395471803556	0.9847300973463857	0.9883144262409431	1.0	0.9875559125356858	0.9863215983702567	0.988061847379047	0.9841029286927443	0.9942383344835714	0.9881690801574609	0.9882420636839592	0.9807586987812302	0.9776372609434187
0.9851932983897622	0.9842823548790322	0.9513951249027432	0.9802659810995918	0.9884409230807031	0.9924996459928426	0.9727037126532297	0.983606271589028	0.9931465442851488	0.9864402706543336	0.9666134426658632	0.98424239962182	0.984546535781784	0.9881387707346845	0.9834452063239267	0.9618817538176415	0.9846026971712561	0.9859587937622077	0.9834313065402503	0.9875559125356858	1.0	0.981222087031572	0.9847118018396315	0.9868129563152833	0.9848681393870424	0.9899034686408265	0.9841076397399271	0.9818850875996644	0.9717918137248833
0.9871839405024436	0.9891283571644534	0.972661734661791	0.9788185535184315	0.9837993095088273	0.986010375713165	0.9781241505117356	0.9853496581146601	0.9845866929875274	0.9876270310932487	0.9775880235492896	0.9876131958831663	0.9865467301924811	0.9853640703271739	0.9852974526474801	0.9688080381509655	0.9867671797146068	0.9827506798222077	0.9936021400089874	0.9863215983702567	0.981222087031572	1.0	0.9868441217192219	0.9829538522333726	0.9847955758272892	0.9843823108757338	0.9894302415176839	0.9865406844079064	0.9787132167943189
0.985055031861582	0.9865207872240699	0.9685203820683927	0.9806964993402633	0.987053531993486	0.9883451799003017	0.9797903889649584	0.9875920639985678	0.987070609782695	0.9871665631126543	0.9759042819695524	0.9885624452697529	0.9880255329287736	0.988246584468594	0.9852792722783033	0.9690575379648735	0.9882977342316845	0.9841886688032516	0.9877532094360996	0.988061847379047	0.9847118018396315	0.9868441217192219	1.0	0.9871771079031134	0.9864833948639946	0.987011069144242	0.987798053767216	0.980713508294592	0.9770880355832005
0.9849816026505572	0.9829497518215672	0.9316193068841935	0.970012818865722	0.9843358981559515	0.9846185584384305	0.9703217135983054	0.9816085896020638	0.9854680925708057	0.9820172619698813	0.9637548569818462	0.9829906733212986	0.9832704789235781	0.9840126426002446	0.9809671105807605	0.9610551965509186	0.9832112049197509	0.9871766608528078	0.9835761341258642	0.9841029286927443	0.9868129563152833	0.9829538522333726	0.9871771079031134	1.0	0.9813557148612359	0.9819079512392689	0.9833327964350147	0.9871768730938673	0.9684631683861156
0.9842723217784103	0.9859082544745468	0.9681135313194408	0.9798528945067774	0.986772740041242	0.9885216344148491	0.9780816479734812	0.9856621466995312	0.9871115037699437	0.9875256333046957	0.9759277395632285	0.9863411502030159	0.9862056502508735	0.9884548474459246	0.9846979344941906	0.9700433981609314	0.9862738377096343	0.9820985287626623	0.9857273927806383	0.9942383344835714	0.9848681393870424	0.9847955758272892	0.9864833948639946	0.9813557148612359	1.0	0.9878334446970277	0.9859449076107127	0.9776849690656599	0.9777961152297363
0.9837529723560985	0.985372528361283	0.9691576578004124	0.9863939634956858	0.9878671898496489	0.9923340608595221	0.9787593197622801	0.9847862941855773	0.991439492594438	0.9871966980015544	0.9765821762657273	0.9862726034879968	0.9858402950260979	0.9895614440225101	0.9850280516932786	0.9703135739005452	0.985954749046237	0.9820681841140079	0.9848789630669245	0.9881690801574609	0.9899034686408265	0.9843823108757338	0.987011069144242	0.9819079512392689	0.9878334446970277	1.0	0.9856408852442933	0.9767974377954473	0.9783276607803493
0.9876252638358536	0.9895186569527824	0.9698076819221787	0.978708420025634	0.9858442321483016	0.9881856163744865	0.980381564199336	0.9891750870731749	0.9866545493340912	0.9884693970265012	0.976555645923041	0.9909585557239917	0.989937145434879	0.9877005844125832	0.9862699780029	0.969837556644323	0.9900476016468196	0.9865890972114449	0.9921097107018094	0.9882420636839592	0.9841076397399271	0.9894302415176839	0.987798053767216	0.9833327964350147	0.9859449076107127	0.9856408852442933	1.0	0.9845100184711914	0.9776132820408949
0.9852014694516474	0.9831236178596284	0.8989268265162731	0.9619759122046714	0.9792518532009303	0.9801498407431433	0.9668917341288072	0.9799606470338446	0.9811872753336025	0.98066090849604	0.9584036813314004	0.9812439416056822	0.9802943430847181	0.9787632405328743	0.9795831683158067	0.953774906218529	0.9803723282808403	0.9842391840666208	0.9896730540217374	0.9807586987812302	0.9818850875996644	0.9865406844079064	0.980713508294592	0.9871768730938673	0.9776849690656599	0.9767974377954473	0.9845100184711914	1.0	0.9638727739849948
0.9749930010759364	0.9780308071913809	0.9725746886833232	0.9773643337368295	0.9752136403474024	0.977647896072479	0.9734640990101403	0.975340381880716	0.9752154799942128	0.9779480229661978	0.9753480233212312	0.9771648426988241	0.976493675485853	0.9775244635945477	0.9855744962397526	0.9671990919564574	0.9768952313828697	0.9696162299511955	0.977428460279464	0.9776372609434187	0.9717918137248833	0.9787132167943189	0.9770880355832005	0.9684631683861156	0.9777961152297363	0.9783276607803493	0.9776132820408949	0.9638727739849948	1.0
