/home/jshaw/scratch/2022_sketched_distance/references/SGB_genome_fastas_part5/19823/FerrettiP_2018__CA_C10002MS2015SA_t0M15__bin.26.fa	/home/jshaw/scratch/2022_sketched_distance/references/SGB_genome_fastas_part5/19823/FerrettiP_2018__CA_C10024MS2403SA_t0M15__bin.3.fa	/home/jshaw/scratch/2022_sketched_distance/references/SGB_genome_fastas_part5/19823/FerrettiP_2018__CA_C10035MS2597SA_t0M15__bin.49.fa	/home/jshaw/scratch/2022_sketched_distance/references/SGB_genome_fastas_part5/19823/HMP_2012__SRS011306__bin.33.fa	/home/jshaw/scratch/2022_sketched_distance/references/SGB_genome_fastas_part5/19823/HMP_2012__SRS013705__bin.88.fa	/home/jshaw/scratch/2022_sketched_distance/references/SGB_genome_fastas_part5/19823/HMP_2012__SRS015038__bin.19.fa	/home/jshaw/scratch/2022_sketched_distance/references/SGB_genome_fastas_part5/19823/HMP_2012__SRS016319__bin.3.fa	/home/jshaw/scratch/2022_sketched_distance/references/SGB_genome_fastas_part5/19823/HMP_2012__SRS017209__bin.7.fa	/home/jshaw/scratch/2022_sketched_distance/references/SGB_genome_fastas_part5/19823/HMP_2012__SRS017533__bin.11.fa	/home/jshaw/scratch/2022_sketched_distance/references/SGB_genome_fastas_part5/19823/HMP_2012__SRS018145__bin.55.fa	/home/jshaw/scratch/2022_sketched_distance/references/SGB_genome_fastas_part5/19823/HMP_2012__SRS018739__bin.50.fa	/home/jshaw/scratch/2022_sketched_distance/references/SGB_genome_fastas_part5/19823/HMP_2012__SRS019389__bin.28.fa	/home/jshaw/scratch/2022_sketched_distance/references/SGB_genome_fastas_part5/19823/HMP_2012__SRS019607__bin.63.fa	/home/jshaw/scratch/2022_sketched_distance/references/SGB_genome_fastas_part5/19823/HMP_2012__SRS020220__bin.42.fa	/home/jshaw/scratch/2022_sketched_distance/references/SGB_genome_fastas_part5/19823/HMP_2012__SRS020334__bin.26.fa	/home/jshaw/scratch/2022_sketched_distance/references/SGB_genome_fastas_part5/19823/HMP_2012__SRS022077__bin.36.fa	/home/jshaw/scratch/2022_sketched_distance/references/SGB_genome_fastas_part5/19823/HMP_2012__SRS022143__bin.25.fa	/home/jshaw/scratch/2022_sketched_distance/references/SGB_genome_fastas_part5/19823/HMP_2012__SRS024081__bin.18.fa	/home/jshaw/scratch/2022_sketched_distance/references/SGB_genome_fastas_part5/19823/HMP_2012__SRS024277__bin.40.fa	/home/jshaw/scratch/2022_sketched_distance/references/SGB_genome_fastas_part5/19823/HMP_2012__SRS042643__bin.24.fa	/home/jshaw/scratch/2022_sketched_distance/references/SGB_genome_fastas_part5/19823/HMP_2012__SRS044373__bin.77.fa	/home/jshaw/scratch/2022_sketched_distance/references/SGB_genome_fastas_part5/19823/HMP_2012__SRS045715__bin.5.fa	/home/jshaw/scratch/2022_sketched_distance/references/SGB_genome_fastas_part5/19823/HMP_2012__SRS047219__bin.56.fa	/home/jshaw/scratch/2022_sketched_distance/references/SGB_genome_fastas_part5/19823/HMP_2012__SRS047824__bin.57.fa	/home/jshaw/scratch/2022_sketched_distance/references/SGB_genome_fastas_part5/19823/HMP_2012__SRS050244__bin.42.fa	/home/jshaw/scratch/2022_sketched_distance/references/SGB_genome_fastas_part5/19823/HMP_2012__SRS053603__bin.4.fa	/home/jshaw/scratch/2022_sketched_distance/references/SGB_genome_fastas_part5/19823/HMP_2012__SRS056323__bin.20.fa	/home/jshaw/scratch/2022_sketched_distance/references/SGB_genome_fastas_part5/19823/HMP_2012__SRS057205__bin.73.fa	/home/jshaw/scratch/2022_sketched_distance/references/SGB_genome_fastas_part5/19823/HMP_2012__SRS063288__bin.27.fa	/home/jshaw/scratch/2022_sketched_distance/references/SGB_genome_fastas_part5/19823/HMP_2012__SRS064329__bin.6.fa	/home/jshaw/scratch/2022_sketched_distance/references/SGB_genome_fastas_part5/19823/HMP_2012__SRS064423__bin.65.fa	/home/jshaw/scratch/2022_sketched_distance/references/SGB_genome_fastas_part5/19823/HMP_2012__SRS064774__bin.5.fa	/home/jshaw/scratch/2022_sketched_distance/references/SGB_genome_fastas_part5/19823/HMP_2012__SRS065278__bin.52.fa	/home/jshaw/scratch/2022_sketched_distance/references/SGB_genome_fastas_part5/19823/HMP_2012__SRS078182__bin.53.fa
1.0	0.9726581741822453	0.9759323210976928	0.9711965361879074	0.9704890099731813	0.9740234828127815	0.9704695310058049	0.9725497448905805	0.9744379746185359	0.97316276790884	0.9746001231397488	0.9676825771679685	0.9689622380292655	0.9800037072861979	0.9655278998359129	0.9747573907090706	0.9723648482386135	0.9745706024057882	0.9727952285811632	0.9740072900440505	0.9831492040471969	0.97182332407775	0.9641145098925322	0.9760552764193191	0.9669969244799262	0.9751561135665519	0.9678191390210199	0.9691177808974919	0.9754381302416268	0.9738378258475563	0.9722116103082177	0.974426372836697	0.9722105753557168	0.9778885363354327
0.9726581741822453	1.0	0.9717830648811122	0.9668348410349089	0.966072293980041	0.9713950623459507	0.9668314065104494	0.9684506289486395	0.9711166662569591	0.9730901401037315	0.9717902407897032	0.9655415181480315	0.9674032016871292	0.9715610628443409	0.9607289406918913	0.9740635458301653	0.9697057376232692	0.9726307720490825	0.9699821499690305	0.9707978776827761	0.9649621600237274	0.9713360128830669	0.9616962312695255	0.9719818285828604	0.9633658102702765	0.9733195075022122	0.9647347525015982	0.9672361553064162	0.9750348481166464	0.9728601335434668	0.9697318629564626	0.97155169025021	0.9683549190764013	0.9736959313782055
0.9759323210976928	0.9717830648811122	1.0	0.9696515932182062	0.9689194928370981	0.9715235423488223	0.966423944677604	0.9718656903789425	0.9722267994161435	0.9722761325569613	0.9732796675029972	0.9648064553459392	0.9683982165799239	0.9740475321826814	0.9687085791262561	0.9843482845241949	0.9730379552823665	0.9775485476946808	0.971616777177239	0.9712196489099489	0.9658096163085407	0.9730601616358244	0.9653571777884621	0.9726330233476524	0.9678099709233269	0.9728541351703726	0.9642033624042429	0.9680969723998524	0.9772064523054049	0.9765978325727481	0.9694436305152083	0.9741579125123757	0.969491684883972	0.9759724195258267
0.9711965361879074	0.9668348410349089	0.9696515932182062	1.0	0.9913317672732626	0.9666330685515803	0.962545780690108	0.9659866655729773	0.9638807355660874	0.9723686932142069	0.9694112640281705	0.9629986077765519	0.9650498663298097	0.9675887644844409	0.9718247112683808	0.9679297544899443	0.9714106950934408	0.9681205138977537	0.9700786439747529	0.9696284424639754	0.961359641537959	0.9694938514035627	0.973759483144769	0.9703306916733704	0.9772630754842019	0.9683470933529615	0.9597206767729765	0.965925132716699	0.969028933322035	0.9681366902691726	0.9651358213717351	0.9656039990856574	0.9648659225647823	0.9678153458964016
0.9704890099731813	0.966072293980041	0.9689194928370981	0.9913317672732626	1.0	0.9651309227273096	0.9615648008480296	0.9683067186537635	0.965044538551694	0.9716613922264526	0.9676258843708426	0.9609654489441366	0.9633709398540045	0.9684186239630198	0.9682744192489344	0.96790748407035	0.9697364791665284	0.9682560017137557	0.9698867549817848	0.9695167506242066	0.9618536012289531	0.9670781806610901	0.9696074903594193	0.9679896167918981	0.9725580076534981	0.9663109747877034	0.9588214677185626	0.9656643479535024	0.9693855193985412	0.9686925877264974	0.9638671923901866	0.9662029536739138	0.963737729854367	0.9665199437399438
0.9740234828127815	0.9713950623459507	0.9715235423488223	0.9666330685515803	0.9651309227273096	1.0	0.9742510042270471	0.9701184338251535	0.970977230267147	0.9715623045273296	0.9745385399407667	0.9695083585425076	0.9713727691505075	0.9731057144322942	0.9636682364734991	0.974364474214043	0.9709447289343504	0.9731088385591641	0.9717040413260398	0.9728170213876209	0.9660245870014116	0.9703805910154037	0.9615501798327117	0.9724186260148036	0.963936747885435	0.9756979945844217	0.9716649065534715	0.9674228887676334	0.9760843619985201	0.972428171520502	0.9981074291101892	0.9727560631991005	0.9975771307618791	0.9738964351407265
0.9704695310058049	0.9668314065104494	0.966423944677604	0.962545780690108	0.9615648008480296	0.9742510042270471	1.0	0.9648654649327324	0.9686187744891609	0.9669138789511281	0.9683397084558312	0.9684870096998397	0.9704660742123353	0.9684274296131339	0.961838317541251	0.9667362936345791	0.9678022359317751	0.9678944010569384	0.9671042410352075	0.9693178309663893	0.9627070811806278	0.9653189770035274	0.9584406187199633	0.9699028939231598	0.9596860608470619	0.9712158929379762	0.9723710319168483	0.9640913384761628	0.967696478883771	0.9672463788823771	0.9722577014225174	0.9681807318549691	0.9719216800360951	0.9702895590206765
0.9725497448905805	0.9684506289486395	0.9718656903789425	0.9659866655729773	0.9683067186537635	0.9701184338251535	0.9648654649327324	1.0	0.971306875764531	0.9720813040270255	0.9700044118760763	0.9632681273116676	0.9643624674005509	0.9734091519681866	0.9640527301911161	0.971987769199937	0.970978933393293	0.9736323654917063	0.9692470618997434	0.9695594682467841	0.966251212501395	0.9688556430954538	0.9611837956140764	0.9725041913324657	0.9643957703850021	0.9695853383884605	0.9608091532269496	0.9679372213022941	0.976891817394623	0.9741394127162764	0.9684088782437295	0.9714946688027224	0.9684883300809622	0.9771942886430182
0.9744379746185359	0.9711166662569591	0.9722267994161435	0.9638807355660874	0.965044538551694	0.970977230267147	0.9686187744891609	0.971306875764531	1.0	0.970767451553036	0.9720144428505341	0.9633488386943205	0.9655683573857752	0.9748480043136878	0.9618654525966098	0.9742199996096362	0.970774337583146	0.9747231017555616	0.96895862529345	0.9717830648811122	0.9661987815609402	0.971174540423646	0.9590774208437562	0.9720932777786017	0.9635727947161354	0.9729881733239585	0.9662376044791458	0.9690104883457822	0.9734998513696634	0.9764445512434798	0.9692454410294996	0.9855728470307064	0.9683670269037638	0.978542295739185
0.97316276790884	0.9730901401037315	0.9722761325569613	0.9723686932142069	0.9716613922264526	0.9715623045273296	0.9669138789511281	0.9720813040270255	0.970767451553036	1.0	0.9726693379865837	0.9669799214936557	0.9692709357301198	0.9723762191981036	0.9651815061201194	0.9737403618418093	0.9835746831126518	0.976291332187024	0.9841676965884493	0.9738852353392875	0.9656428823847534	0.9741313487958909	0.9664591311771489	0.9715077184586183	0.9659168766225172	0.9734607649831043	0.9611837956140764	0.9676158455453934	0.9749456172844311	0.9765721753694828	0.969403615380815	0.971831629761624	0.9694571065841193	0.9725863036360854
0.9746001231397488	0.9717902407897032	0.9732796675029972	0.9694112640281705	0.9676258843708426	0.9745385399407667	0.9683397084558312	0.9700044118760763	0.9720144428505341	0.9726693379865837	1.0	0.9656727278114162	0.9679514508082062	0.9734948124998603	0.965642199687709	0.9735045427330701	0.9723413617311952	0.9737972730891993	0.9713771782660812	0.9849479715620689	0.967218963441873	0.9719136270771161	0.965228081504278	0.9752550983251922	0.9657892266352065	0.9882788031647649	0.9652064642696269	0.9692267789486035	0.9727362653074766	0.974033991563575	0.9716081154839469	0.9745077916990167	0.9719606327990199	0.974357004871898
0.9676825771679685	0.9655415181480315	0.9648064553459392	0.9629986077765519	0.9609654489441366	0.9695083585425076	0.9684870096998397	0.9632681273116676	0.9633488386943205	0.9669799214936557	0.9656727278114162	1.0	0.9962623637097261	0.9654434009457556	0.9624283402399361	0.9682114343707969	0.9672352309100248	0.9662131872737014	0.9636314079411281	0.9643372275942211	0.9610637333079023	0.9642765695091818	0.9599594025644114	0.9652870539827089	0.9597003854933427	0.9659593484630357	0.9673579118101308	0.9666716640446347	0.9662814060248174	0.9653059045823424	0.9685661093709586	0.9638028722234169	0.9670352835405404	0.9657340137463221
0.9689622380292655	0.9674032016871292	0.9683982165799239	0.9650498663298097	0.9633709398540045	0.9713727691505075	0.9704660742123353	0.9643624674005509	0.9655683573857752	0.9692709357301198	0.9679514508082062	0.9962623637097261	1.0	0.967882325170011	0.9643067024010108	0.9700665573353413	0.9690114223017885	0.9681412512066219	0.9663471036118847	0.9668541174519447	0.9614587073794412	0.9673319835363253	0.9621786875096138	0.9670837237177462	0.9610156986263712	0.96895862529345	0.9688556430954538	0.9677491912236156	0.9689230746112205	0.967524424195335	0.9698559953719454	0.9670591032796537	0.9691966257825068	0.9678383581481417
0.9800037072861979	0.9715610628443409	0.9740475321826814	0.9675887644844409	0.9684186239630198	0.9731057144322942	0.9684274296131339	0.9734091519681866	0.9748480043136878	0.9723762191981036	0.9734948124998603	0.9654434009457556	0.967882325170011	1.0	0.9618740419662146	0.9748181192237013	0.9731042125941282	0.9740538962454883	0.9713821193613249	0.9748395252915782	0.9737266830266317	0.9703489818625192	0.9606871925627616	0.9786489841006094	0.964410290988804	0.974364474214043	0.9660457155616279	0.9704925969919849	0.9769151808853398	0.9746535967554791	0.9712529621813175	0.974576137725927	0.9708996590830631	0.9774074321911109
0.9655278998359129	0.9607289406918913	0.9687085791262561	0.9718247112683808	0.9682744192489344	0.9636682364734991	0.961838317541251	0.9640527301911161	0.9618654525966098	0.9651815061201194	0.965642199687709	0.9624283402399361	0.9643067024010108	0.9618740419662146	1.0	0.9669627685517705	0.9668568065629685	0.9653412442832129	0.9651582453703492	0.9656741713769624	0.9581595811227341	0.967390934030991	0.972624730728319	0.9633019649453419	0.9666805241384034	0.9635964141601894	0.9572338537584546	0.964082551629559	0.9649983765714844	0.9647346333881457	0.9623104962266528	0.9640297718615295	0.9616115374041186	0.964468637846559
0.9747573907090706	0.9740635458301653	0.9843482845241949	0.9679297544899443	0.96790748407035	0.974364474214043	0.9667362936345791	0.971987769199937	0.9742199996096362	0.9737403618418093	0.9735045427330701	0.9682114343707969	0.9700665573353413	0.9748181192237013	0.9669627685517705	1.0	0.9731261625653336	0.9765894306866684	0.9721838317113419	0.9722547992451864	0.9668502226356973	0.9744684933880761	0.9660071410334846	0.972692940535807	0.9675367272818527	0.9767171609254595	0.9648204358871824	0.9698091121069655	0.9791585059722044	0.9759280023353403	0.9722914582320277	0.9743365313305122	0.9715895783411198	0.9774967490372493
0.9723648482386135	0.9697057376232692	0.9730379552823665	0.9714106950934408	0.9697364791665284	0.9709447289343504	0.9678022359317751	0.970978933393293	0.970774337583146	0.9835746831126518	0.9723413617311952	0.9672352309100248	0.9690114223017885	0.9731042125941282	0.9668568065629685	0.9731261625653336	1.0	0.9758965903971768	0.9833458547179832	0.9743594264715251	0.9652101890792372	0.9734254067981776	0.9671217527917426	0.9724325624389744	0.9665448367266548	0.9730001068385238	0.9643692663463436	0.9674208746301874	0.9738895886341395	0.9751368522734275	0.9699762766992602	0.9718874981242377	0.9690607553472744	0.9730302780908613
0.9745706024057882	0.9726307720490825	0.9775485476946808	0.9681205138977537	0.9682560017137557	0.9731088385591641	0.9678944010569384	0.9736323654917063	0.9747231017555616	0.976291332187024	0.9737972730891993	0.9662131872737014	0.9681412512066219	0.9740538962454883	0.9653412442832129	0.9765894306866684	0.9758965903971768	1.0	0.9759660683006324	0.9743976447664583	0.9669919071034896	0.9726961589456997	0.9654788391728394	0.9749928712195702	0.9679070187995007	0.972915352221672	0.9644351190966278	0.9688806962526456	0.9787462233917674	0.9969644979148696	0.9713895098988667	0.9750948246893038	0.9712890928677719	0.9776065054631595
0.9727952285811632	0.9699821499690305	0.971616777177239	0.9700786439747529	0.9698867549817848	0.9717040413260398	0.9671042410352075	0.9692470618997434	0.96895862529345	0.9841676965884493	0.9713771782660812	0.9636314079411281	0.9663471036118847	0.9713821193613249	0.9651582453703492	0.9721838317113419	0.9833458547179832	0.9759660683006324	1.0	0.9704043150178061	0.9641552023781587	0.9751218559929035	0.9634295712232748	0.97252755803353	0.9655636096851652	0.971083529095548	0.962792299014697	0.9667925656623599	0.97269557960677	0.9749742571335431	0.969999767505674	0.9698484063955911	0.970874792910441	0.9712037785802826
0.9740072900440505	0.9707978776827761	0.9712196489099489	0.9696284424639754	0.9695167506242066	0.9728170213876209	0.9693178309663893	0.9695594682467841	0.9717830648811122	0.9738852353392875	0.9849479715620689	0.9643372275942211	0.9668541174519447	0.9748395252915782	0.9656741713769624	0.9722547992451864	0.9743594264715251	0.9743976447664583	0.9704043150178061	1.0	0.9672954666584914	0.9726199567625816	0.9659558310184629	0.9754543623843365	0.9670324162964957	0.985580448127828	0.9631843654063894	0.9684986227387768	0.9737785055309025	0.9744270360946202	0.9718597045116829	0.9741441689367187	0.9701973219801656	0.974527714173192
0.9831492040471969	0.9649621600237274	0.9658096163085407	0.961359641537959	0.9618536012289531	0.9660245870014116	0.9627070811806278	0.966251212501395	0.9661987815609402	0.9656428823847534	0.967218963441873	0.9610637333079023	0.9614587073794412	0.9737266830266317	0.9581595811227341	0.9668502226356973	0.9652101890792372	0.9669919071034896	0.9641552023781587	0.9672954666584914	1.0	0.9641898174738843	0.9544827233618559	0.970680688502505	0.9601366220891348	0.9668394300932532	0.9614043089097012	0.9628353177233494	0.9683566460176471	0.9654196619912391	0.9649452159837693	0.966226111569866	0.9642472576079972	0.9700509229520916
0.97182332407775	0.9713360128830669	0.9730601616358244	0.9694938514035627	0.9670781806610901	0.9703805910154037	0.9653189770035274	0.9688556430954538	0.971174540423646	0.9741313487958909	0.9719136270771161	0.9642765695091818	0.9673319835363253	0.9703489818625192	0.967390934030991	0.9744684933880761	0.9734254067981776	0.9726961589456997	0.9751218559929035	0.9726199567625816	0.9641898174738843	1.0	0.9664961159027425	0.9719787313106691	0.9640415801966897	0.9716141231346083	0.9630184689972752	0.9679932894847465	0.974330322489058	0.9731325030829986	0.9685279444299357	0.9723505250377674	0.9687180734429678	0.9713993927568387
0.9641145098925322	0.9616962312695255	0.9653571777884621	0.973759483144769	0.9696074903594193	0.9615501798327117	0.9584406187199633	0.9611837956140764	0.9590774208437562	0.9664591311771489	0.965228081504278	0.9599594025644114	0.9621786875096138	0.9606871925627616	0.972624730728319	0.9660071410334846	0.9671217527917426	0.9654788391728394	0.9634295712232748	0.9659558310184629	0.9544827233618559	0.9664961159027425	1.0	0.9634500667932975	0.9687556372667017	0.9649782522388879	0.9556582148738869	0.963923671336999	0.9652730837282799	0.965298605829259	0.9604170150231278	0.9616793919439587	0.9590517344261136	0.961378759066556
0.9760552764193191	0.9719818285828604	0.9726330233476524	0.9703306916733704	0.9679896167918981	0.9724186260148036	0.9699028939231598	0.9725041913324657	0.9720932777786017	0.9715077184586183	0.9752550983251922	0.9652870539827089	0.9670837237177462	0.9786489841006094	0.9633019649453419	0.972692940535807	0.9724325624389744	0.9749928712195702	0.97252755803353	0.9754543623843365	0.970680688502505	0.9719787313106691	0.9634500667932975	1.0	0.9655622745289535	0.9773622926096405	0.9647788046221306	0.969961757945847	0.9752486178684111	0.9746941944152052	0.9716552792182106	0.9733694648862202	0.9704217285702413	0.975990614936591
0.9669969244799262	0.9633658102702765	0.9678099709233269	0.9772630754842019	0.9725580076534981	0.963936747885435	0.9596860608470619	0.9643957703850021	0.9635727947161354	0.9659168766225172	0.9657892266352065	0.9597003854933427	0.9610156986263712	0.964410290988804	0.9666805241384034	0.9675367272818527	0.9665448367266548	0.9679070187995007	0.9655636096851652	0.9670324162964957	0.9601366220891348	0.9640415801966897	0.9687556372667017	0.9655622745289535	1.0	0.9667896988323063	0.9570260507401597	0.9639045586800703	0.9647772359398741	0.9669111269597817	0.9632704332151667	0.9640167318416253	0.9629895845031186	0.9649556436236425
0.9751561135665519	0.9733195075022122	0.9728541351703726	0.9683470933529615	0.9663109747877034	0.9756979945844217	0.9712158929379762	0.9695853383884605	0.9729881733239585	0.9734607649831043	0.9882788031647649	0.9659593484630357	0.96895862529345	0.974364474214043	0.9635964141601894	0.9767171609254595	0.9730001068385238	0.972915352221672	0.971083529095548	0.985580448127828	0.9668394300932532	0.9716141231346083	0.9649782522388879	0.9773622926096405	0.9667896988323063	1.0	0.9666397502616346	0.9691079506211936	0.9750285188227098	0.9724708463529181	0.972540338601135	0.9763233321143341	0.972962049328001	0.9747124526912363
0.9678191390210199	0.9647347525015982	0.9642033624042429	0.9597206767729765	0.9588214677185626	0.9716649065534715	0.9723710319168483	0.9608091532269496	0.9662376044791458	0.9611837956140764	0.9652064642696269	0.9673579118101308	0.9688556430954538	0.9660457155616279	0.9572338537584546	0.9648204358871824	0.9643692663463436	0.9644351190966278	0.962792299014697	0.9631843654063894	0.9614043089097012	0.9630184689972752	0.9556582148738869	0.9647788046221306	0.9570260507401597	0.9666397502616346	1.0	0.9627851272911336	0.9671099137331951	0.9654320217729446	0.9711483575648923	0.9653995121685226	0.9699299035683109	0.9668483078684698
0.9691177808974919	0.9672361553064162	0.9680969723998524	0.965925132716699	0.9656643479535024	0.9674228887676334	0.9640913384761628	0.9679372213022941	0.9690104883457822	0.9676158455453934	0.9692267789486035	0.9666716640446347	0.9677491912236156	0.9704925969919849	0.964082551629559	0.9698091121069655	0.9674208746301874	0.9688806962526456	0.9667925656623599	0.9684986227387768	0.9628353177233494	0.9679932894847465	0.963923671336999	0.969961757945847	0.9639045586800703	0.9691079506211936	0.9627851272911336	1.0	0.9699857700676426	0.96959073379965	0.9666837375622535	0.9687729874676175	0.9647583272375222	0.9681422309063709
0.9754381302416268	0.9750348481166464	0.9772064523054049	0.969028933322035	0.9693855193985412	0.9760843619985201	0.967696478883771	0.976891817394623	0.9734998513696634	0.9749456172844311	0.9727362653074766	0.9662814060248174	0.9689230746112205	0.9769151808853398	0.9649983765714844	0.9791585059722044	0.9738895886341395	0.9787462233917674	0.97269557960677	0.9737785055309025	0.9683566460176471	0.974330322489058	0.9652730837282799	0.9752486178684111	0.9647772359398741	0.9750285188227098	0.9671099137331951	0.9699857700676426	1.0	0.9781037204654112	0.9740974034257429	0.9758269713221238	0.9737482322295129	0.9780050738565639
0.9738378258475563	0.9728601335434668	0.9765978325727481	0.9681366902691726	0.9686925877264974	0.972428171520502	0.9672463788823771	0.9741394127162764	0.9764445512434798	0.9765721753694828	0.974033991563575	0.9653059045823424	0.967524424195335	0.9746535967554791	0.9647346333881457	0.9759280023353403	0.9751368522734275	0.9969644979148696	0.9749742571335431	0.9744270360946202	0.9654196619912391	0.9731325030829986	0.965298605829259	0.9746941944152052	0.9669111269597817	0.9724708463529181	0.9654320217729446	0.96959073379965	0.9781037204654112	1.0	0.9705113921581024	0.9765541474067104	0.9700603753363091	0.9775039146477265
0.9722116103082177	0.9697318629564626	0.9694436305152083	0.9651358213717351	0.9638671923901866	0.9981074291101892	0.9722577014225174	0.9684088782437295	0.9692454410294996	0.969403615380815	0.9716081154839469	0.9685661093709586	0.9698559953719454	0.9712529621813175	0.9623104962266528	0.9722914582320277	0.9699762766992602	0.9713895098988667	0.969999767505674	0.9718597045116829	0.9649452159837693	0.9685279444299357	0.9604170150231278	0.9716552792182106	0.9632704332151667	0.972540338601135	0.9711483575648923	0.9666837375622535	0.9740974034257429	0.9705113921581024	1.0	0.9714983830971882	0.9972407349316067	0.971890151468497
0.974426372836697	0.97155169025021	0.9741579125123757	0.9656039990856574	0.9662029536739138	0.9727560631991005	0.9681807318549691	0.9714946688027224	0.9855728470307064	0.971831629761624	0.9745077916990167	0.9638028722234169	0.9670591032796537	0.974576137725927	0.9640297718615295	0.9743365313305122	0.9718874981242377	0.9750948246893038	0.9698484063955911	0.9741441689367187	0.966226111569866	0.9723505250377674	0.9616793919439587	0.9733694648862202	0.9640167318416253	0.9763233321143341	0.9653995121685226	0.9687729874676175	0.9758269713221238	0.9765541474067104	0.9714983830971882	1.0	0.9705986933559075	0.9792705953994263
0.9722105753557168	0.9683549190764013	0.969491684883972	0.9648659225647823	0.963737729854367	0.9975771307618791	0.9719216800360951	0.9684883300809622	0.9683670269037638	0.9694571065841193	0.9719606327990199	0.9670352835405404	0.9691966257825068	0.9708996590830631	0.9616115374041186	0.9715895783411198	0.9690607553472744	0.9712890928677719	0.970874792910441	0.9701973219801656	0.9642472576079972	0.9687180734429678	0.9590517344261136	0.9704217285702413	0.9629895845031186	0.972962049328001	0.9699299035683109	0.9647583272375222	0.9737482322295129	0.9700603753363091	0.9972407349316067	0.9705986933559075	1.0	0.9713321136933422
0.9778885363354327	0.9736959313782055	0.9759724195258267	0.9678153458964016	0.9665199437399438	0.9738964351407265	0.9702895590206765	0.9771942886430182	0.978542295739185	0.9725863036360854	0.974357004871898	0.9657340137463221	0.9678383581481417	0.9774074321911109	0.964468637846559	0.9774967490372493	0.9730302780908613	0.9776065054631595	0.9712037785802826	0.974527714173192	0.9700509229520916	0.9713993927568387	0.961378759066556	0.975990614936591	0.9649556436236425	0.9747124526912363	0.9668483078684698	0.9681422309063709	0.9780050738565639	0.9775039146477265	0.971890151468497	0.9792705953994263	0.9713321136933422	1.0
