/home/jshaw/scratch/2022_sketched_distance/references/SGB_genome_fastas_part3/4752/BackhedF_2015__SID12_12M__bin.11.fa	/home/jshaw/scratch/2022_sketched_distance/references/SGB_genome_fastas_part3/4752/BackhedF_2015__SID130_12M__bin.16.fa	/home/jshaw/scratch/2022_sketched_distance/references/SGB_genome_fastas_part3/4752/BackhedF_2015__SID157_12M__bin.15.fa	/home/jshaw/scratch/2022_sketched_distance/references/SGB_genome_fastas_part3/4752/BackhedF_2015__SID180_12M__bin.16.fa	/home/jshaw/scratch/2022_sketched_distance/references/SGB_genome_fastas_part3/4752/BackhedF_2015__SID195_12M__bin.8.fa	/home/jshaw/scratch/2022_sketched_distance/references/SGB_genome_fastas_part3/4752/BackhedF_2015__SID229_12M__bin.22.fa	/home/jshaw/scratch/2022_sketched_distance/references/SGB_genome_fastas_part3/4752/BackhedF_2015__SID258_12M__bin.21.fa	/home/jshaw/scratch/2022_sketched_distance/references/SGB_genome_fastas_part3/4752/BackhedF_2015__SID265_12M__bin.15.fa	/home/jshaw/scratch/2022_sketched_distance/references/SGB_genome_fastas_part3/4752/BackhedF_2015__SID272_12M__bin.5.fa	/home/jshaw/scratch/2022_sketched_distance/references/SGB_genome_fastas_part3/4752/BackhedF_2015__SID275_12M__bin.13.fa	/home/jshaw/scratch/2022_sketched_distance/references/SGB_genome_fastas_part3/4752/BackhedF_2015__SID281_12M__bin.16.fa	/home/jshaw/scratch/2022_sketched_distance/references/SGB_genome_fastas_part3/4752/BackhedF_2015__SID282_12M__bin.23.fa	/home/jshaw/scratch/2022_sketched_distance/references/SGB_genome_fastas_part3/4752/BackhedF_2015__SID332_12M__bin.35.fa	/home/jshaw/scratch/2022_sketched_distance/references/SGB_genome_fastas_part3/4752/BackhedF_2015__SID343_12M__bin.16.fa	/home/jshaw/scratch/2022_sketched_distance/references/SGB_genome_fastas_part3/4752/BackhedF_2015__SID521_12M__bin.10.fa	/home/jshaw/scratch/2022_sketched_distance/references/SGB_genome_fastas_part3/4752/BackhedF_2015__SID526_12M__bin.21.fa	/home/jshaw/scratch/2022_sketched_distance/references/SGB_genome_fastas_part3/4752/BackhedF_2015__SID560_12M__bin.12.fa	/home/jshaw/scratch/2022_sketched_distance/references/SGB_genome_fastas_part3/4752/BackhedF_2015__SID590_12M__bin.26.fa	/home/jshaw/scratch/2022_sketched_distance/references/SGB_genome_fastas_part3/4752/BackhedF_2015__SID591_12M__bin.12.fa	/home/jshaw/scratch/2022_sketched_distance/references/SGB_genome_fastas_part3/4752/BackhedF_2015__SID608_12M__bin.6.fa	/home/jshaw/scratch/2022_sketched_distance/references/SGB_genome_fastas_part3/4752/BackhedF_2015__SID608_4M__bin.8.fa	/home/jshaw/scratch/2022_sketched_distance/references/SGB_genome_fastas_part3/4752/BackhedF_2015__SID635_4M__bin.8.fa	/home/jshaw/scratch/2022_sketched_distance/references/SGB_genome_fastas_part3/4752/BackhedF_2015__SID70_4M__bin.11.fa	/home/jshaw/scratch/2022_sketched_distance/references/SGB_genome_fastas_part3/4752/BackhedF_2015__SID9_12M__bin.2.fa	/home/jshaw/scratch/2022_sketched_distance/references/SGB_genome_fastas_part3/4752/GeversD_2014__SKSTL0001__bin.7.fa	/home/jshaw/scratch/2022_sketched_distance/references/SGB_genome_fastas_part3/4752/KosticAD_2015__PRJNA231909.3105747__bin.1.fa	/home/jshaw/scratch/2022_sketched_distance/references/SGB_genome_fastas_part3/4752/KosticAD_2015__PRJNA231909.3112118__bin.9.fa	/home/jshaw/scratch/2022_sketched_distance/references/SGB_genome_fastas_part3/4752/NielsenHB_2014__V1_CD21_0__bin.18.fa	/home/jshaw/scratch/2022_sketched_distance/references/SGB_genome_fastas_part3/4752/WenC_2017__N209__bin.11.fa
1.0	0.9916214758161351	0.9967474324174683	0.9954051571769145	0.9908139893735216	0.9899023389580591	0.9887914172736495	0.9884858146942019	0.9826718094803818	0.997104285149073	0.9963175489200469	0.9927776343210047	0.9899653031895449	0.9913209761812082	0.9893515557691676	0.9906911458134252	0.9913209761812082	0.9916613367963175	0.99189949856522	0.9909567317522655	0.9917607794603752	0.9919390259273215	0.9894581923074869	0.9969518172542469	0.9871429906202898	0.9874159727917324	0.990215965619868	0.9899233403874557	0.9885077376876946
0.9916214758161351	1.0	0.993949803750628	0.9944557777090643	0.9976770820531341	0.9988609043525327	0.9953681952312987	0.9960528967551328	0.9987343906988676	0.9937013298473478	0.9928349814447791	0.9929323696023268	0.9964441200198639	0.9986771193682258	0.9968181334362426	0.9979202778466065	0.9967282549131556	0.9993392735226299	0.9973506737968736	0.9972396356630188	0.9975858740537346	0.9949983510576044	0.9972920655282149	0.9937369404297571	0.9942362318794964	0.9957524623739666	0.9973302937670386	0.9950947043021429	0.9931701414881942
0.9967474324174683	0.993949803750628	1.0	0.998407823839232	0.9948888242937075	0.9951261744612425	0.9937792024928392	0.9923482887561873	0.9948893853740503	0.9982665151068868	0.9968116291637731	0.9936370444337487	0.9939678552464208	0.9948360729247337	0.9952574174201873	0.9955680027917231	0.9953961444997107	0.9946856629341787	0.9944835724039556	0.9946360240226487	0.9936837697503511	0.9981815808856643	0.9946091965291588	0.9977954668866625	0.9960966318027957	0.9929821299531477	0.9946627094502797	0.9926263733592371	0.9932387618898114
0.9954051571769145	0.9944557777090643	0.998407823839232	1.0	0.9938755270129661	0.9943234574299801	0.9930117041401475	0.9915578076841574	0.9940382288352311	0.9990813863515643	0.9976872527942119	0.9941747940847188	0.9930696404409742	0.9939891249913468	0.9944554063212168	0.9944525472177917	0.9944987635513914	0.9944557777090643	0.9944800988708896	0.9935775794832943	0.9946135472428729	0.9971755757346069	0.993469585791075	0.998751653647385	0.9954473819261496	0.9918626584722259	0.9936600574270947	0.9918538028829555	0.9925740586496313
0.9908139893735216	0.9976770820531341	0.9948888242937075	0.9938755270129661	1.0	0.9965190392700899	0.9949314319445339	0.9938476197787409	0.9960489127082145	0.9948401071653937	0.9935603286350494	0.9938880727784254	0.9981106630693121	0.9962129538926823	0.997565668528694	0.997451440284628	0.9943060281635895	0.9972717732007448	0.9968385172306298	0.9970102146509519	0.9996959699066964	0.9943149089489799	0.997199057262097	0.9946077183119866	0.9934359100803796	0.9957017995400816	0.9970097680908938	0.9949739074418851	0.9924338821688906
0.9899023389580591	0.9988609043525327	0.9951261744612425	0.9943234574299801	0.9965190392700899	1.0	0.9928702270829471	0.9937524717496938	0.9965798676917382	0.9949747666228964	0.994038500875573	0.9944007495080294	0.9959099241804382	0.9985670997584191	0.9946980529243458	0.996325335325052	0.9947590820070825	0.9986464564246296	0.9976464654659943	0.995995875919147	0.9972827552672514	0.993385991804999	0.9958730194878722	0.9949874103749389	0.9922147575938288	0.9928856743496228	0.9956135313432728	0.9938427977156706	0.9914935106005504
0.9887914172736495	0.9953681952312987	0.9937792024928392	0.9930117041401475	0.9949314319445339	0.9928702270829471	1.0	0.9912578014470945	0.9933524418125391	0.9936132588070797	0.9928134664897311	0.9933767394632527	0.9942449119832121	0.9942992735103047	0.9918527540803965	0.9940676186381073	0.9928702270829471	0.9952232454884694	0.9948780979861228	0.993861863630654	0.9958641143412281	0.9908568648747127	0.9939168566923254	0.994149564216924	0.9906484876987933	0.9915836907469504	0.9947175795049031	0.9936963345698339	0.9893740461906555
0.9884858146942019	0.9960528967551328	0.9923482887561873	0.9915578076841574	0.9938476197787409	0.9937524717496938	0.9912578014470945	1.0	0.9947998685457475	0.9922202234484091	0.9916884593687333	0.9920056730803963	0.9932449547192128	0.995540973871741	0.991425548828031	0.993506542937672	0.9930091372201834	0.9960147751879906	0.9959766097984674	0.993506542937672	0.9955925229299883	0.9899849684011011	0.9931341910020267	0.9925465211685655	0.9893543557575956	0.9910004007767721	0.9937252363257414	0.9927856460527129	0.9882562516788019
0.9826718094803818	0.9987343906988676	0.9948893853740503	0.9940382288352311	0.9960489127082145	0.9965798676917382	0.9933524418125391	0.9947998685457475	1.0	0.9947101094086475	0.9939095696090817	0.9943849494149387	0.9954038719871746	0.9979773484656639	0.9939647704652095	0.99596247408762	0.995421471377137	0.9987184614122712	0.9976169812869243	0.9958584497854934	0.9974187589206346	0.9915434525572051	0.9954566421772708	0.9947460422258876	0.9878644633594172	0.9932022777176865	0.9962382892589925	0.9949608252660348	0.9911454529844994
0.997104285149073	0.9937013298473478	0.9982665151068868	0.9990813863515643	0.9948401071653937	0.9949747666228964	0.9936132588070797	0.9922202234484091	0.9947101094086475	1.0	0.9971918662585338	0.9934964716622235	0.9938803734235696	0.9946903233840826	0.9951913189577495	0.9951139583053366	0.9953087413723966	0.9944605181310386	0.9943772937831509	0.9943405781811852	0.9935668326303747	0.9987906100924114	0.9941529402823962	0.9984389241938642	0.9964683470783441	0.9924830502737099	0.9943152212989803	0.9921833691249444	0.9933345921427432
0.9963175489200469	0.9928349814447791	0.9968116291637731	0.9976872527942119	0.9935603286350494	0.994038500875573	0.9928134664897311	0.9916884593687333	0.9939095696090817	0.9971918662585338	1.0	0.9906542197224382	0.992876718399539	0.9938021062880226	0.9940743896624264	0.9940467204554573	0.9943961108252081	0.9935565457709967	0.9935630896201395	0.9932852665232583	0.990295334352547	0.9981188037293194	0.9932473760606584	0.9968782430399882	0.9960067975398447	0.9916484725691495	0.9933018350869386	0.99138682011644	0.9923917131405559
0.9927776343210047	0.9929323696023268	0.9936370444337487	0.9941747940847188	0.9938880727784254	0.9944007495080294	0.9933767394632527	0.9920056730803963	0.9943849494149387	0.9934964716622235	0.9906542197224382	1.0	0.9931976332955491	0.9938770405045971	0.9938959888180378	0.9942756091619528	0.9940602765847624	0.9935443246024833	0.9930746267591156	0.9932597256305079	0.9906783929290536	0.9950673045387771	0.9935866253381541	0.9937366176756468	0.9945353566269558	0.991990507115089	0.9935197889853103	0.992496692688145	0.9925320680327955
0.9899653031895449	0.9964441200198639	0.9939678552464208	0.9930696404409742	0.9981106630693121	0.9959099241804382	0.9942449119832121	0.9932449547192128	0.9954038719871746	0.9938803734235696	0.992876718399539	0.9931976332955491	1.0	0.9948423606729668	0.9966665872987969	0.9961838368958761	0.9933517042825112	0.996199977830772	0.9957062411475737	0.9955665250802893	0.998963959243544	0.9937893382550704	0.9969888321955575	0.9938177446733236	0.9928804294528302	0.9950101709478668	0.996674503600993	0.9945983461648977	0.9915945244611934
0.9913209761812082	0.9986771193682258	0.9948360729247337	0.9939891249913468	0.9962129538926823	0.9985670997584191	0.9942992735103047	0.995540973871741	0.9979773484656639	0.9946903233840826	0.9938021062880226	0.9938770405045971	0.9948423606729668	1.0	0.9958594237162016	0.9967178941872432	0.9962455921086338	0.998362552398115	0.9978684668889594	0.9960162920126152	0.9975237767356869	0.9946095394711375	0.9960139399192077	0.9947268208742251	0.9936619561137479	0.9946327018231642	0.9958867372345933	0.9936517274026985	0.9925460708273927
0.9893515557691676	0.9968181334362426	0.9952574174201873	0.9944554063212168	0.997565668528694	0.9946980529243458	0.9918527540803965	0.991425548828031	0.9939647704652095	0.9951913189577495	0.9940743896624264	0.9938959888180378	0.9966665872987969	0.9958594237162016	1.0	0.996246235001321	0.9940333054119097	0.9965905542115995	0.9954680518791609	0.9971940023697334	0.998501024213729	0.992145599456415	0.9952442082593633	0.9950055394853579	0.9916382081652215	0.9928901367102195	0.9962974710451796	0.9943334137165706	0.9904779990571649
0.9906911458134252	0.9979202778466065	0.9955680027917231	0.9944525472177917	0.997451440284628	0.996325335325052	0.9940676186381073	0.993506542937672	0.99596247408762	0.9951139583053366	0.9940467204554573	0.9942756091619528	0.9961838368958761	0.9967178941872432	0.996246235001321	1.0	0.9946266340580867	0.9979202778466065	0.9967061190542739	0.9968588712369156	0.9984273616302007	0.9939464616715777	0.9974657577614643	0.995286490490858	0.9928804294528302	0.9948804939606295	0.996729665148381	0.9955680027917231	0.9923494902878013
0.9913209761812082	0.9967282549131556	0.9953961444997107	0.9944987635513914	0.9943060281635895	0.9947590820070825	0.9928702270829471	0.9930091372201834	0.995421471377137	0.9953087413723966	0.9943961108252081	0.9940602765847624	0.9933517042825112	0.9962455921086338	0.9940333054119097	0.9946266340580867	1.0	0.996632281778089	0.9960505456307668	0.994817519860972	0.9960138465167397	0.9936602260900093	0.9936422140398171	0.9957804719180269	0.9923824354632172	0.9916771109974841	0.99408623116259	0.9932720300144946	0.9905404757043089
0.9916613367963175	0.9993392735226299	0.9946856629341787	0.9944557777090643	0.9972717732007448	0.9986464564246296	0.9952232454884694	0.9960147751879906	0.9987184614122712	0.9944605181310386	0.9935565457709967	0.9935443246024833	0.996199977830772	0.998362552398115	0.9965905542115995	0.9979202778466065	0.996632281778089	1.0	0.9973291562916755	0.9970008265262977	0.9977302394516032	0.9951773328210476	0.9971057880205008	0.9944486259419338	0.9940459104501825	0.9953705923861114	0.9970327655722798	0.9949502291945835	0.9930462651851507
0.99189949856522	0.9973506737968736	0.9944835724039556	0.9944800988708896	0.9968385172306298	0.9976464654659943	0.9948780979861228	0.9959766097984674	0.9976169812869243	0.9943772937831509	0.9935630896201395	0.9930746267591156	0.9957062411475737	0.9978684668889594	0.9954680518791609	0.9967061190542739	0.9960505456307668	0.9973291562916755	1.0	0.9957092162470009	0.9971989275023152	0.9951910607306109	0.9967064472830675	0.9944127578651426	0.9941094724577013	0.9951006441024194	0.9966977342126427	0.9940699035011236	0.9926857737907542
0.9909567317522655	0.9972396356630188	0.9946360240226487	0.9935775794832943	0.9970102146509519	0.995995875919147	0.993861863630654	0.993506542937672	0.9958584497854934	0.9943405781811852	0.9932852665232583	0.9932597256305079	0.9955665250802893	0.9960162920126152	0.9971940023697334	0.9968588712369156	0.994817519860972	0.9970008265262977	0.9957092162470009	1.0	0.9993470231007414	0.9938322640543008	0.9955155461368503	0.9942042803730878	0.9935006522516858	0.9946980900269685	0.9963592898662323	0.994439352995609	0.9921658991979574
0.9917607794603752	0.9975858740537346	0.9936837697503511	0.9946135472428729	0.9996959699066964	0.9972827552672514	0.9958641143412281	0.9955925229299883	0.9974187589206346	0.9935668326303747	0.990295334352547	0.9906783929290536	0.998963959243544	0.9975237767356869	0.998501024213729	0.9984273616302007	0.9960138465167397	0.9977302394516032	0.9971989275023152	0.9993470231007414	1.0	0.9953690085309753	0.9982194065713663	0.9932675503380873	0.9944411874786624	0.9976822942256149	0.9988664117822794	0.9966322856386244	0.9932113307942814
0.9919390259273215	0.9949983510576044	0.9981815808856643	0.9971755757346069	0.9943149089489799	0.993385991804999	0.9908568648747127	0.9899849684011011	0.9915434525572051	0.9987906100924114	0.9981188037293194	0.9950673045387771	0.9937893382550704	0.9946095394711375	0.992145599456415	0.9939464616715777	0.9936602260900093	0.9951773328210476	0.9951910607306109	0.9938322640543008	0.9953690085309753	1.0	0.9935306086654239	0.9985681779255177	0.9925825333889875	0.9905582603633258	0.9938322640543008	0.9925196482254589	0.9910129474214802
0.9894581923074869	0.9972920655282149	0.9946091965291588	0.993469585791075	0.997199057262097	0.9958730194878722	0.9939168566923254	0.9931341910020267	0.9954566421772708	0.9941529402823962	0.9932473760606584	0.9935866253381541	0.9969888321955575	0.9960139399192077	0.9952442082593633	0.9974657577614643	0.9936422140398171	0.9971057880205008	0.9967064472830675	0.9955155461368503	0.9982194065713663	0.9935306086654239	1.0	0.9942803094092283	0.992315466283002	0.9946065103903458	0.9965287301119441	0.9950468393551725	0.9916377217896624
0.9969518172542469	0.9937369404297571	0.9977954668866625	0.998751653647385	0.9946077183119866	0.9949874103749389	0.994149564216924	0.9925465211685655	0.9947460422258876	0.9984389241938642	0.9968782430399882	0.9937366176756468	0.9938177446733236	0.9947268208742251	0.9950055394853579	0.995286490490858	0.9957804719180269	0.9944486259419338	0.9944127578651426	0.9942042803730878	0.9932675503380873	0.9985681779255177	0.9942803094092283	1.0	0.9966305930420641	0.9926363470201037	0.9944894206867537	0.9929483688204768	0.99337557749782
0.9871429906202898	0.9942362318794964	0.9960966318027957	0.9954473819261496	0.9934359100803796	0.9922147575938288	0.9906484876987933	0.9893543557575956	0.9878644633594172	0.9964683470783441	0.9960067975398447	0.9945353566269558	0.9928804294528302	0.9936619561137479	0.9916382081652215	0.9928804294528302	0.9923824354632172	0.9940459104501825	0.9941094724577013	0.9935006522516858	0.9944411874786624	0.9925825333889875	0.992315466283002	0.9966305930420641	1.0	0.9908067441969035	0.9936458610333752	0.9923824354632172	0.9896463588564186
0.9874159727917324	0.9957524623739666	0.9929821299531477	0.9918626584722259	0.9957017995400816	0.9928856743496228	0.9915836907469504	0.9910004007767721	0.9932022777176865	0.9924830502737099	0.9916484725691495	0.991990507115089	0.9950101709478668	0.9946327018231642	0.9928901367102195	0.9948804939606295	0.9916771109974841	0.9953705923861114	0.9951006441024194	0.9946980900269685	0.9976822942256149	0.9905582603633258	0.9946065103903458	0.9926363470201037	0.9908067441969035	1.0	0.9958156823645365	0.993689992665957	0.9885476541834355
0.990215965619868	0.9973302937670386	0.9946627094502797	0.9936600574270947	0.9970097680908938	0.9956135313432728	0.9947175795049031	0.9937252363257414	0.9962382892589925	0.9943152212989803	0.9933018350869386	0.9935197889853103	0.996674503600993	0.9958867372345933	0.9962974710451796	0.996729665148381	0.99408623116259	0.9970327655722798	0.9966977342126427	0.9963592898662323	0.9988664117822794	0.9938322640543008	0.9965287301119441	0.9944894206867537	0.9936458610333752	0.9958156823645365	1.0	0.9951893607110437	0.9920666187053843
0.9899233403874557	0.9950947043021429	0.9926263733592371	0.9918538028829555	0.9949739074418851	0.9938427977156706	0.9936963345698339	0.9927856460527129	0.9949608252660348	0.9921833691249444	0.99138682011644	0.992496692688145	0.9945983461648977	0.9936517274026985	0.9943334137165706	0.9955680027917231	0.9932720300144946	0.9949502291945835	0.9940699035011236	0.994439352995609	0.9966322856386244	0.9925196482254589	0.9950468393551725	0.9929483688204768	0.9923824354632172	0.993689992665957	0.9951893607110437	1.0	0.9906592670475154
0.9885077376876946	0.9931701414881942	0.9932387618898114	0.9925740586496313	0.9924338821688906	0.9914935106005504	0.9893740461906555	0.9882562516788019	0.9911454529844994	0.9933345921427432	0.9923917131405559	0.9925320680327955	0.9915945244611934	0.9925460708273927	0.9904779990571649	0.9923494902878013	0.9905404757043089	0.9930462651851507	0.9926857737907542	0.9921658991979574	0.9932113307942814	0.9910129474214802	0.9916377217896624	0.99337557749782	0.9896463588564186	0.9885476541834355	0.9920666187053843	0.9906592670475154	1.0
