/home/jshaw/scratch/2022_sketched_distance/references/SGB_genome_fastas_part4/5832/BackhedF_2015__SID338_12M__bin.15.fa	/home/jshaw/scratch/2022_sketched_distance/references/SGB_genome_fastas_part4/5832/BackhedF_2015__SID521_12M__bin.19.fa	/home/jshaw/scratch/2022_sketched_distance/references/SGB_genome_fastas_part4/5832/BackhedF_2015__SID622_12M__bin.11.fa	/home/jshaw/scratch/2022_sketched_distance/references/SGB_genome_fastas_part4/5832/DavidLA_2015__LD-Run1-09__bin.15.fa	/home/jshaw/scratch/2022_sketched_distance/references/SGB_genome_fastas_part4/5832/GeversD_2014__SKBSTL066__bin.20.fa	/home/jshaw/scratch/2022_sketched_distance/references/SGB_genome_fastas_part4/5832/LiJ_2014__O2.UC1-1__bin.41.fa	/home/jshaw/scratch/2022_sketched_distance/references/SGB_genome_fastas_part4/5832/NielsenHB_2014__O2_UC1_0__bin.2.fa	/home/jshaw/scratch/2022_sketched_distance/references/SGB_genome_fastas_part4/5832/NielsenHB_2014__O2_UC1_2__bin.30.fa	/home/jshaw/scratch/2022_sketched_distance/references/SGB_genome_fastas_part4/5832/OhJ_2014__MET0251__bin.45.fa	/home/jshaw/scratch/2022_sketched_distance/references/SGB_genome_fastas_part4/5832/VatanenT_2016__G80273__bin.12.fa	/home/jshaw/scratch/2022_sketched_distance/references/SGB_genome_fastas_part4/5832/VatanenT_2016__G80280__bin.5.fa	/home/jshaw/scratch/2022_sketched_distance/references/SGB_genome_fastas_part4/5832/VincentC_2016__MM002.1__bin.10.fa	/home/jshaw/scratch/2022_sketched_distance/references/SGB_genome_fastas_part4/5832/VincentC_2016__MM002.2__bin.21.fa	/home/jshaw/scratch/2022_sketched_distance/references/SGB_genome_fastas_part4/5832/VincentC_2016__MM004.2__bin.16.fa	/home/jshaw/scratch/2022_sketched_distance/references/SGB_genome_fastas_part4/5832/VincentC_2016__MM017__bin.17.fa	/home/jshaw/scratch/2022_sketched_distance/references/SGB_genome_fastas_part4/5832/VincentC_2016__MM019.2__bin.16.fa	/home/jshaw/scratch/2022_sketched_distance/references/SGB_genome_fastas_part4/5832/VincentC_2016__MM034.1__bin.8.fa	/home/jshaw/scratch/2022_sketched_distance/references/SGB_genome_fastas_part4/5832/VincentC_2016__MM048.2__bin.13.fa	/home/jshaw/scratch/2022_sketched_distance/references/SGB_genome_fastas_part4/5832/VincentC_2016__MM056.2__bin.7.fa	/home/jshaw/scratch/2022_sketched_distance/references/SGB_genome_fastas_part4/5832/VincentC_2016__MM060.2__bin.9.fa	/home/jshaw/scratch/2022_sketched_distance/references/SGB_genome_fastas_part4/5832/VincentC_2016__MM074.1__bin.3.fa	/home/jshaw/scratch/2022_sketched_distance/references/SGB_genome_fastas_part4/5832/VincentC_2016__MM083.1__bin.13.fa	/home/jshaw/scratch/2022_sketched_distance/references/SGB_genome_fastas_part4/5832/VincentC_2016__MM083.2__bin.5.fa	/home/jshaw/scratch/2022_sketched_distance/references/SGB_genome_fastas_part4/5832/VincentC_2016__MM083.3__bin.3.fa	/home/jshaw/scratch/2022_sketched_distance/references/SGB_genome_fastas_part4/5832/VincentC_2016__MM089.1__bin.24.fa	/home/jshaw/scratch/2022_sketched_distance/references/SGB_genome_fastas_part4/5832/VincentC_2016__MM092__bin.2.fa	/home/jshaw/scratch/2022_sketched_distance/references/SGB_genome_fastas_part4/5832/VincentC_2016__MM094.1__bin.1.fa	/home/jshaw/scratch/2022_sketched_distance/references/SGB_genome_fastas_part4/5832/VincentC_2016__MM096__bin.15.fa	/home/jshaw/scratch/2022_sketched_distance/references/SGB_genome_fastas_part4/5832/VincentC_2016__MM103.2__bin.9.fa	/home/jshaw/scratch/2022_sketched_distance/references/SGB_genome_fastas_part4/5832/VincentC_2016__MM103.3__bin.7.fa
1.0	0.9680210039144119	0.9720106075814022	0.9713726149481992	0.9628695660567409	0.9678235241664663	0.9642117920104515	0.9667885248756501	0.9603269727890827	0.9602368153691047	0.9489137856508083	0.9637341968971631	0.9622326333830444	0.9587195426926264	0.9645180187519061	0.9626185045374646	0.9662500323722261	0.9520360285306915	0.9622429268430593	0.9401276792296756	0.9578589059751198	0.9548585771012802	0.9711247083779656	0.9716908312702829	0.9681236445422845	0.9640036256903878	0.957419806369122	0.9637755755640591	0.9590610016217356	0.9472413941940049
0.9680210039144119	1.0	0.969201595894185	0.958879126166942	0.9674730530239212	0.9553540261470371	0.9464154088077179	0.9490756404809484	0.9731340222910311	0.9676512179183081	0.9648923048926312	0.9741167253459874	0.9769611215109554	0.9408475332977172	0.9736734077609708	0.9442965177772473	0.9468136110393036	0.9653984992425224	0.9605072878842789	0.9614587073794412	0.9535303384381131	0.9746743704565631	0.972588906329958	0.971998538691893	0.9667784608824858	0.9434705608149369	0.9671359550652672	0.965300273471458	0.9504354371929963	0.9539483638760916
0.9720106075814022	0.969201595894185	1.0	0.9742076504309064	0.9719211477344003	0.9719462073415082	0.9681988401435276	0.9712167740404003	0.964101888963064	0.9667831285555103	0.9620505179941351	0.9689135138668149	0.9662120250420023	0.9639602251096614	0.9625083573233874	0.9652264673011728	0.968871211543569	0.957200451105983	0.9699098987556544	0.9498095136086874	0.9662775248658548	0.9608956980249317	0.9750307579214971	0.9789306464625088	0.9760012691363157	0.969275197383832	0.9615457542504979	0.9725100425384859	0.9631857578099189	0.9585497436843212
0.9713726149481992	0.958879126166942	0.9742076504309064	1.0	0.9650318304803365	0.9722982197261858	0.9694491912027445	0.9724660805235426	0.9559228854105438	0.9566618003792221	0.9469508571822595	0.9625726475253003	0.955084686627438	0.9641308344759444	0.9572080500388004	0.9643265890237271	0.9718691864419416	0.9447725842619298	0.9654519632030975	0.9373667978151178	0.9648131119380395	0.9502885485693421	0.9699241916279416	0.9727305300887586	0.972091388302788	0.9722266442651101	0.9576260870957094	0.9688479080915575	0.9658406951315645	0.9556721225230912
0.9628695660567409	0.9674730530239212	0.9719211477344003	0.9650318304803365	1.0	0.9656715680159506	0.9610826848552686	0.9636460073983956	0.9673060774827891	0.9605799681041279	0.9534977726649367	0.9686286872783281	0.9644107723035173	0.9629165626545608	0.9624015050384521	0.9615405616842319	0.965726384822537	0.9613624046738152	0.9693778725994618	0.9555335209836718	0.9649096222795633	0.9588020584163629	0.96874167527584	0.9707772490643083	0.9746897609425168	0.9648330905366791	0.961132489637946	0.9686755244261486	0.9576370385593483	0.9551149168876116
0.9678235241664663	0.9553540261470371	0.9719462073415082	0.9722982197261858	0.9656715680159506	1.0	0.993533917601261	0.9960232098424024	0.950708005010122	0.951357413620508	0.9411782431799689	0.960052015839768	0.9539979582909675	0.9652769957861881	0.9482496650379731	0.966136429071868	0.9712479555506898	0.9410475461090696	0.9662179799619177	0.929576162700207	0.9637541062933082	0.9446446550681937	0.9651315316611593	0.9690028679667023	0.9690694878759076	0.9719486489532146	0.9540616740070144	0.9670316536553838	0.9644864420567022	0.9545842137951217
0.9642117920104515	0.9464154088077179	0.9681988401435276	0.9694491912027445	0.9610826848552686	0.993533917601261	1.0	0.9934257134298273	0.9403295174000339	0.9440245527884589	0.9285168229543158	0.9512731462488927	0.9414380749313651	0.9652678758851665	0.94255414577661	0.9659280727381625	0.970446365702173	0.9303269411373851	0.9629606260908175	0.919470119631231	0.9614477532947281	0.932989669051834	0.9624036391172308	0.9665449424731133	0.9661253352773447	0.96919832920558	0.9451729488910383	0.9639712098155323	0.9623139551826375	0.9528144644797287
0.9667885248756501	0.9490756404809484	0.9712167740404003	0.9724660805235426	0.9636460073983956	0.9960232098424024	0.9934257134298273	1.0	0.9449499718998755	0.9480879553137049	0.9335250580622704	0.9545929194228289	0.9470781196756446	0.9674214943936386	0.9435013173987932	0.9666668042490165	0.9725785741796095	0.9349475009933703	0.9643329813877028	0.9226368978484594	0.9627637798610781	0.9378910394786386	0.9635207932917933	0.9686180886123312	0.9682626854071876	0.9741020196330751	0.9513639568673352	0.9662282395563875	0.9647708930900684	0.9528652703631384
0.9603269727890827	0.9731340222910311	0.964101888963064	0.9559228854105438	0.9673060774827891	0.950708005010122	0.9403295174000339	0.9449499718998755	1.0	0.9644813859833309	0.9606578292046228	0.9734319609466644	0.9732887945455335	0.938810258387281	0.9672240593318171	0.9401462524662859	0.9450964676411122	0.9684761758154065	0.9605210775958484	0.9633814922499653	0.9553828427647262	0.9654611433829084	0.9630316634838539	0.9634870157953387	0.9675485430836788	0.9475444621689851	0.9657588610411093	0.9614522580029803	0.948248502522814	0.9531290677419539
0.9602368153691047	0.9676512179183081	0.9667831285555103	0.9566618003792221	0.9605799681041279	0.951357413620508	0.9440245527884589	0.9480879553137049	0.9644813859833309	1.0	0.9540109498999171	0.9665112810785621	0.9668630420825953	0.9390502401996635	0.9609650545739229	0.9427420740808424	0.9467936975648061	0.9555921363656598	0.9568623355922967	0.9523676829557023	0.9510492161741622	0.9592495775646661	0.9627807379944143	0.9641277139829246	0.9635674997244731	0.9472086841416729	0.9592503929843961	0.9597995761345168	0.945266051390781	0.948109040038569
0.9489137856508083	0.9648923048926312	0.9620505179941351	0.9469508571822595	0.9534977726649367	0.9411782431799689	0.9285168229543158	0.9335250580622704	0.9606578292046228	0.9540109498999171	1.0	0.9688281437850105	0.969629803783533	0.9208684227746816	0.9657122361031645	0.9279704496613246	0.9263046482623618	0.9532184189009529	0.948569444740587	0.9569399854544244	0.9411660241915841	0.9596613551762707	0.953243607713402	0.9529528769462845	0.9527746836371976	0.9286444738095175	0.9616421342048836	0.9511514960489676	0.9344520264336986	0.9405820684360465
0.9637341968971631	0.9741167253459874	0.9689135138668149	0.9625726475253003	0.9686286872783281	0.960052015839768	0.9512731462488927	0.9545929194228289	0.9734319609466644	0.9665112810785621	0.9688281437850105	1.0	0.9828560378160722	0.9416421697741179	0.9710411743120556	0.9458567844203135	0.9504246003052536	0.9653549755665735	0.9617405783782632	0.9623889586366922	0.9579187695587855	0.9660153545441587	0.9664527479784968	0.9672940151944229	0.968657257703041	0.95113983070966	0.9720712018346241	0.9665900720969532	0.953654534177443	0.9566441599378245
0.9622326333830444	0.9769611215109554	0.9662120250420023	0.955084686627438	0.9644107723035173	0.9539979582909675	0.9414380749313651	0.9470781196756446	0.9732887945455335	0.9668630420825953	0.969629803783533	0.9828560378160722	1.0	0.9334738515853591	0.971915064948917	0.9350582451405385	0.9414728761231856	0.9640089494760007	0.9592706520372083	0.9613890433922713	0.9541131262556654	0.9689406901671103	0.9632315429459578	0.9637546566082629	0.9664253538042136	0.9435556592655724	0.9765862047015149	0.9662704403890475	0.9499557317641423	0.9536561080381519
0.9587195426926264	0.9408475332977172	0.9639602251096614	0.9641308344759444	0.9629165626545608	0.9652769957861881	0.9652678758851665	0.9674214943936386	0.938810258387281	0.9390502401996635	0.9208684227746816	0.9416421697741179	0.9334738515853591	1.0	0.9355832936196973	0.9894623094555405	0.9718389948565017	0.9288561639957836	0.9699494955397738	0.9180002343158961	0.960827771616214	0.9267813570925741	0.9547276091937481	0.9608234556323834	0.965092389662066	0.9722946571839217	0.9375692606460703	0.9590874587267129	0.958058703052818	0.9456165226993614
0.9645180187519061	0.9736734077609708	0.9625083573233874	0.9572080500388004	0.9624015050384521	0.9482496650379731	0.94255414577661	0.9435013173987932	0.9672240593318171	0.9609650545739229	0.9657122361031645	0.9710411743120556	0.971915064948917	0.9355832936196973	1.0	0.9405450167366118	0.945898709598817	0.9641767376269931	0.9565652975513288	0.9553172381774625	0.9519756697519371	0.9676914849686972	0.966355440469409	0.9649433822192717	0.9617687544345966	0.9446129038408254	0.9657204690295448	0.9597745254223206	0.946910314611956	0.9501689161402266
0.9626185045374646	0.9442965177772473	0.9652264673011728	0.9643265890237271	0.9615405616842319	0.966136429071868	0.9659280727381625	0.9666668042490165	0.9401462524662859	0.9427420740808424	0.9279704496613246	0.9458567844203135	0.9350582451405385	0.9894623094555405	0.9405450167366118	1.0	0.971795583234441	0.9350856598974018	0.9700277830366313	0.9206243066349531	0.9598494167813032	0.9256639703958782	0.9557053971690843	0.9605418449463887	0.9638029922425532	0.9702301476304771	0.9379700656936834	0.9598546772246149	0.9560795319776896	0.9472347194347098
0.9662500323722261	0.9468136110393036	0.968871211543569	0.9718691864419416	0.965726384822537	0.9712479555506898	0.970446365702173	0.9725785741796095	0.9450964676411122	0.9467936975648061	0.9263046482623618	0.9504246003052536	0.9414728761231856	0.9718389948565017	0.945898709598817	0.971795583234441	1.0	0.9397994554669444	0.9649012308307017	0.9379208034059986	0.9741569269940983	0.9346583966228776	0.9644820698380814	0.9687164394685495	0.9820967635971666	0.9839573026843076	0.9458164967840937	0.9643411853818934	0.9612232709147388	0.9505520797133555
0.9520360285306915	0.9653984992425224	0.957200451105983	0.9447725842619298	0.9613624046738152	0.9410475461090696	0.9303269411373851	0.9349475009933703	0.9684761758154065	0.9555921363656598	0.9532184189009529	0.9653549755665735	0.9640089494760007	0.9288561639957836	0.9641767376269931	0.9350856598974018	0.9397994554669444	1.0	0.9533991086858891	0.9631741967597958	0.9484751446343993	0.9616894303025015	0.9573426763027113	0.9560223937424822	0.9625496114687643	0.9382181998941344	0.9608015063515845	0.9525195040625163	0.9374270849914774	0.9445543497079046
0.9622429268430593	0.9605072878842789	0.9699098987556544	0.9654519632030975	0.9693778725994618	0.9662179799619177	0.9629606260908175	0.9643329813877028	0.9605210775958484	0.9568623355922967	0.948569444740587	0.9617405783782632	0.9592706520372083	0.9699494955397738	0.9565652975513288	0.9700277830366313	0.9649012308307017	0.9533991086858891	1.0	0.9476686172103475	0.9637265387923376	0.9525470388122709	0.9644009687515986	0.9674900795647116	0.9715377492543653	0.9652079255645662	0.9564291306549634	0.9635881493570663	0.957068271219204	0.9531276181109146
0.9401276792296756	0.9614587073794412	0.9498095136086874	0.9373667978151178	0.9555335209836718	0.929576162700207	0.919470119631231	0.9226368978484594	0.9633814922499653	0.9523676829557023	0.9569399854544244	0.9623889586366922	0.9613890433922713	0.9180002343158961	0.9553172381774625	0.9206243066349531	0.9379208034059986	0.9631741967597958	0.9476686172103475	1.0	0.9527151494461064	0.9561709331597291	0.9502235704395263	0.9480105690613757	0.9655345951306227	0.9339935620592182	0.957109445258523	0.9473215301716276	0.9261880474727935	0.9341937757773667
0.9578589059751198	0.9535303384381131	0.9662775248658548	0.9648131119380395	0.9649096222795633	0.9637541062933082	0.9614477532947281	0.9627637798610781	0.9553828427647262	0.9510492161741622	0.9411660241915841	0.9579187695587855	0.9541131262556654	0.960827771616214	0.9519756697519371	0.9598494167813032	0.9741569269940983	0.9484751446343993	0.9637265387923376	0.9527151494461064	1.0	0.9489859997898737	0.961742379431605	0.9652054287283968	0.9793283693611772	0.9882737704633706	0.9535252242430746	0.9633036023265398	0.9550025411019971	0.9503130310786563
0.9548585771012802	0.9746743704565631	0.9608956980249317	0.9502885485693421	0.9588020584163629	0.9446446550681937	0.932989669051834	0.9378910394786386	0.9654611433829084	0.9592495775646661	0.9596613551762707	0.9660153545441587	0.9689406901671103	0.9267813570925741	0.9676914849686972	0.9256639703958782	0.9346583966228776	0.9616894303025015	0.9525470388122709	0.9561709331597291	0.9489859997898737	1.0	0.9753453089618505	0.9769183323872938	0.9601391278724176	0.9376971154343988	0.9587135094533222	0.9570672333440489	0.9364121139312693	0.9462366083453765
0.9711247083779656	0.972588906329958	0.9750307579214971	0.9699241916279416	0.96874167527584	0.9651315316611593	0.9624036391172308	0.9635207932917933	0.9630316634838539	0.9627807379944143	0.953243607713402	0.9664527479784968	0.9632315429459578	0.9547276091937481	0.966355440469409	0.9557053971690843	0.9644820698380814	0.9573426763027113	0.9644009687515986	0.9502235704395263	0.961742379431605	0.9753453089618505	1.0	0.9888735259801442	0.9715265351881867	0.9622454773978255	0.9613733022218243	0.9678263560553847	0.957602057648899	0.9566990390488761
0.9716908312702829	0.971998538691893	0.9789306464625088	0.9727305300887586	0.9707772490643083	0.9690028679667023	0.9665449424731133	0.9686180886123312	0.9634870157953387	0.9641277139829246	0.9529528769462845	0.9672940151944229	0.9637546566082629	0.9608234556323834	0.9649433822192717	0.9605418449463887	0.9687164394685495	0.9560223937424822	0.9674900795647116	0.9480105690613757	0.9652054287283968	0.9769183323872938	0.9888735259801442	1.0	0.9753248001902509	0.9680478985808607	0.9595101816587424	0.9714182291278468	0.961559521095217	0.9575479690763867
0.9681236445422845	0.9667784608824858	0.9760012691363157	0.972091388302788	0.9746897609425168	0.9690694878759076	0.9661253352773447	0.9682626854071876	0.9675485430836788	0.9635674997244731	0.9527746836371976	0.968657257703041	0.9664253538042136	0.965092389662066	0.9617687544345966	0.9638029922425532	0.9820967635971666	0.9625496114687643	0.9715377492543653	0.9655345951306227	0.9793283693611772	0.9601391278724176	0.9715265351881867	0.9753248001902509	1.0	0.9809044257005158	0.9636572993223836	0.9713705104018212	0.961813062851266	0.9559549723399514
0.9640036256903878	0.9434705608149369	0.969275197383832	0.9722266442651101	0.9648330905366791	0.9719486489532146	0.96919832920558	0.9741020196330751	0.9475444621689851	0.9472086841416729	0.9286444738095175	0.95113983070966	0.9435556592655724	0.9722946571839217	0.9446129038408254	0.9702301476304771	0.9839573026843076	0.9382181998941344	0.9652079255645662	0.9339935620592182	0.9882737704633706	0.9376971154343988	0.9622454773978255	0.9680478985808607	0.9809044257005158	1.0	0.947242425644009	0.9647100595861263	0.9623319131195681	0.9497663010982068
0.957419806369122	0.9671359550652672	0.9615457542504979	0.9576260870957094	0.961132489637946	0.9540616740070144	0.9451729488910383	0.9513639568673352	0.9657588610411093	0.9592503929843961	0.9616421342048836	0.9720712018346241	0.9765862047015149	0.9375692606460703	0.9657204690295448	0.9379700656936834	0.9458164967840937	0.9608015063515845	0.9564291306549634	0.957109445258523	0.9535252242430746	0.9587135094533222	0.9613733022218243	0.9595101816587424	0.9636572993223836	0.947242425644009	1.0	0.959431237698983	0.945821173130097	0.9510089114470406
0.9637755755640591	0.965300273471458	0.9725100425384859	0.9688479080915575	0.9686755244261486	0.9670316536553838	0.9639712098155323	0.9662282395563875	0.9614522580029803	0.9597995761345168	0.9511514960489676	0.9665900720969532	0.9662704403890475	0.9590874587267129	0.9597745254223206	0.9598546772246149	0.9643411853818934	0.9525195040625163	0.9635881493570663	0.9473215301716276	0.9633036023265398	0.9570672333440489	0.9678263560553847	0.9714182291278468	0.9713705104018212	0.9647100595861263	0.959431237698983	1.0	0.9751000462290159	0.9716348933380107
0.9590610016217356	0.9504354371929963	0.9631857578099189	0.9658406951315645	0.9576370385593483	0.9644864420567022	0.9623139551826375	0.9647708930900684	0.948248502522814	0.945266051390781	0.9344520264336986	0.953654534177443	0.9499557317641423	0.958058703052818	0.946910314611956	0.9560795319776896	0.9612232709147388	0.9374270849914774	0.957068271219204	0.9261880474727935	0.9550025411019971	0.9364121139312693	0.957602057648899	0.961559521095217	0.961813062851266	0.9623319131195681	0.945821173130097	0.9751000462290159	1.0	0.975939294879468
0.9472413941940049	0.9539483638760916	0.9585497436843212	0.9556721225230912	0.9551149168876116	0.9545842137951217	0.9528144644797287	0.9528652703631384	0.9531290677419539	0.948109040038569	0.9405820684360465	0.9566441599378245	0.9536561080381519	0.9456165226993614	0.9501689161402266	0.9472347194347098	0.9505520797133555	0.9445543497079046	0.9531276181109146	0.9341937757773667	0.9503130310786563	0.9462366083453765	0.9566990390488761	0.9575479690763867	0.9559549723399514	0.9497663010982068	0.9510089114470406	0.9716348933380107	0.975939294879468	1.0
