/home/jshaw/scratch/2022_sketched_distance/references/SGB_genome_fastas_part3/4750/BackhedF_2015__SID130_12M__bin.8.fa	/home/jshaw/scratch/2022_sketched_distance/references/SGB_genome_fastas_part3/4750/BackhedF_2015__SID130_4M__bin.2.fa	/home/jshaw/scratch/2022_sketched_distance/references/SGB_genome_fastas_part3/4750/BackhedF_2015__SID591_12M__bin.5.fa	/home/jshaw/scratch/2022_sketched_distance/references/SGB_genome_fastas_part3/4750/BackhedF_2015__SID624_12M__bin.9.fa	/home/jshaw/scratch/2022_sketched_distance/references/SGB_genome_fastas_part3/4750/CosteaPI_2017__SID713A037-11-0-0__bin.30.fa	/home/jshaw/scratch/2022_sketched_distance/references/SGB_genome_fastas_part3/4750/CosteaPI_2017__SID713A037-11-90-0__bin.13.fa	/home/jshaw/scratch/2022_sketched_distance/references/SGB_genome_fastas_part3/4750/FengQ_2015__SID31428__bin.43.fa	/home/jshaw/scratch/2022_sketched_distance/references/SGB_genome_fastas_part3/4750/FengQ_2015__SID531333__bin.39.fa	/home/jshaw/scratch/2022_sketched_distance/references/SGB_genome_fastas_part3/4750/FengQ_2015__SID532826__bin.1.fa	/home/jshaw/scratch/2022_sketched_distance/references/SGB_genome_fastas_part3/4750/GeversD_2014__SKBSTL059__bin.3.fa	/home/jshaw/scratch/2022_sketched_distance/references/SGB_genome_fastas_part3/4750/HeQ_2017__SZAXPI029480-66__bin.2.fa	/home/jshaw/scratch/2022_sketched_distance/references/SGB_genome_fastas_part3/4750/HeQ_2017__SZAXPI029555-35__bin.91.fa	/home/jshaw/scratch/2022_sketched_distance/references/SGB_genome_fastas_part3/4750/HeQ_2017__SZAXPI029585-104__bin.20.fa	/home/jshaw/scratch/2022_sketched_distance/references/SGB_genome_fastas_part3/4750/HeQ_2017__SZAXPI029587-106__bin.17.fa	/home/jshaw/scratch/2022_sketched_distance/references/SGB_genome_fastas_part3/4750/HeQ_2017__SZAXPI029598-166__bin.49.fa	/home/jshaw/scratch/2022_sketched_distance/references/SGB_genome_fastas_part3/4750/KarlssonFH_2013__S205__bin.25.fa	/home/jshaw/scratch/2022_sketched_distance/references/SGB_genome_fastas_part3/4750/KosticAD_2015__PRJNA231909.3112359__bin.15.fa	/home/jshaw/scratch/2022_sketched_distance/references/SGB_genome_fastas_part3/4750/LeChatelierE_2013__MH0127__bin.13.fa	/home/jshaw/scratch/2022_sketched_distance/references/SGB_genome_fastas_part3/4750/LeChatelierE_2013__MH0236__bin.16.fa	/home/jshaw/scratch/2022_sketched_distance/references/SGB_genome_fastas_part3/4750/LiJ_2014__V1.FI10__bin.30.fa	/home/jshaw/scratch/2022_sketched_distance/references/SGB_genome_fastas_part3/4750/LiuW_2016__SRR3992985__bin.77.fa	/home/jshaw/scratch/2022_sketched_distance/references/SGB_genome_fastas_part3/4750/LiuW_2016__SRR3992999__bin.11.fa	/home/jshaw/scratch/2022_sketched_distance/references/SGB_genome_fastas_part3/4750/LoombaR_2017__SID0006_evh__bin.65.fa	/home/jshaw/scratch/2022_sketched_distance/references/SGB_genome_fastas_part3/4750/NielsenHB_2014__MH0127__bin.2.fa	/home/jshaw/scratch/2022_sketched_distance/references/SGB_genome_fastas_part3/4750/NielsenHB_2014__V1_CD20_4__bin.10.fa	/home/jshaw/scratch/2022_sketched_distance/references/SGB_genome_fastas_part3/4750/NielsenHB_2014__V1_CD25_0__bin.12.fa	/home/jshaw/scratch/2022_sketched_distance/references/SGB_genome_fastas_part3/4750/NielsenHB_2014__V1_UC7_0__bin.5.fa	/home/jshaw/scratch/2022_sketched_distance/references/SGB_genome_fastas_part3/4750/QinJ_2012__CON-023__bin.42.fa	/home/jshaw/scratch/2022_sketched_distance/references/SGB_genome_fastas_part3/4750/QinJ_2012__CON-029__bin.9.fa	/home/jshaw/scratch/2022_sketched_distance/references/SGB_genome_fastas_part3/4750/QinJ_2012__CON-035__bin.6.fa	/home/jshaw/scratch/2022_sketched_distance/references/SGB_genome_fastas_part3/4750/QinJ_2012__CON-049__bin.3.fa	/home/jshaw/scratch/2022_sketched_distance/references/SGB_genome_fastas_part3/4750/QinJ_2012__CON-065__bin.22.fa	/home/jshaw/scratch/2022_sketched_distance/references/SGB_genome_fastas_part3/4750/QinJ_2012__T2D-038__bin.20.fa	/home/jshaw/scratch/2022_sketched_distance/references/SGB_genome_fastas_part3/4750/QinN_2014__LD-76__bin.25.fa	/home/jshaw/scratch/2022_sketched_distance/references/SGB_genome_fastas_part3/4750/VatanenT_2016__G80466__bin.1.fa	/home/jshaw/scratch/2022_sketched_distance/references/SGB_genome_fastas_part3/4750/VogtmannE_2016__MMRS81130264ST-27-0-0__bin.26.fa	/home/jshaw/scratch/2022_sketched_distance/references/SGB_genome_fastas_part3/4750/VogtmannE_2016__MMRS93621581ST-27-0-0__bin.23.fa	/home/jshaw/scratch/2022_sketched_distance/references/SGB_genome_fastas_part3/4750/WenC_2017__RA134__bin.31.fa	/home/jshaw/scratch/2022_sketched_distance/references/SGB_genome_fastas_part3/4750/XieH_2016__YSZC12003_35704__bin.10.fa	/home/jshaw/scratch/2022_sketched_distance/references/SGB_genome_fastas_part3/4750/YuJ_2015__SZAXPI015246-34__bin.44.fa	/home/jshaw/scratch/2022_sketched_distance/references/SGB_genome_fastas_part3/4750/YuJ_2015__SZAXPI015254-45__bin.10.fa	/home/jshaw/scratch/2022_sketched_distance/references/SGB_genome_fastas_part3/4750/YuJ_2015__SZAXPI015257-56__bin.49.fa	/home/jshaw/scratch/2022_sketched_distance/references/SGB_genome_fastas_part3/4750/YuJ_2015__SZAXPI017587-113__bin.24.fa	/home/jshaw/scratch/2022_sketched_distance/references/SGB_genome_fastas_part3/4750/ZellerG_2014__CCIS16383318ST-4-0__bin.38.fa
1.0	0.9966147009992754	0.9862043354728275	0.9866969936108786	0.9811871996176446	0.9816232207686859	0.982678327822621	0.9840226529800596	0.9862810763354282	0.9763191411533656	0.9714307343527324	0.9865179850528404	0.9854731657933103	0.9810695081240902	0.9839980613810695	0.989702256711345	0.9853970905307201	0.9845604968190441	0.9864606811280147	0.9868592186939326	0.982801877395023	0.9829247735944509	0.9854467601270959	0.9836964668891917	0.9868718663605294	0.9872466749599313	0.9809219055763375	0.9868448050955151	0.9809744404421172	0.9879124643911383	0.9825682852628447	0.9890387614029783	0.9862610055160016	0.9863480352960934	0.986864028281815	0.9831206344278091	0.9791468129584057	0.9831859757989965	0.9878272741731524	0.9872236235988088	0.9862540931135662	0.986914638122152	0.9865772994661328	0.9865195825156714
0.9966147009992754	1.0	0.9852647079971389	0.986915836098901	0.9813913411432804	0.9817349858529958	0.983207079819456	0.984131230569431	0.985858177068458	0.9772528802309869	0.9708969603521437	0.9860695028016163	0.9853840342735892	0.9810356117516464	0.9843930383362832	0.9890787549424583	0.985730028531663	0.9844048958753016	0.9867230819425215	0.9871650746669745	0.9831273751760657	0.9829635611211377	0.985595895730866	0.9840569913992283	0.9867408953758644	0.9865058381906963	0.9819665515227298	0.9863533042696612	0.9812382622400023	0.9872479149186241	0.9829317702457959	0.9888469421039945	0.9861080827509388	0.9862571450429598	0.987125444584668	0.9829111075260152	0.9793014958245714	0.9839032168105584	0.9873678063692511	0.9870216331114212	0.9861930282536913	0.9866011492740844	0.9853196387115811	0.9870739717824968
0.9862043354728275	0.9852647079971389	1.0	0.9862951276806562	0.9778396839119379	0.9779234951749807	0.9789955425965006	0.9815328644695354	0.9859412747488353	0.9747178049974573	0.9696708322104831	0.985009822964123	0.9829434698119786	0.9793970386359804	0.9819241229548409	0.9862230992004597	0.9837232931960679	0.9863158283424237	0.985113561251468	0.9840904297171005	0.9805438533322414	0.980981659948053	0.9834876080627424	0.9856474993273765	0.9857617886665643	0.9857156777639831	0.9781672368534227	0.985529741591687	0.978739337720111	0.9860932177237917	0.9804069576559117	0.9863239463028219	0.9849701541710439	0.9846858991205075	0.9846265247094841	0.9822561848602551	0.9768298990491917	0.980669659504695	0.9852055014487928	0.9853857006610265	0.9840021543774398	0.9846332820395892	0.9837940273638013	0.9840912087607308
0.9866969936108786	0.986915836098901	0.9862951276806562	1.0	0.9796546397267977	0.9798597043547222	0.9803699884260189	0.9836533232529625	0.9875667272055212	0.9772944593807982	0.9696972861378649	0.9890482083866607	0.9853479996388019	0.9802901542946009	0.9839708086667404	0.9870377741591131	0.9879761139195603	0.9854414570049174	0.9887262741819006	0.9850452396523267	0.9825438005234618	0.982507824128212	0.9853918328774077	0.98452886865919	0.9861412715467995	0.9867167848016138	0.9793679640285453	0.9855643802124414	0.9808432512360632	0.9875570509037361	0.9821070631320972	0.9884707258146921	0.9886431219246191	0.9858710237979694	0.9859343713650052	0.9838401207172096	0.9783911999437591	0.9840481444889285	0.9856491978014735	0.9898617540555187	0.9850560167367873	0.9854212734982015	0.9842027976452823	0.9862061632209235
0.9811871996176446	0.9813913411432804	0.9778396839119379	0.9796546397267977	1.0	0.9965606512223805	0.9748384943142415	0.980938874298144	0.9799615706580107	0.9718799185652419	0.965195687453102	0.9800556985120648	0.978526034231594	0.9756021636032092	0.9780157303701723	0.9809946771481446	0.9799754391744318	0.9781844698020804	0.9798125858522652	0.9792291373348295	0.9793310371819723	0.9792397527850912	0.979784451459003	0.9774053573770771	0.9806678910056404	0.980132343470294	0.9731674967873709	0.9809477946936098	0.9760260600014361	0.9809466458754124	0.9770202424692946	0.9824196113143899	0.9797380508407147	0.9803465735920133	0.97924854392262	0.9795511236237907	0.9759662950747058	0.9773109580768296	0.9802847353629384	0.9806801510939814	0.980128001900219	0.9812095598074765	0.9795388225398339	0.9795024058377212
0.9816232207686859	0.9817349858529958	0.9779234951749807	0.9798597043547222	0.9965606512223805	1.0	0.9755693893456279	0.9808413258023954	0.9799765139465003	0.9721402229514639	0.965971931993878	0.9799928183976849	0.9784351071356256	0.9757870321622841	0.9780927317722803	0.9811776755805586	0.9801292573173436	0.9783543235756612	0.98027216973866	0.9794949958982028	0.9798244372147507	0.9796413269333722	0.9804695929634631	0.9774940767112938	0.9805180991458063	0.9801703930713118	0.9732610126964769	0.9805483889711553	0.9758504050043756	0.9808351761621573	0.9772392860329906	0.9821266498141313	0.9797087454455367	0.9800832693639321	0.9794193770325124	0.9800250944943416	0.9772237378273966	0.9771307078667271	0.9801232402807325	0.9808674417961117	0.9802100813545578	0.9810459957638022	0.9807464798305521	0.9797635287191674
0.982678327822621	0.983207079819456	0.9789955425965006	0.9803699884260189	0.9748384943142415	0.9755693893456279	1.0	0.9782967251834754	0.9796624497154165	0.9734753633098133	0.9627052866770397	0.9803352883065852	0.9815915209776411	0.9773168789239823	0.9808800340371288	0.9827261110229026	0.9800416217857257	0.980807150570246	0.9813763097698365	0.9823590208396442	0.9782577014749083	0.9770941185211617	0.9803163779372068	0.9807171344618414	0.9817889212374626	0.9801109866450799	0.9772358183068809	0.9803578147747598	0.977868322002504	0.9805956075962325	0.9791260303553783	0.9829649287001293	0.9790778741174088	0.9813006143038758	0.9816861754007317	0.9782869080650167	0.9727693768430956	0.9787820288314297	0.981408962759534	0.9805375382016974	0.9802413403063863	0.9818444212179007	0.9782080474381282	0.9815240225959645
0.9840226529800596	0.984131230569431	0.9815328644695354	0.9836533232529625	0.980938874298144	0.9808413258023954	0.9782967251834754	1.0	0.983856055729942	0.9753873803474264	0.9669459398079361	0.982646021381737	0.9814052380164345	0.9771621821723013	0.9803643925404921	0.9841134507414917	0.9823827574154199	0.9815600871080302	0.9831802403263432	0.9825672452802544	0.9839466019788986	0.9838435867439819	0.9833811705939192	0.9806078171641817	0.9840362540904791	0.9828985000005871	0.9772783539280133	0.9825979809259094	0.9792655083293557	0.9831806522293046	0.979425559965687	0.984968448691386	0.982376928617248	0.9827570155036313	0.9830532659631789	0.984927211134583	0.9809376011617316	0.9799792408015178	0.983425070998069	0.9841829519427958	0.9827453363575515	0.9840115725534646	0.9818657325324334	0.982586454670979
0.9862810763354282	0.985858177068458	0.9859412747488353	0.9875667272055212	0.9799615706580107	0.9799765139465003	0.9796624497154165	0.983856055729942	1.0	0.9759957180878225	0.9713730124563824	0.9869645971004886	0.9842590426933616	0.979404813614393	0.9833028450126851	0.9864655996309513	0.985552025374677	0.9845017579767378	0.9871718365110012	0.9846447043581906	0.9822901349478138	0.9822347054101471	0.9847981293006389	0.9837774878772764	0.9861909896828495	0.987015379324856	0.9783816055429696	0.9849825274357349	0.9806802115706368	0.9873884208558247	0.9814280310183607	0.9876593388846294	0.9868286143470271	0.9854670830780273	0.9845337673570749	0.9838196705348341	0.9792780260425938	0.9824758469737641	0.9852472338881696	0.9879639661390845	0.9842538706967031	0.9856234235730806	0.9844113858220261	0.9854928552435086
0.9763191411533656	0.9772528802309869	0.9747178049974573	0.9772944593807982	0.9718799185652419	0.9721402229514639	0.9734753633098133	0.9753873803474264	0.9759957180878225	1.0	0.9588669405608659	0.9769631826695073	0.9767876149336163	0.9724352089280524	0.9764551435016957	0.9781303989720187	0.9754290981634068	0.9764294781502738	0.9781601655593853	0.9776035210396526	0.9758903007240405	0.975355670210827	0.9781305217543985	0.9766146563271786	0.9779671424815544	0.9762772541804179	0.9762424463246875	0.9755086643777614	0.9728350538806275	0.9768925337133325	0.9753693734735059	0.9789715050226419	0.9753517127698007	0.9782227800935764	0.9774978477000223	0.9751482543368817	0.9702753705309828	0.9769046653433637	0.9765695514273487	0.9768605365148648	0.9763038837030446	0.9763599469115174	0.9739422089549383	0.9775656527174577
0.9714307343527324	0.9708969603521437	0.9696708322104831	0.9696972861378649	0.965195687453102	0.965971931993878	0.9627052866770397	0.9669459398079361	0.9713730124563824	0.9588669405608659	1.0	0.9696399438257468	0.9708828346800095	0.9643455100857758	0.9690968932070811	0.9701489155878273	0.9676827939190027	0.9673721423072259	0.9688920302867735	0.968197875695426	0.967096320054273	0.9666502536417008	0.9676725179542073	0.9653381623130888	0.9729923889745448	0.9714921231822962	0.9580425082037044	0.9706036728739587	0.9642448620816679	0.9720411234233539	0.9654831425804576	0.9749172055679466	0.9695540974710839	0.9700705689415636	0.9692255808354941	0.965968283498329	0.9691989968085508	0.9664390784239275	0.9705023369680325	0.9713376436018512	0.9693928861470407	0.9689299703757951	0.974416787294571	0.9693942839467992
0.9865179850528404	0.9860695028016163	0.985009822964123	0.9890482083866607	0.9800556985120648	0.9799928183976849	0.9803352883065852	0.982646021381737	0.9869645971004886	0.9769631826695073	0.9696399438257468	1.0	0.984604834755247	0.9806689716827071	0.9835393400312749	0.9868610600914346	0.9880903776247306	0.9845041398527344	0.9892742054448073	0.9849751633090995	0.982356374346899	0.9823306402755716	0.984367542040025	0.9837552951719614	0.9855976706426661	0.9861809814048503	0.9789829994357148	0.9860551451086977	0.9815373180375597	0.9865511963708744	0.9821789281821194	0.9890668166166926	0.9954980527916655	0.9856797245224693	0.984756926777658	0.9830426116570512	0.9782985707171666	0.9831833769646617	0.98458201592189	0.9907186403234414	0.9855492316473088	0.9848050790280056	0.9843731466828165	0.9857982601079222
0.9854731657933103	0.9853840342735892	0.9829434698119786	0.9853479996388019	0.978526034231594	0.9784351071356256	0.9815915209776411	0.9814052380164345	0.9842590426933616	0.9767876149336163	0.9708828346800095	0.984604834755247	1.0	0.9804775739600201	0.9850689025708461	0.9867302800683978	0.9840836699492732	0.983914427373423	0.9855029035481236	0.9853193482102935	0.980791847039912	0.9803728931867821	0.9831171614834415	0.9834021835195838	0.9862384133207384	0.9846115570883321	0.9800353684447961	0.9840610810559736	0.9808492392929299	0.9866254003807311	0.982236939321454	0.9915916350269435	0.9834360651297719	0.985228076321564	0.9843296022896858	0.9810375858848243	0.9765822820398449	0.9841710147166965	0.9841872538755169	0.9847832062475322	0.9849375581925189	0.9843974584165612	0.9830869708003085	0.9854831383913487
0.9810695081240902	0.9810356117516464	0.9793970386359804	0.9802901542946009	0.9756021636032092	0.9757870321622841	0.9773168789239823	0.9771621821723013	0.979404813614393	0.9724352089280524	0.9643455100857758	0.9806689716827071	0.9804775739600201	1.0	0.9797930484639328	0.9823544469590172	0.9801852588997567	0.9791486616485935	0.9800298432625791	0.9807387899173559	0.976627031736576	0.9764534486005463	0.9794340092127091	0.9788023097063009	0.9797528419186224	0.9802063155582154	0.9754494836349508	0.9820882200034149	0.9791327835737734	0.9818829160010204	0.9797648334920539	0.9830356065686834	0.9804080881723686	0.9818165273264713	0.9807057884858525	0.9771702348115013	0.9727764282967433	0.9782940702349933	0.9805659145769052	0.9806280138390453	0.9822131356052547	0.981170953405004	0.9851246738548565	0.9805744393287082
0.9839980613810695	0.9843930383362832	0.9819241229548409	0.9839708086667404	0.9780157303701723	0.9780927317722803	0.9808800340371288	0.9803643925404921	0.9833028450126851	0.9764551435016957	0.9690968932070811	0.9835393400312749	0.9850689025708461	0.9797930484639328	1.0	0.9857184447446303	0.9837634048681624	0.9823374171881998	0.9837820510201992	0.9847509299241594	0.9806332004361146	0.9802100813545578	0.9827720291693928	0.9821192130313331	0.9843742274504551	0.9831749169010082	0.9789845654228697	0.9834911803768643	0.9805866264036546	0.9850494448968283	0.981730424049958	0.9870526674183328	0.9826312577454069	0.9852516251280221	0.9843725441527988	0.9805315890435324	0.9760332284661913	0.9815039172638518	0.984630551892983	0.9841490038626339	0.9831153714498421	0.9841126665223606	0.982547473156043	0.9862775516817851
0.989702256711345	0.9890787549424583	0.9862230992004597	0.9870377741591131	0.9809946771481446	0.9811776755805586	0.9827261110229026	0.9841134507414917	0.9864655996309513	0.9781303989720187	0.9701489155878273	0.9868610600914346	0.9867302800683978	0.9823544469590172	0.9857184447446303	1.0	0.9858388157105916	0.9860814401937006	0.9868710787087774	0.9884835166417338	0.9827954715063709	0.9824433281996954	0.9862686807096589	0.9851594837424289	0.9882149654186771	0.9869058338820799	0.9827244999905373	0.9869202187020938	0.9824642274411368	0.9878508096839813	0.9836310714158671	0.9892907702327667	0.9865423444922379	0.98782731886256	0.9877070683146848	0.9836181058592512	0.97911373619456	0.984715473235938	0.9882187554825524	0.9877549889564241	0.9866066659823021	0.9870432269924536	0.9857606016611081	0.9879594889275045
0.9853970905307201	0.985730028531663	0.9837232931960679	0.9879761139195603	0.9799754391744318	0.9801292573173436	0.9800416217857257	0.9823827574154199	0.985552025374677	0.9754290981634068	0.9676827939190027	0.9880903776247306	0.9840836699492732	0.9801852588997567	0.9837634048681624	0.9858388157105916	1.0	0.9831534509876899	0.9881753179998104	0.9839416055542053	0.9809330123518208	0.9811807251319453	0.9838105775288576	0.9827813750557047	0.9850188160787394	0.9859072027027657	0.9789627761046744	0.9854929836639466	0.9804198522048043	0.9863174503328693	0.9817459665153491	0.9877319386322327	0.9876396039406429	0.985949769076804	0.9849760473554152	0.9823006387417396	0.9778594498212879	0.9828241083872424	0.9844537180726449	0.9888400922416335	0.9847849551919686	0.9853316400442135	0.9837610187742128	0.9848936294323055
0.9845604968190441	0.9844048958753016	0.9863158283424237	0.9854414570049174	0.9781844698020804	0.9783543235756612	0.980807150570246	0.9815600871080302	0.9845017579767378	0.9764294781502738	0.9673721423072259	0.9845041398527344	0.983914427373423	0.9791486616485935	0.9823374171881998	0.9860814401937006	0.9831534509876899	1.0	0.9852252062340043	0.9843837389559174	0.9810384228706412	0.9805967997306966	0.984871331525083	0.995639747121048	0.9857191106413326	0.9842212696878462	0.9789423933870549	0.9839584094327181	0.9796988120661247	0.9845070905612914	0.9809413650738489	0.9860333259370857	0.983383798428708	0.9844387231780092	0.98417249213373	0.9817455123747127	0.9761468395531712	0.9813848108097697	0.9845096467431276	0.9841260152487901	0.9840591130696748	0.9838018440242116	0.981838745914087	0.9851141576342068
0.9864606811280147	0.9867230819425215	0.985113561251468	0.9887262741819006	0.9798125858522652	0.98027216973866	0.9813763097698365	0.9831802403263432	0.9871718365110012	0.9781601655593853	0.9688920302867735	0.9892742054448073	0.9855029035481236	0.9800298432625791	0.9837820510201992	0.9868710787087774	0.9881753179998104	0.9852252062340043	1.0	0.9850958236507283	0.9827463564288278	0.9821375179131548	0.9860093499426533	0.9846523178347611	0.9863738335589084	0.9865515961690338	0.9799578765553864	0.984699183093326	0.9806938344943751	0.9866108772135138	0.9818719185948576	0.9884204204120529	0.9885804241476455	0.9865466145204785	0.9859330083653765	0.9831358842026869	0.9787248141093239	0.983629651432169	0.9849762506517681	0.989395366388765	0.9849378727452439	0.9851848777866528	0.9838736290597437	0.9860647964242939
0.9868592186939326	0.9871650746669745	0.9840904297171005	0.9850452396523267	0.9792291373348295	0.9794949958982028	0.9823590208396442	0.9825672452802544	0.9846447043581906	0.9776035210396526	0.968197875695426	0.9849751633090995	0.9853193482102935	0.9807387899173559	0.9847509299241594	0.9884835166417338	0.9839416055542053	0.9843837389559174	0.9850958236507283	1.0	0.9823959295258613	0.9818263113145732	0.984926381070311	0.9840700019356157	0.9865439600539995	0.9848193028392201	0.9819133779619368	0.9843987509813826	0.9817355297628496	0.9853555616472326	0.9832815313561081	0.9874811109526994	0.9843742341074763	0.9856457660485214	0.9856167723212086	0.9820923719485173	0.9772279730941339	0.98259389342387	0.9852425858075693	0.9854864918553586	0.9844335635195228	0.9852791092001424	0.9827835093718827	0.986361246763031
0.982801877395023	0.9831273751760657	0.9805438533322414	0.9825438005234618	0.9793310371819723	0.9798244372147507	0.9782577014749083	0.9839466019788986	0.9822901349478138	0.9758903007240405	0.967096320054273	0.982356374346899	0.980791847039912	0.976627031736576	0.9806332004361146	0.9827954715063709	0.9809330123518208	0.9810384228706412	0.9827463564288278	0.9823959295258613	1.0	0.9957551760009932	0.9829301580453447	0.9804695424961359	0.9821069495251838	0.9813712885676265	0.9765706065974809	0.9817295866912015	0.9782857242377344	0.9819605898871002	0.9794500392298575	0.983742027383643	0.9816514603864267	0.9824261582152527	0.9818107701437091	0.9838325259615002	0.9805636062394063	0.9798955361624091	0.982222258133768	0.9824671475256731	0.9813426440397337	0.982461648042969	0.9792621919405101	0.9824839404226076
0.9829247735944509	0.9829635611211377	0.980981659948053	0.982507824128212	0.9792397527850912	0.9796413269333722	0.9770941185211617	0.9838435867439819	0.9822347054101471	0.975355670210827	0.9666502536417008	0.9823306402755716	0.9803728931867821	0.9764534486005463	0.9802100813545578	0.9824433281996954	0.9811807251319453	0.9805967997306966	0.9821375179131548	0.9818263113145732	0.9957551760009932	1.0	0.9827098589495383	0.9800157658922094	0.9820203778828728	0.9818488779847141	0.9755869125430982	0.9823123294763052	0.9770820228350058	0.9825349873104491	0.9788891504699632	0.9835020714506444	0.9817400210627567	0.9821882058461036	0.9817021359465927	0.9838408949436847	0.9806605845136324	0.9795171394442894	0.9819009981563924	0.9827905373909085	0.9814000316095352	0.9821992134511647	0.9802161423851198	0.981872558285003
0.9854467601270959	0.985595895730866	0.9834876080627424	0.9853918328774077	0.979784451459003	0.9804695929634631	0.9803163779372068	0.9833811705939192	0.9847981293006389	0.9781305217543985	0.9676725179542073	0.984367542040025	0.9831171614834415	0.9794340092127091	0.9827720291693928	0.9862686807096589	0.9838105775288576	0.984871331525083	0.9860093499426533	0.984926381070311	0.9829301580453447	0.9827098589495383	1.0	0.9843206834179961	0.9852986448840603	0.9844235335601816	0.9798188150386887	0.9839757352373515	0.9805659838736928	0.9846270352017231	0.9810918857949129	0.9861096384280885	0.9839547845676133	0.9847410444976695	0.9850441745223194	0.9836664179898678	0.9810547750211965	0.9827596360982414	0.9846979698341558	0.985421179732392	0.9843521155955515	0.9841662441794089	0.9826318231461891	0.98499179075524
0.9836964668891917	0.9840569913992283	0.9856474993273765	0.98452886865919	0.9774053573770771	0.9774940767112938	0.9807171344618414	0.9806078171641817	0.9837774878772764	0.9766146563271786	0.9653381623130888	0.9837552951719614	0.9834021835195838	0.9788023097063009	0.9821192130313331	0.9851594837424289	0.9827813750557047	0.995639747121048	0.9846523178347611	0.9840700019356157	0.9804695424961359	0.9800157658922094	0.9843206834179961	1.0	0.9855613654755438	0.9833468538807678	0.979142367409841	0.983297396130068	0.9791382194020772	0.983541202811249	0.9809557624096638	0.985412292121208	0.9825919039366994	0.9839055847749923	0.9840627352494031	0.98118827611033	0.9753845178988426	0.9811416915856846	0.9839416199651715	0.9835624624973931	0.9835233361611436	0.9833945963361315	0.9808492171455939	0.9845379620120823
0.9868718663605294	0.9867408953758644	0.9857617886665643	0.9861412715467995	0.9806678910056404	0.9805180991458063	0.9817889212374626	0.9840362540904791	0.9861909896828495	0.9779671424815544	0.9729923889745448	0.9855976706426661	0.9862384133207384	0.9797528419186224	0.9843742274504551	0.9882149654186771	0.9850188160787394	0.9857191106413326	0.9863738335589084	0.9865439600539995	0.9821069495251838	0.9820203778828728	0.9852986448840603	0.9855613654755438	1.0	0.9862994597178725	0.9805193476000351	0.9853238887758601	0.9804564012619629	0.9868210278919256	0.9825370070305148	0.9887273777546988	0.9850921732142944	0.9861146628524766	0.985772104929463	0.9831477776681892	0.9786918235289028	0.98334414510872	0.9862147859248807	0.9863429334598227	0.985448626657215	0.9859616684712592	0.9837573207745024	0.9867901667826613
0.9872466749599313	0.9865058381906963	0.9857156777639831	0.9867167848016138	0.980132343470294	0.9801703930713118	0.9801109866450799	0.9828985000005871	0.987015379324856	0.9762772541804179	0.9714921231822962	0.9861809814048503	0.9846115570883321	0.9802063155582154	0.9831749169010082	0.9869058338820799	0.9859072027027657	0.9842212696878462	0.9865515961690338	0.9848193028392201	0.9813712885676265	0.9818488779847141	0.9844235335601816	0.9833468538807678	0.9862994597178725	1.0	0.9794551053176799	0.9863222218150669	0.9793820666471978	0.9880549054760615	0.9814870746393921	0.9883140462041891	0.98606140153547	0.9859060464953412	0.9859354993802957	0.98344369814054	0.9781183886972494	0.982915814909719	0.9859013585953765	0.9872500736504244	0.9851586321064395	0.9857594783881027	0.9856602768398149	0.9856228082689152
0.9809219055763375	0.9819665515227298	0.9781672368534227	0.9793679640285453	0.9731674967873709	0.9732610126964769	0.9772358183068809	0.9772783539280133	0.9783816055429696	0.9762424463246875	0.9580425082037044	0.9789829994357148	0.9800353684447961	0.9754494836349508	0.9789845654228697	0.9827244999905373	0.9789627761046744	0.9789423933870549	0.9799578765553864	0.9819133779619368	0.9765706065974809	0.9755869125430982	0.9798188150386887	0.979142367409841	0.9805193476000351	0.9794551053176799	1.0	0.9788060487300072	0.9761059388650826	0.9791992125221617	0.9785997529612683	0.9813635174922986	0.9775841009631122	0.9809877231506223	0.9834309602223558	0.9763976159485941	0.9716540676076943	0.9786012921586136	0.9828939286751439	0.9801424374237248	0.9800439984659141	0.9786912904782549	0.9770768043768726	0.9810039319507637
0.9868448050955151	0.9863533042696612	0.985529741591687	0.9855643802124414	0.9809477946936098	0.9805483889711553	0.9803578147747598	0.9825979809259094	0.9849825274357349	0.9755086643777614	0.9706036728739587	0.9860551451086977	0.9840610810559736	0.9820882200034149	0.9834911803768643	0.9869202187020938	0.9854929836639466	0.9839584094327181	0.984699183093326	0.9843987509813826	0.9817295866912015	0.9823123294763052	0.9839757352373515	0.983297396130068	0.9853238887758601	0.9863222218150669	0.9788060487300072	1.0	0.9812840222692951	0.9884419658108466	0.9828910890555013	0.987632551943027	0.9865043626953824	0.9865921296819263	0.9866174713046367	0.9818502367129893	0.9780256974372368	0.982799741466657	0.9877021969624	0.9858145340922074	0.9923219860771959	0.985518407819265	0.9867683645067629	0.9849475376801545
0.9809744404421172	0.9812382622400023	0.978739337720111	0.9808432512360632	0.9760260600014361	0.9758504050043756	0.977868322002504	0.9792655083293557	0.9806802115706368	0.9728350538806275	0.9642448620816679	0.9815373180375597	0.9808492392929299	0.9791327835737734	0.9805866264036546	0.9824642274411368	0.9804198522048043	0.9796988120661247	0.9806938344943751	0.9817355297628496	0.9782857242377344	0.9770820228350058	0.9805659838736928	0.9791382194020772	0.9804564012619629	0.9793820666471978	0.9761059388650826	0.9812840222692951	1.0	0.9820168114515312	0.9797103882951862	0.9833330438485306	0.9802306706302415	0.9816765380605903	0.979570494757067	0.9778171975017367	0.9742370000156317	0.9792914760990626	0.980065690550533	0.981493254344807	0.9826732078577881	0.9815366477483715	0.9818369487909396	0.9807578142534439
0.9879124643911383	0.9872479149186241	0.9860932177237917	0.9875570509037361	0.9809466458754124	0.9808351761621573	0.9805956075962325	0.9831806522293046	0.9873884208558247	0.9768925337133325	0.9720411234233539	0.9865511963708744	0.9866254003807311	0.9818829160010204	0.9850494448968283	0.9878508096839813	0.9863174503328693	0.9845070905612914	0.9866108772135138	0.9853555616472326	0.9819605898871002	0.9825349873104491	0.9846270352017231	0.983541202811249	0.9868210278919256	0.9880549054760615	0.9791992125221617	0.9884419658108466	0.9820168114515312	1.0	0.9826737025849651	0.9890933764267833	0.986551254051109	0.9878924584240152	0.9858288122910818	0.9832614038910619	0.9777134125808659	0.9893370656585783	0.9863316464993152	0.9875278667019153	0.9871152520989261	0.9862147996250756	0.9867823120281819	0.9855317020712044
0.9825682852628447	0.9829317702457959	0.9804069576559117	0.9821070631320972	0.9770202424692946	0.9772392860329906	0.9791260303553783	0.979425559965687	0.9814280310183607	0.9753693734735059	0.9654831425804576	0.9821789281821194	0.982236939321454	0.9797648334920539	0.981730424049958	0.9836310714158671	0.9817459665153491	0.9809413650738489	0.9818719185948576	0.9832815313561081	0.9794500392298575	0.9788891504699632	0.9810918857949129	0.9809557624096638	0.9825370070305148	0.9814870746393921	0.9785997529612683	0.9828910890555013	0.9797103882951862	0.9826737025849651	1.0	0.9854982608392701	0.9814034276140771	0.9832826973472356	0.9822245576675471	0.9789371193635381	0.9748041577251791	0.9811884513845667	0.9827751465568753	0.983070203596532	0.9835050186717167	0.9888458791452033	0.9812573075209712	0.9829258395348904
0.9890387614029783	0.9888469421039945	0.9863239463028219	0.9884707258146921	0.9824196113143899	0.9821266498141313	0.9829649287001293	0.984968448691386	0.9876593388846294	0.9789715050226419	0.9749172055679466	0.9890668166166926	0.9915916350269435	0.9830356065686834	0.9870526674183328	0.9892907702327667	0.9877319386322327	0.9860333259370857	0.9884204204120529	0.9874811109526994	0.983742027383643	0.9835020714506444	0.9861096384280885	0.985412292121208	0.9887273777546988	0.9883140462041891	0.9813635174922986	0.987632551943027	0.9833330438485306	0.9890933764267833	0.9854982608392701	1.0	0.9888165257806835	0.9877932640379924	0.9872561721934346	0.9843421057486266	0.9800101774658032	0.985378723098163	0.9872283811190268	0.9892374825584418	0.9876715551165222	0.9888650592089085	0.9871743879734278	0.9885661344736064
0.9862610055160016	0.9861080827509388	0.9849701541710439	0.9886431219246191	0.9797380508407147	0.9797087454455367	0.9790778741174088	0.982376928617248	0.9868286143470271	0.9753517127698007	0.9695540974710839	0.9954980527916655	0.9834360651297719	0.9804080881723686	0.9826312577454069	0.9865423444922379	0.9876396039406429	0.983383798428708	0.9885804241476455	0.9843742341074763	0.9816514603864267	0.9817400210627567	0.9839547845676133	0.9825919039366994	0.9850921732142944	0.98606140153547	0.9775841009631122	0.9865043626953824	0.9802306706302415	0.986551254051109	0.9814034276140771	0.9888165257806835	1.0	0.9853393736127891	0.9848452133640845	0.982862874828848	0.9780809366478637	0.9823811958011893	0.984557908393131	0.9907864882458154	0.985712030062498	0.9848528185931195	0.9847463751544403	0.9854311619792789
0.9863480352960934	0.9862571450429598	0.9846858991205075	0.9858710237979694	0.9803465735920133	0.9800832693639321	0.9813006143038758	0.9827570155036313	0.9854670830780273	0.9782227800935764	0.9700705689415636	0.9856797245224693	0.985228076321564	0.9818165273264713	0.9852516251280221	0.98782731886256	0.985949769076804	0.9844387231780092	0.9865466145204785	0.9856457660485214	0.9824261582152527	0.9821882058461036	0.9847410444976695	0.9839055847749923	0.9861146628524766	0.9859060464953412	0.9809877231506223	0.9865921296819263	0.9816765380605903	0.9878924584240152	0.9832826973472356	0.9877932640379924	0.9853393736127891	1.0	0.986625391267651	0.9825972448974593	0.9782801765273916	0.984330554272953	0.986661869605776	0.9869622692989695	0.9861497258286641	0.9859901216422733	0.9853667997029261	0.9862546747932291
0.986864028281815	0.987125444584668	0.9846265247094841	0.9859343713650052	0.97924854392262	0.9794193770325124	0.9816861754007317	0.9830532659631789	0.9845337673570749	0.9774978477000223	0.9692255808354941	0.984756926777658	0.9843296022896858	0.9807057884858525	0.9843725441527988	0.9877070683146848	0.9849760473554152	0.98417249213373	0.9859330083653765	0.9856167723212086	0.9818107701437091	0.9817021359465927	0.9850441745223194	0.9840627352494031	0.985772104929463	0.9859354993802957	0.9834309602223558	0.9866174713046367	0.979570494757067	0.9858288122910818	0.9822245576675471	0.9872561721934346	0.9848452133640845	0.986625391267651	1.0	0.9826424982476176	0.9789526621541909	0.9826217148648346	0.9916796139816764	0.9860365618580357	0.9863634487132847	0.9854411381603744	0.9841207803401861	0.9863663640282818
0.9831206344278091	0.9829111075260152	0.9822561848602551	0.9838401207172096	0.9795511236237907	0.9800250944943416	0.9782869080650167	0.984927211134583	0.9838196705348341	0.9751482543368817	0.965968283498329	0.9830426116570512	0.9810375858848243	0.9771702348115013	0.9805315890435324	0.9836181058592512	0.9823006387417396	0.9817455123747127	0.9831358842026869	0.9820923719485173	0.9838325259615002	0.9838408949436847	0.9836664179898678	0.98118827611033	0.9831477776681892	0.98344369814054	0.9763976159485941	0.9818502367129893	0.9778171975017367	0.9832614038910619	0.9789371193635381	0.9843421057486266	0.982862874828848	0.9825972448974593	0.9826424982476176	1.0	0.982780434784484	0.9801101189618856	0.9826321981537922	0.9838175953883209	0.9820714175996121	0.9832613755790035	0.9814878287625453	0.982519473944104
0.9791468129584057	0.9793014958245714	0.9768298990491917	0.9783911999437591	0.9759662950747058	0.9772237378273966	0.9727693768430956	0.9809376011617316	0.9792780260425938	0.9702753705309828	0.9691989968085508	0.9782985707171666	0.9765822820398449	0.9727764282967433	0.9760332284661913	0.97911373619456	0.9778594498212879	0.9761468395531712	0.9787248141093239	0.9772279730941339	0.9805636062394063	0.9806605845136324	0.9810547750211965	0.9753845178988426	0.9786918235289028	0.9781183886972494	0.9716540676076943	0.9780256974372368	0.9742370000156317	0.9777134125808659	0.9748041577251791	0.9800101774658032	0.9780809366478637	0.9782801765273916	0.9789526621541909	0.982780434784484	1.0	0.9748322448208012	0.980169098108753	0.9793571021518356	0.9778334378012484	0.9791789556812844	0.9802774962108781	0.9784665007892139
0.9831859757989965	0.9839032168105584	0.980669659504695	0.9840481444889285	0.9773109580768296	0.9771307078667271	0.9787820288314297	0.9799792408015178	0.9824758469737641	0.9769046653433637	0.9664390784239275	0.9831833769646617	0.9841710147166965	0.9782940702349933	0.9815039172638518	0.984715473235938	0.9828241083872424	0.9813848108097697	0.983629651432169	0.98259389342387	0.9798955361624091	0.9795171394442894	0.9827596360982414	0.9811416915856846	0.98334414510872	0.982915814909719	0.9786012921586136	0.982799741466657	0.9792914760990626	0.9893370656585783	0.9811884513845667	0.985378723098163	0.9823811958011893	0.984330554272953	0.9826217148648346	0.9801101189618856	0.9748322448208012	1.0	0.9832337433553052	0.9838925105147511	0.9833647051847879	0.9828750011754626	0.9811112693719747	0.982205759911454
0.9878272741731524	0.9873678063692511	0.9852055014487928	0.9856491978014735	0.9802847353629384	0.9801232402807325	0.981408962759534	0.983425070998069	0.9852472338881696	0.9765695514273487	0.9705023369680325	0.98458201592189	0.9841872538755169	0.9805659145769052	0.984630551892983	0.9882187554825524	0.9844537180726449	0.9845096467431276	0.9849762506517681	0.9852425858075693	0.982222258133768	0.9819009981563924	0.9846979698341558	0.9839416199651715	0.9862147859248807	0.9859013585953765	0.9828939286751439	0.9877021969624	0.980065690550533	0.9863316464993152	0.9827751465568753	0.9872283811190268	0.984557908393131	0.986661869605776	0.9916796139816764	0.9826321981537922	0.980169098108753	0.9832337433553052	1.0	0.985612003457766	0.9874446744309961	0.9867900307183092	0.9854503643527436	0.9861245074173369
0.9872236235988088	0.9870216331114212	0.9853857006610265	0.9898617540555187	0.9806801510939814	0.9808674417961117	0.9805375382016974	0.9841829519427958	0.9879639661390845	0.9768605365148648	0.9713376436018512	0.9907186403234414	0.9847832062475322	0.9806280138390453	0.9841490038626339	0.9877549889564241	0.9888400922416335	0.9841260152487901	0.989395366388765	0.9854864918553586	0.9824671475256731	0.9827905373909085	0.985421179732392	0.9835624624973931	0.9863429334598227	0.9872500736504244	0.9801424374237248	0.9858145340922074	0.981493254344807	0.9875278667019153	0.983070203596532	0.9892374825584418	0.9907864882458154	0.9869622692989695	0.9860365618580357	0.9838175953883209	0.9793571021518356	0.9838925105147511	0.985612003457766	1.0	0.9856414630570689	0.9864321230361918	0.9851968545094907	0.9862087689215806
0.9862540931135662	0.9861930282536913	0.9840021543774398	0.9850560167367873	0.980128001900219	0.9802100813545578	0.9802413403063863	0.9827453363575515	0.9842538706967031	0.9763038837030446	0.9693928861470407	0.9855492316473088	0.9849375581925189	0.9822131356052547	0.9831153714498421	0.9866066659823021	0.9847849551919686	0.9840591130696748	0.9849378727452439	0.9844335635195228	0.9813426440397337	0.9814000316095352	0.9843521155955515	0.9835233361611436	0.985448626657215	0.9851586321064395	0.9800439984659141	0.9923219860771959	0.9826732078577881	0.9871152520989261	0.9835050186717167	0.9876715551165222	0.985712030062498	0.9861497258286641	0.9863634487132847	0.9820714175996121	0.9778334378012484	0.9833647051847879	0.9874446744309961	0.9856414630570689	1.0	0.9850392689925859	0.9866354911722267	0.9849598519584648
0.986914638122152	0.9866011492740844	0.9846332820395892	0.9854212734982015	0.9812095598074765	0.9810459957638022	0.9818444212179007	0.9840115725534646	0.9856234235730806	0.9763599469115174	0.9689299703757951	0.9848050790280056	0.9843974584165612	0.981170953405004	0.9841126665223606	0.9870432269924536	0.9853316400442135	0.9838018440242116	0.9851848777866528	0.9852791092001424	0.982461648042969	0.9821992134511647	0.9841662441794089	0.9833945963361315	0.9859616684712592	0.9857594783881027	0.9786912904782549	0.985518407819265	0.9815366477483715	0.9862147996250756	0.9888458791452033	0.9888650592089085	0.9848528185931195	0.9859901216422733	0.9854411381603744	0.9832613755790035	0.9791789556812844	0.9828750011754626	0.9867900307183092	0.9864321230361918	0.9850392689925859	1.0	0.9854727237479217	0.9856166434752736
