/home/jshaw/scratch/2022_sketched_distance/references/SGB_genome_fastas_part1_redo/1667/BritoIL_2016__W2.47.ST__bin.34.fa	/home/jshaw/scratch/2022_sketched_distance/references/SGB_genome_fastas_part1_redo/1667/BritoIL_2016__WL.44.ST__bin.12.fa	/home/jshaw/scratch/2022_sketched_distance/references/SGB_genome_fastas_part1_redo/1667/BritoIL_2016__WL.5.ST__bin.6.fa	/home/jshaw/scratch/2022_sketched_distance/references/SGB_genome_fastas_part1_redo/1667/CM_madagascar__A72_01_1FE__bin.16.fa	/home/jshaw/scratch/2022_sketched_distance/references/SGB_genome_fastas_part1_redo/1667/CM_madagascar__A94_01_1FE__bin.15.fa	/home/jshaw/scratch/2022_sketched_distance/references/SGB_genome_fastas_part1_redo/1667/CosteaPI_2017__SID713A014-11-0-0__bin.28.fa	/home/jshaw/scratch/2022_sketched_distance/references/SGB_genome_fastas_part1_redo/1667/CosteaPI_2017__SID713A038-11-90-0__bin.55.fa	/home/jshaw/scratch/2022_sketched_distance/references/SGB_genome_fastas_part1_redo/1667/CosteaPI_2017__SID713A049-11-0-0__bin.2.fa	/home/jshaw/scratch/2022_sketched_distance/references/SGB_genome_fastas_part1_redo/1667/CosteaPI_2017__SID713A057-11-90-0__bin.8.fa	/home/jshaw/scratch/2022_sketched_distance/references/SGB_genome_fastas_part1_redo/1667/CosteaPI_2017__SID713A058-11-0-0__bin.50.fa	/home/jshaw/scratch/2022_sketched_distance/references/SGB_genome_fastas_part1_redo/1667/CosteaPI_2017__SID713A058-11-90-0__bin.42.fa	/home/jshaw/scratch/2022_sketched_distance/references/SGB_genome_fastas_part1_redo/1667/CosteaPI_2017__SID713B003-11-0-0__bin.34.fa	/home/jshaw/scratch/2022_sketched_distance/references/SGB_genome_fastas_part1_redo/1667/CosteaPI_2017__SID713B003-11-90-0__bin.67.fa	/home/jshaw/scratch/2022_sketched_distance/references/SGB_genome_fastas_part1_redo/1667/CosteaPI_2017__SID713B005-11-90-0__bin.30.fa	/home/jshaw/scratch/2022_sketched_distance/references/SGB_genome_fastas_part1_redo/1667/CosteaPI_2017__SID713B040-11-90-0__bin.114.fa	/home/jshaw/scratch/2022_sketched_distance/references/SGB_genome_fastas_part1_redo/1667/CosteaPI_2017__SID713B042-11-0-0__bin.61.fa	/home/jshaw/scratch/2022_sketched_distance/references/SGB_genome_fastas_part1_redo/1667/KarlssonFH_2013__S468__bin.13.fa	/home/jshaw/scratch/2022_sketched_distance/references/SGB_genome_fastas_part1_redo/1667/LiJ_2014__MH0222__bin.7.fa	/home/jshaw/scratch/2022_sketched_distance/references/SGB_genome_fastas_part1_redo/1667/LiJ_2014__MH0357__bin.61.fa	/home/jshaw/scratch/2022_sketched_distance/references/SGB_genome_fastas_part1_redo/1667/LiJ_2014__MH0400__bin.25.fa	/home/jshaw/scratch/2022_sketched_distance/references/SGB_genome_fastas_part1_redo/1667/LiJ_2014__O2.UC16-1__bin.29.fa	/home/jshaw/scratch/2022_sketched_distance/references/SGB_genome_fastas_part1_redo/1667/LiJ_2014__V1.CD44-0__bin.7.fa	/home/jshaw/scratch/2022_sketched_distance/references/SGB_genome_fastas_part1_redo/1667/LiJ_2014__V1.CD44-4__bin.14.fa	/home/jshaw/scratch/2022_sketched_distance/references/SGB_genome_fastas_part1_redo/1667/LiJ_2014__V1.CD6-0-PT__bin.78.fa	/home/jshaw/scratch/2022_sketched_distance/references/SGB_genome_fastas_part1_redo/1667/LiuW_2016__SRR3993014__bin.77.fa	/home/jshaw/scratch/2022_sketched_distance/references/SGB_genome_fastas_part1_redo/1667/LiuW_2016__SRR3993042__bin.16.fa	/home/jshaw/scratch/2022_sketched_distance/references/SGB_genome_fastas_part1_redo/1667/LiuW_2016__SRR3993050__bin.66.fa	/home/jshaw/scratch/2022_sketched_distance/references/SGB_genome_fastas_part1_redo/1667/LiuW_2016__SRR3993051__bin.10.fa	/home/jshaw/scratch/2022_sketched_distance/references/SGB_genome_fastas_part1_redo/1667/LiuW_2016__SRR3993060__bin.20.fa	/home/jshaw/scratch/2022_sketched_distance/references/SGB_genome_fastas_part1_redo/1667/QinJ_2012__T2D-073__bin.53.fa	/home/jshaw/scratch/2022_sketched_distance/references/SGB_genome_fastas_part1_redo/1667/VogtmannE_2016__MMRS57276462ST-27-0-0__bin.49.fa
1.0	0.9732438357785701	0.9715054424920281	0.9687279861906625	0.9741672627040325	0.9696762367786318	0.969335377356757	0.9708316850627349	0.9694959444318707	0.9704097246402976	0.9704702392700585	0.967008839165291	0.9693443701863494	0.9695457605109086	0.9713307121021727	0.9671257488032011	0.9685761449496038	0.9688257320843883	0.9635782634791289	0.9672317374044919	0.9703553062069831	0.9710484062348852	0.9703362441494437	0.9641909849619997	0.9716734135783469	0.9706453791273164	0.9724357376526978	0.9692907422683574	0.9676874230950797	0.9720494187255847	0.967607619423032
0.9732438357785701	1.0	0.9770004835719017	0.9738876198579637	0.9751621956225094	0.9755331445358011	0.9726323731710269	0.9723507541558406	0.9745259066973865	0.9715780330385284	0.9729205452509357	0.9749658074734644	0.976632004404633	0.9737480116620726	0.9730011098174132	0.9677958690974117	0.9686467142203729	0.9723004286871191	0.967405220604379	0.972496431580946	0.972864945154332	0.9747938270564257	0.9750537338287525	0.965650225195247	0.9736718039486216	0.9713469023946504	0.9775682016091871	0.9734756981271949	0.9747435188307988	0.9767930633103876	0.9726746091137841
0.9715054424920281	0.9770004835719017	1.0	0.9767388948553882	0.9734999329113062	0.9767002196339379	0.9734335218311804	0.971707465033948	0.973369088252533	0.9707466164794067	0.9726242071054436	0.9758590976323039	0.9750311551747509	0.9717999525012283	0.9722441296007798	0.9673193221227546	0.9664903025655458	0.9716846905440832	0.9707439744862056	0.9749015204027384	0.9725112377082338	0.9728712347784518	0.9731046657116245	0.9636615941529824	0.9728563803064562	0.9699753022631666	0.9756007242199073	0.9743066122244013	0.9759612795439935	0.9747147990419714	0.9748749469234778
0.9687279861906625	0.9738876198579637	0.9767388948553882	1.0	0.971742475485139	0.9752175220690015	0.9717361014527871	0.9701827296637039	0.9726335909638292	0.9700377693227016	0.9717319930478641	0.975232911417469	0.973609831029763	0.9711107559227603	0.9716806862324853	0.9669908920576902	0.9655793422363711	0.9700172654986744	0.9708465593396088	0.9738847432753239	0.9710255481210511	0.9731575879725531	0.973280852684582	0.9616821015727671	0.9718776454483258	0.9696068102700528	0.9746812716404396	0.9737176541904002	0.9749483108879142	0.9728436191408383	0.9742029371975339
0.9741672627040325	0.9751621956225094	0.9734999329113062	0.971742475485139	1.0	0.9731313218801343	0.9718416790200625	0.9721755756534813	0.97254088297993	0.9735916337190994	0.9741452862920857	0.9709067348376323	0.973711164061269	0.9709402618412152	0.9745464556329638	0.9678224004745067	0.9714085467650422	0.9710934469799125	0.965221947143553	0.9704559687852031	0.9717261651301621	0.9748591366128315	0.9738995047644083	0.966251212501395	0.9740850277464619	0.9725415000022954	0.9757403919908356	0.9729040449923533	0.9711796142422363	0.974102961594873	0.9695695950567902
0.9696762367786318	0.9755331445358011	0.9767002196339379	0.9752175220690015	0.9731313218801343	1.0	0.9849459566505488	0.974743578901589	0.9776081765396868	0.9756409999447215	0.9766951486025506	0.9793767533989461	0.9791443676048035	0.9765294975544555	0.9779956553490157	0.9732528384958039	0.971673551475575	0.9737788611482712	0.9724110042412232	0.9767933732993066	0.9753690353889358	0.9751464309642358	0.9755929844886655	0.9660437669651947	0.9754725806582456	0.9734571018339734	0.9772844590893459	0.9765224406294727	0.9770291996884626	0.9740052941955769	0.9763054287682981
0.969335377356757	0.9726323731710269	0.9734335218311804	0.9717361014527871	0.9718416790200625	0.9849459566505488	1.0	0.9756610736358983	0.9734673697185489	0.975086727934914	0.9739279489237361	0.9742306990008247	0.9758835853534585	0.974690281620112	0.9750343217463859	0.9750036002177749	0.9690618097799758	0.972701697499296	0.9701795848580257	0.9729885225622735	0.9728500484612862	0.9724001120723171	0.9716733099726359	0.9629435505395335	0.974906090322582	0.9732432418914293	0.9736934883419184	0.9749824728209062	0.9724874828204495	0.9711283078736554	0.9706227635697888
0.9708316850627349	0.9723507541558406	0.971707465033948	0.9701827296637039	0.9721755756534813	0.974743578901589	0.9756610736358983	1.0	0.9815663170093902	0.9805161196620263	0.9821216194170569	0.9759214566563715	0.9780773832816724	0.9757230018522879	0.9788836935237817	0.9766959382583581	0.9712398431096831	0.9741920097669087	0.9698593187111776	0.9728955731310411	0.974308619546318	0.9730405089464712	0.9724447664907456	0.9649603641515917	0.9736901232107614	0.9725111477971672	0.9744655595443258	0.9738297964836634	0.9723212448779699	0.9710568950440116	0.9710279521982901
0.9694959444318707	0.9745259066973865	0.973369088252533	0.9726335909638292	0.97254088297993	0.9776081765396868	0.9734673697185489	0.9815663170093902	1.0	0.9926222073579889	0.9961043311982043	0.9788755056814746	0.9803336499289237	0.9772003123701143	0.9783922117307798	0.9719166323748709	0.9725253000892229	0.9759267092204891	0.9688369342615605	0.9741650326565249	0.9770604714284636	0.9742299242056046	0.9754842317413677	0.9655934630926049	0.9744071708029779	0.9727022524373888	0.9782424719357984	0.9742517655688777	0.9749776395804631	0.9741585413088787	0.9750160145586573
0.9704097246402976	0.9715780330385284	0.9707466164794067	0.9700377693227016	0.9735916337190994	0.9756409999447215	0.975086727934914	0.9805161196620263	0.9926222073579889	1.0	0.9942175035745805	0.974347812732243	0.976680522512872	0.9742065224037513	0.9768166535516368	0.9711548817428929	0.9731791583851762	0.9727332596226134	0.9676962367647195	0.9716522100324255	0.9740672157466737	0.9737718735204507	0.9722233579749576	0.9644313328784145	0.9769472841224989	0.9755816134628521	0.9744728277480109	0.9754807790557675	0.9729898517552984	0.9703962022486843	0.9703605258818705
0.9704702392700585	0.9729205452509357	0.9726242071054436	0.9717319930478641	0.9741452862920857	0.9766951486025506	0.9739279489237361	0.9821216194170569	0.9961043311982043	0.9942175035745805	1.0	0.9769727527638346	0.9793601207372699	0.9763798204506604	0.9792786254049739	0.9723766285150567	0.9747636335885966	0.975922171300684	0.9686354104721546	0.9732755630272236	0.9766492517222783	0.9743025272111024	0.9747297102802507	0.9657270925539206	0.9748461108922669	0.9732887030650816	0.9768410016802477	0.9744945048807204	0.9739630902080815	0.9727819744237814	0.9731271192807822
0.967008839165291	0.9749658074734644	0.9758590976323039	0.975232911417469	0.9709067348376323	0.9793767533989461	0.9742306990008247	0.9759214566563715	0.9788755056814746	0.974347812732243	0.9769727527638346	1.0	0.9973877633340658	0.9791260766805784	0.9759887563148495	0.9727538121784506	0.9692710952971149	0.9728331279811033	0.9729805217900697	0.9784896974078301	0.9749021812194496	0.9732105997723722	0.9745462913678928	0.964771600365414	0.9719414028550385	0.9687594731381758	0.9758327668450848	0.9753730691615476	0.9783222446939527	0.9742422570758977	0.9772672199506975
0.9693443701863494	0.976632004404633	0.9750311551747509	0.973609831029763	0.973711164061269	0.9791443676048035	0.9758835853534585	0.9780773832816724	0.9803336499289237	0.976680522512872	0.9793601207372699	0.9973877633340658	1.0	0.9807676645770902	0.9782714571476723	0.9749543999537548	0.9717289394085815	0.9753534569987734	0.970771265966945	0.9767907238244485	0.9768827446696842	0.9754993221558912	0.9765716987224019	0.9669411898588809	0.9742219897587026	0.9710787023152613	0.9779820438626158	0.9750884431906827	0.9768562905596128	0.9753709102564806	0.9751308300169985
0.9695457605109086	0.9737480116620726	0.9717999525012283	0.9711107559227603	0.9709402618412152	0.9765294975544555	0.974690281620112	0.9757230018522879	0.9772003123701143	0.9742065224037513	0.9763798204506604	0.9791260766805784	0.9807676645770902	1.0	0.9768050655637212	0.9836835438707576	0.9729533231641873	0.9760763819912115	0.9707368833055275	0.9768257060544765	0.9757879654367958	0.972508123015425	0.9735735377180272	0.9662009860715345	0.972639683794372	0.9720769015333034	0.9753082065658133	0.972746406235232	0.9731166183921517	0.9736500822303847	0.9748656338470717
0.9713307121021727	0.9730011098174132	0.9722441296007798	0.9716806862324853	0.9745464556329638	0.9779956553490157	0.9750343217463859	0.9788836935237817	0.9783922117307798	0.9768166535516368	0.9792786254049739	0.9759887563148495	0.9782714571476723	0.9768050655637212	1.0	0.9744675625795076	0.9727695505397438	0.9754956879781592	0.9686478985068949	0.9739182471671819	0.9760993441169842	0.9746427928524686	0.9748375030653871	0.966814233283873	0.9755794074972662	0.973836666664055	0.97611340559408	0.9745465946138625	0.9741514591622705	0.9719404475850405	0.9720748474504636
0.9671257488032011	0.9677958690974117	0.9673193221227546	0.9669908920576902	0.9678224004745067	0.9732528384958039	0.9750036002177749	0.9766959382583581	0.9719166323748709	0.9711548817428929	0.9723766285150567	0.9727538121784506	0.9749543999537548	0.9836835438707576	0.9744675625795076	1.0	0.9681997118826864	0.972784437067746	0.9705506729112993	0.9717851772004333	0.9719699000835195	0.9691608462637331	0.9695680677546278	0.9605251332715119	0.9710195459185245	0.9701609050692007	0.9705287898244065	0.9702057798738127	0.9687333562775841	0.9661242830822774	0.9686039077014552
0.9685761449496038	0.9686467142203729	0.9664903025655458	0.9655793422363711	0.9714085467650422	0.971673551475575	0.9690618097799758	0.9712398431096831	0.9725253000892229	0.9731791583851762	0.9747636335885966	0.9692710952971149	0.9717289394085815	0.9729533231641873	0.9727695505397438	0.9681997118826864	1.0	0.9728353181440055	0.9651729302354837	0.9698197899098037	0.972987703516692	0.9716198501245671	0.9714701199511347	0.9634119482633339	0.9709271081544983	0.9698561348502429	0.9710333046510609	0.9694595298497664	0.968425681859112	0.9689239163518338	0.9688489998175688
0.9688257320843883	0.9723004286871191	0.9716846905440832	0.9700172654986744	0.9710934469799125	0.9737788611482712	0.972701697499296	0.9741920097669087	0.9759267092204891	0.9727332596226134	0.975922171300684	0.9728331279811033	0.9753534569987734	0.9760763819912115	0.9754956879781592	0.972784437067746	0.9728353181440055	1.0	0.9829654573619523	0.9776225946087864	0.9754174774273879	0.9731279636050475	0.9738962945080148	0.9658345039059071	0.9718213180375184	0.9702273350248922	0.9740480124034954	0.971573849363269	0.9707654397697464	0.971658777796377	0.9730215195935261
0.9635782634791289	0.967405220604379	0.9707439744862056	0.9708465593396088	0.965221947143553	0.9724110042412232	0.9701795848580257	0.9698593187111776	0.9688369342615605	0.9676962367647195	0.9686354104721546	0.9729805217900697	0.970771265966945	0.9707368833055275	0.9686478985068949	0.9705506729112993	0.9651729302354837	0.9829654573619523	1.0	0.9784981101335855	0.9699439051279363	0.9683617838877808	0.9678306043859954	0.9600180478708177	0.9676241133048598	0.9655926212354942	0.9686311842703182	0.9709059716532719	0.9726975235001837	0.9665144218017603	0.9724873123525113
0.9672317374044919	0.972496431580946	0.9749015204027384	0.9738847432753239	0.9704559687852031	0.9767933732993066	0.9729885225622735	0.9728955731310411	0.9741650326565249	0.9716522100324255	0.9732755630272236	0.9784896974078301	0.9767907238244485	0.9768257060544765	0.9739182471671819	0.9717851772004333	0.9698197899098037	0.9776225946087864	0.9784981101335855	1.0	0.9754643367633555	0.9727779682110039	0.9727462971511859	0.9650730615173604	0.9719062470732731	0.9688652080724574	0.9737850895553658	0.9737682230376268	0.9771950779108264	0.9716060441531432	0.9784820528308292
0.9703553062069831	0.972864945154332	0.9725112377082338	0.9710255481210511	0.9717261651301621	0.9753690353889358	0.9728500484612862	0.974308619546318	0.9770604714284636	0.9740672157466737	0.9766492517222783	0.9749021812194496	0.9768827446696842	0.9757879654367958	0.9760993441169842	0.9719699000835195	0.972987703516692	0.9754174774273879	0.9699439051279363	0.9754643367633555	1.0	0.9738943566982516	0.9749860432978207	0.9650349998533729	0.9742632134542217	0.970914512868012	0.975684001624312	0.9729076316940236	0.9746154874069968	0.9725473709111271	0.9739498400536005
0.9710484062348852	0.9747938270564257	0.9728712347784518	0.9731575879725531	0.9748591366128315	0.9751464309642358	0.9724001120723171	0.9730405089464712	0.9742299242056046	0.9737718735204507	0.9743025272111024	0.9732105997723722	0.9754993221558912	0.972508123015425	0.9746427928524686	0.9691608462637331	0.9716198501245671	0.9731279636050475	0.9683617838877808	0.9727779682110039	0.9738943566982516	1.0	0.9969439281797992	0.9663572625336192	0.9751720138279282	0.9721234479799733	0.9756652699040242	0.973596370319794	0.9743618283340915	0.9738033884508318	0.9720879563419909
0.9703362441494437	0.9750537338287525	0.9731046657116245	0.973280852684582	0.9738995047644083	0.9755929844886655	0.9716733099726359	0.9724447664907456	0.9754842317413677	0.9722233579749576	0.9747297102802507	0.9745462913678928	0.9765716987224019	0.9735735377180272	0.9748375030653871	0.9695680677546278	0.9714701199511347	0.9738962945080148	0.9678306043859954	0.9727462971511859	0.9749860432978207	0.9969439281797992	1.0	0.9656303618325254	0.9735773096822279	0.970753850096447	0.9771816400281582	0.9731640441510573	0.9745745821292642	0.9741708014741906	0.9737009203621607
0.9641909849619997	0.965650225195247	0.9636615941529824	0.9616821015727671	0.966251212501395	0.9660437669651947	0.9629435505395335	0.9649603641515917	0.9655934630926049	0.9644313328784145	0.9657270925539206	0.964771600365414	0.9669411898588809	0.9662009860715345	0.966814233283873	0.9605251332715119	0.9634119482633339	0.9658345039059071	0.9600180478708177	0.9650730615173604	0.9650349998533729	0.9663572625336192	0.9656303618325254	1.0	0.9640304920553486	0.963156606581075	0.9660333180817098	0.9637952037465465	0.9631518274159041	0.9662571524699227	0.9633463791934055
0.9716734135783469	0.9736718039486216	0.9728563803064562	0.9718776454483258	0.9740850277464619	0.9754725806582456	0.974906090322582	0.9736901232107614	0.9744071708029779	0.9769472841224989	0.9748461108922669	0.9719414028550385	0.9742219897587026	0.972639683794372	0.9755794074972662	0.9710195459185245	0.9709271081544983	0.9718213180375184	0.9676241133048598	0.9719062470732731	0.9742632134542217	0.9751720138279282	0.9735773096822279	0.9640304920553486	1.0	0.974794871213615	0.9760632176627589	0.9757394729984419	0.9880161563930578	0.9723822805940713	0.969888801603263
0.9706453791273164	0.9713469023946504	0.9699753022631666	0.9696068102700528	0.9725415000022954	0.9734571018339734	0.9732432418914293	0.9725111477971672	0.9727022524373888	0.9755816134628521	0.9732887030650816	0.9687594731381758	0.9710787023152613	0.9720769015333034	0.973836666664055	0.9701609050692007	0.9698561348502429	0.9702273350248922	0.9655926212354942	0.9688652080724574	0.970914512868012	0.9721234479799733	0.970753850096447	0.963156606581075	0.974794871213615	1.0	0.9746383585833005	0.971794979302209	0.9699939230916264	0.9706974083592402	0.9677106486948404
0.9724357376526978	0.9775682016091871	0.9756007242199073	0.9746812716404396	0.9757403919908356	0.9772844590893459	0.9736934883419184	0.9744655595443258	0.9782424719357984	0.9744728277480109	0.9768410016802477	0.9758327668450848	0.9779820438626158	0.9753082065658133	0.97611340559408	0.9705287898244065	0.9710333046510609	0.9740480124034954	0.9686311842703182	0.9737850895553658	0.975684001624312	0.9756652699040242	0.9771816400281582	0.9660333180817098	0.9760632176627589	0.9746383585833005	1.0	0.9746969844367963	0.9759072729595557	0.9767426973160469	0.9744241938563609
0.9692907422683574	0.9734756981271949	0.9743066122244013	0.9737176541904002	0.9729040449923533	0.9765224406294727	0.9749824728209062	0.9738297964836634	0.9742517655688777	0.9754807790557675	0.9744945048807204	0.9753730691615476	0.9750884431906827	0.972746406235232	0.9745465946138625	0.9702057798738127	0.9694595298497664	0.971573849363269	0.9709059716532719	0.9737682230376268	0.9729076316940236	0.973596370319794	0.9731640441510573	0.9637952037465465	0.9757394729984419	0.971794979302209	0.9746969844367963	1.0	0.9747585822924609	0.9716857116463322	0.97225991779255
0.9676874230950797	0.9747435188307988	0.9759612795439935	0.9749483108879142	0.9711796142422363	0.9770291996884626	0.9724874828204495	0.9723212448779699	0.9749776395804631	0.9729898517552984	0.9739630902080815	0.9783222446939527	0.9768562905596128	0.9731166183921517	0.9741514591622705	0.9687333562775841	0.968425681859112	0.9707654397697464	0.9726975235001837	0.9771950779108264	0.9746154874069968	0.9743618283340915	0.9745745821292642	0.9631518274159041	0.9880161563930578	0.9699939230916264	0.9759072729595557	0.9747585822924609	1.0	0.9731897428202153	0.9754445110195397
0.9720494187255847	0.9767930633103876	0.9747147990419714	0.9728436191408383	0.974102961594873	0.9740052941955769	0.9711283078736554	0.9710568950440116	0.9741585413088787	0.9703962022486843	0.9727819744237814	0.9742422570758977	0.9753709102564806	0.9736500822303847	0.9719404475850405	0.9661242830822774	0.9689239163518338	0.971658777796377	0.9665144218017603	0.9716060441531432	0.9725473709111271	0.9738033884508318	0.9741708014741906	0.9662571524699227	0.9723822805940713	0.9706974083592402	0.9767426973160469	0.9716857116463322	0.9731897428202153	1.0	0.9726703101990665
0.967607619423032	0.9726746091137841	0.9748749469234778	0.9742029371975339	0.9695695950567902	0.9763054287682981	0.9706227635697888	0.9710279521982901	0.9750160145586573	0.9703605258818705	0.9731271192807822	0.9772672199506975	0.9751308300169985	0.9748656338470717	0.9720748474504636	0.9686039077014552	0.9688489998175688	0.9730215195935261	0.9724873123525113	0.9784820528308292	0.9739498400536005	0.9720879563419909	0.9737009203621607	0.9633463791934055	0.969888801603263	0.9677106486948404	0.9744241938563609	0.97225991779255	0.9754445110195397	0.9726703101990665	1.0
