/home/jshaw/scratch/2022_sketched_distance/references/SGB_genome_fastas_part1_redo/1531/BackhedF_2015__SID180_12M__bin.10.fa	/home/jshaw/scratch/2022_sketched_distance/references/SGB_genome_fastas_part1_redo/1531/BackhedF_2015__SID195_12M__bin.33.fa	/home/jshaw/scratch/2022_sketched_distance/references/SGB_genome_fastas_part1_redo/1531/BackhedF_2015__SID256_12M__bin.21.fa	/home/jshaw/scratch/2022_sketched_distance/references/SGB_genome_fastas_part1_redo/1531/BackhedF_2015__SID275_12M__bin.27.fa	/home/jshaw/scratch/2022_sketched_distance/references/SGB_genome_fastas_part1_redo/1531/BackhedF_2015__SID504_12M__bin.16.fa	/home/jshaw/scratch/2022_sketched_distance/references/SGB_genome_fastas_part1_redo/1531/BackhedF_2015__SID526_12M__bin.22.fa	/home/jshaw/scratch/2022_sketched_distance/references/SGB_genome_fastas_part1_redo/1531/BackhedF_2015__SID582_12M__bin.30.fa	/home/jshaw/scratch/2022_sketched_distance/references/SGB_genome_fastas_part1_redo/1531/CosteaPI_2017__alien-11-600-0__bin.10.fa	/home/jshaw/scratch/2022_sketched_distance/references/SGB_genome_fastas_part1_redo/1531/GeversD_2014__SKBSTL021__bin.6.fa	/home/jshaw/scratch/2022_sketched_distance/references/SGB_genome_fastas_part1_redo/1531/HeQ_2017__SZAXPI029475-44__bin.13.fa	/home/jshaw/scratch/2022_sketched_distance/references/SGB_genome_fastas_part1_redo/1531/LiJ_2017__nHM612709__bin.42.fa	/home/jshaw/scratch/2022_sketched_distance/references/SGB_genome_fastas_part1_redo/1531/LomanNJ_2013__OBK2535b__bin.9.fa	/home/jshaw/scratch/2022_sketched_distance/references/SGB_genome_fastas_part1_redo/1531/NielsenHB_2014__V1_UC14_1__bin.34.fa	/home/jshaw/scratch/2022_sketched_distance/references/SGB_genome_fastas_part1_redo/1531/Obregon-TitoAJ_2015__NO01__bin.15.fa	/home/jshaw/scratch/2022_sketched_distance/references/SGB_genome_fastas_part1_redo/1531/QinJ_2012__CON-060__bin.43.fa	/home/jshaw/scratch/2022_sketched_distance/references/SGB_genome_fastas_part1_redo/1531/QinJ_2012__T2D-016__bin.32.fa	/home/jshaw/scratch/2022_sketched_distance/references/SGB_genome_fastas_part1_redo/1531/QinJ_2012__T2D-101__bin.23.fa	/home/jshaw/scratch/2022_sketched_distance/references/SGB_genome_fastas_part1_redo/1531/QinN_2014__LD-21__bin.7.fa	/home/jshaw/scratch/2022_sketched_distance/references/SGB_genome_fastas_part1_redo/1531/QinN_2014__LD-36__bin.6.fa	/home/jshaw/scratch/2022_sketched_distance/references/SGB_genome_fastas_part1_redo/1531/QinN_2014__LD-44__bin.36.fa	/home/jshaw/scratch/2022_sketched_distance/references/SGB_genome_fastas_part1_redo/1531/QinN_2014__LD-63__bin.9.fa	/home/jshaw/scratch/2022_sketched_distance/references/SGB_genome_fastas_part1_redo/1531/QinN_2014__LD-78__bin.30.fa	/home/jshaw/scratch/2022_sketched_distance/references/SGB_genome_fastas_part1_redo/1531/QinN_2014__LD-91__bin.21.fa	/home/jshaw/scratch/2022_sketched_distance/references/SGB_genome_fastas_part1_redo/1531/QinN_2014__LV-10__bin.11.fa	/home/jshaw/scratch/2022_sketched_distance/references/SGB_genome_fastas_part1_redo/1531/VatanenT_2016__G69175__bin.1.fa	/home/jshaw/scratch/2022_sketched_distance/references/SGB_genome_fastas_part1_redo/1531/VatanenT_2016__G78672__bin.6.fa	/home/jshaw/scratch/2022_sketched_distance/references/SGB_genome_fastas_part1_redo/1531/VatanenT_2016__G78889__bin.6.fa	/home/jshaw/scratch/2022_sketched_distance/references/SGB_genome_fastas_part1_redo/1531/VatanenT_2016__G80267__bin.3.fa	/home/jshaw/scratch/2022_sketched_distance/references/SGB_genome_fastas_part1_redo/1531/VatanenT_2016__G80274__bin.12.fa	/home/jshaw/scratch/2022_sketched_distance/references/SGB_genome_fastas_part1_redo/1531/VatanenT_2016__G80445__bin.7.fa	/home/jshaw/scratch/2022_sketched_distance/references/SGB_genome_fastas_part1_redo/1531/VogtmannE_2016__MMRS81194191ST-27-0-0__bin.33.fa	/home/jshaw/scratch/2022_sketched_distance/references/SGB_genome_fastas_part1_redo/1531/VogtmannE_2016__MMRS94549160ST-27-0-0__bin.64.fa	/home/jshaw/scratch/2022_sketched_distance/references/SGB_genome_fastas_part1_redo/1531/XieH_2016__YSZC12003_36212__bin.18.fa
1.0	0.9843203187370134	0.9855451975074894	0.9801175401434852	0.9843334612097852	0.9846662253690973	0.9854081201018116	0.9726251285776845	0.9784457485143538	0.9868724009073674	0.9822974320751723	0.9842699845358541	0.9848013259516979	0.9865641437784642	0.986068128944464	0.9854622464406846	0.9805843055869214	0.9776466244245424	0.9742075963672306	0.9811471559144606	0.985074060346822	0.9857630773403694	0.97636565906664	0.9846285512407559	0.9881476462017897	0.9864766606854058	0.9851664502466598	0.9837649366647844	0.9872693821868226	0.9829767087358381	0.9748966616991982	0.9828163430660545	0.9832562839639278
0.9843203187370134	1.0	0.9827317588830602	0.9761379910265316	0.9816538946465049	0.9862508264383378	0.9827415168498955	0.9656889909385368	0.9742558159917734	0.9836307797907315	0.9840673404925572	0.9843995410457733	0.9811983419136494	0.9831795292647519	0.9835297718568653	0.98346693718064	0.9797840673673263	0.9728432626097292	0.9691754936682381	0.9795982077521469	0.9828708623021617	0.9837578156944925	0.9723371035930499	0.9828308503954727	0.9860510601393728	0.9838757317574044	0.982412238949564	0.9847156254482069	0.984812818602901	0.9798616712138302	0.9690931738434648	0.981050137667777	0.9830950866426584
0.9855451975074894	0.9827317588830602	1.0	0.9793128873770344	0.9844479689993595	0.9818519554621261	0.9841810324203196	0.9725136530898651	0.9790698574569452	0.9850831346436627	0.9807087573726294	0.9822959675862305	0.983813558148834	0.9838678711712298	0.9846707280814293	0.9826003602162536	0.9792819144382002	0.9779243711336425	0.9740932375601655	0.9806879760342666	0.9838233177331899	0.9851554783045727	0.9762830770250783	0.9843789478426516	0.9853110189215115	0.9858873660996026	0.986394769345097	0.9821159087322097	0.986038727899966	0.9838897508178395	0.9748197270725443	0.9842065955204851	0.9827706686365102
0.9801175401434852	0.9761379910265316	0.9793128873770344	1.0	0.9802954615541452	0.9744554524452624	0.980461674519044	0.979402448644442	0.9792763277233896	0.9816503490201887	0.9733382044032767	0.9835332355115304	0.9787134681643574	0.9804643964812518	0.9805290742658204	0.978147000010433	0.9750618274084077	0.9808476515108565	0.9796214703665204	0.9752181700202089	0.981315765555168	0.9815864320210668	0.9813870576759873	0.97957162731797	0.9812282194210085	0.9791003049031339	0.979303462696547	0.9750471231035408	0.9815115743267631	0.979078437239403	0.9804842755241164	0.9807090139619883	0.9750366843858544
0.9843334612097852	0.9816538946465049	0.9844479689993595	0.9802954615541452	1.0	0.9808162459687619	0.9847697694000447	0.9754131080991136	0.9809060770332328	0.9852680322477941	0.9791287666824264	0.9819235105908205	0.9822731194739778	0.9836456068890036	0.9849687123746991	0.982938937951019	0.9803934835358057	0.980419331198283	0.9770372989053124	0.9814574309224128	0.9848559410386386	0.9850322670579625	0.9793394776714237	0.984470380120511	0.9847677388006832	0.9845223265372838	0.9843680336502879	0.9803516051100855	0.9856300114136118	0.9822590223797704	0.9782049358143993	0.9848700439690962	0.9807517019294982
0.9846662253690973	0.9862508264383378	0.9818519554621261	0.9744554524452624	0.9808162459687619	1.0	0.9827125348916228	0.9636301905146744	0.9726275324182975	0.9836005150590111	0.985236719998961	0.9835638030495266	0.9816272047093163	0.9834590968389906	0.9842245471987459	0.9831582399656984	0.9795517462882233	0.9725070846398466	0.9669102399099708	0.9794045980972881	0.9826853127216143	0.9838145248734205	0.9707808652417701	0.9828676362478685	0.9861555703398865	0.9833121318170444	0.982828056605072	0.9847270279306498	0.9858455438014532	0.9800742253281205	0.9678155440612821	0.9804354757767789	0.9835821321862722
0.9854081201018116	0.9827415168498955	0.9841810324203196	0.980461674519044	0.9847697694000447	0.9827125348916228	1.0	0.9739303878140334	0.9793823964466666	0.9857572089934733	0.980761580903624	0.9830575165966088	0.983460039659687	0.9848284001687861	0.9864498612551172	0.9837060275268653	0.9796516587046167	0.9778061871499653	0.9740896330829117	0.9815265549529356	0.9855979481223001	0.9858973081301501	0.9771694481677945	0.9846373794500416	0.9861622688873475	0.9843355949580728	0.9855223396016294	0.9815935917345008	0.986667502708886	0.9829735882063674	0.9752453309936218	0.983989470534003	0.9815603587103511
0.9726251285776845	0.9656889909385368	0.9725136530898651	0.979402448644442	0.9754131080991136	0.9636301905146744	0.9739303878140334	1.0	0.9816746386439121	0.9731294441164163	0.9597132801387976	0.9682749482075671	0.9727783100665969	0.9713096025369524	0.9749457779507071	0.9699337937781589	0.9690297023549791	0.9804067980932967	0.9804302112851072	0.9700995390443468	0.9737718735204507	0.9742401982071143	0.9814569256124563	0.9730170334461058	0.9737762953015515	0.9726190110063845	0.9735117280638962	0.9643770177756399	0.9750286437756224	0.9719586830573057	0.9843024594474519	0.9747475871871181	0.9659375403205642
0.9784457485143538	0.9742558159917734	0.9790698574569452	0.9792763277233896	0.9809060770332328	0.9726275324182975	0.9793823964466666	0.9816746386439121	1.0	0.978814766471856	0.9695732187766672	0.9737112755806229	0.9862347950526538	0.9763059563562982	0.9798397871394489	0.9758069529238622	0.9735184027344349	0.981935720434403	0.9789693578982155	0.9757521241538841	0.9796916623628856	0.9793610578556393	0.983444373144421	0.9788620759154225	0.9796415700805655	0.9780351863597678	0.978669404728473	0.9714149951537772	0.9800521863228651	0.9785455765918609	0.9827879462508756	0.9820814791698017	0.9723359902510108
0.9868724009073674	0.9836307797907315	0.9850831346436627	0.9816503490201887	0.9852680322477941	0.9836005150590111	0.9857572089934733	0.9731294441164163	0.978814766471856	1.0	0.9826795896985913	0.984064401727497	0.983444553223465	0.9867615545021093	0.9868831250778134	0.9853601873435841	0.9815430408671468	0.9793955034984355	0.9759092251559954	0.9832914276228538	0.9871534011903359	0.9879061118109241	0.97792534112915	0.9866467148951528	0.986779144154635	0.9845934456861299	0.9847868392502227	0.9821226832892684	0.9875228056305833	0.982421106372335	0.975676746516191	0.9837622555109556	0.9811778822409243
0.9822974320751723	0.9840673404925572	0.9807087573726294	0.9733382044032767	0.9791287666824264	0.985236719998961	0.980761580903624	0.9597132801387976	0.9695732187766672	0.9826795896985913	1.0	0.9827972675662225	0.9798245343146303	0.9819219830508925	0.9833975640294507	0.981878112220166	0.9791647817872055	0.968327030072026	0.9644573876259724	0.9783621276572527	0.9815564111583136	0.9837910807405855	0.9685603781087936	0.9820392586766141	0.9826384121042852	0.9808106659729542	0.9803293615539699	0.9829548942194796	0.9830232680534423	0.9784121314558022	0.9651380772013431	0.9793746281629517	0.9817972365113998
0.9842699845358541	0.9843995410457733	0.9822959675862305	0.9835332355115304	0.9819235105908205	0.9835638030495266	0.9830575165966088	0.9682749482075671	0.9737112755806229	0.984064401727497	0.9827972675662225	1.0	0.9816200989197563	0.9848148422349083	0.9838252906856554	0.9843662054149224	0.9816277318027604	0.9747627157018173	0.970425340811645	0.9806968071612253	0.982391075387985	0.9842460215300649	0.9730924883063239	0.9832920410959571	0.9859382347650862	0.9838064632495642	0.9816469336179988	0.9839105459185623	0.9844955943540881	0.9806094133490965	0.9696942097473008	0.9815421888857202	0.9829968449354988
0.9848013259516979	0.9811983419136494	0.983813558148834	0.9787134681643574	0.9822731194739778	0.9816272047093163	0.983460039659687	0.9727783100665969	0.9862347950526538	0.983444553223465	0.9798245343146303	0.9816200989197563	1.0	0.9834342935871928	0.9840232638049871	0.9835297371255065	0.978476399435906	0.976886398948113	0.973092855526563	0.979465074595788	0.9825481891432888	0.983847325775992	0.9750998811404185	0.9826123996789466	0.9856466666696772	0.9838365192707131	0.983039598367014	0.9810550431604352	0.9848377110428143	0.9837812611723481	0.973757104943141	0.9841609127665801	0.9816835657207877
0.9865641437784642	0.9831795292647519	0.9838678711712298	0.9804643964812518	0.9836456068890036	0.9834590968389906	0.9848284001687861	0.9713096025369524	0.9763059563562982	0.9867615545021093	0.9819219830508925	0.9848148422349083	0.9834342935871928	1.0	0.9865570417248818	0.9859279032575112	0.981860030492496	0.9788027013863752	0.9759270854553276	0.9830916416304395	0.9860873665018404	0.9869739813588558	0.9777011663576751	0.9856382683990026	0.9878071034468674	0.9858231748773835	0.9842370396191841	0.9831027548799336	0.9862523148043082	0.9824958045127936	0.9743769411857743	0.98260797648937	0.9826046353650778
0.986068128944464	0.9835297718568653	0.9846707280814293	0.9805290742658204	0.9849687123746991	0.9842245471987459	0.9864498612551172	0.9749457779507071	0.9798397871394489	0.9868831250778134	0.9833975640294507	0.9838252906856554	0.9840232638049871	0.9865570417248818	1.0	0.9854294241775333	0.9816196575077032	0.9794759185836718	0.9766789110867756	0.9836164682959689	0.987188855799593	0.9886870125626649	0.9798569554684087	0.9870178608546663	0.9871527458431479	0.9851520502791887	0.98506282434287	0.9811922919323722	0.9874109400140674	0.9836039686902699	0.9767480036089167	0.9839878363994993	0.9819504490534765
0.9854622464406846	0.98346693718064	0.9826003602162536	0.978147000010433	0.982938937951019	0.9831582399656984	0.9837060275268653	0.9699337937781589	0.9758069529238622	0.9853601873435841	0.981878112220166	0.9843662054149224	0.9835297371255065	0.9859279032575112	0.9854294241775333	1.0	0.9813942571689105	0.9764136007891251	0.9721729583474464	0.9825349221427354	0.9843999052688599	0.9857466417161211	0.975679604539222	0.9848101378946903	0.9863267339836761	0.9846416153972063	0.982657576312375	0.9819802622590703	0.9855195901646401	0.9811280258861795	0.9721313383819278	0.9811567362448568	0.9820086388127981
0.9805843055869214	0.9797840673673263	0.9792819144382002	0.9750618274084077	0.9803934835358057	0.9795517462882233	0.9796516587046167	0.9690297023549791	0.9735184027344349	0.9815430408671468	0.9791647817872055	0.9816277318027604	0.978476399435906	0.981860030492496	0.9816196575077032	0.9813942571689105	1.0	0.9754100572777041	0.9711931616450923	0.9799424200116466	0.9812945638707502	0.9819102329400564	0.9744126435713473	0.9809712314075663	0.9817636588590078	0.980297800964522	0.9786788331410364	0.9785179529782849	0.9810675722959254	0.9764873196154785	0.9724542628896591	0.9786108103221602	0.9779789965841644
0.9776466244245424	0.9728432626097292	0.9779243711336425	0.9808476515108565	0.980419331198283	0.9725070846398466	0.9778061871499653	0.9804067980932967	0.981935720434403	0.9793955034984355	0.968327030072026	0.9747627157018173	0.976886398948113	0.9788027013863752	0.9794759185836718	0.9764136007891251	0.9754100572777041	1.0	0.9809078402364495	0.9767387843313182	0.9808905873269789	0.9807961688680303	0.9833338842429257	0.9799380290519926	0.9784481833735895	0.9780539034259883	0.978053425103277	0.9707046639834471	0.9785605203255756	0.9742932032330311	0.9835325246625156	0.9786623875021165	0.970392151268939
0.9742075963672306	0.9691754936682381	0.9740932375601655	0.9796214703665204	0.9770372989053124	0.9669102399099708	0.9740896330829117	0.9804302112851072	0.9789693578982155	0.9759092251559954	0.9644573876259724	0.970425340811645	0.973092855526563	0.9759270854553276	0.9766789110867756	0.9721729583474464	0.9711931616450923	0.9809078402364495	1.0	0.9727217277276388	0.9766574715313209	0.9773536237252409	0.9835651700683159	0.9755861113883946	0.9752649025378853	0.9743291680489837	0.9744745476689635	0.9650333857791868	0.9756681377734355	0.971394301290604	0.9822824498708853	0.9742388848410474	0.9665183512871018
0.9811471559144606	0.9795982077521469	0.9806879760342666	0.9752181700202089	0.9814574309224128	0.9794045980972881	0.9815265549529356	0.9700995390443468	0.9757521241538841	0.9832914276228538	0.9783621276572527	0.9806968071612253	0.979465074595788	0.9830916416304395	0.9836164682959689	0.9825349221427354	0.9799424200116466	0.9767387843313182	0.9727217277276388	1.0	0.9830015037906971	0.9838101067792898	0.9755319528686675	0.9843350089928151	0.9827400833477967	0.9814852017265059	0.9806583784407441	0.9790303382662958	0.9823677312556806	0.9782854119114992	0.9750293653771895	0.980473830862126	0.9782313346615674
0.985074060346822	0.9828708623021617	0.9838233177331899	0.981315765555168	0.9848559410386386	0.9826853127216143	0.9855979481223001	0.9737718735204507	0.9796916623628856	0.9871534011903359	0.9815564111583136	0.982391075387985	0.9825481891432888	0.9860873665018404	0.987188855799593	0.9843999052688599	0.9812945638707502	0.9808905873269789	0.9766574715313209	0.9830015037906971	1.0	0.9881200876195672	0.980120036586249	0.9866399232201893	0.9866647944975858	0.9835859862573842	0.9842847986359646	0.980206115426214	0.9863167460244386	0.9821015986038015	0.9766614798985485	0.9834034850509411	0.9803212866556916
0.9857630773403694	0.9837578156944925	0.9851554783045727	0.9815864320210668	0.9850322670579625	0.9838145248734205	0.9858973081301501	0.9742401982071143	0.9793610578556393	0.9879061118109241	0.9837910807405855	0.9842460215300649	0.983847325775992	0.9869739813588558	0.9886870125626649	0.9857466417161211	0.9819102329400564	0.9807961688680303	0.9773536237252409	0.9838101067792898	0.9881200876195672	1.0	0.9804612261208254	0.9877284996712088	0.9869634398303675	0.9851747962746004	0.9855137682138974	0.9816797888511629	0.9879019445612115	0.9829361108174569	0.9768706219693021	0.9838418152382405	0.9819006257069939
0.97636565906664	0.9723371035930499	0.9762830770250783	0.9813870576759873	0.9793394776714237	0.9707808652417701	0.9771694481677945	0.9814569256124563	0.983444373144421	0.97792534112915	0.9685603781087936	0.9730924883063239	0.9750998811404185	0.9777011663576751	0.9798569554684087	0.975679604539222	0.9744126435713473	0.9833338842429257	0.9835651700683159	0.9755319528686675	0.980120036586249	0.9804612261208254	1.0	0.9791299279750667	0.9779237628713784	0.9761796660444622	0.9766982185735288	0.9692648113306706	0.9783611588138613	0.9740513347004796	0.9843168046277851	0.9766611491627177	0.9699559594996484
0.9846285512407559	0.9828308503954727	0.9843789478426516	0.97957162731797	0.984470380120511	0.9828676362478685	0.9846373794500416	0.9730170334461058	0.9788620759154225	0.9866467148951528	0.9820392586766141	0.9832920410959571	0.9826123996789466	0.9856382683990026	0.9870178608546663	0.9848101378946903	0.9809712314075663	0.9799380290519926	0.9755861113883946	0.9843350089928151	0.9866399232201893	0.9877284996712088	0.9791299279750667	1.0	0.9859870952649887	0.9851846118944577	0.9850193290162791	0.9808075329504705	0.9861805721042651	0.9826211441295035	0.9786664380787202	0.9837924887867902	0.9811912076461458
0.9881476462017897	0.9860510601393728	0.9853110189215115	0.9812282194210085	0.9847677388006832	0.9861555703398865	0.9861622688873475	0.9737762953015515	0.9796415700805655	0.986779144154635	0.9826384121042852	0.9859382347650862	0.9856466666696772	0.9878071034468674	0.9871527458431479	0.9863267339836761	0.9817636588590078	0.9784481833735895	0.9752649025378853	0.9827400833477967	0.9866647944975858	0.9869634398303675	0.9779237628713784	0.9859870952649887	1.0	0.9867822803853581	0.9854207241227239	0.984300514060096	0.9879901723195357	0.9839251530164467	0.9758756108256147	0.9843661974386467	0.9840265238043113
0.9864766606854058	0.9838757317574044	0.9858873660996026	0.9791003049031339	0.9845223265372838	0.9833121318170444	0.9843355949580728	0.9726190110063845	0.9780351863597678	0.9845934456861299	0.9808106659729542	0.9838064632495642	0.9838365192707131	0.9858231748773835	0.9851520502791887	0.9846416153972063	0.980297800964522	0.9780539034259883	0.9743291680489837	0.9814852017265059	0.9835859862573842	0.9851747962746004	0.9761796660444622	0.9851846118944577	0.9867822803853581	1.0	0.9957491383045919	0.9838379095053179	0.9864447527624026	0.9841823853687569	0.9756281961479062	0.9840489808063846	0.9839578177298157
0.9851664502466598	0.982412238949564	0.986394769345097	0.979303462696547	0.9843680336502879	0.982828056605072	0.9855223396016294	0.9735117280638962	0.978669404728473	0.9847868392502227	0.9803293615539699	0.9816469336179988	0.983039598367014	0.9842370396191841	0.98506282434287	0.982657576312375	0.9786788331410364	0.978053425103277	0.9744745476689635	0.9806583784407441	0.9842847986359646	0.9855137682138974	0.9766982185735288	0.9850193290162791	0.9854207241227239	0.9957491383045919	1.0	0.9818565592089125	0.9866663043392712	0.9846109765511107	0.9757769804812428	0.9842265499847497	0.9829261902088142
0.9837649366647844	0.9847156254482069	0.9821159087322097	0.9750471231035408	0.9803516051100855	0.9847270279306498	0.9815935917345008	0.9643770177756399	0.9714149951537772	0.9821226832892684	0.9829548942194796	0.9839105459185623	0.9810550431604352	0.9831027548799336	0.9811922919323722	0.9819802622590703	0.9785179529782849	0.9707046639834471	0.9650333857791868	0.9790303382662958	0.980206115426214	0.9816797888511629	0.9692648113306706	0.9808075329504705	0.984300514060096	0.9838379095053179	0.9818565592089125	1.0	0.9832034382762548	0.9821184196096172	0.9673401790425362	0.9818571286282958	0.9854893013739464
0.9872693821868226	0.984812818602901	0.986038727899966	0.9815115743267631	0.9856300114136118	0.9858455438014532	0.986667502708886	0.9750286437756224	0.9800521863228651	0.9875228056305833	0.9830232680534423	0.9844955943540881	0.9848377110428143	0.9862523148043082	0.9874109400140674	0.9855195901646401	0.9810675722959254	0.9785605203255756	0.9756681377734355	0.9823677312556806	0.9863167460244386	0.9879019445612115	0.9783611588138613	0.9861805721042651	0.9879901723195357	0.9864447527624026	0.9866663043392712	0.9832034382762548	1.0	0.9841384709870986	0.9768319938205201	0.985370675361049	0.9826883759424564
0.9829767087358381	0.9798616712138302	0.9838897508178395	0.979078437239403	0.9822590223797704	0.9800742253281205	0.9829735882063674	0.9719586830573057	0.9785455765918609	0.982421106372335	0.9784121314558022	0.9806094133490965	0.9837812611723481	0.9824958045127936	0.9836039686902699	0.9811280258861795	0.9764873196154785	0.9742932032330311	0.971394301290604	0.9782854119114992	0.9821015986038015	0.9829361108174569	0.9740513347004796	0.9826211441295035	0.9839251530164467	0.9841823853687569	0.9846109765511107	0.9821184196096172	0.9841384709870986	1.0	0.9728799993707464	0.9857266000185647	0.9931438433342192
0.9748966616991982	0.9690931738434648	0.9748197270725443	0.9804842755241164	0.9782049358143993	0.9678155440612821	0.9752453309936218	0.9843024594474519	0.9827879462508756	0.975676746516191	0.9651380772013431	0.9696942097473008	0.973757104943141	0.9743769411857743	0.9767480036089167	0.9721313383819278	0.9724542628896591	0.9835325246625156	0.9822824498708853	0.9750293653771895	0.9766614798985485	0.9768706219693021	0.9843168046277851	0.9786664380787202	0.9758756108256147	0.9756281961479062	0.9757769804812428	0.9673401790425362	0.9768319938205201	0.9728799993707464	1.0	0.9765952273890145	0.9683015444833161
0.9828163430660545	0.981050137667777	0.9842065955204851	0.9807090139619883	0.9848700439690962	0.9804354757767789	0.983989470534003	0.9747475871871181	0.9820814791698017	0.9837622555109556	0.9793746281629517	0.9815421888857202	0.9841609127665801	0.98260797648937	0.9839878363994993	0.9811567362448568	0.9786108103221602	0.9786623875021165	0.9742388848410474	0.980473830862126	0.9834034850509411	0.9838418152382405	0.9766611491627177	0.9837924887867902	0.9843661974386467	0.9840489808063846	0.9842265499847497	0.9818571286282958	0.985370675361049	0.9857266000185647	0.9765952273890145	1.0	0.9820407532873656
0.9832562839639278	0.9830950866426584	0.9827706686365102	0.9750366843858544	0.9807517019294982	0.9835821321862722	0.9815603587103511	0.9659375403205642	0.9723359902510108	0.9811778822409243	0.9817972365113998	0.9829968449354988	0.9816835657207877	0.9826046353650778	0.9819504490534765	0.9820086388127981	0.9779789965841644	0.970392151268939	0.9665183512871018	0.9782313346615674	0.9803212866556916	0.9819006257069939	0.9699559594996484	0.9811912076461458	0.9840265238043113	0.9839578177298157	0.9829261902088142	0.9854893013739464	0.9826883759424564	0.9931438433342192	0.9683015444833161	0.9820407532873656	1.0
