/home/jshaw/scratch/2022_sketched_distance/references/SGB_genome_fastas_part4/6140/BackhedF_2015__SID103_B__bin.11.fa	/home/jshaw/scratch/2022_sketched_distance/references/SGB_genome_fastas_part4/6140/BackhedF_2015__SID1_4M__bin.5.fa	/home/jshaw/scratch/2022_sketched_distance/references/SGB_genome_fastas_part4/6140/BackhedF_2015__SID195_12M__bin.32.fa	/home/jshaw/scratch/2022_sketched_distance/references/SGB_genome_fastas_part4/6140/BackhedF_2015__SID229_12M__bin.34.fa	/home/jshaw/scratch/2022_sketched_distance/references/SGB_genome_fastas_part4/6140/BackhedF_2015__SID274_M__bin.36.fa	/home/jshaw/scratch/2022_sketched_distance/references/SGB_genome_fastas_part4/6140/BackhedF_2015__SID598_M__bin.5.fa	/home/jshaw/scratch/2022_sketched_distance/references/SGB_genome_fastas_part4/6140/FengQ_2015__SID31236__bin.21.fa	/home/jshaw/scratch/2022_sketched_distance/references/SGB_genome_fastas_part4/6140/FengQ_2015__SID31398__bin.3.fa	/home/jshaw/scratch/2022_sketched_distance/references/SGB_genome_fastas_part4/6140/FengQ_2015__SID31582__bin.27.fa	/home/jshaw/scratch/2022_sketched_distance/references/SGB_genome_fastas_part4/6140/FengQ_2015__SID532826__bin.13.fa	/home/jshaw/scratch/2022_sketched_distance/references/SGB_genome_fastas_part4/6140/GeversD_2014__SKBSTL006__bin.30.fa	/home/jshaw/scratch/2022_sketched_distance/references/SGB_genome_fastas_part4/6140/GeversD_2014__SKBSTL023__bin.18.fa	/home/jshaw/scratch/2022_sketched_distance/references/SGB_genome_fastas_part4/6140/HeQ_2017__RSZAXPI003097-131__bin.25.fa	/home/jshaw/scratch/2022_sketched_distance/references/SGB_genome_fastas_part4/6140/HeQ_2017__SZAXPI029466-158__bin.40.fa	/home/jshaw/scratch/2022_sketched_distance/references/SGB_genome_fastas_part4/6140/IjazUZ_2017__S47_a_WGS__bin.4.fa	/home/jshaw/scratch/2022_sketched_distance/references/SGB_genome_fastas_part4/6140/KarlssonFH_2013__S195__bin.42.fa	/home/jshaw/scratch/2022_sketched_distance/references/SGB_genome_fastas_part4/6140/KarlssonFH_2013__S353__bin.6.fa	/home/jshaw/scratch/2022_sketched_distance/references/SGB_genome_fastas_part4/6140/KarlssonFH_2013__S397__bin.10.fa	/home/jshaw/scratch/2022_sketched_distance/references/SGB_genome_fastas_part4/6140/LiJ_2014__O2.UC15-0__bin.11.fa	/home/jshaw/scratch/2022_sketched_distance/references/SGB_genome_fastas_part4/6140/LoombaR_2017__SID1049_baw__bin.4.fa	/home/jshaw/scratch/2022_sketched_distance/references/SGB_genome_fastas_part4/6140/NielsenHB_2014__V1_CD10_0__bin.8.fa	/home/jshaw/scratch/2022_sketched_distance/references/SGB_genome_fastas_part4/6140/NielsenHB_2014__V1_CD18_0__bin.7.fa	/home/jshaw/scratch/2022_sketched_distance/references/SGB_genome_fastas_part4/6140/QinJ_2012__CON-104__bin.37.fa	/home/jshaw/scratch/2022_sketched_distance/references/SGB_genome_fastas_part4/6140/QinN_2014__LD-45__bin.10.fa	/home/jshaw/scratch/2022_sketched_distance/references/SGB_genome_fastas_part4/6140/VogtmannE_2016__MMRS73787048ST-27-0-0__bin.25.fa	/home/jshaw/scratch/2022_sketched_distance/references/SGB_genome_fastas_part4/6140/WenC_2017__RA064__bin.43.fa	/home/jshaw/scratch/2022_sketched_distance/references/SGB_genome_fastas_part4/6140/XieH_2016__YSZC12003_35563__bin.69.fa	/home/jshaw/scratch/2022_sketched_distance/references/SGB_genome_fastas_part4/6140/XieH_2016__YSZC12003_35734__bin.1.fa	/home/jshaw/scratch/2022_sketched_distance/references/SGB_genome_fastas_part4/6140/XieH_2016__YSZC12003_37399__bin.52.fa	/home/jshaw/scratch/2022_sketched_distance/references/SGB_genome_fastas_part4/6140/XieH_2016__YSZC12003_37400__bin.21.fa	/home/jshaw/scratch/2022_sketched_distance/references/SGB_genome_fastas_part4/6140/XieH_2016__YSZC12003_37754__bin.94.fa	/home/jshaw/scratch/2022_sketched_distance/references/SGB_genome_fastas_part4/6140/YuJ_2015__SZAXPI015210-17__bin.59.fa	/home/jshaw/scratch/2022_sketched_distance/references/SGB_genome_fastas_part4/6140/ZeeviD_2015__PNP_Main_108__bin.39.fa	/home/jshaw/scratch/2022_sketched_distance/references/SGB_genome_fastas_part4/6140/ZeeviD_2015__PNP_Main_124__bin.16.fa	/home/jshaw/scratch/2022_sketched_distance/references/SGB_genome_fastas_part4/6140/ZeeviD_2015__PNP_Main_191__bin.9.fa	/home/jshaw/scratch/2022_sketched_distance/references/SGB_genome_fastas_part4/6140/ZeeviD_2015__PNP_Main_240__bin.1.fa	/home/jshaw/scratch/2022_sketched_distance/references/SGB_genome_fastas_part4/6140/ZeeviD_2015__PNP_Main_251__bin.30.fa	/home/jshaw/scratch/2022_sketched_distance/references/SGB_genome_fastas_part4/6140/ZeeviD_2015__PNP_Main_396__bin.81.fa
1.0	0.9805045685463429	0.9845838019110804	0.9877378778496216	0.987958187084541	0.992342738096241	0.9930220528532079	0.9934419754942089	0.9938541773174974	0.9873012332656244	0.9895727528016007	0.9873559287718562	0.9792189860888239	0.9851003963930826	0.9757800527562438	0.9782297843313413	0.9893858761471724	0.9881066327925275	0.9707646479727726	0.9746884121419511	0.9720657848189369	0.988162896555574	0.9830154905656022	0.9867524526192307	0.9795668625107928	0.9833151012924682	0.9913275977517474	0.9908874402469761	0.9836498161468716	0.9711672917033657	0.9941758993467468	0.9770143886306711	0.9852015317309348	0.9926159677189859	0.9885336784957587	0.9849289441845211	0.9907348964370065	0.9877469465905988
0.9805045685463429	1.0	0.9771519306552054	0.9780505675330694	0.9785591014287206	0.9812618658814565	0.9805930725309724	0.9804023309680336	0.980227145696227	0.9780038807120173	0.9796422972526304	0.9775289673895509	0.9727173313749234	0.9761474452607587	0.9718735913687496	0.9750319768392202	0.9808130030339487	0.9792472408621444	0.9687465220973216	0.9746819218216375	0.9702277828925423	0.978892211758117	0.9722251284261354	0.978041727184695	0.9744068471188085	0.9745841913321046	0.9813529185236795	0.9803467831583651	0.977326666774626	0.9685146854505025	0.9801577140654087	0.971796810469101	0.9799733774723709	0.9810817644062146	0.9782556463728274	0.9755937385017593	0.9818806908644582	0.9783081808851999
0.9845838019110804	0.9771519306552054	1.0	0.9827242628717358	0.9830911037742881	0.9855962003043737	0.9842145052833708	0.9846614312791577	0.9847392871270981	0.9849507932017624	0.9845386900185232	0.9820314019046419	0.9746928342340933	0.9799214579841417	0.9718763025339063	0.9720437046868029	0.9814541407795604	0.9796464145914398	0.9671234433279472	0.971060436933782	0.9686560180326704	0.9833902655631852	0.9772743699719947	0.9816251039126488	0.9764661839549899	0.9791774847184537	0.9845530460199067	0.9869432183440112	0.9787638780283558	0.967926644612344	0.9838781896756346	0.9726157253280189	0.9807858051513747	0.9851103897324487	0.9826214638809128	0.9814410797040631	0.984831715821397	0.9826871298282197
0.9877378778496216	0.9780505675330694	0.9827242628717358	1.0	0.9947306783516953	0.9886886784711904	0.9872583893537533	0.9887459403469792	0.9883060196384463	0.985177344606475	0.991639359542304	0.9874074218899632	0.9790333188441696	0.9854964993067636	0.9761750434568868	0.9757545749028701	0.9843073116752113	0.9825430519447643	0.9759969173427526	0.9726056595183058	0.9721401486506583	0.9945240971574479	0.9825961511218368	0.9865685400663576	0.986867610899454	0.9858543973517541	0.9881426976282586	0.9885304549331054	0.9844897540129572	0.9690219805437651	0.9870217625988692	0.9762932872761132	0.9859653436064872	0.9884972112721143	0.9936612989949979	0.9846379896212523	0.9895013084659031	0.9936084906129103
0.987958187084541	0.9785591014287206	0.9830911037742881	0.9947306783516953	1.0	0.98883287130069	0.9872721173495946	0.98856183923691	0.9883230892219853	0.985060786400167	0.9912109987586343	0.9866752720677381	0.9788068997922411	0.9849702113018479	0.9763792906990908	0.976281344242243	0.9852972442845507	0.9828426550122807	0.9763808653482037	0.9732521350870814	0.9719797149245694	0.9939144651686332	0.9822088665788229	0.9860620027380591	0.9866073515823155	0.9853797140064374	0.9880286863111671	0.9883491663061845	0.9846311206385183	0.9698923933301571	0.9873265789635575	0.9759929393967678	0.9859288748433214	0.9883962168077979	0.9926971060276317	0.984596766632871	0.9896995561248572	0.9928572968677885
0.992342738096241	0.9812618658814565	0.9855962003043737	0.9886886784711904	0.98883287130069	1.0	0.9909128278199327	0.9926299019597443	0.9923370880505981	0.988639819406066	0.9898465143594445	0.9878167967974647	0.979117999376477	0.9853323112123614	0.9766421086093671	0.9782122910310469	0.9893232082759832	0.987793780326998	0.9713357764273579	0.9758713889259076	0.9718422528625295	0.9889144499424828	0.9836128446588266	0.9872959466600955	0.979748792757564	0.9840724880885102	0.9915824957018419	0.9924562051465249	0.9843060324230274	0.9713967397478671	0.9910110252795687	0.9773273873687418	0.9865654409429125	0.9924494933068694	0.9890242717516575	0.9858338846067374	0.9920444805628794	0.9884560329668532
0.9930220528532079	0.9805930725309724	0.9842145052833708	0.9872583893537533	0.9872721173495946	0.9909128278199327	1.0	0.9919607307836202	0.9920212329463513	0.9867459533637436	0.9886521185342285	0.9861833925550186	0.9782483707636638	0.9843521412784803	0.9743877899229413	0.9772985233493995	0.9883246838731964	0.9863231871661242	0.9699529873928799	0.9742411424058057	0.9722744296418442	0.9871000808980179	0.9818149754768077	0.9861807693634389	0.9793853392638188	0.9829219928444112	0.9902685751217294	0.9901678887873949	0.9829771386115034	0.9710553205188623	0.9921343213696969	0.9770698283667253	0.9846298884984157	0.9912016786868381	0.9873380856707237	0.9835521599035425	0.9895036271203748	0.9868216679698425
0.9934419754942089	0.9804023309680336	0.9846614312791577	0.9887459403469792	0.98856183923691	0.9926299019597443	0.9919607307836202	1.0	0.9949231214531681	0.9872489592724609	0.9897274545277047	0.9879004035134379	0.9791802100365545	0.9855317020712044	0.9759511859677337	0.9798708113990853	0.9911451990674056	0.9898685417759681	0.9711181500399318	0.9747218842159714	0.9726402071770338	0.9892451158582394	0.9830188251137881	0.9873297480377761	0.9804255412824516	0.9840949581968904	0.9916570513215931	0.9915174773140528	0.9838398213847385	0.971423502154245	0.9926505545398221	0.97730092531093	0.9854971272259889	0.9924132403091359	0.9887435009711824	0.9850721191558527	0.9908794388286714	0.98844958685147
0.9938541773174974	0.980227145696227	0.9847392871270981	0.9883060196384463	0.9883230892219853	0.9923370880505981	0.9920212329463513	0.9949231214531681	1.0	0.9875125061490385	0.9894002309850305	0.987698730445376	0.9792430702830001	0.9853256235144967	0.9758101178790405	0.9790512291510955	0.9900001361856047	0.988782844024558	0.9709325483328379	0.9749149939514181	0.972270139629854	0.9885481591733807	0.9831632394368511	0.9869575880455763	0.979736885756973	0.9838781086372375	0.9914960917586566	0.9920056239201753	0.9835076139525234	0.9713255317822098	0.992461583068233	0.9776193790246269	0.9856529209905731	0.9926901925071554	0.9891371104302915	0.9851009728493767	0.9910340518752211	0.9883066523190035
0.9873012332656244	0.9780038807120173	0.9849507932017624	0.985177344606475	0.985060786400167	0.988639819406066	0.9867459533637436	0.9872489592724609	0.9875125061490385	1.0	0.9870818391956794	0.9836531390531875	0.9763506713018048	0.9815708108178266	0.9740274478932968	0.973859963632471	0.9841134507414917	0.9837178592359265	0.9686237163448235	0.9726034430038589	0.9715866936498226	0.9848897927019941	0.9800665539456721	0.9832825007664977	0.9771151891771865	0.980691455582445	0.9872268337454333	0.9921324535250842	0.981503063267694	0.9683919871218807	0.9864089216823253	0.9746074168480212	0.9838799771809152	0.9878220488101047	0.9856495091511954	0.9819194339643763	0.9869108738335277	0.9847024891280425
0.9895727528016007	0.9796422972526304	0.9845386900185232	0.991639359542304	0.9912109987586343	0.9898465143594445	0.9886521185342285	0.9897274545277047	0.9894002309850305	0.9870818391956794	1.0	0.9879733058883298	0.9796359269951801	0.9854328261995136	0.9768956453768863	0.9768197034999614	0.986434111933289	0.9839279743387799	0.9744303384001081	0.9741993355557929	0.97285502274739	0.9927092236328632	0.9825944141832146	0.9868953488817768	0.9841384360191204	0.9850696196974653	0.9889419760527316	0.9902425059042202	0.9841103904873971	0.9707183338848284	0.9889517710079594	0.9773609208519112	0.9869387594029845	0.9897978651160473	0.9910917866171026	0.9850458722687804	0.9902906521593615	0.9914383921866358
0.9873559287718562	0.9775289673895509	0.9820314019046419	0.9874074218899632	0.9866752720677381	0.9878167967974647	0.9861833925550186	0.9879004035134379	0.987698730445376	0.9836531390531875	0.9879733058883298	1.0	0.9786382917551693	0.9855932380752584	0.9752082180422227	0.9729582391565395	0.9833999281362709	0.9812093132551649	0.9709056035756414	0.9719272581087128	0.9710454815871971	0.9878456473671514	0.9822015947522577	0.9863963835538161	0.9796079899819968	0.9836599894920269	0.9870108079687187	0.987771299691299	0.9811916963812761	0.9683464521343734	0.986309638646129	0.9761029801684679	0.9825737913836535	0.9883234152190556	0.987738236336781	0.9844541890780255	0.98787621466558	0.9886319223395683
0.9792189860888239	0.9727173313749234	0.9746928342340933	0.9790333188441696	0.9788068997922411	0.979117999376477	0.9782483707636638	0.9791802100365545	0.9792430702830001	0.9763506713018048	0.9796359269951801	0.9786382917551693	1.0	0.9836456265177969	0.9701662464713571	0.9685722763832293	0.9779340050293924	0.9748720848275086	0.9644974378664029	0.9672399035494387	0.9734467258554312	0.9800393683511964	0.9789941506811566	0.9830319669469676	0.9732490361510369	0.9788154825306712	0.9791559933389338	0.9791020574259882	0.9738173495210283	0.9614684538690872	0.9783529653090187	0.9778538456556312	0.9763331430481256	0.9791261005587983	0.9797133809689406	0.9816489190473027	0.9797746011493191	0.9794010574612382
0.9851003963930826	0.9761474452607587	0.9799214579841417	0.9854964993067636	0.9849702113018479	0.9853323112123614	0.9843521412784803	0.9855317020712044	0.9853256235144967	0.9815708108178266	0.9854328261995136	0.9855932380752584	0.9836456265177969	1.0	0.9745631536102964	0.9723217640008046	0.9815952330497066	0.9799013589289247	0.9686709955680605	0.9697148267501072	0.9750089731043238	0.9859977144044756	0.9867420031772355	0.9897919403424562	0.9781510542720723	0.9856593336179207	0.9853381643108817	0.985122602954736	0.979076321319543	0.9666787265923646	0.9845780512032936	0.9818157300229268	0.98131119851303	0.9855767716284003	0.9853526907466935	0.9854817622478209	0.9857738606722122	0.9860055576938136
0.9757800527562438	0.9718735913687496	0.9718763025339063	0.9761750434568868	0.9763792906990908	0.9766421086093671	0.9743877899229413	0.9759511859677337	0.9758101178790405	0.9740274478932968	0.9768956453768863	0.9752082180422227	0.9701662464713571	0.9745631536102964	1.0	0.9687508066439018	0.9744442758763966	0.9719718368062493	0.9655600200747265	0.9670742588825725	0.9682607638829002	0.9770372068513152	0.9714408683315401	0.975769203249308	0.9691641332870846	0.9727868962333595	0.976110463893233	0.9761844835682761	0.9712995941455304	0.9584057616406709	0.9753089057505754	0.9706799566541645	0.9746855345848472	0.9768812365663301	0.976089574694444	0.9737658144179782	0.9772835120843054	0.9769714315591207
0.9782297843313413	0.9750319768392202	0.9720437046868029	0.9757545749028701	0.976281344242243	0.9782122910310469	0.9772985233493995	0.9798708113990853	0.9790512291510955	0.973859963632471	0.9768197034999614	0.9729582391565395	0.9685722763832293	0.9723217640008046	0.9687508066439018	1.0	0.9821839733286504	0.9800095910801734	0.9650631296354599	0.9692993666433433	0.9695883190238647	0.9759358282872909	0.9675013570282618	0.9740765341270704	0.9699572510220003	0.9700044118760763	0.9764852977128293	0.9765455948510787	0.9713484235234009	0.962511074477349	0.9781036738757122	0.9702034517171586	0.976988881209951	0.9770518734702891	0.9756014962018915	0.9705106465037934	0.9772493819655745	0.9748515552801457
0.9893858761471724	0.9808130030339487	0.9814541407795604	0.9843073116752113	0.9852972442845507	0.9893232082759832	0.9883246838731964	0.9911451990674056	0.9900001361856047	0.9841134507414917	0.986434111933289	0.9833999281362709	0.9779340050293924	0.9815952330497066	0.9744442758763966	0.9821839733286504	1.0	0.9890887858945712	0.9699117903828712	0.9751785951362001	0.9755687252816538	0.9848900692813986	0.9791981524312958	0.9831905556249647	0.9777046184674912	0.9804900749770559	0.9873462967462966	0.9872725961117113	0.9804301317399378	0.9710021495602785	0.9898763578376905	0.9782671516524526	0.9849219357077529	0.9882121510309999	0.9851213100097806	0.9812273636345711	0.9872966337693876	0.9838626394040612
0.9881066327925275	0.9792472408621444	0.9796464145914398	0.9825430519447643	0.9828426550122807	0.987793780326998	0.9863231871661242	0.9898685417759681	0.988782844024558	0.9837178592359265	0.9839279743387799	0.9812093132551649	0.9748720848275086	0.9799013589289247	0.9719718368062493	0.9800095910801734	0.9890887858945712	1.0	0.9674632857423938	0.9723046835224107	0.9727624146474144	0.9828819104154728	0.9783814079065158	0.9812706030466826	0.9752562563350489	0.9768821264610438	0.9859691688953713	0.9852640725910884	0.9781738883249357	0.9669401753388768	0.9869598211609439	0.9741963139272868	0.9820347004862681	0.9866545285120711	0.9832868606239684	0.979024237357066	0.9856066778052297	0.9822776939680038
0.9707646479727726	0.9687465220973216	0.9671234433279472	0.9759969173427526	0.9763808653482037	0.9713357764273579	0.9699529873928799	0.9711181500399318	0.9709325483328379	0.9686237163448235	0.9744303384001081	0.9709056035756414	0.9644974378664029	0.9686709955680605	0.9655600200747265	0.9650631296354599	0.9699117903828712	0.9674632857423938	1.0	0.962423156404245	0.9624494380055381	0.9765094924059842	0.965220993156709	0.9699938416778443	0.9697768312764473	0.9699725982505247	0.9711250924835971	0.9708681793669602	0.9683400150879743	0.9565853822808316	0.9700726461849182	0.9644455831534511	0.972175308038276	0.9718853742256492	0.9770959968914857	0.96805561070872	0.9725550113825824	0.9782963141355357
0.9746884121419511	0.9746819218216375	0.971060436933782	0.9726056595183058	0.9732521350870814	0.9758713889259076	0.9742411424058057	0.9747218842159714	0.9749149939514181	0.9726034430038589	0.9741993355557929	0.9719272581087128	0.9672399035494387	0.9697148267501072	0.9670742588825725	0.9692993666433433	0.9751785951362001	0.9723046835224107	0.962423156404245	1.0	0.9678854484387733	0.9732313218711449	0.9656128664746068	0.9711569295811255	0.968127581740788	0.9683034403324386	0.9743774973433453	0.9757372687977552	0.9698773116037444	0.9612123760879471	0.9746931221769821	0.968510242184867	0.9731714882628583	0.9748245268895993	0.9733707647803671	0.9695516210085319	0.9777065885731105	0.9729747791829353
0.9720657848189369	0.9702277828925423	0.9686560180326704	0.9721401486506583	0.9719797149245694	0.9718422528625295	0.9722744296418442	0.9726402071770338	0.972270139629854	0.9715866936498226	0.97285502274739	0.9710454815871971	0.9734467258554312	0.9750089731043238	0.9682607638829002	0.9695883190238647	0.9755687252816538	0.9727624146474144	0.9624494380055381	0.9678854484387733	1.0	0.9731020806476856	0.9690989494200927	0.975079345007366	0.9658437883055689	0.9695698448454663	0.973023540545653	0.9724565929839557	0.9676229685469292	0.9575586526093997	0.9731846351933467	0.9843913095385232	0.9731192513175484	0.9733637270314685	0.9703247038636816	0.9714382793904072	0.9728607359369994	0.9722293250229098
0.988162896555574	0.978892211758117	0.9833902655631852	0.9945240971574479	0.9939144651686332	0.9889144499424828	0.9871000808980179	0.9892451158582394	0.9885481591733807	0.9848897927019941	0.9927092236328632	0.9878456473671514	0.9800393683511964	0.9859977144044756	0.9770372068513152	0.9759358282872909	0.9848900692813986	0.9828819104154728	0.9765094924059842	0.9732313218711449	0.9731020806476856	1.0	0.9825181639541302	0.9870215691448225	0.9880271476155278	0.9860177139981762	0.9880771131597288	0.9886564195598555	0.9847641081579004	0.9700972252000678	0.9876485411238444	0.9770793954728583	0.9865484641225613	0.9888928731203591	0.9931606171284457	0.9860024867880891	0.9900494055093858	0.9942036772000892
0.9830154905656022	0.9722251284261354	0.9772743699719947	0.9825961511218368	0.9822088665788229	0.9836128446588266	0.9818149754768077	0.9830188251137881	0.9831632394368511	0.9800665539456721	0.9825944141832146	0.9822015947522577	0.9789941506811566	0.9867420031772355	0.9714408683315401	0.9675013570282618	0.9791981524312958	0.9783814079065158	0.965220993156709	0.9656128664746068	0.9690989494200927	0.9825181639541302	1.0	0.9866480589976508	0.9743191201216881	0.9829328537578065	0.9826314110255377	0.9829046682117714	0.9764613813228425	0.9633825989513151	0.9818427871242597	0.977006648403762	0.978221919440566	0.9833179550960883	0.9832014976291034	0.9816857172972607	0.9830105082328249	0.9829063907956457
0.9867524526192307	0.978041727184695	0.9816251039126488	0.9865685400663576	0.9860620027380591	0.9872959466600955	0.9861807693634389	0.9873297480377761	0.9869575880455763	0.9832825007664977	0.9868953488817768	0.9863963835538161	0.9830319669469676	0.9897919403424562	0.975769203249308	0.9740765341270704	0.9831905556249647	0.9812706030466826	0.9699938416778443	0.9711569295811255	0.975079345007366	0.9870215691448225	0.9866480589976508	1.0	0.9788394802428134	0.9864512784335552	0.9868931185659866	0.9864212988367791	0.9809792869372417	0.9686743186496216	0.9859050770046272	0.9819845627803057	0.9830645659609045	0.9872033069826055	0.9863231609484863	0.9853722324863269	0.987149548412269	0.9867076810543439
0.9795668625107928	0.9744068471188085	0.9764661839549899	0.986867610899454	0.9866073515823155	0.979748792757564	0.9793853392638188	0.9804255412824516	0.979736885756973	0.9771151891771865	0.9841384360191204	0.9796079899819968	0.9732490361510369	0.9781510542720723	0.9691641332870846	0.9699572510220003	0.9777046184674912	0.9752562563350489	0.9697768312764473	0.968127581740788	0.9658437883055689	0.9880271476155278	0.9743191201216881	0.9788394802428134	1.0	0.9790577788719987	0.9799427164397279	0.9795079119701059	0.9780486140710211	0.9652984518856816	0.9793798621715272	0.9695846155721084	0.9786382525384794	0.9799177681886645	0.9848518297566804	0.9775960451481303	0.9816856221938252	0.9859229044224797
0.9833151012924682	0.9745841913321046	0.9791774847184537	0.9858543973517541	0.9853797140064374	0.9840724880885102	0.9829219928444112	0.9840949581968904	0.9838781086372375	0.980691455582445	0.9850696196974653	0.9836599894920269	0.9788154825306712	0.9856593336179207	0.9727868962333595	0.9700044118760763	0.9804900749770559	0.9768821264610438	0.9699725982505247	0.9683034403324386	0.9695698448454663	0.9860177139981762	0.9829328537578065	0.9864512784335552	0.9790577788719987	1.0	0.9835719460957337	0.9838998796950855	0.9794020291004364	0.966247332666456	0.982950914877539	0.9759433755576284	0.9804435323148301	0.9840520408788186	0.9857194699391211	0.9825245060686932	0.9847800798846903	0.98795790143301
0.9913275977517474	0.9813529185236795	0.9845530460199067	0.9881426976282586	0.9880286863111671	0.9915824957018419	0.9902685751217294	0.9916570513215931	0.9914960917586566	0.9872268337454333	0.9889419760527316	0.9870108079687187	0.9791559933389338	0.9853381643108817	0.976110463893233	0.9764852977128293	0.9873462967462966	0.9859691688953713	0.9711250924835971	0.9743774973433453	0.973023540545653	0.9880771131597288	0.9826314110255377	0.9868931185659866	0.9799427164397279	0.9835719460957337	1.0	0.9909580421184491	0.9834461944657902	0.9716090919930838	0.9901594972765475	0.9772661632679506	0.9850583870066318	0.992198775680092	0.988162476352252	0.9850298196588165	0.9904943226907786	0.9877860628503506
0.9908874402469761	0.9803467831583651	0.9869432183440112	0.9885304549331054	0.9883491663061845	0.9924562051465249	0.9901678887873949	0.9915174773140528	0.9920056239201753	0.9921324535250842	0.9902425059042202	0.987771299691299	0.9791020574259882	0.985122602954736	0.9761844835682761	0.9765455948510787	0.9872725961117113	0.9852640725910884	0.9708681793669602	0.9757372687977552	0.9724565929839557	0.9886564195598555	0.9829046682117714	0.9864212988367791	0.9795079119701059	0.9838998796950855	0.9909580421184491	1.0	0.9834506847688689	0.9713362184310295	0.9903123062351409	0.9770081748281401	0.9861606775145093	0.9921288969129581	0.9896174960323296	0.9852015145795816	0.9911235272004483	0.9884408048770953
0.9836498161468716	0.977326666774626	0.9787638780283558	0.9844897540129572	0.9846311206385183	0.9843060324230274	0.9829771386115034	0.9838398213847385	0.9835076139525234	0.981503063267694	0.9841103904873971	0.9811916963812761	0.9738173495210283	0.979076321319543	0.9712995941455304	0.9713484235234009	0.9804301317399378	0.9781738883249357	0.9683400150879743	0.9698773116037444	0.9676229685469292	0.9847641081579004	0.9764613813228425	0.9809792869372417	0.9780486140710211	0.9794020291004364	0.9834461944657902	0.9834506847688689	1.0	0.9679833108669583	0.9827907336324783	0.971475472385168	0.980055298616741	0.9837244753401532	0.9837625530290236	0.9786900294422678	0.9845345761060232	0.983848648469608
0.9711672917033657	0.9685146854505025	0.967926644612344	0.9690219805437651	0.9698923933301571	0.9713967397478671	0.9710553205188623	0.971423502154245	0.9713255317822098	0.9683919871218807	0.9707183338848284	0.9683464521343734	0.9614684538690872	0.9666787265923646	0.9584057616406709	0.962511074477349	0.9710021495602785	0.9669401753388768	0.9565853822808316	0.9612123760879471	0.9575586526093997	0.9700972252000678	0.9633825989513151	0.9686743186496216	0.9652984518856816	0.966247332666456	0.9716090919930838	0.9713362184310295	0.9679833108669583	1.0	0.9715077184586183	0.9599954460302763	0.9691350872530652	0.9720932110979195	0.9689776413219314	0.9663741539387259	0.9715136862006978	0.9693531285867737
0.9941758993467468	0.9801577140654087	0.9838781896756346	0.9870217625988692	0.9873265789635575	0.9910110252795687	0.9921343213696969	0.9926505545398221	0.992461583068233	0.9864089216823253	0.9889517710079594	0.986309638646129	0.9783529653090187	0.9845780512032936	0.9753089057505754	0.9781036738757122	0.9898763578376905	0.9869598211609439	0.9700726461849182	0.9746931221769821	0.9731846351933467	0.9876485411238444	0.9818427871242597	0.9859050770046272	0.9793798621715272	0.982950914877539	0.9901594972765475	0.9903123062351409	0.9827907336324783	0.9715077184586183	1.0	0.9775820242292865	0.9852113247535315	0.9915081050051296	0.9877423365871366	0.9837472666459657	0.9898313494359064	0.9869566261782962
0.9770143886306711	0.971796810469101	0.9726157253280189	0.9762932872761132	0.9759929393967678	0.9773273873687418	0.9770698283667253	0.97730092531093	0.9776193790246269	0.9746074168480212	0.9773609208519112	0.9761029801684679	0.9778538456556312	0.9818157300229268	0.9706799566541645	0.9702034517171586	0.9782671516524526	0.9741963139272868	0.9644455831534511	0.968510242184867	0.9843913095385232	0.9770793954728583	0.977006648403762	0.9819845627803057	0.9695846155721084	0.9759433755576284	0.9772661632679506	0.9770081748281401	0.971475472385168	0.9599954460302763	0.9775820242292865	1.0	0.975366862721585	0.9782284928499869	0.9755314673348795	0.9764884714853534	0.976729306951232	0.9766942698409128
0.9852015317309348	0.9799733774723709	0.9807858051513747	0.9859653436064872	0.9859288748433214	0.9865654409429125	0.9846298884984157	0.9854971272259889	0.9856529209905731	0.9838799771809152	0.9869387594029845	0.9825737913836535	0.9763331430481256	0.98131119851303	0.9746855345848472	0.976988881209951	0.9849219357077529	0.9820347004862681	0.972175308038276	0.9731714882628583	0.9731192513175484	0.9865484641225613	0.978221919440566	0.9830645659609045	0.9786382525384794	0.9804435323148301	0.9850583870066318	0.9861606775145093	0.980055298616741	0.9691350872530652	0.9852113247535315	0.975366862721585	1.0	0.985571695191434	0.9872029329226464	0.9808228444872188	0.9873277124169166	0.986264026217981
0.9926159677189859	0.9810817644062146	0.9851103897324487	0.9884972112721143	0.9883962168077979	0.9924494933068694	0.9912016786868381	0.9924132403091359	0.9926901925071554	0.9878220488101047	0.9897978651160473	0.9883234152190556	0.9791261005587983	0.9855767716284003	0.9768812365663301	0.9770518734702891	0.9882121510309999	0.9866545285120711	0.9718853742256492	0.9748245268895993	0.9733637270314685	0.9888928731203591	0.9833179550960883	0.9872033069826055	0.9799177681886645	0.9840520408788186	0.992198775680092	0.9921288969129581	0.9837244753401532	0.9720932110979195	0.9915081050051296	0.9782284928499869	0.985571695191434	1.0	0.9887495969493875	0.9850486473683459	0.9909520904574302	0.9885002269488834
0.9885336784957587	0.9782556463728274	0.9826214638809128	0.9936612989949979	0.9926971060276317	0.9890242717516575	0.9873380856707237	0.9887435009711824	0.9891371104302915	0.9856495091511954	0.9910917866171026	0.987738236336781	0.9797133809689406	0.9853526907466935	0.976089574694444	0.9756014962018915	0.9851213100097806	0.9832868606239684	0.9770959968914857	0.9733707647803671	0.9703247038636816	0.9931606171284457	0.9832014976291034	0.9863231609484863	0.9848518297566804	0.9857194699391211	0.988162476352252	0.9896174960323296	0.9837625530290236	0.9689776413219314	0.9877423365871366	0.9755314673348795	0.9872029329226464	0.9887495969493875	1.0	0.9852909996557792	0.9905216227104745	0.9941706890436532
0.9849289441845211	0.9755937385017593	0.9814410797040631	0.9846379896212523	0.984596766632871	0.9858338846067374	0.9835521599035425	0.9850721191558527	0.9851009728493767	0.9819194339643763	0.9850458722687804	0.9844541890780255	0.9816489190473027	0.9854817622478209	0.9737658144179782	0.9705106465037934	0.9812273636345711	0.979024237357066	0.96805561070872	0.9695516210085319	0.9714382793904072	0.9860024867880891	0.9816857172972607	0.9853722324863269	0.9775960451481303	0.9825245060686932	0.9850298196588165	0.9852015145795816	0.9786900294422678	0.9663741539387259	0.9837472666459657	0.9764884714853534	0.9808228444872188	0.9850486473683459	0.9852909996557792	1.0	0.9854809189354193	0.9858019907162121
0.9907348964370065	0.9818806908644582	0.984831715821397	0.9895013084659031	0.9896995561248572	0.9920444805628794	0.9895036271203748	0.9908794388286714	0.9910340518752211	0.9869108738335277	0.9902906521593615	0.98787621466558	0.9797746011493191	0.9857738606722122	0.9772835120843054	0.9772493819655745	0.9872966337693876	0.9856066778052297	0.9725550113825824	0.9777065885731105	0.9728607359369994	0.9900494055093858	0.9830105082328249	0.987149548412269	0.9816856221938252	0.9847800798846903	0.9904943226907786	0.9911235272004483	0.9845345761060232	0.9715136862006978	0.9898313494359064	0.976729306951232	0.9873277124169166	0.9909520904574302	0.9905216227104745	0.9854809189354193	1.0	0.9897757504839422
0.9877469465905988	0.9783081808851999	0.9826871298282197	0.9936084906129103	0.9928572968677885	0.9884560329668532	0.9868216679698425	0.98844958685147	0.9883066523190035	0.9847024891280425	0.9914383921866358	0.9886319223395683	0.9794010574612382	0.9860055576938136	0.9769714315591207	0.9748515552801457	0.9838626394040612	0.9822776939680038	0.9782963141355357	0.9729747791829353	0.9722293250229098	0.9942036772000892	0.9829063907956457	0.9867076810543439	0.9859229044224797	0.98795790143301	0.9877860628503506	0.9884408048770953	0.983848648469608	0.9693531285867737	0.9869566261782962	0.9766942698409128	0.986264026217981	0.9885002269488834	0.9941706890436532	0.9858019907162121	0.9897757504839422	1.0
