/home/jshaw/scratch/2022_sketched_distance/references/SGB_genome_fastas_part5/16958/FerrettiP_2018__CA_C10035IS2605FE_t2M15__bin.4.fa	/home/jshaw/scratch/2022_sketched_distance/references/SGB_genome_fastas_part5/16958/FerrettiP_2018__CA_C10042MS2726SK_t0M15__bin.4.fa	/home/jshaw/scratch/2022_sketched_distance/references/SGB_genome_fastas_part5/16958/HMP_2012__SRS013261__bin.1.fa	/home/jshaw/scratch/2022_sketched_distance/references/SGB_genome_fastas_part5/16958/HMP_2012__SRS015381__bin.1.fa	/home/jshaw/scratch/2022_sketched_distance/references/SGB_genome_fastas_part5/16958/HMP_2012__SRS017849__bin.5.fa	/home/jshaw/scratch/2022_sketched_distance/references/SGB_genome_fastas_part5/16958/HMP_2012__SRS017851__bin.9.fa	/home/jshaw/scratch/2022_sketched_distance/references/SGB_genome_fastas_part5/16958/HMP_2012__SRS019016__bin.5.fa	/home/jshaw/scratch/2022_sketched_distance/references/SGB_genome_fastas_part5/16958/HMP_2012__SRS020261__bin.4.fa	/home/jshaw/scratch/2022_sketched_distance/references/SGB_genome_fastas_part5/16958/HMP_2012__SRS020263__bin.4.fa	/home/jshaw/scratch/2022_sketched_distance/references/SGB_genome_fastas_part5/16958/HMP_2012__SRS024482__bin.7.fa	/home/jshaw/scratch/2022_sketched_distance/references/SGB_genome_fastas_part5/16958/HMP_2012__SRS024596__bin.6.fa	/home/jshaw/scratch/2022_sketched_distance/references/SGB_genome_fastas_part5/16958/HMP_2012__SRS024598__bin.3.fa	/home/jshaw/scratch/2022_sketched_distance/references/SGB_genome_fastas_part5/16958/HMP_2012__SRS058182__bin.3.fa	/home/jshaw/scratch/2022_sketched_distance/references/SGB_genome_fastas_part5/16958/OhJ_2014__MET0014__bin.2.fa	/home/jshaw/scratch/2022_sketched_distance/references/SGB_genome_fastas_part5/16958/OhJ_2014__MET0026__bin.1.fa	/home/jshaw/scratch/2022_sketched_distance/references/SGB_genome_fastas_part5/16958/OhJ_2014__MET0067__bin.3.fa	/home/jshaw/scratch/2022_sketched_distance/references/SGB_genome_fastas_part5/16958/OhJ_2014__MET0076__bin.2.fa	/home/jshaw/scratch/2022_sketched_distance/references/SGB_genome_fastas_part5/16958/OhJ_2014__MET0188__bin.12.fa	/home/jshaw/scratch/2022_sketched_distance/references/SGB_genome_fastas_part5/16958/OhJ_2014__MET0190__bin.9.fa	/home/jshaw/scratch/2022_sketched_distance/references/SGB_genome_fastas_part5/16958/OhJ_2014__MET0197__bin.1.fa	/home/jshaw/scratch/2022_sketched_distance/references/SGB_genome_fastas_part5/16958/OhJ_2014__MET0199__bin.9.fa	/home/jshaw/scratch/2022_sketched_distance/references/SGB_genome_fastas_part5/16958/OhJ_2014__MET0202__bin.4.fa	/home/jshaw/scratch/2022_sketched_distance/references/SGB_genome_fastas_part5/16958/OhJ_2014__MET0204__bin.7.fa	/home/jshaw/scratch/2022_sketched_distance/references/SGB_genome_fastas_part5/16958/OhJ_2014__MET0207__bin.1.fa	/home/jshaw/scratch/2022_sketched_distance/references/SGB_genome_fastas_part5/16958/OhJ_2014__MET0211__bin.5.fa	/home/jshaw/scratch/2022_sketched_distance/references/SGB_genome_fastas_part5/16958/OhJ_2014__MET0212__bin.8.fa	/home/jshaw/scratch/2022_sketched_distance/references/SGB_genome_fastas_part5/16958/OhJ_2014__MET0216__bin.2.fa	/home/jshaw/scratch/2022_sketched_distance/references/SGB_genome_fastas_part5/16958/OhJ_2014__MET0232__bin.3.fa	/home/jshaw/scratch/2022_sketched_distance/references/SGB_genome_fastas_part5/16958/OhJ_2014__MET0238__bin.3.fa	/home/jshaw/scratch/2022_sketched_distance/references/SGB_genome_fastas_part5/16958/OhJ_2014__MET0243__bin.10.fa	/home/jshaw/scratch/2022_sketched_distance/references/SGB_genome_fastas_part5/16958/OhJ_2014__MET0246__bin.3.fa	/home/jshaw/scratch/2022_sketched_distance/references/SGB_genome_fastas_part5/16958/OhJ_2014__MET0249__bin.5.fa	/home/jshaw/scratch/2022_sketched_distance/references/SGB_genome_fastas_part5/16958/OhJ_2014__MET0250__bin.9.fa	/home/jshaw/scratch/2022_sketched_distance/references/SGB_genome_fastas_part5/16958/OhJ_2014__MET0254__bin.2.fa	/home/jshaw/scratch/2022_sketched_distance/references/SGB_genome_fastas_part5/16958/OhJ_2014__MET0258__bin.6.fa	/home/jshaw/scratch/2022_sketched_distance/references/SGB_genome_fastas_part5/16958/OhJ_2014__MET0259__bin.28.fa	/home/jshaw/scratch/2022_sketched_distance/references/SGB_genome_fastas_part5/16958/OhJ_2014__MET0262__bin.1.fa	/home/jshaw/scratch/2022_sketched_distance/references/SGB_genome_fastas_part5/16958/OhJ_2014__MET0266__bin.3.fa	/home/jshaw/scratch/2022_sketched_distance/references/SGB_genome_fastas_part5/16958/OhJ_2014__MET0276__bin.31.fa	/home/jshaw/scratch/2022_sketched_distance/references/SGB_genome_fastas_part5/16958/OhJ_2014__MET0288__bin.6.fa	/home/jshaw/scratch/2022_sketched_distance/references/SGB_genome_fastas_part5/16958/OhJ_2014__MET0292__bin.1.fa	/home/jshaw/scratch/2022_sketched_distance/references/SGB_genome_fastas_part5/16958/OhJ_2014__MET0296__bin.3.fa	/home/jshaw/scratch/2022_sketched_distance/references/SGB_genome_fastas_part5/16958/OhJ_2014__MET0297__bin.3.fa	/home/jshaw/scratch/2022_sketched_distance/references/SGB_genome_fastas_part5/16958/OhJ_2014__MET0306__bin.4.fa	/home/jshaw/scratch/2022_sketched_distance/references/SGB_genome_fastas_part5/16958/OhJ_2014__MET0311__bin.3.fa	/home/jshaw/scratch/2022_sketched_distance/references/SGB_genome_fastas_part5/16958/OhJ_2014__MET0314__bin.3.fa	/home/jshaw/scratch/2022_sketched_distance/references/SGB_genome_fastas_part5/16958/OhJ_2014__MET0317__bin.3.fa
1.0	0.9725820494344891	0.9817653319880165	0.9866207233300407	0.9776711592842477	0.9917716617361968	0.9898127598413153	0.9874077252971354	0.9873103733357975	0.9770101892194466	0.9821478972592619	0.9823753086996772	0.9796594684899601	0.9861191094146107	0.9765168076195346	0.9676746738396788	0.98326948630831	0.9687409583500477	0.9765619707392607	0.9758317300284097	0.9771877633326687	0.9772761886700525	0.9806299048084582	0.9689128331027234	0.9786593073368844	0.9678091985321784	0.975366862721585	0.9775400336718137	0.9768763703377004	0.9709607186915952	0.977845176751779	0.9783189895845422	0.9775838008618937	0.9740287093205446	0.9692538628794644	0.9749427222863226	0.9740287093205446	0.986521010872532	0.9717553714759055	0.9778885363354327	0.9699253108234976	0.9748001031535773	0.9688065423534017	0.9803899844199534	0.9761532286595698	0.969313349509526	0.988017690813114
0.9725820494344891	1.0	0.9882056229963264	0.9825509817575528	0.9790469589019516	0.9809419209553903	0.9826967178463876	0.9834868810490208	0.9835223488619017	0.9828779808766719	0.9886028414465595	0.9891450498332949	0.9792899299361164	0.9824045942833759	0.9846032470245749	0.974364474214043	0.9919776895572754	0.9768182527833746	0.9836638376555866	0.9829141134436574	0.9839799727677091	0.9836638376555866	0.9889953288174984	0.9764737818956549	0.9783900496174655	0.974202974454594	0.9783900496174655	0.9845689295263101	0.983699114658128	0.9774646327244952	0.9847059847489588	0.9845689295263101	0.9844312995464053	0.9801656668844887	0.9757115889006236	0.9815499222316927	0.9778463932272775	0.9831300760719871	0.9795711291616616	0.9851812214204806	0.978098438486278	0.9821837786921525	0.9755269955348764	0.9863400747445364	0.9790875798916507	0.9768485375218715	0.9820728098997286
0.9817653319880165	0.9882056229963264	1.0	0.9826229292203583	0.988233711713716	0.9815583381156647	0.9819805795555749	0.9826252468857875	0.9829093415577895	0.98779952748323	0.9975675363674307	0.9980587084531966	0.9845139669513033	0.9824936449381055	0.9831712385356806	0.9841790514947842	0.9878865701602707	0.9827059198675685	0.982531139888637	0.9832431578621329	0.9819268546833864	0.982844553436424	0.9850012360168148	0.9840966044397157	0.9788634559647336	0.9818149616527552	0.9771301410073654	0.9826770840595397	0.9827000850411778	0.9846172220665962	0.9825437456381324	0.9828836163328256	0.9845459371710975	0.9832942689578592	0.9826971788842286	0.9836684242580863	0.980890351794209	0.9827829537843912	0.9850828581246743	0.9882099651299233	0.9833548372404521	0.9833408099984265	0.9841756867915784	0.9858819903491467	0.9772220860703899	0.9849716876750345	0.9821824936294922
0.9866207233300407	0.9825509817575528	0.9826229292203583	1.0	0.9885963812842928	0.9866757610747282	0.986057045080869	0.9887854007635305	0.9887631813652987	0.9831057382170019	0.9829959162210826	0.9834954163309819	0.9858173177506248	0.9887201515167328	0.9772415741518679	0.9763990893956993	0.9841923912853123	0.9767508609935724	0.9766248639336687	0.977394476798333	0.9774049024698347	0.9779514392596592	0.9812550376634575	0.9786256294060405	0.9788798962152859	0.9782985964670888	0.976318185833238	0.9777488643492779	0.9772540168153824	0.9785170201655117	0.9777799543344423	0.9782427805301832	0.9789401608806987	0.9775223079635017	0.9777080099811412	0.9784397063406772	0.9777858456256434	0.9865333628346821	0.9787579801032952	0.9841374973739975	0.9768813964561013	0.9778202599229548	0.9779380196233918	0.9814500191258774	0.9752611435365688	0.9793147145419484	0.9868646714048679
0.9776711592842477	0.9790469589019516	0.988233711713716	0.9885963812842928	1.0	0.9885663108239431	0.9879284068669377	0.9918290991711951	0.9915279536643794	0.9828648449052687	0.9888061097235775	0.9887463233762214	0.9850786227463156	0.9914729039351409	0.9823599873199376	0.9726665624206134	0.9894859710310352	0.9754671526210023	0.9824325880454231	0.9815505687753939	0.9829006101594087	0.9834676083315882	0.9856094959044669	0.9753881005149856	0.9801035008311766	0.9739969240186159	0.9789140108340394	0.9833620406507241	0.9815505687753939	0.975196701213361	0.9830076722692458	0.9840249662436135	0.9830432820419488	0.9803749241248025	0.9746489522852301	0.9811759267866476	0.9775113247114283	0.9885663108239431	0.9775113247114283	0.9852787070808368	0.976177549799622	0.979790516159953	0.9744992366310007	0.9867417190674433	0.9798690439326263	0.9754080865887084	0.988324754065639
0.9917716617361968	0.9809419209553903	0.9815583381156647	0.9866757610747282	0.9885663108239431	1.0	0.9905412686717487	0.9878105271363538	0.9876526251056652	0.9827848051967265	0.9821518822140567	0.9822852907079191	0.9865922342798983	0.9878896350575379	0.9770497632480821	0.9759174130789345	0.9829181935180175	0.9770390265277228	0.9768175687295542	0.9776589070179507	0.9770426426416509	0.977730745879215	0.9793917531780457	0.9786672500316949	0.9780735678088351	0.9767691264469671	0.9741649669695588	0.9770085556089049	0.9769967078534455	0.9788764646057533	0.9771568074105478	0.9776899206911126	0.9788459473987644	0.9771341733608001	0.977343929145222	0.9780272048137825	0.9762772248424346	0.9872201762014112	0.9783744194765357	0.9819413631889911	0.9764058458069954	0.9770246232432954	0.9773392029918382	0.9802246907333793	0.975926667073196	0.9792552792683473	0.9869517415598316
0.9898127598413153	0.9826967178463876	0.9819805795555749	0.986057045080869	0.9879284068669377	0.9905412686717487	1.0	0.9881939985352516	0.98801159870282	0.9827848051967265	0.9823901078473679	0.982687206526117	0.9857591831439895	0.9872288787973617	0.9776847892583655	0.97675572524225	0.9833525754157961	0.9770390265277228	0.976972727815301	0.9778558310302875	0.9773864490319564	0.9780455666455877	0.9806917501964785	0.9785839556091925	0.976844364383801	0.9770996134928978	0.9748897179789304	0.9782908631625891	0.9775728209961035	0.9789161595203266	0.9781057905813592	0.9784136639027206	0.9791277757343345	0.9777320849746334	0.9771398900351463	0.9787118369930051	0.9758798008223166	0.9870135022256068	0.9791747529876119	0.9822202111767042	0.9771556270014603	0.9779566700345163	0.9784287651652142	0.981089406090661	0.9756657284863846	0.9788361738988529	0.9869899266858544
0.9874077252971354	0.9834868810490208	0.9826252468857875	0.9887854007635305	0.9918290991711951	0.9878105271363538	0.9881939985352516	1.0	0.9992266873963509	0.983581320714553	0.9828447585676131	0.9832278987368888	0.986902778835428	0.9942260421735062	0.9778416306986172	0.9770499663602212	0.9833293174156159	0.977688271781329	0.9772312242405825	0.978181416867042	0.9777956252435009	0.9784193821035283	0.9809188193613174	0.9794074835049259	0.9794288236840456	0.9782079166442296	0.9749164085147548	0.9774974962361035	0.978013971151162	0.9792712575882078	0.9780574453168374	0.977648452062936	0.9797760639039652	0.9785919095864148	0.977788367385458	0.9786440168687605	0.9771278465343253	0.9869825992472944	0.979623425879102	0.9839916816883021	0.9778121596404995	0.9785301289396602	0.978526034231594	0.9808587784056404	0.9751449183037981	0.9799614599099072	0.9873424636950847
0.9873103733357975	0.9835223488619017	0.9829093415577895	0.9887631813652987	0.9915279536643794	0.9876526251056652	0.98801159870282	0.9992266873963509	1.0	0.983644213587654	0.9827247859190473	0.9828587040435671	0.9867619855824872	0.9937990211909283	0.9782149995544999	0.9776880899879791	0.9829426065988743	0.9780478667815398	0.9779195086413527	0.9785037836988768	0.9779811833499762	0.9784193821035283	0.9809733769998563	0.9795292399313723	0.9797224987963774	0.9783890248319389	0.9748364469744434	0.9776073874525751	0.978013971151162	0.9794668777207397	0.978453240284304	0.9776073874525751	0.9802313721477247	0.9787949376525987	0.9780282577375616	0.9789481033238397	0.9772674813373351	0.987074687912041	0.9798085684223574	0.9840208967279708	0.9779266576770521	0.9786636075354092	0.9785745602036616	0.9804246824399759	0.9748954296771339	0.9804239049822855	0.9869748541022151
0.9770101892194466	0.9828779808766719	0.98779952748323	0.9831057382170019	0.9828648449052687	0.9827848051967265	0.9827848051967265	0.983581320714553	0.983644213587654	1.0	0.9879100784490367	0.9884301867225279	0.9794609705377718	0.9815692329394132	0.9812665988985166	0.9790384606998219	0.9921018237712879	0.9751838072247382	0.9811311908750812	0.979886598246149	0.9804802323820899	0.9808928693136219	0.985238487170487	0.9773949249825219	0.977092137012828	0.9753134651814355	0.9761969474604162	0.9821662314829359	0.9816361064642402	0.9769541002874348	0.9809952198812867	0.9821333490188576	0.9814014486709186	0.9774738033779733	0.975888051944069	0.9793536910294905	0.9761969474604162	0.9833919149300612	0.9789101504815019	0.983925748201465	0.9768420314688608	0.9795322948695416	0.9773392029918382	0.9853281440218697	0.9780380494254052	0.9765267160087926	0.9831695493402001
0.9821478972592619	0.9886028414465595	0.9975675363674307	0.9829959162210826	0.9888061097235775	0.9821518822140567	0.9823901078473679	0.9828447585676131	0.9827247859190473	0.9879100784490367	1.0	0.998472949846636	0.9852608410235242	0.9829312760669061	0.9832508948839694	0.9841790514947842	0.9880487332062424	0.9825678021623044	0.9825580114343838	0.9832986096517751	0.9821990165749787	0.9839353211574139	0.9850674075702791	0.9847592963011618	0.9793106099952382	0.98297326796108	0.9773479047381897	0.9823111535870618	0.9828083746403	0.9842485478565042	0.982703565492037	0.9835867892834712	0.984965993817228	0.984506258027349	0.9830406865685127	0.9838715722876415	0.9812006153405161	0.9835852683400592	0.9853333493241027	0.9887960027339956	0.9832578848674416	0.9833984856534673	0.9841348021196497	0.9858350697441377	0.9771961234935315	0.9846705629261628	0.982528242315488
0.9823753086996772	0.9891450498332949	0.9980587084531966	0.9834954163309819	0.9887463233762214	0.9822852907079191	0.982687206526117	0.9832278987368888	0.9828587040435671	0.9884301867225279	0.998472949846636	1.0	0.9854375910164849	0.983496937130306	0.9836986606139481	0.9845071297173128	0.988257766566289	0.9831168131057479	0.9830908645378947	0.9839024679039309	0.9826565622834975	0.9846086893183051	0.9858047665117947	0.9848282812176518	0.979984567183565	0.9834408394165094	0.9773968106294701	0.9826292597226037	0.9834771949174017	0.9849158142960183	0.9831259787690806	0.983785451676528	0.9852516963947814	0.9847039733716116	0.9834144318618504	0.9844735745500108	0.9819334569547068	0.9837383121677487	0.9858900665187996	0.9890726400026344	0.983547885933741	0.9841954699326122	0.9846623699096237	0.9863269856679563	0.9775764796464892	0.985516678060349	0.9831311511032618
0.9796594684899601	0.9792899299361164	0.9845139669513033	0.9858173177506248	0.9850786227463156	0.9865922342798983	0.9857591831439895	0.986902778835428	0.9867619855824872	0.9794609705377718	0.9852608410235242	0.9854375910164849	1.0	0.9853787799713778	0.9798104307987593	0.973721900759621	0.9854669570998958	0.974437682049431	0.979914921715067	0.9791051468002663	0.9801229061049364	0.9805008058652595	0.9841798802836574	0.9761158987081548	0.9797755260739445	0.9752140650310419	0.977497673720703	0.9802952206846567	0.979424411365483	0.9763588455335629	0.9802952206846567	0.9811768991481177	0.980840600093398	0.9771966945539697	0.9746303529307284	0.9784934343524913	0.9755692216886053	0.9870149811830723	0.9769549894646299	0.9818064954115541	0.9740468748435224	0.9772722004387843	0.9754203280012634	0.9833137978006785	0.9779439931665062	0.9767844272065774	0.9866489154527575
0.9861191094146107	0.9824045942833759	0.9824936449381055	0.9887201515167328	0.9914729039351409	0.9878896350575379	0.9872288787973617	0.9942260421735062	0.9937990211909283	0.9815692329394132	0.9829312760669061	0.983496937130306	0.9853787799713778	1.0	0.9767923914825648	0.9759174130789345	0.9836035840466183	0.9762928122856865	0.9764959524379491	0.97641750948841	0.9767267490146102	0.9773450738970444	0.9811445183823567	0.9777390966868248	0.9783293884382293	0.9768165447347773	0.9752136648184362	0.9774094831110594	0.9763300900527827	0.9782751709804484	0.9773128214745436	0.9778568175998297	0.9785616635244497	0.9766694247347786	0.97635266839861	0.9773278860510886	0.9753299128039918	0.9876551702340235	0.9782197232355014	0.9822202111767042	0.9757607721369953	0.9767432607936817	0.9770864109907774	0.9809430388352857	0.9761299328710173	0.9780432560516749	0.9866032078598195
0.9765168076195346	0.9846032470245749	0.9831712385356806	0.9772415741518679	0.9823599873199376	0.9770497632480821	0.9776847892583655	0.9778416306986172	0.9782149995544999	0.9812665988985166	0.9832508948839694	0.9836986606139481	0.9798104307987593	0.9767923914825648	1.0	0.9918347218424687	0.9834623702110326	0.991667362216993	0.9910099317158462	0.9920511449773749	0.991405582758123	0.987195747394849	0.9815639607148782	0.98331216814299	0.9736030421654611	0.9812407611564253	0.9752706210599683	0.992544898953462	0.9885239740078033	0.9923356234482175	0.9906518661100288	0.9921019802354162	0.9910893732145878	0.9877155765720963	0.9872069239972189	0.9903377553329218	0.9780929523102997	0.978276814108183	0.988822234573081	0.9832825967849753	0.9883724681518942	0.9884863362753088	0.9896574812570579	0.9824182891926803	0.9756410153631734	0.9906474304531179	0.9781220574446626
0.9676746738396788	0.974364474214043	0.9841790514947842	0.9763990893956993	0.9726665624206134	0.9759174130789345	0.97675572524225	0.9770499663602212	0.9776880899879791	0.9790384606998219	0.9841790514947842	0.9845071297173128	0.973721900759621	0.9759174130789345	0.9918347218424687	1.0	0.9835609186597046	0.9862773038992539	0.9922797141137845	0.9923900328984627	0.9927551277318853	0.9883327614381414	0.9835128838332572	0.9748068286959181	0.9738514369149042	0.9711569848458114	0.9756127031297014	0.9936859458393121	0.9905791701258786	0.9856077087304428	0.9916475261704613	0.9935798695999305	0.9914592643362121	0.9862773038992539	0.9816333253136909	0.9888680539987873	0.9761591425240981	0.9780877575950508	0.9834166025177496	0.979962250172091	0.9840374359714786	0.9875344235113719	0.9785386008210336	0.9823384060421647	0.9766372802201971	0.9730482415308757	0.9778027816609539
0.98326948630831	0.9919776895572754	0.9878865701602707	0.9841923912853123	0.9894859710310352	0.9829181935180175	0.9833525754157961	0.9833293174156159	0.9829426065988743	0.9921018237712879	0.9880487332062424	0.988257766566289	0.9854669570998958	0.9836035840466183	0.9834623702110326	0.9835609186597046	1.0	0.9833203436109524	0.9830379675192108	0.9840922958567145	0.9823881926017864	0.9833811705939192	0.9863181933232116	0.9855440049064829	0.978743172770033	0.9825387192717956	0.977516699986971	0.9824248363518248	0.983714668049017	0.9846172220665962	0.9836464520564586	0.9827737744221595	0.9848353026061806	0.983382340991657	0.9834144318618504	0.9848688598479365	0.9809526404538834	0.9833543546701011	0.9865278702389113	0.9893469753613441	0.9840571937969391	0.9840545643828609	0.9845413741416926	0.9855277034602284	0.9772033171397074	0.9850714519306827	0.983518459390055
0.9687409583500477	0.9768182527833746	0.9827059198675685	0.9767508609935724	0.9754671526210023	0.9770390265277228	0.9770390265277228	0.977688271781329	0.9780478667815398	0.9751838072247382	0.9825678021623044	0.9831168131057479	0.974437682049431	0.9762928122856865	0.991667362216993	0.9862773038992539	0.9833203436109524	1.0	0.996471116944541	0.9962433303393529	0.9946994130136098	0.9883288201296581	0.9812618091968858	0.9775674652290391	0.9731701258055168	0.9754125623436631	0.9756148344268548	0.9933056123909249	0.9901091380947631	0.9889803484780676	0.9959217810291071	0.9977405013716741	0.991430334356583	0.9850653674177324	0.9805568120132857	0.9886179085770237	0.9753569044095645	0.9778885363354327	0.9845156881519687	0.9797509820714047	0.9836567776983505	0.987949172156414	0.9834736194857219	0.9817975622017417	0.9768334545518081	0.9860527743918626	0.9777685253252459
0.9765619707392607	0.9836638376555866	0.982531139888637	0.9766248639336687	0.9824325880454231	0.9768175687295542	0.976972727815301	0.9772312242405825	0.9779195086413527	0.9811311908750812	0.9825580114343838	0.9830908645378947	0.979914921715067	0.9764959524379491	0.9910099317158462	0.9922797141137845	0.9830379675192108	0.996471116944541	1.0	0.9965329277014284	0.9933388621400103	0.9877362517286179	0.9812146567995844	0.9843772655233155	0.973339741413465	0.9820579963754359	0.9749729961018014	0.9925552010883638	0.9887051721804508	0.9953094228840585	0.9953847752545898	0.9973118236592422	0.9919023815205471	0.9883769601889603	0.9871768106153599	0.9908799799627025	0.9781946816611579	0.9774831948264695	0.989789790979419	0.9833124502224254	0.9878700516066641	0.988707711663333	0.9893097781843582	0.9817421142017982	0.9757763681959805	0.9913957505295654	0.9777332318044666
0.9758317300284097	0.9829141134436574	0.9832431578621329	0.977394476798333	0.9815505687753939	0.9776589070179507	0.9778558310302875	0.978181416867042	0.9785037836988768	0.979886598246149	0.9832986096517751	0.9839024679039309	0.9791051468002663	0.97641750948841	0.9920511449773749	0.9923900328984627	0.9840922958567145	0.9962433303393529	0.9965329277014284	1.0	0.9958204599141351	0.9885602934376099	0.9818254506248845	0.9834561959515079	0.9743709020846295	0.9810748354737436	0.9757960291672116	0.993949296808994	0.9899469591821592	0.994823802088512	0.9966625208486913	0.998373082241721	0.9921994592405631	0.988047928552957	0.9870560807420129	0.9907628600762322	0.9775449681259449	0.9781165593043245	0.9898714186834217	0.982679744615	0.9878700516066641	0.9884616469532914	0.9895882332516769	0.982711632402269	0.9766220598052083	0.9913957505295654	0.9785037836988768
0.9771877633326687	0.9839799727677091	0.9819268546833864	0.9774049024698347	0.9829006101594087	0.9770426426416509	0.9773864490319564	0.9777956252435009	0.9779811833499762	0.9804802323820899	0.9821990165749787	0.9826565622834975	0.9801229061049364	0.9767267490146102	0.991405582758123	0.9927551277318853	0.9823881926017864	0.9946994130136098	0.9933388621400103	0.9958204599141351	1.0	0.9889040274080596	0.9808432512360632	0.984447057267891	0.9736325438213075	0.98225915600108	0.9764985474794539	0.993198441089682	0.9894201655973076	0.9933483216368078	0.9929060696336974	0.9936800616189297	0.9921550217197348	0.9885778198598192	0.987025828929002	0.9909267118775409	0.9779909045460811	0.977452666957918	0.9928077797820195	0.9838745606031393	0.9890034931843679	0.989506934201802	0.989379612665178	0.9814589211780373	0.9755488609611018	0.991966282761217	0.9776713303454392
0.9772761886700525	0.9836638376555866	0.982844553436424	0.9779514392596592	0.9834676083315882	0.977730745879215	0.9780455666455877	0.9784193821035283	0.9784193821035283	0.9808928693136219	0.9839353211574139	0.9846086893183051	0.9805008058652595	0.9773450738970444	0.987195747394849	0.9883327614381414	0.9833811705939192	0.9883288201296581	0.9877362517286179	0.9885602934376099	0.9889040274080596	1.0	0.9822990001582719	0.9844818975551187	0.9746124088423485	0.9839780419260595	0.977793953757986	0.9891058772687632	0.9905495305033851	0.989673525502804	0.9887687708874784	0.9898574617910204	0.990166875318603	0.987223715260354	0.9859803522663797	0.9886554817830291	0.9804825567533539	0.9790026316667485	0.9863771307417695	0.9839038801081755	0.9905949688048966	0.9907743752188494	0.9918971390807908	0.9827904051915834	0.9768327136251902	0.9888768079372644	0.978512170251031
0.9806299048084582	0.9889953288174984	0.9850012360168148	0.9812550376634575	0.9856094959044669	0.9793917531780457	0.9806917501964785	0.9809188193613174	0.9809733769998563	0.985238487170487	0.9850674075702791	0.9858047665117947	0.9841798802836574	0.9811445183823567	0.9815639607148782	0.9835128838332572	0.9863181933232116	0.9812618091968858	0.9812146567995844	0.9818254506248845	0.9808432512360632	0.9822990001582719	1.0	0.9868007757343711	0.9796639746914534	0.985791875392565	0.981807586272337	0.9809188193613174	0.9815408836972047	0.9832909685645419	0.9818420349744108	0.98148718511308	0.9833348530856593	0.9829098646210908	0.983884026770692	0.9830513163413488	0.984655565090895	0.9802791332535791	0.9837682009741473	0.9874821618649524	0.9816663043241715	0.9818346906128251	0.9827561870226211	0.9840164037998521	0.9833641827847932	0.9824815400839383	0.9809844014023974
0.9689128331027234	0.9764737818956549	0.9840966044397157	0.9786256294060405	0.9753881005149856	0.9786672500316949	0.9785839556091925	0.9794074835049259	0.9795292399313723	0.9773949249825219	0.9847592963011618	0.9848282812176518	0.9761158987081548	0.9777390966868248	0.98331216814299	0.9748068286959181	0.9855440049064829	0.9775674652290391	0.9843772655233155	0.9834561959515079	0.984447057267891	0.9844818975551187	0.9868007757343711	1.0	0.9778672297166975	0.9774267807477738	0.9824714937869176	0.9851369319878446	0.9847247494008545	0.9767837339003693	0.9853410990943383	0.9854765088016496	0.9855777010257755	0.9818359557675244	0.9768277728495459	0.9818736838674224	0.9812263139510154	0.9789158648676954	0.9792444319953297	0.9813031433598701	0.9793667969139187	0.9828762476590484	0.9768316415586626	0.9830585864379033	0.9808783304339578	0.9776706874736532	0.9793667969139187
0.9786593073368844	0.9783900496174655	0.9788634559647336	0.9788798962152859	0.9801035008311766	0.9780735678088351	0.976844364383801	0.9794288236840456	0.9797224987963774	0.977092137012828	0.9793106099952382	0.979984567183565	0.9797755260739445	0.9783293884382293	0.9736030421654611	0.9738514369149042	0.978743172770033	0.9731701258055168	0.973339741413465	0.9743709020846295	0.9736325438213075	0.9746124088423485	0.9796639746914534	0.9778672297166975	1.0	0.9772402305751634	0.9764015795554021	0.9750465424326518	0.9740939552341858	0.9749110934649567	0.9739831407179774	0.9747754309148249	0.9765328583688949	0.9748173856180775	0.9757601782521074	0.9749073876350854	0.9777172049635777	0.9777024485391365	0.9758899531574048	0.978360650963581	0.9738747204940702	0.9750020010806231	0.975098209390642	0.9783796390408337	0.9772009556714369	0.9755417043353924	0.9771377227684334
0.9678091985321784	0.974202974454594	0.9818149616527552	0.9782985964670888	0.9739969240186159	0.9767691264469671	0.9770996134928978	0.9782079166442296	0.9783890248319389	0.9753134651814355	0.98297326796108	0.9834408394165094	0.9752140650310419	0.9768165447347773	0.9812407611564253	0.9711569848458114	0.9825387192717956	0.9754125623436631	0.9820579963754359	0.9810748354737436	0.98225915600108	0.9839780419260595	0.985791875392565	0.9774267807477738	0.9772402305751634	1.0	0.989915924258134	0.9827764601244935	0.9820579963754359	0.9755606440744484	0.9830516612753871	0.9835952260378892	0.9837105407794792	0.9816110449064356	0.9782079166442296	0.9792358183539147	0.9834795042862176	0.9789707764309449	0.9771934256319229	0.9808662374162401	0.9761463194544101	0.9804450054690228	0.9723406582956546	0.982736956282257	0.9821386086082058	0.971424410616116	0.9782532880767432
0.975366862721585	0.9783900496174655	0.9771301410073654	0.976318185833238	0.9789140108340394	0.9741649669695588	0.9748897179789304	0.9749164085147548	0.9748364469744434	0.9761969474604162	0.9773479047381897	0.9773968106294701	0.977497673720703	0.9752136648184362	0.9752706210599683	0.9756127031297014	0.977516699986971	0.9756148344268548	0.9749729961018014	0.9757960291672116	0.9764985474794539	0.977793953757986	0.981807586272337	0.9824714937869176	0.9764015795554021	0.989915924258134	1.0	0.9748364469744434	0.976212351067019	0.976572688144276	0.9762305560931733	0.9746409446847368	0.9791589402850726	0.9790971304282702	0.9807406232771623	0.9772216815946769	0.9867285215599044	0.9744067410850875	0.9773555175571559	0.980672453538549	0.9755155329872482	0.9763523736996	0.9767804476036183	0.9796025804990929	0.9804064628072888	0.9766558266165188	0.9756645682483066
0.9775400336718137	0.9845689295263101	0.9826770840595397	0.9777488643492779	0.9833620406507241	0.9770085556089049	0.9782908631625891	0.9774974962361035	0.9776073874525751	0.9821662314829359	0.9823111535870618	0.9826292597226037	0.9802952206846567	0.9774094831110594	0.992544898953462	0.9936859458393121	0.9824248363518248	0.9933056123909249	0.9925552010883638	0.993949296808994	0.993198441089682	0.9891058772687632	0.9809188193613174	0.9851369319878446	0.9750465424326518	0.9827764601244935	0.9748364469744434	1.0	0.9906565800380238	0.9937549891445202	0.9924898940156417	0.9920445921616047	0.9955412387018773	0.993477104877383	0.990334499471976	0.992074032862043	0.9794565220961441	0.9782667582161207	0.9900340707809081	0.9843694626952009	0.989993941200273	0.9906821414577105	0.9913430838030048	0.9815717836005186	0.9745379403409722	0.9925271374181354	0.9779646793113121
0.9768763703377004	0.983699114658128	0.9827000850411778	0.9772540168153824	0.9815505687753939	0.9769967078534455	0.9775728209961035	0.978013971151162	0.978013971151162	0.9816361064642402	0.9828083746403	0.9834771949174017	0.979424411365483	0.9763300900527827	0.9885239740078033	0.9905791701258786	0.983714668049017	0.9901091380947631	0.9887051721804508	0.9899469591821592	0.9894201655973076	0.9905495305033851	0.9815408836972047	0.9847247494008545	0.9740939552341858	0.9820579963754359	0.976212351067019	0.9906565800380238	1.0	0.9929624807153934	0.9897281655458386	0.9905072109630814	0.991817737328936	0.986511859536823	0.9856664232197208	0.9887553838963891	0.9780589718681528	0.978013971151162	0.9869759870744039	0.9836094987159001	0.9970660239716259	0.9967995686623599	0.9974486560672589	0.9829701408331316	0.9749304358592155	0.988743440074425	0.9782323274518582
0.9709607186915952	0.9774646327244952	0.9846172220665962	0.9785170201655117	0.975196701213361	0.9788764646057533	0.9789161595203266	0.9792712575882078	0.9794668777207397	0.9769541002874348	0.9842485478565042	0.9849158142960183	0.9763588455335629	0.9782751709804484	0.9923356234482175	0.9856077087304428	0.9846172220665962	0.9889803484780676	0.9953094228840585	0.994823802088512	0.9933483216368078	0.989673525502804	0.9832909685645419	0.9767837339003693	0.9749110934649567	0.9755606440744484	0.976572688144276	0.9937549891445202	0.9929624807153934	1.0	0.9956213067059916	0.9973202380145391	0.9931430995798733	0.9857956377600396	0.9812506137476543	0.9888340839727523	0.976742756507253	0.9798931605647451	0.9842485478565042	0.9811766603196366	0.9867463616212756	0.9899864277741457	0.9858484190345396	0.9834640287576234	0.9773310968842323	0.9851212206192637	0.9791139130161637
0.977845176751779	0.9847059847489588	0.9825437456381324	0.9777799543344423	0.9830076722692458	0.9771568074105478	0.9781057905813592	0.9780574453168374	0.978453240284304	0.9809952198812867	0.982703565492037	0.9831259787690806	0.9802952206846567	0.9773128214745436	0.9906518661100288	0.9916475261704613	0.9836464520564586	0.9959217810291071	0.9953847752545898	0.9966625208486913	0.9929060696336974	0.9887687708874784	0.9818420349744108	0.9853410990943383	0.9739831407179774	0.9830516612753871	0.9762305560931733	0.9924898940156417	0.9897281655458386	0.9956213067059916	1.0	0.9986177963194083	0.9932483320771569	0.9886028414465595	0.9873271027170841	0.9906923882602355	0.9793259712245321	0.9777496840852834	0.9892957370878108	0.9839038801081755	0.9890034931843679	0.9894590440111317	0.9903081886503114	0.9818693038211465	0.9758066262162244	0.9924475952120602	0.9780574453168374
0.9783189895845422	0.9845689295263101	0.9828836163328256	0.9782427805301832	0.9840249662436135	0.9776899206911126	0.9784136639027206	0.977648452062936	0.9776073874525751	0.9821333490188576	0.9835867892834712	0.983785451676528	0.9811768991481177	0.9778568175998297	0.9921019802354162	0.9935798695999305	0.9827737744221595	0.9977405013716741	0.9973118236592422	0.998373082241721	0.9936800616189297	0.9898574617910204	0.98148718511308	0.9854765088016496	0.9747754309148249	0.9835952260378892	0.9746409446847368	0.9920445921616047	0.9905072109630814	0.9973202380145391	0.9986177963194083	1.0	0.9938116748387917	0.9905454475133267	0.9881270316361869	0.992074032862043	0.9794890784068859	0.9788333832349593	0.9900611016914586	0.9845710957895212	0.9898882882194796	0.9901701981862276	0.9909463166521966	0.9810444731989497	0.975056633718733	0.9930004165347611	0.9784178401326558
0.9775838008618937	0.9844312995464053	0.9845459371710975	0.9789401608806987	0.9830432820419488	0.9788459473987644	0.9791277757343345	0.9797760639039652	0.9802313721477247	0.9814014486709186	0.984965993817228	0.9852516963947814	0.980840600093398	0.9785616635244497	0.9910893732145878	0.9914592643362121	0.9848353026061806	0.991430334356583	0.9919023815205471	0.9921994592405631	0.9921550217197348	0.990166875318603	0.9833348530856593	0.9855777010257755	0.9765328583688949	0.9837105407794792	0.9791589402850726	0.9955412387018773	0.991817737328936	0.9931430995798733	0.9932483320771569	0.9938116748387917	1.0	0.9899985655881473	0.9873271027170841	0.9903377553329218	0.9804825567533539	0.9798981013057054	0.9887379646899097	0.9845136126412094	0.9904392308957062	0.9906359277937685	0.9916049729468424	0.9841471904343219	0.978242859167423	0.9908570033274379	0.9797760639039652
0.9740287093205446	0.9801656668844887	0.9832942689578592	0.9775223079635017	0.9803749241248025	0.9771341733608001	0.9777320849746334	0.9785919095864148	0.9787949376525987	0.9774738033779733	0.984506258027349	0.9847039733716116	0.9771966945539697	0.9766694247347786	0.9877155765720963	0.9862773038992539	0.983382340991657	0.9850653674177324	0.9883769601889603	0.988047928552957	0.9885778198598192	0.987223715260354	0.9829098646210908	0.9818359557675244	0.9748173856180775	0.9816110449064356	0.9790971304282702	0.993477104877383	0.986511859536823	0.9857956377600396	0.9886028414465595	0.9905454475133267	0.9899985655881473	1.0	0.9868437315456674	0.9852316969883134	0.9813254740712333	0.9790302179050329	0.9834393985028851	0.9808015830156303	0.982801608845468	0.9839058617347367	0.9840938664290235	0.9829098646210908	0.9776972157811791	0.9846705629261628	0.9781476314428593
0.9692538628794644	0.9757115889006236	0.9826971788842286	0.9777080099811412	0.9746489522852301	0.977343929145222	0.9771398900351463	0.977788367385458	0.9780282577375616	0.975888051944069	0.9830406865685127	0.9834144318618504	0.9746303529307284	0.97635266839861	0.9872069239972189	0.9816333253136909	0.9834144318618504	0.9805568120132857	0.9871768106153599	0.9870560807420129	0.987025828929002	0.9859803522663797	0.983884026770692	0.9768277728495459	0.9757601782521074	0.9782079166442296	0.9807406232771623	0.990334499471976	0.9856664232197208	0.9812506137476543	0.9873271027170841	0.9881270316361869	0.9873271027170841	0.9868437315456674	1.0	0.9841823966533857	0.9838507063928457	0.9779085332388119	0.979621918834137	0.9795839607577072	0.9791249878535447	0.9838507063928457	0.9802751145857214	0.9825934202467707	0.9792019328807805	0.979374041797177	0.9786203735670168
0.9749427222863226	0.9815499222316927	0.9836684242580863	0.9784397063406772	0.9811759267866476	0.9780272048137825	0.9787118369930051	0.9786440168687605	0.9789481033238397	0.9793536910294905	0.9838715722876415	0.9844735745500108	0.9784934343524913	0.9773278860510886	0.9903377553329218	0.9888680539987873	0.9848688598479365	0.9886179085770237	0.9908799799627025	0.9907628600762322	0.9909267118775409	0.9886554817830291	0.9830513163413488	0.9818736838674224	0.9749073876350854	0.9792358183539147	0.9772216815946769	0.992074032862043	0.9887553838963891	0.9888340839727523	0.9906923882602355	0.992074032862043	0.9903377553329218	0.9852316969883134	0.9841823966533857	1.0	0.9765408891511745	0.9789817164331535	0.9852083425534283	0.9821275255094702	0.9853273139849685	0.9862967642404169	0.9863493686168581	0.9839870943655883	0.9773632107334969	0.9877485567666465	0.9794487008780213
0.9740287093205446	0.9778463932272775	0.980890351794209	0.9777858456256434	0.9775113247114283	0.9762772248424346	0.9758798008223166	0.9771278465343253	0.9772674813373351	0.9761969474604162	0.9812006153405161	0.9819334569547068	0.9755692216886053	0.9753299128039918	0.9780929523102997	0.9761591425240981	0.9809526404538834	0.9753569044095645	0.9781946816611579	0.9775449681259449	0.9779909045460811	0.9804825567533539	0.984655565090895	0.9812263139510154	0.9777172049635777	0.9834795042862176	0.9867285215599044	0.9794565220961441	0.9780589718681528	0.976742756507253	0.9793259712245321	0.9794890784068859	0.9804825567533539	0.9813254740712333	0.9838507063928457	0.9765408891511745	1.0	0.9765632420328527	0.9768742893553637	0.9799860245483808	0.9750194348114027	0.9755142439008189	0.9758449148058009	0.9824130575247901	0.9821141315137956	0.9767201904076052	0.9776828303441055
0.986521010872532	0.9831300760719871	0.9827829537843912	0.9865333628346821	0.9885663108239431	0.9872201762014112	0.9870135022256068	0.9869825992472944	0.987074687912041	0.9833919149300612	0.9835852683400592	0.9837383121677487	0.9870149811830723	0.9876551702340235	0.978276814108183	0.9780877575950508	0.9833543546701011	0.9778885363354327	0.9774831948264695	0.9781165593043245	0.977452666957918	0.9790026316667485	0.9802791332535791	0.9789158648676954	0.9777024485391365	0.9789707764309449	0.9744067410850875	0.9782667582161207	0.978013971151162	0.9798931605647451	0.9777496840852834	0.9788333832349593	0.9798981013057054	0.9790302179050329	0.9779085332388119	0.9789817164331535	0.9765632420328527	1.0	0.9789480824483351	0.9830728578315786	0.977543422833129	0.9781263838735398	0.9784774359585706	0.9811168366635874	0.975505695143675	0.9801935006024771	0.9868591286678302
0.9717553714759055	0.9795711291616616	0.9850828581246743	0.9787579801032952	0.9775113247114283	0.9783744194765357	0.9791747529876119	0.979623425879102	0.9798085684223574	0.9789101504815019	0.9853333493241027	0.9858900665187996	0.9769549894646299	0.9782197232355014	0.988822234573081	0.9834166025177496	0.9865278702389113	0.9845156881519687	0.989789790979419	0.9898714186834217	0.9928077797820195	0.9863771307417695	0.9837682009741473	0.9792444319953297	0.9758899531574048	0.9771934256319229	0.9773555175571559	0.9900340707809081	0.9869759870744039	0.9842485478565042	0.9892957370878108	0.9900611016914586	0.9887379646899097	0.9834393985028851	0.979621918834137	0.9852083425534283	0.9768742893553637	0.9789480824483351	1.0	0.981778777266442	0.9816743178041293	0.9856438005586234	0.9822834514000551	0.9838988043047778	0.9774747219333724	0.983227574132333	0.9800293629574041
