/home/jshaw/scratch/2022_sketched_distance/references/SGB_genome_fastas_part2/2037/HMP_2012__SRS011126__bin.20.fa	/home/jshaw/scratch/2022_sketched_distance/references/SGB_genome_fastas_part2/2037/HMP_2012__SRS011152__bin.27.fa	/home/jshaw/scratch/2022_sketched_distance/references/SGB_genome_fastas_part2/2037/HMP_2012__SRS011343__bin.50.fa	/home/jshaw/scratch/2022_sketched_distance/references/SGB_genome_fastas_part2/2037/HMP_2012__SRS013170__bin.25.fa	/home/jshaw/scratch/2022_sketched_distance/references/SGB_genome_fastas_part2/2037/HMP_2012__SRS013533__bin.40.fa	/home/jshaw/scratch/2022_sketched_distance/references/SGB_genome_fastas_part2/2037/HMP_2012__SRS013723__bin.10.fa	/home/jshaw/scratch/2022_sketched_distance/references/SGB_genome_fastas_part2/2037/HMP_2012__SRS014578__bin.12.fa	/home/jshaw/scratch/2022_sketched_distance/references/SGB_genome_fastas_part2/2037/HMP_2012__SRS015044__bin.29.fa	/home/jshaw/scratch/2022_sketched_distance/references/SGB_genome_fastas_part2/2037/HMP_2012__SRS015215__bin.8.fa	/home/jshaw/scratch/2022_sketched_distance/references/SGB_genome_fastas_part2/2037/HMP_2012__SRS016575__bin.67.fa	/home/jshaw/scratch/2022_sketched_distance/references/SGB_genome_fastas_part2/2037/HMP_2012__SRS017139__bin.20.fa	/home/jshaw/scratch/2022_sketched_distance/references/SGB_genome_fastas_part2/2037/HMP_2012__SRS017227__bin.42.fa	/home/jshaw/scratch/2022_sketched_distance/references/SGB_genome_fastas_part2/2037/HMP_2012__SRS018157__bin.75.fa	/home/jshaw/scratch/2022_sketched_distance/references/SGB_genome_fastas_part2/2037/HMP_2012__SRS018394__bin.56.fa	/home/jshaw/scratch/2022_sketched_distance/references/SGB_genome_fastas_part2/2037/HMP_2012__SRS018443__bin.45.fa	/home/jshaw/scratch/2022_sketched_distance/references/SGB_genome_fastas_part2/2037/HMP_2012__SRS018665__bin.14.fa	/home/jshaw/scratch/2022_sketched_distance/references/SGB_genome_fastas_part2/2037/HMP_2012__SRS019128__bin.7.fa	/home/jshaw/scratch/2022_sketched_distance/references/SGB_genome_fastas_part2/2037/HMP_2012__SRS019906__bin.20.fa	/home/jshaw/scratch/2022_sketched_distance/references/SGB_genome_fastas_part2/2037/HMP_2012__SRS022149__bin.12.fa	/home/jshaw/scratch/2022_sketched_distance/references/SGB_genome_fastas_part2/2037/HMP_2012__SRS022602__bin.23.fa	/home/jshaw/scratch/2022_sketched_distance/references/SGB_genome_fastas_part2/2037/HMP_2012__SRS023938__bin.6.fa	/home/jshaw/scratch/2022_sketched_distance/references/SGB_genome_fastas_part2/2037/HMP_2012__SRS023964__bin.18.fa	/home/jshaw/scratch/2022_sketched_distance/references/SGB_genome_fastas_part2/2037/HMP_2012__SRS024087__bin.44.fa	/home/jshaw/scratch/2022_sketched_distance/references/SGB_genome_fastas_part2/2037/HMP_2012__SRS024355__bin.22.fa	/home/jshaw/scratch/2022_sketched_distance/references/SGB_genome_fastas_part2/2037/HMP_2012__SRS024561__bin.57.fa	/home/jshaw/scratch/2022_sketched_distance/references/SGB_genome_fastas_part2/2037/HMP_2012__SRS024649__bin.43.fa	/home/jshaw/scratch/2022_sketched_distance/references/SGB_genome_fastas_part2/2037/HMP_2012__SRS042984__bin.3.fa	/home/jshaw/scratch/2022_sketched_distance/references/SGB_genome_fastas_part2/2037/HMP_2012__SRS047113__bin.59.fa	/home/jshaw/scratch/2022_sketched_distance/references/SGB_genome_fastas_part2/2037/HMP_2012__SRS047634__bin.63.fa	/home/jshaw/scratch/2022_sketched_distance/references/SGB_genome_fastas_part2/2037/HMP_2012__SRS051378__bin.2.fa	/home/jshaw/scratch/2022_sketched_distance/references/SGB_genome_fastas_part2/2037/HMP_2012__SRS051930__bin.20.fa	/home/jshaw/scratch/2022_sketched_distance/references/SGB_genome_fastas_part2/2037/HMP_2012__SRS053917__bin.70.fa	/home/jshaw/scratch/2022_sketched_distance/references/SGB_genome_fastas_part2/2037/HMP_2012__SRS055401__bin.41.fa	/home/jshaw/scratch/2022_sketched_distance/references/SGB_genome_fastas_part2/2037/HMP_2012__SRS063603__bin.72.fa	/home/jshaw/scratch/2022_sketched_distance/references/SGB_genome_fastas_part2/2037/HMP_2012__SRS063932__bin.25.fa
1.0	0.9702802504366348	0.9683397428234713	0.9688722013342037	0.9673192315738036	0.9680960918046452	0.9695354512519866	0.9688490779653062	0.9596043532159918	0.9697890993145333	0.9688061329690859	0.9912221111359913	0.9769231315302253	0.9666706105847298	0.9635288740246747	0.9656704136843505	0.9729830981119736	0.9792924655624358	0.9692843237214677	0.9706332905848298	0.9699970885145496	0.9696773645852013	0.9696797660282642	0.9701795003999354	0.9931345934136544	0.9652891165151153	0.9696944487349534	0.9916987859788817	0.9780155878187524	0.9877449784062758	0.9654926621182829	0.9752156075863847	0.969572028271194	0.9667977132635928	0.9684615008378265
0.9702802504366348	1.0	0.9710969365687631	0.9930596900727203	0.9722252175873127	0.9717418402882624	0.9690687644066113	0.966982626555591	0.9647321265188893	0.9714653019119216	0.9954422956458308	0.9727464909980392	0.9705578188932692	0.9722074120162869	0.9660886526828394	0.9654702304391078	0.9693976988328015	0.9752953412231837	0.995184499963937	0.998521761100845	0.970628987688059	0.9943421736611027	0.979714308494074	0.9950299229737344	0.9734000827788023	0.9666229746031885	0.995418829303187	0.9705620162366093	0.9729507935621395	0.9745025099701031	0.9703279488609787	0.9711483575648923	0.9711353064654606	0.9686265589049334	0.971701494411289
0.9683397428234713	0.9710969365687631	1.0	0.9706033371643319	0.9798643155317963	0.9840454471601985	0.9664467526691696	0.974270972901367	0.97427192792	0.9701657498966233	0.9702321346884576	0.9707440993678923	0.969262301431547	0.9737870461908672	0.9653604125933488	0.9763781184718551	0.9665829073368003	0.9705370810093187	0.9707557181620122	0.97149723550499	0.9765641369937625	0.9709192489274636	0.972103905814321	0.9712050739993486	0.9703162334261579	0.9672142503387793	0.9710730091920575	0.9686050950549628	0.9715108537704342	0.9696773249201055	0.9795746909780263	0.968411280542777	0.9699535461267089	0.978709913010348	0.9668408952634356
0.9688722013342037	0.9930596900727203	0.9706033371643319	1.0	0.9697031724481894	0.9696322932117583	0.9666021366291198	0.9669449597815845	0.9637495605978468	0.9700673020309447	0.99280177398676	0.9707151917117156	0.9692482757527531	0.9691796465483373	0.963571851695268	0.9663036256695653	0.9686725506936311	0.9722544581675774	0.9929213977939731	0.9932410052466497	0.968646552883558	0.9973371183343154	0.9790320953777298	0.9916240967281111	0.9712825991553661	0.9659571250068101	0.9928685857969338	0.9698262341233337	0.9716622243205705	0.9715747241509584	0.9681438811354959	0.9695041640855245	0.9692659028930498	0.9681087180041641	0.9689396451958807
0.9673192315738036	0.9722252175873127	0.9798643155317963	0.9697031724481894	1.0	0.9801810295054109	0.9676238530705275	0.9750140185141374	0.9785288321486806	0.971382669774926	0.9705723110578502	0.9693131793319648	0.968360805178594	0.97489387065775	0.9669420136561432	0.9770439010188436	0.9658750708054238	0.9716439055127372	0.9719442343842032	0.9713929566636084	0.9740179741740116	0.9712626118885835	0.971832831225966	0.970968425422282	0.9704458598614273	0.9683564220790453	0.9722949472243959	0.9666309888718285	0.9704306524480238	0.9707882216172341	0.9840814679205068	0.9676027165110195	0.9703057287073427	0.980532427799025	0.967203800262662
0.9680960918046452	0.9717418402882624	0.9840454471601985	0.9696322932117583	0.9801810295054109	1.0	0.9670485835480246	0.9734896984251021	0.973725773914591	0.9717328728128862	0.9710516504902335	0.9700850551188388	0.9685299467809301	0.9739144271545218	0.9665469362012863	0.9746038156612195	0.9665742450352943	0.9707079294190363	0.9715940753945242	0.9712066474927197	0.9858279877891423	0.9715716710452701	0.9718670941375974	0.9713897266228743	0.9707628806890115	0.9674380933483637	0.9718870434767544	0.9684853310656366	0.9704858156417083	0.9707724022393585	0.9789093548658024	0.968049056620315	0.9702014835059914	0.9779735352323368	0.9675141953957456
0.9695354512519866	0.9690687644066113	0.9664467526691696	0.9666021366291198	0.9676238530705275	0.9670485835480246	1.0	0.9661119569099931	0.9617784370782794	0.968530983851795	0.9678944010569384	0.9705489331819321	0.9690171428857596	0.9658476281261066	0.9623427373312171	0.963362827416224	0.9682057941837037	0.970837218897931	0.9684630019136786	0.9690876498213046	0.9667977830510979	0.9688034996039937	0.9678753573888413	0.969351747034891	0.9711675358181381	0.9629394040515473	0.9690227621458753	0.9698837139288918	0.9713986809165212	0.9710562356661364	0.9663915378177147	0.9707937650908841	0.9686622939941999	0.9654110785615203	0.9676867501130103
0.9688490779653062	0.966982626555591	0.974270972901367	0.9669449597815845	0.9750140185141374	0.9734896984251021	0.9661119569099931	1.0	0.9740153694895326	0.9671756705867474	0.9663693287267392	0.9683291562688132	0.9705299443334483	0.9702050831241571	0.9639874049184899	0.9750386007620679	0.9673674458124468	0.9672015596474667	0.9667321518786196	0.9671822680950405	0.9710442692799257	0.9670983603296563	0.9676136313507644	0.9667512387503846	0.9685613890074027	0.9650292689864841	0.9671866773448129	0.970235011331913	0.9695581838545135	0.9673925174716554	0.9767001292964683	0.9684543928226397	0.9668400645693241	0.986637630441986	0.9668319916808481
0.9596043532159918	0.9647321265188893	0.97427192792	0.9637495605978468	0.9785288321486806	0.973725773914591	0.9617784370782794	0.9740153694895326	1.0	0.9654250511682482	0.9628853235083686	0.9616541460782596	0.9620764784740996	0.9690164178291912	0.961478074321215	0.9757649665145957	0.9591836021225538	0.9629668536696843	0.9640374871194726	0.9641352024430361	0.9698591445476307	0.9646027709850037	0.9656185317535603	0.9638436687199204	0.9633147518269681	0.9614019232163865	0.9644079184457242	0.9613597631842902	0.9635814988457355	0.962404167756653	0.9909034616760944	0.9618941774095381	0.9666405085783124	0.9774629168371034	0.9629274988173732
0.9697890993145333	0.9714653019119216	0.9701657498966233	0.9700673020309447	0.971382669774926	0.9717328728128862	0.968530983851795	0.9671756705867474	0.9654250511682482	1.0	0.9711984465165783	0.9733065123589623	0.9706970788324985	0.9713891310705092	0.9632977690310288	0.9655953535630997	0.9690062739282383	0.9747006686600003	0.9710680266487579	0.9711052635484415	0.9700308963003713	0.9709392144225308	0.9702306152601751	0.9717872323775316	0.972721466440004	0.9650845987713879	0.971228743006731	0.9707773333823474	0.9733469544146468	0.9732052968451275	0.9702213456345065	0.9713592902071155	0.992695588998994	0.9675645455692549	0.968638730745769
0.9688061329690859	0.9954422956458308	0.9702321346884576	0.99280177398676	0.9705723110578502	0.9710516504902335	0.9678944010569384	0.9663693287267392	0.9628853235083686	0.9711984465165783	1.0	0.9714234727090643	0.9696276788236835	0.970818032358057	0.9648912100815252	0.9644957637404602	0.9687432600688359	0.9731664083919707	0.9934841760495303	0.9948835105952122	0.9698553101058855	0.99330461340106	0.9790917305193412	0.9976217800182182	0.9715660480409593	0.96558333579816	0.9932038437117927	0.9689676924252913	0.9724201052280432	0.9728817713718605	0.9685106261549482	0.969759526004439	0.9698521864346742	0.9678017848329824	0.9701461968404773
0.9912221111359913	0.9727464909980392	0.9707440993678923	0.9707151917117156	0.9693131793319648	0.9700850551188388	0.9705489331819321	0.9683291562688132	0.9616541460782596	0.9733065123589623	0.9714234727090643	1.0	0.9758501872207297	0.9691751374163026	0.964502764050869	0.965012863889806	0.97327705641096	0.9805877332436999	0.9721131777356301	0.9725083053228437	0.9703805910154037	0.9720547837750739	0.9721107953513153	0.9729065023542884	0.992493986117105	0.9661069638963214	0.9725042862676808	0.9942861537456176	0.9791193713585518	0.9883616271418384	0.9671854635884264	0.9748691863272227	0.9720999240828334	0.9667682001786194	0.9702413659051367
0.9769231315302253	0.9705578188932692	0.969262301431547	0.9692482757527531	0.968360805178594	0.9685299467809301	0.9690171428857596	0.9705299443334483	0.9620764784740996	0.9706970788324985	0.9696276788236835	0.9758501872207297	1.0	0.9665811516530549	0.9625497034413442	0.967936017952496	0.9720024729662333	0.9751818995474719	0.969614065030967	0.9710083568480896	0.9692147534886695	0.9699337729132823	0.9688301754881186	0.9707987081569545	0.9768825018926112	0.9642855130375959	0.9700339491822454	0.9772166434553667	0.9929759384569308	0.9756200220131891	0.9679546695451599	0.9740021915019021	0.9702273350248922	0.9679567499122161	0.9692901363201294
0.9666706105847298	0.9722074120162869	0.9737870461908672	0.9691796465483373	0.97489387065775	0.9739144271545218	0.9658476281261066	0.9702050831241571	0.9690164178291912	0.9713891310705092	0.970818032358057	0.9691751374163026	0.9665811516530549	1.0	0.9672845978123495	0.9691022566874797	0.965606957431772	0.9714410790725755	0.9721656476889056	0.9713281208472024	0.9710808585565173	0.9706224008764887	0.9716661945480792	0.9709331839476074	0.9699461493799247	0.9676653339294173	0.9724485853955264	0.9674371495201017	0.9704247021744667	0.9697083931230797	0.9739587193138972	0.9684473180894083	0.9709295813731655	0.9723380668315404	0.9675367272818527
0.9635288740246747	0.9660886526828394	0.9653604125933488	0.963571851695268	0.9669420136561432	0.9665469362012863	0.9623427373312171	0.9639874049184899	0.961478074321215	0.9632977690310288	0.9648912100815252	0.964502764050869	0.9625497034413442	0.9672845978123495	1.0	0.9614616541827263	0.9608125897174913	0.9640989830736237	0.9653049428651963	0.9656760930123821	0.9653502740632427	0.9657928063320342	0.9662929753695791	0.9655331157050838	0.964680622723023	0.9955008635027148	0.9656604572262772	0.9631689107898754	0.9645876825409017	0.9646434698012956	0.9667717940462888	0.9626758410790239	0.9647034051631964	0.9650319503078936	0.9620567911934651
0.9656704136843505	0.9654702304391078	0.9763781184718551	0.9663036256695653	0.9770439010188436	0.9746038156612195	0.963362827416224	0.9750386007620679	0.9757649665145957	0.9655953535630997	0.9644957637404602	0.965012863889806	0.967936017952496	0.9691022566874797	0.9614616541827263	1.0	0.9635816632027291	0.9633823665639945	0.9649504284069756	0.9656679211942768	0.9707679094696633	0.9659964842182063	0.9657364221226332	0.9655097551763123	0.9655785530307954	0.9641145098925322	0.9655007215818793	0.9665174010860775	0.9675836867821326	0.9644182081089301	0.9786721696468995	0.9652935087364037	0.9658820796392529	0.9777856832850619	0.9627578201809421
0.9729830981119736	0.9693976988328015	0.9665829073368003	0.9686725506936311	0.9658750708054238	0.9665742450352943	0.9682057941837037	0.9673674458124468	0.9591836021225538	0.9690062739282383	0.9687432600688359	0.97327705641096	0.9720024729662333	0.965606957431772	0.9608125897174913	0.9635816632027291	1.0	0.9730754346010156	0.9686293585589159	0.9692937509276647	0.9676356917290774	0.9691166850768149	0.9678292207645232	0.970119990713734	0.9730130541152494	0.9629895845031186	0.9691798948769615	0.9727311150218723	0.9727290086621038	0.9724013287967864	0.9648166441672883	0.9758862115206594	0.9675252833727604	0.9647613709966588	0.9667728636543808
0.9792924655624358	0.9752953412231837	0.9705370810093187	0.9722544581675774	0.9716439055127372	0.9707079294190363	0.970837218897931	0.9672015596474667	0.9629668536696843	0.9747006686600003	0.9731664083919707	0.9805877332436999	0.9751818995474719	0.9714410790725755	0.9640989830736237	0.9633823665639945	0.9730754346010156	1.0	0.974503128932218	0.9741406144511364	0.9701102460448737	0.9737067206395227	0.9734620252943978	0.9743606623105043	0.9820726446810891	0.9650855635486363	0.9748696180046729	0.9787497159408938	0.9790504243788369	0.983005261371818	0.968987615999713	0.9749143228908126	0.9735020990742618	0.9667760659347352	0.9714085467650422
0.9692843237214677	0.995184499963937	0.9707557181620122	0.9929213977939731	0.9719442343842032	0.9715940753945242	0.9684630019136786	0.9667321518786196	0.9640374871194726	0.9710680266487579	0.9934841760495303	0.9721131777356301	0.969614065030967	0.9721656476889056	0.9653049428651963	0.9649504284069756	0.9686293585589159	0.974503128932218	1.0	0.9943859239651809	0.9701923128568402	0.9939706080274445	0.980117365843269	0.9927099544459574	0.9727088714510449	0.9664891426258188	0.9994828279267033	0.969530674451205	0.9722731403883198	0.9740430992970003	0.9696428437523492	0.9699067836163192	0.9707051427251934	0.9680069479117147	0.9713969923977342
0.9706332905848298	0.998521761100845	0.97149723550499	0.9932410052466497	0.9713929566636084	0.9712066474927197	0.9690876498213046	0.9671822680950405	0.9641352024430361	0.9711052635484415	0.9948835105952122	0.9725083053228437	0.9710083568480896	0.9713281208472024	0.9656760930123821	0.9656679211942768	0.9692937509276647	0.9741406144511364	0.9943859239651809	1.0	0.9701866895641248	0.99462167825119	0.9791744643989553	0.9944087610801732	0.9731705600976777	0.9671300346100747	0.9946342048541563	0.9709149714788041	0.9729225545328467	0.9732687801750902	0.9698250597963579	0.9714461356033741	0.9703514486333326	0.9690068569690647	0.9707527348433935
0.9699970885145496	0.970628987688059	0.9765641369937625	0.968646552883558	0.9740179741740116	0.9858279877891423	0.9667977830510979	0.9710442692799257	0.9698591445476307	0.9700308963003713	0.9698553101058855	0.9703805910154037	0.9692147534886695	0.9710808585565173	0.9653502740632427	0.9707679094696633	0.9676356917290774	0.9701102460448737	0.9701923128568402	0.9701866895641248	1.0	0.9702968647434845	0.9705792137257855	0.9708318034070228	0.9713023016730691	0.9648445848007022	0.9703523838242305	0.9691304177441118	0.9697616848395508	0.9709604835898705	0.9734208019102903	0.9690303877901754	0.9701099222670259	0.9716132855691068	0.9706265633251909
0.9696773645852013	0.9943421736611027	0.9709192489274636	0.9973371183343154	0.9712626118885835	0.9715716710452701	0.9688034996039937	0.9670983603296563	0.9646027709850037	0.9709392144225308	0.99330461340106	0.9720547837750739	0.9699337729132823	0.9706224008764887	0.9657928063320342	0.9659964842182063	0.9691166850768149	0.9737067206395227	0.9939706080274445	0.99462167825119	0.9702968647434845	1.0	0.9797586751954417	0.992761625944647	0.9725811218938148	0.9674695926553236	0.994377473671437	0.9702882075972874	0.9719990335241658	0.9729948699959731	0.9699626424457801	0.970584139520925	0.9707979405966908	0.9687201933249956	0.9709865439480045
0.9696797660282642	0.979714308494074	0.972103905814321	0.9790320953777298	0.971832831225966	0.9718670941375974	0.9678753573888413	0.9676136313507644	0.9656185317535603	0.9702306152601751	0.9790917305193412	0.9721107953513153	0.9688301754881186	0.9716661945480792	0.9662929753695791	0.9657364221226332	0.9678292207645232	0.9734620252943978	0.980117365843269	0.9791744643989553	0.9705792137257855	0.9797586751954417	1.0	0.9786334897314899	0.9728250567038021	0.9665674782724389	0.9800923844729305	0.9705133620036677	0.9720182506550229	0.9734102676601387	0.9704301180231196	0.9699728717608378	0.9696236543081383	0.9691898012762602	0.9741312556306649
0.9701795003999354	0.9950299229737344	0.9712050739993486	0.9916240967281111	0.970968425422282	0.9713897266228743	0.969351747034891	0.9667512387503846	0.9638436687199204	0.9717872323775316	0.9976217800182182	0.9729065023542884	0.9707987081569545	0.9709331839476074	0.9655331157050838	0.9655097551763123	0.970119990713734	0.9743606623105043	0.9927099544459574	0.9944087610801732	0.9708318034070228	0.992761625944647	0.9786334897314899	1.0	0.9727713856866342	0.9658521244623249	0.9928967735627069	0.970425438520603	0.9733970934900613	0.9737239527892155	0.9696234503605182	0.9706413897653937	0.9712864102255312	0.9683756616307778	0.9713198795786218
0.9931345934136544	0.9734000827788023	0.9703162334261579	0.9712825991553661	0.9704458598614273	0.9707628806890115	0.9711675358181381	0.9685613890074027	0.9633147518269681	0.972721466440004	0.9715660480409593	0.992493986117105	0.9768825018926112	0.9699461493799247	0.964680622723023	0.9655785530307954	0.9730130541152494	0.9820726446810891	0.9727088714510449	0.9731705600976777	0.9713023016730691	0.9725811218938148	0.9728250567038021	0.9727713856866342	1.0	0.966621312692159	0.9731564410661416	0.9914570971458179	0.979670777168104	0.9904943014028894	0.9685490471665524	0.9756725624540313	0.9720645798255132	0.9678905077547026	0.9703310495053642
0.9652891165151153	0.9666229746031885	0.9672142503387793	0.9659571250068101	0.9683564220790453	0.9674380933483637	0.9629394040515473	0.9650292689864841	0.9614019232163865	0.9650845987713879	0.96558333579816	0.9661069638963214	0.9642855130375959	0.9676653339294173	0.9955008635027148	0.9641145098925322	0.9629895845031186	0.9650855635486363	0.9664891426258188	0.9671300346100747	0.9648445848007022	0.9674695926553236	0.9665674782724389	0.9658521244623249	0.966621312692159	1.0	0.9670524651653968	0.9652728273326648	0.9660357835516901	0.9658586155510704	0.9677874808309235	0.964838589290029	0.965436484000548	0.9666815941408617	0.9630062008514647
0.9696944487349534	0.995418829303187	0.9710730091920575	0.9928685857969338	0.9722949472243959	0.9718870434767544	0.9690227621458753	0.9671866773448129	0.9644079184457242	0.971228743006731	0.9932038437117927	0.9725042862676808	0.9700339491822454	0.9724485853955264	0.9656604572262772	0.9655007215818793	0.9691798948769615	0.9748696180046729	0.9994828279267033	0.9946342048541563	0.9703523838242305	0.994377473671437	0.9800923844729305	0.9928967735627069	0.9731564410661416	0.9670524651653968	1.0	0.9700988021572705	0.9725987373545354	0.9744219076572227	0.9699389723512143	0.97044090777326	0.970920492255301	0.9685032355199114	0.9719584945963858
0.9916987859788817	0.9705620162366093	0.9686050950549628	0.9698262341233337	0.9666309888718285	0.9684853310656366	0.9698837139288918	0.970235011331913	0.9613597631842902	0.9707773333823474	0.9689676924252913	0.9942861537456176	0.9772166434553667	0.9674371495201017	0.9631689107898754	0.9665174010860775	0.9727311150218723	0.9787497159408938	0.969530674451205	0.9709149714788041	0.9691304177441118	0.9702882075972874	0.9705133620036677	0.970425438520603	0.9914570971458179	0.9652728273326648	0.9700988021572705	1.0	0.978603939144561	0.9869974068109001	0.965526146981434	0.9756421487234397	0.9700666921495685	0.9668344309244054	0.9689885890725132
0.9780155878187524	0.9729507935621395	0.9715108537704342	0.9716622243205705	0.9704306524480238	0.9704858156417083	0.9713986809165212	0.9695581838545135	0.9635814988457355	0.9733469544146468	0.9724201052280432	0.9791193713585518	0.9929759384569308	0.9704247021744667	0.9645876825409017	0.9675836867821326	0.9727290086621038	0.9790504243788369	0.9722731403883198	0.9729225545328467	0.9697616848395508	0.9719990335241658	0.9720182506550229	0.9733970934900613	0.979670777168104	0.9660357835516901	0.9725987373545354	0.978603939144561	1.0	0.9795200975568206	0.9697196257291621	0.9758196870841848	0.9720007834801176	0.9696090664982189	0.9702162403443816
0.9877449784062758	0.9745025099701031	0.9696773249201055	0.9715747241509584	0.9707882216172341	0.9707724022393585	0.9710562356661364	0.9673925174716554	0.962404167756653	0.9732052968451275	0.9728817713718605	0.9883616271418384	0.9756200220131891	0.9697083931230797	0.9646434698012956	0.9644182081089301	0.9724013287967864	0.983005261371818	0.9740430992970003	0.9732687801750902	0.9709604835898705	0.9729948699959731	0.9734102676601387	0.9737239527892155	0.9904943014028894	0.9658586155510704	0.9744219076572227	0.9869974068109001	0.9795200975568206	1.0	0.9674280810887779	0.975886432299967	0.9725704000758552	0.9666821859462085	0.9707957199558578
0.9654926621182829	0.9703279488609787	0.9795746909780263	0.9681438811354959	0.9840814679205068	0.9789093548658024	0.9663915378177147	0.9767001292964683	0.9909034616760944	0.9702213456345065	0.9685106261549482	0.9671854635884264	0.9679546695451599	0.9739587193138972	0.9667717940462888	0.9786721696468995	0.9648166441672883	0.968987615999713	0.9696428437523492	0.9698250597963579	0.9734208019102903	0.9699626424457801	0.9704301180231196	0.9696234503605182	0.9685490471665524	0.9677874808309235	0.9699389723512143	0.965526146981434	0.9697196257291621	0.9674280810887779	1.0	0.9664325093201708	0.9697285001604362	0.9829111723363934	0.9665657199337343
0.9752156075863847	0.9711483575648923	0.968411280542777	0.9695041640855245	0.9676027165110195	0.968049056620315	0.9707937650908841	0.9684543928226397	0.9618941774095381	0.9713592902071155	0.969759526004439	0.9748691863272227	0.9740021915019021	0.9684473180894083	0.9626758410790239	0.9652935087364037	0.9758862115206594	0.9749143228908126	0.9699067836163192	0.9714461356033741	0.9690303877901754	0.970584139520925	0.9699728717608378	0.9706413897653937	0.9756725624540313	0.964838589290029	0.97044090777326	0.9756421487234397	0.9758196870841848	0.975886432299967	0.9664325093201708	1.0	0.9702339346839808	0.9667586776817243	0.9685900144611842
0.969572028271194	0.9711353064654606	0.9699535461267089	0.9692659028930498	0.9703057287073427	0.9702014835059914	0.9686622939941999	0.9668400645693241	0.9666405085783124	0.992695588998994	0.9698521864346742	0.9720999240828334	0.9702273350248922	0.9709295813731655	0.9647034051631964	0.9658820796392529	0.9675252833727604	0.9735020990742618	0.9707051427251934	0.9703514486333326	0.9701099222670259	0.9707979405966908	0.9696236543081383	0.9712864102255312	0.9720645798255132	0.965436484000548	0.970920492255301	0.9700666921495685	0.9720007834801176	0.9725704000758552	0.9697285001604362	0.9702339346839808	1.0	0.9676717914106109	0.9689033230083872
0.9667977132635928	0.9686265589049334	0.978709913010348	0.9681087180041641	0.980532427799025	0.9779735352323368	0.9654110785615203	0.986637630441986	0.9774629168371034	0.9675645455692549	0.9678017848329824	0.9667682001786194	0.9679567499122161	0.9723380668315404	0.9650319503078936	0.9777856832850619	0.9647613709966588	0.9667760659347352	0.9680069479117147	0.9690068569690647	0.9716132855691068	0.9687201933249956	0.9691898012762602	0.9683756616307778	0.9678905077547026	0.9666815941408617	0.9685032355199114	0.9668344309244054	0.9696090664982189	0.9666821859462085	0.9829111723363934	0.9667586776817243	0.9676717914106109	1.0	0.9643643206963474
0.9684615008378265	0.971701494411289	0.9668408952634356	0.9689396451958807	0.967203800262662	0.9675141953957456	0.9676867501130103	0.9668319916808481	0.9629274988173732	0.968638730745769	0.9701461968404773	0.9702413659051367	0.9692901363201294	0.9675367272818527	0.9620567911934651	0.9627578201809421	0.9667728636543808	0.9714085467650422	0.9713969923977342	0.9707527348433935	0.9706265633251909	0.9709865439480045	0.9741312556306649	0.9713198795786218	0.9703310495053642	0.9630062008514647	0.9719584945963858	0.9689885890725132	0.9702162403443816	0.9707957199558578	0.9665657199337343	0.9685900144611842	0.9689033230083872	0.9643643206963474	1.0
