/home/jshaw/scratch/2022_sketched_distance/references/SGB_genome_fastas_part4/9290/ChengpingW_2017__AS101raw__bin.19.fa	/home/jshaw/scratch/2022_sketched_distance/references/SGB_genome_fastas_part4/9290/ChengpingW_2017__AS131raw__bin.34.fa	/home/jshaw/scratch/2022_sketched_distance/references/SGB_genome_fastas_part4/9290/ChengpingW_2017__AS40raw__bin.68.fa	/home/jshaw/scratch/2022_sketched_distance/references/SGB_genome_fastas_part4/9290/ChengpingW_2017__AS61raw__bin.47.fa	/home/jshaw/scratch/2022_sketched_distance/references/SGB_genome_fastas_part4/9290/ChengpingW_2017__AS92raw__bin.7.fa	/home/jshaw/scratch/2022_sketched_distance/references/SGB_genome_fastas_part4/9290/CosteaPI_2017__SID713A029-11-90-0__bin.38.fa	/home/jshaw/scratch/2022_sketched_distance/references/SGB_genome_fastas_part4/9290/GeversD_2014__SKBSTL033__bin.78.fa	/home/jshaw/scratch/2022_sketched_distance/references/SGB_genome_fastas_part4/9290/HeQ_2017__SZAXPI029552-169__bin.39.fa	/home/jshaw/scratch/2022_sketched_distance/references/SGB_genome_fastas_part4/9290/HeQ_2017__SZAXPI029592-129__bin.39.fa	/home/jshaw/scratch/2022_sketched_distance/references/SGB_genome_fastas_part4/9290/LiJ_2014__O2.UC8-0__bin.38.fa	/home/jshaw/scratch/2022_sketched_distance/references/SGB_genome_fastas_part4/9290/LiJ_2014__V1.FI25__bin.79.fa	/home/jshaw/scratch/2022_sketched_distance/references/SGB_genome_fastas_part4/9290/LiJ_2017__H2M514107__bin.40.fa	/home/jshaw/scratch/2022_sketched_distance/references/SGB_genome_fastas_part4/9290/NielsenHB_2014__V1_UC32_0__bin.67.fa	/home/jshaw/scratch/2022_sketched_distance/references/SGB_genome_fastas_part4/9290/NielsenHB_2014__V1_UC4_5__bin.52.fa	/home/jshaw/scratch/2022_sketched_distance/references/SGB_genome_fastas_part4/9290/QinJ_2012__DOM010__bin.24.fa	/home/jshaw/scratch/2022_sketched_distance/references/SGB_genome_fastas_part4/9290/QinJ_2012__DOM022__bin.5.fa	/home/jshaw/scratch/2022_sketched_distance/references/SGB_genome_fastas_part4/9290/QinJ_2012__T2D-035__bin.12.fa	/home/jshaw/scratch/2022_sketched_distance/references/SGB_genome_fastas_part4/9290/QinN_2014__HD-19__bin.31.fa	/home/jshaw/scratch/2022_sketched_distance/references/SGB_genome_fastas_part4/9290/QinN_2014__HD-65__bin.28.fa	/home/jshaw/scratch/2022_sketched_distance/references/SGB_genome_fastas_part4/9290/QinN_2014__HV-25__bin.3.fa	/home/jshaw/scratch/2022_sketched_distance/references/SGB_genome_fastas_part4/9290/QinN_2014__HV-30__bin.15.fa	/home/jshaw/scratch/2022_sketched_distance/references/SGB_genome_fastas_part4/9290/QinN_2014__LD-40__bin.7.fa	/home/jshaw/scratch/2022_sketched_distance/references/SGB_genome_fastas_part4/9290/QinN_2014__LD-68__bin.49.fa	/home/jshaw/scratch/2022_sketched_distance/references/SGB_genome_fastas_part4/9290/QinN_2014__LD-84__bin.26.fa	/home/jshaw/scratch/2022_sketched_distance/references/SGB_genome_fastas_part4/9290/VogtmannE_2016__MMRS51737257ST-27-0-0__bin.67.fa	/home/jshaw/scratch/2022_sketched_distance/references/SGB_genome_fastas_part4/9290/WenC_2017__N023__bin.5.fa	/home/jshaw/scratch/2022_sketched_distance/references/SGB_genome_fastas_part4/9290/WenC_2017__N024__bin.4.fa	/home/jshaw/scratch/2022_sketched_distance/references/SGB_genome_fastas_part4/9290/WenC_2017__N263__bin.18.fa	/home/jshaw/scratch/2022_sketched_distance/references/SGB_genome_fastas_part4/9290/WenC_2017__RA074__bin.44.fa	/home/jshaw/scratch/2022_sketched_distance/references/SGB_genome_fastas_part4/9290/ZeeviD_2015__PNP_Main_533__bin.10.fa	/home/jshaw/scratch/2022_sketched_distance/references/SGB_genome_fastas_part4/9290/ZeeviD_2015__PNP_Main_705__bin.23.fa	/home/jshaw/scratch/2022_sketched_distance/references/SGB_genome_fastas_part4/9290/ZeeviD_2015__PNP_Validation_59__bin.24.fa	/home/jshaw/scratch/2022_sketched_distance/references/SGB_genome_fastas_part4/9290/ZellerG_2014__CCIS11558985ST-4-0__bin.5.fa
1.0	0.9840840144085292	0.9825203079608337	0.9828984203513791	0.9783540836731223	0.9788533528661336	0.9808351207018438	0.9816387863931729	0.9838253048172103	0.9806125993073183	0.980939280607841	0.9815547453923841	0.9816243300279612	0.9790084154003341	0.9796415571858511	0.9839242263332287	0.9710391131518754	0.9709044932642479	0.9844147244967228	0.9816960236116905	0.9732206859303063	0.9740521106589999	0.9825228833962731	0.9834456582889467	0.9798663597880574	0.9823186350124856	0.9753217103680968	0.9829433384882654	0.983188075167029	0.9819637444785344	0.9677201604936555	0.9807880825820621	0.9793284160799909
0.9840840144085292	1.0	0.9847691032627353	0.9857948488326992	0.9824740618318298	0.980415134066248	0.9828941088852642	0.9828352045697301	0.9848602420050125	0.9819965260499669	0.9824553025778409	0.9823057517836487	0.9837020438884676	0.9811933927477825	0.9797747678307611	0.9853341306508396	0.9699579610050961	0.9726051023629166	0.9851157642626199	0.9834571489124804	0.974125350545217	0.9763148937420216	0.983951831056081	0.9865952660904937	0.9807370035265848	0.9841211197157719	0.9781054832122784	0.9854157171601685	0.9848168739646866	0.9835049214015844	0.9689458819879992	0.9822876887816847	0.9810897346016767
0.9825203079608337	0.9847691032627353	1.0	0.9848697502260235	0.9804527128853041	0.9808472220162175	0.9829045196164556	0.9825940378285727	0.983700655283188	0.9829480913124715	0.9826973708893915	0.9829341812867871	0.9830736209332123	0.9808309075683803	0.9793386534839135	0.984214537703667	0.9697266591496463	0.9730242036504544	0.9843752636143908	0.982511589217609	0.9736197475661947	0.9744390172869969	0.9826183581296823	0.9844040319254531	0.9812146704846324	0.9822901799043832	0.9763366743204347	0.9847732014936023	0.9845212887623129	0.9845763271085769	0.9694161594885533	0.981721670893784	0.9824558991194224
0.9828984203513791	0.9857948488326992	0.9848697502260235	1.0	0.9802734544888743	0.9807083467304037	0.9822418818909796	0.9825573428989338	0.9833350950936072	0.9815787508174139	0.9823664811518636	0.9823587947995431	0.9832446116689211	0.9800230788739213	0.9792681558801805	0.9854969143537985	0.96902558680414	0.9733960851384595	0.9837034761865319	0.9839333400087231	0.9724193683931815	0.9765477046248354	0.9832410068087899	0.9863608222233199	0.9803146101565147	0.9825963861215292	0.9766820844378229	0.9853224558041205	0.9859487973847257	0.9822533129935176	0.9673411951691916	0.9809166390203228	0.9811423514634151
0.9783540836731223	0.9824740618318298	0.9804527128853041	0.9802734544888743	1.0	0.9780437207502732	0.9800737969399967	0.97998977578581	0.9797466431887787	0.9801393396814153	0.9781099292595278	0.9788436411554104	0.9795399094872753	0.9769971273279662	0.9786211943898796	0.9818385022468787	0.9708266487577133	0.9814545684309701	0.9813482995445714	0.9809472335247864	0.973977477842937	0.9831082565527993	0.9792877039388576	0.9819513029268265	0.979148022289252	0.9826477849734176	0.9791993100295293	0.9820074318597638	0.9815015974863557	0.9809564776510366	0.9735022270889717	0.9805869570583348	0.980284677781139
0.9788533528661336	0.980415134066248	0.9808472220162175	0.9807083467304037	0.9780437207502732	1.0	0.9802994829419567	0.979295519624651	0.9806598356632377	0.9811640743799513	0.9815984373301408	0.9804617695159419	0.9814757612079844	0.9778602581305874	0.9765393172184762	0.9815761313568546	0.966368556167924	0.9705410793549017	0.9807935429726953	0.9795574883118261	0.9703684633763796	0.9730256220318289	0.9795131460967322	0.9807957937010706	0.9792914334955803	0.9792030528134321	0.9734965430205726	0.9810591896376982	0.9807734203847671	0.9819374761113122	0.9677127530379491	0.9791388711014525	0.9809010537552402
0.9808351207018438	0.9828941088852642	0.9829045196164556	0.9822418818909796	0.9800737969399967	0.9802994829419567	1.0	0.9810076453754506	0.9831511626001813	0.9825341072703343	0.9826271490317257	0.9825087253069839	0.9831744917890177	0.9806511449072068	0.9777862894312456	0.9839507006984306	0.9681303456091235	0.9705469024499942	0.9826551052252539	0.9816289707155327	0.9728366923246734	0.9736241723382518	0.9819407515773849	0.9835652725509084	0.9814989749861264	0.9824553741667698	0.9743777944544939	0.9833831649046726	0.9828482001431161	0.9840707514848938	0.9692350788893093	0.9810449921500155	0.9818961268871896
0.9816387863931729	0.9828352045697301	0.9825940378285727	0.9825573428989338	0.97998977578581	0.979295519624651	0.9810076453754506	1.0	0.9822209523882479	0.9804712309027553	0.9806558423963387	0.9802884359929711	0.9816400701305219	0.9795601583749853	0.9793123889079056	0.9837239555946313	0.9695614245340987	0.9748231971635695	0.9828279756660794	0.981664309395888	0.9727248462557536	0.9768746728983075	0.9815290139469796	0.9824330056902271	0.9799969046458942	0.9817106027459648	0.9760375173664949	0.9837191051789744	0.9832284124997436	0.9821579083749634	0.9687355175881204	0.9802973363711381	0.9800128076197648
0.9838253048172103	0.9848602420050125	0.983700655283188	0.9833350950936072	0.9797466431887787	0.9806598356632377	0.9831511626001813	0.9822209523882479	1.0	0.9827123718031588	0.9828097971201163	0.9825080055634116	0.9834261803548984	0.9811499908141418	0.9796597567879014	0.9846048950102362	0.9698253738826089	0.9712025860831762	0.9848260209876983	0.9829988949762788	0.9737707909024151	0.9746502182253294	0.9839410521399568	0.9843463285080266	0.9807252566769209	0.9829969733210264	0.976224240673932	0.9852970563727427	0.984594864398999	0.983965244084211	0.969028860435069	0.9813074904592779	0.9812325466920792
0.9806125993073183	0.9819965260499669	0.9829480913124715	0.9815787508174139	0.9801393396814153	0.9811640743799513	0.9825341072703343	0.9804712309027553	0.9827123718031588	1.0	0.9828409141505575	0.9814954321059295	0.9836348517432104	0.9803393117233494	0.9796011256430548	0.9815515821409231	0.9691151298332653	0.9730417749821273	0.9818189918052391	0.981923133785502	0.9738304437034337	0.9759962524705308	0.9805328383781611	0.98347246682798	0.9821850859884141	0.9812509625542744	0.9761589963868238	0.9826910616759139	0.9823470150954565	0.9833152964497816	0.9697097099804828	0.9806932022231821	0.9822035102341717
0.980939280607841	0.9824553025778409	0.9826973708893915	0.9823664811518636	0.9781099292595278	0.9815984373301408	0.9826271490317257	0.9806558423963387	0.9828097971201163	0.9828409141505575	1.0	0.9815600578718692	0.9835034472414195	0.9799471786610067	0.9775703823157558	0.9824968199535584	0.9665587432183094	0.97022964460469	0.9831826872513889	0.9814532198926358	0.9713991423421022	0.9727601013978602	0.9811819525273882	0.9830798823140118	0.9805335581367703	0.98041616479149	0.9740348315183891	0.9828818879966401	0.9821597626910639	0.9830026324878333	0.9675479802613355	0.9803434805593844	0.9815298325299403
0.9815547453923841	0.9823057517836487	0.9829341812867871	0.9823587947995431	0.9788436411554104	0.9804617695159419	0.9825087253069839	0.9802884359929711	0.9825080055634116	0.9814954321059295	0.9815600578718692	1.0	0.9823563660982432	0.9792929889454117	0.9777137881162133	0.9825154036286012	0.9687480005634674	0.9705936777790014	0.9825889086470336	0.9813475664221111	0.9718327710309284	0.9744003114683839	0.9818474523115855	0.9823297303463252	0.9796873675064082	0.9805794355469428	0.9741801444251308	0.9830707687368335	0.9827837308388093	0.9824572852072831	0.9674171027506816	0.9803950478715744	0.9808337407050113
0.9816243300279612	0.9837020438884676	0.9830736209332123	0.9832446116689211	0.9795399094872753	0.9814757612079844	0.9831744917890177	0.9816400701305219	0.9834261803548984	0.9836348517432104	0.9835034472414195	0.9823563660982432	1.0	0.9807802335444425	0.9786189561397374	0.9839924968278012	0.9684566629857883	0.9714265340604838	0.9838616011532175	0.9820645813373515	0.9719822621427939	0.9748090053479063	0.9820679936415909	0.9839723366509213	0.9817051943268096	0.981425605221139	0.9752272830966912	0.983520290875769	0.9826250713245258	0.9845619127262242	0.969206146711648	0.9823450282031682	0.9821934310485472
0.9790084154003341	0.9811933927477825	0.9808309075683803	0.9800230788739213	0.9769971273279662	0.9778602581305874	0.9806511449072068	0.9795601583749853	0.9811499908141418	0.9803393117233494	0.9799471786610067	0.9792929889454117	0.9807802335444425	1.0	0.9760111025199782	0.9810278680572339	0.9672717511400872	0.9674100316457716	0.9809554790337104	0.9795754450282821	0.9701814725642162	0.9701802413842686	0.9792443882521498	0.9816038752569592	0.9784125457134002	0.9791482356617454	0.9743229968072872	0.9806394991980747	0.9800234944302358	0.9808422138051026	0.9676329070224864	0.9801049505012192	0.9790672162714423
0.9796415571858511	0.9797747678307611	0.9793386534839135	0.9792681558801805	0.9786211943898796	0.9765393172184762	0.9777862894312456	0.9793123889079056	0.9796597567879014	0.9796011256430548	0.9775703823157558	0.9777137881162133	0.9786189561397374	0.9760111025199782	1.0	0.9793311007139845	0.9688133759239298	0.9734743325893719	0.9794586657101738	0.9780046082903484	0.9703618639447527	0.9750197700288064	0.9778506817995881	0.9795611355898282	0.977462035270334	0.979065835633154	0.9739969240186159	0.979870895397967	0.9802688231086127	0.9797105520043206	0.96773281065901	0.9780244953922959	0.9773403787542785
0.9839242263332287	0.9853341306508396	0.984214537703667	0.9854969143537985	0.9818385022468787	0.9815761313568546	0.9839507006984306	0.9837239555946313	0.9846048950102362	0.9815515821409231	0.9824968199535584	0.9825154036286012	0.9839924968278012	0.9810278680572339	0.9793311007139845	1.0	0.970930192869307	0.9732479340436769	0.9855733616138782	0.9838171432758288	0.9741667005964283	0.9757672913760387	0.9839068741241753	0.9854870076638569	0.9820072392490691	0.9845359502791424	0.9773883535908676	0.9852003020136473	0.985131520347165	0.9849767812084897	0.9698008396154804	0.9827075807909601	0.9823130526859299
0.9710391131518754	0.9699579610050961	0.9697266591496463	0.96902558680414	0.9708266487577133	0.966368556167924	0.9681303456091235	0.9695614245340987	0.9698253738826089	0.9691151298332653	0.9665587432183094	0.9687480005634674	0.9684566629857883	0.9672717511400872	0.9688133759239298	0.970930192869307	1.0	0.968989500117074	0.9718120972047785	0.9687678702403909	0.9662737301899146	0.9691505564299728	0.9699879280660818	0.9691735609418354	0.9703868245313495	0.9709599882456796	0.9684442390063499	0.970708218821147	0.9700878899516591	0.9711041208932566	0.9617121006912249	0.9706678035125589	0.9691760346687742
0.9709044932642479	0.9726051023629166	0.9730242036504544	0.9733960851384595	0.9814545684309701	0.9705410793549017	0.9705469024499942	0.9748231971635695	0.9712025860831762	0.9730417749821273	0.97022964460469	0.9705936777790014	0.9714265340604838	0.9674100316457716	0.9734743325893719	0.9732479340436769	0.968989500117074	1.0	0.9733107346917053	0.9737780570302244	0.9729110136587764	0.9899909332295962	0.9696736031498443	0.973180965223084	0.97407918995115	0.9748136976796482	0.9768051188767991	0.9742602884496359	0.9737140888544108	0.9735627433164437	0.9742246003428212	0.9765636218609394	0.9734050550528526
0.9844147244967228	0.9851157642626199	0.9843752636143908	0.9837034761865319	0.9813482995445714	0.9807935429726953	0.9826551052252539	0.9828279756660794	0.9848260209876983	0.9818189918052391	0.9831826872513889	0.9825889086470336	0.9838616011532175	0.9809554790337104	0.9794586657101738	0.9855733616138782	0.9718120972047785	0.9733107346917053	1.0	0.9828653084975669	0.9743007860770891	0.9768270249556724	0.9844670115953379	0.9841775544861674	0.9819844853015721	0.9830858866754978	0.9769428829832509	0.9853742332199865	0.984296215838917	0.9844587106735143	0.9694261788197138	0.9820487420072027	0.9813757559648764
0.9816960236116905	0.9834571489124804	0.982511589217609	0.9839333400087231	0.9809472335247864	0.9795574883118261	0.9816289707155327	0.981664309395888	0.9829988949762788	0.981923133785502	0.9814532198926358	0.9813475664221111	0.9820645813373515	0.9795754450282821	0.9780046082903484	0.9838171432758288	0.9687678702403909	0.9737780570302244	0.9828653084975669	1.0	0.9736084099284146	0.9766341574191809	0.9818267860833357	0.9849197972984801	0.9799462865317363	0.9824896601973533	0.9759038462382655	0.9843485764012418	0.9842501617873524	0.9826120212927466	0.9686237522578863	0.9800040715364994	0.9812115805269146
0.9732206859303063	0.974125350545217	0.9736197475661947	0.9724193683931815	0.973977477842937	0.9703684633763796	0.9728366923246734	0.9727248462557536	0.9737707909024151	0.9738304437034337	0.9713991423421022	0.9718327710309284	0.9719822621427939	0.9701814725642162	0.9703618639447527	0.9741667005964283	0.9662737301899146	0.9729110136587764	0.9743007860770891	0.9736084099284146	1.0	0.973810050712744	0.9721778562856448	0.975017838101262	0.9725084437686281	0.9740461442024233	0.9695015373166687	0.9737657891686307	0.9746124684932761	0.9733334218068457	0.9648017042300839	0.9723831280809407	0.972610211548538
0.9740521106589999	0.9763148937420216	0.9744390172869969	0.9765477046248354	0.9831082565527993	0.9730256220318289	0.9736241723382518	0.9768746728983075	0.9746502182253294	0.9759962524705308	0.9727601013978602	0.9744003114683839	0.9748090053479063	0.9701802413842686	0.9750197700288064	0.9757672913760387	0.9691505564299728	0.9899909332295962	0.9768270249556724	0.9766341574191809	0.973810050712744	1.0	0.9742890464760313	0.9754732274611958	0.9768497174906234	0.9775670289070872	0.9786292788735877	0.9774981344275326	0.9763229104051755	0.9758388345076769	0.9731349243567109	0.978094203237486	0.9746281929883683
0.9825228833962731	0.983951831056081	0.9826183581296823	0.9832410068087899	0.9792877039388576	0.9795131460967322	0.9819407515773849	0.9815290139469796	0.9839410521399568	0.9805328383781611	0.9811819525273882	0.9818474523115855	0.9820679936415909	0.9792443882521498	0.9778506817995881	0.9839068741241753	0.9699879280660818	0.9696736031498443	0.9844670115953379	0.9818267860833357	0.9721778562856448	0.9742890464760313	1.0	0.9842572865490505	0.9798921023387509	0.9822824660072558	0.9750242160111944	0.9851346018777367	0.9843487293057505	0.9835535786279317	0.9670403126733326	0.9803785895953036	0.9795079119701059
0.9834456582889467	0.9865952660904937	0.9844040319254531	0.9863608222233199	0.9819513029268265	0.9807957937010706	0.9835652725509084	0.9824330056902271	0.9843463285080266	0.98347246682798	0.9830798823140118	0.9823297303463252	0.9839723366509213	0.9816038752569592	0.9795611355898282	0.9854870076638569	0.9691735609418354	0.973180965223084	0.9841775544861674	0.9849197972984801	0.975017838101262	0.9754732274611958	0.9842572865490505	1.0	0.9809612049504088	0.9836899815643351	0.9776175012614735	0.9858060973693238	0.9855216491211399	0.9840707924052057	0.9697594417347172	0.9819076259811907	0.9825247489884716
0.9798663597880574	0.9807370035265848	0.9812146704846324	0.9803146101565147	0.979148022289252	0.9792914334955803	0.9814989749861264	0.9799969046458942	0.9807252566769209	0.9821850859884141	0.9805335581367703	0.9796873675064082	0.9817051943268096	0.9784125457134002	0.977462035270334	0.9820072392490691	0.9703868245313495	0.97407918995115	0.9819844853015721	0.9799462865317363	0.9725084437686281	0.9768497174906234	0.9798921023387509	0.9809612049504088	1.0	0.9806569674777975	0.9755754904380407	0.981601782645443	0.9808513797488846	0.9826064465213902	0.9689592103134166	0.9810482861849752	0.9812727672091329
0.9823186350124856	0.9841211197157719	0.9822901799043832	0.9825963861215292	0.9826477849734176	0.9792030528134321	0.9824553741667698	0.9817106027459648	0.9829969733210264	0.9812509625542744	0.98041616479149	0.9805794355469428	0.981425605221139	0.9791482356617454	0.979065835633154	0.9845359502791424	0.9709599882456796	0.9748136976796482	0.9830858866754978	0.9824896601973533	0.9740461442024233	0.9775670289070872	0.9822824660072558	0.9836899815643351	0.9806569674777975	1.0	0.977238321485224	0.9835610784299196	0.9833504159075926	0.9827444171404961	0.9710508179932543	0.9813732170977708	0.9803211109862112
0.9753217103680968	0.9781054832122784	0.9763366743204347	0.9766820844378229	0.9791993100295293	0.9734965430205726	0.9743777944544939	0.9760375173664949	0.976224240673932	0.9761589963868238	0.9740348315183891	0.9741801444251308	0.9752272830966912	0.9743229968072872	0.9739969240186159	0.9773883535908676	0.9684442390063499	0.9768051188767991	0.9769428829832509	0.9759038462382655	0.9695015373166687	0.9786292788735877	0.9750242160111944	0.9776175012614735	0.9755754904380407	0.977238321485224	1.0	0.9778372035925502	0.9769760687560823	0.9763754125300963	0.9668910749336304	0.9771158678540138	0.9736337593061668
0.9829433384882654	0.9854157171601685	0.9847732014936023	0.9853224558041205	0.9820074318597638	0.9810591896376982	0.9833831649046726	0.9837191051789744	0.9852970563727427	0.9826910616759139	0.9828818879966401	0.9830707687368335	0.983520290875769	0.9806394991980747	0.979870895397967	0.9852003020136473	0.970708218821147	0.9742602884496359	0.9853742332199865	0.9843485764012418	0.9737657891686307	0.9774981344275326	0.9851346018777367	0.9858060973693238	0.981601782645443	0.9835610784299196	0.9778372035925502	1.0	0.9856648910980719	0.9842232687851205	0.9687638233770254	0.9814198730365573	0.9816324208814629
0.983188075167029	0.9848168739646866	0.9845212887623129	0.9859487973847257	0.9815015974863557	0.9807734203847671	0.9828482001431161	0.9832284124997436	0.984594864398999	0.9823470150954565	0.9821597626910639	0.9827837308388093	0.9826250713245258	0.9800234944302358	0.9802688231086127	0.985131520347165	0.9700878899516591	0.9737140888544108	0.984296215838917	0.9842501617873524	0.9746124684932761	0.9763229104051755	0.9843487293057505	0.9855216491211399	0.9808513797488846	0.9833504159075926	0.9769760687560823	0.9856648910980719	1.0	0.9835444126356387	0.9688493017531247	0.9812147108264297	0.9816991109115818
0.9819637444785344	0.9835049214015844	0.9845763271085769	0.9822533129935176	0.9809564776510366	0.9819374761113122	0.9840707514848938	0.9821579083749634	0.983965244084211	0.9833152964497816	0.9830026324878333	0.9824572852072831	0.9845619127262242	0.9808422138051026	0.9797105520043206	0.9849767812084897	0.9711041208932566	0.9735627433164437	0.9844587106735143	0.9826120212927466	0.9733334218068457	0.9758388345076769	0.9835535786279317	0.9840707924052057	0.9826064465213902	0.9827444171404961	0.9763754125300963	0.9842232687851205	0.9835444126356387	1.0	0.972719341561724	0.9840536945318991	0.9821898807270224
0.9677201604936555	0.9689458819879992	0.9694161594885533	0.9673411951691916	0.9735022270889717	0.9677127530379491	0.9692350788893093	0.9687355175881204	0.969028860435069	0.9697097099804828	0.9675479802613355	0.9674171027506816	0.969206146711648	0.9676329070224864	0.96773281065901	0.9698008396154804	0.9617121006912249	0.9742246003428212	0.9694261788197138	0.9686237522578863	0.9648017042300839	0.9731349243567109	0.9670403126733326	0.9697594417347172	0.9689592103134166	0.9710508179932543	0.9668910749336304	0.9687638233770254	0.9688493017531247	0.972719341561724	1.0	0.9740218437747484	0.9687516916084223
0.9807880825820621	0.9822876887816847	0.981721670893784	0.9809166390203228	0.9805869570583348	0.9791388711014525	0.9810449921500155	0.9802973363711381	0.9813074904592779	0.9806932022231821	0.9803434805593844	0.9803950478715744	0.9823450282031682	0.9801049505012192	0.9780244953922959	0.9827075807909601	0.9706678035125589	0.9765636218609394	0.9820487420072027	0.9800040715364994	0.9723831280809407	0.978094203237486	0.9803785895953036	0.9819076259811907	0.9810482861849752	0.9813732170977708	0.9771158678540138	0.9814198730365573	0.9812147108264297	0.9840536945318991	0.9740218437747484	1.0	0.9802685802624777
0.9793284160799909	0.9810897346016767	0.9824558991194224	0.9811423514634151	0.980284677781139	0.9809010537552402	0.9818961268871896	0.9800128076197648	0.9812325466920792	0.9822035102341717	0.9815298325299403	0.9808337407050113	0.9821934310485472	0.9790672162714423	0.9773403787542785	0.9823130526859299	0.9691760346687742	0.9734050550528526	0.9813757559648764	0.9812115805269146	0.972610211548538	0.9746281929883683	0.9795079119701059	0.9825247489884716	0.9812727672091329	0.9803211109862112	0.9736337593061668	0.9816324208814629	0.9816991109115818	0.9821898807270224	0.9687516916084223	0.9802685802624777	1.0
