/home/jshaw/scratch/2022_sketched_distance/references/SGB_genome_fastas_part4/6367/BackhedF_2015__SID589_12M__bin.42.fa	/home/jshaw/scratch/2022_sketched_distance/references/SGB_genome_fastas_part4/6367/Bengtsson-PalmeJ_2015__TRAVELRES1__bin.58.fa	/home/jshaw/scratch/2022_sketched_distance/references/SGB_genome_fastas_part4/6367/BritoIL_2016__W2.43.ST__bin.61.fa	/home/jshaw/scratch/2022_sketched_distance/references/SGB_genome_fastas_part4/6367/HeQ_2017__SZAXPI029591-123__bin.28.fa	/home/jshaw/scratch/2022_sketched_distance/references/SGB_genome_fastas_part4/6367/HMP_2012__SRS063985__bin.14.fa	/home/jshaw/scratch/2022_sketched_distance/references/SGB_genome_fastas_part4/6367/LeChatelierE_2013__MH0137__bin.13.fa	/home/jshaw/scratch/2022_sketched_distance/references/SGB_genome_fastas_part4/6367/LeChatelierE_2013__MH0173__bin.39.fa	/home/jshaw/scratch/2022_sketched_distance/references/SGB_genome_fastas_part4/6367/LeChatelierE_2013__MH0183__bin.49.fa	/home/jshaw/scratch/2022_sketched_distance/references/SGB_genome_fastas_part4/6367/LeChatelierE_2013__MH0251__bin.9.fa	/home/jshaw/scratch/2022_sketched_distance/references/SGB_genome_fastas_part4/6367/LiJ_2014__O2.UC27-1__bin.34.fa	/home/jshaw/scratch/2022_sketched_distance/references/SGB_genome_fastas_part4/6367/LouisS_2016__AS62_6__bin.16.fa	/home/jshaw/scratch/2022_sketched_distance/references/SGB_genome_fastas_part4/6367/NielsenHB_2014__MH0137__bin.4.fa	/home/jshaw/scratch/2022_sketched_distance/references/SGB_genome_fastas_part4/6367/NielsenHB_2014__MH0173__bin.19.fa	/home/jshaw/scratch/2022_sketched_distance/references/SGB_genome_fastas_part4/6367/NielsenHB_2014__MH0183__bin.15.fa	/home/jshaw/scratch/2022_sketched_distance/references/SGB_genome_fastas_part4/6367/QinJ_2012__CON-053__bin.38.fa	/home/jshaw/scratch/2022_sketched_distance/references/SGB_genome_fastas_part4/6367/QinJ_2012__NOF008__bin.25.fa	/home/jshaw/scratch/2022_sketched_distance/references/SGB_genome_fastas_part4/6367/QinJ_2012__T2D-030__bin.35.fa	/home/jshaw/scratch/2022_sketched_distance/references/SGB_genome_fastas_part4/6367/QinJ_2012__T2D-048__bin.35.fa	/home/jshaw/scratch/2022_sketched_distance/references/SGB_genome_fastas_part4/6367/QinJ_2012__T2D-106__bin.39.fa	/home/jshaw/scratch/2022_sketched_distance/references/SGB_genome_fastas_part4/6367/QinN_2014__HD-1__bin.14.fa	/home/jshaw/scratch/2022_sketched_distance/references/SGB_genome_fastas_part4/6367/QinN_2014__LD-22__bin.22.fa	/home/jshaw/scratch/2022_sketched_distance/references/SGB_genome_fastas_part4/6367/QinN_2014__LD-97__bin.39.fa	/home/jshaw/scratch/2022_sketched_distance/references/SGB_genome_fastas_part4/6367/RaymondF_2016__P22E0__bin.25.fa	/home/jshaw/scratch/2022_sketched_distance/references/SGB_genome_fastas_part4/6367/RaymondF_2016__P25C7__bin.86.fa	/home/jshaw/scratch/2022_sketched_distance/references/SGB_genome_fastas_part4/6367/RaymondF_2016__P2E0__bin.25.fa	/home/jshaw/scratch/2022_sketched_distance/references/SGB_genome_fastas_part4/6367/XieH_2016__YSZC12003_35392__bin.92.fa	/home/jshaw/scratch/2022_sketched_distance/references/SGB_genome_fastas_part4/6367/XieH_2016__YSZC12003_35654__bin.42.fa	/home/jshaw/scratch/2022_sketched_distance/references/SGB_genome_fastas_part4/6367/XieH_2016__YSZC12003_35698__bin.59.fa	/home/jshaw/scratch/2022_sketched_distance/references/SGB_genome_fastas_part4/6367/XieH_2016__YSZC12003_36117__bin.36.fa	/home/jshaw/scratch/2022_sketched_distance/references/SGB_genome_fastas_part4/6367/XieH_2016__YSZC12003_36703__bin.65.fa	/home/jshaw/scratch/2022_sketched_distance/references/SGB_genome_fastas_part4/6367/XieH_2016__YSZC12003_37285__bin.27.fa	/home/jshaw/scratch/2022_sketched_distance/references/SGB_genome_fastas_part4/6367/XieH_2016__YSZC12003_37337__bin.42.fa	/home/jshaw/scratch/2022_sketched_distance/references/SGB_genome_fastas_part4/6367/XieH_2016__YSZC12003_37583__bin.91.fa	/home/jshaw/scratch/2022_sketched_distance/references/SGB_genome_fastas_part4/6367/XieH_2016__YSZC12003_37647__bin.71.fa	/home/jshaw/scratch/2022_sketched_distance/references/SGB_genome_fastas_part4/6367/YuJ_2015__SZAXPI003435-11__bin.41.fa	/home/jshaw/scratch/2022_sketched_distance/references/SGB_genome_fastas_part4/6367/YuJ_2015__SZAXPI015258-57__bin.74.fa	/home/jshaw/scratch/2022_sketched_distance/references/SGB_genome_fastas_part4/6367/ZeeviD_2015__PNP_Main_421__bin.8.fa	/home/jshaw/scratch/2022_sketched_distance/references/SGB_genome_fastas_part4/6367/ZeeviD_2015__PNP_Main_474__bin.34.fa	/home/jshaw/scratch/2022_sketched_distance/references/SGB_genome_fastas_part4/6367/ZeeviD_2015__PNP_Main_576__bin.55.fa	/home/jshaw/scratch/2022_sketched_distance/references/SGB_genome_fastas_part4/6367/ZeeviD_2015__PNP_Main_690__bin.5.fa	/home/jshaw/scratch/2022_sketched_distance/references/SGB_genome_fastas_part4/6367/ZeeviD_2015__PNP_Main_754__bin.10.fa
1.0	0.9686845259384994	0.9487103157367321	0.9602757368874397	0.9681643902409676	0.9661155557281428	0.9677914605638862	0.9666054869210501	0.9496944387943977	0.9680303649992329	0.9637492737369707	0.964723467446745	0.9673382217047696	0.9655591079070633	0.9716372455611868	0.9724230651764482	0.9570240208990505	0.9683644849129246	0.9730916395557662	0.9639497846869983	0.9698087848685135	0.9581703414033697	0.9512592265362421	0.9673127751960939	0.957292435153817	0.9677974251298165	0.9697361128710617	0.9645491258438659	0.9682755919774798	0.9594728242388084	0.9727270479663537	0.9542579335850957	0.9642678943259314	0.9675264227543938	0.9725309952474109	0.9680835194358977	0.9708532016007553	0.9666436554096693	0.9728874231322348	0.9604151386845893	0.967414971383476
0.9686845259384994	1.0	0.9643272237309748	0.9746489363844892	0.9818176381697764	0.979905770581046	0.9804763805798421	0.9876840489266632	0.9603028405219853	0.9804281336677101	0.9726414717067353	0.9774383498351141	0.9803908383207578	0.987412727282268	0.9792956765562829	0.981165514692353	0.9669236713834918	0.9763283554096597	0.9805758689008102	0.9722135721103904	0.9784485506260255	0.9722844361504291	0.9693923440626235	0.9721925758658109	0.9685150973633261	0.9809006914872983	0.9783823297503214	0.9868520317130408	0.9811220001918352	0.9679759961802005	0.9811895222125395	0.9704845055216887	0.9816698268436841	0.9900109289843577	0.9805140960558357	0.9814852336911272	0.9806625113208566	0.9796671514241355	0.980798529072163	0.9746432192951964	0.9880354522096259
0.9487103157367321	0.9643272237309748	1.0	0.9655884659854872	0.9639351905804473	0.9603531923453442	0.966055822095658	0.9640487743922436	0.953011475458758	0.9638186794559482	0.9545883630052242	0.9583753766452802	0.9651446607986465	0.9630631083035729	0.9603549869021057	0.9619947526141653	0.9588892077811988	0.9577214463374354	0.962447139137694	0.9536942370022212	0.9606387436117351	0.9652000776606845	0.9597433251683158	0.9539541563695287	0.9593721669719562	0.9650579815771898	0.9612223468923772	0.9609509873620259	0.9643442777652201	0.948979568558954	0.9629980058862462	0.9635180859672016	0.9666985571205846	0.9646611646607309	0.9617208340959175	0.961807556646355	0.9628106229080208	0.9607456743669345	0.9623385071394618	0.9665734717363053	0.9645301209670845
0.9602757368874397	0.9746489363844892	0.9655884659854872	1.0	0.9744441003398332	0.9706760389447243	0.9725820494344891	0.9739497437797905	0.9677664861235873	0.9723019720601713	0.9651029849667531	0.968210078229808	0.9724695968402756	0.9734723381242015	0.9735119072320411	0.9751368876007469	0.9776048143462404	0.9700115127912287	0.9742334179167684	0.965158034947711	0.9725656223582115	0.9829035321866864	0.9799678600702374	0.9665718014009191	0.9775093092269306	0.973414536218481	0.9721836082095537	0.9713451268466596	0.9736464385017173	0.9610176345579008	0.9736945500111593	0.9802170293526509	0.9801258439904986	0.9747446665864162	0.9749934764454052	0.9729643629059808	0.9741479305357209	0.9722211432202419	0.9747970041967763	0.9847844984471912	0.9739337024487791
0.9681643902409676	0.9818176381697764	0.9639351905804473	0.9744441003398332	1.0	0.9801412230808186	0.982811623762138	0.9828877381423915	0.9606559645544398	0.9824412525431511	0.9746338373404465	0.9781595577511624	0.9827902974518052	0.982049409507386	0.981946419887075	0.983981169915972	0.9679819526952053	0.9783309542839235	0.9835702623935755	0.9733254421963398	0.9806877683350396	0.9715182050331843	0.969596622211047	0.9760774487109025	0.9686592708601731	0.9846313655526246	0.980370795305933	0.980421588779854	0.9855575032862552	0.9683587695648719	0.9837470546293797	0.970749149752296	0.9782801562683586	0.9833604979042331	0.9832680934308592	0.9825008514197996	0.9830828964870487	0.9855356940371925	0.9834440468008988	0.975381123878635	0.981316839156475
0.9661155557281428	0.979905770581046	0.9603531923453442	0.9706760389447243	0.9801412230808186	1.0	0.978017514619232	0.9795691128734519	0.9570569495107155	0.9808188359936426	0.9715222576345517	0.995913625046045	0.9778434411681418	0.9789127394462996	0.9778399697235974	0.9799031049477066	0.9655725896617012	0.9744716135943275	0.9783033901424711	0.9711062393420832	0.9762570793358283	0.9685912983068345	0.96476479085267	0.9725090127652478	0.96681670071212	0.9821625808585176	0.9759806711767497	0.9776529996071469	0.9792813531682687	0.9669677549521966	0.9790447515856222	0.9671901919594968	0.9764111826728192	0.9814180794200447	0.9786362276694179	0.9786783619823882	0.9785704128961036	0.9776335577539366	0.9790148885227647	0.9707826499811306	0.9795911751865434
0.9677914605638862	0.9804763805798421	0.966055822095658	0.9725820494344891	0.982811623762138	0.978017514619232	1.0	0.9808134158448641	0.9580368182835197	0.9816637245427415	0.9741272860217735	0.9761529963049808	0.9974408019372585	0.9801117365680876	0.9809047934837974	0.9824007845807965	0.9654362706192376	0.9769145481262798	0.9816002910605292	0.9727446855999722	0.9804125647956241	0.96937665657754	0.9671882826752033	0.9747357955457457	0.9667088826648328	0.9833736025598709	0.9791028872695094	0.978064010249446	0.9829141134436574	0.9680427376423186	0.9817021159575292	0.9683382594672678	0.9779277963588159	0.9818185117502481	0.9816972116594187	0.9831176788709978	0.9824116133943472	0.9792008831729212	0.9810844483712647	0.9721456091548036	0.980681084049865
0.9666054869210501	0.9876840489266632	0.9640487743922436	0.9739497437797905	0.9828877381423915	0.9795691128734519	0.9808134158448641	1.0	0.9600180478708177	0.9786100421299061	0.9723685427378105	0.9771728759114404	0.9802336955499346	0.9980578278999046	0.9792184358690547	0.980827224568522	0.9671763150042206	0.9758053750519223	0.9798819432588226	0.972070254418044	0.9780784832651732	0.971899114886069	0.9698022686398133	0.9742874401814333	0.9689682122446187	0.9814057909609635	0.9778373036375476	0.9853627378927636	0.9808299543708064	0.9664827400171927	0.9807711971336355	0.9707882216172341	0.9809334093567058	0.989288676155596	0.9799404704756806	0.9802838846010153	0.9804270800646239	0.9798748588798685	0.9812978003175872	0.9752300343086447	0.9866940555073748
0.9496944387943977	0.9603028405219853	0.953011475458758	0.9677664861235873	0.9606559645544398	0.9570569495107155	0.9580368182835197	0.9600180478708177	1.0	0.9581487847908922	0.9528936003617334	0.9563763619580018	0.9572196509697705	0.9591319967699589	0.9567703991152814	0.9596742468934002	0.963457348348126	0.9569128199197438	0.9601510713498885	0.9505107035708519	0.9570383001354239	0.9666649194432574	0.9623221305739994	0.9520102657329869	0.9653460377629417	0.9587673301524641	0.9569017392882571	0.9578781740770325	0.9593801191275304	0.9455818064299487	0.9590435190489826	0.9657084795407588	0.9650640431374901	0.9611068654347266	0.9583439566333166	0.9579571107013033	0.9583666137699393	0.9574227161746707	0.9585522022695431	0.9701424383912535	0.9597291055417343
0.9680303649992329	0.9804281336677101	0.9638186794559482	0.9723019720601713	0.9824412525431511	0.9808188359936426	0.9816637245427415	0.9786100421299061	0.9581487847908922	1.0	0.9722629928557489	0.9777214571130298	0.9820437302545517	0.9780361010552595	0.9800022539394911	0.9817087593939382	0.9649220350952338	0.9769330275293698	0.9805780896912759	0.9709317892155123	0.9791812975565991	0.9696553364150967	0.9671520640548287	0.9723840439229003	0.9673679545347836	0.9965703434856197	0.9780420513219573	0.9764135283318545	0.9830101404940645	0.9676138330476944	0.980751976534263	0.9690869178106707	0.9762068507415934	0.9798401768707823	0.9807483559902339	0.9807874372029054	0.9809292264925447	0.9796204836782508	0.9810947959777897	0.9726677088193133	0.9793116364081146
0.9637492737369707	0.9726414717067353	0.9545883630052242	0.9651029849667531	0.9746338373404465	0.9715222576345517	0.9741272860217735	0.9723685427378105	0.9528936003617334	0.9722629928557489	1.0	0.9709211118078849	0.9731760462996892	0.9712306795913015	0.9732424616702307	0.9740816687017796	0.9596940574229594	0.9707780234834753	0.9743164889557006	0.967665529283197	0.9725840762764806	0.9615904336388957	0.9577639227541184	0.9715059468466398	0.9631679130032714	0.9735577801478401	0.9714935615255413	0.9722679558993305	0.9744087189052812	0.963714230372483	0.973419023836321	0.9588285434879545	0.972436609315516	0.9739137774541993	0.9730640364984918	0.9718540705423662	0.9745063921926215	0.9722259998000675	0.974714625031694	0.964792879116192	0.9728412946332458
0.964723467446745	0.9774383498351141	0.9583753766452802	0.968210078229808	0.9781595577511624	0.995913625046045	0.9761529963049808	0.9771728759114404	0.9563763619580018	0.9777214571130298	0.9709211118078849	1.0	0.975335446902225	0.9762587840835093	0.9750642307325523	0.9769183323872938	0.9639113543975162	0.9724202061127745	0.9759324335578029	0.9689235434110918	0.9738665862954663	0.9663389033869332	0.9624656024125559	0.9713381803132707	0.9661912878246718	0.9791274727846744	0.9730748530370084	0.9773428918473624	0.9764363568634705	0.9658272725509927	0.9758311931173329	0.9650520556245228	0.9748008446889107	0.9789492256710247	0.9756780141288387	0.9757862079955565	0.9760605021939803	0.9752687811579016	0.9763336883361596	0.9683009092889644	0.9771685406654944
0.9673382217047696	0.9803908383207578	0.9651446607986465	0.9724695968402756	0.9827902974518052	0.9778434411681418	0.9974408019372585	0.9802336955499346	0.9572196509697705	0.9820437302545517	0.9731760462996892	0.975335446902225	1.0	0.9797632169771501	0.981191917468658	0.9825392160365235	0.9641277139829246	0.9771595303094989	0.9819905618192014	0.9728293157791865	0.9800200841692912	0.969222032464966	0.9672260325054419	0.9739187373473529	0.9656645306590037	0.9839235049963095	0.9795824654420769	0.9771471251388573	0.9833047087888953	0.9676877370560695	0.9823790644702258	0.9677790757161446	0.9769245745573197	0.9816455550450217	0.9821565350748654	0.9832243129362892	0.9825855934641874	0.9788135905524591	0.9816466105277396	0.9714524213947912	0.9803931488479181
0.9655591079070633	0.987412727282268	0.9630631083035729	0.9734723381242015	0.982049409507386	0.9789127394462996	0.9801117365680876	0.9980578278999046	0.9591319967699589	0.9780361010552595	0.9712306795913015	0.9762587840835093	0.9797632169771501	1.0	0.9786436300250387	0.9803715535053454	0.9663871861954327	0.975156834624863	0.9791149095522479	0.9714052738339263	0.977582957422127	0.9711053358448033	0.9688556430954538	0.9731660794913134	0.9677625240165028	0.9805027549319147	0.9770621612019288	0.9848687247557764	0.9799105906471639	0.9662104068192094	0.9800347725438577	0.9701645627925608	0.9800814208101375	0.988687532636729	0.9795014165595262	0.9794034855886121	0.9798966147664764	0.978812751599215	0.9806407426242942	0.9745956199884338	0.9858620018878709
0.9716372455611868	0.9792956765562829	0.9603549869021057	0.9735119072320411	0.981946419887075	0.9778399697235974	0.9809047934837974	0.9792184358690547	0.9567703991152814	0.9800022539394911	0.9732424616702307	0.9750642307325523	0.981191917468658	0.9786436300250387	1.0	0.9942665563349052	0.967664806355292	0.9831515612160613	0.9856998245344338	0.9816124154734287	0.9837015015748791	0.9715668960651476	0.9684178894132801	0.9794736424692613	0.9669198284915943	0.9814906982034448	0.985299364124233	0.977244820592895	0.9821587790611023	0.9731177972272902	0.9872729563138124	0.9682613280421816	0.9767841510717031	0.9812062751843733	0.9893855702836233	0.9823708050734579	0.9851024676792701	0.979620906805649	0.9869388996209588	0.9717063289722643	0.9791621744271135
0.9724230651764482	0.981165514692353	0.9619947526141653	0.9751368876007469	0.983981169915972	0.9799031049477066	0.9824007845807965	0.980827224568522	0.9596742468934002	0.9817087593939382	0.9740816687017796	0.9769183323872938	0.9825392160365235	0.9803715535053454	0.9942665563349052	1.0	0.9674452543846345	0.9848800125846779	0.9891184510020357	0.9820028368403402	0.9851212206192637	0.9718276384130424	0.9681558173498525	0.9807053697619728	0.9682265489342418	0.9834440468008988	0.9860682506219267	0.9790292769213815	0.9845604385814545	0.9752494687283081	0.9884628278405709	0.9705518110774207	0.9788368196947529	0.9832057326539427	0.9898446923925577	0.9852309947419444	0.9868755665781015	0.9809987435035146	0.9884233573233119	0.975125438490857	0.9817964608552169
0.9570240208990505	0.9669236713834918	0.9588892077811988	0.9776048143462404	0.9679819526952053	0.9655725896617012	0.9654362706192376	0.9671763150042206	0.963457348348126	0.9649220350952338	0.9596940574229594	0.9639113543975162	0.9641277139829246	0.9663871861954327	0.967664806355292	0.9674452543846345	1.0	0.9633990983158591	0.966782137969569	0.9588599479445309	0.9662630952078513	0.9872124140213644	0.9735594386676805	0.9617008670513189	0.9762980445494633	0.966205192825704	0.9663912364005871	0.9651267890502317	0.9670416684455206	0.9569997169468287	0.9661358562206881	0.9753819931336212	0.9741295823057363	0.9682752416576537	0.9686081216794377	0.9651023000921835	0.9652507742343579	0.9664508141992034	0.9665934213505726	0.9796518516620988	0.9674308928198191
0.9683644849129246	0.9763283554096597	0.9577214463374354	0.9700115127912287	0.9783309542839235	0.9744716135943275	0.9769145481262798	0.9758053750519223	0.9569128199197438	0.9769330275293698	0.9707780234834753	0.9724202061127745	0.9771595303094989	0.975156834624863	0.9831515612160613	0.9848800125846779	0.9633990983158591	1.0	0.9842410119649823	0.9781407969462096	0.9787036212561856	0.9671759745053504	0.9630308670122963	0.9751658383651194	0.9648710670715239	0.9777374470101045	0.9805937003711724	0.9739659375518307	0.9785405890164237	0.9782985426300306	0.9831654646877914	0.9659749379040116	0.9740360026997847	0.9778368333938969	0.982954020615687	0.9779673030727564	0.9808180423284419	0.9759537623117128	0.9887312415312389	0.9699603818949594	0.9756607233057434
0.9730916395557662	0.9805758689008102	0.962447139137694	0.9742334179167684	0.9835702623935755	0.9783033901424711	0.9816002910605292	0.9798819432588226	0.9601510713498885	0.9805780896912759	0.9743164889557006	0.9759324335578029	0.9819905618192014	0.9791149095522479	0.9856998245344338	0.9891184510020357	0.966782137969569	0.9842410119649823	1.0	0.9783663487528649	0.9838067158609639	0.9715397655575142	0.9675199500243508	0.9789783768336396	0.9680719395492662	0.9821098413070289	0.9841584610404305	0.9780739302967412	0.9829406242459046	0.9736872887677702	0.9907449021038459	0.9687560767101928	0.978094397501252	0.9818609595954086	0.9867366347548625	0.9838452342930601	0.9855210088937346	0.9801532400612939	0.9883228859315711	0.9733208231562043	0.9805392666209116
0.9639497846869983	0.9722135721103904	0.9536942370022212	0.965158034947711	0.9733254421963398	0.9711062393420832	0.9727446855999722	0.972070254418044	0.9505107035708519	0.9709317892155123	0.967665529283197	0.9689235434110918	0.9728293157791865	0.9714052738339263	0.9816124154734287	0.9820028368403402	0.9588599479445309	0.9781407969462096	0.9783663487528649	1.0	0.9742449832981708	0.9623159729775677	0.9587350698014288	0.9725784750076337	0.9598664060677465	0.9732178481675	0.9756023330001753	0.9687629898600495	0.9738977230214215	0.9699929228803194	0.9798791911866027	0.959813337127241	0.9707142353590285	0.9741375184426239	0.9780998760172357	0.9735287990205164	0.9767822142530085	0.9713063504089188	0.9811424291311432	0.9650190563520117	0.9726199567625816
0.9698087848685135	0.9784485506260255	0.9606387436117351	0.9725656223582115	0.9806877683350396	0.9762570793358283	0.9804125647956241	0.9780784832651732	0.9570383001354239	0.9791812975565991	0.9725840762764806	0.9738665862954663	0.9800200841692912	0.977582957422127	0.9837015015748791	0.9851212206192637	0.9662630952078513	0.9787036212561856	0.9838067158609639	0.9742449832981708	1.0	0.969534658812929	0.9658981159758905	0.9762359413664453	0.9664300556679786	0.9806371477024924	0.984941023712662	0.9764429894144904	0.983441508435086	0.972053981942506	0.9842303561759165	0.9685047558072277	0.9753971852342621	0.9791154481793926	0.9845384947022932	0.9799080542173115	0.9819909704534353	0.9776090046737972	0.9840720712946984	0.9719265233663745	0.9781820224044012
0.9581703414033697	0.9722844361504291	0.9652000776606845	0.9829035321866864	0.9715182050331843	0.9685912983068345	0.96937665657754	0.971899114886069	0.9666649194432574	0.9696553364150967	0.9615904336388957	0.9663389033869332	0.969222032464966	0.9711053358448033	0.9715668960651476	0.9718276384130424	0.9872124140213644	0.9671759745053504	0.9715397655575142	0.9623159729775677	0.969534658812929	1.0	0.9786899681166155	0.9646016741507463	0.9769380755059069	0.9711234681359718	0.9715660911387772	0.9692665191112491	0.9715686911278112	0.9610976176201573	0.9711641548629767	0.9801661119142856	0.977609079716185	0.9729484063577751	0.9731658466889981	0.9711084288654848	0.9711750358763709	0.9708299249686337	0.9713866800714298	0.9846223533187156	0.9721900853648534
0.9512592265362421	0.9693923440626235	0.9597433251683158	0.9799678600702374	0.969596622211047	0.96476479085267	0.9671882826752033	0.9698022686398133	0.9623221305739994	0.9671520640548287	0.9577639227541184	0.9624656024125559	0.9672260325054419	0.9688556430954538	0.9684178894132801	0.9681558173498525	0.9735594386676805	0.9630308670122963	0.9675199500243508	0.9587350698014288	0.9658981159758905	0.9786899681166155	1.0	0.9582175493681454	0.9753163770995629	0.9677565634079035	0.9652716910980659	0.9675322909451403	0.9680460813631072	0.9529323123479532	0.9684999100714085	0.97824187627686	0.9763888249083141	0.9698051236903599	0.9679752512470519	0.9672097652593057	0.9679630996722501	0.9668577109704392	0.9676644624093249	0.9822541559787795	0.9693160217147567
0.9673127751960939	0.9721925758658109	0.9539541563695287	0.9665718014009191	0.9760774487109025	0.9725090127652478	0.9747357955457457	0.9742874401814333	0.9520102657329869	0.9723840439229003	0.9715059468466398	0.9713381803132707	0.9739187373473529	0.9731660794913134	0.9794736424692613	0.9807053697619728	0.9617008670513189	0.9751658383651194	0.9789783768336396	0.9725784750076337	0.9762359413664453	0.9646016741507463	0.9582175493681454	1.0	0.963755260387011	0.9748186204550938	0.9753424253976128	0.9742545263903711	0.9752302565040174	0.9702419037543366	0.9793112860635468	0.9608566618228166	0.9716832837005622	0.9749739691768149	0.979824382250371	0.9742396073095098	0.9779021597479644	0.9734147719161823	0.9805920354176726	0.966087880742522	0.9720015970578004
0.957292435153817	0.9685150973633261	0.9593721669719562	0.9775093092269306	0.9686592708601731	0.96681670071212	0.9667088826648328	0.9689682122446187	0.9653460377629417	0.9673679545347836	0.9631679130032714	0.9661912878246718	0.9656645306590037	0.9677625240165028	0.9669198284915943	0.9682265489342418	0.9762980445494633	0.9648710670715239	0.9680719395492662	0.9598664060677465	0.9664300556679786	0.9769380755059069	0.9753163770995629	0.963755260387011	1.0	0.9683061645232305	0.9653042461236107	0.9677087254461679	0.9688957792961609	0.9570957990282511	0.9676217530157736	0.9796121782334096	0.9759623235692219	0.9705779778528518	0.9670897167074459	0.9672231585779859	0.9675586644670413	0.9668001099105025	0.9671945293912193	0.9853646736932494	0.9687713830045402
0.9677974251298165	0.9809006914872983	0.9650579815771898	0.973414536218481	0.9846313655526246	0.9821625808585176	0.9833736025598709	0.9814057909609635	0.9587673301524641	0.9965703434856197	0.9735577801478401	0.9791274727846744	0.9839235049963095	0.9805027549319147	0.9814906982034448	0.9834440468008988	0.966205192825704	0.9777374470101045	0.9821098413070289	0.9732178481675	0.9806371477024924	0.9711234681359718	0.9677565634079035	0.9748186204550938	0.9683061645232305	1.0	0.9801429117128398	0.9780629017428302	0.9849782551997993	0.9684862729460852	0.9826586655869655	0.9701405988320534	0.9772978481609008	0.9815617315854053	0.9824302295765561	0.9822572059420545	0.9830544822821488	0.9820050393551161	0.9834851581012348	0.9741960439561518	0.9808260662903394
0.9697361128710617	0.9783823297503214	0.9612223468923772	0.9721836082095537	0.980370795305933	0.9759806711767497	0.9791028872695094	0.9778373036375476	0.9569017392882571	0.9780420513219573	0.9714935615255413	0.9730748530370084	0.9795824654420769	0.9770621612019288	0.985299364124233	0.9860682506219267	0.9663912364005871	0.9805937003711724	0.9841584610404305	0.9756023330001753	0.984941023712662	0.9715660911387772	0.9652716910980659	0.9753424253976128	0.9653042461236107	0.9801429117128398	1.0	0.9753103668616351	0.9808970659474131	0.9701772789946136	0.9849588882138106	0.9669627685517705	0.9752730164670332	0.9795747477187862	0.9869461354188008	0.9803092235140732	0.9832280018029766	0.9781201248248913	0.9851903581634798	0.9722065873506137	0.9782563920223376
0.9645491258438659	0.9868520317130408	0.9609509873620259	0.9713451268466596	0.980421588779854	0.9776529996071469	0.978064010249446	0.9853627378927636	0.9578781740770325	0.9764135283318545	0.9722679558993305	0.9773428918473624	0.9771471251388573	0.9848687247557764	0.977244820592895	0.9790292769213815	0.9651267890502317	0.9739659375518307	0.9780739302967412	0.9687629898600495	0.9764429894144904	0.9692665191112491	0.9675322909451403	0.9742545263903711	0.9677087254461679	0.9780629017428302	0.9753103668616351	1.0	0.9779856021260012	0.9679597221133727	0.9783831039485518	0.9671300346100747	0.9806423959050804	0.9875363408505319	0.9779878951389204	0.9782402460905285	0.978112549616097	0.9774345540295252	0.9776651031394932	0.971326410136568	0.9851829349857482
0.9682755919774798	0.9811220001918352	0.9643442777652201	0.9736464385017173	0.9855575032862552	0.9792813531682687	0.9829141134436574	0.9808299543708064	0.9593801191275304	0.9830101404940645	0.9744087189052812	0.9764363568634705	0.9833047087888953	0.9799105906471639	0.9821587790611023	0.9845604385814545	0.9670416684455206	0.9785405890164237	0.9829406242459046	0.9738977230214215	0.983441508435086	0.9715686911278112	0.9680460813631072	0.9752302565040174	0.9688957792961609	0.9849782551997993	0.9808970659474131	0.9779856021260012	1.0	0.9682765452492417	0.9840261793740828	0.9698973056167068	0.9781529682099572	0.9821477152786516	0.9832127866162857	0.9821459045371999	0.9833179184233345	0.982324498597849	0.9840446652633775	0.9740764021960151	0.9814348930118278
0.9594728242388084	0.9679759961802005	0.948979568558954	0.9610176345579008	0.9683587695648719	0.9669677549521966	0.9680427376423186	0.9664827400171927	0.9455818064299487	0.9676138330476944	0.963714230372483	0.9658272725509927	0.9676877370560695	0.9662104068192094	0.9731177972272902	0.9752494687283081	0.9569997169468287	0.9782985426300306	0.9736872887677702	0.9699929228803194	0.972053981942506	0.9610976176201573	0.9529323123479532	0.9702419037543366	0.9570957990282511	0.9684862729460852	0.9701772789946136	0.9679597221133727	0.9682765452492417	1.0	0.9739230926682956	0.9576225420983537	0.969113758276497	0.9687811443564003	0.9728763117632895	0.9689558684249882	0.9709286063423355	0.9676939205268917	0.9791781811363458	0.9609952169301972	0.9671947107966333
0.9727270479663537	0.9811895222125395	0.9629980058862462	0.9736945500111593	0.9837470546293797	0.9790447515856222	0.9817021159575292	0.9807711971336355	0.9590435190489826	0.980751976534263	0.973419023836321	0.9758311931173329	0.9823790644702258	0.9800347725438577	0.9872729563138124	0.9884628278405709	0.9661358562206881	0.9831654646877914	0.9907449021038459	0.9798791911866027	0.9842303561759165	0.9711641548629767	0.9684999100714085	0.9793112860635468	0.9676217530157736	0.9826586655869655	0.9849588882138106	0.9783831039485518	0.9840261793740828	0.9739230926682956	1.0	0.9698122000694183	0.9784162604041389	0.9830374865816669	0.9867788287181612	0.9819726808083362	0.9865598313923398	0.980217473011423	0.9901696931697587	0.9741324955950561	0.9811565875542186
0.9542579335850957	0.9704845055216887	0.9635180859672016	0.9802170293526509	0.970749149752296	0.9671901919594968	0.9683382594672678	0.9707882216172341	0.9657084795407588	0.9690869178106707	0.9588285434879545	0.9650520556245228	0.9677790757161446	0.9701645627925608	0.9682613280421816	0.9705518110774207	0.9753819931336212	0.9659749379040116	0.9687560767101928	0.959813337127241	0.9685047558072277	0.9801661119142856	0.97824187627686	0.9608566618228166	0.9796121782334096	0.9701405988320534	0.9669627685517705	0.9671300346100747	0.9698973056167068	0.9576225420983537	0.9698122000694183	1.0	0.9758204057122699	0.9715194657668424	0.9697708743065142	0.9682170656417031	0.9697134527021006	0.9679778350044821	0.9696266763302602	0.989221527722959	0.9704825237100385
0.9642678943259314	0.9816698268436841	0.9666985571205846	0.9801258439904986	0.9782801562683586	0.9764111826728192	0.9779277963588159	0.9809334093567058	0.9650640431374901	0.9762068507415934	0.972436609315516	0.9748008446889107	0.9769245745573197	0.9800814208101375	0.9767841510717031	0.9788368196947529	0.9741295823057363	0.9740360026997847	0.978094397501252	0.9707142353590285	0.9753971852342621	0.977609079716185	0.9763888249083141	0.9716832837005622	0.9759623235692219	0.9772978481609008	0.9752730164670332	0.9806423959050804	0.9781529682099572	0.969113758276497	0.9784162604041389	0.9758204057122699	1.0	0.9827536148434326	0.9773793443412682	0.9766206653856984	0.9782378782248049	0.9774281286697925	0.978488376388735	0.979852147684842	0.9813002215204952
0.9675264227543938	0.9900109289843577	0.9646611646607309	0.9747446665864162	0.9833604979042331	0.9814180794200447	0.9818185117502481	0.989288676155596	0.9611068654347266	0.9798401768707823	0.9739137774541993	0.9789492256710247	0.9816455550450217	0.988687532636729	0.9812062751843733	0.9832057326539427	0.9682752416576537	0.9778368333938969	0.9818609595954086	0.9741375184426239	0.9791154481793926	0.9729484063577751	0.9698051236903599	0.9749739691768149	0.9705779778528518	0.9815617315854053	0.9795747477187862	0.9875363408505319	0.9821477152786516	0.9687811443564003	0.9830374865816669	0.9715194657668424	0.9827536148434326	1.0	0.9819213806677937	0.9816339536022006	0.9825724542462062	0.9802067936253022	0.9822306219132654	0.9756895837656533	0.9896517161388674
0.9725309952474109	0.9805140960558357	0.9617208340959175	0.9749934764454052	0.9832680934308592	0.9786362276694179	0.9816972116594187	0.9799404704756806	0.9583439566333166	0.9807483559902339	0.9730640364984918	0.9756780141288387	0.9821565350748654	0.9795014165595262	0.9893855702836233	0.9898446923925577	0.9686081216794377	0.982954020615687	0.9867366347548625	0.9780998760172357	0.9845384947022932	0.9731658466889981	0.9679752512470519	0.979824382250371	0.9670897167074459	0.9824302295765561	0.9869461354188008	0.9779878951389204	0.9832127866162857	0.9728763117632895	0.9867788287181612	0.9697708743065142	0.9773793443412682	0.9819213806677937	1.0	0.9828068586138997	0.988150344223209	0.9813540434470024	0.9882032264947082	0.9735614212822554	0.9804368289498616
0.9680835194358977	0.9814852336911272	0.961807556646355	0.9729643629059808	0.9825008514197996	0.9786783619823882	0.9831176788709978	0.9802838846010153	0.9579571107013033	0.9807874372029054	0.9718540705423662	0.9757862079955565	0.9832243129362892	0.9794034855886121	0.9823708050734579	0.9852309947419444	0.9651023000921835	0.9779673030727564	0.9838452342930601	0.9735287990205164	0.9799080542173115	0.9711084288654848	0.9672097652593057	0.9742396073095098	0.9672231585779859	0.9822572059420545	0.9803092235140732	0.9782402460905285	0.9821459045371999	0.9689558684249882	0.9819726808083362	0.9682170656417031	0.9766206653856984	0.9816339536022006	0.9828068586138997	1.0	0.9822939436955743	0.9797159289895754	0.981598256973164	0.9727844772235961	0.9807582471438654
0.9708532016007553	0.9806625113208566	0.9628106229080208	0.9741479305357209	0.9830828964870487	0.9785704128961036	0.9824116133943472	0.9804270800646239	0.9583666137699393	0.9809292264925447	0.9745063921926215	0.9760605021939803	0.9825855934641874	0.9798966147664764	0.9851024676792701	0.9868755665781015	0.9652507742343579	0.9808180423284419	0.9855210088937346	0.9767822142530085	0.9819909704534353	0.9711750358763709	0.9679630996722501	0.9779021597479644	0.9675586644670413	0.9830544822821488	0.9832280018029766	0.978112549616097	0.9833179184233345	0.9709286063423355	0.9865598313923398	0.9697134527021006	0.9782378782248049	0.9825724542462062	0.988150344223209	0.9822939436955743	1.0	0.9801144725837078	0.9864317329107724	0.9741483219893163	0.9811433087173679
0.9666436554096693	0.9796671514241355	0.9607456743669345	0.9722211432202419	0.9855356940371925	0.9776335577539366	0.9792008831729212	0.9798748588798685	0.9574227161746707	0.9796204836782508	0.9722259998000675	0.9752687811579016	0.9788135905524591	0.978812751599215	0.979620906805649	0.9809987435035146	0.9664508141992034	0.9759537623117128	0.9801532400612939	0.9713063504089188	0.9776090046737972	0.9708299249686337	0.9668577109704392	0.9734147719161823	0.9668001099105025	0.9820050393551161	0.9781201248248913	0.9774345540295252	0.982324498597849	0.9676939205268917	0.980217473011423	0.9679778350044821	0.9774281286697925	0.9802067936253022	0.9813540434470024	0.9797159289895754	0.9801144725837078	1.0	0.9808169328105178	0.9730036579546572	0.9794417473402449
0.9728874231322348	0.980798529072163	0.9623385071394618	0.9747970041967763	0.9834440468008988	0.9790148885227647	0.9810844483712647	0.9812978003175872	0.9585522022695431	0.9810947959777897	0.974714625031694	0.9763336883361596	0.9816466105277396	0.9806407426242942	0.9869388996209588	0.9884233573233119	0.9665934213505726	0.9887312415312389	0.9883228859315711	0.9811424291311432	0.9840720712946984	0.9713866800714298	0.9676644624093249	0.9805920354176726	0.9671945293912193	0.9834851581012348	0.9851903581634798	0.9776651031394932	0.9840446652633775	0.9791781811363458	0.9901696931697587	0.9696266763302602	0.978488376388735	0.9822306219132654	0.9882032264947082	0.981598256973164	0.9864317329107724	0.9808169328105178	1.0	0.9742746608584285	0.9803248912234559
0.9604151386845893	0.9746432192951964	0.9665734717363053	0.9847844984471912	0.975381123878635	0.9707826499811306	0.9721456091548036	0.9752300343086447	0.9701424383912535	0.9726677088193133	0.964792879116192	0.9683009092889644	0.9714524213947912	0.9745956199884338	0.9717063289722643	0.975125438490857	0.9796518516620988	0.9699603818949594	0.9733208231562043	0.9650190563520117	0.9719265233663745	0.9846223533187156	0.9822541559787795	0.966087880742522	0.9853646736932494	0.9741960439561518	0.9722065873506137	0.971326410136568	0.9740764021960151	0.9609952169301972	0.9741324955950561	0.989221527722959	0.979852147684842	0.9756895837656533	0.9735614212822554	0.9727844772235961	0.9741483219893163	0.9730036579546572	0.9742746608584285	1.0	0.9749942813461331
0.967414971383476	0.9880354522096259	0.9645301209670845	0.9739337024487791	0.981316839156475	0.9795911751865434	0.980681084049865	0.9866940555073748	0.9597291055417343	0.9793116364081146	0.9728412946332458	0.9771685406654944	0.9803931488479181	0.9858620018878709	0.9791621744271135	0.9817964608552169	0.9674308928198191	0.9756607233057434	0.9805392666209116	0.9726199567625816	0.9781820224044012	0.9721900853648534	0.9693160217147567	0.9720015970578004	0.9687713830045402	0.9808260662903394	0.9782563920223376	0.9851829349857482	0.9814348930118278	0.9671947107966333	0.9811565875542186	0.9704825237100385	0.9813002215204952	0.9896517161388674	0.9804368289498616	0.9807582471438654	0.9811433087173679	0.9794417473402449	0.9803248912234559	0.9749942813461331	1.0
