/home/jshaw/scratch/2022_sketched_distance/references/SGB_genome_fastas_part5/17234/BackhedF_2015__SID103_B__bin.7.fa	/home/jshaw/scratch/2022_sketched_distance/references/SGB_genome_fastas_part5/17234/BackhedF_2015__SID12_4M__bin.1.fa	/home/jshaw/scratch/2022_sketched_distance/references/SGB_genome_fastas_part5/17234/BackhedF_2015__SID12_B__bin.5.fa	/home/jshaw/scratch/2022_sketched_distance/references/SGB_genome_fastas_part5/17234/BackhedF_2015__SID241_4M__bin.11.fa	/home/jshaw/scratch/2022_sketched_distance/references/SGB_genome_fastas_part5/17234/BackhedF_2015__SID532_4M__bin.3.fa	/home/jshaw/scratch/2022_sketched_distance/references/SGB_genome_fastas_part5/17234/BackhedF_2015__SID536_4M__bin.1.fa	/home/jshaw/scratch/2022_sketched_distance/references/SGB_genome_fastas_part5/17234/BackhedF_2015__SID546_4M__bin.20.fa	/home/jshaw/scratch/2022_sketched_distance/references/SGB_genome_fastas_part5/17234/BackhedF_2015__SID577_4M__bin.10.fa	/home/jshaw/scratch/2022_sketched_distance/references/SGB_genome_fastas_part5/17234/BackhedF_2015__SID582_4M__bin.1.fa	/home/jshaw/scratch/2022_sketched_distance/references/SGB_genome_fastas_part5/17234/BackhedF_2015__SID608_B__bin.7.fa	/home/jshaw/scratch/2022_sketched_distance/references/SGB_genome_fastas_part5/17234/CM_madagascar__A09_02_1FE__bin.29.fa	/home/jshaw/scratch/2022_sketched_distance/references/SGB_genome_fastas_part5/17234/CM_periimplantitis__SP_123SPT_T016__bin.1.fa	/home/jshaw/scratch/2022_sketched_distance/references/SGB_genome_fastas_part5/17234/FerrettiP_2018__CA_C10034IS2595FE_t4M15__bin.6.fa	/home/jshaw/scratch/2022_sketched_distance/references/SGB_genome_fastas_part5/17234/GeversD_2014__SKBSTL023__bin.4.fa	/home/jshaw/scratch/2022_sketched_distance/references/SGB_genome_fastas_part5/17234/HeQ_2017__RSZAXPI003095-129__bin.6.fa	/home/jshaw/scratch/2022_sketched_distance/references/SGB_genome_fastas_part5/17234/HeQ_2017__SZAXPI029473-40__bin.23.fa	/home/jshaw/scratch/2022_sketched_distance/references/SGB_genome_fastas_part5/17234/LiJ_2014__V1.CD7-0-PN__bin.21.fa	/home/jshaw/scratch/2022_sketched_distance/references/SGB_genome_fastas_part5/17234/LiuW_2016__SRR3993058__bin.16.fa	/home/jshaw/scratch/2022_sketched_distance/references/SGB_genome_fastas_part5/17234/LoombaR_2017__SID0017_mqf__bin.5.fa	/home/jshaw/scratch/2022_sketched_distance/references/SGB_genome_fastas_part5/17234/LoombaR_2017__SID1050_bax__bin.8.fa	/home/jshaw/scratch/2022_sketched_distance/references/SGB_genome_fastas_part5/17234/LoombaR_2017__SID5630_kod__bin.18.fa	/home/jshaw/scratch/2022_sketched_distance/references/SGB_genome_fastas_part5/17234/NielsenHB_2014__V1_UC14_1__bin.19.fa	/home/jshaw/scratch/2022_sketched_distance/references/SGB_genome_fastas_part5/17234/QinN_2014__LD-33__bin.41.fa	/home/jshaw/scratch/2022_sketched_distance/references/SGB_genome_fastas_part5/17234/QinN_2014__LD-38__bin.43.fa	/home/jshaw/scratch/2022_sketched_distance/references/SGB_genome_fastas_part5/17234/QinN_2014__LD-44__bin.14.fa	/home/jshaw/scratch/2022_sketched_distance/references/SGB_genome_fastas_part5/17234/QinN_2014__LD-45__bin.19.fa	/home/jshaw/scratch/2022_sketched_distance/references/SGB_genome_fastas_part5/17234/QinN_2014__LD-5__bin.1.fa	/home/jshaw/scratch/2022_sketched_distance/references/SGB_genome_fastas_part5/17234/QinN_2014__LD-61__bin.27.fa	/home/jshaw/scratch/2022_sketched_distance/references/SGB_genome_fastas_part5/17234/QinN_2014__LD-64__bin.31.fa	/home/jshaw/scratch/2022_sketched_distance/references/SGB_genome_fastas_part5/17234/QinN_2014__LD-85__bin.11.fa	/home/jshaw/scratch/2022_sketched_distance/references/SGB_genome_fastas_part5/17234/QinN_2014__LD-91__bin.15.fa	/home/jshaw/scratch/2022_sketched_distance/references/SGB_genome_fastas_part5/17234/VatanenT_2016__G69157__bin.8.fa	/home/jshaw/scratch/2022_sketched_distance/references/SGB_genome_fastas_part5/17234/VatanenT_2016__G78542__bin.1.fa	/home/jshaw/scratch/2022_sketched_distance/references/SGB_genome_fastas_part5/17234/VatanenT_2016__G78589__bin.3.fa	/home/jshaw/scratch/2022_sketched_distance/references/SGB_genome_fastas_part5/17234/VatanenT_2016__G78766__bin.2.fa	/home/jshaw/scratch/2022_sketched_distance/references/SGB_genome_fastas_part5/17234/VatanenT_2016__G78904__bin.6.fa	/home/jshaw/scratch/2022_sketched_distance/references/SGB_genome_fastas_part5/17234/VatanenT_2016__G80310__bin.4.fa	/home/jshaw/scratch/2022_sketched_distance/references/SGB_genome_fastas_part5/17234/VatanenT_2016__G80539__bin.15.fa	/home/jshaw/scratch/2022_sketched_distance/references/SGB_genome_fastas_part5/17234/VincentC_2016__MM019.2__bin.8.fa	/home/jshaw/scratch/2022_sketched_distance/references/SGB_genome_fastas_part5/17234/VincentC_2016__MM058.1__bin.43.fa	/home/jshaw/scratch/2022_sketched_distance/references/SGB_genome_fastas_part5/17234/VincentC_2016__MM098.1__bin.2.fa	/home/jshaw/scratch/2022_sketched_distance/references/SGB_genome_fastas_part5/17234/WenC_2017__N227__bin.3.fa	/home/jshaw/scratch/2022_sketched_distance/references/SGB_genome_fastas_part5/17234/WenC_2017__RA039__bin.8.fa	/home/jshaw/scratch/2022_sketched_distance/references/SGB_genome_fastas_part5/17234/XieH_2016__YSZC12003_37270__bin.57.fa
1.0	0.9935616594721695	0.9960311828405531	0.9935397523736904	0.9847043337670761	0.9867038990204473	0.9873396488136411	0.9957679381926058	0.9889773031861623	0.9822414339856296	0.9896689573054674	0.9901783440473727	0.9908691044040283	0.986757349948435	0.9901301683823247	0.9977219927640252	0.9908926679137957	0.9895465067141144	0.9908691044040283	0.9896200316009585	0.9882708259334615	0.9776072390039742	0.9909867542130876	0.9891018816456549	0.9869702893152207	0.9873219316404588	0.9898396281236775	0.9904181732891602	0.9898396281236775	0.9909867542130876	0.983188816188556	0.9841461514768403	0.9858641023364775	0.9904181732891602	0.9959706190878196	0.97980143248808	0.9875227855306349	0.9913139619568231	0.9890022565672728	0.9965713426080111	0.9866771409470352	0.9930358408280033	0.98527505249052	0.9823940185114753
0.9935616594721695	1.0	0.9966671917335977	0.9922376797370005	0.9821328705542891	0.9845361980873845	0.9853926662295074	0.998517708930503	0.9869340196051513	0.9852231504890371	0.987546726618255	0.989938693647265	0.9890934140313481	0.984938665122009	0.9890177798136123	0.9959381141059125	0.9891437406204484	0.9877047049286832	0.9895187615156483	0.9879402601458892	0.9859514832939088	0.9749607321418599	0.9899141391591617	0.987440984975998	0.9845939964007301	0.9893607427879326	0.9880703997290359	0.9885602934376099	0.9876258105352842	0.9892692220501449	0.9799578367059976	0.9820742253525543	0.9831477671504167	0.9883549096101664	0.9937590477368585	0.9768284842319096	0.9855893351954512	0.990158865729906	0.9865825919456791	0.9975760972670926	0.9850812158956679	0.9916369780437474	0.9820141490803594	0.9808737776226443
0.9960311828405531	0.9966671917335977	1.0	0.9900743288710844	0.9884461402439044	0.9867282033861113	0.9876185722007853	0.9972799625652492	0.9843903454588968	0.9851411562020373	0.9889176086303345	0.9876867293260467	0.9889418935588871	0.9869148112146919	0.9887226637247222	0.9953497810540345	0.989021253379375	0.9883777389473273	0.989179402214284	0.9888679211424524	0.985884248924707	0.9847204141562158	0.9884415180591887	0.9871667622631995	0.9862158742487938	0.9885023677042815	0.9882192452690429	0.9876247652297463	0.9879539009823939	0.9878124181265219	0.9877926183794676	0.988092537163919	0.9875936322808033	0.9880107109988766	0.996521792136543	0.9853012704612928	0.9883156179876202	0.9889815973496803	0.9870617757000962	0.9975491957516733	0.9873381016675533	0.9901701568072465	0.9895705731085404	0.9866306281522096
0.9935397523736904	0.9922376797370005	0.9900743288710844	1.0	0.9879369526431657	0.9854381559965077	0.9863964582822132	0.9930908902111899	0.9841975460547336	0.9858017389395616	0.989686633071755	0.9874614876970426	0.9879921957004908	0.9860858112258887	0.9877687085087978	0.9895927907225275	0.9883145844463012	0.9887030229555664	0.9877890883210894	0.9879966364629501	0.9854898774958339	0.9835103607233636	0.9884945511605743	0.9862884986159237	0.9864887950104249	0.9900396161301762	0.9880935840813347	0.9873171307805437	0.9875642135300722	0.9881609575576076	0.9874494329161578	0.9879166614222523	0.9877390022838435	0.9881775909863366	0.9929186241737333	0.9850042671655334	0.9884056183312627	0.9874409040036729	0.9856207093932019	0.9906627887141015	0.9877839869130505	0.9905995615178435	0.9898947064414194	0.9876025563118018
0.9847043337670761	0.9821328705542891	0.9884461402439044	0.9879369526431657	1.0	0.991805976363501	0.9911999717643801	0.9853826320836004	0.9873648519195904	0.9801738229375623	0.9865862439127109	0.9880986007045349	0.9937191571872548	0.98915644917891	0.993354435484949	0.9887900521442766	0.9937644662936954	0.9866143710169435	0.9933773486507683	0.9915164805265599	0.9879909235357366	0.9816785171968218	0.9931475002961703	0.9878558300906356	0.9903324451112414	0.9840763919167206	0.9921167623677447	0.9916856610634956	0.9889999202574636	0.992448220634736	0.9843464315582048	0.9923774729426834	0.9936737860191919	0.9977488005725784	0.9847638757081684	0.9906452368478534	0.9959332180577045	0.9924246548783272	0.9924010723224327	0.9888163588489388	0.995269238962309	0.9886317694358884	0.9833290459347781	0.98450334829997
0.9867038990204473	0.9845361980873845	0.9867282033861113	0.9854381559965077	0.991805976363501	1.0	0.989726878646991	0.9847458310757634	0.9844362479551918	0.9824177056354996	0.9838989724304965	0.9856955863871198	0.9929101832804605	0.9884041779548164	0.9921715049334624	0.9869981778347474	0.992947623336879	0.9843488514579006	0.9916113346343313	0.9899944607000569	0.9857421759679937	0.9859964533636391	0.9907428664754662	0.9852023646749799	0.9877074645357263	0.9877907336902113	0.9893749332690401	0.9893749332690401	0.9865696888663257	0.9899739961206262	0.9886075108530132	0.9917419062037596	0.989595516148651	0.9907028429238857	0.9858828555482766	0.9893311136552339	0.9895537931239696	0.9914746869998594	0.9915333194637493	0.9866603621217386	0.9895316299366727	0.9865696888663257	0.9870163137293996	0.9889005412694253
0.9873396488136411	0.9853926662295074	0.9876185722007853	0.9863964582822132	0.9911999717643801	0.989726878646991	1.0	0.9860138344855097	0.9854846892918059	0.9836625950890764	0.9845224868730492	0.986257821877828	0.9973933399078476	0.9928694596046856	0.997127747523985	0.9874180127008597	0.9975582640961889	0.9845698115858711	0.9963862304945058	0.9943480199471453	0.9855320672332739	0.9848051626499014	0.9908536170403667	0.9859320449325533	0.990954166483588	0.9893203705984857	0.9911144116710635	0.989685172565526	0.9870810068251377	0.9944565733279269	0.9905738224516939	0.9905076748812419	0.9897778171508009	0.9913533314827148	0.9865716070858016	0.9888701246308945	0.9899421035522394	0.9910744231884835	0.9963350646582126	0.9877294684221598	0.9895316299366727	0.9869452320657136	0.9883335683091926	0.9931625824901895
0.9957679381926058	0.998517708930503	0.9972799625652492	0.9930908902111899	0.9853826320836004	0.9847458310757634	0.9860138344855097	1.0	0.9873811607359345	0.9853628297927166	0.9880321562215955	0.9895257353639076	0.9899113520389909	0.9854505734873861	0.9898210233583209	0.9961227087651112	0.9899338956247237	0.9879125685534464	0.9903147990585234	0.988670532838969	0.9860899001847417	0.9783385457617365	0.9903147990585234	0.987864611623602	0.9854505734873861	0.9904325251261571	0.9886939405283687	0.9890662202554035	0.9886002098477881	0.9900912709717169	0.983546887692845	0.9842141304081844	0.9841404341943701	0.9890893487341127	0.9954573086526177	0.980791733642297	0.9866672961166777	0.9901584884898345	0.9873080267759238	0.9977816406240722	0.9860645645060012	0.9918597809366831	0.9859430148437784	0.984994903178674
0.9889773031861623	0.9869340196051513	0.9843903454588968	0.9841975460547336	0.9873648519195904	0.9844362479551918	0.9854846892918059	0.9873811607359345	1.0	0.9843248048791162	0.9840785143171685	0.9842429667213115	0.9867122411231245	0.9859221606915208	0.9860530911705431	0.9863524091606617	0.9868173291091994	0.9856054559194424	0.9863949472762809	0.9866561121325511	0.9834853616924605	0.9847204141562158	0.9873377920027714	0.9848500706806256	0.9853363635670589	0.9881693954627634	0.9870489942562446	0.9863098159378912	0.9845366782654096	0.9857278620087515	0.9867521358663061	0.9871520820198257	0.9870797210469983	0.9869696904054942	0.9876546093802291	0.9840584237886562	0.9874249799480157	0.9867332855976491	0.9843336198456897	0.9856187848763117	0.9869578764560719	0.9849168386926112	0.9869842989257407	0.9860451957931968
0.9822414339856296	0.9852231504890371	0.9851411562020373	0.9858017389395616	0.9801738229375623	0.9824177056354996	0.9836625950890764	0.9853628297927166	0.9843248048791162	1.0	0.9806487457387149	0.9852798774365195	0.9882936002988536	0.983807695441222	0.987758783076265	0.9846650713583145	0.9882430378406907	0.9830164118030911	0.9879380222325739	0.9860190143220111	0.9822663032849245	0.9733715057069882	0.9884196679681551	0.9841819791350548	0.9827483473155928	0.9907821890178655	0.986582621844274	0.9872933509153902	0.983691666571043	0.9875268896014691	0.9790419242274975	0.9811864123778649	0.9824479022845402	0.9870319048199142	0.9828081070381844	0.9764431047468205	0.9845237221730005	0.9882430378406907	0.9857471948844323	0.9853904340870817	0.9835752256655864	0.9850855032117413	0.9778038559472275	0.9808045435186329
0.9896689573054674	0.987546726618255	0.9889176086303345	0.989686633071755	0.9865862439127109	0.9838989724304965	0.9845224868730492	0.9880321562215955	0.9840785143171685	0.9806487457387149	1.0	0.9873014550799282	0.9873014550799282	0.9843131092302264	0.9869684817093003	0.9898096673652171	0.9873896818871108	0.9868614339351234	0.9871908379146898	0.9856482988296462	0.98436957055655	0.9825574771875365	0.9867895083288265	0.9857179002343167	0.9830034470674337	0.9857842273967882	0.9861095476013009	0.9858566623003158	0.9900543681084448	0.9867446124180121	0.9839331019668568	0.9859975452130321	0.9849661018347986	0.9858566623003158	0.9894561621559362	0.983084494989436	0.9854698245443148	0.9881517441360386	0.9855086521014939	0.9893770246181554	0.9843730579296108	0.9925387205892734	0.9875558532255297	0.9831768423375995
0.9901783440473727	0.989938693647265	0.9876867293260467	0.9874614876970426	0.9880986007045349	0.9856955863871198	0.986257821877828	0.9895257353639076	0.9842429667213115	0.9852798774365195	0.9873014550799282	1.0	0.9865030966996805	0.9859923964362699	0.9862080945936863	0.9871208511525563	0.9867452786155515	0.9920452446243494	0.9864598002982059	0.9881255898651066	0.9848957972827854	0.9842072753840957	0.9862795187645563	0.9860006353533531	0.9861930282536913	0.9877059920168696	0.9880515902554199	0.9853696811428256	0.9861325392894422	0.9874601498295086	0.9875642260457149	0.988242543898226	0.9877631683359949	0.988115110034514	0.9900983171476634	0.9853382077201956	0.9877703897954173	0.9862795187645563	0.9844554869447908	0.9887570656733407	0.9873144658705808	0.9878330228792911	0.988972952808526	0.9863099311291077
0.9908691044040283	0.9890934140313481	0.9889418935588871	0.9879921957004908	0.9937191571872548	0.9929101832804605	0.9973933399078476	0.9899113520389909	0.9867122411231245	0.9882936002988536	0.9873014550799282	0.9865030966996805	1.0	0.9977014886482121	0.9987312909652311	0.9876842565202437	0.9991090164372973	0.9886165940358228	0.997932888768823	0.9989028684640061	0.985988733582872	0.9889605559093159	0.9908766504355565	0.9876185338300526	0.9956975149614343	0.9927694899827181	0.9941708547454731	0.9900115243969224	0.9874336595135449	0.9972501031382723	0.9942570092480394	0.9940802228817402	0.9937351350172806	0.9940169874197436	0.9904264310094087	0.991482921638971	0.9941453652598987	0.990749870893872	0.9965425541852398	0.9897531344312467	0.9934853112923109	0.9860203347756096	0.9917753907057674	0.9992555258006136
0.986757349948435	0.984938665122009	0.9869148112146919	0.9860858112258887	0.98915644917891	0.9884041779548164	0.9928694596046856	0.9854505734873861	0.9859221606915208	0.983807695441222	0.9843131092302264	0.9859923964362699	0.9977014886482121	1.0	0.9970719098520895	0.9878783841866114	0.9976850726038811	0.9848863726470364	0.9968200718547213	0.9945535544556425	0.9849469128317078	0.9867761699765653	0.9905700724869528	0.9861324192510084	0.9909344054299836	0.986933336392862	0.9912748464689436	0.9899122729239543	0.987411325401143	0.9946796230109474	0.9903902706660689	0.989777718561584	0.9893662138877838	0.9911750804011317	0.9868066989546267	0.9872735798211236	0.9899206502291477	0.9924683490098279	0.995513894462416	0.9870509689034325	0.9891536786442743	0.9872541547599272	0.9878691467358156	0.9942167166346474
0.9901301683823247	0.9890177798136123	0.9887226637247222	0.9877687085087978	0.993354435484949	0.9921715049334624	0.997127747523985	0.9898210233583209	0.9860530911705431	0.987758783076265	0.9869684817093003	0.9862080945936863	0.9987312909652311	0.9970719098520895	1.0	0.987080236411054	0.9987453443417178	0.9881810157874138	0.997101219643443	0.9977202290360859	0.9860939529485409	0.988935681403406	0.9913299567752503	0.9867156767626709	0.9950921467270923	0.9925870286386642	0.9938903455491136	0.9902585346095936	0.9870466495268854	0.9964026128445006	0.9939514866561224	0.9936806424290435	0.9931041717188981	0.9933832631551222	0.9902627817668576	0.9912677752736708	0.9936314660236508	0.990887747059388	0.9966280131117626	0.9891990471652491	0.9931501974200334	0.9864127027866816	0.9917199455268052	0.9990966518539571
0.9977219927640252	0.9959381141059125	0.9953497810540345	0.9895927907225275	0.9887900521442766	0.9869981778347474	0.9874180127008597	0.9961227087651112	0.9863524091606617	0.9846650713583145	0.9898096673652171	0.9871208511525563	0.9876842565202437	0.9878783841866114	0.987080236411054	1.0	0.9879821607198661	0.9885299378407294	0.987922795099294	0.9892225371736885	0.9846552202506201	0.98693520804797	0.987363492490232	0.9858301056067225	0.9858484190345396	0.9873219316404588	0.9880095428169278	0.9862155333804838	0.9883325117907784	0.9878124181265219	0.9874206719718788	0.98866389086262	0.9882903835724598	0.9884469806533088	0.9981311917024517	0.9857053136951697	0.9886072247171236	0.9886863261196708	0.9858589651238427	0.9955189046415889	0.9879467500345147	0.990143785906508	0.9896888085710169	0.9863099311291077
0.9908926679137957	0.9891437406204484	0.989021253379375	0.9883145844463012	0.9937644662936954	0.992947623336879	0.9975582640961889	0.9899338956247237	0.9868173291091994	0.9882430378406907	0.9873896818871108	0.9867452786155515	0.9991090164372973	0.9976850726038811	0.9987453443417178	0.9879821607198661	1.0	0.9886814369664247	0.9977740026358689	0.9988408440506827	0.9860939529485409	0.9888858760104732	0.990824180519608	0.9873747464399322	0.9955773216363178	0.9926966261355383	0.9942057520181529	0.9900294007723981	0.987615403695686	0.9975278646157777	0.9941633019634962	0.9942470362327634	0.9938357868911335	0.9939820967728248	0.9905428286501767	0.9915135428131052	0.994164246337785	0.9906110007856707	0.9966781234617654	0.9898315354159578	0.9935049186526742	0.9861600686238123	0.9918583845088041	0.9992357079521101
0.9895465067141144	0.9877047049286832	0.9883777389473273	0.9887030229555664	0.9866143710169435	0.9843488514579006	0.9845698115858711	0.9879125685534464	0.9856054559194424	0.9830164118030911	0.9868614339351234	0.9920452446243494	0.9886165940358228	0.9848863726470364	0.9881810157874138	0.9885299378407294	0.9886814369664247	1.0	0.9885299378407294	0.987224546592984	0.9859591795807613	0.9824667068960979	0.9887676962234323	0.9874942755448921	0.9846675405637457	0.9865400960500622	0.9880712153483076	0.9879610476337773	0.9875166534980311	0.9882248336825549	0.9861595460185753	0.9866323115936644	0.9868072917237579	0.9880712153483076	0.989311747378368	0.9835945470138958	0.9865571387344405	0.9886165940358228	0.9864480830293669	0.9888752037943568	0.9859630006316022	0.990344629942196	0.9881794875705191	0.9846269288672487
0.9908691044040283	0.9895187615156483	0.989179402214284	0.9877890883210894	0.9933773486507683	0.9916113346343313	0.9963862304945058	0.9903147990585234	0.9863949472762809	0.9879380222325739	0.9871908379146898	0.9864598002982059	0.997932888768823	0.9968200718547213	0.997101219643443	0.987922795099294	0.9977740026358689	0.9885299378407294	1.0	0.9985915843786219	0.9860098044203641	0.9885602934376099	0.990556484078767	0.9872930810591106	0.9942435403715969	0.9922560407639666	0.9936251934828129	0.9897731802828481	0.9874539029366601	0.996418505193945	0.9933559038569202	0.9937862633410884	0.9932477019005433	0.9934720088577904	0.9908205202438721	0.9909579726289464	0.9938036530360503	0.990753913974573	0.9955898846625891	0.9899487886958356	0.9930907059570814	0.9866224787746459	0.9914413159622818	0.9972339798352363
0.9896200316009585	0.9879402601458892	0.9888679211424524	0.9879966364629501	0.9915164805265599	0.9899944607000569	0.9943480199471453	0.988670532838969	0.9866561121325511	0.9860190143220111	0.9856482988296462	0.9881255898651066	0.9989028684640061	0.9945535544556425	0.9977202290360859	0.9892225371736885	0.9988408440506827	0.987224546592984	0.9985915843786219	1.0	0.9866336748706929	0.9876415173073605	0.9917960300631974	0.9878022546230535	0.9921173622267233	0.9895217391409696	0.9923102013397872	0.9910977866521522	0.9880611762761498	0.9961591883984023	0.9916035604201294	0.9918985762676775	0.9913963888161267	0.9924986247530007	0.9893358604668538	0.9893637961302107	0.9917976976803589	0.9927046585054136	0.9966435401913678	0.9895528452363128	0.9915259607090638	0.988467017766848	0.9903316371139003	0.9947428174165505
0.9882708259334615	0.9859514832939088	0.985884248924707	0.9854898774958339	0.9879909235357366	0.9857421759679937	0.9855320672332739	0.9860899001847417	0.9834853616924605	0.9822663032849245	0.98436957055655	0.9848957972827854	0.985988733582872	0.9849469128317078	0.9860939529485409	0.9846552202506201	0.9860939529485409	0.9859591795807613	0.9860098044203641	0.9866336748706929	1.0	0.9852534965654541	0.9889305274685235	0.986736473805812	0.9870947095027085	0.986933336392862	0.9891670494784568	0.9886595594569599	0.9841796180259835	0.9857498143928043	0.989157989443955	0.9873833263648523	0.9871782296178906	0.987206271719352	0.988083033790137	0.9841733750577887	0.9872159807082638	0.9863242567938488	0.9840794733785563	0.9863884247916582	0.9865490133739504	0.9854575231079089	0.9882412063760867	0.9863977046056576
0.9776072390039742	0.9749607321418599	0.9847204141562158	0.9835103607233636	0.9816785171968218	0.9859964533636391	0.9848051626499014	0.9783385457617365	0.9847204141562158	0.9733715057069882	0.9825574771875365	0.9842072753840957	0.9889605559093159	0.9867761699765653	0.988935681403406	0.98693520804797	0.9888858760104732	0.9824667068960979	0.9885602934376099	0.9876415173073605	0.9852534965654541	1.0	0.9903482595741722	0.9853368819629025	0.9872247959818227	0.9695107038896862	0.9889854116599414	0.9889854116599414	0.986722985951595	0.9866697157893087	0.9845668555076302	0.9823452871460592	0.9837151619015151	0.9876156262159851	0.9797843039768216	0.980149299638024	0.9861592982431774	0.9905384374293618	0.9869616398020254	0.9849459257458867	0.9851140486820197	0.9866430483179324	0.9808379491800203	0.9852682024578555
0.9909867542130876	0.9899141391591617	0.9884415180591887	0.9884945511605743	0.9931475002961703	0.9907428664754662	0.9908536170403667	0.9903147990585234	0.9873377920027714	0.9884196679681551	0.9867895083288265	0.9862795187645563	0.9908766504355565	0.9905700724869528	0.9913299567752503	0.987363492490232	0.990824180519608	0.9887676962234323	0.990556484078767	0.9917960300631974	0.9889305274685235	0.9903482595741722	1.0	0.9874358627695421	0.9933358429910936	0.9987168998741917	0.9968365992773506	0.9972476224363716	0.9869234840815263	0.9914021494368237	0.9974016711280222	0.9926927888304387	0.9925864225367121	0.9925736607945913	0.9911187412130115	0.9904877512762079	0.9927962058516602	0.9900807102698356	0.9887285880554696	0.9891391247435405	0.9926913399069992	0.9870056455892898	0.9906197439217787	0.9915531335479079
0.9891018816456549	0.987440984975998	0.9871667622631995	0.9862884986159237	0.9878558300906356	0.9852023646749799	0.9859320449325533	0.987864611623602	0.9848500706806256	0.9841819791350548	0.9857179002343167	0.9860006353533531	0.9876185338300526	0.9861324192510084	0.9867156767626709	0.9858301056067225	0.9873747464399322	0.9874942755448921	0.9872930810591106	0.9878022546230535	0.986736473805812	0.9853368819629025	0.9874358627695421	1.0	0.98580219690957	0.9868898744636074	0.9877561244793843	0.9861067688649293	0.9858087270335935	0.9869563224248913	0.987160686150661	0.9875365915218004	0.9876179052348183	0.9876109484524617	0.9892634682413665	0.9843640699484524	0.9879986661490319	0.9865906175808113	0.9851826183232542	0.9878549110790852	0.9869578764560719	0.9873339390799816	0.9908199333285197	0.9874614135446756
0.9869702893152207	0.9845939964007301	0.9862158742487938	0.9864887950104249	0.9903324451112414	0.9877074645357263	0.990954166483588	0.9854505734873861	0.9853363635670589	0.9827483473155928	0.9830034470674337	0.9861930282536913	0.9956975149614343	0.9909344054299836	0.9950921467270923	0.9858484190345396	0.9955773216363178	0.9846675405637457	0.9942435403715969	0.9921173622267233	0.9870947095027085	0.9872247959818227	0.9933358429910936	0.98580219690957	1.0	0.9882529545664921	0.9921364520535808	0.9926477563218916	0.9860326601490003	0.9927603142964142	0.9925529632541406	0.9902505020063543	0.990004285967206	0.9910303462092132	0.9868587141836961	0.9878600272171704	0.9903682671705709	0.9901504413184752	0.9937382973743605	0.9864661379402218	0.989376527157278	0.987116937861966	0.9888218397076289	0.9929955477286351
0.9873219316404588	0.9893607427879326	0.9885023677042815	0.9900396161301762	0.9840763919167206	0.9877907336902113	0.9893203705984857	0.9904325251261571	0.9881693954627634	0.9907821890178655	0.9857842273967882	0.9877059920168696	0.9927694899827181	0.986933336392862	0.9925870286386642	0.9873219316404588	0.9926966261355383	0.9865400960500622	0.9922560407639666	0.9895217391409696	0.986933336392862	0.9695107038896862	0.9987168998741917	0.9868898744636074	0.9882529545664921	1.0	0.9942637167537683	0.9965161582537068	0.9853313395958149	0.9920335276753688	0.9820738858126553	0.9867591430740229	0.9877059920168696	0.9915839582659249	0.9865840223269451	0.9724148746066087	0.9882529545664921	0.9922190590580655	0.990118572994349	0.9887909835022808	0.9870633787383154	0.9882946547688353	0.9745769413237668	0.9785122823576597
0.9898396281236775	0.9880703997290359	0.9882192452690429	0.9880935840813347	0.9921167623677447	0.9893749332690401	0.9911144116710635	0.9886939405283687	0.9870489942562446	0.986582621844274	0.9861095476013009	0.9880515902554199	0.9941708547454731	0.9912748464689436	0.9938903455491136	0.9880095428169278	0.9942057520181529	0.9880712153483076	0.9936251934828129	0.9923102013397872	0.9891670494784568	0.9889854116599414	0.9968365992773506	0.9877561244793843	0.9921364520535808	0.9942637167537683	1.0	0.9965615903455753	0.9880305732464431	0.9923220414677689	0.9950658419753426	0.9918985762676775	0.9921240034164118	0.9920439693173105	0.9899566922101838	0.9893637961302107	0.9918989160711524	0.9921925653591481	0.9919880732038736	0.9887171510825229	0.991379969926949	0.9888199412440762	0.9906197439217787	0.9919505547399278
0.9904181732891602	0.9885602934376099	0.9876247652297463	0.9873171307805437	0.9916856610634956	0.9893749332690401	0.989685172565526	0.9890662202554035	0.9863098159378912	0.9872933509153902	0.9858566623003158	0.9853696811428256	0.9900115243969224	0.9899122729239543	0.9902585346095936	0.9862155333804838	0.9900294007723981	0.9879610476337773	0.9897731802828481	0.9910977866521522	0.9886595594569599	0.9889854116599414	0.9972476224363716	0.9861067688649293	0.9926477563218916	0.9965161582537068	0.9965615903455753	1.0	0.9858999847562895	0.990748721671126	0.9966048633301694	0.9917867448902764	0.991547506722627	0.9919114063602568	0.9905428286501767	0.98867056724895	0.9914921696080341	0.9894706791962935	0.9876009618511393	0.9885134632668827	0.991001576214641	0.9860449413992938	0.9897477677685359	0.9904349177812188
0.9898396281236775	0.9876258105352842	0.9879539009823939	0.9875642135300722	0.9889999202574636	0.9865696888663257	0.9870810068251377	0.9886002098477881	0.9845366782654096	0.983691666571043	0.9900543681084448	0.9861325392894422	0.9874336595135449	0.987411325401143	0.9870466495268854	0.9883325117907784	0.987615403695686	0.9875166534980311	0.9874539029366601	0.9880611762761498	0.9841796180259835	0.986722985951595	0.9869234840815263	0.9858087270335935	0.9860326601490003	0.9853313395958149	0.9880305732464431	0.9858999847562895	1.0	0.9888271849217031	0.9874206719718788	0.9887131087387555	0.9882428021195895	0.9885294285758028	0.9900275806525961	0.9864987951128189	0.988740946977591	0.9874539029366601	0.9857724397934997	0.9884522802402956	0.9878072881026826	0.9930436350635596	0.9890632892832311	0.9877150364326527
0.9909867542130876	0.9892692220501449	0.9878124181265219	0.9881609575576076	0.992448220634736	0.9899739961206262	0.9944565733279269	0.9900912709717169	0.9857278620087515	0.9875268896014691	0.9867446124180121	0.9874601498295086	0.9972501031382723	0.9946796230109474	0.9964026128445006	0.9878124181265219	0.9975278646157777	0.9882248336825549	0.996418505193945	0.9961591883984023	0.9857498143928043	0.9866697157893087	0.9914021494368237	0.9869563224248913	0.9927603142964142	0.9920335276753688	0.9923220414677689	0.990748721671126	0.9888271849217031	1.0	0.9923057508283213	0.9928016034205863	0.9922718391734671	0.9923727084070136	0.9905660590177244	0.9896888519302198	0.9926186843705379	0.9911236900021424	0.9952378968522397	0.9885338323890102	0.9918984312046961	0.9898891423689947	0.9909621864679968	0.9948786990715309
0.983188816188556	0.9799578367059976	0.9877926183794676	0.9874494329161578	0.9843464315582048	0.9886075108530132	0.9905738224516939	0.983546887692845	0.9867521358663061	0.9790419242274975	0.9839331019668568	0.9875642260457149	0.9942570092480394	0.9903902706660689	0.9939514866561224	0.9874206719718788	0.9941633019634962	0.9861595460185753	0.9933559038569202	0.9916035604201294	0.989157989443955	0.9845668555076302	0.9974016711280222	0.987160686150661	0.9925529632541406	0.9820738858126553	0.9950658419753426	0.9966048633301694	0.9874206719718788	0.9923057508283213	1.0	0.9863086977398249	0.9869570452014226	0.9920316659598056	0.9835144968819433	0.9811292716359582	0.98967256639564	0.9920566768441441	0.9921814483108994	0.9882166306169279	0.9877641558327455	0.9881040933749718	0.9815638484285117	0.9834171319860854
0.9841461514768403	0.9820742253525543	0.988092537163919	0.9879166614222523	0.9923774729426834	0.9917419062037596	0.9905076748812419	0.9842141304081844	0.9871520820198257	0.9811864123778649	0.9859975452130321	0.988242543898226	0.9940802228817402	0.989777718561584	0.9936806424290435	0.98866389086262	0.9942470362327634	0.9866323115936644	0.9937862633410884	0.9918985762676775	0.9873833263648523	0.9823452871460592	0.9926927888304387	0.9875365915218004	0.9902505020063543	0.9867591430740229	0.9918985762676775	0.9917867448902764	0.9887131087387555	0.9928016034205863	0.9863086977398249	1.0	0.9931043945904382	0.9971717333192772	0.9843548090249942	0.9904245461154685	0.9944543790954293	0.9925617372113055	0.9926927888304387	0.9884166927538361	0.9928016034205863	0.9887131087387555	0.985443320644921	0.9862512850231435
0.9858641023364775	0.9831477671504167	0.9875936322808033	0.9877390022838435	0.9936737860191919	0.989595516148651	0.9897778171508009	0.9841404341943701	0.9870797210469983	0.9824479022845402	0.9849661018347986	0.9877631683359949	0.9937351350172806	0.9893662138877838	0.9931041717188981	0.9882903835724598	0.9938357868911335	0.9868072917237579	0.9932477019005433	0.9913963888161267	0.9871782296178906	0.9837151619015151	0.9925864225367121	0.9876179052348183	0.990004285967206	0.9877059920168696	0.9921240034164118	0.991547506722627	0.9882428021195895	0.9922718391734671	0.9869570452014226	0.9931043945904382	1.0	0.99748647068226	0.9859096145774993	0.9922699966538049	0.9954251504010236	0.9922718391734671	0.9922718391734671	0.9879318359045569	0.9938357868911335	0.9886215434209827	0.986630064230038	0.98743311222117
0.9904181732891602	0.9883549096101664	0.9880107109988766	0.9881775909863366	0.9977488005725784	0.9907028429238857	0.9913533314827148	0.9890893487341127	0.9869696904054942	0.9870319048199142	0.9858566623003158	0.988115110034514	0.9940169874197436	0.9911750804011317	0.9933832631551222	0.9884469806533088	0.9939820967728248	0.9880712153483076	0.9934720088577904	0.9924986247530007	0.987206271719352	0.9876156262159851	0.9925736607945913	0.9876109484524617	0.9910303462092132	0.9915839582659249	0.9920439693173105	0.9919114063602568	0.9885294285758028	0.9923727084070136	0.9920316659598056	0.9971717333192772	0.99748647068226	1.0	0.9900747551581343	0.9964518299054718	0.9981439288074628	0.9924642017488787	0.9919671035727085	0.9883643258997928	0.9973676664732782	0.9891816903362859	0.9903605611976847	0.9919258553897139
0.9959706190878196	0.9937590477368585	0.996521792136543	0.9929186241737333	0.9847638757081684	0.9858828555482766	0.9865716070858016	0.9954573086526177	0.9876546093802291	0.9828081070381844	0.9894561621559362	0.9900983171476634	0.9904264310094087	0.9868066989546267	0.9902627817668576	0.9981311917024517	0.9905428286501767	0.989311747378368	0.9908205202438721	0.9893358604668538	0.988083033790137	0.9797843039768216	0.9911187412130115	0.9892634682413665	0.9868587141836961	0.9865840223269451	0.9899566922101838	0.9905428286501767	0.9900275806525961	0.9905660590177244	0.9835144968819433	0.9843548090249942	0.9859096145774993	0.9900747551581343	1.0	0.9805789889835458	0.9877053025392666	0.9911871807885169	0.9887031164718864	0.9971559035097383	0.9863084075272749	0.9928103119770494	0.9868559272492445	0.98450334829997
0.97980143248808	0.9768284842319096	0.9853012704612928	0.9850042671655334	0.9906452368478534	0.9893311136552339	0.9888701246308945	0.980791733642297	0.9840584237886562	0.9764431047468205	0.983084494989436	0.9853382077201956	0.991482921638971	0.9872735798211236	0.9912677752736708	0.9857053136951697	0.9915135428131052	0.9835945470138958	0.9909579726289464	0.9893637961302107	0.9841733750577887	0.980149299638024	0.9904877512762079	0.9843640699484524	0.9878600272171704	0.9724148746066087	0.9893637961302107	0.98867056724895	0.9864987951128189	0.9896888519302198	0.9811292716359582	0.9904245461154685	0.9922699966538049	0.9964518299054718	0.9805789889835458	1.0	0.994775332576971	0.9896240965279299	0.990266001761919	0.9850042671655334	0.9931845933404008	0.9854855427686108	0.9754592030270978	0.9802356907101475
0.9875227855306349	0.9855893351954512	0.9883156179876202	0.9884056183312627	0.9959332180577045	0.9895537931239696	0.9899421035522394	0.9866672961166777	0.9874249799480157	0.9845237221730005	0.9854698245443148	0.9877703897954173	0.9941453652598987	0.9899206502291477	0.9936314660236508	0.9886072247171236	0.994164246337785	0.9865571387344405	0.9938036530360503	0.9917976976803589	0.9872159807082638	0.9861592982431774	0.9927962058516602	0.9879986661490319	0.9903682671705709	0.9882529545664921	0.9918989160711524	0.9914921696080341	0.988740946977591	0.9926186843705379	0.98967256639564	0.9944543790954293	0.9954251504010236	0.9981439288074628	0.9877053025392666	0.994775332576971	1.0	0.9920199705346199	0.9923206820560629	0.9885848848245715	0.9952423066577482	0.9888519692264878	0.9883642981656924	0.9904090585354604
0.9913139619568231	0.990158865729906	0.9889815973496803	0.9874409040036729	0.9924246548783272	0.9914746869998594	0.9910744231884835	0.9901584884898345	0.9867332855976491	0.9882430378406907	0.9881517441360386	0.9862795187645563	0.990749870893872	0.9924683490098279	0.990887747059388	0.9886863261196708	0.9906110007856707	0.9886165940358228	0.990753913974573	0.9927046585054136	0.9863242567938488	0.9905384374293618	0.9900807102698356	0.9865906175808113	0.9901504413184752	0.9922190590580655	0.9921925653591481	0.9894706791962935	0.9874539029366601	0.9911236900021424	0.9920566768441441	0.9925617372113055	0.9922718391734671	0.9924642017488787	0.9911871807885169	0.9896240965279299	0.9920199705346199	1.0	0.9885288095615103	0.9894574600301815	0.9917953874390999	0.9869084323112819	0.9903316371139003	0.9909987570650021
0.9890022565672728	0.9865825919456791	0.9870617757000962	0.9856207093932019	0.9924010723224327	0.9915333194637493	0.9963350646582126	0.9873080267759238	0.9843336198456897	0.9857471948844323	0.9855086521014939	0.9844554869447908	0.9965425541852398	0.995513894462416	0.9966280131117626	0.9858589651238427	0.9966781234617654	0.9864480830293669	0.9955898846625891	0.9966435401913678	0.9840794733785563	0.9869616398020254	0.9887285880554696	0.9851826183232542	0.9937382973743605	0.990118572994349	0.9919880732038736	0.9876009618511393	0.9857724397934997	0.9952378968522397	0.9921814483108994	0.9926927888304387	0.9922718391734671	0.9919671035727085	0.9887031164718864	0.990266001761919	0.9923206820560629	0.9885288095615103	1.0	0.9878549110790852	0.9916920214933661	0.9838496899956789	0.990476004780688	0.9970227812333265
0.9965713426080111	0.9975760972670926	0.9975491957516733	0.9906627887141015	0.9888163588489388	0.9866603621217386	0.9877294684221598	0.9977816406240722	0.9856187848763117	0.9853904340870817	0.9893770246181554	0.9887570656733407	0.9897531344312467	0.9870509689034325	0.9891990471652491	0.9955189046415889	0.9898315354159578	0.9888752037943568	0.9899487886958356	0.9895528452363128	0.9863884247916582	0.9849459257458867	0.9891391247435405	0.9878549110790852	0.9864661379402218	0.9887909835022808	0.9887171510825229	0.9885134632668827	0.9884522802402956	0.9885338323890102	0.9882166306169279	0.9884166927538361	0.9879318359045569	0.9883643258997928	0.9971559035097383	0.9850042671655334	0.9885848848245715	0.9894574600301815	0.9878549110790852	1.0	0.9878538410723613	0.9910989685304497	0.9902447124893489	0.9872058212303615
0.9866771409470352	0.9850812158956679	0.9873381016675533	0.9877839869130505	0.995269238962309	0.9895316299366727	0.9895316299366727	0.9860645645060012	0.9869578764560719	0.9835752256655864	0.9843730579296108	0.9873144658705808	0.9934853112923109	0.9891536786442743	0.9931501974200334	0.9879467500345147	0.9935049186526742	0.9859630006316022	0.9930907059570814	0.9915259607090638	0.9865490133739504	0.9851140486820197	0.9926913399069992	0.9869578764560719	0.989376527157278	0.9870633787383154	0.991379969926949	0.991001576214641	0.9878072881026826	0.9918984312046961	0.9877641558327455	0.9928016034205863	0.9938357868911335	0.9973676664732782	0.9863084075272749	0.9931845933404008	0.9952423066577482	0.9917953874390999	0.9916920214933661	0.9878538410723613	1.0	0.9878770928997087	0.9865002997964498	0.9892507124885965
0.9930358408280033	0.9916369780437474	0.9901701568072465	0.9905995615178435	0.9886317694358884	0.9865696888663257	0.9869452320657136	0.9918597809366831	0.9849168386926112	0.9850855032117413	0.9925387205892734	0.9878330228792911	0.9860203347756096	0.9872541547599272	0.9864127027866816	0.990143785906508	0.9861600686238123	0.990344629942196	0.9866224787746459	0.988467017766848	0.9854575231079089	0.9866430483179324	0.9870056455892898	0.9873339390799816	0.987116937861966	0.9882946547688353	0.9888199412440762	0.9860449413992938	0.9930436350635596	0.9898891423689947	0.9881040933749718	0.9887131087387555	0.9886215434209827	0.9891816903362859	0.9928103119770494	0.9854855427686108	0.9888519692264878	0.9869084323112819	0.9838496899956789	0.9910989685304497	0.9878770928997087	1.0	0.990504802712646	0.9871487523466338
