/home/jshaw/scratch/2022_sketched_distance/references/SGB_genome_fastas_part3/4957/Bengtsson-PalmeJ_2015__TRAVELRES13__bin.23.fa	/home/jshaw/scratch/2022_sketched_distance/references/SGB_genome_fastas_part3/4957/Bengtsson-PalmeJ_2015__TRAVELRES14__bin.12.fa	/home/jshaw/scratch/2022_sketched_distance/references/SGB_genome_fastas_part3/4957/Bengtsson-PalmeJ_2015__TRAVELRES17__bin.95.fa	/home/jshaw/scratch/2022_sketched_distance/references/SGB_genome_fastas_part3/4957/Bengtsson-PalmeJ_2015__TRAVELRES18__bin.115.fa	/home/jshaw/scratch/2022_sketched_distance/references/SGB_genome_fastas_part3/4957/Bengtsson-PalmeJ_2015__TRAVELRES22__bin.115.fa	/home/jshaw/scratch/2022_sketched_distance/references/SGB_genome_fastas_part3/4957/Bengtsson-PalmeJ_2015__TRAVELRES48__bin.17.fa	/home/jshaw/scratch/2022_sketched_distance/references/SGB_genome_fastas_part3/4957/Bengtsson-PalmeJ_2015__TRAVELRES56__bin.42.fa	/home/jshaw/scratch/2022_sketched_distance/references/SGB_genome_fastas_part3/4957/FengQ_2015__SID31300__bin.65.fa	/home/jshaw/scratch/2022_sketched_distance/references/SGB_genome_fastas_part3/4957/HeQ_2017__SZAXPI029498-99__bin.52.fa	/home/jshaw/scratch/2022_sketched_distance/references/SGB_genome_fastas_part3/4957/HeQ_2017__SZAXPI029552-169__bin.3.fa	/home/jshaw/scratch/2022_sketched_distance/references/SGB_genome_fastas_part3/4957/HeQ_2017__SZAXPI029594-136__bin.12.fa	/home/jshaw/scratch/2022_sketched_distance/references/SGB_genome_fastas_part3/4957/LiJ_2017__H1M512854__bin.22.fa	/home/jshaw/scratch/2022_sketched_distance/references/SGB_genome_fastas_part3/4957/LiJ_2017__H2M514925__bin.5.fa	/home/jshaw/scratch/2022_sketched_distance/references/SGB_genome_fastas_part3/4957/LiJ_2017__H3M516804__bin.9.fa	/home/jshaw/scratch/2022_sketched_distance/references/SGB_genome_fastas_part3/4957/LiSS_2016__FAT_014-22-42-0__bin.19.fa	/home/jshaw/scratch/2022_sketched_distance/references/SGB_genome_fastas_part3/4957/QinJ_2012__CON-081__bin.2.fa	/home/jshaw/scratch/2022_sketched_distance/references/SGB_genome_fastas_part3/4957/QinJ_2012__DOF010__bin.2.fa	/home/jshaw/scratch/2022_sketched_distance/references/SGB_genome_fastas_part3/4957/QinJ_2012__DOM022__bin.3.fa	/home/jshaw/scratch/2022_sketched_distance/references/SGB_genome_fastas_part3/4957/QinJ_2012__T2D-022__bin.41.fa	/home/jshaw/scratch/2022_sketched_distance/references/SGB_genome_fastas_part3/4957/QinJ_2012__T2D-027__bin.10.fa	/home/jshaw/scratch/2022_sketched_distance/references/SGB_genome_fastas_part3/4957/QinN_2014__HD-39__bin.5.fa	/home/jshaw/scratch/2022_sketched_distance/references/SGB_genome_fastas_part3/4957/QinN_2014__HD-6__bin.48.fa	/home/jshaw/scratch/2022_sketched_distance/references/SGB_genome_fastas_part3/4957/QinN_2014__LD-11__bin.41.fa	/home/jshaw/scratch/2022_sketched_distance/references/SGB_genome_fastas_part3/4957/QinN_2014__LD-84__bin.77.fa	/home/jshaw/scratch/2022_sketched_distance/references/SGB_genome_fastas_part3/4957/QinN_2014__LD-97__bin.79.fa	/home/jshaw/scratch/2022_sketched_distance/references/SGB_genome_fastas_part3/4957/RaymondF_2016__P7C0__bin.21.fa	/home/jshaw/scratch/2022_sketched_distance/references/SGB_genome_fastas_part3/4957/WenC_2017__RA049__bin.7.fa	/home/jshaw/scratch/2022_sketched_distance/references/SGB_genome_fastas_part3/4957/WenC_2017__RA070__bin.24.fa	/home/jshaw/scratch/2022_sketched_distance/references/SGB_genome_fastas_part3/4957/XieH_2016__YSZC12003_35366__bin.22.fa	/home/jshaw/scratch/2022_sketched_distance/references/SGB_genome_fastas_part3/4957/XieH_2016__YSZC12003_36674__bin.41.fa	/home/jshaw/scratch/2022_sketched_distance/references/SGB_genome_fastas_part3/4957/XieH_2016__YSZC12003_36703__bin.4.fa	/home/jshaw/scratch/2022_sketched_distance/references/SGB_genome_fastas_part3/4957/YuJ_2015__SZAXPI003412-1__bin.80.fa	/home/jshaw/scratch/2022_sketched_distance/references/SGB_genome_fastas_part3/4957/YuJ_2015__SZAXPI003416-4__bin.1.fa	/home/jshaw/scratch/2022_sketched_distance/references/SGB_genome_fastas_part3/4957/YuJ_2015__SZAXPI003422-11__bin.25.fa	/home/jshaw/scratch/2022_sketched_distance/references/SGB_genome_fastas_part3/4957/YuJ_2015__SZAXPI015227-13__bin.28.fa	/home/jshaw/scratch/2022_sketched_distance/references/SGB_genome_fastas_part3/4957/YuJ_2015__SZAXPI015246-34__bin.22.fa	/home/jshaw/scratch/2022_sketched_distance/references/SGB_genome_fastas_part3/4957/YuJ_2015__SZAXPI015260-74__bin.51.fa	/home/jshaw/scratch/2022_sketched_distance/references/SGB_genome_fastas_part3/4957/YuJ_2015__SZAXPI015270-90__bin.39.fa	/home/jshaw/scratch/2022_sketched_distance/references/SGB_genome_fastas_part3/4957/ZeeviD_2015__PNP_Main_535__bin.24.fa	/home/jshaw/scratch/2022_sketched_distance/references/SGB_genome_fastas_part3/4957/ZeeviD_2015__PNP_Main_77__bin.62.fa	/home/jshaw/scratch/2022_sketched_distance/references/SGB_genome_fastas_part3/4957/ZeeviD_2015__PNP_Validation_40__bin.5.fa	/home/jshaw/scratch/2022_sketched_distance/references/SGB_genome_fastas_part3/4957/ZellerG_2014__CCMD35802077ST-21-0__bin.16.fa
1.0	0.9985677236020118	0.9831281034808029	0.9875319429836461	0.9861797072446175	0.9875806119511703	0.9872613586493633	0.9834626247282238	0.9837302923254767	0.9873436780119367	0.9870127075845935	0.9817049826422379	0.9826371873078753	0.9876419915772264	0.9870487886685796	0.9854635649083393	0.9822286995182189	0.9881424170423055	0.9859074871641891	0.9863037729721771	0.9790570751041381	0.9879715181420617	0.9879396504196821	0.9867763895192035	0.9800911894403246	0.9867349038458045	0.9862321278309519	0.9883141066163265	0.9877327680060101	0.9862103349839271	0.9872348097178478	0.982763297469476	0.9878294826869297	0.9872062810612243	0.9866276556828357	0.9868935825229013	0.9768349161684114	0.9859863473536195	0.9851897464764058	0.9877478906158537	0.9832200090250848	0.9876634668789374
0.9985677236020118	1.0	0.9831178712749299	0.9873799222539944	0.9856206949844887	0.9872917894242833	0.986597489137488	0.983260684965132	0.9835577783450056	0.9867470678646065	0.9870755468670247	0.9814712044844759	0.9826031750651907	0.9874848787475294	0.9869628523011621	0.9850701500695501	0.9821277070103042	0.9875224895723824	0.9852616456739955	0.9861394642225298	0.9788326744266753	0.9877843499553968	0.9877352844219996	0.986591427507871	0.9797884403881827	0.9864898870952785	0.9857576911597887	0.9883023253573636	0.9872476439281916	0.9860800682598443	0.9873418521669183	0.982948326786327	0.9873425571608766	0.9869161274545928	0.9861155402169373	0.9865145549599916	0.9766075931236367	0.9859288471263506	0.9850619303289286	0.9876569562165617	0.9831555341788624	0.987059360925795
0.9831281034808029	0.9831178712749299	1.0	0.9943823882068066	0.9846345761317712	0.9868076863716915	0.9861125221880206	0.984287311618366	0.9853379291847986	0.9858172831854959	0.9870056455892898	0.9841019747684473	0.9850392374190546	0.9878559969014323	0.9864968775737195	0.985686988528483	0.980434593931941	0.9865364587536279	0.9853318576640573	0.9862412509629083	0.9813427622554914	0.9870369450723913	0.986711169927157	0.9866873849201232	0.9829163471396918	0.9880465503712477	0.9867356013876191	0.9884009127226566	0.986716986161796	0.9864225745778882	0.9868251251699307	0.9838717979069945	0.9854947443649924	0.9869181908474886	0.9864143712339208	0.9867632241064381	0.979107392259856	0.9862621723426538	0.9857587773462834	0.985950587020007	0.9823314123932999	0.9850546358407393
0.9875319429836461	0.9873799222539944	0.9943823882068066	1.0	0.9882972848488727	0.9911096882808743	0.9898399947335723	0.9866963258843381	0.9879927054867891	0.9903120191566205	0.9906162590391063	0.9859234291446219	0.9876877945768854	0.9915333194637493	0.9902892554033121	0.9890626210333463	0.9844642611042623	0.9906421097234478	0.9891647600063953	0.9904064882340059	0.9833136008389705	0.9913014448535514	0.9908906236824111	0.9902835412230502	0.9853391693798695	0.991015044102855	0.9898450672810013	0.9922783586921945	0.9908628967955463	0.9894794145136854	0.9904612820959604	0.986910878641775	0.9894023868401037	0.9908527933712583	0.9903091238219831	0.9902175757718212	0.9816538188725694	0.9900834810386095	0.9892343421623395	0.9896064826643068	0.9862315321082991	0.989268719398917
0.9861797072446175	0.9856206949844887	0.9846345761317712	0.9882972848488727	1.0	0.98806913825324	0.9893313943927767	0.9854761952503943	0.9849644668455176	0.9885089341037765	0.9880797547445928	0.984269026313922	0.9841084817702368	0.9882557710926331	0.9883952729891596	0.9865740965711708	0.983175332543254	0.9890015445265996	0.9864552569988194	0.9876825605105347	0.981223116934359	0.988444217781033	0.9881424170423055	0.9876734970194153	0.9818594295401197	0.9877982272217009	0.9880262704373823	0.9887650687399647	0.9887032906593088	0.9869269564177541	0.9874802904084432	0.9840019710936693	0.9882200842598495	0.9884416866930378	0.9875239733250055	0.9881786450139373	0.9784510086758583	0.9869980332117251	0.9868023783096987	0.9873856889620592	0.9830302775861147	0.9875697112990591
0.9875806119511703	0.9872917894242833	0.9868076863716915	0.9911096882808743	0.98806913825324	1.0	0.9891598138880924	0.9856362515671991	0.9867971501967205	0.9905870101821275	0.9909317556396663	0.985553837650923	0.985644562171075	0.9913905709537161	0.9894744105302604	0.9892179346583021	0.9833955108576526	0.9914769859721344	0.9891101088022959	0.9906537304864561	0.9825938448823478	0.9911584784023298	0.991053947228269	0.9912777049939605	0.9843330097199492	0.9894885143770091	0.9898462230226308	0.9926596542772107	0.9901973414171242	0.9887225535118589	0.9897836381583207	0.9864749895761867	0.9900955921515118	0.9915385668556094	0.9899016589851195	0.9898741438444377	0.9808680770555348	0.9898317582425862	0.9886164871932359	0.9895967187954537	0.9856253122439788	0.9902531691333365
0.9872613586493633	0.986597489137488	0.9861125221880206	0.9898399947335723	0.9893313943927767	0.9891598138880924	1.0	0.9854304408662244	0.9868283305234975	0.9900965590727643	0.9895944005835203	0.9837687704062213	0.9852178489109843	0.9892437862673804	0.9898164610217528	0.9883800172500643	0.9832608467534169	0.9900001285923677	0.9877451185334327	0.9887915337767101	0.9817255824897488	0.9904967352881522	0.9903239064411983	0.9894402743952182	0.9840065689191249	0.988781454571885	0.9884130106531899	0.9902656817041469	0.9900108888208459	0.9880325990782669	0.9884058893016432	0.9851422613660901	0.9901696687579704	0.9900993789936658	0.9887562570146001	0.9895398908807373	0.9788296142720395	0.988580496435367	0.9876009618511393	0.988185170305883	0.9844402797005474	0.9890182592296359
0.9834626247282238	0.983260684965132	0.984287311618366	0.9866963258843381	0.9854761952503943	0.9856362515671991	0.9854304408662244	1.0	0.9845468003185994	0.9849263361927807	0.9859210599403594	0.984122453645667	0.984672614772011	0.9874894466880169	0.9865211186293359	0.9855724995309386	0.9808118471656352	0.9858705883763038	0.9847834054533567	0.9851370302531534	0.9809246730860087	0.9859929681511793	0.9854857179059162	0.9852966229997598	0.9817674007927041	0.9870686681909296	0.9861374326077751	0.9867962833007214	0.9857097856141952	0.985657850540466	0.9861025111206201	0.9844355957397658	0.9843487500342736	0.9858757991511831	0.9855207941629717	0.9866087491040446	0.9802404214847142	0.9858717856327865	0.9865685447815793	0.9850062464148197	0.9823743874527846	0.9835128838332572
0.9837302923254767	0.9835577783450056	0.9853379291847986	0.9879927054867891	0.9849644668455176	0.9867971501967205	0.9868283305234975	0.9845468003185994	1.0	0.9869442269039124	0.9880157232539765	0.9849366084514162	0.9850922683556597	0.9882608389658896	0.9870391696066013	0.9868786536239756	0.9815192641795749	0.9876420859683944	0.986903192598874	0.9865960634438746	0.9821406448675031	0.9873839127538886	0.9870290654281766	0.986455862655785	0.9833550012415516	0.9884582859214819	0.9876156262159851	0.9885042345819063	0.9868716955262237	0.9865136581157211	0.9871010931995866	0.9856195165725468	0.9861726110044594	0.9877450088379819	0.9869974004102184	0.9876893135928423	0.9805157214579886	0.9866872623479225	0.9863838052272337	0.9864967509273449	0.9840002148232081	0.9851957325072807
0.9873436780119367	0.9867470678646065	0.9858172831854959	0.9903120191566205	0.9885089341037765	0.9905870101821275	0.9900965590727643	0.9849263361927807	0.9869442269039124	1.0	0.9912533689432091	0.9844912432702978	0.9849642330615337	0.9897438917609765	0.9900436101371255	0.9892371854940316	0.9832064555741618	0.9909108400501929	0.9889536328206336	0.9910402412211551	0.98243011330745	0.9908965375956451	0.9909738410076477	0.9906499571424029	0.984547483803036	0.9908649044807096	0.9893575609468511	0.9924021812158583	0.9911245592454284	0.9884267455076414	0.9890179168960025	0.9858422945351231	0.9908270519588311	0.992623260380115	0.9906264408391571	0.9893062157766809	0.9794014274898747	0.9892546477489762	0.9883152974903667	0.9886144580600829	0.9848773769984763	0.9898559255714343
0.9870127075845935	0.9870755468670247	0.9870056455892898	0.9906162590391063	0.9880797547445928	0.9909317556396663	0.9895944005835203	0.9859210599403594	0.9880157232539765	0.9912533689432091	1.0	0.9851291854628552	0.9860729474617206	0.990750074587386	0.9896622073368063	0.9897347980214719	0.9834117424097284	0.9904072938651085	0.9904559016512406	0.9908572600068591	0.9835558331001144	0.9913656173200306	0.9912566656067677	0.9914702387093349	0.9858031693420883	0.9909671492376181	0.9895358633250936	0.9931147160636193	0.9903680289760285	0.989411084182234	0.9893245385795991	0.9867000372034387	0.9902031624492648	0.9916801383638683	0.9904129274054816	0.9906619834482298	0.9803593942049648	0.9902364121367314	0.9890085188161446	0.9889117977453984	0.9855185394052138	0.9899861541145563
0.9817049826422379	0.9814712044844759	0.9841019747684473	0.9859234291446219	0.984269026313922	0.985553837650923	0.9837687704062213	0.984122453645667	0.9849366084514162	0.9844912432702978	0.9851291854628552	1.0	0.9871588872350712	0.9878380705623915	0.9856172711589035	0.9844900722634484	0.9795678168428633	0.9851936410917493	0.9839830925466306	0.9836538613970057	0.9815506752052093	0.9850735866129195	0.9847833019641649	0.9839679862782619	0.9801862293617576	0.9874883953738688	0.9849681832406679	0.9860236502664188	0.9840338547515383	0.984209450643931	0.9858651414388264	0.9830159371847713	0.9834004259531214	0.9857251497878973	0.9837924774880014	0.9857292618537741	0.980160884022772	0.9836197960306275	0.9853838715945735	0.984706854448979	0.9822276882702417	0.983511105295406
0.9826371873078753	0.9826031750651907	0.9850392374190546	0.9876877945768854	0.9841084817702368	0.985644562171075	0.9852178489109843	0.984672614772011	0.9850922683556597	0.9849642330615337	0.9860729474617206	0.9871588872350712	1.0	0.9876951059555655	0.986693502734336	0.9850421261206231	0.9799865267333563	0.9862579719089326	0.9847050438391257	0.985292861206688	0.9811648596552961	0.985752679172331	0.9852815956682718	0.9852137951360751	0.9814411416246165	0.986986982874347	0.9860199827889125	0.9872289820430941	0.985797756693471	0.9858442321483016	0.9861275375483347	0.9842297932239856	0.983953558815105	0.9857332607280925	0.9849738216270697	0.9867634824466974	0.9801219321909268	0.9860572664038884	0.9860725029906056	0.9856410763618854	0.9827403584873833	0.9842436726116901
0.9876419915772264	0.9874848787475294	0.9878559969014323	0.9915333194637493	0.9882557710926331	0.9913905709537161	0.9892437862673804	0.9874894466880169	0.9882608389658896	0.9897438917609765	0.990750074587386	0.9878380705623915	0.9876951059555655	1.0	0.9903956270383482	0.9896378487165197	0.9847688118542595	0.9908363197507579	0.9893282843098632	0.9899146072573428	0.9841766200796483	0.990663702401536	0.990399572525286	0.9901211658348938	0.9854254229211362	0.9909313575511247	0.9900545449071789	0.9917914274582089	0.9901878686343734	0.989360919887196	0.9906196422777735	0.9871568688443024	0.9894952284642157	0.9910699665647531	0.9898068060296752	0.9904138658851348	0.9820998077991725	0.9897060582305859	0.9894590440111317	0.9905264376993762	0.9869795163548712	0.9900482189948027
0.9870487886685796	0.9869628523011621	0.9864968775737195	0.9902892554033121	0.9883952729891596	0.9894744105302604	0.9898164610217528	0.9865211186293359	0.9870391696066013	0.9900436101371255	0.9896622073368063	0.9856172711589035	0.986693502734336	0.9903956270383482	1.0	0.9879615346726839	0.9839123900397394	0.9902628415122474	0.9877214158256588	0.9897187388829426	0.9837325648997813	0.9897093454828343	0.9894574600301815	0.9889085552255467	0.9835776233060277	0.9904436272207842	0.9895787759333154	0.9905568227893992	0.9898551337297635	0.988435513218726	0.9894066563281226	0.9859164297463686	0.9891079098646541	0.9902830305880627	0.9889205830019043	0.98989225435396	0.9811519191332841	0.9891163142731583	0.9885744381572313	0.988919809938117	0.9849681105359392	0.9883732181388228
0.9854635649083393	0.9850701500695501	0.985686988528483	0.9890626210333463	0.9865740965711708	0.9892179346583021	0.9883800172500643	0.9855724995309386	0.9868786536239756	0.9892371854940316	0.9897347980214719	0.9844900722634484	0.9850421261206231	0.9896378487165197	0.9879615346726839	1.0	0.9822665675850253	0.9896249434288763	0.9875362564385209	0.9886654260814255	0.9822242280567923	0.9893165230491068	0.9890451362815335	0.9888724456085245	0.9846351410969824	0.9888497996095544	0.9883266670862012	0.9903315288377305	0.9889424237366887	0.9872381039125911	0.987862161997103	0.986699421341136	0.988204129809038	0.9894893206420227	0.989474954796201	0.9889092180832543	0.9802610744213973	0.9882581776298246	0.9878093652699681	0.9874848943616	0.9838933525485559	0.9884781085566969
0.9822286995182189	0.9821277070103042	0.980434593931941	0.9844642611042623	0.983175332543254	0.9833955108576526	0.9832608467534169	0.9808118471656352	0.9815192641795749	0.9832064555741618	0.9834117424097284	0.9795678168428633	0.9799865267333563	0.9847688118542595	0.9839123900397394	0.9822665675850253	1.0	0.9839029762533741	0.9825205516484852	0.9827770601194996	0.9763725736227202	0.9840668562172676	0.9838963399169054	0.9824115960790466	0.9775896579727132	0.9832914905494139	0.9824734257451372	0.9844883393633536	0.9829667963529412	0.9826346970188337	0.9838921409020002	0.9797854753306356	0.9829455246575295	0.9837349236493702	0.9828873169466552	0.9836541379727785	0.9749429127899544	0.9823840750385388	0.9818481687063988	0.9838423489040922	0.979918049050124	0.9828061679740596
0.9881424170423055	0.9875224895723824	0.9865364587536279	0.9906421097234478	0.9890015445265996	0.9914769859721344	0.9900001285923677	0.9858705883763038	0.9876420859683944	0.9909108400501929	0.9904072938651085	0.9851936410917493	0.9862579719089326	0.9908363197507579	0.9902628415122474	0.9896249434288763	0.9839029762533741	1.0	0.9898511249888601	0.9903002092123706	0.9833736632956686	0.9905814788475287	0.9904811269457614	0.9901810732201368	0.9845507657336999	0.9901841155228385	0.9899338411638602	0.9924122417341887	0.9908630134412758	0.9890582477655301	0.9893418081877018	0.9861573755416729	0.99010183731777	0.9912118136635323	0.9907141787156072	0.9902751485616514	0.9824585344271561	0.9900818767020656	0.9887576702439261	0.9894928338056744	0.9853428789199714	0.9893823962783038
0.9859074871641891	0.9852616456739955	0.9853318576640573	0.9891647600063953	0.9864552569988194	0.9891101088022959	0.9877451185334327	0.9847834054533567	0.986903192598874	0.9889536328206336	0.9904559016512406	0.9839830925466306	0.9847050438391257	0.9893282843098632	0.9877214158256588	0.9875362564385209	0.9825205516484852	0.9898511249888601	1.0	0.9883991147860974	0.9818169926354823	0.9888393871512755	0.9886509500545351	0.9889699583157039	0.9847800032558244	0.9887734685319022	0.9884992504186297	0.9903357833417012	0.9888126431313529	0.9873847092648976	0.9875655714792627	0.9848352230880814	0.9884541790961832	0.9894664677007604	0.9884440575325939	0.9886745568513083	0.9801473323223053	0.9884939760534251	0.986260330935042	0.9873743308994569	0.9837223012817339	0.9880508894277313
0.9863037729721771	0.9861394642225298	0.9862412509629083	0.9904064882340059	0.9876825605105347	0.9906537304864561	0.9887915337767101	0.9851370302531534	0.9865960634438746	0.9910402412211551	0.9908572600068591	0.9836538613970057	0.985292861206688	0.9899146072573428	0.9897187388829426	0.9886654260814255	0.9827770601194996	0.9903002092123706	0.9883991147860974	1.0	0.9823160542568473	0.9904321114467013	0.9902579022028446	0.9901056669785414	0.9861364249393471	0.9890997060153925	0.9889273155023889	0.9922501017068251	0.9924997444861824	0.9911168478340315	0.9894284789710265	0.9853998457779695	0.9893043581339438	0.991252012695701	0.9899272685745172	0.9898163545853171	0.9805185955684639	0.9898156915117127	0.9881616547883889	0.9882129317474545	0.9848727028044929	0.9891894269953256
0.9790570751041381	0.9788326744266753	0.9813427622554914	0.9833136008389705	0.981223116934359	0.9825938448823478	0.9817255824897488	0.9809246730860087	0.9821406448675031	0.98243011330745	0.9835558331001144	0.9815506752052093	0.9811648596552961	0.9841766200796483	0.9837325648997813	0.9822242280567923	0.9763725736227202	0.9833736632956686	0.9818169926354823	0.9823160542568473	1.0	0.9825092855201937	0.9820298048623294	0.9819753607764848	0.9791032897188231	0.9843427574996023	0.9825379979647232	0.9839615935910235	0.9818203247877739	0.9822305750477545	0.982218351932572	0.9801834240790114	0.9817879675624053	0.9828228336411606	0.9822567606967795	0.9835071074116929	0.9771025320084221	0.9822999692384372	0.9814958353663206	0.9816039487079864	0.9785219050813044	0.9811164843453376
0.9879715181420617	0.9877843499553968	0.9870369450723913	0.9913014448535514	0.988444217781033	0.9911584784023298	0.9904967352881522	0.9859929681511793	0.9873839127538886	0.9908965375956451	0.9913656173200306	0.9850735866129195	0.985752679172331	0.990663702401536	0.9897093454828343	0.9893165230491068	0.9840668562172676	0.9905814788475287	0.9888393871512755	0.9904321114467013	0.9825092855201937	1.0	0.9995019201337071	0.9926212770659518	0.9839541191616858	0.9903282550762799	0.989212271657665	0.9916020255943289	0.991640772143061	0.9892789971149563	0.989570586929729	0.9866201879120268	0.9923444152654923	0.9914464279601681	0.9897175056519613	0.9902743385282221	0.9801565323921716	0.9896619369406712	0.9885736763534851	0.9890653376487557	0.9849736403721892	0.9911356270978632
0.9879396504196821	0.9877352844219996	0.986711169927157	0.9908906236824111	0.9881424170423055	0.991053947228269	0.9903239064411983	0.9854857179059162	0.9870290654281766	0.9909738410076477	0.9912566656067677	0.9847833019641649	0.9852815956682718	0.990399572525286	0.9894574600301815	0.9890451362815335	0.9838963399169054	0.9904811269457614	0.9886509500545351	0.9902579022028446	0.9820298048623294	0.9995019201337071	1.0	0.9925372460248847	0.9835831345181033	0.9899002107440351	0.9889320825597807	0.9914913260856277	0.9914273167154869	0.9890383111474202	0.9892912943208677	0.9862091402198501	0.9924662154894353	0.9912663068854464	0.9895665968044332	0.9898684130075931	0.979786044655922	0.9893249435167126	0.9881977292932286	0.9887556520427502	0.9845504894921259	0.9911043117595177
0.9867763895192035	0.986591427507871	0.9866873849201232	0.9902835412230502	0.9876734970194153	0.9912777049939605	0.9894402743952182	0.9852966229997598	0.986455862655785	0.9906499571424029	0.9914702387093349	0.9839679862782619	0.9852137951360751	0.9901211658348938	0.9889085552255467	0.9888724456085245	0.9824115960790466	0.9901810732201368	0.9889699583157039	0.9901056669785414	0.9819753607764848	0.9926212770659518	0.9925372460248847	1.0	0.9848490362983645	0.9892624669490863	0.9889864777568534	0.9912984175328888	0.9908548888659092	0.9884209561479038	0.9888246765577126	0.9861192491286239	0.9904278319676941	0.9913288254222238	0.9898104515523836	0.989923459901931	0.9795830128934933	0.9893870948708944	0.9883951665749932	0.9882599625121922	0.9845950210542893	0.9907422031160715
0.9800911894403246	0.9797884403881827	0.9829163471396918	0.9853391693798695	0.9818594295401197	0.9843330097199492	0.9840065689191249	0.9817674007927041	0.9833550012415516	0.984547483803036	0.9858031693420883	0.9801862293617576	0.9814411416246165	0.9854254229211362	0.9835776233060277	0.9846351410969824	0.9775896579727132	0.9845507657336999	0.9847800032558244	0.9861364249393471	0.9791032897188231	0.9839541191616858	0.9835831345181033	0.9848490362983645	1.0	0.9854262881090469	0.984398116908113	0.9863968173368951	0.9849179620211423	0.9851340060992623	0.983834868961583	0.9820853340207891	0.9828240894772886	0.9850681644656935	0.9849546154596449	0.9846149010740299	0.9782887689295415	0.9852032616610491	0.9839468838723635	0.9827195815304599	0.9803146845284763	0.9828274977013033
0.9867349038458045	0.9864898870952785	0.9880465503712477	0.991015044102855	0.9877982272217009	0.9894885143770091	0.988781454571885	0.9870686681909296	0.9884582859214819	0.9908649044807096	0.9909671492376181	0.9874883953738688	0.986986982874347	0.9909313575511247	0.9904436272207842	0.9888497996095544	0.9832914905494139	0.9901841155228385	0.9887734685319022	0.9890997060153925	0.9843427574996023	0.9903282550762799	0.9899002107440351	0.9892624669490863	0.9854262881090469	1.0	0.990009395501139	0.991434237047295	0.9897817496427179	0.9888564511747717	0.9895327888797365	0.9866133780455697	0.9890868317108705	0.9912853939989695	0.9892842514573209	0.990038880379973	0.9818892349597816	0.989319408021773	0.9891112212403178	0.9885489309367032	0.985483918193177	0.9881278971182139
0.9862321278309519	0.9857576911597887	0.9867356013876191	0.9898450672810013	0.9880262704373823	0.9898462230226308	0.9884130106531899	0.9861374326077751	0.9876156262159851	0.9893575609468511	0.9895358633250936	0.9849681832406679	0.9860199827889125	0.9900545449071789	0.9895787759333154	0.9883266670862012	0.9824734257451372	0.9899338411638602	0.9884992504186297	0.9889273155023889	0.9825379979647232	0.989212271657665	0.9889320825597807	0.9889864777568534	0.984398116908113	0.990009395501139	1.0	0.9904308598209931	0.9889934815307896	0.9880906429509119	0.9888913880255139	0.9855773554029779	0.988312255684202	0.9898542021098959	0.9898696228897188	0.9897922720007633	0.9811911655035331	0.9886595298760642	0.9880510261008332	0.9884589532377361	0.9846081329647407	0.9878912245007704
0.9883141066163265	0.9883023253573636	0.9884009127226566	0.9922783586921945	0.9887650687399647	0.9926596542772107	0.9902656817041469	0.9867962833007214	0.9885042345819063	0.9924021812158583	0.9931147160636193	0.9860236502664188	0.9872289820430941	0.9917914274582089	0.9905568227893992	0.9903315288377305	0.9844883393633536	0.9924122417341887	0.9903357833417012	0.9922501017068251	0.9839615935910235	0.9916020255943289	0.9914913260856277	0.9912984175328888	0.9863968173368951	0.991434237047295	0.9904308598209931	1.0	0.9916508710545723	0.9902541364903594	0.9904859198475133	0.9877034857790625	0.9906250958204558	0.992644374669543	0.9915196076241406	0.9908884380564641	0.9822268300283145	0.9908484599760052	0.989868208917931	0.9902398507029029	0.9865426349052473	0.9905386031904615
0.9877327680060101	0.9872476439281916	0.986716986161796	0.9908628967955463	0.9887032906593088	0.9901973414171242	0.9900108888208459	0.9857097856141952	0.9868716955262237	0.9911245592454284	0.9903680289760285	0.9840338547515383	0.985797756693471	0.9901878686343734	0.9898551337297635	0.9889424237366887	0.9829667963529412	0.9908630134412758	0.9888126431313529	0.9924997444861824	0.9818203247877739	0.991640772143061	0.9914273167154869	0.9908548888659092	0.9849179620211423	0.9897817496427179	0.9889934815307896	0.9916508710545723	1.0	0.9938761752828518	0.9898242289526361	0.9860122547610227	0.9907278551136296	0.9912055980134129	0.9899386121011359	0.9897910344614437	0.9799018341931856	0.9891419055275547	0.988391629318325	0.9884862695121908	0.9846689837896652	0.9900995743790288
0.9862103349839271	0.9860800682598443	0.9864225745778882	0.9894794145136854	0.9869269564177541	0.9887225535118589	0.9880325990782669	0.985657850540466	0.9865136581157211	0.9884267455076414	0.989411084182234	0.984209450643931	0.9858442321483016	0.989360919887196	0.988435513218726	0.9872381039125911	0.9826346970188337	0.9890582477655301	0.9873847092648976	0.9911168478340315	0.9822305750477545	0.9892789971149563	0.9890383111474202	0.9884209561479038	0.9851340060992623	0.9888564511747717	0.9880906429509119	0.9902541364903594	0.9938761752828518	1.0	0.9886334984677565	0.985887047232594	0.9877411625485687	0.989565692134993	0.9884431605051656	0.9889186460528123	0.9806440365456137	0.9882605131766291	0.9878149006303719	0.9875224637577792	0.984938665122009	0.9871548553203492
0.9872348097178478	0.9873418521669183	0.9868251251699307	0.9904612820959604	0.9874802904084432	0.9897836381583207	0.9884058893016432	0.9861025111206201	0.9871010931995866	0.9890179168960025	0.9893245385795991	0.9858651414388264	0.9861275375483347	0.9906196422777735	0.9894066563281226	0.987862161997103	0.9838921409020002	0.9893418081877018	0.9875655714792627	0.9894284789710265	0.982218351932572	0.989570586929729	0.9892912943208677	0.9888246765577126	0.983834868961583	0.9895327888797365	0.9888913880255139	0.9904859198475133	0.9898242289526361	0.9886334984677565	1.0	0.9861888586902132	0.9881424034591654	0.9893523439443931	0.9883056112442594	0.9891344702849036	0.9810742657862201	0.9886493188435681	0.9887587190047262	0.9914679597857039	0.9874835055773696	0.9891517189634965
0.982763297469476	0.982948326786327	0.9838717979069945	0.986910878641775	0.9840019710936693	0.9864749895761867	0.9851422613660901	0.9844355957397658	0.9856195165725468	0.9858422945351231	0.9867000372034387	0.9830159371847713	0.9842297932239856	0.9871568688443024	0.9859164297463686	0.986699421341136	0.9797854753306356	0.9861573755416729	0.9848352230880814	0.9853998457779695	0.9801834240790114	0.9866201879120268	0.9862091402198501	0.9861192491286239	0.9820853340207891	0.9866133780455697	0.9855773554029779	0.9877034857790625	0.9860122547610227	0.985887047232594	0.9861888586902132	1.0	0.985797618427816	0.9865138126950945	0.9865180991595935	0.9860908331182847	0.9797225093929135	0.985901290891553	0.9861392150789726	0.9854698914653319	0.9834156554411282	0.9848693138846517
0.9878294826869297	0.9873425571608766	0.9854947443649924	0.9894023868401037	0.9882200842598495	0.9900955921515118	0.9901696687579704	0.9843487500342736	0.9861726110044594	0.9908270519588311	0.9902031624492648	0.9834004259531214	0.983953558815105	0.9894952284642157	0.9891079098646541	0.988204129809038	0.9829455246575295	0.99010183731777	0.9884541790961832	0.9893043581339438	0.9817879675624053	0.9923444152654923	0.9924662154894353	0.9904278319676941	0.9828240894772886	0.9890868317108705	0.988312255684202	0.9906250958204558	0.9907278551136296	0.9877411625485687	0.9881424034591654	0.985797618427816	1.0	0.9906803455214512	0.9890477206068442	0.988998233105713	0.9783801008621957	0.9877200124933445	0.9871020756716596	0.9877370917481788	0.9839105682475593	0.9904630961453617
0.9872062810612243	0.9869161274545928	0.9869181908474886	0.9908527933712583	0.9884416866930378	0.9915385668556094	0.9900993789936658	0.9858757991511831	0.9877450088379819	0.992623260380115	0.9916801383638683	0.9857251497878973	0.9857332607280925	0.9910699665647531	0.9902830305880627	0.9894893206420227	0.9837349236493702	0.9912118136635323	0.9894664677007604	0.991252012695701	0.9828228336411606	0.9914464279601681	0.9912663068854464	0.9913288254222238	0.9850681644656935	0.9912853939989695	0.9898542021098959	0.992644374669543	0.9912055980134129	0.989565692134993	0.9893523439443931	0.9865138126950945	0.9906803455214512	1.0	0.9903608616764672	0.9900276199459939	0.980778050678622	0.990528161558568	0.9885274706035246	0.9892355647367984	0.9853032056751607	0.9899808897539446
0.9866276556828357	0.9861155402169373	0.9864143712339208	0.9903091238219831	0.9875239733250055	0.9899016589851195	0.9887562570146001	0.9855207941629717	0.9869974004102184	0.9906264408391571	0.9904129274054816	0.9837924774880014	0.9849738216270697	0.9898068060296752	0.9889205830019043	0.989474954796201	0.9828873169466552	0.9907141787156072	0.9884440575325939	0.9899272685745172	0.9822567606967795	0.9897175056519613	0.9895665968044332	0.9898104515523836	0.9849546154596449	0.9892842514573209	0.9898696228897188	0.9915196076241406	0.9899386121011359	0.9884431605051656	0.9883056112442594	0.9865180991595935	0.9890477206068442	0.9903608616764672	1.0	0.988969266935706	0.9809453574827975	0.9893690735303902	0.9883007106518716	0.9878197517733845	0.9848799787454414	0.9884011578521736
0.9868935825229013	0.9865145549599916	0.9867632241064381	0.9902175757718212	0.9881786450139373	0.9898741438444377	0.9895398908807373	0.9866087491040446	0.9876893135928423	0.9893062157766809	0.9906619834482298	0.9857292618537741	0.9867634824466974	0.9904138658851348	0.98989225435396	0.9889092180832543	0.9836541379727785	0.9902751485616514	0.9886745568513083	0.9898163545853171	0.9835071074116929	0.9902743385282221	0.9898684130075931	0.989923459901931	0.9846149010740299	0.990038880379973	0.9897922720007633	0.9908884380564641	0.9897910344614437	0.9889186460528123	0.9891344702849036	0.9860908331182847	0.988998233105713	0.9900276199459939	0.988969266935706	1.0	0.9822417486781783	0.9895555507821928	0.9884421380973999	0.9887002370783506	0.9857122708583419	0.9884640348346571
0.9768349161684114	0.9766075931236367	0.979107392259856	0.9816538188725694	0.9784510086758583	0.9808680770555348	0.9788296142720395	0.9802404214847142	0.9805157214579886	0.9794014274898747	0.9803593942049648	0.980160884022772	0.9801219321909268	0.9820998077991725	0.9811519191332841	0.9802610744213973	0.9749429127899544	0.9824585344271561	0.9801473323223053	0.9805185955684639	0.9771025320084221	0.9801565323921716	0.979786044655922	0.9795830128934933	0.9782887689295415	0.9818892349597816	0.9811911655035331	0.9822268300283145	0.9799018341931856	0.9806440365456137	0.9810742657862201	0.9797225093929135	0.9783801008621957	0.980778050678622	0.9809453574827975	0.9822417486781783	1.0	0.9810408372145549	0.9801490052003866	0.9803674090256942	0.9774307362312876	0.9777904513648147
0.9859863473536195	0.9859288471263506	0.9862621723426538	0.9900834810386095	0.9869980332117251	0.9898317582425862	0.988580496435367	0.9858717856327865	0.9866872623479225	0.9892546477489762	0.9902364121367314	0.9836197960306275	0.9860572664038884	0.9897060582305859	0.9891163142731583	0.9882581776298246	0.9823840750385388	0.9900818767020656	0.9884939760534251	0.9898156915117127	0.9822999692384372	0.9896619369406712	0.9893249435167126	0.9893870948708944	0.9852032616610491	0.989319408021773	0.9886595298760642	0.9908484599760052	0.9891419055275547	0.9882605131766291	0.9886493188435681	0.985901290891553	0.9877200124933445	0.990528161558568	0.9893690735303902	0.9895555507821928	0.9810408372145549	1.0	0.9882033082622471	0.9880964925108374	0.9845999395328071	0.9880478474327039
0.9851897464764058	0.9850619303289286	0.9857587773462834	0.9892343421623395	0.9868023783096987	0.9886164871932359	0.9876009618511393	0.9865685447815793	0.9863838052272337	0.9883152974903667	0.9890085188161446	0.9853838715945735	0.9860725029906056	0.9894590440111317	0.9885744381572313	0.9878093652699681	0.9818481687063988	0.9887576702439261	0.986260330935042	0.9881616547883889	0.9814958353663206	0.9885736763534851	0.9881977292932286	0.9883951665749932	0.9839468838723635	0.9891112212403178	0.9880510261008332	0.989868208917931	0.988391629318325	0.9878149006303719	0.9887587190047262	0.9861392150789726	0.9871020756716596	0.9885274706035246	0.9883007106518716	0.9884421380973999	0.9801490052003866	0.9882033082622471	1.0	0.9874165612132181	0.984444288326699	0.9875478435942929
0.9877478906158537	0.9876569562165617	0.985950587020007	0.9896064826643068	0.9873856889620592	0.9895967187954537	0.988185170305883	0.9850062464148197	0.9864967509273449	0.9886144580600829	0.9889117977453984	0.984706854448979	0.9856410763618854	0.9905264376993762	0.988919809938117	0.9874848943616	0.9838423489040922	0.9894928338056744	0.9873743308994569	0.9882129317474545	0.9816039487079864	0.9890653376487557	0.9887556520427502	0.9882599625121922	0.9827195815304599	0.9885489309367032	0.9884589532377361	0.9902398507029029	0.9884862695121908	0.9875224637577792	0.9914679597857039	0.9854698914653319	0.9877370917481788	0.9892355647367984	0.9878197517733845	0.9887002370783506	0.9803674090256942	0.9880964925108374	0.9874165612132181	1.0	0.9878754038736253	0.9889010883317763
0.9832200090250848	0.9831555341788624	0.9823314123932999	0.9862315321082991	0.9830302775861147	0.9856253122439788	0.9844402797005474	0.9823743874527846	0.9840002148232081	0.9848773769984763	0.9855185394052138	0.9822276882702417	0.9827403584873833	0.9869795163548712	0.9849681105359392	0.9838933525485559	0.979918049050124	0.9853428789199714	0.9837223012817339	0.9848727028044929	0.9785219050813044	0.9849736403721892	0.9845504894921259	0.9845950210542893	0.9803146845284763	0.985483918193177	0.9846081329647407	0.9865426349052473	0.9846689837896652	0.984938665122009	0.9874835055773696	0.9834156554411282	0.9839105682475593	0.9853032056751607	0.9848799787454414	0.9857122708583419	0.9774307362312876	0.9845999395328071	0.984444288326699	0.9878754038736253	1.0	0.9847985170402055
0.9876634668789374	0.987059360925795	0.9850546358407393	0.989268719398917	0.9875697112990591	0.9902531691333365	0.9890182592296359	0.9835128838332572	0.9851957325072807	0.9898559255714343	0.9899861541145563	0.983511105295406	0.9842436726116901	0.9900482189948027	0.9883732181388228	0.9884781085566969	0.9828061679740596	0.9893823962783038	0.9880508894277313	0.9891894269953256	0.9811164843453376	0.9911356270978632	0.9911043117595177	0.9907422031160715	0.9828274977013033	0.9881278971182139	0.9878912245007704	0.9905386031904615	0.9900995743790288	0.9871548553203492	0.9891517189634965	0.9848693138846517	0.9904630961453617	0.9899808897539446	0.9884011578521736	0.9884640348346571	0.9777904513648147	0.9880478474327039	0.9875478435942929	0.9889010883317763	0.9847985170402055	1.0
