/home/jshaw/scratch/2022_sketched_distance/references/SGB_genome_fastas_part4/14110/BackhedF_2015__SID566_M__bin.39.fa	/home/jshaw/scratch/2022_sketched_distance/references/SGB_genome_fastas_part4/14110/Bengtsson-PalmeJ_2015__TRAVELRES2__bin.63.fa	/home/jshaw/scratch/2022_sketched_distance/references/SGB_genome_fastas_part4/14110/Bengtsson-PalmeJ_2015__TRAVELRES49__bin.8.fa	/home/jshaw/scratch/2022_sketched_distance/references/SGB_genome_fastas_part4/14110/Bengtsson-PalmeJ_2015__TRAVELRES50__bin.84.fa	/home/jshaw/scratch/2022_sketched_distance/references/SGB_genome_fastas_part4/14110/BritoIL_2016__M1.16.ST__bin.117.fa	/home/jshaw/scratch/2022_sketched_distance/references/SGB_genome_fastas_part4/14110/BritoIL_2016__M1.20.ST__bin.55.fa	/home/jshaw/scratch/2022_sketched_distance/references/SGB_genome_fastas_part4/14110/BritoIL_2016__WL.37.ST__bin.22.fa	/home/jshaw/scratch/2022_sketched_distance/references/SGB_genome_fastas_part4/14110/CosteaPI_2017__SID713A005-11-0-0__bin.72.fa	/home/jshaw/scratch/2022_sketched_distance/references/SGB_genome_fastas_part4/14110/CosteaPI_2017__SID713A051-11-0-0__bin.2.fa	/home/jshaw/scratch/2022_sketched_distance/references/SGB_genome_fastas_part4/14110/CosteaPI_2017__SID713A051-11-90-0__bin.31.fa	/home/jshaw/scratch/2022_sketched_distance/references/SGB_genome_fastas_part4/14110/CosteaPI_2017__SID713B014-11-0-0__bin.12.fa	/home/jshaw/scratch/2022_sketched_distance/references/SGB_genome_fastas_part4/14110/CosteaPI_2017__SID713B063-11-0-0__bin.36.fa	/home/jshaw/scratch/2022_sketched_distance/references/SGB_genome_fastas_part4/14110/CosteaPI_2017__SID713B066-11-0-0__bin.77.fa	/home/jshaw/scratch/2022_sketched_distance/references/SGB_genome_fastas_part4/14110/CosteaPI_2017__SID713B066-11-90-0__bin.4.fa	/home/jshaw/scratch/2022_sketched_distance/references/SGB_genome_fastas_part4/14110/CosteaPI_2017__SID713B072-11-0-0__bin.26.fa	/home/jshaw/scratch/2022_sketched_distance/references/SGB_genome_fastas_part4/14110/FerrettiP_2018__CA_C10002MS2016FE_t0M15__bin.35.fa	/home/jshaw/scratch/2022_sketched_distance/references/SGB_genome_fastas_part4/14110/HMP_2012__SRS011134__bin.88.fa	/home/jshaw/scratch/2022_sketched_distance/references/SGB_genome_fastas_part4/14110/LeChatelierE_2013__MH0117__bin.21.fa	/home/jshaw/scratch/2022_sketched_distance/references/SGB_genome_fastas_part4/14110/LeChatelierE_2013__MH0126__bin.27.fa	/home/jshaw/scratch/2022_sketched_distance/references/SGB_genome_fastas_part4/14110/LeChatelierE_2013__MH0409__bin.6.fa	/home/jshaw/scratch/2022_sketched_distance/references/SGB_genome_fastas_part4/14110/LeChatelierE_2013__MH0437__bin.18.fa	/home/jshaw/scratch/2022_sketched_distance/references/SGB_genome_fastas_part4/14110/LiJ_2014__MH0303__bin.72.fa	/home/jshaw/scratch/2022_sketched_distance/references/SGB_genome_fastas_part4/14110/LiJ_2014__V1.FI09__bin.34.fa	/home/jshaw/scratch/2022_sketched_distance/references/SGB_genome_fastas_part4/14110/LiJ_2014__V1.FI14__bin.47.fa	/home/jshaw/scratch/2022_sketched_distance/references/SGB_genome_fastas_part4/14110/LiuW_2016__SRR3993034__bin.118.fa	/home/jshaw/scratch/2022_sketched_distance/references/SGB_genome_fastas_part4/14110/LiuW_2016__SRR3993041__bin.58.fa	/home/jshaw/scratch/2022_sketched_distance/references/SGB_genome_fastas_part4/14110/LiuW_2016__SRR3993055__bin.4.fa	/home/jshaw/scratch/2022_sketched_distance/references/SGB_genome_fastas_part4/14110/NielsenHB_2014__MH0117__bin.3.fa	/home/jshaw/scratch/2022_sketched_distance/references/SGB_genome_fastas_part4/14110/NielsenHB_2014__MH0126__bin.28.fa	/home/jshaw/scratch/2022_sketched_distance/references/SGB_genome_fastas_part4/14110/QinN_2014__HD-40__bin.75.fa	/home/jshaw/scratch/2022_sketched_distance/references/SGB_genome_fastas_part4/14110/RampelliS_2015__H10__bin.7.fa	/home/jshaw/scratch/2022_sketched_distance/references/SGB_genome_fastas_part4/14110/VogtmannE_2016__MMRS34569532ST-27-0-0__bin.51.fa	/home/jshaw/scratch/2022_sketched_distance/references/SGB_genome_fastas_part4/14110/XieH_2016__YSZC12003_35980__bin.54.fa	/home/jshaw/scratch/2022_sketched_distance/references/SGB_genome_fastas_part4/14110/ZeeviD_2015__PNP_Main_25__bin.24.fa	/home/jshaw/scratch/2022_sketched_distance/references/SGB_genome_fastas_part4/14110/ZeeviD_2015__PNP_Main_531__bin.11.fa	/home/jshaw/scratch/2022_sketched_distance/references/SGB_genome_fastas_part4/14110/ZeeviD_2015__PNP_Main_683__bin.4.fa	/home/jshaw/scratch/2022_sketched_distance/references/SGB_genome_fastas_part4/14110/ZellerG_2014__CCIS74726977ST-3-0__bin.72.fa
1.0	0.9777560858166178	0.9717843972735167	0.9798369246941993	0.9807073687945052	0.9726252221459236	0.974369847945375	0.9823102772745207	0.9615039892021047	0.9752105348188194	0.9798085304739821	0.978145141023893	0.9813366464039075	0.9803893831580606	0.9808287141944981	0.9799692317072047	0.9795914118285864	0.9768320484607963	0.9792884468756003	0.9783307994885008	0.9794170765525575	0.9786531649481244	0.9789620068478002	0.9806081664920949	0.9804198911671865	0.980024586236876	0.9803563465052572	0.9738334356136481	0.9781910282993017	0.9763138139676177	0.9746931937589851	0.9773060019822432	0.9707127961507022	0.9822057966480016	0.9821609124598168	0.981258908738326	0.9783343649463788
0.9777560858166178	1.0	0.9677759862188414	0.9762914862452277	0.9805457150135087	0.9725617223825405	0.9733240456935426	0.9782944919692182	0.9592401063730572	0.9727080389761509	0.9783231954544651	0.9747474731480875	0.9799807861603591	0.9794686193006541	0.9771761258445489	0.9773352613220885	0.9775542894105403	0.9747480281046474	0.976393741461471	0.974595232295986	0.9781681479246769	0.980010765223855	0.9755751038347068	0.9772241428629632	0.9790582798305681	0.9771616631704797	0.9788629347083948	0.9721928472338561	0.9753215518711129	0.9748591366128315	0.9753205770190334	0.9726632456132138	0.966507504935839	0.978173104246402	0.9779346443122151	0.9780816795039353	0.9758558656919533
0.9717843972735167	0.9677759862188414	1.0	0.992205588858798	0.9720188254594301	0.9753314647697022	0.9678095381852873	0.972121606878732	0.9608112973159294	0.9765211789548455	0.973105098418298	0.970029541591236	0.9748598232377946	0.9737553904280488	0.9726008973140144	0.972952780339109	0.9727365623821413	0.9682640986085493	0.9718291996722295	0.9719563392746648	0.9702323575294327	0.9716915425836478	0.9708332710323079	0.9705395911198496	0.9743357272937841	0.9711483575648923	0.9716816586293132	0.9640920253721651	0.970138131662023	0.9693295156159226	0.9666348558907674	0.969282375839956	0.9645726834513204	0.9723792563050709	0.9724364694179833	0.9731153648645403	0.9695738256786111
0.9798369246941993	0.9762914862452277	0.992205588858798	1.0	0.9792809471394383	0.9733804369848615	0.9734841185150868	0.9799226447217799	0.9622255424606279	0.9756035386491745	0.9797898682235505	0.9756586869501596	0.9817595365382786	0.9807827587945415	0.9800916598876805	0.9792138243970298	0.978475136172752	0.975202154004178	0.9789075370821262	0.9774656745281264	0.9781265205903661	0.9792813199962715	0.9771420083116703	0.9777381647156539	0.9805546218917977	0.9789311561842877	0.979107392259856	0.971556810739537	0.9773266376795918	0.9747281982403614	0.9721222673762764	0.9758530495334616	0.9711069230428385	0.9797955635021094	0.9803076162670904	0.9801712493215035	0.9763130775426856
0.9807073687945052	0.9805457150135087	0.9720188254594301	0.9792809471394383	1.0	0.9892429416251874	0.9767296858888896	0.9808442992171765	0.961577327164823	0.9755555636561779	0.9805420372228425	0.9768419059933073	0.982330615051336	0.9818298149522557	0.979872421084741	0.9806346856706069	0.9805696452919214	0.9764735199065708	0.9787802537192405	0.9775822815972308	0.9800527242945936	0.9810091738803717	0.9786801418663301	0.980057335220297	0.9816188374493818	0.979789030793851	0.9805904028877613	0.9739754410030016	0.9774512500329868	0.9774967490372493	0.9748114720925593	0.975366862721585	0.9689591212471474	0.9808020584552506	0.9800658361584254	0.9811214812829087	0.9788557176689704
0.9726252221459236	0.9725617223825405	0.9753314647697022	0.9733804369848615	0.9892429416251874	1.0	0.9684233617209177	0.9727601384194368	0.973728080884299	0.9787763335182176	0.9725070603661657	0.9705111364193377	0.9735042461713294	0.9731226226745279	0.9736011065881837	0.9727764195802479	0.972461241853753	0.9687929354038245	0.9718508910210627	0.9718259786906279	0.9728394564665573	0.9740546640414104	0.9685753503215195	0.9711479461882501	0.973824496230341	0.9703182104599802	0.9712433205178457	0.966784576447092	0.9703918411528039	0.9705161837533713	0.9664611735718529	0.9679746883086118	0.9628213058715273	0.9730135288786728	0.9717454557173937	0.9741611221127239	0.9719716972288919
0.974369847945375	0.9733240456935426	0.9678095381852873	0.9734841185150868	0.9767296858888896	0.9684233617209177	1.0	0.9748776247482508	0.9537804391702114	0.9703410570142688	0.9766987499460079	0.9738807990335571	0.9761351385458669	0.9753725714287149	0.9764269581456365	0.9748303593977743	0.9732399491755236	0.9739697480478099	0.9751448871151253	0.9727906275626481	0.9759126112024079	0.9742642850993218	0.9736912710711281	0.9733862711691441	0.978911201822531	0.9752313850140791	0.9768275195583127	0.9718027579977262	0.9744379746185359	0.9751982286041909	0.9718964508325049	0.9712577530970063	0.9661977313634637	0.9741042357548688	0.9746123175141492	0.9762132850344658	0.9736565203099417
0.9823102772745207	0.9782944919692182	0.972121606878732	0.9799226447217799	0.9808442992171765	0.9727601384194368	0.9748776247482508	1.0	0.9612990640003437	0.9755897980326803	0.9808025966218548	0.9786038209967711	0.9826301066819197	0.9820628460727387	0.9814229224253832	0.9809684470606994	0.9791282980367753	0.9771775252537896	0.9793032074069344	0.9780742610658708	0.9796915301980367	0.9789264364175029	0.9790520352329716	0.9798149893124914	0.9806664248249772	0.9795807341778062	0.9808955793165398	0.9741298471569676	0.9782069712394351	0.9772000005797619	0.9736706925726942	0.9772460906130135	0.9704925115482187	0.9819071874384582	0.9821786074369244	0.9819049823304171	0.9787802302368567
0.9615039892021047	0.9592401063730572	0.9608112973159294	0.9622255424606279	0.961577327164823	0.973728080884299	0.9537804391702114	0.9612990640003437	1.0	0.9852832986665251	0.9585138901980754	0.9601872106505123	0.9615783877425342	0.9601641098842244	0.9631231378956471	0.9603268034028454	0.9606217807086155	0.9564871435389686	0.9612490229690737	0.9596362849531905	0.959310317394308	0.9616057611010508	0.9560284263847623	0.9598400534614233	0.9615273811367172	0.9578058467654947	0.9607269006311159	0.9551841298143575	0.9595613139444755	0.9561717627630598	0.9532459285903037	0.9570312525731195	0.9524003450137143	0.9613341068611548	0.9605973502596682	0.962565925226753	0.9602246776577216
0.9752105348188194	0.9727080389761509	0.9765211789548455	0.9756035386491745	0.9755555636561779	0.9787763335182176	0.9703410570142688	0.9755897980326803	0.9852832986665251	1.0	0.9735652356170619	0.9739537191730342	0.9767033861260535	0.9755657571739308	0.9754153065010229	0.9755509029969945	0.975441285972954	0.970792079867691	0.9739172062813536	0.9740138475153105	0.9730139216414547	0.9732844063586884	0.9726140326135903	0.975843460506308	0.9762323495302229	0.9735931024726494	0.9756116103575491	0.9672108521537851	0.9723726811102597	0.971533958241457	0.9702772373062909	0.9729741565387977	0.9649183950055853	0.9766319900157402	0.9755440383291499	0.9766151188422607	0.9732601997900385
0.9798085304739821	0.9783231954544651	0.973105098418298	0.9797898682235505	0.9805420372228425	0.9725070603661657	0.9766987499460079	0.9808025966218548	0.9585138901980754	0.9735652356170619	1.0	0.976519590507529	0.9835208273509402	0.9829921895453057	0.9794453524549043	0.9799265112094927	0.9787004106726097	0.9762273236470048	0.9798176279588497	0.9765628679794559	0.9801579401138065	0.9786073180481044	0.9774411873364763	0.9780172992418292	0.9816980672169018	0.9811070727045724	0.9808772954119052	0.9741947168348459	0.9786545026718273	0.978786606992482	0.9750839817972604	0.976136655116905	0.9686228375782786	0.980002917855335	0.9793840822504302	0.9806290480159197	0.9781134963096241
0.978145141023893	0.9747474731480875	0.970029541591236	0.9756586869501596	0.9768419059933073	0.9705111364193377	0.9738807990335571	0.9786038209967711	0.9601872106505123	0.9739537191730342	0.976519590507529	1.0	0.9782181988725879	0.9770984265873417	0.9805763621421293	0.9783196956160033	0.9768388563988735	0.9757887901546662	0.9763793428061849	0.9782437054108194	0.9761488622437653	0.9758369192242234	0.9773233479779625	0.9774348798969889	0.9787096936990701	0.978500524705712	0.9770101892194466	0.972990905598208	0.9754748388299557	0.9730512049806815	0.9747735996146758	0.9767040961791612	0.9696425442406666	0.9773016551169951	0.9778182831697214	0.9790275592174821	0.9774443370704268
0.9813366464039075	0.9799807861603591	0.9748598232377946	0.9817595365382786	0.982330615051336	0.9735042461713294	0.9761351385458669	0.9826301066819197	0.9615783877425342	0.9767033861260535	0.9835208273509402	0.9782181988725879	1.0	0.998965586609036	0.9818074225134736	0.9811173190643416	0.980252887756429	0.9787508957085129	0.9821057679033688	0.9786565495067177	0.9808279366869408	0.9810620953220676	0.9791571714857812	0.9807432806451635	0.9828095813925535	0.9810683002093451	0.9823186350124856	0.9752916049874418	0.9809413650738489	0.9778128014372302	0.9751545524091293	0.9783209869194927	0.9699202360536661	0.9808775317610668	0.9815109923058155	0.9820679285998906	0.9795753204750948
0.9803893831580606	0.9794686193006541	0.9737553904280488	0.9807827587945415	0.9818298149522557	0.9731226226745279	0.9753725714287149	0.9820628460727387	0.9601641098842244	0.9755657571739308	0.9829921895453057	0.9770984265873417	0.998965586609036	1.0	0.9808280685565596	0.9801885758854834	0.9793397075815076	0.9776223702132713	0.9810105639524138	0.9775879602292569	0.9803486842510271	0.9805500515686953	0.9780965644321733	0.9799117779093028	0.9818289893335902	0.9799937994718403	0.9814938537928841	0.9748343614826748	0.9798781042293503	0.9774051698962261	0.9740695634933519	0.9771843068290849	0.9687355338220447	0.9800678037479816	0.9806004889139385	0.9811231011048521	0.9790744200417245
0.9808287141944981	0.9771761258445489	0.9726008973140144	0.9800916598876805	0.979872421084741	0.9736011065881837	0.9764269581456365	0.9814229224253832	0.9631231378956471	0.9754153065010229	0.9794453524549043	0.9805763621421293	0.9818074225134736	0.9808280685565596	1.0	0.9801021127725505	0.9792544235223215	0.9800905353917864	0.98104424438071	0.9806841734504882	0.9797432536610498	0.9800075071328086	0.9794687417209642	0.9793356621654151	0.9821670725480598	0.9795902589743468	0.9805431859010434	0.977120175179301	0.9800454998764434	0.9750575776332012	0.9752746501298296	0.9787974519369265	0.9711048227206942	0.9807514136138127	0.9803877316606103	0.9818039545325905	0.9803027354695653
0.9799692317072047	0.9773352613220885	0.972952780339109	0.9792138243970298	0.9806346856706069	0.9727764195802479	0.9748303593977743	0.9809684470606994	0.9603268034028454	0.9755509029969945	0.9799265112094927	0.9783196956160033	0.9811173190643416	0.9801885758854834	0.9801021127725505	1.0	0.9811666368873996	0.9758005857139307	0.9775054378421286	0.9779907939315569	0.9783060338119175	0.9778103227323349	0.9780153154864043	0.9798723254216356	0.9800168742726408	0.978809091005678	0.9801746627619577	0.9727574519666067	0.9763947144018729	0.9747734301369345	0.9743953804216029	0.9772582545483744	0.9692717573113122	0.9795559786151316	0.9802839340873992	0.9812565231665924	0.9771123181816654
0.9795914118285864	0.9775542894105403	0.9727365623821413	0.978475136172752	0.9805696452919214	0.972461241853753	0.9732399491755236	0.9791282980367753	0.9606217807086155	0.975441285972954	0.9787004106726097	0.9768388563988735	0.980252887756429	0.9793397075815076	0.9792544235223215	0.9811666368873996	1.0	0.9761884346204491	0.9777113576944935	0.9770178788964237	0.9778490122681074	0.9787572897605176	0.9779573387644475	0.979790789559589	0.9793474506361997	0.9775564047566371	0.9791354269330359	0.9725340473384833	0.9764504754704545	0.9758994946438707	0.9737066933691017	0.9765393721150744	0.9695650010452885	0.9790625445930992	0.9797131803898772	0.9793613884599243	0.9778641808597694
0.9768320484607963	0.9747480281046474	0.9682640986085493	0.975202154004178	0.9764735199065708	0.9687929354038245	0.9739697480478099	0.9771775252537896	0.9564871435389686	0.970792079867691	0.9762273236470048	0.9757887901546662	0.9787508957085129	0.9776223702132713	0.9800905353917864	0.9758005857139307	0.9761884346204491	1.0	0.9776264652054131	0.975293508533118	0.9768373588389703	0.9776072086564781	0.9788470557456211	0.9753698252464181	0.9767595867915512	0.9766470480129811	0.9756734505823924	0.9949985922349471	0.976453868172135	0.9733608991528815	0.970965854222765	0.9756228737875001	0.9683820625477357	0.9760704295403527	0.976763269188933	0.9804456292833871	0.9812939924871015
0.9792884468756003	0.976393741461471	0.9718291996722295	0.9789075370821262	0.9787802537192405	0.9718508910210627	0.9751448871151253	0.9793032074069344	0.9612490229690737	0.9739172062813536	0.9798176279588497	0.9763793428061849	0.9821057679033688	0.9810105639524138	0.98104424438071	0.9775054378421286	0.9777113576944935	0.9776264652054131	1.0	0.9789610478692284	0.9792036296759178	0.9785806175998889	0.976818098493613	0.9773880103345828	0.9801459018959716	0.9794969006956202	0.9802172137161498	0.9749541734252156	0.9978693843089945	0.9765953625127836	0.9729171771914097	0.9761374358033466	0.9691328443024394	0.9785351823271493	0.9786489841006094	0.9785479648219848	0.9778885363354327
0.9783307994885008	0.974595232295986	0.9719563392746648	0.9774656745281264	0.9775822815972308	0.9718259786906279	0.9727906275626481	0.9780742610658708	0.9596362849531905	0.9740138475153105	0.9765628679794559	0.9782437054108194	0.9786565495067177	0.9775879602292569	0.9806841734504882	0.9779907939315569	0.9770178788964237	0.975293508533118	0.9789610478692284	1.0	0.9776069250971007	0.9772844662523118	0.9768399602100305	0.9783283811368914	0.9786420636839767	0.9770635098003922	0.9765136089345905	0.9723762191981036	0.9780236413408927	0.9721151406762256	0.9737529486473271	0.9773080831124282	0.970179046085874	0.9778380255531464	0.9781119800037367	0.9790252220979314	0.977397326267378
0.9794170765525575	0.9781681479246769	0.9702323575294327	0.9781265205903661	0.9800527242945936	0.9728394564665573	0.9759126112024079	0.9796915301980367	0.959310317394308	0.9730139216414547	0.9801579401138065	0.9761488622437653	0.9808279366869408	0.9803486842510271	0.9797432536610498	0.9783060338119175	0.9778490122681074	0.9768373588389703	0.9792036296759178	0.9776069250971007	1.0	0.9798301422986972	0.9768553139291297	0.9789843763783461	0.9808891971807101	0.9810180440759633	0.980255745010593	0.9750135620912177	0.9779581741444444	0.9777294550061457	0.9741757080455943	0.9754368423464829	0.968475567270831	0.9793892461775144	0.9786953677756636	0.9796376891759287	0.9799203559308557
0.9786531649481244	0.980010765223855	0.9716915425836478	0.9792813199962715	0.9810091738803717	0.9740546640414104	0.9742642850993218	0.9789264364175029	0.9616057611010508	0.9732844063586884	0.9786073180481044	0.9758369192242234	0.9810620953220676	0.9805500515686953	0.9800075071328086	0.9778103227323349	0.9787572897605176	0.9776072086564781	0.9785806175998889	0.9772844662523118	0.9798301422986972	1.0	0.9774932578839147	0.9782437054108194	0.9794532459080733	0.9776817063785003	0.9786593910530431	0.9754558094431133	0.9773946609724377	0.974670475296893	0.9747937247462068	0.9757660878878474	0.9698704643321868	0.9791289034167779	0.9791568843416525	0.9796445540807243	0.9783458221148867
0.9789620068478002	0.9755751038347068	0.9708332710323079	0.9771420083116703	0.9786801418663301	0.9685753503215195	0.9736912710711281	0.9790520352329716	0.9560284263847623	0.9726140326135903	0.9774411873364763	0.9773233479779625	0.9791571714857812	0.9780965644321733	0.9794687417209642	0.9780153154864043	0.9779573387644475	0.9788470557456211	0.976818098493613	0.9768399602100305	0.9768553139291297	0.9774932578839147	1.0	0.97892287534567	0.9783798128716513	0.9775961034606051	0.9777614672420797	0.9760175549562897	0.9762471497991975	0.9749967704813944	0.9734231691196402	0.9756484000747774	0.9691376038326518	0.9780633619140513	0.9799843312005581	0.979635571287768	0.9776458784374848
0.9806081664920949	0.9772241428629632	0.9705395911198496	0.9777381647156539	0.980057335220297	0.9711479461882501	0.9733862711691441	0.9798149893124914	0.9598400534614233	0.975843460506308	0.9780172992418292	0.9774348798969889	0.9807432806451635	0.9799117779093028	0.9793356621654151	0.9798723254216356	0.979790789559589	0.9753698252464181	0.9773880103345828	0.9783283811368914	0.9789843763783461	0.9782437054108194	0.97892287534567	1.0	0.9788292544440307	0.9789477869920324	0.9792397091824677	0.9725083262042242	0.9760683820280478	0.9735296774735527	0.974083307356091	0.9768454639570315	0.9696892994709999	0.9799760916407058	0.9806865904652297	0.9798536581402378	0.9780747550933288
0.9804198911671865	0.9790582798305681	0.9743357272937841	0.9805546218917977	0.9816188374493818	0.973824496230341	0.978911201822531	0.9806664248249772	0.9615273811367172	0.9762323495302229	0.9816980672169018	0.9787096936990701	0.9828095813925535	0.9818289893335902	0.9821670725480598	0.9800168742726408	0.9793474506361997	0.9767595867915512	0.9801459018959716	0.9786420636839767	0.9808891971807101	0.9794532459080733	0.9783798128716513	0.9788292544440307	1.0	0.9820074560344567	0.9822904453045069	0.9737486302015915	0.9791626466723155	0.9777604252942261	0.9765124439058999	0.9764286575192388	0.9697567988487266	0.9809689434823744	0.9797166991872458	0.9810550431604352	0.9780236413408927
0.980024586236876	0.9771616631704797	0.9711483575648923	0.9789311561842877	0.979789030793851	0.9703182104599802	0.9752313850140791	0.9795807341778062	0.9578058467654947	0.9735931024726494	0.9811070727045724	0.978500524705712	0.9810683002093451	0.9799937994718403	0.9795902589743468	0.978809091005678	0.9775564047566371	0.9766470480129811	0.9794969006956202	0.9770635098003922	0.9810180440759633	0.9776817063785003	0.9775961034606051	0.9789477869920324	0.9820074560344567	1.0	0.9815831835557268	0.9738427690738677	0.9784671848090962	0.9770775107550292	0.975529924604989	0.9768566315629574	0.9699389458206528	0.9788761541373453	0.9782736156960682	0.9799690279857328	0.9775521604556583
0.9803563465052572	0.9788629347083948	0.9716816586293132	0.979107392259856	0.9805904028877613	0.9712433205178457	0.9768275195583127	0.9808955793165398	0.9607269006311159	0.9756116103575491	0.9808772954119052	0.9770101892194466	0.9823186350124856	0.9814938537928841	0.9805431859010434	0.9801746627619577	0.9791354269330359	0.9756734505823924	0.9802172137161498	0.9765136089345905	0.980255745010593	0.9786593910530431	0.9777614672420797	0.9792397091824677	0.9822904453045069	0.9815831835557268	1.0	0.9728320303427987	0.9792984053679613	0.9780595261812127	0.9744592157685747	0.9760716045281138	0.9681624432443137	0.9799921440785148	0.979893871117621	0.9805906745695426	0.9776161512207898
0.9738334356136481	0.9721928472338561	0.9640920253721651	0.971556810739537	0.9739754410030016	0.966784576447092	0.9718027579977262	0.9741298471569676	0.9551841298143575	0.9672108521537851	0.9741947168348459	0.972990905598208	0.9752916049874418	0.9748343614826748	0.977120175179301	0.9727574519666067	0.9725340473384833	0.9949985922349471	0.9749541734252156	0.9723762191981036	0.9750135620912177	0.9754558094431133	0.9760175549562897	0.9725083262042242	0.9737486302015915	0.9738427690738677	0.9728320303427987	1.0	0.9738403540487722	0.9717387558220978	0.9685557816808911	0.9725011706823953	0.9653213914189016	0.9731615927855165	0.9740493705166923	0.9775085478562824	0.9795472982820641
0.9781910282993017	0.9753215518711129	0.970138131662023	0.9773266376795918	0.9774512500329868	0.9703918411528039	0.9744379746185359	0.9782069712394351	0.9595613139444755	0.9723726811102597	0.9786545026718273	0.9754748388299557	0.9809413650738489	0.9798781042293503	0.9800454998764434	0.9763947144018729	0.9764504754704545	0.976453868172135	0.9978693843089945	0.9780236413408927	0.9779581741444444	0.9773946609724377	0.9762471497991975	0.9760683820280478	0.9791626466723155	0.9784671848090962	0.9792984053679613	0.9738403540487722	1.0	0.9760047248809092	0.9715135866457543	0.9755275680715961	0.968143218413619	0.9770923610450593	0.9773872572344818	0.977758534662277	0.9762878713407537
0.9763138139676177	0.9748591366128315	0.9693295156159226	0.9747281982403614	0.9774967490372493	0.9705161837533713	0.9751982286041909	0.9772000005797619	0.9561717627630598	0.971533958241457	0.978786606992482	0.9730512049806815	0.9778128014372302	0.9774051698962261	0.9750575776332012	0.9747734301369345	0.9758994946438707	0.9733608991528815	0.9765953625127836	0.9721151406762256	0.9777294550061457	0.974670475296893	0.9749967704813944	0.9735296774735527	0.9777604252942261	0.9770775107550292	0.9780595261812127	0.9717387558220978	0.9760047248809092	1.0	0.9713955286941137	0.9708455373549827	0.9659764232962383	0.9757555725610132	0.9756626107225048	0.9758204355135633	0.9743606623105043
0.9746931937589851	0.9753205770190334	0.9666348558907674	0.9721222673762764	0.9748114720925593	0.9664611735718529	0.9718964508325049	0.9736706925726942	0.9532459285903037	0.9702772373062909	0.9750839817972604	0.9747735996146758	0.9751545524091293	0.9740695634933519	0.9752746501298296	0.9743953804216029	0.9737066933691017	0.970965854222765	0.9729171771914097	0.9737529486473271	0.9741757080455943	0.9747937247462068	0.9734231691196402	0.974083307356091	0.9765124439058999	0.975529924604989	0.9744592157685747	0.9685557816808911	0.9715135866457543	0.9713955286941137	1.0	0.9726303298493142	0.965644253867088	0.973932362336314	0.9741014863183458	0.9755719158402832	0.9728975798786663
0.9773060019822432	0.9726632456132138	0.969282375839956	0.9758530495334616	0.975366862721585	0.9679746883086118	0.9712577530970063	0.9772460906130135	0.9570312525731195	0.9729741565387977	0.976136655116905	0.9767040961791612	0.9783209869194927	0.9771843068290849	0.9787974519369265	0.9772582545483744	0.9765393721150744	0.9756228737875001	0.9761374358033466	0.9773080831124282	0.9754368423464829	0.9757660878878474	0.9756484000747774	0.9768454639570315	0.9764286575192388	0.9768566315629574	0.9760716045281138	0.9725011706823953	0.9755275680715961	0.9708455373549827	0.9726303298493142	1.0	0.9680773402873389	0.9767653736154822	0.9774448883072624	0.9775028458445028	0.9761513543829943
0.9707127961507022	0.966507504935839	0.9645726834513204	0.9711069230428385	0.9689591212471474	0.9628213058715273	0.9661977313634637	0.9704925115482187	0.9524003450137143	0.9649183950055853	0.9686228375782786	0.9696425442406666	0.9699202360536661	0.9687355338220447	0.9711048227206942	0.9692717573113122	0.9695650010452885	0.9683820625477357	0.9691328443024394	0.970179046085874	0.968475567270831	0.9698704643321868	0.9691376038326518	0.9696892994709999	0.9697567988487266	0.9699389458206528	0.9681624432443137	0.9653213914189016	0.968143218413619	0.9659764232962383	0.965644253867088	0.9680773402873389	1.0	0.9704561928774804	0.9698533782688882	0.970874792910441	0.9683982558148756
0.9822057966480016	0.978173104246402	0.9723792563050709	0.9797955635021094	0.9808020584552506	0.9730135288786728	0.9741042357548688	0.9819071874384582	0.9613341068611548	0.9766319900157402	0.980002917855335	0.9773016551169951	0.9808775317610668	0.9800678037479816	0.9807514136138127	0.9795559786151316	0.9790625445930992	0.9760704295403527	0.9785351823271493	0.9778380255531464	0.9793892461775144	0.9791289034167779	0.9780633619140513	0.9799760916407058	0.9809689434823744	0.9788761541373453	0.9799921440785148	0.9731615927855165	0.9770923610450593	0.9757555725610132	0.973932362336314	0.9767653736154822	0.9704561928774804	1.0	0.982102235775855	0.9812835304638411	0.9781866944384854
0.9821609124598168	0.9779346443122151	0.9724364694179833	0.9803076162670904	0.9800658361584254	0.9717454557173937	0.9746123175141492	0.9821786074369244	0.9605973502596682	0.9755440383291499	0.9793840822504302	0.9778182831697214	0.9815109923058155	0.9806004889139385	0.9803877316606103	0.9802839340873992	0.9797131803898772	0.976763269188933	0.9786489841006094	0.9781119800037367	0.9786953677756636	0.9791568843416525	0.9799843312005581	0.9806865904652297	0.9797166991872458	0.9782736156960682	0.979893871117621	0.9740493705166923	0.9773872572344818	0.9756626107225048	0.9741014863183458	0.9774448883072624	0.9698533782688882	0.982102235775855	1.0	0.9808192057098049	0.9783849366856574
0.981258908738326	0.9780816795039353	0.9731153648645403	0.9801712493215035	0.9811214812829087	0.9741611221127239	0.9762132850344658	0.9819049823304171	0.962565925226753	0.9766151188422607	0.9806290480159197	0.9790275592174821	0.9820679285998906	0.9811231011048521	0.9818039545325905	0.9812565231665924	0.9793613884599243	0.9804456292833871	0.9785479648219848	0.9790252220979314	0.9796376891759287	0.9796445540807243	0.979635571287768	0.9798536581402378	0.9810550431604352	0.9799690279857328	0.9805906745695426	0.9775085478562824	0.977758534662277	0.9758204355135633	0.9755719158402832	0.9775028458445028	0.970874792910441	0.9812835304638411	0.9808192057098049	1.0	0.9807592452128017
0.9783343649463788	0.9758558656919533	0.9695738256786111	0.9763130775426856	0.9788557176689704	0.9719716972288919	0.9736565203099417	0.9787802302368567	0.9602246776577216	0.9732601997900385	0.9781134963096241	0.9774443370704268	0.9795753204750948	0.9790744200417245	0.9803027354695653	0.9771123181816654	0.9778641808597694	0.9812939924871015	0.9778885363354327	0.977397326267378	0.9799203559308557	0.9783458221148867	0.9776458784374848	0.9780747550933288	0.9780236413408927	0.9775521604556583	0.9776161512207898	0.9795472982820641	0.9762878713407537	0.9743606623105043	0.9728975798786663	0.9761513543829943	0.9683982558148756	0.9781866944384854	0.9783849366856574	0.9807592452128017	1.0
