/home/jshaw/scratch/2022_sketched_distance/references/SGB_genome_fastas_part1_redo/1887/ChengpingW_2017__AS42raw__bin.81.fa	/home/jshaw/scratch/2022_sketched_distance/references/SGB_genome_fastas_part1_redo/1887/ChengpingW_2017__AS54raw__bin.17.fa	/home/jshaw/scratch/2022_sketched_distance/references/SGB_genome_fastas_part1_redo/1887/FerrettiP_2018__CA_C10029IS2503FE_t3M15__bin.3.fa	/home/jshaw/scratch/2022_sketched_distance/references/SGB_genome_fastas_part1_redo/1887/HeQ_2017__RSZAXPI003081-115__bin.31.fa	/home/jshaw/scratch/2022_sketched_distance/references/SGB_genome_fastas_part1_redo/1887/HeQ_2017__RSZAXPI003102-140__bin.5.fa	/home/jshaw/scratch/2022_sketched_distance/references/SGB_genome_fastas_part1_redo/1887/HeQ_2017__RSZAXPI003105-143__bin.29.fa	/home/jshaw/scratch/2022_sketched_distance/references/SGB_genome_fastas_part1_redo/1887/HeQ_2017__SZAXPI029460-123__bin.30.fa	/home/jshaw/scratch/2022_sketched_distance/references/SGB_genome_fastas_part1_redo/1887/LeChatelierE_2013__MH0321__bin.36.fa	/home/jshaw/scratch/2022_sketched_distance/references/SGB_genome_fastas_part1_redo/1887/LiJ_2014__O2.UC8-0__bin.48.fa	/home/jshaw/scratch/2022_sketched_distance/references/SGB_genome_fastas_part1_redo/1887/LiJ_2014__O2.UC8-1__bin.57.fa	/home/jshaw/scratch/2022_sketched_distance/references/SGB_genome_fastas_part1_redo/1887/LiJ_2017__H1M513803__bin.32.fa	/home/jshaw/scratch/2022_sketched_distance/references/SGB_genome_fastas_part1_redo/1887/LiJ_2017__H2M514917__bin.38.fa	/home/jshaw/scratch/2022_sketched_distance/references/SGB_genome_fastas_part1_redo/1887/QinJ_2012__CON-022__bin.36.fa	/home/jshaw/scratch/2022_sketched_distance/references/SGB_genome_fastas_part1_redo/1887/QinJ_2012__CON-040__bin.45.fa	/home/jshaw/scratch/2022_sketched_distance/references/SGB_genome_fastas_part1_redo/1887/QinJ_2012__CON-074__bin.14.fa	/home/jshaw/scratch/2022_sketched_distance/references/SGB_genome_fastas_part1_redo/1887/QinJ_2012__CON-084__bin.10.fa	/home/jshaw/scratch/2022_sketched_distance/references/SGB_genome_fastas_part1_redo/1887/QinJ_2012__CON-094__bin.51.fa	/home/jshaw/scratch/2022_sketched_distance/references/SGB_genome_fastas_part1_redo/1887/QinJ_2012__CON-098__bin.12.fa	/home/jshaw/scratch/2022_sketched_distance/references/SGB_genome_fastas_part1_redo/1887/QinJ_2012__NLM032__bin.22.fa	/home/jshaw/scratch/2022_sketched_distance/references/SGB_genome_fastas_part1_redo/1887/QinJ_2012__NOM022__bin.8.fa	/home/jshaw/scratch/2022_sketched_distance/references/SGB_genome_fastas_part1_redo/1887/QinJ_2012__T2D-008__bin.19.fa	/home/jshaw/scratch/2022_sketched_distance/references/SGB_genome_fastas_part1_redo/1887/QinJ_2012__T2D-023__bin.48.fa	/home/jshaw/scratch/2022_sketched_distance/references/SGB_genome_fastas_part1_redo/1887/QinJ_2012__T2D-087__bin.26.fa	/home/jshaw/scratch/2022_sketched_distance/references/SGB_genome_fastas_part1_redo/1887/QinN_2014__HD-26__bin.35.fa	/home/jshaw/scratch/2022_sketched_distance/references/SGB_genome_fastas_part1_redo/1887/QinN_2014__HD-43__bin.29.fa	/home/jshaw/scratch/2022_sketched_distance/references/SGB_genome_fastas_part1_redo/1887/QinN_2014__HD-58__bin.4.fa	/home/jshaw/scratch/2022_sketched_distance/references/SGB_genome_fastas_part1_redo/1887/QinN_2014__HD-81__bin.7.fa	/home/jshaw/scratch/2022_sketched_distance/references/SGB_genome_fastas_part1_redo/1887/QinN_2014__LD-16__bin.6.fa	/home/jshaw/scratch/2022_sketched_distance/references/SGB_genome_fastas_part1_redo/1887/QinN_2014__LD-74__bin.17.fa	/home/jshaw/scratch/2022_sketched_distance/references/SGB_genome_fastas_part1_redo/1887/QinN_2014__LD-84__bin.67.fa	/home/jshaw/scratch/2022_sketched_distance/references/SGB_genome_fastas_part1_redo/1887/VogtmannE_2016__MMRS56137463ST-27-0-0__bin.1.fa	/home/jshaw/scratch/2022_sketched_distance/references/SGB_genome_fastas_part1_redo/1887/VogtmannE_2016__MMRS67247116ST-27-0-0__bin.90.fa	/home/jshaw/scratch/2022_sketched_distance/references/SGB_genome_fastas_part1_redo/1887/VogtmannE_2016__MMRS93621581ST-27-0-0__bin.75.fa	/home/jshaw/scratch/2022_sketched_distance/references/SGB_genome_fastas_part1_redo/1887/WenC_2017__N010__bin.15.fa	/home/jshaw/scratch/2022_sketched_distance/references/SGB_genome_fastas_part1_redo/1887/WenC_2017__N287__bin.41.fa	/home/jshaw/scratch/2022_sketched_distance/references/SGB_genome_fastas_part1_redo/1887/WenC_2017__RA068__bin.5.fa	/home/jshaw/scratch/2022_sketched_distance/references/SGB_genome_fastas_part1_redo/1887/YuJ_2015__SZAXPI003417-4__bin.21.fa	/home/jshaw/scratch/2022_sketched_distance/references/SGB_genome_fastas_part1_redo/1887/YuJ_2015__SZAXPI015210-17__bin.10.fa	/home/jshaw/scratch/2022_sketched_distance/references/SGB_genome_fastas_part1_redo/1887/YuJ_2015__SZAXPI015213-15__bin.3.fa	/home/jshaw/scratch/2022_sketched_distance/references/SGB_genome_fastas_part1_redo/1887/YuJ_2015__SZAXPI015258-57__bin.36.fa	/home/jshaw/scratch/2022_sketched_distance/references/SGB_genome_fastas_part1_redo/1887/YuJ_2015__SZAXPI017586-111__bin.46.fa
1.0	0.9846755944568986	0.9798727597913239	0.9766635179311723	0.9766856414790573	0.9796602054380362	0.985583891282652	0.9849910553488508	0.9849379726900093	0.9849304635048743	0.984927515251366	0.9849681881124487	0.9845309366552554	0.9778953768215974	0.9782723175616296	0.9830261100624939	0.9861319162774264	0.9853327460175436	0.9837320426330688	0.9858819498037723	0.9830963968659945	0.9856231343896118	0.9852999303406127	0.9843181537963439	0.9849965893564557	0.9790600785718621	0.9850816404952478	0.9850397682000192	0.985046916445815	0.9853952341228863	0.9779693043213401	0.9838920409240649	0.98106741075821	0.985885988049957	0.9840432369622641	0.9851166405577132	0.9815799901507236	0.9774148396122134	0.9780838802542877	0.9804923541939782	0.9843324687620111
0.9846755944568986	1.0	0.9852119780617338	0.9787746026697717	0.9791035757113649	0.9846347120534161	0.9895821531505983	0.9897578179934381	0.9897934114706686	0.9897609176777499	0.9905122553266086	0.9893933035690713	0.9888869211205142	0.9798970879869102	0.9840003058279225	0.9873538148244593	0.9901147721735308	0.990021430410781	0.9884594015518354	0.9901306127575293	0.9864552926318148	0.9896157737605853	0.9893232393784976	0.9888832070394393	0.9896434405890583	0.9834789244794038	0.9896352956128431	0.989416554669645	0.9898674102385967	0.9895458795584986	0.9827741044292395	0.9879812852522231	0.9854540757510482	0.9903482595741722	0.9879098001557276	0.9890645778720971	0.9846975793992389	0.9807522301667146	0.981917702716224	0.9841581802507139	0.9889922849239354
0.9798727597913239	0.9852119780617338	1.0	0.9704311767146612	0.9733222303357565	0.9849377930948389	0.9853346907181375	0.9861371469393485	0.986220501789063	0.9856345346838803	0.9841961485987324	0.9859969202709976	0.9841266616481592	0.9696214548618779	0.9864578590179198	0.983104996147146	0.9864311822868564	0.9864434609316968	0.9830626052494515	0.985821119360854	0.982540435152587	0.9859121029022058	0.9847608104073886	0.9853919964466697	0.9864494560026762	0.9851403610463326	0.985538041910384	0.9867456767854657	0.9869380852411842	0.9858710363406519	0.9854274441093873	0.9869874469044473	0.9873857860226256	0.9871778562270282	0.9834747854806969	0.9865137105414529	0.9797674033468067	0.9720185094932514	0.976281722169013	0.9800203535420683	0.9847158804993109
0.9766635179311723	0.9787746026697717	0.9704311767146612	1.0	0.9959012073488677	0.9696290867022336	0.9835323506492172	0.9816195765001885	0.9813140143378305	0.9815692329394132	0.9800692575272519	0.9830723090636059	0.9809232081506787	0.9893312540679251	0.9633756456627113	0.9799663703931107	0.9835494730358328	0.9817686773001405	0.9830884409178383	0.9830609129799125	0.9796253721377509	0.9828640137994475	0.9831609008532027	0.9812165764696316	0.9860373111024909	0.9748627419762742	0.9823088787753658	0.9839473340922388	0.9816671828076788	0.9820064197273032	0.9666783569635706	0.9810541684648736	0.9742590062931084	0.9841010743687947	0.9819790363393623	0.9822088446981365	0.9884517238096091	0.9885602934376099	0.9791271991291586	0.9794914510351576	0.9796139481086965
0.9766856414790573	0.9791035757113649	0.9733222303357565	0.9959012073488677	1.0	0.9734750208568228	0.9844312661939522	0.9821193309328842	0.9811707119194946	0.981666756374001	0.9808652154421154	0.9840423432814686	0.9814791281324503	0.9876140522567444	0.9660655016474656	0.980639646300233	0.9842441859936536	0.9822289197831847	0.982670741056323	0.983505237415856	0.9794462219612	0.9834450341978087	0.9840196275447147	0.9818793743701885	0.9867703083809659	0.973257683937075	0.9833235954297112	0.984787510140035	0.982714728826249	0.9823892340240411	0.9687006612996129	0.9815565185988496	0.9746183725768088	0.9848179892049164	0.9824808475766623	0.9833317724174404	0.9875953144846457	0.9866885954999458	0.9796398001230895	0.9799228207684055	0.9807543285507146
0.9796602054380362	0.9846347120534161	0.9849377930948389	0.9696290867022336	0.9734750208568228	1.0	0.9896513236760566	0.9842776301750931	0.9842704290962524	0.9837140610534749	0.9849396235025129	0.985081060146324	0.9849045164257404	0.9738995047644083	0.9849841715668799	0.9846752222873472	0.9856053482150915	0.9862310785967169	0.9830865180721509	0.9861993777933047	0.9835155798682309	0.9849652085008803	0.9876299695281051	0.9849408419744722	0.9845173242713776	0.987727871521209	0.9855627785885214	0.9849921501949876	0.9856400667549914	0.9852484570155525	0.9807139309799972	0.9828409297269071	0.9860781352144756	0.9855453507500731	0.9841653533651537	0.9856241360634175	0.9811433457897483	0.9721943289832237	0.9772427586572194	0.9791329631354865	0.9844943343489492
0.985583891282652	0.9895821531505983	0.9853346907181375	0.9835323506492172	0.9844312661939522	0.9896513236760566	1.0	0.9913526652924979	0.9916878525274719	0.992144323625256	0.9894337476946334	0.9940096156515403	0.9899883117938769	0.9827158977705684	0.9851607551187012	0.9887543461538763	0.9940715192840632	0.9931021639367325	0.9898582792034681	0.9933107172553032	0.9885668054136904	0.9940420335174243	0.9966736907134721	0.9928301041347539	0.9932460324173017	0.9840444699615218	0.9930472333366815	0.9930192408740408	0.9933841427758654	0.992369210139744	0.9844911401845519	0.9898322259829822	0.9871403546070647	0.9929179424930035	0.9907864974634903	0.9932887720578911	0.9888976752993608	0.9856470211323306	0.9819009629503891	0.9867191907512732	0.9901664737051259
0.9849910553488508	0.9897578179934381	0.9861371469393485	0.9816195765001885	0.9821193309328842	0.9842776301750931	0.9913526652924979	1.0	0.9910822475746037	0.9912043650695245	0.9892422129465662	0.991202436252904	0.9899770994387462	0.9818950777822532	0.9849782551997993	0.9886686845076766	0.9923973767801044	0.9914341621478295	0.9899223955533734	0.9925350784793877	0.988444397979839	0.9921795105409533	0.9916843922547868	0.9909238062851977	0.9914293517734273	0.9850831346436627	0.991437110865346	0.9913607539261494	0.9915723500668974	0.991655506645941	0.98367684168094	0.9902142574710645	0.9863580579444374	0.9916073285261341	0.9893935924440407	0.9909966860165457	0.9868582677005532	0.9830758837449548	0.9827661838070213	0.9859574120039022	0.9899120358918785
0.9849379726900093	0.9897934114706686	0.986220501789063	0.9813140143378305	0.9811707119194946	0.9842704290962524	0.9916878525274719	0.9910822475746037	1.0	0.9977290057848164	0.9881818442708733	0.9917056614263361	0.9889011895915623	0.9823248912010955	0.9840116092920843	0.9875248418486786	0.992880773179189	0.9917948208078355	0.9885004886273463	0.9919984514979769	0.9882124602232749	0.9916852945587529	0.9916834638569537	0.9911821354887272	0.9922245990888439	0.9837238574271858	0.9908222656728041	0.9917395958649594	0.9922746506484729	0.9910790916619947	0.9831474922656048	0.989486619879083	0.9864738832519906	0.9918041987944938	0.9889287008266467	0.9914494213739689	0.9870114109102258	0.9822772815568916	0.9814587369697978	0.9856987018737233	0.9896076409875149
0.9849304635048743	0.9897609176777499	0.9856345346838803	0.9815692329394132	0.981666756374001	0.9837140610534749	0.992144323625256	0.9912043650695245	0.9977290057848164	1.0	0.9883429585686254	0.9919565196017587	0.9893777663030885	0.9820194574945146	0.9843673649803765	0.9873785202235085	0.9930573658514419	0.9919167755196788	0.9885611015840577	0.9918628078987085	0.9879240754439732	0.992245790392224	0.9918014868237744	0.9913742084604487	0.9924718055010192	0.9832114338324149	0.9910101590573912	0.9914031249349397	0.9923750783924501	0.9909388688100498	0.983907740865963	0.9897468115112782	0.9859935990952666	0.9915804481296526	0.9890337236440053	0.9917057689103691	0.9876740247926727	0.9824269641884046	0.981538565270765	0.9854886663429895	0.9895427853385478
0.984927515251366	0.9905122553266086	0.9841961485987324	0.9800692575272519	0.9808652154421154	0.9849396235025129	0.9894337476946334	0.9892422129465662	0.9881818442708733	0.9883429585686254	1.0	0.9889952674425943	0.9885156735767245	0.9794480425750766	0.9843223631371716	0.9877218715470439	0.9892975040719764	0.9894517568912574	0.9879630276255948	0.9894937819526918	0.9866160288953091	0.989380661543216	0.9890601158152199	0.9881611012032082	0.9900883679506031	0.9840582039255525	0.9894736639880493	0.9892922387018399	0.9890937637865652	0.9891917671619247	0.982722680696796	0.98713040719769	0.9854877341053936	0.9913386301361906	0.987933105517304	0.9887617257260433	0.9842278256487011	0.9798851532740475	0.9813204762904651	0.9838086761533976	0.9883290745265008
0.9849681881124487	0.9893933035690713	0.9859969202709976	0.9830723090636059	0.9840423432814686	0.985081060146324	0.9940096156515403	0.991202436252904	0.9917056614263361	0.9919565196017587	0.9889952674425943	1.0	0.9892500866308421	0.9839186364565518	0.9870173489823851	0.9886125225508379	0.9939401668017377	0.9925469119516053	0.9902670215616411	0.9924028897921701	0.9877584058815096	0.9946623239373714	0.9932342583424154	0.9921161871081448	0.9933200359790867	0.9849896307121412	0.9956725072987166	0.9927375138962424	0.9934189474671472	0.9927000724039917	0.985376814339977	0.9898739808675071	0.9874839654640033	0.9930561545518377	0.9899569320461898	0.9958585317904749	0.9879843773515046	0.9853634600249892	0.9818305877354184	0.9866985005757704	0.9899358178133054
0.9845309366552554	0.9888869211205142	0.9841266616481592	0.9809232081506787	0.9814791281324503	0.9849045164257404	0.9899883117938769	0.9899770994387462	0.9889011895915623	0.9893777663030885	0.9885156735767245	0.9892500866308421	1.0	0.9822691205175166	0.9827025325251205	0.9880849458211667	0.9900837517272911	0.9901609449722008	0.9887396897451968	0.9921266141797382	0.9879301254819576	0.9899077782078508	0.9893114722877677	0.9889412767263559	0.988970749370255	0.9842514640316404	0.9893724470839587	0.9895324004739432	0.9895353876615205	0.9900134342093346	0.9806393787912802	0.9886759030047292	0.9849165701381974	0.9896374153950618	0.9884566550752663	0.9888537007469778	0.9860704617772936	0.9821065547351484	0.983147238005848	0.9850435258790481	0.98906577232938
0.9778953768215974	0.9798970879869102	0.9696214548618779	0.9893312540679251	0.9876140522567444	0.9738995047644083	0.9827158977705684	0.9818950777822532	0.9823248912010955	0.9820194574945146	0.9794480425750766	0.9839186364565518	0.9822691205175166	1.0	0.964029845960302	0.9830223174124524	0.9834912278480197	0.9834362451376047	0.9850662525186428	0.9840972839815505	0.9813796836752785	0.9829777482515291	0.9829372337751907	0.9813554923097046	0.982079562728545	0.9785913744363148	0.9830299076855793	0.9820881645268497	0.9826375000872598	0.983293412489295	0.9619985388507108	0.9821803766243468	0.974700866945244	0.9822080425495846	0.9822829094531063	0.9834666913394243	0.9880376756975258	0.9894564752620059	0.9821189307086766	0.9800827968777575	0.9816879978327058
0.9782723175616296	0.9840003058279225	0.9864578590179198	0.9633756456627113	0.9660655016474656	0.9849841715668799	0.9851607551187012	0.9849782551997993	0.9840116092920843	0.9843673649803765	0.9843223631371716	0.9870173489823851	0.9827025325251205	0.964029845960302	1.0	0.9824893318672793	0.9856892094120692	0.9851304870848555	0.9828922676340637	0.9851716917241128	0.9816444447253748	0.9863900492101639	0.9845051895655125	0.9843956240211663	0.9853751034858754	0.986208989328462	0.9866013208474124	0.9847867159653625	0.9852140969293476	0.9854480174784137	0.9888521462295944	0.9811030746013155	0.9887345107990031	0.9858219223338257	0.9833185093876674	0.9871779719339312	0.9750363267157858	0.9657206795627096	0.9733619660459075	0.9809692654899215	0.9838129643219182
0.9830261100624939	0.9873538148244593	0.983104996147146	0.9799663703931107	0.980639646300233	0.9846752222873472	0.9887543461538763	0.9886686845076766	0.9875248418486786	0.9873785202235085	0.9877218715470439	0.9886125225508379	0.9880849458211667	0.9830223174124524	0.9824893318672793	1.0	0.9888966119446247	0.9890719107104168	0.9880163771853941	0.9890166159730074	0.9867580625007072	0.9886995390392438	0.9880446356543495	0.98755083235693	0.987579100193675	0.9861316832947301	0.9889101626445266	0.9875234058140213	0.9884790340369917	0.9894733465975855	0.9794613607554281	0.9874786376084989	0.9840840547623634	0.9882770838159436	0.9875843694199216	0.9887210514766965	0.9854627182233208	0.9826214949364159	0.9818542670273198	0.9842066080830459	0.9880141131350787
0.9861319162774264	0.9901147721735308	0.9864311822868564	0.9835494730358328	0.9842441859936536	0.9856053482150915	0.9940715192840632	0.9923973767801044	0.992880773179189	0.9930573658514419	0.9892975040719764	0.9939401668017377	0.9900837517272911	0.9834912278480197	0.9856892094120692	0.9888966119446247	1.0	0.9929503361562143	0.990030160124197	0.9934922758053486	0.9892660128212817	0.9939475845355854	0.9937636952285278	0.9932093301112669	0.9934982956035118	0.985096124955043	0.9930012678119906	0.992986802518116	0.9936271829098293	0.9928975644579966	0.9846534258214042	0.9908237399877774	0.9881370589500337	0.9931215570897552	0.9907429276884301	0.993400357934819	0.9889702491732063	0.9847439009669722	0.9828049221153274	0.9875858173001633	0.9906744543038416
0.9853327460175436	0.990021430410781	0.9864434609316968	0.9817686773001405	0.9822289197831847	0.9862310785967169	0.9931021639367325	0.9914341621478295	0.9917948208078355	0.9919167755196788	0.9894517568912574	0.9925469119516053	0.9901609449722008	0.9834362451376047	0.9851304870848555	0.9890719107104168	0.9929503361562143	1.0	0.9892293799806663	0.9929739545396858	0.9887134955544643	0.9923340860147061	0.9926714434914213	0.9911438445953544	0.9919890228735746	0.9846364158183379	0.9920641747744663	0.9920755676430009	0.9927507122876057	0.9921613567838531	0.9844282351289186	0.9901198830662435	0.987189916148733	0.9924540738584094	0.990543397058099	0.992197744204225	0.9874338308299309	0.9842337066987552	0.982799602498726	0.9863954853808694	0.9903427227767845
0.9837320426330688	0.9884594015518354	0.9830626052494515	0.9830884409178383	0.982670741056323	0.9830865180721509	0.9898582792034681	0.9899223955533734	0.9885004886273463	0.9885611015840577	0.9879630276255948	0.9902670215616411	0.9887396897451968	0.9850662525186428	0.9828922676340637	0.9880163771853941	0.990030160124197	0.9892293799806663	1.0	0.9907182227188711	0.9882775332312786	0.9922716875740981	0.9896384791540609	0.988942202984234	0.9889260973930866	0.9847636252315444	0.9913354046523017	0.9886226395909896	0.989637551073311	0.9904941754576589	0.9801180894892763	0.9885619700888769	0.9836745343581276	0.9893851286118667	0.9886198583663659	0.9899918024545268	0.9878310275412066	0.9848626981635489	0.9854564642518697	0.9867464200810322	0.9888011501896797
0.9858819498037723	0.9901306127575293	0.985821119360854	0.9830609129799125	0.983505237415856	0.9861993777933047	0.9933107172553032	0.9925350784793877	0.9919984514979769	0.9918628078987085	0.9894937819526918	0.9924028897921701	0.9921266141797382	0.9840972839815505	0.9851716917241128	0.9890166159730074	0.9934922758053486	0.9929739545396858	0.9907182227188711	1.0	0.9896583148392732	0.9928429203257164	0.9925331122651366	0.9918446035815878	0.992772711547706	0.9851590171038036	0.9921698592290615	0.9927309207010727	0.992756463942361	0.9925141495505958	0.9837778954685511	0.9907067706789205	0.9874957455958493	0.9928017230517874	0.9909488399769082	0.9922986390658148	0.9885000399842857	0.9846122136792501	0.9839028816532656	0.9869148630141332	0.9902653164841149
0.9830963968659945	0.9864552926318148	0.982540435152587	0.9796253721377509	0.9794462219612	0.9835155798682309	0.9885668054136904	0.988444397979839	0.9882124602232749	0.9879240754439732	0.9866160288953091	0.9877584058815096	0.9879301254819576	0.9813796836752785	0.9816444447253748	0.9867580625007072	0.9892660128212817	0.9887134955544643	0.9882775332312786	0.9896583148392732	1.0	0.9886609512444273	0.9884897286117874	0.987983372747584	0.9882116151660397	0.9837124519098339	0.9885373601954626	0.9878812344652831	0.9878858778646635	0.9891419928378116	0.9798536961128071	0.9870890906627476	0.9848478928881103	0.988512407660337	0.9874893079206843	0.987673423731296	0.9844489177984788	0.9807144915036868	0.9822444914644338	0.9839919050866838	0.9875103634701129
0.9856231343896118	0.9896157737605853	0.9859121029022058	0.9828640137994475	0.9834450341978087	0.9849652085008803	0.9940420335174243	0.9921795105409533	0.9916852945587529	0.992245790392224	0.989380661543216	0.9946623239373714	0.9899077782078508	0.9829777482515291	0.9863900492101639	0.9886995390392438	0.9939475845355854	0.9923340860147061	0.9922716875740981	0.9928429203257164	0.9886609512444273	1.0	0.9934245187628317	0.9925641050388548	0.992988332357827	0.984485462499378	0.9940097258340841	0.9929287395472415	0.9932631148025844	0.9929140017512713	0.9854023697815136	0.9903607929331343	0.9867300209581897	0.9929869242623648	0.9901608162437859	0.9950317080326296	0.9880253665420717	0.9845094412211974	0.9823523006494965	0.9873273912342532	0.9905513154651426
0.9852999303406127	0.9893232393784976	0.9847608104073886	0.9831609008532027	0.9840196275447147	0.9876299695281051	0.9966736907134721	0.9916843922547868	0.9916834638569537	0.9918014868237744	0.9890601158152199	0.9932342583424154	0.9893114722877677	0.9829372337751907	0.9845051895655125	0.9880446356543495	0.9937636952285278	0.9926714434914213	0.9896384791540609	0.9925331122651366	0.9884897286117874	0.9934245187628317	1.0	0.9924006134354396	0.9926079101287174	0.9831475330399911	0.9927332751681004	0.9928127962510315	0.9927880295497976	0.9920757177330183	0.9842552331545399	0.989670321370968	0.9861312174609619	0.9923236664350864	0.9900952407504076	0.9929879049635922	0.9881804693774993	0.9858303859912165	0.9820573364418719	0.9865333628346821	0.989953554590139
0.9843181537963439	0.9888832070394393	0.9853919964466697	0.9812165764696316	0.9818793743701885	0.9849408419744722	0.9928301041347539	0.9909238062851977	0.9911821354887272	0.9913742084604487	0.9881611012032082	0.9921161871081448	0.9889412767263559	0.9813554923097046	0.9843956240211663	0.98755083235693	0.9932093301112669	0.9911438445953544	0.988942202984234	0.9918446035815878	0.987983372747584	0.9925641050388548	0.9924006134354396	1.0	0.9917601077083648	0.9834278783231301	0.9915282692935629	0.9915780682024312	0.9926387915370272	0.9916446243297082	0.9829768840406736	0.9896390798203795	0.9859960478456462	0.9914351484128487	0.9891879162310467	0.9918789496425187	0.9872414169392503	0.9834700394167344	0.9810127565481467	0.9855503837822503	0.9895857346423114
0.9849965893564557	0.9896434405890583	0.9864494560026762	0.9860373111024909	0.9867703083809659	0.9845173242713776	0.9932460324173017	0.9914293517734273	0.9922245990888439	0.9924718055010192	0.9900883679506031	0.9933200359790867	0.988970749370255	0.982079562728545	0.9853751034858754	0.987579100193675	0.9934982956035118	0.9919890228735746	0.9889260973930866	0.992772711547706	0.9882116151660397	0.992988332357827	0.9926079101287174	0.9917601077083648	1.0	0.9837908010419603	0.9918855753158898	0.9939313926798395	0.9926830217600374	0.992213101926978	0.9850888192298348	0.9900325521069472	0.9873786257789048	0.9949800578168886	0.990291169900891	0.9932384302630399	0.9880260490728188	0.9839224976549491	0.9817185228699862	0.9863209079728061	0.9900881910701442
0.9790600785718621	0.9834789244794038	0.9851403610463326	0.9748627419762742	0.973257683937075	0.987727871521209	0.9840444699615218	0.9850831346436627	0.9837238574271858	0.9832114338324149	0.9840582039255525	0.9849896307121412	0.9842514640316404	0.9785913744363148	0.986208989328462	0.9861316832947301	0.985096124955043	0.9846364158183379	0.9847636252315444	0.9851590171038036	0.9837124519098339	0.984485462499378	0.9831475330399911	0.9834278783231301	0.9837908010419603	1.0	0.9852522026284651	0.9837129346151612	0.984238049036402	0.9857864216071107	0.9801659410022631	0.9826108509861156	0.9870771159773851	0.9849106170604285	0.9835110420177882	0.9852087233470673	0.9836695032124759	0.9762661859388987	0.9794510629755655	0.9811896188147405	0.9836713700642811
0.9850816404952478	0.9896352956128431	0.985538041910384	0.9823088787753658	0.9833235954297112	0.9855627785885214	0.9930472333366815	0.991437110865346	0.9908222656728041	0.9910101590573912	0.9894736639880493	0.9956725072987166	0.9893724470839587	0.9830299076855793	0.9866013208474124	0.9889101626445266	0.9930012678119906	0.9920641747744663	0.9913354046523017	0.9921698592290615	0.9885373601954626	0.9940097258340841	0.9927332751681004	0.9915282692935629	0.9918855753158898	0.9852522026284651	1.0	0.9917380703625781	0.9925095351904859	0.9927071437622775	0.9848492290318889	0.9901008654822177	0.9865837862772121	0.9925234184292354	0.9900623262590663	0.9945310793730705	0.9873541760780293	0.9837682486128985	0.9823610391303345	0.9866406247138774	0.9899962582366209
0.9850397682000192	0.989416554669645	0.9867456767854657	0.9839473340922388	0.984787510140035	0.9849921501949876	0.9930192408740408	0.9913607539261494	0.9917395958649594	0.9914031249349397	0.9892922387018399	0.9927375138962424	0.9895324004739432	0.9820881645268497	0.9847867159653625	0.9875234058140213	0.992986802518116	0.9920755676430009	0.9886226395909896	0.9927309207010727	0.9878812344652831	0.9929287395472415	0.9928127962510315	0.9915780682024312	0.9939313926798395	0.9837129346151612	0.9917380703625781	1.0	0.9926175335556463	0.9918604895775228	0.9849563661592193	0.9899890047196594	0.9863532956145682	0.9940472956508264	0.9899179041120051	0.9922800071064679	0.987835593966219	0.9833701690211073	0.982295708473188	0.9863932551363165	0.9896283440749968
0.985046916445815	0.9898674102385967	0.9869380852411842	0.9816671828076788	0.982714728826249	0.9856400667549914	0.9933841427758654	0.9915723500668974	0.9922746506484729	0.9923750783924501	0.9890937637865652	0.9934189474671472	0.9895353876615205	0.9826375000872598	0.9852140969293476	0.9884790340369917	0.9936271829098293	0.9927507122876057	0.989637551073311	0.992756463942361	0.9878858778646635	0.9932631148025844	0.9927880295497976	0.9926387915370272	0.9926830217600374	0.984238049036402	0.9925095351904859	0.9926175335556463	1.0	0.9923157693038229	0.9843949713179747	0.989949441543572	0.9871878923034514	0.992854642182468	0.9902535065200953	0.9930645665858698	0.9884047587926226	0.9835485189414033	0.9822641262429802	0.9859112327524079	0.9903243214349087
0.9853952341228863	0.9895458795584986	0.9858710363406519	0.9820064197273032	0.9823892340240411	0.9852484570155525	0.992369210139744	0.991655506645941	0.9910790916619947	0.9909388688100498	0.9891917671619247	0.9927000724039917	0.9900134342093346	0.983293412489295	0.9854480174784137	0.9894733465975855	0.9928975644579966	0.9921613567838531	0.9904941754576589	0.9925141495505958	0.9891419928378116	0.9929140017512713	0.9920757177330183	0.9916446243297082	0.992213101926978	0.9857864216071107	0.9927071437622775	0.9918604895775228	0.9923157693038229	1.0	0.9828730666433773	0.990381088100657	0.986999550290433	0.9927185871231115	0.9904601083192687	0.9924349606668958	0.9868571957382015	0.9831261413293567	0.9825178917260524	0.9872164626306358	0.990103766134118
0.9779693043213401	0.9827741044292395	0.9854274441093873	0.9666783569635706	0.9687006612996129	0.9807139309799972	0.9844911401845519	0.98367684168094	0.9831474922656048	0.983907740865963	0.982722680696796	0.985376814339977	0.9806393787912802	0.9619985388507108	0.9888521462295944	0.9794613607554281	0.9846534258214042	0.9844282351289186	0.9801180894892763	0.9837778954685511	0.9798536961128071	0.9854023697815136	0.9842552331545399	0.9829768840406736	0.9850888192298348	0.9801659410022631	0.9848492290318889	0.9849563661592193	0.9843949713179747	0.9828730666433773	1.0	0.9810102159834161	0.9860073988803175	0.985248770204062	0.9819650207974047	0.9848049407373255	0.9757078226345245	0.9672641062793517	0.972235101528404	0.9804113774342477	0.9826771696022484
0.9838920409240649	0.9879812852522231	0.9869874469044473	0.9810541684648736	0.9815565185988496	0.9828409297269071	0.9898322259829822	0.9902142574710645	0.989486619879083	0.9897468115112782	0.98713040719769	0.9898739808675071	0.9886759030047292	0.9821803766243468	0.9811030746013155	0.9874786376084989	0.9908237399877774	0.9901198830662435	0.9885619700888769	0.9907067706789205	0.9870890906627476	0.9903607929331343	0.989670321370968	0.9896390798203795	0.9900325521069472	0.9826108509861156	0.9901008654822177	0.9899890047196594	0.989949441543572	0.990381088100657	0.9810102159834161	1.0	0.984080061711519	0.990461888577813	0.9883708841111987	0.989818131991824	0.9861067289844593	0.9821248810439355	0.9822162339799034	0.9841064850028897	0.9883703102084391
0.98106741075821	0.9854540757510482	0.9873857860226256	0.9742590062931084	0.9746183725768088	0.9860781352144756	0.9871403546070647	0.9863580579444374	0.9864738832519906	0.9859935990952666	0.9854877341053936	0.9874839654640033	0.9849165701381974	0.974700866945244	0.9887345107990031	0.9840840547623634	0.9881370589500337	0.987189916148733	0.9836745343581276	0.9874957455958493	0.9848478928881103	0.9867300209581897	0.9861312174609619	0.9859960478456462	0.9873786257789048	0.9870771159773851	0.9865837862772121	0.9863532956145682	0.9871878923034514	0.986999550290433	0.9860073988803175	0.984080061711519	1.0	0.9874527583964919	0.9850482695054824	0.987760552320603	0.9808972249284261	0.9743608738642108	0.976697519059307	0.9822108911788341	0.9852758476759175
0.985885988049957	0.9903482595741722	0.9871778562270282	0.9841010743687947	0.9848179892049164	0.9855453507500731	0.9929179424930035	0.9916073285261341	0.9918041987944938	0.9915804481296526	0.9913386301361906	0.9930561545518377	0.9896374153950618	0.9822080425495846	0.9858219223338257	0.9882770838159436	0.9931215570897552	0.9924540738584094	0.9893851286118667	0.9928017230517874	0.988512407660337	0.9929869242623648	0.9923236664350864	0.9914351484128487	0.9949800578168886	0.9849106170604285	0.9925234184292354	0.9940472956508264	0.992854642182468	0.9927185871231115	0.985248770204062	0.990461888577813	0.9874527583964919	1.0	0.9912057313687681	0.9928814977362944	0.9876758346362401	0.9829026142309993	0.9827355012436483	0.98767147575844	0.9900203016752264
0.9840432369622641	0.9879098001557276	0.9834747854806969	0.9819790363393623	0.9824808475766623	0.9841653533651537	0.9907864974634903	0.9893935924440407	0.9889287008266467	0.9890337236440053	0.987933105517304	0.9899569320461898	0.9884566550752663	0.9822829094531063	0.9833185093876674	0.9875843694199216	0.9907429276884301	0.990543397058099	0.9886198583663659	0.9909488399769082	0.9874893079206843	0.9901608162437859	0.9900952407504076	0.9891879162310467	0.990291169900891	0.9835110420177882	0.9900623262590663	0.9899179041120051	0.9902535065200953	0.9904601083192687	0.9819650207974047	0.9883708841111987	0.9850482695054824	0.9912057313687681	1.0	0.9898421532172266	0.9860510601393728	0.9826938540204906	0.9821460694950187	0.9859116215682027	0.9889872223923153
0.9851166405577132	0.9890645778720971	0.9865137105414529	0.9822088446981365	0.9833317724174404	0.9856241360634175	0.9932887720578911	0.9909966860165457	0.9914494213739689	0.9917057689103691	0.9887617257260433	0.9958585317904749	0.9888537007469778	0.9834666913394243	0.9871779719339312	0.9887210514766965	0.993400357934819	0.992197744204225	0.9899918024545268	0.9922986390658148	0.987673423731296	0.9950317080326296	0.9929879049635922	0.9918789496425187	0.9932384302630399	0.9852087233470673	0.9945310793730705	0.9922800071064679	0.9930645665858698	0.9924349606668958	0.9848049407373255	0.989818131991824	0.987760552320603	0.9928814977362944	0.9898421532172266	1.0	0.987380880595155	0.9835562094946596	0.9821224331854607	0.9865387848475434	0.9897893040028769
0.9815799901507236	0.9846975793992389	0.9797674033468067	0.9884517238096091	0.9875953144846457	0.9811433457897483	0.9888976752993608	0.9868582677005532	0.9870114109102258	0.9876740247926727	0.9842278256487011	0.9879843773515046	0.9860704617772936	0.9880376756975258	0.9750363267157858	0.9854627182233208	0.9889702491732063	0.9874338308299309	0.9878310275412066	0.9885000399842857	0.9844489177984788	0.9880253665420717	0.9881804693774993	0.9872414169392503	0.9880260490728188	0.9836695032124759	0.9873541760780293	0.987835593966219	0.9884047587926226	0.9868571957382015	0.9757078226345245	0.9861067289844593	0.9808972249284261	0.9876758346362401	0.9860510601393728	0.987380880595155	1.0	0.9880035702975054	0.982860642900058	0.9836409840290646	0.9855101253104116
0.9774148396122134	0.9807522301667146	0.9720185094932514	0.9885602934376099	0.9866885954999458	0.9721943289832237	0.9856470211323306	0.9830758837449548	0.9822772815568916	0.9824269641884046	0.9798851532740475	0.9853634600249892	0.9821065547351484	0.9894564752620059	0.9657206795627096	0.9826214949364159	0.9847439009669722	0.9842337066987552	0.9848626981635489	0.9846122136792501	0.9807144915036868	0.9845094412211974	0.9858303859912165	0.9834700394167344	0.9839224976549491	0.9762661859388987	0.9837682486128985	0.9833701690211073	0.9835485189414033	0.9831261413293567	0.9672641062793517	0.9821248810439355	0.9743608738642108	0.9829026142309993	0.9826938540204906	0.9835562094946596	0.9880035702975054	1.0	0.9797184522869696	0.9797386249371987	0.9818424990330149
0.9780838802542877	0.981917702716224	0.976281722169013	0.9791271991291586	0.9796398001230895	0.9772427586572194	0.9819009629503891	0.9827661838070213	0.9814587369697978	0.981538565270765	0.9813204762904651	0.9818305877354184	0.983147238005848	0.9821189307086766	0.9733619660459075	0.9818542670273198	0.9828049221153274	0.982799602498726	0.9854564642518697	0.9839028816532656	0.9822444914644338	0.9823523006494965	0.9820573364418719	0.9810127565481467	0.9817185228699862	0.9794510629755655	0.9823610391303345	0.982295708473188	0.9822641262429802	0.9825178917260524	0.972235101528404	0.9822162339799034	0.976697519059307	0.9827355012436483	0.9821460694950187	0.9821224331854607	0.982860642900058	0.9797184522869696	1.0	0.981178007941812	0.9822611983738949
0.9804923541939782	0.9841581802507139	0.9800203535420683	0.9794914510351576	0.9799228207684055	0.9791329631354865	0.9867191907512732	0.9859574120039022	0.9856987018737233	0.9854886663429895	0.9838086761533976	0.9866985005757704	0.9850435258790481	0.9800827968777575	0.9809692654899215	0.9842066080830459	0.9875858173001633	0.9863954853808694	0.9867464200810322	0.9869148630141332	0.9839919050866838	0.9873273912342532	0.9865333628346821	0.9855503837822503	0.9863209079728061	0.9811896188147405	0.9866406247138774	0.9863932551363165	0.9859112327524079	0.9872164626306358	0.9804113774342477	0.9841064850028897	0.9822108911788341	0.98767147575844	0.9859116215682027	0.9865387848475434	0.9836409840290646	0.9797386249371987	0.981178007941812	1.0	0.9852509653907715
0.9843324687620111	0.9889922849239354	0.9847158804993109	0.9796139481086965	0.9807543285507146	0.9844943343489492	0.9901664737051259	0.9899120358918785	0.9896076409875149	0.9895427853385478	0.9883290745265008	0.9899358178133054	0.98906577232938	0.9816879978327058	0.9838129643219182	0.9880141131350787	0.9906744543038416	0.9903427227767845	0.9888011501896797	0.9902653164841149	0.9875103634701129	0.9905513154651426	0.989953554590139	0.9895857346423114	0.9900881910701442	0.9836713700642811	0.9899962582366209	0.9896283440749968	0.9903243214349087	0.990103766134118	0.9826771696022484	0.9883703102084391	0.9852758476759175	0.9900203016752264	0.9889872223923153	0.9897893040028769	0.9855101253104116	0.9818424990330149	0.9822611983738949	0.9852509653907715	1.0
