/home/jshaw/scratch/2022_sketched_distance/references/SGB_genome_fastas_part5/15313/BackhedF_2015__SID546_12M__bin.13.fa	/home/jshaw/scratch/2022_sketched_distance/references/SGB_genome_fastas_part5/15313/BackhedF_2015__SID590_12M__bin.7.fa	/home/jshaw/scratch/2022_sketched_distance/references/SGB_genome_fastas_part5/15313/CosteaPI_2017__SID713B029-11-0-0__bin.8.fa	/home/jshaw/scratch/2022_sketched_distance/references/SGB_genome_fastas_part5/15313/CosteaPI_2017__SID713B029-11-90-0__bin.52.fa	/home/jshaw/scratch/2022_sketched_distance/references/SGB_genome_fastas_part5/15313/FengQ_2015__SID31137__bin.30.fa	/home/jshaw/scratch/2022_sketched_distance/references/SGB_genome_fastas_part5/15313/KarlssonFH_2013__S317__bin.12.fa	/home/jshaw/scratch/2022_sketched_distance/references/SGB_genome_fastas_part5/15313/LeChatelierE_2013__MH0088__bin.22.fa	/home/jshaw/scratch/2022_sketched_distance/references/SGB_genome_fastas_part5/15313/LeChatelierE_2013__MH0212__bin.11.fa	/home/jshaw/scratch/2022_sketched_distance/references/SGB_genome_fastas_part5/15313/LiJ_2014__V1.FI13__bin.43.fa	/home/jshaw/scratch/2022_sketched_distance/references/SGB_genome_fastas_part5/15313/LiJ_2017__H1M513606__bin.21.fa	/home/jshaw/scratch/2022_sketched_distance/references/SGB_genome_fastas_part5/15313/LiJ_2017__H1M513747__bin.9.fa	/home/jshaw/scratch/2022_sketched_distance/references/SGB_genome_fastas_part5/15313/LoombaR_2017__SID5571_lgi__bin.7.fa	/home/jshaw/scratch/2022_sketched_distance/references/SGB_genome_fastas_part5/15313/LouisS_2016__AS51_12__bin.20.fa	/home/jshaw/scratch/2022_sketched_distance/references/SGB_genome_fastas_part5/15313/LouisS_2016__AS51_18__bin.30.fa	/home/jshaw/scratch/2022_sketched_distance/references/SGB_genome_fastas_part5/15313/LouisS_2016__AS51_24__bin.10.fa	/home/jshaw/scratch/2022_sketched_distance/references/SGB_genome_fastas_part5/15313/LouisS_2016__AS51_3__bin.10.fa	/home/jshaw/scratch/2022_sketched_distance/references/SGB_genome_fastas_part5/15313/LouisS_2016__AS51_6__bin.8.fa	/home/jshaw/scratch/2022_sketched_distance/references/SGB_genome_fastas_part5/15313/Obregon-TitoAJ_2015__NO01__bin.16.fa	/home/jshaw/scratch/2022_sketched_distance/references/SGB_genome_fastas_part5/15313/VogtmannE_2016__MMRS40913371ST-27-0-0__bin.37.fa	/home/jshaw/scratch/2022_sketched_distance/references/SGB_genome_fastas_part5/15313/VogtmannE_2016__MMRS42780924ST-27-0-0__bin.86.fa	/home/jshaw/scratch/2022_sketched_distance/references/SGB_genome_fastas_part5/15313/VogtmannE_2016__MMRS57569834ST-27-0-0__bin.18.fa	/home/jshaw/scratch/2022_sketched_distance/references/SGB_genome_fastas_part5/15313/VogtmannE_2016__MMRS59699117ST-27-0-0__bin.34.fa	/home/jshaw/scratch/2022_sketched_distance/references/SGB_genome_fastas_part5/15313/VogtmannE_2016__MMRS62376181ST-27-0-0__bin.39.fa	/home/jshaw/scratch/2022_sketched_distance/references/SGB_genome_fastas_part5/15313/VogtmannE_2016__MMRS64281211ST-27-0-0__bin.48.fa	/home/jshaw/scratch/2022_sketched_distance/references/SGB_genome_fastas_part5/15313/VogtmannE_2016__MMRS99045180ST-27-0-0__bin.36.fa	/home/jshaw/scratch/2022_sketched_distance/references/SGB_genome_fastas_part5/15313/XieH_2016__YSZC12003_35704__bin.28.fa	/home/jshaw/scratch/2022_sketched_distance/references/SGB_genome_fastas_part5/15313/XieH_2016__YSZC12003_37283__bin.60.fa
1.0	0.9870528504209984	0.9820766158957758	0.9860318421821095	0.9783727289634241	0.9848953668464976	0.9837191193083751	0.9877171502238911	0.983443943152254	0.9801599524461795	0.9846717745599708	0.985455170717271	0.9858457084853638	0.9861236123201083	0.9812026271620511	0.9845227360297493	0.986808519806283	0.9862432955065187	0.985012516810318	0.9863091701614771	0.9869260117124583	0.9838017611701161	0.9861323967401271	0.9877719912632529	0.9861323967401271	0.9806435532020976	0.9730048399773598
0.9870528504209984	1.0	0.9830373416103816	0.9862288077989824	0.9780180924972491	0.9870217912043445	0.9819073446321099	0.9886091960775094	0.9837849692174101	0.98113254013281	0.9858842327503673	0.9864566990604795	0.986502562494427	0.9870879684498609	0.9815839994465055	0.985267695874746	0.9877873166641673	0.9869492826930375	0.9851220441212247	0.9870627573766962	0.9886797651060761	0.9849261247436757	0.987291495821706	0.9882947661147793	0.987546655221435	0.9812424438292763	0.9724026070244595
0.9820766158957758	0.9830373416103816	1.0	0.9910451104264327	0.9774054269631502	0.9859160077353298	0.9763844400942644	0.9843270200270771	0.9812403451084787	0.9815409719523597	0.9814822010977488	0.9822499365940591	0.9833778894496662	0.9828959297959683	0.9801382454465647	0.9811732337014412	0.9842797881356261	0.9825753416662991	0.9803960210175958	0.9810977218378215	0.9824952069806547	0.9882206063132319	0.983220145556225	0.984434856467184	0.9824056953165922	0.9810836417580593	0.9543091927135235
0.9860318421821095	0.9862288077989824	0.9910451104264327	1.0	0.9774270289166742	0.9856183073726896	0.9817922754605771	0.9877897685487022	0.9826075077108989	0.9796485949254123	0.9849687751967937	0.9844403461765241	0.9856687172010407	0.9855320672332739	0.9803500370904916	0.985735914708539	0.9871279635870074	0.9866423240663258	0.9854972068247518	0.9858492171967186	0.987647744615936	0.9837998149028722	0.9867008035564909	0.9871300242547058	0.9858139237865872	0.9799065321440164	0.9705818078205988
0.9783727289634241	0.9780180924972491	0.9774054269631502	0.9774270289166742	1.0	0.9785642728464347	0.9774261038226687	0.9791657623019928	0.978546421207004	0.9774295390592889	0.9787017483075855	0.9779611631526337	0.9780329610689928	0.978069162530197	0.9762620287263036	0.976685787097765	0.9796477836202124	0.9772932636424222	0.9761001880682609	0.9768678771049274	0.9776530492540766	0.9791043718367768	0.9769734973503044	0.980253215684814	0.9779606414056035	0.9764527219236089	0.9605202713285719
0.9848953668464976	0.9870217912043445	0.9859160077353298	0.9856183073726896	0.9785642728464347	1.0	0.9795251997771135	0.9870711767649529	0.9836036782987554	0.9825267905744203	0.984623459092873	0.9848925084162983	0.9859095724544205	0.9855256106270434	0.9820365367306818	0.9843321596841028	0.9871231394009017	0.9856903855854798	0.9837450455924032	0.9857498522570585	0.9858936660212133	0.9883569285113164	0.9863202926356932	0.9875070493332697	0.9848883475503049	0.9817353993684876	0.967459096981756
0.9837191193083751	0.9819073446321099	0.9763844400942644	0.9817922754605771	0.9774261038226687	0.9795251997771135	1.0	0.9828779410172225	0.9790939523053324	0.9752768220359719	0.9818705906646575	0.9822287979731683	0.9812978003175872	0.9815454082162819	0.9769683571880832	0.9804693449227186	0.9825729744693241	0.9815773812242281	0.9810597238285038	0.9821889064980154	0.9834793877346399	0.9778281653739245	0.9815607711808024	0.9826991531924089	0.9822686144059524	0.976973295058318	0.9720000424496412
0.9877171502238911	0.9886091960775094	0.9843270200270771	0.9877897685487022	0.9791657623019928	0.9870711767649529	0.9828779410172225	1.0	0.9848436757023292	0.9812826294028302	0.9857177489475715	0.9868181594610116	0.987644018597267	0.9877644889100221	0.9825095907394175	0.9865793175867252	0.9890621377341507	0.9876904650094529	0.9860029755678629	0.9876226958686446	0.9882505537970847	0.9848915930211395	0.9885686206803871	0.9887182422344377	0.987532537928664	0.981871141526667	0.9727687387642555
0.983443943152254	0.9837849692174101	0.9812403451084787	0.9826075077108989	0.978546421207004	0.9836036782987554	0.9790939523053324	0.9848436757023292	1.0	0.9818620548397331	0.9834530344676337	0.982972992807721	0.9840737214336216	0.9840974912156206	0.9808717631668527	0.9832838031732497	0.9855080998217003	0.9831275450802538	0.9807675122964512	0.9833408247924843	0.9828248813998569	0.9815871315927537	0.9832565508762622	0.9852529810381062	0.9832565508762622	0.9791521268646733	0.9673102815017197
0.9801599524461795	0.98113254013281	0.9815409719523597	0.9796485949254123	0.9774295390592889	0.9825267905744203	0.9752768220359719	0.9812826294028302	0.9818620548397331	1.0	0.981335608286385	0.9801599187764343	0.9815895409833153	0.9813866508967666	0.9784978858387493	0.979658610127419	0.9822256327895813	0.9794725135493784	0.9784135610755204	0.9799779536330975	0.9796882743471459	0.980766080505077	0.9799889995345387	0.9821524337171081	0.97963185689101	0.9786628512122005	0.962541622075842
0.9846717745599708	0.9858842327503673	0.9814822010977488	0.9849687751967937	0.9787017483075855	0.984623459092873	0.9818705906646575	0.9857177489475715	0.9834530344676337	0.981335608286385	1.0	0.9841873492550313	0.9848781035991164	0.9851997645299911	0.9810755192559774	0.9836844543771157	0.9859401058296225	0.9850490880239484	0.9837689120067903	0.985195105857176	0.9856908795179022	0.9827074981509568	0.9850311920479153	0.9859205277990419	0.9849083731135718	0.979724177749041	0.9699362908633063
0.985455170717271	0.9864566990604795	0.9822499365940591	0.9844403461765241	0.9779611631526337	0.9848925084162983	0.9822287979731683	0.9868181594610116	0.982972992807721	0.9801599187764343	0.9841873492550313	1.0	0.9851309997639082	0.9852461296991399	0.9810144223672365	0.9833681240969424	0.9857919602183228	0.9856933886140135	0.9844983120628864	0.9856552412023868	0.9858196787719874	0.9846567895129893	0.9852218841245692	0.9869376886889926	0.9859567366090013	0.9803646373698162	0.9708973326057275
0.9858457084853638	0.986502562494427	0.9833778894496662	0.9856687172010407	0.9780329610689928	0.9859095724544205	0.9812978003175872	0.987644018597267	0.9840737214336216	0.9815895409833153	0.9848781035991164	0.9851309997639082	1.0	0.9968112265479446	0.9914207723099294	0.994977945460702	0.9970300257748705	0.9867581285454421	0.9845357177224539	0.985950432258083	0.9863030560382868	0.9842951433038785	0.9860522576157011	0.987576074415141	0.9861890765106985	0.9810764594489377	0.9699245381142041
0.9861236123201083	0.9870879684498609	0.9828959297959683	0.9855320672332739	0.978069162530197	0.9855256106270434	0.9815454082162819	0.9877644889100221	0.9840974912156206	0.9813866508967666	0.9851997645299911	0.9852461296991399	0.9968112265479446	1.0	0.9919734500159973	0.994994530962802	0.9969741701325198	0.9869048718833202	0.98496041437245	0.986290062584011	0.9866251395741229	0.9842602454211555	0.9863241751266222	0.9877256384814548	0.9865256400442776	0.9816904301466375	0.9710795115706207
0.9812026271620511	0.9815839994465055	0.9801382454465647	0.9803500370904916	0.9762620287263036	0.9820365367306818	0.9769683571880832	0.9825095907394175	0.9808717631668527	0.9784978858387493	0.9810755192559774	0.9810144223672365	0.9914207723099294	0.9919734500159973	1.0	0.9901372632522415	0.9914639623269442	0.9814995567155768	0.979159793689718	0.9807324085800568	0.9809052907961605	0.9804936955628476	0.9806850676847153	0.9823728671635946	0.9810547813158226	0.977713545767422	0.9649129722414543
0.9845227360297493	0.985267695874746	0.9811732337014412	0.985735914708539	0.976685787097765	0.9843321596841028	0.9804693449227186	0.9865793175867252	0.9832838031732497	0.979658610127419	0.9836844543771157	0.9833681240969424	0.994977945460702	0.994994530962802	0.9901372632522415	1.0	0.9954822446827556	0.9845544894924995	0.9833864345865567	0.9841059503340828	0.9857321050546642	0.9821187168094755	0.9849635045970563	0.9858828830469056	0.9844038794348151	0.9788940721412663	0.9707135087413526
0.986808519806283	0.9877873166641673	0.9842797881356261	0.9871279635870074	0.9796477836202124	0.9871231394009017	0.9825729744693241	0.9890621377341507	0.9855080998217003	0.9822256327895813	0.9859401058296225	0.9857919602183228	0.9970300257748705	0.9969741701325198	0.9914639623269442	0.9954822446827556	1.0	0.98761959983795	0.9855299439220302	0.9867081285369309	0.9872429076584701	0.9850855032117413	0.9872797434927448	0.9885522416986814	0.986789204333669	0.98233051211216	0.9718354962137253
0.9862432955065187	0.9869492826930375	0.9825753416662991	0.9866423240663258	0.9772932636424222	0.9856903855854798	0.9815773812242281	0.9876904650094529	0.9831275450802538	0.9794725135493784	0.9850490880239484	0.9856933886140135	0.9867581285454421	0.9869048718833202	0.9814995567155768	0.9845544894924995	0.98761959983795	1.0	0.9860281518879311	0.9872791564230963	0.9874291321721137	0.9842399105453425	0.9870263271264673	0.9879548439112698	0.9865473307483644	0.9805923777924606	0.9724022352707519
0.985012516810318	0.9851220441212247	0.9803960210175958	0.9854972068247518	0.9761001880682609	0.9837450455924032	0.9810597238285038	0.9860029755678629	0.9807675122964512	0.9784135610755204	0.9837689120067903	0.9844983120628864	0.9845357177224539	0.98496041437245	0.979159793689718	0.9833864345865567	0.9855299439220302	0.9860281518879311	1.0	0.9850581660418304	0.9866563568940429	0.9830553307201091	0.9854273113130632	0.9864134547517236	0.9856745459404458	0.9794639488068565	0.9735554492013595
0.9863091701614771	0.9870627573766962	0.9810977218378215	0.9858492171967186	0.9768678771049274	0.9857498522570585	0.9821889064980154	0.9876226958686446	0.9833408247924843	0.9799779536330975	0.985195105857176	0.9856552412023868	0.985950432258083	0.986290062584011	0.9807324085800568	0.9841059503340828	0.9867081285369309	0.9872791564230963	0.9850581660418304	1.0	0.9874212780674942	0.9837162968668809	0.9867809581622761	0.9873350971594154	0.9869285822582283	0.9810670201685794	0.9718503682298576
0.9869260117124583	0.9886797651060761	0.9824952069806547	0.987647744615936	0.9776530492540766	0.9858936660212133	0.9834793877346399	0.9882505537970847	0.9828248813998569	0.9796882743471459	0.9856908795179022	0.9858196787719874	0.9863030560382868	0.9866251395741229	0.9809052907961605	0.9857321050546642	0.9872429076584701	0.9874291321721137	0.9866563568940429	0.9874212780674942	1.0	0.9842353364244284	0.9874589031480727	0.9881871254086168	0.9878636834401489	0.9807380098310106	0.9747076938929258
0.9838017611701161	0.9849261247436757	0.9882206063132319	0.9837998149028722	0.9791043718367768	0.9883569285113164	0.9778281653739245	0.9848915930211395	0.9815871315927537	0.980766080505077	0.9827074981509568	0.9846567895129893	0.9842951433038785	0.9842602454211555	0.9804936955628476	0.9821187168094755	0.9850855032117413	0.9842399105453425	0.9830553307201091	0.9837162968668809	0.9842353364244284	1.0	0.9841752451811336	0.9862471872311829	0.984838281403006	0.9820889919305993	0.9636192369118712
0.9861323967401271	0.987291495821706	0.983220145556225	0.9867008035564909	0.9769734973503044	0.9863202926356932	0.9815607711808024	0.9885686206803871	0.9832565508762622	0.9799889995345387	0.9850311920479153	0.9852218841245692	0.9860522576157011	0.9863241751266222	0.9806850676847153	0.9849635045970563	0.9872797434927448	0.9870263271264673	0.9854273113130632	0.9867809581622761	0.9874589031480727	0.9841752451811336	1.0	0.987619870036461	0.9865170719326621	0.9800421429492682	0.9703185540490155
0.9877719912632529	0.9882947661147793	0.984434856467184	0.9871300242547058	0.980253215684814	0.9875070493332697	0.9826991531924089	0.9887182422344377	0.9852529810381062	0.9821524337171081	0.9859205277990419	0.9869376886889926	0.987576074415141	0.9877256384814548	0.9823728671635946	0.9858828830469056	0.9885522416986814	0.9879548439112698	0.9864134547517236	0.9873350971594154	0.9881871254086168	0.9862471872311829	0.987619870036461	1.0	0.9877309984987807	0.9822273158848348	0.9730236097200703
0.9861323967401271	0.987546655221435	0.9824056953165922	0.9858139237865872	0.9779606414056035	0.9848883475503049	0.9822686144059524	0.987532537928664	0.9832565508762622	0.97963185689101	0.9849083731135718	0.9859567366090013	0.9861890765106985	0.9865256400442776	0.9810547813158226	0.9844038794348151	0.986789204333669	0.9865473307483644	0.9856745459404458	0.9869285822582283	0.9878636834401489	0.984838281403006	0.9865170719326621	0.9877309984987807	1.0	0.9813001436425723	0.971903202930446
0.9806435532020976	0.9812424438292763	0.9810836417580593	0.9799065321440164	0.9764527219236089	0.9817353993684876	0.976973295058318	0.981871141526667	0.9791521268646733	0.9786628512122005	0.979724177749041	0.9803646373698162	0.9810764594489377	0.9816904301466375	0.977713545767422	0.9788940721412663	0.98233051211216	0.9805923777924606	0.9794639488068565	0.9810670201685794	0.9807380098310106	0.9820889919305993	0.9800421429492682	0.9822273158848348	0.9813001436425723	1.0	0.9637843090372116
0.9730048399773598	0.9724026070244595	0.9543091927135235	0.9705818078205988	0.9605202713285719	0.967459096981756	0.9720000424496412	0.9727687387642555	0.9673102815017197	0.962541622075842	0.9699362908633063	0.9708973326057275	0.9699245381142041	0.9710795115706207	0.9649129722414543	0.9707135087413526	0.9718354962137253	0.9724022352707519	0.9735554492013595	0.9718503682298576	0.9747076938929258	0.9636192369118712	0.9703185540490155	0.9730236097200703	0.971903202930446	0.9637843090372116	1.0
