/home/jshaw/scratch/2022_sketched_distance/references/SGB_genome_fastas_part4/8018/BackhedF_2015__SID203_B__bin.2.fa	/home/jshaw/scratch/2022_sketched_distance/references/SGB_genome_fastas_part4/8018/BritoIL_2016__M1.1.ST__bin.108.fa	/home/jshaw/scratch/2022_sketched_distance/references/SGB_genome_fastas_part4/8018/BritoIL_2016__W2.39.ST__bin.55.fa	/home/jshaw/scratch/2022_sketched_distance/references/SGB_genome_fastas_part4/8018/ChengpingW_2017__AS10raw__bin.39.fa	/home/jshaw/scratch/2022_sketched_distance/references/SGB_genome_fastas_part4/8018/ChengpingW_2017__AS37raw__bin.3.fa	/home/jshaw/scratch/2022_sketched_distance/references/SGB_genome_fastas_part4/8018/CM_madagascar__A13_03_1FE__bin.27.fa	/home/jshaw/scratch/2022_sketched_distance/references/SGB_genome_fastas_part4/8018/CM_madagascar__A20_03_1FE__bin.9.fa	/home/jshaw/scratch/2022_sketched_distance/references/SGB_genome_fastas_part4/8018/CM_madagascar__A53_01_1FE__bin.2.fa	/home/jshaw/scratch/2022_sketched_distance/references/SGB_genome_fastas_part4/8018/CM_madagascar__A68_01_1FE__bin.24.fa	/home/jshaw/scratch/2022_sketched_distance/references/SGB_genome_fastas_part4/8018/CM_madagascar__A69_02_1FE__bin.22.fa	/home/jshaw/scratch/2022_sketched_distance/references/SGB_genome_fastas_part4/8018/DavidLA_2015__LD-Run1-07__bin.4.fa	/home/jshaw/scratch/2022_sketched_distance/references/SGB_genome_fastas_part4/8018/DavidLA_2015__LD-Run1-10__bin.2.fa	/home/jshaw/scratch/2022_sketched_distance/references/SGB_genome_fastas_part4/8018/FerrettiP_2018__CA_C10023IS2397FE_t3M15__bin.1.fa	/home/jshaw/scratch/2022_sketched_distance/references/SGB_genome_fastas_part4/8018/FerrettiP_2018__CA_C10026IS2444FE_t1M15__bin.4.fa	/home/jshaw/scratch/2022_sketched_distance/references/SGB_genome_fastas_part4/8018/FerrettiP_2018__CA_C10026IS2449FE_t2M15__bin.2.fa	/home/jshaw/scratch/2022_sketched_distance/references/SGB_genome_fastas_part4/8018/FerrettiP_2018__CA_C10042IS2731FE_t2M16__bin.6.fa	/home/jshaw/scratch/2022_sketched_distance/references/SGB_genome_fastas_part4/8018/HeQ_2017__RSZAXPI003093-124__bin.8.fa	/home/jshaw/scratch/2022_sketched_distance/references/SGB_genome_fastas_part4/8018/HeQ_2017__RSZAXPI003108-148__bin.2.fa	/home/jshaw/scratch/2022_sketched_distance/references/SGB_genome_fastas_part4/8018/HeQ_2017__SZAXPI029486-84__bin.3.fa	/home/jshaw/scratch/2022_sketched_distance/references/SGB_genome_fastas_part4/8018/HeQ_2017__SZAXPI029500-102__bin.41.fa	/home/jshaw/scratch/2022_sketched_distance/references/SGB_genome_fastas_part4/8018/HeQ_2017__SZAXPI029502-105__bin.12.fa	/home/jshaw/scratch/2022_sketched_distance/references/SGB_genome_fastas_part4/8018/HeQ_2017__SZAXPI029553-32__bin.14.fa	/home/jshaw/scratch/2022_sketched_distance/references/SGB_genome_fastas_part4/8018/HeQ_2017__SZAXPI029564-74__bin.65.fa	/home/jshaw/scratch/2022_sketched_distance/references/SGB_genome_fastas_part4/8018/LiJ_2014__O2.CD3-0-PT__bin.22.fa	/home/jshaw/scratch/2022_sketched_distance/references/SGB_genome_fastas_part4/8018/QinJ_2012__DOF010__bin.10.fa	/home/jshaw/scratch/2022_sketched_distance/references/SGB_genome_fastas_part4/8018/QinJ_2012__NLM002__bin.2.fa	/home/jshaw/scratch/2022_sketched_distance/references/SGB_genome_fastas_part4/8018/QinJ_2012__NOM028__bin.3.fa	/home/jshaw/scratch/2022_sketched_distance/references/SGB_genome_fastas_part4/8018/QinJ_2012__T2D-052__bin.31.fa	/home/jshaw/scratch/2022_sketched_distance/references/SGB_genome_fastas_part4/8018/QinN_2014__LD-62__bin.17.fa	/home/jshaw/scratch/2022_sketched_distance/references/SGB_genome_fastas_part4/8018/QinN_2014__LD-69__bin.10.fa	/home/jshaw/scratch/2022_sketched_distance/references/SGB_genome_fastas_part4/8018/VogtmannE_2016__MMRS51728985ST-27-0-0__bin.2.fa	/home/jshaw/scratch/2022_sketched_distance/references/SGB_genome_fastas_part4/8018/XieH_2016__YSZC12003_36697__bin.20.fa	/home/jshaw/scratch/2022_sketched_distance/references/SGB_genome_fastas_part4/8018/XieH_2016__YSZC12003_37276__bin.66.fa	/home/jshaw/scratch/2022_sketched_distance/references/SGB_genome_fastas_part4/8018/XieH_2016__YSZC12003_37277__bin.37.fa	/home/jshaw/scratch/2022_sketched_distance/references/SGB_genome_fastas_part4/8018/YuJ_2015__SZAXPI003412-1__bin.83.fa	/home/jshaw/scratch/2022_sketched_distance/references/SGB_genome_fastas_part4/8018/YuJ_2015__SZAXPI003434-7__bin.5.fa	/home/jshaw/scratch/2022_sketched_distance/references/SGB_genome_fastas_part4/8018/YuJ_2015__SZAXPI015214-19__bin.22.fa	/home/jshaw/scratch/2022_sketched_distance/references/SGB_genome_fastas_part4/8018/YuJ_2015__SZAXPI015219-129__bin.21.fa	/home/jshaw/scratch/2022_sketched_distance/references/SGB_genome_fastas_part4/8018/YuJ_2015__SZAXPI015257-56__bin.40.fa	/home/jshaw/scratch/2022_sketched_distance/references/SGB_genome_fastas_part4/8018/YuJ_2015__SZAXPI017451-16__bin.7.fa	/home/jshaw/scratch/2022_sketched_distance/references/SGB_genome_fastas_part4/8018/YuJ_2015__SZAXPI017452-17__bin.9.fa	/home/jshaw/scratch/2022_sketched_distance/references/SGB_genome_fastas_part4/8018/ZeeviD_2015__PNP_Main_226__bin.19.fa	/home/jshaw/scratch/2022_sketched_distance/references/SGB_genome_fastas_part4/8018/ZeeviD_2015__PNP_Main_40__bin.41.fa	/home/jshaw/scratch/2022_sketched_distance/references/SGB_genome_fastas_part4/8018/ZeeviD_2015__PNP_Main_99__bin.11.fa	/home/jshaw/scratch/2022_sketched_distance/references/SGB_genome_fastas_part4/8018/ZellerG_2014__CCIS59903910ST-4-0__bin.16.fa	/home/jshaw/scratch/2022_sketched_distance/references/SGB_genome_fastas_part4/8018/ZellerG_2014__CCIS93040568ST-20-0__bin.13.fa
1.0	0.9563052013007313	0.9713166581093818	0.9808341291492916	0.9891367851358536	0.9573358313907478	0.9572966768660608	0.9571579185766248	0.9575191143579994	0.9573671919487363	0.9818647568389378	0.9852747561421146	0.9904233368321185	0.9905006985833569	0.9905692810302168	0.9910324412898363	0.9761215079661477	0.9903552568092765	0.9812402743719068	0.98782496077897	0.989848296900332	0.9900571167829679	0.988750102267135	0.9895239455813231	0.9896430132822507	0.9868557090167072	0.9782452556063552	0.9888161279664403	0.9904205737149095	0.9897244920674941	0.9898604660491587	0.967518980683069	0.9905552290628624	0.9815426755940497	0.9778885363354327	0.9901386669512995	0.9839257562354421	0.9904873050717625	0.9900563276107912	0.9900608783862123	0.9880416913517903	0.9906981437899841	0.9552207901191887	0.9772745876977453	0.99029209651549	0.9890479554346981
0.9563052013007313	1.0	0.9476005487657512	0.9546046030542517	0.9611301922102082	0.9909478473894741	0.9910296845297966	0.9953462860310567	0.9956455663668731	0.9916658262105996	0.9520529967261829	0.9568681912080526	0.9587370021210588	0.9598228858535907	0.9594678148761364	0.9599108584305954	0.9483436602454554	0.9598221625011333	0.9536104927742963	0.9592906445572095	0.9594345797916021	0.9602275724862721	0.9603850694462895	0.9608380736304819	0.9602411449134536	0.9612404647386602	0.9509267477587148	0.9602301651349968	0.9608567840166337	0.9600948320662147	0.959602889724014	0.9683793521238212	0.9613060124762773	0.9549433472620024	0.9484840761054992	0.958982187061806	0.9571157827053391	0.9605037465118068	0.9597485410328467	0.9603512657413489	0.9610600546372864	0.9601014532313683	0.960825043416028	0.9501774577822516	0.9589001192283493	0.9579037056922467
0.9713166581093818	0.9476005487657512	1.0	0.9738022177584469	0.9759308870289835	0.9484389057305435	0.9483728142436032	0.9475508102816209	0.9481612889050225	0.9486281826157821	0.9745775738824353	0.9699250638250626	0.9730973063346098	0.971881443486254	0.9718124223010971	0.9742027527214999	0.966374395312976	0.9738165293104586	0.9710136195485288	0.9754659936947406	0.9729855991790219	0.9750077531740822	0.974125350545217	0.9745958374127098	0.9738187018999519	0.9773395689315328	0.9740422638089264	0.9738230686145022	0.9744701368928492	0.9729347096107943	0.9737599938895148	0.9523974468716785	0.9745273234520072	0.9761011970739036	0.9734467258554312	0.9740417171827671	0.9740821425204665	0.9745933919167095	0.9733019557713678	0.9741282462649041	0.975451046577254	0.9731268781615405	0.9440997179692033	0.9684810107987707	0.9737946310291744	0.9717501543164263
0.9808341291492916	0.9546046030542517	0.9738022177584469	1.0	0.9843768983041415	0.9541113616245082	0.9542467105404974	0.9546082641771425	0.9552180585443615	0.9550075703428377	0.9835354764304605	0.9838453898781441	0.9829019259270948	0.981546226404895	0.9813029709891358	0.9842329107803279	0.9715465050777355	0.9838797000543424	0.9830337629592127	0.9833185341383189	0.9825080634952389	0.9834331636847209	0.9869318861934747	0.984091292078604	0.983992614485287	0.9856661607551417	0.9791096128205657	0.9840484137464218	0.984477862209749	0.9833916064365089	0.9829527803732723	0.9584234854629983	0.9842029491087267	0.9830522115367646	0.9783306269872154	0.9840017422623343	0.9853053919168657	0.9838216275370752	0.9848919073506847	0.9845230337871747	0.9870283312031379	0.9838636422333861	0.9491629047144884	0.9778885363354327	0.98333346892371	0.9814946622202741
0.9891367851358536	0.9611301922102082	0.9759308870289835	0.9843768983041415	1.0	0.9618976150893108	0.9618522985566348	0.9612743673688041	0.9618150239940538	0.9618733728670337	0.9853486062562239	0.9886729365428537	0.9927705278799811	0.9924421192725346	0.9921736755307818	0.9937576529109692	0.9805361566054284	0.9923450103924977	0.9855415421762065	0.990778372546789	0.9929788914810046	0.9947993333906189	0.9924174260440923	0.9938360127310804	0.9929889394538457	0.9923060805788003	0.9827215449899603	0.9947235510291617	0.9930962280593564	0.99409206174074	0.9929333835861759	0.9691304559982994	0.9935264047503206	0.9862964855961517	0.9829776524256011	0.9929816425136057	0.9884529126387713	0.9930793093059822	0.992886718479718	0.9947258699374832	0.9921710692472918	0.9928968799121458	0.9589885634572064	0.9845570406855805	0.9925063420662139	0.9918820508555487
0.9573358313907478	0.9909478473894741	0.9484389057305435	0.9541113616245082	0.9618976150893108	1.0	0.9996487178772976	0.9924699973047484	0.9927272735858338	0.9910722126056571	0.9524282680347327	0.9576807185310432	0.95938196565964	0.9600349941013872	0.9597369196870377	0.960124376362912	0.9489217647804324	0.9601472605076079	0.9549376371281304	0.96028853634169	0.9600079263221541	0.9611683887937202	0.9612764568162833	0.9612310973689745	0.9609797930642884	0.9622106215167199	0.9509210999115663	0.9610390908129777	0.9610051576564042	0.9602451412597901	0.9600522398184724	0.969168499945527	0.961508588037145	0.9557171143364698	0.9499871972569858	0.9601807022223309	0.9585798902985962	0.9605958041957356	0.9603939552363546	0.9605636800518252	0.9621769009343517	0.9604850907802919	0.9619834377788945	0.9508179659448942	0.9594318606051591	0.9585606075483933
0.9572966768660608	0.9910296845297966	0.9483728142436032	0.9542467105404974	0.9618522985566348	0.9996487178772976	1.0	0.9925452686091938	0.9928276657672302	0.9910226401475744	0.9522801167925848	0.9576318153426822	0.9592805014553322	0.9599935317815965	0.9596963288843449	0.9600232008983662	0.9486374204012511	0.9601063411830132	0.9550598308112148	0.9601734781920754	0.9599071130615989	0.961124836701381	0.9612321530462383	0.9611276878927519	0.960937566294264	0.9622265467813934	0.9508627733424992	0.9609373416717846	0.9609628952303367	0.9602039346751697	0.959952126687242	0.9692564334147876	0.9614662457464451	0.9555768843042748	0.9499298440243779	0.959958003696625	0.958675871231084	0.9606122713842646	0.9604111476493735	0.9605803479343764	0.9621921078313053	0.9603856684056217	0.9619373635600947	0.9506561516258302	0.9594506046423844	0.9585196584635486
0.9571579185766248	0.9953462860310567	0.9475508102816209	0.9546082641771425	0.9612743673688041	0.9924699973047484	0.9925452686091938	1.0	0.9986882095295265	0.9930298726698669	0.9524609777590932	0.958273520733778	0.9593775475596201	0.9601449471934018	0.9599043894071145	0.9602935375455093	0.949981620938463	0.9606539904922164	0.9538936448175849	0.9594663705215254	0.9599421506906942	0.9605583222063176	0.9610228727297526	0.9614558544426801	0.9605617496158702	0.96159798486254	0.9507464625596934	0.9617237075419196	0.9614538034790567	0.9607534095409868	0.9600452668357019	0.9687013974312588	0.9617797858048797	0.9557307685544806	0.9492471772668	0.9594487730031963	0.9577736080725152	0.9609355194900083	0.9602047534362497	0.9606723786322929	0.9615307199997888	0.9609915900448187	0.961226298404867	0.9511779036809187	0.9593662987888005	0.9581321645267508
0.9575191143579994	0.9956455663668731	0.9481612889050225	0.9552180585443615	0.9618150239940538	0.9927272735858338	0.9928276657672302	0.9986882095295265	1.0	0.9932167956158849	0.9531359818170428	0.9578357128928131	0.9597599036980787	0.9605276091759584	0.9602213772603673	0.9606803101777633	0.9496106979053511	0.9609750569980011	0.9544664292716019	0.9599758451811091	0.9603265904615035	0.961080655732111	0.9613103106869577	0.9616820764071036	0.9608926216784988	0.9621904073207241	0.9512853022313265	0.9614237393986114	0.9619578772745577	0.9610198817471294	0.9603688667921317	0.9693356545589069	0.9620573882259482	0.956049540897489	0.9498912144908938	0.9599623221667304	0.9583722370815431	0.9614402717724043	0.9606017266851842	0.9612408414647943	0.9621573530587942	0.9612035331387822	0.961776124342617	0.951481394420271	0.9597560835654808	0.9586325701620018
0.9573671919487363	0.9916658262105996	0.9486281826157821	0.9550075703428377	0.9618733728670337	0.9910722126056571	0.9910226401475744	0.9930298726698669	0.9932167956158849	1.0	0.9531314179148476	0.957943526674365	0.9599504559099431	0.9605927815246438	0.9602879891724762	0.9607447451080041	0.9494185506563381	0.9611476365754279	0.9551541308757323	0.9601921486912776	0.9607427702806198	0.9613813210493868	0.9614323820611708	0.9615037689970651	0.96147470943232	0.9623161887838733	0.9511893606161411	0.9618292134051352	0.9618982098585961	0.9609099689169269	0.9606090073234288	0.9688122063862454	0.9618273746045269	0.9558465303931903	0.9501456297706926	0.9602147210283057	0.9581068210086454	0.9613262205271742	0.9609070253132949	0.9608926216784988	0.9622147990780132	0.9612624795215632	0.9620203480646884	0.9519064227454718	0.9599503752656919	0.9590166872097161
0.9818647568389378	0.9520529967261829	0.9745775738824353	0.9835354764304605	0.9853486062562239	0.9524282680347327	0.9522801167925848	0.9524609777590932	0.9531359818170428	0.9531314179148476	1.0	0.9774873367473623	0.9865750981373916	0.986033652810628	0.9849039327942467	0.9875837028200154	0.9839822791520837	0.9838025939945052	0.9806010714303839	0.9862582960352273	0.9860573157724941	0.9861720035077876	0.9841276686853456	0.988327114722888	0.9867201343790716	0.9857930039949082	0.9815518216788239	0.9830267048774503	0.9847992623371447	0.986493813200433	0.9842770405891503	0.9607511740576352	0.9860124561760785	0.9898724602407001	0.9811291649642709	0.9859879374770831	0.9823641635524155	0.985276256035127	0.9857128138197726	0.9867755800466201	0.9835497653279086	0.9870056455892898	0.9496369171199749	0.9772650945820078	0.9858557950477634	0.9838849206175271
0.9852747561421146	0.9568681912080526	0.9699250638250626	0.9838453898781441	0.9886729365428537	0.9576807185310432	0.9576318153426822	0.958273520733778	0.9578357128928131	0.957943526674365	0.9774873367473623	1.0	0.9887166675315588	0.9864090486734937	0.9862044623962762	0.9887846037491067	0.9667669543163375	0.987684772474719	0.9798713941185863	0.9851768382964076	0.9882487862224104	0.9886007683977315	0.9880390871497573	0.9875331131340446	0.9874189445560735	0.9860727013339216	0.9749873074424209	0.9892209560021172	0.9884269682624564	0.9883096882836457	0.9887473514371279	0.9632958098185203	0.9891014798651419	0.9763662979133814	0.9739313227958183	0.9876321455478927	0.9825222009960245	0.9884665698438183	0.9880449434680196	0.9885896218216064	0.9872626848528988	0.9882755866631495	0.9520370271332204	0.9778650745172617	0.9876639887696004	0.9876611300767452
0.9904233368321185	0.9587370021210588	0.9730973063346098	0.9829019259270948	0.9927705278799811	0.95938196565964	0.9592805014553322	0.9593775475596201	0.9597599036980787	0.9599504559099431	0.9865750981373916	0.9887166675315588	1.0	0.9961470384730148	0.9961295019234724	0.9950116997100754	0.9801913768058512	0.9920110270715007	0.9835399347317866	0.9902582243534376	0.9971110773280505	0.9943828360015091	0.9915595627003415	0.9936942101756818	0.9937619603894364	0.9900673226813939	0.9812440230317278	0.991304130487777	0.9936354805556699	0.9950999354446066	0.9968528004795796	0.9679374377200838	0.9937300822862198	0.9851450600020049	0.9810037266073955	0.9932303631178887	0.9860902868376874	0.9937126018652273	0.9926005788525605	0.9955187297299735	0.9905368588023059	0.9944490747812558	0.956905016616182	0.980929634552625	0.9929465816619661	0.9945485359748134
0.9905006985833569	0.9598228858535907	0.971881443486254	0.981546226404895	0.9924421192725346	0.9600349941013872	0.9599935317815965	0.9601449471934018	0.9605276091759584	0.9605927815246438	0.986033652810628	0.9864090486734937	0.9961470384730148	1.0	0.9989139479909201	0.9939229214243415	0.9808383666314846	0.9904031456952508	0.9826975195878263	0.9904885608137085	0.9954879977514836	0.9935835739355775	0.990310001551072	0.9930915883106237	0.99285451003906	0.9891659615703556	0.980285235531859	0.9903542785611675	0.9914878863837852	0.9942110791749678	0.9955228829619889	0.968407091123136	0.9929351180720709	0.985470750213196	0.980713443843887	0.9915492194173915	0.9852770392997897	0.9918711058380562	0.9917852163069505	0.9946165075129356	0.9897798829752656	0.9928276657672302	0.956779799876123	0.9793430292354706	0.9916382984778617	0.993225690240022
0.9905692810302168	0.9594678148761364	0.9718124223010971	0.9813029709891358	0.9921736755307818	0.9597369196870377	0.9596963288843449	0.9599043894071145	0.9602213772603673	0.9602879891724762	0.9849039327942467	0.9862044623962762	0.9961295019234724	0.9989139479909201	1.0	0.9936191691565089	0.9797904687685667	0.9901000214616811	0.9820423655109318	0.9901184698520339	0.9949974037337287	0.993727716188762	0.9899223220081914	0.99257064280038	0.9926161405730076	0.9887480857246685	0.980492382592146	0.9903080270856415	0.9913048440990232	0.9939447743293625	0.9951213332478734	0.96799997121075	0.9927332240130975	0.9853815740167646	0.9801901607652935	0.9915223929765202	0.9851979372486962	0.9914880882990788	0.9913359880913325	0.994392929733617	0.9896950559402959	0.9924247967923443	0.9562816045519358	0.9792461545041506	0.9914727612001127	0.992934054276878
0.9910324412898363	0.9599108584305954	0.9742027527214999	0.9842329107803279	0.9937576529109692	0.960124376362912	0.9600232008983662	0.9602935375455093	0.9606803101777633	0.9607447451080041	0.9875837028200154	0.9887846037491067	0.9950116997100754	0.9939229214243415	0.9936191691565089	1.0	0.9814700086038304	0.9928540363938552	0.9845721240689667	0.9911430915302911	0.9942996567538629	0.9957655938844251	0.9921006712723064	0.9962578051570535	0.994746055253704	0.9909141517552202	0.982537099735699	0.9922935240999526	0.9942536800598998	0.9961925331498291	0.9945964993498932	0.9687661062611206	0.9954954725161338	0.9875043668329484	0.9826011517117075	0.9946391302464721	0.9871457223663926	0.9941064652633904	0.9935292561435641	0.9964046946025035	0.9912513612944187	0.9947635326560432	0.9580200433129199	0.9810269246391173	0.9952902063891447	0.994196372872219
0.9761215079661477	0.9483436602454554	0.966374395312976	0.9715465050777355	0.9805361566054284	0.9489217647804324	0.9486374204012511	0.949981620938463	0.9496106979053511	0.9494185506563381	0.9839822791520837	0.9667669543163375	0.9801913768058512	0.9808383666314846	0.9797904687685667	0.9814700086038304	1.0	0.9773372123091482	0.9766937974440864	0.9807368703462097	0.9799657431914311	0.9816569437588182	0.9785125815058189	0.9820942567967897	0.9804205603311813	0.979358197068648	0.9765918193310756	0.9792353671222807	0.9790605902421297	0.9809587140710992	0.9796304077283616	0.9560535589928686	0.9819393391975703	0.9885108631316525	0.9770664387080189	0.9794617523053557	0.9758775943528966	0.9798618141297724	0.9803437816755298	0.9816691104444385	0.9786829728391554	0.9798801500207273	0.9470617500438651	0.9742562960949616	0.9787532133242139	0.9786865449948495
0.9903552568092765	0.9598221625011333	0.9738165293104586	0.9838797000543424	0.9923450103924977	0.9601472605076079	0.9601063411830132	0.9606539904922164	0.9609750569980011	0.9611476365754279	0.9838025939945052	0.987684772474719	0.9920110270715007	0.9904031456952508	0.9901000214616811	0.9928540363938552	0.9773372123091482	1.0	0.9840836010789853	0.9897419915025666	0.9918186304945469	0.9918758056360747	0.9918208006613148	0.9912555787577962	0.9915405302900514	0.9896535625935767	0.9805608654953457	0.9928161406019865	0.9944128278427933	0.9912727949522488	0.9921835891188179	0.9684745742120946	0.9926868319025145	0.9843219767770174	0.9797052246812301	0.9923669489351423	0.9870227680247445	0.9943053881016671	0.9924282072680389	0.9917062118828213	0.9905454106093812	0.9931249439424561	0.9573107573264971	0.9815558256606918	0.9915935814189917	0.991437599208696
0.9812402743719068	0.9536104927742963	0.9710136195485288	0.9830337629592127	0.9855415421762065	0.9549376371281304	0.9550598308112148	0.9538936448175849	0.9544664292716019	0.9551541308757323	0.9806010714303839	0.9798713941185863	0.9835399347317866	0.9826975195878263	0.9820423655109318	0.9845721240689667	0.9766937974440864	0.9840836010789853	1.0	0.9841334162448571	0.9840737381038271	0.9844458956429316	0.989071314091507	0.9842010556026354	0.9840731976240433	0.9875634161897934	0.9771664237327913	0.9844700055408455	0.9851348610618019	0.9835652065328601	0.9837394256314219	0.9613968368167353	0.9849416458378529	0.9821402311921215	0.9789947404903315	0.9840512673871958	0.9870498980016065	0.9851587397606165	0.9862766368023401	0.984327676299089	0.9891278704713194	0.9846418610469656	0.9519943228532006	0.9786198043398499	0.9840461953976709	0.9825116679425752
0.98782496077897	0.9592906445572095	0.9754659936947406	0.9833185341383189	0.990778372546789	0.96028853634169	0.9601734781920754	0.9594663705215254	0.9599758451811091	0.9601921486912776	0.9862582960352273	0.9851768382964076	0.9902582243534376	0.9904885608137085	0.9901184698520339	0.9911430915302911	0.9807368703462097	0.9897419915025666	0.9841334162448571	1.0	0.990412182708399	0.9910866299058506	0.9895034836290871	0.9907118763851392	0.9906236099812362	0.9896546061961757	0.9848105717569651	0.9896784371231641	0.9918823162538775	0.9899847296588797	0.9897734949769204	0.9670785071724627	0.9932436899067315	0.988964247355473	0.9822748605558421	0.9905054325835836	0.9862137587462092	0.9926402265810078	0.9909805204927369	0.99078909664804	0.9896899923754058	0.9907230210277403	0.9573348810404394	0.9798322964959167	0.989860192871731	0.9893040797357862
0.989848296900332	0.9594345797916021	0.9729855991790219	0.9825080634952389	0.9929788914810046	0.9600079263221541	0.9599071130615989	0.9599421506906942	0.9603265904615035	0.9607427702806198	0.9860573157724941	0.9882487862224104	0.9971110773280505	0.9954879977514836	0.9949974037337287	0.9942996567538629	0.9799657431914311	0.9918186304945469	0.9840737381038271	0.990412182708399	1.0	0.9943366834282286	0.9915161156973238	0.9933322859930345	0.9935819147011369	0.9903224505826635	0.9812807051403789	0.9916673686159738	0.9929968898451348	0.9949007917385577	0.995607179958703	0.9681456786159299	0.9933029390380133	0.9847738035395919	0.9808568499731393	0.9927150865120807	0.9859778869384225	0.9935322458925514	0.9929176820135949	0.9953184235113135	0.9905983791489701	0.9948542265735396	0.9572979026161507	0.9809280306691391	0.9924862686744834	0.9942726142055437
0.9900571167829679	0.9602275724862721	0.9750077531740822	0.9834331636847209	0.9947993333906189	0.9611683887937202	0.961124836701381	0.9605583222063176	0.961080655732111	0.9613813210493868	0.9861720035077876	0.9886007683977315	0.9943828360015091	0.9935835739355775	0.993727716188762	0.9957655938844251	0.9816569437588182	0.9918758056360747	0.9844458956429316	0.9910866299058506	0.9943366834282286	1.0	0.992189892804264	0.9953995820270914	0.9949674228768934	0.9913114992393278	0.9824772759450634	0.9925913334256886	0.9931784466937988	0.9959690468419053	0.9938127144587916	0.9688231881261409	0.9951815229984105	0.9870352773920085	0.983444553223465	0.9944969908099479	0.9874312883698355	0.9935556636043349	0.9932609156795297	0.9965458332309559	0.9914782695577617	0.9943858470213089	0.9577658492308172	0.9817802055972626	0.9938778529895578	0.9938344938947802
0.988750102267135	0.9603850694462895	0.974125350545217	0.9869318861934747	0.9924174260440923	0.9612764568162833	0.9612321530462383	0.9610228727297526	0.9613103106869577	0.9614323820611708	0.9841276686853456	0.9880390871497573	0.9915595627003415	0.990310001551072	0.9899223220081914	0.9921006712723064	0.9785125815058189	0.9918208006613148	0.989071314091507	0.9895034836290871	0.9915161156973238	0.992189892804264	1.0	0.9918130038197327	0.9916356284761578	0.9925236891548314	0.9814528364180711	0.991810317367442	0.9921619267864716	0.9916991933583816	0.9913947044009178	0.9678450448295419	0.9921610714163486	0.9849810712311332	0.9809583548964689	0.9909987570650021	0.9917081031287058	0.9920635241044065	0.9932267223736773	0.9922953593491072	0.9950608368936785	0.9921408690277681	0.957822353491061	0.981556442790164	0.9911185785901683	0.9902638480991669
0.9895239455813231	0.9608380736304819	0.9745958374127098	0.984091292078604	0.9938360127310804	0.9612310973689745	0.9611276878927519	0.9614558544426801	0.9616820764071036	0.9615037689970651	0.988327114722888	0.9875331131340446	0.9936942101756818	0.9930915883106237	0.99257064280038	0.9962578051570535	0.9820942567967897	0.9912555787577962	0.9842010556026354	0.9907118763851392	0.9933322859930345	0.9953995820270914	0.9918130038197327	1.0	0.9945501763957011	0.9916114594745995	0.9833970763174702	0.9916455198700209	0.9929520960107779	0.9964866744177402	0.9932086162213432	0.9691670963019445	0.9950316684418585	0.9879641846786633	0.9831642756364107	0.9933809163790357	0.9868772711363493	0.9925333109371097	0.9929093699357402	0.997053471766111	0.9913473712150209	0.9941375039059132	0.9584514129292286	0.980289187957042	0.9936191967187782	0.9921752604960843
0.9896430132822507	0.9602411449134536	0.9738187018999519	0.983992614485287	0.9929889394538457	0.9609797930642884	0.960937566294264	0.9605617496158702	0.9608926216784988	0.96147470943232	0.9867201343790716	0.9874189445560735	0.9937619603894364	0.99285451003906	0.9926161405730076	0.994746055253704	0.9804205603311813	0.9915405302900514	0.9840731976240433	0.9906236099812362	0.9935819147011369	0.9949674228768934	0.9916356284761578	0.9945501763957011	1.0	0.9913739772533863	0.981970184754416	0.990749721379091	0.9925771817041781	0.9953744713422589	0.9934614796920528	0.9684791351719618	0.994189039601866	0.9868908139422238	0.9824341032208824	0.9947794864748168	0.9863543342430753	0.9930101049861142	0.9928474783372727	0.9952435093181691	0.9907857625936253	0.9933337802983914	0.9576688683758116	0.9806634818402212	0.9958791386278422	0.9922721541310734
0.9868557090167072	0.9612404647386602	0.9773395689315328	0.9856661607551417	0.9923060805788003	0.9622106215167199	0.9622265467813934	0.96159798486254	0.9621904073207241	0.9623161887838733	0.9857930039949082	0.9860727013339216	0.9900673226813939	0.9891659615703556	0.9887480857246685	0.9909141517552202	0.979358197068648	0.9896535625935767	0.9875634161897934	0.9896546061961757	0.9903224505826635	0.9913114992393278	0.9925236891548314	0.9916114594745995	0.9913739772533863	1.0	0.9832721291912152	0.9909418059082852	0.9905674960844719	0.9904044462839522	0.9899992266114068	0.9683097982365373	0.9908048466425048	0.9861002984668696	0.9843641442515314	0.9907327009668686	0.9894090397829707	0.9906969960099833	0.9912960879218521	0.9911676770664715	0.9933989454121458	0.9906686564035349	0.9586834176859228	0.9813845593087073	0.9915074311925489	0.9888561990396703
0.9782452556063552	0.9509267477587148	0.9740422638089264	0.9791096128205657	0.9827215449899603	0.9509210999115663	0.9508627733424992	0.9507464625596934	0.9512853022313265	0.9511893606161411	0.9815518216788239	0.9749873074424209	0.9812440230317278	0.980285235531859	0.980492382592146	0.982537099735699	0.9765918193310756	0.9805608654953457	0.9771664237327913	0.9848105717569651	0.9812807051403789	0.9824772759450634	0.9814528364180711	0.9833970763174702	0.981970184754416	0.9832721291912152	1.0	0.9810957188031715	0.9842786990542143	0.9820395197944887	0.9804957113597574	0.958848791664474	0.9841267821600144	0.9838133042312807	0.9782220828160225	0.9821462359688484	0.9790610543917929	0.9836946167418175	0.981929761575675	0.9831451681060668	0.9815492617143402	0.9819426732869718	0.949340826442397	0.9753862698217848	0.9811598271768649	0.9794979554964676
0.9888161279664403	0.9602301651349968	0.9738230686145022	0.9840484137464218	0.9947235510291617	0.9610390908129777	0.9609373416717846	0.9617237075419196	0.9614237393986114	0.9618292134051352	0.9830267048774503	0.9892209560021172	0.991304130487777	0.9903542785611675	0.9903080270856415	0.9922935240999526	0.9792353671222807	0.9928161406019865	0.9844700055408455	0.9896784371231641	0.9916673686159738	0.9925913334256886	0.991810317367442	0.9916455198700209	0.990749721379091	0.9909418059082852	0.9810957188031715	1.0	0.9934385009195426	0.9915027920483475	0.9913669517875181	0.9681662914793742	0.9926133033663239	0.9848792007843714	0.9806578436732551	0.991708552002406	0.9876453164557432	0.992874973695951	0.9930678961939929	0.9921001586750758	0.9914446826402579	0.9929362894934475	0.9583658256227073	0.9871570549750013	0.9911604845793837	0.9907423664803279
0.9904205737149095	0.9608567840166337	0.9744701368928492	0.984477862209749	0.9930962280593564	0.9610051576564042	0.9609628952303367	0.9614538034790567	0.9619578772745577	0.9618982098585961	0.9847992623371447	0.9884269682624564	0.9936354805556699	0.9914878863837852	0.9913048440990232	0.9942536800598998	0.9790605902421297	0.9944128278427933	0.9851348610618019	0.9918823162538775	0.9929968898451348	0.9931784466937988	0.9921619267864716	0.9929520960107779	0.9925771817041781	0.9905674960844719	0.9842786990542143	0.9934385009195426	1.0	0.9931127281332771	0.993030278871944	0.9690858947112791	0.9954444580295498	0.9870915843132062	0.9810953280925672	0.9937329129381137	0.9880927041713645	0.9965731382320523	0.9933237273081235	0.9936034714744943	0.9910624398130945	0.9941773929413504	0.9583076210216656	0.9825573732912759	0.9926710680319112	0.9922562864679636
0.9897244920674941	0.9600948320662147	0.9729347096107943	0.9833916064365089	0.99409206174074	0.9602451412597901	0.9602039346751697	0.9607534095409868	0.9610198817471294	0.9609099689169269	0.986493813200433	0.9883096882836457	0.9950999354446066	0.9942110791749678	0.9939447743293625	0.9961925331498291	0.9809587140710992	0.9912727949522488	0.9835652065328601	0.9899847296588797	0.9949007917385577	0.9959690468419053	0.9916991933583816	0.9964866744177402	0.9953744713422589	0.9904044462839522	0.9820395197944887	0.9915027920483475	0.9931127281332771	1.0	0.9945140428450902	0.9682352273259135	0.9958394966806072	0.9870521471921418	0.981444549416431	0.9933113439135859	0.9860963202127169	0.9930025039685503	0.9924138939949343	0.9983268274472062	0.9907404714720572	0.9938154922985082	0.9578796888981118	0.980627531255763	0.9940209437023912	0.9930095157385563
0.9898604660491587	0.959602889724014	0.9737599938895148	0.9829527803732723	0.9929333835861759	0.9600522398184724	0.959952126687242	0.9600452668357019	0.9603688667921317	0.9606090073234288	0.9842770405891503	0.9887473514371279	0.9968528004795796	0.9955228829619889	0.9951213332478734	0.9945964993498932	0.9796304077283616	0.9921835891188179	0.9837394256314219	0.9897734949769204	0.995607179958703	0.9938127144587916	0.9913947044009178	0.9932086162213432	0.9934614796920528	0.9899992266114068	0.9804957113597574	0.9913669517875181	0.993030278871944	0.9945140428450902	1.0	0.9686034856646948	0.993030521012299	0.9841014509675291	0.980517557664138	0.992224838228316	0.9863931937970536	0.9928429750150449	0.9924040748812333	0.9949054693292146	0.9904265664151708	0.9932958741905247	0.9577889157655162	0.9811615936612359	0.9924648850228369	0.994546578699586
0.967518980683069	0.9683793521238212	0.9523974468716785	0.9584234854629983	0.9691304559982994	0.969168499945527	0.9692564334147876	0.9687013974312588	0.9693356545589069	0.9688122063862454	0.9607511740576352	0.9632958098185203	0.9679374377200838	0.968407091123136	0.96799997121075	0.9687661062611206	0.9560535589928686	0.9684745742120946	0.9613968368167353	0.9670785071724627	0.9681456786159299	0.9688231881261409	0.9678450448295419	0.9691670963019445	0.9684791351719618	0.9683097982365373	0.958848791664474	0.9681662914793742	0.9690858947112791	0.9682352273259135	0.9686034856646948	1.0	0.9693917841690061	0.9620038097290156	0.9570172247344131	0.9678173887062038	0.9649832144374292	0.9694571065841193	0.9688358689164314	0.9686765846456007	0.9685331613248821	0.9687405359626029	0.9707724114349409	0.9558060962177166	0.9677334738740035	0.9673674960362457
0.9905552290628624	0.9613060124762773	0.9745273234520072	0.9842029491087267	0.9935264047503206	0.961508588037145	0.9614662457464451	0.9617797858048797	0.9620573882259482	0.9618273746045269	0.9860124561760785	0.9891014798651419	0.9937300822862198	0.9929351180720709	0.9927332240130975	0.9954954725161338	0.9819393391975703	0.9926868319025145	0.9849416458378529	0.9932436899067315	0.9933029390380133	0.9951815229984105	0.9921610714163486	0.9950316684418585	0.994189039601866	0.9908048466425048	0.9841267821600144	0.9926133033663239	0.9954444580295498	0.9958394966806072	0.993030521012299	0.9693917841690061	1.0	0.9914509163771611	0.9818381576668955	0.9936957784366178	0.9871470050744299	0.9963678135604392	0.9935776736299751	0.9958669115409055	0.9912867595492819	0.9938267195110072	0.9584090783841192	0.9814940728120312	0.9939237998726036	0.9927743338003758
0.9815426755940497	0.9549433472620024	0.9761011970739036	0.9830522115367646	0.9862964855961517	0.9557171143364698	0.9555768843042748	0.9557307685544806	0.956049540897489	0.9558465303931903	0.9898724602407001	0.9763662979133814	0.9851450600020049	0.985470750213196	0.9853815740167646	0.9875043668329484	0.9885108631316525	0.9843219767770174	0.9821402311921215	0.988964247355473	0.9847738035395919	0.9870352773920085	0.9849810712311332	0.9879641846786633	0.9868908139422238	0.9861002984668696	0.9838133042312807	0.9848792007843714	0.9870915843132062	0.9870521471921418	0.9841014509675291	0.9620038097290156	0.9914509163771611	1.0	0.9823060703800784	0.9861280697114586	0.9838395960050492	0.9878997993170994	0.9860653645517059	0.9876635392472489	0.9848253072857265	0.9856283338360433	0.9533912817086735	0.979844938991524	0.985965074564809	0.983736668895874
0.9778885363354327	0.9484840761054992	0.9734467258554312	0.9783306269872154	0.9829776524256011	0.9499871972569858	0.9499298440243779	0.9492471772668	0.9498912144908938	0.9501456297706926	0.9811291649642709	0.9739313227958183	0.9810037266073955	0.980713443843887	0.9801901607652935	0.9826011517117075	0.9770664387080189	0.9797052246812301	0.9789947404903315	0.9822748605558421	0.9808568499731393	0.983444553223465	0.9809583548964689	0.9831642756364107	0.9824341032208824	0.9843641442515314	0.9782220828160225	0.9806578436732551	0.9810953280925672	0.981444549416431	0.980517557664138	0.9570172247344131	0.9818381576668955	0.9823060703800784	1.0	0.9856474938047649	0.9809272969517074	0.9808766083214775	0.9823330643492505	0.9822482296618521	0.9822550579182385	0.9811279768122244	0.9464602026150144	0.974591208714966	0.9831000582699043	0.9794587502416866
0.9901386669512995	0.958982187061806	0.9740417171827671	0.9840017422623343	0.9929816425136057	0.9601807022223309	0.959958003696625	0.9594487730031963	0.9599623221667304	0.9602147210283057	0.9859879374770831	0.9876321455478927	0.9932303631178887	0.9915492194173915	0.9915223929765202	0.9946391302464721	0.9794617523053557	0.9923669489351423	0.9840512673871958	0.9905054325835836	0.9927150865120807	0.9944969908099479	0.9909987570650021	0.9933809163790357	0.9947794864748168	0.9907327009668686	0.9821462359688484	0.991708552002406	0.9937329129381137	0.9933113439135859	0.992224838228316	0.9678173887062038	0.9936957784366178	0.9861280697114586	0.9856474938047649	1.0	0.9870767171324033	0.9932555647829356	0.9928595495061968	0.9938837213979396	0.9903451632167082	0.9929662194090205	0.956855756500546	0.9809738401268543	0.995256740736386	0.9917124835599201
0.9839257562354421	0.9571157827053391	0.9740821425204665	0.9853053919168657	0.9884529126387713	0.9585798902985962	0.958675871231084	0.9577736080725152	0.9583722370815431	0.9581068210086454	0.9823641635524155	0.9825222009960245	0.9860902868376874	0.9852770392997897	0.9851979372486962	0.9871457223663926	0.9758775943528966	0.9870227680247445	0.9870498980016065	0.9862137587462092	0.9859778869384225	0.9874312883698355	0.9917081031287058	0.9868772711363493	0.9863543342430753	0.9894090397829707	0.9790610543917929	0.9876453164557432	0.9880927041713645	0.9860963202127169	0.9863931937970536	0.9649832144374292	0.9871470050744299	0.9838395960050492	0.9809272969517074	0.9870767171324033	1.0	0.9871992146581802	0.9888963112142883	0.9867554686121074	0.9923357547139753	0.9869187765295061	0.9550759354673505	0.9786289041689263	0.9864432193363031	0.98530569436622
0.9904873050717625	0.9605037465118068	0.9745933919167095	0.9838216275370752	0.9930793093059822	0.9605958041957356	0.9606122713842646	0.9609355194900083	0.9614402717724043	0.9613262205271742	0.985276256035127	0.9884665698438183	0.9937126018652273	0.9918711058380562	0.9914880882990788	0.9941064652633904	0.9798618141297724	0.9943053881016671	0.9851587397606165	0.9926402265810078	0.9935322458925514	0.9935556636043349	0.9920635241044065	0.9925333109371097	0.9930101049861142	0.9906969960099833	0.9836946167418175	0.992874973695951	0.9965731382320523	0.9930025039685503	0.9928429750150449	0.9694571065841193	0.9963678135604392	0.9878997993170994	0.9808766083214775	0.9932555647829356	0.9871992146581802	1.0	0.9933852320084937	0.9934909735280351	0.9910477014394217	0.9944717804813651	0.957821980342606	0.9816921531631664	0.9929288858122983	0.9927402531873716
0.9900563276107912	0.9597485410328467	0.9733019557713678	0.9848919073506847	0.992886718479718	0.9603939552363546	0.9604111476493735	0.9602047534362497	0.9606017266851842	0.9609070253132949	0.9857128138197726	0.9880449434680196	0.9926005788525605	0.9917852163069505	0.9913359880913325	0.9935292561435641	0.9803437816755298	0.9924282072680389	0.9862766368023401	0.9909805204927369	0.9929176820135949	0.9932609156795297	0.9932267223736773	0.9929093699357402	0.9928474783372727	0.9912960879218521	0.981929761575675	0.9930678961939929	0.9933237273081235	0.9924138939949343	0.9924040748812333	0.9688358689164314	0.9935776736299751	0.9860653645517059	0.9823330643492505	0.9928595495061968	0.9888963112142883	0.9933852320084937	1.0	0.9928635596132669	0.9920508540810954	0.9942513113076639	0.9578048786795431	0.9820794814839621	0.9927043483046533	0.9919468018658736
0.9900608783862123	0.9603512657413489	0.9741282462649041	0.9845230337871747	0.9947258699374832	0.9605636800518252	0.9605803479343764	0.9606723786322929	0.9612408414647943	0.9608926216784988	0.9867755800466201	0.9885896218216064	0.9955187297299735	0.9946165075129356	0.994392929733617	0.9964046946025035	0.9816691104444385	0.9917062118828213	0.984327676299089	0.99078909664804	0.9953184235113135	0.9965458332309559	0.9922953593491072	0.997053471766111	0.9952435093181691	0.9911676770664715	0.9831451681060668	0.9921001586750758	0.9936034714744943	0.9983268274472062	0.9949054693292146	0.9686765846456007	0.9958669115409055	0.9876635392472489	0.9822482296618521	0.9938837213979396	0.9867554686121074	0.9934909735280351	0.9928635596132669	1.0	0.991382992168035	0.9942701384866294	0.957888770306341	0.9815411580054915	0.9942239224026378	0.9935799541638849
