/home/jshaw/scratch/2022_sketched_distance/references/SGB_genome_fastas_part4/9449/BackhedF_2015__SID589_12M__bin.44.fa	/home/jshaw/scratch/2022_sketched_distance/references/SGB_genome_fastas_part4/9449/BritoIL_2016__M1.38.SA__bin.2.fa	/home/jshaw/scratch/2022_sketched_distance/references/SGB_genome_fastas_part4/9449/BritoIL_2016__M1.52.SA__bin.4.fa	/home/jshaw/scratch/2022_sketched_distance/references/SGB_genome_fastas_part4/9449/BritoIL_2016__W1.44.SA__bin.1.fa	/home/jshaw/scratch/2022_sketched_distance/references/SGB_genome_fastas_part4/9449/BritoIL_2016__W1.9.SA__bin.2.fa	/home/jshaw/scratch/2022_sketched_distance/references/SGB_genome_fastas_part4/9449/BritoIL_2016__W2.61.SA__bin.13.fa	/home/jshaw/scratch/2022_sketched_distance/references/SGB_genome_fastas_part4/9449/BritoIL_2016__W3.19.SA__bin.2.fa	/home/jshaw/scratch/2022_sketched_distance/references/SGB_genome_fastas_part4/9449/BritoIL_2016__W3.22.SA__bin.20.fa	/home/jshaw/scratch/2022_sketched_distance/references/SGB_genome_fastas_part4/9449/BritoIL_2016__WL.10.SA__bin.8.fa	/home/jshaw/scratch/2022_sketched_distance/references/SGB_genome_fastas_part4/9449/BritoIL_2016__WL.25.SA__bin.7.fa	/home/jshaw/scratch/2022_sketched_distance/references/SGB_genome_fastas_part4/9449/BritoIL_2016__WL.28.SA__bin.2.fa	/home/jshaw/scratch/2022_sketched_distance/references/SGB_genome_fastas_part4/9449/BritoIL_2016__WL.2.SA__bin.2.fa	/home/jshaw/scratch/2022_sketched_distance/references/SGB_genome_fastas_part4/9449/CM_cf__CF_TNFC017SA_t1M16__bin.25.fa	/home/jshaw/scratch/2022_sketched_distance/references/SGB_genome_fastas_part4/9449/CM_cf__CF_TNFC039IS_t1M15__bin.16.fa	/home/jshaw/scratch/2022_sketched_distance/references/SGB_genome_fastas_part4/9449/CM_cf__CF_TNFC039IS_t2M15__bin.3.fa	/home/jshaw/scratch/2022_sketched_distance/references/SGB_genome_fastas_part4/9449/CM_cf__CF_TNFC039SA_t1M16__bin.3.fa	/home/jshaw/scratch/2022_sketched_distance/references/SGB_genome_fastas_part4/9449/FerrettiP_2018__CA_C10007MS2097SA_t0M15__bin.35.fa	/home/jshaw/scratch/2022_sketched_distance/references/SGB_genome_fastas_part4/9449/FerrettiP_2018__CA_C10029MS2491SA_t0M15__bin.10.fa	/home/jshaw/scratch/2022_sketched_distance/references/SGB_genome_fastas_part4/9449/FerrettiP_2018__CA_C10032MS2543SA_t0M15__bin.27.fa	/home/jshaw/scratch/2022_sketched_distance/references/SGB_genome_fastas_part4/9449/FerrettiP_2018__CA_C10043MS2741SA_t0M16__bin.15.fa	/home/jshaw/scratch/2022_sketched_distance/references/SGB_genome_fastas_part4/9449/HMP_2012__SRS015762__bin.29.fa	/home/jshaw/scratch/2022_sketched_distance/references/SGB_genome_fastas_part4/9449/HMP_2012__SRS016342__bin.54.fa	/home/jshaw/scratch/2022_sketched_distance/references/SGB_genome_fastas_part4/9449/HMP_2012__SRS017076__bin.31.fa	/home/jshaw/scratch/2022_sketched_distance/references/SGB_genome_fastas_part4/9449/HMP_2012__SRS017120__bin.71.fa	/home/jshaw/scratch/2022_sketched_distance/references/SGB_genome_fastas_part4/9449/HMP_2012__SRS020220__bin.43.fa	/home/jshaw/scratch/2022_sketched_distance/references/SGB_genome_fastas_part4/9449/HMP_2012__SRS020856__bin.51.fa	/home/jshaw/scratch/2022_sketched_distance/references/SGB_genome_fastas_part4/9449/HMP_2012__SRS022719__bin.3.fa	/home/jshaw/scratch/2022_sketched_distance/references/SGB_genome_fastas_part4/9449/HMP_2012__SRS022721__bin.1.fa	/home/jshaw/scratch/2022_sketched_distance/references/SGB_genome_fastas_part4/9449/HMP_2012__SRS023352__bin.53.fa	/home/jshaw/scratch/2022_sketched_distance/references/SGB_genome_fastas_part4/9449/HMP_2012__SRS024138__bin.20.fa	/home/jshaw/scratch/2022_sketched_distance/references/SGB_genome_fastas_part4/9449/HMP_2012__SRS024318__bin.50.fa	/home/jshaw/scratch/2022_sketched_distance/references/SGB_genome_fastas_part4/9449/HMP_2012__SRS057205__bin.57.fa	/home/jshaw/scratch/2022_sketched_distance/references/SGB_genome_fastas_part4/9449/HMP_2012__SRS064329__bin.23.fa
1.0	0.9649023079806518	0.966647665364536	0.9638735356561731	0.9664182879348837	0.9650930838479408	0.9627218173319667	0.965387275792641	0.9635471869954925	0.95885538907568	0.9617968547101766	0.9678667489835422	0.9642042442749392	0.9641907125803774	0.9584208413125569	0.9642778640295475	0.9581403454097264	0.9592262339352848	0.962987562901141	0.9640410540932304	0.958350225464262	0.9622600888247568	0.9627974353344865	0.9620835081599202	0.9645169079137268	0.9629289199240884	0.965025714096335	0.9649065350396766	0.9645907676253282	0.964637329507509	0.9657121942861729	0.9644004564427215	0.9644369456053336
0.9649023079806518	1.0	0.9706539596990337	0.9698340744509989	0.9694494064332901	0.9695428023992066	0.964415917872154	0.973180681463143	0.9913081670925501	0.960036954837276	0.9643992176227009	0.9717618465040812	0.9692758374486331	0.9695744103696322	0.9587139460449594	0.9696502722002844	0.961982179488673	0.9635254362833477	0.9693361113597613	0.9689956719736196	0.9599495966426947	0.9679957976370311	0.9688319276330793	0.9646581943049604	0.9704210568147921	0.967494880541413	0.968694970164289	0.9672149013386371	0.9698564170374652	0.9695942282833687	0.9715972019721832	0.9694507560163337	0.9702943485107917
0.966647665364536	0.9706539596990337	1.0	0.9715672474556833	0.9698045595415298	0.9692500648699713	0.969897081967522	0.9690460634250212	0.9696078159157973	0.9656861802797722	0.9666351223215739	0.9750356406368627	0.9690710600899309	0.9700838104965772	0.9616394433524024	0.9701736855604197	0.964458305269235	0.9646523136532645	0.9693385352867812	0.9685942946361488	0.961119682756579	0.9674525986468746	0.9692865688453322	0.967998798720371	0.9701982054563489	0.9680479737397482	0.9695671376160638	0.9694059615371838	0.9707883212117439	0.9691108330695184	0.9712377895290905	0.9691834755914083	0.9690982323344253
0.9638735356561731	0.9698340744509989	0.9715672474556833	1.0	0.9695741266881801	0.9678122402862559	0.9645927021740762	0.9677817439698309	0.9684710026489912	0.9618451531033135	0.9657079415547557	0.9719371208447322	0.9684407335485832	0.9683130502504055	0.9578611765495191	0.968394228087538	0.9632969929393665	0.9633156213448023	0.9691735340083847	0.9680579689435477	0.9597714135097267	0.9681948956714294	0.9681689708129108	0.9642018108436561	0.9687055406455775	0.9672369381384279	0.9687508931358799	0.9683064942788925	0.9687348810240246	0.9681603739374929	0.9694341871468346	0.9683204776030272	0.9685805317885208
0.9664182879348837	0.9694494064332901	0.9698045595415298	0.9695741266881801	1.0	0.968850133475523	0.966295352252381	0.9686114066863127	0.9680978264081485	0.9726554577800389	0.9649181148286626	0.9718266549838902	0.9695241394418342	0.9697516007725678	0.9590865480969978	0.9697486086810446	0.9615878337944278	0.9650967120968591	0.9684145385953391	0.9682920168289942	0.962446874282888	0.9669832929449413	0.9685033344743426	0.9670600638133279	0.9713920437755794	0.9672875047080332	0.9702442643288586	0.9687585876062537	0.9685626074952434	0.967986643037715	0.9701102460448737	0.9681489720433551	0.9699446741181387
0.9650930838479408	0.9695428023992066	0.9692500648699713	0.9678122402862559	0.968850133475523	1.0	0.9660189768318121	0.9688382298034149	0.9685692803376783	0.9582045901578435	0.9649879765773022	0.9715395369786658	0.9704904951038369	0.9702562592935567	0.958233963338639	0.9701054163819262	0.9613124005501913	0.9636693914648152	0.9690720591643619	0.9707714367947021	0.9583300473063576	0.9668536559406404	0.968624773667581	0.96204553017518	0.9693365935735897	0.9665496093859227	0.97031985094503	0.9688556430954538	0.9688018587472291	0.968850660500389	0.9691478121921082	0.9686310927693401	0.9701627428504416
0.9627218173319667	0.964415917872154	0.969897081967522	0.9645927021740762	0.966295352252381	0.9660189768318121	1.0	0.96460412602431	0.9633394515278223	0.96074793102637	0.9623664974345926	0.9699360364944197	0.9650212486455118	0.9654711785270932	0.9590461698391705	0.9655622745289535	0.960491502356065	0.9598124229351371	0.9659375403205642	0.9642181556500894	0.9609604611675017	0.9643271673175535	0.9645528973443271	0.9632769715308642	0.966857281255137	0.9664706417132439	0.9639136035892373	0.9634961815334147	0.9661303161649584	0.9644974378664029	0.9657921146572492	0.9643647161267155	0.9634014284872919
0.965387275792641	0.973180681463143	0.9690460634250212	0.9677817439698309	0.9686114066863127	0.9688382298034149	0.96460412602431	1.0	0.9702627726834877	0.9587722923426459	0.9625545001581773	0.9713473468079672	0.9703850759107556	0.9692685248180738	0.9567189275821967	0.9693424093474373	0.9618473995497802	0.964038707228524	0.9694668527367766	0.9685760983662094	0.958302368765954	0.9677399741507569	0.9685672543732522	0.9634901422801825	0.9701670374266793	0.9675542097900194	0.9691882509314969	0.9672426353090589	0.9692426206668022	0.9688379595595693	0.9705983548764725	0.9690190704749843	0.9694912270571993
0.9635471869954925	0.9913081670925501	0.9696078159157973	0.9684710026489912	0.9680978264081485	0.9685692803376783	0.9633394515278223	0.9702627726834877	1.0	0.9600138974644344	0.9639160838812791	0.9719912255742905	0.9684866059584345	0.9687391342170205	0.9588846931307452	0.9688167569629741	0.9620765783289789	0.9619361405394464	0.9688421561965647	0.9679921654828951	0.9583414462948157	0.9669127687426394	0.9680518278819293	0.9625512233679219	0.9690839450899127	0.9665855107798591	0.9682421680732695	0.9675625538446924	0.9682815295409196	0.9683492782852454	0.9694763167197594	0.9681557131639069	0.9691065251396127
0.95885538907568	0.960036954837276	0.9656861802797722	0.9618451531033135	0.9726554577800389	0.9582045901578435	0.96074793102637	0.9587722923426459	0.9600138974644344	1.0	0.9564049231348626	0.9662273456822068	0.959148167008821	0.9592538755230958	0.951967507124107	0.9593513102537969	0.9544801436857904	0.9586343657217977	0.9684135124863037	0.9575008422680631	0.9546411196121066	0.9679213428435587	0.9580216643989903	0.9588149305389386	0.9597609345117721	0.958189960119413	0.9592953840264397	0.9591490359494683	0.9586174131003703	0.958619458531939	0.9594318806854852	0.9594228723329424	0.9589887596122283
0.9617968547101766	0.9643992176227009	0.9666351223215739	0.9657079415547557	0.9649181148286626	0.9649879765773022	0.9623664974345926	0.9625545001581773	0.9639160838812791	0.9564049231348626	1.0	0.9694931083172843	0.9656163195933776	0.9651988082413537	0.9581106868854642	0.9650772071782755	0.9588856458337719	0.9610516679526757	0.9650906055558859	0.9659521113773509	0.9612657519412077	0.9646604297252778	0.9637406797049148	0.9642151017980851	0.9653443879964102	0.9635577634989003	0.9807328663842986	0.98034992610046	0.9644820698380814	0.9638689580806395	0.9658146852676516	0.9656415712966359	0.9652154967736344
0.9678667489835422	0.9717618465040812	0.9750356406368627	0.9719371208447322	0.9718266549838902	0.9715395369786658	0.9699360364944197	0.9713473468079672	0.9719912255742905	0.9662273456822068	0.9694931083172843	1.0	0.9710185080333008	0.9704623843128897	0.9621044830507317	0.9705496624455098	0.9656316632624764	0.9674233025979443	0.9712476545530411	0.9704571182589233	0.9639509129667343	0.9699915711697339	0.9700960431672608	0.9690717099517332	0.971811809212606	0.9692200934964841	0.9710987080737346	0.9708552251334243	0.9706509139899872	0.9707395168478937	0.9722430524856961	0.9706676155114805	0.9707374403819621
0.9642042442749392	0.9692758374486331	0.9690710600899309	0.9684407335485832	0.9695241394418342	0.9704904951038369	0.9650212486455118	0.9703850759107556	0.9684866059584345	0.959148167008821	0.9656163195933776	0.9710185080333008	1.0	0.9702843917343653	0.9575899160682392	0.9703207586652642	0.9632979328733924	0.9631540803389442	0.9710593543189538	0.970086802043293	0.958811282416379	0.9696694325990928	0.9699267307112315	0.9625930331235142	0.9716892416219027	0.9697337139265435	0.9704605501207751	0.9682060101715079	0.9701154317644692	0.9707833783947731	0.9703495993519705	0.9704929298580321	0.9914917835120504
0.9641907125803774	0.9695744103696322	0.9700838104965772	0.9683130502504055	0.9697516007725678	0.9702562592935567	0.9654711785270932	0.9692685248180738	0.9687391342170205	0.9592538755230958	0.9651988082413537	0.9704623843128897	0.9702843917343653	1.0	0.9845712417430348	0.9998806431964012	0.963207128046955	0.9658188727833186	0.9710319787140571	0.969634128768647	0.9613730596992427	0.9700380652628471	0.9711441100393489	0.9650435676471152	0.9719733885125224	0.9708529506293668	0.9705220291542924	0.9681736535226655	0.9705000632293806	0.970352323580538	0.9715680871891779	0.9712933017974691	0.9713265476887692
0.9584208413125569	0.9587139460449594	0.9616394433524024	0.9578611765495191	0.9590865480969978	0.958233963338639	0.9590461698391705	0.9567189275821967	0.9588846931307452	0.951967507124107	0.9581106868854642	0.9621044830507317	0.9575899160682392	0.9845712417430348	1.0	0.9846396032174933	0.9539588066770204	0.9556614287395958	0.9578412624225497	0.957978745218331	0.9553610440009617	0.958118232515662	0.958825325323626	0.9593777105729094	0.9601017291387645	0.9568460741501525	0.9574467086853448	0.9570830943217319	0.958808962367988	0.9578128989406369	0.960062556772269	0.9586474931899468	0.9574351585362721
0.9642778640295475	0.9696502722002844	0.9701736855604197	0.968394228087538	0.9697486086810446	0.9701054163819262	0.9655622745289535	0.9693424093474373	0.9688167569629741	0.9593513102537969	0.9650772071782755	0.9705496624455098	0.9703207586652642	0.9998806431964012	0.9846396032174933	1.0	0.963289614233124	0.9658525493057112	0.9710697573515057	0.9695931968197978	0.9614670972209365	0.9700756563341472	0.9712193464896094	0.9650246677149947	0.9720485628298736	0.9709258194672791	0.970521216371715	0.9681665058808522	0.9705376776949188	0.9704264132786462	0.9716427824361263	0.9713673231781538	0.9713977457716257
0.9581403454097264	0.961982179488673	0.964458305269235	0.9632969929393665	0.9615878337944278	0.9613124005501913	0.960491502356065	0.9618473995497802	0.9620765783289789	0.9544801436857904	0.9588856458337719	0.9656316632624764	0.9632979328733924	0.963207128046955	0.9539588066770204	0.963289614233124	1.0	0.9593478544785498	0.9624417375240594	0.9632091909817125	0.9545382124222831	0.9602604087032942	0.9769008153151035	0.9574774494759993	0.9630395013623213	0.9615192250968722	0.9632590292281433	0.9629714458082038	0.9843147320899521	0.9803128715835306	0.9635907714115942	0.9631674195700929	0.9635670451668941
0.9592262339352848	0.9635254362833477	0.9646523136532645	0.9633156213448023	0.9650967120968591	0.9636693914648152	0.9598124229351371	0.964038707228524	0.9619361405394464	0.9586343657217977	0.9610516679526757	0.9674233025979443	0.9631540803389442	0.9658188727833186	0.9556614287395958	0.9658525493057112	0.9593478544785498	1.0	0.9637791485539942	0.9630158230222958	0.9560211114565339	0.9639794320681871	0.9650275120545159	0.9591399774015467	0.9652240701374188	0.9618902734901352	0.964978851983304	0.9644193570403364	0.964090177372806	0.9648185058359643	0.965467887150744	0.9645470639894906	0.9643288190208814
0.962987562901141	0.9693361113597613	0.9693385352867812	0.9691735340083847	0.9684145385953391	0.9690720591643619	0.9659375403205642	0.9694668527367766	0.9688421561965647	0.9684135124863037	0.9650906055558859	0.9712476545530411	0.9710593543189538	0.9710319787140571	0.9578412624225497	0.9710697573515057	0.9624417375240594	0.9637791485539942	1.0	0.9692493574934026	0.9618901862103174	0.9932653425076934	0.9699940400850792	0.9627455177050531	0.9710073591626209	0.9708369006728629	0.9696531829248988	0.9676666923364629	0.970427822641476	0.9708207769568468	0.9701841027721159	0.9700565606525279	0.9709264811522011
0.9640410540932304	0.9689956719736196	0.9685942946361488	0.9680579689435477	0.9682920168289942	0.9707714367947021	0.9642181556500894	0.9685760983662094	0.9679921654828951	0.9575008422680631	0.9659521113773509	0.9704571182589233	0.970086802043293	0.969634128768647	0.957978745218331	0.9695931968197978	0.9632091909817125	0.9630158230222958	0.9692493574934026	1.0	0.9591431588531434	0.9679177393735529	0.9695652162824384	0.9630477371990366	0.9700221254632075	0.966737330626144	0.9713487882642197	0.9687889130629729	0.9699468073959475	0.9692637912016429	0.9693234960573397	0.9690463906097452	0.9710109546666892
0.958350225464262	0.9599495966426947	0.961119682756579	0.9597714135097267	0.962446874282888	0.9583300473063576	0.9609604611675017	0.958302368765954	0.9583414462948157	0.9546411196121066	0.9612657519412077	0.9639509129667343	0.958811282416379	0.9613730596992427	0.9553610440009617	0.9614670972209365	0.9545382124222831	0.9560211114565339	0.9618901862103174	0.9591431588531434	1.0	0.9614441299688072	0.960175457257916	0.9679672682435604	0.9611358563387908	0.9585276759721233	0.9594416884026663	0.9574202810955954	0.9602528243598661	0.9591567564636367	0.9602761659297959	0.9873521613090549	0.9609051205424978
0.9622600888247568	0.9679957976370311	0.9674525986468746	0.9681948956714294	0.9669832929449413	0.9668536559406404	0.9643271673175535	0.9677399741507569	0.9669127687426394	0.9679213428435587	0.9646604297252778	0.9699915711697339	0.9696694325990928	0.9700380652628471	0.958118232515662	0.9700756563341472	0.9602604087032942	0.9639794320681871	0.9932653425076934	0.9679177393735529	0.9614441299688072	1.0	0.9689734463482962	0.9627475080765299	0.9696359778077666	0.9696596872056237	0.96874590304347	0.966471350197234	0.9694639694248154	0.9695789747458815	0.9698923167756988	0.9682947261766627	0.9693498548510451
0.9627974353344865	0.9688319276330793	0.9692865688453322	0.9681689708129108	0.9685033344743426	0.968624773667581	0.9645528973443271	0.9685672543732522	0.9680518278819293	0.9580216643989903	0.9637406797049148	0.9700960431672608	0.9699267307112315	0.9711441100393489	0.958825325323626	0.9712193464896094	0.9769008153151035	0.9650275120545159	0.9699940400850792	0.9695652162824384	0.960175457257916	0.9689734463482962	1.0	0.9637783024711855	0.9712790931952968	0.968146669071818	0.9697290320288207	0.9677536390617908	0.9872388083322936	0.9861872142662006	0.9707735570110336	0.9698971128778671	0.9700657043428556
0.9620835081599202	0.9646581943049604	0.967998798720371	0.9642018108436561	0.9670600638133279	0.96204553017518	0.9632769715308642	0.9634901422801825	0.9625512233679219	0.9588149305389386	0.9642151017980851	0.9690717099517332	0.9625930331235142	0.9650435676471152	0.9593777105729094	0.9650246677149947	0.9574774494759993	0.9591399774015467	0.9627455177050531	0.9630477371990366	0.9679672682435604	0.9627475080765299	0.9637783024711855	1.0	0.9653643025280219	0.960897994694481	0.9631651239055795	0.9615986734840658	0.9637145769006473	0.9628295496072408	0.9888337233570207	0.9640151794997359	0.9645723500921762
0.9645169079137268	0.9704210568147921	0.9701982054563489	0.9687055406455775	0.9713920437755794	0.9693365935735897	0.966857281255137	0.9701670374266793	0.9690839450899127	0.9597609345117721	0.9653443879964102	0.971811809212606	0.9716892416219027	0.9719733885125224	0.9601017291387645	0.9720485628298736	0.9630395013623213	0.9652240701374188	0.9710073591626209	0.9700221254632075	0.9611358563387908	0.9696359778077666	0.9712790931952968	0.9653643025280219	1.0	0.9736864599701553	0.9708896747267036	0.9695147751965022	0.9706122809841671	0.9705339251419189	0.9720186055285022	0.9706277339822443	0.9714603797862832
0.9629289199240884	0.967494880541413	0.9680479737397482	0.9672369381384279	0.9672875047080332	0.9665496093859227	0.9664706417132439	0.9675542097900194	0.9665855107798591	0.958189960119413	0.9635577634989003	0.9692200934964841	0.9697337139265435	0.9708529506293668	0.9568460741501525	0.9709258194672791	0.9615192250968722	0.9618902734901352	0.9708369006728629	0.966737330626144	0.9585276759721233	0.9696596872056237	0.968146669071818	0.960897994694481	0.9736864599701553	1.0	0.9691308335666138	0.9671191607148085	0.9692212531627742	0.9687834756014088	0.9690004961840561	0.9679575424706361	0.9686714294623103
0.965025714096335	0.968694970164289	0.9695671376160638	0.9687508931358799	0.9702442643288586	0.97031985094503	0.9639136035892373	0.9691882509314969	0.9682421680732695	0.9592953840264397	0.9807328663842986	0.9710987080737346	0.9704605501207751	0.9705220291542924	0.9574467086853448	0.970521216371715	0.9632590292281433	0.964978851983304	0.9696531829248988	0.9713487882642197	0.9594416884026663	0.96874590304347	0.9697290320288207	0.9631651239055795	0.9708896747267036	0.9691308335666138	1.0	0.996031851100907	0.9705258566410055	0.9698520764632426	0.9699897547495834	0.9695268756700406	0.9709241535791924
0.9649065350396766	0.9672149013386371	0.9694059615371838	0.9683064942788925	0.9687585876062537	0.9688556430954538	0.9634961815334147	0.9672426353090589	0.9675625538446924	0.9591490359494683	0.98034992610046	0.9708552251334243	0.9682060101715079	0.9681736535226655	0.9570830943217319	0.9681665058808522	0.9629714458082038	0.9644193570403364	0.9676666923364629	0.9687889130629729	0.9574202810955954	0.966471350197234	0.9677536390617908	0.9615986734840658	0.9695147751965022	0.9671191607148085	0.996031851100907	1.0	0.9695985468841345	0.9680201834752169	0.9686114303479906	0.967506668562492	0.9685218826535416
0.9645907676253282	0.9698564170374652	0.9707883212117439	0.9687348810240246	0.9685626074952434	0.9688018587472291	0.9661303161649584	0.9692426206668022	0.9682815295409196	0.9586174131003703	0.9644820698380814	0.9706509139899872	0.9701154317644692	0.9705000632293806	0.958808962367988	0.9705376776949188	0.9843147320899521	0.964090177372806	0.970427822641476	0.9699468073959475	0.9602528243598661	0.9694639694248154	0.9872388083322936	0.9637145769006473	0.9706122809841671	0.9692212531627742	0.9705258566410055	0.9695985468841345	1.0	0.9917347949113804	0.9715911185079126	0.9705218578781799	0.9704376008289508
0.964637329507509	0.9695942282833687	0.9691108330695184	0.9681603739374929	0.967986643037715	0.968850660500389	0.9644974378664029	0.9688379595595693	0.9683492782852454	0.958619458531939	0.9638689580806395	0.9707395168478937	0.9707833783947731	0.970352323580538	0.9578128989406369	0.9704264132786462	0.9803128715835306	0.9648185058359643	0.9708207769568468	0.9692637912016429	0.9591567564636367	0.9695789747458815	0.9861872142662006	0.9628295496072408	0.9705339251419189	0.9687834756014088	0.9698520764632426	0.9680201834752169	0.9917347949113804	1.0	0.9707289395779531	0.969707824741185	0.9710275963568492
0.9657121942861729	0.9715972019721832	0.9712377895290905	0.9694341871468346	0.9701102460448737	0.9691478121921082	0.9657921146572492	0.9705983548764725	0.9694763167197594	0.9594318806854852	0.9658146852676516	0.9722430524856961	0.9703495993519705	0.9715680871891779	0.960062556772269	0.9716427824361263	0.9635907714115942	0.965467887150744	0.9701841027721159	0.9693234960573397	0.9602761659297959	0.9698923167756988	0.9707735570110336	0.9888337233570207	0.9720186055285022	0.9690004961840561	0.9699897547495834	0.9686114303479906	0.9715911185079126	0.9707289395779531	1.0	0.969849679067329	0.9708380563089533
0.9644004564427215	0.9694507560163337	0.9691834755914083	0.9683204776030272	0.9681489720433551	0.9686310927693401	0.9643647161267155	0.9690190704749843	0.9681557131639069	0.9594228723329424	0.9656415712966359	0.9706676155114805	0.9704929298580321	0.9712933017974691	0.9586474931899468	0.9713673231781538	0.9631674195700929	0.9645470639894906	0.9700565606525279	0.9690463906097452	0.9873521613090549	0.9682947261766627	0.9698971128778671	0.9640151794997359	0.9706277339822443	0.9679575424706361	0.9695268756700406	0.967506668562492	0.9705218578781799	0.969707824741185	0.969849679067329	1.0	0.9709329805355524
0.9644369456053336	0.9702943485107917	0.9690982323344253	0.9685805317885208	0.9699446741181387	0.9701627428504416	0.9634014284872919	0.9694912270571993	0.9691065251396127	0.9589887596122283	0.9652154967736344	0.9707374403819621	0.9914917835120504	0.9713265476887692	0.9574351585362721	0.9713977457716257	0.9635670451668941	0.9643288190208814	0.9709264811522011	0.9710109546666892	0.9609051205424978	0.9693498548510451	0.9700657043428556	0.9645723500921762	0.9714603797862832	0.9686714294623103	0.9709241535791924	0.9685218826535416	0.9704376008289508	0.9710275963568492	0.9708380563089533	0.9709329805355524	1.0
