/home/jshaw/scratch/2022_sketched_distance/references/SGB_genome_fastas_part2/4329/Bengtsson-PalmeJ_2015__TRAVELRES20__bin.89.fa	/home/jshaw/scratch/2022_sketched_distance/references/SGB_genome_fastas_part2/4329/BritoIL_2016__M1.15.ST__bin.93.fa	/home/jshaw/scratch/2022_sketched_distance/references/SGB_genome_fastas_part2/4329/BritoIL_2016__M1.20.ST__bin.14.fa	/home/jshaw/scratch/2022_sketched_distance/references/SGB_genome_fastas_part2/4329/BritoIL_2016__M1.52.ST__bin.60.fa	/home/jshaw/scratch/2022_sketched_distance/references/SGB_genome_fastas_part2/4329/BritoIL_2016__M1.59.ST__bin.3.fa	/home/jshaw/scratch/2022_sketched_distance/references/SGB_genome_fastas_part2/4329/BritoIL_2016__M1.63.ST__bin.48.fa	/home/jshaw/scratch/2022_sketched_distance/references/SGB_genome_fastas_part2/4329/BritoIL_2016__M2.3.ST__bin.58.fa	/home/jshaw/scratch/2022_sketched_distance/references/SGB_genome_fastas_part2/4329/BritoIL_2016__W1.15.ST__bin.6.fa	/home/jshaw/scratch/2022_sketched_distance/references/SGB_genome_fastas_part2/4329/BritoIL_2016__W1.1.ST__bin.12.fa	/home/jshaw/scratch/2022_sketched_distance/references/SGB_genome_fastas_part2/4329/BritoIL_2016__W1.26.ST__bin.71.fa	/home/jshaw/scratch/2022_sketched_distance/references/SGB_genome_fastas_part2/4329/BritoIL_2016__W1.2.ST__bin.4.fa	/home/jshaw/scratch/2022_sketched_distance/references/SGB_genome_fastas_part2/4329/BritoIL_2016__W1.31.ST__bin.11.fa	/home/jshaw/scratch/2022_sketched_distance/references/SGB_genome_fastas_part2/4329/BritoIL_2016__W2.40.ST__bin.21.fa	/home/jshaw/scratch/2022_sketched_distance/references/SGB_genome_fastas_part2/4329/BritoIL_2016__W2.46.ST__bin.68.fa	/home/jshaw/scratch/2022_sketched_distance/references/SGB_genome_fastas_part2/4329/BritoIL_2016__W2.4.ST__bin.23.fa	/home/jshaw/scratch/2022_sketched_distance/references/SGB_genome_fastas_part2/4329/BritoIL_2016__W2.65.ST__bin.32.fa	/home/jshaw/scratch/2022_sketched_distance/references/SGB_genome_fastas_part2/4329/BritoIL_2016__W3.19.ST__bin.44.fa	/home/jshaw/scratch/2022_sketched_distance/references/SGB_genome_fastas_part2/4329/CM_madagascar__A32_01_1FE__bin.54.fa	/home/jshaw/scratch/2022_sketched_distance/references/SGB_genome_fastas_part2/4329/CM_madagascar__A56_01_1FE__bin.9.fa	/home/jshaw/scratch/2022_sketched_distance/references/SGB_genome_fastas_part2/4329/CosteaPI_2017__SID713A049-11-0-0__bin.49.fa	/home/jshaw/scratch/2022_sketched_distance/references/SGB_genome_fastas_part2/4329/LiSS_2016__FAT_DON_19-22-0-0__bin.12.fa	/home/jshaw/scratch/2022_sketched_distance/references/SGB_genome_fastas_part2/4329/Obregon-TitoAJ_2015__HCO64__bin.33.fa	/home/jshaw/scratch/2022_sketched_distance/references/SGB_genome_fastas_part2/4329/Obregon-TitoAJ_2015__SM01__bin.19.fa	/home/jshaw/scratch/2022_sketched_distance/references/SGB_genome_fastas_part2/4329/Obregon-TitoAJ_2015__SM24__bin.27.fa	/home/jshaw/scratch/2022_sketched_distance/references/SGB_genome_fastas_part2/4329/Obregon-TitoAJ_2015__SM29__bin.35.fa	/home/jshaw/scratch/2022_sketched_distance/references/SGB_genome_fastas_part2/4329/Obregon-TitoAJ_2015__SM40__bin.4.fa	/home/jshaw/scratch/2022_sketched_distance/references/SGB_genome_fastas_part2/4329/Obregon-TitoAJ_2015__SM42__bin.6.fa	/home/jshaw/scratch/2022_sketched_distance/references/SGB_genome_fastas_part2/4329/RampelliS_2015__H10__bin.28.fa	/home/jshaw/scratch/2022_sketched_distance/references/SGB_genome_fastas_part2/4329/SchirmerM_2016__G89062__bin.1.fa	/home/jshaw/scratch/2022_sketched_distance/references/SGB_genome_fastas_part2/4329/SmitsSA_2017__TZ_12739__bin.2.fa	/home/jshaw/scratch/2022_sketched_distance/references/SGB_genome_fastas_part2/4329/ZeeviD_2015__PNP_Main_25__bin.48.fa	/home/jshaw/scratch/2022_sketched_distance/references/SGB_genome_fastas_part2/4329/ZeeviD_2015__PNP_Main_37__bin.8.fa	/home/jshaw/scratch/2022_sketched_distance/references/SGB_genome_fastas_part2/4329/ZeeviD_2015__PNP_Main_455__bin.55.fa	/home/jshaw/scratch/2022_sketched_distance/references/SGB_genome_fastas_part2/4329/ZeeviD_2015__PNP_Validation_30__bin.18.fa
1.0	0.9793711914317513	0.9644400652332366	0.9750098261585683	0.9670249348646714	0.9710586770441947	0.9785322290026587	0.9667323663880182	0.9774835950918644	0.9797827224454625	0.9785322290026587	0.9694933898834447	0.9803043268688184	0.9798410915030472	0.9792526520539607	0.9788343406697617	0.9810433547288632	0.9705969926187213	0.9771686409370522	0.9773579785800591	0.9721110066118089	0.9793119755494204	0.982794393640093	0.9553134576923781	0.9743263013259146	0.9705194006858036	0.9669065999427303	0.9658180715592078	0.9684337329487566	0.9726973391147131	0.9773579785800591	0.9819305824601137	0.9788343406697617	0.9820398134022664
0.9793711914317513	1.0	0.9776617372759191	0.9837767506155646	0.9768066952569118	0.9789139424497008	0.9742266230986911	0.9766545281485849	0.9770059441214801	0.9759653030586908	0.9772461111372099	0.9788288832971976	0.9768471501874327	0.9768593875722797	0.9777171118564055	0.9765189287704841	0.9749466498328258	0.9709598436442343	0.9746792018676199	0.9770881918227574	0.9851252769753142	0.9744160734662407	0.9766073138540348	0.975659710441725	0.9723895587716302	0.9667621947917123	0.966559869795297	0.9736191274379198	0.9819303616897914	0.9698820653287433	0.9738228763572513	0.9769675083271325	0.9827987788544116	0.9769006531669459
0.9644400652332366	0.9776617372759191	1.0	0.974091570090919	0.9605620682998663	0.9677823557432844	0.9807610289285826	0.9611460871061148	0.989439073314126	0.9775966465912336	0.9915068067085555	0.9823199397894004	0.9807018399536459	0.9774660738595814	0.9716038059383797	0.9770049035157978	0.9897103647339294	0.9681331958842284	0.9759941222019185	0.9741640579612579	0.9718380224885387	0.9779208077571716	0.979186157003858	0.9616835941678018	0.9735795719129876	0.9677823557432844	0.9653087256604398	0.9609285339085227	0.9651177072079007	0.9748092698312828	0.9755808512952323	0.978936983079248	0.9763345489964067	0.9783692852731891
0.9750098261585683	0.9837767506155646	0.974091570090919	1.0	0.9738363814657736	0.9748972632414704	0.9787726011031505	0.9725727461214376	0.978289333961809	0.979119625546461	0.9797605164840048	0.977172901581617	0.9784658970413631	0.9789899234666958	0.9740907454345118	0.9789465746322543	0.9756634552158723	0.9689738107739538	0.9772551089645879	0.977025866785026	0.9777930952577859	0.9790332147940423	0.9808014914851121	0.9689740025648844	0.976702192335174	0.969267352404897	0.9672165340975677	0.9708131441752543	0.9747084541099482	0.9744911169542712	0.9773007644319831	0.9805959323330021	0.983438201513976	0.978685265221597
0.9670249348646714	0.9768066952569118	0.9605620682998663	0.9738363814657736	1.0	0.9874871376986447	0.9783993898635628	0.9819803105008144	0.9749071390591856	0.9964082166734893	0.9762339403052954	0.9668323956905542	0.9774392267389593	0.996369091203682	0.993848535468571	0.9961727694456978	0.974831815903453	0.9698710937050605	0.9739915253814357	0.9755773060054366	0.9703941354019181	0.9769483232600896	0.9787355665502886	0.9562995379836129	0.9724056581251839	0.9673116043505553	0.9655520345530699	0.9633696904870629	0.9627179338218856	0.972078960849735	0.9754295693361034	0.977369548978472	0.9760891626606121	0.9771596170338783
0.9710586770441947	0.9789139424497008	0.9677823557432844	0.9748972632414704	0.9874871376986447	1.0	0.9796813545623245	0.987020919822325	0.9770498175457539	0.9994769472015912	0.9786018525760914	0.9688251375627102	0.9785495460885054	0.9995323936230529	0.9932721200738779	0.9991983223237322	0.9737043665590007	0.9692153012079084	0.9754776793273428	0.9756498026261561	0.9730910672709694	0.9801332911211922	0.9813087634909289	0.96416377183786	0.9764970170672185	0.9690754228825633	0.9665240003213904	0.9662651758207755	0.9676422643709066	0.9745439718816702	0.9776472533083284	0.9810188337241404	0.9790688750644179	0.9797823267021921
0.9785322290026587	0.9742266230986911	0.9807610289285826	0.9787726011031505	0.9783993898635628	0.9796813545623245	1.0	0.9777672175908768	0.9827007314924326	0.9747015759045923	0.9831319059653382	0.9836567776983505	0.9973970999971148	0.9772179508943614	0.976757807814893	0.9770951259129461	0.9799516691403002	0.9731657317763192	0.9765895482770947	0.9778885363354327	0.9790125572154853	0.9746125726404775	0.9764445512434798	0.975659710441725	0.9722089496198946	0.967557109046025	0.9687280343040596	0.975341071236256	0.9737396523597994	0.9699676066680196	0.9760964533119305	0.9782463915479999	0.9772464102994639	0.9781528416033265
0.9667323663880182	0.9766545281485849	0.9611460871061148	0.9725727461214376	0.9819803105008144	0.987020919822325	0.9777672175908768	1.0	0.9748443336650683	0.998770226651396	0.9768426362815407	0.9646609329108576	0.9765285161714325	0.9984474465159178	0.9932248385789595	0.9980887347992448	0.9730680644518381	0.9681480943799845	0.9743755854450751	0.9749770289320061	0.9704360167232937	0.9772773750937578	0.978960559050809	0.9604236731566071	0.9731382106794167	0.9668978438781886	0.9655085179798462	0.9610721308136256	0.9634946247234375	0.972214256140166	0.9749770289320061	0.978901917572429	0.9766545281485849	0.9778885363354327
0.9774835950918644	0.9770059441214801	0.989439073314126	0.978289333961809	0.9749071390591856	0.9770498175457539	0.9827007314924326	0.9748443336650683	1.0	0.9785545375285084	0.9963460705752848	0.9918767633958894	0.9811621190623573	0.9783600628614363	0.9740361128079391	0.9780858351249921	0.9881515384997053	0.969935134860779	0.976307173360938	0.9743815935656672	0.9766749448618879	0.9774100886159857	0.9792452010863565	0.9721235110082836	0.9746450245458206	0.9678601047917311	0.9656276476020894	0.9743188969853523	0.9735074353245151	0.9751655642722089	0.9760569224281872	0.9798097961023114	0.9777695813000715	0.9789783440326937
0.9797827224454625	0.9759653030586908	0.9775966465912336	0.979119625546461	0.9964082166734893	0.9994769472015912	0.9747015759045923	0.998770226651396	0.9785545375285084	1.0	0.9785918693212323	0.9787690270520972	0.9783783192770051	0.9994234704149113	0.9991365626837615	0.9989872769574482	0.9754702403304055	0.972209501671897	0.9752365627176063	0.9768442032095054	0.9791045006084199	0.9747944242072386	0.9764359864397386	0.9767401016999018	0.9708591376793215	0.9661015704460906	0.9666690857113425	0.9748680550249522	0.9746522587387573	0.9677786120785035	0.9747281982403614	0.9780764740963097	0.9771742754527186	0.9782929331850669
0.9785322290026587	0.9772461111372099	0.9915068067085555	0.9797605164840048	0.9762339403052954	0.9786018525760914	0.9831319059653382	0.9768426362815407	0.9963460705752848	0.9785918693212323	1.0	0.9936378655447631	0.9819186646312642	0.9784818202685537	0.9753562026248382	0.9784082474077059	0.9898687356324256	0.972362373115558	0.9770163140449054	0.9760174427109125	0.9784553887065371	0.9776255403553764	0.9797431966265369	0.9748814997983452	0.9758423502144061	0.9679406644321407	0.9668322186282441	0.9755417043353924	0.9745959659976894	0.9755220052773564	0.9770930933609545	0.9806840201549542	0.9782235858049836	0.979565956899714
0.9694933898834447	0.9788288832971976	0.9823199397894004	0.977172901581617	0.9668323956905542	0.9688251375627102	0.9836567776983505	0.9646609329108576	0.9918767633958894	0.9787690270520972	0.9936378655447631	1.0	0.9832936093152358	0.9787690270520972	0.9755606921215875	0.9787090607905498	0.9951647651294888	0.9718528941558547	0.9775482364895167	0.977046822721796	0.972440444251809	0.9790672162714423	0.9809697869783447	0.9616534185582428	0.9760202201500692	0.9726580582320375	0.9692295280119164	0.9667936353728408	0.9683330882306542	0.977046822721796	0.9776103740786637	0.9811930527198367	0.9785887965679997	0.9795387237973946
0.9803043268688184	0.9768471501874327	0.9807018399536459	0.9784658970413631	0.9774392267389593	0.9785495460885054	0.9973970999971148	0.9765285161714325	0.9811621190623573	0.9783783192770051	0.9819186646312642	0.9832936093152358	1.0	0.9783034452601922	0.9778457646656605	0.977964368137748	0.9805497198588082	0.9722605389817824	0.9765320863974247	0.9769664260180138	0.9780785842395893	0.9782659436862179	0.9800901445108599	0.9737946310291744	0.9751992066636844	0.9702660986854973	0.9673167211191148	0.9758073039783233	0.9734491204979435	0.9727152956616449	0.9770425280577584	0.9800191002894463	0.9776217269915712	0.9792636539601132
0.9798410915030472	0.9768593875722797	0.9774660738595814	0.9789899234666958	0.996369091203682	0.9995323936230529	0.9772179508943614	0.9984474465159178	0.9783600628614363	0.9994234704149113	0.9784818202685537	0.9787690270520972	0.9783034452601922	1.0	0.9989115158070972	0.9993142516594127	0.9755134946046945	0.972158383857254	0.9751970666585311	0.976680522512872	0.9789664881961145	0.9763140283751273	0.9787503782648511	0.9766869255057973	0.973799462208027	0.9661015704460906	0.9663403209344696	0.9747316333089734	0.9745395755430792	0.971288333058041	0.9746115340494121	0.9783739708400112	0.977101980501854	0.9781528416033265
0.9792526520539607	0.9777171118564055	0.9716038059383797	0.9740907454345118	0.993848535468571	0.9932721200738779	0.976757807814893	0.9932248385789595	0.9740361128079391	0.9991365626837615	0.9753562026248382	0.9755606921215875	0.9778457646656605	0.9989115158070972	1.0	0.9985025579880368	0.977066116384266	0.9675476329977284	0.9739397355382869	0.9742280133422648	0.9730695494780074	0.9767135244595666	0.9785653602814378	0.9652573553918643	0.9727102293513203	0.9679683530960954	0.9637582592729782	0.9726133850768373	0.9701979139974429	0.9709066050561961	0.9745611346723445	0.977973911674407	0.9759059453238687	0.977066116384266
0.9788343406697617	0.9765189287704841	0.9770049035157978	0.9789465746322543	0.9961727694456978	0.9991983223237322	0.9770951259129461	0.9980887347992448	0.9780858351249921	0.9989872769574482	0.9784082474077059	0.9787090607905498	0.977964368137748	0.9993142516594127	0.9985025579880368	1.0	0.9752094992558625	0.9718499717981033	0.9747994437117465	0.976474757546183	0.9788278896036525	0.9758582761396378	0.978217818061879	0.9759876111391003	0.9736729847495058	0.965947175036243	0.9665051226914806	0.9746632070529112	0.9740276067197633	0.971584633323826	0.9745725527015687	0.9778711132416585	0.9766648077050767	0.9777289183662026
0.9810433547288632	0.9749466498328258	0.9897103647339294	0.9756634552158723	0.974831815903453	0.9737043665590007	0.9799516691403002	0.9730680644518381	0.9881515384997053	0.9754702403304055	0.9898687356324256	0.9951647651294888	0.9805497198588082	0.9755134946046945	0.977066116384266	0.9752094992558625	1.0	0.9693824824003704	0.9750783402523815	0.9727635661356004	0.9740493387045676	0.9760281078665493	0.9776465334495358	0.9666655397917866	0.9722418888009943	0.968548956356576	0.9651020836120774	0.9743880515945967	0.9722602508610475	0.9717602376653791	0.9740999814403819	0.9782482049932034	0.9744144852328575	0.9755998309270117
0.9705969926187213	0.9709598436442343	0.9681331958842284	0.9689738107739538	0.9698710937050605	0.9692153012079084	0.9731657317763192	0.9681480943799845	0.969935134860779	0.972209501671897	0.972362373115558	0.9718528941558547	0.9722605389817824	0.972158383857254	0.9675476329977284	0.9718499717981033	0.9693824824003704	1.0	0.9734127545063831	0.9690462965806201	0.9674730833996896	0.9709598436442343	0.9744301960778892	0.9629816423799943	0.9705860850800313	0.9630599360717803	0.9605200713572596	0.9688248974835868	0.9661469133612269	0.9691025710613409	0.9715385952975989	0.9734619341634981	0.9707467962314443	0.972158383857254
0.9771686409370522	0.9746792018676199	0.9759941222019185	0.9772551089645879	0.9739915253814357	0.9754776793273428	0.9765895482770947	0.9743755854450751	0.976307173360938	0.9752365627176063	0.9770163140449054	0.9775482364895167	0.9765320863974247	0.9751970666585311	0.9739397355382869	0.9747994437117465	0.9750783402523815	0.9734127545063831	1.0	0.9746056019372328	0.9767243667394775	0.9745987926994	0.9768535235170979	0.9738527506894863	0.9725638628714683	0.9663971875632417	0.9659524722195482	0.9750039064142261	0.9740848923679574	0.9714742657339328	0.974152948640391	0.9778521321717534	0.9755116997239531	0.9761703558859824
0.9773579785800591	0.9770881918227574	0.9741640579612579	0.977025866785026	0.9755773060054366	0.9756498026261561	0.9778885363354327	0.9749770289320061	0.9743815935656672	0.9768442032095054	0.9760174427109125	0.977046822721796	0.9769664260180138	0.976680522512872	0.9742280133422648	0.976474757546183	0.9727635661356004	0.9690462965806201	0.9746056019372328	1.0	0.9758230833305279	0.9763920859703874	0.9790914967874921	0.9724283116463972	0.9754259508144595	0.9660476097749137	0.9645312101528347	0.9719499635997926	0.9721996474481523	0.9715351971117264	0.9763920859703874	0.9799190830781436	0.976925736032108	0.9830345839779083
0.9721110066118089	0.9851252769753142	0.9718380224885387	0.9777930952577859	0.9703941354019181	0.9730910672709694	0.9790125572154853	0.9704360167232937	0.9766749448618879	0.9791045006084199	0.9784553887065371	0.972440444251809	0.9780785842395893	0.9789664881961145	0.9730695494780074	0.9788278896036525	0.9740493387045676	0.9674730833996896	0.9767243667394775	0.9758230833305279	1.0	0.9783615949845261	0.9798757373399708	0.9662274666382792	0.9758738149808696	0.967209195546319	0.9654391453998648	0.9671411876794365	0.973970219818378	0.9729033355360263	0.9773116516024293	0.9801436475509157	0.9854294241775333	0.978031176030192
0.9793119755494204	0.9744160734662407	0.9779208077571716	0.9790332147940423	0.9769483232600896	0.9801332911211922	0.9746125726404775	0.9772773750937578	0.9774100886159857	0.9747944242072386	0.9776255403553764	0.9790672162714423	0.9782659436862179	0.9763140283751273	0.9767135244595666	0.9758582761396378	0.9760281078665493	0.9709598436442343	0.9745987926994	0.9763920859703874	0.9783615949845261	1.0	0.9777729035875049	0.9763660311805216	0.9731961784936205	0.9674095478275506	0.967423406644909	0.9739708975416798	0.975099123840695	0.9687520069085083	0.9754575018384445	0.9778370919721853	0.9764070527754692	0.9779768763996393
0.982794393640093	0.9766073138540348	0.979186157003858	0.9808014914851121	0.9787355665502886	0.9813087634909289	0.9764445512434798	0.978960559050809	0.9792452010863565	0.9764359864397386	0.9797431966265369	0.9809697869783447	0.9800901445108599	0.9787503782648511	0.9785653602814378	0.978217818061879	0.9776465334495358	0.9744301960778892	0.9768535235170979	0.9790914967874921	0.9798757373399708	0.9777729035875049	1.0	0.9809230807951858	0.9753373288474086	0.969601202869016	0.9694862327980583	0.9750716197472779	0.9768801580896217	0.9704066126463652	0.9824967042935526	0.9801233753296227	0.9778178106314896	0.980586840852048
0.9553134576923781	0.975659710441725	0.9616835941678018	0.9689740025648844	0.9562995379836129	0.96416377183786	0.975659710441725	0.9604236731566071	0.9721235110082836	0.9767401016999018	0.9748814997983452	0.9616534185582428	0.9737946310291744	0.9766869255057973	0.9652573553918643	0.9759876111391003	0.9666655397917866	0.9629816423799943	0.9738527506894863	0.9724283116463972	0.9662274666382792	0.9763660311805216	0.9809230807951858	1.0	0.9944473204417996	0.9653330262785018	0.9627367530119088	0.9541011779461603	0.9613981334929903	0.9696421476704055	0.9754945120082101	0.9798782888434154	0.9767401016999018	0.9778885363354327
0.9743263013259146	0.9723895587716302	0.9735795719129876	0.976702192335174	0.9724056581251839	0.9764970170672185	0.9722089496198946	0.9731382106794167	0.9746450245458206	0.9708591376793215	0.9758423502144061	0.9760202201500692	0.9751992066636844	0.973799462208027	0.9727102293513203	0.9736729847495058	0.9722418888009943	0.9705860850800313	0.9725638628714683	0.9754259508144595	0.9758738149808696	0.9731961784936205	0.9753373288474086	0.9944473204417996	1.0	0.9713495745885371	0.9719387178311636	0.9722464954280245	0.9725015376312899	0.9661471327298758	0.9751140812241696	0.9761464508218021	0.9745040365602627	0.97616289056107
0.9705194006858036	0.9667621947917123	0.9677823557432844	0.969267352404897	0.9673116043505553	0.9690754228825633	0.967557109046025	0.9668978438781886	0.9678601047917311	0.9661015704460906	0.9679406644321407	0.9726580582320375	0.9702660986854973	0.9661015704460906	0.9679683530960954	0.965947175036243	0.968548956356576	0.9630599360717803	0.9663971875632417	0.9660476097749137	0.967209195546319	0.9674095478275506	0.969601202869016	0.9653330262785018	0.9713495745885371	1.0	0.9966855529468298	0.9690700467395108	0.9648785353548329	0.961113020297485	0.9653220804201371	0.9691839445665097	0.9662040910001034	0.9669127420126009
0.9669065999427303	0.966559869795297	0.9653087256604398	0.9672165340975677	0.9655520345530699	0.9665240003213904	0.9687280343040596	0.9655085179798462	0.9656276476020894	0.9666690857113425	0.9668322186282441	0.9692295280119164	0.9673167211191148	0.9663403209344696	0.9637582592729782	0.9665051226914806	0.9651020836120774	0.9605200713572596	0.9659524722195482	0.9645312101528347	0.9654391453998648	0.967423406644909	0.9694862327980583	0.9627367530119088	0.9719387178311636	0.9966855529468298	1.0	0.9665304891109755	0.9613424387090331	0.9624831153734207	0.9655598946143956	0.9693861618794796	0.9661192653776114	0.9667235551614604
0.9658180715592078	0.9736191274379198	0.9609285339085227	0.9708131441752543	0.9633696904870629	0.9662651758207755	0.975341071236256	0.9610721308136256	0.9743188969853523	0.9748680550249522	0.9755417043353924	0.9667936353728408	0.9758073039783233	0.9747316333089734	0.9726133850768373	0.9746632070529112	0.9743880515945967	0.9688248974835868	0.9750039064142261	0.9719499635997926	0.9671411876794365	0.9739708975416798	0.9750716197472779	0.9541011779461603	0.9722464954280245	0.9690700467395108	0.9665304891109755	1.0	0.9627992966944086	0.9733349401161283	0.9723202063410256	0.9750039064142261	0.9731919075486425	0.9738306466217665
0.9684337329487566	0.9819303616897914	0.9651177072079007	0.9747084541099482	0.9627179338218856	0.9676422643709066	0.9737396523597994	0.9634946247234375	0.9735074353245151	0.9746522587387573	0.9745959659976894	0.9683330882306542	0.9734491204979435	0.9745395755430792	0.9701979139974429	0.9740276067197633	0.9722602508610475	0.9661469133612269	0.9740848923679574	0.9721996474481523	0.973970219818378	0.975099123840695	0.9768801580896217	0.9613981334929903	0.9725015376312899	0.9648785353548329	0.9613424387090331	0.9627992966944086	1.0	0.9690818712714846	0.97309701319946	0.9774011726936347	0.9832098372156799	0.9753753263621726
0.9726973391147131	0.9698820653287433	0.9748092698312828	0.9744911169542712	0.972078960849735	0.9745439718816702	0.9699676066680196	0.972214256140166	0.9751655642722089	0.9677786120785035	0.9755220052773564	0.977046822721796	0.9727152956616449	0.971288333058041	0.9709066050561961	0.971584633323826	0.9717602376653791	0.9691025710613409	0.9714742657339328	0.9715351971117264	0.9729033355360263	0.9687520069085083	0.9704066126463652	0.9696421476704055	0.9661471327298758	0.961113020297485	0.9624831153734207	0.9733349401161283	0.9690818712714846	1.0	0.9700153774607274	0.971573189978212	0.9707253961785707	0.9719883678401348
0.9773579785800591	0.9738228763572513	0.9755808512952323	0.9773007644319831	0.9754295693361034	0.9776472533083284	0.9760964533119305	0.9749770289320061	0.9760569224281872	0.9747281982403614	0.9770930933609545	0.9776103740786637	0.9770425280577584	0.9746115340494121	0.9745611346723445	0.9745725527015687	0.9740999814403819	0.9715385952975989	0.974152948640391	0.9763920859703874	0.9773116516024293	0.9754575018384445	0.9824967042935526	0.9754945120082101	0.9751140812241696	0.9653220804201371	0.9655598946143956	0.9723202063410256	0.97309701319946	0.9700153774607274	1.0	0.977445211063232	0.9746214138237858	0.9761255597642987
0.9819305824601137	0.9769675083271325	0.978936983079248	0.9805959323330021	0.977369548978472	0.9810188337241404	0.9782463915479999	0.978901917572429	0.9798097961023114	0.9780764740963097	0.9806840201549542	0.9811930527198367	0.9800191002894463	0.9783739708400112	0.977973911674407	0.9778711132416585	0.9782482049932034	0.9734619341634981	0.9778521321717534	0.9799190830781436	0.9801436475509157	0.9778370919721853	0.9801233753296227	0.9798782888434154	0.9761464508218021	0.9691839445665097	0.9693861618794796	0.9750039064142261	0.9774011726936347	0.971573189978212	0.977445211063232	1.0	0.97865655864639	0.980554248053819
0.9788343406697617	0.9827987788544116	0.9763345489964067	0.983438201513976	0.9760891626606121	0.9790688750644179	0.9772464102994639	0.9766545281485849	0.9777695813000715	0.9771742754527186	0.9782235858049836	0.9785887965679997	0.9776217269915712	0.977101980501854	0.9759059453238687	0.9766648077050767	0.9744144852328575	0.9707467962314443	0.9755116997239531	0.976925736032108	0.9854294241775333	0.9764070527754692	0.9778178106314896	0.9767401016999018	0.9745040365602627	0.9662040910001034	0.9661192653776114	0.9731919075486425	0.9832098372156799	0.9707253961785707	0.9746214138237858	0.97865655864639	1.0	0.977764456641199
0.9820398134022664	0.9769006531669459	0.9783692852731891	0.978685265221597	0.9771596170338783	0.9797823267021921	0.9781528416033265	0.9778885363354327	0.9789783440326937	0.9782929331850669	0.979565956899714	0.9795387237973946	0.9792636539601132	0.9781528416033265	0.977066116384266	0.9777289183662026	0.9755998309270117	0.972158383857254	0.9761703558859824	0.9830345839779083	0.978031176030192	0.9779768763996393	0.980586840852048	0.9778885363354327	0.97616289056107	0.9669127420126009	0.9667235551614604	0.9738306466217665	0.9753753263621726	0.9719883678401348	0.9761255597642987	0.980554248053819	0.977764456641199	1.0
