/home/jshaw/scratch/2022_sketched_distance/references/SGB_genome_fastas_part3/5104/BritoIL_2016__M1.64.ST__bin.39.fa	/home/jshaw/scratch/2022_sketched_distance/references/SGB_genome_fastas_part3/5104/BritoIL_2016__W2.17.ST__bin.65.fa	/home/jshaw/scratch/2022_sketched_distance/references/SGB_genome_fastas_part3/5104/BritoIL_2016__W3.22.ST__bin.95.fa	/home/jshaw/scratch/2022_sketched_distance/references/SGB_genome_fastas_part3/5104/CM_madagascar__V40_01_1FE__bin.47.fa	/home/jshaw/scratch/2022_sketched_distance/references/SGB_genome_fastas_part3/5104/CosteaPI_2017__SID713A038-11-90-0__bin.23.fa	/home/jshaw/scratch/2022_sketched_distance/references/SGB_genome_fastas_part3/5104/CosteaPI_2017__SID713A052-11-0-0__bin.70.fa	/home/jshaw/scratch/2022_sketched_distance/references/SGB_genome_fastas_part3/5104/CosteaPI_2017__SID713A053-11-0-0__bin.44.fa	/home/jshaw/scratch/2022_sketched_distance/references/SGB_genome_fastas_part3/5104/CosteaPI_2017__SID713A056-11-0-0__bin.78.fa	/home/jshaw/scratch/2022_sketched_distance/references/SGB_genome_fastas_part3/5104/CosteaPI_2017__SID713A056-11-90-0__bin.25.fa	/home/jshaw/scratch/2022_sketched_distance/references/SGB_genome_fastas_part3/5104/CosteaPI_2017__SID713A057-11-0-0__bin.68.fa	/home/jshaw/scratch/2022_sketched_distance/references/SGB_genome_fastas_part3/5104/CosteaPI_2017__SID713A058-11-90-0__bin.58.fa	/home/jshaw/scratch/2022_sketched_distance/references/SGB_genome_fastas_part3/5104/CosteaPI_2017__SID713B007-11-0-0__bin.9.fa	/home/jshaw/scratch/2022_sketched_distance/references/SGB_genome_fastas_part3/5104/CosteaPI_2017__SID713B014-11-0-0__bin.95.fa	/home/jshaw/scratch/2022_sketched_distance/references/SGB_genome_fastas_part3/5104/CosteaPI_2017__SID713B040-11-0-0__bin.80.fa	/home/jshaw/scratch/2022_sketched_distance/references/SGB_genome_fastas_part3/5104/CosteaPI_2017__SID713B040-11-90-0__bin.57.fa	/home/jshaw/scratch/2022_sketched_distance/references/SGB_genome_fastas_part3/5104/CosteaPI_2017__SID713B042-11-0-0__bin.52.fa	/home/jshaw/scratch/2022_sketched_distance/references/SGB_genome_fastas_part3/5104/CosteaPI_2017__SID713B046-11-0-0__bin.75.fa	/home/jshaw/scratch/2022_sketched_distance/references/SGB_genome_fastas_part3/5104/CosteaPI_2017__SID713B051-11-90-0__bin.49.fa	/home/jshaw/scratch/2022_sketched_distance/references/SGB_genome_fastas_part3/5104/CosteaPI_2017__SID713B072-11-90-0__bin.48.fa	/home/jshaw/scratch/2022_sketched_distance/references/SGB_genome_fastas_part3/5104/CosteaPI_2017__SID713B076-11-0-0__bin.63.fa	/home/jshaw/scratch/2022_sketched_distance/references/SGB_genome_fastas_part3/5104/FengQ_2015__SID31160__bin.2.fa	/home/jshaw/scratch/2022_sketched_distance/references/SGB_genome_fastas_part3/5104/FengQ_2015__SID31276__bin.76.fa	/home/jshaw/scratch/2022_sketched_distance/references/SGB_genome_fastas_part3/5104/FengQ_2015__SID530743__bin.36.fa	/home/jshaw/scratch/2022_sketched_distance/references/SGB_genome_fastas_part3/5104/KarlssonFH_2013__S187__bin.51.fa	/home/jshaw/scratch/2022_sketched_distance/references/SGB_genome_fastas_part3/5104/LeChatelierE_2013__MH0031__bin.15.fa	/home/jshaw/scratch/2022_sketched_distance/references/SGB_genome_fastas_part3/5104/LeChatelierE_2013__MH0077__bin.16.fa	/home/jshaw/scratch/2022_sketched_distance/references/SGB_genome_fastas_part3/5104/LeChatelierE_2013__MH0130__bin.21.fa	/home/jshaw/scratch/2022_sketched_distance/references/SGB_genome_fastas_part3/5104/LeChatelierE_2013__MH0257__bin.45.fa	/home/jshaw/scratch/2022_sketched_distance/references/SGB_genome_fastas_part3/5104/LeChatelierE_2013__MH0421__bin.46.fa	/home/jshaw/scratch/2022_sketched_distance/references/SGB_genome_fastas_part3/5104/NielsenHB_2014__MH0031__bin.2.fa	/home/jshaw/scratch/2022_sketched_distance/references/SGB_genome_fastas_part3/5104/NielsenHB_2014__MH0077__bin.4.fa	/home/jshaw/scratch/2022_sketched_distance/references/SGB_genome_fastas_part3/5104/NielsenHB_2014__MH0130__bin.16.fa	/home/jshaw/scratch/2022_sketched_distance/references/SGB_genome_fastas_part3/5104/NielsenHB_2014__V1_CD34_0__bin.26.fa	/home/jshaw/scratch/2022_sketched_distance/references/SGB_genome_fastas_part3/5104/XieH_2016__YSZC12003_36049__bin.31.fa	/home/jshaw/scratch/2022_sketched_distance/references/SGB_genome_fastas_part3/5104/XieH_2016__YSZC12003_37331__bin.23.fa	/home/jshaw/scratch/2022_sketched_distance/references/SGB_genome_fastas_part3/5104/ZeeviD_2015__PNP_Main_287__bin.26.fa	/home/jshaw/scratch/2022_sketched_distance/references/SGB_genome_fastas_part3/5104/ZeeviD_2015__PNP_Main_415__bin.31.fa	/home/jshaw/scratch/2022_sketched_distance/references/SGB_genome_fastas_part3/5104/ZeeviD_2015__PNP_Main_455__bin.62.fa	/home/jshaw/scratch/2022_sketched_distance/references/SGB_genome_fastas_part3/5104/ZeeviD_2015__PNP_Main_73__bin.33.fa	/home/jshaw/scratch/2022_sketched_distance/references/SGB_genome_fastas_part3/5104/ZellerG_2014__CCIS31434951ST-20-0__bin.2.fa	/home/jshaw/scratch/2022_sketched_distance/references/SGB_genome_fastas_part3/5104/ZellerG_2014__CCIS48725289ST-4-0__bin.22.fa
1.0	0.988371322379714	0.9896255751530446	0.9781339621873214	0.9896269247661489	0.9891315291700166	0.9906579062892021	0.9902173490422229	0.98896770070023	0.9908146949878965	0.9894217053952955	0.9870056455892898	0.9895180985814671	0.9897763129718247	0.9881912759268573	0.9894538963696963	0.9887617315735652	0.9908206035853416	0.9883496794405825	0.9902985125786912	0.9880908277835194	0.9897102993785413	0.9897251657368902	0.9884380129780262	0.9902721706201378	0.9895663180033415	0.9891792662546032	0.9913042077358954	0.9902452088209946	0.977239413768256	0.9900089458611449	0.9901799070143541	0.9889335753496288	0.9890003861817075	0.9889937344845963	0.9889840232624484	0.9829468291075886	0.9896943324458966	0.989633544951416	0.9905993504577076	0.9905573495450778
0.988371322379714	1.0	0.9944434742291842	0.9786321544928702	0.9826374378903876	0.9837595551856687	0.9854104880569298	0.982610879402447	0.9869125537384964	0.9836825022872808	0.9868892395574518	0.979206090313144	0.9830070134271447	0.9828755002463594	0.9861343229913923	0.9877183147568803	0.987214144181441	0.9832684668490945	0.9852882831235819	0.9875358722344842	0.9861581783876174	0.987512995661221	0.9804141657444047	0.9812498381314138	0.9848445412065542	0.987121641209938	0.9866786649839675	0.982129106295976	0.9851410344371624	0.9728336582165934	0.9832944978374191	0.986038727899966	0.98582261688648	0.9868191977095274	0.9852882831235819	0.9870056455892898	0.982610879402447	0.9866786649839675	0.9876272198790214	0.9853127605123919	0.9805723069469703
0.9896255751530446	0.9944434742291842	1.0	0.9788299250299209	0.986310880003341	0.9858154070630993	0.9865200720042764	0.986043600438065	0.9883004101276314	0.9869633356702788	0.988697938852367	0.9842013086786494	0.985706773912807	0.9858167982186814	0.9875296778679148	0.9887167496964971	0.9880902505683384	0.9874843361504482	0.9870386432334604	0.9886414418125309	0.9874711390731066	0.9887355498101724	0.9865665791860859	0.9850586101099711	0.9861204539195894	0.9884144800102889	0.9880327008371087	0.986930039587656	0.986720491184133	0.9736797777700881	0.9851906517444378	0.9876075680102286	0.9875686459762282	0.9886602849228773	0.9866003863018007	0.9884524157077169	0.9844670469082227	0.9880710784956866	0.9881476999181841	0.9867005041373906	0.9853040935233544
0.9781339621873214	0.9786321544928702	0.9788299250299209	1.0	0.9803082062508747	0.9799885061252629	0.979918413245568	0.9803290041344337	0.9786651926914632	0.9808117219894683	0.9785734241246173	0.9792391839012945	0.9802149968604906	0.9789707764309449	0.9787567038305729	0.9787567038305729	0.9784133669561985	0.9811174473581443	0.9776393884425858	0.9790202839206742	0.9793004458033271	0.9796801886879114	0.980750839098298	0.9800749557837685	0.9801425755431522	0.9784813966532753	0.9783891087878629	0.9812417818101217	0.979747814591688	0.9683712055825777	0.9792331154910082	0.9789553218913049	0.977782785529638	0.9783891087878629	0.9798467440704981	0.9795912339438637	0.9824059855651385	0.9786880945526845	0.9784352853634308	0.9808277680670977	0.9799455024019703
0.9896269247661489	0.9826374378903876	0.986310880003341	0.9803082062508747	1.0	0.9874325390685227	0.9894279201357477	0.9844384621472905	0.9890464706987318	0.9883320331382879	0.9911013753112907	0.9846249067034751	0.9871128892794205	0.986310880003341	0.9907963894058524	0.9911582480142204	0.9887217911751125	0.9873350466382648	0.987686042404694	0.9906620673520866	0.9886401190843385	0.990738889696619	0.9872479879769764	0.9887346651792425	0.9881872677876432	0.9912905715056901	0.9901973414171242	0.9877818195506669	0.9901583173190531	0.975243966217887	0.987070033741264	0.9900801304261871	0.9927483324055504	0.9943516066315852	0.9920551472566974	0.9917960559636106	0.985058544085725	0.9904885608137085	0.9896665820244349	0.9898838489060793	0.9878369508478307
0.9891315291700166	0.9837595551856687	0.9858154070630993	0.9799885061252629	0.9874325390685227	1.0	0.991194125270055	0.9875956501057866	0.98990162560182	0.9902830788659486	0.9930512048028131	0.9852089071775934	0.9867926985943691	0.9872892045877347	0.9945847722464043	0.9934871426918068	0.9891315291700166	0.9922507601940942	0.9883235449084095	0.9903442116461424	0.9880693853486068	0.9903625245631478	0.988256471900877	0.9876675378601592	0.988245550626852	0.9918481565778178	0.989188491495328	0.9895690559552827	0.9906178444978804	0.9763533448068414	0.9882517796496156	0.9886529760988707	0.9897341134265512	0.9900498147335852	0.9891125198384565	0.9923691149662374	0.9844857253649313	0.9908170771659455	0.989434197474922	0.9939667056682101	0.9886477844468028
0.9906579062892021	0.9854104880569298	0.9865200720042764	0.979918413245568	0.9894279201357477	0.991194125270055	1.0	0.9889533458422478	0.9907453909254833	0.9930185090939861	0.994538272627608	0.9876772785931305	0.9895574096365698	0.9906483142736329	0.9942723266848517	0.9950638489738295	0.9900389357628337	0.992562370413199	0.9894081335553699	0.9918113802699968	0.9892073638432572	0.9917944568934932	0.9907740840529207	0.9891908816785774	0.9902541892104062	0.9925475625791109	0.991265487809401	0.9914034911326453	0.9917605841288264	0.9776911950756615	0.9899717253766133	0.9910237945921856	0.9910930304096017	0.991282684144001	0.9906053040415654	0.9936220074640654	0.9849945907457314	0.992778407765612	0.9906929279601229	0.9931541921947509	0.9909218221038264
0.9902173490422229	0.982610879402447	0.986043600438065	0.9803290041344337	0.9844384621472905	0.9875956501057866	0.9889533458422478	1.0	0.9984139763899909	0.9871376748921471	0.9908120079945166	0.9838871567823008	0.9862923969983125	0.9866509547818695	0.9895097621028834	0.9913381975159682	0.9906347321225621	0.9872910424887943	0.989448399674465	0.9908316467013892	0.9892224222261903	0.9913961490622879	0.9855040680887486	0.9842036342969849	0.9887239377098207	0.9907136389077718	0.99061497593	0.9864266334644497	0.9889117538546216	0.9768828494690155	0.9868509387418504	0.9901171894128767	0.9889117538546216	0.9892224222261903	0.9874654490084587	0.9901973414171242	0.9843907456697965	0.9907726955128066	0.9901372456695242	0.9893253312496213	0.9851694815821451
0.98896770070023	0.9869125537384964	0.9883004101276314	0.9786651926914632	0.9890464706987318	0.98990162560182	0.9907453909254833	0.9984139763899909	1.0	0.9911892488352562	0.9893442374775413	0.9877539001768059	0.9900448858021303	0.9905908920280638	0.9880349734416523	0.9888196805033442	0.9894795258898278	0.9919175883763881	0.9890465539213702	0.9902496804789581	0.9870168782840493	0.9890580471429984	0.9897714708430494	0.988305305370406	0.991123961191522	0.9888950786958437	0.9885956388722211	0.9911647078977628	0.9898387960618453	0.9791618673167958	0.9898411220647574	0.9903616434254706	0.9883601477733824	0.9885805792963817	0.9886784310486033	0.9884508035931466	0.9824130575247901	0.9889612958813795	0.989338906764446	0.990754274460658	0.9895101550837707
0.9908146949878965	0.9836825022872808	0.9869633356702788	0.9808117219894683	0.9883320331382879	0.9902830788659486	0.9930185090939861	0.9871376748921471	0.9911892488352562	1.0	0.9986745194228988	0.9850431071933757	0.9875320605761608	0.9883518227715404	0.9947017449491807	0.9940420939763609	0.9900140256146318	0.9907628600762322	0.9891538568137099	0.9917065919049223	0.9895867449242002	0.9918164054213536	0.9886896499520773	0.9880382754597593	0.9899367486503863	0.9936986484398697	0.9910960077577273	0.9896945748859501	0.9920893540179777	0.9776221335979999	0.9892132226846643	0.990946272477827	0.991245067436039	0.9915780133629788	0.9914858643472659	0.9941614637472506	0.9853360831961766	0.9928418401102426	0.9912822275177214	0.9935429285379492	0.9896752506983525
0.9894217053952955	0.9868892395574518	0.988697938852367	0.9785734241246173	0.9911013753112907	0.9930512048028131	0.994538272627608	0.9908120079945166	0.9893442374775413	0.9986745194228988	1.0	0.988083882068426	0.9906585292210781	0.9914792358731125	0.9931038973379229	0.9927413053392601	0.9890975342068183	0.9944763122317783	0.9889623539003085	0.9911336587139021	0.9876733303433116	0.9898829016715364	0.9916161377685867	0.9903670713815199	0.9914551522476664	0.9916572312608428	0.9896463392840782	0.9928390585044047	0.9925054616437203	0.9794632119881511	0.99225572539524	0.9908684921407682	0.9903410021008229	0.9908497442096984	0.9913321095904043	0.9924808634063871	0.9830240690793361	0.990567193008617	0.9898770822924176	0.9943471437765738	0.9926217269405357
0.9870056455892898	0.979206090313144	0.9842013086786494	0.9792391839012945	0.9846249067034751	0.9852089071775934	0.9876772785931305	0.9838871567823008	0.9877539001768059	0.9850431071933757	0.988083882068426	1.0	0.9858097787640867	0.9841444134812735	0.9876772785931305	0.9893717207686495	0.9869272599259973	0.9851813319153642	0.985755605937219	0.988882335058021	0.9862132533835267	0.9886348905356894	0.9808210140936131	0.979209111105038	0.9870056455892898	0.9882602046215925	0.9872655905778972	0.9847089741094199	0.9869010898126264	0.9744750224606747	0.9849876539686767	0.9867173137280653	0.986796200665886	0.9876516983871894	0.9869795377807767	0.9881595644805946	0.9833956515173015	0.9886845282868522	0.9872396882915285	0.9869795377807767	0.9796337121124773
0.9895180985814671	0.9830070134271447	0.985706773912807	0.9802149968604906	0.9871128892794205	0.9867926985943691	0.9895574096365698	0.9862923969983125	0.9900448858021303	0.9875320605761608	0.9906585292210781	0.9858097787640867	1.0	0.9857946455291229	0.9897532652546729	0.9910551225411722	0.9896946305660975	0.9873991107917747	0.988438586882704	0.991447011105206	0.9890227153343413	0.9907344388792929	0.9872230006816444	0.9860346722891691	0.9893603841416484	0.9904870917583183	0.9894196154727891	0.9881558586089156	0.9889627660684219	0.9758043941489729	0.9867926985943691	0.9892217625730656	0.9896162885153814	0.9897532652546729	0.9887822613306894	0.990295555770247	0.9855074392314975	0.99114885181329	0.9892812431844951	0.9889827612725952	0.9866980689876441
0.9897763129718247	0.9828755002463594	0.9858167982186814	0.9789707764309449	0.986310880003341	0.9872892045877347	0.9906483142736329	0.9866509547818695	0.9905908920280638	0.9883518227715404	0.9914792358731125	0.9841444134812735	0.9857946455291229	1.0	0.9909907666961978	0.9916837419430741	0.9894606300410587	0.9881583113663036	0.9879391870935936	0.9907437966788369	0.9884950327566161	0.9908390038177128	0.9871479247513967	0.9876675378601592	0.9887188269802151	0.9911606706446854	0.9909528912969925	0.9880462874177239	0.9899525661012182	0.9759709732050367	0.9874371006873283	0.9905525549790013	0.9896582856120599	0.9898547639535076	0.9889209659070338	0.9912734564545753	0.9836662369371639	0.9909907666961978	0.9911418355212739	0.9899720917934649	0.987812065796415
0.9881912759268573	0.9861343229913923	0.9875296778679148	0.9787567038305729	0.9907963894058524	0.9945847722464043	0.9942723266848517	0.9895097621028834	0.9880349734416523	0.9947017449491807	0.9931038973379229	0.9876772785931305	0.9897532652546729	0.9909907666961978	1.0	0.9933892083163751	0.9881485271305848	0.9953766111097867	0.9879869530472536	0.9898728812447367	0.987359922623358	0.9889736274728921	0.9902993609702817	0.9893200780779137	0.9905228873221854	0.9912929815247511	0.9884004364244209	0.9914629183091219	0.9924425323060848	0.9786533593196083	0.9920290506752585	0.9896791145865176	0.9896120520464946	0.9897917325112869	0.990225638683692	0.9923063687061515	0.982833500474104	0.9899178620538059	0.9889252700894426	0.9976162646416559	0.9918378328073817
0.9894538963696963	0.9877183147568803	0.9887167496964971	0.9787567038305729	0.9911582480142204	0.9934871426918068	0.9950638489738295	0.9913381975159682	0.9888196805033442	0.9940420939763609	0.9927413053392601	0.9893717207686495	0.9910551225411722	0.9916837419430741	0.9933892083163751	1.0	0.9893637352537369	0.9939906256603099	0.988877938265301	0.9915277777010879	0.9862395068033781	0.9890733811877257	0.9919643668785058	0.9903670713815199	0.9921926577921277	0.9913031907949452	0.9880218146166083	0.9926486655806207	0.9925525802176186	0.980423809516853	0.9927387351453885	0.9906732144456669	0.990452961178041	0.9907549501727934	0.9914779559374524	0.9913359492848021	0.9828090434961189	0.9902586387321963	0.98938819627736	0.9947605230551888	0.9923190829329592
0.9887617315735652	0.987214144181441	0.9880902505683384	0.9784133669561985	0.9887217911751125	0.9891315291700166	0.9900389357628337	0.9906347321225621	0.9894795258898278	0.9900140256146318	0.9890975342068183	0.9869272599259973	0.9896946305660975	0.9894606300410587	0.9881485271305848	0.9893637352537369	1.0	0.9908013669644267	0.9938001996048578	0.9891398320285288	0.9878375905806672	0.9895290262762335	0.9891643740509841	0.9877690627913942	0.989691849776356	0.9889300604846839	0.9897262883212637	0.990253574871579	0.989427314792604	0.9769437101866216	0.9887192767861279	0.9902626385334943	0.9880796833704671	0.9875762149326873	0.9881282346477415	0.9893471604977859	0.9830238959062977	0.9893471604977859	0.9899712187330914	0.9904436961502999	0.9892490378389519
0.9908206035853416	0.9832684668490945	0.9874843361504482	0.9811174473581443	0.9873350466382648	0.9922507601940942	0.992562370413199	0.9872910424887943	0.9919175883763881	0.9907628600762322	0.9944763122317783	0.9851813319153642	0.9873991107917747	0.9881583113663036	0.9953766111097867	0.9939906256603099	0.9908013669644267	1.0	0.9901209259504352	0.9917871095127069	0.9901601884236885	0.9916748591447674	0.9871979943985228	0.987120718890463	0.9898447728856647	0.9933377067353353	0.9910696654595634	0.9888486145474767	0.9917684275669251	0.9773710625561063	0.9895463070564822	0.9906083819477005	0.9909549471347445	0.9915434167875181	0.9904920472341527	0.9936569508869173	0.9854886329206702	0.9922139064253488	0.9910123560958056	0.9951242792929034	0.9873356403972195
0.9883496794405825	0.9852882831235819	0.9870386432334604	0.9776393884425858	0.987686042404694	0.9883235449084095	0.9894081335553699	0.989448399674465	0.9890465539213702	0.9891538568137099	0.9889623539003085	0.985755605937219	0.988438586882704	0.9879391870935936	0.9879869530472536	0.988877938265301	0.9938001996048578	0.9901209259504352	1.0	0.9885105337387886	0.9881083062147914	0.988776353307352	0.9886417993163583	0.9861768395114584	0.9892312629364031	0.9887933058907036	0.9894643586045582	0.988998233105713	0.9886239957387885	0.9768896562430326	0.988232155904365	0.9893919210609721	0.9875850428807716	0.9875850428807716	0.9872393768177893	0.9890801738083578	0.9829679742813607	0.9887254431764174	0.988861029165725	0.9895653231995234	0.9878618171067273
0.9902985125786912	0.9875358722344842	0.9886414418125309	0.9790202839206742	0.9906620673520866	0.9903442116461424	0.9918113802699968	0.9908316467013892	0.9902496804789581	0.9917065919049223	0.9911336587139021	0.988882335058021	0.991447011105206	0.9907437966788369	0.9898728812447367	0.9915277777010879	0.9891398320285288	0.9917871095127069	0.9885105337387886	1.0	0.9888011635209616	0.9912760836737962	0.991855938778569	0.9897046580723149	0.9920396515396017	0.990942798594651	0.9896745689017592	0.9919735268481681	0.9905300865559594	0.9792626249517747	0.990489030847492	0.9896286147317352	0.9895583337777238	0.9897738740759529	0.9897690485732414	0.9909268436956967	0.9849026856015415	0.9908629469198954	0.9898234147973325	0.9912485876077188	0.9910574690168552
0.9880908277835194	0.9861581783876174	0.9874711390731066	0.9793004458033271	0.9886401190843385	0.9880693853486068	0.9892073638432572	0.9892224222261903	0.9870168782840493	0.9895867449242002	0.9876733303433116	0.9862132533835267	0.9890227153343413	0.9884950327566161	0.987359922623358	0.9862395068033781	0.9878375905806672	0.9901601884236885	0.9881083062147914	0.9888011635209616	1.0	0.9872431346878274	0.9883773715185841	0.9879375784462541	0.9893608769438944	0.987118516009678	0.9871152520989261	0.9893376899625906	0.9889756726034438	0.9775589672387905	0.9885836072569144	0.9896117642526329	0.9873583023436483	0.9876203369497858	0.9879307735187076	0.9872571047592712	0.982024149793245	0.987289811984288	0.9884219556483222	0.9894761859611463	0.9889377549959485
0.9897102993785413	0.987512995661221	0.9887355498101724	0.9796801886879114	0.990738889696619	0.9903625245631478	0.9917944568934932	0.9913961490622879	0.9890580471429984	0.9918164054213536	0.9898829016715364	0.9886348905356894	0.9907344388792929	0.9908390038177128	0.9889736274728921	0.9890733811877257	0.9895290262762335	0.9916748591447674	0.988776353307352	0.9912760836737962	0.9872431346878274	1.0	0.9912863070983016	0.9900532941658776	0.9915244557245142	0.9899354161218209	0.988759551495784	0.9922259041426966	0.9919027430641668	0.9795131667704129	0.9909441595773866	0.9913676803552861	0.9906440121321956	0.9902768545907334	0.9909564398287272	0.9904384424731885	0.9832599153916524	0.9906442341188076	0.9906919189859804	0.9915013939696085	0.9920355551116725
0.9897251657368902	0.9804141657444047	0.9865665791860859	0.980750839098298	0.9872479879769764	0.988256471900877	0.9907740840529207	0.9855040680887486	0.9897714708430494	0.9886896499520773	0.9916161377685867	0.9808210140936131	0.9872230006816444	0.9871479247513967	0.9902993609702817	0.9919643668785058	0.9891643740509841	0.9871979943985228	0.9886417993163583	0.991855938778569	0.9883773715185841	0.9912863070983016	1.0	0.9819027220825345	0.9932801545392235	0.9908637388111371	0.9902537911969697	0.9876698949894703	0.9897019887889204	0.9812644273788333	0.9870475563071588	0.9898177110506485	0.9901167031773741	0.9908861145259539	0.9898177110506485	0.9913525371099547	0.9847312319908105	0.9915942511688027	0.989933028848466	0.9898869500810195	0.9822365228265793
0.9884380129780262	0.9812498381314138	0.9850586101099711	0.9800749557837685	0.9887346651792425	0.9876675378601592	0.9891908816785774	0.9842036342969849	0.988305305370406	0.9880382754597593	0.9903670713815199	0.979209111105038	0.9860346722891691	0.9876675378601592	0.9893200780779137	0.9903670713815199	0.9877690627913942	0.987120718890463	0.9861768395114584	0.9897046580723149	0.9879375784462541	0.9900532941658776	0.9819027220825345	1.0	0.9877014143009348	0.9908014087650322	0.9893522982427736	0.9864593426983994	0.9889309601529425	0.9758866965217485	0.9874976307766618	0.9888656582970834	0.9925715769790793	0.9928913795040902	0.9929202997955644	0.9910470606770325	0.9839389399174527	0.9898001065624733	0.9893200780779137	0.9891908816785774	0.9827009293745761
0.9902721706201378	0.9848445412065542	0.9861204539195894	0.9801425755431522	0.9881872677876432	0.988245550626852	0.9902541892104062	0.9887239377098207	0.991123961191522	0.9899367486503863	0.9914551522476664	0.9870056455892898	0.9893603841416484	0.9887188269802151	0.9905228873221854	0.9921926577921277	0.989691849776356	0.9898447728856647	0.9892312629364031	0.9920396515396017	0.9893608769438944	0.9915244557245142	0.9932801545392235	0.9877014143009348	1.0	0.9914551522476664	0.9904693223687429	0.9904582326151995	0.989856099200526	0.9850136629322583	0.9886418197452733	0.9902901422399831	0.9904514480549866	0.9907717145533838	0.9895267784925734	0.9917658799168338	0.9847887888931236	0.9921926577921277	0.9905407230127828	0.9898196699275075	0.9888655011655012
0.9895663180033415	0.987121641209938	0.9884144800102889	0.9784813966532753	0.9912905715056901	0.9918481565778178	0.9925475625791109	0.9907136389077718	0.9888950786958437	0.9936986484398697	0.9916572312608428	0.9882602046215925	0.9904870917583183	0.9911606706446854	0.9912929815247511	0.9913031907949452	0.9889300604846839	0.9933377067353353	0.9887933058907036	0.990942798594651	0.987118516009678	0.9899354161218209	0.9908637388111371	0.9908014087650322	0.9914551522476664	1.0	0.9894193492820123	0.9927630327353711	0.9945177416148114	0.9793128873770344	0.9984362916467364	0.9910948664359216	0.9913507687681818	0.9907549501727934	0.9917677319513707	0.993644889133969	0.9824595402895626	0.9902275956526313	0.9903428848170054	0.9934729658144333	0.9930705652401515
0.9891792662546032	0.9866786649839675	0.9880327008371087	0.9783891087878629	0.9901973414171242	0.989188491495328	0.991265487809401	0.99061497593	0.9885956388722211	0.9910960077577273	0.9896463392840782	0.9872655905778972	0.9894196154727891	0.9909528912969925	0.9884004364244209	0.9880218146166083	0.9897262883212637	0.9910696654595634	0.9894643586045582	0.9896745689017592	0.9871152520989261	0.988759551495784	0.9902537911969697	0.9893522982427736	0.9904693223687429	0.9894193492820123	1.0	0.991719208437162	0.9910268933848225	0.9784734923826143	0.9906536007220149	0.9993907034591526	0.9894478525024858	0.9897754383018216	0.9906428487289726	0.988949654807029	0.9815558138064668	0.9883587691267733	0.9909434646885368	0.9906682953167224	0.9909218221038264
0.9913042077358954	0.982129106295976	0.986930039587656	0.9812417818101217	0.9877818195506669	0.9895690559552827	0.9914034911326453	0.9864266334644497	0.9911647078977628	0.9896945748859501	0.9928390585044047	0.9847089741094199	0.9881558586089156	0.9880462874177239	0.9914629183091219	0.9926486655806207	0.990253574871579	0.9888486145474767	0.988998233105713	0.9919735268481681	0.9893376899625906	0.9922259041426966	0.9876698949894703	0.9864593426983994	0.9904582326151995	0.9927630327353711	0.991719208437162	1.0	0.9909844810921925	0.977497122993277	0.9888700302500725	0.9915222388174229	0.9912046251300578	0.9915222388174229	0.991004554917088	0.9924379601913261	0.9856095271311058	0.9947568417320057	0.9914034911326453	0.9908436216981037	0.9865690583160448
0.9902452088209946	0.9851410344371624	0.986720491184133	0.979747814591688	0.9901583173190531	0.9906178444978804	0.9917605841288264	0.9889117538546216	0.9898387960618453	0.9920893540179777	0.9925054616437203	0.9869010898126264	0.9889627660684219	0.9899525661012182	0.9924425323060848	0.9925525802176186	0.989427314792604	0.9917684275669251	0.9886239957387885	0.9905300865559594	0.9889756726034438	0.9919027430641668	0.9897019887889204	0.9889309601529425	0.989856099200526	0.9945177416148114	0.9910268933848225	0.9909844810921925	1.0	0.9773729421580131	0.9921338628680991	0.9906965206185616	0.9923637019196349	0.9909446094725041	0.9915001406115589	0.995364698321501	0.9844450242273344	0.9913865275506952	0.9908455974424342	0.9925100080998848	0.9921230536164447
0.977239413768256	0.9728336582165934	0.9736797777700881	0.9683712055825777	0.975243966217887	0.9763533448068414	0.9776911950756615	0.9768828494690155	0.9791618673167958	0.9776221335979999	0.9794632119881511	0.9744750224606747	0.9758043941489729	0.9759709732050367	0.9786533593196083	0.980423809516853	0.9769437101866216	0.9773710625561063	0.9768896562430326	0.9792626249517747	0.9775589672387905	0.9795131667704129	0.9812644273788333	0.9758866965217485	0.9850136629322583	0.9793128873770344	0.9784734923826143	0.977497122993277	0.9773729421580131	1.0	0.9769326138490233	0.977849163553397	0.978032497691811	0.9795879559300361	0.9775059255026274	0.9799839642215181	0.9722452680484351	0.9797122251258826	0.9776647923953451	0.9768896562430326	0.9772074341621271
0.9900089458611449	0.9832944978374191	0.9851906517444378	0.9792331154910082	0.987070033741264	0.9882517796496156	0.9899717253766133	0.9868509387418504	0.9898411220647574	0.9892132226846643	0.99225572539524	0.9849876539686767	0.9867926985943691	0.9874371006873283	0.9920290506752585	0.9927387351453885	0.9887192767861279	0.9895463070564822	0.988232155904365	0.990489030847492	0.9885836072569144	0.9909441595773866	0.9870475563071588	0.9874976307766618	0.9886418197452733	0.9984362916467364	0.9906536007220149	0.9888700302500725	0.9921338628680991	0.9769326138490233	1.0	0.9899903408665227	0.990708275584983	0.9907446752683695	0.9902683204768722	0.9942942446380869	0.9843178972662765	0.9911064826500093	0.9903604625237618	0.9908173544989732	0.9895810115507223
0.9901799070143541	0.986038727899966	0.9876075680102286	0.9789553218913049	0.9900801304261871	0.9886529760988707	0.9910237945921856	0.9901171894128767	0.9903616434254706	0.990946272477827	0.9908684921407682	0.9867173137280653	0.9892217625730656	0.9905525549790013	0.9896791145865176	0.9906732144456669	0.9902626385334943	0.9906083819477005	0.9893919210609721	0.9896286147317352	0.9896117642526329	0.9913676803552861	0.9898177110506485	0.9888656582970834	0.9902901422399831	0.9910948664359216	0.9993907034591526	0.9915222388174229	0.9906965206185616	0.977849163553397	0.9899903408665227	1.0	0.9901964699156668	0.9901964699156668	0.9900572669348674	0.9912074745163899	0.9838220043939788	0.9901301683823247	0.9916857807690607	0.9904783494677655	0.9908310803637661
0.9889335753496288	0.98582261688648	0.9875686459762282	0.977782785529638	0.9927483324055504	0.9897341134265512	0.9910930304096017	0.9889117538546216	0.9883601477733824	0.991245067436039	0.9903410021008229	0.986796200665886	0.9896162885153814	0.9896582856120599	0.9896120520464946	0.990452961178041	0.9880796833704671	0.9909549471347445	0.9875850428807716	0.9895583337777238	0.9873583023436483	0.9906440121321956	0.9901167031773741	0.9925715769790793	0.9904514480549866	0.9913507687681818	0.9894478525024858	0.9912046251300578	0.9923637019196349	0.978032497691811	0.990708275584983	0.9901964699156668	1.0	0.9933554309295886	0.9946663425264403	0.9920122774036507	0.9831543302791601	0.9904050252015246	0.9888666288333873	0.9916187117101583	0.9919697789610279
0.9890003861817075	0.9868191977095274	0.9886602849228773	0.9783891087878629	0.9943516066315852	0.9900498147335852	0.991282684144001	0.9892224222261903	0.9885805792963817	0.9915780133629788	0.9908497442096984	0.9876516983871894	0.9897532652546729	0.9898547639535076	0.9897917325112869	0.9907549501727934	0.9875762149326873	0.9915434167875181	0.9875850428807716	0.9897738740759529	0.9876203369497858	0.9902768545907334	0.9908861145259539	0.9928913795040902	0.9907717145533838	0.9907549501727934	0.9897754383018216	0.9915222388174229	0.9909446094725041	0.9795879559300361	0.9907446752683695	0.9901964699156668	0.9933554309295886	1.0	0.9936069796619285	0.9917983524247155	0.9840586945008992	0.9896447940980987	0.9883601477733824	0.9910959701377312	0.9919258553897139
0.9889937344845963	0.9852882831235819	0.9866003863018007	0.9798467440704981	0.9920551472566974	0.9891125198384565	0.9906053040415654	0.9874654490084587	0.9886784310486033	0.9914858643472659	0.9913321095904043	0.9869795377807767	0.9887822613306894	0.9889209659070338	0.990225638683692	0.9914779559374524	0.9881282346477415	0.9904920472341527	0.9872393768177893	0.9897690485732414	0.9879307735187076	0.9909564398287272	0.9898177110506485	0.9929202997955644	0.9895267784925734	0.9917677319513707	0.9906428487289726	0.991004554917088	0.9915001406115589	0.9775059255026274	0.9902683204768722	0.9900572669348674	0.9946663425264403	0.9936069796619285	1.0	0.9925908735963295	0.9845787667083186	0.9904765968483651	0.9892542030707612	0.9908571548326558	0.9912374694862047
0.9889840232624484	0.9870056455892898	0.9884524157077169	0.9795912339438637	0.9917960559636106	0.9923691149662374	0.9936220074640654	0.9901973414171242	0.9884508035931466	0.9941614637472506	0.9924808634063871	0.9881595644805946	0.990295555770247	0.9912734564545753	0.9923063687061515	0.9913359492848021	0.9893471604977859	0.9936569508869173	0.9890801738083578	0.9909268436956967	0.9872571047592712	0.9904384424731885	0.9913525371099547	0.9910470606770325	0.9917658799168338	0.993644889133969	0.988949654807029	0.9924379601913261	0.995364698321501	0.9799839642215181	0.9942942446380869	0.9912074745163899	0.9920122774036507	0.9917983524247155	0.9925908735963295	1.0	0.9830587786491592	0.9910405334660708	0.9904861177809059	0.9942854616048117	0.9939503893587891
0.9829468291075886	0.982610879402447	0.9844670469082227	0.9824059855651385	0.985058544085725	0.9844857253649313	0.9849945907457314	0.9843907456697965	0.9824130575247901	0.9853360831961766	0.9830240690793361	0.9833956515173015	0.9855074392314975	0.9836662369371639	0.982833500474104	0.9828090434961189	0.9830238959062977	0.9854886329206702	0.9829679742813607	0.9849026856015415	0.982024149793245	0.9832599153916524	0.9847312319908105	0.9839389399174527	0.9847887888931236	0.9824595402895626	0.9815558138064668	0.9856095271311058	0.9844450242273344	0.9722452680484351	0.9843178972662765	0.9838220043939788	0.9831543302791601	0.9840586945008992	0.9845787667083186	0.9830587786491592	1.0	0.9830752072694372	0.9830532237581602	0.9852536759715544	0.9847623026712388
0.9896943324458966	0.9866786649839675	0.9880710784956866	0.9786880945526845	0.9904885608137085	0.9908170771659455	0.992778407765612	0.9907726955128066	0.9889612958813795	0.9928418401102426	0.990567193008617	0.9886845282868522	0.99114885181329	0.9909907666961978	0.9899178620538059	0.9902586387321963	0.9893471604977859	0.9922139064253488	0.9887254431764174	0.9908629469198954	0.987289811984288	0.9906442341188076	0.9915942511688027	0.9898001065624733	0.9921926577921277	0.9902275956526313	0.9883587691267733	0.9947568417320057	0.9913865275506952	0.9797122251258826	0.9911064826500093	0.9901301683823247	0.9904050252015246	0.9896447940980987	0.9904765968483651	0.9910405334660708	0.9830752072694372	1.0	0.9899739961206262	0.9924284823697465	0.9912374694862047
0.989633544951416	0.9876272198790214	0.9881476999181841	0.9784352853634308	0.9896665820244349	0.989434197474922	0.9906929279601229	0.9901372456695242	0.989338906764446	0.9912822275177214	0.9898770822924176	0.9872396882915285	0.9892812431844951	0.9911418355212739	0.9889252700894426	0.98938819627736	0.9899712187330914	0.9910123560958056	0.988861029165725	0.9898234147973325	0.9884219556483222	0.9906919189859804	0.989933028848466	0.9893200780779137	0.9905407230127828	0.9903428848170054	0.9909434646885368	0.9914034911326453	0.9908455974424342	0.9776647923953451	0.9903604625237618	0.9916857807690607	0.9888666288333873	0.9883601477733824	0.9892542030707612	0.9904861177809059	0.9830532237581602	0.9899739961206262	1.0	0.9908742704475677	0.9906259952644197
0.9905993504577076	0.9853127605123919	0.9867005041373906	0.9808277680670977	0.9898838489060793	0.9939667056682101	0.9931541921947509	0.9893253312496213	0.990754274460658	0.9935429285379492	0.9943471437765738	0.9869795377807767	0.9889827612725952	0.9899720917934649	0.9976162646416559	0.9947605230551888	0.9904436961502999	0.9951242792929034	0.9895653231995234	0.9912485876077188	0.9894761859611463	0.9915013939696085	0.9898869500810195	0.9891908816785774	0.9898196699275075	0.9934729658144333	0.9906682953167224	0.9908436216981037	0.9925100080998848	0.9768896562430326	0.9908173544989732	0.9904783494677655	0.9916187117101583	0.9910959701377312	0.9908571548326558	0.9942854616048117	0.9852536759715544	0.9924284823697465	0.9908742704475677	1.0	0.9906259952644197
0.9905573495450778	0.9805723069469703	0.9853040935233544	0.9799455024019703	0.9878369508478307	0.9886477844468028	0.9909218221038264	0.9851694815821451	0.9895101550837707	0.9896752506983525	0.9926217269405357	0.9796337121124773	0.9866980689876441	0.987812065796415	0.9918378328073817	0.9923190829329592	0.9892490378389519	0.9873356403972195	0.9878618171067273	0.9910574690168552	0.9889377549959485	0.9920355551116725	0.9822365228265793	0.9827009293745761	0.9888655011655012	0.9930705652401515	0.9909218221038264	0.9865690583160448	0.9921230536164447	0.9772074341621271	0.9895810115507223	0.9908310803637661	0.9919697789610279	0.9919258553897139	0.9912374694862047	0.9939503893587891	0.9847623026712388	0.9912374694862047	0.9906259952644197	0.9906259952644197	1.0
