/home/jshaw/scratch/2022_sketched_distance/references/SGB_genome_fastas_part4/9298/Bengtsson-PalmeJ_2015__TRAVELRES23__bin.47.fa	/home/jshaw/scratch/2022_sketched_distance/references/SGB_genome_fastas_part4/9298/Bengtsson-PalmeJ_2015__TRAVELRES24__bin.8.fa	/home/jshaw/scratch/2022_sketched_distance/references/SGB_genome_fastas_part4/9298/Bengtsson-PalmeJ_2015__TRAVELRES63__bin.108.fa	/home/jshaw/scratch/2022_sketched_distance/references/SGB_genome_fastas_part4/9298/BritoIL_2016__W2.46.ST__bin.25.fa	/home/jshaw/scratch/2022_sketched_distance/references/SGB_genome_fastas_part4/9298/BritoIL_2016__WL.15.ST__bin.16.fa	/home/jshaw/scratch/2022_sketched_distance/references/SGB_genome_fastas_part4/9298/BritoIL_2016__WL.39.ST__bin.32.fa	/home/jshaw/scratch/2022_sketched_distance/references/SGB_genome_fastas_part4/9298/LiJ_2014__MH0401__bin.50.fa	/home/jshaw/scratch/2022_sketched_distance/references/SGB_genome_fastas_part4/9298/LiSS_2016__FAT_017-22-84-0__bin.29.fa	/home/jshaw/scratch/2022_sketched_distance/references/SGB_genome_fastas_part4/9298/LiuW_2016__SRR3992960__bin.11.fa	/home/jshaw/scratch/2022_sketched_distance/references/SGB_genome_fastas_part4/9298/LiuW_2016__SRR3993015__bin.15.fa	/home/jshaw/scratch/2022_sketched_distance/references/SGB_genome_fastas_part4/9298/NielsenHB_2014__V1_UC23_1__bin.16.fa	/home/jshaw/scratch/2022_sketched_distance/references/SGB_genome_fastas_part4/9298/RaymondF_2016__P9E0__bin.30.fa	/home/jshaw/scratch/2022_sketched_distance/references/SGB_genome_fastas_part4/9298/ZeeviD_2015__PNP_Main_122__bin.30.fa	/home/jshaw/scratch/2022_sketched_distance/references/SGB_genome_fastas_part4/9298/ZeeviD_2015__PNP_Main_16__bin.15.fa	/home/jshaw/scratch/2022_sketched_distance/references/SGB_genome_fastas_part4/9298/ZeeviD_2015__PNP_Main_29__bin.19.fa	/home/jshaw/scratch/2022_sketched_distance/references/SGB_genome_fastas_part4/9298/ZeeviD_2015__PNP_Main_38__bin.17.fa	/home/jshaw/scratch/2022_sketched_distance/references/SGB_genome_fastas_part4/9298/ZeeviD_2015__PNP_Main_415__bin.46.fa	/home/jshaw/scratch/2022_sketched_distance/references/SGB_genome_fastas_part4/9298/ZeeviD_2015__PNP_Main_482__bin.15.fa	/home/jshaw/scratch/2022_sketched_distance/references/SGB_genome_fastas_part4/9298/ZeeviD_2015__PNP_Main_487__bin.14.fa	/home/jshaw/scratch/2022_sketched_distance/references/SGB_genome_fastas_part4/9298/ZeeviD_2015__PNP_Main_539__bin.51.fa	/home/jshaw/scratch/2022_sketched_distance/references/SGB_genome_fastas_part4/9298/ZeeviD_2015__PNP_Main_547__bin.27.fa	/home/jshaw/scratch/2022_sketched_distance/references/SGB_genome_fastas_part4/9298/ZeeviD_2015__PNP_Main_561__bin.28.fa	/home/jshaw/scratch/2022_sketched_distance/references/SGB_genome_fastas_part4/9298/ZeeviD_2015__PNP_Main_602__bin.12.fa	/home/jshaw/scratch/2022_sketched_distance/references/SGB_genome_fastas_part4/9298/ZeeviD_2015__PNP_Main_607__bin.26.fa	/home/jshaw/scratch/2022_sketched_distance/references/SGB_genome_fastas_part4/9298/ZeeviD_2015__PNP_Main_650__bin.28.fa	/home/jshaw/scratch/2022_sketched_distance/references/SGB_genome_fastas_part4/9298/ZeeviD_2015__PNP_Main_668__bin.7.fa	/home/jshaw/scratch/2022_sketched_distance/references/SGB_genome_fastas_part4/9298/ZeeviD_2015__PNP_Main_727__bin.17.fa	/home/jshaw/scratch/2022_sketched_distance/references/SGB_genome_fastas_part4/9298/ZeeviD_2015__PNP_Main_741__bin.63.fa	/home/jshaw/scratch/2022_sketched_distance/references/SGB_genome_fastas_part4/9298/ZeeviD_2015__PNP_Main_769__bin.12.fa	/home/jshaw/scratch/2022_sketched_distance/references/SGB_genome_fastas_part4/9298/ZeeviD_2015__PNP_Validation_27__bin.17.fa	/home/jshaw/scratch/2022_sketched_distance/references/SGB_genome_fastas_part4/9298/ZeeviD_2015__PNP_Validation_74__bin.28.fa	/home/jshaw/scratch/2022_sketched_distance/references/SGB_genome_fastas_part4/9298/ZellerG_2014__CCIS22958137ST-20-0__bin.2.fa
1.0	0.9968741445816846	0.9634603991138516	0.9847263568482266	0.9777770112009806	0.9717305084347485	0.9819503172659889	0.9645902625585625	0.977458072601114	0.9834885369570769	0.9752718653595245	0.981556872098263	0.9835620899277643	0.9633635855302836	0.977744409774804	0.981053690359191	0.9589050819695124	0.9813986529970595	0.9814462983108136	0.9805736606116757	0.991080077624359	0.9777096438907079	0.9778077131194307	0.9627233730398447	0.981121067628673	0.9561479990539128	0.9843591693089179	0.9742408081720886	0.9618133700097573	0.9726564726781792	0.9835510180397179	0.9681563033102392
0.9968741445816846	1.0	0.9642813082140279	0.9877053700480622	0.9792135346107831	0.9749293971723031	0.9832139774597594	0.9698209683754905	0.9791985133320914	0.9854811035220353	0.9785460487470704	0.9833786932669759	0.9856763782886131	0.9668989042434399	0.9807440366248835	0.9832779629683388	0.9619490049569269	0.9839587909532421	0.9836027001538244	0.9824106002143437	0.9939146189380034	0.9805491376859098	0.9816680093510362	0.9662427474604187	0.9833619780607398	0.959471562354244	0.9842936970658446	0.9772904903846817	0.9649247969545052	0.9758220656284381	0.9838049413619956	0.9722205395148923
0.9634603991138516	0.9642813082140279	1.0	0.9644051485086983	0.9562971646305968	0.9527242325571454	0.9614223701619109	0.9487940089771162	0.956334924501087	0.9633559185994339	0.9579249416394392	0.9621948886353013	0.962722351023784	0.9949646599720534	0.9601326121226107	0.9644100036024422	0.9882020197947708	0.9637454289251269	0.9627835310759405	0.9612214024656108	0.9630795220715266	0.9596466733732424	0.9586511321937756	0.9956864860395819	0.9628588128502674	0.981808525358403	0.9644069730628262	0.9571965815187239	0.994917444882862	0.9570987203516843	0.9633615491116048	0.9531085016358941
0.9847263568482266	0.9877053700480622	0.9644051485086983	1.0	0.9888693621356711	0.984477181655194	0.9907628600762322	0.9739667111577651	0.9861998837194871	0.9954939147499805	0.9833399801039225	0.9872428765527241	0.9951370414978893	0.9674389836872103	0.9853242614119522	0.9873114185333947	0.9631289954956146	0.9883885379842577	0.9878319667664615	0.9868401450058513	0.986305137471423	0.9851074976160732	0.9889088724660864	0.9667909007543339	0.9877276219651314	0.9601815211046303	0.9868510460573819	0.9811318942580189	0.9658056743732747	0.9804936955628476	0.9872819769065125	0.9755391092218585
0.9777770112009806	0.9792135346107831	0.9562971646305968	0.9888693621356711	1.0	0.9836567776983505	0.9858720197351101	0.9731212693821255	0.9814870017763747	0.9871667398778736	0.9777408952294427	0.9794869569402014	0.9877231863799485	0.9598448128582193	0.9806106848507512	0.9807052012985902	0.9589437109898128	0.9810821305945636	0.9800985234088453	0.9809413650738489	0.9783882029646765	0.9794512711736139	0.9855179819404024	0.9594983767448211	0.9808240825346775	0.9576048873469524	0.97936845201639	0.9782882054881832	0.9593688604453302	0.9779000344135433	0.9793160130116184	0.9746213064870984
0.9717305084347485	0.9749293971723031	0.9527242325571454	0.984477181655194	0.9836567776983505	1.0	0.9827842204772752	0.974095846881782	0.9799021582500229	0.9830694434815545	0.9763884247278026	0.9745174725901548	0.9832104857865052	0.956547440923956	0.9764101042314394	0.9767961471864258	0.9577565808061225	0.9770994719203038	0.9757490714282167	0.9769448353568873	0.9741704468445767	0.9766537785269606	0.9832506945065133	0.9557489577484538	0.976314667721425	0.9561806955845957	0.9748435057182823	0.9763077064570963	0.9550506877624085	0.9768660509131101	0.9746428225549773	0.9747700887145967
0.9819503172659889	0.9832139774597594	0.9614223701619109	0.9907628600762322	0.9858720197351101	0.9827842204772752	1.0	0.9725794852381936	0.9831587638497239	0.9892063323565339	0.9807494377003658	0.9830026146056743	0.9893556495896833	0.9625016683297121	0.9818533473919062	0.9832162205990272	0.960431013910493	0.9843410862322651	0.9834616559910326	0.9830880326797995	0.9818167127701143	0.9825644874855448	0.9872779783284514	0.962276529463699	0.983745269377366	0.9573828845637841	0.9832533491805293	0.9782218692033889	0.9617852973906882	0.9783645747418349	0.983848524241745	0.9754113036385327
0.9645902625585625	0.9698209683754905	0.9487940089771162	0.9739667111577651	0.9731212693821255	0.974095846881782	0.9725794852381936	1.0	0.9683499483936212	0.9706440409685287	0.9816988500806393	0.9788867876559321	0.9738716794679987	0.9554682385801169	0.9830426521167693	0.9797671991328553	0.9576912040517821	0.9813313608713056	0.9796724161319755	0.9811474233953128	0.9689027481045119	0.9827648737848818	0.9779893236961454	0.954960885821177	0.980927741186399	0.9578288492233399	0.97695943334846	0.9807806004978818	0.9547998964034432	0.9826230947620879	0.9764910263289143	0.9807743959438243
0.977458072601114	0.9791985133320914	0.956334924501087	0.9861998837194871	0.9814870017763747	0.9799021582500229	0.9831587638497239	0.9683499483936212	1.0	0.9851506703812927	0.9751298970113724	0.9781017296725719	0.9849633466569245	0.9586739183406406	0.9771834119134751	0.9788568017400876	0.9580505644122422	0.9793578752288089	0.9782410592990505	0.9784487570722955	0.9778364692781707	0.9762897808339162	0.9812343991237786	0.9580797425608303	0.9783679521512283	0.9551961378367081	0.9781236821496263	0.9753596064184746	0.9576134642346821	0.9751984730360321	0.9786605649917356	0.9684626938885814
0.9834885369570769	0.9854811035220353	0.9633559185994339	0.9954939147499805	0.9871667398778736	0.9830694434815545	0.9892063323565339	0.9706440409685287	0.9851506703812927	1.0	0.9800564708116221	0.9850402666612978	0.9935516278719656	0.9652950748260076	0.9833831036089531	0.985533781617391	0.9610161188469587	0.986123152252832	0.9868776378588979	0.9851865994601	0.9849344081939967	0.983310379119512	0.9862890837437395	0.9645182367081787	0.9863257174854059	0.9581267746203859	0.9860647591181517	0.9785117373526536	0.9637174894430353	0.9782945413784327	0.9861949373974521	0.9742669897667817
0.9752718653595245	0.9785460487470704	0.9579249416394392	0.9833399801039225	0.9777408952294427	0.9763884247278026	0.9807494377003658	0.9816988500806393	0.9751298970113724	0.9800564708116221	1.0	0.9863467226780376	0.9829385530833188	0.9625099755956569	0.9879675745824051	0.986598477367324	0.9605486286051185	0.9881218049821974	0.9875285238573357	0.9874025592426043	0.9770529356598419	0.9875578025488445	0.9823580739851351	0.961778925202655	0.9875878973093016	0.9584589982849728	0.984897644702706	0.9839553682836888	0.9612493886363779	0.9842281618574071	0.9856906783755862	0.9819383036498248
0.981556872098263	0.9833786932669759	0.9621948886353013	0.9872428765527241	0.9794869569402014	0.9745174725901548	0.9830026146056743	0.9788867876559321	0.9781017296725719	0.9850402666612978	0.9863467226780376	1.0	0.9862744653609442	0.9647110593996384	0.990679124154472	0.9921725335324457	0.9598457708789607	0.9943505687535998	0.9936748991389095	0.9925986564118134	0.9822011504812121	0.9908198362072658	0.9826187632026755	0.9645405576276118	0.9932528164876628	0.9572628845653508	0.9927382096866236	0.9844671066168645	0.9627392146948126	0.9859903400858271	0.9941018109374632	0.9803585612629576
0.9835620899277643	0.9856763782886131	0.962722351023784	0.9951370414978893	0.9877231863799485	0.9832104857865052	0.9893556495896833	0.9738716794679987	0.9849633466569245	0.9935516278719656	0.9829385530833188	0.9862744653609442	1.0	0.9653569303397834	0.9846016402847524	0.9870500523022414	0.9619230222208991	0.9871938029751574	0.9876175456093746	0.9859318216280474	0.9842646221403164	0.9850816820307398	0.9877008311479898	0.9643965911201186	0.987416003719267	0.958481129483195	0.9860089777885654	0.980711050105716	0.963564296481017	0.9813085424306196	0.9869760559825698	0.976695799635705
0.9633635855302836	0.9668989042434399	0.9949646599720534	0.9674389836872103	0.9598448128582193	0.956547440923956	0.9625016683297121	0.9554682385801169	0.9586739183406406	0.9652950748260076	0.9625099755956569	0.9647110593996384	0.9653569303397834	1.0	0.9641312256033103	0.9673530428232378	0.9880480065619495	0.9668159919046787	0.9660910022131516	0.9647890957193535	0.9658495177810132	0.9637047716935488	0.9629567107309958	0.9956619064993848	0.9662453377826747	0.9838002784407152	0.9645825416666997	0.9616160562765715	0.9949046706986223	0.9607004714594057	0.9640942392348669	0.9569294515947383
0.977744409774804	0.9807440366248835	0.9601326121226107	0.9853242614119522	0.9806106848507512	0.9764101042314394	0.9818533473919062	0.9830426521167693	0.9771834119134751	0.9833831036089531	0.9879675745824051	0.990679124154472	0.9846016402847524	0.9641312256033103	1.0	0.9907327133804985	0.961464033080012	0.991933900075612	0.9926893972778549	0.9915181347579503	0.9801989248965471	0.9915949474322406	0.983212271517998	0.9633916959799542	0.9927270528158636	0.9601016372274853	0.990283281587854	0.9864865752643043	0.9628062190134316	0.9874994051696939	0.9904330865298726	0.9840661104260738
0.981053690359191	0.9832779629683388	0.9644100036024422	0.9873114185333947	0.9807052012985902	0.9767961471864258	0.9832162205990272	0.9797671991328553	0.9788568017400876	0.985533781617391	0.986598477367324	0.9921725335324457	0.9870500523022414	0.9673530428232378	0.9907327133804985	1.0	0.9632616920740128	0.993226689456209	0.99372021367766	0.992361358828274	0.98176308846347	0.9907891542088197	0.9829854752758764	0.9662309706921702	0.9928754213646352	0.9607396885433961	0.9911870625962382	0.9860523354272097	0.9651137502839208	0.9881328035243218	0.9939021153418343	0.9822218549035251
0.9589050819695124	0.9619490049569269	0.9882020197947708	0.9631289954956146	0.9589437109898128	0.9577565808061225	0.960431013910493	0.9576912040517821	0.9580505644122422	0.9610161188469587	0.9605486286051185	0.9598457708789607	0.9619230222208991	0.9880480065619495	0.961464033080012	0.9632616920740128	1.0	0.9621717603646007	0.9609628665493984	0.9609661404042248	0.9607047120136696	0.9610591572774718	0.9627804806567529	0.9898937704584385	0.9620004554268065	0.9835807454188598	0.9601361990661393	0.9613231809178535	0.9894451979309955	0.9611021336389745	0.9599299320957502	0.9599737743161039
0.9813986529970595	0.9839587909532421	0.9637454289251269	0.9883885379842577	0.9810821305945636	0.9770994719203038	0.9843410862322651	0.9813313608713056	0.9793578752288089	0.986123152252832	0.9881218049821974	0.9943505687535998	0.9871938029751574	0.9668159919046787	0.991933900075612	0.993226689456209	0.9621717603646007	1.0	0.9954046008942408	0.9948574675445214	0.9827539454193523	0.9924149001902874	0.9842276827205094	0.9659209119529873	0.9952150307901859	0.9601043006353763	0.9927165323773182	0.9865261713865376	0.9650083646129337	0.9870866983248135	0.9932841291851171	0.9823134469689381
0.9814462983108136	0.9836027001538244	0.9627835310759405	0.9878319667664615	0.9800985234088453	0.9757490714282167	0.9834616559910326	0.9796724161319755	0.9782410592990505	0.9868776378588979	0.9875285238573357	0.9936748991389095	0.9876175456093746	0.9660910022131516	0.9926893972778549	0.99372021367766	0.9609628665493984	0.9954046008942408	1.0	0.9938121377264155	0.9826438995277906	0.9934564326801967	0.9831515255566758	0.9653930358374716	0.996863668695384	0.9585662138016583	0.9942221558999227	0.985936337817508	0.9641000087411083	0.9867744896967835	0.9941471808968383	0.9816587700732252
0.9805736606116757	0.9824106002143437	0.9612214024656108	0.9868401450058513	0.9809413650738489	0.9769448353568873	0.9830880326797995	0.9811474233953128	0.9784487570722955	0.9851865994601	0.9874025592426043	0.9925986564118134	0.9859318216280474	0.9647890957193535	0.9915181347579503	0.992361358828274	0.9609661404042248	0.9948574675445214	0.9938121377264155	1.0	0.9811126225665965	0.9907087377613296	0.9831457621571927	0.964363823156083	0.9933440691654578	0.9595949823259615	0.9909582287468975	0.9860403682963415	0.9638507021406638	0.9870056455892898	0.9925219386715165	0.9828685178584654
0.991080077624359	0.9939146189380034	0.9630795220715266	0.986305137471423	0.9783882029646765	0.9741704468445767	0.9818167127701143	0.9689027481045119	0.9778364692781707	0.9849344081939967	0.9770529356598419	0.9822011504812121	0.9842646221403164	0.9658495177810132	0.9801989248965471	0.98176308846347	0.9607047120136696	0.9827539454193523	0.9826438995277906	0.9811126225665965	1.0	0.9799867810174606	0.9797179957848536	0.9649825809786615	0.9827954307215528	0.9583366047717604	0.9828791624206877	0.9763631422519139	0.9640056238702187	0.9748866136893717	0.9816587106181244	0.971840744329044
0.9777096438907079	0.9805491376859098	0.9596466733732424	0.9851074976160732	0.9794512711736139	0.9766537785269606	0.9825644874855448	0.9827648737848818	0.9762897808339162	0.983310379119512	0.9875578025488445	0.9908198362072658	0.9850816820307398	0.9637047716935488	0.9915949474322406	0.9907891542088197	0.9610591572774718	0.9924149001902874	0.9934564326801967	0.9907087377613296	0.9799867810174606	1.0	0.9834087308875911	0.9634210314393012	0.9934513185121056	0.9587843382593315	0.9909945593584586	0.986080040398059	0.962582766187493	0.985873547271432	0.9906075661364336	0.9832679009147863
0.9778077131194307	0.9816680093510362	0.9586511321937756	0.9889088724660864	0.9855179819404024	0.9832506945065133	0.9872779783284514	0.9779893236961454	0.9812343991237786	0.9862890837437395	0.9823580739851351	0.9826187632026755	0.9877008311479898	0.9629567107309958	0.983212271517998	0.9829854752758764	0.9627804806567529	0.9842276827205094	0.9831515255566758	0.9831457621571927	0.9797179957848536	0.9834087308875911	1.0	0.9628281207616741	0.9841878892197011	0.960827353069406	0.9814848384860091	0.9812586377304343	0.9626926000269183	0.9809599940067921	0.9815766458616729	0.9772185934048341
0.9627233730398447	0.9662427474604187	0.9956864860395819	0.9667909007543339	0.9594983767448211	0.9557489577484538	0.962276529463699	0.954960885821177	0.9580797425608303	0.9645182367081787	0.961778925202655	0.9645405576276118	0.9643965911201186	0.9956619064993848	0.9633916959799542	0.9662309706921702	0.9898937704584385	0.9659209119529873	0.9653930358374716	0.964363823156083	0.9649825809786615	0.9634210314393012	0.9628281207616741	1.0	0.9654079692258137	0.985400604046562	0.9639959358636568	0.9609288644043563	0.9963572878347603	0.9601375538595216	0.9639130061779781	0.9566155543273541
0.981121067628673	0.9833619780607398	0.9628588128502674	0.9877276219651314	0.9808240825346775	0.976314667721425	0.983745269377366	0.980927741186399	0.9783679521512283	0.9863257174854059	0.9875878973093016	0.9932528164876628	0.987416003719267	0.9662453377826747	0.9927270528158636	0.9928754213646352	0.9620004554268065	0.9952150307901859	0.996863668695384	0.9933440691654578	0.9827954307215528	0.9934513185121056	0.9841878892197011	0.9654079692258137	1.0	0.959976593721707	0.993572276210087	0.986589648416461	0.9647140194829364	0.9873101162103292	0.992879009575112	0.9824351694322941
0.9561479990539128	0.959471562354244	0.981808525358403	0.9601815211046303	0.9576048873469524	0.9561806955845957	0.9573828845637841	0.9578288492233399	0.9551961378367081	0.9581267746203859	0.9584589982849728	0.9572628845653508	0.958481129483195	0.9838002784407152	0.9601016372274853	0.9607396885433961	0.9835807454188598	0.9601043006353763	0.9585662138016583	0.9595949823259615	0.9583366047717604	0.9587843382593315	0.960827353069406	0.985400604046562	0.959976593721707	1.0	0.9566549595862103	0.959370260812089	0.9856150413221272	0.9592228557238887	0.9563694517241437	0.9578689245115951
0.9843591693089179	0.9842936970658446	0.9644069730628262	0.9868510460573819	0.97936845201639	0.9748435057182823	0.9832533491805293	0.97695943334846	0.9781236821496263	0.9860647591181517	0.984897644702706	0.9927382096866236	0.9860089777885654	0.9645825416666997	0.990283281587854	0.9911870625962382	0.9601361990661393	0.9927165323773182	0.9942221558999227	0.9909582287468975	0.9828791624206877	0.9909945593584586	0.9814848384860091	0.9639959358636568	0.993572276210087	0.9566549595862103	1.0	0.9837832397639541	0.9624305987138699	0.984131983079492	0.9937640187308714	0.9794059849606153
0.9742408081720886	0.9772904903846817	0.9571965815187239	0.9811318942580189	0.9782882054881832	0.9763077064570963	0.9782218692033889	0.9807806004978818	0.9753596064184746	0.9785117373526536	0.9839553682836888	0.9844671066168645	0.980711050105716	0.9616160562765715	0.9864865752643043	0.9860523354272097	0.9613231809178535	0.9865261713865376	0.985936337817508	0.9860403682963415	0.9763631422519139	0.986080040398059	0.9812586377304343	0.9609288644043563	0.986589648416461	0.959370260812089	0.9837832397639541	1.0	0.9603377819768302	0.9859539804002316	0.9844177138031802	0.9820024218542832
0.9618133700097573	0.9649247969545052	0.994917444882862	0.9658056743732747	0.9593688604453302	0.9550506877624085	0.9617852973906882	0.9547998964034432	0.9576134642346821	0.9637174894430353	0.9612493886363779	0.9627392146948126	0.963564296481017	0.9949046706986223	0.9628062190134316	0.9651137502839208	0.9894451979309955	0.9650083646129337	0.9641000087411083	0.9638507021406638	0.9640056238702187	0.962582766187493	0.9626926000269183	0.9963572878347603	0.9647140194829364	0.9856150413221272	0.9624305987138699	0.9603377819768302	1.0	0.9599070974110494	0.962350373932333	0.9567185486552483
0.9726564726781792	0.9758220656284381	0.9570987203516843	0.9804936955628476	0.9779000344135433	0.9768660509131101	0.9783645747418349	0.9826230947620879	0.9751984730360321	0.9782945413784327	0.9842281618574071	0.9859903400858271	0.9813085424306196	0.9607004714594057	0.9874994051696939	0.9881328035243218	0.9611021336389745	0.9870866983248135	0.9867744896967835	0.9870056455892898	0.9748866136893717	0.985873547271432	0.9809599940067921	0.9601375538595216	0.9873101162103292	0.9592228557238887	0.984131983079492	0.9859539804002316	0.9599070974110494	1.0	0.9861927897769767	0.983262679376349
0.9835510180397179	0.9838049413619956	0.9633615491116048	0.9872819769065125	0.9793160130116184	0.9746428225549773	0.983848524241745	0.9764910263289143	0.9786605649917356	0.9861949373974521	0.9856906783755862	0.9941018109374632	0.9869760559825698	0.9640942392348669	0.9904330865298726	0.9939021153418343	0.9599299320957502	0.9932841291851171	0.9941471808968383	0.9925219386715165	0.9816587106181244	0.9906075661364336	0.9815766458616729	0.9639130061779781	0.992879009575112	0.9563694517241437	0.9937640187308714	0.9844177138031802	0.962350373932333	0.9861927897769767	1.0	0.9797536245393234
0.9681563033102392	0.9722205395148923	0.9531085016358941	0.9755391092218585	0.9746213064870984	0.9747700887145967	0.9754113036385327	0.9807743959438243	0.9684626938885814	0.9742669897667817	0.9819383036498248	0.9803585612629576	0.976695799635705	0.9569294515947383	0.9840661104260738	0.9822218549035251	0.9599737743161039	0.9823134469689381	0.9816587700732252	0.9828685178584654	0.971840744329044	0.9832679009147863	0.9772185934048341	0.9566155543273541	0.9824351694322941	0.9578689245115951	0.9794059849606153	0.9820024218542832	0.9567185486552483	0.983262679376349	0.9797536245393234	1.0
