/home/jshaw/scratch/2022_sketched_distance/references/SGB_genome_fastas_part3/4711/Bengtsson-PalmeJ_2015__TRAVELRES54__bin.28.fa	/home/jshaw/scratch/2022_sketched_distance/references/SGB_genome_fastas_part3/4711/Bengtsson-PalmeJ_2015__TRAVELRES8__bin.55.fa	/home/jshaw/scratch/2022_sketched_distance/references/SGB_genome_fastas_part3/4711/ChengpingW_2017__AS45raw__bin.36.fa	/home/jshaw/scratch/2022_sketched_distance/references/SGB_genome_fastas_part3/4711/HeQ_2017__SZAXPI029491-89__bin.1.fa	/home/jshaw/scratch/2022_sketched_distance/references/SGB_genome_fastas_part3/4711/HeQ_2017__SZAXPI029561-52__bin.9.fa	/home/jshaw/scratch/2022_sketched_distance/references/SGB_genome_fastas_part3/4711/LeChatelierE_2013__MH0006__bin.33.fa	/home/jshaw/scratch/2022_sketched_distance/references/SGB_genome_fastas_part3/4711/LeChatelierE_2013__MH0316__bin.8.fa	/home/jshaw/scratch/2022_sketched_distance/references/SGB_genome_fastas_part3/4711/LiJ_2017__H1M412949__bin.25.fa	/home/jshaw/scratch/2022_sketched_distance/references/SGB_genome_fastas_part3/4711/LiJ_2017__H1M414905__bin.7.fa	/home/jshaw/scratch/2022_sketched_distance/references/SGB_genome_fastas_part3/4711/LiJ_2017__H1M512853__bin.15.fa	/home/jshaw/scratch/2022_sketched_distance/references/SGB_genome_fastas_part3/4711/LiJ_2017__H2M514818__bin.18.fa	/home/jshaw/scratch/2022_sketched_distance/references/SGB_genome_fastas_part3/4711/LiJ_2017__H3M516804__bin.42.fa	/home/jshaw/scratch/2022_sketched_distance/references/SGB_genome_fastas_part3/4711/LiJ_2017__nHF411719__bin.6.fa	/home/jshaw/scratch/2022_sketched_distance/references/SGB_genome_fastas_part3/4711/LiJ_2017__nHF512818__bin.22.fa	/home/jshaw/scratch/2022_sketched_distance/references/SGB_genome_fastas_part3/4711/LiJ_2017__nHM511738__bin.28.fa	/home/jshaw/scratch/2022_sketched_distance/references/SGB_genome_fastas_part3/4711/LiJ_2017__nHM511825__bin.51.fa	/home/jshaw/scratch/2022_sketched_distance/references/SGB_genome_fastas_part3/4711/NielsenHB_2014__MH0006__bin.62.fa	/home/jshaw/scratch/2022_sketched_distance/references/SGB_genome_fastas_part3/4711/QinJ_2012__CON-015__bin.44.fa	/home/jshaw/scratch/2022_sketched_distance/references/SGB_genome_fastas_part3/4711/QinJ_2012__CON-016__bin.30.fa	/home/jshaw/scratch/2022_sketched_distance/references/SGB_genome_fastas_part3/4711/QinN_2014__HD-19__bin.23.fa	/home/jshaw/scratch/2022_sketched_distance/references/SGB_genome_fastas_part3/4711/QinN_2014__LD-36__bin.31.fa	/home/jshaw/scratch/2022_sketched_distance/references/SGB_genome_fastas_part3/4711/WenC_2017__N253__bin.168.fa	/home/jshaw/scratch/2022_sketched_distance/references/SGB_genome_fastas_part3/4711/WenC_2017__RA058__bin.32.fa	/home/jshaw/scratch/2022_sketched_distance/references/SGB_genome_fastas_part3/4711/YuJ_2015__SZAXPI015233-19__bin.50.fa	/home/jshaw/scratch/2022_sketched_distance/references/SGB_genome_fastas_part3/4711/YuJ_2015__SZAXPI015237-23__bin.22.fa	/home/jshaw/scratch/2022_sketched_distance/references/SGB_genome_fastas_part3/4711/YuJ_2015__SZAXPI015273-95__bin.73.fa	/home/jshaw/scratch/2022_sketched_distance/references/SGB_genome_fastas_part3/4711/YuJ_2015__SZAXPI017582-94__bin.21.fa	/home/jshaw/scratch/2022_sketched_distance/references/SGB_genome_fastas_part3/4711/ZeeviD_2015__PNP_Validation_2__bin.26.fa	/home/jshaw/scratch/2022_sketched_distance/references/SGB_genome_fastas_part3/4711/ZellerG_2014__CCIS63448910ST-4-0__bin.32.fa	/home/jshaw/scratch/2022_sketched_distance/references/SGB_genome_fastas_part3/4711/ZellerG_2014__CCMD26709089ST-21-0__bin.19.fa
1.0	0.9806514991603338	0.9802625359931544	0.9754945120082101	0.9802585384148821	0.9869123754298825	0.9822017189291659	0.9779909361941991	0.9787137700107658	0.9795323178078739	0.982207160616109	0.9778670994024049	0.9779974114996299	0.9773132206054097	0.9800125635448712	0.9752904505877478	0.988061911499574	0.979269762433887	0.9798655309388516	0.9797182749579698	0.9773054478755769	0.9813821174084844	0.9779053200879966	0.9785001086984175	0.9766880462806601	0.9752784448055914	0.9752495999849702	0.9876057709949495	0.9848560126949495	0.982024344263378
0.9806514991603338	1.0	0.9847688907043671	0.9808933239043632	0.9857050435128285	0.9770254112356458	0.9724141531568287	0.9831917044858451	0.9838904381280849	0.9850306000134157	0.9832292802432774	0.9862730927884279	0.9826495851792311	0.9822377017588583	0.9849331460524778	0.9819337740607069	0.9780912179249365	0.9847028693384992	0.9857369060157419	0.985465495698661	0.986819361341489	0.9846556412256663	0.9809776848875102	0.9852097623644215	0.9859485952501978	0.9802501746037716	0.9818160176499348	0.9801516548145753	0.9788913230443411	0.984856413114559
0.9802625359931544	0.9847688907043671	1.0	0.9845702998702898	0.9866222403392585	0.9766441684366816	0.9712740345716141	0.9857777714808101	0.9860025273794768	0.9870261407443967	0.9859261374462468	0.989620604921554	0.9854922284704083	0.9886382225254395	0.9909503922749043	0.9856935845739919	0.9777474764002085	0.9874942631840055	0.9889421494155134	0.9881775585003829	0.9887128591847821	0.9874389295483467	0.9831633570577455	0.9864616587524021	0.9880874899389156	0.9825038435857989	0.9831724468956804	0.98039963266733	0.9787152216568771	0.988051393436991
0.9754945120082101	0.9808933239043632	0.9845702998702898	1.0	0.980925205251482	0.9693371228243858	0.9624636959905895	0.9817744603494483	0.9819910859754922	0.9752891073024238	0.9735222239775699	0.9849388551800119	0.9898528092944551	0.9769303398891582	0.9769303398891582	0.9822675145940333	0.9676075588552189	0.9737152088654635	0.9848824229965615	0.9840240854867396	0.9845702998702898	0.9808294677975683	0.9718326750211689	0.9783745050251502	0.9847692667750333	0.9744231092927961	0.9798563460288294	0.9759430915654351	0.9748482398757707	0.9824505122171631
0.9802585384148821	0.9857050435128285	0.9866222403392585	0.980925205251482	1.0	0.9729625281398956	0.9672109269151594	0.9821282296407089	0.9855097893422143	0.9844041796671784	0.9810780674508435	0.9890543728359077	0.9829304598903629	0.9815205348517964	0.9840498130948665	0.9855967122680727	0.9736341690776141	0.9822973597735606	0.9889957077255107	0.987514549819482	0.9892297444372775	0.9846322087589036	0.9799853389202385	0.9897245906588245	0.989326771577531	0.9794443012949026	0.9832350507114296	0.9797177000482412	0.9786083821499026	0.9874530747604884
0.9869123754298825	0.9770254112356458	0.9766441684366816	0.9693371228243858	0.9729625281398956	1.0	0.9772719996630236	0.9706485335276112	0.9791418329196151	0.9732929614923211	0.973708615912981	0.9774598318221729	0.9718535278851294	0.9697067015901506	0.9722516675480258	0.975442294975437	0.9934256109267795	0.971287198554663	0.9774022427039694	0.9767325445843765	0.9762584080172363	0.9730856953541287	0.9697469596184481	0.9709494526499208	0.9763478363283818	0.9682357724219488	0.9701694702695538	0.9886953305611441	0.9843118463824044	0.9785351246964146
0.9822017189291659	0.9724141531568287	0.9712740345716141	0.9624636959905895	0.9672109269151594	0.9772719996630236	1.0	0.9656898538998036	0.9749838866041033	0.9655006892874161	0.966388653350995	0.9731643154850467	0.9659115976258218	0.962363992974088	0.9639456427252385	0.9699756093842153	0.9764986754892852	0.9661134469301623	0.9723779945184945	0.9721965937457817	0.9716091909846993	0.9676745223700786	0.9652642492510406	0.9635747278158407	0.9702858427975651	0.9635271650084148	0.9651965727210925	0.9854838172276235	0.9789401912380907	0.9737244450434782
0.9779909361941991	0.9831917044858451	0.9857777714808101	0.9817744603494483	0.9821282296407089	0.9706485335276112	0.9656898538998036	1.0	0.9841492400573475	0.9825555899195456	0.9809294977730242	0.9878955811229542	0.9863484449589243	0.9793270291561951	0.9818331528286329	0.9834399050049626	0.9710374201660799	0.9807707908570423	0.9860300893398904	0.986618888968334	0.9858467777920324	0.980627351078578	0.977938861690196	0.9800864350450935	0.9861441420320346	0.9762237362441645	0.9810556492989537	0.9778445520168051	0.9761584713596644	0.9847011088379348
0.9787137700107658	0.9838904381280849	0.9860025273794768	0.9819910859754922	0.9855097893422143	0.9791418329196151	0.9749838866041033	0.9841492400573475	1.0	0.9855489974977522	0.9878203199185902	0.9833833341317584	0.9841917510847413	0.9835004180152762	0.9862785657352761	0.9822529191420653	0.9801685293108567	0.9842471519888684	0.9841882841276622	0.9846342757091495	0.982336287617421	0.9887262884460024	0.9831347725709438	0.9841329274239199	0.9814297228302131	0.9811970332214691	0.9814736795855804	0.9782541335647419	0.9788681764359966	0.988695497550604
0.9795323178078739	0.9850306000134157	0.9870261407443967	0.9752891073024238	0.9844041796671784	0.9732929614923211	0.9655006892874161	0.9825555899195456	0.9855489974977522	1.0	0.9772697824649872	0.9888494284054304	0.9865618826711392	0.9842707642539781	0.9840696183303225	0.9852259592239379	0.9699958010609505	0.9778682178395445	0.9876954181142731	0.9882922664208116	0.9877255188515266	0.9830449549557347	0.9761145663011083	0.9810420154923765	0.9875142334357898	0.976498381222534	0.9832179718501752	0.9794549699867713	0.9777868169605012	0.9860276762273656
0.982207160616109	0.9832292802432774	0.9859261374462468	0.9735222239775699	0.9810780674508435	0.973708615912981	0.966388653350995	0.9809294977730242	0.9878203199185902	0.9772697824649872	1.0	0.9875171750823296	0.9851499064759514	0.984522107424317	0.9844553193861989	0.9837457116525465	0.9725738544390817	0.9742157428075752	0.9852479444266191	0.9852805588140796	0.9852479444266191	0.982845324332439	0.9743071027201909	0.9773114002966986	0.9847216598889219	0.9733347552480717	0.979677326207349	0.9821354797126878	0.9812259652198894	0.9876993967328628
0.9778670994024049	0.9862730927884279	0.989620604921554	0.9849388551800119	0.9890543728359077	0.9774598318221729	0.9731643154850467	0.9878955811229542	0.9833833341317584	0.9888494284054304	0.9875171750823296	1.0	0.9864925729337585	0.9861229566503739	0.9891649613634174	0.9848150562620921	0.9788895769435888	0.9874422569441539	0.9888301122560181	0.9893791022178631	0.9878262438930574	0.9891989195923888	0.9846983228720184	0.9875333069187351	0.9859368769437815	0.9867289852726057	0.9847874789230979	0.9774582724826262	0.9777878129920613	0.9879103861583802
0.9779974114996299	0.9826495851792311	0.9854922284704083	0.9898528092944551	0.9829304598903629	0.9718535278851294	0.9659115976258218	0.9863484449589243	0.9841917510847413	0.9865618826711392	0.9851499064759514	0.9864925729337585	1.0	0.9837522437932199	0.9865059362482672	0.984033980767984	0.9731311924546971	0.982750791319114	0.9868055291276142	0.9858575798324306	0.9863033595567563	0.9837772974316118	0.9801423932092131	0.9824745156622653	0.9869298825751212	0.9772929533005095	0.9818624710663986	0.9777519289841916	0.9765528416787322	0.9849694207044996
0.9773132206054097	0.9822377017588583	0.9886382225254395	0.9769303398891582	0.9815205348517964	0.9697067015901506	0.962363992974088	0.9793270291561951	0.9835004180152762	0.9842707642539781	0.984522107424317	0.9861229566503739	0.9837522437932199	1.0	0.9927902302339285	0.982888023609066	0.9691282344777068	0.9786290557479289	0.9854152345219923	0.9858416942611078	0.9850314544887186	0.9802054058617505	0.9758268659591736	0.9781435086593562	0.9846675405637457	0.9739023824033941	0.9796129660049643	0.9769445580825723	0.9756846294828296	0.9847892940005569
0.9800125635448712	0.9849331460524778	0.9909503922749043	0.9769303398891582	0.9840498130948665	0.9722516675480258	0.9639456427252385	0.9818331528286329	0.9862785657352761	0.9840696183303225	0.9844553193861989	0.9891649613634174	0.9865059362482672	0.9927902302339285	1.0	0.9857418375488436	0.9702011302508448	0.9784925518487664	0.9885555624880547	0.9884608005738268	0.9880309662107593	0.9829742459797056	0.9754671765104438	0.9806809168721545	0.9878139270116468	0.9760698328254013	0.9824941310230207	0.9796421608619076	0.9786653711170032	0.9875466992111867
0.9752904505877478	0.9819337740607069	0.9856935845739919	0.9822675145940333	0.9855967122680727	0.975442294975437	0.9699756093842153	0.9834399050049626	0.9822529191420653	0.9852259592239379	0.9837457116525465	0.9848150562620921	0.984033980767984	0.982888023609066	0.9857418375488436	1.0	0.9762035595623059	0.9924541907367734	0.9847376263030749	0.9848071740261373	0.9834836055493842	0.9852820770512599	0.9875684490740957	0.9847490926714961	0.9824093073699659	0.9816209170909722	0.9804483088700029	0.9765279559243683	0.9734696264718746	0.984491436564779
0.988061911499574	0.9780912179249365	0.9777474764002085	0.9676075588552189	0.9736341690776141	0.9934256109267795	0.9764986754892852	0.9710374201660799	0.9801685293108567	0.9699958010609505	0.9725738544390817	0.9788895769435888	0.9731311924546971	0.9691282344777068	0.9702011302508448	0.9762035595623059	1.0	0.9693522742482494	0.9785235301905356	0.9780601180426778	0.9774951856803001	0.9734195616891036	0.9682003511740328	0.9704921204611293	0.9775584417155778	0.9684659258753617	0.9727304516501702	0.9897165035776534	0.9858571771803811	0.9796688678069202
0.979269762433887	0.9847028693384992	0.9874942631840055	0.9737152088654635	0.9822973597735606	0.971287198554663	0.9661134469301623	0.9807707908570423	0.9842471519888684	0.9778682178395445	0.9742157428075752	0.9874422569441539	0.982750791319114	0.9786290557479289	0.9784925518487664	0.9924541907367734	0.9693522742482494	1.0	0.986996853997354	0.9881120133810596	0.9860604076460449	0.9815896676813419	0.9820529375842955	0.9799962556559125	0.9863306960989575	0.9783554742613719	0.9825701713141044	0.9784925518487664	0.9764097472068207	0.9860875367204487
0.9798655309388516	0.9857369060157419	0.9889421494155134	0.9848824229965615	0.9889957077255107	0.9774022427039694	0.9723779945184945	0.9860300893398904	0.9841882841276622	0.9876954181142731	0.9852479444266191	0.9888301122560181	0.9868055291276142	0.9854152345219923	0.9885555624880547	0.9847376263030749	0.9785235301905356	0.986996853997354	1.0	0.9877906860545024	0.9890285635726923	0.9883725440428909	0.9849428009024501	0.9882873535816986	0.988530176744704	0.9827844733325295	0.9842649447711515	0.9797782182943091	0.977632768382983	0.9873529685837872
0.9797182749579698	0.985465495698661	0.9881775585003829	0.9840240854867396	0.987514549819482	0.9767325445843765	0.9721965937457817	0.986618888968334	0.9846342757091495	0.9882922664208116	0.9852805588140796	0.9893791022178631	0.9858575798324306	0.9858416942611078	0.9884608005738268	0.9848071740261373	0.9780601180426778	0.9881120133810596	0.9877906860545024	1.0	0.9872970541022192	0.9876320617348275	0.9838140130570114	0.9869904445163756	0.9871189472660841	0.9840794942761633	0.9835622043395242	0.9795162103228217	0.9775912674374575	0.9875447953667846
0.9773054478755769	0.986819361341489	0.9887128591847821	0.9845702998702898	0.9892297444372775	0.9762584080172363	0.9716091909846993	0.9858467777920324	0.982336287617421	0.9877255188515266	0.9852479444266191	0.9878262438930574	0.9863033595567563	0.9850314544887186	0.9880309662107593	0.9834836055493842	0.9774951856803001	0.9860604076460449	0.9890285635726923	0.9872970541022192	1.0	0.9881416099645765	0.9836455176974574	0.9882434725982401	0.987729491383022	0.9821431649238308	0.9855053294004467	0.9770603124510703	0.9758004865113766	0.9857695100879406
0.9813821174084844	0.9846556412256663	0.9874389295483467	0.9808294677975683	0.9846322087589036	0.9730856953541287	0.9676745223700786	0.980627351078578	0.9887262884460024	0.9830449549557347	0.982845324332439	0.9891989195923888	0.9837772974316118	0.9802054058617505	0.9829742459797056	0.9852820770512599	0.9734195616891036	0.9815896676813419	0.9883725440428909	0.9876320617348275	0.9881416099645765	1.0	0.9794776293556927	0.9822381281416415	0.9877388698182458	0.9789339119103613	0.9823512577669916	0.9809915177918234	0.9801691819263894	0.987909045330181
0.9779053200879966	0.9809776848875102	0.9831633570577455	0.9718326750211689	0.9799853389202385	0.9697469596184481	0.9652642492510406	0.977938861690196	0.9831347725709438	0.9761145663011083	0.9743071027201909	0.9846983228720184	0.9801423932092131	0.9758268659591736	0.9754671765104438	0.9875684490740957	0.9682003511740328	0.9820529375842955	0.9849428009024501	0.9838140130570114	0.9836455176974574	0.9794776293556927	1.0	0.9756475185040762	0.9840373352641016	0.9727920214167648	0.9787990485393588	0.9779723688153085	0.9754671765104438	0.9842315026674094
0.9785001086984175	0.9852097623644215	0.9864616587524021	0.9783745050251502	0.9897245906588245	0.9709494526499208	0.9635747278158407	0.9800864350450935	0.9841329274239199	0.9810420154923765	0.9773114002966986	0.9875333069187351	0.9824745156622653	0.9781435086593562	0.9806809168721545	0.9847490926714961	0.9704921204611293	0.9799962556559125	0.9882873535816986	0.9869904445163756	0.9882434725982401	0.9822381281416415	0.9756475185040762	1.0	0.9880894271764548	0.9767392140278037	0.9826572001607636	0.9780237700522627	0.976236215666998	0.9856640592659168
0.9766880462806601	0.9859485952501978	0.9880874899389156	0.9847692667750333	0.989326771577531	0.9763478363283818	0.9702858427975651	0.9861441420320346	0.9814297228302131	0.9875142334357898	0.9847216598889219	0.9859368769437815	0.9869298825751212	0.9846675405637457	0.9878139270116468	0.9824093073699659	0.9775584417155778	0.9863306960989575	0.988530176744704	0.9871189472660841	0.987729491383022	0.9877388698182458	0.9840373352641016	0.9880894271764548	1.0	0.981830817287662	0.9960868969209009	0.9758667816906595	0.9757289223711721	0.9866426516124034
0.9752784448055914	0.9802501746037716	0.9825038435857989	0.9744231092927961	0.9794443012949026	0.9682357724219488	0.9635271650084148	0.9762237362441645	0.9811970332214691	0.976498381222534	0.9733347552480717	0.9867289852726057	0.9772929533005095	0.9739023824033941	0.9760698328254013	0.9816209170909722	0.9684659258753617	0.9783554742613719	0.9827844733325295	0.9840794942761633	0.9821431649238308	0.9789339119103613	0.9727920214167648	0.9767392140278037	0.981830817287662	1.0	0.976471243059334	0.9750216560076798	0.9738403091152028	0.9819873636692011
0.9752495999849702	0.9818160176499348	0.9831724468956804	0.9798563460288294	0.9832350507114296	0.9701694702695538	0.9651965727210925	0.9810556492989537	0.9814736795855804	0.9832179718501752	0.979677326207349	0.9847874789230979	0.9818624710663986	0.9796129660049643	0.9824941310230207	0.9804483088700029	0.9727304516501702	0.9825701713141044	0.9842649447711515	0.9835622043395242	0.9855053294004467	0.9823512577669916	0.9787990485393588	0.9826572001607636	0.9960868969209009	0.976471243059334	1.0	0.9748022687263579	0.9737435962382827	0.9832811785548824
0.9876057709949495	0.9801516548145753	0.98039963266733	0.9759430915654351	0.9797177000482412	0.9886953305611441	0.9854838172276235	0.9778445520168051	0.9782541335647419	0.9794549699867713	0.9821354797126878	0.9774582724826262	0.9777519289841916	0.9769445580825723	0.9796421608619076	0.9765279559243683	0.9897165035776534	0.9784925518487664	0.9797782182943091	0.9795162103228217	0.9770603124510703	0.9809915177918234	0.9779723688153085	0.9780237700522627	0.9758667816906595	0.9750216560076798	0.9748022687263579	1.0	0.9857644489420254	0.9817129043778253
0.9848560126949495	0.9788913230443411	0.9787152216568771	0.9748482398757707	0.9786083821499026	0.9843118463824044	0.9789401912380907	0.9761584713596644	0.9788681764359966	0.9777868169605012	0.9812259652198894	0.9777878129920613	0.9765528416787322	0.9756846294828296	0.9786653711170032	0.9734696264718746	0.9858571771803811	0.9764097472068207	0.977632768382983	0.9775912674374575	0.9758004865113766	0.9801691819263894	0.9754671765104438	0.976236215666998	0.9757289223711721	0.9738403091152028	0.9737435962382827	0.9857644489420254	1.0	0.9802408059882562
0.982024344263378	0.984856413114559	0.988051393436991	0.9824505122171631	0.9874530747604884	0.9785351246964146	0.9737244450434782	0.9847011088379348	0.988695497550604	0.9860276762273656	0.9876993967328628	0.9879103861583802	0.9849694207044996	0.9847892940005569	0.9875466992111867	0.984491436564779	0.9796688678069202	0.9860875367204487	0.9873529685837872	0.9875447953667846	0.9857695100879406	0.987909045330181	0.9842315026674094	0.9856640592659168	0.9866426516124034	0.9819873636692011	0.9832811785548824	0.9817129043778253	0.9802408059882562	1.0
