/home/jshaw/scratch/2022_sketched_distance/references/SGB_genome_fastas_part3/5072/Bengtsson-PalmeJ_2015__TRAVELRES58__bin.1.fa	/home/jshaw/scratch/2022_sketched_distance/references/SGB_genome_fastas_part3/5072/BritoIL_2016__M2.33.ST__bin.49.fa	/home/jshaw/scratch/2022_sketched_distance/references/SGB_genome_fastas_part3/5072/BritoIL_2016__W1.27.ST__bin.48.fa	/home/jshaw/scratch/2022_sketched_distance/references/SGB_genome_fastas_part3/5072/BritoIL_2016__W2.53.ST__bin.27.fa	/home/jshaw/scratch/2022_sketched_distance/references/SGB_genome_fastas_part3/5072/BritoIL_2016__W3.21.ST__bin.63.fa	/home/jshaw/scratch/2022_sketched_distance/references/SGB_genome_fastas_part3/5072/BritoIL_2016__WL.13.ST__bin.14.fa	/home/jshaw/scratch/2022_sketched_distance/references/SGB_genome_fastas_part3/5072/BritoIL_2016__WL.2.ST__bin.81.fa	/home/jshaw/scratch/2022_sketched_distance/references/SGB_genome_fastas_part3/5072/BritoIL_2016__WL.30.ST__bin.45.fa	/home/jshaw/scratch/2022_sketched_distance/references/SGB_genome_fastas_part3/5072/BritoIL_2016__WL.36.ST__bin.40.fa	/home/jshaw/scratch/2022_sketched_distance/references/SGB_genome_fastas_part3/5072/BritoIL_2016__WL.8.ST__bin.39.fa	/home/jshaw/scratch/2022_sketched_distance/references/SGB_genome_fastas_part3/5072/ChengpingW_2017__AS101raw__bin.22.fa	/home/jshaw/scratch/2022_sketched_distance/references/SGB_genome_fastas_part3/5072/ChengpingW_2017__AS18raw__bin.2.fa	/home/jshaw/scratch/2022_sketched_distance/references/SGB_genome_fastas_part3/5072/CosteaPI_2017__SID713A029-11-0-0__bin.63.fa	/home/jshaw/scratch/2022_sketched_distance/references/SGB_genome_fastas_part3/5072/HeQ_2017__SZAXPI029588-107__bin.7.fa	/home/jshaw/scratch/2022_sketched_distance/references/SGB_genome_fastas_part3/5072/HeQ_2017__SZAXPI029593-133__bin.43.fa	/home/jshaw/scratch/2022_sketched_distance/references/SGB_genome_fastas_part3/5072/QinJ_2012__CON-010__bin.9.fa	/home/jshaw/scratch/2022_sketched_distance/references/SGB_genome_fastas_part3/5072/QinJ_2012__CON-017__bin.41.fa	/home/jshaw/scratch/2022_sketched_distance/references/SGB_genome_fastas_part3/5072/QinJ_2012__CON-029__bin.31.fa	/home/jshaw/scratch/2022_sketched_distance/references/SGB_genome_fastas_part3/5072/QinJ_2012__CON-077__bin.4.fa	/home/jshaw/scratch/2022_sketched_distance/references/SGB_genome_fastas_part3/5072/QinJ_2012__T2D-003__bin.38.fa	/home/jshaw/scratch/2022_sketched_distance/references/SGB_genome_fastas_part3/5072/QinN_2014__HD-30__bin.8.fa	/home/jshaw/scratch/2022_sketched_distance/references/SGB_genome_fastas_part3/5072/QinN_2014__HD-77__bin.19.fa	/home/jshaw/scratch/2022_sketched_distance/references/SGB_genome_fastas_part3/5072/WenC_2017__N035__bin.74.fa	/home/jshaw/scratch/2022_sketched_distance/references/SGB_genome_fastas_part3/5072/WenC_2017__RA007__bin.39.fa	/home/jshaw/scratch/2022_sketched_distance/references/SGB_genome_fastas_part3/5072/WenC_2017__RA017__bin.25.fa	/home/jshaw/scratch/2022_sketched_distance/references/SGB_genome_fastas_part3/5072/WenC_2017__RA047__bin.66.fa
1.0	0.9881989736787048	0.9852587364861009	0.9807014781648329	0.9812042944100443	0.9846899547944801	0.9854376657726691	0.9776168019046704	0.9634161300337483	0.9909412886901129	0.9905943626012733	0.982866848063423	0.9767094855116726	0.9741532281649722	0.9874402438554539	0.9723667533458894	0.9830251825062418	0.9758919029726779	0.9908765170300438	0.9877505894443874	0.9877980763207643	0.9898893787366538	0.9849702961341432	0.9828720931752527	0.9885718831991966	0.9835992438007709
0.9881989736787048	1.0	0.9842995120804412	0.9819498786932316	0.9831750421480923	0.9853714103424037	0.9828741607064889	0.979984567183565	0.9721973464655888	0.987485400072246	0.9875730165468818	0.981431211878068	0.9817621169631202	0.9781753511954318	0.9856800278902144	0.9773839391364275	0.9843439456829336	0.978699003624985	0.9885662844458661	0.9848770440347011	0.9851957989009852	0.9874699574734594	0.9867262416228985	0.9857712121395781	0.9860353281303847	0.9850632761629118
0.9852587364861009	0.9842995120804412	1.0	0.9967384313708452	0.9944483096020585	0.9816162261149858	0.9975258499244374	0.994347464737579	0.992036008286319	0.9909554546709033	0.9887145377275051	0.9781659905932643	0.9925733149757755	0.9893718871284852	0.9889246663292918	0.9910434994424758	0.9765432073500648	0.989646718087929	0.9902185485562465	0.9843717595801698	0.9848730869907856	0.9888827476378783	0.986515119963468	0.9833236361685029	0.9880974761942958	0.9816110449064356
0.9807014781648329	0.9819498786932316	0.9967384313708452	1.0	0.9962056192716432	0.9771834119134751	0.9971554171509432	0.9958812542371612	0.9935558435271207	0.9892360944958849	0.9882340850460599	0.976640341348622	0.9939486622512486	0.991005196345052	0.9877328956190862	0.9926942552286318	0.9715391611781375	0.9908403689992751	0.9897798829752656	0.9833696605112101	0.9833696605112101	0.9888167335839437	0.9826418742930424	0.9800897275223021	0.987548736834202	0.9776476335378824
0.9812042944100443	0.9831750421480923	0.9944483096020585	0.9962056192716432	1.0	0.9788148842282581	0.9954469926263467	0.9893218557456249	0.9801978854887992	0.988921780553827	0.9890414006111649	0.9774833283361608	0.988386841093179	0.9855282027580358	0.9873006914492476	0.9857922837040103	0.9712884724059248	0.9862778915010671	0.9885845163270495	0.9833742619680036	0.9837129898838854	0.9878994511101069	0.9837548331376876	0.9776937795271261	0.9859385126217156	0.9765230949378624
0.9846899547944801	0.9853714103424037	0.9816162261149858	0.9771834119134751	0.9788148842282581	1.0	0.9814222356840643	0.974295473090529	0.9639782973606605	0.9875635790968746	0.9869117299548139	0.9794162653129839	0.9752704710259679	0.9723682049363691	0.983987419883613	0.9697793613028538	0.9819547655815041	0.9724723511421426	0.9872625398214465	0.9838586592492373	0.9850495121713991	0.9866994342868138	0.9828793432308734	0.9833535189773772	0.985445248622881	0.9820365832620794
0.9854376657726691	0.9828741607064889	0.9975258499244374	0.9971554171509432	0.9954469926263467	0.9814222356840643	1.0	0.9947434014329197	0.9927355068189179	0.9899150164198673	0.9875895182815176	0.9782663957691824	0.9932806285974075	0.9901243341346603	0.9878791566183384	0.9917387519889659	0.9767210975059076	0.9899435206323957	0.9891620415213478	0.9833773736883492	0.9839339439492972	0.9880052375645934	0.9865415844100907	0.9834727785342259	0.986891890909966	0.9819458610916867
0.9776168019046704	0.979984567183565	0.994347464737579	0.9958812542371612	0.9893218557456249	0.974295473090529	0.9947434014329197	1.0	0.9942683546104644	0.98578340058374	0.988184105355141	0.9753989786426958	0.9909242881762831	0.9927392388192867	0.988127587618634	0.9928155597366054	0.964193519986484	0.9917151168520829	0.9908411008844413	0.9825963705465683	0.9828962292611485	0.9894035841550304	0.9767076589111405	0.9754406819699557	0.9899700823291009	0.9740354051946123
0.9634161300337483	0.9721973464655888	0.992036008286319	0.9935558435271207	0.9801978854887992	0.9639782973606605	0.9927355068189179	0.9942683546104644	1.0	0.9794461121972154	0.9840795504113934	0.9669567924523206	0.9914655570383297	0.9917044424857752	0.9847330916374232	0.9907383604988695	0.9509530846684302	0.9907383604988695	0.9888210736940652	0.9764807359630838	0.9785347407538864	0.986950705099991	0.9539881310613828	0.9731340222910311	0.988350173055712	0.9683487568437407
0.9909412886901129	0.987485400072246	0.9909554546709033	0.9892360944958849	0.988921780553827	0.9875635790968746	0.9899150164198673	0.98578340058374	0.9794461121972154	1.0	0.9912725516727336	0.9837351044943444	0.9852890580040714	0.9822001303931456	0.9888450599232536	0.982732474380315	0.9849839647979446	0.9833193583037367	0.9914965816409164	0.9872534514196325	0.9878406819839829	0.9904954461396592	0.9889879355541255	0.9886646488297162	0.9894630018631442	0.9873755886676003
0.9905943626012733	0.9875730165468818	0.9887145377275051	0.9882340850460599	0.9890414006111649	0.9869117299548139	0.9875895182815176	0.988184105355141	0.9840795504113934	0.9912725516727336	1.0	0.9900139272534931	0.9900816167138621	0.9871959096835884	0.9926657003878052	0.9899723868778089	0.9898188392743849	0.9904397994342872	0.9944814300198621	0.9927319994673595	0.993242883154531	0.9934890401801165	0.9945778277142059	0.9935675799298849	0.9924335046396746	0.9930445264231241
0.982866848063423	0.981431211878068	0.9781659905932643	0.976640341348622	0.9774833283361608	0.9794162653129839	0.9782663957691824	0.9753989786426958	0.9669567924523206	0.9837351044943444	0.9900139272534931	1.0	0.9766680573802639	0.9740723452551883	0.9849588368363754	0.9742868572172799	0.9853947456310338	0.9809863926590656	0.9942368181454128	0.9880797153054647	0.9857500279445214	0.9923906963558383	0.9879399467926511	0.9865119937679883	0.9895869804434169	0.9875802745234469
0.9767094855116726	0.9817621169631202	0.9925733149757755	0.9939486622512486	0.988386841093179	0.9752704710259679	0.9932806285974075	0.9909242881762831	0.9914655570383297	0.9852890580040714	0.9900816167138621	0.9766680573802639	1.0	0.9922397083746428	0.990136636544999	0.9929364212299063	0.9689346688832793	0.9929793431394464	0.9920327269321056	0.9845808361160384	0.9847431424983555	0.9907628600762322	0.9791803043356134	0.9779682989012393	0.9896102067485189	0.9757856581917095
0.9741532281649722	0.9781753511954318	0.9893718871284852	0.991005196345052	0.9855282027580358	0.9723682049363691	0.9901243341346603	0.9927392388192867	0.9917044424857752	0.9822001303931456	0.9871959096835884	0.9740723452551883	0.9922397083746428	1.0	0.9870873221004429	0.9929364212299063	0.9640419775837681	0.9904942200908023	0.989193818551647	0.9823575396287568	0.982451623231788	0.9880255329287736	0.9773804559062429	0.9770495985414913	0.9886796867975124	0.9735416365135806
0.9874402438554539	0.9856800278902144	0.9889246663292918	0.9877328956190862	0.9873006914492476	0.983987419883613	0.9878791566183384	0.988127587618634	0.9847330916374232	0.9888450599232536	0.9926657003878052	0.9849588368363754	0.990136636544999	0.9870873221004429	1.0	0.9889675279314827	0.985367519515326	0.9883844281056413	0.9938702541232582	0.9890066857764616	0.989207610131131	0.9928276657672302	0.9918108166050115	0.9903730649987872	0.991899197053989	0.9886838543616503
0.9723667533458894	0.9773839391364275	0.9910434994424758	0.9926942552286318	0.9857922837040103	0.9697793613028538	0.9917387519889659	0.9928155597366054	0.9907383604988695	0.982732474380315	0.9899723868778089	0.9742868572172799	0.9929364212299063	0.9929364212299063	0.9889675279314827	1.0	0.96388490310879	0.9940047680064901	0.9926638594930095	0.983383825691196	0.9839036807442814	0.991234569095667	0.9752835193538614	0.9757451638772846	0.9920500053441437	0.975076220975699
0.9830251825062418	0.9843439456829336	0.9765432073500648	0.9715391611781375	0.9712884724059248	0.9819547655815041	0.9767210975059076	0.964193519986484	0.9509530846684302	0.9849839647979446	0.9898188392743849	0.9853947456310338	0.9689346688832793	0.9640419775837681	0.985367519515326	0.96388490310879	1.0	0.9719115930387818	0.9917816874633963	0.9907570791231515	0.987706429389335	0.9911935731232175	0.986936016761681	0.9828417679101258	0.9896518694296002	0.9844237656061121
0.9758919029726779	0.978699003624985	0.989646718087929	0.9908403689992751	0.9862778915010671	0.9724723511421426	0.9899435206323957	0.9917151168520829	0.9907383604988695	0.9833193583037367	0.9904397994342872	0.9809863926590656	0.9929793431394464	0.9904942200908023	0.9883844281056413	0.9940047680064901	0.9719115930387818	1.0	0.9950313891238581	0.9862177040943215	0.9844129243387921	0.9922477321405279	0.9834946326187815	0.9790503023251047	0.9912579873333522	0.979100109208625
0.9908765170300438	0.9885662844458661	0.9902185485562465	0.9897798829752656	0.9885845163270495	0.9872625398214465	0.9891620415213478	0.9908411008844413	0.9888210736940652	0.9914965816409164	0.9944814300198621	0.9942368181454128	0.9920327269321056	0.989193818551647	0.9938702541232582	0.9926638594930095	0.9917816874633963	0.9950313891238581	1.0	0.9948453256665444	0.9931015136463953	0.9958271271835021	0.9957193369119334	0.9939379280391102	0.9948465906712736	0.9944412558141222
0.9877505894443874	0.9848770440347011	0.9843717595801698	0.9833696605112101	0.9833742619680036	0.9838586592492373	0.9833773736883492	0.9825963705465683	0.9764807359630838	0.9872534514196325	0.9927319994673595	0.9880797153054647	0.9845808361160384	0.9823575396287568	0.9890066857764616	0.983383825691196	0.9907570791231515	0.9862177040943215	0.9948453256665444	1.0	0.9890764041495603	0.9937625454687692	0.9934814655602271	0.989862414680374	0.9922134501779899	0.9912456635388497
0.9877980763207643	0.9851957989009852	0.9848730869907856	0.9833696605112101	0.9837129898838854	0.9850495121713991	0.9839339439492972	0.9828962292611485	0.9785347407538864	0.9878406819839829	0.993242883154531	0.9857500279445214	0.9847431424983555	0.982451623231788	0.989207610131131	0.9839036807442814	0.987706429389335	0.9844129243387921	0.9931015136463953	0.9890764041495603	1.0	0.9919849290462325	0.9899559687324374	0.9895670267806802	0.9915052279140735	0.9893190093701021
0.9898893787366538	0.9874699574734594	0.9888827476378783	0.9888167335839437	0.9878994511101069	0.9866994342868138	0.9880052375645934	0.9894035841550304	0.986950705099991	0.9904954461396592	0.9934890401801165	0.9923906963558383	0.9907628600762322	0.9880255329287736	0.9928276657672302	0.991234569095667	0.9911935731232175	0.9922477321405279	0.9958271271835021	0.9937625454687692	0.9919849290462325	1.0	0.9951942313624685	0.9938294312728665	0.9935875184493541	0.9941707598658445
0.9849702961341432	0.9867262416228985	0.986515119963468	0.9826418742930424	0.9837548331376876	0.9828793432308734	0.9865415844100907	0.9767076589111405	0.9539881310613828	0.9889879355541255	0.9945778277142059	0.9879399467926511	0.9791803043356134	0.9773804559062429	0.9918108166050115	0.9752835193538614	0.986936016761681	0.9834946326187815	0.9957193369119334	0.9934814655602271	0.9899559687324374	0.9951942313624685	1.0	0.9844115550608361	0.9936098363312983	0.9859274467001395
0.9828720931752527	0.9857712121395781	0.9833236361685029	0.9800897275223021	0.9776937795271261	0.9833535189773772	0.9834727785342259	0.9754406819699557	0.9731340222910311	0.9886646488297162	0.9935675799298849	0.9865119937679883	0.9779682989012393	0.9770495985414913	0.9903730649987872	0.9757451638772846	0.9828417679101258	0.9790503023251047	0.9939379280391102	0.989862414680374	0.9895670267806802	0.9938294312728665	0.9844115550608361	1.0	0.9922035048728647	0.9859924487852296
0.9885718831991966	0.9860353281303847	0.9880974761942958	0.987548736834202	0.9859385126217156	0.985445248622881	0.986891890909966	0.9899700823291009	0.988350173055712	0.9894630018631442	0.9924335046396746	0.9895869804434169	0.9896102067485189	0.9886796867975124	0.991899197053989	0.9920500053441437	0.9896518694296002	0.9912579873333522	0.9948465906712736	0.9922134501779899	0.9915052279140735	0.9935875184493541	0.9936098363312983	0.9922035048728647	1.0	0.9923455099936267
0.9835992438007709	0.9850632761629118	0.9816110449064356	0.9776476335378824	0.9765230949378624	0.9820365832620794	0.9819458610916867	0.9740354051946123	0.9683487568437407	0.9873755886676003	0.9930445264231241	0.9875802745234469	0.9757856581917095	0.9735416365135806	0.9886838543616503	0.975076220975699	0.9844237656061121	0.979100109208625	0.9944412558141222	0.9912456635388497	0.9893190093701021	0.9941707598658445	0.9859274467001395	0.9859924487852296	0.9923455099936267	1.0
