/home/jshaw/scratch/2022_sketched_distance/references/SGB_genome_fastas_part2/4350/BritoIL_2016__W1.51.ST__bin.59.fa	/home/jshaw/scratch/2022_sketched_distance/references/SGB_genome_fastas_part2/4350/BritoIL_2016__W2.61.ST__bin.113.fa	/home/jshaw/scratch/2022_sketched_distance/references/SGB_genome_fastas_part2/4350/BritoIL_2016__W2.6.ST__bin.33.fa	/home/jshaw/scratch/2022_sketched_distance/references/SGB_genome_fastas_part2/4350/BritoIL_2016__W3.18.ST__bin.41.fa	/home/jshaw/scratch/2022_sketched_distance/references/SGB_genome_fastas_part2/4350/BritoIL_2016__WL.43.ST__bin.16.fa	/home/jshaw/scratch/2022_sketched_distance/references/SGB_genome_fastas_part2/4350/CM_madagascar__A32_01_1FE__bin.33.fa	/home/jshaw/scratch/2022_sketched_distance/references/SGB_genome_fastas_part2/4350/CM_madagascar__A53_01_1FE__bin.21.fa	/home/jshaw/scratch/2022_sketched_distance/references/SGB_genome_fastas_part2/4350/CM_madagascar__A72_01_1FE__bin.2.fa	/home/jshaw/scratch/2022_sketched_distance/references/SGB_genome_fastas_part2/4350/CM_madagascar__A81_01_1FE__bin.49.fa	/home/jshaw/scratch/2022_sketched_distance/references/SGB_genome_fastas_part2/4350/CM_madagascar__A89_02_1FE__bin.31.fa	/home/jshaw/scratch/2022_sketched_distance/references/SGB_genome_fastas_part2/4350/CM_madagascar__A94_02_1FE__bin.50.fa	/home/jshaw/scratch/2022_sketched_distance/references/SGB_genome_fastas_part2/4350/CM_madagascar__V07_01_2FE__bin.26.fa	/home/jshaw/scratch/2022_sketched_distance/references/SGB_genome_fastas_part2/4350/CosteaPI_2017__SID713A028-11-0-0__bin.27.fa	/home/jshaw/scratch/2022_sketched_distance/references/SGB_genome_fastas_part2/4350/CosteaPI_2017__SID713B046-11-0-0__bin.58.fa	/home/jshaw/scratch/2022_sketched_distance/references/SGB_genome_fastas_part2/4350/LeChatelierE_2013__MH0012__bin.43.fa	/home/jshaw/scratch/2022_sketched_distance/references/SGB_genome_fastas_part2/4350/LeChatelierE_2013__MH0126__bin.25.fa	/home/jshaw/scratch/2022_sketched_distance/references/SGB_genome_fastas_part2/4350/LiuW_2016__SRR3992967__bin.11.fa	/home/jshaw/scratch/2022_sketched_distance/references/SGB_genome_fastas_part2/4350/NielsenHB_2014__MH0012__bin.23.fa	/home/jshaw/scratch/2022_sketched_distance/references/SGB_genome_fastas_part2/4350/NielsenHB_2014__MH0126__bin.53.fa	/home/jshaw/scratch/2022_sketched_distance/references/SGB_genome_fastas_part2/4350/Obregon-TitoAJ_2015__SM01__bin.23.fa	/home/jshaw/scratch/2022_sketched_distance/references/SGB_genome_fastas_part2/4350/Obregon-TitoAJ_2015__SM02__bin.18.fa	/home/jshaw/scratch/2022_sketched_distance/references/SGB_genome_fastas_part2/4350/Obregon-TitoAJ_2015__SM18__bin.25.fa	/home/jshaw/scratch/2022_sketched_distance/references/SGB_genome_fastas_part2/4350/Obregon-TitoAJ_2015__SM25__bin.5.fa	/home/jshaw/scratch/2022_sketched_distance/references/SGB_genome_fastas_part2/4350/Obregon-TitoAJ_2015__SM31__bin.9.fa	/home/jshaw/scratch/2022_sketched_distance/references/SGB_genome_fastas_part2/4350/Obregon-TitoAJ_2015__SM32__bin.23.fa	/home/jshaw/scratch/2022_sketched_distance/references/SGB_genome_fastas_part2/4350/Obregon-TitoAJ_2015__SM33__bin.2.fa	/home/jshaw/scratch/2022_sketched_distance/references/SGB_genome_fastas_part2/4350/Obregon-TitoAJ_2015__SM34__bin.32.fa	/home/jshaw/scratch/2022_sketched_distance/references/SGB_genome_fastas_part2/4350/Obregon-TitoAJ_2015__SM39__bin.44.fa	/home/jshaw/scratch/2022_sketched_distance/references/SGB_genome_fastas_part2/4350/Obregon-TitoAJ_2015__SM40__bin.28.fa	/home/jshaw/scratch/2022_sketched_distance/references/SGB_genome_fastas_part2/4350/Obregon-TitoAJ_2015__SM43__bin.46.fa	/home/jshaw/scratch/2022_sketched_distance/references/SGB_genome_fastas_part2/4350/Obregon-TitoAJ_2015__SM44__bin.22.fa	/home/jshaw/scratch/2022_sketched_distance/references/SGB_genome_fastas_part2/4350/RampelliS_2015__H16__bin.32.fa	/home/jshaw/scratch/2022_sketched_distance/references/SGB_genome_fastas_part2/4350/RampelliS_2015__H17__bin.74.fa	/home/jshaw/scratch/2022_sketched_distance/references/SGB_genome_fastas_part2/4350/RampelliS_2015__H2__bin.18.fa	/home/jshaw/scratch/2022_sketched_distance/references/SGB_genome_fastas_part2/4350/RampelliS_2015__H8__bin.8.fa	/home/jshaw/scratch/2022_sketched_distance/references/SGB_genome_fastas_part2/4350/SmitsSA_2017__TZ_12739__bin.4.fa	/home/jshaw/scratch/2022_sketched_distance/references/SGB_genome_fastas_part2/4350/SmitsSA_2017__TZ_65642__bin.12.fa	/home/jshaw/scratch/2022_sketched_distance/references/SGB_genome_fastas_part2/4350/VatanenT_2016__G78741__bin.11.fa	/home/jshaw/scratch/2022_sketched_distance/references/SGB_genome_fastas_part2/4350/VogtmannE_2016__MMRS51307502ST-27-0-0__bin.2.fa	/home/jshaw/scratch/2022_sketched_distance/references/SGB_genome_fastas_part2/4350/VogtmannE_2016__MMRS65742083ST-27-0-0__bin.7.fa	/home/jshaw/scratch/2022_sketched_distance/references/SGB_genome_fastas_part2/4350/XieH_2016__YSZC12003_37331__bin.27.fa	/home/jshaw/scratch/2022_sketched_distance/references/SGB_genome_fastas_part2/4350/ZeeviD_2015__PNP_Main_301__bin.19.fa	/home/jshaw/scratch/2022_sketched_distance/references/SGB_genome_fastas_part2/4350/ZeeviD_2015__PNP_Main_74__bin.26.fa	/home/jshaw/scratch/2022_sketched_distance/references/SGB_genome_fastas_part2/4350/ZellerG_2014__CCIS31434951ST-20-0__bin.24.fa	/home/jshaw/scratch/2022_sketched_distance/references/SGB_genome_fastas_part2/4350/ZellerG_2014__CCIS59132091ST-4-0__bin.40.fa
1.0	0.9828124872935128	0.9801339995276739	0.9752684589089592	0.9841047711911459	0.9769280894394274	0.9687667245660871	0.9742400608061644	0.9597158409945361	0.9766399651336839	0.9800547024860685	0.9773672619367909	0.9683414496973279	0.9681708996822709	0.9782007416771242	0.9677417146902791	0.9738155837354189	0.9738172068281681	0.9667004769575521	0.9648179513526188	0.9630397470390227	0.9654573719107131	0.9633296786007818	0.971211422534373	0.97210736145885	0.9711037447571275	0.9633923005034825	0.9547751489850304	0.9705909786065489	0.9641629268649771	0.9688427312177302	0.9748596910867	0.9674165566508043	0.9638044044137405	0.9631946250270825	0.9684136622668991	0.9644255944499411	0.9633731436759799	0.976598210299445	0.9679254135180374	0.9689155288653206	0.9670239919960312	0.9764593661684129	0.9682818917959185	0.9684294485608765
0.9828124872935128	1.0	0.9870514250798025	0.9881818108553266	0.9913311924002518	0.9759273178127231	0.9664008417657988	0.9727068875657658	0.9580454258878432	0.9751126866772113	0.9775098738511265	0.9761797486241758	0.9668384875686445	0.9671591968415418	0.9781253634828656	0.9665793796645272	0.9724223553316704	0.9722504083770035	0.9656819111315473	0.965355703479871	0.9617546160871754	0.9634563354172055	0.9612627501172035	0.9701028468623425	0.9702041395931668	0.9697364791665284	0.9618645216028081	0.9555213967391641	0.9689316847715806	0.962074099617665	0.9667713939237242	0.9727884762491933	0.9668013027398445	0.9623390983183234	0.9621373047044711	0.9659449125547673	0.9620189147802501	0.961104544682271	0.9738024159857269	0.9671347376806961	0.9681599023579679	0.9667346342794617	0.9754805688029279	0.9671268297519529	0.9673773335296363
0.9801339995276739	0.9870514250798025	1.0	0.9837711583516414	0.9843868041968675	0.9736067440999987	0.9645216034678837	0.9717784933476135	0.955745775716314	0.9734448061094902	0.9752427542947936	0.9740874218131527	0.9643362865537936	0.9641464686518922	0.975918034745058	0.9633829780784801	0.9716693576872628	0.9759752866839531	0.9642788356576779	0.9586981545143044	0.9580783343266449	0.9607269765492616	0.958276749260742	0.9683484042631808	0.9689095106713489	0.9678897253063315	0.9591813611760843	0.9463184192750907	0.9674916096238898	0.9589317644776184	0.9698966663161136	0.976297228373903	0.9651325915800606	0.9631583810911991	0.960285240604631	0.9638252765557109	0.9593691832935349	0.9587138317214646	0.9744558929327894	0.9650215392513439	0.9657382511705601	0.9641259233316379	0.973394849850131	0.965875677429	0.9650901253284011
0.9752684589089592	0.9881818108553266	0.9837711583516414	1.0	0.9819755975373963	0.9683649879797652	0.9578348163860999	0.9674696931529967	0.9549665229899843	0.9686368297117622	0.9699690102245152	0.9690170620011329	0.9586052148229597	0.9586461421462606	0.969971469503913	0.9589216417815685	0.9662021369177382	0.9753492978006104	0.9603369761304594	0.9333385224331163	0.9527769478538859	0.9499182104301525	0.9533262961337574	0.9626870836380546	0.9634140144679576	0.9625337657261955	0.9552043571831406	0.9219499157900792	0.9627280984181549	0.9547177192953097	0.9662721358720208	0.9714784392726711	0.9620449116717907	0.9607084135220179	0.9561373457589148	0.9590541526755225	0.953564333604978	0.9540038329158662	0.9712738426069456	0.9607870276058408	0.9608375935234928	0.9581398309708522	0.9674421187828276	0.9603374128987261	0.9595322217410398
0.9841047711911459	0.9913311924002518	0.9843868041968675	0.9819755975373963	1.0	0.9761854274092183	0.9669207142524614	0.9725531529299778	0.9581157083401062	0.9755044504549997	0.97787972621126	0.9763318013067152	0.9672085949405348	0.9671068550494671	0.9784473250253375	0.9668147461956013	0.9726347850639971	0.972981708386308	0.965772566519199	0.9652693997703332	0.9628360916564745	0.964701531560451	0.9615565105671657	0.9703383654596915	0.9708835791872332	0.9701924558355053	0.9622087953549334	0.9550569018049069	0.9697115867430014	0.9623807180207005	0.9669249603804027	0.9740719580025101	0.9666399892442303	0.962359739234128	0.9626335064850715	0.9664576763113117	0.963629614389467	0.962247209691734	0.9753634967528314	0.9672276851374725	0.9689669655232482	0.966531070296282	0.9752233092157744	0.967568824587575	0.9669937403750553
0.9769280894394274	0.9759273178127231	0.9736067440999987	0.9683649879797652	0.9761854274092183	1.0	0.9676989880617494	0.9931470885510583	0.9589057334106592	0.9965802980987405	0.975800459707665	0.9989581305596801	0.9666598935969846	0.9677011985192376	0.9771494169211261	0.9670284719840158	0.9721365471120192	0.9717116763525108	0.9669268126199104	0.9633663551296228	0.9622963217663474	0.9620190502479389	0.9625376637287347	0.9704682528301504	0.9697584059642318	0.9702321450707848	0.9619329940811108	0.9523723647984584	0.9688741638109954	0.9631689107898754	0.9674820844435534	0.9730537039030106	0.9660831573229154	0.9614961906369801	0.9625044776646693	0.9667369393697194	0.9626412714662843	0.9620110492355406	0.9728308153599703	0.9676398430519948	0.9686213179851707	0.9662996754378265	0.979247915886384	0.9675935608022298	0.9677749456977237
0.9687667245660871	0.9664008417657988	0.9645216034678837	0.9578348163860999	0.9669207142524614	0.9676989880617494	1.0	0.9644825121861748	0.9654700280842654	0.9671772964392956	0.9682172826474252	0.967563558528147	0.9784171643013089	0.9787497073191076	0.9685507217597246	0.9800348838920229	0.9633187425315684	0.9616025887521799	0.9794478624223493	0.9561670016272417	0.9682245690868481	0.9667770140307766	0.9701427369822305	0.9720802484696014	0.9729047935496572	0.9717170126114538	0.9677652065034323	0.9649328469896732	0.9718069189536982	0.9698292035528239	0.9685910209374426	0.9639697485113704	0.9801620732051132	0.9590929461060973	0.9579802313306875	0.9793747171222931	0.9588942320061616	0.9573173876860939	0.964888442879074	0.9793128873770344	0.9797220928554734	0.9786132112049857	0.965908829162944	0.9786992416851161	0.9803543585078469
0.9742400608061644	0.9727068875657658	0.9717784933476135	0.9674696931529967	0.9725531529299778	0.9931470885510583	0.9644825121861748	1.0	0.9585037785040735	0.9941423660685716	0.9719592623116651	0.9932157044464842	0.9644024336524099	0.9648046634376	0.9736571427923748	0.9644307997401874	0.9716248548848774	0.9713322849888943	0.9647929839726911	0.9588735845306692	0.9580902884142704	0.9583519722903413	0.9583736084902731	0.9678131225494085	0.9671225946474681	0.9673158948543303	0.9603706092867796	0.9482629882478264	0.9667711899652358	0.9596720389828907	0.9669627685517705	0.9710732417837079	0.9636467600616132	0.9607961137409105	0.9609122986680677	0.9651602466147542	0.9605217994608068	0.9590576796747695	0.9737301802438182	0.9653226265582658	0.9660316180551045	0.9644861450742603	0.9757873770647545	0.9655729653361776	0.9650931841808146
0.9597158409945361	0.9580454258878432	0.955745775716314	0.9549665229899843	0.9581157083401062	0.9589057334106592	0.9654700280842654	0.9585037785040735	1.0	0.9594151542318718	0.9595431075825184	0.9588006983712775	0.9650073258653791	0.9655671917134423	0.9581968323116694	0.9659922095354162	0.9549873096587591	0.9535743272051246	0.965469939967049	0.9462767834826318	0.9720811084139649	0.9566623021522843	0.9747185401234177	0.9631569787722845	0.9632414575539651	0.9629366970798133	0.9718628706191241	0.9498342288925654	0.9630078131040024	0.9752488495251137	0.9611944359009109	0.9558548529411727	0.9649665327137589	0.9508382489971192	0.9513109999103677	0.9658670479684717	0.95270193090471	0.949683328515881	0.9596930310369018	0.9663752162889369	0.9674304765568698	0.9647326960071957	0.9575135338121982	0.9664714892880671	0.9665882693751161
0.9766399651336839	0.9751126866772113	0.9734448061094902	0.9686368297117622	0.9755044504549997	0.9965802980987405	0.9671772964392956	0.9941423660685716	0.9594151542318718	1.0	0.9759874162438995	0.9967934295483412	0.9661666273686499	0.9670714273550525	0.9764633164371891	0.9664460551149853	0.9732358125415392	0.9723673316134617	0.9665266032332115	0.9621803223417186	0.9620156461439506	0.9624361286323927	0.9618860468494628	0.9707064781177567	0.9702002579666552	0.9705025741108743	0.9625760396035838	0.952363095608498	0.9698088554490573	0.962958161733918	0.9682837217766183	0.9728931095893946	0.9661216337985472	0.9618742467383369	0.9621717938420163	0.9664273006321732	0.9622819668734702	0.961909681850246	0.973702490991093	0.9674597759928614	0.9683012835945952	0.9660834055959555	0.9785444452282627	0.9671395302413175	0.9678085110036214
0.9800547024860685	0.9775098738511265	0.9752427542947936	0.9699690102245152	0.97787972621126	0.975800459707665	0.9682172826474252	0.9719592623116651	0.9595431075825184	0.9759874162438995	1.0	0.9757987409363236	0.9666112920011183	0.967393960234249	0.9756116316589377	0.967392379631699	0.9704458598614273	0.9711953222129125	0.9666191260398551	0.9612159359474908	0.9635778923311905	0.964569061573581	0.9635543656230489	0.9717283422169315	0.9714838358502628	0.9712609136281591	0.9632687708018521	0.9534527284764511	0.9705550186121915	0.9638450022262647	0.9688655601406881	0.9728705123789329	0.967247103327931	0.9634012900825801	0.9623342577413473	0.9679086200914336	0.9623140366385151	0.9624722226264172	0.9761289735654975	0.9683712055825777	0.9680958575571321	0.9666992224774603	0.974620323376633	0.9678340697783798	0.9681535442834258
0.9773672619367909	0.9761797486241758	0.9740874218131527	0.9690170620011329	0.9763318013067152	0.9989581305596801	0.967563558528147	0.9932157044464842	0.9588006983712775	0.9967934295483412	0.9757987409363236	1.0	0.9667053990711072	0.9678987216090411	0.977124660798769	0.9671756705867474	0.9724702164813793	0.9720529975129246	0.9670804999154848	0.9635332279903663	0.9623062153550836	0.9622147990780132	0.9625489370117712	0.9705450362720367	0.9700604445447194	0.970216964380487	0.9621386480897085	0.9526395955589316	0.9690918291966242	0.9636947577775846	0.9676479576018282	0.9735088001298204	0.9662339427197522	0.9618081469106042	0.9622130483080338	0.9670486595014361	0.9626537474799605	0.9623569298857341	0.9730345325392266	0.9678899870710909	0.9684925222136092	0.9663940270548081	0.9794112762272441	0.9675997002951368	0.9679244747015934
0.9683414496973279	0.9668384875686445	0.9643362865537936	0.9586052148229597	0.9672085949405348	0.9666598935969846	0.9784171643013089	0.9644024336524099	0.9650073258653791	0.9661666273686499	0.9666112920011183	0.9667053990711072	1.0	0.9829615246873651	0.967244439075842	0.9827620664425076	0.962759294247953	0.9620719831013603	0.98210082698993	0.9559174923564222	0.9687022971720253	0.9667854224954864	0.9690324823790586	0.9721593335790696	0.9730554761333553	0.9720088986519191	0.9682984282090786	0.9669592197389635	0.9719829660784937	0.9697591885600394	0.96888073648305	0.9633730786197414	0.9774691172588034	0.9570365261027941	0.9565073997862847	0.9769831245166686	0.9585018374048868	0.956265989496255	0.9646203039415527	0.9835629905217667	0.983910729600394	0.9824633079562688	0.9669994877315419	0.983452741157414	0.9825931307139217
0.9681708996822709	0.9671591968415418	0.9641464686518922	0.9586461421462606	0.9671068550494671	0.9677011985192376	0.9787497073191076	0.9648046634376	0.9655671917134423	0.9670714273550525	0.967393960234249	0.9678987216090411	0.9829615246873651	1.0	0.9677177877394018	0.983589151783857	0.9635744885318371	0.9620562370579742	0.9829380817091926	0.9568617436069314	0.9689750962316084	0.9670389201321183	0.9699516199059809	0.973423819811406	0.9733351844948881	0.9732256119458902	0.9690194189517859	0.9689868771208843	0.9720355648757751	0.9704958997637796	0.969674237304289	0.9642782905772406	0.977814316079123	0.9587106797809639	0.9574999407520842	0.9775512138633149	0.958850487549532	0.9577778987653778	0.964167244245317	0.9841967105271264	0.9844945666521281	0.9833269039692591	0.9675237848078877	0.9835219183088646	0.9826721194669042
0.9782007416771242	0.9781253634828656	0.975918034745058	0.969971469503913	0.9784473250253375	0.9771494169211261	0.9685507217597246	0.9736571427923748	0.9581968323116694	0.9764633164371891	0.9756116316589377	0.977124660798769	0.967244439075842	0.9677177877394018	1.0	0.9677648739280951	0.9782024678274202	0.9935168955642112	0.9673482175708744	0.9698259878558474	0.9619943481644806	0.9643099319063808	0.9629722445125275	0.9718472824724838	0.9714383180309408	0.9716099774595688	0.9616646236951315	0.954749266695472	0.9704904725504806	0.962829288107641	0.9689576172562463	0.9793067075097736	0.966516603960625	0.9618608203562306	0.9623834165158467	0.9666991624409289	0.9628082029097214	0.962233903314141	0.9724341065371294	0.967559205480669	0.968497705226359	0.9667599026380832	0.9764374866356329	0.9675607189380755	0.9675074722227623
0.9677417146902791	0.9665793796645272	0.9633829780784801	0.9589216417815685	0.9668147461956013	0.9670284719840158	0.9800348838920229	0.9644307997401874	0.9659922095354162	0.9664460551149853	0.967392379631699	0.9671756705867474	0.9827620664425076	0.983589151783857	0.9677648739280951	1.0	0.9625501016763783	0.9628877278757939	0.998260549091385	0.9539595154282087	0.9692229720241747	0.9674122378933089	0.970045239720403	0.9732748782357985	0.9735991943624501	0.9730350053952763	0.969606822842995	0.9682224260317233	0.9725437663339188	0.9709107608981232	0.9698306495463908	0.9644410211468512	0.9778047555685895	0.9587439578008756	0.9586443467503938	0.9781400713767407	0.9593849752046834	0.9577416807448161	0.9643424373207194	0.9831274298347007	0.9834524470014708	0.9828824616146778	0.967230998432534	0.9824345025087141	0.9829777774105745
0.9738155837354189	0.9724223553316704	0.9716693576872628	0.9662021369177382	0.9726347850639971	0.9721365471120192	0.9633187425315684	0.9716248548848774	0.9549873096587591	0.9732358125415392	0.9704458598614273	0.9724702164813793	0.962759294247953	0.9635744885318371	0.9782024678274202	0.9625501016763783	1.0	0.9745719101610437	0.9621503006067628	0.9635970189909536	0.9572406377835638	0.9605028941925303	0.9564175855507785	0.9669325389970252	0.9664541439206216	0.9669461230105807	0.9590577329713261	0.9513954663998121	0.966183912667456	0.9575898395425978	0.9655124361694161	0.9766715456507332	0.9634367458037844	0.9592307360146578	0.958808962367988	0.9623592746685865	0.9580481577981407	0.9567265162132833	0.9721971487658934	0.9623504024846605	0.9649155184614221	0.9628503008722324	0.9716853489165928	0.9629432186714164	0.9644825121861748
0.9738172068281681	0.9722504083770035	0.9759752866839531	0.9753492978006104	0.972981708386308	0.9717116763525108	0.9616025887521799	0.9713322849888943	0.9535743272051246	0.9723673316134617	0.9711953222129125	0.9720529975129246	0.9620719831013603	0.9620562370579742	0.9935168955642112	0.9628877278757939	0.9745719101610437	1.0	0.9642544149983068	0.9540213698594538	0.9548685946065573	0.9560196894654147	0.9558060495301374	0.9673897174819648	0.9673215700239399	0.967112367688484	0.9565257432488924	0.936021746072955	0.9665377656383294	0.956748029553237	0.9707600796266593	0.9791466305350529	0.9631291204055523	0.9622381481474394	0.9589610551729222	0.9620823640359989	0.9577193420783194	0.957287900848953	0.9720925479895665	0.962825605562979	0.963433539928856	0.96160202620904	0.9706309400875264	0.9623487531711572	0.9619331624333706
0.9667004769575521	0.9656819111315473	0.9642788356576779	0.9603369761304594	0.965772566519199	0.9669268126199104	0.9794478624223493	0.9647929839726911	0.965469939967049	0.9665266032332115	0.9666191260398551	0.9670804999154848	0.98210082698993	0.9829380817091926	0.9673482175708744	0.998260549091385	0.9621503006067628	0.9642544149983068	1.0	0.9515187188985844	0.9684519476360519	0.9659363825595318	0.9691601720486241	0.9727246838839371	0.972978184802297	0.972207840817302	0.968961989312622	0.9660648218641325	0.9719552826786795	0.9700911488659936	0.9708032336455616	0.9654505937715063	0.9774855170067016	0.959815405581196	0.9580005871190594	0.9777604938672636	0.9588361263066549	0.9571562486625244	0.9641827222628495	0.9824940463753272	0.9829960840359829	0.9824664218979599	0.9663592844468699	0.9817020109827798	0.9826056666158055
0.9648179513526188	0.965355703479871	0.9586981545143044	0.9333385224331163	0.9652693997703332	0.9633663551296228	0.9561670016272417	0.9588735845306692	0.9462767834826318	0.9621803223417186	0.9612159359474908	0.9635332279903663	0.9559174923564222	0.9568617436069314	0.9698259878558474	0.9539595154282087	0.9635970189909536	0.9540213698594538	0.9515187188985844	1.0	0.954258728188196	0.961508540957027	0.9507790776181501	0.9576027064485186	0.9577379343183323	0.9572060352499485	0.951409630693813	0.9639500051645228	0.9570349280341836	0.9510950916941093	0.9505354662496948	0.9596631352772816	0.952567545942269	0.9426460714622867	0.9470459580680028	0.9541850539751056	0.9503272827167547	0.9474328267469376	0.9541043451711118	0.9537162104346023	0.9567285881262177	0.9548003932271273	0.9634545040568672	0.9550154202148201	0.9560328719110025
0.9630397470390227	0.9617546160871754	0.9580783343266449	0.9527769478538859	0.9628360916564745	0.9622963217663474	0.9682245690868481	0.9580902884142704	0.9720811084139649	0.9620156461439506	0.9635778923311905	0.9623062153550836	0.9687022971720253	0.9689750962316084	0.9619943481644806	0.9692229720241747	0.9572406377835638	0.9548685946065573	0.9684519476360519	0.954258728188196	1.0	0.9634656773002067	0.9858269968603485	0.9670786449967963	0.9673869973321776	0.966772370576798	0.980728173041537	0.9582295604183273	0.9666246324265351	0.9861587608982971	0.9631310290515357	0.9579400411013121	0.967326108336991	0.9545539049550403	0.9528928756793209	0.9680664681117231	0.9541830001752448	0.954084602706515	0.9580513532303919	0.9688399450918852	0.9699724305331572	0.9678479056647232	0.9613766160832106	0.9689743566738722	0.9694302852116745
0.9654573719107131	0.9634563354172055	0.9607269765492616	0.9499182104301525	0.964701531560451	0.9620190502479389	0.9667770140307766	0.9583519722903413	0.9566623021522843	0.9624361286323927	0.964569061573581	0.9622147990780132	0.9667854224954864	0.9670389201321183	0.9643099319063808	0.9674122378933089	0.9605028941925303	0.9560196894654147	0.9659363825595318	0.961508540957027	0.9634656773002067	1.0	0.9633318087690581	0.977730032308878	0.9921891045438166	0.9775437341992504	0.966199323815566	0.9650449318118675	0.9902474976254968	0.9621061688593822	0.9725257498578193	0.9590411786991819	0.9649470149457489	0.9558553220989611	0.9553962226967335	0.9644681338467807	0.9575734204058151	0.955438884733558	0.9578927436546077	0.9673378392931337	0.9676257499002662	0.9666108473138687	0.963009949508771	0.9669394250112533	0.9674983806121297
0.9633296786007818	0.9612627501172035	0.958276749260742	0.9533262961337574	0.9615565105671657	0.9625376637287347	0.9701427369822305	0.9583736084902731	0.9747185401234177	0.9618860468494628	0.9635543656230489	0.9625489370117712	0.9690324823790586	0.9699516199059809	0.9629722445125275	0.970045239720403	0.9564175855507785	0.9558060495301374	0.9691601720486241	0.9507790776181501	0.9858269968603485	0.9633318087690581	1.0	0.96737874300431	0.9686626852830366	0.9667557610987668	0.9903005284155537	0.9560753964131906	0.9676507748581477	0.9980417584988395	0.9636213605485093	0.9580185176006086	0.96835396654902	0.956112868450657	0.9531992348022292	0.9686802305034516	0.955825649853694	0.9539108752340447	0.9590789256133803	0.9708226401914338	0.9706983659873154	0.9683111924750463	0.9623182088953736	0.9688792575950429	0.9699215849042545
0.971211422534373	0.9701028468623425	0.9683484042631808	0.9626870836380546	0.9703383654596915	0.9704682528301504	0.9720802484696014	0.9678131225494085	0.9631569787722845	0.9707064781177567	0.9717283422169315	0.9705450362720367	0.9721593335790696	0.973423819811406	0.9718472824724838	0.9732748782357985	0.9669325389970252	0.9673897174819648	0.9727246838839371	0.9576027064485186	0.9670786449967963	0.977730032308878	0.96737874300431	1.0	0.9837524270100703	0.998973083876858	0.9686485511014539	0.9594522755903886	0.9826212021098746	0.9683849395913023	0.9962788441133679	0.9680692782937144	0.9717304635864471	0.9622015636143498	0.9613529081869594	0.9719197137616107	0.9632006886437362	0.9624992964580721	0.9676679673826993	0.9732341998846925	0.9737392960104176	0.972610170817472	0.9704719161743275	0.972528967748147	0.9725090532090406
0.97210736145885	0.9702041395931668	0.9689095106713489	0.9634140144679576	0.9708835791872332	0.9697584059642318	0.9729047935496572	0.9671225946474681	0.9632414575539651	0.9702002579666552	0.9714838358502628	0.9700604445447194	0.9730554761333553	0.9733351844948881	0.9714383180309408	0.9735991943624501	0.9664541439206216	0.9673215700239399	0.972978184802297	0.9577379343183323	0.9673869973321776	0.9921891045438166	0.9686626852830366	0.9837524270100703	1.0	0.9835031290420151	0.9728386174863611	0.9603939552363546	0.9971998319659598	0.9692716351344566	0.9807211533052245	0.9682267183806106	0.9724873123525113	0.9631990050995136	0.9614807287219028	0.9718540705423662	0.9625811797320486	0.9621001448912418	0.9666473313395658	0.9736067440999987	0.9739470122857365	0.9728534507221954	0.9697991074798022	0.9733054459165472	0.9731654080047099
0.9711037447571275	0.9697364791665284	0.9678897253063315	0.9625337657261955	0.9701924558355053	0.9702321450707848	0.9717170126114538	0.9673158948543303	0.9629366970798133	0.9705025741108743	0.9712609136281591	0.970216964380487	0.9720088986519191	0.9732256119458902	0.9716099774595688	0.9730350053952763	0.9669461230105807	0.967112367688484	0.972207840817302	0.9572060352499485	0.966772370576798	0.9775437341992504	0.9667557610987668	0.998973083876858	0.9835031290420151	1.0	0.9684265442567058	0.9593129548678209	0.9825266959838619	0.9677897937197807	0.9959598676743247	0.9677006122639722	0.9713849366193636	0.9618847989318585	0.961354287464163	0.9716645036761201	0.9629065684651721	0.9622637457267492	0.96750200415335	0.9727360728871861	0.9734915262486805	0.9724536014281427	0.9701425428044065	0.9724986773896657	0.9723551382810935
0.9633923005034825	0.9618645216028081	0.9591813611760843	0.9552043571831406	0.9622087953549334	0.9619329940811108	0.9677652065034323	0.9603706092867796	0.9718628706191241	0.9625760396035838	0.9632687708018521	0.9621386480897085	0.9682984282090786	0.9690194189517859	0.9616646236951315	0.969606822842995	0.9590577329713261	0.9565257432488924	0.968961989312622	0.951409630693813	0.980728173041537	0.966199323815566	0.9903005284155537	0.9686485511014539	0.9728386174863611	0.9684265442567058	1.0	0.9567223311090037	0.9728455435365628	0.991106789632382	0.965283649026586	0.9594793139621232	0.9679857539916618	0.954989612658752	0.9539362400336651	0.9682607829364099	0.9551400104474824	0.9543631893628286	0.9606718488668706	0.9697399169243598	0.9704314010216616	0.967562600348995	0.9621262826828793	0.9695220880325147	0.9689354763328739
0.9547751489850304	0.9555213967391641	0.9463184192750907	0.9219499157900792	0.9550569018049069	0.9523723647984584	0.9649328469896732	0.9482629882478264	0.9498342288925654	0.952363095608498	0.9534527284764511	0.9526395955589316	0.9669592197389635	0.9689868771208843	0.954749266695472	0.9682224260317233	0.9513954663998121	0.936021746072955	0.9660648218641325	0.9639500051645228	0.9582295604183273	0.9650449318118675	0.9560753964131906	0.9594522755903886	0.9603939552363546	0.9593129548678209	0.9567223311090037	1.0	0.9593314144154943	0.9561302074725895	0.9483789765501642	0.9440561437934545	0.9599217992313805	0.9388424074119586	0.9452712252459885	0.9639971509083575	0.9473105419169957	0.9439883064535992	0.9456437427717951	0.9676006387719523	0.969045883951407	0.9685472251156169	0.9546513599633529	0.9685530479180817	0.9678944010569384
0.9705909786065489	0.9689316847715806	0.9674916096238898	0.9627280984181549	0.9697115867430014	0.9688741638109954	0.9718069189536982	0.9667711899652358	0.9630078131040024	0.9698088554490573	0.9705550186121915	0.9690918291966242	0.9719829660784937	0.9720355648757751	0.9704904725504806	0.9725437663339188	0.966183912667456	0.9665377656383294	0.9719552826786795	0.9570349280341836	0.9666246324265351	0.9902474976254968	0.9676507748581477	0.9826212021098746	0.9971998319659598	0.9825266959838619	0.9728455435365628	0.9593314144154943	1.0	0.9682512981539686	0.9799371563364884	0.9666262844212343	0.971704302813424	0.9619401418996624	0.9617790716126358	0.9712152748826213	0.9611672074933114	0.9609072378311497	0.9661838006758025	0.972576154849982	0.9729304501301902	0.9714944365154509	0.9685537225061235	0.9725047074666899	0.9721279611014678
0.9641629268649771	0.962074099617665	0.9589317644776184	0.9547177192953097	0.9623807180207005	0.9631689107898754	0.9698292035528239	0.9596720389828907	0.9752488495251137	0.962958161733918	0.9638450022262647	0.9636947577775846	0.9697591885600394	0.9704958997637796	0.962829288107641	0.9709107608981232	0.9575898395425978	0.956748029553237	0.9700911488659936	0.9510950916941093	0.9861587608982971	0.9621061688593822	0.9980417584988395	0.9683849395913023	0.9692716351344566	0.9677897937197807	0.991106789632382	0.9561302074725895	0.9682512981539686	1.0	0.9648607850440584	0.9587578115052138	0.9691713244211736	0.9560081262419109	0.9539043930925367	0.9697123329419008	0.9568460517394344	0.9548813756828464	0.9603622838013217	0.9710028937344268	0.9716552423102264	0.9692777814320591	0.9631223862942743	0.9697968164575118	0.9708658715607684
0.9688427312177302	0.9667713939237242	0.9698966663161136	0.9662721358720208	0.9669249603804027	0.9674820844435534	0.9685910209374426	0.9669627685517705	0.9611944359009109	0.9682837217766183	0.9688655601406881	0.9676479576018282	0.96888073648305	0.969674237304289	0.9689576172562463	0.9698306495463908	0.9655124361694161	0.9707600796266593	0.9708032336455616	0.9505354662496948	0.9631310290515357	0.9725257498578193	0.9636213605485093	0.9962788441133679	0.9807211533052245	0.9959598676743247	0.965283649026586	0.9483789765501642	0.9799371563364884	0.9648607850440584	1.0	0.9701031056399136	0.9701545818684036	0.9637238082479967	0.9598081977950464	0.9692336344493834	0.9599785829562918	0.9590234203857914	0.9681260500136478	0.9701141171868856	0.9702668372071835	0.9695593346512822	0.9674418945916327	0.9691778996118876	0.969290373485519
0.9748596910867	0.9727884762491933	0.976297228373903	0.9714784392726711	0.9740719580025101	0.9730537039030106	0.9639697485113704	0.9710732417837079	0.9558548529411727	0.9728931095893946	0.9728705123789329	0.9735088001298204	0.9633730786197414	0.9642782905772406	0.9793067075097736	0.9644410211468512	0.9766715456507332	0.9791466305350529	0.9654505937715063	0.9596631352772816	0.9579400411013121	0.9590411786991819	0.9580185176006086	0.9680692782937144	0.9682267183806106	0.9677006122639722	0.9594793139621232	0.9440561437934545	0.9666262844212343	0.9587578115052138	0.9701031056399136	1.0	0.9649989135605657	0.9654774448205027	0.9626516182472987	0.963121319785231	0.9626070670015369	0.9597682701707242	0.9722229698669534	0.964356264491003	0.9653972688979268	0.9632372117466647	0.9729579882803072	0.9643354397483821	0.9651343689014102
0.9674165566508043	0.9668013027398445	0.9651325915800606	0.9620449116717907	0.9666399892442303	0.9660831573229154	0.9801620732051132	0.9636467600616132	0.9649665327137589	0.9661216337985472	0.967247103327931	0.9662339427197522	0.9774691172588034	0.977814316079123	0.966516603960625	0.9778047555685895	0.9634367458037844	0.9631291204055523	0.9774855170067016	0.952567545942269	0.967326108336991	0.9649470149457489	0.96835396654902	0.9717304635864471	0.9724873123525113	0.9713849366193636	0.9679857539916618	0.9599217992313805	0.971704302813424	0.9691713244211736	0.9701545818684036	0.9649989135605657	1.0	0.9608908725585601	0.9578044193584225	0.9807762933269154	0.9588685440390041	0.9570328392671947	0.9648739390678535	0.9788964850846196	0.978592137116887	0.9778416864295311	0.9652090229854655	0.9782552969203933	0.978264200671408
0.9638044044137405	0.9623390983183234	0.9631583810911991	0.9607084135220179	0.962359739234128	0.9614961906369801	0.9590929461060973	0.9607961137409105	0.9508382489971192	0.9618742467383369	0.9634012900825801	0.9618081469106042	0.9570365261027941	0.9587106797809639	0.9618608203562306	0.9587439578008756	0.9592307360146578	0.9622381481474394	0.959815405581196	0.9426460714622867	0.9545539049550403	0.9558553220989611	0.956112868450657	0.9622015636143498	0.9631990050995136	0.9618847989318585	0.954989612658752	0.9388424074119586	0.9619401418996624	0.9560081262419109	0.9637238082479967	0.9654774448205027	0.9608908725585601	1.0	0.9727337517919193	0.9586995555529575	0.9740861741090655	0.9629581795949814	0.9612327118130785	0.9609452651611867	0.9602598498878364	0.9569264700612969	0.9620421683645994	0.958484473691697	0.9592753842796348
0.9631946250270825	0.9621373047044711	0.960285240604631	0.9561373457589148	0.9626335064850715	0.9625044776646693	0.9579802313306875	0.9609122986680677	0.9513109999103677	0.9621717938420163	0.9623342577413473	0.9622130483080338	0.9565073997862847	0.9574999407520842	0.9623834165158467	0.9586443467503938	0.958808962367988	0.9589610551729222	0.9580005871190594	0.9470459580680028	0.9528928756793209	0.9553962226967335	0.9531992348022292	0.9613529081869594	0.9614807287219028	0.961354287464163	0.9539362400336651	0.9452712252459885	0.9617790716126358	0.9539043930925367	0.9598081977950464	0.9626516182472987	0.9578044193584225	0.9727337517919193	1.0	0.9567839269405976	0.9753699979413327	0.9623361650274137	0.9597351167868193	0.9580652953485098	0.9592044909890519	0.956154432446478	0.9613331494272107	0.9569044122252174	0.9591121620521301
0.9684136622668991	0.9659449125547673	0.9638252765557109	0.9590541526755225	0.9664576763113117	0.9667369393697194	0.9793747171222931	0.9651602466147542	0.9658670479684717	0.9664273006321732	0.9679086200914336	0.9670486595014361	0.9769831245166686	0.9775512138633149	0.9666991624409289	0.9781400713767407	0.9623592746685865	0.9620823640359989	0.9777604938672636	0.9541850539751056	0.9680664681117231	0.9644681338467807	0.9686802305034516	0.9719197137616107	0.9718540705423662	0.9716645036761201	0.9682607829364099	0.9639971509083575	0.9712152748826213	0.9697123329419008	0.9692336344493834	0.963121319785231	0.9807762933269154	0.9586995555529575	0.9567839269405976	1.0	0.9599123129299449	0.9579802313306875	0.9648272585045833	0.9779266576770521	0.97863423348426	0.9773854575376576	0.9668979698593616	0.9778298864663153	0.978667091135299
0.9644255944499411	0.9620189147802501	0.9593691832935349	0.953564333604978	0.963629614389467	0.9626412714662843	0.9588942320061616	0.9605217994608068	0.95270193090471	0.9622819668734702	0.9623140366385151	0.9626537474799605	0.9585018374048868	0.958850487549532	0.9628082029097214	0.9593849752046834	0.9580481577981407	0.9577193420783194	0.9588361263066549	0.9503272827167547	0.9541830001752448	0.9575734204058151	0.955825649853694	0.9632006886437362	0.9625811797320486	0.9629065684651721	0.9551400104474824	0.9473105419169957	0.9611672074933114	0.9568460517394344	0.9599785829562918	0.9626070670015369	0.9588685440390041	0.9740861741090655	0.9753699979413327	0.9599123129299449	1.0	0.9640230705089575	0.9585924866894359	0.9593842134172239	0.9601703593208133	0.9587709808937742	0.9623050077882127	0.959370260812089	0.9602910070728721
0.9633731436759799	0.961104544682271	0.9587138317214646	0.9540038329158662	0.962247209691734	0.9620110492355406	0.9573173876860939	0.9590576796747695	0.949683328515881	0.961909681850246	0.9624722226264172	0.9623569298857341	0.956265989496255	0.9577778987653778	0.962233903314141	0.9577416807448161	0.9567265162132833	0.957287900848953	0.9571562486625244	0.9474328267469376	0.954084602706515	0.955438884733558	0.9539108752340447	0.9624992964580721	0.9621001448912418	0.9622637457267492	0.9543631893628286	0.9439883064535992	0.9609072378311497	0.9548813756828464	0.9590234203857914	0.9597682701707242	0.9570328392671947	0.9629581795949814	0.9623361650274137	0.9579802313306875	0.9640230705089575	1.0	0.9571577209856564	0.9575768393051822	0.9577789360860642	0.9568869844752452	0.960963055811381	0.9577247244204219	0.9582589017629378
0.976598210299445	0.9738024159857269	0.9744558929327894	0.9712738426069456	0.9753634967528314	0.9728308153599703	0.964888442879074	0.9737301802438182	0.9596930310369018	0.973702490991093	0.9761289735654975	0.9730345325392266	0.9646203039415527	0.964167244245317	0.9724341065371294	0.9643424373207194	0.9721971487658934	0.9720925479895665	0.9641827222628495	0.9541043451711118	0.9580513532303919	0.9578927436546077	0.9590789256133803	0.9676679673826993	0.9666473313395658	0.96750200415335	0.9606718488668706	0.9456437427717951	0.9661838006758025	0.9603622838013217	0.9681260500136478	0.9722229698669534	0.9648739390678535	0.9612327118130785	0.9597351167868193	0.9648272585045833	0.9585924866894359	0.9571577209856564	1.0	0.964633572357047	0.9656868809063577	0.9636944796607785	0.9706684316155199	0.9642232394561759	0.9648456282510072
0.9679254135180374	0.9671347376806961	0.9650215392513439	0.9607870276058408	0.9672276851374725	0.9676398430519948	0.9793128873770344	0.9653226265582658	0.9663752162889369	0.9674597759928614	0.9683712055825777	0.9678899870710909	0.9835629905217667	0.9841967105271264	0.967559205480669	0.9831274298347007	0.9623504024846605	0.962825605562979	0.9824940463753272	0.9537162104346023	0.9688399450918852	0.9673378392931337	0.9708226401914338	0.9732341998846925	0.9736067440999987	0.9727360728871861	0.9697399169243598	0.9676006387719523	0.972576154849982	0.9710028937344268	0.9701141171868856	0.964356264491003	0.9788964850846196	0.9609452651611867	0.9580652953485098	0.9779266576770521	0.9593842134172239	0.9575768393051822	0.964633572357047	1.0	0.9838359776423494	0.9835569287284306	0.9678500835402993	0.983731750144365	0.9834328723775175
0.9689155288653206	0.9681599023579679	0.9657382511705601	0.9608375935234928	0.9689669655232482	0.9686213179851707	0.9797220928554734	0.9660316180551045	0.9674304765568698	0.9683012835945952	0.9680958575571321	0.9684925222136092	0.983910729600394	0.9844945666521281	0.968497705226359	0.9834524470014708	0.9649155184614221	0.963433539928856	0.9829960840359829	0.9567285881262177	0.9699724305331572	0.9676257499002662	0.9706983659873154	0.9737392960104176	0.9739470122857365	0.9734915262486805	0.9704314010216616	0.969045883951407	0.9729304501301902	0.9716552423102264	0.9702668372071835	0.9653972688979268	0.978592137116887	0.9602598498878364	0.9592044909890519	0.97863423348426	0.9601703593208133	0.9577789360860642	0.9656868809063577	0.9838359776423494	1.0	0.9841580493230518	0.9692692169982299	0.984846103558731	0.9833934847603303
