/home/jshaw/scratch/2022_sketched_distance/references/SGB_genome_fastas_part4/6503/BritoIL_2016__M2.3.ST__bin.56.fa	/home/jshaw/scratch/2022_sketched_distance/references/SGB_genome_fastas_part4/6503/BritoIL_2016__M2.40.ST__bin.6.fa	/home/jshaw/scratch/2022_sketched_distance/references/SGB_genome_fastas_part4/6503/BritoIL_2016__M2.49.ST__bin.36.fa	/home/jshaw/scratch/2022_sketched_distance/references/SGB_genome_fastas_part4/6503/ChengpingW_2017__AS78raw__bin.68.fa	/home/jshaw/scratch/2022_sketched_distance/references/SGB_genome_fastas_part4/6503/CosteaPI_2017__SID713A084-11-0-0__bin.68.fa	/home/jshaw/scratch/2022_sketched_distance/references/SGB_genome_fastas_part4/6503/HMP_2012__SRS011529__bin.40.fa	/home/jshaw/scratch/2022_sketched_distance/references/SGB_genome_fastas_part4/6503/HMP_2012__SRS049959__bin.74.fa	/home/jshaw/scratch/2022_sketched_distance/references/SGB_genome_fastas_part4/6503/KarlssonFH_2013__S479__bin.12.fa	/home/jshaw/scratch/2022_sketched_distance/references/SGB_genome_fastas_part4/6503/LeChatelierE_2013__MH0144__bin.6.fa	/home/jshaw/scratch/2022_sketched_distance/references/SGB_genome_fastas_part4/6503/LeChatelierE_2013__MH0151__bin.14.fa	/home/jshaw/scratch/2022_sketched_distance/references/SGB_genome_fastas_part4/6503/LeChatelierE_2013__MH0183__bin.57.fa	/home/jshaw/scratch/2022_sketched_distance/references/SGB_genome_fastas_part4/6503/LeChatelierE_2013__MH0313__bin.17.fa	/home/jshaw/scratch/2022_sketched_distance/references/SGB_genome_fastas_part4/6503/LiJ_2014__MH0402__bin.31.fa	/home/jshaw/scratch/2022_sketched_distance/references/SGB_genome_fastas_part4/6503/LiJ_2014__O2.UC29-1__bin.36.fa	/home/jshaw/scratch/2022_sketched_distance/references/SGB_genome_fastas_part4/6503/LiJ_2014__V1.FI04__bin.78.fa	/home/jshaw/scratch/2022_sketched_distance/references/SGB_genome_fastas_part4/6503/NielsenHB_2014__MH0183__bin.20.fa	/home/jshaw/scratch/2022_sketched_distance/references/SGB_genome_fastas_part4/6503/NielsenHB_2014__O2_UC29_0__bin.43.fa	/home/jshaw/scratch/2022_sketched_distance/references/SGB_genome_fastas_part4/6503/NielsenHB_2014__O2_UC58_0__bin.25.fa	/home/jshaw/scratch/2022_sketched_distance/references/SGB_genome_fastas_part4/6503/NielsenHB_2014__V1_UC36_0__bin.54.fa	/home/jshaw/scratch/2022_sketched_distance/references/SGB_genome_fastas_part4/6503/RaymondF_2016__P13E0__bin.27.fa	/home/jshaw/scratch/2022_sketched_distance/references/SGB_genome_fastas_part4/6503/VincentC_2016__MM103.2__bin.7.fa	/home/jshaw/scratch/2022_sketched_distance/references/SGB_genome_fastas_part4/6503/VogtmannE_2016__MMRS93621581ST-27-0-0__bin.70.fa	/home/jshaw/scratch/2022_sketched_distance/references/SGB_genome_fastas_part4/6503/XieH_2016__YSZC12003_36008__bin.29.fa	/home/jshaw/scratch/2022_sketched_distance/references/SGB_genome_fastas_part4/6503/XieH_2016__YSZC12003_37100__bin.114.fa	/home/jshaw/scratch/2022_sketched_distance/references/SGB_genome_fastas_part4/6503/XieH_2016__YSZC12003_37138__bin.23.fa	/home/jshaw/scratch/2022_sketched_distance/references/SGB_genome_fastas_part4/6503/XieH_2016__YSZC12003_37176__bin.33.fa	/home/jshaw/scratch/2022_sketched_distance/references/SGB_genome_fastas_part4/6503/XieH_2016__YSZC12003_37196__bin.27.fa	/home/jshaw/scratch/2022_sketched_distance/references/SGB_genome_fastas_part4/6503/XieH_2016__YSZC12003_37309R1__bin.49.fa	/home/jshaw/scratch/2022_sketched_distance/references/SGB_genome_fastas_part4/6503/XieH_2016__YSZC12003_37797__bin.86.fa	/home/jshaw/scratch/2022_sketched_distance/references/SGB_genome_fastas_part4/6503/YuJ_2015__SZAXPI003409-8__bin.82.fa	/home/jshaw/scratch/2022_sketched_distance/references/SGB_genome_fastas_part4/6503/YuJ_2015__SZAXPI003420-4__bin.6.fa	/home/jshaw/scratch/2022_sketched_distance/references/SGB_genome_fastas_part4/6503/ZeeviD_2015__PNP_Main_122__bin.60.fa	/home/jshaw/scratch/2022_sketched_distance/references/SGB_genome_fastas_part4/6503/ZeeviD_2015__PNP_Main_166__bin.51.fa	/home/jshaw/scratch/2022_sketched_distance/references/SGB_genome_fastas_part4/6503/ZeeviD_2015__PNP_Main_20__bin.22.fa	/home/jshaw/scratch/2022_sketched_distance/references/SGB_genome_fastas_part4/6503/ZeeviD_2015__PNP_Main_317__bin.26.fa	/home/jshaw/scratch/2022_sketched_distance/references/SGB_genome_fastas_part4/6503/ZeeviD_2015__PNP_Main_362__bin.20.fa	/home/jshaw/scratch/2022_sketched_distance/references/SGB_genome_fastas_part4/6503/ZeeviD_2015__PNP_Main_386__bin.18.fa	/home/jshaw/scratch/2022_sketched_distance/references/SGB_genome_fastas_part4/6503/ZeeviD_2015__PNP_Main_38__bin.1.fa	/home/jshaw/scratch/2022_sketched_distance/references/SGB_genome_fastas_part4/6503/ZeeviD_2015__PNP_Main_418__bin.8.fa	/home/jshaw/scratch/2022_sketched_distance/references/SGB_genome_fastas_part4/6503/ZeeviD_2015__PNP_Main_456__bin.1.fa	/home/jshaw/scratch/2022_sketched_distance/references/SGB_genome_fastas_part4/6503/ZeeviD_2015__PNP_Main_499__bin.24.fa	/home/jshaw/scratch/2022_sketched_distance/references/SGB_genome_fastas_part4/6503/ZeeviD_2015__PNP_Main_545__bin.12.fa	/home/jshaw/scratch/2022_sketched_distance/references/SGB_genome_fastas_part4/6503/ZeeviD_2015__PNP_Main_67__bin.56.fa	/home/jshaw/scratch/2022_sketched_distance/references/SGB_genome_fastas_part4/6503/ZeeviD_2015__PNP_Main_722__bin.37.fa	/home/jshaw/scratch/2022_sketched_distance/references/SGB_genome_fastas_part4/6503/ZeeviD_2015__PNP_Main_80__bin.38.fa	/home/jshaw/scratch/2022_sketched_distance/references/SGB_genome_fastas_part4/6503/ZeeviD_2015__PNP_Main_93__bin.48.fa	/home/jshaw/scratch/2022_sketched_distance/references/SGB_genome_fastas_part4/6503/ZellerG_2014__CCIS20795251ST-4-0__bin.56.fa	/home/jshaw/scratch/2022_sketched_distance/references/SGB_genome_fastas_part4/6503/ZellerG_2014__CCIS98832363ST-4-0__bin.77.fa
1.0	0.9793998274686273	0.9894419220028369	0.9716080577885342	0.9679401109806091	0.9811588502685427	0.9800817586316732	0.9737008501346829	0.9779413324030477	0.9811778920287629	0.9801756421337746	0.9626086884815596	0.9812829634162391	0.9794571753697552	0.9795023412825794	0.9804041217896948	0.9751364999775386	0.9789079321165455	0.9634995964185539	0.9813438160186702	0.9772656402881243	0.981602091215438	0.9813824004235848	0.9787941000945789	0.9813125987158163	0.9812715065396513	0.9741379355737125	0.9794621054840893	0.9745822605865071	0.9804061040913754	0.9793136675015176	0.9807213241357181	0.9801383138591317	0.9801710172704798	0.9798619361286591	0.9810260359251773	0.9764907379785657	0.9782426422133862	0.9792155067523592	0.9754638273934064	0.9792651843292046	0.9818787882344145	0.9809987435035146	0.9790963138499877	0.9764426931081308	0.9804740317824246	0.9783020607446268	0.9749053458992445
0.9793998274686273	1.0	0.9803976210108607	0.9752625300449413	0.9680723233027703	0.9785540553678279	0.9810521064211828	0.9731760462996892	0.9780269614109955	0.978156534194795	0.9819832098787055	0.961989990251355	0.9801718754472468	0.9773672619367909	0.9759743614859021	0.981951196567795	0.9769325282152569	0.9761492409752094	0.9651999129691202	0.9786502958552572	0.9772624133514322	0.979318683632048	0.9778885363354327	0.9768793071623065	0.9781857088718681	0.9795896233779348	0.9746216163722887	0.9766547668477563	0.972671836212673	0.9824285885196073	0.9808641705375097	0.9799020573244909	0.9766628495790722	0.9775439924456969	0.978211026291361	0.9784560686194673	0.9746999338451655	0.9767736433000976	0.9759594630526636	0.9732702750703963	0.9769270308429758	0.9793671163610025	0.9792296368464871	0.981606287932688	0.9779984821541984	0.9797264643015364	0.9784675274265661	0.9710392090019243
0.9894419220028369	0.9803976210108607	1.0	0.9716372169423229	0.968365471266208	0.9821098413070289	0.981837198747687	0.9741043327040083	0.979396317224622	0.9809065345808905	0.9815061557792476	0.9635163358303668	0.9814433804125798	0.9802214413656687	0.9795754450282821	0.9817692026272686	0.9780671851532374	0.9798067058851303	0.9651815061201194	0.9813034621265124	0.9774995100545206	0.9818755362937365	0.982039644446041	0.979862285999349	0.9812691927184082	0.982623180976778	0.9762373535488537	0.9790154368028996	0.9763538556943363	0.9808453331665431	0.980627827341185	0.98145798805228	0.979601545748255	0.9793921079495355	0.9805011575405914	0.9819943820435847	0.9781771403503255	0.9786030494527369	0.9801200496069155	0.975937701164027	0.9801148746504238	0.9823030375067694	0.9819531932936388	0.9810112476529851	0.9776987159243667	0.9817284292346016	0.9797794962404982	0.9751280052904101
0.9716080577885342	0.9752625300449413	0.9716372169423229	1.0	0.961107492508286	0.9706384542064501	0.9766283718970186	0.9675155068625764	0.9801685293108567	0.9728737950152151	0.978652744016614	0.9537400410241201	0.9727101781257304	0.9708452614934567	0.9712357900988128	0.9790201777951947	0.96785732052769	0.9699487600191038	0.9579012292909169	0.9717103628736293	0.9687735087956784	0.9732007799367871	0.9709215730479195	0.9701495054444083	0.9730805889171344	0.9728209049733991	0.9665868566476371	0.9699124725840207	0.9667997083745863	0.9783617907707536	0.9757659755521776	0.9715545524111053	0.9697928317704864	0.9713463291463417	0.9718540705423662	0.9715591848173142	0.968650723655774	0.9701187302568673	0.97062191565845	0.9663262080413992	0.9681577878907343	0.9714538266320456	0.9706683007882038	0.9766765077618563	0.9746265075751974	0.9717099424420207	0.9699905738651613	0.9664267555796002
0.9679401109806091	0.9680723233027703	0.968365471266208	0.961107492508286	1.0	0.9697664498867249	0.9694016636915422	0.9643567237859145	0.9636126236526539	0.9689823831059804	0.9683800248720411	0.9750734252508424	0.9702750400650744	0.9686705794852478	0.9686521789931446	0.9679349768319503	0.9676263673522978	0.966154848549583	0.9534671319767337	0.9687555258374017	0.968089439453118	0.9695965941791195	0.9653519082558794	0.9703045289211647	0.9733515780634989	0.970874792910441	0.9697874458966705	0.9720424717587353	0.9631503793947147	0.9692415413497033	0.9680780801895622	0.9709672408921561	0.9665141832627714	0.9703366516774466	0.9718105722254149	0.9702724182738178	0.965081879537869	0.9669391936378446	0.9667237751027642	0.9672240593318171	0.9662033780755513	0.9700283058708209	0.9693679961602054	0.9690166185799362	0.9636709901378253	0.9698618654835793	0.9696776011212539	0.9641238875437391
0.9811588502685427	0.9785540553678279	0.9821098413070289	0.9706384542064501	0.9697664498867249	1.0	0.980264324807113	0.9753831377560533	0.9770201638373588	0.9831412688633347	0.9795969864220085	0.9613117820990587	0.982061511498871	0.9826840708523479	0.9802673976281474	0.9800266973276003	0.9794109788994066	0.9814020762319545	0.9670739986003829	0.9822363737011784	0.9795105771527152	0.9836203793270261	0.9805966706611187	0.9823837010888808	0.9829927730883062	0.9827983861369172	0.9773834774677711	0.9802087906320416	0.9779343319352409	0.9803887046614703	0.9799433209965118	0.9848307790164289	0.98077374402651	0.9817892063552722	0.983109832402882	0.981810515096614	0.9788778253677438	0.9800818049019643	0.9823746917513579	0.9766814031422659	0.9814757918564059	0.9848028352272165	0.9831461131217425	0.9804072124968035	0.9749317877702379	0.9837806536985566	0.9807170038075818	0.9755462788693741
0.9800817586316732	0.9810521064211828	0.981837198747687	0.9766283718970186	0.9694016636915422	0.980264324807113	1.0	0.9739013434038541	0.981114181611268	0.9793438153827949	0.9874032885788031	0.9656211648769951	0.9799125583036947	0.9776933120112892	0.9788601373696907	0.9877873166641673	0.9743138277182586	0.9773663990907674	0.9648041826998228	0.980275271680186	0.9762158551351326	0.9811791431768973	0.9797417312289727	0.9795384664751051	0.9802588758266096	0.9804294640507484	0.9753378912831651	0.9780054963463096	0.9758578935133528	0.9865885929667293	0.9843782291783835	0.9793930600666615	0.9778747040315967	0.9802540006414725	0.9789796904926633	0.980209024227826	0.9784626100807029	0.9774608473444755	0.9780910463418513	0.97517613542729	0.9778340092483592	0.9807940836863908	0.9794110569476844	0.9856314305093308	0.9883848683101544	0.9799473833589906	0.9791199376478952	0.973315486069148
0.9737008501346829	0.9731760462996892	0.9741043327040083	0.9675155068625764	0.9643567237859145	0.9753831377560533	0.9739013434038541	1.0	0.9702174481326232	0.9759262551577012	0.9733726849914255	0.9543977116352473	0.9774003583943661	0.9752658616136349	0.9755692216886053	0.973066925093736	0.9721347481613827	0.9762038513863623	0.962876918507283	0.9780688437395086	0.9749347004431851	0.9776296515789917	0.9736663055353144	0.9749482904105631	0.9768811490262155	0.9765196794997851	0.9724247890665404	0.9764533125488003	0.9699386484193842	0.9732173460584702	0.9723157764832914	0.9760327107708816	0.9746989117098153	0.9758819602178795	0.9767178705879572	0.9760805553408547	0.9739020834875844	0.9770188488148815	0.975826485883284	0.9713886672054894	0.9749715299508531	0.9758123030773047	0.9767347049535368	0.974328039057056	0.9708075158564682	0.9764174557162505	0.9769484369986898	0.9701632381081201
0.9779413324030477	0.9780269614109955	0.979396317224622	0.9801685293108567	0.9636126236526539	0.9770201638373588	0.981114181611268	0.9702174481326232	1.0	0.9778029367962346	0.9828399680714396	0.9571141305361324	0.9776426559826927	0.9755311769191956	0.9748001875167946	0.983204170052278	0.9710883874123755	0.9743564944441786	0.961060090845388	0.97719663145419	0.9741341494417765	0.977834752990752	0.9763613098273354	0.9764183034381066	0.9775198164879513	0.9782631901650427	0.9726548088519615	0.9747465435422726	0.9737176092189654	0.9839799114389373	0.9813190243991581	0.9754686128321293	0.9755774639578737	0.9764265379268791	0.9769973430801749	0.9775035793770055	0.9733665130925321	0.9742442141707087	0.9756903423427576	0.9719255477673105	0.9758547998828664	0.9774381818018455	0.9775768626595754	0.982171154639537	0.9791645228222425	0.9774097601033734	0.9753390562693188	0.97127859196134
0.9811778920287629	0.978156534194795	0.9809065345808905	0.9728737950152151	0.9689823831059804	0.9831412688633347	0.9793438153827949	0.9759262551577012	0.9778029367962346	1.0	0.9791287412034484	0.9602399633714629	0.9829017717923871	0.981307726215163	0.9816530027092488	0.9795256085904771	0.9771768462280792	0.980894751272996	0.9693814912916221	0.9833425169182024	0.9796916744705584	0.9836954982502175	0.980632363103042	0.981659828861929	0.9818594295401197	0.9811887145981123	0.9762404580474909	0.9803207927567563	0.9783608134569127	0.9807416280949878	0.9787346577050988	0.9825880892108579	0.981453322363916	0.9807311176869252	0.9827234765879967	0.9825428738348058	0.9803927983019655	0.9824802724553737	0.9818862989869714	0.9777375434378927	0.9804740771231847	0.9844888798766586	0.9818319115102946	0.9801053763544096	0.9761394798501991	0.9820143216972695	0.9807073687945052	0.9753953497372478
0.9801756421337746	0.9819832098787055	0.9815061557792476	0.978652744016614	0.9683800248720411	0.9795969864220085	0.9874032885788031	0.9733726849914255	0.9828399680714396	0.9791287412034484	1.0	0.9610984806290476	0.9803192723727633	0.976729214662975	0.9775915872525505	0.9988525638056062	0.9726330233476524	0.9776578407648752	0.9624205743840427	0.9792651843292046	0.9764354320628318	0.9801630707692528	0.9790747940542556	0.9789110713633361	0.9805042139433502	0.9798618944440091	0.9755941656564507	0.9781315643004822	0.9747373152342355	0.9877983280579952	0.9850983964308512	0.9789845195386006	0.9777383017793947	0.9785815272156766	0.97904014465223	0.97963185689101	0.9750103977469973	0.9761252352577989	0.977543841848969	0.9750658212718825	0.977861678642619	0.9795927684106317	0.9794152084032568	0.9863217494518461	0.9830286238807381	0.9795818515968076	0.9781403688727904	0.9717920832891895
0.9626086884815596	0.961989990251355	0.9635163358303668	0.9537400410241201	0.9750734252508424	0.9613117820990587	0.9656211648769951	0.9543977116352473	0.9571141305361324	0.9602399633714629	0.9610984806290476	1.0	0.9616928848567149	0.9618026641030011	0.9609051462578725	0.9610893297647691	0.9587425057968835	0.9594249487654036	0.945311343911235	0.9600828822290257	0.9596950103252061	0.9613264004073111	0.9625353740503655	0.9645857888360482	0.9652921160811709	0.9633734011443184	0.9614222682643163	0.9616627117171231	0.9564136279694979	0.9616644630279245	0.962170395032836	0.9600063184518938	0.9591118199075312	0.9653124090396266	0.9619145035476445	0.9633467560525952	0.9623352491680297	0.9596267035896704	0.959906187954249	0.9603939552363546	0.9598232084623891	0.9616194195994665	0.9629659818238028	0.9611326243574358	0.9567552398052349	0.9635528076483731	0.9604064954722799	0.9578719203953671
0.9812829634162391	0.9801718754472468	0.9814433804125798	0.9727101781257304	0.9702750400650744	0.982061511498871	0.9799125583036947	0.9774003583943661	0.9776426559826927	0.9829017717923871	0.9803192723727633	0.9616928848567149	1.0	0.9831331556168725	0.9836230911488552	0.9802451390912125	0.9800694481734223	0.9824408903887648	0.9675506593894471	0.9855139435057857	0.9810681858965546	0.9848639529535254	0.980005168839658	0.9832906622650475	0.9852130603474338	0.9826122520411442	0.9794114460927716	0.9841134507414917	0.9792449763178683	0.9821953537525603	0.9794340291477929	0.9817647148186125	0.9821377053475592	0.9843043540919207	0.9833890415501807	0.9872033354141927	0.980860823321272	0.9807451177656543	0.9833723231749879	0.9782595583219199	0.9823287333210234	0.9833659599832648	0.9844952795984163	0.9802669573394612	0.9768085655225386	0.9846284277615381	0.9831148368689043	0.9784037004297936
0.9794571753697552	0.9773672619367909	0.9802214413656687	0.9708452614934567	0.9686705794852478	0.9826840708523479	0.9776933120112892	0.9752658616136349	0.9755311769191956	0.981307726215163	0.976729214662975	0.9618026641030011	0.9831331556168725	1.0	0.9838708379788444	0.976999922063004	0.9919067239693137	0.9829600680776058	0.9652142630043908	0.9844795026858845	0.9786128559902888	0.9829198544545411	0.9786325670595042	0.9803014413056674	0.9822595524591209	0.9807832122768467	0.9796540428172147	0.9805634986157316	0.9761749049621014	0.9786596976945467	0.9782305827762605	0.9812791690826482	0.9799200276840785	0.9810255237224421	0.9831331207601101	0.9819057022016021	0.9772040559688518	0.9798751550580052	0.9805510863195369	0.9768716221218076	0.9806158215286882	0.9819703152221616	0.9818691476813061	0.9779923076960999	0.9747499670810759	0.9822140606232088	0.9809251918003145	0.975322075917138
0.9795023412825794	0.9759743614859021	0.9795754450282821	0.9712357900988128	0.9686521789931446	0.9802673976281474	0.9788601373696907	0.9755692216886053	0.9748001875167946	0.9816530027092488	0.9775915872525505	0.9609051462578725	0.9836230911488552	0.9838708379788444	1.0	0.9779605755387035	0.9824207312565302	0.9837147679286575	0.9656975000852516	0.992303113502704	0.977469698366135	0.9819174001295166	0.9790324068559529	0.9808514423530575	0.983981495376312	0.9809061661542205	0.9794388235700198	0.9805115903964309	0.9767799269264644	0.9794698739596152	0.9783197108249165	0.9797431966265369	0.9799050878355245	0.9836197420753022	0.9811822899721266	0.9819865907637868	0.976371802147122	0.9795684445666655	0.980767006476799	0.978079691601729	0.9790865329421006	0.9815631520867709	0.9810806046687542	0.9781735372623185	0.9748676445628335	0.9823247489503981	0.9806911773105279	0.9755112013928954
0.9804041217896948	0.981951196567795	0.9817692026272686	0.9790201777951947	0.9679349768319503	0.9800266973276003	0.9877873166641673	0.973066925093736	0.983204170052278	0.9795256085904771	0.9988525638056062	0.9610893297647691	0.9802451390912125	0.976999922063004	0.9779605755387035	1.0	0.9729636661993734	0.9778885363354327	0.9630332336179278	0.9796327558993495	0.9761437560370754	0.9803953445664985	0.9793921079495355	0.9791243726550416	0.9804350971769734	0.9796716052554266	0.9753766037756251	0.9779541066127674	0.975299128885541	0.988195151839403	0.9854465312995988	0.9788234108171707	0.9779860522223739	0.978834675800747	0.9787820288314297	0.9800182732844621	0.9753107297150722	0.9764214694767961	0.9778592336683292	0.9747713208171199	0.9781076228062805	0.9798618944440091	0.9796886027056869	0.9867785542731409	0.9834431943993636	0.9798597393066063	0.9781750906497234	0.9714053646133658
0.9751364999775386	0.9769325282152569	0.9780671851532374	0.96785732052769	0.9676263673522978	0.9794109788994066	0.9743138277182586	0.9721347481613827	0.9710883874123755	0.9771768462280792	0.9726330233476524	0.9587425057968835	0.9800694481734223	0.9919067239693137	0.9824207312565302	0.9729636661993734	1.0	0.9794316148429504	0.964558343971285	0.9812545503747595	0.9749932486794847	0.9792972136056887	0.9744261662988023	0.9769578188370996	0.9791472668472484	0.9779511893888322	0.9787275090646446	0.9769477297483264	0.9736930446083297	0.975746889435839	0.9750465424326518	0.9795947464578384	0.9769124260243622	0.9770718888083005	0.97997521029302	0.9788945502618646	0.9730909246790325	0.9762833402297721	0.978384399687996	0.9726004262194687	0.9775771836647178	0.9788217040269304	0.979378560082892	0.9746424548148227	0.972221112038547	0.9783447957684376	0.9771620878634706	0.9761048664894839
0.9789079321165455	0.9761492409752094	0.9798067058851303	0.9699487600191038	0.966154848549583	0.9814020762319545	0.9773663990907674	0.9762038513863623	0.9743564944441786	0.980894751272996	0.9776578407648752	0.9594249487654036	0.9824408903887648	0.9829600680776058	0.9837147679286575	0.9778885363354327	0.9794316148429504	1.0	0.9663845237986852	0.9855509728603761	0.9787958001693845	0.9817795127113651	0.9803636714112217	0.9790086261103282	0.9821943709082835	0.9804345689795473	0.9765228652432424	0.9803215377288925	0.9762242733992222	0.9793595054231727	0.9771948975606839	0.9801870824188167	0.9796601740660461	0.983084054761353	0.9805709191765178	0.9817475348668658	0.9773407063223257	0.9788683825328943	0.9819943603814983	0.9756271278969254	0.9795028111633877	0.9814591864713349	0.9812513527397863	0.9784922847896551	0.972872506019286	0.9817826778377824	0.9798732065208762	0.97426180062145
0.9634995964185539	0.9651999129691202	0.9651815061201194	0.9579012292909169	0.9534671319767337	0.9670739986003829	0.9648041826998228	0.962876918507283	0.961060090845388	0.9693814912916221	0.9624205743840427	0.945311343911235	0.9675506593894471	0.9652142630043908	0.9656975000852516	0.9630332336179278	0.964558343971285	0.9663845237986852	1.0	0.9664773966033893	0.9646962191949169	0.9689558289836612	0.9632958098185203	0.9673069101294945	0.9684459221594921	0.9668859212841491	0.9585493734042256	0.964750777359266	0.957865989441517	0.9658532848197806	0.9634474345196291	0.9670791216295904	0.9662660892098575	0.967297712577611	0.9664150313965317	0.9693887182683942	0.9637896636282293	0.9683246298851984	0.9677133628205052	0.9644862910432866	0.9661606816541372	0.9668364918181255	0.9690213326627409	0.9651815061201194	0.9608174781939054	0.9685427958913461	0.969717864752605	0.9661101323221639
0.9813438160186702	0.9786502958552572	0.9813034621265124	0.9717103628736293	0.9687555258374017	0.9822363737011784	0.980275271680186	0.9780688437395086	0.97719663145419	0.9833425169182024	0.9792651843292046	0.9600828822290257	0.9855139435057857	0.9844795026858845	0.992303113502704	0.9796327558993495	0.9812545503747595	0.9855509728603761	0.9664773966033893	1.0	0.9792843571557556	0.9835313670963348	0.980504298647059	0.9811637075798391	0.9838684454170931	0.9829048775777788	0.9776202254223983	0.9829318100910182	0.9775117252402122	0.9813497280971853	0.9797108757845336	0.9822291743569947	0.981552628499788	0.9838352655060724	0.98254515782313	0.9842515907141178	0.979677924601154	0.9822023448898015	0.9828358725772607	0.9777217935575981	0.9812760836755537	0.9849529480826333	0.9831548461686226	0.9804655358940608	0.9758222240035398	0.9844909699008099	0.9840438203733646	0.9760596556202409
0.9772656402881243	0.9772624133514322	0.9774995100545206	0.9687735087956784	0.968089439453118	0.9795105771527152	0.9762158551351326	0.9749347004431851	0.9741341494417765	0.9796916744705584	0.9764354320628318	0.9596950103252061	0.9810681858965546	0.9786128559902888	0.977469698366135	0.9761437560370754	0.9749932486794847	0.9787958001693845	0.9646962191949169	0.9792843571557556	1.0	0.9807618547620095	0.980151241686163	0.9771664237327913	0.9795969864220085	0.9791604983919516	0.9745706024057882	0.9795434234477564	0.973492686193687	0.9768410016802477	0.9761096416660835	0.9779678975634447	0.9776728683987503	0.9827707823384937	0.9797489849009619	0.9794915857041084	0.9758997747635061	0.9772572492084627	0.9776483579756043	0.9746672751127754	0.9772603617380331	0.9783429050929457	0.9796872825369529	0.9765949245928248	0.9732343982855546	0.9801555519954996	0.9800441969520143	0.9737098125974141
0.981602091215438	0.979318683632048	0.9818755362937365	0.9732007799367871	0.9695965941791195	0.9836203793270261	0.9811791431768973	0.9776296515789917	0.977834752990752	0.9836954982502175	0.9801630707692528	0.9613264004073111	0.9848639529535254	0.9829198544545411	0.9819174001295166	0.9803953445664985	0.9792972136056887	0.9817795127113651	0.9689558289836612	0.9835313670963348	0.9807618547620095	1.0	0.9804562462169932	0.9825416289687843	0.9851491214478152	0.9830478035910766	0.979032308138727	0.9828021726047801	0.9791961411991165	0.981217766199445	0.980151811226535	0.9826409819390133	0.9810827979392646	0.9834109181519186	0.9836567776983505	0.9847346409903605	0.9795666324216836	0.9814179798597009	0.9833276112275277	0.9785611509060979	0.9810984130000455	0.9831889267640824	0.9833484218026463	0.9810211620363994	0.9766672597850855	0.98488359298611	0.9820459632993015	0.9775996170820509
0.9813824004235848	0.9778885363354327	0.982039644446041	0.9709215730479195	0.9653519082558794	0.9805966706611187	0.9797417312289727	0.9736663055353144	0.9763613098273354	0.980632363103042	0.9790747940542556	0.9625353740503655	0.980005168839658	0.9786325670595042	0.9790324068559529	0.9793921079495355	0.9744261662988023	0.9803636714112217	0.9632958098185203	0.980504298647059	0.980151241686163	0.9804562462169932	1.0	0.9781598120111572	0.9802427211716861	0.9799569698826885	0.9751101670446571	0.9781307784917735	0.9786540502008817	0.9796994368369183	0.9805298304649553	0.978980861204206	0.977793342129725	0.9810614450735547	0.9798776930604479	0.9795216588709719	0.975730818999895	0.9782458510750053	0.9771979908059701	0.9742708821189693	0.9779152809091897	0.980477797813092	0.9804282175954461	0.9796795837836126	0.9756008578499885	0.9793161008439784	0.978962274561165	0.9721226509489116
0.9787941000945789	0.9768793071623065	0.979862285999349	0.9701495054444083	0.9703045289211647	0.9823837010888808	0.9795384664751051	0.9749482904105631	0.9764183034381066	0.981659828861929	0.9789110713633361	0.9645857888360482	0.9832906622650475	0.9803014413056674	0.9808514423530575	0.9791243726550416	0.9769578188370996	0.9790086261103282	0.9673069101294945	0.9811637075798391	0.9771664237327913	0.9825416289687843	0.9781598120111572	1.0	0.9834558953638938	0.9811348019373828	0.9776992707763464	0.9798710184665123	0.9764464859655427	0.9792744981963019	0.9784813767917565	0.980164597980814	0.9788021832924304	0.9807489885183617	0.9818634819801451	0.9821799810166479	0.9780554206636876	0.9803024040525831	0.9808546844172767	0.9773986889987782	0.9793273267638304	0.9807448420817383	0.9807522104327858	0.978233956497504	0.9762371705669297	0.9814261642341714	0.9804650855496485	0.9751241806274659
0.9813125987158163	0.9781857088718681	0.9812691927184082	0.9730805889171344	0.9733515780634989	0.9829927730883062	0.9802588758266096	0.9768811490262155	0.9775198164879513	0.9818594295401197	0.9805042139433502	0.9652921160811709	0.9852130603474338	0.9822595524591209	0.983981495376312	0.9804350971769734	0.9791472668472484	0.9821943709082835	0.9684459221594921	0.9838684454170931	0.9795969864220085	0.9851491214478152	0.9802427211716861	0.9834558953638938	1.0	0.9830175392273052	0.9814908448394789	0.9836130421181953	0.9784426648277104	0.9812660978578432	0.9801372942032515	0.9823691655013607	0.9815770487521798	0.9852811969002832	0.9845535361506237	0.984081228369413	0.981217766199445	0.9813118512131151	0.9846500733477465	0.9795766845852099	0.9816824589209812	0.9826529345593429	0.9842442385492586	0.9806603856607709	0.9771114576723722	0.9834509362330621	0.9821026696381923	0.9798818789011827
0.9812715065396513	0.9795896233779348	0.982623180976778	0.9728209049733991	0.970874792910441	0.9827983861369172	0.9804294640507484	0.9765196794997851	0.9782631901650427	0.9811887145981123	0.9798618944440091	0.9633734011443184	0.9826122520411442	0.9807832122768467	0.9809061661542205	0.9796716052554266	0.9779511893888322	0.9804345689795473	0.9668859212841491	0.9829048775777788	0.9791604983919516	0.9830478035910766	0.9799569698826885	0.9811348019373828	0.9830175392273052	1.0	0.9770868974577419	0.9808867374010884	0.9798995549204897	0.9803495038533061	0.9793914794338506	0.982461018084438	0.9808884398044307	0.9809469839423905	0.982365605589149	0.9820749932113872	0.9788825610500776	0.9801478053836548	0.9810672457560428	0.9770844026335729	0.9799569698826885	0.9824166321456778	0.9825602953733752	0.9797499605142161	0.9774754673829114	0.9824951004731262	0.9819531932936388	0.976747922338954
0.9741379355737125	0.9746216163722887	0.9762373535488537	0.9665868566476371	0.9697874458966705	0.9773834774677711	0.9753378912831651	0.9724247890665404	0.9726548088519615	0.9762404580474909	0.9755941656564507	0.9614222682643163	0.9794114460927716	0.9796540428172147	0.9794388235700198	0.9753766037756251	0.9787275090646446	0.9765228652432424	0.9585493734042256	0.9776202254223983	0.9745706024057882	0.979032308138727	0.9751101670446571	0.9776992707763464	0.9814908448394789	0.9770868974577419	1.0	0.9773681671202018	0.9775277121343567	0.9755046328773299	0.9757287717022042	0.9766987499460079	0.9764084093824936	0.9794742210275006	0.981402699044643	0.9798347044303388	0.9754070040342215	0.9758588904881701	0.9778733158063068	0.9744625604637709	0.9797834873196408	0.9763197927812225	0.9816207003503734	0.9750658212718825	0.9721156192392596	0.9790031364026771	0.9775430210810014	0.9781093332441138
0.9794621054840893	0.9766547668477563	0.9790154368028996	0.9699124725840207	0.9720424717587353	0.9802087906320416	0.9780054963463096	0.9764533125488003	0.9747465435422726	0.9803207927567563	0.9781315643004822	0.9616627117171231	0.9841134507414917	0.9805634986157316	0.9805115903964309	0.9779541066127674	0.9769477297483264	0.9803215377288925	0.964750777359266	0.9829318100910182	0.9795434234477564	0.9828021726047801	0.9781307784917735	0.9798710184665123	0.9836130421181953	0.9808867374010884	0.9773681671202018	1.0	0.975429230339831	0.9779283245684596	0.9784835614782733	0.9797302814388531	0.9799265112094927	0.9811721917481887	0.9825932700487265	0.9826520055423342	0.9789860577559053	0.9797785601105568	0.9800555286061617	0.9763105252983769	0.9794745674534091	0.9808939375462897	0.9817896500091391	0.9787122849216803	0.9744849835229094	0.9805411479081143	0.9814661770340497	0.9765240990082934
0.9745822605865071	0.972671836212673	0.9763538556943363	0.9667997083745863	0.9631503793947147	0.9779343319352409	0.9758578935133528	0.9699386484193842	0.9737176092189654	0.9783608134569127	0.9747373152342355	0.9564136279694979	0.9792449763178683	0.9761749049621014	0.9767799269264644	0.975299128885541	0.9736930446083297	0.9762242733992222	0.957865989441517	0.9775117252402122	0.973492686193687	0.9791961411991165	0.9786540502008817	0.9764464859655427	0.9784426648277104	0.9798995549204897	0.9775277121343567	0.975429230339831	1.0	0.9763126458584561	0.9767627410090307	0.9767127560085601	0.9754181827051023	0.9768885046392098	0.9781662477137028	0.9779354209826948	0.9769628226284298	0.9767139411981384	0.976095760864464	0.9720934804300816	0.975803228335662	0.9775423616469373	0.977329266640616	0.9757057382807964	0.974024200429352	0.9765577060375027	0.9770299475121155	0.9726879247515393
0.9804061040913754	0.9824285885196073	0.9808453331665431	0.9783617907707536	0.9692415413497033	0.9803887046614703	0.9865885929667293	0.9732173460584702	0.9839799114389373	0.9807416280949878	0.9877983280579952	0.9616644630279245	0.9821953537525603	0.9786596976945467	0.9794698739596152	0.988195151839403	0.975746889435839	0.9793595054231727	0.9658532848197806	0.9813497280971853	0.9768410016802477	0.981217766199445	0.9796994368369183	0.9792744981963019	0.9812660978578432	0.9803495038533061	0.9755046328773299	0.9779283245684596	0.9763126458584561	1.0	0.9878761116240862	0.9797659049501265	0.9783510026432263	0.980223178716491	0.9807495129150525	0.9803880957130398	0.9764813656423158	0.9784966578850078	0.9792245696299534	0.975901402317342	0.9787389256145654	0.9805729007803985	0.9805759220308611	0.9877414577125464	0.9825169001252843	0.9813682121143524	0.9796185909432586	0.9732349737036474
0.9793136675015176	0.9808641705375097	0.980627827341185	0.9757659755521776	0.9680780801895622	0.9799433209965118	0.9843782291783835	0.9723157764832914	0.9813190243991581	0.9787346577050988	0.9850983964308512	0.962170395032836	0.9794340291477929	0.9782305827762605	0.9783197108249165	0.9854465312995988	0.9750465424326518	0.9771948975606839	0.9634474345196291	0.9797108757845336	0.9761096416660835	0.980151811226535	0.9805298304649553	0.9784813767917565	0.9801372942032515	0.9793914794338506	0.9757287717022042	0.9784835614782733	0.9767627410090307	0.9878761116240862	1.0	0.9781414077705947	0.9775752476536276	0.9780590285553177	0.9795805276962131	0.9788871259328336	0.9748588944207693	0.9770898498768675	0.976554325896485	0.9746511598143298	0.9782867479380645	0.9796844406928511	0.9801223877174585	0.98455284705407	0.9803298523833675	0.9796249804240039	0.9778046069614583	0.9722856959738353
0.9807213241357181	0.9799020573244909	0.98145798805228	0.9715545524111053	0.9709672408921561	0.9848307790164289	0.9793930600666615	0.9760327107708816	0.9754686128321293	0.9825880892108579	0.9789845195386006	0.9600063184518938	0.9817647148186125	0.9812791690826482	0.9797431966265369	0.9788234108171707	0.9795947464578384	0.9801870824188167	0.9670791216295904	0.9822291743569947	0.9779678975634447	0.9826409819390133	0.978980861204206	0.980164597980814	0.9823691655013607	0.982461018084438	0.9766987499460079	0.9797302814388531	0.9767127560085601	0.9797659049501265	0.9781414077705947	1.0	0.9797627393868066	0.9794577193942547	0.9826081775179348	0.9814128563190134	0.9786887743782645	0.9807235424302551	0.9803694671309302	0.9765853015647165	0.9808911585788486	0.9916392830990487	0.9828099535402443	0.978962180846298	0.9743668396222664	0.983121757876924	0.9806652168339732	0.9759147651053712
0.9801383138591317	0.9766628495790722	0.979601545748255	0.9697928317704864	0.9665141832627714	0.98077374402651	0.9778747040315967	0.9746989117098153	0.9755774639578737	0.981453322363916	0.9777383017793947	0.9591118199075312	0.9821377053475592	0.9799200276840785	0.9799050878355245	0.9779860522223739	0.9769124260243622	0.9796601740660461	0.9662660892098575	0.981552628499788	0.9776728683987503	0.9810827979392646	0.977793342129725	0.9788021832924304	0.9815770487521798	0.9808884398044307	0.9764084093824936	0.9799265112094927	0.9754181827051023	0.9783510026432263	0.9775752476536276	0.9797627393868066	1.0	0.9803589509755946	0.9814416691726363	0.9825685972570425	0.9774492494324994	0.9802541391843649	0.9801107838311182	0.9769485786959745	0.9823611762299498	0.9813332479453885	0.9842869612119878	0.978081828286297	0.9745435129388479	0.9812788459276662	0.9801005528426359	0.9782249470171958
0.9801710172704798	0.9775439924456969	0.9793921079495355	0.9713463291463417	0.9703366516774466	0.9817892063552722	0.9802540006414725	0.9758819602178795	0.9764265379268791	0.9807311176869252	0.9785815272156766	0.9653124090396266	0.9843043540919207	0.9810255237224421	0.9836197420753022	0.978834675800747	0.9770718888083005	0.983084054761353	0.967297712577611	0.9838352655060724	0.9827707823384937	0.9834109181519186	0.9810614450735547	0.9807489885183617	0.9852811969002832	0.9809469839423905	0.9794742210275006	0.9811721917481887	0.9768885046392098	0.980223178716491	0.9780590285553177	0.9794577193942547	0.9803589509755946	1.0	0.98166377006067	0.9839498971440208	0.9782604556496919	0.980390559810761	0.9822711525530918	0.9782045186924659	0.981347026704041	0.982024812932394	0.9839327774099499	0.977646016629253	0.9763772013700708	0.9832491795109793	0.9811984182428899	0.9798914733701508
0.9798619361286591	0.978211026291361	0.9805011575405914	0.9718540705423662	0.9718105722254149	0.983109832402882	0.9789796904926633	0.9767178705879572	0.9769973430801749	0.9827234765879967	0.97904014465223	0.9619145035476445	0.9833890415501807	0.9831331207601101	0.9811822899721266	0.9787820288314297	0.97997521029302	0.9805709191765178	0.9664150313965317	0.98254515782313	0.9797489849009619	0.9836567776983505	0.9798776930604479	0.9818634819801451	0.9845535361506237	0.982365605589149	0.981402699044643	0.9825932700487265	0.9781662477137028	0.9807495129150525	0.9795805276962131	0.9826081775179348	0.9814416691726363	0.98166377006067	1.0	0.9828434576505948	0.9812399707209747	0.9810301362472089	0.9814383646107228	0.9776154576876165	0.9806024149005756	0.9823855634982639	0.9826593896244828	0.9792739064866313	0.9758035266694706	0.983987710844324	0.9815049908655397	0.9779190591087816
0.9810260359251773	0.9784560686194673	0.9819943820435847	0.9715591848173142	0.9702724182738178	0.981810515096614	0.980209024227826	0.9760805553408547	0.9775035793770055	0.9825428738348058	0.97963185689101	0.9633467560525952	0.9872033354141927	0.9819057022016021	0.9819865907637868	0.9800182732844621	0.9788945502618646	0.9817475348668658	0.9693887182683942	0.9842515907141178	0.9794915857041084	0.9847346409903605	0.9795216588709719	0.9821799810166479	0.984081228369413	0.9820749932113872	0.9798347044303388	0.9826520055423342	0.9779354209826948	0.9803880957130398	0.9788871259328336	0.9814128563190134	0.9825685972570425	0.9839498971440208	0.9828434576505948	1.0	0.9802754361991856	0.9810005962098551	0.9829726854908484	0.9799553928912195	0.9861209863236801	0.9840900656811301	0.9879053234837137	0.9794601940721661	0.9761243690145623	0.9838019885770771	0.9832590649848403	0.983038460232806
0.9764907379785657	0.9746999338451655	0.9781771403503255	0.968650723655774	0.965081879537869	0.9788778253677438	0.9784626100807029	0.9739020834875844	0.9733665130925321	0.9803927983019655	0.9750103977469973	0.9623352491680297	0.980860823321272	0.9772040559688518	0.976371802147122	0.9753107297150722	0.9730909246790325	0.9773407063223257	0.9637896636282293	0.979677924601154	0.9758997747635061	0.9795666324216836	0.975730818999895	0.9780554206636876	0.981217766199445	0.9788825610500776	0.9754070040342215	0.9789860577559053	0.9769628226284298	0.9764813656423158	0.9748588944207693	0.9786887743782645	0.9774492494324994	0.9782604556496919	0.9812399707209747	0.9802754361991856	1.0	0.9776984435709325	0.9788535982793065	0.9740877023645688	0.9772109126033424	0.9804947402293627	0.9794385916964071	0.976358389794047	0.9717870738210068	0.9787029796237631	0.9784514288356781	0.9735692511971936
0.9782426422133862	0.9767736433000976	0.9786030494527369	0.9701187302568673	0.9669391936378446	0.9800818049019643	0.9774608473444755	0.9770188488148815	0.9742442141707087	0.9824802724553737	0.9761252352577989	0.9596267035896704	0.9807451177656543	0.9798751550580052	0.9795684445666655	0.9764214694767961	0.9762833402297721	0.9788683825328943	0.9683246298851984	0.9822023448898015	0.9772572492084627	0.9814179798597009	0.9782458510750053	0.9803024040525831	0.9813118512131151	0.9801478053836548	0.9758588904881701	0.9797785601105568	0.9767139411981384	0.9784966578850078	0.9770898498768675	0.9807235424302551	0.9802541391843649	0.980390559810761	0.9810301362472089	0.9810005962098551	0.9776984435709325	1.0	0.9795509774105964	0.976259911241727	0.9792535717825877	0.9804899046219334	0.9809713383933423	0.9782677936121121	0.9754534235555622	0.981205986520853	0.9810629996822137	0.9753267425593829
