/home/jshaw/scratch/2022_sketched_distance/references/SGB_genome_fastas_part4/6513/BackhedF_2015__SID511_M__bin.69.fa	/home/jshaw/scratch/2022_sketched_distance/references/SGB_genome_fastas_part4/6513/BackhedF_2015__SID599_M__bin.7.fa	/home/jshaw/scratch/2022_sketched_distance/references/SGB_genome_fastas_part4/6513/Bengtsson-PalmeJ_2015__TRAVELRES55__bin.113.fa	/home/jshaw/scratch/2022_sketched_distance/references/SGB_genome_fastas_part4/6513/Bengtsson-PalmeJ_2015__TRAVELRES56__bin.6.fa	/home/jshaw/scratch/2022_sketched_distance/references/SGB_genome_fastas_part4/6513/BritoIL_2016__M1.59.ST__bin.86.fa	/home/jshaw/scratch/2022_sketched_distance/references/SGB_genome_fastas_part4/6513/BritoIL_2016__W2.68.ST__bin.39.fa	/home/jshaw/scratch/2022_sketched_distance/references/SGB_genome_fastas_part4/6513/CosteaPI_2017__SID713B051-11-0-0__bin.81.fa	/home/jshaw/scratch/2022_sketched_distance/references/SGB_genome_fastas_part4/6513/HeQ_2017__SZAXPI029560-51__bin.8.fa	/home/jshaw/scratch/2022_sketched_distance/references/SGB_genome_fastas_part4/6513/HMP_2012__SRS011134__bin.55.fa	/home/jshaw/scratch/2022_sketched_distance/references/SGB_genome_fastas_part4/6513/IjazUZ_2017__S130_a_WGS__bin.9.fa	/home/jshaw/scratch/2022_sketched_distance/references/SGB_genome_fastas_part4/6513/KarlssonFH_2013__S598__bin.41.fa	/home/jshaw/scratch/2022_sketched_distance/references/SGB_genome_fastas_part4/6513/LeChatelierE_2013__MH0099__bin.44.fa	/home/jshaw/scratch/2022_sketched_distance/references/SGB_genome_fastas_part4/6513/LeChatelierE_2013__MH0451__bin.82.fa	/home/jshaw/scratch/2022_sketched_distance/references/SGB_genome_fastas_part4/6513/LeChatelierE_2013__MH0457__bin.109.fa	/home/jshaw/scratch/2022_sketched_distance/references/SGB_genome_fastas_part4/6513/LiJ_2014__MH0355__bin.86.fa	/home/jshaw/scratch/2022_sketched_distance/references/SGB_genome_fastas_part4/6513/LiuW_2016__SRR3993041__bin.110.fa	/home/jshaw/scratch/2022_sketched_distance/references/SGB_genome_fastas_part4/6513/NielsenHB_2014__MH0099__bin.19.fa	/home/jshaw/scratch/2022_sketched_distance/references/SGB_genome_fastas_part4/6513/NielsenHB_2014__MH0117__bin.28.fa	/home/jshaw/scratch/2022_sketched_distance/references/SGB_genome_fastas_part4/6513/NielsenHB_2014__V1_UC10_2__bin.56.fa	/home/jshaw/scratch/2022_sketched_distance/references/SGB_genome_fastas_part4/6513/NielsenHB_2014__V1_UC37_0__bin.35.fa	/home/jshaw/scratch/2022_sketched_distance/references/SGB_genome_fastas_part4/6513/VogtmannE_2016__MMRS29805707ST-27-0-0__bin.51.fa	/home/jshaw/scratch/2022_sketched_distance/references/SGB_genome_fastas_part4/6513/VogtmannE_2016__MMRS94549160ST-27-0-0__bin.9.fa	/home/jshaw/scratch/2022_sketched_distance/references/SGB_genome_fastas_part4/6513/XieH_2016__YSZC12003_35550__bin.11.fa	/home/jshaw/scratch/2022_sketched_distance/references/SGB_genome_fastas_part4/6513/XieH_2016__YSZC12003_36118__bin.30.fa	/home/jshaw/scratch/2022_sketched_distance/references/SGB_genome_fastas_part4/6513/XieH_2016__YSZC12003_36526__bin.48.fa	/home/jshaw/scratch/2022_sketched_distance/references/SGB_genome_fastas_part4/6513/ZeeviD_2015__PNP_Main_183__bin.3.fa	/home/jshaw/scratch/2022_sketched_distance/references/SGB_genome_fastas_part4/6513/ZeeviD_2015__PNP_Main_223__bin.127.fa	/home/jshaw/scratch/2022_sketched_distance/references/SGB_genome_fastas_part4/6513/ZeeviD_2015__PNP_Main_326__bin.18.fa	/home/jshaw/scratch/2022_sketched_distance/references/SGB_genome_fastas_part4/6513/ZeeviD_2015__PNP_Main_616__bin.33.fa	/home/jshaw/scratch/2022_sketched_distance/references/SGB_genome_fastas_part4/6513/ZeeviD_2015__PNP_Main_688__bin.22.fa	/home/jshaw/scratch/2022_sketched_distance/references/SGB_genome_fastas_part4/6513/ZellerG_2014__CCIS15794887ST-4-0__bin.48.fa	/home/jshaw/scratch/2022_sketched_distance/references/SGB_genome_fastas_part4/6513/ZellerG_2014__CCIS20795251ST-4-0__bin.48.fa
1.0	0.9836249039139519	0.969722517284254	0.9703677314223587	0.9660146461529697	0.970287780177534	0.970049717073527	0.9674445732199534	0.9718504384885214	0.9737100471290245	0.9844644470550348	0.9932748063711613	0.9842043905399499	0.9835184336183481	0.9935118847384372	0.9820357365542448	0.9930360181510981	0.9855848350263993	0.9839948508423042	0.9972323310729116	0.9856848183534512	0.9699662729643509	0.9887998906866455	0.9814836289708037	0.9791923246665152	0.9823791007081498	0.9839422560977564	0.9834650685252787	0.9988131573354245	0.9668267723611838	0.9802791047411132	0.9740616106969647
0.9836249039139519	1.0	0.9686977891447552	0.9688392329385207	0.9702454573480683	0.9681488972058873	0.9738147999257497	0.9715138687987144	0.9694095500259771	0.994744165512354	0.979107392259856	0.9845871904402188	0.9852153517857289	0.9948133808832668	0.9822529654301105	0.9816000825744569	0.984728546890252	0.9859899474532591	0.9955956252272943	0.9829835734392841	0.985203713608297	0.9729880347693198	0.9847097948209447	0.9934776393276692	0.9813803233418704	0.99358155600601	0.994637252479962	0.992624985155574	0.9820660537998956	0.9709061276275147	0.9826718622544572	0.9710592184651727
0.969722517284254	0.9686977891447552	1.0	0.9996647034731222	0.9729127854166651	0.979647241087555	0.9735658472477552	0.9741878533152187	0.977152523327474	0.9646635818092268	0.9673369480320172	0.9688205472559696	0.9693868267219267	0.9700697680410132	0.9674756445032794	0.9712627210657186	0.9686493119783124	0.96806423253821	0.969837649163095	0.9698298944815101	0.9713255317822098	0.9721017494536863	0.9698484063955911	0.9682721295976261	0.9675291097306862	0.9682279947603777	0.9686977891447552	0.9689632055722148	0.9676137470257928	0.9826133527234966	0.9686026107291804	0.9708872481671562
0.9703677314223587	0.9688392329385207	0.9996647034731222	1.0	0.9731315166934195	0.9805637198515754	0.9743070499851609	0.9746014393466964	0.9782841675031367	0.9653863633809031	0.965867568032686	0.9697208715473087	0.9701924558355053	0.9702763424206621	0.9679309690757627	0.9718597045116829	0.9697812004653734	0.9688738191360956	0.9697708743065142	0.9698298944815101	0.9714743942123675	0.9727246838839371	0.9698484063955911	0.9687754751640385	0.9682097163587937	0.9686898563205066	0.9690292202585047	0.9690195451561355	0.968048051983108	0.9828312279379214	0.9686871753530099	0.9710314889836349
0.9660146461529697	0.9702454573480683	0.9729127854166651	0.9731315166934195	1.0	0.9719475181182639	0.974143794415693	0.9828577940102771	0.9718720621764293	0.96159798486254	0.9681958920085796	0.9698458121428742	0.9699261373328975	0.9699261373328975	0.9707186029485294	0.9674290468277815	0.969684560508131	0.9657343692228171	0.9704039427332709	0.9686997779652662	0.9660977387289492	0.9760716906019106	0.9649983765714842	0.969113758276497	0.962769757444144	0.9699261373328975	0.9698458121428742	0.9703247971122645	0.9701659224698855	0.9715265351881867	0.9635726196672636	0.9774142846667847
0.970287780177534	0.9681488972058873	0.979647241087555	0.9805637198515754	0.9719475181182639	1.0	0.9724644155860849	0.9731302330836569	0.9765715718346726	0.9641371785744598	0.9669414901525748	0.9694465110769896	0.9677841838146231	0.9690879065250638	0.9691103919913933	0.972329494417421	0.9696418638558687	0.9673863952940247	0.9681956825031802	0.9693236714354848	0.9719169195009143	0.9702529362634087	0.9677682579947289	0.9671663441094814	0.966745855664996	0.9680091727852584	0.9688385881794717	0.9683573560778306	0.9684265442567058	0.9795805769656508	0.9690232365848381	0.9701097658774549
0.970049717073527	0.9738147999257497	0.9735658472477552	0.9743070499851609	0.974143794415693	0.9724644155860849	1.0	0.9747116345244742	0.9735658472477552	0.9597426940814876	0.9728073190017523	0.9736490438309027	0.9744694890008968	0.9738973616349383	0.9747116345244742	0.9686276607252992	0.9738147999257497	0.9707841500694411	0.974550404887843	0.9726363206322963	0.9716793553802595	0.9747739706850225	0.9659483853060254	0.9725504820543506	0.970874792910441	0.974143794415693	0.974951988718651	0.974388371042916	0.974550404887843	0.9702348946138072	0.9681371287799068	0.9866354911722267
0.9674445732199534	0.9715138687987144	0.9741878533152187	0.9746014393466964	0.9828577940102771	0.9731302330836569	0.9747116345244742	1.0	0.9730584841596501	0.9620542673305518	0.9702071582862175	0.9710586770441947	0.9702071582862175	0.9706743989100093	0.9716641884226254	0.9674290468277815	0.9705969926187213	0.9679326786360984	0.9716641884226254	0.9702855019283656	0.9677639165346641	0.9745247727980527	0.9686410766529372	0.9690086334907954	0.963309267295642	0.9712870728828661	0.9712111198371941	0.9718138136199653	0.971589115823347	0.9731738225370716	0.9661400539094931	0.9787741417376055
0.9718504384885214	0.9694095500259771	0.977152523327474	0.9782841675031367	0.9718720621764293	0.9765715718346726	0.9735658472477552	0.9730584841596501	1.0	0.9657922067901016	0.967134507735783	0.9704635736263433	0.9709785023244373	0.9710896960365526	0.9688227626321276	0.9741434120147681	0.970874792910441	0.9690911375028073	0.9709522213566402	0.970819166529034	0.9713255317822098	0.9723701886138953	0.9698484063955911	0.970308213510419	0.96895862529345	0.9695428023992066	0.9707624793525351	0.9685585066403959	0.9689787444491716	0.9768946650088928	0.9701726648636351	0.9704271254176886
0.9737100471290245	0.994744165512354	0.9646635818092268	0.9653863633809031	0.96159798486254	0.9641371785744598	0.9597426940814876	0.9620542673305518	0.9657922067901016	1.0	0.9753264554931792	0.9786770865337059	0.9800696443014193	0.9890428717740947	0.9781993743645068	0.9682330488876009	0.9781305549075129	0.9795461258281456	0.9898237597047288	0.976288244767877	0.9767227368509903	0.9599102884352028	0.9726831715751416	0.9875268896014691	0.9722574531991416	0.9895817123394871	0.9905394283364689	0.9893867874792325	0.978404965543737	0.9600685285106961	0.9715059945976285	0.9681254215387085
0.9844644470550348	0.979107392259856	0.9673369480320172	0.965867568032686	0.9681958920085796	0.9669414901525748	0.9728073190017523	0.9702071582862175	0.967134507735783	0.9753264554931792	1.0	0.9823952688872887	0.980980698707565	0.9805962872481566	0.9796630594195993	0.9829742459797056	0.9826893527874346	0.9850304860274677	0.9797106286219085	0.9829835734392841	0.9839112695860631	0.9712828227719366	0.9844837356044626	0.9787655989903782	0.9814923915555382	0.9797378092224877	0.9806539206227729	0.9785290213524697	0.982022207643524	0.9690531741971278	0.9822293844901017	0.9691118538749599
0.9932748063711613	0.9845871904402188	0.9688205472559696	0.9697208715473087	0.9698458121428742	0.9694465110769896	0.9736490438309027	0.9710586770441947	0.9704635736263433	0.9786770865337059	0.9823952688872887	1.0	0.9835318959252578	0.982911067656892	0.9985855816798752	0.9833921121818157	0.9996100774177088	0.9848529866049892	0.9833526641240523	0.9928773593387176	0.9869132292655184	0.9732492644931914	0.9953908599853859	0.9835844386598386	0.9838655562874064	0.9833526641240523	0.9845871904402188	0.9838432130604917	0.9939409914737358	0.9713725443040535	0.9823405656991373	0.9740608909899048
0.9842043905399499	0.9852153517857289	0.9693868267219267	0.9701924558355053	0.9699261373328975	0.9677841838146231	0.9744694890008968	0.9702071582862175	0.9709785023244373	0.9800696443014193	0.980980698707565	0.9835318959252578	1.0	0.9838745101166725	0.9830102128880818	0.9839683182416125	0.9838829690472796	0.9849418562700424	0.9837181122394326	0.9836004189716749	0.9857834886183509	0.9729880347693198	0.9841034746975357	0.9826198858459959	0.9844329381470055	0.9841529115690038	0.9849213182486788	0.9868070442687438	0.9838491583551606	0.9714496312839509	0.9835392826455686	0.9738856678920695
0.9835184336183481	0.9948133808832668	0.9700697680410132	0.9702763424206621	0.9699261373328975	0.9690879065250638	0.9738973616349383	0.9706743989100093	0.9710896960365526	0.9890428717740947	0.9805962872481566	0.982911067656892	0.9838745101166725	1.0	0.9821575188654768	0.9819490684447679	0.9825835213078136	0.9851188771904735	0.9958986538628174	0.983126956321544	0.985398111158009	0.9721017494536863	0.9830936543846949	0.9908544143322452	0.9804119116085203	0.9933540212456927	0.9944217043636534	0.9915062195025949	0.984009862434688	0.9708277338742627	0.982561802014948	0.9725297640334342
0.9935118847384372	0.9822529654301105	0.9674756445032794	0.9679309690757627	0.9707186029485294	0.9691103919913933	0.9747116345244742	0.9716641884226254	0.9688227626321276	0.9781993743645068	0.9796630594195993	0.9985855816798752	0.9830102128880818	0.9821575188654768	1.0	0.9836402985507439	0.9984411816506441	0.9843598553657669	0.9817616487823339	0.993230160172475	0.9869594698784868	0.9734222562678394	0.9954993436435832	0.9829445683699308	0.9832881852887314	0.9811725175052723	0.9818758735829329	0.9816443243726399	0.9918138238934744	0.9713725443040535	0.9826718622544572	0.9710577817057796
0.9820357365542448	0.9816000825744569	0.9712627210657186	0.9718597045116829	0.9674290468277815	0.972329494417421	0.9686276607252992	0.9674290468277815	0.9741434120147681	0.9682330488876009	0.9829742459797056	0.9833921121818157	0.9839683182416125	0.9819490684447679	0.9836402985507439	1.0	0.9833921121818157	0.9829742459797056	0.9817750407024457	0.9822083874270697	0.9817750407024457	0.9699092630847143	0.9691464181925376	0.979236092463544	0.9798895621267784	0.9820357365542448	0.9825509817575528	0.9822083874270697	0.9848538182772518	0.9678335524339079	0.9837226115925496	0.9738109367617119
0.9930360181510981	0.984728546890252	0.9686493119783124	0.9697812004653734	0.969684560508131	0.9696418638558687	0.9738147999257497	0.9705969926187213	0.970874792910441	0.9781305549075129	0.9826893527874346	0.9996100774177088	0.9838829690472796	0.9825835213078136	0.9984411816506441	0.9833921121818157	1.0	0.9844500684910708	0.9836113515902167	0.9923410042475695	0.9866810461385047	0.9731624214589769	0.9950632643011141	0.9834290151260622	0.9836043746830055	0.9836113515902167	0.9847724531103117	0.9841970388597405	0.9938428426443536	0.9709061276275147	0.9820619015409157	0.9743147370794478
0.9855848350263993	0.9859899474532591	0.96806423253821	0.9688738191360956	0.9657343692228171	0.9673863952940247	0.9707841500694411	0.9679326786360984	0.9690911375028073	0.9795461258281456	0.9850304860274677	0.9848529866049892	0.9849418562700424	0.9851188771904735	0.9843598553657669	0.9829742459797056	0.9844500684910708	1.0	0.9854700817865581	0.9856502977313657	0.9891492062760496	0.9686938182486964	0.9849343077916358	0.9814818465227538	0.9830756850219229	0.9838591996164043	0.9873373594399679	0.9834438100636576	0.987909933991128	0.9675250643878949	0.9846440215690618	0.9709839229924043
0.9839948508423042	0.9955956252272943	0.969837649163095	0.9697708743065142	0.9704039427332709	0.9681956825031802	0.974550404887843	0.9716641884226254	0.9709522213566402	0.9898237597047288	0.9797106286219085	0.9833526641240523	0.9837181122394326	0.9958986538628174	0.9817616487823339	0.9817750407024457	0.9836113515902167	0.9854700817865581	1.0	0.9839278209664888	0.9853010562111032	0.9725479207994704	0.9832510504253907	0.9920738595268511	0.9816040771959808	0.9940723569866643	0.9955956252272943	0.9919710827296901	0.9836043746830055	0.9714496312839509	0.9831084424180916	0.9724015678446478
0.9972323310729116	0.9829835734392841	0.9698298944815101	0.9698298944815101	0.9686997779652662	0.9693236714354848	0.9726363206322963	0.9702855019283656	0.970819166529034	0.976288244767877	0.9829835734392841	0.9928773593387176	0.9836004189716749	0.983126956321544	0.993230160172475	0.9822083874270697	0.9923410042475695	0.9856502977313657	0.9839278209664888	1.0	0.9875547582892782	0.971374843948649	0.9907940868456097	0.9803929756268173	0.9818263113145732	0.981614166602378	0.9838346106095915	0.9824524012646209	0.9993350828585789	0.9697909413111212	0.9831084424180916	0.9729729039183332
0.9856848183534512	0.985203713608297	0.9713255317822098	0.9714743942123675	0.9660977387289492	0.9719169195009143	0.9716793553802595	0.9677639165346641	0.9713255317822098	0.9767227368509903	0.9839112695860631	0.9869132292655184	0.9857834886183509	0.985398111158009	0.9869594698784868	0.9817750407024457	0.9866810461385047	0.9891492062760496	0.9853010562111032	0.9875547582892782	1.0	0.9696770453010738	0.9850831346436627	0.9823005946778465	0.9822663032849245	0.9838097097070092	0.9868669235646278	0.9843143934128111	0.9896214034546793	0.9682131712068841	0.9834321023244127	0.972569576944883
0.9699662729643509	0.9729880347693198	0.9721017494536863	0.9727246838839371	0.9760716906019106	0.9702529362634087	0.9747739706850225	0.9745247727980527	0.9723701886138953	0.9599102884352028	0.9712828227719366	0.9732492644931914	0.9729880347693198	0.9721017494536863	0.9734222562678394	0.9699092630847143	0.9731624214589769	0.9686938182486964	0.9725479207994704	0.971374843948649	0.9696770453010738	1.0	0.9672586938363328	0.9719215465762925	0.9684935293762563	0.9728127053590124	0.9717403357531903	0.9733358756777674	0.9733358756777674	0.9700621100387958	0.965878973771614	0.9809373947845332
0.9887998906866455	0.9847097948209447	0.9698484063955911	0.9698484063955911	0.9649983765714842	0.9677682579947289	0.9659483853060254	0.9686410766529372	0.9698484063955911	0.9726831715751416	0.9844837356044626	0.9953908599853859	0.9841034746975357	0.9830936543846949	0.9954993436435832	0.9691464181925376	0.9950632643011141	0.9849343077916358	0.9832510504253907	0.9907940868456097	0.9850831346436627	0.9672586938363328	1.0	0.9808067791667613	0.9772344693736911	0.9832510504253907	0.9850088055420753	0.9842561083335835	0.9930266462860563	0.9675144823077094	0.982536736661551	0.9728995887568712
0.9814836289708037	0.9934776393276692	0.9682721295976261	0.9687754751640385	0.969113758276497	0.9671663441094814	0.9725504820543506	0.9690086334907954	0.970308213510419	0.9875268896014691	0.9787655989903782	0.9835844386598386	0.9826198858459959	0.9908544143322452	0.9829445683699308	0.979236092463544	0.9834290151260622	0.9814818465227538	0.9920738595268511	0.9803929756268173	0.9823005946778465	0.9719215465762925	0.9808067791667613	1.0	0.9778885363354327	0.991151761087743	0.9919336616191122	0.9907173404017279	0.9812393830926633	0.9696284424639754	0.9791363238145614	0.9723516916447311
0.9791923246665152	0.9813803233418704	0.9675291097306862	0.9682097163587937	0.962769757444144	0.966745855664996	0.970874792910441	0.963309267295642	0.96895862529345	0.9722574531991416	0.9814923915555382	0.9838655562874064	0.9844329381470055	0.9804119116085203	0.9832881852887314	0.9798895621267784	0.9836043746830055	0.9830756850219229	0.9816040771959808	0.9818263113145732	0.9822663032849245	0.9684935293762563	0.9772344693736911	0.9778885363354327	1.0	0.9796515030386804	0.9829154006019453	0.9802960714706771	0.9851411562020373	0.9637475309805608	0.9771813360115342	0.9719422941627524
0.9823791007081498	0.99358155600601	0.9682279947603777	0.9686898563205066	0.9699261373328975	0.9680091727852584	0.974143794415693	0.9712870728828661	0.9695428023992066	0.9895817123394871	0.9797378092224877	0.9833526641240523	0.9841529115690038	0.9933540212456927	0.9811725175052723	0.9820357365542448	0.9836113515902167	0.9838591996164043	0.9940723569866643	0.981614166602378	0.9838097097070092	0.9728127053590124	0.9832510504253907	0.991151761087743	0.9796515030386804	1.0	0.9929357733895964	0.9916306860741778	0.9810363945823519	0.9706703743192701	0.9817808448362874	0.970436863005482
0.9839422560977564	0.994637252479962	0.9686977891447552	0.9690292202585047	0.9698458121428742	0.9688385881794717	0.974951988718651	0.9712111198371941	0.9707624793525351	0.9905394283364689	0.9806539206227729	0.9845871904402188	0.9849213182486788	0.9944217043636534	0.9818758735829329	0.9825509817575528	0.9847724531103117	0.9873373594399679	0.9955956252272943	0.9838346106095915	0.9868669235646278	0.9717403357531903	0.9850088055420753	0.9919336616191122	0.9829154006019453	0.9929357733895964	1.0	0.9912424495780028	0.9827524869433728	0.9719083392188924	0.9831626081856486	0.9708249238913672
0.9834650685252787	0.992624985155574	0.9689632055722148	0.9690195451561355	0.9703247971122645	0.9683573560778306	0.974388371042916	0.9718138136199653	0.9685585066403959	0.9893867874792325	0.9785290213524697	0.9838432130604917	0.9868070442687438	0.9915062195025949	0.9816443243726399	0.9822083874270697	0.9841970388597405	0.9834438100636576	0.9919710827296901	0.9824524012646209	0.9843143934128111	0.9733358756777674	0.9842561083335835	0.9907173404017279	0.9802960714706771	0.9916306860741778	0.9912424495780028	1.0	0.9814467968423555	0.9705914066257877	0.9826168783629855	0.9711698340261202
0.9988131573354245	0.9820660537998956	0.9676137470257928	0.968048051983108	0.9701659224698855	0.9684265442567058	0.974550404887843	0.971589115823347	0.9689787444491716	0.978404965543737	0.982022207643524	0.9939409914737358	0.9838491583551606	0.984009862434688	0.9918138238934744	0.9848538182772518	0.9938428426443536	0.987909933991128	0.9836043746830055	0.9993350828585789	0.9896214034546793	0.9733358756777674	0.9930266462860563	0.9812393830926633	0.9851411562020373	0.9810363945823519	0.9827524869433728	0.9814467968423555	1.0	0.9708277338742627	0.985004154381622	0.971980396915572
0.9668267723611838	0.9709061276275147	0.9826133527234966	0.9828312279379214	0.9715265351881867	0.9795805769656508	0.9702348946138072	0.9731738225370716	0.9768946650088928	0.9600685285106961	0.9690531741971278	0.9713725443040535	0.9714496312839509	0.9708277338742627	0.9713725443040535	0.9678335524339079	0.9709061276275147	0.9675250643878949	0.9714496312839509	0.9697909413111212	0.9682131712068841	0.9700621100387958	0.9675144823077094	0.9696284424639754	0.9637475309805608	0.9706703743192701	0.9719083392188924	0.9705914066257877	0.9708277338742627	1.0	0.9664130794065151	0.9743917854901649
0.9802791047411132	0.9826718622544572	0.9686026107291804	0.9686871753530099	0.9635726196672636	0.9690232365848381	0.9681371287799068	0.9661400539094931	0.9701726648636351	0.9715059945976285	0.9822293844901017	0.9823405656991373	0.9835392826455686	0.982561802014948	0.9826718622544572	0.9837226115925496	0.9820619015409157	0.9846440215690618	0.9831084424180916	0.9831084424180916	0.9834321023244127	0.965878973771614	0.982536736661551	0.9791363238145614	0.9771813360115342	0.9817808448362874	0.9831626081856486	0.9826168783629855	0.985004154381622	0.9664130794065151	1.0	0.9710479698697353
0.9740616106969647	0.9710592184651727	0.9708872481671562	0.9710314889836349	0.9774142846667847	0.9701097658774549	0.9866354911722267	0.9787741417376055	0.9704271254176886	0.9681254215387085	0.9691118538749599	0.9740608909899048	0.9738856678920695	0.9725297640334342	0.9710577817057796	0.9738109367617119	0.9743147370794478	0.9709839229924043	0.9724015678446478	0.9729729039183332	0.972569576944883	0.9809373947845332	0.9728995887568712	0.9723516916447311	0.9719422941627524	0.970436863005482	0.9708249238913672	0.9711698340261202	0.971980396915572	0.9743917854901649	0.9710479698697353	1.0
