/home/jshaw/scratch/2022_sketched_distance/references/SGB_genome_fastas_part4/9467/BritoIL_2016__W1.18.SA__bin.7.fa	/home/jshaw/scratch/2022_sketched_distance/references/SGB_genome_fastas_part4/9467/BritoIL_2016__W2.43.SA__bin.7.fa	/home/jshaw/scratch/2022_sketched_distance/references/SGB_genome_fastas_part4/9467/BritoIL_2016__W2.45.SA__bin.3.fa	/home/jshaw/scratch/2022_sketched_distance/references/SGB_genome_fastas_part4/9467/BritoIL_2016__W3.20.SA__bin.4.fa	/home/jshaw/scratch/2022_sketched_distance/references/SGB_genome_fastas_part4/9467/CM_periimplantitis__SP_201SPT_T016__bin.1.fa	/home/jshaw/scratch/2022_sketched_distance/references/SGB_genome_fastas_part4/9467/CM_periimplantitis__SP_288SPT_T016__bin.1.fa	/home/jshaw/scratch/2022_sketched_distance/references/SGB_genome_fastas_part4/9467/CM_periimplantitis__SP_344SPT_T016__bin.16.fa	/home/jshaw/scratch/2022_sketched_distance/references/SGB_genome_fastas_part4/9467/HMP_2012__SRS013836__bin.41.fa	/home/jshaw/scratch/2022_sketched_distance/references/SGB_genome_fastas_part4/9467/HMP_2012__SRS013945__bin.4.fa	/home/jshaw/scratch/2022_sketched_distance/references/SGB_genome_fastas_part4/9467/HMP_2012__SRS015060__bin.20.fa	/home/jshaw/scratch/2022_sketched_distance/references/SGB_genome_fastas_part4/9467/HMP_2012__SRS015063__bin.12.fa	/home/jshaw/scratch/2022_sketched_distance/references/SGB_genome_fastas_part4/9467/HMP_2012__SRS015378__bin.10.fa	/home/jshaw/scratch/2022_sketched_distance/references/SGB_genome_fastas_part4/9467/HMP_2012__SRS015755__bin.4.fa	/home/jshaw/scratch/2022_sketched_distance/references/SGB_genome_fastas_part4/9467/HMP_2012__SRS015899__bin.13.fa	/home/jshaw/scratch/2022_sketched_distance/references/SGB_genome_fastas_part4/9467/HMP_2012__SRS015921__bin.3.fa	/home/jshaw/scratch/2022_sketched_distance/references/SGB_genome_fastas_part4/9467/HMP_2012__SRS016746__bin.20.fa	/home/jshaw/scratch/2022_sketched_distance/references/SGB_genome_fastas_part4/9467/HMP_2012__SRS017227__bin.25.fa	/home/jshaw/scratch/2022_sketched_distance/references/SGB_genome_fastas_part4/9467/HMP_2012__SRS017304__bin.21.fa	/home/jshaw/scratch/2022_sketched_distance/references/SGB_genome_fastas_part4/9467/HMP_2012__SRS017814__bin.20.fa	/home/jshaw/scratch/2022_sketched_distance/references/SGB_genome_fastas_part4/9467/HMP_2012__SRS018337__bin.9.fa	/home/jshaw/scratch/2022_sketched_distance/references/SGB_genome_fastas_part4/9467/HMP_2012__SRS019073__bin.17.fa	/home/jshaw/scratch/2022_sketched_distance/references/SGB_genome_fastas_part4/9467/HMP_2012__SRS019225__bin.19.fa	/home/jshaw/scratch/2022_sketched_distance/references/SGB_genome_fastas_part4/9467/HMP_2012__SRS019333__bin.20.fa	/home/jshaw/scratch/2022_sketched_distance/references/SGB_genome_fastas_part4/9467/HMP_2012__SRS020222__bin.2.fa	/home/jshaw/scratch/2022_sketched_distance/references/SGB_genome_fastas_part4/9467/HMP_2012__SRS020226__bin.6.fa	/home/jshaw/scratch/2022_sketched_distance/references/SGB_genome_fastas_part4/9467/HMP_2012__SRS021477__bin.38.fa	/home/jshaw/scratch/2022_sketched_distance/references/SGB_genome_fastas_part4/9467/HMP_2012__SRS022536__bin.57.fa	/home/jshaw/scratch/2022_sketched_distance/references/SGB_genome_fastas_part4/9467/HMP_2012__SRS022602__bin.49.fa	/home/jshaw/scratch/2022_sketched_distance/references/SGB_genome_fastas_part4/9467/HMP_2012__SRS023595__bin.37.fa	/home/jshaw/scratch/2022_sketched_distance/references/SGB_genome_fastas_part4/9467/HMP_2012__SRS023938__bin.2.fa	/home/jshaw/scratch/2022_sketched_distance/references/SGB_genome_fastas_part4/9467/HMP_2012__SRS024355__bin.63.fa	/home/jshaw/scratch/2022_sketched_distance/references/SGB_genome_fastas_part4/9467/HMP_2012__SRS024381__bin.8.fa	/home/jshaw/scratch/2022_sketched_distance/references/SGB_genome_fastas_part4/9467/HMP_2012__SRS024561__bin.12.fa	/home/jshaw/scratch/2022_sketched_distance/references/SGB_genome_fastas_part4/9467/HMP_2012__SRS042984__bin.28.fa	/home/jshaw/scratch/2022_sketched_distance/references/SGB_genome_fastas_part4/9467/HMP_2012__SRS043755__bin.6.fa	/home/jshaw/scratch/2022_sketched_distance/references/SGB_genome_fastas_part4/9467/HMP_2012__SRS045049__bin.7.fa	/home/jshaw/scratch/2022_sketched_distance/references/SGB_genome_fastas_part4/9467/HMP_2012__SRS050628__bin.29.fa	/home/jshaw/scratch/2022_sketched_distance/references/SGB_genome_fastas_part4/9467/HMP_2012__SRS051930__bin.22.fa	/home/jshaw/scratch/2022_sketched_distance/references/SGB_genome_fastas_part4/9467/HMP_2012__SRS051941__bin.9.fa	/home/jshaw/scratch/2022_sketched_distance/references/SGB_genome_fastas_part4/9467/HMP_2012__SRS053584__bin.16.fa	/home/jshaw/scratch/2022_sketched_distance/references/SGB_genome_fastas_part4/9467/HMP_2012__SRS057022__bin.11.fa	/home/jshaw/scratch/2022_sketched_distance/references/SGB_genome_fastas_part4/9467/HMP_2012__SRS058808__bin.54.fa	/home/jshaw/scratch/2022_sketched_distance/references/SGB_genome_fastas_part4/9467/HMP_2012__SRS063603__bin.9.fa	/home/jshaw/scratch/2022_sketched_distance/references/SGB_genome_fastas_part4/9467/HMP_2012__SRS064493__bin.7.fa	/home/jshaw/scratch/2022_sketched_distance/references/SGB_genome_fastas_part4/9467/HMP_2012__SRS064809__bin.7.fa	/home/jshaw/scratch/2022_sketched_distance/references/SGB_genome_fastas_part4/9467/HMP_2012__SRS075406__bin.3.fa
1.0	0.9707709472126227	0.972423767431472	0.9660098497839442	0.9643778340076232	0.9704182753680853	0.9718768784790047	0.9651425151840229	0.9720190699263542	0.9706140892745777	0.971452644498838	0.9697094074337563	0.9657315371887364	0.9698266640347328	0.9682802285624401	0.9694189464885967	0.9653197911037881	0.9697161730999988	0.9612169157799371	0.9631084202435094	0.9674002915371779	0.9586682330987071	0.9609788733786775	0.9704394718189352	0.9720176246817741	0.9684584247506534	0.9705310683016876	0.9584597204751286	0.963719364854576	0.9701498750068097	0.9597218939442422	0.9637082146300182	0.9605738196165301	0.9694051524010168	0.970211496259117	0.9717774147715103	0.9573316814285266	0.9705507893414543	0.9611758285349395	0.9705834362237872	0.9681964404266411	0.9600950237022376	0.9606606835868384	0.9701749209951867	0.9706697932786594	0.9695004255397854
0.9707709472126227	1.0	0.9707598691555559	0.9643903994589669	0.9641074055951204	0.9699561160290879	0.9707184257151749	0.9631356641822538	0.9704443861451391	0.9691841856031888	0.9696296979193088	0.9681881744540609	0.9663041069292773	0.9695306171260829	0.9677991428180186	0.9674976957208133	0.9683509468911281	0.9688406786869899	0.9625059120034651	0.9603727190141261	0.9685066940162014	0.9582628574403733	0.9613686443064995	0.9691327314154876	0.9708608146391755	0.9690186255845035	0.970684886454587	0.9583173612272141	0.9625637512040914	0.9688207821375002	0.9614137976431909	0.9629165112015905	0.9595457210704741	0.9670962370227265	0.9690074645386637	0.9705388746528917	0.9568354544283145	0.9694090598557427	0.9597727172173429	0.9690880761514405	0.9631608468875461	0.9582669843117719	0.9614867900032313	0.9697318305434294	0.9702802316055953	0.9678113820424036
0.972423767431472	0.9707598691555559	1.0	0.9667539414236306	0.9638392773507335	0.9692999632988366	0.9712501788740525	0.9639737071808179	0.9720767280514148	0.9699361420271372	0.9703385102537195	0.9694487814981356	0.9647783137986633	0.9696150270142845	0.9670458410036152	0.9694043873977359	0.9646192180012378	0.9706015500446116	0.9600432934461073	0.960075235416108	0.9682227874692032	0.9584561607311496	0.9614682763091267	0.9701308967384563	0.9715024872481091	0.9686183000740398	0.9707972137255053	0.958458749504788	0.9626659211853332	0.9689966481495811	0.9614740734374798	0.9633994936665372	0.9587199752272777	0.9686167859212501	0.9699250307555196	0.9704175878425798	0.9550758163203236	0.97018285033023	0.9590138719635499	0.9695708368332585	0.96324027242642	0.956864598248673	0.9599108584305954	0.9691619462439425	0.9708951364446589	0.9679163554144363
0.9660098497839442	0.9643903994589669	0.9667539414236306	1.0	0.9617122229463557	0.965487443669465	0.9652519018604739	0.9604984775822673	0.9655757043571187	0.9644272479021333	0.9651451385179044	0.9642903458933403	0.9608152130039628	0.9644144395213912	0.9647679417195829	0.9648110890612402	0.9590224934438321	0.9659107621249164	0.9563650229272768	0.956692825787405	0.9626629135994891	0.9544134636320195	0.9562440889367637	0.9651588215862101	0.9664413679937657	0.9636030597080398	0.9642497500169043	0.9541721913197232	0.9596296275471647	0.9630209668957938	0.9559352654605469	0.959933136706085	0.953714715324234	0.9637331392061588	0.9647938468845718	0.9667595817090425	0.9524253508348306	0.9648626042323231	0.954976585984111	0.9656306615596993	0.9591933126030702	0.954053780958266	0.9556286285989378	0.9656541344454455	0.9658327028287851	0.9648412042377266
0.9643778340076232	0.9641074055951204	0.9638392773507335	0.9617122229463557	1.0	0.9644329102697278	0.9659899885813698	0.9621768608981518	0.9658872030328483	0.9664159149703342	0.9674256703698836	0.9640250123495924	0.970748418520801	0.9653317181392824	0.9639445100247092	0.9632007882278082	0.9595936647982165	0.9789304860437869	0.9680244058114758	0.9556833824259976	0.963178034718825	0.9555947296002741	0.9563146329878842	0.9642233830828764	0.9655780214373582	0.9611329058921828	0.9638715301867248	0.9518892913564385	0.9579580654863793	0.9642750265662129	0.9542151366665124	0.9600710693171117	0.955157129413221	0.962444788632791	0.964264216008537	0.9651414311488004	0.9517955693902661	0.9652143147811776	0.9561790751301628	0.9776031028262504	0.9696935400666667	0.9540883418668374	0.9568877160370021	0.9636793207756006	0.9659893539336316	0.9626882010568635
0.9704182753680853	0.9699561160290879	0.9692999632988366	0.965487443669465	0.9644329102697278	1.0	0.9720641393915697	0.9643417165662725	0.9723597809856221	0.9705217995008686	0.9715209083457658	0.9688735689330357	0.965817372346014	0.9700725471074901	0.968608910829438	0.9692642763422084	0.9637734752768893	0.971296621819485	0.9620473350956986	0.9620323410182303	0.9672609006362831	0.9603868748258636	0.9611374964320305	0.9702752650134066	0.9728025304823383	0.9676197488718353	0.9701942416180771	0.9574931383425139	0.9631535455112498	0.9702635410966178	0.9600378747288846	0.9612498029770121	0.9598950309987545	0.9679111218144327	0.9693600943784421	0.9706446566433717	0.9573841504559932	0.97076099904646	0.9585736217973672	0.9703197878221352	0.9633603436267651	0.9589850344259411	0.9601266735189078	0.9701859093501706	0.9720027147354003	0.9692931212667455
0.9718768784790047	0.9707184257151749	0.9712501788740525	0.9652519018604739	0.9659899885813698	0.9720641393915697	1.0	0.9662718624174199	0.9727327116496686	0.9720565351100867	0.972732107326414	0.9696003987492317	0.9660347506365482	0.971521543367028	0.9695677760889492	0.9700355679051204	0.9658224968861477	0.970998242945397	0.9606603777471908	0.962776154517669	0.9667587749263924	0.958698430935542	0.961181185043918	0.9711635485166906	0.9731217128768185	0.9687761670647635	0.9718899608779208	0.9586596343982523	0.9638801204311713	0.9714927576251995	0.958996540365999	0.9618804908824478	0.9607171911445925	0.9695447726668305	0.9706595682129832	0.9724873123525113	0.9566285452226908	0.9707064974440409	0.9606415911657364	0.9705424680250154	0.9624442900644564	0.9593698523650275	0.9608699962907928	0.970527284228752	0.9719720160883709	0.968561326517386
0.9651425151840229	0.9631356641822538	0.9639737071808179	0.9604984775822673	0.9621768608981518	0.9643417165662725	0.9662718624174199	1.0	0.9778506089775401	0.9651428059745597	0.9665517609762736	0.9639507395198147	0.9601848034767355	0.9652494639136485	0.9661988829142192	0.9631667289037497	0.9584877352887994	0.9653075666991304	0.9563240294495994	0.955298641601461	0.9627288159891867	0.9557153646427462	0.9572999529544151	0.9789118898316469	0.9783310671316974	0.9613282098497735	0.9629423867316184	0.9542060496745169	0.9602580854629803	0.9652916131518913	0.954115630619742	0.9600098048673209	0.9537176928540684	0.9621872550174425	0.9635104857268114	0.964974651200895	0.9541126445730221	0.9633484147707169	0.9549196807590485	0.9636039696380231	0.9629991111670501	0.9534842621807689	0.9565595409443938	0.9657405986095068	0.9655615574170351	0.9666538412095219
0.9720190699263542	0.9704443861451391	0.9720767280514148	0.9655757043571187	0.9658872030328483	0.9723597809856221	0.9727327116496686	0.9778506089775401	1.0	0.9715115792911302	0.9719883418264933	0.9711028287974525	0.9665330921954988	0.971721660649134	0.9697186498503785	0.9713960933148124	0.9650183931868408	0.9732144391463433	0.9617188277001609	0.9628323491181165	0.9669603351696946	0.9598406305645314	0.9627695503230334	0.9936701759158325	0.99618566443111	0.9681146462998663	0.9718754046537068	0.9591851050132796	0.9643674865273194	0.9709595559089488	0.9609884163299526	0.9643301388928526	0.9596490466198597	0.9706526073853351	0.9722914077076589	0.9732540568487997	0.9563245806534562	0.9723393202838677	0.9610686503683868	0.9725314414837261	0.9652297410875836	0.9589654478805111	0.9601205550477496	0.9716219968051908	0.9724777684970132	0.9705991995237311
0.9706140892745777	0.9691841856031888	0.9699361420271372	0.9644272479021333	0.9664159149703342	0.9705217995008686	0.9720565351100867	0.9651428059745597	0.9715115792911302	1.0	0.9978358078126908	0.9688690710760778	0.9663446710999818	0.971846077680473	0.9688320327392443	0.968124381624546	0.9652730837282799	0.972012276758193	0.9608127610107031	0.9622901457432523	0.9664433826384146	0.9602451412597901	0.9622067044519426	0.9697084672403673	0.9713949879761099	0.9686779049296532	0.9709426578043597	0.9591680792839304	0.9631561501335466	0.9703259021705251	0.9597110118451899	0.9623509228147533	0.9620689326101781	0.9685622682008993	0.9701450637453936	0.9713554462797716	0.9579767831155136	0.9707879214524254	0.9605327979043466	0.9708211322826975	0.9635217852397893	0.9608376652623245	0.9599070822812282	0.9695644277723269	0.9712266076845926	0.9684604203095679
0.971452644498838	0.9696296979193088	0.9703385102537195	0.9651451385179044	0.9674256703698836	0.9715209083457658	0.972732107326414	0.9665517609762736	0.9719883418264933	0.9978358078126908	1.0	0.9693529718881108	0.9666480608241605	0.9717913722813974	0.9691943123880057	0.9689088273740957	0.9654614637568304	0.9729438418590626	0.9612290426802543	0.963179293998359	0.9669577693904904	0.9609655307719903	0.9625311365349575	0.9700780276765472	0.9720178156638551	0.9691817203391386	0.9718863264429349	0.9588898681985014	0.9641033118628691	0.9708145603602285	0.9602530383416844	0.9630648785295304	0.9619518626206669	0.9690149772264479	0.9705487183430574	0.9721580328012761	0.9587644126983221	0.9713625271835165	0.9618419191920805	0.9718211877797471	0.9643674350976015	0.9614584464318725	0.9598367688083617	0.9700546429895741	0.9715585619303094	0.9692741253434177
0.9697094074337563	0.9681881744540609	0.9694487814981356	0.9642903458933403	0.9640250123495924	0.9688735689330357	0.9696003987492317	0.9639507395198147	0.9711028287974525	0.9688690710760778	0.9693529718881108	1.0	0.9644579492118195	0.969541656795434	0.9663940038519172	0.9907939825882048	0.9635669682405198	0.9694895318502998	0.9612907964829832	0.9602182229395402	0.9658573768585316	0.9591307031179376	0.9598667029280098	0.9692525474016673	0.9711497539458958	0.966558880812241	0.9690984997316748	0.9573550580227499	0.9624988253227272	0.9694348707496857	0.9586723172150982	0.9663348604819216	0.9597599318641048	0.9865660017674097	0.9698777922170994	0.9707012980438564	0.9553249568524176	0.9700635828771953	0.9586767469339592	0.9691379298154026	0.9623508344703045	0.9599949523985855	0.9578708774394403	0.9728968081542471	0.9692980322198185	0.9669029438710954
0.9657315371887364	0.9663041069292773	0.9647783137986633	0.9608152130039628	0.970748418520801	0.965817372346014	0.9660347506365482	0.9601848034767355	0.9665330921954988	0.9663446710999818	0.9666480608241605	0.9644579492118195	1.0	0.9659900210075589	0.9648609596682313	0.9649395827291605	0.9649200159755305	0.9875751425942877	0.9670574964569912	0.9586855695239864	0.9639223631043818	0.956077489443679	0.9558564931985022	0.9647410854685812	0.9664447301288999	0.9665991762570272	0.9670768526491489	0.9560054155415454	0.959710505301813	0.9660602829910224	0.9593653491842176	0.9570220822691813	0.9592657714624433	0.9633053614161853	0.9645944442824289	0.9660415972585337	0.9543488057724686	0.9647673775198855	0.9562178294346343	0.9890474142769967	0.9704006056724322	0.9585547542507226	0.9574619386243185	0.9646605486206907	0.9655523234075769	0.9654734419680175
0.9698266640347328	0.9695306171260829	0.9696150270142845	0.9644144395213912	0.9653317181392824	0.9700725471074901	0.971521543367028	0.9652494639136485	0.971721660649134	0.971846077680473	0.9717913722813974	0.969541656795434	0.9659900210075589	1.0	0.9932652343394097	0.9695614245340987	0.9643797783918173	0.9694449729107505	0.9598535319748734	0.96131372742326	0.9668100457059368	0.9580614697698634	0.9602125343726639	0.9703900762727127	0.9723830295078297	0.9678211461700026	0.9703445006677326	0.9572132708049301	0.9621414688516154	0.9697352608617648	0.959149896407096	0.9611580806089827	0.9596920953427822	0.9682979482149062	0.9695711193146703	0.9712258574517753	0.9566340829411811	0.9700330505870053	0.9603666900989234	0.9697925734016419	0.9619498887575723	0.9587442369231521	0.9583489758997684	0.9693119133351383	0.9697305371537704	0.9681453829421361
0.9682802285624401	0.9677991428180186	0.9670458410036152	0.9647679417195829	0.9639445100247092	0.968608910829438	0.9695677760889492	0.9661988829142192	0.9697186498503785	0.9688320327392443	0.9691943123880057	0.9663940038519172	0.9648609596682313	0.9932652343394097	1.0	0.9670813780497637	0.962501768429551	0.9682170401712843	0.9592381018905206	0.959344950218886	0.9659472290982559	0.9562811741064046	0.9578791664468264	0.9695049105237128	0.9705216623023519	0.9663167844574942	0.9672474977977326	0.954377729353336	0.9604352175496931	0.9674854466484829	0.9560695566582029	0.9598903290755662	0.9570873632379845	0.9650740391375965	0.9679130070405232	0.9697981631029562	0.9563972637678017	0.9681256145520949	0.9588663848167008	0.9676387629705141	0.9630903600206452	0.9569789431472864	0.957374728184039	0.9682541251402981	0.9673864976640386	0.9678487775746373
0.9694189464885967	0.9674976957208133	0.9694043873977359	0.9648110890612402	0.9632007882278082	0.9692642763422084	0.9700355679051204	0.9631667289037497	0.9713960933148124	0.968124381624546	0.9689088273740957	0.9907939825882048	0.9649395827291605	0.9695614245340987	0.9670813780497637	1.0	0.9627552381658258	0.9694782827606453	0.9592517197417404	0.9616423059674624	0.9654788711406659	0.9584940785283832	0.9598513714681295	0.9684767221960469	0.9708255608348523	0.9655621992330452	0.9684714240929282	0.9570788031760034	0.9621270584667573	0.9691518084751228	0.9575772154910879	0.966364316030354	0.9585349395742917	0.9851045566645303	0.9687883614276138	0.9707025350434155	0.9559714071382963	0.9696588911381109	0.9596010960822796	0.968935697402751	0.9611768299944782	0.9612350365875052	0.9573097480183397	0.9727017924783664	0.968993067849643	0.9672484818719148
0.9653197911037881	0.9683509468911281	0.9646192180012378	0.9590224934438321	0.9595936647982165	0.9637734752768893	0.9658224968861477	0.9584877352887994	0.9650183931868408	0.9652730837282799	0.9654614637568304	0.9635669682405198	0.9649200159755305	0.9643797783918173	0.962501768429551	0.9627552381658258	1.0	0.9655767346021894	0.9575829225780064	0.9524484686519904	0.9628707334262498	0.9542650894211379	0.9550126522923352	0.9635995394117322	0.9647364521972321	0.9654726560637017	0.965495261394974	0.9558327948091213	0.9557730276005659	0.9655143945641557	0.9593874458206054	0.9599457097888228	0.9544648612932776	0.9633209658452753	0.965165344880915	0.9647408321290583	0.949299434722166	0.9642335483656713	0.9545192312624413	0.9650025637247132	0.960383875429013	0.9538085276526628	0.9591248448151883	0.9635785018085898	0.9650528110320926	0.9641148936879052
0.9697161730999988	0.9688406786869899	0.9706015500446116	0.9659107621249164	0.9789304860437869	0.971296621819485	0.970998242945397	0.9653075666991304	0.9732144391463433	0.972012276758193	0.9729438418590626	0.9694895318502998	0.9875751425942877	0.9694449729107505	0.9682170401712843	0.9694782827606453	0.9655767346021894	1.0	0.9740852525241726	0.9620451043613291	0.9677478097394567	0.9617548245629672	0.9629636837736903	0.9711030446349653	0.9725885353903476	0.9673868416969537	0.9708471206352784	0.9589538250429439	0.9653713922193163	0.9695843418626324	0.9590338232375942	0.9633961349306785	0.9605396540709997	0.9690366298599264	0.9705338900056637	0.9718258680100461	0.9577829075353296	0.9714669222272311	0.9612952591505721	0.995396633292121	0.9766117222357099	0.9602614747208138	0.9599299320957502	0.9698805183392856	0.9721487821176377	0.9685765042437381
0.9612169157799371	0.9625059120034651	0.9600432934461073	0.9563650229272768	0.9680244058114758	0.9620473350956986	0.9606603777471908	0.9563240294495994	0.9617188277001609	0.9608127610107031	0.9612290426802543	0.9612907964829832	0.9670574964569912	0.9598535319748734	0.9592381018905206	0.9592517197417404	0.9575829225780064	0.9740852525241726	1.0	0.953186083250269	0.9591781470817723	0.9548506727278807	0.9560254625921975	0.9608934504889609	0.9617202817314436	0.9575179130496677	0.9594180170365134	0.95193124041349	0.9555849722263593	0.9592385297285488	0.9509102847496076	0.9572432381738329	0.951242522805386	0.9587271095121056	0.9612096234751845	0.9613222628175123	0.9504967058585582	0.9624864664963878	0.9546015092456607	0.9732067101031194	0.9655982296889914	0.95187553900068	0.9541459593932714	0.961643032734797	0.9602758516040465	0.9601601025078365
0.9631084202435094	0.9603727190141261	0.960075235416108	0.956692825787405	0.9556833824259976	0.9620323410182303	0.962776154517669	0.955298641601461	0.9628323491181165	0.9622901457432523	0.963179293998359	0.9602182229395402	0.9586855695239864	0.96131372742326	0.959344950218886	0.9616423059674624	0.9524484686519904	0.9620451043613291	0.953186083250269	1.0	0.9571240928304013	0.9611086366177164	0.9627955206181498	0.9607080003077592	0.963169299595881	0.957032904955925	0.9604593999284475	0.9578639532434028	0.9637710282401101	0.9609847476800958	0.9480831787401348	0.9523871577824456	0.9896484730604115	0.9586468023204995	0.9595950101070146	0.9626260533348102	0.986546639973322	0.9603746349123422	0.9614142745919718	0.9628090376979546	0.9537601216872358	0.9885541060155564	0.9496688002426024	0.9594052042739408	0.9618644421187514	0.9602163544799039
0.9674002915371779	0.9685066940162014	0.9682227874692032	0.9626629135994891	0.963178034718825	0.9672609006362831	0.9667587749263924	0.9627288159891867	0.9669603351696946	0.9664433826384146	0.9669577693904904	0.9658573768585316	0.9639223631043818	0.9668100457059368	0.9659472290982559	0.9654788711406659	0.9628707334262498	0.9677478097394567	0.9591781470817723	0.9571240928304013	1.0	0.9567111108644228	0.9580776188182496	0.9661938946152535	0.9666199342659021	0.9660066721114096	0.9672619253435067	0.9572177762536572	0.9617225538459107	0.9656681212590242	0.9574069456795811	0.9621485673964496	0.9582007912365171	0.9660258541467952	0.9681919374382688	0.9681948615229854	0.9562393476115351	0.9681147042799724	0.9581303797295622	0.966993364768895	0.9627815716984831	0.9577793715153365	0.958020230864318	0.9650685588810786	0.966905561664601	0.9668131892956664
0.9586682330987071	0.9582628574403733	0.9584561607311496	0.9544134636320195	0.9555947296002741	0.9603868748258636	0.958698430935542	0.9557153646427462	0.9598406305645314	0.9602451412597901	0.9609655307719903	0.9591307031179376	0.956077489443679	0.9580614697698634	0.9562811741064046	0.9584940785283832	0.9542650894211379	0.9617548245629672	0.9548506727278807	0.9611086366177164	0.9567111108644228	1.0	0.9936531194062153	0.9582880434549393	0.9594933626295206	0.9544982690596064	0.9568830113835508	0.975339403299098	0.9651396871577678	0.9579054405802203	0.9464502986363995	0.9529418821395155	0.9592586952793689	0.9564865314838198	0.9595186303232832	0.960810455692655	0.9582589017629378	0.9593198981084975	0.9688581833034295	0.9604798767223793	0.9541738977206566	0.9599035728050932	0.9523747142887006	0.9589763911412024	0.9601129288836211	0.9582816394941671
0.9609788733786775	0.9613686443064995	0.9614682763091267	0.9562440889367637	0.9563146329878842	0.9611374964320305	0.961181185043918	0.9572999529544151	0.9627695503230334	0.9622067044519426	0.9625311365349575	0.9598667029280098	0.9558564931985022	0.9602125343726639	0.9578791664468264	0.9598513714681295	0.9550126522923352	0.9629636837736903	0.9560254625921975	0.9627955206181498	0.9580776188182496	0.9936531194062153	1.0	0.9599423835159813	0.9620492064484643	0.9556946192801498	0.9594389951933235	0.9783425314116281	0.9668104313582029	0.9605741885660525	0.9478006556055969	0.9526641114796179	0.9609451140308776	0.9587218693617976	0.9611050297641099	0.9629366826210918	0.9591903712916844	0.9613695202220024	0.970910201747241	0.9621730705897388	0.9542267222551518	0.9605244082888844	0.953087625868731	0.9599574053119919	0.9625023608316297	0.9607374297402417
0.9704394718189352	0.9691327314154876	0.9701308967384563	0.9651588215862101	0.9642233830828764	0.9702752650134066	0.9711635485166906	0.9789118898316469	0.9936701759158325	0.9697084672403673	0.9700780276765472	0.9692525474016673	0.9647410854685812	0.9703900762727127	0.9695049105237128	0.9684767221960469	0.9635995394117322	0.9711030446349653	0.9608934504889609	0.9607080003077592	0.9661938946152535	0.9582880434549393	0.9599423835159813	1.0	0.9958842270356623	0.9678479056647232	0.9703163735042777	0.9579933041078695	0.9627721116105984	0.9694584565585066	0.9603287010833798	0.9630941026120752	0.9583842821554577	0.9694117169284413	0.9699079700452283	0.971805231686383	0.955863249045296	0.9695619153064046	0.9595273472432119	0.9700559859804851	0.9662636187034118	0.9581248043093833	0.9604857783516071	0.9700156683016159	0.9707395168478937	0.9698885097480694
0.9720176246817741	0.9708608146391755	0.9715024872481091	0.9664413679937657	0.9655780214373582	0.9728025304823383	0.9731217128768185	0.9783310671316974	0.99618566443111	0.9713949879761099	0.9720178156638551	0.9711497539458958	0.9664447301288999	0.9723830295078297	0.9705216623023519	0.9708255608348523	0.9647364521972321	0.9725885353903476	0.9617202817314436	0.963169299595881	0.9666199342659021	0.9594933626295206	0.9620492064484643	0.9958842270356623	1.0	0.9685412996009378	0.9720019283411839	0.958930360264537	0.9644385913984366	0.9717665560202743	0.9614112966942628	0.9634039803013034	0.9601751811013577	0.9704498282672338	0.9710593866945978	0.9734055809503411	0.9567860212925517	0.970995611112555	0.961263229781647	0.9716271952078205	0.9652051023833766	0.9589218854642686	0.9602642906130043	0.9721139420929745	0.9720788296146212	0.970386401771039
0.9684584247506534	0.9690186255845035	0.9686183000740398	0.9636030597080398	0.9611329058921828	0.9676197488718353	0.9687761670647635	0.9613282098497735	0.9681146462998663	0.9686779049296532	0.9691817203391386	0.966558880812241	0.9665991762570272	0.9678211461700026	0.9663167844574942	0.9655621992330452	0.9654726560637017	0.9673868416969537	0.9575179130496677	0.957032904955925	0.9660066721114096	0.9544982690596064	0.9556946192801498	0.9678479056647232	0.9685412996009378	1.0	0.9919946492479922	0.9558879868586095	0.9598439541900465	0.9673258943257839	0.9814044129450339	0.9611519917996789	0.9587641905639428	0.9660627909218129	0.9662580986615058	0.9670217769384593	0.9536390070103068	0.9684190498946609	0.9571106895966782	0.9672772993864703	0.9624272530598559	0.9590914541253833	0.9603656586957019	0.9672519142953753	0.9677609493088188	0.9654859367140107
0.9705310683016876	0.970684886454587	0.9707972137255053	0.9642497500169043	0.9638715301867248	0.9701942416180771	0.9718899608779208	0.9629423867316184	0.9718754046537068	0.9709426578043597	0.9718863264429349	0.9690984997316748	0.9670768526491489	0.9703445006677326	0.9672474977977326	0.9684714240929282	0.965495261394974	0.9708471206352784	0.9594180170365134	0.9604593999284475	0.9672619253435067	0.9568830113835508	0.9594389951933235	0.9703163735042777	0.9720019283411839	0.9919946492479922	1.0	0.9577471373578825	0.9624004261344672	0.9691959756828679	0.9817260011310746	0.962232128166377	0.9609569514448665	0.9694029022737115	0.9693034094822383	0.9701822138726426	0.9555389256563773	0.9706408941635584	0.9591982261622825	0.9700449607178432	0.9633903559891527	0.9604236233532347	0.9613207287929602	0.9689108182142354	0.9699054584891758	0.9671794072099933
0.9584597204751286	0.9583173612272141	0.958458749504788	0.9541721913197232	0.9518892913564385	0.9574931383425139	0.9586596343982523	0.9542060496745169	0.9591851050132796	0.9591680792839304	0.9588898681985014	0.9573550580227499	0.9560054155415454	0.9572132708049301	0.954377729353336	0.9570788031760034	0.9558327948091213	0.9589538250429439	0.95193124041349	0.9578639532434028	0.9572177762536572	0.975339403299098	0.9783425314116281	0.9579933041078695	0.958930360264537	0.9558879868586095	0.9577471373578825	1.0	0.9621894402256943	0.9573022883307537	0.9487485152049543	0.9520346706363341	0.9574646094522284	0.9564455255158736	0.9573024357260811	0.9578539459985381	0.9553479435052364	0.9571204316710826	0.9665595324824409	0.9577321211919306	0.9530246493847093	0.9570324244304254	0.9510774136747792	0.9571547159532237	0.9590903658547761	0.9564885109682343
0.963719364854576	0.9625637512040914	0.9626659211853332	0.9596296275471647	0.9579580654863793	0.9631535455112498	0.9638801204311713	0.9602580854629803	0.9643674865273194	0.9631561501335466	0.9641033118628691	0.9624988253227272	0.959710505301813	0.9621414688516154	0.9604352175496931	0.9621270584667573	0.9557730276005659	0.9653713922193163	0.9555849722263593	0.9637710282401101	0.9617225538459107	0.9651396871577678	0.9668104313582029	0.9627721116105984	0.9644385913984366	0.9598439541900465	0.9624004261344672	0.9621894402256943	1.0	0.9627089438321531	0.9523716457943935	0.9558820704640486	0.9632473521134779	0.9628844452640886	0.9624283402399361	0.9639177333117951	0.9586099228842914	0.963545070260734	0.9639729217191408	0.9648462471603766	0.9556959530265082	0.9622793813958717	0.9539327196075598	0.9610942112482356	0.9641879557906919	0.9605240047824762
0.9701498750068097	0.9688207821375002	0.9689966481495811	0.9630209668957938	0.9642750265662129	0.9702635410966178	0.9714927576251995	0.9652916131518913	0.9709595559089488	0.9703259021705251	0.9708145603602285	0.9694348707496857	0.9660602829910224	0.9697352608617648	0.9674854466484829	0.9691518084751228	0.9655143945641557	0.9695843418626324	0.9592385297285488	0.9609847476800958	0.9656681212590242	0.9579054405802203	0.9605741885660525	0.9694584565585066	0.9717665560202743	0.9673258943257839	0.9691959756828679	0.9573022883307537	0.9627089438321531	1.0	0.9587345919034301	0.9625754829824613	0.960684148230501	0.9681782231922866	0.9681848551055934	0.9700128340584863	0.955461400711105	0.9680797154814508	0.9601097709832049	0.969198062015395	0.9624028894952448	0.9598393593466349	0.9586132235495192	0.9694528494903328	0.9701142247430927	0.9673377138365815
0.9597218939442422	0.9614137976431909	0.9614740734374798	0.9559352654605469	0.9542151366665124	0.9600378747288846	0.958996540365999	0.954115630619742	0.9609884163299526	0.9597110118451899	0.9602530383416844	0.9586723172150982	0.9593653491842176	0.959149896407096	0.9560695566582029	0.9575772154910879	0.9593874458206054	0.9590338232375942	0.9509102847496076	0.9480831787401348	0.9574069456795811	0.9464502986363995	0.9478006556055969	0.9603287010833798	0.9614112966942628	0.9814044129450339	0.9817260011310746	0.9487485152049543	0.9523716457943935	0.9587345919034301	1.0	0.954129855104242	0.9499828600298406	0.9592815075241474	0.9586672724784937	0.9585093880358238	0.9447815051299299	0.9591225040904041	0.9474049951264453	0.9588154038473518	0.9548185903166546	0.949424786074938	0.957298856277297	0.9575179905765421	0.9599561615387068	0.9572840250848781
0.9637082146300182	0.9629165112015905	0.9633994936665372	0.959933136706085	0.9600710693171117	0.9612498029770121	0.9618804908824478	0.9600098048673209	0.9643301388928526	0.9623509228147533	0.9630648785295304	0.9663348604819216	0.9570220822691813	0.9611580806089827	0.9598903290755662	0.966364316030354	0.9599457097888228	0.9633961349306785	0.9572432381738329	0.9523871577824456	0.9621485673964496	0.9529418821395155	0.9526641114796179	0.9630941026120752	0.9634039803013034	0.9611519917996789	0.962232128166377	0.9520346706363341	0.9558820704640486	0.9625754829824613	0.954129855104242	1.0	0.9503705323817333	0.9661757251142021	0.964476526596457	0.9651490913702131	0.951854342071624	0.9622549806179933	0.9545420677411721	0.9622568374905957	0.9624357524866094	0.9523914679066104	0.9560849586673648	0.9843316850450203	0.9628700717233192	0.9638041706572793
0.9605738196165301	0.9595457210704741	0.9587199752272777	0.953714715324234	0.955157129413221	0.9598950309987545	0.9607171911445925	0.9537176928540684	0.9596490466198597	0.9620689326101781	0.9619518626206669	0.9597599318641048	0.9592657714624433	0.9596920953427822	0.9570873632379845	0.9585349395742917	0.9544648612932776	0.9605396540709997	0.951242522805386	0.9896484730604115	0.9582007912365171	0.9592586952793689	0.9609451140308776	0.9583842821554577	0.9601751811013577	0.9587641905639428	0.9609569514448665	0.9574646094522284	0.9632473521134779	0.960684148230501	0.9499828600298406	0.9503705323817333	1.0	0.9593074254315505	0.9576774376047892	0.9590714253179765	0.9892569896099906	0.9585784666660521	0.9579670355161078	0.9606473052683226	0.9526118485033229	0.993649143591291	0.9503985570722983	0.9579485114232407	0.960816419361463	0.9591201585434328
0.9694051524010168	0.9670962370227265	0.9686167859212501	0.9637331392061588	0.962444788632791	0.9679111218144327	0.9695447726668305	0.9621872550174425	0.9706526073853351	0.9685622682008993	0.9690149772264479	0.9865660017674097	0.9633053614161853	0.9682979482149062	0.9650740391375965	0.9851045566645303	0.9633209658452753	0.9690366298599264	0.9587271095121056	0.9586468023204995	0.9660258541467952	0.9564865314838198	0.9587218693617976	0.9694117169284413	0.9704498282672338	0.9660627909218129	0.9694029022737115	0.9564455255158736	0.9628844452640886	0.9681782231922866	0.9592815075241474	0.9661757251142021	0.9593074254315505	1.0	0.9688579825127664	0.9694866345747175	0.9547943626101807	0.9689095762886887	0.958803214568429	0.9686471576126056	0.9615698217631035	0.9593311477657418	0.9602298775027743	0.971249688017413	0.9702043662829976	0.9656063659071528
0.970211496259117	0.9690074645386637	0.9699250307555196	0.9647938468845718	0.964264216008537	0.9693600943784421	0.9706595682129832	0.9635104857268114	0.9722914077076589	0.9701450637453936	0.9705487183430574	0.9698777922170994	0.9645944442824289	0.9695711193146703	0.9679130070405232	0.9687883614276138	0.965165344880915	0.9705338900056637	0.9612096234751845	0.9595950101070146	0.9681919374382688	0.9595186303232832	0.9611050297641099	0.9699079700452283	0.9710593866945978	0.9662580986615058	0.9693034094822383	0.9573024357260811	0.9624283402399361	0.9681848551055934	0.9586672724784937	0.964476526596457	0.9576774376047892	0.9688579825127664	1.0	0.9957720698509066	0.9545889551533431	0.9700378615913305	0.9605618464786743	0.969853089854882	0.9640636310281392	0.9582096052830369	0.9615597616872383	0.9695335070678167	0.9716817751087995	0.9695146829565785
0.9717774147715103	0.9705388746528917	0.9704175878425798	0.9667595817090425	0.9651414311488004	0.9706446566433717	0.9724873123525113	0.964974651200895	0.9732540568487997	0.9713554462797716	0.9721580328012761	0.9707012980438564	0.9660415972585337	0.9712258574517753	0.9697981631029562	0.9707025350434155	0.9647408321290583	0.9718258680100461	0.9613222628175123	0.9626260533348102	0.9681948615229854	0.960810455692655	0.9629366826210918	0.971805231686383	0.9734055809503411	0.9670217769384593	0.9701822138726426	0.9578539459985381	0.9639177333117951	0.9700128340584863	0.9585093880358238	0.9651490913702131	0.9590714253179765	0.9694866345747175	0.9957720698509066	1.0	0.9562360556684061	0.9718500044518982	0.9618262288212731	0.9709410077547154	0.9637693691683556	0.9596082765059246	0.9608358533062185	0.971696657624614	0.972375277063464	0.9710073157455722
0.9573316814285266	0.9568354544283145	0.9550758163203236	0.9524253508348306	0.9517955693902661	0.9573841504559932	0.9566285452226908	0.9541126445730221	0.9563245806534562	0.9579767831155136	0.9587644126983221	0.9553249568524176	0.9543488057724686	0.9566340829411811	0.9563972637678017	0.9559714071382963	0.949299434722166	0.9577829075353296	0.9504967058585582	0.986546639973322	0.9562393476115351	0.9582589017629378	0.9591903712916844	0.955863249045296	0.9567860212925517	0.9536390070103068	0.9555389256563773	0.9553479435052364	0.9586099228842914	0.955461400711105	0.9447815051299299	0.951854342071624	0.9892569896099906	0.9547943626101807	0.9545889551533431	0.9562360556684061	1.0	0.9560278742737855	0.9562089796864348	0.957391790765687	0.9537599863474578	0.9900313121899457	0.9475764354627875	0.9554022535590949	0.9576795744269532	0.9570505723009758
0.9705507893414543	0.9694090598557427	0.97018285033023	0.9648626042323231	0.9652143147811776	0.97076099904646	0.9707064974440409	0.9633484147707169	0.9723393202838677	0.9707879214524254	0.9713625271835165	0.9700635828771953	0.9647673775198855	0.9700330505870053	0.9681256145520949	0.9696588911381109	0.9642335483656713	0.9714669222272311	0.9624864664963878	0.9603746349123422	0.9681147042799724	0.9593198981084975	0.9613695202220024	0.9695619153064046	0.970995611112555	0.9684190498946609	0.9706408941635584	0.9571204316710826	0.963545070260734	0.9680797154814508	0.9591225040904041	0.9622549806179933	0.9585784666660521	0.9689095762886887	0.9700378615913305	0.9718500044518982	0.9560278742737855	1.0	0.9614914104941018	0.9710635589605268	0.9636535220301111	0.9592383086762665	0.9606372255809177	0.9683570741401751	0.9706094162269114	0.9676659007548505
0.9611758285349395	0.9597727172173429	0.9590138719635499	0.954976585984111	0.9561790751301628	0.9585736217973672	0.9606415911657364	0.9549196807590485	0.9610686503683868	0.9605327979043466	0.9618419191920805	0.9586767469339592	0.9562178294346343	0.9603666900989234	0.9588663848167008	0.9596010960822796	0.9545192312624413	0.9612952591505721	0.9546015092456607	0.9614142745919718	0.9581303797295622	0.9688581833034295	0.970910201747241	0.9595273472432119	0.961263229781647	0.9571106895966782	0.9591982261622825	0.9665595324824409	0.9639729217191408	0.9601097709832049	0.9474049951264453	0.9545420677411721	0.9579670355161078	0.958803214568429	0.9605618464786743	0.9618262288212731	0.9562089796864348	0.9614914104941018	1.0	0.9621038974321312	0.9555705792752179	0.9583319043875732	0.9522319634637507	0.9588847122924096	0.9613034458623069	0.9585334486773135
0.9705834362237872	0.9690880761514405	0.9695708368332585	0.9656306615596993	0.9776031028262504	0.9703197878221352	0.9705424680250154	0.9636039696380231	0.9725314414837261	0.9708211322826975	0.9718211877797471	0.9691379298154026	0.9890474142769967	0.9697925734016419	0.9676387629705141	0.968935697402751	0.9650025637247132	0.995396633292121	0.9732067101031194	0.9628090376979546	0.966993364768895	0.9604798767223793	0.9621730705897388	0.9700559859804851	0.9716271952078205	0.9672772993864703	0.9700449607178432	0.9577321211919306	0.9648462471603766	0.969198062015395	0.9588154038473518	0.9622568374905957	0.9606473052683226	0.9686471576126056	0.969853089854882	0.9709410077547154	0.957391790765687	0.9710635589605268	0.9621038974321312	1.0	0.9748197619455964	0.960930388165958	0.9593543893573486	0.9687655865910941	0.9716613922264526	0.9682392292246533
