/home/jshaw/scratch/2022_sketched_distance/references/SGB_genome_fastas_part1_redo/1783/BackhedF_2015__SID397_M__bin.71.fa	/home/jshaw/scratch/2022_sketched_distance/references/SGB_genome_fastas_part1_redo/1783/Bengtsson-PalmeJ_2015__TRAVELRES27__bin.134.fa	/home/jshaw/scratch/2022_sketched_distance/references/SGB_genome_fastas_part1_redo/1783/Bengtsson-PalmeJ_2015__TRAVELRES28__bin.92.fa	/home/jshaw/scratch/2022_sketched_distance/references/SGB_genome_fastas_part1_redo/1783/ChengpingW_2017__AS97raw__bin.74.fa	/home/jshaw/scratch/2022_sketched_distance/references/SGB_genome_fastas_part1_redo/1783/CosteaPI_2017__daisy-11-0-0__bin.1.fa	/home/jshaw/scratch/2022_sketched_distance/references/SGB_genome_fastas_part1_redo/1783/CosteaPI_2017__daisy-11-2-0__bin.7.fa	/home/jshaw/scratch/2022_sketched_distance/references/SGB_genome_fastas_part1_redo/1783/CosteaPI_2017__daisy-11-386-0__bin.46.fa	/home/jshaw/scratch/2022_sketched_distance/references/SGB_genome_fastas_part1_redo/1783/CosteaPI_2017__daisy-11-388-0__bin.6.fa	/home/jshaw/scratch/2022_sketched_distance/references/SGB_genome_fastas_part1_redo/1783/CosteaPI_2017__daisy-11-389-0__bin.10.fa	/home/jshaw/scratch/2022_sketched_distance/references/SGB_genome_fastas_part1_redo/1783/CosteaPI_2017__daisy-11-390-0__bin.44.fa	/home/jshaw/scratch/2022_sketched_distance/references/SGB_genome_fastas_part1_redo/1783/CosteaPI_2017__daisy-11-392-0__bin.8.fa	/home/jshaw/scratch/2022_sketched_distance/references/SGB_genome_fastas_part1_redo/1783/CosteaPI_2017__daisy-11-403-0__bin.29.fa	/home/jshaw/scratch/2022_sketched_distance/references/SGB_genome_fastas_part1_redo/1783/CosteaPI_2017__daisy-11-60-0__bin.4.fa	/home/jshaw/scratch/2022_sketched_distance/references/SGB_genome_fastas_part1_redo/1783/CosteaPI_2017__daisy-11-7-0__bin.39.fa	/home/jshaw/scratch/2022_sketched_distance/references/SGB_genome_fastas_part1_redo/1783/CosteaPI_2017__SID713A037-11-0-0__bin.69.fa	/home/jshaw/scratch/2022_sketched_distance/references/SGB_genome_fastas_part1_redo/1783/CosteaPI_2017__SID713A037-11-90-0__bin.47.fa	/home/jshaw/scratch/2022_sketched_distance/references/SGB_genome_fastas_part1_redo/1783/GeversD_2014__SKBSTL013__bin.105.fa	/home/jshaw/scratch/2022_sketched_distance/references/SGB_genome_fastas_part1_redo/1783/HMP_2012__SRS024132__bin.65.fa	/home/jshaw/scratch/2022_sketched_distance/references/SGB_genome_fastas_part1_redo/1783/HMP_2012__SRS053398__bin.18.fa	/home/jshaw/scratch/2022_sketched_distance/references/SGB_genome_fastas_part1_redo/1783/HMP_2012__SRS058770__bin.26.fa	/home/jshaw/scratch/2022_sketched_distance/references/SGB_genome_fastas_part1_redo/1783/LeChatelierE_2013__MH0183__bin.3.fa	/home/jshaw/scratch/2022_sketched_distance/references/SGB_genome_fastas_part1_redo/1783/LiJ_2014__MH0246__bin.46.fa	/home/jshaw/scratch/2022_sketched_distance/references/SGB_genome_fastas_part1_redo/1783/LiJ_2014__MH0359__bin.66.fa	/home/jshaw/scratch/2022_sketched_distance/references/SGB_genome_fastas_part1_redo/1783/LiJ_2014__O2.UC2-1__bin.14.fa	/home/jshaw/scratch/2022_sketched_distance/references/SGB_genome_fastas_part1_redo/1783/LiJ_2014__V1.CD44-4__bin.36.fa	/home/jshaw/scratch/2022_sketched_distance/references/SGB_genome_fastas_part1_redo/1783/LiJ_2014__V1.CD49-0__bin.19.fa	/home/jshaw/scratch/2022_sketched_distance/references/SGB_genome_fastas_part1_redo/1783/LiJ_2017__H1M413815__bin.7.fa	/home/jshaw/scratch/2022_sketched_distance/references/SGB_genome_fastas_part1_redo/1783/NielsenHB_2014__O2_UC18_2__bin.57.fa	/home/jshaw/scratch/2022_sketched_distance/references/SGB_genome_fastas_part1_redo/1783/NielsenHB_2014__V1_UC26_4__bin.73.fa	/home/jshaw/scratch/2022_sketched_distance/references/SGB_genome_fastas_part1_redo/1783/QinN_2014__LD-49__bin.29.fa	/home/jshaw/scratch/2022_sketched_distance/references/SGB_genome_fastas_part1_redo/1783/QinN_2014__LD-86__bin.32.fa	/home/jshaw/scratch/2022_sketched_distance/references/SGB_genome_fastas_part1_redo/1783/VogtmannE_2016__MMRS51410669ST-27-0-0__bin.45.fa	/home/jshaw/scratch/2022_sketched_distance/references/SGB_genome_fastas_part1_redo/1783/VogtmannE_2016__MMRS62666492ST-27-0-0__bin.17.fa	/home/jshaw/scratch/2022_sketched_distance/references/SGB_genome_fastas_part1_redo/1783/VogtmannE_2016__MMRS84954772ST-27-0-0__bin.17.fa	/home/jshaw/scratch/2022_sketched_distance/references/SGB_genome_fastas_part1_redo/1783/VogtmannE_2016__MMRS87723283ST-27-0-0__bin.36.fa	/home/jshaw/scratch/2022_sketched_distance/references/SGB_genome_fastas_part1_redo/1783/VogtmannE_2016__MMRS88581325ST-27-0-0__bin.75.fa	/home/jshaw/scratch/2022_sketched_distance/references/SGB_genome_fastas_part1_redo/1783/XieH_2016__YSZC12003_37202R1__bin.10.fa	/home/jshaw/scratch/2022_sketched_distance/references/SGB_genome_fastas_part1_redo/1783/YuJ_2015__SZAXPI003420-4__bin.9.fa	/home/jshaw/scratch/2022_sketched_distance/references/SGB_genome_fastas_part1_redo/1783/ZeeviD_2015__PNP_Main_480__bin.37.fa	/home/jshaw/scratch/2022_sketched_distance/references/SGB_genome_fastas_part1_redo/1783/ZeeviD_2015__PNP_Main_706__bin.56.fa	/home/jshaw/scratch/2022_sketched_distance/references/SGB_genome_fastas_part1_redo/1783/ZellerG_2014__CCIS48174381ST-4-0__bin.47.fa
1.0	0.9957418803621748	0.9953054693166244	0.9885016863701309	0.9927039384919385	0.9922462717256301	0.9936007117123521	0.9935805979298001	0.9907683369300878	0.9932977146688948	0.9932164449970556	0.9908776837098785	0.993419246376821	0.9926419009386426	0.9907244966463593	0.992455087287507	0.9944738420968734	0.9976466214476178	0.9908121190945947	0.9882898335370722	0.9736507525784369	0.9964136443313234	0.9788946139288089	0.9853006814076033	0.980669659504695	0.983954513206785	0.9767855782799101	0.983493229780275	0.9903050849585269	0.9931757352284938	0.9861935922534328	0.9818112197823075	0.9808365522466391	0.976513810007991	0.9958359976982307	0.9942379881143	0.9971263765123737	0.9736137808349438	0.9826069176796198	0.9788001229210241	0.9726396636367607
0.9957418803621748	1.0	0.9991645314424974	0.9915898636439776	0.9946247808430639	0.9944188051993833	0.9944857281689163	0.9938980378212192	0.9942890655481289	0.9938517446718514	0.9937184980242281	0.9942244905685862	0.994261790009359	0.9947617906012599	0.9939631722165676	0.9936290568467365	0.9967144273945701	0.9969642636984366	0.9902725960384522	0.9872985021061458	0.9885234118743902	0.997166955390185	0.9946388611199543	0.9900767415557838	0.9909858581693917	0.9944789053786229	0.9920894352810055	0.9948747251004192	0.9901315570349737	0.9943108996501391	0.9901372261210973	0.9959580850459853	0.9977250719169533	0.9895073901621331	0.9991836299281533	0.9963804513323249	0.996761988245394	0.9902474976254968	0.9943694144214271	0.9929706303688455	0.9872456907523439
0.9953054693166244	0.9991645314424974	1.0	0.9912263638449641	0.9939495184747631	0.9938657785920407	0.9937895972748845	0.9935594088250838	0.993814926432396	0.9934407309306915	0.9934515374219385	0.9938728453406235	0.9936077606210331	0.9942725011534611	0.9933741474317187	0.9929681487978894	0.9961912002128896	0.9969063105143906	0.9896478287954004	0.98716288752803	0.9880643779579404	0.9967316063496043	0.9945433457652244	0.9898913420858692	0.9907491580947745	0.9941045635251907	0.9916582997588406	0.9946256523187449	0.9898599141322554	0.9937551564375945	0.989953232589245	0.9959403203822011	0.9972715717629395	0.9892185652539341	0.9992463051003014	0.9961731089322724	0.9966129368001563	0.9900739066127372	0.9940103500588432	0.992770974094532	0.986576611645455
0.9885016863701309	0.9915898636439776	0.9912263638449641	1.0	0.9905562868920323	0.9902370096703789	0.9919361622909073	0.9918565685759028	0.9887307595962778	0.9917234850785793	0.9914960061917675	0.988621877045414	0.9917767827831956	0.9907353915320252	0.9888990406787278	0.9906666200465921	0.988209128620138	0.9917234850785793	0.990278830061072	0.9874589618477012	0.9843639613475333	0.9907765857855444	0.9900200364507133	0.9866200652213708	0.9882049510002495	0.9859127158367589	0.9962797311835668	0.9863982825550017	0.9900972244376874	0.9912128237958071	0.9925454383947598	0.988876396936854	0.9895734165712075	0.9840800441979255	0.9917501446719182	0.9873829964178624	0.991361460044706	0.9925664203233234	0.9897985274628252	0.985187461752751	0.9844535292452603
0.9927039384919385	0.9946247808430639	0.9939495184747631	0.9905562868920323	1.0	0.9974469326501837	0.9992888999425287	0.9995243648247488	0.9978118262844065	0.9994460613048528	0.9992199079910633	0.9971548148479208	0.9992100403218904	0.9979119413235725	0.9946335750415022	0.9965397382649114	0.9923805481739725	0.994670067231344	0.9916639670971615	0.9884662439471613	0.9873298575034732	0.9935306302222664	0.9975935827066771	0.9897204725707518	0.9903446827443001	0.9899919612652506	0.9918745702672552	0.9905326021083938	0.991365278460222	0.9966251810295186	0.9884431238368809	0.9925178202008802	0.9931206237431194	0.9861818616802651	0.9946926872506373	0.9918206055887853	0.9941914461829059	0.9880321920328176	0.9959387577840616	0.9936113203058965	0.9894600761393901
0.9922462717256301	0.9944188051993833	0.9938657785920407	0.9902370096703789	0.9974469326501837	1.0	0.999001063145678	0.9994658354369839	0.9972160269103625	0.9994850609256207	0.9992342599556636	0.9972870592984144	0.9994465988474318	0.9982017424025784	0.9954808515209431	0.9962053992578606	0.992303289014307	0.9945416958558282	0.9912498878516293	0.9874140455470981	0.9875988557697345	0.993395841029508	0.9974010606956146	0.9887885703702803	0.9898601877609545	0.9904728944830261	0.9889798031054938	0.9911122157579326	0.9907534835348635	0.9954545643293877	0.9886799983333692	0.9924191602998054	0.992813424396272	0.9865614101903804	0.9945193859589969	0.9923305632895084	0.994115218537495	0.9885602934376099	0.9952504206991083	0.9946207967143097	0.9891489797779341
0.9936007117123521	0.9944857281689163	0.9937895972748845	0.9919361622909073	0.9992888999425287	0.999001063145678	1.0	0.9997838277678313	0.9987347821377672	0.9994842825971201	0.9995571472692454	0.9986553301541714	0.9992188040998347	0.999082252617398	0.9966533729912409	0.9965900903632862	0.9939871861287036	0.9945069174210345	0.9915857009207302	0.9873055610424025	0.9886101264093917	0.9941579538403831	0.9986076033412821	0.9908983893740019	0.9917391943290044	0.9913771005417443	0.992302913248743	0.9921700820699186	0.9907658249762835	0.9969783153139088	0.9901654419936148	0.9936793529172769	0.9942308317680343	0.987633905712971	0.9945280931378736	0.993515806616555	0.9940483362874569	0.9900739066127372	0.9975111683262751	0.9955083792241736	0.9906510525375399
0.9935805979298001	0.9938980378212192	0.9935594088250838	0.9918565685759028	0.9995243648247488	0.9994658354369839	0.9997838277678313	1.0	0.9991547503027701	0.9995400268871617	0.999417814480903	0.999095725948725	0.9996045996133266	0.9995729515575497	0.9966748999127102	0.9966896867062495	0.9940728409745299	0.9937546209613208	0.9912575065026914	0.9863152681904768	0.9886750128931866	0.994344646571734	0.9986583473270008	0.9908833579974111	0.9917391943290044	0.9915993376198347	0.9923636547301307	0.9922238893468724	0.9898562760867067	0.9971406536224845	0.9900665807238703	0.993736373553161	0.9942535700384373	0.9876541919189697	0.9936915193998059	0.9936158082886057	0.9932357385502492	0.9901608162437859	0.9976585136207966	0.9954776346764532	0.9906510525375399
0.9907683369300878	0.9942890655481289	0.993814926432396	0.9887307595962778	0.9978118262844065	0.9972160269103625	0.9987347821377672	0.9991547503027701	1.0	0.9989292719910882	0.998756448312417	0.995932497928514	0.9988321690787214	0.9977114023074648	0.9939153105929563	0.9961205988012801	0.991010006242992	0.9944250597300706	0.9915661425878753	0.988495402480812	0.9851669904537299	0.9932061472066763	0.9954677414706034	0.9878460401283474	0.9885388070721006	0.9882001190688331	0.9902331312550142	0.9886502807799634	0.9912553170718632	0.9967706862444142	0.9864052244785665	0.9905073569475876	0.9919231456836078	0.9839213907366693	0.9943385825621767	0.989925418068726	0.9939403591787775	0.9865164834027742	0.9940922978972667	0.9906162341673164	0.9873283770008229
0.9932977146688948	0.9938517446718514	0.9934407309306915	0.9917234850785793	0.9994460613048528	0.9994850609256207	0.9994842825971201	0.9995400268871617	0.9989292719910882	1.0	0.9993345341643884	0.9990331677562476	0.9995503160413887	0.9995060271553897	0.9966641381955732	0.9965301889150182	0.9938398320920393	0.993904554081677	0.9910372854276844	0.9865604395836101	0.9885667976657925	0.9941799723558723	0.9983868143753755	0.9905812847949207	0.9913467322706297	0.991302688160863	0.9921505697237372	0.9920622041705135	0.9902128712645747	0.9968764496988197	0.9900524334795839	0.9934694333491739	0.9940254821862442	0.9874303531032734	0.9938411726805989	0.9933652356189816	0.9933833551174049	0.9899431115153292	0.9973483307647493	0.9955083792241736	0.9906261549250692
0.9932164449970556	0.9937184980242281	0.9934515374219385	0.9914960061917675	0.9992199079910633	0.9992342599556636	0.9995571472692454	0.999417814480903	0.998756448312417	0.9993345341643884	1.0	0.9987922666548369	0.9993414057891538	0.9993333159700303	0.9967286562707491	0.9966896867062495	0.993815209239617	0.9938197260234951	0.9908857575201819	0.9861753301208975	0.9882400030690454	0.9943117771202444	0.9984208773882498	0.9905661083566342	0.9913467322706297	0.9913399152972019	0.9920588256265415	0.9920441902572665	0.9897690624211253	0.9967640356614568	0.9897682073862828	0.9932966856815352	0.9936572438412766	0.9870194317398191	0.9938723430540057	0.9933022950670658	0.9932031803690774	0.9898556258779236	0.9972442900453554	0.9952151493891317	0.9897682655403801
0.9908776837098785	0.9942244905685862	0.9938728453406235	0.988621877045414	0.9971548148479208	0.9972870592984144	0.9986553301541714	0.999095725948725	0.995932497928514	0.9990331677562476	0.9987922666548369	1.0	0.9989913969109293	0.9979512875852623	0.9942847436946578	0.9962481283733948	0.9905834103824084	0.9943208430610502	0.991497879710343	0.9876251485633984	0.9856442858779719	0.9932824822225748	0.996112603498659	0.9878130530972001	0.9888886532595055	0.9887077007726904	0.9895794245076767	0.9894395522735526	0.9911291030049925	0.9961458405844296	0.9873402285943861	0.9911090527869385	0.991653779426361	0.984751429568008	0.9941882860411522	0.9905991851869755	0.9939215705783457	0.986902006118258	0.9945313483568626	0.9920113456545474	0.987874373365051
0.993419246376821	0.994261790009359	0.9936077606210331	0.9917767827831956	0.9992100403218904	0.9994465988474318	0.9992188040998347	0.9996045996133266	0.9988321690787214	0.9995503160413887	0.9993414057891538	0.9989913969109293	1.0	0.9994677241961897	0.9967930493013867	0.996430112492454	0.9939135910334708	0.9942936247260454	0.9911354329941516	0.9871068874065362	0.9886317694358884	0.9942019762514792	0.9985058827057656	0.990611616761333	0.9916148247936319	0.9915808748328174	0.9919975211847863	0.9922238893468724	0.9906653579299295	0.9967230633491632	0.9900382801680322	0.9936793529172769	0.994185308370666	0.9875119252546306	0.9943466147307697	0.9934907589458848	0.9938020993629753	0.9900521433976297	0.9972294004683752	0.9955697829979413	0.9905763033106654
0.9926419009386426	0.9947617906012599	0.9942725011534611	0.9907353915320252	0.9979119413235725	0.9982017424025784	0.999082252617398	0.9995729515575497	0.9977114023074648	0.9995060271553897	0.9993333159700303	0.9979512875852623	0.9994677241961897	1.0	0.9957806505035018	0.9964930340623781	0.9927768713400498	0.9949379388639435	0.9916386681904849	0.9877282451240035	0.9876657632638665	0.9938213360733779	0.9978023432557618	0.9894546483327267	0.9904923386242483	0.9909845524556887	0.990297795340237	0.9913890644734322	0.9910388593059266	0.9959969046852561	0.9890613248896589	0.9928705796297379	0.9932380223451371	0.9862877320797153	0.9947507502048157	0.9926276626438515	0.9944846717585237	0.9894368712585544	0.9961855648529424	0.994699612310393	0.9894342632381584
0.9907244966463593	0.9939631722165676	0.9933741474317187	0.9888990406787278	0.9946335750415022	0.9954808515209431	0.9966533729912409	0.9966748999127102	0.9939153105929563	0.9966641381955732	0.9967286562707491	0.9942847436946578	0.9967930493013867	0.9957806505035018	1.0	0.9985675417037595	0.9907594832430318	0.9944269663891809	0.9906242979367627	0.98721162076345	0.9870813292771289	0.9932789236129197	0.995243729519651	0.9873477302291245	0.9881259024685521	0.9892472485257829	0.9872899642402319	0.9904570667392752	0.9902214360387273	0.9958248357499841	0.9873709423674261	0.9915380223244143	0.9917274608869352	0.9846627011750569	0.9941726832087177	0.9908850860898368	0.9938110305314368	0.9874719495702831	0.9945474983279469	0.9939673410472933	0.9869128521831694
0.992455087287507	0.9936290568467365	0.9929681487978894	0.9906666200465921	0.9965397382649114	0.9962053992578606	0.9965900903632862	0.9966896867062495	0.9961205988012801	0.9965301889150182	0.9966896867062495	0.9962481283733948	0.996430112492454	0.9964930340623781	0.9985675417037595	1.0	0.9930048348437219	0.9940085821627506	0.9905331180131706	0.9865132430818246	0.9879320418095403	0.9936809817292082	0.9965836642456319	0.9898448289988973	0.9905107492630215	0.9906253250500997	0.9910640445741362	0.9911492632236477	0.9899166070840225	0.9966615099849716	0.9890904758046173	0.9924389158326363	0.9935180921825684	0.9864984555779381	0.9939762212472839	0.9924471375197742	0.9935744822209565	0.9892143199469339	0.9969452237647074	0.9952306473206237	0.9879554974403517
0.9944738420968734	0.9967144273945701	0.9961912002128896	0.988209128620138	0.9923805481739725	0.992303289014307	0.9939871861287036	0.9940728409745299	0.991010006242992	0.9938398320920393	0.993815209239617	0.9905834103824084	0.9939135910334708	0.9927768713400498	0.9907594832430318	0.9930048348437219	1.0	0.9989826322864345	0.9909614845977193	0.9884518208572138	0.9860446053929058	0.9974068573333771	0.9919580466675293	0.9876807734942081	0.9884605565138307	0.993114531233512	0.9899405647647389	0.9930556409344251	0.9905562387265991	0.9935058692058237	0.9865471807568029	0.9948750073969295	0.9938188520063481	0.9854960937365734	0.9968608145188024	0.9945631973023051	0.9982472079785272	0.9862487902445424	0.9911139872387409	0.9885583975955626	0.9839692681251643
0.9976466214476178	0.9969642636984366	0.9969063105143906	0.9917234850785793	0.994670067231344	0.9945416958558282	0.9945069174210345	0.9937546209613208	0.9944250597300706	0.993904554081677	0.9938197260234951	0.9943208430610502	0.9942936247260454	0.9949379388639435	0.9944269663891809	0.9940085821627506	0.9989826322864345	1.0	0.9903201687123023	0.9870912838147591	0.9888259197200798	0.9992526662205838	0.9948669815387892	0.9905812847949207	0.9913826038452466	0.9961774052263294	0.9921200166290125	0.9963152894114169	0.989487700169893	0.9944758213764373	0.9901231091339829	0.9980237056024708	0.9964308313648008	0.989237899146155	0.9964931480083506	0.9983640590933515	0.9982080445628496	0.9904417024782683	0.9944666696793434	0.9929374378526203	0.9875478634331389
0.9908121190945947	0.9902725960384522	0.9896478287954004	0.990278830061072	0.9916639670971615	0.9912498878516293	0.9915857009207302	0.9912575065026914	0.9915661425878753	0.9910372854276844	0.9908857575201819	0.991497879710343	0.9911354329941516	0.9916386681904849	0.9906242979367627	0.9905331180131706	0.9909614845977193	0.9903201687123023	1.0	0.9863061095703075	0.9921189254444523	0.9903082274960403	0.9917713617166966	0.9934706467876002	0.9942813065574342	0.9885461237803315	0.9915962474085247	0.9889682604647518	0.9883237699960519	0.9913134597222433	0.9882344524291045	0.9910679065829138	0.9914317444026461	0.9862242507628973	0.990343929364293	0.9901587100325786	0.9900336987096877	0.9882628422882138	0.9922927615918143	0.9897133815750375	0.9864920116289879
0.9882898335370722	0.9872985021061458	0.98716288752803	0.9874589618477012	0.9884662439471613	0.9874140455470981	0.9873055610424025	0.9863152681904768	0.988495402480812	0.9865604395836101	0.9861753301208975	0.9876251485633984	0.9871068874065362	0.9877282451240035	0.98721162076345	0.9865132430818246	0.9884518208572138	0.9870912838147591	0.9863061095703075	1.0	0.98566796957289	0.9878028253199032	0.9885396527537093	0.9864657045438114	0.9881259024685521	0.9867357995633284	0.9895794245076767	0.9869496174391423	0.9849854491379366	0.9876411968683536	0.9853450456183679	0.9888983890737619	0.9887514663583258	0.9827887856979668	0.9870527741952417	0.988056097904993	0.9867171222827106	0.9849275200975913	0.988583508252628	0.9862212625625184	0.9830415418349928
0.9736507525784369	0.9885234118743902	0.9880643779579404	0.9843639613475333	0.9873298575034732	0.9875988557697345	0.9886101264093917	0.9886750128931866	0.9851669904537299	0.9885667976657925	0.9882400030690454	0.9856442858779719	0.9886317694358884	0.9876657632638665	0.9870813292771289	0.9879320418095403	0.9860446053929058	0.9888259197200798	0.9921189254444523	0.98566796957289	1.0	0.9880423588280135	0.9748802823317578	0.9881523075658367	0.9838425178160339	0.9757637760528112	0.9732872258046713	0.9752142545636124	0.9863706580915546	0.9882400030690454	0.9819359719674312	0.9745382271328934	0.9743149162175455	0.9712305860014772	0.9887181996823278	0.9863010613759783	0.9883056218259314	0.9705205270995005	0.9766802882052752	0.9772670668417643	0.9703602937791829
0.9964136443313234	0.997166955390185	0.9967316063496043	0.9907765857855444	0.9935306302222664	0.993395841029508	0.9941579538403831	0.994344646571734	0.9932061472066763	0.9941799723558723	0.9943117771202444	0.9932824822225748	0.9942019762514792	0.9938213360733779	0.9932789236129197	0.9936809817292082	0.9974068573333771	0.9992526662205838	0.9903082274960403	0.9878028253199032	0.9880423588280135	1.0	0.9941778564656627	0.9892814957061845	0.9902891410783342	0.995593586960227	0.9908105984902289	0.9953673282855161	0.990419391333941	0.9931785266122326	0.9891196009678803	0.9968689924585328	0.9953490631996393	0.9883564487411972	0.9974274497472073	0.9969722712887319	0.9987385679099346	0.9894368712585544	0.9932467631989156	0.9920113456545474	0.9862084291027063
0.9788946139288089	0.9946388611199543	0.9945433457652244	0.9900200364507133	0.9975935827066771	0.9974010606956146	0.9986076033412821	0.9986583473270008	0.9954677414706034	0.9983868143753755	0.9984208773882498	0.996112603498659	0.9985058827057656	0.9978023432557618	0.995243729519651	0.9965836642456319	0.9919580466675293	0.9948669815387892	0.9917713617166966	0.9885396527537093	0.9748802823317578	0.9941778564656627	1.0	0.9853881843788925	0.9808460946044826	0.9809329823423609	0.9757448212870954	0.9812782428699719	0.9914788510631358	0.997065873893836	0.9881473243797518	0.9809040454105743	0.9804239390062792	0.9757394729984419	0.9948480313300153	0.9914788510631358	0.9945242096270112	0.9729799817545439	0.9869655621831617	0.9839693448508433	0.9744442970776345
0.9853006814076033	0.9900767415557838	0.9898913420858692	0.9866200652213708	0.9897204725707518	0.9887885703702803	0.9908983893740019	0.9908833579974111	0.9878460401283474	0.9905812847949207	0.9905661083566342	0.9878130530972001	0.990611616761333	0.9894546483327267	0.9873477302291245	0.9898448289988973	0.9876807734942081	0.9905812847949207	0.9934706467876002	0.9864657045438114	0.9881523075658367	0.9892814957061845	0.9853881843788925	1.0	0.9930772526494852	0.9822992934253626	0.9883005097629005	0.9820366496331232	0.9879776587940321	0.9903987054976735	0.984645486998065	0.9844062244855261	0.985745625443576	0.9800426706191407	0.9902764225809321	0.9864485085439418	0.9902304494486689	0.981100442930769	0.9868157423409148	0.9805228588153345	0.9812361848692
0.980669659504695	0.9909858581693917	0.9907491580947745	0.9882049510002495	0.9903446827443001	0.9898601877609545	0.9917391943290044	0.9917391943290044	0.9885388070721006	0.9913467322706297	0.9913467322706297	0.9888886532595055	0.9916148247936319	0.9904923386242483	0.9881259024685521	0.9905107492630215	0.9884605565138307	0.9913826038452466	0.9942813065574342	0.9881259024685521	0.9838425178160339	0.9902891410783342	0.9808460946044826	0.9930772526494852	1.0	0.9773943293601164	0.9848292340296224	0.9779854530157811	0.9891582117375024	0.9911487394813248	0.9852106911483907	0.9799592458409996	0.9821426888915366	0.9748102535562674	0.9912748720880338	0.9874865889060288	0.9908950203117345	0.9769281788655514	0.9830204675461752	0.9763520212602164	0.9759986236569369
0.983954513206785	0.9944789053786229	0.9941045635251907	0.9859127158367589	0.9899919612652506	0.9904728944830261	0.9913771005417443	0.9915993376198347	0.9882001190688331	0.991302688160863	0.9913399152972019	0.9887077007726904	0.9915808748328174	0.9909845524556887	0.9892472485257829	0.9906253250500997	0.993114531233512	0.9961774052263294	0.9885461237803315	0.9867357995633284	0.9757637760528112	0.995593586960227	0.9809329823423609	0.9822992934253626	0.9773943293601164	1.0	0.9764915997513625	0.9812290133763998	0.9886673807338544	0.9912094364121077	0.9840166024118526	0.9841786151363695	0.9826314888976115	0.973435245260425	0.9945633966769549	0.9930085744325814	0.9957730677351982	0.9739000413706002	0.9806933116981414	0.9784856235022177	0.9712733809037923
0.9767855782799101	0.9920894352810055	0.9916582997588406	0.9962797311835668	0.9918745702672552	0.9889798031054938	0.992302913248743	0.9923636547301307	0.9902331312550142	0.9921505697237372	0.9920588256265415	0.9895794245076767	0.9919975211847863	0.990297795340237	0.9872899642402319	0.9910640445741362	0.9899405647647389	0.9921200166290125	0.9915962474085247	0.9895794245076767	0.9732872258046713	0.9908105984902289	0.9757448212870954	0.9883005097629005	0.9848292340296224	0.9764915997513625	1.0	0.9758453877030134	0.9905231273281575	0.9918745702672552	0.9911900421364761	0.9764423441751446	0.9747735996146757	0.9759456441587255	0.9923636547301307	0.9884033007799236	0.9922115913652872	0.9775091191704529	0.9849814313970918	0.97223838691324	0.9700929923876784
0.983493229780275	0.9948747251004192	0.9946256523187449	0.9863982825550017	0.9905326021083938	0.9911122157579326	0.9921700820699186	0.9922238893468724	0.9886502807799634	0.9920622041705135	0.9920441902572665	0.9894395522735526	0.9922238893468724	0.9913890644734322	0.9904570667392752	0.9911492632236477	0.9930556409344251	0.9963152894114169	0.9889682604647518	0.9869496174391423	0.9752142545636124	0.9953673282855161	0.9812782428699719	0.9820366496331232	0.9779854530157811	0.9812290133763998	0.9758453877030134	1.0	0.9886901964151331	0.9914074388426606	0.9849557411660859	0.9842799698337384	0.9826638176218749	0.975426737930717	0.9949243159414685	0.9929681439074195	0.9959489579291708	0.9757033477338051	0.9801773875530401	0.9804092429980313	0.9741984309900302
0.9903050849585269	0.9901315570349737	0.9898599141322554	0.9900972244376874	0.991365278460222	0.9907534835348635	0.9907658249762835	0.9898562760867067	0.9912553170718632	0.9902128712645747	0.9897690624211253	0.9911291030049925	0.9906653579299295	0.9910388593059266	0.9902214360387273	0.9899166070840225	0.9905562387265991	0.989487700169893	0.9883237699960519	0.9849854491379366	0.9863706580915546	0.990419391333941	0.9914788510631358	0.9879776587940321	0.9891582117375024	0.9886673807338544	0.9905231273281575	0.9886901964151331	1.0	0.9905813809090692	0.9883538550276058	0.9912526622885227	0.9910583382971899	0.9853876376530377	0.9892774598163737	0.9902002551591303	0.9892900725202075	0.9881477190512711	0.9918753290126469	0.9888415620556623	0.9858648689649335
0.9931757352284938	0.9943108996501391	0.9937551564375945	0.9912128237958071	0.9966251810295186	0.9954545643293877	0.9969783153139088	0.9971406536224845	0.9967706862444142	0.9968764496988197	0.9967640356614568	0.9961458405844296	0.9967230633491632	0.9959969046852561	0.9958248357499841	0.9966615099849716	0.9935058692058237	0.9944758213764373	0.9913134597222433	0.9876411968683536	0.9882400030690454	0.9931785266122326	0.997065873893836	0.9903987054976735	0.9911487394813248	0.9912094364121077	0.9918745702672552	0.9914074388426606	0.9905813809090692	1.0	0.9891777742240508	0.9933927678472512	0.9939796756080059	0.9867078373057225	0.9944319224203525	0.9926662187822259	0.9941119041692794	0.9890127313575653	0.9974668371166011	0.9946681085512199	0.988887471645366
0.9861935922534328	0.9901372261210973	0.989953232589245	0.9925454383947598	0.9884431238368809	0.9886799983333692	0.9901654419936148	0.9900665807238703	0.9864052244785665	0.9900524334795839	0.9897682073862828	0.9873402285943861	0.9900382801680322	0.9890613248896589	0.9873709423674261	0.9890904758046173	0.9865471807568029	0.9901231091339829	0.9882344524291045	0.9853450456183679	0.9819359719674312	0.9891196009678803	0.9881473243797518	0.984645486998065	0.9852106911483907	0.9840166024118526	0.9911900421364761	0.9849557411660859	0.9883538550276058	0.9891777742240508	1.0	0.9865995356303265	0.9875206048695043	0.9810996628744612	0.9903762957060674	0.986230885897845	0.9897682073862828	0.9909540660868794	0.9876618067910403	0.9844224452496324	0.9825676410334732
0.9818112197823075	0.9959580850459853	0.9959403203822011	0.988876396936854	0.9925178202008802	0.9924191602998054	0.9936793529172769	0.993736373553161	0.9905073569475876	0.9934694333491739	0.9932966856815352	0.9911090527869385	0.9936793529172769	0.9928705796297379	0.9915380223244143	0.9924389158326363	0.9948750073969295	0.9980237056024708	0.9910679065829138	0.9888983890737619	0.9745382271328934	0.9968689924585328	0.9809040454105743	0.9844062244855261	0.9799592458409996	0.9841786151363695	0.9764423441751446	0.9842799698337384	0.9912526622885227	0.9933927678472512	0.9865995356303265	1.0	0.9812440230317278	0.9780266650766267	0.9962410345344209	0.9943944628372784	0.99733229333608	0.9729226600862575	0.983615495925792	0.9797274732156098	0.9742395381493936
0.9808365522466391	0.9977250719169533	0.9972715717629395	0.9895734165712075	0.9931206237431194	0.992813424396272	0.9942308317680343	0.9942535700384373	0.9919231456836078	0.9940254821862442	0.9936572438412766	0.991653779426361	0.994185308370666	0.9932380223451371	0.9917274608869352	0.9935180921825684	0.9938188520063481	0.9964308313648008	0.9914317444026461	0.9887514663583258	0.9743149162175455	0.9953490631996393	0.9804239390062792	0.985745625443576	0.9821426888915366	0.9826314888976115	0.9747735996146757	0.9826638176218749	0.9910583382971899	0.9939796756080059	0.9875206048695043	0.9812440230317278	1.0	0.9786828286838292	0.9979291814893991	0.9930970939810339	0.9961958482387253	0.9739370749659932	0.984881301398347	0.9787193058712107	0.9680236951769868
0.976513810007991	0.9895073901621331	0.9892185652539341	0.9840800441979255	0.9861818616802651	0.9865614101903804	0.987633905712971	0.9876541919189697	0.9839213907366693	0.9874303531032734	0.9870194317398191	0.984751429568008	0.9875119252546306	0.9862877320797153	0.9846627011750569	0.9864984555779381	0.9854960937365734	0.989237899146155	0.9862242507628973	0.9827887856979668	0.9712305860014772	0.9883564487411972	0.9757394729984419	0.9800426706191407	0.9748102535562674	0.973435245260425	0.9759456441587255	0.975426737930717	0.9853876376530377	0.9867078373057225	0.9810996628744612	0.9780266650766267	0.9786828286838292	1.0	0.9897746971438454	0.9851039642345499	0.9892185652539341	0.9722167794011427	0.9784707582999805	0.9735861165610254	0.9853134441356353
0.9958359976982307	0.9991836299281533	0.9992463051003014	0.9917501446719182	0.9946926872506373	0.9945193859589969	0.9945280931378736	0.9936915193998059	0.9943385825621767	0.9938411726805989	0.9938723430540057	0.9941882860411522	0.9943466147307697	0.9947507502048157	0.9941726832087177	0.9939762212472839	0.9968608145188024	0.9964931480083506	0.990343929364293	0.9870527741952417	0.9887181996823278	0.9974274497472073	0.9948480313300153	0.9902764225809321	0.9912748720880338	0.9945633966769549	0.9923636547301307	0.9949243159414685	0.9892774598163737	0.9944319224203525	0.9903762957060674	0.9962410345344209	0.9979291814893991	0.9897746971438454	1.0	0.9964492787997151	0.9963237066167586	0.9903986444692593	0.9944666696793434	0.9931195861619055	0.9872732759252297
0.9942379881143	0.9963804513323249	0.9961731089322724	0.9873829964178624	0.9918206055887853	0.9923305632895084	0.993515806616555	0.9936158082886057	0.989925418068726	0.9933652356189816	0.9933022950670658	0.9905991851869755	0.9934907589458848	0.9926276626438515	0.9908850860898368	0.9924471375197742	0.9945631973023051	0.9983640590933515	0.9901587100325786	0.988056097904993	0.9863010613759783	0.9969722712887319	0.9914788510631358	0.9864485085439418	0.9874865889060288	0.9930085744325814	0.9884033007799236	0.9929681439074195	0.9902002551591303	0.9926662187822259	0.986230885897845	0.9943944628372784	0.9930970939810339	0.9851039642345499	0.9964492787997151	1.0	0.997653349705525	0.9860772981256033	0.9904079595632201	0.9889728775189194	0.9839692681251643
0.9971263765123737	0.996761988245394	0.9966129368001563	0.991361460044706	0.9941914461829059	0.994115218537495	0.9940483362874569	0.9932357385502492	0.9939403591787775	0.9933833551174049	0.9932031803690774	0.9939215705783457	0.9938020993629753	0.9944846717585237	0.9938110305314368	0.9935744822209565	0.9982472079785272	0.9982080445628496	0.9900336987096877	0.9867171222827106	0.9883056218259314	0.9987385679099346	0.9945242096270112	0.9902304494486689	0.9908950203117345	0.9957730677351982	0.9922115913652872	0.9959489579291708	0.9892900725202075	0.9941119041692794	0.9897682073862828	0.99733229333608	0.9961958482387253	0.9892185652539341	0.9963237066167586	0.997653349705525	1.0	0.9900085738640284	0.9940922978972667	0.9924692126727799	0.9875751966167524
0.9736137808349438	0.9902474976254968	0.9900739066127372	0.9925664203233234	0.9880321920328176	0.9885602934376099	0.9900739066127372	0.9901608162437859	0.9865164834027742	0.9899431115153292	0.9898556258779236	0.986902006118258	0.9900521433976297	0.9894368712585544	0.9874719495702831	0.9892143199469339	0.9862487902445424	0.9904417024782683	0.9882628422882138	0.9849275200975913	0.9705205270995005	0.9894368712585544	0.9729799817545439	0.981100442930769	0.9769281788655514	0.9739000413706002	0.9775091191704529	0.9757033477338051	0.9881477190512711	0.9890127313575653	0.9909540660868794	0.9729226600862575	0.9739370749659932	0.9722167794011427	0.9903986444692593	0.9860772981256033	0.9900085738640284	1.0	0.9790352913339989	0.9762386708968465	0.9684529239519803
0.9826069176796198	0.9943694144214271	0.9940103500588432	0.9897985274628252	0.9959387577840616	0.9952504206991083	0.9975111683262751	0.9976585136207966	0.9940922978972667	0.9973483307647493	0.9972442900453554	0.9945313483568626	0.9972294004683752	0.9961855648529424	0.9945474983279469	0.9969452237647074	0.9911139872387409	0.9944666696793434	0.9922927615918143	0.988583508252628	0.9766802882052752	0.9932467631989156	0.9869655621831617	0.9868157423409148	0.9830204675461752	0.9806933116981414	0.9849814313970918	0.9801773875530401	0.9918753290126469	0.9974668371166011	0.9876618067910403	0.983615495925792	0.984881301398347	0.9784707582999805	0.9944666696793434	0.9904079595632201	0.9940922978972667	0.9790352913339989	1.0	0.9824579018326561	0.9815987551045373
0.9788001229210241	0.9929706303688455	0.992770974094532	0.985187461752751	0.9936113203058965	0.9946207967143097	0.9955083792241736	0.9954776346764532	0.9906162341673164	0.9955083792241736	0.9952151493891317	0.9920113456545474	0.9955697829979413	0.994699612310393	0.9939673410472933	0.9952306473206237	0.9885583975955626	0.9929374378526203	0.9897133815750375	0.9862212625625184	0.9772670668417643	0.9920113456545474	0.9839693448508433	0.9805228588153345	0.9763520212602164	0.9784856235022177	0.97223838691324	0.9804092429980313	0.9888415620556623	0.9946681085512199	0.9844224452496324	0.9797274732156098	0.9787193058712107	0.9735861165610254	0.9931195861619055	0.9889728775189194	0.9924692126727799	0.9762386708968465	0.9824579018326561	1.0	0.9750108497760519
0.9726396636367607	0.9872456907523439	0.986576611645455	0.9844535292452603	0.9894600761393901	0.9891489797779341	0.9906510525375399	0.9906510525375399	0.9873283770008229	0.9906261549250692	0.9897682655403801	0.987874373365051	0.9905763033106654	0.9894342632381584	0.9869128521831694	0.9879554974403517	0.9839692681251643	0.9875478634331389	0.9864920116289879	0.9830415418349928	0.9703602937791829	0.9862084291027063	0.9744442970776345	0.9812361848692	0.9759986236569369	0.9712733809037923	0.9700929923876784	0.9741984309900302	0.9858648689649335	0.988887471645366	0.9825676410334732	0.9742395381493936	0.9680236951769868	0.9853134441356353	0.9872732759252297	0.9839692681251643	0.9875751966167524	0.9684529239519803	0.9815987551045373	0.9750108497760519	1.0
