/home/jshaw/scratch/2022_sketched_distance/references/SGB_genome_fastas_part4/9203/Bengtsson-PalmeJ_2015__TRAVELRES18__bin.13.fa	/home/jshaw/scratch/2022_sketched_distance/references/SGB_genome_fastas_part4/9203/Bengtsson-PalmeJ_2015__TRAVELRES1__bin.76.fa	/home/jshaw/scratch/2022_sketched_distance/references/SGB_genome_fastas_part4/9203/Bengtsson-PalmeJ_2015__TRAVELRES2__bin.24.fa	/home/jshaw/scratch/2022_sketched_distance/references/SGB_genome_fastas_part4/9203/Bengtsson-PalmeJ_2015__TRAVELRES55__bin.79.fa	/home/jshaw/scratch/2022_sketched_distance/references/SGB_genome_fastas_part4/9203/Bengtsson-PalmeJ_2015__TRAVELRES60__bin.8.fa	/home/jshaw/scratch/2022_sketched_distance/references/SGB_genome_fastas_part4/9203/Bengtsson-PalmeJ_2015__TRAVELRES61__bin.16.fa	/home/jshaw/scratch/2022_sketched_distance/references/SGB_genome_fastas_part4/9203/Bengtsson-PalmeJ_2015__TRAVELRES66__bin.47.fa	/home/jshaw/scratch/2022_sketched_distance/references/SGB_genome_fastas_part4/9203/CM_madagascar__A89_01_1FE__bin.10.fa	/home/jshaw/scratch/2022_sketched_distance/references/SGB_genome_fastas_part4/9203/HMP_2012__SRS017103__bin.53.fa	/home/jshaw/scratch/2022_sketched_distance/references/SGB_genome_fastas_part4/9203/HMP_2012__SRS024435__bin.32.fa	/home/jshaw/scratch/2022_sketched_distance/references/SGB_genome_fastas_part4/9203/LiJ_2017__H2M415914__bin.38.fa	/home/jshaw/scratch/2022_sketched_distance/references/SGB_genome_fastas_part4/9203/LiJ_2017__H2M515921__bin.40.fa	/home/jshaw/scratch/2022_sketched_distance/references/SGB_genome_fastas_part4/9203/LiuW_2016__SRR3992958__bin.38.fa	/home/jshaw/scratch/2022_sketched_distance/references/SGB_genome_fastas_part4/9203/LiuW_2016__SRR3992984__bin.72.fa	/home/jshaw/scratch/2022_sketched_distance/references/SGB_genome_fastas_part4/9203/LiuW_2016__SRR3992987__bin.62.fa	/home/jshaw/scratch/2022_sketched_distance/references/SGB_genome_fastas_part4/9203/LiuW_2016__SRR3993020__bin.68.fa	/home/jshaw/scratch/2022_sketched_distance/references/SGB_genome_fastas_part4/9203/LouisS_2016__AS66_18__bin.38.fa	/home/jshaw/scratch/2022_sketched_distance/references/SGB_genome_fastas_part4/9203/VatanenT_2016__G80433__bin.10.fa	/home/jshaw/scratch/2022_sketched_distance/references/SGB_genome_fastas_part4/9203/WenC_2017__N252__bin.15.fa	/home/jshaw/scratch/2022_sketched_distance/references/SGB_genome_fastas_part4/9203/XieH_2016__YSZC12003_35387__bin.46.fa	/home/jshaw/scratch/2022_sketched_distance/references/SGB_genome_fastas_part4/9203/XieH_2016__YSZC12003_36244__bin.54.fa	/home/jshaw/scratch/2022_sketched_distance/references/SGB_genome_fastas_part4/9203/XieH_2016__YSZC12003_37332__bin.24.fa	/home/jshaw/scratch/2022_sketched_distance/references/SGB_genome_fastas_part4/9203/XieH_2016__YSZC12003_37830__bin.113.fa	/home/jshaw/scratch/2022_sketched_distance/references/SGB_genome_fastas_part4/9203/YuJ_2015__SZAXPI015264-87__bin.24.fa	/home/jshaw/scratch/2022_sketched_distance/references/SGB_genome_fastas_part4/9203/ZeeviD_2015__PNP_Main_166__bin.6.fa	/home/jshaw/scratch/2022_sketched_distance/references/SGB_genome_fastas_part4/9203/ZeeviD_2015__PNP_Main_520__bin.58.fa
1.0	0.9838208582603286	0.9846421791066328	0.9843191292734521	0.9845676174682594	0.9782155384966312	0.9814707172929996	0.9826160412936333	0.9836001676017608	0.9843593343393308	0.9744785325373112	0.9838869180793194	0.9857792592252219	0.9756523281748458	0.9834189252756682	0.9747195665930536	0.9789211496038828	0.9755983315198706	0.9836425773692888	0.9837846180553346	0.9801199082693156	0.9818493029803801	0.980354144364187	0.9834903649616457	0.9749159554877365	0.9756819643237241
0.9838208582603286	1.0	0.9986949198037783	0.9948844503726038	0.9905073912726565	0.9867372244187326	0.988063184544328	0.9919380979466753	0.9833135399556403	0.9852475311221588	0.9833572137496561	0.996668607396406	0.9904469769722146	0.9847738117574878	0.9927048325462664	0.9849358707372596	0.9791189929753639	0.9749684596050708	0.9939586114236423	0.9934393065934368	0.9901831807240277	0.9906065639505506	0.9892838497209232	0.9957612340321516	0.9812892588082653	0.9836860636590343
0.9846421791066328	0.9986949198037783	1.0	0.9945305910190038	0.9911189859322327	0.9875796684708869	0.988798220393988	0.9911086581531867	0.9836223966035795	0.9856552821409266	0.9830898431819288	0.9961445901191693	0.9899256752030902	0.9843190916141437	0.992179647044547	0.9845685049143312	0.9792848610972749	0.975537782228579	0.9934760454387024	0.9929741683063921	0.9893960004262715	0.9903015671794319	0.989059812712933	0.9949617524605472	0.9813282775183214	0.9836782560602927
0.9843191292734521	0.9948844503726038	0.9945305910190038	1.0	0.9902959464957773	0.9838568615575939	0.9877194564941297	0.9917897065196173	0.9843462604290514	0.9859789643369193	0.9824585532809791	0.9943535368812738	0.9906601035889036	0.9843085032959554	0.9922650976278331	0.9843112631296993	0.9797683014651901	0.9758692698534631	0.9925881825873706	0.9930003990704879	0.9898250736256851	0.9907095067895021	0.9890626210333463	0.9938268007970423	0.9809523200493898	0.9835558331001144
0.9845676174682594	0.9905073912726565	0.9911189859322327	0.9902959464957773	1.0	0.9830012335640149	0.9859163686177983	0.9885189722332005	0.9825330639276886	0.9845473309840668	0.9781083862657473	0.990217067937987	0.9867454567297419	0.9799889369090159	0.9895679918934026	0.9804109911513372	0.9773845714267445	0.9750677567493803	0.988398101728576	0.9893587477070523	0.9858301056067225	0.9868104680696594	0.9858885533726681	0.9897306313548313	0.9806946185036974	0.980458238547937
0.9782155384966312	0.9867372244187326	0.9875796684708869	0.9838568615575939	0.9830012335640149	1.0	0.9823961333744171	0.9802727083921228	0.9768740863051678	0.9783739306800481	0.9757182624346106	0.9858937610063309	0.9794288236840456	0.9747143760053817	0.9812704924850083	0.9746029896382186	0.9720943323029969	0.9724675326149482	0.9838444640891022	0.982586168531033	0.9811416243293456	0.9800134996467494	0.9807599501873323	0.9848026084104587	0.9758004295734778	0.975625690525116
0.9814707172929996	0.988063184544328	0.988798220393988	0.9877194564941297	0.9859163686177983	0.9823961333744171	1.0	0.9849412920185185	0.9804287114003809	0.9816034963084924	0.9776258184950645	0.9886054639560508	0.9841739676801834	0.9799616993196608	0.9862961898248723	0.9793634115293296	0.9754721917802229	0.9740023017950419	0.9864358119639894	0.9864596323623703	0.9841180827791297	0.9839219754058646	0.9837111210939946	0.987746964751388	0.978735831746838	0.9800691767686418
0.9826160412936333	0.9919380979466753	0.9911086581531867	0.9917897065196173	0.9885189722332005	0.9802727083921228	0.9849412920185185	1.0	0.9826276129188838	0.9841266946064807	0.97928771192323	0.9917437829849686	0.9891765806263176	0.9821339886802215	0.9906529874765613	0.9821874572486445	0.9776218075642482	0.9733848529106349	0.9897936914330604	0.9908374462991647	0.9873052527288232	0.9887970670265566	0.9866873793711581	0.9917625004171043	0.9796932498541558	0.9806657960554588
0.9836001676017608	0.9833135399556403	0.9836223966035795	0.9843462604290514	0.9825330639276886	0.9768740863051678	0.9804287114003809	0.9826276129188838	1.0	0.9855282525177119	0.9752321948646874	0.983624250438546	0.9855053216344044	0.9763751006820994	0.9829540687941459	0.9755137980854549	0.9795057758833713	0.9747747718950833	0.9834857362869085	0.9832541204794913	0.9798144117247323	0.9820971664686164	0.9819478966919344	0.983172748866546	0.9745640881180727	0.9773038974516115
0.9843593343393308	0.9852475311221588	0.9856552821409266	0.9859789643369193	0.9845473309840668	0.9783739306800481	0.9816034963084924	0.9841266946064807	0.9855282525177119	1.0	0.9751875069122268	0.9852708336452245	0.9861653373900234	0.9769620295509345	0.9846958232827403	0.9764495529571867	0.9795280955255405	0.9753687331539105	0.9843840545393368	0.9851884075655529	0.9814036579768414	0.9839643519724077	0.9829132250769461	0.9848517025945612	0.9764472074187288	0.9777166731774571
0.9744785325373112	0.9833572137496561	0.9830898431819288	0.9824585532809791	0.9781083862657473	0.9757182624346106	0.9776258184950645	0.97928771192323	0.9752321948646874	0.9751875069122268	1.0	0.9846601887402477	0.9806838678556049	0.9813104564003368	0.9818370496243785	0.9819478658875866	0.9742416913204389	0.9673070437279295	0.9864068969171726	0.9812131145555274	0.9780936612443293	0.9795854730757299	0.9799680705059943	0.982576649052099	0.9710817094611381	0.9761422332726726
0.9838869180793194	0.996668607396406	0.9961445901191693	0.9943535368812738	0.990217067937987	0.9858937610063309	0.9886054639560508	0.9917437829849686	0.983624250438546	0.9852708336452245	0.9846601887402477	1.0	0.9910365624709272	0.9860612809224751	0.9930291069371595	0.9861670310696043	0.9802454657983358	0.975115688566451	0.9937226189358209	0.993177316095856	0.9895955805167737	0.9907200274927445	0.9899627098639264	0.9951165739594793	0.9810206446829647	0.9844695273958461
0.9857792592252219	0.9904469769722146	0.9899256752030902	0.9906601035889036	0.9867454567297419	0.9794288236840456	0.9841739676801834	0.9891765806263176	0.9855053216344044	0.9861653373900234	0.9806838678556049	0.9910365624709272	1.0	0.9829401372221024	0.990474326900484	0.982734581703971	0.9816944654535064	0.981658150460318	0.9896677286174959	0.9901406847932975	0.9859594887265286	0.9879991725052573	0.9868008369353901	0.9901152339945258	0.9775664661761293	0.981557982023404
0.9756523281748458	0.9847738117574878	0.9843190916141437	0.9843085032959554	0.9799889369090159	0.9747143760053817	0.9799616993196608	0.9821339886802215	0.9763751006820994	0.9769620295509345	0.9813104564003368	0.9860612809224751	0.9829401372221024	1.0	0.9841324072911802	0.9828334934933436	0.9746548798580073	0.9683452536698284	0.9840345305327935	0.9837036486371142	0.9800205839923596	0.9823314123932999	0.9818347097949566	0.9842123289076052	0.9722270654722279	0.977964628448404
0.9834189252756682	0.9927048325462664	0.992179647044547	0.9922650976278331	0.9895679918934026	0.9812704924850083	0.9862961898248723	0.9906529874765613	0.9829540687941459	0.9846958232827403	0.9818370496243785	0.9930291069371595	0.990474326900484	0.9841324072911802	1.0	0.9846078414073595	0.9796576380350484	0.9748386832088207	0.9906193079204202	0.9921709021268224	0.9877815170217331	0.9897083436612357	0.9885161462244252	0.9916758924432538	0.9793395851666057	0.9826083629340467
0.9747195665930536	0.9849358707372596	0.9845685049143312	0.9843112631296993	0.9804109911513372	0.9746029896382186	0.9793634115293296	0.9821874572486445	0.9755137980854549	0.9764495529571867	0.9819478658875866	0.9861670310696043	0.982734581703971	0.9828334934933436	0.9846078414073595	1.0	0.974332848584699	0.9692163065411468	0.9837248477173479	0.9846827489584103	0.979990871402765	0.9825486180240467	0.9821148042650826	0.9838676373753816	0.9728999941991047	0.9804630016533893
0.9789211496038828	0.9791189929753639	0.9792848610972749	0.9797683014651901	0.9773845714267445	0.9720943323029969	0.9754721917802229	0.9776218075642482	0.9795057758833713	0.9795280955255405	0.9742416913204389	0.9802454657983358	0.9816944654535064	0.9746548798580073	0.9796576380350484	0.974332848584699	1.0	0.9719483612964522	0.9793436807852895	0.97948789332113	0.9764389027636234	0.9781990918848482	0.9784021118905276	0.9785609802067801	0.9714679686318861	0.974716445866656
0.9755983315198706	0.9749684596050708	0.975537782228579	0.9758692698534631	0.9750677567493803	0.9724675326149482	0.9740023017950419	0.9733848529106349	0.9747747718950833	0.9753687331539105	0.9673070437279295	0.975115688566451	0.981658150460318	0.9683452536698284	0.9748386832088207	0.9692163065411468	0.9719483612964522	1.0	0.9750470785358822	0.9751869921770675	0.9721477780557525	0.9734533916771696	0.9746459846498621	0.9748514986206828	0.9724910220674143	0.969983558278674
0.9836425773692888	0.9939586114236423	0.9934760454387024	0.9925881825873706	0.988398101728576	0.9838444640891022	0.9864358119639894	0.9897936914330604	0.9834857362869085	0.9843840545393368	0.9864068969171726	0.9937226189358209	0.9896677286174959	0.9840345305327935	0.9906193079204202	0.9837248477173479	0.9793436807852895	0.9750470785358822	1.0	0.9910713222221028	0.9876937832756005	0.988490372292394	0.9874748923372787	0.9929929016628464	0.9796651122098369	0.9822291126936588
0.9837846180553346	0.9934393065934368	0.9929741683063921	0.9930003990704879	0.9893587477070523	0.982586168531033	0.9864596323623703	0.9908374462991647	0.9832541204794913	0.9851884075655529	0.9812131145555274	0.993177316095856	0.9901406847932975	0.9837036486371142	0.9921709021268224	0.9846827489584103	0.97948789332113	0.9751869921770675	0.9910713222221028	1.0	0.9884544372887719	0.989935787211172	0.9886831877085676	0.9923887915538092	0.9796562342941594	0.9834181429568205
0.9801199082693156	0.9901831807240277	0.9893960004262715	0.9898250736256851	0.9858301056067225	0.9811416243293456	0.9841180827791297	0.9873052527288232	0.9798144117247323	0.9814036579768414	0.9780936612443293	0.9895955805167737	0.9859594887265286	0.9800205839923596	0.9877815170217331	0.979990871402765	0.9764389027636234	0.9721477780557525	0.9876937832756005	0.9884544372887719	1.0	0.9863301273789984	0.9846572926170677	0.9896689920774556	0.9792319924966464	0.980592632857289
0.9818493029803801	0.9906065639505506	0.9903015671794319	0.9907095067895021	0.9868104680696594	0.9800134996467494	0.9839219754058646	0.9887970670265566	0.9820971664686164	0.9839643519724077	0.9795854730757299	0.9907200274927445	0.9879991725052573	0.9823314123932999	0.9897083436612357	0.9825486180240467	0.9781990918848482	0.9734533916771696	0.988490372292394	0.989935787211172	0.9863301273789984	1.0	0.9873590853117337	0.9897030162125529	0.9783046692146342	0.9819533574210534
0.980354144364187	0.9892838497209232	0.989059812712933	0.9890626210333463	0.9858885533726681	0.9807599501873323	0.9837111210939946	0.9866873793711581	0.9819478966919344	0.9829132250769461	0.9799680705059943	0.9899627098639264	0.9868008369353901	0.9818347097949566	0.9885161462244252	0.9821148042650826	0.9784021118905276	0.9746459846498621	0.9874748923372787	0.9886831877085676	0.9846572926170677	0.9873590853117337	1.0	0.9885130082665825	0.9777255545504976	0.9815704611085818
0.9834903649616457	0.9957612340321516	0.9949617524605472	0.9938268007970423	0.9897306313548313	0.9848026084104587	0.987746964751388	0.9917625004171043	0.983172748866546	0.9848517025945612	0.982576649052099	0.9951165739594793	0.9901152339945258	0.9842123289076052	0.9916758924432538	0.9838676373753816	0.9785609802067801	0.9748514986206828	0.9929929016628464	0.9923887915538092	0.9896689920774556	0.9897030162125529	0.9885130082665825	1.0	0.9809915324839676	0.9825509817575528
0.9749159554877365	0.9812892588082653	0.9813282775183214	0.9809523200493898	0.9806946185036974	0.9758004295734778	0.978735831746838	0.9796932498541558	0.9745640881180727	0.9764472074187288	0.9710817094611381	0.9810206446829647	0.9775664661761293	0.9722270654722279	0.9793395851666057	0.9728999941991047	0.9714679686318861	0.9724910220674143	0.9796651122098369	0.9796562342941594	0.9792319924966464	0.9783046692146342	0.9777255545504976	0.9809915324839676	1.0	0.9747456069776507
0.9756819643237241	0.9836860636590343	0.9836782560602927	0.9835558331001144	0.980458238547937	0.975625690525116	0.9800691767686418	0.9806657960554588	0.9773038974516115	0.9777166731774571	0.9761422332726726	0.9844695273958461	0.981557982023404	0.977964628448404	0.9826083629340467	0.9804630016533893	0.974716445866656	0.969983558278674	0.9822291126936588	0.9834181429568205	0.980592632857289	0.9819533574210534	0.9815704611085818	0.9825509817575528	0.9747456069776507	1.0
