/home/jshaw/scratch/2022_sketched_distance/references/SGB_genome_fastas_part5/15339/Bengtsson-PalmeJ_2015__TRAVELRES19__bin.62.fa	/home/jshaw/scratch/2022_sketched_distance/references/SGB_genome_fastas_part5/15339/Bengtsson-PalmeJ_2015__TRAVELRES20__bin.85.fa	/home/jshaw/scratch/2022_sketched_distance/references/SGB_genome_fastas_part5/15339/Bengtsson-PalmeJ_2015__TRAVELRES4__bin.85.fa	/home/jshaw/scratch/2022_sketched_distance/references/SGB_genome_fastas_part5/15339/Bengtsson-PalmeJ_2015__TRAVELRES7__bin.47.fa	/home/jshaw/scratch/2022_sketched_distance/references/SGB_genome_fastas_part5/15339/BritoIL_2016__W1.9.ST__bin.62.fa	/home/jshaw/scratch/2022_sketched_distance/references/SGB_genome_fastas_part5/15339/ChengpingW_2017__AS9raw__bin.10.fa	/home/jshaw/scratch/2022_sketched_distance/references/SGB_genome_fastas_part5/15339/CM_madagascar__A27_02_1FE__bin.18.fa	/home/jshaw/scratch/2022_sketched_distance/references/SGB_genome_fastas_part5/15339/CM_madagascar__A42_02_1FE__bin.10.fa	/home/jshaw/scratch/2022_sketched_distance/references/SGB_genome_fastas_part5/15339/CM_madagascar__V30_01_1FE__bin.40.fa	/home/jshaw/scratch/2022_sketched_distance/references/SGB_genome_fastas_part5/15339/CosteaPI_2017__SID713A057-11-0-0__bin.57.fa	/home/jshaw/scratch/2022_sketched_distance/references/SGB_genome_fastas_part5/15339/CosteaPI_2017__SID713B040-11-0-0__bin.75.fa	/home/jshaw/scratch/2022_sketched_distance/references/SGB_genome_fastas_part5/15339/FengQ_2015__SID532779__bin.88.fa	/home/jshaw/scratch/2022_sketched_distance/references/SGB_genome_fastas_part5/15339/KarlssonFH_2013__S198__bin.15.fa	/home/jshaw/scratch/2022_sketched_distance/references/SGB_genome_fastas_part5/15339/LeChatelierE_2013__MH0060__bin.19.fa	/home/jshaw/scratch/2022_sketched_distance/references/SGB_genome_fastas_part5/15339/LeChatelierE_2013__MH0077__bin.23.fa	/home/jshaw/scratch/2022_sketched_distance/references/SGB_genome_fastas_part5/15339/LeChatelierE_2013__MH0111__bin.22.fa	/home/jshaw/scratch/2022_sketched_distance/references/SGB_genome_fastas_part5/15339/LeChatelierE_2013__MH0125__bin.25.fa	/home/jshaw/scratch/2022_sketched_distance/references/SGB_genome_fastas_part5/15339/LeChatelierE_2013__MH0161__bin.61.fa	/home/jshaw/scratch/2022_sketched_distance/references/SGB_genome_fastas_part5/15339/LeChatelierE_2013__MH0431__bin.18.fa	/home/jshaw/scratch/2022_sketched_distance/references/SGB_genome_fastas_part5/15339/LiJ_2014__MH0364__bin.50.fa	/home/jshaw/scratch/2022_sketched_distance/references/SGB_genome_fastas_part5/15339/LiJ_2017__H1M513730__bin.47.fa	/home/jshaw/scratch/2022_sketched_distance/references/SGB_genome_fastas_part5/15339/LiJ_2017__H2M514903__bin.46.fa	/home/jshaw/scratch/2022_sketched_distance/references/SGB_genome_fastas_part5/15339/NielsenHB_2014__MH0060__bin.19.fa	/home/jshaw/scratch/2022_sketched_distance/references/SGB_genome_fastas_part5/15339/NielsenHB_2014__MH0111__bin.30.fa	/home/jshaw/scratch/2022_sketched_distance/references/SGB_genome_fastas_part5/15339/NielsenHB_2014__O2_UC57_0__bin.17.fa	/home/jshaw/scratch/2022_sketched_distance/references/SGB_genome_fastas_part5/15339/NielsenHB_2014__O2_UC57_2__bin.33.fa	/home/jshaw/scratch/2022_sketched_distance/references/SGB_genome_fastas_part5/15339/NielsenHB_2014__V1_UC43_0__bin.58.fa	/home/jshaw/scratch/2022_sketched_distance/references/SGB_genome_fastas_part5/15339/SchirmerM_2016__G88820__bin.25.fa	/home/jshaw/scratch/2022_sketched_distance/references/SGB_genome_fastas_part5/15339/SchirmerM_2016__G88826__bin.15.fa	/home/jshaw/scratch/2022_sketched_distance/references/SGB_genome_fastas_part5/15339/SchirmerM_2016__G88863__bin.21.fa	/home/jshaw/scratch/2022_sketched_distance/references/SGB_genome_fastas_part5/15339/SchirmerM_2016__G89093__bin.27.fa	/home/jshaw/scratch/2022_sketched_distance/references/SGB_genome_fastas_part5/15339/SchirmerM_2016__G89251__bin.2.fa	/home/jshaw/scratch/2022_sketched_distance/references/SGB_genome_fastas_part5/15339/VatanenT_2016__G69170__bin.2.fa	/home/jshaw/scratch/2022_sketched_distance/references/SGB_genome_fastas_part5/15339/VatanenT_2016__G80409__bin.3.fa	/home/jshaw/scratch/2022_sketched_distance/references/SGB_genome_fastas_part5/15339/XieH_2016__YSZC12003_37583__bin.34.fa	/home/jshaw/scratch/2022_sketched_distance/references/SGB_genome_fastas_part5/15339/ZeeviD_2015__PNP_DietIntervention_35__bin.69.fa	/home/jshaw/scratch/2022_sketched_distance/references/SGB_genome_fastas_part5/15339/ZeeviD_2015__PNP_Main_25__bin.9.fa	/home/jshaw/scratch/2022_sketched_distance/references/SGB_genome_fastas_part5/15339/ZeeviD_2015__PNP_Main_359__bin.26.fa	/home/jshaw/scratch/2022_sketched_distance/references/SGB_genome_fastas_part5/15339/ZeeviD_2015__PNP_Main_409__bin.44.fa	/home/jshaw/scratch/2022_sketched_distance/references/SGB_genome_fastas_part5/15339/ZeeviD_2015__PNP_Main_40__bin.3.fa	/home/jshaw/scratch/2022_sketched_distance/references/SGB_genome_fastas_part5/15339/ZeeviD_2015__PNP_Main_640__bin.3.fa	/home/jshaw/scratch/2022_sketched_distance/references/SGB_genome_fastas_part5/15339/ZeeviD_2015__PNP_Main_749__bin.39.fa	/home/jshaw/scratch/2022_sketched_distance/references/SGB_genome_fastas_part5/15339/ZeeviD_2015__PNP_Main_82__bin.1.fa	/home/jshaw/scratch/2022_sketched_distance/references/SGB_genome_fastas_part5/15339/ZeeviD_2015__PNP_Validation_33__bin.5.fa
1.0	0.996678195761716	0.9851038990096346	0.9830863958175898	0.9864985814930536	0.9819786936175346	0.9807378043729104	0.9712902030431331	0.9771406895545952	0.9864811995150977	0.986632356835321	0.9856638950350526	0.986038042296052	0.9823776103848778	0.9846148322236014	0.9855592348407043	0.9857940123756407	0.9878397500929722	0.9857857016581276	0.9859406894662595	0.9820280506348685	0.9821763303870777	0.9825638415178645	0.9874583601677439	0.9855418514502206	0.9847107453662406	0.9829481200746601	0.986247661784431	0.983614882741854	0.9849529480826333	0.9837696738025766	0.9845256448858889	0.9855856843245648	0.9873599434335539	0.986106165330983	0.985416255909948	0.9862707994684442	0.9850473425352567	0.9863160112932099	0.9852770839646445	0.9849228179810176	0.986681886707292	0.983509897980928	0.9853334132164886
0.996678195761716	1.0	0.9844739610154567	0.9831548461686226	0.9865514004044273	0.9813758459558833	0.9816632481166696	0.9705309005551918	0.9770846045526098	0.985983123744648	0.9861491264996199	0.9865088628430192	0.9850190745212524	0.9831092474016191	0.9842419619393119	0.9850938571757182	0.985106215919883	0.9868230785843622	0.9852486808421427	0.9856502778215492	0.9819781647669267	0.9809928071302235	0.9821293723338718	0.9871717835072864	0.9853114101662125	0.9837637115434528	0.9825368794367406	0.9854791939102401	0.9829799470391083	0.9851698511367871	0.9832615637780528	0.9844162317647052	0.9859277783176694	0.9881538443391472	0.9869583327898512	0.9845955107219599	0.9858936120090593	0.985485121771204	0.9860666622157629	0.9859905309865179	0.9848020202863723	0.9862117243528599	0.983126956321544	0.9861572880432237
0.9851038990096346	0.9844739610154567	1.0	0.9829246446072947	0.9859119030305984	0.9815391635747118	0.9817066417013778	0.971774368057494	0.9773640688429129	0.9848880417702597	0.9862969498816367	0.9875293960426855	0.9849529480826333	0.9833132114341513	0.9834832604230831	0.9845503895077542	0.98451712136618	0.9852481235510364	0.9845648149188051	0.9857622785596869	0.9824490391927986	0.9810616028939656	0.9823744701706343	0.9865643885343536	0.9854140281540914	0.9841088579288235	0.982341553163458	0.9858985904054076	0.9843147899043547	0.9844706560595303	0.9834717401583618	0.9826719205129085	0.9850177263324786	0.987649087044203	0.9860789690281645	0.9834294746314683	0.9858936120090593	0.985531402964156	0.9849529480826333	0.9855526328	0.9836003354301104	0.9859307074160969	0.9823999324336538	0.9866175624973869
0.9830863958175898	0.9831548461686226	0.9829246446072947	1.0	0.9835702033815668	0.9794033137377822	0.9792581636256523	0.9689162723787211	0.975296229998583	0.9827325267361219	0.9836659102386627	0.9836611607268112	0.9835325941316291	0.9801972134960295	0.9832521838419731	0.9842632280199872	0.9836277072474704	0.9832527024559962	0.9849495333241081	0.9840407844178689	0.9794894869793793	0.980261573901452	0.9795125880579479	0.9854254229211362	0.9865963793414079	0.985706773912807	0.9845204453151526	0.9845555097345898	0.9824141028897241	0.9825141958030918	0.9812106405643233	0.9825561314285053	0.9824331891199416	0.984139752333222	0.9844834849174209	0.9824610386356566	0.9839174552650514	0.9827951885610022	0.9830770423200975	0.9831309681134496	0.9811577069455627	0.9839163326429476	0.9809505145368048	0.9829074978601791
0.9864985814930536	0.9865514004044273	0.9859119030305984	0.9835702033815668	1.0	0.9840293141084991	0.9844258311851702	0.9694797525735755	0.9809232081506787	0.9876159085175025	0.987487919139614	0.9873851681095419	0.9852322566597591	0.9849840999565513	0.9825727045780349	0.9835702033815668	0.9781646802885072	0.9848176140106352	0.9779400674483909	0.9862065510163808	0.9829576951446237	0.9758169877735554	0.978853967416878	0.982209999358293	0.9815745951489493	0.98025858017322	0.9838578999226162	0.9866830777230163	0.9801304374338676	0.978103883688386	0.9782592069838497	0.97824755522811	0.9865777780803404	0.9876669652610944	0.987768841823759	0.9850117657196085	0.9878957458458135	0.988523033327333	0.9865777780803404	0.9876669652610944	0.9773610354381503	0.9880725938612609	0.981110646253834	0.9884732875490273
0.9819786936175346	0.9813758459558833	0.9815391635747118	0.9794033137377822	0.9840293141084991	1.0	0.9852744806213826	0.9744005910710497	0.9809196725248673	0.9819379424238756	0.9828570257079595	0.9835220484483732	0.9819029325030513	0.9875409106986418	0.9813970122796185	0.9808197010116526	0.9823526384992797	0.9824343130941877	0.9805406829568244	0.9826200539748577	0.9885807157060722	0.9881696967765454	0.9857978267298851	0.9829324430421112	0.9820733968250595	0.9811824890503265	0.981195230191002	0.9828677050206119	0.9798129164020751	0.9794185172700085	0.9803001527331849	0.9803056072392311	0.981670623161727	0.9846499832213395	0.9833189106710312	0.9817093117264518	0.9829866589387017	0.9829546385927698	0.9817719299295306	0.9828169857258049	0.9821895097476283	0.9831928334454866	0.9806472221034909	0.9828629343060699
0.9807378043729104	0.9816632481166696	0.9817066417013778	0.9792581636256523	0.9844258311851702	0.9852744806213826	1.0	0.9781326282942395	0.9837621939825817	0.9822908733993503	0.9830204076692008	0.9812839065893498	0.9819996527251398	0.9842781175835223	0.9818841884298125	0.9807127267093274	0.9818037903651909	0.982333710448416	0.9805094127217019	0.9833501521237441	0.9856130674233899	0.9848536275835528	0.9843486448575912	0.9827233712703967	0.9819597538188485	0.9809506396003332	0.9805290853013254	0.9829877632716767	0.9802223472881474	0.9804333881199119	0.9811785559810882	0.9800874351588362	0.9805322764423204	0.981071069205106	0.9808266820070916	0.9815618006070127	0.9831015960012818	0.9818601566414283	0.9813892800753433	0.9812685939996925	0.9817939522392126	0.9826934870121393	0.9807025758781611	0.9825865651141259
0.9712902030431331	0.9705309005551918	0.971774368057494	0.9689162723787211	0.9694797525735755	0.9744005910710497	0.9781326282942395	1.0	0.9726855958744658	0.9715890063673249	0.9723241733866725	0.9733965757782201	0.9707605677406606	0.9755395034443799	0.9680983678211196	0.9683459223978464	0.9684176569369134	0.9700276228050946	0.9680909335813016	0.9711020408735389	0.973043033901106	0.9716915425836478	0.9711517171818869	0.9698943142144038	0.9680852858819737	0.9672275370316272	0.9693574436079215	0.9713277045998464	0.9660628565377058	0.9656315066925412	0.9670037004262195	0.9657865930927008	0.9706076375692994	0.9731849133439341	0.9729005311070382	0.9692377204346049	0.9727932415748709	0.9725053883253595	0.9707986876137261	0.972032105292811	0.9668176913100595	0.9710264686936649	0.9659137001027819	0.9731849133439341
0.9771406895545952	0.9770846045526098	0.9773640688429129	0.975296229998583	0.9809232081506787	0.9809196725248673	0.9837621939825817	0.9726855958744658	1.0	0.9781340531486465	0.9781068646309233	0.9793608415404768	0.977252570672593	0.9813658003286001	0.9763658242620908	0.9759944073789418	0.9778885363354327	0.9782901033480411	0.9764857808369365	0.9787585990027855	0.980340274227145	0.980191071745269	0.9795717606120313	0.9790488389620937	0.9770559229177403	0.9754861251665742	0.9754414235379043	0.9778324582993271	0.9747618899024102	0.9747138376036738	0.9758181686925552	0.9761008931985087	0.9774196751537216	0.9796215401303237	0.9791771058737767	0.9769372652806007	0.9788065020183624	0.9781883622624621	0.9777788213661569	0.9792559764024985	0.9773230280046026	0.977651751594344	0.9746755756400525	0.9790980442979521
0.9864811995150977	0.985983123744648	0.9848880417702597	0.9827325267361219	0.9876159085175025	0.9819379424238756	0.9822908733993503	0.9715890063673249	0.9781340531486465	1.0	0.9877195814636116	0.9868294933386176	0.9855433464349179	0.9839784296218196	0.9850811337540182	0.9843592280177489	0.9859298605014744	0.9868230785843622	0.9851673650520716	0.9870343426211076	0.982077860594177	0.9819430253766936	0.9824286881026145	0.987639436507416	0.9857960156483171	0.9845287280950411	0.9837084924556126	0.9866788525945078	0.9845448128007073	0.9848221150954547	0.9841822852230633	0.9846074659997059	0.986108351965397	0.9880104535805866	0.9874552772508758	0.9853065359133667	0.9866231018450802	0.9864399801967105	0.9856256968990621	0.986706986836499	0.9859320449325533	0.9866606608941644	0.9840885232230324	0.9871135800405769
0.986632356835321	0.9861491264996199	0.9862969498816367	0.9836659102386627	0.987487919139614	0.9828570257079595	0.9830204076692008	0.9723241733866725	0.9781068646309233	0.9877195814636116	1.0	0.9876387681836963	0.9856515243740108	0.9849419712303222	0.9854928108651849	0.9853040935233544	0.9860381361307989	0.9862245026845966	0.9854914271857058	0.9871631704245927	0.9826208264706491	0.9824409446614559	0.9828859523621251	0.9884295884978846	0.9858718831080592	0.9843719057429178	0.9836614824117818	0.9867002644321365	0.9844683175177675	0.9848657840503147	0.9846475729567932	0.9839193066272535	0.9864441115771375	0.9883392493886529	0.9880608421987179	0.9851081114521357	0.9875171750823296	0.98692305783944	0.9864441115771375	0.9871291397981116	0.9848926602024005	0.9865969011368927	0.9840885232230324	0.9879006893631438
0.9856638950350526	0.9865088628430192	0.9875293960426855	0.9836611607268112	0.9873851681095419	0.9835220484483732	0.9812839065893498	0.9733965757782201	0.9793608415404768	0.9868294933386176	0.9876387681836963	1.0	0.9881264091339508	0.9846789133712612	0.986254010800424	0.9858124098905212	0.9868390323777892	0.9876903067934496	0.9870910770054457	0.9877367351255466	0.9839871202218271	0.9821098413070289	0.9845777535829848	0.9882781279638139	0.9873535879779621	0.9861316646094773	0.9846576417999233	0.9882881032592996	0.9861113719537103	0.9894225877585444	0.9853898750856277	0.9857057201779653	0.9861380648043326	0.9874950679446118	0.9869800210579328	0.9861527894993621	0.9883105808431619	0.9873524604255555	0.9866250616014416	0.9859052244048471	0.9863676238665415	0.9882562587515091	0.9849256119006948	0.9876002367738397
0.986038042296052	0.9850190745212524	0.9849529480826333	0.9835325941316291	0.9852322566597591	0.9819029325030513	0.9819996527251398	0.9707605677406606	0.977252570672593	0.9855433464349179	0.9856515243740108	0.9881264091339508	1.0	0.9832084286773564	0.9833293905112513	0.9850469546362794	0.984261379110574	0.9853401835208254	0.9841475497191692	0.985152886992347	0.9820529650884204	0.9801557635368653	0.981073789118486	0.9869090756335266	0.9849497008422636	0.984293212609251	0.9825368794367406	0.9858546946464245	0.9834572981268698	0.9835751757306529	0.9832012650101006	0.9826430115934995	0.9847759569788305	0.9872534514196325	0.987191674699735	0.9851743862414347	0.9861658779963215	0.9861658779963215	0.9852385391260831	0.9874994051696939	0.9837568802366518	0.9859524096116864	0.982162776685111	0.9862083796566469
0.9823776103848778	0.9831092474016191	0.9833132114341513	0.9801972134960295	0.9849840999565513	0.9875409106986418	0.9842781175835223	0.9755395034443799	0.9813658003286001	0.9839784296218196	0.9849419712303222	0.9846789133712612	0.9832084286773564	1.0	0.9838900842991607	0.9821794360649988	0.9844604617562446	0.9840272414782162	0.9829501480559596	0.985152886992347	0.9873959535987353	0.9869291127222051	0.9975230047678153	0.9851483204922784	0.9836783892860201	0.9824568871004897	0.9814981640320761	0.9850768700333178	0.9826578053909638	0.982887141530455	0.98194003239425	0.9816744102627881	0.9829221806469847	0.9850126705451157	0.9835918241113962	0.9842114191297614	0.9850828178971018	0.9839396458978638	0.9838671020996635	0.9845739144579403	0.9833799093187695	0.9847819683595621	0.9823736664588766	0.9843088738597356
0.9846148322236014	0.9842419619393119	0.9834832604230831	0.9832521838419731	0.9825727045780349	0.9813970122796185	0.9818841884298125	0.9680983678211196	0.9763658242620908	0.9850811337540182	0.9854928108651849	0.986254010800424	0.9833293905112513	0.9838900842991607	1.0	0.9816415070191631	0.9827134918998731	0.9828373145334149	0.9816469457115284	0.9849835139038835	0.979661127486317	0.9776223702132713	0.9792449763178683	0.9835225440630494	0.9825240647633126	0.9801855679631435	0.9809024711086533	0.9856129168932913	0.9808840423424562	0.9810765444767718	0.9799020425746839	0.9793921079495355	0.9851784642453778	0.9875677276248327	0.9862775165455886	0.9832264078172811	0.9853964088632468	0.9860653573039326	0.9838648051404479	0.9856608366279896	0.9806465164594057	0.9850079460894815	0.979661127486317	0.9875451262340784
0.9855592348407043	0.9850938571757182	0.9845503895077542	0.9842632280199872	0.9835702033815668	0.9808197010116526	0.9807127267093274	0.9683459223978464	0.9759944073789418	0.9843592280177489	0.9853040935233544	0.9858124098905212	0.9850469546362794	0.9821794360649988	0.9816415070191631	1.0	0.9837438347294204	0.9835341301333069	0.986077364119336	0.9846217889568735	0.9796509550790721	0.9775459217578065	0.9796308261277552	0.9961036295891309	0.9841609223769718	0.9831712116147479	0.9818706288111996	0.9849529480826333	0.9821411780732354	0.9831180949311009	0.9801679876344866	0.9808600232350745	0.9850469546362794	0.9867837958173731	0.9862451700330326	0.9835095454665246	0.9856745563068869	0.9855361218912377	0.9845503895077542	0.9859039920342375	0.9808519527135282	0.9847641235737793	0.9789706068996312	0.9858124098905212
0.9857940123756407	0.985106215919883	0.98451712136618	0.9836277072474704	0.9781646802885072	0.9823526384992797	0.9818037903651909	0.9684176569369134	0.9778885363354327	0.9859298605014744	0.9860381361307989	0.9868390323777892	0.984261379110574	0.9844604617562446	0.9827134918998731	0.9837438347294204	1.0	0.983452741157414	0.9800997353496189	0.9873103733357975	0.9802290533467525	0.9744992366310007	0.9798721897380404	0.9815645142266212	0.9820488596153656	0.9809628622521633	0.9828030874761098	0.9847146632025013	0.9794783849138965	0.977453525650031	0.9762317046960383	0.9784385051360759	0.986521010872532	0.9881066327925275	0.9869706391787589	0.984261379110574	0.9862267644418578	0.9866273600899418	0.985766775228331	0.9865742284714817	0.9757651622106118	0.9857395154850774	0.9800997353496189	0.9860921404779658
0.9878397500929722	0.9868230785843622	0.9852481235510364	0.9832527024559962	0.9848176140106352	0.9824343130941877	0.982333710448416	0.9700276228050946	0.9782901033480411	0.9868230785843622	0.9862245026845966	0.9876903067934496	0.9853401835208254	0.9840272414782162	0.9828373145334149	0.9835341301333069	0.983452741157414	1.0	0.9833541609741292	0.9851095479140662	0.9812843041722451	0.9790418350189932	0.9804754861001322	0.9868562813841042	0.9845050564647766	0.9830350456515877	0.9830068573202022	0.9856376088886307	0.9826038057732805	0.9832558896853382	0.9818772484841765	0.982527120084465	0.9878610438738092	0.988784598036044	0.9880520708169759	0.9849703849935169	0.9868889194857504	0.9864696836722746	0.9865583890493191	0.9871944466803391	0.9831579909005987	0.9862692172595362	0.9816832479013446	0.9866468557943288
0.9857857016581276	0.9852486808421427	0.9845648149188051	0.9849495333241081	0.9779400674483909	0.9805406829568244	0.9805094127217019	0.9680909335813016	0.9764857808369365	0.9851673650520716	0.9854914271857058	0.9870910770054457	0.9841475497191692	0.9829501480559596	0.9816469457115284	0.986077364119336	0.9800997353496189	0.9833541609741292	1.0	0.9840634560573222	0.9791356659753356	0.9724613634204261	0.9790048876845034	0.9831697599641005	0.9825704795035541	0.9806965869644996	0.981797676417718	0.9856255151478573	0.9803526111770658	0.978103883688386	0.9761194424217134	0.9777015460116146	0.9857057060222431	0.9879250938797073	0.987447486434015	0.9840915112380738	0.9862090871719276	0.9864709604192331	0.985004126887581	0.9870910770054457	0.976670021989306	0.9853297957916533	0.9795893073369437	0.9864448667539604
0.9859406894662595	0.9856502778215492	0.9857622785596869	0.9840407844178689	0.9862065510163808	0.9826200539748577	0.9833501521237441	0.9711020408735389	0.9787585990027855	0.9870343426211076	0.9871631704245927	0.9877367351255466	0.985152886992347	0.985152886992347	0.9849835139038835	0.9846217889568735	0.9873103733357975	0.9851095479140662	0.9840634560573222	1.0	0.9815189123771606	0.9811302542348704	0.9817167533373741	0.9880241358407599	0.9851568794896031	0.9836031797138065	0.982570797357909	0.9867317679616595	0.9838238242852154	0.985256212781035	0.9829285390697452	0.983835748918399	0.9866012361930557	0.9885068484001407	0.9875889901466464	0.9851072938855183	0.9882797705836671	0.9876945898871795	0.9859184410011882	0.9880719690599945	0.9836630430680718	0.9867317679616595	0.9832295123587992	0.9891183146462701
0.9820280506348685	0.9819781647669267	0.9824490391927986	0.9794894869793793	0.9829576951446237	0.9885807157060722	0.9856130674233899	0.973043033901106	0.980340274227145	0.982077860594177	0.9826208264706491	0.9839871202218271	0.9820529650884204	0.9873959535987353	0.979661127486317	0.9796509550790721	0.9802290533467525	0.9812843041722451	0.9791356659753356	0.9815189123771606	1.0	0.9854300601867009	0.9838596521370658	0.9825430986734036	0.9802959232259585	0.9791879793654704	0.9795433154476907	0.982077860594177	0.9788876257008273	0.9789513279999805	0.9798686466870952	0.9791355448700839	0.9818029630373055	0.9842676467401289	0.9834903499987903	0.980523466995112	0.983203064762959	0.9825963405280803	0.9818781643616722	0.9832991065530154	0.9808178028615738	0.9818280493498567	0.9787658495722307	0.9835855549635543
0.9821763303870777	0.9809928071302235	0.9810616028939656	0.980261573901452	0.9758169877735554	0.9881696967765454	0.9848536275835528	0.9716915425836478	0.980191071745269	0.9819430253766936	0.9824409446614559	0.9821098413070289	0.9801557635368653	0.9869291127222051	0.9776223702132713	0.9775459217578065	0.9744992366310007	0.9790418350189932	0.9724613634204261	0.9811302542348704	0.9854300601867009	1.0	0.9804721722671971	0.9752880772433592	0.9757361747281555	0.9739482509328827	0.9788585551170644	0.9824409446614559	0.9734312129952716	0.9660234077592237	0.9700947195605677	0.9730818867516858	0.9809238663245214	0.983859309732151	0.9827034378962808	0.978526034231594	0.9826052492978338	0.982670741056323	0.9812329617979587	0.9821763303870777	0.9682114343707969	0.9819764566417227	0.9756551603879967	0.9827034378962808
0.9825638415178645	0.9821293723338718	0.9823744701706343	0.9795125880579479	0.978853967416878	0.9857978267298851	0.9843486448575912	0.9711517171818869	0.9795717606120313	0.9824286881026145	0.9828859523621251	0.9845777535829848	0.981073789118486	0.9975230047678153	0.9792449763178683	0.9796308261277552	0.9798721897380404	0.9804754861001322	0.9790048876845034	0.9817167533373741	0.9838596521370658	0.9804721722671971	1.0	0.9803308794162207	0.9791066586586947	0.9778405849432565	0.9791552826439833	0.9823744701706343	0.9768900577657812	0.9779425066855967	0.9754758663973977	0.9764523789270455	0.9825368554178696	0.9851810052811653	0.9839373477970966	0.9816058373102684	0.9839373477970966	0.9834946182989969	0.9829393309259107	0.9843996963243685	0.9778885363354327	0.9823744701706343	0.9780282970419021	0.983625454538273
0.9874583601677439	0.9871717835072864	0.9865643885343536	0.9854254229211362	0.982209999358293	0.9829324430421112	0.9827233712703967	0.9698943142144038	0.9790488389620937	0.987639436507416	0.9884295884978846	0.9882781279638139	0.9869090756335266	0.9851483204922784	0.9835225440630494	0.9961036295891309	0.9815645142266212	0.9868562813841042	0.9831697599641005	0.9880241358407599	0.9825430986734036	0.9752880772433592	0.9803308794162207	1.0	0.9833760118385699	0.9829324430421112	0.9841309271399853	0.9872501885916082	0.9820880272107452	0.9797263032399057	0.9780125620739945	0.9802016800828615	0.9871717835072864	0.9891519917264145	0.988379178981658	0.9858911979796272	0.9882021357611651	0.9884547643629873	0.9872762821622111	0.9887054706938613	0.9782231908573334	0.9875101979848401	0.9813152267142962	0.9883034197918303
0.9855418514502206	0.9853114101662125	0.9854140281540914	0.9865963793414079	0.9815745951489493	0.9820733968250595	0.9819597538188485	0.9680852858819737	0.9770559229177403	0.9857960156483171	0.9858718831080592	0.9873535879779621	0.9849497008422636	0.9836783892860201	0.9825240647633126	0.9841609223769718	0.9820488596153656	0.9845050564647766	0.9825704795035541	0.9851568794896031	0.9802959232259585	0.9757361747281555	0.9791066586586947	0.9833760118385699	1.0	0.99139371301811	0.9854652171746819	0.9863483524501084	0.9813275637523668	0.9792117027187078	0.9785040003186483	0.9793281559797007	0.9855928418301098	0.988164521402586	0.9873777262929236	0.9837323560190411	0.9868425496324833	0.9864725997486818	0.9853370947359359	0.9867443024990106	0.9784076365117563	0.986223633838201	0.980085629433914	0.9872083851107717
0.9847107453662406	0.9837637115434528	0.9841088579288235	0.985706773912807	0.98025858017322	0.9811824890503265	0.9809506396003332	0.9672275370316272	0.9754861251665742	0.9845287280950411	0.9843719057429178	0.9861316646094773	0.984293212609251	0.9824568871004897	0.9801855679631435	0.9831712116147479	0.9809628622521633	0.9830350456515877	0.9806965869644996	0.9836031797138065	0.9791879793654704	0.9739482509328827	0.9778405849432565	0.9829324430421112	0.99139371301811	1.0	0.9847366656294664	0.9851997645299911	0.9800363629543034	0.9792117027187078	0.977906283215076	0.9782213470069684	0.9841088579288235	0.9865266061391855	0.9859823296395507	0.9830623241460852	0.9856816084292533	0.985301794419159	0.9837102882116413	0.9855302093863315	0.9772087389155008	0.984293212609251	0.9792493147212106	0.985706773912807
0.9829481200746601	0.9825368794367406	0.982341553163458	0.9845204453151526	0.9838578999226162	0.981195230191002	0.9805290853013254	0.9693574436079215	0.9754414235379043	0.9837084924556126	0.9836614824117818	0.9846576417999233	0.9825368794367406	0.9814981640320761	0.9809024711086533	0.9818706288111996	0.9828030874761098	0.9830068573202022	0.981797676417718	0.982570797357909	0.9795433154476907	0.9788585551170644	0.9791552826439833	0.9841309271399853	0.9854652171746819	0.9847366656294664	1.0	0.9832829555063232	0.9807127134548077	0.9817553148566236	0.9799687320908413	0.9800561484476359	0.9837084924556126	0.9857791849849572	0.9847487885477473	0.9822188799225205	0.9847715357430208	0.9841980717423362	0.9831637637744292	0.9846119733331893	0.9796703591918838	0.9838257235560569	0.9799755590451003	0.9845204453151526
0.986247661784431	0.9854791939102401	0.9858985904054076	0.9845555097345898	0.9866830777230163	0.9828677050206119	0.9829877632716767	0.9713277045998464	0.9778324582993271	0.9866788525945078	0.9867002644321365	0.9882881032592996	0.9858546946464245	0.9850768700333178	0.9856129168932913	0.9849529480826333	0.9847146632025013	0.9856376088886307	0.9856255151478573	0.9867317679616595	0.982077860594177	0.9824409446614559	0.9823744701706343	0.9872501885916082	0.9863483524501084	0.9851997645299911	0.9832829555063232	1.0	0.9946429666930781	0.9856846474089168	0.9839176316088456	0.9832731887434155	0.9867430463348325	0.988733805490793	0.9877119822714814	0.9858107401744718	0.9876080343807757	0.9879188986744707	0.9860735894868721	0.9879601263859495	0.9840367913762779	0.9871889288150495	0.983509897980928	0.9887740265397661
0.983614882741854	0.9829799470391083	0.9843147899043547	0.9824141028897241	0.9801304374338676	0.9798129164020751	0.9802223472881474	0.9660628565377058	0.9747618899024102	0.9845448128007073	0.9844683175177675	0.9861113719537103	0.9834572981268698	0.9826578053909638	0.9808840423424562	0.9821411780732354	0.9794783849138965	0.9826038057732805	0.9803526111770658	0.9838238242852154	0.9788876257008273	0.9734312129952716	0.9768900577657812	0.9820880272107452	0.9813275637523668	0.9800363629543034	0.9807127134548077	0.9946429666930781	1.0	0.9828407548526188	0.9785040003186483	0.9783864870530702	0.9848490234239918	0.9875834421559293	0.9855233633494485	0.9832724868372763	0.9853249984205901	0.9853747020726782	0.9837195199348224	0.9851003963930826	0.9784076365117563	0.984747932828535	0.979128932793277	0.9862325606674088
0.9849529480826333	0.9851698511367871	0.9844706560595303	0.9825141958030918	0.978103883688386	0.9794185172700085	0.9804333881199119	0.9656315066925412	0.9747138376036738	0.9848221150954547	0.9848657840503147	0.9894225877585444	0.9835751757306529	0.982887141530455	0.9810765444767718	0.9831180949311009	0.977453525650031	0.9832558896853382	0.978103883688386	0.985256212781035	0.9789513279999805	0.9660234077592237	0.9779425066855967	0.9797263032399057	0.9792117027187078	0.9792117027187078	0.9817553148566236	0.9856846474089168	0.9828407548526188	1.0	0.9780501800635254	0.9776717568228559	0.9861495613976556	0.9886537684904513	0.986275223060442	0.9842045693681436	0.9858120958140943	0.9862333891884951	0.9844706560595303	0.9863587314460897	0.9750102315241158	0.9854711285743272	0.9815628132223504	0.9874254754186038
0.9837696738025766	0.9832615637780528	0.9834717401583618	0.9812106405643233	0.9782592069838497	0.9803001527331849	0.9811785559810882	0.9670037004262195	0.9758181686925552	0.9841822852230633	0.9846475729567932	0.9853898750856277	0.9832012650101006	0.98194003239425	0.9799020425746839	0.9801679876344866	0.9762317046960383	0.9818772484841765	0.9761194424217134	0.9829285390697452	0.9798686466870952	0.9700947195605677	0.9754758663973977	0.9780125620739945	0.9785040003186483	0.977906283215076	0.9799687320908413	0.9839176316088456	0.9785040003186483	0.9780501800635254	1.0	0.9762317046960383	0.984064924931521	0.9860604992844312	0.9852767612804392	0.9826228236719308	0.9852200579527255	0.9849922604331763	0.9843283976403634	0.9847340847313729	0.974752197866041	0.9839766283358491	0.9797011531078467	0.9855026006941233
0.9845256448858889	0.9844162317647052	0.9826719205129085	0.9825561314285053	0.97824755522811	0.9803056072392311	0.9800874351588362	0.9657865930927008	0.9761008931985087	0.9846074659997059	0.9839193066272535	0.9857057201779653	0.9826430115934995	0.9816744102627881	0.9793921079495355	0.9808600232350745	0.9784385051360759	0.982527120084465	0.9777015460116146	0.983835748918399	0.9791355448700839	0.9730818867516858	0.9764523789270455	0.9802016800828615	0.9793281559797007	0.9782213470069684	0.9800561484476359	0.9832731887434155	0.9783864870530702	0.9776717568228559	0.9762317046960383	1.0	0.9853081675255388	0.9868194207728324	0.9859419630476689	0.9827584945053903	0.985228076321564	0.9844436192645026	0.984361388093505	0.9865380916496682	0.9755650784579935	0.9839748937325813	0.9790710877498877	0.9843888213873364
0.9855856843245648	0.9859277783176694	0.9850177263324786	0.9824331891199416	0.9865777780803404	0.981670623161727	0.9805322764423204	0.9706076375692994	0.9774196751537216	0.986108351965397	0.9864441115771375	0.9861380648043326	0.9847759569788305	0.9829221806469847	0.9851784642453778	0.9850469546362794	0.986521010872532	0.9878610438738092	0.9857057060222431	0.9866012361930557	0.9818029630373055	0.9809238663245214	0.9825368554178696	0.9871717835072864	0.9855928418301098	0.9841088579288235	0.9837084924556126	0.9867430463348325	0.9848490234239918	0.9861495613976556	0.984064924931521	0.9853081675255388	1.0	0.9881067167898154	0.9863403170261095	0.9853504679042983	0.9864370591210043	0.9858528045592846	0.9856045502163786	0.9855030546384506	0.9852825671725034	0.9868933948559476	0.9838633189456764	0.9859141405332681
0.9873599434335539	0.9881538443391472	0.987649087044203	0.984139752333222	0.9876669652610944	0.9846499832213395	0.981071069205106	0.9731849133439341	0.9796215401303237	0.9880104535805866	0.9883392493886529	0.9874950679446118	0.9872534514196325	0.9850126705451157	0.9875677276248327	0.9867837958173731	0.9881066327925275	0.988784598036044	0.9879250938797073	0.9885068484001407	0.9842676467401289	0.983859309732151	0.9851810052811653	0.9891519917264145	0.988164521402586	0.9865266061391855	0.9857791849849572	0.988733805490793	0.9875834421559293	0.9886537684904513	0.9860604992844312	0.9868194207728324	0.9881067167898154	1.0	0.9871441128468088	0.9870820925042659	0.9885058302932382	0.9879714975132304	0.9874952446848168	0.9868260706028197	0.9863964582822132	0.9891344803621767	0.98609565942046	0.9881149904707976
0.986106165330983	0.9869583327898512	0.9860789690281645	0.9844834849174209	0.987768841823759	0.9833189106710312	0.9808266820070916	0.9729005311070382	0.9791771058737767	0.9874552772508758	0.9880608421987179	0.9869800210579328	0.987191674699735	0.9835918241113962	0.9862775165455886	0.9862451700330326	0.9869706391787589	0.9880520708169759	0.987447486434015	0.9875889901466464	0.9834903499987903	0.9827034378962808	0.9839373477970966	0.988379178981658	0.9873777262929236	0.9859823296395507	0.9847487885477473	0.9877119822714814	0.9855233633494485	0.986275223060442	0.9852767612804392	0.9859419630476689	0.9863403170261095	0.9871441128468088	1.0	0.9870820925042659	0.9877775523230191	0.9866418356462153	0.9901052145468427	0.9867101097143612	0.9859904567058677	0.9882966898111613	0.985216031084895	0.9863868220611377
0.985416255909948	0.9845955107219599	0.9834294746314683	0.9824610386356566	0.9850117657196085	0.9817093117264518	0.9815618006070127	0.9692377204346049	0.9769372652806007	0.9853065359133667	0.9851081114521357	0.9861527894993621	0.9851743862414347	0.9842114191297614	0.9832264078172811	0.9835095454665246	0.984261379110574	0.9849703849935169	0.9840915112380738	0.9851072938855183	0.980523466995112	0.978526034231594	0.9816058373102684	0.9858911979796272	0.9837323560190411	0.9830623241460852	0.9822188799225205	0.9858107401744718	0.9832724868372763	0.9842045693681436	0.9826228236719308	0.9827584945053903	0.9853504679042983	0.9870820925042659	0.9870820925042659	1.0	0.9862597244068768	0.9864301000628966	0.9864301000628966	0.9972992092431275	0.9834430395899084	0.9858219809420474	0.9827654612122166	0.9858947173519982
0.9862707994684442	0.9858936120090593	0.9858936120090593	0.9839174552650514	0.9878957458458135	0.9829866589387017	0.9831015960012818	0.9727932415748709	0.9788065020183624	0.9866231018450802	0.9875171750823296	0.9883105808431619	0.9861658779963215	0.9850828178971018	0.9853964088632468	0.9856745563068869	0.9862267644418578	0.9868889194857504	0.9862090871719276	0.9882797705836671	0.983203064762959	0.9826052492978338	0.9839373477970966	0.9882021357611651	0.9868425496324833	0.9856816084292533	0.9847715357430208	0.9876080343807757	0.9853249984205901	0.9858120958140943	0.9852200579527255	0.985228076321564	0.9864370591210043	0.9885058302932382	0.9877775523230191	0.9862597244068768	1.0	0.9880352727521595	0.9863748102333274	0.9887386126352115	0.9850131254611092	0.9882157780079951	0.9843121919261778	0.9878173331442063
0.9850473425352567	0.985485121771204	0.985531402964156	0.9827951885610022	0.988523033327333	0.9829546385927698	0.9818601566414283	0.9725053883253595	0.9781883622624621	0.9864399801967105	0.98692305783944	0.9873524604255555	0.9861658779963215	0.9839396458978638	0.9860653573039326	0.9855361218912377	0.9866273600899418	0.9864696836722746	0.9864709604192331	0.9876945898871795	0.9825963405280803	0.982670741056323	0.9834946182989969	0.9884547643629873	0.9864725997486818	0.985301794419159	0.9841980717423362	0.9879188986744707	0.9853747020726782	0.9862333891884951	0.9849922604331763	0.9844436192645026	0.9858528045592846	0.9879714975132304	0.9866418356462153	0.9864301000628966	0.9880352727521595	1.0	0.9863780541719003	0.9869595653496933	0.9856089109544774	0.9959451669439155	0.9852882363265828	0.9867613442353296
0.9863160112932099	0.9860666622157629	0.9849529480826333	0.9830770423200975	0.9865777780803404	0.9817719299295306	0.9813892800753433	0.9707986876137261	0.9777788213661569	0.9856256968990621	0.9864441115771375	0.9866250616014416	0.9852385391260831	0.9838671020996635	0.9838648051404479	0.9845503895077542	0.985766775228331	0.9865583890493191	0.985004126887581	0.9859184410011882	0.9818781643616722	0.9812329617979587	0.9829393309259107	0.9872762821622111	0.9853370947359359	0.9837102882116413	0.9831637637744292	0.9860735894868721	0.9837195199348224	0.9844706560595303	0.9843283976403634	0.984361388093505	0.9856045502163786	0.9874952446848168	0.9901052145468427	0.9864301000628966	0.9863748102333274	0.9863780541719003	1.0	0.9877142023629135	0.9844369367461667	0.9872707161984446	0.9833572577646887	0.9858364185180397
0.9852770839646445	0.9859905309865179	0.9855526328	0.9831309681134496	0.9876669652610944	0.9828169857258049	0.9812685939996925	0.972032105292811	0.9792559764024985	0.986706986836499	0.9871291397981116	0.9859052244048471	0.9874994051696939	0.9845739144579403	0.9856608366279896	0.9859039920342375	0.9865742284714817	0.9871944466803391	0.9870910770054457	0.9880719690599945	0.9832991065530154	0.9821763303870777	0.9843996963243685	0.9887054706938613	0.9867443024990106	0.9855302093863315	0.9846119733331893	0.9879601263859495	0.9851003963930826	0.9863587314460897	0.9847340847313729	0.9865380916496682	0.9855030546384506	0.9868260706028197	0.9867101097143612	0.9972992092431275	0.9887386126352115	0.9869595653496933	0.9877142023629135	1.0	0.9852228819982592	0.9884378090431978	0.9855516390669568	0.9863269575765393
0.9849228179810176	0.9848020202863723	0.9836003354301104	0.9811577069455627	0.9773610354381503	0.9821895097476283	0.9817939522392126	0.9668176913100595	0.9773230280046026	0.9859320449325533	0.9848926602024005	0.9863676238665415	0.9837568802366518	0.9833799093187695	0.9806465164594057	0.9808519527135282	0.9757651622106118	0.9831579909005987	0.976670021989306	0.9836630430680718	0.9808178028615738	0.9682114343707969	0.9778885363354327	0.9782231908573334	0.9784076365117563	0.9772087389155008	0.9796703591918838	0.9840367913762779	0.9784076365117563	0.9750102315241158	0.974752197866041	0.9755650784579935	0.9852825671725034	0.9863964582822132	0.9859904567058677	0.9834430395899084	0.9850131254611092	0.9856089109544774	0.9844369367461667	0.9852228819982592	1.0	0.9840677456659688	0.9796703591918838	0.9857855596584039
0.986681886707292	0.9862117243528599	0.9859307074160969	0.9839163326429476	0.9880725938612609	0.9831928334454866	0.9826934870121393	0.9710264686936649	0.977651751594344	0.9866606608941644	0.9865969011368927	0.9882562587515091	0.9859524096116864	0.9847819683595621	0.9850079460894815	0.9847641235737793	0.9857395154850774	0.9862692172595362	0.9853297957916533	0.9867317679616595	0.9818280493498567	0.9819764566417227	0.9823744701706343	0.9875101979848401	0.986223633838201	0.984293212609251	0.9838257235560569	0.9871889288150495	0.984747932828535	0.9854711285743272	0.9839766283358491	0.9839748937325813	0.9868933948559476	0.9891344803621767	0.9882966898111613	0.9858219809420474	0.9882157780079951	0.9959451669439155	0.9872707161984446	0.9884378090431978	0.9840677456659688	1.0	0.9845835102391175	0.987684949905501
