/home/jshaw/scratch/2022_sketched_distance/references/SGB_genome_fastas_part2/4573/BackhedF_2015__SID585_M__bin.15.fa	/home/jshaw/scratch/2022_sketched_distance/references/SGB_genome_fastas_part2/4573/HeQ_2017__RSZAXPI003082-116__bin.8.fa	/home/jshaw/scratch/2022_sketched_distance/references/SGB_genome_fastas_part2/4573/HeQ_2017__SZAXPI029564-74__bin.33.fa	/home/jshaw/scratch/2022_sketched_distance/references/SGB_genome_fastas_part2/4573/HMP_2012__SRS043411__bin.21.fa	/home/jshaw/scratch/2022_sketched_distance/references/SGB_genome_fastas_part2/4573/IjazUZ_2017__S151_a_WGS__bin.15.fa	/home/jshaw/scratch/2022_sketched_distance/references/SGB_genome_fastas_part2/4573/IjazUZ_2017__S45_a_WGS__bin.8.fa	/home/jshaw/scratch/2022_sketched_distance/references/SGB_genome_fastas_part2/4573/KarlssonFH_2013__S347__bin.4.fa	/home/jshaw/scratch/2022_sketched_distance/references/SGB_genome_fastas_part2/4573/KarlssonFH_2013__S640__bin.13.fa	/home/jshaw/scratch/2022_sketched_distance/references/SGB_genome_fastas_part2/4573/LiJ_2014__MH0358__bin.15.fa	/home/jshaw/scratch/2022_sketched_distance/references/SGB_genome_fastas_part2/4573/LiJ_2014__O2.CD1-0-PT__bin.50.fa	/home/jshaw/scratch/2022_sketched_distance/references/SGB_genome_fastas_part2/4573/LiJ_2014__O2.CD3-0-PT__bin.58.fa	/home/jshaw/scratch/2022_sketched_distance/references/SGB_genome_fastas_part2/4573/LiJ_2014__V1.CD3-0-PN__bin.6.fa	/home/jshaw/scratch/2022_sketched_distance/references/SGB_genome_fastas_part2/4573/LiJ_2014__V1.CD48-0__bin.29.fa	/home/jshaw/scratch/2022_sketched_distance/references/SGB_genome_fastas_part2/4573/LiJ_2014__V1.UC38-4__bin.41.fa	/home/jshaw/scratch/2022_sketched_distance/references/SGB_genome_fastas_part2/4573/LoombaR_2017__SID1019_aas__bin.1.fa	/home/jshaw/scratch/2022_sketched_distance/references/SGB_genome_fastas_part2/4573/LoombaR_2017__SID1048_bav__bin.12.fa	/home/jshaw/scratch/2022_sketched_distance/references/SGB_genome_fastas_part2/4573/NielsenHB_2014__V1_CD21_0__bin.1.fa	/home/jshaw/scratch/2022_sketched_distance/references/SGB_genome_fastas_part2/4573/NielsenHB_2014__V1_CD6_4__bin.37.fa	/home/jshaw/scratch/2022_sketched_distance/references/SGB_genome_fastas_part2/4573/NielsenHB_2014__V1_UC32_0__bin.37.fa	/home/jshaw/scratch/2022_sketched_distance/references/SGB_genome_fastas_part2/4573/Obregon-TitoAJ_2015__NO05__bin.36.fa	/home/jshaw/scratch/2022_sketched_distance/references/SGB_genome_fastas_part2/4573/Obregon-TitoAJ_2015__NO10__bin.25.fa	/home/jshaw/scratch/2022_sketched_distance/references/SGB_genome_fastas_part2/4573/Obregon-TitoAJ_2015__NO12__bin.20.fa	/home/jshaw/scratch/2022_sketched_distance/references/SGB_genome_fastas_part2/4573/QinJ_2012__T2D-068__bin.33.fa	/home/jshaw/scratch/2022_sketched_distance/references/SGB_genome_fastas_part2/4573/SchirmerM_2016__G88887__bin.20.fa	/home/jshaw/scratch/2022_sketched_distance/references/SGB_genome_fastas_part2/4573/SchirmerM_2016__G89000__bin.6.fa	/home/jshaw/scratch/2022_sketched_distance/references/SGB_genome_fastas_part2/4573/VincentC_2016__MM104__bin.7.fa	/home/jshaw/scratch/2022_sketched_distance/references/SGB_genome_fastas_part2/4573/VogtmannE_2016__MMRS40913371ST-27-0-0__bin.15.fa	/home/jshaw/scratch/2022_sketched_distance/references/SGB_genome_fastas_part2/4573/XieH_2016__YSZC12003_36697__bin.51.fa	/home/jshaw/scratch/2022_sketched_distance/references/SGB_genome_fastas_part2/4573/XieH_2016__YSZC12003_37179__bin.24.fa	/home/jshaw/scratch/2022_sketched_distance/references/SGB_genome_fastas_part2/4573/YuJ_2015__SZAXPI015237-23__bin.30.fa	/home/jshaw/scratch/2022_sketched_distance/references/SGB_genome_fastas_part2/4573/YuJ_2015__SZAXPI017582-94__bin.3.fa	/home/jshaw/scratch/2022_sketched_distance/references/SGB_genome_fastas_part2/4573/ZeeviD_2015__PNP_Main_155__bin.42.fa	/home/jshaw/scratch/2022_sketched_distance/references/SGB_genome_fastas_part2/4573/ZeeviD_2015__PNP_Main_398__bin.8.fa	/home/jshaw/scratch/2022_sketched_distance/references/SGB_genome_fastas_part2/4573/ZellerG_2014__CCIS95097901ST-4-0__bin.47.fa
1.0	0.9859858653514841	0.9844126003800031	0.9791815827259508	0.9863676851997153	0.9879180361691136	0.9868473117882067	0.9864710528475747	0.9835591836865306	0.9793102532824929	0.9874538742517444	0.9787924990358056	0.9862293541938527	0.9742486859385486	0.9875871610592548	0.987016926040687	0.9867451218577533	0.9862639915503487	0.9817826452136902	0.9752663665589526	0.9847768373948056	0.9865740965711708	0.985244382851222	0.9787924990358056	0.9854579481877623	0.979438418652872	0.9861946803039072	0.9872865031300174	0.9869491852426371	0.9853513391000019	0.9856701339918463	0.9851370771349912	0.9710242965498799	0.983483913184921
0.9859858653514841	1.0	0.9866370677587576	0.9783212371540091	0.9878341763642956	0.986441503631464	0.9800830693674153	0.9888147613769516	0.982550101482633	0.9884192212428395	0.9911950786411452	0.9791704839550008	0.9886575479386867	0.9871443871138457	0.9888953014982423	0.9838746864448484	0.9884605565138307	0.9829646237983853	0.9892456592778894	0.9869526263653191	0.9849529480826333	0.9865555222258395	0.9893455718159047	0.9898348860387551	0.9863957540777043	0.9883384034487709	0.9905923068157934	0.9894078312097955	0.9896609993787483	0.9887136388030446	0.9913034677633594	0.988237020464429	0.985724201851748	0.9824680445611718
0.9844126003800031	0.9866370677587576	1.0	0.9765548534095417	0.9865606505160259	0.9842937449534327	0.9798818524442477	0.9872354499956959	0.9816141015135826	0.9866266794582536	0.9895702630348007	0.9763656726952308	0.98716768922313	0.985729907683075	0.9877380352727244	0.9860443105368597	0.9867208817742887	0.9847146876468957	0.9874821112894252	0.9848152070288531	0.9829575104762609	0.9849668866222555	0.9886831877085676	0.9877067633789414	0.9854045163457312	0.986223633838201	0.9890163187631134	0.9866768483248195	0.9878419723098341	0.9874796493001412	0.9899321602575835	0.9868019435751558	0.9822170373007224	0.9797691266813775
0.9791815827259508	0.9783212371540091	0.9765548534095417	1.0	0.9791265285331322	0.9769369583484959	0.9745939331212695	0.9776815124642517	0.973551187006089	0.976425130872868	0.9814818465227538	0.972454519088135	0.9798515460725844	0.9781628790743092	0.9794388744683813	0.977874482174	0.978871209588576	0.9775353512939077	0.978668263855113	0.978253891597038	0.9747142644823437	0.9782101209921779	0.9798000576144559	0.9796403702682464	0.9766425653478334	0.9791107992135704	0.9801387653477579	0.9784596020456122	0.9806481468798576	0.9780360222059254	0.9814232268172506	0.9782742678046237	0.9735347430706716	0.9722406110322458
0.9863676851997153	0.9878341763642956	0.9865606505160259	0.9791265285331322	1.0	0.988204653761238	0.9850693658541945	0.9880308304767914	0.9852358112850402	0.9880866716203031	0.9907517028367037	0.9797149904907206	0.9886575479386867	0.9869360548089096	0.9893545714183198	0.9893336371270195	0.9900380536657037	0.9888271849217031	0.9880805122057511	0.9857777906374376	0.9850693658541945	0.9891024784884954	0.987130573289377	0.9878529952419111	0.989039152943049	0.9876181408068657	0.9900535773444308	0.9889968682360131	0.9895689356856808	0.9863320514733317	0.9891321086105628	0.9875922153297464	0.9850035831410501	0.9840771499831787
0.9879180361691136	0.986441503631464	0.9842937449534327	0.9769369583484959	0.988204653761238	1.0	0.982787768668336	0.986901334489525	0.9823444652091561	0.9858228544740018	0.9908853415865109	0.9797433987331421	0.9936461426471914	0.9874544331646856	0.9875602769890092	0.9895109219140741	0.9873906145556418	0.9887240508341232	0.9881397585434154	0.98515322813303	0.985778310830525	0.9876025563118018	0.9859645501901841	0.9884028289106654	0.9858675135231822	0.9881299490377415	0.9876896020756087	0.9878550983477443	0.9937624467848835	0.9857821196410943	0.9878102131335192	0.9857113005076921	0.9823489731547991	0.9838231089105872
0.9868473117882067	0.9800830693674153	0.9798818524442477	0.9745939331212695	0.9850693658541945	0.982787768668336	1.0	0.9857856145414435	0.9792580449096601	0.9846634021413612	0.9866705531607252	0.9787047998216717	0.9842475979494861	0.9841761031127207	0.9836567776983505	0.9801757202094755	0.9831127873396694	0.9810430452707722	0.9872396716703037	0.9831155674903168	0.9799954801694881	0.9835777847564894	0.9828943386849379	0.9839866786366172	0.9833740638964895	0.9850638108329662	0.9869101811938648	0.9838136456233644	0.9854235804120993	0.9829199681112417	0.9854903856034052	0.9825542421779739	0.9830867337145007	0.9786728688812492
0.9864710528475747	0.9888147613769516	0.9872354499956959	0.9776815124642517	0.9880308304767914	0.986901334489525	0.9857856145414435	1.0	0.9881963996412991	0.9889266493252431	0.990617521108101	0.9788218454065761	0.9881907723355007	0.9872480606925037	0.9896696655093964	0.9884963682361261	0.989751896473613	0.9882609089591156	0.9895022373424941	0.9849423731099345	0.9851778511479241	0.9877194305956424	0.9878016904519694	0.9878821638445078	0.9907429412404438	0.9874355861228404	0.989769923767883	0.9904024696490714	0.9891980894298199	0.9868561080675948	0.9895916543304598	0.9870576773779342	0.9840174733445357	0.9834584791445614
0.9835591836865306	0.982550101482633	0.9816141015135826	0.973551187006089	0.9852358112850402	0.9823444652091561	0.9792580449096601	0.9881963996412991	1.0	0.9875660341728345	0.9872712836351687	0.9758577991907119	0.9850946770323836	0.9850729743624945	0.9842040272824614	0.9829944793204793	0.9840460287528451	0.9819320660778813	0.9860630362652816	0.9825288585925571	0.9813197109904569	0.9836010377371446	0.9852049112155636	0.9862075541289735	0.9863107364009331	0.9854873743346836	0.9870770625396029	0.9845419395078452	0.9862496315042163	0.9838445820039181	0.9866083551474083	0.9832202044538252	0.9810507500223113	0.9795845476421273
0.9793102532824929	0.9884192212428395	0.9866266794582536	0.976425130872868	0.9880866716203031	0.9858228544740018	0.9846634021413612	0.9889266493252431	0.9875660341728345	1.0	0.9854299217794426	0.9809545019631817	0.9866901444657179	0.9765768142070044	0.9880866716203031	0.9874423253824082	0.9880562726925883	0.9872558859950743	0.9854299217794426	0.9766583993251393	0.9856597032402632	0.9873802961948263	0.9858878888242136	0.979408044898002	0.9904320115391172	0.9777846734946121	0.9882079875432163	0.9885393209255378	0.9856597032402632	0.9858228544740018	0.9858878888242136	0.9860822232543269	0.9768145042211513	0.9817011340865314
0.9874538742517444	0.9911950786411452	0.9895702630348007	0.9814818465227538	0.9907517028367037	0.9908853415865109	0.9866705531607252	0.990617521108101	0.9872712836351687	0.9854299217794426	1.0	0.9801532849835054	0.9912170919913074	0.9876595197735125	0.992363305229226	0.9914582758447944	0.9920429166511756	0.991978464776718	0.9891883698078036	0.98515322813303	0.9878368727043338	0.9932856006975405	0.9897087615391598	0.9885460095353161	0.9907963091967729	0.992147011592247	0.9910184418065943	0.9921286575391826	0.9903022934133101	0.9902116727181376	0.9895702630348007	0.9905052849772105	0.9835554062742774	0.9855921215748895
0.9787924990358056	0.9791704839550008	0.9763656726952308	0.972454519088135	0.9797149904907206	0.9797433987331421	0.9787047998216717	0.9788218454065761	0.9758577991907119	0.9809545019631817	0.9801532849835054	1.0	0.9790922742971658	0.9780716877668719	0.9795440200915142	0.9786461191800494	0.9789384726094639	0.9790546844600297	0.9800984055032915	0.979675717135108	0.9795440200915142	0.9797717822856225	0.9761208054980944	0.9771079469425265	0.9801665837791824	0.9774982796883446	0.9794258205539882	0.9796865575146488	0.980252608675588	0.9770204520848498	0.9787730518446756	0.9780235128742975	0.9803117995584543	0.9751135512325754
0.9862293541938527	0.9886575479386867	0.98716768922313	0.9798515460725844	0.9886575479386867	0.9936461426471914	0.9842475979494861	0.9881907723355007	0.9850946770323836	0.9866901444657179	0.9912170919913074	0.9790922742971658	1.0	0.9875571361830958	0.9902726423036974	0.9923495860922239	0.9898496234649251	0.991082257592675	0.9895306231912703	0.9849846525792982	0.9889432255106043	0.9912050709686254	0.9868723880707662	0.9898897975626502	0.9887236936502363	0.9874965502450375	0.9885421024797176	0.9899134230106824	0.9943859058363591	0.9880111987605174	0.9889929866891686	0.9880786536364085	0.9821729402729912	0.9859683871014786
0.9742486859385486	0.9871443871138457	0.985729907683075	0.9781628790743092	0.9869360548089096	0.9874544331646856	0.9841761031127207	0.9872480606925037	0.9850729743624945	0.9765768142070044	0.9876595197735125	0.9780716877668719	0.9875571361830958	1.0	0.9886331551134794	0.989353048264641	0.9882002530891523	0.9911789197772412	0.9805756955895201	0.9729071247014308	0.9867964300462059	0.9901524767769194	0.9848881363414704	0.9800642576334625	0.986970868599627	0.9801928695412193	0.9872480606925037	0.9884673267763134	0.9866913211529963	0.9860535132146006	0.9859459983729454	0.9856575605027087	0.9724825538418138	0.9841761031127207
0.9875871610592548	0.9888953014982423	0.9877380352727244	0.9794388744683813	0.9893545714183198	0.9875602769890092	0.9836567776983505	0.9896696655093964	0.9842040272824614	0.9880866716203031	0.992363305229226	0.9795440200915142	0.9902726423036974	0.9886331551134794	1.0	0.988580094345475	0.9912228321931336	0.9873704551769547	0.9901490113078752	0.9863501958142715	0.9861384283787945	0.9884942624015006	0.9906317233427583	0.9901357748723763	0.9870680971929663	0.9899602134606217	0.9927836877458082	0.9908883933174745	0.9913194329390884	0.9897593041467065	0.9922853292051221	0.9895316702200613	0.9845552910848983	0.9834929281664383
0.987016926040687	0.9838746864448484	0.9860443105368597	0.977874482174	0.9893336371270195	0.9895109219140741	0.9801757202094755	0.9884963682361261	0.9829944793204793	0.9874423253824082	0.9914582758447944	0.9786461191800494	0.9923495860922239	0.989353048264641	0.988580094345475	1.0	0.9881061106579889	0.9855716319683073	0.9888425265966628	0.9860652392530371	0.9878297280927254	0.9884140469683127	0.9884594015518354	0.9909958095149285	0.9863320114391798	0.9882194482163099	0.9899229632341472	0.9889975990182696	0.9927942355348676	0.9883718970078561	0.9903138665074895	0.9877726647574071	0.9838920993424112	0.9849837944648193
0.9867451218577533	0.9884605565138307	0.9867208817742887	0.978871209588576	0.9900380536657037	0.9873906145556418	0.9831127873396694	0.989751896473613	0.9840460287528451	0.9880562726925883	0.9920429166511756	0.9789384726094639	0.9898496234649251	0.9882002530891523	0.9912228321931336	0.9881061106579889	1.0	0.9862533355049852	0.9897568348808866	0.9855293887730657	0.9854277964850836	0.9872700211340198	0.9907785615481811	0.99051479938003	0.9869430752135998	0.989246029759507	0.9921780799395065	0.9906274944523967	0.9906347939387288	0.9896974905311062	0.9923063535364323	0.9893903054370702	0.9849225295210756	0.9837034418485814
0.9862639915503487	0.9829646237983853	0.9847146876468957	0.9775353512939077	0.9888271849217031	0.9887240508341232	0.9810430452707722	0.9882609089591156	0.9819320660778813	0.9872558859950743	0.991978464776718	0.9790546844600297	0.991082257592675	0.9911789197772412	0.9873704551769547	0.9855716319683073	0.9862533355049852	1.0	0.9882579324769928	0.9855709197266596	0.984424872584004	0.989577874577462	0.9871772991603525	0.9894201101664575	0.9861614243807402	0.9893613434246727	0.989901143864055	0.9874481507158507	0.9916023704248379	0.9864261580357327	0.9888766015824969	0.9864940054766336	0.9843081625070496	0.9832574276061173
0.9817826452136902	0.9892456592778894	0.9874821112894252	0.978668263855113	0.9880805122057511	0.9881397585434154	0.9872396716703037	0.9895022373424941	0.9860630362652816	0.9854299217794426	0.9891883698078036	0.9800984055032915	0.9895306231912703	0.9805756955895201	0.9901490113078752	0.9888425265966628	0.9897568348808866	0.9882579324769928	1.0	0.9787176983353457	0.9873914055841712	0.9900653649705833	0.9868418574468023	0.9805491021534166	0.9888714858479498	0.9799648509970905	0.9895873217091378	0.9901768463768594	0.987451903819703	0.9888425265966628	0.9875424431914362	0.9889293281360002	0.9772791461339174	0.9833363478381567
0.9752663665589526	0.9869526263653191	0.9848152070288531	0.978253891597038	0.9857777906374376	0.98515322813303	0.9831155674903168	0.9849423731099345	0.9825288585925571	0.9766583993251393	0.98515322813303	0.979675717135108	0.9849846525792982	0.9729071247014308	0.9863501958142715	0.9860652392530371	0.9855293887730657	0.9855709197266596	0.9787176983353457	1.0	0.9852371924900238	0.9863501958142715	0.983954602871788	0.9797749449808619	0.9865924938589523	0.9787176983353457	0.9848152070288531	0.9870321231948486	0.9848152070288531	0.9851111653102721	0.9854461690178643	0.9848152070288531	0.9691489868780443	0.9809427505979503
0.9847768373948056	0.9849529480826333	0.9829575104762609	0.9747142644823437	0.9850693658541945	0.985778310830525	0.9799954801694881	0.9851778511479241	0.9813197109904569	0.9856597032402632	0.9878368727043338	0.9795440200915142	0.9889432255106043	0.9867964300462059	0.9861384283787945	0.9878297280927254	0.9854277964850836	0.984424872584004	0.9873914055841712	0.9852371924900238	1.0	0.9853603799040155	0.9857458133558584	0.9875893084476652	0.983982134039098	0.9850310016170638	0.9864286584670572	0.9856960877018685	0.9900494290847439	0.9843579926891658	0.9868820069966947	0.9843481444160325	0.9831724468956804	0.9828848154479911
0.9865740965711708	0.9865555222258395	0.9849668866222555	0.9782101209921779	0.9891024784884954	0.9876025563118018	0.9835777847564894	0.9877194305956424	0.9836010377371446	0.9873802961948263	0.9932856006975405	0.9797717822856225	0.9912050709686254	0.9901524767769194	0.9884942624015006	0.9884140469683127	0.9872700211340198	0.989577874577462	0.9900653649705833	0.9863501958142715	0.9853603799040155	1.0	0.9874794108162179	0.9891125913674543	0.9868726568967249	0.9907973189992967	0.990313264957765	0.9874772486854502	0.9917968409918608	0.987236093861419	0.9897055472389066	0.9876448775277498	0.9839757352373515	0.9823953301627569
0.985244382851222	0.9893455718159047	0.9886831877085676	0.9798000576144559	0.987130573289377	0.9859645501901841	0.9828943386849379	0.9878016904519694	0.9852049112155636	0.9858878888242136	0.9897087615391598	0.9761208054980944	0.9868723880707662	0.9848881363414704	0.9906317233427583	0.9884594015518354	0.9907785615481811	0.9871772991603525	0.9868418574468023	0.983954602871788	0.9857458133558584	0.9874794108162179	1.0	0.9884315148549281	0.9878931938788027	0.9866013208474124	0.9887913522201146	0.9907576245929184	0.9881802609781797	0.9890160433311912	0.9907793727909336	0.9882340850460599	0.9826982252763419	0.9824659624470294
0.9787924990358056	0.9898348860387551	0.9877067633789414	0.9796403702682464	0.9878529952419111	0.9884028289106654	0.9839866786366172	0.9878821638445078	0.9862075541289735	0.979408044898002	0.9885460095353161	0.9771079469425265	0.9898897975626502	0.9800642576334625	0.9901357748723763	0.9909958095149285	0.99051479938003	0.9894201101664575	0.9805491021534166	0.9797749449808619	0.9875893084476652	0.9891125913674543	0.9884315148549281	1.0	0.9884315148549281	0.9813527007132118	0.9879985805738843	0.9907026922734549	0.9889718563010887	0.9885460095353161	0.9886601077651191	0.9881435251607014	0.9752159702818651	0.9882301867328791
0.9854579481877623	0.9863957540777043	0.9854045163457312	0.9766425653478334	0.989039152943049	0.9858675135231822	0.9833740638964895	0.9907429412404438	0.9863107364009331	0.9904320115391172	0.9907963091967729	0.9801665837791824	0.9887236936502363	0.986970868599627	0.9870680971929663	0.9863320114391798	0.9869430752135998	0.9861614243807402	0.9888714858479498	0.9865924938589523	0.983982134039098	0.9868726568967249	0.9878931938788027	0.9884315148549281	1.0	0.9884864960165028	0.9905495305033851	0.9870543354381554	0.9892446739156768	0.9869683248842281	0.9897282787115864	0.9868457003195152	0.9854458367783114	0.9819310172124688
0.979438418652872	0.9883384034487709	0.986223633838201	0.9791107992135704	0.9876181408068657	0.9881299490377415	0.9850638108329662	0.9874355861228404	0.9854873743346836	0.9777846734946121	0.992147011592247	0.9774982796883446	0.9874965502450375	0.9801928695412193	0.9899602134606217	0.9882194482163099	0.989246029759507	0.9893613434246727	0.9799648509970905	0.9787176983353457	0.9850310016170638	0.9907973189992967	0.9866013208474124	0.9813527007132118	0.9884864960165028	1.0	0.9883384034487709	0.9893901089480295	0.9872520132809371	0.9867262586492274	0.9870982497807486	0.9870982497807486	0.9766058492878564	0.9838955139124621
0.9861946803039072	0.9905923068157934	0.9890163187631134	0.9801387653477579	0.9900535773444308	0.9876896020756087	0.9869101811938648	0.989769923767883	0.9870770625396029	0.9882079875432163	0.9910184418065943	0.9794258205539882	0.9885421024797176	0.9872480606925037	0.9927836877458082	0.9899229632341472	0.9921780799395065	0.989901143864055	0.9895873217091378	0.9848152070288531	0.9864286584670572	0.990313264957765	0.9887913522201146	0.9879985805738843	0.9905495305033851	0.9883384034487709	1.0	0.9917474584016119	0.9891747724834358	0.9887009339119326	0.9899998417815769	0.989769923767883	0.9848819275479771	0.9845316945442196
0.9872865031300174	0.9894078312097955	0.9866768483248195	0.9784596020456122	0.9889968682360131	0.9878550983477443	0.9838136456233644	0.9904024696490714	0.9845419395078452	0.9885393209255378	0.9921286575391826	0.9796865575146488	0.9899134230106824	0.9884673267763134	0.9908883933174745	0.9889975990182696	0.9906274944523967	0.9874481507158507	0.9901768463768594	0.9870321231948486	0.9856960877018685	0.9874772486854502	0.9907576245929184	0.9907026922734549	0.9870543354381554	0.9893901089480295	0.9917474584016119	1.0	0.9911660725846464	0.990249688112234	0.9921377834908417	0.9885914102495814	0.9849630813435019	0.9834694540997273
0.9869491852426371	0.9896609993787483	0.9878419723098341	0.9806481468798576	0.9895689356856808	0.9937624467848835	0.9854235804120993	0.9891980894298199	0.9862496315042163	0.9856597032402632	0.9903022934133101	0.980252608675588	0.9943859058363591	0.9866913211529963	0.9913194329390884	0.9927942355348676	0.9906347939387288	0.9916023704248379	0.987451903819703	0.9848152070288531	0.9900494290847439	0.9917968409918608	0.9881802609781797	0.9889718563010887	0.9892446739156768	0.9872520132809371	0.9891747724834358	0.9911660725846464	1.0	0.9880598420955079	0.9880115509965163	0.9888936752501838	0.9824366359781933	0.9874018594955299
0.9853513391000019	0.9887136388030446	0.9874796493001412	0.9780360222059254	0.9863320514733317	0.9857821196410943	0.9829199681112417	0.9868561080675948	0.9838445820039181	0.9858228544740018	0.9902116727181376	0.9770204520848498	0.9880111987605174	0.9860535132146006	0.9897593041467065	0.9883718970078561	0.9896974905311062	0.9864261580357327	0.9888425265966628	0.9851111653102721	0.9843579926891658	0.987236093861419	0.9890160433311912	0.9885460095353161	0.9869683248842281	0.9867262586492274	0.9887009339119326	0.990249688112234	0.9880598420955079	1.0	0.9977768982595363	0.9878743479904449	0.9827849595073808	0.9833730387134091
0.9856701339918463	0.9913034677633594	0.9899321602575835	0.9814232268172506	0.9891321086105628	0.9878102131335192	0.9854903856034052	0.9895916543304598	0.9866083551474083	0.9858878888242136	0.9895702630348007	0.9787730518446756	0.9889929866891686	0.9859459983729454	0.9922853292051221	0.9903138665074895	0.9923063535364323	0.9888766015824969	0.9875424431914362	0.9854461690178643	0.9868820069966947	0.9897055472389066	0.9907793727909336	0.9886601077651191	0.9897282787115864	0.9870982497807486	0.9899998417815769	0.9921377834908417	0.9880115509965163	0.9977768982595363	1.0	0.9898643396269239	0.9821729402729912	0.9853609030456993
0.9851370771349912	0.988237020464429	0.9868019435751558	0.9782742678046237	0.9875922153297464	0.9857113005076921	0.9825542421779739	0.9870576773779342	0.9832202044538252	0.9860822232543269	0.9905052849772105	0.9780235128742975	0.9880786536364085	0.9856575605027087	0.9895316702200613	0.9877726647574071	0.9893903054370702	0.9864940054766336	0.9889293281360002	0.9848152070288531	0.9843481444160325	0.9876448775277498	0.9882340850460599	0.9881435251607014	0.9868457003195152	0.9870982497807486	0.989769923767883	0.9885914102495814	0.9888936752501838	0.9878743479904449	0.9898643396269239	1.0	0.9829577421004598	0.9813357980471783
0.9710242965498799	0.985724201851748	0.9822170373007224	0.9735347430706716	0.9850035831410501	0.9823489731547991	0.9830867337145007	0.9840174733445357	0.9810507500223113	0.9768145042211513	0.9835554062742774	0.9803117995584543	0.9821729402729912	0.9724825538418138	0.9845552910848983	0.9838920993424112	0.9849225295210756	0.9843081625070496	0.9772791461339174	0.9691489868780443	0.9831724468956804	0.9839757352373515	0.9826982252763419	0.9752159702818651	0.9854458367783114	0.9766058492878564	0.9848819275479771	0.9849630813435019	0.9824366359781933	0.9827849595073808	0.9821729402729912	0.9829577421004598	1.0	0.9801713669241693
0.983483913184921	0.9824680445611718	0.9797691266813775	0.9722406110322458	0.9840771499831787	0.9838231089105872	0.9786728688812492	0.9834584791445614	0.9795845476421273	0.9817011340865314	0.9855921215748895	0.9751135512325754	0.9859683871014786	0.9841761031127207	0.9834929281664383	0.9849837944648193	0.9837034418485814	0.9832574276061173	0.9833363478381567	0.9809427505979503	0.9828848154479911	0.9823953301627569	0.9824659624470294	0.9882301867328791	0.9819310172124688	0.9838955139124621	0.9845316945442196	0.9834694540997273	0.9874018594955299	0.9833730387134091	0.9853609030456993	0.9813357980471783	0.9801713669241693	1.0
