/home/jshaw/scratch/2022_sketched_distance/references/SGB_genome_fastas_part1_redo/1673/CosteaPI_2017__SID713B044-11-0-0__bin.44.fa	/home/jshaw/scratch/2022_sketched_distance/references/SGB_genome_fastas_part1_redo/1673/CosteaPI_2017__SID713B044-11-90-0__bin.58.fa	/home/jshaw/scratch/2022_sketched_distance/references/SGB_genome_fastas_part1_redo/1673/LiJ_2014__MH0357__bin.54.fa	/home/jshaw/scratch/2022_sketched_distance/references/SGB_genome_fastas_part1_redo/1673/LiJ_2014__MH0400__bin.45.fa	/home/jshaw/scratch/2022_sketched_distance/references/SGB_genome_fastas_part1_redo/1673/LiuW_2016__SRR3992956__bin.43.fa	/home/jshaw/scratch/2022_sketched_distance/references/SGB_genome_fastas_part1_redo/1673/LiuW_2016__SRR3992961__bin.41.fa	/home/jshaw/scratch/2022_sketched_distance/references/SGB_genome_fastas_part1_redo/1673/LiuW_2016__SRR3992966__bin.11.fa	/home/jshaw/scratch/2022_sketched_distance/references/SGB_genome_fastas_part1_redo/1673/LiuW_2016__SRR3992978__bin.42.fa	/home/jshaw/scratch/2022_sketched_distance/references/SGB_genome_fastas_part1_redo/1673/LiuW_2016__SRR3992980__bin.37.fa	/home/jshaw/scratch/2022_sketched_distance/references/SGB_genome_fastas_part1_redo/1673/LiuW_2016__SRR3993001__bin.60.fa	/home/jshaw/scratch/2022_sketched_distance/references/SGB_genome_fastas_part1_redo/1673/LiuW_2016__SRR3993034__bin.53.fa	/home/jshaw/scratch/2022_sketched_distance/references/SGB_genome_fastas_part1_redo/1673/LiuW_2016__SRR3993043__bin.20.fa	/home/jshaw/scratch/2022_sketched_distance/references/SGB_genome_fastas_part1_redo/1673/LiuW_2016__SRR3993054__bin.15.fa	/home/jshaw/scratch/2022_sketched_distance/references/SGB_genome_fastas_part1_redo/1673/NielsenHB_2014__O2_UC12_2__bin.35.fa	/home/jshaw/scratch/2022_sketched_distance/references/SGB_genome_fastas_part1_redo/1673/Obregon-TitoAJ_2015__SM01__bin.37.fa	/home/jshaw/scratch/2022_sketched_distance/references/SGB_genome_fastas_part1_redo/1673/Obregon-TitoAJ_2015__SM11__bin.23.fa	/home/jshaw/scratch/2022_sketched_distance/references/SGB_genome_fastas_part1_redo/1673/Obregon-TitoAJ_2015__SM25__bin.54.fa	/home/jshaw/scratch/2022_sketched_distance/references/SGB_genome_fastas_part1_redo/1673/Obregon-TitoAJ_2015__SM42__bin.24.fa	/home/jshaw/scratch/2022_sketched_distance/references/SGB_genome_fastas_part1_redo/1673/QinN_2014__LV-11__bin.4.fa	/home/jshaw/scratch/2022_sketched_distance/references/SGB_genome_fastas_part1_redo/1673/RampelliS_2015__H21__bin.9.fa	/home/jshaw/scratch/2022_sketched_distance/references/SGB_genome_fastas_part1_redo/1673/WenC_2017__N021__bin.24.fa	/home/jshaw/scratch/2022_sketched_distance/references/SGB_genome_fastas_part1_redo/1673/YuJ_2015__SZAXPI015220-136__bin.34.fa	/home/jshaw/scratch/2022_sketched_distance/references/SGB_genome_fastas_part1_redo/1673/ZeeviD_2015__PNP_Main_293__bin.1.fa	/home/jshaw/scratch/2022_sketched_distance/references/SGB_genome_fastas_part1_redo/1673/ZeeviD_2015__PNP_Main_364__bin.14.fa	/home/jshaw/scratch/2022_sketched_distance/references/SGB_genome_fastas_part1_redo/1673/ZeeviD_2015__PNP_Main_538__bin.7.fa	/home/jshaw/scratch/2022_sketched_distance/references/SGB_genome_fastas_part1_redo/1673/ZeeviD_2015__PNP_Main_634__bin.23.fa
1.0	0.9973629464654665	0.977168695881731	0.980843682367805	0.9859768661840824	0.9844344600378133	0.9850445351629402	0.9852017236376726	0.9865067193258414	0.9845706099492518	0.982665277695105	0.9857552646195868	0.9839861483995749	0.9788257345036907	0.981625807508824	0.9791495952770133	0.9798955361624091	0.9810433890454422	0.9754905964352879	0.9832180245204064	0.9752704256175497	0.9750539467818481	0.9787711352032004	0.9828271679908999	0.9795428537341107	0.9788958258847158
0.9973629464654665	1.0	0.9796734309987729	0.97919106371023	0.9868732680321485	0.9840323669493503	0.9860734995207583	0.9854226835805017	0.9867071989231259	0.9841641059154145	0.9831172810613752	0.9861585025335075	0.9835337455581157	0.9787079793058333	0.9806792253252138	0.9803058285068221	0.9806139023262225	0.9806210502024048	0.9768119964707659	0.9817661823854424	0.9761899902415205	0.9765434766651383	0.979251342231329	0.9840069333290964	0.9809296084026317	0.9805689442316855
0.977168695881731	0.9796734309987729	1.0	0.9905587811208034	0.9709613121288783	0.9661130592150463	0.9682266356773555	0.977056525793224	0.9725515959843875	0.9670098524954799	0.9685471664329239	0.9773362300559618	0.9697733036744282	0.9902220886555055	0.9795435488848842	0.9737476354781646	0.9686201050313877	0.9674384886749543	0.9704649937864576	0.9788065020183624	0.9666971035391428	0.9799940531913112	0.9651487847723598	0.9807194228681866	0.9782967098738249	0.984709338516419
0.980843682367805	0.97919106371023	0.9905587811208034	1.0	0.9797676355597731	0.9782619231012749	0.9790387448054368	0.9794617523053557	0.9804205126704871	0.9770193329641385	0.9776709021866621	0.9795821189058157	0.9778407302837115	0.9925087522182306	0.9791981566561496	0.9784454913013927	0.9773590263608649	0.9788000651505429	0.9792469243662821	0.9776603309220193	0.9792181787447373	0.9827336538544066	0.9789961114592537	0.984164867517533	0.9806938944951532	0.9871686107910355
0.9859768661840824	0.9868732680321485	0.9709613121288783	0.9797676355597731	1.0	0.9827309324642811	0.9955785806990216	0.9850319550442691	0.9831484085102633	0.9837525014744194	0.9836671659882942	0.986651448014804	0.9806797024662526	0.9787638337836733	0.9807947642400182	0.9777573815683094	0.9757827795284484	0.9775010800891138	0.9723580943392409	0.9829070533175696	0.9733873872786303	0.9669051569831142	0.9767419992442922	0.9826314888976115	0.9789332926520724	0.9791578775309873
0.9844344600378133	0.9840323669493503	0.9661130592150463	0.9782619231012749	0.9827309324642811	1.0	0.9810022751343112	0.9850436018898624	0.9786310827486495	0.9752080492313568	0.9789234316861929	0.9856712670190987	0.9916389209099724	0.9772437939103896	0.980486164021578	0.9772437939103896	0.9781875870545417	0.9718540705423662	0.9752699558529304	0.9809681200486532	0.9740677172834719	0.9588739352249579	0.9779260680434185	0.980762436884581	0.9792852227005172	0.9784470252251665
0.9850445351629402	0.9860734995207583	0.9682266356773555	0.9790387448054368	0.9955785806990216	0.9810022751343112	1.0	0.9836295061677235	0.9793124057045528	0.9795060027282174	0.982968089017141	0.9852529227367847	0.9774300406779476	0.9775616990102909	0.9792577630102978	0.9760833282112542	0.9764252650533226	0.9749901232444445	0.9737316004809212	0.9809885469652283	0.9721080186422955	0.9609872730174193	0.9748337169534353	0.9811360864932797	0.9775288342670599	0.9776928275288777
0.9852017236376726	0.9854226835805017	0.977056525793224	0.9794617523053557	0.9850319550442691	0.9850436018898624	0.9836295061677235	1.0	0.9859234363949684	0.9827824471835703	0.9809053535259066	0.9859054871258456	0.9835605309772152	0.9773077570630149	0.9812131451159309	0.9800264311479302	0.9792500349220541	0.9790240221724227	0.9749074236382772	0.9824777629612709	0.9750905655778157	0.976576549566763	0.9788355725760283	0.9836687765857413	0.9792202563124146	0.9795595120822832
0.9865067193258414	0.9867071989231259	0.9725515959843875	0.9804205126704871	0.9831484085102633	0.9786310827486495	0.9793124057045528	0.9859234363949684	1.0	0.9785489134727224	0.9790925040398695	0.9873749367134352	0.9781329119405163	0.9790925040398695	0.9831484085102633	0.9792183434843593	0.9748572555278252	0.9739635917207585	0.9710932351623619	0.9835634317645737	0.9690409474711394	0.9663698290415057	0.9717430556919048	0.9833427401409236	0.979747814591688	0.9809011938343761
0.9845706099492518	0.9841641059154145	0.9670098524954799	0.9770193329641385	0.9837525014744194	0.9752080492313568	0.9795060027282174	0.9827824471835703	0.9785489134727224	1.0	0.9789572665825582	0.9843523491465205	0.9780596292276973	0.97508363383874	0.9783615949845261	0.9764267037086934	0.9745389275915408	0.9697463800944796	0.9718992100796753	0.9804358333710067	0.9695715468724733	0.9626785238585279	0.9710164095456345	0.9799384465410012	0.9790677543291578	0.9755375144179301
0.982665277695105	0.9831172810613752	0.9685471664329239	0.9776709021866621	0.9836671659882942	0.9789234316861929	0.982968089017141	0.9809053535259066	0.9790925040398695	0.9789572665825582	1.0	0.9837190581271938	0.976037556609753	0.9762685813779596	0.9788051420929814	0.9743916818785194	0.9743571608064681	0.9747365153887373	0.9713178361030489	0.9810181662218723	0.9724228358462279	0.96511876781098	0.9733442334273158	0.9787448299702747	0.9764957574191047	0.9766892256842452
0.9857552646195868	0.9861585025335075	0.9773362300559618	0.9795821189058157	0.986651448014804	0.9856712670190987	0.9852529227367847	0.9859054871258456	0.9873749367134352	0.9843523491465205	0.9837190581271938	1.0	0.984949740184806	0.9778885363354327	0.9812340417453724	0.9798623390005549	0.9791015329298991	0.9800853350358963	0.9760950278853985	0.9831240128019564	0.9762596608969121	0.9768071238493302	0.9800363158283518	0.9829205049231888	0.9796005058643172	0.9794225328885048
0.9839861483995749	0.9835337455581157	0.9697733036744282	0.9778407302837115	0.9806797024662526	0.9916389209099724	0.9774300406779476	0.9835605309772152	0.9781329119405163	0.9780596292276973	0.976037556609753	0.984949740184806	1.0	0.9769024206283335	0.9796400296501637	0.9771639756543453	0.9727034981946935	0.9731272576512103	0.9688188100755663	0.9805625432974732	0.9672533039691295	0.9637678075624473	0.9711776743466746	0.9806504520181879	0.9781896907561474	0.9779044561178876
0.9788257345036907	0.9787079793058333	0.9902220886555055	0.9925087522182306	0.9787638337836733	0.9772437939103896	0.9775616990102909	0.9773077570630149	0.9790925040398695	0.97508363383874	0.9762685813779596	0.9778885363354327	0.9769024206283335	1.0	0.9789289374422905	0.9767323001061552	0.9763707159298614	0.9780805508563833	0.9785821022041614	0.9776260297292955	0.977755864629512	0.9790886014086332	0.9781853981326868	0.9820288613126521	0.9788355247500021	0.9859543473472037
0.981625807508824	0.9806792253252138	0.9795435488848842	0.9791981566561496	0.9807947642400182	0.980486164021578	0.9792577630102978	0.9812131451159309	0.9831484085102633	0.9783615949845261	0.9788051420929814	0.9812340417453724	0.9796400296501637	0.9789289374422905	1.0	0.9829972370677937	0.9840122436622114	0.981182965069282	0.9772408055368299	0.9806188361760597	0.9765368615234805	0.9790886014086332	0.9761532286595698	0.9821337969595901	0.9807153933975602	0.9810730809083198
0.9791495952770133	0.9803058285068221	0.9737476354781646	0.9784454913013927	0.9777573815683094	0.9772437939103896	0.9760833282112542	0.9800264311479302	0.9792183434843593	0.9764267037086934	0.9743916818785194	0.9798623390005549	0.9771639756543453	0.9767323001061552	0.9829972370677937	1.0	0.9788924883460128	0.9809383146838487	0.9733677182662708	0.9797682006013649	0.9726180550646564	0.9738183360578714	0.9729609317374395	0.9799327651680629	0.9774992445612462	0.9773726679476858
0.9798955361624091	0.9806139023262225	0.9686201050313877	0.9773590263608649	0.9757827795284484	0.9781875870545417	0.9764252650533226	0.9792500349220541	0.9748572555278252	0.9745389275915408	0.9743571608064681	0.9791015329298991	0.9727034981946935	0.9763707159298614	0.9840122436622114	0.9788924883460128	1.0	0.9786499018539089	0.9744712346626433	0.9783182356837306	0.974213102684608	0.9622638610175053	0.9761182611381173	0.978651928729803	0.9775781028820782	0.9772646835806981
0.9810433890454422	0.9806210502024048	0.9674384886749543	0.9788000651505429	0.9775010800891138	0.9718540705423662	0.9749901232444445	0.9790240221724227	0.9739635917207585	0.9697463800944796	0.9747365153887373	0.9800853350358963	0.9731272576512103	0.9780805508563833	0.981182965069282	0.9809383146838487	0.9786499018539089	1.0	0.9756981161979595	0.9781570411222306	0.9747365153887373	0.9611786327057941	0.9725423475727348	0.9784233528131585	0.9787250698990502	0.9789122358007232
0.9754905964352879	0.9768119964707659	0.9704649937864576	0.9792469243662821	0.9723580943392409	0.9752699558529304	0.9737316004809212	0.9749074236382772	0.9710932351623619	0.9718992100796753	0.9713178361030489	0.9760950278853985	0.9688188100755663	0.9785821022041614	0.9772408055368299	0.9733677182662708	0.9744712346626433	0.9756981161979595	1.0	0.9744464973901503	0.9883877535134307	0.9733836373131133	0.9754823318770538	0.9770271067516996	0.9813253412258569	0.9785528873076967
0.9832180245204064	0.9817661823854424	0.9788065020183624	0.9776603309220193	0.9829070533175696	0.9809681200486532	0.9809885469652283	0.9824777629612709	0.9835634317645737	0.9804358333710067	0.9810181662218723	0.9831240128019564	0.9805625432974732	0.9776260297292955	0.9806188361760597	0.9797682006013649	0.9783182356837306	0.9781570411222306	0.9744464973901503	1.0	0.9751266172904719	0.9785952234816977	0.9767763033954397	0.9816482827622451	0.9791301384291247	0.9791929492316112
0.9752704256175497	0.9761899902415205	0.9666971035391428	0.9792181787447373	0.9733873872786303	0.9740677172834719	0.9721080186422955	0.9750905655778157	0.9690409474711394	0.9695715468724733	0.9724228358462279	0.9762596608969121	0.9672533039691295	0.977755864629512	0.9765368615234805	0.9726180550646564	0.974213102684608	0.9747365153887373	0.9883877535134307	0.9751266172904719	1.0	0.9687790311834942	0.9755536078341266	0.9771181906483933	0.9810412607732641	0.9786734252742297
0.9750539467818481	0.9765434766651383	0.9799940531913112	0.9827336538544066	0.9669051569831142	0.9588739352249579	0.9609872730174193	0.976576549566763	0.9663698290415057	0.9626785238585279	0.96511876781098	0.9768071238493302	0.9637678075624473	0.9790886014086332	0.9790886014086332	0.9738183360578714	0.9622638610175053	0.9611786327057941	0.9733836373131133	0.9785952234816977	0.9687790311834942	1.0	0.9584571648575918	0.9778408747457762	0.9806424540082943	0.9809329823423609
0.9787711352032004	0.979251342231329	0.9651487847723598	0.9789961114592537	0.9767419992442922	0.9779260680434185	0.9748337169534353	0.9788355725760283	0.9717430556919048	0.9710164095456345	0.9733442334273158	0.9800363158283518	0.9711776743466746	0.9781853981326868	0.9761532286595698	0.9729609317374395	0.9761182611381173	0.9725423475727348	0.9754823318770538	0.9767763033954397	0.9755536078341266	0.9584571648575918	1.0	0.9817290945358009	0.9759780140298857	0.9771851589501408
0.9828271679908999	0.9840069333290964	0.9807194228681866	0.984164867517533	0.9826314888976115	0.980762436884581	0.9811360864932797	0.9836687765857413	0.9833427401409236	0.9799384465410012	0.9787448299702747	0.9829205049231888	0.9806504520181879	0.9820288613126521	0.9821337969595901	0.9799327651680629	0.978651928729803	0.9784233528131585	0.9770271067516996	0.9816482827622451	0.9771181906483933	0.9778408747457762	0.9817290945358009	1.0	0.9809822824619392	0.9825404876817353
0.9795428537341107	0.9809296084026317	0.9782967098738249	0.9806938944951532	0.9789332926520724	0.9792852227005172	0.9775288342670599	0.9792202563124146	0.979747814591688	0.9790677543291578	0.9764957574191047	0.9796005058643172	0.9781896907561474	0.9788355247500021	0.9807153933975602	0.9774992445612462	0.9775781028820782	0.9787250698990502	0.9813253412258569	0.9791301384291247	0.9810412607732641	0.9806424540082943	0.9759780140298857	0.9809822824619392	1.0	0.9802805200282703
0.9788958258847158	0.9805689442316855	0.984709338516419	0.9871686107910355	0.9791578775309873	0.9784470252251665	0.9776928275288777	0.9795595120822832	0.9809011938343761	0.9755375144179301	0.9766892256842452	0.9794225328885048	0.9779044561178876	0.9859543473472037	0.9810730809083198	0.9773726679476858	0.9772646835806981	0.9789122358007232	0.9785528873076967	0.9791929492316112	0.9786734252742297	0.9809329823423609	0.9771851589501408	0.9825404876817353	0.9802805200282703	1.0
