/home/jshaw/scratch/2022_sketched_distance/references/SGB_genome_fastas_part2/2241/BritoIL_2016__M1.15.ST__bin.41.fa	/home/jshaw/scratch/2022_sketched_distance/references/SGB_genome_fastas_part2/2241/BritoIL_2016__M1.29.ST__bin.68.fa	/home/jshaw/scratch/2022_sketched_distance/references/SGB_genome_fastas_part2/2241/BritoIL_2016__W1.2.ST__bin.41.fa	/home/jshaw/scratch/2022_sketched_distance/references/SGB_genome_fastas_part2/2241/BritoIL_2016__W1.33.ST__bin.25.fa	/home/jshaw/scratch/2022_sketched_distance/references/SGB_genome_fastas_part2/2241/BritoIL_2016__W1.5.ST__bin.29.fa	/home/jshaw/scratch/2022_sketched_distance/references/SGB_genome_fastas_part2/2241/BritoIL_2016__W2.35.ST__bin.34.fa	/home/jshaw/scratch/2022_sketched_distance/references/SGB_genome_fastas_part2/2241/BritoIL_2016__W2.61.ST__bin.52.fa	/home/jshaw/scratch/2022_sketched_distance/references/SGB_genome_fastas_part2/2241/BritoIL_2016__W3.17.ST__bin.75.fa	/home/jshaw/scratch/2022_sketched_distance/references/SGB_genome_fastas_part2/2241/BritoIL_2016__W3.18.ST__bin.62.fa	/home/jshaw/scratch/2022_sketched_distance/references/SGB_genome_fastas_part2/2241/BritoIL_2016__W3.22.ST__bin.21.fa	/home/jshaw/scratch/2022_sketched_distance/references/SGB_genome_fastas_part2/2241/BritoIL_2016__WL.14.ST__bin.43.fa	/home/jshaw/scratch/2022_sketched_distance/references/SGB_genome_fastas_part2/2241/CM_madagascar__A08_01_1FE__bin.2.fa	/home/jshaw/scratch/2022_sketched_distance/references/SGB_genome_fastas_part2/2241/CM_madagascar__A32_01_1FE__bin.4.fa	/home/jshaw/scratch/2022_sketched_distance/references/SGB_genome_fastas_part2/2241/CM_madagascar__A39_02_1FE__bin.21.fa	/home/jshaw/scratch/2022_sketched_distance/references/SGB_genome_fastas_part2/2241/CM_madagascar__A81_03_1FE__bin.52.fa	/home/jshaw/scratch/2022_sketched_distance/references/SGB_genome_fastas_part2/2241/CM_madagascar__A90_04_1FE__bin.83.fa	/home/jshaw/scratch/2022_sketched_distance/references/SGB_genome_fastas_part2/2241/CM_madagascar__V12_01_2FE__bin.49.fa	/home/jshaw/scratch/2022_sketched_distance/references/SGB_genome_fastas_part2/2241/CosteaPI_2017__SID713A028-11-0-0__bin.67.fa	/home/jshaw/scratch/2022_sketched_distance/references/SGB_genome_fastas_part2/2241/CosteaPI_2017__SID713A028-11-90-0__bin.78.fa	/home/jshaw/scratch/2022_sketched_distance/references/SGB_genome_fastas_part2/2241/CosteaPI_2017__SID713B041-11-0-0__bin.41.fa	/home/jshaw/scratch/2022_sketched_distance/references/SGB_genome_fastas_part2/2241/CosteaPI_2017__SID713B046-11-0-0__bin.22.fa	/home/jshaw/scratch/2022_sketched_distance/references/SGB_genome_fastas_part2/2241/CosteaPI_2017__SID713B076-11-0-0__bin.33.fa	/home/jshaw/scratch/2022_sketched_distance/references/SGB_genome_fastas_part2/2241/FerrettiP_2018__CA_C10002MS2016FE_t0M15__bin.45.fa	/home/jshaw/scratch/2022_sketched_distance/references/SGB_genome_fastas_part2/2241/FerrettiP_2018__CA_C10031MS2526FE_t0M15__bin.17.fa	/home/jshaw/scratch/2022_sketched_distance/references/SGB_genome_fastas_part2/2241/LeChatelierE_2013__MH0175__bin.63.fa	/home/jshaw/scratch/2022_sketched_distance/references/SGB_genome_fastas_part2/2241/LeChatelierE_2013__MH0189__bin.81.fa	/home/jshaw/scratch/2022_sketched_distance/references/SGB_genome_fastas_part2/2241/LeChatelierE_2013__MH0257__bin.12.fa	/home/jshaw/scratch/2022_sketched_distance/references/SGB_genome_fastas_part2/2241/LeChatelierE_2013__MH0407__bin.67.fa	/home/jshaw/scratch/2022_sketched_distance/references/SGB_genome_fastas_part2/2241/LeChatelierE_2013__MH0430__bin.47.fa	/home/jshaw/scratch/2022_sketched_distance/references/SGB_genome_fastas_part2/2241/LiJ_2014__MH0252__bin.12.fa	/home/jshaw/scratch/2022_sketched_distance/references/SGB_genome_fastas_part2/2241/LiuW_2016__SRR3993051__bin.74.fa	/home/jshaw/scratch/2022_sketched_distance/references/SGB_genome_fastas_part2/2241/NielsenHB_2014__MH0175__bin.23.fa	/home/jshaw/scratch/2022_sketched_distance/references/SGB_genome_fastas_part2/2241/Obregon-TitoAJ_2015__HCO11__bin.22.fa	/home/jshaw/scratch/2022_sketched_distance/references/SGB_genome_fastas_part2/2241/Obregon-TitoAJ_2015__HCO12__bin.13.fa	/home/jshaw/scratch/2022_sketched_distance/references/SGB_genome_fastas_part2/2241/Obregon-TitoAJ_2015__HCO67__bin.11.fa	/home/jshaw/scratch/2022_sketched_distance/references/SGB_genome_fastas_part2/2241/RampelliS_2015__H10__bin.58.fa	/home/jshaw/scratch/2022_sketched_distance/references/SGB_genome_fastas_part2/2241/RampelliS_2015__H13__bin.18.fa	/home/jshaw/scratch/2022_sketched_distance/references/SGB_genome_fastas_part2/2241/RampelliS_2015__H14__bin.94.fa	/home/jshaw/scratch/2022_sketched_distance/references/SGB_genome_fastas_part2/2241/XieH_2016__YSZC12003_35520__bin.2.fa	/home/jshaw/scratch/2022_sketched_distance/references/SGB_genome_fastas_part2/2241/XieH_2016__YSZC12003_36244__bin.14.fa	/home/jshaw/scratch/2022_sketched_distance/references/SGB_genome_fastas_part2/2241/XieH_2016__YSZC12003_37100__bin.68.fa	/home/jshaw/scratch/2022_sketched_distance/references/SGB_genome_fastas_part2/2241/XieH_2016__YSZC12003_37315__bin.79.fa	/home/jshaw/scratch/2022_sketched_distance/references/SGB_genome_fastas_part2/2241/ZeeviD_2015__PNP_Main_257__bin.39.fa	/home/jshaw/scratch/2022_sketched_distance/references/SGB_genome_fastas_part2/2241/ZeeviD_2015__PNP_Main_438__bin.9.fa	/home/jshaw/scratch/2022_sketched_distance/references/SGB_genome_fastas_part2/2241/ZeeviD_2015__PNP_Main_698__bin.3.fa	/home/jshaw/scratch/2022_sketched_distance/references/SGB_genome_fastas_part2/2241/ZellerG_2014__CCMD18872694ST-21-0__bin.35.fa	/home/jshaw/scratch/2022_sketched_distance/references/SGB_genome_fastas_part2/2241/ZellerG_2014__CCMD86114146ST-21-0__bin.29.fa	/home/jshaw/scratch/2022_sketched_distance/references/SGB_genome_fastas_part2/2241/ZellerG_2014__CCMD87156761ST-21-0__bin.33.fa
1.0	0.9804283452528333	0.9762094736559377	0.9751446091492858	0.9775120750058006	0.9789876310648187	0.9783736597740077	0.972043730035315	0.9774656438516622	0.9787103114226785	0.979449262115215	0.9768878703227981	0.9769504963037035	0.976955349112926	0.9770723141054785	0.976801635428067	0.9774190900423282	0.9772165210243272	0.976858664145502	0.9785109397326297	0.9761726208328879	0.9775138542371656	0.9725775915933946	0.9661573652524094	0.9761750035823096	0.9769785208309533	0.9756615353873141	0.9760839460576448	0.9779972551506467	0.9762868711707977	0.9765326275293988	0.9749976526378176	0.9613272236013417	0.9694661025761874	0.9727579039609433	0.966708795627836	0.955698242162476	0.9632778765190867	0.9750794081393781	0.9745915427371963	0.9791863362653681	0.9748328706747411	0.9780750263324937	0.9776500102870579	0.9797407455923869	0.9653136668400527	0.9757960107592293	0.9771681643982345
0.9804283452528333	1.0	0.9759065843329695	0.9751243053534082	0.9780763836590336	0.9790919293751219	0.9786982754348201	0.9727710621560475	0.9777067066178105	0.9781278042341807	0.9796904247558217	0.9780008201062536	0.9781569549050785	0.9776702567741309	0.9771276012063834	0.9779291092617876	0.9781568719334692	0.9789790501762284	0.9789459211019469	0.9795733215368099	0.9784449355979975	0.9798069789901108	0.974620502817912	0.9678412692967219	0.9767617361912521	0.9800062120475156	0.9763189226389678	0.9761406115800821	0.9792633407966772	0.9760415598628119	0.9788239626971761	0.9759490910189029	0.9624507556578139	0.9703429166575123	0.973692104103769	0.9679411484890115	0.955224143038899	0.9631592629000946	0.9753341739706511	0.975224486918724	0.9798520646168135	0.9761761594847098	0.9791603448821843	0.9794407398390124	0.9807089073484588	0.9665158633703179	0.9762544972220824	0.977690455917698
0.9762094736559377	0.9759065843329695	1.0	0.9746536361928018	0.9775191768720353	0.9771467875369504	0.9768114396185273	0.9705690624051573	0.9764839202190059	0.9770938138518295	0.9774749647240999	0.9744078547571154	0.9730461809837712	0.9745711489642629	0.9733594879178711	0.973484769787565	0.9742770209767165	0.9760526089383962	0.976043570666856	0.9750337882519983	0.9734973821947196	0.9750713653701786	0.9701103413599103	0.9656330802700349	0.9720285045597195	0.9746083465942335	0.9712886926202061	0.9727959606132964	0.9751342482154428	0.972883724832037	0.9727043276923363	0.9713961812455469	0.9596107241531217	0.9665384203177296	0.9711180360534941	0.9640895599789266	0.9508492170241617	0.9582153959489098	0.971384092254012	0.9718952454078474	0.974448718528165	0.9705049550338504	0.9760859500375975	0.9739210648977545	0.9758323579961526	0.9637544698205299	0.972753347083068	0.974212936018824
0.9751446091492858	0.9751243053534082	0.9746536361928018	1.0	0.9772310611384037	0.9763751762797022	0.9758744353967491	0.9717089270168041	0.9748217077666417	0.9760874960554614	0.9756384274020331	0.9725725413007195	0.9709975311275243	0.9729207687206153	0.972053691166957	0.9719929004538442	0.9727256081041283	0.9734701649023887	0.9731475680979772	0.9738781507442175	0.9729514404570501	0.9736933499222978	0.9705678598793979	0.9665985168108046	0.9725145682555744	0.9750997661756342	0.9716055443076228	0.972005084175079	0.973957100320922	0.9715624476640796	0.973397619618393	0.9710359931717707	0.961590047386063	0.9667371149747684	0.9697478463692112	0.9631876680703569	0.9503092382766413	0.9569848645438211	0.9708618940907937	0.9717452865813848	0.9735112452102141	0.9716696442680824	0.9730649099906691	0.9744149966573756	0.9745693129432844	0.9626466963088591	0.9717270492927228	0.9711030068339107
0.9775120750058006	0.9780763836590336	0.9775191768720353	0.9772310611384037	1.0	0.9777891381974285	0.9790667766669352	0.9726364582876307	0.9784150499080699	0.9778386644086775	0.978425518402918	0.9755161942731427	0.9746515731726783	0.9758732677271102	0.9748916830916627	0.9756140496769055	0.9759303007264614	0.9769161960987707	0.9772145032501238	0.9773927511928016	0.9753197893065126	0.9764730270609296	0.9721270641885208	0.9660636275351301	0.9747111322115121	0.9761598554699692	0.9748724872861538	0.9753763405660562	0.9766475690398062	0.9741198540531772	0.9754182329790854	0.9735400864119363	0.961437778480778	0.9694227884495188	0.9714008588255122	0.9652214052039801	0.9541647528537667	0.9617570848113457	0.9733022861605493	0.9737613666734012	0.9777819244103343	0.9732821152195339	0.9769088520429032	0.9770221738555988	0.9774948474907886	0.9646593088043324	0.975003456766538	0.9742926420460225
0.9789876310648187	0.9790919293751219	0.9771467875369504	0.9763751762797022	0.9777891381974285	1.0	0.9788213575605309	0.9728747867986585	0.9793680850623334	0.9785320034926219	0.9790335205355464	0.9755782718159894	0.9756290948770223	0.9763688190843007	0.9762790571468152	0.9765070879432407	0.9760388553719194	0.9766545172254979	0.976680522512872	0.9774701765077566	0.9767838287397111	0.9779643134885911	0.972160006817903	0.9671781100005186	0.9754638273934064	0.9776163639074508	0.97484479924764	0.9754723529139948	0.9788840348880632	0.974834738045481	0.9762205344062286	0.9744011409277965	0.9633039348517553	0.9700837616352881	0.9732011337496708	0.9654650898614835	0.9553970627579085	0.9627198989812753	0.9735768752933485	0.9746814464723526	0.9778238311889456	0.9737148603490003	0.977997973578768	0.9776113975621745	0.9768411429386327	0.9662882567026599	0.975980799045294	0.9760478326098144
0.9783736597740077	0.9786982754348201	0.9768114396185273	0.9758744353967491	0.9790667766669352	0.9788213575605309	1.0	0.9724595243288372	0.9773542504479822	0.9785903478553855	0.9787770122777901	0.9757012850058041	0.9759058784867821	0.9751666909847858	0.9742049534309924	0.9760792905610056	0.9760145959119715	0.9769843824515344	0.9766654641196278	0.9771857215285293	0.9756299529050569	0.9769292371045847	0.9715855229053765	0.9661835752850546	0.9742207725125431	0.9760413943914926	0.9743605438779728	0.9746076104833621	0.9773707901410357	0.9755682860711831	0.975328224838811	0.973055521892919	0.9621509137279931	0.9683604237292933	0.971138454350397	0.9632819021809682	0.954562804179109	0.9620223900044574	0.9736343748387597	0.9734113448775384	0.977408477521148	0.9726091526302083	0.9775364979323421	0.9771740099107198	0.978749185286931	0.964158419598338	0.9750481219575352	0.9755956521280883
0.972043730035315	0.9727710621560475	0.9705690624051573	0.9717089270168041	0.9726364582876307	0.9728747867986585	0.9724595243288372	1.0	0.9715023780466386	0.972137356451035	0.9727063308912942	0.9695077532285534	0.9694659797283588	0.9695881062855234	0.9693770542280443	0.9691644793715233	0.969380538398348	0.9714362936077522	0.9711673838766363	0.9717013410423716	0.9698610962318066	0.9702336469655759	0.9652397856453747	0.9620280070982601	0.9686843291037032	0.9704646560242974	0.9676896166526672	0.9680567470010607	0.9709561676148345	0.9677934391119294	0.9697561629163577	0.9685199854962213	0.9583583811149294	0.9639096622592139	0.9651500731237014	0.9606739417727623	0.9506456514827886	0.9560456123476755	0.9673447145669355	0.9668637502137681	0.9716549682023325	0.968758840562281	0.9715523140135087	0.9703449784456427	0.9716404412980383	0.9615384530977171	0.9678774094233356	0.9693168230495777
0.9774656438516622	0.9777067066178105	0.9764839202190059	0.9748217077666417	0.9784150499080699	0.9793680850623334	0.9773542504479822	0.9715023780466386	1.0	0.9763238806398633	0.9780317572270962	0.9754573880140488	0.9739284090818076	0.974858081919529	0.9740203952794337	0.9746225140466408	0.9748876941715042	0.9764058686402218	0.976537688549866	0.9768895822430873	0.975911111953529	0.9765328052913415	0.9716777966677781	0.9653734886053918	0.974846303086057	0.976705748674125	0.9741863580220207	0.9742997529237566	0.9759296911004683	0.9747055768781618	0.9753459514421334	0.9741324377263066	0.9605098854744201	0.9682478791995894	0.970874792910441	0.9648912456914615	0.9548854378360089	0.9609077698968362	0.9742276658804558	0.9727626748911665	0.976587904437062	0.9733984740875324	0.9767569757054806	0.9759011279770474	0.9770956370473914	0.9653829033149914	0.9752298655979142	0.9745950554554558
0.9787103114226785	0.9781278042341807	0.9770938138518295	0.9760874960554614	0.9778386644086775	0.9785320034926219	0.9785903478553855	0.972137356451035	0.9763238806398633	1.0	0.9782298545667941	0.9741181930199359	0.9747083202446852	0.9751243713329002	0.9744705805654733	0.9743293177876701	0.974942207625209	0.9768046506786614	0.9764009333072158	0.9769085752887554	0.9744462313143859	0.9770483762780079	0.9718647115364297	0.9670079018978891	0.975017838101262	0.9749658254001322	0.9736467228859912	0.9741975498239034	0.9764431726160983	0.9739064196995993	0.9754456230067504	0.9744981189860316	0.9603939552363546	0.9688419041368556	0.970457851778285	0.9655177853196018	0.9542512339900471	0.9608466430515011	0.9733103185098269	0.9733584861141263	0.9772297447803724	0.973459100741707	0.9775268789780323	0.9771942115608759	0.9771536787779377	0.9645352500379875	0.9740199609910336	0.975095266691365
0.979449262115215	0.9796904247558217	0.9774749647240999	0.9756384274020331	0.978425518402918	0.9790335205355464	0.9787770122777901	0.9727063308912942	0.9780317572270962	0.9782298545667941	1.0	0.9769561440619945	0.9776424428471014	0.9784926620208805	0.9776606585841104	0.9766999247043084	0.9781927884143712	0.9780700510422634	0.9779210740549691	0.9791301990249449	0.9773254863086526	0.9788956489331601	0.9725536508732069	0.9669049283828609	0.976123019441047	0.9778150203240756	0.9757251571539287	0.9766576177834921	0.9778885363354327	0.9753353747745128	0.9764377386336448	0.9751317908697329	0.9628396116830421	0.970066900410385	0.9725651542215396	0.9668576283157624	0.9539261091599965	0.9615923287658583	0.9748588024943594	0.9747730268910877	0.9787341408798798	0.9745564676906548	0.9781553489415248	0.9773391347726902	0.979676247947018	0.9653623651239414	0.9755475705441619	0.9765729773639119
0.9768878703227981	0.9780008201062536	0.9744078547571154	0.9725725413007195	0.9755161942731427	0.9755782718159894	0.9757012850058041	0.9695077532285534	0.9754573880140488	0.9741181930199359	0.9769561440619945	1.0	0.9758119848052365	0.9774194001978355	0.9769760187530975	0.9764826584758	0.9775741001212588	0.9766072142619692	0.9765889181880203	0.9759087113905565	0.9750271467658208	0.9763670442683309	0.9717352067513721	0.9662066426574918	0.9743476984909712	0.9765453170860894	0.9742030493353152	0.9745545920812391	0.9767324214106012	0.9737268658459585	0.9756716295100705	0.9733808068509521	0.9618824547695719	0.9684337924775704	0.9710118411861351	0.9661506749683084	0.9558277032901623	0.9626472769310926	0.9733377227938189	0.9736778836471499	0.9759930077498071	0.973957958884044	0.9756314976810228	0.9759081076992225	0.9767109755518714	0.9647306703695937	0.9740132514758421	0.9757250839884702
0.9769504963037035	0.9781569549050785	0.9730461809837712	0.9709975311275243	0.9746515731726783	0.9756290948770223	0.9759058784867821	0.9694659797283588	0.9739284090818076	0.9747083202446852	0.9776424428471014	0.9758119848052365	1.0	0.9768330285250489	0.9760051518753875	0.9760556480909768	0.9759917909460064	0.9759352323631142	0.975719240120794	0.9756426598125724	0.9750636867191523	0.9771511624936441	0.9711584223856989	0.9653943275877778	0.9735287990205164	0.9754105180707336	0.9732062418129869	0.9733208828630837	0.9758506051837548	0.9728467567356732	0.9747035758687738	0.972479652268657	0.9612661878241208	0.968551032567757	0.9718985335315908	0.9669867509017339	0.9576432119478342	0.9646042461008995	0.9727118945643797	0.9719871788265642	0.9766369123411894	0.9740553858837153	0.9759753872625924	0.9756167958436874	0.9774476655852676	0.9643837242156507	0.9736485098669775	0.9750997033379232
0.976955349112926	0.9776702567741309	0.9745711489642629	0.9729207687206153	0.9758732677271102	0.9763688190843007	0.9751666909847858	0.9695881062855234	0.974858081919529	0.9751243713329002	0.9784926620208805	0.9774194001978355	0.9768330285250489	1.0	0.9775024056407821	0.9773093236819159	0.978526634042819	0.9768894912784124	0.976732796715461	0.9762154943954424	0.9750063454705991	0.9771757443325232	0.9709984383863474	0.9649420355184826	0.9739993336123037	0.976093899594996	0.9736263137194369	0.9743929984746817	0.9767180171669412	0.97316102946718	0.9748489296255826	0.9729763284084351	0.9606982752752854	0.968582626969358	0.9718576912838043	0.9674002016159016	0.9564261300929825	0.9644441753470891	0.9725271324674071	0.972764497378396	0.9760776281563881	0.9738706405568447	0.9756959280940085	0.9753544717832093	0.97671850022346	0.9645397403921175	0.9742303056089548	0.9760752312062924
0.9770723141054785	0.9771276012063834	0.9733594879178711	0.972053691166957	0.9748916830916627	0.9762790571468152	0.9742049534309924	0.9693770542280443	0.9740203952794337	0.9744705805654733	0.9776606585841104	0.9769760187530975	0.9760051518753875	0.9775024056407821	1.0	0.9761082963674955	0.9753183989635358	0.9749873712204752	0.9749722299424318	0.9752046887287282	0.9744608780654653	0.9773468969360953	0.969943226936719	0.9654357033445565	0.9733609972752224	0.9771078948013792	0.9729740170042687	0.9733632254723353	0.9751926681809426	0.9727819317631704	0.9742518248118375	0.9723987166799353	0.9606871236815274	0.9683846326179831	0.9705639734645575	0.9662290755921257	0.9543339925672807	0.9624594990999336	0.9716875065319935	0.9723249856159226	0.9765842141667677	0.9734874711931019	0.9758382285590504	0.975085769835763	0.9773492691038876	0.9625187841892702	0.9731062439711837	0.9752103027098213
0.976801635428067	0.9779291092617876	0.973484769787565	0.9719929004538442	0.9756140496769055	0.9765070879432407	0.9760792905610056	0.9691644793715233	0.9746225140466408	0.9743293177876701	0.9766999247043084	0.9764826584758	0.9760556480909768	0.9773093236819159	0.9761082963674955	1.0	0.9771589479994499	0.977129754676581	0.9770143839784147	0.976182134460915	0.9749897811851822	0.9768757359072678	0.97116946389098	0.965545420090047	0.9743148475551526	0.975251580292367	0.9738891327977834	0.9740038616480948	0.9766870670235752	0.9743267889795838	0.9745782338864559	0.9733013963609771	0.9617996536127661	0.968598538086373	0.9727088367494923	0.966377497069727	0.958482988326017	0.9657129519206523	0.9738427950122156	0.9725200358667312	0.9767241460832888	0.9732927980385274	0.9765920447120628	0.9766753551371137	0.9772935150336658	0.9642963711687514	0.974361527920026	0.9749863613001527
0.9774190900423282	0.9781568719334692	0.9742770209767165	0.9727256081041283	0.9759303007264614	0.9760388553719194	0.9760145959119715	0.969380538398348	0.9748876941715042	0.974942207625209	0.9781927884143712	0.9775741001212588	0.9759917909460064	0.978526634042819	0.9753183989635358	0.9771589479994499	1.0	0.9763247122941536	0.9764229326005357	0.9769170331572782	0.9759724363752018	0.9769239539574464	0.9723719060364835	0.966124062919579	0.9751214676471128	0.9758852996314183	0.9756059475432672	0.9753092060480604	0.9773535280929898	0.9745294242473876	0.9751506938877393	0.9738514369149042	0.9616346403089729	0.9688702101629717	0.9708438767746067	0.9663662921546768	0.9557483450358983	0.9632066116567658	0.9740151367794292	0.97356778587426	0.9759753571144961	0.9732692157103106	0.9769460341211755	0.9761594529269209	0.9771032029535147	0.9654821229022584	0.9748811162911211	0.9756706938901132
0.9772165210243272	0.9789790501762284	0.9760526089383962	0.9734701649023887	0.9769161960987707	0.9766545172254979	0.9769843824515344	0.9714362936077522	0.9764058686402218	0.9768046506786614	0.9780700510422634	0.9766072142619692	0.9759352323631142	0.9768894912784124	0.9749873712204752	0.977129754676581	0.9763247122941536	1.0	0.9990014517093126	0.9855768786821848	0.9796037652674308	0.9794051842539112	0.9757518836015389	0.9706208098552038	0.9773735656612675	0.9790453681972022	0.9770681773674267	0.9778283955708423	0.9795352424682794	0.9777912556957178	0.9779262024879787	0.976554948060404	0.9634680614612613	0.9694496175848387	0.9748328706747411	0.9659363711818688	0.954642259854318	0.9620126955913613	0.9770316812979605	0.9780469227814212	0.9800282933380844	0.9755394769461755	0.9800916827772812	0.9790455459327915	0.9800008446994576	0.9676272404502028	0.97812677867669	0.9757484531494838
0.976858664145502	0.9789459211019469	0.976043570666856	0.9731475680979772	0.9772145032501238	0.976680522512872	0.9766654641196278	0.9711673838766363	0.976537688549866	0.9764009333072158	0.9779210740549691	0.9765889181880203	0.975719240120794	0.976732796715461	0.9749722299424318	0.9770143839784147	0.9764229326005357	0.9990014517093126	1.0	0.9859627755827943	0.9793459770381002	0.9792410293368011	0.9757191644477026	0.9705162599200368	0.9771624547984227	0.9790963600542127	0.9768127497687148	0.9775265272638008	0.9793428458633965	0.9774624634031165	0.977609937331202	0.9763256853584519	0.962876918507283	0.9690677158548634	0.9745456422148918	0.9656854304239603	0.9542615775042137	0.9617896221641088	0.9769004078946756	0.9779507936985156	0.9796480677719153	0.9752153231712805	0.9805602817064486	0.9787217309624062	0.9796325543168478	0.9667571419864824	0.9776468424857382	0.97579143555411
0.9785109397326297	0.9795733215368099	0.9750337882519983	0.9738781507442175	0.9773927511928016	0.9774701765077566	0.9771857215285293	0.9717013410423716	0.9768895822430873	0.9769085752887554	0.9791301990249449	0.9759087113905565	0.9756426598125724	0.9762154943954424	0.9752046887287282	0.976182134460915	0.9769170331572782	0.9855768786821848	0.9859627755827943	1.0	0.9794721693724918	0.9791533863178958	0.9744862390354075	0.9687124238097738	0.9772378200527074	0.9792401848271676	0.9769220483892471	0.9769082818904814	0.9800560294089843	0.9759142204258838	0.978576883210943	0.9762229099816195	0.9626029804712032	0.9705707746201394	0.9739274559746383	0.9668454279009123	0.9547320905828013	0.9620876326889183	0.975241550439092	0.9770972038026471	0.9811984984109429	0.9741771266964805	0.9801773785979532	0.979982165150374	0.9804977221332933	0.9662659017224766	0.9772075620220265	0.9755952317094226
0.9761726208328879	0.9784449355979975	0.9734973821947196	0.9729514404570501	0.9753197893065126	0.9767838287397111	0.9756299529050569	0.9698610962318066	0.975911111953529	0.9744462313143859	0.9773254863086526	0.9750271467658208	0.9750636867191523	0.9750063454705991	0.9744608780654653	0.9749897811851822	0.9759724363752018	0.9796037652674308	0.9793459770381002	0.9794721693724918	1.0	0.9778145504149899	0.9778681302135163	0.9737876982067641	0.9826088397900706	0.9788846680354534	0.9816160902527513	0.981529735964466	0.9803886082018901	0.9809426934099816	0.979009380817055	0.9813978357947755	0.9631559686329154	0.9701537418031754	0.9735604017206925	0.9669752530621374	0.9558573228449065	0.9617614135946272	0.9807186664670768	0.980533433226369	0.9792044757582535	0.9733121294538956	0.9778708593910744	0.9791366964841115	0.9777405469276752	0.9728932281952786	0.9819915582060589	0.9759049597820535
0.9775138542371656	0.9798069789901108	0.9750713653701786	0.9736933499222978	0.9764730270609296	0.9779643134885911	0.9769292371045847	0.9702336469655759	0.9765328052913415	0.9770483762780079	0.9788956489331601	0.9763670442683309	0.9771511624936441	0.9771757443325232	0.9773468969360953	0.9768757359072678	0.9769239539574464	0.9794051842539112	0.9792410293368011	0.9791533863178958	0.9778145504149899	1.0	0.9740256161184758	0.9698294966096983	0.9769958594743952	0.9785057003294279	0.9751713563301636	0.9772323609396502	0.9781647601309682	0.9763173612556713	0.9782420789095306	0.9760908998612657	0.9632303653907606	0.9705445584282218	0.9737759640575306	0.9664813154194468	0.954207988227292	0.9615374865991936	0.9750997661756342	0.9756162100543584	0.9793851746302378	0.9761953976443173	0.9783467278751915	0.9780745968179816	0.9799751915827899	0.9661193131209952	0.9771569585607457	0.9765591377640814
0.9725775915933946	0.974620502817912	0.9701103413599103	0.9705678598793979	0.9721270641885208	0.972160006817903	0.9715855229053765	0.9652397856453747	0.9716777966677781	0.9718647115364297	0.9725536508732069	0.9717352067513721	0.9711584223856989	0.9709984383863474	0.969943226936719	0.97116946389098	0.9723719060364835	0.9757518836015389	0.9757191644477026	0.9744862390354075	0.9778681302135163	0.9740256161184758	1.0	0.9783937917420942	0.9817439335739228	0.9747102981753979	0.9814465654744795	0.9813383734883403	0.9766508780303936	0.981100670876888	0.9739190459905387	0.9807280225825777	0.9607307616199756	0.9649960389583487	0.9695521790221241	0.9623803432781978	0.9512022483846624	0.9569262924764746	0.981177224049038	0.9797991102765242	0.9748033961406437	0.9701491283870743	0.9750365473705236	0.9763733082563413	0.9739975735192018	0.9713656437498263	0.9812727672091329	0.9724550992128143
0.9661573652524094	0.9678412692967219	0.9656330802700349	0.9665985168108046	0.9660636275351301	0.9671781100005186	0.9661835752850546	0.9620280070982601	0.9653734886053918	0.9670079018978891	0.9669049283828609	0.9662066426574918	0.9653943275877778	0.9649420355184826	0.9654357033445565	0.965545420090047	0.966124062919579	0.9706208098552038	0.9705162599200368	0.9687124238097738	0.9737876982067641	0.9698294966096983	0.9783937917420942	1.0	0.9759521653100365	0.9691320185944531	0.976173169664627	0.9755829263209518	0.9705534841543915	0.975339085281621	0.9701508565473322	0.9754419190203486	0.9581199185476157	0.9616307287763811	0.9654316192816915	0.9581203365981203	0.9473533440824905	0.9511420899474774	0.9753454519675444	0.9746292716541324	0.9708165817360467	0.966180421241421	0.9703125426087887	0.9709743801101618	0.968361328257438	0.9658422088608233	0.9757605736984042	0.9675063596807199
0.9761750035823096	0.9767617361912521	0.9720285045597195	0.9725145682555744	0.9747111322115121	0.9754638273934064	0.9742207725125431	0.9686843291037032	0.974846303086057	0.975017838101262	0.976123019441047	0.9743476984909712	0.9735287990205164	0.9739993336123037	0.9733609972752224	0.9743148475551526	0.9751214676471128	0.9773735656612675	0.9771624547984227	0.9772378200527074	0.9826088397900706	0.9769958594743952	0.9817439335739228	0.9759521653100365	1.0	0.9766749448618879	0.9884170587826921	0.9889883726235458	0.9790236430248388	0.987938393888923	0.9769158563743554	0.9982094213513819	0.9617210853228221	0.9686228261796562	0.9718664562662689	0.9650168184512106	0.9551157826053416	0.9612337110787877	0.9864193511445813	0.9841595573839101	0.9779379808423893	0.9729313792813601	0.977146269433094	0.9784192626992213	0.9764889487796247	0.9766659406659797	0.9880237192139898	0.9757778583574669
0.9769785208309533	0.9800062120475156	0.9746083465942335	0.9750997661756342	0.9761598554699692	0.9776163639074508	0.9760413943914926	0.9704646560242974	0.976705748674125	0.9749658254001322	0.9778150203240756	0.9765453170860894	0.9754105180707336	0.976093899594996	0.9771078948013792	0.975251580292367	0.9758852996314183	0.9790453681972022	0.9790963600542127	0.9792401848271676	0.9788846680354534	0.9785057003294279	0.9747102981753979	0.9691320185944531	0.9766749448618879	1.0	0.9760909502938527	0.9766300570560369	0.9798276125396056	0.9752137024274066	0.9783772783874144	0.9756218557384502	0.9610252055046261	0.9702116142267487	0.9723782689773037	0.9666822337006575	0.9520897029734725	0.959918713064105	0.9756014713311189	0.9770751622895635	0.9796720897149214	0.9732598070838664	0.9785366427099487	0.978455911571752	0.9783569442364425	0.9669137857259458	0.9769234007994129	0.9765219434740526
0.9756615353873141	0.9763189226389678	0.9712886926202061	0.9716055443076228	0.9748724872861538	0.97484479924764	0.9743605438779728	0.9676896166526672	0.9741863580220207	0.9736467228859912	0.9757251571539287	0.9742030493353152	0.9732062418129869	0.9736263137194369	0.9729740170042687	0.9738891327977834	0.9756059475432672	0.9770681773674267	0.9768127497687148	0.9769220483892471	0.9816160902527513	0.9751713563301636	0.9814465654744795	0.976173169664627	0.9884170587826921	0.9760909502938527	1.0	0.9892249143761471	0.9790052544691812	0.9878281279496463	0.9777708632283775	0.9871457829196347	0.9615630358936399	0.9678912509435093	0.9710978525663426	0.964557665497091	0.9535922276480149	0.9603102505108199	0.9861131219955215	0.9841466475766981	0.9775629719238264	0.9717408868717043	0.9765397516942549	0.9779305769484041	0.9764744324789183	0.9761792058112998	0.9874014821014061	0.974884278072184
0.9760839460576448	0.9761406115800821	0.9727959606132964	0.972005084175079	0.9753763405660562	0.9754723529139948	0.9746076104833621	0.9680567470010607	0.9742997529237566	0.9741975498239034	0.9766576177834921	0.9745545920812391	0.9733208828630837	0.9743929984746817	0.9733632254723353	0.9740038616480948	0.9753092060480604	0.9778283955708423	0.9775265272638008	0.9769082818904814	0.981529735964466	0.9772323609396502	0.9813383734883403	0.9755829263209518	0.9889883726235458	0.9766300570560369	0.9892249143761471	1.0	0.9798151976490584	0.9883562577081574	0.9772670790307496	0.9877184112584733	0.9611250734540082	0.9680185900477943	0.9711297955764454	0.9640118004905365	0.9536171184532173	0.9606195685313959	0.9861539769393848	0.9846818891153603	0.977953342447341	0.9722687791710262	0.9777743742486911	0.9780217070581587	0.9767373496860406	0.9763219304113482	0.9882265698676896	0.9753348604555493
0.9779972551506467	0.9792633407966772	0.9751342482154428	0.973957100320922	0.9766475690398062	0.9788840348880632	0.9773707901410357	0.9709561676148345	0.9759296911004683	0.9764431726160983	0.9778885363354327	0.9767324214106012	0.9758506051837548	0.9767180171669412	0.9751926681809426	0.9766870670235752	0.9773535280929898	0.9795352424682794	0.9793428458633965	0.9800560294089843	0.9803886082018901	0.9781647601309682	0.9766508780303936	0.9705534841543915	0.9790236430248388	0.9798276125396056	0.9790052544691812	0.9798151976490584	1.0	0.9783164204675845	0.9800288665069247	0.9776107527474992	0.9629969416849592	0.9709552771246102	0.9735815794616873	0.9655772073671129	0.9532497254210086	0.9616455084207453	0.97780443647789	0.9786232716342662	0.9799139115961991	0.9738502585141622	0.9793221248977735	0.9804582819551114	0.9794187386999377	0.9686378239495097	0.9797035722074258	0.9758086556012825
0.9762868711707977	0.9760415598628119	0.972883724832037	0.9715624476640796	0.9741198540531772	0.974834738045481	0.9755682860711831	0.9677934391119294	0.9747055768781618	0.9739064196995993	0.9753353747745128	0.9737268658459585	0.9728467567356732	0.97316102946718	0.9727819317631704	0.9743267889795838	0.9745294242473876	0.9777912556957178	0.9774624634031165	0.9759142204258838	0.9809426934099816	0.9763173612556713	0.981100670876888	0.975339085281621	0.987938393888923	0.9752137024274066	0.9878281279496463	0.9883562577081574	0.9783164204675845	1.0	0.9757905276711625	0.9869926342765085	0.96235221076501	0.9675056214689017	0.9712971892886163	0.9637714523446365	0.954286130421307	0.9609121567420326	0.9858836847672499	0.9846971518662966	0.9777033296417263	0.9716616557458557	0.9776227602233106	0.9773031629035	0.9770707017113357	0.9758629646653743	0.9875637420991462	0.975860882248878
0.9765326275293988	0.9788239626971761	0.9727043276923363	0.973397619618393	0.9754182329790854	0.9762205344062286	0.975328224838811	0.9697561629163577	0.9753459514421334	0.9754456230067504	0.9764377386336448	0.9756716295100705	0.9747035758687738	0.9748489296255826	0.9742518248118375	0.9745782338864559	0.9751506938877393	0.9779262024879787	0.977609937331202	0.978576883210943	0.979009380817055	0.9782420789095306	0.9739190459905387	0.9701508565473322	0.9769158563743554	0.9783772783874144	0.9777708632283775	0.9772670790307496	0.9800288665069247	0.9757905276711625	1.0	0.9756125215581177	0.9653580548242392	0.9704192793376056	0.9729048407506022	0.9683827753950563	0.9554145686140819	0.9601799314893916	0.9760726649403204	0.9762294895720909	0.9790918762072393	0.9745197246099822	0.9783839546702817	0.9785301546167605	0.9775892366531547	0.9678507648566569	0.9772078540930317	0.974600644980575
0.9749976526378176	0.9759490910189029	0.9713961812455469	0.9710359931717707	0.9735400864119363	0.9744011409277965	0.973055521892919	0.9685199854962213	0.9741324377263066	0.9744981189860316	0.9751317908697329	0.9733808068509521	0.972479652268657	0.9729763284084351	0.9723987166799353	0.9733013963609771	0.9738514369149042	0.976554948060404	0.9763256853584519	0.9762229099816195	0.9813978357947755	0.9760908998612657	0.9807280225825777	0.9754419190203486	0.9982094213513819	0.9756218557384502	0.9871457829196347	0.9877184112584733	0.9776107527474992	0.9869926342765085	0.9756125215581177	1.0	0.9603158629575456	0.9673744804216565	0.9706695255766532	0.9642617623513337	0.9547943204959266	0.9605131947934686	0.9854240965029745	0.9827419371017182	0.9771298978079431	0.9723950718755912	0.9763398402104216	0.9774930651662506	0.9754491183700924	0.9767507540096905	0.9867549242490576	0.974980707885921
0.9613272236013417	0.9624507556578139	0.9596107241531217	0.961590047386063	0.961437778480778	0.9633039348517553	0.9621509137279931	0.9583583811149294	0.9605098854744201	0.9603939552363546	0.9628396116830421	0.9618824547695719	0.9612661878241208	0.9606982752752854	0.9606871236815274	0.9617996536127661	0.9616346403089729	0.9634680614612613	0.962876918507283	0.9626029804712032	0.9631559686329154	0.9632303653907606	0.9607307616199756	0.9581199185476157	0.9617210853228221	0.9610252055046261	0.9615630358936399	0.9611250734540082	0.9629969416849592	0.96235221076501	0.9653580548242392	0.9603158629575456	1.0	0.9691220491354378	0.9657269435962568	0.9592373531601956	0.9525058407487105	0.9579659436254014	0.9623910868788135	0.9611990247428646	0.9629402493162393	0.9603240332251217	0.9632898452810175	0.9639722991974816	0.9635588081353309	0.9542186069613022	0.9629707927874991	0.9597884684486335
0.9694661025761874	0.9703429166575123	0.9665384203177296	0.9667371149747684	0.9694227884495188	0.9700837616352881	0.9683604237292933	0.9639096622592139	0.9682478791995894	0.9688419041368556	0.970066900410385	0.9684337924775704	0.968551032567757	0.968582626969358	0.9683846326179831	0.968598538086373	0.9688702101629717	0.9694496175848387	0.9690677158548634	0.9705707746201394	0.9701537418031754	0.9705445584282218	0.9649960389583487	0.9616307287763811	0.9686228261796562	0.9702116142267487	0.9678912509435093	0.9680185900477943	0.9709552771246102	0.9675056214689017	0.9704192793376056	0.9673744804216565	0.9691220491354378	1.0	0.9716542425110056	0.9655781380066241	0.9580157246225874	0.964405012777731	0.9676911865456644	0.9671865798014433	0.9703751629595947	0.9661091605171755	0.9704977045456816	0.971824200800402	0.9712427792462984	0.9579528929107493	0.9684290130122937	0.9670292527403224
0.9727579039609433	0.973692104103769	0.9711180360534941	0.9697478463692112	0.9714008588255122	0.9732011337496708	0.971138454350397	0.9651500731237014	0.970874792910441	0.970457851778285	0.9725651542215396	0.9710118411861351	0.9718985335315908	0.9718576912838043	0.9705639734645575	0.9727088367494923	0.9708438767746067	0.9748328706747411	0.9745456422148918	0.9739274559746383	0.9735604017206925	0.9737759640575306	0.9695521790221241	0.9654316192816915	0.9718664562662689	0.9723782689773037	0.9710978525663426	0.9711297955764454	0.9735815794616873	0.9712971892886163	0.9729048407506022	0.9706695255766532	0.9657269435962568	0.9716542425110056	1.0	0.9647545351975422	0.9558192863928362	0.9616193394710855	0.9708687880317237	0.9712207874912382	0.9737908938725753	0.968615445652069	0.9738145144235749	0.9737829782414814	0.9750072385323623	0.9598711487397049	0.9716201113116456	0.9703657586804733
0.966708795627836	0.9679411484890115	0.9640895599789266	0.9631876680703569	0.9652214052039801	0.9654650898614835	0.9632819021809682	0.9606739417727623	0.9648912456914615	0.9655177853196018	0.9668576283157624	0.9661506749683084	0.9669867509017339	0.9674002016159016	0.9662290755921257	0.966377497069727	0.9663662921546768	0.9659363711818688	0.9656854304239603	0.9668454279009123	0.9669752530621374	0.9664813154194468	0.9623803432781978	0.9581203365981203	0.9650168184512106	0.9666822337006575	0.964557665497091	0.9640118004905365	0.9655772073671129	0.9637714523446365	0.9683827753950563	0.9642617623513337	0.9592373531601956	0.9655781380066241	0.9647545351975422	1.0	0.9630164600972273	0.969005850153504	0.962939424485178	0.9631462506823587	0.9675911717500002	0.9643309368283791	0.9664389473366484	0.9677251567063895	0.9676816938795146	0.9555572631924765	0.9650954509833908	0.9657592539985794
0.955698242162476	0.955224143038899	0.9508492170241617	0.9503092382766413	0.9541647528537667	0.9553970627579085	0.954562804179109	0.9506456514827886	0.9548854378360089	0.9542512339900471	0.9539261091599965	0.9558277032901623	0.9576432119478342	0.9564261300929825	0.9543339925672807	0.958482988326017	0.9557483450358983	0.954642259854318	0.9542615775042137	0.9547320905828013	0.9558573228449065	0.954207988227292	0.9512022483846624	0.9473533440824905	0.9551157826053416	0.9520897029734725	0.9535922276480149	0.9536171184532173	0.9532497254210086	0.954286130421307	0.9554145686140819	0.9547943204959266	0.9525058407487105	0.9580157246225874	0.9558192863928362	0.9630164600972273	1.0	0.9901320652651763	0.9535674526896383	0.9519110580739675	0.957490888481565	0.9532797048463525	0.9556341213102438	0.9568080770136632	0.956391211568774	0.9455898176625963	0.9554697965921721	0.9538138371259509
0.9632778765190867	0.9631592629000946	0.9582153959489098	0.9569848645438211	0.9617570848113457	0.9627198989812753	0.9620223900044574	0.9560456123476755	0.9609077698968362	0.9608466430515011	0.9615923287658583	0.9626472769310926	0.9646042461008995	0.9644441753470891	0.9624594990999336	0.9657129519206523	0.9632066116567658	0.9620126955913613	0.9617896221641088	0.9620876326889183	0.9617614135946272	0.9615374865991936	0.9569262924764746	0.9511420899474774	0.9612337110787877	0.959918713064105	0.9603102505108199	0.9606195685313959	0.9616455084207453	0.9609121567420326	0.9601799314893916	0.9605131947934686	0.9579659436254014	0.964405012777731	0.9616193394710855	0.969005850153504	0.9901320652651763	1.0	0.9591909841550901	0.9586580670631663	0.9635986859308407	0.9586467498549008	0.9634153404049828	0.9636337506741732	0.9630593951347685	0.9509894077929275	0.9618956853338373	0.9608449332534512
