/home/jshaw/scratch/2022_sketched_distance/references/SGB_genome_fastas_part5/15272/BackhedF_2015__SID622_4M__bin.2.fa	/home/jshaw/scratch/2022_sketched_distance/references/SGB_genome_fastas_part5/15272/CosteaPI_2017__SID713A089-11-90-0__bin.16.fa	/home/jshaw/scratch/2022_sketched_distance/references/SGB_genome_fastas_part5/15272/FengQ_2015__SID530185__bin.46.fa	/home/jshaw/scratch/2022_sketched_distance/references/SGB_genome_fastas_part5/15272/FengQ_2015__SID530227__bin.11.fa	/home/jshaw/scratch/2022_sketched_distance/references/SGB_genome_fastas_part5/15272/GeversD_2014__SKBSTL024__bin.3.fa	/home/jshaw/scratch/2022_sketched_distance/references/SGB_genome_fastas_part5/15272/HanniganGD_2017__MG100158__bin.1.fa	/home/jshaw/scratch/2022_sketched_distance/references/SGB_genome_fastas_part5/15272/HeQ_2017__RSZAXPI003105-143__bin.26.fa	/home/jshaw/scratch/2022_sketched_distance/references/SGB_genome_fastas_part5/15272/HeQ_2017__SZAXPI029464-140__bin.27.fa	/home/jshaw/scratch/2022_sketched_distance/references/SGB_genome_fastas_part5/15272/HMP_2012__SRS022713__bin.4.fa	/home/jshaw/scratch/2022_sketched_distance/references/SGB_genome_fastas_part5/15272/IjazUZ_2017__S56_a_WGS__bin.10.fa	/home/jshaw/scratch/2022_sketched_distance/references/SGB_genome_fastas_part5/15272/IjazUZ_2017__S58_a_WGS__bin.10.fa	/home/jshaw/scratch/2022_sketched_distance/references/SGB_genome_fastas_part5/15272/LeChatelierE_2013__MH0233__bin.12.fa	/home/jshaw/scratch/2022_sketched_distance/references/SGB_genome_fastas_part5/15272/LeChatelierE_2013__MH0239__bin.22.fa	/home/jshaw/scratch/2022_sketched_distance/references/SGB_genome_fastas_part5/15272/LiJ_2014__O2.UC15-0__bin.4.fa	/home/jshaw/scratch/2022_sketched_distance/references/SGB_genome_fastas_part5/15272/LiJ_2014__V1.FI34__bin.1.fa	/home/jshaw/scratch/2022_sketched_distance/references/SGB_genome_fastas_part5/15272/LiuW_2016__SRR3992999__bin.29.fa	/home/jshaw/scratch/2022_sketched_distance/references/SGB_genome_fastas_part5/15272/LoombaR_2017__SID0017_mqf__bin.7.fa	/home/jshaw/scratch/2022_sketched_distance/references/SGB_genome_fastas_part5/15272/LoombaR_2017__SID1035_bai__bin.9.fa	/home/jshaw/scratch/2022_sketched_distance/references/SGB_genome_fastas_part5/15272/LoombaR_2017__SID1050_bax__bin.20.fa	/home/jshaw/scratch/2022_sketched_distance/references/SGB_genome_fastas_part5/15272/LouisS_2016__AS60_3__bin.21.fa	/home/jshaw/scratch/2022_sketched_distance/references/SGB_genome_fastas_part5/15272/LouisS_2016__AS63_3__bin.7.fa	/home/jshaw/scratch/2022_sketched_distance/references/SGB_genome_fastas_part5/15272/LouisS_2016__AS68_3__bin.12.fa	/home/jshaw/scratch/2022_sketched_distance/references/SGB_genome_fastas_part5/15272/Obregon-TitoAJ_2015__NO11__bin.44.fa	/home/jshaw/scratch/2022_sketched_distance/references/SGB_genome_fastas_part5/15272/Obregon-TitoAJ_2015__NO21__bin.51.fa	/home/jshaw/scratch/2022_sketched_distance/references/SGB_genome_fastas_part5/15272/QinN_2014__LD-35__bin.22.fa	/home/jshaw/scratch/2022_sketched_distance/references/SGB_genome_fastas_part5/15272/RaymondF_2016__P19E7__bin.8.fa	/home/jshaw/scratch/2022_sketched_distance/references/SGB_genome_fastas_part5/15272/RaymondF_2016__P21E7__bin.46.fa	/home/jshaw/scratch/2022_sketched_distance/references/SGB_genome_fastas_part5/15272/RaymondF_2016__P21E90__bin.7.fa	/home/jshaw/scratch/2022_sketched_distance/references/SGB_genome_fastas_part5/15272/RaymondF_2016__P22E7__bin.1.fa	/home/jshaw/scratch/2022_sketched_distance/references/SGB_genome_fastas_part5/15272/RaymondF_2016__P23C7__bin.76.fa	/home/jshaw/scratch/2022_sketched_distance/references/SGB_genome_fastas_part5/15272/VincentC_2016__MM055.4__bin.8.fa	/home/jshaw/scratch/2022_sketched_distance/references/SGB_genome_fastas_part5/15272/VincentC_2016__MM055.6__bin.16.fa	/home/jshaw/scratch/2022_sketched_distance/references/SGB_genome_fastas_part5/15272/VincentC_2016__MM090.2__bin.22.fa	/home/jshaw/scratch/2022_sketched_distance/references/SGB_genome_fastas_part5/15272/VogtmannE_2016__MMRS97327636ST-27-0-0__bin.1.fa	/home/jshaw/scratch/2022_sketched_distance/references/SGB_genome_fastas_part5/15272/WenC_2017__RA082__bin.3.fa	/home/jshaw/scratch/2022_sketched_distance/references/SGB_genome_fastas_part5/15272/XieH_2016__YSZC12003_36389__bin.67.fa	/home/jshaw/scratch/2022_sketched_distance/references/SGB_genome_fastas_part5/15272/XieH_2016__YSZC12003_37097__bin.2.fa	/home/jshaw/scratch/2022_sketched_distance/references/SGB_genome_fastas_part5/15272/XieH_2016__YSZC12003_37179__bin.27.fa	/home/jshaw/scratch/2022_sketched_distance/references/SGB_genome_fastas_part5/15272/XieH_2016__YSZC12003_37190R1__bin.70.fa	/home/jshaw/scratch/2022_sketched_distance/references/SGB_genome_fastas_part5/15272/XieH_2016__YSZC12003_37297R1__bin.4.fa	/home/jshaw/scratch/2022_sketched_distance/references/SGB_genome_fastas_part5/15272/ZeeviD_2015__PNP_Main_222__bin.11.fa	/home/jshaw/scratch/2022_sketched_distance/references/SGB_genome_fastas_part5/15272/ZeeviD_2015__PNP_Validation_10__bin.24.fa	/home/jshaw/scratch/2022_sketched_distance/references/SGB_genome_fastas_part5/15272/ZellerG_2014__CCIS76845094ST-20-0__bin.31.fa
1.0	0.9801934655905548	0.9837805039240577	0.9850303711684006	0.9850615107491703	0.9844217110936276	0.9848390331582565	0.9807620819037144	0.9827769604711202	0.9842093024934638	0.9819497070702151	0.9849529480826333	0.9816269610309865	0.9842242255693677	0.9822965360636498	0.9860959927130291	0.983566492999142	0.9847968513976365	0.9843799457637534	0.9835948657465976	0.9849812444828528	0.9771499789644982	0.9846538710944986	0.9839215321777962	0.984749204162993	0.9847304712586766	0.9811835801309475	0.9802086506599028	0.9828388059726143	0.983209231065918	0.9777928636859209	0.9845912723514362	0.9786799606564447	0.9798886776653026	0.9838999978460492	0.9801811507048223	0.9770810206227208	0.9833520940775967	0.9810070744908285	0.9854182958939807	0.9844852301354363	0.9852299955571577	0.9855917411040099
0.9801934655905548	1.0	0.982104938283953	0.981529553402331	0.9816498930526268	0.9805087882787362	0.9817448290342533	0.9775471687922325	0.9782810225209732	0.9801721541049366	0.9796464840566869	0.9824355395842328	0.9790291368482902	0.979942125329079	0.9767205608784395	0.9822434903033226	0.9797376950798417	0.9807350241319598	0.9803869207972737	0.9805931483954512	0.9811565052631593	0.9752789798999221	0.9812786480256862	0.9803573999475595	0.9800405812366041	0.9819423476763421	0.9788286531646568	0.9777460033657416	0.9801415732717607	0.9814105517852588	0.9753705244622054	0.980670411630783	0.978007601095198	0.977119271367316	0.9808120242742747	0.9779686025785865	0.9772103628440351	0.9802251845611308	0.9810363945823519	0.9824348308646866	0.9830583943045039	0.9818955015747806	0.9810649137268651
0.9837805039240577	0.982104938283953	1.0	0.9843321596841028	0.9847183748375644	0.9843356557156725	0.984392947713811	0.980409054045039	0.9814337271656468	0.9838258355116711	0.9819244087481837	0.9847291267708593	0.9826493879320689	0.9817070554498751	0.9789933403913775	0.9854028723701684	0.9828455817250474	0.9846004245771469	0.9832064004792312	0.9836517454594007	0.9847919481509734	0.9781820224044012	0.9842295590809202	0.984055994312305	0.9838354770909938	0.9861196526418831	0.9813171948329897	0.9796342605999403	0.9830269905358446	0.9839373549017102	0.9788978844810186	0.9842675574042685	0.9795040537410042	0.9787019295307338	0.9842590837677176	0.9814635742538279	0.9798190242987748	0.9836567776983505	0.9834832055051036	0.9855324980637522	0.985846546428521	0.9853423260115265	0.9851294091887693
0.9850303711684006	0.981529553402331	0.9843321596841028	1.0	0.9878973743735466	0.9863801161291027	0.9875412807727513	0.9827314845930077	0.984716608903666	0.9871148760687726	0.9843047516476618	0.9857226897800353	0.9858242013785149	0.9828477810871236	0.9807541693525569	0.9883368013959201	0.985644016298831	0.9875833237972745	0.9859786446782528	0.9861753361724801	0.9875179819980718	0.9785950476106925	0.9866528543766211	0.9857290956776648	0.9865848723126054	0.986828884981482	0.9833345323891565	0.9816201161583171	0.9856715727499171	0.9862222682832698	0.9807942421779343	0.9867412734606236	0.9827580613711239	0.97944364297006	0.9858596236597414	0.9844561688573061	0.9790886947993139	0.9860898377132544	0.98351312965199	0.9870056455892898	0.9861664797170078	0.9908818800913172	0.9875960388949023
0.9850615107491703	0.9816498930526268	0.9847183748375644	0.9878973743735466	1.0	0.9890561340824409	0.9900322600940555	0.9861472885756628	0.9823556921474508	0.9898004269210733	0.9864545311188609	0.9863611770831383	0.9869571857470933	0.983822516827013	0.9808488633557568	0.9898487410867566	0.986806192517088	0.9890076646101118	0.9887416819010306	0.9877848428419472	0.9896549799559579	0.9793438796126372	0.9893893210057934	0.9913369753612369	0.9878263682955661	0.9903824226826319	0.9857244932102849	0.983575588965659	0.9887258947081008	0.9880624122764392	0.9823988216347975	0.9889664012890713	0.983606050196572	0.9818089957013869	0.9894751786223246	0.9860679204650264	0.9798334847706063	0.9885078888301202	0.9860301762431638	0.9890171880598458	0.9864851210878057	0.9906611508918022	0.9884776730168056
0.9844217110936276	0.9805087882787362	0.9843356557156725	0.9863801161291027	0.9890561340824409	1.0	0.9899136869954326	0.9842291555745382	0.9827384831154872	0.9892467178127746	0.986102468019807	0.9855004165358778	0.9858646896244257	0.9859718450991205	0.981416280196768	0.9891522281025042	0.9858619753587801	0.9887624673225627	0.9869590645415074	0.9869264922506997	0.9890106980505509	0.980139203097998	0.9920022289351527	0.988413930753608	0.986716529998184	0.9887205858622082	0.9848039223452978	0.9830302417285925	0.9884681440393631	0.98759318017086	0.9836843023272906	0.9894751786223246	0.9821550427580876	0.9809084447711515	0.9881763247400063	0.9859154127133628	0.9798167998565939	0.9888570235428935	0.9850219988740437	0.98734647355243	0.9859788994144958	0.9889486002766332	0.9876602443995703
0.9848390331582565	0.9817448290342533	0.984392947713811	0.9875412807727513	0.9900322600940555	0.9899136869954326	1.0	0.9865386735070881	0.9815539918822702	0.9896829984663528	0.9853576279399779	0.9864393488355694	0.9865715676352111	0.985656102706191	0.9802610744213973	0.9908038616900302	0.9866937328805597	0.9894125279109117	0.987975330128246	0.9886930493000394	0.9900227153227877	0.9793783210614045	0.9896278716778252	0.9886401190843385	0.9885253843786674	0.9894369305110587	0.9852950653007684	0.9828748250986219	0.9883788125007987	0.9874689011998419	0.9826871850338297	0.9896332218804573	0.9830836829075787	0.9791482020434724	0.9887456085719663	0.9857353134339989	0.9795969439195729	0.9881805565482376	0.9862246395835761	0.9891990471652491	0.9871166275133981	0.9900461912427835	0.98839966678358
0.9807620819037144	0.9775471687922325	0.980409054045039	0.9827314845930077	0.9861472885756628	0.9842291555745382	0.9865386735070881	1.0	0.9750521388898123	0.9858234406097481	0.983817650395817	0.9809630213802581	0.9835037163779764	0.9787425717410932	0.9736505319765367	0.9872748576686958	0.9821057679033688	0.9852649398270357	0.9829711154509557	0.9853852530086342	0.9855256106270434	0.9777107235806975	0.9833591212458282	0.9845065874477896	0.9864078956332452	0.9857229501527808	0.9800407876040982	0.976297328068144	0.9876532942123702	0.984388151338401	0.9807932390237994	0.985501726144878	0.979840153595212	0.974107988246181	0.9853986285179924	0.9857409372722316	0.9779363109349721	0.9860868181818696	0.9877974790852067	0.9856149677510283	0.9830668455212566	0.9861785560715273	0.9839453927227174
0.9827769604711202	0.9782810225209732	0.9814337271656468	0.984716608903666	0.9823556921474508	0.9827384831154872	0.9815539918822702	0.9750521388898123	1.0	0.9815502961621602	0.9797505866641871	0.9834316670051151	0.9785909272830355	0.9818594295401197	0.9825890851707582	0.9831203617183596	0.9820145074254091	0.9824270386293943	0.9818071940956831	0.9803426946567813	0.9819111821244557	0.9753946489174775	0.9826506491603294	0.98088425352144	0.9804794272123131	0.9823282052622462	0.980527184738907	0.980370795305933	0.9800338534651427	0.9809469397014194	0.9742238218059183	0.9810246616516906	0.9773989076590581	0.9789313272488201	0.9813171948329897	0.9774867689794905	0.9737933562403233	0.9796102283454824	0.9762383953468531	0.981240611782885	0.9814924897213609	0.9845248725214697	0.983909696261482
0.9842093024934638	0.9801721541049366	0.9838258355116711	0.9871148760687726	0.9898004269210733	0.9892467178127746	0.9896829984663528	0.9858234406097481	0.9815502961621602	1.0	0.9934461462481278	0.9863930083906024	0.9870449487984674	0.9834491466063378	0.9845498077636992	0.9902801157761648	0.9884297538030516	0.9927256209024008	0.9900507427620636	0.9898215429786349	0.9915669929311087	0.9779677646801859	0.9886070154443665	0.9888567734994735	0.9882571849565303	0.9894380063122318	0.9858330121676107	0.9834807239690245	0.9887413653176814	0.988702348607372	0.9833166904296922	0.9909595577105021	0.9849545947205701	0.9797788295995759	0.988167014509095	0.989170469165614	0.9786350768286692	0.9886920014705007	0.98457630564016	0.9877340486884071	0.9863338467854098	0.9901355514338772	0.9896733810878079
0.9819497070702151	0.9796464840566869	0.9819244087481837	0.9843047516476618	0.9864545311188609	0.986102468019807	0.9853576279399779	0.983817650395817	0.9797505866641871	0.9934461462481278	1.0	0.9847865705156363	0.9843365001557547	0.9815085296121551	0.981602091215438	0.9866122176238793	0.9860139792249415	0.9887975795850111	0.9864926378021855	0.9858181467108461	0.9868915750555403	0.9773363787909215	0.9848108496328182	0.985258375990725	0.9845836755543032	0.9866103057642722	0.9828682936441367	0.9811834740694337	0.9856155473187015	0.9865122694585436	0.9818637860553895	0.9862251144478875	0.9834689810061971	0.9783790027122871	0.9850453361117861	0.9875535963398547	0.9772603966428679	0.9857478296381896	0.9839083854518152	0.9841924558493186	0.9835950627903383	0.9871109038321771	0.9858980436696438
0.9849529480826333	0.9824355395842328	0.9847291267708593	0.9857226897800353	0.9863611770831383	0.9855004165358778	0.9864393488355694	0.9809630213802581	0.9834316670051151	0.9863930083906024	0.9847865705156363	1.0	0.9847670512543094	0.9841619185019241	0.9831732320918947	0.986733720153272	0.9845213754345723	0.9865594544417746	0.9856777870414603	0.9856007274411089	0.9905184966428486	0.9779843410422239	0.9865239757950434	0.984939421812085	0.984690101305251	0.9869327069197057	0.9839381170452101	0.9826851846202141	0.9846108088234778	0.9845198858134566	0.9787655004674058	0.9854353583478821	0.9814029131859071	0.9801139439065478	0.9859375923359559	0.9830304473263083	0.979538915272154	0.985950587020007	0.982990789948601	0.9860829071872588	0.9860021828135591	0.9868497254011485	0.9886358483715283
0.9816269610309865	0.9790291368482902	0.9826493879320689	0.9858242013785149	0.9869571857470933	0.9858646896244257	0.9865715676352111	0.9835037163779764	0.9785909272830355	0.9870449487984674	0.9843365001557547	0.9847670512543094	1.0	0.980855689278086	0.9784391164155166	0.9867750989401919	0.9833875269662697	0.986524440207592	0.9843138584857194	0.9845714343748657	0.9867063622253436	0.9780753077899922	0.9850102676932517	0.985500327095865	0.9847820760321189	0.9861737245022099	0.9806670899094737	0.9779858334737007	0.9878852736376752	0.985860504064829	0.9824961513001715	0.9863040073342099	0.9815045273512016	0.9767607065683603	0.9857529824047214	0.9881891307707793	0.9791839346422381	0.9873193816421836	0.9842921457224564	0.9864174402923697	0.9847059377942874	0.988378434155519	0.986882892265627
0.9842242255693677	0.979942125329079	0.9817070554498751	0.9828477810871236	0.983822516827013	0.9859718450991205	0.985656102706191	0.9787425717410932	0.9818594295401197	0.9834491466063378	0.9815085296121551	0.9841619185019241	0.980855689278086	1.0	0.9819375012268106	0.9839468450471501	0.9826592594246943	0.9832757684553951	0.9835445845433632	0.9827282588429282	0.9838492891722317	0.9751036986428923	0.9869626384260244	0.9831250702266633	0.9820173014066966	0.9839218782282704	0.9810879092429672	0.980428547058298	0.982655054851284	0.9819947197842064	0.9776382115784031	0.9836248236690575	0.9795550529748134	0.9797580536228071	0.9839680550270768	0.9797355290443776	0.9753306527243224	0.9832367767753488	0.9800983412592736	0.9836483397970373	0.9831894837760576	0.9840148460033945	0.9845668555076302
0.9822965360636498	0.9767205608784395	0.9789933403913775	0.9807541693525569	0.9808488633557568	0.981416280196768	0.9802610744213973	0.9736505319765367	0.9825890851707582	0.9845498077636992	0.981602091215438	0.9831732320918947	0.9784391164155166	0.9819375012268106	1.0	0.981609142028413	0.9819179580088929	0.9836452727387492	0.9828689415051147	0.9793203196457847	0.9818248307915522	0.9734550898492871	0.9819392676837886	0.9793133748546966	0.9786727630750249	0.9807389550166413	0.9795594800039188	0.9799630770000208	0.9785712934417713	0.9810285182596648	0.9736611295798561	0.9813113533258031	0.9778213982286195	0.9777674504345072	0.9801676528200937	0.9772957709526188	0.9723366071800732	0.9792273686140045	0.9742089356596886	0.9796932498541558	0.9804460270383221	0.9819818455848993	0.9848127997868332
0.9860959927130291	0.9822434903033226	0.9854028723701684	0.9883368013959201	0.9898487410867566	0.9891522281025042	0.9908038616900302	0.9872748576686958	0.9831203617183596	0.9902801157761648	0.9866122176238793	0.986733720153272	0.9867750989401919	0.9839468450471501	0.981609142028413	1.0	0.9873123061729018	0.9896860631308655	0.9887815715926627	0.9892744229876307	0.9898621566150116	0.9795346027726897	0.9889558706811248	0.9885791908286929	0.9894648776686416	0.9894072647528567	0.9854907257491138	0.983596966372274	0.9886023622842713	0.9880072710277393	0.9828791556924203	0.9894913164389727	0.983629149992481	0.9792378125284752	0.9886793447552462	0.9859481332422029	0.9798114638771815	0.9883661310486361	0.9857550170241907	0.9885905826881924	0.9875383344297525	0.9908388680030863	0.9891086946716158
0.983566492999142	0.9797376950798417	0.9828455817250474	0.985644016298831	0.986806192517088	0.9858619753587801	0.9866937328805597	0.9821057679033688	0.9820145074254091	0.9884297538030516	0.9860139792249415	0.9845213754345723	0.9833875269662697	0.9826592594246943	0.9819179580088929	0.9873123061729018	1.0	0.9882575058857193	0.993779578407536	0.9855563041848086	0.9871318954985182	0.9788867118313588	0.9854594264360321	0.9851466192051086	0.9852495187367339	0.9870840696601709	0.9829509999772116	0.9813465000076416	0.9846957116440602	0.9870824613822573	0.9808337081954364	0.9873851560136792	0.9830437161978505	0.9785921251686043	0.9856570535105595	0.9836567776983505	0.9782635585531997	0.9855909995613678	0.9829670081557897	0.9850330485848158	0.9848226020093226	0.987077009181671	0.9864225191015642
0.9847968513976365	0.9807350241319598	0.9846004245771469	0.9875833237972745	0.9890076646101118	0.9887624673225627	0.9894125279109117	0.9852649398270357	0.9824270386293943	0.9927256209024008	0.9887975795850111	0.9865594544417746	0.986524440207592	0.9832757684553951	0.9836452727387492	0.9896860631308655	0.9882575058857193	1.0	0.9889666645440836	0.9888989180411205	0.9903638875551365	0.9784027592678705	0.9879682161360507	0.9879085148992492	0.9878750050832251	0.9890741301309394	0.9849655455369432	0.9830151208431415	0.9880415758983387	0.9884674143790445	0.9831328964353572	0.9898883275962438	0.9850960713872587	0.9796795837836126	0.9877486186841841	0.986586223063752	0.9782431859814995	0.9876286801286928	0.9852010595482124	0.9877696347248642	0.9860609872382279	0.9899405647647389	0.9891528216172113
0.9843799457637534	0.9803869207972737	0.9832064004792312	0.9859786446782528	0.9887416819010306	0.9869590645415074	0.987975330128246	0.9829711154509557	0.9818071940956831	0.9900507427620636	0.9864926378021855	0.9856777870414603	0.9843138584857194	0.9835445845433632	0.9828689415051147	0.9887815715926627	0.993779578407536	0.9889666645440836	1.0	0.9874359535508955	0.9886842843859655	0.9782714411196687	0.9871424986612067	0.9868089547299269	0.9865726467538501	0.9882912226283609	0.9846894070401336	0.9830334112412361	0.9860118282912419	0.9877284575915641	0.9813383466542326	0.9884957210222504	0.9838997756362573	0.9792555994849258	0.986815353196889	0.9844960067552256	0.9783251504444216	0.9862999757304616	0.9832824626178256	0.9860214681538115	0.9854291254654748	0.9879679524484455	0.9881107921945154
0.9835948657465976	0.9805931483954512	0.9836517454594007	0.9861753361724801	0.9877848428419472	0.9869264922506997	0.9886930493000394	0.9853852530086342	0.9803426946567813	0.9898215429786349	0.9858181467108461	0.9856007274411089	0.9845714343748657	0.9827282588429282	0.9793203196457847	0.9892744229876307	0.9855563041848086	0.9888989180411205	0.9874359535508955	1.0	0.9900811578296852	0.9774121625783905	0.98677870602217	0.9873954323193447	0.9868237624528821	0.9886477844468028	0.9849983947448573	0.9824798102377861	0.9878804946082331	0.98589248551175	0.9812523945082312	0.9876853636963805	0.9818476423269756	0.9778369236284867	0.986580361616385	0.984784439602676	0.9784046331097901	0.9879106948731162	0.9851619969711153	0.986949764942239	0.9860318421821095	0.9878859849993281	0.9870928196281523
0.9849812444828528	0.9811565052631593	0.9847919481509734	0.9875179819980718	0.9896549799559579	0.9890106980505509	0.9900227153227877	0.9855256106270434	0.9819111821244557	0.9915669929311087	0.9868915750555403	0.9905184966428486	0.9867063622253436	0.9838492891722317	0.9818248307915522	0.9898621566150116	0.9871318954985182	0.9903638875551365	0.9886842843859655	0.9900811578296852	1.0	0.9788234554382225	0.9884130106531899	0.9890310254795694	0.9882101538108911	0.9892689806698939	0.9856133442199266	0.9832349419862401	0.989371037492258	0.987844012966878	0.9829556256468535	0.9904235237577791	0.9836949985343928	0.9788732956080834	0.988583512539674	0.9863643607797199	0.980476686390861	0.9901124272930251	0.9855140523784863	0.9882142118481094	0.987034775839843	0.9902739435766784	0.9897396463797197
0.9771499789644982	0.9752789798999221	0.9781820224044012	0.9785950476106925	0.9793438796126372	0.980139203097998	0.9793783210614045	0.9777107235806975	0.9753946489174775	0.9779677646801859	0.9773363787909215	0.9779843410422239	0.9780753077899922	0.9751036986428923	0.9734550898492871	0.9795346027726897	0.9788867118313588	0.9784027592678705	0.9782714411196687	0.9774121625783905	0.9788234554382225	1.0	0.9785608648535051	0.9776465776459408	0.977794796951304	0.9798160444063058	0.9749512381017159	0.9733879774005901	0.9788267324911407	0.9803758770763725	0.975486321384044	0.977648882726905	0.9757683547603165	0.9735355840899342	0.9793319525832888	0.9789433580060958	0.9753752821979484	0.9783486010303815	0.9791847867722735	0.9799477099637468	0.979022192692882	0.9802670821010733	0.978898027854126
0.9846538710944986	0.9812786480256862	0.9842295590809202	0.9866528543766211	0.9893893210057934	0.9920022289351527	0.9896278716778252	0.9833591212458282	0.9826506491603294	0.9886070154443665	0.9848108496328182	0.9865239757950434	0.9850102676932517	0.9869626384260244	0.9819392676837886	0.9889558706811248	0.9854594264360321	0.9879682161360507	0.9871424986612067	0.98677870602217	0.9884130106531899	0.9785608648535051	1.0	0.9886310398609593	0.9865746321804258	0.9882635042081909	0.9847248938899831	0.9831094872607217	0.9880246233590837	0.9863448281033528	0.9824799834905653	0.9887736218743578	0.9824183728457746	0.9804391337863279	0.9883521729174576	0.9848060794137669	0.9782398195912105	0.9882783948694054	0.9843222007222803	0.9869607398448899	0.9860463916188206	0.9884858458230563	0.9881278654477805
0.9839215321777962	0.9803573999475595	0.984055994312305	0.9857290956776648	0.9913369753612369	0.988413930753608	0.9886401190843385	0.9845065874477896	0.98088425352144	0.9888567734994735	0.985258375990725	0.984939421812085	0.985500327095865	0.9831250702266633	0.9793133748546966	0.9885791908286929	0.9851466192051086	0.9879085148992492	0.9868089547299269	0.9873954323193447	0.9890310254795694	0.9776465776459408	0.9886310398609593	1.0	0.9871970042068119	0.9888867357325624	0.9856565530513719	0.983325335875882	0.9880386657592809	0.9858016440818983	0.9810696833784032	0.9887490573487852	0.9813171301053825	0.9812279421680697	0.9882797841433927	0.9851422927591622	0.9793883960056009	0.9886945386560189	0.9853338816114819	0.9874909252860423	0.986008713736018	0.9890543728359077	0.987034323235303
0.984749204162993	0.9800405812366041	0.9838354770909938	0.9865848723126054	0.9878263682955661	0.986716529998184	0.9885253843786674	0.9864078956332452	0.9804794272123131	0.9882571849565303	0.9845836755543032	0.984690101305251	0.9847820760321189	0.9820173014066966	0.9786727630750249	0.9894648776686416	0.9852495187367339	0.9878750050832251	0.9865726467538501	0.9868237624528821	0.9882101538108911	0.977794796951304	0.9865746321804258	0.9871970042068119	1.0	0.9872428490087309	0.9832551121500468	0.9812019542487668	0.9871025303330159	0.9861683796157042	0.9807226328689188	0.9880712514085046	0.981629571063391	0.9767404535707901	0.9870056455892898	0.9845017661674031	0.9784149849493115	0.9863528412256013	0.9846335291938921	0.9878409002267698	0.9862298796258837	0.9888352093764317	0.9868775294189805
0.9847304712586766	0.9819423476763421	0.9861196526418831	0.986828884981482	0.9903824226826319	0.9887205858622082	0.9894369305110587	0.9857229501527808	0.9823282052622462	0.9894380063122318	0.9866103057642722	0.9869327069197057	0.9861737245022099	0.9839218782282704	0.9807389550166413	0.9894072647528567	0.9870840696601709	0.9890741301309394	0.9882912226283609	0.9886477844468028	0.9892689806698939	0.9798160444063058	0.9882635042081909	0.9888867357325624	0.9872428490087309	1.0	0.9871145770972494	0.9846609639303585	0.9875988820037745	0.9874860912185662	0.9829175411095868	0.9893071840330042	0.9833830964342547	0.9810700422285706	0.989431733245592	0.9861173061627314	0.9806036559935031	0.9880908831198126	0.9862910996638699	0.9888787350605946	0.9867744523965577	0.9890589091857508	0.9878028349862508
0.9811835801309475	0.9788286531646568	0.9813171948329897	0.9833345323891565	0.9857244932102849	0.9848039223452978	0.9852950653007684	0.9800407876040982	0.980527184738907	0.9858330121676107	0.9828682936441367	0.9839381170452101	0.9806670899094737	0.9810879092429672	0.9795594800039188	0.9854907257491138	0.9829509999772116	0.9849655455369432	0.9846894070401336	0.9849983947448573	0.9856133442199266	0.9749512381017159	0.9847248938899831	0.9856565530513719	0.9832551121500468	0.9871145770972494	1.0	0.9968249535591214	0.9829842433487211	0.9827722465693784	0.9778017116423652	0.9851081114521357	0.9790082320212793	0.9784024855680549	0.9853359185101433	0.9798397532492465	0.9752227107072173	0.9834309602223558	0.9804555463114429	0.9841404651046904	0.9838258355116711	0.9848103842231031	0.9852286009298902
0.9802086506599028	0.9777460033657416	0.9796342605999403	0.9816201161583171	0.983575588965659	0.9830302417285925	0.9828748250986219	0.976297328068144	0.980370795305933	0.9834807239690245	0.9811834740694337	0.9826851846202141	0.9779858334737007	0.980428547058298	0.9799630770000208	0.983596966372274	0.9813465000076416	0.9830151208431415	0.9830334112412361	0.9824798102377861	0.9832349419862401	0.9733879774005901	0.9831094872607217	0.983325335875882	0.9812019542487668	0.9846609639303585	0.9968249535591214	1.0	0.9802211055865363	0.9810938706234618	0.975335324087735	0.9830939873188947	0.9778136109248965	0.9779284420145435	0.9836752314129946	0.9765783895251123	0.9725587016008639	0.9808227303572362	0.9771626468545406	0.9818980555093207	0.9820893691690461	0.9825984842357265	0.9834344758910096
0.9828388059726143	0.9801415732717607	0.9830269905358446	0.9856715727499171	0.9887258947081008	0.9884681440393631	0.9883788125007987	0.9876532942123702	0.9800338534651427	0.9887413653176814	0.9856155473187015	0.9846108088234778	0.9878852736376752	0.982655054851284	0.9785712934417713	0.9886023622842713	0.9846957116440602	0.9880415758983387	0.9860118282912419	0.9878804946082331	0.989371037492258	0.9788267324911407	0.9880246233590837	0.9880386657592809	0.9871025303330159	0.9875988820037745	0.9829842433487211	0.9802211055865363	1.0	0.9872560923614007	0.984021743874977	0.9892906082113017	0.9822518791061365	0.9766893408793323	0.9879472139213494	0.9888705260278566	0.9794029813274818	0.9899714340761213	0.987517478714891	0.987504835866433	0.9854393425760305	0.9892910215754378	0.9873570050774213
0.983209231065918	0.9814105517852588	0.9839373549017102	0.9862222682832698	0.9880624122764392	0.98759318017086	0.9874689011998419	0.984388151338401	0.9809469397014194	0.988702348607372	0.9865122694585436	0.9845198858134566	0.985860504064829	0.9819947197842064	0.9810285182596648	0.9880072710277393	0.9870824613822573	0.9884674143790445	0.9877284575915641	0.98589248551175	0.987844012966878	0.9803758770763725	0.9863448281033528	0.9858016440818983	0.9861683796157042	0.9874860912185662	0.9827722465693784	0.9810938706234618	0.9872560923614007	1.0	0.9829976153456866	0.9884476176159974	0.9856144339547804	0.9783822666574639	0.9866090999050483	0.9859693563906606	0.9801049410436898	0.9863813699761459	0.9845151692141474	0.9868140073838052	0.9853550223274898	0.9884188119925631	0.987072361104192
0.9777928636859209	0.9753705244622054	0.9788978844810186	0.9807942421779343	0.9823988216347975	0.9836843023272906	0.9826871850338297	0.9807932390237994	0.9742238218059183	0.9833166904296922	0.9818637860553895	0.9787655004674058	0.9824961513001715	0.9776382115784031	0.9736611295798561	0.9828791556924203	0.9808337081954364	0.9831328964353572	0.9813383466542326	0.9812523945082312	0.9829556256468535	0.975486321384044	0.9824799834905653	0.9810696833784032	0.9807226328689188	0.9829175411095868	0.9778017116423652	0.975335324087735	0.984021743874977	0.9829976153456866	1.0	0.9896283754637689	0.9801404218907737	0.9733660405288761	0.9826148930016347	0.982165145677309	0.9768300652500094	0.9836295918403575	0.9817114142178754	0.9828301085771395	0.9793107055856346	0.9832470794958061	0.9829913399265163
0.9845912723514362	0.980670411630783	0.9842675574042685	0.9867412734606236	0.9889664012890713	0.9894751786223246	0.9896332218804573	0.985501726144878	0.9810246616516906	0.9909595577105021	0.9862251144478875	0.9854353583478821	0.9863040073342099	0.9836248236690575	0.9813113533258031	0.9894913164389727	0.9873851560136792	0.9898883275962438	0.9884957210222504	0.9876853636963805	0.9904235237577791	0.977648882726905	0.9887736218743578	0.9887490573487852	0.9880712514085046	0.9893071840330042	0.9851081114521357	0.9830939873188947	0.9892906082113017	0.9884476176159974	0.9896283754637689	1.0	0.9836540281797448	0.9791565921919616	0.988861534378217	0.9862728696547989	0.9791384621313446	0.989623140503142	0.9857677515422574	0.9885512353788568	0.9861745295082882	0.9894211682546739	0.9889005662162708
0.9786799606564447	0.978007601095198	0.9795040537410042	0.9827580613711239	0.983606050196572	0.9821550427580876	0.9830836829075787	0.979840153595212	0.9773989076590581	0.9849545947205701	0.9834689810061971	0.9814029131859071	0.9815045273512016	0.9795550529748134	0.9778213982286195	0.983629149992481	0.9830437161978505	0.9850960713872587	0.9838997756362573	0.9818476423269756	0.9836949985343928	0.9757683547603165	0.9824183728457746	0.9813171301053825	0.981629571063391	0.9833830964342547	0.9790082320212793	0.9778136109248965	0.9822518791061365	0.9856144339547804	0.9801404218907737	0.9836540281797448	1.0	0.9758226389403393	0.982215479636971	0.9816803901355006	0.9768357764226657	0.9818048303249157	0.9797519789189875	0.9826759437826154	0.9826423748411612	0.9845198858134566	0.9831094326220527
0.9798886776653026	0.977119271367316	0.9787019295307338	0.97944364297006	0.9818089957013869	0.9809084447711515	0.9791482020434724	0.974107988246181	0.9789313272488201	0.9797788295995759	0.9783790027122871	0.9801139439065478	0.9767607065683603	0.9797580536228071	0.9777674504345072	0.9792378125284752	0.9785921251686043	0.9796795837836126	0.9792555994849258	0.9778369236284867	0.9788732956080834	0.9735355840899342	0.9804391337863279	0.9812279421680697	0.9767404535707901	0.9810700422285706	0.9784024855680549	0.9779284420145435	0.9766893408793323	0.9783822666574639	0.9733660405288761	0.9791565921919616	0.9758226389403393	1.0	0.9795172561015151	0.9747237444403374	0.9743638277562393	0.9782645939048232	0.9760912075414763	0.9795945916923932	0.9794844983700881	0.9798378591546586	0.980283431982871
0.9838999978460492	0.9808120242742747	0.9842590837677176	0.9858596236597414	0.9894751786223246	0.9881763247400063	0.9887456085719663	0.9853986285179924	0.9813171948329897	0.988167014509095	0.9850453361117861	0.9859375923359559	0.9857529824047214	0.9839680550270768	0.9801676528200937	0.9886793447552462	0.9856570535105595	0.9877486186841841	0.986815353196889	0.986580361616385	0.988583512539674	0.9793319525832888	0.9883521729174576	0.9882797841433927	0.9870056455892898	0.989431733245592	0.9853359185101433	0.9836752314129946	0.9879472139213494	0.9866090999050483	0.9826148930016347	0.988861534378217	0.982215479636971	0.9795172561015151	1.0	0.9855184988040341	0.9791763648364319	0.9879353142161955	0.9859496198255101	0.9881839401626001	0.9856552412023868	0.9882788673830154	0.9878210285297967
0.9801811507048223	0.9779686025785865	0.9814635742538279	0.9844561688573061	0.9860679204650264	0.9859154127133628	0.9857353134339989	0.9857409372722316	0.9774867689794905	0.989170469165614	0.9875535963398547	0.9830304473263083	0.9881891307707793	0.9797355290443776	0.9772957709526188	0.9859481332422029	0.9836567776983505	0.986586223063752	0.9844960067552256	0.984784439602676	0.9863643607797199	0.9789433580060958	0.9848060794137669	0.9851422927591622	0.9845017661674031	0.9861173061627314	0.9798397532492465	0.9765783895251123	0.9888705260278566	0.9859693563906606	0.982165145677309	0.9862728696547989	0.9816803901355006	0.9747237444403374	0.9855184988040341	1.0	0.9788183517877282	0.9882836594968955	0.9869881662532112	0.9853881257089955	0.9834757456026714	0.986831200889337	0.9852957583609085
0.9770810206227208	0.9772103628440351	0.9798190242987748	0.9790886947993139	0.9798334847706063	0.9798167998565939	0.9795969439195729	0.9779363109349721	0.9737933562403233	0.9786350768286692	0.9772603966428679	0.979538915272154	0.9791839346422381	0.9753306527243224	0.9723366071800732	0.9798114638771815	0.9782635585531997	0.9782431859814995	0.9783251504444216	0.9784046331097901	0.980476686390861	0.9753752821979484	0.9782398195912105	0.9793883960056009	0.9784149849493115	0.9806036559935031	0.9752227107072173	0.9725587016008639	0.9794029813274818	0.9801049410436898	0.9768300652500094	0.9791384621313446	0.9768357764226657	0.9743638277562393	0.9791763648364319	0.9788183517877282	1.0	0.9796671514241355	0.9812531126644327	0.9811975818186364	0.9800086011605732	0.9807387050750135	0.9795639761089189
0.9833520940775967	0.9802251845611308	0.9836567776983505	0.9860898377132544	0.9885078888301202	0.9888570235428935	0.9881805565482376	0.9860868181818696	0.9796102283454824	0.9886920014705007	0.9857478296381896	0.985950587020007	0.9873193816421836	0.9832367767753488	0.9792273686140045	0.9883661310486361	0.9855909995613678	0.9876286801286928	0.9862999757304616	0.9879106948731162	0.9901124272930251	0.9783486010303815	0.9882783948694054	0.9886945386560189	0.9863528412256013	0.9880908831198126	0.9834309602223558	0.9808227303572362	0.9899714340761213	0.9863813699761459	0.9836295918403575	0.989623140503142	0.9818048303249157	0.9782645939048232	0.9879353142161955	0.9882836594968955	0.9796671514241355	1.0	0.9869339120220617	0.9875582356478269	0.9852686808025815	0.988248461543028	0.9878530241130588
0.9810070744908285	0.9810363945823519	0.9834832055051036	0.98351312965199	0.9860301762431638	0.9850219988740437	0.9862246395835761	0.9877974790852067	0.9762383953468531	0.98457630564016	0.9839083854518152	0.982990789948601	0.9842921457224564	0.9800983412592736	0.9742089356596886	0.9857550170241907	0.9829670081557897	0.9852010595482124	0.9832824626178256	0.9851619969711153	0.9855140523784863	0.9791847867722735	0.9843222007222803	0.9853338816114819	0.9846335291938921	0.9862910996638699	0.9804555463114429	0.9771626468545406	0.987517478714891	0.9845151692141474	0.9817114142178754	0.9857677515422574	0.9797519789189875	0.9760912075414763	0.9859496198255101	0.9869881662532112	0.9812531126644327	0.9869339120220617	1.0	0.987339096486695	0.9855034944828304	0.9859849440757669	0.984802702957424
0.9854182958939807	0.9824348308646866	0.9855324980637522	0.9870056455892898	0.9890171880598458	0.98734647355243	0.9891990471652491	0.9856149677510283	0.981240611782885	0.9877340486884071	0.9841924558493186	0.9860829071872588	0.9864174402923697	0.9836483397970373	0.9796932498541558	0.9885905826881924	0.9850330485848158	0.9877696347248642	0.9860214681538115	0.986949764942239	0.9882142118481094	0.9799477099637468	0.9869607398448899	0.9874909252860423	0.9878409002267698	0.9888787350605946	0.9841404651046904	0.9818980555093207	0.987504835866433	0.9868140073838052	0.9828301085771395	0.9885512353788568	0.9826759437826154	0.9795945916923932	0.9881839401626001	0.9853881257089955	0.9811975818186364	0.9875582356478269	0.987339096486695	1.0	0.9872283480587113	0.9890374760114695	0.9880230366369781
0.9844852301354363	0.9830583943045039	0.985846546428521	0.9861664797170078	0.9864851210878057	0.9859788994144958	0.9871166275133981	0.9830668455212566	0.9814924897213609	0.9863338467854098	0.9835950627903383	0.9860021828135591	0.9847059377942874	0.9831894837760576	0.9804460270383221	0.9875383344297525	0.9848226020093226	0.9860609872382279	0.9854291254654748	0.9860318421821095	0.987034775839843	0.979022192692882	0.9860463916188206	0.986008713736018	0.9862298796258837	0.9867744523965577	0.9838258355116711	0.9820893691690461	0.9854393425760305	0.9853550223274898	0.9793107055856346	0.9861745295082882	0.9826423748411612	0.9794844983700881	0.9856552412023868	0.9834757456026714	0.9800086011605732	0.9852686808025815	0.9855034944828304	0.9872283480587113	1.0	0.9871836843552793	0.9865016750826932
0.9852299955571577	0.9818955015747806	0.9853423260115265	0.9908818800913172	0.9906611508918022	0.9889486002766332	0.9900461912427835	0.9861785560715273	0.9845248725214697	0.9901355514338772	0.9871109038321771	0.9868497254011485	0.988378434155519	0.9840148460033945	0.9819818455848993	0.9908388680030863	0.987077009181671	0.9899405647647389	0.9879679524484455	0.9878859849993281	0.9902739435766784	0.9802670821010733	0.9884858458230563	0.9890543728359077	0.9888352093764317	0.9890589091857508	0.9848103842231031	0.9825984842357265	0.9892910215754378	0.9884188119925631	0.9832470794958061	0.9894211682546739	0.9845198858134566	0.9798378591546586	0.9882788673830154	0.986831200889337	0.9807387050750135	0.988248461543028	0.9859849440757669	0.9890374760114695	0.9871836843552793	1.0	0.9892498692504184
0.9855917411040099	0.9810649137268651	0.9851294091887693	0.9875960388949023	0.9884776730168056	0.9876602443995703	0.98839966678358	0.9839453927227174	0.983909696261482	0.9896733810878079	0.9858980436696438	0.9886358483715283	0.986882892265627	0.9845668555076302	0.9848127997868332	0.9891086946716158	0.9864225191015642	0.9891528216172113	0.9881107921945154	0.9870928196281523	0.9897396463797197	0.978898027854126	0.9881278654477805	0.987034323235303	0.9868775294189805	0.9878028349862508	0.9852286009298902	0.9834344758910096	0.9873570050774213	0.987072361104192	0.9829913399265163	0.9889005662162708	0.9831094326220527	0.980283431982871	0.9878210285297967	0.9852957583609085	0.9795639761089189	0.9878530241130588	0.984802702957424	0.9880230366369781	0.9865016750826932	0.9892498692504184	1.0
