/home/jshaw/scratch/2022_sketched_distance/references/SGB_genome_fastas_part3/4798/BackhedF_2015__SID1_12M__bin.3.fa	/home/jshaw/scratch/2022_sketched_distance/references/SGB_genome_fastas_part3/4798/BackhedF_2015__SID130_12M__bin.23.fa	/home/jshaw/scratch/2022_sketched_distance/references/SGB_genome_fastas_part3/4798/BackhedF_2015__SID130_4M__bin.7.fa	/home/jshaw/scratch/2022_sketched_distance/references/SGB_genome_fastas_part3/4798/BackhedF_2015__SID195_12M__bin.36.fa	/home/jshaw/scratch/2022_sketched_distance/references/SGB_genome_fastas_part3/4798/BackhedF_2015__SID256_12M__bin.4.fa	/home/jshaw/scratch/2022_sketched_distance/references/SGB_genome_fastas_part3/4798/BackhedF_2015__SID590_12M__bin.1.fa	/home/jshaw/scratch/2022_sketched_distance/references/SGB_genome_fastas_part3/4798/FengQ_2015__SID31865__bin.25.fa	/home/jshaw/scratch/2022_sketched_distance/references/SGB_genome_fastas_part3/4798/FengQ_2015__SID31870__bin.24.fa	/home/jshaw/scratch/2022_sketched_distance/references/SGB_genome_fastas_part3/4798/FengQ_2015__SID531403__bin.37.fa	/home/jshaw/scratch/2022_sketched_distance/references/SGB_genome_fastas_part3/4798/FengQ_2015__SID531775__bin.40.fa	/home/jshaw/scratch/2022_sketched_distance/references/SGB_genome_fastas_part3/4798/FengQ_2015__SID532749__bin.65.fa	/home/jshaw/scratch/2022_sketched_distance/references/SGB_genome_fastas_part3/4798/HeQ_2017__SZAXPI029601-32__bin.23.fa	/home/jshaw/scratch/2022_sketched_distance/references/SGB_genome_fastas_part3/4798/KosticAD_2015__PRJNA231909.3105829__bin.10.fa	/home/jshaw/scratch/2022_sketched_distance/references/SGB_genome_fastas_part3/4798/LiJ_2014__MH0335__bin.24.fa	/home/jshaw/scratch/2022_sketched_distance/references/SGB_genome_fastas_part3/4798/LiJ_2014__O2.UC19-1__bin.21.fa	/home/jshaw/scratch/2022_sketched_distance/references/SGB_genome_fastas_part3/4798/LiJ_2014__V1.CD2-0-PN__bin.1.fa	/home/jshaw/scratch/2022_sketched_distance/references/SGB_genome_fastas_part3/4798/LiJ_2014__V1.FI10__bin.38.fa	/home/jshaw/scratch/2022_sketched_distance/references/SGB_genome_fastas_part3/4798/Obregon-TitoAJ_2015__NO21__bin.23.fa	/home/jshaw/scratch/2022_sketched_distance/references/SGB_genome_fastas_part3/4798/QinJ_2012__T2D-102__bin.52.fa	/home/jshaw/scratch/2022_sketched_distance/references/SGB_genome_fastas_part3/4798/QinN_2014__LV-10__bin.21.fa	/home/jshaw/scratch/2022_sketched_distance/references/SGB_genome_fastas_part3/4798/VatanenT_2016__G69157__bin.5.fa	/home/jshaw/scratch/2022_sketched_distance/references/SGB_genome_fastas_part3/4798/VatanenT_2016__G78694__bin.4.fa	/home/jshaw/scratch/2022_sketched_distance/references/SGB_genome_fastas_part3/4798/VatanenT_2016__G80392__bin.8.fa	/home/jshaw/scratch/2022_sketched_distance/references/SGB_genome_fastas_part3/4798/VogtmannE_2016__MMRS68910755ST-27-0-0__bin.23.fa	/home/jshaw/scratch/2022_sketched_distance/references/SGB_genome_fastas_part3/4798/WenC_2017__N290__bin.87.fa	/home/jshaw/scratch/2022_sketched_distance/references/SGB_genome_fastas_part3/4798/WenC_2017__N310__bin.122.fa	/home/jshaw/scratch/2022_sketched_distance/references/SGB_genome_fastas_part3/4798/WenC_2017__RA064__bin.26.fa	/home/jshaw/scratch/2022_sketched_distance/references/SGB_genome_fastas_part3/4798/WenC_2017__RA074__bin.11.fa	/home/jshaw/scratch/2022_sketched_distance/references/SGB_genome_fastas_part3/4798/WenC_2017__RA107__bin.12.fa	/home/jshaw/scratch/2022_sketched_distance/references/SGB_genome_fastas_part3/4798/YuJ_2015__SZAXPI003434-7__bin.11.fa	/home/jshaw/scratch/2022_sketched_distance/references/SGB_genome_fastas_part3/4798/YuJ_2015__SZAXPI017452-17__bin.41.fa	/home/jshaw/scratch/2022_sketched_distance/references/SGB_genome_fastas_part3/4798/ZeeviD_2015__PNP_Validation_10__bin.17.fa
1.0	0.9916748814279873	0.9934241311669687	0.9941792512321957	0.9931050407573958	0.9965241287158217	0.9843304947762306	0.9814087749707725	0.9915316087201232	0.9916965951982597	0.9826812986672273	0.9945138090642529	0.9898745462824476	0.9920572649072827	0.9813217937356363	0.9936136901190544	0.9936957852806741	0.9969930867701344	0.9876289324821552	0.9870399442514391	0.9877248807853752	0.9945701461194693	0.9971595129683258	0.9953835991553187	0.9924221018383151	0.9858050253095139	0.9911528817824379	0.9871001877230106	0.9910843657205123	0.9904144225036999	0.9922368099226216	0.9939500044295122
0.9916748814279873	1.0	0.9907112241571238	0.9888801285106998	0.9876887959558774	0.9931098812540191	0.982944283009955	0.9651142987474663	0.9954996438521848	0.9902529665890304	0.9671661055166891	0.9913316898666721	0.9792927992710228	0.9861458754649634	0.9646589090376843	0.9889088724660864	0.9883761542048395	0.9932669213901608	0.9763490569520308	0.9818825914571817	0.9849828241145606	0.9902740086512777	0.9934428772712903	0.9925358992444224	0.9875631436280524	0.9824078712617654	0.9863686365735949	0.9861467468964672	0.988204129809038	0.9867858677025848	0.9868647186766921	0.9889155465959176
0.9934241311669687	0.9907112241571238	1.0	0.991471655400111	0.9899315192924382	0.9944083269293759	0.9825265054197158	0.9774431818159168	0.9904083150068669	0.9888035246512508	0.9790079833617229	0.992462523950657	0.9868805207371345	0.9889424712817487	0.9778057944193312	0.9906034706116907	0.9909635597764723	0.9947903036021571	0.9844641914936669	0.9839815829247421	0.9866373091192687	0.9930199695792148	0.9946752876496289	0.9935898031315235	0.989980922206688	0.9850889677837852	0.9893474524022806	0.986781121082455	0.9902462024106262	0.9874415298257511	0.9898232354361688	0.9906629959817164
0.9941792512321957	0.9888801285106998	0.991471655400111	1.0	0.9930696101904373	0.9941756516936147	0.984477614673272	0.9823696592383059	0.9888026224965649	0.9911396758684429	0.9830032173344782	0.992061321120365	0.9872619560124927	0.9933732827017789	0.9818696380474754	0.9928248700224942	0.9936795209667436	0.9946402506807719	0.985856821976465	0.9867000372034387	0.9876457568221153	0.9923502817890457	0.9944284122871263	0.9927899248235369	0.9924649335910818	0.9859741381626069	0.9900686841010273	0.9855550574323803	0.9892407578828057	0.9897953785510367	0.9925938281949065	0.9933976402454122
0.9931050407573958	0.9876887959558774	0.9899315192924382	0.9930696101904373	1.0	0.9939583414883609	0.9827781428367782	0.9793063203606126	0.9892186495220678	0.9905732035362725	0.985515714599223	0.9904336795293409	0.985372828023487	0.9908281319281309	0.9823704310528611	0.9925626053937526	0.993828014979037	0.9934046151969631	0.9841019188375617	0.988998233105713	0.9868167082732012	0.9911529208398778	0.9934621872306383	0.9913906686283713	0.9942305038518638	0.9869535374740046	0.9892969422776998	0.9846359117592252	0.9878080890705899	0.9896034177379612	0.9907389690892384	0.9923413644193498
0.9965241287158217	0.9931098812540191	0.9944083269293759	0.9941756516936147	0.9939583414883609	1.0	0.9839606707331422	0.9803918446959929	0.9928514644551125	0.9913011046725063	0.9822550397373637	0.9949932696462237	0.9895311092457265	0.9913386427282962	0.9813000211841009	0.9933104876463237	0.9933471038325471	0.9979742488705922	0.9875828456050479	0.9867939772904603	0.9874344009954951	0.9956019330606507	0.9980226662625203	0.9957343971620292	0.9921380683985243	0.9851643064496114	0.9907268898843736	0.9872994450589021	0.9916110838393745	0.9900999896478493	0.9914174704605567	0.9934811106719323
0.9843304947762306	0.982944283009955	0.9825265054197158	0.984477614673272	0.9827781428367782	0.9839606707331422	1.0	0.9644720848200554	0.9823636344288951	0.9829088738017369	0.9674367992843229	0.9827291470293369	0.9742079634977654	0.9823804628003255	0.9645804719624455	0.9837543703500492	0.9837857735846428	0.9844258088554451	0.9723365047194882	0.9752687225267345	0.9806021887081489	0.9813856970680482	0.9843022034097125	0.9839504337257216	0.9832634980258129	0.9787272682829373	0.9809146552488558	0.978623975467334	0.9804401747417227	0.9813501601592617	0.9825891405316899	0.9841436098183196
0.9814087749707725	0.9651142987474663	0.9774431818159168	0.9823696592383059	0.9793063203606126	0.9803918446959929	0.9644720848200554	1.0	0.9656598016914245	0.9770873205676642	0.9912015244823328	0.9785084651977783	0.9901987262504062	0.9793387150646751	0.9927515656012247	0.9791978595745551	0.9805303633370741	0.9815194694545175	0.9900466902011761	0.9851007527162874	0.9716295773359744	0.9797579724898458	0.9817966969679051	0.9786767570219655	0.9780539034259883	0.9707359177306077	0.9773826546341623	0.9694313093186921	0.9741721001306539	0.9743053671750483	0.9780861464058376	0.9802972176142652
0.9915316087201232	0.9954996438521848	0.9904083150068669	0.9888026224965649	0.9892186495220678	0.9928514644551125	0.9823636344288951	0.9656598016914245	1.0	0.990213214199126	0.970890186761817	0.9912223213395494	0.9803124223582558	0.986622114378682	0.9667232922452214	0.9894195484912	0.988568127437805	0.9930002997719577	0.9778133071604823	0.9822979212167874	0.9845650337167235	0.9905773793010888	0.9930521920815119	0.9921637854498144	0.9877912415481156	0.9825491099867598	0.9864727453799685	0.9853246326738541	0.9882897852148559	0.9864910520763412	0.986933163548391	0.98893668936701
0.9916965951982597	0.9902529665890304	0.9888035246512508	0.9911396758684429	0.9905732035362725	0.9913011046725063	0.9829088738017369	0.9770873205676642	0.990213214199126	1.0	0.9781419423444964	0.9899205768605241	0.9836187546254752	0.9892624905079026	0.9759916486804896	0.9903610003414429	0.9913246574611229	0.9916923989564991	0.9818693038211465	0.9886244859687093	0.9861646541131713	0.9889162020867153	0.991834341606387	0.9909670996614608	0.9902072480106927	0.9848247143591187	0.9878051508007525	0.9845257476429492	0.987546566727146	0.9885727041176247	0.9893437561509519	0.9913717904128684
0.9826812986672273	0.9671661055166891	0.9790079833617229	0.9830032173344782	0.985515714599223	0.9822550397373637	0.9674367992843229	0.9912015244823328	0.970890186761817	0.9781419423444964	1.0	0.9791478290196866	0.9913697321713231	0.9803419597803815	0.9932278075021581	0.9814896092020654	0.9837180006601431	0.9829501088877346	0.9916347033235384	0.9903069994294059	0.9734845074490143	0.9807768696858514	0.9829606627803651	0.9798108152621553	0.9834970377144873	0.9758523680278016	0.9797115835161577	0.9714263943156592	0.9757791004819835	0.9766381042427352	0.9796424599632954	0.9815166032765213
0.9945138090642529	0.9913316898666721	0.992462523950657	0.992061321120365	0.9904336795293409	0.9949932696462237	0.9827291470293369	0.9785084651977783	0.9912223213395494	0.9899205768605241	0.9791478290196866	1.0	0.987467588682282	0.9900202300963387	0.9776714199071034	0.9915047044010009	0.9915358524264625	0.9956834245304426	0.9850790466135766	0.9845166113556839	0.9859350824845542	0.9929829786562013	0.9955849173244815	0.9942260668488012	0.9906184505986084	0.984259234572177	0.9892503194983481	0.9860427798128192	0.9902285215902767	0.9883985011250714	0.9903382260152569	0.9917087806164651
0.9898745462824476	0.9792927992710228	0.9868805207371345	0.9872619560124927	0.985372828023487	0.9895311092457265	0.9742079634977654	0.9901987262504062	0.9803124223582558	0.9836187546254752	0.9913697321713231	0.987467588682282	1.0	0.984569444553967	0.9897309624972854	0.9856894507234383	0.9864016587928841	0.9906964243259597	0.9965424431131762	0.9889860515941545	0.978531627820759	0.988324008227299	0.9904685909730024	0.9884905498145117	0.9845583304549299	0.9772002478107231	0.9842664795388542	0.978565889201975	0.9836111556517395	0.9819766042632064	0.9843263030348619	0.9866696691459462
0.9920572649072827	0.9861458754649634	0.9889424712817487	0.9933732827017789	0.9908281319281309	0.9913386427282962	0.9823804628003255	0.9793387150646751	0.986622114378682	0.9892624905079026	0.9803419597803815	0.9900202300963387	0.984569444553967	1.0	0.978709832760926	0.9907957583013439	0.9914911460884218	0.9918427249481947	0.982450164473367	0.984452204480682	0.9853451711229573	0.9895558026095681	0.9918293106800579	0.9904675662332333	0.9902782254110241	0.9837538683291642	0.9881508932810316	0.9828865712504661	0.9869349735249602	0.987466478990904	0.990766532179584	0.9918170660718953
0.9813217937356363	0.9646589090376843	0.9778057944193312	0.9818696380474754	0.9823704310528611	0.9813000211841009	0.9645804719624455	0.9927515656012247	0.9667232922452214	0.9759916486804896	0.9932278075021581	0.9776714199071034	0.9897309624972854	0.978709832760926	1.0	0.979444017107391	0.9821999865239233	0.9820010201650919	0.9892808176901143	0.9859418412897161	0.9718989872151124	0.9802680944656508	0.9818970640530219	0.9781401588025899	0.9797338663141346	0.9718465421324166	0.9778499784897935	0.9690747831427283	0.9737219971180338	0.9742444764917146	0.9772341711659657	0.9802137786999758
0.9936136901190544	0.9889088724660864	0.9906034706116907	0.9928248700224942	0.9925626053937526	0.9933104876463237	0.9837543703500492	0.9791978595745551	0.9894195484912	0.9903610003414429	0.9814896092020654	0.9915047044010009	0.9856894507234383	0.9907957583013439	0.979444017107391	1.0	0.9929975225194593	0.9937532504656676	0.9842858387205308	0.9860216399565348	0.987376733908419	0.9912039424381505	0.9936602110046899	0.9921424129392203	0.9916772285096979	0.9854469960350984	0.990791235225468	0.9858461475781429	0.989086761924781	0.9895215728388539	0.9907171058031594	0.9926814552835583
0.9936957852806741	0.9883761542048395	0.9909635597764723	0.9936795209667436	0.993828014979037	0.9933471038325471	0.9837857735846428	0.9805303633370741	0.988568127437805	0.9913246574611229	0.9837180006601431	0.9915358524264625	0.9864016587928841	0.9914911460884218	0.9821999865239233	0.9929975225194593	1.0	0.9937809423712386	0.9846065957874072	0.9876735529124171	0.9881347770594068	0.9911729977355457	0.9937556643826405	0.9925172851010078	0.9930899139216448	0.9873963890644896	0.9907998159735696	0.9867135868349454	0.989246985999942	0.9908733844602228	0.9917882049399754	0.993144672338358
0.9969930867701344	0.9932669213901608	0.9947903036021571	0.9946402506807719	0.9934046151969631	0.9979742488705922	0.9844258088554451	0.9815194694545175	0.9930002997719577	0.9916923989564991	0.9829501088877346	0.9956834245304426	0.9906964243259597	0.9918427249481947	0.9820010201650919	0.9937532504656676	0.9937809423712386	1.0	0.9886338488384333	0.9871826959666049	0.9876074259274125	0.9959645163266548	0.9984000560805939	0.9965887596636601	0.9926481629174156	0.985832049241875	0.9912460111023926	0.9879147660878281	0.9922170427282125	0.9904159188710604	0.9920283176550095	0.9937451516948176
0.9876289324821552	0.9763490569520308	0.9844641914936669	0.985856821976465	0.9841019188375617	0.9875828456050479	0.9723365047194882	0.9900466902011761	0.9778133071604823	0.9818693038211465	0.9916347033235384	0.9850790466135766	0.9965424431131762	0.982450164473367	0.9892808176901143	0.9842858387205308	0.9846065957874072	0.9886338488384333	1.0	0.9904781562239426	0.9769350905716215	0.9863895388865834	0.9887395007892107	0.9864084562375243	0.9829386852455871	0.9745335245217706	0.9820563727707599	0.9763294555106665	0.9822948125700323	0.9803061098376991	0.9820215039071855	0.9846647073685646
0.9870399442514391	0.9818825914571817	0.9839815829247421	0.9867000372034387	0.988998233105713	0.9867939772904603	0.9752687225267345	0.9851007527162874	0.9822979212167874	0.9886244859687093	0.9903069994294059	0.9845166113556839	0.9889860515941545	0.984452204480682	0.9859418412897161	0.9860216399565348	0.9876735529124171	0.9871826959666049	0.9904781562239426	1.0	0.9800086199749695	0.984947743300609	0.9873024327093476	0.9860338688482333	0.9877951044153044	0.9816004892059426	0.9833356038496667	0.9794333587180736	0.9822307686027768	0.98362177460685	0.9836983746473407	0.9865083328513868
0.9877248807853752	0.9849828241145606	0.9866373091192687	0.9876457568221153	0.9868167082732012	0.9874344009954951	0.9806021887081489	0.9716295773359744	0.9845650337167235	0.9861646541131713	0.9734845074490143	0.9859350824845542	0.978531627820759	0.9853451711229573	0.9718989872151124	0.987376733908419	0.9881347770594068	0.9876074259274125	0.9769350905716215	0.9800086199749695	1.0	0.9852661526830773	0.9877915179485772	0.9865648696053174	0.9868233202047068	0.9829333213585824	0.9855447763883913	0.9831612254015263	0.9846703589402575	0.984483609582237	0.9863074245399228	0.9875918280031386
0.9945701461194693	0.9902740086512777	0.9930199695792148	0.9923502817890457	0.9911529208398778	0.9956019330606507	0.9813856970680482	0.9797579724898458	0.9905773793010888	0.9889162020867153	0.9807768696858514	0.9929829786562013	0.988324008227299	0.9895558026095681	0.9802680944656508	0.9912039424381505	0.9911729977355457	0.9959645163266548	0.9863895388865834	0.984947743300609	0.9852661526830773	1.0	0.9963879394915411	0.9936719038416094	0.9900816167138621	0.9829187189176297	0.9885109180801211	0.9852428975963697	0.9901832033561314	0.9879038923666367	0.9893823303442567	0.991613638876252
0.9971595129683258	0.9934428772712903	0.9946752876496289	0.9944284122871263	0.9934621872306383	0.9980226662625203	0.9843022034097125	0.9817966969679051	0.9930521920815119	0.991834341606387	0.9829606627803651	0.9955849173244815	0.9904685909730024	0.9918293106800579	0.9818970640530219	0.9936602110046899	0.9937556643826405	0.9984000560805939	0.9887395007892107	0.9873024327093476	0.9877915179485772	0.9963879394915411	1.0	0.9964953090529104	0.992585809284226	0.985675200930214	0.9910776733595005	0.9877908401909389	0.9921534950713984	0.990486612105633	0.9918977408507151	0.9938158856511808
0.9953835991553187	0.9925358992444224	0.9935898031315235	0.9927899248235369	0.9913906686283713	0.9957343971620292	0.9839504337257216	0.9786767570219655	0.9921637854498144	0.9909670996614608	0.9798108152621553	0.9942260668488012	0.9884905498145117	0.9904675662332333	0.9781401588025899	0.9921424129392203	0.9925172851010078	0.9965887596636601	0.9864084562375243	0.9860338688482333	0.9865648696053174	0.9936719038416094	0.9964953090529104	1.0	0.991323877181895	0.9853649027705245	0.990082271601934	0.9879351351252351	0.9914992384733128	0.9892620216678334	0.9911152283193366	0.9922188874005922
0.9924221018383151	0.9875631436280524	0.989980922206688	0.9924649335910818	0.9942305038518638	0.9921380683985243	0.9832634980258129	0.9780539034259883	0.9877912415481156	0.9902072480106927	0.9834970377144873	0.9906184505986084	0.9845583304549299	0.9902782254110241	0.9797338663141346	0.9916772285096979	0.9930899139216448	0.9926481629174156	0.9829386852455871	0.9877951044153044	0.9868233202047068	0.9900816167138621	0.992585809284226	0.991323877181895	1.0	0.9882888473993544	0.9898919625440118	0.9859636094626347	0.9882813036108311	0.9895329273560252	0.9912223299521363	0.9914327049902139
0.9858050253095139	0.9824078712617654	0.9850889677837852	0.9859741381626069	0.9869535374740046	0.9851643064496114	0.9787272682829373	0.9707359177306077	0.9825491099867598	0.9848247143591187	0.9758523680278016	0.984259234572177	0.9772002478107231	0.9837538683291642	0.9718465421324166	0.9854469960350984	0.9873963890644896	0.985832049241875	0.9745335245217706	0.9816004892059426	0.9829333213585824	0.9829187189176297	0.985675200930214	0.9853649027705245	0.9882888473993544	1.0	0.9852587364861009	0.9832063856764673	0.9835501166771914	0.9833902435771009	0.9849406757149253	0.9857824829687468
0.9911528817824379	0.9863686365735949	0.9893474524022806	0.9900686841010273	0.9892969422776998	0.9907268898843736	0.9809146552488558	0.9773826546341623	0.9864727453799685	0.9878051508007525	0.9797115835161577	0.9892503194983481	0.9842664795388542	0.9881508932810316	0.9778499784897935	0.990791235225468	0.9907998159735696	0.9912460111023926	0.9820563727707599	0.9833356038496667	0.9855447763883913	0.9885109180801211	0.9910776733595005	0.990082271601934	0.9898919625440118	0.9852587364861009	1.0	0.9851809474274987	0.9883336191260012	0.9874745663839434	0.9893265492795627	0.9898468913190394
0.9871001877230106	0.9861467468964672	0.986781121082455	0.9855550574323803	0.9846359117592252	0.9872994450589021	0.978623975467334	0.9694313093186921	0.9853246326738541	0.9845257476429492	0.9714263943156592	0.9860427798128192	0.978565889201975	0.9828865712504661	0.9690747831427283	0.9858461475781429	0.9867135868349454	0.9879147660878281	0.9763294555106665	0.9794333587180736	0.9831612254015263	0.9852428975963697	0.9877908401909389	0.9879351351252351	0.9859636094626347	0.9832063856764673	0.9851809474274987	1.0	0.9852133852424875	0.9839039564931518	0.9848885595152762	0.9856494428275004
0.9910843657205123	0.988204129809038	0.9902462024106262	0.9892407578828057	0.9878080890705899	0.9916110838393745	0.9804401747417227	0.9741721001306539	0.9882897852148559	0.987546566727146	0.9757791004819835	0.9902285215902767	0.9836111556517395	0.9869349735249602	0.9737219971180338	0.989086761924781	0.989246985999942	0.9922170427282125	0.9822948125700323	0.9822307686027768	0.9846703589402575	0.9901832033561314	0.9921534950713984	0.9914992384733128	0.9882813036108311	0.9835501166771914	0.9883336191260012	0.9852133852424875	1.0	0.9860055003267382	0.9882899703563117	0.9886235046798107
0.9904144225036999	0.9867858677025848	0.9874415298257511	0.9897953785510367	0.9896034177379612	0.9900999896478493	0.9813501601592617	0.9743053671750483	0.9864910520763412	0.9885727041176247	0.9766381042427352	0.9883985011250714	0.9819766042632064	0.987466478990904	0.9742444764917146	0.9895215728388539	0.9908733844602228	0.9904159188710604	0.9803061098376991	0.98362177460685	0.984483609582237	0.9879038923666367	0.990486612105633	0.9892620216678334	0.9895329273560252	0.9833902435771009	0.9874745663839434	0.9839039564931518	0.9860055003267382	1.0	0.9880931172712704	0.9898159161181239
0.9922368099226216	0.9868647186766921	0.9898232354361688	0.9925938281949065	0.9907389690892384	0.9914174704605567	0.9825891405316899	0.9780861464058376	0.986933163548391	0.9893437561509519	0.9796424599632954	0.9903382260152569	0.9843263030348619	0.990766532179584	0.9772341711659657	0.9907171058031594	0.9917882049399754	0.9920283176550095	0.9820215039071855	0.9836983746473407	0.9863074245399228	0.9893823303442567	0.9918977408507151	0.9911152283193366	0.9912223299521363	0.9849406757149253	0.9893265492795627	0.9848885595152762	0.9882899703563117	0.9880931172712704	1.0	0.9916342674604607
0.9939500044295122	0.9889155465959176	0.9906629959817164	0.9933976402454122	0.9923413644193498	0.9934811106719323	0.9841436098183196	0.9802972176142652	0.98893668936701	0.9913717904128684	0.9815166032765213	0.9917087806164651	0.9866696691459462	0.9918170660718953	0.9802137786999758	0.9926814552835583	0.993144672338358	0.9937451516948176	0.9846647073685646	0.9865083328513868	0.9875918280031386	0.991613638876252	0.9938158856511808	0.9922188874005922	0.9914327049902139	0.9857824829687468	0.9898468913190394	0.9856494428275004	0.9886235046798107	0.9898159161181239	0.9916342674604607	1.0
