/home/jshaw/scratch/2022_sketched_distance/references/SGB_genome_fastas_part4/7142/BackhedF_2015__SID133_4M__bin.16.fa	/home/jshaw/scratch/2022_sketched_distance/references/SGB_genome_fastas_part4/7142/BackhedF_2015__SID1_4M__bin.2.fa	/home/jshaw/scratch/2022_sketched_distance/references/SGB_genome_fastas_part4/7142/BackhedF_2015__SID172_4M__bin.16.fa	/home/jshaw/scratch/2022_sketched_distance/references/SGB_genome_fastas_part4/7142/BackhedF_2015__SID184_4M__bin.10.fa	/home/jshaw/scratch/2022_sketched_distance/references/SGB_genome_fastas_part4/7142/BackhedF_2015__SID238_4M__bin.5.fa	/home/jshaw/scratch/2022_sketched_distance/references/SGB_genome_fastas_part4/7142/BackhedF_2015__SID26_4M__bin.10.fa	/home/jshaw/scratch/2022_sketched_distance/references/SGB_genome_fastas_part4/7142/BackhedF_2015__SID39_4M__bin.6.fa	/home/jshaw/scratch/2022_sketched_distance/references/SGB_genome_fastas_part4/7142/BackhedF_2015__SID42_4M__bin.4.fa	/home/jshaw/scratch/2022_sketched_distance/references/SGB_genome_fastas_part4/7142/BackhedF_2015__SID567_12M__bin.10.fa	/home/jshaw/scratch/2022_sketched_distance/references/SGB_genome_fastas_part4/7142/BackhedF_2015__SID608_4M__bin.1.fa	/home/jshaw/scratch/2022_sketched_distance/references/SGB_genome_fastas_part4/7142/BackhedF_2015__SID626_4M__bin.19.fa	/home/jshaw/scratch/2022_sketched_distance/references/SGB_genome_fastas_part4/7142/FengQ_2015__SID31750__bin.46.fa	/home/jshaw/scratch/2022_sketched_distance/references/SGB_genome_fastas_part4/7142/GeversD_2014__SKBSTL023__bin.20.fa	/home/jshaw/scratch/2022_sketched_distance/references/SGB_genome_fastas_part4/7142/KarlssonFH_2013__S457__bin.44.fa	/home/jshaw/scratch/2022_sketched_distance/references/SGB_genome_fastas_part4/7142/LiJ_2014__V1.CD7-0-PN__bin.1.fa	/home/jshaw/scratch/2022_sketched_distance/references/SGB_genome_fastas_part4/7142/VatanenT_2016__G69158__bin.1.fa	/home/jshaw/scratch/2022_sketched_distance/references/SGB_genome_fastas_part4/7142/VatanenT_2016__G69181__bin.2.fa	/home/jshaw/scratch/2022_sketched_distance/references/SGB_genome_fastas_part4/7142/VatanenT_2016__G78546__bin.4.fa	/home/jshaw/scratch/2022_sketched_distance/references/SGB_genome_fastas_part4/7142/VatanenT_2016__G78658__bin.1.fa	/home/jshaw/scratch/2022_sketched_distance/references/SGB_genome_fastas_part4/7142/VatanenT_2016__G78780__bin.7.fa	/home/jshaw/scratch/2022_sketched_distance/references/SGB_genome_fastas_part4/7142/VatanenT_2016__G78865__bin.3.fa	/home/jshaw/scratch/2022_sketched_distance/references/SGB_genome_fastas_part4/7142/VatanenT_2016__G78867__bin.2.fa	/home/jshaw/scratch/2022_sketched_distance/references/SGB_genome_fastas_part4/7142/VatanenT_2016__G80320__bin.2.fa	/home/jshaw/scratch/2022_sketched_distance/references/SGB_genome_fastas_part4/7142/VatanenT_2016__G80328__bin.12.fa	/home/jshaw/scratch/2022_sketched_distance/references/SGB_genome_fastas_part4/7142/VatanenT_2016__G80583__bin.1.fa	/home/jshaw/scratch/2022_sketched_distance/references/SGB_genome_fastas_part4/7142/VatanenT_2016__G80589__bin.10.fa	/home/jshaw/scratch/2022_sketched_distance/references/SGB_genome_fastas_part4/7142/VatanenT_2016__G80606__bin.6.fa	/home/jshaw/scratch/2022_sketched_distance/references/SGB_genome_fastas_part4/7142/XieH_2016__YSZC12003_37134__bin.34.fa
1.0	0.9987560174695403	0.9861270219368482	0.9848324598855163	0.98853741082992	0.9880763891442856	0.9833670962894026	0.984654609788884	0.9863159393331599	0.9836810835255249	0.9860891078232145	0.9838725891746521	0.9886091609887233	0.9839468519323733	0.9862232844391183	0.9856499224804354	0.9858607000773588	0.9848324598855163	0.9827523298634311	0.9962589177914439	0.9937246206662979	0.9905357638804693	0.990552332734258	0.9896625173955692	0.9856691400505275	0.9886441604008641	0.9856883463866536	0.9865037773801367
0.9987560174695403	1.0	0.9877759889741369	0.9868122527731403	0.989786758633543	0.9899094976997095	0.9900156155186657	0.9870229824649805	0.988503804263228	0.9890282224413127	0.9868203942145565	0.988182013834053	0.992817746847341	0.9879436757752234	0.9902174815026352	0.9885386643961488	0.9872929243081853	0.9883194704035418	0.9872361117980848	0.9984399447103695	0.9958811577049371	0.9929416464471617	0.9921116151680961	0.9922043727354707	0.9869944995321069	0.9920813694948536	0.9886532011222924	0.9878483819617675
0.9861270219368482	0.9877759889741369	1.0	0.9872373526695689	0.98952019755492	0.9881842744243975	0.9901959889527265	0.9873334942766586	0.9887291822647488	0.988675291058161	0.9875781990912381	0.9878783841866114	0.9880981235584508	0.9881121194086014	0.9892798001132228	0.9885220170057912	0.987445675868419	0.9884214414432515	0.9870826471594376	0.9870960049239439	0.9878365483267565	0.9879290082817084	0.987874440121891	0.9879543826782167	0.9874290728873146	0.9867700471658704	0.9874382231225413	0.9882976931918871
0.9848324598855163	0.9868122527731403	0.9872373526695689	1.0	0.9868977133122272	0.9863815871136594	0.9879360240947301	0.9853884502384215	0.985698277002145	0.9868956727061807	0.9860329465032105	0.9871343704401445	0.9863752218433051	0.9861336780106194	0.9882470588891986	0.9865668212498807	0.9859100433834674	0.9864638680113609	0.9863240799836401	0.9857336663095319	0.9866603784015574	0.9859327118914878	0.9861204539195894	0.9860524768556812	0.985769017542057	0.9856655365054496	0.9862302136215287	0.9868635557347282
0.98853741082992	0.989786758633543	0.98952019755492	0.9868977133122272	1.0	0.9897253765091433	0.9893105033680297	0.9869362065829282	0.9876529212564269	0.9881068661499811	0.9864301293418264	0.987608130780791	0.9940510718654625	0.9869393857879033	0.9899614611347988	0.9882545084231955	0.9868276037687296	0.9881830161671106	0.9866763631471979	0.9893517834254849	0.988972150441507	0.9940053301945836	0.9942095604153988	0.9943903778807719	0.9868772373705141	0.9863910388104555	0.9878821532115055	0.9868945987355798
0.9880763891442856	0.9899094976997095	0.9881842744243975	0.9863815871136594	0.9897253765091433	1.0	0.989704091459881	0.9922380787816861	0.987369909980473	0.9929745883576873	0.9924699492464435	0.9875719287963353	0.9892784459238982	0.9864886066583982	0.9897034388915261	0.9957202220872029	0.9862392473789445	0.9957017995400816	0.9865593542562059	0.9893517834254849	0.9898028367890099	0.9900138192328286	0.9891197843198726	0.989448770294789	0.9919386525961613	0.9874501350580965	0.987472584938308	0.9867989023242243
0.9833670962894026	0.9900156155186657	0.9901959889527265	0.9879360240947301	0.9893105033680297	0.989704091459881	1.0	0.9884548091162154	0.9960239009306505	0.9897822486568492	0.9899380098039828	0.9876596611626269	0.9816797957069857	0.9726008831605545	0.9764409295589009	0.9895995929935957	0.9898602211430659	0.9894422219474426	0.9852118317066396	0.9889655521381862	0.9895734165712075	0.9890454771996495	0.9886438997348939	0.9880733406308648	0.9892312189465116	0.9777949082425289	0.9890720758854935	0.9901188067294161
0.984654609788884	0.9870229824649805	0.9873334942766586	0.9853884502384215	0.9869362065829282	0.9922380787816861	0.9884548091162154	1.0	0.9866920092308948	0.9978718945421555	0.9964171320811748	0.9861469707163837	0.9853959703881396	0.9854901841043057	0.9885837501654469	0.9925753098338974	0.9863930254441581	0.9924573417395345	0.9854870999892794	0.9856786190901569	0.9864459852078982	0.9856605584289584	0.9858586817945907	0.9849667894677323	0.9960498530674012	0.9855966922662155	0.9858535732719961	0.9864988598105495
0.9863159393331599	0.988503804263228	0.9887291822647488	0.985698277002145	0.9876529212564269	0.987369909980473	0.9960239009306505	0.9866920092308948	1.0	0.9891313107342045	0.9870000099045428	0.9877345251418674	0.987598404101205	0.9874576051682324	0.9890824238054137	0.988103074717259	0.9876529212564269	0.9878739114048594	0.9867347118544233	0.987432659604473	0.9895176530421631	0.9871924021592607	0.9872694397970192	0.9873439609245658	0.9871686619413759	0.9864134547517236	0.9879837541634366	0.9879827905773236
0.9836810835255249	0.9890282224413127	0.988675291058161	0.9868956727061807	0.9881068661499811	0.9929745883576873	0.9897822486568492	0.9978718945421555	0.9891313107342045	1.0	0.9973460245571658	0.9858435448704885	0.9819857959218999	0.9770582777752089	0.9836412082119363	0.9928644576062089	0.9880643678375844	0.9919888448277439	0.9832161628851155	0.9875284588106723	0.988043098099683	0.988170510979556	0.9874852068568197	0.9868956727061807	0.9969907659832979	0.9786925991554828	0.9877867839266163	0.9884238677115326
0.9860891078232145	0.9868203942145565	0.9875781990912381	0.9860329465032105	0.9864301293418264	0.9924699492464435	0.9899380098039828	0.9964171320811748	0.9870000099045428	0.9973460245571658	1.0	0.9874449073967477	0.9866354911722267	0.9864128724102358	0.9895736670695561	0.9941007773021842	0.9867605888647971	0.9938683957735485	0.9865593542562059	0.9869603726892624	0.9875675326414404	0.9866461392396775	0.9854733668912402	0.9859455044935606	0.9987577105371696	0.9867034799373556	0.9877632211963151	0.9865085835043885
0.9838725891746521	0.988182013834053	0.9878783841866114	0.9871343704401445	0.987608130780791	0.9875719287963353	0.9876596611626269	0.9861469707163837	0.9877345251418674	0.9858435448704885	0.9874449073967477	1.0	0.9843438876729175	0.9967811049656176	0.9876322034319095	0.9873903192410275	0.9875538128636321	0.9865977711215292	0.9967767073346545	0.9867652406224026	0.9876984619548039	0.9868393986824465	0.987079264302265	0.9863355559408076	0.987463083348561	0.9846174063699024	0.9862790938757484	0.9992447925963769
0.9886091609887233	0.992817746847341	0.9880981235584508	0.9863752218433051	0.9940510718654625	0.9892784459238982	0.9816797957069857	0.9853959703881396	0.987598404101205	0.9819857959218999	0.9866354911722267	0.9843438876729175	1.0	0.9827256137395731	0.9861872764289823	0.9868541215993185	0.9870713085345277	0.986092608335965	0.9822924579967947	0.9925521395619843	0.9917080981481875	0.9963137328507572	0.997281527811352	0.9962541625058962	0.9869727649073871	0.9852966887076241	0.9869530207128503	0.9873846794671093
0.9839468519323733	0.9879436757752234	0.9881121194086014	0.9861336780106194	0.9869393857879033	0.9864886066583982	0.9726008831605545	0.9854901841043057	0.9874576051682324	0.9770582777752089	0.9864128724102358	0.9967811049656176	0.9827256137395731	1.0	0.9770181805892088	0.9863369633188327	0.9872118515785439	0.9853338518987859	0.9947436902284222	0.9870139186893052	0.9868397451830977	0.9870635136503909	0.9871377662050917	0.9866144440809984	0.9864128724102358	0.9792374646867079	0.9856716363110607	0.9995272102386843
0.9862232844391183	0.9902174815026352	0.9892798001132228	0.9882470588891986	0.9899614611347988	0.9897034388915261	0.9764409295589009	0.9885837501654469	0.9890824238054137	0.9836412082119363	0.9895736670695561	0.9876322034319095	0.9861872764289823	0.9770181805892088	1.0	0.9889832907820229	0.9891154020166624	0.9881453768338525	0.9848264556706795	0.9894760020593685	0.9899614611347988	0.9904398818087171	0.9907550200257064	0.9897358022388186	0.9896710437645672	0.9825325443196301	0.9888838587544176	0.989016368255493
0.9856499224804354	0.9885386643961488	0.9885220170057912	0.9865668212498807	0.9882545084231955	0.9957202220872029	0.9895995929935957	0.9925753098338974	0.988103074717259	0.9928644576062089	0.9941007773021842	0.9873903192410275	0.9868541215993185	0.9863369633188327	0.9889832907820229	1.0	0.9874558977808509	0.9995664465838284	0.9863634094573105	0.9874042588884308	0.9878321279424972	0.9870056455892898	0.9873697878955643	0.9867078830267473	0.9940021770766366	0.986480611031345	0.9872142200628499	0.9880017307268691
0.9858607000773588	0.9872929243081853	0.987445675868419	0.9859100433834674	0.9868276037687296	0.9862392473789445	0.9898602211430659	0.9863930254441581	0.9876529212564269	0.9880643678375844	0.9867605888647971	0.9875538128636321	0.9870713085345277	0.9872118515785439	0.9891154020166624	0.9874558977808509	1.0	0.9873872388727707	0.9866374064208648	0.9870452083367756	0.9872110798833768	0.9867835577421288	0.9863046309114669	0.9868438637700986	0.9860444825083677	0.9860982321722591	0.9871273416053775	0.9871440734416463
0.9848324598855163	0.9883194704035418	0.9884214414432515	0.9864638680113609	0.9881830161671106	0.9957017995400816	0.9894422219474426	0.9924573417395345	0.9878739114048594	0.9919888448277439	0.9938683957735485	0.9865977711215292	0.986092608335965	0.9853338518987859	0.9881453768338525	0.9995664465838284	0.9873872388727707	1.0	0.9856481769868968	0.987176441846068	0.9876488506958176	0.9867686000538268	0.987123530926212	0.9865358241204036	0.9938683957735485	0.9856196563784985	0.9869820177509531	0.9878566535533599
0.9827523298634311	0.9872361117980848	0.9870826471594376	0.9863240799836401	0.9866763631471979	0.9865593542562059	0.9852118317066396	0.9854870999892794	0.9867347118544233	0.9832161628851155	0.9865593542562059	0.9967767073346545	0.9822924579967947	0.9947436902284222	0.9848264556706795	0.9863634094573105	0.9866374064208648	0.9856481769868968	1.0	0.9859679811689145	0.9866374064208648	0.9858484190345396	0.9862649974172616	0.9856079817171081	0.9865398122352641	0.9821353805059481	0.9853049392140606	0.9992229616772396
0.9962589177914439	0.9984399447103695	0.9870960049239439	0.9857336663095319	0.9893517834254849	0.9893517834254849	0.9889655521381862	0.9856786190901569	0.987432659604473	0.9875284588106723	0.9869603726892624	0.9867652406224026	0.9925521395619843	0.9870139186893052	0.9894760020593685	0.9874042588884308	0.9870452083367756	0.987176441846068	0.9859679811689145	1.0	0.9955910689391958	0.9927132911666989	0.9925133054457331	0.9919523246582361	0.9865156654494276	0.9915487573501267	0.9874038253966261	0.9872142262178173
0.9937246206662979	0.9958811577049371	0.9878365483267565	0.9866603784015574	0.988972150441507	0.9898028367890099	0.9895734165712075	0.9864459852078982	0.9895176530421631	0.988043098099683	0.9875675326414404	0.9876984619548039	0.9917080981481875	0.9868397451830977	0.9899614611347988	0.9878321279424972	0.9872110798833768	0.9876488506958176	0.9866374064208648	0.9955910689391958	1.0	0.9916435837421446	0.9914340407746369	0.990677894240067	0.9873303269304506	0.9922319817915842	0.9873693916841725	0.9878197990885482
0.9905357638804693	0.9929416464471617	0.9879290082817084	0.9859327118914878	0.9940053301945836	0.9900138192328286	0.9890454771996495	0.9856605584289584	0.9871924021592607	0.988170510979556	0.9866461392396775	0.9868393986824465	0.9963137328507572	0.9870635136503909	0.9904398818087171	0.9870056455892898	0.9867835577421288	0.9867686000538268	0.9858484190345396	0.9927132911666989	0.9916435837421446	1.0	0.9969806068747489	0.9962847482515363	0.9863522042986304	0.9887904159746053	0.9875412011437354	0.9874789572243797
0.990552332734258	0.9921116151680961	0.987874440121891	0.9861204539195894	0.9942095604153988	0.9891197843198726	0.9886438997348939	0.9858586817945907	0.9872694397970192	0.9874852068568197	0.9854733668912402	0.987079264302265	0.997281527811352	0.9871377662050917	0.9907550200257064	0.9873697878955643	0.9863046309114669	0.987123530926212	0.9862649974172616	0.9925133054457331	0.9914340407746369	0.9969806068747489	1.0	0.9981633645270229	0.9858719096323569	0.9892253289505628	0.9874382231225413	0.9866712570301094
0.9896625173955692	0.9922043727354707	0.9879543826782167	0.9860524768556812	0.9943903778807719	0.989448770294789	0.9880733406308648	0.9849667894677323	0.9873439609245658	0.9868956727061807	0.9859455044935606	0.9863355559408076	0.9962541625058962	0.9866144440809984	0.9897358022388186	0.9867078830267473	0.9868438637700986	0.9865358241204036	0.9856079817171081	0.9919523246582361	0.990677894240067	0.9962847482515363	0.9981633645270229	1.0	0.9861768395114584	0.9880951698954189	0.9869009752368229	0.9874464871680635
0.9856691400505275	0.9869944995321069	0.9874290728873146	0.985769017542057	0.9868772373705141	0.9919386525961613	0.9892312189465116	0.9960498530674012	0.9871686619413759	0.9969907659832979	0.9987577105371696	0.987463083348561	0.9869727649073871	0.9864128724102358	0.9896710437645672	0.9940021770766366	0.9860444825083677	0.9938683957735485	0.9865398122352641	0.9865156654494276	0.9873303269304506	0.9863522042986304	0.9858719096323569	0.9861768395114584	1.0	0.9867700471658704	0.9873866130435005	0.9865398806560141
0.9886441604008641	0.9920813694948536	0.9867700471658704	0.9856655365054496	0.9863910388104555	0.9874501350580965	0.9777949082425289	0.9855966922662155	0.9864134547517236	0.9786925991554828	0.9867034799373556	0.9846174063699024	0.9852966887076241	0.9792374646867079	0.9825325443196301	0.986480611031345	0.9860982321722591	0.9856196563784985	0.9821353805059481	0.9915487573501267	0.9922319817915842	0.9887904159746053	0.9892253289505628	0.9880951698954189	0.9867700471658704	1.0	0.985458569468872	0.9865476304372469
0.9856883463866536	0.9886532011222924	0.9874382231225413	0.9862302136215287	0.9878821532115055	0.987472584938308	0.9890720758854935	0.9858535732719961	0.9879837541634366	0.9877867839266163	0.9877632211963151	0.9862790938757484	0.9869530207128503	0.9856716363110607	0.9888838587544176	0.9872142200628499	0.9871273416053775	0.9869820177509531	0.9853049392140606	0.9874038253966261	0.9873693916841725	0.9875412011437354	0.9874382231225413	0.9869009752368229	0.9873866130435005	0.985458569468872	1.0	0.9873176734730256
0.9865037773801367	0.9878483819617675	0.9882976931918871	0.9868635557347282	0.9868945987355798	0.9867989023242243	0.9901188067294161	0.9864988598105495	0.9879827905773236	0.9884238677115326	0.9865085835043885	0.9992447925963769	0.9873846794671093	0.9995272102386843	0.989016368255493	0.9880017307268691	0.9871440734416463	0.9878566535533599	0.9992229616772396	0.9872142262178173	0.9878197990885482	0.9874789572243797	0.9866712570301094	0.9874464871680635	0.9865398806560141	0.9865476304372469	0.9873176734730256	1.0
