/home/jshaw/scratch/2022_sketched_distance/references/SGB_genome_fastas_part5/15035/BritoIL_2016__M1.15.ST__bin.23.fa	/home/jshaw/scratch/2022_sketched_distance/references/SGB_genome_fastas_part5/15035/BritoIL_2016__M1.22.ST__bin.76.fa	/home/jshaw/scratch/2022_sketched_distance/references/SGB_genome_fastas_part5/15035/BritoIL_2016__M1.3.ST__bin.76.fa	/home/jshaw/scratch/2022_sketched_distance/references/SGB_genome_fastas_part5/15035/BritoIL_2016__M1.48.ST__bin.38.fa	/home/jshaw/scratch/2022_sketched_distance/references/SGB_genome_fastas_part5/15035/BritoIL_2016__M1.52.ST__bin.16.fa	/home/jshaw/scratch/2022_sketched_distance/references/SGB_genome_fastas_part5/15035/BritoIL_2016__M1.59.ST__bin.30.fa	/home/jshaw/scratch/2022_sketched_distance/references/SGB_genome_fastas_part5/15035/BritoIL_2016__M2.46.ST__bin.81.fa	/home/jshaw/scratch/2022_sketched_distance/references/SGB_genome_fastas_part5/15035/BritoIL_2016__W1.1.ST__bin.115.fa	/home/jshaw/scratch/2022_sketched_distance/references/SGB_genome_fastas_part5/15035/BritoIL_2016__W1.33.ST__bin.49.fa	/home/jshaw/scratch/2022_sketched_distance/references/SGB_genome_fastas_part5/15035/BritoIL_2016__W1.41.ST__bin.35.fa	/home/jshaw/scratch/2022_sketched_distance/references/SGB_genome_fastas_part5/15035/BritoIL_2016__W1.53.ST__bin.71.fa	/home/jshaw/scratch/2022_sketched_distance/references/SGB_genome_fastas_part5/15035/BritoIL_2016__W2.17.ST__bin.59.fa	/home/jshaw/scratch/2022_sketched_distance/references/SGB_genome_fastas_part5/15035/BritoIL_2016__W2.35.ST__bin.94.fa	/home/jshaw/scratch/2022_sketched_distance/references/SGB_genome_fastas_part5/15035/BritoIL_2016__W2.39.ST__bin.22.fa	/home/jshaw/scratch/2022_sketched_distance/references/SGB_genome_fastas_part5/15035/BritoIL_2016__W2.61.ST__bin.63.fa	/home/jshaw/scratch/2022_sketched_distance/references/SGB_genome_fastas_part5/15035/BritoIL_2016__W2.6.ST__bin.50.fa	/home/jshaw/scratch/2022_sketched_distance/references/SGB_genome_fastas_part5/15035/BritoIL_2016__W2.7.ST__bin.18.fa	/home/jshaw/scratch/2022_sketched_distance/references/SGB_genome_fastas_part5/15035/BritoIL_2016__W3.22.ST__bin.82.fa	/home/jshaw/scratch/2022_sketched_distance/references/SGB_genome_fastas_part5/15035/BritoIL_2016__WL.12.ST__bin.24.fa	/home/jshaw/scratch/2022_sketched_distance/references/SGB_genome_fastas_part5/15035/BritoIL_2016__WL.14.ST__bin.58.fa	/home/jshaw/scratch/2022_sketched_distance/references/SGB_genome_fastas_part5/15035/BritoIL_2016__WL.37.ST__bin.63.fa	/home/jshaw/scratch/2022_sketched_distance/references/SGB_genome_fastas_part5/15035/BritoIL_2016__WL.43.ST__bin.39.fa	/home/jshaw/scratch/2022_sketched_distance/references/SGB_genome_fastas_part5/15035/CM_madagascar__A46_02_1FE__bin.8.fa	/home/jshaw/scratch/2022_sketched_distance/references/SGB_genome_fastas_part5/15035/CM_madagascar__A53_01_1FE__bin.4.fa	/home/jshaw/scratch/2022_sketched_distance/references/SGB_genome_fastas_part5/15035/CM_madagascar__A75_02_1FE__bin.34.fa	/home/jshaw/scratch/2022_sketched_distance/references/SGB_genome_fastas_part5/15035/CM_madagascar__A81_01_1FE__bin.50.fa	/home/jshaw/scratch/2022_sketched_distance/references/SGB_genome_fastas_part5/15035/FengQ_2015__SID31160__bin.57.fa	/home/jshaw/scratch/2022_sketched_distance/references/SGB_genome_fastas_part5/15035/HMP_2012__SRS024009__bin.28.fa	/home/jshaw/scratch/2022_sketched_distance/references/SGB_genome_fastas_part5/15035/LiJ_2014__MH0329__bin.15.fa	/home/jshaw/scratch/2022_sketched_distance/references/SGB_genome_fastas_part5/15035/LiJ_2017__H1F613739__bin.39.fa	/home/jshaw/scratch/2022_sketched_distance/references/SGB_genome_fastas_part5/15035/LiJ_2017__H2M615912__bin.50.fa	/home/jshaw/scratch/2022_sketched_distance/references/SGB_genome_fastas_part5/15035/Obregon-TitoAJ_2015__SM03__bin.1.fa	/home/jshaw/scratch/2022_sketched_distance/references/SGB_genome_fastas_part5/15035/Obregon-TitoAJ_2015__SM31__bin.33.fa	/home/jshaw/scratch/2022_sketched_distance/references/SGB_genome_fastas_part5/15035/Obregon-TitoAJ_2015__SM37__bin.42.fa	/home/jshaw/scratch/2022_sketched_distance/references/SGB_genome_fastas_part5/15035/Obregon-TitoAJ_2015__SM43__bin.3.fa	/home/jshaw/scratch/2022_sketched_distance/references/SGB_genome_fastas_part5/15035/VogtmannE_2016__MMRS21365932ST-27-0-0__bin.31.fa	/home/jshaw/scratch/2022_sketched_distance/references/SGB_genome_fastas_part5/15035/VogtmannE_2016__MMRS51307502ST-27-0-0__bin.48.fa	/home/jshaw/scratch/2022_sketched_distance/references/SGB_genome_fastas_part5/15035/XieH_2016__YSZC12003_37204__bin.77.fa	/home/jshaw/scratch/2022_sketched_distance/references/SGB_genome_fastas_part5/15035/ZellerG_2014__CCIS74726977ST-3-0__bin.68.fa
1.0	0.9773645978670591	0.9777851161660722	0.9783648091170886	0.9740667435915996	0.973839732914133	0.9788730412364185	0.9769145876978241	0.9785220333073968	0.9786003621074683	0.9782859118695476	0.9765833569883624	0.9774457541517851	0.9786003621074683	0.9754398896296177	0.9871264838396628	0.9714550468498898	0.975396757193526	0.9691822946523886	0.9743938792487196	0.9792586720245019	0.9786394560866567	0.9764582714313482	0.9719055252552994	0.9734857180930988	0.9785612212192453	0.9759530653326907	0.9765417151881304	0.9769557556171871	0.970815197116102	0.9758680963567924	0.9773645978670591	0.9732098892383753	0.975611849491159	0.9738951146352787	0.9765833569883624	0.9781672069191881	0.9738045828399803	0.9691415812346785
0.9773645978670591	1.0	0.9760295005371294	0.9754606081470837	0.9788146335570586	0.980808013303569	0.9758751892136542	0.9741381049701806	0.9741479799932898	0.9897615047468742	0.9766888310127694	0.9765907609820494	0.9745795348978046	0.974292469713606	0.9715093214347326	0.9741479799932898	0.9739170490410987	0.9724383966113883	0.9737852399231682	0.9755916284793643	0.9757030889001871	0.9759095002777749	0.9719771891653401	0.9735149930712333	0.9705161837533713	0.9743284919185181	0.972093107864811	0.9722853889294194	0.973155481758516	0.9707828191050242	0.9735635035915958	0.9731181331402924	0.9722407775622399	0.9719771891653401	0.9698911178306936	0.9734896984251021	0.9734527327972031	0.9715921466438869	0.9728538764436491
0.9777851161660722	0.9760295005371294	1.0	0.9763558255880578	0.964455568203873	0.9699782877733006	0.976839259308242	0.9754782442312567	0.9751429483562267	0.9766789110867756	0.9752550983251922	0.9733532126499355	0.9756998691936465	0.9755337922352016	0.9741737147448537	0.976463877467448	0.9717720689160367	0.9725114212673032	0.962024965038426	0.9637599005898003	0.9773156204129491	0.9764098963675415	0.9735897659791141	0.9609095034846985	0.9714589550671984	0.975199071706256	0.9731746589322101	0.9735897659791141	0.9739996303624967	0.967798445078326	0.9742892546619444	0.9736486358576208	0.9704361413816349	0.9731149219638048	0.9710791775711735	0.9731149219638048	0.9754226011704983	0.9697800626652249	0.9591941203863017
0.9783648091170886	0.9754606081470837	0.9763558255880578	1.0	0.9791078519560542	0.9776786792300668	0.9751305007176333	0.9760137706929679	0.975236961020668	0.9750618971657232	0.9742277955859059	0.9782975759746758	0.9758757373793437	0.9756067141757054	0.972601695583164	0.9763412402399493	0.9741286329485449	0.972953468129273	0.9749735170950977	0.9774419324623262	0.9755729292670315	0.9753013788054663	0.9723413617311952	0.9745452599194369	0.9724256735224593	0.9740505159546563	0.9704975298356676	0.9725763056268608	0.9729700118825221	0.9710122653723349	0.9720789198879339	0.9731161750655053	0.9735834067260775	0.972664796283311	0.9719978572711482	0.9735867079389792	0.9743326775374184	0.9728205605093411	0.9730379552823665
0.9740667435915996	0.9788146335570586	0.964455568203873	0.9791078519560542	1.0	0.9724599448027816	0.985695317667708	0.9788146335570586	0.9800855425782906	0.9793984594448656	0.977736671131177	0.9766218312800931	0.9764955710167155	0.9764322567523414	0.974473146611798	0.9779793169899539	0.9745403887811186	0.9771220322128283	0.9658035365898126	0.969695273584622	0.9779793169899539	0.9786374293086244	0.9746744569974053	0.9647297188012545	0.9715888992241363	0.9778582198482202	0.9752052657527022	0.974473146611798	0.9753366244112639	0.9703898156429798	0.9749409451136287	0.9759212585677444	0.9723882452991518	0.9730982034637669	0.9729574498899876	0.9757922450674377	0.9769353561218405	0.9733778915096302	0.9595037602898281
0.973839732914133	0.980808013303569	0.9699782877733006	0.9776786792300668	0.9724599448027816	1.0	0.9756369742824038	0.9759048608441518	0.9760379813343214	0.9817878820349651	0.9775098151145661	0.9741697232683894	0.976390329389099	0.9769118012502469	0.9750488697959893	0.9768254672471843	0.9711230574529737	0.9739343586216044	0.9667462619385744	0.9723558128180483	0.9785921121665226	0.9774674619966319	0.9745891280752507	0.9697579446227717	0.9728779832928046	0.9767822142530085	0.974310127497364	0.9743567943383598	0.9754571494503914	0.969430794100032	0.9755921112144256	0.9771266401798212	0.9727802212700702	0.9745427940777084	0.9720374551019235	0.9757711933567399	0.9760822340611005	0.9718364748931266	0.9658762432821495
0.9788730412364185	0.9758751892136542	0.976839259308242	0.9751305007176333	0.985695317667708	0.9756369742824038	1.0	0.9749235902388079	0.9742909421580409	0.9766570607143645	0.974899336724031	0.9775500071708566	0.9740796631961527	0.9760398082762464	0.9737997735049125	0.9768815510380621	0.9748791207576167	0.9735403087660905	0.9752901895611369	0.976584286346293	0.9747348897088682	0.9748030983279884	0.9736166122598885	0.973340057310568	0.9701866895641248	0.9765603746834958	0.9718802724276498	0.9725763056268608	0.973232647521718	0.9710579600752712	0.9715115948914494	0.973053368280336	0.9720741906166428	0.9701690689000596	0.9712289291627354	0.9728369168910361	0.973339741413465	0.9728205605093411	0.9730990834556601
0.9769145876978241	0.9741381049701806	0.9754782442312567	0.9760137706929679	0.9788146335570586	0.9759048608441518	0.9749235902388079	1.0	0.9907970243160363	0.9759780140298857	0.97344937019648	0.9747070554050997	0.9748495950174086	0.976964642816685	0.9749605247630607	0.9756182688680287	0.9731871687671055	0.9740622965206127	0.9712100677372396	0.9837703116117815	0.9757986387952479	0.9752910602432268	0.9743268554120504	0.9731053326258793	0.9691108985767185	0.9752910602432268	0.9735651790324633	0.9720264174535999	0.9742514868317497	0.9695148763986338	0.9729426994134162	0.9739863106581627	0.9714417475742	0.9727061548287766	0.9705380895512867	0.9733331465549345	0.9759422180233182	0.9712143519878114	0.9697567988487266
0.9785220333073968	0.9741479799932898	0.9751429483562267	0.975236961020668	0.9800855425782906	0.9760379813343214	0.9742909421580409	0.9907970243160363	1.0	0.9760890162423034	0.9728415486087995	0.9763562749444361	0.9745741270224426	0.977245610486029	0.9746445391699743	0.9800141120718676	0.9749614481381792	0.9722362921190141	0.9730057709144785	0.9827070598553183	0.9756146183903439	0.9740052662617592	0.9716245148036972	0.9734567858801123	0.9690491825951971	0.973535613651096	0.9726502879504055	0.9719264711711989	0.9727249951777938	0.9714212141027372	0.972084427359566	0.9739334528215275	0.971948685948841	0.9717898700370193	0.9703993023027568	0.9725379033416958	0.9749595190303557	0.972619030864668	0.9715992234419398
0.9786003621074683	0.9897615047468742	0.9766789110867756	0.9750618971657232	0.9793984594448656	0.9817878820349651	0.9766570607143645	0.9759780140298857	0.9760890162423034	1.0	0.9764032005129821	0.977207924031176	0.9739915966072207	0.972638304947531	0.9717211798070925	0.97434962579205	0.9759334495660347	0.9731747792585957	0.97523762459314	0.977176336107021	0.9737185956267104	0.9739915966072207	0.9730792633816239	0.9743191201216881	0.9719979193725305	0.972757481884819	0.9724379629519329	0.9732504573527088	0.9724843583477861	0.9711946584234628	0.973032777841096	0.9716509001566778	0.9735834067260775	0.9728892065588989	0.9709409727747099	0.9715098816830973	0.9725186248895388	0.9734965430205726	0.9732209952954556
0.9782859118695476	0.9766888310127694	0.9752550983251922	0.9742277955859059	0.977736671131177	0.9775098151145661	0.974899336724031	0.97344937019648	0.9728415486087995	0.9764032005129821	1.0	0.9765127865112871	0.9742277955859059	0.9743703309866032	0.9708430944963591	0.9752472824999684	0.9742128819618063	0.9711586902055837	0.9723224133827403	0.975366862721585	0.974899336724031	0.9743347557397924	0.9707239481354252	0.9748257387419874	0.9708423558091209	0.9736876449147205	0.9718192875182443	0.9713420594633976	0.9728042564072058	0.9703656706467139	0.9711194086128433	0.9722396639298629	0.971948685948841	0.9704516012273782	0.9698484063955911	0.9728415486087995	0.9738325661233326	0.9719655850041515	0.9711483575648923
0.9765833569883624	0.9765907609820494	0.9733532126499355	0.9782975759746758	0.9766218312800931	0.9741697232683894	0.9775500071708566	0.9747070554050997	0.9763562749444361	0.977207924031176	0.9765127865112871	1.0	0.9774742984908485	0.9774363780805533	0.9745000841196552	0.9772461111372099	0.9716306754110985	0.9760805553408547	0.9716830878242393	0.9749697442081564	0.9775500071708566	0.9766296782883795	0.9751984730360321	0.9726904321256192	0.9719076638333205	0.9774363780805533	0.9745415840015009	0.9746244250544872	0.9756023878198032	0.968744229035182	0.9742499651427563	0.9756825721639327	0.9713175661146465	0.9744169249566347	0.9715912555298799	0.9765127865112871	0.9768235700409049	0.9719975014566627	0.9687946627360532
0.9774457541517851	0.9745795348978046	0.9756998691936465	0.9758757373793437	0.9764955710167155	0.976390329389099	0.9740796631961527	0.9748495950174086	0.9745741270224426	0.9739915966072207	0.9742277955859059	0.9774742984908485	1.0	0.9727753254235555	0.9686485511014539	0.972193191877664	0.9748378787210511	0.9730274064161959	0.9731182767607585	0.977547567699084	0.9747640853668952	0.9733249129409193	0.971411624642705	0.9750483915842498	0.971524746023991	0.9715084378941221	0.9717675731135942	0.9743079625067046	0.9693513345954633	0.9707367339878095	0.9721510168533781	0.9706558059374253	0.9730611075567411	0.9719820911208585	0.9710235077572008	0.9709673610013145	0.9714001479177243	0.9716755058064088	0.9700935933735058
0.9786003621074683	0.974292469713606	0.9755337922352016	0.9756067141757054	0.9764322567523414	0.9769118012502469	0.9760398082762464	0.976964642816685	0.977245610486029	0.972638304947531	0.9743703309866032	0.9774363780805533	0.9727753254235555	1.0	0.9886865949048754	0.9741473933667172	0.9747965842736981	0.9740452305096463	0.9746001231397488	0.9766927355689194	0.97388418877802	0.9730815209018571	0.9725328623473811	0.9748815451304874	0.9712455016216004	0.9733848529106349	0.971503073022871	0.9739471839197459	0.9712710883218704	0.9727482485278544	0.9721137511221274	0.9729117693335566	0.9719067427895283	0.9717512885699486	0.9721574369712046	0.9728094902611706	0.9731153648645403	0.9728205605093411	0.973463453149705
0.9754398896296177	0.9715093214347326	0.9741737147448537	0.972601695583164	0.974473146611798	0.9750488697959893	0.9737997735049125	0.9749605247630607	0.9746445391699743	0.9717211798070925	0.9708430944963591	0.9745000841196552	0.9686485511014539	0.9886865949048754	1.0	0.9718229180311415	0.9731871687671055	0.972916435678434	0.9731182767607585	0.9747980538765351	0.9718741605496792	0.9709035391312321	0.9710675421369543	0.9736889908336565	0.967647004765708	0.9721368376570186	0.9687731837393476	0.9720805498688991	0.9679012744770862	0.9700374612404916	0.9699154176532091	0.9678255861952602	0.969916146450918	0.9689715400926432	0.9690697884399251	0.97028471800526	0.9706018553389636	0.9703586787537152	0.9700935933735058
0.9871264838396628	0.9741479799932898	0.976463877467448	0.9763412402399493	0.9779793169899539	0.9768254672471843	0.9768815510380621	0.9756182688680287	0.9800141120718676	0.97434962579205	0.9752472824999684	0.9772461111372099	0.972193191877664	0.9741473933667172	0.9718229180311415	1.0	0.9759733259074546	0.9738658015823057	0.9754996036545182	0.9763115719146529	0.9736521210937578	0.9737882202890228	0.9733311340866787	0.975103817268858	0.9714053646133658	0.9735573934228092	0.9722531304472334	0.9734720965134821	0.97155094461534	0.9713307819776562	0.9723367054070741	0.9709305214670412	0.9735834067260775	0.9729264577485708	0.9711879490333052	0.971073842390604	0.9725923596200369	0.9736535715824242	0.9718540705423662
0.9714550468498898	0.9739170490410987	0.9717720689160367	0.9741286329485449	0.9745403887811186	0.9711230574529737	0.9748791207576167	0.9731871687671055	0.9749614481381792	0.9759334495660347	0.9742128819618063	0.9716306754110985	0.9748378787210511	0.9747965842736981	0.9731871687671055	0.9759733259074546	1.0	0.9750435674897443	0.9689914851038471	0.971414266745178	0.9761719777617799	0.9761719777617799	0.9721279611014678	0.9704684678234897	0.9709400129713202	0.9739170490410987	0.9715394338521831	0.9713561758686888	0.9724848892553739	0.9672985131250159	0.9715394338521831	0.9731871687671055	0.9698996076033459	0.9705655438707665	0.9696584098497544	0.9720381114202916	0.9746723851081972	0.9697551050213952	0.9668540070456468
0.975396757193526	0.9724383966113883	0.9725114212673032	0.972953468129273	0.9771220322128283	0.9739343586216044	0.9735403087660905	0.9740622965206127	0.9722362921190141	0.9731747792585957	0.9711586902055837	0.9760805553408547	0.9730274064161959	0.9740452305096463	0.972916435678434	0.9738658015823057	0.9750435674897443	1.0	0.9722648113278596	0.9742774710303488	0.9728050839171849	0.9736129231273976	0.9727306364128057	0.9722096663049011	0.9674673696104052	0.9732482153605096	0.9709299952473834	0.9698948575615033	0.9722425153229249	0.9698009694382902	0.9698484063955911	0.9716314790705817	0.9705350456903915	0.9694310141260271	0.9698484063955911	0.9721667630156656	0.972916435678434	0.9714247818528376	0.9704931705372385
0.9691822946523886	0.9737852399231682	0.962024965038426	0.9749735170950977	0.9658035365898126	0.9667462619385744	0.9752901895611369	0.9712100677372396	0.9730057709144785	0.97523762459314	0.9723224133827403	0.9716830878242393	0.9731182767607585	0.9746001231397488	0.9731182767607585	0.9754996036545182	0.9689914851038471	0.9722648113278596	1.0	0.9632717048839546	0.973509002685649	0.9739498608179221	0.9709709406220212	0.9620480605488283	0.9694349668974062	0.975447376444573	0.9714474414897736	0.9709709406220212	0.9715654789853762	0.9647720759908973	0.9712100677372396	0.9720333737608151	0.9670864054310875	0.9696856787751534	0.9682820432679793	0.972091388302788	0.9726088981102474	0.9678223242935121	0.9581424809108703
0.9743938792487196	0.9755916284793643	0.9637599005898003	0.9774419324623262	0.969695273584622	0.9723558128180483	0.976584286346293	0.9837703116117815	0.9827070598553183	0.977176336107021	0.975366862721585	0.9749697442081564	0.977547567699084	0.9766927355689194	0.9747980538765351	0.9763115719146529	0.971414266745178	0.9742774710303488	0.9632717048839546	1.0	0.9766927355689194	0.9783805461428179	0.9736890865226069	0.964792879116192	0.9720449945843059	0.9760365528243903	0.975366862721585	0.97254088297993	0.9757034314421688	0.9685526352599059	0.9743357272937841	0.9749697442081564	0.97198247156917	0.9733908457741025	0.9719198276664521	0.9747406215826221	0.9751972627872828	0.9730898381998844	0.961021861046007
0.9792586720245019	0.9757030889001871	0.9773156204129491	0.9755729292670315	0.9779793169899539	0.9785921121665226	0.9747348897088682	0.9757986387952479	0.9756146183903439	0.9737185956267104	0.974899336724031	0.9775500071708566	0.9747640853668952	0.97388418877802	0.9718741605496792	0.9736521210937578	0.9761719777617799	0.9728050839171849	0.973509002685649	0.9766927355689194	1.0	0.9741146092420072	0.9719022656458495	0.975103817268858	0.971524746023991	0.9723971167498852	0.9722531304472334	0.9733614661889448	0.9719794291787013	0.9714212141027372	0.9727415139770718	0.9715562864240793	0.9731823866157456	0.9738802726217936	0.9724348244238195	0.970874792910441	0.972569576944883	0.9722939547536205	0.9727305741462172
0.9786394560866567	0.9759095002777749	0.9764098963675415	0.9753013788054663	0.9786374293086244	0.9774674619966319	0.9748030983279884	0.9752910602432268	0.9740052662617592	0.9739915966072207	0.9743347557397924	0.9766296782883795	0.9733249129409193	0.9730815209018571	0.9709035391312321	0.9737882202890228	0.9761719777617799	0.9736129231273976	0.9739498608179221	0.9783805461428179	0.9741146092420072	1.0	0.9723486630114929	0.9742623382937924	0.971524746023991	0.9718939063467302	0.9724010806764697	0.9726519072262817	0.9709035391312321	0.9706905831411079	0.9714355320947122	0.9706511396243108	0.9731420106243491	0.9723631457075766	0.971146916962338	0.9706511396243108	0.9733582265940718	0.9721301858195291	0.9722326212555366
0.9764582714313482	0.9719771891653401	0.9735897659791141	0.9723413617311952	0.9746744569974053	0.9745891280752507	0.9736166122598885	0.9743268554120504	0.9716245148036972	0.9730792633816239	0.9707239481354252	0.9751984730360321	0.971411624642705	0.9725328623473811	0.9710675421369543	0.9733311340866787	0.9721279611014678	0.9727306364128057	0.9709709406220212	0.9736890865226069	0.9719022656458495	0.9723486630114929	1.0	0.9751591486011192	0.9713255317822098	0.9750415423478109	0.9707352301066599	0.9726141284635762	0.971601213343374	0.9693227309449033	0.9702331129500156	0.9715633842929468	0.9704912292026286	0.9697200411436706	0.9702730028731553	0.9710675421369543	0.9728254215417665	0.9711721013896892	0.9712131526478521
0.9719055252552994	0.9735149930712333	0.9609095034846985	0.9745452599194369	0.9647297188012545	0.9697579446227717	0.973340057310568	0.9731053326258793	0.9734567858801123	0.9743191201216881	0.9748257387419874	0.9726904321256192	0.9750483915842498	0.9748815451304874	0.9736889908336565	0.975103817268858	0.9704684678234897	0.9722096663049011	0.9620480605488283	0.964792879116192	0.975103817268858	0.9742623382937924	0.9751591486011192	1.0	0.9725109794939926	0.976246451215589	0.9731053326258793	0.9725109794939926	0.9746577421791873	0.9673168933381707	0.9740913946621398	0.9750483915842498	0.9698231867040252	0.972027524470802	0.9693637021527693	0.9742623382937924	0.9751591486011192	0.9708495465289808	0.9589107244379774
0.9734857180930988	0.9705161837533713	0.9714589550671984	0.9724256735224593	0.9715888992241363	0.9728779832928046	0.9701866895641248	0.9691108985767185	0.9690491825951971	0.9719979193725305	0.9708423558091209	0.9719076638333205	0.971524746023991	0.9712455016216004	0.967647004765708	0.9714053646133658	0.9709400129713202	0.9674673696104052	0.9694349668974062	0.9720449945843059	0.971524746023991	0.971524746023991	0.9713255317822098	0.9725109794939926	1.0	0.972348318803995	0.9697280825253617	0.9690491825951971	0.969177567669818	0.9658143745023674	0.969177567669818	0.9708828971082917	0.9707532424011971	0.9686175087703098	0.967637459230951	0.9710445563598966	0.9705571355370749	0.9682539576078198	0.968089439453118
0.9785612212192453	0.9743284919185181	0.975199071706256	0.9740505159546563	0.9778582198482202	0.9767822142530085	0.9765603746834958	0.9752910602432268	0.973535613651096	0.972757481884819	0.9736876449147205	0.9774363780805533	0.9715084378941221	0.9733848529106349	0.9721368376570186	0.9735573934228092	0.9739170490410987	0.9732482153605096	0.975447376444573	0.9760365528243903	0.9723971167498852	0.9718939063467302	0.9750415423478109	0.976246451215589	0.972348318803995	1.0	0.9720672377520974	0.9731018522036113	0.9718939063467302	0.9726614501992957	0.9717387172391218	0.9716491395948326	0.9725302600677113	0.9728519125304199	0.9722766081319425	0.9717542661870286	0.9717542661870286	0.9727803546615379	0.9725447370294809
0.9759530653326907	0.972093107864811	0.9731746589322101	0.9704975298356676	0.9752052657527022	0.974310127497364	0.9718802724276498	0.9735651790324633	0.9726502879504055	0.9724379629519329	0.9718192875182443	0.9745415840015009	0.9717675731135942	0.971503073022871	0.9687731837393476	0.9722531304472334	0.9715394338521831	0.9709299952473834	0.9714474414897736	0.975366862721585	0.9722531304472334	0.9724010806764697	0.9707352301066599	0.9731053326258793	0.9697280825253617	0.9720672377520974	1.0	0.9717716561912491	0.9724379629519329	0.9700374612404916	0.9721510168533781	0.9730586261125751	0.9715692279668958	0.9703308180207829	0.9708167743040909	0.9716544803260119	0.9749207782840613	0.9724975090314745	0.9717268976292628
0.9765417151881304	0.9722853889294194	0.9735897659791141	0.9725763056268608	0.974473146611798	0.9743567943383598	0.9725763056268608	0.9720264174535999	0.9719264711711989	0.9732504573527088	0.9713420594633976	0.9746244250544872	0.9743079625067046	0.9739471839197459	0.9720805498688991	0.9734720965134821	0.9713561758686888	0.9698948575615033	0.9709709406220212	0.97254088297993	0.9733614661889448	0.9726519072262817	0.9726141284635762	0.9725109794939926	0.9690491825951971	0.9731018522036113	0.9717716561912491	1.0	0.9736556463409467	0.9711946584234628	0.9718104293540767	0.9734352616335056	0.9710131510514427	0.9708668147132189	0.968806022644429	0.9755745651067482	0.9742720644901127	0.9723347680051759	0.9709531904636818
0.9769557556171871	0.973155481758516	0.9739996303624967	0.9729700118825221	0.9753366244112639	0.9754571494503914	0.973232647521718	0.9742514868317497	0.9727249951777938	0.9724843583477861	0.9728042564072058	0.9756023878198032	0.9693513345954633	0.9712710883218704	0.9679012744770862	0.97155094461534	0.9724848892553739	0.9722425153229249	0.9715654789853762	0.9757034314421688	0.9719794291787013	0.9709035391312321	0.971601213343374	0.9746577421791873	0.969177567669818	0.9718939063467302	0.9724379629519329	0.9736556463409467	1.0	0.9722239379658223	0.9710139622714217	0.9692524838418017	0.9722407775622399	0.9713238310709309	0.9705669380822979	0.9701026548365672	0.9720114525061155	0.9739653677742711	0.9714710439463791
0.970815197116102	0.9707828191050242	0.967798445078326	0.9710122653723349	0.9703898156429798	0.969430794100032	0.9710579600752712	0.9695148763986338	0.9714212141027372	0.9711946584234628	0.9703656706467139	0.968744229035182	0.9707367339878095	0.9727482485278544	0.9700374612404916	0.9713307819776562	0.9672985131250159	0.9698009694382902	0.9647720759908973	0.9685526352599059	0.9714212141027372	0.9706905831411079	0.9693227309449033	0.9673168933381707	0.9658143745023674	0.9726614501992957	0.9700374612404916	0.9711946584234628	0.9722239379658223	1.0	0.9726614501992957	0.9704122869923036	0.9672330030329218	0.9682947765058325	0.9654361488473338	0.970551734310877	0.9723119141285959	0.9692745155189775	0.9671489841505183
0.9758680963567924	0.9735635035915958	0.9742892546619444	0.9720789198879339	0.9749409451136287	0.9755921112144256	0.9715115948914494	0.9729426994134162	0.972084427359566	0.973032777841096	0.9711194086128433	0.9742499651427563	0.9721510168533781	0.9721137511221274	0.9699154176532091	0.9723367054070741	0.9715394338521831	0.9698484063955911	0.9712100677372396	0.9743357272937841	0.9727415139770718	0.9714355320947122	0.9702331129500156	0.9740913946621398	0.969177567669818	0.9717387172391218	0.9721510168533781	0.9718104293540767	0.9710139622714217	0.9726614501992957	1.0	0.9717764166041994	0.9708834576446117	0.9711276509527336	0.9695909458501039	0.9726316119877614	0.973820525967325	0.9715503864663645	0.9718540705423662
0.9773645978670591	0.9731181331402924	0.9736486358576208	0.9731161750655053	0.9759212585677444	0.9771266401798212	0.973053368280336	0.9739863106581627	0.9739334528215275	0.9716509001566778	0.9722396639298629	0.9756825721639327	0.9706558059374253	0.9729117693335566	0.9678255861952602	0.9709305214670412	0.9731871687671055	0.9716314790705817	0.9720333737608151	0.9749697442081564	0.9715562864240793	0.9706511396243108	0.9715633842929468	0.9750483915842498	0.9708828971082917	0.9716491395948326	0.9730586261125751	0.9734352616335056	0.9692524838418017	0.9704122869923036	0.9717764166041994	1.0	0.9736232374971402	0.9773731176708585	0.9779385425779362	0.9709673610013145	0.9722794843176302	0.9729408798222037	0.9711483575648923
0.9732098892383753	0.9722407775622399	0.9704361413816349	0.9735834067260775	0.9723882452991518	0.9727802212700702	0.9720741906166428	0.9714417475742	0.971948685948841	0.9735834067260775	0.971948685948841	0.9713175661146465	0.9730611075567411	0.9719067427895283	0.969916146450918	0.9735834067260775	0.9698996076033459	0.9705350456903915	0.9670864054310875	0.97198247156917	0.9731823866157456	0.9731420106243491	0.9704912292026286	0.9698231867040252	0.9707532424011971	0.9725302600677113	0.9715692279668958	0.9710131510514427	0.9722407775622399	0.9672330030329218	0.9708834576446117	0.9736232374971402	1.0	0.9727763469201842	0.9703594225122308	0.9735435270088197	0.9732629881496735	0.9712281585708809	0.9702273350248922
0.975611849491159	0.9719771891653401	0.9731149219638048	0.972664796283311	0.9730982034637669	0.9745427940777084	0.9701690689000596	0.9727061548287766	0.9717898700370193	0.9728892065588989	0.9704516012273782	0.9744169249566347	0.9719820911208585	0.9717512885699486	0.9689715400926432	0.9729264577485708	0.9705655438707665	0.9694310141260271	0.9696856787751534	0.9733908457741025	0.9738802726217936	0.9723631457075766	0.9697200411436706	0.972027524470802	0.9686175087703098	0.9728519125304199	0.9703308180207829	0.9708668147132189	0.9713238310709309	0.9682947765058325	0.9711276509527336	0.9773731176708585	0.9727763469201842	1.0	0.9732914768254173	0.9715965014942607	0.9742397878818848	0.9701847944831797	0.9704269161999639
0.9738951146352787	0.9698911178306936	0.9710791775711735	0.9719978572711482	0.9729574498899876	0.9720374551019235	0.9712289291627354	0.9705380895512867	0.9703993023027568	0.9709409727747099	0.9698484063955911	0.9715912555298799	0.9710235077572008	0.9721574369712046	0.9690697884399251	0.9711879490333052	0.9696584098497544	0.9698484063955911	0.9682820432679793	0.9719198276664521	0.9724348244238195	0.971146916962338	0.9702730028731553	0.9693637021527693	0.967637459230951	0.9722766081319425	0.9708167743040909	0.968806022644429	0.9705669380822979	0.9654361488473338	0.9695909458501039	0.9779385425779362	0.9703594225122308	0.9732914768254173	1.0	0.971351559234424	0.9719978572711482	0.9695242710984464	0.9680180621869909
0.9765833569883624	0.9734896984251021	0.9731149219638048	0.9735867079389792	0.9757922450674377	0.9757711933567399	0.9728369168910361	0.9733331465549345	0.9725379033416958	0.9715098816830973	0.9728415486087995	0.9765127865112871	0.9709673610013145	0.9728094902611706	0.97028471800526	0.971073842390604	0.9720381114202916	0.9721667630156656	0.972091388302788	0.9747406215826221	0.970874792910441	0.9706511396243108	0.9710675421369543	0.9742623382937924	0.9710445563598966	0.9717542661870286	0.9716544803260119	0.9755745651067482	0.9701026548365672	0.970551734310877	0.9726316119877614	0.9709673610013145	0.9735435270088197	0.9715965014942607	0.971351559234424	1.0	0.9736281132260903	0.9736927102927768	0.973584006047217
0.9781672069191881	0.9734527327972031	0.9754226011704983	0.9743326775374184	0.9769353561218405	0.9760822340611005	0.973339741413465	0.9759422180233182	0.9749595190303557	0.9725186248895388	0.9738325661233326	0.9768235700409049	0.9714001479177243	0.9731153648645403	0.9706018553389636	0.9725923596200369	0.9746723851081972	0.972916435678434	0.9726088981102474	0.9751972627872828	0.972569576944883	0.9733582265940718	0.9728254215417665	0.9751591486011192	0.9705571355370749	0.9717542661870286	0.9749207782840613	0.9742720644901127	0.9720114525061155	0.9723119141285959	0.973820525967325	0.9722794843176302	0.9732629881496735	0.9742397878818848	0.9719978572711482	0.9736281132260903	1.0	0.9760315856368099	0.9724825538418138
0.9738045828399803	0.9715921466438869	0.9697800626652249	0.9728205605093411	0.9733778915096302	0.9718364748931266	0.9728205605093411	0.9712143519878114	0.972619030864668	0.9734965430205726	0.9719655850041515	0.9719975014566627	0.9716755058064088	0.9728205605093411	0.9703586787537152	0.9736535715824242	0.9697551050213952	0.9714247818528376	0.9678223242935121	0.9730898381998844	0.9722939547536205	0.9721301858195291	0.9711721013896892	0.9708495465289808	0.9682539576078198	0.9727803546615379	0.9724975090314745	0.9723347680051759	0.9739653677742711	0.9692745155189775	0.9715503864663645	0.9729408798222037	0.9712281585708809	0.9701847944831797	0.9695242710984464	0.9736927102927768	0.9760315856368099	1.0	0.9710183770055122
0.9691415812346785	0.9728538764436491	0.9591941203863017	0.9730379552823665	0.9595037602898281	0.9658762432821495	0.9730990834556601	0.9697567988487266	0.9715992234419398	0.9732209952954556	0.9711483575648923	0.9687946627360532	0.9700935933735058	0.973463453149705	0.9700935933735058	0.9718540705423662	0.9668540070456468	0.9704931705372385	0.9581424809108703	0.961021861046007	0.9727305741462172	0.9722326212555366	0.9712131526478521	0.9589107244379774	0.968089439453118	0.9725447370294809	0.9717268976292628	0.9709531904636818	0.9714710439463791	0.9671489841505183	0.9718540705423662	0.9711483575648923	0.9702273350248922	0.9704269161999639	0.9680180621869909	0.973584006047217	0.9724825538418138	0.9710183770055122	1.0
