/home/jshaw/scratch/2022_sketched_distance/references/SGB_genome_fastas_part4/5300/DavidLA_2015__LD-Run1-06__bin.18.fa	/home/jshaw/scratch/2022_sketched_distance/references/SGB_genome_fastas_part4/5300/HeQ_2017__SZAXPI029578-96__bin.27.fa	/home/jshaw/scratch/2022_sketched_distance/references/SGB_genome_fastas_part4/5300/OhJ_2014__MET0251__bin.8.fa	/home/jshaw/scratch/2022_sketched_distance/references/SGB_genome_fastas_part4/5300/VincentC_2016__MM001.4__bin.11.fa	/home/jshaw/scratch/2022_sketched_distance/references/SGB_genome_fastas_part4/5300/VincentC_2016__MM002.1__bin.8.fa	/home/jshaw/scratch/2022_sketched_distance/references/SGB_genome_fastas_part4/5300/VincentC_2016__MM002.2__bin.16.fa	/home/jshaw/scratch/2022_sketched_distance/references/SGB_genome_fastas_part4/5300/VincentC_2016__MM004.2__bin.3.fa	/home/jshaw/scratch/2022_sketched_distance/references/SGB_genome_fastas_part4/5300/VincentC_2016__MM009.1__bin.28.fa	/home/jshaw/scratch/2022_sketched_distance/references/SGB_genome_fastas_part4/5300/VincentC_2016__MM009.2__bin.4.fa	/home/jshaw/scratch/2022_sketched_distance/references/SGB_genome_fastas_part4/5300/VincentC_2016__MM011__bin.19.fa	/home/jshaw/scratch/2022_sketched_distance/references/SGB_genome_fastas_part4/5300/VincentC_2016__MM020.1__bin.3.fa	/home/jshaw/scratch/2022_sketched_distance/references/SGB_genome_fastas_part4/5300/VincentC_2016__MM021.1__bin.17.fa	/home/jshaw/scratch/2022_sketched_distance/references/SGB_genome_fastas_part4/5300/VincentC_2016__MM027.3__bin.14.fa	/home/jshaw/scratch/2022_sketched_distance/references/SGB_genome_fastas_part4/5300/VincentC_2016__MM034.1__bin.5.fa	/home/jshaw/scratch/2022_sketched_distance/references/SGB_genome_fastas_part4/5300/VincentC_2016__MM038__bin.31.fa	/home/jshaw/scratch/2022_sketched_distance/references/SGB_genome_fastas_part4/5300/VincentC_2016__MM041.1__bin.2.fa	/home/jshaw/scratch/2022_sketched_distance/references/SGB_genome_fastas_part4/5300/VincentC_2016__MM041.2__bin.1.fa	/home/jshaw/scratch/2022_sketched_distance/references/SGB_genome_fastas_part4/5300/VincentC_2016__MM049.1__bin.20.fa	/home/jshaw/scratch/2022_sketched_distance/references/SGB_genome_fastas_part4/5300/VincentC_2016__MM052.2__bin.1.fa	/home/jshaw/scratch/2022_sketched_distance/references/SGB_genome_fastas_part4/5300/VincentC_2016__MM058.1__bin.40.fa	/home/jshaw/scratch/2022_sketched_distance/references/SGB_genome_fastas_part4/5300/VincentC_2016__MM060.1__bin.3.fa	/home/jshaw/scratch/2022_sketched_distance/references/SGB_genome_fastas_part4/5300/VincentC_2016__MM061__bin.28.fa	/home/jshaw/scratch/2022_sketched_distance/references/SGB_genome_fastas_part4/5300/VincentC_2016__MM064.2__bin.4.fa	/home/jshaw/scratch/2022_sketched_distance/references/SGB_genome_fastas_part4/5300/VincentC_2016__MM083.2__bin.12.fa	/home/jshaw/scratch/2022_sketched_distance/references/SGB_genome_fastas_part4/5300/VincentC_2016__MM083.3__bin.7.fa	/home/jshaw/scratch/2022_sketched_distance/references/SGB_genome_fastas_part4/5300/VincentC_2016__MM096__bin.3.fa	/home/jshaw/scratch/2022_sketched_distance/references/SGB_genome_fastas_part4/5300/VincentC_2016__MM103.1__bin.5.fa
1.0	0.9874321578198861	0.9873614552162178	0.9900448858021303	0.9862763939185537	0.9892190867660723	0.9870976129013395	0.9900172471279579	0.9890057459492623	0.9917517241250847	0.9898460096539267	0.9924051541025259	0.9887635415212633	0.9888828890264165	0.9900866185196787	0.9884960678251319	0.9884715441171379	0.9913246391198322	0.9892859168868634	0.9865009571984078	0.9849767392177554	0.9904727938163829	0.990032581146483	0.9855799966570555	0.9860621153042707	0.9827327515710065	0.9873614552162178
0.9874321578198861	1.0	0.9874174470166143	0.9868158636222315	0.9874614368471055	0.9847508869317423	0.9844768609580504	0.9880759720835671	0.9879006893631438	0.9889320507266622	0.9866621730393702	0.985744327671608	0.9862979253402658	0.9847121053293365	0.9889135968514741	0.9883672398033546	0.9871663054601708	0.9883644736825346	0.9873827925517176	0.9867462293541459	0.9854409160027721	0.988020756494286	0.9869887774459943	0.9880694987955695	0.987969307247231	0.9836878260027584	0.9876871377930023
0.9873614552162178	0.9874174470166143	1.0	0.9865651014073238	0.9846690677842467	0.9856305267693475	0.9843487293057505	0.9894083854069522	0.9893147885147654	0.990535411261316	0.9877731832068366	0.9880256475823168	0.9859572973263419	0.9855223265925628	0.9901524050291939	0.9896334072393207	0.9897954086909793	0.9895307668030079	0.9870648604973055	0.9850126255252386	0.9834727139772843	0.9894202987478395	0.9877888509170859	0.9838930076012536	0.9844575913496993	0.9848314180530109	0.986677219448294
0.9900448858021303	0.9868158636222315	0.9865651014073238	1.0	0.9859123906261241	0.9883838261757484	0.9884471512131202	0.9892543975772424	0.9882996207047512	0.9892386775533358	0.9893724316467614	0.9915295473498973	0.9923046020191479	0.9926845930443029	0.9881892132698672	0.9867128637586069	0.9869808589068341	0.9888232350006507	0.990243178628558	0.9867801572877168	0.9853564689033135	0.988881184125544	0.9894740679116201	0.984601718033713	0.9849812621784515	0.9825540200284489	0.9864570437897667
0.9862763939185537	0.9874614368471055	0.9846690677842467	0.9859123906261241	1.0	0.9863567390708906	0.9812543680759096	0.9822738638031486	0.9811027635722044	0.9855854124095764	0.9817992902561399	0.9866364110400331	0.9847534367025977	0.985213629446909	0.9853380252658348	0.9812623163891391	0.9841153185157582	0.9855854124095764	0.9853793860585207	0.9888665736319034	0.9892730183238173	0.9856264630801246	0.9832962619020887	0.9860341735051118	0.9863567390708906	0.9825311841762059	0.9847112793507811
0.9892190867660723	0.9847508869317423	0.9856305267693475	0.9883838261757484	0.9863567390708906	1.0	0.9860986061237944	0.9886311517956804	0.9878203199185902	0.9903063847530861	0.9880451738008549	0.9947221776510825	0.9877345251418674	0.9868907517849453	0.9893541753590102	0.9872513650852035	0.9874241873029503	0.9884089691420941	0.9895592379384262	0.9860514509177646	0.9843056603500719	0.9895204088094627	0.9908079706269032	0.9839080090019181	0.9843429941552543	0.9815230979964933	0.9856717879253271
0.9870976129013395	0.9844768609580504	0.9843487293057505	0.9884471512131202	0.9812543680759096	0.9860986061237944	1.0	0.9829352244190905	0.9827398234489743	0.9865419123481319	0.9818538498300662	0.9878755368850792	0.9865018578600098	0.9879906561295668	0.9849844430632978	0.9814221965358112	0.982273075028994	0.9866218752604586	0.9877600137755019	0.9859359100746684	0.9842200953282041	0.9861796531476293	0.9843551659148949	0.9821360134561855	0.9826808508376953	0.9802999074670777	0.9837440742369957
0.9900172471279579	0.9880759720835671	0.9894083854069522	0.9892543975772424	0.9822738638031486	0.9886311517956804	0.9829352244190905	1.0	0.9935199216360996	0.9932132773477308	0.9842194666076611	0.9914559324205416	0.9874705646477151	0.9882753262901471	0.9918506395794835	0.9822100850942512	0.9883547313870994	0.9935876809057551	0.9897522516990677	0.9864781348043857	0.9851502462127282	0.9909832998989884	0.984190226676107	0.9849309527055146	0.9849749287339907	0.9836750718233094	0.9887097050236889
0.9890057459492623	0.9879006893631438	0.9893147885147654	0.9882996207047512	0.9811027635722044	0.9878203199185902	0.9827398234489743	0.9935199216360996	1.0	0.9916165156482096	0.9842701447228642	0.990854730142397	0.9867987861530059	0.9882599442926859	0.9908180127763927	0.9836567776983505	0.9870056455892898	0.9927792307523255	0.9895828451893193	0.9855295323209956	0.984343703022045	0.9905227948841868	0.9844646665701413	0.9841193246780292	0.9843883951385195	0.9826457587881684	0.9884183640379229
0.9917517241250847	0.9889320507266622	0.990535411261316	0.9892386775533358	0.9855854124095764	0.9903063847530861	0.9865419123481319	0.9932132773477308	0.9916165156482096	1.0	0.9902707149289406	0.9926813242856496	0.9878065332300129	0.9882402692651523	0.9934663782817448	0.9895712404122797	0.9904714082339156	0.9980049688708048	0.9908921309389165	0.987959437592928	0.9855083508023376	0.99367459676385	0.9904908949833808	0.986147775503066	0.9862964375318946	0.9830238042860734	0.9889662615456819
0.9898460096539267	0.9866621730393702	0.9877731832068366	0.9893724316467614	0.9817992902561399	0.9880451738008549	0.9818538498300662	0.9842194666076611	0.9842701447228642	0.9902707149289406	1.0	0.9906483329313014	0.9870366932685513	0.9890674842791874	0.9891985214907708	0.9816605612121622	0.9879094593191181	0.9911862691927613	0.9891549002588891	0.9865206211579041	0.9841178749163358	0.990228489495759	0.9821433844585353	0.983605142160579	0.9842194666076611	0.9816898974689087	0.9874529947181125
0.9924051541025259	0.985744327671608	0.9880256475823168	0.9915295473498973	0.9866364110400331	0.9947221776510825	0.9878755368850792	0.9914559324205416	0.990854730142397	0.9926813242856496	0.9906483329313014	1.0	0.9906970330076004	0.9889850288703125	0.9913463926487913	0.9892586364377614	0.9896928036882521	0.990823680405192	0.9918474788753184	0.985920655531847	0.9848617824381345	0.9919602583208004	0.9940270338424384	0.9853182229883174	0.9853499661562044	0.9828629005935903	0.9874807166868502
0.9887635415212633	0.9862979253402658	0.9859572973263419	0.9923046020191479	0.9847534367025977	0.9877345251418674	0.9865018578600098	0.9874705646477151	0.9867987861530059	0.9878065332300129	0.9870366932685513	0.9906970330076004	1.0	0.9917348427191386	0.9868949077188096	0.9849708433038196	0.9843087416339219	0.9880930012002612	0.9896255469212188	0.9860712326543982	0.9845980063952225	0.9875175510614956	0.98871435908308	0.9841990716113552	0.9847167472480832	0.9819567012400757	0.9859192309422291
0.9888828890264165	0.9847121053293365	0.9855223265925628	0.9926845930443029	0.985213629446909	0.9868907517849453	0.9879906561295668	0.9882753262901471	0.9882599442926859	0.9882402692651523	0.9890674842791874	0.9889850288703125	0.9917348427191386	1.0	0.9872697063992343	0.9869832161906678	0.9862664700239702	0.986685705899292	0.9890284530800407	0.9848586382746759	0.9838607108359769	0.988020756494286	0.9901247544327348	0.9832956070806373	0.9835053291004656	0.9821795488971422	0.9855987805762014
0.9900866185196787	0.9889135968514741	0.9901524050291939	0.9881892132698672	0.9853380252658348	0.9893541753590102	0.9849844430632978	0.9918506395794835	0.9908180127763927	0.9934663782817448	0.9891985214907708	0.9913463926487913	0.9868949077188096	0.9872697063992343	1.0	0.9896334072393207	0.9897954086909793	0.9934342420694112	0.9890837475635723	0.9876972873943762	0.9856525708376291	0.9921912325392261	0.9899401496954938	0.9857278287616206	0.9861757924567648	0.9830670093838513	0.9900207006122469
0.9884960678251319	0.9883672398033546	0.9896334072393207	0.9867128637586069	0.9812623163891391	0.9872513650852035	0.9814221965358112	0.9822100850942512	0.9836567776983505	0.9895712404122797	0.9816605612121622	0.9892586364377614	0.9849708433038196	0.9869832161906678	0.9896334072393207	1.0	0.9979867092612024	0.9910318470540318	0.9871845324473048	0.9873180622697427	0.9848274076675241	0.9911506973253327	0.9798708113990853	0.985397428674196	0.9857487325766319	0.9835822073678248	0.9884317167800842
0.9884715441171379	0.9871663054601708	0.9897954086909793	0.9869808589068341	0.9841153185157582	0.9874241873029503	0.982273075028994	0.9883547313870994	0.9870056455892898	0.9904714082339156	0.9879094593191181	0.9896928036882521	0.9843087416339219	0.9862664700239702	0.9897954086909793	0.9979867092612024	1.0	0.9909694763397411	0.9873874705254793	0.9871663054601708	0.9846299284429741	0.9915250214193522	0.9885216642158444	0.9852630246748645	0.9855362118564143	0.9830335590111455	0.9871292996715803
0.9913246391198322	0.9883644736825346	0.9895307668030079	0.9888232350006507	0.9855854124095764	0.9884089691420941	0.9866218752604586	0.9935876809057551	0.9927792307523255	0.9980049688708048	0.9911862691927613	0.990823680405192	0.9880930012002612	0.986685705899292	0.9934342420694112	0.9910318470540318	0.9909694763397411	1.0	0.9908816339324598	0.9866167406311335	0.9839359209549057	0.9936199810093083	0.9905363783402282	0.9845463953572323	0.9845142907078455	0.9824626579164714	0.9894239248431987
0.9892859168868634	0.9873827925517176	0.9870648604973055	0.990243178628558	0.9853793860585207	0.9895592379384262	0.9877600137755019	0.9897522516990677	0.9895828451893193	0.9908921309389165	0.9891549002588891	0.9918474788753184	0.9896255469212188	0.9890284530800407	0.9890837475635723	0.9871845324473048	0.9873874705254793	0.9908816339324598	1.0	0.9865641106825169	0.9845578574813632	0.9898189288547535	0.9905363783402282	0.9842112329861206	0.9844427223443867	0.9817600307530434	0.9872771561232665
0.9865009571984078	0.9867462293541459	0.9850126255252386	0.9867801572877168	0.9888665736319034	0.9860514509177646	0.9859359100746684	0.9864781348043857	0.9855295323209956	0.987959437592928	0.9865206211579041	0.985920655531847	0.9860712326543982	0.9848586382746759	0.9876972873943762	0.9873180622697427	0.9871663054601708	0.9866167406311335	0.9865641106825169	1.0	0.9873572721177204	0.9878809782756268	0.9871402803068864	0.9852454923256497	0.9854216384273132	0.9828230956758209	0.9863930772549064
0.9849767392177554	0.9854409160027721	0.9834727139772843	0.9853564689033135	0.9892730183238173	0.9843056603500719	0.9842200953282041	0.9851502462127282	0.984343703022045	0.9855083508023376	0.9841178749163358	0.9848617824381345	0.9845980063952225	0.9838607108359769	0.9856525708376291	0.9848274076675241	0.9846299284429741	0.9839359209549057	0.9845578574813632	0.9873572721177204	1.0	0.9858218005240948	0.9859082544745468	0.9842475250060172	0.9843465220885528	0.9812317069223553	0.9840652050652682
0.9904727938163829	0.988020756494286	0.9894202987478395	0.988881184125544	0.9856264630801246	0.9895204088094627	0.9861796531476293	0.9909832998989884	0.9905227948841868	0.99367459676385	0.990228489495759	0.9919602583208004	0.9875175510614956	0.988020756494286	0.9921912325392261	0.9911506973253327	0.9915250214193522	0.9936199810093083	0.9898189288547535	0.9878809782756268	0.9858218005240948	1.0	0.9913445460378677	0.985559791578656	0.9858590604044026	0.9833044500102927	0.9884021157641047
0.990032581146483	0.9869887774459943	0.9877888509170859	0.9894740679116201	0.9832962619020887	0.9908079706269032	0.9843551659148949	0.984190226676107	0.9844646665701413	0.9904908949833808	0.9821433844585353	0.9940270338424384	0.98871435908308	0.9901247544327348	0.9899401496954938	0.9798708113990853	0.9885216642158444	0.9905363783402282	0.9905363783402282	0.9871402803068864	0.9859082544745468	0.9913445460378677	1.0	0.9848450670428279	0.985380962346358	0.9836343612352214	0.9867347118544233
0.9855799966570555	0.9880694987955695	0.9838930076012536	0.984601718033713	0.9860341735051118	0.9839080090019181	0.9821360134561855	0.9849309527055146	0.9841193246780292	0.986147775503066	0.983605142160579	0.9853182229883174	0.9841990716113552	0.9832956070806373	0.9857278287616206	0.985397428674196	0.9852630246748645	0.9845463953572323	0.9842112329861206	0.9852454923256497	0.9842475250060172	0.985559791578656	0.9848450670428279	1.0	0.9988861189209232	0.9821795488971422	0.9840268907324381
0.9860621153042707	0.987969307247231	0.9844575913496993	0.9849812621784515	0.9863567390708906	0.9843429941552543	0.9826808508376953	0.9849749287339907	0.9843883951385195	0.9862964375318946	0.9842194666076611	0.9853499661562044	0.9847167472480832	0.9835053291004656	0.9861757924567648	0.9857487325766319	0.9855362118564143	0.9845142907078455	0.9844427223443867	0.9854216384273132	0.9843465220885528	0.9858590604044026	0.985380962346358	0.9988861189209232	1.0	0.9826233423438621	0.9842941560442021
0.9827327515710065	0.9836878260027584	0.9848314180530109	0.9825540200284489	0.9825311841762059	0.9815230979964933	0.9802999074670777	0.9836750718233094	0.9826457587881684	0.9830238042860734	0.9816898974689087	0.9828629005935903	0.9819567012400757	0.9821795488971422	0.9830670093838513	0.9835822073678248	0.9830335590111455	0.9824626579164714	0.9817600307530434	0.9828230956758209	0.9812317069223553	0.9833044500102927	0.9836343612352214	0.9821795488971422	0.9826233423438621	1.0	0.9816884492980882
0.9873614552162178	0.9876871377930023	0.986677219448294	0.9864570437897667	0.9847112793507811	0.9856717879253271	0.9837440742369957	0.9887097050236889	0.9884183640379229	0.9889662615456819	0.9874529947181125	0.9874807166868502	0.9859192309422291	0.9855987805762014	0.9900207006122469	0.9884317167800842	0.9871292996715803	0.9894239248431987	0.9872771561232665	0.9863930772549064	0.9840652050652682	0.9884021157641047	0.9867347118544233	0.9840268907324381	0.9842941560442021	0.9816884492980882	1.0
