/home/jshaw/scratch/2022_sketched_distance/references/SGB_genome_fastas_part4/5769/BackhedF_2015__SID587_M__bin.13.fa	/home/jshaw/scratch/2022_sketched_distance/references/SGB_genome_fastas_part4/5769/Bengtsson-PalmeJ_2015__TRAVELRES13__bin.15.fa	/home/jshaw/scratch/2022_sketched_distance/references/SGB_genome_fastas_part4/5769/Bengtsson-PalmeJ_2015__TRAVELRES14__bin.52.fa	/home/jshaw/scratch/2022_sketched_distance/references/SGB_genome_fastas_part4/5769/CM_madagascar__A34_02_1FE__bin.7.fa	/home/jshaw/scratch/2022_sketched_distance/references/SGB_genome_fastas_part4/5769/CM_madagascar__A41_01_1FE__bin.16.fa	/home/jshaw/scratch/2022_sketched_distance/references/SGB_genome_fastas_part4/5769/CosteaPI_2017__SID713A004-11-0-0__bin.50.fa	/home/jshaw/scratch/2022_sketched_distance/references/SGB_genome_fastas_part4/5769/CosteaPI_2017__SID713B051-11-0-0__bin.11.fa	/home/jshaw/scratch/2022_sketched_distance/references/SGB_genome_fastas_part4/5769/CosteaPI_2017__SID713B051-11-90-0__bin.34.fa	/home/jshaw/scratch/2022_sketched_distance/references/SGB_genome_fastas_part4/5769/FengQ_2015__SID31071__bin.55.fa	/home/jshaw/scratch/2022_sketched_distance/references/SGB_genome_fastas_part4/5769/FengQ_2015__SID31275__bin.9.fa	/home/jshaw/scratch/2022_sketched_distance/references/SGB_genome_fastas_part4/5769/FengQ_2015__SID31300__bin.38.fa	/home/jshaw/scratch/2022_sketched_distance/references/SGB_genome_fastas_part4/5769/FengQ_2015__SID530451__bin.74.fa	/home/jshaw/scratch/2022_sketched_distance/references/SGB_genome_fastas_part4/5769/LeChatelierE_2013__MH0006__bin.72.fa	/home/jshaw/scratch/2022_sketched_distance/references/SGB_genome_fastas_part4/5769/LeChatelierE_2013__MH0102__bin.17.fa	/home/jshaw/scratch/2022_sketched_distance/references/SGB_genome_fastas_part4/5769/LiJ_2014__MH0368__bin.53.fa	/home/jshaw/scratch/2022_sketched_distance/references/SGB_genome_fastas_part4/5769/LiJ_2014__MH0397__bin.67.fa	/home/jshaw/scratch/2022_sketched_distance/references/SGB_genome_fastas_part4/5769/LiJ_2017__H2MX14928__bin.10.fa	/home/jshaw/scratch/2022_sketched_distance/references/SGB_genome_fastas_part4/5769/LiuW_2016__SRR3992993__bin.63.fa	/home/jshaw/scratch/2022_sketched_distance/references/SGB_genome_fastas_part4/5769/LiuW_2016__SRR3993000__bin.39.fa	/home/jshaw/scratch/2022_sketched_distance/references/SGB_genome_fastas_part4/5769/LiuW_2016__SRR3993008__bin.46.fa	/home/jshaw/scratch/2022_sketched_distance/references/SGB_genome_fastas_part4/5769/LiuW_2016__SRR3993014__bin.71.fa	/home/jshaw/scratch/2022_sketched_distance/references/SGB_genome_fastas_part4/5769/LiuW_2016__SRR3993041__bin.8.fa	/home/jshaw/scratch/2022_sketched_distance/references/SGB_genome_fastas_part4/5769/LiuW_2016__SRR3993051__bin.63.fa	/home/jshaw/scratch/2022_sketched_distance/references/SGB_genome_fastas_part4/5769/LiuW_2016__SRR3993055__bin.42.fa	/home/jshaw/scratch/2022_sketched_distance/references/SGB_genome_fastas_part4/5769/LiuW_2016__SRR3993056__bin.53.fa	/home/jshaw/scratch/2022_sketched_distance/references/SGB_genome_fastas_part4/5769/NielsenHB_2014__MH0006__bin.64.fa	/home/jshaw/scratch/2022_sketched_distance/references/SGB_genome_fastas_part4/5769/NielsenHB_2014__MH0102__bin.35.fa	/home/jshaw/scratch/2022_sketched_distance/references/SGB_genome_fastas_part4/5769/QinJ_2012__DLM010__bin.5.fa	/home/jshaw/scratch/2022_sketched_distance/references/SGB_genome_fastas_part4/5769/QinJ_2012__T2D-040__bin.3.fa	/home/jshaw/scratch/2022_sketched_distance/references/SGB_genome_fastas_part4/5769/SchirmerM_2016__G88798__bin.3.fa	/home/jshaw/scratch/2022_sketched_distance/references/SGB_genome_fastas_part4/5769/VogtmannE_2016__MMRS20257302ST-27-0-0__bin.48.fa	/home/jshaw/scratch/2022_sketched_distance/references/SGB_genome_fastas_part4/5769/WenC_2017__RA009__bin.40.fa	/home/jshaw/scratch/2022_sketched_distance/references/SGB_genome_fastas_part4/5769/XieH_2016__YSZC12003_37543__bin.35.fa	/home/jshaw/scratch/2022_sketched_distance/references/SGB_genome_fastas_part4/5769/ZeeviD_2015__PNP_Main_172__bin.22.fa	/home/jshaw/scratch/2022_sketched_distance/references/SGB_genome_fastas_part4/5769/ZeeviD_2015__PNP_Main_228__bin.15.fa	/home/jshaw/scratch/2022_sketched_distance/references/SGB_genome_fastas_part4/5769/ZeeviD_2015__PNP_Main_456__bin.28.fa
1.0	0.9686850103379362	0.9734857373390992	0.9573798432912219	0.96208838060368	0.9696774689672802	0.9718572708468735	0.9722505534009915	0.9662964394238004	0.9739796391657739	0.9721671032250215	0.9735615034607454	0.9726424230931994	0.9720711514510333	0.9596640200018308	0.9770790266110967	0.9630686506527643	0.9643120089096228	0.9716240392078334	0.9701261704239424	0.9670993165022094	0.968539974718449	0.9700460564067064	0.9720268361743983	0.9675831140715693	0.9732186536513842	0.9696793933272758	0.9640757594725383	0.9614764888888087	0.9731355911181074	0.9713720503558807	0.9623076976825146	0.9661965412196605	0.9622744034013158	0.9649770957321829	0.9727474060328041
0.9686850103379362	1.0	0.9923523462123768	0.9530614121956639	0.9556541158509455	0.965319970475199	0.9676156121976519	0.9675010118633617	0.961426599123384	0.9665267235757298	0.966753796401606	0.9664366581262311	0.9668585710626878	0.9687393411088431	0.9547478587605969	0.9682527837510962	0.9571693278685911	0.9633905044139538	0.9644339242694326	0.9640526443075733	0.9619223620236839	0.9649061396990657	0.9649693658406128	0.9668912495893346	0.9610634908951007	0.9662121763359038	0.9668752237680076	0.9589538250429439	0.9581432586640732	0.9687465220973216	0.9667091572311348	0.956228504152746	0.9602957654031694	0.9608460802183595	0.9609391875549651	0.9680750919931054
0.9734857373390992	0.9923523462123768	1.0	0.9582814734627612	0.961671238796707	0.9694230372263747	0.9714822015565225	0.9717467952438819	0.9687493352013092	0.9714914325468988	0.9713582775563986	0.9715090399142056	0.9704892361332956	0.9712982657820658	0.9604159092736013	0.9730556839510578	0.9626446404398524	0.9675406193080871	0.9699713970520187	0.9692664066371522	0.966558483770168	0.9683059170148709	0.969901569178002	0.970830765960937	0.966737330626144	0.971455689470718	0.9692889125640839	0.9639096983091054	0.9598278119490137	0.9723525314276786	0.9703002946875112	0.9617690472808671	0.9658125054905703	0.9617015072319302	0.9660939167001803	0.9719662939958523
0.9573798432912219	0.9530614121956639	0.9582814734627612	1.0	0.9641894343392469	0.9598866176587462	0.9586675265952523	0.9577510647542518	0.9551250004489018	0.9578067067170151	0.9590679744100022	0.9568966748913118	0.9570393792881259	0.9577667740176791	0.9651902580607123	0.9583542832513258	0.9640254351830816	0.95515527158819	0.9592358412289551	0.9618311006214162	0.9604396951874348	0.9603208908824471	0.9607160189917604	0.9610674279211513	0.9605233908979166	0.958663165364266	0.9555297221028777	0.9678205138757247	0.9640462792010126	0.9590997320030296	0.9577781427128172	0.9651224284279747	0.9595818213392154	0.9548086421756058	0.9592720081877607	0.9603082161604002
0.96208838060368	0.9556541158509455	0.961671238796707	0.9641894343392469	1.0	0.9624431117969552	0.9619917572513454	0.9621355162637363	0.9555597303497063	0.9619871213114097	0.9621387968181857	0.9615325827421186	0.9608838475096962	0.9598803088901982	0.9665564094775471	0.9616376953512179	0.9655144053609125	0.9559145375136456	0.9624067639141723	0.9650110680605011	0.9654654153630111	0.9613089003688103	0.963293149258095	0.963449415630493	0.9626674651047875	0.961884995653092	0.957025108036213	0.969138798589233	0.965951441067709	0.9612064773424331	0.9606701148553707	0.9677430618358507	0.9654568556716718	0.9578008398115241	0.9645970678826356	0.9616670901855027
0.9696774689672802	0.965319970475199	0.9694230372263747	0.9598866176587462	0.9624431117969552	1.0	0.9698585001512091	0.9700197941593802	0.9644022196202523	0.9715849389760248	0.9684264045614385	0.9684804621520818	0.9684779817888569	0.9699573706428167	0.9620849860510947	0.9705752078258787	0.9642331212949582	0.9637891116093331	0.9696382013594356	0.9680654149476637	0.9676223548458239	0.9658638369105463	0.9695379181650685	0.970899143515107	0.9663428424652052	0.9692036135154235	0.9677249127673074	0.9654278935535995	0.9619594524799624	0.9689545102463152	0.9693381504968569	0.9626752696394616	0.9657063288962626	0.9629105526072025	0.9663118191617743	0.9694712218667835
0.9718572708468735	0.9676156121976519	0.9714822015565225	0.9586675265952523	0.9619917572513454	0.9698585001512091	1.0	0.9976653399079984	0.9637418225027514	0.9722572168787709	0.9704479477487681	0.9708956327988663	0.9706938818140275	0.9709381287525338	0.9608328466894279	0.9722490955865302	0.9651971637215737	0.9637125625975695	0.9692522191005644	0.9699458358363511	0.9681156665970863	0.9685032984276135	0.9697330680366094	0.972391073636487	0.9674960434182253	0.9713896138450451	0.9690701728866209	0.963986246766937	0.9612909768256669	0.970979618074911	0.9802550786254267	0.9633457935265193	0.9671300346100747	0.9634272103428196	0.9671358711331849	0.974561906077706
0.9722505534009915	0.9675010118633617	0.9717467952438819	0.9577510647542518	0.9621355162637363	0.9700197941593802	0.9976653399079984	1.0	0.9638538689460235	0.9720348887434411	0.970335935996914	0.9706876684997637	0.9705502997718347	0.9704626840751387	0.9603168157394085	0.972007736573866	0.9649550393495887	0.9633785584242059	0.9694875393143285	0.9697256998252611	0.9673692002803879	0.967946934844714	0.9699765690250818	0.9727116120583947	0.9674320641283889	0.9713524313536422	0.9686545215116028	0.9639425510737238	0.9609137111948381	0.9714218159935692	0.9801221224656426	0.9629238127331677	0.9671136504947169	0.9638670360064532	0.9673575157914048	0.9740348567995998
0.9662964394238004	0.961426599123384	0.9687493352013092	0.9551250004489018	0.9555597303497063	0.9644022196202523	0.9637418225027514	0.9638538689460235	1.0	0.9667215716684006	0.9670222171697962	0.9661699768655181	0.9636988901012817	0.9642957371846488	0.9564594096254951	0.9654688198868367	0.9611783874061023	0.9677423080789225	0.963417032763485	0.9653162404730526	0.9616473441880712	0.9652947493765021	0.9669468175976523	0.967879848660815	0.9653944516435372	0.9647002378475413	0.9616757094523736	0.9574465854841236	0.9519060385497295	0.9676425260588675	0.965514560191425	0.9555926959808224	0.9598397134263147	0.9567639756962723	0.9605069817545342	0.9659752838414468
0.9739796391657739	0.9665267235757298	0.9714914325468988	0.9578067067170151	0.9619871213114097	0.9715849389760248	0.9722572168787709	0.9720348887434411	0.9667215716684006	1.0	0.9717440223912217	0.9715598129070698	0.9736055504028327	0.9720541516658949	0.9600646430010384	0.9759148421583768	0.9644053470190447	0.9663243760376348	0.9711706469474602	0.9710925949104149	0.969255037265724	0.9724297484675035	0.9716799132119042	0.9780812939639393	0.9689914851038471	0.9741475968914226	0.9703447441156634	0.9635854386365436	0.9613161981595484	0.9719602967857804	0.9732622119826566	0.9615861397734894	0.9654211151539774	0.9624885381190279	0.966766640353787	0.9801827982675726
0.9721671032250215	0.966753796401606	0.9713582775563986	0.9590679744100022	0.9621387968181857	0.9684264045614385	0.9704479477487681	0.970335935996914	0.9670222171697962	0.9717440223912217	1.0	0.9713554760389764	0.9705271197871521	0.9702216468743833	0.9594729775137818	0.9711641548629767	0.9637412048198581	0.9645080665574969	0.9692538628794644	0.9699765690250818	0.9670683485149262	0.9703487060546268	0.9702916778225087	0.9723726811102597	0.9682654996412254	0.9710784655151804	0.9684759217354535	0.9632958098185203	0.9596940574229594	0.9720127638980276	0.9706779640604356	0.9624667738860735	0.9658424443731773	0.96159798486254	0.9660231109057914	0.9731879563642658
0.9735615034607454	0.9664366581262311	0.9715090399142056	0.9568966748913118	0.9615325827421186	0.9684804621520818	0.9708956327988663	0.9706876684997637	0.9661699768655181	0.9715598129070698	0.9713554760389764	1.0	0.9719140777460281	0.9724655372259909	0.9593958660554774	0.9728474082127108	0.9626926000269183	0.9638543939792266	0.9702043363813107	0.9700448580489938	0.9670048002223024	0.9694292859648637	0.9697334964766248	0.9714832719547518	0.9672327228117662	0.9721070094638801	0.970064250115926	0.9639197029139608	0.9606277995289618	0.9715270621401828	0.971224787461539	0.9626478030810257	0.9649946821050739	0.9620366635748524	0.9654798853157212	0.9721649885262739
0.9726424230931994	0.9668585710626878	0.9704892361332956	0.9570393792881259	0.9608838475096962	0.9684779817888569	0.9706938818140275	0.9705502997718347	0.9636988901012817	0.9736055504028327	0.9705271197871521	0.9719140777460281	1.0	0.9709768771042535	0.9602242139222026	0.9739566019239939	0.962117706354243	0.9626528862545336	0.9682289242279036	0.9681436502234948	0.965509732410142	0.9686528510996455	0.96982045635936	0.9725268973801585	0.9655786049698948	0.9989800718509474	0.9693379393347504	0.9629853384932192	0.9607787990683662	0.9706806113555779	0.9701651249932083	0.960722614987439	0.965340777342651	0.9638285512084888	0.9652733018056132	0.9733864815595967
0.9720711514510333	0.9687393411088431	0.9712982657820658	0.9577667740176791	0.9598803088901982	0.9699573706428167	0.9709381287525338	0.9704626840751387	0.9642957371846488	0.9720541516658949	0.9702216468743833	0.9724655372259909	0.9709768771042535	1.0	0.9594432351558004	0.971949783101913	0.9615791173875625	0.9640178676016705	0.9681564004547718	0.9695944871992247	0.9660564938459769	0.9696634227456825	0.969821749217592	0.9711546542083653	0.9675560375278668	0.9712311422889173	0.9967834489629567	0.9619571010075187	0.9592227308435187	0.972137688882557	0.9717595236806185	0.9600171862894834	0.9651669945126624	0.9614448150732997	0.9653593703533118	0.9708670799643844
0.9596640200018308	0.9547478587605969	0.9604159092736013	0.9651902580607123	0.9665564094775471	0.9620849860510947	0.9608328466894279	0.9603168157394085	0.9564594096254951	0.9600646430010384	0.9594729775137818	0.9593958660554774	0.9602242139222026	0.9594432351558004	1.0	0.9595126968350792	0.9659211306572753	0.9553099623970601	0.9613355903121616	0.9640210671067364	0.9630283872498631	0.9608222177288399	0.9618901862103174	0.9617869382477484	0.9615024759567548	0.9612116601131632	0.9569691062137666	0.9723593060567955	0.9689941797252929	0.960241175761864	0.9594797721519663	0.9712688219622271	0.9623614431922063	0.9559137018698833	0.9627193666630679	0.9607914685288388
0.9770790266110967	0.9682527837510962	0.9730556839510578	0.9583542832513258	0.9616376953512179	0.9705752078258787	0.9722490955865302	0.972007736573866	0.9654688198868367	0.9759148421583768	0.9711641548629767	0.9728474082127108	0.9739566019239939	0.971949783101913	0.9595126968350792	1.0	0.9627673432772484	0.9651390020838386	0.9724808140876664	0.9706345618872794	0.9680476768016254	0.9699717310390208	0.9698643518986686	0.9724788270411141	0.9678161758886835	0.974328802281132	0.970477593485013	0.9636112351878502	0.9606909296065826	0.9733014579976359	0.9730861572245513	0.9632499665007844	0.9656046859920767	0.9620102957747226	0.9654746030459597	0.9749509111926522
0.9630686506527643	0.9571693278685911	0.9626446404398524	0.9640254351830816	0.9655144053609125	0.9642331212949582	0.9651971637215737	0.9649550393495887	0.9611783874061023	0.9644053470190447	0.9637412048198581	0.9626926000269183	0.962117706354243	0.9615791173875625	0.9659211306572753	0.9627673432772484	1.0	0.9636567312442262	0.9644891400435133	0.970184042382721	0.9679991548705377	0.9653677221683034	0.9663739192711658	0.9662325510232789	0.9694601053322289	0.9629992711246722	0.9587315556388967	0.9686834070602136	0.9644413014141506	0.9635696307496479	0.962521873383582	0.9661669013208805	0.9649933976735581	0.9606038451825217	0.9714968539123403	0.9642143901894579
0.9643120089096228	0.9633905044139538	0.9675406193080871	0.95515527158819	0.9559145375136456	0.9637891116093331	0.9637125625975695	0.9633785584242059	0.9677423080789225	0.9663243760376348	0.9645080665574969	0.9638543939792266	0.9626528862545336	0.9640178676016705	0.9553099623970601	0.9651390020838386	0.9636567312442262	1.0	0.9636114038608883	0.9654506454623766	0.962010483118135	0.9662974890717325	0.9667031461761475	0.9679089604579308	0.9655967977941452	0.9635081175343247	0.9610170018015075	0.9574066719050818	0.9538295989883773	0.9646484606542767	0.9642465668267058	0.9554193951701034	0.9592245223460664	0.9563335442415207	0.959733405635007	0.9648161993893994
0.9716240392078334	0.9644339242694326	0.9699713970520187	0.9592358412289551	0.9624067639141723	0.9696382013594356	0.9692522191005644	0.9694875393143285	0.963417032763485	0.9711706469474602	0.9692538628794644	0.9702043363813107	0.9682289242279036	0.9681564004547718	0.9613355903121616	0.9724808140876664	0.9644891400435133	0.9636114038608883	1.0	0.9714595698350408	0.968100784681239	0.9689176745600747	0.9688251375627102	0.9714559473550701	0.9687473183400797	0.9690453432061686	0.9660643339153235	0.9648041826998228	0.9609208939853561	0.9682345613618053	0.9682429068645705	0.9631011323699555	0.9676429227858603	0.9648246768815584	0.9671255191450664	0.9698871115261085
0.9701261704239424	0.9640526443075733	0.9692664066371522	0.9618311006214162	0.9650110680605011	0.9680654149476637	0.9699458358363511	0.9697256998252611	0.9653162404730526	0.9710925949104149	0.9699765690250818	0.9700448580489938	0.9681436502234948	0.9695944871992247	0.9640210671067364	0.9706345618872794	0.970184042382721	0.9654506454623766	0.9714595698350408	1.0	0.9700938785181935	0.9710801828551381	0.9723444663437338	0.9728122218937766	0.9955483808125842	0.9689753280596942	0.9666332051325742	0.9667812491772941	0.9635458140889033	0.9703717421185376	0.9670633375739193	0.9643355456918458	0.9681504681238688	0.9646208072477639	0.9721627941493954	0.9718667199011312
0.9670993165022094	0.9619223620236839	0.966558483770168	0.9604396951874348	0.9654654153630111	0.9676223548458239	0.9681156665970863	0.9673692002803879	0.9616473441880712	0.969255037265724	0.9670683485149262	0.9670048002223024	0.965509732410142	0.9660564938459769	0.9630283872498631	0.9680476768016254	0.9679991548705377	0.962010483118135	0.968100784681239	0.9700938785181935	1.0	0.966507504935839	0.9683089042548065	0.9690841478015887	0.968145454494749	0.9664018662532473	0.9638193648897868	0.9658313585277891	0.9624491186527313	0.968253533669254	0.9662919646566109	0.9649818402511022	0.9692832873134902	0.9624291611632602	0.9694864298706969	0.9687764349311397
0.968539974718449	0.9649061396990657	0.9683059170148709	0.9603208908824471	0.9613089003688103	0.9658638369105463	0.9685032984276135	0.967946934844714	0.9652947493765021	0.9724297484675035	0.9703487060546268	0.9694292859648637	0.9686528510996455	0.9696634227456825	0.9608222177288399	0.9699717310390208	0.9653677221683034	0.9662974890717325	0.9689176745600747	0.9710801828551381	0.966507504935839	1.0	0.9734163625461779	0.9758406488559479	0.969961401928002	0.9694223043961195	0.9669382730544619	0.9637509180207503	0.960442629614368	0.9689034603251724	0.9699359221001693	0.9623193257659771	0.9642815955071915	0.9612239652855079	0.9658142366979713	0.9768483426513832
0.9700460564067064	0.9649693658406128	0.969901569178002	0.9607160189917604	0.963293149258095	0.9695379181650685	0.9697330680366094	0.9699765690250818	0.9669468175976523	0.9716799132119042	0.9702916778225087	0.9697334964766248	0.96982045635936	0.969821749217592	0.9618901862103174	0.9698643518986686	0.9663739192711658	0.9667031461761475	0.9688251375627102	0.9723444663437338	0.9683089042548065	0.9734163625461779	1.0	0.9746724505839809	0.9710150417061957	0.9705998126376069	0.9671081986191823	0.964601371933096	0.9603633954733174	0.9703380617868236	0.970230900700029	0.9621975410148544	0.9668708122011492	0.9622497963935075	0.9668167382934715	0.9731153648645403
0.9720268361743983	0.9668912495893346	0.970830765960937	0.9610674279211513	0.963449415630493	0.970899143515107	0.972391073636487	0.9727116120583947	0.967879848660815	0.9780812939639393	0.9723726811102597	0.9714832719547518	0.9725268973801585	0.9711546542083653	0.9617869382477484	0.9724788270411141	0.9662325510232789	0.9679089604579308	0.9714559473550701	0.9728122218937766	0.9690841478015887	0.9758406488559479	0.9746724505839809	1.0	0.9711494480664662	0.9732097570478352	0.9685559431312982	0.9651293615155837	0.9608914960789915	0.9726629874887655	0.9720685320247298	0.9629466025963669	0.9669199620625173	0.9641744519973455	0.9682241342578307	0.9802094264776565
0.9675831140715693	0.9610634908951007	0.966737330626144	0.9605233908979166	0.9626674651047875	0.9663428424652052	0.9674960434182253	0.9674320641283889	0.9653944516435372	0.9689914851038471	0.9682654996412254	0.9672327228117662	0.9655786049698948	0.9675560375278668	0.9615024759567548	0.9678161758886835	0.9694601053322289	0.9655967977941452	0.9687473183400797	0.9955483808125842	0.968145454494749	0.969961401928002	0.9710150417061957	0.9711494480664662	1.0	0.9664384042255114	0.9639958318839034	0.9642728217455104	0.9614145844916845	0.9678099709233269	0.9651332735630784	0.9623928068694904	0.9656069464626438	0.961481715665446	0.9698624441371605	0.9691143557126675
0.9732186536513842	0.9662121763359038	0.971455689470718	0.958663165364266	0.961884995653092	0.9692036135154235	0.9713896138450451	0.9713524313536422	0.9647002378475413	0.9741475968914226	0.9710784655151804	0.9721070094638801	0.9989800718509474	0.9712311422889173	0.9612116601131632	0.974328802281132	0.9629992711246722	0.9635081175343247	0.9690453432061686	0.9689753280596942	0.9664018662532473	0.9694223043961195	0.9705998126376069	0.9732097570478352	0.9664384042255114	1.0	0.9697836166042693	0.9635197985369005	0.9607679584429816	0.9716463198746141	0.9707294738664161	0.9618098762671274	0.9665512640549331	0.9640564990533521	0.9661231587978251	0.9742521877825281
0.9696793933272758	0.9668752237680076	0.9692889125640839	0.9555297221028777	0.957025108036213	0.9677249127673074	0.9690701728866209	0.9686545215116028	0.9616757094523736	0.9703447441156634	0.9684759217354535	0.970064250115926	0.9693379393347504	0.9967834489629567	0.9569691062137666	0.970477593485013	0.9587315556388967	0.9610170018015075	0.9660643339153235	0.9666332051325742	0.9638193648897868	0.9669382730544619	0.9671081986191823	0.9685559431312982	0.9639958318839034	0.9697836166042693	1.0	0.9589999618725141	0.9569236611739271	0.9701718017219234	0.9703152253420534	0.9574354919224599	0.9624037612828648	0.9594973468664273	0.9622075464088156	0.9691292533768163
0.9640757594725383	0.9589538250429439	0.9639096983091054	0.9678205138757247	0.969138798589233	0.9654278935535995	0.963986246766937	0.9639425510737238	0.9574465854841236	0.9635854386365436	0.9632958098185203	0.9639197029139608	0.9629853384932192	0.9619571010075187	0.9723593060567955	0.9636112351878502	0.9686834070602136	0.9574066719050818	0.9648041826998228	0.9667812491772941	0.9658313585277891	0.9637509180207503	0.964601371933096	0.9651293615155837	0.9642728217455104	0.9635197985369005	0.9589999618725141	1.0	0.9722965122627166	0.9628680763171608	0.9626745902198142	0.9734596338861057	0.9656197693497754	0.9609988772966309	0.9656532157525929	0.9638380807214921
0.9614764888888087	0.9581432586640732	0.9598278119490137	0.9640462792010126	0.965951441067709	0.9619594524799624	0.9612909768256669	0.9609137111948381	0.9519060385497295	0.9613161981595484	0.9596940574229594	0.9606277995289618	0.9607787990683662	0.9592227308435187	0.9689941797252929	0.9606909296065826	0.9644413014141506	0.9538295989883773	0.9609208939853561	0.9635458140889033	0.9624491186527313	0.960442629614368	0.9603633954733174	0.9608914960789915	0.9614145844916845	0.9607679584429816	0.9569236611739271	0.9722965122627166	1.0	0.9587971719117472	0.958444798749537	0.974085188410449	0.9615179533687321	0.9595448516936879	0.9618067585386663	0.9607092432213654
0.9731355911181074	0.9687465220973216	0.9723525314276786	0.9590997320030296	0.9612064773424331	0.9689545102463152	0.970979618074911	0.9714218159935692	0.9676425260588675	0.9719602967857804	0.9720127638980276	0.9715270621401828	0.9706806113555779	0.972137688882557	0.960241175761864	0.9733014579976359	0.9635696307496479	0.9646484606542767	0.9682345613618053	0.9703717421185376	0.968253533669254	0.9689034603251724	0.9703380617868236	0.9726629874887655	0.9678099709233269	0.9716463198746141	0.9701718017219234	0.9628680763171608	0.9587971719117472	1.0	0.971299419609842	0.96141144157018	0.9652778825367025	0.9634835632102842	0.9652475420990161	0.9722695470267494
0.9713720503558807	0.9667091572311348	0.9703002946875112	0.9577781427128172	0.9606701148553707	0.9693381504968569	0.9802550786254267	0.9801221224656426	0.965514560191425	0.9732622119826566	0.9706779640604356	0.971224787461539	0.9701651249932083	0.9717595236806185	0.9594797721519663	0.9730861572245513	0.962521873383582	0.9642465668267058	0.9682429068645705	0.9670633375739193	0.9662919646566109	0.9699359221001693	0.970230900700029	0.9720685320247298	0.9651332735630784	0.9707294738664161	0.9703152253420534	0.9626745902198142	0.958444798749537	0.971299419609842	1.0	0.9612139953408404	0.9653607366854925	0.9620721336179178	0.9654674943522331	0.9738289196621605
0.9623076976825146	0.956228504152746	0.9617690472808671	0.9651224284279747	0.9677430618358507	0.9626752696394616	0.9633457935265193	0.9629238127331677	0.9555926959808224	0.9615861397734894	0.9624667738860735	0.9626478030810257	0.960722614987439	0.9600171862894834	0.9712688219622271	0.9632499665007844	0.9661669013208805	0.9554193951701034	0.9631011323699555	0.9643355456918458	0.9649818402511022	0.9623193257659771	0.9621975410148544	0.9629466025963669	0.9623928068694904	0.9618098762671274	0.9574354919224599	0.9734596338861057	0.974085188410449	0.96141144157018	0.9612139953408404	1.0	0.9638007587903894	0.9580740751993173	0.963600363568618	0.9628388118488703
0.9661965412196605	0.9602957654031694	0.9658125054905703	0.9595818213392154	0.9654568556716718	0.9657063288962626	0.9671300346100747	0.9671136504947169	0.9598397134263147	0.9654211151539774	0.9658424443731773	0.9649946821050739	0.965340777342651	0.9651669945126624	0.9623614431922063	0.9656046859920767	0.9649933976735581	0.9592245223460664	0.9676429227858603	0.9681504681238688	0.9692832873134902	0.9642815955071915	0.9668708122011492	0.9669199620625173	0.9656069464626438	0.9665512640549331	0.9624037612828648	0.9656197693497754	0.9615179533687321	0.9652778825367025	0.9653607366854925	0.9638007587903894	1.0	0.9637178649101943	0.9693579084599439	0.9679206332140214
0.9622744034013158	0.9608460802183595	0.9617015072319302	0.9548086421756058	0.9578008398115241	0.9629105526072025	0.9634272103428196	0.9638670360064532	0.9567639756962723	0.9624885381190279	0.96159798486254	0.9620366635748524	0.9638285512084888	0.9614448150732997	0.9559137018698833	0.9620102957747226	0.9606038451825217	0.9563335442415207	0.9648246768815584	0.9646208072477639	0.9624291611632602	0.9612239652855079	0.9622497963935075	0.9641744519973455	0.961481715665446	0.9640564990533521	0.9594973468664273	0.9609988772966309	0.9595448516936879	0.9634835632102842	0.9620721336179178	0.9580740751993173	0.9637178649101943	1.0	0.9665208913341501	0.9625453164730177
0.9649770957321829	0.9609391875549651	0.9660939167001803	0.9592720081877607	0.9645970678826356	0.9663118191617743	0.9671358711331849	0.9673575157914048	0.9605069817545342	0.966766640353787	0.9660231109057914	0.9654798853157212	0.9652733018056132	0.9653593703533118	0.9627193666630679	0.9654746030459597	0.9714968539123403	0.959733405635007	0.9671255191450664	0.9721627941493954	0.9694864298706969	0.9658142366979713	0.9668167382934715	0.9682241342578307	0.9698624441371605	0.9661231587978251	0.9622075464088156	0.9656532157525929	0.9618067585386663	0.9652475420990161	0.9654674943522331	0.963600363568618	0.9693579084599439	0.9665208913341501	1.0	0.9664883697207886
0.9727474060328041	0.9680750919931054	0.9719662939958523	0.9603082161604002	0.9616670901855027	0.9694712218667835	0.974561906077706	0.9740348567995998	0.9659752838414468	0.9801827982675726	0.9731879563642658	0.9721649885262739	0.9733864815595967	0.9708670799643844	0.9607914685288388	0.9749509111926522	0.9642143901894579	0.9648161993893994	0.9698871115261085	0.9718667199011312	0.9687764349311397	0.9768483426513832	0.9731153648645403	0.9802094264776565	0.9691143557126675	0.9742521877825281	0.9691292533768163	0.9638380807214921	0.9607092432213654	0.9722695470267494	0.9738289196621605	0.9628388118488703	0.9679206332140214	0.9625453164730177	0.9664883697207886	1.0
