/home/jshaw/scratch/2022_sketched_distance/references/SGB_genome_fastas_part5/15102/BackhedF_2015__SID238_M__bin.45.fa	/home/jshaw/scratch/2022_sketched_distance/references/SGB_genome_fastas_part5/15102/BackhedF_2015__SID566_M__bin.19.fa	/home/jshaw/scratch/2022_sketched_distance/references/SGB_genome_fastas_part5/15102/CosteaPI_2017__SID713A076-11-90-0__bin.44.fa	/home/jshaw/scratch/2022_sketched_distance/references/SGB_genome_fastas_part5/15102/CosteaPI_2017__SID713B051-11-0-0__bin.65.fa	/home/jshaw/scratch/2022_sketched_distance/references/SGB_genome_fastas_part5/15102/FengQ_2015__SID532779__bin.35.fa	/home/jshaw/scratch/2022_sketched_distance/references/SGB_genome_fastas_part5/15102/HMP_2012__SRS014235__bin.74.fa	/home/jshaw/scratch/2022_sketched_distance/references/SGB_genome_fastas_part5/15102/HMP_2012__SRS019685__bin.8.fa	/home/jshaw/scratch/2022_sketched_distance/references/SGB_genome_fastas_part5/15102/LeChatelierE_2013__MH0189__bin.54.fa	/home/jshaw/scratch/2022_sketched_distance/references/SGB_genome_fastas_part5/15102/LiuW_2016__SRR3992958__bin.51.fa	/home/jshaw/scratch/2022_sketched_distance/references/SGB_genome_fastas_part5/15102/LiuW_2016__SRR3992961__bin.10.fa	/home/jshaw/scratch/2022_sketched_distance/references/SGB_genome_fastas_part5/15102/LiuW_2016__SRR3992966__bin.49.fa	/home/jshaw/scratch/2022_sketched_distance/references/SGB_genome_fastas_part5/15102/LiuW_2016__SRR3992969__bin.43.fa	/home/jshaw/scratch/2022_sketched_distance/references/SGB_genome_fastas_part5/15102/LiuW_2016__SRR3992978__bin.41.fa	/home/jshaw/scratch/2022_sketched_distance/references/SGB_genome_fastas_part5/15102/LiuW_2016__SRR3992981__bin.72.fa	/home/jshaw/scratch/2022_sketched_distance/references/SGB_genome_fastas_part5/15102/LiuW_2016__SRR3993013__bin.11.fa	/home/jshaw/scratch/2022_sketched_distance/references/SGB_genome_fastas_part5/15102/LiuW_2016__SRR3993043__bin.26.fa	/home/jshaw/scratch/2022_sketched_distance/references/SGB_genome_fastas_part5/15102/LiuW_2016__SRR3993051__bin.40.fa	/home/jshaw/scratch/2022_sketched_distance/references/SGB_genome_fastas_part5/15102/LiuW_2016__SRR3993057__bin.12.fa	/home/jshaw/scratch/2022_sketched_distance/references/SGB_genome_fastas_part5/15102/LoombaR_2017__SID5564_meq__bin.19.fa	/home/jshaw/scratch/2022_sketched_distance/references/SGB_genome_fastas_part5/15102/NielsenHB_2014__O2_UC50_0__bin.60.fa	/home/jshaw/scratch/2022_sketched_distance/references/SGB_genome_fastas_part5/15102/NielsenHB_2014__O2_UC52_0__bin.36.fa	/home/jshaw/scratch/2022_sketched_distance/references/SGB_genome_fastas_part5/15102/NielsenHB_2014__O2_UC52_2__bin.45.fa	/home/jshaw/scratch/2022_sketched_distance/references/SGB_genome_fastas_part5/15102/Obregon-TitoAJ_2015__HCO70__bin.5.fa	/home/jshaw/scratch/2022_sketched_distance/references/SGB_genome_fastas_part5/15102/SchirmerM_2016__G89164__bin.14.fa	/home/jshaw/scratch/2022_sketched_distance/references/SGB_genome_fastas_part5/15102/VincentC_2016__MM065__bin.17.fa	/home/jshaw/scratch/2022_sketched_distance/references/SGB_genome_fastas_part5/15102/VogtmannE_2016__MMRS34569532ST-27-0-0__bin.28.fa	/home/jshaw/scratch/2022_sketched_distance/references/SGB_genome_fastas_part5/15102/VogtmannE_2016__MMRS84159866ST-27-0-0__bin.60.fa	/home/jshaw/scratch/2022_sketched_distance/references/SGB_genome_fastas_part5/15102/VogtmannE_2016__MMRS93508324ST-27-0-0__bin.50.fa	/home/jshaw/scratch/2022_sketched_distance/references/SGB_genome_fastas_part5/15102/XieH_2016__YSZC12003_37208R1__bin.34.fa	/home/jshaw/scratch/2022_sketched_distance/references/SGB_genome_fastas_part5/15102/XieH_2016__YSZC12003_37315__bin.44.fa	/home/jshaw/scratch/2022_sketched_distance/references/SGB_genome_fastas_part5/15102/ZeeviD_2015__PNP_Main_72__bin.59.fa
1.0	0.9778885363354327	0.9763195914145516	0.9767285056300441	0.9771498114804389	0.9785589385527592	0.9731277687047819	0.9746724505839809	0.9765428346196867	0.9775187920362075	0.9769237897572295	0.9783388752243583	0.9741999524846792	0.9754517672211623	0.9772645504936361	0.9736549291023884	0.9756811430962362	0.968709609874544	0.9769076044479351	0.971424410616116	0.9761066378760743	0.9741730913329253	0.9697754295311164	0.9770771495059197	0.9768267341694096	0.9773402741288066	0.9783961018751991	0.9785184897341108	0.9774246565597963	0.9775379680336258	0.9745940930947138
0.9778885363354327	1.0	0.9782469336585239	0.9784104639532387	0.9760265629134963	0.9788692783015142	0.9729977661950286	0.9766141416156644	0.977244224286857	0.9788104058789913	0.978183241022141	0.9801972855935849	0.9750375949245202	0.9755679285179681	0.9787410349295116	0.9735015732919584	0.9769330275293698	0.9689196048415895	0.9778454138461941	0.9736538647945306	0.9777524433373541	0.9754377129877676	0.9722338322404364	0.9774467563656258	0.9918716636233105	0.9779697062771774	0.9789199784498704	0.9768311047084876	0.9794960356918735	0.9780746595501408	0.9758055699039726
0.9763195914145516	0.9782469336585239	1.0	0.9811789060850163	0.9785492959584414	0.9801507964525564	0.9715603694590542	0.9772276171962483	0.9804662709263613	0.9821156219941829	0.9800762991714991	0.9819719995643663	0.9769198801645863	0.9787105196115722	0.981169721112142	0.9782002519724579	0.9805187881731339	0.9731656105215282	0.9805418912572179	0.9745449189143928	0.9786308139240885	0.973943001104006	0.9721873154087836	0.9787000693698092	0.9810610000511332	0.9806772162355756	0.9797897113157129	0.978241552437425	0.9829368398543007	0.9807395031191235	0.9778768206054815
0.9767285056300441	0.9784104639532387	0.9811789060850163	1.0	0.9787626870422955	0.980615369316013	0.9723840439229003	0.9777098281575686	0.9803562211176993	0.9804235052687867	0.9809403192579063	0.9823561732021053	0.9781116600692751	0.9791620013315433	0.9812635594227277	0.9783131947018028	0.9796556223442359	0.9718764437759045	0.9812216784729939	0.9737532063263812	0.9783371768438184	0.9742733157613527	0.9730177271480859	0.979295557665468	0.9811202295650635	0.9816191854586962	0.9813225226401072	0.9793397264702177	0.9816477598658447	0.981154653181437	0.9788024117767536
0.9771498114804389	0.9760265629134963	0.9785492959584414	0.9787626870422955	1.0	0.97902086874641	0.9702390698100917	0.9752405264325827	0.9796838027707024	0.9803045674363636	0.9793146398720135	0.9794553305279108	0.9755273341745357	0.9774238122547834	0.979242894413796	0.9746510758380037	0.9763295550808596	0.9710320943899474	0.9795996801903086	0.9715603138777529	0.9758980792759844	0.9717688563316874	0.9696011850354829	0.9774050329047841	0.9793561189069832	0.9789062304661578	0.9790502813851294	0.9794227484258411	0.9797795894189116	0.9799606470338446	0.9769699574894105
0.9785589385527592	0.9788692783015142	0.9801507964525564	0.980615369316013	0.97902086874641	1.0	0.9881412701600839	0.9781237990654985	0.9804908894781517	0.9800486684247021	0.9806371477024924	0.9818140347102782	0.9755910945280656	0.9785021190256535	0.980698640999843	0.9773875816578818	0.9796684069888196	0.9722522135642966	0.9807158964535356	0.9739455009095838	0.9782713988704539	0.9741336241862621	0.9718659919508522	0.9791549324782594	0.9802535496840479	0.9811447687680415	0.9816360202081758	0.9805133453545373	0.9815696857295513	0.9813683551084823	0.9774476093983074
0.9731277687047819	0.9729977661950286	0.9715603694590542	0.9723840439229003	0.9702390698100917	0.9881412701600839	1.0	0.9721831711441418	0.9724144041175066	0.9720225934708216	0.9720866096685217	0.9731764465337288	0.9686416908141593	0.970156929325273	0.9716116862335795	0.9706955701179049	0.9716239810130705	0.9657944214650211	0.9725773100819415	0.9710335597508378	0.9724933002575483	0.9705006031603155	0.9673678492940073	0.9722949472243959	0.9712069982288789	0.9727384026428059	0.9725976815373426	0.9731468541861725	0.9732424616702307	0.9729752433541224	0.9710779935611773
0.9746724505839809	0.9766141416156644	0.9772276171962483	0.9777098281575686	0.9752405264325827	0.9781237990654985	0.9721831711441418	1.0	0.9777502926004642	0.9787150214319619	0.9779419401958922	0.9779225964512285	0.9735436413473895	0.9762825759571779	0.977279665076264	0.9754554908082163	0.9766511942475373	0.9703106435639233	0.9782854119114992	0.9725852563979901	0.9771973271291066	0.9753119062695652	0.9701615564182129	0.9768531566797577	0.9772373452592488	0.9781698769641094	0.9783443204462564	0.9761155049876153	0.9789439100103069	0.978047122985314	0.9751597673693255
0.9765428346196867	0.977244224286857	0.9804662709263613	0.9803562211176993	0.9796838027707024	0.9804908894781517	0.9724144041175066	0.9777502926004642	1.0	0.9818126249861596	0.993013285883691	0.9811809280026155	0.9829255770997627	0.9811701016563295	0.9807120315442199	0.9774449617021523	0.9795427590554848	0.9761508501556548	0.9800967716360859	0.9746697452713747	0.9780812131637051	0.9731920839407109	0.9704458598614273	0.9781124436114571	0.9803196852110846	0.9801196705557709	0.9799514311434222	0.9788358400560289	0.9816000521289903	0.9796523935471304	0.9774592852357239
0.9775187920362075	0.9788104058789913	0.9821156219941829	0.9804235052687867	0.9803045674363636	0.9800486684247021	0.9720225934708216	0.9787150214319619	0.9818126249861596	1.0	0.9813381844917791	0.9828932622345387	0.9791470703886068	0.9807380213929587	0.9825400267147252	0.978002711751407	0.9796253130763772	0.9739097002335318	0.9808410223558587	0.9750343662929333	0.978946704651148	0.9744084258867759	0.9721829381619423	0.9791481018105479	0.9820169055201429	0.980510263632667	0.9799239319192936	0.9786727515892101	0.9829828829957661	0.9801166519518669	0.9794910943209877
0.9769237897572295	0.978183241022141	0.9800762991714991	0.9809403192579063	0.9793146398720135	0.9806371477024924	0.9720866096685217	0.9779419401958922	0.993013285883691	0.9813381844917791	1.0	0.9813469510014708	0.9821155062250578	0.9818762850334055	0.9802260616968339	0.9775270247269132	0.9794834957394313	0.975556292449986	0.9809125609613559	0.9738041585400652	0.9787446275286535	0.973815737531768	0.9710364210168245	0.9787251819608183	0.9808580967974121	0.9805464682506653	0.9805683817031596	0.9789415287008393	0.981299664063816	0.9797010994751548	0.9777597027452132
0.9783388752243583	0.9801972855935849	0.9819719995643663	0.9823561732021053	0.9794553305279108	0.9818140347102782	0.9731764465337288	0.9779225964512285	0.9811809280026155	0.9828932622345387	0.9813469510014708	1.0	0.9782474774140308	0.9801050808913873	0.9963879310729145	0.9795754642655996	0.980719731045687	0.9732480994329282	0.9816938930743002	0.9751643758978865	0.9795528909882076	0.9745154239229807	0.9740308673833741	0.9804398417584572	0.9832861556602921	0.9813326630194045	0.9812986987461352	0.9794386084142243	0.9839026732333951	0.9810869140965638	0.9791615940846626
0.9741999524846792	0.9750375949245202	0.9769198801645863	0.9781116600692751	0.9755273341745357	0.9755910945280656	0.9686416908141593	0.9735436413473895	0.9829255770997627	0.9791470703886068	0.9821155062250578	0.9782474774140308	1.0	0.9794500392298575	0.97853508037207	0.9749135964370449	0.9761562003096778	0.9717606352272228	0.9759835427419756	0.9713886067260032	0.9736744915103374	0.9696501613145387	0.9683877818887159	0.9756625366135441	0.9779382535929723	0.9771135101765385	0.9765760310806592	0.9749958352739594	0.9771965480546813	0.9759690107364078	0.9744499273441395
0.9754517672211623	0.9755679285179681	0.9787105196115722	0.9791620013315433	0.9774238122547834	0.9785021190256535	0.970156929325273	0.9762825759571779	0.9811701016563295	0.9807380213929587	0.9818762850334055	0.9801050808913873	0.9794500392298575	1.0	0.9792449343693338	0.975844660078125	0.9777376672357678	0.9740308673833741	0.9793426576495051	0.9701997761442436	0.975741791237488	0.9714150396842932	0.9714507559489436	0.9778218711829585	0.9786379863145084	0.9793116364081146	0.9790110628623878	0.9769021510089653	0.9792554629401274	0.9781223091670266	0.9767887113319483
0.9772645504936361	0.9787410349295116	0.981169721112142	0.9812635594227277	0.979242894413796	0.980698640999843	0.9716116862335795	0.977279665076264	0.9807120315442199	0.9825400267147252	0.9802260616968339	0.9963879310729145	0.97853508037207	0.9792449343693338	1.0	0.9790558394965094	0.9795123887484677	0.9730509177150136	0.9806165398033982	0.9746318268630124	0.9783298289636327	0.972980294546229	0.972734144384044	0.9790347672057804	0.9822072643876697	0.9805965668093805	0.9802012929290296	0.9779893773949887	0.9821041915751373	0.980001371305055	0.978218907100241
0.9736549291023884	0.9735015732919584	0.9782002519724579	0.9783131947018028	0.9746510758380037	0.9773875816578818	0.9706955701179049	0.9754554908082163	0.9774449617021523	0.978002711751407	0.9775270247269132	0.9795754642655996	0.9749135964370449	0.975844660078125	0.9790558394965094	1.0	0.9872044522595235	0.9712276037568599	0.9772147525595081	0.9721783274234848	0.9751486692467423	0.9714283644070812	0.9685381410085292	0.9763800927495139	0.9774479167078433	0.9777255835200157	0.9770346461675301	0.9742295175103574	0.9777667705753782	0.9771175357160047	0.9751845274443877
0.9756811430962362	0.9769330275293698	0.9805187881731339	0.9796556223442359	0.9763295550808596	0.9796684069888196	0.9716239810130705	0.9766511942475373	0.9795427590554848	0.9796253130763772	0.9794834957394313	0.980719731045687	0.9761562003096778	0.9777376672357678	0.9795123887484677	0.9872044522595235	1.0	0.9707747387425794	0.9793534641847762	0.972713659723477	0.9772826246597993	0.972883724832037	0.9708872729835282	0.97782130283132	0.9797511675310097	0.9794456664598082	0.9792104630879944	0.9767589072560402	0.980092832359333	0.9789671481298798	0.9778080535312199
0.968709609874544	0.9689196048415895	0.9731656105215282	0.9718764437759045	0.9710320943899474	0.9722522135642966	0.9657944214650211	0.9703106435639233	0.9761508501556548	0.9739097002335318	0.975556292449986	0.9732480994329282	0.9717606352272228	0.9740308673833741	0.9730509177150136	0.9712276037568599	0.9707747387425794	1.0	0.9717603080933569	0.966256633333155	0.9699685283778557	0.9667844114821987	0.9643583331191962	0.9705359881083961	0.9723765295763405	0.9723776106938294	0.9716764947457387	0.9706734076926301	0.9738310701454977	0.9717051499330723	0.9717964300726896
0.9769076044479351	0.9778454138461941	0.9805418912572179	0.9812216784729939	0.9795996801903086	0.9807158964535356	0.9725773100819415	0.9782854119114992	0.9800967716360859	0.9808410223558587	0.9809125609613559	0.9816938930743002	0.9759835427419756	0.9793426576495051	0.9806165398033982	0.9772147525595081	0.9793534641847762	0.9717603080933569	1.0	0.9735736510177249	0.9784146943944033	0.9746947477345945	0.9718593183187342	0.9788815424477997	0.9802188351766089	0.9804783477704898	0.9813431003627683	0.9789732576521196	0.9814728902247786	0.9800924862050525	0.9787717274444987
0.971424410616116	0.9736538647945306	0.9745449189143928	0.9737532063263812	0.9715603138777529	0.9739455009095838	0.9710335597508378	0.9725852563979901	0.9746697452713747	0.9750343662929333	0.9738041585400652	0.9751643758978865	0.9713886067260032	0.9701997761442436	0.9746318268630124	0.9721783274234848	0.972713659723477	0.966256633333155	0.9735736510177249	1.0	0.9889762342877235	0.9862960871526901	0.9690563793820888	0.9735806736813661	0.9746674879185535	0.9740491602702587	0.9717303765654854	0.9721141469495164	0.9737082992883974	0.9739228370323126	0.972952393372714
0.9761066378760743	0.9777524433373541	0.9786308139240885	0.9783371768438184	0.9758980792759844	0.9782713988704539	0.9724933002575483	0.9771973271291066	0.9780812131637051	0.978946704651148	0.9787446275286535	0.9795528909882076	0.9736744915103374	0.975741791237488	0.9783298289636327	0.9751486692467423	0.9772826246597993	0.9699685283778557	0.9784146943944033	0.9889762342877235	1.0	0.9903149908555844	0.971666390107957	0.9774522246891698	0.9785538536851941	0.9788793638845567	0.9781456603216102	0.97704734659672	0.9785433757311767	0.9781012092039645	0.9765876420220256
0.9741730913329253	0.9754377129877676	0.973943001104006	0.9742733157613527	0.9717688563316874	0.9741336241862621	0.9705006031603155	0.9753119062695652	0.9731920839407109	0.9744084258867759	0.973815737531768	0.9745154239229807	0.9696501613145387	0.9714150396842932	0.972980294546229	0.9714283644070812	0.972883724832037	0.9667844114821987	0.9746947477345945	0.9862960871526901	0.9903149908555844	1.0	0.9679629655722549	0.9725457390073169	0.9752302565040174	0.9742243750859743	0.9734966298908174	0.9732178481675	0.9745403887811186	0.9738158031480036	0.9736951923390353
0.9697754295311164	0.9722338322404364	0.9721873154087836	0.9730177271480859	0.9696011850354829	0.9718659919508522	0.9673678492940073	0.9701615564182129	0.9704458598614273	0.9721829381619423	0.9710364210168245	0.9740308673833741	0.9683877818887159	0.9714507559489436	0.972734144384044	0.9685381410085292	0.9708872729835282	0.9643583331191962	0.9718593183187342	0.9690563793820888	0.971666390107957	0.9679629655722549	1.0	0.9724305959551119	0.9721797519670442	0.9727738753726868	0.9713335843153553	0.9701518553148766	0.973413940435212	0.9721119993286389	0.9701184338251535
0.9770771495059197	0.9774467563656258	0.9787000693698092	0.979295557665468	0.9774050329047841	0.9791549324782594	0.9722949472243959	0.9768531566797577	0.9781124436114571	0.9791481018105479	0.9787251819608183	0.9804398417584572	0.9756625366135441	0.9778218711829585	0.9790347672057804	0.9763800927495139	0.97782130283132	0.9705359881083961	0.9788815424477997	0.9735806736813661	0.9774522246891698	0.9725457390073169	0.9724305959551119	1.0	0.9792453664594972	0.9851946636548116	0.9797931639523295	0.9776402712557525	0.9800364377540546	0.9790871799313655	0.9771312854217605
0.9768267341694096	0.9918716636233105	0.9810610000511332	0.9811202295650635	0.9793561189069832	0.9802535496840479	0.9712069982288789	0.9772373452592488	0.9803196852110846	0.9820169055201429	0.9808580967974121	0.9832861556602921	0.9779382535929723	0.9786379863145084	0.9822072643876697	0.9774479167078433	0.9797511675310097	0.9723765295763405	0.9802188351766089	0.9746674879185535	0.9785538536851941	0.9752302565040174	0.9721797519670442	0.9792453664594972	1.0	0.9816451855276062	0.9804097041915077	0.9786038804153373	0.9822272578332627	0.9807983508862337	0.9788611297972223
0.9773402741288066	0.9779697062771774	0.9806772162355756	0.9816191854586962	0.9789062304661578	0.9811447687680415	0.9727384026428059	0.9781698769641094	0.9801196705557709	0.980510263632667	0.9805464682506653	0.9813326630194045	0.9771135101765385	0.9793116364081146	0.9805965668093805	0.9777255835200157	0.9794456664598082	0.9723776106938294	0.9804783477704898	0.9740491602702587	0.9788793638845567	0.9742243750859743	0.9727738753726868	0.9851946636548116	0.9816451855276062	1.0	0.9809470592587126	0.9790809677212761	0.9810486912274512	0.9809761015763888	0.9783833155150432
0.9783961018751991	0.9789199784498704	0.9797897113157129	0.9813225226401072	0.9790502813851294	0.9816360202081758	0.9725976815373426	0.9783443204462564	0.9799514311434222	0.9799239319192936	0.9805683817031596	0.9812986987461352	0.9765760310806592	0.9790110628623878	0.9802012929290296	0.9770346461675301	0.9792104630879944	0.9716764947457387	0.9813431003627683	0.9717303765654854	0.9781456603216102	0.9734966298908174	0.9713335843153553	0.9797931639523295	0.9804097041915077	0.9809470592587126	1.0	0.9801948143181791	0.9812877846218199	0.981217766199445	0.9775839023415742
0.9785184897341108	0.9768311047084876	0.978241552437425	0.9793397264702177	0.9794227484258411	0.9805133453545373	0.9731468541861725	0.9761155049876153	0.9788358400560289	0.9786727515892101	0.9789415287008393	0.9794386084142243	0.9749958352739594	0.9769021510089653	0.9779893773949887	0.9742295175103574	0.9767589072560402	0.9706734076926301	0.9789732576521196	0.9721141469495164	0.97704734659672	0.9732178481675	0.9701518553148766	0.9776402712557525	0.9786038804153373	0.9790809677212761	0.9801948143181791	1.0	0.9794815613359512	0.9798777933778481	0.9766783625356003
0.9774246565597963	0.9794960356918735	0.9829368398543007	0.9816477598658447	0.9797795894189116	0.9815696857295513	0.9732424616702307	0.9789439100103069	0.9816000521289903	0.9829828829957661	0.981299664063816	0.9839026732333951	0.9771965480546813	0.9792554629401274	0.9821041915751373	0.9777667705753782	0.980092832359333	0.9738310701454977	0.9814728902247786	0.9737082992883974	0.9785433757311767	0.9745403887811186	0.973413940435212	0.9800364377540546	0.9822272578332627	0.9810486912274512	0.9812877846218199	0.9794815613359512	1.0	0.9809145013976955	0.9787106448947934
0.9775379680336258	0.9780746595501408	0.9807395031191235	0.981154653181437	0.9799606470338446	0.9813683551084823	0.9729752433541224	0.978047122985314	0.9796523935471304	0.9801166519518669	0.9797010994751548	0.9810869140965638	0.9759690107364078	0.9781223091670266	0.980001371305055	0.9771175357160047	0.9789671481298798	0.9717051499330723	0.9800924862050525	0.9739228370323126	0.9781012092039645	0.9738158031480036	0.9721119993286389	0.9790871799313655	0.9807983508862337	0.9809761015763888	0.981217766199445	0.9798777933778481	0.9809145013976955	1.0	0.9791939718907673
0.9745940930947138	0.9758055699039726	0.9778768206054815	0.9788024117767536	0.9769699574894105	0.9774476093983074	0.9710779935611773	0.9751597673693255	0.9774592852357239	0.9794910943209877	0.9777597027452132	0.9791615940846626	0.9744499273441395	0.9767887113319483	0.978218907100241	0.9751845274443877	0.9778080535312199	0.9717964300726896	0.9787717274444987	0.972952393372714	0.9765876420220256	0.9736951923390353	0.9701184338251535	0.9771312854217605	0.9788611297972223	0.9783833155150432	0.9775839023415742	0.9766783625356003	0.9787106448947934	0.9791939718907673	1.0
