/home/jshaw/scratch/2022_sketched_distance/references/SGB_genome_fastas_part3/4706/BackhedF_2015__SID172_12M__bin.11.fa	/home/jshaw/scratch/2022_sketched_distance/references/SGB_genome_fastas_part3/4706/Bengtsson-PalmeJ_2015__TRAVELRES27__bin.9.fa	/home/jshaw/scratch/2022_sketched_distance/references/SGB_genome_fastas_part3/4706/ChengpingW_2017__AS138raw__bin.24.fa	/home/jshaw/scratch/2022_sketched_distance/references/SGB_genome_fastas_part3/4706/ChengpingW_2017__AS15raw__bin.20.fa	/home/jshaw/scratch/2022_sketched_distance/references/SGB_genome_fastas_part3/4706/CosteaPI_2017__scavenger-11-7-0__bin.39.fa	/home/jshaw/scratch/2022_sketched_distance/references/SGB_genome_fastas_part3/4706/CosteaPI_2017__SID713A009-11-90-0__bin.91.fa	/home/jshaw/scratch/2022_sketched_distance/references/SGB_genome_fastas_part3/4706/CosteaPI_2017__SID713A030-11-90-0__bin.46.fa	/home/jshaw/scratch/2022_sketched_distance/references/SGB_genome_fastas_part3/4706/FengQ_2015__SID530623__bin.9.fa	/home/jshaw/scratch/2022_sketched_distance/references/SGB_genome_fastas_part3/4706/GeversD_2014__SKBSTL013__bin.56.fa	/home/jshaw/scratch/2022_sketched_distance/references/SGB_genome_fastas_part3/4706/GeversD_2014__SKBSTL036__bin.19.fa	/home/jshaw/scratch/2022_sketched_distance/references/SGB_genome_fastas_part3/4706/GeversD_2014__SKBSTL069__bin.74.fa	/home/jshaw/scratch/2022_sketched_distance/references/SGB_genome_fastas_part3/4706/LeChatelierE_2013__MH0419__bin.20.fa	/home/jshaw/scratch/2022_sketched_distance/references/SGB_genome_fastas_part3/4706/LiJ_2017__H1M513820__bin.13.fa	/home/jshaw/scratch/2022_sketched_distance/references/SGB_genome_fastas_part3/4706/LiJ_2017__H1M513912__bin.21.fa	/home/jshaw/scratch/2022_sketched_distance/references/SGB_genome_fastas_part3/4706/LiJ_2017__H3M515128__bin.7.fa	/home/jshaw/scratch/2022_sketched_distance/references/SGB_genome_fastas_part3/4706/LiJ_2017__nHM511615__bin.25.fa	/home/jshaw/scratch/2022_sketched_distance/references/SGB_genome_fastas_part3/4706/QinJ_2012__CON-016__bin.25.fa	/home/jshaw/scratch/2022_sketched_distance/references/SGB_genome_fastas_part3/4706/QinJ_2012__CON-076__bin.12.fa	/home/jshaw/scratch/2022_sketched_distance/references/SGB_genome_fastas_part3/4706/QinJ_2012__CON-084__bin.19.fa	/home/jshaw/scratch/2022_sketched_distance/references/SGB_genome_fastas_part3/4706/QinJ_2012__CON-086__bin.7.fa	/home/jshaw/scratch/2022_sketched_distance/references/SGB_genome_fastas_part3/4706/QinJ_2012__T2D-048__bin.10.fa	/home/jshaw/scratch/2022_sketched_distance/references/SGB_genome_fastas_part3/4706/QinJ_2012__T2D-086__bin.11.fa	/home/jshaw/scratch/2022_sketched_distance/references/SGB_genome_fastas_part3/4706/QinN_2014__HD-16__bin.59.fa	/home/jshaw/scratch/2022_sketched_distance/references/SGB_genome_fastas_part3/4706/QinN_2014__HD-22__bin.50.fa	/home/jshaw/scratch/2022_sketched_distance/references/SGB_genome_fastas_part3/4706/QinN_2014__LD-85__bin.36.fa	/home/jshaw/scratch/2022_sketched_distance/references/SGB_genome_fastas_part3/4706/QinN_2014__LD-97__bin.60.fa	/home/jshaw/scratch/2022_sketched_distance/references/SGB_genome_fastas_part3/4706/WenC_2017__N253__bin.35.fa	/home/jshaw/scratch/2022_sketched_distance/references/SGB_genome_fastas_part3/4706/XieH_2016__YSZC12003_37204__bin.13.fa	/home/jshaw/scratch/2022_sketched_distance/references/SGB_genome_fastas_part3/4706/YuJ_2015__SZAXPI015222-123__bin.4.fa	/home/jshaw/scratch/2022_sketched_distance/references/SGB_genome_fastas_part3/4706/YuJ_2015__SZAXPI015226-14__bin.24.fa	/home/jshaw/scratch/2022_sketched_distance/references/SGB_genome_fastas_part3/4706/YuJ_2015__SZAXPI015258-57__bin.46.fa	/home/jshaw/scratch/2022_sketched_distance/references/SGB_genome_fastas_part3/4706/ZeeviD_2015__PNP_Main_397__bin.2.fa	/home/jshaw/scratch/2022_sketched_distance/references/SGB_genome_fastas_part3/4706/ZeeviD_2015__PNP_Main_481__bin.1.fa	/home/jshaw/scratch/2022_sketched_distance/references/SGB_genome_fastas_part3/4706/ZeeviD_2015__PNP_Validation_4__bin.42.fa	/home/jshaw/scratch/2022_sketched_distance/references/SGB_genome_fastas_part3/4706/ZellerG_2014__CCMD40701343ST-21-0__bin.43.fa	/home/jshaw/scratch/2022_sketched_distance/references/SGB_genome_fastas_part3/4706/ZellerG_2014__MMPU72854103ST__bin.27.fa
1.0	0.9745721404955743	0.9758692698534631	0.9698340855440768	0.9687668590135289	0.9707902660619588	0.951432484840801	0.9758383304740527	0.9760666550604765	0.9686019260146794	0.9738286436608296	0.9783090004352368	0.9745855764488834	0.9696695207208659	0.9788269580452709	0.9783692003391927	0.9705066371290664	0.9759444961240574	0.9671524495729164	0.9765688428773389	0.9700842518537579	0.9780755081578186	0.9691339015418776	0.9681606591881723	0.9686757074265937	0.9661968539907132	0.9701730373367453	0.9738221576570769	0.9618057276280669	0.9678543474863338	0.9678152934366914	0.9757073559317018	0.9685445368770098	0.9744712346626433	0.9741801444251308	0.9730196023947668
0.9745721404955743	1.0	0.9761597233075495	0.9727414157091764	0.9712070471782581	0.9723430809511201	0.9601953294118396	0.9822896083822048	0.9806371477024924	0.9747325063530938	0.9782262762806938	0.9776419001474478	0.9760927136529144	0.9734277617294645	0.9794797167608688	0.9787740444547114	0.9740482154457792	0.9750137927758912	0.970604508526441	0.9768900923646971	0.9747814544248519	0.9765973175477589	0.9733996052050212	0.9718274075497341	0.9731714949129576	0.9695548338547605	0.974542155326755	0.9813685612089531	0.9655859026429077	0.9735015962874847	0.9723919706315386	0.9753886550750486	0.9745559278698024	0.9807052889359839	0.9807850876454943	0.9783252900913452
0.9758692698534631	0.9761597233075495	1.0	0.9732576651394551	0.9718441321710167	0.9727555748720695	0.955294690198536	0.9777229605177313	0.9773916724302844	0.9715821783644226	0.975450697770037	0.9812854737718955	0.9799191948306583	0.9730958690538172	0.9819127943785114	0.9810500973564655	0.9720390452067736	0.978803369797461	0.9695398136729332	0.9835861213723014	0.9722438745721317	0.980392376121414	0.9719228987619477	0.9696663359109471	0.9701040842305315	0.9684490466919247	0.9728589325099435	0.9763195715843234	0.9636047012223194	0.9703885699597697	0.9693592039472189	0.977987096856613	0.971469969500117	0.9757438194456531	0.9763221563853933	0.9753623852240726
0.9698340855440768	0.9727414157091764	0.9732576651394551	1.0	0.9737680923619851	0.9683296315982451	0.9566185987842798	0.9757402155402005	0.9757690765925379	0.9683126547942106	0.972058076643222	0.9748514258287788	0.9740426258342864	0.978754658540339	0.9756849216445203	0.9759245363557529	0.9773284557453441	0.972327332481764	0.9748591366128315	0.9732611215335335	0.9800819336885992	0.974956779943962	0.9762997725214678	0.9750065244483037	0.9777388765014967	0.9751544208617483	0.9795153369846334	0.9743379515760558	0.9699831828219719	0.9768078404288778	0.9756064825941511	0.9724825538418138	0.9773337185405361	0.9731936177641772	0.9732726461655697	0.976229689426297
0.9687668590135289	0.9712070471782581	0.9718441321710167	0.9737680923619851	1.0	0.9696693839430087	0.9536167126831313	0.9750971535101723	0.9743409379631088	0.9681013866908368	0.9718560374880036	0.9717523119144283	0.9725976815373426	0.9713784607396525	0.9733015384621799	0.9732752742120899	0.9701734589954659	0.9710586379342889	0.9682536758003133	0.9695087893173663	0.971124660904029	0.9725173739353145	0.9685838763212911	0.9668788465448048	0.9691098345830432	0.9678194875092235	0.971270775710479	0.9729676896583613	0.962864000920318	0.9696030602351284	0.9677918116932245	0.9710762697485733	0.9697957062049265	0.9720135063266021	0.9721122404056627	0.9897422100792245
0.9707902660619588	0.9723430809511201	0.9727555748720695	0.9683296315982451	0.9696693839430087	1.0	0.9506100726025007	0.974053088827354	0.9731291510046731	0.9697667650125791	0.9723265374955775	0.9721976568635156	0.9704546050593309	0.9676411567600928	0.9721770528884964	0.9724825538418138	0.9670097921618092	0.9718978077658963	0.9642071256812675	0.9699043424350006	0.9662866293934402	0.972796535421864	0.9666505325641149	0.9651391754480154	0.9647487377860217	0.963145606494684	0.9681614318669283	0.9720785657646871	0.9605149016523141	0.9661212468269661	0.9640799002467717	0.9708038766438972	0.9652097596093481	0.9716721723894647	0.972987444318073	0.9714305881855155
0.951432484840801	0.9601953294118396	0.955294690198536	0.9566185987842798	0.9536167126831313	0.9506100726025007	1.0	0.9619573203853021	0.9638177086386468	0.9547509069755008	0.9525533993754789	0.9617412111200614	0.9599918090168786	0.957067135984653	0.9629067219599984	0.963580520842177	0.956049540897489	0.9555224973404174	0.9486408837387482	0.961121720408553	0.9600108622312679	0.9594473093804483	0.9556609637207657	0.9533534940733893	0.9570592004296095	0.9497641757578863	0.9591915196342983	0.9639599486346807	0.9458069459762123	0.9548341427162396	0.9556119597639469	0.9530252534340407	0.9596717096854893	0.9624905924446642	0.9595696857558255	0.963962793192222
0.9758383304740527	0.9822896083822048	0.9777229605177313	0.9757402155402005	0.9750971535101723	0.974053088827354	0.9619573203853021	1.0	0.984286580519602	0.9773752725452277	0.9807884986795514	0.9800801591948107	0.9779917531019117	0.9761081327463057	0.9809399920563537	0.9807968496842321	0.9765813445868508	0.977252570672593	0.9729201824554803	0.9782024110331634	0.9766523579450732	0.9791576950606898	0.9751096085843403	0.9744466514039793	0.975358967283692	0.971440469776178	0.97681278198398	0.9830631643855066	0.9679386240280977	0.9746147129443274	0.974097195424806	0.9777146771570668	0.9764311875662762	0.9820925057755339	0.9812578159095254	0.9807415506848123
0.9760666550604765	0.9806371477024924	0.9773916724302844	0.9757690765925379	0.9743409379631088	0.9731291510046731	0.9638177086386468	0.984286580519602	1.0	0.97735038793468	0.980581222729953	0.980651685721724	0.9777346874184206	0.9755280519043927	0.9807024321373096	0.9812731609911007	0.9770719826619523	0.9773133233330336	0.9719560939868345	0.9793992581179762	0.9773217387162049	0.979599294846172	0.9744950826313585	0.973709839328016	0.9762791175391933	0.9720562787198161	0.9768331150895794	0.9837224313073782	0.9679635488649484	0.974242035828349	0.9750449289435182	0.9779917981526046	0.9759854286648398	0.9827198610508129	0.9826329244138329	0.9808765284541711
0.9686019260146794	0.9747325063530938	0.9715821783644226	0.9683126547942106	0.9681013866908368	0.9697667650125791	0.9547509069755008	0.9773752725452277	0.97735038793468	1.0	0.975338001209457	0.9729041908438256	0.9701427472387615	0.9690924414023342	0.9730285954581811	0.9727103631940353	0.9693348992497991	0.9709635600177943	0.9666796274299605	0.9705613788908521	0.9698161556255757	0.9719108215144208	0.9678433675281589	0.9666747793291905	0.9683748985287618	0.9641553312233184	0.9695082391581589	0.9760098510992801	0.96191160447408	0.9676606072826719	0.9666763980784859	0.9706942988636681	0.9684805518519164	0.974913712693512	0.9746223735444555	0.9731227211235687
0.9738286436608296	0.9782262762806938	0.975450697770037	0.972058076643222	0.9718560374880036	0.9723265374955775	0.9525533993754789	0.9807884986795514	0.980581222729953	0.975338001209457	1.0	0.9753856484525285	0.9743628665269686	0.9728115338776342	0.9774036209951799	0.9765385424529417	0.9726917242074925	0.9742633935033677	0.9702562421834391	0.9750111681657591	0.9724007924934954	0.9756369742824038	0.9715382604679547	0.9713635558084247	0.9720285155760999	0.9684466606418298	0.9729170722720843	0.9787277496167237	0.9645642452578531	0.9713696463006746	0.9709419303950071	0.97520184315283	0.9722394860497575	0.9779700751791286	0.9777460033657416	0.9759446163081935
0.9783090004352368	0.9776419001474478	0.9812854737718955	0.9748514258287788	0.9717523119144283	0.9721976568635156	0.9617412111200614	0.9800801591948107	0.980651685721724	0.9729041908438256	0.9753856484525285	1.0	0.9818403675804843	0.9754363481713764	0.985359641897751	0.9854412632129443	0.9748722507187548	0.9814622992963072	0.9706047859336951	0.982282335679915	0.9758893717820688	0.9839895071794362	0.9741801444251308	0.9727960510535837	0.9738379077830904	0.9703698827129708	0.976463427619795	0.9792144647909801	0.9675821408800577	0.9727927895539864	0.9730158447112071	0.9801407665347246	0.9748710149272789	0.9788593602440079	0.9778188265454487	0.9778194373439856
0.9745855764488834	0.9760927136529144	0.9799191948306583	0.9740426258342864	0.9725976815373426	0.9704546050593309	0.9599918090168786	0.9779917531019117	0.9777346874184206	0.9701427472387615	0.9743628665269686	0.9818403675804843	1.0	0.9735158267278279	0.9839847258330097	0.9892476267961667	0.9719913853179137	0.9789105348237709	0.9696238163058025	0.9791988074948837	0.9731509164727133	0.9822857651350154	0.9727203596192391	0.9704634647371052	0.9710849250418262	0.968498686390766	0.9731061139848473	0.9765455696412806	0.9641049719975806	0.9706894510632689	0.9696729784068462	0.9790606503774637	0.9717336143630376	0.9759659515902028	0.9760543563194891	0.9761006061332692
0.9696695207208659	0.9734277617294645	0.9730958690538172	0.978754658540339	0.9713784607396525	0.9676411567600928	0.957067135984653	0.9761081327463057	0.9755280519043927	0.9690924414023342	0.9728115338776342	0.9754363481713764	0.9735158267278279	1.0	0.975996830042914	0.9757593096565178	0.9791097275017863	0.9722748421862212	0.9786958254551572	0.9734873052796279	0.9821361274621077	0.9753761818175413	0.9784131362983713	0.9780741308986923	0.9809439970267972	0.9761789331099117	0.9803544586223565	0.9742451609998636	0.9781928067421497	0.9799300892943152	0.9791280254762293	0.9713055338500005	0.9797326001416681	0.9733405043212296	0.9731526288603096	0.9758838783323189
0.9788269580452709	0.9794797167608688	0.9819127943785114	0.9756849216445203	0.9733015384621799	0.9721770528884964	0.9629067219599984	0.9809399920563537	0.9807024321373096	0.9730285954581811	0.9774036209951799	0.985359641897751	0.9839847258330097	0.975996830042914	1.0	0.9869926103049537	0.9762532808504626	0.9827044282003021	0.9712432064336551	0.983888104121687	0.9777205437871839	0.9858150321302626	0.9768610214655176	0.9751514939408771	0.9751851921466563	0.9707607553120016	0.9767879333193512	0.9798953836534966	0.9669084516529152	0.9728159163219374	0.9738571283769529	0.9816895970698405	0.9750528879213878	0.9794134904001379	0.9786192659026982	0.9785879208238256
0.9783692003391927	0.9787740444547114	0.9810500973564655	0.9759245363557529	0.9732752742120899	0.9724825538418138	0.963580520842177	0.9807968496842321	0.9812731609911007	0.9727103631940353	0.9765385424529417	0.9854412632129443	0.9892476267961667	0.9757593096565178	0.9869926103049537	1.0	0.9757076777021583	0.9827418266284597	0.971483752123875	0.9824203090450244	0.9768271521460776	0.9852502755869905	0.9753199684649027	0.9736102314363827	0.9747711545242613	0.9709480243076646	0.9765861639619038	0.9797652874056746	0.9671803340931552	0.9732927923569489	0.9735274452190344	0.9821762746174174	0.9752373002918427	0.9793310677160393	0.9790510554206217	0.9792362251372876
0.9705066371290664	0.9740482154457792	0.9720390452067736	0.9773284557453441	0.9701734589954659	0.9670097921618092	0.956049540897489	0.9765813445868508	0.9770719826619523	0.9693348992497991	0.9726917242074925	0.9748722507187548	0.9719913853179137	0.9791097275017863	0.9762532808504626	0.9757076777021583	1.0	0.9737089922933907	0.9781576658876082	0.9747861443549098	0.9841947982784589	0.9756339929806088	0.9773024081511376	0.9777908347604062	0.9834650685252787	0.9854391202292573	0.9862968495471076	0.9750686036842906	0.9723930924920735	0.9784701677015124	0.9787846633001909	0.9714878932870585	0.9809222374790193	0.9761616071029955	0.9742462101057713	0.976425871645937
0.9759444961240574	0.9750137927758912	0.978803369797461	0.972327332481764	0.9710586379342889	0.9718978077658963	0.9555224973404174	0.977252570672593	0.9773133233330336	0.9709635600177943	0.9742633935033677	0.9814622992963072	0.9789105348237709	0.9722748421862212	0.9827044282003021	0.9827418266284597	0.9737089922933907	1.0	0.9687232706036912	0.979426253742198	0.9725521694397063	0.9865375291979342	0.9728676125380635	0.9711905580281628	0.9702400172740235	0.9683940990611205	0.9733449141635948	0.9756438437075664	0.9646770096705051	0.9698201899541219	0.9697073177084538	0.9784034163489953	0.9717839741603241	0.9775747055925079	0.9760167965164886	0.9752888176343867
0.9671524495729164	0.970604508526441	0.9695398136729332	0.9748591366128315	0.9682536758003133	0.9642071256812675	0.9486408837387482	0.9729201824554803	0.9719560939868345	0.9666796274299605	0.9702562421834391	0.9706047859336951	0.9696238163058025	0.9786958254551572	0.9712432064336551	0.971483752123875	0.9781576658876082	0.9687232706036912	1.0	0.9702559465246835	0.9803427489884546	0.9708814289203692	0.9770888215496224	0.9769597469311944	0.9797238276715172	0.9760170810798988	0.9771516889223827	0.9707680106988449	0.9720437046868029	0.9769285293325566	0.9771674961829566	0.9681559625573437	0.9770212052615114	0.9707308100391263	0.9704990904444354	0.9734973770502964
0.9765688428773389	0.9768900923646971	0.9835861213723014	0.9732611215335335	0.9695087893173663	0.9699043424350006	0.961121720408553	0.9782024110331634	0.9793992581179762	0.9705613788908521	0.9750111681657591	0.982282335679915	0.9791988074948837	0.9734873052796279	0.983888104121687	0.9824203090450244	0.9747861443549098	0.979426253742198	0.9702559465246835	1.0	0.9753961246805872	0.981989661658636	0.9734070626915069	0.9726877912675843	0.9737086470188613	0.9693948923706025	0.9744017208727407	0.978354435332145	0.9650923750839359	0.9714282446665479	0.9721649659742634	0.9786118754412056	0.9744490961235024	0.9782103474065613	0.9765799275614063	0.9768472341424109
0.9700842518537579	0.9747814544248519	0.9722438745721317	0.9800819336885992	0.971124660904029	0.9662866293934402	0.9600108622312679	0.9766523579450732	0.9773217387162049	0.9698161556255757	0.9724007924934954	0.9758893717820688	0.9731509164727133	0.9821361274621077	0.9777205437871839	0.9768271521460776	0.9841947982784589	0.9725521694397063	0.9803427489884546	0.9753961246805872	1.0	0.9753078889536432	0.9783934963456246	0.978479219835373	0.9861623496901186	0.9803450981144003	0.9843284389482859	0.9760120137201465	0.9736341024699025	0.979886166747222	0.9804058181614091	0.9724398427420078	0.9821832578174858	0.9753227895414536	0.9749552262874005	0.9778641306105385
0.9780755081578186	0.9765973175477589	0.980392376121414	0.974956779943962	0.9725173739353145	0.972796535421864	0.9594473093804483	0.9791576950606898	0.979599294846172	0.9719108215144208	0.9756369742824038	0.9839895071794362	0.9822857651350154	0.9753761818175413	0.9858150321302626	0.9852502755869905	0.9756339929806088	0.9865375291979342	0.9708814289203692	0.981989661658636	0.9753078889536432	1.0	0.9742555485846407	0.9731366657826294	0.9733427754028601	0.9695980029830041	0.9761003657451893	0.9782540502282168	0.9672389093327753	0.9721678057700835	0.9723404716045965	0.9802280804301403	0.9744947270177504	0.9790990563003298	0.977532457163543	0.9772188324567938
0.9691339015418776	0.9733996052050212	0.9719228987619477	0.9762997725214678	0.9685838763212911	0.9666505325641149	0.9556609637207657	0.9751096085843403	0.9744950826313585	0.9678433675281589	0.9715382604679547	0.9741801444251308	0.9727203596192391	0.9784131362983713	0.9768610214655176	0.9753199684649027	0.9773024081511376	0.9728676125380635	0.9770888215496224	0.9734070626915069	0.9783934963456246	0.9742555485846407	1.0	0.9868458404438848	0.9782546994043868	0.9747110794387638	0.9774685831587314	0.9737654642687247	0.970539432015421	0.9773293642471562	0.9805624602585857	0.9718831696666557	0.9786456653864366	0.972344905701318	0.9723777723738379	0.9743773116085427
0.9681606591881723	0.9718274075497341	0.9696663359109471	0.9750065244483037	0.9668788465448048	0.9651391754480154	0.9533534940733893	0.9744466514039793	0.973709839328016	0.9666747793291905	0.9713635558084247	0.9727960510535837	0.9704634647371052	0.9780741308986923	0.9751514939408771	0.9736102314363827	0.9777908347604062	0.9711905580281628	0.9769597469311944	0.9726877912675843	0.978479219835373	0.9731366657826294	0.9868458404438848	1.0	0.9785034197570135	0.9735412407483772	0.9772753296223853	0.9729730652974723	0.9694543895656546	0.9768362282794997	0.981273493475855	0.9697916464653435	0.9794386985512787	0.9735577180280006	0.9708807874818811	0.9733738471853655
0.9686757074265937	0.9731714949129576	0.9701040842305315	0.9777388765014967	0.9691098345830432	0.9647487377860217	0.9570592004296095	0.975358967283692	0.9762791175391933	0.9683748985287618	0.9720285155760999	0.9738379077830904	0.9710849250418262	0.9809439970267972	0.9751851921466563	0.9747711545242613	0.9834650685252787	0.9702400172740235	0.9797238276715172	0.9737086470188613	0.9861623496901186	0.9733427754028601	0.9782546994043868	0.9785034197570135	1.0	0.9773001163393875	0.9818490752898152	0.9755886719455729	0.9730007145576369	0.9784540228557183	0.9799265112094927	0.9708808105180615	0.9817960900152276	0.9747681647360196	0.9730126212318312	0.9761230419272293
0.9661968539907132	0.9695548338547605	0.9684490466919247	0.9751544208617483	0.9678194875092235	0.963145606494684	0.9497641757578863	0.971440469776178	0.9720562787198161	0.9641553312233184	0.9684466606418298	0.9703698827129708	0.968498686390766	0.9761789331099117	0.9707607553120016	0.9709480243076646	0.9854391202292573	0.9683940990611205	0.9760170810798988	0.9693948923706025	0.9803450981144003	0.9695980029830041	0.9747110794387638	0.9735412407483772	0.9773001163393875	1.0	0.9841773895896943	0.9694631819426386	0.9702945123272062	0.9742220735070277	0.9741483606120599	0.9673935796214798	0.9760789673508286	0.9697707232181131	0.9700553405474273	0.9717435764813214
0.9701730373367453	0.974542155326755	0.9728589325099435	0.9795153369846334	0.971270775710479	0.9681614318669283	0.9591915196342983	0.97681278198398	0.9768331150895794	0.9695082391581589	0.9729170722720843	0.976463427619795	0.9731061139848473	0.9803544586223565	0.9767879333193512	0.9765861639619038	0.9862968495471076	0.9733449141635948	0.9771516889223827	0.9744017208727407	0.9843284389482859	0.9761003657451893	0.9774685831587314	0.9772753296223853	0.9818490752898152	0.9841773895896943	1.0	0.9750726359374705	0.9724455725605097	0.9783371672668043	0.977717439008202	0.9722738841817535	0.9790776777822919	0.9751230502633947	0.9756494425054566	0.9763925419184458
0.9738221576570769	0.9813685612089531	0.9763195715843234	0.9743379515760558	0.9729676896583613	0.9720785657646871	0.9639599486346807	0.9830631643855066	0.9837224313073782	0.9760098510992801	0.9787277496167237	0.9792144647909801	0.9765455696412806	0.9742451609998636	0.9798953836534966	0.9797652874056746	0.9750686036842906	0.9756438437075664	0.9707680106988449	0.978354435332145	0.9760120137201465	0.9782540502282168	0.9737654642687247	0.9729730652974723	0.9755886719455729	0.9694631819426386	0.9750726359374705	1.0	0.9652306160346903	0.9725570725639231	0.9740255395621742	0.9756852456707392	0.9756962459001203	0.9821735023922198	0.9811506151547332	0.9802282203682983
0.9618057276280669	0.9655859026429077	0.9636047012223194	0.9699831828219719	0.962864000920318	0.9605149016523141	0.9458069459762123	0.9679386240280977	0.9679635488649484	0.96191160447408	0.9645642452578531	0.9675821408800577	0.9641049719975806	0.9781928067421497	0.9669084516529152	0.9671803340931552	0.9723930924920735	0.9646770096705051	0.9720437046868029	0.9650923750839359	0.9736341024699025	0.9672389093327753	0.970539432015421	0.9694543895656546	0.9730007145576369	0.9702945123272062	0.9724455725605097	0.9652306160346903	1.0	0.9719903378340522	0.9703754745649029	0.9643357680867743	0.9714885374016365	0.9653359164729163	0.9668348703678922	0.9676671116260476
0.9678543474863338	0.9735015962874847	0.9703885699597697	0.9768078404288778	0.9696030602351284	0.9661212468269661	0.9548341427162396	0.9746147129443274	0.974242035828349	0.9676606072826719	0.9713696463006746	0.9727927895539864	0.9706894510632689	0.9799300892943152	0.9728159163219374	0.9732927923569489	0.9784701677015124	0.9698201899541219	0.9769285293325566	0.9714282446665479	0.979886166747222	0.9721678057700835	0.9773293642471562	0.9768362282794997	0.9784540228557183	0.9742220735070277	0.9783371672668043	0.9725570725639231	0.9719903378340522	1.0	0.9796861552545906	0.9695854267207513	0.9787747701379196	0.9714126123927025	0.9730468095740892	0.9744752632665766
0.9678152934366914	0.9723919706315386	0.9693592039472189	0.9756064825941511	0.9677918116932245	0.9640799002467717	0.9556119597639469	0.974097195424806	0.9750449289435182	0.9666763980784859	0.9709419303950071	0.9730158447112071	0.9696729784068462	0.9791280254762293	0.9738571283769529	0.9735274452190344	0.9787846633001909	0.9697073177084538	0.9771674961829566	0.9721649659742634	0.9804058181614091	0.9723404716045965	0.9805624602585857	0.981273493475855	0.9799265112094927	0.9741483606120599	0.977717439008202	0.9740255395621742	0.9703754745649029	0.9796861552545906	1.0	0.970269164081325	0.9817878410693708	0.972773724452999	0.9723930690120474	0.9743571872633124
0.9757073559317018	0.9753886550750486	0.977987096856613	0.9724825538418138	0.9710762697485733	0.9708038766438972	0.9530252534340407	0.9777146771570668	0.9779917981526046	0.9706942988636681	0.97520184315283	0.9801407665347246	0.9790606503774637	0.9713055338500005	0.9816895970698405	0.9821762746174174	0.9714878932870585	0.9784034163489953	0.9681559625573437	0.9786118754412056	0.9724398427420078	0.9802280804301403	0.9718831696666557	0.9697916464653435	0.9708808105180615	0.9673935796214798	0.9722738841817535	0.9756852456707392	0.9643357680867743	0.9695854267207513	0.970269164081325	1.0	0.9712633895972889	0.9761649454979593	0.9761076473049695	0.9759861591397843
0.9685445368770098	0.9745559278698024	0.971469969500117	0.9773337185405361	0.9697957062049265	0.9652097596093481	0.9596717096854893	0.9764311875662762	0.9759854286648398	0.9684805518519164	0.9722394860497575	0.9748710149272789	0.9717336143630376	0.9797326001416681	0.9750528879213878	0.9752373002918427	0.9809222374790193	0.9717839741603241	0.9770212052615114	0.9744490961235024	0.9821832578174858	0.9744947270177504	0.9786456653864366	0.9794386985512787	0.9817960900152276	0.9760789673508286	0.9790776777822919	0.9756962459001203	0.9714885374016365	0.9787747701379196	0.9817878410693708	0.9712633895972889	1.0	0.9763235136344185	0.9737249376307632	0.9769265723213177
0.9744712346626433	0.9807052889359839	0.9757438194456531	0.9731936177641772	0.9720135063266021	0.9716721723894647	0.9624905924446642	0.9820925057755339	0.9827198610508129	0.974913712693512	0.9779700751791286	0.9788593602440079	0.9759659515902028	0.9733405043212296	0.9794134904001379	0.9793310677160393	0.9761616071029955	0.9775747055925079	0.9707308100391263	0.9782103474065613	0.9753227895414536	0.9790990563003298	0.972344905701318	0.9735577180280006	0.9747681647360196	0.9697707232181131	0.9751230502633947	0.9821735023922198	0.9653359164729163	0.9714126123927025	0.972773724452999	0.9761649454979593	0.9763235136344185	1.0	0.9834787720242774	0.9791460986264472
0.9741801444251308	0.9807850876454943	0.9763221563853933	0.9732726461655697	0.9721122404056627	0.972987444318073	0.9595696857558255	0.9812578159095254	0.9826329244138329	0.9746223735444555	0.9777460033657416	0.9778188265454487	0.9760543563194891	0.9731526288603096	0.9786192659026982	0.9790510554206217	0.9742462101057713	0.9760167965164886	0.9704990904444354	0.9765799275614063	0.9749552262874005	0.977532457163543	0.9723777723738379	0.9708807874818811	0.9730126212318312	0.9700553405474273	0.9756494425054566	0.9811506151547332	0.9668348703678922	0.9730468095740892	0.9723930690120474	0.9761076473049695	0.9737249376307632	0.9834787720242774	1.0	0.9786002212281197
0.9730196023947668	0.9783252900913452	0.9753623852240726	0.976229689426297	0.9897422100792245	0.9714305881855155	0.963962793192222	0.9807415506848123	0.9808765284541711	0.9731227211235687	0.9759446163081935	0.9778194373439856	0.9761006061332692	0.9758838783323189	0.9785879208238256	0.9792362251372876	0.976425871645937	0.9752888176343867	0.9734973770502964	0.9768472341424109	0.9778641306105385	0.9772188324567938	0.9743773116085427	0.9733738471853655	0.9761230419272293	0.9717435764813214	0.9763925419184458	0.9802282203682983	0.9676671116260476	0.9744752632665766	0.9743571872633124	0.9759861591397843	0.9769265723213177	0.9791460986264472	0.9786002212281197	1.0
