/home/jshaw/scratch/2022_sketched_distance/references/SGB_genome_fastas_part5/15172/BackhedF_2015__SID133_M__bin.53.fa	/home/jshaw/scratch/2022_sketched_distance/references/SGB_genome_fastas_part5/15172/CosteaPI_2017__SID713A087-11-0-0__bin.51.fa	/home/jshaw/scratch/2022_sketched_distance/references/SGB_genome_fastas_part5/15172/FengQ_2015__SID31223__bin.25.fa	/home/jshaw/scratch/2022_sketched_distance/references/SGB_genome_fastas_part5/15172/FerrettiP_2018__CA_C10009MS2134FE_t0M15__bin.20.fa	/home/jshaw/scratch/2022_sketched_distance/references/SGB_genome_fastas_part5/15172/KarlssonFH_2013__S195__bin.8.fa	/home/jshaw/scratch/2022_sketched_distance/references/SGB_genome_fastas_part5/15172/LeChatelierE_2013__MH0009__bin.33.fa	/home/jshaw/scratch/2022_sketched_distance/references/SGB_genome_fastas_part5/15172/LeChatelierE_2013__MH0313__bin.71.fa	/home/jshaw/scratch/2022_sketched_distance/references/SGB_genome_fastas_part5/15172/LeChatelierE_2013__MH0422__bin.90.fa	/home/jshaw/scratch/2022_sketched_distance/references/SGB_genome_fastas_part5/15172/LiJ_2014__MH0367__bin.73.fa	/home/jshaw/scratch/2022_sketched_distance/references/SGB_genome_fastas_part5/15172/LiJ_2014__MH0381__bin.36.fa	/home/jshaw/scratch/2022_sketched_distance/references/SGB_genome_fastas_part5/15172/LouisS_2016__AS66_12__bin.19.fa	/home/jshaw/scratch/2022_sketched_distance/references/SGB_genome_fastas_part5/15172/LouisS_2016__AS66_18__bin.31.fa	/home/jshaw/scratch/2022_sketched_distance/references/SGB_genome_fastas_part5/15172/NielsenHB_2014__MH0009__bin.20.fa	/home/jshaw/scratch/2022_sketched_distance/references/SGB_genome_fastas_part5/15172/NielsenHB_2014__V1_UC48_0__bin.17.fa	/home/jshaw/scratch/2022_sketched_distance/references/SGB_genome_fastas_part5/15172/NielsenHB_2014__V1_UC49_0__bin.29.fa	/home/jshaw/scratch/2022_sketched_distance/references/SGB_genome_fastas_part5/15172/VogtmannE_2016__MMRS94549160ST-27-0-0__bin.73.fa	/home/jshaw/scratch/2022_sketched_distance/references/SGB_genome_fastas_part5/15172/XieH_2016__YSZC12003_35549__bin.15.fa	/home/jshaw/scratch/2022_sketched_distance/references/SGB_genome_fastas_part5/15172/XieH_2016__YSZC12003_35550__bin.129.fa	/home/jshaw/scratch/2022_sketched_distance/references/SGB_genome_fastas_part5/15172/XieH_2016__YSZC12003_35740__bin.65.fa	/home/jshaw/scratch/2022_sketched_distance/references/SGB_genome_fastas_part5/15172/XieH_2016__YSZC12003_36051__bin.12.fa	/home/jshaw/scratch/2022_sketched_distance/references/SGB_genome_fastas_part5/15172/XieH_2016__YSZC12003_36526__bin.18.fa	/home/jshaw/scratch/2022_sketched_distance/references/SGB_genome_fastas_part5/15172/XieH_2016__YSZC12003_37286__bin.39.fa	/home/jshaw/scratch/2022_sketched_distance/references/SGB_genome_fastas_part5/15172/XieH_2016__YSZC12003_37315__bin.107.fa	/home/jshaw/scratch/2022_sketched_distance/references/SGB_genome_fastas_part5/15172/ZeeviD_2015__PNP_DietIntervention_15__bin.11.fa	/home/jshaw/scratch/2022_sketched_distance/references/SGB_genome_fastas_part5/15172/ZeeviD_2015__PNP_DietIntervention_46__bin.3.fa	/home/jshaw/scratch/2022_sketched_distance/references/SGB_genome_fastas_part5/15172/ZeeviD_2015__PNP_Main_145__bin.10.fa	/home/jshaw/scratch/2022_sketched_distance/references/SGB_genome_fastas_part5/15172/ZeeviD_2015__PNP_Main_245__bin.6.fa	/home/jshaw/scratch/2022_sketched_distance/references/SGB_genome_fastas_part5/15172/ZeeviD_2015__PNP_Main_362__bin.44.fa	/home/jshaw/scratch/2022_sketched_distance/references/SGB_genome_fastas_part5/15172/ZeeviD_2015__PNP_Main_370__bin.19.fa	/home/jshaw/scratch/2022_sketched_distance/references/SGB_genome_fastas_part5/15172/ZeeviD_2015__PNP_Main_391__bin.36.fa	/home/jshaw/scratch/2022_sketched_distance/references/SGB_genome_fastas_part5/15172/ZeeviD_2015__PNP_Main_39__bin.63.fa	/home/jshaw/scratch/2022_sketched_distance/references/SGB_genome_fastas_part5/15172/ZeeviD_2015__PNP_Main_456__bin.45.fa	/home/jshaw/scratch/2022_sketched_distance/references/SGB_genome_fastas_part5/15172/ZeeviD_2015__PNP_Main_575__bin.21.fa	/home/jshaw/scratch/2022_sketched_distance/references/SGB_genome_fastas_part5/15172/ZeeviD_2015__PNP_Main_587__bin.30.fa	/home/jshaw/scratch/2022_sketched_distance/references/SGB_genome_fastas_part5/15172/ZeeviD_2015__PNP_Main_630__bin.20.fa	/home/jshaw/scratch/2022_sketched_distance/references/SGB_genome_fastas_part5/15172/ZeeviD_2015__PNP_Main_666__bin.37.fa	/home/jshaw/scratch/2022_sketched_distance/references/SGB_genome_fastas_part5/15172/ZeeviD_2015__PNP_Main_696__bin.15.fa	/home/jshaw/scratch/2022_sketched_distance/references/SGB_genome_fastas_part5/15172/ZeeviD_2015__PNP_Main_736__bin.22.fa	/home/jshaw/scratch/2022_sketched_distance/references/SGB_genome_fastas_part5/15172/ZellerG_2014__CCIS90443472ST-4-0__bin.48.fa
1.0	0.9711006750299539	0.9667196123412776	0.9736202322681	0.9667122916947043	0.966849017467845	0.9678243196141016	0.9656036568381208	0.9751024266096452	0.9651815061201194	0.9734050550528526	0.9730764142719933	0.9678646630602273	0.9647777601901377	0.9648966436876876	0.9666850892880614	0.9620231452344759	0.9648161051627734	0.9657002841446161	0.9651049703239615	0.9624623081025774	0.9660128099567357	0.9663559705845098	0.9769328292341702	0.9661068160142656	0.9610216338655709	0.9663713862840903	0.9633562822281764	0.9655824732997693	0.9656662711418671	0.9639864682090018	0.9654969117496524	0.9646276060803954	0.9655068537688504	0.9636625108388707	0.9660742911582294	0.9654420857997786	0.9655806088369373	0.9740763659208515
0.9711006750299539	1.0	0.9757197026547568	0.9822833513128402	0.9753034878890001	0.9749830134665494	0.9732256373375601	0.9739037074892729	0.9828972119313637	0.9750452478027054	0.9822445678130084	0.9838076234561587	0.9752895865595884	0.9705293510647484	0.9722149560935531	0.9746425972606414	0.9671582828839836	0.968163956328006	0.9747624078627897	0.9744566024999879	0.9646010599409944	0.9749520837735853	0.9751840586126036	0.9823551957914256	0.9720048702202627	0.9646749951099759	0.9752365627176063	0.9697982472097412	0.974785440095202	0.974403075998815	0.9660684956302134	0.9739715499261679	0.9740590169929747	0.9752016657003807	0.9733943447445917	0.9754479458858929	0.9748758543410058	0.9738836361008523	0.9822467222558068
0.9667196123412776	0.9757197026547568	1.0	0.977752576648442	0.9863577160356964	0.9864361043638837	0.98404308410818	0.984697229896874	0.9776351959759468	0.9844390032494597	0.978021786546818	0.9769873478727633	0.9866379340350325	0.9794382282472553	0.9818594295401197	0.9871430029645887	0.9772032190691068	0.9790017914553834	0.9860743186640499	0.985106459418731	0.9743227723754546	0.9859235141653009	0.9850896144438126	0.9787836396264085	0.9835110560243799	0.9735800163189612	0.9852786000656137	0.982436903128743	0.9853690426007226	0.9856529903014926	0.9781507907234869	0.9842560870952052	0.984863769284705	0.9857862347416275	0.9843522672938779	0.9867155435481882	0.9858446677515627	0.9845361507604573	0.97752818738508
0.9736202322681	0.9822833513128402	0.977752576648442	1.0	0.9774639893708765	0.9776502333840383	0.9763617010203008	0.9762736375729388	0.9857517780401649	0.977514055531828	0.9858389240926125	0.9844209741611193	0.9780022810540467	0.9724849295806374	0.9742070845043328	0.9776887680525497	0.9702766158803718	0.9715908298224326	0.9771547724158062	0.9770191281975661	0.9674565596170616	0.9769448704289666	0.9778020923317124	0.9855681024339895	0.9761438584280783	0.9684546686097001	0.9777334523788386	0.9740774770899436	0.9775928596609329	0.9768354978312696	0.9688166015186905	0.9766210095057392	0.976804832312396	0.9778625203571496	0.9758123985747841	0.9777342949343671	0.9779055371796604	0.975897221284396	0.9857537507941392
0.9667122916947043	0.9753034878890001	0.9863577160356964	0.9774639893708765	1.0	0.9851073130394898	0.985209688938036	0.9844222811267602	0.9770448099226586	0.9837836007989351	0.9785609802067801	0.9777242791359633	0.9854281086386119	0.9799240055226613	0.9818631050224766	0.9853719600960235	0.9784452857019381	0.9804883442532671	0.9864745173807405	0.9847570800774252	0.9769109075174724	0.9854003252345815	0.9847803592529027	0.9786604716913797	0.984301987401211	0.9751815448272632	0.9861727823726647	0.9824790134436728	0.985114762130605	0.9863566153367551	0.9794126422664361	0.9855121712136263	0.9859696145618748	0.9862866665859623	0.984944162645264	0.986734942211433	0.9863649924686648	0.9855098647650258	0.9778885363354327
0.966849017467845	0.9749830134665494	0.9864361043638837	0.9776502333840383	0.9851073130394898	1.0	0.9836507054055644	0.9837809106891098	0.9778163540905463	0.9846337604661276	0.9784839199135722	0.9774318613243748	0.9988239483755315	0.9799711814641421	0.9822964010504822	0.9861250817059714	0.9783172623264387	0.9794477456182854	0.9867038990204473	0.9855723737493497	0.9745681578879268	0.9869175507049507	0.9847606543533902	0.9783212531101421	0.9835110560243799	0.973868187649137	0.9853595109764531	0.9820324084210871	0.9856315571565677	0.9856529903014926	0.9780670986282043	0.984429443261974	0.9847233910854818	0.9862917631324396	0.9839158857147318	0.98609262997278	0.9857394575846996	0.9837115348249116	0.9777747101405212
0.9678243196141016	0.9732256373375601	0.98404308410818	0.9763617010203008	0.985209688938036	0.9836507054055644	1.0	0.9824253099670114	0.9762542551343324	0.9823876231220733	0.9765398504538036	0.9758020281422115	0.9842211556319673	0.9793280411081815	0.9808626446891221	0.9830899957727941	0.9774768649928641	0.9798998472664912	0.9847589121971496	0.9845179418012167	0.9766344107620977	0.9837044585981368	0.9831453127614624	0.9766560695852818	0.9831966391322581	0.9745861696318807	0.9841094885758702	0.9808485542094117	0.9831259116047326	0.9840377352107089	0.9784787863886814	0.9836149703175258	0.9831629641366698	0.9841840064622348	0.9829782508942976	0.9848239115482741	0.9844627469954027	0.9834712432580112	0.9759780140298857
0.9656036568381208	0.9739037074892729	0.984697229896874	0.9762736375729388	0.9844222811267602	0.9837809106891098	0.9824253099670114	1.0	0.9765880179389183	0.9822564637455118	0.9764061443534192	0.9762920569076989	0.9841697621795853	0.9781626735427411	0.980834261334062	0.9837863883111205	0.9753599484625386	0.9806371477024924	0.9862251846916463	0.9834968815813434	0.9740238680695742	0.9833334221811328	0.9833154860183034	0.9769206225316596	0.9839090514186961	0.973030861100685	0.9864139403018116	0.9801718590509921	0.9834345634750784	0.9862208376062578	0.9803615976302741	0.9858553877371647	0.9859003557302011	0.9865767193460925	0.9851904242592536	0.9868164019987127	0.9866194783437957	0.98465231226651	0.9759515690596544
0.9751024266096452	0.9828972119313637	0.9776351959759468	0.9857517780401649	0.9770448099226586	0.9778163540905463	0.9762542551343324	0.9765880179389183	1.0	0.9774151220260358	0.9856033300324009	0.9850797934470689	0.9783427982640982	0.9729325111049221	0.9745471504217773	0.9776758867492554	0.971076076068601	0.9721014781804459	0.976575644171306	0.9765301976755064	0.9683510198272728	0.9774991084364983	0.9772390864688842	0.9868559674688802	0.9763566870176043	0.9683125141271709	0.9767534976475463	0.9738272017097516	0.9775021066516718	0.9770286320181657	0.9697369055847671	0.9769302418718394	0.975985038671998	0.977675637149197	0.975944683796873	0.9777610171650323	0.977725433733218	0.9768578342893364	0.985439601900822
0.9651815061201194	0.9750452478027054	0.9844390032494597	0.977514055531828	0.9837836007989351	0.9846337604661276	0.9823876231220733	0.9822564637455118	0.9774151220260358	1.0	0.977965114724899	0.9766695200172661	0.9847035014104701	0.9784034668293472	0.9810078382779551	0.9840282447607733	0.9769801319729039	0.9770653173479577	0.9846630680120978	0.9835593417605993	0.9734082944118889	0.9840839889110782	0.9828466669033031	0.977636991708107	0.9809667702820997	0.9746892631839221	0.9837349036070197	0.9805381433665638	0.9842299019436525	0.9835851368725094	0.9757669394781586	0.9823841364392147	0.9822119645857104	0.9840921464643314	0.982375238100365	0.9841628288151384	0.9842164984615552	0.9818395728238566	0.9779955342353026
0.9734050550528526	0.9822445678130084	0.978021786546818	0.9858389240926125	0.9785609802067801	0.9784839199135722	0.9765398504538036	0.9764061443534192	0.9856033300324009	0.977965114724899	1.0	0.9963390862845317	0.9787478490507097	0.9725897135310927	0.9749396024296746	0.9781346476212064	0.9709053629809694	0.9711996916677692	0.9780242224797913	0.9776603309220193	0.9667951014917598	0.9770681138322113	0.9781760431677875	0.9858219934672363	0.9755075807250847	0.9677057638824134	0.977428625905229	0.9750873971850417	0.9776976002685097	0.9772981289462938	0.9700063435585216	0.9771862821927877	0.97717910461918	0.9778629425176478	0.9769512796208197	0.9786040545824151	0.9782049538727027	0.9762578303667738	0.9912053708392263
0.9730764142719933	0.9838076234561587	0.9769873478727633	0.9844209741611193	0.9777242791359633	0.9774318613243748	0.9758020281422115	0.9762920569076989	0.9850797934470689	0.9766695200172661	0.9963390862845317	1.0	0.9778038559472275	0.9716936398091283	0.9741560067969136	0.9769761931383579	0.9697239288676703	0.9701902149261883	0.97662475057497	0.9763559464492969	0.9656647226486553	0.9764605621381323	0.9772159859991125	0.9845503294932814	0.9742656725771862	0.9669627685517705	0.9763433203706519	0.973286532441302	0.9768193938482987	0.9761723884550229	0.9688981367705499	0.9761834184460899	0.9763506713018048	0.9770895036627482	0.9759511859677337	0.9778152642707266	0.9770034111788061	0.9758092679679519	0.9903514295540676
0.9678646630602273	0.9752895865595884	0.9866379340350325	0.9780022810540467	0.9854281086386119	0.9988239483755315	0.9842211556319673	0.9841697621795853	0.9783427982640982	0.9847035014104701	0.9787478490507097	0.9778038559472275	1.0	0.9803821500649953	0.9826404519037255	0.9862954431498883	0.978847696344667	0.980197368753713	0.9869168133358069	0.9857458522579826	0.9754854340826098	0.9871146890195828	0.9847772913057392	0.9788976136301921	0.9842164215843834	0.9746375907623563	0.9856450083944668	0.9823299430053245	0.9857293982004639	0.9860500732415544	0.9786479379453165	0.9848500578176602	0.985057546226999	0.9867105103574315	0.9840742155275304	0.9864479110026331	0.9860040397370228	0.984077621147073	0.9781407844169303
0.9647777601901377	0.9705293510647484	0.9794382282472553	0.9724849295806374	0.9799240055226613	0.9799711814641421	0.9793280411081815	0.9781626735427411	0.9729325111049221	0.9784034668293472	0.9725897135310927	0.9716936398091283	0.9803821500649953	1.0	0.9924477475315824	0.9793360934556437	0.974650879660097	0.9765739189393348	0.9810731800461457	0.9801153718157204	0.9719606793754059	0.979616346505351	0.980315359740452	0.9736985827875149	0.9791265285331322	0.9727472692433544	0.9802686178854112	0.9777336457734962	0.9807551322983752	0.9803433657403272	0.974155736833786	0.9788506357358181	0.9790812251602847	0.9805663026253961	0.9787394189395077	0.9809868589767395	0.9804856669552667	0.9791833291933969	0.9729657178373534
0.9648966436876876	0.9722149560935531	0.9818594295401197	0.9742070845043328	0.9818631050224766	0.9822964010504822	0.9808626446891221	0.980834261334062	0.9745471504217773	0.9810078382779551	0.9749396024296746	0.9741560067969136	0.9826404519037255	0.9924477475315824	1.0	0.9818217273060414	0.9771265198807845	0.9776696798519238	0.9830631527815972	0.9821487701554698	0.9728229078688507	0.9814979569125175	0.9824844125430163	0.9755372373871384	0.9802021963604748	0.9740148674496625	0.982245104686976	0.9789950420635595	0.9827569839769286	0.9822256510230124	0.9757615797616991	0.9810762822626606	0.9808095023682885	0.9820824794041048	0.9809954469706101	0.98222196107501	0.9818542187898945	0.9806187776903119	0.9751400293465472
0.9666850892880614	0.9746425972606414	0.9871430029645887	0.9776887680525497	0.9853719600960235	0.9861250817059714	0.9830899957727941	0.9837863883111205	0.9776758867492554	0.9840282447607733	0.9781346476212064	0.9769761931383579	0.9862954431498883	0.9793360934556437	0.9818217273060414	1.0	0.9779622296312749	0.9791524786817388	0.9855818167621473	0.9848173946816373	0.9760571633149845	0.9852138405671313	0.9848426293192858	0.9780089615409456	0.9836377830510126	0.9744972717939755	0.9850936261031328	0.9812217224834096	0.9844242771956837	0.9850439693929821	0.9769007781608527	0.9845959717386087	0.9843443558997416	0.9856133143055156	0.9842029403959143	0.9859032384153634	0.9855416025900263	0.9839208717871164	0.9776014794158988
0.9620231452344759	0.9671582828839836	0.9772032190691068	0.9702766158803718	0.9784452857019381	0.9783172623264387	0.9774768649928641	0.9753599484625386	0.971076076068601	0.9769801319729039	0.9709053629809694	0.9697239288676703	0.978847696344667	0.974650879660097	0.9771265198807845	0.9779622296312749	1.0	0.9754899670753905	0.9779934465869764	0.9770632159362983	0.974391393017145	0.9789650469958366	0.977762280976444	0.9721722423872595	0.9770517382851786	0.9713117742145799	0.9765668721025775	0.9779253525838849	0.9780812423168785	0.976714565751963	0.9736677128279969	0.9773467994040917	0.9764472377763538	0.9768484089557251	0.9757319131073585	0.9772599178176086	0.9767130031202741	0.9770352727095551	0.9715055578240688
0.9648161051627734	0.968163956328006	0.9790017914553834	0.9715908298224326	0.9804883442532671	0.9794477456182854	0.9798998472664912	0.9806371477024924	0.9721014781804459	0.9770653173479577	0.9711996916677692	0.9701902149261883	0.980197368753713	0.9765739189393348	0.9776696798519238	0.9791524786817388	0.9754899670753905	1.0	0.9821544878570476	0.9797214294927308	0.9750876661401681	0.9797475754098968	0.979573158478187	0.9728569977383669	0.9829563753342699	0.9714161255276245	0.9829672995557263	0.9771247767598179	0.9792959381868248	0.9851224589022031	0.9779394574325196	0.9827189537405684	0.9817730272798868	0.983308806892096	0.9817481665760198	0.9829046505405149	0.9853785082078972	0.9827229905451168	0.9718236192139352
0.9657002841446161	0.9747624078627897	0.9860743186640499	0.9771547724158062	0.9864745173807405	0.9867038990204473	0.9847589121971496	0.9862251846916463	0.976575644171306	0.9846630680120978	0.9780242224797913	0.97662475057497	0.9869168133358069	0.9810731800461457	0.9830631527815972	0.9855818167621473	0.9779934465869764	0.9821544878570476	1.0	0.9861343730470531	0.976289655721572	0.9855856668944298	0.9851268701416713	0.977590987033614	0.9878776131198606	0.9746877051107493	0.9888576740344479	0.9829336212951354	0.98638708852187	0.9882290184120309	0.9799049047943468	0.9869422144936248	0.9869163649593818	0.9907423043420731	0.986587413232679	0.9896320570315881	0.9883379220639467	0.9868549086892986	0.9770493376729518
0.9651049703239615	0.9744566024999879	0.985106459418731	0.9770191281975661	0.9847570800774252	0.9855723737493497	0.9845179418012167	0.9834968815813434	0.9765301976755064	0.9835593417605993	0.9776603309220193	0.9763559464492969	0.9857458522579826	0.9801153718157204	0.9821487701554698	0.9848173946816373	0.9770632159362983	0.9797214294927308	0.9861343730470531	1.0	0.97492481291703	0.9841949638623219	0.9848595622557996	0.9772478594187699	0.9828390550867959	0.9741037800272841	0.9860103101304066	0.9823711638383228	0.9853708813840399	0.985903071812026	0.9787424728291709	0.9838938926431684	0.9842199002016022	0.9854095060577527	0.9839571347906096	0.9862024247906542	0.9860884611806923	0.983872040281652	0.9767737269891743
0.9624623081025774	0.9646010599409944	0.9743227723754546	0.9674565596170616	0.9769109075174724	0.9745681578879268	0.9766344107620977	0.9740238680695742	0.9683510198272728	0.9734082944118889	0.9667951014917598	0.9656647226486553	0.9754854340826098	0.9719606793754059	0.9728229078688507	0.9760571633149845	0.974391393017145	0.9750876661401681	0.976289655721572	0.97492481291703	1.0	0.975525792093043	0.9744603181886673	0.9687740235886815	0.9761914833537875	0.9702472259876569	0.9750742212910681	0.9766194787590775	0.9742290564269827	0.9745852964926969	0.9734836442905451	0.9773033151388415	0.9761857703648685	0.9753744151865753	0.9729946620026002	0.9758161886277308	0.9754991638878747	0.9748705823831241	0.9685950208500259
0.9660128099567357	0.9749520837735853	0.9859235141653009	0.9769448704289666	0.9854003252345815	0.9869175507049507	0.9837044585981368	0.9833334221811328	0.9774991084364983	0.9840839889110782	0.9770681138322113	0.9764605621381323	0.9871146890195828	0.979616346505351	0.9814979569125175	0.9852138405671313	0.9789650469958366	0.9797475754098968	0.9855856668944298	0.9841949638623219	0.975525792093043	1.0	0.9841325913075617	0.9778409514357917	0.9838831073372152	0.9746656057397179	0.984542664764975	0.9822214183022553	0.9855976992486983	0.984894856403458	0.9783743106400333	0.9841227155145378	0.9841993484169981	0.9851356391598585	0.9838898359501257	0.985554702403839	0.9848453664553966	0.9843312068811456	0.9768291504990988
0.9663559705845098	0.9751840586126036	0.9850896144438126	0.9778020923317124	0.9847803592529027	0.9847606543533902	0.9831453127614624	0.9833154860183034	0.9772390864688842	0.9828466669033031	0.9781760431677875	0.9772159859991125	0.9847772913057392	0.980315359740452	0.9824844125430163	0.9848426293192858	0.977762280976444	0.979573158478187	0.9851268701416713	0.9848595622557996	0.9744603181886673	0.9841325913075617	1.0	0.9781281708695875	0.9830229489603473	0.9753273298013028	0.9852466256325604	0.9823359853327456	0.9849885806868149	0.9856552543308004	0.9774875970759941	0.9838754608244817	0.984478232923871	0.9852404486911914	0.9845786180783359	0.9858618516761583	0.9850660430080593	0.9847174055382315	0.9770315412673234
0.9769328292341702	0.9823551957914256	0.9787836396264085	0.9855681024339895	0.9786604716913797	0.9783212531101421	0.9766560695852818	0.9769206225316596	0.9868559674688802	0.977636991708107	0.9858219934672363	0.9845503294932814	0.9788976136301921	0.9736985827875149	0.9755372373871384	0.9780089615409456	0.9721722423872595	0.9728569977383669	0.977590987033614	0.9772478594187699	0.9687740235886815	0.9778409514357917	0.9781281708695875	1.0	0.9768500169240787	0.9696984704026054	0.9774622165661424	0.9748802706255845	0.9778615407359419	0.9774676574111768	0.9707816220304829	0.9778981434457393	0.9770361647053586	0.9782305233845522	0.9766091198268932	0.9785948447913566	0.9780881505306745	0.9771585947410771	0.9860285000856474
0.9661068160142656	0.9720048702202627	0.9835110560243799	0.9761438584280783	0.984301987401211	0.9835110560243799	0.9831966391322581	0.9839090514186961	0.9763566870176043	0.9809667702820997	0.9755075807250847	0.9742656725771862	0.9842164215843834	0.9791265285331322	0.9802021963604748	0.9836377830510126	0.9770517382851786	0.9829563753342699	0.9878776131198606	0.9828390550867959	0.9761914833537875	0.9838831073372152	0.9830229489603473	0.9768500169240787	1.0	0.9750942453159457	0.9866063085366552	0.9805647956823967	0.9826291262442054	0.9863936207391195	0.9797039050059482	0.9855734413049593	0.9861700269196314	0.9959346664791011	0.9848002903820656	0.9883404530552	0.9870243196033067	0.9859891158828231	0.975156426800281
0.9610216338655709	0.9646749951099759	0.9735800163189612	0.9684546686097001	0.9751815448272632	0.973868187649137	0.9745861696318807	0.973030861100685	0.9683125141271709	0.9746892631839221	0.9677057638824134	0.9669627685517705	0.9746375907623563	0.9727472692433544	0.9740148674496625	0.9744972717939755	0.9713117742145799	0.9714161255276245	0.9746877051107493	0.9741037800272841	0.9702472259876569	0.9746656057397179	0.9753273298013028	0.9696984704026054	0.9750942453159457	1.0	0.9754346627221525	0.9741105171487713	0.9743463747472565	0.9747809119078913	0.9711860503757466	0.9746991653416104	0.9741966971950308	0.9754893805573287	0.9742578364771356	0.9750817783163818	0.9748231486191141	0.9745280500401612	0.9672054563929653
0.9663713862840903	0.9752365627176063	0.9852786000656137	0.9777334523788386	0.9861727823726647	0.9853595109764531	0.9841094885758702	0.9864139403018116	0.9767534976475463	0.9837349036070197	0.977428625905229	0.9763433203706519	0.9856450083944668	0.9802686178854112	0.982245104686976	0.9850936261031328	0.9765668721025775	0.9829672995557263	0.9888576740344479	0.9860103101304066	0.9750742212910681	0.984542664764975	0.9852466256325604	0.9774622165661424	0.9866063085366552	0.9754346627221525	1.0	0.9823153616645041	0.9858155021172197	0.9894132762377655	0.9792212647139787	0.9874529297047665	0.9869434882066381	0.9899675741248639	0.9876492559708532	0.9890421238682077	0.9896615928237243	0.987642039644008	0.9766694550856321
0.9633562822281764	0.9697982472097412	0.982436903128743	0.9740774770899436	0.9824790134436728	0.9820324084210871	0.9808485542094117	0.9801718590509921	0.9738272017097516	0.9805381433665638	0.9750873971850417	0.973286532441302	0.9823299430053245	0.9777336457734962	0.9789950420635595	0.9812217224834096	0.9779253525838849	0.9771247767598179	0.9829336212951354	0.9823711638383228	0.9766194787590775	0.9822214183022553	0.9823359853327456	0.9748802706255845	0.9805647956823967	0.9741105171487713	0.9823153616645041	1.0	0.9820379343317245	0.982795126652156	0.9799233423977504	0.9820687247542775	0.9820188517901149	0.9822433898847092	0.9808554983050806	0.9841385817133993	0.9826341223044038	0.9808396818569423	0.9737833990238803
0.9655824732997693	0.974785440095202	0.9853690426007226	0.9775928596609329	0.985114762130605	0.9856315571565677	0.9831259116047326	0.9834345634750784	0.9775021066516718	0.9842299019436525	0.9776976002685097	0.9768193938482987	0.9857293982004639	0.9807551322983752	0.9827569839769286	0.9844242771956837	0.9780812423168785	0.9792959381868248	0.98638708852187	0.9853708813840399	0.9742290564269827	0.9855976992486983	0.9849885806868149	0.9778615407359419	0.9826291262442054	0.9743463747472565	0.9858155021172197	0.9820379343317245	1.0	0.9851013248116676	0.9773206903437189	0.9837793999269675	0.9840008072172167	0.9851161777656019	0.9845530545661673	0.9859613642660704	0.985108140557025	0.9844647552543028	0.9772938449702185
0.9656662711418671	0.974403075998815	0.9856529903014926	0.9768354978312696	0.9863566153367551	0.9856529903014926	0.9840377352107089	0.9862208376062578	0.9770286320181657	0.9835851368725094	0.9772981289462938	0.9761723884550229	0.9860500732415544	0.9803433657403272	0.9822256510230124	0.9850439693929821	0.976714565751963	0.9851224589022031	0.9882290184120309	0.985903071812026	0.9745852964926969	0.984894856403458	0.9856552543308004	0.9774676574111768	0.9863936207391195	0.9747809119078913	0.9894132762377655	0.982795126652156	0.9851013248116676	1.0	0.9801609753448104	0.9868182965075717	0.9875273166326267	0.9895607357726358	0.9875271335336248	0.9891227827843772	0.9911513595652859	0.9876173948980048	0.9769380059777203
0.9639864682090018	0.9660684956302134	0.9781507907234869	0.9688166015186905	0.9794126422664361	0.9780670986282043	0.9784787863886814	0.9803615976302741	0.9697369055847671	0.9757669394781586	0.9700063435585216	0.9688981367705499	0.9786479379453165	0.974155736833786	0.9757615797616991	0.9769007781608527	0.9736677128279969	0.9779394574325196	0.9799049047943468	0.9787424728291709	0.9734836442905451	0.9783743106400333	0.9774875970759941	0.9707816220304829	0.9797039050059482	0.9711860503757466	0.9792212647139787	0.9799233423977504	0.9773206903437189	0.9801609753448104	1.0	0.9800025721563707	0.9804780028928255	0.9796787863414198	0.9787186580637568	0.9802975391320985	0.9792848610972749	0.9793012871826601	0.9695052487447322
0.9654969117496524	0.9739715499261679	0.9842560870952052	0.9766210095057392	0.9855121712136263	0.984429443261974	0.9836149703175258	0.9858553877371647	0.9769302418718394	0.9823841364392147	0.9771862821927877	0.9761834184460899	0.9848500578176602	0.9788506357358181	0.9810762822626606	0.9845959717386087	0.9773467994040917	0.9827189537405684	0.9869422144936248	0.9838938926431684	0.9773033151388415	0.9841227155145378	0.9838754608244817	0.9778981434457393	0.9855734413049593	0.9746991653416104	0.9874529297047665	0.9820687247542775	0.9837793999269675	0.9868182965075717	0.9800025721563707	1.0	0.9872358229988798	0.9875195390443305	0.9856717075435325	0.9874062213396121	0.9871744256372808	0.9856013472002478	0.9769137194296349
0.9646276060803954	0.9740590169929747	0.984863769284705	0.976804832312396	0.9859696145618748	0.9847233910854818	0.9831629641366698	0.9859003557302011	0.975985038671998	0.9822119645857104	0.97717910461918	0.9763506713018048	0.985057546226999	0.9790812251602847	0.9808095023682885	0.9843443558997416	0.9764472377763538	0.9817730272798868	0.9869163649593818	0.9842199002016022	0.9761857703648685	0.9841993484169981	0.984478232923871	0.9770361647053586	0.9861700269196314	0.9741966971950308	0.9869434882066381	0.9820188517901149	0.9840008072172167	0.9875273166326267	0.9804780028928255	0.9872358229988798	1.0	0.9881661502792136	0.9867016766698761	0.9883792908087892	0.9876657632638665	0.9870056455892898	0.976419579106666
0.9655068537688504	0.9752016657003807	0.9857862347416275	0.9778625203571496	0.9862866665859623	0.9862917631324396	0.9841840064622348	0.9865767193460925	0.977675637149197	0.9840921464643314	0.9778629425176478	0.9770895036627482	0.9867105103574315	0.9805663026253961	0.9820824794041048	0.9856133143055156	0.9768484089557251	0.983308806892096	0.9907423043420731	0.9854095060577527	0.9753744151865753	0.9851356391598585	0.9852404486911914	0.9782305233845522	0.9959346664791011	0.9754893805573287	0.9899675741248639	0.9822433898847092	0.9851161777656019	0.9895607357726358	0.9796787863414198	0.9875195390443305	0.9881661502792136	1.0	0.9878873617351392	0.9915636261982675	0.990259164705879	0.9880456018328327	0.9771652678290685
0.9636625108388707	0.9733943447445917	0.9843522672938779	0.9758123985747841	0.984944162645264	0.9839158857147318	0.9829782508942976	0.9851904242592536	0.975944683796873	0.982375238100365	0.9769512796208197	0.9759511859677337	0.9840742155275304	0.9787394189395077	0.9809954469706101	0.9842029403959143	0.9757319131073585	0.9817481665760198	0.986587413232679	0.9839571347906096	0.9729946620026002	0.9838898359501257	0.9845786180783359	0.9766091198268932	0.9848002903820656	0.9742578364771356	0.9876492559708532	0.9808554983050806	0.9845530545661673	0.9875271335336248	0.9787186580637568	0.9856717075435325	0.9867016766698761	0.9878873617351392	1.0	0.9877281370765143	0.9880253665420717	0.9936922427474587	0.9759952463454131
0.9660742911582294	0.9754479458858929	0.9867155435481882	0.9777342949343671	0.986734942211433	0.98609262997278	0.9848239115482741	0.9868164019987127	0.9777610171650323	0.9841628288151384	0.9786040545824151	0.9778152642707266	0.9864479110026331	0.9809868589767395	0.98222196107501	0.9859032384153634	0.9772599178176086	0.9829046505405149	0.9896320570315881	0.9862024247906542	0.9758161886277308	0.985554702403839	0.9858618516761583	0.9785948447913566	0.9883404530552	0.9750817783163818	0.9890421238682077	0.9841385817133993	0.9859613642660704	0.9891227827843772	0.9802975391320985	0.9874062213396121	0.9883792908087892	0.9915636261982675	0.9877281370765143	1.0	0.990007582448344	0.9878781473775452	0.9778620840363205
0.9654420857997786	0.9748758543410058	0.9858446677515627	0.9779055371796604	0.9863649924686648	0.9857394575846996	0.9844627469954027	0.9866194783437957	0.977725433733218	0.9842164984615552	0.9782049538727027	0.9770034111788061	0.9860040397370228	0.9804856669552667	0.9818542187898945	0.9855416025900263	0.9767130031202741	0.9853785082078972	0.9883379220639467	0.9860884611806923	0.9754991638878747	0.9848453664553966	0.9850660430080593	0.9780881505306745	0.9870243196033067	0.9748231486191141	0.9896615928237243	0.9826341223044038	0.985108140557025	0.9911513595652859	0.9792848610972749	0.9871744256372808	0.9876657632638665	0.990259164705879	0.9880253665420717	0.990007582448344	1.0	0.9881100190893067	0.977260211750592
0.9655806088369373	0.9738836361008523	0.9845361507604573	0.975897221284396	0.9855098647650258	0.9837115348249116	0.9834712432580112	0.98465231226651	0.9768578342893364	0.9818395728238566	0.9762578303667738	0.9758092679679519	0.984077621147073	0.9791833291933969	0.9806187776903119	0.9839208717871164	0.9770352727095551	0.9827229905451168	0.9868549086892986	0.983872040281652	0.9748705823831241	0.9843312068811456	0.9847174055382315	0.9771585947410771	0.9859891158828231	0.9745280500401612	0.987642039644008	0.9808396818569423	0.9844647552543028	0.9876173948980048	0.9793012871826601	0.9856013472002478	0.9870056455892898	0.9880456018328327	0.9936922427474587	0.9878781473775452	0.9881100190893067	1.0	0.976393860721728
0.9740763659208515	0.9822467222558068	0.97752818738508	0.9857537507941392	0.9778885363354327	0.9777747101405212	0.9759780140298857	0.9759515690596544	0.985439601900822	0.9779955342353026	0.9912053708392263	0.9903514295540676	0.9781407844169303	0.9729657178373534	0.9751400293465472	0.9776014794158988	0.9715055578240688	0.9718236192139352	0.9770493376729518	0.9767737269891743	0.9685950208500259	0.9768291504990988	0.9770315412673234	0.9860285000856474	0.975156426800281	0.9672054563929653	0.9766694550856321	0.9737833990238803	0.9772938449702185	0.9769380059777203	0.9695052487447322	0.9769137194296349	0.976419579106666	0.9771652678290685	0.9759952463454131	0.9778620840363205	0.977260211750592	0.976393860721728	1.0
