/home/jshaw/scratch/2022_sketched_distance/references/SGB_genome_fastas_part5/16986/BritoIL_2016__WL.15.SA__bin.6.fa	/home/jshaw/scratch/2022_sketched_distance/references/SGB_genome_fastas_part5/16986/Castro-NallarE_2015__ES_114__bin.27.fa	/home/jshaw/scratch/2022_sketched_distance/references/SGB_genome_fastas_part5/16986/Castro-NallarE_2015__ES_137__bin.11.fa	/home/jshaw/scratch/2022_sketched_distance/references/SGB_genome_fastas_part5/16986/CM_cf__CF_TNFC018IS_t3M15__bin.5.fa	/home/jshaw/scratch/2022_sketched_distance/references/SGB_genome_fastas_part5/16986/CM_cf__CF_TNFC018SA_t1M16__bin.3.fa	/home/jshaw/scratch/2022_sketched_distance/references/SGB_genome_fastas_part5/16986/CM_cf__CF_TNFC034SA_t1M16__bin.2.fa	/home/jshaw/scratch/2022_sketched_distance/references/SGB_genome_fastas_part5/16986/CM_cf__CF_TNFC034SS_t1M15__bin.6.fa	/home/jshaw/scratch/2022_sketched_distance/references/SGB_genome_fastas_part5/16986/CM_cf__CF_TNFC038SA_t1M16__bin.15.fa	/home/jshaw/scratch/2022_sketched_distance/references/SGB_genome_fastas_part5/16986/CM_cf__CF_TNFC041IS_t2M15__bin.5.fa	/home/jshaw/scratch/2022_sketched_distance/references/SGB_genome_fastas_part5/16986/CM_cf__CF_TNFC041SA_t1M15__bin.7.fa	/home/jshaw/scratch/2022_sketched_distance/references/SGB_genome_fastas_part5/16986/CM_cf__CF_TNFC048SA_t1M16__bin.1.fa	/home/jshaw/scratch/2022_sketched_distance/references/SGB_genome_fastas_part5/16986/CM_cf__CF_TNFC054IS_t1M15__bin.19.fa	/home/jshaw/scratch/2022_sketched_distance/references/SGB_genome_fastas_part5/16986/CM_cf__CF_TNFC059SA_t1M16__bin.1.fa	/home/jshaw/scratch/2022_sketched_distance/references/SGB_genome_fastas_part5/16986/CM_cf__CF_TNFC060IS_t1M15__bin.6.fa	/home/jshaw/scratch/2022_sketched_distance/references/SGB_genome_fastas_part5/16986/CM_cf__CF_TNFC060SA_t1M16__bin.3.fa	/home/jshaw/scratch/2022_sketched_distance/references/SGB_genome_fastas_part5/16986/FerrettiP_2018__CA_C10001MS2001SA_t0M15__bin.6.fa	/home/jshaw/scratch/2022_sketched_distance/references/SGB_genome_fastas_part5/16986/FerrettiP_2018__CA_C10009MS2133SA_t0M15__bin.19.fa	/home/jshaw/scratch/2022_sketched_distance/references/SGB_genome_fastas_part5/16986/FerrettiP_2018__CA_C10015IS2250SA_t2M15__bin.2.fa	/home/jshaw/scratch/2022_sketched_distance/references/SGB_genome_fastas_part5/16986/FerrettiP_2018__CA_C10023IS2394SA_t2M15__bin.3.fa	/home/jshaw/scratch/2022_sketched_distance/references/SGB_genome_fastas_part5/16986/FerrettiP_2018__CA_C10039IS2678SA_t2M15__bin.2.fa	/home/jshaw/scratch/2022_sketched_distance/references/SGB_genome_fastas_part5/16986/FerrettiP_2018__CA_C10039MS2669SA_t0M15__bin.11.fa	/home/jshaw/scratch/2022_sketched_distance/references/SGB_genome_fastas_part5/16986/FerrettiP_2018__CA_C10042MS2723SA_t0M16__bin.24.fa	/home/jshaw/scratch/2022_sketched_distance/references/SGB_genome_fastas_part5/16986/FerrettiP_2018__CA_C10055IS2966SA_t2M16__bin.10.fa	/home/jshaw/scratch/2022_sketched_distance/references/SGB_genome_fastas_part5/16986/HMP_2012__SRS014470__bin.8.fa	/home/jshaw/scratch/2022_sketched_distance/references/SGB_genome_fastas_part5/16986/HMP_2012__SRS014684__bin.2.fa	/home/jshaw/scratch/2022_sketched_distance/references/SGB_genome_fastas_part5/16986/HMP_2012__SRS015057__bin.45.fa	/home/jshaw/scratch/2022_sketched_distance/references/SGB_genome_fastas_part5/16986/HMP_2012__SRS015272__bin.25.fa	/home/jshaw/scratch/2022_sketched_distance/references/SGB_genome_fastas_part5/16986/HMP_2012__SRS015537__bin.16.fa	/home/jshaw/scratch/2022_sketched_distance/references/SGB_genome_fastas_part5/16986/HMP_2012__SRS015941__bin.16.fa	/home/jshaw/scratch/2022_sketched_distance/references/SGB_genome_fastas_part5/16986/HMP_2012__SRS016086__bin.6.fa	/home/jshaw/scratch/2022_sketched_distance/references/SGB_genome_fastas_part5/16986/HMP_2012__SRS016319__bin.66.fa	/home/jshaw/scratch/2022_sketched_distance/references/SGB_genome_fastas_part5/16986/HMP_2012__SRS017076__bin.19.fa	/home/jshaw/scratch/2022_sketched_distance/references/SGB_genome_fastas_part5/16986/HMP_2012__SRS017713__bin.25.fa	/home/jshaw/scratch/2022_sketched_distance/references/SGB_genome_fastas_part5/16986/HMP_2012__SRS018591__bin.11.fa	/home/jshaw/scratch/2022_sketched_distance/references/SGB_genome_fastas_part5/16986/HMP_2012__SRS018791__bin.39.fa	/home/jshaw/scratch/2022_sketched_distance/references/SGB_genome_fastas_part5/16986/HMP_2012__SRS019022__bin.34.fa	/home/jshaw/scratch/2022_sketched_distance/references/SGB_genome_fastas_part5/16986/HMP_2012__SRS019045__bin.46.fa	/home/jshaw/scratch/2022_sketched_distance/references/SGB_genome_fastas_part5/16986/HMP_2012__SRS024637__bin.14.fa	/home/jshaw/scratch/2022_sketched_distance/references/SGB_genome_fastas_part5/16986/HMP_2012__SRS044373__bin.55.fa	/home/jshaw/scratch/2022_sketched_distance/references/SGB_genome_fastas_part5/16986/HMP_2012__SRS051791__bin.41.fa	/home/jshaw/scratch/2022_sketched_distance/references/SGB_genome_fastas_part5/16986/HMP_2012__SRS057791__bin.37.fa	/home/jshaw/scratch/2022_sketched_distance/references/SGB_genome_fastas_part5/16986/LiJ_2017__H3M518112__bin.15.fa
1.0	0.965015719883742	0.9666744364831004	0.9719789412558363	0.9805452316331761	0.9688266111011864	0.9631484020556708	0.9702471721716321	0.9717674682892964	0.9726052035129386	0.9791806250554432	0.9639434120177556	0.9727084142180551	0.9779762866195537	0.9775795364509368	0.9733208740038776	0.979683467204248	0.9609643329737485	0.9656450289151415	0.9778445724504145	0.9726568499351405	0.9766345532225167	0.9595269459788051	0.9753778161155519	0.9786269924819124	0.9757083276568203	0.9800555816988934	0.9761283948719467	0.9760819876944541	0.9652741050903828	0.9716079526026219	0.9675830712848761	0.9744633952474507	0.9774907099385413	0.9777123238700218	0.9758489536403389	0.9758489536403389	0.9684761758154065	0.9744145475061533	0.9730670864129889	0.969629803783533	0.9638534967218195
0.965015719883742	1.0	0.9684698704759573	0.9802427596812162	0.9812513703727753	0.9814665767825158	0.9800410785951086	0.9816803767873655	0.9728787979736846	0.9854600746908456	0.98676318454697	0.9839444126236534	0.973976843211523	0.9807728718153359	0.978316523675633	0.9753509440820187	0.98256339124946	0.9846035301982776	0.9770196998903335	0.9853459374274319	0.9802427596812162	0.9872343402125419	0.9809765516257769	0.9830165918537658	0.9817655071665318	0.9824386950282997	0.987981470687689	0.9798394543402529	0.98676318454697	0.9819351064497648	0.9806411476419165	0.9838248711858499	0.9833422991136875	0.9812945250707348	0.9862110221029092	0.9812945250707348	0.9785987593819112	0.9866900963596027	0.9856116434130373	0.9793396649313906	0.9755058193656679	0.964944406246327
0.9666744364831004	0.9684698704759573	1.0	0.9738775001633054	0.9793086119159478	0.9710782986930492	0.9648568978463213	0.9747415913747473	0.9742583720499542	0.9779368820479726	0.9820612147766571	0.9693629416816993	0.9762005786780814	0.9804912699491523	0.9787479778379475	0.9753225971818401	0.9823157020764318	0.9672352309100248	0.9659883423243495	0.9801319143294609	0.9755832964684672	0.9800867157091667	0.9651546313201533	0.978842088290037	0.9782254603276752	0.9794933702218058	0.9829434003380796	0.9790761837046268	0.9797685620801958	0.9673511215720129	0.9764037640171565	0.9719030412076622	0.9771546098191716	0.9822734246566924	0.9811545950458465	0.9760473527319388	0.9755832964684672	0.9735474437521873	0.9789359280760551	0.9787950669964309	0.9718448224871514	0.9644082386764845
0.9719789412558363	0.9802427596812162	0.9738775001633054	1.0	0.9985533272420873	0.9816775281236223	0.9815379691902684	0.9772695996989614	0.9746915879809366	0.9818506027463733	0.9827490973291181	0.9796616236338964	0.9762042204165473	0.9799760199606325	0.9788818928420562	0.9761208054980944	0.9817101575725758	0.9776598582535044	0.9784454682991751	0.9813563844704642	0.9768639533962251	0.9816044267089674	0.9766966587916209	0.9783402700211592	0.9815337491819603	0.9784959392604154	0.9833570019707536	0.9796028620178	0.9806371477024924	0.9779120161803577	0.9765769640607552	0.9803563563962132	0.9780660478325149	0.9804182546094219	0.9821644181385895	0.9821644181385895	0.9788435023011002	0.9803964627869167	0.9809627633513387	0.9779478143000999	0.972232787083758	0.9694695286181084
0.9805452316331761	0.9812513703727753	0.9793086119159478	0.9985533272420873	1.0	0.9836367647421487	0.9840168675693606	0.9812533111322183	0.982811836049712	0.9819371112200276	0.981053690359191	0.9811512123185657	0.9814900745048932	0.9788288832971976	0.9798685284407924	0.9834024143914948	0.9800611563353763	0.9795698082244416	0.9804736805700015	0.9809137315473024	0.9793893560441794	0.9813886789824557	0.9784551462751382	0.9815258758892629	0.9819168958555596	0.9817997398008897	0.9829263718353218	0.9791277919482849	0.9804463998896134	0.9800908578723062	0.9808927030343266	0.9823868563482752	0.9798213236381591	0.979385553723895	0.9813626816666738	0.9807675122964512	0.9823900456539512	0.9816808409418388	0.9809725990688148	0.9791537395325425	0.9804344118103638	0.9750421443817607
0.9688266111011864	0.9814665767825158	0.9710782986930492	0.9816775281236223	0.9836367647421487	1.0	0.9991527521688383	0.9761734512155342	0.9704271254176886	0.9816066078853604	0.9818189091500412	0.9831449826467148	0.9720193849869333	0.9797441327926711	0.9784407401288875	0.9732811289040273	0.9812855505357255	0.9831950982040338	0.9820206450286254	0.9811418406196605	0.9751079372205783	0.9808888186100313	0.9827124597500155	0.9762153542716431	0.9805239277240235	0.9769195742257911	0.98346951332407	0.9777689801728575	0.977928291139304	0.9781458891631388	0.9734639481340582	0.9794578231775132	0.9754098171855853	0.9795178716833668	0.9805606006505841	0.9824822537528174	0.9773268163586475	0.9803215232171814	0.9807797783549035	0.97780888097312	0.9671955763649662	0.9659226135322925
0.9631484020556708	0.9800410785951086	0.9648568978463213	0.9815379691902684	0.9840168675693606	0.9991527521688383	1.0	0.9762787148376912	0.965534832698983	0.9822900965481391	0.9827445001142441	0.9825748367355936	0.9699186465338286	0.9795472207001508	0.9779539163505441	0.9722580525111519	0.9811849154895388	0.9806480841357116	0.9628372380090775	0.9799183124283857	0.9755134049250725	0.9820605080498469	0.9811849154895388	0.9772941379401241	0.9818872537798979	0.9764159484977957	0.9848737505384724	0.978919204645555	0.9787284187988232	0.9763474040026424	0.975159492692233	0.9792347230298054	0.9764843489413554	0.9802243671345973	0.9819451071576066	0.9843945100703578	0.9787284187988232	0.9806480841357116	0.9825748367355936	0.9776256968813747	0.9656305250271666	0.9631484020556708
0.9702471721716321	0.9816803767873655	0.9747415913747473	0.9772695996989614	0.9812533111322183	0.9761734512155342	0.9762787148376912	1.0	0.9775081861389456	0.9848496534747618	0.9868562484024169	0.9835056707317077	0.9754355305221883	0.9804258397061644	0.9800962572035757	0.9772522569373766	0.9824736661651241	0.981021187832795	0.9791924957841016	0.9891129946118811	0.98223320783765	0.986037562574901	0.9791956327316662	0.9841092041323367	0.9806799032215767	0.9837161450146842	0.9886908438359157	0.9787436240972198	0.9845939964007301	0.9821334225086857	0.9796888657329935	0.9823110460828597	0.9824394228915663	0.9801330420845115	0.9868562484024169	0.9810036815078007	0.978006468037562	0.9820387305798383	0.9862822684739654	0.9788967145503699	0.9781584549826188	0.9666259695450232
0.9717674682892964	0.9728787979736846	0.9742583720499542	0.9746915879809366	0.982811836049712	0.9704271254176886	0.965534832698983	0.9775081861389456	1.0	0.990983923663691	0.9841206030926644	0.9731320073020381	0.9784606473673927	0.9799887754346074	0.9810536022456824	0.9791188632975422	0.981662059591249	0.9682150154846775	0.9746262084328656	0.9853791513492556	0.980470406320457	0.9831524311693063	0.9664199595187118	0.9832201274306891	0.9785387773746943	0.9831862967793263	0.9868041535128158	0.9776688749646829	0.9819093486835725	0.972511738768735	0.9773467009333926	0.9754534235555622	0.9784606473673927	0.9803598891606266	0.9845779616468707	0.9756435923598551	0.9750844202885788	0.9753029727923869	0.9814485998500193	0.9764022943610048	0.9777003516171688	0.9644680450002626
0.9726052035129386	0.9854600746908456	0.9779368820479726	0.9818506027463733	0.9819371112200276	0.9816066078853604	0.9822900965481391	0.9848496534747618	0.990983923663691	1.0	0.9848215545472807	0.9863665201719397	0.9768261322292922	0.9806371477024924	0.9797519496385292	0.9800983822733847	0.9822772703149933	0.985129533726559	0.9849112329832507	0.9850767571501385	0.979785166076003	0.9854698382457789	0.982853048314917	0.9829170136062225	0.9796187450025821	0.9825834688514792	0.9869701117478076	0.9793506943507418	0.9827051511640859	0.9839780986036358	0.9810324116648376	0.9858338145216091	0.9804424989849645	0.981499004890022	0.9848500085538195	0.9807984742037819	0.9772127190250385	0.9861481095791302	0.9853860017205255	0.9800590592881379	0.9780341547811567	0.9697003557430651
0.9791806250554432	0.98676318454697	0.9820612147766571	0.9827490973291181	0.981053690359191	0.9818189091500412	0.9827445001142441	0.9868562484024169	0.9841206030926644	0.9848215545472807	1.0	0.9876560175209059	0.9819218411690864	0.9801277819681657	0.9809316808767896	0.9839542814976227	0.9812725293087351	0.9860556178370774	0.9855723978368952	0.985828007459587	0.9829011265464453	0.9864877928152266	0.9831324284742701	0.9859027357650322	0.9810110067544149	0.9857863009632886	0.9869596699130777	0.9800618450877555	0.9848685620711108	0.9847107453662406	0.9847202076884349	0.9883588823104595	0.983521799266071	0.9812146290632704	0.9875333628631805	0.9813410056276788	0.9809737987243639	0.9884521363923333	0.9857099248907469	0.9813875550045323	0.984045939537488	0.9732374080127003
0.9639434120177556	0.9839444126236534	0.9693629416816993	0.9796616236338964	0.9811512123185657	0.9831449826467148	0.9825748367355936	0.9835056707317077	0.9731320073020381	0.9863665201719397	0.9876560175209059	1.0	0.9730771767715862	0.9799294753034916	0.978053768434198	0.976013422168019	0.9820384635569201	0.9898826908478572	0.9816538829715069	0.9890656127623647	0.9826168783629855	0.9897319436117544	0.986058112702444	0.9833057786701622	0.9800182732844621	0.9833057786701622	0.9882133013893236	0.9788446261469058	0.9853650878792357	0.97898222049233	0.9806331922923491	0.9835455032941712	0.9815344126590999	0.9803710711719711	0.9871248550676897	0.9797958240577628	0.9754572170883473	0.9860729675480522	0.9866212461541732	0.978567684317686	0.9709217483900716	0.9626051179830181
0.9727084142180551	0.973976843211523	0.9762005786780814	0.9762042204165473	0.9814900745048932	0.9720193849869333	0.9699186465338286	0.9754355305221883	0.9784606473673927	0.9768261322292922	0.9819218411690864	0.9730771767715862	1.0	0.9831839934240527	0.9839682216779453	0.9784647072493715	0.9863010888593714	0.9680390718950888	0.9730869471938629	0.981623533596736	0.976980042194565	0.979419920109356	0.9680824257352961	0.9778885363354327	0.9782597262409033	0.9787360415059385	0.9823479862611808	0.9811877858965161	0.9778885363354327	0.9727326897523195	0.9744087189052812	0.9741151513974892	0.9763990893956993	0.983373926183341	0.9809167191715787	0.975366862721585	0.9744255952574622	0.9735037773854711	0.9781488123256742	0.978772394666787	0.9750814092729888	0.9676223832231751
0.9779762866195537	0.9807728718153359	0.9804912699491523	0.9799760199606325	0.9788288832971976	0.9797441327926711	0.9795472207001508	0.9804258397061644	0.9799887754346074	0.9806371477024924	0.9801277819681657	0.9799294753034916	0.9831839934240527	1.0	0.9965130030897881	0.9815504772507059	0.9841421273060104	0.9791340496304495	0.9775019202546215	0.979984143790941	0.9787710144144995	0.9801560761662872	0.977477699028337	0.980486164021578	0.980109778322442	0.9804514270321896	0.9808646895324834	0.9826854867297342	0.9806930388086186	0.9803096778691405	0.9803278203766551	0.9814653358494139	0.9814274064833973	0.9827048953700023	0.9796792360932562	0.9780378528371028	0.9808419560771776	0.9810999484284854	0.9788414922495726	0.982937896673189	0.9802797688508531	0.973134141177893
0.9775795364509368	0.978316523675633	0.9787479778379475	0.9788818928420562	0.9798685284407924	0.9784407401288875	0.9779539163505441	0.9800962572035757	0.9810536022456824	0.9797519496385292	0.9809316808767896	0.978053768434198	0.9839682216779453	0.9965130030897881	1.0	0.9819635645967836	0.9848435373622517	0.97513877433006	0.9780360222059254	0.9809607248677197	0.9779054098654674	0.9791606590663329	0.9742951750974654	0.9802613030305237	0.9784221191746764	0.9802587907517748	0.9811921527868516	0.9812078888310721	0.9786002998515765	0.9775342936271871	0.9786471552159483	0.9785338594141707	0.9793571021518356	0.9829049470703225	0.9799883791824509	0.9770292379405467	0.9789029938953625	0.978310167440588	0.97858137678097	0.982047662759625	0.9791361619864719	0.971051750419407
0.9733208740038776	0.9753509440820187	0.9753225971818401	0.9761208054980944	0.9834024143914948	0.9732811289040273	0.9722580525111519	0.9772522569373766	0.9791188632975422	0.9800983822733847	0.9839542814976227	0.976013422168019	0.9784647072493715	0.9815504772507059	0.9819635645967836	1.0	0.9826741568720241	0.9733174823226841	0.9749513902314318	0.9888222862697522	0.9844653380507246	0.9832053983497557	0.9715036622565413	0.9827410350508776	0.9800983822733847	0.9824390019898072	0.9873170799998926	0.9784647072493715	0.9818950777822532	0.9740805451040898	0.9777331553055406	0.9773629189508838	0.9791802100365545	0.9817920781030135	0.9851863134366524	0.9763409968962898	0.9759731790327543	0.9767158237968776	0.9821001098353924	0.9767448663313018	0.9777422644433083	0.9654668894149406
0.979683467204248	0.98256339124946	0.9823157020764318	0.9817101575725758	0.9800611563353763	0.9812855505357255	0.9811849154895388	0.9824736661651241	0.981662059591249	0.9822772703149933	0.9812725293087351	0.9820384635569201	0.9863010888593714	0.9841421273060104	0.9848435373622517	0.9826741568720241	1.0	0.9806643409432078	0.9809077893987797	0.9804565102891748	0.9790979172392565	0.9817991481291334	0.9786684343111808	0.9816805641301444	0.9799571272181075	0.9815839994465055	0.9819515808115118	0.9840177987061248	0.9804773317278932	0.9809574822167257	0.9805053971606	0.9827258474499789	0.9814587369697978	0.9840785988255841	0.9811355725488407	0.9797154549252993	0.9806099443031284	0.9826033383797511	0.9806677859136426	0.9841566136187806	0.980318498252744	0.9737995744251663
0.9609643329737485	0.9846035301982776	0.9672352309100248	0.9776598582535044	0.9795698082244416	0.9831950982040338	0.9806480841357116	0.981021187832795	0.9682150154846775	0.985129533726559	0.9860556178370774	0.9898826908478572	0.9680390718950888	0.9791340496304495	0.97513877433006	0.9733174823226841	0.9806643409432078	1.0	0.9816654627753286	0.9841228097469065	0.9787558550618142	0.9919400043337634	0.9967137751880827	0.9816654627753286	0.9809026710906219	0.9810802855118693	0.9880724638491772	0.9779210740549691	0.9843373332456224	0.9808432512360632	0.9804242603890675	0.9858520653821576	0.9819541729260829	0.9792591467721605	0.9854927860301179	0.9795698082244416	0.9748541434422291	0.9868079076718083	0.9846565114594843	0.9777253587365079	0.9709070972585776	0.9614010429061866
0.9656450289151415	0.9770196998903335	0.9659883423243495	0.9784454682991751	0.9804736805700015	0.9820206450286254	0.9628372380090775	0.9791924957841016	0.9746262084328656	0.9849112329832507	0.9855723978368952	0.9816538829715069	0.9730869471938629	0.9775019202546215	0.9780360222059254	0.9749513902314318	0.9809077893987797	0.9816654627753286	1.0	0.9842364788642618	0.979078675773144	0.989030835027628	0.98191627458198	0.9811227012804405	0.9766532904791126	0.9818115702561301	0.9872583098957557	0.9780360222059254	0.9809616499317242	0.9757188043952748	0.9773820327098084	0.9779771079052133	0.9774420316249315	0.9799228077975165	0.9847678060276631	0.9794753214527636	0.9702973067669979	0.9816538829715069	0.9836468634024134	0.9775019202546215	0.9688458779804424	0.9598965130409713
0.9778445724504145	0.9853459374274319	0.9801319143294609	0.9813563844704642	0.9809137315473024	0.9811418406196605	0.9799183124283857	0.9891129946118811	0.9853791513492556	0.9850767571501385	0.985828007459587	0.9890656127623647	0.981623533596736	0.979984143790941	0.9809607248677197	0.9888222862697522	0.9804565102891748	0.9841228097469065	0.9842364788642618	1.0	0.9947378266769276	0.9869641841652043	0.9817594547268315	0.9878774377208371	0.9809219938106786	0.9878168749122573	0.9887221248371818	0.9799080130712909	0.9867598148185636	0.9844042540218279	0.984501484265846	0.9869727377196748	0.983521799266071	0.9809595164152399	0.9865579803589745	0.9791764398393954	0.980107159965168	0.9862734821608451	0.9862309110950743	0.9805187881731339	0.9868580099662577	0.9723489769879489
0.9726568499351405	0.9802427596812162	0.9755832964684672	0.9768639533962251	0.9793893560441794	0.9751079372205783	0.9755134049250725	0.98223320783765	0.980470406320457	0.979785166076003	0.9829011265464453	0.9826168783629855	0.976980042194565	0.9787710144144995	0.9779054098654674	0.9844653380507246	0.9790979172392565	0.9787558550618142	0.979078675773144	0.9947378266769276	1.0	0.9829011265464453	0.9767530728688728	0.9820793646610407	0.9772235597997612	0.9822573068155862	0.9867748620381316	0.9761732493045635	0.9825225230992899	0.9795596308268942	0.979897656741745	0.9819677107107806	0.9790214268337838	0.9785402178241536	0.9829300694555951	0.9747551044600575	0.9760095720901191	0.9806945144564777	0.9808087706667609	0.9756010384930294	0.9808939985177931	0.9682899855441766
0.9766345532225167	0.9872343402125419	0.9800867157091667	0.9816044267089674	0.9813886789824557	0.9808888186100313	0.9820605080498469	0.986037562574901	0.9831524311693063	0.9854698382457789	0.9864877928152266	0.9897319436117544	0.979419920109356	0.9801560761662872	0.9791606590663329	0.9832053983497557	0.9817991481291334	0.9919400043337634	0.989030835027628	0.9869641841652043	0.9829011265464453	1.0	0.9883908422239968	0.986521010872532	0.9792237696679748	0.9862186818814057	0.9892943262839617	0.9785871030690678	0.9855905982952401	0.9853900642647723	0.9845328198557645	0.9878819429673455	0.9836977480392315	0.9811517919767165	0.9863612711926721	0.9788874341861664	0.9789029938953625	0.987411067110829	0.9851271341846427	0.9802239916834787	0.9847295922678619	0.9721896361238948
0.9595269459788051	0.9809765516257769	0.9651546313201533	0.9766966587916209	0.9784551462751382	0.9827124597500155	0.9811849154895388	0.9791956327316662	0.9664199595187118	0.982853048314917	0.9831324284742701	0.986058112702444	0.9680824257352961	0.977477699028337	0.9742951750974654	0.9715036622565413	0.9786684343111808	0.9967137751880827	0.98191627458198	0.9817594547268315	0.9767530728688728	0.9883908422239968	1.0	0.9787745576417893	0.9779700859891023	0.9785085991776172	0.9855020909445561	0.9764131125902986	0.9812232277254865	0.9784016056250338	0.9780243393080172	0.9801744429511008	0.9787215391277652	0.977311902689394	0.9821439919122931	0.97664014679021	0.9728023890610377	0.9835470832260901	0.982334579784093	0.9761844835682761	0.9677864643579445	0.9605672326006408
0.9753778161155519	0.9830165918537658	0.978842088290037	0.9783402700211592	0.9815258758892629	0.9762153542716431	0.9772941379401241	0.9841092041323367	0.9832201274306891	0.9829170136062225	0.9859027357650322	0.9833057786701622	0.9778885363354327	0.980486164021578	0.9802613030305237	0.9827410350508776	0.9816805641301444	0.9816654627753286	0.9811227012804405	0.9878774377208371	0.9820793646610407	0.986521010872532	0.9787745576417893	1.0	0.9801967718009466	0.9951219411127443	0.9894492995822637	0.9773995822855819	0.9851340060992623	0.9844427223443867	0.983385443838439	0.9845123644729045	0.9820483864450705	0.980836420829658	0.9876980654365337	0.9781302899366802	0.9783373636773531	0.9835345866887975	0.9840036276843358	0.9778708593910744	0.9844578379906571	0.9706075290052641
0.9786269924819124	0.9817655071665318	0.9782254603276752	0.9815337491819603	0.9819168958555596	0.9805239277240235	0.9818872537798979	0.9806799032215767	0.9785387773746943	0.9796187450025821	0.9810110067544149	0.9800182732844621	0.9782597262409033	0.980109778322442	0.9784221191746764	0.9800983822733847	0.9799571272181075	0.9809026710906219	0.9766532904791126	0.9809219938106786	0.9772235597997612	0.9792237696679748	0.9779700859891023	0.9801967718009466	1.0	0.9800650120507538	0.9831888331034928	0.9777405654394817	0.9801978854887992	0.9807859857340364	0.9799337208454925	0.9819677107107806	0.9788522855178686	0.9788997335289937	0.9801706396041517	0.9825741492601353	0.9848179328415794	0.981136558005623	0.9796412420407212	0.9785359355853898	0.9797326804818952	0.9730305445394186
0.9757083276568203	0.9824386950282997	0.9794933702218058	0.9784959392604154	0.9817997398008897	0.9769195742257911	0.9764159484977957	0.9837161450146842	0.9831862967793263	0.9825834688514792	0.9857863009632886	0.9833057786701622	0.9787360415059385	0.9804514270321896	0.9802587907517748	0.9824390019898072	0.9815839994465055	0.9810802855118693	0.9818115702561301	0.9878168749122573	0.9822573068155862	0.9862186818814057	0.9785085991776172	0.9951219411127443	0.9800650120507538	1.0	0.9892677372481713	0.9768685680929368	0.9848761295368207	0.9832287117866316	0.9823641870021015	0.9846186451438961	0.9813646553499272	0.981054058286139	0.9876373692817426	0.9781300255454154	0.9780867819908563	0.983123962201027	0.9840262174132374	0.9778708593910744	0.9845259878100053	0.97027031409969
0.9800555816988934	0.987981470687689	0.9829434003380796	0.9833570019707536	0.9829263718353218	0.98346951332407	0.9848737505384724	0.9886908438359157	0.9868041535128158	0.9869701117478076	0.9869596699130777	0.9882133013893236	0.9823479862611808	0.9808646895324834	0.9811921527868516	0.9873170799998926	0.9819515808115118	0.9880724638491772	0.9872583098957557	0.9887221248371818	0.9867748620381316	0.9892943262839617	0.9855020909445561	0.9894492995822637	0.9831888331034928	0.9892677372481713	1.0	0.9809400659565793	0.9881835511427245	0.987593053704644	0.9876101114923393	0.9897798829752656	0.9862837871102271	0.9818022666116274	0.9885489309367032	0.9821098413070289	0.9833217001244328	0.9893190248699294	0.9879429617077062	0.9818291029757688	0.9871421451267822	0.9752366186270132
0.9761283948719467	0.9798394543402529	0.9790761837046268	0.9796028620178	0.9791277919482849	0.9777689801728575	0.978919204645555	0.9787436240972198	0.9776688749646829	0.9793506943507418	0.9800618450877555	0.9788446261469058	0.9811877858965161	0.9826854867297342	0.9812078888310721	0.9784647072493715	0.9840177987061248	0.9779210740549691	0.9780360222059254	0.9799080130712909	0.9761732493045635	0.9785871030690678	0.9764131125902986	0.9773995822855819	0.9777405654394817	0.9768685680929368	0.9809400659565793	1.0	0.9781717910071972	0.9785626792797658	0.97887134227992	0.979828397472838	0.9794571353055771	0.9826287807804273	0.9795358329198043	0.976823712708909	0.9778704540765	0.9794471308374139	0.977452136844935	0.9812921572697543	0.9761544066856265	0.9718147651084003
0.9760819876944541	0.98676318454697	0.9797685620801958	0.9806371477024924	0.9804463998896134	0.977928291139304	0.9787284187988232	0.9845939964007301	0.9819093486835725	0.9827051511640859	0.9848685620711108	0.9853650878792357	0.9778885363354327	0.9806930388086186	0.9786002998515765	0.9818950777822532	0.9804773317278932	0.9843373332456224	0.9809616499317242	0.9867598148185636	0.9825225230992899	0.9855905982952401	0.9812232277254865	0.9851340060992623	0.9801978854887992	0.9848761295368207	0.9881835511427245	0.9781717910071972	1.0	0.9859823296395507	0.9843443558997416	0.9864751277371082	0.9831075418981353	0.9792808323552243	0.9857489179513746	0.9783702641759765	0.9804097578758556	0.9851275279804262	0.9831763293721111	0.9783273732979789	0.9896821383413531	0.9717068575219355
0.9652741050903828	0.9819351064497648	0.9673511215720129	0.9779120161803577	0.9800908578723062	0.9781458891631388	0.9763474040026424	0.9821334225086857	0.972511738768735	0.9839780986036358	0.9847107453662406	0.97898222049233	0.9727326897523195	0.9803096778691405	0.9775342936271871	0.9740805451040898	0.9809574822167257	0.9808432512360632	0.9757188043952748	0.9844042540218279	0.9795596308268942	0.9853900642647723	0.9784016056250338	0.9844427223443867	0.9807859857340364	0.9832287117866316	0.987593053704644	0.9785626792797658	0.9859823296395507	1.0	0.9815507351956526	0.9814666406692986	0.9824617883408068	0.978928740677737	0.9848249457456486	0.9793357100738576	0.9769593702677889	0.9839780986036358	0.9844042540218279	0.9778179951497468	0.9756274256050004	0.9648552944843244
0.9716079526026219	0.9806411476419165	0.9764037640171565	0.9765769640607552	0.9808927030343266	0.9734639481340582	0.975159492692233	0.9796888657329935	0.9773467009333926	0.9810324116648376	0.9847202076884349	0.9806331922923491	0.9744087189052812	0.9803278203766551	0.9786471552159483	0.9777331553055406	0.9805053971606	0.9804242603890675	0.9773820327098084	0.984501484265846	0.979897656741745	0.9845328198557645	0.9780243393080172	0.983385443838439	0.9799337208454925	0.9823641870021015	0.9876101114923393	0.97887134227992	0.9843443558997416	0.9815507351956526	1.0	0.9817754012195797	0.9797892248930465	0.9799337208454925	0.9853982880036911	0.9764768668453935	0.976676629567014	0.9808794260831887	0.9831249256674673	0.9774636464829878	0.9777841234384194	0.9683499973373643
0.9675830712848761	0.9838248711858499	0.9719030412076622	0.9803563563962132	0.9823868563482752	0.9794578231775132	0.9792347230298054	0.9823110460828597	0.9754534235555622	0.9858338145216091	0.9883588823104595	0.9835455032941712	0.9741151513974892	0.9814653358494139	0.9785338594141707	0.9773629189508838	0.9827258474499789	0.9858520653821576	0.9779771079052133	0.9869727377196748	0.9819677107107806	0.9878819429673455	0.9801744429511008	0.9845123644729045	0.9819677107107806	0.9846186451438961	0.9897798829752656	0.979828397472838	0.9864751277371082	0.9814666406692986	0.9817754012195797	1.0	0.9835034472414195	0.981230843000673	0.990110805319869	0.9825756177343412	0.9795405372240413	0.9958405541870032	0.9875924281973878	0.9797464102796057	0.9763311436368316	0.9664992236853018
0.9744633952474507	0.9833422991136875	0.9771546098191716	0.9780660478325149	0.9798213236381591	0.9754098171855853	0.9764843489413554	0.9824394228915663	0.9784606473673927	0.9804424989849645	0.983521799266071	0.9815344126590999	0.9763990893956993	0.9814274064833973	0.9793571021518356	0.9791802100365545	0.9814587369697978	0.9819541729260829	0.9774420316249315	0.983521799266071	0.9790214268337838	0.9836977480392315	0.9787215391277652	0.9820483864450705	0.9788522855178686	0.9813646553499272	0.9862837871102271	0.9794571353055771	0.9831075418981353	0.9824617883408068	0.9797892248930465	0.9835034472414195	1.0	0.9809538119713836	0.9830777507583135	0.977289192300381	0.9783730043865534	0.983123962201027	0.9822324060224776	0.9780120072676851	0.9819418978850158	0.971868584403053
0.9774907099385413	0.9812945250707348	0.9822734246566924	0.9804182546094219	0.979385553723895	0.9795178716833668	0.9802243671345973	0.9801330420845115	0.9803598891606266	0.981499004890022	0.9812146290632704	0.9803710711719711	0.983373926183341	0.9827048953700023	0.9829049470703225	0.9817920781030135	0.9840785988255841	0.9792591467721605	0.9799228077975165	0.9809595164152399	0.9785402178241536	0.9811517919767165	0.977311902689394	0.980836420829658	0.9788997335289937	0.981054058286139	0.9818022666116274	0.9826287807804273	0.9792808323552243	0.978928740677737	0.9799337208454925	0.981230843000673	0.9809538119713836	1.0	0.9800935953436939	0.9783016275175382	0.9796308092188317	0.9806945144564777	0.9796096254093295	0.997641385782187	0.9795350494918439	0.9727177542078512
0.9777123238700218	0.9862110221029092	0.9811545950458465	0.9821644181385895	0.9813626816666738	0.9805606006505841	0.9819451071576066	0.9868562484024169	0.9845779616468707	0.9848500085538195	0.9875333628631805	0.9871248550676897	0.9809167191715787	0.9796792360932562	0.9799883791824509	0.9851863134366524	0.9811355725488407	0.9854927860301179	0.9847678060276631	0.9865579803589745	0.9829300694555951	0.9863612711926721	0.9821439919122931	0.9876980654365337	0.9801706396041517	0.9876373692817426	0.9885489309367032	0.9795358329198043	0.9857489179513746	0.9848249457456486	0.9853982880036911	0.990110805319869	0.9830777507583135	0.9800935953436939	1.0	0.9799972541405576	0.9814311066590586	0.9893475322203957	0.9866163027574283	0.9802568784874762	0.9855975728784165	0.9726128166535154
0.9758489536403389	0.9812945250707348	0.9760473527319388	0.9821644181385895	0.9807675122964512	0.9824822537528174	0.9843945100703578	0.9810036815078007	0.9756435923598551	0.9807984742037819	0.9813410056276788	0.9797958240577628	0.975366862721585	0.9780378528371028	0.9770292379405467	0.9763409968962898	0.9797154549252993	0.9795698082244416	0.9794753214527636	0.9791764398393954	0.9747551044600575	0.9788874341861664	0.97664014679021	0.9781302899366802	0.9825741492601353	0.9781300255454154	0.9821098413070289	0.976823712708909	0.9783702641759765	0.9793357100738576	0.9764768668453935	0.9825756177343412	0.977289192300381	0.9783016275175382	0.9799972541405576	1.0	0.9939996466619718	0.9821453388291291	0.9785487160285506	0.9782575550805361	0.9753078889536432	0.9714355051286246
0.9758489536403389	0.9785987593819112	0.9755832964684672	0.9788435023011002	0.9823900456539512	0.9773268163586475	0.9787284187988232	0.978006468037562	0.9750844202885788	0.9772127190250385	0.9809737987243639	0.9754572170883473	0.9744255952574622	0.9808419560771776	0.9789029938953625	0.9759731790327543	0.9806099443031284	0.9748541434422291	0.9702973067669979	0.980107159965168	0.9760095720901191	0.9789029938953625	0.9728023890610377	0.9783373636773531	0.9848179328415794	0.9780867819908563	0.9833217001244328	0.9778704540765	0.9804097578758556	0.9769593702677889	0.976676629567014	0.9795405372240413	0.9783730043865534	0.9796308092188317	0.9814311066590586	0.9939996466619718	1.0	0.9786277903993216	0.979007966431935	0.9765037257906255	0.9774054426550652	0.9712167740404003
0.9684761758154065	0.9866900963596027	0.9735474437521873	0.9803964627869167	0.9816808409418388	0.9803215232171814	0.9806480841357116	0.9820387305798383	0.9753029727923869	0.9861481095791302	0.9884521363923333	0.9860729675480522	0.9735037773854711	0.9810999484284854	0.978310167440588	0.9767158237968776	0.9826033383797511	0.9868079076718083	0.9816538829715069	0.9862734821608451	0.9806945144564777	0.987411067110829	0.9835470832260901	0.9835345866887975	0.981136558005623	0.983123962201027	0.9893190248699294	0.9794471308374139	0.9851275279804262	0.9839780986036358	0.9808794260831887	0.9958405541870032	0.983123962201027	0.9806945144564777	0.9893475322203957	0.9821453388291291	0.9786277903993216	1.0	0.9870769559034104	0.9794856386908423	0.9762422457065021	0.96681515840166
0.9744145475061533	0.9856116434130373	0.9789359280760551	0.9809627633513387	0.9809725990688148	0.9807797783549035	0.9825748367355936	0.9862822684739654	0.9814485998500193	0.9853860017205255	0.9857099248907469	0.9866212461541732	0.9781488123256742	0.9788414922495726	0.97858137678097	0.9821001098353924	0.9806677859136426	0.9846565114594843	0.9836468634024134	0.9862309110950743	0.9808087706667609	0.9851271341846427	0.982334579784093	0.9840036276843358	0.9796412420407212	0.9840262174132374	0.9879429617077062	0.977452136844935	0.9831763293721111	0.9844042540218279	0.9831249256674673	0.9875924281973878	0.9822324060224776	0.9796096254093295	0.9866163027574283	0.9785487160285506	0.979007966431935	0.9870769559034104	1.0	0.9790174570930557	0.982634332027964	0.9712715955024454
0.9730670864129889	0.9793396649313906	0.9787950669964309	0.9779478143000999	0.9791537395325425	0.97780888097312	0.9776256968813747	0.9788967145503699	0.9764022943610048	0.9800590592881379	0.9813875550045323	0.978567684317686	0.978772394666787	0.982937896673189	0.982047662759625	0.9767448663313018	0.9841566136187806	0.9777253587365079	0.9775019202546215	0.9805187881731339	0.9756010384930294	0.9802239916834787	0.9761844835682761	0.9778708593910744	0.9785359355853898	0.9778708593910744	0.9818291029757688	0.9812921572697543	0.9783273732979789	0.9778179951497468	0.9774636464829878	0.9797464102796057	0.9780120072676851	0.997641385782187	0.9802568784874762	0.9782575550805361	0.9765037257906255	0.9794856386908423	0.9790174570930557	1.0	0.9755328017932775	0.9701003790138131
0.969629803783533	0.9755058193656679	0.9718448224871514	0.972232787083758	0.9804344118103638	0.9671955763649662	0.9656305250271666	0.9781584549826188	0.9777003516171688	0.9780341547811567	0.984045939537488	0.9709217483900716	0.9750814092729888	0.9802797688508531	0.9791361619864719	0.9777422644433083	0.980318498252744	0.9709070972585776	0.9688458779804424	0.9868580099662577	0.9808939985177931	0.9847295922678619	0.9677864643579445	0.9844578379906571	0.9797326804818952	0.9845259878100053	0.9871421451267822	0.9761544066856265	0.9896821383413531	0.9756274256050004	0.9777841234384194	0.9763311436368316	0.9819418978850158	0.9795350494918439	0.9855975728784165	0.9753078889536432	0.9774054426550652	0.9762422457065021	0.982634332027964	0.9755328017932775	1.0	0.9635765453924868
0.9638534967218195	0.964944406246327	0.9644082386764845	0.9694695286181084	0.9750421443817607	0.9659226135322925	0.9631484020556708	0.9666259695450232	0.9644680450002626	0.9697003557430651	0.9732374080127003	0.9626051179830181	0.9676223832231751	0.973134141177893	0.971051750419407	0.9654668894149406	0.9737995744251663	0.9614010429061866	0.9598965130409713	0.9723489769879489	0.9682899855441766	0.9721896361238948	0.9605672326006408	0.9706075290052641	0.9730305445394186	0.97027031409969	0.9752366186270132	0.9718147651084003	0.9717068575219355	0.9648552944843244	0.9683499973373643	0.9664992236853018	0.971868584403053	0.9727177542078512	0.9726128166535154	0.9714355051286246	0.9712167740404003	0.96681515840166	0.9712715955024454	0.9701003790138131	0.9635765453924868	1.0
