/home/jshaw/scratch/2022_sketched_distance/references/SGB_genome_fastas_part4/9223/AsnicarF_2017__MV_FEM2_t1Q14__bin.17.fa	/home/jshaw/scratch/2022_sketched_distance/references/SGB_genome_fastas_part4/9223/BackhedF_2015__SID521_12M__bin.4.fa	/home/jshaw/scratch/2022_sketched_distance/references/SGB_genome_fastas_part4/9223/Bengtsson-PalmeJ_2015__TRAVELRES48__bin.98.fa	/home/jshaw/scratch/2022_sketched_distance/references/SGB_genome_fastas_part4/9223/FengQ_2015__SID31685__bin.47.fa	/home/jshaw/scratch/2022_sketched_distance/references/SGB_genome_fastas_part4/9223/FerrettiP_2018__CA_C10020IS2339FE_t2M15__bin.5.fa	/home/jshaw/scratch/2022_sketched_distance/references/SGB_genome_fastas_part4/9223/FerrettiP_2018__CA_C10020MS2332FE_t0M15__bin.8.fa	/home/jshaw/scratch/2022_sketched_distance/references/SGB_genome_fastas_part4/9223/HanniganGD_2017__MG100203__bin.10.fa	/home/jshaw/scratch/2022_sketched_distance/references/SGB_genome_fastas_part4/9223/HMP_2012__SRS018656__bin.25.fa	/home/jshaw/scratch/2022_sketched_distance/references/SGB_genome_fastas_part4/9223/KarlssonFH_2013__S193__bin.9.fa	/home/jshaw/scratch/2022_sketched_distance/references/SGB_genome_fastas_part4/9223/KarlssonFH_2013__S229__bin.23.fa	/home/jshaw/scratch/2022_sketched_distance/references/SGB_genome_fastas_part4/9223/KarlssonFH_2013__S526__bin.12.fa	/home/jshaw/scratch/2022_sketched_distance/references/SGB_genome_fastas_part4/9223/LeChatelierE_2013__MH0230__bin.16.fa	/home/jshaw/scratch/2022_sketched_distance/references/SGB_genome_fastas_part4/9223/LeChatelierE_2013__MH0409__bin.57.fa	/home/jshaw/scratch/2022_sketched_distance/references/SGB_genome_fastas_part4/9223/LiJ_2014__O2.UC7-0__bin.8.fa	/home/jshaw/scratch/2022_sketched_distance/references/SGB_genome_fastas_part4/9223/VogtmannE_2016__MMRS25641480ST-27-0-0__bin.5.fa	/home/jshaw/scratch/2022_sketched_distance/references/SGB_genome_fastas_part4/9223/VogtmannE_2016__MMRS34569532ST-27-0-0__bin.69.fa	/home/jshaw/scratch/2022_sketched_distance/references/SGB_genome_fastas_part4/9223/VogtmannE_2016__MMRS93621581ST-27-0-0__bin.47.fa	/home/jshaw/scratch/2022_sketched_distance/references/SGB_genome_fastas_part4/9223/XieH_2016__YSZC12003_35542__bin.22.fa	/home/jshaw/scratch/2022_sketched_distance/references/SGB_genome_fastas_part4/9223/XieH_2016__YSZC12003_35583__bin.69.fa	/home/jshaw/scratch/2022_sketched_distance/references/SGB_genome_fastas_part4/9223/XieH_2016__YSZC12003_35665__bin.48.fa	/home/jshaw/scratch/2022_sketched_distance/references/SGB_genome_fastas_part4/9223/XieH_2016__YSZC12003_36522__bin.85.fa	/home/jshaw/scratch/2022_sketched_distance/references/SGB_genome_fastas_part4/9223/XieH_2016__YSZC12003_37097__bin.56.fa	/home/jshaw/scratch/2022_sketched_distance/references/SGB_genome_fastas_part4/9223/XieH_2016__YSZC12003_37192R1__bin.23.fa	/home/jshaw/scratch/2022_sketched_distance/references/SGB_genome_fastas_part4/9223/XieH_2016__YSZC12003_37798__bin.28.fa	/home/jshaw/scratch/2022_sketched_distance/references/SGB_genome_fastas_part4/9223/ZeeviD_2015__PNP_Main_120__bin.5.fa	/home/jshaw/scratch/2022_sketched_distance/references/SGB_genome_fastas_part4/9223/ZeeviD_2015__PNP_Main_139__bin.1.fa	/home/jshaw/scratch/2022_sketched_distance/references/SGB_genome_fastas_part4/9223/ZeeviD_2015__PNP_Main_146__bin.45.fa	/home/jshaw/scratch/2022_sketched_distance/references/SGB_genome_fastas_part4/9223/ZellerG_2014__CCMD63399960ST-21-0__bin.74.fa
1.0	0.9933412463995095	0.9983331997574506	0.9997544537053394	0.9994179281754093	0.9997779171637111	0.9928911498768603	0.9936811390895736	0.9998013641140195	0.9988896333659889	0.9946982201861524	0.9936811390895736	0.9984226284010198	0.9937296089520352	0.9940036289829539	0.9986396243931791	0.9926798676618238	0.9921800219118763	0.9935964923898393	0.9994597579027868	0.9925591953388194	0.992596857304658	0.9995425357979625	0.9926217269405357	0.9929690488157277	0.9995307229687127	0.9992042276893519	0.9933697044164874
0.9933412463995095	1.0	0.9942814579651652	0.9925546692670585	0.9941413834207639	0.9924997986323113	0.9987646712506849	0.9992579139131964	0.9925683727184039	0.9935291054901546	0.9942395928993659	0.9994143485670117	0.9930095361337413	0.9993972097184539	0.9941075964812313	0.9928717503026577	0.9935229447306899	0.998954889698665	0.9994804565783971	0.993104514197546	0.9993472914603111	0.9987496202790619	0.9925403713325082	0.9994335049151624	0.9939280835163692	0.9927780516617822	0.994281288360499	0.9988635821983124
0.9983331997574506	0.9942814579651652	1.0	0.9986444032983742	0.9951185600966846	0.9986856781295282	0.9898533913392327	0.9943049984984075	0.998706296369968	0.9885070507101578	0.9920408454760419	0.9944693157512267	0.9977231591362834	0.9801452945134674	0.9940451283510922	0.9862735013885314	0.9928866666752525	0.9934709629676869	0.9942814579651652	0.9986237466754043	0.9920660337684537	0.9914817918582334	0.9985823949338087	0.9933258527882158	0.9929357538785359	0.9986856781295282	0.9878556137626847	0.9943285223235948
0.9997544537053394	0.9925546692670585	0.9986444032983742	1.0	0.9998071035068734	0.9997917983530686	0.9937153218056657	0.9927815403529081	0.9999233674170589	0.9996452966572863	0.9953051601042867	0.9928357988768709	0.9994623981180574	0.9943490267034366	0.993186327618767	0.9990992840389613	0.9927386757452558	0.9928682691370605	0.9929255285137847	0.9999663809013138	0.993562190020176	0.993492315253751	0.9998556291042553	0.9933611058781276	0.9931299054669144	0.9994968704688267	0.9996586998906367	0.9922615975951915
0.9994179281754093	0.9941413834207639	0.9951185600966846	0.9998071035068734	1.0	0.9998761233390309	0.989655566210298	0.9943048481647496	0.9998485325559282	0.9938541229050084	0.9916933706771636	0.9943700089812887	0.9983957977450906	0.9904987607845573	0.9947261217682752	0.9945886696126105	0.9935794925169776	0.9930587371012368	0.9943374445859359	0.9997102349691693	0.9925296580956405	0.9914098405285691	0.9997656228927927	0.9933788801837745	0.9937125621325237	0.9998071035068734	0.9954081630036832	0.9941413834207639
0.9997779171637111	0.9924997986323113	0.9986856781295282	0.9997917983530686	0.9998761233390309	1.0	0.9936174974516399	0.9925156538421424	0.9998135857528949	0.9996792410498521	0.9952743036671391	0.9925701285683611	0.9997263093893552	0.9942308036864513	0.993042995464461	0.9991175390967125	0.9926131272380628	0.9927521270863432	0.9929390977046743	0.999921502624606	0.993562190020176	0.9934160675152274	0.9998333625874912	0.9934030765240521	0.9931438314280878	0.9994968704688267	0.9996767504626012	0.9921017333137895
0.9928911498768603	0.9987646712506849	0.9898533913392327	0.9937153218056657	0.989655566210298	0.9936174974516399	1.0	0.9992780859110352	0.9937803779056031	0.9887731472292246	0.9896495918939555	0.999140103887832	0.9919945221880703	0.9950958314670569	0.9950710102562274	0.9885226225128221	0.9940554498707894	0.997496262056687	0.9989737672965964	0.9935193833092295	0.9967172745474359	0.9954439679441	0.9933387489150005	0.9979722304789709	0.993666445743391	0.9936011652658525	0.9895914014990249	0.9991262741931887
0.9936811390895736	0.9992579139131964	0.9943049984984075	0.9927815403529081	0.9943048481647496	0.9925156538421424	0.9992780859110352	1.0	0.9927869287994607	0.993671693192815	0.9944617915123473	0.9993863568502747	0.9931263437367731	0.9993769276841028	0.9936750593072552	0.9929817054206451	0.9939015010125597	0.9994577837762992	0.9996360630185359	0.9933653928205308	0.99972355600199	0.9991759291502428	0.9928029020995742	0.9996195438937098	0.994654316238138	0.9930527491331923	0.9946191878863054	0.9994385591541698
0.9998013641140195	0.9925683727184039	0.998706296369968	0.9999233674170589	0.9998485325559282	0.9998135857528949	0.9937803779056031	0.9927869287994607	1.0	0.9996962002882069	0.995335987869773	0.9928547959141103	0.9994985093463487	0.9943490267034366	0.9932054789859485	0.9991540192210608	0.9927108172146458	0.992882758276587	0.9929119537575695	0.9999663809013138	0.993562190020176	0.993492315253751	0.999844497705404	0.9933471038325471	0.9931299054669144	0.9994968704688267	0.999694791262004	0.9922941325429898
0.9988896333659889	0.9935291054901546	0.9885070507101578	0.9996452966572863	0.9938541229050084	0.9996792410498521	0.9887731472292246	0.993671693192815	0.9996962002882069	1.0	0.9915523526406126	0.9937731670421422	0.9983643971552495	0.9838844995941406	0.9941759825853006	0.9883715066417306	0.9929525342016496	0.9921748965287708	0.9936310164494043	0.9994921175009004	0.9915089833319305	0.9905401657932625	0.9993382308168206	0.9925975093683992	0.9931182960225713	0.9995943151444004	0.989321221048821	0.9936310164494043
0.9946982201861524	0.9942395928993659	0.9920408454760419	0.9953051601042867	0.9916933706771636	0.9952743036671391	0.9896495918939555	0.9944617915123473	0.995335987869773	0.9915523526406126	1.0	0.9945407885647213	0.9938229435430445	0.9908941219007165	0.9945092123302581	0.9908273628884728	0.9934009870903473	0.9933028442566377	0.9944617915123473	0.9951970367791981	0.9929073374100679	0.9912065211998735	0.9951505901141297	0.993482551167627	0.9937745297048639	0.9952279651332863	0.9921555097336294	0.9942395928993659
0.9936811390895736	0.9994143485670117	0.9944693157512267	0.9928357988768709	0.9943700089812887	0.9925701285683611	0.999140103887832	0.9993863568502747	0.9928547959141103	0.9937731670421422	0.9945407885647213	1.0	0.9931991397412442	0.9993972097184539	0.9942156999938299	0.9930036526787175	0.9939954679963776	0.9992551452136028	0.999779906928349	0.9934063969288535	0.999783847886082	0.99925285692504	0.992885375699489	0.9997814802632669	0.9942797380573986	0.9931483571819139	0.9945771383236569	0.9991822314984314
0.9984226284010198	0.9930095361337413	0.9977231591362834	0.9994623981180574	0.9983957977450906	0.9997263093893552	0.9919945221880703	0.9931263437367731	0.9994985093463487	0.9983643971552495	0.9938229435430445	0.9931991397412442	1.0	0.9934640205325015	0.9935607381821856	0.9980041228477176	0.9921651291942548	0.9916204940614259	0.9931991397412442	0.9992085174968386	0.9912922515123789	0.9916925761014945	0.9993054622208046	0.9921801306328731	0.9925381390388613	0.9993296543797383	0.9983702137167977	0.9927746769513789
0.9937296089520352	0.9993972097184539	0.9801452945134674	0.9943490267034366	0.9904987607845573	0.9942308036864513	0.9950958314670569	0.9993769276841028	0.9943490267034366	0.9838844995941406	0.9908941219007165	0.9993972097184539	0.9934640205325015	1.0	0.9954858360081394	0.9823921845405816	0.9947478600125085	0.9987833108322515	0.9992753318649363	0.9942308036864513	0.9969579797203609	0.9961407389971376	0.9942308036864513	0.998052487925969	0.9945842152075194	0.9942544820509944	0.9829972897918454	0.9993972097184539
0.9940036289829539	0.9941075964812313	0.9940451283510922	0.993186327618767	0.9947261217682752	0.993042995464461	0.9950710102562274	0.9936750593072552	0.9932054789859485	0.9941759825853006	0.9945092123302581	0.9942156999938299	0.9935607381821856	0.9954858360081394	1.0	0.9933745468995921	0.999560744671357	0.9945907466375536	0.9945799995562296	0.9938541229050084	0.995206065789087	0.9951268488418733	0.9932946891283376	0.995013114357829	0.9942393524631193	0.9935010749870701	0.9946821624023784	0.993972733215805
0.9986396243931791	0.9928717503026577	0.9862735013885314	0.9990992840389613	0.9945886696126105	0.9991175390967125	0.9885226225128221	0.9929817054206451	0.9991540192210608	0.9883715066417306	0.9908273628884728	0.9930036526787175	0.9980041228477176	0.9823921845405816	0.9933745468995921	1.0	0.9918880562139413	0.991774398702979	0.9929157761942183	0.9988794392080481	0.9906157925357609	0.9904265851949193	0.9990444587495122	0.991751620236269	0.9924728590804307	0.9990992840389613	0.9873128939137241	0.993025585394155
0.9926798676618238	0.9935229447306899	0.9928866666752525	0.9927386757452558	0.9935794925169776	0.9926131272380628	0.9940554498707894	0.9939015010125597	0.9927108172146458	0.9929525342016496	0.9934009870903473	0.9939954679963776	0.9921651291942548	0.9947478600125085	0.999560744671357	0.9918880562139413	1.0	0.9934429442180541	0.9940088701224236	0.9925064003073284	0.9944084831319888	0.994096059576644	0.9922759831988662	0.9941495933016093	0.9928501487878262	0.9924309341813287	0.9937247457319309	0.9938342181892855
0.9921800219118763	0.998954889698665	0.9934709629676869	0.9928682691370605	0.9930587371012368	0.9927521270863432	0.997496262056687	0.9994577837762992	0.992882758276587	0.9921748965287708	0.9933028442566377	0.9992551452136028	0.9916204940614259	0.9987833108322515	0.9945907466375536	0.991774398702979	0.9934429442180541	1.0	0.9990993502225195	0.9926647522630443	0.9972437431992859	0.9973556691672665	0.9926063739387131	0.9976131726337344	0.9935708829511181	0.9927375806279767	0.9934646920346231	0.9993387339605347
0.9935964923898393	0.9994804565783971	0.9942814579651652	0.9929255285137847	0.9943374445859359	0.9929390977046743	0.9989737672965964	0.9996360630185359	0.9929119537575695	0.9936310164494043	0.9944617915123473	0.999779906928349	0.9931991397412442	0.9992753318649363	0.9945799995562296	0.9929157761942183	0.9940088701224236	0.9990993502225195	1.0	0.9934746244787351	0.9999041054134183	0.9991887627910969	0.992899101340105	0.9998621543152224	0.9942931889935938	0.9931074161112484	0.9944928788544698	0.9991332908593383
0.9994597579027868	0.993104514197546	0.9986237466754043	0.9999663809013138	0.9997102349691693	0.999921502624606	0.9935193833092295	0.9933653928205308	0.9999663809013138	0.9994921175009004	0.9951970367791981	0.9934063969288535	0.9992085174968386	0.9942308036864513	0.9938541229050084	0.9988794392080481	0.9925064003073284	0.9926647522630443	0.9934746244787351	1.0	0.9934457556860515	0.9933702344580476	0.9995829753183624	0.993234873788678	0.9930322593581296	0.9995829753183624	0.9994413268289892	0.9928693409469185
0.9925591953388194	0.9993472914603111	0.9920660337684537	0.993562190020176	0.9925296580956405	0.993562190020176	0.9967172745474359	0.99972355600199	0.993562190020176	0.9915089833319305	0.9929073374100679	0.999783847886082	0.9912922515123789	0.9969579797203609	0.995206065789087	0.9906157925357609	0.9944084831319888	0.9972437431992859	0.9999041054134183	0.9934457556860515	1.0	0.9971243830957881	0.993211651548785	0.9999161073353136	0.9939665168203525	0.9934165830242726	0.9927832777033623	0.9993350828585789
0.992596857304658	0.9987496202790619	0.9914817918582334	0.993492315253751	0.9914098405285691	0.9934160675152274	0.9954439679441	0.9991759291502428	0.993492315253751	0.9905401657932625	0.9912065211998735	0.99925285692504	0.9916925761014945	0.9961407389971376	0.9951268488418733	0.9904265851949193	0.994096059576644	0.9973556691672665	0.9991887627910969	0.9933702344580476	0.9971243830957881	1.0	0.9932323533968289	0.9981858072630405	0.9938257354545214	0.9934313311143651	0.9917226354582975	0.9988145644194979
0.9995425357979625	0.9925403713325082	0.9985823949338087	0.9998556291042553	0.9997656228927927	0.9998333625874912	0.9933387489150005	0.9928029020995742	0.999844497705404	0.9993382308168206	0.9951505901141297	0.992885375699489	0.9993054622208046	0.9942308036864513	0.9932946891283376	0.9990444587495122	0.9922759831988662	0.9926063739387131	0.992899101340105	0.9995829753183624	0.993211651548785	0.9932323533968289	1.0	0.9930092658445778	0.9929483328166258	0.9992253955533323	0.9996044894315843	0.9923455858322621
0.9926217269405357	0.9994335049151624	0.9933258527882158	0.9933611058781276	0.9933788801837745	0.9934030765240521	0.9979722304789709	0.9996195438937098	0.9933471038325471	0.9925975093683992	0.993482551167627	0.9997814802632669	0.9921801306328731	0.998052487925969	0.995013114357829	0.991751620236269	0.9941495933016093	0.9976131726337344	0.9998621543152224	0.993234873788678	0.9999161073353136	0.9981858072630405	0.9930092658445778	1.0	0.9935982392476564	0.993206756734539	0.9935516036808645	0.9991171888805862
0.9929690488157277	0.9939280835163692	0.9929357538785359	0.9931299054669144	0.9937125621325237	0.9931438314280878	0.993666445743391	0.994654316238138	0.9931299054669144	0.9931182960225713	0.9937745297048639	0.9942797380573986	0.9925381390388613	0.9945842152075194	0.9942393524631193	0.9924728590804307	0.9928501487878262	0.9935708829511181	0.9942931889935938	0.9930322593581296	0.9939665168203525	0.9938257354545214	0.9929483328166258	0.9935982392476564	1.0	0.9929763319818514	0.9937894413753343	0.9938736500257472
0.9995307229687127	0.9927780516617822	0.9986856781295282	0.9994968704688267	0.9998071035068734	0.9994968704688267	0.9936011652658525	0.9930527491331923	0.9994968704688267	0.9995943151444004	0.9952279651332863	0.9931483571819139	0.9993296543797383	0.9942544820509944	0.9935010749870701	0.9990992840389613	0.9924309341813287	0.9927375806279767	0.9931074161112484	0.9995829753183624	0.9934165830242726	0.9934313311143651	0.9992253955533323	0.993206756734539	0.9929763319818514	1.0	0.9997848490462916	0.9926951958276238
0.9992042276893519	0.994281288360499	0.9878556137626847	0.9996586998906367	0.9954081630036832	0.9996767504626012	0.9895914014990249	0.9946191878863054	0.999694791262004	0.989321221048821	0.9921555097336294	0.9945771383236569	0.9983702137167977	0.9829972897918454	0.9946821624023784	0.9873128939137241	0.9937247457319309	0.9934646920346231	0.9944928788544698	0.9994413268289892	0.9927832777033623	0.9917226354582975	0.9996044894315843	0.9935516036808645	0.9937894413753343	0.9997848490462916	1.0	0.994281288360499
0.9933697044164874	0.9988635821983124	0.9943285223235948	0.9922615975951915	0.9941413834207639	0.9921017333137895	0.9991262741931887	0.9994385591541698	0.9922941325429898	0.9936310164494043	0.9942395928993659	0.9991822314984314	0.9927746769513789	0.9993972097184539	0.993972733215805	0.993025585394155	0.9938342181892855	0.9993387339605347	0.9991332908593383	0.9928693409469185	0.9993350828585789	0.9988145644194979	0.9923455858322621	0.9991171888805862	0.9938736500257472	0.9926951958276238	0.994281288360499	1.0
