/home/jshaw/scratch/2022_sketched_distance/references/SGB_genome_fastas_part5/15465/Bengtsson-PalmeJ_2015__TRAVELRES18__bin.26.fa	/home/jshaw/scratch/2022_sketched_distance/references/SGB_genome_fastas_part5/15465/ChengpingW_2017__AS22raw__bin.17.fa	/home/jshaw/scratch/2022_sketched_distance/references/SGB_genome_fastas_part5/15465/CosteaPI_2017__SID713B044-11-0-0__bin.24.fa	/home/jshaw/scratch/2022_sketched_distance/references/SGB_genome_fastas_part5/15465/CosteaPI_2017__SID713B044-11-90-0__bin.37.fa	/home/jshaw/scratch/2022_sketched_distance/references/SGB_genome_fastas_part5/15465/CosteaPI_2017__SID713B051-11-0-0__bin.31.fa	/home/jshaw/scratch/2022_sketched_distance/references/SGB_genome_fastas_part5/15465/CosteaPI_2017__SID713B051-11-90-0__bin.3.fa	/home/jshaw/scratch/2022_sketched_distance/references/SGB_genome_fastas_part5/15465/CosteaPI_2017__SID713B055-11-0-0__bin.60.fa	/home/jshaw/scratch/2022_sketched_distance/references/SGB_genome_fastas_part5/15465/FengQ_2015__SID531382__bin.15.fa	/home/jshaw/scratch/2022_sketched_distance/references/SGB_genome_fastas_part5/15465/HeQ_2017__SZAXPI029577-94__bin.39.fa	/home/jshaw/scratch/2022_sketched_distance/references/SGB_genome_fastas_part5/15465/HeQ_2017__SZAXPI029579-97__bin.42.fa	/home/jshaw/scratch/2022_sketched_distance/references/SGB_genome_fastas_part5/15465/HeQ_2017__SZAXPI029580-98__bin.5.fa	/home/jshaw/scratch/2022_sketched_distance/references/SGB_genome_fastas_part5/15465/LeChatelierE_2013__MH0204__bin.21.fa	/home/jshaw/scratch/2022_sketched_distance/references/SGB_genome_fastas_part5/15465/LeChatelierE_2013__MH0211__bin.19.fa	/home/jshaw/scratch/2022_sketched_distance/references/SGB_genome_fastas_part5/15465/LeChatelierE_2013__MH0430__bin.3.fa	/home/jshaw/scratch/2022_sketched_distance/references/SGB_genome_fastas_part5/15465/LiJ_2014__MH0262__bin.36.fa	/home/jshaw/scratch/2022_sketched_distance/references/SGB_genome_fastas_part5/15465/LiJ_2014__MH0369__bin.54.fa	/home/jshaw/scratch/2022_sketched_distance/references/SGB_genome_fastas_part5/15465/LiJ_2014__V1.FI32__bin.96.fa	/home/jshaw/scratch/2022_sketched_distance/references/SGB_genome_fastas_part5/15465/LiSS_2016__FAT_012-22-42-0__bin.61.fa	/home/jshaw/scratch/2022_sketched_distance/references/SGB_genome_fastas_part5/15465/QinJ_2012__T2D-085__bin.36.fa	/home/jshaw/scratch/2022_sketched_distance/references/SGB_genome_fastas_part5/15465/RaymondF_2016__P19E0__bin.55.fa	/home/jshaw/scratch/2022_sketched_distance/references/SGB_genome_fastas_part5/15465/RaymondF_2016__P19E7__bin.14.fa	/home/jshaw/scratch/2022_sketched_distance/references/SGB_genome_fastas_part5/15465/RaymondF_2016__P19E90__bin.11.fa	/home/jshaw/scratch/2022_sketched_distance/references/SGB_genome_fastas_part5/15465/VogtmannE_2016__MMRS51410669ST-27-0-0__bin.61.fa	/home/jshaw/scratch/2022_sketched_distance/references/SGB_genome_fastas_part5/15465/VogtmannE_2016__MMRS55294627ST-27-0-0__bin.13.fa	/home/jshaw/scratch/2022_sketched_distance/references/SGB_genome_fastas_part5/15465/VogtmannE_2016__MMRS65862658ST-27-0-0__bin.2.fa	/home/jshaw/scratch/2022_sketched_distance/references/SGB_genome_fastas_part5/15465/XieH_2016__YSZC12003_35980__bin.62.fa	/home/jshaw/scratch/2022_sketched_distance/references/SGB_genome_fastas_part5/15465/XieH_2016__YSZC12003_37277__bin.50.fa	/home/jshaw/scratch/2022_sketched_distance/references/SGB_genome_fastas_part5/15465/XieH_2016__YSZC12003_37282__bin.25.fa	/home/jshaw/scratch/2022_sketched_distance/references/SGB_genome_fastas_part5/15465/YuJ_2015__SZAXPI003409-8__bin.49.fa	/home/jshaw/scratch/2022_sketched_distance/references/SGB_genome_fastas_part5/15465/ZellerG_2014__CCIS87116798ST-4-0__bin.33.fa	/home/jshaw/scratch/2022_sketched_distance/references/SGB_genome_fastas_part5/15465/ZellerG_2014__CCIS90166425ST-4-0__bin.54.fa
1.0	0.9859265241419428	0.9809968458038858	0.9817317235488061	0.9840872258972064	0.9847933354545796	0.9774560369637512	0.9820749125281301	0.9815750504818962	0.9812323156920822	0.9813499766616712	0.9824316314193716	0.9822547960824073	0.9877351637247924	0.9829120622462644	0.9834462003385067	0.987241144634273	0.9778068627854102	0.9862865166791531	0.9814467242737341	0.9782663957691824	0.9802218366000262	0.9822058566470283	0.9776369529411866	0.9761152834429223	0.9830724263627955	0.9831705812036284	0.9826310044590776	0.9825308649280481	0.9811943550974853	0.9791620013315433
0.9859265241419428	1.0	0.9883196495767599	0.9891052682564924	0.9894084527879704	0.9884811743406678	0.9813396032007932	0.9898158784882559	0.9886301802914308	0.9884669422185414	0.9884219556483221	0.986954867153041	0.9852526280861109	0.9879165754415403	0.9921894438917103	0.987521185164346	0.9854669570998958	0.9805053971606	0.9894437307515292	0.9864571619965126	0.9851270440214528	0.9868142178830385	0.9856660492194379	0.9820414133325529	0.9807714261282703	0.9889347302668978	0.9888943960325817	0.9883274758409972	0.9895025992639808	0.985871493678261	0.9874278347777752
0.9809968458038858	0.9883196495767599	1.0	0.9987599217646298	0.9921918573554991	0.9889958523195019	0.9817337142924969	0.9896050973111091	0.9911425179595578	0.9913472696796535	0.990829169564242	0.9861325114785966	0.9835213689663193	0.9832654479527574	0.9918229744366375	0.9844714509597686	0.9815723961512437	0.9804239049822855	0.9897307831299752	0.9882241057393831	0.9879352872254701	0.9892309293700019	0.9857925088868291	0.9828568057958286	0.9779753209602514	0.9913052946262739	0.9908514519768615	0.990854643796486	0.9915884196296703	0.9861089262215025	0.9901206960286274
0.9817317235488061	0.9891052682564924	0.9987599217646298	1.0	0.9924043738071305	0.9896147524785756	0.9827756660044465	0.9900526399037729	0.991452861635649	0.9917728959492694	0.9914278029497581	0.9869696171700484	0.9843749009220685	0.984194876777846	0.9925130301915014	0.9854413591555673	0.9823891469413045	0.9815753426852999	0.9900928820472314	0.9888153185077456	0.988596293728117	0.9899266326100178	0.9864394087851824	0.9837436944555363	0.9790025844846073	0.9917268327070686	0.9915463045244535	0.9913737693265318	0.9919276656715981	0.9868276112354568	0.9907330291149631
0.9840872258972064	0.9894084527879704	0.9921918573554991	0.9924043738071305	1.0	0.9957986600492874	0.9823687570732904	0.9909332817485874	0.9919465325741105	0.9923455968069302	0.9917014393739721	0.9871005500484811	0.9845817850696755	0.9852456873868828	0.9924681400503165	0.9851973848118661	0.9822244838350265	0.9822524946926782	0.9873344801444709	0.9948986306915883	0.9943140526808976	0.9956934168318855	0.9910219212295996	0.9841268324240076	0.9796405772676042	0.9932918440083178	0.9975431978273495	0.9931037280956673	0.9925761017766653	0.9870416671711192	0.9908490793971295
0.9847933354545796	0.9884811743406678	0.9889958523195019	0.9896147524785756	0.9957986600492874	1.0	0.9818458293114137	0.9885413677469078	0.9891936859317443	0.9892696233458306	0.9892915507445763	0.9873234771965348	0.9850920070292091	0.9857755124365617	0.9898377845744241	0.985905067734233	0.9833892444610979	0.9822534878657535	0.9862763245877924	0.9913298928241726	0.9915633660597405	0.9926657003878052	0.9901628083554603	0.9835183595397947	0.9806086879638681	0.9904416543031968	0.994402376266887	0.9905101278693715	0.9899631538579626	0.9869168606268663	0.9879813290033029
0.9774560369637512	0.9813396032007932	0.9817337142924969	0.9827756660044465	0.9823687570732904	0.9818458293114137	1.0	0.9826578053909638	0.9822073261068086	0.9824937367935853	0.9828559856165073	0.9816310418726492	0.978124856563703	0.9780933598140621	0.9823687570732904	0.980875357400885	0.9764781499167896	0.9796134953581537	0.9788657212021571	0.9780427182899638	0.9826802929023909	0.9825810553763094	0.9816742953905898	0.9802054933188079	0.9790967724249079	0.9831672335881751	0.9823724552272297	0.9835343216640785	0.9836428393546235	0.9812295306953084	0.9833988931932403
0.9820749125281301	0.9898158784882559	0.9896050973111091	0.9900526399037729	0.9909332817485874	0.9885413677469078	0.9826578053909638	1.0	0.9900853387325066	0.9902848849318167	0.9900909587155147	0.9858325382323311	0.9832952993135136	0.9842122841363523	0.9921809865814094	0.9845231622709391	0.9812749346229577	0.9817215222433453	0.9857238891561152	0.98739131168127	0.9876162750686843	0.9888515624882785	0.9862889302777578	0.9831376421425955	0.9801635971972488	0.9902192339523966	0.990176177906404	0.99009513589246	0.9902602888575027	0.9850714519306827	0.9892005741751462
0.9815750504818962	0.9886301802914308	0.9911425179595578	0.991452861635649	0.9919465325741105	0.9891936859317443	0.9822073261068086	0.9900853387325066	1.0	0.9980206096119008	0.9973949189972502	0.9867072921458447	0.9836201769009819	0.9839254011711566	0.9912765279171253	0.9854709814560593	0.9820332276617015	0.9812891154541895	0.9870911802850945	0.9886627200683253	0.988763414430511	0.989883192678077	0.9869529647370242	0.9832120768888557	0.9787550405017238	0.9914604127855348	0.99104772400689	0.9911977339298834	0.9920233247928231	0.9862279998087745	0.9908873410985086
0.9812323156920822	0.9884669422185414	0.9913472696796535	0.9917728959492694	0.9923455968069302	0.9892696233458306	0.9824937367935853	0.9902848849318167	0.9980206096119008	1.0	0.9976457245150266	0.9870204820905327	0.9837792632484015	0.9841605405222272	0.9912906605290293	0.9855701058986736	0.9820655417092448	0.9814723802552874	0.9873462304912805	0.9889444017977456	0.988993891071167	0.9901503913080457	0.9872676071296171	0.9835349775517044	0.9790894690199953	0.9917139444931485	0.9913797455313863	0.9913338723882605	0.9921536234813219	0.9865193284623949	0.9912145805357834
0.9813499766616712	0.9884219556483221	0.990829169564242	0.9914278029497581	0.9917014393739721	0.9892915507445763	0.9828559856165073	0.9900909587155147	0.9973949189972502	0.9976457245150266	1.0	0.9870592930443859	0.9837297156341297	0.9836676185042803	0.9911099673042135	0.9854586865698329	0.9818879249531214	0.9820278199824867	0.9866205084264374	0.9884299885224949	0.9889476822958638	0.9896969665247337	0.9871993559813993	0.9837224412973128	0.9791015412011035	0.9912570081660305	0.9910102915727516	0.9910737939986048	0.9916859132267892	0.9867476887787764	0.9905913130671601
0.9824316314193716	0.986954867153041	0.9861325114785966	0.9869696171700484	0.9871005500484811	0.9873234771965348	0.9816310418726492	0.9858325382323311	0.9867072921458447	0.9870204820905327	0.9870592930443859	1.0	0.9845368950587663	0.9860197910071986	0.9869031336937184	0.9863915008040146	0.9837720797012991	0.9801130977207206	0.9859042186489166	0.9834114586143039	0.9834820411457188	0.9844008444395491	0.9842605817164559	0.9817152130578259	0.9797235873470398	0.9872280262342185	0.9865807648666998	0.9861195024797135	0.9870663942298978	0.9844187884953163	0.9850984068149349
0.9822547960824073	0.9852526280861109	0.9835213689663193	0.9843749009220685	0.9845817850696755	0.9850920070292091	0.978124856563703	0.9832952993135136	0.9836201769009819	0.9837792632484015	0.9837297156341297	0.9845368950587663	1.0	0.9845637077974976	0.9841542026107181	0.9851302889946731	0.9829172069276817	0.9785584384044674	0.9847613721109009	0.9807882989419547	0.9808414212192685	0.9817085301904047	0.9827105615965182	0.9809177294413495	0.9784758194540323	0.9838623527127711	0.9835340756422392	0.9833413686365019	0.9843012519873475	0.9829102691749444	0.9823485456141762
0.9877351637247924	0.9879165754415403	0.9832654479527574	0.984194876777846	0.9852456873868828	0.9857755124365617	0.9780933598140621	0.9842122841363523	0.9839254011711566	0.9841605405222272	0.9836676185042803	0.9860197910071986	0.9845637077974976	1.0	0.9851965663157964	0.9859622059077665	0.989213383205142	0.9781324995816713	0.9887064169395119	0.9824523120331998	0.979094960097165	0.9813463066354697	0.9824292702459121	0.979218052556459	0.9782636723619519	0.9847349067115838	0.9841492639558255	0.9840970236620921	0.9849722962946256	0.9828022120969371	0.9826186881404758
0.9829120622462644	0.9921894438917103	0.9918229744366375	0.9925130301915014	0.9924681400503165	0.9898377845744241	0.9823687570732904	0.9921809865814094	0.9912765279171253	0.9912906605290293	0.9911099673042135	0.9869031336937184	0.9841542026107181	0.9851965663157964	1.0	0.98570485560194	0.9825543044721327	0.9815038137717073	0.9876669539940489	0.9890982761807599	0.9887328375444003	0.9902112306845483	0.9870352429599247	0.9834270589106079	0.979609118030029	0.9915671623571721	0.9924864064691207	0.9912923465875967	0.9923649940754102	0.9866067828255732	0.9905897431850025
0.9834462003385067	0.987521185164346	0.9844714509597686	0.9854413591555673	0.9851973848118661	0.985905067734233	0.980875357400885	0.9845231622709391	0.9854709814560593	0.9855701058986736	0.9854586865698329	0.9863915008040146	0.9851302889946731	0.9859622059077665	0.98570485560194	1.0	0.9837555448734715	0.9802604949314878	0.986458723720215	0.9816466010143977	0.9818158109215142	0.9833777496945824	0.9842768293112908	0.9812921572697543	0.9792470471241712	0.9857411682346577	0.9849653812177083	0.9851088364901861	0.9860556178370774	0.9834920200718599	0.983844632162592
0.987241144634273	0.9854669570998958	0.9815723961512437	0.9823891469413045	0.9822244838350265	0.9833892444610979	0.9764781499167896	0.9812749346229577	0.9820332276617015	0.9820655417092448	0.9818879249531214	0.9837720797012991	0.9829172069276817	0.989213383205142	0.9825543044721327	0.9837555448734715	1.0	0.9752898815098596	0.9872591514163027	0.980081513795568	0.9760634062740087	0.9780800642439391	0.9799916535932951	0.9771444942963328	0.9749931225618974	0.9815225721562043	0.9811148793912075	0.9809608484040638	0.9823280860553111	0.9809199475067223	0.9828134999369169
0.9778068627854102	0.9805053971606	0.9804239049822855	0.9815753426852999	0.9822524946926782	0.9822534878657535	0.9796134953581537	0.9817215222433453	0.9812891154541895	0.9814723802552874	0.9820278199824867	0.9801130977207206	0.9785584384044674	0.9781324995816713	0.9815038137717073	0.9802604949314878	0.9752898815098596	1.0	0.9774201529293234	0.9781422938097797	0.9827162512826989	0.9822525492152809	0.9817628545777113	0.9808027822579579	0.9789310777146387	0.9832994798347678	0.9821967614288714	0.9834409244910126	0.9826557558458813	0.9804993939541429	0.9820535904257005
0.9862865166791531	0.9894437307515292	0.9897307831299752	0.9900928820472314	0.9873344801444709	0.9862763245877924	0.9788657212021571	0.9857238891561152	0.9870911802850945	0.9873462304912805	0.9866205084264374	0.9859042186489166	0.9847613721109009	0.9887064169395119	0.9876669539940489	0.986458723720215	0.9872591514163027	0.9774201529293234	1.0	0.9841198661740483	0.9809150666690895	0.9831741469448697	0.983026899964732	0.9798782888434154	0.9766659722080955	0.9868946761429245	0.9859052599409746	0.9857725192665443	0.9872021347611629	0.9844416282169037	0.9844273190280397
0.9814467242737341	0.9864571619965126	0.9882241057393831	0.9888153185077456	0.9948986306915883	0.9913298928241726	0.9780427182899638	0.98739131168127	0.9886627200683253	0.9889444017977456	0.9884299885224949	0.9834114586143039	0.9807882989419547	0.9824523120331998	0.9890982761807599	0.9816466010143977	0.980081513795568	0.9781422938097797	0.9841198661740483	1.0	0.9927700783926519	0.9944933788685096	0.9875250343452912	0.9796514090785433	0.9750008987973826	0.9901472131437614	0.9938478061362114	0.9896258561142718	0.9894605540673383	0.9833480075397546	0.987844093328283
0.9782663957691824	0.9851270440214528	0.9879352872254701	0.988596293728117	0.9943140526808976	0.9915633660597405	0.9826802929023909	0.9876162750686843	0.988763414430511	0.988993891071167	0.9889476822958638	0.9834820411457188	0.9808414212192685	0.979094960097165	0.9887328375444003	0.9818158109215142	0.9760634062740087	0.9827162512826989	0.9809150666690895	0.9927700783926519	1.0	0.9978998419046955	0.9896009244690908	0.9836914758138259	0.9803154750619864	0.9896295346847477	0.9941578221741744	0.9910175562452277	0.9896785114881388	0.9843592579215578	0.9908521841214325
0.9802218366000262	0.9868142178830385	0.9892309293700019	0.9899266326100178	0.9956934168318855	0.9926657003878052	0.9825810553763094	0.9888515624882785	0.989883192678077	0.9901503913080457	0.9896969665247337	0.9844008444395491	0.9817085301904047	0.9813463066354697	0.9902112306845483	0.9833777496945824	0.9780800642439391	0.9822525492152809	0.9831741469448697	0.9944933788685096	0.9978998419046955	1.0	0.9902308931770217	0.9839608648164172	0.9799706301897328	0.9908847752600082	0.9957460440905552	0.9918604476975286	0.9908990743210339	0.9850588375809011	0.9920159322612859
0.9822058566470283	0.9856660492194379	0.9857925088868291	0.9864394087851824	0.9910219212295996	0.9901628083554603	0.9816742953905898	0.9862889302777578	0.9869529647370242	0.9872676071296171	0.9871993559813993	0.9842605817164559	0.9827105615965182	0.9824292702459121	0.9870352429599247	0.9842768293112908	0.9799916535932951	0.9817628545777113	0.983026899964732	0.9875250343452912	0.9896009244690908	0.9902308931770217	1.0	0.9829555993161276	0.980847076346574	0.9884172031006866	0.990422310502645	0.9878493159078278	0.9875705578543704	0.9845515647466353	0.9864319814766591
0.9776369529411866	0.9820414133325529	0.9828568057958286	0.9837436944555363	0.9841268324240076	0.9835183595397947	0.9802054933188079	0.9831376421425955	0.9832120768888557	0.9835349775517044	0.9837224412973128	0.9817152130578259	0.9809177294413495	0.979218052556459	0.9834270589106079	0.9812921572697543	0.9771444942963328	0.9808027822579579	0.9798782888434154	0.9796514090785433	0.9836914758138259	0.9839608648164172	0.9829555993161276	1.0	0.978543211291894	0.984074545422775	0.983735811708128	0.9849363350585728	0.9845661473568208	0.9814618655504114	0.98391387562899
0.9761152834429223	0.9807714261282703	0.9779753209602514	0.9790025844846073	0.9796405772676042	0.9806086879638681	0.9790967724249079	0.9801635971972488	0.9787550405017238	0.9790894690199953	0.9791015412011035	0.9797235873470398	0.9784758194540323	0.9782636723619519	0.979609118030029	0.9792470471241712	0.9749931225618974	0.9789310777146387	0.9766659722080955	0.9750008987973826	0.9803154750619864	0.9799706301897328	0.980847076346574	0.978543211291894	1.0	0.9805723935100872	0.9796979351936894	0.9803189436510099	0.9801905283831274	0.9794337239643532	0.9801874924893489
0.9830724263627955	0.9889347302668978	0.9913052946262739	0.9917268327070686	0.9932918440083178	0.9904416543031968	0.9831672335881751	0.9902192339523966	0.9914604127855348	0.9917139444931485	0.9912570081660305	0.9872280262342185	0.9838623527127711	0.9847349067115838	0.9915671623571721	0.9857411682346577	0.9815225721562043	0.9832994798347678	0.9868946761429245	0.9901472131437614	0.9896295346847477	0.9908847752600082	0.9884172031006866	0.984074545422775	0.9805723935100872	1.0	0.9924512201139921	0.9922563400422769	0.9924254856750171	0.9869145513282641	0.9902601345619869
0.9831705812036284	0.9888943960325817	0.9908514519768615	0.9915463045244535	0.9975431978273495	0.994402376266887	0.9823724552272297	0.990176177906404	0.99104772400689	0.9913797455313863	0.9910102915727516	0.9865807648666998	0.9835340756422392	0.9841492639558255	0.9924864064691207	0.9849653812177083	0.9811148793912075	0.9821967614288714	0.9859052599409746	0.9938478061362114	0.9941578221741744	0.9957460440905552	0.990422310502645	0.983735811708128	0.9796979351936894	0.9924512201139921	1.0	0.9925360727332478	0.9920517654845887	0.9865054051239532	0.9906579062892021
0.9826310044590776	0.9883274758409972	0.990854643796486	0.9913737693265318	0.9931037280956673	0.9905101278693715	0.9835343216640785	0.99009513589246	0.9911977339298834	0.9913338723882605	0.9910737939986048	0.9861195024797135	0.9833413686365019	0.9840970236620921	0.9912923465875967	0.9851088364901861	0.9809608484040638	0.9834409244910126	0.9857725192665443	0.9896258561142718	0.9910175562452277	0.9918604476975286	0.9878493159078278	0.9849363350585728	0.9803189436510099	0.9922563400422769	0.9925360727332478	1.0	0.9919624500769999	0.9859994951692449	0.9910879340822456
0.9825308649280481	0.9895025992639808	0.9915884196296703	0.9919276656715981	0.9925761017766653	0.9899631538579626	0.9836428393546235	0.9902602888575027	0.9920233247928231	0.9921536234813219	0.9916859132267892	0.9870663942298978	0.9843012519873475	0.9849722962946256	0.9923649940754102	0.9860556178370774	0.9823280860553111	0.9826557558458813	0.9872021347611629	0.9894605540673383	0.9896785114881388	0.9908990743210339	0.9875705578543704	0.9845661473568208	0.9801905283831274	0.9924254856750171	0.9920517654845887	0.9919624500769999	1.0	0.9870056455892898	0.9912461898618128
0.9811943550974853	0.985871493678261	0.9861089262215025	0.9868276112354568	0.9870416671711192	0.9869168606268663	0.9812295306953084	0.9850714519306827	0.9862279998087745	0.9865193284623949	0.9867476887787764	0.9844187884953163	0.9829102691749444	0.9828022120969371	0.9866067828255732	0.9834920200718599	0.9809199475067223	0.9804993939541429	0.9844416282169037	0.9833480075397546	0.9843592579215578	0.9850588375809011	0.9845515647466353	0.9814618655504114	0.9794337239643532	0.9869145513282641	0.9865054051239532	0.9859994951692449	0.9870056455892898	1.0	0.9849181558476117
0.9791620013315433	0.9874278347777752	0.9901206960286274	0.9907330291149631	0.9908490793971295	0.9879813290033029	0.9833988931932403	0.9892005741751462	0.9908873410985086	0.9912145805357834	0.9905913130671601	0.9850984068149349	0.9823485456141762	0.9826186881404758	0.9905897431850025	0.983844632162592	0.9828134999369169	0.9820535904257005	0.9844273190280397	0.987844093328283	0.9908521841214325	0.9920159322612859	0.9864319814766591	0.98391387562899	0.9801874924893489	0.9902601345619869	0.9906579062892021	0.9910879340822456	0.9912461898618128	0.9849181558476117	1.0
