/home/jshaw/scratch/2022_sketched_distance/references/SGB_genome_fastas_part2/4587/BackhedF_2015__SID560_4M__bin.10.fa	/home/jshaw/scratch/2022_sketched_distance/references/SGB_genome_fastas_part2/4587/BritoIL_2016__M1.44.ST__bin.56.fa	/home/jshaw/scratch/2022_sketched_distance/references/SGB_genome_fastas_part2/4587/CosteaPI_2017__SID713A089-11-0-0__bin.48.fa	/home/jshaw/scratch/2022_sketched_distance/references/SGB_genome_fastas_part2/4587/CosteaPI_2017__SID713B032-11-90-0__bin.76.fa	/home/jshaw/scratch/2022_sketched_distance/references/SGB_genome_fastas_part2/4587/FengQ_2015__SID31873__bin.66.fa	/home/jshaw/scratch/2022_sketched_distance/references/SGB_genome_fastas_part2/4587/HeQ_2017__SZAXPI029557-42__bin.38.fa	/home/jshaw/scratch/2022_sketched_distance/references/SGB_genome_fastas_part2/4587/HeQ_2017__SZAXPI029573-88__bin.21.fa	/home/jshaw/scratch/2022_sketched_distance/references/SGB_genome_fastas_part2/4587/HeQ_2017__SZAXPI029578-96__bin.47.fa	/home/jshaw/scratch/2022_sketched_distance/references/SGB_genome_fastas_part2/4587/HMP_2012__SRS019601__bin.18.fa	/home/jshaw/scratch/2022_sketched_distance/references/SGB_genome_fastas_part2/4587/KarlssonFH_2013__S248__bin.9.fa	/home/jshaw/scratch/2022_sketched_distance/references/SGB_genome_fastas_part2/4587/LeChatelierE_2013__MH0101__bin.15.fa	/home/jshaw/scratch/2022_sketched_distance/references/SGB_genome_fastas_part2/4587/LiuW_2016__SRR3993004__bin.12.fa	/home/jshaw/scratch/2022_sketched_distance/references/SGB_genome_fastas_part2/4587/LiuW_2016__SRR3993060__bin.98.fa	/home/jshaw/scratch/2022_sketched_distance/references/SGB_genome_fastas_part2/4587/NielsenHB_2014__MH0101__bin.14.fa	/home/jshaw/scratch/2022_sketched_distance/references/SGB_genome_fastas_part2/4587/QinJ_2012__CON-094__bin.7.fa	/home/jshaw/scratch/2022_sketched_distance/references/SGB_genome_fastas_part2/4587/QinJ_2012__T2D-083__bin.12.fa	/home/jshaw/scratch/2022_sketched_distance/references/SGB_genome_fastas_part2/4587/QinN_2014__LD-74__bin.66.fa	/home/jshaw/scratch/2022_sketched_distance/references/SGB_genome_fastas_part2/4587/SchirmerM_2016__G89058__bin.16.fa	/home/jshaw/scratch/2022_sketched_distance/references/SGB_genome_fastas_part2/4587/VatanenT_2016__G78589__bin.6.fa	/home/jshaw/scratch/2022_sketched_distance/references/SGB_genome_fastas_part2/4587/VatanenT_2016__G80495__bin.7.fa	/home/jshaw/scratch/2022_sketched_distance/references/SGB_genome_fastas_part2/4587/XieH_2016__YSZC12003_36052__bin.58.fa	/home/jshaw/scratch/2022_sketched_distance/references/SGB_genome_fastas_part2/4587/XieH_2016__YSZC12003_36058__bin.40.fa	/home/jshaw/scratch/2022_sketched_distance/references/SGB_genome_fastas_part2/4587/XieH_2016__YSZC12003_37296R1__bin.33.fa	/home/jshaw/scratch/2022_sketched_distance/references/SGB_genome_fastas_part2/4587/XieH_2016__YSZC12003_37880__bin.50.fa	/home/jshaw/scratch/2022_sketched_distance/references/SGB_genome_fastas_part2/4587/ZeeviD_2015__PNP_Main_137__bin.19.fa	/home/jshaw/scratch/2022_sketched_distance/references/SGB_genome_fastas_part2/4587/ZeeviD_2015__PNP_Main_154__bin.30.fa	/home/jshaw/scratch/2022_sketched_distance/references/SGB_genome_fastas_part2/4587/ZeeviD_2015__PNP_Main_178__bin.19.fa	/home/jshaw/scratch/2022_sketched_distance/references/SGB_genome_fastas_part2/4587/ZeeviD_2015__PNP_Main_268__bin.39.fa	/home/jshaw/scratch/2022_sketched_distance/references/SGB_genome_fastas_part2/4587/ZeeviD_2015__PNP_Main_381__bin.1.fa	/home/jshaw/scratch/2022_sketched_distance/references/SGB_genome_fastas_part2/4587/ZeeviD_2015__PNP_Main_384__bin.41.fa	/home/jshaw/scratch/2022_sketched_distance/references/SGB_genome_fastas_part2/4587/ZeeviD_2015__PNP_Main_391__bin.26.fa
1.0	0.9644694770753112	0.9759726152345941	0.9735270100813519	0.9734609679289533	0.9762468179253824	0.9759420051263255	0.9765488020536367	0.9755724192121262	0.975696081738829	0.9788968716815413	0.9707922161722741	0.9608440796782048	0.9785877498033674	0.9766688155699094	0.9732952720609688	0.9737898428799685	0.9745977435285231	0.975323674313167	0.9790570751041381	0.975634309254206	0.9702676790405544	0.973985580164412	0.9756652101628163	0.9764585006508597	0.9735599808233646	0.9735929181015961	0.9754171767953251	0.9673690591813038	0.9751358586829022	0.975788521036066
0.9644694770753112	1.0	0.9821783760320065	0.9802876936617707	0.9812055782942397	0.9823112287052842	0.9826541441308487	0.9834832604230831	0.9817495876642451	0.9819646839796022	0.9819110422818851	0.9749569279843638	0.9659952026066926	0.9816415070191631	0.9824435445261931	0.9801746627619577	0.9821250836496209	0.9811781388904621	0.9682789992210652	0.9696977532129766	0.9816955919638134	0.9781606440319288	0.98177655214135	0.9819110422818851	0.9834576655417894	0.9813970122796185	0.9805405927104595	0.9832006115044919	0.9745672402639595	0.9821250836496209	0.9818034944193765
0.9759726152345941	0.9821783760320065	1.0	0.9881618928027047	0.9906533010894425	0.9915058600361537	0.9908429729649925	0.991605173809391	0.9903593540596753	0.9909301477896779	0.9852603153648145	0.9903322467042462	0.9763556960727136	0.9852258259045298	0.9903002492831023	0.9913943819287616	0.9904330865298726	0.9913142532703516	0.9763806033459353	0.9825675038649858	0.9920570019809021	0.9894603893737477	0.9917328758685532	0.9913052694231925	0.9935647157959545	0.9894917977974453	0.9924043234541802	0.9928468411565236	0.9912967581053711	0.9930717206928774	0.9937117781239232
0.9735270100813519	0.9802876936617707	0.9881618928027047	1.0	0.9864894344779116	0.9876323145366063	0.9799755590451003	0.9871730201723051	0.9871920273280482	0.9818553168911176	0.9750626080509295	0.9874222062709528	0.9746777122430952	0.9730138570604875	0.985862663958254	0.988250076743773	0.98128848328515	0.9872374702380714	0.9744679148464549	0.9805632072877993	0.9846413521062714	0.9862110221029092	0.9866544149908599	0.9816381274622569	0.981286375832007	0.9845385501957831	0.9885717664461063	0.9868410637058633	0.9882573159439761	0.9894760716500078	0.9774625473380752
0.9734609679289533	0.9812055782942397	0.9906533010894425	0.9864894344779116	1.0	0.9908884930070091	0.9884974185682047	0.9902113024534102	0.9890953822800919	0.9888847305497741	0.983279596216455	0.9886710723738216	0.9754191133728193	0.9831387905443967	0.9883576094279737	0.99004143335349	0.9887809011955146	0.9895779082966962	0.9764624504303382	0.9810913226449557	0.9901058324050126	0.9871081528773026	0.9905453004182672	0.9891942707440619	0.9911730072092112	0.9873384429664124	0.9907590263294003	0.9900915581399308	0.9906513126922152	0.9912556406988687	0.9900772776983653
0.9762468179253824	0.9823112287052842	0.9915058600361537	0.9876323145366063	0.9908884930070091	1.0	0.9948110224468141	0.9955189400559122	0.9915356824541702	0.9912663068854464	0.9867136656101398	0.9884310806917113	0.9752830866211258	0.9867998114340674	0.9940185980230943	0.9940366292187205	0.991371325128578	0.9918028802797294	0.9777709606947724	0.9827144586766937	0.9918619654198381	0.9872523275381578	0.9915654779873778	0.9920385899490782	0.9940462407505939	0.9905216800476409	0.99085091364891	0.9934889556435722	0.9903895606096303	0.9921265496843087	0.9927788960611352
0.9759420051263255	0.9826541441308487	0.9908429729649925	0.9799755590451003	0.9884974185682047	0.9948110224468141	1.0	0.9956346439308739	0.9897504155915042	0.984949347582015	0.9797343550415059	0.9887904159746053	0.9761439848201444	0.9794276047855472	0.9930715924330373	0.9951054065562781	0.9862042044704498	0.9916479442091843	0.9782387400828146	0.9831514088180284	0.9885758668012335	0.988866489007598	0.9911824105321814	0.9860866193535592	0.9866468736881662	0.9875074994271569	0.9930688005673787	0.9911281895876132	0.9926037271843766	0.9921398125151887	0.9849752491639524
0.9765488020536367	0.9834832604230831	0.991605173809391	0.9871730201723051	0.9902113024534102	0.9955189400559122	0.9956346439308739	1.0	0.9901080062497857	0.9912982297382983	0.986897208349673	0.9896429735536119	0.9766445684968645	0.9869948179349929	0.9941642591740287	0.9961264574938933	0.9917653774880412	0.9918494232830276	0.9791295415329905	0.9834681762031726	0.9916809311491478	0.9890031839085809	0.9918215554438616	0.9916950205282365	0.9939412573737032	0.9905776009828128	0.9932257401353725	0.9931689269261511	0.9923570463015968	0.9927592349823036	0.9921288395129965
0.9755724192121262	0.9817495876642451	0.9903593540596753	0.9871920273280482	0.9890953822800919	0.9915356824541702	0.9897504155915042	0.9901080062497857	1.0	0.9897356720239548	0.9842614460973702	0.9894975445038905	0.9759576007110113	0.9842091547995545	0.9885419190519895	0.9909775084916265	0.9888084540421663	0.9934458977307773	0.9764896871186093	0.9820329383697013	0.9899854210535329	0.9871983360387542	0.9894096351317831	0.992641817616503	0.9907807240196784	0.9881497152175079	0.9910795197704104	0.9907092101946857	0.9933844010375926	0.9921543502145345	0.9901314540875541
0.975696081738829	0.9819646839796022	0.9909301477896779	0.9818553168911176	0.9888847305497741	0.9912663068854464	0.984949347582015	0.9912982297382983	0.9897356720239548	1.0	0.9796115788249652	0.9899606785718001	0.9765135805711614	0.9794586443178392	0.9887708657749711	0.9912282631940244	0.9853876568352566	0.9916335057478773	0.9771633025707283	0.9818226714690478	0.9884766377346472	0.9877874265553723	0.9895726874838934	0.9856193962518208	0.9867702983449427	0.9873727513225705	0.9909577934216397	0.9898402785984421	0.9919477479469212	0.9922993768247802	0.985250421669539
0.9788968716815413	0.9819110422818851	0.9852603153648145	0.9750626080509295	0.983279596216455	0.9867136656101398	0.9797343550415059	0.986897208349673	0.9842614460973702	0.9796115788249652	1.0	0.9850740421560263	0.9728202079025104	0.9970238027696732	0.9853941054909082	0.9864905455016569	0.9804067045529906	0.9855445679648099	0.981149654248581	0.9856038207775982	0.9822596796401675	0.982893612142829	0.9841245897402537	0.9794470248675728	0.9800092859430352	0.9815976305211238	0.9859816563925645	0.9841171043287293	0.9866360991452299	0.9860576751605966	0.9798640226096318
0.9707922161722741	0.9749569279843638	0.9903322467042462	0.9874222062709528	0.9886710723738216	0.9884310806917113	0.9887904159746053	0.9896429735536119	0.9894975445038905	0.9899606785718001	0.9850740421560263	1.0	0.9803862852371267	0.984906898761299	0.9891753252812624	0.9864134547517236	0.9899606785718001	0.9889093290030716	0.9744992366310007	0.9725521795540484	0.9905306028223917	0.9863172786454184	0.9885512950187227	0.9896719825831174	0.9901898304878967	0.9873600573208511	0.9876696352418779	0.9896139389917313	0.9825809206294753	0.9892635159514994	0.9889686250374551
0.9608440796782048	0.9659952026066926	0.9763556960727136	0.9746777122430952	0.9754191133728193	0.9752830866211258	0.9761439848201444	0.9766445684968645	0.9759576007110113	0.9765135805711614	0.9728202079025104	0.9803862852371267	1.0	0.9726728195632496	0.9759041513923064	0.9733742533265275	0.9764873196154785	0.9749818089703712	0.9609651509252584	0.9675264227543938	0.9764347340560305	0.9721666268829044	0.9754733651236889	0.9759041513923064	0.9775215804196921	0.9753375656363235	0.9752830866211258	0.9764610374553825	0.9717694087621674	0.9760908410801461	0.9756625366135441
0.9785877498033674	0.9816415070191631	0.9852258259045298	0.9730138570604875	0.9831387905443967	0.9867998114340674	0.9794276047855472	0.9869948179349929	0.9842091547995545	0.9794586443178392	0.9970238027696732	0.984906898761299	0.9726728195632496	1.0	0.9853097265041172	0.9863363608813928	0.980268909998668	0.9854575901886137	0.9807698283862879	0.9853612525538193	0.9823111050648483	0.9826876145181512	0.9840733189982022	0.9795955637409718	0.9792375645937966	0.9815797361148414	0.9859993806313947	0.9841506982523692	0.9864673817209635	0.9860226831353831	0.9777996476034654
0.9766688155699094	0.9824435445261931	0.9903002492831023	0.985862663958254	0.9883576094279737	0.9940185980230943	0.9930715924330373	0.9941642591740287	0.9885419190519895	0.9887708657749711	0.9853941054909082	0.9891753252812624	0.9759041513923064	0.9853097265041172	1.0	0.9941282934340163	0.988831650576158	0.989883869455806	0.9784957466616725	0.9836111556517395	0.9899217318796916	0.9880868329964808	0.9894334128728615	0.9902287592515815	0.9911330725168711	0.9881722628943914	0.9906668826354486	0.990489671447277	0.9905393872234103	0.9912705723961949	0.9898776367087603
0.9732952720609688	0.9801746627619577	0.9913943819287616	0.988250076743773	0.99004143335349	0.9940366292187205	0.9951054065562781	0.9961264574938933	0.9909775084916265	0.9912282631940244	0.9864905455016569	0.9864134547517236	0.9733742533265275	0.9863363608813928	0.9941282934340163	1.0	0.9910613050479711	0.9914605963041637	0.9745258069118036	0.9797707275194945	0.9913114269511654	0.9862008536402213	0.991144889586132	0.9918714576703079	0.9933877782885351	0.9905892822508076	0.9901792503666117	0.9930585223546611	0.9867201343790716	0.9918551208867127	0.9912615538187981
0.9737898428799685	0.9821250836496209	0.9904330865298726	0.98128848328515	0.9887809011955146	0.991371325128578	0.9862042044704498	0.9917653774880412	0.9888084540421663	0.9853876568352566	0.9804067045529906	0.9899606785718001	0.9764873196154785	0.980268909998668	0.988831650576158	0.9910613050479711	1.0	0.9904574943130275	0.9763806033459353	0.9813674979818346	0.9875406631366416	0.9873421169899921	0.9895147550447742	0.9852989537045056	0.987085193425757	0.9863209295920282	0.9911098814030728	0.9891409287046661	0.9908740319633477	0.9914789107894264	0.9859584617000916
0.9745977435285231	0.9811781388904621	0.9913142532703516	0.9872374702380714	0.9895779082966962	0.9918028802797294	0.9916479442091843	0.9918494232830276	0.9934458977307773	0.9916335057478773	0.9855445679648099	0.9889093290030716	0.9749818089703712	0.9854575901886137	0.989883869455806	0.9914605963041637	0.9904574943130275	1.0	0.9760235344904783	0.9806882394181964	0.99150327498957	0.9871081528773026	0.9919640052881886	0.9955898523815889	0.9947330563935141	0.9892690826004679	0.9918599951370273	0.9940286276697069	0.9939622720656078	0.9925013517210397	0.9927272211094786
0.975323674313167	0.9682789992210652	0.9763806033459353	0.9744679148464549	0.9764624504303382	0.9777709606947724	0.9782387400828146	0.9791295415329905	0.9764896871186093	0.9771633025707283	0.981149654248581	0.9744992366310007	0.9609651509252584	0.9807698283862879	0.9784957466616725	0.9745258069118036	0.9763806033459353	0.9760235344904783	1.0	0.9820628665387604	0.9774024333277853	0.9714331394609873	0.9764351909314043	0.9774817551057677	0.9782645320780289	0.9757183079690851	0.9759682513534066	0.9774288953835206	0.9719348448639218	0.9765712607067346	0.9772165946483394
0.9790570751041381	0.9696977532129766	0.9825675038649858	0.9805632072877993	0.9810913226449557	0.9827144586766937	0.9831514088180284	0.9834681762031726	0.9820329383697013	0.9818226714690478	0.9856038207775982	0.9725521795540484	0.9675264227543938	0.9853612525538193	0.9836111556517395	0.9797707275194945	0.9813674979818346	0.9806882394181964	0.9820628665387604	1.0	0.9819429893332	0.9783274672411767	0.9808127951437198	0.9816110449064356	0.9827437706891206	0.9801535174356001	0.9802485181709998	0.9818828856892121	0.9744499273441395	0.981762346258271	0.9819129513074171
0.975634309254206	0.9816955919638134	0.9920570019809021	0.9846413521062714	0.9901058324050126	0.9918619654198381	0.9885758668012335	0.9916809311491478	0.9899854210535329	0.9884766377346472	0.9822596796401675	0.9905306028223917	0.9764347340560305	0.9823111050648483	0.9899217318796916	0.9913114269511654	0.9875406631366416	0.99150327498957	0.9774024333277853	0.9819429893332	1.0	0.9881568877471157	0.9915796831359132	0.9897165510296738	0.9912134594646714	0.9878049794450645	0.9927093278922788	0.9911824727120442	0.9930743374227738	0.9934232739401639	0.990299311425897
0.9702676790405544	0.9781606440319288	0.9894603893737477	0.9862110221029092	0.9871081528773026	0.9872523275381578	0.988866489007598	0.9890031839085809	0.9871983360387542	0.9877874265553723	0.982893612142829	0.9863172786454184	0.9721666268829044	0.9826876145181512	0.9880868329964808	0.9862008536402213	0.9873421169899921	0.9871081528773026	0.9714331394609873	0.9783274672411767	0.9881568877471157	1.0	0.9888836069018079	0.9889349073126641	0.9901427673696008	0.9871803191686732	0.990714326567352	0.9891393143513205	0.9864462310473356	0.988797928394054	0.9897950200482593
0.973985580164412	0.98177655214135	0.9917328758685532	0.9866544149908599	0.9905453004182672	0.9915654779873778	0.9911824105321814	0.9918215554438616	0.9894096351317831	0.9895726874838934	0.9841245897402537	0.9885512950187227	0.9754733651236889	0.9840733189982022	0.9894334128728615	0.991144889586132	0.9895147550447742	0.9919640052881886	0.9764351909314043	0.9808127951437198	0.9915796831359132	0.9888836069018079	1.0	0.9933945025047233	0.9939188273986042	0.9900039680875868	0.994207389867972	0.9939948664636786	0.9939285572829966	0.9934512376095538	0.9940075226922477
0.9756652101628163	0.9819110422818851	0.9913052694231925	0.9816381274622569	0.9891942707440619	0.9920385899490782	0.9860866193535592	0.9916950205282365	0.992641817616503	0.9856193962518208	0.9794470248675728	0.9896719825831174	0.9759041513923064	0.9795955637409718	0.9902287592515815	0.9918714576703079	0.9852989537045056	0.9955898523815889	0.9774817551057677	0.9816110449064356	0.9897165510296738	0.9889349073126641	0.9933945025047233	1.0	0.9873713814104846	0.9880997959010924	0.9942488174831714	0.9932965244330346	0.997476148484291	0.9931141047192281	0.9885452550977087
0.9764585006508597	0.9834576655417894	0.9935647157959545	0.981286375832007	0.9911730072092112	0.9940462407505939	0.9866468736881662	0.9939412573737032	0.9907807240196784	0.9867702983449427	0.9800092859430352	0.9901898304878967	0.9775215804196921	0.9792375645937966	0.9911330725168711	0.9933877782885351	0.987085193425757	0.9947330563935141	0.9782645320780289	0.9827437706891206	0.9912134594646714	0.9901427673696008	0.9939188273986042	0.9873713814104846	1.0	0.9918677218879083	0.9951473675783596	0.9962633747680136	0.9937425101676758	0.994980691030015	0.987215604665364
0.9735599808233646	0.9813970122796185	0.9894917977974453	0.9845385501957831	0.9873384429664124	0.9905216800476409	0.9875074994271569	0.9905776009828128	0.9881497152175079	0.9873727513225705	0.9815976305211238	0.9873600573208511	0.9753375656363235	0.9815797361148414	0.9881722628943914	0.9905892822508076	0.9863209295920282	0.9892690826004679	0.9757183079690851	0.9801535174356001	0.9878049794450645	0.9871803191686732	0.9900039680875868	0.9880997959010924	0.9918677218879083	1.0	0.9924334929442761	0.9927449929483093	0.9923393556505311	0.9922559355740774	0.9898988418693772
0.9735929181015961	0.9805405927104595	0.9924043234541802	0.9885717664461063	0.9907590263294003	0.99085091364891	0.9930688005673787	0.9932257401353725	0.9910795197704104	0.9909577934216397	0.9859816563925645	0.9876696352418779	0.9752830866211258	0.9859993806313947	0.9906668826354486	0.9901792503666117	0.9911098814030728	0.9918599951370273	0.9759682513534066	0.9802485181709998	0.9927093278922788	0.990714326567352	0.994207389867972	0.9942488174831714	0.9951473675783596	0.9924334929442761	1.0	0.9949722955462468	0.9940967891739728	0.9935515021720606	0.9955346151220854
0.9754171767953251	0.9832006115044919	0.9928468411565236	0.9868410637058633	0.9900915581399308	0.9934889556435722	0.9911281895876132	0.9931689269261511	0.9907092101946857	0.9898402785984421	0.9841171043287293	0.9896139389917313	0.9764610374553825	0.9841506982523692	0.990489671447277	0.9930585223546611	0.9891409287046661	0.9940286276697069	0.9774288953835206	0.9818828856892121	0.9911824727120442	0.9891393143513205	0.9939948664636786	0.9932965244330346	0.9962633747680136	0.9927449929483093	0.9949722955462468	1.0	0.994827029841167	0.9951138791857235	0.9941751696927238
0.9673690591813038	0.9745672402639595	0.9912967581053711	0.9882573159439761	0.9906513126922152	0.9903895606096303	0.9926037271843766	0.9923570463015968	0.9933844010375926	0.9919477479469212	0.9866360991452299	0.9825809206294753	0.9717694087621674	0.9864673817209635	0.9905393872234103	0.9867201343790716	0.9908740319633477	0.9939622720656078	0.9719348448639218	0.9744499273441395	0.9930743374227738	0.9864462310473356	0.9939285572829966	0.997476148484291	0.9937425101676758	0.9923393556505311	0.9940967891739728	0.994827029841167	1.0	0.9932297322093186	0.995153714221966
0.9751358586829022	0.9821250836496209	0.9930717206928774	0.9894760716500078	0.9912556406988687	0.9921265496843087	0.9921398125151887	0.9927592349823036	0.9921543502145345	0.9922993768247802	0.9860576751605966	0.9892635159514994	0.9760908410801461	0.9860226831353831	0.9912705723961949	0.9918551208867127	0.9914789107894264	0.9925013517210397	0.9765712607067346	0.981762346258271	0.9934232739401639	0.988797928394054	0.9934512376095538	0.9931141047192281	0.994980691030015	0.9922559355740774	0.9935515021720606	0.9951138791857235	0.9932297322093186	1.0	0.9946857805676577
0.975788521036066	0.9818034944193765	0.9937117781239232	0.9774625473380752	0.9900772776983653	0.9927788960611352	0.9849752491639524	0.9921288395129965	0.9901314540875541	0.985250421669539	0.9798640226096318	0.9889686250374551	0.9756625366135441	0.9777996476034654	0.9898776367087603	0.9912615538187981	0.9859584617000916	0.9927272211094786	0.9772165946483394	0.9819129513074171	0.990299311425897	0.9897950200482593	0.9940075226922477	0.9885452550977087	0.987215604665364	0.9898988418693772	0.9955346151220854	0.9941751696927238	0.995153714221966	0.9946857805676577	1.0
