/home/jshaw/scratch/2022_sketched_distance/references/SGB_genome_fastas_part5/15028/BritoIL_2016__W1.13.ST__bin.62.fa	/home/jshaw/scratch/2022_sketched_distance/references/SGB_genome_fastas_part5/15028/BritoIL_2016__W1.1.ST__bin.13.fa	/home/jshaw/scratch/2022_sketched_distance/references/SGB_genome_fastas_part5/15028/BritoIL_2016__W2.43.ST__bin.21.fa	/home/jshaw/scratch/2022_sketched_distance/references/SGB_genome_fastas_part5/15028/BritoIL_2016__W2.67.ST__bin.48.fa	/home/jshaw/scratch/2022_sketched_distance/references/SGB_genome_fastas_part5/15028/BritoIL_2016__WL.14.ST__bin.72.fa	/home/jshaw/scratch/2022_sketched_distance/references/SGB_genome_fastas_part5/15028/CosteaPI_2017__pluto1-11-7-0__bin.43.fa	/home/jshaw/scratch/2022_sketched_distance/references/SGB_genome_fastas_part5/15028/CosteaPI_2017__SID713A005-11-90-0__bin.76.fa	/home/jshaw/scratch/2022_sketched_distance/references/SGB_genome_fastas_part5/15028/CosteaPI_2017__SID713A052-11-0-0__bin.94.fa	/home/jshaw/scratch/2022_sketched_distance/references/SGB_genome_fastas_part5/15028/CosteaPI_2017__SID713A052-11-90-0__bin.33.fa	/home/jshaw/scratch/2022_sketched_distance/references/SGB_genome_fastas_part5/15028/CosteaPI_2017__SID713A062-11-90-0__bin.59.fa	/home/jshaw/scratch/2022_sketched_distance/references/SGB_genome_fastas_part5/15028/CosteaPI_2017__SID713B061-11-90-0__bin.58.fa	/home/jshaw/scratch/2022_sketched_distance/references/SGB_genome_fastas_part5/15028/FerrettiP_2018__CA_C10032MS2544FE_t0M15__bin.10.fa	/home/jshaw/scratch/2022_sketched_distance/references/SGB_genome_fastas_part5/15028/GeversD_2014__SKBSTL013__bin.55.fa	/home/jshaw/scratch/2022_sketched_distance/references/SGB_genome_fastas_part5/15028/HeQ_2017__SZAXPI029584-102__bin.27.fa	/home/jshaw/scratch/2022_sketched_distance/references/SGB_genome_fastas_part5/15028/HMP_2012__SRS042628__bin.54.fa	/home/jshaw/scratch/2022_sketched_distance/references/SGB_genome_fastas_part5/15028/LiJ_2014__MH0252__bin.78.fa	/home/jshaw/scratch/2022_sketched_distance/references/SGB_genome_fastas_part5/15028/LiJ_2014__MH0391__bin.68.fa	/home/jshaw/scratch/2022_sketched_distance/references/SGB_genome_fastas_part5/15028/LiJ_2014__O2.UC48-1__bin.24.fa	/home/jshaw/scratch/2022_sketched_distance/references/SGB_genome_fastas_part5/15028/LiJ_2017__nHM512811__bin.17.fa	/home/jshaw/scratch/2022_sketched_distance/references/SGB_genome_fastas_part5/15028/NielsenHB_2014__V1_UC35_4__bin.63.fa	/home/jshaw/scratch/2022_sketched_distance/references/SGB_genome_fastas_part5/15028/Obregon-TitoAJ_2015__SM31__bin.23.fa	/home/jshaw/scratch/2022_sketched_distance/references/SGB_genome_fastas_part5/15028/QinJ_2012__DLM022__bin.16.fa	/home/jshaw/scratch/2022_sketched_distance/references/SGB_genome_fastas_part5/15028/QinJ_2012__T2D-049__bin.53.fa	/home/jshaw/scratch/2022_sketched_distance/references/SGB_genome_fastas_part5/15028/QinJ_2012__T2D-051__bin.12.fa	/home/jshaw/scratch/2022_sketched_distance/references/SGB_genome_fastas_part5/15028/VogtmannE_2016__MMRS44197125ST-27-0-0__bin.43.fa	/home/jshaw/scratch/2022_sketched_distance/references/SGB_genome_fastas_part5/15028/VogtmannE_2016__MMRS77018926ST-27-0-0__bin.32.fa	/home/jshaw/scratch/2022_sketched_distance/references/SGB_genome_fastas_part5/15028/VogtmannE_2016__MMRS77487595ST-27-0-0__bin.58.fa	/home/jshaw/scratch/2022_sketched_distance/references/SGB_genome_fastas_part5/15028/XieH_2016__YSZC12003_36699__bin.3.fa	/home/jshaw/scratch/2022_sketched_distance/references/SGB_genome_fastas_part5/15028/XieH_2016__YSZC12003_37137__bin.63.fa	/home/jshaw/scratch/2022_sketched_distance/references/SGB_genome_fastas_part5/15028/XieH_2016__YSZC12003_37182R1__bin.25.fa	/home/jshaw/scratch/2022_sketched_distance/references/SGB_genome_fastas_part5/15028/XieH_2016__YSZC12003_37207R1__bin.4.fa	/home/jshaw/scratch/2022_sketched_distance/references/SGB_genome_fastas_part5/15028/XieH_2016__YSZC12003_37255__bin.24.fa	/home/jshaw/scratch/2022_sketched_distance/references/SGB_genome_fastas_part5/15028/XieH_2016__YSZC12003_37798__bin.56.fa	/home/jshaw/scratch/2022_sketched_distance/references/SGB_genome_fastas_part5/15028/YuJ_2015__SZAXPI003413-4__bin.43.fa	/home/jshaw/scratch/2022_sketched_distance/references/SGB_genome_fastas_part5/15028/ZeeviD_2015__PNP_Main_203__bin.18.fa	/home/jshaw/scratch/2022_sketched_distance/references/SGB_genome_fastas_part5/15028/ZeeviD_2015__PNP_Main_448__bin.21.fa	/home/jshaw/scratch/2022_sketched_distance/references/SGB_genome_fastas_part5/15028/ZeeviD_2015__PNP_Main_531__bin.7.fa	/home/jshaw/scratch/2022_sketched_distance/references/SGB_genome_fastas_part5/15028/ZeeviD_2015__PNP_Main_625__bin.19.fa	/home/jshaw/scratch/2022_sketched_distance/references/SGB_genome_fastas_part5/15028/ZeeviD_2015__PNP_Main_706__bin.57.fa	/home/jshaw/scratch/2022_sketched_distance/references/SGB_genome_fastas_part5/15028/ZellerG_2014__CCIS11015875ST-4-0__bin.14.fa	/home/jshaw/scratch/2022_sketched_distance/references/SGB_genome_fastas_part5/15028/ZellerG_2014__CCIS44757994ST-4-0__bin.11.fa	/home/jshaw/scratch/2022_sketched_distance/references/SGB_genome_fastas_part5/15028/ZellerG_2014__CCIS45793747ST-4-0__bin.81.fa	/home/jshaw/scratch/2022_sketched_distance/references/SGB_genome_fastas_part5/15028/ZellerG_2014__CCIS46047672ST-4-0__bin.1.fa
1.0	0.9673076909187376	0.9908751835385472	0.9888552466885754	0.9917372917710575	0.9739214617927024	0.969437594002378	0.9664444632096705	0.9729564305450918	0.9780110482076629	0.9687345602053119	0.9740795470119428	0.9710224309737396	0.9727387528561016	0.9734425336408474	0.9707177326337867	0.9701441367462805	0.9691464181925376	0.9782546994043868	0.9750887609394824	0.9683617162381024	0.978668197965408	0.9766191693606106	0.9723799451796381	0.972997218528966	0.9689939147940165	0.9693783612469313	0.972997218528966	0.970279673666073	0.9685485990817035	0.9777655622693389	0.9720458625928207	0.9744324496752291	0.9776950824907249	0.9736029629018821	0.9647748252253865	0.969850531117432	0.9745103544520062	0.9706301463877447	0.975993323249086	0.970673969147448	0.9701441367462805	0.9751269577774891
0.9673076909187376	1.0	0.9702270988616469	0.9677520238493796	0.9705085590941298	0.9673130471837016	0.9688628919705319	0.9633384656198276	0.9659129382359354	0.9703480246993531	0.9655228233240042	0.9699838821554752	0.9655492838648309	0.9687005514307532	0.9689082685610475	0.9659590658918312	0.9669941741095947	0.9665870808037315	0.9720715729718016	0.9699024016708064	0.9668108245565933	0.9697388220260034	0.9689082685610475	0.9656805765157801	0.9670021685606117	0.9673470727536925	0.9641792063271835	0.9689082685610475	0.9674206435253864	0.9664034114084444	0.971221267459841	0.9682710304378425	0.9698615842926777	0.970747876851711	0.9672688190638641	0.9640732588595107	0.966523382064833	0.9680125706414892	0.9661158289432802	0.9694505504212079	0.9647855646244776	0.965118482068707	0.9688240266052555
0.9908751835385472	0.9702270988616469	1.0	0.9912866936641401	0.9895206434524958	0.9726581218720137	0.975827040207459	0.9722229698669534	0.9733149308321386	0.9776096636668903	0.9753394758008441	0.9737169588053642	0.9749580078330515	0.9772578229590047	0.972788321927708	0.9718740275442457	0.9766160839020209	0.97500030321407	0.9775255343898002	0.9744041320628906	0.9733896544381048	0.9778885363354327	0.9751677612935286	0.9768361195346074	0.972668153554587	0.9742181212013221	0.9742050359649858	0.9714959918132718	0.9750493664084319	0.9743368913538397	0.9770731386879092	0.9729750693880309	0.9759852774464353	0.9771584428379412	0.9729503402616219	0.9708836287644198	0.9749019880251718	0.9731436998881621	0.9745556712630034	0.9763255127725562	0.9732921463134163	0.9717764720665203	0.9733039570864699
0.9888552466885754	0.9677520238493796	0.9912866936641401	1.0	0.9898070217963153	0.9738463168999506	0.9739992254610967	0.9696472340776036	0.9720258676963079	0.9777348959276247	0.9734240575899443	0.9742944661583707	0.9728591204018351	0.9756672551646816	0.9740539239045002	0.9707909857592101	0.974685555423842	0.9730073837127481	0.9779191777032695	0.974972073887749	0.9725630107861623	0.9781328646203663	0.9761895835608873	0.9750566002002359	0.9723546403995746	0.9725086221401666	0.9722830797989568	0.9731445429578282	0.9736966379333928	0.9732880948964802	0.9772070328353464	0.9719891306322173	0.9749049455179024	0.9777348959276247	0.9727519969606264	0.9694382690538054	0.9736378006888922	0.9742259214241679	0.9724741739112706	0.9753388219707694	0.9705772357322487	0.9693728809228097	0.9742259214241679
0.9917372917710575	0.9705085590941298	0.9895206434524958	0.9898070217963153	1.0	0.9725447636919531	0.9761528152063078	0.9712871709616082	0.9736183356001884	0.9773494446496171	0.9752602281883362	0.9736397124643142	0.9755235849471511	0.9789637493750356	0.9728541131123414	0.9725492622728644	0.9775400336718137	0.9748792652054602	0.977322254511763	0.9739429254646744	0.9733896544381048	0.9779952928276441	0.9756764633683588	0.9786521174593481	0.9728367682083566	0.9749777494938573	0.9741676914964578	0.9708083719515267	0.9756203877899978	0.9738167287602358	0.9777814290545022	0.9741402033787835	0.976747922338954	0.976939190043099	0.9729572688119025	0.9721399593757146	0.9754607498321111	0.9730556839510578	0.975366862721585	0.9771239847959154	0.9745340687908546	0.9719255807093151	0.9725324259460237
0.9739214617927024	0.9673130471837016	0.9726581218720137	0.9738463168999506	0.9725447636919531	1.0	0.9739992254610967	0.9680303464464868	0.9695859018734705	0.9734262916230111	0.9917610559137269	0.9750024808842146	0.991866775171809	0.9759170752573275	0.9741936288207202	0.9731762398737641	0.9792131846214636	0.9926964557048958	0.9731455476977894	0.9762504896429716	0.9740549524400917	0.9733641136913344	0.9705370000648879	0.9752710798807098	0.9869474674946589	0.9789394404074382	0.9915469946982438	0.9721595036086411	0.9814605450945025	0.9728490764298271	0.9733641136913344	0.9751700759398876	0.9744041463254499	0.9741936288207202	0.9722240324889475	0.9733903047032202	0.9754607498321111	0.9732393992043721	0.9933874782650143	0.9757293710477603	0.9708514007785832	0.9722217549522092	0.9731768617122794
0.969437594002378	0.9688628919705319	0.975827040207459	0.9739992254610967	0.9761528152063078	0.9739992254610967	1.0	0.9610237154231372	0.972635008183385	0.9753559132624245	0.9690363786680857	0.9764294781502737	0.9715861344046564	0.9693805816604442	0.9749259818442055	0.9720623334578531	0.9731469865822415	0.9686884682899681	0.975497969418604	0.9759670577099464	0.963582400111047	0.9757333592436301	0.9751177648676501	0.9724279316376052	0.9737508816845073	0.9681001547585463	0.9694945059350585	0.9754033343095708	0.9669061637135969	0.9633767985655166	0.9757333592436301	0.9740486670563371	0.9754506862935606	0.9749259818442055	0.9743926662839577	0.9655691601636285	0.9636217948391119	0.9739992254610967	0.9707218714163616	0.9754033343095708	0.9700581807701266	0.9708311747443613	0.9742947520545997
0.9664444632096705	0.9633384656198276	0.9722229698669534	0.9696472340776036	0.9712871709616082	0.9680303464464868	0.9610237154231372	1.0	0.9897204927050524	0.972943131066162	0.9622326333830444	0.9700650791131931	0.9653220804201371	0.9637829639447447	0.9703749570869478	0.9695946216271173	0.9667334392217177	0.9630171571545882	0.9716350923604216	0.9706818945289183	0.9607410842886174	0.9722229698669534	0.9710363465753259	0.9670768242069652	0.9669055890213433	0.9618330572558431	0.9639088418627377	0.9710866671720604	0.9603550440034005	0.9616296777966067	0.972752646779574	0.9690101594121612	0.9698568316692143	0.9722229698669534	0.9694891390836322	0.9632744606496705	0.9601659043527304	0.9699090194143886	0.9645924926556871	0.9702719939768477	0.9678641130239909	0.9659176822648986	0.9698568316692143
0.9729564305450918	0.9659129382359354	0.9733149308321386	0.9720258676963079	0.9736183356001884	0.9695859018734705	0.972635008183385	0.9897204927050524	1.0	0.9742496918841494	0.9710288384824133	0.9722125747537907	0.9700805419254146	0.9729212046033252	0.9715756165202193	0.9702162846700301	0.9729170057288439	0.9710208113417326	0.9745445241456873	0.9731110731827568	0.9712564916283697	0.9738856678920695	0.9721072808743217	0.9711348690183693	0.9688556430954538	0.9696888117225397	0.9695147751965022	0.9717182490730192	0.9710055682609305	0.9703485611396208	0.9745771187010689	0.9699261373328975	0.9721072808743217	0.9735175155555729	0.9705960527855763	0.9699878773247321	0.9712680239885504	0.9715756165202193	0.9703349548159851	0.9723626118988997	0.96974051579948	0.9685164909643689	0.9714682283506509
0.9780110482076629	0.9703480246993531	0.9776096636668903	0.9777348959276247	0.9773494446496171	0.9734262916230111	0.9753559132624245	0.972943131066162	0.9742496918841494	1.0	0.9753394758008441	0.9743568722552752	0.9754885231750287	0.9781219422529946	0.9727279607575743	0.9731762398737641	0.9775750521254777	0.9748792652054602	0.9840246819582397	0.9737096205337789	0.9745219544825128	0.9879498901713103	0.9724627046721084	0.9781993743645068	0.9723282703843686	0.9742607920554555	0.9746866465296611	0.9704421007257549	0.9756203877899978	0.9752161887434899	0.9753032379861147	0.973712307103604	0.9763535779724567	0.9746197635640202	0.9728313561557224	0.9731028398388097	0.9756265227324789	0.9717795189523024	0.9745929862603446	0.9769109305375338	0.9739367806957581	0.9714006694056924	0.9736186772652533
0.9687345602053119	0.9655228233240042	0.9753394758008441	0.9734240575899443	0.9752602281883362	0.9917610559137269	0.9690363786680857	0.9622326333830444	0.9710288384824133	0.9753394758008441	1.0	0.9768474229916229	0.9851147295640623	0.9692656164451241	0.9771482945817911	0.9729589635434926	0.9724005669378255	0.9842020723703795	0.9750612597951726	0.9774834860069944	0.9685852669611068	0.9754579862051839	0.9742120278630955	0.9724438636438747	0.985580885124153	0.973176823865939	0.9834289886114812	0.9745787059996134	0.9749339485036679	0.9668794814421688	0.9768474229916229	0.975732842271977	0.9748610658666333	0.9759277555673912	0.9747000179676597	0.9655763861255704	0.9680910083280452	0.9753394758008441	0.9859548256748961	0.9760441454142559	0.9688798052903588	0.9720082714931618	0.9754973938775292
0.9740795470119428	0.9699838821554752	0.9737169588053642	0.9742944661583707	0.9736397124643142	0.9750024808842146	0.9764294781502737	0.9700650791131931	0.9722125747537907	0.9743568722552752	0.9768474229916229	1.0	0.977528086955708	0.9774957733990909	0.9754541439285225	0.9741280742788331	0.9789793535658198	0.9770297365690368	0.9730379552823665	0.9771960472350946	0.9753460055045291	0.9729767116857105	0.9711159113237279	0.9765975581325591	0.9746677086872919	0.9754744793860696	0.9769245745573197	0.9717268976292628	0.9773830880384119	0.9733848529106349	0.972946046464966	0.9762297030969953	0.9756751429810112	0.9736441149749768	0.973702650739564	0.9752957614475376	0.9754607498321111	0.9738536238756593	0.9771385342239751	0.9772451072584462	0.9727817564007135	0.9730225500930183	0.974491961054229
0.9710224309737396	0.9655492838648309	0.9749580078330515	0.9728591204018351	0.9755235849471511	0.991866775171809	0.9715861344046564	0.9653220804201371	0.9700805419254146	0.9754885231750287	0.9851147295640623	0.977528086955708	1.0	0.9731478352642583	0.9768959429487166	0.9737224370980606	0.9765800184568253	0.9860049071479887	0.9767275296352912	0.9775610203219137	0.97161346258812	0.9761483181356416	0.9739806910067385	0.9722487641830156	0.9926035821052424	0.9756383837265561	0.9928192054416127	0.9749580078330515	0.9819303993409358	0.970926948431099	0.9764221726632246	0.9754885231750287	0.9756634552158723	0.9765582406244122	0.9759414040197782	0.9699878773247321	0.9727467296100866	0.9762512838387079	0.9877622392003561	0.9757679645546883	0.9691129083921621	0.9710602950034187	0.9756983289891481
0.9727387528561016	0.9687005514307532	0.9772578229590047	0.9756672551646816	0.9789637493750356	0.9759170752573275	0.9693805816604442	0.9637829639447447	0.9729212046033252	0.9781219422529946	0.9692656164451241	0.9774957733990909	0.9731478352642583	1.0	0.9767362217228235	0.9726012371440885	0.973950843047675	0.969870984939427	0.9788881127979747	0.9782380215730925	0.9683617162381024	0.9781606812947387	0.9765740334416285	0.9871138300959603	0.9743450184422874	0.9682307557067356	0.9709522213566402	0.9748632528524739	0.969262803847047	0.9661627119792966	0.9764518597231621	0.9762061277860157	0.9754996359473789	0.979076876542148	0.9759585260395268	0.9690612801822408	0.9697185335715438	0.9759585260395268	0.9722780802806777	0.9757924050542827	0.9719516686966637	0.9717164876519137	0.9749060682331794
0.9734425336408474	0.9689082685610475	0.972788321927708	0.9740539239045002	0.9728541131123414	0.9741936288207202	0.9749259818442055	0.9703749570869478	0.9715756165202193	0.9727279607575743	0.9771482945817911	0.9754541439285225	0.9768959429487166	0.9767362217228235	1.0	0.9740274168641944	0.979806884493751	0.9769918789336555	0.9720574847225317	0.9779962037711205	0.9743359587205772	0.9723784892677358	0.9711081693385064	0.975092445237572	0.9739931500771627	0.9752270632125007	0.9764055294813306	0.9736623568109839	0.97458521453575	0.9714951804482757	0.9736316399697215	0.9754853309193304	0.9750458571873228	0.973291821699294	0.972862880181577	0.9786973050450892	0.9755713589434782	0.9743609392587386	0.9764766099508767	0.9763255127725562	0.9708123762779693	0.9728784143661277	0.9731049550981303
0.9707177326337867	0.9659590658918312	0.9718740275442457	0.9707909857592101	0.9725492622728644	0.9731762398737641	0.9720623334578531	0.9695946216271173	0.9702162846700301	0.9731762398737641	0.9729589635434926	0.9741280742788331	0.9737224370980606	0.9726012371440885	0.9740274168641944	1.0	0.9760708605359778	0.9733904957541037	0.9724435771008691	0.9742951463411311	0.9711022909853281	0.9731762398737641	0.9718380960841074	0.9708911090373374	0.9713308248151534	0.9724635819035503	0.9725983493374544	0.9742284206272019	0.9742326962995049	0.9710310080035328	0.974428187900494	0.9717300619502388	0.9730725817388576	0.9735193942877979	0.9723375462254557	0.9715395369786658	0.9720773551884863	0.9739601381359162	0.9736085832450547	0.9731071712696446	0.9693343360595786	0.9687224626361103	0.9727246421899391
0.9701441367462805	0.9669941741095947	0.9766160839020209	0.974685555423842	0.9775400336718137	0.9792131846214636	0.9731469865822415	0.9667334392217177	0.9729170057288439	0.9775750521254777	0.9724005669378255	0.9789793535658198	0.9765800184568253	0.973950843047675	0.979806884493751	0.9760708605359778	1.0	0.9748792652054602	0.9772231622772771	0.9796101815706141	0.9713077290575668	0.978199034405629	0.975776295528393	0.9737149467124947	0.9776798822603854	0.9721465355169405	0.9756280066186244	0.9784044025045807	0.9736966379333928	0.9702954640784125	0.9789122358007232	0.9782676342456836	0.9776100329868626	0.9776100329868626	0.9760708605359778	0.9837104541637095	0.973343488096252	0.9778885363354327	0.9759239114403335	0.9777495821448771	0.9710035961864137	0.973437894083516	0.9774698836584365
0.9691464181925376	0.9665870808037315	0.97500030321407	0.9730073837127481	0.9748792652054602	0.9926964557048958	0.9686884682899681	0.9630171571545882	0.9710208113417326	0.9748792652054602	0.9842020723703795	0.9770297365690368	0.9860049071479887	0.969870984939427	0.9769918789336555	0.9733904957541037	0.9748792652054602	1.0	0.9747983220135905	0.9772559629249061	0.9693557277226472	0.9749196613186294	0.9745542754783739	0.9726196921200045	0.9869684295809247	0.9732648862549839	0.984624677253249	0.9745134222227676	0.9766236239229882	0.966223055681344	0.9758351807668342	0.9762253325568822	0.9750405492487482	0.9759918033800519	0.9745950774215238	0.9656329806634502	0.9692522500626711	0.9757959069990868	0.9878773780129719	0.976302804648334	0.9697675944175028	0.9718301152354891	0.9756383359776954
0.9782546994043868	0.9720715729718016	0.9775255343898002	0.9779191777032695	0.977322254511763	0.9731455476977894	0.975497969418604	0.9716350923604216	0.9745445241456873	0.9840246819582397	0.9750612597951726	0.9730379552823665	0.9767275296352912	0.9788881127979747	0.9720574847225317	0.9724435771008691	0.9772231622772771	0.9747983220135905	1.0	0.9738878590482725	0.9742892928775038	0.9845794969252483	0.9753798080646929	0.9785234023083447	0.9728367682083566	0.9736582356830732	0.9753058620686132	0.9706484581749785	0.9756203877899978	0.9748949987288887	0.9766987499460079	0.9747876890861733	0.9754876327901997	0.977732386150805	0.9728313561557224	0.9748297731163041	0.9754053038591691	0.97232402382052	0.9750374551686671	0.9763876338446124	0.9738302268450577	0.9707516204605547	0.9735575759452221
0.9750887609394824	0.9699024016708064	0.9744041320628906	0.974972073887749	0.9739429254646744	0.9762504896429716	0.9759670577099464	0.9706818945289183	0.9731110731827568	0.9737096205337789	0.9774834860069944	0.9771960472350946	0.9775610203219137	0.9782380215730925	0.9779962037711205	0.9742951463411311	0.9796101815706141	0.9772559629249061	0.9738878590482725	1.0	0.9753007689119149	0.9716218619166113	0.9699598463114608	0.9780034007061665	0.9750783802413979	0.9765253863330182	0.9766141416156644	0.9726715607695514	0.9760142192717244	0.9735294510643178	0.9739507896364888	0.9767166559316959	0.9761085080679154	0.9729530108433837	0.9739473546807308	0.9784882479313611	0.9759009468709396	0.9730213829198688	0.9777195907441304	0.9779920887058602	0.9726713342024621	0.974048812504401	0.9742234468048482
0.9683617162381024	0.9668108245565933	0.9733896544381048	0.9725630107861623	0.9733896544381048	0.9740549524400917	0.963582400111047	0.9607410842886174	0.9712564916283697	0.9745219544825128	0.9685852669611068	0.9753460055045291	0.97161346258812	0.9683617162381024	0.9743359587205772	0.9711022909853281	0.9713077290575668	0.9693557277226472	0.9742892928775038	0.9753007689119149	1.0	0.973533370863889	0.9726122245909394	0.9705305187035632	0.9740078807185227	0.9664558106317338	0.9698950210319385	0.9733896544381048	0.9665335844706807	0.9606408444476704	0.9746607557267696	0.9735811352421805	0.9734855360781728	0.9746145545070628	0.9728571792978751	0.9648079552947605	0.9633005579482512	0.9731002975603529	0.9708955407590621	0.9738189083531771	0.9686964645144249	0.9693013000992777	0.973533370863889
0.978668197965408	0.9697388220260034	0.9778885363354327	0.9781328646203663	0.9779952928276441	0.9733641136913344	0.9757333592436301	0.9722229698669534	0.9738856678920695	0.9879498901713103	0.9754579862051839	0.9729767116857105	0.9761483181356416	0.9781606812947387	0.9723784892677358	0.9731762398737641	0.978199034405629	0.9749196613186294	0.9845794969252483	0.9716218619166113	0.973533370863889	1.0	0.9736031809302526	0.9777402563034752	0.9722940852292677	0.9740039217621458	0.9753058620686132	0.970990059287624	0.9751643758978865	0.9747100261823244	0.9761745862717882	0.9739762946410824	0.9759852774464353	0.9753865780961091	0.9725144186682291	0.9736346921530614	0.9761730753123607	0.9713242027304299	0.975403258369608	0.976941452329855	0.9738657836703354	0.971589115823347	0.9728152412563784
0.9766191693606106	0.9689082685610475	0.9751677612935286	0.9761895835608873	0.9756764633683588	0.9705370000648879	0.9751177648676501	0.9710363465753259	0.9721072808743217	0.9724627046721084	0.9742120278630955	0.9711159113237279	0.9739806910067385	0.9765740334416285	0.9711081693385064	0.9718380960841074	0.975776295528393	0.9745542754783739	0.9753798080646929	0.9699598463114608	0.9726122245909394	0.9736031809302526	1.0	0.976115125162804	0.9713219563815095	0.9725086221401666	0.9728328056340227	0.9693175197996873	0.9734555182862042	0.9728490764298271	0.973016811475499	0.972668575210375	0.9745657662111221	0.9725496456060515	0.970272876525111	0.9695765497470666	0.9741609302050022	0.9683820244574483	0.9730658886931935	0.9754750582375867	0.9715077184586183	0.9706743989100093	0.9711130877750328
0.9723799451796381	0.9656805765157801	0.9768361195346074	0.9750566002002359	0.9786521174593481	0.9752710798807098	0.9724279316376052	0.9670768242069652	0.9711348690183693	0.9781993743645068	0.9724438636438747	0.9765975581325591	0.9722487641830156	0.9871138300959603	0.975092445237572	0.9708911090373374	0.9737149467124947	0.9726196921200045	0.9785234023083447	0.9780034007061665	0.9705305187035632	0.9777402563034752	0.976115125162804	1.0	0.9730597567576471	0.9699334121026875	0.9709903969666843	0.9730978741141266	0.970874792910441	0.9709790200374401	0.9775082490957692	0.9748406957624317	0.9743312684182879	0.9776410268316893	0.9754841537918494	0.970123831735355	0.9697845997177246	0.9746959583859341	0.972314542218827	0.9748767795943317	0.9690018881759709	0.9701068598195133	0.9745141251883424
0.972997218528966	0.9670021685606117	0.972668153554587	0.9723546403995746	0.9728367682083566	0.9869474674946589	0.9737508816845073	0.9669055890213433	0.9688556430954538	0.9723282703843686	0.985580885124153	0.9746677086872919	0.9926035821052424	0.9743450184422874	0.9739931500771627	0.9713308248151534	0.9776798822603854	0.9869684295809247	0.9728367682083566	0.9750783802413979	0.9740078807185227	0.9722940852292677	0.9713219563815095	0.9730597567576471	1.0	0.9780027668786653	0.991104382130782	0.972566562251193	0.982986138641732	0.9715974324261076	0.9733042781222676	0.9732786942218697	0.9730476103045478	0.9730379552823665	0.9720882135619355	0.9709277718847856	0.9742760453622701	0.9729710315007009	0.9869801237601484	0.9744374318038738	0.9691704237275349	0.9716641884226254	0.9727357046712516
0.9689939147940165	0.9673470727536925	0.9742181212013221	0.9725086221401666	0.9749777494938573	0.9789394404074382	0.9681001547585463	0.9618330572558431	0.9696888117225397	0.9742607920554555	0.973176823865939	0.9754744793860696	0.9756383837265561	0.9682307557067356	0.9752270632125007	0.9724635819035503	0.9721465355169405	0.9732648862549839	0.9736582356830732	0.9765253863330182	0.9664558106317338	0.9740039217621458	0.9725086221401666	0.9699334121026875	0.9780027668786653	1.0	0.9741326109124018	0.9750610667318561	0.970874792910441	0.9631907632238403	0.9752270632125007	0.9747265084022436	0.9743884692523633	0.9740897711761938	0.9732648862549839	0.9648218471276757	0.9675297403821701	0.9749777494938573	0.9755565348227749	0.975144170936522	0.9688430435368786	0.9717803572329023	0.974642327808925
0.9693783612469313	0.9641792063271835	0.9742050359649858	0.9722830797989568	0.9741676914964578	0.9915469946982438	0.9694945059350585	0.9639088418627377	0.9695147751965022	0.9746866465296611	0.9834289886114812	0.9769245745573197	0.9928192054416127	0.9709522213566402	0.9764055294813306	0.9725983493374544	0.9756280066186244	0.984624677253249	0.9753058620686132	0.9766141416156644	0.9698950210319385	0.9753058620686132	0.9728328056340227	0.9709903969666843	0.991104382130782	0.9741326109124018	1.0	0.9751612220599776	0.9816492971400507	0.9694338342865662	0.9757715471385219	0.9747967807265016	0.9743911168526211	0.9765447526827689	0.97461301577676	0.9675356109232337	0.9715192099251062	0.9746866465296611	0.9860216170884263	0.9751612220599776	0.9687288178078091	0.9707836705629486	0.9755574439447052
0.972997218528966	0.9689082685610475	0.9714959918132718	0.9731445429578282	0.9708083719515267	0.9721595036086411	0.9754033343095708	0.9710866671720604	0.9717182490730192	0.9704421007257549	0.9745787059996134	0.9717268976292628	0.9749580078330515	0.9748632528524739	0.9736623568109839	0.9742284206272019	0.9784044025045807	0.9745134222227676	0.9706484581749785	0.9726715607695514	0.9733896544381048	0.970990059287624	0.9693175197996873	0.9730978741141266	0.972566562251193	0.9750610667318561	0.9751612220599776	1.0	0.9758460178921697	0.9720536132945852	0.97224392565878	0.9755166889433616	0.9744041463254499	0.9717481886785794	0.9703069906159792	0.9728543973261858	0.9742760453622701	0.972151550872288	0.974630258445609	0.9763255127725562	0.9714694776462239	0.9731660481194867	0.9739828892075614
0.970279673666073	0.9674206435253864	0.9750493664084319	0.9736966379333928	0.9756203877899978	0.9814605450945025	0.9669061637135969	0.9603550440034005	0.9710055682609305	0.9756203877899978	0.9749339485036679	0.9773830880384119	0.9819303993409358	0.969262803847047	0.97458521453575	0.9742326962995049	0.9736966379333928	0.9766236239229882	0.9756203877899978	0.9760142192717244	0.9665335844706807	0.9751643758978865	0.9734555182862042	0.970874792910441	0.982986138641732	0.970874792910441	0.9816492971400507	0.9758460178921697	1.0	0.9637156092134418	0.975221728403076	0.9756203877899978	0.9748181192237013	0.9761258723336742	0.9743506280073235	0.9668319916808481	0.9598975494895786	0.975733398497165	0.9785418790967328	0.9766236239229882	0.9689166102983487	0.9724727080773893	0.9761815555125928
0.9685485990817035	0.9664034114084444	0.9743368913538397	0.9732880948964802	0.9738167287602358	0.9728490764298271	0.9633767985655166	0.9616296777966067	0.9703485611396208	0.9752161887434899	0.9668794814421688	0.9733848529106349	0.970926948431099	0.9661627119792966	0.9714951804482757	0.9710310080035328	0.9702954640784125	0.966223055681344	0.9748949987288887	0.9735294510643178	0.9606408444476704	0.9747100261823244	0.9728490764298271	0.9709790200374401	0.9715974324261076	0.9631907632238403	0.9694338342865662	0.9720536132945852	0.9637156092134418	1.0	0.9743837682877716	0.9732396074612116	0.9740068443730484	0.9755342362368548	0.9719022656458495	0.9654913582750393	0.9616442991439852	0.9728490764298271	0.9691597953809903	0.9741958532079202	0.9686605895580812	0.9685485990817035	0.9733848529106349
0.9777655622693389	0.971221267459841	0.9770731386879092	0.9772070328353464	0.9777814290545022	0.9733641136913344	0.9757333592436301	0.972752646779574	0.9745771187010689	0.9753032379861147	0.9768474229916229	0.972946046464966	0.9764221726632246	0.9764518597231621	0.9736316399697215	0.974428187900494	0.9789122358007232	0.9758351807668342	0.9766987499460079	0.9739507896364888	0.9746607557267696	0.9761745862717882	0.973016811475499	0.9775082490957692	0.9733042781222676	0.9752270632125007	0.9757715471385219	0.97224392565878	0.975221728403076	0.9743837682877716	1.0	0.9760760239145387	0.977107741288887	0.9750817031163643	0.9726732746784175	0.9749468980590946	0.9755713589434782	0.9732234288650786	0.975980116203001	0.9780511141373098	0.9726344430757785	0.9718883678409984	0.9744622355247291
0.9720458625928207	0.9682710304378425	0.9729750693880309	0.9719891306322173	0.9741402033787835	0.9751700759398876	0.9740486670563371	0.9690101594121612	0.9699261373328975	0.973712307103604	0.975732842271977	0.9762297030969953	0.9754885231750287	0.9762061277860157	0.9754853309193304	0.9717300619502388	0.9782676342456836	0.9762253325568822	0.9747876890861733	0.9767166559316959	0.9735811352421805	0.9739762946410824	0.972668575210375	0.9748406957624317	0.9732786942218697	0.9747265084022436	0.9747967807265016	0.9755166889433616	0.9756203877899978	0.9732396074612116	0.9760760239145387	1.0	0.9756418195196714	0.9750431128961184	0.9741402033787835	0.9742775368412804	0.9738131155546011	0.9746913851491777	0.9764061443534192	0.9752187407057007	0.9708903782768153	0.9720740062266501	0.9748837084366169
0.9744324496752291	0.9698615842926777	0.9759852774464353	0.9749049455179024	0.976747922338954	0.9744041463254499	0.9754506862935606	0.9698568316692143	0.9721072808743217	0.9763535779724567	0.9748610658666333	0.9756751429810112	0.9756634552158723	0.9754996359473789	0.9750458571873228	0.9730725817388576	0.9776100329868626	0.9750405492487482	0.9754876327901997	0.9761085080679154	0.9734855360781728	0.9759852774464353	0.9745657662111221	0.9743312684182879	0.9730476103045478	0.9743884692523633	0.9743911168526211	0.9744041463254499	0.9748181192237013	0.9740068443730484	0.977107741288887	0.9756418195196714	1.0	0.976384082351318	0.9747586546465626	0.9719267980155913	0.9757365703908985	0.9747586546465626	0.9754759276705186	0.9766964731448388	0.9733644079939792	0.9714006694056924	0.9752674954146416
0.9776950824907249	0.970747876851711	0.9771584428379412	0.9777348959276247	0.976939190043099	0.9741936288207202	0.9749259818442055	0.9722229698669534	0.9735175155555729	0.9746197635640202	0.9759277555673912	0.9736441149749768	0.9765582406244122	0.979076876542148	0.973291821699294	0.9735193942877979	0.9776100329868626	0.9759918033800519	0.977732386150805	0.9729530108433837	0.9746145545070628	0.9753865780961091	0.9725496456060515	0.9776410268316893	0.9730379552823665	0.9740897711761938	0.9765447526827689	0.9717481886785794	0.9761258723336742	0.9755342362368548	0.9750817031163643	0.9750431128961184	0.976384082351318	1.0	0.9734251353550262	0.974436278935915	0.9762272289413212	0.9715070981249124	0.9757649917233672	0.9773958797479622	0.9739722210685198	0.9721110066118089	0.9741334464249762
0.9736029629018821	0.9672688190638641	0.9729503402616219	0.9727519969606264	0.9729572688119025	0.9722240324889475	0.9743926662839577	0.9694891390836322	0.9705960527855763	0.9728313561557224	0.9747000179676597	0.973702650739564	0.9759414040197782	0.9759585260395268	0.972862880181577	0.9723375462254557	0.9760708605359778	0.9745950774215238	0.9728313561557224	0.9739473546807308	0.9728571792978751	0.9725144186682291	0.970272876525111	0.9754841537918494	0.9720882135619355	0.9732648862549839	0.97461301577676	0.9703069906159792	0.9743506280073235	0.9719022656458495	0.9726732746784175	0.9741402033787835	0.9747586546465626	0.9734251353550262	1.0	0.9734719718609371	0.9750145114585702	0.9725144186682291	0.9750374551686671	0.9748304344695085	0.9713160611803506	0.9701286243970428	0.9720977122352739
0.9647748252253865	0.9640732588595107	0.9708836287644198	0.9694382690538054	0.9721399593757146	0.9733903047032202	0.9655691601636285	0.9632744606496705	0.9699878773247321	0.9731028398388097	0.9655763861255704	0.9752957614475376	0.9699878773247321	0.9690612801822408	0.9786973050450892	0.9715395369786658	0.9837104541637095	0.9656329806634502	0.9748297731163041	0.9784882479313611	0.9648079552947605	0.9736346921530614	0.9695765497470666	0.970123831735355	0.9709277718847856	0.9648218471276757	0.9675356109232337	0.9728543973261858	0.9668319916808481	0.9654913582750393	0.9749468980590946	0.9742775368412804	0.9719267980155913	0.974436278935915	0.9734719718609371	1.0	0.9656350413466295	0.97375619919227	0.9690666009958888	0.9729788564738654	0.9674374685681724	0.9667921563619373	0.9729374231392135
0.969850531117432	0.966523382064833	0.9749019880251718	0.9736378006888922	0.9754607498321111	0.9754607498321111	0.9636217948391119	0.9601659043527304	0.9712680239885504	0.9756265227324789	0.9680910083280452	0.9754607498321111	0.9727467296100866	0.9697185335715438	0.9755713589434782	0.9720773551884863	0.973343488096252	0.9692522500626711	0.9754053038591691	0.9759009468709396	0.9633005579482512	0.9761730753123607	0.9741609302050022	0.9697845997177246	0.9742760453622701	0.9675297403821701	0.9715192099251062	0.9742760453622701	0.9598975494895786	0.9616442991439852	0.9755713589434782	0.9738131155546011	0.9757365703908985	0.9762272289413212	0.9750145114585702	0.9656350413466295	1.0	0.9746757654499215	0.9728069020106417	0.9761188314072453	0.9691850854432815	0.9706956264528935	0.9764429467718165
0.9745103544520062	0.9680125706414892	0.9731436998881621	0.9742259214241679	0.9730556839510578	0.9732393992043721	0.9739992254610967	0.9699090194143886	0.9715756165202193	0.9717795189523024	0.9753394758008441	0.9738536238756593	0.9762512838387079	0.9759585260395268	0.9743609392587386	0.9739601381359162	0.9778885363354327	0.9757959069990868	0.97232402382052	0.9730213829198688	0.9731002975603529	0.9713242027304299	0.9683820244574483	0.9746959583859341	0.9729710315007009	0.9749777494938573	0.9746866465296611	0.972151550872288	0.975733398497165	0.9728490764298271	0.9732234288650786	0.9746913851491777	0.9747586546465626	0.9715070981249124	0.9725144186682291	0.97375619919227	0.9746757654499215	1.0	0.9756568935753083	0.9754111680494144	0.972075977944886	0.9719998784607244	0.9723425023566319
0.9706301463877447	0.9661158289432802	0.9745556712630034	0.9724741739112706	0.975366862721585	0.9933874782650143	0.9707218714163616	0.9645924926556871	0.9703349548159851	0.9745929862603446	0.9859548256748961	0.9771385342239751	0.9877622392003561	0.9722780802806777	0.9764766099508767	0.9736085832450547	0.9759239114403335	0.9878773780129719	0.9750374551686671	0.9777195907441304	0.9708955407590621	0.975403258369608	0.9730658886931935	0.972314542218827	0.9869801237601484	0.9755565348227749	0.9860216170884263	0.974630258445609	0.9785418790967328	0.9691597953809903	0.975980116203001	0.9764061443534192	0.9754759276705186	0.9757649917233672	0.9750374551686671	0.9690666009958888	0.9728069020106417	0.9756568935753083	1.0	0.9764061443534192	0.9687664790700913	0.9717088205905874	0.9758368580769043
0.975993323249086	0.9694505504212079	0.9763255127725562	0.9753388219707694	0.9771239847959154	0.9757293710477603	0.9754033343095708	0.9702719939768477	0.9723626118988997	0.9769109305375338	0.9760441454142559	0.9772451072584462	0.9757679645546883	0.9757924050542827	0.9763255127725562	0.9731071712696446	0.9777495821448771	0.976302804648334	0.9763876338446124	0.9779920887058602	0.9738189083531771	0.976941452329855	0.9754750582375867	0.9748767795943317	0.9744374318038738	0.975144170936522	0.9751612220599776	0.9763255127725562	0.9766236239229882	0.9741958532079202	0.9780511141373098	0.9752187407057007	0.9766964731448388	0.9773958797479622	0.9748304344695085	0.9729788564738654	0.9761188314072453	0.9754111680494144	0.9764061443534192	1.0	0.9724122103631304	0.973451153837218	0.9910071469360513
0.970673969147448	0.9647855646244776	0.9732921463134163	0.9705772357322487	0.9745340687908546	0.9708514007785832	0.9700581807701266	0.9678641130239909	0.96974051579948	0.9739367806957581	0.9688798052903588	0.9727817564007135	0.9691129083921621	0.9719516686966637	0.9708123762779693	0.9693343360595786	0.9710035961864137	0.9697675944175028	0.9738302268450577	0.9726713342024621	0.9686964645144249	0.9738657836703354	0.9715077184586183	0.9690018881759709	0.9691704237275349	0.9688430435368786	0.9687288178078091	0.9714694776462239	0.9689166102983487	0.9686605895580812	0.9726344430757785	0.9708903782768153	0.9733644079939792	0.9739722210685198	0.9713160611803506	0.9674374685681724	0.9691850854432815	0.972075977944886	0.9687664790700913	0.9724122103631304	1.0	0.966606286940423	0.9717741472515892
0.9701441367462805	0.965118482068707	0.9717764720665203	0.9693728809228097	0.9719255807093151	0.9722217549522092	0.9708311747443613	0.9659176822648986	0.9685164909643689	0.9714006694056924	0.9720082714931618	0.9730225500930183	0.9710602950034187	0.9717164876519137	0.9728784143661277	0.9687224626361103	0.973437894083516	0.9718301152354891	0.9707516204605547	0.974048812504401	0.9693013000992777	0.971589115823347	0.9706743989100093	0.9701068598195133	0.9716641884226254	0.9717803572329023	0.9707836705629486	0.9731660481194867	0.9724727080773893	0.9685485990817035	0.9718883678409984	0.9720740062266501	0.9714006694056924	0.9721110066118089	0.9701286243970428	0.9667921563619373	0.9706956264528935	0.9719998784607244	0.9717088205905874	0.973451153837218	0.966606286940423	1.0	0.972842280117066
0.9751269577774891	0.9688240266052555	0.9733039570864699	0.9742259214241679	0.9725324259460237	0.9731768617122794	0.9742947520545997	0.9698568316692143	0.9714682283506509	0.9736186772652533	0.9754973938775292	0.974491961054229	0.9756983289891481	0.9749060682331794	0.9731049550981303	0.9727246421899391	0.9774698836584365	0.9756383359776954	0.9735575759452221	0.9742234468048482	0.973533370863889	0.9728152412563784	0.9711130877750328	0.9745141251883424	0.9727357046712516	0.974642327808925	0.9755574439447052	0.9739828892075614	0.9761815555125928	0.9733848529106349	0.9744622355247291	0.9748837084366169	0.9752674954146416	0.9741334464249762	0.9720977122352739	0.9729374231392135	0.9764429467718165	0.9723425023566319	0.9758368580769043	0.9910071469360513	0.9717741472515892	0.972842280117066	1.0
