/home/jshaw/scratch/2022_sketched_distance/references/SGB_genome_fastas_part4/6817/BackhedF_2015__SID566_M__bin.44.fa	/home/jshaw/scratch/2022_sketched_distance/references/SGB_genome_fastas_part4/6817/BritoIL_2016__M1.16.ST__bin.6.fa	/home/jshaw/scratch/2022_sketched_distance/references/SGB_genome_fastas_part4/6817/BritoIL_2016__W1.2.ST__bin.63.fa	/home/jshaw/scratch/2022_sketched_distance/references/SGB_genome_fastas_part4/6817/ChengpingW_2017__AS9raw__bin.41.fa	/home/jshaw/scratch/2022_sketched_distance/references/SGB_genome_fastas_part4/6817/CosteaPI_2017__SID713A077-11-0-0__bin.12.fa	/home/jshaw/scratch/2022_sketched_distance/references/SGB_genome_fastas_part4/6817/CosteaPI_2017__SID713B005-11-90-0__bin.33.fa	/home/jshaw/scratch/2022_sketched_distance/references/SGB_genome_fastas_part4/6817/CosteaPI_2017__SID713B016-11-90-0__bin.98.fa	/home/jshaw/scratch/2022_sketched_distance/references/SGB_genome_fastas_part4/6817/FengQ_2015__SID530026__bin.5.fa	/home/jshaw/scratch/2022_sketched_distance/references/SGB_genome_fastas_part4/6817/KarlssonFH_2013__S297__bin.3.fa	/home/jshaw/scratch/2022_sketched_distance/references/SGB_genome_fastas_part4/6817/KarlssonFH_2013__S378__bin.10.fa	/home/jshaw/scratch/2022_sketched_distance/references/SGB_genome_fastas_part4/6817/KarlssonFH_2013__S393__bin.2.fa	/home/jshaw/scratch/2022_sketched_distance/references/SGB_genome_fastas_part4/6817/LeChatelierE_2013__MH0276__bin.40.fa	/home/jshaw/scratch/2022_sketched_distance/references/SGB_genome_fastas_part4/6817/LeChatelierE_2013__MH0431__bin.40.fa	/home/jshaw/scratch/2022_sketched_distance/references/SGB_genome_fastas_part4/6817/LiJ_2014__MH0303__bin.32.fa	/home/jshaw/scratch/2022_sketched_distance/references/SGB_genome_fastas_part4/6817/LiJ_2014__MH0332__bin.43.fa	/home/jshaw/scratch/2022_sketched_distance/references/SGB_genome_fastas_part4/6817/LiJ_2014__MH0354__bin.30.fa	/home/jshaw/scratch/2022_sketched_distance/references/SGB_genome_fastas_part4/6817/LiJ_2014__MH0396__bin.28.fa	/home/jshaw/scratch/2022_sketched_distance/references/SGB_genome_fastas_part4/6817/LiJ_2014__O2.UC44-1__bin.35.fa	/home/jshaw/scratch/2022_sketched_distance/references/SGB_genome_fastas_part4/6817/LiSS_2016__FAT_014-22-0-0__bin.39.fa	/home/jshaw/scratch/2022_sketched_distance/references/SGB_genome_fastas_part4/6817/LiSS_2016__FAT_014-22-84-0__bin.22.fa	/home/jshaw/scratch/2022_sketched_distance/references/SGB_genome_fastas_part4/6817/LoombaR_2017__SID0008_kcu__bin.47.fa	/home/jshaw/scratch/2022_sketched_distance/references/SGB_genome_fastas_part4/6817/NielsenHB_2014__O2_UC44_2__bin.59.fa	/home/jshaw/scratch/2022_sketched_distance/references/SGB_genome_fastas_part4/6817/SchirmerM_2016__G88815__bin.7.fa	/home/jshaw/scratch/2022_sketched_distance/references/SGB_genome_fastas_part4/6817/SchirmerM_2016__G88821__bin.18.fa	/home/jshaw/scratch/2022_sketched_distance/references/SGB_genome_fastas_part4/6817/SchirmerM_2016__G89002__bin.2.fa	/home/jshaw/scratch/2022_sketched_distance/references/SGB_genome_fastas_part4/6817/SchirmerM_2016__G89006__bin.4.fa	/home/jshaw/scratch/2022_sketched_distance/references/SGB_genome_fastas_part4/6817/SchirmerM_2016__G89100__bin.16.fa	/home/jshaw/scratch/2022_sketched_distance/references/SGB_genome_fastas_part4/6817/XieH_2016__YSZC12003_37192R1__bin.46.fa	/home/jshaw/scratch/2022_sketched_distance/references/SGB_genome_fastas_part4/6817/XieH_2016__YSZC12003_37293__bin.39.fa	/home/jshaw/scratch/2022_sketched_distance/references/SGB_genome_fastas_part4/6817/YuJ_2015__SZAXPI017592-142__bin.73.fa	/home/jshaw/scratch/2022_sketched_distance/references/SGB_genome_fastas_part4/6817/ZeeviD_2015__PNP_DietIntervention_22__bin.1.fa	/home/jshaw/scratch/2022_sketched_distance/references/SGB_genome_fastas_part4/6817/ZeeviD_2015__PNP_DietIntervention_27__bin.7.fa	/home/jshaw/scratch/2022_sketched_distance/references/SGB_genome_fastas_part4/6817/ZeeviD_2015__PNP_DietIntervention_55__bin.7.fa	/home/jshaw/scratch/2022_sketched_distance/references/SGB_genome_fastas_part4/6817/ZeeviD_2015__PNP_Main_268__bin.20.fa	/home/jshaw/scratch/2022_sketched_distance/references/SGB_genome_fastas_part4/6817/ZeeviD_2015__PNP_Main_33__bin.23.fa	/home/jshaw/scratch/2022_sketched_distance/references/SGB_genome_fastas_part4/6817/ZeeviD_2015__PNP_Main_429__bin.15.fa	/home/jshaw/scratch/2022_sketched_distance/references/SGB_genome_fastas_part4/6817/ZeeviD_2015__PNP_Main_449__bin.40.fa	/home/jshaw/scratch/2022_sketched_distance/references/SGB_genome_fastas_part4/6817/ZeeviD_2015__PNP_Main_667__bin.5.fa	/home/jshaw/scratch/2022_sketched_distance/references/SGB_genome_fastas_part4/6817/ZeeviD_2015__PNP_Main_739__bin.6.fa	/home/jshaw/scratch/2022_sketched_distance/references/SGB_genome_fastas_part4/6817/ZeeviD_2015__PNP_Validation_9__bin.68.fa	/home/jshaw/scratch/2022_sketched_distance/references/SGB_genome_fastas_part4/6817/ZellerG_2014__CCIS16383318ST-4-0__bin.93.fa	/home/jshaw/scratch/2022_sketched_distance/references/SGB_genome_fastas_part4/6817/ZellerG_2014__CCIS74726977ST-3-0__bin.44.fa
1.0	0.9907809915708485	0.9932590006644374	0.9912865081990924	0.9926630942820007	0.9930183044099189	0.9877043533655733	0.9934135985492389	0.9901230993691084	0.9890715219650271	0.994332031245081	0.9944139760873673	0.9932116706926611	0.9945313066154784	0.9865593995838212	0.9941725506052415	0.9940823950279009	0.9901306235225117	0.9871280164757915	0.9917635389939404	0.9839147067886495	0.9936188036786514	0.9921784483095185	0.9941420931422426	0.9930837089247546	0.9932164449970556	0.9882302400585745	0.9936789598234103	0.9928777478832446	0.9872176928443047	0.9930939947248918	0.9936844286483779	0.9935556136415622	0.9931415790300945	0.9926014278855244	0.9934329475274719	0.987598354168934	0.9924711939320074	0.994146485360376	0.9932451965083507	0.9899791793080994	0.9924324764934043
0.9907809915708485	1.0	0.9913148714215575	0.9893752123906017	0.9904371763650128	0.9909131711466663	0.9860043981487057	0.9897744377129526	0.9863068772372073	0.9867056758472371	0.9901175332615461	0.9900488546098666	0.9905847642199735	0.9903109545561972	0.9844604617562446	0.990254689322439	0.9897237549595984	0.987088763901174	0.9849838308070965	0.988252122104966	0.9834972754359697	0.9899754292610541	0.9890250595695431	0.9909193655219032	0.9909407685933643	0.9897584691327889	0.9866827104145743	0.9893315190523028	0.9907975885946928	0.9834706899960649	0.9906377094180473	0.9910503050316257	0.9909467595690414	0.9907341323179767	0.9899703566441467	0.9902228238761772	0.9858402196198608	0.9902775749215202	0.9911781609695256	0.9901448500280216	0.9875461307039959	0.989493666115133
0.9932590006644374	0.9913148714215575	1.0	0.9910012046841153	0.9937068551202599	0.9936663338277469	0.9861521832905461	0.9918839717461863	0.9888236381830636	0.9877381370282737	0.9928374614109493	0.9928428600162525	0.9932138812714926	0.993032076115391	0.9853191405484992	0.9924467880612656	0.9926133960126007	0.9895902678347674	0.9859280649198036	0.9903470055945705	0.9845150504267914	0.9931161040386293	0.9917012206285439	0.9929466945273611	0.9934091702878307	0.9925979660890475	0.9871074268162812	0.9932136092718683	0.9933474771841458	0.9873675213941934	0.9925780723522404	0.9933793378798399	0.993352482286759	0.9931460960711798	0.9920586705688338	0.993379933949096	0.9877312029979098	0.9920569482506179	0.9942398970937658	0.9928727712965678	0.9889446787788464	0.9929872141528745
0.9912865081990924	0.9893752123906017	0.9910012046841153	1.0	0.9898769578610443	0.9905061843818042	0.9856625114115692	0.9901603473934446	0.9863842379726481	0.9866719190858543	0.9905955434975386	0.9906328612713757	0.9917978205984772	0.9905381526966416	0.9844923690268073	0.9905069726303846	0.9903044815615392	0.9880585412326629	0.9851709935047827	0.9891979990540372	0.9816605612121622	0.9906383779250224	0.9886924909774675	0.9910510542996985	0.9903362421124114	0.9898777587481619	0.9858619753587801	0.9899932510310213	0.9898417017368575	0.9859205078708513	0.9910828493313283	0.991623166823929	0.9914921291407036	0.9929289960209816	0.9898527353392604	0.9907524581479101	0.9885742219228176	0.990686338060494	0.9912526901783227	0.990519519664856	0.9872683885960367	0.9898224408885771
0.9926630942820007	0.9904371763650128	0.9937068551202599	0.9898769578610443	1.0	0.9936351464413923	0.9858586298956308	0.9918261482350734	0.9879639757323685	0.9868708867924696	0.9923803775142923	0.992243502973343	0.992442625195999	0.9927141110427414	0.9853976865695271	0.9922357804031483	0.9922249522183145	0.9884369391170579	0.9853799572248083	0.989486586653688	0.9854024594718593	0.9918991459722041	0.9921552181887796	0.9932654916271821	0.9928227653587046	0.9923584221455778	0.9867820822702723	0.9926886268135736	0.993696235439857	0.9870391784335083	0.9921142058219425	0.9927443365654639	0.9927202812327127	0.9923562409021434	0.9916639825499739	0.992415748676526	0.9867045331876355	0.9914493685737121	0.9931724512369473	0.9921536234813219	0.9889253580665762	0.9925953457349793
0.9930183044099189	0.9909131711466663	0.9936663338277469	0.9905061843818042	0.9936351464413923	1.0	0.9860665361847075	0.9921584650929842	0.9883493623079448	0.9873200701580657	0.9924902522212831	0.9926665182654568	0.9931258267142883	0.9923742134118441	0.9859682773653349	0.9919818156704183	0.9922017805010137	0.9891642744756736	0.9862463745202794	0.990434708828418	0.9845725059404498	0.9924885961525154	0.9909433696526576	0.9927513237345196	0.9927971306881093	0.9916089435824553	0.9866314122665027	0.9921052649198155	0.9926984338712173	0.9865471230415959	0.9926542046714877	0.9930202201474081	0.9929689851564737	0.9924934379222313	0.9921780997381868	0.9926272052343809	0.9872135391120692	0.9916120606186511	0.9940018552136772	0.9923624876759745	0.9892792812995019	0.9933754684802867
0.9877043533655733	0.9860043981487057	0.9861521832905461	0.9856625114115692	0.9858586298956308	0.9860665361847075	1.0	0.9881563783080103	0.984667960318552	0.9834623466532866	0.987425594505821	0.9873704236322942	0.9862176457432278	0.9876611300767452	0.983333170834096	0.9872641515637449	0.9869339389481211	0.9846821168830892	0.9855805885537487	0.9879777050461088	0.9870633787383154	0.985643695579203	0.9853214781343074	0.9871248550676897	0.9870772767716297	0.985984907551265	0.9906397437929402	0.9856792312535865	0.9861356100944955	0.9748389090303016	0.9865117594525624	0.9874679680854158	0.9873246202389689	0.986422938379489	0.9865375291979342	0.9868649310081721	0.983412939607843	0.9866950686651104	0.9868079076718083	0.9869814797421943	0.9873973505179793	0.9863004998666431
0.9934135985492389	0.9897744377129526	0.9918839717461863	0.9901603473934446	0.9918261482350734	0.9921584650929842	0.9881563783080103	1.0	0.9888915728519279	0.9874886265230431	0.992898579887173	0.9930891440854347	0.9919482331577206	0.9935096173661605	0.9865835290990536	0.9933580210392896	0.99274525885207	0.9884071098410208	0.9862225346743859	0.9909332516214041	0.9843674564501783	0.9920158253791569	0.9916468808176137	0.9933433413483942	0.9923087187823548	0.9925481750158444	0.9884927341919023	0.9917663648172955	0.9921685627258073	0.9852423376515782	0.9923973767801044	0.9927710330637787	0.9928481368635319	0.9919937900799997	0.9920948334546565	0.9922975856182455	0.9867106098082165	0.9914641761209213	0.9925623583709822	0.9927808708084718	0.9888605105614753	0.9912856854964494
0.9901230993691084	0.9863068772372073	0.9888236381830636	0.9863842379726481	0.9879639757323685	0.9883493623079448	0.984667960318552	0.9888915728519279	1.0	0.9855292234694817	0.9903936925838585	0.9900337985765465	0.9886577462236859	0.9896731733738855	0.9842391840666208	0.9900390317397219	0.9891005300594309	0.9858739072980712	0.983661142638752	0.9877690627913942	0.9819818972762291	0.988588306268641	0.9884376592578598	0.9895649178873073	0.9890721120472676	0.988270617597092	0.9847540026518538	0.9891285840705848	0.9888500540394489	0.9813981375999012	0.9883738248706886	0.989039583554378	0.9890295832566327	0.9882455305909195	0.9883699288648464	0.9898915177948551	0.9842221410815042	0.9879085692074371	0.9887080458379651	0.9887614187326932	0.9862062252117496	0.9877591694345101
0.9890715219650271	0.9867056758472371	0.9877381370282737	0.9866719190858543	0.9868708867924696	0.9873200701580657	0.9834623466532866	0.9874886265230431	0.9855292234694817	1.0	0.9883716426046044	0.9886978474772774	0.9877892549441409	0.9886172308387586	0.9831547636195003	0.9883889322931414	0.9879562465610053	0.9849921663245506	0.9833839528441722	0.9864153819143403	0.9808908583508997	0.987516324762396	0.9862465033462113	0.9887377798532326	0.9876507166533822	0.9876856575423859	0.9840139060680687	0.9875550483576125	0.9872421442286189	0.9799980887298271	0.9871797395149238	0.9877183147568803	0.9875443794260492	0.9877237593966175	0.9868266906192888	0.9878382863066303	0.9831505173046821	0.9871256639278975	0.9880784253809656	0.987944129952969	0.9856254937117759	0.9865221857195642
0.994332031245081	0.9901175332615461	0.9928374614109493	0.9905955434975386	0.9923803775142923	0.9924902522212831	0.987425594505821	0.992898579887173	0.9903936925838585	0.9883716426046044	1.0	0.9941521953180044	0.9927009356658832	0.9938838769785018	0.9864551880436176	0.994326972452881	0.9933220378004587	0.9892925372912255	0.9869701711347885	0.9915575822820127	0.9840160788876566	0.9931069804319578	0.9926125032887541	0.9939397748755712	0.9931550823778978	0.9930117877276816	0.9877138341816322	0.993611438956839	0.9932193491576805	0.9866500923133488	0.9926175448745395	0.9933220378004587	0.9933685683266912	0.9925861349949509	0.9929443456077174	0.9938976640713842	0.9871299580327995	0.9919126796037648	0.9930873977389028	0.9935342341340828	0.9903444088783651	0.9923734826513493
0.9944139760873673	0.9900488546098666	0.9928428600162525	0.9906328612713757	0.992243502973343	0.9926665182654568	0.9873704236322942	0.9930891440854347	0.9900337985765465	0.9886978474772774	0.9941521953180044	1.0	0.992727988934796	0.9940255489567387	0.9867324930983447	0.993891876735741	0.9934454928994165	0.9893141284247985	0.9870056455892898	0.9914013151880023	0.9837685969286243	0.9928380321263092	0.9922364406063028	0.9939827598802973	0.9930179982057306	0.9930746108905548	0.9880181158605613	0.9932227394784781	0.9926106953370294	0.9863464037308896	0.9924069942418268	0.9933441647692942	0.9932152069690414	0.992661198783579	0.9925316537948269	0.9931452893282087	0.987170080338532	0.9922652337744823	0.9934934435312213	0.9933083078243778	0.9892092047662009	0.9920986512976127
0.9932116706926611	0.9905847642199735	0.9932138812714926	0.9917978205984772	0.992442625195999	0.9931258267142883	0.9862176457432278	0.9919482331577206	0.9886577462236859	0.9877892549441409	0.9927009356658832	0.992727988934796	1.0	0.9926150580630707	0.9855852219469164	0.9920098612254425	0.9921798037509671	0.9897969282599012	0.9860989807904774	0.9905664700275124	0.98288749044734	0.9933449908241025	0.9910907796124554	0.992837932433286	0.9923151114171892	0.9920840113578117	0.9867814110294508	0.9926165555475746	0.9924042230455519	0.988302444502669	0.9932768425013595	0.9935887222740153	0.9935351606407423	0.9932231725916439	0.9923686188328944	0.9929636056189356	0.988795863307858	0.9923428851884509	0.9938708784619892	0.9923683006255595	0.9897743336063778	0.9924379601913261
0.9945313066154784	0.9903109545561972	0.993032076115391	0.9905381526966416	0.9927141110427414	0.9923742134118441	0.9876611300767452	0.9935096173661605	0.9896731733738855	0.9886172308387586	0.9938838769785018	0.9940255489567387	0.9926150580630707	1.0	0.9870785896493626	0.9945448376790826	0.9939970860756832	0.9897601821099965	0.9870540893767078	0.9913819994548224	0.9846462178870258	0.9926738261557037	0.9927984758261957	0.9940563407985823	0.9934580848865158	0.9939106128710866	0.988418407375958	0.9930356217028667	0.9931242556859108	0.9862250283191383	0.9930155835345308	0.9936763675589675	0.9935982831907205	0.9924982882716615	0.9927600956833208	0.9932796607008344	0.986796200665886	0.9923686188328944	0.9934743798675734	0.9937946524840892	0.9899197194078904	0.9919930090163528
0.9865593995838212	0.9844604617562446	0.9853191405484992	0.9844923690268073	0.9853976865695271	0.9859682773653349	0.983333170834096	0.9865835290990536	0.9842391840666208	0.9831547636195003	0.9864551880436176	0.9867324930983447	0.9855852219469164	0.9870785896493626	1.0	0.9866459458318324	0.9863350426969841	0.9843271320772532	0.9823261182616881	0.9844733894981696	0.9806807509618434	0.9853866425051554	0.9848546173560859	0.9870418473847642	0.9861487650429844	0.985126321806543	0.9843389188660955	0.9850231147820032	0.9862584188667839	0.9779170196338921	0.9858993564773287	0.9860380746651572	0.9860065330917581	0.985423060977665	0.9861408863417603	0.9864209455298235	0.98097041345344	0.9857566919730275	0.9864907185904797	0.9865630184975686	0.9843774843097	0.984360234931853
0.9941725506052415	0.990254689322439	0.9924467880612656	0.9905069726303846	0.9922357804031483	0.9919818156704183	0.9872641515637449	0.9933580210392896	0.9900390317397219	0.9883889322931414	0.994326972452881	0.993891876735741	0.9920098612254425	0.9945448376790826	0.9866459458318324	1.0	0.9936476006039	0.9889098319602269	0.9865873459491767	0.990917711067384	0.9837454746960707	0.9922799917582382	0.9925682949436895	0.9938764325365564	0.993111769865342	0.9931914212956787	0.9878620131804317	0.9932354911009533	0.9928618333769451	0.9858865557185775	0.9926469101599912	0.9933289562097262	0.9934001036690379	0.9926155568602683	0.9926177767811433	0.9934753947981281	0.9868345751480418	0.9918080615767761	0.9927865672232373	0.993219235460658	0.9896311822646009	0.9917067762683045
0.9940823950279009	0.9897237549595984	0.9926133960126007	0.9903044815615392	0.9922249522183145	0.9922017805010137	0.9869339389481211	0.99274525885207	0.9891005300594309	0.9879562465610053	0.9933220378004587	0.9934454928994165	0.9921798037509671	0.9939970860756832	0.9863350426969841	0.9936476006039	1.0	0.9889515357410922	0.9867885852664123	0.9909760932311611	0.9848047249119889	0.9922433740235511	0.9921690261497098	0.9935622633743982	0.9928327216959554	0.9926093193075635	0.987792989871364	0.9929409366000777	0.9925851239861037	0.9857891736287643	0.9923333746741844	0.9931293781860964	0.993028166782977	0.9925057361601928	0.9920081678102525	0.9928375981162305	0.9868210221568829	0.9918455634700641	0.9928587752409329	0.9928888262288674	0.9897689729436019	0.9919519655742459
0.9901306235225117	0.987088763901174	0.9895902678347674	0.9880585412326629	0.9884369391170579	0.9891642744756736	0.9846821168830892	0.9884071098410208	0.9858739072980712	0.9849921663245506	0.9892925372912255	0.9893141284247985	0.9897969282599012	0.9897601821099965	0.9843271320772532	0.9889098319602269	0.9889515357410922	1.0	0.9843107088055002	0.987278065166138	0.9818975956943637	0.9936790114210985	0.9876251093382818	0.9898022185785353	0.9891734493892362	0.9880923263692254	0.9848540780430108	0.9887074193216142	0.9889735279374908	0.9824849930166636	0.9893408244762998	0.9899747407699143	0.9898686385983435	0.9895937286242898	0.9885195206611896	0.9896205694558728	0.9849736403721892	0.9888732642281421	0.9897971308346095	0.9895817123394871	0.9871513723524276	0.9885394264916526
0.9871280164757915	0.9849838308070965	0.9859280649198036	0.9851709935047827	0.9853799572248083	0.9862463745202794	0.9855805885537487	0.9862225346743859	0.983661142638752	0.9833839528441722	0.9869701711347885	0.9870056455892898	0.9860989807904774	0.9870540893767078	0.9823261182616881	0.9865873459491767	0.9867885852664123	0.9843107088055002	1.0	0.9910680484393688	0.9816721479874834	0.98559630808527	0.9851298698960008	0.986909314689644	0.9864596616231416	0.9860151118542446	0.9856836575033119	0.985852308903622	0.9855489267445497	0.9764241949111183	0.9861767456529505	0.9864236041713152	0.9863172545420784	0.9856325819218931	0.9856606143380051	0.9867573499484351	0.9822716540637572	0.9858912298981732	0.9871418511147629	0.985980423870815	0.9850847392353211	0.9857717187535033
0.9917635389939404	0.988252122104966	0.9903470055945705	0.9891979990540372	0.989486586653688	0.990434708828418	0.9879777050461088	0.9909332516214041	0.9877690627913942	0.9864153819143403	0.9915575822820127	0.9914013151880023	0.9905664700275124	0.9913819994548224	0.9844733894981696	0.990917711067384	0.9909760932311611	0.987278065166138	0.9910680484393688	1.0	0.9838863612269597	0.9906550746325629	0.9899400019756869	0.9913811874944299	0.9904076285389852	0.9904686032673052	0.9886927137420017	0.9901168227360015	0.9899642701626168	0.9828550179686381	0.9909621864679969	0.9913144289541765	0.9911823462816042	0.9900771621589791	0.9900111085520197	0.9913529141088546	0.9858142280728178	0.9899585544892792	0.9911891655012315	0.9904770083098993	0.9883688855938232	0.9898013910462877
0.9839147067886495	0.9834972754359697	0.9845150504267914	0.9816605612121622	0.9854024594718593	0.9845725059404498	0.9870633787383154	0.9843674564501783	0.9819818972762291	0.9808908583508997	0.9840160788876566	0.9837685969286243	0.98288749044734	0.9846462178870258	0.9806807509618434	0.9837454746960707	0.9848047249119889	0.9818975956943637	0.9816721479874834	0.9838863612269597	1.0	0.9827919166764048	0.984729378759888	0.9850795127348546	0.9889821403022941	0.9838792300316506	0.9876379745680751	0.983887796079381	0.9866954049217711	0.9709022175917364	0.9836215413866053	0.9843870587251928	0.9844779571590957	0.9828676691967682	0.9836607793287662	0.9844403272281156	0.980669168211313	0.9840387927469855	0.9834465005394499	0.9838223649107304	0.9856874112731717	0.9833760992877822
0.9936188036786514	0.9899754292610541	0.9931161040386293	0.9906383779250224	0.9918991459722041	0.9924885961525154	0.985643695579203	0.9920158253791569	0.988588306268641	0.987516324762396	0.9931069804319578	0.9928380321263092	0.9933449908241025	0.9926738261557037	0.9853866425051554	0.9922799917582382	0.9922433740235511	0.9936790114210985	0.98559630808527	0.9906550746325629	0.9827919166764048	1.0	0.9910363789153964	0.9930707067214833	0.9924800515219925	0.991598774381525	0.9862293541938527	0.9925736946477879	0.9922624731219369	0.9879943629618483	0.9929748561242623	0.9932115397463835	0.993259677223627	0.9930214465402848	0.9919288158056837	0.9930169262390156	0.9878178610130935	0.9919258553897139	0.993175423311742	0.992326193473431	0.9892376400180187	0.9920045734561473
0.9921784483095185	0.9890250595695431	0.9917012206285439	0.9886924909774675	0.9921552181887796	0.9909433696526576	0.9853214781343074	0.9916468808176137	0.9884376592578598	0.9862465033462113	0.9926125032887541	0.9922364406063028	0.9910907796124554	0.9927984758261957	0.9848546173560859	0.9925682949436895	0.9921690261497098	0.9876251093382818	0.9851298698960008	0.9899400019756869	0.984729378759888	0.9910363789153964	1.0	0.9924974454722744	0.9920992997473641	0.992374519160425	0.986563837451504	0.9919325947306974	0.9928559791525081	0.9855648607144898	0.9918359959547044	0.9923900328984627	0.9924163710310265	0.990988479766705	0.9910467313180341	0.9923585476547327	0.9852656892369166	0.9909835839316178	0.9916217966718283	0.9919230714193519	0.9888496745058538	0.9905910548219655
0.9941420931422426	0.9909193655219032	0.9929466945273611	0.9910510542996985	0.9932654916271821	0.9927513237345196	0.9871248550676897	0.9933433413483942	0.9895649178873073	0.9887377798532326	0.9939397748755712	0.9939827598802973	0.992837932433286	0.9940563407985823	0.9870418473847642	0.9938764325365564	0.9935622633743982	0.9898022185785353	0.986909314689644	0.9913811874944299	0.9850795127348546	0.9930707067214833	0.9924974454722744	1.0	0.9938633412641671	0.9935982831907205	0.9885404518596407	0.9934146042861237	0.9932589699620941	0.986479511213803	0.9933048627568033	0.9939797117694383	0.9939743772954399	0.9933024071387653	0.9929820236007959	0.9938982600409627	0.9874515323333717	0.9928588762965367	0.9932555773071007	0.9937287353089856	0.9902861139101531	0.9919882153271206
0.9930837089247546	0.9909407685933643	0.9934091702878307	0.9903362421124114	0.9928227653587046	0.9927971306881093	0.9870772767716297	0.9923087187823548	0.9890721120472676	0.9876507166533822	0.9931550823778978	0.9930179982057306	0.9923151114171892	0.9934580848865158	0.9861487650429844	0.993111769865342	0.9928327216959554	0.9891734493892362	0.9864596616231416	0.9904076285389852	0.9889821403022941	0.9924800515219925	0.9920992997473641	0.9938633412641671	1.0	0.9928428600162525	0.9876920937603735	0.9924502472469641	0.9935937315553395	0.9861829286455477	0.9928479104110276	0.9935330371436921	0.993455761251188	0.9927410213086291	0.9921709555691489	0.9930407547924677	0.98699412443629	0.9921967779214227	0.9928899159382757	0.9930971990617888	0.9899215309409999	0.9921906042475702
0.9932164449970556	0.9897584691327889	0.9925979660890475	0.9898777587481619	0.9923584221455778	0.9916089435824553	0.985984907551265	0.9925481750158444	0.988270617597092	0.9876856575423859	0.9930117877276816	0.9930746108905548	0.9920840113578117	0.9939106128710866	0.985126321806543	0.9931914212956787	0.9926093193075635	0.9880923263692254	0.9860151118542446	0.9904686032673052	0.9838792300316506	0.991598774381525	0.992374519160425	0.9935982831907205	0.9928428600162525	1.0	0.9870403479921869	0.9925796188417012	0.9929657216945653	0.9859668486794457	0.9921104968611314	0.9927618058569428	0.9927621169225914	0.9918923879329204	0.9923070315182236	0.9925478196725188	0.9859034040825675	0.9912584992412737	0.9925300768913679	0.9928225541853104	0.9891981931657581	0.9913805283715473
0.9882302400585745	0.9866827104145743	0.9871074268162812	0.9858619753587801	0.9867820822702723	0.9866314122665027	0.9906397437929402	0.9884927341919023	0.9847540026518538	0.9840139060680687	0.9877138341816322	0.9880181158605613	0.9867814110294508	0.988418407375958	0.9843389188660955	0.9878620131804317	0.987792989871364	0.9848540780430108	0.9856836575033119	0.9886927137420017	0.9876379745680751	0.9862293541938527	0.986563837451504	0.9885404518596407	0.9876920937603735	0.9870403479921869	1.0	0.9869944050912051	0.987352088331333	0.9765498585379209	0.9869129939491074	0.9878943124502212	0.9877214158256588	0.9871449943425548	0.9868397081271311	0.9877780408529196	0.9837375554254133	0.9874918647038282	0.9877357112921636	0.9881195146292396	0.9896685683656953	0.9868189927648775
0.9936789598234103	0.9893315190523028	0.9932136092718683	0.9899932510310213	0.9926886268135736	0.9921052649198155	0.9856792312535865	0.9917663648172955	0.9891285840705848	0.9875550483576125	0.993611438956839	0.9932227394784781	0.9926165555475746	0.9930356217028667	0.9850231147820032	0.9932354911009533	0.9929409366000777	0.9887074193216142	0.985852308903622	0.9901168227360015	0.983887796079381	0.9925736946477879	0.9919325947306974	0.9934146042861237	0.9924502472469641	0.9925796188417012	0.9869944050912051	1.0	0.9932775748158562	0.9872529265215804	0.9922346005182352	0.9929409366000777	0.9929404164615657	0.9922263898817028	0.991497879710343	0.993165611698059	0.9864408724032571	0.9916230185743523	0.9931501034615705	0.9923763274121892	0.9890107860750965	0.9919371890623868
0.9928777478832446	0.9907975885946928	0.9933474771841458	0.9898417017368575	0.993696235439857	0.9926984338712173	0.9861356100944955	0.9921685627258073	0.9888500540394489	0.9872421442286189	0.9932193491576805	0.9926106953370294	0.9924042230455519	0.9931242556859108	0.9862584188667839	0.9928618333769451	0.9925851239861037	0.9889735279374908	0.9855489267445497	0.9899642701626168	0.9866954049217711	0.9922624731219369	0.9928559791525081	0.9932589699620941	0.9935937315553395	0.9929657216945653	0.987352088331333	0.9932775748158562	1.0	0.9872416433729732	0.9925250795312751	0.9932734385129854	0.9932714023459706	0.9925435103127128	0.9926966032187453	0.9929873648307828	0.9864638426826255	0.9918228274678941	0.9929135929775451	0.9927678604570696	0.9896520923224442	0.99200367195507
0.9872176928443047	0.9834706899960649	0.9873675213941934	0.9859205078708513	0.9870391784335083	0.9865471230415959	0.9748389090303016	0.9852423376515782	0.9813981375999012	0.9799980887298271	0.9866500923133488	0.9863464037308896	0.988302444502669	0.9862250283191383	0.9779170196338921	0.9858865557185775	0.9857891736287643	0.9824849930166636	0.9764241949111183	0.9828550179686381	0.9709022175917364	0.9879943629618483	0.9855648607144898	0.986479511213803	0.9861829286455477	0.9859668486794457	0.9765498585379209	0.9872529265215804	0.9872416433729732	1.0	0.9870752412766514	0.9874776248241516	0.9875772350537682	0.9884010911613833	0.9855493091230809	0.9867545268583423	0.9821368732187536	0.9857337196180885	0.987691889677196	0.9859329062650942	0.9810224403093768	0.98691207496333
0.9930939947248918	0.9906377094180473	0.9925780723522404	0.9910828493313283	0.9921142058219425	0.9926542046714877	0.9865117594525624	0.9923973767801044	0.9883738248706886	0.9871797395149238	0.9926175448745395	0.9924069942418268	0.9932768425013595	0.9930155835345308	0.9858993564773287	0.9926469101599912	0.9923333746741844	0.9893408244762998	0.9861767456529505	0.9909621864679969	0.9836215413866053	0.9929748561242623	0.9918359959547044	0.9933048627568033	0.9928479104110276	0.9921104968611314	0.9869129939491074	0.9922346005182352	0.9925250795312751	0.9870752412766514	1.0	0.9991538579944751	0.9992513713216856	0.9933329577584794	0.9918107148462854	0.9926781357505282	0.9882605046615316	0.9976750288682055	0.9931584286518338	0.9926484036818646	0.9892984995381572	0.9916251775882196
0.9936844286483779	0.9910503050316257	0.9933793378798399	0.991623166823929	0.9927443365654639	0.9930202201474081	0.9874679680854158	0.9927710330637787	0.989039583554378	0.9877183147568803	0.9933220378004587	0.9933441647692942	0.9935887222740153	0.9936763675589675	0.9860380746651572	0.9933289562097262	0.9931293781860964	0.9899747407699143	0.9864236041713152	0.9913144289541765	0.9843870587251928	0.9932115397463835	0.9923900328984627	0.9939797117694383	0.9935330371436921	0.9927618058569428	0.9878943124502212	0.9929409366000777	0.9932734385129854	0.9874776248241516	0.9991538579944751	1.0	0.9998273757054191	0.9941827332522594	0.9925324828820181	0.9933304534976573	0.9881810950194331	0.9983456443597173	0.9934749026706806	0.9934192141720282	0.9901271128561273	0.9923669489351423
0.9935556136415622	0.9909467595690414	0.993352482286759	0.9914921291407036	0.9927202812327127	0.9929689851564737	0.9873246202389689	0.9928481368635319	0.9890295832566327	0.9875443794260492	0.9933685683266912	0.9932152069690414	0.9935351606407423	0.9935982831907205	0.9860065330917581	0.9934001036690379	0.993028166782977	0.9898686385983435	0.9863172545420784	0.9911823462816042	0.9844779571590957	0.993259677223627	0.9924163710310265	0.9939743772954399	0.993455761251188	0.9927621169225914	0.9877214158256588	0.9929404164615657	0.9932714023459706	0.9875772350537682	0.9992513713216856	0.9998273757054191	1.0	0.9940791129035104	0.9925080148012709	0.9933768041253058	0.9882741260394616	0.9983209794267276	0.9934718031467638	0.9933914780380847	0.9900231676227789	0.9923691476282662
0.9931415790300945	0.9907341323179767	0.9931460960711798	0.9929289960209816	0.9923562409021434	0.9924934379222313	0.986422938379489	0.9919937900799997	0.9882455305909195	0.9877237593966175	0.9925861349949509	0.992661198783579	0.9932231725916439	0.9924982882716615	0.985423060977665	0.9926155568602683	0.9925057361601928	0.9895937286242898	0.9856325819218931	0.9900771621589791	0.9828676691967682	0.9930214465402848	0.990988479766705	0.9933024071387653	0.9927410213086291	0.9918923879329204	0.9871449943425548	0.9922263898817028	0.9925435103127128	0.9884010911613833	0.9933329577584794	0.9941827332522594	0.9940791129035104	1.0	0.992251703398239	0.9926220494194584	0.9895055051300262	0.9931975079314777	0.9930514910512053	0.9931292979151134	0.9893318787908539	0.9919302377329271
0.9926014278855244	0.9899703566441467	0.9920586705688338	0.9898527353392604	0.9916639825499739	0.9921780997381868	0.9865375291979342	0.9920948334546565	0.9883699288648464	0.9868266906192888	0.9929443456077174	0.9925316537948269	0.9923686188328944	0.9927600956833208	0.9861408863417603	0.9926177767811433	0.9920081678102525	0.9885195206611896	0.9856606143380051	0.9900111085520197	0.9836607793287662	0.9919288158056837	0.9910467313180341	0.9929820236007959	0.9921709555691489	0.9923070315182236	0.9868397081271311	0.991497879710343	0.9926966032187453	0.9855493091230809	0.9918107148462854	0.9925324828820181	0.9925080148012709	0.992251703398239	1.0	0.9923684170660669	0.9867573499484351	0.9913166625171327	0.9924226116700601	0.9933443710355744	0.9901127604023398	0.9916551657521442
0.9934329475274719	0.9902228238761772	0.993379933949096	0.9907524581479101	0.992415748676526	0.9926272052343809	0.9868649310081721	0.9922975856182455	0.9898915177948551	0.9878382863066303	0.9938976640713842	0.9931452893282087	0.9929636056189356	0.9932796607008344	0.9864209455298235	0.9934753947981281	0.9928375981162305	0.9896205694558728	0.9867573499484351	0.9913529141088546	0.9844403272281156	0.9930169262390156	0.9923585476547327	0.9938982600409627	0.9930407547924677	0.9925478196725188	0.9877780408529196	0.993165611698059	0.9929873648307828	0.9867545268583423	0.9926781357505282	0.9933304534976573	0.9933768041253058	0.9926220494194584	0.9923684170660669	1.0	0.9874985365404618	0.9919521155732048	0.9932984317791805	0.9928226502448646	0.9897209218646462	0.9920540080446643
0.987598354168934	0.9858402196198608	0.9877312029979098	0.9885742219228176	0.9867045331876355	0.9872135391120692	0.983412939607843	0.9867106098082165	0.9842221410815042	0.9831505173046821	0.9871299580327995	0.987170080338532	0.988795863307858	0.986796200665886	0.98097041345344	0.9868345751480418	0.9868210221568829	0.9849736403721892	0.9822716540637572	0.9858142280728178	0.980669168211313	0.9878178610130935	0.9852656892369166	0.9874515323333717	0.98699412443629	0.9859034040825675	0.9837375554254133	0.9864408724032571	0.9864638426826255	0.9821368732187536	0.9882605046615316	0.9881810950194331	0.9882741260394616	0.9895055051300262	0.9867573499484351	0.9874985365404618	1.0	0.987548650537432	0.9881710163577397	0.9868306255288876	0.9854030254880319	0.9873630011267387
0.9924711939320074	0.9902775749215202	0.9920569482506179	0.990686338060494	0.9914493685737121	0.9916120606186511	0.9866950686651104	0.9914641761209213	0.9879085692074371	0.9871256639278975	0.9919126796037648	0.9922652337744823	0.9923428851884509	0.9923686188328944	0.9857566919730275	0.9918080615767761	0.9918455634700641	0.9888732642281421	0.9858912298981732	0.9899585544892792	0.9840387927469855	0.9919258553897139	0.9909835839316178	0.9928588762965367	0.9921967779214227	0.9912584992412737	0.9874918647038282	0.9916230185743523	0.9918228274678941	0.9857337196180885	0.9976750288682055	0.9983456443597173	0.9983209794267276	0.9931975079314777	0.9913166625171327	0.9919521155732048	0.987548650537432	1.0	0.9922886294000252	0.9920620918726053	0.9890309537999027	0.9910473007749958
0.994146485360376	0.9911781609695256	0.9942398970937658	0.9912526901783227	0.9931724512369473	0.9940018552136772	0.9868079076718083	0.9925623583709822	0.9887080458379651	0.9880784253809656	0.9930873977389028	0.9934934435312213	0.9938708784619892	0.9934743798675734	0.9864907185904797	0.9927865672232373	0.9928587752409329	0.9897971308346095	0.9871418511147629	0.9911891655012315	0.9834465005394499	0.993175423311742	0.9916217966718283	0.9932555773071007	0.9928899159382757	0.9925300768913679	0.9877357112921636	0.9931501034615705	0.9929135929775451	0.987691889677196	0.9931584286518338	0.9934749026706806	0.9934718031467638	0.9930514910512053	0.9924226116700601	0.9932984317791805	0.9881710163577397	0.9922886294000252	1.0	0.9927384661645643	0.9891508481019469	0.9936577795962312
0.9932451965083507	0.9901448500280216	0.9928727712965678	0.990519519664856	0.9921536234813219	0.9923624876759745	0.9869814797421943	0.9927808708084718	0.9887614187326932	0.987944129952969	0.9935342341340828	0.9933083078243778	0.9923683006255595	0.9937946524840892	0.9865630184975686	0.993219235460658	0.9928888262288674	0.9895817123394871	0.985980423870815	0.9904770083098993	0.9838223649107304	0.992326193473431	0.9919230714193519	0.9937287353089856	0.9930971990617888	0.9928225541853104	0.9881195146292396	0.9923763274121892	0.9927678604570696	0.9859329062650942	0.9926484036818646	0.9934192141720282	0.9933914780380847	0.9931292979151134	0.9933443710355744	0.9928226502448646	0.9868306255288876	0.9920620918726053	0.9927384661645643	1.0	0.9897771266115686	0.9917686672226824
0.9899791793080994	0.9875461307039959	0.9889446787788464	0.9872683885960367	0.9889253580665762	0.9892792812995019	0.9873973505179793	0.9888605105614753	0.9862062252117496	0.9856254937117759	0.9903444088783651	0.9892092047662009	0.9897743336063778	0.9899197194078904	0.9843774843097	0.9896311822646009	0.9897689729436019	0.9871513723524276	0.9850847392353211	0.9883688855938232	0.9856874112731717	0.9892376400180187	0.9888496745058538	0.9902861139101531	0.9899215309409999	0.9891981931657581	0.9896685683656953	0.9890107860750965	0.9896520923224442	0.9810224403093768	0.9892984995381572	0.9901271128561273	0.9900231676227789	0.9893318787908539	0.9901127604023398	0.9897209218646462	0.9854030254880319	0.9890309537999027	0.9891508481019469	0.9897771266115686	1.0	0.9891981615929112
0.9924324764934043	0.989493666115133	0.9929872141528745	0.9898224408885771	0.9925953457349793	0.9933754684802867	0.9863004998666431	0.9912856854964494	0.9877591694345101	0.9865221857195642	0.9923734826513493	0.9920986512976127	0.9924379601913261	0.9919930090163528	0.984360234931853	0.9917067762683045	0.9919519655742459	0.9885394264916526	0.9857717187535033	0.9898013910462877	0.9833760992877822	0.9920045734561473	0.9905910548219655	0.9919882153271206	0.9921906042475702	0.9913805283715473	0.9868189927648775	0.9919371890623868	0.99200367195507	0.98691207496333	0.9916251775882196	0.9923669489351423	0.9923691476282662	0.9919302377329271	0.9916551657521442	0.9920540080446643	0.9873630011267387	0.9910473007749958	0.9936577795962312	0.9917686672226824	0.9891981615929112	1.0
