/home/jshaw/scratch/2022_sketched_distance/references/SGB_genome_fastas_part4/6321/BackhedF_2015__SID244_12M__bin.30.fa	/home/jshaw/scratch/2022_sketched_distance/references/SGB_genome_fastas_part4/6321/BackhedF_2015__SID637_12M__bin.11.fa	/home/jshaw/scratch/2022_sketched_distance/references/SGB_genome_fastas_part4/6321/CosteaPI_2017__daisy-11-0-0__bin.59.fa	/home/jshaw/scratch/2022_sketched_distance/references/SGB_genome_fastas_part4/6321/CosteaPI_2017__daisy-11-2-0__bin.19.fa	/home/jshaw/scratch/2022_sketched_distance/references/SGB_genome_fastas_part4/6321/CosteaPI_2017__daisy-11-60-0__bin.48.fa	/home/jshaw/scratch/2022_sketched_distance/references/SGB_genome_fastas_part4/6321/CosteaPI_2017__daisy-11-7-0__bin.15.fa	/home/jshaw/scratch/2022_sketched_distance/references/SGB_genome_fastas_part4/6321/FengQ_2015__SID31875__bin.81.fa	/home/jshaw/scratch/2022_sketched_distance/references/SGB_genome_fastas_part4/6321/HMP_2012__SRS015960__bin.17.fa	/home/jshaw/scratch/2022_sketched_distance/references/SGB_genome_fastas_part4/6321/HMP_2012__SRS019397__bin.17.fa	/home/jshaw/scratch/2022_sketched_distance/references/SGB_genome_fastas_part4/6321/HMP_2012__SRS043001__bin.11.fa	/home/jshaw/scratch/2022_sketched_distance/references/SGB_genome_fastas_part4/6321/HMP_2012__SRS053335__bin.28.fa	/home/jshaw/scratch/2022_sketched_distance/references/SGB_genome_fastas_part4/6321/HMP_2012__SRS056259__bin.14.fa	/home/jshaw/scratch/2022_sketched_distance/references/SGB_genome_fastas_part4/6321/HMP_2012__SRS062427__bin.9.fa	/home/jshaw/scratch/2022_sketched_distance/references/SGB_genome_fastas_part4/6321/KarlssonFH_2013__S131__bin.18.fa	/home/jshaw/scratch/2022_sketched_distance/references/SGB_genome_fastas_part4/6321/KarlssonFH_2013__S195__bin.50.fa	/home/jshaw/scratch/2022_sketched_distance/references/SGB_genome_fastas_part4/6321/KarlssonFH_2013__S347__bin.23.fa	/home/jshaw/scratch/2022_sketched_distance/references/SGB_genome_fastas_part4/6321/LeChatelierE_2013__MH0067__bin.22.fa	/home/jshaw/scratch/2022_sketched_distance/references/SGB_genome_fastas_part4/6321/LiSS_2016__FAT_024-22-42-0__bin.42.fa	/home/jshaw/scratch/2022_sketched_distance/references/SGB_genome_fastas_part4/6321/LoombaR_2017__SID1015_aao__bin.28.fa	/home/jshaw/scratch/2022_sketched_distance/references/SGB_genome_fastas_part4/6321/NielsenHB_2014__MH0067__bin.16.fa	/home/jshaw/scratch/2022_sketched_distance/references/SGB_genome_fastas_part4/6321/NielsenHB_2014__O2_UC56_2__bin.28.fa	/home/jshaw/scratch/2022_sketched_distance/references/SGB_genome_fastas_part4/6321/NielsenHB_2014__O2_UC59_2__bin.8.fa	/home/jshaw/scratch/2022_sketched_distance/references/SGB_genome_fastas_part4/6321/NielsenHB_2014__V1_UC12_0__bin.18.fa	/home/jshaw/scratch/2022_sketched_distance/references/SGB_genome_fastas_part4/6321/Obregon-TitoAJ_2015__NO16__bin.20.fa	/home/jshaw/scratch/2022_sketched_distance/references/SGB_genome_fastas_part4/6321/VatanenT_2016__G78518__bin.7.fa	/home/jshaw/scratch/2022_sketched_distance/references/SGB_genome_fastas_part4/6321/VogtmannE_2016__MMRS61683006ST-27-0-0__bin.32.fa	/home/jshaw/scratch/2022_sketched_distance/references/SGB_genome_fastas_part4/6321/VogtmannE_2016__MMRS64281211ST-27-0-0__bin.35.fa	/home/jshaw/scratch/2022_sketched_distance/references/SGB_genome_fastas_part4/6321/VogtmannE_2016__MMRS91297590ST-27-0-0__bin.21.fa	/home/jshaw/scratch/2022_sketched_distance/references/SGB_genome_fastas_part4/6321/XieH_2016__YSZC12003_35551__bin.38.fa	/home/jshaw/scratch/2022_sketched_distance/references/SGB_genome_fastas_part4/6321/XieH_2016__YSZC12003_36697__bin.29.fa	/home/jshaw/scratch/2022_sketched_distance/references/SGB_genome_fastas_part4/6321/XieH_2016__YSZC12003_37198R1__bin.35.fa	/home/jshaw/scratch/2022_sketched_distance/references/SGB_genome_fastas_part4/6321/XieH_2016__YSZC12003_37222__bin.70.fa	/home/jshaw/scratch/2022_sketched_distance/references/SGB_genome_fastas_part4/6321/ZeeviD_2015__PNP_Main_120__bin.33.fa	/home/jshaw/scratch/2022_sketched_distance/references/SGB_genome_fastas_part4/6321/ZeeviD_2015__PNP_Main_318__bin.41.fa
1.0	0.9920964616282355	0.9862727311421745	0.98727160367643	0.9873936323285825	0.9857539166242845	0.98727160367643	0.9867168041653129	0.9901484145851309	0.9932959944264211	0.9926203941330178	0.986778912626124	0.988265066515739	0.9871797843237127	0.9843655665142533	0.9878772728498234	0.9868718559823385	0.9924078321684137	0.9863998021905903	0.9868017883057797	0.9878772728498234	0.986025754894784	0.992750090967072	0.9895196114117745	0.9821570218423203	0.9863730950477627	0.9910899989826992	0.9856165540579197	0.9888528988012615	0.9873631675571306	0.9876686364709031	0.9889401762518379	0.9858666514306097	0.9934794980847302
0.9920964616282355	1.0	0.9862727311421745	0.9864099334597792	0.9862120866718025	0.985790699863451	0.9852758087953069	0.9877541995613657	0.9911206392852273	0.9947114524269337	0.9968742584670734	0.9883641430363919	0.9893555243939978	0.985697951432109	0.982668988886611	0.9853901323429464	0.9864779724002484	0.9923264805522413	0.9880509351052533	0.9866309367951731	0.9850820676318005	0.9841231043072914	0.9917975815297502	0.9927934315077148	0.9807665366078067	0.9848845485459602	0.9936480490709263	0.9887227334593074	0.9852300485158778	0.9845977930844827	0.9900048151751729	0.9905710901105487	0.9822898906818089	0.9963189387532938
0.9862727311421745	0.9862727311421745	1.0	0.9991343345809378	0.9992437808832314	0.9949643695966445	0.9941783688520136	0.9834459632121577	0.9859068687930125	0.9837092702007141	0.9859068687930125	0.9835339673815708	0.9853295275294146	0.9943687156419995	0.9926148858027324	0.9942736788989691	0.9938907827875041	0.9852462156082943	0.9830023628629194	0.991113750003994	0.9943687156419995	0.9948398549245219	0.9848686739842413	0.9776178014147409	0.988499899352103	0.9942736788989691	0.9851208501048156	0.9817976239733495	0.9941465378255229	0.9947461611440658	0.9827332912600608	0.9855782028590273	0.9934709230138279	0.9803841518277441
0.98727160367643	0.9864099334597792	0.9991343345809378	1.0	0.999898468827445	0.9982560889817299	0.9944049223280731	0.984099195334517	0.9870159812681657	0.9881850789489693	0.9866838871774365	0.9842391840666208	0.9856992784807652	0.9948082571697593	0.9916045825671355	0.9948576685845019	0.995461299342584	0.9865882739279958	0.9856144121834345	0.9950245604868019	0.9951404611082257	0.9949757919715668	0.9858191663049984	0.9871685181628127	0.9903956584867383	0.9942210038925149	0.986648320491562	0.9845572228531135	0.9945007524927296	0.9951169869378342	0.9859457508067477	0.9865742284714817	0.9938728453406235	0.9884643386573793
0.9873936323285825	0.9862120866718025	0.9992437808832314	0.999898468827445	1.0	0.9982560889817299	0.9942636300046296	0.9839717772488294	0.9871088565595882	0.988251215911995	0.9864854624058603	0.9844027717006733	0.9855029514790717	0.9949037695302559	0.9916568934345826	0.9947617561917699	0.9955089438962378	0.9866850616029637	0.9856505218928324	0.9950245604868019	0.9949027140862003	0.9947617561917699	0.9858821398581692	0.9872496531222618	0.9903956584867383	0.9943421736611027	0.9867432849483954	0.9846468177093403	0.9943590900750232	0.9949963542583574	0.9860137119389591	0.9866980689876441	0.9936850214549463	0.9884643386573793
0.9857539166242845	0.985790699863451	0.9949643695966445	0.9982560889817299	0.9982560889817299	1.0	0.9929639969896159	0.983070940077923	0.9853465594263973	0.9830309762147558	0.9859008031788203	0.9830309762147558	0.9855693801982579	0.9931703860863396	0.9906361679428346	0.9931115489616391	0.9928454799808466	0.9841705941511022	0.9810529858366787	0.9897028143604735	0.9935793441442886	0.9937241852523649	0.9845163654279091	0.9810224011664227	0.9849624169631886	0.9926669048347593	0.9846688797775309	0.9817487880293427	0.9930526070761367	0.9936663247932669	0.9821392058806786	0.9851597137433473	0.9922464426626382	0.9828065658530531
0.98727160367643	0.9852758087953069	0.9941783688520136	0.9944049223280731	0.9942636300046296	0.9929639969896159	1.0	0.9835380166803793	0.9883227861136907	0.988251215911995	0.9862638191010006	0.9839426548600037	0.9846748008085687	0.9936648742317054	0.9911034555593616	0.9938632344299348	0.9944937491630096	0.9866205681459497	0.9848467909183437	0.9941904611411543	0.9935232579948811	0.9936207507234144	0.9865361787016586	0.986512132893615	0.9886484355206239	0.9938793523481342	0.987120424731563	0.9834161401555953	0.9940559515395018	0.9942236644222465	0.9856381743473636	0.9860426398836493	0.9927577953940002	0.987980327246901
0.9867168041653129	0.9877541995613657	0.9834459632121577	0.984099195334517	0.9839717772488294	0.983070940077923	0.9835380166803793	1.0	0.9888840958539017	0.989894369400684	0.9883702843854132	0.9997136644201812	0.9921481551882977	0.984379812853766	0.9810136952457794	0.9840980407187715	0.9854288385953414	0.9879180581609713	0.9905069318016444	0.9855513684280688	0.9845143588982851	0.9825133849409895	0.9867206819630996	0.9915723500668974	0.9794937820742828	0.9826858630067509	0.9899054286476565	0.9902291525615967	0.9847363615572718	0.983282264722349	0.9968524835001826	0.992336451665419	0.9821733763589147	0.990701694305015
0.9901484145851309	0.9911206392852273	0.9859068687930125	0.9870159812681657	0.9871088565595882	0.9853465594263973	0.9883227861136907	0.9888840958539017	1.0	0.9931539120890683	0.9918783294371446	0.9888547903724729	0.9906242140627506	0.9871088565595882	0.9843028464721345	0.9872630685239314	0.9869228430556208	0.9911378960249319	0.9878490166645373	0.9868017883057797	0.987385919890106	0.986326763033697	0.9917711455970665	0.9916787991559188	0.9820330276150471	0.9858805261344479	0.9919648501996373	0.9876379745680751	0.9881135532598888	0.986798247158446	0.9890591827887841	0.9908733593201674	0.986040592799766	0.9926434443915558
0.9932959944264211	0.9947114524269337	0.9837092702007141	0.9881850789489693	0.988251215911995	0.9830309762147558	0.988251215911995	0.989894369400684	0.9931539120890683	1.0	0.995196936748521	0.9899257836512363	0.9913695172939294	0.9881850789489693	0.9852799967713601	0.9889377549959485	0.9882181640289065	0.9934092229276403	0.9855058443072872	0.9853161352727836	0.988970093305343	0.9870056455892898	0.9937466039389647	0.9906351372541025	0.9785401438571811	0.9867991439290005	0.9932392346404836	0.9846915235881183	0.9893556989662993	0.9889377549959485	0.988251215911995	0.9919357054027543	0.9869369556297911	0.993778358486112
0.9926203941330178	0.9968742584670734	0.9859068687930125	0.9866838871774365	0.9864854624058603	0.9859008031788203	0.9862638191010006	0.9883702843854132	0.9918783294371446	0.995196936748521	1.0	0.9887095068925787	0.9897079608199496	0.9866912098898407	0.9835165184169112	0.9867078502614384	0.9877665791352622	0.9931311336429087	0.988550381336245	0.9877424997465041	0.9872419561588173	0.9853333493241027	0.9926283011124767	0.9923451326128063	0.9819501030984483	0.9858685277207846	0.9937248874669363	0.9880035447584591	0.9875057928534554	0.9865278702389113	0.9903041656998786	0.9906808092767533	0.984028889606575	0.9971019258842867
0.986778912626124	0.9883641430363919	0.9835339673815708	0.9842391840666208	0.9844027717006733	0.9830309762147558	0.9839426548600037	0.9997136644201812	0.9888547903724729	0.9899257836512363	0.9887095068925787	1.0	0.992797323548473	0.9844453551776197	0.9808924378674889	0.9846951899288555	0.9854288385953414	0.9879490740512156	0.9905380592649565	0.9855159462424569	0.9851130252854948	0.9830025884259049	0.9867206819630996	0.9914655570383297	0.9794937820742828	0.9826858630067509	0.9899628111585108	0.9901913734128472	0.9853040935233544	0.9838432130604917	0.9958848334538636	0.992336451665419	0.9829002490893393	0.9907424840706875
0.988265066515739	0.9893555243939978	0.9853295275294146	0.9856992784807652	0.9855029514790717	0.9855693801982579	0.9846748008085687	0.9921481551882977	0.9906242140627506	0.9913695172939294	0.9897079608199496	0.992797323548473	1.0	0.9849972427849302	0.9827376038621484	0.9845567868003452	0.9857822843797787	0.9894045111044693	0.9914282259352036	0.9859035055697322	0.9847866227865525	0.9832554435980032	0.9882192585749809	0.9944306270811282	0.9805072445995074	0.9839697116951386	0.9915576453233508	0.9984161278829448	0.9853708268658372	0.9840969253227712	0.9947581514836156	0.993962790486696	0.982705501446811	0.9926049355051879
0.9871797843237127	0.985697951432109	0.9943687156419995	0.9948082571697593	0.9949037695302559	0.9931703860863396	0.9936648742317054	0.984379812853766	0.9871088565595882	0.9881850789489693	0.9866912098898407	0.9844453551776197	0.9849972427849302	1.0	0.9911723938783814	0.9943265241186491	0.9941731170945267	0.9863287720413809	0.9848097860749472	0.993861863630654	0.9946884785424828	0.993565718371325	0.9858821398581692	0.9868419627008398	0.9897798829752656	0.9933665115516629	0.9872140380401793	0.9829954312063169	0.9945200581631929	0.9943750136686972	0.9855005440028961	0.9862938702438606	0.9927361505421074	0.9881571553571351
0.9843655665142533	0.982668988886611	0.9926148858027324	0.9916045825671355	0.9916568934345826	0.9906361679428346	0.9911034555593616	0.9810136952457794	0.9843028464721345	0.9852799967713601	0.9835165184169112	0.9808924378674889	0.9827376038621484	0.9911723938783814	1.0	0.9918393323172899	0.9916773601592486	0.984452505684359	0.982707419038308	0.9915541968813666	0.9912889666463749	0.9902963909453839	0.9829902499609051	0.9836567776983505	0.9890856444432001	0.990796534755775	0.9837677069017895	0.9832765030304834	0.9937824357251089	0.9921497614987369	0.982919094120265	0.9833844458018175	0.9899679587734753	0.9861108612284389
0.9878772728498234	0.9853901323429464	0.9942736788989691	0.9948576685845019	0.9947617561917699	0.9931115489616391	0.9938632344299348	0.9840980407187715	0.9872630685239314	0.9889377549959485	0.9867078502614384	0.9846951899288555	0.9845567868003452	0.9943265241186491	0.9918393323172899	1.0	0.9955802827090261	0.9870056455892898	0.985251115048517	0.9951306738989536	0.993909144458322	0.9929443456077174	0.9865670012172252	0.9875320605761608	0.9903313783639242	0.9947269669988866	0.987120424731563	0.9842417003885309	0.9939796895321393	0.9938855960140096	0.9865189905776489	0.9867598148185636	0.9923918840429791	0.9889843664800528
0.9868718559823385	0.9864779724002484	0.9938907827875041	0.995461299342584	0.9955089438962378	0.9928454799808466	0.9944937491630096	0.9854288385953414	0.9869228430556208	0.9882181640289065	0.9877665791352622	0.9854288385953414	0.9857822843797787	0.9941731170945267	0.9916773601592486	0.9955802827090261	1.0	0.9864587789801672	0.9850311920479153	0.9990720770918111	0.9955089438962378	0.9938493524662713	0.986289694731115	0.986553542970933	0.9899755825030125	0.9938993687997218	0.9868694792222683	0.9833696605112101	0.9951980242999073	0.9947382959845867	0.9857752305524514	0.986289694731115	0.993623339701392	0.9883330392461761
0.9924078321684137	0.9923264805522413	0.9852462156082943	0.9865882739279958	0.9866850616029637	0.9841705941511022	0.9866205681459497	0.9879180581609713	0.9911378960249319	0.9934092229276403	0.9931311336429087	0.9879490740512156	0.9894045111044693	0.9863287720413809	0.984452505684359	0.9870056455892898	0.9864587789801672	1.0	0.9864350597200969	0.9853382600839787	0.9873231358795738	0.9856709110443608	0.9924889842138	0.9885602934376099	0.9807665366078067	0.9855043671875008	0.9922176995569179	0.986389220631749	0.9877001250545658	0.9867172609680932	0.9873442441953453	0.9892558667882261	0.9847613721109009	0.9933667264487755
0.9863998021905903	0.9880509351052533	0.9830023628629194	0.9856144121834345	0.9856505218928324	0.9810529858366787	0.9848467909183437	0.9905069318016444	0.9878490166645373	0.9855058443072872	0.988550381336245	0.9905380592649565	0.9914282259352036	0.9848097860749472	0.982707419038308	0.985251115048517	0.9850311920479153	0.9864350597200969	1.0	0.9827862785596561	0.9858663507243997	0.9840607896684626	0.986610782529657	0.9851586887524887	0.9784478504508826	0.9846985205917466	0.9886822981722123	0.9880035447584591	0.9856144121834345	0.9848467909183437	0.9888136890748968	0.9924128400500275	0.9842496477057318	0.9860168921434734
0.9868017883057797	0.9866309367951731	0.991113750003994	0.9950245604868019	0.9950245604868019	0.9897028143604735	0.9941904611411543	0.9855513684280688	0.9868017883057797	0.9853161352727836	0.9877424997465041	0.9855159462424569	0.9859035055697322	0.993861863630654	0.9915541968813666	0.9951306738989536	0.9990720770918111	0.9853382600839787	0.9827862785596561	1.0	0.9950511206826539	0.9936686657945316	0.986286547617423	0.9836567776983505	0.9871948999008585	0.9938067791297321	0.986286547617423	0.9810573186319642	0.9948914395190757	0.9941632021336709	0.9841038002050042	0.9864936136501847	0.9933627738122591	0.9860168921434734
0.9878772728498234	0.9850820676318005	0.9943687156419995	0.9951404611082257	0.9949027140862003	0.9935793441442886	0.9935232579948811	0.9845143588982851	0.987385919890106	0.988970093305343	0.9872419561588173	0.9851130252854948	0.9847866227865525	0.9946884785424828	0.9912889666463749	0.993909144458322	0.9955089438962378	0.9873231358795738	0.9858663507243997	0.9950511206826539	1.0	0.9929686022192482	0.9870866124420552	0.9870056455892898	0.9913763251218746	0.9941724116687719	0.9877088611087458	0.9843321596841028	0.9932429148884923	0.9928755752325931	0.986685705899292	0.9870362456736639	0.9917140363141947	0.9895386243461805
0.986025754894784	0.9841231043072914	0.9948398549245219	0.9949757919715668	0.9947617561917699	0.9937241852523649	0.9936207507234144	0.9825133849409895	0.986326763033697	0.9870056455892898	0.9853333493241027	0.9830025884259049	0.9832554435980032	0.993565718371325	0.9902963909453839	0.9929443456077174	0.9938493524662713	0.9856709110443608	0.9840607896684626	0.9936686657945316	0.9929686022192482	1.0	0.9849893319994796	0.9859268477472017	0.9891523956498695	0.9941724116687719	0.9856832779124244	0.9835551849825541	0.9927496500390972	0.9929200712062242	0.9851887509867016	0.9850505649034473	0.9917586050842563	0.9875789577258174
0.992750090967072	0.9917975815297502	0.9848686739842413	0.9858191663049984	0.9858821398581692	0.9845163654279091	0.9865361787016586	0.9867206819630996	0.9917711455970665	0.9937466039389647	0.9926283011124767	0.9867206819630996	0.9882192585749809	0.9858821398581692	0.9829902499609051	0.9865670012172252	0.986289694731115	0.9924889842138	0.986610782529657	0.986286547617423	0.9870866124420552	0.9849893319994796	1.0	0.9900448858021303	0.9808525122501054	0.9849893319994796	0.992974540229953	0.9855295699286974	0.9871774626290178	0.9860703397271572	0.9876363407178146	0.988735043793718	0.9847948168287615	0.9934419501951043
0.9895196114117745	0.9927934315077148	0.9776178014147409	0.9871685181628127	0.9872496531222618	0.9810224011664227	0.986512132893615	0.9915723500668974	0.9916787991559188	0.9906351372541025	0.9923451326128063	0.9914655570383297	0.9944306270811282	0.9868419627008398	0.9836567776983505	0.9875320605761608	0.986553542970933	0.9885602934376099	0.9851586887524887	0.9836567776983505	0.9870056455892898	0.9859268477472017	0.9900448858021303	1.0	0.9757721855083565	0.9850722181744177	0.99244912667482	0.9824259486347091	0.987812065796415	0.9870464393805884	0.9893299677843188	0.9918906744726997	0.98588464016159	0.9842777929338347
0.9821570218423203	0.9807665366078067	0.988499899352103	0.9903956584867383	0.9903956584867383	0.9849624169631886	0.9886484355206239	0.9794937820742828	0.9820330276150471	0.9785401438571811	0.9819501030984483	0.9794937820742828	0.9805072445995074	0.9897798829752656	0.9890856444432001	0.9903313783639242	0.9899755825030125	0.9807665366078067	0.9784478504508826	0.9871948999008585	0.9913763251218746	0.9891523956498695	0.9808525122501054	0.9757721855083565	1.0	0.9898125802753015	0.981023788262624	0.9796810018894597	0.9903313783639242	0.9897798829752656	0.9787239509303294	0.9808954154371571	0.9879296867647697	0.9791311736984688
0.9863730950477627	0.9848845485459602	0.9942736788989691	0.9942210038925149	0.9943421736611027	0.9926669048347593	0.9938793523481342	0.9826858630067509	0.9858805261344479	0.9867991439290005	0.9858685277207846	0.9826858630067509	0.9839697116951386	0.9933665115516629	0.990796534755775	0.9947269669988866	0.9938993687997218	0.9855043671875008	0.9846985205917466	0.9938067791297321	0.9941724116687719	0.9941724116687719	0.9849893319994796	0.9850722181744177	0.9898125802753015	1.0	0.9857485031389457	0.9834161401555953	0.9937071962517467	0.9942695249726898	0.9843067938631503	0.9850180581994668	0.9923995055230297	0.9876685747501617
0.9910899989826992	0.9936480490709263	0.9851208501048156	0.986648320491562	0.9867432849483954	0.9846688797775309	0.987120424731563	0.9899054286476565	0.9919648501996373	0.9932392346404836	0.9937248874669363	0.9899628111585108	0.9915576453233508	0.9872140380401793	0.9837677069017895	0.987120424731563	0.9868694792222683	0.9922176995569179	0.9886822981722123	0.986286547617423	0.9877088611087458	0.9856832779124244	0.992974540229953	0.99244912667482	0.981023788262624	0.9857485031389457	1.0	0.9886039535608098	0.9880751580590592	0.9864894344779116	0.9902445123986813	0.9911730072092112	0.9853222058663103	0.9934419501951043
0.9856165540579197	0.9887227334593074	0.9817976239733495	0.9845572228531135	0.9846468177093403	0.9817487880293427	0.9834161401555953	0.9902291525615967	0.9876379745680751	0.9846915235881183	0.9880035447584591	0.9901913734128472	0.9984161278829448	0.9829954312063169	0.9832765030304834	0.9842417003885309	0.9833696605112101	0.986389220631749	0.9880035447584591	0.9810573186319642	0.9843321596841028	0.9835551849825541	0.9855295699286974	0.9824259486347091	0.9796810018894597	0.9834161401555953	0.9886039535608098	1.0	0.9846020508541213	0.9836475549937242	0.9897346177414431	0.9910495410644514	0.9820891192120608	0.9817520117669747
0.9888528988012615	0.9852300485158778	0.9941465378255229	0.9945007524927296	0.9943590900750232	0.9930526070761367	0.9940559515395018	0.9847363615572718	0.9881135532598888	0.9893556989662993	0.9875057928534554	0.9853040935233544	0.9853708268658372	0.9945200581631929	0.9937824357251089	0.9939796895321393	0.9951980242999073	0.9877001250545658	0.9856144121834345	0.9948914395190757	0.9932429148884923	0.9927496500390972	0.9871774626290178	0.987812065796415	0.9903313783639242	0.9937071962517467	0.9880751580590592	0.9846020508541213	1.0	0.9943850692027416	0.9870495320188895	0.9871888206647473	0.9919368219856977	0.9891131015484318
0.9873631675571306	0.9845977930844827	0.9947461611440658	0.9951169869378342	0.9949963542583574	0.9936663247932669	0.9942236644222465	0.983282264722349	0.986798247158446	0.9889377549959485	0.9865278702389113	0.9838432130604917	0.9840969253227712	0.9943750136686972	0.9921497614987369	0.9938855960140096	0.9947382959845867	0.9867172609680932	0.9848467909183437	0.9941632021336709	0.9928755752325931	0.9929200712062242	0.9860703397271572	0.9870464393805884	0.9897798829752656	0.9942695249726898	0.9864894344779116	0.9836475549937242	0.9943850692027416	1.0	0.9858094054640595	0.9860111006461688	0.9912639090530576	0.9880246233590837
0.9876686364709031	0.9900048151751729	0.9827332912600608	0.9859457508067477	0.9860137119389591	0.9821392058806786	0.9856381743473636	0.9968524835001826	0.9890591827887841	0.988251215911995	0.9903041656998786	0.9958848334538636	0.9947581514836156	0.9855005440028961	0.982919094120265	0.9865189905776489	0.9857752305524514	0.9873442441953453	0.9888136890748968	0.9841038002050042	0.986685705899292	0.9851887509867016	0.9876363407178146	0.9893299677843188	0.9787239509303294	0.9843067938631503	0.9902445123986813	0.9897346177414431	0.9870495320188895	0.9858094054640595	1.0	0.9937533166288294	0.9844850913991747	0.9893690735303902
0.9889401762518379	0.9905710901105487	0.9855782028590273	0.9865742284714817	0.9866980689876441	0.9851597137433473	0.9860426398836493	0.992336451665419	0.9908733593201674	0.9919357054027543	0.9906808092767533	0.992336451665419	0.993962790486696	0.9862938702438606	0.9833844458018175	0.9867598148185636	0.986289694731115	0.9892558667882261	0.9924128400500275	0.9864936136501847	0.9870362456736639	0.9850505649034473	0.988735043793718	0.9918906744726997	0.9808954154371571	0.9850180581994668	0.9911730072092112	0.9910495410644514	0.9871888206647473	0.9860111006461688	0.9937533166288294	1.0	0.9852126174644801	0.9921783526151269
0.9858666514306097	0.9822898906818089	0.9934709230138279	0.9938728453406235	0.9936850214549463	0.9922464426626382	0.9927577953940002	0.9821733763589147	0.986040592799766	0.9869369556297911	0.984028889606575	0.9829002490893393	0.982705501446811	0.9927361505421074	0.9899679587734753	0.9923918840429791	0.993623339701392	0.9847613721109009	0.9842496477057318	0.9933627738122591	0.9917140363141947	0.9917586050842563	0.9847948168287615	0.98588464016159	0.9879296867647697	0.9923995055230297	0.9853222058663103	0.9820891192120608	0.9919368219856977	0.9912639090530576	0.9844850913991747	0.9852126174644801	1.0	0.9863446153870574
0.9934794980847302	0.9963189387532938	0.9803841518277441	0.9884643386573793	0.9884643386573793	0.9828065658530531	0.987980327246901	0.990701694305015	0.9926434443915558	0.993778358486112	0.9971019258842867	0.9907424840706875	0.9926049355051879	0.9881571553571351	0.9861108612284389	0.9889843664800528	0.9883330392461761	0.9933667264487755	0.9860168921434734	0.9860168921434734	0.9895386243461805	0.9875789577258174	0.9934419501951043	0.9842777929338347	0.9791311736984688	0.9876685747501617	0.9934419501951043	0.9817520117669747	0.9891131015484318	0.9880246233590837	0.9893690735303902	0.9921783526151269	0.9863446153870574	1.0
