/home/jshaw/scratch/2022_sketched_distance/references/SGB_genome_fastas_part4/6452/CosteaPI_2017__donald2-11-0-0__bin.26.fa	/home/jshaw/scratch/2022_sketched_distance/references/SGB_genome_fastas_part4/6452/FengQ_2015__SID532915__bin.5.fa	/home/jshaw/scratch/2022_sketched_distance/references/SGB_genome_fastas_part4/6452/HeQ_2017__SZAXPI029560-51__bin.79.fa	/home/jshaw/scratch/2022_sketched_distance/references/SGB_genome_fastas_part4/6452/HMP_2012__SRS049995__bin.33.fa	/home/jshaw/scratch/2022_sketched_distance/references/SGB_genome_fastas_part4/6452/KarlssonFH_2013__S487__bin.24.fa	/home/jshaw/scratch/2022_sketched_distance/references/SGB_genome_fastas_part4/6452/KarlssonFH_2013__S54__bin.4.fa	/home/jshaw/scratch/2022_sketched_distance/references/SGB_genome_fastas_part4/6452/LeChatelierE_2013__MH0024__bin.13.fa	/home/jshaw/scratch/2022_sketched_distance/references/SGB_genome_fastas_part4/6452/LeChatelierE_2013__MH0145__bin.8.fa	/home/jshaw/scratch/2022_sketched_distance/references/SGB_genome_fastas_part4/6452/LeChatelierE_2013__MH0149__bin.28.fa	/home/jshaw/scratch/2022_sketched_distance/references/SGB_genome_fastas_part4/6452/LeChatelierE_2013__MH0253__bin.35.fa	/home/jshaw/scratch/2022_sketched_distance/references/SGB_genome_fastas_part4/6452/LeChatelierE_2013__MH0429__bin.10.fa	/home/jshaw/scratch/2022_sketched_distance/references/SGB_genome_fastas_part4/6452/LeChatelierE_2013__MH0435__bin.9.fa	/home/jshaw/scratch/2022_sketched_distance/references/SGB_genome_fastas_part4/6452/LiJ_2014__MH0293__bin.70.fa	/home/jshaw/scratch/2022_sketched_distance/references/SGB_genome_fastas_part4/6452/LiJ_2014__MH0376__bin.6.fa	/home/jshaw/scratch/2022_sketched_distance/references/SGB_genome_fastas_part4/6452/LiJ_2014__MH0389__bin.18.fa	/home/jshaw/scratch/2022_sketched_distance/references/SGB_genome_fastas_part4/6452/NielsenHB_2014__MH0024__bin.6.fa	/home/jshaw/scratch/2022_sketched_distance/references/SGB_genome_fastas_part4/6452/NielsenHB_2014__MH0145__bin.35.fa	/home/jshaw/scratch/2022_sketched_distance/references/SGB_genome_fastas_part4/6452/NielsenHB_2014__MH0149__bin.40.fa	/home/jshaw/scratch/2022_sketched_distance/references/SGB_genome_fastas_part4/6452/NielsenHB_2014__V1_CD34_0__bin.57.fa	/home/jshaw/scratch/2022_sketched_distance/references/SGB_genome_fastas_part4/6452/NielsenHB_2014__V1_UC40_0__bin.36.fa	/home/jshaw/scratch/2022_sketched_distance/references/SGB_genome_fastas_part4/6452/QinN_2014__HD-33__bin.90.fa	/home/jshaw/scratch/2022_sketched_distance/references/SGB_genome_fastas_part4/6452/QinN_2014__HV-8__bin.27.fa	/home/jshaw/scratch/2022_sketched_distance/references/SGB_genome_fastas_part4/6452/RaymondF_2016__P13E7__bin.15.fa	/home/jshaw/scratch/2022_sketched_distance/references/SGB_genome_fastas_part4/6452/RaymondF_2016__P15E90__bin.17.fa	/home/jshaw/scratch/2022_sketched_distance/references/SGB_genome_fastas_part4/6452/RaymondF_2016__P3E90__bin.26.fa	/home/jshaw/scratch/2022_sketched_distance/references/SGB_genome_fastas_part4/6452/XieH_2016__YSZC12003_35515__bin.86.fa	/home/jshaw/scratch/2022_sketched_distance/references/SGB_genome_fastas_part4/6452/XieH_2016__YSZC12003_35519__bin.35.fa	/home/jshaw/scratch/2022_sketched_distance/references/SGB_genome_fastas_part4/6452/XieH_2016__YSZC12003_35550__bin.52.fa	/home/jshaw/scratch/2022_sketched_distance/references/SGB_genome_fastas_part4/6452/XieH_2016__YSZC12003_36005__bin.68.fa	/home/jshaw/scratch/2022_sketched_distance/references/SGB_genome_fastas_part4/6452/XieH_2016__YSZC12003_37126__bin.6.fa	/home/jshaw/scratch/2022_sketched_distance/references/SGB_genome_fastas_part4/6452/XieH_2016__YSZC12003_37228__bin.59.fa	/home/jshaw/scratch/2022_sketched_distance/references/SGB_genome_fastas_part4/6452/XieH_2016__YSZC12003_37332__bin.97.fa	/home/jshaw/scratch/2022_sketched_distance/references/SGB_genome_fastas_part4/6452/XieH_2016__YSZC12003_37798__bin.54.fa	/home/jshaw/scratch/2022_sketched_distance/references/SGB_genome_fastas_part4/6452/XieH_2016__YSZC12003_37877__bin.22.fa	/home/jshaw/scratch/2022_sketched_distance/references/SGB_genome_fastas_part4/6452/ZeeviD_2015__PNP_DietIntervention_28__bin.85.fa	/home/jshaw/scratch/2022_sketched_distance/references/SGB_genome_fastas_part4/6452/ZeeviD_2015__PNP_Main_162__bin.52.fa	/home/jshaw/scratch/2022_sketched_distance/references/SGB_genome_fastas_part4/6452/ZeeviD_2015__PNP_Main_252__bin.56.fa	/home/jshaw/scratch/2022_sketched_distance/references/SGB_genome_fastas_part4/6452/ZeeviD_2015__PNP_Main_259__bin.30.fa	/home/jshaw/scratch/2022_sketched_distance/references/SGB_genome_fastas_part4/6452/ZeeviD_2015__PNP_Main_27__bin.49.fa	/home/jshaw/scratch/2022_sketched_distance/references/SGB_genome_fastas_part4/6452/ZeeviD_2015__PNP_Main_506__bin.17.fa	/home/jshaw/scratch/2022_sketched_distance/references/SGB_genome_fastas_part4/6452/ZeeviD_2015__PNP_Main_536__bin.28.fa	/home/jshaw/scratch/2022_sketched_distance/references/SGB_genome_fastas_part4/6452/ZeeviD_2015__PNP_Main_616__bin.34.fa	/home/jshaw/scratch/2022_sketched_distance/references/SGB_genome_fastas_part4/6452/ZeeviD_2015__PNP_Validation_57__bin.41.fa	/home/jshaw/scratch/2022_sketched_distance/references/SGB_genome_fastas_part4/6452/ZellerG_2014__CCIS21126322ST-4-0__bin.18.fa
1.0	0.9825599450376322	0.9877095470269657	0.9880910788916262	0.9831609912136151	0.9840635360858484	0.983149603049479	0.9841346629099634	0.9889644478916411	0.9683175326476636	0.9817817290900819	0.9789295622845418	0.9885816377595509	0.9760574867945335	0.9764990162846793	0.9822632103983764	0.9805081714745824	0.9889644478916411	0.9885716709337994	0.9851250050027153	0.9878889114948392	0.9880296117557931	0.9659043331006277	0.9878583485232704	0.9849529480826333	0.9820797839254347	0.9858484190345396	0.9830360465126504	0.9867017388437732	0.9870716351592927	0.9890792688366732	0.9848247544666322	0.988461150750233	0.9808267265381628	0.9830932157127517	0.9796084040759704	0.9880320559940664	0.9856096446293587	0.9815326113579271	0.9806102831377559	0.9877693738231714	0.9884835240967735	0.9816968095214681	0.9861998837194871
0.9825599450376322	1.0	0.9845577070938353	0.9841996987457914	0.9802861829259405	0.9808651553270515	0.9781234075113086	0.9831084949986086	0.9845814773249917	0.9637665978615271	0.9763005233626084	0.9752275509065018	0.9841464886548199	0.9722712258294997	0.9735585345341445	0.9768912662875099	0.9816341145958073	0.9845814773249917	0.9853207843835963	0.9819720193177132	0.9825387009033723	0.9827129380790625	0.9553258067367572	0.9830317433191433	0.981158156054176	0.9778191332885622	0.9817624779661017	0.9778607806417633	0.9816031800382687	0.9826799167313105	0.9855687123743101	0.9817601701697968	0.9834594042453689	0.979579522616993	0.9795180539034293	0.9773354177992807	0.982635383009301	0.9823559072441908	0.9790338142706445	0.9765965817672103	0.9822527792420541	0.9842050084983296	0.9761136627798825	0.9820084673724232
0.9877095470269657	0.9845577070938353	1.0	0.9899817089015924	0.9846357024641135	0.9862860415615684	0.9850805733187159	0.9835327807783383	0.9900846338755791	0.9691975458207799	0.9822406068586302	0.9797172154233635	0.9897186469068785	0.9767300415995915	0.9803768231267055	0.9842736443302322	0.9815707998600577	0.9900846338755791	0.9903335721154166	0.9861374326077751	0.9951866743216516	0.9951915813326084	0.9644741239315963	0.9878654213259666	0.9859363246612911	0.983388588967202	0.9882286942740488	0.9842510403131935	0.9875588473270605	0.9876141500032358	0.9897798829752656	0.9873986282909684	0.9875795015947474	0.9821427742557287	0.9843428654275436	0.9814676807272578	0.988900252801467	0.987020919822325	0.9834549046461363	0.980929397475809	0.988867132698297	0.9886932774680111	0.9815804848536482	0.9873022442021493
0.9880910788916262	0.9841996987457914	0.9899817089015924	1.0	0.9860764145564624	0.9875865631591517	0.9845739144579403	0.9845173242713776	0.9923880303827823	0.971759022349177	0.9841075528315709	0.9835559813049164	0.992240310334226	0.978180985867969	0.9810044373073372	0.9836477900991302	0.9818860937875433	0.9923880303827823	0.991313544292364	0.9879640759567735	0.989436253816595	0.9895046748547194	0.9643156441577984	0.989736374885535	0.9880985191404402	0.9872765180900654	0.9887819190889944	0.9852531777208109	0.9896236521902821	0.9904216464252381	0.9904051938154862	0.9882876439894953	0.9881652119382958	0.9840970236620921	0.9862154822248562	0.9837703116117815	0.9906260558692379	0.9875933539769931	0.9841206030926644	0.9840281931610309	0.9895152146189348	0.990007879616156	0.983314068853358	0.9882754273076173
0.9831609912136151	0.9802861829259405	0.9846357024641135	0.9860764145564624	1.0	0.98219765096254	0.9816411757465756	0.9786409225091351	0.9881404830201647	0.9712816181472981	0.9786301305209367	0.9794335822584856	0.9876966852175239	0.9724825538418138	0.9763114670876177	0.9806550148278227	0.9735032532379264	0.9881404830201647	0.9867963383543957	0.9821765793893505	0.983188075167029	0.9833474320530385	0.9617912064331745	0.9847538562863425	0.9839805368756929	0.9807321002135327	0.9841862876683852	0.9795697577447092	0.9856589711909811	0.9860921052406766	0.9863859484004169	0.9829363364139173	0.9835292062209006	0.97918036371616	0.9801383630190762	0.9777109258359614	0.9845443301371666	0.9825816401711454	0.9782829308741996	0.9774496205813629	0.9845683715894104	0.9850565789498625	0.9770616808854606	0.9842282075845551
0.9840635360858484	0.9808651553270515	0.9862860415615684	0.9875865631591517	0.98219765096254	1.0	0.9839893552214378	0.9797410303091888	0.9871427146883214	0.9675709946113445	0.9790010508041185	0.9779292139008112	0.9870463351131296	0.9751005966176682	0.987861952566243	0.9830260581977084	0.9768942673945653	0.9871427146883214	0.9869923822365183	0.9850490025391297	0.9848465647618704	0.9849529480826333	0.9600805421593896	0.9865637224692734	0.9826572001607636	0.9806421494476292	0.9946045543936479	0.9832162205990272	0.9846673280046723	0.9846641579766404	0.9873232942569496	0.9944919672007173	0.9841989069801482	0.9794647475737571	0.983504414212311	0.9809260822803406	0.9881618397819409	0.9848954426402768	0.9817708941129276	0.9809668140507369	0.9861003723572619	0.987940800647388	0.9802866975394624	0.9857756443379369
0.983149603049479	0.9781234075113086	0.9850805733187159	0.9845739144579403	0.9816411757465756	0.9839893552214378	1.0	0.9784607587062872	0.9854337897775338	0.966683055146362	0.9782106041625013	0.9773396168161066	0.9849451819481218	0.9732229072611751	0.9786040688262414	0.9984523095296897	0.9751283198057717	0.9854337897775338	0.9855400826346445	0.98178537517665	0.9836732871316455	0.9838177044996976	0.9623512414564683	0.9842177968605963	0.9811026739648259	0.9799692579666199	0.9852512338495134	0.9811774502978661	0.9840479589718875	0.9833868350143237	0.9847824084769748	0.9862038114882218	0.9822525729337621	0.9790364192756331	0.9806371477024924	0.9780040919784074	0.9855948470625955	0.9835974822313261	0.9797739676894471	0.9781943518841103	0.9841442995007648	0.9848768676193668	0.9776256492627546	0.9856237364190676
0.9841346629099634	0.9831084949986086	0.9835327807783383	0.9845173242713776	0.9786409225091351	0.9797410303091888	0.9784607587062872	1.0	0.9841216431872976	0.9647552152922824	0.9761437560370754	0.9760629543648445	0.9837227582645001	0.9699081001303416	0.9741651623393633	0.9774054069108865	0.9820075398858193	0.9841216431872976	0.9848726228557135	0.980191071745269	0.9845583304549299	0.9846260079527377	0.964482783350135	0.9828306402404122	0.9806953526778054	0.9752672749704355	0.9811585496603922	0.9785742840192041	0.9826226968041019	0.9823221901749171	0.9846126518452313	0.9810646333400649	0.9826816996747657	0.9796697957277143	0.9787228572416651	0.9823345556312808	0.9829477505600881	0.9831817041606419	0.9780199819903466	0.9757605007932956	0.9823102655023764	0.9832913450929821	0.9788843826150077	0.9820831517248744
0.9889644478916411	0.9845814773249917	0.9900846338755791	0.9923880303827823	0.9881404830201647	0.9871427146883214	0.9854337897775338	0.9841216431872976	1.0	0.9729052439616619	0.9847161258721903	0.9838158428398931	0.9994703426782902	0.9774770090335956	0.980667756268075	0.9845147948155549	0.9818926037346156	1.0	0.9923649005729696	0.9892651855365637	0.9888363615037963	0.9889831762694591	0.9660323556161312	0.990942769393638	0.9934912577826951	0.9869894961436899	0.9890806213363154	0.9852398194007913	0.9892341206621129	0.9929612513446161	0.9917757096516243	0.9877620394761876	0.9890045320001647	0.9851942944525744	0.9855233633494485	0.9827983861369172	0.9903858313051106	0.9882693516945061	0.9839807891716451	0.9827530911407971	0.9903488944771044	0.991054778090346	0.9833285356930335	0.9879697879871051
0.9683175326476636	0.9637665978615271	0.9691975458207799	0.971759022349177	0.9712816181472981	0.9675709946113445	0.966683055146362	0.9647552152922824	0.9729052439616619	1.0	0.9683682573750088	0.9741612762999026	0.9727326244885264	0.9566594904819068	0.9693580889980885	0.9677390349378105	0.9656548058156023	0.9729052439616619	0.9708388159260948	0.9705375563688705	0.9668059040942208	0.9669918148485513	0.9644086500123673	0.9715830554510428	0.9751396623728533	0.9727842414608407	0.968732265841471	0.9666994373839799	0.970773933193925	0.9691283281295496	0.9707844116531288	0.9681469562329355	0.9697280117181017	0.9672601696974193	0.964720970421857	0.9643324905983985	0.9703799713032646	0.9690495967604082	0.9680888108058545	0.962462898616985	0.9709651825823626	0.972406737050598	0.9629781507029012	0.9709607186915952
0.9817817290900819	0.9763005233626084	0.9822406068586302	0.9841075528315709	0.9786301305209367	0.9790010508041185	0.9782106041625013	0.9761437560370754	0.9847161258721903	0.9683682573750088	1.0	0.9779434461441243	0.9843299957904084	0.972196904169891	0.9754632481599899	0.9776422743209744	0.9733499013870249	0.9847161258721903	0.9834510153717947	0.9804463440546886	0.9811550284700895	0.9813144508480401	0.9672195312236198	0.9832574894774191	0.9830470372545793	0.9777821514940187	0.9802718238175502	0.9777762614195165	0.9814754443340405	0.982755685050404	0.9825423343109444	0.9800905967190405	0.9807812745164538	0.9765184615787094	0.9774708076661575	0.9758157229068583	0.9828094777932891	0.9798649118131196	0.9775220789406014	0.9773139035437011	0.9819550985687823	0.9830452583639318	0.9766554595761434	0.9802474856348509
0.9789295622845418	0.9752275509065018	0.9797172154233635	0.9835559813049164	0.9794335822584856	0.9779292139008112	0.9773396168161066	0.9760629543648445	0.9838158428398931	0.9741612762999026	0.9779434461441243	1.0	0.9834125574668117	0.9678944010569384	0.9762502424026518	0.9775773973010441	0.9724398099797155	0.9838158428398931	0.9827792402905288	0.9788719051309207	0.9784270046191345	0.9786016271998391	0.966749546677511	0.9812754747236885	0.9836675358056969	0.9785980493738863	0.9783116756567077	0.9766598779061403	0.9812863883903239	0.9820889919305993	0.9810580679206339	0.9786356424104106	0.9802974535362164	0.9753286432261851	0.9754340228973518	0.9733275902758017	0.9806277818089186	0.97814497177321	0.9760528481648308	0.973882318858146	0.9805156138011081	0.9807190095647651	0.9745747392342817	0.9808874597790523
0.9885816377595509	0.9841464886548199	0.9897186469068785	0.992240310334226	0.9876966852175239	0.9870463351131296	0.9849451819481218	0.9837227582645001	0.9994703426782902	0.9727326244885264	0.9843299957904084	0.9834125574668117	1.0	0.9770277152646067	0.9802980110499727	0.9840039195800842	0.9812892761138828	0.9994703426782902	0.9918639991809345	0.9887599792069516	0.9884922294973486	0.9886380746865192	0.9655881807083713	0.9905745786706054	0.9931564487422996	0.9863950748078646	0.9886799062592159	0.9847503463156865	0.9891598301663216	0.992604215442553	0.9913448952759921	0.9872843641042867	0.9886968728522157	0.9846803700763644	0.9850860332970071	0.98234302519966	0.9899899151125692	0.9877092987744691	0.9835126324199844	0.9825022586009996	0.9900308815458548	0.9906468591458173	0.982978921991064	0.9875120111583139
0.9760574867945335	0.9722712258294997	0.9767300415995915	0.978180985867969	0.9724825538418138	0.9751005966176682	0.9732229072611751	0.9699081001303416	0.9774770090335956	0.9566594904819068	0.972196904169891	0.9678944010569384	0.9770277152646067	1.0	0.9679238288392048	0.9720832177166042	0.9712220157724896	0.9774770090335956	0.9772847135959678	0.9758286172758286	0.9749977904261086	0.9751802324637135	0.9526702344485156	0.9769165737742612	0.972996368458955	0.9744964168055803	0.9772429502043395	0.9722827924871201	0.9748041577251791	0.975934032304328	0.9765948517585139	0.9766882201369287	0.974491961054229	0.9683976226724442	0.9721178459858558	0.9734454833393663	0.9767724273463194	0.976077585266958	0.9731510730465185	0.9895120266039618	0.9771140199114628	0.9776761357647418	0.9744770844141993	0.9760763322553854
0.9764990162846793	0.9735585345341445	0.9803768231267055	0.9810044373073372	0.9763114670876177	0.987861952566243	0.9786040688262414	0.9741651623393633	0.980667756268075	0.9693580889980885	0.9754632481599899	0.9762502424026518	0.9802980110499727	0.9679238288392048	1.0	0.9781714920892882	0.9689346074477785	0.980667756268075	0.980847457587136	0.9789775377507314	0.9786113970033936	0.9787951527070522	0.9620080396001027	0.9804531598522345	0.9789825184934854	0.9734524538015638	0.9901015487337198	0.9765789249405504	0.9778190721560911	0.9777566504390913	0.9799154412202109	0.9889914274101349	0.9775695119121862	0.9749739003485365	0.9765878786384222	0.9753841552343013	0.9818858666525958	0.9790272104487864	0.9762793371096324	0.9738195166610016	0.9793181044015614	0.9820714455402005	0.9733146216462493	0.9796127359012281
0.9822632103983764	0.9768912662875099	0.9842736443302322	0.9836477900991302	0.9806550148278227	0.9830260581977084	0.9984523095296897	0.9774054069108865	0.9845147948155549	0.9677390349378105	0.9776422743209744	0.9775773973010441	0.9840039195800842	0.9720832177166042	0.9781714920892882	1.0	0.9755304054875599	0.9845147948155549	0.9844899866163481	0.982067834293026	0.9828200652351755	0.9829719948274073	0.961650034543278	0.9835344558430978	0.981435742462164	0.9797625463204844	0.9842013926636045	0.9814085937789725	0.9830311177379211	0.9824991243475663	0.9838055344774902	0.9851087285357223	0.9821678372720275	0.9781769383510934	0.9811040574753797	0.9767671274151101	0.9848388505011755	0.9823504689278838	0.9791336806278338	0.9773389058652129	0.9830312586398494	0.9841425835920886	0.9769814745028251	0.9850621954475962
0.9805081714745824	0.9816341145958073	0.9815707998600577	0.9818860937875433	0.9735032532379264	0.9768942673945653	0.9751283198057717	0.9820075398858193	0.9818926037346156	0.9656548058156023	0.9733499013870249	0.9724398099797155	0.9812892761138828	0.9712220157724896	0.9689346074477785	0.9755304054875599	1.0	0.9818926037346156	0.9824395662434827	0.9816650666603287	0.9800028730190067	0.9802036790094024	0.9525625320287436	0.9805968327870808	0.9796845028662841	0.9800920512283685	0.9783260623030102	0.9763780072999156	0.978623870194465	0.979616346505351	0.9820349187159105	0.9780546634749278	0.9806641875301939	0.9743507033707751	0.9780394802885286	0.970436305595809	0.9803291755630308	0.9808445628797998	0.9766496399828394	0.9745068932018398	0.9800095910801734	0.982049093478618	0.9726553300008814	0.9801244688092019
0.9889644478916411	0.9845814773249917	0.9900846338755791	0.9923880303827823	0.9881404830201647	0.9871427146883214	0.9854337897775338	0.9841216431872976	1.0	0.9729052439616619	0.9847161258721903	0.9838158428398931	0.9994703426782902	0.9774770090335956	0.980667756268075	0.9845147948155549	0.9818926037346156	1.0	0.9923649005729696	0.9892651855365637	0.9888363615037963	0.9889831762694591	0.9660323556161312	0.990942769393638	0.9934912577826951	0.9869894961436899	0.9890806213363154	0.9852398194007913	0.9892341206621129	0.9929612513446161	0.9917757096516243	0.9877620394761876	0.9890045320001647	0.9851942944525744	0.9855233633494485	0.9827983861369172	0.9903858313051106	0.9882693516945061	0.9839807891716451	0.9827530911407971	0.9903488944771044	0.991054778090346	0.9833285356930335	0.9879697879871051
0.9885716709337994	0.9853207843835963	0.9903335721154166	0.991313544292364	0.9867963383543957	0.9869923822365183	0.9855400826346445	0.9848726228557135	0.9923649005729696	0.9708388159260948	0.9834510153717947	0.9827792402905288	0.9918639991809345	0.9772847135959678	0.980847457587136	0.9844899866163481	0.9824395662434827	0.9923649005729696	1.0	0.9876098383725773	0.9890127313575653	0.9891540801006851	0.9652885311674568	0.9897517154136645	0.988529045480458	0.9844952135557349	0.9885483968324196	0.9844604617562446	0.9893901089480295	0.9901605215215771	0.9922967186692104	0.987948541835947	0.9899168168462502	0.9854892213693254	0.984392470477271	0.981913010874882	0.9893415340091404	0.9880649488928611	0.9833813870641238	0.9824112219249063	0.9888863027460509	0.9899768183282684	0.9822189458728835	0.9880645957158788
0.9851250050027153	0.9819720193177132	0.9861374326077751	0.9879640759567735	0.9821765793893505	0.9850490025391297	0.98178537517665	0.980191071745269	0.9892651855365637	0.9705375563688705	0.9804463440546886	0.9788719051309207	0.9887599792069516	0.9758286172758286	0.9789775377507314	0.982067834293026	0.9816650666603287	0.9892651855365637	0.9876098383725773	1.0	0.9847000595679294	0.9848164962986846	0.9617188826727242	0.9873951022290249	0.9863925479412557	0.9844270165191915	0.9875215802428872	0.9867340184250717	0.9858163776765589	0.9863629183523724	0.9880097160409098	0.9859797489393199	0.9871196680238672	0.9815288540112473	0.9867761427107506	0.9785754711658774	0.9902141364858572	0.9846343141554557	0.9849389174136294	0.9799522665081509	0.9871803604841065	0.9935341407161719	0.9789259221799348	0.9884457538133257
0.9878889114948392	0.9825387009033723	0.9951866743216516	0.989436253816595	0.983188075167029	0.9848465647618704	0.9836732871316455	0.9845583304549299	0.9888363615037963	0.9668059040942208	0.9811550284700895	0.9784270046191345	0.9884922294973486	0.9749977904261086	0.9786113970033936	0.9828200652351755	0.9800028730190067	0.9888363615037963	0.9890127313575653	0.9847000595679294	1.0	0.999748582860159	0.9662824207022798	0.9871972180373605	0.9844452926399183	0.9823719204647082	0.9863764363838186	0.9834787045770935	0.9871441128468088	0.9867800979426108	0.9884630609240779	0.9859047407098731	0.9858353669714026	0.9811373790188923	0.9834698244149288	0.9799265112094927	0.9882139398862496	0.9858627992264384	0.9815639607148782	0.9797885789356905	0.9880682675805872	0.9877131568249785	0.9825121519150135	0.9865006933195128
0.9880296117557931	0.9827129380790625	0.9951915813326084	0.9895046748547194	0.9833474320530385	0.9849529480826333	0.9838177044996976	0.9846260079527377	0.9889831762694591	0.9669918148485513	0.9813144508480401	0.9786016271998391	0.9886380746865192	0.9751802324637135	0.9787951527070522	0.9829719948274073	0.9802036790094024	0.9889831762694591	0.9891540801006851	0.9848164962986846	0.999748582860159	1.0	0.9665299809843663	0.9873476940807395	0.9845704909383866	0.9825514681600206	0.9865269723489429	0.9835822073678248	0.9872825460969	0.9869260515278326	0.9885679233371047	0.9860544012984921	0.9859818167698112	0.981270348571407	0.9835927913565358	0.980002960498643	0.9883582709042438	0.9860241432029478	0.9817539806132771	0.9799567754729346	0.9882124462814476	0.9878224099199236	0.9826539860551822	0.9866431669837697
0.9659043331006277	0.9553258067367572	0.9644741239315963	0.9643156441577984	0.9617912064331745	0.9600805421593896	0.9623512414564683	0.964482783350135	0.9660323556161312	0.9644086500123673	0.9672195312236198	0.966749546677511	0.9655881807083713	0.9526702344485156	0.9620080396001027	0.961650034543278	0.9525625320287436	0.9660323556161312	0.9652885311674568	0.9617188826727242	0.9662824207022798	0.9665299809843663	1.0	0.9636636246497743	0.9676949167843681	0.9603226564703038	0.9612266767065225	0.9582024954193883	0.9642590389554904	0.9645187722604158	0.9637998923350589	0.9613631348677675	0.9619566142908218	0.9577870763116432	0.9554804628198923	0.9595833411650283	0.9637099190292211	0.960225506027552	0.9602624122426954	0.9575590052985948	0.9623993104903691	0.9639432624857976	0.9607965630229152	0.9630946199008171
0.9878583485232704	0.9830317433191433	0.9878654213259666	0.989736374885535	0.9847538562863425	0.9865637224692734	0.9842177968605963	0.9828306402404122	0.990942769393638	0.9715830554510428	0.9832574894774191	0.9812754747236885	0.9905745786706054	0.9769165737742612	0.9804531598522345	0.9835344558430978	0.9805968327870808	0.990942769393638	0.9897517154136645	0.9873951022290249	0.9871972180373605	0.9873476940807395	0.9636636246497743	1.0	0.9871028684430811	0.9843194646300709	0.9885479676590938	0.98405926131117	0.987270785905953	0.9888155038644363	0.9891849840558359	0.9868353984146376	0.9871984610671584	0.9835241600559403	0.985228076321564	0.981723408925875	0.9896054356040577	0.9871889085271411	0.9840412714675816	0.9824643614556634	0.9882519187833738	0.9906210316492677	0.9823034373831137	0.9877304688523347
0.9849529480826333	0.981158156054176	0.9859363246612911	0.9880985191404402	0.9839805368756929	0.9826572001607636	0.9811026739648259	0.9806953526778054	0.9934912577826951	0.9751396623728533	0.9830470372545793	0.9836675358056969	0.9931564487422996	0.972996368458955	0.9789825184934854	0.981435742462164	0.9796845028662841	0.9934912577826951	0.988529045480458	0.9863925479412557	0.9844452926399183	0.9845704909383866	0.9676949167843681	0.9871028684430811	1.0	0.9836749149702547	0.9842043905399499	0.9817846628407951	0.9852392056184192	0.9890236892189936	0.9884144613579272	0.9836463244960829	0.9870515571074048	0.982987366640476	0.9815052069293786	0.9787611872636206	0.9859496198255101	0.9836053652627599	0.981803234996883	0.9780776348518813	0.9859700387753803	0.9870868913649138	0.9785528873076967	0.9835067611346555
0.9820797839254347	0.9778191332885622	0.983388588967202	0.9872765180900654	0.9807321002135327	0.9806421494476292	0.9799692579666199	0.9752672749704355	0.9869894961436899	0.9727842414608407	0.9777821514940187	0.9785980493738863	0.9863950748078646	0.9744964168055803	0.9734524538015638	0.9797625463204844	0.9800920512283685	0.9869894961436899	0.9844952135557349	0.9844270165191915	0.9823719204647082	0.9825514681600206	0.9603226564703038	0.9843194646300709	0.9836749149702547	1.0	0.9834185261091026	0.9794993556967097	0.983671336587625	0.9844219554243591	0.9842504568637986	0.9824348308646866	0.9824413225961344	0.9765091461898636	0.9804502957355818	0.9751227527886215	0.9839414025147041	0.9831541379912573	0.981891473551863	0.977620507749048	0.9845807086887827	0.985280327150936	0.9766673414051787	0.9831117716361769
0.9858484190345396	0.9817624779661017	0.9882286942740488	0.9887819190889944	0.9841862876683852	0.9946045543936479	0.9852512338495134	0.9811585496603922	0.9890806213363154	0.968732265841471	0.9802718238175502	0.9783116756567077	0.9886799062592159	0.9772429502043395	0.9901015487337198	0.9842013926636045	0.9783260623030102	0.9890806213363154	0.9885483968324196	0.9875215802428872	0.9863764363838186	0.9865269723489429	0.9612266767065225	0.9885479676590938	0.9842043905399499	0.9834185261091026	1.0	0.9844346225584595	0.9861533732427854	0.9863079491445201	0.988685329330956	0.9956856956775493	0.9858680857777116	0.9823044218627881	0.9848600045449741	0.983365264207268	0.9892607321445308	0.9872313200389584	0.9832067899354618	0.9825777572703304	0.9879934711549261	0.9903413640804444	0.9819733749215208	0.9872459695060884
0.9830360465126504	0.9778607806417633	0.9842510403131935	0.9852531777208109	0.9795697577447092	0.9832162205990272	0.9811774502978661	0.9785742840192041	0.9852398194007913	0.9666994373839799	0.9777762614195165	0.9766598779061403	0.9847503463156865	0.9722827924871201	0.9765789249405504	0.9814085937789725	0.9763780072999156	0.9852398194007913	0.9844604617562446	0.9867340184250717	0.9834787045770935	0.9835822073678248	0.9582024954193883	0.98405926131117	0.9817846628407951	0.9794993556967097	0.9844346225584595	1.0	0.9831344358788777	0.9827578990948723	0.9840099704068681	0.9841916427690026	0.9830360960689569	0.9773136733848524	0.9855837076523993	0.9770230160992952	0.9891713986389238	0.9836567776983505	0.9831862013427631	0.9775926253639565	0.9846949049355499	0.9892888913171155	0.977128124381487	0.9881545477736542
0.9867017388437732	0.9816031800382687	0.9875588473270605	0.9896236521902821	0.9856589711909811	0.9846673280046723	0.9840479589718875	0.9826226968041019	0.9892341206621129	0.970773933193925	0.9814754443340405	0.9812863883903239	0.9891598301663216	0.9748041577251791	0.9778190721560911	0.9830311177379211	0.978623870194465	0.9892341206621129	0.9893901089480295	0.9858163776765589	0.9871441128468088	0.9872825460969	0.9642590389554904	0.987270785905953	0.9852392056184192	0.983671336587625	0.9861533732427854	0.9831344358788777	1.0	0.9874012441174261	0.9907152854583204	0.9851234091963438	0.9869166963397551	0.9818851252686622	0.9840156011383854	0.9800259726553892	0.9885528609887135	0.9875039127704085	0.9809533100600244	0.979978589265062	0.9877731832068366	0.9882746934744556	0.980536680022933	0.9883631899789428
0.9870716351592927	0.9826799167313105	0.9876141500032358	0.9904216464252381	0.9860921052406766	0.9846641579766404	0.9833868350143237	0.9823221901749171	0.9929612513446161	0.9691283281295496	0.982755685050404	0.9820889919305993	0.992604215442553	0.975934032304328	0.9777566504390913	0.9824991243475663	0.979616346505351	0.9929612513446161	0.9901605215215771	0.9863629183523724	0.9867800979426108	0.9869260515278326	0.9645187722604158	0.9888155038644363	0.9890236892189936	0.9844219554243591	0.9863079491445201	0.9827578990948723	0.9874012441174261	1.0	0.9893213680380141	0.9857848814767513	0.9869390531832719	0.9821019438034997	0.9832739409893153	0.9812302622073272	0.9881442433305393	0.9857782283902948	0.9818683377186355	0.9814308258130945	0.9884278693072215	0.988405469920219	0.981350539550296	0.9861978728559206
0.9890792688366732	0.9855687123743101	0.9897798829752656	0.9904051938154862	0.9863859484004169	0.9873232942569496	0.9847824084769748	0.9846126518452313	0.9917757096516243	0.9707844116531288	0.9825423343109444	0.9810580679206339	0.9913448952759921	0.9765948517585139	0.9799154412202109	0.9838055344774902	0.9820349187159105	0.9917757096516243	0.9922967186692104	0.9880097160409098	0.9884630609240779	0.9885679233371047	0.9637998923350589	0.9891849840558359	0.9884144613579272	0.9842504568637986	0.988685329330956	0.9840099704068681	0.9907152854583204	0.9893213680380141	1.0	0.9877241588866907	0.9916905064188544	0.9856007995342344	0.9844491018541867	0.9813528468074569	0.9892843923321869	0.9875194392785367	0.9828371547727356	0.9812921572697543	0.9890591960759496	0.9894920396518221	0.9822616838847897	0.9872678382646733
0.9848247544666322	0.9817601701697968	0.9873986282909684	0.9882876439894953	0.9829363364139173	0.9944919672007173	0.9862038114882218	0.9810646333400649	0.9877620394761876	0.9681469562329355	0.9800905967190405	0.9786356424104106	0.9872843641042867	0.9766882201369287	0.9889914274101349	0.9851087285357223	0.9780546634749278	0.9877620394761876	0.987948541835947	0.9859797489393199	0.9859047407098731	0.9860544012984921	0.9613631348677675	0.9868353984146376	0.9836463244960829	0.9824348308646866	0.9956856956775493	0.9841916427690026	0.9851234091963438	0.9857848814767513	0.9877241588866907	1.0	0.9850521296868132	0.9829002490893393	0.9843193388315492	0.9821415069502011	0.9888547903724729	0.9871540209038312	0.9832911466223988	0.9823723318978126	0.9873880093765509	0.9891336030219032	0.9811859886352814	0.9871376019326188
0.988461150750233	0.9834594042453689	0.9875795015947474	0.9881652119382958	0.9835292062209006	0.9841989069801482	0.9822525729337621	0.9826816996747657	0.9890045320001647	0.9697280117181017	0.9807812745164538	0.9802974535362164	0.9886968728522157	0.974491961054229	0.9775695119121862	0.9821678372720275	0.9806641875301939	0.9890045320001647	0.9899168168462502	0.9871196680238672	0.9858353669714026	0.9859818167698112	0.9619566142908218	0.9871984610671584	0.9870515571074048	0.9824413225961344	0.9858680857777116	0.9830360960689569	0.9869166963397551	0.9869390531832719	0.9916905064188544	0.9850521296868132	1.0	0.9836307797907315	0.9831940899313321	0.9789308662465869	0.9870728894925518	0.9854925040218651	0.9810086113759688	0.9795322187188706	0.9866820476598588	0.987879882015984	0.9794481501487935	0.9859415382770507
0.9808267265381628	0.979579522616993	0.9821427742557287	0.9840970236620921	0.97918036371616	0.9794647475737571	0.9790364192756331	0.9796697957277143	0.9851942944525744	0.9672601696974193	0.9765184615787094	0.9753286432261851	0.9846803700763644	0.9683976226724442	0.9749739003485365	0.9781769383510934	0.9743507033707751	0.9851942944525744	0.9854892213693254	0.9815288540112473	0.9811373790188923	0.981270348571407	0.9577870763116432	0.9835241600559403	0.982987366640476	0.9765091461898636	0.9823044218627881	0.9773136733848524	0.9818851252686622	0.9821019438034997	0.9856007995342344	0.9829002490893393	0.9836307797907315	1.0	0.9782818133556037	0.9770456109658802	0.9827678763841524	0.9827257231663775	0.978792767991354	0.9752646178419211	0.9823640859062056	0.9843190531033712	0.9744295837423221	0.981071069205106
0.9830932157127517	0.9795180539034293	0.9843428654275436	0.9862154822248562	0.9801383630190762	0.983504414212311	0.9806371477024924	0.9787228572416651	0.9855233633494485	0.964720970421857	0.9774708076661575	0.9754340228973518	0.9850860332970071	0.9721178459858558	0.9765878786384222	0.9811040574753797	0.9780394802885286	0.9855233633494485	0.984392470477271	0.9867761427107506	0.9834698244149288	0.9835927913565358	0.9554804628198923	0.985228076321564	0.9815052069293786	0.9804502957355818	0.9848600045449741	0.9855837076523993	0.9840156011383854	0.9832739409893153	0.9844491018541867	0.9843193388315492	0.9831940899313321	0.9782818133556037	1.0	0.9789727765281471	0.9935271463551031	0.9836843821446566	0.9830433440101384	0.9775495662302974	0.9851588538702907	0.9885309477809707	0.9769000054318507	0.9870348158728505
0.9796084040759704	0.9773354177992807	0.9814676807272578	0.9837703116117815	0.9777109258359614	0.9809260822803406	0.9780040919784074	0.9823345556312808	0.9827983861369172	0.9643324905983985	0.9758157229068583	0.9733275902758017	0.98234302519966	0.9734454833393663	0.9753841552343013	0.9767671274151101	0.970436305595809	0.9827983861369172	0.981913010874882	0.9785754711658774	0.9799265112094927	0.980002960498643	0.9595833411650283	0.981723408925875	0.9787611872636206	0.9751227527886215	0.983365264207268	0.9770230160992952	0.9800259726553892	0.9812302622073272	0.9813528468074569	0.9821415069502011	0.9789308662465869	0.9770456109658802	0.9789727765281471	1.0	0.9816145665579119	0.9796836490845076	0.9773248632244043	0.9809987435035146	0.981034218532003	0.982436001911894	0.983717055917428	0.9795320229352615
0.9880320559940664	0.982635383009301	0.988900252801467	0.9906260558692379	0.9845443301371666	0.9881618397819409	0.9855948470625955	0.9829477505600881	0.9903858313051106	0.9703799713032646	0.9828094777932891	0.9806277818089186	0.9899899151125692	0.9767724273463194	0.9818858666525958	0.9848388505011755	0.9803291755630308	0.9903858313051106	0.9893415340091404	0.9902141364858572	0.9882139398862496	0.9883582709042438	0.9637099190292211	0.9896054356040577	0.9859496198255101	0.9839414025147041	0.9892607321445308	0.9891713986389238	0.9885528609887135	0.9881442433305393	0.9892843923321869	0.9888547903724729	0.9870728894925518	0.9827678763841524	0.9935271463551031	0.9816145665579119	1.0	0.9882328166413522	0.9871524925531799	0.982351896468796	0.9896590343808689	0.9932814531517534	0.981342230633825	0.9916281392258267
0.9856096446293587	0.9823559072441908	0.987020919822325	0.9875933539769931	0.9825816401711454	0.9848954426402768	0.9835974822313261	0.9831817041606419	0.9882693516945061	0.9690495967604082	0.9798649118131196	0.97814497177321	0.9877092987744691	0.976077585266958	0.9790272104487864	0.9823504689278838	0.9808445628797998	0.9882693516945061	0.9880649488928611	0.9846343141554557	0.9858627992264384	0.9860241432029478	0.960225506027552	0.9871889085271411	0.9836053652627599	0.9831541379912573	0.9872313200389584	0.9836567776983505	0.9875039127704085	0.9857782283902948	0.9875194392785367	0.9871540209038312	0.9854925040218651	0.9827257231663775	0.9836843821446566	0.9796836490845076	0.9882328166413522	1.0	0.9848024967404639	0.9804570016965687	0.9878980347276473	0.9889576544509288	0.9798611348094559	0.9869344042466857
0.9815326113579271	0.9790338142706445	0.9834549046461363	0.9841206030926644	0.9782829308741996	0.9817708941129276	0.9797739676894471	0.9780199819903466	0.9839807891716451	0.9680888108058545	0.9775220789406014	0.9760528481648308	0.9835126324199844	0.9731510730465185	0.9762793371096324	0.9791336806278338	0.9766496399828394	0.9839807891716451	0.9833813870641238	0.9849389174136294	0.9815639607148782	0.9817539806132771	0.9602624122426954	0.9840412714675816	0.981803234996883	0.981891473551863	0.9832067899354618	0.9831862013427631	0.9809533100600244	0.9818683377186355	0.9828371547727356	0.9832911466223988	0.9810086113759688	0.978792767991354	0.9830433440101384	0.9773248632244043	0.9871524925531799	0.9848024967404639	1.0	0.9784582651439606	0.9835212427733346	0.9885748138640231	0.975903743227586	0.9865510132883447
0.9806102831377559	0.9765965817672103	0.980929397475809	0.9840281931610309	0.9774496205813629	0.9809668140507369	0.9781943518841103	0.9757605007932956	0.9827530911407971	0.962462898616985	0.9773139035437011	0.973882318858146	0.9825022586009996	0.9895120266039618	0.9738195166610016	0.9773389058652129	0.9745068932018398	0.9827530911407971	0.9824112219249063	0.9799522665081509	0.9797885789356905	0.9799567754729346	0.9575590052985948	0.9824643614556634	0.9780776348518813	0.977620507749048	0.9825777572703304	0.9775926253639565	0.979978589265062	0.9814308258130945	0.9812921572697543	0.9823723318978126	0.9795322187188706	0.9752646178419211	0.9775495662302974	0.9809987435035146	0.982351896468796	0.9804570016965687	0.9784582651439606	1.0	0.9817551472260433	0.9826343482937692	0.9808176695499745	0.9812124460716574
0.9877693738231714	0.9822527792420541	0.988867132698297	0.9895152146189348	0.9845683715894104	0.9861003723572619	0.9841442995007648	0.9823102655023764	0.9903488944771044	0.9709651825823626	0.9819550985687823	0.9805156138011081	0.9900308815458548	0.9771140199114628	0.9793181044015614	0.9830312586398494	0.9800095910801734	0.9903488944771044	0.9888863027460509	0.9871803604841065	0.9880682675805872	0.9882124462814476	0.9623993104903691	0.9882519187833738	0.9859700387753803	0.9845807086887827	0.9879934711549261	0.9846949049355499	0.9877731832068366	0.9884278693072215	0.9890591960759496	0.9873880093765509	0.9866820476598588	0.9823640859062056	0.9851588538702907	0.981034218532003	0.9896590343808689	0.9878980347276473	0.9835212427733346	0.9817551472260433	1.0	0.9898754869261468	0.9811127812468721	0.9877231756229329
0.9884835240967735	0.9842050084983296	0.9886932774680111	0.990007879616156	0.9850565789498625	0.987940800647388	0.9848768676193668	0.9832913450929821	0.991054778090346	0.972406737050598	0.9830452583639318	0.9807190095647651	0.9906468591458173	0.9776761357647418	0.9820714455402005	0.9841425835920886	0.982049093478618	0.991054778090346	0.9899768183282684	0.9935341407161719	0.9877131568249785	0.9878224099199236	0.9639432624857976	0.9906210316492677	0.9870868913649138	0.985280327150936	0.9903413640804444	0.9892888913171155	0.9882746934744556	0.988405469920219	0.9894920396518221	0.9891336030219032	0.987879882015984	0.9843190531033712	0.9885309477809707	0.982436001911894	0.9932814531517534	0.9889576544509288	0.9885748138640231	0.9826343482937692	0.9898754869261468	1.0	0.9817945303549305	0.9918065304142026
