/home/jshaw/scratch/2022_sketched_distance/references/SGB_genome_fastas_part4/14205/Bengtsson-PalmeJ_2015__TRAVELRES18__bin.127.fa	/home/jshaw/scratch/2022_sketched_distance/references/SGB_genome_fastas_part4/14205/Bengtsson-PalmeJ_2015__TRAVELRES36__bin.99.fa	/home/jshaw/scratch/2022_sketched_distance/references/SGB_genome_fastas_part4/14205/Bengtsson-PalmeJ_2015__TRAVELRES49__bin.41.fa	/home/jshaw/scratch/2022_sketched_distance/references/SGB_genome_fastas_part4/14205/Bengtsson-PalmeJ_2015__TRAVELRES50__bin.9.fa	/home/jshaw/scratch/2022_sketched_distance/references/SGB_genome_fastas_part4/14205/Bengtsson-PalmeJ_2015__TRAVELRES5__bin.55.fa	/home/jshaw/scratch/2022_sketched_distance/references/SGB_genome_fastas_part4/14205/Bengtsson-PalmeJ_2015__TRAVELRES6__bin.126.fa	/home/jshaw/scratch/2022_sketched_distance/references/SGB_genome_fastas_part4/14205/BritoIL_2016__M1.1.ST__bin.27.fa	/home/jshaw/scratch/2022_sketched_distance/references/SGB_genome_fastas_part4/14205/BritoIL_2016__M1.27.ST__bin.57.fa	/home/jshaw/scratch/2022_sketched_distance/references/SGB_genome_fastas_part4/14205/BritoIL_2016__M1.35.ST__bin.82.fa	/home/jshaw/scratch/2022_sketched_distance/references/SGB_genome_fastas_part4/14205/BritoIL_2016__M2.3.ST__bin.9.fa	/home/jshaw/scratch/2022_sketched_distance/references/SGB_genome_fastas_part4/14205/BritoIL_2016__M2.49.ST__bin.10.fa	/home/jshaw/scratch/2022_sketched_distance/references/SGB_genome_fastas_part4/14205/BritoIL_2016__W1.37.ST__bin.61.fa	/home/jshaw/scratch/2022_sketched_distance/references/SGB_genome_fastas_part4/14205/BritoIL_2016__W2.34.ST__bin.57.fa	/home/jshaw/scratch/2022_sketched_distance/references/SGB_genome_fastas_part4/14205/BritoIL_2016__W2.67.ST__bin.18.fa	/home/jshaw/scratch/2022_sketched_distance/references/SGB_genome_fastas_part4/14205/BritoIL_2016__W2.6.ST__bin.7.fa	/home/jshaw/scratch/2022_sketched_distance/references/SGB_genome_fastas_part4/14205/BritoIL_2016__WL.15.ST__bin.47.fa	/home/jshaw/scratch/2022_sketched_distance/references/SGB_genome_fastas_part4/14205/BritoIL_2016__WL.44.ST__bin.16.fa	/home/jshaw/scratch/2022_sketched_distance/references/SGB_genome_fastas_part4/14205/ChengpingW_2017__AS67raw__bin.31.fa	/home/jshaw/scratch/2022_sketched_distance/references/SGB_genome_fastas_part4/14205/CM_madagascar__A94_03_1FE__bin.24.fa	/home/jshaw/scratch/2022_sketched_distance/references/SGB_genome_fastas_part4/14205/CosteaPI_2017__SID713A013-11-0-0__bin.20.fa	/home/jshaw/scratch/2022_sketched_distance/references/SGB_genome_fastas_part4/14205/HMP_2012__SRS017701__bin.15.fa	/home/jshaw/scratch/2022_sketched_distance/references/SGB_genome_fastas_part4/14205/LeChatelierE_2013__MH0250__bin.33.fa	/home/jshaw/scratch/2022_sketched_distance/references/SGB_genome_fastas_part4/14205/LeChatelierE_2013__MH0322__bin.36.fa	/home/jshaw/scratch/2022_sketched_distance/references/SGB_genome_fastas_part4/14205/LiJ_2014__O2.UC13-1__bin.109.fa	/home/jshaw/scratch/2022_sketched_distance/references/SGB_genome_fastas_part4/14205/LiJ_2017__H1M513729__bin.15.fa	/home/jshaw/scratch/2022_sketched_distance/references/SGB_genome_fastas_part4/14205/LiJ_2017__H2M513938__bin.69.fa	/home/jshaw/scratch/2022_sketched_distance/references/SGB_genome_fastas_part4/14205/QinJ_2012__DOM019__bin.2.fa	/home/jshaw/scratch/2022_sketched_distance/references/SGB_genome_fastas_part4/14205/VogtmannE_2016__MMRS86168210ST-27-0-0__bin.40.fa	/home/jshaw/scratch/2022_sketched_distance/references/SGB_genome_fastas_part4/14205/WenC_2017__RA005__bin.4.fa	/home/jshaw/scratch/2022_sketched_distance/references/SGB_genome_fastas_part4/14205/XieH_2016__YSZC12003_35838__bin.82.fa	/home/jshaw/scratch/2022_sketched_distance/references/SGB_genome_fastas_part4/14205/ZeeviD_2015__PNP_Main_335__bin.29.fa	/home/jshaw/scratch/2022_sketched_distance/references/SGB_genome_fastas_part4/14205/ZeeviD_2015__PNP_Main_4__bin.44.fa	/home/jshaw/scratch/2022_sketched_distance/references/SGB_genome_fastas_part4/14205/ZeeviD_2015__PNP_Main_606__bin.20.fa
1.0	0.9735471823323929	0.9838593239911799	0.9814605119773472	0.9824367873098958	0.9830610680922494	0.9843431164913319	0.9844938470595439	0.9821753978724991	0.9846061915290297	0.9838338495312077	0.9831081982833653	0.9804031216911713	0.9724554991022379	0.984198831269232	0.984251997714163	0.9763652533580356	0.9837206631521745	0.9817068428378372	0.9834625752166156	0.9809072373790053	0.9819936023526554	0.9806641114709806	0.9755095647746724	0.9833825199269521	0.9775398457534538	0.982373227782955	0.9817267357284684	0.9784565065683318	0.9826781619084316	0.9845881466903704	0.9777415657650187	0.9804268768925666
0.9735471823323929	1.0	0.9741624701384561	0.9735209117903121	0.9729711027696394	0.9749196488391786	0.9754038357499523	0.9728076930089545	0.9736608468261867	0.9741178566717393	0.9756546199421957	0.9735552306155825	0.9726534834649855	0.9665980104310082	0.9731498324761803	0.9741386599348292	0.9716877161551482	0.9739629931574184	0.9724577730479896	0.9738055924382386	0.9733536581168926	0.9740936125660759	0.9735330407765529	0.9718404276894327	0.97364301728411	0.9690045930162252	0.9732793506409937	0.975759646176395	0.9717440478097358	0.9735144365591168	0.9731281299365835	0.9728460651530205	0.9711470833963108
0.9838593239911799	0.9741624701384561	1.0	0.9964947254525335	0.9837162067867623	0.9833136365372163	0.9838726987908215	0.9842447235834185	0.9825763176095613	0.9847970479253395	0.983683556191847	0.982664156050836	0.9803793897866272	0.9700924576027624	0.9842034090682441	0.9844408397250831	0.9761014386704561	0.9851353472770867	0.9815784128928313	0.9848029393132401	0.983080804710046	0.9826271050072434	0.9813601311421274	0.9781183523921845	0.9845534582766028	0.9780015199795772	0.9843566480917736	0.9829259821186951	0.9802817319113305	0.9825992409945643	0.9833958256383325	0.9794484587570019	0.981271370023562
0.9814605119773472	0.9735209117903121	0.9964947254525335	1.0	0.9817202675776813	0.9808454358005763	0.9826969542883933	0.982029688092755	0.9819721231894543	0.983070040121817	0.9820985381801989	0.9818368786470437	0.9799145624889203	0.9698387040305035	0.9823702544981379	0.9831577401933455	0.9754688760793806	0.9829387681525759	0.9798078243127971	0.9831120234419347	0.9810528855081808	0.9817709774340262	0.9808529911967294	0.9786688529148994	0.9830227168336395	0.9771082483178308	0.9831170062592116	0.9817566877643265	0.9794949098322933	0.9809667702820997	0.9811033611462578	0.9792277143006911	0.9807242608447556
0.9824367873098958	0.9729711027696394	0.9837162067867623	0.9817202675776813	1.0	0.9955282152357492	0.9817395297863992	0.9831425113077158	0.9812807283409977	0.9830604583562206	0.9825253323596539	0.9816026212954095	0.9785693620328251	0.9683076337926145	0.9847951696043008	0.9829098774003306	0.9744984906634109	0.9822604896664904	0.9804597301215178	0.9834376438181166	0.9820092773916681	0.9811080592732896	0.9805657067766291	0.975746889435839	0.9825240647633126	0.9761443987545727	0.9818802193145069	0.9812247449887065	0.9782002519724579	0.9822350836774902	0.9824237983881468	0.977566259806452	0.9794723983588424
0.9830610680922494	0.9749196488391786	0.9833136365372163	0.9808454358005763	0.9955282152357492	1.0	0.9822326138231018	0.9825207656479386	0.9806823501661645	0.9830241509942609	0.98375395941194	0.9812581813591047	0.9790912048827767	0.970812941256191	0.9834377158586292	0.9830363010928796	0.9766635429654696	0.9827473869119369	0.9804711636210153	0.9829654573619523	0.9821059298434108	0.9816534957514467	0.9795566157259938	0.9764439672458918	0.9826297264543955	0.9767041652947034	0.9808968572962967	0.9817563678580126	0.9781176106576295	0.9823278843066303	0.9815883923428956	0.9779244854804242	0.9784777580397389
0.9843431164913319	0.9754038357499523	0.9838726987908215	0.9826969542883933	0.9817395297863992	0.9822326138231018	1.0	0.9857313102882925	0.9851518792569984	0.9868395871773724	0.9858450439740463	0.9852143648157419	0.9835871185260289	0.9747096792352364	0.9849375037864735	0.9861651257849623	0.9793016490899653	0.9834036677424313	0.982714082340178	0.9849007728117518	0.9812072563155431	0.982351908596661	0.9823069001263329	0.9771490987318455	0.9830730686218825	0.9777281876562082	0.9820005700949861	0.9835527932201228	0.9785018947604959	0.984902806471727	0.984099932113727	0.9794390567669635	0.9805726785640042
0.9844938470595439	0.9728076930089545	0.9842447235834185	0.982029688092755	0.9831425113077158	0.9825207656479386	0.9857313102882925	1.0	0.9859456401023184	0.9903563298364684	0.9865282772580879	0.9852028872525189	0.987179623703455	0.9728617854772268	0.9860307691406689	0.9890766639351302	0.9774530546305394	0.9834227174222409	0.9823412112992363	0.9847962482061948	0.982230295302418	0.9819368388682302	0.9816742175151032	0.9767000308775207	0.983181073996548	0.9767878502547028	0.9823717916170703	0.9829582875603393	0.9782086884201651	0.9843603277770191	0.9841940541042374	0.9784864025252309	0.9798152223586283
0.9821753978724991	0.9736608468261867	0.9825763176095613	0.9819721231894543	0.9812807283409977	0.9806823501661645	0.9851518792569984	0.9859456401023184	1.0	0.9854467250091005	0.9850675260665319	0.98491756054791	0.9836015745493685	0.9732381146177037	0.9835739329317774	0.9855463798730402	0.9772782792613901	0.9813134510764957	0.9811240637284342	0.9830129886651777	0.9792135878862436	0.9808627666993618	0.9814824380105338	0.9761583259590036	0.9815001266441946	0.9758273339147235	0.9808553768855925	0.9814817073435129	0.9775430516912142	0.9824345801243907	0.9825143226037246	0.9781399228921412	0.9790190953363301
0.9846061915290297	0.9741178566717393	0.9847970479253395	0.983070040121817	0.9830604583562206	0.9830241509942609	0.9868395871773724	0.9903563298364684	0.9854467250091005	1.0	0.9868875393121667	0.9854006613667614	0.9859925567378764	0.9747488963033076	0.9857877019133051	0.9927371733664756	0.9787006373981681	0.984586180836502	0.9829284518170414	0.9856249113334674	0.9823420710822639	0.9820751357316916	0.9816422269624758	0.978034290479546	0.9832150063742463	0.9783085838681664	0.9829877191322146	0.9833361888798635	0.9792385644793581	0.984555829576484	0.9843897364523002	0.9795361114224426	0.9807865146724168
0.9838338495312077	0.9756546199421957	0.983683556191847	0.9820985381801989	0.9825253323596539	0.98375395941194	0.9858450439740463	0.9865282772580879	0.9850675260665319	0.9868875393121667	1.0	0.9852267517655485	0.9836128148860335	0.9753128265114372	0.9849658641810345	0.9865011129972471	0.9793068266110674	0.9836332823364197	0.9817389922968156	0.9840880579773413	0.9817500463181194	0.9820321197273887	0.9838194361273384	0.9764439786269803	0.9827220803586583	0.9777237797966923	0.9812193060408912	0.9836022521195942	0.9784523096338901	0.9863310310993192	0.9840367477785485	0.9793466567901561	0.9804039323071968
0.9831081982833653	0.9735552306155825	0.982664156050836	0.9818368786470437	0.9816026212954095	0.9812581813591047	0.9852143648157419	0.9852028872525189	0.98491756054791	0.9854006613667614	0.9852267517655485	1.0	0.9828803440027133	0.9733840878249501	0.9851172205639522	0.985992903167246	0.983976662785684	0.9830687979574998	0.9823543917831852	0.9837760603055965	0.9807987368810414	0.9819196560176346	0.9825240647633126	0.9767563864003345	0.9826635042009768	0.9766357391350559	0.98158396971392	0.9823279467970235	0.9786957688629639	0.9835021462881656	0.9829800399881391	0.97888293036987	0.9804251546042753
0.9804031216911713	0.9726534834649855	0.9803793897866272	0.9799145624889203	0.9785693620328251	0.9790912048827767	0.9835871185260289	0.987179623703455	0.9836015745493685	0.9859925567378764	0.9836128148860335	0.9828803440027133	1.0	0.9734218357498217	0.9813759837118593	0.9856937266083783	0.977022390536627	0.981119768917339	0.9794142450897498	0.9812302622073272	0.9784286145630826	0.980477476081458	0.9796413828427809	0.9761276127884353	0.9807519668414328	0.9757975313929158	0.9794540506918592	0.9806810421358252	0.9769105332894581	0.9808905873269789	0.9811516591074565	0.9778223375204546	0.9785122524586178
0.9724554991022379	0.9665980104310082	0.9700924576027624	0.9698387040305035	0.9683076337926145	0.970812941256191	0.9747096792352364	0.9728617854772268	0.9732381146177037	0.9747488963033076	0.9753128265114372	0.9733840878249501	0.9734218357498217	1.0	0.9718855376119943	0.9747945933180265	0.9714841369011495	0.9714505583210871	0.9716864846913819	0.9721920181924223	0.9702498125509277	0.972125963360538	0.9712901371433753	0.9687962519687503	0.9702019089976869	0.9668534237116053	0.970054254193803	0.9709555922971556	0.9681006225765921	0.9707439961664616	0.973069818887848	0.9714726771636579	0.9680185127875923
0.984198831269232	0.9731498324761803	0.9842034090682441	0.9823702544981379	0.9847951696043008	0.9834377158586292	0.9849375037864735	0.9860307691406689	0.9835739329317774	0.9857877019133051	0.9849658641810345	0.9851172205639522	0.9813759837118593	0.9718855376119943	1.0	0.9858484190345396	0.9770274533038169	0.9832789244025497	0.9823672360122666	0.9851733178152826	0.9813000605562716	0.9817775238803498	0.9817811971598948	0.9762002279119962	0.9834429977017783	0.9774904198419028	0.9825201796309802	0.9822922724238978	0.9789529049799672	0.984606091755995	0.98408386719248	0.978637459573709	0.9798936582676158
0.984251997714163	0.9741386599348292	0.9844408397250831	0.9831577401933455	0.9829098774003306	0.9830363010928796	0.9861651257849623	0.9890766639351302	0.9855463798730402	0.9927371733664756	0.9865011129972471	0.985992903167246	0.9856937266083783	0.9747945933180265	0.9858484190345396	1.0	0.978975463657024	0.9839955579335546	0.9830972673447446	0.9849283705213494	0.9815427052080641	0.9826380772673525	0.9818958441794641	0.9780039456347357	0.9838020212843085	0.9773465500807379	0.9826385702381678	0.9827134918998731	0.9791871963221916	0.9838370028549374	0.9839146796604581	0.9798814325344859	0.9810103132948935
0.9763652533580356	0.9716877161551482	0.9761014386704561	0.9754688760793806	0.9744984906634109	0.9766635429654696	0.9793016490899653	0.9774530546305394	0.9772782792613901	0.9787006373981681	0.9793068266110674	0.983976662785684	0.977022390536627	0.9714841369011495	0.9770274533038169	0.978975463657024	1.0	0.9762012503400435	0.9752402572987519	0.9765825533268305	0.9735081546061665	0.9761047152280954	0.9757521351120141	0.971860269302898	0.9758299439805306	0.9715408361613207	0.9743186523615124	0.9763712743573262	0.9720616633699946	0.977006258318135	0.9763311307870337	0.9740535379914586	0.9739009333929142
0.9837206631521745	0.9739629931574184	0.9851353472770867	0.9829387681525759	0.9822604896664904	0.9827473869119369	0.9834036677424313	0.9834227174222409	0.9813134510764957	0.984586180836502	0.9836332823364197	0.9830687979574998	0.981119768917339	0.9714505583210871	0.9832789244025497	0.9839955579335546	0.9762012503400435	1.0	0.9817642807928763	0.9837089618845009	0.9824534030356761	0.9819734994994586	0.9815664788841538	0.9787755227989448	0.9867742843964646	0.9801489164446889	0.9856257383904561	0.9825226390508149	0.9816703045942174	0.9823226121504477	0.9828435550595844	0.9792840030396526	0.9830254190144885
0.9817068428378372	0.9724577730479896	0.9815784128928313	0.9798078243127971	0.9804597301215178	0.9804711636210153	0.982714082340178	0.9823412112992363	0.9811240637284342	0.9829284518170414	0.9817389922968156	0.9823543917831852	0.9794142450897498	0.9716864846913819	0.9823672360122666	0.9830972673447446	0.9752402572987519	0.9817642807928763	1.0	0.9827894654147633	0.9801165258898693	0.980223015386365	0.9798858058159892	0.9750765358754521	0.9812240302578544	0.976352465338539	0.9806344948941057	0.9808770679061245	0.977080435970138	0.9808222737029785	0.9822209888115034	0.9767403025501942	0.9784641050876477
0.9834625752166156	0.9738055924382386	0.9848029393132401	0.9831120234419347	0.9834376438181166	0.9829654573619523	0.9849007728117518	0.9847962482061948	0.9830129886651777	0.9856249113334674	0.9840880579773413	0.9837760603055965	0.9812302622073272	0.9721920181924223	0.9851733178152826	0.9849283705213494	0.9765825533268305	0.9837089618845009	0.9827894654147633	1.0	0.9821758226432534	0.9822494151616515	0.9819837244808447	0.9781820224044012	0.9831110921645696	0.9774343955820648	0.9830050770501345	0.9825732060553536	0.979043233803632	0.9830523685345971	0.9838788464873001	0.9792068796899097	0.9811981333862806
0.9809072373790053	0.9733536581168926	0.983080804710046	0.9810528855081808	0.9820092773916681	0.9821059298434108	0.9812072563155431	0.982230295302418	0.9792135878862436	0.9823420710822639	0.9817500463181194	0.9807987368810414	0.9784286145630826	0.9702498125509277	0.9813000605562716	0.9815427052080641	0.9735081546061665	0.9824534030356761	0.9801165258898693	0.9821758226432534	1.0	0.9808952837163052	0.980345990755705	0.9776785942147068	0.9813634011889566	0.9755773060054366	0.9813824925528328	0.9834033552030207	0.9773445819925594	0.9804434524728382	0.9809526187004266	0.9778184392824005	0.9782473354057598
0.9819936023526554	0.9740936125660759	0.9826271050072434	0.9817709774340262	0.9811080592732896	0.9816534957514467	0.982351908596661	0.9819368388682302	0.9808627666993618	0.9820751357316916	0.9820321197273887	0.9819196560176346	0.980477476081458	0.972125963360538	0.9817775238803498	0.9826380772673525	0.9761047152280954	0.9819734994994586	0.980223015386365	0.9822494151616515	0.9808952837163052	1.0	0.981423696131601	0.978861186357814	0.9816757243967507	0.9765006514561111	0.981556872098263	0.9821221311478162	0.9778087130013864	0.9810886948122068	0.981068973166496	0.9785935239829884	0.9789874721605173
0.9806641114709806	0.9735330407765529	0.9813601311421274	0.9808529911967294	0.9805657067766291	0.9795566157259938	0.9823069001263329	0.9816742175151032	0.9814824380105338	0.9816422269624758	0.9838194361273384	0.9825240647633126	0.9796413828427809	0.9712901371433753	0.9817811971598948	0.9818958441794641	0.9757521351120141	0.9815664788841538	0.9798858058159892	0.9819837244808447	0.980345990755705	0.981423696131601	1.0	0.9787024099599262	0.9806586764509979	0.9760291130960722	0.9799059784374523	0.9804625989844615	0.9772076301943453	0.9821602992771314	0.9811781869175255	0.9782482529636798	0.9794723332341096
0.9755095647746724	0.9718404276894327	0.9781183523921845	0.9786688529148994	0.975746889435839	0.9764439672458918	0.9771490987318455	0.9767000308775207	0.9761583259590036	0.978034290479546	0.9764439786269803	0.9767563864003345	0.9761276127884353	0.9687962519687503	0.9762002279119962	0.9780039456347357	0.971860269302898	0.9787755227989448	0.9750765358754521	0.9781820224044012	0.9776785942147068	0.978861186357814	0.9787024099599262	1.0	0.9777092186314081	0.9730274803441122	0.9779522744828567	0.9776019316293131	0.9762941286098533	0.9759053911824747	0.9764238336180188	0.9761497754214387	0.975834077096793
0.9833825199269521	0.97364301728411	0.9845534582766028	0.9830227168336395	0.9825240647633126	0.9826297264543955	0.9830730686218825	0.983181073996548	0.9815001266441946	0.9832150063742463	0.9827220803586583	0.9826635042009768	0.9807519668414328	0.9702019089976869	0.9834429977017783	0.9838020212843085	0.9758299439805306	0.9867742843964646	0.9812240302578544	0.9831110921645696	0.9813634011889566	0.9816757243967507	0.9806586764509979	0.9777092186314081	1.0	0.9812465513435783	0.9851985847553021	0.9829356508913438	0.9821835874591823	0.9815943586243485	0.9828048966262165	0.9792291194162451	0.983163483017934
0.9775398457534538	0.9690045930162252	0.9780015199795772	0.9771082483178308	0.9761443987545727	0.9767041652947034	0.9777281876562082	0.9767878502547028	0.9758273339147235	0.9783085838681664	0.9777237797966923	0.9766357391350559	0.9757975313929158	0.9668534237116053	0.9774904198419028	0.9773465500807379	0.9715408361613207	0.9801489164446889	0.976352465338539	0.9774343955820648	0.9755773060054366	0.9765006514561111	0.9760291130960722	0.9730274803441122	0.9812465513435783	1.0	0.9785184645486015	0.9771869840453177	0.9762275213310817	0.9766850686360861	0.9770777359073478	0.9744298612438882	0.9785217683640102
0.982373227782955	0.9732793506409937	0.9843566480917736	0.9831170062592116	0.9818802193145069	0.9808968572962967	0.9820005700949861	0.9823717916170703	0.9808553768855925	0.9829877191322146	0.9812193060408912	0.98158396971392	0.9794540506918592	0.970054254193803	0.9825201796309802	0.9826385702381678	0.9743186523615124	0.9856257383904561	0.9806344948941057	0.9830050770501345	0.9813824925528328	0.981556872098263	0.9799059784374523	0.9779522744828567	0.9851985847553021	0.9785184645486015	1.0	0.9814700086038304	0.9818962700825675	0.9800566938188309	0.9832219423244728	0.9779410978126074	0.9823182268877168
0.9817267357284684	0.975759646176395	0.9829259821186951	0.9817566877643265	0.9812247449887065	0.9817563678580126	0.9835527932201228	0.9829582875603393	0.9814817073435129	0.9833361888798635	0.9836022521195942	0.9823279467970235	0.9806810421358252	0.9709555922971556	0.9822922724238978	0.9827134918998731	0.9763712743573262	0.9825226390508149	0.9808770679061245	0.9825732060553536	0.9834033552030207	0.9821221311478162	0.9804625989844615	0.9776019316293131	0.9829356508913438	0.9771869840453177	0.9814700086038304	1.0	0.9784457001248245	0.9819410468566424	0.9819379813775516	0.9795114580210172	0.9793599870218144
0.9784565065683318	0.9717440478097358	0.9802817319113305	0.9794949098322933	0.9782002519724579	0.9781176106576295	0.9785018947604959	0.9782086884201651	0.9775430516912142	0.9792385644793581	0.9784523096338901	0.9786957688629639	0.9769105332894581	0.9681006225765921	0.9789529049799672	0.9791871963221916	0.9720616633699946	0.9816703045942174	0.977080435970138	0.979043233803632	0.9773445819925594	0.9778087130013864	0.9772076301943453	0.9762941286098533	0.9821835874591823	0.9762275213310817	0.9818962700825675	0.9784457001248245	1.0	0.9776129355021209	0.9792199826358785	0.9767158495087767	0.9801022724681347
0.9826781619084316	0.9735144365591168	0.9825992409945643	0.9809667702820997	0.9822350836774902	0.9823278843066303	0.984902806471727	0.9843603277770191	0.9824345801243907	0.984555829576484	0.9863310310993192	0.9835021462881656	0.9808905873269789	0.9707439961664616	0.984606091755995	0.9838370028549374	0.977006258318135	0.9823226121504477	0.9808222737029785	0.9830523685345971	0.9804434524728382	0.9810886948122068	0.9821602992771314	0.9759053911824747	0.9815943586243485	0.9766850686360861	0.9800566938188309	0.9819410468566424	0.9776129355021209	1.0	0.9827080575962184	0.9776402475696645	0.9789416682155577
0.9845881466903704	0.9731281299365835	0.9833958256383325	0.9811033611462578	0.9824237983881468	0.9815883923428956	0.984099932113727	0.9841940541042374	0.9825143226037246	0.9843897364523002	0.9840367477785485	0.9829800399881391	0.9811516591074565	0.973069818887848	0.98408386719248	0.9839146796604581	0.9763311307870337	0.9828435550595844	0.9822209888115034	0.9838788464873001	0.9809526187004266	0.981068973166496	0.9811781869175255	0.9764238336180188	0.9828048966262165	0.9770777359073478	0.9832219423244728	0.9819379813775516	0.9792199826358785	0.9827080575962184	1.0	0.9775757149554162	0.9794335170079468
0.9777415657650187	0.9728460651530205	0.9794484587570019	0.9792277143006911	0.977566259806452	0.9779244854804242	0.9794390567669635	0.9784864025252309	0.9781399228921412	0.9795361114224426	0.9793466567901561	0.97888293036987	0.9778223375204546	0.9714726771636579	0.978637459573709	0.9798814325344859	0.9740535379914586	0.9792840030396526	0.9767403025501942	0.9792068796899097	0.9778184392824005	0.9785935239829884	0.9782482529636798	0.9761497754214387	0.9792291194162451	0.9744298612438882	0.9779410978126074	0.9795114580210172	0.9767158495087767	0.9776402475696645	0.9775757149554162	1.0	0.9783922423701712
0.9804268768925666	0.9711470833963108	0.981271370023562	0.9807242608447556	0.9794723983588424	0.9784777580397389	0.9805726785640042	0.9798152223586283	0.9790190953363301	0.9807865146724168	0.9804039323071968	0.9804251546042753	0.9785122524586178	0.9680185127875923	0.9798936582676158	0.9810103132948935	0.9739009333929142	0.9830254190144885	0.9784641050876477	0.9811981333862806	0.9782473354057598	0.9789874721605173	0.9794723332341096	0.975834077096793	0.983163483017934	0.9785217683640102	0.9823182268877168	0.9793599870218144	0.9801022724681347	0.9789416682155577	0.9794335170079468	0.9783922423701712	1.0
