/home/jshaw/scratch/2022_sketched_distance/references/SGB_genome_fastas_part4/6136/BackhedF_2015__SID332_12M__bin.20.fa	/home/jshaw/scratch/2022_sketched_distance/references/SGB_genome_fastas_part4/6136/BackhedF_2015__SID503_4M__bin.10.fa	/home/jshaw/scratch/2022_sketched_distance/references/SGB_genome_fastas_part4/6136/BackhedF_2015__SID507_12M__bin.17.fa	/home/jshaw/scratch/2022_sketched_distance/references/SGB_genome_fastas_part4/6136/BackhedF_2015__SID591_12M__bin.3.fa	/home/jshaw/scratch/2022_sketched_distance/references/SGB_genome_fastas_part4/6136/BackhedF_2015__SID640_4M__bin.19.fa	/home/jshaw/scratch/2022_sketched_distance/references/SGB_genome_fastas_part4/6136/BackhedF_2015__SID9_12M__bin.17.fa	/home/jshaw/scratch/2022_sketched_distance/references/SGB_genome_fastas_part4/6136/HeQ_2017__RSZAXPI003078-111__bin.17.fa	/home/jshaw/scratch/2022_sketched_distance/references/SGB_genome_fastas_part4/6136/HeQ_2017__RSZAXPI003079-113__bin.31.fa	/home/jshaw/scratch/2022_sketched_distance/references/SGB_genome_fastas_part4/6136/HeQ_2017__RSZAXPI003094-125__bin.9.fa	/home/jshaw/scratch/2022_sketched_distance/references/SGB_genome_fastas_part4/6136/HeQ_2017__RSZAXPI003098-132__bin.13.fa	/home/jshaw/scratch/2022_sketched_distance/references/SGB_genome_fastas_part4/6136/HeQ_2017__SZAXPI029479-64__bin.9.fa	/home/jshaw/scratch/2022_sketched_distance/references/SGB_genome_fastas_part4/6136/HeQ_2017__SZAXPI029494-94__bin.2.fa	/home/jshaw/scratch/2022_sketched_distance/references/SGB_genome_fastas_part4/6136/HeQ_2017__SZAXPI029545-129__bin.18.fa	/home/jshaw/scratch/2022_sketched_distance/references/SGB_genome_fastas_part4/6136/HeQ_2017__SZAXPI029549-142__bin.9.fa	/home/jshaw/scratch/2022_sketched_distance/references/SGB_genome_fastas_part4/6136/OlmMR_2017__S2_001_013G1__bin.3.fa	/home/jshaw/scratch/2022_sketched_distance/references/SGB_genome_fastas_part4/6136/OlmMR_2017__S2_001_014G1__bin.6.fa	/home/jshaw/scratch/2022_sketched_distance/references/SGB_genome_fastas_part4/6136/OlmMR_2017__S2_001_015G1__bin.1.fa	/home/jshaw/scratch/2022_sketched_distance/references/SGB_genome_fastas_part4/6136/OlmMR_2017__S2_001_016G1__bin.8.fa	/home/jshaw/scratch/2022_sketched_distance/references/SGB_genome_fastas_part4/6136/OlmMR_2017__S2_001_017G1__bin.7.fa	/home/jshaw/scratch/2022_sketched_distance/references/SGB_genome_fastas_part4/6136/OlmMR_2017__S2_001_018G1__bin.9.fa	/home/jshaw/scratch/2022_sketched_distance/references/SGB_genome_fastas_part4/6136/OlmMR_2017__S2_001_019G1__bin.6.fa	/home/jshaw/scratch/2022_sketched_distance/references/SGB_genome_fastas_part4/6136/OlmMR_2017__S2_001_020G1__bin.8.fa	/home/jshaw/scratch/2022_sketched_distance/references/SGB_genome_fastas_part4/6136/OlmMR_2017__S2_001_021G1__bin.7.fa	/home/jshaw/scratch/2022_sketched_distance/references/SGB_genome_fastas_part4/6136/OlmMR_2017__S2_001_023G1__bin.13.fa	/home/jshaw/scratch/2022_sketched_distance/references/SGB_genome_fastas_part4/6136/OlmMR_2017__S2_001_024G1__bin.5.fa	/home/jshaw/scratch/2022_sketched_distance/references/SGB_genome_fastas_part4/6136/OlmMR_2017__S2_001_025G1__bin.12.fa	/home/jshaw/scratch/2022_sketched_distance/references/SGB_genome_fastas_part4/6136/OlmMR_2017__S2_001_026G1__bin.3.fa	/home/jshaw/scratch/2022_sketched_distance/references/SGB_genome_fastas_part4/6136/OlmMR_2017__S2_001_027G1__bin.7.fa	/home/jshaw/scratch/2022_sketched_distance/references/SGB_genome_fastas_part4/6136/VincentC_2016__MM087.1__bin.1.fa	/home/jshaw/scratch/2022_sketched_distance/references/SGB_genome_fastas_part4/6136/ZellerG_2014__CCIS15704761ST-4-0__bin.14.fa
1.0	0.9895064210563419	0.9884681328091831	0.9929237986540128	0.9897429882281393	0.9900401964465437	0.9933186107104075	0.9653907225508497	0.9858062085822437	0.9877399890006073	0.9940444159984536	0.9837121825100744	0.9930658121416814	0.9931169625483028	0.9932157496809322	0.9909452587263274	0.9866917147095938	0.9930579697682999	0.9916028631632433	0.9921656337633532	0.9931971736674575	0.9926324846188558	0.9908665077625897	0.9933025985023219	0.9927795740770655	0.9923622751043675	0.9926815178518632	0.9932079935160062	0.9806066776745246	0.99262736195183
0.9895064210563419	1.0	0.9869973325976727	0.9902906693526365	0.9894127396273138	0.9892320104735998	0.9902302973579546	0.9647023916536603	0.9842064388672955	0.9855386710966755	0.9899669289262607	0.9817067345585327	0.9897528286013191	0.9895680081009122	0.9896849498134791	0.9879498799752551	0.9841289051082628	0.9895728492769136	0.9880642625450151	0.9889235377332493	0.9894671770637572	0.9891826702886011	0.9873122406954087	0.9897668306458068	0.9891728446731382	0.9890522086539746	0.9891488872345287	0.9895240302877342	0.9837646186217301	0.9892793019039887
0.9884681328091831	0.9869973325976727	1.0	0.989720703294186	0.9904666878005645	0.987366114566475	0.9895961227989789	0.9620724981714919	0.9830617799246623	0.9846967524400019	0.9890213683800828	0.9801703542691177	0.9891465219026938	0.9892659326766086	0.9890376644235587	0.9873729293135309	0.9829596151751258	0.9887570707975758	0.98731814988257	0.9880786187936571	0.9892806088821285	0.9888471949429777	0.9864021908800461	0.9890011049084113	0.9888676327196857	0.9882785159227772	0.9885608588513253	0.9887660820676594	0.9768766367136806	0.9878132347010281
0.9929237986540128	0.9902906693526365	0.989720703294186	1.0	0.9911577752943694	0.9906507911665432	0.9945463183873064	0.9654031331182563	0.9864461814836614	0.9889920447722544	0.9940572512025829	0.9867965709537664	0.9966688212245945	0.9966142005032345	0.9966884802589465	0.9945999455548747	0.9906654934063828	0.9963710698273609	0.9950203355664261	0.9955790203132322	0.9967068883194508	0.9961981561504599	0.9943279745265411	0.9967674075696332	0.9963086910141843	0.9957755951334748	0.9962404153646262	0.9966182269556074	0.9814058165626395	0.9927220238912083
0.9897429882281393	0.9894127396273138	0.9904666878005645	0.9911577752943694	1.0	0.9901654464718321	0.9914017310276245	0.9654532028739787	0.985179115040667	0.9870480418347002	0.9901213901656234	0.982923929263973	0.9902702707318809	0.9904584859146877	0.9902527582244749	0.9889101346615166	0.9849195824647977	0.9902792317872682	0.9889411605228086	0.9897147118316678	0.9901954289051411	0.9899636166826402	0.9882564866538257	0.9904820297958905	0.9897876955966564	0.9899244188355689	0.9898329487857821	0.9902339237151749	0.9791914626618703	0.9891540801006851
0.9900401964465437	0.9892320104735998	0.987366114566475	0.9906507911665432	0.9901654464718321	1.0	0.990851942635745	0.9654072973654897	0.9887138597093165	0.9867668545332088	0.9900805402929883	0.9827186984477136	0.9896578020144712	0.9898477856794705	0.9896991116813438	0.9883493187470553	0.9847117528386993	0.989918410817661	0.9884957115459813	0.9891131338616943	0.9896333366816937	0.9894300764756101	0.9878580875941775	0.9899113196841854	0.9892871980176469	0.989325193578119	0.9893276026434071	0.9896184765478591	0.9791312980468342	0.9893228049526047
0.9933186107104075	0.9902302973579546	0.9895961227989789	0.9945463183873064	0.9914017310276245	0.990851942635745	1.0	0.9656625924554872	0.9865920469390739	0.9930821372292024	0.9942161212752347	0.9854344956512248	0.994286640510425	0.9947017037512502	0.9943954876152115	0.9924911546759856	0.9883723845715643	0.9942000755176261	0.9928870735807959	0.993470184830584	0.994379744474523	0.9938551932963973	0.9920687621326496	0.9945146630255169	0.9940328474830805	0.993700634312963	0.9939304986003364	0.9943882234397314	0.980937820822461	0.9927217979309184
0.9653907225508497	0.9647023916536603	0.9620724981714919	0.9654031331182563	0.9654532028739787	0.9654072973654897	0.9656625924554872	1.0	0.9614916629713861	0.9614430177147826	0.9651815061201194	0.9596512121046497	0.965058962250271	0.9648580415399532	0.9650296620525751	0.9643508873333808	0.9608562669315639	0.965232973994421	0.963984605541198	0.9648972531448604	0.9646358990501946	0.9645784767239028	0.9636468862584852	0.9653722863668694	0.9646123813094495	0.9651009779651603	0.964758238955465	0.9647884521435284	0.9545802086646292	0.9646517410587234
0.9858062085822437	0.9842064388672955	0.9830617799246623	0.9864461814836614	0.985179115040667	0.9887138597093165	0.9865920469390739	0.9614916629713861	1.0	0.9828420059863684	0.9860458910884607	0.9777562818091449	0.9857698928668657	0.9861836495605038	0.9859805723518359	0.9849381690588583	0.9807922486000292	0.9860012393001739	0.984670843459886	0.9851554441605676	0.9859590324845051	0.985552850215998	0.984263429995375	0.9860756001859902	0.9856659191704037	0.9856157620869735	0.9856343447258734	0.9857427107892149	0.9747747718950833	0.9855262554585218
0.9877399890006073	0.9855386710966755	0.9846967524400019	0.9889920447722544	0.9870480418347002	0.9867668545332088	0.9930821372292024	0.9614430177147826	0.9828420059863684	1.0	0.9883767108400451	0.9817812294863597	0.9886517528401478	0.9890467061831834	0.98875315658761	0.9873437643982077	0.9836740903166021	0.9886465056325685	0.987746750444457	0.9881615339878551	0.9886034715613461	0.9883549488381149	0.9867617381268649	0.9888916243317761	0.9883521664650503	0.9881599764106883	0.9883004788186285	0.988647262489444	0.9764241502191089	0.9871276054216641
0.9940444159984536	0.9899669289262607	0.9890213683800828	0.9940572512025829	0.9901213901656234	0.9900805402929883	0.9942161212752347	0.9651815061201194	0.9860458910884607	0.9883767108400451	1.0	0.9842557679889518	0.9944547102622608	0.99422224723269	0.9953603285588138	0.9926791607161393	0.9880743241770276	0.9944475000597	0.9928768943889906	0.9934759558804838	0.9953371632310277	0.9943390259796787	0.992199038252099	0.9948873117691016	0.994946164341273	0.9937933429997876	0.9944995877072784	0.9951456249634378	0.9811031310783115	0.9935887783587043
0.9837121825100744	0.9817067345585327	0.9801703542691177	0.9867965709537664	0.982923929263973	0.9827186984477136	0.9854344956512248	0.9596512121046497	0.9777562818091449	0.9817812294863597	0.9842557679889518	1.0	0.9873941007205335	0.987629684281715	0.9873515633698903	0.9859679062974924	0.9840029695522017	0.987690732052359	0.9869373241256866	0.9868608324534888	0.987453428623884	0.9873245669871727	0.9857732604428786	0.9875052158126872	0.9871970446246202	0.9874512805864072	0.9872311639080367	0.9872918462124883	0.9746410558239962	0.983582993711942
0.9930658121416814	0.9897528286013191	0.9891465219026938	0.9966688212245945	0.9902702707318809	0.9896578020144712	0.994286640510425	0.965058962250271	0.9857698928668657	0.9886517528401478	0.9944547102622608	0.9873941007205335	1.0	0.9981772154679999	0.9984512523454085	0.9960268747236881	0.9918926849078238	0.9977925999264523	0.9961814156059675	0.9967953190074528	0.9984261337259538	0.9981179338513184	0.9955444642280635	0.9983243470778154	0.9983256109865082	0.9973209297154465	0.998100582240541	0.9981285480964551	0.9814981327686569	0.9931465538544137
0.9931169625483028	0.9895680081009122	0.9892659326766086	0.9966142005032345	0.9904584859146877	0.9898477856794705	0.9947017037512502	0.9648580415399532	0.9861836495605038	0.9890467061831834	0.99422224723269	0.987629684281715	0.9981772154679999	1.0	0.9978828882363134	0.9959501163725121	0.991891661363784	0.9976289657526796	0.9963225694199549	0.996703392132911	0.9981719498184327	0.9976439970055486	0.9953480569219029	0.9978566738922565	0.9977810976749365	0.9970926545951669	0.9974297994168483	0.9979526544579816	0.9816697062187218	0.9932082256363263
0.9932157496809322	0.9896849498134791	0.9890376644235587	0.9966884802589465	0.9902527582244749	0.9896991116813438	0.9943954876152115	0.9650296620525751	0.9859805723518359	0.98875315658761	0.9953603285588138	0.9873515633698903	0.9984512523454085	0.9978828882363134	1.0	0.9966979173251947	0.9924785936937234	0.9984227763437653	0.9969500822471477	0.9975556470414988	0.999609852846272	0.9986885016351412	0.9963129842520722	0.9991995034328198	0.9994413313854996	0.9980798895117943	0.9990377122701845	0.9993345748394571	0.9813557866620075	0.9934082281584197
0.9909452587263274	0.9879498799752551	0.9873729293135309	0.9945999455548747	0.9889101346615166	0.9883493187470553	0.9924911546759856	0.9643508873333808	0.9849381690588583	0.9873437643982077	0.9926791607161393	0.9859679062974924	0.9960268747236881	0.9959501163725121	0.9966979173251947	1.0	0.9910521674257095	0.9962723730897312	0.9950901186875195	0.9955489847943781	0.9967658647509202	0.9965240536799553	0.9946312718632202	0.9966733536395382	0.9965533941339096	0.9959131432374576	0.9963957866517854	0.996378252360654	0.9799907623879487	0.9909647770387707
0.9866917147095938	0.9841289051082628	0.9829596151751258	0.9906654934063828	0.9849195824647977	0.9847117528386993	0.9883723845715643	0.9608562669315639	0.9807922486000292	0.9836740903166021	0.9880743241770276	0.9840029695522017	0.9918926849078238	0.991891661363784	0.9924785936937234	0.9910521674257095	1.0	0.9924802363747939	0.9919236090790662	0.9920560754573011	0.9925447636454261	0.9924516950543184	0.9911003641478376	0.9925882689641995	0.992346971991255	0.9920930721044551	0.9923628448982352	0.9924051725131474	0.9775967215977492	0.9869197143474191
0.9930579697682999	0.9895728492769136	0.9887570707975758	0.9963710698273609	0.9902792317872682	0.989918410817661	0.9942000755176261	0.965232973994421	0.9860012393001739	0.9886465056325685	0.9944475000597	0.987690732052359	0.9977925999264523	0.9976289657526796	0.9984227763437653	0.9962723730897312	0.9924802363747939	1.0	0.9968421996009756	0.9973738051022994	0.9984231485009786	0.9980139033012198	0.9962737383589096	0.9984524443813478	0.9980251957934468	0.9977014348383542	0.9980697200167723	0.9984209984509615	0.9817660140479705	0.9931620178392008
0.9916028631632433	0.9880642625450151	0.98731814988257	0.9950203355664261	0.9889411605228086	0.9884957115459813	0.9928870735807959	0.963984605541198	0.984670843459886	0.987746750444457	0.9928768943889906	0.9869373241256866	0.9961814156059675	0.9963225694199549	0.9969500822471477	0.9950901186875195	0.9919236090790662	0.9968421996009756	1.0	0.9960941307094859	0.9969144573270735	0.9965487270639563	0.9952415368940601	0.9969310825665229	0.9967036285813285	0.9964037116074344	0.9966473529179148	0.9967845841245093	0.9805640012081626	0.9916441899946341
0.9921656337633532	0.9889235377332493	0.9880786187936571	0.9955790203132322	0.9897147118316678	0.9891131338616943	0.993470184830584	0.9648972531448604	0.9851554441605676	0.9881615339878551	0.9934759558804838	0.9868608324534888	0.9967953190074528	0.996703392132911	0.9975556470414988	0.9955489847943781	0.9920560754573011	0.9973738051022994	0.9960941307094859	1.0	0.9974721218324633	0.9971522446571487	0.9953654613275269	0.9976713136366038	0.9972127512800537	0.9968069389009242	0.9972875755222056	0.9975099031076836	0.9806859283492527	0.9922189901155603
0.9931971736674575	0.9894671770637572	0.9892806088821285	0.9967068883194508	0.9901954289051411	0.9896333366816937	0.994379744474523	0.9646358990501946	0.9859590324845051	0.9886034715613461	0.9953371632310277	0.987453428623884	0.9984261337259538	0.9981719498184327	0.999609852846272	0.9967658647509202	0.9925447636454261	0.9984231485009786	0.9969144573270735	0.9974721218324633	1.0	0.9986220628592617	0.996239603996153	0.998885706473492	0.9993938965883824	0.997759295151828	0.9987197673783106	0.9990073451899929	0.9815112716466332	0.9934320316580721
0.9926324846188558	0.9891826702886011	0.9888471949429777	0.9961981561504599	0.9899636166826402	0.9894300764756101	0.9938551932963973	0.9645784767239028	0.985552850215998	0.9883549488381149	0.9943390259796787	0.9873245669871727	0.9981179338513184	0.9976439970055486	0.9986885016351412	0.9965240536799553	0.9924516950543184	0.9980139033012198	0.9965487270639563	0.9971522446571487	0.9986220628592617	1.0	0.9959997494675832	0.9985119105361012	0.9985989804066234	0.9976597821702625	0.998534055421975	0.9984982791007293	0.981173382716932	0.9927510869245069
0.9908665077625897	0.9873122406954087	0.9864021908800461	0.9943279745265411	0.9882564866538257	0.9878580875941775	0.9920687621326496	0.9636468862584852	0.984263429995375	0.9867617381268649	0.992199038252099	0.9857732604428786	0.9955444642280635	0.9953480569219029	0.9963129842520722	0.9946312718632202	0.9911003641478376	0.9962737383589096	0.9952415368940601	0.9953654613275269	0.996239603996153	0.9959997494675832	1.0	0.9964091024074156	0.9959427527937927	0.9957772362999332	0.9960571544136849	0.9961612461671745	0.9795175946229442	0.9909582483041826
0.9933025985023219	0.9897668306458068	0.9890011049084113	0.9967674075696332	0.9904820297958905	0.9899113196841854	0.9945146630255169	0.9653722863668694	0.9860756001859902	0.9888916243317761	0.9948873117691016	0.9875052158126872	0.9983243470778154	0.9978566738922565	0.9991995034328198	0.9966733536395382	0.9925882689641995	0.9984524443813478	0.9969310825665229	0.9976713136366038	0.998885706473492	0.9985119105361012	0.9964091024074156	1.0	0.9988633663334417	0.9980757574370932	0.9987162863991712	0.9990065635625376	0.9813906501593546	0.9934555224312663
0.9927795740770655	0.9891728446731382	0.9888676327196857	0.9963086910141843	0.9897876955966564	0.9892871980176469	0.9940328474830805	0.9646123813094495	0.9856659191704037	0.9883521664650503	0.994946164341273	0.9871970446246202	0.9983256109865082	0.9977810976749365	0.9994413313854996	0.9965533941339096	0.992346971991255	0.9980251957934468	0.9967036285813285	0.9972127512800537	0.9993938965883824	0.9985989804066234	0.9959427527937927	0.9988633663334417	1.0	0.9978072546148685	0.9986454621311753	0.9990191558911488	0.9812118823642936	0.9929608084831463
0.9923622751043675	0.9890522086539746	0.9882785159227772	0.9957755951334748	0.9899244188355689	0.989325193578119	0.993700634312963	0.9651009779651603	0.9856157620869735	0.9881599764106883	0.9937933429997876	0.9874512805864072	0.9973209297154465	0.9970926545951669	0.9980798895117943	0.9959131432374576	0.9920930721044551	0.9977014348383542	0.9964037116074344	0.9968069389009242	0.997759295151828	0.9976597821702625	0.9957772362999332	0.9980757574370932	0.9978072546148685	1.0	0.9979142546677029	0.9981807757522143	0.981162025732515	0.9925357663482639
0.9926815178518632	0.9891488872345287	0.9885608588513253	0.9962404153646262	0.9898329487857821	0.9893276026434071	0.9939304986003364	0.964758238955465	0.9856343447258734	0.9883004788186285	0.9944995877072784	0.9872311639080367	0.998100582240541	0.9974297994168483	0.9990377122701845	0.9963957866517854	0.9923628448982352	0.9980697200167723	0.9966473529179148	0.9972875755222056	0.9987197673783106	0.998534055421975	0.9960571544136849	0.9987162863991712	0.9986454621311753	0.9979142546677029	1.0	0.9985897456060338	0.9808187577619639	0.9929195102214746
0.9932079935160062	0.9895240302877342	0.9887660820676594	0.9966182269556074	0.9902339237151749	0.9896184765478591	0.9943882234397314	0.9647884521435284	0.9857427107892149	0.988647262489444	0.9951456249634378	0.9872918462124883	0.9981285480964551	0.9979526544579816	0.9993345748394571	0.996378252360654	0.9924051725131474	0.9984209984509615	0.9967845841245093	0.9975099031076836	0.9990073451899929	0.9984982791007293	0.9961612461671745	0.9990065635625376	0.9990191558911488	0.9981807757522143	0.9985897456060338	1.0	0.9812917400099703	0.9932638902992124
0.9806066776745246	0.9837646186217301	0.9768766367136806	0.9814058165626395	0.9791914626618703	0.9791312980468342	0.980937820822461	0.9545802086646292	0.9747747718950833	0.9764241502191089	0.9811031310783115	0.9746410558239962	0.9814981327686569	0.9816697062187218	0.9813557866620075	0.9799907623879487	0.9775967215977492	0.9817660140479705	0.9805640012081626	0.9806859283492527	0.9815112716466332	0.981173382716932	0.9795175946229442	0.9813906501593546	0.9812118823642936	0.981162025732515	0.9808187577619639	0.9812917400099703	1.0	0.9807263858312875
0.99262736195183	0.9892793019039887	0.9878132347010281	0.9927220238912083	0.9891540801006851	0.9893228049526047	0.9927217979309184	0.9646517410587234	0.9855262554585218	0.9871276054216641	0.9935887783587043	0.983582993711942	0.9931465538544137	0.9932082256363263	0.9934082281584197	0.9909647770387707	0.9869197143474191	0.9931620178392008	0.9916441899946341	0.9922189901155603	0.9934320316580721	0.9927510869245069	0.9909582483041826	0.9934555224312663	0.9929608084831463	0.9925357663482639	0.9929195102214746	0.9932638902992124	0.9807263858312875	1.0
