/home/jshaw/scratch/2022_sketched_distance/references/SGB_genome_fastas_part1_redo/1469/CM_cf__CF_TNFC057IS_t1M15__bin.1.fa	/home/jshaw/scratch/2022_sketched_distance/references/SGB_genome_fastas_part1_redo/1469/CM_cf__CF_TNFC057SA_t1M16__bin.2.fa	/home/jshaw/scratch/2022_sketched_distance/references/SGB_genome_fastas_part1_redo/1469/FerrettiP_2018__CA_C10019MS2313SA_t0M15__bin.8.fa	/home/jshaw/scratch/2022_sketched_distance/references/SGB_genome_fastas_part1_redo/1469/FerrettiP_2018__CA_C10032MS2543SA_t0M15__bin.2.fa	/home/jshaw/scratch/2022_sketched_distance/references/SGB_genome_fastas_part1_redo/1469/HMP_2012__SRS013164__bin.38.fa	/home/jshaw/scratch/2022_sketched_distance/references/SGB_genome_fastas_part1_redo/1469/HMP_2012__SRS013879__bin.23.fa	/home/jshaw/scratch/2022_sketched_distance/references/SGB_genome_fastas_part1_redo/1469/HMP_2012__SRS013947__bin.11.fa	/home/jshaw/scratch/2022_sketched_distance/references/SGB_genome_fastas_part1_redo/1469/HMP_2012__SRS013948__bin.22.fa	/home/jshaw/scratch/2022_sketched_distance/references/SGB_genome_fastas_part1_redo/1469/HMP_2012__SRS014888__bin.17.fa	/home/jshaw/scratch/2022_sketched_distance/references/SGB_genome_fastas_part1_redo/1469/HMP_2012__SRS015762__bin.43.fa	/home/jshaw/scratch/2022_sketched_distance/references/SGB_genome_fastas_part1_redo/1469/HMP_2012__SRS015797__bin.21.fa	/home/jshaw/scratch/2022_sketched_distance/references/SGB_genome_fastas_part1_redo/1469/HMP_2012__SRS016037__bin.16.fa	/home/jshaw/scratch/2022_sketched_distance/references/SGB_genome_fastas_part1_redo/1469/HMP_2012__SRS016225__bin.50.fa	/home/jshaw/scratch/2022_sketched_distance/references/SGB_genome_fastas_part1_redo/1469/HMP_2012__SRS017533__bin.4.fa	/home/jshaw/scratch/2022_sketched_distance/references/SGB_genome_fastas_part1_redo/1469/HMP_2012__SRS018145__bin.21.fa	/home/jshaw/scratch/2022_sketched_distance/references/SGB_genome_fastas_part1_redo/1469/HMP_2012__SRS018439__bin.21.fa	/home/jshaw/scratch/2022_sketched_distance/references/SGB_genome_fastas_part1_redo/1469/HMP_2012__SRS019122__bin.59.fa	/home/jshaw/scratch/2022_sketched_distance/references/SGB_genome_fastas_part1_redo/1469/HMP_2012__SRS019126__bin.30.fa	/home/jshaw/scratch/2022_sketched_distance/references/SGB_genome_fastas_part1_redo/1469/HMP_2012__SRS019127__bin.45.fa	/home/jshaw/scratch/2022_sketched_distance/references/SGB_genome_fastas_part1_redo/1469/HMP_2012__SRS019327__bin.57.fa	/home/jshaw/scratch/2022_sketched_distance/references/SGB_genome_fastas_part1_redo/1469/HMP_2012__SRS022621__bin.11.fa	/home/jshaw/scratch/2022_sketched_distance/references/SGB_genome_fastas_part1_redo/1469/HMP_2012__SRS023958__bin.14.fa	/home/jshaw/scratch/2022_sketched_distance/references/SGB_genome_fastas_part1_redo/1469/HMP_2012__SRS024441__bin.49.fa	/home/jshaw/scratch/2022_sketched_distance/references/SGB_genome_fastas_part1_redo/1469/HMP_2012__SRS044662__bin.6.fa	/home/jshaw/scratch/2022_sketched_distance/references/SGB_genome_fastas_part1_redo/1469/HMP_2012__SRS045127__bin.3.fa	/home/jshaw/scratch/2022_sketched_distance/references/SGB_genome_fastas_part1_redo/1469/HMP_2012__SRS049389__bin.46.fa	/home/jshaw/scratch/2022_sketched_distance/references/SGB_genome_fastas_part1_redo/1469/HMP_2012__SRS050669__bin.56.fa	/home/jshaw/scratch/2022_sketched_distance/references/SGB_genome_fastas_part1_redo/1469/HMP_2012__SRS052227__bin.2.fa	/home/jshaw/scratch/2022_sketched_distance/references/SGB_genome_fastas_part1_redo/1469/HMP_2012__SRS057205__bin.36.fa
1.0	0.9968284892149292	0.972620455730375	0.970874792910441	0.9708668045382864	0.9679893004236559	0.9701365707680608	0.9757560195056884	0.9715371007091256	0.9752541726362342	0.9704431227461594	0.9687500324545847	0.9712326111494413	0.9671547411182297	0.9725825505505309	0.9696968205226406	0.9702548015461591	0.9681439511011161	0.9748961131935967	0.9628272116294481	0.9640319590471629	0.975126496297209	0.9734706752007309	0.9753454519675444	0.9701997291164782	0.9762852865284144	0.9660561017345285	0.9745837316492989	0.9711062393420832
0.9968284892149292	1.0	0.9722071855912666	0.9700836447466836	0.9700397142891362	0.9681852511601506	0.9690878475280424	0.9747010533593362	0.9706589749601215	0.9741654461419444	0.9694999396857769	0.9672395260218029	0.9697784605292789	0.9669597754798402	0.9712844878413892	0.9692765531841169	0.9697293704953802	0.9674916096238898	0.9739293759662122	0.9626000729038561	0.9622418469118522	0.9737242417885832	0.972929394468636	0.9740455703635558	0.969110724663506	0.9753024565407236	0.9664798533016954	0.9730894804944984	0.9706951927866391
0.972620455730375	0.9722071855912666	1.0	0.9713023016730691	0.9716300058483713	0.9700573234570209	0.9724040328033752	0.9719105036591293	0.9728957867105458	0.9705485685219669	0.9717765266111237	0.9700940107560145	0.9718921070763167	0.9675509449341062	0.9719327083840703	0.9664919788886928	0.9720934062814763	0.9720609307084285	0.9719628369500557	0.9674701674650804	0.9664802575307992	0.9710093696644949	0.9705181826045075	0.9702572146050944	0.9666196390148475	0.9716099665433358	0.9716027315111172	0.9709835585726958	0.9718718479276109
0.970874792910441	0.9700836447466836	0.9713023016730691	1.0	0.9713205962853003	0.9703310495053642	0.970463611487348	0.9715537059272961	0.972300635756547	0.9710093129941127	0.971545464575314	0.9728312722297132	0.9809763514563672	0.9693664606738146	0.9721823228225605	0.9666218947417976	0.9692043530431664	0.9695106584092728	0.9694031568774322	0.9629827525201506	0.9642071960519549	0.9721691431773677	0.9675522948180921	0.9841387766332742	0.9699309832110669	0.9715258677287878	0.9694736838849395	0.9805838896759893	0.9729988915672134
0.9708668045382864	0.9700397142891362	0.9716300058483713	0.9713205962853003	1.0	0.9704858156417083	0.9739220745529613	0.9718794453236598	0.9739563033682864	0.9707733046595817	0.9733217584567798	0.9740750491069912	0.9712085900002876	0.9703345315103877	0.9742452765032737	0.9663524206180094	0.9692613672296669	0.9716249637760287	0.9708302123724357	0.9665694399926489	0.9649478756134094	0.9719123523019894	0.9691690878836083	0.9704922496388655	0.967000961794905	0.9707644114621827	0.9680488936943963	0.9697081043846467	0.9740089047428224
0.9679893004236559	0.9681852511601506	0.9700573234570209	0.9703310495053642	0.9704858156417083	1.0	0.9723115593148387	0.9705721640869804	0.9742431664858198	0.9674236540202543	0.993194355446358	0.9732705685400155	0.970837969922326	0.9696064806051071	0.972953468129273	0.962379080356617	0.9692157170223216	0.9727102293513203	0.9675827132042164	0.9650268254652412	0.9643068358530522	0.9700379730760029	0.9661392114199452	0.9687515709888727	0.9636152549810283	0.9688447780744511	0.9732826351447758	0.967195132219567	0.9721668620820209
0.9701365707680608	0.9690878475280424	0.9724040328033752	0.970463611487348	0.9739220745529613	0.9723115593148387	1.0	0.9935769546215042	0.9737605510200246	0.9699335116642797	0.9721448547270777	0.971610761117949	0.9715049892615856	0.9696130533356428	0.972457987571663	0.9644107723035173	0.975605743707883	0.9931683237396453	0.9876248076320167	0.9680638968178019	0.967219339223897	0.9718380224885387	0.9664020024332405	0.9697914884849014	0.9662796177387907	0.9711803117156076	0.9708436977165886	0.9688471882674641	0.9725297640334342
0.9757560195056884	0.9747010533593362	0.9719105036591293	0.9715537059272961	0.9718794453236598	0.9705721640869804	0.9935769546215042	1.0	0.9720785826614122	0.9758252285231217	0.9712395308199385	0.9714772779825173	0.9716872668713129	0.9686573170815296	0.9719825169084619	0.9711181344900364	0.9749377083868516	0.9902678363129889	0.9926209601127762	0.9649727600022522	0.9655955186581732	0.9767275891941867	0.9716651182909796	0.9751342185408507	0.9706573265222295	0.9760669955217265	0.9683233994662896	0.9745018795468543	0.972731324848696
0.9715371007091256	0.9706589749601215	0.9728957867105458	0.972300635756547	0.9739563033682864	0.9742431664858198	0.9737605510200246	0.9720785826614122	1.0	0.9703532796584275	0.9746566865779415	0.9727716450340145	0.9711986486201583	0.9711039688883959	0.9736599575610478	0.9648410949391826	0.9716680336128526	0.9729684068396056	0.9709477142887689	0.9684138678473417	0.965646105078198	0.9729819563060133	0.9677252131172305	0.9708343043609604	0.9666993871181309	0.9712663087701391	0.9706474981938307	0.9712851537683835	0.9739416769046809
0.9752541726362342	0.9741654461419444	0.9705485685219669	0.9710093129941127	0.9707733046595817	0.9674236540202543	0.9699335116642797	0.9758252285231217	0.9703532796584275	1.0	0.9705554644299604	0.9700876156175617	0.9718081709866022	0.9857573536824898	0.9714776359283934	0.9707912904628093	0.9707651018264489	0.9674463699030612	0.9744148478518426	0.9616564819194686	0.963639665350477	0.9762442253173907	0.971974424135286	0.97496884501158	0.9694213355498648	0.9751230163029775	0.9677583280319132	0.9745890536192054	0.9943427693463115
0.9704431227461594	0.9694999396857769	0.9717765266111237	0.971545464575314	0.9733217584567798	0.993194355446358	0.9721448547270777	0.9712395308199385	0.9746566865779415	0.9705554644299604	1.0	0.9729539592903742	0.9720379602025093	0.9695117109315591	0.9727722809593354	0.968342268744844	0.9697550141357756	0.971293933494664	0.9693523767195666	0.9662465437777416	0.965478670167025	0.9708126086483143	0.9687758390838772	0.9702705414488564	0.9659204541345938	0.9705839379362787	0.9694718833319294	0.970195786588155	0.9730871749534716
0.9687500324545847	0.9672395260218029	0.9700940107560145	0.9728312722297132	0.9740750491069912	0.9732705685400155	0.971610761117949	0.9714772779825173	0.9727716450340145	0.9700876156175617	0.9729539592903742	1.0	0.9716573763898654	0.9700209735740086	0.9728221162090687	0.963588904760726	0.9688240009974967	0.9705821382454073	0.9684211587869643	0.9644859762211413	0.9663531141873477	0.9704943215869435	0.9674142659429971	0.9709284417303661	0.968874151276234	0.9693213121462396	0.969748934680451	0.969206383316469	0.9731671456428669
0.9712326111494413	0.9697784605292789	0.9718921070763167	0.9809763514563672	0.9712085900002876	0.970837969922326	0.9715049892615856	0.9716872668713129	0.9711986486201583	0.9718081709866022	0.9720379602025093	0.9716573763898654	1.0	0.9686337648906315	0.9711866405381775	0.967637459230951	0.9701234417594752	0.9701472743081712	0.9700103112523941	0.9647302937035347	0.9651909596012213	0.9724211805474795	0.9687655336912886	0.9798009559004494	0.9687376520330573	0.9712046419353058	0.9701042028307738	0.9843949522281711	0.9719982712555602
0.9671547411182297	0.9669597754798402	0.9675509449341062	0.9693664606738146	0.9703345315103877	0.9696064806051071	0.9696130533356428	0.9686573170815296	0.9711039688883959	0.9857573536824898	0.9695117109315591	0.9700209735740086	0.9686337648906315	1.0	0.9701122216081943	0.9661944935499567	0.968362274163855	0.9685836230862606	0.9673205163692046	0.9594699147980138	0.9616858622787886	0.9700226221681323	0.962438929723049	0.9673117584532009	0.9628796029711415	0.9680238854431259	0.9695862718646977	0.9665886402555576	0.9909124781726092
0.9725825505505309	0.9712844878413892	0.9719327083840703	0.9721823228225605	0.9742452765032737	0.972953468129273	0.972457987571663	0.9719825169084619	0.9736599575610478	0.9714776359283934	0.9727722809593354	0.9728221162090687	0.9711866405381775	0.9701122216081943	1.0	0.9670157163311215	0.972532197446525	0.970671540603676	0.9710791775711735	0.9649135533100641	0.9665330046807509	0.9725898091081782	0.9687329148298284	0.9715618901340357	0.9695428023992066	0.973002468846961	0.9699929228803194	0.9707954081751825	0.9740327280851605
0.9696968205226406	0.9692765531841169	0.9664919788886928	0.9666218947417976	0.9663524206180094	0.962379080356617	0.9644107723035173	0.9711181344900364	0.9648410949391826	0.9707912904628093	0.968342268744844	0.963588904760726	0.967637459230951	0.9661944935499567	0.9670157163311215	1.0	0.9641288528419888	0.9603746349123422	0.9701943565089169	0.954605557449546	0.9587389964055976	0.9698091778014345	0.9681307853237702	0.9704795592275589	0.9682821430259625	0.9700453145866677	0.9582063527928677	0.9707785808843084	0.966572725791296
0.9702548015461591	0.9697293704953802	0.9720934062814763	0.9692043530431664	0.9692613672296669	0.9692157170223216	0.975605743707883	0.9749377083868516	0.9716680336128526	0.9707651018264489	0.9697550141357756	0.9688240009974967	0.9701234417594752	0.968362274163855	0.972532197446525	0.9641288528419888	1.0	0.975706546018835	0.9788647629871666	0.9674481888079519	0.9672933572043568	0.9707902660619588	0.967467959571262	0.9696694890070261	0.9671017333489754	0.9703685996087225	0.9680982212093003	0.9696525972696044	0.9720624293044923
0.9681439511011161	0.9674916096238898	0.9720609307084285	0.9695106584092728	0.9716249637760287	0.9727102293513203	0.9931683237396453	0.9902678363129889	0.9729684068396056	0.9674463699030612	0.971293933494664	0.9705821382454073	0.9701472743081712	0.9685836230862606	0.970671540603676	0.9603746349123422	0.975706546018835	1.0	0.9867108358948325	0.9693087987084344	0.9678008511236543	0.9698612926346584	0.9642858197115397	0.9680551646122463	0.9648905676052534	0.969501341234844	0.971980700293023	0.9671019088202486	0.9721248809185855
0.9748961131935967	0.9739293759662122	0.9719628369500557	0.9694031568774322	0.9708302123724357	0.9675827132042164	0.9876248076320167	0.9926209601127762	0.9709477142887689	0.9744148478518426	0.9693523767195666	0.9684211587869643	0.9700103112523941	0.9673205163692046	0.9710791775711735	0.9701943565089169	0.9788647629871666	0.9867108358948325	1.0	0.9658054110473017	0.9649226811533483	0.9754957354678031	0.9721946503202967	0.9737256932483476	0.970425438520603	0.9746139120419326	0.9668249766747189	0.9737529018919844	0.9711404964160255
0.9628272116294481	0.9626000729038561	0.9674701674650804	0.9629827525201506	0.9665694399926489	0.9650268254652412	0.9680638968178019	0.9649727600022522	0.9684138678473417	0.9616564819194686	0.9662465437777416	0.9644859762211413	0.9647302937035347	0.9594699147980138	0.9649135533100641	0.954605557449546	0.9674481888079519	0.9693087987084344	0.9658054110473017	1.0	0.9629756853273613	0.9629633698297558	0.9615957754352661	0.9612485693336045	0.9604337639051659	0.9645587010819123	0.9658291999905364	0.9630114708960766	0.9645505047439952
0.9640319590471629	0.9622418469118522	0.9664802575307992	0.9642071960519549	0.9649478756134094	0.9643068358530522	0.967219339223897	0.9655955186581732	0.965646105078198	0.963639665350477	0.965478670167025	0.9663531141873477	0.9651909596012213	0.9616858622787886	0.9665330046807509	0.9587389964055976	0.9672933572043568	0.9678008511236543	0.9649226811533483	0.9629756853273613	1.0	0.9650319503078936	0.9602220157928905	0.9649534376376151	0.9701171652668452	0.96632284014612	0.9641568048652481	0.9634030093039853	0.9649753981199866
0.975126496297209	0.9737242417885832	0.9710093696644949	0.9721691431773677	0.9719123523019894	0.9700379730760029	0.9718380224885387	0.9767275891941867	0.9729819563060133	0.9762442253173907	0.9708126086483143	0.9704943215869435	0.9724211805474795	0.9700226221681323	0.9725898091081782	0.9698091778014345	0.9707902660619588	0.9698612926346584	0.9754957354678031	0.9629633698297558	0.9650319503078936	1.0	0.9723331775329571	0.9760496626613354	0.9715156331869836	0.9753599087299503	0.9675910464499938	0.9746468863130842	0.9738477778963845
0.9734706752007309	0.972929394468636	0.9705181826045075	0.9675522948180921	0.9691690878836083	0.9661392114199452	0.9664020024332405	0.9716651182909796	0.9677252131172305	0.971974424135286	0.9687758390838772	0.9674142659429971	0.9687655336912886	0.962438929723049	0.9687329148298284	0.9681307853237702	0.967467959571262	0.9642858197115397	0.9721946503202967	0.9615957754352661	0.9602220157928905	0.9723331775329571	1.0	0.9714189535492336	0.9660980905774011	0.9719397198294619	0.963496324950799	0.9717912252280074	0.9681300716172325
0.9753454519675444	0.9740455703635558	0.9702572146050944	0.9841387766332742	0.9704922496388655	0.9687515709888727	0.9697914884849014	0.9751342185408507	0.9708343043609604	0.97496884501158	0.9702705414488564	0.9709284417303661	0.9798009559004494	0.9673117584532009	0.9715618901340357	0.9704795592275589	0.9696694890070261	0.9680551646122463	0.9737256932483476	0.9612485693336045	0.9649534376376151	0.9760496626613354	0.9714189535492336	1.0	0.9724880275080238	0.9754559386647912	0.9656264002929573	0.9838682255694073	0.9715814274974466
0.9701997291164782	0.969110724663506	0.9666196390148475	0.9699309832110669	0.967000961794905	0.9636152549810283	0.9662796177387907	0.9706573265222295	0.9666993871181309	0.9694213355498648	0.9659204541345938	0.968874151276234	0.9687376520330573	0.9628796029711415	0.9695428023992066	0.9682821430259625	0.9671017333489754	0.9648905676052534	0.970425438520603	0.9604337639051659	0.9701171652668452	0.9715156331869836	0.9660980905774011	0.9724880275080238	1.0	0.9707732323279267	0.9611527096245346	0.9713697878005335	0.9663704697650755
0.9762852865284144	0.9753024565407236	0.9716099665433358	0.9715258677287878	0.9707644114621827	0.9688447780744511	0.9711803117156076	0.9760669955217265	0.9712663087701391	0.9751230163029775	0.9705839379362787	0.9693213121462396	0.9712046419353058	0.9680238854431259	0.973002468846961	0.9700453145866677	0.9703685996087225	0.969501341234844	0.9746139120419326	0.9645587010819123	0.96632284014612	0.9753599087299503	0.9719397198294619	0.9754559386647912	0.9707732323279267	1.0	0.9668970033358114	0.9742238218059183	0.971155991898915
0.9660561017345285	0.9664798533016954	0.9716027315111172	0.9694736838849395	0.9680488936943963	0.9732826351447758	0.9708436977165886	0.9683233994662896	0.9706474981938307	0.9677583280319132	0.9694718833319294	0.969748934680451	0.9701042028307738	0.9695862718646977	0.9699929228803194	0.9582063527928677	0.9680982212093003	0.971980700293023	0.9668249766747189	0.9658291999905364	0.9641568048652481	0.9675910464499938	0.963496324950799	0.9656264002929573	0.9611527096245346	0.9668970033358114	1.0	0.963877636659724	0.9722985800736661
0.9745837316492989	0.9730894804944984	0.9709835585726958	0.9805838896759893	0.9697081043846467	0.967195132219567	0.9688471882674641	0.9745018795468543	0.9712851537683835	0.9745890536192054	0.970195786588155	0.969206383316469	0.9843949522281711	0.9665886402555576	0.9707954081751825	0.9707785808843084	0.9696525972696044	0.9671019088202486	0.9737529018919844	0.9630114708960766	0.9634030093039853	0.9746468863130842	0.9717912252280074	0.9838682255694073	0.9713697878005335	0.9742238218059183	0.963877636659724	1.0	0.9706906537764246
0.9711062393420832	0.9706951927866391	0.9718718479276109	0.9729988915672134	0.9740089047428224	0.9721668620820209	0.9725297640334342	0.972731324848696	0.9739416769046809	0.9943427693463115	0.9730871749534716	0.9731671456428669	0.9719982712555602	0.9909124781726092	0.9740327280851605	0.966572725791296	0.9720624293044923	0.9721248809185855	0.9711404964160255	0.9645505047439952	0.9649753981199866	0.9738477778963845	0.9681300716172325	0.9715814274974466	0.9663704697650755	0.971155991898915	0.9722985800736661	0.9706906537764246	1.0
