/home/jshaw/scratch/2022_sketched_distance/references/SGB_genome_fastas_part1_redo/1561/CM_periimplantitis__SP_123SPT_T016__bin.4.fa	/home/jshaw/scratch/2022_sketched_distance/references/SGB_genome_fastas_part1_redo/1561/CM_periimplantitis__SP_143SPI_T016__bin.7.fa	/home/jshaw/scratch/2022_sketched_distance/references/SGB_genome_fastas_part1_redo/1561/CM_periimplantitis__SP_162SPI_T016__bin.17.fa	/home/jshaw/scratch/2022_sketched_distance/references/SGB_genome_fastas_part1_redo/1561/CM_periimplantitis__SP_189SPI_T016__bin.28.fa	/home/jshaw/scratch/2022_sketched_distance/references/SGB_genome_fastas_part1_redo/1561/CM_periimplantitis__SP_281SPI_T016__bin.22.fa	/home/jshaw/scratch/2022_sketched_distance/references/SGB_genome_fastas_part1_redo/1561/CM_periimplantitis__SP_282SPT_T016_R__bin.22.fa	/home/jshaw/scratch/2022_sketched_distance/references/SGB_genome_fastas_part1_redo/1561/CM_periimplantitis__SP_283SPT_T016__bin.32.fa	/home/jshaw/scratch/2022_sketched_distance/references/SGB_genome_fastas_part1_redo/1561/CM_periimplantitis__SP_285SPI_T016__bin.4.fa	/home/jshaw/scratch/2022_sketched_distance/references/SGB_genome_fastas_part1_redo/1561/CM_periimplantitis__SP_287SPT_T016__bin.22.fa	/home/jshaw/scratch/2022_sketched_distance/references/SGB_genome_fastas_part1_redo/1561/CM_periimplantitis__SP_381SPT_T016__bin.14.fa	/home/jshaw/scratch/2022_sketched_distance/references/SGB_genome_fastas_part1_redo/1561/CM_periimplantitis__SP_403SPT_T016__bin.9.fa	/home/jshaw/scratch/2022_sketched_distance/references/SGB_genome_fastas_part1_redo/1561/HMP_2012__SRS011255__bin.40.fa	/home/jshaw/scratch/2022_sketched_distance/references/SGB_genome_fastas_part1_redo/1561/HMP_2012__SRS012285__bin.21.fa	/home/jshaw/scratch/2022_sketched_distance/references/SGB_genome_fastas_part1_redo/1561/HMP_2012__SRS013533__bin.55.fa	/home/jshaw/scratch/2022_sketched_distance/references/SGB_genome_fastas_part1_redo/1561/HMP_2012__SRS013836__bin.14.fa	/home/jshaw/scratch/2022_sketched_distance/references/SGB_genome_fastas_part1_redo/1561/HMP_2012__SRS013950__bin.8.fa	/home/jshaw/scratch/2022_sketched_distance/references/SGB_genome_fastas_part1_redo/1561/HMP_2012__SRS014476__bin.30.fa	/home/jshaw/scratch/2022_sketched_distance/references/SGB_genome_fastas_part1_redo/1561/HMP_2012__SRS014691__bin.31.fa	/home/jshaw/scratch/2022_sketched_distance/references/SGB_genome_fastas_part1_redo/1561/HMP_2012__SRS015215__bin.20.fa	/home/jshaw/scratch/2022_sketched_distance/references/SGB_genome_fastas_part1_redo/1561/HMP_2012__SRS017227__bin.23.fa	/home/jshaw/scratch/2022_sketched_distance/references/SGB_genome_fastas_part1_redo/1561/HMP_2012__SRS017691__bin.67.fa	/home/jshaw/scratch/2022_sketched_distance/references/SGB_genome_fastas_part1_redo/1561/HMP_2012__SRS019029__bin.2.fa	/home/jshaw/scratch/2022_sketched_distance/references/SGB_genome_fastas_part1_redo/1561/HMP_2012__SRS019980__bin.28.fa	/home/jshaw/scratch/2022_sketched_distance/references/SGB_genome_fastas_part1_redo/1561/HMP_2012__SRS022536__bin.36.fa	/home/jshaw/scratch/2022_sketched_distance/references/SGB_genome_fastas_part1_redo/1561/HMP_2012__SRS022725__bin.36.fa	/home/jshaw/scratch/2022_sketched_distance/references/SGB_genome_fastas_part1_redo/1561/HMP_2012__SRS023938__bin.18.fa	/home/jshaw/scratch/2022_sketched_distance/references/SGB_genome_fastas_part1_redo/1561/HMP_2012__SRS023964__bin.1.fa	/home/jshaw/scratch/2022_sketched_distance/references/SGB_genome_fastas_part1_redo/1561/HMP_2012__SRS024087__bin.10.fa	/home/jshaw/scratch/2022_sketched_distance/references/SGB_genome_fastas_part1_redo/1561/HMP_2012__SRS045197__bin.11.fa	/home/jshaw/scratch/2022_sketched_distance/references/SGB_genome_fastas_part1_redo/1561/HMP_2012__SRS045313__bin.2.fa	/home/jshaw/scratch/2022_sketched_distance/references/SGB_genome_fastas_part1_redo/1561/HMP_2012__SRS047113__bin.6.fa	/home/jshaw/scratch/2022_sketched_distance/references/SGB_genome_fastas_part1_redo/1561/HMP_2012__SRS049268__bin.17.fa	/home/jshaw/scratch/2022_sketched_distance/references/SGB_genome_fastas_part1_redo/1561/HMP_2012__SRS051930__bin.50.fa	/home/jshaw/scratch/2022_sketched_distance/references/SGB_genome_fastas_part1_redo/1561/HMP_2012__SRS058053__bin.56.fa	/home/jshaw/scratch/2022_sketched_distance/references/SGB_genome_fastas_part1_redo/1561/HMP_2012__SRS058053__bin.57.fa	/home/jshaw/scratch/2022_sketched_distance/references/SGB_genome_fastas_part1_redo/1561/HMP_2012__SRS058808__bin.49.fa	/home/jshaw/scratch/2022_sketched_distance/references/SGB_genome_fastas_part1_redo/1561/HMP_2012__SRS063932__bin.88.fa	/home/jshaw/scratch/2022_sketched_distance/references/SGB_genome_fastas_part1_redo/1561/ZellerG_2014__CCMD11006829ST-21-0__bin.60.fa	/home/jshaw/scratch/2022_sketched_distance/references/SGB_genome_fastas_part1_redo/1561/ZellerG_2014__CCMD50071957ST-21-0__bin.41.fa
1.0	0.9839639114480387	0.9820068414288042	0.9839070119406772	0.9847634731830326	0.9736057081537655	0.9816876429281678	0.9797748803230307	0.9812412396490933	0.98559526243386	0.9842785003140802	0.9824887840302237	0.9845747939531528	0.9824837051811236	0.9801119282989237	0.9906384008496296	0.9831092921023192	0.9725290985917148	0.9803055935518008	0.9753356494811852	0.9844710779946599	0.9778375591143831	0.9817011340865314	0.984489139354607	0.9808680770555348	0.9838121094828652	0.9834318662354068	0.9814020379100462	0.9849120574512314	0.9823549504768883	0.9858349431370095	0.9750227002365897	0.9842148058239528	0.9641352164036285	0.9741527862898529	0.9787995950062116	0.982372790563439	0.984014524553572	0.9821289436716261
0.9839639114480387	1.0	0.9841295667525597	0.9848718516132845	0.98450123211564	0.9728756617114089	0.9817387908605972	0.9820077535499504	0.984317770370461	0.986085051280898	0.9835500597969212	0.9820632184720717	0.9859048164097216	0.9843181316635284	0.9824048229889569	0.9855682875707407	0.9829773397617626	0.974838196167342	0.9820485350976642	0.9742837779483182	0.9843089837226209	0.9801048072580629	0.9843489493258334	0.983841009479567	0.9840193130654064	0.9835312292606287	0.9828114937507637	0.9826425114650609	0.9850264810575091	0.98335093335786	0.9854839546129759	0.975901206029843	0.9841134507414917	0.9653259946285617	0.9737212913878219	0.9784576694787044	0.9839636956151648	0.9842875227170359	0.9841412068463088
0.9820068414288042	0.9841295667525597	1.0	0.9847244882451284	0.9826441239469327	0.9698754365989531	0.9792405697720509	0.9840735851677637	0.9843683418738955	0.9833257608997303	0.9821783760320065	0.9807846576939461	0.9848766660642994	0.9842445336432775	0.9824089910051211	0.9847937356971553	0.9812811360065747	0.976304700717846	0.9834459632121577	0.9713654144618222	0.9823182803213507	0.982037410839814	0.9839905605537008	0.9833795621130806	0.9832485775967974	0.9818095914795176	0.9819071033827348	0.9829952512516063	0.9835377742848558	0.9821170260396836	0.9834138443111631	0.9742808222972125	0.9826985354504384	0.967524741199336	0.9711127782401764	0.9777428435057287	0.9840998664417089	0.9823182803213507	0.9835523214009324
0.9839070119406772	0.9848718516132845	0.9847244882451284	1.0	0.9830766020372883	0.9681341786522891	0.9805962986286563	0.9823690021908215	0.984844907546516	0.9838137526139988	0.9822770966323322	0.9804331210586154	0.984622011923966	0.9845018325245295	0.9833835664774916	0.9863707829083845	0.9820545290791294	0.9768422103558703	0.9839891520302096	0.9696401163558224	0.9833910556413952	0.9814178298013193	0.9850109152217701	0.982452324909091	0.9849277219845473	0.9817872382791489	0.9817832116634242	0.9841621788878454	0.98407171525575	0.9826020178516788	0.9841621679825862	0.9731826717796818	0.9828256028549449	0.9677295532817111	0.9703885082787183	0.9767345969919297	0.9855211816666998	0.982866848063423	0.9841561683314854
0.9847634731830326	0.98450123211564	0.9826441239469327	0.9830766020372883	1.0	0.9756916807925221	0.982362893164278	0.9810621215573957	0.9822818124511598	0.9862552173076246	0.9845879750355501	0.983982134039098	0.9854742646835197	0.9838275254171214	0.9817003945742051	0.9854379473576267	0.9841850244636292	0.9744984608972478	0.9802031194730384	0.9769044024491588	0.9851180083927513	0.9796632237010519	0.9813799078485473	0.9852157496987074	0.981089183896914	0.9852361720486612	0.9840078365131557	0.9811392367550229	0.9858981060569072	0.9837134112618979	0.9865272850410333	0.9788597038192837	0.9845425003131542	0.9658361064352337	0.9777072855348387	0.9801958302887023	0.9825747170284393	0.9868748182770667	0.9827956515290264
0.9736057081537655	0.9728756617114089	0.9698754365989531	0.9681341786522891	0.9756916807925221	1.0	0.9736022224137753	0.9661800811890331	0.969239201206435	0.9785974931458941	0.9759343346853778	0.976385064190975	0.9751343254900238	0.9698905464940183	0.9644338722336375	0.973075393336684	0.9722523615935237	0.946707124148495	0.9612263766459699	0.9812389313806944	0.9737901456211895	0.961151159275442	0.9689211366830317	0.975719534046578	0.9721482527360795	0.9746632070529112	0.9737869989686552	0.9656381061674181	0.9750127490256858	0.9698894819274021	0.975366862721585	0.9740698481134263	0.9738262610305591	0.9289140361620454	0.9783213199661948	0.9741535830698699	0.9672690756728194	0.9736426795907088	0.9713797278747682
0.9816876429281678	0.9817387908605972	0.9792405697720509	0.9805962986286563	0.982362893164278	0.9736022224137753	1.0	0.9770811354549358	0.9794083238393043	0.9825195774446345	0.9815127264135715	0.980295297135196	0.9819674010259324	0.9801897840189742	0.9772309584029052	0.9822933197586902	0.9800898103894323	0.9693563716343023	0.977663187746229	0.9737494298328132	0.9813657301242981	0.9757929865060794	0.9790902457703629	0.9813805162285687	0.9777013442597696	0.9812123014035293	0.9809445697312771	0.9783161010076336	0.9822559650962799	0.9800138834866032	0.9825858634909957	0.9741639083596306	0.9815401294711821	0.9591176351493181	0.9739284158423348	0.9764534601291694	0.9793042330111927	0.9811571007748608	0.9804392232991419
0.9797748803230307	0.9820077535499504	0.9840735851677637	0.9823690021908215	0.9810621215573957	0.9661800811890331	0.9770811354549358	1.0	0.9828481180968548	0.9813280562393634	0.9797865962286635	0.9784861759780303	0.9828091438712564	0.9825388304578846	0.9814186427996746	0.9829143632419918	0.9795743346407519	0.9764098328822983	0.9806614596149253	0.967249204916994	0.981243920261645	0.9810564547344311	0.9817751054406654	0.9812789148884932	0.9812484898959183	0.9799940945154149	0.9803849454618536	0.9811003535674723	0.9814720933049889	0.9812682552160445	0.9822190043527208	0.9727130451953496	0.9805779351859939	0.9671601171330529	0.9696490821159393	0.9750013910063458	0.9826619435408586	0.981219143250552	0.9819267097483502
0.9812412396490933	0.984317770370461	0.9843683418738955	0.984844907546516	0.9822818124511598	0.969239201206435	0.9794083238393043	0.9828481180968548	1.0	0.9842675574042685	0.9817423549441221	0.9868909173883693	0.984625286969824	0.9838441442554328	0.9826207924656407	0.9838786722039361	0.9806773781017248	0.9759129395094486	0.9832075668307232	0.9705210769678436	0.9822925176001727	0.9813309817752889	0.9858475420044996	0.9861716135287865	0.9841494882966518	0.9875553271116815	0.985493236745705	0.9831812742973052	0.9828020186077412	0.9885634199724574	0.9833969425669336	0.9739801314020944	0.9819812104102564	0.9667436463300879	0.9712351124017802	0.9777239607588474	0.9847908432994505	0.9826514415286868	0.9827412900497139
0.98559526243386	0.986085051280898	0.9833257608997303	0.9838137526139988	0.9862552173076246	0.9785974931458941	0.9825195774446345	0.9813280562393634	0.9842675574042685	1.0	0.9853719535027244	0.9855431251484542	0.9870420627031334	0.9836450624776742	0.9816147134381649	0.9859196318707153	0.984809012394316	0.9735502485308223	0.9811947383231381	0.9789178032957608	0.9856159412827783	0.9797263683465264	0.9838101388911136	0.9862796259394953	0.9821442923059566	0.9855445908988568	0.9850690852803544	0.9819830747594916	0.9858623580164528	0.9835556266040492	0.9867327468722927	0.9791400127897028	0.9856370442392837	0.9639498924490355	0.9785120332865338	0.9819136933190904	0.9833586885105875	0.9855745705608085	0.9837031350645068
0.9842785003140802	0.9835500597969212	0.9821783760320065	0.9822770966323322	0.9845879750355501	0.9759343346853778	0.9815127264135715	0.9797865962286635	0.9817423549441221	0.9853719535027244	1.0	0.9830984350850336	0.9843739322368812	0.982396015056559	0.980041143343139	0.9845431125817621	0.9822427418664199	0.9719429653604759	0.9792384531828601	0.9766912794136824	0.9835523724197656	0.9779374063370175	0.9814646429167885	0.9844252825993515	0.9798005228450594	0.9840265495048642	0.9835610561942425	0.9799556928439573	0.9845974526166742	0.981693552197172	0.9850231975226723	0.9766480571053769	0.9835560644027193	0.9615740866922218	0.9760928745994928	0.988561480692059	0.9813773512109908	0.9845170145309198	0.9819795985667811
0.9824887840302237	0.9820632184720717	0.9807846576939461	0.9804331210586154	0.983982134039098	0.976385064190975	0.980295297135196	0.9784861759780303	0.9868909173883693	0.9855431251484542	0.9830984350850336	1.0	0.9833161646289571	0.9810293862283711	0.9778144613188753	0.9829938426555996	0.9818419826354456	0.9689817426093431	0.9779343763011302	0.9774235184786874	0.9828505456865483	0.97564113487755	0.9809152041161766	0.9869917026650876	0.9783052390333562	0.9929261494869162	0.9860839613857777	0.9785228652990586	0.9837516775226093	0.9913061751891229	0.9843891574080295	0.9775196567917426	0.9825769690184437	0.955648132058036	0.9778797945727334	0.9796797032854859	0.9791894167506284	0.9826701642790066	0.980664878498611
0.9845747939531528	0.9859048164097216	0.9848766660642994	0.984622011923966	0.9854742646835197	0.9751343254900238	0.9819674010259324	0.9828091438712564	0.984625286969824	0.9870420627031334	0.9843739322368812	0.9833161646289571	1.0	0.985080415418553	0.9828478288214414	0.9861354362414981	0.9840880998327256	0.9754631261808298	0.9828341228196461	0.976823645575787	0.9856327324590196	0.9812210257884062	0.9843570462248288	0.985207264267666	0.9829868218574218	0.984527316745233	0.9839736428072112	0.9834492080650683	0.9863375007502803	0.9840638060509384	0.9863528787694551	0.977668853569415	0.9855040794366157	0.9663715635017938	0.9761560569280144	0.9799593283024216	0.984688190709878	0.9851080236066934	0.9851895282651378
0.9824837051811236	0.9843181316635284	0.9842445336432775	0.9845018325245295	0.9838275254171214	0.9698905464940183	0.9801897840189742	0.9825388304578846	0.9838441442554328	0.9836450624776742	0.982396015056559	0.9810293862283711	0.985080415418553	1.0	0.9821619990406225	0.9855771239576214	0.9823826668024593	0.9751047362773179	0.982195777325204	0.971424410616116	0.983339808642199	0.9810634616143407	0.983572052688744	0.9827904051915834	0.9830913127695788	0.9822829677355409	0.981729928691362	0.9828871002444303	0.9843446796082072	0.9829976852251175	0.9843192963428417	0.9739654674348266	0.9830233251063408	0.9658438319251286	0.9716901617373299	0.9773072585970987	0.9840345305327935	0.983447965526455	0.9842694614309596
0.9801119282989237	0.9824048229889569	0.9824089910051211	0.9833835664774916	0.9817003945742051	0.9644338722336375	0.9772309584029052	0.9814186427996746	0.9826207924656407	0.9816147134381649	0.980041143343139	0.9778144613188753	0.9828478288214414	0.9821619990406225	1.0	0.9827973313866306	0.9803363246661777	0.9819488129493182	0.9834029024578052	0.966774726076086	0.9803605837681127	0.985007895071333	0.9829100094763867	0.9800488645286702	0.9840459782825681	0.9796269288678955	0.9794070989512851	0.9837509802496543	0.9814484746741604	0.9808012479011623	0.9819828397270922	0.9720896383719982	0.9807038007106803	0.9703554311820903	0.9679303515270895	0.9753384023052225	0.9853904340870817	0.9808251661751631	0.9813791979050744
0.9906384008496296	0.9855682875707407	0.9847937356971553	0.9863707829083845	0.9854379473576267	0.973075393336684	0.9822933197586902	0.9829143632419918	0.9838786722039361	0.9859196318707153	0.9845431125817621	0.9829938426555996	0.9861354362414981	0.9855771239576214	0.9827973313866306	1.0	0.9839134256851634	0.9762371876343165	0.9831661747431714	0.9747496677399282	0.9850677267516108	0.9814977447161717	0.9841083201536125	0.9846649877050224	0.9833346869267868	0.9844638406830539	0.983554014566228	0.9837313098897823	0.9865364794849272	0.9844337757389874	0.9869584230123674	0.9760678531880976	0.9855716239166052	0.967211507759829	0.9743301570509856	0.9792189649389627	0.9848478427398705	0.9851287783803339	0.9847338403580501
0.9831092921023192	0.9829773397617626	0.9812811360065747	0.9820545290791294	0.9841850244636292	0.9722523615935237	0.9800898103894323	0.9795743346407519	0.9806773781017248	0.984809012394316	0.9822427418664199	0.9818419826354456	0.9840880998327256	0.9823826668024593	0.9803363246661777	0.9839134256851634	1.0	0.9736291096985097	0.9799336799697558	0.9745562833299704	0.9839209634043902	0.9786815006827209	0.9807158468485065	0.9838459229543198	0.9795307796376502	0.9831335230217847	0.9824494634230837	0.9800212189289391	0.984287987869068	0.9820255438796255	0.9850039751458942	0.9752816520820817	0.9836802120986545	0.9627511244237059	0.9739654674348266	0.9772162755641622	0.9811358897792607	0.9833402671121781	0.9815325076053139
0.9725290985917148	0.974838196167342	0.976304700717846	0.9768422103558703	0.9744984608972478	0.946707124148495	0.9693563716343023	0.9764098328822983	0.9759129395094486	0.9735502485308223	0.9719429653604759	0.9689817426093431	0.9754631261808298	0.9751047362773179	0.9819488129493182	0.9762371876343165	0.9736291096985097	1.0	0.9783936934869089	0.9557294614455282	0.9735440503711548	0.9914008785760344	0.9751041348953757	0.9735476772891033	0.9772336259104649	0.9718495877999541	0.9729141106250326	0.9746219449608915	0.9748217077666417	0.9741842477393798	0.9762324537843542	0.9597270181973717	0.9739375080665644	0.9703621822823779	0.9516129488413763	0.9658847900223775	0.9764296121303049	0.9741801444251308	0.9739842382012213
0.9803055935518008	0.9820485350976642	0.9834459632121577	0.9839891520302096	0.9802031194730384	0.9612263766459699	0.977663187746229	0.9806614596149253	0.9832075668307232	0.9811947383231381	0.9792384531828601	0.9779343763011302	0.9828341228196461	0.982195777325204	0.9834029024578052	0.9831661747431714	0.9799336799697558	0.9783936934869089	1.0	0.9652094678088304	0.9806650128492519	0.9816805641301444	0.9836169406293901	0.9798729964756355	0.9836979073569587	0.9794767743495697	0.9789336000541036	0.9821985605531457	0.9818199471845496	0.9807150357778351	0.9824150282828876	0.9700872400690528	0.9938459038113558	0.970210997710504	0.9650408252743516	0.9738033386856346	0.9834540447798176	0.9803313978594579	0.981493254344807
0.9753356494811852	0.9742837779483182	0.9713654144618222	0.9696401163558224	0.9769044024491588	0.9812389313806944	0.9737494298328132	0.967249204916994	0.9705210769678436	0.9789178032957608	0.9766912794136824	0.9774235184786874	0.976823645575787	0.971424410616116	0.966774726076086	0.9747496677399282	0.9745562833299704	0.9557294614455282	0.9652094678088304	1.0	0.975301801286028	0.9624140326380237	0.9711436604675577	0.976272276315523	0.9674249962958431	0.9759968532439315	0.9748104273448016	0.9679030824250066	0.9854605977126355	0.9711846872657234	0.9879759095913554	0.9729295507679381	0.9757711360133762	0.9409310350015009	0.9767742379030596	0.9747076938929258	0.9691346792542265	0.9746173279754498	0.972580075859562
0.9844710779946599	0.9843089837226209	0.9823182803213507	0.9833910556413952	0.9851180083927513	0.9737901456211895	0.9813657301242981	0.981243920261645	0.9822925176001727	0.9856159412827783	0.9835523724197656	0.9828505456865483	0.9856327324590196	0.983339808642199	0.9803605837681127	0.9850677267516108	0.9839209634043902	0.9735440503711548	0.9806650128492519	0.975301801286028	1.0	0.9788987491502078	0.9813392793845808	0.9846543432572716	0.9807412678262292	0.9838969117838448	0.9834744206280309	0.9814964035604082	0.985660413206563	0.983475148876309	0.9861315499891125	0.9755114759093049	0.9849017524949054	0.9637307279480289	0.9747109947161487	0.9781368958264639	0.9825627087824416	0.9849408049600367	0.9909465440240425
0.9778375591143831	0.9801048072580629	0.982037410839814	0.9814178298013193	0.9796632237010519	0.961151159275442	0.9757929865060794	0.9810564547344311	0.9813309817752889	0.9797263683465264	0.9779374063370175	0.97564113487755	0.9812210257884062	0.9810634616143407	0.985007895071333	0.9814977447161717	0.9786815006827209	0.9914008785760344	0.9816805641301444	0.9624140326380237	0.9788987491502078	1.0	0.9811792351663284	0.9786975602972168	0.9814922996273207	0.9775134428214931	0.9778038559472275	0.9804036169965492	0.98049718641713	0.9788014005150643	0.9808404842146048	0.9683783086019868	0.9787641983732591	0.9687065749939373	0.9633032715015266	0.9724202694657349	0.981926274446574	0.9795414233332261	0.9798779927808452
0.9817011340865314	0.9843489493258334	0.9839905605537008	0.9850109152217701	0.9813799078485473	0.9689211366830317	0.9790902457703629	0.9817751054406654	0.9858475420044996	0.9838101388911136	0.9814646429167885	0.9809152041161766	0.9843570462248288	0.983572052688744	0.9829100094763867	0.9841083201536125	0.9807158468485065	0.9751041348953757	0.9836169406293901	0.9711436604675577	0.9813392793845808	0.9811792351663284	1.0	0.9818620130005277	0.9840827939542532	0.9812536740480625	0.9805302956711722	0.9837165644858722	0.9834744879476117	0.9821452753048345	0.9834483507268785	0.9722383715125495	0.9818435314751751	0.9658099618694498	0.9696977027526688	0.9767581856419715	0.9848370932396192	0.9820827523565094	0.9820129348938506
0.984489139354607	0.983841009479567	0.9833795621130806	0.982452324909091	0.9852157496987074	0.975719534046578	0.9813805162285687	0.9812789148884932	0.9861716135287865	0.9862796259394953	0.9844252825993515	0.9869917026650876	0.985207264267666	0.9827904051915834	0.9800488645286702	0.9846649877050224	0.9838459229543198	0.9735476772891033	0.9798729964756355	0.976272276315523	0.9846543432572716	0.9786975602972168	0.9818620130005277	1.0	0.980368570188173	0.9884614055298776	0.9958608410307787	0.9805860448931044	0.9849327602072537	0.9865281855959995	0.9855678308586091	0.9764829629357242	0.9843273253011724	0.9633606983469185	0.9761259462667979	0.9798757262667874	0.9818366559519702	0.9843022853975217	0.9827181792350114
0.9808680770555348	0.9840193130654064	0.9832485775967974	0.9849277219845473	0.981089183896914	0.9721482527360795	0.9777013442597696	0.9812484898959183	0.9841494882966518	0.9821442923059566	0.9798005228450594	0.9783052390333562	0.9829868218574218	0.9830913127695788	0.9840459782825681	0.9833346869267868	0.9795307796376502	0.9772336259104649	0.9836979073569587	0.9674249962958431	0.9807412678262292	0.9814922996273207	0.9840827939542532	0.980368570188173	1.0	0.9802026263783942	0.979471303880086	0.9832790665899933	0.9821024590761778	0.9816353672555157	0.982308212360885	0.970353544432303	0.9806514940463981	0.9686470769569638	0.9662637391917702	0.9749907516484132	0.9844322105840237	0.9805884445814985	0.9825790923522584
0.9838121094828652	0.9835312292606287	0.9818095914795176	0.9817872382791489	0.9852361720486612	0.9746632070529112	0.9812123014035293	0.9799940945154149	0.9875553271116815	0.9855445908988568	0.9840265495048642	0.9929261494869162	0.984527316745233	0.9822829677355409	0.9796269288678955	0.9844638406830539	0.9831335230217847	0.9718495877999541	0.9794767743495697	0.9759968532439315	0.9838969117838448	0.9775134428214931	0.9812536740480625	0.9884614055298776	0.9802026263783942	1.0	0.9874737873519599	0.9798319834528549	0.9847128137838537	0.9922010713338569	0.98524855433847	0.977123582569241	0.983604048125248	0.9622011783206335	0.9765216921631891	0.9793364130956949	0.9808500123545141	0.983981495376312	0.9823550064415497
0.9834318662354068	0.9828114937507637	0.9819071033827348	0.9817832116634242	0.9840078365131557	0.9737869989686552	0.9809445697312771	0.9803849454618536	0.985493236745705	0.9850690852803544	0.9835610561942425	0.9860839613857777	0.9839736428072112	0.981729928691362	0.9794070989512851	0.983554014566228	0.9824494634230837	0.9729141106250326	0.9789336000541036	0.9748104273448016	0.9834744206280309	0.9778038559472275	0.9805302956711722	0.9958608410307787	0.979471303880086	0.9874737873519599	1.0	0.9792688844410649	0.9836746091972185	0.9861026716938964	0.984572232096206	0.9752635398679425	0.9830351467041647	0.9622289104956103	0.9746166526617267	0.9798000576144559	0.9808025375209872	0.9830248199093539	0.9815709551448412
0.9814020379100462	0.9826425114650609	0.9829952512516063	0.9841621788878454	0.9811392367550229	0.9656381061674181	0.9783161010076336	0.9811003535674723	0.9831812742973052	0.9819830747594916	0.9799556928439573	0.9785228652990586	0.9834492080650683	0.9828871002444303	0.9837509802496543	0.9837313098897823	0.9800212189289391	0.9746219449608915	0.9821985605531457	0.9679030824250066	0.9814964035604082	0.9804036169965492	0.9837165644858722	0.9805860448931044	0.9832790665899933	0.9798319834528549	0.9792688844410649	1.0	0.9827732758154696	0.9811846057447017	0.9827004609209533	0.9722291168937139	0.9809213236217715	0.9685573175383058	0.96904114156072	0.9745199385040875	0.9980789805019511	0.9810218291646647	0.9820119142332929
0.9849120574512314	0.9850264810575091	0.9835377742848558	0.98407171525575	0.9858981060569072	0.9750127490256858	0.9822559650962799	0.9814720933049889	0.9828020186077412	0.9858623580164528	0.9845974526166742	0.9837516775226093	0.9863375007502803	0.9843446796082072	0.9814484746741604	0.9865364794849272	0.984287987869068	0.9748217077666417	0.9818199471845496	0.9854605977126355	0.985660413206563	0.98049718641713	0.9834744879476117	0.9849327602072537	0.9821024590761778	0.9847128137838537	0.9836746091972185	0.9827732758154696	1.0	0.983983729515618	0.9963147027424365	0.9764895005014232	0.9853721441964876	0.9655873478089317	0.9753807914799875	0.9798560854914465	0.9834963493915327	0.9849733743161873	0.9839514963955481
0.9823549504768883	0.98335093335786	0.9821170260396836	0.9826020178516788	0.9837134112618979	0.9698894819274021	0.9800138834866032	0.9812682552160445	0.9885634199724574	0.9835556266040492	0.981693552197172	0.9913061751891229	0.9840638060509384	0.9829976852251175	0.9808012479011623	0.9844337757389874	0.9820255438796255	0.9741842477393798	0.9807150357778351	0.9711846872657234	0.983475148876309	0.9788014005150643	0.9821452753048345	0.9865281855959995	0.9816353672555157	0.9922010713338569	0.9861026716938964	0.9811846057447017	0.983983729515618	1.0	0.984221635122115	0.9742313621254844	0.9833672971545562	0.9647235499023694	0.9720056240732662	0.9767425698778214	0.9819729998180017	0.9836862501842614	0.9830379452849586
0.9858349431370095	0.9854839546129759	0.9834138443111631	0.9841621679825862	0.9865272850410333	0.975366862721585	0.9825858634909957	0.9822190043527208	0.9833969425669336	0.9867327468722927	0.9850231975226723	0.9843891574080295	0.9863528787694551	0.9843192963428417	0.9819828397270922	0.9869584230123674	0.9850039751458942	0.9762324537843542	0.9824150282828876	0.9879759095913554	0.9861315499891125	0.9808404842146048	0.9834483507268785	0.9855678308586091	0.982308212360885	0.98524855433847	0.984572232096206	0.9827004609209533	0.9963147027424365	0.984221635122115	1.0	0.9772263360759769	0.9861665103939223	0.9663900491758894	0.975753914647655	0.9800647241879542	0.9837607119212421	0.9853748814800039	0.9841259311334044
0.9750227002365897	0.975901206029843	0.9742808222972125	0.9731826717796818	0.9788597038192837	0.9740698481134263	0.9741639083596306	0.9727130451953496	0.9739801314020944	0.9791400127897028	0.9766480571053769	0.9775196567917426	0.977668853569415	0.9739654674348266	0.9720896383719982	0.9760678531880976	0.9752816520820817	0.9597270181973717	0.9700872400690528	0.9729295507679381	0.9755114759093049	0.9683783086019868	0.9722383715125495	0.9764829629357242	0.970353544432303	0.977123582569241	0.9752635398679425	0.9722291168937139	0.9764895005014232	0.9742313621254844	0.9772263360759769	1.0	0.9763925757694202	0.9585169232783152	0.9893817276170201	0.973631734093266	0.9738539985611009	0.9757049472103856	0.9732366616425819
0.9842148058239528	0.9841134507414917	0.9826985354504384	0.9828256028549449	0.9845425003131542	0.9738262610305591	0.9815401294711821	0.9805779351859939	0.9819812104102564	0.9856370442392837	0.9835560644027193	0.9825769690184437	0.9855040794366157	0.9830233251063408	0.9807038007106803	0.9855716239166052	0.9836802120986545	0.9739375080665644	0.9938459038113558	0.9757711360133762	0.9849017524949054	0.9787641983732591	0.9818435314751751	0.9843273253011724	0.9806514940463981	0.983604048125248	0.9830351467041647	0.9809213236217715	0.9853721441964876	0.9833672971545562	0.9861665103939223	0.9763925757694202	1.0	0.9650465862508161	0.9749917830400817	0.9788373903383262	0.9820425766367084	0.9843574163644566	0.9834393985028851
0.9641352164036285	0.9653259946285617	0.967524741199336	0.9677295532817111	0.9658361064352337	0.9289140361620454	0.9591176351493181	0.9671601171330529	0.9667436463300879	0.9639498924490355	0.9615740866922218	0.955648132058036	0.9663715635017938	0.9658438319251286	0.9703554311820903	0.967211507759829	0.9627511244237059	0.9703621822823779	0.970210997710504	0.9409310350015009	0.9637307279480289	0.9687065749939373	0.9658099618694498	0.9633606983469185	0.9686470769569638	0.9622011783206335	0.9622289104956103	0.9685573175383058	0.9655873478089317	0.9647235499023694	0.9663900491758894	0.9585169232783152	0.9650465862508161	1.0	0.8111580166949227	0.9540144101587238	0.970415404870716	0.964929235659665	0.9653462783614324
0.9741527862898529	0.9737212913878219	0.9711127782401764	0.9703885082787183	0.9777072855348387	0.9783213199661948	0.9739284158423348	0.9696490821159393	0.9712351124017802	0.9785120332865338	0.9760928745994928	0.9778797945727334	0.9761560569280144	0.9716901617373299	0.9679303515270895	0.9743301570509856	0.9739654674348266	0.9516129488413763	0.9650408252743516	0.9767742379030596	0.9747109947161487	0.9633032715015266	0.9696977027526688	0.9761259462667979	0.9662637391917702	0.9765216921631891	0.9746166526617267	0.96904114156072	0.9753807914799875	0.9720056240732662	0.975753914647655	0.9893817276170201	0.9749917830400817	0.8111580166949227	1.0	0.9746044981590128	0.9706627362219371	0.9747109947161487	0.9704811343828511
0.9787995950062116	0.9784576694787044	0.9777428435057287	0.9767345969919297	0.9801958302887023	0.9741535830698699	0.9764534601291694	0.9750013910063458	0.9777239607588474	0.9819136933190904	0.988561480692059	0.9796797032854859	0.9799593283024216	0.9773072585970987	0.9753384023052225	0.9792189649389627	0.9772162755641622	0.9658847900223775	0.9738033386856346	0.9747076938929258	0.9781368958264639	0.9724202694657349	0.9767581856419715	0.9798757262667874	0.9749907516484132	0.9793364130956949	0.9798000576144559	0.9745199385040875	0.9798560854914465	0.9767425698778214	0.9800647241879542	0.973631734093266	0.9788373903383262	0.9540144101587238	0.9746044981590128	1.0	0.9760951817169728	0.9787139157174312	0.9765665706871617
0.982372790563439	0.9839636956151648	0.9840998664417089	0.9855211816666998	0.9825747170284393	0.9672690756728194	0.9793042330111927	0.9826619435408586	0.9847908432994505	0.9833586885105875	0.9813773512109908	0.9791894167506284	0.984688190709878	0.9840345305327935	0.9853904340870817	0.9848478427398705	0.9811358897792607	0.9764296121303049	0.9834540447798176	0.9691346792542265	0.9825627087824416	0.981926274446574	0.9848370932396192	0.9818366559519702	0.9844322105840237	0.9808500123545141	0.9808025375209872	0.9980789805019511	0.9834963493915327	0.9819729998180017	0.9837607119212421	0.9738539985611009	0.9820425766367084	0.970415404870716	0.9706627362219371	0.9760951817169728	1.0	0.9823251384096962	0.9831433374207479
0.984014524553572	0.9842875227170359	0.9823182803213507	0.982866848063423	0.9868748182770667	0.9736426795907088	0.9811571007748608	0.981219143250552	0.9826514415286868	0.9855745705608085	0.9845170145309198	0.9826701642790066	0.9851080236066934	0.983447965526455	0.9808251661751631	0.9851287783803339	0.9833402671121781	0.9741801444251308	0.9803313978594579	0.9746173279754498	0.9849408049600367	0.9795414233332261	0.9820827523565094	0.9843022853975217	0.9805884445814985	0.983981495376312	0.9830248199093539	0.9810218291646647	0.9849733743161873	0.9836862501842614	0.9853748814800039	0.9757049472103856	0.9843574163644566	0.964929235659665	0.9747109947161487	0.9787139157174312	0.9823251384096962	1.0	0.9834605584459195
0.9821289436716261	0.9841412068463088	0.9835523214009324	0.9841561683314854	0.9827956515290264	0.9713797278747682	0.9804392232991419	0.9819267097483502	0.9827412900497139	0.9837031350645068	0.9819795985667811	0.980664878498611	0.9851895282651378	0.9842694614309596	0.9813791979050744	0.9847338403580501	0.9815325076053139	0.9739842382012213	0.981493254344807	0.972580075859562	0.9909465440240425	0.9798779927808452	0.9820129348938506	0.9827181792350114	0.9825790923522584	0.9823550064415497	0.9815709551448412	0.9820119142332929	0.9839514963955481	0.9830379452849586	0.9841259311334044	0.9732366616425819	0.9834393985028851	0.9653462783614324	0.9704811343828511	0.9765665706871617	0.9831433374207479	0.9834605584459195	1.0
