/home/jshaw/scratch/2022_sketched_distance/references/SGB_genome_fastas_part5/14824/BackhedF_2015__SID377_M__bin.66.fa	/home/jshaw/scratch/2022_sketched_distance/references/SGB_genome_fastas_part5/14824/CM_madagascar__A13_01_1FE__bin.7.fa	/home/jshaw/scratch/2022_sketched_distance/references/SGB_genome_fastas_part5/14824/CM_madagascar__A29_01_1FE__bin.20.fa	/home/jshaw/scratch/2022_sketched_distance/references/SGB_genome_fastas_part5/14824/CosteaPI_2017__bugkiller-11-0-0__bin.27.fa	/home/jshaw/scratch/2022_sketched_distance/references/SGB_genome_fastas_part5/14824/CosteaPI_2017__bugkiller-11-2-0__bin.13.fa	/home/jshaw/scratch/2022_sketched_distance/references/SGB_genome_fastas_part5/14824/FengQ_2015__SID31160__bin.20.fa	/home/jshaw/scratch/2022_sketched_distance/references/SGB_genome_fastas_part5/14824/FengQ_2015__SID31424__bin.6.fa	/home/jshaw/scratch/2022_sketched_distance/references/SGB_genome_fastas_part5/14824/FengQ_2015__SID31446__bin.57.fa	/home/jshaw/scratch/2022_sketched_distance/references/SGB_genome_fastas_part5/14824/FengQ_2015__SID530018__bin.34.fa	/home/jshaw/scratch/2022_sketched_distance/references/SGB_genome_fastas_part5/14824/FengQ_2015__SID530050__bin.53.fa	/home/jshaw/scratch/2022_sketched_distance/references/SGB_genome_fastas_part5/14824/FengQ_2015__SID530262__bin.9.fa	/home/jshaw/scratch/2022_sketched_distance/references/SGB_genome_fastas_part5/14824/FengQ_2015__SID530323__bin.24.fa	/home/jshaw/scratch/2022_sketched_distance/references/SGB_genome_fastas_part5/14824/FengQ_2015__SID530348__bin.27.fa	/home/jshaw/scratch/2022_sketched_distance/references/SGB_genome_fastas_part5/14824/FengQ_2015__SID532749__bin.26.fa	/home/jshaw/scratch/2022_sketched_distance/references/SGB_genome_fastas_part5/14824/LiJ_2014__V1.FI15__bin.45.fa	/home/jshaw/scratch/2022_sketched_distance/references/SGB_genome_fastas_part5/14824/LiuW_2016__SRR3992973__bin.13.fa	/home/jshaw/scratch/2022_sketched_distance/references/SGB_genome_fastas_part5/14824/LiuW_2016__SRR3993018__bin.6.fa	/home/jshaw/scratch/2022_sketched_distance/references/SGB_genome_fastas_part5/14824/NielsenHB_2014__V1_UC54_0__bin.7.fa	/home/jshaw/scratch/2022_sketched_distance/references/SGB_genome_fastas_part5/14824/Obregon-TitoAJ_2015__SM29__bin.51.fa	/home/jshaw/scratch/2022_sketched_distance/references/SGB_genome_fastas_part5/14824/SchirmerM_2016__G88875__bin.38.fa	/home/jshaw/scratch/2022_sketched_distance/references/SGB_genome_fastas_part5/14824/SchirmerM_2016__G89165__bin.16.fa	/home/jshaw/scratch/2022_sketched_distance/references/SGB_genome_fastas_part5/14824/XieH_2016__YSZC12003_37222__bin.29.fa	/home/jshaw/scratch/2022_sketched_distance/references/SGB_genome_fastas_part5/14824/XieH_2016__YSZC12003_37223__bin.36.fa	/home/jshaw/scratch/2022_sketched_distance/references/SGB_genome_fastas_part5/14824/XieH_2016__YSZC12003_37232__bin.25.fa	/home/jshaw/scratch/2022_sketched_distance/references/SGB_genome_fastas_part5/14824/XieH_2016__YSZC12003_37233__bin.69.fa	/home/jshaw/scratch/2022_sketched_distance/references/SGB_genome_fastas_part5/14824/XieH_2016__YSZC12003_37269__bin.56.fa	/home/jshaw/scratch/2022_sketched_distance/references/SGB_genome_fastas_part5/14824/XieH_2016__YSZC12003_37406__bin.6.fa	/home/jshaw/scratch/2022_sketched_distance/references/SGB_genome_fastas_part5/14824/XieH_2016__YSZC12003_37546__bin.60.fa	/home/jshaw/scratch/2022_sketched_distance/references/SGB_genome_fastas_part5/14824/XieH_2016__YSZC12003_37754__bin.38.fa	/home/jshaw/scratch/2022_sketched_distance/references/SGB_genome_fastas_part5/14824/YuJ_2015__SZAXPI003411-6__bin.62.fa	/home/jshaw/scratch/2022_sketched_distance/references/SGB_genome_fastas_part5/14824/ZeeviD_2015__PNP_Main_223__bin.49.fa	/home/jshaw/scratch/2022_sketched_distance/references/SGB_genome_fastas_part5/14824/ZellerG_2014__MMPU29365221ST__bin.37.fa
1.0	0.9757872944018235	0.9584638218912079	0.9750542615234372	0.9763866995838021	0.9679214455248338	0.9694597186410864	0.9766859629659613	0.9732503145542301	0.9691506947985334	0.9814995889236007	0.9748596548189185	0.9748435284336915	0.9839060916999127	0.9755163847238982	0.967872199504454	0.9735997524449659	0.974889752056312	0.9653320191134233	0.9829648575425407	0.9734830551446991	0.9751312676581443	0.9788098818596936	0.972346097044606	0.9680484968724845	0.9606689708201483	0.9655897759829065	0.9742819350424123	0.979876896174396	0.9649733233904103	0.9613329097339557	0.9742441619630127
0.9757872944018235	1.0	0.9623065457470384	0.9763538388804089	0.9788961221435359	0.9667992350763911	0.9667934072826357	0.9786867586902356	0.9725007920318004	0.9681424208670933	0.9748850021733556	0.9741338484800292	0.9747287179956075	0.976291332187024	0.9751186133150961	0.9683857721558281	0.9738284997939652	0.9760928215930408	0.9669539484739192	0.9726770587551588	0.9757045150261365	0.9768033601129703	0.9783013649293999	0.9724788270411141	0.9633884132510574	0.9647339350059182	0.9661943552713597	0.9737818216160258	0.978156534194795	0.9629834376351577	0.962775907839124	0.9765640698252459
0.9584638218912079	0.9623065457470384	1.0	0.9604718378975894	0.9623657813001733	0.9540076787518148	0.9546204778783899	0.9624520820116576	0.9601040836421446	0.954834514244384	0.9582668288575659	0.9580969765269314	0.9601469449788719	0.9610225304859118	0.9589381186495999	0.9557013543417688	0.961963022693144	0.9611237276502356	0.953062966902338	0.956659751420116	0.9607012764434499	0.9598576018277155	0.962856664043525	0.9602536652670997	0.950030017408517	0.9836146311024646	0.9791551787610672	0.9591802543017739	0.9614421176334266	0.9659387787909421	0.9623407670845453	0.9588349011125683
0.9750542615234372	0.9763538388804089	0.9604718378975894	1.0	0.9956172265884375	0.9667287661967215	0.9686981386643795	0.9858345374428017	0.972527698666268	0.9705577925085743	0.9749726094379432	0.972484902544158	0.9730724675208997	0.9755026780123076	0.9738103714617661	0.967637459230951	0.972464100233915	0.9749911084901878	0.9661580950672625	0.972810907194592	0.9728873119850502	0.9738280787358077	0.9763898634861409	0.9708583571836855	0.9642347451488111	0.9612379734332683	0.9652290052191903	0.9732385951658283	0.9782577470435169	0.96329689206757	0.9626173512456004	0.993783815884216
0.9763866995838021	0.9788961221435359	0.9623657813001733	0.9956172265884375	1.0	0.9676358725849893	0.9699969532995036	0.9879858675202736	0.9743640329549622	0.9717337587022176	0.9761854084478406	0.9740014968299542	0.9752621645934342	0.9780561399374352	0.9750637648694755	0.9699830755362702	0.9752054261525156	0.9766487471084663	0.9687732199837187	0.9745224057306195	0.9754609204205011	0.9762942722783758	0.9782529369431452	0.9728145755628437	0.9652704247567824	0.9629384179867101	0.9669454636590877	0.9754460591503301	0.9809977786990145	0.9650200312623276	0.9641545709534627	0.9949889267680985
0.9679214455248338	0.9667992350763911	0.9540076787518148	0.9667287661967215	0.9676358725849893	1.0	0.9694887576558373	0.9681623678183928	0.9728538764436491	0.9715487997576728	0.9682887938521567	0.9701081573318008	0.9717857335810539	0.9684832094379155	0.965038235842303	0.9605848091511473	0.9690956570912878	0.966144820671603	0.9583128973196605	0.9655558716385355	0.9650881525822051	0.967375547636902	0.9698965020364143	0.9860916210400494	0.9569494011866605	0.9548988704605913	0.9590328279607652	0.967683181883105	0.9676910760366323	0.9557680409274637	0.955257589436342	0.9675012526217401
0.9694597186410864	0.9667934072826357	0.9546204778783899	0.9686981386643795	0.9699969532995036	0.9694887576558373	1.0	0.9704048079571393	0.974334658949063	0.9718995910311155	0.9701188470956369	0.9726218518757053	0.9758128817151716	0.9701311798083233	0.9671140496420835	0.9649935980193173	0.9692577051302357	0.9684637060688192	0.9620253527555148	0.9673664925961075	0.9664266847794165	0.968137335936505	0.971015772062982	0.9679086677376258	0.9599003061761189	0.9546588694234446	0.9589113383957117	0.9709143998465117	0.9700268408073582	0.9593124831225638	0.9564516487389828	0.968242798188777
0.9766859629659613	0.9786867586902356	0.9624520820116576	0.9858345374428017	0.9879858675202736	0.9681623678183928	0.9704048079571393	1.0	0.9749830768711629	0.9713209452334651	0.9756123761408162	0.9735773465622531	0.9748622577600986	0.9787406989626185	0.9745022557923497	0.9695041871366854	0.9747206342319894	0.9768449625958383	0.9685302837397235	0.9741973074199708	0.9746329997735225	0.9766490341408545	0.9790837719615069	0.9738918450479902	0.9662936978210894	0.9634164056659494	0.9681406023653508	0.9750207704030619	0.9789429863288716	0.9645905006302673	0.9634332402431058	0.9856379000270544
0.9732503145542301	0.9725007920318004	0.9601040836421446	0.972527698666268	0.9743640329549622	0.9728538764436491	0.974334658949063	0.9749830768711629	1.0	0.9746830875905748	0.9746711888127251	0.9746580549569528	0.9776372143862505	0.9748075828755424	0.9709748138124332	0.9675560812868972	0.975366862721585	0.973888801586828	0.9642860418595162	0.9702642445072477	0.9725940163434549	0.9734729503589096	0.9763103001611468	0.9744420927387919	0.9624782588625137	0.9599134918423698	0.9650345388127585	0.9740527206037657	0.9739679778946312	0.962134664080309	0.9618093065990773	0.9723742150558022
0.9691506947985334	0.9681424208670933	0.954834514244384	0.9705577925085743	0.9717337587022176	0.9715487997576728	0.9718995910311155	0.9713209452334651	0.9746830875905748	1.0	0.9717411848945033	0.9739653677742711	0.9736756587355935	0.9709654442148307	0.9680232437140377	0.9646068630058429	0.971120889853055	0.9700175809910468	0.9624648694367818	0.9666234763830386	0.9688977143545399	0.9689519604638878	0.9720157404286153	0.9702345967051101	0.9612244738455531	0.95589972982042	0.9608907574272444	0.9724730115600506	0.9717778267231393	0.9589926388753653	0.9558967473052132	0.969821595467306
0.9814995889236007	0.9748850021733556	0.9582668288575659	0.9749726094379432	0.9761854084478406	0.9682887938521567	0.9701188470956369	0.9756123761408162	0.9746711888127251	0.9717411848945033	1.0	0.9740257803387545	0.9750205341493529	0.9814364795754762	0.9753879945541026	0.9682304672378673	0.9723673859873445	0.9752415015840625	0.9659639967075586	0.9797916903063043	0.9740602845238548	0.9748050874737225	0.9770348096120361	0.9715956298109697	0.9671888140357339	0.9592238891707032	0.964954624746927	0.9736369582635664	0.9780480151663757	0.9642741982864419	0.9626383576985131	0.9743077123382762
0.9748596548189185	0.9741338484800292	0.9580969765269314	0.972484902544158	0.9740014968299542	0.9701081573318008	0.9726218518757053	0.9735773465622531	0.9746580549569528	0.9739653677742711	0.9740257803387545	1.0	0.9757873518702355	0.9746594519422556	0.9806148135775001	0.9684855280582428	0.9718641591326469	0.9733412737107334	0.9632448546874518	0.9715471021821513	0.9788543230293774	0.9732684835016611	0.9735035982229112	0.9698863483357377	0.962503044046907	0.9593457118018263	0.9638987086802561	0.973531541960125	0.9739026097177622	0.9617704670400358	0.9586720274277654	0.972415433150912
0.9748435284336915	0.9747287179956075	0.9601469449788719	0.9730724675208997	0.9752621645934342	0.9717857335810539	0.9758128817151716	0.9748622577600986	0.9776372143862505	0.9736756587355935	0.9750205341493529	0.9757873518702355	1.0	0.9758832413878091	0.9740359124859977	0.9681360601111432	0.976101457599417	0.9755250577563598	0.9649664687771979	0.9719986621872565	0.9741844185135272	0.9745393592993465	0.9767142382716237	0.9740865791923565	0.9635668001551375	0.9617590397777697	0.9655851390505246	0.9758475180531521	0.9761258004969722	0.9634170635439457	0.9632020502664816	0.9730203758713225
0.9839060916999127	0.976291332187024	0.9610225304859118	0.9755026780123076	0.9780561399374352	0.9684832094379155	0.9701311798083233	0.9787406989626185	0.9748075828755424	0.9709654442148307	0.9814364795754762	0.9746594519422556	0.9758832413878091	1.0	0.9754901761494406	0.9697505273217952	0.975269489186335	0.9769642046435191	0.9679675028265431	0.9803936771783246	0.9758402416456377	0.9779495533285945	0.9800754939617876	0.9744978374483468	0.9687859612741044	0.9625801305597405	0.968853164341607	0.9749595190303557	0.9810286675134138	0.9659147788746577	0.9625157133967879	0.9756397428951274
0.9755163847238982	0.9751186133150961	0.9589381186495999	0.9738103714617661	0.9750637648694755	0.965038235842303	0.9671140496420835	0.9745022557923497	0.9709748138124332	0.9680232437140377	0.9753879945541026	0.9806148135775001	0.9740359124859977	0.9754901761494406	1.0	0.9722408525890197	0.9718267200627767	0.9751543781164974	0.966371751517665	0.97276824399079	0.9799088813996286	0.9752982604950153	0.9746089652904998	0.9702556297584173	0.966671929539318	0.9607865532007425	0.9647714415779217	0.9738737295429496	0.9751280052904101	0.9611771067953268	0.9598279661173269	0.9728118725117422
0.967872199504454	0.9683857721558281	0.9557013543417688	0.967637459230951	0.9699830755362702	0.9605848091511473	0.9649935980193173	0.9695041871366854	0.9675560812868972	0.9646068630058429	0.9682304672378673	0.9684855280582428	0.9681360601111432	0.9697505273217952	0.9722408525890197	1.0	0.9706916347956502	0.9681135313194408	0.964150467015453	0.9651327753208347	0.9685318248124165	0.9685155811878704	0.9704405066618563	0.9668640635474693	0.9621598623412515	0.9568437043458727	0.9597861716199144	0.968523310348142	0.9688730110803241	0.9592406631100844	0.956200229274833	0.968031673135435
0.9735997524449659	0.9738284997939652	0.961963022693144	0.972464100233915	0.9752054261525156	0.9690956570912878	0.9692577051302357	0.9747206342319894	0.975366862721585	0.971120889853055	0.9723673859873445	0.9718641591326469	0.976101457599417	0.975269489186335	0.9718267200627767	0.9706916347956502	1.0	0.9730430686494237	0.9654379465844236	0.9700270271282205	0.9720989138757591	0.9744469820341238	0.9766898841811713	0.9746032959576209	0.9643720500953334	0.9624392176609029	0.9660639764287038	0.9740401579679767	0.9746554792357476	0.9626399218966509	0.9615913808209317	0.9719635013560404
0.974889752056312	0.9760928215930408	0.9611237276502356	0.9749911084901878	0.9766487471084663	0.966144820671603	0.9684637060688192	0.9768449625958383	0.973888801586828	0.9700175809910468	0.9752415015840625	0.9733412737107334	0.9755250577563598	0.9769642046435191	0.9751543781164974	0.9681135313194408	0.9730430686494237	1.0	0.9658509424551631	0.9715637537706364	0.9766475690398062	0.9750705866401259	0.9763124358154528	0.9711957511132758	0.9640498675382863	0.9611333121921044	0.9655650580570128	0.9764126951623625	0.9761048080047898	0.9635157172136013	0.9644479882830198	0.9745354863373172
0.9653320191134233	0.9669539484739192	0.953062966902338	0.9661580950672625	0.9687732199837187	0.9583128973196605	0.9620253527555148	0.9685302837397235	0.9642860418595162	0.9624648694367818	0.9659639967075586	0.9632448546874518	0.9649664687771979	0.9679675028265431	0.966371751517665	0.964150467015453	0.9654379465844236	0.9658509424551631	1.0	0.9644208340369556	0.9649456634525709	0.9656785019125231	0.9660361802956287	0.9638236332767693	0.9590131767567578	0.9540735001641365	0.9561774790700316	0.9659854272945786	0.9675837315696845	0.9572972921673314	0.9531457125849316	0.9672588608097019
0.9829648575425407	0.9726770587551588	0.956659751420116	0.972810907194592	0.9745224057306195	0.9655558716385355	0.9673664925961075	0.9741973074199708	0.9702642445072477	0.9666234763830386	0.9797916903063043	0.9715471021821513	0.9719986621872565	0.9803936771783246	0.97276824399079	0.9651327753208347	0.9700270271282205	0.9715637537706364	0.9644208340369556	1.0	0.9723167608664205	0.9743917284912028	0.9756549409787427	0.969077264296129	0.970619731371506	0.9580252563069619	0.9622449131115102	0.9706702626980693	0.9777418872967122	0.9636862674423703	0.9596652464314668	0.9733171699102993
0.9734830551446991	0.9757045150261365	0.9607012764434499	0.9728873119850502	0.9754609204205011	0.9650881525822051	0.9664266847794165	0.9746329997735225	0.9725940163434549	0.9688977143545399	0.9740602845238548	0.9788543230293774	0.9741844185135272	0.9758402416456377	0.9799088813996286	0.9685318248124165	0.9720989138757591	0.9766475690398062	0.9649456634525709	0.9723167608664205	1.0	0.9746323602444447	0.9750557254369911	0.9702426113433297	0.9650528579524417	0.960536041944741	0.9648187111273899	0.9734863315505204	0.9748165271821119	0.9615426625792883	0.9625524086430001	0.972665091805113
0.9751312676581443	0.9768033601129703	0.9598576018277155	0.9738280787358077	0.9762942722783758	0.967375547636902	0.968137335936505	0.9766490341408545	0.9734729503589096	0.9689519604638878	0.9748050874737225	0.9732684835016611	0.9745393592993465	0.9779495533285945	0.9752982604950153	0.9685155811878704	0.9744469820341238	0.9750705866401259	0.9656785019125231	0.9743917284912028	0.9746323602444447	1.0	0.977842720710055	0.9736184012164177	0.9652506423948933	0.9611383110459066	0.9650257883038402	0.97427893972622	0.9753464022317236	0.962740735468804	0.9628926708581536	0.9734516119690132
0.9788098818596936	0.9783013649293999	0.962856664043525	0.9763898634861409	0.9782529369431452	0.9698965020364143	0.971015772062982	0.9790837719615069	0.9763103001611468	0.9720157404286153	0.9770348096120361	0.9735035982229112	0.9767142382716237	0.9800754939617876	0.9746089652904998	0.9704405066618563	0.9766898841811713	0.9763124358154528	0.9660361802956287	0.9756549409787427	0.9750557254369911	0.977842720710055	1.0	0.975361730035701	0.9673538042488429	0.9630497050985581	0.9680351697704792	0.9747690463132224	0.9782407170580787	0.9645467854048959	0.9633982145445552	0.9762591560411173
0.972346097044606	0.9724788270411141	0.9602536652670997	0.9708583571836855	0.9728145755628437	0.9860916210400494	0.9679086677376258	0.9738918450479902	0.9744420927387919	0.9702345967051101	0.9715956298109697	0.9698863483357377	0.9740865791923565	0.9744978374483468	0.9702556297584173	0.9668640635474693	0.9746032959576209	0.9711957511132758	0.9638236332767693	0.969077264296129	0.9702426113433297	0.9736184012164177	0.975361730035701	1.0	0.9633858403318946	0.9611319920104598	0.964971360207363	0.9723724145881282	0.9735778628873007	0.9612420663610288	0.9603442685396353	0.9708915007322226
0.9680484968724845	0.9633884132510574	0.950030017408517	0.9642347451488111	0.9652704247567824	0.9569494011866605	0.9599003061761189	0.9662936978210894	0.9624782588625137	0.9612244738455531	0.9671888140357339	0.962503044046907	0.9635668001551375	0.9687859612741044	0.966671929539318	0.9621598623412515	0.9643720500953334	0.9640498675382863	0.9590131767567578	0.970619731371506	0.9650528579524417	0.9652506423948933	0.9673538042488429	0.9633858403318946	1.0	0.951863381134586	0.9544120501843952	0.9635204421392297	0.9680594678501164	0.9564476190182234	0.9533874637643597	0.964326971297234
0.9606689708201483	0.9647339350059182	0.9836146311024646	0.9612379734332683	0.9629384179867101	0.9548988704605913	0.9546588694234446	0.9634164056659494	0.9599134918423698	0.95589972982042	0.9592238891707032	0.9593457118018263	0.9617590397777697	0.9625801305597405	0.9607865532007425	0.9568437043458727	0.9624392176609029	0.9611333121921044	0.9540735001641365	0.9580252563069619	0.960536041944741	0.9611383110459066	0.9630497050985581	0.9611319920104598	0.951863381134586	1.0	0.9804293917429234	0.9601991042523246	0.9640507064144136	0.9665696398008014	0.9622739710227916	0.9607013045252553
0.9655897759829065	0.9661943552713597	0.9791551787610672	0.9652290052191903	0.9669454636590877	0.9590328279607652	0.9589113383957117	0.9681406023653508	0.9650345388127585	0.9608907574272444	0.964954624746927	0.9638987086802561	0.9655851390505246	0.968853164341607	0.9647714415779217	0.9597861716199144	0.9660639764287038	0.9655650580570128	0.9561774790700316	0.9622449131115102	0.9648187111273899	0.9650257883038402	0.9680351697704792	0.964971360207363	0.9544120501843952	0.9804293917429234	1.0	0.9645041098898272	0.9668179307694122	0.9665510087158787	0.9628929996907286	0.9640337753654707
0.9742819350424123	0.9737818216160258	0.9591802543017739	0.9732385951658283	0.9754460591503301	0.967683181883105	0.9709143998465117	0.9750207704030619	0.9740527206037657	0.9724730115600506	0.9736369582635664	0.973531541960125	0.9758475180531521	0.9749595190303557	0.9738737295429496	0.968523310348142	0.9740401579679767	0.9764126951623625	0.9659854272945786	0.9706702626980693	0.9734863315505204	0.97427893972622	0.9747690463132224	0.9723724145881282	0.9635204421392297	0.9601991042523246	0.9645041098898272	1.0	0.9750937929832185	0.9614562687768271	0.961187831273287	0.9735104711915556
0.979876896174396	0.978156534194795	0.9614421176334266	0.9782577470435169	0.9809977786990145	0.9676910760366323	0.9700268408073582	0.9789429863288716	0.9739679778946312	0.9717778267231393	0.9780480151663757	0.9739026097177622	0.9761258004969722	0.9810286675134138	0.9751280052904101	0.9688730110803241	0.9746554792357476	0.9761048080047898	0.9675837315696845	0.9777418872967122	0.9748165271821119	0.9753464022317236	0.9782407170580787	0.9735778628873007	0.9680594678501164	0.9640507064144136	0.9668179307694122	0.9750937929832185	1.0	0.9651977519589034	0.9638699243495122	0.978330295382022
0.9649733233904103	0.9629834376351577	0.9659387787909421	0.96329689206757	0.9650200312623276	0.9557680409274637	0.9593124831225638	0.9645905006302673	0.962134664080309	0.9589926388753653	0.9642741982864419	0.9617704670400358	0.9634170635439457	0.9659147788746577	0.9611771067953268	0.9592406631100844	0.9626399218966509	0.9635157172136013	0.9572972921673314	0.9636862674423703	0.9615426625792883	0.962740735468804	0.9645467854048959	0.9612420663610288	0.9564476190182234	0.9665696398008014	0.9665510087158787	0.9614562687768271	0.9651977519589034	1.0	0.9582281597597726	0.9631300953697634
0.9613329097339557	0.962775907839124	0.9623407670845453	0.9626173512456004	0.9641545709534627	0.955257589436342	0.9564516487389828	0.9634332402431058	0.9618093065990773	0.9558967473052132	0.9626383576985131	0.9586720274277654	0.9632020502664816	0.9625157133967879	0.9598279661173269	0.956200229274833	0.9615913808209317	0.9644479882830198	0.9531457125849316	0.9596652464314668	0.9625524086430001	0.9628926708581536	0.9633982145445552	0.9603442685396353	0.9533874637643597	0.9622739710227916	0.9628929996907286	0.961187831273287	0.9638699243495122	0.9582281597597726	1.0	0.9621933756755596
0.9742441619630127	0.9765640698252459	0.9588349011125683	0.993783815884216	0.9949889267680985	0.9675012526217401	0.968242798188777	0.9856379000270544	0.9723742150558022	0.969821595467306	0.9743077123382762	0.972415433150912	0.9730203758713225	0.9756397428951274	0.9728118725117422	0.968031673135435	0.9719635013560404	0.9745354863373172	0.9672588608097019	0.9733171699102993	0.972665091805113	0.9734516119690132	0.9762591560411173	0.9708915007322226	0.964326971297234	0.9607013045252553	0.9640337753654707	0.9735104711915556	0.978330295382022	0.9631300953697634	0.9621933756755596	1.0
