/home/jshaw/scratch/2022_sketched_distance/references/SGB_genome_fastas_part3/4816/BackhedF_2015__SID184_12M__bin.1.fa	/home/jshaw/scratch/2022_sketched_distance/references/SGB_genome_fastas_part3/4816/Bengtsson-PalmeJ_2015__TRAVELRES19__bin.33.fa	/home/jshaw/scratch/2022_sketched_distance/references/SGB_genome_fastas_part3/4816/Bengtsson-PalmeJ_2015__TRAVELRES4__bin.123.fa	/home/jshaw/scratch/2022_sketched_distance/references/SGB_genome_fastas_part3/4816/Bengtsson-PalmeJ_2015__TRAVELRES57__bin.29.fa	/home/jshaw/scratch/2022_sketched_distance/references/SGB_genome_fastas_part3/4816/Bengtsson-PalmeJ_2015__TRAVELRES61__bin.97.fa	/home/jshaw/scratch/2022_sketched_distance/references/SGB_genome_fastas_part3/4816/BritoIL_2016__W1.41.ST__bin.79.fa	/home/jshaw/scratch/2022_sketched_distance/references/SGB_genome_fastas_part3/4816/CM_madagascar__A58_01_1FE__bin.6.fa	/home/jshaw/scratch/2022_sketched_distance/references/SGB_genome_fastas_part3/4816/FengQ_2015__SID31379__bin.49.fa	/home/jshaw/scratch/2022_sketched_distance/references/SGB_genome_fastas_part3/4816/FengQ_2015__SID530002__bin.65.fa	/home/jshaw/scratch/2022_sketched_distance/references/SGB_genome_fastas_part3/4816/FengQ_2015__SID530119__bin.18.fa	/home/jshaw/scratch/2022_sketched_distance/references/SGB_genome_fastas_part3/4816/FengQ_2015__SID530163__bin.45.fa	/home/jshaw/scratch/2022_sketched_distance/references/SGB_genome_fastas_part3/4816/FengQ_2015__SID530258__bin.75.fa	/home/jshaw/scratch/2022_sketched_distance/references/SGB_genome_fastas_part3/4816/FengQ_2015__SID530297__bin.62.fa	/home/jshaw/scratch/2022_sketched_distance/references/SGB_genome_fastas_part3/4816/FengQ_2015__SID530558__bin.75.fa	/home/jshaw/scratch/2022_sketched_distance/references/SGB_genome_fastas_part3/4816/FengQ_2015__SID531469__bin.57.fa	/home/jshaw/scratch/2022_sketched_distance/references/SGB_genome_fastas_part3/4816/FengQ_2015__SID532779__bin.85.fa	/home/jshaw/scratch/2022_sketched_distance/references/SGB_genome_fastas_part3/4816/KarlssonFH_2013__S194__bin.18.fa	/home/jshaw/scratch/2022_sketched_distance/references/SGB_genome_fastas_part3/4816/LeChatelierE_2013__MH0086__bin.32.fa	/home/jshaw/scratch/2022_sketched_distance/references/SGB_genome_fastas_part3/4816/LeChatelierE_2013__MH0420__bin.61.fa	/home/jshaw/scratch/2022_sketched_distance/references/SGB_genome_fastas_part3/4816/LiJ_2014__O2.UC15-1__bin.5.fa	/home/jshaw/scratch/2022_sketched_distance/references/SGB_genome_fastas_part3/4816/LiJ_2014__O2.UC32-1__bin.62.fa	/home/jshaw/scratch/2022_sketched_distance/references/SGB_genome_fastas_part3/4816/LiJ_2014__O2.UC46-1__bin.34.fa	/home/jshaw/scratch/2022_sketched_distance/references/SGB_genome_fastas_part3/4816/LiJ_2014__V1.FI28__bin.31.fa	/home/jshaw/scratch/2022_sketched_distance/references/SGB_genome_fastas_part3/4816/LiJ_2014__V1.FI31__bin.11.fa	/home/jshaw/scratch/2022_sketched_distance/references/SGB_genome_fastas_part3/4816/NielsenHB_2014__MH0086__bin.4.fa	/home/jshaw/scratch/2022_sketched_distance/references/SGB_genome_fastas_part3/4816/SchirmerM_2016__G88975__bin.5.fa	/home/jshaw/scratch/2022_sketched_distance/references/SGB_genome_fastas_part3/4816/XieH_2016__YSZC12003_36034__bin.30.fa	/home/jshaw/scratch/2022_sketched_distance/references/SGB_genome_fastas_part3/4816/YuJ_2015__SZAXPI003416-4__bin.10.fa	/home/jshaw/scratch/2022_sketched_distance/references/SGB_genome_fastas_part3/4816/ZeeviD_2015__PNP_Main_279__bin.36.fa	/home/jshaw/scratch/2022_sketched_distance/references/SGB_genome_fastas_part3/4816/ZeeviD_2015__PNP_Main_447__bin.22.fa	/home/jshaw/scratch/2022_sketched_distance/references/SGB_genome_fastas_part3/4816/ZellerG_2014__CCIS10793554ST-4-0__bin.56.fa	/home/jshaw/scratch/2022_sketched_distance/references/SGB_genome_fastas_part3/4816/ZellerG_2014__CCIS81735969ST-20-0__bin.53.fa	/home/jshaw/scratch/2022_sketched_distance/references/SGB_genome_fastas_part3/4816/ZellerG_2014__CCIS81887263ST-4-0__bin.29.fa	/home/jshaw/scratch/2022_sketched_distance/references/SGB_genome_fastas_part3/4816/ZellerG_2014__CCMD79987997ST-21-0__bin.40.fa
1.0	0.9903916597913591	0.9903339519734482	0.9956795682301125	0.9897826136511163	0.9892603402090892	0.9850482866842337	0.9905731216495159	0.9889250560534294	0.9922581760821413	0.9934290794489171	0.9888531175019812	0.9891790046056601	0.9888692145369887	0.9968409187164768	0.9900917889508256	0.9896184031828367	0.9891943897882407	0.993988554932786	0.9888053748016403	0.9888750340238092	0.9882320226527317	0.9951121500855865	0.988343525316887	0.9891440895871155	0.989397031743961	0.9890829421005956	0.9916218879287677	0.9928361884540304	0.9911220887748116	0.9931390770980318	0.988491906839321	0.9930004291790131	0.9878578856942103
0.9903916597913591	1.0	0.989490693536929	0.9922876739178059	0.9872287970240324	0.988583727182463	0.9833997362544439	0.9905097200539807	0.9886149462756877	0.9914348253163275	0.9910851585350487	0.9876447814048257	0.9871310144096535	0.9885993404260928	0.9913284886381357	0.9901419684649101	0.9898550999628968	0.9911227051054616	0.9903768725290942	0.9875687662180238	0.9872078629434569	0.985357545205687	0.9905601428059687	0.988412861699819	0.989630866554237	0.9888045867722359	0.9871146890195828	0.9910213276909003	0.9909814026919076	0.9920495058457139	0.9947021740802503	0.9886357138704779	0.9931556412113481	0.9876291269113202
0.9903339519734482	0.989490693536929	1.0	0.9926556478549657	0.9866512413422971	0.9909449860942762	0.9846977775548357	0.9928562486873856	0.990793284241281	0.9922507601940942	0.9925404704207212	0.9867888834135652	0.9887549563899646	0.9898993976909918	0.9888195893677638	0.9899618282985012	0.9891088796591075	0.9924538234477333	0.9898681380365673	0.9888840958539017	0.9745706024057882	0.9550075703428377	0.9885602934376099	0.9651369969354145	0.9912762979786777	0.9827762345235284	0.9867545268583423	0.9927704257597478	0.9911562050008798	0.9910054722861487	0.9801515239865682	0.9768352221229374	0.9923669489351423	0.9927990581391734
0.9956795682301125	0.9922876739178059	0.9926556478549657	1.0	0.990436880947224	0.986560816564478	0.986577646024483	0.9893807206089292	0.9910499273146102	0.9952346095206253	0.9957371197200878	0.9897888705976425	0.9906768339012159	0.9887001677745924	0.9972159924467592	0.9925584517335366	0.986274567118256	0.9915858436011528	0.9936077911233632	0.9900190769111701	0.9891514287809028	0.9886394425475522	0.9960112259680148	0.9889850606496408	0.9914330372067196	0.9907729183782793	0.990042944998113	0.9881806778507884	0.993746723054614	0.9913790981932947	0.9944345112874889	0.9890279779661401	0.9914545093023034	0.9904858621837535
0.9897826136511163	0.9872287970240324	0.9866512413422971	0.990436880947224	1.0	0.9892222106556796	0.9834664059408577	0.9925608911405371	0.9881194103320656	0.9874222854003951	0.9874351779970262	0.9901493458023924	0.9884025049103098	0.9887607327425488	0.9900966711290843	0.9872893513002791	0.9878179247984198	0.9880086575607919	0.9896019024707526	0.9878497904093823	0.9865761909187145	0.9859696267406163	0.9894974655064425	0.9858698056573015	0.9859720782187279	0.9875202232656072	0.9878657116583095	0.9912081393053525	0.988856413358759	0.9895414447502552	0.9904956181441531	0.98471637305075	0.9906130895856818	0.9855128955209257
0.9892603402090892	0.988583727182463	0.9909449860942762	0.986560816564478	0.9892222106556796	1.0	0.9870587561077042	0.9891182908882254	0.9901223878402385	0.9903530192956558	0.9898122225961057	0.9888531175019812	0.99009752568721	0.9867301912855115	0.9908154174493284	0.991899452894289	0.984589301150381	0.9898549292648836	0.9880212148826497	0.9903304107896507	0.9873119725297681	0.9860114219449772	0.990326931614496	0.9866827859851518	0.9896630643337255	0.9907326667766134	0.9900720450808073	0.9883308876719655	0.9909212593590975	0.9886038922930065	0.9920544505049221	0.9865055587017969	0.987728289321968	0.9898022185785353
0.9850482866842337	0.9833997362544439	0.9846977775548357	0.986577646024483	0.9834664059408577	0.9870587561077042	1.0	0.9866583213187644	0.9841475029823713	0.982620618510836	0.9821527860525205	0.9811198626431427	0.9839730856184165	0.9849847583861192	0.981569903469208	0.9843456653854773	0.9846009851223817	0.9861508224968214	0.9849423377954716	0.9848360458961902	0.974900427956271	0.9704804193239809	0.9829517719376412	0.9734262602817275	0.984320997905173	0.9821023614717964	0.9846009851223817	0.9879423063800326	0.984708039651615	0.9858425194951941	0.9865538345930669	0.9757389775382769	0.9860893928168816	0.9848573318253125
0.9905731216495159	0.9905097200539807	0.9928562486873856	0.9893807206089292	0.9925608911405371	0.9891182908882254	0.9866583213187644	1.0	0.9908923491692732	0.9915587592506174	0.991187633436164	0.9934794135652284	0.9913588505143277	0.9890058176019888	0.9924853207909201	0.992721170394381	0.9874012441174261	0.991260468431644	0.9894673679563959	0.9906826622958024	0.9891710828792183	0.9877205146117645	0.9916700340813769	0.9875947103699224	0.9912188279939106	0.9910931773568306	0.9906915708599207	0.9911491270957876	0.9929071256213575	0.9900341209050292	0.9924199578368108	0.9875229914474413	0.9889824437030641	0.9905159201743506
0.9889250560534294	0.9886149462756877	0.990793284241281	0.9910499273146102	0.9881194103320656	0.9901223878402385	0.9841475029823713	0.9908923491692732	1.0	0.9904628085526735	0.9889476420615253	0.9879771657123005	0.9879662587116914	0.9894242330223671	0.9904089602847409	0.9911055269591847	0.988340723149484	0.9893490841799026	0.9891528919387602	0.990108329522937	0.9861051300391374	0.9845596779005878	0.9900583713504394	0.985744853683578	0.988047185317037	0.989123291343642	0.9884027221165835	0.991993826014825	0.9898816971373936	0.9899898372025908	0.9920281876122943	0.9852773425754274	0.9917848348740573	0.9882463839416655
0.9922581760821413	0.9914348253163275	0.9922507601940942	0.9952346095206253	0.9874222854003951	0.9903530192956558	0.982620618510836	0.9915587592506174	0.9904628085526735	1.0	0.9930615277107575	0.9854618816631704	0.9879784818512286	0.9895365408661035	0.9890634681243605	0.9922305935880908	0.9909523922232232	0.9918403039260281	0.9928242642862612	0.9881552823824065	0.9781095414841295	0.9729177263899574	0.9900584501049796	0.9768536751142765	0.9894047631168046	0.9852456642120145	0.9882726243655502	0.9925681515522753	0.9908261583830529	0.9920847039488402	0.9909601858695279	0.9815601885596841	0.9938788104759928	0.9919976254519185
0.9934290794489171	0.9910851585350487	0.9925404704207212	0.9957371197200878	0.9874351779970262	0.9898122225961057	0.9821527860525205	0.991187633436164	0.9889476420615253	0.9930615277107575	1.0	0.9853854005785454	0.9882839938706017	0.9891296418262097	0.9901130742191402	0.9912027824399298	0.9908964582829702	0.9918293642941954	0.9926062318309378	0.9873778045399825	0.9793255401619599	0.9754002179512211	0.9898122225961057	0.9788297582803365	0.9892202663388845	0.985741472556254	0.9875305787463045	0.9921787323266704	0.9903587915418853	0.9921952771874217	0.9916848580050888	0.981251107806792	0.9944490164706942	0.9917456344763903
0.9888531175019812	0.9876447814048257	0.9867888834135652	0.9897888705976425	0.9901493458023924	0.9888531175019812	0.9811198626431427	0.9934794135652284	0.9879771657123005	0.9854618816631704	0.9853854005785454	1.0	0.9883750883412148	0.9877676294959882	0.9877173819057834	0.9867380102480425	0.9869158867363554	0.9883750883412148	0.9886149697023384	0.9866994609362336	0.9834563380213619	0.9784326912564767	0.9864838228443575	0.9822613414613298	0.9848765284591294	0.9862068154138769	0.9880987822941419	0.9906506975233613	0.9868619136364459	0.9891735904423474	0.9899405647647389	0.9811552515085824	0.9895905750854608	0.9859490704919928
0.9891790046056601	0.9871310144096535	0.9887549563899646	0.9906768339012159	0.9884025049103098	0.99009752568721	0.9839730856184165	0.9913588505143277	0.9879662587116914	0.9879784818512286	0.9882839938706017	0.9883750883412148	1.0	0.9886947267884288	0.9905395717399156	0.9885760711057152	0.9893438456610023	0.9880636604965676	0.9889377549959485	0.9879918081722537	0.9868514059377174	0.9848422244817893	0.9896854956956128	0.9855691187664308	0.9863834869774154	0.9878735040999342	0.9886794778604155	0.9923015648943403	0.9897572148751257	0.989936417185056	0.9907969659831637	0.9849780156027168	0.9917641824810801	0.987133509915419
0.9888692145369887	0.9885993404260928	0.9898993976909918	0.9887001677745924	0.9887607327425488	0.9867301912855115	0.9849847583861192	0.9890058176019888	0.9894242330223671	0.9895365408661035	0.9891296418262097	0.9877676294959882	0.9886947267884288	1.0	0.9908154174493284	0.9903668369824571	0.9868042001536502	0.9881331776745885	0.987288435763512	0.9888208251273347	0.9885763021226487	0.9863232034200481	0.9906595883953396	0.9869735018476974	0.9879964477024586	0.9890597964394547	0.9881712689278002	0.9896765681373759	0.9913993678974997	0.9880225446765261	0.9916582997588406	0.9871685822788242	0.9889366001805028	0.9872829802522988
0.9968409187164768	0.9913284886381357	0.9888195893677638	0.9972159924467592	0.9900966711290843	0.9908154174493284	0.981569903469208	0.9924853207909201	0.9904089602847409	0.9890634681243605	0.9901130742191402	0.9877173819057834	0.9905395717399156	0.9908154174493284	1.0	0.9875886970202955	0.9907830843498029	0.991024814592139	0.9956477323140599	0.9893112251757279	0.9862557464212462	0.9841201843726108	0.992976120694744	0.9852148032193213	0.9875393983130448	0.9868700738935675	0.9894462457601013	0.9925006798237094	0.9916609131571585	0.9930941884638179	0.9912842259789368	0.9856918696138757	0.9947704551359459	0.9875750720961716
0.9900917889508256	0.9901419684649101	0.9899618282985012	0.9925584517335366	0.9872893513002791	0.991899452894289	0.9843456653854773	0.992721170394381	0.9911055269591847	0.9922305935880908	0.9912027824399298	0.9867380102480425	0.9885760711057152	0.9903668369824571	0.9875886970202955	1.0	0.9894324144261603	0.9914446760642572	0.9897129905021768	0.9892526152205443	0.9749555372156383	0.9632744976408752	0.9878584873804369	0.966947757191332	0.9902170949798291	0.9841055945727226	0.9890977174587514	0.995135352959958	0.9921127093402478	0.992254120099963	0.9830895101384118	0.9785376960194928	0.9924183387981682	0.9939502461315852
0.9896184031828367	0.9898550999628968	0.9891088796591075	0.986274567118256	0.9878179247984198	0.984589301150381	0.9846009851223817	0.9874012441174261	0.988340723149484	0.9909523922232232	0.9908964582829702	0.9869158867363554	0.9893438456610023	0.9868042001536502	0.9907830843498029	0.9894324144261603	1.0	0.9894832076378614	0.9889218930769683	0.9887435009711824	0.9884158641974955	0.9872613060745079	0.9912663068854464	0.9866827859851518	0.9891930918965326	0.9893550654573071	0.9880941451335874	0.9855428184360018	0.9910863907512856	0.9888000750608821	0.9923939836949499	0.9873182726231158	0.9889162165850649	0.988149688146664
0.9891943897882407	0.9911227051054616	0.9924538234477333	0.9915858436011528	0.9880086575607919	0.9898549292648836	0.9861508224968214	0.991260468431644	0.9893490841799026	0.9918403039260281	0.9918293642941954	0.9883750883412148	0.9880636604965676	0.9881331776745885	0.991024814592139	0.9914446760642572	0.9894832076378614	1.0	0.9892813010490972	0.9889441677085626	0.9877251487108324	0.985143810171518	0.9915252597898263	0.986340337372356	0.9973526880905853	0.9898137838067352	0.9877994164502014	0.991164960690185	0.9918998915465488	0.9911786215678055	0.9930627717495095	0.9865438079574563	0.9917070381698004	0.9891511123490019
0.993988554932786	0.9903768725290942	0.9898681380365673	0.9936077911233632	0.9896019024707526	0.9880212148826497	0.9849423377954716	0.9894673679563959	0.9891528919387602	0.9928242642862612	0.9926062318309378	0.9886149697023384	0.9889377549959485	0.987288435763512	0.9956477323140599	0.9897129905021768	0.9889218930769683	0.9892813010490972	1.0	0.9895691562406485	0.9885562900508551	0.988212495462297	0.9962636944833269	0.9879712461152249	0.9895340842204463	0.9891021399595105	0.9883709497879288	0.9894950992782702	0.9919728629524927	0.989508956200671	0.9933164419127177	0.9883293701369247	0.9915112244556326	0.9875963169445707
0.9888053748016403	0.9875687662180238	0.9888840958539017	0.9900190769111701	0.9878497904093823	0.9903304107896507	0.9848360458961902	0.9906826622958024	0.990108329522937	0.9881552823824065	0.9873778045399825	0.9866994609362336	0.9879918081722537	0.9888208251273347	0.9893112251757279	0.9892526152205443	0.9887435009711824	0.9889441677085626	0.9895691562406485	1.0	0.9865123513612275	0.9853362341867611	0.990742231559708	0.9854682751428383	0.9871043398466961	0.9892077614534575	0.9890056663621483	0.9917315690514432	0.9899902352013982	0.9901231815194471	0.9910685527713661	0.9857310769484304	0.9908428635788867	0.9865795678207868
0.9888750340238092	0.9872078629434569	0.9745706024057882	0.9891514287809028	0.9865761909187145	0.9873119725297681	0.974900427956271	0.9891710828792183	0.9861051300391374	0.9781095414841295	0.9793255401619599	0.9834563380213619	0.9868514059377174	0.9885763021226487	0.9862557464212462	0.9749555372156383	0.9884158641974955	0.9877251487108324	0.9885562900508551	0.9865123513612275	1.0	0.9835963087875386	0.9853194359304538	0.9809548067930092	0.9838051508820512	0.9789147734485387	0.986320085652911	0.9896199240392622	0.9916495551401964	0.9926371533837188	0.9821098413070289	0.983268775773763	0.9905750977044816	0.9833392374482116
0.9882320226527317	0.985357545205687	0.9550075703428377	0.9886394425475522	0.9859696267406163	0.9860114219449772	0.9704804193239809	0.9877205146117645	0.9845596779005878	0.9729177263899574	0.9754002179512211	0.9784326912564767	0.9848422244817893	0.9863232034200481	0.9841201843726108	0.9632744976408752	0.9872613060745079	0.985143810171518	0.988212495462297	0.9853362341867611	0.9835963087875386	1.0	0.9818297409460872	0.9803109982597152	0.9790842383672959	0.9745012604836901	0.9851223599603669	0.9885428937676066	0.9883294853525997	0.9915886309295332	0.9746845262605572	0.9826034274390807	0.9902389389150235	0.979874500873945
0.9951121500855865	0.9905601428059687	0.9885602934376099	0.9960112259680148	0.9894974655064425	0.990326931614496	0.9829517719376412	0.9916700340813769	0.9900583713504394	0.9900584501049796	0.9898122225961057	0.9864838228443575	0.9896854956956128	0.9906595883953396	0.992976120694744	0.9878584873804369	0.9912663068854464	0.9915252597898263	0.9962636944833269	0.990742231559708	0.9853194359304538	0.9818297409460872	1.0	0.985036201630379	0.9884879032268943	0.9876752502938773	0.9892565935110958	0.9922270946053385	0.9915413771727608	0.9927283245581695	0.9919492735489874	0.98455431948262	0.9937839443619451	0.9880071726931748
0.988343525316887	0.988412861699819	0.9651369969354145	0.9889850606496408	0.9858698056573015	0.9866827859851518	0.9734262602817275	0.9875947103699224	0.985744853683578	0.9768536751142765	0.9788297582803365	0.9822613414613298	0.9855691187664308	0.9869735018476974	0.9852148032193213	0.966947757191332	0.9866827859851518	0.986340337372356	0.9879712461152249	0.9854682751428383	0.9809548067930092	0.9803109982597152	0.985036201630379	1.0	0.9824833348744464	0.9755804665818224	0.9859694262823805	0.9875236279736499	0.9866584432808361	0.9886658540317286	0.9781902567513453	0.9837846043584982	0.9900566026217722	0.9813007040294258
0.9891440895871155	0.989630866554237	0.9912762979786777	0.9914330372067196	0.9859720782187279	0.9896630643337255	0.984320997905173	0.9912188279939106	0.988047185317037	0.9894047631168046	0.9892202663388845	0.9848765284591294	0.9863834869774154	0.9879964477024586	0.9875393983130448	0.9902170949798291	0.9891930918965326	0.9973526880905853	0.9895340842204463	0.9871043398466961	0.9838051508820512	0.9790842383672959	0.9884879032268943	0.9824833348744464	1.0	0.9874535589598038	0.9866490498974488	0.9906146727845768	0.9894855863553055	0.9905833905427537	0.9926528119729289	0.9825876781327462	0.9916003757610379	0.9872431708660951
0.989397031743961	0.9888045867722359	0.9827762345235284	0.9907729183782793	0.9875202232656072	0.9907326667766134	0.9821023614717964	0.9910931773568306	0.989123291343642	0.9852456642120145	0.985741472556254	0.9862068154138769	0.9878735040999342	0.9890597964394547	0.9868700738935675	0.9841055945727226	0.9893550654573071	0.9898137838067352	0.9891021399595105	0.9892077614534575	0.9789147734485387	0.9745012604836901	0.9876752502938773	0.9755804665818224	0.9874535589598038	1.0	0.988847259167113	0.9925352948867829	0.9897723447243187	0.9905104016595542	0.9883348090828488	0.9812536130483249	0.9905509249396052	0.9892920157247371
0.9890829421005956	0.9871146890195828	0.9867545268583423	0.990042944998113	0.9878657116583095	0.9900720450808073	0.9846009851223817	0.9906915708599207	0.9884027221165835	0.9882726243655502	0.9875305787463045	0.9880987822941419	0.9886794778604155	0.9881712689278002	0.9894462457601013	0.9890977174587514	0.9880941451335874	0.9877994164502014	0.9883709497879288	0.9890056663621483	0.986320085652911	0.9851223599603669	0.9892565935110958	0.9859694262823805	0.9866490498974488	0.988847259167113	1.0	0.9921572647594789	0.9898039507788963	0.9891278704713194	0.9908786767486244	0.9852176950546043	0.9902026788615031	0.9874317747826176
0.9916218879287677	0.9910213276909003	0.9927704257597478	0.9881806778507884	0.9912081393053525	0.9883308876719655	0.9879423063800326	0.9911491270957876	0.991993826014825	0.9925681515522753	0.9921787323266704	0.9906506975233613	0.9923015648943403	0.9896765681373759	0.9925006798237094	0.995135352959958	0.9855428184360018	0.991164960690185	0.9894950992782702	0.9917315690514432	0.9896199240392622	0.9885428937676066	0.9922270946053385	0.9875236279736499	0.9906146727845768	0.9925352948867829	0.9921572647594789	1.0	0.9939945070963334	0.9910936019581666	0.9934928616888957	0.9883655587631358	0.9905711143606842	0.992271116603688
0.9928361884540304	0.9909814026919076	0.9911562050008798	0.993746723054614	0.988856413358759	0.9909212593590975	0.984708039651615	0.9929071256213575	0.9898816971373936	0.9908261583830529	0.9903587915418853	0.9868619136364459	0.9897572148751257	0.9913993678974997	0.9916609131571585	0.9921127093402478	0.9910863907512856	0.9918998915465488	0.9919728629524927	0.9899902352013982	0.9916495551401964	0.9883294853525997	0.9915413771727608	0.9866584432808361	0.9894855863553055	0.9897723447243187	0.9898039507788963	0.9939945070963334	1.0	0.9962091814615065	0.993189849792224	0.987504433170749	0.9949542023815192	0.9886797051850998
0.9911220887748116	0.9920495058457139	0.9910054722861487	0.9913790981932947	0.9895414447502552	0.9886038922930065	0.9858425194951941	0.9900341209050292	0.9899898372025908	0.9920847039488402	0.9921952771874217	0.9891735904423474	0.989936417185056	0.9880225446765261	0.9930941884638179	0.992254120099963	0.9888000750608821	0.9911786215678055	0.989508956200671	0.9901231815194471	0.9926371533837188	0.9915886309295332	0.9927283245581695	0.9886658540317286	0.9905833905427537	0.9905104016595542	0.9891278704713194	0.9910936019581666	0.9962091814615065	1.0	0.993942243876301	0.9890811086782698	0.9916877611347504	0.9903200522779214
0.9931390770980318	0.9947021740802503	0.9801515239865682	0.9944345112874889	0.9904956181441531	0.9920544505049221	0.9865538345930669	0.9924199578368108	0.9920281876122943	0.9909601858695279	0.9916848580050888	0.9899405647647389	0.9907969659831637	0.9916582997588406	0.9912842259789368	0.9830895101384118	0.9923939836949499	0.9930627717495095	0.9933164419127177	0.9910685527713661	0.9821098413070289	0.9746845262605572	0.9919492735489874	0.9781902567513453	0.9926528119729289	0.9883348090828488	0.9908786767486244	0.9934928616888957	0.993189849792224	0.993942243876301	1.0	0.985513970915795	0.9947989727302731	0.9928840388819428
0.988491906839321	0.9886357138704779	0.9768352221229374	0.9890279779661401	0.98471637305075	0.9865055587017969	0.9757389775382769	0.9875229914474413	0.9852773425754274	0.9815601885596841	0.981251107806792	0.9811552515085824	0.9849780156027168	0.9871685822788242	0.9856918696138757	0.9785376960194928	0.9873182726231158	0.9865438079574563	0.9883293701369247	0.9857310769484304	0.983268775773763	0.9826034274390807	0.98455431948262	0.9837846043584982	0.9825876781327462	0.9812536130483249	0.9852176950546043	0.9883655587631358	0.987504433170749	0.9890811086782698	0.985513970915795	1.0	0.9907880754613339	0.982022207643524
0.9930004291790131	0.9931556412113481	0.9923669489351423	0.9914545093023034	0.9906130895856818	0.987728289321968	0.9860893928168816	0.9889824437030641	0.9917848348740573	0.9938788104759928	0.9944490164706942	0.9895905750854608	0.9917641824810801	0.9889366001805028	0.9947704551359459	0.9924183387981682	0.9889162165850649	0.9917070381698004	0.9915112244556326	0.9908428635788867	0.9905750977044816	0.9902389389150235	0.9937839443619451	0.9900566026217722	0.9916003757610379	0.9905509249396052	0.9902026788615031	0.9905711143606842	0.9949542023815192	0.9916877611347504	0.9947989727302731	0.9907880754613339	1.0	0.9905008945996047
0.9878578856942103	0.9876291269113202	0.9927990581391734	0.9904858621837535	0.9855128955209257	0.9898022185785353	0.9848573318253125	0.9905159201743506	0.9882463839416655	0.9919976254519185	0.9917456344763903	0.9859490704919928	0.987133509915419	0.9872829802522988	0.9875750720961716	0.9939502461315852	0.988149688146664	0.9891511123490019	0.9875963169445707	0.9865795678207868	0.9833392374482116	0.979874500873945	0.9880071726931748	0.9813007040294258	0.9872431708660951	0.9892920157247371	0.9874317747826176	0.992271116603688	0.9886797051850998	0.9903200522779214	0.9928840388819428	0.982022207643524	0.9905008945996047	1.0
