/home/jshaw/scratch/2022_sketched_distance/references/SGB_genome_fastas_part3/4987/BackhedF_2015__SID103_12M__bin.6.fa	/home/jshaw/scratch/2022_sketched_distance/references/SGB_genome_fastas_part3/4987/BackhedF_2015__SID172_12M__bin.33.fa	/home/jshaw/scratch/2022_sketched_distance/references/SGB_genome_fastas_part3/4987/BackhedF_2015__SID345_4M__bin.10.fa	/home/jshaw/scratch/2022_sketched_distance/references/SGB_genome_fastas_part3/4987/BackhedF_2015__SID503_12M__bin.13.fa	/home/jshaw/scratch/2022_sketched_distance/references/SGB_genome_fastas_part3/4987/BackhedF_2015__SID590_12M__bin.22.fa	/home/jshaw/scratch/2022_sketched_distance/references/SGB_genome_fastas_part3/4987/BackhedF_2015__SID9_12M__bin.24.fa	/home/jshaw/scratch/2022_sketched_distance/references/SGB_genome_fastas_part3/4987/FengQ_2015__SID31137__bin.50.fa	/home/jshaw/scratch/2022_sketched_distance/references/SGB_genome_fastas_part3/4987/FengQ_2015__SID31337__bin.11.fa	/home/jshaw/scratch/2022_sketched_distance/references/SGB_genome_fastas_part3/4987/FengQ_2015__SID31501__bin.38.fa	/home/jshaw/scratch/2022_sketched_distance/references/SGB_genome_fastas_part3/4987/GeversD_2014__SKBSTL006__bin.15.fa	/home/jshaw/scratch/2022_sketched_distance/references/SGB_genome_fastas_part3/4987/GeversD_2014__SKBSTL008__bin.31.fa	/home/jshaw/scratch/2022_sketched_distance/references/SGB_genome_fastas_part3/4987/GeversD_2014__SKBSTL027__bin.15.fa	/home/jshaw/scratch/2022_sketched_distance/references/SGB_genome_fastas_part3/4987/HeQ_2017__SZAXPI029495-96__bin.34.fa	/home/jshaw/scratch/2022_sketched_distance/references/SGB_genome_fastas_part3/4987/LeChatelierE_2013__MH0233__bin.36.fa	/home/jshaw/scratch/2022_sketched_distance/references/SGB_genome_fastas_part3/4987/LeChatelierE_2013__MH0239__bin.19.fa	/home/jshaw/scratch/2022_sketched_distance/references/SGB_genome_fastas_part3/4987/LeChatelierE_2013__MH0333__bin.15.fa	/home/jshaw/scratch/2022_sketched_distance/references/SGB_genome_fastas_part3/4987/LiJ_2014__V1.CD2-0-PN__bin.29.fa	/home/jshaw/scratch/2022_sketched_distance/references/SGB_genome_fastas_part3/4987/NielsenHB_2014__V1_UC11_0__bin.34.fa	/home/jshaw/scratch/2022_sketched_distance/references/SGB_genome_fastas_part3/4987/NielsenHB_2014__V1_UC11_5__bin.65.fa	/home/jshaw/scratch/2022_sketched_distance/references/SGB_genome_fastas_part3/4987/RaymondF_2016__P12E90__bin.6.fa	/home/jshaw/scratch/2022_sketched_distance/references/SGB_genome_fastas_part3/4987/VatanenT_2016__G80352__bin.1.fa	/home/jshaw/scratch/2022_sketched_distance/references/SGB_genome_fastas_part3/4987/VincentC_2016__MM040.2__bin.6.fa	/home/jshaw/scratch/2022_sketched_distance/references/SGB_genome_fastas_part3/4987/VincentC_2016__MM048.2__bin.19.fa	/home/jshaw/scratch/2022_sketched_distance/references/SGB_genome_fastas_part3/4987/VincentC_2016__MM050.4__bin.76.fa	/home/jshaw/scratch/2022_sketched_distance/references/SGB_genome_fastas_part3/4987/VincentC_2016__MM090.2__bin.4.fa	/home/jshaw/scratch/2022_sketched_distance/references/SGB_genome_fastas_part3/4987/VogtmannE_2016__MMRS62192467ST-27-0-0__bin.22.fa	/home/jshaw/scratch/2022_sketched_distance/references/SGB_genome_fastas_part3/4987/VogtmannE_2016__MMRS65945127ST-27-0-0__bin.24.fa	/home/jshaw/scratch/2022_sketched_distance/references/SGB_genome_fastas_part3/4987/VogtmannE_2016__MMRS71238091ST-27-0-0__bin.5.fa	/home/jshaw/scratch/2022_sketched_distance/references/SGB_genome_fastas_part3/4987/VogtmannE_2016__MMRS86178473ST-27-0-0__bin.5.fa	/home/jshaw/scratch/2022_sketched_distance/references/SGB_genome_fastas_part3/4987/VogtmannE_2016__MMRS92544445ST-27-0-0__bin.52.fa	/home/jshaw/scratch/2022_sketched_distance/references/SGB_genome_fastas_part3/4987/VogtmannE_2016__MMRS92546335ST-27-0-0__bin.17.fa	/home/jshaw/scratch/2022_sketched_distance/references/SGB_genome_fastas_part3/4987/XieH_2016__YSZC12003_37191R1__bin.28.fa	/home/jshaw/scratch/2022_sketched_distance/references/SGB_genome_fastas_part3/4987/ZellerG_2014__CCIS24254057ST-4-0__bin.27.fa
1.0	0.9985127606504971	0.9850606146088309	0.984585202708012	0.9957237197108756	0.9988042724670985	0.9781747007175184	0.9846485745753811	0.9772706193831346	0.9851330658744667	0.9871061807376592	0.9833500167326102	0.9923116666715309	0.9855694650582564	0.9972648388781191	0.9797845301255523	0.9994630454426925	0.9842252104623647	0.9872875546892355	0.9858578495122831	0.987672678328859	0.9823341725652972	0.9825871458634889	0.986010086495949	0.9866536137193209	0.9860617207877677	0.990070959567541	0.9844415796917471	0.9832592665899049	0.9845767687968809	0.9860210247362973	0.9846110939418956	0.9825824491706219
0.9985127606504971	1.0	0.9848110365712172	0.9828974274808887	0.994338522262626	0.9980336644323056	0.9751411142964064	0.985644784961963	0.975031921288198	0.9824840309005812	0.9854884282314977	0.9851382809126213	0.9913000390549082	0.9846238417961741	0.9946818655108337	0.9781201145209124	0.9966530299616824	0.9834220829194763	0.9853488169285187	0.983417210858134	0.9847302903200424	0.9841193717143623	0.9805720098222337	0.9845432874790209	0.9841756364634666	0.9845343247821005	0.9880238891476737	0.982054869792321	0.9812563168183044	0.9852261683351747	0.9837369370528136	0.9862883798177446	0.9848465720012115
0.9850606146088309	0.9848110365712172	1.0	0.9835200160300899	0.9823203863371992	0.985443293517404	0.9760660452846979	0.9828853133978904	0.9766180322477384	0.9835487420450948	0.9835968667284576	0.9832075222542344	0.9848387439556627	0.9825773438980621	0.9850169819539587	0.9791348806866317	0.9842396703868441	0.9833027063321519	0.997113799794384	0.9845355102343352	0.9845674034709843	0.9826393558611287	0.9819338068272643	0.9964896401927461	0.9965271204898328	0.983713400237116	0.9873122598680648	0.9834655129762317	0.994479718008999	0.9962395544967516	0.9840388065359541	0.986447735666232	0.983259475107173
0.984585202708012	0.9828974274808887	0.9835200160300899	1.0	0.9831478839585721	0.9848363096514959	0.9697020770236898	0.9844655834192984	0.9853068876025687	0.9844788960034474	0.9851116323676707	0.9839556604953879	0.9847308144556686	0.9835611044642919	0.9830228950133775	0.9805376742454709	0.9831201498067893	0.9914026980479204	0.9839826970738957	0.9750226705825367	0.9847967886730109	0.992328014962229	0.979329667516492	0.9822057654927032	0.9827153440944835	0.9926930869795941	0.9774495910284369	0.9776023629801048	0.9801602030783277	0.9835611044642919	0.9773716009821867	0.9913919102056197	0.992661952455535
0.9957237197108756	0.994338522262626	0.9823203863371992	0.9831478839585721	1.0	0.9947598217417655	0.9747741905922145	0.9829380647373813	0.9746624594010534	0.9824602376190653	0.9856312699229679	0.9821878883892818	0.9883444875135571	0.9835822073678248	0.9935091952690831	0.9780122493834856	0.995057763000327	0.9813156708283161	0.9842479826791232	0.984435407407817	0.9863162084400955	0.9802833230980951	0.9801743918154888	0.9831266769186228	0.9838071859183485	0.9827743254793707	0.9885161878561136	0.9819777542547667	0.9806815898299004	0.9817036326323386	0.9849748579990025	0.9828462714929969	0.9807142669370023
0.9988042724670985	0.9980336644323056	0.985443293517404	0.9848363096514959	0.9947598217417655	1.0	0.9779005101388105	0.9848440102190805	0.9774262006477453	0.9852097623644215	0.9872011420400566	0.9839241434821856	0.9917926571506404	0.9858298955999552	0.9967464468132649	0.9799740244053156	0.9984422816499997	0.9844091845579077	0.9876306265855	0.9860254313699248	0.9877551149559147	0.9830487392528592	0.9830653460579091	0.9865170432739349	0.9870336460689871	0.9861175336607497	0.9901010191064358	0.9844415796917471	0.9836622396059106	0.9852673100695777	0.9861339827800715	0.9853356866600936	0.9837413608492503
0.9781747007175184	0.9751411142964064	0.9760660452846979	0.9697020770236898	0.9747741905922145	0.9779005101388105	1.0	0.977198653209523	0.9673082813891627	0.972617548314924	0.9765687552236644	0.9769777249191925	0.9784701418149379	0.9763936886680666	0.9752451932784951	0.9645717212030326	0.976091366082089	0.9756582089988742	0.9764938419669159	0.9720244955969535	0.9754394477877134	0.9766559366860208	0.9699546179679028	0.9753230344180394	0.975735068829768	0.9776601942979894	0.9758881401420659	0.9714620470072247	0.9715920832675681	0.975837266884245	0.9717170955130011	0.9776722522679722	0.9771129146370967
0.9846485745753811	0.985644784961963	0.9828853133978904	0.9844655834192984	0.9829380647373813	0.9848440102190805	0.977198653209523	1.0	0.9777131809812278	0.9847468728983244	0.986691484698781	0.9837826060200432	0.984661551654083	0.9942219422481727	0.9866971393469816	0.9791050417473547	0.985611203892262	0.9839980048640288	0.9853296402749449	0.9854958415003544	0.9876891821754692	0.9829427416196772	0.9831195557458077	0.9836089393728736	0.9850879681191946	0.9858535820583644	0.9898294924200678	0.9849693119367993	0.9808803846797086	0.9827153795570795	0.9864928621484079	0.9849218598469643	0.983344973376005
0.9772706193831346	0.975031921288198	0.9766180322477384	0.9853068876025687	0.9746624594010534	0.9774262006477453	0.9673082813891627	0.9777131809812278	1.0	0.9881094738285756	0.9773929242956096	0.9767654431358187	0.9772148740820237	0.9770582777752089	0.976735183889147	0.9811165590791735	0.9753904753516103	0.9889962231427959	0.9775479239950718	0.9784124741714404	0.9771685181397206	0.9897584410671584	0.9874398511413534	0.975284083202271	0.9764878235002247	0.990151852795205	0.9817880616469282	0.9740663114305113	0.9725042862676808	0.9765041832941045	0.9780405017840561	0.9850365118995089	0.9896898718316107
0.9851330658744667	0.9824840309005812	0.9835487420450948	0.9844788960034474	0.9824602376190653	0.9852097623644215	0.972617548314924	0.9847468728983244	0.9881094738285756	1.0	0.9851659577350951	0.984546476045312	0.9847801537446821	0.9838238751230918	0.9833176874771364	0.9807921502484985	0.9832131791791126	0.9950757026084396	0.9848244757841005	0.9783823297503214	0.9845353069284056	0.9961222342418273	0.9869012217041782	0.98281533460472	0.9835141875075265	0.9968918014561079	0.9821918419184029	0.9774822077531424	0.9793932238112071	0.9837781796263467	0.9778667690381403	0.9924854141196584	0.9965209039909785
0.9871061807376592	0.9854884282314977	0.9835968667284576	0.9851116323676707	0.9856312699229679	0.9872011420400566	0.9765687552236644	0.986691484698781	0.9773929242956096	0.9851659577350951	1.0	0.9856644070719408	0.9864660021317526	0.9849444855604759	0.9864144064265874	0.9802778273683221	0.9855691993514637	0.9846810594779325	0.9850217597729772	0.9942462387745509	0.9969392731954841	0.985515025983027	0.9832951204919933	0.9831176788709978	0.9848913913021774	0.9861248522686833	0.9979662226185709	0.9842569078872935	0.9804815786424877	0.9836937269195657	0.9949905000785371	0.9875235411169911	0.9860431016183702
0.9833500167326102	0.9851382809126213	0.9832075222542344	0.9839556604953879	0.9821878883892818	0.9839241434821856	0.9769777249191925	0.9837826060200432	0.9767654431358187	0.984546476045312	0.9856644070719408	1.0	0.9839153834656209	0.985422060532162	0.98575386452184	0.9794908364191212	0.984881133478981	0.983332650165565	0.9853636717300126	0.9842846782496021	0.9864792305960296	0.9819342924336537	0.9823107210768258	0.9837328208635739	0.9852213261920149	0.9852047582649397	0.9886891212300607	0.983476051047724	0.9810681267710527	0.9825172438647171	0.9848226476261273	0.9840110266066611	0.9812767401732899
0.9923116666715309	0.9913000390549082	0.9848387439556627	0.9847308144556686	0.9883444875135571	0.9917926571506404	0.9784701418149379	0.984661551654083	0.9772148740820237	0.9847801537446821	0.9864660021317526	0.9839153834656209	1.0	0.984311899873781	0.9921346992622794	0.9796526947383442	0.9914010623758467	0.9837096369065258	0.9870702952247353	0.9849328961082697	0.9871401381270652	0.98305934832833	0.9827792643796014	0.9857785500633398	0.9861399746289203	0.9854577004864645	0.9890478033728993	0.9845844982199874	0.9829072122104733	0.9845361707009572	0.9857140844337309	0.986387588847303	0.983931786293107
0.9855694650582564	0.9846238417961741	0.9825773438980621	0.9835611044642919	0.9835822073678248	0.9858298955999552	0.9763936886680666	0.9942219422481727	0.9770582777752089	0.9838238751230918	0.9849444855604759	0.985422060532162	0.984311899873781	1.0	0.9857099388299886	0.9783805966356381	0.9845532998504563	0.9834430189316901	0.9846241082843856	0.9839047974760865	0.9855856297439259	0.9840904181510017	0.9821158258284988	0.9827010745724055	0.9842122549125005	0.9850007855733015	0.9875403603112071	0.9855184109593311	0.9800473640394781	0.9830483526739393	0.9843855298461194	0.9861364998401009	0.9846581500331713
0.9972648388781191	0.9946818655108337	0.9850169819539587	0.9830228950133775	0.9935091952690831	0.9967464468132649	0.9752451932784951	0.9866971393469816	0.976735183889147	0.9833176874771364	0.9864144064265874	0.98575386452184	0.9921346992622794	0.9857099388299886	1.0	0.9782122871718231	0.9954695752310183	0.9850528761348875	0.985806497958426	0.9835719703449627	0.984954072560837	0.9852763301787911	0.9812814868324334	0.9844738057732922	0.9843457606229781	0.9861985845541341	0.9877184797831022	0.9819998058097256	0.9813842564901393	0.9851603238525607	0.984278317669967	0.987330817411313	0.9860074821077843
0.9797845301255523	0.9781201145209124	0.9791348806866317	0.9805376742454709	0.9780122493834856	0.9799740244053156	0.9645717212030326	0.9791050417473547	0.9811165590791735	0.9807921502484985	0.9802778273683221	0.9794908364191212	0.9796526947383442	0.9783805966356381	0.9782122871718231	1.0	0.9786087186378692	0.9876827915641704	0.9791646923707535	0.969483975282032	0.980119044862753	0.9881391988790931	0.9764093248039968	0.9773417012438195	0.9781508676985664	0.9886228843335491	0.9740032088613272	0.9733040827145376	0.9759412680840001	0.9790153608907382	0.972909227988287	0.9879573943185155	0.98894512761831
0.9994630454426925	0.9966530299616824	0.9842396703868441	0.9831201498067893	0.995057763000327	0.9984422816499997	0.976091366082089	0.985611203892262	0.9753904753516103	0.9832131791791126	0.9855691993514637	0.984881133478981	0.9914010623758467	0.9845532998504563	0.9954695752310183	0.9786087186378692	1.0	0.983307406975872	0.9852017073356999	0.9845604883031633	0.9857435553928514	0.9836032700958507	0.9811523234595148	0.9842046368917287	0.9847386807416424	0.9845185997932654	0.9888767466156646	0.9828161976559494	0.981440408313159	0.9846485362633791	0.9847874217075218	0.9858870951620637	0.9843619938611604
0.9842252104623647	0.9834220829194763	0.9833027063321519	0.9914026980479204	0.9813156708283161	0.9844091845579077	0.9756582089988742	0.9839980048640288	0.9889962231427959	0.9950757026084396	0.9846810594779325	0.983332650165565	0.9837096369065258	0.9834430189316901	0.9850528761348875	0.9876827915641704	0.983307406975872	1.0	0.9862363385765393	0.984871120797109	0.985391572813613	0.9955162021852554	0.9935754535278163	0.9837416516579078	0.9850076925317977	0.9963034928881078	0.9876699972409623	0.9821098413070289	0.9813623845902487	0.9837692144240799	0.985576740750371	0.9907594222193137	0.9954804484062424
0.9872875546892355	0.9853488169285187	0.997113799794384	0.9839826970738957	0.9842479826791232	0.9876306265855	0.9764938419669159	0.9853296402749449	0.9775479239950718	0.9848244757841005	0.9850217597729772	0.9853636717300126	0.9870702952247353	0.9846241082843856	0.985806497958426	0.9791646923707535	0.9852017073356999	0.9862363385765393	1.0	0.9845979197977514	0.9851607448030638	0.9856093509625449	0.9828476059865497	0.9967242108312273	0.9967343947278482	0.9867131396380401	0.9879277497453608	0.9835707415674649	0.9935421403483599	0.9975400799014053	0.9843736346670807	0.9886696801109788	0.9861202052449681
0.9858578495122831	0.983417210858134	0.9845355102343352	0.9750226705825367	0.984435407407817	0.9860254313699248	0.9720244955969535	0.9854958415003544	0.9784124741714404	0.9783823297503214	0.9942462387745509	0.9842846782496021	0.9849328961082697	0.9839047974760865	0.9835719703449627	0.969483975282032	0.9845604883031633	0.984871120797109	0.9845979197977514	1.0	0.9928878408055679	0.9856773440816353	0.9736876357682948	0.9834042811953136	0.9839938306352551	0.9859297749696734	0.9873775928885595	0.9790687000323346	0.9806818946630281	0.9842972654932448	0.9833654615788583	0.9866756403959308	0.985797791142364
0.987672678328859	0.9847302903200424	0.9845674034709843	0.9847967886730109	0.9863162084400955	0.9877551149559147	0.9754394477877134	0.9876891821754692	0.9771685181397206	0.9845353069284056	0.9969392731954841	0.9864792305960296	0.9871401381270652	0.9855856297439259	0.984954072560837	0.980119044862753	0.9857435553928514	0.985391572813613	0.9851607448030638	0.9928878408055679	1.0	0.9863591874349998	0.9827792643796014	0.9838242375312073	0.9840738348173126	0.9870224872524342	0.9985534367213197	0.9831796968382945	0.9803626224844519	0.9844401524109865	0.9950594160025509	0.9887924749090866	0.986946631781943
0.9823341725652972	0.9841193717143623	0.9826393558611287	0.992328014962229	0.9802833230980951	0.9830487392528592	0.9766559366860208	0.9829427416196772	0.9897584410671584	0.9961222342418273	0.985515025983027	0.9819342924336537	0.98305934832833	0.9840904181510017	0.9852763301787911	0.9881391988790931	0.9836032700958507	0.9955162021852554	0.9856093509625449	0.9856773440816353	0.9863591874349998	1.0	0.995694864073608	0.9831266769186228	0.9848824279658303	0.9977746585103665	0.9887047975392002	0.9828806383034701	0.9804313840145533	0.9827840163430726	0.9860775522819301	0.989922412185563	0.9945232971472399
0.9825871458634889	0.9805720098222337	0.9819338068272643	0.979329667516492	0.9801743918154888	0.9830653460579091	0.9699546179679028	0.9831195557458077	0.9874398511413534	0.9869012217041782	0.9832951204919933	0.9823107210768258	0.9827792643796014	0.9821158258284988	0.9812814868324334	0.9764093248039968	0.9811523234595148	0.9935754535278163	0.9828476059865497	0.9736876357682948	0.9827792643796014	0.995694864073608	1.0	0.9808053727535644	0.9812241438518686	0.9950410878438979	0.9767798810834468	0.9761253810000353	0.9785024908617956	0.9823107210768258	0.975788125759848	0.9910141476162103	0.9950599470711078
0.986010086495949	0.9845432874790209	0.9964896401927461	0.9822057654927032	0.9831266769186228	0.9865170432739349	0.9753230344180394	0.9836089393728736	0.975284083202271	0.98281533460472	0.9831176788709978	0.9837328208635739	0.9857785500633398	0.9827010745724055	0.9844738057732922	0.9773417012438195	0.9842046368917287	0.9837416516579078	0.9967242108312273	0.9834042811953136	0.9838242375312073	0.9831266769186228	0.9808053727535644	1.0	0.9959615724681904	0.9840579868703243	0.986265773896042	0.9825788247869623	0.994577916967615	0.9971667533465969	0.9831864680041276	0.9872472520975114	0.9836886311836018
0.9866536137193209	0.9841756364634666	0.9965271204898328	0.9827153440944835	0.9838071859183485	0.9870336460689871	0.975735068829768	0.9850879681191946	0.9764878235002247	0.9835141875075265	0.9848913913021774	0.9852213261920149	0.9861399746289203	0.9842122549125005	0.9843457606229781	0.9781508676985664	0.9847386807416424	0.9850076925317977	0.9967343947278482	0.9839938306352551	0.9840738348173126	0.9848824279658303	0.9812241438518686	0.9959615724681904	1.0	0.9858017533242525	0.9872959063278807	0.9822304547032782	0.992563150499209	0.99672813265335	0.9831988016194668	0.9881643307023636	0.9854071223854141
0.9860617207877677	0.9845343247821005	0.983713400237116	0.9926930869795941	0.9827743254793707	0.9861175336607497	0.9776601942979894	0.9858535820583644	0.990151852795205	0.9968918014561079	0.9861248522686833	0.9852047582649397	0.9854577004864645	0.9850007855733015	0.9861985845541341	0.9886228843335491	0.9845185997932654	0.9963034928881078	0.9867131396380401	0.9859297749696734	0.9870224872524342	0.9977746585103665	0.9950410878438979	0.9840579868703243	0.9858017533242525	1.0	0.9890943015853789	0.9835707415674649	0.981303744427823	0.98438367410355	0.986437044821162	0.9927743229676569	0.9973293245076005
0.990070959567541	0.9880238891476737	0.9873122598680648	0.9774495910284369	0.9885161878561136	0.9901010191064358	0.9758881401420659	0.9898294924200678	0.9817880616469282	0.9821918419184029	0.9979662226185709	0.9886891212300607	0.9890478033728993	0.9875403603112071	0.9877184797831022	0.9740032088613272	0.9888767466156646	0.9876699972409623	0.9879277497453608	0.9873775928885595	0.9985534367213197	0.9887047975392002	0.9767798810834468	0.986265773896042	0.9872959063278807	0.9890943015853789	1.0	0.9824013749089768	0.9827413813342329	0.9870331383249782	0.9891561973683227	0.9909464086030791	0.9894332995459347
0.9844415796917471	0.982054869792321	0.9834655129762317	0.9776023629801048	0.9819777542547667	0.9844415796917471	0.9714620470072247	0.9849693119367993	0.9740663114305113	0.9774822077531424	0.9842569078872935	0.983476051047724	0.9845844982199874	0.9855184109593311	0.9819998058097256	0.9733040827145376	0.9828161976559494	0.9821098413070289	0.9835707415674649	0.9790687000323346	0.9831796968382945	0.9828806383034701	0.9761253810000353	0.9825788247869623	0.9822304547032782	0.9835707415674649	0.9824013749089768	1.0	0.9797412212859755	0.983549722852271	0.9792313872153237	0.9848684817116157	0.9831690630401804
0.9832592665899049	0.9812563168183044	0.994479718008999	0.9801602030783277	0.9806815898299004	0.9836622396059106	0.9715920832675681	0.9808803846797086	0.9725042862676808	0.9793932238112071	0.9804815786424877	0.9810681267710527	0.9829072122104733	0.9800473640394781	0.9813842564901393	0.9759412680840001	0.981440408313159	0.9813623845902487	0.9935421403483599	0.9806818946630281	0.9803626224844519	0.9804313840145533	0.9785024908617956	0.994577916967615	0.992563150499209	0.981303744427823	0.9827413813342329	0.9797412212859755	1.0	0.9950517102614723	0.9807810926459455	0.9843557418004889	0.9810878265392987
0.9845767687968809	0.9852261683351747	0.9962395544967516	0.9835611044642919	0.9817036326323386	0.9852673100695777	0.975837266884245	0.9827153795570795	0.9765041832941045	0.9837781796263467	0.9836937269195657	0.9825172438647171	0.9845361707009572	0.9830483526739393	0.9851603238525607	0.9790153608907382	0.9846485362633791	0.9837692144240799	0.9975400799014053	0.9842972654932448	0.9844401524109865	0.9827840163430726	0.9823107210768258	0.9971667533465969	0.99672813265335	0.98438367410355	0.9870331383249782	0.983549722852271	0.9950517102614723	1.0	0.9840388065359541	0.9863766586705381	0.9831080916772502
0.9860210247362973	0.9837369370528136	0.9840388065359541	0.9773716009821867	0.9849748579990025	0.9861339827800715	0.9717170955130011	0.9864928621484079	0.9780405017840561	0.9778667690381403	0.9949905000785371	0.9848226476261273	0.9857140844337309	0.9843855298461194	0.984278317669967	0.972909227988287	0.9847874217075218	0.985576740750371	0.9843736346670807	0.9833654615788583	0.9950594160025509	0.9860775522819301	0.975788125759848	0.9831864680041276	0.9831988016194668	0.986437044821162	0.9891561973683227	0.9792313872153237	0.9807810926459455	0.9840388065359541	1.0	0.9875681847933672	0.9862128230812399
0.9846110939418956	0.9862883798177446	0.986447735666232	0.9913919102056197	0.9828462714929969	0.9853356866600936	0.9776722522679722	0.9849218598469643	0.9850365118995089	0.9924854141196584	0.9875235411169911	0.9840110266066611	0.986387588847303	0.9861364998401009	0.987330817411313	0.9879573943185155	0.9858870951620637	0.9907594222193137	0.9886696801109788	0.9866756403959308	0.9887924749090866	0.989922412185563	0.9910141476162103	0.9872472520975114	0.9881643307023636	0.9927743229676569	0.9909464086030791	0.9848684817116157	0.9843557418004889	0.9863766586705381	0.9875681847933672	1.0	0.9901290159984236
0.9825824491706219	0.9848465720012115	0.983259475107173	0.992661952455535	0.9807142669370023	0.9837413608492503	0.9771129146370967	0.983344973376005	0.9896898718316107	0.9965209039909785	0.9860431016183702	0.9812767401732899	0.983931786293107	0.9846581500331713	0.9860074821077843	0.98894512761831	0.9843619938611604	0.9954804484062424	0.9861202052449681	0.985797791142364	0.986946631781943	0.9945232971472399	0.9950599470711078	0.9836886311836018	0.9854071223854141	0.9973293245076005	0.9894332995459347	0.9831690630401804	0.9810878265392987	0.9831080916772502	0.9862128230812399	0.9901290159984236	1.0
