/home/jshaw/scratch/2022_sketched_distance/references/SGB_genome_fastas_part3/4703/BackhedF_2015__SID229_12M__bin.11.fa	/home/jshaw/scratch/2022_sketched_distance/references/SGB_genome_fastas_part3/4703/BackhedF_2015__SID26_12M__bin.39.fa	/home/jshaw/scratch/2022_sketched_distance/references/SGB_genome_fastas_part3/4703/BackhedF_2015__SID546_12M__bin.16.fa	/home/jshaw/scratch/2022_sketched_distance/references/SGB_genome_fastas_part3/4703/BackhedF_2015__SID608_M__bin.38.fa	/home/jshaw/scratch/2022_sketched_distance/references/SGB_genome_fastas_part3/4703/ChengpingW_2017__AS111raw__bin.2.fa	/home/jshaw/scratch/2022_sketched_distance/references/SGB_genome_fastas_part3/4703/ChengpingW_2017__AS15raw__bin.53.fa	/home/jshaw/scratch/2022_sketched_distance/references/SGB_genome_fastas_part3/4703/HeQ_2017__RSZAXPI003102-140__bin.29.fa	/home/jshaw/scratch/2022_sketched_distance/references/SGB_genome_fastas_part3/4703/HeQ_2017__RSZAXPI003107-147__bin.9.fa	/home/jshaw/scratch/2022_sketched_distance/references/SGB_genome_fastas_part3/4703/HeQ_2017__SZAXPI029466-158__bin.31.fa	/home/jshaw/scratch/2022_sketched_distance/references/SGB_genome_fastas_part3/4703/HeQ_2017__SZAXPI029486-84__bin.7.fa	/home/jshaw/scratch/2022_sketched_distance/references/SGB_genome_fastas_part3/4703/HeQ_2017__SZAXPI029499-101__bin.44.fa	/home/jshaw/scratch/2022_sketched_distance/references/SGB_genome_fastas_part3/4703/HeQ_2017__SZAXPI029552-169__bin.11.fa	/home/jshaw/scratch/2022_sketched_distance/references/SGB_genome_fastas_part3/4703/HeQ_2017__SZAXPI029574-89__bin.29.fa	/home/jshaw/scratch/2022_sketched_distance/references/SGB_genome_fastas_part3/4703/HeQ_2017__SZAXPI029601-32__bin.4.fa	/home/jshaw/scratch/2022_sketched_distance/references/SGB_genome_fastas_part3/4703/HeQ_2017__SZAXPI029602-33__bin.13.fa	/home/jshaw/scratch/2022_sketched_distance/references/SGB_genome_fastas_part3/4703/LeChatelierE_2013__MH0088__bin.28.fa	/home/jshaw/scratch/2022_sketched_distance/references/SGB_genome_fastas_part3/4703/LeChatelierE_2013__MH0131__bin.71.fa	/home/jshaw/scratch/2022_sketched_distance/references/SGB_genome_fastas_part3/4703/LeChatelierE_2013__MH0444__bin.45.fa	/home/jshaw/scratch/2022_sketched_distance/references/SGB_genome_fastas_part3/4703/LiJ_2014__V1.FI18__bin.20.fa	/home/jshaw/scratch/2022_sketched_distance/references/SGB_genome_fastas_part3/4703/LiJ_2014__V1.FI35__bin.2.fa	/home/jshaw/scratch/2022_sketched_distance/references/SGB_genome_fastas_part3/4703/LiJ_2017__H1M512855__bin.10.fa	/home/jshaw/scratch/2022_sketched_distance/references/SGB_genome_fastas_part3/4703/LiJ_2017__H1M513738__bin.10.fa	/home/jshaw/scratch/2022_sketched_distance/references/SGB_genome_fastas_part3/4703/LiJ_2017__H2M413915__bin.4.fa	/home/jshaw/scratch/2022_sketched_distance/references/SGB_genome_fastas_part3/4703/LiJ_2017__H3M415117__bin.20.fa	/home/jshaw/scratch/2022_sketched_distance/references/SGB_genome_fastas_part3/4703/LiJ_2017__H3M515935__bin.40.fa	/home/jshaw/scratch/2022_sketched_distance/references/SGB_genome_fastas_part3/4703/LiJ_2017__H3M518116__bin.33.fa	/home/jshaw/scratch/2022_sketched_distance/references/SGB_genome_fastas_part3/4703/LoombaR_2017__SID1049_baw__bin.51.fa	/home/jshaw/scratch/2022_sketched_distance/references/SGB_genome_fastas_part3/4703/LoombaR_2017__SID5630_kod__bin.9.fa	/home/jshaw/scratch/2022_sketched_distance/references/SGB_genome_fastas_part3/4703/NielsenHB_2014__MH0088__bin.26.fa	/home/jshaw/scratch/2022_sketched_distance/references/SGB_genome_fastas_part3/4703/NielsenHB_2014__V1_CD17_0__bin.21.fa	/home/jshaw/scratch/2022_sketched_distance/references/SGB_genome_fastas_part3/4703/NielsenHB_2014__V1_CD17_4__bin.54.fa	/home/jshaw/scratch/2022_sketched_distance/references/SGB_genome_fastas_part3/4703/QinJ_2012__CON-008__bin.32.fa	/home/jshaw/scratch/2022_sketched_distance/references/SGB_genome_fastas_part3/4703/QinJ_2012__CON-039__bin.30.fa	/home/jshaw/scratch/2022_sketched_distance/references/SGB_genome_fastas_part3/4703/QinJ_2012__CON-065__bin.52.fa	/home/jshaw/scratch/2022_sketched_distance/references/SGB_genome_fastas_part3/4703/QinJ_2012__NOM004__bin.3.fa	/home/jshaw/scratch/2022_sketched_distance/references/SGB_genome_fastas_part3/4703/QinJ_2012__NOM014__bin.9.fa	/home/jshaw/scratch/2022_sketched_distance/references/SGB_genome_fastas_part3/4703/QinJ_2012__T2D-068__bin.13.fa	/home/jshaw/scratch/2022_sketched_distance/references/SGB_genome_fastas_part3/4703/QinJ_2012__T2D-102__bin.53.fa	/home/jshaw/scratch/2022_sketched_distance/references/SGB_genome_fastas_part3/4703/QinN_2014__HD-45__bin.29.fa	/home/jshaw/scratch/2022_sketched_distance/references/SGB_genome_fastas_part3/4703/VogtmannE_2016__MMRS57569834ST-27-0-0__bin.9.fa	/home/jshaw/scratch/2022_sketched_distance/references/SGB_genome_fastas_part3/4703/VogtmannE_2016__MMRS64281211ST-27-0-0__bin.33.fa	/home/jshaw/scratch/2022_sketched_distance/references/SGB_genome_fastas_part3/4703/VogtmannE_2016__MMRS91297590ST-27-0-0__bin.10.fa	/home/jshaw/scratch/2022_sketched_distance/references/SGB_genome_fastas_part3/4703/VogtmannE_2016__MMRS95674036ST-27-0-0__bin.11.fa	/home/jshaw/scratch/2022_sketched_distance/references/SGB_genome_fastas_part3/4703/WenC_2017__N030__bin.20.fa	/home/jshaw/scratch/2022_sketched_distance/references/SGB_genome_fastas_part3/4703/WenC_2017__RA082__bin.7.fa	/home/jshaw/scratch/2022_sketched_distance/references/SGB_genome_fastas_part3/4703/XieH_2016__YSZC12003_35630__bin.12.fa	/home/jshaw/scratch/2022_sketched_distance/references/SGB_genome_fastas_part3/4703/YuJ_2015__SZAXPI003422-11__bin.27.fa	/home/jshaw/scratch/2022_sketched_distance/references/SGB_genome_fastas_part3/4703/YuJ_2015__SZAXPI015219-129__bin.25.fa	/home/jshaw/scratch/2022_sketched_distance/references/SGB_genome_fastas_part3/4703/YuJ_2015__SZAXPI015228-14__bin.71.fa
1.0	0.9924216192014463	0.9773676576913217	0.9753254255826846	0.9914279530911576	0.9837806208088238	0.9792016562258941	0.9893225015401449	0.9790533761047508	0.9856454795936244	0.9938845820414761	0.9903011908643677	0.9740164274547181	0.9777926115449469	0.9891934731140789	0.976909625838222	0.9938168757195229	0.9717567056954354	0.9802009143058407	0.9915118193164375	0.9862254375145696	0.9895887326768634	0.9869687401759297	0.9919099244203599	0.9874693146675702	0.9782838204660128	0.9769800803144092	0.9842603851527099	0.9762808567156641	0.9950835014459339	0.9867968873028554	0.9772961120585464	0.9820633780185111	0.9878163082938285	0.9929583889338056	0.9827498559492175	0.9870259576916736	0.9888296409517902	0.9911876197502137	0.974804894267826	0.9916928328762721	0.9873909466288093	0.9916097469628322	0.9907799832314447	0.9821058328426762	0.990088791374332	0.9841972736276284	0.9834729361496045	0.98982675865893
0.9924216192014463	1.0	0.9772253976953631	0.9761076473049695	0.9920237713718959	0.983488214348718	0.9793917531780457	0.9894331203212615	0.9797366159587183	0.9853731740104806	0.9915633386400184	0.9897372969344196	0.9738360735133588	0.9774111216129717	0.9887663113940119	0.9769591198695813	0.9921365351492017	0.972291252325912	0.980486164021578	0.990844184051272	0.9859705606507843	0.9890551934635211	0.9863461243987321	0.9912421961089571	0.9862825174151998	0.9787027244976974	0.9773936818600729	0.9841523554310128	0.9768737409331706	0.9923315848499346	0.9843500633357064	0.9779716618966023	0.9815443979221123	0.9878671298412246	0.9900797590788408	0.983107430759844	0.9867046769449644	0.9862271639893969	0.9908208129968719	0.9751610300368334	0.9908116722585795	0.9864717918934568	0.9914895234287038	0.9910093901111978	0.9816549160782376	0.989367502196091	0.9833647827157478	0.9833556891059296	0.9890341218923946
0.9773676576913217	0.9772253976953631	1.0	0.9873275926857104	0.9771134824973103	0.9694583244581191	0.9670079018978891	0.9749041426674928	0.9662539386022321	0.9714632754792017	0.976488420557712	0.9761765546511589	0.9609564531223503	0.9648579803657376	0.976490560041702	0.9900773182405624	0.9770862202193223	0.9853794550071753	0.9664113621862852	0.9755626729695579	0.9711289333761703	0.9760633695775863	0.9725085524821817	0.9774571116795743	0.9712840146284698	0.9654711785270932	0.9892023133616294	0.9698248359489896	0.9894276388975043	0.977352295803389	0.9689563498453255	0.964127095361476	0.9669216456926881	0.9741769382715559	0.976069644838648	0.9674506801142804	0.9725655394766272	0.9715173895324938	0.976982770782687	0.9876680522990868	0.9760967196869018	0.9711414883058846	0.9764379097323823	0.9763494559527397	0.9649033193136629	0.9752356325466346	0.971019636878312	0.9693228524705073	0.9760540200129314
0.9753254255826846	0.9761076473049695	0.9873275926857104	1.0	0.9752839700585676	0.9707940783300897	0.9633548963724069	0.9725085524821817	0.9624227428388191	0.968303618053812	0.9751251232764031	0.9744736096666372	0.9569014791365218	0.960814412585955	0.9746381683359834	0.9869001318502945	0.9754748761130712	0.9828064813254817	0.9634550413875277	0.9741664007361839	0.9722818675016116	0.9729599521618729	0.9737121259585215	0.974951071582222	0.971213434082638	0.9619010556848478	0.9881534276494307	0.9698457507027386	0.9864124760144165	0.9750641962190568	0.9659111946869003	0.9607437878236602	0.9684197812023712	0.9729284367372677	0.9749090888147027	0.9690990642705215	0.9725766918846837	0.9717775178828257	0.9752279806989649	0.9874622061193531	0.9748630070043632	0.9726961589456997	0.9746477817009953	0.9754272615440437	0.9654863027111967	0.9745439983945147	0.9699277551041687	0.9665236467543724	0.9743405626703153
0.9914279530911576	0.9920237713718959	0.9771134824973103	0.9752839700585676	1.0	0.9841665828913796	0.9799056532765682	0.9893092484605017	0.979582229151969	0.9859827190096088	0.9906453940524117	0.990643366650928	0.9737583555101442	0.9767355056712673	0.9896166116721566	0.9762693967481905	0.9910471868318157	0.9725303497441937	0.9806502698945856	0.9906488642641614	0.9858836178534331	0.9889701731137722	0.9866423439739855	0.9912214179687029	0.9861324822753016	0.9795620152551927	0.9771474473051328	0.9844416475572032	0.9757676840126625	0.9913572888323893	0.9838379755708451	0.9780780629627502	0.9814733211094172	0.988451463003088	0.9889872868052946	0.9827879137716892	0.9873357102133777	0.9861642675250478	0.9906301210243986	0.9755428123601284	0.99068549122969	0.9866085616031349	0.9917427194518141	0.9951684499491245	0.9803020874492254	0.9885411467946414	0.98521770760489	0.9863010054965352	0.9900465363335874
0.9837806208088238	0.983488214348718	0.9694583244581191	0.9707940783300897	0.9841665828913796	1.0	0.9702895590206765	0.9823412508318659	0.9686748757609769	0.9770977228562912	0.9838279327428697	0.9852296561714246	0.9611957031120675	0.9668560396653442	0.9841003912756038	0.9683214513421321	0.9842899371651628	0.9627265030289975	0.973098885687541	0.9847474251788432	0.9846868585143734	0.9803975386365691	0.9855751568776495	0.9841348407232218	0.9835207002819832	0.9700502364916898	0.9700407649252479	0.9822921814033522	0.9682295611996407	0.9839273781565215	0.97305754257602	0.9669843626652418	0.9815498865678504	0.9867340618683804	0.9832327312285397	0.9817675664507155	0.9873330302321901	0.9837313098897823	0.9842484315467912	0.9681003326480733	0.9843338754422415	0.9821375631198638	0.9855968672082719	0.9844388860874598	0.9780445826963254	0.9822665884888577	0.9830600874231838	0.9718121944888759	0.9842259047837653
0.9792016562258941	0.9793917531780457	0.9670079018978891	0.9633548963724069	0.9799056532765682	0.9702895590206765	1.0	0.9851392204073267	0.9897458768393382	0.9865662361862764	0.9793032694365804	0.9800632644361568	0.9830092750654376	0.9852153517857289	0.9822694564405287	0.9661305936219787	0.9782175623418965	0.9711990407816217	0.9898575896007158	0.9785167135279085	0.971677602925844	0.9820734619240591	0.9740590169929747	0.9797654083695307	0.9679211902753267	0.9884352254404103	0.9669119845479299	0.9674875339672042	0.9658965802399483	0.9787641983732591	0.9840779346133538	0.9882964792149753	0.9675663723754044	0.9764728345232123	0.9775658144184184	0.965609544502361	0.9747224430477244	0.9658716501924253	0.9778651441102605	0.9659287295307804	0.9756195720813636	0.9704875334403731	0.9813413625049965	0.9784844311584909	0.9643975291304783	0.9730078207667595	0.969466494774656	0.9854138927960628	0.9801769465296416
0.9893225015401449	0.9894331203212615	0.9749041426674928	0.9725085524821817	0.9893092484605017	0.9823412508318659	0.9851392204073267	1.0	0.9900911376478131	0.9900423129438108	0.9892481161404102	0.9891435310856179	0.9777822818008787	0.9800621467480428	0.9884444469944187	0.9742777999428618	0.988507290621647	0.974391393017145	0.9849972600649087	0.9877144537653526	0.9819438694611513	0.9893649900831476	0.9832577562739842	0.9895911256347528	0.982621978507955	0.9837687704062213	0.9745455685576327	0.9801069880656704	0.9740395495676034	0.9886598725289759	0.9857729165461441	0.9884541790961832	0.9794031125288934	0.9875148658529899	0.987366195571336	0.9794067796408462	0.9860909908113011	0.9823208888112344	0.9874502044291948	0.9736650744765237	0.9873131829839875	0.9823157228637008	0.9905685922511888	0.9884736752344447	0.9770599765768307	0.984596968276275	0.9832804299153124	0.9857376103368167	0.9894597552846869
0.9790533761047508	0.9797366159587183	0.9662539386022321	0.9624227428388191	0.979582229151969	0.9686748757609769	0.9897458768393382	0.9900911376478131	1.0	0.9848753410916716	0.9789047909059952	0.97917233777333	0.9866786074069013	0.9841964409633626	0.9791246975892637	0.9645991599719337	0.978706102986714	0.9695408457823139	0.990053891886805	0.9780227789067166	0.97069231237763	0.9820590311227665	0.9730314194748005	0.979764233491911	0.9635651005284643	0.9916619513859927	0.9645803829411355	0.9650307433287705	0.9645775497533277	0.9787181441700065	0.9840366989929531	0.9967798399533313	0.9663712070830944	0.9765208975879065	0.9775239205955387	0.9637251010605957	0.9738985799591172	0.9651330483582582	0.976438446366464	0.9652141086499451	0.9754797731084112	0.9694923998720689	0.9805793185755263	0.977839491494598	0.9632135850228389	0.9721058916221598	0.9653945788265998	0.9857459737841682	0.9797092799161827
0.9856454795936244	0.9853731740104806	0.9714632754792017	0.968303618053812	0.9859827190096088	0.9770977228562912	0.9865662361862764	0.9900423129438108	0.9848753410916716	1.0	0.9852145321779988	0.9853696811428256	0.9770353667314728	0.9804227258626701	0.9846947850878137	0.9701398749110518	0.9842537806946029	0.9736183356001884	0.9857741257620137	0.9841283490611145	0.9767810632992662	0.987649087044203	0.9787338671816034	0.9851755475252352	0.9764283444255615	0.9844409599801285	0.9703142498087001	0.97401127100927	0.9699715792573682	0.9845212233362693	0.9860012126707683	0.9837109120366262	0.9739598451606876	0.9838512224227287	0.9824976082794137	0.9743392725243933	0.981903989176174	0.9755512038440222	0.9829282531639584	0.970391035613758	0.9823541362928684	0.9774102769033642	0.9879161813663409	0.9846922976348615	0.9711226058568896	0.9799654957735892	0.977959283018048	0.9861433087195131	0.9865609802701437
0.9938845820414761	0.9915633386400184	0.976488420557712	0.9751251232764031	0.9906453940524117	0.9838279327428697	0.9793032694365804	0.9892481161404102	0.9789047909059952	0.9852145321779988	1.0	0.9896578424116496	0.9728463866435401	0.9776661532435763	0.9884669666740291	0.9761035031785416	0.9940776731633366	0.9718389948565017	0.9801804453309743	0.9910682571085826	0.985513432518368	0.9889199686864427	0.9864253837965987	0.9910752697978216	0.9870939070882032	0.9783997578271166	0.9764349584136183	0.9834761382098585	0.9755591722512517	0.9951397228270338	0.9875084207143738	0.9776664743695674	0.9816454595365288	0.9867267006065649	0.9938497231159997	0.9819888519385434	0.9868666813774629	0.9908737514313642	0.9903029431247833	0.9747965071667682	0.9908215663461668	0.9865981139004082	0.9905499568356231	0.9903199342915289	0.9804831317089322	0.9891786556058495	0.9846036899776258	0.9830897146579962	0.9892565935110958
0.9903011908643677	0.9897372969344196	0.9761765546511589	0.9744736096666372	0.990643366650928	0.9852296561714246	0.9800632644361568	0.9891435310856179	0.97917233777333	0.9853696811428256	0.9896578424116496	1.0	0.9723428784807325	0.9754865182482353	0.9900334532810116	0.9756022988631414	0.9894245374365378	0.9709158493339335	0.9804944862740048	0.9895983847272445	0.9851567134118192	0.9878942080035841	0.9853275541971515	0.9899991985999967	0.9860326965447134	0.9795159082142052	0.9763443967561634	0.9830421983953177	0.975256151721116	0.9903353020824118	0.981703232334825	0.977081709126443	0.9819619376194173	0.9889926539645546	0.9881639910200366	0.9818017297070206	0.9884414750208583	0.9858107197832361	0.990150473947497	0.974447468444996	0.9891276712570827	0.9849544125660226	0.9911151149850812	0.9900618532931375	0.9794146813118458	0.986702173349911	0.9862102076092382	0.9817713095218895	0.9910773137129376
0.9740164274547181	0.9738360735133588	0.9609564531223503	0.9569014791365218	0.9737583555101442	0.9611957031120675	0.9830092750654376	0.9777822818008787	0.9866786074069013	0.9770353667314728	0.9728463866435401	0.9723428784807325	1.0	0.9806020974041179	0.9722053012770169	0.9594226853778721	0.9738263071848646	0.9654564013706977	0.9860380595744249	0.9722860121886479	0.9662376044791458	0.9769420967183251	0.9680180621869909	0.9733541630933968	0.9502651772642592	0.9870319264951789	0.9595304703026084	0.9595609222934813	0.9588856458337719	0.9728067008950863	0.9787192213172504	0.9836428025215599	0.9587102799575066	0.9690337420406675	0.9729989885577609	0.9549047153663601	0.9645138589811728	0.9558983619235839	0.9705085590941298	0.9614020670866771	0.969816586906229	0.9636614120523366	0.9733949573916101	0.9718013277044446	0.9603037688683587	0.9676065428543429	0.9517860339900107	0.9798810621728132	0.9715723309842961
0.9777926115449469	0.9774111216129717	0.9648579803657376	0.960814412585955	0.9767355056712673	0.9668560396653442	0.9852153517857289	0.9800621467480428	0.9841964409633626	0.9804227258626701	0.9776661532435763	0.9754865182482353	0.9806020974041179	1.0	0.9752309262212832	0.9635697502519419	0.9769885991453099	0.9673446915236728	0.9867600733767248	0.9766242741426218	0.9709259265812868	0.9809260822803406	0.9728987706810036	0.9770769262206473	0.9624072994149204	0.984539363813441	0.9636964310401972	0.9642441859595045	0.9628557472715614	0.9778329943088755	0.9828043188728506	0.9869817248473883	0.9649051672690011	0.9732029542553478	0.9764619681597365	0.9609040684351924	0.9704394718189352	0.9649158094716805	0.9757802334528627	0.9626103396524527	0.9746095919296623	0.9691986890577008	0.9772396425470631	0.9752789798999221	0.9650030986996838	0.9717656737237734	0.9615922448186204	0.9831740721943938	0.9752853611586446
0.9891934731140789	0.9887663113940119	0.976490560041702	0.9746381683359834	0.9896166116721566	0.9841003912756038	0.9822694564405287	0.9884444469944187	0.9791246975892637	0.9846947850878137	0.9884669666740291	0.9900334532810116	0.9722053012770169	0.9752309262212832	1.0	0.9755674478299208	0.9881882186382954	0.9711132461697337	0.9797405490961272	0.9885424677459757	0.9833051012566414	0.9864226958955532	0.9848361843215506	0.9893812426717209	0.9843921815208216	0.9779761094499366	0.9761482634181083	0.9826620215656321	0.9750658212718825	0.9889897383914651	0.9808004574522448	0.9772017191653896	0.9816411757465756	0.9881345716331646	0.986858129892789	0.9811093338222199	0.9873700525163728	0.9841428316497143	0.9894590440111317	0.9741801444251308	0.9874849461305915	0.9835714669442195	0.9905959803206411	0.9891880408009038	0.9773480660359011	0.9853981723782266	0.9861699639815965	0.9807082995447837	0.9900305478429839
0.976909625838222	0.9769591198695813	0.9900773182405624	0.9869001318502945	0.9762693967481905	0.9683214513421321	0.9661305936219787	0.9742777999428618	0.9645991599719337	0.9701398749110518	0.9761035031785416	0.9756022988631414	0.9594226853778721	0.9635697502519419	0.9755674478299208	1.0	0.9763531060915099	0.9843909302618665	0.9651168907145009	0.9746190066371744	0.9696224109305895	0.9751476290049422	0.9713303527874705	0.9770507557086209	0.9706899619158084	0.9638787370511928	0.9885713385003525	0.9693221479097687	0.9979107890260045	0.9766574204398358	0.967957386787879	0.9626400619435144	0.9668425741498006	0.9726943294919628	0.9751644660479464	0.9669151478107805	0.9719048809135151	0.9700916787654816	0.9761937071512332	0.9872469713672081	0.9755192698068095	0.9703009139441958	0.9756939774035789	0.9754300999585556	0.9643857285227624	0.9748197396697871	0.9698668731331548	0.9678734864222163	0.9749864020496057
0.9938168757195229	0.9921365351492017	0.9770862202193223	0.9754748761130712	0.9910471868318157	0.9842899371651628	0.9782175623418965	0.988507290621647	0.978706102986714	0.9842537806946029	0.9940776731633366	0.9894245374365378	0.9738263071848646	0.9769885991453099	0.9881882186382954	0.9763531060915099	1.0	0.9715684155808232	0.9788558853512237	0.9909701912001163	0.9864046171255243	0.9887242105643871	0.9868563074119938	0.9912923465875967	0.9865217761033342	0.9776667146060936	0.9773091548657304	0.9846322974826044	0.9759345428277671	0.9943366058389338	0.9871368474557116	0.9776483420381737	0.9810954815065892	0.9871916468336831	0.9935681722796874	0.9835336889659569	0.986252143369412	0.9898210122544107	0.990309106738153	0.9750422695251424	0.9916716542397449	0.9872610411398356	0.9908436506659092	0.9902533660978998	0.9814124427123778	0.9899919612652506	0.9834042553251282	0.9827098090571251	0.9885666464895668
0.9717567056954354	0.972291252325912	0.9853794550071753	0.9828064813254817	0.9725303497441937	0.9627265030289975	0.9711990407816217	0.974391393017145	0.9695408457823139	0.9736183356001884	0.9718389948565017	0.9709158493339335	0.9654564013706977	0.9673446915236728	0.9711132461697337	0.9843909302618665	0.9715684155808232	1.0	0.9707851874231737	0.9714031104914683	0.9658235268675935	0.9752337723774774	0.9669737084988614	0.9726373159195864	0.9633245545339907	0.9692844690742023	0.985982605587391	0.9638777580973497	0.9841322865667672	0.9714397551648689	0.9723891584023461	0.9674753928684193	0.9609176753302325	0.9674050764441137	0.9706308681458727	0.9593862481851414	0.9668483078684698	0.962545703523915	0.9716434764300843	0.9879576497004469	0.9710704862103334	0.964351769299635	0.9720806331549466	0.9712169831305956	0.9592375712239939	0.9701054516707903	0.9629152141772351	0.9721489493648068	0.9706768026942779
0.9802009143058407	0.980486164021578	0.9664113621862852	0.9634550413875277	0.9806502698945856	0.973098885687541	0.9898575896007158	0.9849972600649087	0.990053891886805	0.9857741257620137	0.9801804453309743	0.9804944862740048	0.9860380595744249	0.9867600733767248	0.9797405490961272	0.9651168907145009	0.9788558853512237	0.9707851874231737	1.0	0.9792863086350252	0.9725552981089292	0.9830420827669706	0.9752952835346937	0.980639733934607	0.9668068814170067	0.9965908981660669	0.9657601499883446	0.9690745719287157	0.9647080787317066	0.9798423322652667	0.9857576911597887	0.9888232842689055	0.9678163806707543	0.9779846476847178	0.9785085265910645	0.9655273401785375	0.9776430811482357	0.9667017784290302	0.9776365018680063	0.9664912751594819	0.9760285636426482	0.9716800314402256	0.9819644451768001	0.979511163367707	0.9673777274907667	0.9732284566028326	0.9694246327638434	0.9867658522328309	0.9804805961144901
0.9915118193164375	0.990844184051272	0.9755626729695579	0.9741664007361839	0.9906488642641614	0.9847474251788432	0.9785167135279085	0.9877144537653526	0.9780227789067166	0.9841283490611145	0.9910682571085826	0.9895983847272445	0.9722860121886479	0.9766242741426218	0.9885424677459757	0.9746190066371744	0.9909701912001163	0.9714031104914683	0.9792863086350252	1.0	0.986553897034584	0.9888547903724729	0.9872545410905247	0.9903626731653987	0.9865700569072536	0.977376845212349	0.9753384280259685	0.9831938885575184	0.9742541323563935	0.9914203394825887	0.9842784555935552	0.9762889784556549	0.9820028584590754	0.9878033046423753	0.9896580768012555	0.9829034088392657	0.9873321823957548	0.9866378113662656	0.9900412151081897	0.9735992294845288	0.990419523112848	0.9873748653378867	0.9908650751002723	0.9901684360576914	0.981258648149446	0.9894747325278976	0.9838877793697101	0.9824238459224423	0.9883616271418384
0.9862254375145696	0.9859705606507843	0.9711289333761703	0.9722818675016116	0.9858836178534331	0.9846868585143734	0.971677602925844	0.9819438694611513	0.97069231237763	0.9767810632992662	0.985513432518368	0.9851567134118192	0.9662376044791458	0.9709259265812868	0.9833051012566414	0.9696224109305895	0.9864046171255243	0.9658235268675935	0.9725552981089292	0.986553897034584	1.0	0.9830701747128909	0.990412533794402	0.9855277357771499	0.9841019188375617	0.9707829689170259	0.9722221730272148	0.9804846629389397	0.9694534963349771	0.9866203397066066	0.9777812303194896	0.9706813545502272	0.9798202131248417	0.983999937075012	0.9848412752979342	0.9817002207206894	0.9827930087432909	0.9854210551705471	0.988039635009362	0.970327543024018	0.9886332224394995	0.9837909298206703	0.9851428688230058	0.9858311103296379	0.9805405195301087	0.9851070932586388	0.9799530948057168	0.9758329185751407	0.9831730035037447
0.9895887326768634	0.9890551934635211	0.9760633695775863	0.9729599521618729	0.9889701731137722	0.9803975386365691	0.9820734619240591	0.9893649900831476	0.9820590311227665	0.987649087044203	0.9889199686864427	0.9878942080035841	0.9769420967183251	0.9809260822803406	0.9864226958955532	0.9751476290049422	0.9887242105643871	0.9752337723774774	0.9830420827669706	0.9888547903724729	0.9830701747128909	1.0	0.9835004801271039	0.990009459996598	0.9829725179556871	0.9815428774464614	0.9753339964101457	0.9793404716028081	0.9744418394145506	0.9890462888177779	0.9872505917384555	0.9804623678058025	0.9774262006477453	0.984446179516863	0.9867014856514595	0.9787572572242548	0.9843730231036242	0.9812967430976516	0.9889559688198367	0.9740187958627575	0.9888387980715875	0.983826270488854	0.9889673329065702	0.9881044866157999	0.9772524953290094	0.9860825238574019	0.9805926851802502	0.9862974243355492	0.9879910522132151
0.9869687401759297	0.9863461243987321	0.9725085524821817	0.9737121259585215	0.9866423439739855	0.9855751568776495	0.9740590169929747	0.9832577562739842	0.9730314194748005	0.9787338671816034	0.9864253837965987	0.9853275541971515	0.9680180621869909	0.9728987706810036	0.9848361843215506	0.9713303527874705	0.9868563074119938	0.9669737084988614	0.9752952835346937	0.9872545410905247	0.990412533794402	0.9835004801271039	1.0	0.9862925411071507	0.9835637637407973	0.9732675980395012	0.9726887184987928	0.9801697534856032	0.9710398951837339	0.987188414083169	0.979696400864566	0.9727637370973241	0.9810680671651214	0.9844380959255776	0.986187584202189	0.981167176920763	0.9839554496703787	0.985759487136416	0.9859493175622933	0.9717765802606005	0.9883052806538074	0.9837811159959556	0.9861587057474174	0.9864768516812548	0.980197629245399	0.9848599795373469	0.9797807637212964	0.9780194753455708	0.9844463036816755
0.9919099244203599	0.9912421961089571	0.9774571116795743	0.974951071582222	0.9912214179687029	0.9841348407232218	0.9797654083695307	0.9895911256347528	0.979764233491911	0.9851755475252352	0.9910752697978216	0.9899991985999967	0.9733541630933968	0.9770769262206473	0.9893812426717209	0.9770507557086209	0.9912923465875967	0.9726373159195864	0.980639733934607	0.9903626731653987	0.9855277357771499	0.990009459996598	0.9862925411071507	1.0	0.9868351705253682	0.9792685686368787	0.9771562699127453	0.9875368177352207	0.9764102070324596	0.991583435280536	0.9840354840534776	0.9780751382490112	0.9816685606657571	0.9877339188546455	0.9893339839730166	0.9818891998560563	0.9867101991411384	0.9857718819745547	0.9907924043479234	0.9759496327652997	0.991077576546123	0.9862176118812231	0.9913547378193408	0.9906230006127044	0.9797666504656102	0.9890481380341224	0.984925233411688	0.9829518147307952	0.9899811756981824
0.9874693146675702	0.9862825174151998	0.9712840146284698	0.971213434082638	0.9861324822753016	0.9835207002819832	0.9679211902753267	0.982621978507955	0.9635651005284643	0.9764283444255615	0.9870939070882032	0.9860326965447134	0.9502651772642592	0.9624072994149204	0.9843921815208216	0.9706899619158084	0.9865217761033342	0.9633245545339907	0.9668068814170067	0.9865700569072536	0.9841019188375617	0.9829725179556871	0.9835637637407973	0.9868351705253682	1.0	0.9630115491594557	0.9728720650088836	0.9839802092982387	0.9702157976746834	0.9874453966769289	0.9746402077027843	0.9611440865126432	0.981065719615299	0.9839812590901605	0.9853967388446035	0.9837006621272031	0.9851024411528269	0.9874466971073543	0.9865071740180329	0.9689825590633052	0.9881439293169861	0.9854292597320947	0.9865162604460262	0.9862271639893969	0.9798662221196826	0.985474441755041	0.9859840097563196	0.9717006485681168	0.9844759811741742
0.9782838204660128	0.9787027244976974	0.9654711785270932	0.9619010556848478	0.9795620152551927	0.9700502364916898	0.9884352254404103	0.9837687704062213	0.9916619513859927	0.9844409599801285	0.9783997578271166	0.9795159082142052	0.9870319264951789	0.984539363813441	0.9779761094499366	0.9638787370511928	0.9776667146060936	0.9692844690742023	0.9965908981660669	0.977376845212349	0.9707829689170259	0.9815428774464614	0.9732675980395012	0.9792685686368787	0.9630115491594557	1.0	0.9642822213088706	0.9661078521823252	0.9636057175094423	0.9777539585044341	0.9832335234400152	0.9905111892871457	0.9667439482914273	0.9752664305522125	0.9765944295570751	0.9639140292616238	0.9747787545406047	0.963998933220793	0.9760495623547192	0.9649674303512336	0.9751297754132173	0.969113758276497	0.9802437639910333	0.9779049703324485	0.9631962717102274	0.9707881617503316	0.9678166182321802	0.9852382490281358	0.9793716776536736
0.9769800803144092	0.9773936818600729	0.9892023133616294	0.9881534276494307	0.9771474473051328	0.9700407649252479	0.9669119845479299	0.9745455685576327	0.9645803829411355	0.9703142498087001	0.9764349584136183	0.9763443967561634	0.9595304703026084	0.9636964310401972	0.9761482634181083	0.9885713385003525	0.9773091548657304	0.985982605587391	0.9657601499883446	0.9753384280259685	0.9722221730272148	0.9753339964101457	0.9726887184987928	0.9771562699127453	0.9728720650088836	0.9642822213088706	1.0	0.9715469627628525	0.9880716837164623	0.9768115457464587	0.9684582442587504	0.962783661469161	0.9681147249703221	0.9735073471433755	0.9758454197559169	0.96820706892855	0.9734598546686042	0.972101074506943	0.9770103703573794	0.990593744045204	0.9765751449648402	0.97170458722596	0.9760944672756409	0.9764762298144716	0.9659813279664398	0.9761971662690806	0.9712006351544273	0.9681152954818624	0.9754352858202586
0.9842603851527099	0.9841523554310128	0.9698248359489896	0.9698457507027386	0.9844416475572032	0.9822921814033522	0.9674875339672042	0.9801069880656704	0.9650307433287705	0.97401127100927	0.9834761382098585	0.9830421983953177	0.9595609222934813	0.9642441859595045	0.9826620215656321	0.9693221479097687	0.9846322974826044	0.9638777580973497	0.9690745719287157	0.9831938885575184	0.9804846629389397	0.9793404716028081	0.9801697534856032	0.9875368177352207	0.9839802092982387	0.9661078521823252	0.9715469627628525	1.0	0.9690705962876758	0.9844735477903415	0.9735051736714904	0.9629144073717771	0.97907576210792	0.9831051261411694	0.983550372615213	0.9804698242191281	0.9841846797236405	0.9823664022271974	0.9837160726632926	0.9691503281051662	0.98472950636363	0.9833596833850208	0.9843179806273509	0.9845670242775678	0.9788712451518128	0.983604848620198	0.981481693605375	0.9719211319859715	0.9823292116338845
0.9762808567156641	0.9768737409331706	0.9894276388975043	0.9864124760144165	0.9757676840126625	0.9682295611996407	0.9658965802399483	0.9740395495676034	0.9645775497533277	0.9699715792573682	0.9755591722512517	0.975256151721116	0.9588856458337719	0.9628557472715614	0.9750658212718825	0.9979107890260045	0.9759345428277671	0.9841322865667672	0.9647080787317066	0.9742541323563935	0.9694534963349771	0.9744418394145506	0.9710398951837339	0.9764102070324596	0.9702157976746834	0.9636057175094423	0.9880716837164623	0.9690705962876758	1.0	0.9762953489673909	0.9684028628879914	0.9622631219794513	0.9664189540009539	0.9720992468901116	0.9750862884178705	0.966362941471438	0.971622665489366	0.9698335182283726	0.9759870787570315	0.9868012728134208	0.9755842840553889	0.9699450537298223	0.9753531477055308	0.975569893987727	0.9643585944349804	0.9748171178945306	0.9695264150213323	0.9680827957594135	0.9744305776626843
0.9950835014459339	0.9923315848499346	0.977352295803389	0.9750641962190568	0.9913572888323893	0.9839273781565215	0.9787641983732591	0.9886598725289759	0.9787181441700065	0.9845212233362693	0.9951397228270338	0.9903353020824118	0.9728067008950863	0.9778329943088755	0.9889897383914651	0.9766574204398358	0.9943366058389338	0.9714397551648689	0.9798423322652667	0.9914203394825887	0.9866203397066066	0.9890462888177779	0.987188414083169	0.991583435280536	0.9874453966769289	0.9777539585044341	0.9768115457464587	0.9844735477903415	0.9762953489673909	1.0	0.990407378663114	0.9769388318515101	0.9818280310945492	0.9874544259018586	0.9942813990314854	0.9825926458982243	0.9871668686785129	0.9896991570630469	0.9914674994844278	0.974801525050263	0.9915829005328987	0.9873885857899072	0.991132699030472	0.9907436899568546	0.9815800824930364	0.9899628710671782	0.9840393946811076	0.9828811541185944	0.9895972141770106
0.9867968873028554	0.9843500633357064	0.9689563498453255	0.9659111946869003	0.9838379755708451	0.97305754257602	0.9840779346133538	0.9857729165461441	0.9840366989929531	0.9860012126707683	0.9875084207143738	0.981703232334825	0.9787192213172504	0.9828043188728506	0.9808004574522448	0.967957386787879	0.9871368474557116	0.9723891584023461	0.9857576911597887	0.9842784555935552	0.9777812303194896	0.9872505917384555	0.979696400864566	0.9840354840534776	0.9746402077027843	0.9832335234400152	0.9684582442587504	0.9735051736714904	0.9684028628879914	0.990407378663114	1.0	0.982343104138078	0.9711645009910798	0.9778461212323967	0.9867783403563037	0.9719183983560725	0.9772735356092007	0.9761511041734239	0.9824125307899997	0.9677719291297098	0.9836567776983505	0.9777295388577268	0.9832521838419731	0.9825578772321344	0.9710948185343331	0.9805059492625684	0.9714330553420011	0.9907929878819419	0.9807374872492599
0.9772961120585464	0.9779716618966023	0.964127095361476	0.9607437878236602	0.9780780629627502	0.9669843626652418	0.9882964792149753	0.9884541790961832	0.9967798399533313	0.9837109120366262	0.9776664743695674	0.977081709126443	0.9836428025215599	0.9869817248473883	0.9772017191653896	0.9626400619435144	0.9776483420381737	0.9674753928684193	0.9888232842689055	0.9762889784556549	0.9706813545502272	0.9804623678058025	0.9727637370973241	0.9780751382490112	0.9611440865126432	0.9905111892871457	0.962783661469161	0.9629144073717771	0.9622631219794513	0.9769388318515101	0.982343104138078	1.0	0.9667097183543181	0.9751753320643731	0.9761089676703233	0.962409553085068	0.9716278179850852	0.966407355284369	0.9746319924019743	0.9632712772765458	0.9748403075464162	0.9679910303729813	0.9786356709062926	0.9763199047542184	0.963612221144814	0.9703835645395625	0.9620911725064578	0.9838224884481505	0.9779675793894792
0.9820633780185111	0.9815443979221123	0.9669216456926881	0.9684197812023712	0.9814733211094172	0.9815498865678504	0.9675663723754044	0.9794031125288934	0.9663712070830944	0.9739598451606876	0.9816454595365288	0.9819619376194173	0.9587102799575066	0.9649051672690011	0.9816411757465756	0.9668425741498006	0.9810954815065892	0.9609176753302325	0.9678163806707543	0.9820028584590754	0.9798202131248417	0.9774262006477453	0.9810680671651214	0.9816685606657571	0.981065719615299	0.9667439482914273	0.9681147249703221	0.97907576210792	0.9664189540009539	0.9818280310945492	0.9711645009910798	0.9667097183543181	1.0	0.9819719575696978	0.9807939003799824	0.9774489064463326	0.9804911247089163	0.9803851955757499	0.9814779744992908	0.9665035299760151	0.9825308649280481	0.9795079119701059	0.982408440922068	0.9811698458071111	0.9756472739853316	0.9790785236667175	0.9786790763795294	0.9700270271282205	0.9807949950825058
0.9878163082938285	0.9878671298412246	0.9741769382715559	0.9729284367372677	0.988451463003088	0.9867340618683804	0.9764728345232123	0.9875148658529899	0.9765208975879065	0.9838512224227287	0.9867267006065649	0.9889926539645546	0.9690337420406675	0.9732029542553478	0.9881345716331646	0.9726943294919628	0.9871916468336831	0.9674050764441137	0.9779846476847178	0.9878033046423753	0.983999937075012	0.984446179516863	0.9844380959255776	0.9877339188546455	0.9839812590901605	0.9752664305522125	0.9735073471433755	0.9831051261411694	0.9720992468901116	0.9874544259018586	0.9778461212323967	0.9751753320643731	0.9819719575696978	1.0	0.9863041626669466	0.9824955088722229	0.9877466521863446	0.9845171358113733	0.9871584288336666	0.9718839211637759	0.9869839940804146	0.9839982617869416	0.9898913322362558	0.9883982655056337	0.9780838802542877	0.9846298365557181	0.9835714669442195	0.9786875075262673	0.9884524312940921
0.9929583889338056	0.9900797590788408	0.976069644838648	0.9749090888147027	0.9889872868052946	0.9832327312285397	0.9775658144184184	0.987366195571336	0.9775239205955387	0.9824976082794137	0.9938497231159997	0.9881639910200366	0.9729989885577609	0.9764619681597365	0.986858129892789	0.9751644660479464	0.9935681722796874	0.9706308681458727	0.9785085265910645	0.9896580768012555	0.9848412752979342	0.9867014856514595	0.986187584202189	0.9893339839730166	0.9853967388446035	0.9765944295570751	0.9758454197559169	0.983550372615213	0.9750862884178705	0.9942813990314854	0.9867783403563037	0.9761089676703233	0.9807939003799824	0.9863041626669466	1.0	0.9821567993322053	0.9853681247853658	0.9902601345619869	0.9886620681359689	0.9734226691994133	0.9902917839104793	0.9861303790683494	0.988814981739316	0.9889506941267681	0.9805349258078617	0.9887718357476832	0.9815129679262223	0.9814095368069267	0.9869411181026372
0.9827498559492175	0.983107430759844	0.9674506801142804	0.9690990642705215	0.9827879137716892	0.9817675664507155	0.965609544502361	0.9794067796408462	0.9637251010605957	0.9743392725243933	0.9819888519385434	0.9818017297070206	0.9549047153663601	0.9609040684351924	0.9811093338222199	0.9669151478107805	0.9835336889659569	0.9593862481851414	0.9655273401785375	0.9829034088392657	0.9817002207206894	0.9787572572242548	0.981167176920763	0.9818891998560563	0.9837006621272031	0.9639140292616238	0.96820706892855	0.9804698242191281	0.966362941471438	0.9825926458982243	0.9719183983560725	0.962409553085068	0.9774489064463326	0.9824955088722229	0.9821567993322053	1.0	0.9816100785864382	0.9826147235510266	0.9822749339648179	0.9658814496289146	0.9837437962221928	0.9822729366203976	0.9829818311825617	0.9831998470547569	0.9774492854150021	0.9823615989254346	0.9805514238730224	0.9699611230535683	0.9804841892734061
0.9870259576916736	0.9867046769449644	0.9725655394766272	0.9725766918846837	0.9873357102133777	0.9873330302321901	0.9747224430477244	0.9860909908113011	0.9738985799591172	0.981903989176174	0.9868666813774629	0.9884414750208583	0.9645138589811728	0.9704394718189352	0.9873700525163728	0.9719048809135151	0.986252143369412	0.9668483078684698	0.9776430811482357	0.9873321823957548	0.9827930087432909	0.9843730231036242	0.9839554496703787	0.9867101991411384	0.9851024411528269	0.9747787545406047	0.9734598546686042	0.9841846797236405	0.971622665489366	0.9871668686785129	0.9772735356092007	0.9716278179850852	0.9804911247089163	0.9877466521863446	0.9853681247853658	0.9816100785864382	1.0	0.9851111867518211	0.9869639179047306	0.9708817072836292	0.9866070551939097	0.9839419763254499	0.9885969027894858	0.9879256232242843	0.9782333523655898	0.9846259375350193	0.985554817445639	0.9770106164445165	0.9884441424112586
