/home/jshaw/scratch/2022_sketched_distance/references/SGB_genome_fastas_part4/6649/Castro-NallarE_2015__ES_104__bin.5.fa	/home/jshaw/scratch/2022_sketched_distance/references/SGB_genome_fastas_part4/6649/HMP_2012__SRS011115__bin.80.fa	/home/jshaw/scratch/2022_sketched_distance/references/SGB_genome_fastas_part4/6649/HMP_2012__SRS012279__bin.39.fa	/home/jshaw/scratch/2022_sketched_distance/references/SGB_genome_fastas_part4/6649/HMP_2012__SRS013164__bin.11.fa	/home/jshaw/scratch/2022_sketched_distance/references/SGB_genome_fastas_part4/6649/HMP_2012__SRS014573__bin.16.fa	/home/jshaw/scratch/2022_sketched_distance/references/SGB_genome_fastas_part4/6649/HMP_2012__SRS014888__bin.46.fa	/home/jshaw/scratch/2022_sketched_distance/references/SGB_genome_fastas_part4/6649/HMP_2012__SRS015434__bin.74.fa	/home/jshaw/scratch/2022_sketched_distance/references/SGB_genome_fastas_part4/6649/HMP_2012__SRS015644__bin.37.fa	/home/jshaw/scratch/2022_sketched_distance/references/SGB_genome_fastas_part4/6649/HMP_2012__SRS015797__bin.22.fa	/home/jshaw/scratch/2022_sketched_distance/references/SGB_genome_fastas_part4/6649/HMP_2012__SRS016002__bin.5.fa	/home/jshaw/scratch/2022_sketched_distance/references/SGB_genome_fastas_part4/6649/HMP_2012__SRS016037__bin.33.fa	/home/jshaw/scratch/2022_sketched_distance/references/SGB_genome_fastas_part4/6649/HMP_2012__SRS016225__bin.34.fa	/home/jshaw/scratch/2022_sketched_distance/references/SGB_genome_fastas_part4/6649/HMP_2012__SRS018145__bin.56.fa	/home/jshaw/scratch/2022_sketched_distance/references/SGB_genome_fastas_part4/6649/HMP_2012__SRS018739__bin.39.fa	/home/jshaw/scratch/2022_sketched_distance/references/SGB_genome_fastas_part4/6649/HMP_2012__SRS019071__bin.34.fa	/home/jshaw/scratch/2022_sketched_distance/references/SGB_genome_fastas_part4/6649/HMP_2012__SRS019122__bin.55.fa	/home/jshaw/scratch/2022_sketched_distance/references/SGB_genome_fastas_part4/6649/HMP_2012__SRS019126__bin.9.fa	/home/jshaw/scratch/2022_sketched_distance/references/SGB_genome_fastas_part4/6649/HMP_2012__SRS022077__bin.60.fa	/home/jshaw/scratch/2022_sketched_distance/references/SGB_genome_fastas_part4/6649/HMP_2012__SRS023617__bin.29.fa	/home/jshaw/scratch/2022_sketched_distance/references/SGB_genome_fastas_part4/6649/HMP_2012__SRS023958__bin.21.fa	/home/jshaw/scratch/2022_sketched_distance/references/SGB_genome_fastas_part4/6649/HMP_2012__SRS024081__bin.14.fa	/home/jshaw/scratch/2022_sketched_distance/references/SGB_genome_fastas_part4/6649/HMP_2012__SRS024441__bin.39.fa	/home/jshaw/scratch/2022_sketched_distance/references/SGB_genome_fastas_part4/6649/HMP_2012__SRS042131__bin.18.fa	/home/jshaw/scratch/2022_sketched_distance/references/SGB_genome_fastas_part4/6649/HMP_2012__SRS044662__bin.37.fa	/home/jshaw/scratch/2022_sketched_distance/references/SGB_genome_fastas_part4/6649/HMP_2012__SRS050669__bin.28.fa	/home/jshaw/scratch/2022_sketched_distance/references/SGB_genome_fastas_part4/6649/HMP_2012__SRS064329__bin.49.fa
1.0	0.9554286975495844	0.9520472654536493	0.9566074468617101	0.9688520788198779	0.9659113056158554	0.9679050336371627	0.9658135142083837	0.9672865304701472	0.9480895038849302	0.9425019995204674	0.9593717765438007	0.959626356581913	0.9600958235668288	0.965967147064425	0.9680001022576148	0.965512984236076	0.9539328705747786	0.966805496654357	0.961062200984773	0.9672601696974193	0.9559428072474127	0.9548932664930614	0.9655630745006331	0.9640888010343599	0.9676354643386762
0.9554286975495844	1.0	0.9852823398617816	0.9602180818619727	0.9807893513328788	0.9659809994635352	0.9765393874557492	0.9729681009227739	0.9751831089919671	0.9810039650537247	0.9811940125001082	0.9871272751912928	0.9602036904921488	0.9674916096238898	0.9736127556138392	0.9774608973279431	0.9619596842263249	0.9847458310757634	0.9748570716686048	0.9614612339435551	0.9757993175455879	0.9595810735696106	0.9864310880421482	0.9772985496242046	0.9647554530707837	0.97732838384786
0.9520472654536493	0.9852823398617816	1.0	0.9611037243481904	0.9743495674688551	0.9635770659873911	0.9782677416557446	0.9741476507381754	0.9786658872630043	0.9807435611660451	0.9869261508923006	0.9857838832426425	0.9663028137220364	0.9739020834875844	0.9751707947389361	0.9764822193064174	0.9605128896182075	0.9972352715679852	0.9798120387031992	0.9619289220766993	0.9795387237973946	0.9585229592779674	0.9884747839117727	0.9760037975988302	0.963039800150897	0.981164525939146
0.9566074468617101	0.9602180818619727	0.9611037243481904	1.0	0.9693388983780589	0.9648319712407503	0.9691188166181163	0.9677147199746903	0.969428814892477	0.9582765203793433	0.953564333604978	0.9667964232811633	0.9604373766176859	0.9618443182532352	0.9662288140079033	0.9697165355890361	0.9651103107107112	0.962430154793533	0.9694235600176622	0.9738282987474516	0.9696090664982189	0.9546862594772823	0.9632389959084439	0.9699232548515815	0.9634676168748032	0.9707998710247704
0.9688520788198779	0.9807893513328788	0.9743495674688551	0.9693388983780589	1.0	0.9818996376682878	0.985278662885382	0.9842635665414116	0.9836830127448559	0.9698290975716295	0.9674735813955117	0.9821482199690564	0.9738652384469947	0.9782002044075129	0.9829248430659913	0.986162612856576	0.9799143323088662	0.9760903571378762	0.98471182976202	0.9738542299673758	0.9858402574971493	0.9722368788246488	0.977793342129725	0.983996438931829	0.9781816328433236	0.9861881406882416
0.9659113056158554	0.9659809994635352	0.9635770659873911	0.9648319712407503	0.9818996376682878	1.0	0.9803223555699194	0.9784491661278577	0.9806883151728506	0.9724608939254608	0.9427561225215961	0.9738307458364331	0.9711535076032946	0.9735268733250799	0.9773832362616417	0.9806923491192174	0.9843648826548733	0.9674528763249254	0.9835885718198122	0.9697630007871714	0.980237476700622	0.9657619453994499	0.9666769318952884	0.9777651775477988	0.9751325177999166	0.9804848675298058
0.9679050336371627	0.9765393874557492	0.9782677416557446	0.9691188166181163	0.985278662885382	0.9803223555699194	1.0	0.984457986850802	0.9854293173519204	0.9716012829053339	0.9696409525549959	0.9824266413067743	0.974774931683086	0.9787212553745647	0.9924618228128264	0.9861231950331885	0.9800293348431716	0.9795704742842619	0.9851176421783638	0.9738606934632844	0.9858994550416476	0.9716964963518714	0.9803333080703601	0.9837109736772249	0.9774139675596379	0.9862807712195726
0.9658135142083837	0.9729681009227739	0.9741476507381754	0.9677147199746903	0.9842635665414116	0.9784491661278577	0.984457986850802	1.0	0.9839704796585693	0.9684648271500573	0.9672573968117268	0.9795220885611188	0.9740389791185075	0.9783829289174675	0.9826301736647842	0.983581164357189	0.976798315103321	0.9756625366135441	0.9849449740464186	0.9721769195100185	0.9862982284211466	0.969841588192994	0.9852688979117928	0.9827851265648332	0.9747111569069514	0.9866048446055582
0.9672865304701472	0.9751831089919671	0.9786658872630043	0.969428814892477	0.9836830127448559	0.9806883151728506	0.9854293173519204	0.9839704796585693	1.0	0.97062148955967	0.9705432486126017	0.9817636588590078	0.9754246235973322	0.9789027768230963	0.9831111802106188	0.9850710320635186	0.9789019660599625	0.9796025804990929	0.9851196300372875	0.9727361889795827	0.9857790614427702	0.9700850551188388	0.9799926673542708	0.9838071453051068	0.9769712766167291	0.9858960475558664
0.9480895038849302	0.9810039650537247	0.9807435611660451	0.9582765203793433	0.9698290975716295	0.9724608939254608	0.9716012829053339	0.9684648271500573	0.97062148955967	1.0	0.9669809407867571	0.9835922205600254	0.9594602547087657	0.9633199765973143	0.9683192954026931	0.9705582021746805	0.9697713297981642	0.9827171462057231	0.9721016660261421	0.956992750763483	0.9731995440615047	0.9513697578656747	0.9829817063546147	0.9695355999195794	0.9604654237867857	0.9730128308786363
0.9425019995204674	0.9811940125001082	0.9869261508923006	0.953564333604978	0.9674735813955117	0.9427561225215961	0.9696409525549959	0.9672573968117268	0.9705432486126017	0.9669809407867571	1.0	0.9815288960154777	0.9544251636796242	0.9617152846311992	0.9665634557159913	0.9681039447911032	0.9302732934384998	0.9842816355264549	0.9711594068709188	0.9522986170920534	0.9704994139475074	0.9475082439634123	0.9833475720445526	0.9688281437850105	0.9543588742432643	0.9723088174999264
0.9593717765438007	0.9871272751912928	0.9857838832426425	0.9667964232811633	0.9821482199690564	0.9738307458364331	0.9824266413067743	0.9795220885611188	0.9817636588590078	0.9835922205600254	0.9815288960154777	1.0	0.9701460227004113	0.9748591366128315	0.9797460786612923	0.9826562844293562	0.9729925427998753	0.986755257813383	0.9821034223303904	0.9678217089925129	0.9829324667650499	0.9637582934661664	0.9872345399038605	0.9814945906429566	0.969991119678175	0.9832527535459274
0.959626356581913	0.9602036904921488	0.9663028137220364	0.9604373766176859	0.9738652384469947	0.9711535076032946	0.974774931683086	0.9740389791185075	0.9754246235973322	0.9594602547087657	0.9544251636796242	0.9701460227004113	1.0	0.9716120135325989	0.973555893029734	0.9739641869933545	0.9694871064845026	0.9677300381499528	0.9753475067474339	0.966611601951193	0.9753604942680733	0.9636816578403986	0.9655406874975123	0.9711204608672571	0.9702643920768519	0.9753206716656517
0.9600958235668288	0.9674916096238898	0.9739020834875844	0.9618443182532352	0.9782002044075129	0.9735268733250799	0.9787212553745647	0.9783829289174675	0.9789027768230963	0.9633199765973143	0.9617152846311992	0.9748591366128315	0.9716120135325989	1.0	0.9768647748865744	0.978479911001574	0.9710437929648893	0.9753979075666347	0.9798627180421563	0.9668131892956664	0.9806063013237901	0.9681252567169515	0.9710384571959858	0.9760449214392886	0.9698428157339801	0.9807582900122972
0.965967147064425	0.9736127556138392	0.9751707947389361	0.9662288140079033	0.9829248430659913	0.9773832362616417	0.9924618228128264	0.9826301736647842	0.9831111802106188	0.9683192954026931	0.9665634557159913	0.9797460786612923	0.973555893029734	0.9768647748865744	1.0	0.984138405018426	0.9778441393183805	0.9765790584233786	0.983325086164314	0.971941801427833	0.9838272938019166	0.9698247886688591	0.9773566323359096	0.9812978003175872	0.9745792049233184	0.984094823816187
0.9680001022576148	0.9774608973279431	0.9764822193064174	0.9697165355890361	0.986162612856576	0.9806923491192174	0.9861231950331885	0.983581164357189	0.9850710320635186	0.9705582021746805	0.9681039447911032	0.9826562844293562	0.9739641869933545	0.978479911001574	0.984138405018426	1.0	0.9939445702961919	0.9778073432869715	0.9850812630736702	0.9746787781006198	0.9863109661362999	0.9724256735224593	0.9787760911651899	0.9848098868936029	0.9766346135773377	0.9867341573947612
0.965512984236076	0.9619596842263249	0.9605128896182075	0.9651103107107112	0.9799143323088662	0.9843648826548733	0.9800293348431716	0.976798315103321	0.9789019660599625	0.9697713297981642	0.9302732934384998	0.9729925427998753	0.9694871064845026	0.9710437929648893	0.9778441393183805	0.9939445702961919	1.0	0.9642880340098843	0.9785995915351584	0.9699216817045097	0.9803917538619803	0.9652282914660982	0.964543785143558	0.9777374952393889	0.9718828108688052	0.9806957221955734
0.9539328705747786	0.9847458310757634	0.9972352715679852	0.962430154793533	0.9760903571378762	0.9674528763249254	0.9795704742842619	0.9756625366135441	0.9796025804990929	0.9827171462057231	0.9842816355264549	0.986755257813383	0.9677300381499528	0.9753979075666347	0.9765790584233786	0.9778073432869715	0.9642880340098843	1.0	0.9809109518550968	0.9640656154960423	0.9805876055509345	0.9609826782458949	0.9893721664279734	0.9776036184465	0.9653962542184892	0.9808351425804335
0.966805496654357	0.9748570716686048	0.9798120387031992	0.9694235600176622	0.98471182976202	0.9835885718198122	0.9851176421783638	0.9849449740464186	0.9851196300372875	0.9721016660261421	0.9711594068709188	0.9821034223303904	0.9753475067474339	0.9798627180421563	0.983325086164314	0.9850812630736702	0.9785995915351584	0.9809109518550968	1.0	0.9730379552823665	0.9870687574230658	0.9703125911341415	0.980100071032517	0.9830133380986995	0.9760568105154215	0.987483407794849
0.961062200984773	0.9614612339435551	0.9619289220766993	0.9738282987474516	0.9738542299673758	0.9697630007871714	0.9738606934632844	0.9721769195100185	0.9727361889795827	0.956992750763483	0.9522986170920534	0.9678217089925129	0.966611601951193	0.9668131892956664	0.971941801427833	0.9746787781006198	0.9699216817045097	0.9640656154960423	0.9730379552823665	1.0	0.973868004679287	0.9634234468219377	0.9652071424334503	0.9736868625934498	0.9689527967477728	0.9740968748888316
0.9672601696974193	0.9757993175455879	0.9795387237973946	0.9696090664982189	0.9858402574971493	0.980237476700622	0.9858994550416476	0.9862982284211466	0.9857790614427702	0.9731995440615047	0.9704994139475074	0.9829324667650499	0.9753604942680733	0.9806063013237901	0.9838272938019166	0.9863109661362999	0.9803917538619803	0.9805876055509345	0.9870687574230658	0.973868004679287	1.0	0.9712617406788638	0.9806326756046202	0.9839390945141686	0.9759728269340538	0.9977051954513003
0.9559428072474127	0.9595810735696106	0.9585229592779674	0.9546862594772823	0.9722368788246488	0.9657619453994499	0.9716964963518714	0.969841588192994	0.9700850551188388	0.9513697578656747	0.9475082439634123	0.9637582934661664	0.9636816578403986	0.9681252567169515	0.9698247886688591	0.9724256735224593	0.9652282914660982	0.9609826782458949	0.9703125911341415	0.9634234468219377	0.9712617406788638	1.0	0.9618203084293256	0.9692260933640041	0.9658407693787305	0.9707510838409928
0.9548932664930614	0.9864310880421482	0.9884747839117727	0.9632389959084439	0.977793342129725	0.9666769318952884	0.9803333080703601	0.9852688979117928	0.9799926673542708	0.9829817063546147	0.9833475720445526	0.9872345399038605	0.9655406874975123	0.9710384571959858	0.9773566323359096	0.9787760911651899	0.964543785143558	0.9893721664279734	0.980100071032517	0.9652071424334503	0.9806326756046202	0.9618203084293256	1.0	0.9793352885884177	0.9677397302351688	0.9808804773750207
0.9655630745006331	0.9772985496242046	0.9760037975988302	0.9699232548515815	0.983996438931829	0.9777651775477988	0.9837109736772249	0.9827851265648332	0.9838071453051068	0.9695355999195794	0.9688281437850105	0.9814945906429566	0.9711204608672571	0.9760449214392886	0.9812978003175872	0.9848098868936029	0.9777374952393889	0.9776036184465	0.9830133380986995	0.9736868625934498	0.9839390945141686	0.9692260933640041	0.9793352885884177	1.0	0.9743735498680302	0.9842412209348782
0.9640888010343599	0.9647554530707837	0.963039800150897	0.9634676168748032	0.9781816328433236	0.9751325177999166	0.9774139675596379	0.9747111569069514	0.9769712766167291	0.9604654237867857	0.9543588742432643	0.969991119678175	0.9702643920768519	0.9698428157339801	0.9745792049233184	0.9766346135773377	0.9718828108688052	0.9653962542184892	0.9760568105154215	0.9689527967477728	0.9759728269340538	0.9658407693787305	0.9677397302351688	0.9743735498680302	1.0	0.9756776383866805
0.9676354643386762	0.97732838384786	0.981164525939146	0.9707998710247704	0.9861881406882416	0.9804848675298058	0.9862807712195726	0.9866048446055582	0.9858960475558664	0.9730128308786363	0.9723088174999264	0.9832527535459274	0.9753206716656517	0.9807582900122972	0.984094823816187	0.9867341573947612	0.9806957221955734	0.9808351425804335	0.987483407794849	0.9740968748888316	0.9977051954513003	0.9707510838409928	0.9808804773750207	0.9842412209348782	0.9756776383866805	1.0
