/home/jshaw/scratch/2022_sketched_distance/references/SGB_genome_fastas_part4/14238/BackhedF_2015__SID335_M__bin.68.fa	/home/jshaw/scratch/2022_sketched_distance/references/SGB_genome_fastas_part4/14238/Bengtsson-PalmeJ_2015__TRAVELRES11__bin.68.fa	/home/jshaw/scratch/2022_sketched_distance/references/SGB_genome_fastas_part4/14238/BritoIL_2016__M1.15.ST__bin.73.fa	/home/jshaw/scratch/2022_sketched_distance/references/SGB_genome_fastas_part4/14238/BritoIL_2016__M1.3.ST__bin.37.fa	/home/jshaw/scratch/2022_sketched_distance/references/SGB_genome_fastas_part4/14238/BritoIL_2016__M2.49.ST__bin.75.fa	/home/jshaw/scratch/2022_sketched_distance/references/SGB_genome_fastas_part4/14238/ChengpingW_2017__AS67raw__bin.51.fa	/home/jshaw/scratch/2022_sketched_distance/references/SGB_genome_fastas_part4/14238/ChengpingW_2017__AS78raw__bin.26.fa	/home/jshaw/scratch/2022_sketched_distance/references/SGB_genome_fastas_part4/14238/CM_madagascar__A08_01_1FE__bin.70.fa	/home/jshaw/scratch/2022_sketched_distance/references/SGB_genome_fastas_part4/14238/CM_madagascar__A39_01_1FE__bin.25.fa	/home/jshaw/scratch/2022_sketched_distance/references/SGB_genome_fastas_part4/14238/CM_madagascar__A91_01_1FE__bin.7.fa	/home/jshaw/scratch/2022_sketched_distance/references/SGB_genome_fastas_part4/14238/CosteaPI_2017__SID713A014-11-0-0__bin.30.fa	/home/jshaw/scratch/2022_sketched_distance/references/SGB_genome_fastas_part4/14238/CosteaPI_2017__SID713A055-11-90-0__bin.41.fa	/home/jshaw/scratch/2022_sketched_distance/references/SGB_genome_fastas_part4/14238/CosteaPI_2017__SID713A056-11-90-0__bin.34.fa	/home/jshaw/scratch/2022_sketched_distance/references/SGB_genome_fastas_part4/14238/CosteaPI_2017__SID713B014-11-0-0__bin.75.fa	/home/jshaw/scratch/2022_sketched_distance/references/SGB_genome_fastas_part4/14238/CosteaPI_2017__SID713B014-11-90-0__bin.30.fa	/home/jshaw/scratch/2022_sketched_distance/references/SGB_genome_fastas_part4/14238/CosteaPI_2017__SID713B066-11-0-0__bin.59.fa	/home/jshaw/scratch/2022_sketched_distance/references/SGB_genome_fastas_part4/14238/CosteaPI_2017__SID713B066-11-90-0__bin.49.fa	/home/jshaw/scratch/2022_sketched_distance/references/SGB_genome_fastas_part4/14238/LeChatelierE_2013__MH0063__bin.4.fa	/home/jshaw/scratch/2022_sketched_distance/references/SGB_genome_fastas_part4/14238/LeChatelierE_2013__MH0430__bin.16.fa	/home/jshaw/scratch/2022_sketched_distance/references/SGB_genome_fastas_part4/14238/LiJ_2014__MH0357__bin.7.fa	/home/jshaw/scratch/2022_sketched_distance/references/SGB_genome_fastas_part4/14238/LiJ_2014__MH0402__bin.26.fa	/home/jshaw/scratch/2022_sketched_distance/references/SGB_genome_fastas_part4/14238/LiJ_2014__O2.UC24-1__bin.30.fa	/home/jshaw/scratch/2022_sketched_distance/references/SGB_genome_fastas_part4/14238/LiJ_2017__H1M513729__bin.50.fa	/home/jshaw/scratch/2022_sketched_distance/references/SGB_genome_fastas_part4/14238/LiJ_2017__H2M614904__bin.68.fa	/home/jshaw/scratch/2022_sketched_distance/references/SGB_genome_fastas_part4/14238/LiJ_2017__H3M516751__bin.20.fa	/home/jshaw/scratch/2022_sketched_distance/references/SGB_genome_fastas_part4/14238/LiuW_2016__SRR3992961__bin.139.fa	/home/jshaw/scratch/2022_sketched_distance/references/SGB_genome_fastas_part4/14238/LiuW_2016__SRR3992978__bin.28.fa	/home/jshaw/scratch/2022_sketched_distance/references/SGB_genome_fastas_part4/14238/LiuW_2016__SRR3993017__bin.46.fa	/home/jshaw/scratch/2022_sketched_distance/references/SGB_genome_fastas_part4/14238/LiuW_2016__SRR3993048__bin.89.fa	/home/jshaw/scratch/2022_sketched_distance/references/SGB_genome_fastas_part4/14238/LoombaR_2017__SID0012_qdz__bin.20.fa	/home/jshaw/scratch/2022_sketched_distance/references/SGB_genome_fastas_part4/14238/NielsenHB_2014__MH0063__bin.7.fa	/home/jshaw/scratch/2022_sketched_distance/references/SGB_genome_fastas_part4/14238/NielsenHB_2014__O2_UC24_2__bin.22.fa	/home/jshaw/scratch/2022_sketched_distance/references/SGB_genome_fastas_part4/14238/QinN_2014__HD-35__bin.38.fa	/home/jshaw/scratch/2022_sketched_distance/references/SGB_genome_fastas_part4/14238/SchirmerM_2016__G88801__bin.13.fa	/home/jshaw/scratch/2022_sketched_distance/references/SGB_genome_fastas_part4/14238/WenC_2017__N041__bin.34.fa	/home/jshaw/scratch/2022_sketched_distance/references/SGB_genome_fastas_part4/14238/XieH_2016__YSZC12003_35989__bin.106.fa	/home/jshaw/scratch/2022_sketched_distance/references/SGB_genome_fastas_part4/14238/XieH_2016__YSZC12003_37100__bin.78.fa	/home/jshaw/scratch/2022_sketched_distance/references/SGB_genome_fastas_part4/14238/XieH_2016__YSZC12003_37652__bin.105.fa	/home/jshaw/scratch/2022_sketched_distance/references/SGB_genome_fastas_part4/14238/ZeeviD_2015__PNP_Main_107__bin.49.fa	/home/jshaw/scratch/2022_sketched_distance/references/SGB_genome_fastas_part4/14238/ZeeviD_2015__PNP_Main_256__bin.32.fa	/home/jshaw/scratch/2022_sketched_distance/references/SGB_genome_fastas_part4/14238/ZeeviD_2015__PNP_Main_313__bin.25.fa	/home/jshaw/scratch/2022_sketched_distance/references/SGB_genome_fastas_part4/14238/ZeeviD_2015__PNP_Main_393__bin.10.fa	/home/jshaw/scratch/2022_sketched_distance/references/SGB_genome_fastas_part4/14238/ZeeviD_2015__PNP_Main_438__bin.46.fa	/home/jshaw/scratch/2022_sketched_distance/references/SGB_genome_fastas_part4/14238/ZeeviD_2015__PNP_Main_46__bin.29.fa	/home/jshaw/scratch/2022_sketched_distance/references/SGB_genome_fastas_part4/14238/ZeeviD_2015__PNP_Main_597__bin.40.fa	/home/jshaw/scratch/2022_sketched_distance/references/SGB_genome_fastas_part4/14238/ZeeviD_2015__PNP_Main_634__bin.3.fa	/home/jshaw/scratch/2022_sketched_distance/references/SGB_genome_fastas_part4/14238/ZeeviD_2015__PNP_Main_643__bin.11.fa	/home/jshaw/scratch/2022_sketched_distance/references/SGB_genome_fastas_part4/14238/ZeeviD_2015__PNP_Main_650__bin.39.fa	/home/jshaw/scratch/2022_sketched_distance/references/SGB_genome_fastas_part4/14238/ZeeviD_2015__PNP_Validation_66__bin.3.fa
1.0	0.9853221959754481	0.9888994359524822	0.9850166768931712	0.988798331744023	0.9879160863921349	0.9879340570646172	0.9881404830201647	0.9806146186131536	0.9888952049141362	0.9869148759547638	0.9872252494504563	0.9865521159049558	0.9876425550243235	0.9880983045562511	0.9875239942995284	0.9887711765706003	0.9876933068447594	0.9884105906879779	0.9885385585569594	0.9877131173890159	0.9871726902438906	0.9792507476887023	0.9885300338557124	0.987287490764065	0.9832167054453734	0.9878922727327714	0.9873348375861075	0.9880696990551385	0.987533873243725	0.9846024440988744	0.9879786773576069	0.9879562696159692	0.9806530840823838	0.9882753519438547	0.9883500022906666	0.9892570695571721	0.9874097944419693	0.988217216124265	0.9891329179295042	0.9890549432275088	0.9887713014563468	0.9884073327617872	0.9876375141926751	0.988048289025497	0.98806943517747	0.9821476851176242	0.9837145243843254	0.9875896832875917
0.9853221959754481	1.0	0.9894226697573832	0.9822852037753399	0.9888510161036101	0.98899276777612	0.9886422628447211	0.9884226887369686	0.9783559868172974	0.9883967264609498	0.9863493686168581	0.9888286406056557	0.988011338489144	0.9884278075235547	0.9888513409552229	0.9875173281623296	0.988999016323002	0.9933095329277628	0.9885241075691805	0.990078572586829	0.993674989893537	0.9884185879797327	0.9770658260766985	0.9891907036667784	0.9880130065824405	0.9821150141449955	0.9886354954464659	0.9891450498332949	0.9880691143275834	0.9889655667861833	0.9887458568886247	0.9891719332114184	0.9880800167343651	0.9852874038269827	0.988273367643836	0.9891527048028881	0.9894540060579335	0.9874746740401562	0.993912506206787	0.9893624005614011	0.9894491638456543	0.9905351587193092	0.9896045328171533	0.9896490195351457	0.9894390122738813	0.9894433826854617	0.980964247727441	0.9834788078088155	0.9903447171004128
0.9888994359524822	0.9894226697573832	1.0	0.9904446097788054	0.9983136384373167	0.9922507601940942	0.9917839690388122	0.9923100267082681	0.9814666717289287	0.9919726708528132	0.9892127750404115	0.9913371842154962	0.9910082504145177	0.9918625658250357	0.9922323536423593	0.99112233923067	0.9926045073768124	0.9908443703293381	0.9902747323646058	0.9926220207955674	0.9911627931637039	0.9905551746394153	0.9799113975162334	0.9922746363639353	0.9911593848874624	0.9844792378574291	0.991098641959393	0.9915547802112206	0.9903336959948874	0.9915216973296603	0.9860481642634011	0.9912162225155853	0.9912868415271043	0.9833820882498211	0.9915428310211616	0.9919972015931169	0.9926208200755859	0.9894829171750923	0.991497879710343	0.9979130674399446	0.9927863092385399	0.99280942230069	0.9927026738159874	0.9919719957761259	0.9923279221444451	0.991825739839993	0.9830638389523769	0.9865942375270983	0.9916403358552389
0.9850166768931712	0.9822852037753399	0.9904446097788054	1.0	0.9902692177099767	0.9852088700297446	0.9853017430034559	0.9852053196153043	0.9777815328602945	0.9862501834820699	0.9849328961082697	0.9844303856126334	0.9838697263372949	0.984888148524137	0.9853811399424474	0.9854999600073898	0.9859105194411547	0.9847907964931013	0.9852437639044922	0.9863334337302502	0.9850119436226257	0.9845248140113284	0.9756529379743204	0.9860666261165744	0.9848250983583616	0.9809679724330729	0.9861944491930688	0.9846847873058698	0.9858056628592887	0.9856586862900178	0.9822960481475816	0.9852317910794157	0.985874936162398	0.97929407981449	0.9860218217999299	0.9857830117509521	0.9868214227512401	0.984770746836206	0.9852155312585861	0.9904117089798797	0.9863724431949625	0.9867716856631378	0.985841231454901	0.9851438982941677	0.9855378333668596	0.9851269762567514	0.9807501309606322	0.982422461224569	0.9847038801876751
0.988798331744023	0.9888510161036101	0.9983136384373167	0.9902692177099767	1.0	0.9918069121681214	0.9921057378325046	0.9918078146237562	0.9807501309606322	0.991267449203957	0.9885211905375197	0.9909179120878445	0.9908817243346253	0.9918712627682051	0.9922327692755053	0.9907927549193368	0.9923328032910296	0.9902877452115996	0.9897586346019858	0.9921625150215951	0.9906599732612928	0.9901738117879119	0.9790481184825359	0.9920935121729924	0.9906364753739277	0.9838335676551059	0.9905572293399765	0.9911437872699687	0.9899548993994535	0.9910060227143466	0.98588829641291	0.990895831498732	0.9908882510360056	0.9826872412187986	0.9915363200729908	0.9915831910701177	0.991961089208494	0.9888889994190397	0.9909196877476247	0.9975662009483138	0.9924805623882228	0.9923477200406909	0.9922744859914233	0.991570596390724	0.9917723062013117	0.9912818257320425	0.9827082448005329	0.9857477494761534	0.991141363249531
0.9879160863921349	0.98899276777612	0.9922507601940942	0.9852088700297446	0.9918069121681214	1.0	0.9958735493156319	0.9913215492953171	0.9800541452617769	0.9905474108666683	0.9907227352183802	0.9901614018689731	0.9898433231044982	0.9980680537567317	0.9983955367057354	0.9903879020959921	0.9917632892165046	0.9906184959760249	0.9892664640132472	0.9914541085359977	0.9907937249652351	0.9899078785829645	0.9844574348544392	0.9978456485789526	0.9918227196634828	0.9831502384576452	0.989815561779719	0.990885219788343	0.989949429132149	0.9904459785066007	0.9858711201048512	0.9902922171772839	0.9957736762269788	0.9825830858691209	0.9976257997922194	0.9973251891895577	0.9911985503331857	0.9888855716241023	0.9910336426387906	0.9925356357877861	0.992319791278537	0.99164677952174	0.9913781941991165	0.9912013414898857	0.9910904729473761	0.9911380714791953	0.9820274637779005	0.9871277583422688	0.9908381654103926
0.9879340570646172	0.9886422628447211	0.9917839690388122	0.9853017430034559	0.9921057378325046	0.9958735493156319	1.0	0.9908752347048692	0.9796584134227261	0.9899795867725019	0.9903328699853678	0.9899787786470281	0.9893649643078188	0.9958144905194791	0.9960731811571226	0.9901279718840541	0.9912895373311926	0.9902268023317911	0.9892278773107832	0.9910605457277369	0.9905834811537022	0.9894335201217265	0.9822962358166323	0.99588895235683	0.9914914957383449	0.9829259989254023	0.9894358012014114	0.9902160681291374	0.9893383384498762	0.9900685881770522	0.9855110323200078	0.9895778315783754	0.9944971350307639	0.9822507835227157	0.9955127664560798	0.9950983067436193	0.991112080629902	0.9885977837191948	0.9907010794736006	0.991885016903572	0.9916727542202651	0.991610450136995	0.9907333034149766	0.9910003345886168	0.9905152742318736	0.9906934332374461	0.9822900965481391	0.9868116178894152	0.9903607026888146
0.9881404830201647	0.9884226887369686	0.9923100267082681	0.9852053196153043	0.9918078146237562	0.9913215492953171	0.9908752347048692	1.0	0.9802679434850557	0.9958303958850426	0.9884130106531899	0.9905505226349404	0.9900841991634498	0.9913299941394856	0.9913770304580725	0.9904162295368627	0.9917650102976626	0.9901209599249083	0.9892671277933477	0.9917394314360622	0.9902284654681968	0.9902283516033208	0.9792437331837006	0.9913481845927923	0.9906909355462271	0.9832286854875657	0.9899079635685536	0.9906508918383361	0.9894261139049926	0.9903774045598631	0.9855413217230558	0.9904624251702449	0.9903413525502295	0.9822836194526331	0.9907388030903442	0.9912866763485104	0.9915705180456309	0.989028593173992	0.9907355713435786	0.9923900932960104	0.9916423187423082	0.992132924432218	0.9914553224259481	0.9913518704360796	0.9913095951425956	0.990916554999684	0.9824352138869349	0.9856194404898102	0.9909247831990192
0.9806146186131536	0.9783559868172974	0.9814666717289287	0.9777815328602945	0.9807501309606322	0.9800541452617769	0.9796584134227261	0.9802679434850557	1.0	0.9823039731336539	0.9828088119023674	0.9804899243378191	0.9793711089756081	0.9792376448577524	0.9798082185599005	0.9799570680272119	0.9808816329633243	0.980817939477415	0.9819182739816772	0.9820614746067818	0.9812599584455376	0.979777395304548	0.97928697774228	0.9803724667676454	0.979429372967107	0.9793515411458554	0.9827872899942579	0.9799236363528447	0.9806668968218203	0.9810017332686433	0.9774432245126192	0.9803942040723044	0.9806065696786702	0.9769387362880954	0.9801588353310386	0.9799973514524557	0.9824532113362168	0.9808099148435663	0.9814184705051523	0.9817591118127958	0.9824016530613128	0.9826853893809756	0.9813324082344164	0.9823520951045871	0.9810756449025183	0.9813475857108228	0.9774570517980737	0.9790871414110792	0.9801197284320938
0.9888952049141362	0.9883967264609498	0.9919726708528132	0.9862501834820699	0.991267449203957	0.9905474108666683	0.9899795867725019	0.9958303958850426	0.9823039731336539	1.0	0.9893771286187131	0.9901225628196788	0.9891940326570795	0.9899551232958258	0.9904149851516595	0.9901515258069415	0.9913540759148247	0.9903649179192386	0.9899897422686117	0.9910117582404462	0.9905558919409441	0.9897518062355384	0.9812229846101689	0.9909407855723298	0.9901602112172497	0.9847458310757634	0.9906580838763003	0.9899918714734331	0.9899773391930141	0.9904754027648578	0.9864882433427066	0.9904390169467875	0.9904436683597222	0.9839139238141542	0.9903970681108824	0.9906812367603266	0.9919683103421948	0.9897721022373629	0.9909165187178387	0.9918622882379305	0.9917869622736366	0.9920178917367943	0.9907659886693256	0.9906965058616395	0.9905601767116233	0.9905447256194735	0.9831298094382571	0.986101046545125	0.9904209978052468
0.9869148759547638	0.9863493686168581	0.9892127750404115	0.9849328961082697	0.9885211905375197	0.9907227352183802	0.9903328699853678	0.9884130106531899	0.9828088119023674	0.9893771286187131	1.0	0.987531225001676	0.9869483830411292	0.990139955372046	0.9906332936952179	0.9881429758231045	0.9892810186484721	0.9885756285131942	0.9884682291447779	0.9891199871203962	0.9887619440599524	0.9872651017367231	0.9852905405884387	0.9909848427742991	0.9890731864610869	0.9858553877371647	0.9899433806202813	0.9884098912864273	0.9887712526043757	0.9885237115227464	0.9849339738391865	0.9878484842239705	0.9903315568454006	0.9825107226837746	0.9906261303861428	0.9905089038044418	0.9891770168626118	0.988236629738892	0.9891115110796527	0.9895636491415544	0.9893232983543895	0.9897255558829146	0.988660736549766	0.9884440228754029	0.9884974373457668	0.9885028758219978	0.9821678372720275	0.9869701315655485	0.9877724811712596
0.9872252494504563	0.9888286406056557	0.9913371842154962	0.9844303856126334	0.9909179120878445	0.9901614018689731	0.9899787786470281	0.9905505226349404	0.9804899243378191	0.9901225628196788	0.987531225001676	1.0	0.9901012135774082	0.9898830141644571	0.9901323083251995	0.9897355470868178	0.9911126078738591	0.9905804941015693	0.9897724981564027	0.9920787516609948	0.9909103625374174	0.9898585523914186	0.9780850974805197	0.9905600759889154	0.9896882641457363	0.9839396458978638	0.9902375267656002	0.9905453357519619	0.9898975519519164	0.9906034706116907	0.9859768065753409	0.9904452587315401	0.9891281465093461	0.9826299595624463	0.9895358254457217	0.990146317401884	0.9908704224980134	0.9890334295146157	0.9908540037838632	0.9914137215044918	0.9911332705505216	0.9942156028105055	0.9918495611234633	0.9916524690745075	0.9915579751560383	0.9914021067686781	0.9828033514076918	0.9843070275653745	0.9896314464099434
0.9865521159049558	0.988011338489144	0.9910082504145177	0.9838697263372949	0.9908817243346253	0.9898433231044982	0.9893649643078188	0.9900841991634498	0.9793711089756081	0.9891940326570795	0.9869483830411292	0.9901012135774082	1.0	0.9896071711577313	0.9899099975080976	0.9887115062897223	0.9902918915478839	0.9894570476387594	0.9895737422950521	0.9957342552711667	0.9900118124019563	0.9905040832617381	0.9770359828060599	0.9895999473529998	0.9887794708042974	0.9830611522850973	0.9901152203244536	0.9911999910728232	0.9900185708290784	0.9907225036012356	0.9846811300750676	0.991115795963352	0.9887842219159412	0.9813987041305081	0.9890637202861697	0.9892770509720813	0.9901130151025438	0.9888225293607175	0.9900295547085691	0.9913037813265135	0.9907570156951249	0.9917998515552737	0.996704932838289	0.9912598646111076	0.996269416378444	0.9924336989415892	0.9828213656392241	0.9835856275557657	0.9892963877647578
0.9876425550243235	0.9884278075235547	0.9918625658250357	0.984888148524137	0.9918712627682051	0.9980680537567317	0.9958144905194791	0.9913299941394856	0.9792376448577524	0.9899551232958258	0.990139955372046	0.9898830141644571	0.9896071711577313	1.0	0.9993520489778063	0.9899297248614769	0.9913335250770461	0.9900724298970308	0.9886853644850871	0.9909459283626219	0.9902296881251456	0.9893964285366431	0.9835232160149405	0.9979392641538124	0.991575793893385	0.9824671849791204	0.9892400917474011	0.9905821890496909	0.9893778766788023	0.9899710570384253	0.985272405695341	0.9898015840114692	0.9953412668992303	0.9818790126968517	0.9974333831904545	0.9970372540407643	0.9907019275325742	0.988163550869279	0.9904682267482813	0.9920967506032535	0.9918720341152146	0.9912540744525647	0.9908814361697356	0.9906311468750599	0.9905751231569189	0.9906562728520911	0.9815979807021082	0.986311415179473	0.9905376028190879
0.9880983045562511	0.9888513409552229	0.9922323536423593	0.9853811399424474	0.9922327692755053	0.9983955367057354	0.9960731811571226	0.9913770304580725	0.9798082185599005	0.9904149851516595	0.9906332936952179	0.9901323083251995	0.9899099975080976	0.9993520489778063	1.0	0.9903322305140472	0.9916795889902683	0.9905351448651836	0.9891606525020941	0.9913461961259965	0.9906861280954771	0.9897601139553234	0.9841168758534796	0.9982544059357602	0.9916943094756431	0.9829925692785128	0.9896568159056783	0.9909219145702356	0.989817358317313	0.9903909479025056	0.9857434968003529	0.9902149500910725	0.9957745093769044	0.9823943433103076	0.9977125000130842	0.9973351259326161	0.9911618713608991	0.9886430181946995	0.9909006090926341	0.9924703852298472	0.992277202587607	0.9916786492573146	0.9912729183687982	0.9910489062170147	0.9909869022605713	0.9910790838769824	0.9821370193141651	0.9866599594263755	0.9908979465358632
0.9875239942995284	0.9875173281623296	0.99112233923067	0.9854999600073898	0.9907927549193368	0.9903879020959921	0.9901279718840541	0.9904162295368627	0.9799570680272119	0.9901515258069415	0.9881429758231045	0.9897355470868178	0.9887115062897223	0.9899297248614769	0.9903322305140472	1.0	0.998030056090831	0.9899042160066686	0.9889543155210009	0.9904628678462157	0.9897051769345017	0.9887536907285386	0.9780780893713585	0.9910461896700842	0.9895560088781095	0.9833228024768744	0.9891492062760496	0.9897912321263368	0.9888271849217031	0.9896228145567668	0.9852037790796951	0.9894978807192865	0.9896113828725467	0.9820440015174584	0.9901290218586888	0.9902794575912902	0.9910946118179818	0.9884920559616186	0.9900150853405743	0.9912721059144993	0.9915056647397448	0.9913429479117774	0.9901051081388642	0.9904327523388167	0.989827877852486	0.9904317197969414	0.982356239560186	0.9841240698305557	0.9900202719012587
0.9887711765706003	0.988999016323002	0.9926045073768124	0.9859105194411547	0.9923328032910296	0.9917632892165046	0.9912895373311926	0.9917650102976626	0.9808816329633243	0.9913540759148247	0.9892810186484721	0.9911126078738591	0.9902918915478839	0.9913335250770461	0.9916795889902683	0.998030056090831	1.0	0.9908068269908583	0.9902347228756282	0.9919401735525049	0.9910036793502119	0.9902315661013142	0.979133041541048	0.991893457211854	0.9906569790810752	0.9841717181616826	0.9903716498305389	0.9911066112322541	0.9900629783502856	0.990844129403066	0.9862787292893614	0.9907806603436712	0.9908401547667042	0.983175686621152	0.9910231695103184	0.9916278993152222	0.9924454251070902	0.9897113169290219	0.9914623192667454	0.9927782603970351	0.9928460509545491	0.9925480342575053	0.9917163746979989	0.9914967906967401	0.9913822961429626	0.9918386598130591	0.982920391119364	0.9860081793784793	0.9913110277565815
0.9876933068447594	0.9933095329277628	0.9908443703293381	0.9847907964931013	0.9902877452115996	0.9906184959760249	0.9902268023317911	0.9901209599249083	0.980817939477415	0.9903649179192386	0.9885756285131942	0.9905804941015693	0.9894570476387594	0.9900724298970308	0.9905351448651836	0.9899042160066686	0.9908068269908583	1.0	0.9902342631278154	0.9918691003333724	0.9950595970593604	0.9902819841677198	0.9799593538746154	0.9914199129925356	0.9898474586052275	0.9846906947497932	0.9906266949959317	0.990588569837194	0.9902434741597823	0.9908299953523878	0.9937659682295079	0.9910637088327073	0.9901029393472295	0.9868578065688354	0.9902057413080927	0.9909134879543625	0.9916639825499739	0.9897616002949777	0.9951026180746199	0.9909461385615901	0.9915371924253497	0.9922947924447318	0.9912627632188694	0.9914232411730635	0.991005933587109	0.9911816945901175	0.9836567776983505	0.9853075800742583	0.9898882575995858
0.9884105906879779	0.9885241075691805	0.9902747323646058	0.9852437639044922	0.9897586346019858	0.9892664640132472	0.9892278773107832	0.9892671277933477	0.9819182739816772	0.9899897422686117	0.9884682291447779	0.9897724981564027	0.9895737422950521	0.9886853644850871	0.9891606525020941	0.9889543155210009	0.9902347228756282	0.9902342631278154	1.0	0.9917730859424526	0.9909255205583055	0.9910717037672426	0.979837403866523	0.9896311360803877	0.9890200260217804	0.9866678870492009	0.991318857727293	0.9909666113858357	0.9918796203739686	0.9911461651127882	0.9869828793926851	0.9916830655103822	0.9894377726404078	0.9839675353907036	0.9891300090670865	0.9899063402609968	0.9913970982414778	0.9906077871077511	0.9911615598489973	0.9905337340554673	0.9906588756373984	0.9917256395996473	0.9912261662199178	0.9905068170974273	0.9909873928563695	0.9910104529914051	0.9842996806746481	0.9844491544366619	0.9889109363433877
0.9885385585569594	0.990078572586829	0.9926220207955674	0.9863334337302502	0.9921625150215951	0.9914541085359977	0.9910605457277369	0.9917394314360622	0.9820614746067818	0.9910117582404462	0.9891199871203962	0.9920787516609948	0.9957342552711667	0.9909459283626219	0.9913461961259965	0.9904628678462157	0.9919401735525049	0.9918691003333724	0.9917730859424526	1.0	0.9917796614010699	0.9922018542135244	0.9798042706012622	0.9914849319124048	0.9904334731755394	0.9860031836126484	0.9921371024491884	0.992958111180521	0.9922968033347175	0.9925479942266262	0.987258118378792	0.9927132503063012	0.9905470371640791	0.9836892838184063	0.9909012525647524	0.9912496829888661	0.9920930021111899	0.9911428196230117	0.9921664232301648	0.9929378240034525	0.9925151644777984	0.993540374876285	0.9975465276569652	0.9929885595804152	0.9973055554205292	0.994091038695053	0.985559764649592	0.9855646097459391	0.9912741279588928
0.9877131173890159	0.993674989893537	0.9911627931637039	0.9850119436226257	0.9906599732612928	0.9907937249652351	0.9905834811537022	0.9902284654681968	0.9812599584455376	0.9905558919409441	0.9887619440599524	0.9909103625374174	0.9900118124019563	0.9902296881251456	0.9906861280954771	0.9897051769345017	0.9910036793502119	0.9950595970593604	0.9909255205583055	0.9917796614010699	1.0	0.9905889762323856	0.9805898287809344	0.9911118033972434	0.9899611093098389	0.9851319402809552	0.9910294537147213	0.9911039595854868	0.9905998878006183	0.9911049429075078	0.9904645843702664	0.9912313492251988	0.9902234392294683	0.9876573467436156	0.9902138953108504	0.9910398343136637	0.9916253721879354	0.9898902393137777	0.9956541727739693	0.9914125021222845	0.9916011972085926	0.9923946352362095	0.9914266374933189	0.9917074648783926	0.9911492203438265	0.9918209037316229	0.9840282447607733	0.985471737914935	0.9898254114553119
0.9871726902438906	0.9884185879797327	0.9905551746394153	0.9845248140113284	0.9901738117879119	0.9899078785829645	0.9894335201217265	0.9902283516033208	0.979777395304548	0.9897518062355384	0.9872651017367231	0.9898585523914186	0.9905040832617381	0.9893964285366431	0.9897601139553234	0.9887536907285386	0.9902315661013142	0.9902819841677198	0.9910717037672426	0.9922018542135244	0.9905889762323856	1.0	0.9773897770108539	0.9900769379014713	0.9888974079192259	0.9837959817064966	0.9909154262510715	0.9919810641690965	0.9906330330037115	0.9914455005454653	0.986258210029106	0.9975211815611698	0.9889411605228086	0.9827963381965582	0.9894047848797639	0.9896270051851987	0.9907472584939738	0.9898531439594579	0.9909050940122057	0.9909117308313516	0.9904464866661129	0.9915249290945636	0.9917906865874685	0.9907688412101001	0.9915032428951893	0.9914904425093756	0.9831232443204965	0.9842326931182828	0.9890930841278303
0.9792507476887023	0.9770658260766985	0.9799113975162334	0.9756529379743204	0.9790481184825359	0.9844574348544392	0.9822962358166323	0.9792437331837006	0.97928697774228	0.9812229846101689	0.9852905405884387	0.9780850974805197	0.9770359828060599	0.9835232160149405	0.9841168758534796	0.9780780893713585	0.979133041541048	0.9799593538746154	0.979837403866523	0.9798042706012622	0.9805898287809344	0.9773897770108539	1.0	0.984912958107888	0.9798906112015638	0.9783654091259254	0.9808911585788486	0.9783489884676001	0.978878963612573	0.979174132904665	0.9741801444251308	0.9785952711906233	0.9839428689412282	0.9753150809258495	0.9845403965539004	0.9844990569543367	0.9813842069139329	0.9802131858085373	0.9805207836981729	0.9801186919363238	0.9810398892008767	0.9803095222762022	0.9789253868115224	0.9792442574265661	0.9786598550412567	0.9796349511225773	0.976612767015678	0.9810266406320965	0.97894359299222
0.9885300338557124	0.9891907036667784	0.9922746363639353	0.9860666261165744	0.9920935121729924	0.9978456485789526	0.99588895235683	0.9913481845927923	0.9803724667676454	0.9909407855723298	0.9909848427742991	0.9905600759889154	0.9895999473529998	0.9979392641538124	0.9982544059357602	0.9910461896700842	0.991893457211854	0.9914199129925356	0.9896311360803877	0.9914849319124048	0.9911118033972434	0.9900769379014713	0.984912958107888	1.0	0.9916513005216069	0.9837883590314367	0.9900758994723382	0.9908552131288731	0.9900519192317117	0.9905038066638355	0.9863054102261046	0.9906629187629306	0.9960136007366835	0.9830221626799366	0.9974355078479278	0.9975793504298975	0.9917230466808618	0.9891927650469197	0.9912805408327366	0.9923809926844419	0.9923222360150711	0.9920650459231972	0.9912163486629904	0.9910815589504016	0.9909934521170515	0.9910640994602367	0.9828293338885443	0.9866692253871259	0.9908072809433144
0.987287490764065	0.9880130065824405	0.9911593848874624	0.9848250983583616	0.9906364753739277	0.9918227196634828	0.9914914957383449	0.9906909355462271	0.979429372967107	0.9901602112172497	0.9890731864610869	0.9896882641457363	0.9887794708042974	0.991575793893385	0.9916943094756431	0.9895560088781095	0.9906569790810752	0.9898474586052275	0.9890200260217804	0.9904334731755394	0.9899611093098389	0.9888974079192259	0.9798906112015638	0.9916513005216069	1.0	0.9831895941703435	0.9892576682734151	0.9896949503837615	0.9892928260074202	0.9899005013594805	0.98566741019332	0.9891906493685653	0.9910933206620517	0.9819742611542841	0.9916198790079312	0.9919756746994546	0.9907164412684143	0.9881918593279042	0.9900549304928282	0.9913029261340692	0.9907112957477017	0.9910624398130945	0.990354446289911	0.9902848798499401	0.9901848167540959	0.989791126615439	0.9818857404213549	0.9925667990501796	0.9894148518251239
0.9832167054453734	0.9821150141449955	0.9844792378574291	0.9809679724330729	0.9838335676551059	0.9831502384576452	0.9829259989254023	0.9832286854875657	0.9793515411458554	0.9847458310757634	0.9858553877371647	0.9839396458978638	0.9830611522850973	0.9824671849791204	0.9829925692785128	0.9833228024768744	0.9841717181616826	0.9846906947497932	0.9866678870492009	0.9860031836126484	0.9851319402809552	0.9837959817064966	0.9783654091259254	0.9837883590314367	0.9831895941703435	1.0	0.9896110029392942	0.9872596288948845	0.9901638704826287	0.9882788973174647	0.9809826531684773	0.9846564037512259	0.9846773780689165	0.9795611743316106	0.9834614371478464	0.9838705533415998	0.9854534426398276	0.9855152163222003	0.9851908058149036	0.9846497826761095	0.9846248672124074	0.9857607965651359	0.9849680282899077	0.9845256729513768	0.9847663384298061	0.985208255456663	0.979979506003743	0.9810275573321485	0.9825059383502893
0.9878922727327714	0.9886354954464659	0.991098641959393	0.9861944491930688	0.9905572293399765	0.989815561779719	0.9894358012014114	0.9899079635685536	0.9827872899942579	0.9906580838763003	0.9899433806202813	0.9902375267656002	0.9901152203244536	0.9892400917474011	0.9896568159056783	0.9891492062760496	0.9903716498305389	0.9906266949959317	0.991318857727293	0.9921371024491884	0.9910294537147213	0.9909154262510715	0.9808911585788486	0.9900758994723382	0.9892576682734151	0.9896110029392942	1.0	0.9949003308934646	0.9944331387040417	0.9962248919668248	0.9860637451770954	0.9920161671144284	0.9896619036484313	0.984287289198881	0.9896253985344861	0.9895896421797304	0.9911484251601004	0.9908371270078044	0.9913140058096523	0.9911781434912508	0.9908189002055011	0.9921414837374855	0.9917940509507426	0.9911026838298196	0.9915590118527848	0.9915723500668974	0.9845481540662195	0.9850307028876881	0.9892795691420477
0.9873348375861075	0.9891450498332949	0.9915547802112206	0.9846847873058698	0.9911437872699687	0.990885219788343	0.9902160681291374	0.9906508918383361	0.9799236363528447	0.9899918714734331	0.9884098912864273	0.9905453357519619	0.9911999910728232	0.9905821890496909	0.9909219145702356	0.9897912321263368	0.9911066112322541	0.990588569837194	0.9909666113858357	0.992958111180521	0.9911039595854868	0.9919810641690965	0.9783489884676001	0.9908552131288731	0.9896949503837615	0.9872596288948845	0.9949003308934646	1.0	0.9942878778864774	0.995928077743443	0.9858506681662764	0.9927437892874732	0.9899179563578674	0.9829849849711902	0.9904423466328007	0.9904626935290073	0.9911643437415739	0.9902070047073455	0.9915318596915698	0.9915847523621281	0.9920694836063774	0.9923277195131669	0.9924552248364736	0.9919993779849947	0.9923064570714965	0.9919707779476893	0.9829829496627684	0.9846187124503731	0.9907858614901429
0.9880696990551385	0.9880691143275834	0.9903336959948874	0.9858056628592887	0.9899548993994535	0.989949429132149	0.9893383384498762	0.9894261139049926	0.9806668968218203	0.9899773391930141	0.9887712526043757	0.9898975519519164	0.9900185708290784	0.9893778766788023	0.989817358317313	0.9888271849217031	0.9900629783502856	0.9902434741597823	0.9918796203739686	0.9922968033347175	0.9905998878006183	0.9906330330037115	0.978878963612573	0.9900519192317117	0.9892928260074202	0.9901638704826287	0.9944331387040417	0.9942878778864774	1.0	0.9946591414603311	0.986716241561973	0.99116274224478	0.9901513370725596	0.9835235834948449	0.9897404172758351	0.9903004694041209	0.9911947192306447	0.9907488210398439	0.9906731025509096	0.9906894389896723	0.9907628600762322	0.9913964020058256	0.9915609346418224	0.9909445501482511	0.9912533154227351	0.9914613301577673	0.9837484839740106	0.9842671947458808	0.9891582675618473
0.987533873243725	0.9889655667861833	0.9915216973296603	0.9856586862900178	0.9910060227143466	0.9904459785066007	0.9900685881770522	0.9903774045598631	0.9810017332686433	0.9904754027648578	0.9885237115227464	0.9906034706116907	0.9907225036012356	0.9899710570384253	0.9903909479025056	0.9896228145567668	0.990844129403066	0.9908299953523878	0.9911461651127882	0.9925479942266262	0.9911049429075078	0.9914455005454653	0.979174132904665	0.9905038066638355	0.9899005013594805	0.9882788973174647	0.9962248919668248	0.995928077743443	0.9946591414603311	1.0	0.9862103502661483	0.9921723353250226	0.989691155862437	0.983824803547934	0.9901691785390491	0.9900868127158623	0.991317541841177	0.9905559331092577	0.9914717367039998	0.9917179596648898	0.9915199641124426	0.9924351169466651	0.9922878440112319	0.9917201120490685	0.9920427897222572	0.9919258553897139	0.9836003688764391	0.9846136814293835	0.9900843691204149
0.9846024440988744	0.9887458568886247	0.9860481642634011	0.9822960481475816	0.98588829641291	0.9858711201048512	0.9855110323200078	0.9855413217230558	0.9774432245126192	0.9864882433427066	0.9849339738391865	0.9859768065753409	0.9846811300750676	0.985272405695341	0.9857434968003529	0.9852037790796951	0.9862787292893614	0.9937659682295079	0.9869828793926851	0.987258118378792	0.9904645843702664	0.986258210029106	0.9741801444251308	0.9863054102261046	0.98566741019332	0.9809826531684773	0.9860637451770954	0.9858506681662764	0.986716241561973	0.9862103502661483	1.0	0.9865601498390749	0.9865259420475554	0.9837910265672279	0.986136356477089	0.9868328576220791	0.9872232234839045	0.9857985775807246	0.9909795631933589	0.9862826255970824	0.9869202616571531	0.9878199993289615	0.9866226754572798	0.9868076163844974	0.9863971982424592	0.9865920277150295	0.980191071745269	0.9813747420433548	0.9850691550285264
0.9879786773576069	0.9891719332114184	0.9912162225155853	0.9852317910794157	0.990895831498732	0.9902922171772839	0.9895778315783754	0.9904624251702449	0.9803942040723044	0.9904390169467875	0.9878484842239705	0.9904452587315401	0.991115795963352	0.9898015840114692	0.9902149500910725	0.9894978807192865	0.9907806603436712	0.9910637088327073	0.9916830655103822	0.9927132503063012	0.9912313492251988	0.9975211815611698	0.9785952711906233	0.9906629187629306	0.9891906493685653	0.9846564037512259	0.9920161671144284	0.9927437892874732	0.99116274224478	0.9921723353250226	0.9865601498390749	1.0	0.9893976930044759	0.9834166345945289	0.9896573512654957	0.9901071741832744	0.99144065072536	0.9903580667503753	0.9916394250169516	0.9915256218611369	0.9912283494080654	0.99234866184975	0.9924998829064483	0.9913393290382677	0.9922136201011333	0.9919869896913718	0.9839502882076261	0.9847785288938087	0.98984095843556
0.9879562696159692	0.9880800167343651	0.9912868415271043	0.985874936162398	0.9908882510360056	0.9957736762269788	0.9944971350307639	0.9903413525502295	0.9806065696786702	0.9904436683597222	0.9903315568454006	0.9891281465093461	0.9887842219159412	0.9953412668992303	0.9957745093769044	0.9896113828725467	0.9908401547667042	0.9901029393472295	0.9894377726404078	0.9905470371640791	0.9902234392294683	0.9889411605228086	0.9839428689412282	0.9960136007366835	0.9910933206620517	0.9846773780689165	0.9896619036484313	0.9899179563578674	0.9901513370725596	0.989691155862437	0.9865259420475554	0.9893976930044759	1.0	0.9823477467898626	0.99551181719921	0.9961288484401961	0.991240683100766	0.9887483576120443	0.9903811532384561	0.9914196827488614	0.9916944157487663	0.9910268116120692	0.9902484950546947	0.990382529393912	0.9899836135879948	0.99013927860028	0.9829032107524418	0.9867448435045342	0.9896897541489644
0.9806530840823838	0.9852874038269827	0.9833820882498211	0.97929407981449	0.9826872412187986	0.9825830858691209	0.9822507835227157	0.9822836194526331	0.9769387362880954	0.9839139238141542	0.9825107226837746	0.9826299595624463	0.9813987041305081	0.9818790126968517	0.9823943433103076	0.9820440015174584	0.983175686621152	0.9868578065688354	0.9839675353907036	0.9836892838184063	0.9876573467436156	0.9827963381965582	0.9753150809258495	0.9830221626799366	0.9819742611542841	0.9795611743316106	0.984287289198881	0.9829849849711902	0.9835235834948449	0.983824803547934	0.9837910265672279	0.9834166345945289	0.9823477467898626	1.0	0.9826009824494681	0.9828579068138931	0.9841503006464242	0.9833513559261171	0.987515210218116	0.9835075673462218	0.9833746338869109	0.9846121608849956	0.9833101272778373	0.983017966704069	0.9829006101594087	0.9834795965106155	0.9775008760210598	0.9796974183004182	0.9815125943240269
0.9882753519438547	0.988273367643836	0.9915428310211616	0.9860218217999299	0.9915363200729908	0.9976257997922194	0.9955127664560798	0.9907388030903442	0.9801588353310386	0.9903970681108824	0.9906261303861428	0.9895358254457217	0.9890637202861697	0.9974333831904545	0.9977125000130842	0.9901290218586888	0.9910231695103184	0.9902057413080927	0.9891300090670865	0.9909012525647524	0.9902138953108504	0.9894047848797639	0.9845403965539004	0.9974355078479278	0.9916198790079312	0.9834614371478464	0.9896253985344861	0.9904423466328007	0.9897404172758351	0.9901691785390491	0.986136356477089	0.9896573512654957	0.99551181719921	0.9826009824494681	1.0	0.9965973610084873	0.9910279650825072	0.9886996329889662	0.9904421907115253	0.9918392945068003	0.9918138433328734	0.9911548600640945	0.9907597800355048	0.9905915400994288	0.9904584787802324	0.9905418815253352	0.9825796492694878	0.9868664570682969	0.9902244686266161
0.9883500022906666	0.9891527048028881	0.9919972015931169	0.9857830117509521	0.9915831910701177	0.9973251891895577	0.9950983067436193	0.9912866763485104	0.9799973514524557	0.9906812367603266	0.9905089038044418	0.990146317401884	0.9892770509720813	0.9970372540407643	0.9973351259326161	0.9902794575912902	0.9916278993152222	0.9909134879543625	0.9899063402609968	0.9912496829888661	0.9910398343136637	0.9896270051851987	0.9844990569543367	0.9975793504298975	0.9919756746994546	0.9838705533415998	0.9895896421797304	0.9904626935290073	0.9903004694041209	0.9900868127158623	0.9868328576220791	0.9901071741832744	0.9961288484401961	0.9828579068138931	0.9965973610084873	1.0	0.9917168474203164	0.9890344783980133	0.9912893680310141	0.9926024146696135	0.9920856415522243	0.9916995174782293	0.9908801292412056	0.9909866441983481	0.9905533071138386	0.9907154497017596	0.9830077244348399	0.987262186992009	0.9910703056506784
0.9892570695571721	0.9894540060579335	0.9926208200755859	0.9868214227512401	0.991961089208494	0.9911985503331857	0.991112080629902	0.9915705180456309	0.9824532113362168	0.9919683103421948	0.9891770168626118	0.9908704224980134	0.9901130151025438	0.9907019275325742	0.9911618713608991	0.9910946118179818	0.9924454251070902	0.9916639825499739	0.9913970982414778	0.9920930021111899	0.9916253721879354	0.9907472584939738	0.9813842069139329	0.9917230466808618	0.9907164412684143	0.9854534426398276	0.9911484251601004	0.9911643437415739	0.9911947192306447	0.991317541841177	0.9872232234839045	0.99144065072536	0.991240683100766	0.9841503006464242	0.9910279650825072	0.9917168474203164	1.0	0.9904291263987919	0.9917977350760312	0.992685440197205	0.99514656167247	0.9927794702403885	0.9918062301622648	0.9916253495269526	0.9914302572754375	0.9916891894200471	0.9843216083159595	0.9865457401407525	0.9933618663830917
