/home/jshaw/scratch/2022_sketched_distance/references/SGB_genome_fastas_part1_redo/1542/BritoIL_2016__W2.68.SA__bin.22.fa	/home/jshaw/scratch/2022_sketched_distance/references/SGB_genome_fastas_part1_redo/1542/Castro-NallarE_2015__ES_107__bin.32.fa	/home/jshaw/scratch/2022_sketched_distance/references/SGB_genome_fastas_part1_redo/1542/Castro-NallarE_2015__ES_110__bin.12.fa	/home/jshaw/scratch/2022_sketched_distance/references/SGB_genome_fastas_part1_redo/1542/CM_cf__CF_TNFC008IS_t1M15__bin.9.fa	/home/jshaw/scratch/2022_sketched_distance/references/SGB_genome_fastas_part1_redo/1542/CM_cf__CF_TNFC018IS_t1M15__bin.5.fa	/home/jshaw/scratch/2022_sketched_distance/references/SGB_genome_fastas_part1_redo/1542/CM_cf__CF_TNFC041SA_t1M15__bin.21.fa	/home/jshaw/scratch/2022_sketched_distance/references/SGB_genome_fastas_part1_redo/1542/FerrettiP_2018__CA_C10001MS2001SA_t0M15__bin.5.fa	/home/jshaw/scratch/2022_sketched_distance/references/SGB_genome_fastas_part1_redo/1542/FerrettiP_2018__CA_C10034MS2579SA_t0M15__bin.5.fa	/home/jshaw/scratch/2022_sketched_distance/references/SGB_genome_fastas_part1_redo/1542/FerrettiP_2018__CA_C10035MS2597SA_t0M15__bin.2.fa	/home/jshaw/scratch/2022_sketched_distance/references/SGB_genome_fastas_part1_redo/1542/FerrettiP_2018__CA_C10055MS2957SA_t0M16__bin.43.fa	/home/jshaw/scratch/2022_sketched_distance/references/SGB_genome_fastas_part1_redo/1542/HMP_2012__SRS012279__bin.50.fa	/home/jshaw/scratch/2022_sketched_distance/references/SGB_genome_fastas_part1_redo/1542/HMP_2012__SRS013234__bin.13.fa	/home/jshaw/scratch/2022_sketched_distance/references/SGB_genome_fastas_part1_redo/1542/HMP_2012__SRS014470__bin.87.fa	/home/jshaw/scratch/2022_sketched_distance/references/SGB_genome_fastas_part1_redo/1542/HMP_2012__SRS015038__bin.37.fa	/home/jshaw/scratch/2022_sketched_distance/references/SGB_genome_fastas_part1_redo/1542/HMP_2012__SRS015272__bin.16.fa	/home/jshaw/scratch/2022_sketched_distance/references/SGB_genome_fastas_part1_redo/1542/HMP_2012__SRS015762__bin.48.fa	/home/jshaw/scratch/2022_sketched_distance/references/SGB_genome_fastas_part1_redo/1542/HMP_2012__SRS015893__bin.70.fa	/home/jshaw/scratch/2022_sketched_distance/references/SGB_genome_fastas_part1_redo/1542/HMP_2012__SRS016342__bin.52.fa	/home/jshaw/scratch/2022_sketched_distance/references/SGB_genome_fastas_part1_redo/1542/HMP_2012__SRS018357__bin.42.fa	/home/jshaw/scratch/2022_sketched_distance/references/SGB_genome_fastas_part1_redo/1542/HMP_2012__SRS019607__bin.19.fa	/home/jshaw/scratch/2022_sketched_distance/references/SGB_genome_fastas_part1_redo/1542/HMP_2012__SRS020220__bin.52.fa	/home/jshaw/scratch/2022_sketched_distance/references/SGB_genome_fastas_part1_redo/1542/HMP_2012__SRS023926__bin.17.fa	/home/jshaw/scratch/2022_sketched_distance/references/SGB_genome_fastas_part1_redo/1542/HMP_2012__SRS042643__bin.34.fa	/home/jshaw/scratch/2022_sketched_distance/references/SGB_genome_fastas_part1_redo/1542/HMP_2012__SRS044486__bin.15.fa	/home/jshaw/scratch/2022_sketched_distance/references/SGB_genome_fastas_part1_redo/1542/HMP_2012__SRS047210__bin.21.fa	/home/jshaw/scratch/2022_sketched_distance/references/SGB_genome_fastas_part1_redo/1542/HMP_2012__SRS057791__bin.55.fa	/home/jshaw/scratch/2022_sketched_distance/references/SGB_genome_fastas_part1_redo/1542/HMP_2012__SRS062544__bin.18.fa	/home/jshaw/scratch/2022_sketched_distance/references/SGB_genome_fastas_part1_redo/1542/HMP_2012__SRS065278__bin.18.fa
1.0	0.9652363433219402	0.9654959316723951	0.9725050039137646	0.9763520092175044	0.9754918498295708	0.9683786000435166	0.9727980851747329	0.9702888038204492	0.9742790226212197	0.9737409266161725	0.970874792910441	0.970955961140436	0.9724825538418138	0.9766849318749922	0.9743391115312109	0.9735826305354682	0.971064132584244	0.9723699792870009	0.9712978894020989	0.9742433126570134	0.971049285595842	0.9756989063567961	0.9751967753545525	0.9738637332228365	0.9791015264146723	0.9717986431212896	0.9714648196981318
0.9652363433219402	1.0	0.9639400260243528	0.9664971273123141	0.9708309610842006	0.9636375644249301	0.9636233717802695	0.9710192399217559	0.9619734590888523	0.9649335289646386	0.9667914411842253	0.9618397227461718	0.9672957960360071	0.9641159790600217	0.968206842496279	0.9672790515409625	0.9771870729123608	0.9649933976735581	0.9671717692004301	0.9646033929935219	0.9693877222470615	0.96574868685828	0.9682315166417488	0.9660576171545558	0.9641793855673365	0.969893900319896	0.9644882991754347	0.9644687255918536
0.9654959316723951	0.9639400260243528	1.0	0.9642056858802464	0.9685977219294365	0.9665603648196854	0.9647477714787983	0.9675773182844782	0.9613808725535996	0.9658037112668271	0.9673299683453251	0.9652513066590945	0.9665728718844817	0.9655175558612222	0.9667542031448274	0.9682998187945094	0.9668032451120847	0.9647098716477848	0.9662646422871317	0.9606293068382427	0.9675179722105285	0.9632228700254231	0.9677957124862615	0.9651385090220173	0.9647995537653441	0.9690440490097811	0.9665993734876833	0.9657477766255947
0.9725050039137646	0.9664971273123141	0.9642056858802464	1.0	0.975883279591046	0.9720630946668241	0.9689516485989264	0.9731057428864598	0.9720629317828703	0.9721649084108642	0.9742596907133271	0.971062235509817	0.9756497173036848	0.9799065855721113	0.9754849902680647	0.9733241550559055	0.9726387160539433	0.9711470719712595	0.971244589698519	0.9689601558591983	0.9756976904914649	0.9723787936076196	0.9747641294802868	0.9742238638740197	0.9735085666146879	0.9759635490958214	0.9792165649603405	0.9793781203839913
0.9763520092175044	0.9708309610842006	0.9685977219294365	0.975883279591046	1.0	0.9761623816641676	0.9714987117583436	0.9765462354089098	0.974453304249454	0.9763603905858528	0.9776808684570623	0.9741683105047955	0.9751587889565008	0.9751606155901059	0.9792028348353896	0.9768334137258031	0.9770618216073776	0.9745421769111229	0.9761346039165772	0.9732688318484344	0.9791259326006955	0.9742438246759758	0.9784554780756727	0.978084748156429	0.9768288770418688	0.9795895849392847	0.973743774532578	0.9745590072553145
0.9754918498295708	0.9636375644249301	0.9665603648196854	0.9720630946668241	0.9761623816641676	1.0	0.9717637284793945	0.9715241221351167	0.9730034413488435	0.9764751662895222	0.9752970433951728	0.9741844714799728	0.9725364409562974	0.9721966697391754	0.9751469420722775	0.9741971818019346	0.9750806545545982	0.9728111864964027	0.9739147979297791	0.9684571455733222	0.974984424530462	0.9723439948284095	0.9753695945202623	0.9753262557404172	0.9738929688600945	0.9883929106809345	0.973637471678796	0.9729262070418535
0.9683786000435166	0.9636233717802695	0.9647477714787983	0.9689516485989264	0.9714987117583436	0.9717637284793945	1.0	0.9702601696327114	0.9685149731841686	0.9700925697135175	0.9711170126781611	0.9698752113649309	0.9699383157469852	0.9687399644347044	0.9711686199633638	0.9701446248326829	0.9708013832612563	0.9707166310053621	0.9693849746971148	0.9658165417786063	0.9722986827714629	0.9693499354652974	0.9712276037568599	0.9700509229520916	0.970218019170556	0.9721728169769261	0.9689859440166492	0.9698742166719136
0.9727980851747329	0.9710192399217559	0.9675773182844782	0.9731057428864598	0.9765462354089098	0.9715241221351167	0.9702601696327114	1.0	0.9702287483955014	0.9718459361364805	0.9755855841149107	0.9710116396551113	0.9705792510158376	0.9714947020008364	0.975039511515587	0.9736551333942631	0.9737010840358096	0.9718106892803701	0.9717411848945033	0.9725196249312991	0.9756677571263206	0.9736011411902598	0.975429262606951	0.9731083352586795	0.9740398080981134	0.9764194405258786	0.9714377093159204	0.9711183456939995
0.9702888038204492	0.9619734590888523	0.9613808725535996	0.9720629317828703	0.974453304249454	0.9730034413488435	0.9685149731841686	0.9702287483955014	1.0	0.9714599301528872	0.9723790397081404	0.9713215833204838	0.9697761137985619	0.9702142164260797	0.9730937087968109	0.9721338567942368	0.9733758893459693	0.9700426620364356	0.9718772682936252	0.9671809433472126	0.9717422374559146	0.9718791527172368	0.9738739351347985	0.9735163714927296	0.9717059674695325	0.9742556523514205	0.9724503548288551	0.9705033658307556
0.9742790226212197	0.9649335289646386	0.9658037112668271	0.9721649084108642	0.9763603905858528	0.9764751662895222	0.9700925697135175	0.9718459361364805	0.9714599301528872	1.0	0.9733206167753441	0.9728788607174103	0.971518715933069	0.9717866387166568	0.9746830875905748	0.97371637404468	0.9741237491287814	0.9715740721197341	0.9736919022601407	0.9681064783920043	0.9751797091150378	0.970339702252326	0.9757432173933129	0.9744534970149523	0.973063251774651	0.9779137691311843	0.972782198472027	0.9725094854554366
0.9737409266161725	0.9667914411842253	0.9673299683453251	0.9742596907133271	0.9776808684570623	0.9752970433951728	0.9711170126781611	0.9755855841149107	0.9723790397081404	0.9733206167753441	1.0	0.9741585183716033	0.9745736023399242	0.9740404685455248	0.9769825668104138	0.9751902133649973	0.9749182201895796	0.9827865016582021	0.9735200942781748	0.9705628898304124	0.9838237893580952	0.9730456344126787	0.9784905223671241	0.9752042478582803	0.9819550363722671	0.9779956273753678	0.9739323839890616	0.9742329612742459
0.970874792910441	0.9618397227461718	0.9652513066590945	0.971062235509817	0.9741683105047955	0.9741844714799728	0.9698752113649309	0.9710116396551113	0.9713215833204838	0.9728788607174103	0.9741585183716033	1.0	0.9701995478415304	0.9712784718500691	0.9735436413473895	0.9730520416032672	0.9741487040434751	0.9715068780358423	0.9705809316728143	0.9673050333493749	0.9735282067249552	0.971895127113852	0.9740824037881308	0.9738231450193789	0.9717889305577213	0.973979286082433	0.9724759939911312	0.9720403299934816
0.970955961140436	0.9672957960360071	0.9665728718844817	0.9756497173036848	0.9751587889565008	0.9725364409562974	0.9699383157469852	0.9705792510158376	0.9697761137985619	0.971518715933069	0.9745736023399242	0.9701995478415304	1.0	0.9778375355662071	0.9728122492291891	0.9737506304331848	0.9732675980395012	0.9716680336128526	0.9726531984105408	0.9676056070850231	0.9753435998207286	0.9704937042952184	0.9752878899454223	0.9712697964204509	0.9731686187335424	0.9749680182255174	0.9768279005602085	0.9780345882032966
0.9724825538418138	0.9641159790600217	0.9655175558612222	0.9799065855721113	0.9751606155901059	0.9721966697391754	0.9687399644347044	0.9714947020008364	0.9702142164260797	0.9717866387166568	0.9740404685455248	0.9712784718500691	0.9778375355662071	1.0	0.9734667841912863	0.9728017382101237	0.9726241915062519	0.9725603274388402	0.9712751178235699	0.9680727087188565	0.9758101178790405	0.9701171966681991	0.9749747310552935	0.9722876582528336	0.973703247068569	0.9757279302680123	0.9862657471480163	0.9941291472579498
0.9766849318749922	0.968206842496279	0.9667542031448274	0.9754849902680647	0.9792028348353896	0.9751469420722775	0.9711686199633638	0.975039511515587	0.9730937087968109	0.9746830875905748	0.9769825668104138	0.9735436413473895	0.9728122492291891	0.9734667841912863	1.0	0.9755073844167773	0.9762030071692911	0.973614744491599	0.9744112402689361	0.9725594789640151	0.9776147530583486	0.9733989016614242	0.9782595583219199	0.9959706190878196	0.9763057402922916	0.9783109969049135	0.973050653419983	0.9729642437179717
0.9743391115312109	0.9672790515409625	0.9682998187945094	0.9733241550559055	0.9768334137258031	0.9741971818019346	0.9701446248326829	0.9736551333942631	0.9721338567942368	0.97371637404468	0.9751902133649973	0.9730520416032672	0.9737506304331848	0.9728017382101237	0.9755073844167773	1.0	0.9769018218735948	0.9730268992263119	0.9752732433490418	0.9699583939841222	0.9751761680959896	0.9724806712616472	0.9780089898389841	0.9739407998323296	0.9738171471168354	0.9768536582723387	0.9732040607708109	0.9728249023161538
0.9735826305354682	0.9771870729123608	0.9668032451120847	0.9726387160539433	0.9770618216073776	0.9750806545545982	0.9708013832612563	0.9737010840358096	0.9733758893459693	0.9741237491287814	0.9749182201895796	0.9741487040434751	0.9732675980395012	0.9726241915062519	0.9762030071692911	0.9769018218735948	1.0	0.9723552204253084	0.9766530845535394	0.9719451451431377	0.9759760909849151	0.9734558307934629	0.9770379356566069	0.9757165871836513	0.9735394701607375	0.9770572097842283	0.974660227211333	0.9723686932142069
0.971064132584244	0.9649933976735581	0.9647098716477848	0.9711470719712595	0.9745421769111229	0.9728111864964027	0.9707166310053621	0.9718106892803701	0.9700426620364356	0.9715740721197341	0.9827865016582021	0.9715068780358423	0.9716680336128526	0.9725603274388402	0.973614744491599	0.9730268992263119	0.9723552204253084	1.0	0.9702521975692878	0.9675862743418591	0.9801367356081071	0.9709720023532794	0.9745768125290067	0.9726175216942824	0.9786420272100257	0.974300232851036	0.9706170598955345	0.9720340080146814
0.9723699792870009	0.9671717692004301	0.9662646422871317	0.971244589698519	0.9761346039165772	0.9739147979297791	0.9693849746971148	0.9717411848945033	0.9718772682936252	0.9736919022601407	0.9735200942781748	0.9705809316728143	0.9726531984105408	0.9712751178235699	0.9744112402689361	0.9752732433490418	0.9766530845535394	0.9702521975692878	1.0	0.969235663104577	0.974959384556371	0.9718347046059468	0.9762545538036793	0.9741061093652065	0.973054945050124	0.9770123897678359	0.9731946386665548	0.9706390017007752
0.9712978894020989	0.9646033929935219	0.9606293068382427	0.9689601558591983	0.9732688318484344	0.9684571455733222	0.9658165417786063	0.9725196249312991	0.9671809433472126	0.9681064783920043	0.9705628898304124	0.9673050333493749	0.9676056070850231	0.9680727087188565	0.9725594789640151	0.9699583939841222	0.9719451451431377	0.9675862743418591	0.969235663104577	1.0	0.9720045033225703	0.9676054277631178	0.9721578292105949	0.9713151088099442	0.9704924330743978	0.973980560130537	0.9678227104543257	0.9662661752551805
0.9742433126570134	0.9693877222470615	0.9675179722105285	0.9756976904914649	0.9791259326006955	0.974984424530462	0.9722986827714629	0.9756677571263206	0.9717422374559146	0.9751797091150378	0.9838237893580952	0.9735282067249552	0.9753435998207286	0.9758101178790405	0.9776147530583486	0.9751761680959896	0.9759760909849151	0.9801367356081071	0.974959384556371	0.9720045033225703	1.0	0.9731622145107205	0.9791627343895876	0.9760501092178698	0.9868996167065973	0.9791302300921844	0.974532611889245	0.9755259832304564
0.971049285595842	0.96574868685828	0.9632228700254231	0.9723787936076196	0.9742438246759758	0.9723439948284095	0.9693499354652974	0.9736011411902598	0.9718791527172368	0.970339702252326	0.9730456344126787	0.971895127113852	0.9704937042952184	0.9701171966681991	0.9733989016614242	0.9724806712616472	0.9734558307934629	0.9709720023532794	0.9718347046059468	0.9676054277631178	0.9731622145107205	1.0	0.9741364386308646	0.9734324651704285	0.9713119012767428	0.9742093775783545	0.9716786997224868	0.9701935713091518
0.9756989063567961	0.9682315166417488	0.9677957124862615	0.9747641294802868	0.9784554780756727	0.9753695945202623	0.9712276037568599	0.975429262606951	0.9738739351347985	0.9757432173933129	0.9784905223671241	0.9740824037881308	0.9752878899454223	0.9749747310552935	0.9782595583219199	0.9780089898389841	0.9770379356566069	0.9745768125290067	0.9762545538036793	0.9721578292105949	0.9791627343895876	0.9741364386308646	1.0	0.9770398522203655	0.9766016625183686	0.9794907563498589	0.9748683778749127	0.9751061799192363
0.9751967753545525	0.9660576171545558	0.9651385090220173	0.9742238638740197	0.978084748156429	0.9753262557404172	0.9700509229520916	0.9731083352586795	0.9735163714927296	0.9744534970149523	0.9752042478582803	0.9738231450193789	0.9712697964204509	0.9722876582528336	0.9959706190878196	0.9739407998323296	0.9757165871836513	0.9726175216942824	0.9741061093652065	0.9713151088099442	0.9760501092178698	0.9734324651704285	0.9770398522203655	1.0	0.9746602108049152	0.9770584247295424	0.972943189097748	0.9717578901735173
0.9738637332228365	0.9641793855673365	0.9647995537653441	0.9735085666146879	0.9768288770418688	0.9738929688600945	0.970218019170556	0.9740398080981134	0.9717059674695325	0.973063251774651	0.9819550363722671	0.9717889305577213	0.9731686187335424	0.973703247068569	0.9763057402922916	0.9738171471168354	0.9735394701607375	0.9786420272100257	0.973054945050124	0.9704924330743978	0.9868996167065973	0.9713119012767428	0.9766016625183686	0.9746602108049152	1.0	0.9768159060056192	0.9731104548040017	0.9737881151423312
0.9791015264146723	0.969893900319896	0.9690440490097811	0.9759635490958214	0.9795895849392847	0.9883929106809345	0.9721728169769261	0.9764194405258786	0.9742556523514205	0.9779137691311843	0.9779956273753678	0.973979286082433	0.9749680182255174	0.9757279302680123	0.9783109969049135	0.9768536582723387	0.9770572097842283	0.974300232851036	0.9770123897678359	0.973980560130537	0.9791302300921844	0.9742093775783545	0.9794907563498589	0.9770584247295424	0.9768159060056192	1.0	0.9755689901819631	0.9747899119037244
0.9717986431212896	0.9644882991754347	0.9665993734876833	0.9792165649603405	0.973743774532578	0.973637471678796	0.9689859440166492	0.9714377093159204	0.9724503548288551	0.972782198472027	0.9739323839890616	0.9724759939911312	0.9768279005602085	0.9862657471480163	0.973050653419983	0.9732040607708109	0.974660227211333	0.9706170598955345	0.9731946386665548	0.9678227104543257	0.974532611889245	0.9716786997224868	0.9748683778749127	0.972943189097748	0.9731104548040017	0.9755689901819631	1.0	0.9865319032990733
0.9714648196981318	0.9644687255918536	0.9657477766255947	0.9793781203839913	0.9745590072553145	0.9729262070418535	0.9698742166719136	0.9711183456939995	0.9705033658307556	0.9725094854554366	0.9742329612742459	0.9720403299934816	0.9780345882032966	0.9941291472579498	0.9729642437179717	0.9728249023161538	0.9723686932142069	0.9720340080146814	0.9706390017007752	0.9662661752551805	0.9755259832304564	0.9701935713091518	0.9751061799192363	0.9717578901735173	0.9737881151423312	0.9747899119037244	0.9865319032990733	1.0
