/home/jshaw/scratch/2022_sketched_distance/references/SGB_genome_fastas_part4/14238/BackhedF_2015__SID335_M__bin.68.fa	/home/jshaw/scratch/2022_sketched_distance/references/SGB_genome_fastas_part4/14238/Bengtsson-PalmeJ_2015__TRAVELRES11__bin.68.fa	/home/jshaw/scratch/2022_sketched_distance/references/SGB_genome_fastas_part4/14238/BritoIL_2016__M1.15.ST__bin.73.fa	/home/jshaw/scratch/2022_sketched_distance/references/SGB_genome_fastas_part4/14238/BritoIL_2016__M1.3.ST__bin.37.fa	/home/jshaw/scratch/2022_sketched_distance/references/SGB_genome_fastas_part4/14238/BritoIL_2016__M2.49.ST__bin.75.fa	/home/jshaw/scratch/2022_sketched_distance/references/SGB_genome_fastas_part4/14238/ChengpingW_2017__AS67raw__bin.51.fa	/home/jshaw/scratch/2022_sketched_distance/references/SGB_genome_fastas_part4/14238/ChengpingW_2017__AS78raw__bin.26.fa	/home/jshaw/scratch/2022_sketched_distance/references/SGB_genome_fastas_part4/14238/CM_madagascar__A08_01_1FE__bin.70.fa	/home/jshaw/scratch/2022_sketched_distance/references/SGB_genome_fastas_part4/14238/CM_madagascar__A39_01_1FE__bin.25.fa	/home/jshaw/scratch/2022_sketched_distance/references/SGB_genome_fastas_part4/14238/CM_madagascar__A91_01_1FE__bin.7.fa	/home/jshaw/scratch/2022_sketched_distance/references/SGB_genome_fastas_part4/14238/CosteaPI_2017__SID713A014-11-0-0__bin.30.fa	/home/jshaw/scratch/2022_sketched_distance/references/SGB_genome_fastas_part4/14238/CosteaPI_2017__SID713A055-11-90-0__bin.41.fa	/home/jshaw/scratch/2022_sketched_distance/references/SGB_genome_fastas_part4/14238/CosteaPI_2017__SID713A056-11-90-0__bin.34.fa	/home/jshaw/scratch/2022_sketched_distance/references/SGB_genome_fastas_part4/14238/CosteaPI_2017__SID713B014-11-0-0__bin.75.fa	/home/jshaw/scratch/2022_sketched_distance/references/SGB_genome_fastas_part4/14238/CosteaPI_2017__SID713B014-11-90-0__bin.30.fa	/home/jshaw/scratch/2022_sketched_distance/references/SGB_genome_fastas_part4/14238/CosteaPI_2017__SID713B066-11-0-0__bin.59.fa	/home/jshaw/scratch/2022_sketched_distance/references/SGB_genome_fastas_part4/14238/CosteaPI_2017__SID713B066-11-90-0__bin.49.fa	/home/jshaw/scratch/2022_sketched_distance/references/SGB_genome_fastas_part4/14238/LeChatelierE_2013__MH0063__bin.4.fa	/home/jshaw/scratch/2022_sketched_distance/references/SGB_genome_fastas_part4/14238/LeChatelierE_2013__MH0430__bin.16.fa	/home/jshaw/scratch/2022_sketched_distance/references/SGB_genome_fastas_part4/14238/LiJ_2014__MH0357__bin.7.fa	/home/jshaw/scratch/2022_sketched_distance/references/SGB_genome_fastas_part4/14238/LiJ_2014__MH0402__bin.26.fa	/home/jshaw/scratch/2022_sketched_distance/references/SGB_genome_fastas_part4/14238/LiJ_2014__O2.UC24-1__bin.30.fa	/home/jshaw/scratch/2022_sketched_distance/references/SGB_genome_fastas_part4/14238/LiJ_2017__H1M513729__bin.50.fa	/home/jshaw/scratch/2022_sketched_distance/references/SGB_genome_fastas_part4/14238/LiJ_2017__H2M614904__bin.68.fa	/home/jshaw/scratch/2022_sketched_distance/references/SGB_genome_fastas_part4/14238/LiJ_2017__H3M516751__bin.20.fa	/home/jshaw/scratch/2022_sketched_distance/references/SGB_genome_fastas_part4/14238/LiuW_2016__SRR3992961__bin.139.fa	/home/jshaw/scratch/2022_sketched_distance/references/SGB_genome_fastas_part4/14238/LiuW_2016__SRR3992978__bin.28.fa	/home/jshaw/scratch/2022_sketched_distance/references/SGB_genome_fastas_part4/14238/LiuW_2016__SRR3993017__bin.46.fa	/home/jshaw/scratch/2022_sketched_distance/references/SGB_genome_fastas_part4/14238/LiuW_2016__SRR3993048__bin.89.fa	/home/jshaw/scratch/2022_sketched_distance/references/SGB_genome_fastas_part4/14238/LoombaR_2017__SID0012_qdz__bin.20.fa	/home/jshaw/scratch/2022_sketched_distance/references/SGB_genome_fastas_part4/14238/NielsenHB_2014__MH0063__bin.7.fa	/home/jshaw/scratch/2022_sketched_distance/references/SGB_genome_fastas_part4/14238/NielsenHB_2014__O2_UC24_2__bin.22.fa	/home/jshaw/scratch/2022_sketched_distance/references/SGB_genome_fastas_part4/14238/QinN_2014__HD-35__bin.38.fa	/home/jshaw/scratch/2022_sketched_distance/references/SGB_genome_fastas_part4/14238/SchirmerM_2016__G88801__bin.13.fa	/home/jshaw/scratch/2022_sketched_distance/references/SGB_genome_fastas_part4/14238/WenC_2017__N041__bin.34.fa	/home/jshaw/scratch/2022_sketched_distance/references/SGB_genome_fastas_part4/14238/XieH_2016__YSZC12003_35989__bin.106.fa	/home/jshaw/scratch/2022_sketched_distance/references/SGB_genome_fastas_part4/14238/XieH_2016__YSZC12003_37100__bin.78.fa	/home/jshaw/scratch/2022_sketched_distance/references/SGB_genome_fastas_part4/14238/XieH_2016__YSZC12003_37652__bin.105.fa	/home/jshaw/scratch/2022_sketched_distance/references/SGB_genome_fastas_part4/14238/ZeeviD_2015__PNP_Main_107__bin.49.fa	/home/jshaw/scratch/2022_sketched_distance/references/SGB_genome_fastas_part4/14238/ZeeviD_2015__PNP_Main_256__bin.32.fa	/home/jshaw/scratch/2022_sketched_distance/references/SGB_genome_fastas_part4/14238/ZeeviD_2015__PNP_Main_313__bin.25.fa	/home/jshaw/scratch/2022_sketched_distance/references/SGB_genome_fastas_part4/14238/ZeeviD_2015__PNP_Main_393__bin.10.fa	/home/jshaw/scratch/2022_sketched_distance/references/SGB_genome_fastas_part4/14238/ZeeviD_2015__PNP_Main_438__bin.46.fa	/home/jshaw/scratch/2022_sketched_distance/references/SGB_genome_fastas_part4/14238/ZeeviD_2015__PNP_Main_46__bin.29.fa	/home/jshaw/scratch/2022_sketched_distance/references/SGB_genome_fastas_part4/14238/ZeeviD_2015__PNP_Main_597__bin.40.fa	/home/jshaw/scratch/2022_sketched_distance/references/SGB_genome_fastas_part4/14238/ZeeviD_2015__PNP_Main_634__bin.3.fa	/home/jshaw/scratch/2022_sketched_distance/references/SGB_genome_fastas_part4/14238/ZeeviD_2015__PNP_Main_643__bin.11.fa	/home/jshaw/scratch/2022_sketched_distance/references/SGB_genome_fastas_part4/14238/ZeeviD_2015__PNP_Main_650__bin.39.fa	/home/jshaw/scratch/2022_sketched_distance/references/SGB_genome_fastas_part4/14238/ZeeviD_2015__PNP_Validation_66__bin.3.fa
1.0	0.9901925612650753	0.9927829054846817	0.9885760257001239	0.9935028653532978	0.991874742305639	0.9919322389730167	0.992754899533352	0.9886453813072065	0.9908520136352931	0.9875328185172534	0.9905538943133453	0.9919609498562681	0.9923319405530553	0.9923035500856981	0.9901319526739164	0.9926145131303005	0.9894268328774094	0.9891154940883874	0.9915276463785468	0.9899494561954588	0.9910296020499738	0.9894939229614547	0.9917016499039704	0.9914402998865216	0.9867847577719666	0.9891154940883874	0.9915857493916588	0.9895814069696769	0.9907628600762322	0.9861509796196294	0.9917594481275035	0.9887695911507618	0.9833767860513276	0.9907926046777367	0.9907330886608757	0.9912355890797286	0.9877747725365477	0.9904338888546452	0.9926988164244063	0.9917594481275035	0.9917305616475736	0.9921897438988897	0.9911180395150264	0.9920469332321198	0.9911180395150264	0.986976097173987	0.9851219023774995	0.9920755447453792
0.9901925612650753	1.0	0.9903224505826635	0.9911833626245362	0.9890113018027333	0.9898195491005748	0.9894326403632916	0.9886596526436997	0.9922411554125901	0.9911633088063995	0.9919324891028575	0.99024041090269	0.9884764886849969	0.988596524790983	0.9894542119839116	0.9896247346563133	0.9899348983185754	0.9963185925475802	0.9926182745377568	0.9918216209782417	0.9961685429612832	0.989335672988627	0.9933939951383337	0.9907567050462688	0.9886597187569008	0.9910288111346127	0.9921677335590011	0.9897038788237362	0.991294281963429	0.9904733342698773	0.9954115509027694	0.990162947309657	0.9920530907874763	0.9932796403827788	0.9904740171942178	0.9914890888846868	0.9922020771323933	0.9919414526894655	0.9964277382802121	0.9905575824836612	0.9914696830560679	0.9923085658467555	0.9905959803206411	0.9909196877476247	0.9902300267597961	0.9911264987157926	0.9912922515123789	0.9899496652603244	0.9906942048728028
0.9927829054846817	0.9903224505826635	1.0	0.998314528336734	0.999055885593791	0.9923217341339612	0.9918903228650965	0.992969544126366	0.9941993626919197	0.9937961991172883	0.9937896915243962	0.991836773295821	0.9923893402180733	0.9925913334256886	0.9925241392950809	0.9923028044228719	0.992640105017377	0.9928879626248561	0.9933901767745643	0.9934435511782829	0.992705387166515	0.9905729217539916	0.9950463198605051	0.992924658202528	0.9914068577898646	0.9923185949155011	0.9936673749765558	0.9918903228650965	0.9926026544518182	0.9921147896977642	0.9916508710545723	0.9913053174571735	0.9942888845734504	0.9902855540415236	0.9928132534967826	0.9933987651854116	0.9944245707989641	0.9929640171781876	0.9930614658543218	0.9982027919315345	0.9938799055408494	0.9936599234824841	0.9927919023664583	0.9923332289859422	0.9924343343014708	0.9925892637419744	0.9922885285739358	0.9920440118526203	0.9921861060034042
0.9885760257001239	0.9911833626245362	0.998314528336734	1.0	0.999039151340681	0.9931236501063845	0.9932604206564769	0.9938354744571662	0.9818386135151226	0.9919731902677217	0.9878203199185902	0.9916523567809411	0.9933626290596471	0.9935998955876325	0.9935661042671481	0.991937695463561	0.9937010631873757	0.9902622960325435	0.9895828451893193	0.9931921060104055	0.9910377072130613	0.9923260585198368	0.981727681331525	0.9931236501063845	0.992951888427585	0.9809816446513293	0.9911106151904238	0.9929174288758202	0.9910377072130613	0.9927792307523255	0.9842092602487088	0.992951888427585	0.9903369342647701	0.980049119676573	0.9923611391631617	0.9919731902677217	0.9925708453620141	0.9887329366192122	0.9912196763621826	0.9979313954968712	0.9929174288758202	0.9935998955876325	0.9935661042671481	0.9925359865103143	0.9934984180165065	0.9920440657746787	0.9819034716262539	0.9844775971721169	0.9931921060104055
0.9935028653532978	0.9890113018027333	0.999055885593791	0.999039151340681	1.0	0.99247187366267	0.9927348454362701	0.9918844290878114	0.9944519232138943	0.9938684314578655	0.9939304910607203	0.9921657046468185	0.9915112382825895	0.9918797486412305	0.9926745964353118	0.9927367732684793	0.9931070287737415	0.993113102541114	0.9936783228992042	0.9937404308256411	0.9929738061999683	0.990928164699382	0.9951841890432075	0.9934961868254364	0.9911218358962957	0.9925636476230778	0.993919205398813	0.9915410443932361	0.993010634750515	0.9923494497487134	0.9923444926207436	0.991723723205812	0.9946933704174904	0.9904631395987813	0.9935732829923534	0.9937537061990517	0.9945424691805078	0.9931810178197253	0.9932550456758337	0.9986043037379019	0.9943370482048411	0.9939553938812979	0.9931035295618831	0.992677370239209	0.9924012023715914	0.9927997074520953	0.992849940295654	0.9920440118526203	0.9913295043118541
0.991874742305639	0.9898195491005748	0.9923217341339612	0.9931236501063845	0.99247187366267	1.0	0.9959090275361672	0.9919081724254459	0.9928628799179603	0.9924432254536901	0.9953873113531786	0.9907323555399378	0.991149058655602	0.9987284951110812	0.9986172160595972	0.9916409842108772	0.9918698770440025	0.9927370139907924	0.9924562978091155	0.9923474430940629	0.9924100615596972	0.9899964610002085	0.9997610788275696	0.9985721745002615	0.9919990128071515	0.9910653265700868	0.9924574195441095	0.991149058655602	0.9922933336768002	0.9911106151904238	0.9915551487073009	0.9904522661757427	0.9988671341045063	0.9895654991797552	0.998978243410586	0.9988087740660427	0.9930746267591156	0.9924428655238732	0.9926708763721869	0.9928954494796615	0.9934863123052394	0.9925691338548637	0.9915384187109558	0.9916340139052315	0.9911257807697335	0.9919736855625756	0.9913311302970789	0.9926626088038459	0.9913115462624928
0.9919322389730167	0.9894326403632916	0.9918903228650965	0.9932604206564769	0.9927348454362701	0.9959090275361672	1.0	0.9914256714311273	0.9925090406557102	0.9919116828334967	0.9950358579153961	0.990585540242522	0.9906334037967182	0.9964372613467443	0.9962586487791555	0.9914174001449895	0.9914315103576369	0.9923820992733935	0.9924562978091155	0.9919898366960768	0.992236562872926	0.9895574096365698	0.9976153201258955	0.9966503498975651	0.9916322478544848	0.9908823444000111	0.9921147896977642	0.9904441930921306	0.9917186209052246	0.9907689927043184	0.9912340569459329	0.9897732008568111	0.9976254226928536	0.9892730183238173	0.9968993187253472	0.996615680315278	0.9930253817515721	0.9921931093219429	0.9923748785772337	0.9922803384183807	0.9928751490446437	0.9925691338548637	0.9909289008146289	0.9914687136521121	0.9905152742318736	0.9915649062491353	0.9916405248600395	0.9923856708275522	0.9907980784382479
0.992754899533352	0.9886596526436997	0.992969544126366	0.9938354744571662	0.9918844290878114	0.9919081724254459	0.9914256714311273	1.0	0.9938595929781777	0.9983604036976558	0.9937332037196787	0.991718500233377	0.9907912265907265	0.9913980718340027	0.9917410014736594	0.9922785273065647	0.9924604818180015	0.9928628522833517	0.993099501201896	0.993236448819128	0.9924594659284993	0.990904600345498	0.9952757845207444	0.9926700251836551	0.9910987935165789	0.991858623314394	0.9931835567596167	0.9909706405052553	0.9923967622984468	0.9916404140542474	0.9919047837601264	0.9912116145929752	0.994059173150916	0.9899634723191478	0.9926929065198836	0.9933749666417194	0.9940683383407026	0.9932350464476565	0.9929885805777111	0.9933438279232082	0.9934163665138045	0.9936599234824841	0.9922052628798161	0.9923793218560365	0.9918602731585026	0.9923538567146568	0.9924767263101177	0.99182474013722	0.9910360625816995
0.9886453813072065	0.9922411554125901	0.9941993626919197	0.9818386135151226	0.9944519232138943	0.9928628799179603	0.9925090406557102	0.9938595929781777	1.0	0.9927306331982687	0.9901118919971656	0.9925534780499264	0.9939022552266101	0.9929068449817544	0.9929068449817544	0.9911473690641505	0.9935594088250838	0.9909614993674204	0.9908214075125797	0.9937312755932884	0.9920162482921014	0.9924645434936276	0.9811007594164164	0.9922411554125901	0.9924645434936276	0.9833997852001565	0.9923306917599767	0.9930821235589425	0.9905394283364689	0.9929507517209559	0.9836334978085952	0.992994600292677	0.9896302640960812	0.9818386135151226	0.9912399132341135	0.99091486807125	0.9929068449817544	0.9892888913171155	0.9921513760237635	0.99411474633047	0.9937312755932884	0.9943258835179165	0.9939448626086714	0.9946192341160945	0.9939448626086714	0.9930821235589425	0.9802638206430565	0.9854455731772789	0.9935594088250838
0.9908520136352931	0.9911633088063995	0.9937961991172883	0.9919731902677217	0.9938684314578655	0.9924432254536901	0.9919116828334967	0.9983604036976558	0.9927306331982687	1.0	0.9919921327067296	0.9914232874984403	0.9924683251824771	0.9925435103127128	0.9925435103127128	0.9907694641053448	0.993138919590997	0.9905749557716111	0.9912155032833267	0.9919881425694342	0.9908222488516993	0.9915525138585711	0.9939698355543541	0.9920898146401732	0.9922417390436904	0.9904761790874572	0.9913645335277659	0.9921658640791291	0.9904014829286323	0.9916812369340787	0.9900849999947167	0.9921658640791291	0.9915596041016917	0.9887548498059506	0.9909275659376218	0.9910849146219918	0.9919881425694342	0.9913466955220925	0.9911633088063995	0.9933838801890311	0.9924934058823808	0.9929663622729777	0.9924934058823808	0.9921405336924505	0.9924934058823808	0.9915782986087336	0.99018464012004	0.9895480576733224	0.9928177365968678
0.9875328185172534	0.9919324891028575	0.9937896915243962	0.9878203199185902	0.9939304910607203	0.9953873113531786	0.9950358579153961	0.9937332037196787	0.9901118919971656	0.9919921327067296	1.0	0.9915421606187743	0.993076572897514	0.9955482734155155	0.9955482734155155	0.991421126306756	0.9938178993457915	0.9909632577506734	0.9898059390343995	0.9927869682402221	0.991662753319541	0.9918128781486765	0.9948152566492763	0.9948450599234158	0.9939304910607203	0.9887604917442904	0.9918128781486765	0.9933636658441439	0.9909325063671484	0.9924360636215888	0.9858484190345396	0.9923182634278382	0.991782907673029	0.9845844814386485	0.9938178993457915	0.9935631599942004	0.9918128781486765	0.9892278968857287	0.9919921327067296	0.9938178993457915	0.9926995903504582	0.9933636658441439	0.9931341910020267	0.9926119811183584	0.9931917089968427	0.9922296371494795	0.9863041418969478	0.9877489064365127	0.992961034937789
0.9905538943133453	0.99024041090269	0.991836773295821	0.9916523567809411	0.9921657046468185	0.9907323555399378	0.990585540242522	0.991718500233377	0.9925534780499264	0.9914232874984403	0.9915421606187743	1.0	0.9920016479754679	0.9911207019594069	0.9909270994732303	0.99040496795709	0.9915760117077804	0.9921005415782302	0.9923478710486185	0.9923948331429712	0.9919370025028836	0.990339388008795	0.9925110096266787	0.9907074234654313	0.9904380692408512	0.9911746313336178	0.9922733676961577	0.9913850664057243	0.9916394712236993	0.9906953258982134	0.9910074216108178	0.9908542049956321	0.9915872141500197	0.9889408463538427	0.990293009031981	0.9910322789652984	0.992151515189658	0.9919695093014349	0.9919007299836422	0.991623576162821	0.9917163062564424	0.9945607713017252	0.9922590872118433	0.9917895148346685	0.9921657046468185	0.991661545366108	0.991408750906756	0.9891755718900984	0.9906834895975785
0.9919609498562681	0.9884764886849969	0.9923893402180733	0.9933626290596471	0.9915112382825895	0.991149058655602	0.9906334037967182	0.9907912265907265	0.9939022552266101	0.9924683251824771	0.993076572897514	0.9920016479754679	1.0	0.9902445123986813	0.9909885077745875	0.991317541841177	0.9917090490867172	0.992963179545019	0.9941958884001025	0.9979816090080427	0.9929981003269898	0.9919029920522113	0.9940173734575267	0.9916553986924731	0.9899017879209556	0.9925636476230778	0.9941691360547578	0.9922349421389624	0.9937623046318311	0.9927214774364712	0.9918731511146417	0.9925900098593976	0.9932817570901914	0.9899274906531373	0.9917636741456713	0.9921132519711872	0.9933685683266912	0.9938236150008918	0.9930371885896027	0.9929856123532296	0.9932760301185495	0.9940683383407026	0.9981874601758937	0.9930179690947207	0.9975467078885606	0.9946137726249764	0.9937649703136066	0.9906083377245121	0.9901164575163887
0.9923319405530553	0.988596524790983	0.9925913334256886	0.9935998955876325	0.9918797486412305	0.9987284951110812	0.9964372613467443	0.9913980718340027	0.9929068449817544	0.9925435103127128	0.9955482734155155	0.9911207019594069	0.9902445123986813	1.0	0.9997883776916117	0.9918630660946669	0.9920982826269009	0.9928879626248561	0.9925913334256886	0.9925130120982358	0.9925334344200236	0.9901415227606831	0.9997210915782784	0.9993412899859092	0.9920530015665668	0.9911746313336178	0.9925882610248115	0.9909706405052553	0.992422569002802	0.9913042535310029	0.9917145322985855	0.9906198719811113	0.9991539829061481	0.9896382159322733	0.9994733850995994	0.9992106011988588	0.9932708774837015	0.9924428655238732	0.9927934315077148	0.9931203978305805	0.9937184037525514	0.9928510688200529	0.9917006168738858	0.9917281013598587	0.9911946173446313	0.9921643174040404	0.991717423080496	0.9926012670512081	0.9907171058031594
0.9923035500856981	0.9894542119839116	0.9925241392950809	0.9935661042671481	0.9926745964353118	0.9986172160595972	0.9962586487791555	0.9917410014736594	0.9929068449817544	0.9925435103127128	0.9955482734155155	0.9909270994732303	0.9909885077745875	0.9997883776916117	1.0	0.9918138433328734	0.9920071096311783	0.9928879626248561	0.9925913334256886	0.9924657911646851	0.9925334344200236	0.9900690715828331	0.9997210915782784	0.9992079706477874	0.9917379829888038	0.9911746313336178	0.9925359865103143	0.99096543523726	0.9923967622984468	0.9912801107082906	0.9916827170018689	0.9905959803206411	0.9991100128250554	0.9896382159322733	0.9992959808369059	0.9990504517169801	0.9932708774837015	0.9924428655238732	0.9927689567645984	0.9930530736951605	0.993672115389581	0.9928276657672302	0.99165435569977	0.9917046045904626	0.9911714228236231	0.992140548433628	0.991717423080496	0.9924474132513765	0.9911495658928471
0.9901319526739164	0.9896247346563133	0.9923028044228719	0.991937695463561	0.9927367732684793	0.9916409842108772	0.9914174001449895	0.9922785273065647	0.9911473690641505	0.9907694641053448	0.991421126306756	0.99040496795709	0.991317541841177	0.9918630660946669	0.9918138433328734	1.0	0.9991816574243626	0.9907360819763381	0.9908197808576686	0.990813672347358	0.9900537363147407	0.9899129666502021	0.9916038098306861	0.9915666241166204	0.9909909022103354	0.9897626310674247	0.9904857063715877	0.991317541841177	0.9898762791434035	0.9901987027021159	0.9894781054277143	0.9905843989053319	0.991365685221783	0.9875776271354462	0.9902151292381024	0.990491225197205	0.9916929445759299	0.9907119173592687	0.990383463519106	0.992156873710635	0.991591429406903	0.9916657337811876	0.9911922930910011	0.9912424495780028	0.9911169153056306	0.9908390491971772	0.9901443870702806	0.9882430378406907	0.9917645471754465
0.9926145131303005	0.9899348983185754	0.992640105017377	0.9937010631873757	0.9931070287737415	0.9918698770440025	0.9914315103576369	0.9924604818180015	0.9935594088250838	0.993138919590997	0.9938178993457915	0.9915760117077804	0.9917090490867172	0.9920982826269009	0.9920071096311783	0.9991816574243626	1.0	0.9928125743719213	0.9933111543674621	0.992724676228039	0.9925087966272137	0.9902493271472057	0.9942068459878967	0.9925069598003673	0.9909401370225278	0.9919653399024746	0.992900185636447	0.9914779289583916	0.9922933336768002	0.9914006488151531	0.9918414881754865	0.990834122628927	0.9938020564745518	0.9900353181635078	0.9922559964195595	0.9929918448985621	0.9942112911460356	0.9931539704047813	0.9929885805777111	0.9930306018544152	0.9939029130862947	0.9933617935453609	0.9917698874741754	0.9918219217857024	0.9915242824543743	0.9925657982736973	0.9920992538977994	0.9914136219761452	0.991892788732792
0.9894268328774094	0.9963185925475802	0.9928879626248561	0.9902622960325435	0.993113102541114	0.9927370139907924	0.9923820992733935	0.9928628522833517	0.9909614993674204	0.9905749557716111	0.9909632577506734	0.9921005415782302	0.992963179545019	0.9928879626248561	0.9928879626248561	0.9907360819763381	0.9928125743719213	1.0	0.9912435886137589	0.9930632036187113	0.9955400017007846	0.9923055482020637	0.9924114298324636	0.9927874067430069	0.9921519124910779	0.99017761589833	0.9911197173846423	0.9929882139144733	0.9904562845180919	0.9922544155527456	0.9971566636645688	0.9930132293638834	0.9910025027750369	0.9914747192263695	0.9909497013098411	0.9915301302549093	0.9918942561516763	0.9911172758817364	0.9955631640293673	0.9926865443812722	0.9924584736021291	0.9934603049225166	0.9932126753097497	0.9930881624820319	0.9931629263616336	0.9924330350793997	0.9904650453525384	0.9885221057803665	0.9925092920399676
0.9891154940883874	0.9926182745377568	0.9933901767745643	0.9895828451893193	0.9936783228992042	0.9924562978091155	0.9924562978091155	0.993099501201896	0.9908214075125797	0.9912155032833267	0.9898059390343995	0.9923478710486185	0.9941958884001025	0.9925913334256886	0.9925913334256886	0.9908197808576686	0.9933111543674621	0.9912435886137589	1.0	0.9940156587031796	0.9924292244183988	0.9941702012374968	0.9909848762667134	0.9920478516330914	0.992402128852734	0.9910288111346127	0.991827933266387	0.9944516709394655	0.9926720910417526	0.9936261188201734	0.9892733003710561	0.9947054948893256	0.9895442761268469	0.9874614368471055	0.9909049785159767	0.9915509619953076	0.9926451937310349	0.9909441595773866	0.9926451937310349	0.9933375161299445	0.9926182745377568	0.9939381162940492	0.9942472030714634	0.9932319429113438	0.9942215556676559	0.9933111543674621	0.9899423820750995	0.986590808436707	0.9926182745377568
0.9915276463785468	0.9918216209782417	0.9934435511782829	0.9931921060104055	0.9937404308256411	0.9923474430940629	0.9919898366960768	0.993236448819128	0.9937312755932884	0.9919881425694342	0.9927869682402221	0.9923948331429712	0.9979816090080427	0.9925130120982358	0.9924657911646851	0.990813672347358	0.992724676228039	0.9930632036187113	0.9940156587031796	1.0	0.9924841404726544	0.9930048053723147	0.9938268112152381	0.9916525449855289	0.9915069311842524	0.992876071769626	0.9938438570808398	0.9941246862414582	0.9937127206331007	0.9927715293927137	0.9919363861708158	0.9934435511782829	0.9926731264904428	0.9896382159322733	0.9913393573114703	0.9918151239339292	0.993050013413004	0.9937439688936907	0.9928911498768603	0.9934664827971722	0.992780114263424	0.9935684767130397	0.9982803841847846	0.9934435511782829	0.9982407021674384	0.9941471513216095	0.9938010508086546	0.9900824554803305	0.9926542718587079
0.9899494561954588	0.9961685429612832	0.992705387166515	0.9910377072130613	0.9929738061999683	0.9924100615596972	0.992236562872926	0.9924594659284993	0.9920162482921014	0.9908222488516993	0.991662753319541	0.9919370025028836	0.9929981003269898	0.9925334344200236	0.9925334344200236	0.9900537363147407	0.9925087966272137	0.9955400017007846	0.9924292244183988	0.9924841404726544	1.0	0.9921120756558512	0.9936831667068133	0.9919871180591437	0.9917609974204361	0.9911746313336178	0.9920086470104622	0.9929981003269898	0.991294281963429	0.9920371577746396	0.9943715338714259	0.9926808771315642	0.9916148011541247	0.9928210698260043	0.9904757939715155	0.9911760064466965	0.9918720341152146	0.9917443869282844	0.9956737749672567	0.9926563489280205	0.9920371577746396	0.993070875906728	0.9928764509796295	0.9928764509796295	0.9928032461663295	0.9925826550314636	0.991408750906756	0.9892096086276106	0.9919370025028836
0.9910296020499738	0.989335672988627	0.9905729217539916	0.9923260585198368	0.990928164699382	0.9899964610002085	0.9895574096365698	0.990904600345498	0.9924645434936276	0.9915525138585711	0.9918128781486765	0.990339388008795	0.9919029920522113	0.9901415227606831	0.9900690715828331	0.9899129666502021	0.9902493271472057	0.9923055482020637	0.9941702012374968	0.9930048053723147	0.9921120756558512	1.0	0.9924612571975269	0.9907074234654313	0.9891621744729671	0.9916082700978397	0.9934645229426254	0.9923347152025217	0.9928836803495711	0.9920204574809514	0.9918414881754865	0.9975929302193298	0.9919167483848563	0.9896745142862361	0.990654038392782	0.9910067144930361	0.9925288591276015	0.9933159244325614	0.99244912667482	0.9911815150965605	0.9915191551323382	0.9923560947646577	0.9918620230685916	0.9911116898138262	0.9916273915653423	0.9922355219918257	0.9923262538768789	0.9896489188373286	0.9896554827968459
0.9894939229614547	0.9933939951383337	0.9950463198605051	0.981727681331525	0.9951841890432075	0.9997610788275696	0.9976153201258955	0.9952757845207444	0.9811007594164164	0.9939698355543541	0.9948152566492763	0.9925110096266787	0.9940173734575267	0.9997210915782784	0.9997210915782784	0.9916038098306861	0.9942068459878967	0.9924114298324636	0.9909848762667134	0.9938268112152381	0.9936831667068133	0.9924612571975269	1.0	0.999237463514288	0.9953671278077438	0.9844409253213103	0.9927092745443286	0.9939222293462998	0.9910368992125238	0.9934906664839644	0.982477959842356	0.9935870564533639	0.9952757845207444	0.9822750377122779	0.9980388521580268	0.9978277602747102	0.9941595793231746	0.9909327712614322	0.9935870564533639	0.9948615982633512	0.994722378677996	0.9943011775559955	0.9939222293462998	0.9938745546335076	0.9939222293462998	0.9937311174548621	0.9813808756638464	0.9895483475894968	0.9948152566492763
0.9917016499039704	0.9907567050462688	0.992924658202528	0.9931236501063845	0.9934961868254364	0.9985721745002615	0.9966503498975651	0.9926700251836551	0.9922411554125901	0.9920898146401732	0.9948450599234158	0.9907074234654313	0.9916553986924731	0.9993412899859092	0.9992079706477874	0.9915666241166204	0.9925069598003673	0.9927874067430069	0.9920478516330914	0.9916525449855289	0.9919871180591437	0.9907074234654313	0.999237463514288	1.0	0.9925536319752691	0.9908456260107258	0.9919554476285105	0.9918465387181591	0.9916394712236993	0.9905591359038037	0.9911694624789098	0.9912212488459579	0.9983309851599883	0.9891626657541188	0.9980474850931101	0.9983200907832768	0.9928524449549718	0.9919695093014349	0.9921760649810525	0.9927396650884335	0.9927563128642748	0.992260968535335	0.9917749906548983	0.9913666001112776	0.9917511068490784	0.9911754988983462	0.9912533269286513	0.9913817846703081	0.9920128845275609
0.9914402998865216	0.9886597187569008	0.9914068577898646	0.992951888427585	0.9911218358962957	0.9919990128071515	0.9916322478544848	0.9910987935165789	0.9924645434936276	0.9922417390436904	0.9939304910607203	0.9904380692408512	0.9899017879209556	0.9920530015665668	0.9917379829888038	0.9909909022103354	0.9909401370225278	0.9921519124910779	0.992402128852734	0.9915069311842524	0.9917609974204361	0.9891621744729671	0.9953671278077438	0.9925536319752691	1.0	0.9913198107737127	0.9920882859484964	0.9897820638036874	0.991823859883765	0.9907444553562249	0.9915551487073009	0.989527250482637	0.9943651025838726	0.9891626657541188	0.9931479153770671	0.9936358146735426	0.9927780516617822	0.9919414526894655	0.9918755854698271	0.9918405217106794	0.9920585166606869	0.9921655679293978	0.990691443419999	0.9908956088290877	0.9903253833741089	0.990806213544857	0.991408750906756	0.9983377080234457	0.9897100202417216
0.9867847577719666	0.9910288111346127	0.9923185949155011	0.9809816446513293	0.9925636476230778	0.9910653265700868	0.9908823444000111	0.991858623314394	0.9833997852001565	0.9904761790874572	0.9887604917442904	0.9911746313336178	0.9925636476230778	0.9911746313336178	0.9911746313336178	0.9897626310674247	0.9919653399024746	0.99017761589833	0.9910288111346127	0.992876071769626	0.9911746313336178	0.9916082700978397	0.9844409253213103	0.9908456260107258	0.9913198107737127	1.0	0.9945600415796986	0.9955308283936339	0.9954350182210984	0.9954350182210984	0.9829078079490026	0.9923887954030821	0.989149542594495	0.9803304057627855	0.9898005733639602	0.990064954771759	0.9912109860408511	0.9894958060383571	0.9912109860408511	0.9921424390721397	0.9911746313336178	0.9925985074462634	0.9927028670928435	0.9919298059634527	0.9927375806279767	0.9921424390721397	0.9811177828872994	0.983094336203961	0.9909922552910491
0.9891154940883874	0.9921677335590011	0.9936673749765558	0.9911106151904238	0.993919205398813	0.9924574195441095	0.9921147896977642	0.9931835567596167	0.9923306917599767	0.9913645335277659	0.9918128781486765	0.9922733676961577	0.9941691360547578	0.9925882610248115	0.9925359865103143	0.9904857063715877	0.992900185636447	0.9911197173846423	0.991827933266387	0.9938438570808398	0.9920086470104622	0.9934645229426254	0.9927092745443286	0.9919554476285105	0.9920882859484964	0.9945600415796986	1.0	0.9978423500760478	0.9947124378433753	0.9981750484765857	0.9888944883135418	0.9944912532267962	0.9900622319842765	0.9883419244023012	0.9908730735297993	0.9907076151165733	0.9918754877206767	0.9916878659899415	0.9922733676961577	0.9934390788505502	0.9922469907742887	0.9938187028437349	0.9942685828819888	0.9932860023515181	0.99424374913739	0.9933371065221603	0.9907826192181013	0.9877133259815949	0.9924311890367883
0.9915857493916588	0.9897038788237362	0.9918903228650965	0.9929174288758202	0.9915410443932361	0.991149058655602	0.9904441930921306	0.9909706405052553	0.9930821235589425	0.9921658640791291	0.9933636658441439	0.9913850664057243	0.9922349421389624	0.9909706405052553	0.99096543523726	0.991317541841177	0.9914779289583916	0.9929882139144733	0.9944516709394655	0.9941246862414582	0.9929981003269898	0.9923347152025217	0.9939222293462998	0.9918465387181591	0.9897820638036874	0.9955308283936339	0.9978423500760478	1.0	0.9969261052359993	0.9968671918448595	0.9918414881754865	0.9931699268263537	0.9932817570901914	0.9902855540415236	0.9920599462154447	0.9922120336746534	0.993319758933993	0.9940614108613917	0.993447500244446	0.9922112813703668	0.9935095947770811	0.9935226584679048	0.9928812385084045	0.9927001862135629	0.9925350636161518	0.9930782334607128	0.9926265174333521	0.9904448976164152	0.990993646742968
0.9895814069696769	0.991294281963429	0.9926026544518182	0.9910377072130613	0.993010634750515	0.9922933336768002	0.9917186209052246	0.9923967622984468	0.9905394283364689	0.9904014829286323	0.9909325063671484	0.9916394712236993	0.9937623046318311	0.992422569002802	0.9923967622984468	0.9898762791434035	0.9922933336768002	0.9904562845180919	0.9926720910417526	0.9937127206331007	0.991294281963429	0.9928836803495711	0.9910368992125238	0.9916394712236993	0.991823859883765	0.9954350182210984	0.9947124378433753	0.9969261052359993	1.0	0.9963124258010051	0.9898503101380597	0.9933384554362792	0.9908335238945062	0.9878854779157029	0.990701772245662	0.9911337394733376	0.9916394712236993	0.9918852679425222	0.991347623252257	0.992653927909452	0.9919025698559554	0.9927817650304932	0.9937375219102152	0.9928327619214444	0.9936382051857291	0.9929345205599506	0.9903051055662273	0.9872472460534287	0.9920072258611456
0.9907628600762322	0.9904733342698773	0.9921147896977642	0.9927792307523255	0.9923494497487134	0.9911106151904238	0.9907689927043184	0.9916404140542474	0.9929507517209559	0.9916812369340787	0.9924360636215888	0.9906953258982134	0.9927214774364712	0.9913042535310029	0.9912801107082906	0.9901987027021159	0.9914006488151531	0.9922544155527456	0.9936261188201734	0.9927715293927137	0.9920371577746396	0.9920204574809514	0.9934906664839644	0.9905591359038037	0.9907444553562249	0.9954350182210984	0.9981750484765857	0.9968671918448595	0.9963124258010051	1.0	0.9911371178258971	0.9926752021002628	0.9920530907874763	0.9900353181635078	0.9908330835087994	0.9908785945137635	0.9925038363390071	0.9933966053408059	0.9924243958206965	0.9920204574809514	0.9920098457728054	0.9926868988223049	0.9927907693302135	0.9919495312991229	0.9927445908595326	0.992092959181371	0.9920992538977994	0.9893792673138987	0.9912317720776139
0.9861509796196294	0.9954115509027694	0.9916508710545723	0.9842092602487088	0.9923444926207436	0.9915551487073009	0.9912340569459329	0.9919047837601264	0.9836334978085952	0.9900849999947167	0.9858484190345396	0.9910074216108178	0.9918731511146417	0.9917145322985855	0.9916827170018689	0.9894781054277143	0.9918414881754865	0.9971566636645688	0.9892733003710561	0.9919363861708158	0.9943715338714259	0.9918414881754865	0.982477959842356	0.9911694624789098	0.9915551487073009	0.9829078079490026	0.9888944883135418	0.9918414881754865	0.9898503101380597	0.9911371178258971	1.0	0.992062494637103	0.9889291062014246	0.9849215267822843	0.9903180327007869	0.9908772141754839	0.9908445819574648	0.9877312029979098	0.9948667196281421	0.9915551487073009	0.9912985253789836	0.9924690574539113	0.9921253689796206	0.9919995005224478	0.9921253689796206	0.9913307124888279	0.9833214729042496	0.981508198238043	0.9912985253789836
0.9917594481275035	0.990162947309657	0.9913053174571735	0.992951888427585	0.991723723205812	0.9904522661757427	0.9897732008568111	0.9912116145929752	0.992994600292677	0.9921658640791291	0.9923182634278382	0.9908542049956321	0.9925900098593976	0.9906198719811113	0.9905959803206411	0.9905843989053319	0.990834122628927	0.9930132293638834	0.9947054948893256	0.9934435511782829	0.9926808771315642	0.9975929302193298	0.9935870564533639	0.9912212488459579	0.989527250482637	0.9923887954030821	0.9944912532267962	0.9931699268263537	0.9933384554362792	0.9926752021002628	0.992062494637103	1.0	0.9922970994514674	0.9902142514555877	0.9908330835087994	0.9914133911024873	0.9931483571819139	0.9937439688936907	0.9931099670340705	0.9917238015049001	0.992228302873439	0.9931074161112484	0.9924998829064483	0.991610450136995	0.9924095097551124	0.9926595604602471	0.9930718649482488	0.9901155697163946	0.9904762620162476
0.9887695911507618	0.9920530907874763	0.9942888845734504	0.9903369342647701	0.9946933704174904	0.9988671341045063	0.9976254226928536	0.994059173150916	0.9896302640960812	0.9915596041016917	0.991782907673029	0.9915872141500197	0.9932817570901914	0.9991539829061481	0.9991100128250554	0.991365685221783	0.9938020564745518	0.9910025027750369	0.9895442761268469	0.9926731264904428	0.9916148011541247	0.9919167483848563	0.9952757845207444	0.9983309851599883	0.9943651025838726	0.989149542594495	0.9900622319842765	0.9932817570901914	0.9908335238945062	0.9920530907874763	0.9889291062014246	0.9922970994514674	1.0	0.9859530350802886	0.9971854640536308	0.9976713972817697	0.9923780372677458	0.9891916769239204	0.9917523918754166	0.9941103579191559	0.9935429285379492	0.9931240596261487	0.9931503947568928	0.9929920687881733	0.9930977035284978	0.9923241007346845	0.9886615605511334	0.9890048591452012	0.9932817570901914
0.9833767860513276	0.9932796403827788	0.9902855540415236	0.980049119676573	0.9904631395987813	0.9895654991797552	0.9892730183238173	0.9899634723191478	0.9818386135151226	0.9887548498059506	0.9845844814386485	0.9889408463538427	0.9899274906531373	0.9896382159322733	0.9896382159322733	0.9875776271354462	0.9900353181635078	0.9914747192263695	0.9874614368471055	0.9896382159322733	0.9928210698260043	0.9896745142862361	0.9822750377122779	0.9891626657541188	0.9891626657541188	0.9803304057627855	0.9883419244023012	0.9902855540415236	0.9878854779157029	0.9900353181635078	0.9849215267822843	0.9902142514555877	0.9859530350802886	1.0	0.9880383306729066	0.988152506481172	0.9890149521081014	0.9864768898638747	0.9926557425642198	0.9900711825149694	0.9890149521081014	0.9905339072141062	0.9901070079342131	0.989492621768512	0.9899274906531373	0.989492621768512	0.9794316148429504	0.9809612509624216	0.9890519426105058
0.9907926046777367	0.9904740171942178	0.9928132534967826	0.9923611391631617	0.9935732829923534	0.998978243410586	0.9968993187253472	0.9926929065198836	0.9912399132341135	0.9909275659376218	0.9938178993457915	0.990293009031981	0.9917636741456713	0.9994733850995994	0.9992959808369059	0.9902151292381024	0.9922559964195595	0.9909497013098411	0.9909049785159767	0.9913393573114703	0.9904757939715155	0.990654038392782	0.9980388521580268	0.9980474850931101	0.9931479153770671	0.9898005733639602	0.9908730735297993	0.9920599462154447	0.990701772245662	0.9908330835087994	0.9903180327007869	0.9908330835087994	0.9971854640536308	0.9880383306729066	1.0	0.9967234599377135	0.991538663216494	0.9908282426018751	0.9907238136908303	0.9928132534967826	0.9919861267061311	0.9915646740214961	0.9919368219856977	0.9914897390042091	0.9918379914270233	0.9910365250148174	0.9902649992469534	0.9909005067257949	0.9920599462154447
0.9907330886608757	0.9914890888846868	0.9933987651854116	0.9919731902677217	0.9937537061990517	0.9988087740660427	0.996615680315278	0.9933749666417194	0.99091486807125	0.9910849146219918	0.9935631599942004	0.9910322789652984	0.9921132519711872	0.9992106011988588	0.9990504517169801	0.990491225197205	0.9929918448985621	0.9915301302549093	0.9915509619953076	0.9918151239339292	0.9911760064466965	0.9910067144930361	0.9978277602747102	0.9983200907832768	0.9936358146735426	0.990064954771759	0.9907076151165733	0.9922120336746534	0.9911337394733376	0.9908785945137635	0.9908772141754839	0.9914133911024873	0.9976713972817697	0.988152506481172	0.9967234599377135	1.0	0.9921008758265362	0.9910308311312641	0.9914451763263561	0.9937065999284393	0.9923841949160747	0.9922366830692988	0.992187365895454	0.9920141743216576	0.9920637502523183	0.9913375195286273	0.9905447256194735	0.9911580604764614	0.9930399782980555
0.9912355890797286	0.9922020771323933	0.9944245707989641	0.9925708453620141	0.9945424691805078	0.9930746267591156	0.9930253817515721	0.9940683383407026	0.9929068449817544	0.9919881425694342	0.9918128781486765	0.992151515189658	0.9933685683266912	0.9932708774837015	0.9932708774837015	0.9916929445759299	0.9942112911460356	0.9918942561516763	0.9926451937310349	0.993050013413004	0.9918720341152146	0.9925288591276015	0.9941595793231746	0.9928524449549718	0.9927780516617822	0.9912109860408511	0.9918754877206767	0.993319758933993	0.9916394712236993	0.9925038363390071	0.9908445819574648	0.9931483571819139	0.9923780372677458	0.9890149521081014	0.991538663216494	0.9921008758265362	1.0	0.9920255512077417	0.9920247710901993	0.9941875084616834	0.9958350665740267	0.9937082344563943	0.9935145663109382	0.993050013413004	0.9933441726240398	0.9927034907530582	0.991408750906756	0.9900161271617819	0.9957443897339312
