/home/jshaw/scratch/2022_sketched_distance/references/SGB_genome_fastas_part5/14749/CosteaPI_2017__halbarad-11-0-0__bin.8.fa	/home/jshaw/scratch/2022_sketched_distance/references/SGB_genome_fastas_part5/14749/FengQ_2015__SID31416__bin.9.fa	/home/jshaw/scratch/2022_sketched_distance/references/SGB_genome_fastas_part5/14749/FengQ_2015__SID31865__bin.46.fa	/home/jshaw/scratch/2022_sketched_distance/references/SGB_genome_fastas_part5/14749/FerrettiP_2018__CA_C10024IS2415FE_t3M15__bin.7.fa	/home/jshaw/scratch/2022_sketched_distance/references/SGB_genome_fastas_part5/14749/HeQ_2017__RSZAXPI003099-133__bin.4.fa	/home/jshaw/scratch/2022_sketched_distance/references/SGB_genome_fastas_part5/14749/HeQ_2017__RSZAXPI003105-143__bin.39.fa	/home/jshaw/scratch/2022_sketched_distance/references/SGB_genome_fastas_part5/14749/HeQ_2017__SZAXPI029501-104__bin.44.fa	/home/jshaw/scratch/2022_sketched_distance/references/SGB_genome_fastas_part5/14749/LiJ_2014__MH0370__bin.30.fa	/home/jshaw/scratch/2022_sketched_distance/references/SGB_genome_fastas_part5/14749/LiJ_2014__V1.FI10__bin.10.fa	/home/jshaw/scratch/2022_sketched_distance/references/SGB_genome_fastas_part5/14749/LiSS_2016__FAT_010-22-14-0__bin.52.fa	/home/jshaw/scratch/2022_sketched_distance/references/SGB_genome_fastas_part5/14749/LiSS_2016__FAT_010-22-2-0__bin.52.fa	/home/jshaw/scratch/2022_sketched_distance/references/SGB_genome_fastas_part5/14749/LiSS_2016__FAT_010-22-42-0__bin.4.fa	/home/jshaw/scratch/2022_sketched_distance/references/SGB_genome_fastas_part5/14749/NielsenHB_2014__O2_UC19_2__bin.43.fa	/home/jshaw/scratch/2022_sketched_distance/references/SGB_genome_fastas_part5/14749/NielsenHB_2014__V1_UC13_0__bin.4.fa	/home/jshaw/scratch/2022_sketched_distance/references/SGB_genome_fastas_part5/14749/NielsenHB_2014__V1_UC13_3__bin.36.fa	/home/jshaw/scratch/2022_sketched_distance/references/SGB_genome_fastas_part5/14749/NielsenHB_2014__V1_UC55_0__bin.105.fa	/home/jshaw/scratch/2022_sketched_distance/references/SGB_genome_fastas_part5/14749/RaymondF_2016__P1E0__bin.32.fa	/home/jshaw/scratch/2022_sketched_distance/references/SGB_genome_fastas_part5/14749/RaymondF_2016__P1E7__bin.27.fa	/home/jshaw/scratch/2022_sketched_distance/references/SGB_genome_fastas_part5/14749/VincentC_2016__MM021.4__bin.15.fa	/home/jshaw/scratch/2022_sketched_distance/references/SGB_genome_fastas_part5/14749/XieH_2016__YSZC12003_35705__bin.12.fa	/home/jshaw/scratch/2022_sketched_distance/references/SGB_genome_fastas_part5/14749/XieH_2016__YSZC12003_36699__bin.28.fa	/home/jshaw/scratch/2022_sketched_distance/references/SGB_genome_fastas_part5/14749/XieH_2016__YSZC12003_37285__bin.65.fa	/home/jshaw/scratch/2022_sketched_distance/references/SGB_genome_fastas_part5/14749/XieH_2016__YSZC12003_37322__bin.70.fa	/home/jshaw/scratch/2022_sketched_distance/references/SGB_genome_fastas_part5/14749/YuJ_2015__SZAXPI003415-12__bin.14.fa	/home/jshaw/scratch/2022_sketched_distance/references/SGB_genome_fastas_part5/14749/ZeeviD_2015__PNP_Main_144__bin.23.fa	/home/jshaw/scratch/2022_sketched_distance/references/SGB_genome_fastas_part5/14749/ZellerG_2014__CCIS11354283ST-4-0__bin.12.fa	/home/jshaw/scratch/2022_sketched_distance/references/SGB_genome_fastas_part5/14749/ZellerG_2014__CCIS23164343ST-4-0__bin.86.fa	/home/jshaw/scratch/2022_sketched_distance/references/SGB_genome_fastas_part5/14749/ZellerG_2014__CCIS38765456ST-20-0__bin.18.fa	/home/jshaw/scratch/2022_sketched_distance/references/SGB_genome_fastas_part5/14749/ZellerG_2014__CCIS71578391ST-4-0__bin.47.fa	/home/jshaw/scratch/2022_sketched_distance/references/SGB_genome_fastas_part5/14749/ZellerG_2014__CCIS80834637ST-4-0__bin.35.fa	/home/jshaw/scratch/2022_sketched_distance/references/SGB_genome_fastas_part5/14749/ZellerG_2014__CCIS81710917ST-20-0__bin.52.fa
1.0	0.9755590841344185	0.9731329322171534	0.9768098399864943	0.9641511736139483	0.9609595787902909	0.9662924736538901	0.9734017390544893	0.9761059304679025	0.9646620207164243	0.9652645139701663	0.9605591401719612	0.9720971438249806	0.9752771474581071	0.9757841345056434	0.9748362041532508	0.976459788068415	0.976948813690446	0.972886443774193	0.975429662757294	0.9751674711675701	0.9752494154324003	0.9742644577304918	0.9612427155762849	0.9646553113763938	0.9769834646414288	0.9768794009789287	0.9709455186065026	0.9748362041532508	0.9738983432487663	0.976459788068415
0.9755590841344185	1.0	0.9723652119495598	0.9771304187586926	0.9638144796913322	0.9612924221825695	0.9650049200593492	0.9743087539275892	0.9772761886700525	0.9654794958901327	0.9665097091634197	0.9601723743477373	0.972083092813859	0.9752896548254661	0.9757501759776988	0.9749008404187448	0.9766521094356154	0.9774213091975819	0.9725145587082489	0.9720391615773133	0.9748617019159498	0.9754554605810579	0.973588797566482	0.9602622631318886	0.9617868898652966	0.977020661599216	0.9773850896238557	0.9699288577511574	0.9765407253117909	0.9710915552824239	0.9768369069581303
0.9731329322171534	0.9723652119495598	1.0	0.9773098878521778	0.9671613276599998	0.9621742189704441	0.9683373807441236	0.9723652119495598	0.9760341854412614	0.9695781027907968	0.9704139506199178	0.9601723743477373	0.9738365329412952	0.9762071955695288	0.9764649982037038	0.9744797459959564	0.9763792906990908	0.9771426544200502	0.9676706094867541	0.9693124051232521	0.975990788778605	0.9711784150477899	0.9683923281214244	0.9627681310367325	0.9621742189704441	0.9763792906990908	0.9751995814743311	0.9660609587817753	0.9746612054157099	0.9679047242729482	0.9752884501333116
0.9768098399864943	0.9771304187586926	0.9773098878521778	1.0	0.9674049105004816	0.9670369114333401	0.9671391611843831	0.9817111985839462	0.9770461049684087	0.9681396671289352	0.9688510146862354	0.9693200866320747	0.9769082818904814	0.9781817352590948	0.9778282806922401	0.9881423302223379	0.9795172038917396	0.9793120037327762	0.9768415366310356	0.9783823297503214	0.9781805132317544	0.9786607903709709	0.9767935935551265	0.9674962223169459	0.9686744803517471	0.9798571162017476	0.9786358189006341	0.9786172486767724	0.9805460740878417	0.9968002034747587	0.9825114618916253
0.9641511736139483	0.9638144796913322	0.9671613276599998	0.9674049105004816	1.0	0.9779052136080825	0.9772174169125145	0.9670521330926434	0.9662419797956566	0.9760515928165462	0.9766397233072217	0.9754862477268765	0.9666107346859129	0.9657577050458959	0.9655947650111762	0.9646448336790666	0.9655457297048649	0.9651370604731376	0.967737121816476	0.9649251221720798	0.9653579243408424	0.9667421294104904	0.9637734752768893	0.9764027685297948	0.9720742630222913	0.9654282381187356	0.9643700361878014	0.9639377042938144	0.966618042458527	0.966983391812029	0.9667320692686103
0.9609595787902909	0.9612924221825695	0.9621742189704441	0.9670369114333401	0.9779052136080825	1.0	0.9770264750575794	0.9633375713245356	0.966138555590509	0.9744984809984619	0.9750855674204039	0.9698428311763763	0.9650164356125497	0.9628073508333657	0.9636471815612322	0.9646670053457589	0.9659943914109531	0.9663297760918519	0.9637007032760272	0.9621342731934207	0.9626474068481008	0.9638172774807702	0.9600494033794519	0.9729048923383361	0.968722889880677	0.966090572538796	0.9639565411520407	0.9630475125270118	0.9650164356125497	0.9633381695942825	0.9651650371318145
0.9662924736538901	0.9650049200593492	0.9683373807441236	0.9671391611843831	0.9772174169125145	0.9770264750575794	1.0	0.9679405550113097	0.9669364654221201	0.9759001176280123	0.9762375266025358	0.9756793183462655	0.9669733764479678	0.9675124164845967	0.967308154689657	0.9663999952396289	0.9684444953746263	0.9683916232553421	0.967628545793093	0.9664902886938229	0.9674478241036757	0.9674862212744543	0.9645053036096992	0.9776099244649252	0.9716351780892358	0.967500832760101	0.9659751206629174	0.9668725363630866	0.966888830798323	0.9664533315291993	0.9677537610347373
0.9734017390544893	0.9743087539275892	0.9723652119495598	0.9817111985839462	0.9670521330926434	0.9633375713245356	0.9679405550113097	1.0	0.9789404139125347	0.9696909512729036	0.970595616868263	0.9663794735592554	0.9769416328470654	0.9775302315606454	0.9782764985165479	0.9785769337485012	0.9788746270930324	0.979815797446985	0.9735271551265545	0.975472561420927	0.975366862721585	0.9764665497333329	0.9715215822864355	0.9636025318285748	0.965145491880805	0.9811939204672969	0.9796554501984515	0.977959772964407	0.9788746270930324	0.9783031477983705	0.981529562291614
0.9761059304679025	0.9772761886700525	0.9760341854412614	0.9770461049684087	0.9662419797956566	0.966138555590509	0.9669364654221201	0.9789404139125347	1.0	0.9666612543496199	0.9677379101231698	0.968127226299494	0.9773039299896787	0.9797122251258826	0.9794747302938025	0.9762293099744955	0.9781350123292902	0.9779634496923174	0.9770048201613214	0.9797264643015364	0.9779861528112439	0.9795784755506575	0.9760003947981355	0.966768543442919	0.9688676845527626	0.9771636056130508	0.9763405099792283	0.9764549342650044	0.9788193852989787	0.9779718815246077	0.9786460621018163
0.9646620207164243	0.9654794958901327	0.9695781027907968	0.9681396671289352	0.9760515928165462	0.9744984809984619	0.9759001176280123	0.9696909512729036	0.9666612543496199	1.0	0.9987077250640406	0.998446868552465	0.9669282687582357	0.9658477482491623	0.9657702643417059	0.9670342765488327	0.9670492977140052	0.9669528788282061	0.9685400008504508	0.9676025292154063	0.9668120403236946	0.9680590533326062	0.9650434453153556	0.9759209588193387	0.9720742630222913	0.967058509133238	0.9649077348777858	0.9666715505234823	0.9675560134984873	0.9685788570224769	0.9673744103842375
0.9652645139701663	0.9665097091634197	0.9704139506199178	0.9688510146862354	0.9766397233072217	0.9750855674204039	0.9762375266025358	0.970595616868263	0.9677379101231698	0.9987077250640406	1.0	0.9984709495643558	0.9681680265434012	0.9668655451434954	0.9667612348575293	0.9678610265356072	0.9679020526985519	0.9678238025186329	0.9697335680153509	0.9686776895378308	0.967537635512056	0.9687737075596292	0.9660360119350179	0.9758862692712115	0.9725074773833717	0.9683026288816284	0.96563739334241	0.9671385825602404	0.968510242184867	0.9694021993667493	0.96878469581523
0.9605591401719612	0.9601723743477373	0.9601723743477373	0.9693200866320747	0.9754862477268765	0.9698428311763763	0.9756793183462655	0.9663794735592554	0.968127226299494	0.998446868552465	0.9984709495643558	1.0	0.9643952664359186	0.9647345827456923	0.9650034812413693	0.9669516503309983	0.9656004088773603	0.9663152665421237	0.959144342875071	0.9604049941205672	0.9645992856275649	0.9615434022431687	0.9574952300936642	0.9716903667027367	0.964326971297234	0.9686694730881439	0.9650703560751865	0.957385166152424	0.9653364738818349	0.9589023371824545	0.9673897585954753
0.9720971438249806	0.972083092813859	0.9738365329412952	0.9769082818904814	0.9666107346859129	0.9650164356125497	0.9669733764479678	0.9769416328470654	0.9773039299896787	0.9669282687582357	0.9681680265434012	0.9643952664359186	1.0	0.9749250985924005	0.975380237286251	0.9755536078341266	0.9764405333665018	0.9774020956627064	0.9742442342732729	0.9748667666485327	0.9745994580542383	0.9754554605810579	0.9728056479737734	0.9648740075864886	0.9655750249388154	0.9775650506925403	0.9771725805719849	0.9736007317647621	0.9753454519675444	0.9738511376588144	0.9765077674712814
0.9752771474581071	0.9752896548254661	0.9762071955695288	0.9781817352590948	0.9657577050458959	0.9628073508333657	0.9675124164845967	0.9775302315606454	0.9797122251258826	0.9658477482491623	0.9668655451434954	0.9647345827456923	0.9749250985924005	1.0	0.9993759805551925	0.9756924878832346	0.9786696617863513	0.9795653106329272	0.9766774301644472	0.9780671647161545	0.9765921689270535	0.9772145032501238	0.9750135883890839	0.9640838134627997	0.9662610177252119	0.9777487267846797	0.977341430260172	0.9750332134453363	0.9756529379743204	0.9770431464422363	0.977686396179084
0.9757841345056434	0.9757501759776988	0.9764649982037038	0.9778282806922401	0.9655947650111762	0.9636471815612322	0.967308154689657	0.9782764985165479	0.9794747302938025	0.9657702643417059	0.9667612348575293	0.9650034812413693	0.975380237286251	0.9993759805551925	1.0	0.9752239427633393	0.9794583103439295	0.9794460462279256	0.9772482206771679	0.9788107680740468	0.9772966165779926	0.977639805817392	0.9756605437031065	0.9650200312623276	0.9669327041036987	0.9774643884452802	0.977188777196272	0.9752401617053402	0.9763985739050486	0.9775530078578573	0.9778578661367974
0.9748362041532508	0.9749008404187448	0.9744797459959564	0.9881423302223379	0.9646448336790666	0.9646670053457589	0.9663999952396289	0.9785769337485012	0.9762293099744955	0.9670342765488327	0.9678610265356072	0.9669516503309983	0.9755536078341266	0.9756924878832346	0.9752239427633393	1.0	0.9766595215110068	0.9762742023443622	0.9734363959943068	0.9762352162327133	0.9758721391654628	0.9771365754191496	0.9743534926958681	0.9653581973900772	0.9661564269449477	0.9788914925302616	0.9767608335377727	0.9767024024466149	0.9774210704382946	0.9899063402609968	0.9797937632733109
0.976459788068415	0.9766521094356154	0.9763792906990908	0.9795172038917396	0.9655457297048649	0.9659943914109531	0.9684444953746263	0.9788746270930324	0.9781350123292902	0.9670492977140052	0.9679020526985519	0.9656004088773603	0.9764405333665018	0.9786696617863513	0.9794583103439295	0.9766595215110068	1.0	0.9994579818379642	0.9780072074678748	0.9778287753558943	0.9775939204366413	0.9787351623781521	0.974882637724874	0.9654541670650555	0.966313186024696	0.9796932498541558	0.978803369797461	0.9772887632783448	0.9791905645602452	0.9783031477983705	0.9799265112094927
0.976948813690446	0.9774213091975819	0.9771426544200502	0.9793120037327762	0.9651370604731376	0.9663297760918519	0.9683916232553421	0.979815797446985	0.9779634496923174	0.9669528788282061	0.9678238025186329	0.9663152665421237	0.9774020956627064	0.9795653106329272	0.9794460462279256	0.9762742023443622	0.9994579818379642	1.0	0.9785165156501024	0.9785777723098058	0.978341599891934	0.9788833997061915	0.9756178115423919	0.9658352094708772	0.967085740448985	0.9794838635308981	0.9785566396147077	0.9775780323657944	0.9796789943013318	0.9789557537939657	0.9803954443532287
0.972886443774193	0.9725145587082489	0.9676706094867541	0.9768415366310356	0.967737121816476	0.9637007032760272	0.967628545793093	0.9735271551265545	0.9770048201613214	0.9685400008504508	0.9697335680153509	0.959144342875071	0.9742442342732729	0.9766774301644472	0.9772482206771679	0.9734363959943068	0.9780072074678748	0.9785165156501024	1.0	0.9676025292154063	0.9749891711419139	0.9718055609019127	0.9681499547539009	0.9654929078114718	0.9625116542100871	0.9776099451422904	0.9764711268995407	0.9657858239356795	0.9757597490185246	0.9682435507180155	0.9768824343356037
0.975429662757294	0.9720391615773133	0.9693124051232521	0.9783823297503214	0.9649251221720798	0.9621342731934207	0.9664902886938229	0.975472561420927	0.9797264643015364	0.9676025292154063	0.9686776895378308	0.9604049941205672	0.9748667666485327	0.9780671647161545	0.9788107680740468	0.9762352162327133	0.9778287753558943	0.9785777723098058	0.9676025292154063	1.0	0.9773062042550477	0.9729784907328036	0.9691571510838991	0.9626484859012303	0.962392409839206	0.979309956206443	0.977184411281355	0.9694391392817702	0.9763606051745156	0.9698328841019935	0.9789266449374846
0.9751674711675701	0.9748617019159498	0.975990788778605	0.9781805132317544	0.9653579243408424	0.9626474068481008	0.9674478241036757	0.975366862721585	0.9779861528112439	0.9668120403236946	0.967537635512056	0.9645992856275649	0.9745994580542383	0.9765921689270535	0.9772966165779926	0.9758721391654628	0.9775939204366413	0.978341599891934	0.9749891711419139	0.9773062042550477	1.0	0.9776013705317061	0.974882637724874	0.9625476838379189	0.9666760175743335	0.9785018947604959	0.9772966165779926	0.9729432026282324	0.9752066594730506	0.9754188440411653	0.9778885363354327
0.9752494154324003	0.9754554605810579	0.9711784150477899	0.9786607903709709	0.9667421294104904	0.9638172774807702	0.9674862212744543	0.9764665497333329	0.9795784755506575	0.9680590533326062	0.9687737075596292	0.9615434022431687	0.9754554605810579	0.9772145032501238	0.977639805817392	0.9771365754191496	0.9787351623781521	0.9788833997061915	0.9718055609019127	0.9729784907328036	0.9776013705317061	1.0	0.9732226105169056	0.9636401372708363	0.9623103589824977	0.9801525401625469	0.979141205561023	0.9702312070019382	0.9789941374114413	0.9711942674749613	0.9792144918635093
0.9742644577304918	0.973588797566482	0.9683923281214244	0.9767935935551265	0.9637734752768893	0.9600494033794519	0.9645053036096992	0.9715215822864355	0.9760003947981355	0.9650434453153556	0.9660360119350179	0.9574952300936642	0.9728056479737734	0.9750135883890839	0.9756605437031065	0.9743534926958681	0.974882637724874	0.9756178115423919	0.9681499547539009	0.9691571510838991	0.974882637724874	0.9732226105169056	1.0	0.9592780705575525	0.9601186111218457	0.9759157643206242	0.9754892771126765	0.9671385825602404	0.9752739174603581	0.9684116392345853	0.9764202764253711
0.9612427155762849	0.9602622631318886	0.9627681310367325	0.9674962223169459	0.9764027685297948	0.9729048923383361	0.9776099244649252	0.9636025318285748	0.966768543442919	0.9759209588193387	0.9758862692712115	0.9716903667027367	0.9648740075864886	0.9640838134627997	0.9650200312623276	0.9653581973900772	0.9654541670650555	0.9658352094708772	0.9654929078114718	0.9626484859012303	0.9625476838379189	0.9636401372708363	0.9592780705575525	1.0	0.968722889880677	0.9670433515133499	0.9657878251115851	0.9627452116229565	0.9631709818926475	0.963598796935442	0.9653101050078192
0.9646553113763938	0.9617868898652966	0.9621742189704441	0.9686744803517471	0.9720742630222913	0.968722889880677	0.9716351780892358	0.965145491880805	0.9688676845527626	0.9720742630222913	0.9725074773833717	0.964326971297234	0.9655750249388154	0.9662610177252119	0.9669327041036987	0.9661564269449477	0.966313186024696	0.967085740448985	0.9625116542100871	0.962392409839206	0.9666760175743335	0.9623103589824977	0.9601186111218457	0.968722889880677	1.0	0.967640739580331	0.9681371287799068	0.9611096307982662	0.9656815183726415	0.9624762151108883	0.9678898888339005
0.9769834646414288	0.977020661599216	0.9763792906990908	0.9798571162017476	0.9654282381187356	0.966090572538796	0.967500832760101	0.9811939204672969	0.9771636056130508	0.967058509133238	0.9683026288816284	0.9686694730881439	0.9775650506925403	0.9777487267846797	0.9774643884452802	0.9788914925302616	0.9796932498541558	0.9794838635308981	0.9776099451422904	0.979309956206443	0.9785018947604959	0.9801525401625469	0.9759157643206242	0.9670433515133499	0.967640739580331	1.0	0.9778594498212879	0.9780071777126759	0.9797999686092742	0.9813306148256009	0.980281689465449
0.9768794009789287	0.9773850896238557	0.9751995814743311	0.9786358189006341	0.9643700361878014	0.9639565411520407	0.9659751206629174	0.9796554501984515	0.9763405099792283	0.9649077348777858	0.96563739334241	0.9650703560751865	0.9771725805719849	0.977341430260172	0.977188777196272	0.9767608335377727	0.978803369797461	0.9785566396147077	0.9764711268995407	0.977184411281355	0.9772966165779926	0.979141205561023	0.9754892771126765	0.9657878251115851	0.9681371287799068	0.9778594498212879	1.0	0.9764549342650044	0.9787571095106992	0.9791570448793339	0.9793277827142889
0.9709455186065026	0.9699288577511574	0.9660609587817753	0.9786172486767724	0.9639377042938144	0.9630475125270118	0.9668725363630866	0.977959772964407	0.9764549342650044	0.9666715505234823	0.9671385825602404	0.957385166152424	0.9736007317647621	0.9750332134453363	0.9752401617053402	0.9767024024466149	0.9772887632783448	0.9775780323657944	0.9657858239356795	0.9694391392817702	0.9729432026282324	0.9702312070019382	0.9671385825602404	0.9627452116229565	0.9611096307982662	0.9780071777126759	0.9764549342650044	1.0	0.9765541474067104	0.9692535646298869	0.9793072854533686
0.9748362041532508	0.9765407253117909	0.9746612054157099	0.9805460740878417	0.966618042458527	0.9650164356125497	0.966888830798323	0.9788746270930324	0.9788193852989787	0.9675560134984873	0.968510242184867	0.9653364738818349	0.9753454519675444	0.9756529379743204	0.9763985739050486	0.9774210704382946	0.9791905645602452	0.9796789943013318	0.9757597490185246	0.9763606051745156	0.9752066594730506	0.9789941374114413	0.9752739174603581	0.9631709818926475	0.9656815183726415	0.9797999686092742	0.9787571095106992	0.9765541474067104	1.0	0.9778049774951733	0.9794356928196256
0.9738983432487663	0.9710915552824239	0.9679047242729482	0.9968002034747587	0.966983391812029	0.9633381695942825	0.9664533315291993	0.9783031477983705	0.9779718815246077	0.9685788570224769	0.9694021993667493	0.9589023371824545	0.9738511376588144	0.9770431464422363	0.9775530078578573	0.9899063402609968	0.9783031477983705	0.9789557537939657	0.9682435507180155	0.9698328841019935	0.9754188440411653	0.9711942674749613	0.9684116392345853	0.963598796935442	0.9624762151108883	0.9813306148256009	0.9791570448793339	0.9692535646298869	0.9778049774951733	1.0	0.9810666931236731
0.976459788068415	0.9768369069581303	0.9752884501333116	0.9825114618916253	0.9667320692686103	0.9651650371318145	0.9677537610347373	0.981529562291614	0.9786460621018163	0.9673744103842375	0.96878469581523	0.9673897585954753	0.9765077674712814	0.977686396179084	0.9778578661367974	0.9797937632733109	0.9799265112094927	0.9803954443532287	0.9768824343356037	0.9789266449374846	0.9778885363354327	0.9792144918635093	0.9764202764253711	0.9653101050078192	0.9678898888339005	0.980281689465449	0.9793277827142889	0.9793072854533686	0.9794356928196256	0.9810666931236731	1.0
