/home/jshaw/scratch/2022_sketched_distance/references/SGB_genome_fastas_part1_redo/1474/BritoIL_2016__M1.57.ST__bin.49.fa	/home/jshaw/scratch/2022_sketched_distance/references/SGB_genome_fastas_part1_redo/1474/BritoIL_2016__M1.65.ST__bin.15.fa	/home/jshaw/scratch/2022_sketched_distance/references/SGB_genome_fastas_part1_redo/1474/CM_madagascar__A46_01_1FE__bin.15.fa	/home/jshaw/scratch/2022_sketched_distance/references/SGB_genome_fastas_part1_redo/1474/CM_madagascar__A62_01_1FE__bin.52.fa	/home/jshaw/scratch/2022_sketched_distance/references/SGB_genome_fastas_part1_redo/1474/CM_madagascar__A81_01_1FE__bin.24.fa	/home/jshaw/scratch/2022_sketched_distance/references/SGB_genome_fastas_part1_redo/1474/CosteaPI_2017__SID713A049-11-0-0__bin.64.fa	/home/jshaw/scratch/2022_sketched_distance/references/SGB_genome_fastas_part1_redo/1474/CosteaPI_2017__SID713A049-11-90-0__bin.34.fa	/home/jshaw/scratch/2022_sketched_distance/references/SGB_genome_fastas_part1_redo/1474/CosteaPI_2017__SID713A066-11-0-0__bin.48.fa	/home/jshaw/scratch/2022_sketched_distance/references/SGB_genome_fastas_part1_redo/1474/CosteaPI_2017__SID713A066-11-90-0__bin.37.fa	/home/jshaw/scratch/2022_sketched_distance/references/SGB_genome_fastas_part1_redo/1474/CosteaPI_2017__SID713A073-11-0-0__bin.42.fa	/home/jshaw/scratch/2022_sketched_distance/references/SGB_genome_fastas_part1_redo/1474/CosteaPI_2017__SID713A073-11-90-0__bin.42.fa	/home/jshaw/scratch/2022_sketched_distance/references/SGB_genome_fastas_part1_redo/1474/CosteaPI_2017__SID713A078-11-0-0__bin.28.fa	/home/jshaw/scratch/2022_sketched_distance/references/SGB_genome_fastas_part1_redo/1474/CosteaPI_2017__SID713A078-11-90-0__bin.4.fa	/home/jshaw/scratch/2022_sketched_distance/references/SGB_genome_fastas_part1_redo/1474/CosteaPI_2017__SID713B002-11-90-0__bin.69.fa	/home/jshaw/scratch/2022_sketched_distance/references/SGB_genome_fastas_part1_redo/1474/CosteaPI_2017__SID713B032-11-0-0__bin.37.fa	/home/jshaw/scratch/2022_sketched_distance/references/SGB_genome_fastas_part1_redo/1474/CosteaPI_2017__SID713B032-11-90-0__bin.28.fa	/home/jshaw/scratch/2022_sketched_distance/references/SGB_genome_fastas_part1_redo/1474/CosteaPI_2017__SID713B037-11-90-0__bin.28.fa	/home/jshaw/scratch/2022_sketched_distance/references/SGB_genome_fastas_part1_redo/1474/CosteaPI_2017__SID713B042-11-0-0__bin.44.fa	/home/jshaw/scratch/2022_sketched_distance/references/SGB_genome_fastas_part1_redo/1474/CosteaPI_2017__SID713B042-11-90-0__bin.30.fa	/home/jshaw/scratch/2022_sketched_distance/references/SGB_genome_fastas_part1_redo/1474/CosteaPI_2017__SID713B043-11-0-0__bin.37.fa	/home/jshaw/scratch/2022_sketched_distance/references/SGB_genome_fastas_part1_redo/1474/CosteaPI_2017__SID713B043-11-90-0__bin.27.fa	/home/jshaw/scratch/2022_sketched_distance/references/SGB_genome_fastas_part1_redo/1474/CosteaPI_2017__SID713B046-11-0-0__bin.20.fa	/home/jshaw/scratch/2022_sketched_distance/references/SGB_genome_fastas_part1_redo/1474/CosteaPI_2017__SID713B046-11-90-0__bin.62.fa	/home/jshaw/scratch/2022_sketched_distance/references/SGB_genome_fastas_part1_redo/1474/CosteaPI_2017__SID713B065-11-0-0__bin.55.fa	/home/jshaw/scratch/2022_sketched_distance/references/SGB_genome_fastas_part1_redo/1474/CosteaPI_2017__SID713B065-11-90-0__bin.33.fa	/home/jshaw/scratch/2022_sketched_distance/references/SGB_genome_fastas_part1_redo/1474/HMP_2012__SRS017307__bin.40.fa	/home/jshaw/scratch/2022_sketched_distance/references/SGB_genome_fastas_part1_redo/1474/HMP_2012__SRS049959__bin.25.fa	/home/jshaw/scratch/2022_sketched_distance/references/SGB_genome_fastas_part1_redo/1474/LiuW_2016__SRR3992983__bin.11.fa	/home/jshaw/scratch/2022_sketched_distance/references/SGB_genome_fastas_part1_redo/1474/LiuW_2016__SRR3993058__bin.63.fa	/home/jshaw/scratch/2022_sketched_distance/references/SGB_genome_fastas_part1_redo/1474/LiuW_2016__SRR3993059__bin.71.fa	/home/jshaw/scratch/2022_sketched_distance/references/SGB_genome_fastas_part1_redo/1474/Obregon-TitoAJ_2015__SM30__bin.13.fa	/home/jshaw/scratch/2022_sketched_distance/references/SGB_genome_fastas_part1_redo/1474/RampelliS_2015__H6__bin.15.fa	/home/jshaw/scratch/2022_sketched_distance/references/SGB_genome_fastas_part1_redo/1474/RampelliS_2015__H9__bin.15.fa	/home/jshaw/scratch/2022_sketched_distance/references/SGB_genome_fastas_part1_redo/1474/SchirmerM_2016__G88821__bin.15.fa	/home/jshaw/scratch/2022_sketched_distance/references/SGB_genome_fastas_part1_redo/1474/ZeeviD_2015__PNP_Main_293__bin.8.fa	/home/jshaw/scratch/2022_sketched_distance/references/SGB_genome_fastas_part1_redo/1474/ZeeviD_2015__PNP_Main_374__bin.24.fa	/home/jshaw/scratch/2022_sketched_distance/references/SGB_genome_fastas_part1_redo/1474/ZeeviD_2015__PNP_Main_415__bin.61.fa	/home/jshaw/scratch/2022_sketched_distance/references/SGB_genome_fastas_part1_redo/1474/ZeeviD_2015__PNP_Main_51__bin.51.fa	/home/jshaw/scratch/2022_sketched_distance/references/SGB_genome_fastas_part1_redo/1474/ZeeviD_2015__PNP_Main_587__bin.27.fa	/home/jshaw/scratch/2022_sketched_distance/references/SGB_genome_fastas_part1_redo/1474/ZeeviD_2015__PNP_Main_73__bin.17.fa	/home/jshaw/scratch/2022_sketched_distance/references/SGB_genome_fastas_part1_redo/1474/ZellerG_2014__CCIS74726977ST-3-0__bin.59.fa
1.0	0.9873686581459225	0.9860840214865044	0.9839323739555136	0.9901439158735859	0.9855043515612247	0.9853871801309073	0.9864042258919612	0.9834178990671457	0.9852695892214809	0.9847231804286867	0.984116688386349	0.9852931411083256	0.9838544982926849	0.9860380223171639	0.9859919586810584	0.9853636956049437	0.9862445135411227	0.9862902248656822	0.9842855290519736	0.9861758271568547	0.986676226505606	0.9863130567159333	0.9850331366717634	0.9843042946530259	0.9856676926044694	0.9846272174672672	0.9838887810705453	0.9850240616161995	0.9855511033593692	0.9844586041469827	0.9794590826827138	0.9733497961882436	0.9841533392198584	0.9860610299487121	0.9860610299487121	0.9863586729043289	0.9847231804286867	0.983782249379575	0.9846992159783914	0.986335872721368
0.9873686581459225	1.0	0.9853673301195413	0.9868695329562345	0.9847838595090781	0.985038447522026	0.985976458859981	0.9861647690037492	0.9854032435663034	0.9861260393437098	0.9855681415159377	0.9863938242971447	0.9855196888512571	0.9867459321093868	0.9860581311340345	0.9858438117925765	0.9857145460523488	0.9863981617415719	0.9863770125520774	0.9862830461737749	0.9859725710372791	0.9862710620565733	0.9856064347626784	0.985924338056817	0.9860680527263284	0.9847507267762408	0.9842649447711515	0.9856254309875642	0.9854414402836454	0.9847284896078063	0.9843402143979605	0.981454300308049	0.974511614028944	0.9853904340870817	0.9855196888512571	0.9856497219771739	0.9864826227275746	0.9832497538525258	0.9845140322509172	0.9845624872526831	0.9861434690878589
0.9860840214865044	0.9853673301195413	1.0	0.9853624527817167	0.9851723212110168	0.9834138337828487	0.9851488942496666	0.9843660566894376	0.9831831570394601	0.9845219891260166	0.9841114269909703	0.9848287076129153	0.9837115348249116	0.9846336737782966	0.9839839573032861	0.9835973541025848	0.9837570960172435	0.984522107424317	0.9846995472126528	0.9846027283125333	0.984321334115246	0.9848320003766798	0.9842092602487088	0.9848218151077259	0.985102927353457	0.9847437576785085	0.983348411481126	0.9850248075209223	0.9854170348775174	0.9835973541025848	0.9833961876456957	0.9804977221332933	0.9743516478905861	0.9843248048791162	0.9843660566894376	0.9845443399322227	0.9840968022071306	0.9826928248835383	0.9836396306634934	0.983996501667723	0.9843883951385195
0.9839323739555136	0.9868695329562345	0.9853624527817167	1.0	0.9844062244855261	0.985788064891465	0.9852766646004245	0.9862916279621647	0.9783871241991963	0.9861525214210743	0.9855333598711323	0.9844062244855261	0.9859567779454868	0.9794288236840456	0.9862916279621647	0.9867328547877925	0.9858162439535618	0.9870599333558846	0.9871141316960684	0.9849890745884317	0.9870328006696364	0.9868968005732004	0.9867328547877925	0.9849312530829348	0.9806401465653422	0.985788064891465	0.9837828807787009	0.9795892870986513	0.9831474581848588	0.9856468059449216	0.985561758137192	0.9807718249111732	0.9753131264481252	0.9801750491986959	0.9862082346931976	0.9870056455892898	0.9866505744361487	0.9850756163675664	0.9802084908616258	0.9866505744361487	0.98618038986013
0.9901439158735859	0.9847838595090781	0.9851723212110168	0.9844062244855261	1.0	0.9848298001710933	0.9840869190498072	0.9862889302777578	0.9840549053898072	0.9853309498292877	0.9846687257685283	0.9839674249823719	0.9849214890718518	0.9852691474622556	0.9855786857725473	0.9852177219109679	0.9847838595090781	0.9860243840140568	0.9862009845315162	0.9850608816641281	0.985846829474333	0.9856459271342841	0.9853761319237287	0.9850545795170208	0.9851572958708915	0.9854212519519903	0.9839221470287488	0.9853422938203438	0.9845010414152691	0.9851041022539169	0.984250867540365	0.9800907358974098	0.9747975828889905	0.983691666571043	0.9854437887454307	0.9860465110376136	0.9858245675542333	0.9846456504786654	0.9848463513433423	0.9853761319237287	0.9861128028737229
0.9855043515612247	0.985038447522026	0.9834138337828487	0.985788064891465	0.9848298001710933	1.0	0.9984612696023281	0.9901494551718232	0.9896811639906863	0.9962344538453223	0.9966245717746481	0.9866015889516807	0.9847175427171673	0.9934473503250686	0.9933408761886563	0.9927907015818508	0.9856074249776372	0.9952210074702282	0.9955783895040419	0.9948673754735922	0.9950801076207572	0.9868986298055002	0.9863922991723151	0.9873607263667397	0.9874646073271262	0.9855237055413198	0.9853589337475793	0.98649101712751	0.9860696998600033	0.984888262008556	0.9841124570618873	0.9807662576151681	0.9752998400050877	0.9854455731772789	0.9855655919279556	0.9856283215442407	0.9851443048726481	0.9846769127159829	0.9860368659171324	0.9853388197680997	0.9855237055413198
0.9853871801309073	0.985976458859981	0.9851488942496666	0.9852766646004245	0.9840869190498072	0.9984612696023281	1.0	0.9915508373268016	0.9889974371882913	0.9952691419903764	0.9950685024624819	0.9859508503411024	0.9861307073508586	0.9919914995585757	0.9935588295502069	0.9933121827632245	0.9866973764229211	0.9958147254695008	0.9961248285039567	0.994329344688374	0.9962221570855008	0.9879689805601567	0.9873393195476847	0.9865950901307623	0.9866182252777922	0.9866973764229211	0.9846697493522315	0.985656740565409	0.9862844059362361	0.9856657728350501	0.9839728896497524	0.9801725396935953	0.9741586426664094	0.9846650713583145	0.986567470722868	0.9865240545403443	0.9861307073508586	0.9852393724770214	0.9849838308070965	0.9857992838364259	0.9866324877133447
0.9864042258919612	0.9861647690037492	0.9843660566894376	0.9862916279621647	0.9862889302777578	0.9901494551718232	0.9915508373268016	1.0	0.9997333649977007	0.9912875609076883	0.9913144289541765	0.9873523581848435	0.9857782000066689	0.9912912789564179	0.9891337612930292	0.9899275493348956	0.9854275773792086	0.9904707855936677	0.9901673688701663	0.9908634003096549	0.9906523922493786	0.9848157950821882	0.9864143712339208	0.9879606637978513	0.9881412701600839	0.9847365736047574	0.9858042204881347	0.9872152334685401	0.986592082299394	0.9859500745549873	0.9852136658569692	0.9820511202234897	0.9756715051058126	0.9866092208219024	0.9856251127769494	0.9847564061042602	0.9850816573912576	0.9850014201859263	0.9869798340957991	0.9859038723289801	0.9842214172141505
0.9834178990671457	0.9854032435663034	0.9831831570394601	0.9783871241991963	0.9840549053898072	0.9896811639906863	0.9889974371882913	0.9997333649977007	1.0	0.9895843522793908	0.9894629366992838	0.9850713152497619	0.9856226800929297	0.9885602934376099	0.9898739392662196	0.9897776924261933	0.9857318511556953	0.9898258509412099	0.9897776924261933	0.988575291925133	0.9898739392662196	0.9871712377754542	0.9868830947611	0.9867776865906869	0.9837379490237944	0.9859761679174911	0.9840262174132374	0.9818095914795176	0.9840262174132374	0.9855405630722032	0.9844255839641164	0.9811168517946237	0.9739551476065468	0.978404965543737	0.9864594198917739	0.9861111187326175	0.9862991239047962	0.9847640716065011	0.979608340661915	0.9848481508943638	0.9862455177654955
0.9852695892214809	0.9861260393437098	0.9845219891260166	0.9861525214210743	0.9853309498292877	0.9962344538453223	0.9952691419903764	0.9912875609076883	0.9895843522793908	1.0	0.9979977561664093	0.9878213539934221	0.9869844692996904	0.9946766569048838	0.9941529742223268	0.99405052110552	0.9876139040116779	0.9951439142386068	0.9954732168958978	0.9942569429141389	0.9949780289032842	0.9890573172081668	0.9885158385071813	0.9882144710499432	0.9889014148001439	0.9871113230717543	0.9851114283703072	0.9875419124493869	0.9862368145161601	0.9866865609432806	0.9849078494968603	0.9817410942470804	0.9756098551742598	0.9860731094668054	0.9876761904785208	0.9876969264745173	0.9872376896616729	0.9857762914786957	0.9863542028018014	0.9861694972990037	0.9875098306280341
0.9847231804286867	0.9855681415159377	0.9841114269909703	0.9855333598711323	0.9846687257685283	0.9966245717746481	0.9950685024624819	0.9913144289541765	0.9894629366992838	0.9979977561664093	1.0	0.986486326244745	0.9864034539886702	0.9938379475517274	0.9944350781889044	0.9939896353920015	0.987576074415141	0.9950922168274234	0.9950421274424402	0.9935240885395703	0.994941721165585	0.988566391370524	0.988301106977513	0.9871220121642607	0.9875909689964172	0.986598220640831	0.9842649447711515	0.9862152709737922	0.9854901967655129	0.9862947497048324	0.9842507737137757	0.9807127267093274	0.974829202392216	0.9851411562020373	0.987154486626097	0.9874711826480285	0.9871968892648862	0.9852998851241241	0.9856089269030089	0.9854119249804253	0.9869843275115252
0.984116688386349	0.9863938242971447	0.9848287076129153	0.9844062244855261	0.9839674249823719	0.9866015889516807	0.9859508503411024	0.9873523581848435	0.9850713152497619	0.9878213539934221	0.986486326244745	1.0	0.9976793668928601	0.9880148279756579	0.9870813292771289	0.9871719205027512	0.986762281068069	0.9876657632638665	0.987909933991128	0.9856916362079032	0.9874197680794538	0.9882618905143257	0.9876434758712567	0.9871040004769941	0.9878422465281681	0.9869677383573058	0.9846826553452999	0.9866128326086855	0.9845762707709452	0.9864169741919501	0.985070693328124	0.9809393832964511	0.9754416539464342	0.9840959842687171	0.9870132217972947	0.9870132217972947	0.9874870401965489	0.9853587417020259	0.9840091570193643	0.9866475811555112	0.9875318120138588
0.9852931411083256	0.9855196888512571	0.9837115348249116	0.9859567779454868	0.9849214890718518	0.9847175427171673	0.9861307073508586	0.9857782000066689	0.9856226800929297	0.9869844692996904	0.9864034539886702	0.9976793668928601	1.0	0.9873422066569468	0.9851781828939865	0.9852407643728596	0.9847155707870032	0.9856549544690342	0.9858191793393075	0.986672940633881	0.9854465312995988	0.9863069867663832	0.9856755275224431	0.9872307333319669	0.9876917102598819	0.9851990566405864	0.9849756350108813	0.9870656641929719	0.9860696998600033	0.9849960014363054	0.9847910407181338	0.9816891365167688	0.9756715051058126	0.9856925601366346	0.9847790394236801	0.9849056097393091	0.9853655707103354	0.9842171435967275	0.9860634279806839	0.985513719489094	0.9857782000066689
0.9838544982926849	0.9867459321093868	0.9846336737782966	0.9794288236840456	0.9852691474622556	0.9934473503250686	0.9919914995585757	0.9912912789564179	0.9885602934376099	0.9946766569048838	0.9938379475517274	0.9880148279756579	0.9873422066569468	1.0	0.9982618883323583	0.9981128651578187	0.9884747654590572	0.9947003109607185	0.9949593979752679	0.9934964276398409	0.9942719340123387	0.9894590440111317	0.9887306863091084	0.9904954461396592	0.9885318087708731	0.9869857402615152	0.9853006005900381	0.9813488894558002	0.9849529480826333	0.9871347375048891	0.9858616670145607	0.9829889616353515	0.9762303738512957	0.9804288910972313	0.987519002300797	0.9882455994309933	0.9877240708836977	0.9861692801520799	0.9817514759010014	0.986655551387522	0.9881304158098506
0.9860380223171639	0.9860581311340345	0.9839839573032861	0.9862916279621647	0.9855786857725473	0.9933408761886563	0.9935588295502069	0.9891337612930292	0.9898739392662196	0.9941529742223268	0.9944350781889044	0.9870813292771289	0.9851781828939865	0.9982618883323583	1.0	0.9984804731427488	0.9862724516608208	0.9939443871462398	0.9937733832320891	0.994166217701507	0.9938880052570009	0.9863162084400955	0.9870836852128675	0.9899783804488144	0.9899980242002344	0.9841152503290442	0.9862435537384578	0.9870956324881106	0.986474085694677	0.9858034708476529	0.9848804676463586	0.9817670422092614	0.9758863642315406	0.9862617444682354	0.9850740828025729	0.9846127237092391	0.9846965543014434	0.9849583374071597	0.9868763851319786	0.9855355166217341	0.9848114316207328
0.9859919586810584	0.9858438117925765	0.9835973541025848	0.9867328547877925	0.9852177219109679	0.9927907015818508	0.9933121827632245	0.9899275493348956	0.9897776924261933	0.99405052110552	0.9939896353920015	0.9871719205027512	0.9852407643728596	0.9981128651578187	0.9984804731427488	1.0	0.9858973390971948	0.9938802957937162	0.9936133498260068	0.9942206826278986	0.9938398066120047	0.9871028091035694	0.9866521580454232	0.9899384128067732	0.9901384098520589	0.9849995253110831	0.9859586560249354	0.9868852789039275	0.986474085694677	0.985508286426696	0.9846564418645084	0.9819481041755751	0.9759474927774108	0.9859105561926261	0.9849995253110831	0.9847920077146507	0.984854400841973	0.9844149768277874	0.9867985843586702	0.9854919078838862	0.9856751755247243
0.9853636956049437	0.9857145460523488	0.9837570960172435	0.9858162439535618	0.9847838595090781	0.9856074249776372	0.9866973764229211	0.9854275773792086	0.9857318511556953	0.9876139040116779	0.987576074415141	0.986762281068069	0.9847155707870032	0.9884747654590572	0.9862724516608208	0.9858973390971948	1.0	0.9863473125066642	0.9864390070198279	0.986968007229641	0.9860831459129935	0.9962844455403427	0.9950594265615027	0.9878756248488807	0.9881908445470963	0.9843294410808379	0.985179115040667	0.9876009618511393	0.9866626775734291	0.9860335554101586	0.9847013695037691	0.9811913787361407	0.9755171605842574	0.9863690519079527	0.9854479479758198	0.9843505043667476	0.9854275773792086	0.9838624670668416	0.9858770411438867	0.9844950822191524	0.9850174894753787
0.9862445135411227	0.9863981617415719	0.984522107424317	0.9870599333558846	0.9860243840140568	0.9952210074702282	0.9958147254695008	0.9904707855936677	0.9898258509412099	0.9951439142386068	0.9950922168274234	0.9876657632638665	0.9856549544690342	0.9947003109607185	0.9939443871462398	0.9938802957937162	0.9863473125066642	1.0	0.999093959649921	0.9989940535647895	0.9988171595519157	0.9872810065766299	0.9867080358362375	0.9888198848797022	0.9890947679018944	0.9859825875561307	0.9861342697233704	0.9873344013333667	0.9866391626488025	0.9858663811087897	0.9852799017009569	0.9821794360649988	0.976099813509478	0.9865293592598174	0.9864679938207628	0.9858601076317233	0.9858191793393075	0.9853866425051554	0.9869022778863334	0.9861400386226788	0.9867080358362375
0.9862902248656822	0.9863770125520774	0.9846995472126528	0.9871141316960684	0.9862009845315162	0.9955783895040419	0.9961248285039567	0.9901673688701663	0.9897776924261933	0.9954732168958978	0.9950421274424402	0.987909933991128	0.9858191793393075	0.9949593979752679	0.9937733832320891	0.9936133498260068	0.9864390070198279	0.999093959649921	1.0	0.9992133003337007	0.9987894677051505	0.9872659093136769	0.9866971813540492	0.9890877085756686	0.9892630266543041	0.9858353669714026	0.9863959436036155	0.9874531392599027	0.9868268129861603	0.9859291711668132	0.9853899987918525	0.982434568864249	0.976432430146913	0.9868476485236443	0.9864987658673852	0.9857743887027861	0.9857132970634953	0.9854716373064648	0.9870572079057185	0.9863107364009331	0.9864190632451514
0.9842855290519736	0.9862830461737749	0.9846027283125333	0.9849890745884317	0.9850608816641281	0.9948673754735922	0.994329344688374	0.9908634003096549	0.988575291925133	0.9942569429141389	0.9935240885395703	0.9856916362079032	0.986672940633881	0.9934964276398409	0.994166217701507	0.9942206826278986	0.986968007229641	0.9989940535647895	0.9992133003337007	1.0	0.998915400008512	0.9882748754314613	0.9877274383336235	0.9875725108065591	0.9876161832279453	0.9869001494778548	0.985323235331712	0.9856880203350125	0.9847511382331057	0.986121147754143	0.9846997144721616	0.9811218914131811	0.974497886050456	0.9844670115953379	0.9874836523262235	0.9869905954121967	0.9868321514628138	0.9855599336558282	0.984541854386653	0.9860515178762208	0.9874168506927065
0.9861758271568547	0.9859725710372791	0.984321334115246	0.9870328006696364	0.985846829474333	0.9950801076207572	0.9962221570855008	0.9906523922493786	0.9898739392662196	0.9949780289032842	0.994941721165585	0.9874197680794538	0.9854465312995988	0.9942719340123387	0.9938880052570009	0.9938398066120047	0.9860831459129935	0.9988171595519157	0.9987894677051505	0.998915400008512	1.0	0.9872813472109909	0.9867276140647819	0.9885081288580853	0.988828613996956	0.9858791308256789	0.9861561556106397	0.9870956324881106	0.9866861756972792	0.9856351189174857	0.9849473783419038	0.9818964743148383	0.97591694286289	0.9863958241336139	0.9863666563110629	0.9858176785139371	0.9854879775457137	0.9852159902114314	0.9868763851319786	0.9858823182765977	0.9865676773295298
0.986676226505606	0.9862710620565733	0.9848320003766798	0.9868968005732004	0.9856459271342841	0.9868986298055002	0.9879689805601567	0.9848157950821882	0.9871712377754542	0.9890573172081668	0.988566391370524	0.9882618905143257	0.9863069867663832	0.9894590440111317	0.9863162084400955	0.9871028091035694	0.9962844455403427	0.9872810065766299	0.9872659093136769	0.9882748754314613	0.9872813472109909	1.0	0.998598823391108	0.9890055327937775	0.9893109433050186	0.9846151833755794	0.9865908413251556	0.9886747003296746	0.987840185856299	0.9869381210620155	0.9859782300538782	0.9822306219132654	0.9771171087933423	0.9869793653831613	0.9865431322595953	0.9849809297022832	0.9856014271293357	0.9853227517592615	0.9866685060643744	0.9859684497974224	0.9842204720434076
0.9863130567159333	0.9856064347626784	0.9842092602487088	0.9867328547877925	0.9853761319237287	0.9863922991723151	0.9873393195476847	0.9864143712339208	0.9868830947611	0.9885158385071813	0.988301106977513	0.9876434758712567	0.9856755275224431	0.9887306863091084	0.9870836852128675	0.9866521580454232	0.9950594265615027	0.9867080358362375	0.9866971813540492	0.9877274383336235	0.9867276140647819	0.998598823391108	1.0	0.9885915525930954	0.9890465358369379	0.9855274680766475	0.9862217259803987	0.9879238539143006	0.9875440139287316	0.9865710738970398	0.985543517373327	0.9818964743148383	0.9766124347712285	0.9868740341204186	0.9858729782056473	0.9852607806190932	0.9854661167180767	0.9851731882243354	0.9864855277740409	0.9855790675473215	0.9857920079565672
0.9850331366717634	0.985924338056817	0.9848218151077259	0.9849312530829348	0.9850545795170208	0.9873607263667397	0.9865950901307623	0.9879606637978513	0.9867776865906869	0.9882144710499432	0.9871220121642607	0.9871040004769941	0.9872307333319669	0.9904954461396592	0.9899783804488144	0.9899384128067732	0.9878756248488807	0.9888198848797022	0.9890877085756686	0.9875725108065591	0.9885081288580853	0.9890055327937775	0.9885915525930954	1.0	0.9989249159703749	0.9868596061760502	0.9859920325188508	0.9876599055242685	0.9864504354793607	0.9872524345271548	0.9854694422680242	0.9807395031191235	0.9750703194926583	0.9858017389395616	0.987339096486695	0.987447104017451	0.9869910707862359	0.9860820754576259	0.9863542028018014	0.9865064432259271	0.9891901411105885
0.9843042946530259	0.9860680527263284	0.985102927353457	0.9806401465653422	0.9851572958708915	0.9874646073271262	0.9866182252777922	0.9881412701600839	0.9837379490237944	0.9889014148001439	0.9875909689964172	0.9878422465281681	0.9876917102598819	0.9885318087708731	0.9899980242002344	0.9901384098520589	0.9881908445470963	0.9890947679018944	0.9892630266543041	0.9876161832279453	0.988828613996956	0.9893109433050186	0.9890465358369379	0.9989249159703749	1.0	0.9874392766789126	0.9862787292893614	0.9853106829520704	0.9849666109063709	0.9876161832279453	0.9863311881454063	0.9815125351498685	0.9761468395531712	0.9812490899934176	0.9878672691305602	0.9876413781623734	0.9873377586886608	0.9861208485864164	0.9820584542174302	0.9868512245861312	0.9893109433050186
0.9856676926044694	0.9847507267762408	0.9847437576785085	0.985788064891465	0.9854212519519903	0.9855237055413198	0.9866973764229211	0.9847365736047574	0.9859761679174911	0.9871113230717543	0.986598220640831	0.9869677383573058	0.9851990566405864	0.9869857402615152	0.9841152503290442	0.9849995253110831	0.9843294410808379	0.9859825875561307	0.9858353669714026	0.9869001494778548	0.9858791308256789	0.9846151833755794	0.9855274680766475	0.9868596061760502	0.9874392766789126	1.0	0.9892844266200319	0.9866432161054662	0.9862368145161601	0.985508286426696	0.9845438529658821	0.9810591211196767	0.9752686752848554	0.9885201759362809	0.9913336406005676	0.983525202232089	0.9844715172715532	0.9845898328345905	0.986248763842498	0.9853607332309876	0.9844526281483852
0.9846272174672672	0.9842649447711515	0.983348411481126	0.9837828807787009	0.9839221470287488	0.9853589337475793	0.9846697493522315	0.9858042204881347	0.9840262174132374	0.9851114283703072	0.9842649447711515	0.9846826553452999	0.9849756350108813	0.9853006005900381	0.9862435537384578	0.9859586560249354	0.985179115040667	0.9861342697233704	0.9863959436036155	0.985323235331712	0.9861561556106397	0.9865908413251556	0.9862217259803987	0.9859920325188508	0.9862787292893614	0.9892844266200319	1.0	0.9854369442978639	0.985392611324755	0.9861123692545813	0.9840790146167525	0.9794844983700881	0.9738343958024482	0.9871367326663877	0.9891048790731167	0.9854037350159572	0.9857820989016121	0.9838920245721252	0.9859037326399599	0.9840790146167525	0.9862217259803987
0.9838887810705453	0.9856254309875642	0.9850248075209223	0.9795892870986513	0.9853422938203438	0.98649101712751	0.985656740565409	0.9872152334685401	0.9818095914795176	0.9875419124493869	0.9862152709737922	0.9866128326086855	0.9870656641929719	0.9813488894558002	0.9870956324881106	0.9868852789039275	0.9876009618511393	0.9873344013333667	0.9874531392599027	0.9856880203350125	0.9870956324881106	0.9886747003296746	0.9879238539143006	0.9876599055242685	0.9853106829520704	0.9866432161054662	0.9854369442978639	1.0	0.9961318775711514	0.9987388575453467	0.986521513327972	0.9820200551880581	0.9762196732795767	0.9806271985607508	0.9879822228918665	0.987482756932678	0.9878653812955092	0.9864299397464829	0.9876893378327494	0.9862767480700112	0.9876599055242685
0.9850240616161995	0.9854414402836454	0.9854170348775174	0.9831474581848588	0.9845010414152691	0.9860696998600033	0.9862844059362361	0.986592082299394	0.9840262174132374	0.9862368145161601	0.9854901967655129	0.9845762707709452	0.9860696998600033	0.9849529480826333	0.986474085694677	0.986474085694677	0.9866626775734291	0.9866391626488025	0.9868268129861603	0.9847511382331057	0.9866861756972792	0.987840185856299	0.9875440139287316	0.9864504354793607	0.9849666109063709	0.9862368145161601	0.985392611324755	0.9961318775711514	1.0	0.9986205459152616	0.985392611324755	0.9807269067220427	0.9744734744806501	0.9832823010704023	0.9860696998600033	0.9864267682413351	0.9862368145161601	0.9861652979541182	0.9905492183169033	0.9855388809887642	0.9869435531458318
0.9855511033593692	0.9847284896078063	0.9835973541025848	0.9856468059449216	0.9851041022539169	0.984888262008556	0.9856657728350501	0.9859500745549873	0.9855405630722032	0.9866865609432806	0.9862947497048324	0.9864169741919501	0.9849960014363054	0.9871347375048891	0.9858034708476529	0.985508286426696	0.9860335554101586	0.9858663811087897	0.9859291711668132	0.986121147754143	0.9856351189174857	0.9869381210620155	0.9865710738970398	0.9872524345271548	0.9876161832279453	0.985508286426696	0.9861123692545813	0.9987388575453467	0.9986205459152616	1.0	0.985058594030678	0.9815327664738749	0.9757637614366617	0.9862617444682354	0.9860127050667384	0.985465899878782	0.9859082544745468	0.9846116244744342	0.993812095160632	0.9848529866049892	0.986241334628326
0.9844586041469827	0.9843402143979605	0.9833961876456957	0.985561758137192	0.984250867540365	0.9841124570618873	0.9839728896497524	0.9852136658569692	0.9844255839641164	0.9849078494968603	0.9842507737137757	0.985070693328124	0.9847910407181338	0.9858616670145607	0.9848804676463586	0.9846564418645084	0.9847013695037691	0.9852799017009569	0.9853899987918525	0.9846997144721616	0.9849473783419038	0.9859782300538782	0.985543517373327	0.9854694422680242	0.9863311881454063	0.9845438529658821	0.9840790146167525	0.986521513327972	0.985392611324755	0.985058594030678	1.0	0.9805516060098094	0.9751437167716148	0.9848058144303552	0.9848804676463586	0.9853019506635218	0.9851472961520165	0.9838600839097232	0.9862223511799262	0.9844761137580871	0.9858050344955479
0.9794590826827138	0.981454300308049	0.9804977221332933	0.9807718249111732	0.9800907358974098	0.9807662576151681	0.9801725396935953	0.9820511202234897	0.9811168517946237	0.9817410942470804	0.9807127267093274	0.9809393832964511	0.9816891365167688	0.9829889616353515	0.9817670422092614	0.9819481041755751	0.9811913787361407	0.9821794360649988	0.982434568864249	0.9811218914131811	0.9818964743148383	0.9822306219132654	0.9818964743148383	0.9807395031191235	0.9815125351498685	0.9810591211196767	0.9794844983700881	0.9820200551880581	0.9807269067220427	0.9815327664738749	0.9805516060098094	1.0	0.9747962208025632	0.9794800919544796	0.9815066319897003	0.9815327664738749	0.982763297469476	0.9803084258532296	0.9807735820137073	0.9802812937925081	0.9818964743148383
0.9733497961882436	0.974511614028944	0.9743516478905861	0.9753131264481252	0.9747975828889905	0.9752998400050877	0.9741586426664094	0.9756715051058126	0.9739551476065468	0.9756098551742598	0.974829202392216	0.9754416539464342	0.9756715051058126	0.9762303738512957	0.9758863642315406	0.9759474927774108	0.9755171605842574	0.976099813509478	0.976432430146913	0.974497886050456	0.97591694286289	0.9771171087933423	0.9766124347712285	0.9750703194926583	0.9761468395531712	0.9752686752848554	0.9738343958024482	0.9762196732795767	0.9744734744806501	0.9757637614366617	0.9751437167716148	0.9747962208025632	1.0	0.9740632566996801	0.9757022863022284	0.976281662082454	0.97591694286289	0.9745435129388479	0.9744211756829183	0.9747659325865424	0.9762514244717437
0.9841533392198584	0.9853904340870817	0.9843248048791162	0.9801750491986959	0.983691666571043	0.9854455731772789	0.9846650713583145	0.9866092208219024	0.978404965543737	0.9860731094668054	0.9851411562020373	0.9840959842687171	0.9856925601366346	0.9804288910972313	0.9862617444682354	0.9859105561926261	0.9863690519079527	0.9865293592598174	0.9868476485236443	0.9844670115953379	0.9863958241336139	0.9869793653831613	0.9868740341204186	0.9858017389395616	0.9812490899934176	0.9885201759362809	0.9871367326663877	0.9806271985607508	0.9832823010704023	0.9862617444682354	0.9848058144303552	0.9794800919544796	0.9740632566996801	1.0	0.9898719568098292	0.9863690519079527	0.9861271157294278	0.9847777140514653	0.9800046615412413	0.9856925601366346	0.986342257864812
0.9860610299487121	0.9855196888512571	0.9843660566894376	0.9862082346931976	0.9854437887454307	0.9855655919279556	0.986567470722868	0.9856251127769494	0.9864594198917739	0.9876761904785208	0.987154486626097	0.9870132217972947	0.9847790394236801	0.987519002300797	0.9850740828025729	0.9849995253110831	0.9854479479758198	0.9864679938207628	0.9864987658673852	0.9874836523262235	0.9863666563110629	0.9865431322595953	0.9858729782056473	0.987339096486695	0.9878672691305602	0.9913336406005676	0.9891048790731167	0.9879822228918665	0.9860696998600033	0.9860127050667384	0.9848804676463586	0.9815066319897003	0.9757022863022284	0.9898719568098292	1.0	0.9846598670008535	0.9855237651494958	0.9842832206359005	0.9872370423400584	0.985316891675103	0.9854628061548274
0.9860610299487121	0.9856497219771739	0.9845443399322227	0.9870056455892898	0.9860465110376136	0.9856283215442407	0.9865240545403443	0.9847564061042602	0.9861111187326175	0.9876969264745173	0.9874711826480285	0.9870132217972947	0.9849056097393091	0.9882455994309933	0.9846127237092391	0.9847920077146507	0.9843505043667476	0.9858601076317233	0.9857743887027861	0.9869905954121967	0.9858176785139371	0.9849809297022832	0.9852607806190932	0.987447104017451	0.9876413781623734	0.983525202232089	0.9854037350159572	0.987482756932678	0.9864267682413351	0.985465899878782	0.9853019506635218	0.9815327664738749	0.976281662082454	0.9863690519079527	0.9846598670008535	1.0	0.9846949049355499	0.9915397780890485	0.9861694621051103	0.9948993999712298	0.9852644842430635
0.9863586729043289	0.9864826227275746	0.9840968022071306	0.9866505744361487	0.9858245675542333	0.9851443048726481	0.9861307073508586	0.9850816573912576	0.9862991239047962	0.9872376896616729	0.9871968892648862	0.9874870401965489	0.9853655707103354	0.9877240708836977	0.9846965543014434	0.984854400841973	0.9854275773792086	0.9858191793393075	0.9857132970634953	0.9868321514628138	0.9854879775457137	0.9856014271293357	0.9854661167180767	0.9869910707862359	0.9873377586886608	0.9844715172715532	0.9857820989016121	0.9878653812955092	0.9862368145161601	0.9859082544745468	0.9851472961520165	0.982763297469476	0.97591694286289	0.9861271157294278	0.9855237651494958	0.9846949049355499	1.0	0.9851517662924498	0.9863542028018014	0.9860543561816665	0.9851822540252988
0.9847231804286867	0.9832497538525258	0.9826928248835383	0.9850756163675664	0.9846456504786654	0.9846769127159829	0.9852393724770214	0.9850014201859263	0.9847640716065011	0.9857762914786957	0.9852998851241241	0.9853587417020259	0.9842171435967275	0.9861692801520799	0.9849583374071597	0.9844149768277874	0.9838624670668416	0.9853866425051554	0.9854716373064648	0.9855599336558282	0.9852159902114314	0.9853227517592615	0.9851731882243354	0.9860820754576259	0.9861208485864164	0.9845898328345905	0.9838920245721252	0.9864299397464829	0.9861652979541182	0.9846116244744342	0.9838600839097232	0.9803084258532296	0.9745435129388479	0.9847777140514653	0.9842832206359005	0.9915397780890485	0.9851517662924498	1.0	0.9855819947523428	0.9921286575391826	0.9855352393953372
0.983782249379575	0.9845140322509172	0.9836396306634934	0.9802084908616258	0.9848463513433423	0.9860368659171324	0.9849838308070965	0.9869798340957991	0.979608340661915	0.9863542028018014	0.9856089269030089	0.9840091570193643	0.9860634279806839	0.9817514759010014	0.9868763851319786	0.9867985843586702	0.9858770411438867	0.9869022778863334	0.9870572079057185	0.984541854386653	0.9868763851319786	0.9866685060643744	0.9864855277740409	0.9863542028018014	0.9820584542174302	0.986248763842498	0.9859037326399599	0.9876893378327494	0.9905492183169033	0.993812095160632	0.9862223511799262	0.9807735820137073	0.9744211756829183	0.9800046615412413	0.9872370423400584	0.9861694621051103	0.9863542028018014	0.9855819947523428	1.0	0.9859037326399599	0.9873648964592687
0.9846992159783914	0.9845624872526831	0.983996501667723	0.9866505744361487	0.9853761319237287	0.9853388197680997	0.9857992838364259	0.9859038723289801	0.9848481508943638	0.9861694972990037	0.9854119249804253	0.9866475811555112	0.985513719489094	0.986655551387522	0.9855355166217341	0.9854919078838862	0.9844950822191524	0.9861400386226788	0.9863107364009331	0.9860515178762208	0.9858823182765977	0.9859684497974224	0.9855790675473215	0.9865064432259271	0.9868512245861312	0.9853607332309876	0.9840790146167525	0.9862767480700112	0.9855388809887642	0.9848529866049892	0.9844761137580871	0.9802812937925081	0.9747659325865424	0.9856925601366346	0.985316891675103	0.9948993999712298	0.9860543561816665	0.9921286575391826	0.9859037326399599	1.0	0.986733643567777
0.986335872721368	0.9861434690878589	0.9843883951385195	0.98618038986013	0.9861128028737229	0.9855237055413198	0.9866324877133447	0.9842214172141505	0.9862455177654955	0.9875098306280341	0.9869843275115252	0.9875318120138588	0.9857782000066689	0.9881304158098506	0.9848114316207328	0.9856751755247243	0.9850174894753787	0.9867080358362375	0.9864190632451514	0.9874168506927065	0.9865676773295298	0.9842204720434076	0.9857920079565672	0.9891901411105885	0.9893109433050186	0.9844526281483852	0.9862217259803987	0.9876599055242685	0.9869435531458318	0.986241334628326	0.9858050344955479	0.9818964743148383	0.9762514244717437	0.986342257864812	0.9854628061548274	0.9852644842430635	0.9851822540252988	0.9855352393953372	0.9873648964592687	0.986733643567777	1.0
