/home/jshaw/scratch/2022_sketched_distance/references/SGB_genome_fastas_part4/5234/BritoIL_2016__M1.27.ST__bin.63.fa	/home/jshaw/scratch/2022_sketched_distance/references/SGB_genome_fastas_part4/5234/BritoIL_2016__M1.44.ST__bin.98.fa	/home/jshaw/scratch/2022_sketched_distance/references/SGB_genome_fastas_part4/5234/BritoIL_2016__M1.57.ST__bin.67.fa	/home/jshaw/scratch/2022_sketched_distance/references/SGB_genome_fastas_part4/5234/BritoIL_2016__M2.31.ST__bin.71.fa	/home/jshaw/scratch/2022_sketched_distance/references/SGB_genome_fastas_part4/5234/BritoIL_2016__M2.44.ST__bin.15.fa	/home/jshaw/scratch/2022_sketched_distance/references/SGB_genome_fastas_part4/5234/BritoIL_2016__W1.22.ST__bin.88.fa	/home/jshaw/scratch/2022_sketched_distance/references/SGB_genome_fastas_part4/5234/BritoIL_2016__W1.27.ST__bin.23.fa	/home/jshaw/scratch/2022_sketched_distance/references/SGB_genome_fastas_part4/5234/BritoIL_2016__W1.2.ST__bin.88.fa	/home/jshaw/scratch/2022_sketched_distance/references/SGB_genome_fastas_part4/5234/BritoIL_2016__W1.44.ST__bin.43.fa	/home/jshaw/scratch/2022_sketched_distance/references/SGB_genome_fastas_part4/5234/BritoIL_2016__W1.4.ST__bin.36.fa	/home/jshaw/scratch/2022_sketched_distance/references/SGB_genome_fastas_part4/5234/BritoIL_2016__W2.15.ST__bin.13.fa	/home/jshaw/scratch/2022_sketched_distance/references/SGB_genome_fastas_part4/5234/BritoIL_2016__W2.34.ST__bin.44.fa	/home/jshaw/scratch/2022_sketched_distance/references/SGB_genome_fastas_part4/5234/BritoIL_2016__W2.36.ST__bin.17.fa	/home/jshaw/scratch/2022_sketched_distance/references/SGB_genome_fastas_part4/5234/BritoIL_2016__W2.8.ST__bin.10.fa	/home/jshaw/scratch/2022_sketched_distance/references/SGB_genome_fastas_part4/5234/BritoIL_2016__W2.9.ST__bin.86.fa	/home/jshaw/scratch/2022_sketched_distance/references/SGB_genome_fastas_part4/5234/BritoIL_2016__W3.19.ST__bin.82.fa	/home/jshaw/scratch/2022_sketched_distance/references/SGB_genome_fastas_part4/5234/BritoIL_2016__W3.22.ST__bin.107.fa	/home/jshaw/scratch/2022_sketched_distance/references/SGB_genome_fastas_part4/5234/BritoIL_2016__WL.14.ST__bin.42.fa	/home/jshaw/scratch/2022_sketched_distance/references/SGB_genome_fastas_part4/5234/BritoIL_2016__WL.1.ST__bin.4.fa	/home/jshaw/scratch/2022_sketched_distance/references/SGB_genome_fastas_part4/5234/CosteaPI_2017__SID713A053-11-0-0__bin.71.fa	/home/jshaw/scratch/2022_sketched_distance/references/SGB_genome_fastas_part4/5234/CosteaPI_2017__SID713A053-11-90-0__bin.39.fa	/home/jshaw/scratch/2022_sketched_distance/references/SGB_genome_fastas_part4/5234/CosteaPI_2017__SID713A056-11-0-0__bin.68.fa	/home/jshaw/scratch/2022_sketched_distance/references/SGB_genome_fastas_part4/5234/CosteaPI_2017__SID713A056-11-90-0__bin.20.fa	/home/jshaw/scratch/2022_sketched_distance/references/SGB_genome_fastas_part4/5234/CosteaPI_2017__SID713A084-11-0-0__bin.32.fa	/home/jshaw/scratch/2022_sketched_distance/references/SGB_genome_fastas_part4/5234/CosteaPI_2017__SID713B012-11-0-0__bin.41.fa	/home/jshaw/scratch/2022_sketched_distance/references/SGB_genome_fastas_part4/5234/LiJ_2014__MH0402__bin.38.fa	/home/jshaw/scratch/2022_sketched_distance/references/SGB_genome_fastas_part4/5234/LiuW_2016__SRR3992955__bin.18.fa	/home/jshaw/scratch/2022_sketched_distance/references/SGB_genome_fastas_part4/5234/LiuW_2016__SRR3992970__bin.1.fa	/home/jshaw/scratch/2022_sketched_distance/references/SGB_genome_fastas_part4/5234/LiuW_2016__SRR3992989__bin.9.fa	/home/jshaw/scratch/2022_sketched_distance/references/SGB_genome_fastas_part4/5234/LiuW_2016__SRR3992991__bin.50.fa	/home/jshaw/scratch/2022_sketched_distance/references/SGB_genome_fastas_part4/5234/LiuW_2016__SRR3992995__bin.49.fa	/home/jshaw/scratch/2022_sketched_distance/references/SGB_genome_fastas_part4/5234/LiuW_2016__SRR3992997__bin.34.fa	/home/jshaw/scratch/2022_sketched_distance/references/SGB_genome_fastas_part4/5234/LiuW_2016__SRR3992998__bin.70.fa	/home/jshaw/scratch/2022_sketched_distance/references/SGB_genome_fastas_part4/5234/LiuW_2016__SRR3993002__bin.65.fa	/home/jshaw/scratch/2022_sketched_distance/references/SGB_genome_fastas_part4/5234/LiuW_2016__SRR3993004__bin.64.fa	/home/jshaw/scratch/2022_sketched_distance/references/SGB_genome_fastas_part4/5234/LiuW_2016__SRR3993009__bin.6.fa	/home/jshaw/scratch/2022_sketched_distance/references/SGB_genome_fastas_part4/5234/LiuW_2016__SRR3993030__bin.22.fa	/home/jshaw/scratch/2022_sketched_distance/references/SGB_genome_fastas_part4/5234/LiuW_2016__SRR3993034__bin.29.fa	/home/jshaw/scratch/2022_sketched_distance/references/SGB_genome_fastas_part4/5234/LiuW_2016__SRR3993055__bin.60.fa	/home/jshaw/scratch/2022_sketched_distance/references/SGB_genome_fastas_part4/5234/RaymondF_2016__P14E90__bin.91.fa
1.0	0.9808485361398017	0.980596758121396	0.9809174178122968	0.9868440397337704	0.980695552252549	0.9796126730594986	0.9807304709872479	0.9820653569864106	0.9792467637697871	0.9813875550045323	0.9784615822981324	0.9887175940850139	0.9829618122656283	0.9795834055614643	0.9785492254672569	0.9814361433494809	0.9806841350326783	0.9844352882447696	0.9673903110267463	0.9668556009288847	0.9678449124379431	0.9704275836629451	0.9683194948867386	0.9692232770317799	0.9768390099246402	0.9663572625336192	0.9695208625734024	0.9687483103855868	0.9693980301818296	0.9698440753424094	0.9678775105357769	0.9681948717223571	0.9677246662321237	0.9669923773104538	0.9704378030925734	0.9693910236364476	0.9686452044985542	0.9688498900691971	0.9673799543855117
0.9808485361398017	1.0	0.9818710856226952	0.9819345419972452	0.9831168131057479	0.9831956242363604	0.9810805572286965	0.9814644789149386	0.9819653265752932	0.9798688294375385	0.982511148817396	0.9817927631020131	0.9820653569864106	0.982874755999346	0.9818138000165013	0.9827431181458285	0.9815471236475477	0.9839093194744372	0.9844352882447696	0.9704545869371408	0.9713994974530321	0.9720806809590931	0.9750873971850417	0.9726132471479144	0.9732610763930867	0.9795614223850649	0.9704666122916683	0.9724848125768397	0.9724892753745412	0.9733936991296158	0.9741736186104061	0.9718918715776068	0.9707012980438564	0.9723812602024018	0.9704707611806158	0.9742136294640233	0.9727366346578885	0.9701575038172698	0.9729917035515635	0.9717658362118574
0.980596758121396	0.9818710856226952	1.0	0.9782212300039986	0.9767232831821974	0.9763284056071201	0.9772885636409435	0.9736084892558523	0.9808352643684054	0.9815737269639779	0.9758967944506461	0.9739098427361876	0.9797304524577433	0.9808691950896242	0.9731351376775457	0.9750159998811226	0.9811393807173314	0.9758967944506461	0.9739615256345153	0.9698821676925331	0.9688188100755663	0.9705876347949174	0.9683271148747354	0.9637369952449785	0.9693064967988639	0.9812401275897588	0.9639357516589957	0.9661033241282576	0.9662632930171499	0.9657467485540658	0.9681912519459324	0.9667384876980339	0.969160962304343	0.9658887885959696	0.9642324947707994	0.9664825664522689	0.968323645472934	0.9654675494737288	0.9679724545057234	0.965672813940614
0.9809174178122968	0.9819345419972452	0.9782212300039986	1.0	0.9803242138966481	0.9871147321278985	0.9815314790210816	0.9849063046828799	0.9808878872258822	0.9784026508935091	0.9784318211554878	0.9770998754964593	0.9814154003080982	0.9817048285506567	0.9881184342654512	0.9780637040075408	0.9940897936667642	0.9787218053220859	0.9801107195934247	0.9687055523035392	0.9679224377422493	0.96689330626165	0.9696186038868126	0.9672886971742576	0.967816903878054	0.9778561333856255	0.9655701683335112	0.9682743420286064	0.9676795910220813	0.9683815338840144	0.9691656463731145	0.9665980104310082	0.9663892515881145	0.9676740318203308	0.96502144249991	0.9694644242663433	0.9680532196792799	0.9667615196195116	0.9673423201203933	0.9663077438318239
0.9868440397337704	0.9831168131057479	0.9767232831821974	0.9803242138966481	1.0	0.9792697342545124	0.9810087562491301	0.9752560430940177	0.9841879939649829	0.9841000532400918	0.9762788308909981	0.9717225423772178	0.9889994568332422	0.9846674993891957	0.9737799006690235	0.9766127377366469	0.9839676985179453	0.9772704501747047	0.9719789857250599	0.9726739165655758	0.9716581130651807	0.9726739165655758	0.9608582553925851	0.9649441652572393	0.9715288686533072	0.98233630367817	0.956447690941934	0.9696630676382626	0.9686173987518971	0.9676099091266516	0.9575667035980069	0.9697315902483259	0.972548668663584	0.9689697294843205	0.9668705073330729	0.9652602322228772	0.9714640525071598	0.9565510572647032	0.9695943994521087	0.9691792976528255
0.980695552252549	0.9831956242363604	0.9763284056071201	0.9871147321278985	0.9792697342545124	1.0	0.9832522110498725	0.984593643419318	0.9828826379953262	0.9794177008890766	0.9790174570930557	0.9769450012153518	0.9803575900475674	0.9829397674035412	0.9859632625430216	0.978514784057907	0.9927599583279986	0.9797343278831919	0.9823661490978739	0.9710972580051318	0.9704336037591722	0.9690202356953161	0.9702819937850393	0.967122885339865	0.9688446403738551	0.9792264326903984	0.9657867456914532	0.9682743420286064	0.9682669113333332	0.9679658018464466	0.969028234320781	0.9664526570837636	0.9683567709626518	0.9675216499057364	0.9659181193920506	0.9704378030925734	0.9687059788123806	0.9679336670860325	0.9685260737089799	0.9664560721523054
0.9796126730594986	0.9810805572286965	0.9772885636409435	0.9815314790210816	0.9810087562491301	0.9832522110498725	1.0	0.983279639157637	0.9812905158508054	0.9769609050485392	0.9806489601174542	0.9784121500569436	0.9796686045978542	0.9807896452398279	0.9807944106252171	0.9805842650987724	0.9825730884241362	0.9805223323151615	0.9845985719493164	0.9674895577930046	0.9673810412825251	0.9678449124379431	0.9714991155890295	0.9693701166792871	0.969266254303396	0.9749906463850889	0.9651325915800607	0.9693321933834115	0.9687483103855868	0.9691972740116924	0.9695744103696322	0.9684759217354535	0.9680664410226689	0.9682266870316095	0.9662287232106039	0.9709415013864324	0.9690274751898263	0.9655451220310222	0.9685725324921137	0.9683246872857839
0.9807304709872479	0.9814644789149386	0.9736084892558523	0.9849063046828799	0.9752560430940177	0.984593643419318	0.983279639157637	1.0	0.9837020024138454	0.9800157527110326	0.9768701404260786	0.9751908940149104	0.9802676861128878	0.9822836630749421	0.9810997780555962	0.9768701404260786	0.9903170593910976	0.9763891512132312	0.9776376142149779	0.9701781863151456	0.9701292491961647	0.9682124949560229	0.9657462359169281	0.9634898026657776	0.9671022851793118	0.9783860440307838	0.9618904453087368	0.9662299828060297	0.9647600732406141	0.9641763436081419	0.9650779013116327	0.967209681430198	0.9681604852483269	0.9651052914969676	0.9632197440975511	0.9653140042958551	0.9663953485850367	0.962542447291005	0.9668322186282441	0.964817867546623
0.9820653569864106	0.9819653265752932	0.9808352643684054	0.9808878872258822	0.9841879939649829	0.9828826379953262	0.9812905158508054	0.9837020024138454	1.0	0.980432249461037	0.9809721401461934	0.9821917810114641	0.9827081760770983	0.9819639632486725	0.9816647691103261	0.9815090193011016	0.9817171098096266	0.9830798439971357	0.9848419844055497	0.9689111077105846	0.9699411691559569	0.9698356986381964	0.9734753297852977	0.9719519344756615	0.9723759551474723	0.9776626363702944	0.9693908817559437	0.972269526863181	0.9714072781847253	0.9720851243354748	0.9725476263698286	0.9709762622592808	0.9697789308257961	0.9711307881396509	0.9693212210117432	0.9737586413629503	0.9717435412152682	0.9699554010037866	0.9720465811194837	0.9707454749460064
0.9792467637697871	0.9798688294375385	0.9815737269639779	0.9784026508935091	0.9841000532400918	0.9794177008890766	0.9769609050485392	0.9800157527110326	0.980432249461037	1.0	0.9795927684106317	0.9802398496136905	0.9796965344834825	0.9843153977794764	0.9784083697594822	0.9795325328858836	0.9795424574399464	0.9799000702994178	0.9804360010025798	0.9701311688193396	0.9700528536034	0.9717481278172582	0.9747713208171199	0.9731235486487795	0.9726865713083843	0.9787399869713013	0.9713869591150045	0.972269526863181	0.9714072781847253	0.9732163148407077	0.9733406886185167	0.9718918715776068	0.9708983793974092	0.9718066813385474	0.9701529880677421	0.972933680637423	0.9735813194228671	0.9710189779482306	0.9722129423823077	0.9720989353057105
0.9813875550045323	0.982511148817396	0.9758967944506461	0.9784318211554878	0.9762788308909981	0.9790174570930557	0.9806489601174542	0.9768701404260786	0.9809721401461934	0.9795927684106317	1.0	0.9741926619986264	0.98113254013281	0.9832093281603443	0.976974557917726	0.9785359355853898	0.9823881926017864	0.9769017769744782	0.9799703157644537	0.9694397958227895	0.969070867640952	0.968884811439425	0.9687888543922308	0.964225746722353	0.9685566112967559	0.9777645959307306	0.9648375320236247	0.966153107739521	0.9648416815947639	0.9672251254387909	0.9666721645135186	0.9665140541989832	0.9676000792076797	0.965849777387963	0.9643731010148059	0.9674249962958431	0.9669627685517705	0.9648401429739611	0.9670616400831894	0.9656490409197143
0.9784615822981324	0.9817927631020131	0.9739098427361876	0.9770998754964593	0.9717225423772178	0.9769450012153518	0.9784121500569436	0.9751908940149104	0.9821917810114641	0.9802398496136905	0.9741926619986264	1.0	0.9799579806398552	0.9817927631020131	0.9711233858907103	0.9766852292179408	0.9820593147450087	0.9772540168153824	0.9688141112116435	0.9722788196533947	0.9714314663435705	0.970874792910441	0.9606621011700217	0.9639423095159825	0.9706870869692613	0.9807963968060129	0.9569709442222283	0.9681422309063709	0.9688141112116435	0.9661829192745104	0.9600316750062398	0.9702448243764656	0.9699893609204049	0.9675944702099103	0.9657471057204862	0.9624379590956325	0.9689468256726734	0.9555330236956202	0.9692106298030083	0.9684799189608158
0.9887175940850139	0.9820653569864106	0.9797304524577433	0.9814154003080982	0.9889994568332422	0.9803575900475674	0.9796686045978542	0.9802676861128878	0.9827081760770983	0.9796965344834825	0.98113254013281	0.9799579806398552	1.0	0.9843470078909663	0.9809474508157175	0.9799968375274892	0.981330087907484	0.982043551487026	0.9847610473151027	0.9690208909510246	0.968473319142807	0.9690782578149498	0.9734091519681866	0.9699337191930654	0.9711028287974525	0.9780063579170384	0.9691972740116924	0.9707210830416761	0.970242279705616	0.9712927228237244	0.9724858105724153	0.9693754274011744	0.96907985825911	0.9703939326522162	0.9685155019505668	0.9720871860480834	0.9708920532140456	0.9705579595374957	0.9709438931176503	0.9698254785362588
0.9829618122656283	0.982874755999346	0.9808691950896242	0.9817048285506567	0.9846674993891957	0.9829397674035412	0.9807896452398279	0.9822836630749421	0.9819639632486725	0.9843153977794764	0.9832093281603443	0.9817927631020131	0.9843470078909663	1.0	0.9820360816161171	0.9817283728093252	0.9822868661153821	0.9831697270126245	0.9847610473151027	0.9699347664442958	0.9702750718972841	0.9709205478925519	0.9744521395193967	0.9716161468675083	0.9719439383272677	0.9780718310280314	0.9689373121386977	0.9710815980752704	0.9717138978869886	0.9718076613810157	0.972977068087567	0.9708069694994862	0.9701429964287064	0.9724250394747391	0.9695544225968856	0.9724602502182469	0.9722438917582638	0.9702915407038679	0.9718793612876165	0.9705287898244065
0.9795834055614643	0.9818138000165013	0.9731351376775457	0.9881184342654512	0.9737799006690235	0.9859632625430216	0.9807944106252171	0.9810997780555962	0.9816647691103261	0.9784083697594822	0.976974557917726	0.9711233858907103	0.9809474508157175	0.9820360816161171	1.0	0.9766278175230166	0.9944117765350845	0.9774028554827379	0.9726375433118929	0.9703503236664331	0.9695473197166308	0.9682195038081413	0.9638437187132588	0.9626874410408126	0.9676497125193446	0.9777414851616721	0.9582831559569411	0.9664790077615613	0.9660590018459104	0.9644491647116903	0.9628213058715273	0.9666573473433364	0.9685566112967559	0.9661193390705257	0.9632195828035172	0.9629837229736973	0.9671865198169854	0.9621142632657649	0.9662996754378265	0.9657556080183956
0.9785492254672569	0.9827431181458285	0.9750159998811226	0.9780637040075408	0.9766127377366469	0.978514784057907	0.9805842650987724	0.9768701404260786	0.9815090193011016	0.9795325328858836	0.9785359355853898	0.9766852292179408	0.9799968375274892	0.9817283728093252	0.9766278175230166	1.0	0.9828338273749153	0.9770334060397821	0.97916308672984	0.9701072087658533	0.969928147374485	0.9697931975113601	0.9695440464810039	0.9662807839036726	0.9689251748912259	0.979129233982649	0.9646144472469915	0.9663612526621722	0.9662144420715786	0.9668483078684698	0.9671865198169854	0.9667216157377729	0.9675052602293385	0.965849777387963	0.9640990517587403	0.9681595973616739	0.9680331774556422	0.96569970850266	0.966968557257501	0.9654060844150888
0.9814361433494809	0.9815471236475477	0.9811393807173314	0.9940897936667642	0.9839676985179453	0.9927599583279986	0.9825730884241362	0.9903170593910976	0.9817171098096266	0.9795424574399464	0.9823881926017864	0.9820593147450087	0.981330087907484	0.9822868661153821	0.9944117765350845	0.9828338273749153	1.0	0.9833487568763216	0.9838156332777144	0.9694690223785404	0.9706055626320121	0.9713369819070767	0.9738695875380313	0.9722842775378111	0.9724927852661847	0.9786395954996069	0.9691324794121092	0.972269526863181	0.971974424135286	0.9717611856354778	0.9734008977603307	0.9712285526210894	0.9712112344159131	0.9718957440095175	0.9689918849335584	0.9731418957666342	0.9730206472907638	0.9711495002120137	0.9726660811552966	0.9713021588049763
0.9806841350326783	0.9839093194744372	0.9758967944506461	0.9787218053220859	0.9772704501747047	0.9797343278831919	0.9805223323151615	0.9763891512132312	0.9830798439971357	0.9799000702994178	0.9769017769744782	0.9772540168153824	0.982043551487026	0.9831697270126245	0.9774028554827379	0.9770334060397821	0.9833487568763216	1.0	0.9784829849060973	0.9718802724276498	0.9713255317822098	0.9693283433386869	0.9678586740547694	0.9675084615025745	0.9691446970303365	0.9790628148022085	0.9650590800377092	0.967632555091138	0.9663691357032249	0.9678610265356072	0.9681912519459324	0.9676366683498758	0.9688672550573675	0.9673173475034735	0.9643184777721813	0.9682804211235065	0.9668553697430597	0.9673529191930678	0.9674916096238898	0.9666570499390708
0.9844352882447696	0.9844352882447696	0.9739615256345153	0.9801107195934247	0.9719789857250599	0.9823661490978739	0.9845985719493164	0.9776376142149779	0.9848419844055497	0.9804360010025798	0.9799703157644537	0.9688141112116435	0.9847610473151027	0.9847610473151027	0.9726375433118929	0.97916308672984	0.9838156332777144	0.9784829849060973	1.0	0.9695578839083091	0.9691023482971359	0.9692331580104031	0.9603655982615636	0.9629865391991137	0.9695578839083091	0.9788248078302128	0.9551212850562908	0.9671435159039792	0.9667229514092494	0.9657197429965322	0.9575711867724338	0.9680363457339137	0.9690367442690017	0.9654272757554868	0.963923671336999	0.9630656866520261	0.9684402327336048	0.9551064872559216	0.9685737464449411	0.9662252530798295
0.9673903110267463	0.9704545869371408	0.9698821676925331	0.9687055523035392	0.9726739165655758	0.9710972580051318	0.9674895577930046	0.9701781863151456	0.9689111077105846	0.9701311688193396	0.9694397958227895	0.9722788196533947	0.9690208909510246	0.9699347664442958	0.9703503236664331	0.9701072087658533	0.9694690223785404	0.9718802724276498	0.9695578839083091	1.0	0.9972633590802908	0.9806011574294188	0.9841942606956158	0.9906485432320055	0.9798996906419886	0.9711252635764612	0.9740565769325011	0.9768922270825765	0.9765265681604695	0.9768316415586626	0.9767691264469671	0.9767249543255598	0.974990694205662	0.976606278732589	0.9727384922197226	0.9778212071625323	0.9771142668143761	0.9761492409752094	0.9768083018972078	0.9756651422809149
0.9668556009288847	0.9713994974530321	0.9688188100755663	0.9679224377422493	0.9716581130651807	0.9704336037591722	0.9673810412825251	0.9701292491961647	0.9699411691559569	0.9700528536034	0.969070867640952	0.9714314663435705	0.968473319142807	0.9702750718972841	0.9695473197166308	0.969928147374485	0.9706055626320121	0.9713255317822098	0.9691023482971359	0.9972633590802908	1.0	0.9796829808557128	0.9831300104261347	0.9890475394908351	0.9795260471896761	0.9716126881125544	0.9736077987145898	0.9765532343791917	0.9758811717466288	0.9764715817499909	0.9764420985287158	0.9763694029038673	0.9748170410213319	0.9761803814701934	0.9726963458315809	0.9775504908823681	0.9767201195142423	0.9770304983515407	0.9767000881681447	0.9761074943361027
0.9678449124379431	0.9720806809590931	0.9705876347949174	0.96689330626165	0.9726739165655758	0.9690202356953161	0.9678449124379431	0.9682124949560229	0.9698356986381964	0.9717481278172582	0.968884811439425	0.970874792910441	0.9690782578149498	0.9709205478925519	0.9682195038081413	0.9697931975113601	0.9713369819070767	0.9693283433386869	0.9692331580104031	0.9806011574294188	0.9796829808557128	1.0	0.9928862172337476	0.9801720763549394	0.9868223447491755	0.9732362021114106	0.9742786609788452	0.9765910750174558	0.97599599943559	0.9760260298027801	0.9760563660208852	0.9747195054672809	0.9749560377242076	0.9777774041041921	0.9715371690413107	0.9769099321848967	0.9773626268439523	0.9762050241340179	0.9771664389474517	0.9749142484899204
0.9704275836629451	0.9750873971850417	0.9683271148747354	0.9696186038868126	0.9608582553925851	0.9702819937850393	0.9714991155890295	0.9657462359169281	0.9734753297852977	0.9747713208171199	0.9687888543922308	0.9606621011700217	0.9734091519681866	0.9744521395193967	0.9638437187132588	0.9695440464810039	0.9738695875380313	0.9678586740547694	0.9603655982615636	0.9841942606956158	0.9831300104261347	0.9928862172337476	1.0	0.9776858824401395	0.9870202072756441	0.9763823527669856	0.9609558838267366	0.9747713208171199	0.9748981205101637	0.9720564221625643	0.9631229882902119	0.974323583649159	0.9766232724160822	0.9750873971850417	0.9718485541793926	0.9699151255556732	0.9780325215866625	0.9608582553925851	0.9757104765706953	0.9748347825131705
0.9683194948867386	0.9726132471479144	0.9637369952449785	0.9672886971742576	0.9649441652572393	0.967122885339865	0.9693701166792871	0.9634898026657776	0.9719519344756615	0.9731235486487795	0.964225746722353	0.9639423095159825	0.9699337191930654	0.9716161468675083	0.9626874410408126	0.9662807839036726	0.9722842775378111	0.9675084615025745	0.9629865391991137	0.9906485432320055	0.9890475394908351	0.9801720763549394	0.9776858824401395	1.0	0.9763625765655886	0.974343098236257	0.9664983265303725	0.9726132471479144	0.9719996212640848	0.9699337191930654	0.9684726638902844	0.9732613395265906	0.9742543157181051	0.9714226935616708	0.9685323716635242	0.9705504156656474	0.9730313618121622	0.9679336670860325	0.9737616246190044	0.9734441550394234
0.9692232770317799	0.9732610763930867	0.9693064967988639	0.967816903878054	0.9715288686533072	0.9688446403738551	0.969266254303396	0.9671022851793118	0.9723759551474723	0.9726865713083843	0.9685566112967559	0.9706870869692613	0.9711028287974525	0.9719439383272677	0.9676497125193446	0.9689251748912259	0.9724927852661847	0.9691446970303365	0.9695578839083091	0.9798996906419886	0.9795260471896761	0.9868223447491755	0.9870202072756441	0.9763625765655886	1.0	0.9734880594017942	0.9739449626778713	0.9756316022462356	0.9749081708498012	0.9737455848499654	0.9756098551742598	0.9733364838082643	0.9748176044463046	0.976102343187311	0.9702440994194108	0.9762093416552836	0.9760646767862502	0.9747809119078913	0.976373271811542	0.9730379552823665
0.9768390099246402	0.9795614223850649	0.9812401275897588	0.9778561333856255	0.98233630367817	0.9792264326903984	0.9749906463850889	0.9783860440307838	0.9776626363702944	0.9787399869713013	0.9777645959307306	0.9807963968060129	0.9780063579170384	0.9780718310280314	0.9777414851616721	0.979129233982649	0.9786395954996069	0.9790628148022085	0.9788248078302128	0.9711252635764612	0.9716126881125544	0.9732362021114106	0.9763823527669856	0.974343098236257	0.9734880594017942	1.0	0.9715679296775205	0.9745222749836852	0.9741891218029223	0.9751161888543716	0.9760563660208852	0.9729416159373808	0.9729906254552313	0.9745828852578601	0.9710083568480896	0.9756378027264165	0.9745204975227693	0.972923646651637	0.9749178556073466	0.9729573723847111
0.9663572625336192	0.9704666122916683	0.9639357516589957	0.9655701683335112	0.956447690941934	0.9657867456914532	0.9651325915800607	0.9618904453087368	0.9693908817559437	0.9713869591150045	0.9648375320236247	0.9569709442222283	0.9691972740116924	0.9689373121386977	0.9582831559569411	0.9646144472469915	0.9691324794121092	0.9650590800377092	0.9551212850562908	0.9740565769325011	0.9736077987145898	0.9742786609788452	0.9609558838267366	0.9664983265303725	0.9739449626778713	0.9715679296775205	1.0	0.9749359450735122	0.9740565769325011	0.9736077987145898	0.968682124553753	0.9740008177687086	0.9745541472910644	0.9731527275208934	0.9709607186915952	0.9709607186915952	0.9742786609788452	0.9684333853622157	0.9766778175736405	0.9695193121007872
0.9695208625734024	0.9724848125768397	0.9661033241282576	0.9682743420286064	0.9696630676382626	0.9682743420286064	0.9693321933834115	0.9662299828060297	0.972269526863181	0.972269526863181	0.966153107739521	0.9681422309063709	0.9707210830416761	0.9710815980752704	0.9664790077615613	0.9663612526621722	0.972269526863181	0.967632555091138	0.9671435159039792	0.9768922270825765	0.9765532343791917	0.9765910750174558	0.9747713208171199	0.9726132471479144	0.9756316022462356	0.9745222749836852	0.9749359450735122	1.0	0.974602780791782	0.9747365153887373	0.9767148494205313	0.9773387968382312	0.9874609898563751	0.9766831194235988	0.9724418696745929	0.9769561065057729	0.9759417228715177	0.9764825145642214	0.976666624589464	0.9731222229310268
0.9687483103855868	0.9724892753745412	0.9662632930171499	0.9676795910220813	0.9686173987518971	0.9682669113333332	0.9687483103855868	0.9647600732406141	0.9714072781847253	0.9714072781847253	0.9648416815947639	0.9688141112116435	0.970242279705616	0.9717138978869886	0.9660590018459104	0.9662144420715786	0.971974424135286	0.9663691357032249	0.9667229514092494	0.9765265681604695	0.9758811717466288	0.97599599943559	0.9748981205101637	0.9719996212640848	0.9749081708498012	0.9741891218029223	0.9740565769325011	0.974602780791782	1.0	0.9828461388492125	0.9828834453335276	0.980486164021578	0.9755729678983966	0.9764906765340194	0.9714072781847253	0.9823454168314473	0.9800504599868064	0.9752434497326973	0.9790222366015922	0.970242279705616
0.9693980301818296	0.9733936991296158	0.9657467485540658	0.9683815338840144	0.9676099091266516	0.9679658018464466	0.9691972740116924	0.9641763436081419	0.9720851243354748	0.9732163148407077	0.9672251254387909	0.9661829192745104	0.9712927228237244	0.9718076613810157	0.9644491647116903	0.9668483078684698	0.9717611856354778	0.9678610265356072	0.9657197429965322	0.9768316415586626	0.9764715817499909	0.9760260298027801	0.9720564221625643	0.9699337191930654	0.9737455848499654	0.9751161888543716	0.9736077987145898	0.9747365153887373	0.9828461388492125	1.0	0.9815525488082885	0.9774230329352448	0.9761887554113202	0.9781570411222306	0.9729932117260192	0.9829654573619523	0.982779882512676	0.9764272054299709	0.9798322964959167	0.9714339746099542
0.9698440753424094	0.9741736186104061	0.9681912519459324	0.9691656463731145	0.9575667035980069	0.969028234320781	0.9695744103696322	0.9650779013116327	0.9725476263698286	0.9733406886185167	0.9666721645135186	0.9600316750062398	0.9724858105724153	0.972977068087567	0.9628213058715273	0.9671865198169854	0.9734008977603307	0.9681912519459324	0.9575711867724338	0.9767691264469671	0.9764420985287158	0.9760563660208852	0.9631229882902119	0.9684726638902844	0.9756098551742598	0.9760563660208852	0.968682124553753	0.9767148494205313	0.9828834453335276	0.9815525488082885	1.0	0.9796728280901655	0.9774134911029813	0.9793737956443427	0.9712240646352744	0.9776782595578796	0.9803114891886731	0.9682201671452887	0.9830628450259156	0.9717979394155378
0.9678775105357769	0.9718918715776068	0.9667384876980339	0.9665980104310082	0.9697315902483259	0.9664526570837636	0.9684759217354535	0.967209681430198	0.9709762622592808	0.9718918715776068	0.9665140541989832	0.9702448243764656	0.9693754274011744	0.9708069694994862	0.9666573473433364	0.9667216157377729	0.9712285526210894	0.9676366683498758	0.9680363457339137	0.9767249543255598	0.9763694029038673	0.9747195054672809	0.974323583649159	0.9732613395265906	0.9733364838082643	0.9729416159373808	0.9740008177687086	0.9773387968382312	0.980486164021578	0.9774230329352448	0.9796728280901655	1.0	0.9767249543255598	0.9755507698104564	0.9728226210045249	0.9796132897428935	0.9755829529292709	0.9769761131168876	0.9759693206647808	0.9707886383799095
0.9681948717223571	0.9707012980438564	0.969160962304343	0.9663892515881145	0.972548668663584	0.9683567709626518	0.9680664410226689	0.9681604852483269	0.9697789308257961	0.9708983793974092	0.9676000792076797	0.9699893609204049	0.96907985825911	0.9701429964287064	0.9685566112967559	0.9675052602293385	0.9712112344159131	0.9688672550573675	0.9690367442690017	0.974990694205662	0.9748170410213319	0.9749560377242076	0.9766232724160822	0.9742543157181051	0.9748176044463046	0.9729906254552313	0.9745541472910644	0.9874609898563751	0.9755729678983966	0.9761887554113202	0.9774134911029813	0.9767249543255598	1.0	0.976606278732589	0.9741801444251308	0.9779109485232176	0.9763211420266474	0.9779414209152354	0.9766639368487822	0.974455241172963
0.9677246662321237	0.9723812602024018	0.9658887885959696	0.9676740318203308	0.9689697294843205	0.9675216499057364	0.9682266870316095	0.9651052914969676	0.9711307881396509	0.9718066813385474	0.965849777387963	0.9675944702099103	0.9703939326522162	0.9724250394747391	0.9661193390705257	0.965849777387963	0.9718957440095175	0.9673173475034735	0.9654272757554868	0.976606278732589	0.9761803814701934	0.9777774041041921	0.9750873971850417	0.9714226935616708	0.976102343187311	0.9745828852578601	0.9731527275208934	0.9766831194235988	0.9764906765340194	0.9781570411222306	0.9793737956443427	0.9755507698104564	0.976606278732589	1.0	0.9703939326522162	0.9793142080885713	0.9788720407283916	0.9759251469997609	0.9825021014043767	0.9708564298225346
0.9669923773104538	0.9704707611806158	0.9642324947707994	0.96502144249991	0.9668705073330729	0.9659181193920506	0.9662287232106039	0.9632197440975511	0.9693212210117432	0.9701529880677421	0.9643731010148059	0.9657471057204862	0.9685155019505668	0.9695544225968856	0.9632195828035172	0.9640990517587403	0.9689918849335584	0.9643184777721813	0.963923671336999	0.9727384922197226	0.9726963458315809	0.9715371690413107	0.9718485541793926	0.9685323716635242	0.9702440994194108	0.9710083568480896	0.9709607186915952	0.9724418696745929	0.9714072781847253	0.9729932117260192	0.9712240646352744	0.9728226210045249	0.9741801444251308	0.9703939326522162	1.0	0.9729858598664537	0.9718417012655031	0.972489132537669	0.9714934297415367	0.9679832313665229
0.9704378030925734	0.9742136294640233	0.9664825664522689	0.9694644242663433	0.9652602322228772	0.9704378030925734	0.9709415013864324	0.9653140042958551	0.9737586413629503	0.972933680637423	0.9674249962958431	0.9624379590956325	0.9720871860480834	0.9724602502182469	0.9629837229736973	0.9681595973616739	0.9731418957666342	0.9682804211235065	0.9630656866520261	0.9778212071625323	0.9775504908823681	0.9769099321848967	0.9699151255556732	0.9705504156656474	0.9762093416552836	0.9756378027264165	0.9709607186915952	0.9769561065057729	0.9823454168314473	0.9829654573619523	0.9776782595578796	0.9796132897428935	0.9779109485232176	0.9793142080885713	0.9729858598664537	1.0	0.9899270556666583	0.9724265809550859	0.9828115440470695	0.9714374804932212
0.9693910236364476	0.9727366346578885	0.968323645472934	0.9680532196792799	0.9714640525071598	0.9687059788123806	0.9690274751898263	0.9663953485850367	0.9717435412152682	0.9735813194228671	0.9669627685517705	0.9689468256726734	0.9708920532140456	0.9722438917582638	0.9671865198169854	0.9680331774556422	0.9730206472907638	0.9668553697430597	0.9684402327336048	0.9771142668143761	0.9767201195142423	0.9773626268439523	0.9780325215866625	0.9730313618121622	0.9760646767862502	0.9745204975227693	0.9742786609788452	0.9759417228715177	0.9800504599868064	0.982779882512676	0.9803114891886731	0.9755829529292709	0.9763211420266474	0.9788720407283916	0.9718417012655031	0.9899270556666583	1.0	0.9765377298746161	0.9799962556559125	0.9717435412152682
0.9686452044985542	0.9701575038172698	0.9654675494737288	0.9667615196195116	0.9565510572647032	0.9679336670860325	0.9655451220310222	0.962542447291005	0.9699554010037866	0.9710189779482306	0.9648401429739611	0.9555330236956202	0.9705579595374957	0.9702915407038679	0.9621142632657649	0.96569970850266	0.9711495002120137	0.9673529191930678	0.9551064872559216	0.9761492409752094	0.9770304983515407	0.9762050241340179	0.9608582553925851	0.9679336670860325	0.9747809119078913	0.972923646651637	0.9684333853622157	0.9764825145642214	0.9752434497326973	0.9764272054299709	0.9682201671452887	0.9769761131168876	0.9779414209152354	0.9759251469997609	0.972489132537669	0.9724265809550859	0.9765377298746161	1.0	0.9756428410463477	0.9709535189128401
0.9688498900691971	0.9729917035515635	0.9679724545057234	0.9673423201203933	0.9695943994521087	0.9685260737089799	0.9685725324921137	0.9668322186282441	0.9720465811194837	0.9722129423823077	0.9670616400831894	0.9692106298030083	0.9709438931176503	0.9718793612876165	0.9662996754378265	0.966968557257501	0.9726660811552966	0.9674916096238898	0.9685737464449411	0.9768083018972078	0.9767000881681447	0.9771664389474517	0.9757104765706953	0.9737616246190044	0.976373271811542	0.9749178556073466	0.9766778175736405	0.976666624589464	0.9790222366015922	0.9798322964959167	0.9830628450259156	0.9759693206647808	0.9766639368487822	0.9825021014043767	0.9714934297415367	0.9828115440470695	0.9799962556559125	0.9756428410463477	1.0	0.9716269018690462
0.9673799543855117	0.9717658362118574	0.965672813940614	0.9663077438318239	0.9691792976528255	0.9664560721523054	0.9683246872857839	0.964817867546623	0.9707454749460064	0.9720989353057105	0.9656490409197143	0.9684799189608158	0.9698254785362588	0.9705287898244065	0.9657556080183956	0.9654060844150888	0.9713021588049763	0.9666570499390708	0.9662252530798295	0.9756651422809149	0.9761074943361027	0.9749142484899204	0.9748347825131705	0.9734441550394234	0.9730379552823665	0.9729573723847111	0.9695193121007872	0.9731222229310268	0.970242279705616	0.9714339746099542	0.9717979394155378	0.9707886383799095	0.974455241172963	0.9708564298225346	0.9679832313665229	0.9714374804932212	0.9717435412152682	0.9709535189128401	0.9716269018690462	1.0
