/home/jshaw/scratch/2022_sketched_distance/references/SGB_genome_fastas_part2/4587/BackhedF_2015__SID560_4M__bin.10.fa	/home/jshaw/scratch/2022_sketched_distance/references/SGB_genome_fastas_part2/4587/BritoIL_2016__M1.44.ST__bin.56.fa	/home/jshaw/scratch/2022_sketched_distance/references/SGB_genome_fastas_part2/4587/CosteaPI_2017__SID713A089-11-0-0__bin.48.fa	/home/jshaw/scratch/2022_sketched_distance/references/SGB_genome_fastas_part2/4587/CosteaPI_2017__SID713B032-11-90-0__bin.76.fa	/home/jshaw/scratch/2022_sketched_distance/references/SGB_genome_fastas_part2/4587/FengQ_2015__SID31873__bin.66.fa	/home/jshaw/scratch/2022_sketched_distance/references/SGB_genome_fastas_part2/4587/HeQ_2017__SZAXPI029557-42__bin.38.fa	/home/jshaw/scratch/2022_sketched_distance/references/SGB_genome_fastas_part2/4587/HeQ_2017__SZAXPI029573-88__bin.21.fa	/home/jshaw/scratch/2022_sketched_distance/references/SGB_genome_fastas_part2/4587/HeQ_2017__SZAXPI029578-96__bin.47.fa	/home/jshaw/scratch/2022_sketched_distance/references/SGB_genome_fastas_part2/4587/HMP_2012__SRS019601__bin.18.fa	/home/jshaw/scratch/2022_sketched_distance/references/SGB_genome_fastas_part2/4587/KarlssonFH_2013__S248__bin.9.fa	/home/jshaw/scratch/2022_sketched_distance/references/SGB_genome_fastas_part2/4587/LeChatelierE_2013__MH0101__bin.15.fa	/home/jshaw/scratch/2022_sketched_distance/references/SGB_genome_fastas_part2/4587/LiuW_2016__SRR3993004__bin.12.fa	/home/jshaw/scratch/2022_sketched_distance/references/SGB_genome_fastas_part2/4587/LiuW_2016__SRR3993060__bin.98.fa	/home/jshaw/scratch/2022_sketched_distance/references/SGB_genome_fastas_part2/4587/NielsenHB_2014__MH0101__bin.14.fa	/home/jshaw/scratch/2022_sketched_distance/references/SGB_genome_fastas_part2/4587/QinJ_2012__CON-094__bin.7.fa	/home/jshaw/scratch/2022_sketched_distance/references/SGB_genome_fastas_part2/4587/QinJ_2012__T2D-083__bin.12.fa	/home/jshaw/scratch/2022_sketched_distance/references/SGB_genome_fastas_part2/4587/QinN_2014__LD-74__bin.66.fa	/home/jshaw/scratch/2022_sketched_distance/references/SGB_genome_fastas_part2/4587/SchirmerM_2016__G89058__bin.16.fa	/home/jshaw/scratch/2022_sketched_distance/references/SGB_genome_fastas_part2/4587/VatanenT_2016__G78589__bin.6.fa	/home/jshaw/scratch/2022_sketched_distance/references/SGB_genome_fastas_part2/4587/VatanenT_2016__G80495__bin.7.fa	/home/jshaw/scratch/2022_sketched_distance/references/SGB_genome_fastas_part2/4587/XieH_2016__YSZC12003_36052__bin.58.fa	/home/jshaw/scratch/2022_sketched_distance/references/SGB_genome_fastas_part2/4587/XieH_2016__YSZC12003_36058__bin.40.fa	/home/jshaw/scratch/2022_sketched_distance/references/SGB_genome_fastas_part2/4587/XieH_2016__YSZC12003_37296R1__bin.33.fa	/home/jshaw/scratch/2022_sketched_distance/references/SGB_genome_fastas_part2/4587/XieH_2016__YSZC12003_37880__bin.50.fa	/home/jshaw/scratch/2022_sketched_distance/references/SGB_genome_fastas_part2/4587/ZeeviD_2015__PNP_Main_137__bin.19.fa	/home/jshaw/scratch/2022_sketched_distance/references/SGB_genome_fastas_part2/4587/ZeeviD_2015__PNP_Main_154__bin.30.fa	/home/jshaw/scratch/2022_sketched_distance/references/SGB_genome_fastas_part2/4587/ZeeviD_2015__PNP_Main_178__bin.19.fa	/home/jshaw/scratch/2022_sketched_distance/references/SGB_genome_fastas_part2/4587/ZeeviD_2015__PNP_Main_268__bin.39.fa	/home/jshaw/scratch/2022_sketched_distance/references/SGB_genome_fastas_part2/4587/ZeeviD_2015__PNP_Main_381__bin.1.fa	/home/jshaw/scratch/2022_sketched_distance/references/SGB_genome_fastas_part2/4587/ZeeviD_2015__PNP_Main_384__bin.41.fa	/home/jshaw/scratch/2022_sketched_distance/references/SGB_genome_fastas_part2/4587/ZeeviD_2015__PNP_Main_391__bin.26.fa
1.0	0.9636643535025459	0.9710947265622726	0.9616131512091312	0.9678466341635606	0.9721692300358441	0.9666184733566412	0.97155169025021	0.9703370614325052	0.9673046812183953	0.969715507852391	0.9645879790289797	0.9586581027709042	0.9681647201431796	0.9714579068850123	0.9709743801101618	0.966142590295993	0.9700220562529389	0.9736990109013065	0.9763631329999504	0.9690018241730626	0.9672140160808973	0.9683264640244178	0.9667010133766879	0.9667301407645835	0.9673425099648	0.9696144646513557	0.9694527085684921	0.9666012560711863	0.970949900268018	0.9640710458526963
0.9636643535025459	1.0	0.97633807078965	0.9672307503383133	0.9746005838285212	0.9772938232274281	0.9722483718372312	0.9775155912589636	0.975542600484748	0.9725188935994166	0.9716871103481833	0.9696594059639893	0.9629388703392239	0.9701500771625081	0.9762633098758312	0.9769636772206381	0.9734254067981776	0.9756473296539974	0.9658190326610326	0.967882494030295	0.9740552722410052	0.9741934743854359	0.9751247703574508	0.9718785397407165	0.9726335103332824	0.9741711233197302	0.9756228117387191	0.9762337451315191	0.9729613196024505	0.9769923747976379	0.9689554675747104
0.9710947265622726	0.97633807078965	1.0	0.9817888905494373	0.9899825565772135	0.9907759062389799	0.9868418388585071	0.9915013510151447	0.9900384912055636	0.9877714193847359	0.9814350030681676	0.9782768836374954	0.9738543657196517	0.9802786115353787	0.9900064670626795	0.9889635925567973	0.9879344825543082	0.9910483590949173	0.9732702371460815	0.974598371449495	0.9904822787621018	0.9877756400871847	0.9910239250889561	0.9876260514279714	0.9891885537789732	0.9882814290865773	0.9915914207080825	0.9918704248281148	0.9872185164761439	0.9924455948273906	0.9875087964572643
0.9616131512091312	0.9672307503383133	0.9817888905494373	1.0	0.9808973272332463	0.9804108315825666	0.9778447112660571	0.9809274078829979	0.9811975405253699	0.9789063401649026	0.972797072816045	0.9673678492940073	0.9654809509295433	0.9717902257845411	0.9798451432897931	0.9790511359848194	0.9776808347989645	0.9805597636392465	0.9645707739831956	0.9650994136184947	0.9800506006272183	0.9778885363354327	0.9811035442536269	0.9791951134925313	0.9794928980533312	0.9795576197078968	0.9812476003423674	0.9815865328900018	0.9771640556136061	0.9823634397823242	0.9772892940351209
0.9678466341635606	0.9746005838285212	0.9899825565772135	0.9808973272332463	1.0	0.9894736177314863	0.985237006112749	0.9896462890547807	0.9887494706412309	0.9864490107444015	0.9801866583349291	0.9757687188226477	0.9722116723707693	0.9789461255723616	0.9879849052613604	0.9868968397275231	0.9869908196739277	0.9886371560475525	0.9726314575479451	0.972330207997394	0.989222066754527	0.9847262580148046	0.9905086065619552	0.9862489218909357	0.9875469779791609	0.9868097327753026	0.9892605775392257	0.9897941591273397	0.9858285693105654	0.9899470866971064	0.9846665403839572
0.9721692300358441	0.9772938232274281	0.9907759062389799	0.9804108315825666	0.9894736177314863	1.0	0.9899795671709197	0.9946795289633968	0.9904774916761087	0.9873113807131274	0.9820779683924471	0.9773277549048475	0.9735394309198053	0.9810188047557866	0.9929855070018376	0.9923665998440094	0.9880881979465801	0.9913423936462692	0.9754251654914526	0.9756051161970315	0.9895238902565968	0.9863182189149541	0.9901113685525614	0.9875508193513582	0.9888474019217118	0.9885549253784873	0.9907705069755621	0.9917595264825343	0.9871118330885693	0.9920235927430999	0.9857290156065739
0.9666184733566412	0.9722483718372312	0.9868418388585071	0.9778447112660571	0.985237006112749	0.9899795671709197	1.0	0.9917298830945125	0.9861074917598679	0.9841804711443632	0.9795969169679049	0.9716627811544575	0.9694309339814661	0.9785611800585458	0.9893867508902752	0.9883827440255294	0.9848085555115181	0.9873475699107076	0.9708389629242493	0.9704266298641766	0.9862564164954206	0.9830046032653753	0.9879532586840101	0.9857949323809906	0.9863219813000293	0.9848200420692407	0.9881543937541641	0.9881819563660539	0.9840824411757129	0.9874378061716517	0.9830181553352441
0.97155169025021	0.9775155912589636	0.9915013510151447	0.9809274078829979	0.9896462890547807	0.9946795289633968	0.9917298830945125	1.0	0.9898915670827034	0.9882512005965963	0.9831798254777651	0.9774613798998096	0.9740327211113636	0.9821560582489252	0.9939740160328137	0.9935724149279851	0.9893744564271415	0.9914787067027564	0.9758986219556222	0.975366862721585	0.9902151207968605	0.9872105290602285	0.9912182594571491	0.9881287271805689	0.9896799555961537	0.9894730194956036	0.9923056553903097	0.9922988692376061	0.9881585780815358	0.9920274202322983	0.9860568370662012
0.9703370614325052	0.975542600484748	0.9900384912055636	0.9811975405253699	0.9887494706412309	0.9904774916761087	0.9861074917598679	0.9898915670827034	1.0	0.9869273121569785	0.980790547751071	0.9770362940864465	0.9731179288568794	0.9796269288678955	0.9885151426484327	0.9882041261641628	0.9866543926834243	0.9928550043432295	0.9730340799494851	0.9736825923179675	0.9887464585434944	0.9851818033979888	0.9890265797148297	0.9893097095119148	0.9867740474104957	0.9872695191488385	0.9899388641006757	0.9900620609618977	0.9889388218020118	0.991201374010717	0.9843225819233681
0.9673046812183953	0.9725188935994166	0.9877714193847359	0.9789063401649026	0.9864490107444015	0.9873113807131274	0.9841804711443632	0.9882512005965963	0.9869273121569785	1.0	0.9789868853266926	0.9738705835687329	0.9706822740438875	0.9778078678323427	0.9859362861086518	0.9854271734068385	0.9847763668355922	0.9881825357469718	0.9706688231046918	0.9701039429490215	0.9869631474210212	0.9828088042052622	0.9871744902430178	0.9851456953002612	0.9856675970651699	0.98549839604696	0.986914681457103	0.9877178930301068	0.9843608322216019	0.9884545143267617	0.982479902906248
0.969715507852391	0.9716871103481833	0.9814350030681676	0.972797072816045	0.9801866583349291	0.9820779683924471	0.9795969169679049	0.9831798254777651	0.980790547751071	0.9789868853266926	1.0	0.9682027407540518	0.9662910387519758	0.9959982992979914	0.9818898583786683	0.9799889682552353	0.9791619101431839	0.981425059677773	0.9738924869748874	0.9730284887538235	0.9801015788338875	0.977226656867632	0.9810686747983541	0.9792953349331728	0.9795477550431431	0.9790741106924415	0.9812589616971474	0.9813408907854789	0.9783348236787338	0.9815404069264513	0.9777717180790008
0.9645879790289797	0.9696594059639893	0.9782768836374954	0.9673678492940073	0.9757687188226477	0.9773277549048475	0.9716627811544575	0.9774613798998096	0.9770362940864465	0.9738705835687329	0.9682027407540518	1.0	0.9715217268852548	0.9666393435586104	0.9767531606455312	0.9773693418952123	0.974703178143311	0.9772137945268424	0.9663766067023579	0.9692574979449607	0.9764449669161228	0.9764052020829331	0.9756022824610008	0.9729342783142424	0.9725845336001429	0.9737804184123332	0.9766773153289146	0.9763083958821146	0.9753888480848943	0.978019406364227	0.9691344161423581
0.9586581027709042	0.9629388703392239	0.9738543657196517	0.9654809509295433	0.9722116723707693	0.9735394309198053	0.9694309339814661	0.9740327211113636	0.9731179288568794	0.9706822740438875	0.9662910387519758	0.9715217268852548	1.0	0.9649672758407324	0.9730932465272514	0.9732742212036392	0.9713486433813815	0.9727626306290797	0.9604065311054151	0.9624962633580246	0.9722722437592876	0.9713703232548336	0.9722262353437018	0.9695319539936916	0.9704182000775387	0.9715597696575663	0.9736224994976048	0.972929603215797	0.9703621447554195	0.9742391828008853	0.966670423888048
0.9681647201431796	0.9701500771625081	0.9802786115353787	0.9717902257845411	0.9789461255723616	0.9810188047557866	0.9785611800585458	0.9821560582489252	0.9796269288678955	0.9778078678323427	0.9959982992979914	0.9666393435586104	0.9649672758407324	1.0	0.9806922358224428	0.9786447768301016	0.9779790688588124	0.9802084021629967	0.9723123167571089	0.9714669222272311	0.9790794437823718	0.975855120524903	0.9799174290700442	0.9784316829434223	0.978699003624985	0.9779733558913947	0.9801302934506418	0.9802818357255401	0.9769341995395923	0.980364556416996	0.9767487840033853
0.9714579068850123	0.9762633098758312	0.9900064670626795	0.9798451432897931	0.9879849052613604	0.9929855070018376	0.9893867508902752	0.9939740160328137	0.9885151426484327	0.9859362861086518	0.9818898583786683	0.9767531606455312	0.9730932465272514	0.9806922358224428	1.0	0.9913751574504228	0.986649066495721	0.9893223593095632	0.9750621772149479	0.975279926924426	0.9886550496090194	0.986096813090095	0.9890232385444838	0.9868753743843915	0.9870950781782685	0.9872645758491813	0.9895544228215711	0.9898153165792787	0.9861366948262568	0.9903460348490352	0.9840391561888335
0.9709743801101618	0.9769636772206381	0.9889635925567973	0.9790511359848194	0.9868968397275231	0.9923665998440094	0.9883827440255294	0.9935724149279851	0.9882041261641628	0.9854271734068385	0.9799889682552353	0.9773693418952123	0.9732742212036392	0.9786447768301016	0.9913751574504228	1.0	0.9859622059077665	0.9893121809172861	0.9738574267851469	0.9745618266303178	0.9871992146581802	0.9854965470748495	0.9879567567599442	0.9855145478958539	0.9862906235265169	0.9868649869569707	0.98859979381226	0.9895792250076347	0.985185522054542	0.9900807908209875	0.9822514531933957
0.966142590295993	0.9734254067981776	0.9879344825543082	0.9776808347989645	0.9869908196739277	0.9880881979465801	0.9848085555115181	0.9893744564271415	0.9866543926834243	0.9847763668355922	0.9791619101431839	0.974703178143311	0.9713486433813815	0.9779790688588124	0.986649066495721	0.9859622059077665	1.0	0.9876739679898431	0.9705936084403242	0.9704306524480238	0.9866572615663989	0.9830517391337116	0.987761891361869	0.9842055189157937	0.9853498561858685	0.9850827716961719	0.9877396362970882	0.9876602588136428	0.9840225275701825	0.9883076664585049	0.9825255868104816
0.9700220562529389	0.9756473296539974	0.9910483590949173	0.9805597636392465	0.9886371560475525	0.9913423936462692	0.9873475699107076	0.9914787067027564	0.9928550043432295	0.9881825357469718	0.981425059677773	0.9772137945268424	0.9727626306290797	0.9802084021629967	0.9893223593095632	0.9893121809172861	0.9876739679898431	1.0	0.9731976756353264	0.9730512245851042	0.9896512059280186	0.9857031669779123	0.9909832072272438	0.9915998536356123	0.990052303738325	0.9877841417412245	0.9913178823983678	0.9927767225050137	0.9901682022515933	0.9921446386659349	0.9862193218112139
0.9736990109013065	0.9658190326610326	0.9732702371460815	0.9645707739831956	0.9726314575479451	0.9754251654914526	0.9708389629242493	0.9758986219556222	0.9730340799494851	0.9706688231046918	0.9738924869748874	0.9663766067023579	0.9604065311054151	0.9723123167571089	0.9750621772149479	0.9738574267851469	0.9705936084403242	0.9731976756353264	1.0	0.9775994813139433	0.9726006177041875	0.9700591756318688	0.9725641448395029	0.9704321295507665	0.9704782382794935	0.9713106534120388	0.9737112617211781	0.9732682942245298	0.9711064431421802	0.9741200024050377	0.9675085113320209
0.9763631329999504	0.967882494030295	0.974598371449495	0.9650994136184947	0.972330207997394	0.9756051161970315	0.9704266298641766	0.975366862721585	0.9736825923179675	0.9701039429490215	0.9730284887538235	0.9692574979449607	0.9624962633580246	0.9714669222272311	0.975279926924426	0.9745618266303178	0.9704306524480238	0.9730512245851042	0.9775994813139433	1.0	0.9720984372003622	0.9723267947444104	0.9720094238611356	0.9692852675056857	0.9695994616273159	0.9707556585625882	0.9732516968716718	0.9727518666414657	0.9709350807328698	0.9745384024718966	0.9666648182111202
0.9690018241730626	0.9740552722410052	0.9904822787621018	0.9800506006272183	0.989222066754527	0.9895238902565968	0.9862564164954206	0.9902151207968605	0.9887464585434944	0.9869631474210212	0.9801015788338875	0.9764449669161228	0.9722722437592876	0.9790794437823718	0.9886550496090194	0.9871992146581802	0.9866572615663989	0.9896512059280186	0.9726006177041875	0.9720984372003622	1.0	0.9848300354779418	0.9907322620856307	0.987704363801638	0.9885394494427315	0.9874577244137239	0.9902832257033091	0.9906006390389616	0.9872358479625077	0.9911912938474361	0.985879479705622
0.9672140160808973	0.9741934743854359	0.9877756400871847	0.9778885363354327	0.9847262580148046	0.9863182189149541	0.9830046032653753	0.9872105290602285	0.9851818033979888	0.9828088042052622	0.977226656867632	0.9764052020829331	0.9713703232548336	0.975855120524903	0.986096813090095	0.9854965470748495	0.9830517391337116	0.9857031669779123	0.9700591756318688	0.9723267947444104	0.9848300354779418	1.0	0.9864582487080915	0.9834096375640529	0.9838949841913807	0.9842331952795605	0.9898593869562073	0.9864348448122396	0.9841759187570516	0.9877568834086277	0.9816554458172321
0.9683264640244178	0.9751247703574508	0.9910239250889561	0.9811035442536269	0.9905086065619552	0.9901113685525614	0.9879532586840101	0.9912182594571491	0.9890265797148297	0.9871744902430178	0.9810686747983541	0.9756022824610008	0.9722262353437018	0.9799174290700442	0.9890232385444838	0.9879567567599442	0.987761891361869	0.9909832072272438	0.9725641448395029	0.9720094238611356	0.9907322620856307	0.9864582487080915	1.0	0.9904765345553096	0.9903233345407024	0.9895110473060127	0.992665267319573	0.9937334057645326	0.9890480788404771	0.9921015585572345	0.9886176058964482
0.9667010133766879	0.9718785397407165	0.9876260514279714	0.9791951134925313	0.9862489218909357	0.9875508193513582	0.9857949323809906	0.9881287271805689	0.9893097095119148	0.9851456953002612	0.9792953349331728	0.9729342783142424	0.9695319539936916	0.9784316829434223	0.9868753743843915	0.9855145478958539	0.9842055189157937	0.9915998536356123	0.9704321295507665	0.9692852675056857	0.987704363801638	0.9834096375640529	0.9904765345553096	1.0	0.9867513279963738	0.985723174517424	0.9896602147302727	0.9906599444778836	0.9892713839618752	0.988737179406413	0.9862718718846792
0.9667301407645835	0.9726335103332824	0.9891885537789732	0.9794928980533312	0.9875469779791609	0.9888474019217118	0.9863219813000293	0.9896799555961537	0.9867740474104957	0.9856675970651699	0.9795477550431431	0.9725845336001429	0.9704182000775387	0.978699003624985	0.9870950781782685	0.9862906235265169	0.9853498561858685	0.990052303738325	0.9704782382794935	0.9695994616273159	0.9885394494427315	0.9838949841913807	0.9903233345407024	0.9867513279963738	1.0	0.9888164385688359	0.9898504024891659	0.9929461226325287	0.9848114316207328	0.9898947509366764	0.9855946355988435
0.9673425099648	0.9741711233197302	0.9882814290865773	0.9795576197078968	0.9868097327753026	0.9885549253784873	0.9848200420692407	0.9894730194956036	0.9872695191488385	0.98549839604696	0.9790741106924415	0.9737804184123332	0.9715597696575663	0.9779733558913947	0.9872645758491813	0.9868649869569707	0.9850827716961719	0.9877841417412245	0.9713106534120388	0.9707556585625882	0.9874577244137239	0.9842331952795605	0.9895110473060127	0.985723174517424	0.9888164385688359	1.0	0.9903777708814469	0.9925136499616406	0.9869060716220975	0.9903943167764802	0.9850897858060387
0.9696144646513557	0.9756228117387191	0.9915914207080825	0.9812476003423674	0.9892605775392257	0.9907705069755621	0.9881543937541641	0.9923056553903097	0.9899388641006757	0.986914681457103	0.9812589616971474	0.9766773153289146	0.9736224994976048	0.9801302934506418	0.9895544228215711	0.98859979381226	0.9877396362970882	0.9913178823983678	0.9737112617211781	0.9732516968716718	0.9902832257033091	0.9898593869562073	0.992665267319573	0.9896602147302727	0.9898504024891659	0.9903777708814469	1.0	0.9931554516409992	0.9908948446588124	0.993367521295414	0.9883690776554025
0.9694527085684921	0.9762337451315191	0.9918704248281148	0.9815865328900018	0.9897941591273397	0.9917595264825343	0.9881819563660539	0.9922988692376061	0.9900620609618977	0.9877178930301068	0.9813408907854789	0.9763083958821146	0.972929603215797	0.9802818357255401	0.9898153165792787	0.9895792250076347	0.9876602588136428	0.9927767225050137	0.9732682942245298	0.9727518666414657	0.9906006390389616	0.9864348448122396	0.9937334057645326	0.9906599444778836	0.9929461226325287	0.9925136499616406	0.9931554516409992	1.0	0.9896450698932525	0.9934898013881002	0.9890826187715176
0.9666012560711863	0.9729613196024505	0.9872185164761439	0.9771640556136061	0.9858285693105654	0.9871118330885693	0.9840824411757129	0.9881585780815358	0.9889388218020118	0.9843608322216019	0.9783348236787338	0.9753888480848943	0.9703621447554195	0.9769341995395923	0.9861366948262568	0.985185522054542	0.9840225275701825	0.9901682022515933	0.9711064431421802	0.9709350807328698	0.9872358479625077	0.9841759187570516	0.9890480788404771	0.9892713839618752	0.9848114316207328	0.9869060716220975	0.9908948446588124	0.9896450698932525	1.0	0.9898298601944683	0.9842079414928918
0.970949900268018	0.9769923747976379	0.9924455948273906	0.9823634397823242	0.9899470866971064	0.9920235927430999	0.9874378061716517	0.9920274202322983	0.991201374010717	0.9884545143267617	0.9815404069264513	0.978019406364227	0.9742391828008853	0.980364556416996	0.9903460348490352	0.9900807908209875	0.9883076664585049	0.9921446386659349	0.9741200024050377	0.9745384024718966	0.9911912938474361	0.9877568834086277	0.9921015585572345	0.988737179406413	0.9898947509366764	0.9903943167764802	0.993367521295414	0.9934898013881002	0.9898298601944683	1.0	0.9877448231322516
0.9640710458526963	0.9689554675747104	0.9875087964572643	0.9772892940351209	0.9846665403839572	0.9857290156065739	0.9830181553352441	0.9860568370662012	0.9843225819233681	0.982479902906248	0.9777717180790008	0.9691344161423581	0.966670423888048	0.9767487840033853	0.9840391561888335	0.9822514531933957	0.9825255868104816	0.9862193218112139	0.9675085113320209	0.9666648182111202	0.985879479705622	0.9816554458172321	0.9886176058964482	0.9862718718846792	0.9855946355988435	0.9850897858060387	0.9883690776554025	0.9890826187715176	0.9842079414928918	0.9877448231322516	1.0
