/home/jshaw/scratch/2022_sketched_distance/references/SGB_genome_fastas_part4/9418/CM_periimplantitis__SP_101SPI_T016__bin.18.fa	/home/jshaw/scratch/2022_sketched_distance/references/SGB_genome_fastas_part4/9418/HMP_2012__SRS011098__bin.12.fa	/home/jshaw/scratch/2022_sketched_distance/references/SGB_genome_fastas_part4/9418/HMP_2012__SRS012285__bin.8.fa	/home/jshaw/scratch/2022_sketched_distance/references/SGB_genome_fastas_part4/9418/HMP_2012__SRS013252__bin.52.fa	/home/jshaw/scratch/2022_sketched_distance/references/SGB_genome_fastas_part4/9418/HMP_2012__SRS013949__bin.40.fa	/home/jshaw/scratch/2022_sketched_distance/references/SGB_genome_fastas_part4/9418/HMP_2012__SRS014476__bin.56.fa	/home/jshaw/scratch/2022_sketched_distance/references/SGB_genome_fastas_part4/9418/HMP_2012__SRS014578__bin.38.fa	/home/jshaw/scratch/2022_sketched_distance/references/SGB_genome_fastas_part4/9418/HMP_2012__SRS014894__bin.34.fa	/home/jshaw/scratch/2022_sketched_distance/references/SGB_genome_fastas_part4/9418/HMP_2012__SRS015063__bin.7.fa	/home/jshaw/scratch/2022_sketched_distance/references/SGB_genome_fastas_part4/9418/HMP_2012__SRS015158__bin.12.fa	/home/jshaw/scratch/2022_sketched_distance/references/SGB_genome_fastas_part4/9418/HMP_2012__SRS015803__bin.25.fa	/home/jshaw/scratch/2022_sketched_distance/references/SGB_genome_fastas_part4/9418/HMP_2012__SRS015899__bin.3.fa	/home/jshaw/scratch/2022_sketched_distance/references/SGB_genome_fastas_part4/9418/HMP_2012__SRS015989__bin.7.fa	/home/jshaw/scratch/2022_sketched_distance/references/SGB_genome_fastas_part4/9418/HMP_2012__SRS016043__bin.28.fa	/home/jshaw/scratch/2022_sketched_distance/references/SGB_genome_fastas_part4/9418/HMP_2012__SRS017304__bin.16.fa	/home/jshaw/scratch/2022_sketched_distance/references/SGB_genome_fastas_part4/9418/HMP_2012__SRS017445__bin.50.fa	/home/jshaw/scratch/2022_sketched_distance/references/SGB_genome_fastas_part4/9418/HMP_2012__SRS017511__bin.59.fa	/home/jshaw/scratch/2022_sketched_distance/references/SGB_genome_fastas_part4/9418/HMP_2012__SRS018157__bin.65.fa	/home/jshaw/scratch/2022_sketched_distance/references/SGB_genome_fastas_part4/9418/HMP_2012__SRS018394__bin.26.fa	/home/jshaw/scratch/2022_sketched_distance/references/SGB_genome_fastas_part4/9418/HMP_2012__SRS018665__bin.47.fa	/home/jshaw/scratch/2022_sketched_distance/references/SGB_genome_fastas_part4/9418/HMP_2012__SRS018975__bin.20.fa	/home/jshaw/scratch/2022_sketched_distance/references/SGB_genome_fastas_part4/9418/HMP_2012__SRS019077__bin.45.fa	/home/jshaw/scratch/2022_sketched_distance/references/SGB_genome_fastas_part4/9418/HMP_2012__SRS019129__bin.12.fa	/home/jshaw/scratch/2022_sketched_distance/references/SGB_genome_fastas_part4/9418/HMP_2012__SRS019225__bin.21.fa	/home/jshaw/scratch/2022_sketched_distance/references/SGB_genome_fastas_part4/9418/HMP_2012__SRS019906__bin.8.fa	/home/jshaw/scratch/2022_sketched_distance/references/SGB_genome_fastas_part4/9418/HMP_2012__SRS019980__bin.39.fa	/home/jshaw/scratch/2022_sketched_distance/references/SGB_genome_fastas_part4/9418/HMP_2012__SRS021477__bin.32.fa	/home/jshaw/scratch/2022_sketched_distance/references/SGB_genome_fastas_part4/9418/HMP_2012__SRS022536__bin.14.fa	/home/jshaw/scratch/2022_sketched_distance/references/SGB_genome_fastas_part4/9418/HMP_2012__SRS023538__bin.30.fa	/home/jshaw/scratch/2022_sketched_distance/references/SGB_genome_fastas_part4/9418/HMP_2012__SRS023964__bin.14.fa	/home/jshaw/scratch/2022_sketched_distance/references/SGB_genome_fastas_part4/9418/HMP_2012__SRS024381__bin.2.fa	/home/jshaw/scratch/2022_sketched_distance/references/SGB_genome_fastas_part4/9418/HMP_2012__SRS024649__bin.4.fa	/home/jshaw/scratch/2022_sketched_distance/references/SGB_genome_fastas_part4/9418/HMP_2012__SRS042984__bin.59.fa	/home/jshaw/scratch/2022_sketched_distance/references/SGB_genome_fastas_part4/9418/HMP_2012__SRS047113__bin.61.fa	/home/jshaw/scratch/2022_sketched_distance/references/SGB_genome_fastas_part4/9418/HMP_2012__SRS049268__bin.25.fa	/home/jshaw/scratch/2022_sketched_distance/references/SGB_genome_fastas_part4/9418/HMP_2012__SRS051244__bin.4.fa	/home/jshaw/scratch/2022_sketched_distance/references/SGB_genome_fastas_part4/9418/HMP_2012__SRS053917__bin.6.fa	/home/jshaw/scratch/2022_sketched_distance/references/SGB_genome_fastas_part4/9418/HMP_2012__SRS054430__bin.36.fa	/home/jshaw/scratch/2022_sketched_distance/references/SGB_genome_fastas_part4/9418/HMP_2012__SRS055378__bin.72.fa	/home/jshaw/scratch/2022_sketched_distance/references/SGB_genome_fastas_part4/9418/HMP_2012__SRS058808__bin.45.fa	/home/jshaw/scratch/2022_sketched_distance/references/SGB_genome_fastas_part4/9418/HMP_2012__SRS064449__bin.24.fa	/home/jshaw/scratch/2022_sketched_distance/references/SGB_genome_fastas_part4/9418/HMP_2012__SRS075410__bin.23.fa
1.0	0.9683159975034015	0.9638706423043493	0.9668556425491169	0.9700955594866044	0.9674321629909112	0.9669319465628583	0.9705350456903915	0.9691428552852207	0.9692928594418997	0.9688066449915425	0.9692811098077593	0.9670558488631756	0.9662295041219298	0.9684132856845286	0.9706284142383056	0.9687667476020067	0.9701651839814479	0.9710538194932331	0.9703053144999131	0.9665132412372205	0.9706887857530728	0.9700784598205899	0.9687258724799465	0.9679048253744915	0.9707472306802715	0.9698222723944504	0.9718718479276109	0.9715992234419398	0.9680226641269194	0.9664660185793382	0.9680352432967596	0.9719299618779509	0.9672524854671086	0.9679077927003038	0.9675764599941284	0.9698437127706839	0.9696853824697494	0.9682836171231352	0.9688454179218244	0.9680315016560462	0.9689269191980483
0.9683159975034015	1.0	0.9769025621195012	0.9774904198419028	0.9817752482647383	0.9795963276963726	0.9788856820506789	0.9826747417025945	0.9819192014878043	0.9813588892533087	0.9815761186672181	0.9815941345724324	0.9807046016585631	0.9792661756837595	0.9808314986517689	0.9826466741971385	0.982851712217844	0.9829795754414771	0.9831737181757979	0.9837902033291487	0.978288508682404	0.9842245293630455	0.9808385693731714	0.9813810490349951	0.9790474656192353	0.9843796795042563	0.9823431235463799	0.9842866276963717	0.9822023448898015	0.9807950606142231	0.9667964232811633	0.9797904687685667	0.9854882612438751	0.9801669261332644	0.9787565078134367	0.9669407458623523	0.9815635083328905	0.9956613339745435	0.9812477119623221	0.9809307398647226	0.9789805337211659	0.9814499133960845
0.9638706423043493	0.9769025621195012	1.0	0.971277261393508	0.9699680996391048	0.982651558758146	0.9711340964129591	0.9737957056121683	0.9760917089625714	0.973839732914133	0.9725380419862648	0.9721695648987643	0.9727207216362975	0.9742767529368855	0.9671160603578096	0.9690055201633089	0.9725838084904662	0.973751618512146	0.9735746688135885	0.9748788669642844	0.9711818884545224	0.9714671685655876	0.9708940719831695	0.9742333146691128	0.9740589781933546	0.9717968497030827	0.9740152474249583	0.9729023778173207	0.9718963508093849	0.9740152474249583	0.9611201093693196	0.9663487302556673	0.9734413204873226	0.9719837432508219	0.9754281560489855	0.9537368587871028	0.9751757908952305	0.9675218224956238	0.9740589781933546	0.9856344953254538	0.9682338638070779	0.9771021587655138
0.9668556425491169	0.9774904198419028	0.971277261393508	1.0	0.9783110533216866	0.9767121236519304	0.9766135155832657	0.9775954412213267	0.9763990893956993	0.9744705459006832	0.9773403601306958	0.976775003683378	0.9759235341802548	0.9777139639486792	0.9723167608664205	0.9788050665362656	0.9760825003278221	0.9759982828058754	0.9788123004852011	0.9770386769306147	0.9746808338108834	0.9759269225551599	0.9749679410349092	0.9759483814071775	0.9789014463661928	0.9779982636156466	0.9752006754152621	0.9786839258702432	0.9775796229084751	0.9766792874706574	0.9631336381100998	0.9756250276611718	0.9799481550868965	0.9752652953289029	0.9895931197758521	0.9600453375343012	0.9782505580147419	0.9738159208120398	0.9783443410918433	0.9766464181371456	0.9727895369560972	0.979267634490388
0.9700955594866044	0.9817752482647383	0.9699680996391048	0.9783110533216866	1.0	0.9806455086358651	0.9775616990102909	0.9807831561894407	0.9750954281730932	0.9799953750997739	0.9788498378731483	0.978946849826271	0.9797127365983564	0.9804610722461815	0.9738734200633258	0.9752585607201616	0.9804610722461815	0.9791400127897028	0.9801357825190848	0.9804610722461815	0.9788498378731483	0.9780631775544022	0.983166642335996	0.9779135424364783	0.9814179592133269	0.9779135424364783	0.9782616286852774	0.9781129036909522	0.9712239392310242	0.9791881254230828	0.9671682472384674	0.9737600140107376	0.9806455086358651	0.97710367361383	0.9814628342989858	0.9590518000245075	0.9808289102166352	0.9710358273986704	0.9810112887259188	0.979570494757067	0.9754208787321088	0.9832091852520325
0.9674321629909112	0.9795963276963726	0.982651558758146	0.9767121236519304	0.9806455086358651	1.0	0.9777480348768964	0.9806235985362931	0.9962201136229025	0.9780566270833726	0.9787500940051015	0.979127825674661	0.9779853538632184	0.978420306882487	0.9767952136811203	0.9815337491819603	0.9794476716128878	0.9797059110353756	0.98012767740728	0.9775022844085397	0.9761071350290713	0.9797387698590005	0.9780026881417241	0.9801165479711271	0.978985605104757	0.9810962256479299	0.9800292894603264	0.9821906062246892	0.9809948878765137	0.9783586837464183	0.9645855802545447	0.977831443341329	0.9834533018999795	0.977614480786692	0.9805449897857696	0.9651249502914986	0.9780475382370571	0.977566152695799	0.9792768099810817	0.9847841414805354	0.9758478730316184	0.9801958371332902
0.9669319465628583	0.9788856820506789	0.9711340964129591	0.9766135155832657	0.9775616990102909	0.9777480348768964	1.0	0.9783712470734666	0.9775176020950739	0.9767633144207312	0.9801936515281154	0.9781735978621252	0.9760263640904392	0.9778105547537863	0.9746532334901483	0.979073170957321	0.9842087875484253	0.9778071757558687	0.9786199862556625	0.9781213679951262	0.9758475446109344	0.9781190125575376	0.9751461480439834	0.9768850154108559	0.9838650424181938	0.9832488619384981	0.9762352791739444	0.979579522616993	0.9777035398661929	0.976892060546796	0.9653195866761037	0.9848647318351863	0.9808760513250067	0.9868106327508909	0.9803914906437714	0.9640895599789266	0.9784292462197098	0.9766905334174013	0.9785821022041614	0.9772117164569158	0.9751381897781998	0.9805354501723648
0.9705350456903915	0.9826747417025945	0.9737957056121683	0.9775954412213267	0.9807831561894407	0.9806235985362931	0.9783712470734666	1.0	0.9794981883594472	0.9842065371490575	0.9791962335189626	0.980306137953408	0.9793157520181268	0.9802638538051657	0.9768705081911009	0.9825782137480648	0.98167967592717	0.9804054470821586	0.9813921380911568	0.9819956821877747	0.9770677832903757	0.9827556335220817	0.9788383894325503	0.9799914220732808	0.9816218909580409	0.9830304653272977	0.9805041230694329	0.9818437060960512	0.9805445210993318	0.9795014165595262	0.9665135124039865	0.978472715813577	0.9837724851374313	0.9790039449322123	0.9827027325535782	0.9639724307481564	0.9866023339421744	0.9789613931860306	0.9906861280954771	0.9796860312859127	0.9775045530910118	0.983857266985253
0.9691428552852207	0.9819192014878043	0.9760917089625714	0.9763990893956993	0.9750954281730932	0.9962201136229025	0.9775176020950739	0.9794981883594472	1.0	0.9794241941282438	0.9768029828610296	0.9777133568086831	0.9776351959759468	0.9805168818110256	0.9720574847225317	0.9746253068631084	0.9798656650863343	0.9786748768555495	0.9787505876315059	0.9803732844670022	0.9755342362368548	0.9770827564186196	0.9768029828610296	0.9799751066324531	0.9803012484842013	0.9770429356220165	0.9795351226844764	0.97848482756442	0.9766987499460079	0.979163885520639	0.9679519909820778	0.9727469149272996	0.9806241672972977	0.9780241391540501	0.9817816438590805	0.9611662279997798	0.9808731392085508	0.9723279924132813	0.9806241672972977	0.9844604617562446	0.9727469149272996	0.9829993394749884
0.9692928594418997	0.9813588892533087	0.973839732914133	0.9744705459006832	0.9799953750997739	0.9780566270833726	0.9767633144207312	0.9842065371490575	0.9794241941282438	1.0	0.9777730245670254	0.9781067484540706	0.977136555434224	0.9777811164251528	0.9771699572984612	0.9826466741971385	0.9799858755275945	0.9785162753202346	0.9788761541373453	0.9798361912669724	0.9753797255052351	0.9863527332629604	0.9789334531225465	0.9776839761790324	0.9786905739741565	0.9823344418379137	0.9788846223125814	0.9803518087821491	0.9804877864592969	0.9760772508461966	0.9654825209543533	0.9774096770393191	0.982053374482706	0.9782556876564917	0.9796044477455295	0.9649546837780795	0.9874510525034792	0.9801401199802551	0.9807751276334957	0.9780429531000355	0.976288244767877	0.9813037396769115
0.9688066449915425	0.9815761186672181	0.9725380419862648	0.9773403601306958	0.9788498378731483	0.9787500940051015	0.9801936515281154	0.9791962335189626	0.9768029828610296	0.9777730245670254	1.0	0.9794505044024321	0.984095684501704	0.9909791120282896	0.9742481519453562	0.9796028620178	0.9805903109638933	0.9782000205428892	0.9797299023363449	0.9802856165953655	0.9765261755677989	0.9779418679655055	0.9758317782331517	0.9782977689409225	0.982014577222709	0.9839259290821121	0.9784600346436763	0.9803849758400877	0.9783161553038878	0.9879722480604298	0.9663626881541064	0.9795383710838678	0.9840313437914242	0.979854213982861	0.9827325387929825	0.9634995964185539	0.9798231804016672	0.9771312854217605	0.9805295989178489	0.9793225897403759	0.9747201261003519	0.9820725970656354
0.9692811098077593	0.9815941345724324	0.9721695648987643	0.976775003683378	0.978946849826271	0.979127825674661	0.9781735978621252	0.980306137953408	0.9777133568086831	0.9781067484540706	0.9794505044024321	1.0	0.9789978556466593	0.9804621584723011	0.9747737794696365	0.9817101575725758	0.9804621584723011	0.978505804560111	0.9812008626405024	0.9806174377041413	0.9844985884381111	0.9780836605583046	0.9774306041528046	0.9783733276957337	0.9813223737323157	0.9799471561643585	0.979833555824637	0.9796474075718759	0.9787382394359628	0.9788019248275226	0.9674284672847275	0.9772161452907533	0.9840885915434878	0.978965282100083	0.9811704142017675	0.9628985924285702	0.9803998396217727	0.975607721457778	0.9808643603470916	0.9796744967646015	0.9741801444251308	0.9831502964455185
0.9670558488631756	0.9807046016585631	0.9727207216362975	0.9759235341802548	0.9797127365983564	0.9779853538632184	0.9760263640904392	0.9793157520181268	0.9776351959759468	0.977136555434224	0.984095684501704	0.9789978556466593	1.0	0.989037583399501	0.9745322385672975	0.9784570915526717	0.9784969138383327	0.9773477643098785	0.9794452835665042	0.9794349890812015	0.9752646178419211	0.978679493708353	0.9751461480439834	0.9775963461791859	0.9790317963164779	0.9862481658811109	0.9763668021308995	0.9799847316880105	0.9789770008919604	0.9855721104140673	0.9654357033445565	0.977831443341329	0.9827161136970614	0.9765356949070879	0.9799851614856748	0.962286119608136	0.9795887468394364	0.9771312854217605	0.9805560187843899	0.977953113293597	0.9747201261003519	0.9810291262089552
0.9662295041219298	0.9792661756837595	0.9742767529368855	0.9777139639486792	0.9804610722461815	0.978420306882487	0.9778105547537863	0.9802638538051657	0.9805168818110256	0.9777811164251528	0.9909791120282896	0.9804621584723011	0.989037583399501	1.0	0.9773186557337326	0.9811780528373165	0.980456946361596	0.9794280485594598	0.9811847613438297	0.9794738712122625	0.9767225250714621	0.9803384239291569	0.9778721962532522	0.9791953206688044	0.9788298684340722	0.9859631293916691	0.9795221560201578	0.9815571181219762	0.9818774322385317	0.9912391971803678	0.9657524496100218	0.9797186392249241	0.9856522818449804	0.9781284512629613	0.9784170345315576	0.9666181247116908	0.9776891758241064	0.9802994149893459	0.9790758966848061	0.9795481973508696	0.9765785495997635	0.9780928199303596
0.9684132856845286	0.9808314986517689	0.9671160603578096	0.9723167608664205	0.9738734200633258	0.9767952136811203	0.9746532334901483	0.9768705081911009	0.9720574847225317	0.9771699572984612	0.9742481519453562	0.9747737794696365	0.9745322385672975	0.9773186557337326	1.0	0.9725954478372785	0.9772815447115768	0.9758390352533514	0.9758390352533514	0.978160748393521	0.9744513241886817	0.975291039133993	0.9761865048048153	0.9756443807129693	0.9778338200875999	0.9740017251880836	0.9872530235570909	0.978015851535301	0.975331065872752	0.9756053096102546	0.966138417094189	0.9700817161271955	0.9763779520509813	0.9757223823822677	0.9772071955923838	0.9595103682831887	0.9789110713633361	0.9754698001607518	0.978015851535301	0.975291039133993	0.9710821935229791	0.9797479752197241
0.9706284142383056	0.9826466741971385	0.9690055201633089	0.9788050665362656	0.9752585607201616	0.9815337491819603	0.979073170957321	0.9825782137480648	0.9746253068631084	0.9826466741971385	0.9796028620178	0.9817101575725758	0.9784570915526717	0.9811780528373165	0.9725954478372785	1.0	0.9824064339200093	0.9814983530820216	0.9816397083036822	0.9813919344247295	0.9785347407538864	0.9793769031452481	0.9780266842805942	0.9797899739330179	0.9823719695618037	0.9789202382671974	0.980161012374536	0.9803816294697428	0.9757277352834445	0.9803816294697428	0.9673515414015733	0.9757004923361209	0.9841177154345063	0.9801240975988657	0.9831219328014248	0.9600031090942732	0.9832564644158694	0.9714013100631205	0.9833235237052325	0.9809627633513387	0.9763289432343744	0.9843782291783835
0.9687667476020067	0.982851712217844	0.9725838084904662	0.9760825003278221	0.9804610722461815	0.9794476716128878	0.9842087875484253	0.98167967592717	0.9798656650863343	0.9799858755275945	0.9805903109638933	0.9804621584723011	0.9784969138383327	0.980456946361596	0.9772815447115768	0.9824064339200093	1.0	0.9799204035031442	0.9813921380911568	0.9813223129374361	0.9786542584147371	0.9818226884655595	0.9782621153621772	0.9783126871430275	0.9843648133515582	0.9853272081069154	0.9797776266610407	0.9817484553737608	0.980657695795321	0.9802222598818061	0.9670460489365227	0.9856840059725803	0.9836567776983505	0.9845854727697849	0.981179666199074	0.9637368835188846	0.981350767786479	0.9794543137131096	0.9818027114480704	0.9798074579148259	0.9783365790652333	0.9830953151280806
0.9701651839814479	0.9829795754414771	0.973751618512146	0.9759982828058754	0.9791400127897028	0.9797059110353756	0.9778071757558687	0.9804054470821586	0.9786748768555495	0.9785162753202346	0.9782000205428892	0.978505804560111	0.9773477643098785	0.9794280485594598	0.9758390352533514	0.9814983530820216	0.9799204035031442	1.0	0.9806755885603972	0.9807943118364729	0.9771156062714016	0.980006642621333	0.9776425707727737	0.9785162753202346	0.9802848595684028	0.9808963615628037	0.979644367834149	0.9815890854628461	0.9795663726201264	0.9791790586041257	0.9663626154831058	0.9782854119114992	0.9820837917982561	0.9779372553833855	0.9801638253917626	0.962471092177585	0.9804655743853432	0.9779526321758796	0.9829795754414771	0.9794900004467454	0.9766867498629307	0.9948129629558691
0.9710538194932331	0.9831737181757979	0.9735746688135885	0.9788123004852011	0.9801357825190848	0.98012767740728	0.9786199862556625	0.9813921380911568	0.9787505876315059	0.9788761541373453	0.9797299023363449	0.9812008626405024	0.9794452835665042	0.9811847613438297	0.9758390352533514	0.9816397083036822	0.9813921380911568	0.9806755885603972	1.0	0.9816568481533093	0.9789717009309222	0.9796714569672211	0.9783617907707536	0.9794766127851887	0.9815394635643703	0.9815906069384049	0.980219636284616	0.9819070529158227	0.9795079119701059	0.9804636021853247	0.9675878843315758	0.9784353409919565	0.9829538231792627	0.9781993743645068	0.9829492099106913	0.9642062638513488	0.9811252685410445	0.9782077627353474	0.984273759709897	0.9809161872626176	0.9760320861653662	0.9838381612432088
0.9703053144999131	0.9837902033291487	0.9748788669642844	0.9770386769306147	0.9804610722461815	0.9775022844085397	0.9781213679951262	0.9819956821877747	0.9803732844670022	0.9798361912669724	0.9802856165953655	0.9806174377041413	0.9794349890812015	0.9794738712122625	0.978160748393521	0.9813919344247295	0.9813223129374361	0.9807943118364729	0.9816568481533093	1.0	0.9773894281427433	0.9823546167465467	0.9808385693731714	0.979763020031776	0.9798097611620901	0.9823344418379137	0.9811638051608317	0.9826887163026712	0.9808828764685319	0.9788369909506087	0.965830842202508	0.9786960698468533	0.9837146824548116	0.9794709072074188	0.9796142454785614	0.9657971469654714	0.980553118319884	0.9827847833316327	0.9797314495779725	0.9790740318936675	0.9779232206170085	0.9820690281201754
0.9665132412372205	0.978288508682404	0.9711818884545224	0.9746808338108834	0.9788498378731483	0.9761071350290713	0.9758475446109344	0.9770677832903757	0.9755342362368548	0.9753797255052351	0.9765261755677989	0.9844985884381111	0.9752646178419211	0.9767225250714621	0.9744513241886817	0.9785347407538864	0.9786542584147371	0.9771156062714016	0.9789717009309222	0.9773894281427433	1.0	0.9777994559184431	0.9757448473673662	0.9756317571955598	0.9796069867206698	0.97928697774228	0.977602815563334	0.9795455271418237	0.9783767884898763	0.9749759892708327	0.9639037249552984	0.9761105839096085	0.9797528419186224	0.9772236123977927	0.9779812741403151	0.9604407758668982	0.9780429531000355	0.9749590231604779	0.9777644740695096	0.9761724636429857	0.972911095280663	0.9790142739393407
0.9706887857530728	0.9842245293630455	0.9714671685655876	0.9759269225551599	0.9780631775544022	0.9797387698590005	0.9781190125575376	0.9827556335220817	0.9770827564186196	0.9863527332629604	0.9779418679655055	0.9780836605583046	0.978679493708353	0.9803384239291569	0.975291039133993	0.9793769031452481	0.9818226884655595	0.980006642621333	0.9796714569672211	0.9823546167465467	0.9777994559184431	1.0	0.9789905831562972	0.9805030597796975	0.9805686826027826	0.9799471561643585	0.9803384239291569	0.979065835633154	0.9789174741200728	0.9789217080352323	0.9670739986003829	0.9748828222740764	0.9805686826027826	0.9797387698590005	0.9811534345748829	0.9627770295172887	0.987566504258146	0.9782923645384232	0.9832727406970446	0.9790936240415443	0.9750458571873228	0.9833029061411092
0.9700784598205899	0.9808385693731714	0.9708940719831695	0.9749679410349092	0.983166642335996	0.9780026881417241	0.9751461480439834	0.9788383894325503	0.9768029828610296	0.9789334531225465	0.9758317782331517	0.9774306041528046	0.9751461480439834	0.9778721962532522	0.9761865048048153	0.9780266842805942	0.9782621153621772	0.9776425707727737	0.9783617907707536	0.9808385693731714	0.9757448473673662	0.9789905831562972	1.0	0.9764011939864332	0.9789650795734515	0.9777784384376572	0.9781326597779718	0.9791692217692645	0.9803169891941399	0.9764695192078368	0.9658200766322232	0.9747574567489268	0.9796219811946629	0.9754644792061394	0.9799306034612459	0.9621000741745908	0.979961279018619	0.9782077627353474	0.980387739673201	0.9766397074210198	0.9757738946886794	0.9821549281363041
0.9687258724799465	0.9813810490349951	0.9742333146691128	0.9759483814071775	0.9779135424364783	0.9801165479711271	0.9768850154108559	0.9799914220732808	0.9799751066324531	0.9776839761790324	0.9782977689409225	0.9783733276957337	0.9775963461791859	0.9791953206688044	0.9756443807129693	0.9797899739330179	0.9783126871430275	0.9785162753202346	0.9794766127851887	0.979763020031776	0.9756317571955598	0.9805030597796975	0.9764011939864332	1.0	0.9787706059759976	0.9814923265865517	0.979007021293089	0.9854714687880133	0.9787980937982583	0.9776207754095808	0.9658556167367495	0.9774096770393191	0.9814700086038304	0.9765280985274061	0.9801165479711271	0.9635590827364043	0.9796145798131017	0.9776093218856953	0.9803501256173277	0.978060628623349	0.974986788144776	0.9815497537369866
0.9679048253744915	0.9790474656192353	0.9740589781933546	0.9789014463661928	0.9814179592133269	0.978985605104757	0.9838650424181938	0.9816218909580409	0.9803012484842013	0.9786905739741565	0.982014577222709	0.9813223737323157	0.9790317963164779	0.9788298684340722	0.9778338200875999	0.9823719695618037	0.9843648133515582	0.9802848595684028	0.9815394635643703	0.9798097611620901	0.9796069867206698	0.9805686826027826	0.9789650795734515	0.9787706059759976	1.0	0.9846191380961516	0.9804995052855604	0.9824717247929605	0.9814942452069462	0.9792791239404299	0.9649357534172244	0.983387907216489	0.984344977284146	0.9848720018728786	0.9804015615065024	0.965518769272797	0.9794680714338405	0.9790853229667967	0.9799844299272104	0.9814344807562811	0.9781993743645068	0.9799564050871247
0.9707472306802715	0.9843796795042563	0.9717968497030827	0.9779982636156466	0.9779135424364783	0.9810962256479299	0.9832488619384981	0.9830304653272977	0.9770429356220165	0.9823344418379137	0.9839259290821121	0.9799471561643585	0.9862481658811109	0.9859631293916691	0.9740017251880836	0.9789202382671974	0.9853272081069154	0.9808963615628037	0.9815906069384049	0.9823344418379137	0.97928697774228	0.9799471561643585	0.9777784384376572	0.9814923265865517	0.9846191380961516	1.0	0.9804590851250798	0.9803573389633458	0.9786782750606808	0.9839867930082699	0.9669748423053992	0.9797904687685667	0.9825892558138475	0.9832488619384981	0.9830304653272977	0.9608960308944251	0.9849750818576417	0.9772187245189736	0.9831242421507171	0.9820776293641699	0.9747768537701698	0.9844097075608966
0.9698222723944504	0.9823431235463799	0.9740152474249583	0.9752006754152621	0.9782616286852774	0.9800292894603264	0.9762352791739444	0.9805041230694329	0.9795351226844764	0.9788846223125814	0.9784600346436763	0.979833555824637	0.9763668021308995	0.9795221560201578	0.9872530235570909	0.980161012374536	0.9797776266610407	0.979644367834149	0.980219636284616	0.9811638051608317	0.977602815563334	0.9803384239291569	0.9781326597779718	0.979007021293089	0.9804995052855604	0.9804590851250798	1.0	0.9873469992366837	0.9792730169056197	0.9778569129929967	0.9668087313318647	0.9776404078180635	0.9828054569993958	0.977387044481082	0.9801179719262949	0.9646688878248652	0.9809918065251074	0.9790853229667967	0.9807899912691719	0.979007021293089	0.9766867498629307	0.9823155327367645
0.9718718479276109	0.9842866276963717	0.9729023778173207	0.9786839258702432	0.9781129036909522	0.9821906062246892	0.979579522616993	0.9818437060960512	0.97848482756442	0.9803518087821491	0.9803849758400877	0.9796474075718759	0.9799847316880105	0.9815571181219762	0.978015851535301	0.9803816294697428	0.9817484553737608	0.9815890854628461	0.9819070529158227	0.9826887163026712	0.9795455271418237	0.979065835633154	0.9791692217692645	0.9854714687880133	0.9824717247929605	0.9803573389633458	0.9873469992366837	1.0	0.9770791877293661	0.9807803772237764	0.9691321850959755	0.9759495357806222	0.9828735717386983	0.9796812972007325	0.9829042798228202	0.96283786852753	0.9822845808372389	0.9773494446496171	0.9840503671028824	0.9817484553737608	0.9753787582374346	0.984579580939618
0.9715992234419398	0.9822023448898015	0.9718963508093849	0.9775796229084751	0.9712239392310242	0.9809948878765137	0.9777035398661929	0.9805445210993318	0.9766987499460079	0.9804877864592969	0.9783161553038878	0.9787382394359628	0.9789770008919604	0.9818774322385317	0.975331065872752	0.9757277352834445	0.980657695795321	0.9795663726201264	0.9795079119701059	0.9808828764685319	0.9783767884898763	0.9789174741200728	0.9803169891941399	0.9787980937982583	0.9814942452069462	0.9786782750606808	0.9792730169056197	0.9770791877293661	1.0	0.9803169891941399	0.9679703894751635	0.9715245137392843	0.981217766199445	0.9786782750606808	0.9826306061847994	0.961007053084724	0.981217766199445	0.9764426324362311	0.981822965179456	0.979449346457872	0.9757277352834445	0.9834706899960649
0.9680226641269194	0.9807950606142231	0.9740152474249583	0.9766792874706574	0.9791881254230828	0.9783586837464183	0.976892060546796	0.9795014165595262	0.979163885520639	0.9760772508461966	0.9879722480604298	0.9788019248275226	0.9855721104140673	0.9912391971803678	0.9756053096102546	0.9803816294697428	0.9802222598818061	0.9791790586041257	0.9804636021853247	0.9788369909506087	0.9749759892708327	0.9789217080352323	0.9764695192078368	0.9776207754095808	0.9792791239404299	0.9839867930082699	0.9778569129929967	0.9807803772237764	0.9803169891941399	1.0	0.9645265537114857	0.9790649617812698	0.9840599801564232	0.9772236123977927	0.979801898221719	0.9648977274002768	0.9781774945307041	0.9787537918382657	0.9788962892651618	0.9778885363354327	0.9756626107225048	0.980486164021578
0.9664660185793382	0.9667964232811633	0.9611201093693196	0.9631336381100998	0.9671682472384674	0.9645855802545447	0.9653195866761037	0.9665135124039865	0.9679519909820778	0.9654825209543533	0.9663626881541064	0.9674284672847275	0.9654357033445565	0.9657524496100218	0.966138417094189	0.9673515414015733	0.9670460489365227	0.9663626154831058	0.9675878843315758	0.965830842202508	0.9639037249552984	0.9670739986003829	0.9658200766322232	0.9658556167367495	0.9649357534172244	0.9669748423053992	0.9668087313318647	0.9691321850959755	0.9679703894751635	0.9645265537114857	1.0	0.9655732245542935	0.9698726827739365	0.9664400016635316	0.966215972131668	0.9926966261355383	0.9659217763084462	0.9648206468915063	0.9653431833510069	0.966115020337725	0.9631126127117281	0.9676079142295885
0.9680352432967596	0.9797904687685667	0.9663487302556673	0.9756250276611718	0.9737600140107376	0.977831443341329	0.9848647318351863	0.978472715813577	0.9727469149272996	0.9774096770393191	0.9795383710838678	0.9772161452907533	0.977831443341329	0.9797186392249241	0.9700817161271955	0.9757004923361209	0.9856840059725803	0.9782854119114992	0.9784353409919565	0.9786960698468533	0.9761105839096085	0.9748828222740764	0.9747574567489268	0.9774096770393191	0.983387907216489	0.9797904687685667	0.9776404078180635	0.9759495357806222	0.9715245137392843	0.9790649617812698	0.9655732245542935	1.0	0.9792478556942115	0.9853526907466935	0.9791382423770973	0.9574205035224785	0.9788810371257677	0.9706082871058324	0.9801472659941817	0.9780592177851761	0.9733017599932795	0.9815027076516729
0.9719299618779509	0.9854882612438751	0.9734413204873226	0.9799481550868965	0.9806455086358651	0.9834533018999795	0.9808760513250067	0.9837724851374313	0.9806241672972977	0.982053374482706	0.9840313437914242	0.9840885915434878	0.9827161136970614	0.9856522818449804	0.9763779520509813	0.9841177154345063	0.9836567776983505	0.9820837917982561	0.9829538231792627	0.9837146824548116	0.9797528419186224	0.9805686826027826	0.9796219811946629	0.9814700086038304	0.984344977284146	0.9825892558138475	0.9828054569993958	0.9828735717386983	0.981217766199445	0.9840599801564232	0.9698726827739365	0.9792478556942115	1.0	0.9808444895728806	0.9847958858117816	0.9643805289486334	0.9844865528517102	0.9791676821421986	0.9838301861114116	0.982174874538624	0.977399040321868	0.9857611757569542
0.9672524854671086	0.9801669261332644	0.9719837432508219	0.9752652953289029	0.97710367361383	0.977614480786692	0.9868106327508909	0.9790039449322123	0.9780241391540501	0.9782556876564917	0.979854213982861	0.978965282100083	0.9765356949070879	0.9781284512629613	0.9757223823822677	0.9801240975988657	0.9845854727697849	0.9779372553833855	0.9781993743645068	0.9794709072074188	0.9772236123977927	0.9797387698590005	0.9754644792061394	0.9765280985274061	0.9848720018728786	0.9832488619384981	0.977387044481082	0.9796812972007325	0.9786782750606808	0.9772236123977927	0.9664400016635316	0.9853526907466935	0.9808444895728806	1.0	0.9800168742726408	0.9640310487302725	0.9800769777450367	0.9779526321758796	0.9798358974701747	0.978192131522266	0.9753639781558567	0.9812274295614088
0.9679077927003038	0.9787565078134367	0.9754281560489855	0.9895931197758521	0.9814628342989858	0.9805449897857696	0.9803914906437714	0.9827027325535782	0.9817816438590805	0.9796044477455295	0.9827325387929825	0.9811704142017675	0.9799851614856748	0.9784170345315576	0.9772071955923838	0.9831219328014248	0.981179666199074	0.9801638253917626	0.9829492099106913	0.9796142454785614	0.9779812741403151	0.9811534345748829	0.9799306034612459	0.9801165479711271	0.9804015615065024	0.9830304653272977	0.9801179719262949	0.9829042798228202	0.9826306061847994	0.979801898221719	0.966215972131668	0.9791382423770973	0.9847958858117816	0.9800168742726408	1.0	0.9657971469654714	0.9799513975109603	0.9788785110834547	0.9815693913439291	0.9805049452952851	0.9778190568561422	0.9793829659123805
0.9675764599941284	0.9669407458623523	0.9537368587871028	0.9600453375343012	0.9590518000245075	0.9651249502914986	0.9640895599789266	0.9639724307481564	0.9611662279997798	0.9649546837780795	0.9634995964185539	0.9628985924285702	0.962286119608136	0.9666181247116908	0.9595103682831887	0.9600031090942732	0.9637368835188846	0.962471092177585	0.9642062638513488	0.9657971469654714	0.9604407758668982	0.9627770295172887	0.9621000741745908	0.9635590827364043	0.965518769272797	0.9608960308944251	0.9646688878248652	0.96283786852753	0.961007053084724	0.9648977274002768	0.9926966261355383	0.9574205035224785	0.9643805289486334	0.9640310487302725	0.9657971469654714	1.0	0.965462803643954	0.9582326947628257	0.9644384080031789	0.9642644572573972	0.9595777307338068	0.9669407458623523
0.9698437127706839	0.9815635083328905	0.9751757908952305	0.9782505580147419	0.9808289102166352	0.9780475382370571	0.9784292462197098	0.9866023339421744	0.9808731392085508	0.9874510525034792	0.9798231804016672	0.9803998396217727	0.9795887468394364	0.9776891758241064	0.9789110713633361	0.9832564644158694	0.981350767786479	0.9804655743853432	0.9811252685410445	0.980553118319884	0.9780429531000355	0.987566504258146	0.979961279018619	0.9796145798131017	0.9794680714338405	0.9849750818576417	0.9809918065251074	0.9822845808372389	0.981217766199445	0.9781774945307041	0.9659217763084462	0.9788810371257677	0.9844865528517102	0.9800769777450367	0.9799513975109603	0.965462803643954	1.0	0.9807726935651598	0.9810314879658295	0.9793119755494204	0.9785072771427535	0.9809488594231053
0.9696853824697494	0.9956613339745435	0.9675218224956238	0.9738159208120398	0.9710358273986704	0.977566152695799	0.9766905334174013	0.9789613931860306	0.9723279924132813	0.9801401199802551	0.9771312854217605	0.975607721457778	0.9771312854217605	0.9802994149893459	0.9754698001607518	0.9714013100631205	0.9794543137131096	0.9779526321758796	0.9782077627353474	0.9827847833316327	0.9749590231604779	0.9782923645384232	0.9782077627353474	0.9776093218856953	0.9790853229667967	0.9772187245189736	0.9790853229667967	0.9773494446496171	0.9764426324362311	0.9787537918382657	0.9648206468915063	0.9706082871058324	0.9791676821421986	0.9779526321758796	0.9788785110834547	0.9582326947628257	0.9807726935651598	1.0	0.979738450735429	0.9772187245189736	0.972429340009431	0.9820399612648394
0.9682836171231352	0.9812477119623221	0.9740589781933546	0.9783443410918433	0.9810112887259188	0.9792768099810817	0.9785821022041614	0.9906861280954771	0.9806241672972977	0.9807751276334957	0.9805295989178489	0.9808643603470916	0.9805560187843899	0.9790758966848061	0.978015851535301	0.9833235237052325	0.9818027114480704	0.9829795754414771	0.984273759709897	0.9797314495779725	0.9777644740695096	0.9832727406970446	0.980387739673201	0.9803501256173277	0.9799844299272104	0.9831242421507171	0.9807899912691719	0.9840503671028824	0.981822965179456	0.9788962892651618	0.9653431833510069	0.9801472659941817	0.9838301861114116	0.9798358974701747	0.9815693913439291	0.9644384080031789	0.9810314879658295	0.979738450735429	1.0	0.9801891323435725	0.9788123004852011	0.9837617283707416
0.9688454179218244	0.9809307398647226	0.9856344953254538	0.9766464181371456	0.979570494757067	0.9847841414805354	0.9772117164569158	0.9796860312859127	0.9844604617562446	0.9780429531000355	0.9793225897403759	0.9796744967646015	0.977953113293597	0.9795481973508696	0.975291039133993	0.9809627633513387	0.9798074579148259	0.9794900004467454	0.9809161872626176	0.9790740318936675	0.9761724636429857	0.9790936240415443	0.9766397074210198	0.978060628623349	0.9814344807562811	0.9820776293641699	0.979007021293089	0.9817484553737608	0.979449346457872	0.9778885363354327	0.966115020337725	0.9780592177851761	0.982174874538624	0.978192131522266	0.9805049452952851	0.9642644572573972	0.9793119755494204	0.9772187245189736	0.9801891323435725	1.0	0.9752136269542822	0.9819305824601137
0.9680315016560462	0.9789805337211659	0.9682338638070779	0.9727895369560972	0.9754208787321088	0.9758478730316184	0.9751381897781998	0.9775045530910118	0.9727469149272996	0.976288244767877	0.9747201261003519	0.9741801444251308	0.9747201261003519	0.9765785495997635	0.9710821935229791	0.9763289432343744	0.9783365790652333	0.9766867498629307	0.9760320861653662	0.9779232206170085	0.972911095280663	0.9750458571873228	0.9757738946886794	0.974986788144776	0.9781993743645068	0.9747768537701698	0.9766867498629307	0.9753787582374346	0.9757277352834445	0.9756626107225048	0.9631126127117281	0.9733017599932795	0.977399040321868	0.9753639781558567	0.9778190568561422	0.9595777307338068	0.9785072771427535	0.972429340009431	0.9788123004852011	0.9752136269542822	1.0	0.9808395216380481
0.9689269191980483	0.9814499133960845	0.9771021587655138	0.979267634490388	0.9832091852520325	0.9801958371332902	0.9805354501723648	0.983857266985253	0.9829993394749884	0.9813037396769115	0.9820725970656354	0.9831502964455185	0.9810291262089552	0.9780928199303596	0.9797479752197241	0.9843782291783835	0.9830953151280806	0.9948129629558691	0.9838381612432088	0.9820690281201754	0.9790142739393407	0.9833029061411092	0.9821549281363041	0.9815497537369866	0.9799564050871247	0.9844097075608966	0.9823155327367645	0.984579580939618	0.9834706899960649	0.980486164021578	0.9676079142295885	0.9815027076516729	0.9857611757569542	0.9812274295614088	0.9793829659123805	0.9669407458623523	0.9809488594231053	0.9820399612648394	0.9837617283707416	0.9819305824601137	0.9808395216380481	1.0
