/home/jshaw/scratch/2022_sketched_distance/references/SGB_genome_fastas_part3/4816/BackhedF_2015__SID184_12M__bin.1.fa	/home/jshaw/scratch/2022_sketched_distance/references/SGB_genome_fastas_part3/4816/Bengtsson-PalmeJ_2015__TRAVELRES19__bin.33.fa	/home/jshaw/scratch/2022_sketched_distance/references/SGB_genome_fastas_part3/4816/Bengtsson-PalmeJ_2015__TRAVELRES4__bin.123.fa	/home/jshaw/scratch/2022_sketched_distance/references/SGB_genome_fastas_part3/4816/Bengtsson-PalmeJ_2015__TRAVELRES57__bin.29.fa	/home/jshaw/scratch/2022_sketched_distance/references/SGB_genome_fastas_part3/4816/Bengtsson-PalmeJ_2015__TRAVELRES61__bin.97.fa	/home/jshaw/scratch/2022_sketched_distance/references/SGB_genome_fastas_part3/4816/BritoIL_2016__W1.41.ST__bin.79.fa	/home/jshaw/scratch/2022_sketched_distance/references/SGB_genome_fastas_part3/4816/CM_madagascar__A58_01_1FE__bin.6.fa	/home/jshaw/scratch/2022_sketched_distance/references/SGB_genome_fastas_part3/4816/FengQ_2015__SID31379__bin.49.fa	/home/jshaw/scratch/2022_sketched_distance/references/SGB_genome_fastas_part3/4816/FengQ_2015__SID530002__bin.65.fa	/home/jshaw/scratch/2022_sketched_distance/references/SGB_genome_fastas_part3/4816/FengQ_2015__SID530119__bin.18.fa	/home/jshaw/scratch/2022_sketched_distance/references/SGB_genome_fastas_part3/4816/FengQ_2015__SID530163__bin.45.fa	/home/jshaw/scratch/2022_sketched_distance/references/SGB_genome_fastas_part3/4816/FengQ_2015__SID530258__bin.75.fa	/home/jshaw/scratch/2022_sketched_distance/references/SGB_genome_fastas_part3/4816/FengQ_2015__SID530297__bin.62.fa	/home/jshaw/scratch/2022_sketched_distance/references/SGB_genome_fastas_part3/4816/FengQ_2015__SID530558__bin.75.fa	/home/jshaw/scratch/2022_sketched_distance/references/SGB_genome_fastas_part3/4816/FengQ_2015__SID531469__bin.57.fa	/home/jshaw/scratch/2022_sketched_distance/references/SGB_genome_fastas_part3/4816/FengQ_2015__SID532779__bin.85.fa	/home/jshaw/scratch/2022_sketched_distance/references/SGB_genome_fastas_part3/4816/KarlssonFH_2013__S194__bin.18.fa	/home/jshaw/scratch/2022_sketched_distance/references/SGB_genome_fastas_part3/4816/LeChatelierE_2013__MH0086__bin.32.fa	/home/jshaw/scratch/2022_sketched_distance/references/SGB_genome_fastas_part3/4816/LeChatelierE_2013__MH0420__bin.61.fa	/home/jshaw/scratch/2022_sketched_distance/references/SGB_genome_fastas_part3/4816/LiJ_2014__O2.UC15-1__bin.5.fa	/home/jshaw/scratch/2022_sketched_distance/references/SGB_genome_fastas_part3/4816/LiJ_2014__O2.UC32-1__bin.62.fa	/home/jshaw/scratch/2022_sketched_distance/references/SGB_genome_fastas_part3/4816/LiJ_2014__O2.UC46-1__bin.34.fa	/home/jshaw/scratch/2022_sketched_distance/references/SGB_genome_fastas_part3/4816/LiJ_2014__V1.FI28__bin.31.fa	/home/jshaw/scratch/2022_sketched_distance/references/SGB_genome_fastas_part3/4816/LiJ_2014__V1.FI31__bin.11.fa	/home/jshaw/scratch/2022_sketched_distance/references/SGB_genome_fastas_part3/4816/NielsenHB_2014__MH0086__bin.4.fa	/home/jshaw/scratch/2022_sketched_distance/references/SGB_genome_fastas_part3/4816/SchirmerM_2016__G88975__bin.5.fa	/home/jshaw/scratch/2022_sketched_distance/references/SGB_genome_fastas_part3/4816/XieH_2016__YSZC12003_36034__bin.30.fa	/home/jshaw/scratch/2022_sketched_distance/references/SGB_genome_fastas_part3/4816/YuJ_2015__SZAXPI003416-4__bin.10.fa	/home/jshaw/scratch/2022_sketched_distance/references/SGB_genome_fastas_part3/4816/ZeeviD_2015__PNP_Main_279__bin.36.fa	/home/jshaw/scratch/2022_sketched_distance/references/SGB_genome_fastas_part3/4816/ZeeviD_2015__PNP_Main_447__bin.22.fa	/home/jshaw/scratch/2022_sketched_distance/references/SGB_genome_fastas_part3/4816/ZellerG_2014__CCIS10793554ST-4-0__bin.56.fa	/home/jshaw/scratch/2022_sketched_distance/references/SGB_genome_fastas_part3/4816/ZellerG_2014__CCIS81735969ST-20-0__bin.53.fa	/home/jshaw/scratch/2022_sketched_distance/references/SGB_genome_fastas_part3/4816/ZellerG_2014__CCIS81887263ST-4-0__bin.29.fa	/home/jshaw/scratch/2022_sketched_distance/references/SGB_genome_fastas_part3/4816/ZellerG_2014__CCMD79987997ST-21-0__bin.40.fa
1.0	0.9894100463559969	0.975313178271462	0.9930174723090132	0.988846607446358	0.9869291127222051	0.9807195874206341	0.9890481925017862	0.9881734450893509	0.9875788754113549	0.9895856417203217	0.9863638631681758	0.9885370310049755	0.9880911474284505	0.9941292040044527	0.9795379967461267	0.986685279816946	0.9891116457241228	0.9934853424638886	0.9878871058540304	0.9835996403409064	0.9835946612230466	0.9920719998733287	0.9804727233454342	0.9871200337837033	0.9827832652756493	0.9885281066228897	0.9880368342603021	0.9912899495584733	0.9904077515629044	0.9804031471919663	0.9851386231790769	0.9914766864524265	0.9865534387289154
0.9894100463559969	1.0	0.9757822524686477	0.9885769864990446	0.9871851283358214	0.9852087966164857	0.980143036314731	0.9879597055560971	0.988391481518243	0.987840930522539	0.9883104935167786	0.9861792613951225	0.9867996245002733	0.9868191977095274	0.9896616953491406	0.9808023733937439	0.985858575829219	0.9902254874337938	0.9888793492709891	0.9875087170231843	0.9830335105286018	0.9818079894536034	0.9885718916296966	0.9816964306422056	0.9886158515359978	0.9833209214384229	0.9866969703741303	0.9863576190654042	0.9904360539867633	0.990330583482977	0.9832094892028337	0.9863267339836761	0.9906038754866323	0.987313052835085
0.975313178271462	0.9757822524686477	1.0	0.9740550272067308	0.9729240032272753	0.9727905585698122	0.9750782479277099	0.9757426808731892	0.9767687778476091	0.9829101498549889	0.9822569778055166	0.9750009373962879	0.9746152729447124	0.9738336389307819	0.9772487417761679	0.9863899791859612	0.9701976099710782	0.977513281454733	0.9741767247493243	0.9751039708841786	0.9660505232560455	0.9459931736516197	0.9773857265194601	0.9592753842796348	0.9788647906016584	0.9755659912388979	0.9725289476836324	0.9729438478626359	0.9781418226554539	0.9750098115718584	0.9783854411783811	0.966178921088363	0.9752683699189378	0.9794648439411462
0.9930174723090132	0.9885769864990446	0.9740550272067308	1.0	0.9867814868941684	0.986267789817247	0.9792965474493572	0.9883060474747419	0.9875899468559994	0.9875488910637101	0.9889463675072414	0.9844680256269691	0.9873363856128861	0.9868758695527872	0.9916386449592317	0.9786498247054644	0.9860086199575184	0.9888453917375994	0.9914851021157979	0.986383308106984	0.9808612223246193	0.9810291066054043	0.9900840970584192	0.9779390587160661	0.9866033985246861	0.9810489156928628	0.9867983413712641	0.9873154919393409	0.9894265927015744	0.9894822658442564	0.9782388990486078	0.9827860550495896	0.990372728720701	0.9864316773756729
0.988846607446358	0.9871851283358214	0.9729240032272753	0.9867814868941684	1.0	0.9858930339685912	0.9801618932667754	0.9900526908377232	0.9879400028552333	0.9837947870041145	0.9846235532097886	0.9886344104072142	0.9881147884438166	0.987026270188843	0.9883860063827822	0.9779224014355212	0.9838782131237029	0.987159072757367	0.9881512023576102	0.9878334419565641	0.9823557092048812	0.9823698143345706	0.9874650304125203	0.9791190977351035	0.9849158843043894	0.9819933681686687	0.9874918647038282	0.9865930655711351	0.9882677783126823	0.9878727910397013	0.978995140005509	0.9823700548644879	0.9881148528290633	0.9851534899019588
0.9869291127222051	0.9852087966164857	0.9727905585698122	0.986267789817247	0.9858930339685912	1.0	0.9801220658587911	0.9883444617874608	0.986986115714858	0.9830564612548571	0.9834069172547357	0.9838716512210285	0.9870785562411565	0.9852156953028173	0.9856104726596769	0.9783906522581804	0.9840290237073323	0.987433878823098	0.9862194203398837	0.9870154512715198	0.9793919822043399	0.9787710698745933	0.9847726671431224	0.9760347012544978	0.9851729300891549	0.9813743987743068	0.9871461179499661	0.9871644561588234	0.9869407569586162	0.9870196809072023	0.9763002694810893	0.9806198599233206	0.9869507524611882	0.9860758644625105
0.9807195874206341	0.980143036314731	0.9750782479277099	0.9792965474493572	0.9801618932667754	0.9801220658587911	1.0	0.9806225903062024	0.980645027534012	0.9823391402886485	0.98168692303595	0.9793990769551794	0.9803532665678029	0.979787647421832	0.9800425892417597	0.9787928783093984	0.9770171471069603	0.9819096699699585	0.9800548831425686	0.9815090783793851	0.9740824666441644	0.9702225189014252	0.9817386959274327	0.9703119434399302	0.9821345152651205	0.9800906633175367	0.9808847506378601	0.9796193182037267	0.9820307561134859	0.9807138061757932	0.9790398396335878	0.9748457630915739	0.980062597203133	0.9819375371982512
0.9890481925017862	0.9879597055560971	0.9757426808731892	0.9883060474747419	0.9900526908377232	0.9883444617874608	0.9806225903062024	1.0	0.9885803559518367	0.9851621104297424	0.985665423193927	0.9893412818930689	0.989160677777112	0.9882782192775136	0.988141578535765	0.9802132059106445	0.9860539873152686	0.989647836281421	0.9884599803659395	0.9881967875232951	0.9821544634021921	0.9813724444710716	0.9869843524613573	0.9779002565586885	0.9875764429461977	0.9826761829175569	0.9885859406485433	0.9891773844919743	0.9897644748828873	0.9892403074418641	0.9777036146584849	0.9825104663115333	0.9889777511114859	0.9876255580926382
0.9881734450893509	0.988391481518243	0.9767687778476091	0.9875899468559994	0.9879400028552333	0.986986115714858	0.980645027534012	0.9885803559518367	1.0	0.9866257103990032	0.985937564185233	0.9862781687785602	0.9878586323230988	0.9878764412029801	0.9885089022696346	0.9814786904998338	0.9845974697476652	0.9886815621537137	0.9878891640678173	0.9899450275935918	0.9816862740612546	0.9807678733629257	0.9878343504560133	0.9787832677126693	0.9868037275660628	0.9833804572858944	0.9882091784981872	0.9875774904605754	0.989109555844596	0.9885080243281175	0.9802780186419251	0.9827385402307778	0.9894757814544286	0.9877046055363383
0.9875788754113549	0.987840930522539	0.9829101498549889	0.9875488910637101	0.9837947870041145	0.9830564612548571	0.9823391402886485	0.9851621104297424	0.9866257103990032	1.0	0.9923020241663304	0.9834368300852714	0.9840316662911756	0.9839910245198945	0.9872283434546603	0.9869588591926736	0.9829782508942976	0.9872565854710598	0.9875744777427092	0.984507041393721	0.9775736158233422	0.9728977343814246	0.9885427566734357	0.9740312297008931	0.9869054495169761	0.9835240610052367	0.9842294643376825	0.983859585082192	0.9878263871024303	0.9865988188111642	0.9837511993224968	0.9803729017166589	0.9874727311964933	0.9887485506757587
0.9895856417203217	0.9883104935167786	0.9822569778055166	0.9889463675072414	0.9846235532097886	0.9834069172547357	0.98168692303595	0.985665423193927	0.985937564185233	0.9923020241663304	1.0	0.9841417220715963	0.9851589426021856	0.9844410141962192	0.9890567555767188	0.9850692693427857	0.9838228819360944	0.988083900277849	0.9882092386547844	0.9845486709004332	0.9780279049907941	0.9746747066083193	0.9890705174257145	0.9751919497001599	0.98751550165207	0.983227206419371	0.9843147053352675	0.9843872892112718	0.9881657383712603	0.9875646378875754	0.9835673767655806	0.9808242654577225	0.9889140737804352	0.989308852622551
0.9863638631681758	0.9861792613951225	0.9750009373962879	0.9844680256269691	0.9886344104072142	0.9838716512210285	0.9793990769551794	0.9893412818930689	0.9862781687785602	0.9834368300852714	0.9841417220715963	1.0	0.9865623469020052	0.984448377560693	0.9875303845157036	0.9791828535675344	0.9813052675607572	0.9859754900039011	0.9855898850010377	0.9851727438324615	0.980864746264228	0.9764433749795199	0.985988866146084	0.9772439752879927	0.9844384091870838	0.9823573425999569	0.9861964222273294	0.9843319024578949	0.9859552430617188	0.9859195988508621	0.980326201991308	0.9803539537268943	0.9854738843072712	0.9848122534687441
0.9885370310049755	0.9867996245002733	0.9746152729447124	0.9873363856128861	0.9881147884438166	0.9870785562411565	0.9803532665678029	0.989160677777112	0.9878586323230988	0.9840316662911756	0.9851589426021856	0.9865623469020052	1.0	0.9872603501928087	0.9885253507188881	0.9788393735253889	0.9857157111322002	0.9875064436198371	0.9877857206271389	0.9877206960170186	0.9823083002256627	0.9809304331446201	0.9873475104445105	0.9784811828949469	0.9850307028876881	0.9820133004045873	0.98859386302919	0.9880050100490583	0.9888748629370834	0.98856689187502	0.9789218600028295	0.9823247489503981	0.9895701178949695	0.9864830564885357
0.9880911474284505	0.9868191977095274	0.9738336389307819	0.9868758695527872	0.987026270188843	0.9852156953028173	0.979787647421832	0.9882782192775136	0.9878764412029801	0.9839910245198945	0.9844410141962192	0.984448377560693	0.9872603501928087	1.0	0.9872805071700582	0.9788247298262439	0.9847030892998336	0.9872711112534177	0.9870155242896876	0.9871034500338102	0.9824122928700962	0.980819058151335	0.9867865815329404	0.9781766610634124	0.9851518521797947	0.9815322992744331	0.9868266331240094	0.986938149691343	0.9890402671655139	0.9879586115281084	0.9779213038879798	0.9829693596533375	0.9882138467912545	0.9851727674957804
0.9941292040044527	0.9896616953491406	0.9772487417761679	0.9916386449592317	0.9883860063827822	0.9856104726596769	0.9800425892417597	0.988141578535765	0.9885089022696346	0.9872283434546603	0.9890567555767188	0.9875303845157036	0.9885253507188881	0.9872805071700582	1.0	0.9802507782822991	0.9849338598466318	0.9884180736245938	0.9923962307202591	0.9875847202838326	0.9838565461839327	0.9823155327367645	0.9926676371696201	0.9803940540793228	0.9869106617865334	0.9832242693033224	0.9873435197517	0.9859499065015764	0.990557009172316	0.9896217664951833	0.9818900425777987	0.9850769266143391	0.9904220078382527	0.9862430848186042
0.9795379967461267	0.9808023733937439	0.9863899791859612	0.9786498247054644	0.9779224014355212	0.9783906522581804	0.9787928783093984	0.9802132059106445	0.9814786904998338	0.9869588591926736	0.9850692693427857	0.9791828535675344	0.9788393735253889	0.9788247298262439	0.9802507782822991	1.0	0.975211863284393	0.9809814797653512	0.9785288530171624	0.979846674828218	0.9703787272045798	0.9581339226630402	0.9808830324869122	0.9647765787093772	0.982106297383376	0.9807574345259208	0.9792487050510528	0.98003284244869	0.983423489140437	0.9807726778051525	0.9813998855036468	0.9719860802550727	0.9799203499321623	0.9849667894677323
0.986685279816946	0.985858575829219	0.9701976099710782	0.9860086199575184	0.9838782131237029	0.9840290237073323	0.9770171471069603	0.9860539873152686	0.9845974697476652	0.9829782508942976	0.9838228819360944	0.9813052675607572	0.9857157111322002	0.9847030892998336	0.9849338598466318	0.975211863284393	1.0	0.9864607179951265	0.9865261324366419	0.9848182863453807	0.9798071582387361	0.9793414354458879	0.9850570551390321	0.9753224865062824	0.9840718245255771	0.9793116084264998	0.9845647901133253	0.9849504152885873	0.9864782895265003	0.9866267894444178	0.9758639837598166	0.9807756860625709	0.9875620126245026	0.9838081727337918
0.9891116457241228	0.9902254874337938	0.977513281454733	0.9888453917375994	0.987159072757367	0.987433878823098	0.9819096699699585	0.989647836281421	0.9886815621537137	0.9872565854710598	0.988083900277849	0.9859754900039011	0.9875064436198371	0.9872711112534177	0.9884180736245938	0.9809814797653512	0.9864607179951265	1.0	0.9886964757363664	0.9881105530715589	0.9825504091789548	0.9806138709678551	0.9885860211168469	0.9785850839639023	0.995399999412917	0.9832946930292806	0.9873290977027022	0.9874901892949361	0.9904416477698709	0.9903795645941834	0.980436638490642	0.9832873836719863	0.990098607931329	0.9879306946958645
0.9934853424638886	0.9888793492709891	0.9741767247493243	0.9914851021157979	0.9881512023576102	0.9862194203398837	0.9800548831425686	0.9884599803659395	0.9878891640678173	0.9875744777427092	0.9882092386547844	0.9855898850010377	0.9877857206271389	0.9870155242896876	0.9923962307202591	0.9785288530171624	0.9865261324366419	0.9886964757363664	1.0	0.9881355757898349	0.9827094465957177	0.9830103417782444	0.9926721003482177	0.97949936616548	0.9869788026074789	0.9819004711756154	0.9873078729370937	0.9864620742648389	0.9899031075812563	0.9892998642986439	0.9799198640797431	0.9844285730714585	0.9905066012040142	0.9857730274141973
0.9878871058540304	0.9875087170231843	0.9751039708841786	0.986383308106984	0.9878334419565641	0.9870154512715198	0.9815090783793851	0.9881967875232951	0.9899450275935918	0.984507041393721	0.9845486709004332	0.9851727438324615	0.9877206960170186	0.9871034500338102	0.9875847202838326	0.979846674828218	0.9848182863453807	0.9881105530715589	0.9881355757898349	1.0	0.9822738638031486	0.9817207458504879	0.9886898669413512	0.9787010129182361	0.9860300812713303	0.9836525835543818	0.9886479320892059	0.9871325863787429	0.9893842517098118	0.98847073083293	0.9795402886769803	0.9833649066797038	0.9883616271418384	0.9862032682563342
0.9835996403409064	0.9830335105286018	0.9660505232560455	0.9808612223246193	0.9823557092048812	0.9793919822043399	0.9740824666441644	0.9821544634021921	0.9816862740612546	0.9775736158233422	0.9780279049907941	0.980864746264228	0.9823083002256627	0.9824122928700962	0.9838565461839327	0.9703787272045798	0.9798071582387361	0.9825504091789548	0.9827094465957177	0.9822738638031486	1.0	0.9830368362599002	0.9832471723933228	0.9786934385164069	0.9807421293797742	0.9777590564147064	0.9816830950729042	0.9802726506830517	0.988057454800595	0.9865227739442132	0.9755983702692568	0.981521684959207	0.9835541091910422	0.97953006053442
0.9835946612230466	0.9818079894536034	0.9459931736516197	0.9810291066054043	0.9823698143345706	0.9787710698745933	0.9702225189014252	0.9813724444710716	0.9807678733629257	0.9728977343814246	0.9746747066083193	0.9764433749795199	0.9809304331446201	0.980819058151335	0.9823155327367645	0.9581339226630402	0.9793414354458879	0.9806138709678551	0.9830103417782444	0.9817207458504879	0.9830368362599002	1.0	0.9803477109187613	0.9774567551905026	0.9766325637252012	0.9727773877864409	0.9811146409852017	0.9798945786705856	0.9853593235873221	0.9861289388470796	0.9675700327216404	0.9814357753197815	0.9838801963023142	0.9766871296073436
0.9920719998733287	0.9885718916296966	0.9773857265194601	0.9900840970584192	0.9874650304125203	0.9847726671431224	0.9817386959274327	0.9869843524613573	0.9878343504560133	0.9885427566734357	0.9890705174257145	0.985988866146084	0.9873475104445105	0.9867865815329404	0.9926676371696201	0.9808830324869122	0.9850570551390321	0.9885860211168469	0.9926721003482177	0.9886898669413512	0.9832471723933228	0.9803477109187613	1.0	0.9805608334905992	0.9875456998497245	0.9843623630366389	0.9868281261288472	0.9853154146937736	0.9901195220756679	0.9889184035208137	0.9829289943318035	0.9842487718081219	0.9890936076776239	0.9863555812864518
0.9804727233454342	0.9816964306422056	0.9592753842796348	0.9779390587160661	0.9791190977351035	0.9760347012544978	0.9703119434399302	0.9779002565586885	0.9787832677126693	0.9740312297008931	0.9751919497001599	0.9772439752879927	0.9784811828949469	0.9781766610634124	0.9803940540793228	0.9647765787093772	0.9753224865062824	0.9785850839639023	0.97949936616548	0.9787010129182361	0.9786934385164069	0.9774567551905026	0.9805608334905992	1.0	0.9769667017088839	0.9745194438327042	0.9787768793625141	0.9753921030369419	0.9805865829533144	0.9799325674659153	0.9742067424757648	0.979655905795769	0.9803438587275314	0.9750007691557651
0.9871200337837033	0.9886158515359978	0.9788647906016584	0.9866033985246861	0.9849158843043894	0.9851729300891549	0.9821345152651205	0.9875764429461977	0.9868037275660628	0.9869054495169761	0.98751550165207	0.9844384091870838	0.9850307028876881	0.9851518521797947	0.9869106617865334	0.982106297383376	0.9840718245255771	0.995399999412917	0.9869788026074789	0.9860300812713303	0.9807421293797742	0.9766325637252012	0.9875456998497245	0.9769667017088839	1.0	0.9831121038820964	0.9852070310614571	0.9848065966716762	0.9890227584551127	0.9878005977666765	0.9824616743402927	0.9813376229088697	0.9879617812689451	0.9865530696692809
0.9827832652756493	0.9833209214384229	0.9755659912388979	0.9810489156928628	0.9819933681686687	0.9813743987743068	0.9800906633175367	0.9826761829175569	0.9833804572858944	0.9835240610052367	0.983227206419371	0.9823573425999569	0.9820133004045873	0.9815322992744331	0.9832242693033224	0.9807574345259208	0.9793116084264998	0.9832946930292806	0.9819004711756154	0.9836525835543818	0.9777590564147064	0.9727773877864409	0.9843623630366389	0.9745194438327042	0.9831121038820964	1.0	0.9828818435186836	0.9817108079680347	0.984901412232706	0.9830487514126146	0.983114704251571	0.9782928730856645	0.982144277743078	0.984167178828088
0.9885281066228897	0.9866969703741303	0.9725289476836324	0.9867983413712641	0.9874918647038282	0.9871461179499661	0.9808847506378601	0.9885859406485433	0.9882091784981872	0.9842294643376825	0.9843147053352675	0.9861964222273294	0.98859386302919	0.9868266331240094	0.9873435197517	0.9792487050510528	0.9845647901133253	0.9873290977027022	0.9873078729370937	0.9886479320892059	0.9816830950729042	0.9811146409852017	0.9868281261288472	0.9787768793625141	0.9852070310614571	0.9828818435186836	1.0	0.9879574126827979	0.988833589450271	0.9878483663490641	0.9788914223461482	0.982471882383553	0.988103074717259	0.9866939484745297
0.9880368342603021	0.9863576190654042	0.9729438478626359	0.9873154919393409	0.9865930655711351	0.9871644561588234	0.9796193182037267	0.9891773844919743	0.9875774904605754	0.983859585082192	0.9843872892112718	0.9843319024578949	0.9880050100490583	0.986938149691343	0.9859499065015764	0.98003284244869	0.9849504152885873	0.9874901892949361	0.9864620742648389	0.9871325863787429	0.9802726506830517	0.9798945786705856	0.9853154146937736	0.9753921030369419	0.9848065966716762	0.9817108079680347	0.9879574126827979	1.0	0.9886990450042262	0.9882820500057428	0.9761221525981245	0.9811171917170821	0.9885955500585317	0.9872427127601009
0.9912899495584733	0.9904360539867633	0.9781418226554539	0.9894265927015744	0.9882677783126823	0.9869407569586162	0.9820307561134859	0.9897644748828873	0.989109555844596	0.9878263871024303	0.9881657383712603	0.9859552430617188	0.9888748629370834	0.9890402671655139	0.990557009172316	0.983423489140437	0.9864782895265003	0.9904416477698709	0.9899031075812563	0.9893842517098118	0.988057454800595	0.9853593235873221	0.9901195220756679	0.9805865829533144	0.9890227584551127	0.984901412232706	0.988833589450271	0.9886990450042262	1.0	0.9939073949431297	0.9824087150477352	0.9857690967621922	0.9918102182047724	0.9884541790961832
0.9904077515629044	0.990330583482977	0.9750098115718584	0.9894822658442564	0.9878727910397013	0.9870196809072023	0.9807138061757932	0.9892403074418641	0.9885080243281175	0.9865988188111642	0.9875646378875754	0.9859195988508621	0.98856689187502	0.9879586115281084	0.9896217664951833	0.9807726778051525	0.9866267894444178	0.9903795645941834	0.9892998642986439	0.98847073083293	0.9865227739442132	0.9861289388470796	0.9889184035208137	0.9799325674659153	0.9878005977666765	0.9830487514126146	0.9878483663490641	0.9882820500057428	0.9939073949431297	1.0	0.9802591665829914	0.9849452393721343	0.9908974382237989	0.9882712694741842
0.9804031471919663	0.9832094892028337	0.9783854411783811	0.9782388990486078	0.978995140005509	0.9763002694810893	0.9790398396335878	0.9777036146584849	0.9802780186419251	0.9837511993224968	0.9835673767655806	0.980326201991308	0.9789218600028295	0.9779213038879798	0.9818900425777987	0.9813998855036468	0.9758639837598166	0.980436638490642	0.9799198640797431	0.9795402886769803	0.9755983702692568	0.9675700327216404	0.9829289943318035	0.9742067424757648	0.9824616743402927	0.983114704251571	0.9788914223461482	0.9761221525981245	0.9824087150477352	0.9802591665829914	1.0	0.9769269887900984	0.9800537250005238	0.9818181908322295
0.9851386231790769	0.9863267339836761	0.966178921088363	0.9827860550495896	0.9823700548644879	0.9806198599233206	0.9748457630915739	0.9825104663115333	0.9827385402307778	0.9803729017166589	0.9808242654577225	0.9803539537268943	0.9823247489503981	0.9829693596533375	0.9850769266143391	0.9719860802550727	0.9807756860625709	0.9832873836719863	0.9844285730714585	0.9833649066797038	0.981521684959207	0.9814357753197815	0.9842487718081219	0.979655905795769	0.9813376229088697	0.9782928730856645	0.982471882383553	0.9811171917170821	0.9857690967621922	0.9849452393721343	0.9769269887900984	1.0	0.9857643364186182	0.9800610708956575
0.9914766864524265	0.9906038754866323	0.9752683699189378	0.990372728720701	0.9881148528290633	0.9869507524611882	0.980062597203133	0.9889777511114859	0.9894757814544286	0.9874727311964933	0.9889140737804352	0.9854738843072712	0.9895701178949695	0.9882138467912545	0.9904220078382527	0.9799203499321623	0.9875620126245026	0.990098607931329	0.9905066012040142	0.9883616271418384	0.9835541091910422	0.9838801963023142	0.9890936076776239	0.9803438587275314	0.9879617812689451	0.982144277743078	0.988103074717259	0.9885955500585317	0.9918102182047724	0.9908974382237989	0.9800537250005238	0.9857643364186182	1.0	0.9876156676116363
0.9865534387289154	0.987313052835085	0.9794648439411462	0.9864316773756729	0.9851534899019588	0.9860758644625105	0.9819375371982512	0.9876255580926382	0.9877046055363383	0.9887485506757587	0.989308852622551	0.9848122534687441	0.9864830564885357	0.9851727674957804	0.9862430848186042	0.9849667894677323	0.9838081727337918	0.9879306946958645	0.9857730274141973	0.9862032682563342	0.97953006053442	0.9766871296073436	0.9863555812864518	0.9750007691557651	0.9865530696692809	0.984167178828088	0.9866939484745297	0.9872427127601009	0.9884541790961832	0.9882712694741842	0.9818181908322295	0.9800610708956575	0.9876156676116363	1.0
