/home/jshaw/scratch/2022_sketched_distance/references/SGB_genome_fastas_part4/12320/CM_cf__CF_FIFC003SS_t3M17__bin.2.fa	/home/jshaw/scratch/2022_sketched_distance/references/SGB_genome_fastas_part4/12320/CM_cf__CF_FIFC013SS_t1M15__bin.1.fa	/home/jshaw/scratch/2022_sketched_distance/references/SGB_genome_fastas_part4/12320/CM_cf__CF_FIFC013SS_t4M15__bin.2.fa	/home/jshaw/scratch/2022_sketched_distance/references/SGB_genome_fastas_part4/12320/CM_cf__CF_FIFC013SS_t6M16__bin.1.fa	/home/jshaw/scratch/2022_sketched_distance/references/SGB_genome_fastas_part4/12320/CM_cf__CF_FIFC013SS_t7M17__bin.1.fa	/home/jshaw/scratch/2022_sketched_distance/references/SGB_genome_fastas_part4/12320/CM_cf__CF_FIFC013SS_t9M16__bin.2.fa	/home/jshaw/scratch/2022_sketched_distance/references/SGB_genome_fastas_part4/12320/CM_cf__CF_TNFC002IS_t1M15__bin.3.fa	/home/jshaw/scratch/2022_sketched_distance/references/SGB_genome_fastas_part4/12320/CM_cf__CF_TNFC002IS_t3M15__bin.1.fa	/home/jshaw/scratch/2022_sketched_distance/references/SGB_genome_fastas_part4/12320/CM_cf__CF_TNFC003IS_t1M15__bin.11.fa	/home/jshaw/scratch/2022_sketched_distance/references/SGB_genome_fastas_part4/12320/CM_cf__CF_TNFC003IS_t2M15__bin.14.fa	/home/jshaw/scratch/2022_sketched_distance/references/SGB_genome_fastas_part4/12320/CM_cf__CF_TNFC034IS_t3M15__bin.1.fa	/home/jshaw/scratch/2022_sketched_distance/references/SGB_genome_fastas_part4/12320/CM_cf__CF_TNFC034IS_t5M16__bin.2.fa	/home/jshaw/scratch/2022_sketched_distance/references/SGB_genome_fastas_part4/12320/CM_cf__CF_TNFC034SS_t1M15__bin.12.fa	/home/jshaw/scratch/2022_sketched_distance/references/SGB_genome_fastas_part4/12320/CM_cf__CF_TNFC039IS_t3M15__bin.1.fa	/home/jshaw/scratch/2022_sketched_distance/references/SGB_genome_fastas_part4/12320/CM_cf__CF_TNFC045IS_t1M15__bin.5.fa	/home/jshaw/scratch/2022_sketched_distance/references/SGB_genome_fastas_part4/12320/CM_cf__CF_TNFC045IS_t2M15__bin.5.fa	/home/jshaw/scratch/2022_sketched_distance/references/SGB_genome_fastas_part4/12320/CM_cf__CF_TNFC045IS_t3M15__bin.1.fa	/home/jshaw/scratch/2022_sketched_distance/references/SGB_genome_fastas_part4/12320/CM_cf__CF_TNFC045IS_t4M15__bin.2.fa	/home/jshaw/scratch/2022_sketched_distance/references/SGB_genome_fastas_part4/12320/CM_cf__CF_TNFC048IS_t2M15__bin.3.fa	/home/jshaw/scratch/2022_sketched_distance/references/SGB_genome_fastas_part4/12320/CM_cf__CF_TNFC051IS_t1M15__bin.3.fa	/home/jshaw/scratch/2022_sketched_distance/references/SGB_genome_fastas_part4/12320/CM_cf__CF_TNFC051IS_t3M15__bin.4.fa	/home/jshaw/scratch/2022_sketched_distance/references/SGB_genome_fastas_part4/12320/CM_cf__CF_TNFC051IS_t4M15__bin.1.fa	/home/jshaw/scratch/2022_sketched_distance/references/SGB_genome_fastas_part4/12320/CM_cf__CF_TNFC051IS_t5M16__bin.1.fa	/home/jshaw/scratch/2022_sketched_distance/references/SGB_genome_fastas_part4/12320/CM_cf__CF_TNFC059IS_t1M15__bin.3.fa	/home/jshaw/scratch/2022_sketched_distance/references/SGB_genome_fastas_part4/12320/CM_cf__CF_TNFC059IS_t2M15__bin.9.fa	/home/jshaw/scratch/2022_sketched_distance/references/SGB_genome_fastas_part4/12320/CM_cf__CF_TNFC060IS_t1M15__bin.5.fa	/home/jshaw/scratch/2022_sketched_distance/references/SGB_genome_fastas_part4/12320/CM_cf__CF_TNFC065IS_t2M15__bin.1.fa	/home/jshaw/scratch/2022_sketched_distance/references/SGB_genome_fastas_part4/12320/GeversD_2014__SKBSTL067__bin.12.fa	/home/jshaw/scratch/2022_sketched_distance/references/SGB_genome_fastas_part4/12320/LoombaR_2017__SID5640_ijm__bin.11.fa	/home/jshaw/scratch/2022_sketched_distance/references/SGB_genome_fastas_part4/12320/OhJ_2014__MET0042__bin.4.fa	/home/jshaw/scratch/2022_sketched_distance/references/SGB_genome_fastas_part4/12320/OhJ_2014__MET0227__bin.3.fa	/home/jshaw/scratch/2022_sketched_distance/references/SGB_genome_fastas_part4/12320/OlmMR_2017__S2_005_011G1__bin.2.fa	/home/jshaw/scratch/2022_sketched_distance/references/SGB_genome_fastas_part4/12320/OlmMR_2017__S2_005_012W1__bin.8.fa	/home/jshaw/scratch/2022_sketched_distance/references/SGB_genome_fastas_part4/12320/OlmMR_2017__S2_005_014G1__bin.7.fa	/home/jshaw/scratch/2022_sketched_distance/references/SGB_genome_fastas_part4/12320/OlmMR_2017__S2_005_015G1__bin.2.fa	/home/jshaw/scratch/2022_sketched_distance/references/SGB_genome_fastas_part4/12320/OlmMR_2017__S2_005_022W1__bin.4.fa	/home/jshaw/scratch/2022_sketched_distance/references/SGB_genome_fastas_part4/12320/VincentC_2016__MM022.2__bin.33.fa	/home/jshaw/scratch/2022_sketched_distance/references/SGB_genome_fastas_part4/12320/VincentC_2016__MM074.2__bin.1.fa	/home/jshaw/scratch/2022_sketched_distance/references/SGB_genome_fastas_part4/12320/XieH_2016__YSZC12003_37193R1__bin.44.fa
1.0	0.9911160418526346	0.9943262457379229	0.9943889015948417	0.9969215542294303	0.9907015710447774	0.9892617408639758	0.9827594689591032	0.9898101843822833	0.9915192728056875	0.9890645990474606	0.9909308334731409	0.990678358309607	0.9907066190255077	0.9909088644893962	0.990737238969069	0.9908247094386188	0.9908704203862174	0.9895715774213102	0.9941518150530583	0.9961850956183289	0.9953159438179828	0.9907554056069386	0.9877554583601794	0.9857527798066269	0.9896209206868621	0.9912323855609276	0.9789709372045033	0.990701907892027	0.9837887108413134	0.9907742991303001	0.9859816763914517	0.9695469625217686	0.9824406931834199	0.9859675646129871	0.9858759633302183	0.9885329260832624	0.994106361388601	0.9869132292655184
0.9911160418526346	1.0	0.9908132583602035	0.9906158663256747	0.9909001246898614	0.9876715667903972	0.9857828311624968	0.9819350144321475	0.9868008931685909	0.9871353811478432	0.9863721165859111	0.9865879270388109	0.9868932462532451	0.9858086629090064	0.987064387844681	0.9867508554616475	0.9868490654310195	0.9870056455892898	0.9869061228869239	0.9910192222194308	0.9912131534930899	0.9917732714252933	0.9892734315286151	0.9855524377096728	0.9849694882674668	0.9869484586670472	0.9873287548063299	0.9783727959294123	0.9861430298914566	0.9825057764240731	0.9866412057445618	0.9815246077611245	0.9709113646636202	0.9798613866963664	0.9814557825449951	0.9823273232301261	0.9850179203479607	0.990300875414711	0.9846542840590305
0.9943262457379229	0.9908132583602035	1.0	0.9940752843196005	0.9953170458011992	0.990599130318746	0.9878131654779876	0.983029335032491	0.9885636752814297	0.9897977121770585	0.9877550446720887	0.9888985319927698	0.9889920835115237	0.9891434566619132	0.9892338615831765	0.9890241610569034	0.9891102710534995	0.9892108956052239	0.9883046818685333	0.9934912950479127	0.9947235778010013	0.993775853189549	0.9904812218732588	0.9869652121236622	0.9853134135052541	0.9884195965972453	0.9893907783648043	0.9786192021722576	0.9888486668638288	0.9835631400973109	0.9890014947961534	0.9841653920314242	0.9706296831543143	0.9813374005184805	0.9841404590912257	0.9842980359839598	0.9869287501557434	0.9926722662457855	0.9857444552801815
0.9943889015948417	0.9906158663256747	0.9940752843196005	1.0	0.9956150826964829	0.9909989489082575	0.9881065771650157	0.9827114318679842	0.9887222493936317	0.9898336433814693	0.9880757236867168	0.9889422764743531	0.9889016954006007	0.988980131904617	0.9890570607063617	0.9887638788223841	0.9888730502181592	0.9889798206417665	0.9883826541119428	0.993434052545802	0.9949805949862773	0.9938717142314829	0.9901293650269298	0.9867083021951678	0.9852169310685218	0.9887532996449228	0.9893160262608657	0.9783639753984982	0.9888689488739745	0.9830691444395797	0.9888121121509184	0.9839002006579752	0.9700457299252369	0.9811522402441973	0.9838851479679085	0.9838937732554276	0.9870378761656419	0.992790662756679	0.9854359150481091
0.9969215542294303	0.9909001246898614	0.9953170458011992	0.9956150826964829	1.0	0.991688542069748	0.9903979524488249	0.9826111269491106	0.9909300212454636	0.9931975690820877	0.9899129146286499	0.9924506937943994	0.9919526011071965	0.9924575499528444	0.9923722405993268	0.992319129671225	0.9924296621696106	0.9924045472028874	0.9902865398688632	0.9953684465372478	0.9984430276784398	0.9966826685309261	0.9905050550305402	0.988282749870347	0.9855231440648542	0.9904320138834851	0.9928643452411723	0.978225631779452	0.9923620204237196	0.9840787292547819	0.9924835810944933	0.9876663503605406	0.9694685720678942	0.9832354644115273	0.9876335455614946	0.9871617435839795	0.9897356203480049	0.9951584579108479	0.9873950824572003
0.9907015710447774	0.9876715667903972	0.990599130318746	0.9909989489082575	0.991688542069748	1.0	0.9833210555325461	0.9804315767612591	0.9843292854797084	0.9849423022443574	0.9834743633498831	0.9840046431391262	0.9841629865978659	0.984417404617377	0.9844339946536174	0.9841134507414917	0.9842035242486011	0.984368331968705	0.983787839304232	0.9898502452951076	0.9907006828399053	0.9894444563516491	0.9872499936037792	0.9834684948999901	0.9818860240205274	0.9841003395864414	0.9846224640181067	0.9753555087536488	0.9837702084273571	0.9805403103562081	0.9840960165550459	0.9793884923584782	0.9667855802359431	0.9771852828175153	0.9794034340926847	0.9792057408273022	0.9820890066966645	0.9889295627979159	0.9809889783204373
0.9892617408639758	0.9857828311624968	0.9878131654779876	0.9881065771650157	0.9903979524488249	0.9833210555325461	1.0	0.9885414181895196	0.9910321492463489	0.9921048619154625	0.9903449037162043	0.9918408596036905	0.9918634060109431	0.9910493512920882	0.9921261399997598	0.9919790054546392	0.9920531463417147	0.9921276582037579	0.9904908700960846	0.9887575544890115	0.9908532498802823	0.9911061785642437	0.9854418244955331	0.9886759431221912	0.986541565535699	0.9903372989810046	0.9925004634758181	0.9790997686935838	0.9914227730352759	0.9840370956989754	0.9918441209864175	0.9866862629043183	0.9702078654491837	0.9830771276191443	0.9865500173384275	0.9865917407113313	0.9886929692511088	0.9889285399164162	0.9876512405086232
0.9827594689591032	0.9819350144321475	0.983029335032491	0.9827114318679842	0.9826111269491106	0.9804315767612591	0.9885414181895196	1.0	0.983220752767855	0.9841371550379159	0.9839743007396962	0.9842160148694348	0.9844447907166366	0.9828981892132136	0.9847650897259476	0.9846377553576601	0.9847240938981746	0.9847359943644559	0.9842087875484253	0.9827282798175672	0.9832119846667565	0.9840965819791481	0.9820649424239277	0.9836035466917904	0.9830745665853117	0.9844354356138767	0.9845469134861123	0.9769858084273607	0.9833132560612566	0.9806836950066135	0.9839544968222443	0.9784998356066811	0.9691010082063605	0.9774611183011633	0.9783145645746724	0.9790096184782646	0.9817293214937014	0.9825272483679578	0.982763297469476
0.9898101843822833	0.9868008931685909	0.9885636752814297	0.9887222493936317	0.9909300212454636	0.9843292854797084	0.9910321492463489	0.983220752767855	1.0	0.9970020525861486	0.9903474135910605	0.9917696411045351	0.9911446337556958	0.9906797980861928	0.9915856288683119	0.99145496222417	0.9915372359794776	0.9915740066264116	0.9901133769218321	0.9894040926387656	0.9913499087131371	0.991493923530146	0.9862392687038939	0.9879761239160826	0.9859032605582391	0.9900248826775847	0.9918102396566568	0.9785538214273162	0.9956533680808982	0.9839763842678944	0.9912543732633627	0.9863939667368185	0.9700226432311159	0.98238600103691	0.9862971556482558	0.9864768332038136	0.9888553475909543	0.9889026414518944	0.9874118915602025
0.9915192728056875	0.9871353811478432	0.9897977121770585	0.9898336433814693	0.9931975690820877	0.9849423022443574	0.9921048619154625	0.9841371550379159	0.9970020525861486	1.0	0.9914931883191569	0.9940868774951999	0.9933117588285714	0.9932835017953536	0.9937406175214374	0.9936994740801904	0.9938050605259302	0.9937700864754014	0.9914665042691545	0.9909261864763576	0.9935366089355107	0.9930027664586345	0.9871480442146549	0.9892918402630414	0.9868125180102185	0.9916763722132842	0.9941602987129198	0.9793043025137085	0.9982232882891857	0.985317547133876	0.9935301110701306	0.9887632055024644	0.9705276275590203	0.9842364195051223	0.9886488644658159	0.9884212710555048	0.9907493206251159	0.9906803834670761	0.9886035873438459
0.9890645990474606	0.9863721165859111	0.9877550446720887	0.9880757236867168	0.9899129146286499	0.9834743633498831	0.9903449037162043	0.9839743007396962	0.9903474135910605	0.9914931883191569	1.0	0.9968274234662173	0.9910803713988388	0.9898982770197157	0.9912288806998878	0.9912009631211529	0.9912190763806872	0.9912990359901228	0.989508956200671	0.9886109998611032	0.9903266341086848	0.9908409521922228	0.9855855173744715	0.9875456061418137	0.9860385462788591	0.9894509453329053	0.9913289936578074	0.9790984200887425	0.9910360011372455	0.983363015178669	0.9908480363874854	0.9865107842063533	0.9704550309979727	0.9828707746348102	0.9863708419214764	0.9864363091124437	0.9884166487389968	0.9880333303397358	0.9874957307926292
0.9909308334731409	0.9865879270388109	0.9888985319927698	0.9889422764743531	0.9924506937943994	0.9840046431391262	0.9918408596036905	0.9842160148694348	0.9917696411045351	0.9940868774951999	0.9968274234662173	1.0	0.993533988921993	0.9925453743548809	0.9938803856114591	0.993912511479252	0.993981241382542	0.9939347834189312	0.9911738378529614	0.9899809236370499	0.9928176512151253	0.9926180350284791	0.9862427385580155	0.9890260039323251	0.9866022343931273	0.9912746438603202	0.9939366202938285	0.9796065785158578	0.9938996108448471	0.9846489479420583	0.9935670465395495	0.9892077416687415	0.9708430319899342	0.9845864378933346	0.989071314091507	0.9886998781925816	0.9906287955361329	0.9901370652536388	0.9891005073624861
0.990678358309607	0.9868932462532451	0.9889920835115237	0.9889016954006007	0.9919526011071965	0.9841629865978659	0.9918634060109431	0.9844447907166366	0.9911446337556958	0.9933117588285714	0.9910803713988388	0.993533988921993	1.0	0.9920832553305089	0.993452787119066	0.9933487211210312	0.9935219825403057	0.9934385520987901	0.9913752613001403	0.989984026421755	0.9924254383623763	0.9922285854722547	0.9864116918328333	0.9900679392014761	0.9876354278592	0.9915241429329791	0.9939734456825948	0.9806324567585057	0.9926937917131393	0.9850948104308539	0.9933482361765795	0.9885367373037319	0.9718646482247998	0.9849620507392094	0.9884051538860358	0.9882854227575613	0.9908295616686096	0.9907963325514189	0.9887856965266554
0.9907066190255077	0.9858086629090064	0.9891434566619132	0.988980131904617	0.9924575499528444	0.984417404617377	0.9910493512920882	0.9828981892132136	0.9906797980861928	0.9932835017953536	0.9898982770197157	0.9925453743548809	0.9920832553305089	1.0	0.9922203993769751	0.9922764440496689	0.9923578644765185	0.9922863451482717	0.9905866875781447	0.9891742087750424	0.9919840212022099	0.9913710260640715	0.9854691448253732	0.9882916961964898	0.9859556792840649	0.9907601387983244	0.9930738981090778	0.9790010667701551	0.9928166134583841	0.9848644240690612	0.9924390896463504	0.9879520570051448	0.9702015581155881	0.9839691815704629	0.9879246933333132	0.9874942209014907	0.9898266264659318	0.9892331385636466	0.9873692927660096
0.9909088644893962	0.987064387844681	0.9892338615831765	0.9890570607063617	0.9923722405993268	0.9844339946536174	0.9921261399997598	0.9847650897259476	0.9915856288683119	0.9937406175214374	0.9912288806998878	0.9938803856114591	0.993452787119066	0.9922203993769751	1.0	0.9994100146259545	0.9995452355050084	0.9995180671820183	0.9915979269073466	0.9903370958603416	0.9928441167834579	0.9926642738890948	0.986542361770225	0.98957366117369	0.9871316632156254	0.9915503842764821	0.9940066784808268	0.9799970409329966	0.9930884857058943	0.985180090364589	0.9936148132437187	0.9889743783263577	0.971475057244757	0.9843217521051155	0.9888435051647583	0.9885950913458516	0.990816258772343	0.990149006475876	0.9907829774160621
0.990737238969069	0.9867508554616475	0.9890241610569034	0.9887638788223841	0.992319129671225	0.9841134507414917	0.9919790054546392	0.9846377553576601	0.99145496222417	0.9936994740801904	0.9912009631211529	0.993912511479252	0.9933487211210312	0.9922764440496689	0.9994100146259545	1.0	0.9996996520427555	0.9994671132170585	0.9914880394358297	0.9900655517731016	0.9927611587516524	0.9925236315517281	0.9862569641140168	0.9893475322203957	0.9869203229466418	0.9913740182016639	0.9940434629295386	0.9798050241289024	0.993159245348269	0.9849420755704673	0.9936372357273401	0.9890896202687932	0.9710545889491164	0.9842972909618735	0.9889670081108829	0.9886246070418847	0.9907418840217024	0.9899677816806329	0.9905903411431105
0.9908247094386188	0.9868490654310195	0.9891102710534995	0.9888730502181592	0.9924296621696106	0.9842035242486011	0.9920531463417147	0.9847240938981746	0.9915372359794776	0.9938050605259302	0.9912190763806872	0.993981241382542	0.9935219825403057	0.9923578644765185	0.9995452355050084	0.9996996520427555	1.0	0.9995647566337935	0.9915061453612194	0.990194205102218	0.9928790914440149	0.9926093235551996	0.9863468705126059	0.9893642978720925	0.9869720978245432	0.9913922376178407	0.9941302702010085	0.9797857669345797	0.9932452687385275	0.9850320952651639	0.9937561072063181	0.9891952403636118	0.9712550881513717	0.9843539480451524	0.989079432582164	0.9887074810643345	0.9907738147529285	0.9900967619915293	0.9906810704685152
0.9908704203862174	0.9870056455892898	0.9892108956052239	0.9889798206417665	0.9924045472028874	0.984368331968705	0.9921276582037579	0.9847359943644559	0.9915740066264116	0.9937700864754014	0.9912990359901228	0.9939347834189312	0.9934385520987901	0.9922863451482717	0.9995180671820183	0.9994671132170585	0.9995647566337935	1.0	0.9915790097196915	0.990222991357325	0.9928693278042996	0.9926105402307189	0.9865025916687069	0.9895734023546944	0.9871925099712687	0.9914654349203577	0.9941410901837743	0.9799099906942693	0.9931505441869733	0.9851716761595501	0.993689016941491	0.9890887284880099	0.9712797722800479	0.9843524740936371	0.9889580978320284	0.988703536563171	0.9907840000572808	0.9901174464656439	0.9908120098455057
0.9895715774213102	0.9869061228869239	0.9883046818685333	0.9883826541119428	0.9902865398688632	0.983787839304232	0.9904908700960846	0.9842087875484253	0.9901133769218321	0.9914665042691545	0.989508956200671	0.9911738378529614	0.9913752613001403	0.9905866875781447	0.9915979269073466	0.9914880394358297	0.9915061453612194	0.9915790097196915	1.0	0.9889859425906162	0.9905181758044185	0.990777110900079	0.986394240684218	0.9912998881356744	0.9908047324893737	0.9951985730227771	0.9918304217220819	0.9799396968734826	0.9907753053271852	0.9845517961805005	0.9911062574836226	0.9861761640924755	0.9708397985812045	0.9826658453272328	0.986177081371403	0.9861060479733994	0.9889947690978234	0.9885001918751833	0.9877332013524232
0.9941518150530583	0.9910192222194308	0.9934912950479127	0.993434052545802	0.9953684465372478	0.9898502452951076	0.9887575544890115	0.9827282798175672	0.9894040926387656	0.9909261864763576	0.9886109998611032	0.9899809236370499	0.989984026421755	0.9891742087750424	0.9903370958603416	0.9900655517731016	0.990194205102218	0.990222991357325	0.9889859425906162	1.0	0.9962712601596498	0.9951736398202717	0.9910930466214387	0.987335166042833	0.9854454083813761	0.9893556453144886	0.9905634788925857	0.9784897337440652	0.9898522171455705	0.9836405097659716	0.9899880055558641	0.9849142846706089	0.9707118302883788	0.9818893845625736	0.984776972586153	0.9850549090066526	0.9876353108027748	0.9934847669783231	0.9860835222434043
0.9961850956183289	0.9912131534930899	0.9947235778010013	0.9949805949862773	0.9984430276784398	0.9907006828399053	0.9908532498802823	0.9832119846667565	0.9913499087131371	0.9935366089355107	0.9903266341086848	0.9928176512151253	0.9924254383623763	0.9919840212022099	0.9928441167834579	0.9927611587516524	0.9928790914440149	0.9928693278042996	0.9905181758044185	0.9962712601596498	1.0	0.9973418232662261	0.9913344950282806	0.9883137684470177	0.9858000150140891	0.9908626267199236	0.9932571553490538	0.9785854113102979	0.9926883597313783	0.984429777226392	0.9928626327581688	0.9879810095927432	0.9702429039408341	0.9834620868111303	0.987847904583878	0.9875058966264991	0.9899663885979639	0.9952672303400492	0.9879420944481173
0.9953159438179828	0.9917732714252933	0.993775853189549	0.9938717142314829	0.9966826685309261	0.9894444563516491	0.9911061785642437	0.9840965819791481	0.991493923530146	0.9930027664586345	0.9908409521922228	0.9926180350284791	0.9922285854722547	0.9913710260640715	0.9926642738890948	0.9925236315517281	0.9926093235551996	0.9926105402307189	0.990777110900079	0.9951736398202717	0.9973418232662261	1.0	0.9912526499478461	0.988653927871747	0.9865975743402735	0.9911226763729374	0.9929506065626545	0.9794603521893503	0.9922622855111866	0.9847302983566099	0.9925729294245156	0.9875143510400515	0.9709081485395662	0.9835348661319825	0.9873882194113301	0.9875088112918279	0.9897883794991182	0.9945601701719656	0.9880044312396234
0.9907554056069386	0.9892734315286151	0.9904812218732588	0.9901293650269298	0.9905050550305402	0.9872499936037792	0.9854418244955331	0.9820649424239277	0.9862392687038939	0.9871480442146549	0.9855855173744715	0.9862427385580155	0.9864116918328333	0.9854691448253732	0.986542361770225	0.9862569641140168	0.9863468705126059	0.9865025916687069	0.986394240684218	0.9910930466214387	0.9913344950282806	0.9912526499478461	1.0	0.984669365107818	0.9841042756786953	0.9862644579337716	0.9867025060680862	0.9772497395549328	0.9862245193742597	0.9819484942614299	0.9861283289170119	0.9812484763188231	0.9695061922298844	0.9788273026058618	0.9810952323829996	0.981660402434853	0.9845337763460841	0.9899930805775483	0.9836824369088485
0.9877554583601794	0.9855524377096728	0.9869652121236622	0.9867083021951678	0.988282749870347	0.9834684948999901	0.9886759431221912	0.9836035466917904	0.9879761239160826	0.9892918402630414	0.9875456061418137	0.9890260039323251	0.9900679392014761	0.9882916961964898	0.98957366117369	0.9893475322203957	0.9893642978720925	0.9895734023546944	0.9912998881356744	0.987335166042833	0.9883137684470177	0.988653927871747	0.984669365107818	1.0	0.9897216251673637	0.9908701478217353	0.9895866961843055	0.9788351537167541	0.9885697927510367	0.9830402801164045	0.9892435009543356	0.9842547441767125	0.9715894230005214	0.9820092219797124	0.9842196861622358	0.9845032446997838	0.9874400871916909	0.9870025766373096	0.9868568608631472
0.9857527798066269	0.9849694882674668	0.9853134135052541	0.9852169310685218	0.9855231440648542	0.9818860240205274	0.986541565535699	0.9830745665853117	0.9859032605582391	0.9868125180102185	0.9860385462788591	0.9866022343931273	0.9876354278592	0.9859556792840649	0.9871316632156254	0.9869203229466418	0.9869720978245432	0.9871925099712687	0.9908047324893737	0.9854454083813761	0.9858000150140891	0.9865975743402735	0.9841042756786953	0.9897216251673637	1.0	0.9907169615647369	0.9874287609697369	0.9786521041279279	0.9861410271806512	0.9821653099945635	0.9869753204106234	0.9817532906715792	0.9710468884937294	0.9799080163509848	0.9816945073592597	0.9821255710210341	0.9852606344440108	0.9850138981599729	0.9850566472789969
0.9896209206868621	0.9869484586670472	0.9884195965972453	0.9887532996449228	0.9904320138834851	0.9841003395864414	0.9903372989810046	0.9844354356138767	0.9900248826775847	0.9916763722132842	0.9894509453329053	0.9912746438603202	0.9915241429329791	0.9907601387983244	0.9915503842764821	0.9913740182016639	0.9913922376178407	0.9914654349203577	0.9951985730227771	0.9893556453144886	0.9908626267199236	0.9911226763729374	0.9862644579337716	0.9908701478217353	0.9907169615647369	1.0	0.9919933744605338	0.9798833774703788	0.9910414417840634	0.9841942755965318	0.9914606106504967	0.9862517513135828	0.9720398835942753	0.9828162492129663	0.9861535230775967	0.9862212790792985	0.98913935543745	0.9886918911073133	0.9876317376794871
0.9912323855609276	0.9873287548063299	0.9893907783648043	0.9893160262608657	0.9928643452411723	0.9846224640181067	0.9925004634758181	0.9845469134861123	0.9918102396566568	0.9941602987129198	0.9913289936578074	0.9939366202938285	0.9939734456825948	0.9930738981090778	0.9940066784808268	0.9940434629295386	0.9941302702010085	0.9941410901837743	0.9918304217220819	0.9905634788925857	0.9932571553490538	0.9929506065626545	0.9867025060680862	0.9895866961843055	0.9874287609697369	0.9919933744605338	1.0	0.9798017956443171	0.9935736736607377	0.9854372473981513	0.9944017094428543	0.9887779233573502	0.9704018733712008	0.9840015173882563	0.988642096186638	0.9883527404035941	0.9906767240774191	0.9905779600061448	0.9889059161398227
0.9789709372045033	0.9783727959294123	0.9786192021722576	0.9783639753984982	0.978225631779452	0.9753555087536488	0.9790997686935838	0.9769858084273607	0.9785538214273162	0.9793043025137085	0.9790984200887425	0.9796065785158578	0.9806324567585057	0.9790010667701551	0.9799970409329966	0.9798050241289024	0.9797857669345797	0.9799099906942693	0.9799396968734826	0.9784897337440652	0.9785854113102979	0.9794603521893503	0.9772497395549328	0.9788351537167541	0.9786521041279279	0.9798833774703788	0.9798017956443171	1.0	0.9788168794729264	0.975523363734336	0.9799059584122005	0.9754974640803092	0.9718943523097536	0.9780047304467419	0.9755250686350352	0.9768425509757824	0.9795549931063423	0.980737250850387	0.9806230402104704
0.990701907892027	0.9861430298914566	0.9888486668638288	0.9888689488739745	0.9923620204237196	0.9837702084273571	0.9914227730352759	0.9833132560612566	0.9956533680808982	0.9982232882891857	0.9910360011372455	0.9938996108448471	0.9926937917131393	0.9928166134583841	0.9930884857058943	0.993159245348269	0.9932452687385275	0.9931505441869733	0.9907753053271852	0.9898522171455705	0.9926883597313783	0.9922622855111866	0.9862245193742597	0.9885697927510367	0.9861410271806512	0.9910414417840634	0.9935736736607377	0.9788168794729264	1.0	0.9844349121153085	0.9930169262390156	0.9884873512817717	0.9701636674112776	0.9839898117176687	0.9883543703952293	0.9879006245653352	0.9902556408675707	0.9899754145802443	0.9881282136282212
0.9837887108413134	0.9825057764240731	0.9835631400973109	0.9830691444395797	0.9840787292547819	0.9805403103562081	0.9840370956989754	0.9806836950066135	0.9839763842678944	0.985317547133876	0.983363015178669	0.9846489479420583	0.9850948104308539	0.9848644240690612	0.985180090364589	0.9849420755704673	0.9850320952651639	0.9851716761595501	0.9845517961805005	0.9836405097659716	0.984429777226392	0.9847302983566099	0.9819484942614299	0.9830402801164045	0.9821653099945635	0.9841942755965318	0.9854372473981513	0.975523363734336	0.9844349121153085	1.0	0.9850754309230014	0.9802772232883142	0.9659378303159589	0.9770819321339924	0.9804162838927036	0.9803127957372795	0.9828589844995131	0.9832187189508734	0.9817827353196575
0.9907742991303001	0.9866412057445618	0.9890014947961534	0.9888121121509184	0.9924835810944933	0.9840960165550459	0.9918441209864175	0.9839544968222443	0.9912543732633627	0.9935301110701306	0.9908480363874854	0.9935670465395495	0.9933482361765795	0.9924390896463504	0.9936148132437187	0.9936372357273401	0.9937561072063181	0.993689016941491	0.9911062574836226	0.9899880055558641	0.9928626327581688	0.9925729294245156	0.9861283289170119	0.9892435009543356	0.9869753204106234	0.9914606106504967	0.9944017094428543	0.9799059584122005	0.9930169262390156	0.9850754309230014	1.0	0.9893895030968952	0.9709942027769357	0.9845070602168015	0.9892879768793239	0.9890085622020361	0.990480949880297	0.9901735238782989	0.9886148998449883
0.9859816763914517	0.9815246077611245	0.9841653920314242	0.9839002006579752	0.9876663503605406	0.9793884923584782	0.9866862629043183	0.9784998356066811	0.9863939667368185	0.9887632055024644	0.9865107842063533	0.9892077416687415	0.9885367373037319	0.9879520570051448	0.9889743783263577	0.9890896202687932	0.9891952403636118	0.9890887284880099	0.9861761640924755	0.9849142846706089	0.9879810095927432	0.9875143510400515	0.9812484763188231	0.9842547441767125	0.9817532906715792	0.9862517513135828	0.9887779233573502	0.9754974640803092	0.9884873512817717	0.9802772232883142	0.9893895030968952	1.0	0.9812115775033281	0.994957426926237	0.9997887188369908	0.9975846654627083	0.9859653775555158	0.9854820472747149	0.9838027831119399
0.9695469625217686	0.9709113646636202	0.9706296831543143	0.9700457299252369	0.9694685720678942	0.9667855802359431	0.9702078654491837	0.9691010082063605	0.9700226432311159	0.9705276275590203	0.9704550309979727	0.9708430319899342	0.9718646482247998	0.9702015581155881	0.971475057244757	0.9710545889491164	0.9712550881513717	0.9712797722800479	0.9708397985812045	0.9707118302883788	0.9702429039408341	0.9709081485395662	0.9695061922298844	0.9715894230005214	0.9710468884937294	0.9720398835942753	0.9704018733712008	0.9718943523097536	0.9701636674112776	0.9659378303159589	0.9709942027769357	0.9812115775033281	1.0	0.987370981725667	0.9814147629265605	0.9815073886858098	0.9718062200324331	0.9739617210033706	0.9728057915253719
0.9824406931834199	0.9798613866963664	0.9813374005184805	0.9811522402441973	0.9832354644115273	0.9771852828175153	0.9830771276191443	0.9774611183011633	0.98238600103691	0.9842364195051223	0.9828707746348102	0.9845864378933346	0.9849620507392094	0.9839691815704629	0.9843217521051155	0.9842972909618735	0.9843539480451524	0.9843524740936371	0.9826658453272328	0.9818893845625736	0.9834620868111303	0.9835348661319825	0.9788273026058618	0.9820092219797124	0.9799080163509848	0.9828162492129663	0.9840015173882563	0.9780047304467419	0.9839898117176687	0.9770819321339924	0.9845070602168015	0.994957426926237	0.987370981725667	1.0	0.9952229368026767	0.9940076426443061	0.9836288950831337	0.9853122059860133	0.9824900159412461
0.9859675646129871	0.9814557825449951	0.9841404590912257	0.9838851479679085	0.9876335455614946	0.9794034340926847	0.9865500173384275	0.9783145645746724	0.9862971556482558	0.9886488644658159	0.9863708419214764	0.989071314091507	0.9884051538860358	0.9879246933333132	0.9888435051647583	0.9889670081108829	0.989079432582164	0.9889580978320284	0.986177081371403	0.984776972586153	0.987847904583878	0.9873882194113301	0.9810952323829996	0.9842196861622358	0.9816945073592597	0.9861535230775967	0.988642096186638	0.9755250686350352	0.9883543703952293	0.9804162838927036	0.9892879768793239	0.9997887188369908	0.9814147629265605	0.9952229368026767	1.0	0.9975113512825209	0.9858773526881058	0.9853362253404099	0.9836539217676764
0.9858759633302183	0.9823273232301261	0.9842980359839598	0.9838937732554276	0.9871617435839795	0.9792057408273022	0.9865917407113313	0.9790096184782646	0.9864768332038136	0.9884212710555048	0.9864363091124437	0.9886998781925816	0.9882854227575613	0.9874942209014907	0.9885950913458516	0.9886246070418847	0.9887074810643345	0.988703536563171	0.9861060479733994	0.9850549090066526	0.9875058966264991	0.9875088112918279	0.981660402434853	0.9845032446997838	0.9821255710210341	0.9862212790792985	0.9883527404035941	0.9768425509757824	0.9879006245653352	0.9803127957372795	0.9890085622020361	0.9975846654627083	0.9815073886858098	0.9940076426443061	0.9975113512825209	1.0	0.9862295629064566	0.9858776034184398	0.9840734250977743
0.9885329260832624	0.9850179203479607	0.9869287501557434	0.9870378761656419	0.9897356203480049	0.9820890066966645	0.9886929692511088	0.9817293214937014	0.9888553475909543	0.9907493206251159	0.9884166487389968	0.9906287955361329	0.9908295616686096	0.9898266264659318	0.990816258772343	0.9907418840217024	0.9907738147529285	0.9907840000572808	0.9889947690978234	0.9876353108027748	0.9899663885979639	0.9897883794991182	0.9845337763460841	0.9874400871916909	0.9852606344440108	0.98913935543745	0.9906767240774191	0.9795549931063423	0.9902556408675707	0.9828589844995131	0.990480949880297	0.9859653775555158	0.9718062200324331	0.9836288950831337	0.9858773526881058	0.9862295629064566	1.0	0.9890617071444816	0.9869289283126469
0.994106361388601	0.990300875414711	0.9926722662457855	0.992790662756679	0.9951584579108479	0.9889295627979159	0.9889285399164162	0.9825272483679578	0.9889026414518944	0.9906803834670761	0.9880333303397358	0.9901370652536388	0.9907963325514189	0.9892331385636466	0.990149006475876	0.9899677816806329	0.9900967619915293	0.9901174464656439	0.9885001918751833	0.9934847669783231	0.9952672303400492	0.9945601701719656	0.9899930805775483	0.9870025766373096	0.9850138981599729	0.9886918911073133	0.9905779600061448	0.980737250850387	0.9899754145802443	0.9832187189508734	0.9901735238782989	0.9854820472747149	0.9739617210033706	0.9853122059860133	0.9853362253404099	0.9858776034184398	0.9890617071444816	1.0	0.987330881419246
0.9869132292655184	0.9846542840590305	0.9857444552801815	0.9854359150481091	0.9873950824572003	0.9809889783204373	0.9876512405086232	0.982763297469476	0.9874118915602025	0.9886035873438459	0.9874957307926292	0.9891005073624861	0.9887856965266554	0.9873692927660096	0.9907829774160621	0.9905903411431105	0.9906810704685152	0.9908120098455057	0.9877332013524232	0.9860835222434043	0.9879420944481173	0.9880044312396234	0.9836824369088485	0.9868568608631472	0.9850566472789969	0.9876317376794871	0.9889059161398227	0.9806230402104704	0.9881282136282212	0.9817827353196575	0.9886148998449883	0.9838027831119399	0.9728057915253719	0.9824900159412461	0.9836539217676764	0.9840734250977743	0.9869289283126469	0.987330881419246	1.0
