/home/jshaw/scratch/2022_sketched_distance/references/SGB_genome_fastas_part4/6970/BritoIL_2016__M1.22.ST__bin.51.fa	/home/jshaw/scratch/2022_sketched_distance/references/SGB_genome_fastas_part4/6970/BritoIL_2016__M1.25.ST__bin.73.fa	/home/jshaw/scratch/2022_sketched_distance/references/SGB_genome_fastas_part4/6970/BritoIL_2016__M1.27.ST__bin.96.fa	/home/jshaw/scratch/2022_sketched_distance/references/SGB_genome_fastas_part4/6970/BritoIL_2016__M1.57.ST__bin.54.fa	/home/jshaw/scratch/2022_sketched_distance/references/SGB_genome_fastas_part4/6970/BritoIL_2016__M1.59.ST__bin.21.fa	/home/jshaw/scratch/2022_sketched_distance/references/SGB_genome_fastas_part4/6970/BritoIL_2016__M1.61.ST__bin.36.fa	/home/jshaw/scratch/2022_sketched_distance/references/SGB_genome_fastas_part4/6970/BritoIL_2016__M2.36.ST__bin.3.fa	/home/jshaw/scratch/2022_sketched_distance/references/SGB_genome_fastas_part4/6970/BritoIL_2016__M2.37.ST__bin.25.fa	/home/jshaw/scratch/2022_sketched_distance/references/SGB_genome_fastas_part4/6970/BritoIL_2016__M2.39.ST__bin.25.fa	/home/jshaw/scratch/2022_sketched_distance/references/SGB_genome_fastas_part4/6970/BritoIL_2016__M2.41.ST__bin.40.fa	/home/jshaw/scratch/2022_sketched_distance/references/SGB_genome_fastas_part4/6970/BritoIL_2016__M2.45.ST__bin.43.fa	/home/jshaw/scratch/2022_sketched_distance/references/SGB_genome_fastas_part4/6970/BritoIL_2016__M2.50.ST__bin.62.fa	/home/jshaw/scratch/2022_sketched_distance/references/SGB_genome_fastas_part4/6970/BritoIL_2016__M2.51.ST__bin.30.fa	/home/jshaw/scratch/2022_sketched_distance/references/SGB_genome_fastas_part4/6970/BritoIL_2016__M2.60.ST__bin.4.fa	/home/jshaw/scratch/2022_sketched_distance/references/SGB_genome_fastas_part4/6970/BritoIL_2016__M2.63.ST__bin.18.fa	/home/jshaw/scratch/2022_sketched_distance/references/SGB_genome_fastas_part4/6970/BritoIL_2016__W1.18.ST__bin.19.fa	/home/jshaw/scratch/2022_sketched_distance/references/SGB_genome_fastas_part4/6970/BritoIL_2016__W1.20.ST__bin.10.fa	/home/jshaw/scratch/2022_sketched_distance/references/SGB_genome_fastas_part4/6970/BritoIL_2016__W1.21.ST__bin.57.fa	/home/jshaw/scratch/2022_sketched_distance/references/SGB_genome_fastas_part4/6970/BritoIL_2016__W1.26.ST__bin.53.fa	/home/jshaw/scratch/2022_sketched_distance/references/SGB_genome_fastas_part4/6970/BritoIL_2016__W1.31.ST__bin.47.fa	/home/jshaw/scratch/2022_sketched_distance/references/SGB_genome_fastas_part4/6970/BritoIL_2016__W1.33.ST__bin.46.fa	/home/jshaw/scratch/2022_sketched_distance/references/SGB_genome_fastas_part4/6970/BritoIL_2016__W1.37.ST__bin.46.fa	/home/jshaw/scratch/2022_sketched_distance/references/SGB_genome_fastas_part4/6970/BritoIL_2016__W1.38.ST__bin.17.fa	/home/jshaw/scratch/2022_sketched_distance/references/SGB_genome_fastas_part4/6970/BritoIL_2016__W1.39.ST__bin.79.fa	/home/jshaw/scratch/2022_sketched_distance/references/SGB_genome_fastas_part4/6970/BritoIL_2016__W1.40.ST__bin.31.fa	/home/jshaw/scratch/2022_sketched_distance/references/SGB_genome_fastas_part4/6970/BritoIL_2016__W1.44.ST__bin.70.fa	/home/jshaw/scratch/2022_sketched_distance/references/SGB_genome_fastas_part4/6970/BritoIL_2016__W1.8.ST__bin.57.fa	/home/jshaw/scratch/2022_sketched_distance/references/SGB_genome_fastas_part4/6970/BritoIL_2016__W2.11.ST__bin.63.fa	/home/jshaw/scratch/2022_sketched_distance/references/SGB_genome_fastas_part4/6970/BritoIL_2016__W2.13.ST__bin.34.fa	/home/jshaw/scratch/2022_sketched_distance/references/SGB_genome_fastas_part4/6970/BritoIL_2016__W2.15.ST__bin.65.fa	/home/jshaw/scratch/2022_sketched_distance/references/SGB_genome_fastas_part4/6970/BritoIL_2016__W2.21.ST__bin.22.fa	/home/jshaw/scratch/2022_sketched_distance/references/SGB_genome_fastas_part4/6970/BritoIL_2016__W2.33.ST__bin.50.fa	/home/jshaw/scratch/2022_sketched_distance/references/SGB_genome_fastas_part4/6970/BritoIL_2016__W2.62.ST__bin.9.fa	/home/jshaw/scratch/2022_sketched_distance/references/SGB_genome_fastas_part4/6970/BritoIL_2016__W2.69.ST__bin.3.fa	/home/jshaw/scratch/2022_sketched_distance/references/SGB_genome_fastas_part4/6970/BritoIL_2016__W3.20.ST__bin.25.fa	/home/jshaw/scratch/2022_sketched_distance/references/SGB_genome_fastas_part4/6970/BritoIL_2016__W3.23.ST__bin.8.fa	/home/jshaw/scratch/2022_sketched_distance/references/SGB_genome_fastas_part4/6970/BritoIL_2016__WL.7.ST__bin.78.fa	/home/jshaw/scratch/2022_sketched_distance/references/SGB_genome_fastas_part4/6970/CM_madagascar__A13_03_1FE__bin.36.fa	/home/jshaw/scratch/2022_sketched_distance/references/SGB_genome_fastas_part4/6970/LiJ_2014__MH0245__bin.7.fa	/home/jshaw/scratch/2022_sketched_distance/references/SGB_genome_fastas_part4/6970/LiuW_2016__SRR3993030__bin.56.fa	/home/jshaw/scratch/2022_sketched_distance/references/SGB_genome_fastas_part4/6970/Obregon-TitoAJ_2015__HCO74__bin.1.fa
1.0	0.9901089861059651	0.9929346831943041	0.9930538963555283	0.9907848184738166	0.9973289955977958	0.9904484338072788	0.9900035710933552	0.9946805813083731	0.9916194012600711	0.9905058253747581	0.9918987088164707	0.9929306840627121	0.9931103207961675	0.9917395546909087	0.9925998903002695	0.9859445494221974	0.9897038003122984	0.9932134725280436	0.9885146490490425	0.9926976266009605	0.9933800748956725	0.9877985665304355	0.9933071768736523	0.9895840888166183	0.9923354040184071	0.9910423215476326	0.9885428009744249	0.9953784911690262	0.9922106215941988	0.989212037091602	0.9902895777216317	0.9898180649057001	0.9915696844423408	0.9910391327387342	0.9901142278933501	0.9972453608545345	0.9870435723400651	0.9903206875186883	0.9901234000098255	0.9865054876707081
0.9901089861059651	1.0	0.9910947180533084	0.9863841416993793	0.9935640495392476	0.9580914560723232	0.9758509348052321	0.9897872321528459	0.9898276233939809	0.9764648302057082	0.9893179222099117	0.9910558485404052	0.9913655317179239	0.9855634748678623	0.9930554317331519	0.9917104911687007	0.9853924387426198	0.9902288396523524	0.9759127210055458	0.9908216660555352	0.9810951247754993	0.9774793232992354	0.9894623094555405	0.9635948529090218	0.9874858644251236	0.9734115308575852	0.9888026994240722	0.9868831957585134	0.9891496260386696	0.9885519027241317	0.9902288396523524	0.9911335418875187	0.9907039491985824	0.9911335418875187	0.9912110529555412	0.9892164994533854	0.9833337927756304	0.9860625102221323	0.9675039235342382	0.983284576860223	0.9677431098515377
0.9929346831943041	0.9910947180533084	1.0	0.9910946951078454	0.9934874917296707	0.9912820086219433	0.9888441546113252	0.9860556178370774	0.9922304291996875	0.989035213088307	0.9872046593720295	0.9903007657900129	0.9936697291663502	0.9829093683723021	0.9936924385038282	0.9933042458954586	0.981699681537161	0.9863297770198594	0.9900490243272819	0.9846734023855438	0.9897923215526732	0.9917221548878659	0.9839179732175976	0.9906390393281174	0.9838287761567324	0.9902416138618962	0.9917765192981564	0.9833917933981591	0.985691763813445	0.9923015330719988	0.9868011534831973	0.9871400367537663	0.9871374506586462	0.987830980150457	0.9883161900549486	0.9904012275278837	0.988849119795046	0.9824759504967768	0.9881191038746483	0.9868177119826745	0.984194154685414
0.9930538963555283	0.9863841416993793	0.9910946951078454	1.0	0.9917118649737411	0.9898933814343309	0.9908850860898368	0.9856720707668783	0.9929362608973069	0.988232310012672	0.9858373403431837	0.9906935688849762	0.9930538963555283	0.9822828194573977	0.9916629132950658	0.9927945442229144	0.9815292865971363	0.9862336090722005	0.9899868918890958	0.9840580634834402	0.9901460945555413	0.9906286392684358	0.9828604676311625	0.9894946812295962	0.9832033696884109	0.9892975589057885	0.9913676709153495	0.9834429185349424	0.9843789989386095	0.9921008907935007	0.986674879817065	0.9860591121029378	0.9859946649038002	0.9870056455892898	0.987036723574235	0.990592521441934	0.9885576024964394	0.9818824913200334	0.9883051978720491	0.9867318192603337	0.9835702891906293
0.9907848184738166	0.9935640495392476	0.9934874917296707	0.9917118649737411	1.0	0.9920558172553766	0.9912892704073368	0.9885926701262724	0.9917852488337382	0.9921850167765676	0.9895034836290871	0.9906765084985066	0.9913886026742661	0.9878253540033105	0.9938603919741753	0.9913044475726841	0.9863894774945772	0.9886170770329522	0.9914467202093907	0.9892765571182587	0.9913943922593015	0.9927133751992191	0.9884093506369276	0.9910989539599294	0.9869623577599195	0.9917095921249733	0.9903448679219283	0.9881467450859044	0.989628850977156	0.9905475105269954	0.9895167170156189	0.9898160358001453	0.9897900691446341	0.9911511916414111	0.9904562666938255	0.9900010951364204	0.9908632108989982	0.9882164297607396	0.9900049610336542	0.9890579259895422	0.9864694693570466
0.9973289955977958	0.9580914560723232	0.9912820086219433	0.9898933814343309	0.9920558172553766	1.0	0.9892423416805933	0.9742880083896155	0.9937812078552863	0.9703162334261579	0.9535418260581241	0.9881731757940599	0.9926936881768126	0.9491185983935372	0.990489643081855	0.9921362270903218	0.9457761439496954	0.9736589184526904	0.9875330865472545	0.9733753609642845	0.9893735817285068	0.9794613212347792	0.9550931973589537	0.9873014333841521	0.9523362819692075	0.9882184238979814	0.9911994911360391	0.94855354621512	0.9546623000758974	0.9917728329061034	0.9807354012805567	0.97934299293941	0.9759083549126496	0.961764127346846	0.9768175687295542	0.989154557230784	0.994908102342824	0.9425434545976435	0.981631774993442	0.9874406208375909	0.9796966990289142
0.9904484338072788	0.9758509348052321	0.9888441546113252	0.9908850860898368	0.9912892704073368	0.9892423416805933	1.0	0.9782736802497208	0.9899222946554916	0.9902040577917174	0.9767139411981384	0.9880265454682934	0.9920307712227138	0.9656008200150348	0.9894726291370198	0.9907764631033213	0.9633056071564337	0.9794456128544573	0.9882634811943162	0.9790364192756331	0.9870970096846469	0.9907360595212096	0.9728819360482518	0.9898692748305369	0.9700414735143492	0.9913341480949396	0.9899780743673355	0.969114547784329	0.9677001509678189	0.9904209503593955	0.9844705996502183	0.982919094120265	0.9805933513538665	0.9771440515855975	0.980644011881122	0.9884670719917071	0.9870970096846469	0.9616964248580372	0.9858398483772534	0.9853161352727836	0.9809914011052051
0.9900035710933552	0.9897872321528459	0.9860556178370774	0.9856720707668783	0.9885926701262724	0.9742880083896155	0.9782736802497208	1.0	0.9890600429391865	0.9905004521336102	0.9908184734350383	0.9903400907275972	0.9903958452858989	0.9878253540033105	0.9891180013519986	0.9901161259743781	0.9954741427021913	0.9897903633798765	0.9800838464020184	0.9878187594238548	0.982853924910091	0.9866703414217132	0.9882577131250394	0.9775698274752048	0.9877752447139263	0.9782366822836324	0.988118573081146	0.9880580822432353	0.990520635530702	0.9880588283044317	0.9899753722886568	0.9902842418431931	0.9896350933939991	0.9912912789564179	0.9902314877432942	0.9888271849217031	0.9838204582868121	0.9881615166314953	0.9763481251081918	0.982853924910091	0.9734009870747025
0.9946805813083731	0.9898276233939809	0.9922304291996875	0.9929362608973069	0.9917852488337382	0.9937812078552863	0.9899222946554916	0.9890600429391865	1.0	0.9912917933934119	0.9899628710671782	0.9909291689583086	0.9929438751907637	0.9882596545080893	0.9911790187301489	0.9926850756150439	0.985744853683578	0.9891208338690127	0.9919779436272637	0.9875882223506253	0.9918859340316454	0.9929482506383683	0.9874888729660447	0.991196679487437	0.9883616271418384	0.9912760070186722	0.9910882534378074	0.9874306666269737	0.9905669107378255	0.9916291426456542	0.9890842515599332	0.9893624736619162	0.9892251057459678	0.9908692222634031	0.9904002152792949	0.9905614567752473	0.9930675610025536	0.9870435723400651	0.9899343875118749	0.9892947767509661	0.9861070992581064
0.9916194012600711	0.9764648302057082	0.989035213088307	0.988232310012672	0.9921850167765676	0.9703162334261579	0.9902040577917174	0.9905004521336102	0.9912917933934119	1.0	0.9751027756511532	0.9925435840121044	0.9923847004489758	0.9600529431720639	0.9911267633869179	0.9921850167765676	0.9631051474863299	0.991578627430491	0.9837397106469775	0.9879602679035097	0.9867547292591201	0.9900762123736117	0.9751448225339707	0.9839975325139446	0.9707516204605547	0.9909193098040455	0.9923448600367389	0.9684337329487566	0.9671361530336551	0.9908776622837732	0.9911680982314126	0.9924244929357673	0.9917007983407816	0.9808742866534089	0.9921048045177396	0.9903314099354233	0.9880511985006015	0.9597788116882942	0.9763352136653581	0.9847088367852225	0.9746014393466964
0.9905058253747581	0.9893179222099117	0.9872046593720295	0.9858373403431837	0.9895034836290871	0.9535418260581241	0.9767139411981384	0.9908184734350383	0.9899628710671782	0.9751027756511532	1.0	0.9995930356079915	0.9922112091349785	0.9841395040998673	0.9895034836290871	0.9925082042705125	0.9851053153221554	0.9917390460846124	0.9762319779383295	0.9915656647085258	0.9822914113803356	0.9784441320275623	0.9918684879463802	0.9626438881513317	0.9901901884142164	0.9746690042027603	0.9900084599706558	0.9923388194224724	0.9876181408068657	0.9888021772781048	0.9914786317693641	0.9916524690745075	0.9914786317693641	0.9916957859233453	0.9916957859233453	0.9898257252267977	0.9841395040998673	0.9845643866200479	0.9677144610908673	0.9839209634043902	0.9652789599057887
0.9918987088164707	0.9910558485404052	0.9903007657900129	0.9906935688849762	0.9906765084985066	0.9881731757940599	0.9880265454682934	0.9903400907275972	0.9909291689583086	0.9925435840121044	0.9995930356079915	1.0	0.9926022113774571	0.9882596545080893	0.9905610206822284	0.99216427893597	0.9875473391644278	0.9911176915715082	0.9896430562955981	0.987763924184195	0.9894899835315073	0.9936102838076899	0.9891941979950671	0.9890464238475063	0.9894638622029124	0.9896356468517815	0.9901184453160272	0.9939754962327344	0.9913438283362846	0.9901653126180621	0.9905614699607718	0.9901324841693209	0.9907832495002864	0.9928610101083001	0.9919615477346505	0.9906303618299549	0.9893249435167126	0.988706572098376	0.9878943942341555	0.9880659196527295	0.984194154685414
0.9929306840627121	0.9913655317179239	0.9936697291663502	0.9930538963555283	0.9913886026742661	0.9926936881768126	0.9920307712227138	0.9903958452858989	0.9929438751907637	0.9923847004489758	0.9922112091349785	0.9926022113774571	1.0	0.9895292325874177	0.9925697647301015	0.9914870881417164	0.9882508492213774	0.9910067816613639	0.9932134725280436	0.9898023530635114	0.9931208730338449	0.9955823534093324	0.989852367801895	0.9987286383091102	0.9891816172099346	0.9929219235563196	0.9919643668785058	0.989660933206409	0.9912080462083214	0.9980270681381036	0.9907080571905515	0.9985662150489982	0.998440718724354	0.9927942877959564	0.9984305067290727	0.990629701781509	0.9915817786172719	0.9897179851101601	0.9904947949617398	0.9904794808492872	0.9869346583874741
0.9931103207961675	0.9855634748678623	0.9829093683723021	0.9822828194573977	0.9878253540033105	0.9491185983935372	0.9656008200150348	0.9878253540033105	0.9882596545080893	0.9600529431720639	0.9841395040998673	0.9882596545080893	0.9895292325874177	1.0	0.98582261688648	0.989483072704745	0.9821098413070289	0.9866384022402955	0.9699135865936372	0.9902139909448732	0.978183241022141	0.9664546318539016	0.988877039251031	0.9471232473943864	0.9885460393309202	0.9603939552363546	0.9850389760061696	0.9859257041477187	0.9900542804435648	0.9846132599678851	0.9868892395574518	0.988877039251031	0.9882116807294088	0.9873852485929535	0.9878738934138952	0.9865880043954678	0.9859771267690458	0.9849302183982477	0.9591253985105758	0.9803278203766551	0.9618311006214162
0.9917395546909087	0.9930554317331519	0.9936924385038282	0.9916629132950658	0.9938603919741753	0.990489643081855	0.9894726291370198	0.9891180013519986	0.9911790187301489	0.9911267633869179	0.9895034836290871	0.9905610206822284	0.9925697647301015	0.98582261688648	1.0	0.9921135429386614	0.9865853068746542	0.9891502282495106	0.9907552659286916	0.9869657730121527	0.9906564207589682	0.9929482506383683	0.9872938243851518	0.990804030707068	0.9870056455892898	0.9912177634580036	0.9902923711920083	0.9874758807316603	0.9894379958022167	0.9903385688288621	0.988671977084	0.9893355983045135	0.989253584950555	0.9915003026368735	0.9901185216515416	0.9894258386151477	0.989897334287201	0.98664314371095	0.9894361002318237	0.9891107067223088	0.9855188666643631
0.9925998903002695	0.9917104911687007	0.9933042458954586	0.9927945442229144	0.9913044475726841	0.9921362270903218	0.9907764631033213	0.9901161259743781	0.9926850756150439	0.9921850167765676	0.9925082042705125	0.99216427893597	0.9914870881417164	0.989483072704745	0.9921135429386614	1.0	0.988297219858731	0.9915029703551109	0.9924430822787373	0.9899393387629178	0.9924208481098072	0.994065956566094	0.9906393674010018	0.9924414970840872	0.9891816172099346	0.992194210396811	0.9919210382981665	0.989660933206409	0.9917478591740463	0.9919936492745548	0.99111988890392	0.9915201258973587	0.9914557942036372	0.9938783711362275	0.9919615477346505	0.9903168947248998	0.9917285168363885	0.9899790707633963	0.990355582542856	0.9898151000287297	0.9863250002526511
0.9859445494221974	0.9853924387426198	0.981699681537161	0.9815292865971363	0.9863894774945772	0.9457761439496954	0.9633056071564337	0.9954741427021913	0.985744853683578	0.9631051474863299	0.9851053153221554	0.9875473391644278	0.9882508492213774	0.9821098413070289	0.9865853068746542	0.988297219858731	1.0	0.9866827859851518	0.9672500115461652	0.9877835164871589	0.9766889661547686	0.9681220144968554	0.988297219858731	0.9411135832409593	0.9856445488583173	0.9589225948629657	0.9844163700032238	0.9871179020220724	0.9901012135774082	0.9840493202937982	0.9885740814024178	0.9874998996908495	0.9874523917488434	0.9874523917488434	0.9875473391644278	0.9862911236943888	0.9789840216137342	0.9884896307093238	0.9604876035512868	0.9791681801526252	0.9599374186371368
0.9897038003122984	0.9902288396523524	0.9863297770198594	0.9862336090722005	0.9886170770329522	0.9736589184526904	0.9794456128544573	0.9897903633798765	0.9891208338690127	0.991578627430491	0.9917390460846124	0.9911176915715082	0.9910067816613639	0.9866384022402955	0.9891502282495106	0.9915029703551109	0.9866827859851518	1.0	0.9809550133336997	0.9887065366044494	0.9832444514707008	0.9878227480216716	0.9902839646710097	0.9778152642707266	0.9888560650657611	0.9794267369336386	0.9892089385122728	0.988411310657815	0.9902882815554636	0.9887660416944618	0.9916394885676468	0.9907838383707949	0.9901913485928919	0.9928276657672302	0.9905875207571672	0.9900772776983653	0.9840433993071173	0.9873266380313864	0.9769835486328872	0.9835942147046233	0.9737219971180338
0.9932134725280436	0.9759127210055458	0.9900490243272819	0.9899868918890958	0.9914467202093907	0.9875330865472545	0.9882634811943162	0.9800838464020184	0.9919779436272637	0.9837397106469775	0.9762319779383295	0.9896430562955981	0.9932134725280436	0.9699135865936372	0.9907552659286916	0.9924430822787373	0.9672500115461652	0.9809550133336997	1.0	0.9788849282276829	0.9880003199685965	0.986791445038089	0.9718939063467302	0.9873729485732667	0.9745832560447026	0.9869261225277771	0.9916543227036307	0.971114353584353	0.9739505103066535	0.992182247180469	0.9849212280273856	0.983701979405212	0.981482901011949	0.9767108655418892	0.9820420285044207	0.9895171313257266	0.9895801539008765	0.9681907466219842	0.9824727807755831	0.9863061095703075	0.9794210042675812
0.9885146490490425	0.9908216660555352	0.9846734023855438	0.9840580634834402	0.9892765571182587	0.9733753609642845	0.9790364192756331	0.9878187594238548	0.9875882223506253	0.9879602679035097	0.9915656647085258	0.987763924184195	0.9898023530635114	0.9902139909448732	0.9869657730121527	0.9899393387629178	0.9877835164871589	0.9887065366044494	0.9788849282276829	1.0	0.9813324476959258	0.9857683511689849	0.9892311096077461	0.9761601203724039	0.9888560650657611	0.9821866466813787	0.9868158189576685	0.988890898198885	0.9916585003865239	0.986695361574735	0.9876468938789895	0.9899119870816749	0.9888237921017878	0.9915696844423408	0.9892296685231065	0.9975936809936883	0.9829948718217992	0.989560336178306	0.9764015533865655	0.9820006196942251	0.9738282987474516
0.9926976266009605	0.9810951247754993	0.9897923215526732	0.9901460945555413	0.9913943922593015	0.9893735817285068	0.9870970096846469	0.982853924910091	0.9918859340316454	0.9867547292591201	0.9822914113803356	0.9894899835315073	0.9931208730338449	0.978183241022141	0.9906564207589682	0.9924208481098072	0.9766889661547686	0.9832444514707008	0.9880003199685965	0.9813324476959258	1.0	0.9886708468827942	0.9792667818062253	0.9894261139049926	0.9787346577050988	0.9883892530674131	0.9911064377830004	0.978488449205678	0.9805973114649759	0.9921926577921277	0.9856584184160279	0.9846504711596035	0.98358244557754	0.9834356806532101	0.9844862953261696	0.9902811576531189	0.989434714010728	0.9774723109123555	0.9860789859123567	0.9864551993283784	0.9820392062201663
0.9933800748956725	0.9774793232992354	0.9917221548878659	0.9906286392684358	0.9927133751992191	0.9794613212347792	0.9907360595212096	0.9866703414217132	0.9929482506383683	0.9900762123736117	0.9784441320275623	0.9936102838076899	0.9955823534093324	0.9664546318539016	0.9929482506383683	0.994065956566094	0.9681220144968554	0.9878227480216716	0.986791445038089	0.9857683511689849	0.9886708468827942	1.0	0.9743443616162951	0.9869522260630326	0.9713953962671252	0.9912679820490007	0.9927806527391159	0.9713373428953456	0.9722149560935531	0.9937737445445255	0.9925107179193887	0.9907360595212096	0.9896827237974798	0.9785947546868046	0.9901226712096631	0.9922385625291085	0.9891619245056484	0.9684935293762563	0.9799132601848204	0.9866298742543683	0.9769496854992099
0.9877985665304355	0.9894623094555405	0.9839179732175976	0.9828604676311625	0.9884093506369276	0.9550931973589537	0.9728819360482518	0.9882577131250394	0.9874888729660447	0.9751448225339707	0.9918684879463802	0.9891941979950671	0.989852367801895	0.988877039251031	0.9872938243851518	0.9906393674010018	0.988297219858731	0.9902839646710097	0.9718939063467302	0.9892311096077461	0.9792667818062253	0.9743443616162951	1.0	0.9584816574268235	0.9886509500545351	0.9685963119399414	0.9862605008426091	0.9900393126685483	0.9912533689432091	0.9854015149048047	0.9966954886561498	0.9893783442663655	0.9893048091084986	0.9898264123759285	0.9883715066417306	0.9869002243293236	0.9806371477024924	0.9899270186423743	0.9636533466673359	0.9817213514399893	0.9652329276291913
0.9933071768736523	0.9635948529090218	0.9906390393281174	0.9894946812295962	0.9910989539599294	0.9873014333841521	0.9898692748305369	0.9775698274752048	0.991196679487437	0.9839975325139446	0.9626438881513317	0.9890464238475063	0.9987286383091102	0.9471232473943864	0.990804030707068	0.9924414970840872	0.9411135832409593	0.9778152642707266	0.9873729485732667	0.9761601203724039	0.9894261139049926	0.9869522260630326	0.9584816574268235	1.0	0.9561540275435257	0.9913265321766999	0.9915203594449951	0.9514833614421021	0.947465778643099	0.9977822319968233	0.9835009849914995	0.9875550741562965	0.9847112467255246	0.967580656311902	0.9852221427547678	0.9886623099524451	0.9889072634140946	0.9429940094161725	0.9822504003301209	0.9862962654590474	0.9798989962602771
0.9895840888166183	0.9874858644251236	0.9838287761567324	0.9832033696884109	0.9869623577599195	0.9523362819692075	0.9700414735143492	0.9877752447139263	0.9883616271418384	0.9707516204605547	0.9901901884142164	0.9894638622029124	0.9891816172099346	0.9885460393309202	0.9870056455892898	0.9891816172099346	0.9856445488583173	0.9888560650657611	0.9745832560447026	0.9888560650657611	0.9787346577050988	0.9713953962671252	0.9886509500545351	0.9561540275435257	1.0	0.9671505799347732	0.9860398985423671	0.9882792934651634	0.9918369770695211	0.9867014277196834	0.9878174771902684	0.9891410985620834	0.9887741721789991	0.9888151440560139	0.9891816172099346	0.9873499132036394	0.9822172767962829	0.9877745395406858	0.9636213605485093	0.9809933685507942	0.962902878362086
0.9923354040184071	0.9734115308575852	0.9902416138618962	0.9892975589057885	0.9917095921249733	0.9882184238979814	0.9913341480949396	0.9782366822836324	0.9912760070186722	0.9909193098040455	0.9746690042027603	0.9896356468517815	0.9929219235563196	0.9603939552363546	0.9912177634580036	0.992194210396811	0.9589225948629657	0.9794267369336386	0.9869261225277771	0.9821866466813787	0.9883892530674131	0.9912679820490007	0.9685963119399414	0.9913265321766999	0.9671505799347732	1.0	0.991852865731249	0.966210671859232	0.9653823979612772	0.9917095921249733	0.984660806467697	0.9826437336247179	0.9804942439082631	0.9746287683789379	0.9808957127662555	0.9921375637427542	0.9887681442776391	0.9596467923946839	0.9862374497784885	0.9868285322810695	0.980432980100816
0.9910423215476326	0.9888026994240722	0.9917765192981564	0.9913676709153495	0.9903448679219283	0.9911994911360391	0.9899780743673355	0.988118573081146	0.9910882534378074	0.9923448600367389	0.9900084599706558	0.9901184453160272	0.9919643668785058	0.9850389760061696	0.9902923711920083	0.9919210382981665	0.9844163700032238	0.9892089385122728	0.9916543227036307	0.9868158189576685	0.9911064377830004	0.9927806527391159	0.9862605008426091	0.9915203594449951	0.9860398985423671	0.991852865731249	1.0	0.9865130872635237	0.9879702364150801	0.9905247602387012	0.9881492733616605	0.9889025865089268	0.9889389525123141	0.9903339519734482	0.9900335426129345	0.9887374312122107	0.990103038636231	0.9847478121532073	0.9890755147307545	0.9882829526244786	0.9854073909224722
0.9885428009744249	0.9868831957585134	0.9833917933981591	0.9834429185349424	0.9881467450859044	0.94855354621512	0.969114547784329	0.9880580822432353	0.9874306666269737	0.9684337329487566	0.9923388194224724	0.9939754962327344	0.989660933206409	0.9859257041477187	0.9874758807316603	0.989660933206409	0.9871179020220724	0.988411310657815	0.971114353584353	0.988890898198885	0.978488449205678	0.9713373428953456	0.9900393126685483	0.9514833614421021	0.9882792934651634	0.966210671859232	0.9865130872635237	1.0	0.9907513657740517	0.986279636199266	0.9899974841394997	0.9897453933309941	0.9892353578132316	0.9891495797119634	0.989660933206409	0.9870667000212902	0.9812238409109089	0.9889757559901006	0.9629227451383333	0.9808389131219947	0.9631145057277737
0.9953784911690262	0.9891496260386696	0.985691763813445	0.9843789989386095	0.989628850977156	0.9546623000758974	0.9677001509678189	0.990520635530702	0.9905669107378255	0.9671361530336551	0.9876181408068657	0.9913438283362846	0.9912080462083214	0.9900542804435648	0.9894379958022167	0.9917478591740463	0.9901012135774082	0.9902882815554636	0.9739505103066535	0.9916585003865239	0.9805973114649759	0.9722149560935531	0.9912533689432091	0.947465778643099	0.9918369770695211	0.9653823979612772	0.9879702364150801	0.9907513657740517	1.0	0.987719124341304	0.9908890340782702	0.9909347962915039	0.9904742953758964	0.9906592670475154	0.9910261309585141	0.9898658775608069	0.9880202298590024	0.9894019301650333	0.9642616347666236	0.9827192983892887	0.9646737184077567
0.9922106215941988	0.9885519027241317	0.9923015330719988	0.9921008907935007	0.9905475105269954	0.9917728329061034	0.9904209503593955	0.9880588283044317	0.9916291426456542	0.9908776622837732	0.9888021772781048	0.9901653126180621	0.9980270681381036	0.9846132599678851	0.9903385688288621	0.9919936492745548	0.9840493202937982	0.9887660416944618	0.992182247180469	0.986695361574735	0.9921926577921277	0.9937737445445255	0.9854015149048047	0.9977822319968233	0.9867014277196834	0.9917095921249733	0.9905247602387012	0.986279636199266	0.987719124341304	1.0	0.987937847227889	0.995743361007899	0.9957222906051392	0.989532845718029	0.9969678645936894	0.9893903376294897	0.9903329337828187	0.9854714349579663	0.9898636627285817	0.9886593535566606	0.9858510421717714
0.989212037091602	0.9902288396523524	0.9868011534831973	0.986674879817065	0.9895167170156189	0.9807354012805567	0.9844705996502183	0.9899753722886568	0.9890842515599332	0.9911680982314126	0.9914786317693641	0.9905614699607718	0.9907080571905515	0.9868892395574518	0.988671977084	0.99111988890392	0.9885740814024178	0.9916394885676468	0.9849212280273856	0.9876468938789895	0.9856584184160279	0.9925107179193887	0.9966954886561498	0.9835009849914995	0.9878174771902684	0.984660806467697	0.9881492733616605	0.9899974841394997	0.9908890340782702	0.987937847227889	1.0	0.9893893271356281	0.9905651105544254	0.9919487029285251	0.9910116092240319	0.9883331644709459	0.984712274251636	0.9896655191322329	0.9824727807755831	0.9844136998057275	0.9797323294169086
0.9902895777216317	0.9911335418875187	0.9871400367537663	0.9860591121029378	0.9898160358001453	0.97934299293941	0.982919094120265	0.9902842418431931	0.9893624736619162	0.9924244929357673	0.9916524690745075	0.9901324841693209	0.9985662150489982	0.988877039251031	0.9893355983045135	0.9915201258973587	0.9874998996908495	0.9907838383707949	0.983701979405212	0.9899119870816749	0.9846504711596035	0.9907360595212096	0.9893783442663655	0.9875550741562965	0.9891410985620834	0.9826437336247179	0.9889025865089268	0.9897453933309941	0.9909347962915039	0.995743361007899	0.9893893271356281	1.0	0.9997935029195214	0.9923911036383579	0.9997046766718124	0.9896300295766063	0.9840380076549285	0.9897179851101601	0.9796022855646791	0.9834644876416259	0.9775826643733562
0.9898180649057001	0.9907039491985824	0.9871374506586462	0.9859946649038002	0.9897900691446341	0.9759083549126496	0.9805933513538665	0.9896350933939991	0.9892251057459678	0.9917007983407816	0.9914786317693641	0.9907832495002864	0.998440718724354	0.9882116807294088	0.989253584950555	0.9914557942036372	0.9874523917488434	0.9901913485928919	0.981482901011949	0.9888237921017878	0.98358244557754	0.9896827237974798	0.9893048091084986	0.9847112467255246	0.9887741721789991	0.9804942439082631	0.9889389525123141	0.9892353578132316	0.9904742953758964	0.9957222906051392	0.9905651105544254	0.9997935029195214	1.0	0.9913959560591838	0.9991707140707667	0.9896497328819018	0.9840192567515046	0.9890293299872922	0.9771926304643257	0.9836500271920134	0.9749239468974064
0.9915696844423408	0.9911335418875187	0.987830980150457	0.9870056455892898	0.9911511916414111	0.961764127346846	0.9771440515855975	0.9912912789564179	0.9908692222634031	0.9808742866534089	0.9916957859233453	0.9928610101083001	0.9927942877959564	0.9873852485929535	0.9915003026368735	0.9938783711362275	0.9874523917488434	0.9928276657672302	0.9767108655418892	0.9915696844423408	0.9834356806532101	0.9785947546868046	0.9898264123759285	0.967580656311902	0.9888151440560139	0.9746287683789379	0.9903339519734482	0.9891495797119634	0.9906592670475154	0.989532845718029	0.9919487029285251	0.9923911036383579	0.9913959560591838	1.0	0.9920171509743966	0.9902979568418145	0.9842680346968925	0.988706572098376	0.9695428023992066	0.9841814065817126	0.9692010496881769
0.9910391327387342	0.9912110529555412	0.9883161900549486	0.987036723574235	0.9904562666938255	0.9768175687295542	0.980644011881122	0.9902314877432942	0.9904002152792949	0.9921048045177396	0.9916957859233453	0.9919615477346505	0.9984305067290727	0.9878738934138952	0.9901185216515416	0.9919615477346505	0.9875473391644278	0.9905875207571672	0.9820420285044207	0.9892296685231065	0.9844862953261696	0.9901226712096631	0.9883715066417306	0.9852221427547678	0.9891816172099346	0.9808957127662555	0.9900335426129345	0.989660933206409	0.9910261309585141	0.9969678645936894	0.9910116092240319	0.9997046766718124	0.9991707140707667	0.9920171509743966	1.0	0.9907073271403487	0.9849529480826333	0.9893489586393317	0.9777607810741896	0.9836361130733966	0.9748726026714096
0.9901142278933501	0.9892164994533854	0.9904012275278837	0.990592521441934	0.9900010951364204	0.989154557230784	0.9884670719917071	0.9888271849217031	0.9905614567752473	0.9903314099354233	0.9898257252267977	0.9906303618299549	0.990629701781509	0.9865880043954678	0.9894258386151477	0.9903168947248998	0.9862911236943888	0.9900772776983653	0.9895171313257266	0.9975936809936883	0.9902811576531189	0.9922385625291085	0.9869002243293236	0.9886623099524451	0.9873499132036394	0.9921375637427542	0.9887374312122107	0.9870667000212902	0.9898658775608069	0.9893903376294897	0.9883331644709459	0.9896300295766063	0.9896497328819018	0.9902979568418145	0.9907073271403487	1.0	0.9895081474954786	0.9876631341896703	0.988268063081732	0.9876826360244167	0.9839226725943558
0.9972453608545345	0.9833337927756304	0.988849119795046	0.9885576024964394	0.9908632108989982	0.994908102342824	0.9870970096846469	0.9838204582868121	0.9930675610025536	0.9880511985006015	0.9841395040998673	0.9893249435167126	0.9915817786172719	0.9859771267690458	0.989897334287201	0.9917285168363885	0.9789840216137342	0.9840433993071173	0.9895801539008765	0.9829948718217992	0.989434714010728	0.9891619245056484	0.9806371477024924	0.9889072634140946	0.9822172767962829	0.9887681442776391	0.990103038636231	0.9812238409109089	0.9880202298590024	0.9903329337828187	0.984712274251636	0.9840380076549285	0.9840192567515046	0.9842680346968925	0.9849529480826333	0.9895081474954786	1.0	0.9792508119385666	0.9872875611727776	0.9860436807575956	0.9836881715867852
0.9870435723400651	0.9860625102221323	0.9824759504967768	0.9818824913200334	0.9882164297607396	0.9425434545976435	0.9616964248580372	0.9881615166314953	0.9870435723400651	0.9597788116882942	0.9845643866200479	0.988706572098376	0.9897179851101601	0.9849302183982477	0.98664314371095	0.9899790707633963	0.9884896307093238	0.9873266380313864	0.9681907466219842	0.989560336178306	0.9774723109123555	0.9684935293762563	0.9899270186423743	0.9429940094161725	0.9877745395406858	0.9596467923946839	0.9847478121532073	0.9889757559901006	0.9894019301650333	0.9854714349579663	0.9896655191322329	0.9897179851101601	0.9890293299872922	0.988706572098376	0.9893489586393317	0.9876631341896703	0.9792508119385666	1.0	0.9606880043485515	0.9813457840408801	0.9643164577324682
0.9903206875186883	0.9675039235342382	0.9881191038746483	0.9883051978720491	0.9900049610336542	0.981631774993442	0.9858398483772534	0.9763481251081918	0.9899343875118749	0.9763352136653581	0.9677144610908673	0.9878943942341555	0.9904947949617398	0.9591253985105758	0.9894361002318237	0.990355582542856	0.9604876035512868	0.9769835486328872	0.9824727807755831	0.9764015533865655	0.9860789859123567	0.9799132601848204	0.9636533466673359	0.9822504003301209	0.9636213605485093	0.9862374497784885	0.9890755147307545	0.9629227451383333	0.9642616347666236	0.9898636627285817	0.9824727807755831	0.9796022855646791	0.9771926304643257	0.9695428023992066	0.9777607810741896	0.988268063081732	0.9872875611727776	0.9606880043485515	1.0	0.9883793421117316	0.9778119432841859
0.9901234000098255	0.983284576860223	0.9868177119826745	0.9867318192603337	0.9890579259895422	0.9874406208375909	0.9853161352727836	0.982853924910091	0.9892947767509661	0.9847088367852225	0.9839209634043902	0.9880659196527295	0.9904794808492872	0.9803278203766551	0.9891107067223088	0.9898151000287297	0.9791681801526252	0.9835942147046233	0.9863061095703075	0.9820006196942251	0.9864551993283784	0.9866298742543683	0.9817213514399893	0.9862962654590474	0.9809933685507942	0.9868285322810695	0.9882829526244786	0.9808389131219947	0.9827192983892887	0.9886593535566606	0.9844136998057275	0.9834644876416259	0.9836500271920134	0.9841814065817126	0.9836361130733966	0.9876826360244167	0.9860436807575956	0.9813457840408801	0.9883793421117316	1.0	0.9826521570395981
0.9865054876707081	0.9677431098515377	0.984194154685414	0.9835702891906293	0.9864694693570466	0.9796966990289142	0.9809914011052051	0.9734009870747025	0.9861070992581064	0.9746014393466964	0.9652789599057887	0.984194154685414	0.9869346583874741	0.9618311006214162	0.9855188666643631	0.9863250002526511	0.9599374186371368	0.9737219971180338	0.9794210042675812	0.9738282987474516	0.9820392062201663	0.9769496854992099	0.9652329276291913	0.9798989962602771	0.962902878362086	0.980432980100816	0.9854073909224722	0.9631145057277737	0.9646737184077567	0.9858510421717714	0.9797323294169086	0.9775826643733562	0.9749239468974064	0.9692010496881769	0.9748726026714096	0.9839226725943558	0.9836881715867852	0.9643164577324682	0.9778119432841859	0.9826521570395981	1.0
