/home/jshaw/scratch/2022_sketched_distance/references/SGB_genome_fastas_part4/7858/BackhedF_2015__SID105_B__bin.6.fa	/home/jshaw/scratch/2022_sketched_distance/references/SGB_genome_fastas_part4/7858/BackhedF_2015__SID180_B__bin.10.fa	/home/jshaw/scratch/2022_sketched_distance/references/SGB_genome_fastas_part4/7858/BackhedF_2015__SID263_B__bin.4.fa	/home/jshaw/scratch/2022_sketched_distance/references/SGB_genome_fastas_part4/7858/BackhedF_2015__SID268_B__bin.10.fa	/home/jshaw/scratch/2022_sketched_distance/references/SGB_genome_fastas_part4/7858/BackhedF_2015__SID26_B__bin.10.fa	/home/jshaw/scratch/2022_sketched_distance/references/SGB_genome_fastas_part4/7858/BackhedF_2015__SID385_B__bin.10.fa	/home/jshaw/scratch/2022_sketched_distance/references/SGB_genome_fastas_part4/7858/BackhedF_2015__SID397_B__bin.1.fa	/home/jshaw/scratch/2022_sketched_distance/references/SGB_genome_fastas_part4/7858/BackhedF_2015__SID507_B__bin.6.fa	/home/jshaw/scratch/2022_sketched_distance/references/SGB_genome_fastas_part4/7858/BackhedF_2015__SID526_B__bin.7.fa	/home/jshaw/scratch/2022_sketched_distance/references/SGB_genome_fastas_part4/7858/BackhedF_2015__SID608_B__bin.2.fa	/home/jshaw/scratch/2022_sketched_distance/references/SGB_genome_fastas_part4/7858/BackhedF_2015__SID615_B__bin.9.fa	/home/jshaw/scratch/2022_sketched_distance/references/SGB_genome_fastas_part4/7858/ChngKR_2016__WBS022__bin.3.fa	/home/jshaw/scratch/2022_sketched_distance/references/SGB_genome_fastas_part4/7858/ChngKR_2016__WBU019__bin.1.fa	/home/jshaw/scratch/2022_sketched_distance/references/SGB_genome_fastas_part4/7858/FerrettiP_2018__CA_C10006IS2091FE_t3M15__bin.6.fa	/home/jshaw/scratch/2022_sketched_distance/references/SGB_genome_fastas_part4/7858/FerrettiP_2018__CA_C10007IS2106SA_t2M15__bin.2.fa	/home/jshaw/scratch/2022_sketched_distance/references/SGB_genome_fastas_part4/7858/FerrettiP_2018__CA_C10019MS2316SK_t0M15__bin.2.fa	/home/jshaw/scratch/2022_sketched_distance/references/SGB_genome_fastas_part4/7858/FerrettiP_2018__CA_C10029MS2494SK_t0M15__bin.2.fa	/home/jshaw/scratch/2022_sketched_distance/references/SGB_genome_fastas_part4/7858/FerrettiP_2018__CA_C10042MS2726SK_t0M15__bin.1.fa	/home/jshaw/scratch/2022_sketched_distance/references/SGB_genome_fastas_part4/7858/FerrettiP_2018__CA_C10043MS2744SK_t0M15__bin.2.fa	/home/jshaw/scratch/2022_sketched_distance/references/SGB_genome_fastas_part4/7858/FerrettiP_2018__CA_C10055IS2966SA_t2M16__bin.3.fa	/home/jshaw/scratch/2022_sketched_distance/references/SGB_genome_fastas_part4/7858/OhJ_2014__MET0024__bin.5.fa	/home/jshaw/scratch/2022_sketched_distance/references/SGB_genome_fastas_part4/7858/OhJ_2014__MET0054__bin.6.fa	/home/jshaw/scratch/2022_sketched_distance/references/SGB_genome_fastas_part4/7858/OhJ_2014__MET0082__bin.2.fa	/home/jshaw/scratch/2022_sketched_distance/references/SGB_genome_fastas_part4/7858/OhJ_2014__MET0084__bin.1.fa	/home/jshaw/scratch/2022_sketched_distance/references/SGB_genome_fastas_part4/7858/OhJ_2014__MET0142__bin.4.fa	/home/jshaw/scratch/2022_sketched_distance/references/SGB_genome_fastas_part4/7858/OhJ_2014__MET0158__bin.4.fa	/home/jshaw/scratch/2022_sketched_distance/references/SGB_genome_fastas_part4/7858/OhJ_2014__MET0179__bin.10.fa	/home/jshaw/scratch/2022_sketched_distance/references/SGB_genome_fastas_part4/7858/OhJ_2014__MET0192__bin.5.fa	/home/jshaw/scratch/2022_sketched_distance/references/SGB_genome_fastas_part4/7858/OhJ_2014__MET0207__bin.14.fa	/home/jshaw/scratch/2022_sketched_distance/references/SGB_genome_fastas_part4/7858/OhJ_2014__MET0267__bin.3.fa	/home/jshaw/scratch/2022_sketched_distance/references/SGB_genome_fastas_part4/7858/OhJ_2014__MET0302__bin.6.fa	/home/jshaw/scratch/2022_sketched_distance/references/SGB_genome_fastas_part4/7858/OlmMR_2017__S2_005_014Y1__bin.16.fa
1.0	0.9891776260793645	0.9902602635940103	0.9900228890851526	0.9895926369069548	0.9905704772429053	0.9877591900925775	0.9899675010999777	0.9897118621001129	0.9913170310220112	0.9859123656524592	0.9726849411324296	0.9891588791714986	0.9906919189859804	0.9886043705042523	0.9899133552043294	0.9898689954302838	0.9890794421126831	0.991181446981329	0.977453525650031	0.9864407336518435	0.9765561837831904	0.988807472276673	0.9741161441307574	0.970064788589488	0.9743429830915379	0.9712094860765919	0.975032555060833	0.9751483711896863	0.9733402115830174	0.9689426602776816	0.9848361253716706
0.9891776260793645	1.0	0.990221482170828	0.9894650954153172	0.9897303905067446	0.9896838141952563	0.9866535783691428	0.9893344684917216	0.9900146286290677	0.9909238402816514	0.9844267084372007	0.9717646305709814	0.9892653483948509	0.9903123651701945	0.9885884022936301	0.9909446258149711	0.9901599547407017	0.9894608409969818	0.9906693019480493	0.978594718088397	0.9867236029932198	0.9778408266888615	0.9894402743952182	0.9750283993369664	0.96911743659821	0.9754836644396405	0.970734045385744	0.9754262660900817	0.9763063677567421	0.9740445082476317	0.9690276433079191	0.9833092504955907
0.9902602635940103	0.990221482170828	1.0	0.9923855404473815	0.9923552351193206	0.9912461136376761	0.9859883392717897	0.9914486996148104	0.9922424374322357	0.9934413300524725	0.9854887063701078	0.9745176634527681	0.9915234318358594	0.9925294156617411	0.9911289068883851	0.9931541767112487	0.9933654515179137	0.9913663002382429	0.992255946643541	0.9802079099484255	0.9880671053442276	0.9800866938272529	0.9915739720456002	0.9772100491411011	0.9721331753650142	0.978159660772071	0.9727474333240005	0.9779408074900112	0.9791151997869545	0.9755450164631241	0.9714096931670743	0.9852232745880853
0.9900228890851526	0.9894650954153172	0.9923855404473815	1.0	0.9914658779587144	0.9905736762318091	0.9850811071360719	0.9907347928487548	0.9919279666788369	0.9928238464794916	0.9852108944680225	0.9725651138763537	0.9907704850828875	0.9916258849217342	0.9913130619028856	0.9919585576823962	0.9918666571241352	0.989766717882341	0.991265322620218	0.9787843174945976	0.9877144441900099	0.9785325419031778	0.9902521249986644	0.9759919942198264	0.9705627565381848	0.9775658595630807	0.9718236057048095	0.9770149725450117	0.9785380188736073	0.9745954233780013	0.96966480174242	0.9851370582089028
0.9895926369069548	0.9897303905067446	0.9923552351193206	0.9914658779587144	1.0	0.9909363873508205	0.9849688526626492	0.9911083824444638	0.9921023082884789	0.9934923743210966	0.9855606109033105	0.9726934203498491	0.9911634100687712	0.9935822810686084	0.9911204266273045	0.9937790213320915	0.9927260406465951	0.9917327335050797	0.990874698866948	0.9807403955801608	0.988676175841488	0.9804508783878476	0.9921744988785269	0.9777174218208204	0.9707160415106191	0.9781914155549155	0.9721119993286389	0.9780353358519297	0.9789638534129489	0.9756538002515935	0.9710714481500876	0.9859972507966295
0.9905704772429053	0.9896838141952563	0.9912461136376761	0.9905736762318091	0.9909363873508205	1.0	0.9861433731650706	0.9905342894237977	0.9909189351907319	0.9920141378860595	0.984802280543873	0.9719298462691832	0.989678068186525	0.9908751951361281	0.9891953572027163	0.9909715832967855	0.9915313944880635	0.9899415592241272	0.9920654796158052	0.9785302175757677	0.9871889085271411	0.9781001685938986	0.989387501521658	0.9756377699283517	0.9694677847182104	0.9763229104051755	0.9714456015765082	0.9767779744662356	0.9772389301414318	0.9745072989335389	0.9700756908022313	0.9840455638827059
0.9877591900925775	0.9866535783691428	0.9859883392717897	0.9850811071360719	0.9849688526626492	0.9861433731650706	1.0	0.9869129332453526	0.9857222615586303	0.986793007764747	0.9834162904682203	0.9692263259198362	0.9855348161569198	0.9858186259050393	0.9846418610469656	0.9863703936459823	0.9868010288160419	0.9854724723486629	0.9878941906722624	0.9712917743317989	0.9825158967883871	0.9729786218731326	0.9845008459848628	0.9700747398449803	0.9688207821375002	0.9706358134902557	0.9671056178057988	0.9709439885370451	0.9711202616767207	0.9698383303923922	0.9655544555144696	0.981080401740623
0.9899675010999777	0.9893344684917216	0.9914486996148104	0.9907347928487548	0.9911083824444638	0.9905342894237977	0.9869129332453526	1.0	0.9905102831840811	0.991886684348237	0.9853854739155302	0.9726961275023266	0.9900682916729563	0.9909668937867739	0.9893990318306303	0.9909180939703317	0.9906719023501672	0.9897898045263682	0.9904000252612104	0.9791357334140971	0.9867288571224994	0.9780053039263863	0.9894866312891082	0.9756620203533705	0.9696706409037614	0.9761444528285592	0.9709662382793707	0.9761963362417623	0.976781142752272	0.9743656735169773	0.9688712488577728	0.9845961033126968
0.9897118621001129	0.9900146286290677	0.9922424374322357	0.9919279666788369	0.9921023082884789	0.9909189351907319	0.9857222615586303	0.9905102831840811	1.0	0.9934966595815109	0.9862428337349289	0.9738407510211594	0.9912274872784527	0.992561593404289	0.9920522180769892	0.9932867165062101	0.9925026487847447	0.9907909168988045	0.9913633111977233	0.9804294640507484	0.9890431307184219	0.9802505669133975	0.9917474584016119	0.9773938029939208	0.9712548276078193	0.9788950910099065	0.9718844284617996	0.9784939005663776	0.9791533022360532	0.9753912949648156	0.9709644066684807	0.985837006374152
0.9913170310220112	0.9909238402816514	0.9934413300524725	0.9928238464794916	0.9934923743210966	0.9920141378860595	0.986793007764747	0.991886684348237	0.9934966595815109	1.0	0.9879930680236727	0.9735579523861665	0.9920014946449447	0.9947502553577782	0.9933348669894286	0.9944270222286217	0.9941903487380052	0.992962224417015	0.9927319626399103	0.9814576104939697	0.989102390166043	0.9806215648425516	0.993271446140612	0.9775934917846932	0.9728359956914454	0.9786725204274666	0.972596477426964	0.9790244526232923	0.9791432324003261	0.9760291320920461	0.9717229071053185	0.9884161450519299
0.9859123656524592	0.9844267084372007	0.9854887063701078	0.9852108944680225	0.9855606109033105	0.984802280543873	0.9834162904682203	0.9853854739155302	0.9862428337349289	0.9879930680236727	1.0	0.968018930250181	0.9854288385953414	0.9871553629750669	0.9872514020330622	0.9862343691483596	0.9869802053310728	0.9860469566781292	0.9866201240725533	0.9700803147256817	0.9818558567854715	0.972759339895255	0.9852524487395407	0.9702635585381276	0.9695089918112294	0.971126055848948	0.96632679601529	0.971343275351321	0.9715028366329335	0.9699185140601649	0.9662876362104972	0.9831861072124644
0.9726849411324296	0.9717646305709814	0.9745176634527681	0.9725651138763537	0.9726934203498491	0.9719298462691832	0.9692263259198362	0.9726961275023266	0.9738407510211594	0.9735579523861665	0.968018930250181	1.0	0.975303712306024	0.9724645146728248	0.9733307639412325	0.9736346698020448	0.973181830507419	0.9717033814601167	0.9744779728368267	0.9590641433761312	0.9727017383302092	0.9866467567494893	0.974692393951461	0.9832397355296427	0.9823239064618287	0.9857409372722316	0.984017770979208	0.985058830969593	0.985688624806278	0.9841926354674436	0.9810402099294958	0.9677778402593233
0.9891588791714986	0.9892653483948509	0.9915234318358594	0.9907704850828875	0.9911634100687712	0.989678068186525	0.9855348161569198	0.9900682916729563	0.9912274872784527	0.9920014946449447	0.9854288385953414	0.975303712306024	1.0	0.9911098814030728	0.9899080857113594	0.9914432844656623	0.9913244791240342	0.9894379483769041	0.9905519973103352	0.9780503458947539	0.988040811453664	0.9821722227571894	0.9904112983770124	0.9793397075815076	0.973128808562842	0.9802847735210777	0.974584840166007	0.9804202498801731	0.9810868406645596	0.9776445052895151	0.9734259116067376	0.9841527304403886
0.9906919189859804	0.9903123651701945	0.9925294156617411	0.9916258849217342	0.9935822810686084	0.9908751951361281	0.9858186259050393	0.9909668937867739	0.992561593404289	0.9947502553577782	0.9871553629750669	0.9724645146728248	0.9911098814030728	1.0	0.9920925988502027	0.9940890716702933	0.9932576538835288	0.9933096338643082	0.991530675099882	0.9812982956161022	0.9887903644359672	0.9792397968832623	0.9935910239947908	0.9769164924535658	0.9700541742397143	0.9777982835248423	0.9714463010999768	0.977873271614453	0.9779560141789891	0.9749897571252262	0.9708841711686241	0.9872104192498664
0.9886043705042523	0.9885884022936301	0.9911289068883851	0.9913130619028856	0.9911204266273045	0.9891953572027163	0.9846418610469656	0.9893990318306303	0.9920522180769892	0.9933348669894286	0.9872514020330622	0.9733307639412325	0.9899080857113594	0.9920925988502027	1.0	0.9917845463048869	0.9919080729251097	0.9898708456378997	0.9909258439250561	0.9768763703377004	0.9862987802149594	0.9790953496324376	0.9904080542742248	0.9760970781003313	0.9728126233351623	0.9776250382169831	0.9725739105704244	0.9773586320311879	0.9777834676312646	0.9752020598879507	0.9710521459818015	0.9908224555689206
0.9899133552043294	0.9909446258149711	0.9931541767112487	0.9919585576823962	0.9937790213320915	0.9909715832967855	0.9863703936459823	0.9909180939703317	0.9932867165062101	0.9944270222286217	0.9862343691483596	0.9736346698020448	0.9914432844656623	0.9940890716702933	0.9917845463048869	1.0	0.9943056560004201	0.9928391676112788	0.9919990582558749	0.9806095417130738	0.98920626895393	0.9803825283628544	0.9933114240751787	0.9772998795259455	0.9721541203973738	0.9786054311579518	0.9724649942993775	0.9784865352179422	0.9794236413015857	0.9754474008011235	0.9713556494320467	0.9861992253469773
0.9898689954302838	0.9901599547407017	0.9933654515179137	0.9918666571241352	0.9927260406465951	0.9915313944880635	0.9868010288160419	0.9906719023501672	0.9925026487847447	0.9941903487380052	0.9869802053310728	0.973181830507419	0.9913244791240342	0.9932576538835288	0.9919080729251097	0.9943056560004201	1.0	0.9919094203679562	0.9928758032642191	0.9794810009887046	0.9887573935983495	0.9797868434173275	0.9919896930924187	0.9770009051952316	0.971503050419082	0.9779682256290835	0.9718594726090111	0.9776890691048823	0.9786337817430629	0.9753741977409658	0.9708028815543165	0.9862775418523575
0.9890794421126831	0.9894608409969818	0.9913663002382429	0.989766717882341	0.9917327335050797	0.9899415592241272	0.9854724723486629	0.9897898045263682	0.9907909168988045	0.992962224417015	0.9860469566781292	0.9717033814601167	0.9894379483769041	0.9933096338643082	0.9898708456378997	0.9928391676112788	0.9919094203679562	1.0	0.9904174024409366	0.9793116364081146	0.9873446644746073	0.97827735463763	0.9915756113084827	0.9759454139322379	0.9698149440577347	0.9768517802587355	0.9708927458093383	0.977128679467312	0.9775543113731012	0.9740228624353171	0.9700362156006473	0.9850734819838016
0.991181446981329	0.9906693019480493	0.992255946643541	0.991265322620218	0.990874698866948	0.9920654796158052	0.9878941906722624	0.9904000252612104	0.9913633111977233	0.9927319626399103	0.9866201240725533	0.9744779728368267	0.9905519973103352	0.991530675099882	0.9909258439250561	0.9919990582558749	0.9928758032642191	0.9904174024409366	1.0	0.9792735244198235	0.9874165612132181	0.9788925645978225	0.9904623248599211	0.9755977602123237	0.9729837338107262	0.9774058573617285	0.9733468166880638	0.9768996904612429	0.9774140507763042	0.9753616470791261	0.9706699580440449	0.9848883621918931
0.977453525650031	0.978594718088397	0.9802079099484255	0.9787843174945976	0.9807403955801608	0.9785302175757677	0.9712917743317989	0.9791357334140971	0.9804294640507484	0.9814576104939697	0.9700803147256817	0.9590641433761312	0.9780503458947539	0.9812982956161022	0.9768763703377004	0.9806095417130738	0.9794810009887046	0.9793116364081146	0.9792735244198235	1.0	0.9776769904093705	0.9675273292076239	0.9815859402769581	0.9647055307754628	0.9316449850730097	0.9649730685390396	0.9585640760292913	0.9661667109698874	0.9660012404540933	0.9610888645521971	0.9623648997374258	0.9674312073334043
0.9864407336518435	0.9867236029932198	0.9880671053442276	0.9877144441900099	0.988676175841488	0.9871889085271411	0.9825158967883871	0.9867288571224994	0.9890431307184219	0.989102390166043	0.9818558567854715	0.9727017383302092	0.988040811453664	0.9887903644359672	0.9862987802149594	0.98920626895393	0.9887573935983495	0.9873446644746073	0.9874165612132181	0.9776769904093705	1.0	0.9791018353617021	0.988109052079963	0.9761612509219209	0.9698610636776951	0.977361868321257	0.9712386731392836	0.9774597500335096	0.9779619845086074	0.9746341709993921	0.9702191530934429	0.9811101174105192
0.9765561837831904	0.9778408266888615	0.9800866938272529	0.9785325419031778	0.9804508783878476	0.9781001685938986	0.9729786218731326	0.9780053039263863	0.9802505669133975	0.9806215648425516	0.972759339895255	0.9866467567494893	0.9821722227571894	0.9792397968832623	0.9790953496324376	0.9803825283628544	0.9797868434173275	0.97827735463763	0.9788925645978225	0.9675273292076239	0.9791018353617021	1.0	0.9811278036397096	0.9961636145040196	0.9867438697654675	0.9922514386264638	0.9866408978759637	0.9934065327803944	0.9943088143071523	0.9895754042073404	0.9859965168598634	0.9733967489908136
0.988807472276673	0.9894402743952182	0.9915739720456002	0.9902521249986644	0.9921744988785269	0.989387501521658	0.9845008459848628	0.9894866312891082	0.9917474584016119	0.993271446140612	0.9852524487395407	0.974692393951461	0.9904112983770124	0.9935910239947908	0.9904080542742248	0.9933114240751787	0.9919896930924187	0.9915756113084827	0.9904623248599211	0.9815859402769581	0.988109052079963	0.9811278036397096	1.0	0.9779413071682447	0.9726688064756078	0.9799534912482527	0.9733171438657189	0.9796767027760722	0.9803894365128055	0.9763615863457518	0.9732697746251597	0.9848206012725773
0.9741161441307574	0.9750283993369664	0.9772100491411011	0.9759919942198264	0.9777174218208204	0.9756377699283517	0.9700747398449803	0.9756620203533705	0.9773938029939208	0.9775934917846932	0.9702635585381276	0.9832397355296427	0.9793397075815076	0.9769164924535658	0.9760970781003313	0.9772998795259455	0.9770009051952316	0.9759454139322379	0.9755977602123237	0.9647055307754628	0.9761612509219209	0.9961636145040196	0.9779413071682447	1.0	0.9828196673964605	0.9895834521644686	0.9830641584033855	0.990901173709837	0.9918075043965905	0.9868555238608778	0.9833987766872472	0.9708425644312503
0.970064788589488	0.96911743659821	0.9721331753650142	0.9705627565381848	0.9707160415106191	0.9694677847182104	0.9688207821375002	0.9696706409037614	0.9712548276078193	0.9728359956914454	0.9695089918112294	0.9823239064618287	0.973128808562842	0.9700541742397143	0.9728126233351623	0.9721541203973738	0.971503050419082	0.9698149440577347	0.9729837338107262	0.9316449850730097	0.9698610636776951	0.9867438697654675	0.9726688064756078	0.9828196673964605	1.0	0.9834414673844397	0.9820089043482698	0.9836505259471803	0.9847146876468957	0.9818941879251006	0.9810338655090254	0.9712068514672416
0.9743429830915379	0.9754836644396405	0.978159660772071	0.9775658595630807	0.9781914155549155	0.9763229104051755	0.9706358134902557	0.9761444528285592	0.9788950910099065	0.9786725204274666	0.971126055848948	0.9857409372722316	0.9802847735210777	0.9777982835248423	0.9776250382169831	0.9786054311579518	0.9779682256290835	0.9768517802587355	0.9774058573617285	0.9649730685390396	0.977361868321257	0.9922514386264638	0.9799534912482527	0.9895834521644686	0.9834414673844397	1.0	0.984280121741316	0.9909957488907087	0.9915982455079597	0.9881059841544988	0.9855141944201826	0.9715101879435485
0.9712094860765919	0.970734045385744	0.9727474333240005	0.9718236057048095	0.9721119993286389	0.9714456015765082	0.9671056178057988	0.9709662382793707	0.9718844284617996	0.972596477426964	0.96632679601529	0.984017770979208	0.974584840166007	0.9714463010999768	0.9725739105704244	0.9724649942993775	0.9718594726090111	0.9708927458093383	0.9733468166880638	0.9585640760292913	0.9712386731392836	0.9866408978759637	0.9733171438657189	0.9830641584033855	0.9820089043482698	0.984280121741316	1.0	0.9875236411586015	0.985613426906578	0.9826676547633586	0.9805769025045734	0.9665203686852186
0.975032555060833	0.9754262660900817	0.9779408074900112	0.9770149725450117	0.9780353358519297	0.9767779744662356	0.9709439885370451	0.9761963362417623	0.9784939005663776	0.9790244526232923	0.971343275351321	0.985058830969593	0.9804202498801731	0.977873271614453	0.9773586320311879	0.9784865352179422	0.9776890691048823	0.977128679467312	0.9768996904612429	0.9661667109698874	0.9774597500335096	0.9934065327803944	0.9796767027760722	0.990901173709837	0.9836505259471803	0.9909957488907087	0.9875236411586015	1.0	0.9923191325255613	0.9875615708597827	0.9850558332296879	0.9719371208447322
0.9751483711896863	0.9763063677567421	0.9791151997869545	0.9785380188736073	0.9789638534129489	0.9772389301414318	0.9711202616767207	0.976781142752272	0.9791533022360532	0.9791432324003261	0.9715028366329335	0.985688624806278	0.9810868406645596	0.9779560141789891	0.9777834676312646	0.9794236413015857	0.9786337817430629	0.9775543113731012	0.9774140507763042	0.9660012404540933	0.9779619845086074	0.9943088143071523	0.9803894365128055	0.9918075043965905	0.9847146876468957	0.9915982455079597	0.985613426906578	0.9923191325255613	1.0	0.9881052437892107	0.9855990252913387	0.971606273722961
0.9733402115830174	0.9740445082476317	0.9755450164631241	0.9745954233780013	0.9756538002515935	0.9745072989335389	0.9698383303923922	0.9743656735169773	0.9753912949648156	0.9760291320920461	0.9699185140601649	0.9841926354674436	0.9776445052895151	0.9749897571252262	0.9752020598879507	0.9754474008011235	0.9753741977409658	0.9740228624353171	0.9753616470791261	0.9610888645521971	0.9746341709993921	0.9895754042073404	0.9763615863457518	0.9868555238608778	0.9818941879251006	0.9881059841544988	0.9826676547633586	0.9875615708597827	0.9881052437892107	1.0	0.9813129168365851	0.969008198996627
0.9689426602776816	0.9690276433079191	0.9714096931670743	0.96966480174242	0.9710714481500876	0.9700756908022313	0.9655544555144696	0.9688712488577728	0.9709644066684807	0.9717229071053185	0.9662876362104972	0.9810402099294958	0.9734259116067376	0.9708841711686241	0.9710521459818015	0.9713556494320467	0.9708028815543165	0.9700362156006473	0.9706699580440449	0.9623648997374258	0.9702191530934429	0.9859965168598634	0.9732697746251597	0.9833987766872472	0.9810338655090254	0.9855141944201826	0.9805769025045734	0.9850558332296879	0.9855990252913387	0.9813129168365851	1.0	0.9665471669449467
0.9848361253716706	0.9833092504955907	0.9852232745880853	0.9851370582089028	0.9859972507966295	0.9840455638827059	0.981080401740623	0.9845961033126968	0.985837006374152	0.9884161450519299	0.9831861072124644	0.9677778402593233	0.9841527304403886	0.9872104192498664	0.9908224555689206	0.9861992253469773	0.9862775418523575	0.9850734819838016	0.9848883621918931	0.9674312073334043	0.9811101174105192	0.9733967489908136	0.9848206012725773	0.9708425644312503	0.9712068514672416	0.9715101879435485	0.9665203686852186	0.9719371208447322	0.971606273722961	0.969008198996627	0.9665471669449467	1.0
