/home/jshaw/scratch/2022_sketched_distance/references/SGB_genome_fastas_part1_redo/1624/BackhedF_2015__SID577_12M__bin.7.fa	/home/jshaw/scratch/2022_sketched_distance/references/SGB_genome_fastas_part1_redo/1624/BritoIL_2016__W2.35.ST__bin.26.fa	/home/jshaw/scratch/2022_sketched_distance/references/SGB_genome_fastas_part1_redo/1624/BritoIL_2016__WL.35.ST__bin.11.fa	/home/jshaw/scratch/2022_sketched_distance/references/SGB_genome_fastas_part1_redo/1624/CM_madagascar__A29_01_1FE__bin.15.fa	/home/jshaw/scratch/2022_sketched_distance/references/SGB_genome_fastas_part1_redo/1624/CM_madagascar__A75_02_1FE__bin.76.fa	/home/jshaw/scratch/2022_sketched_distance/references/SGB_genome_fastas_part1_redo/1624/CM_madagascar__V07_01_2FE__bin.6.fa	/home/jshaw/scratch/2022_sketched_distance/references/SGB_genome_fastas_part1_redo/1624/CosteaPI_2017__SID713A023-11-90-0__bin.81.fa	/home/jshaw/scratch/2022_sketched_distance/references/SGB_genome_fastas_part1_redo/1624/CosteaPI_2017__SID713A051-11-0-0__bin.32.fa	/home/jshaw/scratch/2022_sketched_distance/references/SGB_genome_fastas_part1_redo/1624/CosteaPI_2017__SID713B026-11-0-0__bin.34.fa	/home/jshaw/scratch/2022_sketched_distance/references/SGB_genome_fastas_part1_redo/1624/CosteaPI_2017__SID713B026-11-90-0__bin.4.fa	/home/jshaw/scratch/2022_sketched_distance/references/SGB_genome_fastas_part1_redo/1624/DavidLA_2015__LD-Run2-12__bin.11.fa	/home/jshaw/scratch/2022_sketched_distance/references/SGB_genome_fastas_part1_redo/1624/DavidLA_2015__LD-Run2-22__bin.1.fa	/home/jshaw/scratch/2022_sketched_distance/references/SGB_genome_fastas_part1_redo/1624/DavidLA_2015__LD-Run2-29__bin.1.fa	/home/jshaw/scratch/2022_sketched_distance/references/SGB_genome_fastas_part1_redo/1624/LeChatelierE_2013__MH0126__bin.42.fa	/home/jshaw/scratch/2022_sketched_distance/references/SGB_genome_fastas_part1_redo/1624/LiuW_2016__SRR3993055__bin.131.fa	/home/jshaw/scratch/2022_sketched_distance/references/SGB_genome_fastas_part1_redo/1624/NielsenHB_2014__MH0126__bin.29.fa	/home/jshaw/scratch/2022_sketched_distance/references/SGB_genome_fastas_part1_redo/1624/NielsenHB_2014__V1_UC21_0__bin.11.fa	/home/jshaw/scratch/2022_sketched_distance/references/SGB_genome_fastas_part1_redo/1624/NielsenHB_2014__V1_UC21_4__bin.66.fa	/home/jshaw/scratch/2022_sketched_distance/references/SGB_genome_fastas_part1_redo/1624/QinJ_2012__T2D-006__bin.30.fa	/home/jshaw/scratch/2022_sketched_distance/references/SGB_genome_fastas_part1_redo/1624/QinN_2014__HD-60__bin.35.fa	/home/jshaw/scratch/2022_sketched_distance/references/SGB_genome_fastas_part1_redo/1624/QinN_2014__HD-62__bin.43.fa	/home/jshaw/scratch/2022_sketched_distance/references/SGB_genome_fastas_part1_redo/1624/RampelliS_2015__H16__bin.38.fa	/home/jshaw/scratch/2022_sketched_distance/references/SGB_genome_fastas_part1_redo/1624/VatanenT_2016__G78887__bin.6.fa	/home/jshaw/scratch/2022_sketched_distance/references/SGB_genome_fastas_part1_redo/1624/YuJ_2015__SZAXPI015215-20__bin.66.fa	/home/jshaw/scratch/2022_sketched_distance/references/SGB_genome_fastas_part1_redo/1624/ZeeviD_2015__PNP_Main_213__bin.65.fa	/home/jshaw/scratch/2022_sketched_distance/references/SGB_genome_fastas_part1_redo/1624/ZeeviD_2015__PNP_Main_379__bin.11.fa	/home/jshaw/scratch/2022_sketched_distance/references/SGB_genome_fastas_part1_redo/1624/ZeeviD_2015__PNP_Main_443__bin.22.fa
1.0	0.9646734486232778	0.9683771618943309	0.971255912210819	0.9669893722006853	0.9691708177830748	0.972707211927309	0.970869150454665	0.9754126219318613	0.9661887356633231	0.9638840843427913	0.963130387994666	0.9666251181879776	0.9731748497918916	0.9672221656391455	0.9717977733119337	0.9741039591884775	0.9678694400982981	0.9685976818568313	0.9714518378903293	0.9680733430143056	0.9693269931904883	0.9710582689884549	0.9682282570030292	0.9675592226980007	0.9761318486621771	0.9740099166643803
0.9646734486232778	1.0	0.9703239998938741	0.966918442214398	0.9615129670156201	0.9666648062405986	0.9610649432840249	0.945565414227974	0.9656366435984458	0.9443351353075132	0.962133205133603	0.9549962151961299	0.9614955946161379	0.9589047441873908	0.9569822332416493	0.9568671185965638	0.96285068237843	0.9473844205869161	0.9616894991115299	0.9676315097378179	0.9698288499613669	0.9651633040770918	0.9596043371499428	0.9624484258076484	0.9580885281224679	0.9652804464101662	0.9638716692937609
0.9683771618943309	0.9703239998938741	1.0	0.9684482717172886	0.965336157186022	0.9669157578584263	0.9647056117630857	0.9623946468433496	0.9678324671692724	0.9599539047945256	0.9656364829579037	0.9606339349344685	0.9671342992279252	0.9628385083251714	0.9595484127053779	0.9618534392797031	0.9644683368414634	0.9576762850925672	0.9651874439446947	0.9696472340776036	0.9651751553225734	0.9656533711685911	0.9622640333978877	0.9642841938322321	0.9599674399123759	0.9692509033846582	0.9640203432726835
0.971255912210819	0.966918442214398	0.9684482717172886	1.0	0.9725209751872872	0.9759898121758117	0.9676743482028016	0.9663194177825021	0.9729799021496862	0.9633423627052287	0.965048743676219	0.9679477513655442	0.9687954972542367	0.9668313836055944	0.9635530796177721	0.9659582898786083	0.9696342256626849	0.9634011910305835	0.9695881433294058	0.9733039469477636	0.9728879805512769	0.9722945878073668	0.9672165227103809	0.9679795955821509	0.9641318101480036	0.9704763242980331	0.9702111852526794
0.9669893722006853	0.9615129670156201	0.965336157186022	0.9725209751872872	1.0	0.9716580425933105	0.9629105526072025	0.9620480605488283	0.9669436435308019	0.9578062956646505	0.9642767827335181	0.9652113865151514	0.9665486101816515	0.9626342571926209	0.9617100790699911	0.9617462232807313	0.9653491892049827	0.9592778421165254	0.9638568278554517	0.9677567183448048	0.9673491713829487	0.9670084914716767	0.9630322280738204	0.9640754897455576	0.9601329179637721	0.9664748944169932	0.9655564972814339
0.9691708177830748	0.9666648062405986	0.9669157578584263	0.9759898121758117	0.9716580425933105	1.0	0.9664962576485449	0.9628390883545421	0.9709844440130921	0.9627149336921885	0.965739692329277	0.9662194168716884	0.9686212111893274	0.9645780485456439	0.9625849456857514	0.9639099951313694	0.9682700630782355	0.9613795214160382	0.9670191380884052	0.9709724194696345	0.9694568936433114	0.9701214084428625	0.966381013542768	0.9644781804406827	0.9614186467719766	0.9692139184916312	0.9677307751015064
0.972707211927309	0.9610649432840249	0.9647056117630857	0.9676743482028016	0.9629105526072025	0.9664962576485449	1.0	0.9631880166965834	0.9720667188658638	0.9627797137026606	0.9619408040285198	0.9611628320355861	0.9655407551620081	0.9690908818491217	0.9646147434641231	0.9684309817768525	0.9697754417444351	0.9639500051645228	0.9639765876258266	0.9677633524190143	0.9634248740851279	0.965543203571268	0.9678569947465103	0.9617152295945732	0.9657246343256904	0.9734778795680299	0.9713998862074726
0.970869150454665	0.945565414227974	0.9623946468433496	0.9663194177825021	0.9620480605488283	0.9628390883545421	0.9631880166965834	1.0	0.969157233884761	0.9721702925823007	0.9568412914303481	0.963804359128375	0.9635264251339545	0.967041366678563	0.9603580434808533	0.9653574088000744	0.9687788375295757	0.9731320778093164	0.9634874366234002	0.9651360713736834	0.9584332861240396	0.9616437612378967	0.9668776512974582	0.9602093700367292	0.9601223207677988	0.9673218998086911	0.9679823768985122
0.9754126219318613	0.9656366435984458	0.9678324671692724	0.9729799021496862	0.9669436435308019	0.9709844440130921	0.9720667188658638	0.969157233884761	1.0	0.9895060228272082	0.9644464818233688	0.9663068223909588	0.9677490295479423	0.9720516555457642	0.9684913824044601	0.9710257376663785	0.9768318611354878	0.9715322225374453	0.9688220414731684	0.9718734979033868	0.9697111795330625	0.9701247553545677	0.9731198912272636	0.9672874388620004	0.9675908424563726	0.9735685903652718	0.975656800881336
0.9661887356633231	0.9443351353075132	0.9599539047945256	0.9633423627052287	0.9578062956646505	0.9627149336921885	0.9627797137026606	0.9721702925823007	0.9895060228272082	1.0	0.9573389081687872	0.9638344058997814	0.9634761948139127	0.964955096137602	0.959782821843154	0.9649733547060222	0.9687883614276138	0.9736698813610201	0.9610588078638008	0.9609583353433313	0.956265989496255	0.9599992970216018	0.9672757365814673	0.9573245120733387	0.9611490577311844	0.9631218678250135	0.9667442479329704
0.9638840843427913	0.962133205133603	0.9656364829579037	0.965048743676219	0.9642767827335181	0.965739692329277	0.9619408040285198	0.9568412914303481	0.9644464818233688	0.9573389081687872	1.0	0.9670417898021145	0.9717362199131426	0.9594539818123343	0.9602760736548624	0.9584264592459653	0.9622395881972766	0.9568297683902308	0.9613149154618346	0.9645836202723904	0.9651202490432672	0.9625058229983857	0.9621808028083242	0.9605855078688904	0.960856124935668	0.9660418840660162	0.9622591492748375
0.963130387994666	0.9549962151961299	0.9606339349344685	0.9679477513655442	0.9652113865151514	0.9662194168716884	0.9611628320355861	0.963804359128375	0.9663068223909588	0.9638344058997814	0.9670417898021145	1.0	0.9743301570509856	0.9620876326889183	0.9591890945331669	0.961713082572619	0.9656738152511042	0.9639646208440813	0.9653795681892149	0.9663186817309782	0.9647790448779721	0.9632556632872871	0.9665868811031828	0.9616779703978541	0.9631507153958015	0.9624381316879137	0.9644682901629174
0.9666251181879776	0.9614955946161379	0.9671342992279252	0.9687954972542367	0.9665486101816515	0.9686212111893274	0.9655407551620081	0.9635264251339545	0.9677490295479423	0.9634761948139127	0.9717362199131426	0.9743301570509856	1.0	0.9628250383344567	0.9617414964957287	0.96267140499153	0.9665785856728074	0.9640884323426374	0.9658620487173367	0.9668249766747189	0.966128161973351	0.9666346463351831	0.967638904764788	0.9636352642053494	0.966092964932489	0.9677686763040856	0.9662150154737502
0.9731748497918916	0.9589047441873908	0.9628385083251714	0.9668313836055944	0.9626342571926209	0.9645780485456439	0.9690908818491217	0.967041366678563	0.9720516555457642	0.964955096137602	0.9594539818123343	0.9620876326889183	0.9628250383344567	1.0	0.9638412346930919	0.9942305270270833	0.9714816560276939	0.9670691835102436	0.9643902689970332	0.9671002340735312	0.9632965191345165	0.966076096453759	0.968343464369962	0.9622835295294133	0.9667405359608215	0.970874792910441	0.9705948169499391
0.9672221656391455	0.9569822332416493	0.9595484127053779	0.9635530796177721	0.9617100790699911	0.9625849456857514	0.9646147434641231	0.9603580434808533	0.9684913824044601	0.959782821843154	0.9602760736548624	0.9591890945331669	0.9617414964957287	0.9638412346930919	1.0	0.9622522414136714	0.9688435451889794	0.9633732685182729	0.959752774666471	0.9634194488361921	0.9615386255165506	0.9611935633136114	0.9682643220624428	0.9598024789234249	0.9617519393864894	0.9665706523615044	0.9678971225600065
0.9717977733119337	0.9568671185965638	0.9618534392797031	0.9659582898786083	0.9617462232807313	0.9639099951313694	0.9684309817768525	0.9653574088000744	0.9710257376663785	0.9649733547060222	0.9584264592459653	0.961713082572619	0.96267140499153	0.9942305270270833	0.9622522414136714	1.0	0.9703511386069903	0.9659449125547673	0.963004374911449	0.9654645706086654	0.9618091458886329	0.9654700072517011	0.9674365301849442	0.9601236560491495	0.9665045258509006	0.9696893753274796	0.9691115841092159
0.9741039591884775	0.96285068237843	0.9644683368414634	0.9696342256626849	0.9653491892049827	0.9682700630782355	0.9697754417444351	0.9687788375295757	0.9768318611354878	0.9687883614276138	0.9622395881972766	0.9656738152511042	0.9665785856728074	0.9714816560276939	0.9688435451889794	0.9703511386069903	1.0	0.9930332934087015	0.9670132950915403	0.9687238365656866	0.9666692796126389	0.9676652673041516	0.9759379052604676	0.9647995537653441	0.9664258877368253	0.9725985926726862	0.9756597379554133
0.9678694400982981	0.9473844205869161	0.9576762850925672	0.9634011910305835	0.9592778421165254	0.9613795214160382	0.9639500051645228	0.9731320778093164	0.9715322225374453	0.9736698813610201	0.9568297683902308	0.9639646208440813	0.9640884323426374	0.9670691835102436	0.9633732685182729	0.9659449125547673	0.9930332934087015	1.0	0.9613055565503367	0.9619104029071838	0.9582079044241998	0.9604393821988279	0.973033529103166	0.9588914836915199	0.9610996577241296	0.9663242060281376	0.97036675218531
0.9685976818568313	0.9616894991115299	0.9651874439446947	0.9695881433294058	0.9638568278554517	0.9670191380884052	0.9639765876258266	0.9634874366234002	0.9688220414731684	0.9610588078638008	0.9613149154618346	0.9653795681892149	0.9658620487173367	0.9643902689970332	0.959752774666471	0.963004374911449	0.9670132950915403	0.9613055565503367	1.0	0.9823824954341722	0.9672943093393175	0.9666708218862421	0.9644457318455029	0.9786638855774616	0.9630324130782978	0.9656270046551113	0.967806174994663
0.9714518378903293	0.9676315097378179	0.9696472340776036	0.9733039469477636	0.9677567183448048	0.9709724194696345	0.9677633524190143	0.9651360713736834	0.9718734979033868	0.9609583353433313	0.9645836202723904	0.9663186817309782	0.9668249766747189	0.9671002340735312	0.9634194488361921	0.9654645706086654	0.9687238365656866	0.9619104029071838	0.9823824954341722	1.0	0.970753196434074	0.9693367457045661	0.9662948164858207	0.9796243478390181	0.9639113543975162	0.9704386699519503	0.9693194858632412
0.9680733430143056	0.9698288499613669	0.9651751553225734	0.9728879805512769	0.9673491713829487	0.9694568936433114	0.9634248740851279	0.9584332861240396	0.9697111795330625	0.956265989496255	0.9651202490432672	0.9647790448779721	0.966128161973351	0.9632965191345165	0.9615386255165506	0.9618091458886329	0.9666692796126389	0.9582079044241998	0.9672943093393175	0.970753196434074	1.0	0.9685829541946575	0.9643802057103592	0.9658141758844923	0.9615213023685938	0.9677239677561379	0.9670095523654809
0.9693269931904883	0.9651633040770918	0.9656533711685911	0.9722945878073668	0.9670084914716767	0.9701214084428625	0.965543203571268	0.9616437612378967	0.9701247553545677	0.9599992970216018	0.9625058229983857	0.9632556632872871	0.9666346463351831	0.966076096453759	0.9611935633136114	0.9654700072517011	0.9676652673041516	0.9604393821988279	0.9666708218862421	0.9693367457045661	0.9685829541946575	1.0	0.9658837413800894	0.965634341720454	0.9626189264177428	0.9675939410507727	0.9675156639961274
0.9710582689884549	0.9596043371499428	0.9622640333978877	0.9672165227103809	0.9630322280738204	0.966381013542768	0.9678569947465103	0.9668776512974582	0.9731198912272636	0.9672757365814673	0.9621808028083242	0.9665868811031828	0.967638904764788	0.968343464369962	0.9682643220624428	0.9674365301849442	0.9759379052604676	0.973033529103166	0.9644457318455029	0.9662948164858207	0.9643802057103592	0.9658837413800894	1.0	0.9611300393474963	0.9649189094414021	0.9704475807763385	0.9717649919205065
0.9682282570030292	0.9624484258076484	0.9642841938322321	0.9679795955821509	0.9640754897455576	0.9644781804406827	0.9617152295945732	0.9602093700367292	0.9672874388620004	0.9573245120733387	0.9605855078688904	0.9616779703978541	0.9636352642053494	0.9622835295294133	0.9598024789234249	0.9601236560491495	0.9647995537653441	0.9588914836915199	0.9786638855774616	0.9796243478390181	0.9658141758844923	0.965634341720454	0.9611300393474963	1.0	0.962756602289407	0.9650027145104345	0.9657108688585214
0.9675592226980007	0.9580885281224679	0.9599674399123759	0.9641318101480036	0.9601329179637721	0.9614186467719766	0.9657246343256904	0.9601223207677988	0.9675908424563726	0.9611490577311844	0.960856124935668	0.9631507153958015	0.966092964932489	0.9667405359608215	0.9617519393864894	0.9665045258509006	0.9664258877368253	0.9610996577241296	0.9630324130782978	0.9639113543975162	0.9615213023685938	0.9626189264177428	0.9649189094414021	0.962756602289407	1.0	0.9658625831541635	0.9673972604288407
0.9761318486621771	0.9652804464101662	0.9692509033846582	0.9704763242980331	0.9664748944169932	0.9692139184916312	0.9734778795680299	0.9673218998086911	0.9735685903652718	0.9631218678250135	0.9660418840660162	0.9624381316879137	0.9677686763040856	0.970874792910441	0.9665706523615044	0.9696893753274796	0.9725985926726862	0.9663242060281376	0.9656270046551113	0.9704386699519503	0.9677239677561379	0.9675939410507727	0.9704475807763385	0.9650027145104345	0.9658625831541635	1.0	0.9737870273722796
0.9740099166643803	0.9638716692937609	0.9640203432726835	0.9702111852526794	0.9655564972814339	0.9677307751015064	0.9713998862074726	0.9679823768985122	0.975656800881336	0.9667442479329704	0.9622591492748375	0.9644682901629174	0.9662150154737502	0.9705948169499391	0.9678971225600065	0.9691115841092159	0.9756597379554133	0.97036675218531	0.967806174994663	0.9693194858632412	0.9670095523654809	0.9675156639961274	0.9717649919205065	0.9657108688585214	0.9673972604288407	0.9737870273722796	1.0
