/home/jshaw/scratch/2022_sketched_distance/references/SGB_genome_fastas_part1_redo/1822/ChengpingW_2017__AS78raw__bin.58.fa	/home/jshaw/scratch/2022_sketched_distance/references/SGB_genome_fastas_part1_redo/1822/CosteaPI_2017__halbarad-11-0-0__bin.28.fa	/home/jshaw/scratch/2022_sketched_distance/references/SGB_genome_fastas_part1_redo/1822/CosteaPI_2017__halbarad-11-392-0__bin.44.fa	/home/jshaw/scratch/2022_sketched_distance/references/SGB_genome_fastas_part1_redo/1822/CosteaPI_2017__halbarad-11-7-0__bin.2.fa	/home/jshaw/scratch/2022_sketched_distance/references/SGB_genome_fastas_part1_redo/1822/CosteaPI_2017__halbarad-11-773-0__bin.26.fa	/home/jshaw/scratch/2022_sketched_distance/references/SGB_genome_fastas_part1_redo/1822/LeChatelierE_2013__MH0004__bin.14.fa	/home/jshaw/scratch/2022_sketched_distance/references/SGB_genome_fastas_part1_redo/1822/LeChatelierE_2013__MH0093__bin.3.fa	/home/jshaw/scratch/2022_sketched_distance/references/SGB_genome_fastas_part1_redo/1822/LeChatelierE_2013__MH0125__bin.9.fa	/home/jshaw/scratch/2022_sketched_distance/references/SGB_genome_fastas_part1_redo/1822/LeChatelierE_2013__MH0129__bin.41.fa	/home/jshaw/scratch/2022_sketched_distance/references/SGB_genome_fastas_part1_redo/1822/LeChatelierE_2013__MH0288__bin.80.fa	/home/jshaw/scratch/2022_sketched_distance/references/SGB_genome_fastas_part1_redo/1822/LeChatelierE_2013__MH0438__bin.46.fa	/home/jshaw/scratch/2022_sketched_distance/references/SGB_genome_fastas_part1_redo/1822/LeChatelierE_2013__MH0440__bin.73.fa	/home/jshaw/scratch/2022_sketched_distance/references/SGB_genome_fastas_part1_redo/1822/LiJ_2014__V1.FI02__bin.5.fa	/home/jshaw/scratch/2022_sketched_distance/references/SGB_genome_fastas_part1_redo/1822/NielsenHB_2014__MH0004__bin.10.fa	/home/jshaw/scratch/2022_sketched_distance/references/SGB_genome_fastas_part1_redo/1822/NielsenHB_2014__MH0093__bin.7.fa	/home/jshaw/scratch/2022_sketched_distance/references/SGB_genome_fastas_part1_redo/1822/NielsenHB_2014__MH0125__bin.30.fa	/home/jshaw/scratch/2022_sketched_distance/references/SGB_genome_fastas_part1_redo/1822/NielsenHB_2014__MH0129__bin.37.fa	/home/jshaw/scratch/2022_sketched_distance/references/SGB_genome_fastas_part1_redo/1822/NielsenHB_2014__O2_UC55_2__bin.28.fa	/home/jshaw/scratch/2022_sketched_distance/references/SGB_genome_fastas_part1_redo/1822/NielsenHB_2014__V1_CD19_0__bin.21.fa	/home/jshaw/scratch/2022_sketched_distance/references/SGB_genome_fastas_part1_redo/1822/NielsenHB_2014__V1_UC50_1__bin.69.fa	/home/jshaw/scratch/2022_sketched_distance/references/SGB_genome_fastas_part1_redo/1822/QinJ_2012__T2D-099__bin.75.fa	/home/jshaw/scratch/2022_sketched_distance/references/SGB_genome_fastas_part1_redo/1822/SchirmerM_2016__G88802__bin.17.fa	/home/jshaw/scratch/2022_sketched_distance/references/SGB_genome_fastas_part1_redo/1822/VogtmannE_2016__MMRS79893829ST-27-0-0__bin.10.fa	/home/jshaw/scratch/2022_sketched_distance/references/SGB_genome_fastas_part1_redo/1822/XieH_2016__YSZC12003_35551__bin.42.fa	/home/jshaw/scratch/2022_sketched_distance/references/SGB_genome_fastas_part1_redo/1822/XieH_2016__YSZC12003_37204__bin.17.fa	/home/jshaw/scratch/2022_sketched_distance/references/SGB_genome_fastas_part1_redo/1822/XieH_2016__YSZC12003_37348__bin.16.fa	/home/jshaw/scratch/2022_sketched_distance/references/SGB_genome_fastas_part1_redo/1822/YuJ_2015__SZAXPI015261-75__bin.23.fa	/home/jshaw/scratch/2022_sketched_distance/references/SGB_genome_fastas_part1_redo/1822/ZeeviD_2015__PNP_Main_226__bin.34.fa	/home/jshaw/scratch/2022_sketched_distance/references/SGB_genome_fastas_part1_redo/1822/ZeeviD_2015__PNP_Main_22__bin.34.fa	/home/jshaw/scratch/2022_sketched_distance/references/SGB_genome_fastas_part1_redo/1822/ZeeviD_2015__PNP_Main_261__bin.11.fa	/home/jshaw/scratch/2022_sketched_distance/references/SGB_genome_fastas_part1_redo/1822/ZeeviD_2015__PNP_Main_304__bin.37.fa	/home/jshaw/scratch/2022_sketched_distance/references/SGB_genome_fastas_part1_redo/1822/ZeeviD_2015__PNP_Main_506__bin.26.fa	/home/jshaw/scratch/2022_sketched_distance/references/SGB_genome_fastas_part1_redo/1822/ZeeviD_2015__PNP_Main_586__bin.39.fa	/home/jshaw/scratch/2022_sketched_distance/references/SGB_genome_fastas_part1_redo/1822/ZeeviD_2015__PNP_Validation_7__bin.62.fa	/home/jshaw/scratch/2022_sketched_distance/references/SGB_genome_fastas_part1_redo/1822/ZellerG_2014__CCIS38765456ST-20-0__bin.4.fa	/home/jshaw/scratch/2022_sketched_distance/references/SGB_genome_fastas_part1_redo/1822/ZellerG_2014__MMPU68403337ST__bin.53.fa
1.0	0.9747749043232913	0.9759181778529924	0.9760358700770677	0.9737094314656385	0.9734264701236519	0.9698080649563565	0.9749939190341818	0.9689841945173747	0.9748093665821344	0.9740249225605979	0.9675615100655941	0.973883017036225	0.9725351230731202	0.9649757595390921	0.9720622833713212	0.9656569742183737	0.9702998770088599	0.9731001403662327	0.9747266338820499	0.975149406253102	0.9685578252996664	0.9759697316690474	0.973850606868755	0.9675208816198222	0.9690554720851167	0.9759697104487182	0.9700008385347407	0.9723596254787195	0.9699868980421162	0.9728066750119679	0.9708375318225029	0.9741400940517363	0.972434547753754	0.9738337288071419	0.9722505317739938
0.9747749043232913	1.0	0.9960672486167726	0.9963265831733796	0.9930460353943437	0.9741318215084258	0.9707487705711835	0.9751042717605677	0.9693927253408811	0.9759933655503917	0.9736928009268271	0.966849766339728	0.9730974278848539	0.9736608468261867	0.9657254356963688	0.9729015092863139	0.9655243398566942	0.9695009063015405	0.9709055129101458	0.9757174691056831	0.9741617588601575	0.9697303552050351	0.9734420603131844	0.9745656906516736	0.9688737349626132	0.9684878441576081	0.9742892173609443	0.967076310188819	0.9741132248406841	0.9707374403819621	0.9711178906843987	0.9693105397272136	0.9745819863445945	0.9738593361631851	0.9746830875905748	0.9920452929116712
0.9759181778529924	0.9960672486167726	1.0	0.9984833647323431	0.9957500642994951	0.9753409640879538	0.9700221036760015	0.9765507984487544	0.9692899999178707	0.9766578984902597	0.9746634950839972	0.9682846970622148	0.9744190933302569	0.974808642027632	0.9680489035589218	0.9745419441157215	0.9669053604042321	0.9701638290984582	0.9718108682436815	0.9768683632250682	0.9757209498094327	0.9711353519989118	0.9738296212852631	0.9766944601588002	0.969079708726387	0.9682083313140075	0.976054676732738	0.969769306083828	0.9754439000033318	0.9711248853013694	0.9727015005184988	0.9694767794249934	0.9756377253275798	0.9753257079957772	0.9744169181125022	0.9950450603328991
0.9760358700770677	0.9963265831733796	0.9984833647323431	1.0	0.9958393219947178	0.9754155724014276	0.9696898692564261	0.9763979161366466	0.9691245693112477	0.9766926392299474	0.9745358319828515	0.9679626836171801	0.9740170596129862	0.9745041373943885	0.967239707731711	0.9739300100051417	0.966267221308822	0.9696637185095592	0.9712198901789928	0.9768197034999614	0.9750430935513226	0.9712385279599661	0.9738126093583276	0.9763695818325157	0.968230664625316	0.9684384004129606	0.9757927983125808	0.9693036158472733	0.975036021880234	0.9708438513212491	0.9724692708538399	0.9696191969842077	0.975625535572459	0.9753239206175356	0.9742673747480307	0.995505810885654
0.9737094314656385	0.9930460353943437	0.9957500642994951	0.9958393219947178	1.0	0.9726122550548991	0.9671835026701745	0.9737574019988647	0.9658380297522104	0.9745132881931285	0.9740776977698227	0.97119847957081	0.975012691395687	0.9730938929036418	0.9684992254237369	0.9743398894860406	0.9671153422296934	0.9714101028460707	0.9670985313407324	0.9744955471924753	0.9754551282383996	0.9722784899572692	0.971430170040641	0.9745540954507615	0.9707218073881447	0.9645480271979036	0.9737883703020564	0.969513248571417	0.9743871858464355	0.968926512951646	0.972375181930971	0.9653430199657633	0.9727030456483803	0.9730480789671576	0.9715437329610533	0.9972341526767656
0.9734264701236519	0.9741318215084258	0.9753409640879538	0.9754155724014276	0.9726122550548991	1.0	0.9740401391006986	0.9799732784183747	0.9723027409601458	0.9830056604280794	0.9804489217620488	0.9685778730223702	0.972299135039489	0.9982853847173392	0.9728945065012022	0.9777927474780733	0.9714314228051155	0.9682286182606269	0.969109258617571	0.9806506943481372	0.9729882423132582	0.9717507691401801	0.9731055611916437	0.9792143333241591	0.9733763083651283	0.9735716663746059	0.9728868433689563	0.9668075908967331	0.9782103811296066	0.9755411914713866	0.974264966430811	0.9713219165306903	0.980462139562813	0.978798605849264	0.9781995659187218	0.9715995028426552
0.9698080649563565	0.9707487705711835	0.9700221036760015	0.9696898692564261	0.9671835026701745	0.9740401391006986	1.0	0.975244110059965	0.9745824872476336	0.9774694789351458	0.9726665624206134	0.9627502578831865	0.9657742999487358	0.9734752006861295	0.9834660168081765	0.9728640738596885	0.9660640612298343	0.9686503435822887	0.9703415651259775	0.9748980973997425	0.968879619924066	0.9666592332577112	0.9692238869821721	0.9736510807939802	0.9675955978695963	0.9711486642644993	0.9693826059931899	0.9626427444338352	0.9729599647628059	0.9734483524986247	0.9698392608798264	0.9702782853829741	0.976609967642885	0.9734082088741398	0.9765302568834138	0.9661736964719333
0.9749939190341818	0.9751042717605677	0.9765507984487544	0.9763979161366466	0.9737574019988647	0.9799732784183747	0.975244110059965	1.0	0.9729536846481304	0.981101949832405	0.9810011313668828	0.9698281762068854	0.9735097977102017	0.9792974623330214	0.9737204783796272	0.9962514986331593	0.97264868578276	0.970217880914468	0.9695865911372991	0.9820611150579321	0.9747868691860506	0.9742241129831399	0.974681101548828	0.9798812249521901	0.9733827580060342	0.973757280100166	0.9745953666140706	0.9694205898110925	0.9790587605483436	0.9756953189514913	0.9752567548560955	0.9727989307616864	0.9804921337298319	0.9798802304015924	0.9799679586452347	0.9727853847316891
0.9689841945173747	0.9693927253408811	0.9692899999178707	0.9691245693112477	0.9658380297522104	0.9723027409601458	0.9745824872476336	0.9729536846481304	1.0	0.9746992313398192	0.9738444927228821	0.9613007272043373	0.9648261605920239	0.9714964007350877	0.9626745357435629	0.9702774463612476	0.9793040857678964	0.9628718381489885	0.9689761256583931	0.9746755756400525	0.9669221120136663	0.9638962109661892	0.9691259380794137	0.9710722290278165	0.9661131218013392	0.9727842414608407	0.9673108530099201	0.9590821164586659	0.9719506771077935	0.9736484320751956	0.968635704255666	0.970984280660496	0.9769143635913261	0.9729581964355057	0.9726813313448358	0.9647889592351203
0.9748093665821344	0.9759933655503917	0.9766578984902597	0.9766926392299474	0.9745132881931285	0.9830056604280794	0.9774694789351458	0.981101949832405	0.9746992313398192	1.0	0.9821565350748654	0.9712002378174279	0.9735153032298445	0.9823372050786281	0.975949709878719	0.9786925673301676	0.9746149224852052	0.9713385554397898	0.9712770187176141	0.9824889345276709	0.9748284250294075	0.973866302900445	0.9754478040986613	0.9814367350472365	0.9759074106745138	0.975267664096883	0.974588108214077	0.9687845112735635	0.9805007514323051	0.9771784303300778	0.9752902312257888	0.973828116834434	0.981563557217758	0.9799027352406134	0.9797421191947554	0.9734211446140251
0.9740249225605979	0.9736928009268271	0.9746634950839972	0.9745358319828515	0.9740776977698227	0.9804489217620488	0.9726665624206134	0.9810011313668828	0.9738444927228821	0.9821565350748654	1.0	0.972574264247437	0.9736925355040216	0.9798851718180884	0.9735724894537886	0.9802599884129669	0.9751121958233608	0.9693639106994373	0.9683663711473982	0.9814762340942738	0.9749986984978619	0.9756218378769579	0.9735544617904618	0.9800455834106522	0.9762387982705658	0.9733501601163341	0.9728271759719961	0.9689330508531857	0.9796510807391265	0.9768110459798803	0.9754243813540039	0.9721617882646797	0.9812973300239368	0.9793180007232135	0.9796604270683722	0.9723476933839775
0.9675615100655941	0.966849766339728	0.9682846970622148	0.9679626836171801	0.97119847957081	0.9685778730223702	0.9627502578831865	0.9698281762068854	0.9613007272043373	0.9712002378174279	0.972574264247437	1.0	0.9696719333183605	0.9688886214593949	0.9665958263840942	0.9709955994323931	0.966033440486244	0.9664626304809406	0.9585443899482465	0.9715800573140592	0.9686495443095381	0.973897507690755	0.966728673094017	0.969947407819767	0.9678518713408365	0.9578739746184983	0.9678781859755561	0.9645411934783342	0.971638653075816	0.9670629425861296	0.9734313867841814	0.967086580360645	0.9701860483312054	0.9707943202912327	0.9689694913753214	0.9713604828682589
0.973883017036225	0.9730974278848539	0.9744190933302569	0.9740170596129862	0.975012691395687	0.972299135039489	0.9657742999487358	0.9735097977102017	0.9648261605920239	0.9735153032298445	0.9736925355040216	0.9696719333183605	1.0	0.97231174183379	0.9682172294761823	0.973933049725449	0.9665319391499017	0.9756883941334836	0.9674034763113324	0.9728140906841359	0.988312801511313	0.9698949367493073	0.9799019023054081	0.9720127524935244	0.9677119237757411	0.9632278688627229	0.9792007574957955	0.9807005328872481	0.9709260940998605	0.9668295198069029	0.9710633395725833	0.9657648824123845	0.9710913768264836	0.9705099811263641	0.9712529621813175	0.9732225478660587
0.9725351230731202	0.9736608468261867	0.974808642027632	0.9745041373943885	0.9730938929036418	0.9982853847173392	0.9734752006861295	0.9792974623330214	0.9714964007350877	0.9823372050786281	0.9798851718180884	0.9688886214593949	0.97231174183379	1.0	0.9728684687318117	0.977825317469946	0.9712351705414148	0.9684913637075785	0.9679215489917867	0.9796285642456549	0.9732532105427214	0.9716310018735232	0.9723966222570881	0.9786050531980932	0.9735079945753919	0.9718166382662083	0.9724745232715252	0.9667267803442551	0.9779994716010416	0.9747108876262566	0.9733918510263451	0.9699194160366695	0.9794376424497651	0.9775394246752098	0.97695734766722	0.9720116018639386
0.9649757595390921	0.9657254356963688	0.9680489035589218	0.967239707731711	0.9684992254237369	0.9728945065012022	0.9834660168081765	0.9737204783796272	0.9626745357435629	0.975949709878719	0.9735724894537886	0.9665958263840942	0.9682172294761823	0.9728684687318117	1.0	0.9755678903596677	0.973696875863337	0.9666780737178919	0.9598114104131126	0.9714451018322086	0.9685160621572135	0.9726469907692059	0.9645542855048586	0.9733424507063885	0.9711531010028315	0.9631392523919782	0.9672549541759969	0.9677491912236156	0.9721292079680273	0.9664469645708953	0.9688262396370896	0.9623221446469342	0.9704417410467899	0.970990702573928	0.9722116776588765	0.9673381412782006
0.9720622833713212	0.9729015092863139	0.9745419441157215	0.9739300100051417	0.9743398894860406	0.9777927474780733	0.9728640738596885	0.9962514986331593	0.9702774463612476	0.9786925673301676	0.9802599884129669	0.9709955994323931	0.973933049725449	0.977825317469946	0.9755678903596677	1.0	0.9738206256971181	0.9704677041561401	0.9656526029570611	0.9797087639193366	0.9746349696692107	0.9755001559246336	0.9718847324281085	0.9775710120024422	0.974263535519033	0.9711922651748196	0.9721621193616693	0.9700776708780493	0.9784756092596607	0.9741998778538666	0.9745426083613302	0.9682905075833396	0.9778832046857115	0.9770875399298735	0.9784286642525023	0.9722784034846894
0.9656569742183737	0.9655243398566942	0.9669053604042321	0.966267221308822	0.9671153422296934	0.9714314228051155	0.9660640612298343	0.97264868578276	0.9793040857678964	0.9746149224852052	0.9751121958233608	0.966033440486244	0.9665319391499017	0.9712351705414148	0.973696875863337	0.9738206256971181	1.0	0.964728814222168	0.9598760151472908	0.9725554398476689	0.9673148807780557	0.9707864128429701	0.965536074010858	0.9712858237858568	0.9712938183887058	0.963449415630493	0.965600928644319	0.9655553663633419	0.9732755389324488	0.9674751641573747	0.9661569476206318	0.9628826803229542	0.9719012451003007	0.9713833363434787	0.9692458316565981	0.9653892682798966
0.9702998770088599	0.9695009063015405	0.9701638290984582	0.9696637185095592	0.9714101028460707	0.9682286182606269	0.9686503435822887	0.970217880914468	0.9628718381489885	0.9713385554397898	0.9693639106994373	0.9664626304809406	0.9756883941334836	0.9684913637075785	0.9666780737178919	0.9704677041561401	0.964728814222168	1.0	0.9671262034615087	0.9688239738381462	0.9766646357071727	0.9675763514763939	0.9742593470246598	0.968600901854173	0.9673870676565045	0.9624018523916763	0.9726860962317916	0.9709911234012049	0.9697894516402066	0.9662401851213567	0.9666023646900759	0.9656469054633301	0.9701960937613812	0.96721806928054	0.9708375687285868	0.9712421847679701
0.9731001403662327	0.9709055129101458	0.9718108682436815	0.9712198901789928	0.9670985313407324	0.969109258617571	0.9703415651259775	0.9695865911372991	0.9689761256583931	0.9712770187176141	0.9683663711473982	0.9585443899482465	0.9674034763113324	0.9679215489917867	0.9598114104131126	0.9656526029570611	0.9598760151472908	0.9671262034615087	1.0	0.97106468909683	0.9693582287602532	0.9607511489438969	0.9715512155651441	0.97041351966053	0.9629149215610123	0.9697842520494123	0.9708067238154195	0.9625370112932575	0.9677324692213691	0.9708942516594711	0.9662494829650254	0.9726103307577929	0.9719643884940652	0.9697410353151947	0.9712940317232608	0.965963235078124
0.9747266338820499	0.9757174691056831	0.9768683632250682	0.9768197034999614	0.9744955471924753	0.9806506943481372	0.9748980973997425	0.9820611150579321	0.9746755756400525	0.9824889345276709	0.9814762340942738	0.9715800573140592	0.9728140906841359	0.9796285642456549	0.9714451018322086	0.9797087639193366	0.9725554398476689	0.9688239738381462	0.97106468909683	1.0	0.9738731754768174	0.9746131944252224	0.9744278954772886	0.9812865328898279	0.9754130155030265	0.9741140232024903	0.9744238547162345	0.9677493191936659	0.9792650246669304	0.9779938669519685	0.97532586885782	0.9739408340075257	0.9846531968803054	0.9816678351965683	0.9801677953928134	0.973631340149977
0.975149406253102	0.9741617588601575	0.9757209498094327	0.9750430935513226	0.9754551282383996	0.9729882423132582	0.968879619924066	0.9747868691860506	0.9669221120136663	0.9748284250294075	0.9749986984978619	0.9686495443095381	0.988312801511313	0.9732532105427214	0.9685160621572135	0.9746349696692107	0.9673148807780557	0.9766646357071727	0.9693582287602532	0.9738731754768174	1.0	0.972062967156584	0.9796216652579955	0.972719341561724	0.9671179814343985	0.9650956205428334	0.9828929208031228	0.9811002663645025	0.972993387656518	0.967916242787328	0.9720968289279885	0.9685137489065613	0.9726052461523929	0.9713638288181554	0.9722890834334497	0.9737447821222989
0.9685578252996664	0.9697303552050351	0.9711353519989118	0.9712385279599661	0.9722784899572692	0.9717507691401801	0.9666592332577112	0.9742241129831399	0.9638962109661892	0.973866302900445	0.9756218378769579	0.973897507690755	0.9698949367493073	0.9716310018735232	0.9726469907692059	0.9755001559246336	0.9707864128429701	0.9675763514763939	0.9607511489438969	0.9746131944252224	0.972062967156584	1.0	0.9682605049517774	0.9728978310770973	0.970127216843894	0.962764695193757	0.9683214704166053	0.9690635560424583	0.9743839269078275	0.9686132035643638	0.9739508508618596	0.973042002524512	0.9718506029972482	0.9723775714423942	0.9707940783300897	0.9715704634898077
0.9759697316690474	0.9734420603131844	0.9738296212852631	0.9738126093583276	0.971430170040641	0.9731055611916437	0.9692238869821721	0.974681101548828	0.9691259380794137	0.9754478040986613	0.9735544617904618	0.966728673094017	0.9799019023054081	0.9723966222570881	0.9645542855048586	0.9718847324281085	0.965536074010858	0.9742593470246598	0.9715512155651441	0.9744278954772886	0.9796216652579955	0.9682605049517774	1.0	0.9733177886207236	0.9669147161111181	0.9680017526086814	0.9795345772981319	0.9739846685370657	0.971096849065446	0.9708325357137662	0.970884650858494	0.971118713879802	0.9742451521319517	0.9723370812472202	0.9733105764085899	0.970027328725781
0.973850606868755	0.9745656906516736	0.9766944601588002	0.9763695818325157	0.9745540954507615	0.9792143333241591	0.9736510807939802	0.9798812249521901	0.9710722290278165	0.9814367350472365	0.9800455834106522	0.969947407819767	0.9720127524935244	0.9786050531980932	0.9733424507063885	0.9775710120024422	0.9712858237858568	0.968600901854173	0.97041351966053	0.9812865328898279	0.972719341561724	0.9728978310770973	0.9733177886207236	1.0	0.9757531302264019	0.9720190273053344	0.974025710281471	0.9674602848179673	0.97845881910035	0.9762591332194119	0.9742400334013884	0.9714412017078626	0.9797712129291828	0.9796677946796095	0.9789197436187043	0.9738947058493183
0.9675208816198222	0.9688737349626132	0.969079708726387	0.968230664625316	0.9707218073881447	0.9733763083651283	0.9675955978695963	0.9733827580060342	0.9661131218013392	0.9759074106745138	0.9762387982705658	0.9678518713408365	0.9677119237757411	0.9735079945753919	0.9711531010028315	0.974263535519033	0.9712938183887058	0.9673870676565045	0.9629149215610123	0.9754130155030265	0.9671179814343985	0.970127216843894	0.9669147161111181	0.9757531302264019	1.0	0.9659109692353268	0.9658240386848685	0.962647674703859	0.9741030450203839	0.9734295598493798	0.9692304774746551	0.9649244382608881	0.9747811776989985	0.9737989321743658	0.9739404970876571	0.9699814885992266
0.9690554720851167	0.9684878441576081	0.9682083313140075	0.9684384004129606	0.9645480271979036	0.9735716663746059	0.9711486642644993	0.973757280100166	0.9727842414608407	0.975267664096883	0.9733501601163341	0.9578739746184983	0.9632278688627229	0.9718166382662083	0.9631392523919782	0.9711922651748196	0.963449415630493	0.9624018523916763	0.9697842520494123	0.9741140232024903	0.9650956205428334	0.962764695193757	0.9680017526086814	0.9720190273053344	0.9659109692353268	1.0	0.9667372713835034	0.9593932695514564	0.9721858348668115	0.973255156827249	0.9698969648651542	0.972793417174422	0.9755783091008543	0.9729352165194959	0.9728734565980858	0.9618965744652321
0.9759697104487182	0.9742892173609443	0.976054676732738	0.9757927983125808	0.9737883703020564	0.9728868433689563	0.9693826059931899	0.9745953666140706	0.9673108530099201	0.974588108214077	0.9728271759719961	0.9678781859755561	0.9792007574957955	0.9724745232715252	0.9672549541759969	0.9721621193616693	0.965600928644319	0.9726860962317916	0.9708067238154195	0.9744238547162345	0.9828929208031228	0.9683214704166053	0.9795345772981319	0.974025710281471	0.9658240386848685	0.9667372713835034	1.0	0.9744807673592462	0.9717901634421569	0.969407365703538	0.972578957529034	0.9697781195660374	0.9736488049511463	0.9728385146052815	0.9725361908727046	0.9727200780925651
0.9700008385347407	0.967076310188819	0.969769306083828	0.9693036158472733	0.969513248571417	0.9668075908967331	0.9626427444338352	0.9694205898110925	0.9590821164586659	0.9687845112735635	0.9689330508531857	0.9645411934783342	0.9807005328872481	0.9667267803442551	0.9677491912236156	0.9700776708780493	0.9655553663633419	0.9709911234012049	0.9625370112932575	0.9677493191936659	0.9811002663645025	0.9690635560424583	0.9739846685370657	0.9674602848179673	0.962647674703859	0.9593932695514564	0.9744807673592462	1.0	0.9673457713529057	0.9629937542966557	0.9674342341370605	0.9604962627600108	0.967117396745988	0.9668395850284182	0.9662168585188757	0.9687542689685784
0.9723596254787195	0.9741132248406841	0.9754439000033318	0.975036021880234	0.9743871858464355	0.9782103811296066	0.9729599647628059	0.9790587605483436	0.9719506771077935	0.9805007514323051	0.9796510807391265	0.971638653075816	0.9709260940998605	0.9779994716010416	0.9721292079680273	0.9784756092596607	0.9732755389324488	0.9697894516402066	0.9677324692213691	0.9792650246669304	0.972993387656518	0.9743839269078275	0.971096849065446	0.97845881910035	0.9741030450203839	0.9721858348668115	0.9717901634421569	0.9673457713529057	1.0	0.9750700275442955	0.9733832501192033	0.9701973219801656	0.9795969606121202	0.9781889878874152	0.9757639300486444	0.9732617202752285
0.9699868980421162	0.9707374403819621	0.9711248853013694	0.9708438513212491	0.968926512951646	0.9755411914713866	0.9734483524986247	0.9756953189514913	0.9736484320751956	0.9771784303300778	0.9768110459798803	0.9670629425861296	0.9668295198069029	0.9747108876262566	0.9664469645708953	0.9741998778538666	0.9674751641573747	0.9662401851213567	0.9708942516594711	0.9779938669519685	0.967916242787328	0.9686132035643638	0.9708325357137662	0.9762591332194119	0.9734295598493798	0.973255156827249	0.969407365703538	0.9629937542966557	0.9750700275442955	1.0	0.9723095445878746	0.9734264298773188	0.9796711419252137	0.9770392525843833	0.9772083457668398	0.9679494251831038
0.9728066750119679	0.9711178906843987	0.9727015005184988	0.9724692708538399	0.972375181930971	0.974264966430811	0.9698392608798264	0.9752567548560955	0.968635704255666	0.9752902312257888	0.9754243813540039	0.9734313867841814	0.9710633395725833	0.9733918510263451	0.9688262396370896	0.9745426083613302	0.9661569476206318	0.9666023646900759	0.9662494829650254	0.97532586885782	0.9720968289279885	0.9739508508618596	0.970884650858494	0.9742400334013884	0.9692304774746551	0.9698969648651542	0.972578957529034	0.9674342341370605	0.9733832501192033	0.9723095445878746	1.0	0.971529587203077	0.9748792516889111	0.9738942321690325	0.9736117340370307	0.9702154253019885
0.9708375318225029	0.9693105397272136	0.9694767794249934	0.9696191969842077	0.9653430199657633	0.9713219165306903	0.9702782853829741	0.9727989307616864	0.970984280660496	0.973828116834434	0.9721617882646797	0.967086580360645	0.9657648824123845	0.9699194160366695	0.9623221446469342	0.9682905075833396	0.9628826803229542	0.9656469054633301	0.9726103307577929	0.9739408340075257	0.9685137489065613	0.973042002524512	0.971118713879802	0.9714412017078626	0.9649244382608881	0.972793417174422	0.9697781195660374	0.9604962627600108	0.9701973219801656	0.9734264298773188	0.971529587203077	1.0	0.9745147868036534	0.9732943650246964	0.9715251663054507	0.9634743508347108
0.9741400940517363	0.9745819863445945	0.9756377253275798	0.975625535572459	0.9727030456483803	0.980462139562813	0.976609967642885	0.9804921337298319	0.9769143635913261	0.981563557217758	0.9812973300239368	0.9701860483312054	0.9710913768264836	0.9794376424497651	0.9704417410467899	0.9778832046857115	0.9719012451003007	0.9701960937613812	0.9719643884940652	0.9846531968803054	0.9726052461523929	0.9718506029972482	0.9742451521319517	0.9797712129291828	0.9747811776989985	0.9755783091008543	0.9736488049511463	0.967117396745988	0.9795969606121202	0.9796711419252137	0.9748792516889111	0.9745147868036534	1.0	0.9799739325323488	0.9797703001366029	0.9718384975629052
0.972434547753754	0.9738593361631851	0.9753257079957772	0.9753239206175356	0.9730480789671576	0.978798605849264	0.9734082088741398	0.9798802304015924	0.9729581964355057	0.9799027352406134	0.9793180007232135	0.9707943202912327	0.9705099811263641	0.9775394246752098	0.970990702573928	0.9770875399298735	0.9713833363434787	0.96721806928054	0.9697410353151947	0.9816678351965683	0.9713638288181554	0.9723775714423942	0.9723370812472202	0.9796677946796095	0.9737989321743658	0.9729352165194959	0.9728385146052815	0.9668395850284182	0.9781889878874152	0.9770392525843833	0.9738942321690325	0.9732943650246964	0.9799739325323488	1.0	0.977381151683581	0.971911633160005
0.9738337288071419	0.9746830875905748	0.9744169181125022	0.9742673747480307	0.9715437329610533	0.9781995659187218	0.9765302568834138	0.9799679586452347	0.9726813313448358	0.9797421191947554	0.9796604270683722	0.9689694913753214	0.9712529621813175	0.97695734766722	0.9722116776588765	0.9784286642525023	0.9692458316565981	0.9708375687285868	0.9712940317232608	0.9801677953928134	0.9722890834334497	0.9707940783300897	0.9733105764085899	0.9789197436187043	0.9739404970876571	0.9728734565980858	0.9725361908727046	0.9662168585188757	0.9757639300486444	0.9772083457668398	0.9736117340370307	0.9715251663054507	0.9797703001366029	0.977381151683581	1.0	0.9701345427950537
0.9722505317739938	0.9920452929116712	0.9950450603328991	0.995505810885654	0.9972341526767656	0.9715995028426552	0.9661736964719333	0.9727853847316891	0.9647889592351203	0.9734211446140251	0.9723476933839775	0.9713604828682589	0.9732225478660587	0.9720116018639386	0.9673381412782006	0.9722784034846894	0.9653892682798966	0.9712421847679701	0.965963235078124	0.973631340149977	0.9737447821222989	0.9715704634898077	0.970027328725781	0.9738947058493183	0.9699814885992266	0.9618965744652321	0.9727200780925651	0.9687542689685784	0.9732617202752285	0.9679494251831038	0.9702154253019885	0.9634743508347108	0.9718384975629052	0.971911633160005	0.9701345427950537	1.0
