/home/jshaw/scratch/2022_sketched_distance/references/SGB_genome_fastas_part4/5822/BritoIL_2016__M2.41.ST__bin.43.fa	/home/jshaw/scratch/2022_sketched_distance/references/SGB_genome_fastas_part4/5822/BritoIL_2016__WL.35.ST__bin.44.fa	/home/jshaw/scratch/2022_sketched_distance/references/SGB_genome_fastas_part4/5822/CM_madagascar__A20_03_1FE__bin.11.fa	/home/jshaw/scratch/2022_sketched_distance/references/SGB_genome_fastas_part4/5822/CM_madagascar__A24_04_1FE__bin.4.fa	/home/jshaw/scratch/2022_sketched_distance/references/SGB_genome_fastas_part4/5822/CM_madagascar__A55_02_1FE__bin.64.fa	/home/jshaw/scratch/2022_sketched_distance/references/SGB_genome_fastas_part4/5822/CM_madagascar__A69_02_1FE__bin.19.fa	/home/jshaw/scratch/2022_sketched_distance/references/SGB_genome_fastas_part4/5822/CM_madagascar__V50_01_1FE__bin.1.fa	/home/jshaw/scratch/2022_sketched_distance/references/SGB_genome_fastas_part4/5822/CM_madagascar__V50_01_2FE__bin.17.fa	/home/jshaw/scratch/2022_sketched_distance/references/SGB_genome_fastas_part4/5822/CosteaPI_2017__SID713A005-11-0-0__bin.38.fa	/home/jshaw/scratch/2022_sketched_distance/references/SGB_genome_fastas_part4/5822/CosteaPI_2017__SID713A005-11-90-0__bin.41.fa	/home/jshaw/scratch/2022_sketched_distance/references/SGB_genome_fastas_part4/5822/CosteaPI_2017__SID713A066-11-0-0__bin.3.fa	/home/jshaw/scratch/2022_sketched_distance/references/SGB_genome_fastas_part4/5822/CosteaPI_2017__SID713A066-11-90-0__bin.13.fa	/home/jshaw/scratch/2022_sketched_distance/references/SGB_genome_fastas_part4/5822/CosteaPI_2017__SID713A077-11-90-0__bin.30.fa	/home/jshaw/scratch/2022_sketched_distance/references/SGB_genome_fastas_part4/5822/CosteaPI_2017__SID713A087-11-0-0__bin.37.fa	/home/jshaw/scratch/2022_sketched_distance/references/SGB_genome_fastas_part4/5822/CosteaPI_2017__SID713A087-11-90-0__bin.22.fa	/home/jshaw/scratch/2022_sketched_distance/references/SGB_genome_fastas_part4/5822/CosteaPI_2017__SID713B042-11-90-0__bin.5.fa	/home/jshaw/scratch/2022_sketched_distance/references/SGB_genome_fastas_part4/5822/CosteaPI_2017__SID713B066-11-0-0__bin.40.fa	/home/jshaw/scratch/2022_sketched_distance/references/SGB_genome_fastas_part4/5822/CosteaPI_2017__SID713B066-11-90-0__bin.52.fa	/home/jshaw/scratch/2022_sketched_distance/references/SGB_genome_fastas_part4/5822/KarlssonFH_2013__S127__bin.13.fa	/home/jshaw/scratch/2022_sketched_distance/references/SGB_genome_fastas_part4/5822/QinJ_2012__CON-006__bin.16.fa	/home/jshaw/scratch/2022_sketched_distance/references/SGB_genome_fastas_part4/5822/QinJ_2012__DOM018__bin.3.fa	/home/jshaw/scratch/2022_sketched_distance/references/SGB_genome_fastas_part4/5822/QinJ_2012__T2D-009__bin.21.fa	/home/jshaw/scratch/2022_sketched_distance/references/SGB_genome_fastas_part4/5822/VogtmannE_2016__MMRS35808664ST-27-0-0__bin.15.fa	/home/jshaw/scratch/2022_sketched_distance/references/SGB_genome_fastas_part4/5822/XieH_2016__YSZC12003_35524__bin.69.fa	/home/jshaw/scratch/2022_sketched_distance/references/SGB_genome_fastas_part4/5822/YuJ_2015__SZAXPI015247-35__bin.42.fa	/home/jshaw/scratch/2022_sketched_distance/references/SGB_genome_fastas_part4/5822/YuJ_2015__SZAXPI015274-111__bin.12.fa	/home/jshaw/scratch/2022_sketched_distance/references/SGB_genome_fastas_part4/5822/ZeeviD_2015__PNP_Main_431__bin.4.fa	/home/jshaw/scratch/2022_sketched_distance/references/SGB_genome_fastas_part4/5822/ZeeviD_2015__PNP_Main_78__bin.40.fa
1.0	0.996433613432111	0.9756505872877326	0.9768387785063116	0.9734587617961807	0.9762416596849647	0.9732305829455539	0.9768138461796463	0.9728946762655145	0.9763014906896936	0.9752507949852874	0.9753593003311604	0.9679430428872671	0.976450526015329	0.9732901905560998	0.9736907927356278	0.973750148990916	0.9755802471423354	0.9757644879946067	0.9933124053028979	0.9934503477943083	0.9750300499280005	0.9754577580564825	0.975670000414931	0.976303096646828	0.9725144445829221	0.9752487791170454	0.974196019859671
0.996433613432111	1.0	0.9751747981069531	0.9767010180655015	0.9721878593511486	0.9764749545349225	0.9725166778008287	0.9768891873914496	0.9731940512715878	0.9768290478755366	0.9757196939516489	0.9752997071699026	0.9678944010569384	0.9769527809109331	0.9735851043686913	0.9740602368838138	0.9742937224230453	0.9763093165173019	0.9757317070397513	0.9925245029893255	0.9932929165185795	0.9750734381405533	0.9755259832304564	0.9756398889031679	0.9765405523269887	0.9720484951086241	0.9753870593188828	0.9742894555927273
0.9756505872877326	0.9751747981069531	1.0	0.986240664791693	0.9838738186521407	0.9919538183900536	0.9828301085771395	0.9866705531607252	0.9879230951947048	0.9914160267672812	0.9915379131306713	0.9910372586251903	0.9749951307607185	0.992229798757619	0.9885904157895653	0.9903239495431044	0.9889754897926585	0.9907213003539417	0.992111189817472	0.9748898589303449	0.9745545669539073	0.9907209240829841	0.9917019471728332	0.9913601524292317	0.9923906963558383	0.9877034570287982	0.9916639218925091	0.9901060020242041
0.9768387785063116	0.9767010180655015	0.986240664791693	1.0	0.9924244496620033	0.986125166806146	0.9925154598844007	0.9981512511862214	0.9831306541200197	0.9858887495398456	0.9856201559917442	0.9849149295755972	0.9752104862583926	0.9861890765106985	0.9833792618625729	0.9841036401505459	0.9835560867518	0.9850745902676874	0.9857344566493332	0.9751310949133923	0.9752115986591624	0.9842793944164926	0.9852080871344048	0.9856867077430904	0.9867580770850438	0.9806996664278473	0.9851178470088778	0.983699291922771
0.9734587617961807	0.9721878593511486	0.9838738186521407	0.9924244496620033	1.0	0.9818883348091684	0.9906046301299107	0.992491005576294	0.9783472851856191	0.9808846387794592	0.9807201351447996	0.9813311434222582	0.9761280647436824	0.9816326456095616	0.9799170625828427	0.9799659676352636	0.9797140444598024	0.9801983097408534	0.981778526468598	0.972373262942557	0.9715558963861952	0.9809314586907798	0.9811932068090647	0.9810725487200657	0.9821183979851724	0.9784348897162747	0.9808470653722134	0.9799957591002902
0.9762416596849647	0.9764749545349225	0.9919538183900536	0.986125166806146	0.9818883348091684	1.0	0.9818148801766069	0.9864087839084584	0.9909882039229837	0.9944236794036467	0.9951372534638384	0.9939567804918317	0.9748753602364791	0.9944156114876183	0.991253413886532	0.993562603381841	0.9917111942586176	0.9941031738816254	0.9939183747904929	0.9755111509071892	0.9754902994662442	0.9927630327353711	0.9944288053775702	0.994626952690376	0.9947974083709706	0.9895689356856808	0.9933893825191197	0.9922372893149917
0.9732305829455539	0.9725166778008287	0.9828301085771395	0.9925154598844007	0.9906046301299107	0.9818148801766069	1.0	0.9930273313258023	0.9792685019637938	0.9815117249298912	0.9813032009718681	0.9811612549554309	0.9747631403874809	0.9821380150901542	0.980104866600666	0.9807232365228143	0.9801563879554789	0.9807552342933619	0.9818835438931982	0.9720295362014357	0.972008008074548	0.9811155026643866	0.9820096165588378	0.9813223129374361	0.9822317457620887	0.9780957807201892	0.9813089433817861	0.9803701839436374
0.9768138461796463	0.9768891873914496	0.9866705531607252	0.9981512511862214	0.992491005576294	0.9864087839084584	0.9930273313258023	1.0	0.9829797412940475	0.9862423816836828	0.9860254962299785	0.9853556934975436	0.9763122398594775	0.9863635177380133	0.9839997909722987	0.9846164627995367	0.9843168757349285	0.9852199171278392	0.9859463560631615	0.9753219373604397	0.9756224382925117	0.9848453801031086	0.9854771570782416	0.9858900387144518	0.9869465359164247	0.9812042944100443	0.9853682517657111	0.9840920677838224
0.9728946762655145	0.9731940512715878	0.9879230951947048	0.9831306541200197	0.9783472851856191	0.9909882039229837	0.9792685019637938	0.9829797412940475	1.0	0.9963071529443586	0.992726036052787	0.9916294335438016	0.9728716780472558	0.9949124066709424	0.9954310837955788	0.9936270232842992	0.9948413732450504	0.9940079590277083	0.9919117875146415	0.9721379930891156	0.9725720939534092	0.993309521135255	0.9918836986928556	0.9927924700641975	0.9924409016042832	0.987573721442314	0.9916983599757849	0.9907054724388971
0.9763014906896936	0.9768290478755366	0.9914160267672812	0.9858887495398456	0.9808846387794592	0.9944236794036467	0.9815117249298912	0.9862423816836828	0.9963071529443586	1.0	0.9952148709169663	0.9944003121757249	0.9745094080517924	0.9983112796413309	0.9949126272850812	0.9943186667528728	0.9953531640785248	0.997405894727823	0.9950496778742072	0.9754497610774813	0.9756793626803285	0.9961849730628044	0.9948306537193212	0.9959768020207824	0.9959053845355488	0.990044131870528	0.9949969857670224	0.9932752681420888
0.9752507949852874	0.9757196939516489	0.9915379131306713	0.9856201559917442	0.9807201351447996	0.9951372534638384	0.9813032009718681	0.9860254962299785	0.992726036052787	0.9952148709169663	1.0	0.9980434780311206	0.974422553210865	0.995354349937503	0.9930846254680296	0.9970797184397188	0.9939505944222625	0.9951510297282412	0.9965595810518708	0.974417731747175	0.9749867092700331	0.9931110465834408	0.9968298082282295	0.9958099482514077	0.9975699666026903	0.9921702972115903	0.9943828448621974	0.9949301965900939
0.9753593003311604	0.9752997071699026	0.9910372586251903	0.9849149295755972	0.9813311434222582	0.9939567804918317	0.9811612549554309	0.9853556934975436	0.9916294335438016	0.9944003121757249	0.9980434780311206	1.0	0.9757740346931696	0.9944812143549849	0.9918271883948739	0.9955540318381015	0.9931424769127711	0.9941551845884143	0.995760931512213	0.9742528950451684	0.9745157792109309	0.9924003825893445	0.9962448300329265	0.99492773750002	0.9966384438363084	0.9923287095886403	0.993856711821889	0.9940492008526782
0.9679430428872671	0.9678944010569384	0.9749951307607185	0.9752104862583926	0.9761280647436824	0.9748753602364791	0.9747631403874809	0.9763122398594775	0.9728716780472558	0.9745094080517924	0.974422553210865	0.9757740346931696	1.0	0.9754240880241084	0.9744340650636062	0.9737337093778387	0.9736273515866154	0.9739041325077605	0.9757502001338293	0.9681761052346185	0.9679920981822246	0.9756649496030266	0.9760302613920779	0.9741426225570862	0.9755052019016883	0.9735988432631516	0.9752450761843048	0.9739306215058069
0.976450526015329	0.9769527809109331	0.992229798757619	0.9861890765106985	0.9816326456095616	0.9944156114876183	0.9821380150901542	0.9863635177380133	0.9949124066709424	0.9983112796413309	0.995354349937503	0.9944812143549849	0.9754240880241084	1.0	0.9959743926226856	0.9944347885229767	0.9957677237805813	0.9974466098695953	0.9950877527759546	0.975908947815765	0.9761032037808611	0.9959283522873538	0.9947225762401949	0.9958960438953343	0.9959057404713	0.9905817991282398	0.995248870916707	0.9935168459918259
0.9732901905560998	0.9735851043686913	0.9885904157895653	0.9833792618625729	0.9799170625828427	0.991253413886532	0.980104866600666	0.9839997909722987	0.9954310837955788	0.9949126272850812	0.9930846254680296	0.9918271883948739	0.9744340650636062	0.9959743926226856	1.0	0.9945303447839803	0.9962864476442406	0.9937632588548059	0.9921351372414285	0.972807185133134	0.9733073293882657	0.9933223706752194	0.9923612670599101	0.9931126013251103	0.9926233038571913	0.9882090363758264	0.9922469140462419	0.99177514772808
0.9736907927356278	0.9740602368838138	0.9903239495431044	0.9841036401505459	0.9799659676352636	0.993562603381841	0.9807232365228143	0.9846164627995367	0.9936270232842992	0.9943186667528728	0.9970797184397188	0.9955540318381015	0.9737337093778387	0.9944347885229767	0.9945303447839803	1.0	0.9952962736365596	0.9941612266141034	0.9951416317984356	0.973142951553904	0.9736734077609708	0.9930185090939861	0.995745470678361	0.9943536851957003	0.9957576428783063	0.9919208235408153	0.9934169442291799	0.9942915875678928
0.973750148990916	0.9742937224230453	0.9889754897926585	0.9835560867518	0.9797140444598024	0.9917111942586176	0.9801563879554789	0.9843168757349285	0.9948413732450504	0.9953531640785248	0.9939505944222625	0.9931424769127711	0.9736273515866154	0.9957677237805813	0.9962864476442406	0.9952962736365596	1.0	0.99718954531775	0.9922990896310355	0.9731962921929495	0.9736621982788756	0.9942491591834339	0.9930884344095952	0.9937575581950239	0.9930672488488862	0.9894996801467539	0.9922639109879305	0.9920953359386702
0.9755802471423354	0.9763093165173019	0.9907213003539417	0.9850745902676874	0.9801983097408534	0.9941031738816254	0.9807552342933619	0.9852199171278392	0.9940079590277083	0.997405894727823	0.9951510297282412	0.9941551845884143	0.9739041325077605	0.9974466098695953	0.9937632588548059	0.9941612266141034	0.99718954531775	1.0	0.9942251289193692	0.9749888889172377	0.9753523735601557	0.9955312576158389	0.9944820036696079	0.995523076039549	0.9951367327764976	0.9896636657061708	0.9943774937340522	0.9930675382730437
0.9757644879946067	0.9757317070397513	0.992111189817472	0.9857344566493332	0.981778526468598	0.9939183747904929	0.9818835438931982	0.9859463560631615	0.9919117875146415	0.9950496778742072	0.9965595810518708	0.995760931512213	0.9757502001338293	0.9950877527759546	0.9921351372414285	0.9951416317984356	0.9922990896310355	0.9942251289193692	1.0	0.9750802729005585	0.97552660838	0.9940831889966124	0.9968295503040359	0.9949472681859802	0.9975388999567087	0.9917758707736265	0.9952271962921356	0.995173690773327
0.9933124053028979	0.9925245029893255	0.9748898589303449	0.9751310949133923	0.972373262942557	0.9755111509071892	0.9720295362014357	0.9753219373604397	0.9721379930891156	0.9754497610774813	0.974417731747175	0.9742528950451684	0.9681761052346185	0.975908947815765	0.972807185133134	0.973142951553904	0.9731962921929495	0.9749888889172377	0.9750802729005585	1.0	0.9962896339153874	0.9744457029792966	0.9749665590161812	0.9748527731631393	0.9755246249775837	0.9716431649302723	0.9747787738730992	0.9739331944783672
0.9934503477943083	0.9932929165185795	0.9745545669539073	0.9752115986591624	0.9715558963861952	0.9754902994662442	0.972008008074548	0.9756224382925117	0.9725720939534092	0.9756793626803285	0.9749867092700331	0.9745157792109309	0.9679920981822246	0.9761032037808611	0.9733073293882657	0.9736734077609708	0.9736621982788756	0.9753523735601557	0.97552660838	0.9962896339153874	1.0	0.9751201001665043	0.9752829942510011	0.9752209728517052	0.975631454706207	0.9706092347581888	0.9749682741441104	0.9741083180911264
0.9750300499280005	0.9750734381405533	0.9907209240829841	0.9842793944164926	0.9809314586907798	0.9927630327353711	0.9811155026643866	0.9848453801031086	0.993309521135255	0.9961849730628044	0.9931110465834408	0.9924003825893445	0.9756649496030266	0.9959283522873538	0.9933223706752194	0.9930185090939861	0.9942491591834339	0.9955312576158389	0.9940831889966124	0.9744457029792966	0.9751201001665043	1.0	0.9943599549108091	0.9945202756775122	0.9942184255125732	0.9889240547608524	0.9939933734244026	0.9923182557308506
0.9754577580564825	0.9755259832304564	0.9917019471728332	0.9852080871344048	0.9811932068090647	0.9944288053775702	0.9820096165588378	0.9854771570782416	0.9918836986928556	0.9948306537193212	0.9968298082282295	0.9962448300329265	0.9760302613920779	0.9947225762401949	0.9923612670599101	0.995745470678361	0.9930884344095952	0.9944820036696079	0.9968295503040359	0.9749665590161812	0.9752829942510011	0.9943599549108091	1.0	0.9950945252058794	0.9969240647126372	0.9923090491813206	0.9949762290082514	0.9951625879412718
0.975670000414931	0.9756398889031679	0.9913601524292317	0.9856867077430904	0.9810725487200657	0.994626952690376	0.9813223129374361	0.9858900387144518	0.9927924700641975	0.9959768020207824	0.9958099482514077	0.99492773750002	0.9741426225570862	0.9958960438953343	0.9931126013251103	0.9943536851957003	0.9937575581950239	0.995523076039549	0.9949472681859802	0.9748527731631393	0.9752209728517052	0.9945202756775122	0.9950945252058794	1.0	0.996259016358333	0.9906068060330666	0.9951229484471036	0.9929795275532083
0.976303096646828	0.9765405523269887	0.9923906963558383	0.9867580770850438	0.9821183979851724	0.9947974083709706	0.9822317457620887	0.9869465359164247	0.9924409016042832	0.9959053845355488	0.9975699666026903	0.9966384438363084	0.9755052019016883	0.9959057404713	0.9926233038571913	0.9957576428783063	0.9930672488488862	0.9951367327764976	0.9975388999567087	0.9755246249775837	0.975631454706207	0.9942184255125732	0.9969240647126372	0.996259016358333	1.0	0.9928448200127268	0.9956163275222597	0.995393248057536
0.9725144445829221	0.9720484951086241	0.9877034570287982	0.9806996664278473	0.9784348897162747	0.9895689356856808	0.9780957807201892	0.9812042944100443	0.987573721442314	0.990044131870528	0.9921702972115903	0.9923287095886403	0.9735988432631516	0.9905817991282398	0.9882090363758264	0.9919208235408153	0.9894996801467539	0.9896636657061708	0.9917758707736265	0.9716431649302723	0.9706092347581888	0.9889240547608524	0.9923090491813206	0.9906068060330666	0.9928448200127268	1.0	0.9900481241902929	0.990136461315918
0.9752487791170454	0.9753870593188828	0.9916639218925091	0.9851178470088778	0.9808470653722134	0.9933893825191197	0.9813089433817861	0.9853682517657111	0.9916983599757849	0.9949969857670224	0.9943828448621974	0.993856711821889	0.9752450761843048	0.995248870916707	0.9922469140462419	0.9934169442291799	0.9922639109879305	0.9943774937340522	0.9952271962921356	0.9747787738730992	0.9749682741441104	0.9939933734244026	0.9949762290082514	0.9951229484471036	0.9956163275222597	0.9900481241902929	1.0	0.9937327200013758
0.974196019859671	0.9742894555927273	0.9901060020242041	0.983699291922771	0.9799957591002902	0.9922372893149917	0.9803701839436374	0.9840920677838224	0.9907054724388971	0.9932752681420888	0.9949301965900939	0.9940492008526782	0.9739306215058069	0.9935168459918259	0.99177514772808	0.9942915875678928	0.9920953359386702	0.9930675382730437	0.995173690773327	0.9739331944783672	0.9741083180911264	0.9923182557308506	0.9951625879412718	0.9929795275532083	0.995393248057536	0.990136461315918	0.9937327200013758	1.0
