/home/jshaw/scratch/2022_sketched_distance/references/SGB_genome_fastas_part4/13997/BritoIL_2016__M1.61.ST__bin.56.fa	/home/jshaw/scratch/2022_sketched_distance/references/SGB_genome_fastas_part4/13997/BritoIL_2016__M2.49.ST__bin.20.fa	/home/jshaw/scratch/2022_sketched_distance/references/SGB_genome_fastas_part4/13997/BritoIL_2016__W1.31.ST__bin.42.fa	/home/jshaw/scratch/2022_sketched_distance/references/SGB_genome_fastas_part4/13997/BritoIL_2016__W1.41.ST__bin.92.fa	/home/jshaw/scratch/2022_sketched_distance/references/SGB_genome_fastas_part4/13997/BritoIL_2016__W2.7.ST__bin.3.fa	/home/jshaw/scratch/2022_sketched_distance/references/SGB_genome_fastas_part4/13997/BritoIL_2016__WL.15.ST__bin.20.fa	/home/jshaw/scratch/2022_sketched_distance/references/SGB_genome_fastas_part4/13997/CosteaPI_2017__SID713A062-11-0-0__bin.1.fa	/home/jshaw/scratch/2022_sketched_distance/references/SGB_genome_fastas_part4/13997/CosteaPI_2017__SID713A073-11-0-0__bin.43.fa	/home/jshaw/scratch/2022_sketched_distance/references/SGB_genome_fastas_part4/13997/CosteaPI_2017__SID713B002-11-90-0__bin.35.fa	/home/jshaw/scratch/2022_sketched_distance/references/SGB_genome_fastas_part4/13997/CosteaPI_2017__SID713B007-11-0-0__bin.10.fa	/home/jshaw/scratch/2022_sketched_distance/references/SGB_genome_fastas_part4/13997/CosteaPI_2017__SID713B032-11-0-0__bin.73.fa	/home/jshaw/scratch/2022_sketched_distance/references/SGB_genome_fastas_part4/13997/CosteaPI_2017__SID713B032-11-90-0__bin.89.fa	/home/jshaw/scratch/2022_sketched_distance/references/SGB_genome_fastas_part4/13997/CosteaPI_2017__SID713B040-11-90-0__bin.40.fa	/home/jshaw/scratch/2022_sketched_distance/references/SGB_genome_fastas_part4/13997/CosteaPI_2017__SID713B053-11-90-0__bin.13.fa	/home/jshaw/scratch/2022_sketched_distance/references/SGB_genome_fastas_part4/13997/CosteaPI_2017__SID713B072-11-90-0__bin.97.fa	/home/jshaw/scratch/2022_sketched_distance/references/SGB_genome_fastas_part4/13997/LiJ_2017__H1M513729__bin.16.fa	/home/jshaw/scratch/2022_sketched_distance/references/SGB_genome_fastas_part4/13997/LiJ_2017__H2M513938__bin.1.fa	/home/jshaw/scratch/2022_sketched_distance/references/SGB_genome_fastas_part4/13997/LiuW_2016__SRR3992958__bin.80.fa	/home/jshaw/scratch/2022_sketched_distance/references/SGB_genome_fastas_part4/13997/LiuW_2016__SRR3992980__bin.22.fa	/home/jshaw/scratch/2022_sketched_distance/references/SGB_genome_fastas_part4/13997/LiuW_2016__SRR3992982__bin.15.fa	/home/jshaw/scratch/2022_sketched_distance/references/SGB_genome_fastas_part4/13997/LiuW_2016__SRR3993013__bin.71.fa	/home/jshaw/scratch/2022_sketched_distance/references/SGB_genome_fastas_part4/13997/LiuW_2016__SRR3993048__bin.19.fa	/home/jshaw/scratch/2022_sketched_distance/references/SGB_genome_fastas_part4/13997/LiuW_2016__SRR3993050__bin.72.fa	/home/jshaw/scratch/2022_sketched_distance/references/SGB_genome_fastas_part4/13997/QinJ_2012__T2D-024__bin.60.fa	/home/jshaw/scratch/2022_sketched_distance/references/SGB_genome_fastas_part4/13997/QinJ_2012__T2D-104__bin.64.fa	/home/jshaw/scratch/2022_sketched_distance/references/SGB_genome_fastas_part4/13997/WenC_2017__RA005__bin.45.fa	/home/jshaw/scratch/2022_sketched_distance/references/SGB_genome_fastas_part4/13997/WenC_2017__RA100__bin.3.fa	/home/jshaw/scratch/2022_sketched_distance/references/SGB_genome_fastas_part4/13997/ZeeviD_2015__PNP_Main_213__bin.4.fa	/home/jshaw/scratch/2022_sketched_distance/references/SGB_genome_fastas_part4/13997/ZeeviD_2015__PNP_Main_283__bin.38.fa	/home/jshaw/scratch/2022_sketched_distance/references/SGB_genome_fastas_part4/13997/ZeeviD_2015__PNP_Main_386__bin.25.fa	/home/jshaw/scratch/2022_sketched_distance/references/SGB_genome_fastas_part4/13997/ZeeviD_2015__PNP_Main_714__bin.12.fa
1.0	0.9849096071742565	0.9860781352144756	0.9882079875432163	0.988961500140988	0.9870675909218658	0.9882079875432163	0.987252730257646	0.9878473403030644	0.9801718237040237	0.9861736623518473	0.9875285008978417	0.9822253176532141	0.9886975174544337	0.9872065429873244	0.9864112727609206	0.9843598113846026	0.9854990667452335	0.9851565024309112	0.9835943173310141	0.9843598113846026	0.9876199133923163	0.9863164345720684	0.9880732072024847	0.9869746291313813	0.9852547430856902	0.9844856558832653	0.9871139735056391	0.9877565579653574	0.990418754978679	0.9852547430856902
0.9849096071742565	1.0	0.987314597593361	0.9903748124962193	0.991205014057994	0.9926935781904129	0.9908517656306361	0.9894409281128959	0.9893171446891604	0.9819328681756232	0.98856452304302	0.9901337269295121	0.9853010562111032	0.9902142845937578	0.9893997185724783	0.98722662118661	0.9871825446271573	0.987620676216568	0.9855470262520647	0.9860527743918626	0.9865972426419709	0.9890681750999322	0.9868561080675948	0.9905743808735494	0.9900529721579717	0.9879239352801275	0.9865988371144535	0.9890681750999322	0.9891513740177452	0.9914771752308511	0.9878807831841165
0.9860781352144756	0.987314597593361	1.0	0.9886863764297199	0.9956779340073734	0.9874441511604891	0.9901854767509727	0.9889214897860106	0.9890477625919646	0.9838548509307281	0.9883305310478827	0.9900348206367591	0.98773577880299	0.9891549380839101	0.989921375482566	0.9889563628761231	0.9867892246266146	0.9865851360540543	0.987512347979631	0.9890096383619843	0.9887618590592256	0.9867841816028887	0.9891149077415631	0.9898834735953013	0.9895403828687911	0.9861956422914341	0.988919878318782	0.9873272350640744	0.9881711354204705	0.989921375482566	0.9875257244517112
0.9882079875432163	0.9903748124962193	0.9886863764297199	1.0	0.9908154706902702	0.9896745142862361	0.9913714978654271	0.9890235797496311	0.9912908195181865	0.9853708813840399	0.9888249378987101	0.9898193096350169	0.9882729450185778	0.9906397750553945	0.9901785423191118	0.9898769072580704	0.9896570750757606	0.9906788686020267	0.9895342366170384	0.9895356725869293	0.9914300847702396	0.9910417928300309	0.9906328070153603	0.992919871178393	0.990498542366799	0.9885563761132955	0.9893933035690713	0.9918814460946542	0.9898193096350169	0.9923894885692949	0.9888646022334747
0.988961500140988	0.991205014057994	0.9956779340073734	0.9908154706902702	1.0	0.9876552800168836	0.9905133969163797	0.9908071823786216	0.9924465482466739	0.9866477250373152	0.9919219911851427	0.9905467677635887	0.9907525653664583	0.9894327738028305	0.9902742588774108	0.991830917595741	0.9902488270027663	0.9896924740243226	0.9903176571535618	0.9923678612916214	0.9920550950351138	0.9892750428384209	0.992237121833044	0.9904799923066724	0.9909098937229157	0.9898621407538004	0.9916197031008501	0.9911832984873142	0.9905782125977083	0.9906466784222898	0.9895675798889254
0.9870675909218658	0.9926935781904129	0.9874441511604891	0.9896745142862361	0.9876552800168836	1.0	0.987812370780697	0.9883433712018532	0.9903210853034615	0.9844142711385399	0.9881300500473132	0.9871637283042166	0.9886701482260263	0.9874370842566029	0.9864638962825008	0.9879257239568954	0.9880669031501317	0.9883563966359173	0.9887317551794149	0.9886095303334135	0.989397031743961	0.9884713029113048	0.9895320857175023	0.9879591121693397	0.9886232477599523	0.9878435594502721	0.9885843882104581	0.9890749387188305	0.9877056777530665	0.9888658334750546	0.9867806604630461
0.9882079875432163	0.9908517656306361	0.9901854767509727	0.9913714978654271	0.9905133969163797	0.987812370780697	1.0	0.9916468384052004	0.9934601535688097	0.989141896368351	0.9930166323722548	0.9900912058666558	0.9926337004842217	0.9918330922880595	0.992122607782563	0.9918680996399437	0.9919258553897139	0.9912348191186378	0.991908601504179	0.9919258553897139	0.9926685110749247	0.9909700353752123	0.9925412814099083	0.9911862691927613	0.9922625962626913	0.990199303147901	0.9913992737175947	0.9919903444371079	0.9909639154922051	0.9904984628525596	0.9913836583023086
0.987252730257646	0.9894409281128959	0.9889214897860106	0.9890235797496311	0.9908071823786216	0.9883433712018532	0.9916468384052004	1.0	0.9916926747731314	0.989141896368351	0.9901355677179705	0.9914041349634495	0.9904214285279437	0.9902713473723916	0.9917158561684715	0.9908492036268387	0.9895773668292497	0.9931275168745555	0.990642035193436	0.9922478988842198	0.9919388021093143	0.9890093010493884	0.9921606429064651	0.9907717292965783	0.9899456212091139	0.9885955284163634	0.9909090900901423	0.9901267853652206	0.9892843603568121	0.9905224862425331	0.9883433712018532
0.9878473403030644	0.9893171446891604	0.9890477625919646	0.9912908195181865	0.9924465482466739	0.9903210853034615	0.9934601535688097	0.9916926747731314	1.0	0.9855945963511727	0.991180369177898	0.9925528553262442	0.9890626210333463	0.9924820219089565	0.9921255616619142	0.9906184505986084	0.9904825886365749	0.9892047483871041	0.9908030370020396	0.9908151950091064	0.9917049819132147	0.9906599945114295	0.9912681798602713	0.9927995848833828	0.9918737335840353	0.9885722691158677	0.991177364135751	0.9897798829752656	0.9906974372549371	0.9932875935480332	0.9906599945114295
0.9801718237040237	0.9819328681756232	0.9838548509307281	0.9853708813840399	0.9866477250373152	0.9844142711385399	0.989141896368351	0.989141896368351	0.9855945963511727	1.0	0.985460550283316	0.9880014129701816	0.9847620651547647	0.9861253780903546	0.9873737980059866	0.9833982518273412	0.984262641791698	0.9870767647586012	0.9838557380536912	0.983957003545675	0.9848628168959631	0.9836662369371639	0.9855256106270434	0.9874160133184153	0.9858167982186814	0.982900738050894	0.9840461953976709	0.9835715215198446	0.9848276648211486	0.9864310880421482	0.98455264839847
0.9861736623518473	0.98856452304302	0.9883305310478827	0.9888249378987101	0.9919219911851427	0.9881300500473132	0.9930166323722548	0.9901355677179705	0.991180369177898	0.985460550283316	1.0	0.9999180954021494	0.9897490198645713	0.9910408536506619	0.9914667324652529	0.9900736711993727	0.9890139490776035	0.988596144616164	0.9896175834098964	0.9902242515145498	0.9907527987098717	0.9880030650943772	0.9909917068167235	0.991642574765759	0.9911834240508544	0.9878835676997993	0.9901369274114193	0.9896634335875549	0.988710136118033	0.9917126505887335	0.989393025436004
0.9875285008978417	0.9901337269295121	0.9900348206367591	0.9898193096350169	0.9905467677635887	0.9871637283042166	0.9900912058666558	0.9914041349634495	0.9925528553262442	0.9880014129701816	0.9999180954021494	1.0	0.9913646382668158	0.990117220686988	0.9907795801194792	0.9914943837413618	0.9907147068117531	0.990151398787005	0.9911227051054616	0.991966282761217	0.9920937686362227	0.9899857313926502	0.9924275490478079	0.9904334264520976	0.9918290104728031	0.9896354365103648	0.9913550108623479	0.9912204131210919	0.9899731199870466	0.9898813713926627	0.9901841068462858
0.9822253176532141	0.9853010562111032	0.98773577880299	0.9882729450185778	0.9907525653664583	0.9886701482260263	0.9926337004842217	0.9904214285279437	0.9890626210333463	0.9847620651547647	0.9897490198645713	0.9913646382668158	1.0	0.9898761445371781	0.9918860828964111	0.9882285142716091	0.9873727368272042	0.9887577691565381	0.9876906169016595	0.9869586520252946	0.9868669235646278	0.9887139878102643	0.9888451577629297	0.9904630027028224	0.9899606230284331	0.9869594698784868	0.9855592348407043	0.9870978030434394	0.9882285142716091	0.9900448858021303	0.9895360507449981
0.9886975174544337	0.9902142845937578	0.9891549380839101	0.9906397750553945	0.9894327738028305	0.9874370842566029	0.9918330922880595	0.9902713473723916	0.9924820219089565	0.9861253780903546	0.9910408536506619	0.990117220686988	0.9898761445371781	1.0	0.9900699445213219	0.991606942820217	0.9908301569107711	0.9894605953518061	0.9905612389645484	0.9910652547995827	0.9915088603918272	0.9905361855829089	0.991542358765021	0.990454193220024	0.9909788601954735	0.9893307200316884	0.9913992737175947	0.9914422297070412	0.9900448858021303	0.9911179936229717	0.9898591457261132
0.9872065429873244	0.9893997185724783	0.989921375482566	0.9901785423191118	0.9902742588774108	0.9864638962825008	0.992122607782563	0.9917158561684715	0.9921255616619142	0.9873737980059866	0.9914667324652529	0.9907795801194792	0.9918860828964111	0.9900699445213219	1.0	0.9910783556718854	0.9904437431306327	0.9907908098314554	0.990642035193436	0.991966282761217	0.9925543586414729	0.9900965590727643	0.9923515096642004	0.9902062945225807	0.9907715272578591	0.9895975005440656	0.9910881813027373	0.9908098406079974	0.9896844856043803	0.9903420835841328	0.9901481576663823
0.9864112727609206	0.98722662118661	0.9889563628761231	0.9898769072580704	0.991830917595741	0.9879257239568954	0.9918680996399437	0.9908492036268387	0.9906184505986084	0.9833982518273412	0.9900736711993727	0.9914943837413618	0.9882285142716091	0.991606942820217	0.9910783556718854	1.0	0.9877310085205607	0.9878418628055459	0.9895759363379485	0.9897955765791421	0.990143436216028	0.9891989931814312	0.9909122876617296	0.9921640603018941	0.9921640603018941	0.9884656777635067	0.9920562006230323	0.9892794747953765	0.9910402738861895	0.9916443774933218	0.9893196420618211
0.9843598113846026	0.9871825446271573	0.9867892246266146	0.9896570750757606	0.9902488270027663	0.9880669031501317	0.9919258553897139	0.9895773668292497	0.9904825886365749	0.984262641791698	0.9890139490776035	0.9907147068117531	0.9873727368272042	0.9908301569107711	0.9904437431306327	0.9877310085205607	1.0	0.987899384110507	0.9880841203362124	0.987886005176142	0.988974945894368	0.9889326691233394	0.9889887181354715	0.9907917183695829	0.9900920611322535	0.9876887797410414	0.9888721597286195	0.9881919856258472	0.9888919538693879	0.991287963968419	0.9887695054831934
0.9854990667452335	0.987620676216568	0.9865851360540543	0.9906788686020267	0.9896924740243226	0.9883563966359173	0.9912348191186378	0.9931275168745555	0.9892047483871041	0.9870767647586012	0.988596144616164	0.990151398787005	0.9887577691565381	0.9894605953518061	0.9907908098314554	0.9878418628055459	0.987899384110507	1.0	0.9896591779678683	0.9897091692303807	0.9910732518801638	0.9901133978845078	0.9903104769389152	0.9911243750179543	0.9891488658347245	0.9870474024022066	0.9883911348802357	0.9897022957392737	0.9883964759760088	0.9906040297487007	0.9883964759760088
0.9851565024309112	0.9855470262520647	0.987512347979631	0.9895342366170384	0.9903176571535618	0.9887317551794149	0.991908601504179	0.990642035193436	0.9908030370020396	0.9838557380536912	0.9896175834098964	0.9911227051054616	0.9876906169016595	0.9905612389645484	0.990642035193436	0.9895759363379485	0.9880841203362124	0.9896591779678683	1.0	0.9898386955391442	0.9888898763892869	0.9944130922513523	0.9899900599560401	0.9914393097356181	0.990642035193436	0.9869755951792187	0.9886805915130203	0.9889872868052946	0.9891565473913051	0.9904396727016024	0.9896591779678683
0.9835943173310141	0.9860527743918626	0.9890096383619843	0.9895356725869293	0.9923678612916214	0.9886095303334135	0.9919258553897139	0.9922478988842198	0.9908151950091064	0.983957003545675	0.9902242515145498	0.991966282761217	0.9869586520252946	0.9910652547995827	0.991966282761217	0.9897955765791421	0.987886005176142	0.9897091692303807	0.9898386955391442	1.0	0.9897524011930025	0.9902668143513378	0.9903517757341593	0.9916822475204818	0.991272201701125	0.9883851310221707	0.9874074852761999	0.9889211442431718	0.9894485808525667	0.9914778605423659	0.9900106101036826
0.9843598113846026	0.9865972426419709	0.9887618590592256	0.9914300847702396	0.9920550950351138	0.989397031743961	0.9926685110749247	0.9919388021093143	0.9917049819132147	0.9848628168959631	0.9907527987098717	0.9920937686362227	0.9868669235646278	0.9915088603918272	0.9925543586414729	0.990143436216028	0.988974945894368	0.9910732518801638	0.9888898763892869	0.9897524011930025	1.0	0.9913511209226887	0.9903478093192722	0.9925543586414729	0.991469496052244	0.9880268804886799	0.9898600288451561	0.9890173984652675	0.9906721972354728	0.9927822710513134	0.9898965061615768
0.9876199133923163	0.9890681750999322	0.9867841816028887	0.9910417928300309	0.9892750428384209	0.9884713029113048	0.9909700353752123	0.9890093010493884	0.9906599945114295	0.9836662369371639	0.9880030650943772	0.9899857313926502	0.9887139878102643	0.9905361855829089	0.9900965590727643	0.9891989931814312	0.9889326691233394	0.9901133978845078	0.9944130922513523	0.9902668143513378	0.9913511209226887	1.0	0.990952021107943	0.9903171041771818	0.9894635557231255	0.9866201240725533	0.9883911348802357	0.9912945175511392	0.988159885070763	0.9909340981081357	0.9883937239928082
0.9863164345720684	0.9868561080675948	0.9891149077415631	0.9906328070153603	0.992237121833044	0.9895320857175023	0.9925412814099083	0.9921606429064651	0.9912681798602713	0.9855256106270434	0.9909917068167235	0.9924275490478079	0.9888451577629297	0.991542358765021	0.9923515096642004	0.9909122876617296	0.9889887181354715	0.9903104769389152	0.9899900599560401	0.9903517757341593	0.9903478093192722	0.990952021107943	1.0	0.9924275490478079	0.9918915651732589	0.9889465473670086	0.9899063402609968	0.990952021107943	0.9908326770889522	0.9918915651732589	0.9903104769389152
0.9880732072024847	0.9905743808735494	0.9898834735953013	0.992919871178393	0.9904799923066724	0.9879591121693397	0.9911862691927613	0.9907717292965783	0.9927995848833828	0.9874160133184153	0.991642574765759	0.9904334264520976	0.9904630027028224	0.990454193220024	0.9902062945225807	0.9921640603018941	0.9907917183695829	0.9911243750179543	0.9914393097356181	0.9916822475204818	0.9925543586414729	0.9903171041771818	0.9924275490478079	1.0	0.9922957147395343	0.9916218187638346	0.9925297855341904	0.9911461421141728	0.9921620292833855	0.9916362606488889	0.9904346607881298
0.9869746291313813	0.9900529721579717	0.9895403828687911	0.990498542366799	0.9909098937229157	0.9886232477599523	0.9922625962626913	0.9899456212091139	0.9918737335840353	0.9858167982186814	0.9911834240508544	0.9918290104728031	0.9899606230284331	0.9909788601954735	0.9907715272578591	0.9921640603018941	0.9900920611322535	0.9891488658347245	0.990642035193436	0.991272201701125	0.991469496052244	0.9894635557231255	0.9918915651732589	0.9922957147395343	1.0	0.990273762654692	0.9920562006230323	0.9913315075368838	0.9895392158980811	0.9921962596567906	0.9891253409222891
0.9852547430856902	0.9879239352801275	0.9861956422914341	0.9885563761132955	0.9898621407538004	0.9878435594502721	0.990199303147901	0.9885955284163634	0.9885722691158677	0.982900738050894	0.9878835676997993	0.9896354365103648	0.9869594698784868	0.9893307200316884	0.9895975005440656	0.9884656777635067	0.9876887797410414	0.9870474024022066	0.9869755951792187	0.9883851310221707	0.9880268804886799	0.9866201240725533	0.9889465473670086	0.9916218187638346	0.990273762654692	1.0	0.9890151087691571	0.987201769733174	0.988829470429388	0.9906067676045067	0.9880828830868712
0.9844856558832653	0.9865988371144535	0.988919878318782	0.9893933035690713	0.9916197031008501	0.9885843882104581	0.9913992737175947	0.9909090900901423	0.991177364135751	0.9840461953976709	0.9901369274114193	0.9913550108623479	0.9855592348407043	0.9913992737175947	0.9910881813027373	0.9920562006230323	0.9888721597286195	0.9883911348802357	0.9886805915130203	0.9874074852761999	0.9898600288451561	0.9883911348802357	0.9899063402609968	0.9925297855341904	0.9920562006230323	0.9890151087691571	1.0	0.9880011936850561	0.9912218654388522	0.9925297855341904	0.9897672105484561
0.9871139735056391	0.9890681750999322	0.9873272350640744	0.9918814460946542	0.9911832984873142	0.9890749387188305	0.9919903444371079	0.9901267853652206	0.9897798829752656	0.9835715215198446	0.9896634335875549	0.9912204131210919	0.9870978030434394	0.9914422297070412	0.9908098406079974	0.9892794747953765	0.9881919856258472	0.9897022957392737	0.9889872868052946	0.9889211442431718	0.9890173984652675	0.9912945175511392	0.990952021107943	0.9911461421141728	0.9913315075368838	0.987201769733174	0.9880011936850561	1.0	0.9895465716804149	0.9924938484424434	0.9889162165850649
0.9877565579653574	0.9891513740177452	0.9881711354204705	0.9898193096350169	0.9905782125977083	0.9877056777530665	0.9909639154922051	0.9892843603568121	0.9906974372549371	0.9848276648211486	0.988710136118033	0.9899731199870466	0.9882285142716091	0.9900448858021303	0.9896844856043803	0.9910402738861895	0.9888919538693879	0.9883964759760088	0.9891565473913051	0.9894485808525667	0.9906721972354728	0.988159885070763	0.9908326770889522	0.9921620292833855	0.9895392158980811	0.988829470429388	0.9912218654388522	0.9895465716804149	1.0	0.9919935059421084	0.9889019771187737
0.990418754978679	0.9914771752308511	0.989921375482566	0.9923894885692949	0.9906466784222898	0.9888658334750546	0.9904984628525596	0.9905224862425331	0.9932875935480332	0.9864310880421482	0.9917126505887335	0.9898813713926627	0.9900448858021303	0.9911179936229717	0.9903420835841328	0.9916443774933218	0.991287963968419	0.9906040297487007	0.9904396727016024	0.9914778605423659	0.9927822710513134	0.9909340981081357	0.9918915651732589	0.9916362606488889	0.9921962596567906	0.9906067676045067	0.9925297855341904	0.9924938484424434	0.9919935059421084	1.0	0.9894942839838652
0.9852547430856902	0.9878807831841165	0.9875257244517112	0.9888646022334747	0.9895675798889254	0.9867806604630461	0.9913836583023086	0.9883433712018532	0.9906599945114295	0.98455264839847	0.989393025436004	0.9901841068462858	0.9895360507449981	0.9898591457261132	0.9901481576663823	0.9893196420618211	0.9887695054831934	0.9883964759760088	0.9896591779678683	0.9900106101036826	0.9898965061615768	0.9883937239928082	0.9903104769389152	0.9904346607881298	0.9891253409222891	0.9880828830868712	0.9897672105484561	0.9889162165850649	0.9889019771187737	0.9894942839838652	1.0
