/home/jshaw/scratch/2022_sketched_distance/references/SGB_genome_fastas_part2/4418/Bengtsson-PalmeJ_2015__TRAVELRES11__bin.101.fa	/home/jshaw/scratch/2022_sketched_distance/references/SGB_genome_fastas_part2/4418/CosteaPI_2017__SID713A005-11-90-0__bin.64.fa	/home/jshaw/scratch/2022_sketched_distance/references/SGB_genome_fastas_part2/4418/CosteaPI_2017__SID713A087-11-0-0__bin.41.fa	/home/jshaw/scratch/2022_sketched_distance/references/SGB_genome_fastas_part2/4418/CosteaPI_2017__SID713B040-11-90-0__bin.59.fa	/home/jshaw/scratch/2022_sketched_distance/references/SGB_genome_fastas_part2/4418/CosteaPI_2017__SID713B063-11-0-0__bin.59.fa	/home/jshaw/scratch/2022_sketched_distance/references/SGB_genome_fastas_part2/4418/HMP_2012__SRS022071__bin.72.fa	/home/jshaw/scratch/2022_sketched_distance/references/SGB_genome_fastas_part2/4418/KarlssonFH_2013__S278__bin.14.fa	/home/jshaw/scratch/2022_sketched_distance/references/SGB_genome_fastas_part2/4418/LeChatelierE_2013__MH0069__bin.18.fa	/home/jshaw/scratch/2022_sketched_distance/references/SGB_genome_fastas_part2/4418/LeChatelierE_2013__MH0126__bin.18.fa	/home/jshaw/scratch/2022_sketched_distance/references/SGB_genome_fastas_part2/4418/LeChatelierE_2013__MH0430__bin.89.fa	/home/jshaw/scratch/2022_sketched_distance/references/SGB_genome_fastas_part2/4418/LeChatelierE_2013__MH0457__bin.85.fa	/home/jshaw/scratch/2022_sketched_distance/references/SGB_genome_fastas_part2/4418/LiJ_2014__O2.UC31-1__bin.33.fa	/home/jshaw/scratch/2022_sketched_distance/references/SGB_genome_fastas_part2/4418/LiJ_2014__O2.UC40-1__bin.33.fa	/home/jshaw/scratch/2022_sketched_distance/references/SGB_genome_fastas_part2/4418/LiJ_2014__V1.FI14__bin.49.fa	/home/jshaw/scratch/2022_sketched_distance/references/SGB_genome_fastas_part2/4418/NielsenHB_2014__MH0069__bin.2.fa	/home/jshaw/scratch/2022_sketched_distance/references/SGB_genome_fastas_part2/4418/NielsenHB_2014__O2_UC31_0__bin.13.fa	/home/jshaw/scratch/2022_sketched_distance/references/SGB_genome_fastas_part2/4418/NielsenHB_2014__O2_UC40_2__bin.1.fa	/home/jshaw/scratch/2022_sketched_distance/references/SGB_genome_fastas_part2/4418/NielsenHB_2014__O2_UC44_0__bin.31.fa	/home/jshaw/scratch/2022_sketched_distance/references/SGB_genome_fastas_part2/4418/NielsenHB_2014__V1_CD38_0__bin.62.fa	/home/jshaw/scratch/2022_sketched_distance/references/SGB_genome_fastas_part2/4418/QinN_2014__HD-18__bin.24.fa	/home/jshaw/scratch/2022_sketched_distance/references/SGB_genome_fastas_part2/4418/RampelliS_2015__H15__bin.1.fa	/home/jshaw/scratch/2022_sketched_distance/references/SGB_genome_fastas_part2/4418/RampelliS_2015__H16__bin.44.fa	/home/jshaw/scratch/2022_sketched_distance/references/SGB_genome_fastas_part2/4418/RampelliS_2015__H27__bin.20.fa	/home/jshaw/scratch/2022_sketched_distance/references/SGB_genome_fastas_part2/4418/RaymondF_2016__P1E0__bin.43.fa	/home/jshaw/scratch/2022_sketched_distance/references/SGB_genome_fastas_part2/4418/RaymondF_2016__P1E7__bin.24.fa	/home/jshaw/scratch/2022_sketched_distance/references/SGB_genome_fastas_part2/4418/VogtmannE_2016__MMRS77487595ST-27-0-0__bin.22.fa	/home/jshaw/scratch/2022_sketched_distance/references/SGB_genome_fastas_part2/4418/VogtmannE_2016__MMRS94549160ST-27-0-0__bin.59.fa	/home/jshaw/scratch/2022_sketched_distance/references/SGB_genome_fastas_part2/4418/XieH_2016__YSZC12003_35550__bin.17.fa	/home/jshaw/scratch/2022_sketched_distance/references/SGB_genome_fastas_part2/4418/XieH_2016__YSZC12003_35561__bin.37.fa	/home/jshaw/scratch/2022_sketched_distance/references/SGB_genome_fastas_part2/4418/XieH_2016__YSZC12003_35698__bin.46.fa	/home/jshaw/scratch/2022_sketched_distance/references/SGB_genome_fastas_part2/4418/XieH_2016__YSZC12003_36526__bin.4.fa	/home/jshaw/scratch/2022_sketched_distance/references/SGB_genome_fastas_part2/4418/XieH_2016__YSZC12003_37181R1__bin.36.fa	/home/jshaw/scratch/2022_sketched_distance/references/SGB_genome_fastas_part2/4418/XieH_2016__YSZC12003_37196__bin.19.fa	/home/jshaw/scratch/2022_sketched_distance/references/SGB_genome_fastas_part2/4418/XieH_2016__YSZC12003_37583__bin.3.fa	/home/jshaw/scratch/2022_sketched_distance/references/SGB_genome_fastas_part2/4418/ZeeviD_2015__PNP_Main_116__bin.30.fa	/home/jshaw/scratch/2022_sketched_distance/references/SGB_genome_fastas_part2/4418/ZeeviD_2015__PNP_Main_223__bin.14.fa	/home/jshaw/scratch/2022_sketched_distance/references/SGB_genome_fastas_part2/4418/ZeeviD_2015__PNP_Main_282__bin.34.fa	/home/jshaw/scratch/2022_sketched_distance/references/SGB_genome_fastas_part2/4418/ZeeviD_2015__PNP_Main_643__bin.24.fa	/home/jshaw/scratch/2022_sketched_distance/references/SGB_genome_fastas_part2/4418/ZeeviD_2015__PNP_Main_744__bin.5.fa	/home/jshaw/scratch/2022_sketched_distance/references/SGB_genome_fastas_part2/4418/ZeeviD_2015__PNP_Main_756__bin.41.fa	/home/jshaw/scratch/2022_sketched_distance/references/SGB_genome_fastas_part2/4418/ZeeviD_2015__PNP_Validation_93__bin.16.fa	/home/jshaw/scratch/2022_sketched_distance/references/SGB_genome_fastas_part2/4418/ZellerG_2014__CCIS00146684ST-4-0__bin.38.fa
1.0	0.980463886699563	0.982135192489874	0.96419037461903	0.9689861464695497	0.9697381655650359	0.9695099202367239	0.9738426178651373	0.9808120472870465	0.9786101000917297	0.9747037285405354	0.9715420687104065	0.9723269689961941	0.9728758745473779	0.9727304972718075	0.9734224671213153	0.9796614676644401	0.9885268614906415	0.9779680308932013	0.983174669383814	0.9704143270493323	0.9672796116121252	0.9688186005281479	0.9779477401308239	0.9777478558494136	0.9722214057421341	0.968732265841471	0.9859149250105821	0.9605109581596768	0.9846570373346303	0.9893301081455906	0.9801316633986676	0.988269993775993	0.96481625504593	0.9756291215332316	0.975115537485755	0.972805905587515	0.9735976253689156	0.9726821322747553	0.9688962802917598	0.9743482468664171	0.9711856992451218
0.980463886699563	1.0	0.9918016563053846	0.971697418763916	0.9728570590849422	0.9730713868121572	0.9721624046251202	0.9782849962398045	0.9826585963642928	0.9759140104531934	0.9772931406627074	0.9710177354135108	0.9832950764472493	0.9757689929688382	0.977088868156636	0.9768978374228878	0.9889250654213855	0.9881283620653457	0.9824531782934046	0.9937053164899681	0.9747491672211266	0.9717844988112605	0.9735191805449455	0.9819498940136143	0.9811710535130516	0.9755085207298277	0.9745371763290245	0.9844225137210338	0.9687555489121079	0.9853541865041957	0.9880241358407599	0.9909323553694912	0.9872120788649572	0.972825330783367	0.9802092242500968	0.980307427353775	0.9771877633326687	0.9771284534190955	0.9750579882224507	0.9708001897208656	0.9776887680525497	0.9730412380700164
0.982135192489874	0.9918016563053846	1.0	0.974496439346754	0.9745406271923865	0.9741945962069637	0.9733443298640291	0.9802049006511295	0.983697931977419	0.9753552847047324	0.978403738675502	0.9712411649297663	0.9855782287376817	0.977161217721067	0.9777273250541507	0.9789540898079274	0.9905577756006739	0.9896552240705563	0.9843493586239744	0.9954865071519406	0.9766245825987636	0.9736743488637525	0.9750054955385145	0.9832519822738183	0.9831410947098981	0.9768164545779705	0.9762875713119055	0.9849587720712263	0.9711613023091609	0.9874709566498258	0.9899174010996904	0.9920106209370442	0.9888202311733446	0.9745726927542103	0.9819417419406203	0.9821931062842253	0.9781741365715018	0.9782259752070277	0.9770562947186447	0.9712796459918689	0.9791020690029968	0.9736745614584938
0.96419037461903	0.971697418763916	0.974496439346754	1.0	0.9650927435350691	0.9665856440111257	0.9647701668354024	0.973446652223435	0.9712348468593142	0.90522105352359	0.98119947823647	0.9410886512034415	0.9844544007406082	0.9710453722138095	0.9707156262428558	0.9726746942003351	0.9734294238624266	0.9766277904077798	0.9880328978158557	0.9769487601055601	0.9691807158845326	0.9688284716614457	0.9652942795363545	0.9820744639811668	0.9820636415164331	0.9715429908625288	0.9699094897565435	0.9681934485731097	0.9830580518393073	0.9810334471086944	0.976039561835464	0.9725824471316107	0.9750525193844519	0.9831838903108482	0.974535739969094	0.9751668606415447	0.9681955341211549	0.9687676241442398	0.9711182330062827	0.9598071058933302	0.9727724456178583	0.9659093949669003
0.9689861464695497	0.9728570590849422	0.9745406271923865	0.9650927435350691	1.0	0.9827361672972866	0.9761266394389051	0.9788529317080755	0.9692184238649051	0.9672736524522353	0.9733080595725206	0.9783033901424711	0.9652873769968836	0.982885897833866	0.9772277270821855	0.9834675187835654	0.9708547876596552	0.9759557095287816	0.9782738593734831	0.9755788210806429	0.9758159933509201	0.9701252180822296	0.9790584415728601	0.9787897776294516	0.9785126783504928	0.9816439098834321	0.9855580167715585	0.972759419365681	0.9676892601726307	0.9707503498462685	0.9765867002582399	0.9724525491326749	0.9752372707291828	0.9708036977720829	0.9811566322374298	0.981110813055686	0.9779085332388119	0.9791065165900802	0.9821704944779823	0.9788583465540258	0.9842727765218994	0.9788518982192684
0.9697381655650359	0.9730713868121572	0.9741945962069637	0.9665856440111257	0.9827361672972866	1.0	0.9780917088553276	0.9789194187463155	0.9700832826072119	0.9655383092297097	0.9740793343329144	0.9773502809094792	0.9660110113780591	0.9832482980934044	0.977547976716343	0.9841400309112496	0.9720289394277614	0.9758855567814239	0.9773995822855819	0.9755345525083078	0.9776478750907709	0.9708639203651684	0.9772409910757647	0.9771222184289021	0.9770320868102368	0.9822772144490987	0.9834277431849561	0.971485001101879	0.9669141281872118	0.9718227465077076	0.9761100863167045	0.9722164060482987	0.9744569393189438	0.9706948478935223	0.9810985279599174	0.9807041669656545	0.9775331040074183	0.9772125320682886	0.9831157315355095	0.977981868642656	0.9843856767164094	0.9801538081816233
0.9695099202367239	0.9721624046251202	0.9733443298640291	0.9647701668354024	0.9761266394389051	0.9780917088553276	1.0	0.975638999064025	0.9707762257484701	0.9671338277330482	0.9717799396340736	0.979847389124526	0.9637995379337746	0.9859265059901045	0.9749677432153365	0.9855406955108538	0.9713339849540057	0.9738988562858749	0.9756334173635419	0.974255530084863	0.973838380816086	0.9708635293390065	0.9729277109014792	0.9742578364771356	0.9749024128407237	0.9846260626466166	0.9776479767372722	0.971231007543788	0.9644176517490104	0.9708952694538133	0.9750658212718825	0.9710567394654872	0.9736263524195545	0.9683539495514502	0.9778503241258358	0.977354702142908	0.975176855845777	0.9756365932289871	0.985517018849102	0.9755759453470731	0.986293898675325	0.9835637023527648
0.9738426178651373	0.9782849962398045	0.9802049006511295	0.973446652223435	0.9788529317080755	0.9789194187463155	0.975638999064025	1.0	0.9766854015595897	0.9672344199306881	0.9771333333233051	0.9743862336216467	0.9754059728297761	0.9827644362133551	0.9935175256125908	0.9836645558548426	0.9776130730270199	0.982105956701547	0.984376842138584	0.9824290317211852	0.9784183253738045	0.9746678967967493	0.976317593255643	0.9807844381739392	0.9813966810895401	0.982419439731383	0.9814646108993081	0.9762001785783551	0.9818701415297464	0.9791975736233607	0.9822072841292896	0.9776997144356385	0.9812915073518756	0.984730178570649	0.9938003069123696	0.9948015679152707	0.9895852558083457	0.9908490433973695	0.9827034710744637	0.9748268000897223	0.9841290506665212	0.9780192376667097
0.9808120472870465	0.9826585963642928	0.983697931977419	0.9712348468593142	0.9692184238649051	0.9700832826072119	0.9707762257484701	0.9766854015595897	1.0	0.9759975144803482	0.9764044294255428	0.9664579877892365	0.9779973551622182	0.9732197019157828	0.9756621123872677	0.9744090126769845	0.9836567776983505	0.9873687595362439	0.9792041472200982	0.9853400066794494	0.9740023260329024	0.9705129153420536	0.9715903560582589	0.9776843835282613	0.9779447842529393	0.9728331279811033	0.9717332681468553	0.9824698017816907	0.9684412388350699	0.9847875814488233	0.9870056455892898	0.9823748207039055	0.9864777061773237	0.9722343515454892	0.978230988127751	0.977536428228558	0.9750961288621505	0.974728845805633	0.973435283636958	0.9663697282497768	0.9752551305058985	0.970531091163531
0.9786101000917297	0.9759140104531934	0.9753552847047324	0.90522105352359	0.9672736524522353	0.9655383092297097	0.9671338277330482	0.9672344199306881	0.9759975144803482	1.0	0.9655011562544709	0.9781177586212579	0.9424570879617604	0.9662443649311888	0.9658289045762296	0.9692742799812034	0.9725555294889212	0.9787677941163814	0.9697460044030439	0.9769578639292829	0.9633862113846694	0.9566593688290607	0.9640369556948092	0.9719895391971843	0.972206706356929	0.9651702274728742	0.965462465187074	0.9779554417064321	0.9089404193830728	0.968386134147549	0.9790744303324908	0.9749145554112907	0.9778776757340779	0.9376999949946362	0.9698629832939679	0.9700801101769375	0.9689850310528997	0.9698284681431296	0.9665987721315681	0.9683543054347226	0.9682745130586855	0.965619225682513
0.9747037285405354	0.9772931406627074	0.978403738675502	0.98119947823647	0.9733080595725206	0.9740793343329144	0.9717799396340736	0.9771333333233051	0.9764044294255428	0.9655011562544709	1.0	0.9698659121583241	0.9743964470997938	0.9762762394032531	0.9760741925864105	0.9769070465967624	0.9778885363354327	0.9796650656410106	0.990437581123501	0.9803869207972737	0.973856731932368	0.9712846900346135	0.9726142032671488	0.9880977657626484	0.9880030884585063	0.9749645823816045	0.975358126554299	0.975720629531187	0.9691203712227631	0.9780246406493036	0.9799151221447236	0.9772094780279386	0.9788748884141376	0.9733285225699377	0.9788168315411635	0.9779652803288341	0.9746311197246549	0.9754315579035093	0.9759098481163602	0.9710433382145582	0.9777705170459448	0.9730275773177318
0.9715420687104065	0.9710177354135108	0.9712411649297663	0.9410886512034415	0.9783033901424711	0.9773502809094792	0.979847389124526	0.9743862336216467	0.9664579877892365	0.9781177586212579	0.9698659121583241	1.0	0.9530618982617719	0.9849634567135339	0.9735592714340364	0.9892883736533382	0.9681055991628986	0.9730647374965402	0.9742306574465056	0.9729946780733599	0.9704760408152654	0.9633675770926902	0.9720740339997203	0.9753255187204437	0.9750999010115101	0.984370898717773	0.9774567734031652	0.9719131051997439	0.9411002845514657	0.9638761487578467	0.9735463037308472	0.9697432637311783	0.9727788278406246	0.9548424420545729	0.9781103538421825	0.9770340892520789	0.9762887222808885	0.9771669224395	0.9849827281065655	0.9782782211118228	0.986995422848181	0.983589085368788
0.9723269689961941	0.9832950764472493	0.9855782287376817	0.9844544007406082	0.9652873769968836	0.9660110113780591	0.9637995379337746	0.9754059728297761	0.9779973551622182	0.9424570879617604	0.9743964470997938	0.9530618982617719	1.0	0.9704954795250762	0.9719816706750691	0.9722871332816576	0.9855564703134737	0.9843151431368906	0.9801107838311182	0.9883877034725901	0.9698467865231525	0.9695558608793212	0.9680133509857154	0.9766868602455908	0.9760929095879917	0.9697515222370457	0.9686497708211521	0.9764285364559693	0.9787270777346195	0.9888306279252855	0.9838473724923448	0.984352561384918	0.9829157811257354	0.9816583749831265	0.9764374647916821	0.9767568091365958	0.9704065029192774	0.9705794257678696	0.9691986890577008	0.9600028474299822	0.9714710053893142	0.964778297195895
0.9728758745473779	0.9757689929688382	0.977161217721067	0.9710453722138095	0.982885897833866	0.9832482980934044	0.9859265059901045	0.9827644362133551	0.9732197019157828	0.9662443649311888	0.9762762394032531	0.9849634567135339	0.9704954795250762	1.0	0.9810175993962874	0.9940655855909313	0.9745756865560977	0.9790764149533625	0.9814195691712673	0.9790305654961571	0.97964212741082	0.9756764633683588	0.978306443523841	0.9799159867003663	0.980196135777123	0.9947919307937656	0.9848028025370131	0.9745190224400286	0.9728282847623748	0.9757309096131369	0.9798393479133013	0.9757968091956696	0.9786058487956253	0.9765008323225983	0.9846342606098955	0.9841919738131082	0.9800337759657121	0.9813130609718526	0.9940403139076707	0.9798581171774493	0.994826411699844	0.9905088365213505
0.9727304972718075	0.977088868156636	0.9777273250541507	0.9707156262428558	0.9772277270821855	0.977547976716343	0.9749677432153365	0.9935175256125908	0.9756621123872677	0.9658289045762296	0.9760741925864105	0.9735592714340364	0.9719816706750691	0.9810175993962874	1.0	0.9813660162073725	0.9774686317694875	0.9799387420975895	0.9815815084022709	0.980373626060777	0.9766645244480924	0.9735496902978718	0.9750151687302199	0.9797449837206715	0.9799581064567184	0.980785050730064	0.9793729419215658	0.9746577087999316	0.9792676438359759	0.9769346328880988	0.9801328513983734	0.9762547064901325	0.9791996943262975	0.981197475954502	0.9919683498098071	0.9921457801216232	0.9891024784884954	0.9902325687908664	0.9809012417039786	0.9737505037222097	0.9827105529764778	0.9771117712245327
0.9734224671213153	0.9768978374228878	0.9789540898079274	0.9726746942003351	0.9834675187835654	0.9841400309112496	0.9855406955108538	0.9836645558548426	0.9744090126769845	0.9692742799812034	0.9769070465967624	0.9892883736533382	0.9722871332816576	0.9940655855909313	0.9813660162073725	1.0	0.9758553932086603	0.9808375073834131	0.9836067302801301	0.9809316808767896	0.9807227405928949	0.975366862721585	0.9793000580834409	0.9811767083083877	0.9815435462690892	0.9941476439863286	0.9864342673419746	0.9747669594167051	0.9724825538418138	0.9770293770103302	0.9813194769986043	0.9767745904976551	0.9800317629447837	0.9764856794829899	0.985471237616766	0.9862117035561889	0.9804856962850426	0.981668296406064	0.9937057805278389	0.9810110067544149	0.9962833844453587	0.9903861632828741
0.9796614676644401	0.9889250654213855	0.9905577756006739	0.9734294238624266	0.9708547876596552	0.9720289394277614	0.9713339849540057	0.9776130730270199	0.9836567776983505	0.9725555294889212	0.9778885363354327	0.9681055991628986	0.9855564703134737	0.9745756865560977	0.9774686317694875	0.9758553932086603	1.0	0.9875237889669165	0.9819481849729095	0.9919887652148686	0.9752437859405334	0.9728740063898447	0.9736707943607282	0.9801950718884015	0.9807729232167213	0.9743355236638309	0.9731696196001883	0.9838242375312073	0.9692510036946075	0.985007083386518	0.9869784680772306	0.9890378760506048	0.9860750300690807	0.9724749461584352	0.9793391979995808	0.9792348069639877	0.9765434557222781	0.9758579939611615	0.974008601577134	0.9685668150611284	0.9764345027722633	0.9718689871410587
0.9885268614906415	0.9881283620653457	0.9896552240705563	0.9766277904077798	0.9759557095287816	0.9758855567814239	0.9738988562858749	0.982105956701547	0.9873687595362439	0.9787677941163814	0.9796650656410106	0.9730647374965402	0.9843151431368906	0.9790764149533625	0.9799387420975895	0.9808375073834131	0.9875237889669165	1.0	0.9861437058854117	0.9923997779256459	0.9782095955479884	0.9735228827487877	0.9759825423628357	0.9841792469441161	0.9841146416560678	0.9782491186256661	0.9784297763701655	0.9907067749124043	0.9734250229169408	0.9942992587582729	0.9968199168448333	0.9877873166641673	0.9956879341441174	0.9774244094898016	0.9837804088752349	0.9844968862662876	0.9793619449881592	0.9799543934768166	0.9785140578201196	0.9717941752905861	0.9809765642427835	0.9747903778338918
0.9779680308932013	0.9824531782934046	0.9843493586239744	0.9880328978158557	0.9782738593734831	0.9773995822855819	0.9756334173635419	0.984376842138584	0.9792041472200982	0.9697460044030439	0.990437581123501	0.9742306574465056	0.9801107838311182	0.9814195691712673	0.9815815084022709	0.9836067302801301	0.9819481849729095	0.9861437058854117	1.0	0.9866516470176919	0.9785272636283254	0.9744760572625787	0.9759675764097278	0.9943100605624214	0.994143735727741	0.981016008293019	0.9817170466728459	0.9800156846702593	0.9761241694019678	0.9838133157795601	0.9862248747601657	0.9821881861505459	0.9849425218324845	0.9804668119789307	0.9851763929569091	0.9861766955393285	0.9805220039485739	0.981588041272014	0.9812069325646967	0.9748955490778106	0.9834051760186989	0.9774158076479523
0.983174669383814	0.9937053164899681	0.9954865071519406	0.9769487601055601	0.9755788210806429	0.9755345525083078	0.974255530084863	0.9824290317211852	0.9853400066794494	0.9769578639292829	0.9803869207972737	0.9729946780733599	0.9883877034725901	0.9790305654961571	0.980373626060777	0.9809316808767896	0.9919887652148686	0.9923997779256459	0.9866516470176919	1.0	0.9787492069007988	0.9742900289365447	0.976402866217544	0.9850691137589269	0.985255255454957	0.9782390551510028	0.978388836098563	0.9863424369274003	0.9737473736593293	0.9896481301412602	0.9925825925358297	0.994231189268229	0.9912633037124888	0.9771619357388842	0.9840110823711392	0.9851235875379043	0.9799463776727289	0.9801582432203982	0.9787932054463055	0.97219854451822	0.9810117726665285	0.9755077967592797
0.9704143270493323	0.9747491672211266	0.9766245825987636	0.9691807158845326	0.9758159933509201	0.9776478750907709	0.973838380816086	0.9784183253738045	0.9740023260329024	0.9633862113846694	0.973856731932368	0.9704760408152654	0.9698467865231525	0.97964212741082	0.9766645244480924	0.9807227405928949	0.9752437859405334	0.9782095955479884	0.9785272636283254	0.9787492069007988	1.0	0.977695855933902	0.9811176090726259	0.9760916100421109	0.9759224633599143	0.9786372215997424	0.9799969046458942	0.9730664689385591	0.9700882473407044	0.9749130965392913	0.9781453362121676	0.9745818322478416	0.9772349105240756	0.973377684917048	0.9792914029605726	0.9794370603197048	0.975121825986218	0.9758983690417541	0.9792090633538456	0.9713457208340031	0.9808361210974693	0.9748076160638494
0.9672796116121252	0.9717844988112605	0.9736743488637525	0.9688284716614457	0.9701252180822296	0.9708639203651684	0.9708635293390065	0.9746678967967493	0.9705129153420536	0.9566593688290607	0.9712846900346135	0.9633675770926902	0.9695558608793212	0.9756764633683588	0.9735496902978718	0.975366862721585	0.9728740063898447	0.9735228827487877	0.9744760572625787	0.9742900289365447	0.977695855933902	1.0	0.976633716578893	0.9727758802350046	0.9722858332720324	0.9752298736723658	0.9725916358074147	0.9700747103716506	0.9687654498060446	0.9731009428309936	0.9741290441464177	0.9718676741661455	0.9728337103002508	0.9725037288318136	0.9761051244644045	0.97532616428936	0.9727917750582915	0.9721023761850025	0.9744817371582879	0.9675098023963041	0.9764062689855684	0.9706610371732549
0.9688186005281479	0.9735191805449455	0.9750054955385145	0.9652942795363545	0.9790584415728601	0.9772409910757647	0.9729277109014792	0.976317593255643	0.9715903560582589	0.9640369556948092	0.9726142032671488	0.9720740339997203	0.9680133509857154	0.978306443523841	0.9750151687302199	0.9793000580834409	0.9736707943607282	0.9759825423628357	0.9759675764097278	0.976402866217544	0.9811176090726259	0.976633716578893	1.0	0.9754808619235205	0.9753230034735377	0.977719610849076	0.9791305911471005	0.9729814268395673	0.9680966511284996	0.9728165222237256	0.9765088557702024	0.9734693269907679	0.9750187946331647	0.9714073362273251	0.9780879211300728	0.9779142350790037	0.975084840143524	0.9741947574928869	0.9778696304394159	0.9712014962905939	0.9799424630196099	0.9739864875171805
0.9779477401308239	0.9819498940136143	0.9832519822738183	0.9820744639811668	0.9787897776294516	0.9771222184289021	0.9742578364771356	0.9807844381739392	0.9776843835282613	0.9719895391971843	0.9880977657626484	0.9753255187204437	0.9766868602455908	0.9799159867003663	0.9797449837206715	0.9811767083083877	0.9801950718884015	0.9841792469441161	0.9943100605624214	0.9850691137589269	0.9760916100421109	0.9727758802350046	0.9754808619235205	1.0	0.9947661110424725	0.9792881009194903	0.9794409544862069	0.9800421045961993	0.9692120138478678	0.9809603059924012	0.9842903096364515	0.9813418002801781	0.9832962619020887	0.9754619834164164	0.9829907139687833	0.9833085335545422	0.9793075470588459	0.9800796011055071	0.9792673733155657	0.9748426007425249	0.981465305481008	0.976296756995247
0.9777478558494136	0.9811710535130516	0.9831410947098981	0.9820636415164331	0.9785126783504928	0.9770320868102368	0.9749024128407237	0.9813966810895401	0.9779447842529393	0.972206706356929	0.9880030884585063	0.9750999010115101	0.9760929095879917	0.980196135777123	0.9799581064567184	0.9815435462690892	0.9807729232167213	0.9841146416560678	0.994143735727741	0.985255255454957	0.9759224633599143	0.9722858332720324	0.9753230034735377	0.9947661110424725	1.0	0.9792732079441047	0.9793673577370572	0.9802153454213861	0.9709829805366179	0.9812888973153755	0.9851469687602175	0.9817179850688414	0.9836622774734752	0.9757879998273807	0.9834166532398807	0.9835273747095697	0.9793621227709265	0.9800086113294464	0.9800017901113575	0.9746134202746698	0.9821556753020849	0.9766675613609114
0.9722214057421341	0.9755085207298277	0.9768164545779705	0.9715429908625288	0.9816439098834321	0.9822772144490987	0.9846260626466166	0.982419439731383	0.9728331279811033	0.9651702274728742	0.9749645823816045	0.984370898717773	0.9697515222370457	0.9947919307937656	0.980785050730064	0.9941476439863286	0.9743355236638309	0.9782491186256661	0.981016008293019	0.9782390551510028	0.9786372215997424	0.9752298736723658	0.977719610849076	0.9792881009194903	0.9792732079441047	1.0	0.9836836117774148	0.9737556627669534	0.9732433538378519	0.9745080261182694	0.9783818149633836	0.9749305159720384	0.9773123039742171	0.9765861476058684	0.9839158857147318	0.9840504185469903	0.9801478210941702	0.9806518836668219	0.9937055523611681	0.9796414042023732	0.994591265394124	0.9908356395859749
0.968732265841471	0.9745371763290245	0.9762875713119055	0.9699094897565435	0.9855580167715585	0.9834277431849561	0.9776479767372722	0.9814646108993081	0.9717332681468553	0.965462465187074	0.975358126554299	0.9774567734031652	0.9686497708211521	0.9848028025370131	0.9793729419215658	0.9864342673419746	0.9731696196001883	0.9784297763701655	0.9817170466728459	0.978388836098563	0.9799969046458942	0.9725916358074147	0.9791305911471005	0.9794409544862069	0.9793673577370572	0.9836836117774148	1.0	0.9723134554404376	0.9715819223954213	0.9741760027316622	0.9783089187826599	0.973986060821896	0.9769800045973782	0.9742715959495098	0.9838134861219258	0.9841923011597616	0.9792850266273216	0.9799265112094927	0.9840228095996174	0.9795835964377144	0.9861750209655429	0.9800608507937053
0.9859149250105821	0.9844225137210338	0.9849587720712263	0.9681934485731097	0.972759419365681	0.971485001101879	0.971231007543788	0.9762001785783551	0.9824698017816907	0.9779554417064321	0.975720629531187	0.9719131051997439	0.9764285364559693	0.9745190224400286	0.9746577087999316	0.9747669594167051	0.9838242375312073	0.9907067749124043	0.9800156846702593	0.9863424369274003	0.9730664689385591	0.9700747103716506	0.9729814268395673	0.9800421045961993	0.9802153454213861	0.9737556627669534	0.9723134554404376	1.0	0.9652149311650953	0.9868647308271804	0.9908941219007165	0.983726518360781	0.9900784335708558	0.9701411329880874	0.9785105065906333	0.9776878840846088	0.9753703056829843	0.9758461951617221	0.973756346914084	0.969313349509526	0.9759364773492104	0.9722536569997964
0.9605109581596768	0.9687555489121079	0.9711613023091609	0.9830580518393073	0.9676892601726307	0.9669141281872118	0.9644176517490104	0.9818701415297464	0.9684412388350699	0.9089404193830728	0.9691203712227631	0.9411002845514657	0.9787270777346195	0.9728282847623748	0.9792676438359759	0.9724825538418138	0.9692510036946075	0.9734250229169408	0.9761241694019678	0.9737473736593293	0.9700882473407044	0.9687654498060446	0.9680966511284996	0.9692120138478678	0.9709829805366179	0.9732433538378519	0.9715819223954213	0.9652149311650953	1.0	0.9774621310095691	0.9739208225970296	0.9692996170433601	0.9718620046691568	0.9900935435401207	0.9806467350979327	0.9827710382012209	0.9762429644741625	0.9761271497020639	0.9728690281247502	0.9610790086203655	0.973988895622987	0.9660040902758796
0.9846570373346303	0.9853541865041957	0.9874709566498258	0.9810334471086944	0.9707503498462685	0.9718227465077076	0.9708952694538133	0.9791975736233607	0.9847875814488233	0.968386134147549	0.9780246406493036	0.9638761487578467	0.9888306279252855	0.9757309096131369	0.9769346328880988	0.9770293770103302	0.985007083386518	0.9942992587582729	0.9838133157795601	0.9896481301412602	0.9749130965392913	0.9731009428309936	0.9728165222237256	0.9809603059924012	0.9812888973153755	0.9745080261182694	0.9741760027316622	0.9868647308271804	0.9774621310095691	1.0	0.9943906497246832	0.9853484395138009	0.9928276657672302	0.9811571223140275	0.9811211861778306	0.9816336658424241	0.9762246756226219	0.976277151578594	0.9752571832313465	0.9673487782237139	0.9775692103871547	0.9707577576300249
0.9893301081455906	0.9880241358407599	0.9899174010996904	0.976039561835464	0.9765867002582399	0.9761100863167045	0.9750658212718825	0.9822072841292896	0.9870056455892898	0.9790744303324908	0.9799151221447236	0.9735463037308472	0.9838473724923448	0.9798393479133013	0.9801328513983734	0.9813194769986043	0.9869784680772306	0.9968199168448333	0.9862248747601657	0.9925825925358297	0.9781453362121676	0.9741290441464177	0.9765088557702024	0.9842903096364515	0.9851469687602175	0.9783818149633836	0.9783089187826599	0.9908941219007165	0.9739208225970296	0.9943906497246832	1.0	0.9882301048212936	0.9960345102355768	0.9774217159304195	0.9841296931860309	0.9846258058674259	0.9795739328026378	0.9802549401345843	0.9794861482890023	0.9726899480521414	0.9814873775004903	0.9759962653093055
0.9801316633986676	0.9909323553694912	0.9920106209370442	0.9725824471316107	0.9724525491326749	0.9722164060482987	0.9710567394654872	0.9776997144356385	0.9823748207039055	0.9749145554112907	0.9772094780279386	0.9697432637311783	0.984352561384918	0.9757968091956696	0.9762547064901325	0.9767745904976551	0.9890378760506048	0.9877873166641673	0.9821881861505459	0.994231189268229	0.9745818322478416	0.9718676741661455	0.9734693269907679	0.9813418002801781	0.9817179850688414	0.9749305159720384	0.973986060821896	0.983726518360781	0.9692996170433601	0.9853484395138009	0.9882301048212936	1.0	0.9868898258706643	0.9734572558624154	0.9794900354541628	0.9797933696852511	0.975938213114612	0.9757186891673406	0.9748200281023809	0.9689731443728845	0.9771206272037952	0.9723957792211927
0.988269993775993	0.9872120788649572	0.9888202311733446	0.9750525193844519	0.9752372707291828	0.9744569393189438	0.9736263524195545	0.9812915073518756	0.9864777061773237	0.9778776757340779	0.9788748884141376	0.9727788278406246	0.9829157811257354	0.9786058487956253	0.9791996943262975	0.9800317629447837	0.9860750300690807	0.9956879341441174	0.9849425218324845	0.9912633037124888	0.9772349105240756	0.9728337103002508	0.9750187946331647	0.9832962619020887	0.9836622774734752	0.9773123039742171	0.9769800045973782	0.9900784335708558	0.9718620046691568	0.9928276657672302	0.9960345102355768	0.9868898258706643	1.0	0.9757744193552801	0.9830430128242729	0.9834510261143372	0.9783761146580519	0.9793068939903565	0.9782648279554291	0.9714269165520937	0.9802005449218739	0.9743677759804545
0.96481625504593	0.972825330783367	0.9745726927542103	0.9831838903108482	0.9708036977720829	0.9706948478935223	0.9683539495514502	0.984730178570649	0.9722343515454892	0.9376999949946362	0.9733285225699377	0.9548424420545729	0.9816583749831265	0.9765008323225983	0.981197475954502	0.9764856794829899	0.9724749461584352	0.9774244094898016	0.9804668119789307	0.9771619357388842	0.973377684917048	0.9725037288318136	0.9714073362273251	0.9754619834164164	0.9757879998273807	0.9765861476058684	0.9742715959495098	0.9701411329880874	0.9900935435401207	0.9811571223140275	0.9774217159304195	0.9734572558624154	0.9757744193552801	1.0	0.9838232789348298	0.9858751771290795	0.9791693985008341	0.9792612276679352	0.9760600690286166	0.9646737184077567	0.9775058035381686	0.9698122000694183
0.9756291215332316	0.9802092242500968	0.9819417419406203	0.974535739969094	0.9811566322374298	0.9810985279599174	0.9778503241258358	0.9938003069123696	0.978230988127751	0.9698629832939679	0.9788168315411635	0.9781103538421825	0.9764374647916821	0.9846342606098955	0.9919683498098071	0.985471237616766	0.9793391979995808	0.9837804088752349	0.9851763929569091	0.9840110823711392	0.9792914029605726	0.9761051244644045	0.9780879211300728	0.9829907139687833	0.9834166532398807	0.9839158857147318	0.9838134861219258	0.9785105065906333	0.9806467350979327	0.9811211861778306	0.9841296931860309	0.9794900354541628	0.9830430128242729	0.9838232789348298	1.0	0.9965923468148775	0.9917089453415097	0.9922167142491887	0.9843471484848346	0.9774742042747965	0.9861330015818723	0.9799447622648442
0.975115537485755	0.980307427353775	0.9821931062842253	0.9751668606415447	0.981110813055686	0.9807041669656545	0.977354702142908	0.9948015679152707	0.977536428228558	0.9700801101769375	0.9779652803288341	0.9770340892520789	0.9767568091365958	0.9841919738131082	0.9921457801216232	0.9862117035561889	0.9792348069639877	0.9844968862662876	0.9861766955393285	0.9851235875379043	0.9794370603197048	0.97532616428936	0.9779142350790037	0.9833085335545422	0.9835273747095697	0.9840504185469903	0.9841923011597616	0.9776878840846088	0.9827710382012209	0.9816336658424241	0.9846258058674259	0.9797933696852511	0.9834510261143372	0.9858751771290795	0.9965923468148775	1.0	0.9920047197144175	0.9923046020191479	0.9841213841972731	0.9776206554899629	0.9861465127781199	0.9794803798168776
0.972805905587515	0.9771877633326687	0.9781741365715018	0.9681955341211549	0.9779085332388119	0.9775331040074183	0.975176855845777	0.9895852558083457	0.9750961288621505	0.9689850310528997	0.9746311197246549	0.9762887222808885	0.9704065029192774	0.9800337759657121	0.9891024784884954	0.9804856962850426	0.9765434557222781	0.9793619449881592	0.9805220039485739	0.9799463776727289	0.975121825986218	0.9727917750582915	0.975084840143524	0.9793075470588459	0.9793621227709265	0.9801478210941702	0.9792850266273216	0.9753703056829843	0.9762429644741625	0.9762246756226219	0.9795739328026378	0.975938213114612	0.9783761146580519	0.9791693985008341	0.9917089453415097	0.9920047197144175	1.0	0.9894182673687024	0.9799265112094927	0.9758312114166953	0.9820472944875164	0.9763323372250863
0.9735976253689156	0.9771284534190955	0.9782259752070277	0.9687676241442398	0.9791065165900802	0.9772125320682886	0.9756365932289871	0.9908490433973695	0.974728845805633	0.9698284681431296	0.9754315579035093	0.9771669224395	0.9705794257678696	0.9813130609718526	0.9902325687908664	0.981668296406064	0.9758579939611615	0.9799543934768166	0.981588041272014	0.9801582432203982	0.9758983690417541	0.9721023761850025	0.9741947574928869	0.9800796011055071	0.9800086113294464	0.9806518836668219	0.9799265112094927	0.9758461951617221	0.9761271497020639	0.976277151578594	0.9802549401345843	0.9757186891673406	0.9793068939903565	0.9792612276679352	0.9922167142491887	0.9923046020191479	0.9894182673687024	1.0	0.9810656252462328	0.9757735210107775	0.9827460354143623	0.9778689252218478
0.9726821322747553	0.9750579882224507	0.9770562947186447	0.9711182330062827	0.9821704944779823	0.9831157315355095	0.985517018849102	0.9827034710744637	0.973435283636958	0.9665987721315681	0.9759098481163602	0.9849827281065655	0.9691986890577008	0.9940403139076707	0.9809012417039786	0.9937057805278389	0.974008601577134	0.9785140578201196	0.9812069325646967	0.9787932054463055	0.9792090633538456	0.9744817371582879	0.9778696304394159	0.9792673733155657	0.9800017901113575	0.9937055523611681	0.9840228095996174	0.973756346914084	0.9728690281247502	0.9752571832313465	0.9794861482890023	0.9748200281023809	0.9782648279554291	0.9760600690286166	0.9843471484848346	0.9841213841972731	0.9799265112094927	0.9810656252462328	1.0	0.9799674583564784	0.9947417507433315	0.9916682366835844
0.9688962802917598	0.9708001897208656	0.9712796459918689	0.9598071058933302	0.9788583465540258	0.977981868642656	0.9755759453470731	0.9748268000897223	0.9663697282497768	0.9683543054347226	0.9710433382145582	0.9782782211118228	0.9600028474299822	0.9798581171774493	0.9737505037222097	0.9810110067544149	0.9685668150611284	0.9717941752905861	0.9748955490778106	0.97219854451822	0.9713457208340031	0.9675098023963041	0.9712014962905939	0.9748426007425249	0.9746134202746698	0.9796414042023732	0.9795835964377144	0.969313349509526	0.9610790086203655	0.9673487782237139	0.9726899480521414	0.9689731443728845	0.9714269165520937	0.9646737184077567	0.9774742042747965	0.9776206554899629	0.9758312114166953	0.9757735210107775	0.9799674583564784	1.0	0.9814629737833608	0.9774858898355239
0.9743482468664171	0.9776887680525497	0.9791020690029968	0.9727724456178583	0.9842727765218994	0.9843856767164094	0.986293898675325	0.9841290506665212	0.9752551305058985	0.9682745130586855	0.9777705170459448	0.986995422848181	0.9714710053893142	0.994826411699844	0.9827105529764778	0.9962833844453587	0.9764345027722633	0.9809765642427835	0.9834051760186989	0.9810117726665285	0.9808361210974693	0.9764062689855684	0.9799424630196099	0.981465305481008	0.9821556753020849	0.994591265394124	0.9861750209655429	0.9759364773492104	0.973988895622987	0.9775692103871547	0.9814873775004903	0.9771206272037952	0.9802005449218739	0.9775058035381686	0.9861330015818723	0.9861465127781199	0.9820472944875164	0.9827460354143623	0.9947417507433315	0.9814629737833608	1.0	0.9915778963422568
0.9711856992451218	0.9730412380700164	0.9736745614584938	0.9659093949669003	0.9788518982192684	0.9801538081816233	0.9835637023527648	0.9780192376667097	0.970531091163531	0.965619225682513	0.9730275773177318	0.983589085368788	0.964778297195895	0.9905088365213505	0.9771117712245327	0.9903861632828741	0.9718689871410587	0.9747903778338918	0.9774158076479523	0.9755077967592797	0.9748076160638494	0.9706610371732549	0.9739864875171805	0.976296756995247	0.9766675613609114	0.9908356395859749	0.9800608507937053	0.9722536569997964	0.9660040902758796	0.9707577576300249	0.9759962653093055	0.9723957792211927	0.9743677759804545	0.9698122000694183	0.9799447622648442	0.9794803798168776	0.9763323372250863	0.9778689252218478	0.9916682366835844	0.9774858898355239	0.9915778963422568	1.0
