/home/jshaw/scratch/2022_sketched_distance/references/SGB_genome_fastas_part4/13965/Bengtsson-PalmeJ_2015__TRAVELRES14__bin.14.fa	/home/jshaw/scratch/2022_sketched_distance/references/SGB_genome_fastas_part4/13965/BritoIL_2016__M1.15.ST__bin.37.fa	/home/jshaw/scratch/2022_sketched_distance/references/SGB_genome_fastas_part4/13965/BritoIL_2016__W1.2.ST__bin.8.fa	/home/jshaw/scratch/2022_sketched_distance/references/SGB_genome_fastas_part4/13965/BritoIL_2016__W1.9.ST__bin.81.fa	/home/jshaw/scratch/2022_sketched_distance/references/SGB_genome_fastas_part4/13965/BritoIL_2016__W2.11.ST__bin.19.fa	/home/jshaw/scratch/2022_sketched_distance/references/SGB_genome_fastas_part4/13965/BritoIL_2016__W2.5.ST__bin.78.fa	/home/jshaw/scratch/2022_sketched_distance/references/SGB_genome_fastas_part4/13965/BritoIL_2016__W2.7.ST__bin.26.fa	/home/jshaw/scratch/2022_sketched_distance/references/SGB_genome_fastas_part4/13965/BritoIL_2016__WL.37.ST__bin.29.fa	/home/jshaw/scratch/2022_sketched_distance/references/SGB_genome_fastas_part4/13965/CM_madagascar__A08_01_1FE__bin.48.fa	/home/jshaw/scratch/2022_sketched_distance/references/SGB_genome_fastas_part4/13965/CM_madagascar__A79_02_1FE__bin.22.fa	/home/jshaw/scratch/2022_sketched_distance/references/SGB_genome_fastas_part4/13965/CosteaPI_2017__SID713B046-11-0-0__bin.35.fa	/home/jshaw/scratch/2022_sketched_distance/references/SGB_genome_fastas_part4/13965/CosteaPI_2017__SID713B046-11-90-0__bin.66.fa	/home/jshaw/scratch/2022_sketched_distance/references/SGB_genome_fastas_part4/13965/KarlssonFH_2013__S577__bin.22.fa	/home/jshaw/scratch/2022_sketched_distance/references/SGB_genome_fastas_part4/13965/LeChatelierE_2013__MH0094__bin.24.fa	/home/jshaw/scratch/2022_sketched_distance/references/SGB_genome_fastas_part4/13965/LeChatelierE_2013__MH0250__bin.57.fa	/home/jshaw/scratch/2022_sketched_distance/references/SGB_genome_fastas_part4/13965/LeChatelierE_2013__MH0267__bin.49.fa	/home/jshaw/scratch/2022_sketched_distance/references/SGB_genome_fastas_part4/13965/LeChatelierE_2013__MH0426__bin.42.fa	/home/jshaw/scratch/2022_sketched_distance/references/SGB_genome_fastas_part4/13965/LiJ_2014__MH0346__bin.53.fa	/home/jshaw/scratch/2022_sketched_distance/references/SGB_genome_fastas_part4/13965/LiJ_2014__MH0402__bin.29.fa	/home/jshaw/scratch/2022_sketched_distance/references/SGB_genome_fastas_part4/13965/NielsenHB_2014__MH0094__bin.25.fa	/home/jshaw/scratch/2022_sketched_distance/references/SGB_genome_fastas_part4/13965/RampelliS_2015__H14__bin.28.fa	/home/jshaw/scratch/2022_sketched_distance/references/SGB_genome_fastas_part4/13965/RampelliS_2015__H3__bin.16.fa	/home/jshaw/scratch/2022_sketched_distance/references/SGB_genome_fastas_part4/13965/RampelliS_2015__H4__bin.4.fa	/home/jshaw/scratch/2022_sketched_distance/references/SGB_genome_fastas_part4/13965/WenC_2017__RA025__bin.37.fa	/home/jshaw/scratch/2022_sketched_distance/references/SGB_genome_fastas_part4/13965/XieH_2016__YSZC12003_35723__bin.27.fa	/home/jshaw/scratch/2022_sketched_distance/references/SGB_genome_fastas_part4/13965/XieH_2016__YSZC12003_36696__bin.110.fa	/home/jshaw/scratch/2022_sketched_distance/references/SGB_genome_fastas_part4/13965/XieH_2016__YSZC12003_37406__bin.2.fa	/home/jshaw/scratch/2022_sketched_distance/references/SGB_genome_fastas_part4/13965/ZeeviD_2015__PNP_Main_443__bin.2.fa	/home/jshaw/scratch/2022_sketched_distance/references/SGB_genome_fastas_part4/13965/ZeeviD_2015__PNP_Main_502__bin.13.fa	/home/jshaw/scratch/2022_sketched_distance/references/SGB_genome_fastas_part4/13965/ZeeviD_2015__PNP_Main_729__bin.23.fa	/home/jshaw/scratch/2022_sketched_distance/references/SGB_genome_fastas_part4/13965/ZeeviD_2015__PNP_Validation_68__bin.20.fa	/home/jshaw/scratch/2022_sketched_distance/references/SGB_genome_fastas_part4/13965/ZellerG_2014__CCIS05314658ST-4-0__bin.73.fa	/home/jshaw/scratch/2022_sketched_distance/references/SGB_genome_fastas_part4/13965/ZellerG_2014__CCIS07648107ST-4-0__bin.16.fa
1.0	0.9637512957017116	0.9658989226454936	0.9668184579632019	0.9666143098793016	0.9657600531176975	0.9660537338028518	0.9643765844553666	0.9774565046104886	0.9770101892194466	0.9628074822278425	0.9645457884595334	0.9643459818671529	0.9656765621880173	0.963673696279806	0.9653688963122726	0.9659841705796506	0.9639292371093935	0.9659922522717383	0.964248854731358	0.9788953530547615	0.9773462209118455	0.9789020026980656	0.9629105526072025	0.9658490875461472	0.9649762873335039	0.9654896061524957	0.9650204072413503	0.9654671915633471	0.9653606309265518	0.9642052924683996	0.9643763175646293	0.9639211493488149
0.9637512957017116	1.0	0.9828949412507	0.9836104901376732	0.9838222723784755	0.9847936990918392	0.9833189259793074	0.9842514640316404	0.9634854977996934	0.9638721783874532	0.9826293089843913	0.9831344834869032	0.9826302036531788	0.9826476454752269	0.9827603622355021	0.9833144915165446	0.9832148762325256	0.9825751722438463	0.984144907444966	0.9809033950569273	0.9635247734456267	0.9647867340759587	0.9637502957321548	0.9787280094150942	0.9823342902925786	0.9834056406639016	0.9838888279829784	0.9911047414759009	0.9827960773075365	0.9821352494184471	0.9848957972827854	0.983371548984639	0.9839339439492972
0.9658989226454936	0.9828949412507	1.0	0.9996216735259192	0.9996950034485839	0.9998990408061119	0.9998469741799042	0.9999083619086521	0.9661207742941378	0.9658586155510704	0.983034780700498	0.9833427401409236	0.9852104457012545	0.9830817013233633	0.9829360124363149	0.9840586554838431	0.9836780096872637	0.9833212773905532	0.9850366277321557	0.9816087675979599	0.9664189540009539	0.9666257351170244	0.9658075570243989	0.9805722466720121	0.9840765843861672	0.9840299131991074	0.9839633340054182	0.9837934111387647	0.983538190736494	0.9831740259086846	0.9844681688096487	0.9839258093953829	0.9841662441794089
0.9668184579632019	0.9836104901376732	0.9996216735259192	1.0	0.9970661242080783	0.9958163139567685	0.9987543959996102	0.9946504667814617	0.9653625403923354	0.9635138243252451	0.9836490676413472	0.9811092897574141	0.9830406219112583	0.9808745337456606	0.9843735479516935	0.9838412772849379	0.9834169187719131	0.9837260867503059	0.9835331986889825	0.9830263125309436	0.9643896820879878	0.96386233661867	0.9638376144325052	0.9816622922051731	0.9838029253807984	0.9844864910715065	0.981907168231867	0.9843358136908098	0.9835718671898793	0.983917846804278	0.985485864206795	0.9849344165120599	0.9848601854487075
0.9666143098793016	0.9838222723784755	0.9996950034485839	0.9970661242080783	1.0	0.9923234259711651	0.9989983787456843	0.9916720147659623	0.9654732140334105	0.960984258231049	0.9839047075726555	0.979411118896459	0.9809350619677719	0.9808432512360632	0.9842731233520584	0.98394584759796	0.9835737160695701	0.9836152731870509	0.9836152731870509	0.9827739518852036	0.9618899187110492	0.9639113543975162	0.9639874747351358	0.9816468983143521	0.9838635158768697	0.9843950149100612	0.9819978347459244	0.9843138042058653	0.9841098936192053	0.9841916100051912	0.9852753171167901	0.9847579963704031	0.9846374480564126
0.9657600531176975	0.9847936990918392	0.9998990408061119	0.9958163139567685	0.9923234259711651	1.0	0.9980986376013692	0.9999542124465328	0.9646913073247064	0.9553533310184901	0.9851640856107146	0.9780850974805197	0.973685375378807	0.9813165300204253	0.9824790134436728	0.984203085064604	0.9838216275370752	0.9840945491093054	0.9852166585500415	0.9822497959943526	0.959210574527188	0.9620142464398242	0.9609220526608774	0.9813756454912028	0.9838216275370752	0.9843112631296993	0.9820189625212876	0.9842572186833959	0.9834910948601432	0.9839310688409778	0.9857378109999978	0.9840945491093054	0.9854261127558385
0.9660537338028518	0.9833189259793074	0.9998469741799042	0.9987543959996102	0.9989983787456843	0.9980986376013692	1.0	0.9974821029472126	0.965054173290292	0.9650958568065884	0.9832827785311478	0.982671605934162	0.9843890289312712	0.9823283162206784	0.9831740963699664	0.9831014408478027	0.9829921546270887	0.9836424717318977	0.983817861606949	0.9821793841117311	0.9659050068933624	0.9658891476129632	0.9650003741722415	0.9809987435035146	0.982888773446792	0.9839274118989114	0.9830196139487415	0.9838919294786349	0.983246591173387	0.9832827785311478	0.984767676443689	0.9839274118989114	0.9842098978559487
0.9643765844553666	0.9842514640316404	0.9999083619086521	0.9946504667814617	0.9916720147659623	0.9999542124465328	0.9974821029472126	1.0	0.9636900698660945	0.952310982704326	0.9844717210971499	0.9767502744747792	0.9723934373967107	0.9799265112094927	0.9825118016070843	0.9838810505820601	0.9835816778940741	0.9834309602223558	0.984690509661608	0.9814057909609635	0.956222204416132	0.960018235591211	0.9601734781920754	0.9805097677291209	0.9834309602223558	0.9838064632495642	0.9812446931430595	0.9843984662301816	0.9822779248501483	0.9829746038856084	0.9849799775285011	0.9838810505820601	0.9846177420781116
0.9774565046104886	0.9634854977996934	0.9661207742941378	0.9653625403923354	0.9654732140334105	0.9646913073247064	0.965054173290292	0.9636900698660945	1.0	0.9901325082028883	0.9646691221665915	0.9635680008091959	0.961896899786949	0.9649310920971071	0.9649263344337355	0.9642139894488385	0.9648622239643175	0.9633512513186688	0.9642387456144568	0.9653083369794284	0.9793384776182444	0.9791049089705817	0.9793862466508174	0.9648622239643175	0.9655605087679243	0.9651179027038798	0.964147882002255	0.9653715654243286	0.9653083369794284	0.965810720142682	0.9658729702903528	0.9654976508266352	0.9649903173707975
0.9770101892194466	0.9638721783874532	0.9658586155510704	0.9635138243252451	0.960984258231049	0.9553533310184901	0.9650958568065884	0.952310982704326	0.9901325082028883	1.0	0.9641383450086536	0.9604930978784485	0.9550464071865741	0.9633331367424373	0.9651815061201194	0.9642265795644304	0.9645771155173258	0.9630601845348329	0.9629686823134485	0.9655218414885742	0.9762900472116182	0.977598376871589	0.9784044025045807	0.9646641555591796	0.9650099788507088	0.9651815061201194	0.964750960632555	0.964750960632555	0.9661089041759925	0.9651815061201194	0.9660256906120309	0.9658586155510704	0.9654370945003713
0.9628074822278425	0.9826293089843913	0.983034780700498	0.9836490676413472	0.9839047075726555	0.9851640856107146	0.9832827785311478	0.9844717210971499	0.9646691221665915	0.9641383450086536	1.0	0.9996469603687264	0.9830406219112583	0.9825681045847805	0.9829710297541715	0.9833144915165446	0.983107063539586	0.9828970142367656	0.9853169373421385	0.9810507500223113	0.9646985116749247	0.9654114820283715	0.9645890588057168	0.9791171945697548	0.9826681052924957	0.9836845634373866	0.9831724468956804	0.9831062739240851	0.983781874633473	0.9828676433392771	0.9818770418828593	0.9831964031069648	0.9822542526315619
0.9645457884595334	0.9831344834869032	0.9833427401409236	0.9811092897574141	0.979411118896459	0.9780850974805197	0.982671605934162	0.9767502744747792	0.9635680008091959	0.9604930978784485	0.9996469603687264	1.0	0.9798853646965439	0.9803447635411593	0.9838780958365972	0.9825016519463321	0.9825867391760388	0.9833011945377901	0.9836320943321301	0.9824590252900823	0.9612974476284972	0.9625595092381106	0.9627950661645229	0.980706768786693	0.9820728675238773	0.9837143000605933	0.981198069952186	0.9838780958365972	0.9832179450133084	0.9836320943321301	0.9844048526303634	0.9834670619409336	0.9830088912836473
0.9643459818671529	0.9826302036531788	0.9852104457012545	0.9830406219112583	0.9809350619677719	0.973685375378807	0.9843890289312712	0.9723934373967107	0.961896899786949	0.9550464071865741	0.9830406219112583	0.9798853646965439	1.0	0.9806072064097214	0.9835966831831893	0.9841927295821904	0.9829895999133463	0.9834459632121577	0.9828873169466552	0.9818465254482917	0.9583829502781855	0.9614037101158108	0.9610036197984034	0.9819521061175395	0.9824749613287957	0.983142428193915	0.9831932129781525	0.9828360554711764	0.9822668201309052	0.9832945470722999	0.9836467695915413	0.9827847136611132	0.9847297522913239
0.9656765621880173	0.9826476454752269	0.9830817013233633	0.9808745337456606	0.9808432512360632	0.9813165300204253	0.9823283162206784	0.9799265112094927	0.9649310920971071	0.9633331367424373	0.9825681045847805	0.9803447635411593	0.9806072064097214	1.0	0.9828456567671341	0.9826078991752596	0.9812684441867277	0.9822077603401417	0.9820867589086857	0.999693162341149	0.9634449783895497	0.9639343957370595	0.9623629505089424	0.9849483195443353	0.9875803302546764	0.982687343603687	0.9810606268362353	0.9832381249985008	0.982528261584341	0.982687343603687	0.9838564603982913	0.9824484298735533	0.9824883700540463
0.963673696279806	0.9827603622355021	0.9829360124363149	0.9843735479516935	0.9842731233520584	0.9824790134436728	0.9831740963699664	0.9825118016070843	0.9649263344337355	0.9651815061201194	0.9829710297541715	0.9838780958365972	0.9835966831831893	0.9828456567671341	1.0	0.9845455473032325	0.9827086873594381	0.9836359092153838	0.9834875213357264	0.9812464723675132	0.9642341475844819	0.9658891476129632	0.964519991824874	0.9802349078897189	0.9823342902925786	0.9830182048128866	0.985061085747536	0.9828658653238843	0.9825088865146616	0.9826191608008241	0.9843419059545813	0.983371548984639	0.9842073684876073
0.9653688963122726	0.9833144915165446	0.9840586554838431	0.9838412772849379	0.98394584759796	0.984203085064604	0.9831014408478027	0.9838810505820601	0.9642139894488385	0.9642265795644304	0.9833144915165446	0.9825016519463321	0.9841927295821904	0.9826078991752596	0.9845455473032325	1.0	0.9834218403625065	0.984233376043661	0.9839999561797006	0.9813956040507362	0.9639208021315354	0.9647165626349528	0.9641024444414781	0.981205026420434	0.982222258133768	0.9838829992837607	0.9846992330048079	0.9846489479420583	0.9831347917506542	0.9841286554165375	0.9857653680018215	0.9837771522016797	0.9858318256116388
0.9659841705796506	0.9832148762325256	0.9836780096872637	0.9834169187719131	0.9835737160695701	0.9838216275370752	0.9829921546270887	0.9835816778940741	0.9648622239643175	0.9645771155173258	0.983107063539586	0.9825867391760388	0.9829895999133463	0.9812684441867277	0.9827086873594381	0.9834218403625065	1.0	0.9835362026962037	0.9840725118782817	0.9809881510515623	0.9658309116600376	0.9656170644355098	0.9643814111373995	0.9802502113490811	0.981694311363576	0.9837133658123212	0.9826343832513599	0.98385441032928	0.9837133658123212	0.9835717119858728	0.9841346925875799	0.9834650685252787	0.9838192060314626
0.9639292371093935	0.9825751722438463	0.9833212773905532	0.9837260867503059	0.9836152731870509	0.9840945491093054	0.9836424717318977	0.9834309602223558	0.9633512513186688	0.9630601845348329	0.9828970142367656	0.9833011945377901	0.9834459632121577	0.9822077603401417	0.9836359092153838	0.984233376043661	0.9835362026962037	1.0	0.9839272396273735	0.9810299368267634	0.9639994254035705	0.964363389802934	0.9636083483179991	0.9801904221031509	0.9815036757271735	0.983286131155015	0.9849168229018491	0.9835313670963348	0.9827603158570812	0.9829325800609511	0.9840164037998521	0.9829681073202414	0.9850655571502384
0.9659922522717383	0.984144907444966	0.9850366277321557	0.9835331986889825	0.9836152731870509	0.9852166585500415	0.983817861606949	0.984690509661608	0.9642387456144568	0.9629686823134485	0.9853169373421385	0.9836320943321301	0.9828873169466552	0.9820867589086857	0.9834875213357264	0.9839999561797006	0.9840725118782817	0.9839272396273735	1.0	0.982323500271033	0.9639208021315354	0.9647165626349528	0.9624495959187231	0.9806773690748594	0.9827035286123986	0.9846116244744342	0.9822053298194314	0.9851420244291234	0.984144907444966	0.985071797566781	0.9848602112346269	0.9840362540904791	0.9846116244744342
0.964248854731358	0.9809033950569273	0.9816087675979599	0.9830263125309436	0.9827739518852036	0.9822497959943526	0.9821793841117311	0.9814057909609635	0.9653083369794284	0.9655218414885742	0.9810507500223113	0.9824590252900823	0.9818465254482917	0.999693162341149	0.9812464723675132	0.9813956040507362	0.9809881510515623	0.9810299368267634	0.982323500271033	1.0	0.966052687776034	0.9664930568942366	0.9649321858766191	0.9832881173127795	0.9871776469038248	0.9820473356219258	0.9822053298194314	0.9817966479683152	0.9814461795023075	0.980866452321677	0.9821707876784085	0.9812798922017795	0.9808294677975683
0.9788953530547615	0.9635247734456267	0.9664189540009539	0.9643896820879878	0.9618899187110492	0.959210574527188	0.9659050068933624	0.956222204416132	0.9793384776182444	0.9762900472116182	0.9646985116749247	0.9612974476284972	0.9583829502781855	0.9634449783895497	0.9642341475844819	0.9639208021315354	0.9658309116600376	0.9639994254035705	0.9639208021315354	0.966052687776034	1.0	0.979142275750566	0.9803021835170612	0.9649282028383152	0.9661262750045676	0.9662729469426612	0.9634449783895497	0.9642341475844819	0.9646985116749247	0.9664917101096775	0.9666367312591713	0.9645444676861562	0.9646985116749247
0.9773462209118455	0.9647867340759587	0.9666257351170244	0.96386233661867	0.9639113543975162	0.9620142464398242	0.9658891476129632	0.960018235591211	0.9791049089705817	0.977598376871589	0.9654114820283715	0.9625595092381106	0.9614037101158108	0.9639343957370595	0.9658891476129632	0.9647165626349528	0.9656170644355098	0.964363389802934	0.9647165626349528	0.9664930568942366	0.979142275750566	1.0	0.9808591629092764	0.9656853011290427	0.9661589507347289	0.9664265123181252	0.9635724729057619	0.9666918699074657	0.9671510519121627	0.9664930568942366	0.9666257351170244	0.9658213421002625	0.9662930093497875
0.9789020026980656	0.9637502957321548	0.9658075570243989	0.9638376144325052	0.9639874747351358	0.9609220526608774	0.9650003741722415	0.9601734781920754	0.9793862466508174	0.9784044025045807	0.9645890588057168	0.9627950661645229	0.9610036197984034	0.9623629505089424	0.964519991824874	0.9641024444414781	0.9643814111373995	0.9636083483179991	0.9624495959187231	0.9649321858766191	0.9803021835170612	0.9808591629092764	1.0	0.9627432292835538	0.9646579777434652	0.9652716910980659	0.962889044504446	0.9652716910980659	0.9647953740606822	0.9657410596460381	0.9660062290264808	0.9642422304449199	0.9652040760749493
0.9629105526072025	0.9787280094150942	0.9805722466720121	0.9816622922051731	0.9816468983143521	0.9813756454912028	0.9809987435035146	0.9805097677291209	0.9648622239643175	0.9646641555591796	0.9791171945697548	0.980706768786693	0.9819521061175395	0.9849483195443353	0.9802349078897189	0.981205026420434	0.9802502113490811	0.9801904221031509	0.9806773690748594	0.9832881173127795	0.9649282028383152	0.9656853011290427	0.9627432292835538	1.0	0.9839703622257283	0.9797416635899483	0.981530985240234	0.97924387833781	0.9794099996405653	0.9786875075262673	0.9802637380136344	0.9792043989733967	0.9796954978211745
0.9658490875461472	0.9823342902925786	0.9840765843861672	0.9838029253807984	0.9838635158768697	0.9838216275370752	0.982888773446792	0.9834309602223558	0.9655605087679243	0.9650099788507088	0.9826681052924957	0.9820728675238773	0.9824749613287957	0.9875803302546764	0.9823342902925786	0.982222258133768	0.981694311363576	0.9815036757271735	0.9827035286123986	0.9871776469038248	0.9661262750045676	0.9661589507347289	0.9646579777434652	0.9839703622257283	1.0	0.9825942176613996	0.9819293391023767	0.9831443551193922	0.981694311363576	0.9827786251732383	0.9839703622257283	0.9827418266284597	0.982888773446792
0.9649762873335039	0.9834056406639016	0.9840299131991074	0.9844864910715065	0.9843950149100612	0.9843112631296993	0.9839274118989114	0.9838064632495642	0.9651179027038798	0.9651815061201194	0.9836845634373866	0.9837143000605933	0.983142428193915	0.982687343603687	0.9830182048128866	0.9838829992837607	0.9837133658123212	0.983286131155015	0.9846116244744342	0.9820473356219258	0.9662729469426612	0.9664265123181252	0.9652716910980659	0.9797416635899483	0.9825942176613996	1.0	0.9840005236435788	0.9848442150594557	0.9841611851590392	0.9833004297362027	0.9848777097472832	0.984064249010163	0.9847435254532135
0.9654896061524957	0.9838888279829784	0.9839633340054182	0.981907168231867	0.9819978347459244	0.9820189625212876	0.9830196139487415	0.9812446931430595	0.964147882002255	0.964750960632555	0.9831724468956804	0.981198069952186	0.9831932129781525	0.9810606268362353	0.985061085747536	0.9846992330048079	0.9826343832513599	0.9849168229018491	0.9822053298194314	0.9822053298194314	0.9634449783895497	0.9635724729057619	0.962889044504446	0.981530985240234	0.9819293391023767	0.9840005236435788	1.0	0.985061085747536	0.9836267157549136	0.9840376711627691	0.9864354101023672	0.9836642888795774	0.9861233213129004
0.9650204072413503	0.9911047414759009	0.9837934111387647	0.9843358136908098	0.9843138042058653	0.9842572186833959	0.9838919294786349	0.9843984662301816	0.9653715654243286	0.964750960632555	0.9831062739240851	0.9838780958365972	0.9828360554711764	0.9832381249985008	0.9828658653238843	0.9846489479420583	0.98385441032928	0.9835313670963348	0.9851420244291234	0.9817966479683152	0.9642341475844819	0.9666918699074657	0.9652716910980659	0.97924387833781	0.9831443551193922	0.9848442150594557	0.985061085747536	1.0	0.9835731138018612	0.9837589758933732	0.9858347380959575	0.9843015013706418	0.9847308144556686
0.9654671915633471	0.9827960773075365	0.983538190736494	0.9835718671898793	0.9841098936192053	0.9834910948601432	0.983246591173387	0.9822779248501483	0.9653083369794284	0.9661089041759925	0.983781874633473	0.9832179450133084	0.9822668201309052	0.982528261584341	0.9825088865146616	0.9831347917506542	0.9837133658123212	0.9827603158570812	0.984144907444966	0.9814461795023075	0.9646985116749247	0.9671510519121627	0.9647953740606822	0.9794099996405653	0.981694311363576	0.9841611851590392	0.9836267157549136	0.9835731138018612	1.0	0.9834331977726724	0.9845022478978709	0.9833278674513232	0.9841268830684601
0.9653606309265518	0.9821352494184471	0.9831740259086846	0.983917846804278	0.9841916100051912	0.9839310688409778	0.9832827785311478	0.9829746038856084	0.965810720142682	0.9651815061201194	0.9828676433392771	0.9836320943321301	0.9832945470722999	0.982687343603687	0.9826191608008241	0.9841286554165375	0.9835717119858728	0.9829325800609511	0.985071797566781	0.980866452321677	0.9664917101096775	0.9664930568942366	0.9657410596460381	0.9786875075262673	0.9827786251732383	0.9833004297362027	0.9840376711627691	0.9837589758933732	0.9834331977726724	1.0	0.983960471516663	0.9840629230154876	0.9835889065086483
0.9642052924683996	0.9848957972827854	0.9844681688096487	0.985485864206795	0.9852753171167901	0.9857378109999978	0.984767676443689	0.9849799775285011	0.9658729702903528	0.9660256906120309	0.9818770418828593	0.9844048526303634	0.9836467695915413	0.9838564603982913	0.9843419059545813	0.9857653680018215	0.9841346925875799	0.9840164037998521	0.9848602112346269	0.9821707876784085	0.9666367312591713	0.9666257351170244	0.9660062290264808	0.9802637380136344	0.9839703622257283	0.9848777097472832	0.9864354101023672	0.9858347380959575	0.9845022478978709	0.983960471516663	1.0	0.9849404613564575	0.9864594534783746
0.9643763175646293	0.983371548984639	0.9839258093953829	0.9849344165120599	0.9847579963704031	0.9840945491093054	0.9839274118989114	0.9838810505820601	0.9654976508266352	0.9658586155510704	0.9831964031069648	0.9834670619409336	0.9827847136611132	0.9824484298735533	0.983371548984639	0.9837771522016797	0.9834650685252787	0.9829681073202414	0.9840362540904791	0.9812798922017795	0.9645444676861562	0.9658213421002625	0.9642422304449199	0.9792043989733967	0.9827418266284597	0.984064249010163	0.9836642888795774	0.9843015013706418	0.9833278674513232	0.9840629230154876	0.9849404613564575	1.0	0.9849737487453978
0.9639211493488149	0.9839339439492972	0.9841662441794089	0.9848601854487075	0.9846374480564126	0.9854261127558385	0.9842098978559487	0.9846177420781116	0.9649903173707975	0.9654370945003713	0.9822542526315619	0.9830088912836473	0.9847297522913239	0.9824883700540463	0.9842073684876073	0.9858318256116388	0.9838192060314626	0.9850655571502384	0.9846116244744342	0.9808294677975683	0.9646985116749247	0.9662930093497875	0.9652040760749493	0.9796954978211745	0.982888773446792	0.9847435254532135	0.9861233213129004	0.9847308144556686	0.9841268830684601	0.9835889065086483	0.9864594534783746	0.9849737487453978	1.0
