/home/jshaw/scratch/2022_sketched_distance/references/SGB_genome_fastas_part4/9418/CM_periimplantitis__SP_101SPI_T016__bin.18.fa	/home/jshaw/scratch/2022_sketched_distance/references/SGB_genome_fastas_part4/9418/HMP_2012__SRS011098__bin.12.fa	/home/jshaw/scratch/2022_sketched_distance/references/SGB_genome_fastas_part4/9418/HMP_2012__SRS012285__bin.8.fa	/home/jshaw/scratch/2022_sketched_distance/references/SGB_genome_fastas_part4/9418/HMP_2012__SRS013252__bin.52.fa	/home/jshaw/scratch/2022_sketched_distance/references/SGB_genome_fastas_part4/9418/HMP_2012__SRS013949__bin.40.fa	/home/jshaw/scratch/2022_sketched_distance/references/SGB_genome_fastas_part4/9418/HMP_2012__SRS014476__bin.56.fa	/home/jshaw/scratch/2022_sketched_distance/references/SGB_genome_fastas_part4/9418/HMP_2012__SRS014578__bin.38.fa	/home/jshaw/scratch/2022_sketched_distance/references/SGB_genome_fastas_part4/9418/HMP_2012__SRS014894__bin.34.fa	/home/jshaw/scratch/2022_sketched_distance/references/SGB_genome_fastas_part4/9418/HMP_2012__SRS015063__bin.7.fa	/home/jshaw/scratch/2022_sketched_distance/references/SGB_genome_fastas_part4/9418/HMP_2012__SRS015158__bin.12.fa	/home/jshaw/scratch/2022_sketched_distance/references/SGB_genome_fastas_part4/9418/HMP_2012__SRS015803__bin.25.fa	/home/jshaw/scratch/2022_sketched_distance/references/SGB_genome_fastas_part4/9418/HMP_2012__SRS015899__bin.3.fa	/home/jshaw/scratch/2022_sketched_distance/references/SGB_genome_fastas_part4/9418/HMP_2012__SRS015989__bin.7.fa	/home/jshaw/scratch/2022_sketched_distance/references/SGB_genome_fastas_part4/9418/HMP_2012__SRS016043__bin.28.fa	/home/jshaw/scratch/2022_sketched_distance/references/SGB_genome_fastas_part4/9418/HMP_2012__SRS017304__bin.16.fa	/home/jshaw/scratch/2022_sketched_distance/references/SGB_genome_fastas_part4/9418/HMP_2012__SRS017445__bin.50.fa	/home/jshaw/scratch/2022_sketched_distance/references/SGB_genome_fastas_part4/9418/HMP_2012__SRS017511__bin.59.fa	/home/jshaw/scratch/2022_sketched_distance/references/SGB_genome_fastas_part4/9418/HMP_2012__SRS018157__bin.65.fa	/home/jshaw/scratch/2022_sketched_distance/references/SGB_genome_fastas_part4/9418/HMP_2012__SRS018394__bin.26.fa	/home/jshaw/scratch/2022_sketched_distance/references/SGB_genome_fastas_part4/9418/HMP_2012__SRS018665__bin.47.fa	/home/jshaw/scratch/2022_sketched_distance/references/SGB_genome_fastas_part4/9418/HMP_2012__SRS018975__bin.20.fa	/home/jshaw/scratch/2022_sketched_distance/references/SGB_genome_fastas_part4/9418/HMP_2012__SRS019077__bin.45.fa	/home/jshaw/scratch/2022_sketched_distance/references/SGB_genome_fastas_part4/9418/HMP_2012__SRS019129__bin.12.fa	/home/jshaw/scratch/2022_sketched_distance/references/SGB_genome_fastas_part4/9418/HMP_2012__SRS019225__bin.21.fa	/home/jshaw/scratch/2022_sketched_distance/references/SGB_genome_fastas_part4/9418/HMP_2012__SRS019906__bin.8.fa	/home/jshaw/scratch/2022_sketched_distance/references/SGB_genome_fastas_part4/9418/HMP_2012__SRS019980__bin.39.fa	/home/jshaw/scratch/2022_sketched_distance/references/SGB_genome_fastas_part4/9418/HMP_2012__SRS021477__bin.32.fa	/home/jshaw/scratch/2022_sketched_distance/references/SGB_genome_fastas_part4/9418/HMP_2012__SRS022536__bin.14.fa	/home/jshaw/scratch/2022_sketched_distance/references/SGB_genome_fastas_part4/9418/HMP_2012__SRS023538__bin.30.fa	/home/jshaw/scratch/2022_sketched_distance/references/SGB_genome_fastas_part4/9418/HMP_2012__SRS023964__bin.14.fa	/home/jshaw/scratch/2022_sketched_distance/references/SGB_genome_fastas_part4/9418/HMP_2012__SRS024381__bin.2.fa	/home/jshaw/scratch/2022_sketched_distance/references/SGB_genome_fastas_part4/9418/HMP_2012__SRS024649__bin.4.fa	/home/jshaw/scratch/2022_sketched_distance/references/SGB_genome_fastas_part4/9418/HMP_2012__SRS042984__bin.59.fa	/home/jshaw/scratch/2022_sketched_distance/references/SGB_genome_fastas_part4/9418/HMP_2012__SRS047113__bin.61.fa	/home/jshaw/scratch/2022_sketched_distance/references/SGB_genome_fastas_part4/9418/HMP_2012__SRS049268__bin.25.fa	/home/jshaw/scratch/2022_sketched_distance/references/SGB_genome_fastas_part4/9418/HMP_2012__SRS051244__bin.4.fa	/home/jshaw/scratch/2022_sketched_distance/references/SGB_genome_fastas_part4/9418/HMP_2012__SRS053917__bin.6.fa	/home/jshaw/scratch/2022_sketched_distance/references/SGB_genome_fastas_part4/9418/HMP_2012__SRS054430__bin.36.fa	/home/jshaw/scratch/2022_sketched_distance/references/SGB_genome_fastas_part4/9418/HMP_2012__SRS055378__bin.72.fa	/home/jshaw/scratch/2022_sketched_distance/references/SGB_genome_fastas_part4/9418/HMP_2012__SRS058808__bin.45.fa	/home/jshaw/scratch/2022_sketched_distance/references/SGB_genome_fastas_part4/9418/HMP_2012__SRS064449__bin.24.fa	/home/jshaw/scratch/2022_sketched_distance/references/SGB_genome_fastas_part4/9418/HMP_2012__SRS075410__bin.23.fa
1.0	0.9679240853045964	0.9577276048821655	0.964284475939898	0.9590482847128976	0.9663134863286275	0.964627021214867	0.9675498650703069	0.9629774950601085	0.9672594826496729	0.9655528854127632	0.9656441883735368	0.9641335642093919	0.9660478182774331	0.9633949834765416	0.9641104618463495	0.9662073641010714	0.9671373280901053	0.9678282930440326	0.9688742742187136	0.9643157779215386	0.9660855353694937	0.9669627685517705	0.9663006407075592	0.9672856410064123	0.9656234604111228	0.9672685329967813	0.9671625382109783	0.9562476336528565	0.9660401138150503	0.9652368340416914	0.9622543115041213	0.967830557491672	0.9644419304024623	0.9678743247024448	0.9617324898576685	0.9690516096839982	0.9617079493700408	0.9666787399683777	0.9666426521721028	0.9638813992588716	0.9687401761200894
0.9679240853045964	1.0	0.9702135006719798	0.9744653529690391	0.9700857111224948	0.9780537066365886	0.9761290243785036	0.9792198624196403	0.9752073284578869	0.9788790327785893	0.9778445928650471	0.977471989699688	0.9773101564579889	0.9786834804199661	0.9752956119354719	0.9755790792090884	0.9798273529174465	0.9794787503999065	0.9794727363894432	0.9819240256924455	0.9756424956605111	0.9791067033651873	0.9772553201866302	0.9784985121906908	0.9780174238462532	0.9787281244447843	0.9793289650822208	0.9790657028125381	0.9661408820939011	0.9783659752227966	0.9651610026247512	0.9734788520020854	0.9808860669333263	0.9768894080823078	0.9783261188938095	0.9606455223086177	0.9803550213600009	0.986980955015306	0.9792051207847974	0.9782775803026698	0.974340120276182	0.9812430303011166
0.9577276048821655	0.9702135006719798	1.0	0.967911660691659	0.9657696576746554	0.9776803962487491	0.967494053207212	0.9708308996534372	0.9760820162818769	0.9698993335699342	0.9698498797270203	0.9698558608388338	0.9697066583928652	0.9682810650417188	0.9661054112992252	0.9687226794961366	0.9691963975826767	0.9708308380502403	0.9708482633757676	0.970286417593211	0.9674306770730629	0.9700625889337418	0.9680695780963878	0.9707020158934152	0.968569029405801	0.9708654315620774	0.9706142005182156	0.9715881172294563	0.9639113543975162	0.9700232015521965	0.9563798540522621	0.9660146739883121	0.9715576550817581	0.9688585456684448	0.9692509607300301	0.9534634232563756	0.9698741555082896	0.9659851741070811	0.9696622966891906	0.981827460432425	0.9664236092231063	0.9706541529639023
0.964284475939898	0.9744653529690391	0.967911660691659	1.0	0.970301897803359	0.9752913231203794	0.9763616433834046	0.9772169731579928	0.9730263857523672	0.9739544532397928	0.9767049509165852	0.9757819781098103	0.9755946943676559	0.975310742774459	0.9700313105108819	0.9750997732171398	0.9760667058567016	0.9755794416469549	0.978209495033884	0.9759284144677072	0.9743279292391662	0.974033787358996	0.9744671765138467	0.9758065442396172	0.9769601228305319	0.9756115494119915	0.9751770081755959	0.9766910059896249	0.965479201141233	0.9761154331413499	0.9618443933783535	0.9726111473228766	0.9785266956257462	0.9750419718951544	0.9869982814692114	0.9570184917770372	0.976489357700551	0.9687473183400797	0.97740869954601	0.9762928018825157	0.9713155466915264	0.976460361572607
0.9590482847128976	0.9700857111224948	0.9657696576746554	0.970301897803359	1.0	0.9708930068309769	0.9692526584280347	0.973210407484399	0.9708639392050311	0.9713430541510122	0.9715964037878553	0.9721100626473677	0.9720896383719982	0.9695313734241362	0.9685196399857348	0.9713537305570128	0.972415041067948	0.9716288542350175	0.9728333198673251	0.971086149107095	0.9704062429520697	0.9722490735221958	0.9757230413735817	0.9697350627711979	0.9710351403317313	0.9726320671497585	0.9702240361242396	0.9724020569386674	0.96783290794727	0.9704864039179674	0.9576848483956157	0.9691680881475916	0.9742818164833753	0.9693746024397769	0.9703296501326061	0.9545925700863226	0.970667317143664	0.9684880214660148	0.9718440625710478	0.9711206834230419	0.9691620834560164	0.9717694728180944
0.9663134863286275	0.9780537066365886	0.9776803962487491	0.9752913231203794	0.9708930068309769	1.0	0.9765866646425632	0.9788014005150643	0.9911915801671847	0.9771656821926574	0.976663194318933	0.9766664196303654	0.9762192079822369	0.9774781168259925	0.9729843656214383	0.976241943380751	0.9780394080952373	0.9778425425732321	0.9780728470689549	0.9772011460790323	0.9750518263838004	0.9763347204654683	0.9760564739711471	0.9788386773720372	0.9784891883688447	0.9771769516791404	0.9786284436884463	0.978679493708353	0.9670049410253978	0.9775145841287071	0.9644778325098573	0.9732662617676383	0.9805368714959082	0.9759590060868086	0.9794461735420965	0.9605553256680437	0.9777231869280933	0.9708576369171352	0.9788021080626849	0.9837194517749334	0.9728883295448663	0.978867077974635
0.964627021214867	0.9761290243785036	0.967494053207212	0.9763616433834046	0.9692526584280347	0.9765866646425632	1.0	0.9777372537845677	0.9738643621448548	0.9764999383212908	0.9792987349792598	0.9769193429377562	0.9754432493228371	0.9756751429810112	0.9720939499155288	0.9750875362098589	0.9839709974096938	0.9771321684815678	0.9777603137062519	0.9772686114758973	0.9757466680947243	0.9759552101745897	0.9743899723958025	0.9767755218399967	0.982180233648613	0.9805779978211295	0.9760073621056179	0.9773172849063463	0.9652732186061757	0.9765824005374824	0.9642842109896679	0.9815460385426142	0.9791895739504259	0.9863284292387839	0.9780906755732975	0.9607790956816826	0.9769313151098938	0.9713191366442097	0.9779037791660488	0.9771106989218509	0.9733980488445216	0.9779961670349999
0.9675498650703069	0.9792198624196403	0.9708308996534372	0.9772169731579928	0.973210407484399	0.9788014005150643	0.9777372537845677	1.0	0.9765265892136811	0.9832982983867674	0.9789416309370136	0.9796960081393462	0.9792670895502367	0.9774481733385759	0.974973733452927	0.9792750806663013	0.9812835583771206	0.980364740002792	0.9811702329230817	0.9804869796225809	0.9763316927674318	0.9812466906024013	0.9787159957228128	0.979467962053214	0.979273410556696	0.9810343119722549	0.9801004584856582	0.9802424474817257	0.9688976795319776	0.9785502638977757	0.9648309651525299	0.9758577104495586	0.9827380673567914	0.9788501608150553	0.9797170503711852	0.9613354738726033	0.9844242506257996	0.9742947663869519	0.9893443870163138	0.9789479682616039	0.9764142020781471	0.9806249128313129
0.9629774950601085	0.9752073284578869	0.9760820162818769	0.9730263857523672	0.9708639392050311	0.9911915801671847	0.9738643621448548	0.9765265892136811	1.0	0.975472026118652	0.9741134973354952	0.9753968312261319	0.9746164674070987	0.9744941512346904	0.9710516189570959	0.9743310634049444	0.9764635794751398	0.9757498767680548	0.9760201833637344	0.9757659577454997	0.971776951469193	0.9756801680936947	0.9739718027071338	0.9764337208487625	0.9747873495842111	0.9761164631659351	0.9761254875561162	0.9771731244294185	0.9686625083014395	0.9751615756245784	0.9631889613188872	0.9724204030582799	0.9787368849367075	0.9748901174509254	0.9755756292506944	0.9609002857950726	0.9755517200263631	0.970773607330805	0.9762088111753447	0.9806687974968838	0.9709384044146274	0.9765239106122606
0.9672594826496729	0.9788790327785893	0.9698993335699342	0.9739544532397928	0.9713430541510122	0.9771656821926574	0.9764999383212908	0.9832982983867674	0.975472026118652	1.0	0.9766095889009191	0.9765789538641395	0.976284645872996	0.9759239114403335	0.9743207965978026	0.9783514139278037	0.9794829615181213	0.9775715519731186	0.9777454862753773	0.9792508119385666	0.9752180497935773	0.9838878157760257	0.9779043444272009	0.9773098878521778	0.9772895394378567	0.9793806409959305	0.978390305307101	0.9778058968892089	0.9676760685785888	0.976031409114912	0.9647134170457338	0.9738274709518094	0.9800868554510941	0.9775100675525759	0.9775853351362076	0.9613558485100131	0.9862153140954282	0.974445821838693	0.9803630378353201	0.9778808359405954	0.9742691831511162	0.9790445786689495
0.9655528854127632	0.9778445928650471	0.9698498797270203	0.9767049509165852	0.9715964037878553	0.976663194318933	0.9792987349792598	0.9789416309370136	0.9741134973354952	0.9766095889009191	1.0	0.9790982950596495	0.9837905285333168	0.9878539071519502	0.972622069180357	0.9765867002582399	0.9799366153155685	0.9779865572504974	0.979696913128432	0.9785132528622807	0.9755309419663808	0.9767040067235416	0.975700558333004	0.9775168219114071	0.9793922845238627	0.9821968330302556	0.9777996931212283	0.9790511359848194	0.9670228134515985	0.9867486533030229	0.9644164441200925	0.9771927179343473	0.983258438707508	0.9794443302994683	0.9794691927058148	0.9611321076779268	0.9773891014119083	0.972758986144004	0.9789365794447886	0.9783245061535528	0.9738926564184932	0.9785670235116344
0.9656441883735368	0.977471989699688	0.9698558608388338	0.9757819781098103	0.9721100626473677	0.9766664196303654	0.9769193429377562	0.9796960081393462	0.9753968312261319	0.9765789538641395	0.9790982950596495	1.0	0.9783389951485889	0.9769860814366184	0.9735106037164624	0.979067627107546	0.9794490433640612	0.9779381233374351	0.9808146310231121	0.9784733959759344	0.9831306264445951	0.9772066035445068	0.9769462799191267	0.9772322336706057	0.978322166245822	0.9785916452129425	0.9788129282420571	0.9786770865337059	0.9678890155781547	0.9772249770319119	0.9651119852144723	0.975247870416673	0.9836739343035348	0.9781993743645068	0.9775263625991308	0.9608995470537924	0.9775867165854727	0.9716329068989292	0.9789014463661928	0.9783132378523698	0.9737084648497273	0.9792518672589849
0.9641335642093919	0.9773101564579889	0.9697066583928652	0.9755946943676559	0.9720896383719982	0.9762192079822369	0.9754432493228371	0.9792670895502367	0.9746164674070987	0.976284645872996	0.9837905285333168	0.9783389951485889	1.0	0.9862498109854764	0.9725888496654671	0.9751145570721066	0.9781512142564426	0.9772585591075627	0.9791748210662671	0.9779810023015592	0.9745793558243473	0.9771259963406611	0.9749755794918141	0.9771234412824198	0.9767414432815684	0.9841935870027455	0.9760138793159495	0.9783354918235218	0.9672858462005258	0.9846653662985044	0.9638053667438553	0.9751658383651194	0.9816324626611036	0.9764309785309448	0.9770605788110737	0.9596022113867301	0.9774778575092193	0.9724184131467736	0.9792785837739075	0.9772659622258273	0.9735828569941967	0.9778592880071943
0.9660478182774331	0.9786834804199661	0.9682810650417188	0.975310742774459	0.9695313734241362	0.9774781168259925	0.9756751429810112	0.9774481733385759	0.9744941512346904	0.9759239114403335	0.9878539071519502	0.9769860814366184	0.9862498109854764	1.0	0.9724631356475912	0.9748059605176795	0.9780639637803458	0.9765707622892676	0.9781264159024503	0.9782203860434826	0.9746965173318674	0.975896929919048	0.9749310850697097	0.9769402094082674	0.9783902044011519	0.9809702732707722	0.977139928070802	0.9770091397383925	0.9666148351366608	0.9894054876156155	0.9647115187085991	0.9740809976060212	0.9817011340865314	0.9754844353702143	0.9782670434840244	0.9609904579428519	0.9770779077576779	0.9724576734674776	0.9776450869086919	0.9775163283418143	0.972596372713962	0.9777193370111642
0.9633949834765416	0.9752956119354719	0.9661054112992252	0.9700313105108819	0.9685196399857348	0.9729843656214383	0.9720939499155288	0.974973733452927	0.9710516189570959	0.9743207965978026	0.972622069180357	0.9735106037164624	0.9725888496654671	0.9724631356475912	1.0	0.9712864798333665	0.9749675381740255	0.973987015047285	0.9741758393225126	0.9746761176775548	0.9717842530426515	0.974911733622592	0.9744195396946949	0.9731997214290239	0.9734691620001215	0.9739197292617084	0.9849068807769025	0.977725620923738	0.9660834830176701	0.9727110744269285	0.9624885381190279	0.9694101599088256	0.9755345413908313	0.9736659451942923	0.9721819015228427	0.9587888575398358	0.9747319099756506	0.9728546825570079	0.9747192902126883	0.9726216696899913	0.9703050306789786	0.974455241172963
0.9641104618463495	0.9755790792090884	0.9687226794961366	0.9750997732171398	0.9713537305570128	0.976241943380751	0.9750875362098589	0.9792750806663013	0.9743310634049444	0.9783514139278037	0.9765867002582399	0.979067627107546	0.9751145570721066	0.9748059605176795	0.9712864798333665	1.0	0.9786699147250301	0.97824343901336	0.978581321042038	0.976445078882786	0.9744386108043007	0.9776629728956764	0.9748723403542511	0.9759234008932022	0.9765044624009089	0.977688211220196	0.9764242609844891	0.9787598196268978	0.9680548190024706	0.9760446109850247	0.962259873579372	0.9750754860106442	0.9819100690182898	0.976660604032467	0.9765601773731538	0.9594452769921265	0.9775813142318182	0.9701526908682712	0.9785621084261643	0.9768564697400398	0.9742031549973575	0.9775441044323048
0.9662073641010714	0.9798273529174465	0.9691963975826767	0.9760667058567016	0.972415041067948	0.9780394080952373	0.9839709974096938	0.9812835583771206	0.9764635794751398	0.9794829615181213	0.9799366153155685	0.9794490433640612	0.9781512142564426	0.9780639637803458	0.9749675381740255	0.9786699147250301	1.0	0.9794838199820257	0.9807715730958776	0.9802235854666351	0.9783159145310167	0.9799013338871485	0.977743587353293	0.978186398082769	0.9824294928330313	0.9829055432194296	0.9797697064499614	0.9797324707588538	0.968498483614181	0.979672485942005	0.96576782228033	0.9826216972809115	0.9822133455873151	0.984343974066787	0.9786239542334044	0.9606814042095428	0.9796006904323338	0.9743382432213685	0.980880090382063	0.9794687153428108	0.9768376511984729	0.980294274430001
0.9671373280901053	0.9794787503999065	0.9708308380502403	0.9755794416469549	0.9716288542350175	0.9778425425732321	0.9771321684815678	0.980364740002792	0.9757498767680548	0.9775715519731186	0.9779865572504974	0.9779381233374351	0.9772585591075627	0.9765707622892676	0.973987015047285	0.97824343901336	0.9794838199820257	1.0	0.980494788077537	0.9792449030853841	0.976338004274883	0.9785443869481278	0.9775610203219137	0.9779523297250377	0.9778960694490199	0.9789476167210749	0.979199883105425	0.9800308877463523	0.9679837246840599	0.978186398082769	0.9646381721680413	0.9757145906283259	0.9810931391553792	0.9777428435057287	0.9771416339803758	0.9598812885570106	0.9782577313655834	0.9733367365718157	0.9816058373102684	0.9787105088747872	0.9756391448534912	0.9914994556177115
0.9678282930440326	0.9794727363894432	0.9708482633757676	0.978209495033884	0.9728333198673251	0.9780728470689549	0.9777603137062519	0.9811702329230817	0.9760201833637344	0.9777454862753773	0.979696913128432	0.9808146310231121	0.9791748210662671	0.9781264159024503	0.9741758393225126	0.978581321042038	0.9807715730958776	0.980494788077537	1.0	0.9799167654485308	0.9780078959807034	0.9783971931583602	0.978263273098409	0.9787284512576289	0.9789539891270583	0.9798308712272561	0.979591740182951	0.9805367609561969	0.968158364228992	0.9792834887111697	0.9656736237042017	0.9760571096575711	0.9821478972592619	0.9778234976681186	0.9797213293415229	0.9618022751815317	0.9787233201863351	0.9737936026383002	0.9827093380155424	0.9799504679510843	0.9751698131493186	0.980362723631554
0.9688742742187136	0.9819240256924455	0.970286417593211	0.9759284144677072	0.971086149107095	0.9772011460790323	0.9772686114758973	0.9804869796225809	0.9757659577454997	0.9792508119385666	0.9785132528622807	0.9784733959759344	0.9779810023015592	0.9782203860434826	0.9746761176775548	0.976445078882786	0.9802235854666351	0.9792449030853841	0.9799167654485308	1.0	0.9766406346156962	0.9792710266960751	0.979203501300276	0.97879619031061	0.9790065473313687	0.9787439224049193	0.9800734461609377	0.9795062911538098	0.9672964372812529	0.9782989305726819	0.965641816557757	0.9744645785235856	0.9811233367034635	0.9781261197060703	0.978204775787559	0.9615581182898382	0.9799228842834236	0.9763959941877971	0.9795599249338336	0.9783239477649953	0.975281873100119	0.9804232161929382
0.9643157779215386	0.9756424956605111	0.9674306770730629	0.9743279292391662	0.9704062429520697	0.9750518263838004	0.9757466680947243	0.9763316927674318	0.971776951469193	0.9752180497935773	0.9755309419663808	0.9831306264445951	0.9745793558243473	0.9746965173318674	0.9717842530426515	0.9744386108043007	0.9783159145310167	0.976338004274883	0.9780078959807034	0.9766406346156962	1.0	0.9755288257841452	0.9748850289717055	0.9754212119680262	0.9780354726111988	0.9765177691896958	0.9772728173909638	0.9771753678705386	0.9658054322750301	0.9747683635710462	0.9629723474146261	0.9727108530167341	0.977961946524899	0.9766436083759122	0.9757937392238442	0.9570339086365602	0.9766509261312276	0.9694811982028192	0.9771895550972027	0.9761724636429857	0.9710691369228801	0.9765873462043175
0.9660855353694937	0.9791067033651873	0.9700625889337418	0.974033787358996	0.9722490735221958	0.9763347204654683	0.9759552101745897	0.9812466906024013	0.9756801680936947	0.9838878157760257	0.9767040067235416	0.9772066035445068	0.9771259963406611	0.975896929919048	0.974911733622592	0.9776629728956764	0.9799013338871485	0.9785443869481278	0.9783971931583602	0.9792710266960751	0.9755288257841452	1.0	0.9776148654015973	0.9784505370876355	0.9766160300893747	0.9794825883659567	0.9784115987844949	0.9789763953969792	0.9691630988446844	0.976426080402702	0.9638322382261437	0.9738210619573947	0.9801083052857845	0.9780736665285198	0.976538912803549	0.9616703358149199	0.9837757014423485	0.9752601304735579	0.9803728770928344	0.9768199886108931	0.974649298393414	0.978425468407943
0.9669627685517705	0.9772553201866302	0.9680695780963878	0.9744671765138467	0.9757230413735817	0.9760564739711471	0.9743899723958025	0.9787159957228128	0.9739718027071338	0.9779043444272009	0.975700558333004	0.9769462799191267	0.9749755794918141	0.9749310850697097	0.9744195396946949	0.9748723403542511	0.977743587353293	0.9775610203219137	0.978263273098409	0.979203501300276	0.9748850289717055	0.9776148654015973	1.0	0.9757556275651628	0.9764921182069821	0.9759219458807664	0.977606168854488	0.9777001245465966	0.9688309719840026	0.9753957202746892	0.9640118553471214	0.9722831459843588	0.9787177528288366	0.9751887071310529	0.9768202133798349	0.9595975140427565	0.9776675143924285	0.9736827404924198	0.9789324985345458	0.9757791004819835	0.9748110306310471	0.9787939166163713
0.9663006407075592	0.9784985121906908	0.9707020158934152	0.9758065442396172	0.9697350627711979	0.9788386773720372	0.9767755218399967	0.979467962053214	0.9764337208487625	0.9773098878521778	0.9775168219114071	0.9772322336706057	0.9771234412824198	0.9769402094082674	0.9731997214290239	0.9759234008932022	0.978186398082769	0.9779523297250377	0.9787284512576289	0.97879619031061	0.9754212119680262	0.9784505370876355	0.9757556275651628	1.0	0.9769793478539883	0.9789444364733436	0.9788885852446836	0.983313066938404	0.9664972373593118	0.9772002737337522	0.964707993014667	0.9742357544331613	0.979897656741745	0.9761615955916711	0.9776990959106846	0.9603685790922399	0.9780001267995323	0.9723585812524009	0.9795584403584915	0.9778495592356662	0.9733615047783333	0.978889653210367
0.9672856410064123	0.9780174238462532	0.968569029405801	0.9769601228305319	0.9710351403317313	0.9784891883688447	0.982180233648613	0.979273410556696	0.9747873495842111	0.9772895394378567	0.9793922845238627	0.978322166245822	0.9767414432815684	0.9783902044011519	0.9734691620001215	0.9765044624009089	0.9824294928330313	0.9778960694490199	0.9789539891270583	0.9790065473313687	0.9780354726111988	0.9766160300893747	0.9764921182069821	0.9769793478539883	1.0	0.9801310036843237	0.9785801608657472	0.978411508387994	0.9668322186282441	0.9779251022155712	0.9643370511664882	0.9782340550449772	0.9808848608472734	0.9826803803495401	0.9798088911102777	0.9603939552363546	0.9792979112398652	0.9717794541480567	0.9790053536436619	0.9798600349275586	0.9746941379432537	0.9791370673709704
0.9656234604111228	0.9787281244447843	0.9708654315620774	0.9756115494119915	0.9726320671497585	0.9771769516791404	0.9805779978211295	0.9810343119722549	0.9761164631659351	0.9793806409959305	0.9821968330302556	0.9785916452129425	0.9841935870027455	0.9809702732707722	0.9739197292617084	0.977688211220196	0.9829055432194296	0.9789476167210749	0.9798308712272561	0.9787439224049193	0.9765177691896958	0.9794825883659567	0.9759219458807664	0.9789444364733436	0.9801310036843237	1.0	0.9780408979086916	0.9799831524111341	0.9695012094750773	0.9809778462012273	0.9632317417030123	0.979196158629138	0.9816556506214574	0.9810887399103112	0.9778807523339259	0.9602559673712081	0.9806772263887145	0.9746873021690623	0.9797197923671548	0.9793005294615378	0.973912731299237	0.9789966444864417
0.9672685329967813	0.9793289650822208	0.9706142005182156	0.9751770081755959	0.9702240361242396	0.9786284436884463	0.9760073621056179	0.9801004584856582	0.9761254875561162	0.978390305307101	0.9777996931212283	0.9788129282420571	0.9760138793159495	0.977139928070802	0.9849068807769025	0.9764242609844891	0.9797697064499614	0.979199883105425	0.979591740182951	0.9800734461609377	0.9772728173909638	0.9784115987844949	0.977606168854488	0.9788885852446836	0.9785801608657472	0.9780408979086916	1.0	0.9853110615542595	0.9671206482057984	0.9773165002291496	0.9655389350302777	0.9745944861314585	0.9813549881067898	0.977139352624324	0.9775735395104314	0.9616019516405299	0.9792507093489294	0.9739621269023908	0.9798764684016078	0.9786765491190926	0.9751821007150784	0.9795253001994025
0.9671625382109783	0.9790657028125381	0.9715881172294563	0.9766910059896249	0.9724020569386674	0.978679493708353	0.9773172849063463	0.9802424474817257	0.9771731244294185	0.9778058968892089	0.9790511359848194	0.9786770865337059	0.9783354918235218	0.9770091397383925	0.977725620923738	0.9787598196268978	0.9797324707588538	0.9800308877463523	0.9805367609561969	0.9795062911538098	0.9771753678705386	0.9789763953969792	0.9777001245465966	0.983313066938404	0.978411508387994	0.9799831524111341	0.9853110615542595	1.0	0.9674548209202465	0.9781838541339075	0.9657865807098148	0.9749783833354996	0.9823210712189293	0.9779223651184249	0.9781800241180203	0.9618217949498826	0.9784146327590018	0.9744170535322079	0.9810507500223113	0.9793729657828241	0.9748918823974385	0.9795935487159174
0.9562476336528565	0.9661408820939011	0.9639113543975162	0.965479201141233	0.96783290794727	0.9670049410253978	0.9652732186061757	0.9688976795319776	0.9686625083014395	0.9676760685785888	0.9670228134515985	0.9678890155781547	0.9672858462005258	0.9666148351366608	0.9660834830176701	0.9680548190024706	0.968498483614181	0.9679837246840599	0.968158364228992	0.9672964372812529	0.9658054322750301	0.9691630988446844	0.9688309719840026	0.9664972373593118	0.9668322186282441	0.9695012094750773	0.9671206482057984	0.9674548209202465	1.0	0.9674468639123376	0.9543106782578099	0.9631348286997521	0.9708638059380437	0.9668548243976504	0.9671511489218514	0.9527769478538859	0.9667894393221707	0.9702297630343143	0.9684515468683215	0.9668642087342703	0.965508268377089	0.9676725967675445
0.9660401138150503	0.9783659752227966	0.9700232015521965	0.9761154331413499	0.9704864039179674	0.9775145841287071	0.9765824005374824	0.9785502638977757	0.9751615756245784	0.976031409114912	0.9867486533030229	0.9772249770319119	0.9846653662985044	0.9894054876156155	0.9727110744269285	0.9760446109850247	0.979672485942005	0.978186398082769	0.9792834887111697	0.9782989305726819	0.9747683635710462	0.976426080402702	0.9753957202746892	0.9772002737337522	0.9779251022155712	0.9809778462012273	0.9773165002291496	0.9781838541339075	0.9674468639123376	1.0	0.9638045146039351	0.9754259508144595	0.9820405422556534	0.9764318478730971	0.9778310793709849	0.9612490229690737	0.9770009256731216	0.9730143019733106	0.9785314734755799	0.9776802903951183	0.9735962752664644	0.9782779295734331
0.9652368340416914	0.9651610026247512	0.9563798540522621	0.9618443933783535	0.9576848483956157	0.9644778325098573	0.9642842109896679	0.9648309651525299	0.9631889613188872	0.9647134170457338	0.9644164441200925	0.9651119852144723	0.9638053667438553	0.9647115187085991	0.9624885381190279	0.962259873579372	0.96576782228033	0.9646381721680413	0.9656736237042017	0.965641816557757	0.9629723474146261	0.9638322382261437	0.9640118553471214	0.964707993014667	0.9643370511664882	0.9632317417030123	0.9655389350302777	0.9657865807098148	0.9543106782578099	0.9638045146039351	1.0	0.9611867462458662	0.9671136693722361	0.9649163697383418	0.9650217282097376	0.9881215300985359	0.9654924836757035	0.95832682307116	0.9649842612840495	0.9651815061201194	0.9603082161604002	0.9661838438047597
0.9622543115041213	0.9734788520020854	0.9660146739883121	0.9726111473228766	0.9691680881475916	0.9732662617676383	0.9815460385426142	0.9758577104495586	0.9724204030582799	0.9738274709518094	0.9771927179343473	0.975247870416673	0.9751658383651194	0.9740809976060212	0.9694101599088256	0.9750754860106442	0.9826216972809115	0.9757145906283259	0.9760571096575711	0.9744645785235856	0.9727108530167341	0.9738210619573947	0.9722831459843588	0.9742357544331613	0.9782340550449772	0.979196158629138	0.9745944861314585	0.9749783833354996	0.9631348286997521	0.9754259508144595	0.9611867462458662	1.0	0.9777069476787091	0.9825526744713913	0.9733303256056374	0.9573645041795785	0.9739444729272942	0.96871572725089	0.9761008931985087	0.9746526999248261	0.9718332567083793	0.9754215629231336
0.967830557491672	0.9808860669333263	0.9715576550817581	0.9785266956257462	0.9742818164833753	0.9805368714959082	0.9791895739504259	0.9827380673567914	0.9787368849367075	0.9800868554510941	0.983258438707508	0.9836739343035348	0.9816324626611036	0.9817011340865314	0.9755345413908313	0.9819100690182898	0.9822133455873151	0.9810931391553792	0.9821478972592619	0.9811233367034635	0.977961946524899	0.9801083052857845	0.9787177528288366	0.979897656741745	0.9808848608472734	0.9816556506214574	0.9813549881067898	0.9823210712189293	0.9708638059380437	0.9820405422556534	0.9671136693722361	0.9777069476787091	1.0	0.9796543135365747	0.9806802511898672	0.9628040172269169	0.9812130731739619	0.9756327353313448	0.9814228850332208	0.9803795518986838	0.9773384011596997	0.9813910947066676
0.9644419304024623	0.9768894080823078	0.9688585456684448	0.9750419718951544	0.9693746024397769	0.9759590060868086	0.9863284292387839	0.9788501608150553	0.9748901174509254	0.9775100675525759	0.9794443302994683	0.9781993743645068	0.9764309785309448	0.9754844353702143	0.9736659451942923	0.976660604032467	0.984343974066787	0.9777428435057287	0.9778234976681186	0.9781261197060703	0.9766436083759122	0.9780736665285198	0.9751887071310529	0.9761615955916711	0.9826803803495401	0.9810887399103112	0.977139352624324	0.9779223651184249	0.9668548243976504	0.9764318478730971	0.9649163697383418	0.9825526744713913	0.9796543135365747	1.0	0.9772058960896385	0.9612306523679688	0.9780763438942001	0.9731169381432574	0.9786681475866769	0.9776115526626716	0.9741177825072616	0.9781714920892882
0.9678743247024448	0.9783261188938095	0.9692509607300301	0.9869982814692114	0.9703296501326061	0.9794461735420965	0.9780906755732975	0.9797170503711852	0.9755756292506944	0.9775853351362076	0.9794691927058148	0.9775263625991308	0.9770605788110737	0.9782670434840244	0.9721819015228427	0.9765601773731538	0.9786239542334044	0.9771416339803758	0.9797213293415229	0.978204775787559	0.9757937392238442	0.976538912803549	0.9768202133798349	0.9776990959106846	0.9798088911102777	0.9778807523339259	0.9775735395104314	0.9781800241180203	0.9671511489218514	0.9778310793709849	0.9650217282097376	0.9733303256056374	0.9806802511898672	0.9772058960896385	1.0	0.9600027636233964	0.9791857072187514	0.9708665631353395	0.9799780403824281	0.978311765466263	0.9736648208941664	0.9791601477688443
0.9617324898576685	0.9606455223086177	0.9534634232563756	0.9570184917770372	0.9545925700863226	0.9605553256680437	0.9607790956816826	0.9613354738726033	0.9609002857950726	0.9613558485100131	0.9611321076779268	0.9608995470537924	0.9596022113867301	0.9609904579428519	0.9587888575398358	0.9594452769921265	0.9606814042095428	0.9598812885570106	0.9618022751815317	0.9615581182898382	0.9570339086365602	0.9616703358149199	0.9595975140427565	0.9603685790922399	0.9603939552363546	0.9602559673712081	0.9616019516405299	0.9618217949498826	0.9527769478538859	0.9612490229690737	0.9881215300985359	0.9573645041795785	0.9628040172269169	0.9612306523679688	0.9600027636233964	1.0	0.9605295817796794	0.956423386922291	0.9603939552363546	0.9608440266974341	0.9580713330342739	0.9608837788187994
0.9690516096839982	0.9803550213600009	0.9698741555082896	0.976489357700551	0.970667317143664	0.9777231869280933	0.9769313151098938	0.9844242506257996	0.9755517200263631	0.9862153140954282	0.9773891014119083	0.9775867165854727	0.9774778575092193	0.9770779077576779	0.9747319099756506	0.9775813142318182	0.9796006904323338	0.9782577313655834	0.9787233201863351	0.9799228842834236	0.9766509261312276	0.9837757014423485	0.9776675143924285	0.9780001267995323	0.9792979112398652	0.9806772263887145	0.9792507093489294	0.9784146327590018	0.9667894393221707	0.9770009256731216	0.9654924836757035	0.9739444729272942	0.9812130731739619	0.9780763438942001	0.9791857072187514	0.9605295817796794	1.0	0.973657448388659	0.9802259271179081	0.9779181424089429	0.9751872438520448	0.9799540709123098
0.9617079493700408	0.986980955015306	0.9659851741070811	0.9687473183400797	0.9684880214660148	0.9708576369171352	0.9713191366442097	0.9742947663869519	0.970773607330805	0.974445821838693	0.972758986144004	0.9716329068989292	0.9724184131467736	0.9724576734674776	0.9728546825570079	0.9701526908682712	0.9743382432213685	0.9733367365718157	0.9737936026383002	0.9763959941877971	0.9694811982028192	0.9752601304735579	0.9736827404924198	0.9723585812524009	0.9717794541480567	0.9746873021690623	0.9739621269023908	0.9744170535322079	0.9702297630343143	0.9730143019733106	0.95832682307116	0.96871572725089	0.9756327353313448	0.9731169381432574	0.9708665631353395	0.956423386922291	0.973657448388659	1.0	0.9735701189314954	0.9717282033882406	0.9689850917700873	0.9737309266621883
0.9666787399683777	0.9792051207847974	0.9696622966891906	0.97740869954601	0.9718440625710478	0.9788021080626849	0.9779037791660488	0.9893443870163138	0.9762088111753447	0.9803630378353201	0.9789365794447886	0.9789014463661928	0.9792785837739075	0.9776450869086919	0.9747192902126883	0.9785621084261643	0.980880090382063	0.9816058373102684	0.9827093380155424	0.9795599249338336	0.9771895550972027	0.9803728770928344	0.9789324985345458	0.9795584403584915	0.9790053536436619	0.9797197923671548	0.9798764684016078	0.9810507500223113	0.9684515468683215	0.9785314734755799	0.9649842612840495	0.9761008931985087	0.9814228850332208	0.9786681475866769	0.9799780403824281	0.9603939552363546	0.9802259271179081	0.9735701189314954	1.0	0.9796127876884145	0.9763522736629147	0.9819324519902155
0.9666426521721028	0.9782775803026698	0.981827460432425	0.9762928018825157	0.9711206834230419	0.9837194517749334	0.9771106989218509	0.9789479682616039	0.9806687974968838	0.9778808359405954	0.9783245061535528	0.9783132378523698	0.9772659622258273	0.9775163283418143	0.9726216696899913	0.9768564697400398	0.9794687153428108	0.9787105088747872	0.9799504679510843	0.9783239477649953	0.9761724636429857	0.9768199886108931	0.9757791004819835	0.9778495592356662	0.9798600349275586	0.9793005294615378	0.9786765491190926	0.9793729657828241	0.9668642087342703	0.9776802903951183	0.9651815061201194	0.9746526999248261	0.9803795518986838	0.9776115526626716	0.978311765466263	0.9608440266974341	0.9779181424089429	0.9717282033882406	0.9796127876884145	1.0	0.9733673093415982	0.9794964253411873
0.9638813992588716	0.974340120276182	0.9664236092231063	0.9713155466915264	0.9691620834560164	0.9728883295448663	0.9733980488445216	0.9764142020781471	0.9709384044146274	0.9742691831511162	0.9738926564184932	0.9737084648497273	0.9735828569941967	0.972596372713962	0.9703050306789786	0.9742031549973575	0.9768376511984729	0.9756391448534912	0.9751698131493186	0.975281873100119	0.9710691369228801	0.974649298393414	0.9748110306310471	0.9733615047783333	0.9746941379432537	0.973912731299237	0.9751821007150784	0.9748918823974385	0.965508268377089	0.9735962752664644	0.9603082161604002	0.9718332567083793	0.9773384011596997	0.9741177825072616	0.9736648208941664	0.9580713330342739	0.9751872438520448	0.9689850917700873	0.9763522736629147	0.9733673093415982	1.0	0.9764228899582615
0.9687401761200894	0.9812430303011166	0.9706541529639023	0.976460361572607	0.9717694728180944	0.978867077974635	0.9779961670349999	0.9806249128313129	0.9765239106122606	0.9790445786689495	0.9785670235116344	0.9792518672589849	0.9778592880071943	0.9777193370111642	0.974455241172963	0.9775441044323048	0.980294274430001	0.9914994556177115	0.980362723631554	0.9804232161929382	0.9765873462043175	0.978425468407943	0.9787939166163713	0.978889653210367	0.9791370673709704	0.9789966444864417	0.9795253001994025	0.9795935487159174	0.9676725967675445	0.9782779295734331	0.9661838438047597	0.9754215629231336	0.9813910947066676	0.9781714920892882	0.9791601477688443	0.9608837788187994	0.9799540709123098	0.9737309266621883	0.9819324519902155	0.9794964253411873	0.9764228899582615	1.0
