/home/jshaw/scratch/2022_sketched_distance/references/SGB_genome_fastas_part2/4393/Bengtsson-PalmeJ_2015__TRAVELRES1__bin.42.fa	/home/jshaw/scratch/2022_sketched_distance/references/SGB_genome_fastas_part2/4393/Bengtsson-PalmeJ_2015__TRAVELRES27__bin.215.fa	/home/jshaw/scratch/2022_sketched_distance/references/SGB_genome_fastas_part2/4393/Bengtsson-PalmeJ_2015__TRAVELRES2__bin.98.fa	/home/jshaw/scratch/2022_sketched_distance/references/SGB_genome_fastas_part2/4393/Bengtsson-PalmeJ_2015__TRAVELRES4__bin.77.fa	/home/jshaw/scratch/2022_sketched_distance/references/SGB_genome_fastas_part2/4393/BritoIL_2016__M1.15.ST__bin.19.fa	/home/jshaw/scratch/2022_sketched_distance/references/SGB_genome_fastas_part2/4393/BritoIL_2016__M1.20.ST__bin.74.fa	/home/jshaw/scratch/2022_sketched_distance/references/SGB_genome_fastas_part2/4393/BritoIL_2016__M1.48.ST__bin.92.fa	/home/jshaw/scratch/2022_sketched_distance/references/SGB_genome_fastas_part2/4393/BritoIL_2016__M2.44.ST__bin.101.fa	/home/jshaw/scratch/2022_sketched_distance/references/SGB_genome_fastas_part2/4393/BritoIL_2016__M2.50.ST__bin.13.fa	/home/jshaw/scratch/2022_sketched_distance/references/SGB_genome_fastas_part2/4393/BritoIL_2016__W1.33.ST__bin.55.fa	/home/jshaw/scratch/2022_sketched_distance/references/SGB_genome_fastas_part2/4393/BritoIL_2016__W2.39.ST__bin.57.fa	/home/jshaw/scratch/2022_sketched_distance/references/SGB_genome_fastas_part2/4393/KarlssonFH_2013__S552__bin.8.fa	/home/jshaw/scratch/2022_sketched_distance/references/SGB_genome_fastas_part2/4393/LeChatelierE_2013__MH0447__bin.124.fa	/home/jshaw/scratch/2022_sketched_distance/references/SGB_genome_fastas_part2/4393/LiJ_2014__MH0355__bin.49.fa	/home/jshaw/scratch/2022_sketched_distance/references/SGB_genome_fastas_part2/4393/LiJ_2014__V1.FI16__bin.39.fa	/home/jshaw/scratch/2022_sketched_distance/references/SGB_genome_fastas_part2/4393/LiSS_2016__FAT_012-22-42-0__bin.38.fa	/home/jshaw/scratch/2022_sketched_distance/references/SGB_genome_fastas_part2/4393/LiuW_2016__SRR3992961__bin.130.fa	/home/jshaw/scratch/2022_sketched_distance/references/SGB_genome_fastas_part2/4393/LiuW_2016__SRR3993022__bin.75.fa	/home/jshaw/scratch/2022_sketched_distance/references/SGB_genome_fastas_part2/4393/LiuW_2016__SRR3993056__bin.8.fa	/home/jshaw/scratch/2022_sketched_distance/references/SGB_genome_fastas_part2/4393/Obregon-TitoAJ_2015__SM39__bin.24.fa	/home/jshaw/scratch/2022_sketched_distance/references/SGB_genome_fastas_part2/4393/XieH_2016__YSZC12003_36049__bin.58.fa	/home/jshaw/scratch/2022_sketched_distance/references/SGB_genome_fastas_part2/4393/XieH_2016__YSZC12003_36699__bin.72.fa	/home/jshaw/scratch/2022_sketched_distance/references/SGB_genome_fastas_part2/4393/XieH_2016__YSZC12003_37181R1__bin.110.fa	/home/jshaw/scratch/2022_sketched_distance/references/SGB_genome_fastas_part2/4393/XieH_2016__YSZC12003_37286__bin.28.fa	/home/jshaw/scratch/2022_sketched_distance/references/SGB_genome_fastas_part2/4393/XieH_2016__YSZC12003_37287__bin.85.fa	/home/jshaw/scratch/2022_sketched_distance/references/SGB_genome_fastas_part2/4393/YuJ_2015__SZAXPI017591-140__bin.53.fa	/home/jshaw/scratch/2022_sketched_distance/references/SGB_genome_fastas_part2/4393/ZeeviD_2015__PNP_Main_545__bin.5.fa	/home/jshaw/scratch/2022_sketched_distance/references/SGB_genome_fastas_part2/4393/ZellerG_2014__CCIS20795251ST-4-0__bin.66.fa	/home/jshaw/scratch/2022_sketched_distance/references/SGB_genome_fastas_part2/4393/ZellerG_2014__CCMD64776337ST-21-0__bin.27.fa
1.0	0.9727490237490755	0.9860756414542464	0.9758051308667491	0.964783268743996	0.9762547457477502	0.9692508415522252	0.9761710898422862	0.9751727482111608	0.979917695035841	0.9754749640966552	0.9681442342194635	0.978597694901975	0.9769243239060734	0.9784088597432312	0.9797355290443776	0.9805179389987025	0.9641203623849133	0.9769836342235249	0.9698536359011296	0.981582729952392	0.9753755387418027	0.9764074978386337	0.9764229742997713	0.9776465953199831	0.973978894230883	0.9764060764312685	0.9777426850044553	0.9730049139213259
0.9727490237490755	1.0	0.969186220714807	0.9811470625233907	0.9747134086051413	0.979387837303896	0.9756595152817839	0.9841357688042903	0.9835471648930881	0.9821098413070289	0.9794510127800835	0.9785669050990912	0.9861855796508758	0.9799884685927459	0.9847564061042602	0.9867462982601105	0.9713664128230838	0.9758547998828664	0.9844578713775728	0.9604849447811055	0.978905054052436	0.9836392324500141	0.980266496685603	0.9837478608403672	0.9841161867269553	0.9833707696393668	0.9839284673353054	0.9844320398319395	0.9836125852803288
0.9860756414542464	0.969186220714807	1.0	0.9664875769453688	0.9595056874707991	0.9671290869989343	0.9644136997018685	0.9691810816983206	0.9689996126262503	0.9720260581468149	0.967750630282262	0.9639041659109012	0.9707794957516845	0.9699481918179303	0.9699219903326095	0.971602228279572	0.9728950965154332	0.9603939552363546	0.9693927734617325	0.9647644718955896	0.972361138635608	0.9685767865996852	0.9669023396545302	0.9675259474515726	0.9684242699388822	0.9674070869874122	0.9681039138256307	0.9700471948404382	0.9666571647952903
0.9758051308667491	0.9811470625233907	0.9664875769453688	1.0	0.9724508658465617	0.9851563410257282	0.9780756056345336	0.9876293903942523	0.9855148552927689	0.9836594397988373	0.9826010226028347	0.9780624535999369	0.9872653917641776	0.982388896713437	0.9865913376721175	0.9871822324490921	0.975407773021229	0.9703239998938741	0.9872087611850763	0.9626512039768186	0.9802946179601131	0.9858263987822107	0.9855546706084425	0.9884685910131931	0.9880375527901137	0.9838502245827071	0.9875084207143738	0.9901075706953368	0.9847950183700619
0.964783268743996	0.9747134086051413	0.9595056874707991	0.9724508658465617	1.0	0.982482904159106	0.9757490714282167	0.9743991606308717	0.9742161624770759	0.9765488883053275	0.9771997858066132	0.9680879197359984	0.9754092179178002	0.9740599789717825	0.9736238097664386	0.9752948709476266	0.9676822667522287	0.966753796401606	0.9744465665171912	0.9573582994375819	0.971296017493737	0.974357453926144	0.9716606611534029	0.9726446474711457	0.9708948113608405	0.9714153753128641	0.9731447305017764	0.973956230428807	0.9723333562723214
0.9762547457477502	0.979387837303896	0.9671290869989343	0.9851563410257282	0.982482904159106	1.0	0.9842068521081709	0.9860718923363978	0.982980122018484	0.9862075381341527	0.9859840429046126	0.9754684040276802	0.9849765373496134	0.9820605406191588	0.9854727196293332	0.9854172138781547	0.9748016458321903	0.9709297875316097	0.9836352179787794	0.9632718313686611	0.9823269011055028	0.9837711888260043	0.984903418255341	0.9848125684501281	0.9849772859377406	0.9817601392561237	0.9835066966299563	0.9856258688112205	0.981986617990488
0.9692508415522252	0.9756595152817839	0.9644136997018685	0.9780756056345336	0.9757490714282167	0.9842068521081709	1.0	0.9800061379944286	0.9786551445887606	0.9787719258516134	0.9792084161653766	0.9724947864807924	0.9790928780460216	0.9760706118973264	0.9780124549935847	0.9803796206119066	0.9682394649573939	0.9648699823807845	0.9782621558633889	0.9595290180829117	0.9748038301543397	0.9774027199747313	0.978451295383617	0.9782737792740354	0.97843414515989	0.9785644691860051	0.9785136021893266	0.979998072765201	0.9790559705874388
0.9761710898422862	0.9841357688042903	0.9691810816983206	0.9876293903942523	0.9743991606308717	0.9860718923363978	0.9800061379944286	1.0	0.9919842372351662	0.9851108159190315	0.9836134262420078	0.9803169891941399	0.9896016726413934	0.9828982701586352	0.9888230062901744	0.989163915435482	0.9750917665656137	0.9734777240873546	0.9890873762030955	0.9633895948157766	0.9810868182513934	0.9885128833374229	0.986129716282	0.9904277176388435	0.9900052106466561	0.986659789025768	0.9892482766064521	0.9909602443369405	0.9874914525363501
0.9751727482111608	0.9835471648930881	0.9689996126262503	0.9855148552927689	0.9742161624770759	0.982980122018484	0.9786551445887606	0.9919842372351662	1.0	0.9832779701696085	0.9821148316265024	0.9791762142212799	0.9882165626112773	0.9808425153087018	0.9863031412185548	0.9874395714212583	0.9743976447664583	0.9723040470485916	0.987706678663759	0.9635592754858713	0.9791215098054279	0.9870988825390501	0.9833948867621023	0.988428245625541	0.9882766548493396	0.9845795322501811	0.9880053523496547	0.9896923297051449	0.9862170968201907
0.979917695035841	0.9821098413070289	0.9720260581468149	0.9836594397988373	0.9765488883053275	0.9862075381341527	0.9787719258516134	0.9851108159190315	0.9832779701696085	1.0	0.9892581107595206	0.9772313294248545	0.9873971712848211	0.9848135306755126	0.9874531788206292	0.9878086757383587	0.9777402756623127	0.9740752657445663	0.9857275596984553	0.9662312579519674	0.985997912684866	0.983639056068198	0.9840328405026382	0.9853186355476578	0.9851585552795319	0.9824976702447494	0.9852857054948201	0.9862448841575466	0.9828697323198144
0.9754749640966552	0.9794510127800835	0.967750630282262	0.9826010226028347	0.9771997858066132	0.9859840429046126	0.9792084161653766	0.9836134262420078	0.9821148316265024	0.9892581107595206	1.0	0.9763013175975642	0.9843901924501471	0.9826665429378757	0.9845765813077212	0.9846672914006525	0.9756137692777138	0.9720500866869348	0.9827896481208662	0.9640410740302415	0.9828130569657041	0.982744566751209	0.9827669232601054	0.9836990341142648	0.9829666237726038	0.9814745753365135	0.9838276813292978	0.9849068014783862	0.9818992607464792
0.9681442342194635	0.9785669050990912	0.9639041659109012	0.9780624535999369	0.9680879197359984	0.9754684040276802	0.9724947864807924	0.9803169891941399	0.9791762142212799	0.9772313294248545	0.9763013175975642	1.0	0.9809192650985206	0.9772887453890967	0.9803400697711948	0.9819611153824088	0.9689569092279967	0.9686221453097356	0.9825872881171754	0.9585015778023924	0.9750007691557651	0.98014887364023	0.9764595711391013	0.9824090483301328	0.9827660043887888	0.9791699018043968	0.9824040660085526	0.9836056414439123	0.9808253529911224
0.978597694901975	0.9861855796508758	0.9707794957516845	0.9872653917641776	0.9754092179178002	0.9849765373496134	0.9790928780460216	0.9896016726413934	0.9882165626112773	0.9873971712848211	0.9843901924501471	0.9809192650985206	1.0	0.9842473596255593	0.9903754654044891	0.9903132275670617	0.9777183960218211	0.9765805266983644	0.9892905408823495	0.9649755155617785	0.9841821511448364	0.9874910410670815	0.986799696042534	0.9895925464298605	0.9886651815775549	0.9855036349163951	0.9891304347455839	0.9906045432079985	0.985853653442638
0.9769243239060734	0.9799884685927459	0.9699481918179303	0.982388896713437	0.9740599789717825	0.9820605406191588	0.9760706118973264	0.9828982701586352	0.9808425153087018	0.9848135306755126	0.9826665429378757	0.9772887453890967	0.9842473596255593	1.0	0.9840897534056161	0.9859730490524289	0.9759147434968342	0.9720760446475532	0.9837550059350578	0.9657871804325735	0.9822116601568479	0.9809758426559412	0.9829467214832109	0.9844043559392687	0.982640460768252	0.9813894813803077	0.9829881418603197	0.9843581523751908	0.9808978715858857
0.9784088597432312	0.9847564061042602	0.9699219903326095	0.9865913376721175	0.9736238097664386	0.9854727196293332	0.9780124549935847	0.9888230062901744	0.9863031412185548	0.9874531788206292	0.9845765813077212	0.9803400697711948	0.9903754654044891	0.9840897534056161	1.0	0.9901397626005689	0.9771203844400772	0.9748911809726483	0.9887202703252295	0.9637257364090335	0.9842361166204444	0.9863257174854059	0.9895964751368359	0.9887849110843508	0.9886327015945718	0.984493427021381	0.9882247875161921	0.9897383266592936	0.98532057546241
0.9797355290443776	0.9867462982601105	0.971602228279572	0.9871822324490921	0.9752948709476266	0.9854172138781547	0.9803796206119066	0.989163915435482	0.9874395714212583	0.9878086757383587	0.9846672914006525	0.9819611153824088	0.9903132275670617	0.9859730490524289	0.9901397626005689	1.0	0.9778606497783997	0.976799973026018	0.9909597204595723	0.9652875934402899	0.985337978553786	0.988998233105713	0.9878542439437193	0.9903815331798463	0.9917753118718052	0.9869753088528465	0.9900578809262192	0.9901935637825869	0.9878773780129719
0.9805179389987025	0.9713664128230838	0.9728950965154332	0.975407773021229	0.9676822667522287	0.9748016458321903	0.9682394649573939	0.9750917665656137	0.9743976447664583	0.9777402756623127	0.9756137692777138	0.9689569092279967	0.9777183960218211	0.9759147434968342	0.9771203844400772	0.9778606497783997	1.0	0.9666520577811586	0.9776171803635462	0.9691977565508523	0.9788398970219395	0.9745422567956693	0.9747560402139347	0.9751219716125749	0.9752997071699026	0.9743710100162785	0.9747025485067135	0.9770973523626603	0.9739324322777105
0.9641203623849133	0.9758547998828664	0.9603939552363546	0.9703239998938741	0.966753796401606	0.9709297875316097	0.9648699823807845	0.9734777240873546	0.9723040470485916	0.9740752657445663	0.9720500866869348	0.9686221453097356	0.9765805266983644	0.9720760446475532	0.9748911809726483	0.976799973026018	0.9666520577811586	1.0	0.9753430270668564	0.9538419926122886	0.9704454398304545	0.9718158876892686	0.9709066050561961	0.974151109314834	0.971877418529211	0.9738170792609194	0.9734776181408009	0.973211213259037	0.972737632636735
0.9769836342235249	0.9844578713775728	0.9693927734617325	0.9872087611850763	0.9744465665171912	0.9836352179787794	0.9782621558633889	0.9890873762030955	0.987706678663759	0.9857275596984553	0.9827896481208662	0.9825872881171754	0.9892905408823495	0.9837550059350578	0.9887202703252295	0.9909597204595723	0.9776171803635462	0.9753430270668564	1.0	0.9641713778040774	0.9821661954752952	0.9896055211494424	0.9857668360356019	0.9905257695594654	0.9903852125850428	0.9860334146170754	0.9903815331798463	0.9904386172337036	0.9879916107846232
0.9698536359011296	0.9604849447811055	0.9647644718955896	0.9626512039768186	0.9573582994375819	0.9632718313686611	0.9595290180829117	0.9633895948157766	0.9635592754858713	0.9662312579519674	0.9640410740302415	0.9585015778023924	0.9649755155617785	0.9657871804325735	0.9637257364090335	0.9652875934402899	0.9691977565508523	0.9538419926122886	0.9641713778040774	1.0	0.9674118415320134	0.962791215906639	0.9612701854843662	0.9642552186132288	0.9630776369164	0.9632610562128053	0.9640821445556288	0.9645831238761473	0.9627743333443682
0.981582729952392	0.978905054052436	0.972361138635608	0.9802946179601131	0.971296017493737	0.9823269011055028	0.9748038301543397	0.9810868182513934	0.9791215098054279	0.985997912684866	0.9828130569657041	0.9750007691557651	0.9841821511448364	0.9822116601568479	0.9842361166204444	0.985337978553786	0.9788398970219395	0.9704454398304545	0.9821661954752952	0.9674118415320134	1.0	0.9806985823537163	0.98199770259206	0.9816592832828613	0.9827691017016221	0.9786131040869527	0.9819735316116902	0.9825995528423507	0.9783592059583638
0.9753755387418027	0.9836392324500141	0.9685767865996852	0.9858263987822107	0.974357453926144	0.9837711888260043	0.9774027199747313	0.9885128833374229	0.9870988825390501	0.983639056068198	0.982744566751209	0.98014887364023	0.9874910410670815	0.9809758426559412	0.9863257174854059	0.988998233105713	0.9745422567956693	0.9718158876892686	0.9896055211494424	0.962791215906639	0.9806985823537163	1.0	0.9842905948239705	0.989773476176812	0.9895962036435991	0.9848199212647243	0.989332806630482	0.9892376733606257	0.9866654731165946
0.9764074978386337	0.980266496685603	0.9669023396545302	0.9855546706084425	0.9716606611534029	0.984903418255341	0.978451295383617	0.986129716282	0.9833948867621023	0.9840328405026382	0.9827669232601054	0.9764595711391013	0.986799696042534	0.9829467214832109	0.9895964751368359	0.9878542439437193	0.9747560402139347	0.9709066050561961	0.9857668360356019	0.9612701854843662	0.98199770259206	0.9842905948239705	1.0	0.9870211768785233	0.9870798995628288	0.9829556652142394	0.9860672056086576	0.9865934693492519	0.9845903888657598
0.9764229742997713	0.9837478608403672	0.9675259474515726	0.9884685910131931	0.9726446474711457	0.9848125684501281	0.9782737792740354	0.9904277176388435	0.988428245625541	0.9853186355476578	0.9836990341142648	0.9824090483301328	0.9895925464298605	0.9844043559392687	0.9887849110843508	0.9903815331798463	0.9751219716125749	0.974151109314834	0.9905257695594654	0.9642552186132288	0.9816592832828613	0.989773476176812	0.9870211768785233	1.0	0.9948430831579834	0.9873582601198626	0.9919660886725749	0.9927051355096637	0.989633096437433
0.9776465953199831	0.9841161867269553	0.9684242699388822	0.9880375527901137	0.9708948113608405	0.9849772859377406	0.97843414515989	0.9900052106466561	0.9882766548493396	0.9851585552795319	0.9829666237726038	0.9827660043887888	0.9886651815775549	0.982640460768252	0.9886327015945718	0.9917753118718052	0.9752997071699026	0.971877418529211	0.9903852125850428	0.9630776369164	0.9827691017016221	0.9895962036435991	0.9870798995628288	0.9948430831579834	1.0	0.9867321518074974	0.9915316404416622	0.9927390534691958	0.9892435473502913
0.973978894230883	0.9833707696393668	0.9674070869874122	0.9838502245827071	0.9714153753128641	0.9817601392561237	0.9785644691860051	0.986659789025768	0.9845795322501811	0.9824976702447494	0.9814745753365135	0.9791699018043968	0.9855036349163951	0.9813894813803077	0.984493427021381	0.9869753088528465	0.9743710100162785	0.9738170792609194	0.9860334146170754	0.9632610562128053	0.9786131040869527	0.9848199212647243	0.9829556652142394	0.9873582601198626	0.9867321518074974	1.0	0.98640620748726	0.9875087071611425	0.9856055023166047
0.9764060764312685	0.9839284673353054	0.9681039138256307	0.9875084207143738	0.9731447305017764	0.9835066966299563	0.9785136021893266	0.9892482766064521	0.9880053523496547	0.9852857054948201	0.9838276813292978	0.9824040660085526	0.9891304347455839	0.9829881418603197	0.9882247875161921	0.9900578809262192	0.9747025485067135	0.9734776181408009	0.9903815331798463	0.9640821445556288	0.9819735316116902	0.989332806630482	0.9860672056086576	0.9919660886725749	0.9915316404416622	0.98640620748726	1.0	0.9910674825883617	0.9881266961613251
0.9777426850044553	0.9844320398319395	0.9700471948404382	0.9901075706953368	0.973956230428807	0.9856258688112205	0.979998072765201	0.9909602443369405	0.9896923297051449	0.9862448841575466	0.9849068014783862	0.9836056414439123	0.9906045432079985	0.9843581523751908	0.9897383266592936	0.9901935637825869	0.9770973523626603	0.973211213259037	0.9904386172337036	0.9645831238761473	0.9825995528423507	0.9892376733606257	0.9865934693492519	0.9927051355096637	0.9927390534691958	0.9875087071611425	0.9910674825883617	1.0	0.9881458946560233
0.9730049139213259	0.9836125852803288	0.9666571647952903	0.9847950183700619	0.9723333562723214	0.981986617990488	0.9790559705874388	0.9874914525363501	0.9862170968201907	0.9828697323198144	0.9818992607464792	0.9808253529911224	0.985853653442638	0.9808978715858857	0.98532057546241	0.9878773780129719	0.9739324322777105	0.972737632636735	0.9879916107846232	0.9627743333443682	0.9783592059583638	0.9866654731165946	0.9845903888657598	0.989633096437433	0.9892435473502913	0.9856055023166047	0.9881266961613251	0.9881458946560233	1.0
