/home/jshaw/scratch/2022_sketched_distance/references/SGB_genome_fastas_part1_redo/1560/BritoIL_2016__W1.9.SA__bin.3.fa	/home/jshaw/scratch/2022_sketched_distance/references/SGB_genome_fastas_part1_redo/1560/BritoIL_2016__W2.8.SA__bin.15.fa	/home/jshaw/scratch/2022_sketched_distance/references/SGB_genome_fastas_part1_redo/1560/CM_cf__CF_TNFC041IS_t3M15__bin.7.fa	/home/jshaw/scratch/2022_sketched_distance/references/SGB_genome_fastas_part1_redo/1560/CM_periimplantitis__SP_184SPT_T016__bin.15.fa	/home/jshaw/scratch/2022_sketched_distance/references/SGB_genome_fastas_part1_redo/1560/CM_periimplantitis__SP_186SPI_T016_R__bin.1.fa	/home/jshaw/scratch/2022_sketched_distance/references/SGB_genome_fastas_part1_redo/1560/CM_periimplantitis__SP_305SPI_T016__bin.4.fa	/home/jshaw/scratch/2022_sketched_distance/references/SGB_genome_fastas_part1_redo/1560/CM_periimplantitis__SP_384SPI_T016__bin.6.fa	/home/jshaw/scratch/2022_sketched_distance/references/SGB_genome_fastas_part1_redo/1560/CM_periimplantitis__SP_385SPI_T016__bin.1.fa	/home/jshaw/scratch/2022_sketched_distance/references/SGB_genome_fastas_part1_redo/1560/FengQ_2015__SID31874__bin.79.fa	/home/jshaw/scratch/2022_sketched_distance/references/SGB_genome_fastas_part1_redo/1560/FengQ_2015__SID530373__bin.76.fa	/home/jshaw/scratch/2022_sketched_distance/references/SGB_genome_fastas_part1_redo/1560/HMP_2012__SRS014477__bin.4.fa	/home/jshaw/scratch/2022_sketched_distance/references/SGB_genome_fastas_part1_redo/1560/HMP_2012__SRS015061__bin.7.fa	/home/jshaw/scratch/2022_sketched_distance/references/SGB_genome_fastas_part1_redo/1560/HMP_2012__SRS015062__bin.1.fa	/home/jshaw/scratch/2022_sketched_distance/references/SGB_genome_fastas_part1_redo/1560/HMP_2012__SRS016746__bin.33.fa	/home/jshaw/scratch/2022_sketched_distance/references/SGB_genome_fastas_part1_redo/1560/HMP_2012__SRS017511__bin.37.fa	/home/jshaw/scratch/2022_sketched_distance/references/SGB_genome_fastas_part1_redo/1560/HMP_2012__SRS020226__bin.31.fa	/home/jshaw/scratch/2022_sketched_distance/references/SGB_genome_fastas_part1_redo/1560/HMP_2012__SRS022149__bin.24.fa	/home/jshaw/scratch/2022_sketched_distance/references/SGB_genome_fastas_part1_redo/1560/HMP_2012__SRS023595__bin.55.fa	/home/jshaw/scratch/2022_sketched_distance/references/SGB_genome_fastas_part1_redo/1560/HMP_2012__SRS048411__bin.62.fa	/home/jshaw/scratch/2022_sketched_distance/references/SGB_genome_fastas_part1_redo/1560/HMP_2012__SRS049318__bin.42.fa	/home/jshaw/scratch/2022_sketched_distance/references/SGB_genome_fastas_part1_redo/1560/HMP_2012__SRS055401__bin.1.fa	/home/jshaw/scratch/2022_sketched_distance/references/SGB_genome_fastas_part1_redo/1560/HMP_2012__SRS063603__bin.8.fa	/home/jshaw/scratch/2022_sketched_distance/references/SGB_genome_fastas_part1_redo/1560/LiJ_2014__V1.FI17__bin.37.fa	/home/jshaw/scratch/2022_sketched_distance/references/SGB_genome_fastas_part1_redo/1560/QinN_2014__LD-24__bin.3.fa	/home/jshaw/scratch/2022_sketched_distance/references/SGB_genome_fastas_part1_redo/1560/YuJ_2015__SZAXPI003409-8__bin.1.fa	/home/jshaw/scratch/2022_sketched_distance/references/SGB_genome_fastas_part1_redo/1560/YuJ_2015__SZAXPI003412-1__bin.20.fa	/home/jshaw/scratch/2022_sketched_distance/references/SGB_genome_fastas_part1_redo/1560/YuJ_2015__SZAXPI015217-140__bin.30.fa	/home/jshaw/scratch/2022_sketched_distance/references/SGB_genome_fastas_part1_redo/1560/YuJ_2015__SZAXPI017464-37__bin.5.fa	/home/jshaw/scratch/2022_sketched_distance/references/SGB_genome_fastas_part1_redo/1560/ZellerG_2014__CCIS33816588ST-4-0__bin.62.fa	/home/jshaw/scratch/2022_sketched_distance/references/SGB_genome_fastas_part1_redo/1560/ZellerG_2014__CCIS35100175ST-4-0__bin.56.fa	/home/jshaw/scratch/2022_sketched_distance/references/SGB_genome_fastas_part1_redo/1560/ZellerG_2014__CCMD18872694ST-21-0__bin.29.fa
1.0	0.9672875047080332	0.9681645897079953	0.9653148555232559	0.9574923614304656	0.9617539703700171	0.9679712120154883	0.964226845767407	0.9679256083592614	0.9586277433024973	0.9696028797217953	0.9671837558622906	0.9692627697787455	0.967744025880123	0.9691829621792807	0.9651020498309949	0.9670811338536975	0.9669273465703608	0.9667466720087373	0.9681589108692369	0.967169296483942	0.9672440077257047	0.9663572625336192	0.9667652866180445	0.9670596398281066	0.9688185099904457	0.9603213191453895	0.96955026927662	0.9662772203216283	0.9694290114198894	0.9687714984950773
0.9672875047080332	1.0	0.9723535493304027	0.9690259767871875	0.9597526878149261	0.9643990869919413	0.9726540784418872	0.9652400557200271	0.9837597704726507	0.9626792576487105	0.971515374784597	0.9685045831040782	0.9704356745543983	0.971213184605517	0.9713988283392763	0.9939268963284488	0.9832101237665296	0.9957831137559294	0.9684598130469463	0.9694580340409715	0.9708470900383258	0.9711685163655909	0.9679674766872064	0.9703450266643324	0.9682080973791711	0.9696688532180076	0.9603665917643971	0.9712275469868483	0.9690764467491528	0.9705219098618802	0.9709790200374401
0.9681645897079953	0.9723535493304027	1.0	0.9891339045660344	0.9614457882103566	0.9661207742941378	0.9929651518336163	0.9658413419181358	0.9734123803982219	0.960938170281969	0.9721788361813738	0.968784828852223	0.9722262592702099	0.9719967492960785	0.9718280991622297	0.9700107801399314	0.9730561700601438	0.9714104370469442	0.9691111761347239	0.9696052618940957	0.9856599599110477	0.9714445909520273	0.9697735445275475	0.9701283570142119	0.9699039081444829	0.9721783274234848	0.9605457230850007	0.973077642345867	0.9710468884937294	0.9725606308477375	0.9713921543644555
0.9653148555232559	0.9690259767871875	0.9891339045660344	1.0	0.9600191713878373	0.9619588818851886	0.9948520420666842	0.9621804838490622	0.970352817522775	0.9538193218568253	0.9678646941842038	0.9635234285090732	0.9676606655058257	0.9670263918249685	0.9670741763281807	0.9672496719566297	0.969906235894462	0.9665233634902155	0.9649667488325949	0.9648864316095698	0.9810707040710344	0.9670276560255452	0.966328915582776	0.9656177553370104	0.96618108942569	0.968060010826165	0.9569935057248083	0.9688024860292468	0.9664627708909055	0.9685085647203721	0.9670516820032428
0.9574923614304656	0.9597526878149261	0.9614457882103566	0.9600191713878373	1.0	0.9561235181482611	0.9592503554431719	0.956706608429346	0.9600668648239989	0.9509541258184209	0.9793914643860275	0.978069441184779	0.9790003057925698	0.9610538038043392	0.9615213023685938	0.9592370913750408	0.9586989852231935	0.9585519494907889	0.9574663141979214	0.9577455461575252	0.9575378929639017	0.9582039982104454	0.9595305626610643	0.9584298283994473	0.959143899736092	0.9593808624578963	0.952533497574393	0.9629612695805971	0.9573341897617572	0.9587752384392317	0.9572683970233502
0.9617539703700171	0.9643990869919413	0.9661207742941378	0.9619588818851886	0.9561235181482611	1.0	0.9644646386352398	0.961596598340661	0.9660759661725271	0.956221186921413	0.9646479949296368	0.9629243797461391	0.9643497402125343	0.9664251056706281	0.9662483722574622	0.9636286776424837	0.9646686456987785	0.9637685273375574	0.963222504117348	0.9643595185954746	0.9641627805068337	0.9644025607752594	0.9637356271942795	0.9663520410581371	0.9639771254944733	0.9651036395567332	0.9558225746583685	0.9652744632396089	0.9614896288347317	0.963583671478179	0.9636916921235068
0.9679712120154883	0.9726540784418872	0.9929651518336163	0.9948520420666842	0.9592503554431719	0.9644646386352398	1.0	0.9646303104025141	0.9748516377620003	0.9616221687487233	0.9723441791537598	0.9691429688543112	0.9722005854113467	0.9714140013651601	0.9715119172429466	0.9702436454733093	0.9751255736375432	0.9725313589066505	0.9685836910222122	0.9706164101779083	0.9868324780983495	0.9725720220720178	0.9685449139649128	0.9694526942545548	0.9700946978203668	0.9719903750163688	0.9616205343617861	0.973264998905907	0.9711975578861519	0.9726448564421445	0.9721685838461859
0.964226845767407	0.9652400557200271	0.9658413419181358	0.9621804838490622	0.956706608429346	0.961596598340661	0.9646303104025141	1.0	0.9669548265480928	0.9576002511642124	0.9657722665183301	0.9638507952461829	0.9658872030328483	0.9669132188222455	0.9661522115083524	0.9652084981657179	0.966499803926231	0.9649144324867077	0.9638832478005179	0.9642330096815236	0.9652814628655855	0.9654698733195196	0.9650701174836993	0.9650592448650547	0.9660745274643038	0.9650845174967109	0.9586590726057179	0.9674428399424462	0.964242999026178	0.9672552233021684	0.9703325843807479
0.9679256083592614	0.9837597704726507	0.9734123803982219	0.970352817522775	0.9600668648239989	0.9660759661725271	0.9748516377620003	0.9669548265480928	1.0	0.9642165548170545	0.9733320014094676	0.9698224192204923	0.9729817879591125	0.971421532079909	0.9726136493192912	0.9807614422610708	0.9938491148166655	0.9835660471666355	0.9701209201164189	0.9709399591193322	0.9730313228018003	0.9731922761302486	0.9694520211742591	0.9722276170228802	0.9706301463877447	0.9717712467282157	0.9616735734470709	0.9727880971189706	0.9711696327504433	0.9733747028062399	0.9724392232097328
0.9586277433024973	0.9626792576487105	0.960938170281969	0.9538193218568253	0.9509541258184209	0.956221186921413	0.9616221687487233	0.9576002511642124	0.9642165548170545	1.0	0.9628151435627413	0.9661198042228805	0.9633331367424374	0.963153743252949	0.9633423738143574	0.9642034523438964	0.9633201915001418	0.9648882005503389	0.96043070618126	0.9652180715700717	0.9608373914751728	0.9631244460158729	0.9609721211585627	0.9807661376887091	0.9609456033104818	0.961294130175218	0.9576791056747141	0.9643735426912359	0.9622688818390096	0.9616662519503125	0.9620264772312539
0.9696028797217953	0.971515374784597	0.9721788361813738	0.9678646941842038	0.9793914643860275	0.9646479949296368	0.9723441791537598	0.9657722665183301	0.9733320014094676	0.9628151435627413	1.0	0.9949494478083453	0.9985578588377891	0.9708532016007553	0.9726905114679762	0.9688015686985854	0.9732365545027641	0.9708471206352784	0.9700785357247463	0.9700192421044291	0.9706729890964781	0.9717510614841355	0.9686614395563254	0.9703308921172906	0.9712793529428345	0.9719956166710679	0.9612286637393059	0.9784126115053946	0.9714881138223534	0.9734599189888432	0.97214105661896
0.9671837558622906	0.9685045831040782	0.968784828852223	0.9635234285090732	0.978069441184779	0.9629243797461391	0.9691429688543112	0.9638507952461829	0.9698224192204923	0.9661198042228805	0.9949494478083453	1.0	0.9952907354030093	0.9685720062268329	0.9695789061459765	0.9697279655058313	0.9696293042096191	0.9702474085089822	0.9668812166608779	0.9701131582679259	0.9677493678848517	0.9698775882866516	0.9652623164189664	0.9681815041872244	0.9678268954928623	0.9684358302253975	0.964432191638477	0.9757206909796594	0.9685638278063271	0.9701943178255176	0.9687050468428385
0.9692627697787455	0.9704356745543983	0.9722262592702099	0.9676606655058257	0.9790003057925698	0.9643497402125343	0.9722005854113467	0.9658872030328483	0.9729817879591125	0.9633331367424374	0.9985578588377891	0.9952907354030093	1.0	0.9707069574403333	0.9723098067557921	0.968415265083787	0.9727390206847776	0.9701750418819187	0.9695836022665422	0.9699724305331572	0.9703392287753988	0.9716630421247285	0.9684690013072523	0.9704353267067967	0.9713189365945872	0.9712747928439238	0.9614212978535592	0.9782448155004794	0.9715880895796145	0.9730314194748005	0.9720907052342073
0.967744025880123	0.971213184605517	0.9719967492960785	0.9670263918249685	0.9610538038043392	0.9664251056706281	0.9714140013651601	0.9669132188222455	0.971421532079909	0.963153743252949	0.9708532016007553	0.9685720062268329	0.9707069574403333	1.0	0.97156170611955	0.9685990591230118	0.9712231982454372	0.9699556330039747	0.9678347460400379	0.9690626508502957	0.9693729637116977	0.9699233444939996	0.9689795608902131	0.9704386699519503	0.9694705104301699	0.9700035894106177	0.960782538216923	0.9712688219622271	0.9684882676185214	0.9709316598509966	0.9704327080162004
0.9691829621792807	0.9713988283392763	0.9718280991622297	0.9670741763281807	0.9615213023685938	0.9662483722574622	0.9715119172429466	0.9661522115083524	0.9726136493192912	0.9633423738143574	0.9726905114679762	0.9695789061459765	0.9723098067557921	0.97156170611955	1.0	0.9679812545228867	0.9723977796213297	0.9698914604232938	0.970667228573273	0.9698243570408646	0.9707848509104569	0.9712442638742388	0.969076770054294	0.970627123428647	0.9698521583285548	0.9724356230057288	0.9609796226757701	0.972301228146348	0.9699276853862783	0.9715544183052675	0.9720747369602887
0.9651020498309949	0.9939268963284488	0.9700107801399314	0.9672496719566297	0.9592370913750408	0.9636286776424837	0.9702436454733093	0.9652084981657179	0.9807614422610708	0.9642034523438964	0.9688015686985854	0.9697279655058313	0.968415265083787	0.9685990591230118	0.9679812545228867	1.0	0.9803220151843851	0.9956728703266927	0.9659390668306557	0.9700346717426173	0.9686792518685238	0.9702115302237977	0.9651380043865534	0.9688034157431616	0.9650374847484983	0.9667094225157526	0.9611934503889146	0.9690132175343966	0.9668585073218752	0.9676863584877577	0.9678575611637692
0.9670811338536975	0.9832101237665296	0.9730561700601438	0.969906235894462	0.9586989852231935	0.9646686456987785	0.9751255736375432	0.966499803926231	0.9938491148166655	0.9633201915001418	0.9732365545027641	0.9696293042096191	0.9727390206847776	0.9712231982454372	0.9723977796213297	0.9803220151843851	1.0	0.9833513034566651	0.9690253601376007	0.9689726954970576	0.9729126949878151	0.9729767116857105	0.9690920548728306	0.971314806843311	0.9697029169425742	0.9708814999775798	0.9615607978409592	0.9721686569852641	0.9718647115364297	0.972647629236916	0.971895983392615
0.9669273465703608	0.9957831137559294	0.9714104370469442	0.9665233634902155	0.9585519494907889	0.9637685273375574	0.9725313589066505	0.9649144324867077	0.9835660471666355	0.9648882005503389	0.9708471206352784	0.9702474085089822	0.9701750418819187	0.9699556330039747	0.9698914604232938	0.9956728703266927	0.9833513034566651	1.0	0.967879185581675	0.9709579196830566	0.9707990057185798	0.9716680336128526	0.9661956747762314	0.9697023851337236	0.9670520425089684	0.9685632163002729	0.9616185068727128	0.9705773065702498	0.9683216844434812	0.970057301928394	0.9695184626828812
0.9667466720087373	0.9684598130469463	0.9691111761347239	0.9649667488325949	0.9574663141979214	0.963222504117348	0.9685836910222122	0.9638832478005179	0.9701209201164189	0.96043070618126	0.9700785357247463	0.9668812166608779	0.9695836022665422	0.9678347460400379	0.970667228573273	0.9659390668306557	0.9690253601376007	0.967879185581675	1.0	0.9686408300000396	0.9685751689912208	0.9675614548535704	0.966853548880703	0.968383123166385	0.9694639060303467	0.9706736472141483	0.959248332781535	0.9701891195019355	0.9685995284176518	0.9713729973713614	0.9702025713268636
0.9681589108692369	0.9694580340409715	0.9696052618940957	0.9648864316095698	0.9577455461575252	0.9643595185954746	0.9706164101779083	0.9642330096815236	0.9709399591193322	0.9652180715700717	0.9700192421044291	0.9701131582679259	0.9699724305331572	0.9690626508502957	0.9698243570408646	0.9700346717426173	0.9689726954970576	0.9709579196830566	0.9686408300000396	1.0	0.9687144267227474	0.9696329156007726	0.96755569679305	0.9692136114676451	0.9685884673287204	0.9710511277082372	0.9644585625111742	0.9706058750334271	0.96967324943904	0.9702512949095046	0.9704676279347035
0.967169296483942	0.9708470900383258	0.9856599599110477	0.9810707040710344	0.9575378929639017	0.9641627805068337	0.9868324780983495	0.9652814628655855	0.9730313228018003	0.9608373914751728	0.9706729890964781	0.9677493678848517	0.9703392287753988	0.9693729637116977	0.9707848509104569	0.9686792518685238	0.9729126949878151	0.9707990057185798	0.9685751689912208	0.9687144267227474	1.0	0.9709598214414144	0.9677591833424523	0.9694709575657521	0.9684158763599027	0.9705507893414543	0.9609304692851943	0.9718576324566753	0.9691036777100219	0.971226215570523	0.9706859682640203
0.9672440077257047	0.9711685163655909	0.9714445909520273	0.9670276560255452	0.9582039982104454	0.9644025607752594	0.9725720220720178	0.9654698733195196	0.9731922761302486	0.9631244460158729	0.9717510614841355	0.9698775882866516	0.9716630421247285	0.9699233444939996	0.9712442638742388	0.9702115302237977	0.9729767116857105	0.9716680336128526	0.9675614548535704	0.9696329156007726	0.9709598214414144	1.0	0.96611723601452	0.9701697459463415	0.9681162499315272	0.9693258435428994	0.9628324482858193	0.972233211852798	0.9693877122551243	0.9714940304313708	0.9704574284319559
0.9663572625336192	0.9679674766872064	0.9697735445275475	0.966328915582776	0.9595305626610643	0.9637356271942795	0.9685449139649128	0.9650701174836993	0.9694520211742591	0.9609721211585627	0.9686614395563254	0.9652623164189664	0.9684690013072523	0.9689795608902131	0.969076770054294	0.9651380043865534	0.9690920548728306	0.9661956747762314	0.966853548880703	0.96755569679305	0.9677591833424523	0.96611723601452	1.0	0.9685553100435261	0.9686935293289297	0.9688451712444793	0.9595154936124972	0.9694461034880978	0.967770611540225	0.9701418641253396	0.9706775540392792
0.9667652866180445	0.9703450266643324	0.9701283570142119	0.9656177553370104	0.9584298283994473	0.9663520410581371	0.9694526942545548	0.9650592448650547	0.9722276170228802	0.9807661376887091	0.9703308921172906	0.9681815041872244	0.9704353267067967	0.9704386699519503	0.970627123428647	0.9688034157431616	0.971314806843311	0.9697023851337236	0.968383123166385	0.9692136114676451	0.9694709575657521	0.9701697459463415	0.9685553100435261	1.0	0.9683348591087102	0.969988657318935	0.9624961774474969	0.9705947409304301	0.969177567669818	0.9698708941529369	0.9703452702656487
0.9670596398281066	0.9682080973791711	0.9699039081444829	0.96618108942569	0.959143899736092	0.9639771254944733	0.9700946978203668	0.9660745274643038	0.9706301463877447	0.9609456033104818	0.9712793529428345	0.9678268954928623	0.9713189365945872	0.9694705104301699	0.9698521583285548	0.9650374847484983	0.9697029169425742	0.9670520425089684	0.9694639060303467	0.9685884673287204	0.9684158763599027	0.9681162499315272	0.9686935293289297	0.9683348591087102	1.0	0.9706261474989177	0.9595621364510873	0.9717226159374475	0.9703272867601171	0.983649742835151	0.9715006910238284
0.9688185099904457	0.9696688532180076	0.9721783274234848	0.968060010826165	0.9593808624578963	0.9651036395567332	0.9719903750163688	0.9650845174967109	0.9717712467282157	0.961294130175218	0.9719956166710679	0.9684358302253975	0.9712747928439238	0.9700035894106177	0.9724356230057288	0.9667094225157526	0.9708814999775798	0.9685632163002729	0.9706736472141483	0.9710511277082372	0.9705507893414543	0.9693258435428994	0.9688451712444793	0.969988657318935	0.9706261474989177	1.0	0.9614026983877344	0.9720962245255541	0.9719414805583828	0.973255846933281	0.9721716917280776
0.9603213191453895	0.9603665917643971	0.9605457230850007	0.9569935057248083	0.952533497574393	0.9558225746583685	0.9616205343617861	0.9586590726057179	0.9616735734470709	0.9576791056747141	0.9612286637393059	0.964432191638477	0.9614212978535592	0.960782538216923	0.9609796226757701	0.9611934503889146	0.9615607978409592	0.9616185068727128	0.959248332781535	0.9644585625111742	0.9609304692851943	0.9628324482858193	0.9595154936124972	0.9624961774474969	0.9595621364510873	0.9614026983877344	1.0	0.9630898104691644	0.95916454742035	0.9614426089442791	0.9626967985894501
0.96955026927662	0.9712275469868483	0.973077642345867	0.9688024860292468	0.9629612695805971	0.9652744632396089	0.973264998905907	0.9674428399424462	0.9727880971189706	0.9643735426912359	0.9784126115053946	0.9757206909796594	0.9782448155004794	0.9712688219622271	0.972301228146348	0.9690132175343966	0.9721686569852641	0.9705773065702498	0.9701891195019355	0.9706058750334271	0.9718576324566753	0.972233211852798	0.9694461034880978	0.9705947409304301	0.9717226159374475	0.9720962245255541	0.9630898104691644	1.0	0.972290348648962	0.9733046815894492	0.9735203209408456
0.9662772203216283	0.9690764467491528	0.9710468884937294	0.9664627708909055	0.9573341897617572	0.9614896288347317	0.9711975578861519	0.964242999026178	0.9711696327504433	0.9622688818390096	0.9714881138223534	0.9685638278063271	0.9715880895796145	0.9684882676185214	0.9699276853862783	0.9668585073218752	0.9718647115364297	0.9683216844434812	0.9685995284176518	0.96967324943904	0.9691036777100219	0.9693877122551243	0.967770611540225	0.969177567669818	0.9703272867601171	0.9719414805583828	0.95916454742035	0.972290348648962	1.0	0.9731631162927658	0.9714697479213867
0.9694290114198894	0.9705219098618802	0.9725606308477375	0.9685085647203721	0.9587752384392317	0.963583671478179	0.9726448564421445	0.9672552233021684	0.9733747028062399	0.9616662519503125	0.9734599189888432	0.9701943178255176	0.9730314194748005	0.9709316598509966	0.9715544183052675	0.9676863584877577	0.972647629236916	0.970057301928394	0.9713729973713614	0.9702512949095046	0.971226215570523	0.9714940304313708	0.9701418641253396	0.9698708941529369	0.983649742835151	0.973255846933281	0.9614426089442791	0.9733046815894492	0.9731631162927658	1.0	0.9745569180959602
0.9687714984950773	0.9709790200374401	0.9713921543644555	0.9670516820032428	0.9572683970233502	0.9636916921235068	0.9721685838461859	0.9703325843807479	0.9724392232097328	0.9620264772312539	0.97214105661896	0.9687050468428385	0.9720907052342073	0.9704327080162004	0.9720747369602887	0.9678575611637692	0.971895983392615	0.9695184626828812	0.9702025713268636	0.9704676279347035	0.9706859682640203	0.9704574284319559	0.9706775540392792	0.9703452702656487	0.9715006910238284	0.9721716917280776	0.9626967985894501	0.9735203209408456	0.9714697479213867	0.9745569180959602	1.0
