/home/jshaw/scratch/2022_sketched_distance/references/SGB_genome_fastas_part1_redo/1697/Bengtsson-PalmeJ_2015__TRAVELRES11__bin.114.fa	/home/jshaw/scratch/2022_sketched_distance/references/SGB_genome_fastas_part1_redo/1697/Bengtsson-PalmeJ_2015__TRAVELRES12__bin.61.fa	/home/jshaw/scratch/2022_sketched_distance/references/SGB_genome_fastas_part1_redo/1697/FengQ_2015__SID31398__bin.76.fa	/home/jshaw/scratch/2022_sketched_distance/references/SGB_genome_fastas_part1_redo/1697/FengQ_2015__SID31875__bin.41.fa	/home/jshaw/scratch/2022_sketched_distance/references/SGB_genome_fastas_part1_redo/1697/HeQ_2017__SZAXPI029585-104__bin.39.fa	/home/jshaw/scratch/2022_sketched_distance/references/SGB_genome_fastas_part1_redo/1697/LeChatelierE_2013__MH0057__bin.11.fa	/home/jshaw/scratch/2022_sketched_distance/references/SGB_genome_fastas_part1_redo/1697/LiJ_2014__V1.FI15__bin.44.fa	/home/jshaw/scratch/2022_sketched_distance/references/SGB_genome_fastas_part1_redo/1697/LiSS_2016__FAT_015-22-0-0__bin.30.fa	/home/jshaw/scratch/2022_sketched_distance/references/SGB_genome_fastas_part1_redo/1697/LiSS_2016__FAT_015-22-14-0__bin.10.fa	/home/jshaw/scratch/2022_sketched_distance/references/SGB_genome_fastas_part1_redo/1697/LiSS_2016__FAT_015-22-2-0__bin.47.fa	/home/jshaw/scratch/2022_sketched_distance/references/SGB_genome_fastas_part1_redo/1697/LiSS_2016__FAT_015-22-42-0__bin.22.fa	/home/jshaw/scratch/2022_sketched_distance/references/SGB_genome_fastas_part1_redo/1697/LiSS_2016__FAT_015-22-84-0__bin.18.fa	/home/jshaw/scratch/2022_sketched_distance/references/SGB_genome_fastas_part1_redo/1697/LomanNJ_2013__OBK2764__bin.2.fa	/home/jshaw/scratch/2022_sketched_distance/references/SGB_genome_fastas_part1_redo/1697/NielsenHB_2014__MH0057__bin.12.fa	/home/jshaw/scratch/2022_sketched_distance/references/SGB_genome_fastas_part1_redo/1697/NielsenHB_2014__O2_UC57_0__bin.13.fa	/home/jshaw/scratch/2022_sketched_distance/references/SGB_genome_fastas_part1_redo/1697/NielsenHB_2014__O2_UC57_2__bin.19.fa	/home/jshaw/scratch/2022_sketched_distance/references/SGB_genome_fastas_part1_redo/1697/WenC_2017__N010__bin.27.fa	/home/jshaw/scratch/2022_sketched_distance/references/SGB_genome_fastas_part1_redo/1697/WenC_2017__RA035__bin.15.fa	/home/jshaw/scratch/2022_sketched_distance/references/SGB_genome_fastas_part1_redo/1697/XieH_2016__YSZC12003_35390__bin.29.fa	/home/jshaw/scratch/2022_sketched_distance/references/SGB_genome_fastas_part1_redo/1697/XieH_2016__YSZC12003_36699__bin.108.fa	/home/jshaw/scratch/2022_sketched_distance/references/SGB_genome_fastas_part1_redo/1697/ZeeviD_2015__PNP_Main_118__bin.18.fa	/home/jshaw/scratch/2022_sketched_distance/references/SGB_genome_fastas_part1_redo/1697/ZeeviD_2015__PNP_Main_234__bin.27.fa	/home/jshaw/scratch/2022_sketched_distance/references/SGB_genome_fastas_part1_redo/1697/ZeeviD_2015__PNP_Main_292__bin.37.fa	/home/jshaw/scratch/2022_sketched_distance/references/SGB_genome_fastas_part1_redo/1697/ZeeviD_2015__PNP_Main_352__bin.20.fa	/home/jshaw/scratch/2022_sketched_distance/references/SGB_genome_fastas_part1_redo/1697/ZeeviD_2015__PNP_Main_39__bin.58.fa	/home/jshaw/scratch/2022_sketched_distance/references/SGB_genome_fastas_part1_redo/1697/ZeeviD_2015__PNP_Main_7__bin.15.fa	/home/jshaw/scratch/2022_sketched_distance/references/SGB_genome_fastas_part1_redo/1697/ZellerG_2014__CCIS12656533ST-4-0__bin.30.fa
1.0	0.9977274702510626	0.9796734796381941	0.9797730251461743	0.9824961233103473	0.9810206893304178	0.9805992489218774	0.9778682352745215	0.9807943352225887	0.9805471502086497	0.9764794946335116	0.9753933120457998	0.9735466409827108	0.9814248799937467	0.9807397266516199	0.9811465602357583	0.9681552453530049	0.9686384459481802	0.974403675895801	0.9800616014321809	0.9793983870701127	0.9799659266364797	0.9811268101131277	0.9813630444348118	0.9799905371484485	0.9795328803097155	0.980762724834619
0.9977274702510626	1.0	0.9786997339881613	0.9787417050791741	0.9818732379991387	0.9809332399900217	0.9804282382173608	0.9774310053246078	0.9804443183339463	0.9805897223691015	0.9759111494031175	0.9747938556189836	0.973882076724146	0.9812774328492748	0.9807407209544429	0.9810437086835109	0.9676427169491167	0.968072526314272	0.9729827443083591	0.9793192987507436	0.9789635217680891	0.9794291466055998	0.9801698565344942	0.9807586822990387	0.9799417735154713	0.979391003551568	0.98081442062406
0.9796734796381941	0.9786997339881613	1.0	0.9993353839539039	0.978309230253263	0.9786647422970964	0.9790946258055674	0.9779461541063447	0.979435406574862	0.979251903275705	0.9768183800108011	0.975669297232171	0.9722908659456112	0.9796847164002923	0.9785079233908683	0.9787343086683954	0.9682496437729644	0.9685102604885355	0.9750985180144669	0.9802149968604906	0.979029415903386	0.9792413050789641	0.9793748806842886	0.978816238014524	0.9789455002457804	0.9782770327127641	0.97865233203805
0.9797730251461743	0.9787417050791741	0.9993353839539039	1.0	0.978240910697722	0.9786254087092202	0.9791395184310084	0.9777789991560202	0.9796088662338859	0.9794003762953459	0.9768775164219493	0.9756832886273966	0.9723866347706123	0.9794697870044103	0.9785209220324593	0.9787753628319714	0.9684674747913641	0.9684769382906875	0.9749974076483972	0.9802726636236742	0.9791575576877538	0.9791542183962729	0.9794244508254791	0.9786985419071678	0.9790999024002977	0.9783161010076336	0.9786675965691884
0.9824961233103473	0.9818732379991387	0.978309230253263	0.978240910697722	1.0	0.9792178370402249	0.9797706888761843	0.9748213993151684	0.9781309091068051	0.9778885363354327	0.9734407181638391	0.9727638159731707	0.9722522782036371	0.9795277160126453	0.9799660004957517	0.9802523295108244	0.9735136612496096	0.9739465507971593	0.972735721113937	0.9780868273064517	0.9788532813610311	0.9778621283258894	0.9791061908642397	0.9781458700774545	0.9793342622456725	0.9774498592469575	0.9788830726275721
0.9810206893304178	0.9809332399900217	0.9786647422970964	0.9786254087092202	0.9792178370402249	1.0	0.9801762221900667	0.9771708627844157	0.9808423225162809	0.9808961261638037	0.975949709878719	0.9753795236413939	0.9749315329781305	0.998204424494986	0.9806415318099195	0.9810215534124062	0.9685495831450454	0.9688776233779275	0.9737517988572928	0.9803868916467542	0.9796717660589398	0.9800810984412318	0.9806164656992742	0.9798574121900877	0.9795368114911329	0.9793671163610025	0.980558397253198
0.9805992489218774	0.9804282382173608	0.9790946258055674	0.9791395184310084	0.9797706888761843	0.9801762221900667	1.0	0.9790098691338873	0.9812972262638447	0.9814436173917773	0.9768269984254891	0.9765440478377403	0.973504632939341	0.9806371477024924	0.9829273724681471	0.9831451115993628	0.9696523052554402	0.9699709497474783	0.9747251002754209	0.979899677506849	0.9793765511579308	0.9804249472527505	0.9803261961392097	0.9792667818062253	0.9798027985771541	0.9787694320259073	0.979815443804706
0.9778682352745215	0.9774310053246078	0.9779461541063447	0.9777789991560202	0.9748213993151684	0.9771708627844157	0.9790098691338873	1.0	0.996649130565667	0.9962685108969027	0.9954361296698278	0.9939546873049231	0.9761151655774359	0.9784226886816909	0.9779705808934488	0.9783731422156554	0.9649224796745517	0.9657124892902442	0.9728230284252993	0.9802166354548186	0.9756199221259825	0.9773082912301794	0.9782886480584083	0.9769481344966874	0.9761765088693639	0.9761908648287416	0.9766185331809605
0.9807943352225887	0.9804443183339463	0.979435406574862	0.9796088662338859	0.9781309091068051	0.9808423225162809	0.9812972262638447	0.996649130565667	1.0	0.9990469446962431	0.9941563497355047	0.9930326116497565	0.977798494304394	0.9815056765133705	0.9805426957573234	0.9812015462800123	0.9674898293844251	0.9679415873453465	0.972715005041891	0.9823569821934046	0.978674347729285	0.9796808395622653	0.9805866986551837	0.9796682350699972	0.9783119669361673	0.9789151695919063	0.9792397029934877
0.9805471502086497	0.9805897223691015	0.979251903275705	0.9794003762953459	0.9778885363354327	0.9808961261638037	0.9814436173917773	0.9962685108969027	0.9990469446962431	1.0	0.9938384325927491	0.9930787148690686	0.9779380714261257	0.981517334600945	0.980801557189009	0.9812554705447456	0.9677116279281273	0.9677480518826806	0.972413517593592	0.9820263288011666	0.9786357114041804	0.9797020824843199	0.9806150343847728	0.9794923496097132	0.978295995550279	0.9790070725387352	0.9791039580137846
0.9764794946335116	0.9759111494031175	0.9768183800108011	0.9768775164219493	0.9734407181638391	0.975949709878719	0.9768269984254891	0.9954361296698278	0.9941563497355047	0.9938384325927491	1.0	0.997117295543479	0.9744766555690182	0.9769727588950458	0.9762094831722197	0.9758916639808338	0.9628863302527635	0.9638018106043822	0.9744393851370486	0.9789868025809015	0.9742413294584162	0.9756281961479062	0.9765672102986681	0.9749744091949509	0.9744916002077691	0.9742335576204856	0.9753437479359018
0.9753933120457998	0.9747938556189836	0.975669297232171	0.9756832886273966	0.9727638159731707	0.9753795236413939	0.9765440478377403	0.9939546873049231	0.9930326116497565	0.9930787148690686	0.997117295543479	1.0	0.9746630102807651	0.9765181114924132	0.9754787349657967	0.975127238664044	0.9614469873799378	0.9624421909200181	0.974895837359785	0.9773641578779004	0.9739672723561522	0.9750754446133634	0.976135625476224	0.9742850005758035	0.9741878363331393	0.9735388843770105	0.9741219406167357
0.9735466409827108	0.973882076724146	0.9722908659456112	0.9723866347706123	0.9722522782036371	0.9749315329781305	0.973504632939341	0.9761151655774359	0.977798494304394	0.9779380714261257	0.9744766555690182	0.9746630102807651	1.0	0.9758284614942611	0.9744066519971113	0.9746304908991457	0.9623415274922127	0.9625925366125785	0.9702655700704941	0.9742946969635559	0.973647647329662	0.9741801444251308	0.9744161578430814	0.9733992657791866	0.9735824943379446	0.9730730070855471	0.97390456129019
0.9814248799937467	0.9812774328492748	0.9796847164002923	0.9794697870044103	0.9795277160126453	0.998204424494986	0.9806371477024924	0.9784226886816909	0.9815056765133705	0.981517334600945	0.9769727588950458	0.9765181114924132	0.9758284614942611	1.0	0.9811951449234111	0.9819179939673751	0.9694764232026227	0.9702881729964166	0.9741638705234381	0.9815510140959813	0.9802599715000253	0.9807160373413163	0.9810962036987535	0.9807550295012535	0.9801503382960348	0.9803195305224415	0.9812191707482087
0.9807397266516199	0.9807407209544429	0.9785079233908683	0.9785209220324593	0.9799660004957517	0.9806415318099195	0.9829273724681471	0.9779705808934488	0.9805426957573234	0.980801557189009	0.9762094831722197	0.9754787349657967	0.9744066519971113	0.9811951449234111	1.0	0.9991536413935032	0.9691071123811625	0.9691560224688602	0.973400248723497	0.9807949779240315	0.9791285778946552	0.9792530267516502	0.9796829074015181	0.9790995107465191	0.9788947065496615	0.9783630181159676	0.979287691328212
0.9811465602357583	0.9810437086835109	0.9787343086683954	0.9787753628319714	0.9802523295108244	0.9810215534124062	0.9831451115993628	0.9783731422156554	0.9812015462800123	0.9812554705447456	0.9758916639808338	0.975127238664044	0.9746304908991457	0.9819179939673751	0.9991536413935032	1.0	0.9697197778567179	0.9700993914745938	0.9734164795926666	0.981010336708104	0.9796212688581997	0.9798655127654321	0.9800629326046502	0.9796301519716424	0.97888561907191	0.978822174279911	0.9797786035246459
0.9681552453530049	0.9676427169491167	0.9682496437729644	0.9684674747913641	0.9735136612496096	0.9685495831450454	0.9696523052554402	0.9649224796745517	0.9674898293844251	0.9677116279281273	0.9628863302527635	0.9614469873799378	0.9623415274922127	0.9694764232026227	0.9691071123811625	0.9697197778567179	1.0	0.9881280512731806	0.9619881851691829	0.9669561452922604	0.9699663949716384	0.969784432349549	0.9677356557680166	0.9670207666152393	0.9695784159353164	0.969280125662057	0.9670974324797057
0.9686384459481802	0.968072526314272	0.9685102604885355	0.9684769382906875	0.9739465507971593	0.9688776233779275	0.9699709497474783	0.9657124892902442	0.9679415873453465	0.9677480518826806	0.9638018106043822	0.9624421909200181	0.9625925366125785	0.9702881729964166	0.9691560224688602	0.9700993914745938	0.9881280512731806	1.0	0.9625254972016768	0.9666060387648647	0.9695398904744986	0.9697725874743739	0.9682129167339679	0.9681381168273862	0.9697379638645924	0.96880217422795	0.9683907932284274
0.974403675895801	0.9729827443083591	0.9750985180144669	0.9749974076483972	0.972735721113937	0.9737517988572928	0.9747251002754209	0.9728230284252993	0.972715005041891	0.972413517593592	0.9744393851370486	0.974895837359785	0.9702655700704941	0.9741638705234381	0.973400248723497	0.9734164795926666	0.9619881851691829	0.9625254972016768	1.0	0.9764768668453935	0.9730705840248111	0.9776423147882919	0.9770436792244234	0.9735514625690508	0.9738732440003507	0.9728365414128322	0.974721805675782
0.9800616014321809	0.9793192987507436	0.9802149968604906	0.9802726636236742	0.9780868273064517	0.9803868916467542	0.979899677506849	0.9802166354548186	0.9823569821934046	0.9820263288011666	0.9789868025809015	0.9773641578779004	0.9742946969635559	0.9815510140959813	0.9807949779240315	0.981010336708104	0.9669561452922604	0.9666060387648647	0.9764768668453935	1.0	0.978084226492152	0.9793647395960333	0.980235059689048	0.9789110713633361	0.9777764829879384	0.9784295859401732	0.9787227235173759
0.9793983870701127	0.9789635217680891	0.979029415903386	0.9791575576877538	0.9788532813610311	0.9796717660589398	0.9793765511579308	0.9756199221259825	0.978674347729285	0.9786357114041804	0.9742413294584162	0.9739672723561522	0.973647647329662	0.9802599715000253	0.9791285778946552	0.9796212688581997	0.9699663949716384	0.9695398904744986	0.9730705840248111	0.978084226492152	1.0	0.9805016216264724	0.9796932498541558	0.9787366076243276	0.9788372665789995	0.9790134534893368	0.9788439300614905
0.9799659266364797	0.9794291466055998	0.9792413050789641	0.9791542183962729	0.9778621283258894	0.9800810984412318	0.9804249472527505	0.9773082912301794	0.9796808395622653	0.9797020824843199	0.9756281961479062	0.9750754446133634	0.9741801444251308	0.9807160373413163	0.9792530267516502	0.9798655127654321	0.969784432349549	0.9697725874743739	0.9776423147882919	0.9793647395960333	0.9805016216264724	1.0	0.9825126239826302	0.9794164947154824	0.9793444309017819	0.9784406710890367	0.9799651063312518
0.9811268101131277	0.9801698565344942	0.9793748806842886	0.9794244508254791	0.9791061908642397	0.9806164656992742	0.9803261961392097	0.9782886480584083	0.9805866986551837	0.9806150343847728	0.9765672102986681	0.976135625476224	0.9744161578430814	0.9810962036987535	0.9796829074015181	0.9800629326046502	0.9677356557680166	0.9682129167339679	0.9770436792244234	0.980235059689048	0.9796932498541558	0.9825126239826302	1.0	0.9801100147433385	0.979609499830137	0.9799648509970905	0.9803832085653367
0.9813630444348118	0.9807586822990387	0.978816238014524	0.9786985419071678	0.9781458700774545	0.9798574121900877	0.9792667818062253	0.9769481344966874	0.9796682350699972	0.9794923496097132	0.9749744091949509	0.9742850005758035	0.9733992657791866	0.9807550295012535	0.9790995107465191	0.9796301519716424	0.9670207666152393	0.9681381168273862	0.9735514625690508	0.9789110713633361	0.9787366076243276	0.9794164947154824	0.9801100147433385	1.0	0.9786813807094277	0.9831556029897964	0.9792696899358808
0.9799905371484485	0.9799417735154713	0.9789455002457804	0.9790999024002977	0.9793342622456725	0.9795368114911329	0.9798027985771541	0.9761765088693639	0.9783119669361673	0.978295995550279	0.9744916002077691	0.9741878363331393	0.9735824943379446	0.9801503382960348	0.9788947065496615	0.97888561907191	0.9695784159353164	0.9697379638645924	0.9738732440003507	0.9777764829879384	0.9788372665789995	0.9793444309017819	0.979609499830137	0.9786813807094277	1.0	0.977524567832069	0.979247191300023
0.9795328803097155	0.979391003551568	0.9782770327127641	0.9783161010076336	0.9774498592469575	0.9793671163610025	0.9787694320259073	0.9761908648287416	0.9789151695919063	0.9790070725387352	0.9742335576204856	0.9735388843770105	0.9730730070855471	0.9803195305224415	0.9783630181159676	0.978822174279911	0.969280125662057	0.96880217422795	0.9728365414128322	0.9784295859401732	0.9790134534893368	0.9784406710890367	0.9799648509970905	0.9831556029897964	0.977524567832069	1.0	0.9782510310800788
0.980762724834619	0.98081442062406	0.97865233203805	0.9786675965691884	0.9788830726275721	0.980558397253198	0.979815443804706	0.9766185331809605	0.9792397029934877	0.9791039580137846	0.9753437479359018	0.9741219406167357	0.97390456129019	0.9812191707482087	0.979287691328212	0.9797786035246459	0.9670974324797057	0.9683907932284274	0.974721805675782	0.9787227235173759	0.9788439300614905	0.9799651063312518	0.9803832085653367	0.9792696899358808	0.979247191300023	0.9782510310800788	1.0
