/home/jshaw/scratch/2022_sketched_distance/references/SGB_genome_fastas_part4/6540/Bengtsson-PalmeJ_2015__TRAVELRES18__bin.87.fa	/home/jshaw/scratch/2022_sketched_distance/references/SGB_genome_fastas_part4/6540/Bengtsson-PalmeJ_2015__TRAVELRES59__bin.56.fa	/home/jshaw/scratch/2022_sketched_distance/references/SGB_genome_fastas_part4/6540/Bengtsson-PalmeJ_2015__TRAVELRES60__bin.19.fa	/home/jshaw/scratch/2022_sketched_distance/references/SGB_genome_fastas_part4/6540/CosteaPI_2017__mickey2-11-7-0__bin.55.fa	/home/jshaw/scratch/2022_sketched_distance/references/SGB_genome_fastas_part4/6540/CosteaPI_2017__mickey4-11-30-0__bin.26.fa	/home/jshaw/scratch/2022_sketched_distance/references/SGB_genome_fastas_part4/6540/CosteaPI_2017__SID713B032-11-0-0__bin.11.fa	/home/jshaw/scratch/2022_sketched_distance/references/SGB_genome_fastas_part4/6540/CosteaPI_2017__thistle4-11-0-0__bin.41.fa	/home/jshaw/scratch/2022_sketched_distance/references/SGB_genome_fastas_part4/6540/FengQ_2015__SID31188__bin.3.fa	/home/jshaw/scratch/2022_sketched_distance/references/SGB_genome_fastas_part4/6540/HMP_2012__SRS021948__bin.39.fa	/home/jshaw/scratch/2022_sketched_distance/references/SGB_genome_fastas_part4/6540/KarlssonFH_2013__S488__bin.4.fa	/home/jshaw/scratch/2022_sketched_distance/references/SGB_genome_fastas_part4/6540/LeChatelierE_2013__MH0100__bin.1.fa	/home/jshaw/scratch/2022_sketched_distance/references/SGB_genome_fastas_part4/6540/LeChatelierE_2013__MH0123__bin.40.fa	/home/jshaw/scratch/2022_sketched_distance/references/SGB_genome_fastas_part4/6540/LeChatelierE_2013__MH0155__bin.40.fa	/home/jshaw/scratch/2022_sketched_distance/references/SGB_genome_fastas_part4/6540/LeChatelierE_2013__MH0173__bin.2.fa	/home/jshaw/scratch/2022_sketched_distance/references/SGB_genome_fastas_part4/6540/NielsenHB_2014__MH0100__bin.17.fa	/home/jshaw/scratch/2022_sketched_distance/references/SGB_genome_fastas_part4/6540/NielsenHB_2014__MH0123__bin.27.fa	/home/jshaw/scratch/2022_sketched_distance/references/SGB_genome_fastas_part4/6540/NielsenHB_2014__MH0155__bin.9.fa	/home/jshaw/scratch/2022_sketched_distance/references/SGB_genome_fastas_part4/6540/NielsenHB_2014__MH0173__bin.9.fa	/home/jshaw/scratch/2022_sketched_distance/references/SGB_genome_fastas_part4/6540/NielsenHB_2014__O2_UC14_2__bin.16.fa	/home/jshaw/scratch/2022_sketched_distance/references/SGB_genome_fastas_part4/6540/NielsenHB_2014__O2_UC4_0__bin.8.fa	/home/jshaw/scratch/2022_sketched_distance/references/SGB_genome_fastas_part4/6540/NielsenHB_2014__O2_UC57_2__bin.22.fa	/home/jshaw/scratch/2022_sketched_distance/references/SGB_genome_fastas_part4/6540/NielsenHB_2014__V1_UC1_0__bin.33.fa	/home/jshaw/scratch/2022_sketched_distance/references/SGB_genome_fastas_part4/6540/NielsenHB_2014__V1_UC14_0__bin.2.fa	/home/jshaw/scratch/2022_sketched_distance/references/SGB_genome_fastas_part4/6540/RaymondF_2016__P25C90__bin.75.fa	/home/jshaw/scratch/2022_sketched_distance/references/SGB_genome_fastas_part4/6540/VogtmannE_2016__MMRS11288076ST-27-0-0__bin.19.fa	/home/jshaw/scratch/2022_sketched_distance/references/SGB_genome_fastas_part4/6540/XieH_2016__YSZC12003_35564__bin.83.fa	/home/jshaw/scratch/2022_sketched_distance/references/SGB_genome_fastas_part4/6540/XieH_2016__YSZC12003_36008__bin.105.fa	/home/jshaw/scratch/2022_sketched_distance/references/SGB_genome_fastas_part4/6540/XieH_2016__YSZC12003_37196__bin.9.fa	/home/jshaw/scratch/2022_sketched_distance/references/SGB_genome_fastas_part4/6540/YuJ_2015__SZAXPI015269-94__bin.36.fa	/home/jshaw/scratch/2022_sketched_distance/references/SGB_genome_fastas_part4/6540/ZeeviD_2015__PNP_Main_183__bin.2.fa	/home/jshaw/scratch/2022_sketched_distance/references/SGB_genome_fastas_part4/6540/ZeeviD_2015__PNP_Main_199__bin.73.fa	/home/jshaw/scratch/2022_sketched_distance/references/SGB_genome_fastas_part4/6540/ZeeviD_2015__PNP_Main_506__bin.7.fa	/home/jshaw/scratch/2022_sketched_distance/references/SGB_genome_fastas_part4/6540/ZeeviD_2015__PNP_Main_645__bin.21.fa
1.0	0.9798036471322404	0.9791309617983835	0.9792000696905909	0.9761371671673722	0.9796084303709749	0.9686036308993531	0.9761844835682761	0.9730447707054882	0.9797661287131717	0.9792798835022104	0.9753596389055341	0.9762382017902779	0.9801427577427455	0.9787060731629116	0.9720314423515158	0.9761088495151968	0.9805878602799122	0.981127497714571	0.9797247745615281	0.9799337538832412	0.9792974623330214	0.9813683551084823	0.9739453268658368	0.9746517355345536	0.9809611386099344	0.9802972675222208	0.982372790563439	0.9759649442375693	0.9760561340846967	0.972316048305573	0.9775404384905261	0.981134286167348
0.9798036471322404	1.0	0.9990617302413591	0.9825806634168215	0.9795267543554057	0.9871027202299936	0.9730200243867464	0.9775315616990369	0.9668244057575236	0.9831002390985151	0.9864418377508923	0.976531579844176	0.9810257464787638	0.9905133969163797	0.9858363387430132	0.9729567469283765	0.9808377223745496	0.9908126822154508	0.9879591121693397	0.9847665227793879	0.990864941730273	0.9875429431428132	0.9878521523611492	0.9756025126769158	0.9707576664437282	0.9918244417627936	0.9923511006916594	0.9869298415793548	0.9714317413373473	0.9754341665605476	0.9729738240651195	0.9801786837946842	0.9891922274418221
0.9791309617983835	0.9990617302413591	1.0	0.9824686825466317	0.9794108775383041	0.9865407668654584	0.9725808847102037	0.9769281788655514	0.9666266475457121	0.9825203079608337	0.9859439987101793	0.9757337593094209	0.9808983001256152	0.9898604431101109	0.9853700632289276	0.9729393733207955	0.9806526127264196	0.9901635231987561	0.987334504233179	0.9847534367025977	0.9903928738003144	0.9865970096768564	0.9871791026920443	0.9759045152192334	0.9707430573798742	0.9912520794756432	0.9918679428414952	0.9861494283787404	0.9712099609481522	0.9746542329972283	0.9727509827397757	0.9800546087454899	0.9886851118156592
0.9792000696905909	0.9825806634168215	0.9824686825466317	1.0	0.988843364436169	0.9815545525431179	0.968143218413619	0.975174475917507	0.9695204463771429	0.9816037294958854	0.9817049826422379	0.9756455268543762	0.9780764333887616	0.9831813332458508	0.9809671813016196	0.9740038616480948	0.9783392877316643	0.9836374356972468	0.9836472646686404	0.9832781404540714	0.9823646824082984	0.9808924194735577	0.9816721479874834	0.9743086813694647	0.971886808474422	0.9827296083074561	0.9825473136576967	0.9842378396832693	0.9737192403436651	0.9738658199514371	0.973918264100547	0.980773266141106	0.9838557380536912
0.9761371671673722	0.9795267543554057	0.9794108775383041	0.988843364436169	1.0	0.9794460828152448	0.9713149730925165	0.972142350976892	0.9688494817729172	0.978427135963367	0.9787746026697717	0.9730769720063907	0.9749465264846869	0.9808559949982758	0.9781276430219262	0.9703826711319118	0.9752071174784018	0.9811156364345742	0.9806732854065398	0.9794844983700881	0.9796992569070057	0.9787843174945976	0.97935334766802	0.9707386346717993	0.9722475968242403	0.9804500678203583	0.9800916463437621	0.9823267871154466	0.9700179616536698	0.9709050674705593	0.967944828868781	0.9772981289462938	0.9806186595908142
0.9796084303709749	0.9871027202299936	0.9865407668654584	0.9815545525431179	0.9794460828152448	1.0	0.9670573134160083	0.9770784538141222	0.9669998053830506	0.9856239367232567	0.989615332703818	0.9749233741239335	0.9773938311057973	0.9880868601994581	0.9891199981018667	0.9721956299730435	0.9776723934080317	0.9884359773480497	0.9869077598458789	0.983135324994139	0.9877173479143165	0.9842746776417607	0.9859089062858415	0.9757389993599884	0.9725226726140532	0.987093480978708	0.9874174992416447	0.9860087049716947	0.9727654176122633	0.9753534197688651	0.9728160495131557	0.9790364192756331	0.9873896991295052
0.9686036308993531	0.9730200243867464	0.9725808847102037	0.968143218413619	0.9713149730925165	0.9670573134160083	1.0	0.9625202865599725	0.9645787869963508	0.9722195236853444	0.9669568502798779	0.9678944010569384	0.968635479745134	0.9719737914943022	0.9659119471997071	0.964949553986006	0.968366796901501	0.9721209184092893	0.969361456558956	0.9695671376160638	0.969082101338562	0.9745893770042459	0.9693847460599282	0.9612524787756848	0.9671167373752724	0.9755114176365897	0.9749551027001812	0.9689308648431474	0.9606647638168375	0.962902878362086	0.9610751131016277	0.9684577937469303	0.9701040842305315
0.9761844835682761	0.9775315616990369	0.9769281788655514	0.975174475917507	0.972142350976892	0.9770784538141222	0.9625202865599725	1.0	0.9678047113847884	0.9734716197821701	0.9760956176224521	0.9682218853648644	0.9711297955764454	0.9781418352489759	0.9754231999897094	0.9653960524267594	0.9713169650170173	0.9784609304232558	0.9775561894165857	0.9751527997879783	0.9771678993817258	0.9765623088034513	0.9768645794913555	0.9834722734693124	0.9731030109956266	0.979001289957916	0.9783210283822049	0.9780521361668669	0.9728348151261277	0.9840534986401861	0.9801247170586246	0.9732262663348689	0.9778073432869715
0.9730447707054882	0.9668244057575236	0.9666266475457121	0.9695204463771429	0.9688494817729172	0.9669998053830506	0.9645787869963508	0.9678047113847884	1.0	0.9664077870662758	0.9664558712184096	0.9651559546413183	0.9632009317965128	0.9667668149016118	0.9656039320411379	0.9619965005454748	0.9630485963769728	0.9671745974826741	0.9671387869973448	0.9672084100505683	0.9663270369749443	0.9672619510893121	0.9669300212320308	0.9673189519857719	0.9717680033337731	0.9682262612716489	0.9674023163826393	0.9678525656959083	0.9782472959789573	0.9686752016932351	0.9669769405538102	0.9675064876556965	0.9671435159039792
0.9797661287131717	0.9831002390985151	0.9825203079608337	0.9816037294958854	0.978427135963367	0.9856239367232567	0.9722195236853444	0.9734716197821701	0.9664077870662758	1.0	0.9863502309679071	0.9738259191141087	0.9761723884550229	0.9844252825993515	0.9857033458563738	0.9709377046618954	0.976050726151129	0.9846749994419579	0.9839882293742054	0.9823339727121	0.98284819004914	0.9820007905841713	0.9847487885477473	0.9721263318602155	0.9728025630698124	0.9835035464086243	0.9839507981530229	0.9832375421864059	0.9722195236853444	0.973032777841096	0.9712363313150388	0.9796244752921266	0.9833477183616661
0.9792798835022104	0.9864418377508923	0.9859439987101793	0.9817049826422379	0.9787746026697717	0.989615332703818	0.9669568502798779	0.9760956176224521	0.9664558712184096	0.9863502309679071	1.0	0.9743301570509856	0.9763812942277571	0.9880509871612504	0.9991958413043006	0.9707535784344429	0.9763445253199692	0.9882933250714605	0.9879213206076701	0.9840500138185393	0.9872849221587942	0.9836522899264155	0.9863671745322723	0.9744593053148768	0.9713952338908093	0.9870558659495313	0.9874174992416447	0.9863572308937961	0.9718950280237818	0.9743475101701164	0.9716164639482908	0.9804167293811555	0.9870554534917266
0.9753596389055341	0.976531579844176	0.9757337593094209	0.9756455268543762	0.9730769720063907	0.9749233741239335	0.9678944010569384	0.9682218853648644	0.9651559546413183	0.9738259191141087	0.9743301570509856	1.0	0.9693837153849145	0.975366862721585	0.9740388056325288	0.9934373373497581	0.970391219723401	0.9755788001788283	0.976129914890174	0.97383389386379	0.9743564944441786	0.9774154700536364	0.9759823312368002	0.9666263491024625	0.9664852909675616	0.9763541920932378	0.9757410716428961	0.9795433154476907	0.9679989344188036	0.9695530248994283	0.9665469034568931	0.9748287780231167	0.9755402308921769
0.9762382017902779	0.9810257464787638	0.9808983001256152	0.9780764333887616	0.9749465264846869	0.9773938311057973	0.968635479745134	0.9711297955764454	0.9632009317965128	0.9761723884550229	0.9763812942277571	0.9693837153849145	1.0	0.9798989505654553	0.9761184640547447	0.9673621184914231	0.9986204795219378	0.9803192723727633	0.9789854124222712	0.9785754711658774	0.9822646972371667	0.9776226693232345	0.978668540713536	0.9681422309063709	0.9678845127779815	0.9802428503862743	0.9794273500964698	0.9782249470171958	0.9663198184318443	0.968943759390218	0.9690355647866588	0.9753734581630854	0.9815950889398286
0.9801427577427455	0.9905133969163797	0.9898604431101109	0.9831813332458508	0.9808559949982758	0.9880868601994581	0.9719737914943022	0.9781418352489759	0.9667668149016118	0.9844252825993515	0.9880509871612504	0.975366862721585	0.9798989505654553	1.0	0.9874208163388639	0.9724514174593467	0.9802290533467525	0.9995103755996352	0.9906878098301789	0.9876402693570898	0.9890174646770601	0.9879167814373966	0.9883062287967032	0.9768497526247423	0.9719594973209473	0.9899208574075659	0.990512615603308	0.9876914365932136	0.9714001165795881	0.9762378459909532	0.9727602426999117	0.9803059602329657	0.9901062081100105
0.9787060731629116	0.9858363387430132	0.9853700632289276	0.9809671813016196	0.9781276430219262	0.9891199981018667	0.9659119471997071	0.9754231999897094	0.9656039320411379	0.9857033458563738	0.9991958413043006	0.9740388056325288	0.9761184640547447	0.9874208163388639	1.0	0.9704429022670698	0.9760808621226658	0.9876646246687857	0.9873683458819008	0.9834920455539322	0.9867253794588152	0.9830259477713978	0.9857867541571617	0.9738080991082951	0.9706275905935529	0.9865905191925535	0.9868597734488247	0.986000969907288	0.9713036312245095	0.9737501191723645	0.97113690966353	0.9797368512103045	0.9865562502249864
0.9720314423515158	0.9729567469283765	0.9729393733207955	0.9740038616480948	0.9703826711319118	0.9721956299730435	0.964949553986006	0.9653960524267594	0.9619965005454748	0.9709377046618954	0.9707535784344429	0.9934373373497581	0.9673621184914231	0.9724514174593467	0.9704429022670698	1.0	0.9686187744891609	0.9730141133240694	0.9732822542684373	0.9734042415028548	0.971359141536203	0.972304169500502	0.9727984695090508	0.9635524111873977	0.9635306232567409	0.9732441209786468	0.9717681172850037	0.9778333091826167	0.9667205697712208	0.9657273686163997	0.9639999031317957	0.970500348963756	0.9717444583429851
0.9761088495151968	0.9808377223745496	0.9806526127264196	0.9783392877316643	0.9752071174784018	0.9776723934080317	0.968366796901501	0.9713169650170173	0.9630485963769728	0.976050726151129	0.9763445253199692	0.970391219723401	0.9986204795219378	0.9802290533467525	0.9760808621226658	0.9686187744891609	1.0	0.9806477222059952	0.9791384947843572	0.9788096845325778	0.9818676428803502	0.9777287386807433	0.9788865921941359	0.9682356930269153	0.9681120040952372	0.9802198238828279	0.9798721256515328	0.9783217483346274	0.966323860680782	0.968861544993882	0.9689427319016082	0.9758335948668571	0.9810606479053575
0.9805878602799122	0.9908126822154508	0.9901635231987561	0.9836374356972468	0.9811156364345742	0.9884359773480497	0.9721209184092893	0.9784609304232558	0.9671745974826741	0.9846749994419579	0.9882933250714605	0.9755788001788283	0.9803192723727633	0.9995103755996352	0.9876646246687857	0.9730141133240694	0.9806477222059952	1.0	0.9910208726373418	0.987943178453017	0.989569900894109	0.9880676111667325	0.9886255157858012	0.9773589267505552	0.9723661862855287	0.9902690800821906	0.9907461839353425	0.9880198258491023	0.9721426101661247	0.9766361117673626	0.9730934266397412	0.9808120860937184	0.9904501816801149
0.981127497714571	0.9879591121693397	0.987334504233179	0.9836472646686404	0.9806732854065398	0.9869077598458789	0.969361456558956	0.9775561894165857	0.9671387869973448	0.9839882293742054	0.9879213206076701	0.976129914890174	0.9789854124222712	0.9906878098301789	0.9873683458819008	0.9732822542684373	0.9791384947843572	0.9910208726373418	1.0	0.9942817897755393	0.9879623764329787	0.9863033866226233	0.988171825209502	0.9762446118126091	0.9722570655284878	0.9886363131823876	0.9885180851442998	0.9882263345785063	0.9724471437084367	0.9757397652636428	0.9726938261045468	0.9810338448265448	0.9890508196440887
0.9797247745615281	0.9847665227793879	0.9847534367025977	0.9832781404540714	0.9794844983700881	0.983135324994139	0.9695671376160638	0.9751527997879783	0.9672084100505683	0.9823339727121	0.9840500138185393	0.97383389386379	0.9785754711658774	0.9876402693570898	0.9834920455539322	0.9734042415028548	0.9788096845325778	0.987943178453017	0.9942817897755393	1.0	0.9847578968440128	0.9831544039714523	0.9851583251427807	0.9740613418271373	0.9710981815417646	0.9854459732509753	0.9849135205204129	0.9861915020136591	0.9712103009679814	0.9734926222126985	0.9721281928290122	0.9795913358354381	0.9859231330823277
0.9799337538832412	0.990864941730273	0.9903928738003144	0.9823646824082984	0.9796992569070057	0.9877173479143165	0.969082101338562	0.9771678993817258	0.9663270369749443	0.98284819004914	0.9872849221587942	0.9743564944441786	0.9822646972371667	0.9890174646770601	0.9867253794588152	0.971359141536203	0.9818676428803502	0.989569900894109	0.9879623764329787	0.9847578968440128	1.0	0.9856030869620395	0.9876356066427472	0.9760271118232839	0.9709627292153196	0.989323609890037	0.9886671244033329	0.987157271291554	0.9718334338838807	0.9759034844446605	0.9726195281256489	0.9802564187603332	0.9896886227061974
0.9792974623330214	0.9875429431428132	0.9865970096768564	0.9808924194735577	0.9787843174945976	0.9842746776417607	0.9745893770042459	0.9765623088034513	0.9672619510893121	0.9820007905841713	0.9836522899264155	0.9774154700536364	0.9776226693232345	0.9879167814373966	0.9830259477713978	0.972304169500502	0.9777287386807433	0.9880676111667325	0.9863033866226233	0.9831544039714523	0.9856030869620395	1.0	0.98567737032523	0.9742345382825206	0.9696871399983991	0.990711081314154	0.98992944200983	0.9851659480373375	0.9700360716344334	0.9738064204532891	0.9706212332104424	0.9792765073488483	0.9865851360540543
0.9813683551084823	0.9878521523611492	0.9871791026920443	0.9816721479874834	0.97935334766802	0.9859089062858415	0.9693847460599282	0.9768645794913555	0.9669300212320308	0.9847487885477473	0.9863671745322723	0.9759823312368002	0.978668540713536	0.9883062287967032	0.9857867541571617	0.9727984695090508	0.9788865921941359	0.9886255157858012	0.988171825209502	0.9851583251427807	0.9876356066427472	0.98567737032523	1.0	0.9752292313627058	0.9718194530775431	0.9883535782404015	0.9882772561686194	0.9867079471119377	0.9711183258003516	0.9761430777053616	0.9721207900884036	0.9803448934234713	0.9879359359227499
0.9739453268658368	0.9756025126769158	0.9759045152192334	0.9743086813694647	0.9707386346717993	0.9757389993599884	0.9612524787756848	0.9834722734693124	0.9673189519857719	0.9721263318602155	0.9744593053148768	0.9666263491024625	0.9681422309063709	0.9768497526247423	0.9738080991082951	0.9635524111873977	0.9682356930269153	0.9773589267505552	0.9762446118126091	0.9740613418271373	0.9760271118232839	0.9742345382825206	0.9752292313627058	1.0	0.971156784251123	0.9768310654053515	0.9766855140337569	0.9763125653463648	0.9713296230726327	0.9889729265080768	0.9853264086428224	0.9713604828682589	0.9761439848201444
0.9746517355345536	0.9707576664437282	0.9707430573798742	0.971886808474422	0.9722475968242403	0.9725226726140532	0.9671167373752724	0.9731030109956266	0.9717680033337731	0.9728025630698124	0.9713952338908093	0.9664852909675616	0.9678845127779815	0.9719594973209473	0.9706275905935529	0.9635306232567409	0.9681120040952372	0.9723661862855287	0.9722570655284878	0.9710981815417646	0.9709627292153196	0.9696871399983991	0.9718194530775431	0.971156784251123	1.0	0.9724062112059012	0.9716000622911748	0.9709966627424447	0.9747468627504514	0.972368754405589	0.9697757294288584	0.9720981722863015	0.9727344381637806
0.9809611386099344	0.9918244417627936	0.9912520794756432	0.9827296083074561	0.9804500678203583	0.987093480978708	0.9755114176365897	0.979001289957916	0.9682262612716489	0.9835035464086243	0.9870558659495313	0.9763541920932378	0.9802428503862743	0.9899208574075659	0.9865905191925535	0.9732441209786468	0.9802198238828279	0.9902690800821906	0.9886363131823876	0.9854459732509753	0.989323609890037	0.990711081314154	0.9883535782404015	0.9768310654053515	0.9724062112059012	1.0	0.9937982459568944	0.9874597651403728	0.9728028640768165	0.976263729958022	0.9736434958629103	0.9809719535375172	0.9898640364204326
0.9802972675222208	0.9923511006916594	0.9918679428414952	0.9825473136576967	0.9800916463437621	0.9874174992416447	0.9749551027001812	0.9783210283822049	0.9674023163826393	0.9839507981530229	0.9874174992416447	0.9757410716428961	0.9794273500964698	0.990512615603308	0.9868597734488247	0.9717681172850037	0.9798721256515328	0.9907461839353425	0.9885180851442998	0.9849135205204129	0.9886671244033329	0.98992944200983	0.9882772561686194	0.9766855140337569	0.9716000622911748	0.9937982459568944	1.0	0.9877442117358065	0.9722949472243959	0.9759475583888065	0.9729537481191054	0.9806224037178067	0.9896066563470023
0.982372790563439	0.9869298415793548	0.9861494283787404	0.9842378396832693	0.9823267871154466	0.9860087049716947	0.9689308648431474	0.9780521361668669	0.9678525656959083	0.9832375421864059	0.9863572308937961	0.9795433154476907	0.9782249470171958	0.9876914365932136	0.986000969907288	0.9778333091826167	0.9783217483346274	0.9880198258491023	0.9882263345785063	0.9861915020136591	0.987157271291554	0.9851659480373375	0.9867079471119377	0.9763125653463648	0.9709966627424447	0.9874597651403728	0.9877442117358065	1.0	0.9724605474922476	0.9762747923649041	0.9727171354937586	0.9827786608279784	0.9874175580106399
0.9759649442375693	0.9714317413373473	0.9712099609481522	0.9737192403436651	0.9700179616536698	0.9727654176122633	0.9606647638168375	0.9728348151261277	0.9782472959789573	0.9722195236853444	0.9718950280237818	0.9679989344188036	0.9663198184318443	0.9714001165795881	0.9713036312245095	0.9667205697712208	0.966323860680782	0.9721426101661247	0.9724471437084367	0.9712103009679814	0.9718334338838807	0.9700360716344334	0.9711183258003516	0.9713296230726327	0.9747468627504514	0.9728028640768165	0.9722949472243959	0.9724605474922476	1.0	0.973480039511495	0.9700725088210191	0.9717476242112258	0.9727710621560475
0.9760561340846967	0.9754341665605476	0.9746542329972283	0.9738658199514371	0.9709050674705593	0.9753534197688651	0.962902878362086	0.9840534986401861	0.9686752016932351	0.973032777841096	0.9743475101701164	0.9695530248994283	0.968943759390218	0.9762378459909532	0.9737501191723645	0.9657273686163997	0.968861544993882	0.9766361117673626	0.9757397652636428	0.9734926222126985	0.9759034844446605	0.9738064204532891	0.9761430777053616	0.9889729265080768	0.972368754405589	0.976263729958022	0.9759475583888065	0.9762747923649041	0.973480039511495	1.0	0.9871262876081209	0.972344229339227	0.9756154003024722
0.972316048305573	0.9729738240651195	0.9727509827397757	0.973918264100547	0.967944828868781	0.9728160495131557	0.9610751131016277	0.9801247170586246	0.9669769405538102	0.9712363313150388	0.9716164639482908	0.9665469034568931	0.9690355647866588	0.9727602426999117	0.97113690966353	0.9639999031317957	0.9689427319016082	0.9730934266397412	0.9726938261045468	0.9721281928290122	0.9726195281256489	0.9706212332104424	0.9721207900884036	0.9853264086428224	0.9697757294288584	0.9736434958629103	0.9729537481191054	0.9727171354937586	0.9700725088210191	0.9871262876081209	1.0	0.9700546860482361	0.9729667017401347
0.9775404384905261	0.9801786837946842	0.9800546087454899	0.980773266141106	0.9772981289462938	0.9790364192756331	0.9684577937469303	0.9732262663348689	0.9675064876556965	0.9796244752921266	0.9804167293811555	0.9748287780231167	0.9753734581630854	0.9803059602329657	0.9797368512103045	0.970500348963756	0.9758335948668571	0.9808120860937184	0.9810338448265448	0.9795913358354381	0.9802564187603332	0.9792765073488483	0.9803448934234713	0.9713604828682589	0.9720981722863015	0.9809719535375172	0.9806224037178067	0.9827786608279784	0.9717476242112258	0.972344229339227	0.9700546860482361	1.0	0.9815284142605145
0.981134286167348	0.9891922274418221	0.9886851118156592	0.9838557380536912	0.9806186595908142	0.9873896991295052	0.9701040842305315	0.9778073432869715	0.9671435159039792	0.9833477183616661	0.9870554534917266	0.9755402308921769	0.9815950889398286	0.9901062081100105	0.9865562502249864	0.9717444583429851	0.9810606479053575	0.9904501816801149	0.9890508196440887	0.9859231330823277	0.9896886227061974	0.9865851360540543	0.9879359359227499	0.9761439848201444	0.9727344381637806	0.9898640364204326	0.9896066563470023	0.9874175580106399	0.9727710621560475	0.9756154003024722	0.9729667017401347	0.9815284142605145	1.0
