/home/jshaw/scratch/2022_sketched_distance/references/SGB_genome_fastas_part1_redo/1457/CM_periimplantitis__SP_187SPT_T016_R__bin.9.fa	/home/jshaw/scratch/2022_sketched_distance/references/SGB_genome_fastas_part1_redo/1457/CM_periimplantitis__SP_283SPT_T016__bin.18.fa	/home/jshaw/scratch/2022_sketched_distance/references/SGB_genome_fastas_part1_redo/1457/CM_periimplantitis__SP_344SPT_T016__bin.20.fa	/home/jshaw/scratch/2022_sketched_distance/references/SGB_genome_fastas_part1_redo/1457/CM_periimplantitis__SP_381SPT_T016__bin.2.fa	/home/jshaw/scratch/2022_sketched_distance/references/SGB_genome_fastas_part1_redo/1457/CM_periimplantitis__SP_502SPI_T016__bin.10.fa	/home/jshaw/scratch/2022_sketched_distance/references/SGB_genome_fastas_part1_redo/1457/CM_periimplantitis__SP_503SPT_T016__bin.7.fa	/home/jshaw/scratch/2022_sketched_distance/references/SGB_genome_fastas_part1_redo/1457/HMP_2012__SRS011255__bin.28.fa	/home/jshaw/scratch/2022_sketched_distance/references/SGB_genome_fastas_part1_redo/1457/HMP_2012__SRS013170__bin.67.fa	/home/jshaw/scratch/2022_sketched_distance/references/SGB_genome_fastas_part1_redo/1457/HMP_2012__SRS013533__bin.41.fa	/home/jshaw/scratch/2022_sketched_distance/references/SGB_genome_fastas_part1_redo/1457/HMP_2012__SRS015215__bin.26.fa	/home/jshaw/scratch/2022_sketched_distance/references/SGB_genome_fastas_part1_redo/1457/HMP_2012__SRS015803__bin.11.fa	/home/jshaw/scratch/2022_sketched_distance/references/SGB_genome_fastas_part1_redo/1457/HMP_2012__SRS017139__bin.7.fa	/home/jshaw/scratch/2022_sketched_distance/references/SGB_genome_fastas_part1_redo/1457/HMP_2012__SRS017227__bin.18.fa	/home/jshaw/scratch/2022_sketched_distance/references/SGB_genome_fastas_part1_redo/1457/HMP_2012__SRS017445__bin.44.fa	/home/jshaw/scratch/2022_sketched_distance/references/SGB_genome_fastas_part1_redo/1457/HMP_2012__SRS018157__bin.35.fa	/home/jshaw/scratch/2022_sketched_distance/references/SGB_genome_fastas_part1_redo/1457/HMP_2012__SRS018394__bin.34.fa	/home/jshaw/scratch/2022_sketched_distance/references/SGB_genome_fastas_part1_redo/1457/HMP_2012__SRS018665__bin.40.fa	/home/jshaw/scratch/2022_sketched_distance/references/SGB_genome_fastas_part1_redo/1457/HMP_2012__SRS019129__bin.10.fa	/home/jshaw/scratch/2022_sketched_distance/references/SGB_genome_fastas_part1_redo/1457/HMP_2012__SRS019906__bin.23.fa	/home/jshaw/scratch/2022_sketched_distance/references/SGB_genome_fastas_part1_redo/1457/HMP_2012__SRS020226__bin.32.fa	/home/jshaw/scratch/2022_sketched_distance/references/SGB_genome_fastas_part1_redo/1457/HMP_2012__SRS021477__bin.4.fa	/home/jshaw/scratch/2022_sketched_distance/references/SGB_genome_fastas_part1_redo/1457/HMP_2012__SRS023841__bin.5.fa	/home/jshaw/scratch/2022_sketched_distance/references/SGB_genome_fastas_part1_redo/1457/HMP_2012__SRS023964__bin.4.fa	/home/jshaw/scratch/2022_sketched_distance/references/SGB_genome_fastas_part1_redo/1457/HMP_2012__SRS024087__bin.72.fa	/home/jshaw/scratch/2022_sketched_distance/references/SGB_genome_fastas_part1_redo/1457/HMP_2012__SRS024649__bin.21.fa	/home/jshaw/scratch/2022_sketched_distance/references/SGB_genome_fastas_part1_redo/1457/HMP_2012__SRS045197__bin.7.fa	/home/jshaw/scratch/2022_sketched_distance/references/SGB_genome_fastas_part1_redo/1457/HMP_2012__SRS047634__bin.98.fa	/home/jshaw/scratch/2022_sketched_distance/references/SGB_genome_fastas_part1_redo/1457/HMP_2012__SRS051378__bin.4.fa	/home/jshaw/scratch/2022_sketched_distance/references/SGB_genome_fastas_part1_redo/1457/HMP_2012__SRS051941__bin.40.fa	/home/jshaw/scratch/2022_sketched_distance/references/SGB_genome_fastas_part1_redo/1457/HMP_2012__SRS052604__bin.17.fa	/home/jshaw/scratch/2022_sketched_distance/references/SGB_genome_fastas_part1_redo/1457/HMP_2012__SRS053917__bin.20.fa	/home/jshaw/scratch/2022_sketched_distance/references/SGB_genome_fastas_part1_redo/1457/HMP_2012__SRS054430__bin.16.fa	/home/jshaw/scratch/2022_sketched_distance/references/SGB_genome_fastas_part1_redo/1457/HMP_2012__SRS055401__bin.15.fa	/home/jshaw/scratch/2022_sketched_distance/references/SGB_genome_fastas_part1_redo/1457/HMP_2012__SRS063603__bin.16.fa	/home/jshaw/scratch/2022_sketched_distance/references/SGB_genome_fastas_part1_redo/1457/HMP_2012__SRS064449__bin.40.fa
1.0	0.962769995523484	0.9675929139241313	0.9689429920552743	0.966856920464555	0.9714508901308462	0.9716541799522205	0.9735562381516789	0.9713828422692973	0.9711092115623973	0.9697768994407738	0.9621777242993279	0.9640023055371385	0.963775383298672	0.9707291520666883	0.9705199499347383	0.9721901302131714	0.9728152689075156	0.9678598903389267	0.9635111674021843	0.9658621683582738	0.972421849435359	0.9674948496404014	0.9658217320230233	0.9718562017568934	0.9712120942918704	0.9628124500743195	0.9692718714973946	0.9708678724750827	0.9735243715574071	0.96159798486254	0.9708678724750827	0.9648656106868317	0.9721901302131714	0.9664230092602775
0.962769995523484	1.0	0.9719507776979321	0.9720944460733023	0.97103811773416	0.9743105714143374	0.9747758190954198	0.97103811773416	0.9742100025247916	0.9753643702744031	0.9733595875464363	0.9635513557426932	0.9677708977186892	0.964988555287421	0.9741091212119322	0.9746766825479529	0.974007925495926	0.9739402860305589	0.9715523724850008	0.9665999863261232	0.9679314786032207	0.9752344989979781	0.9673259356324423	0.9682559368879801	0.9740416924579348	0.9750387140124542	0.9674799527280745	0.972662834028881	0.9732560238704774	0.9756225668496293	0.9621376157292111	0.9731174226738046	0.9640826965419902	0.9743440252896054	0.9700989753263672
0.9675929139241313	0.9719507776979321	1.0	0.9701543364859642	0.9703927568674323	0.9727587690274093	0.9729544514771212	0.966821955327781	0.9735105505041022	0.9736062978661704	0.9740808432661507	0.9727947498515997	0.9772557140910981	0.9724977360456714	0.972314117040522	0.9731489603232604	0.9701543364859642	0.9708903912140546	0.971146295335077	0.973229068433919	0.9729303563232367	0.9719136836667677	0.9750477196663321	0.9673739004529855	0.9715337284013291	0.9733904676453927	0.9738333048230007	0.9718281115134113	0.9737017635764895	0.9731247104102609	0.9736268673667119	0.9731489603232604	0.9699045918764703	0.9716862457708267	0.9713854462293579
0.9689429920552743	0.9720944460733023	0.9701543364859642	1.0	0.9689349128944107	0.9727490237490755	0.9740445429784748	0.9689400014960352	0.972968568270623	0.9736422450933604	0.972056330651961	0.9722858934301383	0.977743587353293	0.9729748652037472	0.9735945864413266	0.9716537548186628	0.9714250875450681	0.9711176639721129	0.9717287785331653	0.9736171361309021	0.9718565463703036	0.9722557581748589	0.9760332609222023	0.9684961943453081	0.9723797800418029	0.973017154760966	0.9740809354365643	0.9711076735199867	0.9733312053198823	0.9733552375969319	0.9721704580241276	0.9734511890959837	0.971983850154907	0.9721561978273267	0.9717686621202343
0.966856920464555	0.97103811773416	0.9703927568674323	0.9689349128944107	1.0	0.971132349733934	0.970992281400735	0.966821955327781	0.970619803982291	0.9708118819952042	0.9701074844198373	0.9710801828551381	0.9793497859602875	0.9708208434198461	0.9704342026109789	0.9704107658249885	0.9679325414768423	0.9685138737665351	0.9691773736793837	0.9719009099275244	0.9715745744866989	0.9698797345084187	0.9739279489237361	0.9673430195879112	0.9711944511350724	0.9714109681559405	0.9713143394616234	0.9707277044309707	0.9708599419014657	0.9703492153068961	0.971457053116775	0.9708844457683993	0.9693066745033838	0.969716624198127	0.971440469776178
0.9714508901308462	0.9743105714143374	0.9727587690274093	0.9727490237490755	0.971132349733934	1.0	0.9747464989653967	0.9704487772233613	0.9740326134657799	0.974324524456245	0.9734468062115108	0.9743492339502581	0.9792574611811391	0.9740616106969647	0.9738516627093529	0.9738892829017326	0.9716015583855522	0.9717975309977172	0.9730300339716935	0.9756119644413542	0.9742317258858714	0.9726737577766361	0.9781018037996163	0.9693202937592398	0.9742057165466501	0.974502866493629	0.9750829111999384	0.9739722333632193	0.9736240465075948	0.9734867065856752	0.9750566002002359	0.9740100496996734	0.9723635629492472	0.9719843794216851	0.9734133171818424
0.9716541799522205	0.9747758190954198	0.9729544514771212	0.9740445429784748	0.970992281400735	0.9747464989653967	1.0	0.9710331138635537	0.9739331601149079	0.9739554658016676	0.9732109094975149	0.9746440579207917	0.9789478120758456	0.9748459928439809	0.9975564146129252	0.9747990556731182	0.9719243442015485	0.9733575273050654	0.9738784116377828	0.9766532355968967	0.9738526314538227	0.9724026293515778	0.9773647159736024	0.9705742859823822	0.9737889478496013	0.9746830875905748	0.992319007396815	0.9742672892199368	0.9742198485445422	0.9744643124477103	0.9745141251883424	0.9736417827242798	0.9741332396202365	0.9732497047282721	0.9737478354789113
0.9735562381516789	0.97103811773416	0.966821955327781	0.9689400014960352	0.966821955327781	0.9704487772233613	0.9710331138635537	1.0	0.9700170760917485	0.9712691527381166	0.9686862623240781	0.9714061199839907	0.9736190193328375	0.9698270847066286	0.9699627059712453	0.9701255428306876	0.9722725624289337	0.9720182258469342	0.9716420711719168	0.9714916108775902	0.9709390382209889	0.973685375378807	0.9771778090268538	0.9673430195879112	0.9700170760917485	0.970662486217369	0.9699773712679449	0.9696732803186202	0.97068910085762	0.9727503715878673	0.9686978238646631	0.970260616630814	0.9716698316429185	0.9714255613106858	0.9674366081957938
0.9713828422692973	0.9742100025247916	0.9735105505041022	0.972968568270623	0.970619803982291	0.9740326134657799	0.9739331601149079	0.9700170760917485	1.0	0.974292672070871	0.973982948059702	0.9751175132636386	0.9786979596810861	0.9743655419260903	0.973094389852398	0.9742562558538013	0.9727536586539136	0.9725268678110208	0.9730300339716935	0.9759727382734175	0.9751464545810706	0.9726009792370857	0.9778885363354327	0.9711011063213019	0.9737189632282105	0.9739168768901023	0.9755578175243367	0.9747049069820449	0.9735660315466023	0.9737385156071671	0.9745141251883424	0.973648966079684	0.9733438137317555	0.9731109001708381	0.9745068932018398
0.9711092115623973	0.9753643702744031	0.9736062978661704	0.9736422450933604	0.9708118819952042	0.974324524456245	0.9739554658016676	0.9712691527381166	0.974292672070871	1.0	0.9745558411390994	0.9754770737790905	0.9804080529513559	0.9748459928439809	0.9736240465075948	0.9742790545409643	0.9723172544008493	0.9722613463578408	0.9739593478904609	0.9755514444658703	0.9751464545810706	0.9739928394269359	0.9776738643328035	0.9708803316196323	0.9748886616844433	0.9888222605570927	0.9754397397028736	0.9747049069820449	0.97410805673828	0.97401478806762	0.9753066893149107	0.973661816506496	0.9750306170447027	0.9731109001708381	0.9742306279383044
0.9697768994407738	0.9733595875464363	0.9740808432661507	0.972056330651961	0.9701074844198373	0.9734468062115108	0.9732109094975149	0.9686862623240781	0.973982948059702	0.9745558411390994	1.0	0.9738267626514654	0.9789789095310902	0.9741835247532651	0.9723714917913715	0.9737974667058755	0.971850140140055	0.9716839462464687	0.9726114242070203	0.9748472447774866	0.9732606242621646	0.9726617467866462	0.9767691264469671	0.9694363245714056	0.9725297640334342	0.9750069903591648	0.9747221217600841	0.9735996020828245	0.9733762171117265	0.9747596338213268	0.9893739229962779	0.9736109193864376	0.9723978627009047	0.9733762171117265	0.9734650065157824
0.9621777242993279	0.9635513557426932	0.9727947498515997	0.9722858934301383	0.9710801828551381	0.9743492339502581	0.9746440579207917	0.9714061199839907	0.9751175132636386	0.9754770737790905	0.9738267626514654	1.0	0.966560791055644	0.9643179022967188	0.9739394307353928	0.9745706024057882	0.9739769000365914	0.9740890491806448	0.9707922705684033	0.9684362187786001	0.9702506830547315	0.9741263463113805	0.9674892629665773	0.9701665511434637	0.9732957441871828	0.9762892807109009	0.9677172625803088	0.9728723314167014	0.9736759276262092	0.9764978680083166	0.9594171744945177	0.9735243883375321	0.965066593658094	0.9750813375032739	0.9705850392551869
0.9640023055371385	0.9677708977186892	0.9772557140910981	0.977743587353293	0.9793497859602875	0.9792574611811391	0.9789478120758456	0.9736190193328375	0.9786979596810861	0.9804080529513559	0.9789789095310902	0.966560791055644	1.0	0.9702220993274161	0.9781924394026718	0.9795030827241235	0.9765936372603972	0.9758152196930615	0.9740919767400614	0.9722338993696144	0.972348437164092	0.9783829289174675	0.9733983848909441	0.9712633349369222	0.9781924394026718	0.9794418503677353	0.9718491561633863	0.976358692519808	0.9793190400379825	0.9787292960681233	0.9670412362841707	0.979411191069947	0.967060609113525	0.9774191515431143	0.9757122999818951
0.963775383298672	0.964988555287421	0.9724977360456714	0.9729748652037472	0.9708208434198461	0.9740616106969647	0.9748459928439809	0.9698270847066286	0.9743655419260903	0.9748459928439809	0.9741835247532651	0.9643179022967188	0.9702220993274161	1.0	0.9741530891246465	0.9747863235992962	0.9716865731332501	0.9734761831782789	0.9707194450606166	0.9679013758168311	0.9685493714299913	0.9740616106969647	0.9705469024499942	0.9684405781453077	0.9759305650436161	0.9744561694032635	0.9683627159388524	0.9735693240071167	0.9745164475467554	0.9748161719181374	0.967947235729953	0.974666655367526	0.9655508817825766	0.9740004815797907	0.9698618654835793
0.9707291520666883	0.9741091212119322	0.972314117040522	0.9735945864413266	0.9704342026109789	0.9738516627093529	0.9975564146129252	0.9699627059712453	0.973094389852398	0.9736240465075948	0.9723714917913715	0.9739394307353928	0.9781924394026718	0.9741530891246465	1.0	0.973820011283759	0.9715015890079098	0.9723339772834417	0.9727515621010066	0.9758529243931674	0.972779115496673	0.9723427846392331	0.9766105648441309	0.9695230750810769	0.9733431415151159	0.9743468708374164	0.9925830827158071	0.9733487829128641	0.9737152846221988	0.9743468708374164	0.9737391097564221	0.973094389852398	0.9737080188427495	0.9727207650228913	0.97252175714262
0.9705199499347383	0.9746766825479529	0.9731489603232604	0.9716537548186628	0.9704107658249885	0.9738892829017326	0.9747990556731182	0.9701255428306876	0.9742562558538013	0.9742790545409643	0.9737974667058755	0.9745706024057882	0.9795030827241235	0.9747863235992962	0.973820011283759	1.0	0.9703032229323918	0.9712972992977509	0.9731683783865474	0.9846849553608209	0.9741155521636896	0.9731190392898081	0.9777353436079869	0.9685855033718189	0.9723597409316524	0.9745965671142856	0.9837486224662044	0.9735495931038284	0.9744608701687897	0.9733543832139838	0.9755548692627896	0.9743246039565606	0.9721224428802439	0.9716452243246003	0.9738755838489995
0.9721901302131714	0.974007925495926	0.9701543364859642	0.9714250875450681	0.9679325414768423	0.9716015583855522	0.9719243442015485	0.9722725624289337	0.9727536586539136	0.9723172544008493	0.971850140140055	0.9739769000365914	0.9765936372603972	0.9716865731332501	0.9715015890079098	0.9703032229323918	1.0	0.9720722443985464	0.9730022941394034	0.9733589407214657	0.9727184211015111	0.9730174870775298	0.9766423390062712	0.970265317563559	0.9716265025874884	0.9722194725739609	0.9740500847045187	0.9724294278167726	0.972170470801316	0.9740749847741493	0.9720919621852029	0.9715266102982635	0.9727049381596062	0.9733738292459992	0.9702363459082477
0.9728152689075156	0.9739402860305589	0.9708903912140546	0.9711176639721129	0.9685138737665351	0.9717975309977172	0.9733575273050654	0.9720182258469342	0.9725268678110208	0.9722613463578408	0.9716839462464687	0.9740890491806448	0.9758152196930615	0.9734761831782789	0.9723339772834417	0.9712972992977509	0.9720722443985464	1.0	0.9753052748467451	0.9743167625310617	0.9742317258858714	0.974121709097705	0.9771778090268538	0.9691454624930836	0.9718442532434816	0.9724546683086728	0.9733953527203751	0.9736495341189781	0.9722855747561228	0.97430428753811	0.9718157194335295	0.9721399319169961	0.9732771531709247	0.9727902321216826	0.9712474768781602
0.9678598903389267	0.9715523724850008	0.971146295335077	0.9717287785331653	0.9691773736793837	0.9730300339716935	0.9738784116377828	0.9716420711719168	0.9730300339716935	0.9739593478904609	0.9726114242070203	0.9707922705684033	0.9740919767400614	0.9707194450606166	0.9727515621010066	0.9731683783865474	0.9730022941394034	0.9753052748467451	1.0	0.9703741532389171	0.9712583658006104	0.9738784116377828	0.9741001126825153	0.9683869664482159	0.9739054128153231	0.972946743196075	0.9707725057474828	0.9731407566664886	0.9734706752007309	0.9748365822295513	0.9693459210727937	0.9725833237941821	0.9688125853894134	0.9735799067599412	0.9696732696428444
0.9635111674021843	0.9665999863261232	0.973229068433919	0.9736171361309021	0.9719009099275244	0.9756119644413542	0.9766532355968967	0.9714916108775902	0.9759727382734175	0.9755514444658703	0.9748472447774866	0.9684362187786001	0.9722338993696144	0.9679013758168311	0.9758529243931674	0.9846849553608209	0.9733589407214657	0.9743167625310617	0.9703741532389171	1.0	0.9692902720818592	0.97576277347945	0.971229425212753	0.9692167044207616	0.9749090888147027	0.976477081726113	0.9730005332599864	0.9738094435031711	0.9759128864945614	0.9767993058585088	0.967678098173093	0.9753996498971681	0.9669197949685159	0.9755211421884346	0.9716286193966527
0.9658621683582738	0.9679314786032207	0.9729303563232367	0.9718565463703036	0.9715745744866989	0.9742317258858714	0.9738526314538227	0.9709390382209889	0.9751464545810706	0.9751464545810706	0.9732606242621646	0.9702506830547315	0.972348437164092	0.9685493714299913	0.972779115496673	0.9741155521636896	0.9727184211015111	0.9742317258858714	0.9712583658006104	0.9692902720818592	1.0	0.9744340352277463	0.971639547133881	0.96871414773884	0.9735875638424955	0.9749768929720464	0.9691621883740491	0.9753711695474968	0.9741155521636896	0.9755386923283664	0.9699393035044329	0.9738526314538227	0.968735896315476	0.974318584248263	0.971226574420654
0.972421849435359	0.9752344989979781	0.9719136836667677	0.9722557581748589	0.9698797345084187	0.9726737577766361	0.9724026293515778	0.973685375378807	0.9726009792370857	0.9739928394269359	0.9726617467866462	0.9741263463113805	0.9783829289174675	0.9740616106969647	0.9723427846392331	0.9731190392898081	0.9730174870775298	0.974121709097705	0.9738784116377828	0.97576277347945	0.9744340352277463	1.0	0.9783739708400112	0.9703780114704241	0.9739516609009236	0.9735310423097744	0.9746009628630489	0.973798870968036	0.9728056479737734	0.9738608620698725	0.973776437795379	0.9724753447670522	0.9741332396202365	0.9731803766907685	0.9724152376803471
0.9674948496404014	0.9673259356324423	0.9750477196663321	0.9760332609222023	0.9739279489237361	0.9781018037996163	0.9773647159736024	0.9771778090268538	0.9778885363354327	0.9776738643328035	0.9767691264469671	0.9674892629665773	0.9733983848909441	0.9705469024499942	0.9766105648441309	0.9777353436079869	0.9766423390062712	0.9771778090268538	0.9741001126825153	0.971229425212753	0.971639547133881	0.9783739708400112	1.0	0.971861080099548	0.9777660398098174	0.9782835006639979	0.9711542962326597	0.9761301922679713	0.9776122688579385	0.9793236895356386	0.9665785065106051	0.9771465533369547	0.9682853288038451	0.9779496123982331	0.9744756902726527
0.9658217320230233	0.9682559368879801	0.9673739004529855	0.9684961943453081	0.9673430195879112	0.9693202937592398	0.9705742859823822	0.9673430195879112	0.9711011063213019	0.9708803316196323	0.9694363245714056	0.9701665511434637	0.9712633349369222	0.9684405781453077	0.9695230750810769	0.9685855033718189	0.970265317563559	0.9691454624930836	0.9683869664482159	0.9692167044207616	0.96871414773884	0.9703780114704241	0.971861080099548	1.0	0.9698105731964091	0.9697819381828022	0.9684362187786001	0.9679550879153904	0.9695519402455354	0.9957585592798196	0.9690018881759709	0.9701522296097037	0.9683885234015124	0.9950907945080907	0.966617313807987
0.9718562017568934	0.9740416924579348	0.9715337284013291	0.9723797800418029	0.9711944511350724	0.9742057165466501	0.9737889478496013	0.9700170760917485	0.9737189632282105	0.9748886616844433	0.9725297640334342	0.9732957441871828	0.9781924394026718	0.9759305650436161	0.9733431415151159	0.9723597409316524	0.9716265025874884	0.9718442532434816	0.9739054128153231	0.9749090888147027	0.9735875638424955	0.9739516609009236	0.9777660398098174	0.9698105731964091	1.0	0.9746852814079733	0.9753508990835127	0.9738484976248477	0.9728671583530933	0.9747079421845835	0.9739995090825029	0.9738122425651105	0.9721915175834461	0.9735785396372828	0.9720935626052938
0.9712120942918704	0.9750387140124542	0.9733904676453927	0.973017154760966	0.9714109681559405	0.974502866493629	0.9746830875905748	0.970662486217369	0.9739168768901023	0.9888222605570927	0.9750069903591648	0.9762892807109009	0.9794418503677353	0.9744561694032635	0.9743468708374164	0.9745965671142856	0.9722194725739609	0.9724546683086728	0.972946743196075	0.976477081726113	0.9749768929720464	0.9735310423097744	0.9782835006639979	0.9697819381828022	0.9746852814079733	1.0	0.9758219354389364	0.9741692348641852	0.9739283853836272	0.9730091017282378	0.9759061583726959	0.9729320656725569	0.9750937769439313	0.9724788214245778	0.9747311937288166
0.9628124500743195	0.9674799527280745	0.9738333048230007	0.9740809354365643	0.9713143394616234	0.9750829111999384	0.992319007396815	0.9699773712679449	0.9755578175243367	0.9754397397028736	0.9747221217600841	0.9677172625803088	0.9718491561633863	0.9683627159388524	0.9925830827158071	0.9837486224662044	0.9740500847045187	0.9733953527203751	0.9707725057474828	0.9730005332599864	0.9691621883740491	0.9746009628630489	0.9711542962326597	0.9684362187786001	0.9753508990835127	0.9758219354389364	1.0	0.9726627727860173	0.9757926946980298	0.9760258879475006	0.9692173376868255	0.9752915368493672	0.9667569312343544	0.9750529979261827	0.9717148456148423
0.9692718714973946	0.972662834028881	0.9718281115134113	0.9711076735199867	0.9707277044309707	0.9739722333632193	0.9742672892199368	0.9696732803186202	0.9747049069820449	0.9747049069820449	0.9735996020828245	0.9728723314167014	0.976358692519808	0.9735693240071167	0.9733487829128641	0.9735495931038284	0.9724294278167726	0.9736495341189781	0.9731407566664886	0.9738094435031711	0.9753711695474968	0.973798870968036	0.9761301922679713	0.9679550879153904	0.9738484976248477	0.9741692348641852	0.9726627727860173	1.0	0.9732731575176765	0.9748975274952453	0.9731359467301632	0.9728923631260421	0.9708891626163483	0.9736744713586364	0.9718501932226197
0.9708678724750827	0.9732560238704774	0.9737017635764895	0.9733312053198823	0.9708599419014657	0.9736240465075948	0.9742198485445422	0.97068910085762	0.9735660315466023	0.97410805673828	0.9733762171117265	0.9736759276262092	0.9793190400379825	0.9745164475467554	0.9737152846221988	0.9744608701687897	0.972170470801316	0.9722855747561228	0.9734706752007309	0.9759128864945614	0.9741155521636896	0.9728056479737734	0.9776122688579385	0.9695519402455354	0.9728671583530933	0.9739283853836272	0.9757926946980298	0.9732731575176765	1.0	0.9736342817509042	0.975092445237572	0.9741304459103381	0.9723635629492472	0.9725968064734117	0.97438160931546
0.9735243715574071	0.9756225668496293	0.9731247104102609	0.9733552375969319	0.9703492153068961	0.9734867065856752	0.9744643124477103	0.9727503715878673	0.9737385156071671	0.97401478806762	0.9747596338213268	0.9764978680083166	0.9787292960681233	0.9748161719181374	0.9743468708374164	0.9733543832139838	0.9740749847741493	0.97430428753811	0.9748365822295513	0.9767993058585088	0.9755386923283664	0.9738608620698725	0.9793236895356386	0.9957585592798196	0.9747079421845835	0.9730091017282378	0.9760258879475006	0.9748975274952453	0.9736342817509042	1.0	0.9756958405425575	0.9728966488075546	0.9754077486293227	0.998663580460551	0.9739774218115362
0.96159798486254	0.9621376157292111	0.9736268673667119	0.9721704580241276	0.971457053116775	0.9750566002002359	0.9745141251883424	0.9686978238646631	0.9745141251883424	0.9753066893149107	0.9893739229962779	0.9594171744945177	0.9670412362841707	0.967947235729953	0.9737391097564221	0.9755548692627896	0.9720919621852029	0.9718157194335295	0.9693459210727937	0.967678098173093	0.9699393035044329	0.973776437795379	0.9665785065106051	0.9690018881759709	0.9739995090825029	0.9759061583726959	0.9692173376868255	0.9731359467301632	0.975092445237572	0.9756958405425575	1.0	0.9750566002002359	0.963602009308353	0.9746596730733568	0.9716966047635481
0.9708678724750827	0.9731174226738046	0.9731489603232604	0.9734511890959837	0.9708844457683993	0.9740100496996734	0.9736417827242798	0.970260616630814	0.973648966079684	0.973661816506496	0.9736109193864376	0.9735243883375321	0.979411191069947	0.974666655367526	0.973094389852398	0.9743246039565606	0.9715266102982635	0.9721399319169961	0.9725833237941821	0.9753996498971681	0.9738526314538227	0.9724753447670522	0.9771465533369547	0.9701522296097037	0.9738122425651105	0.9729320656725569	0.9752915368493672	0.9728923631260421	0.9741304459103381	0.9728966488075546	0.9750566002002359	1.0	0.9717748430705103	0.9723604053738459	0.9735938707728998
0.9648656106868317	0.9640826965419902	0.9699045918764703	0.971983850154907	0.9693066745033838	0.9723635629492472	0.9741332396202365	0.9716698316429185	0.9733438137317555	0.9750306170447027	0.9723978627009047	0.965066593658094	0.967060609113525	0.9655508817825766	0.9737080188427495	0.9721224428802439	0.9727049381596062	0.9732771531709247	0.9688125853894134	0.9669197949685159	0.968735896315476	0.9741332396202365	0.9682853288038451	0.9683885234015124	0.9721915175834461	0.9750937769439313	0.9667569312343544	0.9708891626163483	0.9723635629492472	0.9754077486293227	0.963602009308353	0.9717748430705103	1.0	0.9739049669020923	0.9682718967880481
0.9721901302131714	0.9743440252896054	0.9716862457708267	0.9721561978273267	0.969716624198127	0.9719843794216851	0.9732497047282721	0.9714255613106858	0.9731109001708381	0.9731109001708381	0.9733762171117265	0.9750813375032739	0.9774191515431143	0.9740004815797907	0.9727207650228913	0.9716452243246003	0.9733738292459992	0.9727902321216826	0.9735799067599412	0.9755211421884346	0.974318584248263	0.9731803766907685	0.9779496123982331	0.9950907945080907	0.9735785396372828	0.9724788214245778	0.9750529979261827	0.9736744713586364	0.9725968064734117	0.998663580460551	0.9746596730733568	0.9723604053738459	0.9739049669020923	1.0	0.9724152376803471
0.9664230092602775	0.9700989753263672	0.9713854462293579	0.9717686621202343	0.971440469776178	0.9734133171818424	0.9737478354789113	0.9674366081957938	0.9745068932018398	0.9742306279383044	0.9734650065157824	0.9705850392551869	0.9757122999818951	0.9698618654835793	0.97252175714262	0.9738755838489995	0.9702363459082477	0.9712474768781602	0.9696732696428444	0.9716286193966527	0.971226574420654	0.9724152376803471	0.9744756902726527	0.966617313807987	0.9720935626052938	0.9747311937288166	0.9717148456148423	0.9718501932226197	0.97438160931546	0.9739774218115362	0.9716966047635481	0.9735938707728998	0.9682718967880481	0.9724152376803471	1.0
