/home/jshaw/scratch/2022_sketched_distance/references/SGB_genome_fastas_part4/6347/BackhedF_2015__SID128_12M__bin.24.fa	/home/jshaw/scratch/2022_sketched_distance/references/SGB_genome_fastas_part4/6347/Bengtsson-PalmeJ_2015__TRAVELRES20__bin.40.fa	/home/jshaw/scratch/2022_sketched_distance/references/SGB_genome_fastas_part4/6347/Bengtsson-PalmeJ_2015__TRAVELRES69__bin.52.fa	/home/jshaw/scratch/2022_sketched_distance/references/SGB_genome_fastas_part4/6347/FengQ_2015__SID31428__bin.21.fa	/home/jshaw/scratch/2022_sketched_distance/references/SGB_genome_fastas_part4/6347/HeQ_2017__SZAXPI029573-88__bin.45.fa	/home/jshaw/scratch/2022_sketched_distance/references/SGB_genome_fastas_part4/6347/HMP_2012__SRS045645__bin.35.fa	/home/jshaw/scratch/2022_sketched_distance/references/SGB_genome_fastas_part4/6347/LeChatelierE_2013__MH0111__bin.11.fa	/home/jshaw/scratch/2022_sketched_distance/references/SGB_genome_fastas_part4/6347/LeChatelierE_2013__MH0136__bin.24.fa	/home/jshaw/scratch/2022_sketched_distance/references/SGB_genome_fastas_part4/6347/LeChatelierE_2013__MH0229__bin.57.fa	/home/jshaw/scratch/2022_sketched_distance/references/SGB_genome_fastas_part4/6347/LeChatelierE_2013__MH0431__bin.12.fa	/home/jshaw/scratch/2022_sketched_distance/references/SGB_genome_fastas_part4/6347/LiJ_2014__MH0271__bin.47.fa	/home/jshaw/scratch/2022_sketched_distance/references/SGB_genome_fastas_part4/6347/LiJ_2014__MH0399__bin.87.fa	/home/jshaw/scratch/2022_sketched_distance/references/SGB_genome_fastas_part4/6347/NielsenHB_2014__MH0111__bin.16.fa	/home/jshaw/scratch/2022_sketched_distance/references/SGB_genome_fastas_part4/6347/NielsenHB_2014__MH0136__bin.7.fa	/home/jshaw/scratch/2022_sketched_distance/references/SGB_genome_fastas_part4/6347/NielsenHB_2014__V1_CD29_0__bin.31.fa	/home/jshaw/scratch/2022_sketched_distance/references/SGB_genome_fastas_part4/6347/NielsenHB_2014__V1_UC1_0__bin.3.fa	/home/jshaw/scratch/2022_sketched_distance/references/SGB_genome_fastas_part4/6347/NielsenHB_2014__V1_UC15_3__bin.6.fa	/home/jshaw/scratch/2022_sketched_distance/references/SGB_genome_fastas_part4/6347/QinJ_2012__CON-083__bin.1.fa	/home/jshaw/scratch/2022_sketched_distance/references/SGB_genome_fastas_part4/6347/VatanenT_2016__G78545__bin.5.fa	/home/jshaw/scratch/2022_sketched_distance/references/SGB_genome_fastas_part4/6347/VogtmannE_2016__MMRS81135225ST-27-0-0__bin.12.fa	/home/jshaw/scratch/2022_sketched_distance/references/SGB_genome_fastas_part4/6347/XieH_2016__YSZC12003_35506__bin.79.fa	/home/jshaw/scratch/2022_sketched_distance/references/SGB_genome_fastas_part4/6347/XieH_2016__YSZC12003_36005__bin.30.fa	/home/jshaw/scratch/2022_sketched_distance/references/SGB_genome_fastas_part4/6347/XieH_2016__YSZC12003_36674__bin.4.fa	/home/jshaw/scratch/2022_sketched_distance/references/SGB_genome_fastas_part4/6347/XieH_2016__YSZC12003_37322__bin.37.fa	/home/jshaw/scratch/2022_sketched_distance/references/SGB_genome_fastas_part4/6347/YuJ_2015__SZAXPI015253-44__bin.3.fa	/home/jshaw/scratch/2022_sketched_distance/references/SGB_genome_fastas_part4/6347/YuJ_2015__SZAXPI015268-109__bin.32.fa	/home/jshaw/scratch/2022_sketched_distance/references/SGB_genome_fastas_part4/6347/YuJ_2015__SZAXPI017588-123__bin.39.fa	/home/jshaw/scratch/2022_sketched_distance/references/SGB_genome_fastas_part4/6347/ZeeviD_2015__PNP_Main_409__bin.35.fa	/home/jshaw/scratch/2022_sketched_distance/references/SGB_genome_fastas_part4/6347/ZeeviD_2015__PNP_Main_467__bin.22.fa	/home/jshaw/scratch/2022_sketched_distance/references/SGB_genome_fastas_part4/6347/ZeeviD_2015__PNP_Main_555__bin.28.fa	/home/jshaw/scratch/2022_sketched_distance/references/SGB_genome_fastas_part4/6347/ZeeviD_2015__PNP_Main_565__bin.34.fa	/home/jshaw/scratch/2022_sketched_distance/references/SGB_genome_fastas_part4/6347/ZeeviD_2015__PNP_Main_599__bin.21.fa	/home/jshaw/scratch/2022_sketched_distance/references/SGB_genome_fastas_part4/6347/ZeeviD_2015__PNP_Main_59__bin.13.fa	/home/jshaw/scratch/2022_sketched_distance/references/SGB_genome_fastas_part4/6347/ZeeviD_2015__PNP_Main_662__bin.2.fa	/home/jshaw/scratch/2022_sketched_distance/references/SGB_genome_fastas_part4/6347/ZeeviD_2015__PNP_Main_759__bin.12.fa	/home/jshaw/scratch/2022_sketched_distance/references/SGB_genome_fastas_part4/6347/ZellerG_2014__CCIS70398272ST-4-0__bin.61.fa
1.0	0.9858321315569992	0.9826587480878484	0.9877463961358854	0.9867026226384666	0.9865711773305083	0.9868173785998667	0.9856325611342684	0.9874422881850433	0.9797983397395967	0.9893594126241545	0.9837545664999592	0.9860639645217301	0.9879209637157347	0.9858522020147285	0.9878429132362733	0.9866499641833796	0.9858409477690524	0.9859143996102714	0.9756529379743204	0.988634146330241	0.9846489479420583	0.9793219730500464	0.9895028676042821	0.9820713293723711	0.9829345153419596	0.9800234098254991	0.988591505000778	0.984190226676107	0.9870355557598435	0.9876852625090484	0.9859783338083759	0.9871881207869574	0.9866927138323605	0.9899528249856689	0.9898173769360143
0.9858321315569992	1.0	0.9880654744368326	0.987853994199317	0.9831330466740786	0.9842296819273111	0.9857995323632623	0.9866049671311634	0.9851073689755796	0.9784444733582365	0.9874532367943267	0.9832221975610124	0.9855375678783694	0.9867003067063741	0.9850740421560263	0.9816592832828613	0.9842980359839598	0.9884863710604551	0.981887021851687	0.9743946751283823	0.9859622059077665	0.9853727729194146	0.9778113183139426	0.9888201844743545	0.988521282529564	0.9848169046501153	0.9877926558386276	0.9837854140580611	0.9775849289362252	0.9828317997625081	0.987391146465208	0.9875461532302041	0.9829031280311687	0.9858972330874407	0.9843198511008628	0.9856305267693475
0.9826587480878484	0.9880654744368326	1.0	0.9871591551690132	0.9819208598997893	0.9828608005761069	0.9843570007187924	0.9855289871023468	0.9836567776983505	0.9771532485291093	0.9854173797641994	0.9840087577264073	0.9844722651310192	0.9854918267728269	0.9842026822494558	0.9791618062311985	0.9820862782099432	0.9887460564282017	0.9804366197986736	0.9698086998386279	0.9837745246345734	0.9839698348641432	0.9740454055057711	0.9872650130539774	0.9911800127306127	0.9864806941635177	0.9889809778065307	0.9791376291327434	0.9748163937360703	0.9825369156346637	0.9869108209105886	0.9851554783045727	0.9829412739316288	0.9838918502927672	0.9796462226884076	0.9804366197986736
0.9877463961358854	0.987853994199317	0.9871591551690132	1.0	0.9885762740440455	0.9865711773305083	0.9878214585914262	0.9895891711071886	0.9872436698007421	0.9781522313764226	0.9882912226283609	0.9822261087324332	0.9875535570379071	0.9896786589068522	0.9885334850212953	0.9895633545667757	0.9874739841039295	0.9877707772256171	0.9860131227601789	0.976814741649233	0.9879460550607367	0.9899765007036189	0.9798103739346844	0.9899766960435719	0.987276098044789	0.9854095969590325	0.9871644561588234	0.989345405332927	0.9862701392488443	0.9894001061199861	0.9889400350413112	0.9893284014771269	0.9895009135235452	0.9900021617252606	0.989105910198414	0.9915769753694059
0.9867026226384666	0.9831330466740786	0.9819208598997893	0.9885762740440455	1.0	0.9857416205516327	0.9863626233287154	0.9882228977013474	0.9855670165954595	0.9787837387625373	0.9876363407178146	0.983619644557926	0.9860880695587201	0.9881905838244841	0.9867364300363733	0.9829491871827638	0.9847516627476477	0.9843427574996023	0.982562459612269	0.9722399239919212	0.9854618070539372	0.987669202780375	0.9757914549008186	0.9870726066482451	0.988351837159676	0.9822927455350374	0.9885762740440455	0.9827253337476836	0.9780045594996787	0.9852149996382412	0.9880285372025578	0.9867364300363733	0.9846077718479385	0.987504563440731	0.9835084588261106	0.9858100722996331
0.9865711773305083	0.9842296819273111	0.9828608005761069	0.9865711773305083	0.9857416205516327	1.0	0.9853907472435748	0.9889826856515447	0.9849128571888434	0.9795178716833668	0.9870557947580191	0.9844929833296219	0.9852322220203391	0.9891523956498695	0.9877401607087005	0.9845244767377613	0.9854854964239641	0.9843062394930773	0.9837695550103063	0.9749774320489086	0.9856428069474051	0.9871758418208924	0.9771868973508291	0.986507245323028	0.984199122225424	0.981719977347391	0.9841334607755149	0.9875348446107306	0.9814733414504689	0.9846551095266883	0.9924008640787176	0.9877106996704028	0.9846021080665872	0.9868143785070741	0.9869587212846371	0.9874855823894497
0.9868173785998667	0.9857995323632623	0.9843570007187924	0.9878214585914262	0.9863626233287154	0.9853907472435748	1.0	0.9879858675202736	0.9856100095470423	0.9784510086758583	0.9878763528233032	0.9830398403337279	0.9987006446441345	0.9880677652084228	0.9874901571886854	0.9890602068071033	0.9858353293653775	0.9854903856034052	0.9850461399817203	0.9749248839375242	0.9883491861878144	0.9889554534726086	0.977965571865747	0.9884764126713059	0.9848027338412204	0.9839976033094938	0.9832299349800089	0.9881026123153952	0.983959357673124	0.9880946095763797	0.9877420570534128	0.9869586797535512	0.9882034636513402	0.9897681148156423	0.9871693556270597	0.9937017935716242
0.9856325611342684	0.9866049671311634	0.9855289871023468	0.9895891711071886	0.9882228977013474	0.9889826856515447	0.9879858675202736	1.0	0.987158179303507	0.9803291013596357	0.9886838971596236	0.983967468270405	0.9869320323669729	0.9991923897790799	0.9938568062028165	0.9904778882217902	0.9902592516348854	0.9862567448902658	0.9861770052356059	0.9759600392239016	0.9885204578306684	0.9887062727768562	0.9786256972905473	0.9897266936381571	0.9831068068421097	0.9844631974097081	0.9829885915474625	0.9908034039687551	0.9912692522527387	0.9893444076170462	0.9902541236466414	0.9866014753422123	0.9892169721098162	0.9881683665848303	0.9956950411383982	0.9916370454770261
0.9874422881850433	0.9851073689755796	0.9836567776983505	0.9872436698007421	0.9855670165954595	0.9849128571888434	0.9856100095470423	0.987158179303507	1.0	0.9792240913481642	0.9892047483871041	0.9825396263239187	0.9857889786374606	0.9871867008210947	0.9864661379402218	0.9862649974172616	0.9845583304549299	0.9857011714280168	0.9843622674867423	0.9740723452551883	0.988634146330241	0.9863201113737161	0.9783733817895307	0.9865686812595931	0.9842980359839598	0.9819127441957115	0.9820432169122869	0.9876777070335696	0.9831778398945098	0.9867955094970927	0.9858140534954738	0.9898421095192916	0.986637630441986	0.988664038685357	0.9860662628682769	0.9879250577903225
0.9797983397395967	0.9784444733582365	0.9771532485291093	0.9781522313764226	0.9787837387625373	0.9795178716833668	0.9784510086758583	0.9803291013596357	0.9792240913481642	1.0	0.9819384529815847	0.9783019622041508	0.9781897285912646	0.9804342268246586	0.9795835964377144	0.9809715950771853	0.977338705578329	0.9783081992500475	0.9800870176430223	0.9722970004385598	0.9807881859812007	0.9796911446032405	0.9728669629601171	0.9810689014946486	0.9762201239800012	0.9756618680623869	0.975576819965445	0.97968790067984	0.9744338866050328	0.9785149567872712	0.9813750713710981	0.980117830339722	0.9790752899844406	0.980153137181656	0.9813665979115637	0.9816135887837976
0.9893594126241545	0.9874532367943267	0.9854173797641994	0.9882912226283609	0.9876363407178146	0.9870557947580191	0.9878763528233032	0.9886838971596236	0.9892047483871041	0.9819384529815847	1.0	0.9843891705059886	0.9869319044969009	0.9894182910818822	0.988867132698297	0.9892047483871041	0.9872113643187205	0.986222295316716	0.9868885389425124	0.9766156449891757	0.9902670533134345	0.9879674294437014	0.9801479600813262	0.9896987982955264	0.9848166808268521	0.9843206401423594	0.9833679925786677	0.9900161271617819	0.9849857112039356	0.988036658496852	0.9891309980738654	0.9911852958823119	0.988379436697637	0.9886576372936752	0.9894994977981354	0.9915468993268098
0.9837545664999592	0.9832221975610124	0.9840087577264073	0.9822261087324332	0.983619644557926	0.9844929833296219	0.9830398403337279	0.983967468270405	0.9825396263239187	0.9783019622041508	0.9843891705059886	1.0	0.9824155027069393	0.9844627994813584	0.9852749743886092	0.9857083778381813	0.9818447628817126	0.9818014066635704	0.9831300760719871	0.973472965020434	0.9842391840666208	0.9824155027069393	0.9761730753123607	0.9851257613724221	0.9801112060569808	0.9802974710270541	0.9785749530592371	0.983745269377366	0.9788279578390868	0.9825925954494498	0.9863215695198189	0.9831385455632983	0.9830225484898237	0.983293639505993	0.9848122670853457	0.9854861805286473
0.9860639645217301	0.9855375678783694	0.9844722651310192	0.9875535570379071	0.9860880695587201	0.9852322220203391	0.9987006446441345	0.9869320323669729	0.9857889786374606	0.9781897285912646	0.9869319044969009	0.9824155027069393	1.0	0.9876462724673583	0.9868213027555857	0.9886227401351666	0.9856515243740108	0.9853491065544466	0.9848765029221921	0.9746608611338681	0.988061739737399	0.9880460339441084	0.9777597378140749	0.98824390417972	0.9839848971079653	0.9837441343199449	0.9823104325821483	0.9879968988760932	0.9838820388106577	0.9878913330910984	0.9875428460098191	0.9860355771417812	0.9880265454682934	0.9889420885268658	0.9870992938986397	0.9935605301518255
0.9879209637157347	0.9867003067063741	0.9854918267728269	0.9896786589068522	0.9881905838244841	0.9891523956498695	0.9880677652084228	0.9991923897790799	0.9871867008210947	0.9804342268246586	0.9894182910818822	0.9844627994813584	0.9876462724673583	1.0	0.9962857326615467	0.9903736492441133	0.9903126262633433	0.9864626877144056	0.9864050767491124	0.9762137607741946	0.9887474439677594	0.9908505804016683	0.9788261538619913	0.989865817655312	0.9855095586752625	0.98456971040588	0.9852732243603398	0.9909650836649844	0.9913001627684817	0.989455710714704	0.9903853180708683	0.9888913060473272	0.9893876301495361	0.9899884118335307	0.9958299483957123	0.9918464353619612
0.9858522020147285	0.9850740421560263	0.9842026822494558	0.9885334850212953	0.9867364300363733	0.9877401607087005	0.9874901571886854	0.9938568062028165	0.9864661379402218	0.9795835964377144	0.988867132698297	0.9852749743886092	0.9868213027555857	0.9962857326615467	1.0	0.9898120791084882	0.9887565537930268	0.9851003963930826	0.9856828856470066	0.9757556275651628	0.9878008753749278	0.9886811500142123	0.9790750050377004	0.9883603635382969	0.9813746249640537	0.9838167541526077	0.9807329687167755	0.9897159886948366	0.990391801420652	0.9886401190843385	0.9887754673311843	0.9863775674958158	0.9883208833970321	0.9873860741101562	0.9964699802171059	0.9906934594563808
0.9878429132362733	0.9816592832828613	0.9791618062311985	0.9895633545667757	0.9829491871827638	0.9845244767377613	0.9890602068071033	0.9904778882217902	0.9862649974172616	0.9809715950771853	0.9892047483871041	0.9857083778381813	0.9886227401351666	0.9903736492441133	0.9898120791084882	1.0	0.9859480843288352	0.9790145635879344	0.9825983965492122	0.9709000603174136	0.9874649751832375	0.9898828002061826	0.9699163283283013	0.9865788846712431	0.9853455067812886	0.9801743200645374	0.9843159698103627	0.9831231840232237	0.9777098281575686	0.9874649751832375	0.9880302678157337	0.9879928820740586	0.9866568905520944	0.9895633545667757	0.9846489479420583	0.9844828812070109
0.9866499641833796	0.9842980359839598	0.9820862782099432	0.9874739841039295	0.9847516627476477	0.9854854964239641	0.9858353293653775	0.9902592516348854	0.9845583304549299	0.977338705578329	0.9872113643187205	0.9818447628817126	0.9856515243740108	0.9903126262633433	0.9887565537930268	0.9859480843288352	1.0	0.9836418666908882	0.9834513748219513	0.9728062157407656	0.9852608963375966	0.986590308203408	0.9748455798640229	0.9878034771146929	0.9848744031504812	0.9804987813560162	0.9842070980269224	0.9869571118771704	0.9819694627978507	0.9853801630185377	0.9872113643187205	0.9868579121040746	0.9853802834804246	0.9871233565932953	0.9869234840815263	0.9892738945589931
0.9858409477690524	0.9884863710604551	0.9887460564282017	0.9877707772256171	0.9843427574996023	0.9843062394930773	0.9854903856034052	0.9862567448902658	0.9857011714280168	0.9783081992500475	0.986222295316716	0.9818014066635704	0.9853491065544466	0.9864626877144056	0.9851003963930826	0.9790145635879344	0.9836418666908882	1.0	0.981563901683475	0.9729182967648737	0.9852427470367572	0.9853491065544466	0.9769760687560823	0.9877378778496216	0.9928220228092595	0.9878036437613431	0.9905746332613197	0.9828494153874587	0.9761457847826847	0.9847778329197903	0.9868030852585472	0.9858060593857652	0.9845247403890114	0.9874070630786792	0.9816162261149858	0.9830469618292281
0.9859143996102714	0.981887021851687	0.9804366197986736	0.9860131227601789	0.982562459612269	0.9837695550103063	0.9850461399817203	0.9861770052356059	0.9843622674867423	0.9800870176430223	0.9868885389425124	0.9831300760719871	0.9848765029221921	0.9864050767491124	0.9856828856470066	0.9825983965492122	0.9834513748219513	0.981563901683475	1.0	0.9736375331243139	0.9855831638286949	0.9855165140552772	0.9747324689247803	0.9864375296249855	0.9839799727677091	0.9788524491374673	0.9828055959735265	0.982683868537822	0.9783272448092762	0.9843622674867423	0.9861770052356059	0.986856528283349	0.9834158300960008	0.9864375296249855	0.9821913916170025	0.9849759137837832
0.9756529379743204	0.9743946751283823	0.9698086998386279	0.976814741649233	0.9722399239919212	0.9749774320489086	0.9749248839375242	0.9759600392239016	0.9740723452551883	0.9722970004385598	0.9766156449891757	0.973472965020434	0.9746608611338681	0.9762137607741946	0.9757556275651628	0.9709000603174136	0.9728062157407656	0.9729182967648737	0.9736375331243139	1.0	0.9758068510332022	0.975909056606115	0.9789259221799348	0.9761631744973532	0.9760617653951992	0.9703582498258414	0.9779365143908074	0.9692734497807864	0.9650390226260308	0.9738556671989973	0.9769632692541346	0.976565679991248	0.9742875869190495	0.9763146980223627	0.97183754887409	0.9729741923499399
0.988634146330241	0.9859622059077665	0.9837745246345734	0.9879460550607367	0.9854618070539372	0.9856428069474051	0.9883491861878144	0.9885204578306684	0.988634146330241	0.9807881859812007	0.9902670533134345	0.9842391840666208	0.988061739737399	0.9887474439677594	0.9878008753749278	0.9874649751832375	0.9852608963375966	0.9852427470367572	0.9855831638286949	0.9758068510332022	1.0	0.9890009486194065	0.9783733817895307	0.9880097429159926	0.9858219401530567	0.9826350776011222	0.9840766285186194	0.9874631802231635	0.9828199843375415	0.9863711662974683	0.9876842689736721	0.990158865729906	0.9867914707683779	0.9885773511095045	0.9866402192763961	0.9891123273524457
0.9846489479420583	0.9853727729194146	0.9839698348641432	0.9899765007036189	0.987669202780375	0.9871758418208924	0.9889554534726086	0.9887062727768562	0.9863201113737161	0.9796911446032405	0.9879674294437014	0.9824155027069393	0.9880460339441084	0.9908505804016683	0.9886811500142123	0.9898828002061826	0.986590308203408	0.9853491065544466	0.9855165140552772	0.975909056606115	0.9890009486194065	1.0	0.9778628173151168	0.988563182072814	0.9827783400721192	0.9835984103838848	0.9814900374806036	0.9899163840448336	0.9865924642092746	0.9894834778969752	0.9887754673311843	0.9858210160859079	0.9891313107342045	0.9878576763500612	0.9907785461355707	0.9922612785007474
0.9793219730500464	0.9778113183139426	0.9740454055057711	0.9798103739346844	0.9757914549008186	0.9771868973508291	0.977965571865747	0.9786256972905473	0.9783733817895307	0.9728669629601171	0.9801479600813262	0.9761730753123607	0.9777597378140749	0.9788261538619913	0.9790750050377004	0.9699163283283013	0.9748455798640229	0.9769760687560823	0.9747324689247803	0.9789259221799348	0.9783733817895307	0.9778628173151168	1.0	0.97961588932521	0.9793711432147573	0.9735791513254003	0.9783733817895307	0.9725655394766272	0.9681604852483269	0.9771343180059979	0.9790750050377004	0.9800037072861979	0.9767638663763175	0.9795182109257154	0.9735203957771199	0.9746757654499215
0.9895028676042821	0.9888201844743545	0.9872650130539774	0.9899766960435719	0.9870726066482451	0.986507245323028	0.9884764126713059	0.9897266936381571	0.9865686812595931	0.9810689014946486	0.9896987982955264	0.9851257613724221	0.98824390417972	0.989865817655312	0.9883603635382969	0.9865788846712431	0.9878034771146929	0.9877378778496216	0.9864375296249855	0.9761631744973532	0.9880097429159926	0.988563182072814	0.97961588932521	1.0	0.9890506063271024	0.9840336537842682	0.9878034771146929	0.9885221057803665	0.9826194736354736	0.9870560807420129	0.9902522730483901	0.9896149704602115	0.986234244564348	0.9892209320271715	0.987586622324868	0.9890150056312139
0.9820713293723711	0.988521282529564	0.9911800127306127	0.987276098044789	0.988351837159676	0.984199122225424	0.9848027338412204	0.9831068068421097	0.9842980359839598	0.9762201239800012	0.9848166808268521	0.9801112060569808	0.9839848971079653	0.9855095586752625	0.9813746249640537	0.9853455067812886	0.9848744031504812	0.9928220228092595	0.9839799727677091	0.9760617653951992	0.9858219401530567	0.9827783400721192	0.9793711432147573	0.9890506063271024	1.0	0.9898321020775528	0.9860727884300347	0.9857324944637013	0.9806720959881935	0.9849688703743997	0.9878270656002874	0.9819812916005553	0.9847983879332923	0.9835857542367021	0.9859211942051592	0.9878914594652918
0.9829345153419596	0.9848169046501153	0.9864806941635177	0.9854095969590325	0.9822927455350374	0.981719977347391	0.9839976033094938	0.9844631974097081	0.9819127441957115	0.9756618680623869	0.9843206401423594	0.9802974710270541	0.9837441343199449	0.98456971040588	0.9838167541526077	0.9801743200645374	0.9804987813560162	0.9878036437613431	0.9788524491374673	0.9703582498258414	0.9826350776011222	0.9835984103838848	0.9735791513254003	0.9840336537842682	0.9898321020775528	1.0	0.9885068767563835	0.981024341205364	0.9755018340472568	0.9819511616950048	0.9844276161136155	0.9834520358679975	0.9808580446297781	0.9844631974097081	0.9801757883387087	0.9820582589933654
0.9800234098254991	0.9877926558386276	0.9889809778065307	0.9871644561588234	0.9885762740440455	0.9841334607755149	0.9832299349800089	0.9829885915474625	0.9820432169122869	0.975576819965445	0.9833679925786677	0.9785749530592371	0.9823104325821483	0.9852732243603398	0.9807329687167755	0.9843159698103627	0.9842070980269224	0.9905746332613197	0.9828055959735265	0.9779365143908074	0.9840766285186194	0.9814900374806036	0.9783733817895307	0.9878034771146929	0.9860727884300347	0.9885068767563835	1.0	0.9862576102562484	0.9801557375034771	0.9835705111721478	0.9860538610108418	0.9794615303385162	0.9843716213269712	0.9820078572722959	0.9858484190345396	0.9866584961044708
0.988591505000778	0.9837854140580611	0.9791376291327434	0.989345405332927	0.9827253337476836	0.9875348446107306	0.9881026123153952	0.9908034039687551	0.9876777070335696	0.97968790067984	0.9900161271617819	0.983745269377366	0.9879968988760932	0.9909650836649844	0.9897159886948366	0.9831231840232237	0.9869571118771704	0.9828494153874587	0.982683868537822	0.9692734497807864	0.9874631802231635	0.9899163840448336	0.9725655394766272	0.9885221057803665	0.9857324944637013	0.981024341205364	0.9862576102562484	1.0	0.979322085480654	0.9887298665198933	0.9884873512817717	0.9890390724829335	0.9874990319199415	0.9905103707774697	0.9825591570269993	0.985656788234322
0.984190226676107	0.9775849289362252	0.9748163937360703	0.9862701392488443	0.9780045594996787	0.9814733414504689	0.983959357673124	0.9912692522527387	0.9831778398945098	0.9744338866050328	0.9849857112039356	0.9788279578390868	0.9838820388106577	0.9913001627684817	0.990391801420652	0.9777098281575686	0.9819694627978507	0.9761457847826847	0.9783272448092762	0.9650390226260308	0.9828199843375415	0.9865924642092746	0.9681604852483269	0.9826194736354736	0.9806720959881935	0.9755018340472568	0.9801557375034771	0.979322085480654	1.0	0.9844194823244578	0.9843432416216453	0.9849857112039356	0.9827399272768114	0.9865211089944997	0.9840364946942454	0.9814316564437546
0.9870355557598435	0.9828317997625081	0.9825369156346637	0.9894001061199861	0.9852149996382412	0.9846551095266883	0.9880946095763797	0.9893444076170462	0.9867955094970927	0.9785149567872712	0.988036658496852	0.9825925954494498	0.9878913330910984	0.989455710714704	0.9886401190843385	0.9874649751832375	0.9853801630185377	0.9847778329197903	0.9843622674867423	0.9738556671989973	0.9863711662974683	0.9894834778969752	0.9771343180059979	0.9870560807420129	0.9849688703743997	0.9819511616950048	0.9835705111721478	0.9887298665198933	0.9844194823244578	1.0	0.9870654387640256	0.9879495402327112	0.9909933530222745	0.9931074161112484	0.9874134036324266	0.9892416443885393
0.9876852625090484	0.987391146465208	0.9869108209105886	0.9889400350413112	0.9880285372025578	0.9924008640787176	0.9877420570534128	0.9902541236466414	0.9858140534954738	0.9813750713710981	0.9891309980738654	0.9863215695198189	0.9875428460098191	0.9903853180708683	0.9887754673311843	0.9880302678157337	0.9872113643187205	0.9868030852585472	0.9861770052356059	0.9769632692541346	0.9876842689736721	0.9887754673311843	0.9790750050377004	0.9902522730483901	0.9878270656002874	0.9844276161136155	0.9860538610108418	0.9884873512817717	0.9843432416216453	0.9870654387640256	1.0	0.9892938049443589	0.9871274080920308	0.9884716089061013	0.9895320857175023	0.9899123629995529
0.9859783338083759	0.9875461532302041	0.9851554783045727	0.9893284014771269	0.9867364300363733	0.9877106996704028	0.9869586797535512	0.9866014753422123	0.9898421095192916	0.980117830339722	0.9911852958823119	0.9831385455632983	0.9860355771417812	0.9888913060473272	0.9863775674958158	0.9879928820740586	0.9868579121040746	0.9858060593857652	0.986856528283349	0.976565679991248	0.990158865729906	0.9858210160859079	0.9800037072861979	0.9896149704602115	0.9819812916005553	0.9834520358679975	0.9794615303385162	0.9890390724829335	0.9849857112039356	0.9879495402327112	0.9892938049443589	1.0	0.9879377287136518	0.987831652700662	0.9883718970078561	0.9903520518245733
0.9871881207869574	0.9829031280311687	0.9829412739316288	0.9895009135235452	0.9846077718479385	0.9846021080665872	0.9882034636513402	0.9892169721098162	0.986637630441986	0.9790752899844406	0.988379436697637	0.9830225484898237	0.9880265454682934	0.9893876301495361	0.9883208833970321	0.9866568905520944	0.9853802834804246	0.9845247403890114	0.9834158300960008	0.9742875869190495	0.9867914707683779	0.9891313107342045	0.9767638663763175	0.986234244564348	0.9847983879332923	0.9808580446297781	0.9843716213269712	0.9874990319199415	0.9827399272768114	0.9909933530222745	0.9871274080920308	0.9879377287136518	1.0	0.9945753246429847	0.9864976667220011	0.9883255867457039
0.9866927138323605	0.9858972330874407	0.9838918502927672	0.9900021617252606	0.987504563440731	0.9868143785070741	0.9897681148156423	0.9881683665848303	0.988664038685357	0.980153137181656	0.9886576372936752	0.983293639505993	0.9889420885268658	0.9899884118335307	0.9873860741101562	0.9895633545667757	0.9871233565932953	0.9874070630786792	0.9864375296249855	0.9763146980223627	0.9885773511095045	0.9878576763500612	0.9795182109257154	0.9892209320271715	0.9835857542367021	0.9844631974097081	0.9820078572722959	0.9905103707774697	0.9865211089944997	0.9931074161112484	0.9884716089061013	0.987831652700662	0.9945753246429847	1.0	0.9893360734641772	0.991965493979566
0.9899528249856689	0.9843198511008628	0.9796462226884076	0.989105910198414	0.9835084588261106	0.9869587212846371	0.9871693556270597	0.9956950411383982	0.9860662628682769	0.9813665979115637	0.9894994977981354	0.9848122670853457	0.9870992938986397	0.9958299483957123	0.9964699802171059	0.9846489479420583	0.9869234840815263	0.9816162261149858	0.9821913916170025	0.97183754887409	0.9866402192763961	0.9907785461355707	0.9735203957771199	0.987586622324868	0.9859211942051592	0.9801757883387087	0.9858484190345396	0.9825591570269993	0.9840364946942454	0.9874134036324266	0.9895320857175023	0.9883718970078561	0.9864976667220011	0.9893360734641772	1.0	0.9871343434101781
0.9898173769360143	0.9856305267693475	0.9804366197986736	0.9915769753694059	0.9858100722996331	0.9874855823894497	0.9937017935716242	0.9916370454770261	0.9879250577903225	0.9816135887837976	0.9915468993268098	0.9854861805286473	0.9935605301518255	0.9918464353619612	0.9906934594563808	0.9844828812070109	0.9892738945589931	0.9830469618292281	0.9849759137837832	0.9729741923499399	0.9891123273524457	0.9922612785007474	0.9746757654499215	0.9890150056312139	0.9878914594652918	0.9820582589933654	0.9866584961044708	0.985656788234322	0.9814316564437546	0.9892416443885393	0.9899123629995529	0.9903520518245733	0.9883255867457039	0.991965493979566	0.9871343434101781	1.0
