/home/jshaw/scratch/2022_sketched_distance/references/SGB_genome_fastas_part5/17364/BritoIL_2016__M1.15.ST__bin.46.fa	/home/jshaw/scratch/2022_sketched_distance/references/SGB_genome_fastas_part5/17364/BritoIL_2016__M1.16.ST__bin.55.fa	/home/jshaw/scratch/2022_sketched_distance/references/SGB_genome_fastas_part5/17364/BritoIL_2016__M1.3.ST__bin.24.fa	/home/jshaw/scratch/2022_sketched_distance/references/SGB_genome_fastas_part5/17364/BritoIL_2016__M1.44.ST__bin.58.fa	/home/jshaw/scratch/2022_sketched_distance/references/SGB_genome_fastas_part5/17364/BritoIL_2016__M1.48.ST__bin.83.fa	/home/jshaw/scratch/2022_sketched_distance/references/SGB_genome_fastas_part5/17364/BritoIL_2016__M1.61.ST__bin.83.fa	/home/jshaw/scratch/2022_sketched_distance/references/SGB_genome_fastas_part5/17364/BritoIL_2016__M2.39.ST__bin.9.fa	/home/jshaw/scratch/2022_sketched_distance/references/SGB_genome_fastas_part5/17364/BritoIL_2016__W1.41.ST__bin.57.fa	/home/jshaw/scratch/2022_sketched_distance/references/SGB_genome_fastas_part5/17364/BritoIL_2016__W1.9.ST__bin.93.fa	/home/jshaw/scratch/2022_sketched_distance/references/SGB_genome_fastas_part5/17364/BritoIL_2016__W2.61.ST__bin.57.fa	/home/jshaw/scratch/2022_sketched_distance/references/SGB_genome_fastas_part5/17364/BritoIL_2016__W3.18.ST__bin.3.fa	/home/jshaw/scratch/2022_sketched_distance/references/SGB_genome_fastas_part5/17364/BritoIL_2016__W3.22.ST__bin.79.fa	/home/jshaw/scratch/2022_sketched_distance/references/SGB_genome_fastas_part5/17364/CM_madagascar__A39_01_1FE__bin.15.fa	/home/jshaw/scratch/2022_sketched_distance/references/SGB_genome_fastas_part5/17364/CM_madagascar__A40_02_1FE__bin.5.fa	/home/jshaw/scratch/2022_sketched_distance/references/SGB_genome_fastas_part5/17364/CM_madagascar__A68_01_1FE__bin.1.fa	/home/jshaw/scratch/2022_sketched_distance/references/SGB_genome_fastas_part5/17364/CosteaPI_2017__SID713A084-11-0-0__bin.43.fa	/home/jshaw/scratch/2022_sketched_distance/references/SGB_genome_fastas_part5/17364/CosteaPI_2017__SID713A084-11-90-0__bin.47.fa	/home/jshaw/scratch/2022_sketched_distance/references/SGB_genome_fastas_part5/17364/CosteaPI_2017__SID713A087-11-0-0__bin.38.fa	/home/jshaw/scratch/2022_sketched_distance/references/SGB_genome_fastas_part5/17364/CosteaPI_2017__SID713B016-11-0-0__bin.25.fa	/home/jshaw/scratch/2022_sketched_distance/references/SGB_genome_fastas_part5/17364/CosteaPI_2017__SID713B016-11-90-0__bin.6.fa	/home/jshaw/scratch/2022_sketched_distance/references/SGB_genome_fastas_part5/17364/LiJ_2014__MH0283__bin.10.fa	/home/jshaw/scratch/2022_sketched_distance/references/SGB_genome_fastas_part5/17364/LiuW_2016__SRR3992978__bin.12.fa	/home/jshaw/scratch/2022_sketched_distance/references/SGB_genome_fastas_part5/17364/LiuW_2016__SRR3992998__bin.92.fa	/home/jshaw/scratch/2022_sketched_distance/references/SGB_genome_fastas_part5/17364/Obregon-TitoAJ_2015__HCO12__bin.12.fa	/home/jshaw/scratch/2022_sketched_distance/references/SGB_genome_fastas_part5/17364/Obregon-TitoAJ_2015__HCO53__bin.12.fa	/home/jshaw/scratch/2022_sketched_distance/references/SGB_genome_fastas_part5/17364/Obregon-TitoAJ_2015__HCO61__bin.16.fa	/home/jshaw/scratch/2022_sketched_distance/references/SGB_genome_fastas_part5/17364/Obregon-TitoAJ_2015__SM23__bin.6.fa	/home/jshaw/scratch/2022_sketched_distance/references/SGB_genome_fastas_part5/17364/Obregon-TitoAJ_2015__SM33__bin.19.fa	/home/jshaw/scratch/2022_sketched_distance/references/SGB_genome_fastas_part5/17364/RampelliS_2015__H17__bin.51.fa	/home/jshaw/scratch/2022_sketched_distance/references/SGB_genome_fastas_part5/17364/VatanenT_2016__G80433__bin.12.fa	/home/jshaw/scratch/2022_sketched_distance/references/SGB_genome_fastas_part5/17364/XieH_2016__YSZC12003_36244__bin.125.fa	/home/jshaw/scratch/2022_sketched_distance/references/SGB_genome_fastas_part5/17364/ZeeviD_2015__PNP_Main_623__bin.11.fa	/home/jshaw/scratch/2022_sketched_distance/references/SGB_genome_fastas_part5/17364/ZeeviD_2015__PNP_Main_683__bin.41.fa
1.0	0.9981554568589096	0.9866474489172219	0.9829941376951331	0.9699299842341552	0.9875307249290514	0.9815479963893855	0.9862436653521465	0.9878000939067658	0.9878298882050646	0.9882147808914759	0.987948796544903	0.9845111846662342	0.9699299842341552	0.9869547128152061	0.9869241152585126	0.9861497760638744	0.9863995540817035	0.9872894212167687	0.9861811022981715	0.9740391892083429	0.9865856501787804	0.9874705646477151	0.9737197844682143	0.9786461004033654	0.9808186767039435	0.9853567551461906	0.9796550596475931	0.972883724832037	0.9850341077302158	0.9873801175533327	0.9859611891007187	0.9860556178370774
0.9981554568589096	1.0	0.9860636492410527	0.9850880614681583	0.985865897377278	0.9874116949587364	0.9851277160425255	0.9865057516373454	0.9873972791369713	0.9877272561840941	0.987784307389535	0.9876701059485603	0.9845396072760968	0.9855282357202343	0.9861182857600462	0.9864909332309428	0.9855436443883975	0.9857177719541091	0.9871512390757757	0.9862529259561537	0.9859422517628078	0.9863572614753563	0.9861632271267928	0.9847848669831615	0.9849038914879822	0.9850348247980035	0.9846153381962047	0.9839786589420378	0.9850556946003527	0.9849210002061823	0.9862529259561537	0.9856455021648792	0.9853754076782852
0.9866474489172219	0.9860636492410527	1.0	0.997289936526524	0.9972276483148804	0.9878352924293785	0.9850542428806488	0.9866797516433358	0.9869909020585824	0.9877633472776253	0.9869170851333621	0.9880501895386669	0.9851696867346652	0.9853254872040891	0.9861242676157959	0.9860939724024481	0.9855746344446683	0.9855746344446683	0.9872113643187205	0.9864106881782975	0.9864091819428674	0.9859839139639861	0.9861847744075072	0.9850663225281096	0.985253428768923	0.9858471165734619	0.9847009399318051	0.9844765468277878	0.9866818008004377	0.9847286572810149	0.986260251618323	0.9851775721988537	0.9862753262880983
0.9829941376951331	0.9850880614681583	0.997289936526524	1.0	0.9941817269132324	0.9865577779467488	0.9810704290254059	0.9857012203536045	0.9862519820982382	0.9869277076440947	0.986269045576944	0.986591580381841	0.9837158342538401	0.9808497823972422	0.9851587189155302	0.9852116124089495	0.9844992612905561	0.9851587189155302	0.9862178285477753	0.9849462887955716	0.9810681366585088	0.9845172597784191	0.9853522466560815	0.9802693947632899	0.9810476906213903	0.9807477300170346	0.9841735888190707	0.9800253627861412	0.9826622967929829	0.9830640479404131	0.9853697836712563	0.9838630119906635	0.985317144509856
0.9699299842341552	0.985865897377278	0.9972276483148804	0.9941817269132324	1.0	0.9871976230790867	0.9804394578856885	0.986511859536823	0.9868301431546201	0.9874057835712584	0.986351555028598	0.9874576186282827	0.984107217212176	0.9702348946138072	0.9859744431359803	0.9858930674463777	0.9850680291008389	0.986511859536823	0.987223715260354	0.9858114897537905	0.9717411848945033	0.9850401676885711	0.9859744431359803	0.9738109367617119	0.9778711898891818	0.9805035472956131	0.9847321214446112	0.9794627172761419	0.9731355911181074	0.9840210733203266	0.9856203504804918	0.9848725008883992	0.9854831383913487
0.9875307249290514	0.9874116949587364	0.9878352924293785	0.9865577779467488	0.9871976230790867	1.0	0.9859968087658189	0.9869682986179471	0.9870617509724596	0.9856879942736924	0.985228989825569	0.9856603576433928	0.9859445651929654	0.985872919773098	0.984493880215148	0.9861584544395742	0.9860948595330016	0.9864577316251447	0.9850884791831441	0.9849529480826333	0.9871093219066917	0.9866498506196902	0.9853315807357744	0.9861894686820754	0.9860215530520668	0.9860652091129323	0.9840383773951374	0.9850044183191927	0.9859412747488353	0.985819552345965	0.9849051348237124	0.9859844640108514	0.9853014019063308
0.9815479963893855	0.9851277160425255	0.9850542428806488	0.9810704290254059	0.9804394578856885	0.9859968087658189	1.0	0.9848883246595286	0.9859968087658189	0.9860146726454213	0.9865812507769769	0.9859968087658189	0.9828092768589005	0.9796282335845496	0.9847215636395955	0.9848883246595286	0.984310322623455	0.9838748053954539	0.9855289062474148	0.9843291276279706	0.9803715333427186	0.9833754150136779	0.984102753042101	0.9780759231369868	0.978585445480855	0.9789523300960273	0.983452741157414	0.9785102128253721	0.9806131256264693	0.9824528958535315	0.9841783849300509	0.9838938616579935	0.9838557380536912
0.9862436653521465	0.9865057516373454	0.9866797516433358	0.9857012203536045	0.986511859536823	0.9869682986179471	0.9848883246595286	1.0	0.9855122581410785	0.9861740537441636	0.9859580109288552	0.9866019261742958	0.9839636641369762	0.9847687753632315	0.9839775957445328	0.9857044143005728	0.9856323303493522	0.9853800470013211	0.9859868988173608	0.985079348189651	0.9852418205041915	0.9859995550683012	0.9847807530902173	0.9852597726198211	0.9840664643383573	0.9846777541417051	0.9831065993344468	0.9842285473686289	0.9852602281396059	0.9842591212557628	0.985094186850906	0.9852246663264052	0.9847147799471424
0.9878000939067658	0.9873972791369713	0.9869909020585824	0.9862519820982382	0.9868301431546201	0.9870617509724596	0.9859968087658189	0.9855122581410785	1.0	0.9863534601474444	0.9870617509724596	0.9866953438383652	0.9858506581894794	0.9864675528270027	0.9854534426398276	0.9862456133127613	0.9859612461703845	0.9863979471963334	0.9865105981851545	0.9853502614245293	0.9866522967392591	0.9865115802313706	0.9857026845389026	0.9858754730542549	0.9849038914879822	0.9853880540925088	0.9839785341613771	0.9853948258515254	0.9863136226889371	0.9856480508224218	0.9857610559224467	0.9857691659502498	0.985598217352141
0.9878298882050646	0.9877272561840941	0.9877633472776253	0.9869277076440947	0.9874057835712584	0.9856879942736924	0.9860146726454213	0.9861740537441636	0.9863534601474444	1.0	0.9848323029164842	0.9859888377839366	0.9854564642518697	0.9864956021777557	0.984910470918498	0.9860126741124966	0.9857971997993391	0.9865472049556304	0.98467298734154	0.984717294709244	0.9858182649042571	0.9869094525503688	0.9856401513092131	0.9863764363838186	0.985212499325387	0.9861375862146715	0.9841300367037189	0.9851909056140311	0.9859662296027997	0.9857884367575197	0.9854598769935607	0.9860915864346476	0.9860093049717633
0.9882147808914759	0.987784307389535	0.9869170851333621	0.986269045576944	0.986351555028598	0.985228989825569	0.9865812507769769	0.9859580109288552	0.9870617509724596	0.9848323029164842	1.0	0.9850173536947225	0.9863175329666555	0.9860723283787072	0.9851608457211979	0.9870623000625407	0.986682213249796	0.9870643365522903	0.9860840667295806	0.9859502675959156	0.9868695740183081	0.9869398596961639	0.986248732817742	0.986685705899292	0.9858813990928763	0.9860289607096048	0.9850179725378964	0.9853948258515254	0.9869492024011819	0.985819552345965	0.9854309124711759	0.986365451738403	0.9862708859209988
0.987948796544903	0.9876701059485603	0.9880501895386669	0.986591580381841	0.9874576186282827	0.9856603576433928	0.9859968087658189	0.9866019261742958	0.9866953438383652	0.9859888377839366	0.9850173536947225	1.0	0.9859914182617112	0.9873261492675179	0.9858001480992867	0.986720900409037	0.9866093652355952	0.9867254246157717	0.9854565713117648	0.9852596983774625	0.9862624455524776	0.9873025702469772	0.9862200068456523	0.9863971450918273	0.9867721350654829	0.9865328368187484	0.9846746793558541	0.9857258067607605	0.9869492024011819	0.9862827853142059	0.9860338688482333	0.9868318267211371	0.9867593760160368
0.9845111846662342	0.9845396072760968	0.9851696867346652	0.9837158342538401	0.984107217212176	0.9859445651929654	0.9828092768589005	0.9839636641369762	0.9858506581894794	0.9854564642518697	0.9863175329666555	0.9859914182617112	1.0	0.9840819784115203	0.9854723231566586	0.9856304925417644	0.9852815090646829	0.9847671835703126	0.9855356823239996	0.9841622714580076	0.9852165267613169	0.9836164469483433	0.9846047902512532	0.9833629105392554	0.9833374465525472	0.9835630770692435	0.984848079942276	0.9860172388753955	0.9839339439492972	0.9835459952190602	0.9843760811445319	0.9837638468532808	0.9847185498804044
0.9699299842341552	0.9855282357202343	0.9853254872040891	0.9808497823972422	0.9702348946138072	0.985872919773098	0.9796282335845496	0.9847687753632315	0.9864675528270027	0.9864956021777557	0.9860723283787072	0.9873261492675179	0.9840819784115203	1.0	0.986411382242291	0.9861007168167023	0.9852382103929326	0.9847687753632315	0.9857297405899598	0.9845315163121462	0.9734824368280355	0.9836261942063326	0.9846503602224465	0.9723781199939084	0.9790351152933482	0.9808497823972422	0.9843524395626994	0.9782151068488578	0.9724644155860849	0.9833187797982517	0.9857010297342964	0.9839307530622756	0.9850043318368269
0.9869547128152061	0.9861182857600462	0.9861242676157959	0.9851587189155302	0.9859744431359803	0.984493880215148	0.9847215636395955	0.9839775957445328	0.9854534426398276	0.984910470918498	0.9851608457211979	0.9858001480992867	0.9854723231566586	0.986411382242291	1.0	0.9851691452607709	0.9848261497273888	0.9850388134259195	0.9847622947379542	0.9837058931667616	0.9863603425421941	0.9858428080333421	0.9848257606731752	0.9845009773167829	0.9851304870848555	0.9852212084585259	0.9836846243986326	0.9847980514394725	0.9861651892579686	0.9846481805657391	0.9841022527157557	0.9851146747865377	0.9846844123510444
0.9869241152585126	0.9864909332309428	0.9860939724024481	0.9852116124089495	0.9858930674463777	0.9861584544395742	0.9848883246595286	0.9857044143005728	0.9862456133127613	0.9860126741124966	0.9870623000625407	0.986720900409037	0.9856304925417644	0.9861007168167023	0.9851691452607709	1.0	0.9982617345015445	0.9869321343441787	0.988905990540538	0.9881480065914373	0.9867248820937737	0.9865269723489429	0.985497289296055	0.9857490299645422	0.985961560241001	0.9857558157720908	0.9848679601453256	0.9849107759711545	0.9860907204471189	0.985349695738538	0.9858368798833623	0.9861526428656474	0.9856601401660309
0.9861497760638744	0.9855436443883975	0.9855746344446683	0.9844992612905561	0.9850680291008389	0.9860948595330016	0.984310322623455	0.9856323303493522	0.9859612461703845	0.9857971997993391	0.986682213249796	0.9866093652355952	0.9852815090646829	0.9852382103929326	0.9848261497273888	0.9982617345015445	1.0	0.9862780512286499	0.9891083195580057	0.9882176052328777	0.986164256172456	0.985874217307503	0.9853910335608697	0.9849150694349443	0.9852943072671575	0.98499742077528	0.9843296381748426	0.9841326615771984	0.9851581206105506	0.9849050146021545	0.9858867811388824	0.9856300114136118	0.985451524127513
0.9863995540817035	0.9857177719541091	0.9855746344446683	0.9851587189155302	0.986511859536823	0.9864577316251447	0.9838748053954539	0.9853800470013211	0.9863979471963334	0.9865472049556304	0.9870643365522903	0.9867254246157717	0.9847671835703126	0.9847687753632315	0.9850388134259195	0.9869321343441787	0.9862780512286499	1.0	0.9872689344055477	0.9862028936015104	0.9853679978405417	0.9863727259838521	0.9862028936015104	0.9850231784113567	0.9849245558311942	0.9843930865033781	0.9847254934133496	0.984190226676107	0.9849529480826333	0.9841120263748191	0.9858245059228217	0.9855990079821554	0.9854571081203564
0.9872894212167687	0.9871512390757757	0.9872113643187205	0.9862178285477753	0.987223715260354	0.9850884791831441	0.9855289062474148	0.9859868988173608	0.9865105981851545	0.98467298734154	0.9860840667295806	0.9854565713117648	0.9855356823239996	0.9857297405899598	0.9847622947379542	0.988905990540538	0.9891083195580057	0.9872689344055477	1.0	0.9990555028156322	0.9867490416581784	0.986955052736164	0.9857860772063393	0.9858754730542549	0.9859014577181406	0.9860108215056569	0.9843883559271757	0.9855607331294761	0.9863382965687606	0.9854913596670503	0.9857911463704452	0.9869808704793377	0.9860093049717633
0.9861811022981715	0.9862529259561537	0.9864106881782975	0.9849462887955716	0.9858114897537905	0.9849529480826333	0.9843291276279706	0.985079348189651	0.9853502614245293	0.984717294709244	0.9859502675959156	0.9852596983774625	0.9841622714580076	0.9845315163121462	0.9837058931667616	0.9881480065914373	0.9882176052328777	0.9862028936015104	0.9990555028156322	1.0	0.9852418205041915	0.9860776491336175	0.9848407494984966	0.9851524410685483	0.9848832141297731	0.984884952352332	0.9834206798471891	0.9844004387496643	0.9848240611031226	0.9843242856609064	0.9847131823528588	0.98584622013902	0.9850319550442691
0.9740391892083429	0.9859422517628078	0.9864091819428674	0.9810681366585088	0.9717411848945033	0.9871093219066917	0.9803715333427186	0.9852418205041915	0.9866522967392591	0.9858182649042571	0.9868695740183081	0.9862624455524776	0.9852165267613169	0.9734824368280355	0.9863603425421941	0.9867248820937737	0.986164256172456	0.9853679978405417	0.9867490416581784	0.9852418205041915	1.0	0.984396663120888	0.9859669931003594	0.9724017842935889	0.9776502505280598	0.9811541777091978	0.9842927250424258	0.98045942493914	0.9759142204258838	0.9845002730077934	0.986700704770205	0.9849880020606543	0.9862133875221963
0.9865856501787804	0.9863572614753563	0.9859839139639861	0.9845172597784191	0.9850401676885711	0.9866498506196902	0.9833754150136779	0.9859995550683012	0.9865115802313706	0.9869094525503688	0.9869398596961639	0.9873025702469772	0.9836164469483433	0.9836261942063326	0.9858428080333421	0.9865269723489429	0.985874217307503	0.9863727259838521	0.986955052736164	0.9860776491336175	0.984396663120888	1.0	0.9992122246847885	0.9849150694349443	0.9830105942193841	0.9843358554408388	0.985415817620109	0.9842859446130628	0.9843820207351467	0.9845611543362686	0.9867722714976251	0.9863727259838521	0.9862488057638035
0.9874705646477151	0.9861632271267928	0.9861847744075072	0.9853522466560815	0.9859744431359803	0.9853315807357744	0.984102753042101	0.9847807530902173	0.9857026845389026	0.9856401513092131	0.986248732817742	0.9862200068456523	0.9846047902512532	0.9846503602224465	0.9848257606731752	0.985497289296055	0.9853910335608697	0.9862028936015104	0.9857860772063393	0.9848407494984966	0.9859669931003594	0.9992122246847885	1.0	0.9852168820849412	0.9841300181224367	0.9853510504625023	0.9840367549850711	0.985450221433366	0.9859412747488353	0.9856324152940875	0.9856547730981234	0.9866670948057734	0.985598217352141
0.9737197844682143	0.9847848669831615	0.9850663225281096	0.9802693947632899	0.9738109367617119	0.9861894686820754	0.9780759231369868	0.9852597726198211	0.9858754730542549	0.9863764363838186	0.986685705899292	0.9863971450918273	0.9833629105392554	0.9723781199939084	0.9845009773167829	0.9857490299645422	0.9849150694349443	0.9850231784113567	0.9858754730542549	0.9851524410685483	0.9724017842935889	0.9849150694349443	0.9852168820849412	1.0	0.9749988294347476	0.9786054552965885	0.9850447575560153	0.9785265715098234	0.9720269082209537	0.9822779248501483	0.9855159462424569	0.9843470903437683	0.984893404855569
0.9786461004033654	0.9849038914879822	0.985253428768923	0.9810476906213903	0.9778711898891818	0.9860215530520668	0.978585445480855	0.9840664643383573	0.9849038914879822	0.985212499325387	0.9858813990928763	0.9867721350654829	0.9833374465525472	0.9790351152933482	0.9851304870848555	0.985961560241001	0.9852943072671575	0.9849245558311942	0.9859014577181406	0.9848832141297731	0.9776502505280598	0.9830105942193841	0.9841300181224367	0.9749988294347476	1.0	0.9803187968395769	0.9838750607900741	0.9781563897097708	0.9779523297250377	0.9829228801816947	0.9849452071760556	0.9833157575171945	0.9842778332186461
0.9808186767039435	0.9850348247980035	0.9858471165734619	0.9807477300170346	0.9805035472956131	0.9860652091129323	0.9789523300960273	0.9846777541417051	0.9853880540925088	0.9861375862146715	0.9860289607096048	0.9865328368187484	0.9835630770692435	0.9808497823972422	0.9852212084585259	0.9857558157720908	0.98499742077528	0.9843930865033781	0.9860108215056569	0.984884952352332	0.9811541777091978	0.9843358554408388	0.9853510504625023	0.9786054552965885	0.9803187968395769	1.0	0.9844502179199742	0.9783388752243583	0.9800801228317418	0.9835630770692435	0.9850721862597204	0.9844882503461544	0.9848473770951103
0.9853567551461906	0.9846153381962047	0.9847009399318051	0.9841735888190707	0.9847321214446112	0.9840383773951374	0.983452741157414	0.9831065993344468	0.9839785341613771	0.9841300367037189	0.9850179725378964	0.9846746793558541	0.984848079942276	0.9843524395626994	0.9836846243986326	0.9848679601453256	0.9843296381748426	0.9847254934133496	0.9843883559271757	0.9834206798471891	0.9842927250424258	0.985415817620109	0.9840367549850711	0.9850447575560153	0.9838750607900741	0.9844502179199742	1.0	0.9859264436574577	0.9844081885823577	0.9837330927011361	0.9834674129783869	0.9845591209854496	0.9832244665370607
0.9796550596475931	0.9839786589420378	0.9844765468277878	0.9800253627861412	0.9794627172761419	0.9850044183191927	0.9785102128253721	0.9842285473686289	0.9853948258515254	0.9851909056140311	0.9853948258515254	0.9857258067607605	0.9860172388753955	0.9782151068488578	0.9847980514394725	0.9849107759711545	0.9841326615771984	0.984190226676107	0.9855607331294761	0.9844004387496643	0.98045942493914	0.9842859446130628	0.985450221433366	0.9785265715098234	0.9781563897097708	0.9783388752243583	0.9859264436574577	1.0	0.9796292134083282	0.9829795139493149	0.9853763398773466	0.9836489824058249	0.9843050547356563
0.972883724832037	0.9850556946003527	0.9866818008004377	0.9826622967929829	0.9731355911181074	0.9859412747488353	0.9806131256264693	0.9852602281396059	0.9863136226889371	0.9859662296027997	0.9869492024011819	0.9869492024011819	0.9839339439492972	0.9724644155860849	0.9861651892579686	0.9860907204471189	0.9851581206105506	0.9849529480826333	0.9863382965687606	0.9848240611031226	0.9759142204258838	0.9843820207351467	0.9859412747488353	0.9720269082209537	0.9779523297250377	0.9800801228317418	0.9844081885823577	0.9796292134083282	1.0	0.9835334336556336	0.9858162154444572	0.9844343355781382	0.984927211134583
0.9850341077302158	0.9849210002061823	0.9847286572810149	0.9830640479404131	0.9840210733203266	0.985819552345965	0.9824528958535315	0.9842591212557628	0.9856480508224218	0.9857884367575197	0.985819552345965	0.9862827853142059	0.9835459952190602	0.9833187797982517	0.9846481805657391	0.985349695738538	0.9849050146021545	0.9841120263748191	0.9854913596670503	0.9843242856609064	0.9845002730077934	0.9845611543362686	0.9856324152940875	0.9822779248501483	0.9829228801816947	0.9835630770692435	0.9837330927011361	0.9829795139493149	0.9835334336556336	1.0	0.9851915714143937	0.9840792488597074	0.9846642917019662
0.9873801175533327	0.9862529259561537	0.986260251618323	0.9853697836712563	0.9856203504804918	0.9849051348237124	0.9841783849300509	0.985094186850906	0.9857610559224467	0.9854598769935607	0.9854309124711759	0.9860338688482333	0.9843760811445319	0.9857010297342964	0.9841022527157557	0.9858368798833623	0.9858867811388824	0.9858245059228217	0.9857911463704452	0.9847131823528588	0.986700704770205	0.9867722714976251	0.9856547730981234	0.9855159462424569	0.9849452071760556	0.9850721862597204	0.9834674129783869	0.9853763398773466	0.9858162154444572	0.9851915714143937	1.0	0.9862440154013317	0.9852566473422535
0.9859611891007187	0.9856455021648792	0.9851775721988537	0.9838630119906635	0.9848725008883992	0.9859844640108514	0.9838938616579935	0.9852246663264052	0.9857691659502498	0.9860915864346476	0.986365451738403	0.9868318267211371	0.9837638468532808	0.9839307530622756	0.9851146747865377	0.9861526428656474	0.9856300114136118	0.9855990079821554	0.9869808704793377	0.98584622013902	0.9849880020606543	0.9863727259838521	0.9866670948057734	0.9843470903437683	0.9833157575171945	0.9844882503461544	0.9845591209854496	0.9836489824058249	0.9844343355781382	0.9840792488597074	0.9862440154013317	1.0	0.9856764617735033
0.9860556178370774	0.9853754076782852	0.9862753262880983	0.985317144509856	0.9854831383913487	0.9853014019063308	0.9838557380536912	0.9847147799471424	0.985598217352141	0.9860093049717633	0.9862708859209988	0.9867593760160368	0.9847185498804044	0.9850043318368269	0.9846844123510444	0.9856601401660309	0.985451524127513	0.9854571081203564	0.9860093049717633	0.9850319550442691	0.9862133875221963	0.9862488057638035	0.985598217352141	0.984893404855569	0.9842778332186461	0.9848473770951103	0.9832244665370607	0.9843050547356563	0.984927211134583	0.9846642917019662	0.9852566473422535	0.9856764617735033	1.0
