/home/jshaw/scratch/2022_sketched_distance/references/SGB_genome_fastas_part2/2135/Bengtsson-PalmeJ_2015__TRAVELRES25__bin.101.fa	/home/jshaw/scratch/2022_sketched_distance/references/SGB_genome_fastas_part2/2135/Bengtsson-PalmeJ_2015__TRAVELRES26__bin.27.fa	/home/jshaw/scratch/2022_sketched_distance/references/SGB_genome_fastas_part2/2135/Bengtsson-PalmeJ_2015__TRAVELRES35__bin.40.fa	/home/jshaw/scratch/2022_sketched_distance/references/SGB_genome_fastas_part2/2135/Bengtsson-PalmeJ_2015__TRAVELRES36__bin.41.fa	/home/jshaw/scratch/2022_sketched_distance/references/SGB_genome_fastas_part2/2135/Bengtsson-PalmeJ_2015__TRAVELRES45__bin.45.fa	/home/jshaw/scratch/2022_sketched_distance/references/SGB_genome_fastas_part2/2135/Bengtsson-PalmeJ_2015__TRAVELRES46__bin.143.fa	/home/jshaw/scratch/2022_sketched_distance/references/SGB_genome_fastas_part2/2135/Bengtsson-PalmeJ_2015__TRAVELRES60__bin.35.fa	/home/jshaw/scratch/2022_sketched_distance/references/SGB_genome_fastas_part2/2135/Bengtsson-PalmeJ_2015__TRAVELRES65__bin.58.fa	/home/jshaw/scratch/2022_sketched_distance/references/SGB_genome_fastas_part2/2135/Bengtsson-PalmeJ_2015__TRAVELRES66__bin.105.fa	/home/jshaw/scratch/2022_sketched_distance/references/SGB_genome_fastas_part2/2135/FengQ_2015__SID31874__bin.19.fa	/home/jshaw/scratch/2022_sketched_distance/references/SGB_genome_fastas_part2/2135/FengQ_2015__SID530623__bin.43.fa	/home/jshaw/scratch/2022_sketched_distance/references/SGB_genome_fastas_part2/2135/HeQ_2017__SZAXPI029490-88__bin.96.fa	/home/jshaw/scratch/2022_sketched_distance/references/SGB_genome_fastas_part2/2135/KarlssonFH_2013__S54__bin.3.fa	/home/jshaw/scratch/2022_sketched_distance/references/SGB_genome_fastas_part2/2135/KarlssonFH_2013__S77__bin.4.fa	/home/jshaw/scratch/2022_sketched_distance/references/SGB_genome_fastas_part2/2135/QinN_2014__HD-35__bin.31.fa	/home/jshaw/scratch/2022_sketched_distance/references/SGB_genome_fastas_part2/2135/QinN_2014__HD-36__bin.36.fa	/home/jshaw/scratch/2022_sketched_distance/references/SGB_genome_fastas_part2/2135/QinN_2014__HD-47__bin.27.fa	/home/jshaw/scratch/2022_sketched_distance/references/SGB_genome_fastas_part2/2135/SchirmerM_2016__G88838__bin.26.fa	/home/jshaw/scratch/2022_sketched_distance/references/SGB_genome_fastas_part2/2135/VogtmannE_2016__MMRS11932626ST-27-0-0__bin.20.fa	/home/jshaw/scratch/2022_sketched_distance/references/SGB_genome_fastas_part2/2135/VogtmannE_2016__MMRS66868025ST-27-0-0__bin.44.fa	/home/jshaw/scratch/2022_sketched_distance/references/SGB_genome_fastas_part2/2135/XieH_2016__YSZC12003_35520__bin.27.fa	/home/jshaw/scratch/2022_sketched_distance/references/SGB_genome_fastas_part2/2135/XieH_2016__YSZC12003_35837__bin.7.fa	/home/jshaw/scratch/2022_sketched_distance/references/SGB_genome_fastas_part2/2135/YuJ_2015__SZAXPI015222-123__bin.14.fa	/home/jshaw/scratch/2022_sketched_distance/references/SGB_genome_fastas_part2/2135/YuJ_2015__SZAXPI015235-21__bin.73.fa	/home/jshaw/scratch/2022_sketched_distance/references/SGB_genome_fastas_part2/2135/YuJ_2015__SZAXPI017591-140__bin.22.fa	/home/jshaw/scratch/2022_sketched_distance/references/SGB_genome_fastas_part2/2135/ZeeviD_2015__PNP_Main_133__bin.53.fa	/home/jshaw/scratch/2022_sketched_distance/references/SGB_genome_fastas_part2/2135/ZeeviD_2015__PNP_Main_231__bin.42.fa	/home/jshaw/scratch/2022_sketched_distance/references/SGB_genome_fastas_part2/2135/ZeeviD_2015__PNP_Main_38__bin.43.fa	/home/jshaw/scratch/2022_sketched_distance/references/SGB_genome_fastas_part2/2135/ZeeviD_2015__PNP_Main_39__bin.62.fa	/home/jshaw/scratch/2022_sketched_distance/references/SGB_genome_fastas_part2/2135/ZeeviD_2015__PNP_Main_415__bin.82.fa	/home/jshaw/scratch/2022_sketched_distance/references/SGB_genome_fastas_part2/2135/ZeeviD_2015__PNP_Main_470__bin.24.fa	/home/jshaw/scratch/2022_sketched_distance/references/SGB_genome_fastas_part2/2135/ZeeviD_2015__PNP_Main_481__bin.39.fa	/home/jshaw/scratch/2022_sketched_distance/references/SGB_genome_fastas_part2/2135/ZeeviD_2015__PNP_Main_97__bin.31.fa	/home/jshaw/scratch/2022_sketched_distance/references/SGB_genome_fastas_part2/2135/ZellerG_2014__CCIS81139242ST-4-0__bin.51.fa	/home/jshaw/scratch/2022_sketched_distance/references/SGB_genome_fastas_part2/2135/ZellerG_2014__CCIS90443472ST-4-0__bin.5.fa	/home/jshaw/scratch/2022_sketched_distance/references/SGB_genome_fastas_part2/2135/ZellerG_2014__CCMD42428553ST-21-0__bin.23.fa
1.0	0.9946025059099144	0.9881431726345385	0.988074349744941	0.9876512405086232	0.9877303413264796	0.9881611244773173	0.9912315317090042	0.9910273030097736	0.9817618844932721	0.9877342350525131	0.9897815995103596	0.9871121716502602	0.9868185022277214	0.9895324880137428	0.9879865010849774	0.9853970786336365	0.9803692700485178	0.9866501230508059	0.9864539119133203	0.9872269668024811	0.9859680916051055	0.9896419727871187	0.9795982591732565	0.9804107806836562	0.9834829990739182	0.9846211301966592	0.9801317648919997	0.9768347120999545	0.980284798525646	0.9862995851735077	0.9796088662338859	0.9849669446754971	0.9862305066489511	0.9852553057607628	0.976295850924626
0.9946025059099144	1.0	0.9827317336177982	0.9827062471680402	0.9817614610963422	0.9818967913108694	0.9827643837702753	0.9878005867100579	0.9855795852066472	0.9787805718995429	0.9808246450580627	0.9862589870249346	0.9869728056048279	0.9816696310791977	0.9855763155286111	0.9867484586842941	0.9822431086366465	0.9733287931478115	0.9838511672740836	0.9841915686079065	0.9833479816355288	0.9816876375658452	0.9838231400556984	0.9738956094468472	0.9747902015539004	0.979133041541048	0.9842709970222135	0.9747021502255653	0.9727578971708968	0.975540425152123	0.9809728612887039	0.9791563869330033	0.9787312762975596	0.9801288736918968	0.9794437548726115	0.9819360714812736
0.9881431726345385	0.9827317336177982	1.0	0.9994864355088657	0.9876863340280334	0.9876908950676383	0.9993544640967427	0.9885709378519005	0.9875536176646501	0.9853638249451094	0.9934851494337266	0.9880440568725456	0.986807565951537	0.9866344554637003	0.9871281244692848	0.9850755257315128	0.9838212493274924	0.9788216029817789	0.98701291559938	0.9889377549959485	0.9919555310988211	0.9881151979953677	0.9863225219144123	0.9775073197124033	0.9796028620178	0.9822686909186424	0.981976183802019	0.9782810593112335	0.9754876020250562	0.9793000099270559	0.9874711472894678	0.9783394411412066	0.9844082530358859	0.9872725961117113	0.9875006526424142	0.9757953076854805
0.988074349744941	0.9827062471680402	0.9994864355088657	1.0	0.9876609157468417	0.9876652653357751	0.9994171769699531	0.9885938085035285	0.9875855709105122	0.9850846767892008	0.9933147692439005	0.9879522858314055	0.9867878924864452	0.9864386229843103	0.9870199232227475	0.9850516917263645	0.9835685400365136	0.9785789216531545	0.9868831541915107	0.9888973745265051	0.9918701005007454	0.9881235469241619	0.9861560781946147	0.9770873205676642	0.9794869844092128	0.9821543452686937	0.9817888273136032	0.9783555968836549	0.9753846639861622	0.9790909920533896	0.9874469064099274	0.9782782794718953	0.9842450524557749	0.9871947313080276	0.9875143274203738	0.9755327776925424
0.9876512405086232	0.9817614610963422	0.9876863340280334	0.9876609157468417	1.0	0.999640692203668	0.9875710477512111	0.9863988667634597	0.9878914212947879	0.9846071212719295	0.9874873378266023	0.9863758837427505	0.9868745588786944	0.9859684497974224	0.986060558360587	0.9834251999960135	0.9822835341679319	0.9815245655434653	0.986696075255437	0.9883956213677099	0.9867288520919199	0.9883258184622636	0.9872922033248233	0.9757729328233572	0.9811851963157877	0.9828146472327018	0.9801707847222787	0.9806540686599943	0.9765097146642772	0.981142004961142	0.989599895008185	0.9788514682524427	0.9878916163937842	0.9902155541764183	0.9897041011598733	0.9763570607700015
0.9877303413264796	0.9818967913108694	0.9876908950676383	0.9876652653357751	0.999640692203668	1.0	0.9875748382956008	0.9864733972331594	0.9879853157504144	0.9847089080096536	0.9875459221021584	0.9864531214911381	0.9869362217239268	0.9861121189341733	0.986180401844051	0.9834893941109621	0.9824023675023001	0.9816672953365206	0.986756447664757	0.9884445859794981	0.9867473778217635	0.9882975177313366	0.9872401154985371	0.9757981204317029	0.9812568118775388	0.9828966150658066	0.9802236196683923	0.9806541814142127	0.976628433799173	0.9812454709126838	0.9895101550837707	0.9789179130678034	0.9879518171990173	0.9902017060810723	0.9896871634831943	0.9764198709750131
0.9881611244773173	0.9827643837702753	0.9993544640967427	0.9994171769699531	0.9875710477512111	0.9875748382956008	1.0	0.988568991673428	0.9875529680042322	0.9852909996557792	0.9932994415563998	0.9880427038253116	0.9869178785421854	0.9866349740414492	0.9870416671711192	0.9849415375988676	0.9835025788639796	0.9787552082629463	0.9868382203948847	0.9889352087073385	0.991764949913303	0.988055388359477	0.9861489125397433	0.9768787516541985	0.97948812073225	0.9821547529258009	0.981756830753287	0.9782673510720089	0.975507901603844	0.9791164410199173	0.9875496097604484	0.9783246283138707	0.9842202363029916	0.9871963166203009	0.9874632503799997	0.9757439175693963
0.9912315317090042	0.9878005867100579	0.9885709378519005	0.9885938085035285	0.9863988667634597	0.9864733972331594	0.988568991673428	1.0	0.9979185893182172	0.98243538745566	0.9868824099912809	0.989894260033964	0.9878441023829264	0.9862712557081917	0.9905960549756846	0.9889140873759266	0.9856848183534512	0.9789682471597626	0.9878880599725404	0.9877076844513182	0.9881845535209538	0.9859635280691756	0.9892396995344296	0.9799805940369111	0.9792124717540712	0.9828246384067943	0.9857366447224173	0.9795844370938736	0.976473502890937	0.9792571040460575	0.9853339763963421	0.9794125840454188	0.9843284389482859	0.9848472879326899	0.9843360324384406	0.9770779077576779
0.9910273030097736	0.9855795852066472	0.9875536176646501	0.9875855709105122	0.9878914212947879	0.9879853157504144	0.9875529680042322	0.9979185893182172	1.0	0.9803538044596899	0.9881496263562396	0.9890141973836726	0.9857361712956036	0.9859852549217766	0.9892793069096548	0.9868469594924186	0.9838289094495257	0.9808338999860906	0.9858543621587881	0.9857738750872	0.9868276245080925	0.9846322316637552	0.9906840855190049	0.978015869889609	0.9806187581119521	0.9814508265290425	0.9835877678047356	0.9783194936565018	0.974642706466851	0.9795923835662999	0.9867377339329142	0.9773128350498007	0.9852675281327745	0.9867614702109538	0.985817476621171	0.9745352123109532
0.9817618844932721	0.9787805718995429	0.9853638249451094	0.9850846767892008	0.9846071212719295	0.9847089080096536	0.9852909996557792	0.98243538745566	0.9803538044596899	1.0	0.983754682548165	0.9823494022297038	0.9836880976397419	0.9815179976834946	0.9824192197343533	0.9804205603311813	0.9807208036652838	0.9746642702030126	0.9835803104839551	0.9883278358423216	0.985472136625809	0.989350742967767	0.9788842738541729	0.9757711477825294	0.9740738300858297	0.978460528123791	0.9795483588573113	0.9760648574027899	0.9748994283784786	0.975933190047659	0.9849127635796514	0.97457714485429	0.9800663291627296	0.9853696425737585	0.9883259209479128	0.9756938223469783
0.9877342350525131	0.9808246450580627	0.9934851494337266	0.9933147692439005	0.9874873378266023	0.9875459221021584	0.9932994415563998	0.9868824099912809	0.9881496263562396	0.983754682548165	1.0	0.9868169482228555	0.9851694342943974	0.9861067126514359	0.9861118763024475	0.9831006605754457	0.982155901463709	0.9792105406908698	0.9858622730035476	0.986978109632838	0.9906990057845773	0.9876866459679389	0.9866213428176357	0.9753806959468246	0.9788098696354004	0.9807690452615346	0.9803731102373776	0.9779653218417926	0.9738003309774442	0.9789478737385262	0.988214407396337	0.9759917352691757	0.9850565880003544	0.9875099589207998	0.9875283287658859	0.9740747644576375
0.9897815995103596	0.9862589870249346	0.9880440568725456	0.9879522858314055	0.9863758837427505	0.9864531214911381	0.9880427038253116	0.989894260033964	0.9890141973836726	0.9823494022297038	0.9868169482228555	1.0	0.9882713547537141	0.9867700260748666	0.9888407755706404	0.9886577462236859	0.9864995820081851	0.9801067920092571	0.9862056142413259	0.9873439490037256	0.9884849084714797	0.9845289645739189	0.9881792369543035	0.9795370374466991	0.9800041607444869	0.9832972762851335	0.9855970540302071	0.979830247110886	0.9773916314872686	0.9801615630255528	0.9852457666403182	0.9802819297593296	0.9840476589375989	0.9848486097529349	0.9840271361846995	0.9775414103530337
0.9871121716502602	0.9869728056048279	0.986807565951537	0.9867878924864452	0.9868745588786944	0.9869362217239268	0.9869178785421854	0.9878441023829264	0.9857361712956036	0.9836880976397419	0.9851694342943974	0.9882713547537141	1.0	0.9860111006461688	0.986796735106217	0.9869597692818608	0.9841484134753086	0.9770491969164936	0.9885914203739695	0.9890080559908005	0.9874142175954306	0.9854552256753885	0.9842780015571236	0.9760376588848908	0.9771085228754397	0.9822240269718719	0.9838655562874064	0.9785231839620566	0.9763207570676845	0.9778963300148298	0.9850622045244526	0.9801362388133414	0.9851642232560613	0.9845261903396567	0.983914485561643	0.9806962106362636
0.9868185022277214	0.9816696310791977	0.9866344554637003	0.9864386229843103	0.9859684497974224	0.9861121189341733	0.9866349740414492	0.9862712557081917	0.9859852549217766	0.9815179976834946	0.9861067126514359	0.9867700260748666	0.9860111006461688	1.0	0.9863289313662245	0.9840870669718764	0.9838623677349052	0.9773360263940106	0.9847896056091124	0.9855178425088771	0.986735500022424	0.9836783220318371	0.9854504092153485	0.9765839193507606	0.9773898649242305	0.9806396269137767	0.9832781114391353	0.977439956059288	0.9758771654595277	0.9782097182113993	0.9842645786469226	0.9759488786743046	0.9826865146867079	0.9830204675461752	0.9831173252183337	0.9743392725243933
0.9895324880137428	0.9855763155286111	0.9871281244692848	0.9870199232227475	0.986060558360587	0.986180401844051	0.9870416671711192	0.9905960549756846	0.9892793069096548	0.9824192197343533	0.9861118763024475	0.9888407755706404	0.986796735106217	0.9863289313662245	1.0	0.9869754884424601	0.9862370211353998	0.9791742817589102	0.9862693248284017	0.9865928298655419	0.9872897639373369	0.9845465106723217	0.9883533474784604	0.9784295203057262	0.9791904026842101	0.982284127918116	0.9850251184273419	0.9784183882887966	0.97643074228038	0.9792358397886362	0.9846527240735724	0.9784011152033261	0.9830013051970373	0.9842900371375807	0.983097403014168	0.9761692542908035
0.9879865010849774	0.9867484586842941	0.9850755257315128	0.9850516917263645	0.9834251999960135	0.9834893941109621	0.9849415375988676	0.9889140873759266	0.9868469594924186	0.9804205603311813	0.9831006605754457	0.9886577462236859	0.9869597692818608	0.9840870669718764	0.9869754884424601	1.0	0.9844114309030155	0.9758031422262192	0.9855223610558741	0.9860665537337416	0.9855606171051782	0.982397280261248	0.986195345117502	0.9785420316083806	0.9763794213235665	0.9800433115168589	0.9852899623057169	0.9759727977134777	0.9743172236434835	0.9772427586572194	0.9817647254520079	0.9780462170226025	0.9805266537719235	0.981824974007261	0.980752652039254	0.9758150428301845
0.9853970786336365	0.9822431086366465	0.9838212493274924	0.9835685400365136	0.9822835341679319	0.9824023675023001	0.9835025788639796	0.9856848183534512	0.9838289094495257	0.9807208036652838	0.982155901463709	0.9864995820081851	0.9841484134753086	0.9838623677349052	0.9862370211353998	0.9844114309030155	1.0	0.9747248590677904	0.9846315675919888	0.9834873615086179	0.9841727821871261	0.9809090105229823	0.9830682748682853	0.9774884674824752	0.9751180473159187	0.9788485266274405	0.9843185614363679	0.97471909070979	0.9748114720925593	0.9758402512148454	0.980162870289358	0.976278187923794	0.97879619031061	0.9800485459319089	0.9787687810654656	0.9740680609907204
0.9803692700485178	0.9733287931478115	0.9788216029817789	0.9785789216531545	0.9815245655434653	0.9816672953365206	0.9787552082629463	0.9789682471597626	0.9808338999860906	0.9746642702030126	0.9792105406908698	0.9801067920092571	0.9770491969164936	0.9773360263940106	0.9791742817589102	0.9758031422262192	0.9747248590677904	1.0	0.9780443957848127	0.9791390022979358	0.9786868102890294	0.9778425297961522	0.9804672345069742	0.9703371967787935	0.9807045038064697	0.9812763919633096	0.9732474785058726	0.9810822882098671	0.9769135722679825	0.9809762247106323	0.9805231202588125	0.9787854849826649	0.9806990776646808	0.9810065724160086	0.9794026226689287	0.9737993031204137
0.9866501230508059	0.9838511672740836	0.98701291559938	0.9868831541915107	0.986696075255437	0.986756447664757	0.9868382203948847	0.9878880599725404	0.9858543621587881	0.9835803104839551	0.9858622730035476	0.9862056142413259	0.9885914203739695	0.9847896056091124	0.9862693248284017	0.9855223610558741	0.9846315675919888	0.9780443957848127	1.0	0.9882598965644532	0.9871942608421198	0.9857165250566076	0.9850087121751966	0.9791367660366568	0.9775242445012927	0.9814354323837327	0.9828201371813251	0.9783942934386869	0.976314354869339	0.9791569364879096	0.9845362881349978	0.9786153979583424	0.984091815194901	0.9849153257349232	0.9841115805500263	0.9778608131659219
0.9864539119133203	0.9841915686079065	0.9889377549959485	0.9888973745265051	0.9883956213677099	0.9884445859794981	0.9889352087073385	0.9877076844513182	0.9857738750872	0.9883278358423216	0.986978109632838	0.9873439490037256	0.9890080559908005	0.9855178425088771	0.9865928298655419	0.9860665537337416	0.9834873615086179	0.9791390022979358	0.9882598965644532	1.0	0.9897253076421265	0.9901346905054794	0.9848274374972343	0.9770610915979737	0.9791025697420943	0.9830490008499075	0.9836939289629257	0.9801857932641305	0.9781899035744308	0.9794031895530427	0.9883607481426528	0.9808671636656572	0.985233260889081	0.9893875766108389	0.9893805761952071	0.9803857056748317
0.9872269668024811	0.9833479816355288	0.9919555310988211	0.9918701005007454	0.9867288520919199	0.9867473778217635	0.991764949913303	0.9881845535209538	0.9868276245080925	0.985472136625809	0.9906990057845773	0.9884849084714797	0.9874142175954306	0.986735500022424	0.9872897639373369	0.9855606171051782	0.9841727821871261	0.9786868102890294	0.9871942608421198	0.9897253076421265	1.0	0.988417404165037	0.9852181692636975	0.9782200644831853	0.9784981101335855	0.9821709166914693	0.9831620305815324	0.9783984673169877	0.975647721195193	0.9792914334955803	0.9867825815272971	0.9789655455449342	0.9839993687796377	0.9863448281033528	0.9866489498727292	0.977987498419708
0.9859680916051055	0.9816876375658452	0.9881151979953677	0.9881235469241619	0.9883258184622636	0.9882975177313366	0.988055388359477	0.9859635280691756	0.9846322316637552	0.989350742967767	0.9876866459679389	0.9845289645739189	0.9854552256753885	0.9836783220318371	0.9845465106723217	0.982397280261248	0.9809090105229823	0.9778425297961522	0.9857165250566076	0.9901346905054794	0.988417404165037	1.0	0.9836382633157323	0.9751841017503747	0.97795943334858	0.9809733769998563	0.9797847699566543	0.9797158400886957	0.9758402333862115	0.9776744055900872	0.9890018149877828	0.9774277147634964	0.9840541328619528	0.9904116743219953	0.9954498923556738	0.9764189947952722
0.9896419727871187	0.9838231400556984	0.9863225219144123	0.9861560781946147	0.9872922033248233	0.9872401154985371	0.9861489125397433	0.9892396995344296	0.9906840855190049	0.9788842738541729	0.9866213428176357	0.9881792369543035	0.9842780015571236	0.9854504092153485	0.9883533474784604	0.986195345117502	0.9830682748682853	0.9804672345069742	0.9850087121751966	0.9848274374972343	0.9852181692636975	0.9836382633157323	1.0	0.9765792391036829	0.9802569038307659	0.980685820659389	0.9826730570846373	0.9781097567470389	0.9741450370595108	0.9789572042259946	0.9858367687988082	0.9764309573881818	0.9837589178395946	0.9861744584254792	0.9851208956964742	0.9727050381597027
0.9795982591732565	0.9738956094468472	0.9775073197124033	0.9770873205676642	0.9757729328233572	0.9757981204317029	0.9768787516541985	0.9799805940369111	0.978015869889609	0.9757711477825294	0.9753806959468246	0.9795370374466991	0.9760376588848908	0.9765839193507606	0.9784295203057262	0.9785420316083806	0.9774884674824752	0.9703371967787935	0.9791367660366568	0.9770610915979737	0.9782200644831853	0.9751841017503747	0.9765792391036829	1.0	0.9695632222409388	0.9725315469868392	0.9762382302963237	0.9703914862460075	0.9675093323345372	0.9689731981252679	0.9746149797028085	0.966808945740023	0.973530851041717	0.9745101367692487	0.9726062500100252	0.9674011195748351
0.9804107806836562	0.9747902015539004	0.9796028620178	0.9794869844092128	0.9811851963157877	0.9812568118775388	0.97948812073225	0.9792124717540712	0.9806187581119521	0.9740738300858297	0.9788098696354004	0.9800041607444869	0.9771085228754397	0.9773898649242305	0.9791904026842101	0.9763794213235665	0.9751180473159187	0.9807045038064697	0.9775242445012927	0.9791025697420943	0.9784981101335855	0.97795943334858	0.9802569038307659	0.9695632222409388	1.0	0.9798008311016543	0.9738657661986695	0.9782883325781647	0.9745242595318017	0.9795699324793112	0.9799152266922361	0.9782075755681098	0.9800114260851303	0.9799003534509375	0.9791828745618207	0.9708255769528618
0.9834829990739182	0.979133041541048	0.9822686909186424	0.9821543452686937	0.9828146472327018	0.9828966150658066	0.9821547529258009	0.9828246384067943	0.9814508265290425	0.978460528123791	0.9807690452615346	0.9832972762851335	0.9822240269718719	0.9806396269137767	0.982284127918116	0.9800433115168589	0.9788485266274405	0.9812763919633096	0.9814354323837327	0.9830490008499075	0.9821709166914693	0.9809733769998563	0.980685820659389	0.9725315469868392	0.9798008311016543	1.0	0.9783511757265622	0.9801853376105679	0.9771012864852716	0.9875748382956008	0.9812204633345928	0.9808416806580406	0.981333378366648	0.9809352825778214	0.9802800299118936	0.9752709023273486
0.9846211301966592	0.9842709970222135	0.981976183802019	0.9817888273136032	0.9801707847222787	0.9802236196683923	0.981756830753287	0.9857366447224173	0.9835877678047356	0.9795483588573113	0.9803731102373776	0.9855970540302071	0.9838655562874064	0.9832781114391353	0.9850251184273419	0.9852899623057169	0.9843185614363679	0.9732474785058726	0.9828201371813251	0.9836939289629257	0.9831620305815324	0.9797847699566543	0.9826730570846373	0.9762382302963237	0.9738657661986695	0.9783511757265622	1.0	0.9737885163082848	0.973874566284401	0.9747662743957529	0.9796453749232044	0.9751194889214303	0.9784532912913113	0.9782118275306602	0.9778741619630493	0.9749057641603732
0.9801317648919997	0.9747021502255653	0.9782810593112335	0.9783555968836549	0.9806540686599943	0.9806541814142127	0.9782673510720089	0.9795844370938736	0.9783194936565018	0.9760648574027899	0.9779653218417926	0.979830247110886	0.9785231839620566	0.977439956059288	0.9784183882887966	0.9759727977134777	0.97471909070979	0.9810822882098671	0.9783942934386869	0.9801857932641305	0.9783984673169877	0.9797158400886957	0.9781097567470389	0.9703914862460075	0.9782883325781647	0.9801853376105679	0.9737885163082848	1.0	0.9924826196457317	0.9770254178513393	0.9787456172052316	0.9786307530851736	0.9791947235861009	0.9781242988034291	0.9782034320876494	0.9724323088851781
0.9768347120999545	0.9727578971708968	0.9754876020250562	0.9753846639861622	0.9765097146642772	0.976628433799173	0.975507901603844	0.976473502890937	0.974642706466851	0.9748994283784786	0.9738003309774442	0.9773916314872686	0.9763207570676845	0.9758771654595277	0.97643074228038	0.9743172236434835	0.9748114720925593	0.9769135722679825	0.976314354869339	0.9781899035744308	0.975647721195193	0.9758402333862115	0.9741450370595108	0.9675093323345372	0.9745242595318017	0.9771012864852716	0.973874566284401	0.9924826196457317	1.0	0.9741968157437396	0.9745897574884995	0.9761569651026585	0.976259911241727	0.9744979458334385	0.9745136919903821	0.9688388952585413
0.980284798525646	0.975540425152123	0.9793000099270559	0.9790909920533896	0.981142004961142	0.9812454709126838	0.9791164410199173	0.9792571040460575	0.9795923835662999	0.975933190047659	0.9789478737385262	0.9801615630255528	0.9778963300148298	0.9782097182113993	0.9792358397886362	0.9772427586572194	0.9758402512148454	0.9809762247106323	0.9791569364879096	0.9794031895530427	0.9792914334955803	0.9776744055900872	0.9789572042259946	0.9689731981252679	0.9795699324793112	0.9875748382956008	0.9747662743957529	0.9770254178513393	0.9741968157437396	1.0	0.9793583934999285	0.9778031894468063	0.9797163230684443	0.9796264468645719	0.9785068303208544	0.9726753649126613
0.9862995851735077	0.9809728612887039	0.9874711472894678	0.9874469064099274	0.989599895008185	0.9895101550837707	0.9875496097604484	0.9853339763963421	0.9867377339329142	0.9849127635796514	0.988214407396337	0.9852457666403182	0.9850622045244526	0.9842645786469226	0.9846527240735724	0.9817647254520079	0.980162870289358	0.9805231202588125	0.9845362881349978	0.9883607481426528	0.9867825815272971	0.9890018149877828	0.9858367687988082	0.9746149797028085	0.9799152266922361	0.9812204633345928	0.9796453749232044	0.9787456172052316	0.9745897574884995	0.9793583934999285	1.0	0.9766366862510827	0.9852825193529233	0.9905094806390092	0.9901309019171285	0.9760920339102525
0.9796088662338859	0.9791563869330033	0.9783394411412066	0.9782782794718953	0.9788514682524427	0.9789179130678034	0.9783246283138707	0.9794125840454188	0.9773128350498007	0.97457714485429	0.9759917352691757	0.9802819297593296	0.9801362388133414	0.9759488786743046	0.9784011152033261	0.9780462170226025	0.976278187923794	0.9787854849826649	0.9786153979583424	0.9808671636656572	0.9789655455449342	0.9774277147634964	0.9764309573881818	0.966808945740023	0.9782075755681098	0.9808416806580406	0.9751194889214303	0.9786307530851736	0.9761569651026585	0.9778031894468063	0.9766366862510827	1.0	0.97756540321336	0.976651576578709	0.9758755715907261	0.9761711537658371
0.9849669446754971	0.9787312762975596	0.9844082530358859	0.9842450524557749	0.9878916163937842	0.9879518171990173	0.9842202363029916	0.9843284389482859	0.9852675281327745	0.9800663291627296	0.9850565880003544	0.9840476589375989	0.9851642232560613	0.9826865146867079	0.9830013051970373	0.9805266537719235	0.97879619031061	0.9806990776646808	0.984091815194901	0.985233260889081	0.9839993687796377	0.9840541328619528	0.9837589178395946	0.973530851041717	0.9800114260851303	0.981333378366648	0.9784532912913113	0.9791947235861009	0.976259911241727	0.9797163230684443	0.9852825193529233	0.97756540321336	1.0	0.9852400341646237	0.9847033406717338	0.9733365842879829
0.9862305066489511	0.9801288736918968	0.9872725961117113	0.9871947313080276	0.9902155541764183	0.9902017060810723	0.9871963166203009	0.9848472879326899	0.9867614702109538	0.9853696425737585	0.9875099589207998	0.9848486097529349	0.9845261903396567	0.9830204675461752	0.9842900371375807	0.981824974007261	0.9800485459319089	0.9810065724160086	0.9849153257349232	0.9893875766108389	0.9863448281033528	0.9904116743219953	0.9861744584254792	0.9745101367692487	0.9799003534509375	0.9809352825778214	0.9782118275306602	0.9781242988034291	0.9744979458334385	0.9796264468645719	0.9905094806390092	0.976651576578709	0.9852400341646237	1.0	0.9923847879574973	0.9752703097552862
0.9852553057607628	0.9794437548726115	0.9875006526424142	0.9875143274203738	0.9897041011598733	0.9896871634831943	0.9874632503799997	0.9843360324384406	0.985817476621171	0.9883259209479128	0.9875283287658859	0.9840271361846995	0.983914485561643	0.9831173252183337	0.983097403014168	0.980752652039254	0.9787687810654656	0.9794026226689287	0.9841115805500263	0.9893805761952071	0.9866489498727292	0.9954498923556738	0.9851208956964742	0.9726062500100252	0.9791828745618207	0.9802800299118936	0.9778741619630493	0.9782034320876494	0.9745136919903821	0.9785068303208544	0.9901309019171285	0.9758755715907261	0.9847033406717338	0.9923847879574973	1.0	0.9745646999646597
0.976295850924626	0.9819360714812736	0.9757953076854805	0.9755327776925424	0.9763570607700015	0.9764198709750131	0.9757439175693963	0.9770779077576779	0.9745352123109532	0.9756938223469783	0.9740747644576375	0.9775414103530337	0.9806962106362636	0.9743392725243933	0.9761692542908035	0.9758150428301845	0.9740680609907204	0.9737993031204137	0.9778608131659219	0.9803857056748317	0.977987498419708	0.9764189947952722	0.9727050381597027	0.9674011195748351	0.9708255769528618	0.9752709023273486	0.9749057641603732	0.9724323088851781	0.9688388952585413	0.9726753649126613	0.9760920339102525	0.9761711537658371	0.9733365842879829	0.9752703097552862	0.9745646999646597	1.0
