/home/jshaw/scratch/2022_sketched_distance/references/SGB_genome_fastas_part4/6533/Bengtsson-PalmeJ_2015__TRAVELRES35__bin.52.fa	/home/jshaw/scratch/2022_sketched_distance/references/SGB_genome_fastas_part4/6533/BritoIL_2016__W1.11.ST__bin.39.fa	/home/jshaw/scratch/2022_sketched_distance/references/SGB_genome_fastas_part4/6533/BritoIL_2016__W2.44.ST__bin.2.fa	/home/jshaw/scratch/2022_sketched_distance/references/SGB_genome_fastas_part4/6533/BritoIL_2016__W2.4.ST__bin.34.fa	/home/jshaw/scratch/2022_sketched_distance/references/SGB_genome_fastas_part4/6533/BritoIL_2016__WL.35.ST__bin.27.fa	/home/jshaw/scratch/2022_sketched_distance/references/SGB_genome_fastas_part4/6533/BritoIL_2016__WL.5.ST__bin.18.fa	/home/jshaw/scratch/2022_sketched_distance/references/SGB_genome_fastas_part4/6533/FengQ_2015__SID31009__bin.69.fa	/home/jshaw/scratch/2022_sketched_distance/references/SGB_genome_fastas_part4/6533/HMP_2012__SRS011134__bin.62.fa	/home/jshaw/scratch/2022_sketched_distance/references/SGB_genome_fastas_part4/6533/HMP_2012__SRS011586__bin.30.fa	/home/jshaw/scratch/2022_sketched_distance/references/SGB_genome_fastas_part4/6533/HMP_2012__SRS022609__bin.55.fa	/home/jshaw/scratch/2022_sketched_distance/references/SGB_genome_fastas_part4/6533/HMP_2012__SRS055982__bin.27.fa	/home/jshaw/scratch/2022_sketched_distance/references/SGB_genome_fastas_part4/6533/LeChatelierE_2013__MH0117__bin.29.fa	/home/jshaw/scratch/2022_sketched_distance/references/SGB_genome_fastas_part4/6533/LeChatelierE_2013__MH0137__bin.2.fa	/home/jshaw/scratch/2022_sketched_distance/references/SGB_genome_fastas_part4/6533/LiJ_2014__MH0346__bin.54.fa	/home/jshaw/scratch/2022_sketched_distance/references/SGB_genome_fastas_part4/6533/LiJ_2014__V1.CD4-0-PN__bin.30.fa	/home/jshaw/scratch/2022_sketched_distance/references/SGB_genome_fastas_part4/6533/LoombaR_2017__SID1009_aai__bin.30.fa	/home/jshaw/scratch/2022_sketched_distance/references/SGB_genome_fastas_part4/6533/NielsenHB_2014__V1_UC10_0__bin.17.fa	/home/jshaw/scratch/2022_sketched_distance/references/SGB_genome_fastas_part4/6533/QinJ_2012__NLM004__bin.41.fa	/home/jshaw/scratch/2022_sketched_distance/references/SGB_genome_fastas_part4/6533/QinJ_2012__T2D-012__bin.17.fa	/home/jshaw/scratch/2022_sketched_distance/references/SGB_genome_fastas_part4/6533/QinJ_2012__T2D-042__bin.53.fa	/home/jshaw/scratch/2022_sketched_distance/references/SGB_genome_fastas_part4/6533/RaymondF_2016__P25C7__bin.100.fa	/home/jshaw/scratch/2022_sketched_distance/references/SGB_genome_fastas_part4/6533/XieH_2016__YSZC12003_35658__bin.68.fa	/home/jshaw/scratch/2022_sketched_distance/references/SGB_genome_fastas_part4/6533/XieH_2016__YSZC12003_35666__bin.97.fa	/home/jshaw/scratch/2022_sketched_distance/references/SGB_genome_fastas_part4/6533/XieH_2016__YSZC12003_35697__bin.54.fa	/home/jshaw/scratch/2022_sketched_distance/references/SGB_genome_fastas_part4/6533/XieH_2016__YSZC12003_35698__bin.37.fa	/home/jshaw/scratch/2022_sketched_distance/references/SGB_genome_fastas_part4/6533/XieH_2016__YSZC12003_36703__bin.13.fa	/home/jshaw/scratch/2022_sketched_distance/references/SGB_genome_fastas_part4/6533/XieH_2016__YSZC12003_37316__bin.112.fa	/home/jshaw/scratch/2022_sketched_distance/references/SGB_genome_fastas_part4/6533/YuJ_2015__SZAXPI015255-46__bin.60.fa	/home/jshaw/scratch/2022_sketched_distance/references/SGB_genome_fastas_part4/6533/YuJ_2015__SZAXPI017454-20__bin.20.fa	/home/jshaw/scratch/2022_sketched_distance/references/SGB_genome_fastas_part4/6533/ZeeviD_2015__PNP_Main_517__bin.12.fa	/home/jshaw/scratch/2022_sketched_distance/references/SGB_genome_fastas_part4/6533/ZeeviD_2015__PNP_Main_536__bin.21.fa	/home/jshaw/scratch/2022_sketched_distance/references/SGB_genome_fastas_part4/6533/ZellerG_2014__CCIS32452666ST-4-0__bin.6.fa
1.0	0.9875283566271792	0.9872306820119452	0.986644927016802	0.9861284551824323	0.9875959447619428	0.9985576061866424	0.9833342191802359	0.9975150969884516	0.9929508268537975	0.9853665679765559	0.9871845324473048	0.9923447955311516	0.9869795163548712	0.9880428969018347	0.9898092158725338	0.9812069800306455	0.985165792659317	0.9853461776909115	0.9862749439720313	0.9872680389118997	0.9967128617020223	0.9900928969661533	0.9904338178003014	0.9880428969018347	0.997438206441063	0.9870817271521312	0.9831098324028821	0.9858567714171536	0.9889421909675125	0.9838893276017722	0.9824319397093203
0.9875283566271792	1.0	0.9854474297609915	0.9943699631384348	0.9869824818791495	0.9968973680144451	0.9889347134581814	0.983488214348718	0.9879737830712817	0.9848221150954547	0.9846126518452313	0.9873624520827958	0.9886633329573715	0.9845807293343314	0.983692856662683	0.9886606312027548	0.9815930587756955	0.9855729395926695	0.9857082862920363	0.987490898110674	0.9815440706665897	0.9882704168890094	0.9873364022114652	0.9869088755118698	0.9865269723489429	0.9869335329227376	0.9867379659109276	0.9848114316207328	0.9830845228946109	0.984572389098879	0.9849338598466318	0.9801076776340535
0.9872306820119452	0.9854474297609915	1.0	0.9886243941136533	0.9978437118365794	0.9893058941514921	0.9884567629185869	0.9848425684855783	0.9875063529439028	0.985556702707969	0.9861035667027463	0.9883241849423227	0.9891013182727593	0.9851659847042337	0.9850663818344992	0.9908150412043688	0.9833217262043318	0.9859751023706066	0.9863448281033528	0.9874280085922346	0.9848566586166448	0.9887097364830499	0.9903065624964482	0.9892241113384858	0.9876495875847492	0.986387588847303	0.9880181981125972	0.9844604617562446	0.9828558532814579	0.9859937532064695	0.9842391840666208	0.9828499426158794
0.986644927016802	0.9943699631384348	0.9886243941136533	1.0	0.9886243941136533	0.9850423268119347	0.986644927016802	0.9743273993467597	0.9847554541475234	0.9838794765461524	0.9811820823056357	0.9838054115113283	0.9712276037568599	0.9824428005804838	0.9875835075636793	0.977350975813316	0.9801207159921899	0.9768043962049683	0.9858185448378287	0.9744226709548289	0.9878468295537146	0.9869832161906678	0.9882379060433678	0.9879777050461088	0.9875173466564535	0.986915836098901	0.9856787716731674	0.9829794579133991	0.9855384013554523	0.9851136550335129	0.9854679906385985	0.9702062744588247
0.9861284551824323	0.9869824818791495	0.9978437118365794	0.9886243941136533	1.0	0.9886428308449355	0.9874795420405678	0.985062957829207	0.986591453581922	0.9846028946299156	0.9855850536623956	0.9880646673132838	0.9885897661911758	0.9844539482326792	0.9860303718497411	0.9902894816918847	0.982771011830453	0.985165792659317	0.9862333891884951	0.9869205184830777	0.9856706210839057	0.9876378435485909	0.9893917767122375	0.9883661624849719	0.9869806251650267	0.9853435804962806	0.9870817271521312	0.9842391840666208	0.9831529240108927	0.985233095398531	0.9840043184124179	0.9825019783732646
0.9875959447619428	0.9968973680144451	0.9893058941514921	0.9850423268119347	0.9886428308449355	1.0	0.9879135193735712	0.9733988114512167	0.9861832322504328	0.9849961477799867	0.9843567825262739	0.9839433303033612	0.9787946101466997	0.9841802263892152	0.9892553600502171	0.9824285885196073	0.982608891166312	0.9779980097494987	0.9883322437028252	0.9794107405852864	0.9888994359524822	0.9878608025248826	0.9890524455965771	0.9887457127521422	0.9874894021367394	0.9882801933308532	0.9880711654690584	0.984002714914202	0.9870597488553556	0.987113763301307	0.9856233000000051	0.9740897164277325
0.9985576061866424	0.9889347134581814	0.9884567629185869	0.986644927016802	0.9874795420405678	0.9879135193735712	1.0	0.9833342191802359	0.9980328495438967	0.9937603956634751	0.9856720426886847	0.9872736125028435	0.9929956638566623	0.9872917059531444	0.9889347134581814	0.9905007104202399	0.9815930587756955	0.9856883463866536	0.9866685060643744	0.9866638073734173	0.9881591560743371	0.9977004246445876	0.9911917236176455	0.9914970942827457	0.9895494492678579	0.998883579892117	0.9876317843099256	0.9832931634177374	0.9870185437461717	0.989763707828037	0.9850249626385665	0.9825019783732646
0.9833342191802359	0.983488214348718	0.9848425684855783	0.9743273993467597	0.985062957829207	0.9733988114512167	0.9833342191802359	1.0	0.9786098574387261	0.9804307887603037	0.9772440153186466	0.976775708833607	0.9703382578477878	0.9777972386771127	0.9857870871492408	0.9739179692947814	0.9779795789957435	0.979662789594677	0.9843973004527499	0.9712348468593142	0.9854993481512502	0.9838700671491473	0.9846206895651889	0.9852818777898577	0.983488214348718	0.9836414895182366	0.9835649415053105	0.9819951864105585	0.983488214348718	0.985062957829207	0.9839459070115392	0.9681863502618822
0.9975150969884516	0.9879737830712817	0.9875063529439028	0.9847554541475234	0.986591453581922	0.9861832322504328	0.9980328495438967	0.9786098574387261	1.0	0.9919454176106307	0.9834250226454732	0.9869607714902305	0.9901714883742424	0.9851484597454098	0.9880896111461611	0.9877578391137553	0.9794108775383041	0.9827370478873919	0.9851062854826337	0.9839099834106394	0.9873490562956829	0.9964248123088347	0.9898895458834458	0.9905399794316748	0.988128130159543	0.9982604001593948	0.9868726042510239	0.9810224011664227	0.9856503713926003	0.9890767545020952	0.9838590466109249	0.9801828681318735
0.9929508268537975	0.9848221150954547	0.985556702707969	0.9838794765461524	0.9846028946299156	0.9849961477799867	0.9937603956634751	0.9804307887603037	0.9919454176106307	1.0	0.9817061623271929	0.9821841254225104	0.9898186082776712	0.9833931075419965	0.9855994063281749	0.9871224926062381	0.9779425066855967	0.9824839757796998	0.9843822000379732	0.983699114658128	0.9854711285743272	0.9938934204703962	0.9878267263905842	0.9879858675202736	0.9871416606851996	0.9931211271939513	0.9845588742851182	0.9792635293262104	0.9836658320598999	0.9862333891884951	0.9814176900845276	0.9820085322070115
0.9853665679765559	0.9846126518452313	0.9861035667027463	0.9811820823056357	0.9855850536623956	0.9843567825262739	0.9856720426886847	0.9772440153186466	0.9834250226454732	0.9817061623271929	1.0	0.983055410619889	0.9847673408439803	0.9828146765640653	0.9871582291443111	0.9859349106758568	0.9858453328574177	0.9810559882715786	0.9864447527624026	0.9822575494764354	0.9868663165069701	0.9857154509854927	0.9866140272499823	0.9861891957546334	0.9853665679765559	0.9855414726229159	0.9865294989252192	0.9808619970149164	0.98545413671155	0.98545413671155	0.9825290972189977	0.9789585386841991
0.9871845324473048	0.9873624520827958	0.9883241849423227	0.9838054115113283	0.9880646673132838	0.9839433303033612	0.9872736125028435	0.976775708833607	0.9869607714902305	0.9821841254225104	0.983055410619889	1.0	0.9846014709473823	0.9851611212490855	0.9906526416068607	0.9841328969343401	0.9804235816088129	0.9794235932571118	0.9865995577661504	0.9815122514442389	0.9908527660211253	0.9868708392448351	0.9886670587322192	0.9895919757084655	0.987095210588905	0.9886670587322192	0.9891747724834358	0.9812355935575865	0.985018516263884	0.988194681704598	0.9841006733659527	0.9780091741008985
0.9923447955311516	0.9886633329573715	0.9891013182727593	0.9712276037568599	0.9885897661911758	0.9787946101466997	0.9929956638566623	0.9703382578477878	0.9901714883742424	0.9898186082776712	0.9847673408439803	0.9846014709473823	1.0	0.9882194482163099	0.9891737534058702	0.9795794126563407	0.981554064589871	0.975997112283294	0.9889559688198367	0.9723362859534496	0.9880701475284619	0.9926718300078929	0.9906592670475154	0.9911399453206174	0.9891737534058702	0.9924759975121366	0.9877695001932895	0.9830696475118632	0.9867729882387432	0.9888099756558112	0.9854225651991244	0.9722149560935531
0.9869795163548712	0.9845807293343314	0.9851659847042337	0.9824428005804838	0.9844539482326792	0.9841802263892152	0.9872917059531444	0.9777972386771127	0.9851484597454098	0.9833931075419965	0.9828146765640653	0.9851611212490855	0.9882194482163099	1.0	0.9868616773002336	0.9869470660935491	0.9797171691694726	0.9823567026020529	0.9834653314047083	0.9824778698134352	0.98658506661852	0.9866247251462424	0.9859439369568264	0.9859843759900754	0.9844539482326792	0.9867828827630769	0.9853313021861028	0.9802290533467525	0.9840706389957338	0.9855777286540202	0.9823558133963435	0.9825718675734408
0.9880428969018347	0.983692856662683	0.9850663818344992	0.9875835075636793	0.9860303718497411	0.9892553600502171	0.9889347134581814	0.9857870871492408	0.9880896111461611	0.9855994063281749	0.9871582291443111	0.9906526416068607	0.9891737534058702	0.9868616773002336	1.0	0.9907105963699158	0.9837287732482392	0.9863159393331599	0.9870782569387284	0.9859473402881082	0.9946873154283631	0.9887460834370745	0.9888723813202023	0.9893255807142116	0.9883772767202931	0.9878237787516164	0.9934538120234353	0.9852018388046085	0.9827792740356256	0.9912311997084545	0.9832492821491751	0.9839392308469385
0.9898092158725338	0.9886606312027548	0.9908150412043688	0.977350975813316	0.9902894816918847	0.9824285885196073	0.9905007104202399	0.9739179692947814	0.9877578391137553	0.9871224926062381	0.9859349106758568	0.9841328969343401	0.9795794126563407	0.9869470660935491	0.9907105963699158	1.0	0.9832262182125905	0.979251342231329	0.9902364626476194	0.9774219374863578	0.9906582498192635	0.9900235306777229	0.9910229452133532	0.9907105963699158	0.9895393497121998	0.9903952649943073	0.9900768926009033	0.9850773109872034	0.9871807608765737	0.9888271849217031	0.9870056455892898	0.9768654651506361
0.9812069800306455	0.9815930587756955	0.9833217262043318	0.9801207159921899	0.982771011830453	0.982608891166312	0.9815930587756955	0.9779795789957435	0.9794108775383041	0.9779425066855967	0.9858453328574177	0.9804235816088129	0.981554064589871	0.9797171691694726	0.9837287732482392	0.9832262182125905	1.0	0.9801819108241349	0.9828172598862618	0.981737628342307	0.9838633403330651	0.9817844030334768	0.9838185459648493	0.9836387540834993	0.9821165869839252	0.9815930587756955	0.982351814300843	0.9790016955119232	0.9823986576556183	0.9827246983909413	0.9796153908591594	0.977113948410174
0.985165792659317	0.9855729395926695	0.9859751023706066	0.9768043962049683	0.985165792659317	0.9779980097494987	0.9856883463866536	0.979662789594677	0.9827370478873919	0.9824839757796998	0.9810559882715786	0.9794235932571118	0.975997112283294	0.9823567026020529	0.9863159393331599	0.979251342231329	0.9801819108241349	1.0	0.9848718516132845	0.9812093132551649	0.9861459626070049	0.9851072145839626	0.9862027192242092	0.9855150838127279	0.9853409025566602	0.9862593780188563	0.9846942153934224	0.985165792659317	0.9870425181892519	0.9848127462819882	0.9875907059420511	0.9728906345961306
0.9853461776909115	0.9857082862920363	0.9863448281033528	0.9858185448378287	0.9862333891884951	0.9883322437028252	0.9866685060643744	0.9843973004527499	0.9851062854826337	0.9843822000379732	0.9864447527624026	0.9865995577661504	0.9889559688198367	0.9834653314047083	0.9870782569387284	0.9902364626476194	0.9828172598862618	0.9848718516132845	1.0	0.9858153790014401	0.9869692797312603	0.9867235835232712	0.988380115360002	0.9879373226078156	0.9864507514230768	0.9843969592771741	0.9861959805434168	0.9843721296704804	0.983438719475057	0.9853483229732978	0.9824933515602375	0.9817947569536379
0.9862749439720313	0.987490898110674	0.9874280085922346	0.9744226709548289	0.9869205184830777	0.9794107405852864	0.9866638073734173	0.9712348468593142	0.9839099834106394	0.983699114658128	0.9822575494764354	0.9815122514442389	0.9723362859534496	0.9824778698134352	0.9859473402881082	0.9774219374863578	0.981737628342307	0.9812093132551649	0.9858153790014401	1.0	0.9860131227601789	0.986534696517744	0.987490898110674	0.9867281732252849	0.9856828856470066	0.9866638073734173	0.9853492955837007	0.9889051687360845	0.9882977147871006	0.9852821690995102	0.9881748684307978	0.9713315074050087
0.9872680389118997	0.9815440706665897	0.9848566586166448	0.9878468295537146	0.9856706210839057	0.9888994359524822	0.9881591560743371	0.9854993481512502	0.9873490562956829	0.9854711285743272	0.9868663165069701	0.9908527660211253	0.9880701475284619	0.98658506661852	0.9946873154283631	0.9906582498192635	0.9838633403330651	0.9861459626070049	0.9869692797312603	0.9860131227601789	1.0	0.9883072514222453	0.9888374622736269	0.9892241113384858	0.9883052270266852	0.9879640101987142	0.9931074161112484	0.9851154819264568	0.9826255763858406	0.9902877831653794	0.9837281658391559	0.9849285921727355
0.9967128617020223	0.9882704168890094	0.9887097364830499	0.9869832161906678	0.9876378435485909	0.9878608025248826	0.9977004246445876	0.9838700671491473	0.9964248123088347	0.9938934204703962	0.9857154509854927	0.9868708392448351	0.9926718300078929	0.9866247251462424	0.9887460834370745	0.9900235306777229	0.9817844030334768	0.9851072145839626	0.9867235835232712	0.986534696517744	0.9883072514222453	1.0	0.9920940475917142	0.9924856041415656	0.9899235929295629	0.9966842952256473	0.9870694147280035	0.9831557613916256	0.9860996472880145	0.9897478622456178	0.984236869364344	0.9825019783732646
0.9900928969661533	0.9873364022114652	0.9903065624964482	0.9882379060433678	0.9893917767122375	0.9890524455965771	0.9911917236176455	0.9846206895651889	0.9898895458834458	0.9878267263905842	0.9866140272499823	0.9886670587322192	0.9906592670475154	0.9859439369568264	0.9888723813202023	0.9910229452133532	0.9838185459648493	0.9862027192242092	0.988380115360002	0.987490898110674	0.9888374622736269	0.9920940475917142	1.0	0.9971359957273459	0.9925307257412197	0.9894604153856318	0.9877958625461942	0.9851586887524887	0.9852221427547678	0.9884508909074987	0.9845126114625778	0.9833991112056414
0.9904338178003014	0.9869088755118698	0.9892241113384858	0.9879777050461088	0.9883661624849719	0.9887457127521422	0.9914970942827457	0.9852818777898577	0.9905399794316748	0.9879858675202736	0.9861891957546334	0.9895919757084655	0.9911399453206174	0.9859843759900754	0.9893255807142116	0.9907105963699158	0.9836387540834993	0.9855150838127279	0.9879373226078156	0.9867281732252849	0.9892241113384858	0.9924856041415656	0.9971359957273459	1.0	0.9934383790117034	0.9896615748415529	0.988531217919059	0.9845045387931655	0.984846706736154	0.9879637431493682	0.984142685224423	0.9831942499059354
0.9880428969018347	0.9865269723489429	0.9876495875847492	0.9875173466564535	0.9869806251650267	0.9874894021367394	0.9895494492678579	0.983488214348718	0.988128130159543	0.9871416606851996	0.9853665679765559	0.987095210588905	0.9891737534058702	0.9844539482326792	0.9883772767202931	0.9895393497121998	0.9821165869839252	0.9853409025566602	0.9864507514230768	0.9856828856470066	0.9883052270266852	0.9899235929295629	0.9925307257412197	0.9934383790117034	1.0	0.9883052270266852	0.9871955206551745	0.9834299918448242	0.9848879907328946	0.986412574602394	0.9837894478830921	0.9822914113803356
0.997438206441063	0.9869335329227376	0.986387588847303	0.986915836098901	0.9853435804962806	0.9882801933308532	0.998883579892117	0.9836414895182366	0.9982604001593948	0.9931211271939513	0.9855414726229159	0.9886670587322192	0.9924759975121366	0.9867828827630769	0.9878237787516164	0.9903952649943073	0.9815930587756955	0.9862593780188563	0.9843969592771741	0.9866638073734173	0.9879640101987142	0.9966842952256473	0.9894604153856318	0.9896615748415529	0.9883052270266852	1.0	0.9882757066748932	0.9834299918448242	0.9846931407590241	0.9888373289239317	0.9829879440231524	0.9831942499059354
0.9870817271521312	0.9867379659109276	0.9880181981125972	0.9856787716731674	0.9870817271521312	0.9880711654690584	0.9876317843099256	0.9835649415053105	0.9868726042510239	0.9845588742851182	0.9865294989252192	0.9891747724834358	0.9877695001932895	0.9853313021861028	0.9934538120234353	0.9900768926009033	0.982351814300843	0.9846942153934224	0.9861959805434168	0.9853492955837007	0.9931074161112484	0.9870694147280035	0.9877958625461942	0.988531217919059	0.9871955206551745	0.9882757066748932	1.0	0.9829716579283736	0.985724201851748	0.9887486615625503	0.9839757352373515	0.9812904490288448
0.9831098324028821	0.9848114316207328	0.9844604617562446	0.9829794579133991	0.9842391840666208	0.984002714914202	0.9832931634177374	0.9819951864105585	0.9810224011664227	0.9792635293262104	0.9808619970149164	0.9812355935575865	0.9830696475118632	0.9802290533467525	0.9852018388046085	0.9850773109872034	0.9790016955119232	0.985165792659317	0.9843721296704804	0.9889051687360845	0.9851154819264568	0.9831557613916256	0.9851586887524887	0.9845045387931655	0.9834299918448242	0.9834299918448242	0.9829716579283736	1.0	0.9852879691924362	0.9829716579283736	0.9868009144042091	0.9779287985500633
0.9858567714171536	0.9830845228946109	0.9828558532814579	0.9855384013554523	0.9831529240108927	0.9870597488553556	0.9870185437461717	0.983488214348718	0.9856503713926003	0.9836658320598999	0.98545413671155	0.985018516263884	0.9867729882387432	0.9840706389957338	0.9827792740356256	0.9871807608765737	0.9823986576556183	0.9870425181892519	0.983438719475057	0.9882977147871006	0.9826255763858406	0.9860996472880145	0.9852221427547678	0.984846706736154	0.9848879907328946	0.9846931407590241	0.985724201851748	0.9852879691924362	1.0	0.9847290499657576	0.9850862559082263	0.9807044123276193
0.9889421909675125	0.984572389098879	0.9859937532064695	0.9851136550335129	0.985233095398531	0.987113763301307	0.989763707828037	0.985062957829207	0.9890767545020952	0.9862333891884951	0.98545413671155	0.988194681704598	0.9888099756558112	0.9855777286540202	0.9912311997084545	0.9888271849217031	0.9827246983909413	0.9848127462819882	0.9853483229732978	0.9852821690995102	0.9902877831653794	0.9897478622456178	0.9884508909074987	0.9879637431493682	0.986412574602394	0.9888373289239317	0.9887486615625503	0.9829716579283736	0.9847290499657576	1.0	0.9820008322759648	0.982919094120265
0.9838893276017722	0.9849338598466318	0.9842391840666208	0.9854679906385985	0.9840043184124179	0.9856233000000051	0.9850249626385665	0.9839459070115392	0.9838590466109249	0.9814176900845276	0.9825290972189977	0.9841006733659527	0.9854225651991244	0.9823558133963435	0.9832492821491751	0.9870056455892898	0.9796153908591594	0.9875907059420511	0.9824933515602375	0.9881748684307978	0.9837281658391559	0.984236869364344	0.9845126114625778	0.984142685224423	0.9837894478830921	0.9829879440231524	0.9839757352373515	0.9868009144042091	0.9850862559082263	0.9820008322759648	1.0	0.9787237753645124
0.9824319397093203	0.9801076776340535	0.9828499426158794	0.9702062744588247	0.9825019783732646	0.9740897164277325	0.9825019783732646	0.9681863502618822	0.9801828681318735	0.9820085322070115	0.9789585386841991	0.9780091741008985	0.9722149560935531	0.9825718675734408	0.9839392308469385	0.9768654651506361	0.977113948410174	0.9728906345961306	0.9817947569536379	0.9713315074050087	0.9849285921727355	0.9825019783732646	0.9833991112056414	0.9831942499059354	0.9822914113803356	0.9831942499059354	0.9812904490288448	0.9779287985500633	0.9807044123276193	0.982919094120265	0.9787237753645124	1.0
