/home/jshaw/scratch/2022_sketched_distance/references/SGB_genome_fastas_part4/5832/BackhedF_2015__SID338_12M__bin.15.fa	/home/jshaw/scratch/2022_sketched_distance/references/SGB_genome_fastas_part4/5832/BackhedF_2015__SID521_12M__bin.19.fa	/home/jshaw/scratch/2022_sketched_distance/references/SGB_genome_fastas_part4/5832/BackhedF_2015__SID622_12M__bin.11.fa	/home/jshaw/scratch/2022_sketched_distance/references/SGB_genome_fastas_part4/5832/DavidLA_2015__LD-Run1-09__bin.15.fa	/home/jshaw/scratch/2022_sketched_distance/references/SGB_genome_fastas_part4/5832/GeversD_2014__SKBSTL066__bin.20.fa	/home/jshaw/scratch/2022_sketched_distance/references/SGB_genome_fastas_part4/5832/LiJ_2014__O2.UC1-1__bin.41.fa	/home/jshaw/scratch/2022_sketched_distance/references/SGB_genome_fastas_part4/5832/NielsenHB_2014__O2_UC1_0__bin.2.fa	/home/jshaw/scratch/2022_sketched_distance/references/SGB_genome_fastas_part4/5832/NielsenHB_2014__O2_UC1_2__bin.30.fa	/home/jshaw/scratch/2022_sketched_distance/references/SGB_genome_fastas_part4/5832/OhJ_2014__MET0251__bin.45.fa	/home/jshaw/scratch/2022_sketched_distance/references/SGB_genome_fastas_part4/5832/VatanenT_2016__G80273__bin.12.fa	/home/jshaw/scratch/2022_sketched_distance/references/SGB_genome_fastas_part4/5832/VatanenT_2016__G80280__bin.5.fa	/home/jshaw/scratch/2022_sketched_distance/references/SGB_genome_fastas_part4/5832/VincentC_2016__MM002.1__bin.10.fa	/home/jshaw/scratch/2022_sketched_distance/references/SGB_genome_fastas_part4/5832/VincentC_2016__MM002.2__bin.21.fa	/home/jshaw/scratch/2022_sketched_distance/references/SGB_genome_fastas_part4/5832/VincentC_2016__MM004.2__bin.16.fa	/home/jshaw/scratch/2022_sketched_distance/references/SGB_genome_fastas_part4/5832/VincentC_2016__MM017__bin.17.fa	/home/jshaw/scratch/2022_sketched_distance/references/SGB_genome_fastas_part4/5832/VincentC_2016__MM019.2__bin.16.fa	/home/jshaw/scratch/2022_sketched_distance/references/SGB_genome_fastas_part4/5832/VincentC_2016__MM034.1__bin.8.fa	/home/jshaw/scratch/2022_sketched_distance/references/SGB_genome_fastas_part4/5832/VincentC_2016__MM048.2__bin.13.fa	/home/jshaw/scratch/2022_sketched_distance/references/SGB_genome_fastas_part4/5832/VincentC_2016__MM056.2__bin.7.fa	/home/jshaw/scratch/2022_sketched_distance/references/SGB_genome_fastas_part4/5832/VincentC_2016__MM060.2__bin.9.fa	/home/jshaw/scratch/2022_sketched_distance/references/SGB_genome_fastas_part4/5832/VincentC_2016__MM074.1__bin.3.fa	/home/jshaw/scratch/2022_sketched_distance/references/SGB_genome_fastas_part4/5832/VincentC_2016__MM083.1__bin.13.fa	/home/jshaw/scratch/2022_sketched_distance/references/SGB_genome_fastas_part4/5832/VincentC_2016__MM083.2__bin.5.fa	/home/jshaw/scratch/2022_sketched_distance/references/SGB_genome_fastas_part4/5832/VincentC_2016__MM083.3__bin.3.fa	/home/jshaw/scratch/2022_sketched_distance/references/SGB_genome_fastas_part4/5832/VincentC_2016__MM089.1__bin.24.fa	/home/jshaw/scratch/2022_sketched_distance/references/SGB_genome_fastas_part4/5832/VincentC_2016__MM092__bin.2.fa	/home/jshaw/scratch/2022_sketched_distance/references/SGB_genome_fastas_part4/5832/VincentC_2016__MM094.1__bin.1.fa	/home/jshaw/scratch/2022_sketched_distance/references/SGB_genome_fastas_part4/5832/VincentC_2016__MM096__bin.15.fa	/home/jshaw/scratch/2022_sketched_distance/references/SGB_genome_fastas_part4/5832/VincentC_2016__MM103.2__bin.9.fa	/home/jshaw/scratch/2022_sketched_distance/references/SGB_genome_fastas_part4/5832/VincentC_2016__MM103.3__bin.7.fa
1.0	0.9699774520049705	0.9812823646461625	0.9748158671709084	0.967541666112756	0.9715397138413991	0.9661834351273019	0.9697684162157745	0.9621545290086682	0.9634837188314644	0.9559304878996695	0.9656439366479455	0.9657680459915754	0.9598675070099931	0.9720648226530418	0.9647653906397967	0.9670052224979069	0.9617409164415095	0.9671850305858533	0.9478403097345233	0.9582510071261581	0.9610264394422936	0.9754471094916041	0.9803396040495972	0.9741721186208475	0.9649581130669248	0.9669353952232342	0.9709865658617102	0.9599799037968604	0.9475055846997645
0.9699774520049705	1.0	0.9809096545676498	0.9644183924371259	0.9743968946758954	0.961170585217092	0.9503812702730284	0.9540944369538152	0.9732424616702305	0.9730741384618592	0.9697919434042853	0.974152948640391	0.9784827982569091	0.943945105364396	0.9790150298572843	0.9484389057305435	0.9495131256435692	0.9728702668171721	0.9676685372665853	0.9670797575127722	0.9558721938755372	0.9787594963406204	0.9791377358099247	0.9830907426129908	0.975117930280991	0.946369342766861	0.9743862336216468	0.9748793584492287	0.9533233489375419	0.9561590723511436
0.9812823646461625	0.9809096545676498	1.0	0.9795210092721234	0.9759324335578029	0.9769488419688942	0.9750622693912528	0.9769903314729759	0.9756062500161709	0.9722222792180771	0.9800118994029495	0.9805703422312886	0.9798663597880574	0.971740508325022	0.9809768645579945	0.9718669985177342	0.9771743106108196	0.978278404588075	0.9736444344058393	0.9684674747913641	0.9749991801000579	0.9777488643492779	0.9794430587407318	0.9794307066071698	0.9787360936168168	0.9773379438991743	0.9824278802485714	0.9741643012635077	0.9712348468593142	0.9673570374610972
0.9748158671709084	0.9644183924371259	0.9795210092721234	1.0	0.9661729273200339	0.9725572520524164	0.9708181606558143	0.9728772771354418	0.9613208260234359	0.9568035187588257	0.9579829969905862	0.9680914085083279	0.9623363951135451	0.9663144730625729	0.9688062318426642	0.965513671877558	0.9744922792914793	0.9586409439995809	0.9668418419099511	0.9491100342032353	0.9678009718807188	0.9603939552363546	0.9707186029485294	0.9774673214303037	0.9744719744943684	0.9746377077539975	0.9714196297488857	0.9723097649881146	0.9682682196094269	0.9587669303363948
0.967541666112756	0.9743968946758954	0.9759324335578029	0.9661729273200339	1.0	0.9665488028437591	0.9636256925992291	0.9652079929907086	0.9740990505531181	0.9618633808713171	0.9660830756840284	0.9755173742241319	0.9731174226738046	0.9663144730625729	0.9755650784579935	0.9639044068379742	0.969567949715157	0.9770370609403543	0.9696182591096267	0.9690062739282383	0.9691448804653352	0.9704569865310375	0.9690848738082953	0.9742346562257262	0.9758806983662758	0.9684524516393679	0.9765325029649132	0.9709110209376456	0.9612625340348058	0.9594469342368793
0.9715397138413991	0.961170585217092	0.9769488419688942	0.9725572520524164	0.9665488028437591	1.0	0.9952132589020771	0.9967132748240316	0.9563718180626998	0.951752993898939	0.9524729207232489	0.9658551456663075	0.9615507724815257	0.967738357046328	0.9600742391694821	0.9675930508237881	0.9741495310060689	0.9552075764377749	0.9673421627638545	0.9415524207463685	0.9670196764235223	0.9550151312258716	0.965660438761079	0.9734281662675306	0.9711672386888008	0.9746377077539975	0.9681535442834258	0.9702037032200141	0.967187362536379	0.9579548609051808
0.9661834351273019	0.9503812702730284	0.9750622693912528	0.9708181606558143	0.9636256925992291	0.9952132589020771	1.0	0.9943956232315975	0.9441522559952181	0.9452122571875402	0.9376719313455285	0.9552195673833637	0.9470300008407385	0.9660565355284837	0.9522733885705124	0.9660965146986494	0.9716432265438878	0.9422311793057402	0.9657667858525274	0.9293175548949281	0.9630004277666261	0.9412715963937729	0.9645853814696483	0.9728103231003732	0.9699565608683262	0.97019003301787	0.9570147803396255	0.9689214518984811	0.9633294707006297	0.954482602606084
0.9697684162157745	0.9540944369538152	0.9769903314729759	0.9728772771354418	0.9652079929907086	0.9967132748240316	0.9943956232315975	1.0	0.9498255317519605	0.9483471743497757	0.943886953041912	0.959599869661745	0.9537870724943774	0.9691804878864843	0.9544098684839872	0.9674377760032145	0.974763897529943	0.9481307619946914	0.9661472869404741	0.9336800264891012	0.9653053109913977	0.9473577194645387	0.96472786012486	0.9738035412189223	0.9710740836525347	0.9760800228536826	0.9645192640143408	0.9701333752668889	0.966761807122313	0.9555138751970992
0.9621545290086682	0.9732424616702305	0.9756062500161709	0.9613208260234359	0.9740990505531181	0.9563718180626998	0.9441522559952181	0.9498255317519605	1.0	0.9697616848395508	0.9656591625818768	0.97350414993322	0.9749184844489497	0.9417863867211584	0.9726555455093236	0.9441522559952181	0.9476769398581453	0.9761035921641772	0.9675528365082279	0.969139580812398	0.957615103633568	0.9696288023471068	0.969388228329484	0.9743417271566492	0.9757609120661607	0.9503406336355115	0.9731296043966016	0.9708568506284754	0.9510146611986381	0.9552244412398474
0.9634837188314644	0.9730741384618592	0.9722222792180771	0.9568035187588257	0.9618633808713171	0.951752993898939	0.9452122571875402	0.9483471743497757	0.9697616848395508	1.0	0.9649399921722227	0.9718859683068598	0.9740304407055221	0.9410288868485295	0.9724205466960325	0.9437581983732054	0.949197892501297	0.9694242360123295	0.958387977772175	0.9641110156605526	0.9538409077615512	0.9692672663334879	0.9637156092134418	0.9689861464695497	0.9660807261716413	0.9494073302041575	0.9728723314167014	0.9633866929706222	0.9474916589078293	0.9510257074932987
0.9559304878996695	0.9697919434042853	0.9800118994029495	0.9579829969905862	0.9660830756840284	0.9524729207232489	0.9376719313455285	0.943886953041912	0.9656591625818768	0.9649399921722227	1.0	0.9737892359852769	0.9728920868477091	0.9290105245131002	0.9660548990050865	0.9373263057926354	0.934030328241909	0.955433341468436	0.9614072434858255	0.9575797398753749	0.9485922167428874	0.9604178879035765	0.9653734203336887	0.9700412485636337	0.9669145217220559	0.9366233672893205	0.9636718041144452	0.9666397502616346	0.9424447541903285	0.9478551242378059
0.9656439366479455	0.974152948640391	0.9805703422312886	0.9680914085083279	0.9755173742241319	0.9658551456663075	0.9552195673833637	0.959599869661745	0.97350414993322	0.9718859683068598	0.9737892359852769	1.0	0.9844252246050963	0.9447038674603492	0.9764103231095246	0.9499662521044905	0.9530960171005888	0.9728702668171721	0.9688676291363157	0.9680573909370677	0.9602331237794048	0.9701046445648155	0.9729173310925955	0.9782854119114992	0.9769681573750878	0.9540235242585375	0.9794024182898734	0.9761361318625333	0.9565135082730475	0.9588230346375695
0.9657680459915754	0.9784827982569091	0.9798663597880574	0.9623363951135451	0.9731174226738046	0.9615507724815257	0.9470300008407385	0.9537870724943774	0.9749184844489497	0.9740304407055221	0.9728920868477091	0.9844252246050963	1.0	0.9381436396942634	0.9755650784579935	0.9408037307114568	0.9457488889366761	0.9697138345652704	0.9682290229454423	0.965331565724036	0.958052551216939	0.9713782270758348	0.9715037462303867	0.9767079637375338	0.9766249455880844	0.948059254741947	0.9821376198363504	0.9777683729393076	0.9544561883216182	0.9574555221941465
0.9598675070099931	0.943945105364396	0.971740508325022	0.9663144730625729	0.9663144730625729	0.967738357046328	0.9660565355284837	0.9691804878864843	0.9417863867211584	0.9410288868485295	0.9290105245131002	0.9447038674603492	0.9381436396942634	1.0	0.9442698675760803	0.9904477293892104	0.9722334152291681	0.9397446316721746	0.9736384684472772	0.9268821731660162	0.9615753199993989	0.9340826229760603	0.9577260785160058	0.9679832313665229	0.9698013300955666	0.9724900939275554	0.9483140566275159	0.9649142892249385	0.9582812289127638	0.9464775081296612
0.9720648226530418	0.9790150298572843	0.9809768645579945	0.9688062318426642	0.9755650784579935	0.9600742391694821	0.9522733885705124	0.9544098684839872	0.9726555455093236	0.9724205466960325	0.9660548990050865	0.9764103231095246	0.9755650784579935	0.9442698675760803	1.0	0.9504542400370013	0.9542025675563184	0.9660543888462417	0.9699717310390208	0.955613600700227	0.9599007522256179	0.9688062318426642	0.9791111720339646	0.9827418266284597	0.9765144514247037	0.9531452926436736	0.9673976098823026	0.9758846242982943	0.9554265881991485	0.9579275631552875
0.9647653906397967	0.9484389057305435	0.9718669985177342	0.965513671877558	0.9639044068379742	0.9675930508237881	0.9660965146986494	0.9674377760032145	0.9441522559952181	0.9437581983732054	0.9373263057926354	0.9499662521044905	0.9408037307114568	0.9904477293892104	0.9504542400370013	1.0	0.9731701258055168	0.9472695509407583	0.9726712353547338	0.9306918476729967	0.9615753199993989	0.9340826229760603	0.9576945527660757	0.9665701336912392	0.9674377760032145	0.9713975435548666	0.9499401199026458	0.9645918331974762	0.9572607232410051	0.94906727003555
0.9670052224979069	0.9495131256435692	0.9771743106108196	0.9744922792914793	0.969567949715157	0.9741495310060689	0.9716432265438878	0.974763897529943	0.9476769398581453	0.949197892501297	0.934030328241909	0.9530960171005888	0.9457488889366761	0.9722334152291681	0.9542025675563184	0.9731701258055168	1.0	0.9503188455762784	0.9690074445409445	0.9465174125571609	0.9745148879689821	0.9415622042273781	0.9679399711964272	0.9764119479189293	0.9873449107822756	0.9841575796156198	0.9561575692045364	0.9706606195204498	0.9613888982129775	0.9510257074932987
0.9617409164415095	0.9728702668171721	0.978278404588075	0.9586409439995809	0.9770370609403543	0.9552075764377749	0.9422311793057402	0.9481307619946914	0.9761035921641772	0.9694242360123295	0.955433341468436	0.9728702668171721	0.9697138345652704	0.9397446316721746	0.9660543888462417	0.9472695509407583	0.9503188455762784	1.0	0.969278457667988	0.9647360215719775	0.9586409439995809	0.9647360215719775	0.9724755880834614	0.9763394810361135	0.9798984258414721	0.9489691263090178	0.9609936068928677	0.9711241556353682	0.9481307619946914	0.9545205130531854
0.9671850305858533	0.9676685372665853	0.9736444344058393	0.9668418419099511	0.9696182591096267	0.9673421627638545	0.9657667858525274	0.9661472869404741	0.9675528365082279	0.958387977772175	0.9614072434858255	0.9688676291363157	0.9682290229454423	0.9736384684472772	0.9699717310390208	0.9726712353547338	0.9690074445409445	0.969278457667988	1.0	0.9613522878354065	0.9682269847209946	0.964439344803673	0.9649844693283731	0.9706718726015329	0.9724765938705155	0.9690951635848594	0.9720880323973855	0.965557836461279	0.9609560716485396	0.9577189974292889
0.9478403097345233	0.9670797575127722	0.9684674747913641	0.9491100342032353	0.9690062739282383	0.9415524207463685	0.9293175548949281	0.9336800264891012	0.969139580812398	0.9641110156605526	0.9575797398753749	0.9680573909370677	0.965331565724036	0.9268821731660162	0.955613600700227	0.9306918476729967	0.9465174125571609	0.9647360215719775	0.9613522878354065	1.0	0.9610115605802202	0.9575797398753749	0.9631641887152708	0.9659249036048223	0.9807557910719794	0.9427931099691652	0.9584616227979011	0.9636410907162585	0.9348777214703122	0.9421788916417063
0.9582510071261581	0.9558721938755372	0.9749991801000579	0.9678009718807188	0.9691448804653352	0.9670196764235223	0.9630004277666261	0.9653053109913977	0.957615103633568	0.9538409077615512	0.9485922167428874	0.9602331237794048	0.958052551216939	0.9615753199993989	0.9599007522256179	0.9615753199993989	0.9745148879689821	0.9586409439995809	0.9682269847209946	0.9610115605802202	1.0	0.95557714078761	0.9655821425547138	0.9733077782644369	0.9849782551997993	0.9888404200011822	0.9634995964185539	0.97003741430241	0.9555199388623001	0.9504359059560816
0.9610264394422936	0.9787594963406204	0.9777488643492779	0.9603939552363546	0.9704569865310375	0.9550151312258716	0.9412715963937729	0.9473577194645387	0.9696288023471068	0.9692672663334879	0.9604178879035765	0.9701046445648155	0.9713782270758348	0.9340826229760603	0.9688062318426642	0.9340826229760603	0.9415622042273781	0.9647360215719775	0.964439344803673	0.9575797398753749	0.95557714078761	1.0	0.9867467296548494	0.9933424833018344	0.9733599428660062	0.9448547159979231	0.9615417016756266	0.9716044983181271	0.9435244729760954	0.9526622165937315
0.9754471094916041	0.9791377358099247	0.9794430587407318	0.9707186029485294	0.9690848738082953	0.965660438761079	0.9645853814696483	0.96472786012486	0.969388228329484	0.9637156092134418	0.9653734203336887	0.9729173310925955	0.9715037462303867	0.9577260785160058	0.9791111720339646	0.9576945527660757	0.9679399711964272	0.9724755880834614	0.9649844693283731	0.9631641887152708	0.9655821425547138	0.9867467296548494	1.0	0.9927834353372986	0.973070944095926	0.9654794958901327	0.976300904032707	0.9704271254176886	0.9608532625170932	0.9606572609180113
0.9803396040495972	0.9830907426129908	0.9794307066071698	0.9774673214303037	0.9742346562257262	0.9734281662675306	0.9728103231003732	0.9738035412189223	0.9743417271566492	0.9689861464695497	0.9700412485636337	0.9782854119114992	0.9767079637375338	0.9679832313665229	0.9827418266284597	0.9665701336912392	0.9764119479189293	0.9763394810361135	0.9706718726015329	0.9659249036048223	0.9733077782644369	0.9933424833018344	0.9927834353372986	1.0	0.9775249711893065	0.9754976968284417	0.9796130658954967	0.9725562579052707	0.9689958481906098	0.9657393219297146
0.9741721186208475	0.975117930280991	0.9787360936168168	0.9744719744943684	0.9758806983662758	0.9711672386888008	0.9699565608683262	0.9710740836525347	0.9757609120661607	0.9660807261716413	0.9669145217220559	0.9769681573750878	0.9766249455880844	0.9698013300955666	0.9765144514247037	0.9674377760032145	0.9873449107822756	0.9798984258414721	0.9724765938705155	0.9807557910719794	0.9849782551997993	0.9733599428660062	0.973070944095926	0.9775249711893065	1.0	0.9859163009317337	0.9807479542730335	0.9723869084159836	0.966761807122313	0.9616145906218596
0.9649581130669248	0.946369342766861	0.9773379438991743	0.9746377077539975	0.9684524516393679	0.9746377077539975	0.97019003301787	0.9760800228536826	0.9503406336355115	0.9494073302041575	0.9366233672893205	0.9540235242585375	0.948059254741947	0.9724900939275554	0.9531452926436736	0.9713975435548666	0.9841575796156198	0.9489691263090178	0.9690951635848594	0.9427931099691652	0.9888404200011822	0.9448547159979231	0.9654794958901327	0.9754976968284417	0.9859163009317337	1.0	0.9578495583654227	0.9707994202482993	0.9623618057045215	0.9504359059560816
0.9669353952232342	0.9743862336216468	0.9824278802485714	0.9714196297488857	0.9765325029649132	0.9681535442834258	0.9570147803396255	0.9645192640143408	0.9731296043966016	0.9728723314167014	0.9636718041144452	0.9794024182898734	0.9821376198363504	0.9483140566275159	0.9673976098823026	0.9499401199026458	0.9561575692045364	0.9609936068928677	0.9720880323973855	0.9584616227979011	0.9634995964185539	0.9615417016756266	0.976300904032707	0.9796130658954967	0.9807479542730335	0.9578495583654227	1.0	0.9778885363354327	0.9563740422607961	0.9607990196057357
0.9709865658617102	0.9748793584492287	0.9741643012635077	0.9723097649881146	0.9709110209376456	0.9702037032200141	0.9689214518984811	0.9701333752668889	0.9708568506284754	0.9633866929706222	0.9666397502616346	0.9761361318625333	0.9777683729393076	0.9649142892249385	0.9758846242982943	0.9645918331974762	0.9706606195204498	0.9711241556353682	0.965557836461279	0.9636410907162585	0.97003741430241	0.9716044983181271	0.9704271254176886	0.9725562579052707	0.9723869084159836	0.9707994202482993	0.9778885363354327	1.0	0.9812908686916696	0.9785779679499605
0.9599799037968604	0.9533233489375419	0.9712348468593142	0.9682682196094269	0.9612625340348058	0.967187362536379	0.9633294707006297	0.966761807122313	0.9510146611986381	0.9474916589078293	0.9424447541903285	0.9565135082730475	0.9544561883216182	0.9582812289127638	0.9554265881991485	0.9572607232410051	0.9613888982129775	0.9481307619946914	0.9609560716485396	0.9348777214703122	0.9555199388623001	0.9435244729760954	0.9608532625170932	0.9689958481906098	0.966761807122313	0.9623618057045215	0.9563740422607961	0.9812908686916696	1.0	0.9765963904583775
0.9475055846997645	0.9561590723511436	0.9673570374610972	0.9587669303363948	0.9594469342368793	0.9579548609051808	0.954482602606084	0.9555138751970992	0.9552244412398474	0.9510257074932987	0.9478551242378059	0.9588230346375695	0.9574555221941465	0.9464775081296612	0.9579275631552875	0.94906727003555	0.9510257074932987	0.9545205130531854	0.9577189974292889	0.9421788916417063	0.9504359059560816	0.9526622165937315	0.9606572609180113	0.9657393219297146	0.9616145906218596	0.9504359059560816	0.9607990196057357	0.9785779679499605	0.9765963904583775	1.0
