/home/jshaw/scratch/2022_sketched_distance/references/SGB_genome_fastas_part2/4333/Bengtsson-PalmeJ_2015__TRAVELRES40__bin.14.fa	/home/jshaw/scratch/2022_sketched_distance/references/SGB_genome_fastas_part2/4333/Bengtsson-PalmeJ_2015__TRAVELRES48__bin.67.fa	/home/jshaw/scratch/2022_sketched_distance/references/SGB_genome_fastas_part2/4333/BritoIL_2016__M1.22.ST__bin.44.fa	/home/jshaw/scratch/2022_sketched_distance/references/SGB_genome_fastas_part2/4333/BritoIL_2016__M1.24.ST__bin.15.fa	/home/jshaw/scratch/2022_sketched_distance/references/SGB_genome_fastas_part2/4333/BritoIL_2016__M2.46.ST__bin.21.fa	/home/jshaw/scratch/2022_sketched_distance/references/SGB_genome_fastas_part2/4333/BritoIL_2016__W1.33.ST__bin.82.fa	/home/jshaw/scratch/2022_sketched_distance/references/SGB_genome_fastas_part2/4333/BritoIL_2016__W1.53.ST__bin.16.fa	/home/jshaw/scratch/2022_sketched_distance/references/SGB_genome_fastas_part2/4333/BritoIL_2016__W2.15.ST__bin.48.fa	/home/jshaw/scratch/2022_sketched_distance/references/SGB_genome_fastas_part2/4333/BritoIL_2016__W2.54.ST__bin.11.fa	/home/jshaw/scratch/2022_sketched_distance/references/SGB_genome_fastas_part2/4333/BritoIL_2016__WL.43.ST__bin.84.fa	/home/jshaw/scratch/2022_sketched_distance/references/SGB_genome_fastas_part2/4333/CM_madagascar__A32_01_1FE__bin.71.fa	/home/jshaw/scratch/2022_sketched_distance/references/SGB_genome_fastas_part2/4333/CM_madagascar__A73_01_1FE__bin.6.fa	/home/jshaw/scratch/2022_sketched_distance/references/SGB_genome_fastas_part2/4333/CM_madagascar__A75_02_1FE__bin.75.fa	/home/jshaw/scratch/2022_sketched_distance/references/SGB_genome_fastas_part2/4333/CM_madagascar__A89_01_1FE__bin.11.fa	/home/jshaw/scratch/2022_sketched_distance/references/SGB_genome_fastas_part2/4333/CM_madagascar__A90_04_1FE__bin.99.fa	/home/jshaw/scratch/2022_sketched_distance/references/SGB_genome_fastas_part2/4333/CM_madagascar__A94_02_1FE__bin.45.fa	/home/jshaw/scratch/2022_sketched_distance/references/SGB_genome_fastas_part2/4333/CM_madagascar__V40_01_1FE__bin.70.fa	/home/jshaw/scratch/2022_sketched_distance/references/SGB_genome_fastas_part2/4333/CosteaPI_2017__SID713A087-11-90-0__bin.49.fa	/home/jshaw/scratch/2022_sketched_distance/references/SGB_genome_fastas_part2/4333/CosteaPI_2017__SID713B041-11-0-0__bin.33.fa	/home/jshaw/scratch/2022_sketched_distance/references/SGB_genome_fastas_part2/4333/CosteaPI_2017__SID713B046-11-0-0__bin.46.fa	/home/jshaw/scratch/2022_sketched_distance/references/SGB_genome_fastas_part2/4333/FengQ_2015__SID530315__bin.14.fa	/home/jshaw/scratch/2022_sketched_distance/references/SGB_genome_fastas_part2/4333/KarlssonFH_2013__S422__bin.82.fa	/home/jshaw/scratch/2022_sketched_distance/references/SGB_genome_fastas_part2/4333/LiJ_2014__MH0399__bin.44.fa	/home/jshaw/scratch/2022_sketched_distance/references/SGB_genome_fastas_part2/4333/LiuW_2016__SRR3993060__bin.85.fa	/home/jshaw/scratch/2022_sketched_distance/references/SGB_genome_fastas_part2/4333/Obregon-TitoAJ_2015__HCO02__bin.18.fa	/home/jshaw/scratch/2022_sketched_distance/references/SGB_genome_fastas_part2/4333/WenC_2017__N277__bin.36.fa	/home/jshaw/scratch/2022_sketched_distance/references/SGB_genome_fastas_part2/4333/XieH_2016__YSZC12003_36006__bin.69.fa	/home/jshaw/scratch/2022_sketched_distance/references/SGB_genome_fastas_part2/4333/XieH_2016__YSZC12003_36244__bin.70.fa	/home/jshaw/scratch/2022_sketched_distance/references/SGB_genome_fastas_part2/4333/ZeeviD_2015__PNP_Main_104__bin.52.fa	/home/jshaw/scratch/2022_sketched_distance/references/SGB_genome_fastas_part2/4333/ZeeviD_2015__PNP_Main_215__bin.39.fa	/home/jshaw/scratch/2022_sketched_distance/references/SGB_genome_fastas_part2/4333/ZeeviD_2015__PNP_Main_447__bin.51.fa	/home/jshaw/scratch/2022_sketched_distance/references/SGB_genome_fastas_part2/4333/ZeeviD_2015__PNP_Validation_4__bin.6.fa
1.0	0.9776324537843015	0.9672519665590068	0.9672473941435004	0.9707908325719794	0.9652135549178101	0.9644082386764845	0.9637493302489615	0.9677517179883055	0.9749976810244633	0.957476607874458	0.9633512513186688	0.9662742673490651	0.9672528276829297	0.9616777146771196	0.9669174976915859	0.9651703005390885	0.9686609367502478	0.9669145217220559	0.9627629414715467	0.9657279008239755	0.9608681965127582	0.9665972373814226	0.9656723609675864	0.9629859253659253	0.9653609751003266	0.9663613133269789	0.9571836613285539	0.9637480540061071	0.9606718488668706	0.9643413699928868	0.9619066865998681
0.9776324537843015	1.0	0.9668650683261212	0.9690196009298694	0.9738103351655436	0.9659968207307965	0.963384939818335	0.9646103768003351	0.9674727121955414	0.9669942844480517	0.9603134114118306	0.9663950366023855	0.9672084100505683	0.9655406874975123	0.9624251415974543	0.9675160170705306	0.9660495912941781	0.969536952091327	0.9674846668965863	0.96540858861984	0.9658791355861498	0.9615627620422987	0.9698620737949623	0.9686486444885907	0.9661035535506793	0.9672640767364015	0.9670809827888264	0.9584311270285427	0.9650412056378413	0.9618925857041378	0.9644801001446197	0.962183450002672
0.9672519665590068	0.9668650683261212	1.0	0.9771499789644982	0.9694169231605714	0.9724914478214832	0.9734454833393663	0.9771783158145563	0.9770797553090413	0.9772437939103896	0.9692016820683625	0.9724174154108103	0.9762575635290872	0.9752270632125007	0.9713713647522505	0.9764633164371891	0.9755410916077818	0.9790322912116582	0.9787679893760582	0.9747956464451499	0.9787004475044485	0.9730228865936017	0.976983301280063	0.97781711289349	0.9783746308866764	0.9746108252854053	0.9787647002536866	0.9705119806378549	0.9761060029298515	0.9722077192393815	0.9776595298727971	0.973181165989478
0.9672473941435004	0.9690196009298694	0.9771499789644982	1.0	0.9722114841147534	0.9743284030970926	0.9752341703825959	0.9750405492487482	0.9784408923115445	0.9780584965170882	0.9722413561068688	0.9760818550076443	0.9772279467444731	0.9764826931167796	0.9733504073307876	0.9768624955665692	0.9759707901103402	0.9774117915794018	0.9772886374140828	0.9746547421450942	0.9767048045237721	0.9742352295477545	0.9796368678612088	0.976111559390617	0.9766750736621768	0.978486310349717	0.9788349509574628	0.9702623789978853	0.9775054010589097	0.971842500162206	0.9765845755111096	0.9738860728088805
0.9707908325719794	0.9738103351655436	0.9694169231605714	0.9722114841147534	1.0	0.9647060647849353	0.9649337319464674	0.9693597966292989	0.9714726403458924	0.9721541203973738	0.9637021563246717	0.966869417665212	0.9714496312839509	0.9699447576717753	0.9657037107102759	0.9707241136558291	0.970261764871313	0.9700884699327007	0.970874792910441	0.9642480868730225	0.9702171685502233	0.9584859424843116	0.9730448019246812	0.9691376038326518	0.9701878687123963	0.9709592701139756	0.9720083313202478	0.9602621323823506	0.9685105369357823	0.9642163939725041	0.9697201168443335	0.9587847449666641
0.9652135549178101	0.9659968207307965	0.9724914478214832	0.9743284030970926	0.9647060647849353	1.0	0.9864591930741299	0.9697927770673818	0.9871036666192474	0.9739428700882448	0.965475001420484	0.9716812118105105	0.9732173683149006	0.9723296252816361	0.9706085256133002	0.9735230177183101	0.9705208468452432	0.9732273457556291	0.9725857369843258	0.9717179829674117	0.971598901324095	0.9703888893293063	0.9726216411326779	0.9729698332320063	0.9714603797862832	0.97159586058183	0.9739044697421698	0.9688150814367855	0.9740848180686824	0.9691457434296483	0.9694244817869913	0.9699686201976949
0.9644082386764845	0.963384939818335	0.9734454833393663	0.9752341703825959	0.9649337319464674	0.9864591930741299	1.0	0.972412076912092	0.9920672158097367	0.9755749253708842	0.966246488360714	0.9709553510614483	0.9737899092744211	0.9739183453502285	0.9697777028351656	0.9748189988274292	0.9721088251444517	0.9740799433759353	0.973953843274605	0.97125607951787	0.973198522951478	0.9703278288028322	0.9737099961637913	0.9721899403762235	0.9726082112794385	0.9729647063817021	0.9757735210107775	0.9677769079036336	0.9733091426902125	0.9682312358970379	0.9710263310871831	0.9693264746584679
0.9637493302489615	0.9646103768003351	0.9771783158145563	0.9750405492487482	0.9693597966292989	0.9697927770673818	0.972412076912092	1.0	0.9776050086424957	0.9781505658511168	0.9676722289387474	0.9706883903653236	0.9757482120021737	0.976328320524776	0.9708651132980679	0.9764873196154785	0.9760721876685875	0.9761054803472414	0.976618929472999	0.9703915927728056	0.976730859902914	0.9693928109606431	0.9766100645493432	0.9742574318438417	0.9755735418265176	0.9739774635399921	0.9771047056901287	0.9678841558608534	0.9738358164645557	0.9692596541949594	0.9746421358043814	0.9700320118607303
0.9677517179883055	0.9674727121955414	0.9770797553090413	0.9784408923115445	0.9714726403458924	0.9871036666192474	0.9920672158097367	0.9776050086424957	1.0	0.9795305107178504	0.9704339429581091	0.9736840102666247	0.9780491739901155	0.9773737159361839	0.9713872277131926	0.9797035898231113	0.9774828941077487	0.9781626099566921	0.9781967709424899	0.9736373955572547	0.9783217483346274	0.971313063027272	0.9785191452649953	0.9758703691191544	0.9766326288133885	0.9773902025529543	0.979942125329079	0.9690832229405941	0.9757425064744727	0.9711964646588161	0.9764206215606501	0.9716981871663677
0.9749976810244633	0.9669942844480517	0.9772437939103896	0.9780584965170882	0.9721541203973738	0.9739428700882448	0.9755749253708842	0.9781505658511168	0.9795305107178504	1.0	0.9691945900279243	0.9728581733986085	0.9783024553767301	0.9783324163451426	0.9725857558841712	0.9787934324486463	0.9774785966167376	0.9784564203610595	0.9776725955918814	0.9731218849441948	0.9778252951857214	0.9713857737978581	0.9779611392731081	0.9750348481166464	0.9765000820426099	0.9768447832042171	0.9793982520479676	0.9697711637770502	0.9765478285566285	0.9702641803685604	0.9756680515048645	0.971479830541175
0.957476607874458	0.9603134114118306	0.9692016820683625	0.9722413561068688	0.9637021563246717	0.965475001420484	0.966246488360714	0.9676722289387474	0.9704339429581091	0.9691945900279243	1.0	0.9689027481045119	0.9714503859310244	0.9695310869766034	0.9661017213627128	0.970725086646341	0.9693947694106707	0.9689486718677658	0.969542089330209	0.9666796978846603	0.969385652855511	0.9625795093674553	0.9719758049141457	0.9679977921037314	0.9690302593269658	0.9706197009095133	0.9704925245529954	0.9620927972269034	0.9681543627106247	0.9636645267242633	0.9683686763133135	0.9627617202754164
0.9633512513186688	0.9663950366023855	0.9724174154108103	0.9760818550076443	0.966869417665212	0.9716812118105105	0.9709553510614483	0.9706883903653236	0.9736840102666247	0.9728581733986085	0.9689027481045119	1.0	0.9736868785364201	0.9732949770756311	0.9713863106448051	0.9729723738473891	0.972070125356096	0.9732595134637954	0.9725007029297883	0.9699607485069527	0.9728245426190174	0.970611803844229	0.9809594799906379	0.9723575191335153	0.9727104286517027	0.9733983970643849	0.9735670408421202	0.9667605346894801	0.9727594741850327	0.9686036308993531	0.9705246072903692	0.9698747097851592
0.9662742673490651	0.9672084100505683	0.9762575635290872	0.9772279467444731	0.9714496312839509	0.9732173683149006	0.9737899092744211	0.9757482120021737	0.9780491739901155	0.9783024553767301	0.9714503859310244	0.9736868785364201	1.0	0.9788737035292356	0.9831972531424935	0.9795281543000822	0.9866907318727565	0.977310965319079	0.9772737258757368	0.9744734270764832	0.9771062005150429	0.9703002946875112	0.9771295935892246	0.9758623258257472	0.9758399767064441	0.9761245088591868	0.9779663318033273	0.9703053004907018	0.9763161140353376	0.9720955725546114	0.9752165216404058	0.969857666594511
0.9672528276829297	0.9655406874975123	0.9752270632125007	0.9764826931167796	0.9699447576717753	0.9723296252816361	0.9739183453502285	0.976328320524776	0.9773737159361839	0.9783324163451426	0.9695310869766034	0.9732949770756311	0.9788737035292356	1.0	0.9745669973712997	0.9790519330031696	0.9785821022041614	0.9773208314817762	0.9761412328922212	0.9738195861377594	0.9767416603067761	0.9714171265828371	0.976300904032707	0.975380292948574	0.9751795504845706	0.9745978970694609	0.9762396374053541	0.9704224277345065	0.9741378503625122	0.9711811116490437	0.9747648309993924	0.9714049480250225
0.9616777146771196	0.9624251415974543	0.9713713647522505	0.9733504073307876	0.9657037107102759	0.9706085256133002	0.9697777028351656	0.9708651132980679	0.9713872277131926	0.9725857558841712	0.9661017213627128	0.9713863106448051	0.9831972531424935	0.9745669973712997	1.0	0.9734794344184905	0.9822790675466667	0.971913508667178	0.9714653994906892	0.9709745784225585	0.9718068292897917	0.9679534554346622	0.9720974533671801	0.9723074133531346	0.9706678035125589	0.9705815801108237	0.972865979250709	0.9683882522710068	0.9713026592615633	0.9682636803593067	0.9690799884498931	0.966382782982477
0.9669174976915859	0.9675160170705306	0.9764633164371891	0.9768624955665692	0.9707241136558291	0.9735230177183101	0.9748189988274292	0.9764873196154785	0.9797035898231113	0.9787934324486463	0.970725086646341	0.9729723738473891	0.9795281543000822	0.9790519330031696	0.9734794344184905	1.0	0.9785449868960061	0.9768887180994865	0.9768547350522496	0.9728511273133111	0.9772865007975425	0.9694244817869913	0.9776314943848505	0.9769111169600808	0.9754906890769078	0.976032265686207	0.9782070872947948	0.9697993495389562	0.9761161576394528	0.9705299104872811	0.9757205455541332	0.9698328841019935
0.9651703005390885	0.9660495912941781	0.9755410916077818	0.9759707901103402	0.970261764871313	0.9705208468452432	0.9721088251444517	0.9760721876685875	0.9774828941077487	0.9774785966167376	0.9693947694106707	0.972070125356096	0.9866907318727565	0.9785821022041614	0.9822790675466667	0.9785449868960061	1.0	0.9774046767085975	0.9766272062564103	0.972495160073966	0.9766350329042597	0.9698063852278246	0.976944626855816	0.9756203534535266	0.9748667666485327	0.9750658212718825	0.9780879211300728	0.9677158332498851	0.9749544735679941	0.969335447821769	0.9750782479277099	0.969776405739761
0.9686609367502478	0.969536952091327	0.9790322912116582	0.9774117915794018	0.9700884699327007	0.9732273457556291	0.9740799433759353	0.9761054803472414	0.9781626099566921	0.9784564203610595	0.9689486718677658	0.9732595134637954	0.977310965319079	0.9773208314817762	0.971913508667178	0.9768887180994865	0.9774046767085975	1.0	0.9808384423558478	0.9765709430776519	0.9799820185598234	0.9752268247192162	0.9782309246793133	0.979770333432191	0.97902130354216	0.9757840691142349	0.9790736846734996	0.9720747494010228	0.9762070490912835	0.9730307931133407	0.978194380122873	0.9754700271126803
0.9669145217220559	0.9674846668965863	0.9787679893760582	0.9772886374140828	0.970874792910441	0.9725857369843258	0.973953843274605	0.976618929472999	0.9781967709424899	0.9776725955918814	0.969542089330209	0.9725007029297883	0.9772737258757368	0.9761412328922212	0.9714653994906892	0.9768547350522496	0.9766272062564103	0.9808384423558478	1.0	0.9756637181933991	0.9795226649842035	0.9731091544916036	0.9781930101620264	0.9783924262848311	0.9783069474525031	0.9763163883194748	0.9798033655769125	0.9701480576351051	0.9763932476782187	0.9725999532926793	0.9778797848718332	0.9733153817927048
0.9627629414715467	0.96540858861984	0.9747956464451499	0.9746547421450942	0.9642480868730225	0.9717179829674117	0.97125607951787	0.9703915927728056	0.9736373955572547	0.9731218849441948	0.9666796978846603	0.9699607485069527	0.9744734270764832	0.9738195861377594	0.9709745784225585	0.9728511273133111	0.972495160073966	0.9765709430776519	0.9756637181933991	1.0	0.9748597328130724	0.9725118769889068	0.9738454433401391	0.9760415426307768	0.9746938792721571	0.9716573195613694	0.9749256829564339	0.9704807528273697	0.9737932750166486	0.9703674810019068	0.9735150291699206	0.9720447923571127
0.9657279008239755	0.9658791355861498	0.9787004475044485	0.9767048045237721	0.9702171685502233	0.971598901324095	0.973198522951478	0.976730859902914	0.9783217483346274	0.9778252951857214	0.969385652855511	0.9728245426190174	0.9771062005150429	0.9767416603067761	0.9718068292897917	0.9772865007975425	0.9766350329042597	0.9799820185598234	0.9795226649842035	0.9748597328130724	1.0	0.9737730565901004	0.9786400321148183	0.9774361666356736	0.9787621943594491	0.9761038680103248	0.9788115867499065	0.988102537620359	0.9757627148776695	0.9888480400957047	0.9789782927069318	0.9737606243710876
0.9608681965127582	0.9615627620422987	0.9730228865936017	0.9742352295477545	0.9584859424843116	0.9703888893293063	0.9703278288028322	0.9693928109606431	0.971313063027272	0.9713857737978581	0.9625795093674553	0.970611803844229	0.9703002946875112	0.9714171265828371	0.9679534554346622	0.9694244817869913	0.9698063852278246	0.9752268247192162	0.9731091544916036	0.9725118769889068	0.9737730565901004	1.0	0.973725718034398	0.9759719426647492	0.9730717734216645	0.9696651283753751	0.9721405124167517	0.9689744034909901	0.9697137166006565	0.9677392708104652	0.9851087694271832	0.9945470638097684
0.9665972373814226	0.9698620737949623	0.976983301280063	0.9796368678612088	0.9730448019246812	0.9726216411326779	0.9737099961637913	0.9766100645493432	0.9785191452649953	0.9779611392731081	0.9719758049141457	0.9809594799906379	0.9771295935892246	0.976300904032707	0.9720974533671801	0.9776314943848505	0.976944626855816	0.9782309246793133	0.9781930101620264	0.9738454433401391	0.9786400321148183	0.973725718034398	1.0	0.9765738179684714	0.9772792819427073	0.9792119156648853	0.9782966138667522	0.9700486901268566	0.9753805783575493	0.9717402459415553	0.9779395672679424	0.9738111629427004
0.9656723609675864	0.9686486444885907	0.97781711289349	0.976111559390617	0.9691376038326518	0.9729698332320063	0.9721899403762235	0.9742574318438417	0.9758703691191544	0.9750348481166464	0.9679977921037314	0.9723575191335153	0.9758623258257472	0.975380292948574	0.9723074133531346	0.9769111169600808	0.9756203534535266	0.979770333432191	0.9783924262848311	0.9760415426307768	0.9774361666356736	0.9759719426647492	0.9765738179684714	1.0	0.9766439781216961	0.9745964003658005	0.9780620153495893	0.9714200609334697	0.9754086200212568	0.9711821675287352	0.9796798564393447	0.9755007423654865
0.9629859253659253	0.9661035535506793	0.9783746308866764	0.9766750736621768	0.9701878687123963	0.9714603797862832	0.9726082112794385	0.9755735418265176	0.9766326288133885	0.9765000820426099	0.9690302593269658	0.9727104286517027	0.9758399767064441	0.9751795504845706	0.9706678035125589	0.9754906890769078	0.9748667666485327	0.97902130354216	0.9783069474525031	0.9746938792721571	0.9787621943594491	0.9730717734216645	0.9772792819427073	0.9766439781216961	1.0	0.9751502262403828	0.9774128250569687	0.9705126572890277	0.9750884630581839	0.9719995236169868	0.9769730125837573	0.9727130451953496
0.9653609751003266	0.9672640767364015	0.9746108252854053	0.978486310349717	0.9709592701139756	0.97159586058183	0.9729647063817021	0.9739774635399921	0.9773902025529543	0.9768447832042171	0.9706197009095133	0.9733983970643849	0.9761245088591868	0.9745978970694609	0.9705815801108237	0.976032265686207	0.9750658212718825	0.9757840691142349	0.9763163883194748	0.9716573195613694	0.9761038680103248	0.9696651283753751	0.9792119156648853	0.9745964003658005	0.9751502262403828	1.0	0.9771310189673329	0.967218901851489	0.9751823433013111	0.9697258409585278	0.9743493569425645	0.969693119548824
0.9663613133269789	0.9670809827888264	0.9787647002536866	0.9788349509574628	0.9720083313202478	0.9739044697421698	0.9757735210107775	0.9771047056901287	0.979942125329079	0.9793982520479676	0.9704925245529954	0.9735670408421202	0.9779663318033273	0.9762396374053541	0.972865979250709	0.9782070872947948	0.9780879211300728	0.9790736846734996	0.9798033655769125	0.9749256829564339	0.9788115867499065	0.9721405124167517	0.9782966138667522	0.9780620153495893	0.9774128250569687	0.9771310189673329	1.0	0.9702372724170216	0.9883140513883902	0.9717137630996688	0.9771942886430182	0.9725876531028605
0.9571836613285539	0.9584311270285427	0.9705119806378549	0.9702623789978853	0.9602621323823506	0.9688150814367855	0.9677769079036336	0.9678841558608534	0.9690832229405941	0.9697711637770502	0.9620927972269034	0.9667605346894801	0.9703053004907018	0.9704224277345065	0.9683882522710068	0.9697993495389562	0.9677158332498851	0.9720747494010228	0.9701480576351051	0.9704807528273697	0.988102537620359	0.9689744034909901	0.9700486901268566	0.9714200609334697	0.9705126572890277	0.967218901851489	0.9702372724170216	1.0	0.9694902597141347	0.9824474367378185	0.968552612103515	0.9679843136349155
0.9637480540061071	0.9650412056378413	0.9761060029298515	0.9775054010589097	0.9685105369357823	0.9740848180686824	0.9733091426902125	0.9738358164645557	0.9757425064744727	0.9765478285566285	0.9681543627106247	0.9727594741850327	0.9763161140353376	0.9741378503625122	0.9713026592615633	0.9761161576394528	0.9749544735679941	0.9762070490912835	0.9763932476782187	0.9737932750166486	0.9757627148776695	0.9697137166006565	0.9753805783575493	0.9754086200212568	0.9750884630581839	0.9751823433013111	0.9883140513883902	0.9694902597141347	1.0	0.9713669991172859	0.9738993850518336	0.9696148044013211
0.9606718488668706	0.9618925857041378	0.9722077192393815	0.971842500162206	0.9642163939725041	0.9691457434296483	0.9682312358970379	0.9692596541949594	0.9711964646588161	0.9702641803685604	0.9636645267242633	0.9686036308993531	0.9720955725546114	0.9711811116490437	0.9682636803593067	0.9705299104872811	0.969335447821769	0.9730307931133407	0.9725999532926793	0.9703674810019068	0.9888480400957047	0.9677392708104652	0.9717402459415553	0.9711821675287352	0.9719995236169868	0.9697258409585278	0.9717137630996688	0.9824474367378185	0.9713669991172859	1.0	0.9718563054500381	0.9678944010569384
0.9643413699928868	0.9644801001446197	0.9776595298727971	0.9765845755111096	0.9697201168443335	0.9694244817869913	0.9710263310871831	0.9746421358043814	0.9764206215606501	0.9756680515048645	0.9683686763133135	0.9705246072903692	0.9752165216404058	0.9747648309993924	0.9690799884498931	0.9757205455541332	0.9750782479277099	0.978194380122873	0.9778797848718332	0.9735150291699206	0.9789782927069318	0.9851087694271832	0.9779395672679424	0.9796798564393447	0.9769730125837573	0.9743493569425645	0.9771942886430182	0.968552612103515	0.9738993850518336	0.9718563054500381	1.0	0.98938819627736
0.9619066865998681	0.962183450002672	0.973181165989478	0.9738860728088805	0.9587847449666641	0.9699686201976949	0.9693264746584679	0.9700320118607303	0.9716981871663677	0.971479830541175	0.9627617202754164	0.9698747097851592	0.969857666594511	0.9714049480250225	0.966382782982477	0.9698328841019935	0.969776405739761	0.9754700271126803	0.9733153817927048	0.9720447923571127	0.9737606243710876	0.9945470638097684	0.9738111629427004	0.9755007423654865	0.9727130451953496	0.969693119548824	0.9725876531028605	0.9679843136349155	0.9696148044013211	0.9678944010569384	0.98938819627736	1.0
