/home/jshaw/scratch/2022_sketched_distance/references/SGB_genome_fastas_part1_redo/1587/CosteaPI_2017__SID713B044-11-0-0__bin.60.fa	/home/jshaw/scratch/2022_sketched_distance/references/SGB_genome_fastas_part1_redo/1587/CosteaPI_2017__SID713B044-11-90-0__bin.13.fa	/home/jshaw/scratch/2022_sketched_distance/references/SGB_genome_fastas_part1_redo/1587/KarlssonFH_2013__S187__bin.8.fa	/home/jshaw/scratch/2022_sketched_distance/references/SGB_genome_fastas_part1_redo/1587/KarlssonFH_2013__S384__bin.11.fa	/home/jshaw/scratch/2022_sketched_distance/references/SGB_genome_fastas_part1_redo/1587/LeChatelierE_2013__MH0096__bin.63.fa	/home/jshaw/scratch/2022_sketched_distance/references/SGB_genome_fastas_part1_redo/1587/LeChatelierE_2013__MH0117__bin.15.fa	/home/jshaw/scratch/2022_sketched_distance/references/SGB_genome_fastas_part1_redo/1587/LeChatelierE_2013__MH0152__bin.1.fa	/home/jshaw/scratch/2022_sketched_distance/references/SGB_genome_fastas_part1_redo/1587/LeChatelierE_2013__MH0181__bin.38.fa	/home/jshaw/scratch/2022_sketched_distance/references/SGB_genome_fastas_part1_redo/1587/LeChatelierE_2013__MH0224__bin.21.fa	/home/jshaw/scratch/2022_sketched_distance/references/SGB_genome_fastas_part1_redo/1587/LeChatelierE_2013__MH0415__bin.106.fa	/home/jshaw/scratch/2022_sketched_distance/references/SGB_genome_fastas_part1_redo/1587/LeChatelierE_2013__MH0430__bin.81.fa	/home/jshaw/scratch/2022_sketched_distance/references/SGB_genome_fastas_part1_redo/1587/LeChatelierE_2013__MH0443__bin.25.fa	/home/jshaw/scratch/2022_sketched_distance/references/SGB_genome_fastas_part1_redo/1587/LiJ_2014__MH0192__bin.71.fa	/home/jshaw/scratch/2022_sketched_distance/references/SGB_genome_fastas_part1_redo/1587/LiJ_2014__MH0264__bin.15.fa	/home/jshaw/scratch/2022_sketched_distance/references/SGB_genome_fastas_part1_redo/1587/LiJ_2014__MH0265__bin.20.fa	/home/jshaw/scratch/2022_sketched_distance/references/SGB_genome_fastas_part1_redo/1587/LiJ_2014__MH0328__bin.60.fa	/home/jshaw/scratch/2022_sketched_distance/references/SGB_genome_fastas_part1_redo/1587/LiJ_2014__O2.UC13-1__bin.12.fa	/home/jshaw/scratch/2022_sketched_distance/references/SGB_genome_fastas_part1_redo/1587/NielsenHB_2014__MH0096__bin.49.fa	/home/jshaw/scratch/2022_sketched_distance/references/SGB_genome_fastas_part1_redo/1587/NielsenHB_2014__MH0117__bin.40.fa	/home/jshaw/scratch/2022_sketched_distance/references/SGB_genome_fastas_part1_redo/1587/NielsenHB_2014__MH0152__bin.14.fa	/home/jshaw/scratch/2022_sketched_distance/references/SGB_genome_fastas_part1_redo/1587/NielsenHB_2014__MH0181__bin.46.fa	/home/jshaw/scratch/2022_sketched_distance/references/SGB_genome_fastas_part1_redo/1587/NielsenHB_2014__O2_UC13_2__bin.58.fa	/home/jshaw/scratch/2022_sketched_distance/references/SGB_genome_fastas_part1_redo/1587/SchirmerM_2016__G88820__bin.19.fa	/home/jshaw/scratch/2022_sketched_distance/references/SGB_genome_fastas_part1_redo/1587/SchirmerM_2016__G88826__bin.7.fa	/home/jshaw/scratch/2022_sketched_distance/references/SGB_genome_fastas_part1_redo/1587/XieH_2016__YSZC12003_35989__bin.62.fa	/home/jshaw/scratch/2022_sketched_distance/references/SGB_genome_fastas_part1_redo/1587/XieH_2016__YSZC12003_36008__bin.37.fa	/home/jshaw/scratch/2022_sketched_distance/references/SGB_genome_fastas_part1_redo/1587/XieH_2016__YSZC12003_37270__bin.104.fa	/home/jshaw/scratch/2022_sketched_distance/references/SGB_genome_fastas_part1_redo/1587/YuJ_2015__SZAXPI015263-84__bin.29.fa	/home/jshaw/scratch/2022_sketched_distance/references/SGB_genome_fastas_part1_redo/1587/ZeeviD_2015__PNP_Main_215__bin.1.fa	/home/jshaw/scratch/2022_sketched_distance/references/SGB_genome_fastas_part1_redo/1587/ZeeviD_2015__PNP_Main_568__bin.27.fa	/home/jshaw/scratch/2022_sketched_distance/references/SGB_genome_fastas_part1_redo/1587/ZeeviD_2015__PNP_Main_85__bin.45.fa	/home/jshaw/scratch/2022_sketched_distance/references/SGB_genome_fastas_part1_redo/1587/ZellerG_2014__CCIS09568613ST-4-0__bin.97.fa	/home/jshaw/scratch/2022_sketched_distance/references/SGB_genome_fastas_part1_redo/1587/ZellerG_2014__CCIS21278152ST-4-0__bin.12.fa	/home/jshaw/scratch/2022_sketched_distance/references/SGB_genome_fastas_part1_redo/1587/ZellerG_2014__CCIS51595129ST-4-0__bin.55.fa	/home/jshaw/scratch/2022_sketched_distance/references/SGB_genome_fastas_part1_redo/1587/ZellerG_2014__CCIS62605362ST-3-0__bin.54.fa	/home/jshaw/scratch/2022_sketched_distance/references/SGB_genome_fastas_part1_redo/1587/ZellerG_2014__CCIS83445808ST-4-0__bin.18.fa	/home/jshaw/scratch/2022_sketched_distance/references/SGB_genome_fastas_part1_redo/1587/ZellerG_2014__CCIS96387239ST-4-0__bin.9.fa
1.0	0.9974512522265003	0.9827272389325901	0.9839900946062241	0.9828801370183647	0.9817437702461287	0.9828798132974379	0.9842689265800973	0.9847118592004437	0.9847338496847887	0.9825843656731807	0.9821873987840302	0.9844246339696213	0.9820792074914013	0.9851488942496666	0.9834791059118682	0.9824819568306148	0.9835210461579351	0.9813317761883459	0.9831346988673644	0.9839102241798164	0.982786633810791	0.9825290150803103	0.9845302283172211	0.9727662717262304	0.9824825905461398	0.9843357488179503	0.982599475918833	0.9826463657403559	0.9812039774980257	0.9849601438230796	0.9848654841182017	0.9827735468010338	0.9838199322749723	0.9834269547280629	0.9847322548535736	0.9847990125782017
0.9974512522265003	1.0	0.9829429972145628	0.9838582311466049	0.9827452851102806	0.9815399057443696	0.982963147726303	0.9837430252076277	0.9843271320772532	0.9843271320772532	0.9829637150132442	0.9824702146847519	0.9842156086421423	0.9818775725607805	0.9847694737979146	0.9833783342556425	0.982589623951102	0.9832836444426969	0.9810021431034094	0.9832405223418645	0.983263531270922	0.9826834049427483	0.982424858282374	0.9840864836148513	0.9724353169815492	0.982584175970406	0.9842156086421423	0.9823303329331418	0.9827068082971872	0.9814266419502282	0.984873690671942	0.9845269239940667	0.9827243207375681	0.9835839718393729	0.9831433265316446	0.9848049753649308	0.9843770903002754
0.9827272389325901	0.9829429972145628	1.0	0.9835128838332572	0.9818132642180918	0.9823157767892338	0.9818249894502737	0.9832521610604519	0.9834645018513989	0.9833938743145839	0.9818401164595282	0.9805730894983121	0.9841395040998673	0.9811000132030909	0.9834880105894304	0.983908310750509	0.9827512823667884	0.9820082553775851	0.9811757602098878	0.9815518861846256	0.9827993163593192	0.9824130575247901	0.9818249894502737	0.9809092760436474	0.9718648202011909	0.9815014753916295	0.9836521014344892	0.982630888327688	0.9825584389200585	0.9826550025620415	0.9834585354580692	0.9840703170335795	0.9814689848432978	0.983908310750509	0.9833467046074023	0.9825240647633126	0.9817247552906384
0.9839900946062241	0.9838582311466049	0.9835128838332572	1.0	0.9801107430729784	0.9832985400125503	0.9837258353482761	0.9854570384634531	0.9860308935086226	0.9863018436557354	0.9811891091365608	0.9816163511415549	0.9855073387081437	0.9829200318251071	0.9864242684433897	0.9850263472786865	0.9843565169415673	0.9797323294169086	0.9830827852505784	0.9843304792065576	0.9848985908426732	0.9832985400125503	0.9845640783580949	0.9817856979349945	0.9733155608816536	0.9810742291242397	0.9852297292445917	0.9871732963491544	0.9842783416658315	0.9835128838332572	0.980987542151201	0.9860556178370774	0.9820380863380271	0.9857327415839428	0.9840164037998521	0.9830286238807381	0.9833790832809012
0.9828801370183647	0.9827452851102806	0.9818132642180918	0.9801107430729784	1.0	0.9836515203412014	0.9824739043130033	0.9845077787040484	0.9847628999963262	0.984965578923375	0.9797684709626672	0.9793599569126589	0.9851921071148435	0.9833610596354121	0.9853172841553266	0.9835198116845583	0.9815900541639666	0.9984748496921427	0.9834405317595545	0.9831214805344747	0.9841731279144909	0.9823647192075561	0.9827722999363985	0.980939709529697	0.9725876270270347	0.9788463850680625	0.9855414075980612	0.9837040560180143	0.9832547961841128	0.9827722999363985	0.9800983412592736	0.9858132759266679	0.9809111381908654	0.9849403123807596	0.9842248353432477	0.9808252740680095	0.9820349622098156
0.9817437702461287	0.9815399057443696	0.9823157767892338	0.9832985400125503	0.9836515203412014	1.0	0.9814275668180104	0.9833032145955872	0.9848824470718777	0.9844892143637662	0.9841281497184589	0.9818499811856822	0.9845770074606929	0.9819541729260829	0.9844892143637662	0.98391276076966	0.9823553708357136	0.984048997334962	0.9975424409606127	0.9815720291998126	0.9828442766909047	0.9820016286749905	0.9818679134610075	0.9824321397475471	0.9735791774967633	0.9822272397039108	0.9842465651593306	0.9827980273637765	0.982096334274308	0.9814266419502282	0.9831862584462139	0.9849041558200119	0.9825018833566163	0.984664566333088	0.984079364790202	0.9837469263890541	0.9824332824869566
0.9828798132974379	0.982963147726303	0.9818249894502737	0.9837258353482761	0.9824739043130033	0.9814275668180104	1.0	0.9821772738622455	0.9820567888572749	0.9817933777550523	0.9844129109280928	0.98174545668774	0.9826471529163127	0.9804412147276184	0.9827490302272295	0.9816994101555195	0.9830945931067674	0.9829242861409899	0.9818415806893679	0.997276853767505	0.9822274515619918	0.9823617509302328	0.9814583745510739	0.9825624048727759	0.9720673208669789	0.9833609611745809	0.9823180972722246	0.9820661281601084	0.982433632370326	0.9825892558138475	0.9838776332415927	0.9829623891937116	0.9826256461271904	0.9821659209369962	0.9834739884042157	0.9837719237712059	0.9864787856718333
0.9842689265800973	0.9837430252076277	0.9832521610604519	0.9854570384634531	0.9845077787040484	0.9833032145955872	0.9821772738622455	1.0	0.9854647293442862	0.9851175874724395	0.9847207668475506	0.983478530101732	0.9848703177552279	0.9820422695656408	0.9851175874724395	0.9832811785548824	0.9839743862443429	0.9849953785720492	0.983151606505861	0.9837986218861401	0.9995841938318422	0.9841616813926399	0.9839096830917003	0.9845302283172211	0.9756021372691536	0.9833113978490081	0.9847252123228558	0.984318685279919	0.983999925414754	0.9831788216254678	0.9850750617108852	0.9864452693297489	0.9849385616464786	0.9855053294004467	0.9854573053935687	0.9857124272302527	0.984471320694368
0.9847118592004437	0.9843271320772532	0.9834645018513989	0.9860308935086226	0.9847628999963262	0.9848824470718777	0.9820567888572749	0.9854647293442862	1.0	0.9847726083347179	0.985874843621108	0.9843360604609075	0.9853671817697953	0.9828634613322966	0.9853968735590257	0.9844287530390268	0.9841298292371439	0.9853048714089272	0.9851315389220139	0.9837322088136446	0.9855874831344017	0.9842502409462155	0.9845776557213619	0.9857794576220631	0.9751463540488344	0.9843368123253178	0.9828858333376166	0.9851223599603669	0.9852183272141348	0.9834117096171013	0.985643695579203	0.9880862247804582	0.9848463388700286	0.9868979055405507	0.9849220453921538	0.9864115421809919	0.9851234655804652
0.9847338496847887	0.9843271320772532	0.9833938743145839	0.9863018436557354	0.984965578923375	0.9844892143637662	0.9817933777550523	0.9851175874724395	0.9847726083347179	1.0	0.9859733081035364	0.9842876580194415	0.9844302789299777	0.9827760626187295	0.984912958107888	0.9839300874588853	0.9834357749345353	0.9851364188358148	0.9841898501193412	0.9837322088136446	0.9852353212449902	0.9833991112056414	0.9848847833358245	0.9854715767608072	0.975420589986293	0.9834104496706134	0.9842459907470807	0.9842085553070977	0.9850899263714354	0.9831554415516044	0.9862580316606541	0.9848929448392265	0.9851679916107432	0.9838557380536912	0.9850118634803489	0.9856416907513622	0.9855814787363887
0.9825843656731807	0.9829637150132442	0.9818401164595282	0.9811891091365608	0.9797684709626672	0.9841281497184589	0.9844129109280928	0.9847207668475506	0.985874843621108	0.9859733081035364	1.0	0.9838146556864256	0.9858501813348547	0.9828557769823035	0.986095975317069	0.9849244115865993	0.9851772039487686	0.9792642213298163	0.9832320147028457	0.9825025017892105	0.9840500566661268	0.9831249582804622	0.9842060573057845	0.9815882249061932	0.9738216022157355	0.9839978911509709	0.9855278756824584	0.9839456425387954	0.9844129109280928	0.9835511017994455	0.9804305022195264	0.9859487196260891	0.9822556750713394	0.9857760832269052	0.984848192775487	0.9835246295176239	0.9830175509773644
0.9821873987840302	0.9824702146847519	0.9805730894983121	0.9816163511415549	0.9793599569126589	0.9818499811856822	0.98174545668774	0.983478530101732	0.9843360604609075	0.9842876580194415	0.9838146556864256	1.0	0.9847684994474979	0.981588041272014	0.9851717485325238	0.9835776761604716	0.983104038463531	0.9791630331930918	0.9812974644491309	0.9808970167070385	0.9828772719964803	0.9815090486582227	0.9822390018846513	0.9809366131301251	0.9725556981619504	0.9823676549403787	0.9844567551056067	0.9820061446839413	0.9827759809049021	0.9821357142197988	0.9813751103829759	0.9849826010516693	0.980762436884581	0.984263429995375	0.9817192733162892	0.9823418550622054	0.9811111988693154
0.9844246339696213	0.9842156086421423	0.9841395040998673	0.9855073387081437	0.9851921071148435	0.9845770074606929	0.9826471529163127	0.9848703177552279	0.9853671817697953	0.9844302789299777	0.9858501813348547	0.9847684994474979	1.0	0.9824462247478524	0.9847591996205837	0.983677924786689	0.9842404107040882	0.9849670976726972	0.9841676256163544	0.9846930433812372	0.9849214228603308	0.9835801414927184	0.9841338551927276	0.985184794845714	0.975632296852802	0.9839499492256146	0.9842853329053111	0.9849502519451411	0.9842428513736129	0.9839867930082699	0.9855024573201254	0.9859443901496343	0.9848924826413741	0.9850848570833161	0.9859186081912007	0.9851901208569311	0.9853761628067734
0.9820792074914013	0.9818775725607805	0.9811000132030909	0.9829200318251071	0.9833610596354121	0.9819541729260829	0.9804412147276184	0.9820422695656408	0.9828634613322966	0.9827760626187295	0.9828557769823035	0.981588041272014	0.9824462247478524	1.0	0.9823798566749324	0.9817538461188982	0.9819546371275638	0.9835210461579351	0.9816260641708929	0.981674522867063	0.9822046159659154	0.9820085322070115	0.9821776684718705	0.9831294960552697	0.9755719496891054	0.9813174909864408	0.9826445257826021	0.982510615109922	0.9823638043261564	0.9816967452419909	0.9843794413464225	0.9833830140103522	0.9822279475865049	0.9823577040592142	0.9828572221602526	0.9827568546408922	0.9829547951862221
0.9851488942496666	0.9847694737979146	0.9834880105894304	0.9864242684433897	0.9853172841553266	0.9844892143637662	0.9827490302272295	0.9851175874724395	0.9853968735590257	0.984912958107888	0.986095975317069	0.9851717485325238	0.9847591996205837	0.9823798566749324	1.0	0.984013726583011	0.9850688694306102	0.9856114750165983	0.9846312078540842	0.9846930433812372	0.9851727811608504	0.9848635546043419	0.9843786879682104	0.9854001156896705	0.9755719496891054	0.98457630564016	0.9847601238947966	0.9855275374236019	0.9855159912758311	0.9838954547114802	0.9857562506464376	0.9855933523354349	0.9853958297713491	0.9846796548012169	0.9851237916746248	0.9861569232719598	0.9856269307584521
0.9834791059118682	0.9833783342556425	0.983908310750509	0.9850263472786865	0.9835198116845583	0.98391276076966	0.9816994101555195	0.9832811785548824	0.9844287530390268	0.9839300874588853	0.9849244115865993	0.9835776761604716	0.983677924786689	0.9817538461188982	0.984013726583011	1.0	0.9842845391370589	0.9837273717261235	0.982921483172727	0.9830605719476421	0.9833714479306549	0.9837152612325794	0.9837970198393762	0.984061654262938	0.9758126693734807	0.9841922727628432	0.9830172288694232	0.9841643995963912	0.983999925414754	0.9831320447860326	0.9851037284491924	0.984654799630297	0.9839333192301261	0.9845727809013072	0.9848545202025362	0.985309558249842	0.9845887294529617
0.9824819568306148	0.982589623951102	0.9827512823667884	0.9843565169415673	0.9815900541639666	0.9823553708357136	0.9830945931067674	0.9839743862443429	0.9841298292371439	0.9834357749345353	0.9851772039487686	0.983104038463531	0.9842404107040882	0.9819546371275638	0.9850688694306102	0.9842845391370589	1.0	0.9817283728093252	0.9813849246396747	0.9828421160430914	0.9834809986971261	0.997387046910656	0.9822960289367274	0.9833078951790583	0.9741205458710435	0.9845046409912646	0.9842624823397776	0.9838182030605721	0.9828881659090262	0.9846861722164184	0.9844379761457205	0.9844165694463638	0.9827489430158325	0.9850257837016948	0.9839406511320069	0.9838966256584233	0.983200246705153
0.9835210461579351	0.9832836444426969	0.9820082553775851	0.9797323294169086	0.9984748496921427	0.984048997334962	0.9829242861409899	0.9849953785720492	0.9853048714089272	0.9851364188358148	0.9792642213298163	0.9791630331930918	0.9849670976726972	0.9835210461579351	0.9856114750165983	0.9837273717261235	0.9817283728093252	1.0	0.9843386725927041	0.9836979760159188	0.9844825567584985	0.9832240243769912	0.9824694734786596	0.9807777511522539	0.9725980654666236	0.9788234554382225	0.9859701739588232	0.9841651745545889	0.9836685539292281	0.9829543836472631	0.9762774688485941	0.9863521366066825	0.9810977048613668	0.9851082592061775	0.9849953785720492	0.9812565154025352	0.9824389269018646
0.9813317761883459	0.9810021431034094	0.9811757602098878	0.9830827852505784	0.9834405317595545	0.9975424409606127	0.9818415806893679	0.983151606505861	0.9851315389220139	0.9841898501193412	0.9832320147028457	0.9812974644491309	0.9841676256163544	0.9816260641708929	0.9846312078540842	0.982921483172727	0.9813849246396747	0.9843386725927041	1.0	0.9818177043791899	0.9828289793796153	0.9814815938365203	0.9812882394593414	0.9823798882656793	0.9727333278641002	0.9816322622249722	0.9844553764792738	0.983151606505861	0.9824094489292968	0.9808043473078957	0.9825420068040163	0.985325263904568	0.9826009309580204	0.9841676256163544	0.9833562774388576	0.9832175300125308	0.9823580981490975
0.9831346988673644	0.9832405223418645	0.9815518861846256	0.9843304792065576	0.9831214805344747	0.9815720291998126	0.997276853767505	0.9837986218861401	0.9837322088136446	0.9837322088136446	0.9825025017892105	0.9808970167070385	0.9846930433812372	0.981674522867063	0.9846930433812372	0.9830605719476421	0.9828421160430914	0.9836979760159188	0.9818177043791899	1.0	0.9831960048183935	0.9828960598322704	0.9818679134610075	0.9827180421985149	0.9729632351376681	0.982584175970406	0.9844771295033982	0.9825570541509345	0.9826884022342645	0.9818917930194984	0.9842032077785415	0.9851418918445655	0.9831890088069773	0.9843033697040422	0.9838478483636599	0.9831921061358571	0.9866112939833098
0.9839102241798164	0.983263531270922	0.9827993163593192	0.9848985908426732	0.9841731279144909	0.9828442766909047	0.9822274515619918	0.9995841938318422	0.9855874831344017	0.9852353212449902	0.9840500566661268	0.9828772719964803	0.9849214228603308	0.9822046159659154	0.9851727811608504	0.9833714479306549	0.9834809986971261	0.9844825567584985	0.9828289793796153	0.9831960048183935	1.0	0.9837601776941701	0.9833424553953422	0.9841112941869987	0.9749006311539977	0.9826854472933578	0.9848372073028222	0.9837866566177254	0.9834635754949211	0.9824700585878652	0.9844672044360198	0.9865018578600098	0.9843812978320563	0.9854015149048047	0.9848770440347011	0.9852379479507997	0.9839735640880137
0.982786633810791	0.9826834049427483	0.9824130575247901	0.9832985400125503	0.9823647192075561	0.9820016286749905	0.9823617509302328	0.9841616813926399	0.9842502409462155	0.9833991112056414	0.9831249582804622	0.9815090486582227	0.9835801414927184	0.9820085322070115	0.9848635546043419	0.9837152612325794	0.997387046910656	0.9832240243769912	0.9814815938365203	0.9828960598322704	0.9837601776941701	1.0	0.9812394664563644	0.9831039310056223	0.9728977134980076	0.9824571448792763	0.9842502409462155	0.9836477709658101	0.9828037603907023	0.9829207187503863	0.9838478746757089	0.9844486302534435	0.9828472474801367	0.9841616813926399	0.9834504800013626	0.9832936835251838	0.9829547951862221
0.9825290150803103	0.982424858282374	0.9818249894502737	0.9845640783580949	0.9827722999363985	0.9818679134610075	0.9814583745510739	0.9839096830917003	0.9845776557213619	0.9848847833358245	0.9842060573057845	0.9822390018846513	0.9841338551927276	0.9821776684718705	0.9843786879682104	0.9837970198393762	0.9822960289367274	0.9824694734786596	0.9812882394593414	0.9818679134610075	0.9833424553953422	0.9812394664563644	1.0	0.9970172497599098	0.9732888725259914	0.9822272397039108	0.9835022708565995	0.9826251801756289	0.9828117920241909	0.982350425931876	0.9843794413464225	0.9847973254244323	0.9826996799379552	0.9844008551654518	0.9837547822375021	0.9841693122136996	0.9833222865068617
0.9845302283172211	0.9840864836148513	0.9809092760436474	0.9817856979349945	0.980939709529697	0.9824321397475471	0.9825624048727759	0.9845302283172211	0.9857794576220631	0.9854715767608072	0.9815882249061932	0.9809366131301251	0.985184794845714	0.9831294960552697	0.9854001156896705	0.984061654262938	0.9833078951790583	0.9807777511522539	0.9823798882656793	0.9827180421985149	0.9841112941869987	0.9831039310056223	0.9970172497599098	1.0	0.972216690102209	0.9819588470880332	0.9845302283172211	0.9834347312345664	0.9840368061023325	0.9823013543788345	0.9821680924694582	0.9859205892750175	0.9820382058898016	0.9850645593055696	0.9833078951790583	0.9829244150052201	0.9836869405811277
0.9727662717262304	0.9724353169815492	0.9718648202011909	0.9733155608816536	0.9725876270270347	0.9735791774967633	0.9720673208669789	0.9756021372691536	0.9751463540488344	0.975420589986293	0.9738216022157355	0.9725556981619504	0.975632296852802	0.9755719496891054	0.9755719496891054	0.9758126693734807	0.9741205458710435	0.9725980654666236	0.9727333278641002	0.9729632351376681	0.9749006311539977	0.9728977134980076	0.9732888725259914	0.972216690102209	1.0	0.971307871600847	0.9757226081520345	0.9737393428778134	0.9731264624604494	0.9721009482725875	0.9732505413080329	0.975782676665839	0.9714857212264593	0.975420589986293	0.9746219535918522	0.9740008442300878	0.9725040039287559
0.9824825905461398	0.982584175970406	0.9815014753916295	0.9810742291242397	0.9788463850680625	0.9822272397039108	0.9833609611745809	0.9833113978490081	0.9843368123253178	0.9834104496706134	0.9839978911509709	0.9823676549403787	0.9839499492256146	0.9813174909864408	0.98457630564016	0.9841922727628432	0.9845046409912646	0.9788234554382225	0.9816322622249722	0.982584175970406	0.9826854472933578	0.9824571448792763	0.9822272397039108	0.9819588470880332	0.971307871600847	1.0	0.98457630564016	0.9820473017504634	0.9828619222125975	0.9822784694255744	0.9819164225672413	0.9848850569102026	0.9799448416410129	0.9848850569102026	0.9820730678037727	0.9823418550622054	0.9812118905559831
0.9843357488179503	0.9842156086421423	0.9836521014344892	0.9852297292445917	0.9855414075980612	0.9842465651593306	0.9823180972722246	0.9847252123228558	0.9828858333376166	0.9842459907470807	0.9855278756824584	0.9844567551056067	0.9842853329053111	0.9826445257826021	0.9847601238947966	0.9830172288694232	0.9842624823397776	0.9859701739588232	0.9844553764792738	0.9844771295033982	0.9848372073028222	0.9842502409462155	0.9835022708565995	0.9845302283172211	0.9757226081520345	0.98457630564016	1.0	0.9849933635991319	0.9850470142754292	0.9836890086647053	0.9861749316529167	0.984943362165791	0.9844280995948025	0.9834096885891543	0.9861360207437347	0.9860172044818566	0.9851465185725027
0.982599475918833	0.9823303329331418	0.982630888327688	0.9871732963491544	0.9837040560180143	0.9827980273637765	0.9820661281601084	0.984318685279919	0.9851223599603669	0.9842085553070977	0.9839456425387954	0.9820061446839413	0.9849502519451411	0.982510615109922	0.9855275374236019	0.9841643995963912	0.9838182030605721	0.9841651745545889	0.983151606505861	0.9825570541509345	0.9837866566177254	0.9836477709658101	0.9826251801756289	0.9834347312345664	0.9737393428778134	0.9820473017504634	0.9849933635991319	1.0	0.9847338403580501	0.9828971537252383	0.983398224610778	0.985314909331307	0.9828226990050628	0.9841643995963912	0.9841024268090912	0.9844397508193089	0.9835408196214794
0.9826463657403559	0.9827068082971872	0.9825584389200585	0.9842783416658315	0.9832547961841128	0.982096334274308	0.982433632370326	0.983999925414754	0.9852183272141348	0.9850899263714354	0.9844129109280928	0.9827759809049021	0.9842428513736129	0.9823638043261564	0.9855159912758311	0.983999925414754	0.9828881659090262	0.9836685539292281	0.9824094489292968	0.9826884022342645	0.9834635754949211	0.9828037603907023	0.9828117920241909	0.9840368061023325	0.9731264624604494	0.9828619222125975	0.9850470142754292	0.9847338403580501	1.0	0.9840095878940681	0.9839073648294423	0.9854312193026126	0.9836711389094708	0.9848099899431012	0.9845375529023996	0.9841199011528162	0.9835166099806757
0.9812039774980257	0.9814266419502282	0.9826550025620415	0.9835128838332572	0.9827722999363985	0.9814266419502282	0.9825892558138475	0.9831788216254678	0.9834117096171013	0.9831554415516044	0.9835511017994455	0.9821357142197988	0.9839867930082699	0.9816967452419909	0.9838954547114802	0.9831320447860326	0.9846861722164184	0.9829543836472631	0.9808043473078957	0.9818917930194984	0.9824700585878652	0.9829207187503863	0.982350425931876	0.9823013543788345	0.9721009482725875	0.9822784694255744	0.9836890086647053	0.9828971537252383	0.9840095878940681	1.0	0.9827889321885207	0.9841460255482	0.9813150567909743	0.9844172102834048	0.984217494334359	0.9828597881540729	0.9820809357426132
0.9849601438230796	0.984873690671942	0.9834585354580692	0.980987542151201	0.9800983412592736	0.9831862584462139	0.9838776332415927	0.9850750617108852	0.985643695579203	0.9862580316606541	0.9804305022195264	0.9813751103829759	0.9855024573201254	0.9843794413464225	0.9857562506464376	0.9851037284491924	0.9844379761457205	0.9762774688485941	0.9825420068040163	0.9842032077785415	0.9844672044360198	0.9838478746757089	0.9843794413464225	0.9821680924694582	0.9732505413080329	0.9819164225672413	0.9861749316529167	0.983398224610778	0.9839073648294423	0.9827889321885207	1.0	0.9861471849027589	0.9829729124113996	0.9858123839250867	0.9840556198322776	0.9825110098299158	0.9836088289315029
0.9848654841182017	0.9845269239940667	0.9840703170335795	0.9860556178370774	0.9858132759266679	0.9849041558200119	0.9829623891937116	0.9864452693297489	0.9880862247804582	0.9848929448392265	0.9859487196260891	0.9849826010516693	0.9859443901496343	0.9833830140103522	0.9855933523354349	0.984654799630297	0.9844165694463638	0.9863521366066825	0.985325263904568	0.9851418918445655	0.9865018578600098	0.9844486302534435	0.9847973254244323	0.9859205892750175	0.975782676665839	0.9848850569102026	0.984943362165791	0.985314909331307	0.9854312193026126	0.9841460255482	0.9861471849027589	1.0	0.9858244163352625	0.9982263708978637	0.9855456734021141	0.9870509044764694	0.9860331942308866
0.9827735468010338	0.9827243207375681	0.9814689848432978	0.9820380863380271	0.9809111381908654	0.9825018833566163	0.9826256461271904	0.9849385616464786	0.9848463388700286	0.9851679916107432	0.9822556750713394	0.980762436884581	0.9848924826413741	0.9822279475865049	0.9853958297713491	0.9839333192301261	0.9827489430158325	0.9810977048613668	0.9826009309580204	0.9831890088069773	0.9843812978320563	0.9828472474801367	0.9826996799379552	0.9820382058898016	0.9714857212264593	0.9799448416410129	0.9844280995948025	0.9828226990050628	0.9836711389094708	0.9813150567909743	0.9829729124113996	0.9858244163352625	1.0	0.9847770013705976	0.9833827126067156	0.9827826183558922	0.9817503257021345
0.9838199322749723	0.9835839718393729	0.983908310750509	0.9857327415839428	0.9849403123807596	0.984664566333088	0.9821659209369962	0.9855053294004467	0.9868979055405507	0.9838557380536912	0.9857760832269052	0.984263429995375	0.9850848570833161	0.9823577040592142	0.9846796548012169	0.9845727809013072	0.9850257837016948	0.9851082592061775	0.9841676256163544	0.9843033697040422	0.9854015149048047	0.9841616813926399	0.9844008551654518	0.9850645593055696	0.975420589986293	0.9848850569102026	0.9834096885891543	0.9841643995963912	0.9848099899431012	0.9844172102834048	0.9858123839250867	0.9982263708978637	0.9847770013705976	1.0	0.9851684563442691	0.9863653942645053	0.9851003963930826
0.9834269547280629	0.9831433265316446	0.9833467046074023	0.9840164037998521	0.9842248353432477	0.984079364790202	0.9834739884042157	0.9854573053935687	0.9849220453921538	0.9850118634803489	0.984848192775487	0.9817192733162892	0.9859186081912007	0.9828572221602526	0.9851237916746248	0.9848545202025362	0.9839406511320069	0.9849953785720492	0.9833562774388576	0.9838478483636599	0.9848770440347011	0.9834504800013626	0.9837547822375021	0.9833078951790583	0.9746219535918522	0.9820730678037727	0.9861360207437347	0.9841024268090912	0.9845375529023996	0.984217494334359	0.9840556198322776	0.9855456734021141	0.9833827126067156	0.9851684563442691	1.0	0.9832936835251838	0.9824833096529755
0.9847322548535736	0.9848049753649308	0.9825240647633126	0.9830286238807381	0.9808252740680095	0.9837469263890541	0.9837719237712059	0.9857124272302527	0.9864115421809919	0.9856416907513622	0.9835246295176239	0.9823418550622054	0.9851901208569311	0.9827568546408922	0.9861569232719598	0.985309558249842	0.9838966256584233	0.9812565154025352	0.9832175300125308	0.9831921061358571	0.9852379479507997	0.9832936835251838	0.9841693122136996	0.9829244150052201	0.9740008442300878	0.9823418550622054	0.9860172044818566	0.9844397508193089	0.9841199011528162	0.9828597881540729	0.9825110098299158	0.9870509044764694	0.9827826183558922	0.9863653942645053	0.9832936835251838	1.0	0.9837219099365752
0.9847990125782017	0.9843770903002754	0.9817247552906384	0.9833790832809012	0.9820349622098156	0.9824332824869566	0.9864787856718333	0.984471320694368	0.9851234655804652	0.9855814787363887	0.9830175509773644	0.9811111988693154	0.9853761628067734	0.9829547951862221	0.9856269307584521	0.9845887294529617	0.983200246705153	0.9824389269018646	0.9823580981490975	0.9866112939833098	0.9839735640880137	0.9829547951862221	0.9833222865068617	0.9836869405811277	0.9725040039287559	0.9812118905559831	0.9851465185725027	0.9835408196214794	0.9835166099806757	0.9820809357426132	0.9836088289315029	0.9860331942308866	0.9817503257021345	0.9851003963930826	0.9824833096529755	0.9837219099365752	1.0
