/home/jshaw/scratch/2022_sketched_distance/references/SGB_genome_fastas_part5/15350/Bengtsson-PalmeJ_2015__TRAVELRES19__bin.58.fa	/home/jshaw/scratch/2022_sketched_distance/references/SGB_genome_fastas_part5/15350/HeQ_2017__SZAXPI029486-84__bin.35.fa	/home/jshaw/scratch/2022_sketched_distance/references/SGB_genome_fastas_part5/15350/HMP_2012__SRS021484__bin.49.fa	/home/jshaw/scratch/2022_sketched_distance/references/SGB_genome_fastas_part5/15350/HMP_2012__SRS054956__bin.1.fa	/home/jshaw/scratch/2022_sketched_distance/references/SGB_genome_fastas_part5/15350/QinJ_2012__DLM013__bin.12.fa	/home/jshaw/scratch/2022_sketched_distance/references/SGB_genome_fastas_part5/15350/QinJ_2012__T2D-077__bin.18.fa	/home/jshaw/scratch/2022_sketched_distance/references/SGB_genome_fastas_part5/15350/RaymondF_2016__P12E90__bin.22.fa	/home/jshaw/scratch/2022_sketched_distance/references/SGB_genome_fastas_part5/15350/RaymondF_2016__P15E0__bin.36.fa	/home/jshaw/scratch/2022_sketched_distance/references/SGB_genome_fastas_part5/15350/RaymondF_2016__P15E90__bin.56.fa	/home/jshaw/scratch/2022_sketched_distance/references/SGB_genome_fastas_part5/15350/RaymondF_2016__P18E0__bin.7.fa	/home/jshaw/scratch/2022_sketched_distance/references/SGB_genome_fastas_part5/15350/RaymondF_2016__P18E90__bin.11.fa	/home/jshaw/scratch/2022_sketched_distance/references/SGB_genome_fastas_part5/15350/RaymondF_2016__P20E0__bin.15.fa	/home/jshaw/scratch/2022_sketched_distance/references/SGB_genome_fastas_part5/15350/RaymondF_2016__P21E7__bin.23.fa	/home/jshaw/scratch/2022_sketched_distance/references/SGB_genome_fastas_part5/15350/RaymondF_2016__P22E0__bin.67.fa	/home/jshaw/scratch/2022_sketched_distance/references/SGB_genome_fastas_part5/15350/RaymondF_2016__P22E90__bin.66.fa	/home/jshaw/scratch/2022_sketched_distance/references/SGB_genome_fastas_part5/15350/RaymondF_2016__P2E0__bin.65.fa	/home/jshaw/scratch/2022_sketched_distance/references/SGB_genome_fastas_part5/15350/RaymondF_2016__P38C0__bin.54.fa	/home/jshaw/scratch/2022_sketched_distance/references/SGB_genome_fastas_part5/15350/RaymondF_2016__P38C7__bin.19.fa	/home/jshaw/scratch/2022_sketched_distance/references/SGB_genome_fastas_part5/15350/RaymondF_2016__P6C0__bin.76.fa	/home/jshaw/scratch/2022_sketched_distance/references/SGB_genome_fastas_part5/15350/RaymondF_2016__P6C7__bin.5.fa	/home/jshaw/scratch/2022_sketched_distance/references/SGB_genome_fastas_part5/15350/RaymondF_2016__P9E90__bin.19.fa	/home/jshaw/scratch/2022_sketched_distance/references/SGB_genome_fastas_part5/15350/XieH_2016__YSZC12003_35653__bin.8.fa	/home/jshaw/scratch/2022_sketched_distance/references/SGB_genome_fastas_part5/15350/XieH_2016__YSZC12003_37205__bin.52.fa	/home/jshaw/scratch/2022_sketched_distance/references/SGB_genome_fastas_part5/15350/XieH_2016__YSZC12003_37209__bin.63.fa	/home/jshaw/scratch/2022_sketched_distance/references/SGB_genome_fastas_part5/15350/XieH_2016__YSZC12003_37270__bin.39.fa	/home/jshaw/scratch/2022_sketched_distance/references/SGB_genome_fastas_part5/15350/XieH_2016__YSZC12003_37308R1__bin.80.fa
1.0	0.9783580483434456	0.9765791684676968	0.9744012259904149	0.9676792032547454	0.9776946501109938	0.9767579083903134	0.9767595867915512	0.9759132645369003	0.974283624383463	0.9763601649977528	0.9791584812339759	0.9773918838617578	0.9770369262089108	0.9768702307501372	0.9791854720486878	0.9781098671240449	0.9777372537845677	0.977472399654113	0.9786044823158621	0.9799375005055763	0.9768396746842923	0.9778513160465555	0.9799690912852946	0.9764398135340134	0.9792142763755732
0.9783580483434456	1.0	0.9782823291093856	0.9749642128683639	0.9710970022415214	0.9788440139474504	0.9795408604202677	0.980753878150613	0.9793068939903565	0.9744513726137751	0.9768738220416341	0.9819090064952649	0.9809306819842151	0.9791740563644752	0.9786842170461261	0.9828023755606659	0.9799367329387607	0.9796363417611867	0.9800465067370178	0.9814216488039157	0.980575046495325	0.9754055401339657	0.9787785312738553	0.9792566742482977	0.9793939202518778	0.9829041928269113
0.9765791684676968	0.9782823291093856	1.0	0.9753319902577456	0.9663686615898679	0.9765265892136811	0.9770396235602081	0.9769756600641563	0.9761286686258026	0.9721187132892226	0.9748637205172608	0.9786716390620904	0.9785108013870127	0.9767928162970809	0.9766690035462939	0.9788456333346887	0.9771295501094882	0.9770433294936847	0.9769702135350126	0.9785653137382698	0.9783440442929543	0.9741850696262048	0.9770837474805885	0.9771512636739107	0.9746371852970687	0.9783125287796395
0.9744012259904149	0.9749642128683639	0.9753319902577456	1.0	0.9651613998469	0.9751058609151111	0.9749906552974561	0.975320884771566	0.9748610658666333	0.9702782185943245	0.972925592958994	0.9768793376610836	0.9779493935711653	0.9741801444251308	0.9744872101313564	0.9770427725445938	0.9755589987648757	0.9745457932282138	0.975221629435843	0.9762799930509889	0.9757738946886794	0.9718243763394674	0.9751584561313515	0.9754931182720635	0.9718859452100155	0.9759801954396857
0.9676792032547454	0.9710970022415214	0.9663686615898679	0.9651613998469	1.0	0.9685659114640093	0.9663983072754642	0.967284429312455	0.9666006283415263	0.9618216432106166	0.9644261132025665	0.9672181219437972	0.9669255357847828	0.9649065350396766	0.9647340292413928	0.9687480005634674	0.966808945740023	0.9674043675140777	0.9666822947582416	0.9672987900458878	0.9671906800915361	0.9636176622780086	0.9677458990893919	0.9681164492158542	0.9659269978056205	0.9687304871846673
0.9776946501109938	0.9788440139474504	0.9765265892136811	0.9751058609151111	0.9685659114640093	1.0	0.9774397730711609	0.9777426850044553	0.9770529356598419	0.9740999272743078	0.9772637176248683	0.9796109671560155	0.979146529356578	0.9782514339314763	0.9770703553691107	0.9802888288960376	0.9793846702005051	0.9790774693520775	0.9781995400192217	0.9796815997055176	0.9806723041330717	0.9756671718324855	0.97783725922129	0.978363264349345	0.9762726580722918	0.9798119275567104
0.9767579083903134	0.9795408604202677	0.9770396235602081	0.9749906552974561	0.9663983072754642	0.9774397730711609	1.0	0.9821755035516302	0.9817817290900819	0.974553474927774	0.9769050103495891	0.9875460458394966	0.9801247170586246	0.9779317552606325	0.9778549249850251	0.9811257009330279	0.979838655759237	0.9795664018681584	0.9806198806835723	0.9814194408754031	0.9798479480133644	0.9754824770318942	0.9788153162580409	0.979076034657785	0.9760255369494526	0.9801111252576656
0.9767595867915512	0.980753878150613	0.9769756600641563	0.975320884771566	0.967284429312455	0.9777426850044553	0.9821755035516302	1.0	0.99227899887656	0.9766234835069608	0.9781096705915738	0.9832606434882832	0.9801491468012918	0.9780499044322042	0.9776874391604771	0.9816119909317907	0.9794263477279104	0.9794143879128446	0.981217766199445	0.9822120983465271	0.9792448306743712	0.9759613343512359	0.9778975814788305	0.978960283832764	0.9755087603050112	0.9804233720589748
0.9759132645369003	0.9793068939903565	0.9761286686258026	0.9748610658666333	0.9666006283415263	0.9770529356598419	0.9817817290900819	0.99227899887656	1.0	0.9743045692165208	0.9775934227778325	0.9823995773568347	0.9791337450018015	0.977511467855133	0.9773031563525291	0.9801432554885522	0.9803862223373188	0.9787468364686424	0.9813245248432699	0.9813462909875945	0.9792362447948794	0.9749545790089785	0.9778615715041203	0.978138685548529	0.9749566217751484	0.9793446330753617
0.974283624383463	0.9744513726137751	0.9721187132892226	0.9702782185943245	0.9618216432106166	0.9740999272743078	0.974553474927774	0.9766234835069608	0.9743045692165208	1.0	0.987429365857962	0.9741180150031247	0.9735123368439357	0.972761883229611	0.9730699553231286	0.9751544208617483	0.9758847208023408	0.9743767397230381	0.9753602597119733	0.9757453457207746	0.9753039818513164	0.9734428740269925	0.9744992366310007	0.9747284120492941	0.9720314737102387	0.9751156568354564
0.9763601649977528	0.9768738220416341	0.9748637205172608	0.972925592958994	0.9644261132025665	0.9772637176248683	0.9769050103495891	0.9781096705915738	0.9775934227778325	0.987429365857962	1.0	0.9774155322782891	0.9763419529509321	0.9754945120082101	0.9754081619574181	0.9779833866281396	0.9784129791478813	0.9775287562052672	0.9774666785204249	0.9780783243715385	0.9787475617367746	0.9754832573961623	0.9765617332720197	0.9778441143100587	0.9750480825001674	0.9778534286799013
0.9791584812339759	0.9819090064952649	0.9786716390620904	0.9768793376610836	0.9672181219437972	0.9796109671560155	0.9875460458394966	0.9832606434882832	0.9823995773568347	0.9741180150031247	0.9774155322782891	1.0	0.9818302043078457	0.9795561529069443	0.9795939153838442	0.9833536200818344	0.9813964552403837	0.981051455204413	0.980932498436967	0.9829655875223317	0.9816358787368166	0.977125166946723	0.9798941073009932	0.9803273968414047	0.9775604629313295	0.982530421518318
0.9773918838617578	0.9809306819842151	0.9785108013870127	0.9779493935711653	0.9669255357847828	0.979146529356578	0.9801247170586246	0.9801491468012918	0.9791337450018015	0.9735123368439357	0.9763419529509321	0.9818302043078457	1.0	0.9793594238275325	0.9793736383633086	0.9822791223484567	0.9808720247336946	0.980039266778941	0.9797544003824886	0.9812775699587117	0.9809875588510096	0.977517434039971	0.9792947429551534	0.9797189780594733	0.9771614259881884	0.9808303778335195
0.9770369262089108	0.9791740563644752	0.9767928162970809	0.9741801444251308	0.9649065350396766	0.9782514339314763	0.9779317552606325	0.9780499044322042	0.977511467855133	0.972761883229611	0.9754945120082101	0.9795561529069443	0.9793594238275325	1.0	0.9917261841447498	0.9795045423449487	0.9793805196477455	0.9785866897731472	0.978276102865582	0.9795955637409718	0.9795893073369437	0.9760604866450536	0.9780405715386629	0.9781724180627315	0.9760857103905765	0.979144939322705
0.9768702307501372	0.9786842170461261	0.9766690035462939	0.9744872101313564	0.9647340292413928	0.9770703553691107	0.9778549249850251	0.9776874391604771	0.9773031563525291	0.9730699553231286	0.9754081619574181	0.9795939153838442	0.9793736383633086	0.9917261841447498	1.0	0.9790130342743442	0.9792347727786209	0.9780616589553917	0.9774645048038192	0.978975472753774	0.9785810274132231	0.9754459198543373	0.9773979527820369	0.9781226020261449	0.9750727425719001	0.9784232830714964
0.9791854720486878	0.9828023755606659	0.9788456333346887	0.9770427725445938	0.9687480005634674	0.9802888288960376	0.9811257009330279	0.9816119909317907	0.9801432554885522	0.9751544208617483	0.9779833866281396	0.9833536200818344	0.9822791223484567	0.9795045423449487	0.9790130342743442	1.0	0.9811672400421666	0.9808167689765188	0.9808240574260034	0.9822936557530777	0.9820775883722896	0.977268689941232	0.9795705712334244	0.9808549590229547	0.9785928755802656	0.98266917367019
0.9781098671240449	0.9799367329387607	0.9771295501094882	0.9755589987648757	0.966808945740023	0.9793846702005051	0.979838655759237	0.9794263477279104	0.9803862223373188	0.9758847208023408	0.9784129791478813	0.9813964552403837	0.9808720247336946	0.9793805196477455	0.9792347727786209	0.9811672400421666	1.0	0.9943630093246223	0.9799713817015288	0.9812829634162391	0.9817838590566267	0.9775964964624664	0.979348457460263	0.980117932949857	0.9783346465123188	0.9813990768815873
0.9777372537845677	0.9796363417611867	0.9770433294936847	0.9745457932282138	0.9674043675140777	0.9790774693520775	0.9795664018681584	0.9794143879128446	0.9787468364686424	0.9743767397230381	0.9775287562052672	0.981051455204413	0.980039266778941	0.9785866897731472	0.9780616589553917	0.9808167689765188	0.9943630093246223	1.0	0.9795337810370246	0.9812347832358614	0.9812939103384719	0.9764258376548185	0.9785508459723421	0.9795647655475441	0.9784083697594822	0.9808348611191903
0.977472399654113	0.9800465067370178	0.9769702135350126	0.975221629435843	0.9666822947582416	0.9781995400192217	0.9806198806835723	0.981217766199445	0.9813245248432699	0.9753602597119733	0.9774666785204249	0.980932498436967	0.9797544003824886	0.978276102865582	0.9774645048038192	0.9808240574260034	0.9799713817015288	0.9795337810370246	1.0	0.9950738515140892	0.9800425201605812	0.976798315103321	0.9790019607188154	0.9783918920572445	0.9769244155052951	0.9807817006735043
0.9786044823158621	0.9814216488039157	0.9785653137382698	0.9762799930509889	0.9672987900458878	0.9796815997055176	0.9814194408754031	0.9822120983465271	0.9813462909875945	0.9757453457207746	0.9780783243715385	0.9829655875223317	0.9812775699587117	0.9795955637409718	0.978975472753774	0.9822936557530777	0.9812829634162391	0.9812347832358614	0.9950738515140892	1.0	0.9812467920191429	0.9770760517455557	0.9799816832033956	0.9798196829460563	0.9783427530127886	0.9818772646146051
0.9799375005055763	0.980575046495325	0.9783440442929543	0.9757738946886794	0.9671906800915361	0.9806723041330717	0.9798479480133644	0.9792448306743712	0.9792362447948794	0.9753039818513164	0.9787475617367746	0.9816358787368166	0.9809875588510096	0.9795893073369437	0.9785810274132231	0.9820775883722896	0.9817838590566267	0.9812939103384719	0.9800425201605812	0.9812467920191429	1.0	0.9781743765837482	0.9811097704286885	0.9818899592051022	0.9802413290316873	0.9814489868129395
0.9768396746842923	0.9754055401339657	0.9741850696262048	0.9718243763394674	0.9636176622780086	0.9756671718324855	0.9754824770318942	0.9759613343512359	0.9749545790089785	0.9734428740269925	0.9754832573961623	0.977125166946723	0.977517434039971	0.9760604866450536	0.9754459198543373	0.977268689941232	0.9775964964624664	0.9764258376548185	0.976798315103321	0.9770760517455557	0.9781743765837482	1.0	0.9756724904067193	0.9783160848369463	0.973376275018755	0.9778161054810116
0.9778513160465555	0.9787785312738553	0.9770837474805885	0.9751584561313515	0.9677458990893919	0.97783725922129	0.9788153162580409	0.9778975814788305	0.9778615715041203	0.9744992366310007	0.9765617332720197	0.9798941073009932	0.9792947429551534	0.9780405715386629	0.9773979527820369	0.9795705712334244	0.979348457460263	0.9785508459723421	0.9790019607188154	0.9799816832033956	0.9811097704286885	0.9756724904067193	1.0	0.9795166200230397	0.9766166840292579	0.9800253865099521
0.9799690912852946	0.9792566742482977	0.9771512636739107	0.9754931182720635	0.9681164492158542	0.978363264349345	0.979076034657785	0.978960283832764	0.978138685548529	0.9747284120492941	0.9778441143100587	0.9803273968414047	0.9797189780594733	0.9781724180627315	0.9781226020261449	0.9808549590229547	0.980117932949857	0.9795647655475441	0.9783918920572445	0.9798196829460563	0.9818899592051022	0.9783160848369463	0.9795166200230397	1.0	0.9777931914155392	0.9799846434448664
0.9764398135340134	0.9793939202518778	0.9746371852970687	0.9718859452100155	0.9659269978056205	0.9762726580722918	0.9760255369494526	0.9755087603050112	0.9749566217751484	0.9720314737102387	0.9750480825001674	0.9775604629313295	0.9771614259881884	0.9760857103905765	0.9750727425719001	0.9785928755802656	0.9783346465123188	0.9784083697594822	0.9769244155052951	0.9783427530127886	0.9802413290316873	0.973376275018755	0.9766166840292579	0.9777931914155392	1.0	0.9791283420640079
0.9792142763755732	0.9829041928269113	0.9783125287796395	0.9759801954396857	0.9687304871846673	0.9798119275567104	0.9801111252576656	0.9804233720589748	0.9793446330753617	0.9751156568354564	0.9778534286799013	0.982530421518318	0.9808303778335195	0.979144939322705	0.9784232830714964	0.98266917367019	0.9813990768815873	0.9808348611191903	0.9807817006735043	0.9818772646146051	0.9814489868129395	0.9778161054810116	0.9800253865099521	0.9799846434448664	0.9791283420640079	1.0
