/home/jshaw/scratch/2022_sketched_distance/references/SGB_genome_fastas_part3/4930/BackhedF_2015__SID184_12M__bin.44.fa	/home/jshaw/scratch/2022_sketched_distance/references/SGB_genome_fastas_part3/4930/Bengtsson-PalmeJ_2015__TRAVELRES14__bin.37.fa	/home/jshaw/scratch/2022_sketched_distance/references/SGB_genome_fastas_part3/4930/Bengtsson-PalmeJ_2015__TRAVELRES17__bin.73.fa	/home/jshaw/scratch/2022_sketched_distance/references/SGB_genome_fastas_part3/4930/Bengtsson-PalmeJ_2015__TRAVELRES18__bin.111.fa	/home/jshaw/scratch/2022_sketched_distance/references/SGB_genome_fastas_part3/4930/Bengtsson-PalmeJ_2015__TRAVELRES46__bin.88.fa	/home/jshaw/scratch/2022_sketched_distance/references/SGB_genome_fastas_part3/4930/Bengtsson-PalmeJ_2015__TRAVELRES58__bin.9.fa	/home/jshaw/scratch/2022_sketched_distance/references/SGB_genome_fastas_part3/4930/Bengtsson-PalmeJ_2015__TRAVELRES66__bin.115.fa	/home/jshaw/scratch/2022_sketched_distance/references/SGB_genome_fastas_part3/4930/BritoIL_2016__M1.22.ST__bin.92.fa	/home/jshaw/scratch/2022_sketched_distance/references/SGB_genome_fastas_part3/4930/BritoIL_2016__M2.3.ST__bin.65.fa	/home/jshaw/scratch/2022_sketched_distance/references/SGB_genome_fastas_part3/4930/BritoIL_2016__M2.40.ST__bin.30.fa	/home/jshaw/scratch/2022_sketched_distance/references/SGB_genome_fastas_part3/4930/BritoIL_2016__W3.16.ST__bin.17.fa	/home/jshaw/scratch/2022_sketched_distance/references/SGB_genome_fastas_part3/4930/BritoIL_2016__WL.44.ST__bin.44.fa	/home/jshaw/scratch/2022_sketched_distance/references/SGB_genome_fastas_part3/4930/CosteaPI_2017__SID713A055-11-0-0__bin.81.fa	/home/jshaw/scratch/2022_sketched_distance/references/SGB_genome_fastas_part3/4930/FengQ_2015__SID31137__bin.38.fa	/home/jshaw/scratch/2022_sketched_distance/references/SGB_genome_fastas_part3/4930/FengQ_2015__SID31333__bin.4.fa	/home/jshaw/scratch/2022_sketched_distance/references/SGB_genome_fastas_part3/4930/HeQ_2017__SZAXPI029551-166__bin.67.fa	/home/jshaw/scratch/2022_sketched_distance/references/SGB_genome_fastas_part3/4930/LeChatelierE_2013__MH0288__bin.31.fa	/home/jshaw/scratch/2022_sketched_distance/references/SGB_genome_fastas_part3/4930/LeChatelierE_2013__MH0448__bin.77.fa	/home/jshaw/scratch/2022_sketched_distance/references/SGB_genome_fastas_part3/4930/LeChatelierE_2013__MH0456__bin.68.fa	/home/jshaw/scratch/2022_sketched_distance/references/SGB_genome_fastas_part3/4930/LiJ_2017__H1M511841__bin.27.fa	/home/jshaw/scratch/2022_sketched_distance/references/SGB_genome_fastas_part3/4930/LiSS_2016__FAT_012-22-14-0__bin.25.fa	/home/jshaw/scratch/2022_sketched_distance/references/SGB_genome_fastas_part3/4930/LiSS_2016__FAT_012-22-2-0__bin.44.fa	/home/jshaw/scratch/2022_sketched_distance/references/SGB_genome_fastas_part3/4930/SchirmerM_2016__G88746__bin.5.fa	/home/jshaw/scratch/2022_sketched_distance/references/SGB_genome_fastas_part3/4930/SchirmerM_2016__G88838__bin.17.fa	/home/jshaw/scratch/2022_sketched_distance/references/SGB_genome_fastas_part3/4930/SchirmerM_2016__G89023__bin.6.fa	/home/jshaw/scratch/2022_sketched_distance/references/SGB_genome_fastas_part3/4930/SchirmerM_2016__G89030__bin.25.fa	/home/jshaw/scratch/2022_sketched_distance/references/SGB_genome_fastas_part3/4930/SchirmerM_2016__G89127__bin.19.fa	/home/jshaw/scratch/2022_sketched_distance/references/SGB_genome_fastas_part3/4930/VatanenT_2016__G80547__bin.9.fa	/home/jshaw/scratch/2022_sketched_distance/references/SGB_genome_fastas_part3/4930/ZeeviD_2015__PNP_Main_114__bin.9.fa	/home/jshaw/scratch/2022_sketched_distance/references/SGB_genome_fastas_part3/4930/ZeeviD_2015__PNP_Main_160__bin.36.fa	/home/jshaw/scratch/2022_sketched_distance/references/SGB_genome_fastas_part3/4930/ZeeviD_2015__PNP_Main_165__bin.9.fa	/home/jshaw/scratch/2022_sketched_distance/references/SGB_genome_fastas_part3/4930/ZeeviD_2015__PNP_Main_297__bin.51.fa	/home/jshaw/scratch/2022_sketched_distance/references/SGB_genome_fastas_part3/4930/ZeeviD_2015__PNP_Main_303__bin.2.fa	/home/jshaw/scratch/2022_sketched_distance/references/SGB_genome_fastas_part3/4930/ZeeviD_2015__PNP_Main_329__bin.14.fa	/home/jshaw/scratch/2022_sketched_distance/references/SGB_genome_fastas_part3/4930/ZeeviD_2015__PNP_Main_332__bin.16.fa	/home/jshaw/scratch/2022_sketched_distance/references/SGB_genome_fastas_part3/4930/ZeeviD_2015__PNP_Main_366__bin.36.fa	/home/jshaw/scratch/2022_sketched_distance/references/SGB_genome_fastas_part3/4930/ZeeviD_2015__PNP_Main_399__bin.40.fa	/home/jshaw/scratch/2022_sketched_distance/references/SGB_genome_fastas_part3/4930/ZeeviD_2015__PNP_Main_547__bin.17.fa	/home/jshaw/scratch/2022_sketched_distance/references/SGB_genome_fastas_part3/4930/ZeeviD_2015__PNP_Main_554__bin.3.fa	/home/jshaw/scratch/2022_sketched_distance/references/SGB_genome_fastas_part3/4930/ZeeviD_2015__PNP_Main_673__bin.15.fa	/home/jshaw/scratch/2022_sketched_distance/references/SGB_genome_fastas_part3/4930/ZeeviD_2015__PNP_Validation_42__bin.95.fa	/home/jshaw/scratch/2022_sketched_distance/references/SGB_genome_fastas_part3/4930/ZeeviD_2015__PNP_Validation_77__bin.59.fa	/home/jshaw/scratch/2022_sketched_distance/references/SGB_genome_fastas_part3/4930/ZellerG_2014__CCIS35092938ST-4-0__bin.32.fa	/home/jshaw/scratch/2022_sketched_distance/references/SGB_genome_fastas_part3/4930/ZellerG_2014__CCMD46947453ST-21-0__bin.36.fa
1.0	0.989427574917028	0.9908336491062898	0.9875864384516418	0.9840066876064338	0.9880410694471358	0.9906065880206923	0.9902438504492922	0.98782478252536	0.9877524860205003	0.9875656234941417	0.9855698889947744	0.989348770562199	0.9843758557795799	0.9894669065953551	0.9890913479957942	0.9912645343139285	0.9882545084231955	0.9862919973063824	0.9860748471913475	0.9899739961206262	0.9895825659888494	0.9887384090399619	0.9834214126172117	0.988333520145931	0.9882864298618291	0.9865916717475853	0.9906310744600418	0.988306794305749	0.9713914655522623	0.9889095049128079	0.9902054346534402	0.9895650310806711	0.9872307814657503	0.9908336491062898	0.9884692582733117	0.99081478686228	0.9881363929835613	0.9883881264318024	0.9865721650922769	0.9881639781145446	0.9902630415940857	0.9875030995346494	0.9902630415940857
0.989427574917028	1.0	0.9870657321534922	0.9825428368771189	0.9802028752475119	0.991096342425485	0.9887182543726404	0.9856585307255191	0.9875890612519729	0.9823242060685574	0.9835282721038072	0.9852319417573745	0.9837867213493898	0.9825230215525479	0.986616442937153	0.9860169968191022	0.9850888515261313	0.986813283740703	0.9798606372389421	0.9828642325111488	0.9863536882626943	0.9895610045760123	0.9880958800344662	0.9797313678455845	0.9886434496331863	0.9875419378588332	0.9866787496193037	0.9895574096365698	0.9847081634806446	0.9717734120141811	0.9897015341761563	0.9852050548214388	0.9858918874610898	0.9808767823007225	0.9866171905474269	0.9879490478011722	0.9862122854514135	0.9879889463553737	0.9864944855356939	0.9821843134738625	0.9854235046949081	0.9858416309595455	0.9837336419350285	0.9865120428801069
0.9908336491062898	0.9870657321534922	1.0	0.9947004985529446	0.9811627142057239	0.9869294788943925	0.9875306795150878	0.9867763105079442	0.9892422680101738	0.9850990624688247	0.9843429234606476	0.9863677764961499	0.9859483850885341	0.9807941208639589	0.9886013412753262	0.9859110999901965	0.9888020701651594	0.988878095647716	0.9830681334795885	0.9836927204360219	0.9881812145645347	0.9909960037247108	0.9903172756687996	0.9823691295500199	0.9898776904724299	0.9889845143579036	0.9880415381191616	0.9907847733069146	0.9853656569880579	0.9723911534501686	0.9901796501597463	0.9877783417941942	0.9867581368273121	0.9835727577664027	0.9883201970406833	0.9889170922563698	0.9880241551058824	0.9895521903555607	0.9869394233737743	0.9828640878327369	0.9857989902068283	0.9874370277999877	0.9853765790509581	0.9877783417941942
0.9875864384516418	0.9825428368771189	0.9947004985529446	1.0	0.9764237813618837	0.9838750862730241	0.9776497695611404	0.9795594968891865	0.9885219890199031	0.9748068286959181	0.9812800756506425	0.9830970629183365	0.9769195614395517	0.9713508844444403	0.9857915789274261	0.9822504996124182	0.9843637107974381	0.9858251895322404	0.9734176238719798	0.9803515001507163	0.979961907154106	0.9885536228102175	0.9872469502633678	0.9718518880719621	0.9867385473590802	0.9857784644395854	0.9842738572275858	0.9883062287967032	0.9795891953323144	0.971707696121194	0.9882870336401864	0.9793131831857423	0.977302842539722	0.9746271038027249	0.9828583037563028	0.9854813570260703	0.9781633323303882	0.9861400158886474	0.9767360143055533	0.9776634021878764	0.9797086369195369	0.9841447963180161	0.9823840097412506	0.9790364192756331
0.9840066876064338	0.9802028752475119	0.9811627142057239	0.9764237813618837	1.0	0.9818469887116869	0.9818254402648778	0.9792254039130895	0.983433816362576	0.9781021186543687	0.9795545737290481	0.9809149189015715	0.9783921402533605	0.9870284041741514	0.9812797462186093	0.9811472738562317	0.9796830442775271	0.9825493019353192	0.9755873437837703	0.9780290579838944	0.9792470471241712	0.9841587923751847	0.9829561791136078	0.9801222884023857	0.9847432270443293	0.9827204341041422	0.9812709837718286	0.9841856898866833	0.978146905608108	0.9664705274431891	0.9838778909497926	0.9796555651367904	0.9802274382962634	0.9759723855198215	0.9806446866867927	0.9832693929459012	0.9808101059789595	0.9826524151682846	0.9783699222458072	0.9759723855198215	0.9774913936551693	0.9813464077002444	0.9795053575428263	0.9809130696114783
0.9880410694471358	0.991096342425485	0.9869294788943925	0.9838750862730241	0.9818469887116869	1.0	0.9898814497295882	0.9853278706508223	0.9868312743800309	0.9848642546187384	0.9836652011121664	0.9840323669493503	0.9863331294594442	0.9824206291090845	0.9856861899622246	0.9868148971749826	0.9865845292970086	0.985960464063556	0.9828551526504293	0.9823987508650953	0.9877205698840555	0.9889295114664803	0.986659169977005	0.9807607934222572	0.987435108151109	0.9863070214615336	0.9860643055671346	0.9886118080385132	0.9845992854660256	0.9701581985427514	0.9875242012225702	0.9867191065712934	0.9859622059077665	0.9831986690246303	0.9873462304912805	0.9865646142221242	0.9873085613315588	0.9870648039133161	0.9859229167134584	0.9831131269461572	0.9857257630438474	0.9872330934146591	0.9833906352364554	0.986891329315851
0.9906065880206923	0.9887182543726404	0.9875306795150878	0.9776497695611404	0.9818254402648778	0.9898814497295882	1.0	0.9844684026399286	0.991348496615553	0.9778060697227897	0.9849842362982494	0.9869845813794268	0.980886237149065	0.978812486458227	0.9876422173324504	0.9869347374350359	0.9860850149463644	0.9887295073506147	0.975289183892957	0.983165185276164	0.9840371482502626	0.9909339928171231	0.9888971026354222	0.9751899116735536	0.9894173492159452	0.9885563761132955	0.9874522488932351	0.9904987607845573	0.9848355122740763	0.9737163056664174	0.990140070674317	0.982689680261896	0.9803807151756405	0.9778295574957884	0.9867201343790716	0.9894282497124831	0.981217766199445	0.9886955692440127	0.9806677237241428	0.9825240647633126	0.9834492906591215	0.9877613771474929	0.985213898121003	0.984563713055224
0.9902438504492922	0.9856585307255191	0.9867763105079442	0.9795594968891865	0.9792254039130895	0.9853278706508223	0.9844684026399286	1.0	0.9906372879427231	0.980505031039721	0.98484924334627	0.9872155492974216	0.9812156552819772	0.9791168054669762	0.986654309625282	0.9848278340627946	0.9853635420002891	0.9873611645032733	0.9784413009024815	0.9823564179561092	0.9834905963836118	0.990095857091966	0.9887649110895456	0.9760828238876398	0.9889974758416439	0.9881226018234879	0.9870534457225085	0.9898065612926579	0.9836420483833702	0.971575862979777	0.9882031418186709	0.9829004313706252	0.9838957291986263	0.9788114906003107	0.9855001576727641	0.9880862985605287	0.9837553804539548	0.9876671956779143	0.9828823806019135	0.9823483800395123	0.9827419135246852	0.9861443694789109	0.9842834874518888	0.9841919909985551
0.98782478252536	0.9875890612519729	0.9892422680101738	0.9885219890199031	0.983433816362576	0.9868312743800309	0.991348496615553	0.9906372879427231	1.0	0.9860969013102241	0.9880976747345667	0.9840543270566066	0.9866694917829764	0.9860969013102241	0.9885602934376099	0.9872322838920224	0.9897631096033103	0.9751812547884514	0.9852188656557149	0.9838340615288644	0.9888651364588916	0.9842731233520584	0.9744235015818432	0.983433816362576	0.9780471989523517	0.985472136625809	0.9695313734241362	0.9826641977699697	0.9861793130316133	0.9901301683823247	0.9851764632880948	0.9902030927497004	0.9895408980932318	0.9859728950037681	0.9900204788172684	0.9867100120961142	0.9905292733068808	0.9771919299116341	0.9882139398862496	0.9853457452658589	0.9869922651831338	0.9901301683823247	0.9825724542462062	0.9917332328854195
0.9877524860205003	0.9823242060685574	0.9850990624688247	0.9748068286959181	0.9781021186543687	0.9848642546187384	0.9778060697227897	0.980505031039721	0.9860969013102241	1.0	0.984771854557188	0.9859572973263419	0.977202236816849	0.974714713058449	0.985243108962116	0.9832582688806442	0.9831768774604422	0.9858251895322404	0.9724180055129669	0.9797806576412039	0.9794846408211043	0.987674732699071	0.9867156037247212	0.9705221317717967	0.9872623454555779	0.9852195943665463	0.9855283398361921	0.988069223814397	0.9796932498541558	0.9690704678079423	0.9861898391777632	0.9793324050043294	0.9752342683992129	0.9747571178306327	0.9821292479083288	0.9855236877965643	0.9767209451393699	0.9859309265853402	0.9743489925324766	0.9791213440651251	0.977994717869771	0.9849553892270483	0.9826054877834226	0.9801268102732381
0.9875656234941417	0.9835282721038072	0.9843429234606476	0.9812800756506425	0.9795545737290481	0.9836652011121664	0.9849842362982494	0.98484924334627	0.9880976747345667	0.984771854557188	1.0	0.9868155803911578	0.9833467046074023	0.9800952669659744	0.984158752519448	0.9825480759098737	0.9839480598087732	0.985607585242849	0.9812369509839931	0.9798035030820023	0.9838087268233493	0.9877203791416574	0.9862613985593688	0.9783042405824531	0.986763680152401	0.9851544931613844	0.9845224281925624	0.9872260094162846	0.9815162504022524	0.9688915465881176	0.9862344581123033	0.9831030394049262	0.9830214134018033	0.9808025474868477	0.9839877607524448	0.984688232344473	0.9847330916374232	0.9861400158886474	0.982651558758146	0.9811288898960372	0.9818143916242018	0.9834570654988758	0.9819139716441105	0.9839679162875306
0.9855698889947744	0.9852319417573745	0.9863677764961499	0.9830970629183365	0.9809149189015715	0.9840323669493503	0.9869845813794268	0.9872155492974216	0.9840543270566066	0.9859572973263419	0.9868155803911578	1.0	0.9851651991377418	0.9821586952112082	0.9851651991377418	0.9852985490115933	0.9864963438993108	0.9844126003800031	0.9825227943232211	0.982036423479385	0.9854975641352685	0.9857465155077481	0.9850680128049922	0.9801971705330588	0.9842044996112566	0.9843306859366127	0.9827415168498955	0.9858556888206402	0.9846036704732346	0.9657934070523356	0.9841403235005108	0.9856515243740108	0.9852985490115933	0.9833569429562831	0.986260251618323	0.9838242375312073	0.9862817847454621	0.9846476496710909	0.9846263170153636	0.9825227943232211	0.9840554111255041	0.9862817847454621	0.9828590064795899	0.9859790297662918
0.989348770562199	0.9837867213493898	0.9859483850885341	0.9769195614395517	0.9783921402533605	0.9863331294594442	0.980886237149065	0.9812156552819772	0.9866694917829764	0.977202236816849	0.9833467046074023	0.9851651991377418	1.0	0.9741703379005453	0.9874949863292538	0.9848467497792807	0.9855997628628178	0.988878095647716	0.9776613720748074	0.9823768824364971	0.9818578805556548	0.9913043242015129	0.9898848050019272	0.9738376187708697	0.990399263193361	0.9891580715882198	0.9893234293574016	0.9912848065277677	0.9814920410878228	0.971476634750006	0.988868370615491	0.9812540236728262	0.980832319575311	0.9773226364336897	0.9846848591369493	0.9884366251811496	0.981666982798962	0.9888398940749806	0.980269900924773	0.9799952917013817	0.9812028224420539	0.986350896516506	0.9855586371357806	0.9812356439035947
0.9843758557795799	0.9825230215525479	0.9807941208639589	0.9713508844444403	0.9870284041741514	0.9824206291090845	0.978812486458227	0.9791168054669762	0.9860969013102241	0.974714713058449	0.9800952669659744	0.9821586952112082	0.9741703379005453	1.0	0.9809436499894625	0.9820657613616252	0.9799853046087592	0.982936453741583	0.9703915927728056	0.9785851656438259	0.9769876105245994	0.9840059288749141	0.9825426050526426	0.9770964050250176	0.9846361867271569	0.9825327347745649	0.9815433148699502	0.9840784391238716	0.9797969738757056	0.9684580472854365	0.9838059524917063	0.9772291203029695	0.9785484558116344	0.9719110806519189	0.9819541729260829	0.9841192102930326	0.9767780780326898	0.9826234275142659	0.9759478668711175	0.9772313141933551	0.9777179231292465	0.9815420385449449	0.9795538575205276	0.9788062011966396
0.9894669065953551	0.986616442937153	0.9886013412753262	0.9857915789274261	0.9812797462186093	0.9856861899622246	0.9876422173324504	0.986654309625282	0.9885602934376099	0.985243108962116	0.984158752519448	0.9851651991377418	0.9874949863292538	0.9809436499894625	1.0	0.9867676488063734	0.9886013412753262	0.9885802461137121	0.9842403154982745	0.9844028356678843	0.9878618365946652	0.9912838587744102	0.9892122161968835	0.9810111461377319	0.9896483228280707	0.989234915850035	0.988483547783538	0.9910248641492795	0.9861778126660026	0.973123528809127	0.9910000432595579	0.9884762537303128	0.9873841292953348	0.9847254810723043	0.9888323945013505	0.9893530208575482	0.9894812800148676	0.9889596839008915	0.9881343167852734	0.9836650690486793	0.9865974932305929	0.9873285604449527	0.985091356387027	0.9885835006717308
0.9890913479957942	0.9860169968191022	0.9859110999901965	0.9822504996124182	0.9811472738562317	0.9868148971749826	0.9869347374350359	0.9848278340627946	0.9872322838920224	0.9832582688806442	0.9825480759098737	0.9852985490115933	0.9848467497792807	0.9820657613616252	0.9867676488063734	1.0	0.9852788303509372	0.9872315417382201	0.9812529554788582	0.9842456261392822	0.9855205584113407	0.9899469702275526	0.9878788881450002	0.9815679670501001	0.9894405194981948	0.9878835676997993	0.9873671969694644	0.9900314415944144	0.9837312063752283	0.9711101739066516	0.9894396322905489	0.9860352401772989	0.9855945798176174	0.9819833196469998	0.9869879328733374	0.9877717378056724	0.9868458867735747	0.9881609033752671	0.9855390794048619	0.9820039495494015	0.9840814861126561	0.986012264367392	0.9848655018183944	0.9871293683155676
0.9912645343139285	0.9850888515261313	0.9888020701651594	0.9843637107974381	0.9796830442775271	0.9865845292970086	0.9860850149463644	0.9853635420002891	0.9897631096033103	0.9831768774604422	0.9839480598087732	0.9864963438993108	0.9855997628628178	0.9799853046087592	0.9886013412753262	0.9852788303509372	1.0	0.9895143501750197	0.9822877279976067	0.9821716597845632	0.9871901697878107	0.9916097943893212	0.9901144657980793	0.9792243422167838	0.9903542348038646	0.9895785161879799	0.9885109774699345	0.9909377601741847	0.9843260886825178	0.9732805757325402	0.9898217142212783	0.9864751763040723	0.9862984040236891	0.9826858880383622	0.9872074159958415	0.9890693742040271	0.98748213322448	0.9895991341810078	0.9853635420002891	0.9817016569463128	0.9849229274756824	0.9876716001870153	0.9861384994178943	0.9872591004553262
0.9882545084231955	0.986813283740703	0.988878095647716	0.9858251895322404	0.9825493019353192	0.985960464063556	0.9887295073506147	0.9873611645032733	0.9751812547884514	0.9858251895322404	0.985607585242849	0.9844126003800031	0.988878095647716	0.982936453741583	0.9885802461137121	0.9872315417382201	0.9895143501750197	1.0	0.9864694890931016	0.985607585242849	0.9892222190211988	0.9868395812314372	0.9820263151011318	0.9821878230183205	0.983812801187825	0.9872055558048027	0.9810308197982966	0.9851680041315681	0.9880524417025376	0.967563558528147	0.9864960628107451	0.9886300750129806	0.9886549612367416	0.9864960628107451	0.9896353119290959	0.9875675049047988	0.9896835727064394	0.9822180991472216	0.9876701920928258	0.9843559467853195	0.9862293541938527	0.9885053612005771	0.9874644963919827	0.9890997297403094
0.9862919973063824	0.9798606372389421	0.9830681334795885	0.9734176238719798	0.9755873437837703	0.9828551526504293	0.975289183892957	0.9784413009024815	0.9852188656557149	0.9724180055129669	0.9812369509839931	0.9825227943232211	0.9776613720748074	0.9703915927728056	0.9842403154982745	0.9812529554788582	0.9822877279976067	0.9864694890931016	1.0	0.9794467294748256	0.9836161239988912	0.9914268513056095	0.9861468600507874	0.9628825004348368	0.9878266222609815	0.9862860415615684	0.9868522167763313	0.9874206571706852	0.978851376511485	0.97001988585413	0.9858306903243765	0.9783967432386538	0.9714904593759465	0.9773338715066218	0.9827252176719127	0.984904486578973	0.9770005533346471	0.9866056604631928	0.9731706359182544	0.9773455783043613	0.9780582611774279	0.9834775001218414	0.9827596360982414	0.9781252999990707
0.9860748471913475	0.9828642325111488	0.9836927204360219	0.9803515001507163	0.9780290579838944	0.9823987508650953	0.983165185276164	0.9823564179561092	0.9838340615288644	0.9797806576412039	0.9798035030820023	0.982036423479385	0.9823768824364971	0.9785851656438259	0.9844028356678843	0.9842456261392822	0.9821716597845632	0.985607585242849	0.9794467294748256	1.0	0.982803708811653	0.9874915113746294	0.9863755393984471	0.9796029876753736	0.9875579572305574	0.9853278104146588	0.9845224281925624	0.9877585453401085	0.9827228362141448	0.9674983350878179	0.9869620614773248	0.982763297469476	0.9837393062101052	0.9794467294748256	0.9845725059404498	0.9856292767003925	0.9843806182970944	0.9867082476387137	0.98401291082507	0.9790187907316954	0.9824177730697505	0.9835794826124146	0.9824727807755831	0.9836213446491157
0.9899739961206262	0.9863536882626943	0.9881812145645347	0.979961907154106	0.9792470471241712	0.9877205698840555	0.9840371482502626	0.9834905963836118	0.9888651364588916	0.9794846408211043	0.9838087268233493	0.9854975641352685	0.9818578805556548	0.9769876105245994	0.9878618365946652	0.9855205584113407	0.9871901697878107	0.9892222190211988	0.9836161239988912	0.982803708811653	1.0	0.9981218089469326	0.9891337197110457	0.97760457110112	0.990399263193361	0.9892157215672603	0.9898278174632544	0.9906310744600418	0.9840265171040943	0.9736234262335419	0.989520439196525	0.9836838521884572	0.9841707425074427	0.9815885126995556	0.9877333135752572	0.9894282497124831	0.9845847525496902	0.9895286933656051	0.9832410970252312	0.9813346207746809	0.9838594160978195	0.9879223613799263	0.9854576183512617	0.9847161401934059
0.9895825659888494	0.9895610045760123	0.9909960037247108	0.9885536228102175	0.9841587923751847	0.9889295114664803	0.9909339928171231	0.990095857091966	0.9842731233520584	0.987674732699071	0.9877203791416574	0.9857465155077481	0.9913043242015129	0.9840059288749141	0.9912838587744102	0.9899469702275526	0.9916097943893212	0.9868395812314372	0.9914268513056095	0.9874915113746294	0.9981218089469326	1.0	0.9872469502633678	0.9835430163907211	0.9874104832188844	0.9897759871396821	0.9857079681892056	0.9881642305408008	0.9892140910840767	0.9718311120931462	0.9886202683965617	0.9910166481852264	0.9907264449124635	0.99146759292698	0.9916503112613824	0.9894529855881373	0.9918320251323723	0.9868870088548223	0.990370591892707	0.9868420828256438	0.9895394290599933	0.9907264449124635	0.9887310457330067	0.9911607993006463
0.9887384090399619	0.9880958800344662	0.9903172756687996	0.9872469502633678	0.9829561791136078	0.986659169977005	0.9888971026354222	0.9887649110895456	0.9744235015818432	0.9867156037247212	0.9862613985593688	0.9850680128049922	0.9898848050019272	0.9825426050526426	0.9892122161968835	0.9878788881450002	0.9901144657980793	0.9820263151011318	0.9861468600507874	0.9863755393984471	0.9891337197110457	0.9872469502633678	1.0	0.9825426050526426	0.9843487793865192	0.9879060904510931	0.9804751577895954	0.9868843263292251	0.9872191975573078	0.9683704439737093	0.9866309167488193	0.9888707067044218	0.9880417659504481	0.986659169977005	0.9891337197110457	0.9877971461357383	0.9898078948224698	0.9828928911822998	0.9880417659504481	0.9854804027786442	0.9872191975573078	0.9882038422102901	0.9882576908917029	0.9895243468568135
0.9834214126172117	0.9797313678455845	0.9823691295500199	0.9718518880719621	0.9801222884023857	0.9807607934222572	0.9751899116735536	0.9760828238876398	0.983433816362576	0.9705221317717967	0.9783042405824531	0.9801971705330588	0.9738376187708697	0.9770964050250176	0.9810111461377319	0.9815679670501001	0.9792243422167838	0.9821878230183205	0.9628825004348368	0.9796029876753736	0.97760457110112	0.9835430163907211	0.9825426050526426	1.0	0.983629149992481	0.9824384801799266	0.9819476081221843	0.9836186698196948	0.9778335913550241	0.9690704678079423	0.9835166099806757	0.9765456151529378	0.9701857990597653	0.9712672977955363	0.979880823302868	0.9832013544426421	0.9743327278056516	0.9821266706482283	0.9718337458719212	0.9754432310784806	0.9748123090817623	0.9813464077002444	0.9784698469934264	0.9767808013847753
0.988333520145931	0.9886434496331863	0.9898776904724299	0.9867385473590802	0.9847432270443293	0.987435108151109	0.9894173492159452	0.9889974758416439	0.9780471989523517	0.9872623454555779	0.986763680152401	0.9842044996112566	0.990399263193361	0.9846361867271569	0.9896483228280707	0.9894405194981948	0.9903542348038646	0.983812801187825	0.9878266222609815	0.9875579572305574	0.990399263193361	0.9874104832188844	0.9843487793865192	0.983629149992481	1.0	0.9892313985696181	0.9847691305349984	0.9868890568746116	0.9885245907290434	0.969453919997932	0.987435108151109	0.99073503278372	0.9903091449113569	0.9872623454555779	0.9913309476838875	0.9889974758416439	0.9918086854818691	0.9841531869749753	0.9888563213297398	0.9857689806415425	0.9880689753960114	0.9897173007129807	0.9878995156605063	0.9906011343968841
0.9882864298618291	0.9875419378588332	0.9889845143579036	0.9857784644395854	0.9827204341041422	0.9863070214615336	0.9885563761132955	0.9881226018234879	0.985472136625809	0.9852195943665463	0.9851544931613844	0.9843306859366127	0.9891580715882198	0.9825327347745649	0.989234915850035	0.9878835676997993	0.9895785161879799	0.9872055558048027	0.9862860415615684	0.9853278104146588	0.9892157215672603	0.9897759871396821	0.9879060904510931	0.9824384801799266	0.9892313985696181	1.0	0.9919203608383796	0.9895119064601763	0.9871967253014616	0.9724876240926248	0.987950176677778	0.9894834301660769	0.989119582193819	0.9861388061731043	0.9901246752884505	0.9879235273995407	0.9899185742536275	0.9901573110401161	0.9883796127543845	0.9846069038679418	0.9870124890073002	0.9885563761132955	0.9858423419346001	0.9890231616668201
0.9865916717475853	0.9866787496193037	0.9880415381191616	0.9842738572275858	0.9812709837718286	0.9860643055671346	0.9874522488932351	0.9870534457225085	0.9695313734241362	0.9855283398361921	0.9845224281925624	0.9827415168498955	0.9893234293574016	0.9815433148699502	0.988483547783538	0.9873671969694644	0.9885109774699345	0.9810308197982966	0.9868522167763313	0.9845224281925624	0.9898278174632544	0.9857079681892056	0.9804751577895954	0.9819476081221843	0.9847691305349984	0.9919203608383796	1.0	0.9847691305349984	0.9872534514196325	0.9664653200343588	0.9853778955885825	0.9881803043191474	0.9885109774699345	0.9860051836683332	0.9886204684507586	0.986387588847303	0.9894835446168531	0.9835804127226501	0.9882908979001264	0.9844294346031673	0.9875088283235883	0.9878462778956152	0.9862997354896876	0.9886477844468028
0.9906310744600418	0.9895574096365698	0.9907847733069146	0.9883062287967032	0.9841856898866833	0.9886118080385132	0.9904987607845573	0.9898065612926579	0.9826641977699697	0.988069223814397	0.9872260094162846	0.9858556888206402	0.9912848065277677	0.9840784391238716	0.9910248641492795	0.9900314415944144	0.9909377601741847	0.9851680041315681	0.9874206571706852	0.9877585453401085	0.9906310744600418	0.9881642305408008	0.9868843263292251	0.9836186698196948	0.9868890568746116	0.9895119064601763	0.9847691305349984	1.0	0.9891916141540518	0.9717646305709814	0.9889609140470089	0.990915948244036	0.9902770527687766	0.987710487406793	0.9912416245728533	0.9890995277362533	0.9916709257835699	0.9846476496710909	0.9896028501277561	0.9864356941543891	0.9892145956297126	0.989941673298571	0.9903215136502231	0.9914140148376954
0.988306794305749	0.9847081634806446	0.9853656569880579	0.9795891953323144	0.978146905608108	0.9845992854660256	0.9848355122740763	0.9836420483833702	0.9861793130316133	0.9796932498541558	0.9815162504022524	0.9846036704732346	0.9814920410878228	0.9797969738757056	0.9861778126660026	0.9837312063752283	0.9843260886825178	0.9880524417025376	0.978851376511485	0.9827228362141448	0.9840265171040943	0.9892140910840767	0.9872191975573078	0.9778335913550241	0.9885245907290434	0.9871967253014616	0.9872534514196325	0.9891916141540518	1.0	0.9703988314110593	0.9888271849217031	0.9847644037036666	0.9856770164743109	0.9800856609050383	0.9863127929930633	0.988610401388794	0.9850302703735413	0.9879889463553737	0.985223880066361	0.9803717106974033	0.9839171280475143	0.9861820164843683	0.9836054345873503	0.9854163550382545
0.9713914655522623	0.9717734120141811	0.9723911534501686	0.971707696121194	0.9664705274431891	0.9701581985427514	0.9737163056664174	0.971575862979777	0.9901301683823247	0.9690704678079423	0.9688915465881176	0.9657934070523356	0.971476634750006	0.9684580472854365	0.973123528809127	0.9711101739066516	0.9732805757325402	0.967563558528147	0.97001988585413	0.9674983350878179	0.9736234262335419	0.9718311120931462	0.9683704439737093	0.9690704678079423	0.969453919997932	0.9724876240926248	0.9664653200343588	0.9717646305709814	0.9703988314110593	1.0	0.9715741009718617	0.9747507786429858	0.974085188410449	0.9696714931170178	0.9744801381642378	0.971575862979777	0.9756078203291996	0.9708831123887451	0.9723589326595902	0.9688196996434124	0.9706036728739587	0.9731864388426892	0.9662376044791458	0.9746007012561779
0.9889095049128079	0.9897015341761563	0.9901796501597463	0.9882870336401864	0.9838778909497926	0.9875242012225702	0.990140070674317	0.9882031418186709	0.9851764632880948	0.9861898391777632	0.9862344581123033	0.9841403235005108	0.988868370615491	0.9838059524917063	0.9910000432595579	0.9894396322905489	0.9898217142212783	0.9864960628107451	0.9858306903243765	0.9869620614773248	0.989520439196525	0.9886202683965617	0.9866309167488193	0.9835166099806757	0.987435108151109	0.987950176677778	0.9853778955885825	0.9889609140470089	0.9888271849217031	0.9715741009718617	1.0	0.990942114867397	0.9899613732359055	0.9873522556174626	0.9919321079953198	0.989277422075392	0.9912498990849474	0.9875924968692876	0.9911924075335207	0.9855587291225405	0.990120263118456	0.9899215309409999	0.9865892463099898	0.9902783917271424
0.9902054346534402	0.9852050548214388	0.9877783417941942	0.9793131831857423	0.9796555651367904	0.9867191065712934	0.982689680261896	0.9829004313706252	0.9902030927497004	0.9793324050043294	0.9831030394049262	0.9856515243740108	0.9812540236728262	0.9772291203029695	0.9884762537303128	0.9860352401772989	0.9864751763040723	0.9886300750129806	0.9783967432386538	0.982763297469476	0.9836838521884572	0.9910166481852264	0.9888707067044218	0.9765456151529378	0.99073503278372	0.9894834301660769	0.9881803043191474	0.990915948244036	0.9847644037036666	0.9747507786429858	0.990942114867397	1.0	0.9838146640435583	0.9791976139698046	0.9884452463395472	0.9900792853140563	0.9840484137464218	0.9895756706192976	0.9836635117757125	0.9817757853223699	0.9833054271461924	0.9889413593748194	0.9854980631503071	0.9843794786511066
0.9895650310806711	0.9858918874610898	0.9867581368273121	0.977302842539722	0.9802274382962634	0.9859622059077665	0.9803807151756405	0.9838957291986263	0.9895408980932318	0.9752342683992129	0.9830214134018033	0.9852985490115933	0.980832319575311	0.9785484558116344	0.9873841292953348	0.9855945798176174	0.9862984040236891	0.9886549612367416	0.9714904593759465	0.9837393062101052	0.9841707425074427	0.9907264449124635	0.9880417659504481	0.9701857990597653	0.9903091449113569	0.989119582193819	0.9885109774699345	0.9902770527687766	0.9856770164743109	0.974085188410449	0.9899613732359055	0.9838146640435583	1.0	0.9782596113325517	0.9885411467946414	0.9896902076383778	0.9805993915601721	0.9892691155734787	0.9786124192807484	0.9818950777822532	0.9842294512275398	0.9877075403531231	0.985193506227724	0.9855341624190685
0.9872307814657503	0.9808767823007225	0.9835727577664027	0.9746271038027249	0.9759723855198215	0.9831986690246303	0.9778295574957884	0.9788114906003107	0.9859728950037681	0.9747571178306327	0.9808025474868477	0.9833569429562831	0.9773226364336897	0.9719110806519189	0.9847254810723043	0.9819833196469998	0.9826858880383622	0.9864960628107451	0.9773338715066218	0.9794467294748256	0.9815885126995556	0.99146759292698	0.986659169977005	0.9712672977955363	0.9872623454555779	0.9861388061731043	0.9860051836683332	0.987710487406793	0.9800856609050383	0.9696714931170178	0.9873522556174626	0.9791976139698046	0.9782596113325517	1.0	0.9832168359248564	0.9859231330823277	0.9792352704691145	0.9870901249552297	0.9777112786777172	0.978045210108296	0.9794663385090016	0.9842646776682467	0.9830875315962894	0.9786324653122911
0.9908336491062898	0.9866171905474269	0.9883201970406833	0.9828583037563028	0.9806446866867927	0.9873462304912805	0.9867201343790716	0.9855001576727641	0.9900204788172684	0.9821292479083288	0.9839877607524448	0.986260251618323	0.9846848591369493	0.9819541729260829	0.9888323945013505	0.9869879328733374	0.9872074159958415	0.9896353119290959	0.9827252176719127	0.9845725059404498	0.9877333135752572	0.9916503112613824	0.9891337197110457	0.979880823302868	0.9913309476838875	0.9901246752884505	0.9886204684507586	0.9912416245728533	0.9863127929930633	0.9744801381642378	0.9919321079953198	0.9884452463395472	0.9885411467946414	0.9832168359248564	1.0	0.9926475176469589	0.987977750779891	0.9911119695545342	0.9866356866784969	0.9831602985297783	0.986124394847721	0.9887156876720505	0.986512936819015	0.9886844761855634
0.9884692582733117	0.9879490478011722	0.9889170922563698	0.9854813570260703	0.9832693929459012	0.9865646142221242	0.9894282497124831	0.9880862985605287	0.9867100120961142	0.9855236877965643	0.984688232344473	0.9838242375312073	0.9884366251811496	0.9841192102930326	0.9893530208575482	0.9877717378056724	0.9890693742040271	0.9875675049047988	0.984904486578973	0.9856292767003925	0.9894282497124831	0.9894529855881373	0.9877971461357383	0.9832013544426421	0.9889974758416439	0.9879235273995407	0.986387588847303	0.9890995277362533	0.988610401388794	0.971575862979777	0.989277422075392	0.9900792853140563	0.9896902076383778	0.9859231330823277	0.9926475176469589	1.0	0.9910413224484432	0.9884778899389164	0.9896715651912008	0.9860898787402667	0.9881449456745498	0.9895594887221404	0.9851621252965403	0.9905002201331942
0.99081478686228	0.9862122854514135	0.9880241551058824	0.9781633323303882	0.9808101059789595	0.9873085613315588	0.981217766199445	0.9837553804539548	0.9905292733068808	0.9767209451393699	0.9847330916374232	0.9862817847454621	0.981666982798962	0.9767780780326898	0.9894812800148676	0.9868458867735747	0.98748213322448	0.9896835727064394	0.9770005533346471	0.9843806182970944	0.9845847525496902	0.9918320251323723	0.9898078948224698	0.9743327278056516	0.9918086854818691	0.9899185742536275	0.9894835446168531	0.9916709257835699	0.9850302703735413	0.9756078203291996	0.9912498990849474	0.9840484137464218	0.9805993915601721	0.9792352704691145	0.987977750779891	0.9910413224484432	1.0	0.9903412915386614	0.9801474793336586	0.9823483800395123	0.9838062114879191	0.9885585432653586	0.9863361031984349	0.9847247819480008
0.9881363929835613	0.9879889463553737	0.9895521903555607	0.9861400158886474	0.9826524151682846	0.9870648039133161	0.9886955692440127	0.9876671956779143	0.9771919299116341	0.9859309265853402	0.9861400158886474	0.9846476496710909	0.9888398940749806	0.9826234275142659	0.9889596839008915	0.9881609033752671	0.9895991341810078	0.9822180991472216	0.9866056604631928	0.9867082476387137	0.9895286933656051	0.9868870088548223	0.9828928911822998	0.9821266706482283	0.9841531869749753	0.9901573110401161	0.9835804127226501	0.9846476496710909	0.9879889463553737	0.9708831123887451	0.9875924968692876	0.9895756706192976	0.9892691155734787	0.9870901249552297	0.9911119695545342	0.9884778899389164	0.9903412915386614	1.0	0.9885748138640231	0.9852955554110503	0.9878902805807038	0.9893164637581707	0.9867338445127606	0.9892216993059592
0.9883881264318024	0.9864944855356939	0.9869394233737743	0.9767360143055533	0.9783699222458072	0.9859229167134584	0.9806677237241428	0.9828823806019135	0.9882139398862496	0.9743489925324766	0.982651558758146	0.9846263170153636	0.980269900924773	0.9759478668711175	0.9881343167852734	0.9855390794048619	0.9853635420002891	0.9876701920928258	0.9731706359182544	0.98401291082507	0.9832410970252312	0.990370591892707	0.9880417659504481	0.9718337458719212	0.9888563213297398	0.9883796127543845	0.9882908979001264	0.9896028501277561	0.985223880066361	0.9723589326595902	0.9911924075335207	0.9836635117757125	0.9786124192807484	0.9777112786777172	0.9866356866784969	0.9896715651912008	0.9801474793336586	0.9885748138640231	1.0	0.9817558609019199	0.9851962845603602	0.9866675446794212	0.9844090766960191	0.9839772296078634
0.9865721650922769	0.9821843134738625	0.9828640878327369	0.9776634021878764	0.9759723855198215	0.9831131269461572	0.9825240647633126	0.9823483800395123	0.9853457452658589	0.9791213440651251	0.9811288898960372	0.9825227943232211	0.9799952917013817	0.9772313141933551	0.9836650690486793	0.9820039495494015	0.9817016569463128	0.9843559467853195	0.9773455783043613	0.9790187907316954	0.9813346207746809	0.9868420828256438	0.9854804027786442	0.9754432310784806	0.9857689806415425	0.9846069038679418	0.9844294346031673	0.9864356941543891	0.9803717106974033	0.9688196996434124	0.9855587291225405	0.9817757853223699	0.9818950777822532	0.978045210108296	0.9831602985297783	0.9860898787402667	0.9823483800395123	0.9852955554110503	0.9817558609019199	1.0	0.9804340277599243	0.9840043787807772	0.9806499315630699	0.9827375185487117
0.9881639781145446	0.9854235046949081	0.9857989902068283	0.9797086369195369	0.9774913936551693	0.9857257630438474	0.9834492906591215	0.9827419135246852	0.9869922651831338	0.977994717869771	0.9818143916242018	0.9840554111255041	0.9812028224420539	0.9777179231292465	0.9865974932305929	0.9840814861126561	0.9849229274756824	0.9862293541938527	0.9780582611774279	0.9824177730697505	0.9838594160978195	0.9895394290599933	0.9872191975573078	0.9748123090817623	0.9880689753960114	0.9870124890073002	0.9875088283235883	0.9892145956297126	0.9839171280475143	0.9706036728739587	0.990120263118456	0.9833054271461924	0.9842294512275398	0.9794663385090016	0.986124394847721	0.9881449456745498	0.9838062114879191	0.9878902805807038	0.9851962845603602	0.9804340277599243	1.0	0.9859933487901786	0.9839462132035001	0.9843867688463842
0.9902630415940857	0.9858416309595455	0.9874370277999877	0.9841447963180161	0.9813464077002444	0.9872330934146591	0.9877613771474929	0.9861443694789109	0.9901301683823247	0.9849553892270483	0.9834570654988758	0.9862817847454621	0.986350896516506	0.9815420385449449	0.9873285604449527	0.986012264367392	0.9876716001870153	0.9885053612005771	0.9834775001218414	0.9835794826124146	0.9879223613799263	0.9907264449124635	0.9882038422102901	0.9813464077002444	0.9897173007129807	0.9885563761132955	0.9878462778956152	0.989941673298571	0.9861820164843683	0.9731864388426892	0.9899215309409999	0.9889413593748194	0.9877075403531231	0.9842646776682467	0.9887156876720505	0.9895594887221404	0.9885585432653586	0.9893164637581707	0.9866675446794212	0.9840043787807772	0.9859933487901786	1.0	0.9855182668916718	0.9881889318989535
