/home/jshaw/scratch/2022_sketched_distance/references/SGB_genome_fastas_part4/7144/AsnicarF_2017__MV_FEI4_t2Q15__bin.2.fa	/home/jshaw/scratch/2022_sketched_distance/references/SGB_genome_fastas_part4/7144/BackhedF_2015__SID103_B__bin.10.fa	/home/jshaw/scratch/2022_sketched_distance/references/SGB_genome_fastas_part4/7144/BackhedF_2015__SID179_4M__bin.24.fa	/home/jshaw/scratch/2022_sketched_distance/references/SGB_genome_fastas_part4/7144/BackhedF_2015__SID180_4M__bin.1.fa	/home/jshaw/scratch/2022_sketched_distance/references/SGB_genome_fastas_part4/7144/BackhedF_2015__SID195_4M__bin.8.fa	/home/jshaw/scratch/2022_sketched_distance/references/SGB_genome_fastas_part4/7144/BackhedF_2015__SID201_4M__bin.12.fa	/home/jshaw/scratch/2022_sketched_distance/references/SGB_genome_fastas_part4/7144/BackhedF_2015__SID263_4M__bin.13.fa	/home/jshaw/scratch/2022_sketched_distance/references/SGB_genome_fastas_part4/7144/BackhedF_2015__SID263_4M__bin.3.fa	/home/jshaw/scratch/2022_sketched_distance/references/SGB_genome_fastas_part4/7144/BackhedF_2015__SID281_4M__bin.23.fa	/home/jshaw/scratch/2022_sketched_distance/references/SGB_genome_fastas_part4/7144/BackhedF_2015__SID367_4M__bin.16.fa	/home/jshaw/scratch/2022_sketched_distance/references/SGB_genome_fastas_part4/7144/BackhedF_2015__SID397_4M__bin.5.fa	/home/jshaw/scratch/2022_sketched_distance/references/SGB_genome_fastas_part4/7144/BackhedF_2015__SID42_4M__bin.12.fa	/home/jshaw/scratch/2022_sketched_distance/references/SGB_genome_fastas_part4/7144/BackhedF_2015__SID507_4M__bin.7.fa	/home/jshaw/scratch/2022_sketched_distance/references/SGB_genome_fastas_part4/7144/BackhedF_2015__SID507_B__bin.5.fa	/home/jshaw/scratch/2022_sketched_distance/references/SGB_genome_fastas_part4/7144/BackhedF_2015__SID521_4M__bin.19.fa	/home/jshaw/scratch/2022_sketched_distance/references/SGB_genome_fastas_part4/7144/BackhedF_2015__SID526_4M__bin.2.fa	/home/jshaw/scratch/2022_sketched_distance/references/SGB_genome_fastas_part4/7144/BackhedF_2015__SID582_4M__bin.4.fa	/home/jshaw/scratch/2022_sketched_distance/references/SGB_genome_fastas_part4/7144/BackhedF_2015__SID585_4M__bin.5.fa	/home/jshaw/scratch/2022_sketched_distance/references/SGB_genome_fastas_part4/7144/BackhedF_2015__SID587_B__bin.8.fa	/home/jshaw/scratch/2022_sketched_distance/references/SGB_genome_fastas_part4/7144/BackhedF_2015__SID590_4M__bin.26.fa	/home/jshaw/scratch/2022_sketched_distance/references/SGB_genome_fastas_part4/7144/BackhedF_2015__SID599_4M__bin.1.fa	/home/jshaw/scratch/2022_sketched_distance/references/SGB_genome_fastas_part4/7144/CM_periimplantitis__SP_283SPI_T016__bin.13.fa	/home/jshaw/scratch/2022_sketched_distance/references/SGB_genome_fastas_part4/7144/FengQ_2015__SID31446__bin.13.fa	/home/jshaw/scratch/2022_sketched_distance/references/SGB_genome_fastas_part4/7144/FengQ_2015__SID31868__bin.44.fa	/home/jshaw/scratch/2022_sketched_distance/references/SGB_genome_fastas_part4/7144/KarlssonFH_2013__S312__bin.63.fa	/home/jshaw/scratch/2022_sketched_distance/references/SGB_genome_fastas_part4/7144/VatanenT_2016__G78558__bin.4.fa	/home/jshaw/scratch/2022_sketched_distance/references/SGB_genome_fastas_part4/7144/VatanenT_2016__G78701__bin.8.fa	/home/jshaw/scratch/2022_sketched_distance/references/SGB_genome_fastas_part4/7144/VatanenT_2016__G78847__bin.3.fa	/home/jshaw/scratch/2022_sketched_distance/references/SGB_genome_fastas_part4/7144/VatanenT_2016__G78875__bin.2.fa	/home/jshaw/scratch/2022_sketched_distance/references/SGB_genome_fastas_part4/7144/VatanenT_2016__G80150__bin.1.fa	/home/jshaw/scratch/2022_sketched_distance/references/SGB_genome_fastas_part4/7144/VatanenT_2016__G80312__bin.6.fa	/home/jshaw/scratch/2022_sketched_distance/references/SGB_genome_fastas_part4/7144/VatanenT_2016__G80565__bin.2.fa
1.0	0.9815614535532304	0.9978012913982506	0.9812623163891391	0.9820540173943841	0.9804088040037728	0.98353427218763	0.9794548027705023	0.9804254229919	0.9818439843170649	0.9998078912374181	0.9791221267972556	0.9971384481799086	0.9992998290595454	0.9820931041263979	0.9819364763838598	0.9802609017777605	0.979684313656181	0.9798627180421563	0.9822489860490751	0.9806105507112355	0.9803893060941168	0.9807917738611263	0.9819652742080521	0.9815315309168803	0.9692687902670528	0.9811383474798605	0.9803493774601958	0.9802251114121386	0.9821126300053804	0.9803171543480365	0.9810045527819803
0.9815614535532304	1.0	0.9847451309696816	0.9994563038514613	0.9978403726352765	0.9820775768758606	0.9996249723406171	0.9996889749501996	0.9812494256828994	0.9826058382944015	0.9809611386099344	0.980161881241746	0.9836881715867852	0.9818526230476501	0.9978286272566841	0.9975446171494486	0.997325490677721	0.9942127688957524	0.9945964390995171	0.9980860723919902	0.9818042674545152	0.9790654987658718	0.9979822920639603	0.9980735392471567	0.9978640990271597	0.9851434818977107	0.9840941975610882	0.980462732426485	0.9810599537294679	0.997724606601997	0.9807171344618414	0.9811246563237339
0.9978012913982506	0.9847451309696816	1.0	0.9844333646066199	0.9851307205413872	0.9789010275799582	0.9642688259191261	0.9720063763370672	0.9818687665197389	0.978668353722661	0.9815282504054573	0.98044069810735	0.995136938372625	0.9976179052582007	0.9852836973837807	0.9848612840985975	0.9790398396335878	0.981826395272477	0.9723484949530954	0.9851307205413872	0.9801742120842264	0.9825393524120989	0.9764460437325418	0.9810107371796878	0.9839203399990084	0.9598252241608708	0.9788546253613598	0.9723484949530954	0.97604358754844	0.9846674665806281	0.9812273636345711	0.9779602045542619
0.9812623163891391	0.9994563038514613	0.9844333646066199	1.0	0.9972939912660099	0.9815536930570711	0.999962686563008	0.9991217072746493	0.980757520348391	0.9821924807599515	0.9803067508915564	0.9796461421692113	0.9831742580066327	0.9814174855192033	0.9973525332537266	0.997390179792168	0.997368976818254	0.9938761154156726	0.9942143057513074	0.9974357635785261	0.9813452067986261	0.9789166849568867	0.9975899664478404	0.9976070325927301	0.9975296870124796	0.9847822633662197	0.9836909618278623	0.9798919836520233	0.9804294640507484	0.9973778846552628	0.9801472659941817	0.9808114648068846
0.9820540173943841	0.9978403726352765	0.9851307205413872	0.9972939912660099	1.0	0.9820323531816498	0.9983173399244886	0.9976597552196518	0.9813712545910249	0.9825144309111058	0.9816694920438511	0.9800978574077571	0.9837665250593132	0.9822238233403143	0.9996707754249644	0.9997347171975494	0.9991184099385982	0.9945460368768158	0.994827814973285	0.9998906194262797	0.9813892054250881	0.9795706272555524	0.99804723212546	0.9982612045692534	0.997987107004283	0.985088167819644	0.9844090766960191	0.9809401529442097	0.9817030181219251	0.9978907045788268	0.9812566643738323	0.9808598438068455
0.9804088040037728	0.9820775768758606	0.9789010275799582	0.9815536930570711	0.9820323531816498	1.0	0.9753486706691769	0.9771227765346154	0.9980945814016328	0.99136720617364	0.9768996135315755	0.9970060585376467	0.980432574372305	0.9803373889822713	0.9821001653161494	0.981782499779714	0.9770398768257473	0.979784625362218	0.9776419848814101	0.9821452954924342	0.9868040917933689	0.9812538318620023	0.9769938904981605	0.9777412354641439	0.9809278000841223	0.9646321080696298	0.9901322490778344	0.9935804710209745	0.9924658839420097	0.9817140255935061	0.9958211543933504	0.9855579937693987
0.98353427218763	0.9996249723406171	0.9642688259191261	0.999962686563008	0.9983173399244886	0.9753486706691769	1.0	0.8407731516827304	0.9820915234879738	0.9809827341050024	0.8330068124364897	0.981443854202499	0.9834728473450688	0.98353427218763	0.998278091714732	0.997883042011196	0.984382353636494	0.9846800040817799	0.9657876606513451	0.9987847433855335	0.981443854202499	0.9810490077904692	0.9737320276892187	0.9925488059415757	0.995918579109792	0.9569364606431918	0.9812470268051334	0.9720306213584783	0.9722915940341315	0.9983956977465465	0.9815744176245608	0.977852047953147
0.9794548027705023	0.9996889749501996	0.9720063763370672	0.9991217072746493	0.9976597552196518	0.9771227765346154	0.8407731516827304	1.0	0.9790190953363301	0.9739683455991388	0.9812327994120178	0.9769674406653187	0.9799700907061134	0.9799132363357602	0.997593264492887	0.9973929908325027	0.9934895084697212	0.994872462713228	0.9878534659083106	0.9977592427095658	0.9762431927718327	0.9774005278398423	0.9917101984264254	0.9905577452267251	0.996562447750596	0.9785205111210862	0.9779187955987072	0.9685764291950025	0.9736939865768176	0.9970395823046416	0.9778885363354327	0.9732780497106198
0.9804254229919	0.9812494256828994	0.9818687665197389	0.980757520348391	0.9813712545910249	0.9980945814016328	0.9820915234879738	0.9790190953363301	1.0	0.9963267255475524	0.9799570000137879	0.9984815798000167	0.9816241021343705	0.9804254229919	0.9813103968555401	0.9810658272220095	0.9796713870684808	0.9785806054572634	0.9791616428147731	0.9814926314613428	0.9898324770414472	0.9810043979682771	0.9796215770663765	0.9808130847456293	0.9801480288426502	0.9675123231109348	0.9945430209916524	0.9983311162830912	0.9969666601491763	0.9810043979682771	0.9971897126238879	0.9896674801260407
0.9818439843170649	0.9826058382944015	0.978668353722661	0.9821924807599515	0.9825144309111058	0.99136720617364	0.9809827341050024	0.9739683455991388	0.9963267255475524	1.0	0.975999039631363	0.9955037109194127	0.9827878913361939	0.9820303106882211	0.9825830103536729	0.9822155824751699	0.9759187564878274	0.979218789605821	0.9757120897643242	0.9828105769909011	0.9938911180666901	0.983859467933734	0.9755157080694066	0.9770631641270742	0.9814444828965758	0.9635759750989991	0.9908917130962605	0.9921447014504062	0.9905577093186386	0.9824227676933727	0.9953645356458874	0.990489023155008
0.9998078912374181	0.9809611386099344	0.9815282504054573	0.9803067508915564	0.9816694920438511	0.9768996135315755	0.8330068124364897	0.9812327994120178	0.9799570000137879	0.975999039631363	1.0	0.9783350342467099	0.9961671799171421	0.999942483544662	0.9816694920438511	0.9813003634946161	0.9777759497475619	0.9800272503742227	0.9697584875585231	0.9818026947899263	0.9772071071908001	0.9811989649617316	0.9767835507162345	0.9754384050216777	0.9812665988985166	0.9596683101152584	0.9767447709927991	0.9710324886225036	0.9755593572748941	0.9815022224534131	0.979886598246149	0.975679861315904
0.9791221267972556	0.980161881241746	0.98044069810735	0.9796461421692113	0.9800978574077571	0.9970060585376467	0.981443854202499	0.9769674406653187	0.9984815798000167	0.9955037109194127	0.9783350342467099	1.0	0.9802374360586195	0.9793633450656545	0.980055105041057	0.9797758424074087	0.9778099068225289	0.9767330899659269	0.9772149361431741	0.9803532034378283	0.9888488306015356	0.9799694320916968	0.9779034901317234	0.9792364519024159	0.9787680502246774	0.9660050017293402	0.9932585172667602	0.9969878828355483	0.9956617362110737	0.9798620239532098	0.9961902863574857	0.9884626522932701
0.9971384481799086	0.9836881715867852	0.995136938372625	0.9831742580066327	0.9837665250593132	0.980432574372305	0.9834728473450688	0.9799700907061134	0.9816241021343705	0.9827878913361939	0.9961671799171421	0.9802374360586195	1.0	0.9976177882406856	0.9836881715867852	0.9835702891906293	0.98043085875038	0.9803027475087265	0.9799945664139728	0.9839226725943558	0.9823851820669535	0.9812459519899217	0.9811456476315537	0.9821534222516259	0.9828136914630042	0.9698925646875931	0.9817331190346118	0.9805192628112387	0.9806072303702354	0.9837665250593132	0.9815194981197578	0.9827613969262543
0.9992998290595454	0.9818526230476501	0.9976179052582007	0.9814174855192033	0.9822238233403143	0.9803373889822713	0.98353427218763	0.9799132363357602	0.9804254229919	0.9820303106882211	0.999942483544662	0.9793633450656545	0.9976177882406856	1.0	0.982126546412641	0.982048516218195	0.9802121798365834	0.9797276951585204	0.9799287087532431	0.9823981967957481	0.9810133168967415	0.9803653642283477	0.9808464658824187	0.9822002907873886	0.9816928811248515	0.969358641433363	0.9813225085483671	0.9803493774601958	0.9802507254905038	0.982048516218195	0.980486164021578	0.9811965072997324
0.9820931041263979	0.9978286272566841	0.9852836973837807	0.9973525332537266	0.9996707754249644	0.9821001653161494	0.998278091714732	0.997593264492887	0.9813103968555401	0.9825830103536729	0.9816694920438511	0.980055105041057	0.9836881715867852	0.982126546412641	1.0	0.9996458182490902	0.9993375907996115	0.9945322174032759	0.9947648724137963	0.9997050481430168	0.9814550926059736	0.9795706272555524	0.9979497744322232	0.9981891508086684	0.9979133568163562	0.984921664283762	0.984450833184604	0.9809122615533542	0.9817764110239181	0.9978907045788268	0.9811122797744009	0.980980479049464
0.9819364763838598	0.9975446171494486	0.9848612840985975	0.997390179792168	0.9997347171975494	0.981782499779714	0.997883042011196	0.9973929908325027	0.9810658272220095	0.9822155824751699	0.9813003634946161	0.9797758424074087	0.9835702891906293	0.982048516218195	0.9996458182490902	1.0	0.998939257211134	0.9943381374006722	0.9944907320809263	0.9999007662264685	0.9811021507056658	0.9795706272555524	0.9977703570043461	0.997913914486703	0.9978147681840643	0.984921664283762	0.9841152837885084	0.9806882696931246	0.9815557366297724	0.9976173896164627	0.9810087562491301	0.9806172296820309
0.9802609017777605	0.997325490677721	0.9790398396335878	0.997368976818254	0.9991184099385982	0.9770398768257473	0.984382353636494	0.9934895084697212	0.9796713870684808	0.9759187564878274	0.9777759497475619	0.9778099068225289	0.98043085875038	0.9802121798365834	0.9993375907996115	0.998939257211134	1.0	0.9927111814919822	0.9898131619138402	0.9992281806588844	0.976306207903779	0.9782788640354882	0.9930885883590602	0.9917453077951289	0.9961293242852269	0.9799761619636427	0.9785621637508942	0.9748591366128315	0.9757557617633783	0.9971946899000181	0.9789698930294831	0.9742361418378948
0.979684313656181	0.9942127688957524	0.981826395272477	0.9938761154156726	0.9945460368768158	0.979784625362218	0.9846800040817799	0.994872462713228	0.9785806054572634	0.979218789605821	0.9800272503742227	0.9767330899659269	0.9803027475087265	0.9797276951585204	0.9945322174032759	0.9943381374006722	0.9927111814919822	1.0	0.9976205351149786	0.9946426122303403	0.9774450309972537	0.9779458192918019	0.9947057706425831	0.9936184725624472	0.9937206651936125	0.981214304869661	0.9820938304387535	0.9769727588950458	0.9793157249393633	0.9951891398637523	0.9776237302662063	0.9771251305284904
0.9798627180421563	0.9945964390995171	0.9723484949530954	0.9942143057513074	0.994827814973285	0.9776419848814101	0.9657876606513451	0.9878534659083106	0.9791616428147731	0.9757120897643242	0.9697584875585231	0.9772149361431741	0.9799945664139728	0.9799287087532431	0.9947648724137963	0.9944907320809263	0.9898131619138402	0.9976205351149786	1.0	0.9948487693049533	0.9757120897643242	0.9780635096822594	0.9886210459975182	0.9900561872606093	0.9940645002799752	0.9703391175360051	0.9789585386841991	0.9684709496751149	0.9743718338653733	0.9950159290152917	0.9779586384135255	0.9731367297354023
0.9822489860490751	0.9980860723919902	0.9851307205413872	0.9974357635785261	0.9998906194262797	0.9821452954924342	0.9987847433855335	0.9977592427095658	0.9814926314613428	0.9828105769909011	0.9818026947899263	0.9803532034378283	0.9839226725943558	0.9823981967957481	0.9997050481430168	0.9999007662264685	0.9992281806588844	0.9946426122303403	0.9948487693049533	1.0	0.9816301457957612	0.9797372815133056	0.9981444051548124	0.9983474636358171	0.9981829785839096	0.9851434818977107	0.9845757847967885	0.9810514812079261	0.9818740128916208	0.9981852608275088	0.9814413701026061	0.9810045527819803
0.9806105507112355	0.9818042674545152	0.9801742120842264	0.9813452067986261	0.9813892054250881	0.9868040917933689	0.981443854202499	0.9762431927718327	0.9898324770414472	0.9938911180666901	0.9772071071908001	0.9888488306015356	0.9823851820669535	0.9810133168967415	0.9814550926059736	0.9811021507056658	0.976306207903779	0.9774450309972537	0.9757120897643242	0.9816301457957612	1.0	0.9825977467331252	0.976247465265017	0.9774716979918832	0.9796509980149514	0.9639495827721374	0.9869025289692908	0.9872825460969	0.9863320114391798	0.9804977848892281	0.98924927819343	0.9971024906290704
0.9803893060941168	0.9790654987658718	0.9825393524120989	0.9789166849568867	0.9795706272555524	0.9812538318620023	0.9810490077904692	0.9774005278398423	0.9810043979682771	0.983859467933734	0.9811989649617316	0.9799694320916968	0.9812459519899217	0.9803653642283477	0.9795706272555524	0.9795706272555524	0.9782788640354882	0.9779458192918019	0.9780635096822594	0.9797372815133056	0.9825977467331252	1.0	0.9787592818621419	0.9802213994481146	0.9800000465996488	0.9671780692889992	0.9808601466833621	0.9812730071855106	0.9811348019373828	0.9796332223148031	0.9795021977215591	0.9839264148058529
0.9807917738611263	0.9979822920639603	0.9764460437325418	0.9975899664478404	0.99804723212546	0.9769938904981605	0.9737320276892187	0.9917101984264254	0.9796215770663765	0.9755157080694066	0.9767835507162345	0.9779034901317234	0.9811456476315537	0.9808464658824187	0.9979497744322232	0.9977703570043461	0.9930885883590602	0.9947057706425831	0.9886210459975182	0.9981444051548124	0.976247465265017	0.9787592818621419	1.0	0.9936488150551505	0.9983057321886359	0.9782828237064985	0.9788465438821925	0.970438788307367	0.9758677332820352	0.9985142948445801	0.9786717858186699	0.9738657162689209
0.9819652742080521	0.9980735392471567	0.9810107371796878	0.9976070325927301	0.9982612045692534	0.9777412354641439	0.9925488059415757	0.9905577452267251	0.9808130847456293	0.9770631641270742	0.9754384050216777	0.9792364519024159	0.9821534222516259	0.9822002907873886	0.9981891508086684	0.997913914486703	0.9917453077951289	0.9936184725624472	0.9900561872606093	0.9983474636358171	0.9774716979918832	0.9802213994481146	0.9936488150551505	1.0	0.9984621290219073	0.9801697253609988	0.980021766108355	0.9744874484482837	0.9769105974631798	0.9987044891822665	0.9798963729140119	0.9749398491043827
0.9815315309168803	0.9978640990271597	0.9839203399990084	0.9975296870124796	0.997987107004283	0.9809278000841223	0.995918579109792	0.996562447750596	0.9801480288426502	0.9814444828965758	0.9812665988985166	0.9787680502246774	0.9828136914630042	0.9816928811248515	0.9979133568163562	0.9978147681840643	0.9961293242852269	0.9937206651936125	0.9940645002799752	0.9981829785839096	0.9796509980149514	0.9800000465996488	0.9983057321886359	0.9984621290219073	1.0	0.9850327604054394	0.9836054345873503	0.9793110840485022	0.9814324935763536	0.9984746408484839	0.9799122176066821	0.9792750448387207
0.9692687902670528	0.9851434818977107	0.9598252241608708	0.9847822633662197	0.985088167819644	0.9646321080696298	0.9569364606431918	0.9785205111210862	0.9675123231109348	0.9635759750989991	0.9596683101152584	0.9660050017293402	0.9698925646875931	0.969358641433363	0.984921664283762	0.984921664283762	0.9799761619636427	0.981214304869661	0.9703391175360051	0.9851434818977107	0.9639495827721374	0.9671780692889992	0.9782828237064985	0.9801697253609988	0.9850327604054394	1.0	0.966252938203837	0.9575712943434537	0.963629614389467	0.985446055123109	0.9664007890782529	0.9604785357266424
0.9811383474798605	0.9840941975610882	0.9788546253613598	0.9836909618278623	0.9844090766960191	0.9901322490778344	0.9812470268051334	0.9779187955987072	0.9945430209916524	0.9908917130962605	0.9767447709927991	0.9932585172667602	0.9817331190346118	0.9813225085483671	0.984450833184604	0.9841152837885084	0.9785621637508942	0.9820938304387535	0.9789585386841991	0.9845757847967885	0.9869025289692908	0.9808601466833621	0.9788465438821925	0.980021766108355	0.9836054345873503	0.966252938203837	1.0	0.9916452125241313	0.9898772516746845	0.9842834874518888	0.9961036780217576	0.985368959648566
0.9803493774601958	0.980462732426485	0.9723484949530954	0.9798919836520233	0.9809401529442097	0.9935804710209745	0.9720306213584783	0.9685764291950025	0.9983311162830912	0.9921447014504062	0.9710324886225036	0.9969878828355483	0.9805192628112387	0.9803493774601958	0.9809122615533542	0.9806882696931246	0.9748591366128315	0.9769727588950458	0.9684709496751149	0.9810514812079261	0.9872825460969	0.9812730071855106	0.970438788307367	0.9744874484482837	0.9793110840485022	0.9575712943434537	0.9916452125241313	1.0	0.9913418558825065	0.9802071285515207	0.9976830648458683	0.9845777412744577
0.9802251114121386	0.9810599537294679	0.97604358754844	0.9804294640507484	0.9817030181219251	0.9924658839420097	0.9722915940341315	0.9736939865768176	0.9969666601491763	0.9905577093186386	0.9755593572748941	0.9956617362110737	0.9806072303702354	0.9802507254905038	0.9817764110239181	0.9815557366297724	0.9757557617633783	0.9793157249393633	0.9743718338653733	0.9818740128916208	0.9863320114391798	0.9811348019373828	0.9758677332820352	0.9769105974631798	0.9814324935763536	0.963629614389467	0.9898772516746845	0.9913418558825065	1.0	0.9830935855475286	0.9952746471231151	0.9840193295657403
0.9821126300053804	0.997724606601997	0.9846674665806281	0.9973778846552628	0.9978907045788268	0.9817140255935061	0.9983956977465465	0.9970395823046416	0.9810043979682771	0.9824227676933727	0.9815022224534131	0.9798620239532098	0.9837665250593132	0.982048516218195	0.9978907045788268	0.9976173896164627	0.9971946899000181	0.9951891398637523	0.9950159290152917	0.9981852608275088	0.9804977848892281	0.9796332223148031	0.9985142948445801	0.9987044891822665	0.9984746408484839	0.985446055123109	0.9842834874518888	0.9802071285515207	0.9830935855475286	1.0	0.9805913529529138	0.9800770533406906
0.9803171543480365	0.9807171344618414	0.9812273636345711	0.9801472659941817	0.9812566643738323	0.9958211543933504	0.9815744176245608	0.9778885363354327	0.9971897126238879	0.9953645356458874	0.979886598246149	0.9961902863574857	0.9815194981197578	0.980486164021578	0.9811122797744009	0.9810087562491301	0.9789698930294831	0.9776237302662063	0.9779586384135255	0.9814413701026061	0.98924927819343	0.9795021977215591	0.9786717858186699	0.9798963729140119	0.9799122176066821	0.9664007890782529	0.9961036780217576	0.9976830648458683	0.9952746471231151	0.9805913529529138	1.0	0.9887490101927525
0.9810045527819803	0.9811246563237339	0.9779602045542619	0.9808114648068846	0.9808598438068455	0.9855579937693987	0.977852047953147	0.9732780497106198	0.9896674801260407	0.990489023155008	0.975679861315904	0.9884626522932701	0.9827613969262543	0.9811965072997324	0.980980479049464	0.9806172296820309	0.9742361418378948	0.9771251305284904	0.9731367297354023	0.9810045527819803	0.9971024906290704	0.9839264148058529	0.9738657162689209	0.9749398491043827	0.9792750448387207	0.9604785357266424	0.985368959648566	0.9845777412744577	0.9840193295657403	0.9800770533406906	0.9887490101927525	1.0
