/home/jshaw/scratch/2022_sketched_distance/references/SGB_genome_fastas_part4/5849/CosteaPI_2017__SID713A076-11-0-0__bin.23.fa	/home/jshaw/scratch/2022_sketched_distance/references/SGB_genome_fastas_part4/5849/KarlssonFH_2013__S543__bin.19.fa	/home/jshaw/scratch/2022_sketched_distance/references/SGB_genome_fastas_part4/5849/SchirmerM_2016__G88902__bin.9.fa	/home/jshaw/scratch/2022_sketched_distance/references/SGB_genome_fastas_part4/5849/SchirmerM_2016__G89250__bin.15.fa	/home/jshaw/scratch/2022_sketched_distance/references/SGB_genome_fastas_part4/5849/ZeeviD_2015__PNP_DietIntervention_36__bin.35.fa	/home/jshaw/scratch/2022_sketched_distance/references/SGB_genome_fastas_part4/5849/ZeeviD_2015__PNP_DietIntervention_43__bin.27.fa	/home/jshaw/scratch/2022_sketched_distance/references/SGB_genome_fastas_part4/5849/ZeeviD_2015__PNP_DietIntervention_50__bin.3.fa	/home/jshaw/scratch/2022_sketched_distance/references/SGB_genome_fastas_part4/5849/ZeeviD_2015__PNP_Main_110__bin.8.fa	/home/jshaw/scratch/2022_sketched_distance/references/SGB_genome_fastas_part4/5849/ZeeviD_2015__PNP_Main_151__bin.36.fa	/home/jshaw/scratch/2022_sketched_distance/references/SGB_genome_fastas_part4/5849/ZeeviD_2015__PNP_Main_16__bin.22.fa	/home/jshaw/scratch/2022_sketched_distance/references/SGB_genome_fastas_part4/5849/ZeeviD_2015__PNP_Main_185__bin.22.fa	/home/jshaw/scratch/2022_sketched_distance/references/SGB_genome_fastas_part4/5849/ZeeviD_2015__PNP_Main_193__bin.23.fa	/home/jshaw/scratch/2022_sketched_distance/references/SGB_genome_fastas_part4/5849/ZeeviD_2015__PNP_Main_223__bin.47.fa	/home/jshaw/scratch/2022_sketched_distance/references/SGB_genome_fastas_part4/5849/ZeeviD_2015__PNP_Main_224__bin.17.fa	/home/jshaw/scratch/2022_sketched_distance/references/SGB_genome_fastas_part4/5849/ZeeviD_2015__PNP_Main_265__bin.33.fa	/home/jshaw/scratch/2022_sketched_distance/references/SGB_genome_fastas_part4/5849/ZeeviD_2015__PNP_Main_298__bin.21.fa	/home/jshaw/scratch/2022_sketched_distance/references/SGB_genome_fastas_part4/5849/ZeeviD_2015__PNP_Main_317__bin.32.fa	/home/jshaw/scratch/2022_sketched_distance/references/SGB_genome_fastas_part4/5849/ZeeviD_2015__PNP_Main_321__bin.31.fa	/home/jshaw/scratch/2022_sketched_distance/references/SGB_genome_fastas_part4/5849/ZeeviD_2015__PNP_Main_347__bin.3.fa	/home/jshaw/scratch/2022_sketched_distance/references/SGB_genome_fastas_part4/5849/ZeeviD_2015__PNP_Main_400__bin.14.fa	/home/jshaw/scratch/2022_sketched_distance/references/SGB_genome_fastas_part4/5849/ZeeviD_2015__PNP_Main_589__bin.14.fa	/home/jshaw/scratch/2022_sketched_distance/references/SGB_genome_fastas_part4/5849/ZeeviD_2015__PNP_Main_609__bin.45.fa	/home/jshaw/scratch/2022_sketched_distance/references/SGB_genome_fastas_part4/5849/ZeeviD_2015__PNP_Main_615__bin.12.fa	/home/jshaw/scratch/2022_sketched_distance/references/SGB_genome_fastas_part4/5849/ZeeviD_2015__PNP_Main_677__bin.30.fa	/home/jshaw/scratch/2022_sketched_distance/references/SGB_genome_fastas_part4/5849/ZeeviD_2015__PNP_Main_88__bin.17.fa	/home/jshaw/scratch/2022_sketched_distance/references/SGB_genome_fastas_part4/5849/ZeeviD_2015__PNP_Main_98__bin.35.fa	/home/jshaw/scratch/2022_sketched_distance/references/SGB_genome_fastas_part4/5849/ZeeviD_2015__PNP_Validation_25__bin.19.fa	/home/jshaw/scratch/2022_sketched_distance/references/SGB_genome_fastas_part4/5849/ZellerG_2014__CCIS59903910ST-4-0__bin.18.fa
1.0	0.994862352551525	0.9888107877658104	0.990448976338059	0.9933559479186078	0.993775600714994	0.9937219709565814	0.9931049588621167	0.9940093241578343	0.9876529107849382	0.9934553854577078	0.9933397074313305	0.9926731191432571	0.9933567789996929	0.996201488714628	0.9957318971152322	0.996077320698411	0.9934948309790838	0.9930906436226058	0.9936460984562038	0.9936476257713581	0.9935697808101587	0.9933107743615421	0.9928452920655232	0.9935402920176252	0.9957855072779108	0.9933262236828629	0.9861001052135114
0.994862352551525	1.0	0.9884524861608048	0.9903692200257828	0.9941433039061269	0.9945196371185584	0.9944873584060003	0.9942783962576627	0.9945670087502311	0.9871090241189331	0.9945498048245557	0.994404757696797	0.9927003617022836	0.9940819058276112	0.998226288698065	0.9984997959189815	0.9980891212207518	0.9939115301171287	0.9943404700382826	0.9946103637206821	0.9947638798604471	0.9948734426999721	0.9938912337584616	0.9929660531059372	0.9943106988812166	0.9986645464944434	0.994169091242045	0.9842918945041551
0.9888107877658104	0.9884524861608048	1.0	0.9876553395707299	0.9903197786098541	0.990609239125683	0.9907568845698332	0.9897017684574236	0.9907204856289641	0.987422939018976	0.9901661322356343	0.9900587355692723	0.9889523159879273	0.9898842768738322	0.9901010950436367	0.9894898934200353	0.9900666356832956	0.9921046550720871	0.9898340156637139	0.9904398994984841	0.990452961178041	0.9903462600027647	0.9921451393563355	0.9914805058588935	0.9925088172637987	0.9895151172374655	0.9899200836157411	0.9849770277079799
0.990448976338059	0.9903692200257828	0.9876553395707299	1.0	0.9934779899619792	0.9939594422312286	0.9938388414847769	0.9931688628050487	0.9938638015574157	0.9874408072713725	0.9932849402463282	0.9935884757269241	0.9929296521848292	0.9934770756111535	0.9916700867070922	0.9908079706269032	0.9913504161818505	0.9914671055040338	0.9934603524311991	0.9936954249286727	0.9937179901901861	0.993848535468571	0.9914222533592116	0.9912140849398468	0.9915236660093893	0.991040901907341	0.9933592955051357	0.9846426985040664
0.9933559479186078	0.9941433039061269	0.9903197786098541	0.9934779899619792	1.0	0.9987965390098109	0.9990039679636018	0.9984258491593816	0.9986013819432304	0.9894457049454398	0.9985594891927189	0.9981491833101933	0.9962833844453587	0.9978728285566415	0.995310191971241	0.9949919072134755	0.9955024664770625	0.9952259099649126	0.9980286569264115	0.998637486049538	0.9988183748610826	0.9981720140006007	0.9949562909386258	0.9943509754750576	0.9958152419588984	0.9949576908165794	0.9982387224802292	0.9865768920550904
0.993775600714994	0.9945196371185584	0.990609239125683	0.9939594422312286	0.9987965390098109	1.0	0.9994122923647187	0.9986431362118794	0.9991331072984097	0.9894978807192865	0.9987611125571048	0.9983426611791202	0.9969742797508635	0.9983447157481088	0.9958298704977578	0.9955205206639881	0.9960135310263241	0.9956657918769874	0.998421893042694	0.9990817292455828	0.9991794766309362	0.9988332692774744	0.9955756803646175	0.99476397579919	0.9961325333794896	0.9954786920161245	0.9985240793914444	0.9869166726667613
0.9937219709565814	0.9944873584060003	0.9907568845698332	0.9938388414847769	0.9990039679636018	0.9994122923647187	1.0	0.9986733904865739	0.9991616105425629	0.9896607029392893	0.9989317398257918	0.9986344306866801	0.997017834709364	0.9984419423097273	0.9958083884139428	0.9954837069190511	0.9959741793590561	0.9958056917214996	0.9986172339915831	0.9991733667328869	0.9992386813811877	0.9987833108322515	0.9955195337876676	0.9947845296000805	0.9962652147578418	0.995441383798042	0.9987137457221802	0.9867990162940182
0.9931049588621167	0.9942783962576627	0.9897017684574236	0.9931688628050487	0.9984258491593816	0.9986431362118794	0.9986733904865739	1.0	0.9986593661140248	0.9886082651416516	0.9991500418149517	0.9983340941796015	0.9964708941145706	0.9979406723977683	0.995285962796619	0.9949959612755844	0.9954720055101265	0.9951157509948932	0.9986638604749687	0.9989572913076503	0.998991058040337	0.9982291262506165	0.9948026394727981	0.9941343459411933	0.9957741480113905	0.9949109103105651	0.9986489203744188	0.9858788752408465
0.9940093241578343	0.9945670087502311	0.9907204856289641	0.9938638015574157	0.9986013819432304	0.9991331072984097	0.9991616105425629	0.9986593661140248	1.0	0.9895823470032568	0.9987621666310386	0.9985053108247687	0.9972702566607609	0.998228966263961	0.9960261315206759	0.995520622714615	0.9960337819780297	0.995829357688996	0.9985692423840412	0.9992442027596298	0.999357375751067	0.9987701413235128	0.995449913150547	0.994875232539663	0.9960309931580476	0.9954963017705127	0.9985398968308145	0.9870850970921552
0.9876529107849382	0.9871090241189331	0.987422939018976	0.9874408072713725	0.9894457049454398	0.9894978807192865	0.9896607029392893	0.9886082651416516	0.9895823470032568	1.0	0.9890654059406722	0.9888957401959819	0.9880680900914219	0.9888483765848453	0.9888622622118615	0.9883062287967032	0.9889686082357672	0.9920833801151916	0.9884904172606485	0.9893047986007599	0.9894237119530258	0.9891024784884954	0.9915519763067749	0.9911095242058237	0.9917270830213114	0.9882551799103525	0.9889002977860998	0.98564774563146
0.9934553854577078	0.9945498048245557	0.9901661322356343	0.9932849402463282	0.9985594891927189	0.9987611125571048	0.9989317398257918	0.9991500418149517	0.9987621666310386	0.9890654059406722	1.0	0.9986720578635564	0.9966061605992707	0.99840481562256	0.9955852673422135	0.9953221555508618	0.9958019082576539	0.9955262027079101	0.9984964956187465	0.9990751006285364	0.9991086234041517	0.9983292997712074	0.9951936395550256	0.9944906012729958	0.9959516059032741	0.9952431023946814	0.9991025062469323	0.9861257330979522
0.9933397074313305	0.994404757696797	0.9900587355692723	0.9935884757269241	0.9981491833101933	0.9983426611791202	0.9986344306866801	0.9983340941796015	0.9985053108247687	0.9888957401959819	0.9986720578635564	1.0	0.9965030146560796	0.9982386377485261	0.9955494553957296	0.995002238938035	0.9954390614371519	0.9953980979722763	0.9986405632638916	0.9991174082716848	0.9985629131487951	0.9983070021087643	0.9950940073602819	0.9943864602445386	0.9956623334982513	0.9952349929566279	0.9990823371804796	0.9864412201990931
0.9926731191432571	0.9927003617022836	0.9889523159879273	0.9929296521848292	0.9962833844453587	0.9969742797508635	0.997017834709364	0.9964708941145706	0.9972702566607609	0.9880680900914219	0.9966061605992707	0.9965030146560796	1.0	0.9967145691705335	0.9943477907294482	0.99359401012288	0.9941054030520077	0.9941804652671605	0.9968859596469313	0.9972589032343903	0.9971265761969884	0.9967139696066054	0.9939391978129315	0.9935057362476347	0.9940341120836121	0.9937450070798537	0.9963828117347288	0.9860785140878624
0.9933567789996929	0.9940819058276112	0.9898842768738322	0.9934770756111535	0.9978728285566415	0.9983447157481088	0.9984419423097273	0.9979406723977683	0.998228966263961	0.9888483765848453	0.99840481562256	0.9982386377485261	0.9967145691705335	1.0	0.9952509600552132	0.9949725996452412	0.9954591873523224	0.9952930843834888	0.9978738830822992	0.998527428642533	0.9985955249271452	0.9977397171068849	0.9954739097118405	0.9941842548017713	0.9954360810102907	0.995009388034735	0.9983570745652596	0.9865247591158247
0.996201488714628	0.998226288698065	0.9901010950436367	0.9916700867070922	0.995310191971241	0.9958298704977578	0.9958083884139428	0.995285962796619	0.9960261315206759	0.9888622622118615	0.9955852673422135	0.9955494553957296	0.9943477907294482	0.9952509600552132	1.0	0.9989899710930353	0.999161222052866	0.9954318478920424	0.9954022387122863	0.9958058453083508	0.9958011863161158	0.995723746768045	0.9951817489474306	0.994556924704576	0.9955898033970776	0.9991216619218298	0.9952385415721036	0.9863106904356238
0.9957318971152322	0.9984997959189815	0.9894898934200353	0.9908079706269032	0.9949919072134755	0.9955205206639881	0.9954837069190511	0.9949959612755844	0.995520622714615	0.9883062287967032	0.9953221555508618	0.995002238938035	0.99359401012288	0.9949725996452412	0.9989899710930353	1.0	0.999275670875959	0.9950194124615026	0.9948531407133723	0.9954478713742939	0.9955128697797585	0.9951937954082635	0.9950598694557109	0.9937823634099364	0.9953047944707735	0.9993440963525435	0.9949634920540392	0.9853723792106843
0.996077320698411	0.9980891212207518	0.9900666356832956	0.9913504161818505	0.9955024664770625	0.9960135310263241	0.9959741793590561	0.9954720055101265	0.9960337819780297	0.9889686082357672	0.9958019082576539	0.9954390614371519	0.9941054030520077	0.9954591873523224	0.999161222052866	0.999275670875959	1.0	0.9954636497837571	0.9953098956245341	0.9959193774081226	0.99598325458894	0.9956822312960893	0.9955355082112156	0.9943137371949651	0.9958101486963933	0.9989585000547717	0.9954273522035555	0.9859912566337987
0.9934948309790838	0.9939115301171287	0.9921046550720871	0.9914671055040338	0.9952259099649126	0.9956657918769874	0.9958056917214996	0.9951157509948932	0.995829357688996	0.9920833801151916	0.9955262027079101	0.9953980979722763	0.9941804652671605	0.9952930843834888	0.9954318478920424	0.9950194124615026	0.9954636497837571	1.0	0.9950633856047298	0.9956783749358559	0.9957451322813217	0.995450896967805	0.9981154724753141	0.9969301995733475	0.9985101623206882	0.9948764045143318	0.9953690085309753	0.9887164177986072
0.9930906436226058	0.9943404700382826	0.9898340156637139	0.9934603524311991	0.9980286569264115	0.998421893042694	0.9986172339915831	0.9986638604749687	0.9985692423840412	0.9884904172606485	0.9984964956187465	0.9986405632638916	0.9968859596469313	0.9978738830822992	0.9954022387122863	0.9948531407133723	0.9953098956245341	0.9950633856047298	1.0	0.9989598683375462	0.9986904654684285	0.9983038845621051	0.9947757644591447	0.9941979419900381	0.9953748873070415	0.9951929651114209	0.9983684589242608	0.9860412283260211
0.9936460984562038	0.9946103637206821	0.9904398994984841	0.9936954249286727	0.998637486049538	0.9990817292455828	0.9991733667328869	0.9989572913076503	0.9992442027596298	0.9893047986007599	0.9990751006285364	0.9991174082716848	0.9972589032343903	0.998527428642533	0.9958058453083508	0.9954478713742939	0.9959193774081226	0.9956783749358559	0.9989598683375462	1.0	0.9993974984100568	0.9987715041640914	0.9954111264053879	0.9947283522162913	0.9961063412736297	0.9955450040267273	0.9990782641839326	0.9867802449580826
0.9936476257713581	0.9947638798604471	0.990452961178041	0.9937179901901861	0.9988183748610826	0.9991794766309362	0.9992386813811877	0.998991058040337	0.999357375751067	0.9894237119530258	0.9991086234041517	0.9985629131487951	0.9971265761969884	0.9985955249271452	0.9958011863161158	0.9955128697797585	0.99598325458894	0.9957451322813217	0.9986904654684285	0.9993974984100568	1.0	0.9987750701575153	0.9954963017705127	0.9946695728496755	0.9960664762718127	0.9954539035809942	0.9988157981961993	0.9865746835073692
0.9935697808101587	0.9948734426999721	0.9903462600027647	0.993848535468571	0.9981720140006007	0.9988332692774744	0.9987833108322515	0.9982291262506165	0.9987701413235128	0.9891024784884954	0.9983292997712074	0.9983070021087643	0.9967139696066054	0.9977397171068849	0.995723746768045	0.9951937954082635	0.9956822312960893	0.995450896967805	0.9983038845621051	0.9987715041640914	0.9987750701575153	1.0	0.9951837692094603	0.9946190342857076	0.9959042883741721	0.9953400172444008	0.9980406027566977	0.9866617104503049
0.9933107743615421	0.9938912337584616	0.9921451393563355	0.9914222533592116	0.9949562909386258	0.9955756803646175	0.9955195337876676	0.9948026394727981	0.995449913150547	0.9915519763067749	0.9951936395550256	0.9950940073602819	0.9939391978129315	0.9954739097118405	0.9951817489474306	0.9950598694557109	0.9955355082112156	0.9981154724753141	0.9947757644591447	0.9954111264053879	0.9954963017705127	0.9951837692094603	1.0	0.9966634630711085	0.9983373663319086	0.9948650579693008	0.9950879920937736	0.9884409403975697
0.9928452920655232	0.9929660531059372	0.9914805058588935	0.9912140849398468	0.9943509754750576	0.99476397579919	0.9947845296000805	0.9941343459411933	0.994875232539663	0.9911095242058237	0.9944906012729958	0.9943864602445386	0.9935057362476347	0.9941842548017713	0.994556924704576	0.9937823634099364	0.9943137371949651	0.9969301995733475	0.9941979419900381	0.9947283522162913	0.9946695728496755	0.9946190342857076	0.9966634630711085	1.0	0.9971978528630442	0.9940135891197183	0.9942218360744529	0.988233711713716
0.9935402920176252	0.9943106988812166	0.9925088172637987	0.9915236660093893	0.9958152419588984	0.9961325333794896	0.9962652147578418	0.9957741480113905	0.9960309931580476	0.9917270830213114	0.9959516059032741	0.9956623334982513	0.9940341120836121	0.9954360810102907	0.9955898033970776	0.9953047944707735	0.9958101486963933	0.9985101623206882	0.9953748873070415	0.9961063412736297	0.9960664762718127	0.9959042883741721	0.9983373663319086	0.9971978528630442	1.0	0.9952768231889038	0.9956122998446311	0.988447012277245
0.9957855072779108	0.9986645464944434	0.9895151172374655	0.991040901907341	0.9949576908165794	0.9954786920161245	0.995441383798042	0.9949109103105651	0.9954963017705127	0.9882551799103525	0.9952431023946814	0.9952349929566279	0.9937450070798537	0.995009388034735	0.9991216619218298	0.9993440963525435	0.9989585000547717	0.9948764045143318	0.9951929651114209	0.9955450040267273	0.9954539035809942	0.9953400172444008	0.9948650579693008	0.9940135891197183	0.9952768231889038	1.0	0.9948768508395888	0.9857297755665597
0.9933262236828629	0.994169091242045	0.9899200836157411	0.9933592955051357	0.9982387224802292	0.9985240793914444	0.9987137457221802	0.9986489203744188	0.9985398968308145	0.9889002977860998	0.9991025062469323	0.9990823371804796	0.9963828117347288	0.9983570745652596	0.9952385415721036	0.9949634920540392	0.9954273522035555	0.9953690085309753	0.9983684589242608	0.9990782641839326	0.9988157981961993	0.9980406027566977	0.9950879920937736	0.9942218360744529	0.9956122998446311	0.9948768508395888	1.0	0.9860608496137475
0.9861001052135114	0.9842918945041551	0.9849770277079799	0.9846426985040664	0.9865768920550904	0.9869166726667613	0.9867990162940182	0.9858788752408465	0.9870850970921552	0.98564774563146	0.9861257330979522	0.9864412201990931	0.9860785140878624	0.9865247591158247	0.9863106904356238	0.9853723792106843	0.9859912566337987	0.9887164177986072	0.9860412283260211	0.9867802449580826	0.9865746835073692	0.9866617104503049	0.9884409403975697	0.988233711713716	0.988447012277245	0.9857297755665597	0.9860608496137475	1.0
