/home/jshaw/scratch/2022_sketched_distance/references/SGB_genome_fastas_part5/15041/Bengtsson-PalmeJ_2015__TRAVELRES39__bin.58.fa	/home/jshaw/scratch/2022_sketched_distance/references/SGB_genome_fastas_part5/15041/CosteaPI_2017__alien3-11-0-0__bin.61.fa	/home/jshaw/scratch/2022_sketched_distance/references/SGB_genome_fastas_part5/15041/FengQ_2015__SID31188__bin.73.fa	/home/jshaw/scratch/2022_sketched_distance/references/SGB_genome_fastas_part5/15041/FengQ_2015__SID31879__bin.21.fa	/home/jshaw/scratch/2022_sketched_distance/references/SGB_genome_fastas_part5/15041/FengQ_2015__SID31884__bin.15.fa	/home/jshaw/scratch/2022_sketched_distance/references/SGB_genome_fastas_part5/15041/FengQ_2015__SID530177__bin.8.fa	/home/jshaw/scratch/2022_sketched_distance/references/SGB_genome_fastas_part5/15041/FengQ_2015__SID530705__bin.5.fa	/home/jshaw/scratch/2022_sketched_distance/references/SGB_genome_fastas_part5/15041/KarlssonFH_2013__S263__bin.7.fa	/home/jshaw/scratch/2022_sketched_distance/references/SGB_genome_fastas_part5/15041/XieH_2016__YSZC12003_35541__bin.76.fa	/home/jshaw/scratch/2022_sketched_distance/references/SGB_genome_fastas_part5/15041/XieH_2016__YSZC12003_35636__bin.60.fa	/home/jshaw/scratch/2022_sketched_distance/references/SGB_genome_fastas_part5/15041/XieH_2016__YSZC12003_35989__bin.123.fa	/home/jshaw/scratch/2022_sketched_distance/references/SGB_genome_fastas_part5/15041/XieH_2016__YSZC12003_35992__bin.44.fa	/home/jshaw/scratch/2022_sketched_distance/references/SGB_genome_fastas_part5/15041/XieH_2016__YSZC12003_35999__bin.85.fa	/home/jshaw/scratch/2022_sketched_distance/references/SGB_genome_fastas_part5/15041/XieH_2016__YSZC12003_36049__bin.130.fa	/home/jshaw/scratch/2022_sketched_distance/references/SGB_genome_fastas_part5/15041/XieH_2016__YSZC12003_36058__bin.56.fa	/home/jshaw/scratch/2022_sketched_distance/references/SGB_genome_fastas_part5/15041/XieH_2016__YSZC12003_36534__bin.20.fa	/home/jshaw/scratch/2022_sketched_distance/references/SGB_genome_fastas_part5/15041/XieH_2016__YSZC12003_36587__bin.73.fa	/home/jshaw/scratch/2022_sketched_distance/references/SGB_genome_fastas_part5/15041/XieH_2016__YSZC12003_36588__bin.103.fa	/home/jshaw/scratch/2022_sketched_distance/references/SGB_genome_fastas_part5/15041/XieH_2016__YSZC12003_36667__bin.29.fa	/home/jshaw/scratch/2022_sketched_distance/references/SGB_genome_fastas_part5/15041/XieH_2016__YSZC12003_37405__bin.99.fa	/home/jshaw/scratch/2022_sketched_distance/references/SGB_genome_fastas_part5/15041/XieH_2016__YSZC12003_37798__bin.88.fa	/home/jshaw/scratch/2022_sketched_distance/references/SGB_genome_fastas_part5/15041/XieH_2016__YSZC12003_37830__bin.24.fa	/home/jshaw/scratch/2022_sketched_distance/references/SGB_genome_fastas_part5/15041/XieH_2016__YSZC12003_37878__bin.38.fa	/home/jshaw/scratch/2022_sketched_distance/references/SGB_genome_fastas_part5/15041/ZeeviD_2015__PNP_Main_25__bin.71.fa	/home/jshaw/scratch/2022_sketched_distance/references/SGB_genome_fastas_part5/15041/ZellerG_2014__CCIS23164343ST-4-0__bin.33.fa	/home/jshaw/scratch/2022_sketched_distance/references/SGB_genome_fastas_part5/15041/ZellerG_2014__MMPU68403337ST__bin.48.fa
1.0	0.9852876000163485	0.9832047084163735	0.9816205886017206	0.9872183102290848	0.9856914045039139	0.9876073474479582	0.9874877467399078	0.984517704976714	0.9855327357842175	0.983287559543183	0.9867006175002521	0.9843579926891658	0.985511561460373	0.9822214368288283	0.9855887576309146	0.9867942965363122	0.9743110370636292	0.9813808756638464	0.9851488942496666	0.9842973473723192	0.9841974991968413	0.9853307284237676	0.9852312899929032	0.9862862597167229	0.9870750894812514
0.9852876000163485	1.0	0.9811089082066667	0.9825096344633165	0.9897570364520525	0.9890262282894025	0.9871420102138677	0.9873116751176013	0.9866622403963287	0.9855028623027668	0.9755214108703442	0.9873792969145002	0.9869029999242688	0.9881471250992279	0.983626500620238	0.9884427731097576	0.9855743040568433	0.976126868935936	0.9788665475371762	0.9871420102138677	0.9787788393541853	0.9873792969145002	0.9885081139207736	0.979717268504483	0.9883117014487394	0.9755571312655864
0.9832047084163735	0.9811089082066667	1.0	0.9796157280252866	0.985735245649051	0.9845085693486055	0.985488034629609	0.9856256036690355	0.9827583038550194	0.9834989686602337	0.9800081203059477	0.983993228450744	0.9824572852072831	0.9838486296368585	0.9795496894595468	0.9841084502666397	0.9828309780494173	0.9712301142376322	0.9791070979491117	0.9839065456870352	0.9805099826487848	0.983145538013864	0.9841659097585911	0.9808631279567271	0.9839065456870352	0.9822249261367773
0.9816205886017206	0.9825096344633165	0.9796157280252866	1.0	0.9859078003563783	0.9846794252936254	0.9847627621054443	0.9849288036962766	0.9836338137071847	0.9838056529062119	0.9795685294302106	0.9838342054288263	0.9820754434667162	0.9839197141462658	0.9801210311757154	0.9848735497594063	0.983295740457299	0.9706210915541547	0.9792562670850339	0.9845400586613857	0.9802055331874647	0.9827903169771088	0.9839765963533602	0.9811434244461111	0.9841183717885574	0.9823052454966227
0.9872183102290848	0.9897570364520525	0.985735245649051	0.9859078003563783	1.0	0.9901683895971155	0.9896004157299209	0.9900163503087126	0.9884471894315102	0.9887171726203022	0.9876114174679651	0.987904292866817	0.9861964058290571	0.9899143867754331	0.9855161129809822	0.9882474525864224	0.9911407297891196	0.978462736747137	0.9857483027677003	0.989696248233732	0.9875092880701452	0.9886585345102454	0.9893050989387406	0.9897369405468728	0.9900690213189268	0.9890604440205704
0.9856914045039139	0.9890262282894025	0.9845085693486055	0.9846794252936254	0.9901683895971155	1.0	0.9880395883691787	0.9888464212548058	0.9884282851136139	0.9873370142000945	0.9856127043902476	0.9874867219647155	0.9867135868349454	0.9882654426597842	0.9842376752332231	0.9884282851136139	0.9894753642451095	0.9775532893772504	0.9846939963056854	0.9886925788212423	0.9859425416195317	0.9870056455892898	0.9883120512677267	0.9881525436196792	0.9887303329742941	0.9870056455892898
0.9876073474479582	0.9871420102138677	0.985488034629609	0.9847627621054443	0.9896004157299209	0.9880395883691787	1.0	0.9901513005990767	0.9868493628701528	0.9876569177208626	0.9845658356400998	0.9890960100641096	0.9856401211544713	0.9871203280854441	0.9836623062205295	0.9877520591374663	0.9885969692705954	0.9759166367085566	0.9829466120316364	0.9876073474479582	0.9854901333688137	0.9865262267113722	0.988111080132681	0.9864406051175091	0.9877501078077212	0.9941918889426853
0.9874877467399078	0.9873116751176013	0.9856256036690355	0.9849288036962766	0.9900163503087126	0.9888464212548058	0.9901513005990767	1.0	0.9871698622522703	0.9882875485288467	0.9847552413479043	0.9894938666330154	0.9861466969013242	0.9881860031820485	0.9839101299112797	0.9888230613893313	0.9887276221861117	0.9761396703142464	0.9829466120316364	0.9879708831435947	0.9855551457695437	0.9865247284453639	0.988328639967577	0.9873770186763593	0.9883988908442057	0.9888639218028306
0.984517704976714	0.9866622403963287	0.9827583038550194	0.9836338137071847	0.9884471894315102	0.9884282851136139	0.9868493628701528	0.9871698622522703	1.0	0.9854542739269222	0.9851308054750134	0.9862728333827439	0.9843659549621719	0.9857499697949331	0.9840196755015683	0.9873181970790647	0.988095708927524	0.975465928599308	0.9825116582835258	0.9882730130136028	0.9847330916374232	0.9856494265825261	0.9866168453921623	0.98686529285065	0.9865389994256945	0.9864447527624026
0.9855327357842175	0.9855028623027668	0.9834989686602337	0.9838056529062119	0.9887171726203022	0.9873370142000945	0.9876569177208626	0.9882875485288467	0.9854542739269222	1.0	0.9844135200892207	0.9868135864464856	0.9854542739269222	0.9866372433250301	0.9818895553437952	0.9870139706059584	0.9869322867813226	0.9747005794809	0.9818997154837079	0.9866372433250301	0.9845661816819847	0.9852704640966914	0.986281694678072	0.9858173177506248	0.9870638765178517	0.9866562100783002
0.983287559543183	0.9755214108703442	0.9800081203059477	0.9795685294302106	0.9876114174679651	0.9856127043902476	0.9845658356400998	0.9847552413479043	0.9851308054750134	0.9844135200892207	1.0	0.9844516653071202	0.9845658356400998	0.9859786446782528	0.9815017270349147	0.9853169888776829	0.9833270363251941	0.9745034575813025	0.978166914152525	0.985428194399623	0.9759692933739728	0.986946806277103	0.987472610303059	0.9764060409193378	0.9848683623787872	0.9722004090506788
0.9867006175002521	0.9873792969145002	0.983993228450744	0.9838342054288263	0.987904292866817	0.9874867219647155	0.9890960100641096	0.9894938666330154	0.9862728333827439	0.9868135864464856	0.9844516653071202	1.0	0.984552375904146	0.9868931185659866	0.9831609672560851	0.9862348760596692	0.9881488337931075	0.9763243708754389	0.9833101928869619	0.9870787012315018	0.9857494146106255	0.9853999120793567	0.9865230471701021	0.987145402123287	0.9882079875432163	0.9881331449693816
0.9843579926891658	0.9869029999242688	0.9824572852072831	0.9820754434667162	0.9861964058290571	0.9867135868349454	0.9856401211544713	0.9861466969013242	0.9843659549621719	0.9854542739269222	0.9845658356400998	0.984552375904146	1.0	0.9862097497634813	0.9817560171782355	0.9847707090488197	0.9875596927745975	0.9776241548453963	0.9825789513232839	0.9855348826061913	0.9849322696945157	0.9846612173593855	0.9852517982068414	0.9866300325807671	0.9867398018414961	0.9853300119878164
0.985511561460373	0.9881471250992279	0.9838486296368585	0.9839197141462658	0.9899143867754331	0.9882654426597842	0.9871203280854441	0.9881860031820485	0.9857499697949331	0.9866372433250301	0.9859786446782528	0.9868931185659866	0.9862097497634813	1.0	0.983468251107263	0.9880791970661638	0.9891165019867882	0.9769807471180887	0.9841538678580435	0.9874656154946871	0.9857171161342404	0.9870857870471038	0.9881257628502547	0.9881525436196792	0.9879677919623754	0.9867614310559824
0.9822214368288283	0.983626500620238	0.9795496894595468	0.9801210311757154	0.9855161129809822	0.9842376752332231	0.9836623062205295	0.9839101299112797	0.9840196755015683	0.9818895553437952	0.9815017270349147	0.9831609672560851	0.9817560171782355	0.983468251107263	1.0	0.9841288564557247	0.9838146254795562	0.9722899546977006	0.9791444541952761	0.9848831168192047	0.9811476732973724	0.982480356694889	0.983496043689469	0.9834076942117035	0.9831328889744513	0.9827830681971111
0.9855887576309146	0.9884427731097576	0.9841084502666397	0.9848735497594063	0.9882474525864224	0.9884282851136139	0.9877520591374663	0.9888230613893313	0.9873181970790647	0.9870139706059584	0.9853169888776829	0.9862348760596692	0.9847707090488197	0.9880791970661638	0.9841288564557247	1.0	0.9893732300370504	0.9771607499554437	0.9838319410994607	0.9881790460804395	0.9862936870573293	0.9866357716168206	0.9873408107901174	0.9876070166507831	0.9883035774762038	0.9870056455892898
0.9867942965363122	0.9855743040568433	0.9828309780494173	0.983295740457299	0.9911407297891196	0.9894753642451095	0.9885969692705954	0.9887276221861117	0.988095708927524	0.9869322867813226	0.9833270363251941	0.9881488337931075	0.9875596927745975	0.9891165019867882	0.9838146254795562	0.9893732300370504	1.0	0.9757507898825393	0.981968276744641	0.9883604805945169	0.9830945782308628	0.9879358182434812	0.9893987932565134	0.9848845485459602	0.9889873844437163	0.9850360899095477
0.9743110370636292	0.976126868935936	0.9712301142376322	0.9706210915541547	0.978462736747137	0.9775532893772504	0.9759166367085566	0.9761396703142464	0.975465928599308	0.9747005794809	0.9745034575813025	0.9763243708754389	0.9776241548453963	0.9769807471180887	0.9722899546977006	0.9771607499554437	0.9757507898825393	1.0	0.9732240260046384	0.9764346901260667	0.9736181609502288	0.977730164938047	0.9785316547344638	0.9756882081970336	0.9766177286734369	0.9725082290464202
0.9813808756638464	0.9788665475371762	0.9791070979491117	0.9792562670850339	0.9857483027677003	0.9846939963056854	0.9829466120316364	0.9829466120316364	0.9825116582835258	0.9818997154837079	0.978166914152525	0.9833101928869619	0.9825789513232839	0.9841538678580435	0.9791444541952761	0.9838319410994607	0.981968276744641	0.9732240260046384	1.0	0.9829798320357543	0.9765264214176994	0.9850388134259195	0.985961227872536	0.9783478195352647	0.9832773062554944	0.9772392774336189
0.9851488942496666	0.9871420102138677	0.9839065456870352	0.9845400586613857	0.989696248233732	0.9886925788212423	0.9876073474479582	0.9879708831435947	0.9882730130136028	0.9866372433250301	0.985428194399623	0.9870787012315018	0.9855348826061913	0.9874656154946871	0.9848831168192047	0.9881790460804395	0.9883604805945169	0.9764346901260667	0.9829798320357543	1.0	0.985781681370007	0.9871758571129182	0.9878955260169496	0.987145402123287	0.9882319110436852	0.9872480606925037
0.9842973473723192	0.9787788393541853	0.9805099826487848	0.9802055331874647	0.9875092880701452	0.9859425416195317	0.9854901333688137	0.9855551457695437	0.9847330916374232	0.9845661816819847	0.9759692933739728	0.9857494146106255	0.9849322696945157	0.9857171161342404	0.9811476732973724	0.9862936870573293	0.9830945782308628	0.9736181609502288	0.9765264214176994	0.985781681370007	1.0	0.9842635876851191	0.9847663720180246	0.9796004406505509	0.9858782919778399	0.9779344207530646
0.9841974991968413	0.9873792969145002	0.983145538013864	0.9827903169771088	0.9886585345102454	0.9870056455892898	0.9865262267113722	0.9865247284453639	0.9856494265825261	0.9852704640966914	0.986946806277103	0.9853999120793567	0.9846612173593855	0.9870857870471038	0.982480356694889	0.9866357716168206	0.9879358182434812	0.977730164938047	0.9850388134259195	0.9871758571129182	0.9842635876851191	1.0	0.9968768545045201	0.9869121436610746	0.9866646445363075	0.9858020959167325
0.9853307284237676	0.9885081139207736	0.9841659097585911	0.9839765963533602	0.9893050989387406	0.9883120512677267	0.988111080132681	0.988328639967577	0.9866168453921623	0.986281694678072	0.987472610303059	0.9865230471701021	0.9852517982068414	0.9881257628502547	0.983496043689469	0.9873408107901174	0.9893987932565134	0.9785316547344638	0.985961227872536	0.9878955260169496	0.9847663720180246	0.9968768545045201	1.0	0.988287525044676	0.9881361126137108	0.9867263947851906
0.9852312899929032	0.979717268504483	0.9808631279567271	0.9811434244461111	0.9897369405468728	0.9881525436196792	0.9864406051175091	0.9873770186763593	0.98686529285065	0.9858173177506248	0.9764060409193378	0.987145402123287	0.9866300325807671	0.9881525436196792	0.9834076942117035	0.9876070166507831	0.9848845485459602	0.9756882081970336	0.9783478195352647	0.987145402123287	0.9796004406505509	0.9869121436610746	0.988287525044676	1.0	0.9876070166507831	0.9748866136893717
0.9862862597167229	0.9883117014487394	0.9839065456870352	0.9841183717885574	0.9900690213189268	0.9887303329742941	0.9877501078077212	0.9883988908442057	0.9865389994256945	0.9870638765178517	0.9848683623787872	0.9882079875432163	0.9867398018414961	0.9879677919623754	0.9831328889744513	0.9883035774762038	0.9889873844437163	0.9766177286734369	0.9832773062554944	0.9882319110436852	0.9858782919778399	0.9866646445363075	0.9881361126137108	0.9876070166507831	1.0	0.987693577001572
0.9870750894812514	0.9755571312655864	0.9822249261367773	0.9823052454966227	0.9890604440205704	0.9870056455892898	0.9941918889426853	0.9888639218028306	0.9864447527624026	0.9866562100783002	0.9722004090506788	0.9881331449693816	0.9853300119878164	0.9867614310559824	0.9827830681971111	0.9870056455892898	0.9850360899095477	0.9725082290464202	0.9772392774336189	0.9872480606925037	0.9779344207530646	0.9858020959167325	0.9867263947851906	0.9748866136893717	0.987693577001572	1.0
