/home/jshaw/scratch/2022_sketched_distance/references/SGB_genome_fastas_part4/9447/CM_periimplantitis__SP_164SPI_T016__bin.6.fa	/home/jshaw/scratch/2022_sketched_distance/references/SGB_genome_fastas_part4/9447/CM_periimplantitis__SP_283SPT_T016__bin.3.fa	/home/jshaw/scratch/2022_sketched_distance/references/SGB_genome_fastas_part4/9447/CM_periimplantitis__SP_344SPT_T016__bin.39.fa	/home/jshaw/scratch/2022_sketched_distance/references/SGB_genome_fastas_part4/9447/HMP_2012__SRS013533__bin.28.fa	/home/jshaw/scratch/2022_sketched_distance/references/SGB_genome_fastas_part4/9447/HMP_2012__SRS014578__bin.11.fa	/home/jshaw/scratch/2022_sketched_distance/references/SGB_genome_fastas_part4/9447/HMP_2012__SRS015063__bin.29.fa	/home/jshaw/scratch/2022_sketched_distance/references/SGB_genome_fastas_part4/9447/HMP_2012__SRS015803__bin.3.fa	/home/jshaw/scratch/2022_sketched_distance/references/SGB_genome_fastas_part4/9447/HMP_2012__SRS015899__bin.2.fa	/home/jshaw/scratch/2022_sketched_distance/references/SGB_genome_fastas_part4/9447/HMP_2012__SRS015989__bin.20.fa	/home/jshaw/scratch/2022_sketched_distance/references/SGB_genome_fastas_part4/9447/HMP_2012__SRS016092__bin.16.fa	/home/jshaw/scratch/2022_sketched_distance/references/SGB_genome_fastas_part4/9447/HMP_2012__SRS016331__bin.40.fa	/home/jshaw/scratch/2022_sketched_distance/references/SGB_genome_fastas_part4/9447/HMP_2012__SRS016575__bin.50.fa	/home/jshaw/scratch/2022_sketched_distance/references/SGB_genome_fastas_part4/9447/HMP_2012__SRS017511__bin.54.fa	/home/jshaw/scratch/2022_sketched_distance/references/SGB_genome_fastas_part4/9447/HMP_2012__SRS017691__bin.49.fa	/home/jshaw/scratch/2022_sketched_distance/references/SGB_genome_fastas_part4/9447/HMP_2012__SRS018394__bin.45.fa	/home/jshaw/scratch/2022_sketched_distance/references/SGB_genome_fastas_part4/9447/HMP_2012__SRS018573__bin.18.fa	/home/jshaw/scratch/2022_sketched_distance/references/SGB_genome_fastas_part4/9447/HMP_2012__SRS019128__bin.33.fa	/home/jshaw/scratch/2022_sketched_distance/references/SGB_genome_fastas_part4/9447/HMP_2012__SRS019906__bin.37.fa	/home/jshaw/scratch/2022_sketched_distance/references/SGB_genome_fastas_part4/9447/HMP_2012__SRS019980__bin.50.fa	/home/jshaw/scratch/2022_sketched_distance/references/SGB_genome_fastas_part4/9447/HMP_2012__SRS020226__bin.18.fa	/home/jshaw/scratch/2022_sketched_distance/references/SGB_genome_fastas_part4/9447/HMP_2012__SRS021477__bin.33.fa	/home/jshaw/scratch/2022_sketched_distance/references/SGB_genome_fastas_part4/9447/HMP_2012__SRS022536__bin.51.fa	/home/jshaw/scratch/2022_sketched_distance/references/SGB_genome_fastas_part4/9447/HMP_2012__SRS022725__bin.54.fa	/home/jshaw/scratch/2022_sketched_distance/references/SGB_genome_fastas_part4/9447/HMP_2012__SRS023538__bin.3.fa	/home/jshaw/scratch/2022_sketched_distance/references/SGB_genome_fastas_part4/9447/HMP_2012__SRS023938__bin.8.fa	/home/jshaw/scratch/2022_sketched_distance/references/SGB_genome_fastas_part4/9447/HMP_2012__SRS023964__bin.38.fa	/home/jshaw/scratch/2022_sketched_distance/references/SGB_genome_fastas_part4/9447/HMP_2012__SRS024021__bin.13.fa	/home/jshaw/scratch/2022_sketched_distance/references/SGB_genome_fastas_part4/9447/HMP_2012__SRS024355__bin.7.fa	/home/jshaw/scratch/2022_sketched_distance/references/SGB_genome_fastas_part4/9447/HMP_2012__SRS024561__bin.24.fa	/home/jshaw/scratch/2022_sketched_distance/references/SGB_genome_fastas_part4/9447/HMP_2012__SRS024649__bin.22.fa	/home/jshaw/scratch/2022_sketched_distance/references/SGB_genome_fastas_part4/9447/HMP_2012__SRS045197__bin.16.fa	/home/jshaw/scratch/2022_sketched_distance/references/SGB_genome_fastas_part4/9447/HMP_2012__SRS047634__bin.29.fa	/home/jshaw/scratch/2022_sketched_distance/references/SGB_genome_fastas_part4/9447/HMP_2012__SRS049318__bin.4.fa	/home/jshaw/scratch/2022_sketched_distance/references/SGB_genome_fastas_part4/9447/HMP_2012__SRS051378__bin.14.fa	/home/jshaw/scratch/2022_sketched_distance/references/SGB_genome_fastas_part4/9447/HMP_2012__SRS052604__bin.13.fa	/home/jshaw/scratch/2022_sketched_distance/references/SGB_genome_fastas_part4/9447/HMP_2012__SRS053917__bin.10.fa	/home/jshaw/scratch/2022_sketched_distance/references/SGB_genome_fastas_part4/9447/HMP_2012__SRS058808__bin.10.fa	/home/jshaw/scratch/2022_sketched_distance/references/SGB_genome_fastas_part4/9447/HMP_2012__SRS063999__bin.48.fa	/home/jshaw/scratch/2022_sketched_distance/references/SGB_genome_fastas_part4/9447/HMP_2012__SRS075410__bin.46.fa	/home/jshaw/scratch/2022_sketched_distance/references/SGB_genome_fastas_part4/9447/LiuW_2016__SRR3993043__bin.53.fa
1.0	0.9675264227543938	0.9674218704173883	0.965134793232355	0.9676826184881075	0.9719119886550175	0.9701323099366705	0.9720030002357294	0.9725884255583478	0.9689730707919989	0.9684016968223015	0.9684467788300397	0.9691326718733237	0.9699172942257238	0.9698923167756988	0.9714992422704546	0.9713604828682589	0.9682999471451665	0.9681467186579147	0.9647203502972881	0.967264403553781	0.9759152499574928	0.9674055523973859	0.972899329505094	0.9696472340776036	0.9720937568816794	0.9702764249189672	0.973536815693427	0.9732072811164116	0.9686561365275531	0.9704246132626692	0.9707522230289976	0.9719753024116722	0.9601402418017421	0.9645720449870383	0.9673409361692745	0.9701804196565216	0.9660828181082386	0.9672117432405777	0.9676021896874006
0.9675264227543938	1.0	0.9661335400202171	0.9667751630454993	0.9688380505680596	0.9822882687350084	0.9664924708754955	0.968549989774032	0.9700888303784869	0.9683417965361719	0.9658436608351781	0.9735497219971396	0.9713247016242149	0.9677103508178336	0.9707315193892955	0.968549989774032	0.969192530387725	0.9710039503093213	0.9694473885439084	0.9654664073046235	0.9658826941611267	0.9698365356912176	0.9675424334871212	0.9691470561372167	0.9709210889845202	0.9715154875163701	0.9695540385248883	0.9711207364719615	0.9706583784276813	0.9703237537441337	0.9676100783365842	0.966924627878387	0.9683352363022513	0.9611798035968737	0.9651815061201194	0.9668993070369212	0.9682238600210541	0.9662490405972107	0.9690973005405602	0.9671687662944439
0.9674218704173883	0.9661335400202171	1.0	0.9696425442406666	0.96715936083757	0.9703302616527889	0.9682512981539686	0.9705127923165	0.970284467588201	0.9691289798953793	0.970919759561338	0.9699039924749189	0.9690098412120582	0.9722047726219226	0.9731260051052477	0.9695428023992066	0.9715428206742105	0.9669567924523206	0.9671907405123368	0.9672324045962502	0.9675889668792885	0.97641989658903	0.9684182777846978	0.9699157616828059	0.9680188655314825	0.9708297636928727	0.968300064283137	0.9765345819697988	0.9729235049055839	0.9726499186591504	0.9703018600079036	0.9697298199404252	0.9758530950352071	0.9597415345597725	0.9717871996707367	0.9663224581955435	0.9682512981539686	0.9692042015205125	0.9675288530739645	0.9735792971695217
0.965134793232355	0.9667751630454993	0.9696425442406666	1.0	0.9701266792352744	0.9691510470703891	0.9673693882286446	0.9689024658203773	0.9722198763287043	0.9628840819439608	0.9690890808706422	0.9627333129827629	0.9643540712156651	0.9653444691908624	0.9669081629941437	0.9687147662126568	0.9703660553142032	0.9693977301297815	0.967303901514395	0.9647822674466159	0.9668417316284178	0.9680067291195943	0.9621256565529459	0.9709568588594447	0.9674999640264641	0.9714218572047633	0.9704850822658435	0.9674162092716492	0.9717662754371865	0.9687774540461349	0.963020396175103	0.9697034591075077	0.9667849054630967	0.9611853142854153	0.9620115692731932	0.9611853142854153	0.9692128946366183	0.9674999640264641	0.96630529190358	0.9699459771294409
0.9676826184881075	0.9688380505680596	0.96715936083757	0.9701266792352744	1.0	0.9703506509680981	0.9673003598944938	0.9689317668357856	0.9720940628892234	0.969998530942838	0.9667543813823466	0.9700225120754596	0.9742267358605263	0.9692588060583571	0.9839378201008758	0.9699904072993627	0.9746236335401524	0.9769338460282898	0.9740753462507994	0.9654664073046235	0.9671707924194942	0.97180004928568	0.9693356545589069	0.97145123441022	0.9718783196452496	0.9713645518142341	0.9698542744490849	0.9723793525536478	0.9717528092498989	0.9697418178316178	0.9668663518065622	0.9683880856614813	0.9716043151473458	0.9634620147622421	0.9670251121174137	0.9663224581955435	0.9688849426948749	0.9710657790023475	0.9672685812562932	0.9675483292682778
0.9719119886550175	0.9822882687350084	0.9703302616527889	0.9691510470703891	0.9703506509680981	1.0	0.9700270271282205	0.9707636040109159	0.9720239057001552	0.973623387332448	0.9675693085218455	0.9752043940561694	0.9728901466551697	0.9722599394506717	0.9738864157330723	0.9726361336632916	0.9727168973160478	0.9695413194779692	0.9718219378672641	0.9694125586883724	0.9698452820752138	0.9744058673093965	0.9704781175400417	0.9727974602969232	0.9728516917280038	0.9728376668517169	0.9705486993331455	0.9749149328376505	0.9723926284447386	0.9732302463737186	0.9713902262865861	0.9713046969498351	0.9743456549799044	0.9636401372708363	0.9681456786159299	0.9705019530673991	0.9706778133511507	0.968644687978686	0.9689488023608067	0.96876492621131
0.9701323099366705	0.9664924708754955	0.9682512981539686	0.9673693882286446	0.9673003598944938	0.9700270271282205	1.0	0.9679216682134059	0.9698340855440768	0.9716704914971713	0.965098989357371	0.9731225325626716	0.9720609307084285	0.9709092916451222	0.9717106525076793	0.9715396298198671	0.9680229631472381	0.9657592793186235	0.9695892245422316	0.9684444953746263	0.9686615608130603	0.9729345919206908	0.9692061852069559	0.971061880928064	0.9713348005978867	0.9698340855440768	0.9670974511771592	0.974810975083363	0.970275108751411	0.9696348766360572	0.9703018600079036	0.9696048659577857	0.9716664421780347	0.9649170453655499	0.9656948666434244	0.9695213348929371	0.9688611928597148	0.9679182625673818	0.969047876963337	0.9679767153436294
0.9720030002357294	0.968549989774032	0.9705127923165	0.9689024658203773	0.9689317668357856	0.9707636040109159	0.9679216682134059	1.0	0.9687684972933719	0.9728932281952786	0.9679893004236559	0.9715814274974466	0.9712673692565867	0.9717039983575898	0.9731772573420964	0.9705371821353204	0.9699490921245004	0.9670337255965071	0.9681913337762617	0.9690084838545389	0.9689117717782452	0.9741383922224143	0.9699753334647202	0.9686924532955148	0.9721021216169018	0.9689969347837801	0.9682223824637585	0.9760370504505844	0.9699494955397738	0.9715077184586183	0.9704246132626692	0.9707774939490302	0.9736525535370475	0.9633427152084277	0.9676701947663647	0.9691680070365372	0.9689055566746958	0.9693551290182968	0.9687497367060646	0.9684519476360519
0.9725884255583478	0.9700888303784869	0.970284467588201	0.9722198763287043	0.9720940628892234	0.9720239057001552	0.9698340855440768	0.9687684972933719	1.0	0.9753372412198684	0.9682151083722332	0.9735497219971396	0.9760101119495233	0.974185916352605	0.9754036670781028	0.9736492665916293	0.9714907434551147	0.9681305469417631	0.9695420150082732	0.9701077558399949	0.9721353253670306	0.9762693226575503	0.9720602258158738	0.9757587511076489	0.9743424424509639	0.9727072242231549	0.9693786748418566	0.9770246232432954	0.9784875436757732	0.9732781415722881	0.9711515103266545	0.9730851303158858	0.9744597471021171	0.9713444586247914	0.9685366325433846	0.9702166100515	0.9717878362536877	0.970874792910441	0.9750364668481846	0.9696355752261342
0.9689730707919989	0.9683417965361719	0.9691289798953793	0.9628840819439608	0.969998530942838	0.973623387332448	0.9716704914971713	0.9728932281952786	0.9753372412198684	1.0	0.9679139825664318	0.9705505397457591	0.9704538668272998	0.9697985626236855	0.9706762448322297	0.9778489328742044	0.9727080909836849	0.9678601047917311	0.9691807828246829	0.968182030176579	0.9688687117214546	0.9715682948061459	0.9671300346100747	0.9738482331919628	0.9735330110158699	0.9752085685814339	0.9704993152530298	0.9731007339706661	0.9753372412198684	0.9679867643149754	0.9689840025288755	0.9709924653329299	0.9704651460663756	0.9609049018238511	0.9636808421528877	0.9659320723575247	0.9735330110158699	0.9659725386672267	0.9673711119284518	0.9659153127898636
0.9684016968223015	0.9658436608351781	0.970919759561338	0.9690890808706422	0.9667543813823466	0.9675693085218455	0.965098989357371	0.9679893004236559	0.9682151083722332	0.9679139825664318	1.0	0.9692442510105537	0.9711523990319116	0.9716478758984423	0.9707315193892955	0.966522129205298	0.9668359224866161	0.965197984105721	0.9654150246627088	0.966745423827742	0.9676408594669489	0.9739228144167714	0.9695930473155651	0.9676246880447125	0.9679682157262529	0.9683498386391454	0.9663150623983789	0.974810975083363	0.9694512511589086	0.9727959770743813	0.9703632948674186	0.9688144862447841	0.973943146114742	0.9609874387768997	0.9725512756948513	0.9674660127441221	0.9670347003970633	0.9694052819227152	0.9668477259853233	0.9704833849607918
0.9684467788300397	0.9735497219971396	0.9699039924749189	0.9627333129827629	0.9700225120754596	0.9752043940561694	0.9731225325626716	0.9715814274974466	0.9735497219971396	0.9705505397457591	0.9692442510105537	1.0	0.967304193293163	0.9656590579174	0.9695458040425398	0.9739189546167152	0.9744908241539154	0.9731225325626716	0.9725258064373598	0.9692442510105537	0.9693047871765317	0.9703839644297801	0.9658601970319621	0.9750021107640898	0.9746450567221288	0.9742321312102505	0.9726351220996294	0.9695060299303462	0.9732833884764179	0.9686942590159549	0.9662448187070084	0.9711844185162094	0.9686774318315206	0.9633429350778528	0.961532040464391	0.9659287967679	0.973336830362165	0.9685088269525955	0.971973628560481	0.9677562584781216
0.9691326718733237	0.9713247016242149	0.9690098412120582	0.9643540712156651	0.9742267358605263	0.9728901466551697	0.9720609307084285	0.9712673692565867	0.9760101119495233	0.9704538668272998	0.9711523990319116	0.967304193293163	1.0	0.9661148221705151	0.9696193773201767	0.9728355205803783	0.975308458202926	0.973698687275749	0.9705713411045528	0.9671089879901109	0.9683885809762246	0.9678766292435047	0.9654983933754804	0.9750030515612615	0.9720048879762752	0.9767454618369958	0.9724505392939169	0.9708865469849975	0.9760596556202409	0.9716098505783776	0.9660349471896578	0.9740692211033062	0.9699456827203153	0.9659799179843431	0.9646598211890558	0.9646693137414224	0.9720609307084285	0.9686385212887956	0.9712673692565867	0.9682628813544236
0.9699172942257238	0.9677103508178336	0.9722047726219226	0.9653444691908624	0.9692588060583571	0.9722599394506717	0.9709092916451222	0.9717039983575898	0.974185916352605	0.9697985626236855	0.9716478758984423	0.9656590579174	0.9661148221705151	1.0	0.9693795334680816	0.9722047726219226	0.9722599394506717	0.9710240225610676	0.9700355913898189	0.9685866173536651	0.9794056012621059	0.9745122435972032	0.9647623487804395	0.9735565423841931	0.9712522715624735	0.9736094588301369	0.9702708952484216	0.9783587741801166	0.9755589433153244	0.9700945780653029	0.9679425478306862	0.972369992191174	0.970271323768951	0.9632972367733295	0.9635903471278127	0.9634424540776129	0.9715916560213296	0.9688326713654019	0.9690159893305913	0.9696793933272758
0.9698923167756988	0.9707315193892955	0.9731260051052477	0.9669081629941437	0.9839378201008758	0.9738864157330723	0.9717106525076793	0.9731772573420964	0.9754036670781028	0.9706762448322297	0.9707315193892955	0.9695458040425398	0.9696193773201767	0.9693795334680816	1.0	0.9743342558098531	0.9782410592990505	0.9784594663005847	0.9770356876990134	0.9697218308002368	0.9707866996854707	0.9724289561326611	0.9672680877984284	0.9742847997184547	0.9731772573420964	0.9743342558098531	0.9730746717602173	0.9721541203973738	0.9746783558972295	0.9700619084331387	0.9678763274769698	0.9726610534658334	0.9717903398772324	0.9633829780784801	0.9641295326971928	0.966708169254222	0.9718176397463049	0.9721893369966295	0.9700054766605345	0.9702866558582346
0.9714992422704546	0.968549989774032	0.9695428023992066	0.9687147662126568	0.9699904072993627	0.9726361336632916	0.9715396298198671	0.9705371821353204	0.9736492665916293	0.9778489328742044	0.966522129205298	0.9739189546167152	0.9728355205803783	0.9722047726219226	0.9743342558098531	1.0	0.9704522260974097	0.9667614396115735	0.9695892245422316	0.9699106489247666	0.9703259840666895	0.9746711577109005	0.9712179395846556	0.9739179140638484	0.9740076856049041	0.9746360902209503	0.9704522260974097	0.9764356822955731	0.9734560049132316	0.9712539934598465	0.9723855867137478	0.9711299149599526	0.9741162612245082	0.9649170453655499	0.9660326140649593	0.9696965606056076	0.9725518646358868	0.969455357106808	0.9703089447218408	0.9680829289440744
0.9713604828682589	0.969192530387725	0.9715428206742105	0.9703660553142032	0.9746236335401524	0.9727168973160478	0.9680229631472381	0.9699490921245004	0.9714907434551147	0.9727080909836849	0.9668359224866161	0.9744908241539154	0.975308458202926	0.9722599394506717	0.9782410592990505	0.9704522260974097	1.0	0.9727343647721247	0.9750464642670067	0.9692616222488533	0.97117364657094	0.9761180487773781	0.9717019247494114	0.9710117937136874	0.9712433205178457	0.9707290982947869	0.9696569115177227	0.9761871102408736	0.9718453634208354	0.9730379552823665	0.9716271952078205	0.9718234526695656	0.9748559432117202	0.9634620147622421	0.9693046196428838	0.9711209875588532	0.9684591516923299	0.970874792910441	0.9699261373328975	0.970777383903237
0.9682999471451665	0.9710039503093213	0.9669567924523206	0.9693977301297815	0.9769338460282898	0.9695413194779692	0.9657592793186235	0.9670337255965071	0.9681305469417631	0.9678601047917311	0.965197984105721	0.9731225325626716	0.973698687275749	0.9710240225610676	0.9784594663005847	0.9667614396115735	0.9727343647721247	1.0	0.9881915759784987	0.9655796652634641	0.9687117583447447	0.9735420737114113	0.9684182777846978	0.9692330258793199	0.971197483362077	0.969688364400982	0.9699748205932578	0.9746020564040976	0.9695235281243737	0.9711007985187307	0.9688556430954538	0.9681006570456123	0.9734769408836996	0.965087305237661	0.96694356163147	0.9686908101835164	0.9661294859599562	0.9698531897469673	0.9700702216878653	0.9684519476360519
0.9681467186579147	0.9694473885439084	0.9671907405123368	0.967303901514395	0.9740753462507994	0.9718219378672641	0.9695892245422316	0.9681913337762617	0.9695420150082732	0.9691807828246829	0.9654150246627088	0.9725258064373598	0.9705713411045528	0.9700355913898189	0.9770356876990134	0.9695892245422316	0.9750464642670067	0.9881915759784987	1.0	0.9658610788288725	0.9670125680444207	0.9726546572227079	0.9669913876851478	0.9724757413704525	0.9693572079036362	0.9711546664320005	0.9680432089641563	0.9734283435170893	0.9710195459185245	0.9686561365275531	0.9693660485469914	0.9663151176800496	0.9731821243831711	0.9619379193671818	0.966200168472867	0.966772007892966	0.9674438139430013	0.9673358003449772	0.9670061913158956	0.9666740966856637
0.9647203502972881	0.9654664073046235	0.9672324045962502	0.9647822674466159	0.9654664073046235	0.9694125586883724	0.9684444953746263	0.9690084838545389	0.9701077558399949	0.968182030176579	0.966745423827742	0.9692442510105537	0.9671089879901109	0.9685866173536651	0.9697218308002368	0.9699106489247666	0.9692616222488533	0.9655796652634641	0.9658610788288725	1.0	0.9666361992868864	0.9722586429778955	0.9668521418082808	0.9707401813470116	0.967659186336379	0.9706919697566017	0.9658610788288725	0.9723793525536478	0.9710756662241246	0.9673607304026516	0.9682716263295748	0.9669627685517705	0.9705937187357844	0.9597709801633286	0.9642185238537179	0.965203833297418	0.9693120127781916	0.9655796652634641	0.9656925260805446	0.9648510612607726
0.967264403553781	0.9658826941611267	0.9675889668792885	0.9668417316284178	0.9671707924194942	0.9698452820752138	0.9686615608130603	0.9689117717782452	0.9721353253670306	0.9688687117214546	0.9676408594669489	0.9693047871765317	0.9683885809762246	0.9794056012621059	0.9707866996854707	0.9703259840666895	0.97117364657094	0.9687117583447447	0.9670125680444207	0.9666361992868864	1.0	0.9778406334881679	0.9696570764633936	0.9714513381448359	0.9738489581521331	0.9709404033487682	0.9683079756216125	0.9817270597504214	0.9728934494164782	0.9691492130444863	0.969175590289903	0.9691105541620015	0.9721592150107399	0.9613074081317228	0.9632257953893256	0.9672782154754072	0.9680017888319422	0.9657477766255947	0.9659374060078517	0.966227923224577
0.9759152499574928	0.9698365356912176	0.97641989658903	0.9680067291195943	0.97180004928568	0.9744058673093965	0.9729345919206908	0.9741383922224143	0.9762693226575503	0.9715682948061459	0.9739228144167714	0.9703839644297801	0.9678766292435047	0.9745122435972032	0.9724289561326611	0.9746711577109005	0.9761180487773781	0.9735420737114113	0.9726546572227079	0.9722586429778955	0.9778406334881679	1.0	0.9661467406785604	0.9751953274893705	0.9750389623370338	0.9767685503831933	0.9729902900456622	0.9758643521029854	0.9774063096156674	0.9736513132821321	0.9693660485469914	0.9752472824999684	0.973827221071591	0.9634090725836026	0.966200168472867	0.965510537645671	0.9760674674602225	0.9726546572227079	0.9731014001638579	0.9745122435972032
0.9674055523973859	0.9675424334871212	0.9684182777846978	0.9621256565529459	0.9693356545589069	0.9704781175400417	0.9692061852069559	0.9699753334647202	0.9720602258158738	0.9671300346100747	0.9695930473155651	0.9658601970319621	0.9654983933754804	0.9647623487804395	0.9672680877984284	0.9712179395846556	0.9717019247494114	0.9684182777846978	0.9669913876851478	0.9668521418082808	0.9696570764633936	0.9661467406785604	1.0	0.9721195593027528	0.9689456794180813	0.9724732968932422	0.9709732065939192	0.9683517426666284	0.9731119581018298	0.9657159631903646	0.9620447308063634	0.9717619174777595	0.9643877283634683	0.9640851902787964	0.9610452281098114	0.9853356806873476	0.9697847554970811	0.9673368933525142	0.9658601970319621	0.9679496255218969
0.972899329505094	0.9691470561372167	0.9699157616828059	0.9709568588594447	0.97145123441022	0.9727974602969232	0.971061880928064	0.9686924532955148	0.9757587511076489	0.9738482331919628	0.9676246880447125	0.9750021107640898	0.9750030515612615	0.9735565423841931	0.9742847997184547	0.9739179140638484	0.9710117937136874	0.9692330258793199	0.9724757413704525	0.9707401813470116	0.9714513381448359	0.9751953274893705	0.9721195593027528	1.0	0.9745499266879187	0.9722519719231203	0.9687741512802069	0.9765839193507606	0.9749234458809847	0.972698677938988	0.9719794291787013	0.9708659596289738	0.9749121503267145	0.988463810805675	0.9702027399279316	0.970615389221185	0.9721507787428938	0.9706826730262825	0.9752822239802953	0.9698872469454843
0.9696472340776036	0.9709210889845202	0.9680188655314825	0.9674999640264641	0.9718783196452496	0.9728516917280038	0.9713348005978867	0.9721021216169018	0.9743424424509639	0.9735330110158699	0.9679682157262529	0.9746450567221288	0.9720048879762752	0.9712522715624735	0.9731772573420964	0.9740076856049041	0.9712433205178457	0.971197483362077	0.9693572079036362	0.967659186336379	0.9738489581521331	0.9750389623370338	0.9689456794180813	0.9745499266879187	1.0	0.974838196167342	0.97280807586393	0.9746544121538372	0.9750017805767941	0.9697951560447262	0.969175590289903	0.9707820015979659	0.972764827286952	0.965425145412022	0.9646598211890558	0.9676527227270936	0.9724570205299254	0.9676018605391022	0.9701659224698855	0.9682943131071955
0.9720937568816794	0.9715154875163701	0.9708297636928727	0.9714218572047633	0.9713645518142341	0.9728376668517169	0.9698340855440768	0.9689969347837801	0.9727072242231549	0.9752085685814339	0.9683498386391454	0.9742321312102505	0.9767454618369958	0.9736094588301369	0.9743342558098531	0.9746360902209503	0.9707290982947869	0.969688364400982	0.9711546664320005	0.9706919697566017	0.9709404033487682	0.9767685503831933	0.9724732968932422	0.9722519719231203	0.974838196167342	1.0	0.9679947461410795	0.9763364811893449	0.9704552710573281	0.9742679498724163	0.9722121421459519	0.973208639334038	0.9740009537726596	0.9677999353982741	0.969831550815103	0.971232278185465	0.9814362561715706	0.97044090777326	0.9722027617879373	0.971213434082638
0.9702764249189672	0.9695540385248883	0.968300064283137	0.9704850822658435	0.9698542744490849	0.9705486993331455	0.9670974511771592	0.9682223824637585	0.9693786748418566	0.9704993152530298	0.9663150623983789	0.9726351220996294	0.9724505392939169	0.9702708952484216	0.9730746717602173	0.9704522260974097	0.9696569115177227	0.9699748205932578	0.9680432089641563	0.9658610788288725	0.9683079756216125	0.9729902900456622	0.9709732065939192	0.9687741512802069	0.97280807586393	0.9679947461410795	1.0	0.9746544121538372	0.9689598020181119	0.9705327971773657	0.9694923998720689	0.9721222673762764	0.9710397418949895	0.964226845767407	0.9683026288816284	0.9726984332763414	0.9679151871140884	0.9693551290182968	0.9700222648749645	0.969023444235641
0.973536815693427	0.9711207364719615	0.9765345819697988	0.9674162092716492	0.9723793525536478	0.9749149328376505	0.974810975083363	0.9760370504505844	0.9770246232432954	0.9731007339706661	0.974810975083363	0.9695060299303462	0.9708865469849975	0.9783587741801166	0.9721541203973738	0.9764356822955731	0.9761871102408736	0.9746020564040976	0.9734283435170893	0.9723793525536478	0.9817270597504214	0.9758643521029854	0.9683517426666284	0.9765839193507606	0.9746544121538372	0.9763364811893449	0.9746544121538372	1.0	0.9787762677656511	0.9729907913960705	0.9696810054102762	0.9755826726618732	0.9733593355587127	0.9648997816351161	0.9644840284994454	0.9671534478349508	0.9747588712190257	0.9728251755583195	0.9723793525536478	0.973698847145234
0.9732072811164116	0.9706583784276813	0.9729235049055839	0.9717662754371865	0.9717528092498989	0.9723926284447386	0.970275108751411	0.9699494955397738	0.9784875436757732	0.9753372412198684	0.9694512511589086	0.9732833884764179	0.9760596556202409	0.9755589433153244	0.9746783558972295	0.9734560049132316	0.9718453634208354	0.9695235281243737	0.9710195459185245	0.9710756662241246	0.9728934494164782	0.9774063096156674	0.9731119581018298	0.9749234458809847	0.9750017805767941	0.9704552710573281	0.9689598020181119	0.9787762677656511	1.0	0.9749569279843638	0.9733512890698881	0.9732497047282721	0.9763404356768026	0.9702538559570494	0.971219965644818	0.9710651984370078	0.9724302834230084	0.9713973170128791	0.9747473815761584	0.9716911440954544
0.9686561365275531	0.9703237537441337	0.9726499186591504	0.9687774540461349	0.9697418178316178	0.9732302463737186	0.9696348766360572	0.9715077184586183	0.9732781415722881	0.9679867643149754	0.9727959770743813	0.9686942590159549	0.9716098505783776	0.9700945780653029	0.9700619084331387	0.9712539934598465	0.9730379552823665	0.9711007985187307	0.9686561365275531	0.9673607304026516	0.9691492130444863	0.9736513132821321	0.9657159631903646	0.972698677938988	0.9697951560447262	0.9742679498724163	0.9705327971773657	0.9729907913960705	0.9749569279843638	1.0	0.9693660485469914	0.9729413805493875	0.9734181915038244	0.9615161971535608	0.967829469277412	0.963695943098777	0.970895404213683	0.9700076332052339	0.9672455888413994	0.9714064669148241
0.9704246132626692	0.9676100783365842	0.9703018600079036	0.963020396175103	0.9668663518065622	0.9713902262865861	0.9703018600079036	0.9704246132626692	0.9711515103266545	0.9689840025288755	0.9703632948674186	0.9662448187070084	0.9660349471896578	0.9679425478306862	0.9678763274769698	0.9723855867137478	0.9716271952078205	0.9688556430954538	0.9693660485469914	0.9682716263295748	0.969175590289903	0.9693660485469914	0.9620447308063634	0.9719794291787013	0.969175590289903	0.9722121421459519	0.9694923998720689	0.9696810054102762	0.9733512890698881	0.9693660485469914	1.0	0.9708506183420521	0.9680588436810238	0.9599486353911515	0.9623900951366934	0.9616824425500267	0.9711515103266545	0.9703632948674186	0.9672065375519278	0.969239201206435
0.9707522230289976	0.966924627878387	0.9697298199404252	0.9697034591075077	0.9683880856614813	0.9713046969498351	0.9696048659577857	0.9707774939490302	0.9730851303158858	0.9709924653329299	0.9688144862447841	0.9711844185162094	0.9740692211033062	0.972369992191174	0.9726610534658334	0.9711299149599526	0.9718234526695656	0.9681006570456123	0.9663151176800496	0.9669627685517705	0.9691105541620015	0.9752472824999684	0.9717619174777595	0.9708659596289738	0.9707820015979659	0.973208639334038	0.9721222673762764	0.9755826726618732	0.9732497047282721	0.9729413805493875	0.9708506183420521	1.0	0.9732413023954701	0.9625562710468001	0.9686142583452797	0.9694039877044571	0.9696965934598093	0.9688492707220886	0.967580656311902	0.969987369591687
0.9719753024116722	0.9683352363022513	0.9758530950352071	0.9667849054630967	0.9716043151473458	0.9743456549799044	0.9716664421780347	0.9736525535370475	0.9744597471021171	0.9704651460663756	0.973943146114742	0.9686774318315206	0.9699456827203153	0.970271323768951	0.9717903398772324	0.9741162612245082	0.9748559432117202	0.9734769408836996	0.9731821243831711	0.9705937187357844	0.9721592150107399	0.973827221071591	0.9643877283634683	0.9749121503267145	0.972764827286952	0.9740009537726596	0.9710397418949895	0.9733593355587127	0.9763404356768026	0.9734181915038244	0.9680588436810238	0.9732413023954701	1.0	0.9648510136454936	0.9646598211890558	0.9659808514321765	0.9717284502672968	0.9709763994245094	0.9714172157447338	0.972402819370271
0.9601402418017421	0.9611798035968737	0.9597415345597725	0.9611853142854153	0.9634620147622421	0.9636401372708363	0.9649170453655499	0.9633427152084277	0.9713444586247914	0.9609049018238511	0.9609874387768997	0.9633429350778528	0.9659799179843431	0.9632972367733295	0.9633829780784801	0.9649170453655499	0.9634620147622421	0.965087305237661	0.9619379193671818	0.9597709801633286	0.9613074081317228	0.9634090725836026	0.9640851902787964	0.988463810805675	0.965425145412022	0.9677999353982741	0.964226845767407	0.9648997816351161	0.9702538559570494	0.9615161971535608	0.9599486353911515	0.9625562710468001	0.9648510136454936	1.0	0.9622013906160061	0.9611407984703346	0.9657039945795451	0.9611060140524597	0.965143858860301	0.9584503244478274
0.9645720449870383	0.9651815061201194	0.9717871996707367	0.9620115692731932	0.9670251121174137	0.9681456786159299	0.9656948666434244	0.9676701947663647	0.9685366325433846	0.9636808421528877	0.9725512756948513	0.961532040464391	0.9646598211890558	0.9635903471278127	0.9641295326971928	0.9660326140649593	0.9693046196428838	0.96694356163147	0.966200168472867	0.9642185238537179	0.9632257953893256	0.966200168472867	0.9610452281098114	0.9702027399279316	0.9646598211890558	0.969831550815103	0.9683026288816284	0.9644840284994454	0.971219965644818	0.967829469277412	0.9623900951366934	0.9686142583452797	0.9646598211890558	0.9622013906160061	1.0	0.9633173220418448	0.968768952305934	0.9660326140649593	0.9638610709799739	0.9668618042868621
0.9673409361692745	0.9668993070369212	0.9663224581955435	0.9611853142854153	0.9663224581955435	0.9705019530673991	0.9695213348929371	0.9691680070365372	0.9702166100515	0.9659320723575247	0.9674660127441221	0.9659287967679	0.9646693137414224	0.9634424540776129	0.966708169254222	0.9696965606056076	0.9711209875588532	0.9686908101835164	0.966772007892966	0.965203833297418	0.9672782154754072	0.965510537645671	0.9853356806873476	0.970615389221185	0.9676527227270936	0.971232278185465	0.9726984332763414	0.9671534478349508	0.9710651984370078	0.963695943098777	0.9616824425500267	0.9694039877044571	0.9659808514321765	0.9611407984703346	0.9633173220418448	1.0	0.9685704009843099	0.9653374719700999	0.9653374719700999	0.9646636567183383
0.9701804196565216	0.9682238600210541	0.9682512981539686	0.9692128946366183	0.9688849426948749	0.9706778133511507	0.9688611928597148	0.9689055566746958	0.9717878362536877	0.9735330110158699	0.9670347003970633	0.973336830362165	0.9720609307084285	0.9715916560213296	0.9718176397463049	0.9725518646358868	0.9684591516923299	0.9661294859599562	0.9674438139430013	0.9693120127781916	0.9680017888319422	0.9760674674602225	0.9697847554970811	0.9721507787428938	0.9724570205299254	0.9814362561715706	0.9679151871140884	0.9747588712190257	0.9724302834230084	0.970895404213683	0.9711515103266545	0.9696965934598093	0.9717284502672968	0.9657039945795451	0.968768952305934	0.9685704009843099	1.0	0.969153735266321	0.970498662565612	0.968608816160465
0.9660828181082386	0.9662490405972107	0.9692042015205125	0.9674999640264641	0.9710657790023475	0.968644687978686	0.9679182625673818	0.9693551290182968	0.970874792910441	0.9659725386672267	0.9694052819227152	0.9685088269525955	0.9686385212887956	0.9688326713654019	0.9721893369966295	0.969455357106808	0.970874792910441	0.9698531897469673	0.9673358003449772	0.9655796652634641	0.9657477766255947	0.9726546572227079	0.9673368933525142	0.9706826730262825	0.9676018605391022	0.97044090777326	0.9693551290182968	0.9728251755583195	0.9713973170128791	0.9700076332052339	0.9703632948674186	0.9688492707220886	0.9709763994245094	0.9611060140524597	0.9660326140649593	0.9653374719700999	0.969153735266321	1.0	0.966469344532109	0.9682415967231192
0.9672117432405777	0.9690973005405602	0.9675288530739645	0.96630529190358	0.9672685812562932	0.9689488023608067	0.969047876963337	0.9687497367060646	0.9750364668481846	0.9673711119284518	0.9668477259853233	0.971973628560481	0.9712673692565867	0.9690159893305913	0.9700054766605345	0.9703089447218408	0.9699261373328975	0.9700702216878653	0.9670061913158956	0.9656925260805446	0.9659374060078517	0.9731014001638579	0.9658601970319621	0.9752822239802953	0.9701659224698855	0.9722027617879373	0.9700222648749645	0.9723793525536478	0.9747473815761584	0.9672455888413994	0.9672065375519278	0.967580656311902	0.9714172157447338	0.965143858860301	0.9638610709799739	0.9653374719700999	0.970498662565612	0.966469344532109	1.0	0.9661154074782633
0.9676021896874006	0.9671687662944439	0.9735792971695217	0.9699459771294409	0.9675483292682778	0.96876492621131	0.9679767153436294	0.9684519476360519	0.9696355752261342	0.9659153127898636	0.9704833849607918	0.9677562584781216	0.9682628813544236	0.9696793933272758	0.9702866558582346	0.9680829289440744	0.970777383903237	0.9684519476360519	0.9666740966856637	0.9648510612607726	0.966227923224577	0.9745122435972032	0.9679496255218969	0.9698872469454843	0.9682943131071955	0.971213434082638	0.969023444235641	0.973698847145234	0.9716911440954544	0.9714064669148241	0.969239201206435	0.969987369591687	0.972402819370271	0.9584503244478274	0.9668618042868621	0.9646636567183383	0.968608816160465	0.9682415967231192	0.9661154074782633	1.0
