/home/jshaw/scratch/2022_sketched_distance/references/SGB_genome_fastas_part4/14110/BackhedF_2015__SID566_M__bin.39.fa	/home/jshaw/scratch/2022_sketched_distance/references/SGB_genome_fastas_part4/14110/Bengtsson-PalmeJ_2015__TRAVELRES2__bin.63.fa	/home/jshaw/scratch/2022_sketched_distance/references/SGB_genome_fastas_part4/14110/Bengtsson-PalmeJ_2015__TRAVELRES49__bin.8.fa	/home/jshaw/scratch/2022_sketched_distance/references/SGB_genome_fastas_part4/14110/Bengtsson-PalmeJ_2015__TRAVELRES50__bin.84.fa	/home/jshaw/scratch/2022_sketched_distance/references/SGB_genome_fastas_part4/14110/BritoIL_2016__M1.16.ST__bin.117.fa	/home/jshaw/scratch/2022_sketched_distance/references/SGB_genome_fastas_part4/14110/BritoIL_2016__M1.20.ST__bin.55.fa	/home/jshaw/scratch/2022_sketched_distance/references/SGB_genome_fastas_part4/14110/BritoIL_2016__WL.37.ST__bin.22.fa	/home/jshaw/scratch/2022_sketched_distance/references/SGB_genome_fastas_part4/14110/CosteaPI_2017__SID713A005-11-0-0__bin.72.fa	/home/jshaw/scratch/2022_sketched_distance/references/SGB_genome_fastas_part4/14110/CosteaPI_2017__SID713A051-11-0-0__bin.2.fa	/home/jshaw/scratch/2022_sketched_distance/references/SGB_genome_fastas_part4/14110/CosteaPI_2017__SID713A051-11-90-0__bin.31.fa	/home/jshaw/scratch/2022_sketched_distance/references/SGB_genome_fastas_part4/14110/CosteaPI_2017__SID713B014-11-0-0__bin.12.fa	/home/jshaw/scratch/2022_sketched_distance/references/SGB_genome_fastas_part4/14110/CosteaPI_2017__SID713B063-11-0-0__bin.36.fa	/home/jshaw/scratch/2022_sketched_distance/references/SGB_genome_fastas_part4/14110/CosteaPI_2017__SID713B066-11-0-0__bin.77.fa	/home/jshaw/scratch/2022_sketched_distance/references/SGB_genome_fastas_part4/14110/CosteaPI_2017__SID713B066-11-90-0__bin.4.fa	/home/jshaw/scratch/2022_sketched_distance/references/SGB_genome_fastas_part4/14110/CosteaPI_2017__SID713B072-11-0-0__bin.26.fa	/home/jshaw/scratch/2022_sketched_distance/references/SGB_genome_fastas_part4/14110/FerrettiP_2018__CA_C10002MS2016FE_t0M15__bin.35.fa	/home/jshaw/scratch/2022_sketched_distance/references/SGB_genome_fastas_part4/14110/HMP_2012__SRS011134__bin.88.fa	/home/jshaw/scratch/2022_sketched_distance/references/SGB_genome_fastas_part4/14110/LeChatelierE_2013__MH0117__bin.21.fa	/home/jshaw/scratch/2022_sketched_distance/references/SGB_genome_fastas_part4/14110/LeChatelierE_2013__MH0126__bin.27.fa	/home/jshaw/scratch/2022_sketched_distance/references/SGB_genome_fastas_part4/14110/LeChatelierE_2013__MH0409__bin.6.fa	/home/jshaw/scratch/2022_sketched_distance/references/SGB_genome_fastas_part4/14110/LeChatelierE_2013__MH0437__bin.18.fa	/home/jshaw/scratch/2022_sketched_distance/references/SGB_genome_fastas_part4/14110/LiJ_2014__MH0303__bin.72.fa	/home/jshaw/scratch/2022_sketched_distance/references/SGB_genome_fastas_part4/14110/LiJ_2014__V1.FI09__bin.34.fa	/home/jshaw/scratch/2022_sketched_distance/references/SGB_genome_fastas_part4/14110/LiJ_2014__V1.FI14__bin.47.fa	/home/jshaw/scratch/2022_sketched_distance/references/SGB_genome_fastas_part4/14110/LiuW_2016__SRR3993034__bin.118.fa	/home/jshaw/scratch/2022_sketched_distance/references/SGB_genome_fastas_part4/14110/LiuW_2016__SRR3993041__bin.58.fa	/home/jshaw/scratch/2022_sketched_distance/references/SGB_genome_fastas_part4/14110/LiuW_2016__SRR3993055__bin.4.fa	/home/jshaw/scratch/2022_sketched_distance/references/SGB_genome_fastas_part4/14110/NielsenHB_2014__MH0117__bin.3.fa	/home/jshaw/scratch/2022_sketched_distance/references/SGB_genome_fastas_part4/14110/NielsenHB_2014__MH0126__bin.28.fa	/home/jshaw/scratch/2022_sketched_distance/references/SGB_genome_fastas_part4/14110/QinN_2014__HD-40__bin.75.fa	/home/jshaw/scratch/2022_sketched_distance/references/SGB_genome_fastas_part4/14110/RampelliS_2015__H10__bin.7.fa	/home/jshaw/scratch/2022_sketched_distance/references/SGB_genome_fastas_part4/14110/VogtmannE_2016__MMRS34569532ST-27-0-0__bin.51.fa	/home/jshaw/scratch/2022_sketched_distance/references/SGB_genome_fastas_part4/14110/XieH_2016__YSZC12003_35980__bin.54.fa	/home/jshaw/scratch/2022_sketched_distance/references/SGB_genome_fastas_part4/14110/ZeeviD_2015__PNP_Main_25__bin.24.fa	/home/jshaw/scratch/2022_sketched_distance/references/SGB_genome_fastas_part4/14110/ZeeviD_2015__PNP_Main_531__bin.11.fa	/home/jshaw/scratch/2022_sketched_distance/references/SGB_genome_fastas_part4/14110/ZeeviD_2015__PNP_Main_683__bin.4.fa	/home/jshaw/scratch/2022_sketched_distance/references/SGB_genome_fastas_part4/14110/ZellerG_2014__CCIS74726977ST-3-0__bin.72.fa
1.0	0.978328948791482	0.9782323501615204	0.9799085729266175	0.9823791007081498	0.9800721929524071	0.980496909716677	0.9831969320626055	0.9821325927116544	0.9799396358699708	0.9805649214853726	0.9822568404783343	0.9825991932465237	0.9825991932465237	0.9830432002247649	0.9806212635946109	0.9797654437218566	0.9812963878004273	0.9815481211008199	0.9817561436898418	0.9795206823998615	0.9788855281166216	0.9820810277553512	0.980766579825042	0.981567392436202	0.9825426050526426	0.9810552888350254	0.9807830532221308	0.9814024122297991	0.9799709610638484	0.9787450230851995	0.9808033196650836	0.9812634002632642	0.9832776035716367	0.9825168317803267	0.9813699522644883	0.9793218154184411
0.978328948791482	1.0	0.9748728278779747	0.9769362057876441	0.9816229692389974	0.9807020223783572	0.980118691936324	0.9785987140197945	0.9806674339133863	0.9780766325712574	0.9796655161439601	0.9794876381789576	0.9806550148278227	0.981073365301051	0.9799945664139728	0.9774115084540264	0.9779511272309953	0.9798514327247783	0.9792592907000578	0.9786387812025891	0.9788466466305613	0.9808219451926237	0.9793100716817797	0.977636712804906	0.9807987518161397	0.980289789867831	0.9789850351718632	0.9798167326983659	0.979151688305471	0.9791462753579223	0.9800173938742363	0.976775241231709	0.9777460033657416	0.9786584466088009	0.9781507394318586	0.9785423950181069	0.9774306041528046
0.9782323501615204	0.9748728278779747	1.0	0.9987026525844822	0.9804362712031106	0.9761683184953734	0.9680933452639947	0.9796162099196974	0.9731130319314938	0.9780494341019393	0.9786852013406816	0.9721312052040019	0.9828194878734278	0.9828194878734278	0.9765959090370928	0.9801795214691459	0.9793969377966755	0.9700288197821983	0.9757703780159199	0.9747207966790201	0.9765479237728601	0.9778654859729067	0.9738977230214215	0.9771662828440306	0.979484823436363	0.9748222298067661	0.978953924872622	0.9644974378664029	0.9731066662095458	0.9718549513005035	0.9687718267303537	0.9719657356791335	0.968027854526703	0.9800934879287605	0.9793088149271284	0.9797035081269119	0.9748728278779747
0.9799085729266175	0.9769362057876441	0.9987026525844822	1.0	0.9810256618922001	0.980746549151756	0.9795215090077072	0.9808808394280203	0.982763297469476	0.9802530561407193	0.9804730193068674	0.9796797328351119	0.9830973141059465	0.9830701747128909	0.9822279763309901	0.9799384645941751	0.9787209236821174	0.9795781439081552	0.981089812888941	0.9808090753395903	0.9781583922925337	0.9794418503677353	0.9801769958335358	0.977967977507575	0.9816281104674341	0.9813692859356231	0.9798786538790476	0.9784046582791954	0.9804567326078875	0.9783002104264797	0.9760835921178437	0.9792662243703266	0.981569776196575	0.9809388454075497	0.9807353726379566	0.9803541012855005	0.9772249944908545
0.9823791007081498	0.9816229692389974	0.9804362712031106	0.9810256618922001	1.0	0.9988633466262548	0.9848342128896443	0.9816093734532187	0.9846594777081493	0.982183435183572	0.9830102599669683	0.9828184456358483	0.9827254299382961	0.9823421742489493	0.9838688453026574	0.9816330799666962	0.982058677647714	0.9828225222150428	0.9828232793253768	0.9828442196684036	0.9818325220483717	0.9829266943456524	0.9836247106450063	0.9815620455433508	0.9845010955504608	0.9841054888302933	0.9815416532181622	0.982919094120265	0.9824889295033885	0.9830087863569074	0.9807280962747683	0.9806958931304699	0.9816205610675598	0.9813838560050779	0.9813665979115637	0.9826773939055982	0.9815640501600156
0.9800721929524071	0.9807020223783572	0.9761683184953734	0.980746549151756	0.9988633466262548	1.0	0.969545942679838	0.9812761937718765	0.9850987053410178	0.9811885132267694	0.9790572518331064	0.9735017835083446	0.9824796728397226	0.9832306159124956	0.9785376960194928	0.9810124437743382	0.9801175855864278	0.971436470060489	0.9767267237225737	0.9754957869544439	0.9801629152392489	0.9812323828802675	0.972542871833523	0.9787748838939396	0.9799356353774832	0.974915651940407	0.9795225031801366	0.9672020044317037	0.9742707372439937	0.9739434133614683	0.9694830790172063	0.971554728946812	0.9653774315583703	0.9817542805403088	0.9796147630650696	0.9817542805403088	0.978250774914862
0.980496909716677	0.980118691936324	0.9680933452639947	0.9795215090077072	0.9848342128896443	0.969545942679838	1.0	0.9820472832596431	0.966367214002316	0.9715638730415875	0.9819674906289755	0.9756887761935386	0.9837552669453703	0.984093925196895	0.980118691936324	0.9817269389108303	0.9795645289760921	0.9754457640842235	0.9787813593767415	0.9752500381938332	0.981927521253333	0.980118691936324	0.9764544353002796	0.9796932498541558	0.9837552669453703	0.9786047393723609	0.9837930687968592	0.9725001860798533	0.9771099231576477	0.9774327850502091	0.973743262413475	0.9736402806426795	0.9699727632448498	0.9814846058236617	0.9811586772143315	0.9824827000256582	0.9786489841006094
0.9831969320626055	0.9785987140197945	0.9796162099196974	0.9808808394280203	0.9816093734532187	0.9812761937718765	0.9820472832596431	1.0	0.9832284825003874	0.9813269468092446	0.9824663879605163	0.9837110084117897	0.9829969733210264	0.9833539020954079	0.9845856983045842	0.9811964035326627	0.979834170339415	0.9826445257826021	0.9825091151153893	0.9824742573445816	0.9806824059612406	0.9800490677243063	0.9831399022901498	0.9805374205628702	0.9827315434208251	0.9830508823934282	0.9810775332104467	0.9821395139149963	0.9823885867088019	0.9818412672296672	0.9787056812912611	0.9817198575604976	0.9821740543646496	0.9820872580115201	0.9827032132870798	0.9826773939055982	0.980679343436305
0.9821325927116544	0.9806674339133863	0.9731130319314938	0.982763297469476	0.9846594777081493	0.9850987053410178	0.966367214002316	0.9832284825003874	1.0	0.9999536199539867	0.9779790564878569	0.9752460890639367	0.9840645448523334	0.9839894139160259	0.9806674339133863	0.9818929106309531	0.9814894980702528	0.9710542858753886	0.9786943108178547	0.9755396926241802	0.9797386249371987	0.9818929106309531	0.9722620776521691	0.9806674339133863	0.9805005114100505	0.9748504464951208	0.9823705327594097	0.9668804998972332	0.9757339658069714	0.9717186580329535	0.9682512981539686	0.972796535421864	0.9604162035741235	0.9835349775517044	0.9817321419012502	0.9833820882498211	0.9793942191679436
0.9799396358699708	0.9780766325712574	0.9780494341019393	0.9802530561407193	0.982183435183572	0.9811885132267694	0.9715638730415875	0.9813269468092446	0.9999536199539867	1.0	0.9774453771482504	0.9745125258612083	0.9828744495120748	0.9828023938783278	0.9777835675250215	0.9810237031321687	0.9803698179332283	0.9710304902628107	0.9762332684097856	0.975202685636927	0.9776149110532614	0.9777414851616721	0.9740912807786309	0.9807560383822309	0.979702581265921	0.9756547831052148	0.9811377492567581	0.9691510470703891	0.9737598252985806	0.9724981831655853	0.970874792910441	0.9740912807786309	0.970045279183616	0.9825852711053958	0.9806791585107469	0.9814775208696204	0.9768882183685801
0.9805649214853726	0.9796655161439601	0.9786852013406816	0.9804730193068674	0.9830102599669683	0.9790572518331064	0.9819674906289755	0.9824663879605163	0.9779790564878569	0.9774453771482504	1.0	0.9797944495572902	0.9855757688668354	0.9860190713111039	0.9808666222688843	0.981350767786479	0.9796340561055219	0.9798514327247783	0.9812870175087819	0.9791669717242915	0.9808087381748396	0.9791265285331322	0.9797464102796057	0.9789341525649693	0.9820799399547945	0.9828294807620901	0.982350728713087	0.9802595149011775	0.9810553413830985	0.9816308418384468	0.9783096313943209	0.9788134290970197	0.9781999322695011	0.9818545671132839	0.980503682088204	0.981499751022713	0.9783401242267239
0.9822568404783343	0.9794876381789576	0.9721312052040019	0.9796797328351119	0.9828184456358483	0.9735017835083446	0.9756887761935386	0.9837110084117897	0.9752460890639367	0.9745125258612083	0.9797944495572902	1.0	0.9837448571180586	0.9836771247282067	0.9823628776596428	0.9831646216065865	0.981140524126191	0.9761065358616625	0.9781103538421825	0.9788652271932924	0.9801362019061339	0.9796797328351119	0.9782307121119027	0.9817214406637217	0.9815771756913809	0.9799847532138677	0.9819008820938664	0.9755354563780924	0.9762920322121429	0.9734514041909642	0.9748139136713351	0.9772551675757936	0.9754377129877676	0.9826089705867702	0.9823275700731431	0.9832677652791866	0.9804744163771001
0.9825991932465237	0.9806550148278227	0.9828194878734278	0.9830973141059465	0.9827254299382961	0.9824796728397226	0.9837552669453703	0.9829969733210264	0.9840645448523334	0.9828744495120748	0.9855757688668354	0.9837448571180586	1.0	0.9998950035822661	0.9853738742945206	0.9817143118882788	0.9813338589262947	0.9846521458198225	0.9857239507943371	0.9834735679824581	0.9821977702618951	0.9825666034859968	0.9836567776983505	0.981841058729675	0.9852699956505963	0.984949229595208	0.9828697625793676	0.983759689802353	0.9855477437795969	0.9828735717386983	0.9806169024987034	0.9832147428548681	0.9820741128873691	0.9810627810812459	0.9824078712617654	0.9832161997403221	0.9818636568278145
0.9825991932465237	0.981073365301051	0.9828194878734278	0.9830701747128909	0.9823421742489493	0.9832306159124956	0.984093925196895	0.9833539020954079	0.9839894139160259	0.9828023938783278	0.9860190713111039	0.9836771247282067	0.9998950035822661	1.0	0.9854027057876822	0.9817143118882788	0.9813620355061627	0.984584924867272	0.9856379764469672	0.983440743950163	0.9826693359635484	0.9830092331618201	0.9836247106450063	0.9819520013354993	0.9852699956505963	0.9848896764470331	0.9829737205509349	0.9844247337800465	0.9855173068488069	0.9835109297086198	0.9805797536933434	0.9831149577852071	0.9820741128873691	0.9811701566492755	0.9824348308646865	0.9832161997403221	0.9823373951732606
0.9830432002247649	0.9799945664139728	0.9765959090370928	0.9822279763309901	0.9838688453026574	0.9785376960194928	0.980118691936324	0.9845856983045842	0.9806674339133863	0.9777835675250215	0.9808666222688843	0.9823628776596428	0.9853738742945206	0.9854027057876822	1.0	0.9830122177393937	0.9816514603864267	0.9822133455873151	0.981089812888941	0.9818252182365576	0.9818447628817126	0.9819729998180017	0.9803192723727633	0.9817160215044838	0.9831976747748751	0.9798756061655948	0.9835044566811592	0.981595216554634	0.9809854830330182	0.9764156059200495	0.9770089360603943	0.9800072004688621	0.9789794140245447	0.9841095409524451	0.9829812059312036	0.9841395040998673	0.9814894980702528
0.9806212635946109	0.9774115084540264	0.9801795214691459	0.9799384645941751	0.9816330799666962	0.9810124437743382	0.9817269389108303	0.9811964035326627	0.9818929106309531	0.9810237031321687	0.981350767786479	0.9831646216065865	0.9817143118882788	0.9817143118882788	0.9830122177393937	1.0	0.9816424745659326	0.9809974490930479	0.9804573675508712	0.9821342623030028	0.9790626262431821	0.9786979596810861	0.9818447628817126	0.9803634837329607	0.9818397407092287	0.9820263151011318	0.9802203443605166	0.9804786759265676	0.9803142758859692	0.9791462753579223	0.9791746807273869	0.9814756127127479	0.9806419014079715	0.9799645740034132	0.9805775639337757	0.9817964319393385	0.9787691549988509
0.9797654437218566	0.9779511272309953	0.9793969377966755	0.9787209236821174	0.982058677647714	0.9801175855864278	0.9795645289760921	0.979834170339415	0.9814894980702528	0.9803698179332283	0.9796340561055219	0.981140524126191	0.9813338589262947	0.9813620355061627	0.9816514603864267	0.9816424745659326	1.0	0.9808469486832194	0.9801534626004053	0.9806306421289068	0.9781267602233901	0.9791648745286156	0.9812637733704106	0.9798064946072703	0.9806740751682504	0.980255474402925	0.9796566154341805	0.979682719084912	0.9798469546536523	0.9797481044046759	0.9779490267991017	0.9802262544755933	0.9803266643301515	0.9799520062798808	0.9798931414479741	0.9794243233769947	0.9790303967117142
0.9812963878004273	0.9798514327247783	0.9700288197821983	0.9795781439081552	0.9828225222150428	0.971436470060489	0.9754457640842235	0.9826445257826021	0.9710542858753886	0.9710304902628107	0.9798514327247783	0.9761065358616625	0.9846521458198225	0.984584924867272	0.9822133455873151	0.9809974490930479	0.9808469486832194	1.0	0.9796955478396231	0.9762371072175815	0.9811846057447017	0.9818130458431421	0.9800838739164256	0.9800065771490742	0.9799678600702374	0.9784615176451894	0.9809222854789169	0.9972540639821312	0.9775982242769884	0.9740823076938547	0.9713226022291789	0.9764966886831151	0.973802498207688	0.981739735148068	0.9816294602424805	0.9850526061353873	0.98468570473865
0.9815481211008199	0.9792592907000578	0.9757703780159199	0.981089812888941	0.9828232793253768	0.9767267237225737	0.9787813593767415	0.9825091151153893	0.9786943108178547	0.9762332684097856	0.9812870175087819	0.9781103538421825	0.9857239507943371	0.9856379764469672	0.981089812888941	0.9804573675508712	0.9801534626004053	0.9796955478396231	1.0	0.9800530200591134	0.9813524890438071	0.9805915345429298	0.9776197785370888	0.9798124414619143	0.9812214146629211	0.9797363696200778	0.9832272400978641	0.9793678650511937	0.9987787796820583	0.9779082581926478	0.974599642588819	0.9772968633052704	0.9769360876308573	0.9819359108059398	0.9812870175087819	0.9809245624190404	0.9791195260691231
0.9817561436898418	0.9786387812025891	0.9747207966790201	0.9808090753395903	0.9828442196684036	0.9754957869544439	0.9752500381938332	0.9824742573445816	0.9755396926241802	0.975202685636927	0.9791669717242915	0.9788652271932924	0.9834735679824581	0.983440743950163	0.9818252182365576	0.9821342623030028	0.9806306421289068	0.9762371072175815	0.9800530200591134	1.0	0.9809156696739689	0.9804512295509967	0.9771206159249072	0.9819285574733038	0.9808446454120693	0.9779079906100377	0.9807021323278612	0.9755862549444321	0.9782176904115711	0.9723301506973684	0.9743305879503078	0.9773763765573104	0.9767009352379481	0.9824404162605846	0.9819285574733038	0.9825755712892857	0.9797603337775552
0.9795206823998615	0.9788466466305613	0.9765479237728601	0.9781583922925337	0.9818325220483717	0.9801629152392489	0.981927521253333	0.9806824059612406	0.9797386249371987	0.9776149110532614	0.9808087381748396	0.9801362019061339	0.9821977702618951	0.9826693359635484	0.9818447628817126	0.9790626262431821	0.9781267602233901	0.9811846057447017	0.9813524890438071	0.9809156696739689	1.0	0.979958701692741	0.979854589966666	0.9792466207416726	0.9819300221171363	0.983426982268972	0.9810606479053575	0.9818475559904719	0.9810553413830985	0.9812770973188788	0.9781097880929461	0.9788134290970197	0.9788691933077199	0.9805651378941761	0.979154753147365	0.9798525524967927	0.980802804310228
0.9788855281166216	0.9808219451926237	0.9778654859729067	0.9794418503677353	0.9829266943456524	0.9812323828802675	0.980118691936324	0.9800490677243063	0.9818929106309531	0.9777414851616721	0.9791265285331322	0.9796797328351119	0.9825666034859968	0.9830092331618201	0.9819729998180017	0.9786979596810861	0.9791648745286156	0.9818130458431421	0.9805915345429298	0.9804512295509967	0.979958701692741	1.0	0.9803547449221575	0.9786351964604052	0.9803602870171252	0.9799450024828279	0.9795947164806865	0.9821395139149963	0.9803499483280103	0.9780656049800033	0.9785873704367435	0.979002857871135	0.9801148040832306	0.9804377911254979	0.9797468702825216	0.9799888514874031	0.9790953816602244
0.9820810277553512	0.9793100716817797	0.9738977230214215	0.9801769958335358	0.9836247106450063	0.972542871833523	0.9764544353002796	0.9831399022901498	0.9722620776521691	0.9740912807786309	0.9797464102796057	0.9782307121119027	0.9836567776983505	0.9836247106450063	0.9803192723727633	0.9818447628817126	0.9812637733704106	0.9800838739164256	0.9776197785370888	0.9771206159249072	0.979854589966666	0.9803547449221575	1.0	0.9822152745594982	0.9802837612746222	0.9781550963213688	0.9816408837019118	0.9795481532411503	0.9763333933068937	0.9754945120082101	0.9742855280254747	0.9759975144803482	0.9759851104519153	0.9823489731547991	0.9834961278736172	0.9828783752651925	0.9797102706072736
0.980766579825042	0.977636712804906	0.9771662828440306	0.977967977507575	0.9815620455433508	0.9787748838939396	0.9796932498541558	0.9805374205628702	0.9806674339133863	0.9807560383822309	0.9789341525649693	0.9817214406637217	0.981841058729675	0.9819520013354993	0.9817160215044838	0.9803634837329607	0.9798064946072703	0.9800065771490742	0.9798124414619143	0.9819285574733038	0.9792466207416726	0.9786351964604052	0.9822152745594982	1.0	0.9801388287098133	0.9816336827791029	0.9797769146481455	0.9796379253908452	0.9794462385877312	0.9773514842701475	0.9783096313943209	0.9805160606348754	0.9804320815645345	0.9808825418639782	0.9808825418639782	0.9799008944295619	0.9792249646604019
0.981567392436202	0.9807987518161397	0.979484823436363	0.9816281104674341	0.9845010955504608	0.9799356353774832	0.9837552669453703	0.9827315434208251	0.9805005114100505	0.979702581265921	0.9820799399547945	0.9815771756913809	0.9852699956505963	0.9852699956505963	0.9831976747748751	0.9818397407092287	0.9806740751682504	0.9799678600702374	0.9812214146629211	0.9808446454120693	0.9819300221171363	0.9803602870171252	0.9802837612746222	0.9801388287098133	1.0	0.9833333611257632	0.984165971655244	0.9793678650511937	0.9811598498944226	0.9801923076141259	0.9793295279859593	0.9786992416851161	0.9788691933077199	0.9832263244117949	0.9812314138901296	0.9823183895759777	0.9781763517839662
0.9825426050526426	0.980289789867831	0.9748222298067661	0.9813692859356231	0.9841054888302933	0.974915651940407	0.9786047393723609	0.9830508823934282	0.9748504464951208	0.9756547831052148	0.9828294807620901	0.9799847532138677	0.984949229595208	0.9848896764470331	0.9798756061655948	0.9820263151011318	0.980255474402925	0.9784615176451894	0.9797363696200778	0.9779079906100377	0.983426982268972	0.9799450024828279	0.9781550963213688	0.9816336827791029	0.9833333611257632	1.0	0.984859859313169	0.9779829864504762	0.9791146819257817	0.9781439945053362	0.9769674406653187	0.9777710579998415	0.9774590535678052	0.9825426050526426	0.9811695764245223	0.9826065726918487	0.9790311389320646
0.9810552888350254	0.9789850351718632	0.978953924872622	0.9798786538790476	0.9815416532181622	0.9795225031801366	0.9837930687968592	0.9810775332104467	0.9823705327594097	0.9811377492567581	0.982350728713087	0.9819008820938664	0.9828697625793676	0.9829737205509349	0.9835044566811592	0.9802203443605166	0.9796566154341805	0.9809222854789169	0.9832272400978641	0.9807021323278612	0.9810606479053575	0.9795947164806865	0.9816408837019118	0.9797769146481455	0.984165971655244	0.984859859313169	1.0	0.9806094705468256	0.9832807948849415	0.9824988278806971	0.979290884981975	0.9803352331915394	0.979579063040481	0.9803547108488063	0.9802334881803605	0.9811767156813291	0.9793218154184411
0.9807830532221308	0.9798167326983659	0.9644974378664029	0.9784046582791954	0.982919094120265	0.9672020044317037	0.9725001860798533	0.9821395139149963	0.9668804998972332	0.9691510470703891	0.9802595149011775	0.9755354563780924	0.983759689802353	0.9844247337800465	0.981595216554634	0.9804786759265676	0.979682719084912	0.9972540639821312	0.9793678650511937	0.9755862549444321	0.9818475559904719	0.9821395139149963	0.9795481532411503	0.9796379253908452	0.9793678650511937	0.9779829864504762	0.9806094705468256	1.0	0.9772678469093513	0.9747116948056155	0.9711320168966919	0.9756369742824038	0.9683348020144763	0.9813834368626657	0.9814259026170519	0.9846177966869933	0.9853788902855224
0.9814024122297991	0.979151688305471	0.9731066662095458	0.9804567326078875	0.9824889295033885	0.9742707372439937	0.9771099231576477	0.9823885867088019	0.9757339658069714	0.9737598252985806	0.9810553413830985	0.9762920322121429	0.9855477437795969	0.9855173068488069	0.9809854830330182	0.9803142758859692	0.9798469546536523	0.9775982242769884	0.9987787796820583	0.9782176904115711	0.9810553413830985	0.9803499483280103	0.9763333933068937	0.9794462385877312	0.9811598498944226	0.9791146819257817	0.9832807948849415	0.9772678469093513	1.0	0.9764156059200495	0.972286272042602	0.9757897220481534	0.9748809417867865	0.9814713866684276	0.9809854830330182	0.9810902146747433	0.9784412882984334
0.9799709610638484	0.9791462753579223	0.9718549513005035	0.9783002104264797	0.9830087863569074	0.9739434133614683	0.9774327850502091	0.9818412672296672	0.9717186580329535	0.9724981831655853	0.9816308418384468	0.9734514041909642	0.9828735717386983	0.9835109297086198	0.9764156059200495	0.9791462753579223	0.9797481044046759	0.9740823076938547	0.9779082581926478	0.9723301506973684	0.9812770973188788	0.9780656049800033	0.9754945120082101	0.9773514842701475	0.9801923076141259	0.9781439945053362	0.9824988278806971	0.9747116948056155	0.9764156059200495	1.0	0.9717544004876817	0.9709920980426472	0.97221627138436	0.9805942558117612	0.9797108133371176	0.9795986839490436	0.9769478813544723
0.9787450230851995	0.9800173938742363	0.9687718267303537	0.9760835921178437	0.9807280962747683	0.9694830790172063	0.973743262413475	0.9787056812912611	0.9682512981539686	0.970874792910441	0.9783096313943209	0.9748139136713351	0.9806169024987034	0.9805797536933434	0.9770089360603943	0.9791746807273869	0.9779490267991017	0.9713226022291789	0.974599642588819	0.9743305879503078	0.9781097880929461	0.9785873704367435	0.9742855280254747	0.9783096313943209	0.9793295279859593	0.9769674406653187	0.979290884981975	0.9711320168966919	0.972286272042602	0.9717544004876817	1.0	0.9731382106794167	0.9714624728577084	0.9791746807273869	0.9785478379370183	0.9797516094362708	0.9758695660364309
0.9808033196650836	0.976775241231709	0.9719657356791335	0.9792662243703266	0.9806958931304699	0.971554728946812	0.9736402806426795	0.9817198575604976	0.972796535421864	0.9740912807786309	0.9788134290970197	0.9772551675757936	0.9832147428548681	0.9831149577852071	0.9800072004688621	0.9814756127127479	0.9802262544755933	0.9764966886831151	0.9772968633052704	0.9773763765573104	0.9788134290970197	0.979002857871135	0.9759975144803482	0.9805160606348754	0.9786992416851161	0.9777710579998415	0.9803352331915394	0.9756369742824038	0.9757897220481534	0.9709920980426472	0.9731382106794167	1.0	0.974504389998613	0.9814405712720395	0.9813352211780075	0.9811234975801806	0.9785846531925447
0.9812634002632642	0.9777460033657416	0.968027854526703	0.981569776196575	0.9816205610675598	0.9653774315583703	0.9699727632448498	0.9821740543646496	0.9604162035741235	0.970045279183616	0.9781999322695011	0.9754377129877676	0.9820741128873691	0.9820741128873691	0.9789794140245447	0.9806419014079715	0.9803266643301515	0.973802498207688	0.9769360876308573	0.9767009352379481	0.9788691933077199	0.9801148040832306	0.9759851104519153	0.9804320815645345	0.9788691933077199	0.9774590535678052	0.979579063040481	0.9683348020144763	0.9748809417867865	0.97221627138436	0.9714624728577084	0.974504389998613	1.0	0.9823730267178972	0.9808503830336607	0.981569776196575	0.9776888151882269
0.9832776035716367	0.9786584466088009	0.9800934879287605	0.9809388454075497	0.9813838560050779	0.9817542805403088	0.9814846058236617	0.9820872580115201	0.9835349775517044	0.9825852711053958	0.9818545671132839	0.9826089705867702	0.9810627810812459	0.9811701566492755	0.9841095409524451	0.9799645740034132	0.9799520062798808	0.981739735148068	0.9819359108059398	0.9824404162605846	0.9805651378941761	0.9804377911254979	0.9823489731547991	0.9808825418639782	0.9832263244117949	0.9825426050526426	0.9803547108488063	0.9813834368626657	0.9814713866684276	0.9805942558117612	0.9791746807273869	0.9814405712720395	0.9823730267178972	1.0	0.9828099535402443	0.9822398758129166	0.9802748442606969
0.9825168317803267	0.9781507394318586	0.9793088149271284	0.9807353726379566	0.9813665979115637	0.9796147630650696	0.9811586772143315	0.9827032132870798	0.9817321419012502	0.9806791585107469	0.980503682088204	0.9823275700731431	0.9824078712617654	0.9824348308646865	0.9829812059312036	0.9805775639337757	0.9798931414479741	0.9816294602424805	0.9812870175087819	0.9819285574733038	0.979154753147365	0.9797468702825216	0.9834961278736172	0.9808825418639782	0.9812314138901296	0.9811695764245223	0.9802334881803605	0.9814259026170519	0.9809854830330182	0.9797108133371176	0.9785478379370183	0.9813352211780075	0.9808503830336607	0.9828099535402443	1.0	0.98106276767745	0.9797382133805345
0.9813699522644883	0.9785423950181069	0.9797035081269119	0.9803541012855005	0.9826773939055982	0.9817542805403088	0.9824827000256582	0.9826773939055982	0.9833820882498211	0.9814775208696204	0.981499751022713	0.9832677652791866	0.9832161997403221	0.9832161997403221	0.9841395040998673	0.9817964319393385	0.9794243233769947	0.9850526061353873	0.9809245624190404	0.9825755712892857	0.9798525524967927	0.9799888514874031	0.9828783752651925	0.9799008944295619	0.9823183895759777	0.9826065726918487	0.9811767156813291	0.9846177966869933	0.9810902146747433	0.9795986839490436	0.9797516094362708	0.9811234975801806	0.981569776196575	0.9822398758129166	0.98106276767745	1.0	0.9818636568278145
0.9793218154184411	0.9774306041528046	0.9748728278779747	0.9772249944908545	0.9815640501600156	0.978250774914862	0.9786489841006094	0.980679343436305	0.9793942191679436	0.9768882183685801	0.9783401242267239	0.9804744163771001	0.9818636568278145	0.9823373951732606	0.9814894980702528	0.9787691549988509	0.9790303967117142	0.98468570473865	0.9791195260691231	0.9797603337775552	0.980802804310228	0.9790953816602244	0.9797102706072736	0.9792249646604019	0.9781763517839662	0.9790311389320646	0.9793218154184411	0.9853788902855224	0.9784412882984334	0.9769478813544723	0.9758695660364309	0.9785846531925447	0.9776888151882269	0.9802748442606969	0.9797382133805345	0.9818636568278145	1.0
