/home/jshaw/scratch/2022_sketched_distance/references/SGB_genome_fastas_part5/15203/CosteaPI_2017__mickey2-11-30-0__bin.23.fa	/home/jshaw/scratch/2022_sketched_distance/references/SGB_genome_fastas_part5/15203/CosteaPI_2017__SID713A052-11-0-0__bin.79.fa	/home/jshaw/scratch/2022_sketched_distance/references/SGB_genome_fastas_part5/15203/FengQ_2015__SID31275__bin.62.fa	/home/jshaw/scratch/2022_sketched_distance/references/SGB_genome_fastas_part5/15203/FengQ_2015__SID530373__bin.31.fa	/home/jshaw/scratch/2022_sketched_distance/references/SGB_genome_fastas_part5/15203/FerrettiP_2018__CA_C10049MS2850FE_t0M16__bin.4.fa	/home/jshaw/scratch/2022_sketched_distance/references/SGB_genome_fastas_part5/15203/HMP_2012__SRS014979__bin.46.fa	/home/jshaw/scratch/2022_sketched_distance/references/SGB_genome_fastas_part5/15203/HMP_2012__SRS065504__bin.42.fa	/home/jshaw/scratch/2022_sketched_distance/references/SGB_genome_fastas_part5/15203/LiJ_2014__MH0268__bin.17.fa	/home/jshaw/scratch/2022_sketched_distance/references/SGB_genome_fastas_part5/15203/LiJ_2014__MH0281__bin.37.fa	/home/jshaw/scratch/2022_sketched_distance/references/SGB_genome_fastas_part5/15203/LiJ_2014__MH0354__bin.37.fa	/home/jshaw/scratch/2022_sketched_distance/references/SGB_genome_fastas_part5/15203/LiJ_2014__V1.CD6-0-PT__bin.57.fa	/home/jshaw/scratch/2022_sketched_distance/references/SGB_genome_fastas_part5/15203/LiJ_2014__V1.FI04__bin.26.fa	/home/jshaw/scratch/2022_sketched_distance/references/SGB_genome_fastas_part5/15203/LiJ_2014__V1.FI17__bin.48.fa	/home/jshaw/scratch/2022_sketched_distance/references/SGB_genome_fastas_part5/15203/LouisS_2016__AS43_3__bin.45.fa	/home/jshaw/scratch/2022_sketched_distance/references/SGB_genome_fastas_part5/15203/NielsenHB_2014__O2_UC24_2__bin.37.fa	/home/jshaw/scratch/2022_sketched_distance/references/SGB_genome_fastas_part5/15203/NielsenHB_2014__V1_UC35_4__bin.76.fa	/home/jshaw/scratch/2022_sketched_distance/references/SGB_genome_fastas_part5/15203/RaymondF_2016__P21E90__bin.74.fa	/home/jshaw/scratch/2022_sketched_distance/references/SGB_genome_fastas_part5/15203/RaymondF_2016__P23C0__bin.66.fa	/home/jshaw/scratch/2022_sketched_distance/references/SGB_genome_fastas_part5/15203/SchirmerM_2016__G88898__bin.12.fa	/home/jshaw/scratch/2022_sketched_distance/references/SGB_genome_fastas_part5/15203/VincentC_2016__MM029.2__bin.22.fa	/home/jshaw/scratch/2022_sketched_distance/references/SGB_genome_fastas_part5/15203/VincentC_2016__MM029.3__bin.27.fa	/home/jshaw/scratch/2022_sketched_distance/references/SGB_genome_fastas_part5/15203/XieH_2016__YSZC12003_35390__bin.65.fa	/home/jshaw/scratch/2022_sketched_distance/references/SGB_genome_fastas_part5/15203/XieH_2016__YSZC12003_35706__bin.14.fa	/home/jshaw/scratch/2022_sketched_distance/references/SGB_genome_fastas_part5/15203/XieH_2016__YSZC12003_36012__bin.90.fa	/home/jshaw/scratch/2022_sketched_distance/references/SGB_genome_fastas_part5/15203/XieH_2016__YSZC12003_36454__bin.8.fa	/home/jshaw/scratch/2022_sketched_distance/references/SGB_genome_fastas_part5/15203/XieH_2016__YSZC12003_37209__bin.34.fa	/home/jshaw/scratch/2022_sketched_distance/references/SGB_genome_fastas_part5/15203/XieH_2016__YSZC12003_37223__bin.19.fa	/home/jshaw/scratch/2022_sketched_distance/references/SGB_genome_fastas_part5/15203/XieH_2016__YSZC12003_37254__bin.23.fa	/home/jshaw/scratch/2022_sketched_distance/references/SGB_genome_fastas_part5/15203/XieH_2016__YSZC12003_37255__bin.62.fa	/home/jshaw/scratch/2022_sketched_distance/references/SGB_genome_fastas_part5/15203/ZeeviD_2015__PNP_Main_135__bin.63.fa	/home/jshaw/scratch/2022_sketched_distance/references/SGB_genome_fastas_part5/15203/ZeeviD_2015__PNP_Main_223__bin.35.fa	/home/jshaw/scratch/2022_sketched_distance/references/SGB_genome_fastas_part5/15203/ZeeviD_2015__PNP_Main_716__bin.5.fa	/home/jshaw/scratch/2022_sketched_distance/references/SGB_genome_fastas_part5/15203/ZellerG_2014__CCIS24254057ST-4-0__bin.8.fa	/home/jshaw/scratch/2022_sketched_distance/references/SGB_genome_fastas_part5/15203/ZellerG_2014__CCIS78318719ST-4-0__bin.27.fa	/home/jshaw/scratch/2022_sketched_distance/references/SGB_genome_fastas_part5/15203/ZellerG_2014__CCIS90166425ST-4-0__bin.14.fa
1.0	0.9846574305181812	0.9843010947575167	0.9873230614036792	0.9862920421539473	0.986108194375269	0.9806651052008237	0.9770405490547498	0.9855237400660968	0.9838748551651288	0.9944248051399839	0.9854131156395708	0.9859628427704876	0.9844887443978914	0.9751243713329002	0.9833339107106326	0.9781288813713676	0.9838967348609624	0.983937285162894	0.9860095129663277	0.9865798584929832	0.9847623247523112	0.9846508908647787	0.986300514825825	0.9891816516800267	0.9802925521853886	0.9902172824257948	0.9859340650069703	0.9820304219316395	0.9851035016339338	0.9814946962021238	0.9842890994780156	0.9857209266287887	0.9799071243828024	0.9863684218479264
0.9846574305181812	1.0	0.9849581265944644	0.9850526447413642	0.9855683054198475	0.9847380774474522	0.9800407876040982	0.9759740989520225	0.9858196787719874	0.9842614979014613	0.9849529480826333	0.9839008257005865	0.9852605607116321	0.9835208381902344	0.9752569426179818	0.9850980740103843	0.977930475807065	0.9833434933165742	0.9794883180431765	0.9846226545256567	0.9851421659780942	0.9848055454266513	0.9853127316922734	0.9851496246180915	0.9828269420572316	0.9797770277615991	0.9819990178630169	0.985961560241001	0.9815679535865015	0.9861787935488865	0.9779732033931616	0.9846845452151267	0.9855167356638119	0.980709392302292	0.9799943473444052
0.9843010947575167	0.9849581265944644	1.0	0.9854831383913487	0.9849780772837738	0.9851902971626197	0.9820811841360038	0.977742526157934	0.9862319267804088	0.9852609163908361	0.9849796145599411	0.9845204453151526	0.9849879480542562	0.9843046296203446	0.9757535532402403	0.9849851887710951	0.9782944919692182	0.9842999129153935	0.979563614247524	0.9853492955837007	0.9856611063419916	0.9855139435057857	0.984703381019913	0.9846221568302006	0.9826391664779128	0.9803673530249749	0.9824335810204269	0.9858036996974111	0.98227819669748	0.9853778307468514	0.9799959249860647	0.9847156846909505	0.9862029565931669	0.9799470444117732	0.9804263125714309
0.9873230614036792	0.9850526447413642	0.9854831383913487	1.0	0.9862605345087843	0.9858120609308836	0.9798361912669724	0.9771740548365585	0.9857758680731016	0.9839121914166518	0.987753192524892	0.985543798772844	0.9853485932574374	0.9847040446480051	0.9747992800109962	0.9840057081548954	0.9776232172893575	0.9833126383671953	0.9795894799615169	0.9859756202684921	0.9863710345597124	0.985502520624206	0.9846709258637574	0.9858686043017815	0.9841289848274262	0.9801151805720126	0.9839105263111186	0.9870451487319954	0.982448219717511	0.9851882250864369	0.978852048104372	0.9845496963332694	0.9856275815545743	0.9805524915156464	0.9816588258269459
0.9862920421539473	0.9855683054198475	0.9849780772837738	0.9862605345087843	1.0	0.9855976517150877	0.9807927683036987	0.9782737792740354	0.9915611298532001	0.9842274764696077	0.9864372425718216	0.9853282639876019	0.985812312326676	0.9850040172060299	0.9763735190006341	0.9835668289124194	0.9791113107630097	0.9844268712897152	0.9819940126793341	0.9860090702751649	0.9863411502030159	0.9847255069423543	0.9901269310935434	0.9857239199198304	0.9844045423744854	0.985551701370852	0.9839137427315899	0.9869498384029259	0.9823850332487367	0.9863532314308087	0.9789602296341057	0.9847521473614204	0.985952181721908	0.9801218166492126	0.9821687707136261
0.986108194375269	0.9847380774474522	0.9851902971626197	0.9858120609308836	0.9855976517150877	1.0	0.9846564303896719	0.9776848229964247	0.9855854301646301	0.9845572606287807	0.9864113121296532	0.9844184933199505	0.9850793949115944	0.9845006488847716	0.9759142204258838	0.9840640262129159	0.9792868778610032	0.9839018354116463	0.9811121155004655	0.9860957110794393	0.9864200857486631	0.9848517985407413	0.9838697824786524	0.9850878733465533	0.9832520339729105	0.980104660997064	0.9838527029272767	0.9859086157650289	0.9822149368649669	0.9850151090008201	0.9801028040696459	0.9839440421328034	0.9854794563453491	0.9807860226008792	0.9818473254815795
0.9806651052008237	0.9800407876040982	0.9820811841360038	0.9798361912669724	0.9807927683036987	0.9846564303896719	1.0	0.9766385924607263	0.9817241096804534	0.9800662734386021	0.9809724722491896	0.9797993726384794	0.9796224377261242	0.9800656604045521	0.9737774527777247	0.9798990531661677	0.9741891915856571	0.9794233006722141	0.9781968264711347	0.9809851975532734	0.9809371151542532	0.979233316919621	0.9789517919346982	0.9806398130350438	0.9793940797841422	0.9787876096370157	0.978677617048356	0.9804686095113471	0.9780623527250055	0.9804499373332777	0.9788647131316244	0.9797053721164215	0.9808919482680811	0.9755881712958023	0.976915065899402
0.9770405490547498	0.9759740989520225	0.977742526157934	0.9771740548365585	0.9782737792740354	0.9776848229964247	0.9766385924607263	1.0	0.9795130451213171	0.9764001543929774	0.9773883984212128	0.9778797945727334	0.9771641796533865	0.9774748868713746	0.9697524434839949	0.9766412806426497	0.9711786298321504	0.9768268984832246	0.9758371121250229	0.978929926456684	0.9788142544207723	0.9768297494238198	0.9762576901168273	0.9772627266969817	0.9762793371096324	0.9767715639463646	0.9764267037086934	0.9783037492329733	0.9752259046610894	0.9767630745136323	0.9744802856708308	0.9775068906689022	0.9774066716944709	0.9721910921044741	0.974271687287482
0.9855237400660968	0.9858196787719874	0.9862319267804088	0.9857758680731016	0.9915611298532001	0.9855854301646301	0.9817241096804534	0.9795130451213171	1.0	0.9847704988331487	0.9857624845742408	0.9856061080673341	0.9867081285369309	0.9851301590616356	0.9774615175775043	0.9843631713757698	0.9795788563791307	0.9855225981568371	0.9812799307327693	0.9861901067153285	0.9868470325309229	0.9851099432103977	0.9925340545221737	0.9865313131742883	0.9841890335664061	0.9878850807955126	0.9835400839971075	0.9870748179116575	0.9836885249504699	0.9868345015832929	0.9798003294156307	0.9851540173535762	0.9867118719558111	0.9804750140241462	0.9818451934504175
0.9838748551651288	0.9842614979014613	0.9852609163908361	0.9839121914166518	0.9842274764696077	0.9845572606287807	0.9800662734386021	0.9764001543929774	0.9847704988331487	1.0	0.9841347353138503	0.9834206832133775	0.9844129852851428	0.983845880806033	0.9746170133297664	0.9832431065060857	0.978173062679589	0.9835473197258456	0.9790002061513552	0.985181403430109	0.985342519930381	0.9850334871737454	0.984643450186889	0.9846917848470016	0.98239358396864	0.9799384195632556	0.9812842205023972	0.9856494745741693	0.9821098413070289	0.9845978572650433	0.9791927003494215	0.9831443076497266	0.9930679855136482	0.9792663189974617	0.9793712977906037
0.9944248051399839	0.9849529480826333	0.9849796145599411	0.987753192524892	0.9864372425718216	0.9864113121296532	0.9809724722491896	0.9773883984212128	0.9857624845742408	0.9841347353138503	1.0	0.9862436653521465	0.985798045589154	0.9849393961706493	0.9753234158841761	0.984058143154845	0.9788426048678343	0.9841894772382849	0.9837870980691577	0.9860272439089995	0.9865257698992884	0.9856912571315908	0.9847701483857686	0.9863825704932926	0.9890371401792412	0.9805116882111229	0.9903909274706778	0.9863601790095679	0.9827562721113217	0.9852933548298389	0.9819328681756232	0.9844775015505706	0.9859321389633192	0.9803798096984637	0.98697033636721
0.9854131156395708	0.9839008257005865	0.9845204453151526	0.985543798772844	0.9853282639876019	0.9844184933199505	0.9797993726384794	0.9778797945727334	0.9856061080673341	0.9834206832133775	0.9862436653521465	1.0	0.9860531281528572	0.989138292850745	0.9746048302953176	0.98306538101572	0.9788143748095104	0.9828926128960623	0.9828470138954636	0.9867671797146068	0.9870336608516782	0.9843394249323884	0.9846666860185521	0.9892618176393349	0.9835764588770805	0.980751500688415	0.983850841058545	0.986024854748267	0.9817722659889078	0.9843493087352436	0.9786926530967704	0.9835118983280101	0.985347557104191	0.9799265112094927	0.9820500536067258
0.9859628427704876	0.9852605607116321	0.9849879480542562	0.9853485932574374	0.985812312326676	0.9850793949115944	0.9796224377261242	0.9771641796533865	0.9867081285369309	0.9844129852851428	0.985798045589154	0.9860531281528572	1.0	0.9850130995686508	0.9743767769998264	0.9836046972208696	0.978553496218336	0.9831698297198832	0.9804919840013178	0.9865916967815277	0.9877258723685061	0.9853745681738514	0.9860438226593209	0.9873813432532653	0.9838435905509257	0.9803801804846723	0.9831922583682383	0.9860922316264992	0.9816275808442853	0.9859886940705926	0.9795968420790255	0.9840986975815448	0.9856066105566229	0.9800951685365478	0.9806961341222715
0.9844887443978914	0.9835208381902344	0.9843046296203446	0.9847040446480051	0.9850040172060299	0.9845006488847716	0.9800656604045521	0.9774748868713746	0.9851301590616356	0.983845880806033	0.9849393961706493	0.989138292850745	0.9850130995686508	1.0	0.9757960804549194	0.9828701652875378	0.9767283211082789	0.9824401873309465	0.9817262575973573	0.9859888194191124	0.9863257174854059	0.9844880767444976	0.98421697399725	0.9892562767323599	0.9826265948088807	0.9808600232350745	0.9824917036721453	0.9862128978777296	0.9812818581596876	0.9840678403032901	0.9781021917465331	0.9835021462881656	0.9846489479420583	0.9793880645131281	0.9805649647643321
0.9751243713329002	0.9752569426179818	0.9757535532402403	0.9747992800109962	0.9763735190006341	0.9759142204258838	0.9737774527777247	0.9697524434839949	0.9774615175775043	0.9746170133297664	0.9753234158841761	0.9746048302953176	0.9743767769998264	0.9757960804549194	1.0	0.9741728557672319	0.9685040709557049	0.9747280276099032	0.9724483184867011	0.9751630526992439	0.9752943660816488	0.9740210048397312	0.9756461089167608	0.9750509707066187	0.9745156359565087	0.9719523518656831	0.9732459319168479	0.9760364733466961	0.9720881341487353	0.9759315180654425	0.9707619736157846	0.9742809584031051	0.9748433277126624	0.9691444887925805	0.9702339237626826
0.9833339107106326	0.9850980740103843	0.9849851887710951	0.9840057081548954	0.9835668289124194	0.9840640262129159	0.9798990531661677	0.9766412806426497	0.9843631713757698	0.9832431065060857	0.984058143154845	0.98306538101572	0.9836046972208696	0.9828701652875378	0.9741728557672319	1.0	0.9770173436946042	0.9821437361527897	0.9792582135919589	0.9835155692000006	0.9839697533188866	0.9841865762624076	0.9829342727090168	0.9836369935068985	0.9810418706277885	0.9782798971377308	0.9811149783073685	0.9846489479420583	0.9809722263434533	0.9843679191948687	0.9782014298543086	0.9843003257893537	0.9850531703660586	0.9800041713329005	0.9790041409637303
0.9781288813713676	0.977930475807065	0.9782944919692182	0.9776232172893575	0.9791113107630097	0.9792868778610032	0.9741891915856571	0.9711786298321504	0.9795788563791307	0.978173062679589	0.9788426048678343	0.9788143748095104	0.978553496218336	0.9767283211082789	0.9685040709557049	0.9770173436946042	1.0	0.9789672391731488	0.9740160577895146	0.9803215598507367	0.9797913362964382	0.9790627989279018	0.9790550572936357	0.9783961018751991	0.9769906742915166	0.9752998761417119	0.9774115084540264	0.9791300091417495	0.9774427963991102	0.9791042415507246	0.9740722487021585	0.9772299171527299	0.9796820241270444	0.9741950379828348	0.9802716948567325
0.9838967348609624	0.9833434933165742	0.9842999129153935	0.9833126383671953	0.9844268712897152	0.9839018354116463	0.9794233006722141	0.9768268984832246	0.9855225981568371	0.9835473197258456	0.9841894772382849	0.9828926128960623	0.9831698297198832	0.9824401873309465	0.9747280276099032	0.9821437361527897	0.9789672391731488	1.0	0.9799098566969906	0.9852594296790707	0.9855345750397245	0.9831602861177533	0.9847616339090496	0.9834999119805881	0.982452713470492	0.980318345020162	0.9819250880806413	0.9845392507093981	0.9812355935575865	0.9840867861640882	0.9786310827486495	0.982471039912864	0.9845561776237264	0.9783009793762661	0.9801908396881184
0.983937285162894	0.9794883180431765	0.979563614247524	0.9795894799615169	0.9819940126793341	0.9811121155004655	0.9781968264711347	0.9758371121250229	0.9812799307327693	0.9790002061513552	0.9837870980691577	0.9828470138954636	0.9804919840013178	0.9817262575973573	0.9724483184867011	0.9792582135919589	0.9740160577895146	0.9799098566969906	1.0	0.9814580410626434	0.9814537768367203	0.9795206823998615	0.9796219000539221	0.9815296624792407	0.9821781032534131	0.9794998402114137	0.9818847941869097	0.9808759209672122	0.9781761833657818	0.9793227979510093	0.9790007694962283	0.9800380706416036	0.9805410059674852	0.9755169940996363	0.9796864232263757
0.9860095129663277	0.9846226545256567	0.9853492955837007	0.9859756202684921	0.9860090702751649	0.9860957110794393	0.9809851975532734	0.978929926456684	0.9861901067153285	0.985181403430109	0.9860272439089995	0.9867671797146068	0.9865916967815277	0.9859888194191124	0.9751630526992439	0.9835155692000006	0.9803215598507367	0.9852594296790707	0.9814580410626434	1.0	0.9973089570249153	0.985569042121821	0.9847896056091124	0.9873101746098257	0.983809639540943	0.9810427586408658	0.9839358028883163	0.9870268082574836	0.9828517698446493	0.9848347246626621	0.980020888427887	0.9845508021658292	0.9864527791383306	0.9806371477024924	0.982091160569817
0.9865798584929832	0.9851421659780942	0.9856611063419916	0.9863710345597124	0.9863411502030159	0.9864200857486631	0.9809371151542532	0.9788142544207723	0.9868470325309229	0.985342519930381	0.9865257698992884	0.9870336608516782	0.9877258723685061	0.9863257174854059	0.9752943660816488	0.9839697533188866	0.9797913362964382	0.9855345750397245	0.9814537768367203	0.9973089570249153	1.0	0.9858454244007406	0.9857142223847659	0.9880455963430126	0.9840261018662974	0.9810220992393808	0.984120387419563	0.9872793327566489	0.9829092649719806	0.9857769041251805	0.9796886304201873	0.9846955055039216	0.9869726422075872	0.9810749691931712	0.9819424043953646
0.9847623247523112	0.9848055454266513	0.9855139435057857	0.985502520624206	0.9847255069423543	0.9848517985407413	0.979233316919621	0.9768297494238198	0.9851099432103977	0.9850334871737454	0.9856912571315908	0.9843394249323884	0.9853745681738514	0.9844880767444976	0.9740210048397312	0.9841865762624076	0.9790627989279018	0.9831602861177533	0.9795206823998615	0.985569042121821	0.9858454244007406	1.0	0.9850965198631377	0.985597136542563	0.983160049680622	0.9799764896210358	0.9828804159285744	0.9859642402946373	0.982405888510358	0.9853791513492556	0.9788157637394304	0.9840756862981644	0.9861065170894475	0.9799030677500842	0.9799961817526085
0.9846508908647787	0.9853127316922734	0.984703381019913	0.9846709258637574	0.9901269310935434	0.9838697824786524	0.9789517919346982	0.9762576901168273	0.9925340545221737	0.984643450186889	0.9847701483857686	0.9846666860185521	0.9860438226593209	0.98421697399725	0.9756461089167608	0.9829342727090168	0.9790550572936357	0.9847616339090496	0.9796219000539221	0.9847896056091124	0.9857142223847659	0.9850965198631377	1.0	0.9858199283306684	0.9837781796263467	0.9882834488895739	0.9828343141741539	0.9859961796844601	0.9824388522473038	0.9865215889501231	0.9778324298015723	0.9838066239036831	0.9857771591729235	0.9789291575156674	0.9808798849034739
0.986300514825825	0.9851496246180915	0.9846221568302006	0.9858686043017815	0.9857239199198304	0.9850878733465533	0.9806398130350438	0.9772627266969817	0.9865313131742883	0.9846917848470016	0.9863825704932926	0.9892618176393349	0.9873813432532653	0.9892562767323599	0.9750509707066187	0.9836369935068985	0.9783961018751991	0.9834999119805881	0.9815296624792407	0.9873101746098257	0.9880455963430126	0.985597136542563	0.9858199283306684	1.0	0.9840207671712254	0.980811039896719	0.9831507564354344	0.9864072176385501	0.9819655849746384	0.985632837973785	0.9795391811797411	0.9838168897550578	0.9856626089974144	0.9807021171402603	0.9814700086038304
0.9891816516800267	0.9828269420572316	0.9826391664779128	0.9841289848274262	0.9844045423744854	0.9832520339729105	0.9793940797841422	0.9762793371096324	0.9841890335664061	0.98239358396864	0.9890371401792412	0.9835764588770805	0.9838435905509257	0.9826265948088807	0.9745156359565087	0.9810418706277885	0.9769906742915166	0.982452713470492	0.9821781032534131	0.983809639540943	0.9840261018662974	0.983160049680622	0.9837781796263467	0.9840207671712254	1.0	0.9805629872748461	0.9866551039872433	0.983815961941962	0.9801379765011415	0.9831171755783332	0.9807013801963861	0.9824819895561543	0.9840222896725422	0.9783647033898795	0.9831197505829067
0.9802925521853886	0.9797770277615991	0.9803673530249749	0.9801151805720126	0.985551701370852	0.980104660997064	0.9787876096370157	0.9767715639463646	0.9878850807955126	0.9799384195632556	0.9805116882111229	0.980751500688415	0.9803801804846723	0.9808600232350745	0.9719523518656831	0.9782798971377308	0.9752998761417119	0.980318345020162	0.9794998402114137	0.9810427586408658	0.9810220992393808	0.9799764896210358	0.9882834488895739	0.980811039896719	0.9805629872748461	1.0	0.9796470868504036	0.9811488846162191	0.9782463255491352	0.9805619159671654	0.9777738535585982	0.980791847039912	0.9807176400012888	0.974593014984523	0.9770976393093896
0.9902172824257948	0.9819990178630169	0.9824335810204269	0.9839105263111186	0.9839137427315899	0.9838527029272767	0.978677617048356	0.9764267037086934	0.9835400839971075	0.9812842205023972	0.9903909274706778	0.983850841058545	0.9831922583682383	0.9824917036721453	0.9732459319168479	0.9811149783073685	0.9774115084540264	0.9819250880806413	0.9818847941869097	0.9839358028883163	0.984120387419563	0.9828804159285744	0.9828343141741539	0.9831507564354344	0.9866551039872433	0.9796470868504036	1.0	0.9830746298375146	0.9796891445629944	0.9826245155646988	0.9803347252915519	0.9822492498055038	0.9827192983892887	0.9772411911258464	0.9852857054948201
0.9859340650069703	0.985961560241001	0.9858036996974111	0.9870451487319954	0.9869498384029259	0.9859086157650289	0.9804686095113471	0.9783037492329733	0.9870748179116575	0.9856494745741693	0.9863601790095679	0.986024854748267	0.9860922316264992	0.9862128978777296	0.9760364733466961	0.9846489479420583	0.9791300091417495	0.9845392507093981	0.9808759209672122	0.9870268082574836	0.9872793327566489	0.9859642402946373	0.9859961796844601	0.9864072176385501	0.983815961941962	0.9811488846162191	0.9830746298375146	1.0	0.9834487277198427	0.9872028107503255	0.9792082501862805	0.9855154715788961	0.9870719650497384	0.9807597658174273	0.981411501995923
0.9820304219316395	0.9815679535865015	0.98227819669748	0.982448219717511	0.9823850332487367	0.9822149368649669	0.9780623527250055	0.9752259046610894	0.9836885249504699	0.9821098413070289	0.9827562721113217	0.9817722659889078	0.9816275808442853	0.9812818581596876	0.9720881341487353	0.9809722263434533	0.9774427963991102	0.9812355935575865	0.9781761833657818	0.9828517698446493	0.9829092649719806	0.982405888510358	0.9824388522473038	0.9819655849746384	0.9801379765011415	0.9782463255491352	0.9796891445629944	0.9834487277198427	1.0	0.981954669410422	0.9774350129025473	0.9818682034052845	0.9832547961841128	0.9780471022796546	0.9794643437002469
0.9851035016339338	0.9861787935488865	0.9853778307468514	0.9851882250864369	0.9863532314308087	0.9850151090008201	0.9804499373332777	0.9767630745136323	0.9868345015832929	0.9845978572650433	0.9852933548298389	0.9843493087352436	0.9859886940705926	0.9840678403032901	0.9759315180654425	0.9843679191948687	0.9791042415507246	0.9840867861640882	0.9793227979510093	0.9848347246626621	0.9857769041251805	0.9853791513492556	0.9865215889501231	0.985632837973785	0.9831171755783332	0.9805619159671654	0.9826245155646988	0.9872028107503255	0.981954669410422	1.0	0.9786042776928968	0.9839924919609918	0.9860419329992733	0.9803192723727633	0.9812264013994122
0.9814946962021238	0.9779732033931616	0.9799959249860647	0.978852048104372	0.9789602296341057	0.9801028040696459	0.9788647131316244	0.9744802856708308	0.9798003294156307	0.9791927003494215	0.9819328681756232	0.9786926530967704	0.9795968420790255	0.9781021917465331	0.9707619736157846	0.9782014298543086	0.9740722487021585	0.9786310827486495	0.9790007694962283	0.980020888427887	0.9796886304201873	0.9788157637394304	0.9778324298015723	0.9795391811797411	0.9807013801963861	0.9777738535585982	0.9803347252915519	0.9792082501862805	0.9774350129025473	0.9786042776928968	1.0	0.9785139147611179	0.9798726259854468	0.9745172711967535	0.9782827068626837
0.9842890994780156	0.9846845452151267	0.9847156846909505	0.9845496963332694	0.9847521473614204	0.9839440421328034	0.9797053721164215	0.9775068906689022	0.9851540173535762	0.9831443076497266	0.9844775015505706	0.9835118983280101	0.9840986975815448	0.9835021462881656	0.9742809584031051	0.9843003257893537	0.9772299171527299	0.982471039912864	0.9800380706416036	0.9845508021658292	0.9846955055039216	0.9840756862981644	0.9838066239036831	0.9838168897550578	0.9824819895561543	0.980791847039912	0.9822492498055038	0.9855154715788961	0.9818682034052845	0.9839924919609918	0.9785139147611179	1.0	0.9847346025227225	0.9805270999194955	0.9802236868041679
0.9857209266287887	0.9855167356638119	0.9862029565931669	0.9856275815545743	0.985952181721908	0.9854794563453491	0.9808919482680811	0.9774066716944709	0.9867118719558111	0.9930679855136482	0.9859321389633192	0.985347557104191	0.9856066105566229	0.9846489479420583	0.9748433277126624	0.9850531703660586	0.9796820241270444	0.9845561776237264	0.9805410059674852	0.9864527791383306	0.9869726422075872	0.9861065170894475	0.9857771591729235	0.9856626089974144	0.9840222896725422	0.9807176400012888	0.9827192983892887	0.9870719650497384	0.9832547961841128	0.9860419329992733	0.9798726259854468	0.9847346025227225	1.0	0.9806021773211674	0.9814949874814508
0.9799071243828024	0.980709392302292	0.9799470444117732	0.9805524915156464	0.9801218166492126	0.9807860226008792	0.9755881712958023	0.9721910921044741	0.9804750140241462	0.9792663189974617	0.9803798096984637	0.9799265112094927	0.9800951685365478	0.9793880645131281	0.9691444887925805	0.9800041713329005	0.9741950379828348	0.9783009793762661	0.9755169940996363	0.9806371477024924	0.9810749691931712	0.9799030677500842	0.9789291575156674	0.9807021171402603	0.9783647033898795	0.974593014984523	0.9772411911258464	0.9807597658174273	0.9780471022796546	0.9803192723727633	0.9745172711967535	0.9805270999194955	0.9806021773211674	1.0	0.9757063469061074
0.9863684218479264	0.9799943473444052	0.9804263125714309	0.9816588258269459	0.9821687707136261	0.9818473254815795	0.976915065899402	0.974271687287482	0.9818451934504175	0.9793712977906037	0.98697033636721	0.9820500536067258	0.9806961341222715	0.9805649647643321	0.9702339237626826	0.9790041409637303	0.9802716948567325	0.9801908396881184	0.9796864232263757	0.982091160569817	0.9819424043953646	0.9799961817526085	0.9808798849034739	0.9814700086038304	0.9831197505829067	0.9770976393093896	0.9852857054948201	0.981411501995923	0.9794643437002469	0.9812264013994122	0.9782827068626837	0.9802236868041679	0.9814949874814508	0.9757063469061074	1.0
