/home/jshaw/scratch/2022_sketched_distance/references/SGB_genome_fastas_part2/4537/BackhedF_2015__SID383_12M__bin.21.fa	/home/jshaw/scratch/2022_sketched_distance/references/SGB_genome_fastas_part2/4537/BackhedF_2015__SID45_12M__bin.3.fa	/home/jshaw/scratch/2022_sketched_distance/references/SGB_genome_fastas_part2/4537/BackhedF_2015__SID45_M__bin.28.fa	/home/jshaw/scratch/2022_sketched_distance/references/SGB_genome_fastas_part2/4537/BackhedF_2015__SID570_12M__bin.15.fa	/home/jshaw/scratch/2022_sketched_distance/references/SGB_genome_fastas_part2/4537/BackhedF_2015__SID635_M__bin.31.fa	/home/jshaw/scratch/2022_sketched_distance/references/SGB_genome_fastas_part2/4537/BackhedF_2015__SID9_M__bin.4.fa	/home/jshaw/scratch/2022_sketched_distance/references/SGB_genome_fastas_part2/4537/CosteaPI_2017__SID713A063-11-90-0__bin.5.fa	/home/jshaw/scratch/2022_sketched_distance/references/SGB_genome_fastas_part2/4537/FengQ_2015__SID31428__bin.14.fa	/home/jshaw/scratch/2022_sketched_distance/references/SGB_genome_fastas_part2/4537/FengQ_2015__SID31446__bin.29.fa	/home/jshaw/scratch/2022_sketched_distance/references/SGB_genome_fastas_part2/4537/FengQ_2015__SID31685__bin.17.fa	/home/jshaw/scratch/2022_sketched_distance/references/SGB_genome_fastas_part2/4537/FengQ_2015__SID530018__bin.43.fa	/home/jshaw/scratch/2022_sketched_distance/references/SGB_genome_fastas_part2/4537/FengQ_2015__SID530026__bin.55.fa	/home/jshaw/scratch/2022_sketched_distance/references/SGB_genome_fastas_part2/4537/FengQ_2015__SID530348__bin.7.fa	/home/jshaw/scratch/2022_sketched_distance/references/SGB_genome_fastas_part2/4537/FengQ_2015__SID530558__bin.38.fa	/home/jshaw/scratch/2022_sketched_distance/references/SGB_genome_fastas_part2/4537/IjazUZ_2017__S151_a_WGS__bin.11.fa	/home/jshaw/scratch/2022_sketched_distance/references/SGB_genome_fastas_part2/4537/KarlssonFH_2013__S424__bin.12.fa	/home/jshaw/scratch/2022_sketched_distance/references/SGB_genome_fastas_part2/4537/KarlssonFH_2013__S526__bin.31.fa	/home/jshaw/scratch/2022_sketched_distance/references/SGB_genome_fastas_part2/4537/KarlssonFH_2013__S561__bin.6.fa	/home/jshaw/scratch/2022_sketched_distance/references/SGB_genome_fastas_part2/4537/LiJ_2014__V1.CD48-0__bin.25.fa	/home/jshaw/scratch/2022_sketched_distance/references/SGB_genome_fastas_part2/4537/LiJ_2014__V1.CD52-0__bin.49.fa	/home/jshaw/scratch/2022_sketched_distance/references/SGB_genome_fastas_part2/4537/LiJ_2014__V1.FI15__bin.17.fa	/home/jshaw/scratch/2022_sketched_distance/references/SGB_genome_fastas_part2/4537/LiJ_2014__V1.FI29__bin.19.fa	/home/jshaw/scratch/2022_sketched_distance/references/SGB_genome_fastas_part2/4537/NielsenHB_2014__O2_UC55_0__bin.28.fa	/home/jshaw/scratch/2022_sketched_distance/references/SGB_genome_fastas_part2/4537/QinJ_2012__DLF013__bin.9.fa	/home/jshaw/scratch/2022_sketched_distance/references/SGB_genome_fastas_part2/4537/VogtmannE_2016__MMRS44197125ST-27-0-0__bin.49.fa	/home/jshaw/scratch/2022_sketched_distance/references/SGB_genome_fastas_part2/4537/XieH_2016__YSZC12003_35519__bin.24.fa	/home/jshaw/scratch/2022_sketched_distance/references/SGB_genome_fastas_part2/4537/XieH_2016__YSZC12003_35712__bin.2.fa	/home/jshaw/scratch/2022_sketched_distance/references/SGB_genome_fastas_part2/4537/XieH_2016__YSZC12003_36390__bin.48.fa	/home/jshaw/scratch/2022_sketched_distance/references/SGB_genome_fastas_part2/4537/XieH_2016__YSZC12003_37138__bin.93.fa	/home/jshaw/scratch/2022_sketched_distance/references/SGB_genome_fastas_part2/4537/ZeeviD_2015__PNP_Main_194__bin.53.fa	/home/jshaw/scratch/2022_sketched_distance/references/SGB_genome_fastas_part2/4537/ZeeviD_2015__PNP_Main_240__bin.47.fa	/home/jshaw/scratch/2022_sketched_distance/references/SGB_genome_fastas_part2/4537/ZellerG_2014__CCIS07648107ST-4-0__bin.39.fa	/home/jshaw/scratch/2022_sketched_distance/references/SGB_genome_fastas_part2/4537/ZellerG_2014__CCIS59132091ST-4-0__bin.21.fa
1.0	0.9807760532900345	0.9697542775965216	0.9709092284247567	0.9818693488004719	0.9826585028233382	0.9713366094773376	0.9513986069485103	0.9790140765370935	0.9810291907992298	0.9759585260395268	0.9619408040285198	0.9672701336450265	0.9822966398110135	0.9810291907992298	0.9694123930284757	0.9818078493386967	0.9712089865695693	0.9756997477019432	0.9813116477320325	0.9822055457786497	0.9814364054368316	0.961712665730632	0.9734058230919498	0.9836043746830055	0.980520940437223	0.969502386814342	0.977399040321868	0.9809660899106013	0.9854731080520931	0.9763246747971138	0.9643487753907124	0.9738282111831774
0.9807760532900345	1.0	0.9936548227346519	0.9851112821179484	0.992974228586852	0.9918256606282453	0.9756309866658672	0.9751574642211526	0.9823688285847205	0.989855583585467	0.9810318283516738	0.9782481321025783	0.9882328922934716	0.9916258401589217	0.9886788445853003	0.969985728624143	0.9907457114919984	0.9916826403015101	0.9833455195567876	0.9896859784608338	0.9909645437956697	0.9899259958762813	0.9721883178343698	0.9908156880953963	0.9806235697486935	0.9894299244884583	0.9705251509191167	0.9813803594732922	0.9908215136956203	0.9826684140958792	0.9800014582114747	0.9915850029186916	0.9877596589219122
0.9697542775965216	0.9936548227346519	1.0	0.9776264767248779	0.9901784578545592	0.9902552734735943	0.9748419760164229	0.955677183214635	0.982955450427302	0.9884956118769714	0.9812850420400484	0.9678805583713804	0.9775135171438116	0.9902040829292442	0.988657078345722	0.973031771020423	0.9894003034651231	0.9802263835068402	0.983556606350422	0.9875098306280341	0.989478950093742	0.9881702855058038	0.9671099137331951	0.9791174841248667	0.9809133004891406	0.9875098306280341	0.9699453345415242	0.9813186281417701	0.9886033440497282	0.9826023045123455	0.979736802567737	0.975086727934914	0.9807770670508227
0.9709092284247567	0.9851112821179484	0.9776264767248779	1.0	0.985321213539975	0.9862157263609417	0.968399488279843	0.9525564318595525	0.9772698980367366	0.9851814084745057	0.9759032977653755	0.9594929593566782	0.9706275905935529	0.9863286666006297	0.9839198984755033	0.9687881122062825	0.9835784087798067	0.9738881306521523	0.9793995835092928	0.9829596151751258	0.9865309864993633	0.9840410024179583	0.9637834598063847	0.9796779980813451	0.975872267451331	0.9828344418750984	0.966215972131668	0.9757789985054628	0.9841616608840321	0.978121153376268	0.9741510609460918	0.9716854681611753	0.977917704402185
0.9818693488004719	0.992974228586852	0.9901784578545592	0.985321213539975	1.0	0.9901737528138079	0.9770170125785012	0.9778419997532543	0.9790748664269804	0.9874114456483428	0.9804370093903179	0.9807794611863841	0.9912381797361638	0.9876197043204973	0.9856779596580407	0.9692093973491427	0.9913067163858705	0.994274723621001	0.9819008820938664	0.9858138264020027	0.9861581250540719	0.9852130603474338	0.9719667102757928	0.9903371655105958	0.9775491124900226	0.9878553447725263	0.9676842302094728	0.9786642049521481	0.9912598280630186	0.9805219786117921	0.979978604234153	0.9916671286058744	0.9874721571178589
0.9826585028233382	0.9918256606282453	0.9902552734735943	0.9862157263609417	0.9901737528138079	1.0	0.9756576921388682	0.9759567346654215	0.9822558647463135	0.99039041889774	0.9830092948513718	0.9789276349263893	0.9874136886785356	0.9916354007880599	0.9901737528138079	0.9698989904782832	0.9884588389468523	0.9909760932311611	0.9834389533688475	0.9884731472261036	0.9914921119297162	0.989348344314364	0.9724084202350616	0.9922868425685709	0.9805892281477501	0.987939557717673	0.9713808581479086	0.9803152371950747	0.9924754245026444	0.9828723305000633	0.979328306342615	0.9926768509983681	0.9895696424031747
0.9713366094773376	0.9756309866658672	0.9748419760164229	0.968399488279843	0.9770170125785012	0.9756576921388682	1.0	0.9560988097186528	0.9829257256476728	0.9773481560206858	0.9680513028563762	0.9704629309199121	0.9618944245763219	0.9762397328708555	0.9750378475989266	0.9731617342973725	0.9765528753478234	0.9665403561978743	0.9723443712401482	0.9760292845697973	0.9770681773674267	0.9767599758199186	0.9588628278407548	0.9762430347467461	0.9736197143427124	0.9758970597516428	0.9707694427918628	0.9822565886976773	0.9758174661149817	0.9749833853249518	0.9805098329863867	0.9638613376320346	0.9670571152590511
0.9513986069485103	0.9751574642211526	0.955677183214635	0.9525564318595525	0.9778419997532543	0.9759567346654215	0.9560988097186528	1.0	0.9747844599202409	0.9772150769651277	0.9683135907155633	0.973532877597003	0.9763816100881386	0.9765112327879959	0.9742688167174001	0.9548558249707213	0.9757918321640914	0.9762514690687597	0.9554833807078154	0.9764788754760053	0.9765112327879959	0.9762840531465966	0.9476274643627496	0.9575413921975594	0.9690546817471812	0.9764464859655427	0.9674696931529967	0.9770564429699246	0.9776551861147322	0.9725979639034642	0.9751237310830048	0.9740867605236168	0.9716728465430339
0.9790140765370935	0.9823688285847205	0.982955450427302	0.9772698980367366	0.9790748664269804	0.9822558647463135	0.9829257256476728	0.9747844599202409	1.0	0.9812045475845932	0.9745010696575507	0.9848098709572496	0.9797220532294192	0.9795178608499443	0.9778336296098304	0.9719314946597257	0.9798818064181034	0.9831430405273949	0.9751017391783384	0.9782481161061515	0.9787329297368647	0.9786468826895512	0.9679467670979595	0.9842356028141962	0.9742044787435339	0.9793832546074546	0.9794300854703648	0.9835556266040492	0.9829462888191798	0.9753301918676289	0.9845941735940181	0.9817672731076557	0.9806351268494057
0.9810291907992298	0.989855583585467	0.9884956118769714	0.9851814084745057	0.9874114456483428	0.99039041889774	0.9773481560206858	0.9772150769651277	0.9812045475845932	1.0	0.9803245308386821	0.9801107838311182	0.985962827340587	0.9907406117402031	0.9857967405324852	0.9702817469218367	0.986017649902582	0.9894981883736249	0.9828010404528158	0.9863535199363923	0.9917303289369973	0.9870862597159115	0.9729059694180342	0.9909210913118079	0.9781042037549252	0.9860323245315166	0.9700661624888581	0.9799041131308058	0.9900684054372956	0.9808456102401968	0.9794661954793328	0.9924373139441179	0.9906196339739293
0.9759585260395268	0.9810318283516738	0.9812850420400484	0.9759032977653755	0.9804370093903179	0.9830092948513718	0.9680513028563762	0.9683135907155633	0.9745010696575507	0.9803245308386821	1.0	0.9721282285070444	0.9772537163505618	0.9819187722443296	0.9794104827536398	0.9621578092072786	0.9805304467029772	0.9813471694439525	0.9742983529120985	0.9806793930250668	0.9819187722443296	0.9803245308386821	0.9642536714719888	0.9841064166669394	0.9745683617354456	0.9796988802945622	0.9699527567047902	0.9729135596779954	0.9815322583846993	0.9757995617877548	0.9718347290691101	0.9837299291568984	0.9845485904290784
0.9619408040285198	0.9782481321025783	0.9678805583713804	0.9594929593566782	0.9807794611863841	0.9789276349263893	0.9704629309199121	0.973532877597003	0.9848098709572496	0.9801107838311182	0.9721282285070444	1.0	0.9785613289615183	0.9795932759711974	0.9775833797248216	0.9685918546493227	0.9793175732089685	0.9796481382557467	0.9665235829357337	0.9811218418866038	0.9792344062946625	0.980326252822145	0.95402499115558	0.9660767179771849	0.9782767291617159	0.9787027030206941	0.9747478951061873	0.9860728492494211	0.9798666703445712	0.9776125656764392	0.9843857534189253	0.9820156972729697	0.9727778643523289
0.9672701336450265	0.9882328922934716	0.9775135171438116	0.9706275905935529	0.9912381797361638	0.9874136886785356	0.9618944245763219	0.9763816100881386	0.9797220532294192	0.985962827340587	0.9772537163505618	0.9785613289615183	1.0	0.9874136886785356	0.9831905556249647	0.9601752936938074	0.9889795272317667	0.9916493355349268	0.9741432827535699	0.9863649070125309	0.9873952506131383	0.9863268248911982	0.9583334021310377	0.9764482147560456	0.9764649313065988	0.98526189139137	0.968835281455912	0.9781219119582836	0.9873768022128881	0.9781708315165464	0.977228567639372	0.9907944573125088	0.9801389031396441
0.9822966398110135	0.9916258401589217	0.9902040829292442	0.9863286666006297	0.9876197043204973	0.9916354007880599	0.9762397328708555	0.9765112327879959	0.9795178608499443	0.9907406117402031	0.9819187722443296	0.9795932759711974	0.9874136886785356	1.0	0.9864049449910074	0.9706718541856638	0.9876575224664536	0.9905826740961537	0.9839304030487183	0.9859967883034761	0.9905210332464581	0.9864170470688287	0.9726270381199047	0.9928375981162305	0.9772040842589276	0.9862437204536808	0.9683779121104586	0.9782154829351475	0.991314210730238	0.9798767000078278	0.9784546702345062	0.9953321245345681	0.9920168364742399
0.9810291907992298	0.9886788445853003	0.988657078345722	0.9839198984755033	0.9856779596580407	0.9901737528138079	0.9750378475989266	0.9742688167174001	0.9778336296098304	0.9857967405324852	0.9794104827536398	0.9775833797248216	0.9831905556249647	0.9864049449910074	1.0	0.9696876184232092	0.9848374142852897	0.987481686878475	0.9810488166869081	0.983472312710939	0.9864049449910074	0.9844144051183903	0.9715832488632968	0.9912352979104481	0.9752022897602177	0.9836909492777877	0.9664034114084444	0.9761032490522814	0.990011930127093	0.9778153067950371	0.9777235717317865	0.9891320742809686	0.9860522926492944
0.9694123930284757	0.969985728624143	0.973031771020423	0.9687881122062825	0.9692093973491427	0.9698989904782832	0.9731617342973725	0.9548558249707213	0.9719314946597257	0.9702817469218367	0.9621578092072786	0.9685918546493227	0.9601752936938074	0.9706718541856638	0.9696876184232092	1.0	0.9693864085128785	0.965812972245921	0.9671473125355421	0.9707444784933822	0.9699860473208661	0.9689036747362876	0.9611646425789755	0.976773836064999	0.967141373759909	0.9691840306863898	0.9606974566047245	0.9732112809065557	0.9702080990273302	0.9668971380412478	0.9710093818143609	0.9670218492221576	0.9662841629638704
0.9818078493386967	0.9907457114919984	0.9894003034651231	0.9835784087798067	0.9913067163858705	0.9884588389468523	0.9765528753478234	0.9757918321640914	0.9798818064181034	0.986017649902582	0.9805304467029772	0.9793175732089685	0.9889795272317667	0.9876575224664536	0.9848374142852897	0.9693864085128785	1.0	0.9930200375260784	0.9810671787600567	0.9854836947647923	0.9868108728027009	0.985587709963764	0.9717115743848025	0.9906038670727184	0.97972249009782	0.9869819544581449	0.9687220838895059	0.9785113799567448	0.9893410012696787	0.9807186160547176	0.978282991018177	0.9903066120745447	0.9868527472758694
0.9712089865695693	0.9916826403015101	0.9802263835068402	0.9738881306521523	0.994274723621001	0.9909760932311611	0.9665403561978743	0.9762514690687597	0.9831430405273949	0.9894981883736249	0.9813471694439525	0.9796481382557467	0.9916493355349268	0.9905826740961537	0.987481686878475	0.965812972245921	0.9930200375260784	1.0	0.9786646774446189	0.9903235477757646	0.990702907257662	0.9898519316227211	0.9627674450953408	0.9794176220184395	0.9815516458804394	0.9897991113368558	0.9732682413354954	0.9816872569808343	0.9909420682977125	0.9827523827281702	0.9813243707446724	0.9912544440987607	0.9835717119858728
0.9756997477019432	0.9833455195567876	0.983556606350422	0.9793995835092928	0.9819008820938664	0.9834389533688475	0.9723443712401482	0.9554833807078154	0.9751017391783384	0.9828010404528158	0.9742983529120985	0.9665235829357337	0.9741432827535699	0.9839304030487183	0.9810488166869081	0.9671473125355421	0.9810671787600567	0.9786646774446189	1.0	0.9818829821593446	0.9827313270988361	0.9874972046349314	0.9677302071806743	0.9861755854501633	0.9738203671282856	0.980455718235618	0.9627771467012559	0.9740943628704489	0.9813120225150317	0.9745459465276858	0.9708446455741259	0.9803806145392636	0.9795042785334366
0.9813116477320325	0.9896859784608338	0.9875098306280341	0.9829596151751258	0.9858138264020027	0.9884731472261036	0.9760292845697973	0.9764788754760053	0.9782481161061515	0.9863535199363923	0.9806793930250668	0.9811218418866038	0.9863649070125309	0.9859967883034761	0.983472312710939	0.9707444784933822	0.9854836947647923	0.9903235477757646	0.9818829821593446	1.0	0.9809100856287266	0.9815299421304672	0.9780864954723707	0.9890539607489376	0.9791607302455854	0.992586802821122	0.967576782266314	0.9791595531780513	0.9880018294301978	0.9739295940790358	0.978719943495453	0.9932095528223999	0.9870726963857162
0.9822055457786497	0.9909645437956697	0.989478950093742	0.9865309864993633	0.9861581250540719	0.9914921119297162	0.9770681773674267	0.9765112327879959	0.9787329297368647	0.9917303289369973	0.9819187722443296	0.9792344062946625	0.9873952506131383	0.9905210332464581	0.9864049449910074	0.9699860473208661	0.9868108728027009	0.990702907257662	0.9827313270988361	0.9809100856287266	1.0	0.9832760711295322	0.9730291729153571	0.9923876643184236	0.9773148211445725	0.9863297864260128	0.9679619019131797	0.978323740620112	0.991123478499253	0.9751281330433936	0.9790765415697632	0.9934630134530545	0.9918117758451657
0.9814364054368316	0.9899259958762813	0.9881702855058038	0.9840410024179583	0.9852130603474338	0.989348344314364	0.9767599758199186	0.9762840531465966	0.9786468826895512	0.9870862597159115	0.9803245308386821	0.980326252822145	0.9863268248911982	0.9864170470688287	0.9844144051183903	0.9689036747362876	0.985587709963764	0.9898519316227211	0.9874972046349314	0.9815299421304672	0.9832760711295322	1.0	0.9719667102757928	0.9906038670727184	0.9766016625183686	0.9852522207399724	0.967431168601235	0.9788065020183624	0.9894130288054808	0.9746718453375872	0.9785116963993339	0.9906255882920915	0.9873636932522007
0.961712665730632	0.9721883178343698	0.9671099137331951	0.9637834598063847	0.9719667102757928	0.9724084202350616	0.9588628278407548	0.9476274643627496	0.9679467670979595	0.9729059694180342	0.9642536714719888	0.95402499115558	0.9583334021310377	0.9726270381199047	0.9715832488632968	0.9611646425789755	0.9717115743848025	0.9627674450953408	0.9677302071806743	0.9780864954723707	0.9730291729153571	0.9719667102757928	1.0	0.9724947144036983	0.9662101253637337	0.9772063366067005	0.9563306475221132	0.966587541057244	0.97086822100071	0.9666250405784048	0.9646944164079009	0.9625849110206297	0.9642536714719888
0.9734058230919498	0.9908156880953963	0.9791174841248667	0.9796779980813451	0.9903371655105958	0.9922868425685709	0.9762430347467461	0.9575413921975594	0.9842356028141962	0.9909210913118079	0.9841064166669394	0.9660767179771849	0.9764482147560456	0.9928375981162305	0.9912352979104481	0.976773836064999	0.9906038670727184	0.9794176220184395	0.9861755854501633	0.9890539607489376	0.9923876643184236	0.9906038670727184	0.9724947144036983	1.0	0.9843963734289521	0.9896881496224689	0.9718413520641433	0.9822422323754212	0.9907099474170876	0.9861147610824711	0.9813392793845808	0.9748553848371664	0.9842356028141962
0.9836043746830055	0.9806235697486935	0.9809133004891406	0.975872267451331	0.9775491124900226	0.9805892281477501	0.9736197143427124	0.9690546817471812	0.9742044787435339	0.9781042037549252	0.9745683617354456	0.9782767291617159	0.9764649313065988	0.9772040842589276	0.9752022897602177	0.967141373759909	0.97972249009782	0.9815516458804394	0.9738203671282856	0.9791607302455854	0.9773148211445725	0.9766016625183686	0.9662101253637337	0.9843963734289521	1.0	0.9776186002958386	0.9645884563272832	0.9758547998828664	0.9805104369536498	0.9806475420212751	0.9749425330675873	0.9835467435909767	0.9781414585852022
0.980520940437223	0.9894299244884583	0.9875098306280341	0.9828344418750984	0.9878553447725263	0.987939557717673	0.9758970597516428	0.9764464859655427	0.9793832546074546	0.9860323245315166	0.9796988802945622	0.9787027030206941	0.98526189139137	0.9862437204536808	0.9836909492777877	0.9691840306863898	0.9869819544581449	0.9897991113368558	0.980455718235618	0.992586802821122	0.9863297864260128	0.9852522207399724	0.9772063366067005	0.9896881496224689	0.9776186002958386	1.0	0.968729882847647	0.9780826211302619	0.9884197087547675	0.9796829295478781	0.9785306829861719	0.9894186789107451	0.9865757264558678
0.969502386814342	0.9705251509191167	0.9699453345415242	0.966215972131668	0.9676842302094728	0.9713808581479086	0.9707694427918628	0.9674696931529967	0.9794300854703648	0.9700661624888581	0.9699527567047902	0.9747478951061873	0.968835281455912	0.9683779121104586	0.9664034114084444	0.9606974566047245	0.9687220838895059	0.9732682413354954	0.9627771467012559	0.967576782266314	0.9679619019131797	0.967431168601235	0.9563306475221132	0.9718413520641433	0.9645884563272832	0.968729882847647	1.0	0.9721105358075184	0.9725079656008607	0.9657331956689151	0.9744298887226545	0.9729446808699228	0.975623121312136
0.977399040321868	0.9813803594732922	0.9813186281417701	0.9757789985054628	0.9786642049521481	0.9803152371950747	0.9822565886976773	0.9770564429699246	0.9835556266040492	0.9799041131308058	0.9729135596779954	0.9860728492494211	0.9781219119582836	0.9782154829351475	0.9761032490522814	0.9732112809065557	0.9785113799567448	0.9816872569808343	0.9740943628704489	0.9791595531780513	0.978323740620112	0.9788065020183624	0.966587541057244	0.9822422323754212	0.9758547998828664	0.9780826211302619	0.9721105358075184	1.0	0.9812198181406536	0.9750481829178946	0.9830111049051936	0.9837038223660864	0.978665113661426
0.9809660899106013	0.9908215136956203	0.9886033440497282	0.9841616608840321	0.9912598280630186	0.9924754245026444	0.9758174661149817	0.9776551861147322	0.9829462888191798	0.9900684054372956	0.9815322583846993	0.9798666703445712	0.9873768022128881	0.991314210730238	0.990011930127093	0.9702080990273302	0.9893410012696787	0.9909420682977125	0.9813120225150317	0.9880018294301978	0.991123478499253	0.9894130288054808	0.97086822100071	0.9907099474170876	0.9805104369536498	0.9884197087547675	0.9725079656008607	0.9812198181406536	1.0	0.9825231307784416	0.980623472900241	0.9914407901085146	0.9873093269832369
0.9854731080520931	0.9826684140958792	0.9826023045123455	0.978121153376268	0.9805219786117921	0.9828723305000633	0.9749833853249518	0.9725979639034642	0.9753301918676289	0.9808456102401968	0.9757995617877548	0.9776125656764392	0.9781708315165464	0.9798767000078278	0.9778153067950371	0.9668971380412478	0.9807186160547176	0.9827523827281702	0.9745459465276858	0.9739295940790358	0.9751281330433936	0.9746718453375872	0.9666250405784048	0.9861147610824711	0.9806475420212751	0.9796829295478781	0.9657331956689151	0.9750481829178946	0.9825231307784416	1.0	0.9764741368334566	0.9829909635516774	0.9808124854174964
0.9763246747971138	0.9800014582114747	0.979736802567737	0.9741510609460918	0.979978604234153	0.979328306342615	0.9805098329863867	0.9751237310830048	0.9845941735940181	0.9794661954793328	0.9718347290691101	0.9843857534189253	0.977228567639372	0.9784546702345062	0.9777235717317865	0.9710093818143609	0.978282991018177	0.9813243707446724	0.9708446455741259	0.978719943495453	0.9790765415697632	0.9785116963993339	0.9646944164079009	0.9813392793845808	0.9749425330675873	0.9785306829861719	0.9744298887226545	0.9830111049051936	0.980623472900241	0.9764741368334566	1.0	0.9798560854914465	0.9779971719479922
0.9643487753907124	0.9915850029186916	0.975086727934914	0.9716854681611753	0.9916671286058744	0.9926768509983681	0.9638613376320346	0.9740867605236168	0.9817672731076557	0.9924373139441179	0.9837299291568984	0.9820156972729697	0.9907944573125088	0.9953321245345681	0.9891320742809686	0.9670218492221576	0.9903066120745447	0.9912544440987607	0.9803806145392636	0.9932095528223999	0.9934630134530545	0.9906255882920915	0.9625849110206297	0.9748553848371664	0.9835467435909767	0.9894186789107451	0.9729446808699228	0.9837038223660864	0.9914407901085146	0.9829909635516774	0.9798560854914465	1.0	0.9886862208382217
0.9738282111831774	0.9877596589219122	0.9807770670508227	0.977917704402185	0.9874721571178589	0.9895696424031747	0.9670571152590511	0.9716728465430339	0.9806351268494057	0.9906196339739293	0.9845485904290784	0.9727778643523289	0.9801389031396441	0.9920168364742399	0.9860522926492944	0.9662841629638704	0.9868527472758694	0.9835717119858728	0.9795042785334366	0.9870726963857162	0.9918117758451657	0.9873636932522007	0.9642536714719888	0.9842356028141962	0.9781414585852022	0.9865757264558678	0.975623121312136	0.978665113661426	0.9873093269832369	0.9808124854174964	0.9779971719479922	0.9886862208382217	1.0
