/home/jshaw/scratch/2022_sketched_distance/references/SGB_genome_fastas_part2/2497/CM_periimplantitis__SP_143SPT_T016__bin.9.fa	/home/jshaw/scratch/2022_sketched_distance/references/SGB_genome_fastas_part2/2497/CM_periimplantitis__SP_283SPI_T016__bin.8.fa	/home/jshaw/scratch/2022_sketched_distance/references/SGB_genome_fastas_part2/2497/CM_periimplantitis__SP_287SPT_T016__bin.1.fa	/home/jshaw/scratch/2022_sketched_distance/references/SGB_genome_fastas_part2/2497/CM_periimplantitis__SP_384SPT_T016__bin.18.fa	/home/jshaw/scratch/2022_sketched_distance/references/SGB_genome_fastas_part2/2497/HMP_2012__SRS011126__bin.24.fa	/home/jshaw/scratch/2022_sketched_distance/references/SGB_genome_fastas_part2/2497/HMP_2012__SRS012285__bin.37.fa	/home/jshaw/scratch/2022_sketched_distance/references/SGB_genome_fastas_part2/2497/HMP_2012__SRS013170__bin.22.fa	/home/jshaw/scratch/2022_sketched_distance/references/SGB_genome_fastas_part2/2497/HMP_2012__SRS014690__bin.18.fa	/home/jshaw/scratch/2022_sketched_distance/references/SGB_genome_fastas_part2/2497/HMP_2012__SRS015278__bin.12.fa	/home/jshaw/scratch/2022_sketched_distance/references/SGB_genome_fastas_part2/2497/HMP_2012__SRS016575__bin.30.fa	/home/jshaw/scratch/2022_sketched_distance/references/SGB_genome_fastas_part2/2497/HMP_2012__SRS016746__bin.52.fa	/home/jshaw/scratch/2022_sketched_distance/references/SGB_genome_fastas_part2/2497/HMP_2012__SRS017139__bin.47.fa	/home/jshaw/scratch/2022_sketched_distance/references/SGB_genome_fastas_part2/2497/HMP_2012__SRS017227__bin.27.fa	/home/jshaw/scratch/2022_sketched_distance/references/SGB_genome_fastas_part2/2497/HMP_2012__SRS017304__bin.33.fa	/home/jshaw/scratch/2022_sketched_distance/references/SGB_genome_fastas_part2/2497/HMP_2012__SRS023358__bin.3.fa	/home/jshaw/scratch/2022_sketched_distance/references/SGB_genome_fastas_part2/2497/HMP_2012__SRS023595__bin.3.fa	/home/jshaw/scratch/2022_sketched_distance/references/SGB_genome_fastas_part2/2497/HMP_2012__SRS023964__bin.31.fa	/home/jshaw/scratch/2022_sketched_distance/references/SGB_genome_fastas_part2/2497/HMP_2012__SRS024087__bin.21.fa	/home/jshaw/scratch/2022_sketched_distance/references/SGB_genome_fastas_part2/2497/HMP_2012__SRS024144__bin.33.fa	/home/jshaw/scratch/2022_sketched_distance/references/SGB_genome_fastas_part2/2497/HMP_2012__SRS024355__bin.37.fa	/home/jshaw/scratch/2022_sketched_distance/references/SGB_genome_fastas_part2/2497/HMP_2012__SRS024649__bin.40.fa	/home/jshaw/scratch/2022_sketched_distance/references/SGB_genome_fastas_part2/2497/HMP_2012__SRS042984__bin.9.fa	/home/jshaw/scratch/2022_sketched_distance/references/SGB_genome_fastas_part2/2497/HMP_2012__SRS043772__bin.17.fa	/home/jshaw/scratch/2022_sketched_distance/references/SGB_genome_fastas_part2/2497/HMP_2012__SRS047634__bin.34.fa	/home/jshaw/scratch/2022_sketched_distance/references/SGB_genome_fastas_part2/2497/HMP_2012__SRS053917__bin.53.fa	/home/jshaw/scratch/2022_sketched_distance/references/SGB_genome_fastas_part2/2497/HMP_2012__SRS063932__bin.5.fa
1.0	0.9727081834010484	0.9731471382867792	0.9727817564007135	0.9662730225696909	0.9620761344222041	0.9645844359523424	0.9655498513986209	0.9709681927255761	0.9654746233105417	0.9668547193719365	0.9711619143018152	0.9675335801039788	0.9662353700679512	0.9710845647412902	0.9639204342810986	0.9650572849730346	0.9713544834977069	0.9750521190215392	0.972075977944886	0.9638202962921233	0.9664278717456065	0.9715840648789261	0.9656820566844098	0.9683766058536477	0.9659844515922464
0.9727081834010484	1.0	0.9898138318682901	0.9760695638477592	0.9737756858710371	0.9681315491035533	0.9794288236840456	0.9725635968010895	0.9750864086413683	0.9737467834063799	0.9737035364076888	0.9730766354413062	0.9733283789540882	0.9769479686907031	0.9784918916590352	0.9715625883477144	0.9743664022093307	0.974141372624292	0.974544160501452	0.9737722957767142	0.9705165804374274	0.975566833169279	0.9744681330436973	0.9730961766736503	0.9758236852364256	0.974575967684051
0.9731471382867792	0.9898138318682901	1.0	0.9765835365183977	0.973552929434374	0.9692266490488457	0.9803777814477694	0.9736969796915053	0.9759453601488446	0.9739912603567233	0.9741721917393539	0.9736724631494801	0.9745627044949359	0.97652629869325	0.9790842881807728	0.9720513788721427	0.9762447811207647	0.973937057609808	0.9751510453970426	0.9746181416009558	0.9713114459478505	0.9754319231155819	0.9753075678831241	0.9735738602482406	0.9760223066325449	0.9742524720347532
0.9727817564007135	0.9760695638477592	0.9765835365183977	1.0	0.9721054640252405	0.9673380244529964	0.9716101912532515	0.9725635968010895	0.974693868843566	0.9730379552823665	0.9730802870539931	0.9745675883879771	0.9727767164061415	0.9752274786268671	0.9770558750330537	0.9708381851315737	0.9678142441267404	0.9739590921546507	0.9756349627696831	0.975194475075707	0.9698193692806641	0.9746797404530897	0.9748676145482517	0.9730220585665347	0.9740214204807853	0.9738892120386132
0.9662730225696909	0.9737756858710371	0.973552929434374	0.9721054640252405	1.0	0.9669197529909892	0.9698470590190009	0.9683833235020192	0.9725311536793021	0.9713567457165045	0.970874792910441	0.973552929434374	0.969684925964634	0.9694402888700084	0.9725311536793021	0.969001357848979	0.9680433112656613	0.9734409752072084	0.9738864934147935	0.9738495995781746	0.9696795475765696	0.9723770035590759	0.9727228162419025	0.9683947396872093	0.9718440625710478	0.9690006816253873
0.9620761344222041	0.9681315491035533	0.9692266490488457	0.9673380244529964	0.9669197529909892	1.0	0.9657982556562263	0.9682078435948676	0.9664376341185006	0.9673747007866871	0.9656196916003522	0.9668265998370854	0.9668725363630866	0.9654482245730938	0.9679661056360266	0.9649808326121342	0.967422478671112	0.9682550774477962	0.9678830646995893	0.9666974656071197	0.9632882885944557	0.9660512604302088	0.9666543056098088	0.9646890563182948	0.9671502025157535	0.9660776124727868
0.9645844359523424	0.9794288236840456	0.9803777814477694	0.9716101912532515	0.9698470590190009	0.9657982556562263	1.0	0.9682078435948676	0.9718769721567588	0.9695971489825083	0.9697704683695286	0.9718009729819375	0.9698071219394031	0.9707623449332716	0.9715335627840885	0.9681668086596855	0.9859542536376448	0.97262731825321	0.9735775076168323	0.9718769721567588	0.9660719838927532	0.9703220235047458	0.9720284377315214	0.9688292581362876	0.9703224484042445	0.9696824497428846
0.9655498513986209	0.9725635968010895	0.9736969796915053	0.9725635968010895	0.9683833235020192	0.9682078435948676	0.9682078435948676	1.0	0.9704999836431125	0.9709880089253553	0.9682078435948676	0.9702944468845951	0.971586736906784	0.9666218433966802	0.9716670201421946	0.9652541690685298	0.9663984487430062	0.9743584830337704	0.9724866108053368	0.9704179255946875	0.9655975871004152	0.9699211565775911	0.9699211565775911	0.966676417538041	0.9703696247282378	0.9700044831866328
0.9709681927255761	0.9750864086413683	0.9759453601488446	0.974693868843566	0.9725311536793021	0.9664376341185006	0.9718769721567588	0.9704999836431125	1.0	0.972386489408585	0.987667623623903	0.9923914430069983	0.9735464437657692	0.9751783636149555	0.9833439023396804	0.9868004345652018	0.9670015236087205	0.973010542285872	0.9755039084850397	0.9935911523847172	0.9708975234606056	0.9926201875529785	0.998295657199486	0.971111785445926	0.9753824011177739	0.9722022563802946
0.9654746233105417	0.9737467834063799	0.9739912603567233	0.9730379552823665	0.9713567457165045	0.9673747007866871	0.9695971489825083	0.9709880089253553	0.972386489408585	1.0	0.9711352581897934	0.9735710227259695	0.9708865912650738	0.9716511775445551	0.9731095390664145	0.9691464181925376	0.9683419004965999	0.973641441259128	0.9742684268118895	0.9735710227259695	0.9673747007866871	0.9717496776138222	0.9728943119915756	0.9697452773563809	0.9722024160487814	0.9706656489592186
0.9668547193719365	0.9737035364076888	0.9741721917393539	0.9730802870539931	0.970874792910441	0.9656196916003522	0.9697704683695286	0.9682078435948676	0.987667623623903	0.9711352581897934	1.0	0.9872864182121815	0.9702913391063781	0.9695574206794677	0.9796896955662667	0.9794358532961703	0.9670337255965071	0.9737035364076888	0.9737760790762496	0.9875727353469288	0.9694821873573112	0.9855393979945626	0.9887166925947974	0.9679299512866999	0.9717086514560879	0.9697240188513127
0.9711619143018152	0.9730766354413062	0.9736724631494801	0.9745675883879771	0.973552929434374	0.9668265998370854	0.9718009729819375	0.9702944468845951	0.9923914430069983	0.9735710227259695	0.9872864182121815	1.0	0.9731638631046807	0.9745330206258118	0.9822699943641198	0.986033652810628	0.9675725713102166	0.9710288942158689	0.9730164463565479	0.9960165540140978	0.9710863264437222	0.9931561613556825	0.9921849497346047	0.9718125286513678	0.9753824011177739	0.9716198501245671
0.9675335801039788	0.9733283789540882	0.9745627044949359	0.9727767164061415	0.969684925964634	0.9668725363630866	0.9698071219394031	0.971586736906784	0.9735464437657692	0.9708865912650738	0.9702913391063781	0.9731638631046807	1.0	0.9598880338467295	0.9732736329827005	0.9664016042565093	0.9676641780644648	0.9739245665717862	0.9739782263405511	0.9738169802125041	0.9665368601163503	0.9727767164061415	0.9733283789540882	0.9699895541943117	0.9700501369097504	0.9696236543081383
0.9662353700679512	0.9769479686907031	0.97652629869325	0.9752274786268671	0.9694402888700084	0.9654482245730938	0.9707623449332716	0.9666218433966802	0.9751783636149555	0.9716511775445551	0.9695574206794677	0.9745330206258118	0.9598880338467295	1.0	0.9747329562675614	0.9629641496203217	0.9678776104519534	0.9749316691153805	0.9988232605718085	0.9757629029070939	0.9684876239125193	0.9712098115576657	0.9762421199419982	0.9684876239125193	0.9643678189493351	0.9683665401049235
0.9710845647412902	0.9784918916590352	0.9790842881807728	0.9770558750330537	0.9725311536793021	0.9679661056360266	0.9715335627840885	0.9716670201421946	0.9833439023396804	0.9731095390664145	0.9796896955662667	0.9822699943641198	0.9732736329827005	0.9747329562675614	1.0	0.9760698328254013	0.9686538983419583	0.9765522110484874	0.977949376803245	0.983446813803421	0.9695835840488923	0.9802021141693712	0.9841079784160707	0.9722714079424936	0.9740635112100532	0.9728121652493539
0.9639204342810986	0.9715625883477144	0.9720513788721427	0.9708381851315737	0.969001357848979	0.9649808326121342	0.9681668086596855	0.9652541690685298	0.9868004345652018	0.9691464181925376	0.9794358532961703	0.986033652810628	0.9664016042565093	0.9629641496203217	0.9760698328254013	1.0	0.9664300139979481	0.9702840393003259	0.9712024128992703	0.9868284933811589	0.9656329806634502	0.984923240556777	0.9875497481076154	0.9645942167360296	0.9649964169786737	0.9677664861235873
0.9650572849730346	0.9743664022093307	0.9762447811207647	0.9678142441267404	0.9680433112656613	0.967422478671112	0.9859542536376448	0.9663984487430062	0.9670015236087205	0.9683419004965999	0.9670337255965071	0.9675725713102166	0.9676641780644648	0.9678776104519534	0.9686538983419583	0.9664300139979481	1.0	0.96880217422795	0.9699866705087447	0.9674104441746968	0.9629992711246722	0.967637459230951	0.9673697847126328	0.9660524266612555	0.9690710600899309	0.9673543444245566
0.9713544834977069	0.974141372624292	0.973937057609808	0.9739590921546507	0.9734409752072084	0.9682550774477962	0.97262731825321	0.9743584830337704	0.973010542285872	0.973641441259128	0.9737035364076888	0.9710288942158689	0.9739245665717862	0.9749316691153805	0.9765522110484874	0.9702840393003259	0.96880217422795	1.0	0.9729863098768183	0.9714766620936208	0.9712740345716141	0.9746451331587155	0.9717793171639274	0.973059138791054	0.9752610042197578	0.996152175432836
0.9750521190215392	0.974544160501452	0.9751510453970426	0.9756349627696831	0.9738864934147935	0.9678830646995893	0.9735775076168323	0.9724866108053368	0.9755039084850397	0.9742684268118895	0.9737760790762496	0.9730164463565479	0.9739782263405511	0.9988232605718085	0.977949376803245	0.9712024128992703	0.9699866705087447	0.9729863098768183	1.0	0.9740078418362372	0.9703244135546591	0.9746104889603834	0.9747890972763869	0.9727986824964111	0.9778698322199636	0.9729252567649268
0.972075977944886	0.9737722957767142	0.9746181416009558	0.975194475075707	0.9738495995781746	0.9666974656071197	0.9718769721567588	0.9704179255946875	0.9935911523847172	0.9735710227259695	0.9875727353469288	0.9960165540140978	0.9738169802125041	0.9757629029070939	0.983446813803421	0.9868284933811589	0.9674104441746968	0.9714766620936208	0.9740078418362372	1.0	0.9705165804374274	0.9938189778566864	0.9932603349941721	0.9720427806397806	0.9752204376401974	0.9723940885200382
0.9638202962921233	0.9705165804374274	0.9713114459478505	0.9698193692806641	0.9696795475765696	0.9632882885944557	0.9660719838927532	0.9655975871004152	0.9708975234606056	0.9673747007866871	0.9694821873573112	0.9710863264437222	0.9665368601163503	0.9684876239125193	0.9695835840488923	0.9656329806634502	0.9629992711246722	0.9712740345716141	0.9703244135546591	0.9705165804374274	1.0	0.9687363921600128	0.9709353722693339	0.9669153529116319	0.9673060774827891	0.9679303515270895
0.9664278717456065	0.975566833169279	0.9754319231155819	0.9746797404530897	0.9723770035590759	0.9660512604302088	0.9703220235047458	0.9699211565775911	0.9926201875529785	0.9717496776138222	0.9855393979945626	0.9931561613556825	0.9727767164061415	0.9712098115576657	0.9802021141693712	0.984923240556777	0.967637459230951	0.9746451331587155	0.9746104889603834	0.9938189778566864	0.9687363921600128	1.0	0.9933524883301696	0.9686173987518971	0.9738101443784195	0.9702187232020222
0.9715840648789261	0.9744681330436973	0.9753075678831241	0.9748676145482517	0.9727228162419025	0.9666543056098088	0.9720284377315214	0.9699211565775911	0.998295657199486	0.9728943119915756	0.9887166925947974	0.9921849497346047	0.9733283789540882	0.9762421199419982	0.9841079784160707	0.9875497481076154	0.9673697847126328	0.9717793171639274	0.9747890972763869	0.9932603349941721	0.9709353722693339	0.9933524883301696	1.0	0.9720427806397806	0.9751391522907764	0.9723174918622022
0.9656820566844098	0.9730961766736503	0.9735738602482406	0.9730220585665347	0.9683947396872093	0.9646890563182948	0.9688292581362876	0.966676417538041	0.971111785445926	0.9697452773563809	0.9679299512866999	0.9718125286513678	0.9699895541943117	0.9684876239125193	0.9722714079424936	0.9645942167360296	0.9660524266612555	0.973059138791054	0.9727986824964111	0.9720427806397806	0.9669153529116319	0.9686173987518971	0.9720427806397806	1.0	0.9696546496922996	0.9685824436076966
0.9683766058536477	0.9758236852364256	0.9760223066325449	0.9740214204807853	0.9718440625710478	0.9671502025157535	0.9703224484042445	0.9703696247282378	0.9753824011177739	0.9722024160487814	0.9717086514560879	0.9753824011177739	0.9700501369097504	0.9643678189493351	0.9740635112100532	0.9649964169786737	0.9690710600899309	0.9752610042197578	0.9778698322199636	0.9752204376401974	0.9673060774827891	0.9738101443784195	0.9751391522907764	0.9696546496922996	1.0	0.9700379361265093
0.9659844515922464	0.974575967684051	0.9742524720347532	0.9738892120386132	0.9690006816253873	0.9660776124727868	0.9696824497428846	0.9700044831866328	0.9722022563802946	0.9706656489592186	0.9697240188513127	0.9716198501245671	0.9696236543081383	0.9683665401049235	0.9728121652493539	0.9677664861235873	0.9673543444245566	0.996152175432836	0.9729252567649268	0.9723940885200382	0.9679303515270895	0.9702187232020222	0.9723174918622022	0.9685824436076966	0.9700379361265093	1.0
