/home/jshaw/scratch/2022_sketched_distance/references/SGB_genome_fastas_part2/3926/BritoIL_2016__M2.44.ST__bin.3.fa	/home/jshaw/scratch/2022_sketched_distance/references/SGB_genome_fastas_part2/3926/CM_madagascar__A04_01_1FE__bin.22.fa	/home/jshaw/scratch/2022_sketched_distance/references/SGB_genome_fastas_part2/3926/CM_madagascar__A09_02_1FE__bin.24.fa	/home/jshaw/scratch/2022_sketched_distance/references/SGB_genome_fastas_part2/3926/CM_madagascar__A13_01_1FE__bin.9.fa	/home/jshaw/scratch/2022_sketched_distance/references/SGB_genome_fastas_part2/3926/CM_madagascar__A28_02_1FE__bin.14.fa	/home/jshaw/scratch/2022_sketched_distance/references/SGB_genome_fastas_part2/3926/CM_madagascar__A36_01_1FE__bin.33.fa	/home/jshaw/scratch/2022_sketched_distance/references/SGB_genome_fastas_part2/3926/CM_madagascar__A62_01_1FE__bin.5.fa	/home/jshaw/scratch/2022_sketched_distance/references/SGB_genome_fastas_part2/3926/CM_madagascar__A68_01_1FE__bin.11.fa	/home/jshaw/scratch/2022_sketched_distance/references/SGB_genome_fastas_part2/3926/CM_madagascar__A70_03_1FE__bin.14.fa	/home/jshaw/scratch/2022_sketched_distance/references/SGB_genome_fastas_part2/3926/CM_madagascar__A83_02_1FE__bin.4.fa	/home/jshaw/scratch/2022_sketched_distance/references/SGB_genome_fastas_part2/3926/CM_madagascar__A92_01_1FE__bin.31.fa	/home/jshaw/scratch/2022_sketched_distance/references/SGB_genome_fastas_part2/3926/CM_madagascar__V30_01_1FE__bin.2.fa	/home/jshaw/scratch/2022_sketched_distance/references/SGB_genome_fastas_part2/3926/CM_madagascar__V40_01_1FE__bin.52.fa	/home/jshaw/scratch/2022_sketched_distance/references/SGB_genome_fastas_part2/3926/CM_madagascar__V53_02_1FE__bin.13.fa	/home/jshaw/scratch/2022_sketched_distance/references/SGB_genome_fastas_part2/3926/FengQ_2015__SID31275__bin.63.fa	/home/jshaw/scratch/2022_sketched_distance/references/SGB_genome_fastas_part2/3926/FengQ_2015__SID31276__bin.37.fa	/home/jshaw/scratch/2022_sketched_distance/references/SGB_genome_fastas_part2/3926/FengQ_2015__SID31333__bin.34.fa	/home/jshaw/scratch/2022_sketched_distance/references/SGB_genome_fastas_part2/3926/FengQ_2015__SID31360__bin.3.fa	/home/jshaw/scratch/2022_sketched_distance/references/SGB_genome_fastas_part2/3926/FengQ_2015__SID31416__bin.1.fa	/home/jshaw/scratch/2022_sketched_distance/references/SGB_genome_fastas_part2/3926/FengQ_2015__SID31477__bin.73.fa	/home/jshaw/scratch/2022_sketched_distance/references/SGB_genome_fastas_part2/3926/FengQ_2015__SID31549__bin.70.fa	/home/jshaw/scratch/2022_sketched_distance/references/SGB_genome_fastas_part2/3926/FengQ_2015__SID31685__bin.11.fa	/home/jshaw/scratch/2022_sketched_distance/references/SGB_genome_fastas_part2/3926/FengQ_2015__SID31750__bin.100.fa	/home/jshaw/scratch/2022_sketched_distance/references/SGB_genome_fastas_part2/3926/FengQ_2015__SID31871__bin.57.fa	/home/jshaw/scratch/2022_sketched_distance/references/SGB_genome_fastas_part2/3926/FengQ_2015__SID530026__bin.44.fa	/home/jshaw/scratch/2022_sketched_distance/references/SGB_genome_fastas_part2/3926/FengQ_2015__SID530054__bin.41.fa	/home/jshaw/scratch/2022_sketched_distance/references/SGB_genome_fastas_part2/3926/FengQ_2015__SID530168__bin.24.fa	/home/jshaw/scratch/2022_sketched_distance/references/SGB_genome_fastas_part2/3926/FengQ_2015__SID530323__bin.3.fa	/home/jshaw/scratch/2022_sketched_distance/references/SGB_genome_fastas_part2/3926/FengQ_2015__SID531128__bin.35.fa	/home/jshaw/scratch/2022_sketched_distance/references/SGB_genome_fastas_part2/3926/LiSS_2016__FAT_010-22-0-0__bin.53.fa	/home/jshaw/scratch/2022_sketched_distance/references/SGB_genome_fastas_part2/3926/LiSS_2016__FAT_010-22-14-0__bin.14.fa	/home/jshaw/scratch/2022_sketched_distance/references/SGB_genome_fastas_part2/3926/LiSS_2016__FAT_010-22-2-0__bin.88.fa	/home/jshaw/scratch/2022_sketched_distance/references/SGB_genome_fastas_part2/3926/Obregon-TitoAJ_2015__SM29__bin.49.fa	/home/jshaw/scratch/2022_sketched_distance/references/SGB_genome_fastas_part2/3926/SchirmerM_2016__G89058__bin.17.fa	/home/jshaw/scratch/2022_sketched_distance/references/SGB_genome_fastas_part2/3926/VogtmannE_2016__MMRS72980899ST-27-0-0__bin.62.fa	/home/jshaw/scratch/2022_sketched_distance/references/SGB_genome_fastas_part2/3926/XieH_2016__YSZC12003_35577__bin.32.fa	/home/jshaw/scratch/2022_sketched_distance/references/SGB_genome_fastas_part2/3926/XieH_2016__YSZC12003_35707__bin.64.fa	/home/jshaw/scratch/2022_sketched_distance/references/SGB_genome_fastas_part2/3926/XieH_2016__YSZC12003_36157__bin.8.fa	/home/jshaw/scratch/2022_sketched_distance/references/SGB_genome_fastas_part2/3926/XieH_2016__YSZC12003_36244__bin.35.fa	/home/jshaw/scratch/2022_sketched_distance/references/SGB_genome_fastas_part2/3926/XieH_2016__YSZC12003_36533__bin.2.fa	/home/jshaw/scratch/2022_sketched_distance/references/SGB_genome_fastas_part2/3926/ZellerG_2014__CCIS16383318ST-4-0__bin.46.fa	/home/jshaw/scratch/2022_sketched_distance/references/SGB_genome_fastas_part2/3926/ZellerG_2014__CCIS33816588ST-4-0__bin.48.fa	/home/jshaw/scratch/2022_sketched_distance/references/SGB_genome_fastas_part2/3926/ZellerG_2014__CCIS41806458ST-4-0__bin.8.fa	/home/jshaw/scratch/2022_sketched_distance/references/SGB_genome_fastas_part2/3926/ZellerG_2014__CCIS63468405ST-4-0__bin.56.fa	/home/jshaw/scratch/2022_sketched_distance/references/SGB_genome_fastas_part2/3926/ZellerG_2014__CCIS77252613ST-4-0__bin.65.fa	/home/jshaw/scratch/2022_sketched_distance/references/SGB_genome_fastas_part2/3926/ZellerG_2014__CCMD86114146ST-21-0__bin.41.fa
1.0	0.9756312175478697	0.963768766852328	0.976413057946546	0.9797482808814283	0.9647192090539892	0.9768798604283446	0.9741953514959448	0.9742043012066824	0.9737205028071377	0.9692672663334879	0.9712581816594079	0.9700603753363091	0.9747639171816366	0.9706899186195357	0.9629777668280551	0.9716398253458	0.9744767201463589	0.9704131431653288	0.9707226342753719	0.9712494818749565	0.9741429225485936	0.9752017956111386	0.9697897262955125	0.9655770299477823	0.9732642157151196	0.9699527388491127	0.9714164884460489	0.9688334542056647	0.9694998518049601	0.9716351231048193	0.9695577121033718	0.9718196956019036	0.9729759127232422	0.9669328877060692	0.9729296633711589	0.9717050763541352	0.9694169960396808	0.9708351123201557	0.9707488095668518	0.9714545426802615	0.9695795330748287	0.9632942435475393	0.9730501758463688	0.9735909325785584	0.972259990283618
0.9756312175478697	1.0	0.9655415181480315	0.979198431520815	0.9792816362424325	0.9691850854432815	0.9785545375285084	0.9763628176108072	0.9788130448268917	0.9933595766839363	0.972953468129273	0.9734987567765314	0.9730929758197805	0.9790990758726121	0.9730924386111128	0.964189681489785	0.974448419834161	0.975452116791784	0.97332748891111	0.973085292170587	0.9749580736022243	0.976569130350095	0.977664309030052	0.9723091116507284	0.9692893920223599	0.9756961899452952	0.9715572879382437	0.9756184894416924	0.9715862474119166	0.972107939289864	0.9730962454779349	0.9710196056792241	0.9752812257132308	0.9750495704453472	0.9708523907775969	0.9758403897408565	0.9735335888604821	0.9723621078194391	0.9724082720006787	0.9733774202223526	0.9754118822932963	0.9730316932932906	0.9655294482754101	0.9759206964645192	0.9763697826441337	0.9755142889383589
0.963768766852328	0.9655415181480315	1.0	0.9637755755640591	0.965782749683499	0.9592074173183005	0.9672425628933129	0.9789196726105875	0.9635674997244731	0.9647381207423541	0.9439581765111889	0.9749195268123487	0.9549351718886312	0.9657474738636038	0.9601605592639899	0.9544689714203409	0.9609630325727703	0.9634958533497506	0.9580820078548865	0.9604525544505484	0.9599953758647414	0.9659844172796961	0.964227487938709	0.9621557692341534	0.9548789496079891	0.9639819447869667	0.9599892440308679	0.962285171194837	0.9594469342368793	0.9572358598982452	0.9604665968213159	0.9584360623326846	0.9613651922705986	0.9626296516166003	0.9595070361045164	0.9625879612238696	0.9625677593659279	0.960754264659472	0.9611656024252161	0.9620108307687977	0.9629175612363811	0.9601960911790959	0.955649906477218	0.9636118480487447	0.9631860398422324	0.9615900087346516
0.976413057946546	0.979198431520815	0.9637755755640591	1.0	0.9786306348158297	0.9667265075152367	0.9769835997924563	0.9765788870060377	0.981217766199445	0.9770364397978428	0.9829411970915688	0.9724825538418138	0.9729350953158982	0.9831782898091942	0.9724055481972964	0.9660776868639449	0.972598906869887	0.9745884461481793	0.9726782344366978	0.9718864595295326	0.973599522511919	0.9747597302271279	0.9758310817228855	0.9717577719435019	0.9686719244913959	0.9745061449782901	0.9690527288815564	0.9724007311014856	0.970966876848609	0.9710160002415082	0.9724447664907456	0.9700788885410053	0.9736151457692311	0.9738861556462012	0.9697589179011616	0.9738111343275161	0.9724059139933584	0.9721434990123365	0.9707413786278516	0.9721761057916211	0.9736362052460369	0.9715086889909519	0.9652207443359798	0.9750433330173113	0.9751817617622064	0.9739801314020944
0.9797482808814283	0.9792816362424325	0.965782749683499	0.9786306348158297	1.0	0.9655990403361447	0.9783124338183571	0.975156426800281	0.9763895310349403	0.9780549108711722	0.9724003855952784	0.9730882181142785	0.970773933193925	0.977250020875049	0.9719403774391652	0.9628725788155258	0.9735065823522907	0.9755596945952546	0.971685786023628	0.9718840961913091	0.97364301728411	0.9754973269361537	0.9761715846982756	0.970558647345496	0.9669590694960045	0.9749518990555136	0.9710287048864584	0.9740235146115702	0.9703537427776782	0.9703297351480885	0.9724895408534593	0.969765797158156	0.9733217825966056	0.9750591320941845	0.9680799672288357	0.9746521813741549	0.9733961244509813	0.9722615732287182	0.9717153466682118	0.9731150454643228	0.9741455072132678	0.971134659729188	0.9636919687415819	0.9750987979668994	0.974989019756705	0.9743275188705572
0.9647192090539892	0.9691850854432815	0.9592074173183005	0.9667265075152367	0.9655990403361447	1.0	0.9688469240921297	0.9639046321390888	0.968842961738695	0.9706955701179049	0.9625959117065025	0.963415555734246	0.9659416333435823	0.9674563254622353	0.9647121718316582	0.9596169107353163	0.9639435933165655	0.9637106544347118	0.9642419711828003	0.9618861172148329	0.962053805971611	0.9642928088291939	0.9653493641794826	0.9636534973455532	0.9623343244017329	0.9625621520766315	0.9634208646164562	0.9643684829794756	0.9621298724742317	0.9617363668632061	0.9616931564810883	0.9603381613441756	0.9631222269169308	0.962812278518986	0.9622310110507468	0.962158711934596	0.9629965903968013	0.9601058061596719	0.961560490558606	0.9617544698132208	0.9627329203056535	0.9605276321129457	0.957305039829952	0.9636836510327348	0.9639486902237087	0.9622362012108167
0.9768798604283446	0.9785545375285084	0.9672425628933129	0.9769835997924563	0.9783124338183571	0.9688469240921297	1.0	0.9758486005680919	0.9766525033676711	0.9773393367571236	0.9715840935037258	0.9741801444251308	0.9738577607636202	0.9777299150985257	0.9740387058459288	0.9660488161849854	0.9756458710468324	0.9761616748887921	0.9745536530145409	0.9742670782788718	0.9742392160942314	0.9768187237173954	0.9777744568206089	0.9730488408370832	0.9714932954809775	0.9761323443023201	0.9736506225616646	0.9759486321445621	0.9730001068385238	0.9730379552823665	0.9747950431997479	0.9726571291645542	0.9753119062695652	0.9758522743787246	0.9712960376420124	0.9754065650455157	0.9751875069122268	0.9732671711684966	0.9740229929212301	0.9736430971065128	0.976304700717846	0.9724777684970132	0.9658917140439875	0.9761595710509687	0.9764207799867723	0.9768370105797546
0.9741953514959448	0.9763628176108072	0.9789196726105875	0.9765788870060377	0.975156426800281	0.9639046321390888	0.9758486005680919	1.0	0.9757807735688663	0.9761331820331535	0.9692359585310767	0.9696377254015405	0.9701963513210039	0.9754364536347745	0.9698537465882466	0.9624088058282412	0.9712605207211926	0.972003578757782	0.9704370199674552	0.9701559793988404	0.9718463204233418	0.9728830588656029	0.973761291029094	0.9693785886761985	0.9674722267344391	0.9729005419891096	0.9696630676382626	0.9717702224609678	0.9697610289350194	0.969251779052897	0.9708544959464542	0.9684479433301095	0.9723238294306719	0.9731826351572901	0.968540319312846	0.9726015520534871	0.9702418738977897	0.9710350036212879	0.9699309028521782	0.9704795216083257	0.9713295388346228	0.9688458779804424	0.9628046814417272	0.9725871117343406	0.9729981231974767	0.9706332905848298
0.9742043012066824	0.9788130448268917	0.9635674997244731	0.981217766199445	0.9763895310349403	0.968842961738695	0.9766525033676711	0.9757807735688663	1.0	0.9768186475425885	0.9726111473228766	0.9713327661375012	0.9711549861532471	0.981990729803407	0.971915064948917	0.964425452148869	0.971984162967717	0.9739791895710516	0.9721096078386077	0.9711655631286348	0.9732870261019771	0.9739716380009665	0.9756709071242476	0.9694903534846724	0.9682243661511621	0.9740195556035666	0.9703116190328466	0.9732060171699353	0.9710287589330874	0.9697492168557565	0.971459304764782	0.9692110197362043	0.9733076911561012	0.9735358598887005	0.969003704934979	0.9737607752516325	0.9729871869699842	0.9710574851940337	0.9709534365428112	0.9717184563753424	0.9730110629025508	0.9698017198036576	0.9637182238724958	0.9743029868508671	0.9749967704813944	0.9743523527651601
0.9737205028071377	0.9933595766839363	0.9647381207423541	0.9770364397978428	0.9780549108711722	0.9706955701179049	0.9773393367571236	0.9761331820331535	0.9768186475425885	1.0	0.9718181419873333	0.9713298404621254	0.9736636916665762	0.9768617859798469	0.9724690012488818	0.9659886224621559	0.9737208733425042	0.9744247301786889	0.9732784521250575	0.9722240222140531	0.9738207099155157	0.9760000398889966	0.9768102302196038	0.9719748143072007	0.9689889292572224	0.9743394925867962	0.9710464169549466	0.9744171932084459	0.9712385567524571	0.970996986943038	0.9720635725333058	0.9698685606133151	0.9742402326558737	0.9744529383999576	0.9711603078069286	0.9752782907225787	0.9733157250696253	0.9718882647702489	0.9719039539903513	0.9721337107115601	0.9740994912961927	0.9720310627560281	0.9664468695518325	0.9760166207599569	0.9753332197494393	0.9733245892349143
0.9692672663334879	0.972953468129273	0.9439581765111889	0.9829411970915688	0.9724003855952784	0.9625959117065025	0.9715840935037258	0.9692359585310767	0.9726111473228766	0.9718181419873333	1.0	0.9592867793274926	0.9681056577617152	0.976333462146058	0.965230384741857	0.9597047205587257	0.9652278734185589	0.9687554540730604	0.9662170413094617	0.9651256403484018	0.9665987721315681	0.9677579846915144	0.9693179193687663	0.9632075192681969	0.964030557962144	0.9668765460872801	0.9640643704610605	0.9687496280263878	0.9656373197289034	0.9654831041341343	0.9654794958901327	0.9639486902237087	0.9671635992011693	0.9674277202780279	0.9627199131689896	0.9678155133009094	0.9650574031322701	0.9662179799619177	0.9636518786704453	0.9646053032014432	0.9664969986199882	0.9636426585277174	0.9582117456639558	0.9684524516393679	0.9675944203688751	0.9662648842372671
0.9712581816594079	0.9734987567765314	0.9749195268123487	0.9724825538418138	0.9730882181142785	0.963415555734246	0.9741801444251308	0.9696377254015405	0.9713327661375012	0.9713298404621254	0.9592867793274926	1.0	0.9770535117781064	0.9722762081553001	0.966396006394209	0.9625541195811366	0.9680712504970758	0.9711800820010764	0.9647374511635137	0.9681795811164804	0.9666084996663302	0.971174540423646	0.9720483011396559	0.9679828359874604	0.9632053509501366	0.9701973219801656	0.9666485038570114	0.9699561971715052	0.9662879445446025	0.9646942579274583	0.9673387934954047	0.9652793426979521	0.9689144471697808	0.9695114681668118	0.9648303701583588	0.968872903650505	0.968744229035182	0.9663050043955802	0.9680563688794678	0.9682752416576537	0.9700536923403204	0.9667624056179959	0.9635150326647681	0.9705340831654781	0.9694422056596693	0.9704105814761832
0.9700603753363091	0.9730929758197805	0.9549351718886312	0.9729350953158982	0.970773933193925	0.9659416333435823	0.9738577607636202	0.9701963513210039	0.9711549861532471	0.9736636916665762	0.9681056577617152	0.9770535117781064	1.0	0.9706440915575945	0.9663656479943745	0.9616705163091097	0.9685032816305957	0.9687970630164612	0.9694769941082587	0.9675309107978509	0.968354570886337	0.9689856501358148	0.9701842020781557	0.9677349124466548	0.9679618789065567	0.9682236945572782	0.9682833395229261	0.9689794270367104	0.9683584083041884	0.9670234138364152	0.9678766292435047	0.9663273035388016	0.9677447750280732	0.9679334612372142	0.9630358094340005	0.968538398840452	0.9680618282698413	0.9672764390636749	0.9678338122104746	0.9677472336952078	0.9681143596766805	0.966030659200513	0.9580957934866817	0.9683684595286413	0.9714148322536095	0.9685305260806331
0.9747639171816366	0.9790990758726121	0.9657474738636038	0.9831782898091942	0.977250020875049	0.9674563254622353	0.9777299150985257	0.9754364536347745	0.981990729803407	0.9768617859798469	0.976333462146058	0.9722762081553001	0.9706440915575945	1.0	0.9723624508243622	0.9654348938272778	0.9738232861665873	0.9756935900375047	0.9723703582932441	0.972576154849982	0.974645353704037	0.9755589987648757	0.9762944597390244	0.970745200534203	0.9669011863913887	0.9753639678050359	0.9704486392015456	0.975433078484851	0.9690577970945303	0.9704698692989036	0.9726172149947006	0.9705131312656604	0.9748005372662931	0.974158247125962	0.9695636599596209	0.9751762363228325	0.9744402262226605	0.9714260787048652	0.9719975014566627	0.9725461231244823	0.9743456549799044	0.9717210708260947	0.9639200128802315	0.9755422909392408	0.9750624471977102	0.9740074186265839
0.9706899186195357	0.9730924386111128	0.9601605592639899	0.9724055481972964	0.9719403774391652	0.9647121718316582	0.9740387058459288	0.9698537465882466	0.971915064948917	0.9724690012488818	0.965230384741857	0.966396006394209	0.9663656479943745	0.9723624508243622	1.0	0.9703293584494989	0.977825928742897	0.9765242143410541	0.9773368739960664	0.9724750385012915	0.9768129803416141	0.9767176255116596	0.9775522714703012	0.9766680573802639	0.9742746608584285	0.9756312175478697	0.9747802278403099	0.9778273851592373	0.9763268747014074	0.9717766849608906	0.9722733275999182	0.9706645119120765	0.9744352414398132	0.9777504942553418	0.9725664195794868	0.9756629919449177	0.9766995299720993	0.9734417529203416	0.9721688055052007	0.9714514883531881	0.9741136182697709	0.9706759647206542	0.9669897636056187	0.9790502813851294	0.9760865523367663	0.9781839177048971
0.9629777668280551	0.964189681489785	0.9544689714203409	0.9660776868639449	0.9628725788155258	0.9596169107353163	0.9660488161849854	0.9624088058282412	0.964425452148869	0.9659886224621559	0.9597047205587257	0.9625541195811366	0.9616705163091097	0.9654348938272778	0.9703293584494989	1.0	0.9716573602147608	0.9685343025476217	0.9716510827408184	0.9649126842210576	0.9705739866612276	0.9675466257102914	0.9692397558053234	0.9719552204857478	0.9682455391754408	0.9675731812409359	0.967866856321352	0.9712636332713359	0.9690829682736856	0.9635524111873977	0.9643288190208814	0.9634778513106819	0.9658386812264558	0.9690595657261329	0.9651093203168738	0.9689793405796044	0.9692268295657575	0.9693833547682449	0.9634258901943236	0.963467849612837	0.9652686616508056	0.9645771155173258	0.9623389065936668	0.9711201109897131	0.966970594059486	0.9698206063444416
0.9716398253458	0.974448419834161	0.9609630325727703	0.972598906869887	0.9735065823522907	0.9639435933165655	0.9756458710468324	0.9712605207211926	0.971984162967717	0.9737208733425042	0.9652278734185589	0.9680712504970758	0.9685032816305957	0.9738232861665873	0.977825928742897	0.9716573602147608	1.0	0.9777022287267918	0.9772970276758816	0.9739437655858596	0.9789618188047531	0.9771353399252513	0.9794000167401279	0.9777251333319917	0.9743946751283823	0.9786454236906875	0.9760521821630962	0.9805098187693483	0.9765243013164226	0.9733208396796932	0.9747281982403614	0.9721941250122696	0.9756608704852016	0.9795796445466135	0.9729885111270481	0.9781071167723094	0.9788369909506087	0.9761520490315106	0.9742303536957078	0.97455534517895	0.9752602281883362	0.973139315470383	0.9691268619956378	0.9800474359644833	0.9780916673212636	0.9793722567382019
0.9744767201463589	0.975452116791784	0.9634958533497506	0.9745884461481793	0.9755596945952546	0.9637106544347118	0.9761616748887921	0.972003578757782	0.9739791895710516	0.9744247301786889	0.9687554540730604	0.9711800820010764	0.9687970630164612	0.9756935900375047	0.9765242143410541	0.9685343025476217	0.9777022287267918	1.0	0.9759629612354535	0.9745416550783457	0.9778793677134779	0.9773643254184795	0.9804330527928156	0.9747760822136007	0.9717391920493587	0.9781496330191154	0.9755864518109736	0.9792775030402129	0.9741488916509292	0.9725269434551109	0.9746686206996232	0.9720346765668771	0.9774254782299925	0.9797403493676771	0.9717034535817953	0.98026581754693	0.978204534420968	0.9758689853186685	0.9738652123591511	0.9746294783145145	0.9776821574354412	0.9734736816660086	0.9678127467675118	0.9803683599106767	0.9785075410985261	0.9782428870012712
0.9704131431653288	0.97332748891111	0.9580820078548865	0.9726782344366978	0.971685786023628	0.9642419711828003	0.9745536530145409	0.9704370199674552	0.9721096078386077	0.9732784521250575	0.9662170413094617	0.9647374511635137	0.9694769941082587	0.9723703582932441	0.9773368739960664	0.9716510827408184	0.9772970276758816	0.9759629612354535	1.0	0.9714316496425713	0.9773387592642936	0.9755496892934825	0.9775391253694021	0.9770060824939586	0.9726113530974786	0.9744809124313016	0.9747365153887373	0.9767459175974611	0.9763556543353278	0.9713604828682589	0.9723805415256527	0.9706551998366745	0.9739600821799967	0.9763608755291836	0.9718028027112878	0.9755338964941181	0.9771731754098976	0.9729165965475095	0.9709946487613794	0.9713702927407153	0.9735133158298919	0.9701454839226055	0.9644044860735211	0.9775445052574134	0.9756980611407677	0.977167316451112
0.9707226342753719	0.973085292170587	0.9604525544505484	0.9718864595295326	0.9718840961913091	0.9618861172148329	0.9742670782788718	0.9701559793988404	0.9711655631286348	0.9722240222140531	0.9651256403484018	0.9681795811164804	0.9675309107978509	0.972576154849982	0.9724750385012915	0.9649126842210576	0.9739437655858596	0.9745416550783457	0.9714316496425713	1.0	0.9737313774640963	0.974663564226653	0.9757237150845087	0.9718187760109871	0.9702616720659539	0.9738537009646108	0.9716878355274041	0.9732159687880615	0.9701517887673662	0.9893029149372228	0.9910113329521341	0.9894152885130393	0.9720423270269833	0.9737905828749448	0.9684521677196434	0.9747927621457312	0.9725153123341256	0.9730346091635883	0.9896090314950698	0.9897002311287201	0.9725663236007157	0.9903565254168616	0.9633368626662779	0.9750927935512583	0.9747739706850225	0.9744295650649346
0.9712494818749565	0.9749580736022243	0.9599953758647414	0.973599522511919	0.97364301728411	0.962053805971611	0.9742392160942314	0.9718463204233418	0.9732870261019771	0.9738207099155157	0.9665987721315681	0.9666084996663302	0.968354570886337	0.974645353704037	0.9768129803416141	0.9705739866612276	0.9789618188047531	0.9778793677134779	0.9773387592642936	0.9737313774640963	1.0	0.9781109700112633	0.9798658268225785	0.9756290653453891	0.9734309042772483	0.9778239636414642	0.976480423393327	0.9796021528215422	0.9756398563337871	0.9729924482612988	0.9741119476964817	0.9720751577689677	0.9762478072240173	0.9783598211273817	0.9717253947512586	0.9782027358488526	0.9774055712903259	0.9750645393043049	0.9727264066456773	0.9735456749661687	0.9757904501195721	0.9721785011447328	0.9664668345100109	0.9793863356471122	0.9772311474966979	0.9786333305488868
0.9741429225485936	0.976569130350095	0.9659844172796961	0.9747597302271279	0.9754973269361537	0.9642928088291939	0.9768187237173954	0.9728830588656029	0.9739716380009665	0.9760000398889966	0.9677579846915144	0.971174540423646	0.9689856501358148	0.9755589987648757	0.9767176255116596	0.9675466257102914	0.9771353399252513	0.9773643254184795	0.9755496892934825	0.974663564226653	0.9781109700112633	1.0	0.9799085814055927	0.9767018911685383	0.9720669857332269	0.9782321964931351	0.9758251507961175	0.9788790086645693	0.9739997087510426	0.9741198292566832	0.9755284345944844	0.9734001363170647	0.9767534976475463	0.9782885433624657	0.9726796213914546	0.9784136470430422	0.9781451821613535	0.9753406735411932	0.9750004248783853	0.9744663332821863	0.9776531221542095	0.974319772022281	0.9683890101245214	0.9810562295283015	0.9787049705489392	0.979267545344766
0.9752017956111386	0.977664309030052	0.964227487938709	0.9758310817228855	0.9761715846982756	0.9653493641794826	0.9777744568206089	0.973761291029094	0.9756709071242476	0.9768102302196038	0.9693179193687663	0.9720483011396559	0.9701842020781557	0.9762944597390244	0.9775522714703012	0.9692397558053234	0.9794000167401279	0.9804330527928156	0.9775391253694021	0.9757237150845087	0.9798658268225785	0.9799085814055927	1.0	0.9765198126268966	0.9733125183672771	0.9800329498600179	0.9768132735011009	0.980273982710656	0.9758023985187585	0.9742404054942034	0.9761157649911752	0.9738399280242246	0.9780072876522602	0.9797330830463793	0.9738029600400603	0.9801368883306908	0.9792504329094381	0.9769490735474423	0.9760540862836238	0.9757517515105398	0.9784060953173535	0.9752641746309549	0.9686807474695562	0.9806637047641182	0.9790180043929181	0.9805160076127479
0.9697897262955125	0.9723091116507284	0.9621557692341534	0.9717577719435019	0.970558647345496	0.9636534973455532	0.9730488408370832	0.9693785886761985	0.9694903534846724	0.9719748143072007	0.9632075192681969	0.9679828359874604	0.9677349124466548	0.970745200534203	0.9766680573802639	0.9719552204857478	0.9777251333319917	0.9747760822136007	0.9770060824939586	0.9718187760109871	0.9756290653453891	0.9767018911685383	0.9765198126268966	1.0	0.9736986422933186	0.974466213856414	0.9754071599826465	0.9780682957434509	0.9775242110204907	0.9713380325935849	0.9716894730636972	0.9708055320832799	0.9729822173371877	0.9754789294748103	0.9715341169308571	0.9744400750608067	0.9746454348560608	0.9741516774363176	0.9710817544402959	0.9709279216740117	0.9734068238397824	0.9720196046561039	0.9680012964852794	0.9774115381592475	0.975366862721585	0.9768050169109587
0.9655770299477823	0.9692893920223599	0.9548789496079891	0.9686719244913959	0.9669590694960045	0.9623343244017329	0.9714932954809775	0.9674722267344391	0.9682243661511621	0.9689889292572224	0.964030557962144	0.9632053509501366	0.9679618789065567	0.9669011863913887	0.9742746608584285	0.9682455391754408	0.9743946751283823	0.9717391920493587	0.9726113530974786	0.9702616720659539	0.9734309042772483	0.9720669857332269	0.9733125183672771	0.9736986422933186	1.0	0.9703526677651056	0.9713956963051402	0.9750075213555809	0.9722376388419084	0.970152041582747	0.9703621822823779	0.9690131684707244	0.9714318929806647	0.9723678401838511	0.967419130618451	0.9716599708475163	0.9717417108556989	0.971424410616116	0.9690600538949353	0.9689413687932391	0.9700910159901373	0.968315550911844	0.9636131842500952	0.9733442334273158	0.9734248616100567	0.9731818155368925
0.9732642157151196	0.9756961899452952	0.9639819447869667	0.9745061449782901	0.9749518990555136	0.9625621520766315	0.9761323443023201	0.9729005419891096	0.9740195556035666	0.9743394925867962	0.9668765460872801	0.9701973219801656	0.9682236945572782	0.9753639678050359	0.9756312175478697	0.9675731812409359	0.9786454236906875	0.9781496330191154	0.9744809124313016	0.9738537009646108	0.9778239636414642	0.9782321964931351	0.9800329498600179	0.974466213856414	0.9703526677651056	1.0	0.9754179659834662	0.9789853776834527	0.9747563681308073	0.9724701422868445	0.9750380397702271	0.9720221624920261	0.975860225317275	0.9790554343443454	0.9734409752072084	0.9789550928604059	0.9792198140165485	0.9757950812070418	0.9744144450841322	0.9749967704813944	0.9763179728231209	0.9739196117115843	0.9675702322954051	0.978598083975486	0.9785642728464347	0.9769286517655559
0.9699527388491127	0.9715572879382437	0.9599892440308679	0.9690527288815564	0.9710287048864584	0.9634208646164562	0.9736506225616646	0.9696630676382626	0.9703116190328466	0.9710464169549466	0.9640643704610605	0.9666485038570114	0.9682833395229261	0.9704486392015456	0.9747802278403099	0.967866856321352	0.9760521821630962	0.9755864518109736	0.9747365153887373	0.9716878355274041	0.976480423393327	0.9758251507961175	0.9768132735011009	0.9754071599826465	0.9713956963051402	0.9754179659834662	1.0	0.9772589082468099	0.974463552448454	0.9703493637545116	0.9717115077270432	0.9701046887103656	0.9733155362553639	0.9769416328470654	0.9704762346654986	0.9753701920164278	0.97627352750653	0.9749282093505991	0.9721785329986519	0.9717367687656449	0.9730313031230017	0.9704433376308755	0.9671511733143627	0.9761051244644045	0.9758469709526093	0.9754780537700026
0.9714164884460489	0.9756184894416924	0.962285171194837	0.9724007311014856	0.9740235146115702	0.9643684829794756	0.9759486321445621	0.9717702224609678	0.9732060171699353	0.9744171932084459	0.9687496280263878	0.9699561971715052	0.9689794270367104	0.975433078484851	0.9778273851592373	0.9712636332713359	0.9805098187693483	0.9792775030402129	0.9767459175974611	0.9732159687880615	0.9796021528215422	0.9788790086645693	0.980273982710656	0.9780682957434509	0.9750075213555809	0.9789853776834527	0.9772589082468099	1.0	0.9769252231676625	0.9726122245909394	0.9741125137992287	0.971746324940877	0.9764693045733007	0.9790852505458918	0.9722317331062305	0.9788064415810767	0.977764670803332	0.9763649193964846	0.9732433538378519	0.9738137911633864	0.9764970804217501	0.9732051762540465	0.9678137664053933	0.9804784741450738	0.9785742537659345	0.979450289887228
0.9688334542056647	0.9715862474119166	0.9594469342368793	0.970966876848609	0.9703537427776782	0.9621298724742317	0.9730001068385238	0.9697610289350194	0.9710287589330874	0.9712385567524571	0.9656373197289034	0.9662879445446025	0.9683584083041884	0.9690577970945303	0.9763268747014074	0.9690829682736856	0.9765243013164226	0.9741488916509292	0.9763556543353278	0.9701517887673662	0.9756398563337871	0.9739997087510426	0.9758023985187585	0.9775242110204907	0.9722376388419084	0.9747563681308073	0.974463552448454	0.9769252231676625	1.0	0.9697202332249133	0.9713622008011432	0.9690275455248333	0.9729327587542692	0.975847723548576	0.9718489932001549	0.9748128718908764	0.975194475075707	0.9727837019821263	0.9697857520931923	0.9707305038771264	0.9716807933671173	0.9690548211403791	0.9676977200286746	0.9769757880482189	0.9747923411822315	0.9763085470783676
0.9694998518049601	0.972107939289864	0.9572358598982452	0.9710160002415082	0.9703297351480885	0.9617363668632061	0.9730379552823665	0.969251779052897	0.9697492168557565	0.970996986943038	0.9654831041341343	0.9646942579274583	0.9670234138364152	0.9704698692989036	0.9717766849608906	0.9635524111873977	0.9733208396796932	0.9725269434551109	0.9713604828682589	0.9893029149372228	0.9729924482612988	0.9741198292566832	0.9742404054942034	0.9713380325935849	0.970152041582747	0.9724701422868445	0.9703493637545116	0.9726122245909394	0.9697202332249133	1.0	0.9964694637149114	0.9952985528220625	0.9711916607514751	0.9720455940291388	0.9681031055979659	0.9721657546019158	0.9712144356805463	0.971821372574675	0.9881458319386802	0.988105885381523	0.9714037353226123	0.9879331468109573	0.9629561060273113	0.9732613395265906	0.9735682915985163	0.9732567146999417
0.9716351231048193	0.9730962454779349	0.9604665968213159	0.9724447664907456	0.9724895408534593	0.9616931564810883	0.9747950431997479	0.9708544959464542	0.971459304764782	0.9720635725333058	0.9654794958901327	0.9673387934954047	0.9678766292435047	0.9726172149947006	0.9722733275999182	0.9643288190208814	0.9747281982403614	0.9746686206996232	0.9723805415256527	0.9910113329521341	0.9741119476964817	0.9755284345944844	0.9761157649911752	0.9716894730636972	0.9703621822823779	0.9750380397702271	0.9717115077270432	0.9741125137992287	0.9713622008011432	0.9964694637149114	1.0	0.9962318731914821	0.9726182682301797	0.974198822266515	0.969336679651392	0.9748031768268307	0.9735876544168015	0.97299665573034	0.9903232501813605	0.9907430400615928	0.9734516449351008	0.9898447728856647	0.9645444676861562	0.9751911821306725	0.9757049668676664	0.9752436622878242
0.9695577121033718	0.9710196056792241	0.9584360623326846	0.9700788885410053	0.969765797158156	0.9603381613441756	0.9726571291645542	0.9684479433301095	0.9692110197362043	0.9698685606133151	0.9639486902237087	0.9652793426979521	0.9663273035388016	0.9705131312656604	0.9706645119120765	0.9634778513106819	0.9721941250122696	0.9720346765668771	0.9706551998366745	0.9894152885130393	0.9720751577689677	0.9734001363170647	0.9738399280242246	0.9708055320832799	0.9690131684707244	0.9720221624920261	0.9701046887103656	0.971746324940877	0.9690275455248333	0.9952985528220625	0.9962318731914821	1.0	0.9698416339476307	0.9718326750211689	0.9677908091992641	0.9715393778826344	0.970431383641633	0.970764132877158	0.9882801933308532	0.9882677677052899	0.9709611134077616	0.9881521523202468	0.9639319762047934	0.973047747352037	0.9730584372742787	0.9734150903617219
0.9718196956019036	0.9752812257132308	0.9613651922705986	0.9736151457692311	0.9733217825966056	0.9631222269169308	0.9753119062695652	0.9723238294306719	0.9733076911561012	0.9742402326558737	0.9671635992011693	0.9689144471697808	0.9677447750280732	0.9748005372662931	0.9744352414398132	0.9658386812264558	0.9756608704852016	0.9774254782299925	0.9739600821799967	0.9720423270269833	0.9762478072240173	0.9767534976475463	0.9780072876522602	0.9729822173371877	0.9714318929806647	0.975860225317275	0.9733155362553639	0.9764693045733007	0.9729327587542692	0.9711916607514751	0.9726182682301797	0.9698416339476307	1.0	0.976476518058612	0.9720485374445839	0.9771072631608498	0.9759874162438995	0.9738872013663604	0.9717358909370304	0.9732113960286519	0.9795594800039188	0.9707733391451991	0.968241348539683	0.977278134110694	0.9763675695167302	0.9752815610751204
0.9729759127232422	0.9750495704453472	0.9626296516166003	0.9738861556462012	0.9750591320941845	0.962812278518986	0.9758522743787246	0.9731826351572901	0.9735358598887005	0.9744529383999576	0.9674277202780279	0.9695114681668118	0.9679334612372142	0.974158247125962	0.9777504942553418	0.9690595657261329	0.9795796445466135	0.9797403493676771	0.9763608755291836	0.9737905828749448	0.9783598211273817	0.9782885433624657	0.9797330830463793	0.9754789294748103	0.9723678401838511	0.9790554343443454	0.9769416328470654	0.9790852505458918	0.975847723548576	0.9720455940291388	0.974198822266515	0.9718326750211689	0.976476518058612	1.0	0.9729629561750935	0.9831697599641005	0.9814700086038304	0.9786095232384738	0.9743554687797078	0.9749051836661705	0.9773979527820369	0.9733612325268873	0.9696234209367881	0.9797423652717392	0.9786608120721721	0.9782115609635229
0.9669328877060692	0.9708523907775969	0.9595070361045164	0.9697589179011616	0.9680799672288357	0.9622310110507468	0.9712960376420124	0.968540319312846	0.969003704934979	0.9711603078069286	0.9627199131689896	0.9648303701583588	0.9630358094340005	0.9695636599596209	0.9725664195794868	0.9651093203168738	0.9729885111270481	0.9717034535817953	0.9718028027112878	0.9684521677196434	0.9717253947512586	0.9726796213914546	0.9738029600400603	0.9715341169308571	0.967419130618451	0.9734409752072084	0.9704762346654986	0.9722317331062305	0.9718489932001549	0.9681031055979659	0.969336679651392	0.9677908091992641	0.9720485374445839	0.9729629561750935	1.0	0.9725212150986404	0.9732807084075575	0.9720988242489996	0.9692066150870102	0.9703665886112944	0.9726602481968347	0.9684306616326435	0.968366093447983	0.9740639768538576	0.9728532264291994	0.9732383986635489
0.9729296633711589	0.9758403897408565	0.9625879612238696	0.9738111343275161	0.9746521813741549	0.962158711934596	0.9754065650455157	0.9726015520534871	0.9737607752516325	0.9752782907225787	0.9678155133009094	0.968872903650505	0.968538398840452	0.9751762363228325	0.9756629919449177	0.9689793405796044	0.9781071167723094	0.98026581754693	0.9755338964941181	0.9747927621457312	0.9782027358488526	0.9784136470430422	0.9801368883306908	0.9744400750608067	0.9716599708475163	0.9789550928604059	0.9753701920164278	0.9788064415810767	0.9748128718908764	0.9721657546019158	0.9748031768268307	0.9715393778826344	0.9771072631608498	0.9831697599641005	0.9725212150986404	1.0	0.9813340264783958	0.9778313052310063	0.9739770645208922	0.9748433822590407	0.9769983673061721	0.9733052766123297	0.9686110276603646	0.9801725396935953	0.9802685978513905	0.9783438162227187
0.9717050763541352	0.9735335888604821	0.9625677593659279	0.9724059139933584	0.9733961244509813	0.9629965903968013	0.9751875069122268	0.9702418738977897	0.9729871869699842	0.9733157250696253	0.9650574031322701	0.968744229035182	0.9680618282698413	0.9744402262226605	0.9766995299720993	0.9692268295657575	0.9788369909506087	0.978204534420968	0.9771731754098976	0.9725153123341256	0.9774055712903259	0.9781451821613535	0.9792504329094381	0.9746454348560608	0.9717417108556989	0.9792198140165485	0.97627352750653	0.977764670803332	0.975194475075707	0.9712144356805463	0.9735876544168015	0.970431383641633	0.9759874162438995	0.9814700086038304	0.9732807084075575	0.9813340264783958	1.0	0.9774072020081023	0.9733366306188007	0.9733326388358976	0.9761160006797706	0.9716622354965929	0.9680422109613733	0.9790571978643929	0.9794053356612639	0.9783627328050712
0.9694169960396808	0.9723621078194391	0.960754264659472	0.9721434990123365	0.9722615732287182	0.9601058061596719	0.9732671711684966	0.9710350036212879	0.9710574851940337	0.9718882647702489	0.9662179799619177	0.9663050043955802	0.9672764390636749	0.9714260787048652	0.9734417529203416	0.9693833547682449	0.9761520490315106	0.9758689853186685	0.9729165965475095	0.9730346091635883	0.9750645393043049	0.9753406735411932	0.9769490735474423	0.9741516774363176	0.971424410616116	0.9757950812070418	0.9749282093505991	0.9763649193964846	0.9727837019821263	0.971821372574675	0.97299665573034	0.970764132877158	0.9738872013663604	0.9786095232384738	0.9720988242489996	0.9778313052310063	0.9774072020081023	1.0	0.9732022788360694	0.9735327156415536	0.974364974594053	0.9725098771185912	0.9677994841179747	0.9763990893956993	0.9760841684776389	0.9756517353968099
0.9708351123201557	0.9724082720006787	0.9611656024252161	0.9707413786278516	0.9717153466682118	0.961560490558606	0.9740229929212301	0.9699309028521782	0.9709534365428112	0.9719039539903513	0.9636518786704453	0.9680563688794678	0.9678338122104746	0.9719975014566627	0.9721688055052007	0.9634258901943236	0.9742303536957078	0.9738652123591511	0.9709946487613794	0.9896090314950698	0.9727264066456773	0.9750004248783853	0.9760540862836238	0.9710817544402959	0.9690600538949353	0.9744144450841322	0.9721785329986519	0.9732433538378519	0.9697857520931923	0.9881458319386802	0.9903232501813605	0.9882801933308532	0.9717358909370304	0.9743554687797078	0.9692066150870102	0.9739770645208922	0.9733366306188007	0.9732022788360694	1.0	0.9912069728120392	0.9731267870433071	0.9886063618194243	0.9648048123831015	0.9745758077779875	0.9745640807469784	0.9743769411857743
0.9707488095668518	0.9733774202223526	0.9620108307687977	0.9721761057916211	0.9731150454643228	0.9617544698132208	0.9736430971065128	0.9704795216083257	0.9717184563753424	0.9721337107115601	0.9646053032014432	0.9682752416576537	0.9677472336952078	0.9725461231244823	0.9714514883531881	0.963467849612837	0.97455534517895	0.9746294783145145	0.9713702927407153	0.9897002311287201	0.9735456749661687	0.9744663332821863	0.9757517515105398	0.9709279216740117	0.9689413687932391	0.9749967704813944	0.9717367687656449	0.9738137911633864	0.9707305038771264	0.988105885381523	0.9907430400615928	0.9882677677052899	0.9732113960286519	0.9749051836661705	0.9703665886112944	0.9748433822590407	0.9733326388358976	0.9735327156415536	0.9912069728120392	1.0	0.9739950286681271	0.9891282289346242	0.9648041826998228	0.9750291625906962	0.9757405235699815	0.9741319548915462
