/home/jshaw/scratch/2022_sketched_distance/references/SGB_genome_fastas_part5/15041/Bengtsson-PalmeJ_2015__TRAVELRES39__bin.58.fa	/home/jshaw/scratch/2022_sketched_distance/references/SGB_genome_fastas_part5/15041/CosteaPI_2017__alien3-11-0-0__bin.61.fa	/home/jshaw/scratch/2022_sketched_distance/references/SGB_genome_fastas_part5/15041/FengQ_2015__SID31188__bin.73.fa	/home/jshaw/scratch/2022_sketched_distance/references/SGB_genome_fastas_part5/15041/FengQ_2015__SID31879__bin.21.fa	/home/jshaw/scratch/2022_sketched_distance/references/SGB_genome_fastas_part5/15041/FengQ_2015__SID31884__bin.15.fa	/home/jshaw/scratch/2022_sketched_distance/references/SGB_genome_fastas_part5/15041/FengQ_2015__SID530177__bin.8.fa	/home/jshaw/scratch/2022_sketched_distance/references/SGB_genome_fastas_part5/15041/FengQ_2015__SID530705__bin.5.fa	/home/jshaw/scratch/2022_sketched_distance/references/SGB_genome_fastas_part5/15041/KarlssonFH_2013__S263__bin.7.fa	/home/jshaw/scratch/2022_sketched_distance/references/SGB_genome_fastas_part5/15041/XieH_2016__YSZC12003_35541__bin.76.fa	/home/jshaw/scratch/2022_sketched_distance/references/SGB_genome_fastas_part5/15041/XieH_2016__YSZC12003_35636__bin.60.fa	/home/jshaw/scratch/2022_sketched_distance/references/SGB_genome_fastas_part5/15041/XieH_2016__YSZC12003_35989__bin.123.fa	/home/jshaw/scratch/2022_sketched_distance/references/SGB_genome_fastas_part5/15041/XieH_2016__YSZC12003_35992__bin.44.fa	/home/jshaw/scratch/2022_sketched_distance/references/SGB_genome_fastas_part5/15041/XieH_2016__YSZC12003_35999__bin.85.fa	/home/jshaw/scratch/2022_sketched_distance/references/SGB_genome_fastas_part5/15041/XieH_2016__YSZC12003_36049__bin.130.fa	/home/jshaw/scratch/2022_sketched_distance/references/SGB_genome_fastas_part5/15041/XieH_2016__YSZC12003_36058__bin.56.fa	/home/jshaw/scratch/2022_sketched_distance/references/SGB_genome_fastas_part5/15041/XieH_2016__YSZC12003_36534__bin.20.fa	/home/jshaw/scratch/2022_sketched_distance/references/SGB_genome_fastas_part5/15041/XieH_2016__YSZC12003_36587__bin.73.fa	/home/jshaw/scratch/2022_sketched_distance/references/SGB_genome_fastas_part5/15041/XieH_2016__YSZC12003_36588__bin.103.fa	/home/jshaw/scratch/2022_sketched_distance/references/SGB_genome_fastas_part5/15041/XieH_2016__YSZC12003_36667__bin.29.fa	/home/jshaw/scratch/2022_sketched_distance/references/SGB_genome_fastas_part5/15041/XieH_2016__YSZC12003_37405__bin.99.fa	/home/jshaw/scratch/2022_sketched_distance/references/SGB_genome_fastas_part5/15041/XieH_2016__YSZC12003_37798__bin.88.fa	/home/jshaw/scratch/2022_sketched_distance/references/SGB_genome_fastas_part5/15041/XieH_2016__YSZC12003_37830__bin.24.fa	/home/jshaw/scratch/2022_sketched_distance/references/SGB_genome_fastas_part5/15041/XieH_2016__YSZC12003_37878__bin.38.fa	/home/jshaw/scratch/2022_sketched_distance/references/SGB_genome_fastas_part5/15041/ZeeviD_2015__PNP_Main_25__bin.71.fa	/home/jshaw/scratch/2022_sketched_distance/references/SGB_genome_fastas_part5/15041/ZellerG_2014__CCIS23164343ST-4-0__bin.33.fa	/home/jshaw/scratch/2022_sketched_distance/references/SGB_genome_fastas_part5/15041/ZellerG_2014__MMPU68403337ST__bin.48.fa
1.0	0.9796722038567032	0.982122497742416	0.9807984146476252	0.9858458021639602	0.9854384022964422	0.9876073474479582	0.9874383739884547	0.98421633304446	0.9853008291110509	0.9770936521094277	0.9859950610336281	0.9827244714810047	0.985153142432827	0.9819986500888253	0.9845970257298624	0.984997837966425	0.9730855166355775	0.9784672055622479	0.9849936674685785	0.9803936317000035	0.9837829951268304	0.9845861445999966	0.9735320641338014	0.9861542530683585	0.9811297782734402
0.9796722038567032	1.0	0.9767289174108348	0.9778398347571637	0.9825314539895731	0.9830963236595684	0.9815160453147991	0.9817417174884948	0.9806902175634316	0.9801525401625469	0.9750143481894671	0.9809374747746822	0.9793935595385842	0.9821004724435829	0.9782768327599449	0.9816628485108456	0.9819325710999408	0.9719354852890851	0.9763943852408186	0.9813363527393069	0.9772481655962911	0.9812718915530414	0.9820127148250994	0.9744129523101281	0.9828313913573528	0.9752835193538614
0.982122497742416	0.9767289174108348	1.0	0.9793641695121965	0.9832364054108974	0.9831640666327022	0.9844033107048716	0.9845915311022292	0.9813660470781852	0.9826537215758312	0.9750608566035595	0.9821839901972049	0.9796941367947104	0.982396365149077	0.9786993644511589	0.9820034388808133	0.9821454986408297	0.9710822806457111	0.9773336391915667	0.9826635178730493	0.9777848225055511	0.9816360011207321	0.982315130826737	0.9705753501409395	0.9829589868201185	0.9775303607167878
0.9807984146476252	0.9778398347571637	0.9793641695121965	1.0	0.9836781707272035	0.9835957106394915	0.9839379563674968	0.9841542495303575	0.9825014289145413	0.9832172457533067	0.9743370380872572	0.982289446247275	0.979583884568757	0.9827289609461828	0.9795264140390499	0.9830334945787478	0.9823522331923366	0.9702229714358618	0.9772178686580328	0.9835564744136368	0.9772095518507923	0.9815430672939938	0.9823906959906262	0.9705342512231825	0.9834285540072034	0.9773247657117942
0.9858458021639602	0.9825314539895731	0.9832364054108974	0.9836781707272035	1.0	0.9890543154003407	0.9882245958755214	0.9885884370239838	0.9873850800001933	0.9871004793789661	0.9797893816200028	0.9872509455839144	0.9859412747488353	0.9889088724660864	0.9839133610779113	0.9878787968680107	0.9878871098653568	0.9758225636617684	0.9813378188357121	0.9884818486834883	0.9820707378271611	0.9877120935949012	0.988690884855993	0.9762157284017363	0.9885546478767088	0.9815089200595166
0.9854384022964422	0.9830963236595684	0.9831640666327022	0.9835957106394915	0.9890543154003407	1.0	0.987785983441932	0.9885427897726901	0.9883797923267109	0.9868494839009896	0.9791082557920936	0.9870374849972724	0.9853397144814084	0.9881604883068127	0.9837600967980886	0.9876929694469954	0.9874066507222735	0.9760635443916479	0.9814964035604082	0.9885950505007981	0.9817511563325099	0.9868445304018544	0.9878226114468893	0.9760908588447252	0.9883432045530335	0.9807661376887091
0.9876073474479582	0.9815160453147991	0.9844033107048716	0.9839379563674968	0.9882245958755214	0.987785983441932	1.0	0.9901017946743432	0.9865472771912175	0.9874245112043643	0.9783638761123844	0.9883887407327285	0.9840044722813192	0.9867613239682941	0.9834391926635965	0.986758150451118	0.9867972289358118	0.9746890967045283	0.9800282933380844	0.9874517332962112	0.9815816871164547	0.9861107418757799	0.9873643952834908	0.9747270191270135	0.9876179052348183	0.9882037121129444
0.9874383739884547	0.9817417174884948	0.9845915311022292	0.9841542495303575	0.9885884370239838	0.9885427897726901	0.9901017946743432	1.0	0.9868178710096015	0.9881046795876974	0.9786096404664462	0.9887357918018067	0.9844585153397876	0.9877766684359661	0.9837364136103962	0.9877771689114333	0.9869796231341638	0.9749623847329589	0.9800815316463523	0.987765582104505	0.9817011340865314	0.9860593012723368	0.987531270510061	0.9757161111814188	0.9883161435863977	0.9829652948968357
0.98421633304446	0.9806902175634316	0.9813660470781852	0.9825014289145413	0.9873850800001933	0.9883797923267109	0.9865472771912175	0.9868178710096015	1.0	0.9849186166294396	0.9785726240441402	0.9858731195874696	0.9830455441406747	0.9856937266083783	0.983493229780275	0.9866331415217986	0.9859784683551441	0.9739293759662122	0.9792685019637938	0.9881268977790584	0.98049279546995	0.9855370541797039	0.9861772906727191	0.9747563681308073	0.986103764514539	0.9801521262361289
0.9853008291110509	0.9801525401625469	0.9826537215758312	0.9832172457533067	0.9871004793789661	0.9868494839009896	0.9874245112043643	0.9881046795876974	0.9849186166294396	1.0	0.9784819327759241	0.9858708378065256	0.9835758582091879	0.9860437402961765	0.9818812735492529	0.985781681370007	0.9853784574288276	0.9737107705683768	0.9792334805034673	0.9862485251250401	0.9809172124146903	0.9846207656196041	0.9852991338724084	0.9744095337523861	0.9869641192732305	0.9809818861581098
0.9770936521094277	0.9750143481894671	0.9750608566035595	0.9743370380872572	0.9797893816200028	0.9791082557920936	0.9783638761123844	0.9786096404664462	0.9785726240441402	0.9784819327759241	1.0	0.9774281286697925	0.97646030103898	0.9793484970185072	0.9755780504493007	0.9779530944135694	0.9791296714534213	0.9697522859002945	0.9751514672621658	0.9790391427892519	0.973912731299237	0.9802439046886872	0.9803807852880425	0.9716943957298901	0.9788182274993318	0.9719696678937324
0.9859950610336281	0.9809374747746822	0.9821839901972049	0.982289446247275	0.9872509455839144	0.9870374849972724	0.9883887407327285	0.9887357918018067	0.9858731195874696	0.9858708378065256	0.9774281286697925	1.0	0.9836415628246977	0.9865500451082186	0.9822302324754855	0.9859536508198891	0.9856063312189045	0.974372692607246	0.9796287825285902	0.9865309640096697	0.9810575147115896	0.985113867827667	0.9864838228443575	0.9745132881931285	0.9873662916671465	0.9813607767356527
0.9827244714810047	0.9793935595385842	0.9796941367947104	0.979583884568757	0.9859412747488353	0.9853397144814084	0.9840044722813192	0.9844585153397876	0.9830455441406747	0.9835758582091879	0.97646030103898	0.9836415628246977	1.0	0.9849452521757005	0.9798933882692175	0.9841457666986857	0.9840386177168968	0.9747138376036738	0.977896900362102	0.984061472692615	0.9792148298491323	0.9834566997730694	0.9843805353643581	0.9728125943713037	0.9849638781249677	0.9775007810324248
0.985153142432827	0.9821004724435829	0.982396365149077	0.9827289609461828	0.9889088724660864	0.9881604883068127	0.9867613239682941	0.9877766684359661	0.9856937266083783	0.9860437402961765	0.9793484970185072	0.9865500451082186	0.9849452521757005	1.0	0.9828850955689444	0.9874510525034792	0.9869371403732788	0.9753835013869909	0.9808438772709258	0.9872630295050934	0.981409578940458	0.9870296661707538	0.9877425657250625	0.9759544480925096	0.9874748170394583	0.9804007869855333
0.9819986500888253	0.9782768327599449	0.9786993644511589	0.9795264140390499	0.9839133610779113	0.9837600967980886	0.9834391926635965	0.9837364136103962	0.983493229780275	0.9818812735492529	0.9755780504493007	0.9822302324754855	0.9798933882692175	0.9828850955689444	1.0	0.9829087724051415	0.9822570247170421	0.971294147299017	0.9764767989017457	0.9845034921945206	0.9775022324285572	0.9818409448659012	0.9825247951232912	0.9720171126404518	0.9830418442942923	0.9771214281561347
0.9845970257298624	0.9816628485108456	0.9820034388808133	0.9830334945787478	0.9878787968680107	0.9876929694469954	0.986758150451118	0.9877771689114333	0.9866331415217986	0.985781681370007	0.9779530944135694	0.9859536508198891	0.9841457666986857	0.9874510525034792	0.9829087724051415	1.0	0.9865246888908362	0.9749126740808421	0.9798385620721908	0.9873442928272417	0.9812810093894089	0.9860656023149708	0.9870988143302108	0.9746000188304134	0.9871729188653178	0.979908111770176
0.984997837966425	0.9819325710999408	0.9821454986408297	0.9823522331923366	0.9878871098653568	0.9874066507222735	0.9867972289358118	0.9869796231341638	0.9859784683551441	0.9853784574288276	0.9791296714534213	0.9856063312189045	0.9840386177168968	0.9869371403732788	0.9822570247170421	0.9865246888908362	1.0	0.9752211610521777	0.9808962821032762	0.9863972066887581	0.9810880009269995	0.9856993119852044	0.9868108273047108	0.9754086200212568	0.9873257759940278	0.9810914018635569
0.9730855166355775	0.9719354852890851	0.9710822806457111	0.9702229714358618	0.9758225636617684	0.9760635443916479	0.9746890967045283	0.9749623847329589	0.9739293759662122	0.9737107705683768	0.9697522859002945	0.974372692607246	0.9747138376036738	0.9753835013869909	0.971294147299017	0.9749126740808421	0.9752211610521777	1.0	0.9716164849492748	0.9750469737138374	0.9710714615150727	0.976073453723996	0.9765344014399042	0.9656419077213612	0.9755243195113713	0.9680270521205787
0.9784672055622479	0.9763943852408186	0.9773336391915667	0.9772178686580328	0.9813378188357121	0.9814964035604082	0.9800282933380844	0.9800815316463523	0.9792685019637938	0.9792334805034673	0.9751514672621658	0.9796287825285902	0.977896900362102	0.9808438772709258	0.9764767989017457	0.9798385620721908	0.9808962821032762	0.9716164849492748	1.0	0.9798934290515454	0.9756277599233079	0.9816645006795671	0.982226552922172	0.9702299800423987	0.9805002285646615	0.9744773196762608
0.9849936674685785	0.9813363527393069	0.9826635178730493	0.9835564744136368	0.9884818486834883	0.9885950505007981	0.9874517332962112	0.987765582104505	0.9881268977790584	0.9862485251250401	0.9790391427892519	0.9865309640096697	0.984061472692615	0.9872630295050934	0.9845034921945206	0.9873442928272417	0.9863972066887581	0.9750469737138374	0.9798934290515454	1.0	0.9816994870834388	0.9869168606268663	0.9873074091518956	0.9752223433074219	0.9879433092070864	0.9811207570975569
0.9803936317000035	0.9772481655962911	0.9777848225055511	0.9772095518507923	0.9820707378271611	0.9817511563325099	0.9815816871164547	0.9817011340865314	0.98049279546995	0.9809172124146903	0.973912731299237	0.9810575147115896	0.9792148298491323	0.981409578940458	0.9775022324285572	0.9812810093894089	0.9810880009269995	0.9710714615150727	0.9756277599233079	0.9816994870834388	1.0	0.9798996204389254	0.9800348293255416	0.9725437663339188	0.9821144178381221	0.9761183092127195
0.9837829951268304	0.9812718915530414	0.9816360011207321	0.9815430672939938	0.9877120935949012	0.9868445304018544	0.9861107418757799	0.9860593012723368	0.9855370541797039	0.9846207656196041	0.9802439046886872	0.985113867827667	0.9834566997730694	0.9870296661707538	0.9818409448659012	0.9860656023149708	0.9856993119852044	0.976073453723996	0.9816645006795671	0.9869168606268663	0.9798996204389254	1.0	0.9965474994141481	0.9746562519292383	0.9861153908765417	0.9793818441654365
0.9845861445999966	0.9820127148250994	0.982315130826737	0.9823906959906262	0.988690884855993	0.9878226114468893	0.9873643952834908	0.987531270510061	0.9861772906727191	0.9852991338724084	0.9803807852880425	0.9864838228443575	0.9843805353643581	0.9877425657250625	0.9825247951232912	0.9870988143302108	0.9868108273047108	0.9765344014399042	0.982226552922172	0.9873074091518956	0.9800348293255416	0.9965474994141481	1.0	0.9755892455119413	0.987254200273847	0.9799172290532354
0.9735320641338014	0.9744129523101281	0.9705753501409395	0.9705342512231825	0.9762157284017363	0.9760908588447252	0.9747270191270135	0.9757161111814188	0.9747563681308073	0.9744095337523861	0.9716943957298901	0.9745132881931285	0.9728125943713037	0.9759544480925096	0.9720171126404518	0.9746000188304134	0.9754086200212568	0.9656419077213612	0.9702299800423987	0.9752223433074219	0.9725437663339188	0.9746562519292383	0.9755892455119413	1.0	0.9760500453060729	0.9699201123294634
0.9861542530683585	0.9828313913573528	0.9829589868201185	0.9834285540072034	0.9885546478767088	0.9883432045530335	0.9876179052348183	0.9883161435863977	0.986103764514539	0.9869641192732305	0.9788182274993318	0.9873662916671465	0.9849638781249677	0.9874748170394583	0.9830418442942923	0.9871729188653178	0.9873257759940278	0.9755243195113713	0.9805002285646615	0.9879433092070864	0.9821144178381221	0.9861153908765417	0.987254200273847	0.9760500453060729	1.0	0.9818978216709389
0.9811297782734402	0.9752835193538614	0.9775303607167878	0.9773247657117942	0.9815089200595166	0.9807661376887091	0.9882037121129444	0.9829652948968357	0.9801521262361289	0.9809818861581098	0.9719696678937324	0.9813607767356527	0.9775007810324248	0.9804007869855333	0.9771214281561347	0.979908111770176	0.9810914018635569	0.9680270521205787	0.9744773196762608	0.9811207570975569	0.9761183092127195	0.9793818441654365	0.9799172290532354	0.9699201123294634	0.9818978216709389	1.0
