/home/jshaw/scratch/2022_sketched_distance/references/SGB_genome_fastas_part2/4212/Bengtsson-PalmeJ_2015__TRAVELRES40__bin.10.fa	/home/jshaw/scratch/2022_sketched_distance/references/SGB_genome_fastas_part2/4212/Bengtsson-PalmeJ_2015__TRAVELRES56__bin.50.fa	/home/jshaw/scratch/2022_sketched_distance/references/SGB_genome_fastas_part2/4212/BritoIL_2016__W1.33.ST__bin.61.fa	/home/jshaw/scratch/2022_sketched_distance/references/SGB_genome_fastas_part2/4212/BritoIL_2016__W1.4.ST__bin.72.fa	/home/jshaw/scratch/2022_sketched_distance/references/SGB_genome_fastas_part2/4212/BritoIL_2016__W2.35.ST__bin.15.fa	/home/jshaw/scratch/2022_sketched_distance/references/SGB_genome_fastas_part2/4212/BritoIL_2016__WL.7.ST__bin.32.fa	/home/jshaw/scratch/2022_sketched_distance/references/SGB_genome_fastas_part2/4212/CM_madagascar__A04_01_1FE__bin.46.fa	/home/jshaw/scratch/2022_sketched_distance/references/SGB_genome_fastas_part2/4212/CosteaPI_2017__SID713A053-11-90-0__bin.85.fa	/home/jshaw/scratch/2022_sketched_distance/references/SGB_genome_fastas_part2/4212/FengQ_2015__SID530743__bin.33.fa	/home/jshaw/scratch/2022_sketched_distance/references/SGB_genome_fastas_part2/4212/KarlssonFH_2013__S143__bin.32.fa	/home/jshaw/scratch/2022_sketched_distance/references/SGB_genome_fastas_part2/4212/KarlssonFH_2013__S77__bin.2.fa	/home/jshaw/scratch/2022_sketched_distance/references/SGB_genome_fastas_part2/4212/LeChatelierE_2013__MH0434__bin.5.fa	/home/jshaw/scratch/2022_sketched_distance/references/SGB_genome_fastas_part2/4212/LiJ_2014__V1.FI09__bin.79.fa	/home/jshaw/scratch/2022_sketched_distance/references/SGB_genome_fastas_part2/4212/LiSS_2016__FAT_012-22-0-0__bin.21.fa	/home/jshaw/scratch/2022_sketched_distance/references/SGB_genome_fastas_part2/4212/LiSS_2016__FAT_012-22-2-0__bin.22.fa	/home/jshaw/scratch/2022_sketched_distance/references/SGB_genome_fastas_part2/4212/LiuW_2016__SRR3993044__bin.54.fa	/home/jshaw/scratch/2022_sketched_distance/references/SGB_genome_fastas_part2/4212/NielsenHB_2014__V1_CD22_0__bin.21.fa	/home/jshaw/scratch/2022_sketched_distance/references/SGB_genome_fastas_part2/4212/RaymondF_2016__P18E0__bin.38.fa	/home/jshaw/scratch/2022_sketched_distance/references/SGB_genome_fastas_part2/4212/RaymondF_2016__P3E7__bin.10.fa	/home/jshaw/scratch/2022_sketched_distance/references/SGB_genome_fastas_part2/4212/VogtmannE_2016__MMRS57276462ST-27-0-0__bin.83.fa	/home/jshaw/scratch/2022_sketched_distance/references/SGB_genome_fastas_part2/4212/XieH_2016__YSZC12003_36033__bin.76.fa	/home/jshaw/scratch/2022_sketched_distance/references/SGB_genome_fastas_part2/4212/XieH_2016__YSZC12003_36440__bin.36.fa	/home/jshaw/scratch/2022_sketched_distance/references/SGB_genome_fastas_part2/4212/XieH_2016__YSZC12003_37102__bin.109.fa	/home/jshaw/scratch/2022_sketched_distance/references/SGB_genome_fastas_part2/4212/XieH_2016__YSZC12003_37133__bin.38.fa	/home/jshaw/scratch/2022_sketched_distance/references/SGB_genome_fastas_part2/4212/XieH_2016__YSZC12003_37330__bin.59.fa	/home/jshaw/scratch/2022_sketched_distance/references/SGB_genome_fastas_part2/4212/YuJ_2015__SZAXPI015269-94__bin.24.fa	/home/jshaw/scratch/2022_sketched_distance/references/SGB_genome_fastas_part2/4212/ZeeviD_2015__PNP_Main_208__bin.26.fa	/home/jshaw/scratch/2022_sketched_distance/references/SGB_genome_fastas_part2/4212/ZeeviD_2015__PNP_Main_257__bin.38.fa	/home/jshaw/scratch/2022_sketched_distance/references/SGB_genome_fastas_part2/4212/ZeeviD_2015__PNP_Main_589__bin.53.fa	/home/jshaw/scratch/2022_sketched_distance/references/SGB_genome_fastas_part2/4212/ZeeviD_2015__PNP_Main_89__bin.37.fa	/home/jshaw/scratch/2022_sketched_distance/references/SGB_genome_fastas_part2/4212/ZellerG_2014__CCIS51667829ST-4-0__bin.59.fa
1.0	0.9911445511564565	0.989540814398818	0.9896065777576606	0.9862169921766979	0.9866645149180625	0.9857787331629286	0.985772727613884	0.9879834590205174	0.9871130339670796	0.9922638649232044	0.9902761636240074	0.9902544898158612	0.9894410672470806	0.9905944730597398	0.9884523836858546	0.9907148370503828	0.9913337555929043	0.9899388641006757	0.9865180118234167	0.9882244270991326	0.9894786921192201	0.985632837973785	0.9900425175626422	0.9914279530911576	0.991404428877188	0.9876447814048257	0.9830791772763191	0.9848533663612251	0.9875139257557604	0.9904252229375371
0.9911445511564565	1.0	0.9932490811928527	0.9934023173468737	0.9906611138866143	0.9912817956638061	0.991237946905708	0.9883517664133348	0.9917658799168338	0.9881851282318619	0.989680912026756	0.9920240878309611	0.9924688842910551	0.9880329872736793	0.9892308579631253	0.9899172190939483	0.9905917225929685	0.9887497285518759	0.9919615477346505	0.9871559340310172	0.991593133079681	0.9933607438308345	0.9880687193360748	0.9928015325324957	0.9887300464561697	0.9898335848968143	0.9873938666763878	0.9887285880554696	0.9891320427836566	0.9911663143061155	0.9909992121569905
0.989540814398818	0.9932490811928527	1.0	0.9977129336992114	0.9877956025360068	0.9942847436946578	0.9880793439491052	0.9857297090359969	0.9896002455068164	0.9870567117035774	0.99265155665302	0.9913552832210246	0.9911464010078287	0.9892763780151502	0.9907001001024949	0.9872601872894304	0.9907913479573769	0.9919771760678908	0.9902408841554143	0.9858880973951123	0.9893584574750084	0.9917452214888851	0.9853550716020236	0.9912972645604895	0.9919551912445259	0.9926730836220085	0.987813344459603	0.9844604617562446	0.9868239848299576	0.9891452522124562	0.9905168444781463
0.9896065777576606	0.9934023173468737	0.9977129336992114	1.0	0.9847923575865057	0.9898056715230404	0.9840955771376749	0.9868405837578035	0.9865257698992884	0.9878789409184773	0.9932493682781448	0.9913874398062744	0.9892447225419592	0.9904515058414686	0.9913566141723145	0.989262453215319	0.9910849484454045	0.9925261102960363	0.9890158516751211	0.9874857803798395	0.9858320105427404	0.9903400907275972	0.9864661379402218	0.989105694892696	0.9925261102960363	0.9933768748479755	0.9880289152257857	0.9836499399106913	0.9812132634448487	0.9852901905695746	0.9912482157728353
0.9862169921766979	0.9906611138866143	0.9877956025360068	0.9847923575865057	1.0	0.9814012748045585	0.9824080625427911	0.9835287709033446	0.9839282078221738	0.9859672603875503	0.9900301165349336	0.9851040147699833	0.9852524887622047	0.9883248696619582	0.9892169177231211	0.98680261162982	0.9898635051934195	0.9896680559620711	0.9850850680512149	0.9855890680777047	0.9840375677461937	0.9895277369988397	0.9851101217455692	0.9856808281143666	0.9898635051934195	0.9905522379583588	0.9866495094930904	0.9817605612704406	0.9787301425798988	0.9837640731322284	0.989188515616171
0.9866645149180625	0.9912817956638061	0.9942847436946578	0.9898056715230404	0.9814012748045585	1.0	0.9827954013300981	0.9836294356692616	0.9842319854417193	0.9866645149180625	0.9917927072132119	0.9841970045376534	0.9843635667838571	0.9880979756907925	0.9897850389650197	0.9870364827724892	0.9893856508200629	0.9904030418532836	0.9845533675881181	0.9860350634491485	0.9834004385298017	0.9858118766892281	0.9842391840666208	0.9848179089813773	0.9904308598209931	0.9919524208015434	0.9869129602346165	0.9822324060224776	0.9801421926258838	0.9824898909438693	0.9890973831285034
0.9857787331629286	0.991237946905708	0.9880793439491052	0.9840955771376749	0.9824080625427911	0.9827954013300981	1.0	0.9834728957945393	0.9779671068835083	0.9865890377507892	0.99150169826885	0.9762313220053249	0.9800291028499821	0.9890838278057345	0.9904338178003014	0.9877130454470083	0.9903319107464201	0.9906029669837261	0.9773918838617578	0.9861670844748264	0.9775055311832027	0.9840955771376749	0.985187461752751	0.9781958415030401	0.990467717033988	0.9924405343604614	0.9872680389118997	0.9822344304258247	0.9778138769223652	0.9755351550491339	0.9900928969661533
0.985772727613884	0.9883517664133348	0.9857297090359969	0.9868405837578035	0.9835287709033446	0.9836294356692616	0.9834728957945393	1.0	0.9872823741895081	0.9842217249682981	0.9899985655881473	0.9867353391795273	0.9871273657739398	0.9869355569284742	0.9878181964608727	0.9857297090359969	0.9876384012061111	0.9883265533567565	0.987129781785306	0.9839923083420873	0.9861976114532938	0.9866904567982911	0.9831174117114232	0.9871481699760618	0.9882507982006791	0.9884775430800221	0.9847039733716116	0.9817011340865314	0.9827954926191177	0.9850335586355453	0.9874835055773696
0.9879834590205174	0.9917658799168338	0.9896002455068164	0.9865257698992884	0.9839282078221738	0.9842319854417193	0.9779671068835083	0.9872823741895081	1.0	0.9870849486710278	0.9919372526443543	0.981625664745201	0.9854613690701332	0.9900376447149191	0.991176475719098	0.9899651463208474	0.9913509237693187	0.9917314985129903	0.9807194228681866	0.9881372490153018	0.9790678226057329	0.9877514189799668	0.987712586162656	0.9808686030846483	0.9916970813138208	0.9913161077609746	0.988745328504923	0.9842751535178993	0.9778097759420827	0.977539440317094	0.991141475310376
0.9871130339670796	0.9881851282318619	0.9870567117035774	0.9878789409184773	0.9859672603875503	0.9866645149180625	0.9865890377507892	0.9842217249682981	0.9870849486710278	1.0	0.9898787680905846	0.9880770479391496	0.9888382894754207	0.9868551931673841	0.9876549366831645	0.9847598194595243	0.9882764704515461	0.9881164549586772	0.9867977053477215	0.9829163074654764	0.9876641703298128	0.9873663579251628	0.9842238765092141	0.9885528609887135	0.9886844052087372	0.9895732476236043	0.985344802561161	0.9839865851187585	0.9851781531921495	0.9878703612057209	0.9874918647038282
0.9922638649232044	0.989680912026756	0.99265155665302	0.9932493682781448	0.9900301165349336	0.9917927072132119	0.99150169826885	0.9899985655881473	0.9919372526443543	0.9898787680905846	1.0	0.9925247252294208	0.99288894147237	0.9892451158582394	0.9902895539653219	0.9910179097323399	0.9920913095982969	0.988481155454629	0.9925624971070881	0.9882960660034472	0.9917471134431746	0.9925504153175029	0.98896361446766	0.99315906830414	0.9886156861093925	0.9901641349330734	0.9884659353636527	0.9890881762273586	0.9897315917364479	0.9918716236249946	0.9922451259750753
0.9902761636240074	0.9920240878309611	0.9913552832210246	0.9913874398062744	0.9851040147699833	0.9841970045376534	0.9762313220053249	0.9867353391795273	0.981625664745201	0.9880770479391496	0.9925247252294208	1.0	0.9934434806491974	0.9909017736674502	0.9914195651310665	0.9893320435813834	0.9963064125114373	0.9922753537302306	0.9852604051338497	0.9881834759836324	0.9864240642135365	0.989942070583198	0.9918026530000507	0.9890691263551681	0.9921185364003527	0.9920240878309611	0.9937441527715807	0.9836323790271997	0.978820700376839	0.9854601711675816	0.991675449722093
0.9902544898158612	0.9924688842910551	0.9911464010078287	0.9892447225419592	0.9852524887622047	0.9843635667838571	0.9800291028499821	0.9871273657739398	0.9854613690701332	0.9888382894754207	0.99288894147237	0.9934434806491974	1.0	0.9919576721581793	0.9923276716773288	0.9903147059777792	0.9976501787505014	0.9925533234271254	0.9883858346558849	0.9894923677355654	0.9902142845937578	0.9897381673944629	0.9936318667532112	0.992440091768804	0.992440689951452	0.9929445483828797	0.9944913219126148	0.9844355732202091	0.9799321313754364	0.9891452522124562	0.9921858536225039
0.9894410672470806	0.9880329872736793	0.9892763780151502	0.9904515058414686	0.9883248696619582	0.9880979756907925	0.9890838278057345	0.9869355569284742	0.9900376447149191	0.9868551931673841	0.9892451158582394	0.9909017736674502	0.9919576721581793	1.0	0.9949227610114497	0.9877945804070941	0.9895249934452703	0.9881165896304724	0.9905029036227802	0.9859994071046816	0.990693545465052	0.9902071742656912	0.9868448772277094	0.9915358040239605	0.9881999803220873	0.9891036129637703	0.9860736944253901	0.9864291559660969	0.9869943211327805	0.9897088395566672	0.9946595183555088
0.9905944730597398	0.9892308579631253	0.9907001001024949	0.9913566141723145	0.9892169177231211	0.9897850389650197	0.9904338178003014	0.9878181964608727	0.991176475719098	0.9876549366831645	0.9902895539653219	0.9914195651310665	0.9923276716773288	0.9949227610114497	1.0	0.9890141399387358	0.990165069839384	0.9889659039081404	0.9912402742270056	0.9874388223658584	0.991360809094797	0.991515182432781	0.9878473162687751	0.9926048726481878	0.9890068049209501	0.9896744482954628	0.9872573698384292	0.987357522836918	0.9880969567951681	0.9911306505749351	0.9959010857956461
0.9884523836858546	0.9899172190939483	0.9872601872894304	0.989262453215319	0.98680261162982	0.9870364827724892	0.9877130454470083	0.9857297090359969	0.9899651463208474	0.9847598194595243	0.9910179097323399	0.9893320435813834	0.9903147059777792	0.9877945804070941	0.9890141399387358	1.0	0.9894108334251853	0.9894803454664093	0.9901279502742593	0.985551701370852	0.988479827609198	0.9893693875449991	0.9846890836400495	0.9901134909254565	0.9895958743082396	0.9897798829752656	0.9860692121666523	0.9840164037998521	0.9853929067393574	0.988455978969047	0.9888257961058228
0.9907148370503828	0.9905917225929685	0.9907913479573769	0.9910849484454045	0.9898635051934195	0.9893856508200629	0.9903319107464201	0.9876384012061111	0.9913509237693187	0.9882764704515461	0.9920913095982969	0.9963064125114373	0.9976501787505014	0.9895249934452703	0.990165069839384	0.9894108334251853	1.0	0.9907929689601218	0.9919258553897139	0.988455766987137	0.9964307918351419	0.9912576914486378	0.9934625809227876	0.9967407985979609	0.9912116367032074	0.9914485147447547	0.9934155020616039	0.9879974217523445	0.9901356199405172	0.9967910338000514	0.9905870714540779
0.9913337555929043	0.9887497285518759	0.9919771760678908	0.9925261102960363	0.9896680559620711	0.9904030418532836	0.9906029669837261	0.9883265533567565	0.9917314985129903	0.9881164549586772	0.988481155454629	0.9922753537302306	0.9925533234271254	0.9881165896304724	0.9889659039081404	0.9894803454664093	0.9907929689601218	1.0	0.9919972015931169	0.987835464221622	0.9914771752308511	0.9922507601940942	0.9882642803089595	0.9926705558946376	0.9940190017751911	0.9878371719171932	0.9878448110458633	0.9903167284315355	0.9888763030556041	0.9913794920632703	0.9905455730686006
0.9899388641006757	0.9919615477346505	0.9902408841554143	0.9890158516751211	0.9850850680512149	0.9845533675881181	0.9773918838617578	0.987129781785306	0.9807194228681866	0.9867977053477215	0.9925624971070881	0.9852604051338497	0.9883858346558849	0.9905029036227802	0.9912402742270056	0.9901279502742593	0.9919258553897139	0.9919972015931169	1.0	0.9881864581576348	0.9790112748360728	0.9893650154221557	0.9877840476146518	0.9834633994655541	0.99185435490188	0.9916028783473396	0.9897105210870928	0.9836934826831361	0.9778885363354327	0.9785391838123018	0.9908736465965349
0.9865180118234167	0.9871559340310172	0.9858880973951123	0.9874857803798395	0.9855890680777047	0.9860350634491485	0.9861670844748264	0.9839923083420873	0.9881372490153018	0.9829163074654764	0.9882960660034472	0.9881834759836324	0.9894923677355654	0.9859994071046816	0.9874388223658584	0.985551701370852	0.988455766987137	0.987835464221622	0.9881864581576348	1.0	0.9883949139066652	0.9874535041716967	0.985441220379509	0.9893605453281853	0.9878586479505936	0.9877193000882808	0.9848261190516426	0.9841947488817648	0.9910495410644514	0.9888789115988591	0.9869183216805258
0.9882244270991326	0.991593133079681	0.9893584574750084	0.9858320105427404	0.9840375677461937	0.9834004385298017	0.9775055311832027	0.9861976114532938	0.9790678226057329	0.9876641703298128	0.9917471134431746	0.9864240642135365	0.9902142845937578	0.990693545465052	0.991360809094797	0.988479827609198	0.9964307918351419	0.9914771752308511	0.9790112748360728	0.9883949139066652	1.0	0.9871825446271573	0.9936137222023683	0.9844715172715532	0.991360809094797	0.9909305923822108	0.9937224407092402	0.9829017717923871	0.9787840987152803	0.9815685492173066	0.9904547846642661
0.9894786921192201	0.9933607438308345	0.9917452214888851	0.9903400907275972	0.9895277369988397	0.9858118766892281	0.9840955771376749	0.9866904567982911	0.9877514189799668	0.9873663579251628	0.9925504153175029	0.989942070583198	0.9897381673944629	0.9902071742656912	0.991515182432781	0.9893693875449991	0.9912576914486378	0.9922507601940942	0.9893650154221557	0.9874535041716967	0.9871825446271573	1.0	0.9870741924346553	0.9898644134608575	0.9922507601940942	0.9926497002239544	0.9884253699690712	0.9838062333466114	0.9828340850801973	0.987314225622933	0.9913351496307314
0.985632837973785	0.9880687193360748	0.9853550716020236	0.9864661379402218	0.9851101217455692	0.9842391840666208	0.985187461752751	0.9831174117114232	0.987712586162656	0.9842238765092141	0.98896361446766	0.9918026530000507	0.9936318667532112	0.9868448772277094	0.9878473162687751	0.9846890836400495	0.9934625809227876	0.9882642803089595	0.9877840476146518	0.985441220379509	0.9936137222023683	0.9870741924346553	1.0	0.9929645277177134	0.9884101929036216	0.9882398985871913	0.9902045990306931	0.9825536032566852	0.9838966256584233	0.9918367133151986	0.9873248446522729
0.9900425175626422	0.9928015325324957	0.9912972645604895	0.989105694892696	0.9856808281143666	0.9848179089813773	0.9781958415030401	0.9871481699760618	0.9808686030846483	0.9885528609887135	0.99315906830414	0.9890691263551681	0.992440091768804	0.9915358040239605	0.9926048726481878	0.9901134909254565	0.9967407985979609	0.9926705558946376	0.9834633994655541	0.9893605453281853	0.9844715172715532	0.9898644134608575	0.9929645277177134	1.0	0.9929319928352428	0.9927688369415629	0.9937359243451188	0.9844831188516022	0.9792491647752762	0.9836298988909273	0.992440091768804
0.9914279530911576	0.9887300464561697	0.9919551912445259	0.9925261102960363	0.9898635051934195	0.9904308598209931	0.990467717033988	0.9882507982006791	0.9916970813138208	0.9886844052087372	0.9886156861093925	0.9921185364003527	0.992440689951452	0.9881999803220873	0.9890068049209501	0.9895958743082396	0.9912116367032074	0.9940190017751911	0.99185435490188	0.9878586479505936	0.991360809094797	0.9922507601940942	0.9884101929036216	0.9929319928352428	1.0	0.9882510634196657	0.9880234735640476	0.9907324946559021	0.9889724380940719	0.9917667819108567	0.9909582287468975
0.991404428877188	0.9898335848968143	0.9926730836220085	0.9933768748479755	0.9905522379583588	0.9919524208015434	0.9924405343604614	0.9884775430800221	0.9913161077609746	0.9895732476236043	0.9901641349330734	0.9920240878309611	0.9929445483828797	0.9891036129637703	0.9896744482954628	0.9897798829752656	0.9914485147447547	0.9878371719171932	0.9916028783473396	0.9877193000882808	0.9909305923822108	0.9926497002239544	0.9882398985871913	0.9927688369415629	0.9882510634196657	1.0	0.9880457383809239	0.9884953351874047	0.9890682935975594	0.9916264737309023	0.9913049777768448
0.9876447814048257	0.9873938666763878	0.987813344459603	0.9880289152257857	0.9866495094930904	0.9869129602346165	0.9872680389118997	0.9847039733716116	0.988745328504923	0.985344802561161	0.9884659353636527	0.9937441527715807	0.9944913219126148	0.9860736944253901	0.9872573698384292	0.9860692121666523	0.9934155020616039	0.9878448110458633	0.9897105210870928	0.9848261190516426	0.9937224407092402	0.9884253699690712	0.9902045990306931	0.9937359243451188	0.9880234735640476	0.9880457383809239	1.0	0.9849275925699748	0.9869943211327805	0.9951573061569797	0.9871133453305231
0.9830791772763191	0.9887285880554696	0.9844604617562446	0.9836499399106913	0.9817605612704406	0.9822324060224776	0.9822344304258247	0.9817011340865314	0.9842751535178993	0.9839865851187585	0.9890881762273586	0.9836323790271997	0.9844355732202091	0.9864291559660969	0.987357522836918	0.9840164037998521	0.9879974217523445	0.9903167284315355	0.9836934826831361	0.9841947488817648	0.9829017717923871	0.9838062333466114	0.9825536032566852	0.9844831188516022	0.9907324946559021	0.9884953351874047	0.9849275925699748	1.0	0.9818155978087638	0.9845577926021544	0.9877323070090905
0.9848533663612251	0.9891320427836566	0.9868239848299576	0.9812132634448487	0.9787301425798988	0.9801421926258838	0.9778138769223652	0.9827954926191177	0.9778097759420827	0.9851781531921495	0.9897315917364479	0.978820700376839	0.9799321313754364	0.9869943211327805	0.9880969567951681	0.9853929067393574	0.9901356199405172	0.9888763030556041	0.9778885363354327	0.9910495410644514	0.9787840987152803	0.9828340850801973	0.9838966256584233	0.9792491647752762	0.9889724380940719	0.9890682935975594	0.9869943211327805	0.9818155978087638	1.0	0.9797823267021921	0.9876669834037541
0.9875139257557604	0.9911663143061155	0.9891452522124562	0.9852901905695746	0.9837640731322284	0.9824898909438693	0.9755351550491339	0.9850335586355453	0.977539440317094	0.9878703612057209	0.9918716236249946	0.9854601711675816	0.9891452522124562	0.9897088395566672	0.9911306505749351	0.988455978969047	0.9967910338000514	0.9913794920632703	0.9785391838123018	0.9888789115988591	0.9815685492173066	0.987314225622933	0.9918367133151986	0.9836298988909273	0.9917667819108567	0.9916264737309023	0.9951573061569797	0.9845577926021544	0.9797823267021921	1.0	0.9912375264858476
0.9904252229375371	0.9909992121569905	0.9905168444781463	0.9912482157728353	0.989188515616171	0.9890973831285034	0.9900928969661533	0.9874835055773696	0.991141475310376	0.9874918647038282	0.9922451259750753	0.991675449722093	0.9921858536225039	0.9946595183555088	0.9959010857956461	0.9888257961058228	0.9905870714540779	0.9905455730686006	0.9908736465965349	0.9869183216805258	0.9904547846642661	0.9913351496307314	0.9873248446522729	0.992440091768804	0.9909582287468975	0.9913049777768448	0.9871133453305231	0.9877323070090905	0.9876669834037541	0.9912375264858476	1.0
