/home/jshaw/scratch/2022_sketched_distance/references/SGB_genome_fastas_part4/9278/BritoIL_2016__M1.22.ST__bin.77.fa	/home/jshaw/scratch/2022_sketched_distance/references/SGB_genome_fastas_part4/9278/BritoIL_2016__M1.26.ST__bin.18.fa	/home/jshaw/scratch/2022_sketched_distance/references/SGB_genome_fastas_part4/9278/BritoIL_2016__M1.27.ST__bin.15.fa	/home/jshaw/scratch/2022_sketched_distance/references/SGB_genome_fastas_part4/9278/BritoIL_2016__M1.38.ST__bin.20.fa	/home/jshaw/scratch/2022_sketched_distance/references/SGB_genome_fastas_part4/9278/BritoIL_2016__M1.48.ST__bin.84.fa	/home/jshaw/scratch/2022_sketched_distance/references/SGB_genome_fastas_part4/9278/BritoIL_2016__M1.61.ST__bin.86.fa	/home/jshaw/scratch/2022_sketched_distance/references/SGB_genome_fastas_part4/9278/BritoIL_2016__M2.39.ST__bin.56.fa	/home/jshaw/scratch/2022_sketched_distance/references/SGB_genome_fastas_part4/9278/BritoIL_2016__M2.3.ST__bin.28.fa	/home/jshaw/scratch/2022_sketched_distance/references/SGB_genome_fastas_part4/9278/BritoIL_2016__M2.51.ST__bin.46.fa	/home/jshaw/scratch/2022_sketched_distance/references/SGB_genome_fastas_part4/9278/BritoIL_2016__W1.11.ST__bin.50.fa	/home/jshaw/scratch/2022_sketched_distance/references/SGB_genome_fastas_part4/9278/BritoIL_2016__W1.13.ST__bin.14.fa	/home/jshaw/scratch/2022_sketched_distance/references/SGB_genome_fastas_part4/9278/BritoIL_2016__W1.26.ST__bin.16.fa	/home/jshaw/scratch/2022_sketched_distance/references/SGB_genome_fastas_part4/9278/BritoIL_2016__W1.27.ST__bin.36.fa	/home/jshaw/scratch/2022_sketched_distance/references/SGB_genome_fastas_part4/9278/BritoIL_2016__W1.2.ST__bin.104.fa	/home/jshaw/scratch/2022_sketched_distance/references/SGB_genome_fastas_part4/9278/BritoIL_2016__W1.33.ST__bin.72.fa	/home/jshaw/scratch/2022_sketched_distance/references/SGB_genome_fastas_part4/9278/BritoIL_2016__W1.36.ST__bin.47.fa	/home/jshaw/scratch/2022_sketched_distance/references/SGB_genome_fastas_part4/9278/BritoIL_2016__W1.37.ST__bin.8.fa	/home/jshaw/scratch/2022_sketched_distance/references/SGB_genome_fastas_part4/9278/BritoIL_2016__W1.39.ST__bin.59.fa	/home/jshaw/scratch/2022_sketched_distance/references/SGB_genome_fastas_part4/9278/BritoIL_2016__W1.40.ST__bin.48.fa	/home/jshaw/scratch/2022_sketched_distance/references/SGB_genome_fastas_part4/9278/BritoIL_2016__W1.41.ST__bin.53.fa	/home/jshaw/scratch/2022_sketched_distance/references/SGB_genome_fastas_part4/9278/BritoIL_2016__W1.4.ST__bin.43.fa	/home/jshaw/scratch/2022_sketched_distance/references/SGB_genome_fastas_part4/9278/BritoIL_2016__W1.9.ST__bin.22.fa	/home/jshaw/scratch/2022_sketched_distance/references/SGB_genome_fastas_part4/9278/BritoIL_2016__W2.15.ST__bin.36.fa	/home/jshaw/scratch/2022_sketched_distance/references/SGB_genome_fastas_part4/9278/BritoIL_2016__W2.17.ST__bin.4.fa	/home/jshaw/scratch/2022_sketched_distance/references/SGB_genome_fastas_part4/9278/BritoIL_2016__W2.4.ST__bin.57.fa	/home/jshaw/scratch/2022_sketched_distance/references/SGB_genome_fastas_part4/9278/BritoIL_2016__W2.61.ST__bin.99.fa	/home/jshaw/scratch/2022_sketched_distance/references/SGB_genome_fastas_part4/9278/BritoIL_2016__W2.65.ST__bin.28.fa	/home/jshaw/scratch/2022_sketched_distance/references/SGB_genome_fastas_part4/9278/BritoIL_2016__W3.17.ST__bin.58.fa	/home/jshaw/scratch/2022_sketched_distance/references/SGB_genome_fastas_part4/9278/BritoIL_2016__WL.12.ST__bin.35.fa	/home/jshaw/scratch/2022_sketched_distance/references/SGB_genome_fastas_part4/9278/BritoIL_2016__WL.14.ST__bin.31.fa	/home/jshaw/scratch/2022_sketched_distance/references/SGB_genome_fastas_part4/9278/BritoIL_2016__WL.20.ST__bin.58.fa	/home/jshaw/scratch/2022_sketched_distance/references/SGB_genome_fastas_part4/9278/QinJ_2012__CON-110__bin.49.fa	/home/jshaw/scratch/2022_sketched_distance/references/SGB_genome_fastas_part4/9278/ZeeviD_2015__PNP_Main_706__bin.20.fa
1.0	0.9954401300174698	0.9950544501638688	0.995274252992788	0.9957753301304173	0.9950364999234418	0.9955384113994769	0.9948678316148633	0.99538353022265	0.9952176776856043	0.9948660173015274	0.994870371486786	0.9948860590567687	0.995442176256848	0.9952346480466611	0.9954843095112258	0.9962509211492175	0.9948678316148633	0.9949643857875237	0.9949776078857835	0.9954112100222896	0.9950003811486045	0.9954218710435637	0.9949126272850812	0.9952176776856043	0.9928950346878089	0.995285562799659	0.9954934929948481	0.9949833206685494	0.995002668069786	0.9953123086482057	0.9939256542980051	0.9947213268726378
0.9954401300174698	1.0	0.9944982558165922	0.9889551028685024	0.9977981506170833	0.992100507621256	0.992636732725243	0.9947237608710006	0.989748234659908	0.994873249996808	0.9931120157174657	0.9887762301060766	0.9958046838916014	0.9943975368504293	0.9923160418930798	0.9901703828433713	0.9926633171755412	0.9954645585967717	0.9962846102432433	0.9956593425238625	0.9964035157840697	0.9957563074495257	0.9952931796387258	0.9889718563010887	0.9964983346676016	0.9836324724717501	0.9964746553106242	0.9901823496580276	0.9956593425238625	0.9957563074495257	0.9958529899320754	0.9876581092375332	0.9942965109073234
0.9950544501638688	0.9944982558165922	1.0	0.9948565807950877	0.9953618590426133	0.9945566800542891	0.9945236449374	0.9955652272149751	0.9935250975143478	0.9956462267881917	0.9946694848466452	0.9936855974606396	0.9961480444481009	0.994971991028867	0.9947550740135621	0.994711666361226	0.9939052349436146	0.9948271923648604	0.9963862492427382	0.9955043475277585	0.9958277562711807	0.9960282981860746	0.995928178658981	0.9948233573642107	0.9952597056016763	0.9926802012532001	0.9951367048080315	0.9950045778566398	0.9946817586565809	0.9965244171205776	0.9970907830574987	0.99257668954751	0.9941993626919197
0.995274252992788	0.9889551028685024	0.9948565807950877	1.0	0.995274252992788	0.9916394885676468	0.9918296717738656	0.9951764492810171	0.9899341323764597	0.9952009272546851	0.9922603117572625	0.9886201807934994	0.9959030455236344	0.9943332621370748	0.9911453609671913	0.9891733261061016	0.992153176363065	0.9946084113843101	0.9959030455236344	0.995274252992788	0.9957589933485342	0.9955175082802706	0.9956626100706415	0.9888649865387988	0.9954204200670996	0.9850209965752235	0.9953230469353967	0.9897040533820736	0.9950783563584348	0.9955175082802706	0.9958310975781524	0.9874534620361188	0.9937504607064267
0.9957753301304173	0.9977981506170833	0.9953618590426133	0.995274252992788	1.0	0.9960858800982427	0.9961763018983463	0.9951225996543105	0.9946238050280362	0.9957949108080484	0.9955341851357538	0.9956292705448984	0.996607042820976	0.9953228113882849	0.9969360746396102	0.9963103936414368	0.9964873316657739	0.9958535836331346	0.9967404882340624	0.9960484141360675	0.9967214573888632	0.9963962537748976	0.9959706190878196	0.9958501851402105	0.9970623560207874	0.9928950346878089	0.9969112771053148	0.9967890577425395	0.9959316530963858	0.996338532926734	0.9962999965538717	0.9946764506951322	0.9950455014782201
0.9950364999234418	0.992100507621256	0.9945566800542891	0.9916394885676468	0.9960858800982427	1.0	0.9919479973958677	0.9945336573749982	0.9909445259902125	0.9952625684474464	0.9935282399725818	0.9910975803144441	0.9957767537064918	0.9948773301391872	0.9931286160438838	0.9931101578432302	0.9930259041151013	0.9951497267703474	0.9959316767116823	0.9960198806130767	0.9965659093720896	0.9960858800982427	0.9949456393218027	0.9924136766335083	0.995798929881652	0.9868712874495548	0.9957101361445364	0.9926224808772182	0.9951271122999944	0.9957101361445364	0.995732356858123	0.9913836583023086	0.994186384447968
0.9955384113994769	0.992636732725243	0.9945236449374	0.9918296717738656	0.9961763018983463	0.9919479973958677	1.0	0.9957597610855715	0.9913711923207854	0.9963284565378102	0.9935712331645986	0.9919739371173842	0.9967593822606476	0.9952708279655543	0.9923710455908236	0.9924392462874795	0.9925420333026534	0.9958258791515036	0.9968875774978727	0.9961108787386064	0.9961108787386064	0.9967379682185167	0.9965014982399734	0.9932677837390873	0.9963934528712783	0.9885184085373375	0.9962633327521322	0.9939198646275756	0.995471717571591	0.9955827996003742	0.9959138322085882	0.9917461093606563	0.9949784894563438
0.9948678316148633	0.9947237608710006	0.9955652272149751	0.9951764492810171	0.9951225996543105	0.9945336573749982	0.9957597610855715	1.0	0.9945997808776182	0.9961110536517519	0.9955981381023785	0.9946218142140024	0.9988784965786068	0.9954024356614757	0.9952573128616127	0.9949342642243405	0.9949533428169088	0.9956429205809377	0.9982488141196236	0.9949481665914907	0.9955051287437724	0.9961691088635674	0.9989141211942572	0.9956473459504405	0.9956429205809377	0.9951419883308337	0.9955248483555227	0.9976844733248811	0.9944020897939554	0.9949682199664565	0.995721402671033	0.9939256542980051	0.9945580433087363
0.99538353022265	0.989748234659908	0.9935250975143478	0.9899341323764597	0.9946238050280362	0.9909445259902125	0.9913711923207854	0.9945997808776182	1.0	0.9951952240591267	0.9919490066843079	0.9882289530258327	0.995430440242306	0.9940179149785661	0.990566617875254	0.9905524794684551	0.9926446143210456	0.9944069583361408	0.995453870405525	0.9943101248076232	0.994743665354431	0.9948869281636554	0.9953130406022561	0.989918410817661	0.994815374125977	0.9864276927793646	0.9947675855129308	0.9891861096424345	0.994285872156954	0.9942130075381969	0.9946478117826736	0.988197697006111	0.9934505383629704
0.9952176776856043	0.994873249996808	0.9956462267881917	0.9952009272546851	0.9957949108080484	0.9952625684474464	0.9963284565378102	0.9961110536517519	0.9951952240591267	1.0	0.9959582288506263	0.9953131334502241	0.996343539974436	0.9975949971511145	0.9960409836309622	0.9954114949162209	0.995597476536254	0.9961304166694753	0.9962684051597938	0.9952142173206873	0.9954883079765707	0.9986339355510271	0.9965749485268144	0.9984871397200898	0.995469050275571	0.9943317811999272	0.9955185244735005	0.9969442808400744	0.9948645260107628	0.99532070895898	0.9955659971285441	0.9944280701191816	0.9951863375514222
0.9948660173015274	0.9931120157174657	0.9946694848466452	0.9922603117572625	0.9955341851357538	0.9935282399725818	0.9935712331645986	0.9955981381023785	0.9919490066843079	0.9959582288506263	1.0	0.9928276657672302	0.9966256313812506	0.9953201139889758	0.9932732607134538	0.9932660624139802	0.9928706844341951	0.9954914812502125	0.996418505193945	0.9952771335177474	0.9965843093351677	0.9964392760298458	0.9960423914193636	0.9937637146323641	0.9958527247062406	0.989448180206243	0.9957256755008629	0.9946745842127646	0.9952340972916693	0.99538448047617	0.9955128400623887	0.9923119852379456	0.9943393194603575
0.994870371486786	0.9887762301060766	0.9936855974606396	0.9886201807934994	0.9956292705448984	0.9910975803144441	0.9919739371173842	0.9946218142140024	0.9882289530258327	0.9953131334502241	0.9928276657672302	1.0	0.9957017995400816	0.9947711720488732	0.9913739463131572	0.9893050989387406	0.9915933869266782	0.9954107275963211	0.9957500642994951	0.996109830345135	0.9955080355281416	0.9958704200453814	0.9954350813451348	0.989640771036089	0.9957982589779185	0.9837941680454545	0.9956534644921567	0.9897361564063911	0.9948455994337785	0.9949445768134255	0.9950678845914473	0.9881642305408008	0.9944216179601592
0.9948860590567687	0.9958046838916014	0.9961480444481009	0.9959030455236344	0.996607042820976	0.9957767537064918	0.9967593822606476	0.9988784965786068	0.995430440242306	0.996343539974436	0.9966256313812506	0.9957017995400816	1.0	0.9965744314567234	0.9963712607526173	0.9961325504845534	0.996423022777268	0.9972533064502831	0.9982482264316458	0.9958755901310773	0.9956806260075509	0.9970801838499135	0.9989791182807034	0.9968742236917633	0.9963080286532602	0.9956525755933632	0.9963023609207261	0.9991172060648373	0.9957066342643879	0.9962761686903351	0.9961250255709988	0.9953028754261943	0.995585462916149
0.995442176256848	0.9943975368504293	0.994971991028867	0.9943332621370748	0.9953228113882849	0.9948773301391872	0.9952708279655543	0.9954024356614757	0.9940179149785661	0.9975949971511145	0.9953201139889758	0.9947711720488732	0.9965744314567234	1.0	0.9954831134856806	0.9949342642243405	0.9956853492720853	0.9955611132677867	0.996207756024834	0.9953626474107353	0.9962659219632768	0.99766936271444	0.9960131303853649	0.9965363734708138	0.9956993364924088	0.99304763780334	0.9955611132677867	0.9958154795148466	0.9949217978150835	0.9947397476348138	0.995342735378262	0.9938411726805989	0.9946805813083731
0.9952346480466611	0.9923160418930798	0.9947550740135621	0.9911453609671913	0.9969360746396102	0.9931286160438838	0.9923710455908236	0.9952573128616127	0.990566617875254	0.9960409836309622	0.9932732607134538	0.9913739463131572	0.9963712607526173	0.9954831134856806	1.0	0.9932660624139802	0.9932010173734956	0.9955730052402312	0.9965460746595378	0.9961293792301092	0.9964587827128487	0.9965896347612527	0.9957520615710341	0.9925416105012995	0.9964587827128487	0.9884484818366496	0.9963493441783504	0.9924751372970725	0.9957966751251673	0.9959523520582089	0.9959966974213156	0.9914746443821824	0.9947780688151464
0.9954843095112258	0.9901703828433713	0.994711666361226	0.9891733261061016	0.9963103936414368	0.9931101578432302	0.9924392462874795	0.9949342642243405	0.9905524794684551	0.9954114949162209	0.9932660624139802	0.9893050989387406	0.9961325504845534	0.9949342642243405	0.9932660624139802	1.0	0.9932271550465025	0.995665650037303	0.9967683779423357	0.9970817857938286	0.9968731760000237	0.9961681953944698	0.9954843095112258	0.9851027131261794	0.9963103936414368	0.9771347323482926	0.9963103936414368	0.9879173556913515	0.9960253855839388	0.9955569646755299	0.9953385201775442	0.985695035721553	0.9944125252848186
0.9962509211492175	0.9926633171755412	0.9939052349436146	0.992153176363065	0.9964873316657739	0.9930259041151013	0.9925420333026534	0.9949533428169088	0.9926446143210456	0.995597476536254	0.9928706844341951	0.9915933869266782	0.996423022777268	0.9956853492720853	0.9932010173734956	0.9932271550465025	1.0	0.9954431371334117	0.9965087403231979	0.9960562346724889	0.9969340415303036	0.9963155638175439	0.9957948640340527	0.9924136766335083	0.996423022777268	0.9887273026886388	0.9962940302392382	0.9934643744207181	0.9959693395695555	0.9953767712844109	0.995597476536254	0.9918959654985716	0.994885988788504
0.9948678316148633	0.9954645585967717	0.9948271923648604	0.9946084113843101	0.9958535836331346	0.9951497267703474	0.9958258791515036	0.9956429205809377	0.9944069583361408	0.9961304166694753	0.9954914812502125	0.9954107275963211	0.9972533064502831	0.9955611132677867	0.9955730052402312	0.995665650037303	0.9954431371334117	1.0	0.9969714035549888	0.9958192450352118	0.9956821848240395	0.9968958238520137	0.9965344536373545	0.996223629569286	0.9960528967551328	0.9933205630404522	0.9959946378109105	0.9976592218815894	0.9954458994985469	0.9955248483555227	0.9958973118065051	0.9943170785391573	0.9945989396522471
0.9949643857875237	0.9962846102432433	0.9963862492427382	0.9959030455236344	0.9967404882340624	0.9959316767116823	0.9968875774978727	0.9982488141196236	0.995453870405525	0.9962684051597938	0.996418505193945	0.9957500642994951	0.9982482264316458	0.996207756024834	0.9965460746595378	0.9967683779423357	0.9965087403231979	0.9969714035549888	1.0	0.996048475610675	0.9955577288175029	0.9969875768662252	0.998429913619062	0.9966211586683857	0.9965325412519854	0.9966507759610681	0.9966594217953682	0.9986300958049783	0.9956872911401294	0.9965632432774175	0.9965051505935706	0.9954643635232263	0.9955258993144414
0.9949776078857835	0.9956593425238625	0.9955043475277585	0.995274252992788	0.9960484141360675	0.9960198806130767	0.9961108787386064	0.9949481665914907	0.9943101248076232	0.9952142173206873	0.9952771335177474	0.996109830345135	0.9958755901310773	0.9953626474107353	0.9961293792301092	0.9970817857938286	0.9960562346724889	0.9958192450352118	0.996048475610675	1.0	0.996029310512062	0.9959717487480826	0.9953827366673202	0.9954724916019351	0.9957984621828108	0.99347122165705	0.9957017995400816	0.9965287301119441	0.9951748994342464	0.995753096181668	0.9955270941502024	0.9950591597724887	0.9951461596525013
0.9954112100222896	0.9964035157840697	0.9958277562711807	0.9957589933485342	0.9967214573888632	0.9965659093720896	0.9961108787386064	0.9955051287437724	0.994743665354431	0.9954883079765707	0.9965843093351677	0.9955080355281416	0.9956806260075509	0.9962659219632768	0.9964587827128487	0.9968731760000237	0.9969340415303036	0.9956821848240395	0.9955577288175029	0.996029310512062	1.0	0.9962372794171234	0.9957526629446278	0.9960517923979244	0.9961008835454478	0.9936211979610229	0.9961508634462066	0.9968149786659998	0.9958031811541164	0.9959089416356192	0.9955854315289088	0.9947588324241796	0.9954463145028408
0.9950003811486045	0.9957563074495257	0.9960282981860746	0.9955175082802706	0.9963962537748976	0.9960858800982427	0.9967379682185167	0.9961691088635674	0.9948869281636554	0.9986339355510271	0.9964392760298458	0.9958704200453814	0.9970801838499135	0.99766936271444	0.9965896347612527	0.9961681953944698	0.9963155638175439	0.9968958238520137	0.9969875768662252	0.9959717487480826	0.9962372794171234	1.0	0.9965938312783377	0.9988322544933204	0.9962751995372088	0.9946524420201777	0.996142289237674	0.9975326762429289	0.9956098057102806	0.9959477889456209	0.9957404983845933	0.9950047566999795	0.9953065801056101
0.9954218710435637	0.9952931796387258	0.995928178658981	0.9956626100706415	0.9959706190878196	0.9949456393218027	0.9965014982399734	0.9989141211942572	0.9953130406022561	0.9965749485268144	0.9960423914193636	0.9954350813451348	0.9989791182807034	0.9960131303853649	0.9957520615710341	0.9954843095112258	0.9957948640340527	0.9965344536373545	0.998429913619062	0.9953827366673202	0.9957526629446278	0.9965938312783377	1.0	0.996451371313906	0.9960034155070173	0.9956244148104886	0.9958879188713624	0.9984332383620904	0.9950482173544205	0.995596515532453	0.9960226259424358	0.9947313945840757	0.995406450402796
0.9949126272850812	0.9889718563010887	0.9948233573642107	0.9888649865387988	0.9958501851402105	0.9924136766335083	0.9932677837390873	0.9956473459504405	0.989918410817661	0.9984871397200898	0.9937637146323641	0.989640771036089	0.9968742236917633	0.9965363734708138	0.9925416105012995	0.9851027131261794	0.9924136766335083	0.996223629569286	0.9966211586683857	0.9954724916019351	0.9960517923979244	0.9988322544933204	0.996451371313906	1.0	0.9961091703210682	0.9791361302603967	0.9960804937539226	0.9878136401118097	0.9954724916019351	0.9957054266047786	0.9955891634745919	0.9864600097896248	0.9944035567357039
0.9952176776856043	0.9964983346676016	0.9952597056016763	0.9954204200670996	0.9970623560207874	0.995798929881652	0.9963934528712783	0.9956429205809377	0.994815374125977	0.995469050275571	0.9958527247062406	0.9957982589779185	0.9963080286532602	0.9956993364924088	0.9964587827128487	0.9963103936414368	0.996423022777268	0.9960528967551328	0.9965325412519854	0.9957984621828108	0.9961008835454478	0.9962751995372088	0.9960034155070173	0.9961091703210682	1.0	0.9936211979610229	0.9999323043347801	0.9971244628183517	0.9955515726823692	0.9958895009201512	0.9955076255450471	0.9950863278830963	0.9953265782292238
0.9928950346878089	0.9836324724717501	0.9926802012532001	0.9850209965752235	0.9928950346878089	0.9868712874495548	0.9885184085373375	0.9951419883308337	0.9864276927793646	0.9943317811999272	0.989448180206243	0.9837941680454545	0.9956525755933632	0.99304763780334	0.9884484818366496	0.9771347323482926	0.9887273026886388	0.9933205630404522	0.9966507759610681	0.99347122165705	0.9936211979610229	0.9946524420201777	0.9956244148104886	0.9791361302603967	0.9936211979610229	1.0	0.9933507496519038	0.9825615487704081	0.9927109772655264	0.9931995406235042	0.9942731444870958	0.9802186753176712	0.9919957827254215
0.995285562799659	0.9964746553106242	0.9951367048080315	0.9953230469353967	0.9969112771053148	0.9957101361445364	0.9962633327521322	0.9955248483555227	0.9947675855129308	0.9955185244735005	0.9957256755008629	0.9956534644921567	0.9963023609207261	0.9955611132677867	0.9963493441783504	0.9963103936414368	0.9962940302392382	0.9959946378109105	0.9966594217953682	0.9957017995400816	0.9961508634462066	0.996142289237674	0.9958879188713624	0.9960804937539226	0.9999323043347801	0.9933507496519038	1.0	0.9970730818545182	0.9953567212107549	0.995753096181668	0.995371024535987	0.9949502642442466	0.9951863375514222
0.9954934929948481	0.9901823496580276	0.9950045778566398	0.9897040533820736	0.9967890577425395	0.9926224808772182	0.9939198646275756	0.9976844733248811	0.9891861096424345	0.9969442808400744	0.9946745842127646	0.9897361564063911	0.9991172060648373	0.9958154795148466	0.9924751372970725	0.9879173556913515	0.9934643744207181	0.9976592218815894	0.9986300958049783	0.9965287301119441	0.9968149786659998	0.9975326762429289	0.9984332383620904	0.9878136401118097	0.9971244628183517	0.9825615487704081	0.9970730818545182	1.0	0.9962399933896476	0.9964764188809836	0.9962663461578509	0.986289074520865	0.995735275262566
0.9949833206685494	0.9956593425238625	0.9946817586565809	0.9950783563584348	0.9959316530963858	0.9951271122999944	0.995471717571591	0.9944020897939554	0.994285872156954	0.9948645260107628	0.9952340972916693	0.9948455994337785	0.9957066342643879	0.9949217978150835	0.9957966751251673	0.9960253855839388	0.9959693395695555	0.9954458994985469	0.9956872911401294	0.9951748994342464	0.9958031811541164	0.9956098057102806	0.9950482173544205	0.9954724916019351	0.9955515726823692	0.9927109772655264	0.9953567212107549	0.9962399933896476	1.0	0.9951819411172454	0.9949776078857835	0.9945662890065321	0.9946397856101052
0.995002668069786	0.9957563074495257	0.9965244171205776	0.9955175082802706	0.996338532926734	0.9957101361445364	0.9955827996003742	0.9949682199664565	0.9942130075381969	0.99532070895898	0.99538448047617	0.9949445768134255	0.9962761686903351	0.9947397476348138	0.9959523520582089	0.9955569646755299	0.9953767712844109	0.9955248483555227	0.9965632432774175	0.995753096181668	0.9959089416356192	0.9959477889456209	0.995596515532453	0.9957054266047786	0.9958895009201512	0.9931995406235042	0.995753096181668	0.9964764188809836	0.9951819411172454	1.0	0.9989348103813499	0.994289272472412	0.994414507488178
0.9953123086482057	0.9958529899320754	0.9970907830574987	0.9958310975781524	0.9962999965538717	0.995732356858123	0.9959138322085882	0.995721402671033	0.9946478117826736	0.9955659971285441	0.9955128400623887	0.9950678845914473	0.9961250255709988	0.995342735378262	0.9959966974213156	0.9953385201775442	0.995597476536254	0.9958973118065051	0.9965051505935706	0.9955270941502024	0.9955854315289088	0.9957404983845933	0.9960226259424358	0.9955891634745919	0.9955076255450471	0.9942731444870958	0.995371024535987	0.9962663461578509	0.9949776078857835	0.9989348103813499	1.0	0.9943448612975647	0.9949445368982855
0.9939256542980051	0.9876581092375332	0.99257668954751	0.9874534620361188	0.9946764506951322	0.9913836583023086	0.9917461093606563	0.9939256542980051	0.988197697006111	0.9944280701191816	0.9923119852379456	0.9881642305408008	0.9953028754261943	0.9938411726805989	0.9914746443821824	0.985695035721553	0.9918959654985716	0.9943170785391573	0.9954643635232263	0.9950591597724887	0.9947588324241796	0.9950047566999795	0.9947313945840757	0.9864600097896248	0.9950863278830963	0.9802186753176712	0.9949502642442466	0.986289074520865	0.9945662890065321	0.994289272472412	0.9943448612975647	1.0	0.9944280701191816
0.9947213268726378	0.9942965109073234	0.9941993626919197	0.9937504607064267	0.9950455014782201	0.994186384447968	0.9949784894563438	0.9945580433087363	0.9934505383629704	0.9951863375514222	0.9943393194603575	0.9944216179601592	0.995585462916149	0.9946805813083731	0.9947780688151464	0.9944125252848186	0.994885988788504	0.9945989396522471	0.9955258993144414	0.9951461596525013	0.9954463145028408	0.9953065801056101	0.995406450402796	0.9944035567357039	0.9953265782292238	0.9919957827254215	0.9951863375514222	0.995735275262566	0.9946397856101052	0.994414507488178	0.9949445368982855	0.9944280701191816	1.0
