/home/jshaw/scratch/2022_sketched_distance/references/SGB_genome_fastas_part4/6458/BackhedF_2015__SID268_M__bin.65.fa	/home/jshaw/scratch/2022_sketched_distance/references/SGB_genome_fastas_part4/6458/Bengtsson-PalmeJ_2015__TRAVELRES45__bin.37.fa	/home/jshaw/scratch/2022_sketched_distance/references/SGB_genome_fastas_part4/6458/Bengtsson-PalmeJ_2015__TRAVELRES46__bin.79.fa	/home/jshaw/scratch/2022_sketched_distance/references/SGB_genome_fastas_part4/6458/BritoIL_2016__M1.1.ST__bin.107.fa	/home/jshaw/scratch/2022_sketched_distance/references/SGB_genome_fastas_part4/6458/BritoIL_2016__M1.20.ST__bin.96.fa	/home/jshaw/scratch/2022_sketched_distance/references/SGB_genome_fastas_part4/6458/BritoIL_2016__M2.44.ST__bin.50.fa	/home/jshaw/scratch/2022_sketched_distance/references/SGB_genome_fastas_part4/6458/BritoIL_2016__M2.49.ST__bin.58.fa	/home/jshaw/scratch/2022_sketched_distance/references/SGB_genome_fastas_part4/6458/CosteaPI_2017__SID713A004-11-90-0__bin.3.fa	/home/jshaw/scratch/2022_sketched_distance/references/SGB_genome_fastas_part4/6458/CosteaPI_2017__SID713A005-11-0-0__bin.26.fa	/home/jshaw/scratch/2022_sketched_distance/references/SGB_genome_fastas_part4/6458/CosteaPI_2017__SID713B033-11-0-0__bin.36.fa	/home/jshaw/scratch/2022_sketched_distance/references/SGB_genome_fastas_part4/6458/HMP_2012__SRS011134__bin.45.fa	/home/jshaw/scratch/2022_sketched_distance/references/SGB_genome_fastas_part4/6458/LeChatelierE_2013__MH0013__bin.11.fa	/home/jshaw/scratch/2022_sketched_distance/references/SGB_genome_fastas_part4/6458/LeChatelierE_2013__MH0030__bin.19.fa	/home/jshaw/scratch/2022_sketched_distance/references/SGB_genome_fastas_part4/6458/LeChatelierE_2013__MH0100__bin.41.fa	/home/jshaw/scratch/2022_sketched_distance/references/SGB_genome_fastas_part4/6458/LeChatelierE_2013__MH0415__bin.14.fa	/home/jshaw/scratch/2022_sketched_distance/references/SGB_genome_fastas_part4/6458/LiJ_2014__MH0280__bin.4.fa	/home/jshaw/scratch/2022_sketched_distance/references/SGB_genome_fastas_part4/6458/LiJ_2014__MH0293__bin.9.fa	/home/jshaw/scratch/2022_sketched_distance/references/SGB_genome_fastas_part4/6458/LiJ_2014__V1.CD8-0-PN__bin.53.fa	/home/jshaw/scratch/2022_sketched_distance/references/SGB_genome_fastas_part4/6458/NielsenHB_2014__MH0013__bin.3.fa	/home/jshaw/scratch/2022_sketched_distance/references/SGB_genome_fastas_part4/6458/NielsenHB_2014__MH0030__bin.5.fa	/home/jshaw/scratch/2022_sketched_distance/references/SGB_genome_fastas_part4/6458/NielsenHB_2014__MH0100__bin.29.fa	/home/jshaw/scratch/2022_sketched_distance/references/SGB_genome_fastas_part4/6458/NielsenHB_2014__MH0132__bin.20.fa	/home/jshaw/scratch/2022_sketched_distance/references/SGB_genome_fastas_part4/6458/VatanenT_2016__G80328__bin.2.fa	/home/jshaw/scratch/2022_sketched_distance/references/SGB_genome_fastas_part4/6458/XieH_2016__YSZC12003_37314__bin.51.fa	/home/jshaw/scratch/2022_sketched_distance/references/SGB_genome_fastas_part4/6458/XieH_2016__YSZC12003_37797__bin.88.fa	/home/jshaw/scratch/2022_sketched_distance/references/SGB_genome_fastas_part4/6458/ZeeviD_2015__PNP_Main_122__bin.41.fa	/home/jshaw/scratch/2022_sketched_distance/references/SGB_genome_fastas_part4/6458/ZeeviD_2015__PNP_Main_24__bin.29.fa	/home/jshaw/scratch/2022_sketched_distance/references/SGB_genome_fastas_part4/6458/ZeeviD_2015__PNP_Main_54__bin.38.fa	/home/jshaw/scratch/2022_sketched_distance/references/SGB_genome_fastas_part4/6458/ZeeviD_2015__PNP_Main_596__bin.60.fa	/home/jshaw/scratch/2022_sketched_distance/references/SGB_genome_fastas_part4/6458/ZeeviD_2015__PNP_Main_601__bin.13.fa	/home/jshaw/scratch/2022_sketched_distance/references/SGB_genome_fastas_part4/6458/ZeeviD_2015__PNP_Main_610__bin.25.fa	/home/jshaw/scratch/2022_sketched_distance/references/SGB_genome_fastas_part4/6458/ZeeviD_2015__PNP_Main_616__bin.5.fa	/home/jshaw/scratch/2022_sketched_distance/references/SGB_genome_fastas_part4/6458/ZeeviD_2015__PNP_Main_627__bin.13.fa	/home/jshaw/scratch/2022_sketched_distance/references/SGB_genome_fastas_part4/6458/ZeeviD_2015__PNP_Main_633__bin.25.fa	/home/jshaw/scratch/2022_sketched_distance/references/SGB_genome_fastas_part4/6458/ZeeviD_2015__PNP_Main_73__bin.28.fa	/home/jshaw/scratch/2022_sketched_distance/references/SGB_genome_fastas_part4/6458/ZeeviD_2015__PNP_Main_77__bin.3.fa	/home/jshaw/scratch/2022_sketched_distance/references/SGB_genome_fastas_part4/6458/ZeeviD_2015__PNP_Validation_48__bin.16.fa	/home/jshaw/scratch/2022_sketched_distance/references/SGB_genome_fastas_part4/6458/ZeeviD_2015__PNP_Validation_93__bin.17.fa	/home/jshaw/scratch/2022_sketched_distance/references/SGB_genome_fastas_part4/6458/ZellerG_2014__CCIS00146684ST-4-0__bin.91.fa	/home/jshaw/scratch/2022_sketched_distance/references/SGB_genome_fastas_part4/6458/ZellerG_2014__CCIS51667829ST-4-0__bin.28.fa	/home/jshaw/scratch/2022_sketched_distance/references/SGB_genome_fastas_part4/6458/ZellerG_2014__CCIS98832363ST-4-0__bin.54.fa
1.0	0.9774986858441314	0.9796780780999742	0.9706393425984604	0.9790048876845034	0.9827238923602589	0.9812483337334754	0.9822651104454813	0.9805030597796975	0.98080778570261	0.9788625329459048	0.9790742510449694	0.9774094831110594	0.97901709154661	0.9723601494846205	0.9810113856202003	0.9813632741286051	0.9721288203538325	0.9791519594015756	0.9785337880595503	0.979620807890491	0.9796677946796095	0.9620851352001113	0.9790750550184577	0.9750081625826243	0.9794881989333023	0.979858313917342	0.9787852143673945	0.9800661943613256	0.9817932559896607	0.9800774087102604	0.9810699010711709	0.9811018611702368	0.981350767786479	0.9817828960008995	0.978837783814288	0.9803628562740682	0.9796520580552175	0.976133067167131	0.9706231252221817	0.9802266594145538
0.9774986858441314	1.0	0.9953446785417276	0.9757122277571035	0.9848353717099037	0.986509214101692	0.9871396428538134	0.9850005895414987	0.9830602559142454	0.9846580295763635	0.9860505884806564	0.9842347226629542	0.9820229288772374	0.9868041535128158	0.976929895768005	0.9850492387289815	0.9845583304549299	0.9764504039527461	0.9841856898866833	0.9832778831821106	0.9872589721244918	0.9855487031835821	0.9711068890451521	0.9842077025138884	0.9807291806232009	0.9866295020064335	0.9825532870328568	0.9855813330335209	0.9868879486219094	0.9855403847208828	0.9813584693558496	0.9840070980685455	0.983455366408718	0.984295846903726	0.9842585897670867	0.9813956040507362	0.9875577882781772	0.9801302529586932	0.9804687587353248	0.9817075919774899	0.9831406819765747
0.9796780780999742	0.9953446785417276	1.0	0.9798595656436851	0.988011836073861	0.9893625504904525	0.9897271537595761	0.9872938243851518	0.9868480750300985	0.9882801933308532	0.989747102834186	0.9875453246509759	0.9846382142794955	0.989527366601698	0.979125267691776	0.9884213063276135	0.9878465876046475	0.9800391109677558	0.9875012135117051	0.9857707246182906	0.9899314296648657	0.988330676262744	0.9714579943433712	0.9874569717711881	0.9839625619894855	0.9900821214370272	0.9864269104377705	0.9890797331398657	0.9900982283080128	0.9882148378252896	0.9854171866770104	0.9873891481397443	0.9870788243668058	0.9876050623700696	0.9878795820389231	0.985269949530468	0.9906971890771492	0.9849658875592713	0.9839913675473857	0.9807315805471319	0.9867373751984325
0.9706393425984604	0.9757122277571035	0.9798595656436851	1.0	0.9795019943871738	0.9788438655438523	0.9784444351622663	0.9784966578850078	0.9763787172834422	0.97905553100283	0.9775336172619874	0.9787164319728896	0.9776125374354924	0.9797341883147017	0.9753938263722883	0.9790406120254038	0.9775839409827242	0.9734201176937426	0.9786730555545514	0.9776125374354924	0.9803120861242545	0.9782439188169106	0.9682195038081413	0.9763004410315518	0.9769219362014345	0.978583974572547	0.9775264680313929	0.9796034301082355	0.9789053215488336	0.9787102122600491	0.9762437324618939	0.9775513706240577	0.9777441769847791	0.9785347407538864	0.9783781816720595	0.9753004443395025	0.9789961114592537	0.9740927789385805	0.9766599497126875	0.9802335166630183	0.9777423031906369
0.9790048876845034	0.9848353717099037	0.988011836073861	0.9795019943871738	1.0	0.9881490983205155	0.9873180622697427	0.9860046057263065	0.9849501073092464	0.9864441512295191	0.9868753003124215	0.9854000279387273	0.9830655833218527	0.9870205550404018	0.9780834778554557	0.9873748225257996	0.9859505161000808	0.979327743621496	0.9853561947108903	0.9839433303033612	0.9874699085768928	0.9870490533559496	0.9707464840946324	0.9843403253109154	0.9825002436870636	0.9861070493665153	0.9839139977987706	0.987812065796415	0.986234332510181	0.986292830938551	0.9831787372508607	0.985167503579548	0.9857868245609012	0.9859152056599976	0.9857012684320715	0.9835267140187971	0.9866583973341716	0.9824612087425879	0.9828641426094079	0.980008726752996	0.9852758670018863
0.9827238923602589	0.986509214101692	0.9893625504904525	0.9788438655438523	0.9881490983205155	1.0	0.9961276630171695	0.9883712150851872	0.9869337283872075	0.9889816162899568	0.9878013711385353	0.9875046401019238	0.9839617081649397	0.9877796422943785	0.9786858588911502	0.9886866542829411	0.9891632809845698	0.979784451459003	0.9874602851080106	0.984874866410632	0.9883196495767599	0.9882534909923308	0.9713162657959767	0.9889865258286722	0.9832074901144863	0.9884130106531899	0.9869575153979719	0.9878200883563225	0.9887262001220977	0.989365766217003	0.98582261688648	0.9888197103978096	0.9887138256240661	0.9881716566061289	0.9887403248209691	0.9860259717603013	0.9892624669490863	0.985725094427624	0.9834034019560665	0.9805736606116757	0.9876705886443224
0.9812483337334754	0.9871396428538134	0.9897271537595761	0.9784444351622663	0.9873180622697427	0.9961276630171695	1.0	0.9878878113206331	0.9869059537221794	0.9880268804886799	0.9880449434680196	0.98729698879858	0.9841156521652084	0.9876547518194357	0.9779210740549691	0.9887676761520203	0.9882810539412199	0.9792996878780694	0.9872531115256125	0.9850145847069538	0.9881459069908582	0.9885458018181887	0.9708016214717629	0.9901182579629219	0.9829703875715028	0.9891144099936408	0.9872582435685495	0.9879583672439098	0.9893957727451624	0.9894829171750923	0.9853919693481585	0.9886888740704437	0.9879964787016613	0.9877028035997004	0.9880606211222442	0.9854621783633281	0.9898775396704356	0.98442426317755	0.9830286238807381	0.9806737037646561	0.9872850399288284
0.9822651104454813	0.9850005895414987	0.9872938243851518	0.9784966578850078	0.9860046057263065	0.9883712150851872	0.9878878113206331	1.0	0.9873926945226522	0.9888017017853262	0.9855891173748706	0.9868717838671275	0.9839319034843877	0.9859923964362699	0.9786245374321203	0.9893162064931439	0.9890737592514689	0.9798446081764053	0.9868272920973994	0.9849998923407234	0.9864504582062718	0.986323699145887	0.9710047927822343	0.9854355547702343	0.9821098413070289	0.9862609490265805	0.9897677744403797	0.9863866876778978	0.9869449730350663	0.9940481160573007	0.986212693506688	0.9907127121239756	0.988579331223924	0.9956545504297488	0.9936125841220171	0.9865938384323126	0.9867764495313589	0.9865604395836101	0.983180162858972	0.9802903767339187	0.9951553434106262
0.9805030597796975	0.9830602559142454	0.9868480750300985	0.9763787172834422	0.9849501073092464	0.9869337283872075	0.9869059537221794	0.9873926945226522	1.0	0.9892592010895476	0.9845103558652126	0.9858128015532392	0.9824081824128413	0.9848962633905828	0.9753719908333878	0.9884164174223485	0.9872139017315326	0.9784188571260733	0.9857710422046108	0.9835051189489759	0.9853738742945206	0.9857257116366231	0.96798001608426	0.9842342916138507	0.9818944182708557	0.9858791308256789	0.9869454035275376	0.9854002987080671	0.986344927478158	0.9877544369968886	0.9853967388446035	0.9871459770423069	0.9879643614043565	0.9871870014435581	0.9877391510522641	0.9850965872985974	0.9864438010274245	0.983929966787398	0.9811179858301029	0.9779922833181219	0.9879897081967894
0.98080778570261	0.9846580295763635	0.9882801933308532	0.97905553100283	0.9864441512295191	0.9889816162899568	0.9880268804886799	0.9888017017853262	0.9892592010895476	1.0	0.9865774799925565	0.9878488917560339	0.9842307186580758	0.9876883816616382	0.9785378444925095	0.9898509414009417	0.9884865642659686	0.9804482242850707	0.9878047058733797	0.9850336006096752	0.9882265442997273	0.9872666560789697	0.9717830648811122	0.9855073499322939	0.9839097246318246	0.9881966070787715	0.9882275113828671	0.9877275016014987	0.9885043228829667	0.9896986090940375	0.9866902102713743	0.9881732603094832	0.9881164549586772	0.9888444490429777	0.9898908673531106	0.9863214435110529	0.988998233105713	0.985323501836025	0.9831308482692911	0.980605562131291	0.9881450915688617
0.9788625329459048	0.9860505884806564	0.989747102834186	0.9775336172619874	0.9868753003124215	0.9878013711385353	0.9880449434680196	0.9855891173748706	0.9845103558652126	0.9865774799925565	1.0	0.9847876444784516	0.982435430349328	0.9874402438554539	0.9810524566486721	0.9870056455892898	0.9858924043688451	0.9785933123161771	0.9847401252819683	0.9832962619020887	0.987687473505757	0.9873179965923545	0.9714385444605343	0.9851811728365962	0.9820703740961806	0.9886795457832094	0.9845597135480996	0.9871860528792495	0.9895223127218963	0.9873709182199765	0.9831931269201716	0.9855461957802304	0.9861560686180669	0.9854048559464683	0.9862145927295586	0.9834681369988567	0.9897757893388351	0.9860379712562566	0.9821098413070289	0.9793259712245321	0.9850552809448253
0.9790742510449694	0.9842347226629542	0.9875453246509759	0.9787164319728896	0.9854000279387273	0.9875046401019238	0.98729698879858	0.9868717838671275	0.9858128015532392	0.9878488917560339	0.9847876444784516	1.0	0.9837471403258197	0.9866534073044935	0.9762232975043743	0.988330676262744	0.9870485850217718	0.9793783508964479	0.99995643839729	0.98507353502302	0.9871822992516015	0.986303275031538	0.9687011999307674	0.9851817642705253	0.9832162958553243	0.9870198753644117	0.9859978183817214	0.9864084562375243	0.98729698879858	0.9871552760579123	0.9841591124993235	0.9873223606757253	0.9858864599188158	0.9868903461166416	0.9871205942548111	0.985003028659287	0.9875739856542418	0.9841919738131082	0.9824610386356566	0.9792370984873057	0.9865098726616758
0.9774094831110594	0.9820229288772374	0.9846382142794955	0.9776125374354924	0.9830655833218527	0.9839617081649397	0.9841156521652084	0.9839319034843877	0.9824081824128413	0.9842307186580758	0.982435430349328	0.9837471403258197	1.0	0.9841397941660673	0.9755406324239155	0.9835443900227587	0.9833491240698804	0.9761507768674911	0.9837019258093388	0.9968362427109879	0.98461181659505	0.9833723694476459	0.9679419032206599	0.9822041236892237	0.9796932498541558	0.9829867349378731	0.982483877411319	0.9837190581271938	0.9835539276734598	0.9842262383203472	0.9796462464693201	0.9841351945408968	0.982556790478663	0.9841026356898597	0.9835658190215384	0.980719817060694	0.9838111982190564	0.980083934771908	0.9800789682330346	0.9794396456237748	0.9826675386514598
0.97901709154661	0.9868041535128158	0.989527366601698	0.9797341883147017	0.9870205550404018	0.9877796422943785	0.9876547518194357	0.9859923964362699	0.9848962633905828	0.9876883816616382	0.9874402438554539	0.9866534073044935	0.9841397941660673	1.0	0.9786745062473601	0.9874467330503361	0.9873536764290113	0.9790683730766214	0.9866096590864075	0.9849867804691296	0.9991672372762801	0.9898124321285344	0.9703420792595085	0.9855939249122591	0.9825491099867598	0.9879198933987852	0.9856336732433928	0.9877063333459029	0.98847704962291	0.9867448926689038	0.984419638854813	0.9866651781719991	0.9858209659910729	0.9866226467239564	0.9865928086241776	0.9845808361160384	0.9887546218041994	0.9836033151726609	0.9828618215960409	0.980191071745269	0.9850791490134698
0.9723601494846205	0.976929895768005	0.979125267691776	0.9753938263722883	0.9780834778554557	0.9786858588911502	0.9779210740549691	0.9786245374321203	0.9753719908333878	0.9785378444925095	0.9810524566486721	0.9762232975043743	0.9755406324239155	0.9786745062473601	1.0	0.9782101495028461	0.9780628767122439	0.9716413824236614	0.9761756691021916	0.9766129157640463	0.9790669687824761	0.9788334716200711	0.971888955744859	0.9772854939354753	0.9753457323605684	0.977904312802855	0.9764857418366454	0.9787023492428177	0.9783090145706338	0.97879619031061	0.9746444989089887	0.9779046020605666	0.9776019502948061	0.9778405849432565	0.9781114940651641	0.9751779108053966	0.9787921381185277	0.9766429096229141	0.9754281969250916	0.9774708076661575	0.9768097335102534
0.9810113856202003	0.9850492387289815	0.9884213063276135	0.9790406120254038	0.9873748225257996	0.9886866542829411	0.9887676761520203	0.9893162064931439	0.9884164174223485	0.9898509414009417	0.9870056455892898	0.988330676262744	0.9835443900227587	0.9874467330503361	0.9782101495028461	1.0	0.9882870336401864	0.9805206580021761	0.9883707123667793	0.9845025423678151	0.9879354289085549	0.9877166205959389	0.9703632948674186	0.9859060393121054	0.9838394603400444	0.9885003786715265	0.9884226409037036	0.986900448247781	0.988809839293037	0.989817998054493	0.9863808864136047	0.9888590035421243	0.987962132059603	0.9892193625693175	0.9894785420863634	0.9861102695781571	0.9890850187928429	0.9856327533957789	0.9832609234529325	0.9810240404686763	0.988832084350351
0.9813632741286051	0.9845583304549299	0.9878465876046475	0.9775839409827242	0.9859505161000808	0.9891632809845698	0.9882810539412199	0.9890737592514689	0.9872139017315326	0.9884865642659686	0.9858924043688451	0.9870485850217718	0.9833491240698804	0.9873536764290113	0.9780628767122439	0.9882870336401864	1.0	0.9801661450397394	0.9870056455892898	0.9847866522338712	0.9877489393635671	0.9880785337325504	0.9708570035008289	0.9862211563666059	0.9831253073707376	0.9868060482434856	0.9882217666224281	0.9867237269230127	0.9875131216886495	0.9889395202753323	0.9865865836188344	0.9891583857450172	0.9885255620899642	0.9885356150071124	0.9896426590948156	0.9864867666553603	0.9874865237992364	0.9854086058517649	0.9832245843887928	0.9801743200645374	0.9878051945257009
0.9721288203538325	0.9764504039527461	0.9800391109677558	0.9734201176937426	0.979327743621496	0.979784451459003	0.9792996878780694	0.9798446081764053	0.9784188571260733	0.9804482242850707	0.9785933123161771	0.9793783508964479	0.9761507768674911	0.9790683730766214	0.9716413824236614	0.9805206580021761	0.9801661450397394	1.0	0.9793895522746768	0.9769345835728924	0.9793519593744129	0.9793496800808806	0.9638477480567431	0.9774335970046013	0.9850824893088922	0.9785096608802166	0.977320849709805	0.9800114894951211	0.979084444518981	0.9794014576911746	0.97667288198899	0.9796407981208591	0.9799436490841528	0.9799437613113376	0.9801124129398733	0.9772478305004868	0.9792789020469803	0.9759667466345932	0.9842111020159238	0.9743559658721904	0.9789113505866287
0.9791519594015756	0.9841856898866833	0.9875012135117051	0.9786730555545514	0.9853561947108903	0.9874602851080106	0.9872531115256125	0.9868272920973994	0.9857710422046108	0.9878047058733797	0.9847401252819683	0.99995643839729	0.9837019258093388	0.9866096590864075	0.9761756691021916	0.9883707123667793	0.9870056455892898	0.9793895522746768	1.0	0.9850282595434192	0.987138040903339	0.9862607882020742	0.9686479218846582	0.985140285837967	0.9831735423573281	0.9869772057186329	0.9859513754937125	0.9863641299066858	0.9872531115256125	0.9871103106562368	0.9841111694322752	0.9872789803166181	0.9858436672250033	0.9869337283872075	0.9871633832659337	0.9849634845926579	0.9875298935860596	0.984144835915966	0.9824195121543506	0.9791911752137031	0.9864665083128966
0.9785337880595503	0.9832778831821106	0.9857707246182906	0.9776125374354924	0.9839433303033612	0.984874866410632	0.9850145847069538	0.9849998923407234	0.9835051189489759	0.9850336006096752	0.9832962619020887	0.98507353502302	0.9968362427109879	0.9849867804691296	0.9766129157640463	0.9845025423678151	0.9847866522338712	0.9769345835728924	0.9850282595434192	1.0	0.9854565575162173	0.9844082131548387	0.9678373059862203	0.9831041420780448	0.9808614720247967	0.9842351013063441	0.9829893099383076	0.9845888906299612	0.9847176678280259	0.985446314328158	0.9807778887760663	0.9841851506524402	0.9832739409893153	0.9847919481509734	0.9845625729216033	0.9814186838095229	0.9850705286766747	0.9805761400223042	0.9808838063184551	0.9795630708508973	0.9835958172942887
0.979620807890491	0.9872589721244918	0.9899314296648657	0.9803120861242545	0.9874699085768928	0.9883196495767599	0.9881459069908582	0.9864504582062718	0.9853738742945206	0.9882265442997273	0.987687473505757	0.9871822992516015	0.98461181659505	0.9991672372762801	0.9790669687824761	0.9879354289085549	0.9877489393635671	0.9793519593744129	0.987138040903339	0.9854565575162173	1.0	0.9902808858539064	0.970874792910441	0.9859337197679379	0.9828992372031029	0.9883964391268883	0.9861136902993596	0.9881587804104004	0.989007839853739	0.9871598414294068	0.9850256042464286	0.987154228631811	0.9863521240777385	0.9870204510443765	0.9871239580338983	0.9850773109872034	0.989244175856332	0.9839903368115988	0.9832020380781724	0.9807424754348218	0.9855277357771499
0.9796677946796095	0.9855487031835821	0.988330676262744	0.9782439188169106	0.9870490533559496	0.9882534909923308	0.9885458018181887	0.986323699145887	0.9857257116366231	0.9872666560789697	0.9873179965923545	0.986303275031538	0.9833723694476459	0.9898124321285344	0.9788334716200711	0.9877166205959389	0.9880785337325504	0.9793496800808806	0.9862607882020742	0.9844082131548387	0.9902808858539064	1.0	0.9702898902358525	0.986964484332235	0.982813601902627	0.9887730846981007	0.9858993925733431	0.9871952249642942	0.9892424213421975	0.9876659914552107	0.9843338225196996	0.9865737268208481	0.9860158061548087	0.9872607311127887	0.9870198753644117	0.9845060950753417	0.989428275434673	0.9842109299085005	0.982827847961517	0.9801228233210413	0.9858849248886822
0.9620851352001113	0.9711068890451521	0.9714579943433712	0.9682195038081413	0.9707464840946324	0.9713162657959767	0.9708016214717629	0.9710047927822343	0.96798001608426	0.9717830648811122	0.9714385444605343	0.9687011999307674	0.9679419032206599	0.9703420792595085	0.971888955744859	0.9703632948674186	0.9708570035008289	0.9638477480567431	0.9686479218846582	0.9678373059862203	0.970874792910441	0.9702898902358525	1.0	0.9690311608828824	0.9675649065826882	0.9700708966282534	0.9703588967513326	0.9697433339780973	0.9709842408038624	0.97085593218268	0.9689034898531639	0.9702566012972312	0.9703203096814262	0.9699494955397738	0.9709641509823077	0.9678944010569384	0.970984882012551	0.9673279750331558	0.9674207233870903	0.9718389948565017	0.9688676291363157
0.9790750550184577	0.9842077025138884	0.9874569717711881	0.9763004410315518	0.9843403253109154	0.9889865258286722	0.9901182579629219	0.9854355547702343	0.9842342916138507	0.9855073499322939	0.9851811728365962	0.9851817642705253	0.9822041236892237	0.9855939249122591	0.9772854939354753	0.9859060393121054	0.9862211563666059	0.9774335970046013	0.985140285837967	0.9831041420780448	0.9859337197679379	0.986964484332235	0.9690311608828824	1.0	0.9807606434281004	0.9872387252378799	0.9838054115113283	0.9858278044095528	0.9870480136263383	0.9862887506286394	0.9824233018788545	0.9852251896743869	0.9846288017798219	0.9848361946667288	0.9853365787736662	0.9831508501009162	0.9876522117833583	0.9823282779464143	0.9809300959168913	0.978313431393762	0.9842049409224201
0.9750081625826243	0.9807291806232009	0.9839625619894855	0.9769219362014345	0.9825002436870636	0.9832074901144863	0.9829703875715028	0.9821098413070289	0.9818944182708557	0.9839097246318246	0.9820703740961806	0.9832162958553243	0.9796932498541558	0.9825491099867598	0.9753457323605684	0.9838394603400444	0.9831253073707376	0.9850824893088922	0.9831735423573281	0.9808614720247967	0.9828992372031029	0.982813601902627	0.9675649065826882	0.9807606434281004	1.0	0.9825870046089661	0.9819090064952649	0.9834698244149288	0.9832171802764715	0.9830494892817968	0.981417665709541	0.9821600899663778	0.9824698017816907	0.9826835316635689	0.9828449440732322	0.9809675818878514	0.9834612287916396	0.9789470892418173	0.9872960776112467	0.9781015980183158	0.9821242124546625
0.9794881989333023	0.9866295020064335	0.9900821214370272	0.978583974572547	0.9861070493665153	0.9884130106531899	0.9891144099936408	0.9862609490265805	0.9858791308256789	0.9881966070787715	0.9886795457832094	0.9870198753644117	0.9829867349378731	0.9879198933987852	0.977904312802855	0.9885003786715265	0.9868060482434856	0.9785096608802166	0.9869772057186329	0.9842351013063441	0.9883964391268883	0.9887730846981007	0.9700708966282534	0.9872387252378799	0.9825870046089661	1.0	0.985398111158009	0.9877458895774511	0.9973527695292902	0.987915390009812	0.9847172208763534	0.9866448043710248	0.9864766761766957	0.9865600375786227	0.9870056455892898	0.9847374559506805	0.9985348897754086	0.9843354428049521	0.9820823408547248	0.9796171559557888	0.9859550320909454
0.979858313917342	0.9825532870328568	0.9864269104377705	0.9775264680313929	0.9839139977987706	0.9869575153979719	0.9872582435685495	0.9897677744403797	0.9869454035275376	0.9882275113828671	0.9845597135480996	0.9859978183817214	0.982483877411319	0.9856336732433928	0.9764857418366454	0.9884226409037036	0.9882217666224281	0.977320849709805	0.9859513754937125	0.9829893099383076	0.9861136902993596	0.9858993925733431	0.9703588967513326	0.9838054115113283	0.9819090064952649	0.985398111158009	1.0	0.9852429795993286	0.9865428089783564	0.9884856801522812	0.9883944929969547	0.9915188391741507	0.9870982049122099	0.9896077768585395	0.9888375818640438	0.985150753134277	0.9862647015895795	0.9858331519599973	0.9820051163406478	0.9790816238810734	0.9885356352462225
0.9787852143673945	0.9855813330335209	0.9890797331398657	0.9796034301082355	0.987812065796415	0.9878200883563225	0.9879583672439098	0.9863866876778978	0.9854002987080671	0.9877275016014987	0.9871860528792495	0.9864084562375243	0.9837190581271938	0.9877063333459029	0.9787023492428177	0.986900448247781	0.9867237269230127	0.9800114894951211	0.9863641299066858	0.9845888906299612	0.9881587804104004	0.9871952249642942	0.9697433339780973	0.9858278044095528	0.9834698244149288	0.9877458895774511	0.9852429795993286	1.0	0.9881777291745686	0.987512995661221	0.9851611212490855	0.9863726679964695	0.9859725115430861	0.9861027672461198	0.987286597046354	0.9843143078387726	0.988590678891847	0.9838028270353437	0.9829342132390805	0.9798233049684484	0.9862044746674021
0.9800661943613256	0.9868879486219094	0.9900982283080128	0.9789053215488336	0.986234332510181	0.9887262001220977	0.9893957727451624	0.9869449730350663	0.986344927478158	0.9885043228829667	0.9895223127218963	0.98729698879858	0.9835539276734598	0.98847704962291	0.9783090145706338	0.988809839293037	0.9875131216886495	0.979084444518981	0.9872531115256125	0.9847176678280259	0.989007839853739	0.9892424213421975	0.9709842408038624	0.9870480136263383	0.9832171802764715	0.9973527695292902	0.9865428089783564	0.9881777291745686	1.0	0.9885756285131942	0.9858028760666336	0.9877066410779547	0.9873536764290113	0.9870056455892898	0.9878895057406675	0.9854621783633281	0.9981239439553277	0.9850461228475808	0.9826419805013223	0.9803273968414047	0.9868427998880535
0.9817932559896607	0.9855403847208828	0.9882148378252896	0.9787102122600491	0.986292830938551	0.989365766217003	0.9894829171750923	0.9940481160573007	0.9877544369968886	0.9896986090940375	0.9873709182199765	0.9871552760579123	0.9842262383203472	0.9867448926689038	0.97879619031061	0.989817998054493	0.9889395202753323	0.9794014576911746	0.9871103106562368	0.985446314328158	0.9871598414294068	0.9876659914552107	0.97085593218268	0.9862887506286394	0.9830494892817968	0.987915390009812	0.9884856801522812	0.987512995661221	0.9885756285131942	1.0	0.9876403109715219	0.9893137651186946	0.9885667061088425	0.9940752434259101	0.9925234184292354	0.9872252494504563	0.988816905358183	0.9863193499116008	0.983399919013028	0.9805834421035983	0.9943456932321553
0.9800774087102604	0.9813584693558496	0.9854171866770104	0.9762437324618939	0.9831787372508607	0.98582261688648	0.9853919693481585	0.986212693506688	0.9853967388446035	0.9866902102713743	0.9831931269201716	0.9841591124993235	0.9796462464693201	0.984419638854813	0.9746444989089887	0.9863808864136047	0.9865865836188344	0.97667288198899	0.9841111694322752	0.9807778887760663	0.9850256042464286	0.9843338225196996	0.9689034898531639	0.9824233018788545	0.981417665709541	0.9847172208763534	0.9883944929969547	0.9851611212490855	0.9858028760666336	0.9876403109715219	1.0	0.9862023730922828	0.9853679978405417	0.9866007512880174	0.9875803648341139	0.9910264246368832	0.985659398316487	0.9828038899162077	0.9803586129542863	0.9773488495966874	0.9868106327508908
0.9810699010711709	0.9840070980685455	0.9873891481397443	0.9775513706240577	0.985167503579548	0.9888197103978096	0.9886888740704437	0.9907127121239756	0.9871459770423069	0.9881732603094832	0.9855461957802304	0.9873223606757253	0.9841351945408968	0.9866651781719991	0.9779046020605666	0.9888590035421243	0.9891583857450172	0.9796407981208591	0.9872789803166181	0.9841851506524402	0.987154228631811	0.9865737268208481	0.9702566012972312	0.9852251896743869	0.9821600899663778	0.9866448043710248	0.9915188391741507	0.9863726679964695	0.9877066410779547	0.9893137651186946	0.9862023730922828	1.0	0.9887187076553889	0.9901453049610253	0.9903178057974795	0.9869389695097154	0.9874182729748284	0.9872119502477796	0.9827732758154696	0.9797636434663364	0.9893711193948713
0.9811018611702368	0.983455366408718	0.9870788243668058	0.9777441769847791	0.9857868245609012	0.9887138256240661	0.9879964787016613	0.988579331223924	0.9879643614043565	0.9881164549586772	0.9861560686180669	0.9858864599188158	0.982556790478663	0.9858209659910729	0.9776019502948061	0.987962132059603	0.9885255620899642	0.9799436490841528	0.9858436672250033	0.9832739409893153	0.9863521240777385	0.9860158061548087	0.9703203096814262	0.9846288017798219	0.9824698017816907	0.9864766761766957	0.9870982049122099	0.9859725115430861	0.9873536764290113	0.9885667061088425	0.9853679978405417	0.9887187076553889	1.0	0.9886688248286152	0.9886831877085676	0.987176449137255	0.9872827363484683	0.9866899880671876	0.9823024502230766	0.9795810983602744	0.9881534012249724
0.981350767786479	0.984295846903726	0.9876050623700696	0.9785347407538864	0.9859152056599976	0.9881716566061289	0.9877028035997004	0.9956545504297488	0.9871870014435581	0.9888444490429777	0.9854048559464683	0.9868903461166416	0.9841026356898597	0.9866226467239564	0.9778405849432565	0.9892193625693175	0.9885356150071124	0.9799437613113376	0.9869337283872075	0.9847919481509734	0.9870204510443765	0.9872607311127887	0.9699494955397738	0.9848361946667288	0.9826835316635689	0.9865600375786227	0.9896077768585395	0.9861027672461198	0.9870056455892898	0.9940752434259101	0.9866007512880174	0.9901453049610253	0.9886688248286152	1.0	0.9931888028881416	0.9868595147745598	0.9871087133690134	0.98635035697556	0.9835499532926516	0.979520210200397	0.9950787483230344
0.9817828960008995	0.9842585897670867	0.9878795820389231	0.9783781816720595	0.9857012684320715	0.9887403248209691	0.9880606211222442	0.9936125841220171	0.9877391510522641	0.9898908673531106	0.9862145927295586	0.9871205942548111	0.9835658190215384	0.9865928086241776	0.9781114940651641	0.9894785420863634	0.9896426590948156	0.9801124129398733	0.9871633832659337	0.9845625729216033	0.9871239580338983	0.9870198753644117	0.9709641509823077	0.9853365787736662	0.9828449440732322	0.9870056455892898	0.9888375818640438	0.987286597046354	0.9878895057406675	0.9925234184292354	0.9875803648341139	0.9903178057974795	0.9886831877085676	0.9931888028881416	1.0	0.987427274477492	0.9877351932248665	0.9860254076212008	0.983517311037392	0.9798263243849664	0.9924677528643547
0.978837783814288	0.9813956040507362	0.985269949530468	0.9753004443395025	0.9835267140187971	0.9860259717603013	0.9854621783633281	0.9865938384323126	0.9850965872985974	0.9863214435110529	0.9834681369988567	0.985003028659287	0.980719817060694	0.9845808361160384	0.9751779108053966	0.9861102695781571	0.9864867666553603	0.9772478305004868	0.9849634845926579	0.9814186838095229	0.9850773109872034	0.9845060950753417	0.9678944010569384	0.9831508501009162	0.9809675818878514	0.9847374559506805	0.985150753134277	0.9843143078387726	0.9854621783633281	0.9872252494504563	0.9910264246368832	0.9869389695097154	0.987176449137255	0.9868595147745598	0.987427274477492	1.0	0.9853418913253768	0.9869623577599195	0.9812611840516487	0.9770510594084181	0.9865088025688445
0.9803628562740682	0.9875577882781772	0.9906971890771492	0.9789961114592537	0.9866583973341716	0.9892624669490863	0.9898775396704356	0.9867764495313589	0.9864438010274245	0.988998233105713	0.9897757893388351	0.9875739856542418	0.9838111982190564	0.9887546218041994	0.9787921381185277	0.9890850187928429	0.9874865237992364	0.9792789020469803	0.9875298935860596	0.9850705286766747	0.989244175856332	0.989428275434673	0.970984882012551	0.9876522117833583	0.9834612287916396	0.9985348897754086	0.9862647015895795	0.988590678891847	0.9981239439553277	0.988816905358183	0.985659398316487	0.9874182729748284	0.9872827363484683	0.9871087133690134	0.9877351932248665	0.9853418913253768	1.0	0.985463147716155	0.9828806671205181	0.9803682313439314	0.9867674027635485
0.9796520580552175	0.9801302529586932	0.9849658875592713	0.9740927789385805	0.9824612087425879	0.985725094427624	0.98442426317755	0.9865604395836101	0.983929966787398	0.985323501836025	0.9860379712562566	0.9841919738131082	0.980083934771908	0.9836033151726609	0.9766429096229141	0.9856327533957789	0.9854086058517649	0.9759667466345932	0.984144835915966	0.9805761400223042	0.9839903368115988	0.9842109299085005	0.9673279750331558	0.9823282779464143	0.9789470892418173	0.9843354428049521	0.9858331519599973	0.9838028270353437	0.9850461228475808	0.9863193499116008	0.9828038899162077	0.9872119502477796	0.9866899880671876	0.98635035697556	0.9860254076212008	0.9869623577599195	0.985463147716155	1.0	0.9798962043578932	0.9751860220997179	0.9857723225912802
0.976133067167131	0.9804687587353248	0.9839913675473857	0.9766599497126875	0.9828641426094079	0.9834034019560665	0.9830286238807381	0.983180162858972	0.9811179858301029	0.9831308482692911	0.9821098413070289	0.9824610386356566	0.9800789682330346	0.9828618215960409	0.9754281969250916	0.9832609234529325	0.9832245843887928	0.9842111020159238	0.9824195121543506	0.9808838063184551	0.9832020380781724	0.982827847961517	0.9674207233870903	0.9809300959168913	0.9872960776112467	0.9820823408547248	0.9820051163406478	0.9829342132390805	0.9826419805013223	0.983399919013028	0.9803586129542863	0.9827732758154696	0.9823024502230766	0.9835499532926516	0.983517311037392	0.9812611840516487	0.9828806671205181	0.9798962043578932	1.0	0.9779181424089429	0.9824018772235757
0.9706231252221817	0.9817075919774899	0.9807315805471319	0.9802335166630183	0.980008726752996	0.9805736606116757	0.9806737037646561	0.9802903767339187	0.9779922833181219	0.980605562131291	0.9793259712245321	0.9792370984873057	0.9794396456237748	0.980191071745269	0.9774708076661575	0.9810240404686763	0.9801743200645374	0.9743559658721904	0.9791911752137031	0.9795630708508973	0.9807424754348218	0.9801228233210413	0.9718389948565017	0.978313431393762	0.9781015980183158	0.9796171559557888	0.9790816238810734	0.9798233049684484	0.9803273968414047	0.9805834421035983	0.9773488495966874	0.9797636434663364	0.9795810983602744	0.979520210200397	0.9798263243849664	0.9770510594084181	0.9803682313439314	0.9751860220997179	0.9779181424089429	1.0	0.9784095819879302
0.9802266594145538	0.9831406819765747	0.9867373751984325	0.9777423031906369	0.9852758670018863	0.9876705886443224	0.9872850399288284	0.9951553434106262	0.9879897081967894	0.9881450915688617	0.9850552809448253	0.9865098726616758	0.9826675386514598	0.9850791490134698	0.9768097335102534	0.988832084350351	0.9878051945257009	0.9789113505866287	0.9864665083128966	0.9835958172942887	0.9855277357771499	0.9858849248886822	0.9688676291363157	0.9842049409224201	0.9821242124546625	0.9859550320909454	0.9885356352462225	0.9862044746674021	0.9868427998880535	0.9943456932321553	0.9868106327508908	0.9893711193948713	0.9881534012249724	0.9950787483230344	0.9924677528643547	0.9865088025688445	0.9867674027635485	0.9857723225912802	0.9824018772235757	0.9784095819879302	1.0
