/home/jshaw/scratch/2022_sketched_distance/references/SGB_genome_fastas_part4/7082/CM_madagascar__A11_01_1FE__bin.25.fa	/home/jshaw/scratch/2022_sketched_distance/references/SGB_genome_fastas_part4/7082/CosteaPI_2017__SID713A062-11-0-0__bin.66.fa	/home/jshaw/scratch/2022_sketched_distance/references/SGB_genome_fastas_part4/7082/FengQ_2015__SID530163__bin.14.fa	/home/jshaw/scratch/2022_sketched_distance/references/SGB_genome_fastas_part4/7082/HeQ_2017__SZAXPI029503-106__bin.14.fa	/home/jshaw/scratch/2022_sketched_distance/references/SGB_genome_fastas_part4/7082/LiJ_2014__V1.CD40-0__bin.27.fa	/home/jshaw/scratch/2022_sketched_distance/references/SGB_genome_fastas_part4/7082/NielsenHB_2014__O2_UC4_2__bin.40.fa	/home/jshaw/scratch/2022_sketched_distance/references/SGB_genome_fastas_part4/7082/QinJ_2012__DOM022__bin.32.fa	/home/jshaw/scratch/2022_sketched_distance/references/SGB_genome_fastas_part4/7082/QinJ_2012__T2D-029__bin.48.fa	/home/jshaw/scratch/2022_sketched_distance/references/SGB_genome_fastas_part4/7082/QinJ_2012__T2D-056__bin.52.fa	/home/jshaw/scratch/2022_sketched_distance/references/SGB_genome_fastas_part4/7082/QinN_2014__HD-56__bin.17.fa	/home/jshaw/scratch/2022_sketched_distance/references/SGB_genome_fastas_part4/7082/QinN_2014__LD-22__bin.78.fa	/home/jshaw/scratch/2022_sketched_distance/references/SGB_genome_fastas_part4/7082/QinN_2014__LD-24__bin.31.fa	/home/jshaw/scratch/2022_sketched_distance/references/SGB_genome_fastas_part4/7082/QinN_2014__LD-27__bin.7.fa	/home/jshaw/scratch/2022_sketched_distance/references/SGB_genome_fastas_part4/7082/QinN_2014__LD-38__bin.2.fa	/home/jshaw/scratch/2022_sketched_distance/references/SGB_genome_fastas_part4/7082/QinN_2014__LD-39__bin.12.fa	/home/jshaw/scratch/2022_sketched_distance/references/SGB_genome_fastas_part4/7082/QinN_2014__LD-3__bin.24.fa	/home/jshaw/scratch/2022_sketched_distance/references/SGB_genome_fastas_part4/7082/QinN_2014__LD-40__bin.12.fa	/home/jshaw/scratch/2022_sketched_distance/references/SGB_genome_fastas_part4/7082/QinN_2014__LD-44__bin.54.fa	/home/jshaw/scratch/2022_sketched_distance/references/SGB_genome_fastas_part4/7082/QinN_2014__LD-45__bin.24.fa	/home/jshaw/scratch/2022_sketched_distance/references/SGB_genome_fastas_part4/7082/QinN_2014__LD-48__bin.15.fa	/home/jshaw/scratch/2022_sketched_distance/references/SGB_genome_fastas_part4/7082/QinN_2014__LD-53__bin.41.fa	/home/jshaw/scratch/2022_sketched_distance/references/SGB_genome_fastas_part4/7082/QinN_2014__LD-5__bin.25.fa	/home/jshaw/scratch/2022_sketched_distance/references/SGB_genome_fastas_part4/7082/QinN_2014__LD-60__bin.38.fa	/home/jshaw/scratch/2022_sketched_distance/references/SGB_genome_fastas_part4/7082/QinN_2014__LD-63__bin.5.fa	/home/jshaw/scratch/2022_sketched_distance/references/SGB_genome_fastas_part4/7082/QinN_2014__LD-65__bin.37.fa	/home/jshaw/scratch/2022_sketched_distance/references/SGB_genome_fastas_part4/7082/QinN_2014__LD-77__bin.38.fa	/home/jshaw/scratch/2022_sketched_distance/references/SGB_genome_fastas_part4/7082/QinN_2014__LD-79__bin.10.fa	/home/jshaw/scratch/2022_sketched_distance/references/SGB_genome_fastas_part4/7082/QinN_2014__LD-86__bin.44.fa	/home/jshaw/scratch/2022_sketched_distance/references/SGB_genome_fastas_part4/7082/QinN_2014__LD-87__bin.15.fa	/home/jshaw/scratch/2022_sketched_distance/references/SGB_genome_fastas_part4/7082/QinN_2014__LD-91__bin.8.fa	/home/jshaw/scratch/2022_sketched_distance/references/SGB_genome_fastas_part4/7082/QinN_2014__LV-12__bin.14.fa	/home/jshaw/scratch/2022_sketched_distance/references/SGB_genome_fastas_part4/7082/QinN_2014__LV-16__bin.4.fa	/home/jshaw/scratch/2022_sketched_distance/references/SGB_genome_fastas_part4/7082/QinN_2014__LV-20__bin.9.fa	/home/jshaw/scratch/2022_sketched_distance/references/SGB_genome_fastas_part4/7082/QinN_2014__LV-6__bin.12.fa	/home/jshaw/scratch/2022_sketched_distance/references/SGB_genome_fastas_part4/7082/WenC_2017__N018__bin.23.fa	/home/jshaw/scratch/2022_sketched_distance/references/SGB_genome_fastas_part4/7082/WenC_2017__N227__bin.1.fa	/home/jshaw/scratch/2022_sketched_distance/references/SGB_genome_fastas_part4/7082/WenC_2017__N237__bin.61.fa	/home/jshaw/scratch/2022_sketched_distance/references/SGB_genome_fastas_part4/7082/YuJ_2015__SZAXPI017593-158__bin.24.fa	/home/jshaw/scratch/2022_sketched_distance/references/SGB_genome_fastas_part4/7082/ZeeviD_2015__PNP_Main_44__bin.25.fa	/home/jshaw/scratch/2022_sketched_distance/references/SGB_genome_fastas_part4/7082/ZeeviD_2015__PNP_Main_636__bin.23.fa	/home/jshaw/scratch/2022_sketched_distance/references/SGB_genome_fastas_part4/7082/ZellerG_2014__CCIS07539127ST-4-0__bin.15.fa	/home/jshaw/scratch/2022_sketched_distance/references/SGB_genome_fastas_part4/7082/ZellerG_2014__CCIS82146115ST-4-0__bin.54.fa
1.0	0.9833892152140834	0.9822860695868095	0.9970086854643088	0.9860625102221323	0.9839448310808941	0.9662903899385921	0.9860644867591434	0.9788597038192837	0.9851374390226421	0.9876178919685458	0.9830720342926276	0.9837562608090182	0.9758418588843832	0.9837301102915558	0.9898905047996369	0.9901908344239727	0.9939285823687154	0.9971758491788766	0.987436470856241	0.9738210619573947	0.9876540007620066	0.9882759076442197	0.9865753065057452	0.9890443933517318	0.9987039537635608	0.9737764562914488	0.9840152667583572	0.9835368606252802	0.9984551996630575	0.9868877618614642	0.9819516118087017	0.9862407516885966	0.9914543296640189	0.979040892631466	0.9981715762624103	0.9984478174353834	0.9841337551378823	0.9829747384136314	0.9875771754755276	0.9850275300792751	0.985088140372586
0.9833892152140834	1.0	0.9834580294333501	0.9768147865562501	0.9811809406082733	0.9817290184136512	0.9653620156033055	0.9734736398031788	0.9812545503747595	0.9785341896346833	0.9914170136792393	0.9854882612438751	0.9913629928510597	0.9799035303564563	0.9906249320780833	0.9794015991764788	0.982986396263402	0.983285722256117	0.9745313305356637	0.9865123513612275	0.9673964240277534	0.9818782716379804	0.9820518723473403	0.9916053942204643	0.9889232049463351	0.982693007178758	0.9834580294333501	0.9827983861369172	0.9910915559649197	0.9762768960642022	0.9921641792617112	0.9773543603397313	0.9816326984560177	0.9808103857768001	0.987677476811687	0.9770214568322555	0.9801706396041517	0.9851330729606715	0.9772713965500992	0.9908453412125441	0.9836977480392315	0.9920849286611172
0.9822860695868095	0.9834580294333501	1.0	0.9868033304283862	0.9975679885213157	0.9905661323123224	0.9732391253403331	0.9850955823717893	0.9757286387833444	0.9874285696359125	0.9837895157490841	0.9796547455703565	0.9779776080975191	0.9746179463499413	0.9792904643002818	0.9763046278759612	0.9851216460717622	0.9798704160255608	0.9841838144171465	0.9840356483916962	0.9735881079216874	0.9854554855596368	0.9844967268898038	0.9826558022561674	0.9819564543584882	0.9855178285642867	0.9689438920892106	0.9882763776582342	0.9822845647467207	0.9876153627228118	0.9829397674035412	0.9882328922934716	0.983971547482849	0.9790762307798249	0.9773419719591547	0.9867310219650713	0.9862589104615488	0.9815321647628003	0.9822394245250038	0.9838047185251777	0.9809583548964689	0.9810869805732036
0.9970086854643088	0.9768147865562501	0.9868033304283862	1.0	0.9846931407590241	0.9865851743535012	0.9579779266878492	0.9854558803423745	0.9703749570869478	0.9832716482144142	0.9888271849217031	0.9682177148309454	0.9883742479386136	0.9679861012081512	0.9880408837176766	0.9901890813404048	0.9878423417071647	0.9960693278491354	0.997484335948459	0.9812234946002207	0.985697780319861	0.9877463961358854	0.9877252988363009	0.9895151617127786	0.9906566378395545	0.9963637056306832	0.9747440027644516	0.9877886273788022	0.9868033304283862	0.9959204662057484	0.9894349643077687	0.9775152920852845	0.9864975051130327	0.9910794922811784	0.9810684745169028	0.9950348986566903	0.9940720115113638	0.9775729932578575	0.9821885905420825	0.9861000748153543	0.9884156822635443	0.989714806290256
0.9860625102221323	0.9811809406082733	0.9975679885213157	0.9846931407590241	1.0	0.9902381069485353	0.9715123872160143	0.9835050186717167	0.9743954769574209	0.9858568410943727	0.9852620203995773	0.9786572203268262	0.9838516004086519	0.9719290657922949	0.9853519330366266	0.981108177153914	0.9824170738493085	0.9851116168065339	0.9812721134112854	0.9825316595827507	0.9748978565435519	0.980560255168068	0.9816945546112427	0.9850512619534132	0.9846867841341982	0.9844415309158915	0.9747739706850225	0.9913043973567028	0.9824105392917899	0.9844644997566592	0.9856498766563473	0.9852920186364993	0.9812845100565584	0.9820484231033235	0.9797162607551375	0.9835801822999691	0.98394446316315	0.9787843174945976	0.9809031310138625	0.9832508632750445	0.9794316148429504	0.9849302183982477
0.9839448310808941	0.9817290184136512	0.9905661323123224	0.9865851743535012	0.9902381069485353	1.0	0.9728539843349094	0.984939950550807	0.9748315331127656	0.9931260319658922	0.982973096310185	0.9789094745809488	0.9812144359735181	0.9742720423459226	0.9816017897334415	0.9799618273987506	0.9839968489790952	0.9833886172984608	0.9841149494134787	0.9832922798331578	0.9720725637977278	0.9844978573945266	0.9835405541647828	0.9821640161144716	0.9818379017831573	0.985914945441586	0.9721508209332097	0.995227753727439	0.9824785628545173	0.9865982645406572	0.9820721838770955	0.9945023230123001	0.9823181544991806	0.9806399209897523	0.9788209234901887	0.986336780083152	0.9874177286790903	0.9815321647628003	0.9827526895153005	0.9835577783450056	0.9803127528186364	0.9828513263490536
0.9662903899385921	0.9653620156033055	0.9732391253403331	0.9579779266878492	0.9715123872160143	0.9728539843349094	1.0	0.9563290095517273	0.9595602722201301	0.9693409898971772	0.9664482292806958	0.9648169183423743	0.966500671000644	0.9575702163619889	0.965812176810347	0.9630759878287408	0.9573045036723888	0.9653810519019468	0.958452405695526	0.9613196596654676	0.9520504486048255	0.9587321642186623	0.9572105508520146	0.9662376044791458	0.9649440724386344	0.9651086360764235	0.9590440948773447	0.9737874905234025	0.9666052990468759	0.9564225084236502	0.9664482292806958	0.9715380145300246	0.9541052894278039	0.9637679227460254	0.9635963315827618	0.9570919248661273	0.9644816205984169	0.9627620648402591	0.9640498675382863	0.9634814260941125	0.9590938083229451	0.9662903899385921
0.9860644867591434	0.9734736398031788	0.9850955823717893	0.9854558803423745	0.9835050186717167	0.984939950550807	0.9563290095517273	1.0	0.962906221356987	0.980550780240418	0.9833961876456957	0.9574425792956845	0.9821745645298131	0.962285171194837	0.9822875231961465	0.9795853587700134	0.9819474711736049	0.9861146988322315	0.9864640521491262	0.9745634582980105	0.9831774355422789	0.9842568868474679	0.9835050186717167	0.9835592989994569	0.983613489607603	0.9851472961520165	0.9672169161598051	0.9870544420414864	0.9813727466100021	0.9863147836341614	0.983613489607603	0.9739139667853903	0.9830675095115503	0.9800112454340599	0.9762345311221947	0.9868588204700802	0.9832322605955389	0.9722693501737061	0.983450648321828	0.980431651102018	0.9822310925772834	0.983450648321828
0.9788597038192837	0.9812545503747595	0.9757286387833444	0.9703749570869478	0.9743954769574209	0.9748315331127656	0.9595602722201301	0.962906221356987	1.0	0.9719338547623634	0.9896799555961537	0.9853509490254088	0.9881880579673425	0.978513405644806	0.9887589996664341	0.9752618150352235	0.9764164691960385	0.9780850974805197	0.9687798133389572	0.982241810966481	0.9591401737207362	0.9762533686079642	0.9751842038376143	0.9899540309289687	0.9857378109999978	0.9777304295316268	0.9827859339623742	0.9760639871040575	0.987371738624683	0.9688026097339119	0.9901716638738624	0.9717438563601746	0.9762090925127481	0.9759386362553796	0.9846015748782968	0.968874476305787	0.9749105804187208	0.9819269071394789	0.970874792910441	0.9877532623998315	0.9802826509307289	0.9888720104996985
0.9851374390226421	0.9785341896346833	0.9874285696359125	0.9832716482144142	0.9858568410943727	0.9931260319658922	0.9693409898971772	0.980550780240418	0.9719338547623634	1.0	0.982152168160765	0.9759753184420364	0.9814202537885223	0.9703492153068961	0.9823489731547991	0.981217766199445	0.9802032797740671	0.9848962633905828	0.9803571818065426	0.9806000634564624	0.9710510950553453	0.9796510973522449	0.980967995101688	0.9822835028410775	0.9831564976959595	0.9840379138186821	0.9725430759284782	0.9969301995733475	0.9811499908141418	0.9822946347028256	0.9828358725772607	0.9887734413802819	0.9783568031936108	0.9817882570677713	0.9781684787797794	0.9827059198675685	0.9835760408568961	0.9781498548600849	0.9791568302565874	0.9807403618922345	0.9766762600824308	0.982932389972017
0.9876178919685458	0.9914170136792393	0.9837895157490841	0.9888271849217031	0.9852620203995773	0.982973096310185	0.9664482292806958	0.9833961876456957	0.9896799555961537	0.982152168160765	1.0	0.9956640645003918	0.9968192425561185	0.9878103467754533	0.9979636636520487	0.9827657735175727	0.9957889187093424	0.98772025444264	0.9855646097459391	0.9977425365547212	0.9718613215170901	0.9964751627574624	0.9951178884466919	0.9990337269336927	0.9945298292013596	0.9881756064550515	0.989194278765401	0.9840476769413741	0.9958544810447649	0.9898731326648667	0.9994845617708319	0.9806525961110355	0.9941866505437826	0.9835002659783377	0.9918683231343147	0.9891238648811768	0.9883046083834799	0.9924049209122131	0.980987161710041	0.998120242476014	0.9956137154616181	0.9976244542556991
0.9830720342926276	0.9854882612438751	0.9796547455703565	0.9682177148309454	0.9786572203268262	0.9789094745809488	0.9648169183423743	0.9574425792956845	0.9853509490254088	0.9759753184420364	0.9956640645003918	1.0	0.9935330201925835	0.9848308535348629	0.9945896723681511	0.979899436179209	0.9738725053455137	0.9826638840179218	0.9706595682129832	0.9860403682963415	0.9626074059381396	0.9761964740550255	0.9718893208059333	0.9956640645003918	0.9907628600762322	0.9820609814616849	0.9885914812589226	0.98034332987895	0.9928002342825122	0.9646385019111834	0.99613890100923	0.9807020834154392	0.971366841937117	0.9804633524677536	0.9897853497112596	0.9669345533600803	0.9789094745809488	0.9866658813882763	0.9756991884181871	0.9919383765443217	0.9860991619206131	0.9942236644222465
0.9837562608090182	0.9913629928510597	0.9779776080975191	0.9883742479386136	0.9838516004086519	0.9812144359735181	0.966500671000644	0.9821745645298131	0.9881880579673425	0.9814202537885223	0.9968192425561185	0.9935330201925835	1.0	0.9873473793964518	0.991113750003994	0.9705603161482419	0.9951210046090657	0.9819634675537832	0.9850996184975954	0.9975905155299605	0.9736659451942923	0.9940864201316598	0.9951520204303003	0.9954763226640079	0.9919592563812237	0.9878050132703033	0.9787138807431388	0.9809786170663183	0.9934357267309782	0.9890616067360221	0.9958902298958026	0.9800697965124882	0.9924166922011654	0.9808677577713752	0.9876556553885021	0.988386841093179	0.9880704327360837	0.9917499144987388	0.9806834168384989	0.9976180587063626	0.9937408947989864	0.9936122787626986
0.9758418588843832	0.9799035303564563	0.9746179463499413	0.9679861012081512	0.9719290657922949	0.9742720423459226	0.9575702163619889	0.962285171194837	0.978513405644806	0.9703492153068961	0.9878103467754533	0.9848308535348629	0.9873473793964518	1.0	0.9871720738829399	0.9717416241148445	0.9742100025247916	0.9759245924511492	0.9671955763649662	0.9834797080223706	0.9574971082032693	0.976928457257388	0.9746152729447124	0.9882101711725103	0.9840392733766843	0.9752145560373109	0.9812489741776775	0.974141372624292	0.9872598433718389	0.9662407751221598	0.988096430060256	0.9707877873766776	0.9774134443400433	0.9727138138678633	0.9832895564282913	0.9671735989176868	0.9737024751785903	0.9812420582787743	0.9696549468300613	0.986936870843345	0.9787167806270232	0.9882668947859559
0.9837301102915558	0.9906249320780833	0.9792904643002818	0.9880408837176766	0.9853519330366266	0.9816017897334415	0.965812176810347	0.9822875231961465	0.9887589996664341	0.9823489731547991	0.9979636636520487	0.9945896723681511	0.991113750003994	0.9871720738829399	1.0	0.9779779447095283	0.9942211654398	0.982240709206222	0.9848646302977718	0.9968821240707709	0.9711196000348555	0.9944477188218036	0.9936873333733389	0.9964165138365126	0.9924068987157542	0.9872682521362499	0.9835214098117921	0.981643241545421	0.9926169446272458	0.9886482288739683	0.9970082133046057	0.9804138772099757	0.9930522438720801	0.9804290015259863	0.987332255215499	0.9879701459422449	0.9872976522011871	0.9914842348370592	0.9806155330055448	0.9972107791133009	0.9939569471197365	0.9930509562345962
0.9898905047996369	0.9794015991764788	0.9763046278759612	0.9901890813404048	0.981108177153914	0.9799618273987506	0.9630759878287408	0.9795853587700134	0.9752618150352235	0.981217766199445	0.9827657735175727	0.979899436179209	0.9705603161482419	0.9717416241148445	0.9779779447095283	1.0	0.9834955155330362	0.9878307048794358	0.9911617907036875	0.9824835292874531	0.9682180062241432	0.9808083739122987	0.9814369176270736	0.981367433617442	0.9839865072277015	0.9938452787089723	0.9632728412587261	0.9796682350699972	0.9789422901396546	0.9912683399060956	0.9819253251109594	0.9786198920379613	0.9796963380505593	0.9876656396115893	0.9745826039157413	0.9910887465087519	0.9938740999699811	0.9803185230169441	0.9791563869330033	0.9828689415051147	0.9793197819317332	0.9800020748692375
0.9901908344239727	0.982986396263402	0.9851216460717622	0.9878423417071647	0.9824170738493085	0.9839968489790952	0.9573045036723888	0.9819474711736049	0.9764164691960385	0.9802032797740671	0.9957889187093424	0.9738725053455137	0.9951210046090657	0.9742100025247916	0.9942211654398	0.9834955155330362	1.0	0.9903552841676591	0.9906004329291304	0.9869450596250693	0.9845885066404341	0.9951919478905374	0.9944030977755737	0.9957192416769275	0.993595015321839	0.9906004329291304	0.9817312227004972	0.98507353502302	0.9934085782343225	0.9894247522760307	0.9957540984765947	0.9737365179092855	0.9938542766252316	0.9858349808998964	0.9877537061775127	0.9895247159829549	0.9881945172452113	0.9830888548052588	0.9798098670454597	0.9931834592269093	0.9958237024530866	0.9963411321555078
0.9939285823687154	0.983285722256117	0.9798704160255608	0.9960693278491354	0.9851116168065339	0.9833886172984608	0.9653810519019468	0.9861146988322315	0.9780850974805197	0.9848962633905828	0.98772025444264	0.9826638840179218	0.9819634675537832	0.9759245924511492	0.982240709206222	0.9878307048794358	0.9903552841676591	1.0	0.9967554486598633	0.9874778658679657	0.9739754410030016	0.9874931054133375	0.9884434905312985	0.986293820821862	0.9899461909847257	0.9977125000130842	0.9719667553349564	0.983532805082206	0.9834274631686171	0.9971226608633081	0.9873151774385603	0.9810242388615195	0.9861977313657256	0.9914753778630129	0.9785477214229212	0.997643595655438	0.9975114685480114	0.9849895181218674	0.9828480376699086	0.9875497481076154	0.9850275300792751	0.9843198511008628
0.9971758491788766	0.9745313305356637	0.9841838144171465	0.997484335948459	0.9812721134112854	0.9841149494134787	0.958452405695526	0.9864640521491262	0.9687798133389572	0.9803571818065426	0.9855646097459391	0.9706595682129832	0.9850996184975954	0.9671955763649662	0.9848646302977718	0.9911617907036875	0.9906004329291304	0.9967554486598633	1.0	0.9867669694043335	0.9795350494918439	0.9877341545131132	0.988817464521096	0.9856634000899436	0.9896530231905274	0.9962104108868196	0.9728228708970543	0.9850326504498242	0.9835938008043131	0.9990006862116639	0.9859580013780976	0.9765478285566285	0.9862837157879831	0.9927906015806386	0.978894468416205	0.9979241583889888	0.9927641017232243	0.977278231362143	0.980007369947421	0.9830286238807381	0.9851664502466598	0.9868262873749964
0.987436470856241	0.9865123513612275	0.9840356483916962	0.9812234946002207	0.9825316595827507	0.9832922798331578	0.9613196596654676	0.9745634582980105	0.982241810966481	0.9806000634564624	0.9977425365547212	0.9860403682963415	0.9975905155299605	0.9834797080223706	0.9968821240707709	0.9824835292874531	0.9869450596250693	0.9874778658679657	0.9867669694043335	1.0	0.9790324544578477	0.9878889780892399	0.9864627815438908	0.997712187892767	0.9940908018977274	0.9865974432608701	0.9880113174316605	0.9847625426905343	0.9965693546497112	0.980090902542551	0.9981345698359487	0.978601393305966	0.9858079934848358	0.9838513801628493	0.9908936614358613	0.9801472659941817	0.9830564772422267	0.9872703682099845	0.9800858413057139	0.998074556917568	0.9965064458549411	0.9985220375359519
0.9738210619573947	0.9673964240277534	0.9735881079216874	0.985697780319861	0.9748978565435519	0.9720725637977278	0.9520504486048255	0.9831774355422789	0.9591401737207362	0.9710510950553453	0.9718613215170901	0.9626074059381396	0.9736659451942923	0.9574971082032693	0.9711196000348555	0.9682180062241432	0.9845885066404341	0.9739754410030016	0.9795350494918439	0.9790324544578477	1.0	0.9813962879329552	0.9849180783736349	0.9719088321537591	0.9720725637977278	0.9747714659309236	0.9603939552363546	0.9732748782357985	0.9700509229520916	0.9865982645406572	0.9716616725722383	0.9680268150208436	0.9807297559361781	0.9693035107984463	0.9649277900057354	0.9852617490427484	0.9749983075141873	0.9648813104941121	0.9712757001657437	0.9707464840946324	0.974715016060286	0.9719498427014864
0.9876540007620066	0.9818782716379804	0.9854554855596368	0.9877463961358854	0.980560255168068	0.9844978573945266	0.9587321642186623	0.9842568868474679	0.9762533686079642	0.9796510973522449	0.9964751627574624	0.9761964740550255	0.9940864201316598	0.976928457257388	0.9944477188218036	0.9808083739122987	0.9951919478905374	0.9874931054133375	0.9877341545131132	0.9878889780892399	0.9813962879329552	1.0	0.9957269553841761	0.9966590373810686	0.9923925809115343	0.9869236955569127	0.9830068784658371	0.9849801627435594	0.9956978674412253	0.9905344825240803	0.9964444177869695	0.9772608242913542	0.9947229921826767	0.9822588123096335	0.9898277271638116	0.989526312989979	0.9844978573945266	0.9827283518717299	0.9797022754585679	0.9927039384919385	0.9948374229301347	0.9959485873851661
0.9882759076442197	0.9820518723473403	0.9844967268898038	0.9877252988363009	0.9816945546112427	0.9835405541647828	0.9572105508520146	0.9835050186717167	0.9751842038376143	0.980967995101688	0.9951178884466919	0.9718893208059333	0.9951520204303003	0.9746152729447124	0.9936873333733389	0.9814369176270736	0.9944030977755737	0.9884434905312985	0.988817464521096	0.9864627815438908	0.9849180783736349	0.9957269553841761	1.0	0.9952201792189636	0.9925631375175864	0.9877679817560706	0.9809154751198882	0.9872953979523481	0.9934727055518068	0.9897839427945606	0.9951178884466919	0.9741010543952439	0.9950495189335181	0.983051804418794	0.9871218528937084	0.988817464521096	0.9856085331731965	0.9821532507626947	0.9799553928912195	0.9924522901668168	0.9944974284799569	0.9956262174044681
0.9865753065057452	0.9916053942204643	0.9826558022561674	0.9895151617127786	0.9850512619534132	0.9821640161144716	0.9662376044791458	0.9835592989994569	0.9899540309289687	0.9822835028410775	0.9990337269336927	0.9956640645003918	0.9954763226640079	0.9882101711725103	0.9964165138365126	0.981367433617442	0.9957192416769275	0.986293820821862	0.9856634000899436	0.997712187892767	0.9719088321537591	0.9966590373810686	0.9952201792189636	1.0	0.9933256358060851	0.9879113232687997	0.9881426417033397	0.9829701266706304	0.994748302099287	0.9900064670626795	0.9983950365729689	0.980686556932832	0.9946564221074817	0.9825983269054508	0.990373484308921	0.9892854339723295	0.9884501273072039	0.9924567652930291	0.9810542790834031	0.9985953107924297	0.9954997120310493	0.9970721476580571
0.9890443933517318	0.9889232049463351	0.9819564543584882	0.9906566378395545	0.9846867841341982	0.9818379017831573	0.9649440724386344	0.983613489607603	0.9857378109999978	0.9831564976959595	0.9945298292013596	0.9907628600762322	0.9919592563812237	0.9840392733766843	0.9924068987157542	0.9839865072277015	0.993595015321839	0.9899461909847257	0.9896530231905274	0.9940908018977274	0.9720725637977278	0.9923925809115343	0.9925631375175864	0.9933256358060851	1.0	0.9908297181165183	0.983601498987163	0.9830153739538509	0.99048913614396	0.9919862520059424	0.9941291472579498	0.979791898702547	0.9913663449967428	0.9861807098825118	0.9863592322923224	0.9922507601940942	0.9918153141977772	0.9907560434008701	0.9811546975659167	0.9944788065477945	0.9917558052130881	0.9927858290217577
0.9987039537635608	0.982693007178758	0.9855178285642867	0.9963637056306832	0.9844415309158915	0.985914945441586	0.9651086360764235	0.9851472961520165	0.9777304295316268	0.9840379138186821	0.9881756064550515	0.9820609814616849	0.9878050132703033	0.9752145560373109	0.9872682521362499	0.9938452787089723	0.9906004329291304	0.9977125000130842	0.9962104108868196	0.9865974432608701	0.9747714659309236	0.9869236955569127	0.9877679817560706	0.9879113232687997	0.9908297181165183	1.0	0.9770306224857409	0.9865571115873055	0.9864185733257702	0.997513917349833	0.9883069570775415	0.980754372915965	0.9855016356922451	0.9948927649979196	0.9825947457199146	0.9972024045217808	0.9981675042190221	0.9837985794383414	0.9824328427996062	0.9867723517939647	0.9845217773292931	0.9888529819851443
0.9737764562914488	0.9834580294333501	0.9689438920892106	0.9747440027644516	0.9747739706850225	0.9721508209332097	0.9590440948773447	0.9672169161598051	0.9827859339623742	0.9725430759284782	0.989194278765401	0.9885914812589226	0.9787138807431388	0.9812489741776775	0.9835214098117921	0.9632728412587261	0.9817312227004972	0.9719667553349564	0.9728228708970543	0.9880113174316605	0.9603939552363546	0.9830068784658371	0.9809154751198882	0.9881426417033397	0.983601498987163	0.9770306224857409	1.0	0.9716461044314456	0.9854718337987791	0.9742599678193439	0.9883479470900621	0.9726430533186232	0.9800098100090211	0.9710795630520654	0.9792087234322562	0.9740163552600362	0.9768293665356361	0.9841337551378823	0.9712303917798103	0.9890777595036234	0.9847756277209903	0.9847495481586713
0.9840152667583572	0.9827983861369172	0.9882763776582342	0.9877886273788022	0.9913043973567028	0.995227753727439	0.9737874905234025	0.9870544420414864	0.9760639871040575	0.9969301995733475	0.9840476769413741	0.98034332987895	0.9809786170663183	0.974141372624292	0.981643241545421	0.9796682350699972	0.98507353502302	0.983532805082206	0.9850326504498242	0.9847625426905343	0.9732748782357985	0.9849801627435594	0.9872953979523481	0.9829701266706304	0.9830153739538509	0.9865571115873055	0.9716461044314456	1.0	0.9813639768251355	0.9873760325228753	0.983673526779733	0.9935058837797546	0.9837403935897392	0.9803002030503514	0.9778242924124294	0.9875481106703163	0.9871469378620369	0.9825977196216172	0.9828480376699086	0.9841412534380115	0.9815217139891403	0.982960809847392
0.9835368606252802	0.9910915559649197	0.9822845647467207	0.9868033304283862	0.9824105392917899	0.9824785628545173	0.9666052990468759	0.9813727466100021	0.987371738624683	0.9811499908141418	0.9958544810447649	0.9928002342825122	0.9934357267309782	0.9872598433718389	0.9926169446272458	0.9789422901396546	0.9934085782343225	0.9834274631686171	0.9835938008043131	0.9965693546497112	0.9700509229520916	0.9956978674412253	0.9934727055518068	0.994748302099287	0.99048913614396	0.9864185733257702	0.9854718337987791	0.9813639768251355	1.0	0.9876153627228118	0.9950707957268765	0.9828534320607448	0.9920582600101523	0.9801149954201587	0.9900090224032412	0.9871635966832197	0.9866292825605443	0.9913505898168288	0.9804452040435414	0.9962124484114597	0.9922633544465373	0.9942544820509944
0.9984551996630575	0.9762768960642022	0.9876153627228118	0.9959204662057484	0.9844644997566592	0.9865982645406572	0.9564225084236502	0.9863147836341614	0.9688026097339119	0.9822946347028256	0.9898731326648667	0.9646385019111834	0.9890616067360221	0.9662407751221598	0.9886482288739683	0.9912683399060956	0.9894247522760307	0.9971226608633081	0.9990006862116639	0.980090902542551	0.9865982645406572	0.9905344825240803	0.9897839427945606	0.9900064670626795	0.9919862520059424	0.997513917349833	0.9742599678193439	0.9873760325228753	0.9876153627228118	1.0	0.9897839427945606	0.9753188158724986	0.9881358442208044	0.9916925270165117	0.9818428675236356	0.9988990859493185	0.9954346603233077	0.9773383832422233	0.9825738561307343	0.9859524978924699	0.9893795771816426	0.9905344825240803
0.9868877618614642	0.9921641792617112	0.9829397674035412	0.9894349643077687	0.9856498766563473	0.9820721838770955	0.9664482292806958	0.983613489607603	0.9901716638738624	0.9828358725772607	0.9994845617708319	0.99613890100923	0.9958902298958026	0.988096430060256	0.9970082133046057	0.9819253251109594	0.9957540984765947	0.9873151774385603	0.9859580013780976	0.9981345698359487	0.9716616725722383	0.9964444177869695	0.9951178884466919	0.9983950365729689	0.9941291472579498	0.9883069570775415	0.9883479470900621	0.983673526779733	0.9950707957268765	0.9897839427945606	1.0	0.9813251995806321	0.9947894288730859	0.9828826379953262	0.9908190601939403	0.9901601884236885	0.9883919968437362	0.9927404662304823	0.9812214723344276	0.9983388242953735	0.9959308573956591	0.9969522655035278
0.9819516118087017	0.9773543603397313	0.9882328922934716	0.9775152920852845	0.9852920186364993	0.9945023230123001	0.9715380145300246	0.9739139667853903	0.9717438563601746	0.9887734413802819	0.9806525961110355	0.9807020834154392	0.9800697965124882	0.9707877873766776	0.9804138772099757	0.9786198920379613	0.9737365179092855	0.9810242388615195	0.9765478285566285	0.978601393305966	0.9680268150208436	0.9772608242913542	0.9741010543952439	0.980686556932832	0.979791898702547	0.980754372915965	0.9726430533186232	0.9935058837797546	0.9828534320607448	0.9753188158724986	0.9813251995806321	1.0	0.9734039661219347	0.9788361385774261	0.9795467831729081	0.9764303084299398	0.9802835355406727	0.9765074666682322	0.9775913374558602	0.9772159859991125	0.9743690776050224	0.9810242388615195
0.9862407516885966	0.9816326984560177	0.983971547482849	0.9864975051130327	0.9812845100565584	0.9823181544991806	0.9541052894278039	0.9830675095115503	0.9762090925127481	0.9783568031936108	0.9941866505437826	0.971366841937117	0.9924166922011654	0.9774134443400433	0.9930522438720801	0.9796963380505593	0.9938542766252316	0.9861977313657256	0.9862837157879831	0.9858079934848358	0.9807297559361781	0.9947229921826767	0.9950495189335181	0.9946564221074817	0.9913663449967428	0.9855016356922451	0.9800098100090211	0.9837403935897392	0.9920582600101523	0.9881358442208044	0.9947894288730859	0.9734039661219347	1.0	0.9813843711793396	0.985981781134765	0.9873350466382648	0.9830369897258474	0.9817807951850742	0.9787374490662264	0.9917323153725548	0.9935727047539689	0.9937101238231768
0.9914543296640189	0.9808103857768001	0.9790762307798249	0.9910794922811784	0.9820484231033235	0.9806399209897523	0.9637679227460254	0.9800112454340599	0.9759386362553796	0.9817882570677713	0.9835002659783377	0.9804633524677536	0.9808677577713752	0.9727138138678633	0.9804290015259863	0.9876656396115893	0.9858349808998964	0.9914753778630129	0.9927906015806386	0.9838513801628493	0.9693035107984463	0.9822588123096335	0.983051804418794	0.9825983269054508	0.9861807098825118	0.9948927649979196	0.9710795630520654	0.9803002030503514	0.9801149954201587	0.9916925270165117	0.9828826379953262	0.9788361385774261	0.9813843711793396	1.0	0.9755804665818224	0.9918803612155643	0.9949410290472875	0.9830833565344482	0.9796850252931711	0.9838661640954439	0.9807445678020658	0.9819817161736542
0.979040892631466	0.987677476811687	0.9773419719591547	0.9810684745169028	0.9797162607551375	0.9788209234901887	0.9635963315827618	0.9762345311221947	0.9846015748782968	0.9781684787797794	0.9918683231343147	0.9897853497112596	0.9876556553885021	0.9832895564282913	0.987332255215499	0.9745826039157413	0.9877537061775127	0.9785477214229212	0.978894468416205	0.9908936614358613	0.9649277900057354	0.9898277271638116	0.9871218528937084	0.990373484308921	0.9863592322923224	0.9825947457199146	0.9792087234322562	0.9778242924124294	0.9900090224032412	0.9818428675236356	0.9908190601939403	0.9795467831729081	0.985981781134765	0.9755804665818224	1.0	0.9817570502222108	0.982860979738854	0.9878204743666062	0.9773672619367909	0.9922235543699038	0.987706962775721	0.9884505264746353
0.9981715762624103	0.9770214568322555	0.9867310219650713	0.9950348986566903	0.9835801822999691	0.986336780083152	0.9570919248661273	0.9868588204700802	0.968874476305787	0.9827059198675685	0.9891238648811768	0.9669345533600803	0.988386841093179	0.9671735989176868	0.9879701459422449	0.9910887465087519	0.9895247159829549	0.997643595655438	0.9979241583889888	0.9801472659941817	0.9852617490427484	0.989526312989979	0.988817464521096	0.9892854339723295	0.9922507601940942	0.9972024045217808	0.9740163552600362	0.9875481106703163	0.9871635966832197	0.9988990859493185	0.9901601884236885	0.9764303084299398	0.9873350466382648	0.9918803612155643	0.9817570502222108	1.0	0.9949040282316373	0.9773710625561063	0.9820094312607539	0.985624014840352	0.9884282221683178	0.9898447728856647
0.9984478174353834	0.9801706396041517	0.9862589104615488	0.9940720115113638	0.98394446316315	0.9874177286790903	0.9644816205984169	0.9832322605955389	0.9749105804187208	0.9835760408568961	0.9883046083834799	0.9789094745809488	0.9880704327360837	0.9737024751785903	0.9872976522011871	0.9938740999699811	0.9881945172452113	0.9975114685480114	0.9927641017232243	0.9830564772422267	0.9749983075141873	0.9844978573945266	0.9856085331731965	0.9884501273072039	0.9918153141977772	0.9981675042190221	0.9768293665356361	0.9871469378620369	0.9866292825605443	0.9954346603233077	0.9883919968437362	0.9802835355406727	0.9830369897258474	0.9949410290472875	0.982860979738854	0.9949040282316373	1.0	0.9813511499288452	0.9814182445099087	0.9865062881379747	0.982792057795977	0.9895917123175741
0.9841337551378823	0.9851330729606715	0.9815321647628003	0.9775729932578575	0.9787843174945976	0.9815321647628003	0.9627620648402591	0.9722693501737061	0.9819269071394789	0.9781498548600849	0.9924049209122131	0.9866658813882763	0.9917499144987388	0.9812420582787743	0.9914842348370592	0.9803185230169441	0.9830888548052588	0.9849895181218674	0.977278231362143	0.9872703682099845	0.9648813104941121	0.9827283518717299	0.9821532507626947	0.9924567652930291	0.9907560434008701	0.9837985794383414	0.9841337551378823	0.9825977196216172	0.9913505898168288	0.9773383832422233	0.9927404662304823	0.9765074666682322	0.9817807951850742	0.9830833565344482	0.9878204743666062	0.9773710625561063	0.9813511499288452	1.0	0.9757404711957486	0.9911625740456271	0.9843994515452725	0.9929962823819967
0.9829747384136314	0.9772713965500992	0.9822394245250038	0.9821885905420825	0.9809031310138625	0.9827526895153005	0.9640498675382863	0.983450648321828	0.970874792910441	0.9791568302565874	0.980987161710041	0.9756991884181871	0.9806834168384989	0.9696549468300613	0.9806155330055448	0.9791563869330033	0.9798098670454597	0.9828480376699086	0.980007369947421	0.9800858413057139	0.9712757001657437	0.9797022754585679	0.9799553928912195	0.9810542790834031	0.9811546975659167	0.9824328427996062	0.9712303917798103	0.9828480376699086	0.9804452040435414	0.9825738561307343	0.9812214723344276	0.9775913374558602	0.9787374490662264	0.9796850252931711	0.9773672619367909	0.9820094312607539	0.9814182445099087	0.9757404711957486	1.0	0.9792981962714807	0.9762277308724471	0.9817508195473499
0.9875771754755276	0.9908453412125441	0.9838047185251777	0.9861000748153543	0.9832508632750445	0.9835577783450056	0.9634814260941125	0.980431651102018	0.9877532623998315	0.9807403618922345	0.998120242476014	0.9919383765443217	0.9976180587063626	0.986936870843345	0.9972107791133009	0.9828689415051147	0.9931834592269093	0.9875497481076154	0.9830286238807381	0.998074556917568	0.9707464840946324	0.9927039384919385	0.9924522901668168	0.9985953107924297	0.9944788065477945	0.9867723517939647	0.9890777595036234	0.9841412534380115	0.9962124484114597	0.9859524978924699	0.9983388242953735	0.9772159859991125	0.9917323153725548	0.9838661640954439	0.9922235543699038	0.985624014840352	0.9865062881379747	0.9911625740456271	0.9792981962714807	1.0	0.9929364212299063	0.9986542203524723
0.9850275300792751	0.9836977480392315	0.9809583548964689	0.9884156822635443	0.9794316148429504	0.9803127528186364	0.9590938083229451	0.9822310925772834	0.9802826509307289	0.9766762600824308	0.9956137154616181	0.9860991619206131	0.9937408947989864	0.9787167806270232	0.9939569471197365	0.9793197819317332	0.9958237024530866	0.9850275300792751	0.9851664502466598	0.9965064458549411	0.974715016060286	0.9948374229301347	0.9944974284799569	0.9954997120310493	0.9917558052130881	0.9845217773292931	0.9847756277209903	0.9815217139891403	0.9922633544465373	0.9893795771816426	0.9959308573956591	0.9743690776050224	0.9935727047539689	0.9807445678020658	0.987706962775721	0.9884282221683178	0.982792057795977	0.9843994515452725	0.9762277308724471	0.9929364212299063	1.0	0.9945027645037411
0.985088140372586	0.9920849286611172	0.9810869805732036	0.989714806290256	0.9849302183982477	0.9828513263490536	0.9662903899385921	0.983450648321828	0.9888720104996985	0.982932389972017	0.9976244542556991	0.9942236644222465	0.9936122787626986	0.9882668947859559	0.9930509562345962	0.9800020748692375	0.9963411321555078	0.9843198511008628	0.9868262873749964	0.9985220375359519	0.9719498427014864	0.9959485873851661	0.9956262174044681	0.9970721476580571	0.9927858290217577	0.9888529819851443	0.9847495481586713	0.982960809847392	0.9942544820509944	0.9905344825240803	0.9969522655035278	0.9810242388615195	0.9937101238231768	0.9819817161736542	0.9884505264746353	0.9898447728856647	0.9895917123175741	0.9929962823819967	0.9817508195473499	0.9986542203524723	0.9945027645037411	1.0
