/home/jshaw/scratch/2022_sketched_distance/references/SGB_genome_fastas_part5/15084/BritoIL_2016__M1.15.ST__bin.24.fa	/home/jshaw/scratch/2022_sketched_distance/references/SGB_genome_fastas_part5/15084/BritoIL_2016__M1.16.ST__bin.34.fa	/home/jshaw/scratch/2022_sketched_distance/references/SGB_genome_fastas_part5/15084/BritoIL_2016__M1.29.ST__bin.3.fa	/home/jshaw/scratch/2022_sketched_distance/references/SGB_genome_fastas_part5/15084/BritoIL_2016__M1.61.ST__bin.72.fa	/home/jshaw/scratch/2022_sketched_distance/references/SGB_genome_fastas_part5/15084/BritoIL_2016__W1.11.ST__bin.11.fa	/home/jshaw/scratch/2022_sketched_distance/references/SGB_genome_fastas_part5/15084/BritoIL_2016__W1.41.ST__bin.31.fa	/home/jshaw/scratch/2022_sketched_distance/references/SGB_genome_fastas_part5/15084/BritoIL_2016__W1.9.ST__bin.39.fa	/home/jshaw/scratch/2022_sketched_distance/references/SGB_genome_fastas_part5/15084/BritoIL_2016__W2.39.ST__bin.73.fa	/home/jshaw/scratch/2022_sketched_distance/references/SGB_genome_fastas_part5/15084/BritoIL_2016__W2.69.ST__bin.15.fa	/home/jshaw/scratch/2022_sketched_distance/references/SGB_genome_fastas_part5/15084/BritoIL_2016__W2.9.ST__bin.25.fa	/home/jshaw/scratch/2022_sketched_distance/references/SGB_genome_fastas_part5/15084/BritoIL_2016__W3.22.ST__bin.39.fa	/home/jshaw/scratch/2022_sketched_distance/references/SGB_genome_fastas_part5/15084/CM_madagascar__A79_02_1FE__bin.27.fa	/home/jshaw/scratch/2022_sketched_distance/references/SGB_genome_fastas_part5/15084/CosteaPI_2017__SID713B014-11-0-0__bin.32.fa	/home/jshaw/scratch/2022_sketched_distance/references/SGB_genome_fastas_part5/15084/FengQ_2015__SID31223__bin.56.fa	/home/jshaw/scratch/2022_sketched_distance/references/SGB_genome_fastas_part5/15084/FengQ_2015__SID31866__bin.74.fa	/home/jshaw/scratch/2022_sketched_distance/references/SGB_genome_fastas_part5/15084/FengQ_2015__SID530295__bin.42.fa	/home/jshaw/scratch/2022_sketched_distance/references/SGB_genome_fastas_part5/15084/LeChatelierE_2013__MH0013__bin.12.fa	/home/jshaw/scratch/2022_sketched_distance/references/SGB_genome_fastas_part5/15084/LeChatelierE_2013__MH0437__bin.97.fa	/home/jshaw/scratch/2022_sketched_distance/references/SGB_genome_fastas_part5/15084/NielsenHB_2014__MH0013__bin.1.fa	/home/jshaw/scratch/2022_sketched_distance/references/SGB_genome_fastas_part5/15084/NielsenHB_2014__V1_UC21_4__bin.3.fa	/home/jshaw/scratch/2022_sketched_distance/references/SGB_genome_fastas_part5/15084/NielsenHB_2014__V1_UC40_0__bin.13.fa	/home/jshaw/scratch/2022_sketched_distance/references/SGB_genome_fastas_part5/15084/Obregon-TitoAJ_2015__HCO07__bin.22.fa	/home/jshaw/scratch/2022_sketched_distance/references/SGB_genome_fastas_part5/15084/Obregon-TitoAJ_2015__SM20__bin.34.fa	/home/jshaw/scratch/2022_sketched_distance/references/SGB_genome_fastas_part5/15084/VogtmannE_2016__MMRS21365932ST-27-0-0__bin.29.fa	/home/jshaw/scratch/2022_sketched_distance/references/SGB_genome_fastas_part5/15084/XieH_2016__YSZC12003_35980__bin.71.fa	/home/jshaw/scratch/2022_sketched_distance/references/SGB_genome_fastas_part5/15084/XieH_2016__YSZC12003_36244__bin.27.fa	/home/jshaw/scratch/2022_sketched_distance/references/SGB_genome_fastas_part5/15084/XieH_2016__YSZC12003_37100__bin.77.fa	/home/jshaw/scratch/2022_sketched_distance/references/SGB_genome_fastas_part5/15084/ZeeviD_2015__PNP_Main_113__bin.57.fa	/home/jshaw/scratch/2022_sketched_distance/references/SGB_genome_fastas_part5/15084/ZeeviD_2015__PNP_Main_134__bin.48.fa	/home/jshaw/scratch/2022_sketched_distance/references/SGB_genome_fastas_part5/15084/ZeeviD_2015__PNP_Main_172__bin.54.fa	/home/jshaw/scratch/2022_sketched_distance/references/SGB_genome_fastas_part5/15084/ZeeviD_2015__PNP_Main_238__bin.8.fa	/home/jshaw/scratch/2022_sketched_distance/references/SGB_genome_fastas_part5/15084/ZeeviD_2015__PNP_Main_438__bin.14.fa	/home/jshaw/scratch/2022_sketched_distance/references/SGB_genome_fastas_part5/15084/ZeeviD_2015__PNP_Main_587__bin.15.fa
1.0	0.995998705707461	0.9882430378406907	0.9849529480826333	0.9868103881240544	0.9875333069187351	0.9875759679752791	0.9849623164526988	0.9803845620680465	0.9940568253475008	0.9780201271374348	0.9869266113318307	0.9810942406251285	0.9874775861890775	0.9870964883241672	0.9699020995092298	0.9849892002106326	0.9811141507223982	0.9842974337679155	0.9821841254225104	0.9867906066038785	0.9858907092588564	0.9865018578600098	0.9830813510032964	0.9878435594502721	0.9877296601552663	0.98743311222117	0.9882722146513662	0.9871835068332503	0.981564942101439	0.980117761745618	0.9877291520186896	0.9871323578363719
0.995998705707461	1.0	0.9876114565854017	0.9845644258478008	0.9861101322034495	0.9869106936540539	0.9866628630809569	0.9845444904100981	0.9800997353496189	0.993579211314033	0.9779427052819591	0.9859105561926261	0.9800955664746039	0.9866455389972195	0.9858504346640389	0.9678039492087056	0.9841835250568501	0.9801808420503229	0.9833762120450136	0.9810333262483173	0.9856557464620782	0.9853268417396376	0.9857471948844323	0.9825550699467256	0.9864544629694368	0.9862763819299663	0.9864785780064343	0.9866704101231388	0.9861321177046158	0.9812264726570527	0.9789707764309449	0.9865302091585603	0.9861434751460949
0.9882430378406907	0.9876114565854017	1.0	0.9836535791889774	0.9932271653319005	0.9919890848799859	0.9926424948588372	0.9901437341568508	0.9795057410267952	0.9876740247926727	0.9780512666269221	0.98702232403954	0.9800386781221886	0.9875212984446428	0.9870315417350616	0.9689945853879972	0.9851855274734136	0.9808834759473792	0.9841501812646327	0.9823292413080289	0.9851381866667556	0.9849475425893446	0.9863655152501803	0.9829527707292492	0.9869449606448569	0.9863049098377797	0.9860612541154025	0.9876509747149839	0.9865487902300937	0.9806200754472247	0.9791628373265899	0.987610384859143	0.9868329981646778
0.9849529480826333	0.9845644258478008	0.9836535791889774	1.0	0.9817838935121861	0.9839533746925068	0.9832973557448331	0.9802818515861429	0.9781403242035291	0.9835301155707983	0.9739542518463385	0.9816833583398886	0.975779926859388	0.9825032419941098	0.9820807810751422	0.9649534376376151	0.9802591453232915	0.9769129979127058	0.9799072718770018	0.9783215549414868	0.9816110449064356	0.9814205564938975	0.9808472368969822	0.9795894993217114	0.9831237826920097	0.982543446194044	0.982820286449449	0.9828318863675751	0.9825622898226581	0.9784731069464713	0.9772429105832247	0.9826179324987596	0.982076048858406
0.9868103881240544	0.9861101322034495	0.9932271653319005	0.9817838935121861	1.0	0.9921585384045574	0.9962775980884603	0.9950514925640571	0.9781631546532044	0.9859417952520085	0.9762630059175277	0.9861493883358275	0.9796017458708177	0.9861483244409943	0.9861803007187955	0.9684022267183579	0.9837186358197706	0.9794673778072189	0.9827018928043958	0.9812196037203096	0.983372939235227	0.983360823219214	0.9845972705772669	0.9815475630179149	0.9862737582639945	0.9846211019559384	0.9839965766621976	0.9861687612019263	0.9851997785591678	0.9784442142742872	0.9774703041681932	0.9866283262098704	0.985267390350457
0.9875333069187351	0.9869106936540539	0.9919890848799859	0.9839533746925068	0.9921585384045574	1.0	0.9926601545504874	0.9900748037568664	0.9792917637402744	0.9866484293345165	0.976921235122193	0.9854905989670922	0.9792760999072512	0.9856429659127471	0.9856136285420674	0.9683184128843434	0.9832260577453147	0.9803111837842687	0.9829365799375376	0.9811246263435347	0.9849374076445188	0.9840591584082742	0.9844276748927488	0.9816186242790939	0.9864726778557363	0.9851701735155344	0.9850423268119347	0.9860818207265678	0.9855095586752625	0.9800919760242564	0.9782736802497208	0.9859737758839071	0.9855139800238669
0.9875759679752791	0.9866628630809569	0.9926424948588372	0.9832973557448331	0.9962775980884603	0.9926601545504874	1.0	0.9943552476947355	0.9793058814621793	0.9863687902535542	0.9765511017034121	0.9858964337201911	0.9786357114041804	0.9862051122483518	0.9865543719851557	0.9683688382798868	0.9838772415536102	0.9797057289103237	0.9829738604714008	0.9814392987756703	0.984093795438924	0.9843614657526238	0.9854542739269222	0.9819297075229838	0.9867016766698761	0.9854319020845052	0.9844582551236134	0.9864880643808134	0.9857477581272247	0.9794015991764788	0.9787230579085103	0.9864596323623703	0.9859579134233528
0.9849623164526988	0.9845444904100981	0.9901437341568508	0.9802818515861429	0.9950514925640571	0.9900748037568664	0.9943552476947355	1.0	0.9766926181829602	0.9838001237389334	0.973543138644149	0.9832248773204497	0.9773728274728425	0.983777250557674	0.984368459606488	0.9676554824442724	0.9812823334364598	0.9768045386315749	0.9804945845004182	0.9789429305998801	0.9815014120639527	0.9825470526030072	0.9830493375725274	0.9792415981782531	0.984525583033664	0.98291249514814	0.9821465841992266	0.9843110815658698	0.9840394328674824	0.9777919917578755	0.9755404700431807	0.984017889071761	0.9837400019658884
0.9803845620680465	0.9800997353496189	0.9795057410267952	0.9781403242035291	0.9781631546532044	0.9792917637402744	0.9793058814621793	0.9766926181829602	1.0	0.9793621105136409	0.969357038671965	0.9782433920435223	0.9723824512452907	0.9782530401475342	0.9780635582231476	0.9643037327480383	0.9767217478877136	0.9722764841261599	0.9756414091205459	0.9754564831392895	0.9771158832164857	0.9773734524092313	0.977145554656861	0.9765495360248583	0.9786610502542166	0.9791488107817576	0.977752086559674	0.97902086874641	0.9790086984354027	0.975504688917136	0.9730124884165633	0.977834935766951	0.9788043072168878
0.9940568253475008	0.993579211314033	0.9876740247926727	0.9835301155707983	0.9859417952520085	0.9866484293345165	0.9863687902535542	0.9838001237389334	0.9793621105136409	1.0	0.9775117252402122	0.9862976758551919	0.9801435478122923	0.9869538763798371	0.9869706680217669	0.9683383289055768	0.9846757863907735	0.9801515239865682	0.9835583204343982	0.9814822010977488	0.9864976981340303	0.9851149233265682	0.986142108088786	0.9820770966689918	0.9869617852925562	0.9865095697321873	0.9863162739146102	0.9871096148855474	0.9868068977548976	0.9803519504536431	0.978953980057644	0.9870227956938827	0.9862387043778861
0.9780201271374348	0.9779427052819591	0.9780512666269221	0.9739542518463385	0.9762630059175277	0.976921235122193	0.9765511017034121	0.973543138644149	0.969357038671965	0.9775117252402122	1.0	0.9788814781936734	0.9719823192154393	0.9794679193539311	0.9783119546636821	0.9597474443260808	0.9768241502461745	0.973376802819181	0.9757485559241699	0.9739343344805806	0.9767370231307851	0.9767256077129368	0.977619051621018	0.9737893475971855	0.9785710108452825	0.9779814562558669	0.9784122220477273	0.9785869516154627	0.9775569044699791	0.9721800916031843	0.9714937285036507	0.979496119904575	0.9779332500391316
0.9869266113318307	0.9859105561926261	0.98702232403954	0.9816833583398886	0.9861493883358275	0.9854905989670922	0.9858964337201911	0.9832248773204497	0.9782433920435223	0.9862976758551919	0.9788814781936734	1.0	0.9805626693073083	0.9877856535685661	0.9875649077803463	0.9684564043774536	0.9849063910989978	0.9824057378283189	0.9838484235373274	0.982977511455974	0.9853691613909618	0.9849002730341386	0.9869078350233343	0.983078933797913	0.9872328229319839	0.9861978617794932	0.9859345825974561	0.9881558586089156	0.9870921916813832	0.9805509296273812	0.979423469156142	0.9887760670943849	0.9872481789483509
0.9810942406251285	0.9800955664746039	0.9800386781221886	0.975779926859388	0.9796017458708177	0.9792760999072512	0.9786357114041804	0.9773728274728425	0.9723824512452907	0.9801435478122923	0.9719823192154393	0.9805626693073083	1.0	0.9860610733441191	0.9812015821648483	0.9656673266252317	0.9783335377146072	0.9759948037018914	0.9778785046515532	0.9771545222372852	0.9812570620701736	0.9795249295032459	0.9799870580756792	0.9776351959759468	0.9821402993646986	0.9802275369689756	0.980504813453277	0.9816956604558489	0.9803603287509643	0.975296370530857	0.9735266219908317	0.98151522052041	0.9849347351947815
0.9874775861890775	0.9866455389972195	0.9875212984446428	0.9825032419941098	0.9861483244409943	0.9856429659127471	0.9862051122483518	0.983777250557674	0.9782530401475342	0.9869538763798371	0.9794679193539311	0.9877856535685661	0.9860610733441191	1.0	0.9886659530536893	0.9700401971856841	0.9859892386591689	0.9821472678515739	0.9846903336636074	0.9838089910605832	0.9864317895748094	0.9864709751472448	0.9875903370766127	0.9835307291764654	0.9881417069983235	0.9876273675894439	0.9869260846769107	0.9891944753822725	0.9874019005888166	0.9818999365948131	0.9804315060877004	0.9892808176901143	0.991637756669079
0.9870964883241672	0.9858504346640389	0.9870315417350616	0.9820807810751422	0.9861803007187955	0.9856136285420674	0.9865543719851557	0.984368459606488	0.9780635582231476	0.9869706680217669	0.9783119546636821	0.9875649077803463	0.9812015821648483	0.9886659530536893	1.0	0.9712381447471822	0.9853961379553896	0.9817899533232439	0.9842824465734862	0.9832721545978604	0.9862427880975015	0.9858646052280287	0.9867860323311886	0.9830883127420457	0.988426143557537	0.9876272394207944	0.9862905973909188	0.9895293580020733	0.9881879929653022	0.9805645608818341	0.9807734665253742	0.9893502123752342	0.9879819124380452
0.9699020995092298	0.9678039492087056	0.9689945853879972	0.9649534376376151	0.9684022267183579	0.9683184128843434	0.9683688382798868	0.9676554824442724	0.9643037327480383	0.9683383289055768	0.9597474443260808	0.9684564043774536	0.9656673266252317	0.9700401971856841	0.9712381447471822	1.0	0.9674045543318592	0.9655082462533079	0.9669945299430193	0.9657460652444598	0.9680077377621723	0.9680553031593604	0.9682063110059653	0.9660209163600809	0.9701330812051228	0.9684574149864056	0.9683407209322628	0.9706546346493407	0.9712308669187399	0.9635112831344793	0.9641480263762295	0.9707710477313757	0.9704114887464752
0.9849892002106326	0.9841835250568501	0.9851855274734136	0.9802591453232915	0.9837186358197706	0.9832260577453147	0.9838772415536102	0.9812823334364598	0.9767217478877136	0.9846757863907735	0.9768241502461745	0.9849063910989978	0.9783335377146072	0.9859892386591689	0.9853961379553896	0.9674045543318592	1.0	0.9795258956470152	0.995053647144032	0.9821906062246892	0.9839289588831691	0.9833586608592564	0.9849063910989978	0.9811752524250271	0.9850923848162854	0.9842830771344041	0.9840928026258078	0.9862119364166848	0.987312084208421	0.9792173334079683	0.9779530190037267	0.9862625712482492	0.9856436075405027
0.9811141507223982	0.9801808420503229	0.9808834759473792	0.9769129979127058	0.9794673778072189	0.9803111837842687	0.9797057289103237	0.9768045386315749	0.9722764841261599	0.9801515239865682	0.973376802819181	0.9824057378283189	0.9759948037018914	0.9821472678515739	0.9817899533232439	0.9655082462533079	0.9795258956470152	1.0	0.9792084037058225	0.980131973975982	0.9818483663255786	0.9796489672240299	0.9810785809549804	0.9781436639288813	0.9817262486656596	0.9818851252686622	0.9816219088196859	0.9828279317106813	0.981635029610761	0.9778885363354327	0.9742392009562385	0.9822630923692538	0.9821524337171081
0.9842974337679155	0.9833762120450136	0.9841501812646327	0.9799072718770018	0.9827018928043958	0.9829365799375376	0.9829738604714008	0.9804945845004182	0.9756414091205459	0.9835583204343982	0.9757485559241699	0.9838484235373274	0.9778785046515532	0.9846903336636074	0.9842824465734862	0.9669945299430193	0.995053647144032	0.9792084037058225	1.0	0.9816591483409529	0.9831447362838039	0.9823931713520563	0.9838207180802591	0.9801043680985784	0.983749224536793	0.9834515769001815	0.9832304657636988	0.9851433921047097	0.9865098974304428	0.9783275437362687	0.9775281982389573	0.9848302548295174	0.9844129389600215
0.9821841254225104	0.9810333262483173	0.9823292413080289	0.9783215549414868	0.9812196037203096	0.9811246263435347	0.9814392987756703	0.9789429305998801	0.9754564831392895	0.9814822010977488	0.9739343344805806	0.982977511455974	0.9771545222372852	0.9838089910605832	0.9832721545978604	0.9657460652444598	0.9821906062246892	0.980131973975982	0.9816591483409529	1.0	0.9821098413070289	0.9811362250626894	0.9844056156209088	0.9798292449068342	0.9837580786547878	0.982621285981674	0.9821147134394808	0.9837225628467012	0.984631593603141	0.9797072977230157	0.9770067333439771	0.9833519275474003	0.9830720342926276
0.9867906066038785	0.9856557464620782	0.9851381866667556	0.9816110449064356	0.983372939235227	0.9849374076445188	0.984093795438924	0.9815014120639527	0.9771158832164857	0.9864976981340303	0.9767370231307851	0.9853691613909618	0.9812570620701736	0.9864317895748094	0.9862427880975015	0.9680077377621723	0.9839289588831691	0.9818483663255786	0.9831447362838039	0.9821098413070289	1.0	0.9851162776578639	0.9853691613909618	0.9825522738970925	0.987607191455387	0.9865150227772791	0.9855965816901452	0.9911011881046052	0.9863061095703075	0.9817031743411097	0.9782843634695972	0.987683038545764	0.9869870808118774
0.9858907092588564	0.9853268417396376	0.9849475425893446	0.9814205564938975	0.983360823219214	0.9840591584082742	0.9843614657526238	0.9825470526030072	0.9773734524092313	0.9851149233265682	0.9767256077129368	0.9849002730341386	0.9795249295032459	0.9864709751472448	0.9858646052280287	0.9680553031593604	0.9833586608592564	0.9796489672240299	0.9823931713520563	0.9811362250626894	0.9851162776578639	1.0	0.9854301764300051	0.9813874667201078	0.9865821937618293	0.9853443175447438	0.9848855163174063	0.9867968277740665	0.9863211493099829	0.9805057153674636	0.9779090002489345	0.9864647631253012	0.9865203646831826
0.9865018578600098	0.9857471948844323	0.9863655152501803	0.9808472368969822	0.9845972705772669	0.9844276748927488	0.9854542739269222	0.9830493375725274	0.977145554656861	0.986142108088786	0.977619051621018	0.9869078350233343	0.9799870580756792	0.9875903370766127	0.9867860323311886	0.9682063110059653	0.9849063910989978	0.9810785809549804	0.9838207180802591	0.9844056156209088	0.9853691613909618	0.9854301764300051	1.0	0.982055902430265	0.9869549480083811	0.9864396110214486	0.9854762888372873	0.9873218414653183	0.9868579927058829	0.9814515367623614	0.9791366142584556	0.9874572554881094	0.9873230858984721
0.9830813510032964	0.9825550699467256	0.9829527707292492	0.9795894993217114	0.9815475630179149	0.9816186242790939	0.9819297075229838	0.9792415981782531	0.9765495360248583	0.9820770966689918	0.9737893475971855	0.983078933797913	0.9776351959759468	0.9835307291764654	0.9830883127420457	0.9660209163600809	0.9811752524250271	0.9781436639288813	0.9801043680985784	0.9798292449068342	0.9825522738970925	0.9813874667201078	0.982055902430265	1.0	0.983694241065206	0.982771667681236	0.9825388999784707	0.9835980157141838	0.9821194722899154	0.9779448377952716	0.9767822142530085	0.983693376842087	0.9826674772564457
0.9878435594502721	0.9864544629694368	0.9869449606448569	0.9831237826920097	0.9862737582639945	0.9864726778557363	0.9867016766698761	0.984525583033664	0.9786610502542166	0.9869617852925562	0.9785710108452825	0.9872328229319839	0.9821402993646986	0.9881417069983235	0.988426143557537	0.9701330812051228	0.9850923848162854	0.9817262486656596	0.983749224536793	0.9837580786547878	0.987607191455387	0.9865821937618293	0.9869549480083811	0.983694241065206	1.0	0.9881795583746403	0.9867712977281491	0.9893350190742846	0.9881045640093754	0.9820212271699743	0.9806306199783481	0.9885480119648468	0.9887295073506147
0.9877296601552663	0.9862763819299663	0.9863049098377797	0.982543446194044	0.9846211019559384	0.9851701735155344	0.9854319020845052	0.98291249514814	0.9791488107817576	0.9865095697321873	0.9779814562558669	0.9861978617794932	0.9802275369689756	0.9876273675894439	0.9876272394207944	0.9684574149864056	0.9842830771344041	0.9818851252686622	0.9834515769001815	0.982621285981674	0.9865150227772791	0.9853443175447438	0.9864396110214486	0.982771667681236	0.9881795583746403	1.0	0.9867522048568412	0.988341281783979	0.9873417364378635	0.9820552298786023	0.9798009940546283	0.9880329052063674	0.9885551044443464
0.98743311222117	0.9864785780064343	0.9860612541154025	0.982820286449449	0.9839965766621976	0.9850423268119347	0.9844582551236134	0.9821465841992266	0.977752086559674	0.9863162739146102	0.9784122220477273	0.9859345825974561	0.980504813453277	0.9869260846769107	0.9862905973909188	0.9683407209322628	0.9840928026258078	0.9816219088196859	0.9832304657636988	0.9821147134394808	0.9855965816901452	0.9848855163174063	0.9854762888372873	0.9825388999784707	0.9867712977281491	0.9867522048568412	1.0	0.9870323005273971	0.9863245593381141	0.9813842700545875	0.9788955736534825	0.9869176967122514	0.9862745784228757
0.9882722146513662	0.9866704101231388	0.9876509747149839	0.9828318863675751	0.9861687612019263	0.9860818207265678	0.9864880643808134	0.9843110815658698	0.97902086874641	0.9871096148855474	0.9785869516154627	0.9881558586089156	0.9816956604558489	0.9891944753822725	0.9895293580020733	0.9706546346493407	0.9862119364166848	0.9828279317106813	0.9851433921047097	0.9837225628467012	0.9911011881046052	0.9867968277740665	0.9873218414653183	0.9835980157141838	0.9893350190742846	0.988341281783979	0.9870323005273971	1.0	0.9881623171439613	0.9817478359557368	0.9810507500223113	0.9905317563918521	0.9894099782946454
0.9871835068332503	0.9861321177046158	0.9865487902300937	0.9825622898226581	0.9851997785591678	0.9855095586752625	0.9857477581272247	0.9840394328674824	0.9790086984354027	0.9868068977548976	0.9775569044699791	0.9870921916813832	0.9803603287509643	0.9874019005888166	0.9881879929653022	0.9712308669187399	0.987312084208421	0.981635029610761	0.9865098974304428	0.984631593603141	0.9863061095703075	0.9863211493099829	0.9868579927058829	0.9821194722899154	0.9881045640093754	0.9873417364378635	0.9863245593381141	0.9881623171439613	1.0	0.9814746140874576	0.9800498355617753	0.9883185799780357	0.9879850525118037
0.981564942101439	0.9812264726570527	0.9806200754472247	0.9784731069464713	0.9784442142742872	0.9800919760242564	0.9794015991764788	0.9777919917578755	0.975504688917136	0.9803519504536431	0.9721800916031843	0.9805509296273812	0.975296370530857	0.9818999365948131	0.9805645608818341	0.9635112831344793	0.9792173334079683	0.9778885363354327	0.9783275437362687	0.9797072977230157	0.9817031743411097	0.9805057153674636	0.9814515367623614	0.9779448377952716	0.9820212271699743	0.9820552298786023	0.9813842700545875	0.9817478359557368	0.9814746140874576	1.0	0.976623499372834	0.9817425903657385	0.981719914268801
0.980117761745618	0.9789707764309449	0.9791628373265899	0.9772429105832247	0.9774703041681932	0.9782736802497208	0.9787230579085103	0.9755404700431807	0.9730124884165633	0.978953980057644	0.9714937285036507	0.979423469156142	0.9735266219908317	0.9804315060877004	0.9807734665253742	0.9641480263762295	0.9779530190037267	0.9742392009562385	0.9775281982389573	0.9770067333439771	0.9782843634695972	0.9779090002489345	0.9791366142584556	0.9767822142530085	0.9806306199783481	0.9798009940546283	0.9788955736534825	0.9810507500223113	0.9800498355617753	0.976623499372834	1.0	0.9806721604576949	0.9804159815103621
0.9877291520186896	0.9865302091585603	0.987610384859143	0.9826179324987596	0.9866283262098704	0.9859737758839071	0.9864596323623703	0.984017889071761	0.977834935766951	0.9870227956938827	0.979496119904575	0.9887760670943849	0.98151522052041	0.9892808176901143	0.9893502123752342	0.9707710477313757	0.9862625712482492	0.9822630923692538	0.9848302548295174	0.9833519275474003	0.987683038545764	0.9864647631253012	0.9874572554881094	0.983693376842087	0.9885480119648468	0.9880329052063674	0.9869176967122514	0.9905317563918521	0.9883185799780357	0.9817425903657385	0.9806721604576949	1.0	0.9885798185303023
0.9871323578363719	0.9861434751460949	0.9868329981646778	0.982076048858406	0.985267390350457	0.9855139800238669	0.9859579134233528	0.9837400019658884	0.9788043072168878	0.9862387043778861	0.9779332500391316	0.9872481789483509	0.9849347351947815	0.991637756669079	0.9879819124380452	0.9704114887464752	0.9856436075405027	0.9821524337171081	0.9844129389600215	0.9830720342926276	0.9869870808118774	0.9865203646831826	0.9873230858984721	0.9826674772564457	0.9887295073506147	0.9885551044443464	0.9862745784228757	0.9894099782946454	0.9879850525118037	0.981719914268801	0.9804159815103621	0.9885798185303023	1.0
