/home/jshaw/scratch/2022_sketched_distance/references/SGB_genome_fastas_part1_redo/1456/CM_cf__CF_TNFC046IS_t2M15__bin.39.fa	/home/jshaw/scratch/2022_sketched_distance/references/SGB_genome_fastas_part1_redo/1456/FerrettiP_2018__CA_C10002MS2015SA_t0M15__bin.16.fa	/home/jshaw/scratch/2022_sketched_distance/references/SGB_genome_fastas_part1_redo/1456/FerrettiP_2018__CA_C10031MS2525SA_t0M15__bin.35.fa	/home/jshaw/scratch/2022_sketched_distance/references/SGB_genome_fastas_part1_redo/1456/FerrettiP_2018__CA_C10035MS2597SA_t0M15__bin.47.fa	/home/jshaw/scratch/2022_sketched_distance/references/SGB_genome_fastas_part1_redo/1456/HMP_2012__SRS011115__bin.9.fa	/home/jshaw/scratch/2022_sketched_distance/references/SGB_genome_fastas_part1_redo/1456/HMP_2012__SRS011306__bin.2.fa	/home/jshaw/scratch/2022_sketched_distance/references/SGB_genome_fastas_part1_redo/1456/HMP_2012__SRS013164__bin.43.fa	/home/jshaw/scratch/2022_sketched_distance/references/SGB_genome_fastas_part1_redo/1456/HMP_2012__SRS013705__bin.34.fa	/home/jshaw/scratch/2022_sketched_distance/references/SGB_genome_fastas_part1_redo/1456/HMP_2012__SRS014573__bin.65.fa	/home/jshaw/scratch/2022_sketched_distance/references/SGB_genome_fastas_part1_redo/1456/HMP_2012__SRS014888__bin.47.fa	/home/jshaw/scratch/2022_sketched_distance/references/SGB_genome_fastas_part1_redo/1456/HMP_2012__SRS015434__bin.38.fa	/home/jshaw/scratch/2022_sketched_distance/references/SGB_genome_fastas_part1_redo/1456/HMP_2012__SRS015762__bin.51.fa	/home/jshaw/scratch/2022_sketched_distance/references/SGB_genome_fastas_part1_redo/1456/HMP_2012__SRS015797__bin.56.fa	/home/jshaw/scratch/2022_sketched_distance/references/SGB_genome_fastas_part1_redo/1456/HMP_2012__SRS017209__bin.19.fa	/home/jshaw/scratch/2022_sketched_distance/references/SGB_genome_fastas_part1_redo/1456/HMP_2012__SRS017439__bin.21.fa	/home/jshaw/scratch/2022_sketched_distance/references/SGB_genome_fastas_part1_redo/1456/HMP_2012__SRS017808__bin.17.fa	/home/jshaw/scratch/2022_sketched_distance/references/SGB_genome_fastas_part1_redo/1456/HMP_2012__SRS018439__bin.56.fa	/home/jshaw/scratch/2022_sketched_distance/references/SGB_genome_fastas_part1_redo/1456/HMP_2012__SRS018739__bin.68.fa	/home/jshaw/scratch/2022_sketched_distance/references/SGB_genome_fastas_part1_redo/1456/HMP_2012__SRS019071__bin.72.fa	/home/jshaw/scratch/2022_sketched_distance/references/SGB_genome_fastas_part1_redo/1456/HMP_2012__SRS019327__bin.12.fa	/home/jshaw/scratch/2022_sketched_distance/references/SGB_genome_fastas_part1_redo/1456/HMP_2012__SRS021496__bin.28.fa	/home/jshaw/scratch/2022_sketched_distance/references/SGB_genome_fastas_part1_redo/1456/HMP_2012__SRS022077__bin.54.fa	/home/jshaw/scratch/2022_sketched_distance/references/SGB_genome_fastas_part1_redo/1456/HMP_2012__SRS022143__bin.96.fa	/home/jshaw/scratch/2022_sketched_distance/references/SGB_genome_fastas_part1_redo/1456/HMP_2012__SRS022530__bin.50.fa	/home/jshaw/scratch/2022_sketched_distance/references/SGB_genome_fastas_part1_redo/1456/HMP_2012__SRS022719__bin.10.fa	/home/jshaw/scratch/2022_sketched_distance/references/SGB_genome_fastas_part1_redo/1456/HMP_2012__SRS023926__bin.34.fa	/home/jshaw/scratch/2022_sketched_distance/references/SGB_genome_fastas_part1_redo/1456/HMP_2012__SRS023958__bin.2.fa	/home/jshaw/scratch/2022_sketched_distance/references/SGB_genome_fastas_part1_redo/1456/HMP_2012__SRS024081__bin.1.fa	/home/jshaw/scratch/2022_sketched_distance/references/SGB_genome_fastas_part1_redo/1456/HMP_2012__SRS024441__bin.60.fa	/home/jshaw/scratch/2022_sketched_distance/references/SGB_genome_fastas_part1_redo/1456/HMP_2012__SRS049389__bin.57.fa	/home/jshaw/scratch/2022_sketched_distance/references/SGB_genome_fastas_part1_redo/1456/HMP_2012__SRS050244__bin.8.fa	/home/jshaw/scratch/2022_sketched_distance/references/SGB_genome_fastas_part1_redo/1456/HMP_2012__SRS050669__bin.55.fa	/home/jshaw/scratch/2022_sketched_distance/references/SGB_genome_fastas_part1_redo/1456/HMP_2012__SRS054687__bin.19.fa	/home/jshaw/scratch/2022_sketched_distance/references/SGB_genome_fastas_part1_redo/1456/HMP_2012__SRS057205__bin.47.fa	/home/jshaw/scratch/2022_sketched_distance/references/SGB_genome_fastas_part1_redo/1456/HMP_2012__SRS057355__bin.10.fa	/home/jshaw/scratch/2022_sketched_distance/references/SGB_genome_fastas_part1_redo/1456/HMP_2012__SRS058336__bin.20.fa	/home/jshaw/scratch/2022_sketched_distance/references/SGB_genome_fastas_part1_redo/1456/HMP_2012__SRS063193__bin.10.fa	/home/jshaw/scratch/2022_sketched_distance/references/SGB_genome_fastas_part1_redo/1456/HMP_2012__SRS063288__bin.38.fa	/home/jshaw/scratch/2022_sketched_distance/references/SGB_genome_fastas_part1_redo/1456/HMP_2012__SRS064329__bin.1.fa	/home/jshaw/scratch/2022_sketched_distance/references/SGB_genome_fastas_part1_redo/1456/HMP_2012__SRS075404__bin.33.fa
1.0	0.9885119436145333	0.9878723066622049	0.9877606389775798	0.9866725478181926	0.9868056900946521	0.9900458107198592	0.987275969642782	0.988808679561137	0.9895378849605392	0.988209128620138	0.9882149546046338	0.987385291531399	0.9875409106986418	0.9897675129840973	0.9870501298567788	0.9874227271586968	0.9889136502778575	0.9875556556173176	0.9882256926048112	0.9880333303397358	0.9881489420499922	0.9882604279610678	0.9873273581163866	0.9826898733310843	0.9873910676359262	0.9902485976849954	0.9878742070474008	0.9874855823894497	0.9897170426377289	0.9896617512156817	0.988078205589175	0.988224803975103	0.9868672251140502	0.9892317092603014	0.9893413104958079	0.9883822290040493	0.9874197680794538	0.9879197863966852	0.9772320760733979
0.9885119436145333	1.0	0.9890383939455828	0.9892222106556796	0.9859370809038204	0.9846139626101382	0.9880719904549653	0.9915295758596534	0.9890691013200403	0.9888689901918942	0.991035085216647	0.9900518380297798	0.9896909960312814	0.988969545462605	0.9884494517295477	0.9862571420358885	0.9846161356043733	0.988229791941262	0.9915373141055752	0.9854381559965077	0.9877683161862466	0.9923809133805008	0.9881982920648649	0.9881036112909173	0.9815111832187863	0.9912723901025476	0.9877061516742041	0.989556569572009	0.9894960286279493	0.9881825308234828	0.988686639245242	0.9902004634873134	0.9904074211925824	0.9905397835691666	0.9877860283193938	0.9899939103569765	0.9861979368471097	0.9871511820318082	0.9901856310230575	0.9777045553686379
0.9878723066622049	0.9890383939455828	1.0	0.9883157348410783	0.9870684405806261	0.9883723194919215	0.9870107508525311	0.9879885377523496	0.9876777870423112	0.987451903819703	0.9876254712337028	0.9882149546046338	0.9874470005601929	0.987274366389102	0.987647758680574	0.9871500001034779	0.9851291584998114	0.9878573843449485	0.9877377617256189	0.9856685341295663	0.9884105906879779	0.9877704754433	0.9881087050595131	0.9874047215680682	0.982077759840817	0.9875582807320863	0.9870678329035975	0.9878441159926977	0.988493016157078	0.9870873133711515	0.9895686357270067	0.987738359327487	0.9880526307764521	0.9881841234658726	0.9866831973454842	0.989531552373343	0.9866042708516497	0.9879302000581116	0.9881988985046145	0.9769025364351335
0.9877606389775798	0.9892222106556796	0.9883157348410783	1.0	0.9866725478181926	0.9867196213985244	0.9869022778863334	0.9881164549586772	0.9880768406123814	0.9876545600457929	0.989094924131028	0.9887687412624552	0.9873440878078574	0.9875077104633084	0.9877000643026853	0.9871666157137601	0.9846899172887413	0.9874719114127434	0.9893554193672344	0.9856302497881894	0.988296229009546	0.9886468934595384	0.9882149844242518	0.9871097678899109	0.9825517578811346	0.9879608684719535	0.9866929333715216	0.9880468566375865	0.9887590455354448	0.9873035884678989	0.9887663553655244	0.9880166756510035	0.9890572092517113	0.9891239698830135	0.986917546403279	0.989976901028699	0.9867386073647484	0.9877269759113257	0.9885233555834296	0.9771124773261298
0.9866725478181926	0.9859370809038204	0.9870684405806261	0.9866725478181926	1.0	0.9773001387013142	0.9860431603781155	0.9879029827531749	0.9873580253494733	0.9868624823718178	0.9864466563205152	0.9877458045745094	0.9871787550936235	0.9871879901548528	0.9867935420921995	0.9831671924173352	0.9850077353429972	0.9865684829792888	0.9866898599893735	0.9861998837194871	0.9953074848036645	0.9857417080594744	0.9863943064065627	0.9976992382556836	0.9771131132519163	0.9877483471226128	0.9855809889609032	0.9871879901548528	0.9873919272214164	0.9866552265294236	0.9858306579196217	0.9859370809038204	0.9854913596670503	0.9884095135465125	0.9869312784725538	0.9852464432580933	0.9868914659684584	0.9938831086827188	0.9874088650711542	0.9764297088783563
0.9868056900946521	0.9846139626101382	0.9883723194919215	0.9867196213985244	0.9773001387013142	1.0	0.9870625532177533	0.9602551015276843	0.9872043931636768	0.9868629443637965	0.9860814722339664	0.9858167982186814	0.9651257603788868	0.9775671830384192	0.9873456243524364	0.9840267992911216	0.9533194391311283	0.9870909701637348	0.9862567448902658	0.9697923911093936	0.9827551947445335	0.9859346943440269	0.9860814722339664	0.9852208870606455	0.9669162347570417	0.9569754168537339	0.9860814722339664	0.9863440320274355	0.987821327547601	0.9870341117073432	0.9851003963930826	0.9846139626101382	0.9849794619690979	0.9868629443637965	0.9843062394930773	0.9801238332998482	0.9686624894423416	0.9775291675882419	0.9874300730653801	0.9756098551742598
0.9900458107198592	0.9880719904549653	0.9870107508525311	0.9869022778863334	0.9860431603781155	0.9870625532177533	1.0	0.9868806940497326	0.9890028525464225	0.992850614187564	0.9876405667704196	0.9880029620162376	0.9873646961176512	0.986461527811425	0.9932181622922094	0.9871167436910622	0.9862959397885088	0.9899346350864385	0.9874489383560102	0.9907956234011908	0.9874676031067121	0.9877704754433	0.9878031461921115	0.9869377889581198	0.981281776774189	0.986786844984915	0.999566241195324	0.9877385802165278	0.9873436937673343	0.9887425963348524	0.9899856012317803	0.9871903590406007	0.9880996764297221	0.9875837602334931	0.9923980044345649	0.9891325145402469	0.9879789519511212	0.9871511820318082	0.9878517587921704	0.9763767479740553
0.987275969642782	0.9915295758596534	0.9879885377523496	0.9881164549586772	0.9879029827531749	0.9602551015276843	0.9868806940497326	1.0	0.9885392933031593	0.9875801569824645	0.9891016524404639	0.9892458966768428	0.9890603236285723	0.9900983605643734	0.9877312029979098	0.9855277034602284	0.9827676393323718	0.9876449758651973	0.9897154483539153	0.9875801569824645	0.9852966887076241	0.9951431211873375	0.9875801569824645	0.9867256839861406	0.9694821873573112	0.9977663987708737	0.9866812608885364	0.9887278144720377	0.9885812801973135	0.9871885400703704	0.9870349771112905	0.9892253289505628	0.9882862421125423	0.9895935995821653	0.9877527245414442	0.9855507158299676	0.9877742320265727	0.9761570615213173	0.9889567743602866	0.977801198809944
0.988808679561137	0.9890691013200403	0.9876777870423112	0.9880768406123814	0.9873580253494733	0.9872043931636768	0.9890028525464225	0.9885392933031593	1.0	0.9888271849217031	0.988621877045414	0.9891670627971566	0.9882989981559005	0.9878875065614443	0.9891784913174091	0.9879057673119661	0.986668131174825	0.9883912421837859	0.9882460632134025	0.9876363407178146	0.9886381300603336	0.9890917534161815	0.9885917789259845	0.9881836151989133	0.9826346970188337	0.9883585940272271	0.9891298015017801	0.9883667807369771	0.9888229800701559	0.9883916793172692	0.9903973638339827	0.9881856071633666	0.9887359897115545	0.9884346714149143	0.9887934656752664	0.9903490960840776	0.9994044675893801	0.9882126232956839	0.9883578433842409	0.9770068592596983
0.9895378849605392	0.9888689901918942	0.987451903819703	0.9876545600457929	0.9868624823718178	0.9868629443637965	0.992850614187564	0.9875801569824645	0.9888271849217031	1.0	0.9877610825335302	0.9883655469045246	0.987549592544944	0.9871234810641374	0.993433097257984	0.9875957030946537	0.9874001130425235	0.9896221488088764	0.9876274011603662	0.9904334264520976	0.9880168292900442	0.9880390045210782	0.988017334713274	0.987497318315498	0.981539746244416	0.9873191440117832	0.9934069577278525	0.9881736149685919	0.9874780500219509	0.9885676049496565	0.9895997034374724	0.9877849090487191	0.9886436347636409	0.9877612403133698	0.9983665771104243	0.9898405098386043	0.9881445261377534	0.9877880749635503	0.988203482352331	0.9768179760097522
0.988209128620138	0.991035085216647	0.9876254712337028	0.989094924131028	0.9864466563205152	0.9860814722339664	0.9876405667704196	0.9891016524404639	0.988621877045414	0.9877610825335302	1.0	0.9893717207686495	0.9892270067816578	0.988165436491239	0.9879111095548024	0.9872495681500929	0.9852259747863551	0.9877460421659441	0.9992538471037017	0.9866485887260007	0.9884594815758997	0.9903621138476961	0.98836621972656	0.9874510525034792	0.9823852468207417	0.9886595298760642	0.9874231470197873	0.9884111970651711	0.9902370096703789	0.9875952593785431	0.9898317833120273	0.9886268635860197	0.9919274059255728	0.989560573759861	0.9870728567347815	0.9901296702938435	0.9873834078405129	0.9878084161449195	0.9887680431387875	0.9770234950406451
0.9882149546046338	0.9900518380297798	0.9882149546046338	0.9887687412624552	0.9877458045745094	0.9858167982186814	0.9880029620162376	0.9892458966768428	0.9891670627971566	0.9883655469045246	0.9893717207686495	1.0	0.9885384321310712	0.9885538583779709	0.9887538957763119	0.9870000808244345	0.9852259747863551	0.9885154539854109	0.9897484630515758	0.9862563078717883	0.9892479336934125	0.9891678503111765	0.9884114552662568	0.9883805683426626	0.9838276185912712	0.9889805706089684	0.9876056038692759	0.9895751165236845	0.9897340522468432	0.9882752741583872	0.9893659791723736	0.9892111127656602	0.9897202612554716	0.999883455930992	0.9873896385549552	0.9908499656314806	0.9875146068233869	0.9885920796893346	0.9900353652242562	0.9774302569472162
0.987385291531399	0.9896909960312814	0.9874470005601929	0.9873440878078574	0.9871787550936235	0.9651257603788868	0.9873646961176512	0.9890603236285723	0.9882989981559005	0.987549592544944	0.9892270067816578	0.9885384321310712	1.0	0.9886178583678255	0.9877538222980294	0.9840738709635355	0.9838186319186671	0.9876109946111381	0.9895563387611654	0.9866356129268132	0.9849501766899807	0.9883190175824527	0.9874058740654993	0.9866566696889969	0.9710565504239763	0.9889577425358256	0.986740762183929	0.9885781691797473	0.9881786254339909	0.9869083049359133	0.9868246402298798	0.9869291879072052	0.9876926862886407	0.9889336628487463	0.9872615252791528	0.9847500190653571	0.9874264437363187	0.9760191962803201	0.9887563953101381	0.977263516128556
0.9875409106986418	0.988969545462605	0.987274366389102	0.9875077104633084	0.9871879901548528	0.9775671830384192	0.986461527811425	0.9900983605643734	0.9878875065614443	0.9871234810641374	0.988165436491239	0.9885538583779709	0.9886178583678255	1.0	0.9871066732401299	0.9835032921870107	0.9861082521010971	0.9868026547784821	0.9886662908957087	0.9868891050046121	0.9847758304860096	0.9878710844667505	0.986971900649706	0.9868026547784821	0.9785209220324593	0.9902123863332906	0.9861860551270362	0.9888421992280721	0.9885860211168469	0.9863412924176141	0.9862896280581012	0.9976035332165355	0.9870225050886088	0.9894740679116201	0.9871066732401299	0.9872283212044305	0.9877197259397478	0.9836521626464392	0.9891596471737317	0.9768932855527972
0.9897675129840973	0.9884494517295477	0.987647758680574	0.9877000643026853	0.9867935420921995	0.9873456243524364	0.9932181622922094	0.9877312029979098	0.9891784913174091	0.993433097257984	0.9879111095548024	0.9887538957763119	0.9877538222980294	0.9871066732401299	1.0	0.9876120952690804	0.987782456008435	0.989900904611543	0.9874966362727509	0.9912024462796428	0.9881321634017747	0.9882585138627845	0.9882604279610678	0.987435616103476	0.9819088143591179	0.9874389295483467	0.9936114157312115	0.9887204461364351	0.9866582720515769	0.9894049205608371	0.9900162789615112	0.9877693997862206	0.9885046152212884	0.9874508471780931	0.9934746422049496	0.9902480038652582	0.9886905058344089	0.9876861801278877	0.9884736814022832	0.9772320760733979
0.9870501298567788	0.9862571420358885	0.9871500001034779	0.9871666157137601	0.9831671924173352	0.9840267992911216	0.9871167436910622	0.9855277034602284	0.9879057673119661	0.9875957030946537	0.9872495681500929	0.9870000808244345	0.9840738709635355	0.9835032921870107	0.9876120952690804	1.0	0.9829494798989612	0.9871500001034779	0.987628479285355	0.9828537497440685	0.9854072450067013	0.9863764653460301	0.9865461795238005	0.9862742147606787	0.9791719902731915	0.9859968812923151	0.9865461795238005	0.9865969234443315	0.9876120952690804	0.9875136195605516	0.986183525173628	0.9856017182919536	0.9862400604403067	0.9875300526499536	0.986342417138941	0.9863094171441299	0.983521869441708	0.9851188771904735	0.9873157798749437	0.9762724172807413
0.9874227271586968	0.9846161356043733	0.9851291584998114	0.9846899172887413	0.9850077353429972	0.9533194391311283	0.9862959397885088	0.9827676393323718	0.986668131174825	0.9874001130425235	0.9852259747863551	0.9852259747863551	0.9838186319186671	0.9861082521010971	0.987782456008435	0.9829494798989612	1.0	0.987737704275817	0.9858721252930073	0.9875580865516234	0.9820832525234543	0.982897628356063	0.9854667741710587	0.9839947500701488	0.9661744475450491	0.9855693614204089	0.9857296305291217	0.9862022298928217	0.9852501343258887	0.9862022298928217	0.9844433305414554	0.9837428622142458	0.9836415628246977	0.9856342895514367	0.987782456008435	0.9827154989572415	0.9866449922199555	0.9739040412931264	0.9865290526098264	0.9766243080049202
0.9889136502778575	0.988229791941262	0.9878573843449485	0.9874719114127434	0.9865684829792888	0.9870909701637348	0.9899346350864385	0.9876449758651973	0.9883912421837859	0.9896221488088764	0.9877460421659441	0.9885154539854109	0.9876109946111381	0.9868026547784821	0.989900904611543	0.9871500001034779	0.987737704275817	1.0	0.9869756517971329	0.9882787507650497	0.9881321634017747	0.9886314458515263	0.9887860224278616	0.9872963617444289	0.9823295544542117	0.9878665838330892	0.9900221733357318	0.9881736149685919	0.9874414908139463	0.9888152360703168	0.9899241600807479	0.9878004110093047	0.9885510202657839	0.9878230415415764	0.9891154127324355	0.9893759816507999	0.9875706752700439	0.9871926459117351	0.9878756585311602	0.9765933404617334
0.9875556556173176	0.9915373141055752	0.9877377617256189	0.9893554193672344	0.9866898599893735	0.9862567448902658	0.9874489383560102	0.9897154483539153	0.9882460632134025	0.9876274011603662	0.9992538471037017	0.9897484630515758	0.9895563387611654	0.9886662908957087	0.9874966362727509	0.987628479285355	0.9858721252930073	0.9869756517971329	1.0	0.9869259519146523	0.9887351680186175	0.990537583369011	0.9885467904420238	0.9876664054544013	0.9825240647633126	0.9893436863956149	0.9878050566401825	0.9884407747196298	0.9894044552438471	0.987798380991261	0.990092848751196	0.9890025716820235	0.9922744409381962	0.9890118851188457	0.9874119807743286	0.9905001563249667	0.9876266483819665	0.987909933991128	0.9883288201296581	0.9766764654484524
0.9882256926048112	0.9854381559965077	0.9856685341295663	0.9856302497881894	0.9861998837194871	0.9697923911093936	0.9907956234011908	0.9875801569824645	0.9876363407178146	0.9904334264520976	0.9866485887260007	0.9862563078717883	0.9866356129268132	0.9868891050046121	0.9912024462796428	0.9828537497440685	0.9875580865516234	0.9882787507650497	0.9869259519146523	1.0	0.9830200852989021	0.9847371638955253	0.9858592895652334	0.9858402637760341	0.9724070563631435	0.9873671105544235	0.9901340991861265	0.9864063005539756	0.986944359904718	0.9871644561588234	0.9856302497881894	0.985186742734909	0.9848157950821882	0.9872192509503644	0.9913154646589105	0.9826731259058453	0.9876639109887257	0.979420945775734	0.9865742284714817	0.9751300262673742
0.9880333303397358	0.9877683161862466	0.9884105906879779	0.988296229009546	0.9953074848036645	0.9827551947445335	0.9874676031067121	0.9852966887076241	0.9886381300603336	0.9880168292900442	0.9884594815758997	0.9892479336934125	0.9849501766899807	0.9847758304860096	0.9881321634017747	0.9854072450067013	0.9820832525234543	0.9881321634017747	0.9887351680186175	0.9830200852989021	1.0	0.9876350049296652	0.9881814689434251	0.9983865896816928	0.9801993215039458	0.9851105460231275	0.9871302233444237	0.9882470950706749	0.9888158153019979	0.9878347699452507	0.9880992519892016	0.987751681768864	0.9876350049296652	0.9897528476995423	0.9873499132036394	0.9875778381544709	0.9837324203654553	0.9958695394423727	0.9891683378929826	0.9776855512538547
0.9881489420499922	0.9923809133805008	0.9877704754433	0.9886468934595384	0.9857417080594744	0.9859346943440269	0.9877704754433	0.9951431211873375	0.9890917534161815	0.9880390045210782	0.9903621138476961	0.9891678503111765	0.9883190175824527	0.9878710844667505	0.9882585138627845	0.9863764653460301	0.982897628356063	0.9886314458515263	0.990537583369011	0.9847371638955253	0.9876350049296652	1.0	0.9878338560429747	0.988336556902103	0.9812529875166169	0.995183281582861	0.9872106274114825	0.9890765129383281	0.9893346478569698	0.9878971148797331	0.9884624027574876	0.9893497695178999	0.9895306907015565	0.9896956678424286	0.9871621943634764	0.9889750452624448	0.9854496490054125	0.9872547439339441	0.9898151351232874	0.9773697623601343
0.9882604279610678	0.9881982920648649	0.9881087050595131	0.9882149844242518	0.9863943064065627	0.9860814722339664	0.9878031461921115	0.9875801569824645	0.9885917789259845	0.988017334713274	0.98836621972656	0.9884114552662568	0.9874058740654993	0.986971900649706	0.9882604279610678	0.9865461795238005	0.9854667741710587	0.9887860224278616	0.9885467904420238	0.9858592895652334	0.9881814689434251	0.9878338560429747	1.0	0.9873082758885386	0.9817106027459648	0.9874867219647155	0.9870894081967133	0.988078276433269	0.9891711087576958	0.9878798021203191	0.9924395688215149	0.9874889764083254	0.9877531040353845	0.9890826410895845	0.9869636841796027	0.9895832466460635	0.9867194499951264	0.9876657632638665	0.9885467904420238	0.9774809116249643
0.9873273581163866	0.9881036112909173	0.9874047215680682	0.9871097678899109	0.9976992382556836	0.9852208870606455	0.9869377889581198	0.9867256839861406	0.9881836151989133	0.987497318315498	0.9874510525034792	0.9883805683426626	0.9866566696889969	0.9868026547784821	0.987435616103476	0.9862742147606787	0.9839947500701488	0.9872963617444289	0.9876664054544013	0.9858402637760341	0.9983865896816928	0.988336556902103	0.9873082758885386	1.0	0.9818805718049906	0.9870056455892898	0.9864323125386149	0.987435616103476	0.9881987049668617	0.987140940436069	0.9893033719491924	0.9874420060500715	0.987847986091656	0.9889887319395325	0.9867333751784855	0.9889925790378886	0.9860222444547525	0.9985619888088656	0.9881685185150805	0.976742381474539
0.9826898733310843	0.9815111832187863	0.982077759840817	0.9825517578811346	0.9771131132519163	0.9669162347570417	0.981281776774189	0.9694821873573112	0.9826346970188337	0.981539746244416	0.9823852468207417	0.9838276185912712	0.9710565504239763	0.9785209220324593	0.9819088143591179	0.9791719902731915	0.9661744475450491	0.9823295544542117	0.9825240647633126	0.9724070563631435	0.9801993215039458	0.9812529875166169	0.9817106027459648	0.9818805718049906	1.0	0.9651815061201194	0.9809346217256981	0.9831823224677688	0.9833448412519588	0.9814825952349272	0.9809927374255124	0.9822737672032863	0.9824130575247901	0.9845126517940485	0.9801695625813098	0.979233324627391	0.9730802870539931	0.9755389037294793	0.9839073949084927	0.9823574124775131
0.9873910676359262	0.9912723901025476	0.9875582807320863	0.9879608684719535	0.9877483471226128	0.9569754168537339	0.986786844984915	0.9977663987708737	0.9883585940272271	0.9873191440117832	0.9886595298760642	0.9889805706089684	0.9889577425358256	0.9902123863332906	0.9874389295483467	0.9859968812923151	0.9855693614204089	0.9878665838330892	0.9893436863956149	0.9873671105544235	0.9851105460231275	0.995183281582861	0.9874867219647155	0.9870056455892898	0.9651815061201194	1.0	0.9863942355231985	0.9887515753295051	0.9882887552066482	0.9868842694069252	0.9865174302409819	0.9882187680136929	0.9881017912291504	0.9892985150025277	0.9874628344307115	0.9857712402957108	0.9883353308667077	0.9770290646963498	0.9889805706089684	0.9774859485648049
0.9902485976849954	0.9877061516742041	0.9870678329035975	0.9866929333715216	0.9855809889609032	0.9860814722339664	0.999566241195324	0.9866812608885364	0.9891298015017801	0.9934069577278525	0.9874231470197873	0.9876056038692759	0.986740762183929	0.9861860551270362	0.9936114157312115	0.9865461795238005	0.9857296305291217	0.9900221733357318	0.9878050566401825	0.9901340991861265	0.9871302233444237	0.9872106274114825	0.9870894081967133	0.9864323125386149	0.9809346217256981	0.9863942355231985	1.0	0.9874845510869165	0.9874231470197873	0.9886743933160645	0.9893972382696448	0.9868730695943312	0.9876738262520974	0.9879112022242589	0.9923255781746766	0.988710913250083	0.9875519963968709	0.986691596746134	0.9880170067646645	0.9764275481348892
0.9878742070474008	0.989556569572009	0.9878441159926977	0.9880468566375865	0.9871879901548528	0.9863440320274355	0.9877385802165278	0.9887278144720377	0.9883667807369771	0.9881736149685919	0.9884111970651711	0.9895751165236845	0.9885781691797473	0.9888421992280721	0.9887204461364351	0.9865969234443315	0.9862022298928217	0.9881736149685919	0.9884407747196298	0.9864063005539756	0.9882470950706749	0.9890765129383281	0.988078276433269	0.987435616103476	0.9831823224677688	0.9887515753295051	0.9874845510869165	1.0	0.9888082726016789	0.9876023923843934	0.9903366851388932	0.9890921079976893	0.9888740386998289	0.9898585004938873	0.9878234589473122	0.9950605902279646	0.987308201513594	0.9871926459117351	0.9996961673979414	0.9774056342145346
0.9874855823894497	0.9894960286279493	0.988493016157078	0.9887590455354448	0.9873919272214164	0.987821327547601	0.9873436937673343	0.9885812801973135	0.9888229800701559	0.9874780500219509	0.9902370096703789	0.9897340522468432	0.9881786254339909	0.9885860211168469	0.9866582720515769	0.9876120952690804	0.9852501343258887	0.9874414908139463	0.9894044552438471	0.986944359904718	0.9888158153019979	0.9893346478569698	0.9891711087576958	0.9881987049668617	0.9833448412519588	0.9882887552066482	0.9874231470197873	0.9888082726016789	1.0	0.9885237115227464	0.9903822046130316	0.9891814018168802	0.9898393971457453	0.9884982160009432	0.9871811393965719	0.9908499656314806	0.9880342358859555	0.9884328409132187	0.9887184933227492	0.9773339348315158
0.9897170426377289	0.9881825308234828	0.9870873133711515	0.9873035884678989	0.9866552265294236	0.9870341117073432	0.9887425963348524	0.9871885400703704	0.9883916793172692	0.9885676049496565	0.9875952593785431	0.9882752741583872	0.9869083049359133	0.9863412924176141	0.9894049205608371	0.9875136195605516	0.9862022298928217	0.9888152360703168	0.987798380991261	0.9871644561588234	0.9878347699452507	0.9878971148797331	0.9878798021203191	0.987140940436069	0.9814825952349272	0.9868842694069252	0.9886743933160645	0.9876023923843934	0.9885237115227464	1.0	0.9888776350127882	0.987000352794593	0.9879268461566142	0.9883180988189705	0.9879443973218696	0.9896692241473419	0.9870625871428206	0.9872960776112467	0.9878731304262501	0.9772855139760511
0.9896617512156817	0.988686639245242	0.9895686357270067	0.9887663553655244	0.9858306579196217	0.9851003963930826	0.9899856012317803	0.9870349771112905	0.9903973638339827	0.9895997034374724	0.9898317833120273	0.9893659791723736	0.9868246402298798	0.9862896280581012	0.9900162789615112	0.986183525173628	0.9844433305414554	0.9899241600807479	0.990092848751196	0.9856302497881894	0.9880992519892016	0.9884624027574876	0.9924395688215149	0.9893033719491924	0.9809927374255124	0.9865174302409819	0.9893972382696448	0.9903366851388932	0.9903822046130316	0.9888776350127882	1.0	0.9886227272267686	0.9885426624989645	0.9898317833120273	0.9888617609032225	0.9894797769563745	0.986333940236862	0.9870680971929663	0.9909683171417758	0.979097459591456
0.988078205589175	0.9902004634873134	0.987738359327487	0.9880166756510035	0.9859370809038204	0.9846139626101382	0.9871903590406007	0.9892253289505628	0.9881856071633666	0.9877849090487191	0.9886268635860197	0.9892111127656602	0.9869291879072052	0.9976035332165355	0.9877693997862206	0.9856017182919536	0.9837428622142458	0.9878004110093047	0.9890025716820235	0.985186742734909	0.987751681768864	0.9893497695178999	0.9874889764083254	0.9874420060500715	0.9822737672032863	0.9882187680136929	0.9868730695943312	0.9890921079976893	0.9891814018168802	0.987000352794593	0.9886227272267686	1.0	0.9885819206955085	0.9900468161694997	0.9867452919850317	0.9894625004071962	0.9859045922681066	0.9866705531607252	0.9896975179564321	0.9771460543327434
0.988224803975103	0.9904074211925824	0.9880526307764521	0.9890572092517113	0.9854913596670503	0.9849794619690979	0.9880996764297221	0.9882862421125423	0.9887359897115545	0.9886436347636409	0.9919274059255728	0.9897202612554716	0.9876926862886407	0.9870225050886088	0.9885046152212884	0.9862400604403067	0.9836415628246977	0.9885510202657839	0.9922744409381962	0.9848157950821882	0.9876350049296652	0.9895306907015565	0.9877531040353845	0.987847986091656	0.9824130575247901	0.9881017912291504	0.9876738262520974	0.9888740386998289	0.9898393971457453	0.9879268461566142	0.9885426624989645	0.9885819206955085	1.0	0.9902383345115446	0.9874028447445203	0.9892196735844396	0.9854496490054125	0.9870056455892898	0.989540746829903	0.9772182653947956
0.9868672251140502	0.9905397835691666	0.9881841234658726	0.9891239698830135	0.9884095135465125	0.9868629443637965	0.9875837602334931	0.9895935995821653	0.9884346714149143	0.9877612403133698	0.989560573759861	0.999883455930992	0.9889336628487463	0.9894740679116201	0.9874508471780931	0.9875300526499536	0.9856342895514367	0.9878230415415764	0.9890118851188457	0.9872192509503644	0.9897528476995423	0.9896956678424286	0.9890826410895845	0.9889887319395325	0.9845126517940485	0.9892985150025277	0.9879112022242589	0.9898585004938873	0.9884982160009432	0.9883180988189705	0.9898317833120273	0.9900468161694997	0.9902383345115446	1.0	0.9876716586391583	0.9911304558134175	0.9878681048797723	0.989026060074446	0.98945623815746	0.9769245745573197
0.9892317092603014	0.9877860283193938	0.9866831973454842	0.986917546403279	0.9869312784725538	0.9843062394930773	0.9923980044345649	0.9877527245414442	0.9887934656752664	0.9983665771104243	0.9870728567347815	0.9873896385549552	0.9872615252791528	0.9871066732401299	0.9934746422049496	0.986342417138941	0.987782456008435	0.9891154127324355	0.9874119807743286	0.9913154646589105	0.9873499132036394	0.9871621943634764	0.9869636841796027	0.9867333751784855	0.9801695625813098	0.9874628344307115	0.9923255781746766	0.9878234589473122	0.9871811393965719	0.9879443973218696	0.9888617609032225	0.9867452919850317	0.9874028447445203	0.9876716586391583	1.0	0.9886223967549578	0.98818120763951	0.9865228698316287	0.9879745626441805	0.9768465385868985
0.9893413104958079	0.9899939103569765	0.989531552373343	0.989976901028699	0.9852464432580933	0.9801238332998482	0.9891325145402469	0.9855507158299676	0.9903490960840776	0.9898405098386043	0.9901296702938435	0.9908499656314806	0.9847500190653571	0.9872283212044305	0.9902480038652582	0.9863094171441299	0.9827154989572415	0.9893759816507999	0.9905001563249667	0.9826731259058453	0.9875778381544709	0.9889750452624448	0.9895832466460635	0.9889925790378886	0.979233324627391	0.9857712402957108	0.988710913250083	0.9950605902279646	0.9908499656314806	0.9896692241473419	0.9894797769563745	0.9894625004071962	0.9892196735844396	0.9911304558134175	0.9886223967549578	1.0	0.9837324203654553	0.9834670258483157	0.9957250468891451	0.9789888932269026
0.9883822290040493	0.9861979368471097	0.9866042708516497	0.9867386073647484	0.9868914659684584	0.9686624894423416	0.9879789519511212	0.9877742320265727	0.9994044675893801	0.9881445261377534	0.9873834078405129	0.9875146068233869	0.9874264437363187	0.9877197259397478	0.9886905058344089	0.983521869441708	0.9866449922199555	0.9875706752700439	0.9876266483819665	0.9876639109887257	0.9837324203654553	0.9854496490054125	0.9867194499951264	0.9860222444547525	0.9730802870539931	0.9883353308667077	0.9875519963968709	0.987308201513594	0.9880342358859555	0.9870625871428206	0.986333940236862	0.9859045922681066	0.9854496490054125	0.9878681048797723	0.98818120763951	0.9837324203654553	1.0	0.978488552945184	0.9874397000241227	0.9768948203998075
0.9874197680794538	0.9871511820318082	0.9879302000581116	0.9877269759113257	0.9938831086827188	0.9775291675882419	0.9871511820318082	0.9761570615213173	0.9882126232956839	0.9877880749635503	0.9878084161449195	0.9885920796893346	0.9760191962803201	0.9836521626464392	0.9876861801278877	0.9851188771904735	0.9739040412931264	0.9871926459117351	0.987909933991128	0.979420945775734	0.9958695394423727	0.9872547439339441	0.9876657632638665	0.9985619888088656	0.9755389037294793	0.9770290646963498	0.986691596746134	0.9871926459117351	0.9884328409132187	0.9872960776112467	0.9870680971929663	0.9866705531607252	0.9870056455892898	0.989026060074446	0.9865228698316287	0.9834670258483157	0.978488552945184	1.0	0.9879302000581116	0.9772211246382246
0.9879197863966852	0.9901856310230575	0.9881988985046145	0.9885233555834296	0.9874088650711542	0.9874300730653801	0.9878517587921704	0.9889567743602866	0.9883578433842409	0.988203482352331	0.9887680431387875	0.9900353652242562	0.9887563953101381	0.9891596471737317	0.9884736814022832	0.9873157798749437	0.9865290526098264	0.9878756585311602	0.9883288201296581	0.9865742284714817	0.9891683378929826	0.9898151351232874	0.9885467904420238	0.9881685185150805	0.9839073949084927	0.9889805706089684	0.9880170067646645	0.9996961673979414	0.9887184933227492	0.9878731304262501	0.9909683171417758	0.9896975179564321	0.989540746829903	0.98945623815746	0.9879745626441805	0.9957250468891451	0.9874397000241227	0.9879302000581116	1.0	0.9771708075854113
0.9772320760733979	0.9777045553686379	0.9769025364351335	0.9771124773261298	0.9764297088783563	0.9756098551742598	0.9763767479740553	0.977801198809944	0.9770068592596983	0.9768179760097522	0.9770234950406451	0.9774302569472162	0.977263516128556	0.9768932855527972	0.9772320760733979	0.9762724172807413	0.9766243080049202	0.9765933404617334	0.9766764654484524	0.9751300262673742	0.9776855512538547	0.9773697623601343	0.9774809116249643	0.976742381474539	0.9823574124775131	0.9774859485648049	0.9764275481348892	0.9774056342145346	0.9773339348315158	0.9772855139760511	0.979097459591456	0.9771460543327434	0.9772182653947956	0.9769245745573197	0.9768465385868985	0.9789888932269026	0.9768948203998075	0.9772211246382246	0.9771708075854113	1.0
