/home/jshaw/scratch/2022_sketched_distance/references/SGB_genome_fastas_part2/4537/BackhedF_2015__SID383_12M__bin.21.fa	/home/jshaw/scratch/2022_sketched_distance/references/SGB_genome_fastas_part2/4537/BackhedF_2015__SID45_12M__bin.3.fa	/home/jshaw/scratch/2022_sketched_distance/references/SGB_genome_fastas_part2/4537/BackhedF_2015__SID45_M__bin.28.fa	/home/jshaw/scratch/2022_sketched_distance/references/SGB_genome_fastas_part2/4537/BackhedF_2015__SID570_12M__bin.15.fa	/home/jshaw/scratch/2022_sketched_distance/references/SGB_genome_fastas_part2/4537/BackhedF_2015__SID635_M__bin.31.fa	/home/jshaw/scratch/2022_sketched_distance/references/SGB_genome_fastas_part2/4537/BackhedF_2015__SID9_M__bin.4.fa	/home/jshaw/scratch/2022_sketched_distance/references/SGB_genome_fastas_part2/4537/CosteaPI_2017__SID713A063-11-90-0__bin.5.fa	/home/jshaw/scratch/2022_sketched_distance/references/SGB_genome_fastas_part2/4537/FengQ_2015__SID31428__bin.14.fa	/home/jshaw/scratch/2022_sketched_distance/references/SGB_genome_fastas_part2/4537/FengQ_2015__SID31446__bin.29.fa	/home/jshaw/scratch/2022_sketched_distance/references/SGB_genome_fastas_part2/4537/FengQ_2015__SID31685__bin.17.fa	/home/jshaw/scratch/2022_sketched_distance/references/SGB_genome_fastas_part2/4537/FengQ_2015__SID530018__bin.43.fa	/home/jshaw/scratch/2022_sketched_distance/references/SGB_genome_fastas_part2/4537/FengQ_2015__SID530026__bin.55.fa	/home/jshaw/scratch/2022_sketched_distance/references/SGB_genome_fastas_part2/4537/FengQ_2015__SID530348__bin.7.fa	/home/jshaw/scratch/2022_sketched_distance/references/SGB_genome_fastas_part2/4537/FengQ_2015__SID530558__bin.38.fa	/home/jshaw/scratch/2022_sketched_distance/references/SGB_genome_fastas_part2/4537/IjazUZ_2017__S151_a_WGS__bin.11.fa	/home/jshaw/scratch/2022_sketched_distance/references/SGB_genome_fastas_part2/4537/KarlssonFH_2013__S424__bin.12.fa	/home/jshaw/scratch/2022_sketched_distance/references/SGB_genome_fastas_part2/4537/KarlssonFH_2013__S526__bin.31.fa	/home/jshaw/scratch/2022_sketched_distance/references/SGB_genome_fastas_part2/4537/KarlssonFH_2013__S561__bin.6.fa	/home/jshaw/scratch/2022_sketched_distance/references/SGB_genome_fastas_part2/4537/LiJ_2014__V1.CD48-0__bin.25.fa	/home/jshaw/scratch/2022_sketched_distance/references/SGB_genome_fastas_part2/4537/LiJ_2014__V1.CD52-0__bin.49.fa	/home/jshaw/scratch/2022_sketched_distance/references/SGB_genome_fastas_part2/4537/LiJ_2014__V1.FI15__bin.17.fa	/home/jshaw/scratch/2022_sketched_distance/references/SGB_genome_fastas_part2/4537/LiJ_2014__V1.FI29__bin.19.fa	/home/jshaw/scratch/2022_sketched_distance/references/SGB_genome_fastas_part2/4537/NielsenHB_2014__O2_UC55_0__bin.28.fa	/home/jshaw/scratch/2022_sketched_distance/references/SGB_genome_fastas_part2/4537/QinJ_2012__DLF013__bin.9.fa	/home/jshaw/scratch/2022_sketched_distance/references/SGB_genome_fastas_part2/4537/VogtmannE_2016__MMRS44197125ST-27-0-0__bin.49.fa	/home/jshaw/scratch/2022_sketched_distance/references/SGB_genome_fastas_part2/4537/XieH_2016__YSZC12003_35519__bin.24.fa	/home/jshaw/scratch/2022_sketched_distance/references/SGB_genome_fastas_part2/4537/XieH_2016__YSZC12003_35712__bin.2.fa	/home/jshaw/scratch/2022_sketched_distance/references/SGB_genome_fastas_part2/4537/XieH_2016__YSZC12003_36390__bin.48.fa	/home/jshaw/scratch/2022_sketched_distance/references/SGB_genome_fastas_part2/4537/XieH_2016__YSZC12003_37138__bin.93.fa	/home/jshaw/scratch/2022_sketched_distance/references/SGB_genome_fastas_part2/4537/ZeeviD_2015__PNP_Main_194__bin.53.fa	/home/jshaw/scratch/2022_sketched_distance/references/SGB_genome_fastas_part2/4537/ZeeviD_2015__PNP_Main_240__bin.47.fa	/home/jshaw/scratch/2022_sketched_distance/references/SGB_genome_fastas_part2/4537/ZellerG_2014__CCIS07648107ST-4-0__bin.39.fa	/home/jshaw/scratch/2022_sketched_distance/references/SGB_genome_fastas_part2/4537/ZellerG_2014__CCIS59132091ST-4-0__bin.21.fa
1.0	0.9712226669296994	0.9686113424592634	0.968082129645331	0.9694506731001102	0.9725435344552241	0.9657421616643332	0.9496212186460651	0.966631514297569	0.9699470751286667	0.9663825142338288	0.958992478825057	0.9615000363593932	0.9703636415604532	0.9693657601660366	0.9590776706883257	0.9706685315481357	0.965910366505715	0.9661262750045676	0.9657242270491796	0.9651466663310934	0.9666879833808799	0.9572421770822567	0.971462917541683	0.9713209452334651	0.969143682866501	0.9572172427874738	0.9657433062052623	0.9715511535060684	0.9693002954679832	0.9658671268149555	0.9626521388519477	0.9676643694283585
0.9712226669296994	1.0	0.9825198617189448	0.9788500775822789	0.9906415039670956	0.9913860010850499	0.9722452126977014	0.9678305816173599	0.9800610184863837	0.9886166610190018	0.9809758595071021	0.9721920525727159	0.9849955382255846	0.9896999653007224	0.9869667769565049	0.9692691723594522	0.9894661712290084	0.987953239049434	0.9832894187138244	0.9847228835375911	0.9847672093242398	0.985665339634907	0.9677633309407437	0.9787135884739856	0.9784476074843863	0.9879457880363816	0.9682264784812301	0.9796520260255313	0.9907077579875668	0.9773092534345499	0.9792377809901002	0.9840116092920843	0.984859431368522
0.9686113424592634	0.9825198617189448	1.0	0.9735336685244659	0.9761359719168857	0.9785975512980306	0.9679017936269431	0.9527054897087144	0.9690153995400181	0.975843566518889	0.9702170390629791	0.9636756618687142	0.9703474378984693	0.9766674177673988	0.9754035554825943	0.9612107639754399	0.9766867569887729	0.9735542121789286	0.9724629821934989	0.970241951978193	0.9706801594266184	0.9717547090370728	0.961330447995169	0.97834362303765	0.9671624809830793	0.9745603169172382	0.9561663832518773	0.9681270610659454	0.9776698899943331	0.9648922630220027	0.9677838519411555	0.9721642512240604	0.9732198918963697
0.968082129645331	0.9788500775822789	0.9735336685244659	1.0	0.976363839649582	0.9794358467332795	0.965844692100438	0.9516127323053871	0.9683857171744455	0.9774798779699366	0.9696353838210113	0.9593572640325981	0.9678811713166342	0.9778271181711391	0.9756793183462655	0.961793751581645	0.9758437786856028	0.9715938331549726	0.9731092140427288	0.9710133149692223	0.9731502635686354	0.9728812644300315	0.9622349777287893	0.9747128277316464	0.9671479046046121	0.9748673945213737	0.9574107618792029	0.9675732477764428	0.9780384900831263	0.9657442337498419	0.9670719092663284	0.9706192862624442	0.9748193109356885
0.9694506731001102	0.9906415039670956	0.9761359719168857	0.976363839649582	1.0	0.9883103725751597	0.9711148908751885	0.9677605998154267	0.9790748664269804	0.9863654342474395	0.9781933668020647	0.9720340796676243	0.9854544787649704	0.9872389919090878	0.9850982189699438	0.967681066659062	0.9902958492516092	0.9879624590638252	0.9796538895635875	0.9833461551550919	0.9825377173781576	0.9834058163580428	0.964982380097353	0.9752494233992317	0.9774294298240628	0.9870512284560519	0.9676667817244453	0.9781164854556832	0.9888096242472635	0.9776622022164811	0.9784739069920227	0.9813137294426603	0.9820662804621831
0.9725435344552241	0.9913860010850499	0.9785975512980306	0.9794358467332795	0.9883103725751597	1.0	0.9717971444088096	0.9681057188711558	0.9804073849593437	0.9896001446103361	0.9826302690944032	0.9723612000746197	0.983700879964127	0.9901679813360635	0.9889143004691209	0.9696161537702526	0.987631193335025	0.9867638525616897	0.9830597619454445	0.9840089800705955	0.9857993187434355	0.985575480367581	0.9674972062341496	0.9795959098682451	0.978870061096176	0.9869089636674907	0.9695343702514144	0.9790398118565191	0.9919200299808807	0.9780069105858394	0.9790035370358263	0.9845668555076302	0.9861889157060804
0.9657421616643332	0.9722452126977014	0.9679017936269431	0.965844692100438	0.9711148908751885	0.9717971444088096	1.0	0.9525587297090328	0.9769879096389436	0.972615567482495	0.9646311792545265	0.968049740943987	0.9617232794272818	0.9707758615829682	0.9698047869566633	0.9689958758431599	0.9717815447290239	0.9662847486205931	0.9689090802350211	0.9673077054576341	0.9670298079685932	0.9687837382058357	0.9579173947636305	0.9683768600077947	0.9678764255848998	0.9709064443049594	0.9648846855616847	0.9769531854349695	0.9725536959240361	0.9658085163406739	0.9762689751074947	0.9601823206646168	0.9665802111501672
0.9496212186460651	0.9678305816173599	0.9527054897087144	0.9516127323053871	0.9677605998154267	0.9681057188711558	0.9525587297090328	1.0	0.9647345827456923	0.9684117636973146	0.9609718836943192	0.9724266997631696	0.9725746085752239	0.9669138287970929	0.9649364915457618	0.9468375108488324	0.9669550601066448	0.9729198174110063	0.9482389517210852	0.963360377895539	0.9619896305404082	0.9639770221858094	0.9451228044888338	0.953740963689707	0.9592130927218762	0.9673618083080318	0.9574732232612718	0.9676632879553076	0.9704437514478114	0.9590356862039139	0.9668880497740493	0.973985916874197	0.9675462862764861
0.966631514297569	0.9800610184863837	0.9690153995400181	0.9683857171744455	0.9790748664269804	0.9804073849593437	0.9769879096389436	0.9647345827456923	1.0	0.9801651114428359	0.9722710109375708	0.976028551215354	0.9740055468371102	0.9791402715762679	0.9772585026774285	0.9703988715382339	0.9788825896296003	0.9769014467083804	0.9728703058797723	0.9757993832076992	0.9751397816184582	0.9768516834908589	0.9609913233105408	0.9692408177356948	0.9740852055656277	0.9785860345900915	0.9794124251937495	0.9830051695731055	0.9805166344749164	0.9724855577633673	0.9830823894272789	0.9715172323725617	0.9752666792412793
0.9699470751286667	0.9886166610190018	0.975843566518889	0.9774798779699366	0.9863654342474395	0.9896001446103361	0.972615567482495	0.9684117636973146	0.9801651114428359	1.0	0.9791554260696105	0.9726154945635362	0.9813865130280537	0.9900804906063393	0.9853401666291796	0.9697946718415279	0.9859797286947181	0.9844101493227057	0.9816289822748379	0.9827657102006137	0.9869320323669729	0.9841751030040199	0.9671092610677181	0.9772145032501238	0.97719109820775	0.9857960756088758	0.9690204882453302	0.9794224152904302	0.9887113745956697	0.976860809246859	0.979013894001648	0.9833701970244	0.9863693753523938
0.9663825142338288	0.9809758595071021	0.9702170390629791	0.9696353838210113	0.9781933668020647	0.9826302690944032	0.9646311792545265	0.9609718836943192	0.9722710109375708	0.9791554260696105	1.0	0.9660452766872504	0.9739913890646089	0.9800708324659907	0.977773064837297	0.9615030347895476	0.9793220641884541	0.9775947178872254	0.9742983529120985	0.9758250658123855	0.9758434150211489	0.9761677570954007	0.9598028242170659	0.9720132590738274	0.9724649067148334	0.9782875895595762	0.9677144610908673	0.971258394801914	0.9813633794535167	0.9705417617845653	0.9711340439130944	0.9761490671817425	0.9815969120588603
0.958992478825057	0.9721920525727159	0.9636756618687142	0.9593572640325981	0.9720340796676243	0.9723612000746197	0.968049740943987	0.9724266997631696	0.976028551215354	0.9726154945635362	0.9660452766872504	1.0	0.975941462408896	0.9713188255337238	0.9695638048540036	0.9617616472749825	0.9717830648811122	0.97748763442346	0.9604757013751684	0.9693775554682359	0.9661357750760395	0.9693859022675447	0.9526328616483267	0.9610247882532689	0.9697006768091072	0.970936429014795	0.9660346548497316	0.9779500345591282	0.9739315414455734	0.9654224822015958	0.9773977710553893	0.9807948212193472	0.9698451405278719
0.9615000363593932	0.9849955382255846	0.9703474378984693	0.9678811713166342	0.9854544787649704	0.983700879964127	0.9617232794272818	0.9725746085752239	0.9740055468371102	0.9813865130280537	0.9739913890646089	0.975941462408896	1.0	0.9820888954386394	0.9781134907824672	0.9562553690386923	0.9843462714473327	0.9912092588554311	0.9708913389046148	0.9777661494852395	0.9774712881398167	0.9784845949423536	0.9572130322422502	0.9683699573453518	0.9709055380414375	0.980422441586032	0.963162049783896	0.9730396946827267	0.98426576600589	0.9691811778316185	0.9731958248759985	0.9868174527871125	0.9798315662189703
0.9703636415604532	0.9896999653007224	0.9766674177673988	0.9778271181711391	0.9872389919090878	0.9901679813360635	0.9707758615829682	0.9669138287970929	0.9791402715762679	0.9900804906063393	0.9800708324659907	0.9713188255337238	0.9820888954386394	1.0	0.9862072845957379	0.9695282816189114	0.9870381466365167	0.9847366309845786	0.9820786774454335	0.9831213687458502	0.9864634639815468	0.9842071794706679	0.9660802087440772	0.9782266327884235	0.9769479620812819	0.9858258657194175	0.9679869555391786	0.9780470319208378	0.989268719398917	0.9766097934799779	0.9773420372640813	0.985420859515459	0.9870212952058279
0.9693657601660366	0.9869667769565049	0.9754035554825943	0.9756793183462655	0.9850982189699438	0.9889143004691209	0.9698047869566633	0.9649364915457618	0.9772585026774285	0.9853401666291796	0.977773064837297	0.9695638048540036	0.9781134907824672	0.9862072845957379	1.0	0.9687450728874926	0.984419638854813	0.9818823792975574	0.9794086597378691	0.9803908076682946	0.9821439495220194	0.9819990301408863	0.9652721195418107	0.97691444121564	0.9747497518978324	0.983472596139107	0.9658172775281644	0.9760758811581963	0.9881781640959284	0.9743408485438642	0.9768130626285393	0.979529846981891	0.9813106213837691
0.9590776706883257	0.9692691723594522	0.9612107639754399	0.961793751581645	0.967681066659062	0.9696161537702526	0.9689958758431599	0.9468375108488324	0.9703988715382339	0.9697946718415279	0.9615030347895476	0.9617616472749825	0.9562553690386923	0.9695282816189114	0.9687450728874926	1.0	0.9688619448415146	0.9613927310444305	0.9664891426258188	0.9666765047380389	0.96474135724974	0.9655191319172022	0.9559910469088367	0.963908157249491	0.9657397284921584	0.9684618402354098	0.9591644275651877	0.9722372408747538	0.9693775554682359	0.9624287998108441	0.9709708668853498	0.9587793103337847	0.9626740466951439
0.9706685315481357	0.9894661712290084	0.9766867569887729	0.9758437786856028	0.9902958492516092	0.987631193335025	0.9717815447290239	0.9669550601066448	0.9788825896296003	0.9859797286947181	0.9793220641884541	0.9717830648811122	0.9843462714473327	0.9870381466365167	0.984419638854813	0.9688619448415146	1.0	0.9878702871509887	0.9798581347896503	0.9819408001584479	0.982079372477199	0.9827220272495149	0.9658785565122913	0.9768509329268313	0.9788465480854157	0.9867836641792931	0.9677162545514757	0.9780685061165049	0.9879453898570418	0.9767763033954397	0.9777930952577859	0.9812118856437089	0.9825761473900299
0.965910366505715	0.987953239049434	0.9735542121789286	0.9715938331549726	0.9879624590638252	0.9867638525616897	0.9662847486205931	0.9729198174110063	0.9769014467083804	0.9844101493227057	0.9775947178872254	0.97748763442346	0.9912092588554311	0.9847366309845786	0.9818823792975574	0.9613927310444305	0.9878702871509887	1.0	0.9749224831358793	0.9811519663955444	0.980194493049344	0.9814511751869802	0.9620781521671968	0.9718376052763689	0.9754604930158154	0.9844388990724744	0.9670687778373326	0.9760890162423034	0.9873408817324604	0.9731818960602658	0.9767892602299549	0.9877590562178151	0.9828227519829414
0.9661262750045676	0.9832894187138244	0.9724629821934989	0.9731092140427288	0.9796538895635875	0.9830597619454445	0.9689090802350211	0.9482389517210852	0.9728703058797723	0.9816289822748379	0.9742983529120985	0.9604757013751684	0.9708913389046148	0.9820786774454335	0.9794086597378691	0.9664891426258188	0.9798581347896503	0.9749224831358793	1.0	0.9770226972243649	0.9766509424119343	0.9833100173080178	0.9632633127694133	0.9740570009481738	0.9717185265383009	0.9790433372489273	0.9605554097663894	0.9724371891581761	0.9811431814768454	0.9692949012501352	0.9701446742604822	0.9728255631967571	0.9765677230189715
0.9657242270491796	0.9847228835375911	0.970241951978193	0.9710133149692223	0.9833461551550919	0.9840089800705955	0.9673077054576341	0.963360377895539	0.9757993832076992	0.9827657102006137	0.9758250658123855	0.9693775554682359	0.9777661494852395	0.9831213687458502	0.9803908076682946	0.9666765047380389	0.9819408001584479	0.9811519663955444	0.9770226972243649	1.0	0.9798399788762732	0.9809064071921851	0.968163096482173	0.9706732325463296	0.9765812126964242	0.9892368199394135	0.9651734557626216	0.9761214419748527	0.9829180636501262	0.9735538596580177	0.9746618766015707	0.9797301795801635	0.9788444222952035
0.9651466663310934	0.9847672093242398	0.9706801594266184	0.9731502635686354	0.9825377173781576	0.9857993187434355	0.9670298079685932	0.9619896305404082	0.9751397816184582	0.9869320323669729	0.9758434150211489	0.9661357750760395	0.9774712881398167	0.9864634639815468	0.9821439495220194	0.96474135724974	0.982079372477199	0.980194493049344	0.9766509424119343	0.9798399788762732	1.0	0.9815588770049561	0.9618277735813154	0.9724254948213503	0.9735948460666594	0.9818238547120018	0.9644275500945797	0.9741283712302786	0.9847921294217593	0.9744482589549994	0.9738272512358052	0.9785504451443146	0.9822309483745585
0.9666879833808799	0.985665339634907	0.9717547090370728	0.9728812644300315	0.9834058163580428	0.985575480367581	0.9687837382058357	0.9639770221858094	0.9768516834908589	0.9841751030040199	0.9761677570954007	0.9693859022675447	0.9784845949423536	0.9842071794706679	0.9819990301408863	0.9655191319172022	0.9827220272495149	0.9814511751869802	0.9833100173080178	0.9809064071921851	0.9815588770049561	1.0	0.9628698012136975	0.9730715202784422	0.9746842780344771	0.9826006903619574	0.9656749088086377	0.9764342467555195	0.9850273484575933	0.9736696008694803	0.9751361961960092	0.9780036511188742	0.9798846081643799
0.9572421770822567	0.9677633309407437	0.961330447995169	0.9622349777287893	0.964982380097353	0.9674972062341496	0.9579173947636305	0.9451228044888338	0.9609913233105408	0.9671092610677181	0.9598028242170659	0.9526328616483267	0.9572130322422502	0.9660802087440772	0.9652721195418107	0.9559910469088367	0.9658785565122913	0.9620781521671968	0.9632633127694133	0.968163096482173	0.9618277735813154	0.9628698012136975	1.0	0.9657913739410465	0.959407672479154	0.9711120847183511	0.9494381261239121	0.9602770147392442	0.9665744319932367	0.9563495273045287	0.9594579036071977	0.9599335130231834	0.9628136783589767
0.971462917541683	0.9787135884739856	0.97834362303765	0.9747128277316464	0.9752494233992317	0.9795959098682451	0.9683768600077947	0.953740963689707	0.9692408177356948	0.9772145032501238	0.9720132590738274	0.9610247882532689	0.9683699573453518	0.9782266327884235	0.97691444121564	0.963908157249491	0.9768509329268313	0.9718376052763689	0.9740570009481738	0.9706732325463296	0.9724254948213503	0.9730715202784422	0.9657913739410465	1.0	0.9695622900833368	0.975683194957065	0.9570116041823781	0.9680143115019095	0.9787566649193662	0.9672521055957106	0.9683621192036589	0.9710980940270904	0.9757177861931549
0.9713209452334651	0.9784476074843863	0.9671624809830793	0.9671479046046121	0.9774294298240628	0.978870061096176	0.9678764255848998	0.9592130927218762	0.9740852055656277	0.97719109820775	0.9724649067148334	0.9697006768091072	0.9709055380414375	0.9769479620812819	0.9747497518978324	0.9657397284921584	0.9788465480854157	0.9754604930158154	0.9717185265383009	0.9765812126964242	0.9735948460666594	0.9746842780344771	0.959407672479154	0.9695622900833368	1.0	0.9769449491178034	0.9644529040534845	0.9754296750116381	0.9782149436028182	0.9776573463900248	0.973569847615685	0.973429903475035	0.9729239369771036
0.969143682866501	0.9879457880363816	0.9745603169172382	0.9748673945213737	0.9870512284560519	0.9869089636674907	0.9709064443049594	0.9673618083080318	0.9785860345900915	0.9857960756088758	0.9782875895595762	0.970936429014795	0.980422441586032	0.9858258657194175	0.983472596139107	0.9684618402354098	0.9867836641792931	0.9844388990724744	0.9790433372489273	0.9892368199394135	0.9818238547120018	0.9826006903619574	0.9711120847183511	0.975683194957065	0.9769449491178034	1.0	0.9679234466270757	0.9778379076350109	0.9868186357354859	0.9759625935755167	0.9778411515778093	0.9800863572029185	0.9820782083014947
0.9572172427874738	0.9682264784812301	0.9561663832518773	0.9574107618792029	0.9676667817244453	0.9695343702514144	0.9648846855616847	0.9574732232612718	0.9794124251937495	0.9690204882453302	0.9677144610908673	0.9660346548497316	0.963162049783896	0.9679869555391786	0.9658172775281644	0.9591644275651877	0.9677162545514757	0.9670687778373326	0.9605554097663894	0.9651734557626216	0.9644275500945797	0.9656749088086377	0.9494381261239121	0.9570116041823781	0.9644529040534845	0.9679234466270757	1.0	0.971548664342577	0.9700853292449403	0.9629354078532703	0.972915352221672	0.9627645716948656	0.9702618796017575
0.9657433062052623	0.9796520260255313	0.9681270610659454	0.9675732477764428	0.9781164854556832	0.9790398118565191	0.9769531854349695	0.9676632879553076	0.9830051695731055	0.9794224152904302	0.971258394801914	0.9779500345591282	0.9730396946827267	0.9780470319208378	0.9760758811581963	0.9722372408747538	0.9780685061165049	0.9760890162423034	0.9724371891581761	0.9761214419748527	0.9741283712302786	0.9764342467555195	0.9602770147392442	0.9680143115019095	0.9754296750116381	0.9778379076350109	0.971548664342577	1.0	0.9793733440294103	0.9716136204374834	0.9820673522915249	0.9741198540531772	0.973927869230492
0.9715511535060684	0.9907077579875668	0.9776698899943331	0.9780384900831263	0.9888096242472635	0.9919200299808807	0.9725536959240361	0.9704437514478114	0.9805166344749164	0.9887113745956697	0.9813633794535167	0.9739315414455734	0.98426576600589	0.989268719398917	0.9881781640959284	0.9693775554682359	0.9879453898570418	0.9873408817324604	0.9811431814768454	0.9829180636501262	0.9847921294217593	0.9850273484575933	0.9665744319932367	0.9787566649193662	0.9782149436028182	0.9868186357354859	0.9700853292449403	0.9793733440294103	1.0	0.977035117651485	0.9797441327926711	0.9840049337933069	0.9845328858633574
0.9693002954679832	0.9773092534345499	0.9648922630220027	0.9657442337498419	0.9776622022164811	0.9780069105858394	0.9658085163406739	0.9590356862039139	0.9724855577633673	0.976860809246859	0.9705417617845653	0.9654224822015958	0.9691811778316185	0.9766097934799779	0.9743408485438642	0.9624287998108441	0.9767763033954397	0.9731818960602658	0.9692949012501352	0.9735538596580177	0.9744482589549994	0.9736696008694803	0.9563495273045287	0.9672521055957106	0.9776573463900248	0.9759625935755167	0.9629354078532703	0.9716136204374834	0.977035117651485	1.0	0.9720052015003865	0.9691480783265931	0.9721760429176116
0.9658671268149555	0.9792377809901002	0.9677838519411555	0.9670719092663284	0.9784739069920227	0.9790035370358263	0.9762689751074947	0.9668880497740493	0.9830823894272789	0.979013894001648	0.9711340439130944	0.9773977710553893	0.9731958248759985	0.9773420372640813	0.9768130626285393	0.9709708668853498	0.9777930952577859	0.9767892602299549	0.9701446742604822	0.9746618766015707	0.9738272512358052	0.9751361961960092	0.9594579036071977	0.9683621192036589	0.973569847615685	0.9778411515778093	0.972915352221672	0.9820673522915249	0.9797441327926711	0.9720052015003865	1.0	0.9714566433511725	0.974300416695095
0.9626521388519477	0.9840116092920843	0.9721642512240604	0.9706192862624442	0.9813137294426603	0.9845668555076302	0.9601823206646168	0.973985916874197	0.9715172323725617	0.9833701970244	0.9761490671817425	0.9807948212193472	0.9868174527871125	0.985420859515459	0.979529846981891	0.9587793103337847	0.9812118856437089	0.9877590562178151	0.9728255631967571	0.9797301795801635	0.9785504451443146	0.9780036511188742	0.9599335130231834	0.9710980940270904	0.973429903475035	0.9800863572029185	0.9627645716948656	0.9741198540531772	0.9840049337933069	0.9691480783265931	0.9714566433511725	1.0	0.9843729127521536
0.9676643694283585	0.984859431368522	0.9732198918963697	0.9748193109356885	0.9820662804621831	0.9861889157060804	0.9665802111501672	0.9675462862764861	0.9752666792412793	0.9863693753523938	0.9815969120588603	0.9698451405278719	0.9798315662189703	0.9870212952058279	0.9813106213837691	0.9626740466951439	0.9825761473900299	0.9828227519829414	0.9765677230189715	0.9788444222952035	0.9822309483745585	0.9798846081643799	0.9628136783589767	0.9757177861931549	0.9729239369771036	0.9820782083014947	0.9702618796017575	0.973927869230492	0.9845328858633574	0.9721760429176116	0.974300416695095	0.9843729127521536	1.0
