/home/jshaw/scratch/2022_sketched_distance/references/SGB_genome_fastas_part4/6833/Castro-NallarE_2015__ES_116__bin.9.fa	/home/jshaw/scratch/2022_sketched_distance/references/SGB_genome_fastas_part4/6833/CM_cf__CF_FIFC013SS_t5M16__bin.5.fa	/home/jshaw/scratch/2022_sketched_distance/references/SGB_genome_fastas_part4/6833/CM_cf__CF_TNFC004SA_t1M15__bin.22.fa	/home/jshaw/scratch/2022_sketched_distance/references/SGB_genome_fastas_part4/6833/CM_cf__CF_TNFC008IS_t1M15__bin.2.fa	/home/jshaw/scratch/2022_sketched_distance/references/SGB_genome_fastas_part4/6833/CM_cf__CF_TNFC018IS_t3M15__bin.20.fa	/home/jshaw/scratch/2022_sketched_distance/references/SGB_genome_fastas_part4/6833/CM_cf__CF_TNFC022IS_t1M15__bin.9.fa	/home/jshaw/scratch/2022_sketched_distance/references/SGB_genome_fastas_part4/6833/CM_cf__CF_TNFC022IS_t2M15__bin.18.fa	/home/jshaw/scratch/2022_sketched_distance/references/SGB_genome_fastas_part4/6833/CM_cf__CF_TNFC022IS_t3M16__bin.22.fa	/home/jshaw/scratch/2022_sketched_distance/references/SGB_genome_fastas_part4/6833/CM_cf__CF_TNFC022SA_t1M16__bin.10.fa	/home/jshaw/scratch/2022_sketched_distance/references/SGB_genome_fastas_part4/6833/FerrettiP_2018__CA_C10020MS2331SA_t0M15__bin.7.fa	/home/jshaw/scratch/2022_sketched_distance/references/SGB_genome_fastas_part4/6833/FerrettiP_2018__CA_C10029MS2491SA_t0M15__bin.8.fa	/home/jshaw/scratch/2022_sketched_distance/references/SGB_genome_fastas_part4/6833/HMP_2012__SRS011306__bin.5.fa	/home/jshaw/scratch/2022_sketched_distance/references/SGB_genome_fastas_part4/6833/HMP_2012__SRS013948__bin.18.fa	/home/jshaw/scratch/2022_sketched_distance/references/SGB_genome_fastas_part4/6833/HMP_2012__SRS015209__bin.36.fa	/home/jshaw/scratch/2022_sketched_distance/references/SGB_genome_fastas_part4/6833/HMP_2012__SRS016002__bin.44.fa	/home/jshaw/scratch/2022_sketched_distance/references/SGB_genome_fastas_part4/6833/HMP_2012__SRS016037__bin.25.fa	/home/jshaw/scratch/2022_sketched_distance/references/SGB_genome_fastas_part4/6833/HMP_2012__SRS016225__bin.33.fa	/home/jshaw/scratch/2022_sketched_distance/references/SGB_genome_fastas_part4/6833/HMP_2012__SRS016569__bin.28.fa	/home/jshaw/scratch/2022_sketched_distance/references/SGB_genome_fastas_part4/6833/HMP_2012__SRS018439__bin.19.fa	/home/jshaw/scratch/2022_sketched_distance/references/SGB_genome_fastas_part4/6833/HMP_2012__SRS018739__bin.54.fa	/home/jshaw/scratch/2022_sketched_distance/references/SGB_genome_fastas_part4/6833/HMP_2012__SRS019122__bin.33.fa	/home/jshaw/scratch/2022_sketched_distance/references/SGB_genome_fastas_part4/6833/HMP_2012__SRS019126__bin.45.fa	/home/jshaw/scratch/2022_sketched_distance/references/SGB_genome_fastas_part4/6833/HMP_2012__SRS019127__bin.40.fa	/home/jshaw/scratch/2022_sketched_distance/references/SGB_genome_fastas_part4/6833/HMP_2012__SRS019327__bin.41.fa	/home/jshaw/scratch/2022_sketched_distance/references/SGB_genome_fastas_part4/6833/HMP_2012__SRS020334__bin.15.fa	/home/jshaw/scratch/2022_sketched_distance/references/SGB_genome_fastas_part4/6833/HMP_2012__SRS023617__bin.17.fa	/home/jshaw/scratch/2022_sketched_distance/references/SGB_genome_fastas_part4/6833/HMP_2012__SRS023835__bin.51.fa	/home/jshaw/scratch/2022_sketched_distance/references/SGB_genome_fastas_part4/6833/HMP_2012__SRS023926__bin.20.fa	/home/jshaw/scratch/2022_sketched_distance/references/SGB_genome_fastas_part4/6833/HMP_2012__SRS024441__bin.54.fa	/home/jshaw/scratch/2022_sketched_distance/references/SGB_genome_fastas_part4/6833/HMP_2012__SRS024580__bin.26.fa	/home/jshaw/scratch/2022_sketched_distance/references/SGB_genome_fastas_part4/6833/HMP_2012__SRS047824__bin.72.fa	/home/jshaw/scratch/2022_sketched_distance/references/SGB_genome_fastas_part4/6833/HMP_2012__SRS049147__bin.40.fa	/home/jshaw/scratch/2022_sketched_distance/references/SGB_genome_fastas_part4/6833/HMP_2012__SRS050244__bin.68.fa	/home/jshaw/scratch/2022_sketched_distance/references/SGB_genome_fastas_part4/6833/HMP_2012__SRS053603__bin.58.fa	/home/jshaw/scratch/2022_sketched_distance/references/SGB_genome_fastas_part4/6833/HMP_2012__SRS054687__bin.35.fa	/home/jshaw/scratch/2022_sketched_distance/references/SGB_genome_fastas_part4/6833/HMP_2012__SRS057205__bin.52.fa	/home/jshaw/scratch/2022_sketched_distance/references/SGB_genome_fastas_part4/6833/HMP_2012__SRS058336__bin.54.fa	/home/jshaw/scratch/2022_sketched_distance/references/SGB_genome_fastas_part4/6833/HMP_2012__SRS075404__bin.9.fa
1.0	0.9752775906507317	0.9687321195532775	0.9712822798091943	0.9706003964253315	0.9743034069159738	0.9747365153887373	0.9742705397420762	0.9745499266879186	0.9658526443689093	0.9701078708909433	0.9763277348948842	0.9759254329076531	0.9809044569249521	0.9658035365898126	0.977496261824812	0.9758817361469598	0.9755519907407763	0.9761177276701973	0.9721046660223908	0.9758302166792835	0.9763526817844184	0.9676759165853847	0.9753435035973259	0.9748302401229982	0.9709797574889957	0.96572314799213	0.9763466071534805	0.9737854567936941	0.9656948322367065	0.981200594405159	0.9704658624356856	0.9752111152002321	0.972218150141487	0.9637076714927647	0.9779184986059342	0.9759951892686964	0.9717306612864929
0.9752775906507317	1.0	0.9743727170337116	0.974058367071096	0.977203565962138	0.9797049072486377	0.9807047837577428	0.9803166724253476	0.979829747826949	0.9712388715521406	0.9721278672464929	0.9765732517352657	0.9811884114906022	0.9750504732111436	0.9673068734447817	0.9788191569489153	0.9779335820635399	0.9775039146477265	0.9783059626396632	0.9782223082718691	0.9800820345252131	0.9815054992007279	0.9722344027875137	0.9773166560433971	0.9759694015218765	0.9702181068512393	0.9681143210095902	0.9766617278334588	0.9746643111868659	0.9679450287501179	0.9770246232432954	0.9717640997072554	0.9748782432287759	0.9739055900305424	0.9672608438459135	0.9775313313668115	0.9770425613272478	0.9746843506782638
0.9687321195532775	0.9743727170337116	1.0	0.9703506671285387	0.9698278173192434	0.9725990496455224	0.9734687003936823	0.9731903380032567	0.9734746747732241	0.9671816349250157	0.9675776113648118	0.9706106327303594	0.9754875670836866	0.9692222257949601	0.9599430581027605	0.9721541203973738	0.9709930036979539	0.972563483303245	0.9718018231204396	0.9706681628959116	0.9744865564379914	0.9756308366258393	0.9678467915444067	0.9709294993419229	0.9706595682129832	0.9624585474754719	0.9625084298882582	0.9704155621775808	0.9694243414107069	0.9606061259272396	0.9709803471003928	0.9628080712048726	0.9700742281019379	0.9659827801261902	0.9603680846437035	0.9710053411256032	0.9714272071698198	0.9665180149076106
0.9712822798091943	0.974058367071096	0.9703506671285387	1.0	0.9729669120958949	0.9735027221966491	0.9741001435005882	0.9735530954983297	0.9738137911633864	0.9669325389970252	0.9697351570558126	0.975196657254203	0.974530352105288	0.9741750623382789	0.9639611457896414	0.9772033080244688	0.9746348287759613	0.9745374919561083	0.9766587723110036	0.9714970769404422	0.9738961204419775	0.975133327506874	0.9668092689689612	0.9758306088088923	0.9740834350752582	0.9678546100078256	0.9678553912534027	0.9758435328822043	0.9736146250828983	0.9595264907629962	0.9748553278794614	0.9694306626431081	0.9733053205358847	0.971460793266228	0.9627208498748059	0.97616059914686	0.9758406949698814	0.9731795885749414
0.9706003964253315	0.977203565962138	0.9698278173192434	0.9729669120958949	1.0	0.9772592210793695	0.9782705558397958	0.9778711707905932	0.9775757724372233	0.968650723655774	0.9672414093170344	0.9732738940522295	0.9767265791755212	0.9725012157733341	0.9638128049485347	0.9762216843074621	0.9755830904492223	0.9752248256577195	0.9764445512434798	0.9735790676798226	0.975436181839836	0.9772920436414521	0.9678729867525043	0.974085188410449	0.9728443594671967	0.968928075517425	0.9669559986682538	0.9748096416841164	0.9726330233476524	0.9644966978692893	0.9739112603852682	0.9676707980417422	0.9710188917914796	0.9708136456952112	0.9627594583484319	0.9759058282775549	0.9747210977535519	0.9723598495888205
0.9743034069159738	0.9797049072486377	0.9725990496455224	0.9735027221966491	0.9772592210793695	1.0	0.9987198437880853	0.9978644737051724	0.9978588355284949	0.9718418305211712	0.9715522713264124	0.975883672814287	0.9817467856943064	0.9756540448815506	0.9671475688345098	0.9786599737642896	0.9776632735718912	0.978172852260896	0.9775226518402633	0.9771856339131808	0.9814522347398537	0.9826015753781694	0.9715055578240688	0.9770023750659323	0.9760679640078165	0.9701252180822296	0.9680828595467572	0.9763782869356271	0.974987419698538	0.9679727260015257	0.9774025952405634	0.9697823730901372	0.9734168285010933	0.9729557903247682	0.9672319749748637	0.9775511163439563	0.9774654432353985	0.9742460966627323
0.9747365153887373	0.9807047837577428	0.9734687003936823	0.9741001435005882	0.9782705558397958	0.9987198437880853	1.0	0.9988468335978687	0.9981324277683663	0.9724589086883708	0.9723778167975154	0.9767046069903631	0.9824585532809791	0.9762383002921983	0.9675768268269	0.9794271159220583	0.9783116917595678	0.9788171103973008	0.978108131188729	0.9783141211485124	0.9816914690101156	0.9832742668304807	0.9719589697395188	0.9774443370704268	0.9765973324778702	0.9703537427776782	0.969239201206435	0.977058714618375	0.975695692783622	0.9682718402422897	0.9778690463890978	0.9706071483353008	0.9741801444251308	0.9732857906615525	0.9677415040051198	0.9783160848369463	0.97843450638698	0.9750391395461333
0.9742705397420762	0.9803166724253476	0.9731903380032567	0.9735530954983297	0.9778711707905932	0.9978644737051724	0.9988468335978687	1.0	0.9973801612965518	0.9720261754957015	0.9718733773287653	0.9764167704846146	0.9821602207216287	0.9756268367410207	0.967133140877131	0.978956163767345	0.9779335306622793	0.9784188571260733	0.9777971857993129	0.977861354642171	0.9813766480453756	0.9830083552486285	0.9715607918238411	0.9770560378185197	0.9762627792624439	0.9699076246495334	0.9686841807853713	0.97662475057497	0.9752446820768139	0.9677761308080555	0.977420731777949	0.9700973526278084	0.9736167302937815	0.9728176620830293	0.9672776695426412	0.9777882979376572	0.977735701620561	0.974609826857559
0.9745499266879186	0.979829747826949	0.9734746747732241	0.9738137911633864	0.9775757724372233	0.9978588355284949	0.9981324277683663	0.9973801612965518	1.0	0.9720285538641732	0.9725725413007195	0.9760797264246242	0.981392050434346	0.975803068806781	0.9671621018965483	0.9787968490322578	0.9779254531177887	0.9785389835631343	0.9780099599490525	0.9775524119836991	0.9808531003454765	0.9822135180268797	0.9719296656811957	0.9769861182876461	0.9761756691021916	0.9693963761412584	0.9688098413062667	0.9765415647149088	0.9749923269327779	0.9677606455052985	0.9774380641039012	0.9697230823329916	0.9734682045523801	0.9728928543631122	0.9674885378367597	0.9775508125894803	0.9776855776378417	0.9745534995923111
0.9658526443689093	0.9712388715521406	0.9671816349250157	0.9669325389970252	0.968650723655774	0.9718418305211712	0.9724589086883708	0.9720261754957015	0.9720285538641732	1.0	0.9675992962526646	0.9680012198595964	0.9722405690803892	0.9687978468227089	0.9565765648891206	0.9690268059911361	0.9694396540798476	0.969332505010798	0.9705789125748923	0.967865253461939	0.9714280064483338	0.9722271286759389	0.9648833801242716	0.9689405479861005	0.968658480121655	0.9613356672612448	0.9601701331643651	0.9690078044343511	0.9665251802248922	0.9567903242187134	0.9693531830191305	0.9616628776925087	0.9649078298700188	0.9651367087530377	0.9613470578992775	0.9704907083623509	0.9691524760970909	0.9659847633323906
0.9701078708909433	0.9721278672464929	0.9675776113648118	0.9697351570558126	0.9672414093170344	0.9715522713264124	0.9723778167975154	0.9718733773287653	0.9725725413007195	0.9675992962526646	1.0	0.9746190066371744	0.9732067659956878	0.971424410616116	0.9648219896808937	0.9742080907290569	0.9727225814270374	0.9730786726027271	0.9745988222764475	0.9684856660312344	0.9719799075758432	0.9724332647361057	0.965597786312274	0.9736556463409467	0.9715741009718617	0.9670456570441154	0.9630069786140596	0.9743267146466105	0.9704169840735519	0.9612772253246998	0.972578734567242	0.9673342036134022	0.970122399840804	0.9704798961838215	0.9603939552363546	0.9746485308925883	0.9735122744559995	0.9686483941548996
0.9763277348948842	0.9765732517352657	0.9706106327303594	0.975196657254203	0.9732738940522295	0.975883672814287	0.9767046069903631	0.9764167704846146	0.9760797264246242	0.9680012198595964	0.9746190066371744	1.0	0.9768401982282124	0.9790732707119288	0.9720852925922114	0.9826384121042852	0.9780931733252128	0.9789543667784647	0.9809701390029114	0.9736167451998085	0.9764048025589533	0.9776987359616467	0.9687718734121795	0.9790392584778439	0.980156890984232	0.9745255406100285	0.9690730442623723	0.9809418964783547	0.9776622865463988	0.965417171485454	0.9783920509351105	0.9743573931099282	0.9782784855884181	0.9769424640983361	0.9657049357344551	0.9806272328625867	0.9823824052123948	0.9748712882952595
0.9759254329076531	0.9811884114906022	0.9754875670836866	0.974530352105288	0.9767265791755212	0.9817467856943064	0.9824585532809791	0.9821602207216287	0.981392050434346	0.9722405690803892	0.9732067659956878	0.9768401982282124	1.0	0.9763981317717844	0.9682007011076482	0.9795730147322557	0.978605439621964	0.9788354091903807	0.9790323249275443	0.9781244324256427	0.9958225977151243	0.9978648030097232	0.9865137666994825	0.9779076372137471	0.977635775965254	0.970329681365865	0.9689347416122317	0.977518518112541	0.9756668113459658	0.9685245504991326	0.9787696824445765	0.9714236079866818	0.9742734720176169	0.9743747475521864	0.9686124552121659	0.9789464699499995	0.9789128347863555	0.9750265727070864
0.9809044569249521	0.9750504732111436	0.9692222257949601	0.9741750623382789	0.9725012157733341	0.9756540448815506	0.9762383002921983	0.9756268367410207	0.975803068806781	0.9687978468227089	0.971424410616116	0.9790732707119288	0.9763981317717844	1.0	0.9668063858777779	0.9798975244444271	0.9779470808664679	0.9789634004171184	0.977997300587653	0.9740771887807653	0.975622333131302	0.9774275435849392	0.9699279759090442	0.9771970034852357	0.9783417327320645	0.969963306582224	0.9685574779877123	0.9800572460341462	0.975543392185132	0.9626739916373485	0.9826463422102463	0.9724705745344747	0.9763184352058427	0.9739188224088335	0.9660073467564356	0.9799364065585239	0.9778496169427615	0.9730665903304142
0.9658035365898126	0.9673068734447817	0.9599430581027605	0.9639611457896414	0.9638128049485347	0.9671475688345098	0.9675768268269	0.967133140877131	0.9671621018965483	0.9565765648891206	0.9648219896808937	0.9720852925922114	0.9682007011076482	0.9668063858777779	1.0	0.9719449278508157	0.9691156322021299	0.9677723582722414	0.9716044112254669	0.9640419353217187	0.9698934363429632	0.9692658538468379	0.957493053792172	0.9721807986130424	0.9700681097178124	0.9763981317717844	0.9610837802984403	0.9717142581834894	0.9681820946282061	0.9783482019763649	0.9685535956398822	0.9648777965063141	0.9688994061556155	0.9742664811784898	0.9528129844873559	0.9678703563794195	0.9882213608255851	0.9672321052508498
0.977496261824812	0.9788191569489153	0.9721541203973738	0.9772033080244688	0.9762216843074621	0.9786599737642896	0.9794271159220583	0.978956163767345	0.9787968490322578	0.9690268059911361	0.9742080907290569	0.9826384121042852	0.9795730147322557	0.9798975244444271	0.9719449278508157	1.0	0.9809906955848289	0.9810572570447131	0.9830659531409067	0.9757053888987476	0.9784584844851927	0.9804275208372826	0.9702149485282229	0.9804625989844615	0.9808532997528451	0.9743780263392855	0.9708327836967189	0.9810471488911849	0.9781557414504297	0.9672790710530991	0.9805579186605148	0.9750037119117213	0.9779313098760681	0.9774206792144756	0.9663714546776502	0.9823416250833376	0.9824246738748776	0.9772878495639983
0.9758817361469598	0.9779335820635399	0.9709930036979539	0.9746348287759613	0.9755830904492223	0.9776632735718912	0.9783116917595678	0.9779335306622793	0.9779254531177887	0.9694396540798476	0.9727225814270374	0.9780931733252128	0.978605439621964	0.9779470808664679	0.9691156322021299	0.9809906955848289	1.0	0.9788312760121572	0.9788799589386104	0.9759850033238368	0.978026511636881	0.9788751794817365	0.9693086510335127	0.9791359582626601	0.9794901310227441	0.9714022148647007	0.9689440785406763	0.9792622444568067	0.9758761084488664	0.9661909105350581	0.9796119012257206	0.9730136282679611	0.9739085715544277	0.9755231803749272	0.963938287572922	0.9801186919363238	0.9796870743957179	0.9753941711748904
0.9755519907407763	0.9775039146477265	0.972563483303245	0.9745374919561083	0.9752248256577195	0.978172852260896	0.9788171103973008	0.9784188571260733	0.9785389835631343	0.969332505010798	0.9730786726027271	0.9789543667784647	0.9788354091903807	0.9789634004171184	0.9677723582722414	0.9810572570447131	0.9788312760121572	1.0	0.9805199253969135	0.9760200766148553	0.9776453844695381	0.9790047833193511	0.9694264286514747	0.9793571021518356	0.9781133478616592	0.9710259618462074	0.9704494027940691	0.9784723309725133	0.9767305189667882	0.9655445580856712	0.9787728371485418	0.9724026509902105	0.9762877598361847	0.9750829983069238	0.9653433798501652	0.9805403272197875	0.9800810984412318	0.9763409968962898
0.9761177276701973	0.9783059626396632	0.9718018231204396	0.9766587723110036	0.9764445512434798	0.9775226518402633	0.978108131188729	0.9777971857993129	0.9780099599490525	0.9705789125748923	0.9745988222764475	0.9809701390029114	0.9790323249275443	0.977997300587653	0.9716044112254669	0.9830659531409067	0.9788799589386104	0.9805199253969135	1.0	0.974865849330499	0.977798254824328	0.979450289887228	0.9701117524138247	0.9818740718845929	0.9791749460513259	0.9756718302970852	0.9693695455586969	0.979805079734723	0.9799856533904787	0.9679834170891607	0.9792979460262794	0.9738079853448655	0.9787161954223482	0.9798309950806555	0.9660681446774481	0.9809283081058751	0.980765296517076	0.9758461827372894
0.9721046660223908	0.9782223082718691	0.9706681628959116	0.9714970769404422	0.9735790676798226	0.9771856339131808	0.9783141211485124	0.977861354642171	0.9775524119836991	0.967865253461939	0.9684856660312344	0.9736167451998085	0.9781244324256427	0.9740771887807653	0.9640419353217187	0.9757053888987476	0.9759850033238368	0.9760200766148553	0.974865849330499	1.0	0.9770632159362983	0.9792478556942115	0.9703497119543436	0.9738051138762019	0.9745952965863521	0.9666675639583537	0.9654468832791713	0.9745227166554619	0.9715086889909519	0.9655317970668684	0.9745984460091105	0.9733664961633675	0.973430866745407	0.9717202317465047	0.9652140915891988	0.975762989579178	0.9752150041898608	0.9718624940709104
0.9758302166792835	0.9800820345252131	0.9744865564379914	0.9738961204419775	0.975436181839836	0.9814522347398537	0.9816914690101156	0.9813766480453756	0.9808531003454765	0.9714280064483338	0.9719799075758432	0.9764048025589533	0.9958225977151243	0.975622333131302	0.9698934363429632	0.9784584844851927	0.978026511636881	0.9776453844695381	0.977798254824328	0.9770632159362983	1.0	0.9969855646621113	0.9864585528460961	0.9768594105003826	0.9769042230219261	0.9719429653604759	0.9672840641750251	0.9780812423168785	0.9757809718160917	0.9701951423612485	0.9790333613969847	0.971278496629083	0.9737997995230195	0.9758831161433185	0.9673482740719515	0.9781868329397284	0.977691277344847	0.9739424520110371
0.9763526817844184	0.9815054992007279	0.9756308366258393	0.975133327506874	0.9772920436414521	0.9826015753781694	0.9832742668304807	0.9830083552486285	0.9822135180268797	0.9722271286759389	0.9724332647361057	0.9776987359616467	0.9978648030097232	0.9774275435849392	0.9692658538468379	0.9804275208372826	0.9788751794817365	0.9790047833193511	0.979450289887228	0.9792478556942115	0.9969855646621113	1.0	0.9873310629922942	0.9783740440899961	0.9783989837827991	0.971249414273889	0.969247405642058	0.9783422535373516	0.9764217023304286	0.9696903156883697	0.9796057721150053	0.9719494791459079	0.9752930509419078	0.9749976090656621	0.9692259714464548	0.9794370240415204	0.9793964914724299	0.9756283896769118
0.9676759165853847	0.9722344027875137	0.9678467915444067	0.9668092689689612	0.9678729867525043	0.9715055578240688	0.9719589697395188	0.9715607918238411	0.9719296656811957	0.9648833801242716	0.965597786312274	0.9687718734121795	0.9865137666994825	0.9699279759090442	0.957493053792172	0.9702149485282229	0.9693086510335127	0.9694264286514747	0.9701117524138247	0.9703497119543436	0.9864585528460961	0.9873310629922942	1.0	0.9673479408442203	0.9692042015205125	0.9597332412756495	0.9613376594810393	0.968486030696919	0.9667372355109869	0.9568005614842409	0.9715692779982408	0.9639250855243134	0.9674488046446239	0.965513423998203	0.9633350897508894	0.9703002946875112	0.9692696900166876	0.9662901858702262
0.9753435035973259	0.9773166560433971	0.9709294993419229	0.9758306088088923	0.974085188410449	0.9770023750659323	0.9774443370704268	0.9770560378185197	0.9769861182876461	0.9689405479861005	0.9736556463409467	0.9790392584778439	0.9779076372137471	0.9771970034852357	0.9721807986130424	0.9804625989844615	0.9791359582626601	0.9793571021518356	0.9818740718845929	0.9738051138762019	0.9768594105003826	0.9783740440899961	0.9673479408442203	1.0	0.9798271829644178	0.9822046240179276	0.969638580376218	0.9792917637402744	0.9790885440257644	0.968355322768126	0.9785122100261894	0.9723806920897158	0.9798600349275586	0.9866630509483566	0.966112068852425	0.9794773783812698	0.9793647872818647	0.9758831305174097
0.9748302401229982	0.9759694015218765	0.9706595682129832	0.9740834350752582	0.9728443594671967	0.9760679640078165	0.9765973324778702	0.9762627792624439	0.9761756691021916	0.968658480121655	0.9715741009718617	0.980156890984232	0.977635775965254	0.9783417327320645	0.9700681097178124	0.9808532997528451	0.9794901310227441	0.9781133478616592	0.9791749460513259	0.9745952965863521	0.9769042230219261	0.9783989837827991	0.9692042015205125	0.9798271829644178	1.0	0.9725494934322628	0.9681003464003054	0.9798853971310956	0.9768917210184795	0.9640046434691697	0.9786044720116802	0.9730699179977682	0.9772434686645711	0.9759399318339879	0.962956932373313	0.9805140620525273	0.98069028485959	0.9738785911217372
0.9709797574889957	0.9702181068512393	0.9624585474754719	0.9678546100078256	0.968928075517425	0.9701252180822296	0.9703537427776782	0.9699076246495334	0.9693963761412584	0.9613356672612448	0.9670456570441154	0.9745255406100285	0.970329681365865	0.969963306582224	0.9763981317717844	0.9743780263392855	0.9714022148647007	0.9710259618462074	0.9756718302970852	0.9666675639583537	0.9719429653604759	0.971249414273889	0.9597332412756495	0.9822046240179276	0.9725494934322628	1.0	0.9620468990393994	0.9733251277464081	0.9725798313582945	0.972569576944883	0.9721754707815152	0.9677341621313565	0.9734161273269469	0.9827800460717807	0.9575276288068879	0.9732574796855105	0.9726605510701274	0.9678306839484409
0.96572314799213	0.9681143210095902	0.9625084298882582	0.9678553912534027	0.9669559986682538	0.9680828595467572	0.969239201206435	0.9686841807853713	0.9688098413062667	0.9601701331643651	0.9630069786140596	0.9690730442623723	0.9689347416122317	0.9685574779877123	0.9610837802984403	0.9708327836967189	0.9689440785406763	0.9704494027940691	0.9693695455586969	0.9654468832791713	0.9672840641750251	0.969247405642058	0.9613376594810393	0.969638580376218	0.9681003464003054	0.9620468990393994	1.0	0.9683245565219419	0.9656245012404898	0.9587436502524895	0.9689250719155216	0.9633465188477107	0.9665997086749766	0.9652065244346948	0.9573157240043931	0.9723499983361037	0.9705552657730003	0.9916809969574045
0.9763466071534805	0.9766617278334588	0.9704155621775808	0.9758435328822043	0.9748096416841164	0.9763782869356271	0.977058714618375	0.97662475057497	0.9765415647149088	0.9690078044343511	0.9743267146466105	0.9809418964783547	0.977518518112541	0.9800572460341462	0.9717142581834894	0.9810471488911849	0.9792622444568067	0.9784723309725133	0.979805079734723	0.9745227166554619	0.9780812423168785	0.9783422535373516	0.968486030696919	0.9792917637402744	0.9798853971310956	0.9733251277464081	0.9683245565219419	1.0	0.9776477648767473	0.9664015517011362	0.9797505386565301	0.974798225215488	0.9764200390506902	0.9766255867914481	0.9643455270961607	0.9810060029731346	0.9813567059748635	0.9740067597982652
0.9737854567936941	0.9746643111868659	0.9694243414107069	0.9736146250828983	0.9726330233476524	0.974987419698538	0.975695692783622	0.9752446820768139	0.9749923269327779	0.9665251802248922	0.9704169840735519	0.9776622865463988	0.9756668113459658	0.975543392185132	0.9681820946282061	0.9781557414504297	0.9758761084488664	0.9767305189667882	0.9799856533904787	0.9715086889909519	0.9757809718160917	0.9764217023304286	0.9667372355109869	0.9790885440257644	0.9768917210184795	0.9725798313582945	0.9656245012404898	0.9776477648767473	1.0	0.9627602260257342	0.9755165429680768	0.9699290606925095	0.9763895028516603	0.9771121777058626	0.9663217963452877	0.9786166843391083	0.9778207940507522	0.971799315842033
0.9656948322367065	0.9679450287501179	0.9606061259272396	0.9595264907629962	0.9644966978692893	0.9679727260015257	0.9682718402422897	0.9677761308080555	0.9677606455052985	0.9567903242187134	0.9612772253246998	0.965417171485454	0.9685245504991326	0.9626739916373485	0.9783482019763649	0.9672790710530991	0.9661909105350581	0.9655445580856712	0.9679834170891607	0.9655317970668684	0.9701951423612485	0.9696903156883697	0.9568005614842409	0.968355322768126	0.9640046434691697	0.972569576944883	0.9587436502524895	0.9664015517011362	0.9627602260257342	1.0	0.9660290520977666	0.9613380589370086	0.9633136307433733	0.9698859815852295	0.9545186900784423	0.9647295116797936	0.9672249261913947	0.9640080567646508
0.981200594405159	0.9770246232432954	0.9709803471003928	0.9748553278794614	0.9739112603852682	0.9774025952405634	0.9778690463890978	0.977420731777949	0.9774380641039012	0.9693531830191305	0.972578734567242	0.9783920509351105	0.9787696824445765	0.9826463422102463	0.9685535956398822	0.9805579186605148	0.9796119012257206	0.9787728371485418	0.9792979460262794	0.9745984460091105	0.9790333613969847	0.9796057721150053	0.9715692779982408	0.9785122100261894	0.9786044720116802	0.9721754707815152	0.9689250719155216	0.9797505386565301	0.9755165429680768	0.9660290520977666	1.0	0.9742733332113901	0.9771938831055111	0.9754908341074853	0.9669470229212442	0.9814584056404083	0.9786266807539009	0.9735678182501567
0.9704658624356856	0.9717640997072554	0.9628080712048726	0.9694306626431081	0.9676707980417422	0.9697823730901372	0.9706071483353008	0.9700973526278084	0.9697230823329916	0.9616628776925087	0.9673342036134022	0.9743573931099282	0.9714236079866818	0.9724705745344747	0.9648777965063141	0.9750037119117213	0.9730136282679611	0.9724026509902105	0.9738079853448655	0.9733664961633675	0.971278496629083	0.9719494791459079	0.9639250855243134	0.9723806920897158	0.9730699179977682	0.9677341621313565	0.9633465188477107	0.974798225215488	0.9699290606925095	0.9613380589370086	0.9742733332113901	1.0	0.9717754711410197	0.9694393662766918	0.9586105062699152	0.9743916616185407	0.9746674879185535	0.9695595090622188
0.9752111152002321	0.9748782432287759	0.9700742281019379	0.9733053205358847	0.9710188917914796	0.9734168285010933	0.9741801444251308	0.9736167302937815	0.9734682045523801	0.9649078298700188	0.970122399840804	0.9782784855884181	0.9742734720176169	0.9763184352058427	0.9688994061556155	0.9779313098760681	0.9739085715544277	0.9762877598361847	0.9787161954223482	0.973430866745407	0.9737997995230195	0.9752930509419078	0.9674488046446239	0.9798600349275586	0.9772434686645711	0.9734161273269469	0.9665997086749766	0.9764200390506902	0.9763895028516603	0.9633136307433733	0.9771938831055111	0.9717754711410197	1.0	0.9787016674304652	0.9640151794997359	0.9774791592623072	0.9772886803282884	0.970641337042646
0.972218150141487	0.9739055900305424	0.9659827801261902	0.971460793266228	0.9708136456952112	0.9729557903247682	0.9732857906615525	0.9728176620830293	0.9728928543631122	0.9651367087530377	0.9704798961838215	0.9769424640983361	0.9743747475521864	0.9739188224088335	0.9742664811784898	0.9774206792144756	0.9755231803749272	0.9750829983069238	0.9798309950806555	0.9717202317465047	0.9758831161433185	0.9749976090656621	0.965513423998203	0.9866630509483566	0.9759399318339879	0.9827800460717807	0.9652065244346948	0.9766255867914481	0.9771121777058626	0.9698859815852295	0.9754908341074853	0.9694393662766918	0.9787016674304652	1.0	0.9609746367849257	0.9762769656100982	0.976594564013394	0.9709581459499016
0.9637076714927647	0.9672608438459135	0.9603680846437035	0.9627208498748059	0.9627594583484319	0.9672319749748637	0.9677415040051198	0.9672776695426412	0.9674885378367597	0.9613470578992775	0.9603939552363546	0.9657049357344551	0.9686124552121659	0.9660073467564356	0.9528129844873559	0.9663714546776502	0.963938287572922	0.9653433798501652	0.9660681446774481	0.9652140915891988	0.9673482740719515	0.9692259714464548	0.9633350897508894	0.966112068852425	0.962956932373313	0.9575276288068879	0.9573157240043931	0.9643455270961607	0.9663217963452877	0.9545186900784423	0.9669470229212442	0.9586105062699152	0.9640151794997359	0.9609746367849257	1.0	0.9660972631284591	0.9643877820186176	0.9617445568304316
0.9779184986059342	0.9775313313668115	0.9710053411256032	0.97616059914686	0.9759058282775549	0.9775511163439563	0.9783160848369463	0.9777882979376572	0.9775508125894803	0.9704907083623509	0.9746485308925883	0.9806272328625867	0.9789464699499995	0.9799364065585239	0.9678703563794195	0.9823416250833376	0.9801186919363238	0.9805403272197875	0.9809283081058751	0.975762989579178	0.9781868329397284	0.9794370240415204	0.9703002946875112	0.9794773783812698	0.9805140620525273	0.9732574796855105	0.9723499983361037	0.9810060029731346	0.9786166843391083	0.9647295116797936	0.9814584056404083	0.9743916616185407	0.9774791592623072	0.9762769656100982	0.9660972631284591	1.0	0.9806465164594057	0.9769240926072918
0.9759951892686964	0.9770425613272478	0.9714272071698198	0.9758406949698814	0.9747210977535519	0.9774654432353985	0.97843450638698	0.977735701620561	0.9776855776378417	0.9691524760970909	0.9735122744559995	0.9823824052123948	0.9789128347863555	0.9778496169427615	0.9882213608255851	0.9824246738748776	0.9796870743957179	0.9800810984412318	0.980765296517076	0.9752150041898608	0.977691277344847	0.9793964914724299	0.9692696900166876	0.9793647872818647	0.98069028485959	0.9726605510701274	0.9705552657730003	0.9813567059748635	0.9778207940507522	0.9672249261913947	0.9786266807539009	0.9746674879185535	0.9772886803282884	0.976594564013394	0.9643877820186176	0.9806465164594057	1.0	0.9763905945723623
0.9717306612864929	0.9746843506782638	0.9665180149076106	0.9731795885749414	0.9723598495888205	0.9742460966627323	0.9750391395461333	0.974609826857559	0.9745534995923111	0.9659847633323906	0.9686483941548996	0.9748712882952595	0.9750265727070864	0.9730665903304142	0.9672321052508498	0.9772878495639983	0.9753941711748904	0.9763409968962898	0.9758461827372894	0.9718624940709104	0.9739424520110371	0.9756283896769118	0.9662901858702262	0.9758831305174097	0.9738785911217372	0.9678306839484409	0.9916809969574045	0.9740067597982652	0.971799315842033	0.9640080567646508	0.9735678182501567	0.9695595090622188	0.970641337042646	0.9709581459499016	0.9617445568304316	0.9769240926072918	0.9763905945723623	1.0
