/home/jshaw/scratch/2022_sketched_distance/references/SGB_genome_fastas_part2/2036/HMP_2012__SRS011126__bin.17.fa	/home/jshaw/scratch/2022_sketched_distance/references/SGB_genome_fastas_part2/2036/HMP_2012__SRS011255__bin.52.fa	/home/jshaw/scratch/2022_sketched_distance/references/SGB_genome_fastas_part2/2036/HMP_2012__SRS011343__bin.4.fa	/home/jshaw/scratch/2022_sketched_distance/references/SGB_genome_fastas_part2/2036/HMP_2012__SRS012285__bin.18.fa	/home/jshaw/scratch/2022_sketched_distance/references/SGB_genome_fastas_part2/2036/HMP_2012__SRS013170__bin.26.fa	/home/jshaw/scratch/2022_sketched_distance/references/SGB_genome_fastas_part2/2036/HMP_2012__SRS013949__bin.36.fa	/home/jshaw/scratch/2022_sketched_distance/references/SGB_genome_fastas_part2/2036/HMP_2012__SRS014578__bin.23.fa	/home/jshaw/scratch/2022_sketched_distance/references/SGB_genome_fastas_part2/2036/HMP_2012__SRS014690__bin.45.fa	/home/jshaw/scratch/2022_sketched_distance/references/SGB_genome_fastas_part2/2036/HMP_2012__SRS014691__bin.4.fa	/home/jshaw/scratch/2022_sketched_distance/references/SGB_genome_fastas_part2/2036/HMP_2012__SRS015044__bin.36.fa	/home/jshaw/scratch/2022_sketched_distance/references/SGB_genome_fastas_part2/2036/HMP_2012__SRS015574__bin.2.fa	/home/jshaw/scratch/2022_sketched_distance/references/SGB_genome_fastas_part2/2036/HMP_2012__SRS015803__bin.9.fa	/home/jshaw/scratch/2022_sketched_distance/references/SGB_genome_fastas_part2/2036/HMP_2012__SRS015899__bin.12.fa	/home/jshaw/scratch/2022_sketched_distance/references/SGB_genome_fastas_part2/2036/HMP_2012__SRS015989__bin.4.fa	/home/jshaw/scratch/2022_sketched_distance/references/SGB_genome_fastas_part2/2036/HMP_2012__SRS016043__bin.36.fa	/home/jshaw/scratch/2022_sketched_distance/references/SGB_genome_fastas_part2/2036/HMP_2012__SRS016746__bin.27.fa	/home/jshaw/scratch/2022_sketched_distance/references/SGB_genome_fastas_part2/2036/HMP_2012__SRS017227__bin.77.fa	/home/jshaw/scratch/2022_sketched_distance/references/SGB_genome_fastas_part2/2036/HMP_2012__SRS017445__bin.35.fa	/home/jshaw/scratch/2022_sketched_distance/references/SGB_genome_fastas_part2/2036/HMP_2012__SRS017511__bin.29.fa	/home/jshaw/scratch/2022_sketched_distance/references/SGB_genome_fastas_part2/2036/HMP_2012__SRS018157__bin.38.fa	/home/jshaw/scratch/2022_sketched_distance/references/SGB_genome_fastas_part2/2036/HMP_2012__SRS018573__bin.17.fa	/home/jshaw/scratch/2022_sketched_distance/references/SGB_genome_fastas_part2/2036/HMP_2012__SRS018665__bin.22.fa	/home/jshaw/scratch/2022_sketched_distance/references/SGB_genome_fastas_part2/2036/HMP_2012__SRS018975__bin.44.fa	/home/jshaw/scratch/2022_sketched_distance/references/SGB_genome_fastas_part2/2036/HMP_2012__SRS019129__bin.15.fa	/home/jshaw/scratch/2022_sketched_distance/references/SGB_genome_fastas_part2/2036/HMP_2012__SRS020226__bin.29.fa	/home/jshaw/scratch/2022_sketched_distance/references/SGB_genome_fastas_part2/2036/HMP_2012__SRS021477__bin.5.fa	/home/jshaw/scratch/2022_sketched_distance/references/SGB_genome_fastas_part2/2036/HMP_2012__SRS022602__bin.26.fa	/home/jshaw/scratch/2022_sketched_distance/references/SGB_genome_fastas_part2/2036/HMP_2012__SRS022725__bin.69.fa	/home/jshaw/scratch/2022_sketched_distance/references/SGB_genome_fastas_part2/2036/HMP_2012__SRS023964__bin.27.fa	/home/jshaw/scratch/2022_sketched_distance/references/SGB_genome_fastas_part2/2036/HMP_2012__SRS024289__bin.20.fa	/home/jshaw/scratch/2022_sketched_distance/references/SGB_genome_fastas_part2/2036/HMP_2012__SRS024381__bin.23.fa	/home/jshaw/scratch/2022_sketched_distance/references/SGB_genome_fastas_part2/2036/HMP_2012__SRS024561__bin.10.fa	/home/jshaw/scratch/2022_sketched_distance/references/SGB_genome_fastas_part2/2036/HMP_2012__SRS024649__bin.51.fa	/home/jshaw/scratch/2022_sketched_distance/references/SGB_genome_fastas_part2/2036/HMP_2012__SRS045197__bin.68.fa	/home/jshaw/scratch/2022_sketched_distance/references/SGB_genome_fastas_part2/2036/HMP_2012__SRS047113__bin.20.fa	/home/jshaw/scratch/2022_sketched_distance/references/SGB_genome_fastas_part2/2036/HMP_2012__SRS047634__bin.69.fa	/home/jshaw/scratch/2022_sketched_distance/references/SGB_genome_fastas_part2/2036/HMP_2012__SRS049318__bin.21.fa	/home/jshaw/scratch/2022_sketched_distance/references/SGB_genome_fastas_part2/2036/HMP_2012__SRS054430__bin.1.fa	/home/jshaw/scratch/2022_sketched_distance/references/SGB_genome_fastas_part2/2036/HMP_2012__SRS055378__bin.12.fa	/home/jshaw/scratch/2022_sketched_distance/references/SGB_genome_fastas_part2/2036/HMP_2012__SRS055450__bin.3.fa	/home/jshaw/scratch/2022_sketched_distance/references/SGB_genome_fastas_part2/2036/HMP_2012__SRS063603__bin.83.fa	/home/jshaw/scratch/2022_sketched_distance/references/SGB_genome_fastas_part2/2036/HMP_2012__SRS063999__bin.42.fa	/home/jshaw/scratch/2022_sketched_distance/references/SGB_genome_fastas_part2/2036/HMP_2012__SRS064449__bin.5.fa	/home/jshaw/scratch/2022_sketched_distance/references/SGB_genome_fastas_part2/2036/HMP_2012__SRS065310__bin.4.fa	/home/jshaw/scratch/2022_sketched_distance/references/SGB_genome_fastas_part2/2036/HMP_2012__SRS075410__bin.10.fa
1.0	0.9743392725243933	0.9743789330202485	0.9734542556201704	0.9751621418583517	0.972473532918829	0.9702761344240014	0.9723762191981036	0.974335562409383	0.9744209812377405	0.9755467804717884	0.9727474862377704	0.9732497047282721	0.9750070029940153	0.9741801444251308	0.9712279704546831	0.9742950132039491	0.9722839367969524	0.9701964945402285	0.9732497047282721	0.9731077716972605	0.9736575251233822	0.9731263522624254	0.975470215918069	0.9748120321648783	0.9996341178817428	0.9735569206649293	0.9721647311169728	0.9729950760003812	0.9760777441426219	0.9753934706524247	0.9736079840688635	0.9729422929767599	0.9694942013165807	0.9734936333861955	0.9725629826907832	0.9749592224343187	0.9729964097421592	0.9759377807811959	0.9744185451456996	0.972142350976892	0.9719859854186595	0.974537092495414	0.9712788715664677	0.9730741384618592
0.9743392725243933	1.0	0.9742226520084418	0.9745000161549321	0.9738767297170438	0.9748685247250984	0.9706366571571258	0.9748337169534353	0.9771961234935315	0.9740185884901442	0.9750157581816233	0.9742885301901315	0.973152413630529	0.9749410528821475	0.9834499706994317	0.9729919998130807	0.9800420575612825	0.9733478066117466	0.971459094438941	0.9735970768065496	0.9739748237123163	0.9747911250981313	0.9733511955287862	0.9748661754570901	0.9750530465353126	0.9757899703452985	0.9727313462434619	0.9727763247982376	0.9735411027021778	0.9761162153118625	0.9761162153118625	0.9797738070762744	0.9745131485341457	0.969784717572295	0.9798074579148259	0.9735237168098754	0.9750849480858899	0.9732036073441924	0.9773605503097429	0.9746782235262907	0.9734346623467495	0.9724877957984658	0.9740693635839772	0.9744776581411538	0.9741937337810752
0.9743789330202485	0.9742226520084418	1.0	0.976211196096571	0.9740671784177346	0.9921485325578616	0.9743048909714753	0.9745216427763784	0.9774386352040764	0.974897363348906	0.9769026471340684	0.9727938716110566	0.9721781683130424	0.9719562861805487	0.9723507541558406	0.972668475089185	0.9754923066236676	0.9732167158078227	0.971628960057125	0.974118329263301	0.9730099865836765	0.9740431164524025	0.9722831459843588	0.9769121185660432	0.9710303545851514	0.9730872704795297	0.9749427222863226	0.9707432111228609	0.9752664830571685	0.9973072861941068	0.9712339085361521	0.9749381690891336	0.9776766545535236	0.9713375192624363	0.9740766072772089	0.9741352972038735	0.9738052445716003	0.9750502154742599	0.9775239205955387	0.9719165739674338	0.9737946310291744	0.9752087409441142	0.9714756724724594	0.9764475230857735	0.9736594883023213
0.9734542556201704	0.9745000161549321	0.976211196096571	1.0	0.973960817859843	0.9761563033602202	0.9696661854557665	0.9742856038089134	0.9742690457568911	0.9743809655869374	0.9956842720470486	0.9734363959943068	0.9732721618166295	0.9742700265331695	0.9734125128510848	0.9717896161761138	0.9728563344364255	0.9728202344225854	0.9697992871166398	0.9721505986102363	0.9746335429203571	0.9738051021542321	0.9734319146672383	0.9831391562083576	0.973960817859843	0.9751054788821234	0.9713834301993772	0.9716680336128526	0.972388735253552	0.9781797908130996	0.9748419760164229	0.9747107109579107	0.9947355376000205	0.9707346750852447	0.9714389196406706	0.9719639375900956	0.9736307426906944	0.9799332304445046	0.9768238663086283	0.9729751063705351	0.9722833026929706	0.9718339143017461	0.9736878232021443	0.9840819419677125	0.9735765106259917
0.9751621418583517	0.9738767297170438	0.9740671784177346	0.973960817859843	1.0	0.9738988315045104	0.9720970523381774	0.9730789598375083	0.9751233167664567	0.9963311255577365	0.9741425327398446	0.9732997795183564	0.9732322948485198	0.9733810004538179	0.9728370900766469	0.9720668286194815	0.9736315581283883	0.973802498207688	0.9712026134447421	0.9737985502797406	0.9742116173106594	0.9730323924588844	0.9733107605283745	0.9735347430706716	0.9726011638809753	0.9751795394820908	0.9729506480969011	0.9720840227287153	0.9771260555141233	0.9748866136893717	0.9728762447581306	0.9744816492064484	0.9739979304820371	0.9710606779649731	0.9727151283391168	0.9740138993921038	0.976436766767426	0.9728296933240489	0.97828893827187	0.9734579628169133	0.9752814839172574	0.9735169755680888	0.9726928065789244	0.972962049328001	0.9743157827608984
0.972473532918829	0.9748685247250984	0.9921485325578616	0.9761563033602202	0.9738988315045104	1.0	0.9719826138038119	0.973816701348867	0.9746002751214952	0.9728145755628436	0.9770990462381727	0.9722799453995605	0.9725591305014044	0.9741032524490071	0.9743872968188709	0.9705408748672614	0.9729053324989717	0.9727536803691755	0.9688016818662356	0.9721288640166944	0.9709896536282312	0.9747888134375955	0.9723447112340774	0.978694768492691	0.9736104621612741	0.9743872968188709	0.9709213643582092	0.9722585447825619	0.9728445504838145	0.9939101732208864	0.9738577924008125	0.9734303935218148	0.974041178920566	0.9684563154033928	0.972529202411529	0.9716048873024401	0.9727438719386808	0.9735275981222605	0.9746730472813784	0.9735690565899959	0.970796352602624	0.9724877957984658	0.972729650624503	0.9744353226730296	0.9724350292208829
0.9702761344240014	0.9706366571571258	0.9743048909714753	0.9696661854557665	0.9720970523381774	0.9719826138038119	1.0	0.9720398835942753	0.967642817891568	0.9712873602453103	0.970874792910441	0.9687924430972205	0.9700943548338249	0.9728870040127361	0.9709340540397995	0.9671042410352075	0.9692322679169384	0.9647006594585921	0.9708154230649472	0.9714042773065288	0.9655333806249715	0.9724379629519329	0.9695428023992066	0.9728870040127361	0.971228743006731	0.9718101945049389	0.9708154230649472	0.971052251763956	0.9813756454912028	0.9739831407179774	0.9709340540397995	0.9654612412706328	0.9700943548338249	0.9680889533241201	0.9692322679169384	0.971228743006731	0.9702156546860459	0.9699725982505247	0.9708154230649472	0.9722679558993305	0.967567517154767	0.993901867635331	0.9717525168701612	0.9669706444448569	0.9706963555980438
0.9723762191981036	0.9748337169534353	0.9745216427763784	0.9742856038089134	0.9730789598375083	0.973816701348867	0.9720398835942753	1.0	0.9995707959665926	0.9722290827467859	0.9754490162205338	0.972654515942719	0.9733645495255698	0.9753727377177636	0.9736878890234163	0.9739436540184886	0.9735356621061512	0.9716698000282835	0.968838129435504	0.971853393514359	0.973544193405303	0.9960724566596062	0.9730789598375083	0.973968192543931	0.9751812547884514	0.9745999428041826	0.971566425760598	0.9729146296542532	0.9735411027021778	0.9760154724113496	0.9763506713018048	0.9739602762580312	0.9749363411029158	0.9698809789730525	0.9727151283391168	0.971834117191426	0.97349924777823	0.9713331433951315	0.9760658511794995	0.9728321512557246	0.9726098256499895	0.9730798911570321	0.9744824218736917	0.9748980058789637	0.9730319208261702
0.974335562409383	0.9771961234935315	0.9774386352040764	0.9742690457568911	0.9751233167664567	0.9746002751214952	0.967642817891568	0.9995707959665926	1.0	0.9747974036539768	0.9757655012505789	0.9719223144352309	0.9748628482833921	0.9757655012505789	0.9747974036539768	0.9693922184090299	0.9722782555254059	0.9616418914487799	0.971344546684196	0.9731858156872754	0.971344546684196	0.9965699184485226	0.9749933434638535	0.974731826946504	0.9758924302680818	0.97582902767194	0.973867058829085	0.9742690457568911	0.9706075290052641	0.9773176050116307	0.9768289364331527	0.967642817891568	0.9746661176178448	0.9731168980322834	0.9720651604072866	0.9732545872373044	0.9731168980322834	0.9727002881843776	0.9753173074303529	0.974335562409383	0.973867058829085	0.9706075290052641	0.9762702727400345	0.9735282248956113	0.9733916945321311
0.9744209812377405	0.9740185884901442	0.974897363348906	0.9743809655869374	0.9963311255577365	0.9728145755628436	0.9712873602453103	0.9722290827467859	0.9747974036539768	1.0	0.9744609476506183	0.9719009950873806	0.972399776945098	0.9744209812377405	0.9740185884901442	0.9710575592318468	0.9724616613548706	0.9729529341473732	0.970515903562659	0.9734054903377628	0.9731565539294306	0.973281468412015	0.9721004694946545	0.9740994669361903	0.9733642023486874	0.975982498501665	0.9716120135325989	0.9718849730877301	0.9751729950203563	0.9755605037654449	0.9732400221909355	0.9733709800279405	0.9729869705015384	0.9701203859897475	0.9709531904636818	0.972942318480636	0.9744513981076136	0.9715808493455166	0.9767822142530085	0.9738968917921754	0.9754520179038322	0.9715276134228296	0.973281468412015	0.9713255317822098	0.9730741384618592
0.9755467804717884	0.9750157581816233	0.9769026471340684	0.9956842720470486	0.9741425327398446	0.9770990462381727	0.970874792910441	0.9754490162205338	0.9757655012505789	0.9744609476506183	1.0	0.9744210565975989	0.974484357165698	0.9739793646528222	0.9739415798259641	0.9736820928211708	0.9732946748208952	0.9730190809482364	0.9700226103333186	0.9738386953381846	0.9759122261916837	0.973599522511919	0.9745803309895824	0.9837296798272793	0.9734463321333564	0.9764508201881602	0.9721988891878561	0.9717521491673389	0.9732444097915764	0.9791368436518064	0.9745409235905795	0.975666603687356	0.9941788335948634	0.9709213643582092	0.9723422039826141	0.9731094982763987	0.9744940213053764	0.9818574344626321	0.9776052995884256	0.9730212905342441	0.9726098256499895	0.9729819563060133	0.9737889979906625	0.9854707146311843	0.9748394256474711
0.9727474862377704	0.9742885301901315	0.9727938716110566	0.9734363959943068	0.9732997795183564	0.9722799453995605	0.9687924430972205	0.972654515942719	0.9719223144352309	0.9719009950873806	0.9744210565975989	1.0	0.9752050590554188	0.9743769411857743	0.9742885301901315	0.9686338765722059	0.9699333472085152	0.970405439566352	0.9717098447278627	0.972607930632386	0.9700913104110553	0.9740218437747484	0.9747718395367371	0.975333906904561	0.9752050590554188	0.9752050590554188	0.9689079514784048	0.9741109828336265	0.9691176889182392	0.9752050590554188	0.9761800877071467	0.9707073625569229	0.9700378164581362	0.9682745876584563	0.9688032498513609	0.9720910242138254	0.97103179110316	0.9725145587082489	0.9728436191408383	0.9745969215248372	0.9694778216773247	0.9701657627781264	0.9751619960327577	0.9698860501400925	0.9740664438941289
0.9732497047282721	0.973152413630529	0.9721781683130424	0.9732721618166295	0.9732322948485198	0.9725591305014044	0.9700943548338249	0.9733645495255698	0.9748628482833921	0.972399776945098	0.974484357165698	0.9752050590554188	1.0	0.9750550476590346	0.9744075020182479	0.9722320247460906	0.9742010599023051	0.9733478066117466	0.9698440753424094	0.9724031941017935	0.9737362903321825	0.9736287771941947	0.9989966356839121	0.9748659289999687	0.975392712809951	0.9759844825295982	0.9716120135325989	0.9746757032548099	0.9721327073101903	0.9747138376036738	0.9763489454925981	0.9737846081023346	0.972627814841184	0.9690041269978984	0.9734030083342183	0.9720932398800524	0.9724730115600506	0.9714641628489039	0.9746730472813784	0.9749417085794495	0.9720952305012146	0.9715276134228296	0.9753553671928592	0.9739659533358342	0.974152948640391
0.9750070029940153	0.9749410528821475	0.9719562861805487	0.9742700265331695	0.9733810004538179	0.9741032524490071	0.9728870040127361	0.9753727377177636	0.9757655012505789	0.9744209812377405	0.9739793646528222	0.9743769411857743	0.9750550476590346	1.0	0.9752171581704501	0.9733654112294596	0.9736315581283883	0.9724188452795696	0.970770576971422	0.97459216960246	0.97481932064265	0.9738929688600945	0.9753873060729706	0.9753365210249542	0.9790023465834015	0.9758493654245981	0.9728192450354591	0.9741720063868384	0.9736394005511951	0.9740251718436053	0.9784874333361867	0.973072269442208	0.9732980018497552	0.9699290024019096	0.9731296043966016	0.9742562428437065	0.9752934161479014	0.9731622735685378	0.9771963566504035	0.9742086115090126	0.9732531694093601	0.9742797705506263	0.978376951418074	0.9746464504153322	0.9752365627176063
0.9741801444251308	0.9834499706994317	0.9723507541558406	0.9734125128510848	0.9728370900766469	0.9743872968188709	0.9709340540397995	0.9736878890234163	0.9747974036539768	0.9740185884901442	0.9739415798259641	0.9742885301901315	0.9744075020182479	0.9752171581704501	1.0	0.9728845164714919	0.9814654914112324	0.974250908488562	0.9703767500500831	0.9745529458613285	0.9745869320298142	0.9722729900060678	0.9745803309895824	0.9741305400488135	0.973406220625664	0.9743948410542773	0.9725548305407038	0.9730595989103418	0.9716666963783316	0.9745036715621059	0.9747202448315977	0.9818554597235216	0.9730761413418672	0.9706409249863076	0.9810866110763337	0.9743767397230381	0.974065251014526	0.9730794476748795	0.9761509522252937	0.9734360433559056	0.9730248659952626	0.9731287479169555	0.9745499266879187	0.9749814267985644	0.9750782897240903
0.9712279704546831	0.9729919998130807	0.972668475089185	0.9717896161761138	0.9720668286194815	0.9705408748672614	0.9671042410352075	0.9739436540184886	0.9693922184090299	0.9710575592318468	0.9736820928211708	0.9686338765722059	0.9722320247460906	0.9733654112294596	0.9728845164714919	1.0	0.9668026447291493	0.9647006594585921	0.970308561941885	0.9715661254089104	0.9644442874585705	0.9735241383287294	0.9720115755597487	0.9729383026697643	0.9729383026697643	0.9732591601281457	0.9717338878889337	0.9711144627083181	0.9690001170230826	0.9737345739465474	0.9734713155198512	0.9653089600146462	0.9712279704546831	0.9668026447291493	0.9681390025148034	0.9715100109128555	0.9704829528601344	0.9688784977776161	0.9716221428433999	0.9728306409174352	0.9683873878909585	0.9714537990126578	0.9733123291744441	0.9689393646455436	0.9719562281148284
0.9742950132039491	0.9800420575612825	0.9754923066236676	0.9728563344364255	0.9736315581283883	0.9729053324989717	0.9692322679169384	0.9735356621061512	0.9722782555254059	0.9724616613548706	0.9732946748208952	0.9699333472085152	0.9742010599023051	0.9736315581283883	0.9814654914112324	0.9668026447291493	1.0	0.9687144267227474	0.9715045885844698	0.9747144719513097	0.9659825818831596	0.9742950132039491	0.9741068339820973	0.9728563344364255	0.9742480705301766	0.9751742728003594	0.9732462618250995	0.972262508185815	0.969621602940173	0.9753563871835412	0.9749911323666114	0.992557266501374	0.9722125280946345	0.9687862089679744	0.9963012287677007	0.9746681319946583	0.971555672021396	0.970885216844581	0.9732462618250995	0.9741068339820973	0.9723124113174215	0.9701657627781264	0.9744354354905951	0.969717961170883	0.9741068339820973
0.9722839367969524	0.9733478066117466	0.9732167158078227	0.9728202344225854	0.973802498207688	0.9727536803691755	0.9647006594585921	0.9716698000282835	0.9616418914487799	0.9729529341473732	0.9730190809482364	0.970405439566352	0.9733478066117466	0.9724188452795696	0.974250908488562	0.9647006594585921	0.9687144267227474	1.0	0.9844855082733948	0.9711139500488033	0.9675618878347776	0.9716008383397391	0.9724860895377307	0.9732167158078227	0.9717386151975401	0.9738669372521114	0.9704769928668704	0.9709734834869191	0.9664477086915559	0.9743144645744234	0.9734131539200765	0.9623972199751518	0.9704769928668704	0.9693126938069269	0.9691641626217075	0.9708324046458782	0.9693867041257682	0.9699000842999285	0.9713235136153792	0.9728202344225854	0.9690896401594957	0.9670890901925451	0.9722839367969524	0.9699727632448498	0.9712538097105499
0.9701964945402285	0.971459094438941	0.971628960057125	0.9697992871166398	0.9712026134447421	0.9688016818662356	0.9708154230649472	0.968838129435504	0.971344546684196	0.970515903562659	0.9700226103333186	0.9717098447278627	0.9698440753424094	0.970770576971422	0.9703767500500831	0.970308561941885	0.9715045885844698	0.9844855082733948	1.0	0.9709450558113976	0.969167295071047	0.9692569307598694	0.9697203388423582	0.9699334660732675	0.9696195110570542	0.970770576971422	0.9711069829029638	0.9700226103333186	0.9715622216086862	0.971459094438941	0.970987316075632	0.9719735371888671	0.9711027300082873	0.9678479056647232	0.9714870941564533	0.9713095689397849	0.9713194050786832	0.9682595969149959	0.97440511886057	0.969888801603263	0.9702019089976869	0.9711665617957426	0.9702885780096479	0.9694045556246484	0.9703467253261908
0.9732497047282721	0.9735970768065496	0.974118329263301	0.9721505986102363	0.9737985502797406	0.9721288640166944	0.9714042773065288	0.971853393514359	0.9731858156872754	0.9734054903377628	0.9738386953381846	0.972607930632386	0.9724031941017935	0.97459216960246	0.9745529458613285	0.9715661254089104	0.9747144719513097	0.9711139500488033	0.9709450558113976	1.0	0.9728627538939227	0.97193858781556	0.9717679745739803	0.9733536458910197	0.972361231328783	0.9744349896657236	0.9723773484617988	0.9731083747329262	0.9731449061392213	0.9744743560098795	0.9732720947040123	0.9752763989433083	0.9733421924587158	0.9702156546860459	0.9742096659323278	0.9982625184199273	0.9730124884165633	0.9709368732934877	0.9752460890639367	0.9731083747329262	0.9807753381228008	0.9735651790324633	0.9726538363464322	0.9707611205234025	0.972219161954143
0.9731077716972605	0.9739748237123163	0.9730099865836765	0.9746335429203571	0.9742116173106594	0.9709896536282312	0.9655333806249715	0.973544193405303	0.971344546684196	0.9731565539294306	0.9759122261916837	0.9700913104110553	0.9737362903321825	0.97481932064265	0.9745869320298142	0.9644442874585705	0.9659825818831596	0.9675618878347776	0.969167295071047	0.9728627538939227	1.0	0.9740697484785357	0.9729609832504763	0.975370365477356	0.9744935091340609	0.9761798087246437	0.9695509765612375	0.9739748237123163	0.9662886258157062	0.97481932064265	0.9741171069933489	0.9662120250420023	0.9711974527210332	0.991585167703445	0.9669419252424823	0.9722670449782647	0.9703581284925065	0.9718129659927612	0.9716601809249849	0.9736403839945424	0.968667198092415	0.9656976467272891	0.9745402541663684	0.9705171691743764	0.9722169048487281
0.9736575251233822	0.9747911250981313	0.9740431164524025	0.9738051021542321	0.9730323924588844	0.9747888134375955	0.9724379629519329	0.9960724566596062	0.9965699184485226	0.973281468412015	0.973599522511919	0.9740218437747484	0.9736287771941947	0.9738929688600945	0.9722729900060678	0.9735241383287294	0.9742950132039491	0.9716008383397391	0.9692569307598694	0.97193858781556	0.9740697484785357	1.0	0.9741888967736391	0.9729771966619589	0.9744154756794182	0.9738553232054645	0.9727313462434619	0.9719550302104992	0.9745586784272476	0.9756148344268548	0.9753281188067674	0.9744816492064484	0.9747677249364873	0.9700726461849182	0.9732665943755385	0.9723076036934823	0.9750011850480278	0.9715077184586183	0.9763204895111484	0.9717948724940612	0.9734798773976276	0.9741853955322772	0.9741336241862621	0.9749397431059876	0.9743968946758954
0.9731263522624254	0.9733511955287862	0.9722831459843588	0.9734319146672383	0.9733107605283745	0.9723447112340774	0.9695428023992066	0.9730789598375083	0.9749933434638535	0.9721004694946545	0.9745803309895824	0.9747718395367371	0.9989966356839121	0.9753873060729706	0.9745803309895824	0.9720115755597487	0.9741068339820973	0.9724860895377307	0.9697203388423582	0.9717679745739803	0.9729609832504763	0.9741888967736391	1.0	0.9754252382275977	0.9753113087392374	0.9762487446876162	0.9707814484713572	0.9744243229330729	0.9719264184593303	0.9751587790106175	0.976026211566301	0.9731920839407109	0.9721273876850292	0.9687562732022763	0.9729920334300531	0.9719207218997612	0.9724730115600506	0.9710695030616194	0.9743153160145259	0.9746192162170136	0.9716680336128526	0.9710626602817674	0.9748515552801457	0.973576811653024	0.9739892938485716
0.975470215918069	0.9748661754570901	0.9769121185660432	0.9831391562083576	0.9735347430706716	0.978694768492691	0.9728870040127361	0.973968192543931	0.974731826946504	0.9740994669361903	0.9837296798272793	0.975333906904561	0.9748659289999687	0.9753365210249542	0.9741305400488135	0.9729383026697643	0.9728563344364255	0.9732167158078227	0.9699334660732675	0.9733536458910197	0.975370365477356	0.9729771966619589	0.9754252382275977	1.0	0.9739438457710047	0.9761163480550468	0.9733416930203316	0.9723317012871031	0.9738838505411076	0.9796008098506394	0.973491349429026	0.973072269442208	0.9825170492773636	0.9702631839978056	0.9722952853189822	0.9728163656512165	0.9741083836985719	0.9909795631933589	0.9776052995884256	0.9736806568135533	0.9732076370893683	0.9735651790324633	0.9738274709518094	0.9834131669827196	0.9745987926994
0.9748120321648783	0.9750530465353126	0.9710303545851514	0.973960817859843	0.9726011638809753	0.9736104621612741	0.971228743006731	0.9751812547884514	0.9758924302680818	0.9733642023486874	0.9734463321333564	0.9752050590554188	0.975392712809951	0.9790023465834015	0.973406220625664	0.9729383026697643	0.9742480705301766	0.9717386151975401	0.9696195110570542	0.972361231328783	0.9744935091340609	0.9744154756794182	0.9753113087392374	0.9739438457710047	1.0	0.9761170226608268	0.9728192450354591	0.9732550879007514	0.9720812580947815	0.9733307422641819	0.9931841843434754	0.9742509606774594	0.9732094396435174	0.9699769546040183	0.9728538764436491	0.9720932398800524	0.9746215563605382	0.9723667533458894	0.9774014697440054	0.9735941519568462	0.9735701189314954	0.9734687003936823	0.9977385384496005	0.9734896984251021	0.9748793584492287
0.9996341178817428	0.9757899703452985	0.9730872704795297	0.9751054788821234	0.9751795394820908	0.9743872968188709	0.9718101945049389	0.9745999428041826	0.97582902767194	0.975982498501665	0.9764508201881602	0.9752050590554188	0.9759844825295982	0.9758493654245981	0.9743948410542773	0.9732591601281457	0.9751742728003594	0.9738669372521114	0.970770576971422	0.9744349896657236	0.9761798087246437	0.9738553232054645	0.9762487446876162	0.9761163480550468	0.9761170226608268	1.0	0.9743620124108411	0.9725509232850149	0.9740296417980561	0.9754398007097652	0.9754631842276161	0.9747677249364873	0.9743423157627354	0.9709678688865427	0.9748234988918909	0.9736469582182034	0.9760330247269886	0.9752447514704636	0.9770726659695155	0.9748963283922143	0.9728410591203661	0.9733719340447811	0.9762352612858716	0.9746043344963964	0.9760550872748458
0.9735569206649293	0.9727313462434619	0.9749427222863226	0.9713834301993772	0.9729506480969011	0.9709213643582092	0.9708154230649472	0.971566425760598	0.973867058829085	0.9716120135325989	0.9721988891878561	0.9689079514784048	0.9716120135325989	0.9728192450354591	0.9725548305407038	0.9717338878889337	0.9732462618250995	0.9704769928668704	0.9711069829029638	0.9723773484617988	0.9695509765612375	0.9727313462434619	0.9707814484713572	0.9733416930203316	0.9728192450354591	0.9743620124108411	1.0	0.971657537225808	0.9715622216086862	0.9749427222863226	0.9733848529106349	0.9723439347094894	0.9712443798915218	0.9674876285865031	0.971002092674082	0.9721541203973738	0.9720624293044923	0.9698328841019935	0.9739536004598489	0.973728080884299	0.9701017642066051	0.9714248659760755	0.9725990496455224	0.9687043063984272	0.9711532216973182
0.9721647311169728	0.9727763247982376	0.9707432111228609	0.9716680336128526	0.9720840227287153	0.9722585447825619	0.971052251763956	0.9729146296542532	0.9742690457568911	0.9718849730877301	0.9717521491673389	0.9741109828336265	0.9746757032548099	0.9741720063868384	0.9730595989103418	0.9711144627083181	0.972262508185815	0.9709734834869191	0.9700226103333186	0.9731083747329262	0.9739748237123163	0.9719550302104992	0.9744243229330729	0.9723317012871031	0.9732550879007514	0.9725509232850149	0.971657537225808	1.0	0.9729950760003812	0.9728865152853247	0.9741519011192726	0.9719735371888671	0.971055375304296	0.969784717572295	0.9715351971117264	0.972520558999148	0.9723367279323236	0.9709811436306558	0.9754638273934064	0.971521432400366	0.9707472306802715	0.9731775312006707	0.9742476914804858	0.9720174857302188	0.9744778045349112
0.9729950760003812	0.9735411027021778	0.9752664830571685	0.972388735253552	0.9771260555141233	0.9728445504838145	0.9813756454912028	0.9735411027021778	0.9706075290052641	0.9751729950203563	0.9732444097915764	0.9691176889182392	0.9721327073101903	0.9736394005511951	0.9716666963783316	0.9690001170230826	0.969621602940173	0.9664477086915559	0.9715622216086862	0.9731449061392213	0.9662886258157062	0.9745586784272476	0.9719264184593303	0.9738838505411076	0.9720812580947815	0.9740296417980561	0.9715622216086862	0.9729950760003812	1.0	0.9754062129513147	0.9720297270580641	0.9693896149298024	0.9724905828145477	0.968433337008242	0.9704443861451391	0.9728445504838145	0.972337691214202	0.9705525258097389	0.972184074968021	0.9736884380529895	0.9687202482294578	0.9820665622503412	0.9726933229956628	0.9686630695894959	0.9724905828145477
0.9760777441426219	0.9761162153118625	0.9973072861941068	0.9781797908130996	0.9748866136893717	0.9939101732208864	0.9739831407179774	0.9760154724113496	0.9773176050116307	0.9755605037654449	0.9791368436518064	0.9752050590554188	0.9747138376036738	0.9740251718436053	0.9745036715621059	0.9737345739465474	0.9753563871835412	0.9743144645744234	0.971459094438941	0.9744743560098795	0.97481932064265	0.9756148344268548	0.9751587790106175	0.9796008098506394	0.9733307422641819	0.9754398007097652	0.9749427222863226	0.9728865152853247	0.9754062129513147	1.0	0.972848544532306	0.9751077239635532	0.977984392797948	0.971475057244757	0.9742980697714997	0.9744967912146343	0.9743659835485491	0.9774927268306847	0.9779690110970772	0.9735624960388319	0.9737946310291744	0.9753913904693099	0.9733237295786746	0.9793050313888897	0.9760165734758144
0.9753934706524247	0.9761162153118625	0.9712339085361521	0.9748419760164229	0.9728762447581306	0.9738577924008125	0.9709340540397995	0.9763506713018048	0.9768289364331527	0.9732400221909355	0.9745409235905795	0.9761800877071467	0.9763489454925981	0.9784874333361867	0.9747202448315977	0.9734713155198512	0.9749911323666114	0.9734131539200765	0.970987316075632	0.9732720947040123	0.9741171069933489	0.9753281188067674	0.976026211566301	0.973491349429026	0.9931841843434754	0.9754631842276161	0.9733848529106349	0.9741519011192726	0.9720297270580641	0.972848544532306	1.0	0.9753324300048078	0.9738678384130329	0.9706409249863076	0.9741210207720693	0.9728584043060274	0.9759923736166106	0.9721967587425493	0.9777269882956953	0.9736252461997491	0.9746338924679641	0.9733719340447811	0.9936948319109853	0.9743504858356983	0.9746390221605387
0.9736079840688635	0.9797738070762744	0.9749381690891336	0.9747107109579107	0.9744816492064484	0.9734303935218148	0.9654612412706328	0.9739602762580312	0.967642817891568	0.9733709800279405	0.975666603687356	0.9707073625569229	0.9737846081023346	0.973072269442208	0.9818554597235216	0.9653089600146462	0.992557266501374	0.9623972199751518	0.9719735371888671	0.9752763989433083	0.9662120250420023	0.9744816492064484	0.9731920839407109	0.973072269442208	0.9742509606774594	0.9747677249364873	0.9723439347094894	0.9719735371888671	0.9693896149298024	0.9751077239635532	0.9753324300048078	1.0	0.9741930315993145	0.9697241210883709	0.992557266501374	0.9751640462638022	0.9719735371888671	0.9715988561374963	0.9725885353903476	0.9739602762580312	0.9725885353903476	0.9693896149298024	0.9744816492064484	0.9717242319875952	0.9731920839407109
0.9729422929767599	0.9745131485341457	0.9776766545535236	0.9947355376000205	0.9739979304820371	0.974041178920566	0.9700943548338249	0.9749363411029158	0.9746661176178448	0.9729869705015384	0.9941788335948634	0.9700378164581362	0.972627814841184	0.9732980018497552	0.9730761413418672	0.9712279704546831	0.9722125280946345	0.9704769928668704	0.9711027300082873	0.9733421924587158	0.9711974527210332	0.9747677249364873	0.9721273876850292	0.9825170492773636	0.9732094396435174	0.9743423157627354	0.9712443798915218	0.971055375304296	0.9724905828145477	0.977984392797948	0.9738678384130329	0.9741930315993145	1.0	0.9700934302342091	0.9704600603308003	0.9727629648157695	0.9719434811070391	0.9799889798810623	0.97440511886057	0.972627814841184	0.9711381341164933	0.9716811259405491	0.97356224720913	0.9807012630274078	0.9721273876850292
0.9694942013165807	0.969784717572295	0.9713375192624363	0.9707346750852447	0.9710606779649731	0.9684563154033928	0.9680889533241201	0.9698809789730525	0.9731168980322834	0.9701203859897475	0.9709213643582092	0.9682745876584563	0.9690041269978984	0.9699290024019096	0.9706409249863076	0.9668026447291493	0.9687862089679744	0.9693126938069269	0.9678479056647232	0.9702156546860459	0.991585167703445	0.9700726461849182	0.9687562732022763	0.9702631839978056	0.9699769546040183	0.9709678688865427	0.9674876285865031	0.969784717572295	0.968433337008242	0.971475057244757	0.9706409249863076	0.9697241210883709	0.9700934302342091	1.0	0.9677129347533109	0.9698809789730525	0.9693836012590107	0.9676425260588675	0.9720337445537751	0.9697364791665284	0.9695963339491082	0.967721757582624	0.9706878339900938	0.9673093638233392	0.9685566112967559
0.9734936333861955	0.9798074579148259	0.9740766072772089	0.9714389196406706	0.9727151283391168	0.972529202411529	0.9692322679169384	0.9727151283391168	0.9720651604072866	0.9709531904636818	0.9723422039826141	0.9688032498513609	0.9734030083342183	0.9731296043966016	0.9810866110763337	0.9681390025148034	0.9963012287677007	0.9691641626217075	0.9714870941564533	0.9742096659323278	0.9669419252424823	0.9732665943755385	0.9729920334300531	0.9722952853189822	0.9728538764436491	0.9748234988918909	0.971002092674082	0.9715351971117264	0.9704443861451391	0.9742980697714997	0.9741210207720693	0.992557266501374	0.9704600603308003	0.9677129347533109	1.0	0.972946046464966	0.971002092674082	0.9701605333378233	0.9729375819886813	0.9737190949199066	0.9702606841957143	0.971270130895172	0.9728999941991047	0.9684616019101437	0.973357600712919
0.9725629826907832	0.9735237168098754	0.9741352972038735	0.9719639375900956	0.9740138993921038	0.9716048873024401	0.971228743006731	0.971834117191426	0.9732545872373044	0.972942318480636	0.9731094982763987	0.9720910242138254	0.9720932398800524	0.9742562428437065	0.9743767397230381	0.9715100109128555	0.9746681319946583	0.9708324046458782	0.9713095689397849	0.9982625184199273	0.9722670449782647	0.9723076036934823	0.9719207218997612	0.9728163656512165	0.9720932398800524	0.9736469582182034	0.9721541203973738	0.972520558999148	0.9728445504838145	0.9744967912146343	0.9728584043060274	0.9751640462638022	0.9727629648157695	0.9698809789730525	0.972946046464966	1.0	0.9731903380032567	0.9701886731722268	0.9753769069704136	0.9730260160929604	0.9805942558117612	0.9733234424327992	0.9723929537815298	0.9700899513587932	0.9712072166279788
0.9749592224343187	0.9750849480858899	0.9738052445716003	0.9736307426906944	0.976436766767426	0.9727438719386808	0.9702156546860459	0.97349924777823	0.9731168980322834	0.9744513981076136	0.9744940213053764	0.97103179110316	0.9724730115600506	0.9752934161479014	0.974065251014526	0.9704829528601344	0.971555672021396	0.9693867041257682	0.9713194050786832	0.9730124884165633	0.9703581284925065	0.9750011850480278	0.9724730115600506	0.9741083836985719	0.9746215563605382	0.9760330247269886	0.9720624293044923	0.9723367279323236	0.972337691214202	0.9743659835485491	0.9759923736166106	0.9719735371888671	0.9719434811070391	0.9693836012590107	0.971002092674082	0.9731903380032567	1.0	0.9720624293044923	0.9752023658518368	0.9860028079395791	0.9702019089976869	0.9721373461044991	0.9744087189052812	0.9705107993720546	0.9733672178487016
0.9729964097421592	0.9732036073441924	0.9750502154742599	0.9799332304445046	0.9728296933240489	0.9735275981222605	0.9699725982505247	0.9713331433951315	0.9727002881843776	0.9715808493455166	0.9818574344626321	0.9725145587082489	0.9714641628489039	0.9731622735685378	0.9730794476748795	0.9688784977776161	0.970885216844581	0.9699000842999285	0.9682595969149959	0.9709368732934877	0.9718129659927612	0.9715077184586183	0.9710695030616194	0.9909795631933589	0.9723667533458894	0.9752447514704636	0.9698328841019935	0.9709811436306558	0.9705525258097389	0.9774927268306847	0.9721967587425493	0.9715988561374963	0.9799889798810623	0.9676425260588675	0.9701605333378233	0.9701886731722268	0.9720624293044923	1.0	0.9747174879712097	0.9727040911131611	0.9714763447079023	0.9702192154502132	0.9716813574579062	0.9790118900127753	0.9712072166279788
0.9759377807811959	0.9773605503097429	0.9775239205955387	0.9768238663086283	0.97828893827187	0.9746730472813784	0.9708154230649472	0.9760658511794995	0.9753173074303529	0.9767822142530085	0.9776052995884256	0.9728436191408383	0.9746730472813784	0.9771963566504035	0.9761509522252937	0.9716221428433999	0.9732462618250995	0.9713235136153792	0.97440511886057	0.9752460890639367	0.9716601809249849	0.9763204895111484	0.9743153160145259	0.9776052995884256	0.9774014697440054	0.9770726659695155	0.9739536004598489	0.9754638273934064	0.972184074968021	0.9779690110970772	0.9777269882956953	0.9725885353903476	0.97440511886057	0.9720337445537751	0.9729375819886813	0.9753769069704136	0.9752023658518368	0.9747174879712097	1.0	0.9756801173409916	0.9721781419977662	0.9732262412325162	0.9773605503097429	0.9728906345961306	0.975158583750593
0.9744185451456996	0.9746782235262907	0.9719165739674338	0.9729751063705351	0.9734579628169133	0.9735690565899959	0.9722679558993305	0.9728321512557246	0.974335562409383	0.9738968917921754	0.9730212905342441	0.9745969215248372	0.9749417085794495	0.9742086115090126	0.9734360433559056	0.9728306409174352	0.9741068339820973	0.9728202344225854	0.969888801603263	0.9731083747329262	0.9736403839945424	0.9717948724940612	0.9746192162170136	0.9736806568135533	0.9735941519568462	0.9748963283922143	0.973728080884299	0.971521432400366	0.9736884380529895	0.9735624960388319	0.9736252461997491	0.9739602762580312	0.972627814841184	0.9697364791665284	0.9737190949199066	0.9730260160929604	0.9860028079395791	0.9727040911131611	0.9756801173409916	1.0	0.9723769310837407	0.9735169755680888	0.9740191547737658	0.9738798796703401	0.9751575225526578
0.972142350976892	0.9734346623467495	0.9737946310291744	0.9722833026929706	0.9752814839172574	0.970796352602624	0.967567517154767	0.9726098256499895	0.973867058829085	0.9754520179038322	0.9726098256499895	0.9694778216773247	0.9720952305012146	0.9732531694093601	0.9730248659952626	0.9683873878909585	0.9723124113174215	0.9690896401594957	0.9702019089976869	0.9807753381228008	0.968667198092415	0.9734798773976276	0.9716680336128526	0.9732076370893683	0.9735701189314954	0.9728410591203661	0.9701017642066051	0.9707472306802715	0.9687202482294578	0.9737946310291744	0.9746338924679641	0.9725885353903476	0.9711381341164933	0.9695963339491082	0.9702606841957143	0.9805942558117612	0.9702019089976869	0.9714763447079023	0.9721781419977662	0.9723769310837407	1.0	0.9694627145641113	0.9734346623467495	0.9705004961722634	0.9702019089976869
