/home/jshaw/scratch/2022_sketched_distance/references/SGB_genome_fastas_part4/6721/BackhedF_2015__SID615_M__bin.51.fa	/home/jshaw/scratch/2022_sketched_distance/references/SGB_genome_fastas_part4/6721/DavidLA_2015__LD-Run1-06__bin.12.fa	/home/jshaw/scratch/2022_sketched_distance/references/SGB_genome_fastas_part4/6721/DavidLA_2015__LD-Run2-18__bin.1.fa	/home/jshaw/scratch/2022_sketched_distance/references/SGB_genome_fastas_part4/6721/DavidLA_2015__LD-Run2-28__bin.3.fa	/home/jshaw/scratch/2022_sketched_distance/references/SGB_genome_fastas_part4/6721/OhJ_2014__MET0251__bin.14.fa	/home/jshaw/scratch/2022_sketched_distance/references/SGB_genome_fastas_part4/6721/VincentC_2016__MM001.4__bin.23.fa	/home/jshaw/scratch/2022_sketched_distance/references/SGB_genome_fastas_part4/6721/VincentC_2016__MM002.1__bin.13.fa	/home/jshaw/scratch/2022_sketched_distance/references/SGB_genome_fastas_part4/6721/VincentC_2016__MM002.2__bin.2.fa	/home/jshaw/scratch/2022_sketched_distance/references/SGB_genome_fastas_part4/6721/VincentC_2016__MM005.1__bin.8.fa	/home/jshaw/scratch/2022_sketched_distance/references/SGB_genome_fastas_part4/6721/VincentC_2016__MM005.3__bin.2.fa	/home/jshaw/scratch/2022_sketched_distance/references/SGB_genome_fastas_part4/6721/VincentC_2016__MM018__bin.11.fa	/home/jshaw/scratch/2022_sketched_distance/references/SGB_genome_fastas_part4/6721/VincentC_2016__MM021.1__bin.1.fa	/home/jshaw/scratch/2022_sketched_distance/references/SGB_genome_fastas_part4/6721/VincentC_2016__MM029.3__bin.26.fa	/home/jshaw/scratch/2022_sketched_distance/references/SGB_genome_fastas_part4/6721/VincentC_2016__MM043.2__bin.9.fa	/home/jshaw/scratch/2022_sketched_distance/references/SGB_genome_fastas_part4/6721/VincentC_2016__MM049.1__bin.11.fa	/home/jshaw/scratch/2022_sketched_distance/references/SGB_genome_fastas_part4/6721/VincentC_2016__MM049.2__bin.7.fa	/home/jshaw/scratch/2022_sketched_distance/references/SGB_genome_fastas_part4/6721/VincentC_2016__MM050.3__bin.14.fa	/home/jshaw/scratch/2022_sketched_distance/references/SGB_genome_fastas_part4/6721/VincentC_2016__MM050.4__bin.44.fa	/home/jshaw/scratch/2022_sketched_distance/references/SGB_genome_fastas_part4/6721/VincentC_2016__MM083.2__bin.6.fa	/home/jshaw/scratch/2022_sketched_distance/references/SGB_genome_fastas_part4/6721/VincentC_2016__MM083.5__bin.7.fa	/home/jshaw/scratch/2022_sketched_distance/references/SGB_genome_fastas_part4/6721/VincentC_2016__MM096__bin.10.fa	/home/jshaw/scratch/2022_sketched_distance/references/SGB_genome_fastas_part4/6721/VincentC_2016__MM099.1__bin.4.fa	/home/jshaw/scratch/2022_sketched_distance/references/SGB_genome_fastas_part4/6721/VincentC_2016__MM103.1__bin.13.fa	/home/jshaw/scratch/2022_sketched_distance/references/SGB_genome_fastas_part4/6721/VincentC_2016__MM103.2__bin.15.fa	/home/jshaw/scratch/2022_sketched_distance/references/SGB_genome_fastas_part4/6721/VincentC_2016__MM103.3__bin.13.fa	/home/jshaw/scratch/2022_sketched_distance/references/SGB_genome_fastas_part4/6721/ZeeviD_2015__PNP_Main_122__bin.62.fa
1.0	0.9639759146139694	0.963746149374312	0.9625407298595966	0.9629898213730137	0.9638892839657257	0.9645942167360296	0.9639611457896414	0.9634324457642967	0.9636454343420522	0.9632452463894653	0.9637168844722203	0.963013158827136	0.9596191780118778	0.9622827908092109	0.9627196963003722	0.9626088984938792	0.964067582530818	0.962610773154291	0.9663296676422977	0.9648645456753053	0.9626088984938792	0.9628125397768441	0.9614296518741173	0.9626708913578345	0.9689344695665418
0.9639759146139694	1.0	0.9999488791652443	0.985851216624779	0.9591816080092396	0.9625748645266273	0.9615857025057248	0.9614198399802478	0.9606626464121474	0.9624023829025249	0.9569958521970844	0.9597997717249425	0.9624829187119	0.9593594487889974	0.961996642569358	0.9619148748516699	0.9604919222120679	0.9588229308698871	0.9576588460515546	0.960622232672979	0.9613365857009997	0.9624829187119	0.962961934298774	0.9604919222120679	0.9623216444021226	0.9595918741288206
0.963746149374312	0.9999488791652443	1.0	0.9862031771562719	0.961784049009822	0.9636121166138074	0.9631965255394269	0.9628360502295605	0.9624965145213865	0.9628950015061057	0.9632452463894653	0.9633336310402931	0.962876918507283	0.9596191780118778	0.9625637512040914	0.9632781739200706	0.9595779057439027	0.9612560534977048	0.9624464907042005	0.9650750678266484	0.9644523805177034	0.9619066865998681	0.9630864378585202	0.9618029401348485	0.9626002365830655	0.9649150515167328
0.9625407298595966	0.985851216624779	0.9862031771562719	1.0	0.9606109065689658	0.9627659659559297	0.9620328452828728	0.9618919494776443	0.9611538073272966	0.961771150305515	0.9627248986475555	0.9621556285874544	0.9603939552363546	0.9596953322584831	0.9600932188999918	0.9612794267685204	0.9599108182032926	0.9603939552363546	0.960581544966071	0.9650750678266484	0.962234309460942	0.9604252122973336	0.9602790841891409	0.9593350828173446	0.959792986799466	0.9628904910505052
0.9629898213730137	0.9591816080092396	0.961784049009822	0.9606109065689658	1.0	0.9638892839657257	0.9643652283884872	0.9637932705714813	0.9632109451119103	0.9645066415254028	0.9648558793544175	0.9649867799406467	0.9642231904030488	0.9640805219293802	0.9644360127135032	0.9645771155173258	0.9640089494760007	0.9634305563636991	0.96467330397792	0.9657084795407588	0.9654794958901327	0.96478761543515	0.9649271871140819	0.961784049009822	0.9642231904030488	0.9874101799562174
0.9638892839657257	0.9625748645266273	0.9636121166138074	0.9627659659559297	0.9638892839657257	1.0	0.9726195281256489	0.9725492622728644	0.9705172692375237	0.9706667178223968	0.963655536762926	0.973382567733637	0.9728990785905678	0.9715492004338597	0.973382567733637	0.9733139374752389	0.9643459818671529	0.9643459818671529	0.9661962946139994	0.9670395637080356	0.9721956299730435	0.9679460524055461	0.9681078490149614	0.9672077540936947	0.9675379749103448	0.95661461368707
0.9645942167360296	0.9615857025057248	0.9631965255394269	0.9620328452828728	0.9643652283884872	0.9726195281256489	1.0	0.9988918186534061	0.9689604005227689	0.9702266633727797	0.9704318158065671	0.9701839791063128	0.9699382467487225	0.9691760938153829	0.9767579350705848	0.9768048585004178	0.9645942167360296	0.9648375320236247	0.9684396369013843	0.9709104030519242	0.9705445177201205	0.9676578528292956	0.9680287968210533	0.9652709141624217	0.9665830630002841	0.9662257958923322
0.9639611457896414	0.9614198399802478	0.9628360502295605	0.9618919494776443	0.9637932705714813	0.9725492622728644	0.9988918186534061	1.0	0.9687806077711031	0.9695892581426918	0.9700161716140322	0.969870751215	0.9697051062059469	0.9688853098146578	0.9764648762736209	0.9764648762736209	0.9640301727528496	0.9644198471748778	0.9680960201712406	0.9703720916752159	0.9704298434598586	0.9671179119957681	0.9674296266699971	0.964913137573886	0.9662287232106039	0.965445772058
0.9634324457642967	0.9606626464121474	0.9624965145213865	0.9611538073272966	0.9632109451119103	0.9705172692375237	0.9689604005227689	0.9687806077711031	1.0	0.9982612770627891	0.9686490123010656	0.9691063834768612	0.9712110104237559	0.9650243283865428	0.9681739634334392	0.9682962077766397	0.9644107723035173	0.964208952021371	0.9656569742183737	0.9678321804597598	0.9675480172238335	0.970648691604938	0.9710433382145582	0.9688406499716274	0.9696697290845825	0.9649150515167328
0.9636454343420522	0.9624023829025249	0.9628950015061057	0.961771150305515	0.9645066415254028	0.9706667178223968	0.9702266633727797	0.9695892581426918	0.9982612770627891	1.0	0.969082496829854	0.9698077398403425	0.9712923980679173	0.96535247508652	0.9683118661189162	0.9687390327848118	0.9645102829891706	0.9651130049210372	0.9666114729162378	0.9683178547236316	0.9689008406981675	0.9707018966646304	0.9710789146562457	0.9698968572696506	0.9698520499629664	0.9670708937598369
0.9632452463894653	0.9569958521970844	0.9632452463894653	0.9627248986475555	0.9648558793544175	0.963655536762926	0.9704318158065671	0.9700161716140322	0.9686490123010656	0.969082496829854	1.0	0.9684739758820419	0.970266198590562	0.9668543924895064	0.9710048892137392	0.9712474193281646	0.9635534545169607	0.9643611725371486	0.9654396551700271	0.9565802777034271	0.9724335515700477	0.967853763611937	0.9680321867651756	0.9642613110895097	0.9668543924895064	0.961000687101796
0.9637168844722203	0.9597997717249425	0.9633336310402931	0.9621556285874544	0.9649867799406467	0.973382567733637	0.9701839791063128	0.969870751215	0.9691063834768612	0.9698077398403425	0.9684739758820419	1.0	0.9699964067249456	0.9689772121658398	0.9708014787313363	0.9711058648580455	0.9636405987627624	0.9637929894524979	0.9663937013485684	0.9689857513512485	0.9705558914686181	0.9665591023574175	0.9666983060307938	0.9646184600824025	0.9659961932295306	0.9651815061201194
0.963013158827136	0.9624829187119	0.962876918507283	0.9603939552363546	0.9642231904030488	0.9728990785905678	0.9699382467487225	0.9697051062059469	0.9712110104237559	0.9712923980679173	0.970266198590562	0.9699964067249456	1.0	0.9638953446195421	0.9703518562203791	0.9705008420890594	0.9640169423348197	0.9649755633700725	0.9662476981054591	0.9687963292587899	0.9689610059452844	0.966305383898486	0.9667925656623599	0.9661035535506793	0.9661459931003609	0.967320161574882
0.9596191780118778	0.9593594487889974	0.9596191780118778	0.9596953322584831	0.9640805219293802	0.9715492004338597	0.9691760938153829	0.9688853098146578	0.9650243283865428	0.96535247508652	0.9668543924895064	0.9689772121658398	0.9638953446195421	1.0	0.9677215584719668	0.9683866535345382	0.9596191780118778	0.9604732938963754	0.9653574969643928	0.9680273282222384	0.9673590670279967	0.9616858622787886	0.9616858622787886	0.9603606971400366	0.9610050968044113	0.9658814496289146
0.9622827908092109	0.961996642569358	0.9625637512040914	0.9600932188999918	0.9644360127135032	0.973382567733637	0.9767579350705848	0.9764648762736209	0.9681739634334392	0.9683118661189162	0.9710048892137392	0.9708014787313363	0.9703518562203791	0.9677215584719668	1.0	0.9991096748412749	0.9635959753690033	0.964559679198802	0.967818467881391	0.970821304120365	0.9703723535240806	0.9653101714374808	0.965374311670861	0.9640251414623915	0.9640522821057604	0.9642846020012463
0.9627196963003722	0.9619148748516699	0.9632781739200706	0.9612794267685204	0.9645771155173258	0.9733139374752389	0.9768048585004178	0.9764648762736209	0.9682962077766397	0.9687390327848118	0.9712474193281646	0.9711058648580455	0.9705008420890594	0.9683866535345382	0.9991096748412749	1.0	0.9642998419215492	0.964559679198802	0.9678880801138895	0.9705525258097389	0.9702570661949435	0.9660608152954065	0.9661242217766493	0.9644380357243144	0.9644553758044554	0.9644659954044674
0.9626088984938792	0.9604919222120679	0.9595779057439027	0.9599108182032926	0.9640089494760007	0.9643459818671529	0.9645942167360296	0.9640301727528496	0.9644107723035173	0.9645102829891706	0.9635534545169607	0.9636405987627624	0.9640169423348197	0.9596191780118778	0.9635959753690033	0.9642998419215492	1.0	0.996541555819249	0.9623640329372458	0.965393332132371	0.9656733627439682	0.9618390133856078	0.9625462748291942	0.9616541460782596	0.961884995653092	0.9664816608095148
0.964067582530818	0.9588229308698871	0.9612560534977048	0.9603939552363546	0.9634305563636991	0.9643459818671529	0.9648375320236247	0.9644198471748778	0.964208952021371	0.9651130049210372	0.9643611725371486	0.9637929894524979	0.9649755633700725	0.9604732938963754	0.964559679198802	0.964559679198802	0.996541555819249	1.0	0.9621984787807799	0.9650750678266484	0.9655218414885742	0.9642794042618962	0.9642794042618962	0.9613332876733373	0.9632787316191755	0.965445772058
0.962610773154291	0.9576588460515546	0.9624464907042005	0.960581544966071	0.96467330397792	0.9661962946139994	0.9684396369013843	0.9680960201712406	0.9656569742183737	0.9666114729162378	0.9654396551700271	0.9663937013485684	0.9662476981054591	0.9653574969643928	0.967818467881391	0.9678880801138895	0.9623640329372458	0.9621984787807799	1.0	0.9960290487959299	0.9684396369013843	0.9638168006817481	0.9637377927861148	0.9618647844029422	0.9627742187766923	0.9601140281161431
0.9663296676422977	0.960622232672979	0.9650750678266484	0.9650750678266484	0.9657084795407588	0.9670395637080356	0.9709104030519242	0.9703720916752159	0.9678321804597598	0.9683178547236316	0.9565802777034271	0.9689857513512485	0.9687963292587899	0.9680273282222384	0.970821304120365	0.9705525258097389	0.965393332132371	0.9650750678266484	0.9960290487959299	1.0	0.9710878684143474	0.9660205714982164	0.9659168766225172	0.9644289332448335	0.9646457571730103	0.9567189730617497
0.9648645456753053	0.9613365857009997	0.9644523805177034	0.962234309460942	0.9654794958901327	0.9721956299730435	0.9705445177201205	0.9704298434598586	0.9675480172238335	0.9689008406981675	0.9724335515700477	0.9705558914686181	0.9689610059452844	0.9673590670279967	0.9703723535240806	0.9702570661949435	0.9656733627439682	0.9655218414885742	0.9684396369013843	0.9710878684143474	1.0	0.9679846434767913	0.968354248643416	0.9654730564409202	0.9667211134964211	0.9669873743306266
0.9626088984938792	0.9624829187119	0.9619066865998681	0.9604252122973336	0.96478761543515	0.9679460524055461	0.9676578528292956	0.9671179119957681	0.970648691604938	0.9707018966646304	0.967853763611937	0.9665591023574175	0.966305383898486	0.9616858622787886	0.9653101714374808	0.9660608152954065	0.9618390133856078	0.9642794042618962	0.9638168006817481	0.9660205714982164	0.9679846434767913	1.0	0.9991886249139157	0.9990402588155246	0.9991090442768882	0.9674852759243033
0.9628125397768441	0.962961934298774	0.9630864378585202	0.9602790841891409	0.9649271871140819	0.9681078490149614	0.9680287968210533	0.9674296266699971	0.9710433382145582	0.9710789146562457	0.9680321867651756	0.9666983060307938	0.9667925656623599	0.9616858622787886	0.965374311670861	0.9661242217766493	0.9625462748291942	0.9642794042618962	0.9637377927861148	0.9659168766225172	0.968354248643416	0.9991886249139157	1.0	0.9992533149512557	0.9991784316947488	0.9676495492084776
0.9614296518741173	0.9604919222120679	0.9618029401348485	0.9593350828173446	0.961784049009822	0.9672077540936947	0.9652709141624217	0.964913137573886	0.9688406499716274	0.9698968572696506	0.9642613110895097	0.9646184600824025	0.9661035535506793	0.9603606971400366	0.9640251414623915	0.9644380357243144	0.9616541460782596	0.9613332876733373	0.9618647844029422	0.9644289332448335	0.9654730564409202	0.9990402588155246	0.9992533149512557	1.0	0.9978311228665153	0.9650929329204858
0.9626708913578345	0.9623216444021226	0.9626002365830655	0.959792986799466	0.9642231904030488	0.9675379749103448	0.9665830630002841	0.9662287232106039	0.9696697290845825	0.9698520499629664	0.9668543924895064	0.9659961932295306	0.9661459931003609	0.9610050968044113	0.9640522821057604	0.9644553758044554	0.961884995653092	0.9632787316191755	0.9627742187766923	0.9646457571730103	0.9667211134964211	0.9991090442768882	0.9991784316947488	0.9978311228665153	1.0	0.9661400539094931
0.9689344695665418	0.9595918741288206	0.9649150515167328	0.9628904910505052	0.9874101799562174	0.95661461368707	0.9662257958923322	0.965445772058	0.9649150515167328	0.9670708937598369	0.961000687101796	0.9651815061201194	0.967320161574882	0.9658814496289146	0.9642846020012463	0.9644659954044674	0.9664816608095148	0.965445772058	0.9601140281161431	0.9567189730617497	0.9669873743306266	0.9674852759243033	0.9676495492084776	0.9650929329204858	0.9661400539094931	1.0
