/home/jshaw/scratch/2022_sketched_distance/references/SGB_genome_fastas_part1_redo/1587/CosteaPI_2017__SID713B044-11-0-0__bin.60.fa	/home/jshaw/scratch/2022_sketched_distance/references/SGB_genome_fastas_part1_redo/1587/CosteaPI_2017__SID713B044-11-90-0__bin.13.fa	/home/jshaw/scratch/2022_sketched_distance/references/SGB_genome_fastas_part1_redo/1587/KarlssonFH_2013__S187__bin.8.fa	/home/jshaw/scratch/2022_sketched_distance/references/SGB_genome_fastas_part1_redo/1587/KarlssonFH_2013__S384__bin.11.fa	/home/jshaw/scratch/2022_sketched_distance/references/SGB_genome_fastas_part1_redo/1587/LeChatelierE_2013__MH0096__bin.63.fa	/home/jshaw/scratch/2022_sketched_distance/references/SGB_genome_fastas_part1_redo/1587/LeChatelierE_2013__MH0117__bin.15.fa	/home/jshaw/scratch/2022_sketched_distance/references/SGB_genome_fastas_part1_redo/1587/LeChatelierE_2013__MH0152__bin.1.fa	/home/jshaw/scratch/2022_sketched_distance/references/SGB_genome_fastas_part1_redo/1587/LeChatelierE_2013__MH0181__bin.38.fa	/home/jshaw/scratch/2022_sketched_distance/references/SGB_genome_fastas_part1_redo/1587/LeChatelierE_2013__MH0224__bin.21.fa	/home/jshaw/scratch/2022_sketched_distance/references/SGB_genome_fastas_part1_redo/1587/LeChatelierE_2013__MH0415__bin.106.fa	/home/jshaw/scratch/2022_sketched_distance/references/SGB_genome_fastas_part1_redo/1587/LeChatelierE_2013__MH0430__bin.81.fa	/home/jshaw/scratch/2022_sketched_distance/references/SGB_genome_fastas_part1_redo/1587/LeChatelierE_2013__MH0443__bin.25.fa	/home/jshaw/scratch/2022_sketched_distance/references/SGB_genome_fastas_part1_redo/1587/LiJ_2014__MH0192__bin.71.fa	/home/jshaw/scratch/2022_sketched_distance/references/SGB_genome_fastas_part1_redo/1587/LiJ_2014__MH0264__bin.15.fa	/home/jshaw/scratch/2022_sketched_distance/references/SGB_genome_fastas_part1_redo/1587/LiJ_2014__MH0265__bin.20.fa	/home/jshaw/scratch/2022_sketched_distance/references/SGB_genome_fastas_part1_redo/1587/LiJ_2014__MH0328__bin.60.fa	/home/jshaw/scratch/2022_sketched_distance/references/SGB_genome_fastas_part1_redo/1587/LiJ_2014__O2.UC13-1__bin.12.fa	/home/jshaw/scratch/2022_sketched_distance/references/SGB_genome_fastas_part1_redo/1587/NielsenHB_2014__MH0096__bin.49.fa	/home/jshaw/scratch/2022_sketched_distance/references/SGB_genome_fastas_part1_redo/1587/NielsenHB_2014__MH0117__bin.40.fa	/home/jshaw/scratch/2022_sketched_distance/references/SGB_genome_fastas_part1_redo/1587/NielsenHB_2014__MH0152__bin.14.fa	/home/jshaw/scratch/2022_sketched_distance/references/SGB_genome_fastas_part1_redo/1587/NielsenHB_2014__MH0181__bin.46.fa	/home/jshaw/scratch/2022_sketched_distance/references/SGB_genome_fastas_part1_redo/1587/NielsenHB_2014__O2_UC13_2__bin.58.fa	/home/jshaw/scratch/2022_sketched_distance/references/SGB_genome_fastas_part1_redo/1587/SchirmerM_2016__G88820__bin.19.fa	/home/jshaw/scratch/2022_sketched_distance/references/SGB_genome_fastas_part1_redo/1587/SchirmerM_2016__G88826__bin.7.fa	/home/jshaw/scratch/2022_sketched_distance/references/SGB_genome_fastas_part1_redo/1587/XieH_2016__YSZC12003_35989__bin.62.fa	/home/jshaw/scratch/2022_sketched_distance/references/SGB_genome_fastas_part1_redo/1587/XieH_2016__YSZC12003_36008__bin.37.fa	/home/jshaw/scratch/2022_sketched_distance/references/SGB_genome_fastas_part1_redo/1587/XieH_2016__YSZC12003_37270__bin.104.fa	/home/jshaw/scratch/2022_sketched_distance/references/SGB_genome_fastas_part1_redo/1587/YuJ_2015__SZAXPI015263-84__bin.29.fa	/home/jshaw/scratch/2022_sketched_distance/references/SGB_genome_fastas_part1_redo/1587/ZeeviD_2015__PNP_Main_215__bin.1.fa	/home/jshaw/scratch/2022_sketched_distance/references/SGB_genome_fastas_part1_redo/1587/ZeeviD_2015__PNP_Main_568__bin.27.fa	/home/jshaw/scratch/2022_sketched_distance/references/SGB_genome_fastas_part1_redo/1587/ZeeviD_2015__PNP_Main_85__bin.45.fa	/home/jshaw/scratch/2022_sketched_distance/references/SGB_genome_fastas_part1_redo/1587/ZellerG_2014__CCIS09568613ST-4-0__bin.97.fa	/home/jshaw/scratch/2022_sketched_distance/references/SGB_genome_fastas_part1_redo/1587/ZellerG_2014__CCIS21278152ST-4-0__bin.12.fa	/home/jshaw/scratch/2022_sketched_distance/references/SGB_genome_fastas_part1_redo/1587/ZellerG_2014__CCIS51595129ST-4-0__bin.55.fa	/home/jshaw/scratch/2022_sketched_distance/references/SGB_genome_fastas_part1_redo/1587/ZellerG_2014__CCIS62605362ST-3-0__bin.54.fa	/home/jshaw/scratch/2022_sketched_distance/references/SGB_genome_fastas_part1_redo/1587/ZellerG_2014__CCIS83445808ST-4-0__bin.18.fa	/home/jshaw/scratch/2022_sketched_distance/references/SGB_genome_fastas_part1_redo/1587/ZellerG_2014__CCIS96387239ST-4-0__bin.9.fa
1.0	0.9974443394033243	0.9822682075799202	0.98139763759601	0.980486164021578	0.981621581606865	0.9814690794815027	0.9833552143467333	0.9822795589825577	0.9832944017018564	0.980131956025598	0.9808417344173274	0.9832733532792052	0.9810422914891067	0.9837023270118628	0.9822961316091324	0.9823122540092649	0.9791489080036294	0.9812367384519346	0.9827757977855398	0.9832893897625661	0.9826439762536869	0.9824949977585004	0.9828765530217566	0.9721774380518793	0.9812361183292144	0.9819422059786117	0.98240268395579	0.9824225180990832	0.9809841974742334	0.9802797688508531	0.9827305423294423	0.9819312938686	0.9816110449064356	0.9829747039831837	0.9831256772575516	0.9838364274535151
0.9974443394033243	1.0	0.9824907706569607	0.9812734547734476	0.9803589281278547	0.9814109145840455	0.9815451954457196	0.9828227963949868	0.9818884749829498	0.9828811647543829	0.9805176590721019	0.9811312440089057	0.9830575165966088	0.9808338527647954	0.9833163453403496	0.9821884248034934	0.9824130575247901	0.9789202196773774	0.9809003187484681	0.9828746941210263	0.9826361627695158	0.9825339223121556	0.9823840288166664	0.9824407066940272	0.9718535428469168	0.9813446370396907	0.9818150588395765	0.982126746080537	0.9824760898862475	0.9812136579354709	0.9802014507760465	0.9823854647509578	0.9818890919675851	0.9813683551084823	0.9826981117478337	0.9832054280475729	0.9834219352059628
0.9822682075799202	0.9824907706569607	1.0	0.9814093064779784	0.9799061658561591	0.981732981287717	0.9799380290519926	0.9818676196502076	0.9805434927242634	0.9814775364988372	0.9798746130229047	0.9796996278785833	0.9825131718473596	0.9795917079487358	0.9815649016907843	0.9822491083831895	0.9821201368588759	0.9781517690914238	0.9806211117544265	0.980730128392228	0.9817115854528625	0.9818095914795176	0.9813319141843121	0.97973585815208	0.9717323278496047	0.9807253568501236	0.9807688212254234	0.981972376368415	0.981872558285003	0.9824176923794304	0.9792985826940164	0.9814488322818108	0.9810915087401489	0.9812100546482736	0.9833396937225556	0.9813954214606837	0.9812305524618834
0.98139763759601	0.9812734547734476	0.9814093064779784	1.0	0.9799284863142749	0.9805762808862438	0.979617956628908	0.9818777988775883	0.9808210678705896	0.982155238066816	0.9810620674708198	0.9804220291602361	0.9816729037987786	0.9792155067523592	0.9822701588004015	0.9811585496603922	0.9815802390392702	0.9780796606136546	0.980390318017659	0.981350767786479	0.9816357731182136	0.9805543983948923	0.9819334429816894	0.980891265975389	0.9713741491167336	0.9797812562422763	0.9800646246124394	0.9843598345794623	0.9814440045749052	0.981157138764546	0.9790520352329716	0.981164525939146	0.9803343347427911	0.9807615499973804	0.9819042993127033	0.9820866405821428	0.9817939363792793
0.980486164021578	0.9803589281278547	0.9799061658561591	0.9799284863142749	1.0	0.9811246673272445	0.9785742619340543	0.9811327975161358	0.9797684457413831	0.9810282498894893	0.9797133490305857	0.9783559868172974	0.9815611015729395	0.979856111632221	0.9813716014906904	0.9798599612679945	0.9790178090689596	0.9965957843958227	0.9809432775526619	0.980342992294631	0.9811118973034397	0.9798194210663244	0.980342176777825	0.9802323463894879	0.970837969922326	0.9777443853059523	0.9805833164397698	0.9810972821801617	0.9806202644503313	0.9806126620124044	0.9779719255895507	0.9811307835736516	0.9793999399285851	0.980180715806536	0.9823056395619608	0.9800719284086487	0.9806421625308578
0.981621581606865	0.9814109145840455	0.981732981287717	0.9805762808862438	0.9811246673272445	1.0	0.9801457407902923	0.9825156773627108	0.9825805569304464	0.9831774355422789	0.9815406189573572	0.9803776772466625	0.9835518444194299	0.9810429473188902	0.9831709504596373	0.9828555931109925	0.982308130523081	0.9795368872098793	0.9975149733145663	0.9813367390937735	0.9823482732626858	0.9819813812180406	0.9817797951411826	0.9806537340529934	0.9728665052999401	0.9808542958411158	0.981983856131792	0.9827237917549946	0.981995220572065	0.9810838468016475	0.9783758456458161	0.9828989365466082	0.9815344870026594	0.982583821678915	0.9835026612301226	0.9820136973428285	0.9813472146337882
0.9814690794815027	0.9815451954457196	0.9799380290519926	0.979617956628908	0.9785742619340543	0.9801457407902923	1.0	0.9816925031853548	0.9810809391739921	0.981768450282641	0.9804440166853997	0.9789360481591065	0.9823946079803072	0.9800803308528525	0.982717843723377	0.981478972496143	0.9818596093479962	0.9769737028134803	0.9805311423656137	0.9962208141089954	0.981451766005445	0.9810997236573566	0.980085054236136	0.9794343318306824	0.9700592088419322	0.9806506203064769	0.9813782638470068	0.9808603225957363	0.9812552029747393	0.9809496292167879	0.9776089612097805	0.9822711431205053	0.9803382571049755	0.9814021468666841	0.9815912607425206	0.9806892728590554	0.9840587887335347
0.9833552143467333	0.9828227963949868	0.9818676196502076	0.9818777988775883	0.9811327975161358	0.9825156773627108	0.9816925031853548	1.0	0.9839849556590476	0.984605986491927	0.981284275071613	0.9811820125421433	0.9846391023976723	0.981920373816443	0.984599644996218	0.9830184115909495	0.9832346827552224	0.9795908784742532	0.9823364776991903	0.9832504022510055	0.9992924276299008	0.9833942170828857	0.983031267976747	0.981918517690672	0.9740898895707344	0.9811175648191646	0.9832834307579503	0.9836062783531212	0.9833152269112182	0.9820398821304888	0.9793611756777632	0.985254628041867	0.983157303362752	0.9842414354183261	0.984076973257595	0.9831462956248928	0.9825691990056762
0.9822795589825577	0.9818884749829498	0.9805434927242634	0.9808210678705896	0.9797684457413831	0.9825805569304464	0.9810809391739921	0.9839849556590476	1.0	0.9838197770682647	0.9808115265604128	0.9804624285494549	0.9841274045650713	0.9815144916772066	0.9844498623365772	0.9832230381992038	0.981880146750674	0.9782028153505223	0.9828001114100443	0.9816829943260805	0.9838072655394089	0.9819714785537994	0.9821821641977926	0.9815743904893445	0.9721058581379426	0.9805697360355894	0.9828505331759485	0.9828991678549291	0.9830236099634376	0.9807467362234391	0.978218907100241	0.9878050679936634	0.9815105311226985	0.9866894824017074	0.9820043236114027	0.9822544841192145	0.9816599138944406
0.9832944017018564	0.9828811647543829	0.9814775364988372	0.982155238066816	0.9810282498894893	0.9831774355422789	0.981768450282641	0.984605986491927	0.9838197770682647	1.0	0.981970256541855	0.9814439379567413	0.9841520894869918	0.9823890931532642	0.9849067143651069	0.983683999591804	0.9821744721026852	0.9791433186447357	0.982850310980141	0.9826647558270994	0.9844316607343695	0.9821098413070289	0.9834806373027309	0.9823069544840283	0.973379302233801	0.980673031758973	0.9833299893300919	0.9829742288182348	0.983882417573358	0.9814886929503258	0.9799448416410129	0.9842258495699838	0.9828479909297988	0.9831161858683696	0.9830997914954112	0.9825259224167804	0.9831368914662968
0.980131956025598	0.9805176590721019	0.9798746130229047	0.9810620674708198	0.9797133490305857	0.9815406189573572	0.9804440166853997	0.981284275071613	0.9808115265604128	0.981970256541855	1.0	0.9827490973291181	0.982155520025286	0.9792917637402744	0.9820854622604924	0.9811981092691493	0.9825359633451879	0.9774793232992354	0.9806759357609804	0.9796660179965171	0.9809289425192452	0.9805182639265732	0.9817130775040421	0.9808239903879498	0.9720120702375906	0.9828328982975068	0.9805067089507219	0.9812786627902755	0.9817156374128407	0.981330902942455	0.9783618938812457	0.9812028100621124	0.9806846559302121	0.9809495681593513	0.9828692380564005	0.982712619567277	0.9815657564954458
0.9808417344173274	0.9811312440089057	0.9796996278785833	0.9804220291602361	0.9783559868172974	0.9803776772466625	0.9789360481591065	0.9811820125421433	0.9804624285494549	0.9814439379567413	0.9827490973291181	1.0	0.982222258133768	0.9791659035996955	0.9823187127223172	0.9810004459081316	0.9815805046408507	0.9762625768050782	0.979854172476801	0.9791807370903695	0.9808858277641646	0.9800161308188001	0.9808578938153032	0.9806445987863937	0.971824909856295	0.9822716426311594	0.9806218780769401	0.9804561796876915	0.9811966719995465	0.9810174556884887	0.9781778354755304	0.9814152426415136	0.980271591622505	0.9806195907861541	0.9808376071433808	0.9820949327316191	0.9807367245809612
0.9832733532792052	0.9830575165966088	0.9825131718473596	0.9816729037987786	0.9815611015729395	0.9835518444194299	0.9823946079803072	0.9846391023976723	0.9841274045650713	0.9841520894869918	0.982155520025286	0.982222258133768	1.0	0.982337926092329	0.9844746217880521	0.9836462096072142	0.9832643132811685	0.9792968787239957	0.9831149577852071	0.9839093374538692	0.9844007020288782	0.9825769063979306	0.9830181241723784	0.9823225120573807	0.9738806156115842	0.981508850441961	0.9830835355592802	0.984001212368204	0.9833221662223743	0.9826080650231522	0.9795182797193484	0.9849923935401607	0.982867960442189	0.9840598360390297	0.9842967026984385	0.9823768247330114	0.9832280231902177
0.9810422914891067	0.9808338527647954	0.9795917079487358	0.9792155067523592	0.979856111632221	0.9810429473188902	0.9800803308528525	0.981920373816443	0.9815144916772066	0.9823890931532642	0.9792917637402744	0.9791659035996955	0.982337926092329	1.0	0.9819867424516385	0.9816138662115491	0.9810918579073554	0.9779842317429118	0.9806873729661044	0.981003622629741	0.981794946508745	0.9811180461975039	0.9811756764231173	0.9803901944525736	0.9739331790005151	0.9789984593339076	0.9813325300648118	0.9816749518971741	0.9815557975766459	0.980433524032007	0.9785281142546248	0.982322004022142	0.98032326609193	0.9812239152592379	0.9813535364059656	0.9800673257129969	0.9809267589794298
0.9837023270118628	0.9833163453403496	0.9815649016907843	0.9822701588004015	0.9813716014906904	0.9831709504596373	0.982717843723377	0.984599644996218	0.9844498623365772	0.9849067143651069	0.9820854622604924	0.9823187127223172	0.9844746217880521	0.9819867424516385	1.0	0.9837613331476202	0.9837989921277578	0.9796082044549447	0.983284576860223	0.9836181058592512	0.9843627755034529	0.9835658810600068	0.982968762442939	0.9822289052689126	0.9735237855793473	0.9818289030136291	0.9838500572062623	0.9842850788972417	0.9843014875267757	0.9822209058227007	0.9794389428463265	0.9849321550656523	0.9830686212531436	0.9839458633838015	0.9832049051446331	0.9830327117994474	0.9831755361977641
0.9822961316091324	0.9821884248034934	0.9822491083831895	0.9811585496603922	0.9798599612679945	0.9828555931109925	0.981478972496143	0.9830184115909495	0.9832230381992038	0.983683999591804	0.9811981092691493	0.9810004459081316	0.9836462096072142	0.9816138662115491	0.9837613331476202	1.0	0.983275734886523	0.978027590881623	0.9818374588734743	0.9822457235205456	0.9828193430331634	0.9826792181547379	0.9826488934410251	0.9811682722289063	0.9740275584162613	0.9817165751261699	0.9818497804198498	0.9831834841041585	0.983046865756982	0.9817215156206371	0.9790849754263792	0.983736668895874	0.9818771551643231	0.9835809797008741	0.9832010877948971	0.9824615582021697	0.9824085601613748
0.9823122540092649	0.9824130575247901	0.9821201368588759	0.9815802390392702	0.9790178090689596	0.982308130523081	0.9818596093479962	0.9832346827552224	0.981880146750674	0.9821744721026852	0.9825359633451879	0.9815805046408507	0.9832643132811685	0.9810918579073554	0.9837989921277578	0.983275734886523	1.0	0.9771736749627634	0.9813106693149021	0.9826540554429473	0.9830326098860303	0.9973596653480956	0.9821605078456029	0.9814781277098658	0.9733596175431038	0.9830792317030167	0.9820501418105977	0.9837912399016224	0.9828343141741539	0.9842943932436201	0.979567691354406	0.9824624084920967	0.981732671810162	0.9829944746901417	0.9833158891230739	0.9821133912000103	0.9820645115970876
0.9791489080036294	0.9789202196773774	0.9781517690914238	0.9780796606136546	0.9965957843958227	0.9795368872098793	0.9769737028134803	0.9795908784742532	0.9782028153505223	0.9791433186447357	0.9774793232992354	0.9762625768050782	0.9792968787239957	0.9779842317429118	0.9796082044549447	0.978027590881623	0.9771736749627634	1.0	0.9798557731334735	0.9789217245417782	0.9794088337082043	0.9786928386697351	0.9780637801654158	0.9781865181559439	0.968925209284375	0.9758202561585433	0.9789054999579987	0.9795687212459396	0.9790440156539015	0.9788306954097118	0.9760111419794137	0.9795746180810578	0.9776593180019403	0.9782542639878447	0.9811193631924244	0.9786154746570758	0.9791222647398294
0.9812367384519346	0.9809003187484681	0.9806211117544265	0.980390318017659	0.9809432775526619	0.9975149733145663	0.9805311423656137	0.9823364776991903	0.9828001114100443	0.982850310980141	0.9806759357609804	0.979854172476801	0.9831149577852071	0.9806873729661044	0.983284576860223	0.9818374588734743	0.9813106693149021	0.9798557731334735	1.0	0.9815551271676973	0.9823055150324358	0.9814343149929501	0.981227243555722	0.9806300302895745	0.9720486181736118	0.9802882644841029	0.9821632809205577	0.9830502115590307	0.9822811686629744	0.9804890352407204	0.9777654423018873	0.9832904543305877	0.9816612570182056	0.98205917333079	0.9828075235940719	0.9815136740907076	0.9813000211841009
0.9827757977855398	0.9828746941210263	0.980730128392228	0.981350767786479	0.980342992294631	0.9813367390937735	0.9962208141089954	0.9832504022510055	0.9816829943260805	0.9826647558270994	0.9796660179965171	0.9791807370903695	0.9839093374538692	0.981003622629741	0.9836181058592512	0.9822457235205456	0.9826540554429473	0.9789217245417782	0.9815551271676973	1.0	0.9829373478797789	0.9826808508376953	0.9815438038791036	0.9806911893499953	0.9720127475583131	0.9809655886225429	0.9824638166253534	0.9823961086021192	0.9825544313458671	0.98131102635454	0.9791200833493996	0.9833845544708991	0.9819784366824676	0.9824720515287553	0.9830313550848069	0.9812121261254747	0.9852764392380785
0.9832893897625661	0.9826361627695158	0.9817115854528625	0.9816357731182136	0.9811118973034397	0.9823482732626858	0.981451766005445	0.9992924276299008	0.9838072655394089	0.9844316607343695	0.9809289425192452	0.9808858277641646	0.9844007020288782	0.981794946508745	0.9843627755034529	0.9828193430331634	0.9830326098860303	0.9794088337082043	0.9823055150324358	0.9829373478797789	1.0	0.9832842876828615	0.9827566268888593	0.9818072573055476	0.9736844131021831	0.9807957937010706	0.9830955366407857	0.9833654344749381	0.9830697204008603	0.9816259622822325	0.9790870368005742	0.9850130306309016	0.9829009576534172	0.9838393471831532	0.983794262764152	0.9829795754414771	0.9823731879756533
0.9826439762536869	0.9825339223121556	0.9818095914795176	0.9805543983948923	0.9798194210663244	0.9819813812180406	0.9810997236573566	0.9833942170828857	0.9819714785537994	0.9821098413070289	0.9805182639265732	0.9800161308188001	0.9825769063979306	0.9811180461975039	0.9835658810600068	0.9826792181547379	0.9973596653480956	0.9786928386697351	0.9814343149929501	0.9826808508376953	0.9832842876828615	1.0	0.9811311184226744	0.9813029709891358	0.9721650453187675	0.9810627930208569	0.982009152025365	0.9835937859208477	0.9827228877889497	0.982556924273448	0.9790111923133098	0.982465822338066	0.9818586574359214	0.9821035209357998	0.9828535147193215	0.9815399383741431	0.9818472239292604
0.9824949977585004	0.9823840288166664	0.9813319141843121	0.9819334429816894	0.980342176777825	0.9817797951411826	0.980085054236136	0.983031267976747	0.9821821641977926	0.9834806373027309	0.9817130775040421	0.9808578938153032	0.9830181241723784	0.9811756764231173	0.982968762442939	0.9826488934410251	0.9821605078456029	0.9780637801654158	0.981227243555722	0.9815438038791036	0.9827566268888593	0.9811311184226744	1.0	0.9953063907059754	0.9726654196141705	0.9809458178060956	0.9811471559144606	0.9824625720532154	0.9826221300659415	0.982096150407161	0.9796632530154681	0.9826987305132856	0.981822605121946	0.9822269216386346	0.9832678549061677	0.9825279564306588	0.9823261182616881
0.9828765530217566	0.9824407066940272	0.97973585815208	0.980891265975389	0.9802323463894879	0.9806537340529934	0.9794343318306824	0.981918517690672	0.9815743904893445	0.9823069544840283	0.9808239903879498	0.9806445987863937	0.9823225120573807	0.9803901944525736	0.9822289052689126	0.9811682722289063	0.9814781277098658	0.9781865181559439	0.9806300302895745	0.9806911893499953	0.9818072573055476	0.9813029709891358	0.9953063907059754	1.0	0.9711903266569049	0.9815697045793473	0.980370028551773	0.9815763166079176	0.9821488514994506	0.9808807338448298	0.9792850181133903	0.9820264518995393	0.9812500484120182	0.9810940311408634	0.9821243506714429	0.9828792168362185	0.9830153346217211
0.9721774380518793	0.9718535428469168	0.9717323278496047	0.9713741491167336	0.970837969922326	0.9728665052999401	0.9700592088419322	0.9740898895707344	0.9721058581379426	0.973379302233801	0.9720120702375906	0.971824909856295	0.9738806156115842	0.9739331790005151	0.9735237855793473	0.9740275584162613	0.9733596175431038	0.968925209284375	0.9720486181736118	0.9720127475583131	0.9736844131021831	0.9721650453187675	0.9726654196141705	0.9711903266569049	1.0	0.9706747856523475	0.9727184334092956	0.9729514083036817	0.9723117614664396	0.9717327081978476	0.9692815917793527	0.9730400926529444	0.9712455016216004	0.972602201344092	0.9744821083335076	0.9730187165377648	0.972148464392469
0.9812361183292144	0.9813446370396907	0.9807253568501236	0.9797812562422763	0.9777443853059523	0.9808542958411158	0.9806506203064769	0.9811175648191646	0.9805697360355894	0.980673031758973	0.9828328982975068	0.9822716426311594	0.981508850441961	0.9789984593339076	0.9818289030136291	0.9817165751261699	0.9830792317030167	0.9758202561585433	0.9802882644841029	0.9809655886225429	0.9807957937010706	0.9810627930208569	0.9809458178060956	0.9815697045793473	0.9706747856523475	1.0	0.9808474465253506	0.9805973947600333	0.9813827593712173	0.9812589854815913	0.9786125410025651	0.9814238720179624	0.9795513253906696	0.9813449418424472	0.9812893315482033	0.9819982031251042	0.9809340866028687
0.9819422059786117	0.9818150588395765	0.9807688212254234	0.9800646246124394	0.9805833164397698	0.981983856131792	0.9813782638470068	0.9832834307579503	0.9828505331759485	0.9833299893300919	0.9805067089507219	0.9806218780769401	0.9830835355592802	0.9813325300648118	0.9838500572062623	0.9818497804198498	0.9820501418105977	0.9789054999579987	0.9821632809205577	0.9824638166253534	0.9830955366407857	0.982009152025365	0.9811471559144606	0.980370028551773	0.9727184334092956	0.9808474465253506	1.0	0.9828081070381844	0.9828902964490114	0.9810613205053513	0.9787885974532218	0.9846987360623539	0.9811324226242044	0.9832375059739821	0.9832530780455395	0.9819013590927244	0.9817217500048642
0.98240268395579	0.982126746080537	0.981972376368415	0.9843598345794623	0.9810972821801617	0.9827237917549946	0.9808603225957363	0.9836062783531212	0.9828991678549291	0.9829742288182348	0.9812786627902755	0.9804561796876915	0.984001212368204	0.9816749518971741	0.9842850788972417	0.9831834841041585	0.9837912399016224	0.9795687212459396	0.9830502115590307	0.9823961086021192	0.9833654344749381	0.9835937859208477	0.9824625720532154	0.9815763166079176	0.9729514083036817	0.9805973947600333	0.9828081070381844	1.0	0.9847068978855312	0.9824788293545906	0.9785024454720294	0.9833875029774874	0.9817785945363319	0.9821634298037688	0.9834500829615015	0.9826271286657275	0.9823768194884764
0.9824225180990832	0.9824760898862475	0.981872558285003	0.9814440045749052	0.9806202644503313	0.981995220572065	0.9812552029747393	0.9833152269112182	0.9830236099634376	0.983882417573358	0.9817156374128407	0.9811966719995465	0.9833221662223743	0.9815557975766459	0.9843014875267757	0.983046865756982	0.9828343141741539	0.9790440156539015	0.9822811686629744	0.9825544313458671	0.9830697204008603	0.9827228877889497	0.9826221300659415	0.9821488514994506	0.9723117614664396	0.9813827593712173	0.9828902964490114	0.9847068978855312	1.0	0.9835635262245843	0.9789784275093275	0.9835320563761528	0.9825983772562288	0.9828362188191476	0.9838574539085586	0.9822795000737363	0.9823247928510338
0.9809841974742334	0.9812136579354709	0.9824176923794304	0.981157138764546	0.9806126620124044	0.9810838468016475	0.9809496292167879	0.9820398821304888	0.9807467362234391	0.9814886929503258	0.981330902942455	0.9810174556884887	0.9826080650231522	0.980433524032007	0.9822209058227007	0.9817215156206371	0.9842943932436201	0.9788306954097118	0.9804890352407204	0.98131102635454	0.9816259622822325	0.982556924273448	0.982096150407161	0.9808807338448298	0.9717327081978476	0.9812589854815913	0.9810613205053513	0.9824788293545906	0.9835635262245843	1.0	0.9783664968538288	0.9817784259680084	0.9806979472009622	0.9819722256996498	0.9839868730355765	0.9814854064664392	0.9813458443141149
0.9802797688508531	0.9802014507760465	0.9792985826940164	0.9790520352329716	0.9779719255895507	0.9783758456458161	0.9776089612097805	0.9793611756777632	0.978218907100241	0.9799448416410129	0.9783618938812457	0.9781778354755304	0.9795182797193484	0.9785281142546248	0.9794389428463265	0.9790849754263792	0.979567691354406	0.9760111419794137	0.9777654423018873	0.9791200833493996	0.9790870368005742	0.9790111923133098	0.9796632530154681	0.9792850181133903	0.9692815917793527	0.9786125410025651	0.9787885974532218	0.9785024454720294	0.9789784275093275	0.9783664968538288	1.0	0.979052754484349	0.979233316919621	0.9786347284705917	0.9798852950213184	0.9795779617937246	0.9799943088313917
0.9827305423294423	0.9823854647509578	0.9814488322818108	0.981164525939146	0.9811307835736516	0.9828989365466082	0.9822711431205053	0.985254628041867	0.9878050679936634	0.9842258495699838	0.9812028100621124	0.9814152426415136	0.9849923935401607	0.982322004022142	0.9849321550656523	0.983736668895874	0.9824624084920967	0.9795746180810578	0.9832904543305877	0.9833845544708991	0.9850130306309016	0.982465822338066	0.9826987305132856	0.9820264518995393	0.9730400926529444	0.9814238720179624	0.9846987360623539	0.9833875029774874	0.9835320563761528	0.9817784259680084	0.979052754484349	1.0	0.982790304854632	0.9981536032352835	0.9829278208923047	0.9832026657671925	0.9828724810566604
0.9819312938686	0.9818890919675851	0.9810915087401489	0.9803343347427911	0.9793999399285851	0.9815344870026594	0.9803382571049755	0.983157303362752	0.9815105311226985	0.9828479909297988	0.9806846559302121	0.980271591622505	0.982867960442189	0.98032326609193	0.9830686212531436	0.9818771551643231	0.981732671810162	0.9776593180019403	0.9816612570182056	0.9819784366824676	0.9829009576534172	0.9818586574359214	0.981822605121946	0.9812500484120182	0.9712455016216004	0.9795513253906696	0.9811324226242044	0.9817785945363319	0.9825983772562288	0.9806979472009622	0.979233316919621	0.982790304854632	1.0	0.9816680334638339	0.9829974089629806	0.9820400659462062	0.981635013766114
0.9816110449064356	0.9813683551084823	0.9812100546482736	0.9807615499973804	0.980180715806536	0.982583821678915	0.9814021468666841	0.9842414354183261	0.9866894824017074	0.9831161858683696	0.9809495681593513	0.9806195907861541	0.9840598360390297	0.9812239152592379	0.9839458633838015	0.9835809797008741	0.9829944746901417	0.9782542639878447	0.98205917333079	0.9824720515287553	0.9838393471831532	0.9821035209357998	0.9822269216386346	0.9810940311408634	0.972602201344092	0.9813449418424472	0.9832375059739821	0.9821634298037688	0.9828362188191476	0.9819722256996498	0.9786347284705917	0.9981536032352835	0.9816680334638339	1.0	0.9824743191290668	0.9824400473823481	0.9818643199846137
0.9829747039831837	0.9826981117478337	0.9833396937225556	0.9819042993127033	0.9823056395619608	0.9835026612301226	0.9815912607425206	0.984076973257595	0.9820043236114027	0.9830997914954112	0.9828692380564005	0.9808376071433808	0.9842967026984385	0.9813535364059656	0.9832049051446331	0.9832010877948971	0.9833158891230739	0.9811193631924244	0.9828075235940719	0.9830313550848069	0.983794262764152	0.9828535147193215	0.9832678549061677	0.9821243506714429	0.9744821083335076	0.9812893315482033	0.9832530780455395	0.9834500829615015	0.9838574539085586	0.9839868730355765	0.9798852950213184	0.9829278208923047	0.9829974089629806	0.9824743191290668	1.0	0.982156908612751	0.981981615339403
0.9831256772575516	0.9832054280475729	0.9813954214606837	0.9820866405821428	0.9800719284086487	0.9820136973428285	0.9806892728590554	0.9831462956248928	0.9822544841192145	0.9825259224167804	0.982712619567277	0.9820949327316191	0.9823768247330114	0.9800673257129969	0.9830327117994474	0.9824615582021697	0.9821133912000103	0.9786154746570758	0.9815136740907076	0.9812121261254747	0.9829795754414771	0.9815399383741431	0.9825279564306588	0.9828792168362185	0.9730187165377648	0.9819982031251042	0.9819013590927244	0.9826271286657275	0.9822795000737363	0.9814854064664392	0.9795779617937246	0.9832026657671925	0.9820400659462062	0.9824400473823481	0.982156908612751	1.0	0.9830963682011546
0.9838364274535151	0.9834219352059628	0.9812305524618834	0.9817939363792793	0.9806421625308578	0.9813472146337882	0.9840587887335347	0.9825691990056762	0.9816599138944406	0.9831368914662968	0.9815657564954458	0.9807367245809612	0.9832280231902177	0.9809267589794298	0.9831755361977641	0.9824085601613748	0.9820645115970876	0.9791222647398294	0.9813000211841009	0.9852764392380785	0.9823731879756533	0.9818472239292604	0.9823261182616881	0.9830153346217211	0.972148464392469	0.9809340866028687	0.9817217500048642	0.9823768194884764	0.9823247928510338	0.9813458443141149	0.9799943088313917	0.9828724810566604	0.981635013766114	0.9818643199846137	0.981981615339403	0.9830963682011546	1.0
