/home/jshaw/scratch/2022_sketched_distance/references/SGB_genome_fastas_part2/4316/Bengtsson-PalmeJ_2015__TRAVELRES8__bin.106.fa	/home/jshaw/scratch/2022_sketched_distance/references/SGB_genome_fastas_part2/4316/ChengpingW_2017__AS4raw__bin.16.fa	/home/jshaw/scratch/2022_sketched_distance/references/SGB_genome_fastas_part2/4316/CosteaPI_2017__SID713A081-11-0-0__bin.40.fa	/home/jshaw/scratch/2022_sketched_distance/references/SGB_genome_fastas_part2/4316/CosteaPI_2017__SID713B005-11-90-0__bin.3.fa	/home/jshaw/scratch/2022_sketched_distance/references/SGB_genome_fastas_part2/4316/CosteaPI_2017__SID713B063-11-0-0__bin.12.fa	/home/jshaw/scratch/2022_sketched_distance/references/SGB_genome_fastas_part2/4316/KarlssonFH_2013__S304__bin.14.fa	/home/jshaw/scratch/2022_sketched_distance/references/SGB_genome_fastas_part2/4316/LeChatelierE_2013__MH0188__bin.41.fa	/home/jshaw/scratch/2022_sketched_distance/references/SGB_genome_fastas_part2/4316/LeChatelierE_2013__MH0217__bin.27.fa	/home/jshaw/scratch/2022_sketched_distance/references/SGB_genome_fastas_part2/4316/LeChatelierE_2013__MH0415__bin.40.fa	/home/jshaw/scratch/2022_sketched_distance/references/SGB_genome_fastas_part2/4316/LiJ_2014__O2.UC1-1__bin.22.fa	/home/jshaw/scratch/2022_sketched_distance/references/SGB_genome_fastas_part2/4316/LiuW_2016__SRR3992956__bin.13.fa	/home/jshaw/scratch/2022_sketched_distance/references/SGB_genome_fastas_part2/4316/LiuW_2016__SRR3992961__bin.129.fa	/home/jshaw/scratch/2022_sketched_distance/references/SGB_genome_fastas_part2/4316/LiuW_2016__SRR3992993__bin.11.fa	/home/jshaw/scratch/2022_sketched_distance/references/SGB_genome_fastas_part2/4316/LiuW_2016__SRR3993014__bin.86.fa	/home/jshaw/scratch/2022_sketched_distance/references/SGB_genome_fastas_part2/4316/LiuW_2016__SRR3993038__bin.51.fa	/home/jshaw/scratch/2022_sketched_distance/references/SGB_genome_fastas_part2/4316/LoombaR_2017__SID5208_byt__bin.5.fa	/home/jshaw/scratch/2022_sketched_distance/references/SGB_genome_fastas_part2/4316/LoombaR_2017__SID5447_cka__bin.26.fa	/home/jshaw/scratch/2022_sketched_distance/references/SGB_genome_fastas_part2/4316/LoombaR_2017__SID5486_yds__bin.2.fa	/home/jshaw/scratch/2022_sketched_distance/references/SGB_genome_fastas_part2/4316/NielsenHB_2014__O2_UC1_0__bin.3.fa	/home/jshaw/scratch/2022_sketched_distance/references/SGB_genome_fastas_part2/4316/QinJ_2012__DLM008__bin.23.fa	/home/jshaw/scratch/2022_sketched_distance/references/SGB_genome_fastas_part2/4316/QinN_2014__HV-26__bin.3.fa	/home/jshaw/scratch/2022_sketched_distance/references/SGB_genome_fastas_part2/4316/SchirmerM_2016__G88859__bin.15.fa	/home/jshaw/scratch/2022_sketched_distance/references/SGB_genome_fastas_part2/4316/SchirmerM_2016__G88861__bin.5.fa	/home/jshaw/scratch/2022_sketched_distance/references/SGB_genome_fastas_part2/4316/SchirmerM_2016__G88913__bin.12.fa	/home/jshaw/scratch/2022_sketched_distance/references/SGB_genome_fastas_part2/4316/VatanenT_2016__G80346__bin.6.fa	/home/jshaw/scratch/2022_sketched_distance/references/SGB_genome_fastas_part2/4316/VincentC_2016__MM022.3__bin.14.fa	/home/jshaw/scratch/2022_sketched_distance/references/SGB_genome_fastas_part2/4316/VogtmannE_2016__MMRS21365932ST-27-0-0__bin.57.fa	/home/jshaw/scratch/2022_sketched_distance/references/SGB_genome_fastas_part2/4316/VogtmannE_2016__MMRS34569532ST-27-0-0__bin.33.fa	/home/jshaw/scratch/2022_sketched_distance/references/SGB_genome_fastas_part2/4316/VogtmannE_2016__MMRS38954404ST-27-0-0__bin.24.fa	/home/jshaw/scratch/2022_sketched_distance/references/SGB_genome_fastas_part2/4316/VogtmannE_2016__MMRS67690541ST-27-0-0__bin.19.fa	/home/jshaw/scratch/2022_sketched_distance/references/SGB_genome_fastas_part2/4316/ZeeviD_2015__PNP_Main_187__bin.45.fa	/home/jshaw/scratch/2022_sketched_distance/references/SGB_genome_fastas_part2/4316/ZeeviD_2015__PNP_Main_195__bin.12.fa	/home/jshaw/scratch/2022_sketched_distance/references/SGB_genome_fastas_part2/4316/ZeeviD_2015__PNP_Main_709__bin.27.fa
1.0	0.9873468387953421	0.9973281120400513	0.9979087171389077	0.9883168363553368	0.9807854554965358	0.9975574173850811	0.9988616575702326	0.9885412041022117	0.9878953749748122	0.9962415232641446	0.9886657949820865	0.9970259127563975	0.9963244391068813	0.9880979756907925	0.9968273370159291	0.9973881485491708	0.9976818296977811	0.9884506979495524	0.986919791585719	0.9861028391653505	0.9880431707160108	0.9879690074370436	0.9994237707989847	0.987907750187554	0.9878285468625417	0.9854315119959712	0.9877132345830409	0.9879355464738924	0.9878492117879997	0.9977513259557987	0.9884319095201771	0.997223357193474
0.9873468387953421	1.0	0.9862387043778861	0.9864850417891874	0.9886964516804742	0.979541301442697	0.9862748286499019	0.9876009618511393	0.9865329421156539	0.9867819537580781	0.9877339188546455	0.9868617280091129	0.9873524129122714	0.987499057350861	0.9884984349429532	0.9854439236497287	0.9870449779305259	0.9862027192242092	0.9877445968780032	0.9978978895654661	0.9852906993655823	0.987276193140833	0.9870262202094828	0.9881870720253284	0.9858893380081251	0.9864683726239876	0.9861529700658043	0.9862406964996078	0.9866418356462153	0.9865556274836755	0.988008007756631	0.986569268013714	0.9866252992232887
0.9973281120400513	0.9862387043778861	1.0	0.9972538015274311	0.9877002030159455	0.9802728029260152	0.9966407244977439	0.9971953368990302	0.9875178933406813	0.9874485179326501	0.9959976291946072	0.988312801511313	0.996832248054401	0.9961963503281386	0.9875108002702673	0.9955273272379501	0.9968226965662601	0.9968810076841845	0.9882002530891523	0.9859500499850289	0.986195269040895	0.9876299439436492	0.9876072536985007	0.9979582620272364	0.9868649620963316	0.987227747141947	0.9853546392296277	0.9873815514736889	0.9874689079652307	0.9878107501258135	0.9976071142107245	0.9870617509724596	0.9961864954278619
0.9979087171389077	0.9864850417891874	0.9972538015274311	1.0	0.9879327956414814	0.9822768908516168	0.9975128748719688	0.997934642800593	0.9879311556967102	0.9882192585749809	0.9970516893226503	0.9887826241577863	0.9977265165029283	0.996932481896581	0.9883210537610261	0.9958692849913781	0.997517282745279	0.9965290301683495	0.9888474919434982	0.9850349087568536	0.9865928226126389	0.9881377988505762	0.9882674626281607	0.998160115087094	0.9864473701851134	0.9879699928041528	0.9864892636125961	0.9880118921961141	0.988110396735838	0.9881171929222188	0.9977513259557987	0.9864737005184573	0.9955635711633765
0.9883168363553368	0.9886964516804742	0.9877002030159455	0.9879327956414814	1.0	0.965563275019052	0.9870321231948486	0.9881253757191722	0.9881253757191722	0.986309638646129	0.981191134513851	0.9874267516703219	0.98773908273274	0.9854044799447569	0.982710593896591	0.9867530397413344	0.9861060988798841	0.9878554471756267	0.9785701132290017	0.988393110120126	0.985901290891553	0.9855293887730657	0.9865924938589523	0.9820443192447815	0.9885451299579371	0.987465955500718	0.9772525242128265	0.9849846525792982	0.9879327956414814	0.9784092278376613	0.9854878052486293	0.9888846319843836	0.9883549953110983
0.9807854554965358	0.979541301442697	0.9802728029260152	0.9822768908516168	0.965563275019052	1.0	0.9824223633225032	0.9812400685049085	0.980530134318459	0.9809882863952756	0.965563275019052	0.988379178981658	0.9806835662068698	0.972423767431472	0.9669426121554191	0.9708057357096528	0.9778050512096602	0.9801693002676641	0.9715179806835136	0.9799090998888702	0.9881767660192298	0.9762645353265724	0.9873544389685062	0.96558333579816	0.9916061507921392	0.9813402411236187	0.9809882863952756	0.9819839923686996	0.9821307691731436	0.9712178858819235	0.9751350288958608	0.9825671924239171	0.9806835662068698
0.9975574173850811	0.9862748286499019	0.9966407244977439	0.9975128748719688	0.9870321231948486	0.9824223633225032	1.0	0.9975141971318774	0.9870431700450446	0.9873283244339692	0.9956902201758545	0.9879858675202736	0.9966157328479099	0.9959128035875204	0.9870518905323121	0.9952066085125328	0.9969540419739819	0.9969756765154382	0.9878464000664838	0.9860726632909242	0.9856680290955534	0.9871141316960684	0.9873638571172229	0.9975918107314404	0.9870431700450446	0.9870250183944247	0.9863028586993859	0.9870158618757795	0.9871860528792495	0.9869134967391472	0.9973168007349524	0.9869304680355011	0.9966407244977439
0.9988616575702326	0.9876009618511393	0.9971953368990302	0.997934642800593	0.9881253757191722	0.9812400685049085	0.9975141971318774	1.0	0.9885020148315553	0.9879840232170348	0.9958135256175515	0.9880455519468877	0.9963954815469057	0.9956529152156559	0.9879184189787729	0.9961836936156525	0.9966688011474959	0.9975564817100137	0.9883507483558902	0.9871988622506499	0.9857304981734641	0.9879799339087844	0.9874553418786546	0.9989947770206316	0.9881670020323648	0.9873430338408191	0.9849675529605308	0.9872601059158588	0.9879982092335031	0.9875790318290493	0.9972924931269647	0.9885297794041256	0.9972806657760245
0.9885412041022117	0.9865329421156539	0.9875178933406813	0.9879311556967102	0.9881253757191722	0.980530134318459	0.9870431700450446	0.9885020148315553	1.0	0.9871472070958313	0.988124471331976	0.9873220975806642	0.9884826130367155	0.988355969694945	0.9882765588387309	0.9868144389621727	0.9881466356374962	0.9879585229704946	0.9873342065417928	0.9861594578754186	0.9856054410175115	0.9877894916167	0.9875769273664919	0.9898833840469771	0.9867038990204473	0.9871699519823984	0.9860777686757211	0.986862283458254	0.9874125310895796	0.9877722434844768	0.9887402514281955	0.9878214585914262	0.9878489171465242
0.9878953749748122	0.9867819537580781	0.9874485179326501	0.9882192585749809	0.986309638646129	0.9809882863952756	0.9873283244339692	0.9879840232170348	0.9871472070958313	1.0	0.9862060576042404	0.9869851244407832	0.9876279892389467	0.98641281859789	0.986773440720232	0.9844287530390268	0.9863506344152783	0.9877768048648672	0.9982652274277324	0.9864125989174659	0.9863506344152783	0.987276193140833	0.9868405837578035	0.9874721997330813	0.9891437566256003	0.9981639065718713	0.9835756278973112	0.9975295511855313	0.9989147784515385	0.9975406531136443	0.9867279051092044	0.9891722334881946	0.988131242078314
0.9962415232641446	0.9877339188546455	0.9959976291946072	0.9970516893226503	0.981191134513851	0.965563275019052	0.9956902201758545	0.9958135256175515	0.988124471331976	0.9862060576042404	1.0	0.9877339188546455	0.9984449640116537	0.9940440910710961	0.9814195691712673	0.993022376636099	0.9947822831217713	0.996604038422504	0.9795010123264201	0.9873784162788158	0.9854567844400546	0.9846037085797846	0.9862471872311829	0.9895197007148185	0.9873784162788158	0.9880856238483499	0.9757221530469563	0.9852879330201939	0.9882794047198645	0.9799198640797431	0.9926859496630203	0.9880467304908876	0.995504398777144
0.9886657949820865	0.9868617280091129	0.988312801511313	0.9887826241577863	0.9874267516703219	0.988379178981658	0.9879858675202736	0.9880455519468877	0.9873220975806642	0.9869851244407832	0.9877339188546455	1.0	0.9884014050528623	0.9875657712691088	0.9872362230677639	0.9847366139127954	0.9871999607869274	0.9886365228617514	0.9873857860226256	0.9866446641022588	0.9935270009301487	0.9854821810461802	0.9935292374458286	0.9879687596579694	0.9952733091035505	0.9884897709519896	0.9833309662753532	0.9866446641022588	0.9891017855037231	0.9870319264951789	0.9874888459372922	0.9877761160337865	0.9887826241577863
0.9970259127563975	0.9873524129122714	0.996832248054401	0.9977265165029283	0.98773908273274	0.9806835662068698	0.9966157328479099	0.9963954815469057	0.9884826130367155	0.9876279892389467	0.9984449640116537	0.9884014050528623	1.0	0.9962476451410534	0.9878282721517745	0.9949827420856869	0.9958658755845147	0.9973674436032791	0.9881499348215181	0.9870056455892898	0.9866838871774365	0.9878213085842192	0.9877584677335578	0.9969719383357243	0.988203678302586	0.9876009618511393	0.9853161352727836	0.98735123207229	0.988203678302586	0.9881171929222188	0.9964552747168257	0.9882876069820747	0.9962443869701924
0.9963244391068813	0.987499057350861	0.9961963503281386	0.996932481896581	0.9854044799447569	0.972423767431472	0.9959128035875204	0.9956529152156559	0.988355969694945	0.98641281859789	0.9940440910710961	0.9875657712691088	0.9962476451410534	1.0	0.9853933215681001	0.9919874379286914	0.9948608094519978	0.9964010559102058	0.9839670711147358	0.9872308411802396	0.9851104184995406	0.9851104184995406	0.9863091202037951	0.9938698228213546	0.9878312831608225	0.9879303007100698	0.9795151748471776	0.985503039958942	0.9882908391306574	0.9836742411800599	0.9924217268022463	0.9883884867554904	0.9956006924502235
0.9880979756907925	0.9884984349429532	0.9875108002702673	0.9883210537610261	0.982710593896591	0.9669426121554191	0.9870518905323121	0.9879184189787729	0.9882765588387309	0.986773440720232	0.9814195691712673	0.9872362230677639	0.9878282721517745	0.9853933215681001	1.0	0.9851003963930826	0.9864455749949769	0.9877378778496216	0.9737049634814645	0.988187388289013	0.985827868965682	0.984406566376935	0.9870518905323121	0.976867133888942	0.989024920688919	0.9877831060214026	0.9768954220808899	0.9859714503146189	0.9884541790961832	0.9776430811482357	0.9835438445699494	0.9885426314283786	0.9884984349429532
0.9968273370159291	0.9854439236497287	0.9955273272379501	0.9958692849913781	0.9867530397413344	0.9708057357096528	0.9952066085125328	0.9961836936156525	0.9868144389621727	0.9844287530390268	0.993022376636099	0.9847366139127954	0.9949827420856869	0.9919874379286914	0.9851003963930826	1.0	0.9940974925430155	0.9957719417485034	0.982980122018484	0.9849402619290893	0.9825183131560195	0.9833667077004046	0.9841872927761772	0.996762718271261	0.9859727847879822	0.9858084282324295	0.9787708633585754	0.9837340959821113	0.9864286584670572	0.9831905729347954	0.9932643329671524	0.9866542466762913	0.9959663436183173
0.9973881485491708	0.9870449779305259	0.9968226965662601	0.997517282745279	0.9861060988798841	0.9778050512096602	0.9969540419739819	0.9966688011474959	0.9881466356374962	0.9863506344152783	0.9947822831217713	0.9871999607869274	0.9958658755845147	0.9948608094519978	0.9864455749949769	0.9940974925430155	1.0	0.9988231125154314	0.9872308044291134	0.9865698572188675	0.9846520191970234	0.9868858962385204	0.9864975051130327	0.9967207157066885	0.9873968692005217	0.9867488326898315	0.9838184772674979	0.9861149564627528	0.9875133351085343	0.9867151613923347	0.9966789524147193	0.9877738865290765	0.9971718039430457
0.9976818296977811	0.9862027192242092	0.9968810076841845	0.9965290301683495	0.9878554471756267	0.9801693002676641	0.9969756765154382	0.9975564817100137	0.9879585229704946	0.9877768048648672	0.996604038422504	0.9886365228617514	0.9973674436032791	0.9964010559102058	0.9877378778496216	0.9957719417485034	0.9988231125154314	1.0	0.9886992534960855	0.9854237754960732	0.9865928226126389	0.9879799339087844	0.9878187594238548	0.9980795207685069	0.9866103197427578	0.9876580057618094	0.9852775861234905	0.9876231064789673	0.987860865633756	0.9880408491329259	0.9979902979581722	0.9868591020480201	0.9960737407875199
0.9884506979495524	0.9877445968780032	0.9882002530891523	0.9888474919434982	0.9785701132290017	0.9715179806835136	0.9878464000664838	0.9883507483558902	0.9873342065417928	0.9982652274277324	0.9795010123264201	0.9873857860226256	0.9881499348215181	0.9839670711147358	0.9737049634814645	0.982980122018484	0.9872308044291134	0.9886992534960855	1.0	0.9874887031212454	0.987540041250522	0.9858020959167325	0.9878971838732348	0.9717142581834894	0.9897231927880821	0.9980792124460641	0.9795010123264201	0.9964350140791037	0.998744055851173	0.9886992534960855	0.9854213257876926	0.9897711677458534	0.9890441118409505
0.986919791585719	0.9978978895654661	0.9859500499850289	0.9850349087568536	0.988393110120126	0.9799090998888702	0.9860726632909242	0.9871988622506499	0.9861594578754186	0.9864125989174659	0.9873784162788158	0.9866446641022588	0.9870056455892898	0.9872308411802396	0.988187388289013	0.9849402619290893	0.9865698572188675	0.9854237754960732	0.9874887031212454	1.0	0.9849729122666055	0.9869185984050963	0.9866850824272182	0.987859058377247	0.9845761582598819	0.986082007046329	0.9859268477472017	0.9860203347756096	0.9863517472480358	0.986274567118256	0.9876844922085819	0.9852231504890371	0.9855848066271755
0.9861028391653505	0.9852906993655823	0.986195269040895	0.9865928226126389	0.985901290891553	0.9881767660192298	0.9856680290955534	0.9857304981734641	0.9856054410175115	0.9863506344152783	0.9854567844400546	0.9935270009301487	0.9866838871774365	0.9851104184995406	0.985827868965682	0.9825183131560195	0.9846520191970234	0.9865928226126389	0.987540041250522	0.9849729122666055	1.0	0.9852422864859596	0.9936304244667674	0.9857020809872558	0.9949049684394198	0.9870156500051316	0.9832079472347899	0.9860834461564095	0.9876693060035534	0.9873456709018928	0.9856390333230372	0.986501505184018	0.9865928226126389
0.9880431707160108	0.987276193140833	0.9876299439436492	0.9881377988505762	0.9855293887730657	0.9762645353265724	0.9871141316960684	0.9879799339087844	0.9877894916167	0.987276193140833	0.9846037085797846	0.9854821810461802	0.9878213085842192	0.9851104184995406	0.984406566376935	0.9833667077004046	0.9868858962385204	0.9879799339087844	0.9858020959167325	0.9869185984050963	0.9852422864859596	1.0	0.9854138183421156	0.9857606944355408	0.9879799339087844	0.988232155904365	0.981217766199445	0.986224930279067	0.9888235558651438	0.9853752557359381	0.98465573889378	0.9887926927410473	0.9879165754415403
0.9879690074370436	0.9870262202094828	0.9876072536985007	0.9882674626281607	0.9865924938589523	0.9873544389685062	0.9873638571172229	0.9874553418786546	0.9875769273664919	0.9868405837578035	0.9862471872311829	0.9935292374458286	0.9877584677335578	0.9863091202037951	0.9870518905323121	0.9841872927761772	0.9864975051130327	0.9878187594238548	0.9878971838732348	0.9866850824272182	0.9936304244667674	0.9854138183421156	1.0	0.9879687596579694	0.9954965080900466	0.9879690074370436	0.9834535253349577	0.9864347408168924	0.988710136118033	0.9865556274836755	0.9862898915523994	0.9884747839117727	0.9882674626281607
0.9994237707989847	0.9881870720253284	0.9979582620272364	0.998160115087094	0.9820443192447815	0.96558333579816	0.9975918107314404	0.9989947770206316	0.9898833840469771	0.9874721997330813	0.9895197007148185	0.9879687596579694	0.9969719383357243	0.9938698228213546	0.976867133888942	0.996762718271261	0.9967207157066885	0.9980795207685069	0.9717142581834894	0.987859058377247	0.9857020809872558	0.9857606944355408	0.9879687596579694	1.0	0.9888867586970863	0.9886730485120048	0.9763246318104896	0.9861101965117518	0.9892574497708548	0.979945166172268	0.9940525199738	0.9898316740955508	0.9973039747317074
0.987907750187554	0.9858893380081251	0.9868649620963316	0.9864473701851134	0.9885451299579371	0.9916061507921392	0.9870431700450446	0.9881670020323648	0.9867038990204473	0.9891437566256003	0.9873784162788158	0.9952733091035505	0.988203678302586	0.9878312831608225	0.989024920688919	0.9859727847879822	0.9873968692005217	0.9866103197427578	0.9897231927880821	0.9845761582598819	0.9949049684394198	0.9879799339087844	0.9954965080900466	0.9888867586970863	1.0	0.9888611424021776	0.9863775475268558	0.9890075395200939	0.9891436203135314	0.9891678377580531	0.9882964792149753	0.9862548298224271	0.9865052222233915
0.9878285468625417	0.9864683726239876	0.987227747141947	0.9879699928041528	0.987465955500718	0.9813402411236187	0.9870250183944247	0.9873430338408191	0.9871699519823984	0.9981639065718713	0.9880856238483499	0.9884897709519896	0.9876009618511393	0.9879303007100698	0.9877831060214026	0.9858084282324295	0.9867488326898315	0.9876580057618094	0.9980792124460641	0.986082007046329	0.9870156500051316	0.988232155904365	0.9879690074370436	0.9886730485120048	0.9888611424021776	1.0	0.9844178483668542	0.99784028972352	0.999345708978597	0.9994087604361204	0.9881685814760095	0.9888886061916411	0.988026401508395
0.9854315119959712	0.9861529700658043	0.9853546392296277	0.9864892636125961	0.9772525242128265	0.9809882863952756	0.9863028586993859	0.9849675529605308	0.9860777686757211	0.9835756278973112	0.9757221530469563	0.9833309662753532	0.9853161352727836	0.9795151748471776	0.9768954220808899	0.9787708633585754	0.9838184772674979	0.9852775861234905	0.9795010123264201	0.9859268477472017	0.9832079472347899	0.981217766199445	0.9834535253349577	0.9763246318104896	0.9863775475268558	0.9844178483668542	1.0	0.9851616664391217	0.9853930981016199	0.9772838443105433	0.9813919344247295	0.9868589332310067	0.9859646429999678
0.9877132345830409	0.9862406964996078	0.9873815514736889	0.9880118921961141	0.9849846525792982	0.9819839923686996	0.9870158618757795	0.9872601059158588	0.986862283458254	0.9975295511855313	0.9852879330201939	0.9866446641022588	0.98735123207229	0.985503039958942	0.9859714503146189	0.9837340959821113	0.9861149564627528	0.9876231064789673	0.9964350140791037	0.9860203347756096	0.9860834461564095	0.986224930279067	0.9864347408168924	0.9861101965117518	0.9890075395200939	0.99784028972352	0.9851616664391217	1.0	0.9987124476074103	0.9964621929166897	0.9857771314113947	0.9886886985305595	0.9878629019844355
0.9879355464738924	0.9866418356462153	0.9874689079652307	0.988110396735838	0.9879327956414814	0.9821307691731436	0.9871860528792495	0.9879982092335031	0.9874125310895796	0.9989147784515385	0.9882794047198645	0.9891017855037231	0.988203678302586	0.9882908391306574	0.9884541790961832	0.9864286584670572	0.9875133351085343	0.987860865633756	0.998744055851173	0.9863517472480358	0.9876693060035534	0.9888235558651438	0.988710136118033	0.9892574497708548	0.9891436203135314	0.999345708978597	0.9853930981016199	0.9987124476074103	1.0	0.9996249723406171	0.9886140680328862	0.9890900401254318	0.9882757066748932
0.9878492117879997	0.9865556274836755	0.9878107501258135	0.9881171929222188	0.9784092278376613	0.9712178858819235	0.9869134967391472	0.9875790318290493	0.9877722434844768	0.9975406531136443	0.9799198640797431	0.9870319264951789	0.9881171929222188	0.9836742411800599	0.9776430811482357	0.9831905729347954	0.9867151613923347	0.9880408491329259	0.9886992534960855	0.986274567118256	0.9873456709018928	0.9853752557359381	0.9865556274836755	0.979945166172268	0.9891678377580531	0.9994087604361204	0.9772838443105433	0.9964621929166897	0.9996249723406171	1.0	0.9853752557359381	0.9892047483871041	0.9881552985606623
0.9977513259557987	0.988008007756631	0.9976071142107245	0.9977513259557987	0.9854878052486293	0.9751350288958608	0.9973168007349524	0.9972924931269647	0.9887402514281955	0.9867279051092044	0.9926859496630203	0.9874888459372922	0.9964552747168257	0.9924217268022463	0.9835438445699494	0.9932643329671524	0.9966789524147193	0.9979902979581722	0.9854213257876926	0.9876844922085819	0.9856390333230372	0.98465573889378	0.9862898915523994	0.9940525199738	0.9882964792149753	0.9881685814760095	0.9813919344247295	0.9857771314113947	0.9886140680328862	0.9853752557359381	1.0	0.9885824465465457	0.9996620372862862
0.9884319095201771	0.986569268013714	0.9870617509724596	0.9864737005184573	0.9888846319843836	0.9825671924239171	0.9869304680355011	0.9885297794041256	0.9878214585914262	0.9891722334881946	0.9880467304908876	0.9877761160337865	0.9882876069820747	0.9883884867554904	0.9885426314283786	0.9866542466762913	0.9877738865290765	0.9868591020480201	0.9897711677458534	0.9852231504890371	0.986501505184018	0.9887926927410473	0.9884747839117727	0.9898316740955508	0.9862548298224271	0.9888886061916411	0.9868589332310067	0.9886886985305595	0.9890900401254318	0.9892047483871041	0.9885824465465457	1.0	0.9863950196141656
0.997223357193474	0.9866252992232887	0.9961864954278619	0.9955635711633765	0.9883549953110983	0.9806835662068698	0.9966407244977439	0.9972806657760245	0.9878489171465242	0.988131242078314	0.995504398777144	0.9887826241577863	0.9962443869701924	0.9956006924502235	0.9884984349429532	0.9959663436183173	0.9971718039430457	0.9960737407875199	0.9890441118409505	0.9855848066271755	0.9865928226126389	0.9879165754415403	0.9882674626281607	0.9973039747317074	0.9865052222233915	0.988026401508395	0.9859646429999678	0.9878629019844355	0.9882757066748932	0.9881552985606623	0.9996620372862862	0.9863950196141656	1.0
