/home/jshaw/scratch/2022_sketched_distance/references/SGB_genome_fastas_part5/14749/CosteaPI_2017__halbarad-11-0-0__bin.8.fa	/home/jshaw/scratch/2022_sketched_distance/references/SGB_genome_fastas_part5/14749/FengQ_2015__SID31416__bin.9.fa	/home/jshaw/scratch/2022_sketched_distance/references/SGB_genome_fastas_part5/14749/FengQ_2015__SID31865__bin.46.fa	/home/jshaw/scratch/2022_sketched_distance/references/SGB_genome_fastas_part5/14749/FerrettiP_2018__CA_C10024IS2415FE_t3M15__bin.7.fa	/home/jshaw/scratch/2022_sketched_distance/references/SGB_genome_fastas_part5/14749/HeQ_2017__RSZAXPI003099-133__bin.4.fa	/home/jshaw/scratch/2022_sketched_distance/references/SGB_genome_fastas_part5/14749/HeQ_2017__RSZAXPI003105-143__bin.39.fa	/home/jshaw/scratch/2022_sketched_distance/references/SGB_genome_fastas_part5/14749/HeQ_2017__SZAXPI029501-104__bin.44.fa	/home/jshaw/scratch/2022_sketched_distance/references/SGB_genome_fastas_part5/14749/LiJ_2014__MH0370__bin.30.fa	/home/jshaw/scratch/2022_sketched_distance/references/SGB_genome_fastas_part5/14749/LiJ_2014__V1.FI10__bin.10.fa	/home/jshaw/scratch/2022_sketched_distance/references/SGB_genome_fastas_part5/14749/LiSS_2016__FAT_010-22-14-0__bin.52.fa	/home/jshaw/scratch/2022_sketched_distance/references/SGB_genome_fastas_part5/14749/LiSS_2016__FAT_010-22-2-0__bin.52.fa	/home/jshaw/scratch/2022_sketched_distance/references/SGB_genome_fastas_part5/14749/LiSS_2016__FAT_010-22-42-0__bin.4.fa	/home/jshaw/scratch/2022_sketched_distance/references/SGB_genome_fastas_part5/14749/NielsenHB_2014__O2_UC19_2__bin.43.fa	/home/jshaw/scratch/2022_sketched_distance/references/SGB_genome_fastas_part5/14749/NielsenHB_2014__V1_UC13_0__bin.4.fa	/home/jshaw/scratch/2022_sketched_distance/references/SGB_genome_fastas_part5/14749/NielsenHB_2014__V1_UC13_3__bin.36.fa	/home/jshaw/scratch/2022_sketched_distance/references/SGB_genome_fastas_part5/14749/NielsenHB_2014__V1_UC55_0__bin.105.fa	/home/jshaw/scratch/2022_sketched_distance/references/SGB_genome_fastas_part5/14749/RaymondF_2016__P1E0__bin.32.fa	/home/jshaw/scratch/2022_sketched_distance/references/SGB_genome_fastas_part5/14749/RaymondF_2016__P1E7__bin.27.fa	/home/jshaw/scratch/2022_sketched_distance/references/SGB_genome_fastas_part5/14749/VincentC_2016__MM021.4__bin.15.fa	/home/jshaw/scratch/2022_sketched_distance/references/SGB_genome_fastas_part5/14749/XieH_2016__YSZC12003_35705__bin.12.fa	/home/jshaw/scratch/2022_sketched_distance/references/SGB_genome_fastas_part5/14749/XieH_2016__YSZC12003_36699__bin.28.fa	/home/jshaw/scratch/2022_sketched_distance/references/SGB_genome_fastas_part5/14749/XieH_2016__YSZC12003_37285__bin.65.fa	/home/jshaw/scratch/2022_sketched_distance/references/SGB_genome_fastas_part5/14749/XieH_2016__YSZC12003_37322__bin.70.fa	/home/jshaw/scratch/2022_sketched_distance/references/SGB_genome_fastas_part5/14749/YuJ_2015__SZAXPI003415-12__bin.14.fa	/home/jshaw/scratch/2022_sketched_distance/references/SGB_genome_fastas_part5/14749/ZeeviD_2015__PNP_Main_144__bin.23.fa	/home/jshaw/scratch/2022_sketched_distance/references/SGB_genome_fastas_part5/14749/ZellerG_2014__CCIS11354283ST-4-0__bin.12.fa	/home/jshaw/scratch/2022_sketched_distance/references/SGB_genome_fastas_part5/14749/ZellerG_2014__CCIS23164343ST-4-0__bin.86.fa	/home/jshaw/scratch/2022_sketched_distance/references/SGB_genome_fastas_part5/14749/ZellerG_2014__CCIS38765456ST-20-0__bin.18.fa	/home/jshaw/scratch/2022_sketched_distance/references/SGB_genome_fastas_part5/14749/ZellerG_2014__CCIS71578391ST-4-0__bin.47.fa	/home/jshaw/scratch/2022_sketched_distance/references/SGB_genome_fastas_part5/14749/ZellerG_2014__CCIS80834637ST-4-0__bin.35.fa	/home/jshaw/scratch/2022_sketched_distance/references/SGB_genome_fastas_part5/14749/ZellerG_2014__CCIS81710917ST-20-0__bin.52.fa
1.0	0.9746386467243814	0.9699155579669235	0.9737853199613923	0.9620353940586882	0.9608109943803085	0.9638786922637382	0.9732837324355311	0.9734742747289534	0.9613608288985338	0.9621705488922762	0.9557725496798808	0.9713774569578206	0.973946107041863	0.973965660954714	0.9729405176295131	0.975086914874811	0.9750727425719001	0.9702358271679205	0.9726972971061743	0.9746429695465146	0.9732448885211776	0.9715031828358439	0.9607501223122554	0.9633959133872596	0.9741724713589982	0.9744780243958766	0.965103574589273	0.9740244444228401	0.9703618805466623	0.974942565414394
0.9746386467243814	1.0	0.9701277686856798	0.9731029732636963	0.960733292561354	0.9602326782237073	0.9616194805846916	0.9735104711915556	0.9736491694708351	0.9611776783157377	0.9624180745839225	0.9563922024915734	0.970426453648893	0.9730021700847694	0.972962049328001	0.9720340932139709	0.9743201331812177	0.9745715047659232	0.9708281543471443	0.9702809275605064	0.9734031063380936	0.9743997345417922	0.9717964300726896	0.958850573003194	0.9614480658883864	0.9732131280861013	0.9739960841677167	0.9651311680729644	0.9747838396605265	0.9685492831289121	0.9743562580384499
0.9699155579669235	0.9701277686856798	1.0	0.9707837909145601	0.9616496841440696	0.9588303678699701	0.9624997590507411	0.9692788875200752	0.9699402916729757	0.9627613924274785	0.9638192892315791	0.9586970275238895	0.9698290334195298	0.9715252459989865	0.9712515834615004	0.9691910596502628	0.9716527081363124	0.9718653220401872	0.9671481403705965	0.9688589766202405	0.9721901875572552	0.9700306755933614	0.9679693197725228	0.9590457317450409	0.9603180722192752	0.9700913673702006	0.9693627042580085	0.9636582028592439	0.9705520645740779	0.9676169978853705	0.9704101377435833
0.9737853199613923	0.9731029732636963	0.9707837909145601	1.0	0.9665837955450959	0.964204660707158	0.9665989497329056	0.9785420050023854	0.9766829556115167	0.9678497077905714	0.9687539811843786	0.9610983448731965	0.9746542754996811	0.9765513968496552	0.9766836932344011	0.9870640539227595	0.9779252725501476	0.9782201149881661	0.9709317892155123	0.9723822195061141	0.9757156645013547	0.9734478652638264	0.9707683982613339	0.965032332470046	0.964301458514034	0.9796586979216373	0.9780522345999606	0.9692319539653218	0.9783779649968705	0.9897947280726276	0.981060191393261
0.9620353940586882	0.960733292561354	0.9616496841440696	0.9665837955450959	1.0	0.9759193405668185	0.9769384240798147	0.9648053224553373	0.9657859991399436	0.9749235068176609	0.9757105046101052	0.9682016297972502	0.9652346582393683	0.9649868852766849	0.9652916465381797	0.9644166763585182	0.9648141763550364	0.9648864316095698	0.9628172754687503	0.9599412949399945	0.9637832271553383	0.9625119232180743	0.9587619402239778	0.9747844599202409	0.9685932593822331	0.9648080127455376	0.9641307947999073	0.9556909049797047	0.9653327318974931	0.9611407984703346	0.9661393785137841
0.9608109943803085	0.9602326782237073	0.9588303678699701	0.964204660707158	0.9759193405668185	1.0	0.974747095913322	0.9630712934396758	0.963694004728786	0.9713282062382668	0.9721239236465682	0.9648394216943599	0.9644537808084132	0.9616474595367155	0.9620077011885134	0.9629479740130198	0.9647910489671266	0.9646311455638271	0.9609144918497171	0.9592784789181101	0.9622801730122894	0.9616783627009379	0.9571679600822938	0.9725583480747102	0.9673026704437616	0.9634718833670917	0.9617458271552674	0.957079896145252	0.9643650449019102	0.959675857787352	0.9638206770495041
0.9638786922637382	0.9616194805846916	0.9624997590507411	0.9665989497329056	0.9769384240798147	0.974747095913322	1.0	0.9653968908996189	0.9667577336090597	0.975057900554546	0.9755928392175333	0.9680597746220838	0.9653092553306317	0.966457478177231	0.9667257595475507	0.9658935774799601	0.9674280810887779	0.9678615416923463	0.962394440236201	0.9611833739276698	0.9655804215474924	0.9629429765701607	0.9591753653931908	0.9756970732316448	0.9678503958484311	0.9671583966124838	0.965939242813145	0.9582633148757521	0.9653163961342093	0.9602929646945574	0.9668791465214941
0.9732837324355311	0.9735104711915556	0.9692788875200752	0.9785420050023854	0.9648053224553373	0.9630712934396758	0.9653968908996189	1.0	0.9761732756026389	0.9662436094983028	0.967356187259016	0.9616967291848851	0.9760973304090309	0.9760728748671433	0.976328366185303	0.9765486504328343	0.9773748081546116	0.9778088205847952	0.9710015970791547	0.9728673811132663	0.9747221217600841	0.9745845160974433	0.9688949772939154	0.9629901334489307	0.9640065137273282	0.9782420900246578	0.9771200917308464	0.9722131246706736	0.9779379163422908	0.9748810158257097	0.9798800752145636
0.9734742747289534	0.9736491694708351	0.9699402916729757	0.9766829556115167	0.9657859991399436	0.963694004728786	0.9667577336090597	0.9761732756026389	1.0	0.9660092558466846	0.9672802261155881	0.9603509337653816	0.9754323455825729	0.9784570915526717	0.9787007327354539	0.9755344882406698	0.9769220483892471	0.9772444259207267	0.9715126767750012	0.9741386050985861	0.9759075268793804	0.9747738418937715	0.9703993023027568	0.9646880802704115	0.9648950292535883	0.9769992775993245	0.976123576702727	0.9675383475033895	0.9770380537236757	0.971526286870443	0.9775758905279545
0.9613608288985338	0.9611776783157377	0.9627613924274785	0.9678497077905714	0.9749235068176609	0.9713282062382668	0.975057900554546	0.9662436094983028	0.9660092558466846	1.0	0.9985092277494608	0.989613168788031	0.9643884963943978	0.9639346950911981	0.964340629481462	0.9656801407356594	0.9651743197908583	0.9655757043571187	0.962342986602392	0.9613307811834361	0.964065388060533	0.9625704462596185	0.9587536252164239	0.9731220237863485	0.967358344737789	0.9665713020849173	0.9640382520316796	0.9570404708844964	0.9651084051045432	0.9614274216697579	0.9656433035126432
0.9621705488922762	0.9624180745839225	0.9638192892315791	0.9687539811843786	0.9757105046101052	0.9721239236465682	0.9755928392175333	0.967356187259016	0.9672802261155881	0.9985092277494608	1.0	0.9898798340462536	0.9658307711994962	0.965152530389837	0.9655294482754101	0.966704835831616	0.9662274666382792	0.9666446143317645	0.963753765712543	0.9626239645728064	0.9649956879121979	0.9635022392207125	0.9599642672779404	0.9732961267865688	0.9680075253624415	0.968008985582356	0.9649631383692286	0.957742715028909	0.9662655531683191	0.9624739731652845	0.9672524854671086
0.9557725496798808	0.9563922024915734	0.9586970275238895	0.9610983448731965	0.9682016297972502	0.9648394216943599	0.9680597746220838	0.9616967291848851	0.9603509337653816	0.989613168788031	0.9898798340462536	1.0	0.9587785771651322	0.9584337498112703	0.9581571442055654	0.9600031090942732	0.9592489505323019	0.9593977684182531	0.9571296519572039	0.9584599996306032	0.9592029915950848	0.9588795565883891	0.9555870926364654	0.9662824207022798	0.9609040684351924	0.960691606427724	0.9575768579774817	0.9565136114902167	0.9596132116369305	0.9577242352595937	0.960864893734623
0.9713774569578206	0.970426453648893	0.9698290334195298	0.9746542754996811	0.9652346582393683	0.9644537808084132	0.9653092553306317	0.9760973304090309	0.9754323455825729	0.9643884963943978	0.9658307711994962	0.9587785771651322	1.0	0.9743292579144897	0.9743077325175318	0.9744035087485549	0.9758043941489729	0.9762730617722345	0.970813013880453	0.9713570830793673	0.9744052109331406	0.972685844431804	0.9692706192066959	0.9646574118396422	0.9635725123604103	0.9755194462231547	0.9755289809326396	0.9669057805428568	0.9752572912475167	0.9695208625734024	0.975730253687541
0.973946107041863	0.9730021700847694	0.9715252459989865	0.9765513968496552	0.9649868852766849	0.9616474595367155	0.966457478177231	0.9760728748671433	0.9784570915526717	0.9639346950911981	0.965152530389837	0.9584337498112703	0.9743292579144897	1.0	0.998896507684135	0.9751483195724596	0.9786309025869615	0.9790418703531786	0.9725818665880692	0.9738880212605867	0.9757971439904005	0.9737946310291744	0.9708141251338132	0.9632742668926236	0.9636314079411281	0.9763255127725562	0.9763132000557826	0.9676239518390697	0.9751462012798948	0.9720283312243846	0.977508687928983
0.973965660954714	0.972962049328001	0.9712515834615004	0.9766836932344011	0.9652916465381797	0.9620077011885134	0.9667257595475507	0.976328366185303	0.9787007327354539	0.964340629481462	0.9655294482754101	0.9581571442055654	0.9743077325175318	0.998896507684135	1.0	0.9751489900761443	0.9790276914382956	0.9793933327644586	0.9726268355635845	0.9741032192332175	0.9760209314903395	0.973703313753327	0.9709343437949762	0.9637352991794217	0.9638014520988651	0.9765237655049874	0.9766373358510673	0.9672681079208354	0.9754158222744893	0.9720007834801176	0.9775680244772607
0.9729405176295131	0.9720340932139709	0.9691910596502628	0.9870640539227595	0.9644166763585182	0.9629479740130198	0.9658935774799601	0.9765486504328343	0.9755344882406698	0.9656801407356594	0.966704835831616	0.9600031090942732	0.9744035087485549	0.9751483195724596	0.9751489900761443	1.0	0.976154088457997	0.9762517479020314	0.9687484137554404	0.9714550336458725	0.9745204402659788	0.9731185305867063	0.9695487012429461	0.9639959256118648	0.9629466025963669	0.9780266933790742	0.9762857896418117	0.9686272418169936	0.9763599400871693	0.984196076177031	0.9794273784080969
0.975086914874811	0.9743201331812177	0.9716527081363124	0.9779252725501476	0.9648141763550364	0.9647910489671266	0.9674280810887779	0.9773748081546116	0.9769220483892471	0.9651743197908583	0.9662274666382792	0.9592489505323019	0.9758043941489729	0.9786309025869615	0.9790276914382956	0.976154088457997	1.0	0.9989640758758737	0.9738627894706257	0.9736073000679895	0.9767584310941855	0.9752673673159866	0.9706404843254258	0.9646042846818222	0.9636421789245527	0.9783076123710874	0.977813521837373	0.9698158687871862	0.9786426119704806	0.9732376402250313	0.9797873695834212
0.9750727425719001	0.9745715047659232	0.9718653220401872	0.9782201149881661	0.9648864316095698	0.9646311455638271	0.9678615416923463	0.9778088205847952	0.9772444259207267	0.9655757043571187	0.9666446143317645	0.9593977684182531	0.9762730617722345	0.9790418703531786	0.9793933327644586	0.9762517479020314	0.9989640758758737	1.0	0.9738295624904594	0.9738116616637581	0.9770098806233863	0.9748832662093229	0.9708322703569237	0.9644953821138224	0.9638971549779236	0.9785954245843819	0.97805788976517	0.9695229740498088	0.9786386504980961	0.973334703239358	0.9800516195055313
0.9702358271679205	0.9708281543471443	0.9671481403705965	0.9709317892155123	0.9628172754687503	0.9609144918497171	0.962394440236201	0.9710015970791547	0.9715126767750012	0.962342986602392	0.963753765712543	0.9571296519572039	0.970813013880453	0.9725818665880692	0.9726268355635845	0.9687484137554404	0.9738627894706257	0.9738295624904594	1.0	0.9675336830804655	0.971767829111644	0.9711915354457029	0.9680514092185755	0.9623293490950449	0.9611951953199789	0.9719247910504532	0.9712308015495653	0.9628253099991109	0.9722262125990649	0.9674283474165974	0.9725876674767041
0.9726972971061743	0.9702809275605064	0.9688589766202405	0.9723822195061141	0.9599412949399945	0.9592784789181101	0.9611833739276698	0.9728673811132663	0.9741386050985861	0.9613307811834361	0.9626239645728064	0.9584599996306032	0.9713570830793673	0.9738880212605867	0.9741032192332175	0.9714550336458725	0.9736073000679895	0.9738116616637581	0.9675336830804655	1.0	0.974001150612359	0.9722931984677633	0.9691275229129596	0.9594193821086058	0.9610048949732184	0.9735341993118469	0.9718604921390461	0.9665422826554262	0.9727483216567822	0.9690869178106707	0.9745447031784796
0.9746429695465146	0.9734031063380936	0.9721901875572552	0.9757156645013547	0.9637832271553383	0.9622801730122894	0.9655804215474924	0.9747221217600841	0.9759075268793804	0.964065388060533	0.9649956879121979	0.9592029915950848	0.9744052109331406	0.9757971439904005	0.9760209314903395	0.9745204402659788	0.9767584310941855	0.9770098806233863	0.971767829111644	0.974001150612359	1.0	0.9750351501417369	0.9715531183113664	0.9625235988695623	0.9648743003496837	0.9762475182158643	0.9754484966609196	0.9664812182204389	0.9749236186151871	0.9712989079711443	0.9769104412222804
0.9732448885211776	0.9743997345417922	0.9700306755933614	0.9734478652638264	0.9625119232180743	0.9616783627009379	0.9629429765701607	0.9745845160974433	0.9747738418937715	0.9625704462596185	0.9635022392207125	0.9588795565883891	0.972685844431804	0.9737946310291744	0.973703313753327	0.9731185305867063	0.9752673673159866	0.9748832662093229	0.9711915354457029	0.9722931984677633	0.9750351501417369	1.0	0.9725067727850295	0.9611364775906406	0.9616150859643615	0.9751579510859583	0.974584297889456	0.966591038833766	0.9761188014628602	0.9697478179309661	0.9755920507591748
0.9715031828358439	0.9717964300726896	0.9679693197725228	0.9707683982613339	0.9587619402239778	0.9571679600822938	0.9591753653931908	0.9688949772939154	0.9703993023027568	0.9587536252164239	0.9599642672779404	0.9555870926364654	0.9692706192066959	0.9708141251338132	0.9709343437949762	0.9695487012429461	0.9706404843254258	0.9708322703569237	0.9680514092185755	0.9691275229129596	0.9715531183113664	0.9725067727850295	1.0	0.9560281550314345	0.9587037835740603	0.9701254005373057	0.9701403160902403	0.9642806622312223	0.9716327268666248	0.9676970186312254	0.9720159810452126
0.9607501223122554	0.958850573003194	0.9590457317450409	0.965032332470046	0.9747844599202409	0.9725583480747102	0.9756970732316448	0.9629901334489307	0.9646880802704115	0.9731220237863485	0.9732961267865688	0.9662824207022798	0.9646574118396422	0.9632742668926236	0.9637352991794217	0.9639959256118648	0.9646042846818222	0.9644953821138224	0.9623293490950449	0.9594193821086058	0.9625235988695623	0.9611364775906406	0.9560281550314345	1.0	0.9669428928797519	0.9647895674327763	0.9639359745561141	0.9563793360467369	0.9628671249118064	0.9595557288858645	0.9643197242879364
0.9633959133872596	0.9614480658883864	0.9603180722192752	0.964301458514034	0.9685932593822331	0.9673026704437616	0.9678503958484311	0.9640065137273282	0.9648950292535883	0.967358344737789	0.9680075253624415	0.9609040684351924	0.9635725123604103	0.9636314079411281	0.9638014520988651	0.9629466025963669	0.9636421789245527	0.9638971549779236	0.9611951953199789	0.9610048949732184	0.9648743003496837	0.9616150859643615	0.9587037835740603	0.9669428928797519	1.0	0.9634917329130568	0.9644058304629605	0.956736759698069	0.9635862577083512	0.9603174160605468	0.9650662289740584
0.9741724713589982	0.9732131280861013	0.9700913673702006	0.9796586979216373	0.9648080127455376	0.9634718833670917	0.9671583966124838	0.9782420900246578	0.9769992775993245	0.9665713020849173	0.968008985582356	0.960691606427724	0.9755194462231547	0.9763255127725562	0.9765237655049874	0.9780266933790742	0.9783076123710874	0.9785954245843819	0.9719247910504532	0.9735341993118469	0.9762475182158643	0.9751579510859583	0.9701254005373057	0.9647895674327763	0.9634917329130568	1.0	0.9774766449467114	0.968873245851062	0.9778433766096001	0.974668653454151	0.9790395807823146
0.9744780243958766	0.9739960841677167	0.9693627042580085	0.9780522345999606	0.9641307947999073	0.9617458271552674	0.965939242813145	0.9771200917308464	0.976123576702727	0.9640382520316796	0.9649631383692286	0.9575768579774817	0.9755289809326396	0.9763132000557826	0.9766373358510673	0.9762857896418117	0.977813521837373	0.97805788976517	0.9712308015495653	0.9718604921390461	0.9754484966609196	0.974584297889456	0.9701403160902403	0.9639359745561141	0.9644058304629605	0.9774766449467114	1.0	0.96780499389973	0.9772034116576042	0.9729582927110731	0.9784800125188663
0.965103574589273	0.9651311680729644	0.9636582028592439	0.9692319539653218	0.9556909049797047	0.957079896145252	0.9582633148757521	0.9722131246706736	0.9675383475033895	0.9570404708844964	0.957742715028909	0.9565136114902167	0.9669057805428568	0.9676239518390697	0.9672681079208354	0.9686272418169936	0.9698158687871862	0.9695229740498088	0.9628253099991109	0.9665422826554262	0.9664812182204389	0.966591038833766	0.9642806622312223	0.9563793360467369	0.956736759698069	0.968873245851062	0.96780499389973	1.0	0.9697343713003566	0.967149010007462	0.9716518250592603
0.9740244444228401	0.9747838396605265	0.9705520645740779	0.9783779649968705	0.9653327318974931	0.9643650449019102	0.9653163961342093	0.9779379163422908	0.9770380537236757	0.9651084051045432	0.9662655531683191	0.9596132116369305	0.9752572912475167	0.9751462012798948	0.9754158222744893	0.9763599400871693	0.9786426119704806	0.9786386504980961	0.9722262125990649	0.9727483216567822	0.9749236186151871	0.9761188014628602	0.9716327268666248	0.9628671249118064	0.9635862577083512	0.9778433766096001	0.9772034116576042	0.9697343713003566	1.0	0.9733577964031556	0.9787462233917674
0.9703618805466623	0.9685492831289121	0.9676169978853705	0.9897947280726276	0.9611407984703346	0.959675857787352	0.9602929646945574	0.9748810158257097	0.971526286870443	0.9614274216697579	0.9624739731652845	0.9577242352595937	0.9695208625734024	0.9720283312243846	0.9720007834801176	0.984196076177031	0.9732376402250313	0.973334703239358	0.9674283474165974	0.9690869178106707	0.9712989079711443	0.9697478179309661	0.9676970186312254	0.9595557288858645	0.9603174160605468	0.974668653454151	0.9729582927110731	0.967149010007462	0.9733577964031556	1.0	0.9758277476919287
0.974942565414394	0.9743562580384499	0.9704101377435833	0.981060191393261	0.9661393785137841	0.9638206770495041	0.9668791465214941	0.9798800752145636	0.9775758905279545	0.9656433035126432	0.9672524854671086	0.960864893734623	0.975730253687541	0.977508687928983	0.9775680244772607	0.9794273784080969	0.9797873695834212	0.9800516195055313	0.9725876674767041	0.9745447031784796	0.9769104412222804	0.9755920507591748	0.9720159810452126	0.9643197242879364	0.9650662289740584	0.9790395807823146	0.9784800125188663	0.9716518250592603	0.9787462233917674	0.9758277476919287	1.0
