/home/jshaw/scratch/2022_sketched_distance/references/SGB_genome_fastas_part2/3546/BritoIL_2016__M1.16.ST__bin.30.fa	/home/jshaw/scratch/2022_sketched_distance/references/SGB_genome_fastas_part2/3546/BritoIL_2016__M1.1.ST__bin.111.fa	/home/jshaw/scratch/2022_sketched_distance/references/SGB_genome_fastas_part2/3546/BritoIL_2016__M1.24.ST__bin.31.fa	/home/jshaw/scratch/2022_sketched_distance/references/SGB_genome_fastas_part2/3546/BritoIL_2016__M1.27.ST__bin.11.fa	/home/jshaw/scratch/2022_sketched_distance/references/SGB_genome_fastas_part2/3546/BritoIL_2016__M1.29.ST__bin.89.fa	/home/jshaw/scratch/2022_sketched_distance/references/SGB_genome_fastas_part2/3546/BritoIL_2016__M1.3.ST__bin.79.fa	/home/jshaw/scratch/2022_sketched_distance/references/SGB_genome_fastas_part2/3546/BritoIL_2016__M1.48.ST__bin.81.fa	/home/jshaw/scratch/2022_sketched_distance/references/SGB_genome_fastas_part2/3546/BritoIL_2016__M1.4.ST__bin.21.fa	/home/jshaw/scratch/2022_sketched_distance/references/SGB_genome_fastas_part2/3546/BritoIL_2016__M2.36.ST__bin.37.fa	/home/jshaw/scratch/2022_sketched_distance/references/SGB_genome_fastas_part2/3546/BritoIL_2016__M2.37.ST__bin.15.fa	/home/jshaw/scratch/2022_sketched_distance/references/SGB_genome_fastas_part2/3546/BritoIL_2016__M2.38.ST__bin.48.fa	/home/jshaw/scratch/2022_sketched_distance/references/SGB_genome_fastas_part2/3546/BritoIL_2016__M2.39.ST__bin.19.fa	/home/jshaw/scratch/2022_sketched_distance/references/SGB_genome_fastas_part2/3546/BritoIL_2016__M2.40.ST__bin.49.fa	/home/jshaw/scratch/2022_sketched_distance/references/SGB_genome_fastas_part2/3546/BritoIL_2016__W1.2.ST__bin.95.fa	/home/jshaw/scratch/2022_sketched_distance/references/SGB_genome_fastas_part2/3546/BritoIL_2016__W3.18.ST__bin.61.fa	/home/jshaw/scratch/2022_sketched_distance/references/SGB_genome_fastas_part2/3546/CM_madagascar__A08_01_1FE__bin.3.fa	/home/jshaw/scratch/2022_sketched_distance/references/SGB_genome_fastas_part2/3546/CM_madagascar__A32_01_1FE__bin.17.fa	/home/jshaw/scratch/2022_sketched_distance/references/SGB_genome_fastas_part2/3546/CM_madagascar__A36_01_1FE__bin.38.fa	/home/jshaw/scratch/2022_sketched_distance/references/SGB_genome_fastas_part2/3546/CM_madagascar__A39_02_1FE__bin.22.fa	/home/jshaw/scratch/2022_sketched_distance/references/SGB_genome_fastas_part2/3546/CM_madagascar__A40_02_1FE__bin.15.fa	/home/jshaw/scratch/2022_sketched_distance/references/SGB_genome_fastas_part2/3546/CM_madagascar__A45_02_1FE__bin.2.fa	/home/jshaw/scratch/2022_sketched_distance/references/SGB_genome_fastas_part2/3546/CM_madagascar__A56_01_1FE__bin.45.fa	/home/jshaw/scratch/2022_sketched_distance/references/SGB_genome_fastas_part2/3546/CM_madagascar__A72_02_1FE__bin.1.fa	/home/jshaw/scratch/2022_sketched_distance/references/SGB_genome_fastas_part2/3546/CM_madagascar__A73_01_1FE__bin.37.fa	/home/jshaw/scratch/2022_sketched_distance/references/SGB_genome_fastas_part2/3546/CM_madagascar__A81_01_1FE__bin.13.fa	/home/jshaw/scratch/2022_sketched_distance/references/SGB_genome_fastas_part2/3546/CM_madagascar__A81_03_1FE__bin.15.fa	/home/jshaw/scratch/2022_sketched_distance/references/SGB_genome_fastas_part2/3546/CM_madagascar__A88_02_1FE__bin.30.fa	/home/jshaw/scratch/2022_sketched_distance/references/SGB_genome_fastas_part2/3546/CM_madagascar__A90_04_1FE__bin.17.fa	/home/jshaw/scratch/2022_sketched_distance/references/SGB_genome_fastas_part2/3546/CM_madagascar__V07_01_2FE__bin.37.fa	/home/jshaw/scratch/2022_sketched_distance/references/SGB_genome_fastas_part2/3546/CM_madagascar__V18_02_1FE__bin.38.fa	/home/jshaw/scratch/2022_sketched_distance/references/SGB_genome_fastas_part2/3546/CM_madagascar__V50_02_1FE__bin.9.fa	/home/jshaw/scratch/2022_sketched_distance/references/SGB_genome_fastas_part2/3546/LeChatelierE_2013__MH0189__bin.74.fa	/home/jshaw/scratch/2022_sketched_distance/references/SGB_genome_fastas_part2/3546/Obregon-TitoAJ_2015__HCO70__bin.24.fa	/home/jshaw/scratch/2022_sketched_distance/references/SGB_genome_fastas_part2/3546/Obregon-TitoAJ_2015__SM01__bin.40.fa	/home/jshaw/scratch/2022_sketched_distance/references/SGB_genome_fastas_part2/3546/Obregon-TitoAJ_2015__SM02__bin.41.fa	/home/jshaw/scratch/2022_sketched_distance/references/SGB_genome_fastas_part2/3546/Obregon-TitoAJ_2015__SM03__bin.7.fa	/home/jshaw/scratch/2022_sketched_distance/references/SGB_genome_fastas_part2/3546/Obregon-TitoAJ_2015__SM18__bin.32.fa	/home/jshaw/scratch/2022_sketched_distance/references/SGB_genome_fastas_part2/3546/Obregon-TitoAJ_2015__SM23__bin.1.fa	/home/jshaw/scratch/2022_sketched_distance/references/SGB_genome_fastas_part2/3546/Obregon-TitoAJ_2015__SM30__bin.20.fa	/home/jshaw/scratch/2022_sketched_distance/references/SGB_genome_fastas_part2/3546/Obregon-TitoAJ_2015__SM37__bin.34.fa	/home/jshaw/scratch/2022_sketched_distance/references/SGB_genome_fastas_part2/3546/Obregon-TitoAJ_2015__SM40__bin.39.fa	/home/jshaw/scratch/2022_sketched_distance/references/SGB_genome_fastas_part2/3546/RampelliS_2015__H10__bin.43.fa	/home/jshaw/scratch/2022_sketched_distance/references/SGB_genome_fastas_part2/3546/RampelliS_2015__H11__bin.10.fa	/home/jshaw/scratch/2022_sketched_distance/references/SGB_genome_fastas_part2/3546/RampelliS_2015__H13__bin.27.fa	/home/jshaw/scratch/2022_sketched_distance/references/SGB_genome_fastas_part2/3546/RampelliS_2015__H14__bin.29.fa	/home/jshaw/scratch/2022_sketched_distance/references/SGB_genome_fastas_part2/3546/RampelliS_2015__H16__bin.3.fa	/home/jshaw/scratch/2022_sketched_distance/references/SGB_genome_fastas_part2/3546/SchirmerM_2016__G89199__bin.16.fa
1.0	0.9805437362147609	0.9894367317600997	0.983389605135343	0.9743333640360189	0.9743243375487617	0.9808453832490868	0.9819211285331315	0.9920893198261158	0.9843412657344043	0.9947117600075007	0.9953478460208477	0.997274273702428	0.9772069147080312	0.9882725261404689	0.9838887810705453	0.9890720257194949	0.9864604926181749	0.9911227051054616	0.9908565303217699	0.9908297944919748	0.9908297944919748	0.9845751050067139	0.9896591779678683	0.9872152334685401	0.9883591205501704	0.9877774772194203	0.9894924841116562	0.9838887810705453	0.9884454879491071	0.9897145559224239	0.9903448107198669	0.9900722646065431	0.9877774772194203	0.9872450659146172	0.981914992499018	0.9889306729438212	0.9802971662231161	0.9737484071864083	0.9902360621799272	0.9897974489494189	0.9884167239648528	0.971168910426295	0.9875419124493869	0.9787684475488827	0.9890155573181567	0.9897974489494189
0.9805437362147609	1.0	0.9879591121693397	0.968694970164289	0.9891851057187246	0.988704718914116	0.956549469549037	0.9455270104994609	0.9909263526534962	0.9846689143280436	0.9923937038623926	0.9913798734562228	0.996607042820976	0.9894931268583615	0.988030411525151	0.9812955866225587	0.9861998837194871	0.9801385845215238	0.9895951645974578	0.9893223593095632	0.9898320323662475	0.9891851057187246	0.9898657322206719	0.9873830900216214	0.9865369851970027	0.9855919207829771	0.986870666061139	0.986387588847303	0.9795904459542006	0.9872739546533628	0.9879234045209583	0.9892194727131741	0.9873830900216214	0.9851673232999694	0.9818160875070081	0.968109835312674	0.9878876581118692	0.9573850970928849	0.9878249120423238	0.9884901329910657	0.9878876581118692	0.986870666061139	0.960937432335531	0.9869075336185301	0.9448539144312633	0.9858592895652334	0.9878518728564241
0.9894367317600997	0.9879591121693397	1.0	0.9905738224516939	0.9905861671580515	0.9921240034164118	0.9890086829378913	0.9902449422535943	0.9899897885381994	0.9903049235404536	0.9910711080169589	0.989153604917262	0.9893875207083601	0.9889676635097674	0.9901805763836369	0.988333520145931	0.9876456554202591	0.9899431115153292	0.988518955605555	0.9891705321407196	0.9891359966605211	0.9891705321407196	0.9883881730952668	0.9881407589059944	0.9886826283540354	0.9906884158507887	0.9901488536096618	0.9890068308902222	0.9890557587490111	0.9892569231737354	0.9895858784448706	0.9880836530311549	0.9879691433776976	0.9907282691582245	0.9903745184115013	0.9869462226861718	0.9882357159017157	0.9882750347208706	0.9907011203923032	0.9883057029228798	0.9885377519582428	0.9869004854750767	0.9775704866347286	0.9864367048339736	0.9861780269361163	0.987273594168214	0.9903503764514217
0.983389605135343	0.968694970164289	0.9905738224516939	1.0	0.9676587878656018	0.9709140482005424	0.9886075108530132	0.9918566737575889	0.9999409029856156	0.9853601960184472	0.9897262683219251	0.9926758801805718	0.9921066419349606	0.9723867124623131	0.9883847188807406	0.9845982241295265	0.9893485058007936	0.9897530865396857	0.9913491190816887	0.9908861281733807	0.9905999610346327	0.9909378932107076	0.9834171319860854	0.9905738224516939	0.9865459419774695	0.9898601419479063	0.9875642260457149	0.9900997541865828	0.9845668555076302	0.9881322637523702	0.991041180552216	0.9905999610346327	0.9908083281825247	0.9883847188807406	0.9878210563435924	0.9881322637523702	0.9899934745958894	0.9872480185121838	0.9661705046196132	0.9903902706660689	0.9910153889781301	0.9883847188807406	0.9731971547756406	0.9880476802351218	0.9839544731109714	0.9888563644832095	0.9904165549104019
0.9743333640360189	0.9891851057187246	0.9905861671580515	0.9676587878656018	1.0	0.9902240378501942	0.9607990196057357	0.9518441251833696	0.9909067271427197	0.9814925947819437	0.9865840223269451	0.9838944919015625	0.9898038805490205	0.9982062628034065	0.9883885845027708	0.9825240647633126	0.9892047483871041	0.9818167345970209	0.9896053765583168	0.9907147647826953	0.9916636131154031	0.9905861671580515	0.991538663216494	0.9890363727204894	0.9874101127785105	0.9872322838920224	0.9873746237868554	0.9892718586389773	0.981648058901781	0.9889687809390251	0.9902624645795082	0.990392326729779	0.9896053765583168	0.9863650644034423	0.9848284884725826	0.970874792910441	0.9894056708000121	0.9637208372130638	0.9907716706164301	0.9891711419716217	0.9893053626166727	0.9883196495767599	0.9640134745606551	0.9892718586389773	0.9478739961184685	0.9882851279467328	0.9902299190590772
0.9743243375487617	0.988704718914116	0.9921240034164118	0.9709140482005424	0.9902240378501942	1.0	0.9720701057316052	0.9525495381367981	0.9926666054055534	0.9789872084729255	0.9870322559719429	0.9832295123587992	0.9900788541040043	0.990006022024945	0.9896394305698287	0.9841570283709081	0.989044275749162	0.9830498281227672	0.9907628600762322	0.9920555479978445	0.9910819832505497	0.9918493273123357	0.9912579508089611	0.9897498363281729	0.989044275749162	0.9897498363281729	0.9887804788607317	0.9901515258069415	0.982274980980848	0.9897130754477109	0.9906915231232852	0.9915027415908705	0.9904406231142396	0.9881694654168498	0.9852701998933455	0.9668800741256195	0.9898964716219492	0.9644175622583627	0.987468248593486	0.9902602342220075	0.9909405312276478	0.989454595824666	0.963277942461076	0.9883616271418384	0.9521997609709165	0.9881694654168498	0.9917111287798177
0.9808453832490868	0.956549469549037	0.9890086829378913	0.9886075108530132	0.9607990196057357	0.9720701057316052	1.0	0.9934783633513516	0.9904607567880725	0.9805027912959837	0.9864852443932054	0.989035663016507	0.9885466101844389	0.9689867722416186	0.9863392149983718	0.9818615431111668	0.9875179432946432	0.9879945670295865	0.9889816807607565	0.9900448858021303	0.9888192015597888	0.9901754092243636	0.9807004166772498	0.9890086829378913	0.984472380308204	0.9881057182676516	0.9850862559082263	0.9888463371048253	0.9817943705100335	0.985778310830525	0.9890895570250595	0.9884369391170579	0.9884369391170579	0.9884094642171186	0.9861631192331399	0.9874614135446756	0.9881611535374806	0.9886659380581762	0.9596289515146245	0.9876307123906172	0.9887920436564316	0.9870915843132061	0.9723456673534431	0.9858378061892119	0.984610749196413	0.9871772991603525	0.9882441319042957
0.9819211285331315	0.9455270104994609	0.9902449422535943	0.9918566737575889	0.9518441251833696	0.9525495381367981	0.9934783633513516	1.0	0.9924450150496671	0.9746054827929929	0.9890712336355724	0.9911971712533745	0.9904314003268501	0.9680121969926644	0.9885832437170374	0.9839825900615463	0.9897741358254659	0.9894883931911288	0.9905551232132894	0.9914985774755751	0.990338302936786	0.9916482559854327	0.9821611201793419	0.9905242359292151	0.9859931035924417	0.98993181881819	0.9870056455892898	0.9906783842305784	0.9848016282098919	0.9879211409606059	0.9910454307938407	0.9898057327677331	0.9909540508358048	0.9911971712533745	0.987618796125854	0.9897741358254659	0.9906476120848152	0.9905242359292151	0.9513954663998121	0.9893925929133993	0.9904933197235555	0.9888769037603132	0.9741631717581258	0.9877871081151267	0.9818613933257482	0.9895202648807288	0.9896156955877519
0.9920893198261158	0.9909263526534962	0.9899897885381994	0.9999409029856156	0.9909067271427197	0.9926666054055534	0.9904607567880725	0.9924450150496671	1.0	0.9914238519811944	0.9929012886706913	0.9915904249381846	0.9914363383031503	0.9886069576438549	0.991200173943965	0.9903316975561611	0.9882035854709844	0.9909116714169961	0.9895824253974859	0.9900150637336671	0.9903010573049978	0.9897798829752656	0.9889722322218095	0.9890280948148212	0.989520439196525	0.992786656924884	0.9907377127882423	0.9899081043408272	0.9895040713646329	0.9901963043277885	0.9899859000132988	0.9895006804455374	0.9887558498292448	0.9927049441698403	0.9907106475991454	0.9878016660431471	0.9883407043594077	0.990078587287139	0.9903460903616461	0.9892757288782474	0.9895272302639938	0.9868834554589061	0.9783078322582368	0.9876105513774228	0.9873942213988957	0.9873344376435936	0.9905141733657823
0.9843412657344043	0.9846689143280436	0.9903049235404536	0.9853601960184472	0.9814925947819437	0.9789872084729255	0.9805027912959837	0.9746054827929929	0.9914238519811944	1.0	0.9938727346204419	0.9972210128475218	0.9974115651899699	0.9874793687943485	0.9889837416518749	0.984947175972045	0.9898703819955489	0.987861952566243	0.9910422811069005	0.9920253477758967	0.9913478895004362	0.9919880732038736	0.9902263403455305	0.9905005669904754	0.9870922858854618	0.9881564746001301	0.9868752558287932	0.9902263403455305	0.9827015381557179	0.9877349179835944	0.9903833201063194	0.9908112050741239	0.9902263403455305	0.985677881110554	0.9873078937778744	0.9830459003068922	0.9906950579624063	0.9809232081506787	0.9773395689315328	0.9900686104394382	0.9893493438439165	0.9889428677935181	0.9711297955764454	0.9881145609329759	0.964840358765096	0.9895105416353346	0.9892684485149691
0.9947117600075007	0.9923937038623926	0.9910711080169589	0.9897262683219251	0.9865840223269451	0.9870322559719429	0.9864852443932054	0.9890712336355724	0.9929012886706913	0.9938727346204419	1.0	0.9961259146496243	0.9975017514571148	0.9850252435445084	0.9905141733657823	0.9871383858866623	0.9900533247156188	0.9877532623998315	0.9916791081017698	0.9922366591931161	0.991859348328704	0.9921773692511197	0.9866567206822296	0.9907834996798918	0.9881427123294363	0.9891769082967321	0.9889813666518337	0.990804126392929	0.9872491383377989	0.9888940855660595	0.9911324139313094	0.9913359492848021	0.9911936062950905	0.9889595680359266	0.9880793796267433	0.9847866393143928	0.9908247402317036	0.9868104534178664	0.9863271558191778	0.9909686779914333	0.9905557514337412	0.9895431305146796	0.9746755756400525	0.9886308469612337	0.9848392776847555	0.9900111085520197	0.9909891894213166
0.9953478460208477	0.9913798734562228	0.989153604917262	0.9926758801805718	0.9838944919015625	0.9832295123587992	0.989035663016507	0.9911971712533745	0.9915904249381846	0.9972210128475218	0.9961259146496243	1.0	0.9968634817847055	0.9836085556738475	0.9888784797228904	0.986103902500041	0.9881695925068659	0.9887872887218363	0.9902928502556675	0.9905564755992862	0.990717666531119	0.9905766675496405	0.9847879086790481	0.989447348514611	0.9861318049730472	0.9875559125356858	0.9870356827389335	0.9891746736011705	0.9860739821629767	0.9870206392950657	0.9893427401969604	0.9896555750506185	0.9889633784426266	0.9862701222964111	0.9869510282309576	0.9875523647029745	0.9889209564147865	0.9889973466976857	0.9820705112855115	0.9892588139729849	0.9889209564147865	0.9875559125356858	0.9760065188951162	0.9866816168465224	0.9868274916926159	0.9879954192366299	0.9889845690021888
0.997274273702428	0.996607042820976	0.9893875207083601	0.9921066419349606	0.9898038805490205	0.9900788541040043	0.9885466101844389	0.9904314003268501	0.9914363383031503	0.9974115651899699	0.9975017514571148	0.9968634817847055	1.0	0.9881635822211783	0.9904976650709976	0.9891847466054321	0.988145682393569	0.9901173900357857	0.9902706064029926	0.9908039319448598	0.9903076653524284	0.990767426140374	0.9874272564280492	0.9892921690135295	0.9883288995715395	0.9902683977626727	0.9903123494115444	0.9889272968223841	0.9887694405407699	0.9895596418132614	0.9898226226179093	0.9901777765909825	0.9894445996751571	0.9896017764572642	0.989799421987237	0.9867160092642334	0.9895015800296421	0.9885268614906415	0.989951095957811	0.9893112614212508	0.9894825975136875	0.9881852066449536	0.9767433001723631	0.9871825824377586	0.9866124254963058	0.9886753000046747	0.9894445996751571
0.9772069147080312	0.9894931268583615	0.9889676635097674	0.9723867124623131	0.9982062628034065	0.990006022024945	0.9689867722416186	0.9680121969926644	0.9886069576438549	0.9874793687943485	0.9850252435445084	0.9836085556738475	0.9881635822211783	1.0	0.9862722707063308	0.9807749679076487	0.9875540605290116	0.9815548959955953	0.9877141571710926	0.9890700014749111	0.9901505336496043	0.9889676635097674	0.9899272856337606	0.9875005214927838	0.9852555251458879	0.9854557054335237	0.9859929824357853	0.9874200493045293	0.9797052457554355	0.9860770183648231	0.9880056610191633	0.9883729729361043	0.9877407644178602	0.984938469867653	0.9835783808531668	0.9740411543080015	0.9876608780823262	0.9708556438833384	0.9912613474046317	0.9872315121531544	0.9870961783542259	0.9869602856155607	0.9651105055372174	0.9862444484170281	0.9647617948096792	0.9863555965815064	0.9884511526076548
0.9882725261404689	0.988030411525151	0.9901805763836369	0.9883847188807406	0.9883885845027708	0.9896394305698287	0.9863392149983718	0.9885832437170374	0.991200173943965	0.9889837416518749	0.9905141733657823	0.9888784797228904	0.9904976650709976	0.9862722707063308	1.0	0.9871383858866623	0.9887563227684472	0.9882858187339737	0.990556781630074	0.990831268103944	0.990556781630074	0.9909676605642214	0.9858743904372048	0.9895167982421154	0.9864082072099438	0.9878683632171569	0.9885538431922949	0.9896182331312046	0.9867942818957501	0.9877214158256588	0.9906354394254241	0.989820171981419	0.9894354251343583	0.9880944887831266	0.9875085237976227	0.9839875705055784	0.9899808378513425	0.9858268134807318	0.9891836267646744	0.9896789446829777	0.9898604118506299	0.9887771084977609	0.9758196870841848	0.9883799201758945	0.984110076248716	0.9887355239220733	0.9898000336280841
0.9838887810705453	0.9812955866225587	0.988333520145931	0.9845982241295265	0.9825240647633126	0.9841570283709081	0.9818615431111668	0.9839825900615463	0.9903316975561611	0.984947175972045	0.9871383858866623	0.986103902500041	0.9891847466054321	0.9807749679076487	0.9871383858866623	1.0	0.9887145597431479	0.9854828942668149	0.989809047455143	0.9902187799323807	0.9901961499801146	0.9900827668915927	0.9846361867271569	0.9901281668793692	0.9874843028155281	0.9883813917744041	0.9874843028155281	0.9897402613287637	0.9861259587700628	0.9874104832188844	0.9899917791200669	0.9899005397806951	0.9896713314853204	0.9861807098825118	0.9851679319160919	0.9800504779623801	0.9895561273779953	0.9819448245046577	0.982796993754674	0.9890912441876141	0.9888327366997471	0.9884530690472431	0.9729211031876431	0.986763680152401	0.9810619608266394	0.9885483968324196	0.9894405194981948
0.9890720257194949	0.9861998837194871	0.9876456554202591	0.9893485058007936	0.9892047483871041	0.989044275749162	0.9875179432946432	0.9897741358254659	0.9882035854709844	0.9898703819955489	0.9900533247156188	0.9881695925068659	0.988145682393569	0.9875540605290116	0.9887563227684472	0.9887145597431479	1.0	0.9894368712585544	0.9882226568700679	0.9891994605015498	0.9882798049079989	0.9890696416867086	0.9865711492856202	0.9874705646477151	0.9889711102751805	0.9900664951608178	0.989318997951867	0.9885853675490334	0.9970559417391092	0.989659933747317	0.9876262468151943	0.9871569736244357	0.9875873952438606	0.9889403648261947	0.9898638187531161	0.9865100135544083	0.9875484977658556	0.9887767782646969	0.989367983849668	0.9874705646477151	0.9871766608528078	0.9878198199089627	0.9780289016633192	0.9858440000126982	0.9863959436036155	0.9866008930496145	0.9883574140509594
0.9864604926181749	0.9801385845215238	0.9899431115153292	0.9897530865396857	0.9818167345970209	0.9830498281227672	0.9879945670295865	0.9894883931911288	0.9909116714169961	0.987861952566243	0.9877532623998315	0.9887872887218363	0.9901173900357857	0.9815548959955953	0.9882858187339737	0.9854828942668149	0.9894368712585544	1.0	0.9903986444692593	0.9906775230005967	0.9906561542302968	0.9907202191032648	0.9856072577515027	0.9900739066127372	0.9873303864460289	0.988809902497253	0.987962680805628	0.9898993976909918	0.9859697817177707	0.9881015568588215	0.9906133751607937	0.9903123596047655	0.9899867675069295	0.9875659878690682	0.9869259519146523	0.9859630531326601	0.9900303658211544	0.9883311628077502	0.982796993754674	0.9902691324496308	0.9903555302279332	0.98919198198378	0.975669445123017	0.9884690556926056	0.985441022784069	0.9890351910549007	0.9898556258779236
0.9911227051054616	0.9895951645974578	0.988518955605555	0.9913491190816887	0.9896053765583168	0.9907628600762322	0.9889816807607565	0.9905551232132894	0.9895824253974859	0.9910422811069005	0.9916791081017698	0.9902928502556675	0.9902706064029926	0.9877141571710926	0.990556781630074	0.989809047455143	0.9882226568700679	0.9903986444692593	1.0	0.9893642388325492	0.9896507806438908	0.98901950841827	0.9877077466975848	0.9887866362607264	0.9887653097264916	0.990086741092033	0.9905965329894425	0.9896664309436668	0.9900156702315429	0.9899391399234205	0.9892179643921611	0.9883870800449205	0.9882036554636899	0.98968352799107	0.9904799268384115	0.9875273304194754	0.9885212702889741	0.9898383794682154	0.9907011203923032	0.9887008872405327	0.9878741516223358	0.9872126661037344	0.9786875075262673	0.9868193146188152	0.986934499762441	0.9875016027382483	0.989350146671548
0.9908565303217699	0.9893223593095632	0.9891705321407196	0.9908861281733807	0.9907147647826953	0.9920555479978445	0.9900448858021303	0.9914985774755751	0.9900150637336671	0.9920253477758967	0.9922366591931161	0.9905564755992862	0.9908039319448598	0.9890700014749111	0.990831268103944	0.9902187799323807	0.9891994605015498	0.9906775230005967	0.9893642388325492	1.0	0.9898508393441103	0.9994792944438508	0.9883671211632334	0.9894692711592942	0.9891552386300156	0.9916095397056292	0.9908181168001549	0.9898895767971321	0.9898769281529023	0.9899986636698123	0.9908598071283281	0.9892625720410877	0.9892361845649611	0.9904701673679267	0.9906688180993083	0.9877270736561647	0.9892728222677117	0.9897579200239877	0.991122178837631	0.98907289818325	0.988700311078096	0.9880037106482831	0.978618803567448	0.9875518639952076	0.9878476101153713	0.9878320162115141	0.9900755624220873
0.9908297944919748	0.9898320323662475	0.9891359966605211	0.9905999610346327	0.9916636131154031	0.9910819832505497	0.9888192015597888	0.990338302936786	0.9903010573049978	0.9913478895004362	0.991859348328704	0.990717666531119	0.9903076653524284	0.9901505336496043	0.990556781630074	0.9901961499801146	0.9882798049079989	0.9906561542302968	0.9896507806438908	0.9898508393441103	1.0	0.9898689664888546	0.9978254634999499	0.9889688089444443	0.9897416428533546	0.9913573191862749	0.9986802270976058	0.9896104078465656	0.9900848231377791	0.9896398997392157	0.989695457130754	0.989814555150428	0.9889688089444443	0.9906490678810879	0.9904588720595359	0.9875022770825581	0.9889874272816743	0.9892437349031372	0.9909123205462077	0.9890060351097668	0.9890617956596601	0.9877161402405709	0.9781337804667237	0.9867792488679115	0.9870411608909279	0.9880816657798436	0.9900387470548192
0.9908297944919748	0.9891851057187246	0.9891705321407196	0.9909378932107076	0.9905861671580515	0.9918493273123357	0.9901754092243636	0.9916482559854327	0.9897798829752656	0.9919880732038736	0.9921773692511197	0.9905766675496405	0.990767426140374	0.9889676635097674	0.9909676605642214	0.9900827668915927	0.9890696416867086	0.9907202191032648	0.98901950841827	0.9994792944438508	0.9898689664888546	1.0	0.9883881730952668	0.9893778448895431	0.9891552386300156	0.9915708616106355	0.9908582455210173	0.9897223590612751	0.9896677149881766	0.9899391399234205	0.9911402277184254	0.9892257869043805	0.9889645190886363	0.990390343808437	0.9904378038448691	0.9877768206858345	0.98901950841827	0.9895153575556807	0.9909824215484552	0.9890543970061855	0.9886273834843932	0.9878070317178427	0.978618803567448	0.9875910005394076	0.9879513575491271	0.9875399366883573	0.9900571598721386
0.9845751050067139	0.9898657322206719	0.9883881730952668	0.9834171319860854	0.991538663216494	0.9912579508089611	0.9807004166772498	0.9821611201793419	0.9889722322218095	0.9902263403455305	0.9866567206822296	0.9847879086790481	0.9874272564280492	0.9899272856337606	0.9858743904372048	0.9846361867271569	0.9865711492856202	0.9856072577515027	0.9877077466975848	0.9883671211632334	0.9978254634999499	0.9883881730952668	1.0	0.9872098563650785	0.9853938576349841	0.9859977067635103	0.99419337996046	0.9876001484705961	0.9841458453540745	0.9850462643929437	0.988451248302357	0.9883671211632334	0.987492197407865	0.9867611875389678	0.9858068628160968	0.9802699399221768	0.9880497170408107	0.9815680053752402	0.9914690073663501	0.9877077466975848	0.9880071644508043	0.9862583113609728	0.9723006239755346	0.9849529480826333	0.9771766932685112	0.9865933813747981	0.9880284476182922
0.9896591779678683	0.9873830900216214	0.9881407589059944	0.9905738224516939	0.9890363727204894	0.9897498363281729	0.9890086829378913	0.9905242359292151	0.9890280948148212	0.9905005669904754	0.9907834996798918	0.989447348514611	0.9892921690135295	0.9875005214927838	0.9895167982421154	0.9901281668793692	0.9874705646477151	0.9900739066127372	0.9887866362607264	0.9894692711592942	0.9889688089444443	0.9893778448895431	0.9872098563650785	1.0	0.9885374349176254	0.9902079565582723	0.9900668009963819	0.988662399212081	0.9892452653546739	0.9898596075339998	0.9888458988870177	0.9879308848433431	0.9881846288609615	0.989334675905411	0.9903111114259374	0.9872506892489917	0.9886371623741314	0.9896772638785649	0.9894781054277143	0.9883057029228798	0.9879751216909383	0.9875714138951228	0.9778533503596979	0.9873160624864538	0.9876391293984392	0.9876293903942523	0.9889908742597356
0.9872152334685401	0.9865369851970027	0.9886826283540354	0.9865459419774695	0.9874101127785105	0.989044275749162	0.984472380308204	0.9859931035924417	0.989520439196525	0.9870922858854618	0.9881427123294363	0.9861318049730472	0.9883288995715395	0.9852555251458879	0.9864082072099438	0.9874843028155281	0.9889711102751805	0.9873303864460289	0.9887653097264916	0.9891552386300156	0.9897416428533546	0.9891552386300156	0.9853938576349841	0.9885374349176254	1.0	0.9874105749233493	0.9882947924357227	0.9891144099936408	0.986971918522783	0.9881611156519274	0.9887653097264916	0.9896211702325707	0.9891960167712991	0.9873799076048582	0.9879432740829278	0.9827657102006137	0.9883498126026017	0.9854922813094801	0.9874373273598304	0.9883498126026017	0.9891144099936408	0.9879924726929135	0.9755185058728112	0.9864123307410746	0.983045135657778	0.9874812989569375	0.9891552386300156
0.9883591205501704	0.9855919207829771	0.9906884158507887	0.9898601419479063	0.9872322838920224	0.9897498363281729	0.9881057182676516	0.98993181881819	0.992786656924884	0.9881564746001301	0.9891769082967321	0.9875559125356858	0.9902683977626727	0.9854557054335237	0.9878683632171569	0.9883813917744041	0.9900664951608178	0.988809902497253	0.990086741092033	0.9916095397056292	0.9913573191862749	0.9915708616106355	0.9859977067635103	0.9902079565582723	0.9874105749233493	1.0	0.9886611827917952	0.9902885202618695	0.9888890421710477	0.988807388283783	0.990767817063014	0.9901676008469736	0.9903086305019632	0.9896589458497179	0.9878066036798944	0.9848410369104208	0.9901271957326037	0.9871028091035694	0.987901884449839	0.9897408594374203	0.9903488142655186	0.9888494419362887	0.9764505860853967	0.9881271269781747	0.9857008587612132	0.9890797828945583	0.9906287394033795
0.9877774772194203	0.986870666061139	0.9901488536096618	0.9875642260457149	0.9873746237868554	0.9887804788607317	0.9850862559082263	0.9870056455892898	0.9907377127882423	0.9868752558287932	0.9889813666518337	0.9870356827389335	0.9903123494115444	0.9859929824357853	0.9885538431922949	0.9874843028155281	0.989318997951867	0.987962680805628	0.9905965329894425	0.9908181168001549	0.9986802270976058	0.9908582455210173	0.99419337996046	0.9900668009963819	0.9882947924357227	0.9886611827917952	1.0	0.9899845438691414	0.987845996493441	0.9886397428243242	0.9907578321502932	0.9906772810532309	0.990393794639272	0.988142733427245	0.9872077199615396	0.9835099385470732	0.9899639475104232	0.9853697836712563	0.9872418100889742	0.9899845438691414	0.9899433382883593	0.9889811198392778	0.9752526643920646	0.9874829804664296	0.9842262961252104	0.9893400008185794	0.9907377127882423
0.9894924841116562	0.986387588847303	0.9890068308902222	0.9900997541865828	0.9892718586389773	0.9901515258069415	0.9888463371048253	0.9906783842305784	0.9899081043408272	0.9902263403455305	0.990804126392929	0.9891746736011705	0.9889272968223841	0.9874200493045293	0.9896182331312046	0.9897402613287637	0.9885853675490334	0.9898993976909918	0.9896664309436668	0.9898895767971321	0.9896104078465656	0.9897223590612751	0.9876001484705961	0.988662399212081	0.9891144099936408	0.9902885202618695	0.9899845438691414	1.0	0.9893866839840949	0.9895797246089432	0.989253367921303	0.9881779699386061	0.989025860865789	0.9897447089651608	0.9899280900815244	0.9870480249051774	0.9890828849734854	0.9892709980640856	0.989514731064888	0.9887776101513147	0.9888159244741311	0.9879625432668793	0.9779938669519685	0.9869449055159776	0.9865404230992332	0.9880802233666871	0.9890828849734854
0.9838887810705453	0.9795904459542006	0.9890557587490111	0.9845668555076302	0.981648058901781	0.982274980980848	0.9817943705100335	0.9848016282098919	0.9895040713646329	0.9827015381557179	0.9872491383377989	0.9860739821629767	0.9887694405407699	0.9797052457554355	0.9867942818957501	0.9861259587700628	0.9970559417391092	0.9859697817177707	0.9900156702315429	0.9898769281529023	0.9900848231377791	0.9896677149881766	0.9841458453540745	0.9892452653546739	0.986971918522783	0.9888890421710477	0.987845996493441	0.9893866839840949	1.0	0.9883352446306866	0.9891743279558561	0.9891979907162618	0.9893631562867501	0.9865900869370002	0.9859697817177707	0.9806118581220815	0.9896443869719835	0.9831157315355095	0.9821622079424859	0.9887933956111975	0.988984412002077	0.9881404165859567	0.9725916593447571	0.9867942818957501	0.9821098413070289	0.9884806132412354	0.9892924723144492
0.9884454879491071	0.9872739546533628	0.9892569231737354	0.9881322637523702	0.9889687809390251	0.9897130754477109	0.985778310830525	0.9879211409606059	0.9901963043277885	0.9877349179835944	0.9888940855660595	0.9870206392950657	0.9895596418132614	0.9860770183648231	0.9877214158256588	0.9874104832188844	0.989659933747317	0.9881015568588215	0.9899391399234205	0.9899986636698123	0.9896398997392157	0.9899391399234205	0.9850462643929437	0.9898596075339998	0.9881611156519274	0.988807388283783	0.9886397428243242	0.9895797246089432	0.9883352446306866	1.0	0.9897399483369006	0.9899192747904401	0.9899192747904401	0.9876415533030473	0.9889285639878868	0.9844858303089907	0.9897599216983637	0.9871900116206076	0.989367983849668	0.9893783442663655	0.9891553962790137	0.9887049257691621	0.9760437568437066	0.9880595350122693	0.9853290322498223	0.9885602934376099	0.989418718821602
0.9897145559224239	0.9879234045209583	0.9895858784448706	0.991041180552216	0.9902624645795082	0.9906915231232852	0.9890895570250595	0.9910454307938407	0.9899859000132988	0.9903833201063194	0.9911324139313094	0.9893427401969604	0.9898226226179093	0.9880056610191633	0.9906354394254241	0.9899917791200669	0.9876262468151943	0.9906133751607937	0.9892179643921611	0.9908598071283281	0.989695457130754	0.9911402277184254	0.988451248302357	0.9888458988870177	0.9887653097264916	0.990767817063014	0.9907578321502932	0.989253367921303	0.9891743279558561	0.9897399483369006	1.0	0.9883558484030829	0.9885451927870782	0.9905497983995843	0.9903956270383482	0.9875523647029745	0.9889019771187737	0.989325456858938	0.9904885608137085	0.9886017845807558	0.9891253409222891	0.9875873952438606	0.9780289016633192	0.9869790914063511	0.9872534514196325	0.9873728880494691	0.9897427360435895
0.9903448107198669	0.9892194727131741	0.9880836530311549	0.9905999610346327	0.990392326729779	0.9915027415908705	0.9884369391170579	0.9898057327677331	0.9895006804455374	0.9908112050741239	0.9913359492848021	0.9896555750506185	0.9901777765909825	0.9883729729361043	0.989820171981419	0.9899005397806951	0.9871569736244357	0.9903123596047655	0.9883870800449205	0.9892625720410877	0.989814555150428	0.9892257869043805	0.9883671211632334	0.9879308848433431	0.9896211702325707	0.9901676008469736	0.9906772810532309	0.9881779699386061	0.9891979907162618	0.9899192747904401	0.9883558484030829	1.0	0.9891151846261774	0.9905100068907053	0.9901414282496598	0.986146386301132	0.9879882559903448	0.9890522589761123	0.9897699781439263	0.9878097661868631	0.9893726818862755	0.9871366248127107	0.9773924417796939	0.9868193146188152	0.9874994051696939	0.987273594168214	0.9898540516022856
0.9900722646065431	0.9873830900216214	0.9879691433776976	0.9908083281825247	0.9896053765583168	0.9904406231142396	0.9884369391170579	0.9909540508358048	0.9887558498292448	0.9902263403455305	0.9911936062950905	0.9889633784426266	0.9894445996751571	0.9877407644178602	0.9894354251343583	0.9896713314853204	0.9875873952438606	0.9899867675069295	0.9882036554636899	0.9892361845649611	0.9889688089444443	0.9889645190886363	0.987492197407865	0.9881846288609615	0.9891960167712991	0.9903086305019632	0.990393794639272	0.989025860865789	0.9893631562867501	0.9899192747904401	0.9885451927870782	0.9891151846261774	1.0	0.9898667315980407	0.9907732926732002	0.9874018726094826	0.9878608882421857	0.9899453544281536	0.9900592913793468	0.9882867658723145	0.9884781085566969	0.9875570806493542	0.9787560670983678	0.987038808207298	0.9874643812468513	0.9872187681496807	0.9894815296734554
0.9877774772194203	0.9851673232999694	0.9907282691582245	0.9883847188807406	0.9863650644034423	0.9881694654168498	0.9884094642171186	0.9911971712533745	0.9927049441698403	0.985677881110554	0.9889595680359266	0.9862701222964111	0.9896017764572642	0.984938469867653	0.9880944887831266	0.9861807098825118	0.9889403648261947	0.9875659878690682	0.98968352799107	0.9904701673679267	0.9906490678810879	0.990390343808437	0.9867611875389678	0.989334675905411	0.9873799076048582	0.9896589458497179	0.988142733427245	0.9897447089651608	0.9865900869370002	0.9876415533030473	0.9905497983995843	0.9905100068907053	0.9898667315980407	1.0	0.9883274550376663	0.9839875705055784	0.9904502295644829	0.9885268614906415	0.9880935320129736	0.989724327911198	0.9906292378452644	0.9888776718006393	0.9754427727017649	0.9879226757281756	0.9852541591884679	0.9886046155525852	0.990827004389365
0.9872450659146172	0.9818160875070081	0.9903745184115013	0.9878210563435924	0.9848284884725826	0.9852701998933455	0.9861631192331399	0.987618796125854	0.9907106475991454	0.9873078937778744	0.9880793796267433	0.9869510282309576	0.989799421987237	0.9835783808531668	0.9875085237976227	0.9851679319160919	0.9898638187531161	0.9869259519146523	0.9904799268384115	0.9906688180993083	0.9904588720595359	0.9904378038448691	0.9858068628160968	0.9903111114259374	0.9879432740829278	0.9878066036798944	0.9872077199615396	0.9899280900815244	0.9859697817177707	0.9889285639878868	0.9903956270383482	0.9901414282496598	0.9907732926732002	0.9883274550376663	1.0	0.9845407283224411	0.9900349315576108	0.9964231277016085	0.9927879065347948	0.9904378038448691	0.9907315424969152	0.9891922446138568	0.9752526643920646	0.9884396019686097	0.9848772115648331	0.9892796716201536	0.9903533962788778
0.981914992499018	0.968109835312674	0.9869462226861718	0.9881322637523702	0.970874792910441	0.9668800741256195	0.9874614135446756	0.9897741358254659	0.9878016660431471	0.9830459003068922	0.9847866393143928	0.9875523647029745	0.9867160092642334	0.9740411543080015	0.9839875705055784	0.9800504779623801	0.9865100135544083	0.9859630531326601	0.9875273304194754	0.9877270736561647	0.9875022770825581	0.9877768206858345	0.9802699399221768	0.9872506892489917	0.9827657102006137	0.9848410369104208	0.9835099385470732	0.9870480249051774	0.9806118581220815	0.9844858303089907	0.9875523647029745	0.986146386301132	0.9874018726094826	0.9839875705055784	0.9845407283224411	1.0	0.9903344119661615	0.9886103778464337	0.9692410934091289	0.9874521131303623	0.9874521131303623	0.986146386301132	0.9720490679845127	0.9858050923180742	0.9840323669493503	0.9860679401245717	0.9870226038668215
0.9889306729438212	0.9878876581118692	0.9882357159017157	0.9899934745958894	0.9894056708000121	0.9898964716219492	0.9881611535374806	0.9906476120848152	0.9883407043594077	0.9906950579624063	0.9908247402317036	0.9889209564147865	0.9895015800296421	0.9876608780823262	0.9899808378513425	0.9895561273779953	0.9875484977658556	0.9900303658211544	0.9885212702889741	0.9892728222677117	0.9889874272816743	0.98901950841827	0.9880497170408107	0.9886371623741314	0.9883498126026017	0.9901271957326037	0.9899639475104232	0.9890828849734854	0.9896443869719835	0.9897599216983637	0.9889019771187737	0.9879882559903448	0.9878608882421857	0.9904502295644829	0.9900349315576108	0.9903344119661615	1.0	0.9892164491826818	0.9914690073663501	0.9889988310978303	0.9885901281004579	0.9868639489485866	0.9774993853982489	0.9867591976765299	0.986648367664985	0.9872187681496807	0.9894627926862362
0.9802971662231161	0.9573850970928849	0.9882750347208706	0.9872480185121838	0.9637208372130638	0.9644175622583627	0.9886659380581762	0.9905242359292151	0.990078587287139	0.9809232081506787	0.9868104534178664	0.9889973466976857	0.9885268614906415	0.9708556438833384	0.9858268134807318	0.9819448245046577	0.9887767782646969	0.9883311628077502	0.9898383794682154	0.9897579200239877	0.9892437349031372	0.9895153575556807	0.9815680053752402	0.9896772638785649	0.9854922813094801	0.9871028091035694	0.9853697836712563	0.9892709980640856	0.9831157315355095	0.9871900116206076	0.989325456858938	0.9890522589761123	0.9899453544281536	0.9885268614906415	0.9964231277016085	0.9886103778464337	0.9892164491826818	1.0	0.9710298478930831	0.9892437349031372	0.989918643184202	0.9882750347208706	0.9738276824740637	0.9871609697848824	0.9848392776847555	0.9885547238014258	0.9895423971899658
0.9737484071864083	0.9878249120423238	0.9907011203923032	0.9661705046196132	0.9907716706164301	0.987468248593486	0.9596289515146245	0.9513954663998121	0.9903460903616461	0.9773395689315328	0.9863271558191778	0.9820705112855115	0.989951095957811	0.9912613474046317	0.9891836267646744	0.982796993754674	0.989367983849668	0.982796993754674	0.9907011203923032	0.991122178837631	0.9909123205462077	0.9909824215484552	0.9914690073663501	0.9894781054277143	0.9874373273598304	0.987901884449839	0.9872418100889742	0.989514731064888	0.9821622079424859	0.989367983849668	0.9904885608137085	0.9897699781439263	0.9900592913793468	0.9880935320129736	0.9927879065347948	0.9692410934091289	0.9914690073663501	0.9710298478930831	1.0	0.9905240825703692	0.990665788679707	0.989697251709769	0.9651815061201194	0.9900232656389985	0.9493058407791949	0.988624288177383	0.990453000798524
