/home/jshaw/scratch/2022_sketched_distance/references/SGB_genome_fastas_part4/9247/ChengpingW_2017__AS136raw__bin.14.fa	/home/jshaw/scratch/2022_sketched_distance/references/SGB_genome_fastas_part4/9247/ChengpingW_2017__AS38raw__bin.42.fa	/home/jshaw/scratch/2022_sketched_distance/references/SGB_genome_fastas_part4/9247/ChengpingW_2017__AS6raw__bin.29.fa	/home/jshaw/scratch/2022_sketched_distance/references/SGB_genome_fastas_part4/9247/ChengpingW_2017__AS98raw__bin.8.fa	/home/jshaw/scratch/2022_sketched_distance/references/SGB_genome_fastas_part4/9247/CM_madagascar__A89_01_1FE__bin.61.fa	/home/jshaw/scratch/2022_sketched_distance/references/SGB_genome_fastas_part4/9247/FerrettiP_2018__CA_C10002MS2016FE_t0M15__bin.50.fa	/home/jshaw/scratch/2022_sketched_distance/references/SGB_genome_fastas_part4/9247/HeQ_2017__RSZAXPI003105-143__bin.55.fa	/home/jshaw/scratch/2022_sketched_distance/references/SGB_genome_fastas_part4/9247/HeQ_2017__SZAXPI029466-158__bin.8.fa	/home/jshaw/scratch/2022_sketched_distance/references/SGB_genome_fastas_part4/9247/HeQ_2017__SZAXPI029581-99__bin.65.fa	/home/jshaw/scratch/2022_sketched_distance/references/SGB_genome_fastas_part4/9247/HMP_2012__SRS019267__bin.4.fa	/home/jshaw/scratch/2022_sketched_distance/references/SGB_genome_fastas_part4/9247/LeChatelierE_2013__MH0227__bin.52.fa	/home/jshaw/scratch/2022_sketched_distance/references/SGB_genome_fastas_part4/9247/LiJ_2014__MH0245__bin.44.fa	/home/jshaw/scratch/2022_sketched_distance/references/SGB_genome_fastas_part4/9247/LiJ_2014__MH0308__bin.44.fa	/home/jshaw/scratch/2022_sketched_distance/references/SGB_genome_fastas_part4/9247/LiJ_2014__MH0394__bin.70.fa	/home/jshaw/scratch/2022_sketched_distance/references/SGB_genome_fastas_part4/9247/LiJ_2014__O2.CD1-0__bin.27.fa	/home/jshaw/scratch/2022_sketched_distance/references/SGB_genome_fastas_part4/9247/LiJ_2014__O2.UC24-1__bin.4.fa	/home/jshaw/scratch/2022_sketched_distance/references/SGB_genome_fastas_part4/9247/LiJ_2014__O2.UC6-1__bin.4.fa	/home/jshaw/scratch/2022_sketched_distance/references/SGB_genome_fastas_part4/9247/LiJ_2014__O2.UC6-2__bin.53.fa	/home/jshaw/scratch/2022_sketched_distance/references/SGB_genome_fastas_part4/9247/LiJ_2014__O2.UC8-0__bin.19.fa	/home/jshaw/scratch/2022_sketched_distance/references/SGB_genome_fastas_part4/9247/LiJ_2014__O2.UC8-1__bin.62.fa	/home/jshaw/scratch/2022_sketched_distance/references/SGB_genome_fastas_part4/9247/LiJ_2014__V1.FI25__bin.61.fa	/home/jshaw/scratch/2022_sketched_distance/references/SGB_genome_fastas_part4/9247/NielsenHB_2014__O2_UC17_2__bin.11.fa	/home/jshaw/scratch/2022_sketched_distance/references/SGB_genome_fastas_part4/9247/NielsenHB_2014__O2_UC24_2__bin.20.fa	/home/jshaw/scratch/2022_sketched_distance/references/SGB_genome_fastas_part4/9247/NielsenHB_2014__V1_CD20_4__bin.60.fa	/home/jshaw/scratch/2022_sketched_distance/references/SGB_genome_fastas_part4/9247/NielsenHB_2014__V1_UC2_0__bin.17.fa	/home/jshaw/scratch/2022_sketched_distance/references/SGB_genome_fastas_part4/9247/NielsenHB_2014__V1_UC2_4__bin.24.fa	/home/jshaw/scratch/2022_sketched_distance/references/SGB_genome_fastas_part4/9247/QinJ_2012__T2D-030__bin.43.fa	/home/jshaw/scratch/2022_sketched_distance/references/SGB_genome_fastas_part4/9247/QinJ_2012__T2D-056__bin.12.fa	/home/jshaw/scratch/2022_sketched_distance/references/SGB_genome_fastas_part4/9247/QinN_2014__HD-33__bin.16.fa	/home/jshaw/scratch/2022_sketched_distance/references/SGB_genome_fastas_part4/9247/QinN_2014__HD-55__bin.49.fa	/home/jshaw/scratch/2022_sketched_distance/references/SGB_genome_fastas_part4/9247/VogtmannE_2016__MMRS17963147ST-27-0-0__bin.46.fa	/home/jshaw/scratch/2022_sketched_distance/references/SGB_genome_fastas_part4/9247/VogtmannE_2016__MMRS84159866ST-27-0-0__bin.20.fa	/home/jshaw/scratch/2022_sketched_distance/references/SGB_genome_fastas_part4/9247/VogtmannE_2016__MMRS93621581ST-27-0-0__bin.100.fa	/home/jshaw/scratch/2022_sketched_distance/references/SGB_genome_fastas_part4/9247/WenC_2017__N024__bin.3.fa	/home/jshaw/scratch/2022_sketched_distance/references/SGB_genome_fastas_part4/9247/WenC_2017__N035__bin.49.fa	/home/jshaw/scratch/2022_sketched_distance/references/SGB_genome_fastas_part4/9247/WenC_2017__RA020__bin.8.fa	/home/jshaw/scratch/2022_sketched_distance/references/SGB_genome_fastas_part4/9247/WenC_2017__RA101__bin.18.fa	/home/jshaw/scratch/2022_sketched_distance/references/SGB_genome_fastas_part4/9247/WenC_2017__RA123__bin.47.fa	/home/jshaw/scratch/2022_sketched_distance/references/SGB_genome_fastas_part4/9247/YuJ_2015__SZAXPI015216-169__bin.7.fa	/home/jshaw/scratch/2022_sketched_distance/references/SGB_genome_fastas_part4/9247/ZeeviD_2015__PNP_Main_118__bin.28.fa	/home/jshaw/scratch/2022_sketched_distance/references/SGB_genome_fastas_part4/9247/ZeeviD_2015__PNP_Main_262__bin.25.fa	/home/jshaw/scratch/2022_sketched_distance/references/SGB_genome_fastas_part4/9247/ZeeviD_2015__PNP_Main_686__bin.19.fa	/home/jshaw/scratch/2022_sketched_distance/references/SGB_genome_fastas_part4/9247/ZeeviD_2015__PNP_Main_706__bin.77.fa	/home/jshaw/scratch/2022_sketched_distance/references/SGB_genome_fastas_part4/9247/ZeeviD_2015__PNP_Validation_41__bin.8.fa	/home/jshaw/scratch/2022_sketched_distance/references/SGB_genome_fastas_part4/9247/ZeeviD_2015__PNP_Validation_7__bin.53.fa
1.0	0.9836053489238763	0.9824721925533768	0.9843021862508095	0.9714584119241224	0.9720260394390632	0.9750101589419021	0.9828165960555417	0.9822555566312295	0.9842590837677176	0.9775853514620614	0.9772375862447029	0.979230415732558	0.9733662289139196	0.9738673926796069	0.9776558287873058	0.978436651528877	0.9782442394073365	0.982051700495459	0.9760806111712461	0.9788827976327305	0.9800810984412318	0.9803446737931195	0.9773392885214175	0.9783467520779207	0.978047021809018	0.9760093226555185	0.9837752007034484	0.9782781294384418	0.9812142353690484	0.9677707770098498	0.9726349729105364	0.9775229816239149	0.9846614967293503	0.974816869581617	0.9735900324138336	0.9833395175902677	0.9758714463828728	0.9799723104308286	0.9758984381779313	0.9757000956945467	0.9797032353732494	0.9777415657650187	0.9714174085920048	0.9781299199507627
0.9836053489238763	1.0	0.9825797739168536	0.9829650207763682	0.9725779128997374	0.9716592307113548	0.9757744871835604	0.9831480685690586	0.9813169680462126	0.9845858213058407	0.9783569965721153	0.9779907939315569	0.9798853971310956	0.9744377417034732	0.973030861100685	0.9787018383462595	0.9790705709026908	0.9792507329240622	0.9834136581764968	0.9753491240048298	0.9786249060818617	0.9805524161381817	0.9812487830429611	0.9789078249880633	0.9790007241667237	0.9790864159146212	0.9753559625754945	0.9831236178596284	0.9770186671198223	0.9805887818616443	0.9702702768451573	0.9725852784318982	0.9788552831990553	0.9833314740814533	0.9758728380948202	0.9725243819541503	0.9820687662164876	0.9771465533369547	0.9799138442775205	0.9771071345090803	0.9767261543604461	0.9801731458818985	0.979611399427752	0.971918219818734	0.9797928901026254
0.9824721925533768	0.9825797739168536	1.0	0.9823168570110136	0.975655210167233	0.9701589326690631	0.9745673946398928	0.9832978172379018	0.9825478539680116	0.9813857833343099	0.9764335174978364	0.9764505860853967	0.9790888386493976	0.9737556778268934	0.9713994723657625	0.9777775344574509	0.9772272586185063	0.9771410454168048	0.9805095357531507	0.973217407390562	0.976547306224406	0.9796942884195221	0.9803100694967216	0.9766563713762569	0.9776209688992455	0.9772763609008613	0.9777178231026863	0.982214008477171	0.9795391370353025	0.9785733348042502	0.9671929988263859	0.9704891419321481	0.9764608531792871	0.9817477325128992	0.9747998113042494	0.9728200043670959	0.9795604531397494	0.9760470232080531	0.9778190568561422	0.9754243144243685	0.9761497621472512	0.9785342575300753	0.9777507956369943	0.9707785808843084	0.9776756144292245
0.9843021862508095	0.9829650207763682	0.9823168570110136	1.0	0.9701097277124622	0.9714880457389786	0.9734842302522408	0.9817152317299901	0.9821373943515469	0.9836510194602579	0.9758749510702254	0.9761779811708663	0.9781641549234021	0.9722034683324392	0.9717845472248747	0.977151980676468	0.9786712857378913	0.9787087060140501	0.9826310044590776	0.9754671526210023	0.9781228504037385	0.9798153301615428	0.9800802743750257	0.9774196677001543	0.9783395355989933	0.9778550320825746	0.9748270227243601	0.9833295725693169	0.9773071732123659	0.9800204549571365	0.9684231596267092	0.9716680336128526	0.9769823790951995	0.9836739343035348	0.9739190459905387	0.9714913760059587	0.9821857375139109	0.9747516944178624	0.9794465652461422	0.9754485540650111	0.9759889226394289	0.980486164021578	0.977831146570178	0.9710953719861266	0.9790651851237206
0.9714584119241224	0.9725779128997374	0.975655210167233	0.9701097277124622	1.0	0.9667220143002254	0.9692802371357988	0.9718057892078215	0.9708044956691029	0.9729753933480321	0.9735776760126122	0.9739877918841756	0.9749356069154933	0.9701534573359964	0.9671857624451775	0.9703045498726638	0.9728530632076653	0.9724409586082273	0.9717528720716488	0.9652275647530297	0.9721724008439306	0.97484379916306	0.9730716195477858	0.9738130984182386	0.974041178920566	0.9736462434648286	0.965627911085221	0.9722944431082048	0.9702268130886207	0.9710646487896989	0.9649791329929756	0.9688033999892167	0.9706436862228821	0.9715002825020702	0.9715900318038642	0.9680986396097697	0.9701066261166148	0.9731752063014651	0.9727578619011649	0.9709645493496188	0.9729453451531457	0.9708840464755718	0.9729398577091691	0.9676018034958372	0.9705927737002236
0.9720260394390632	0.9716592307113548	0.9701589326690631	0.9714880457389786	0.9667220143002254	1.0	0.9674340595213375	0.9701799541210366	0.9705899194917609	0.9716047167377273	0.9725961230921235	0.9727811113445691	0.9756353969294392	0.9729489144142159	0.9671578735697435	0.9706874612243988	0.9759457296575221	0.9743197334371778	0.9716866146969289	0.9661203966099149	0.9718070039635396	0.9769117289909856	0.971307146901774	0.9724277337899945	0.9744841674675425	0.9743960822737207	0.9665009570925222	0.9706818945289183	0.9693736414947512	0.9711377246963825	0.9674527707701871	0.969580745645137	0.972479692496547	0.9702056251658777	0.9700225327072357	0.9692379771382762	0.970747876851711	0.9699277311774571	0.9697629462045773	0.9717846171014507	0.9723892402384061	0.9738068832127935	0.9720581941582607	0.9692800708041753	0.9751874329038671
0.9750101589419021	0.9757744871835604	0.9745673946398928	0.9734842302522408	0.9692802371357988	0.9674340595213375	1.0	0.9738413842512462	0.9729576301571347	0.9750212719085212	0.9734200429613451	0.9735406460013913	0.9739397805711313	0.9711603294994865	0.969898522989422	0.9710938625959181	0.9746647550016385	0.973911311375763	0.9749068311644283	0.968101118697988	0.9724483184867011	0.9756535090161448	0.9726538363464322	0.9745285639325632	0.9743086813694647	0.9739057257407897	0.968346545138355	0.975699836257229	0.9720397986046254	0.9733387737282173	0.9670484912641161	0.9703451528121382	0.9725034607017472	0.9758870702163734	0.9713620249452788	0.968987913886142	0.9731609658136331	0.9730092249757895	0.9743370254993435	0.9725821792408637	0.9737085594040464	0.973980344334558	0.9749666259479498	0.9675744517240352	0.9729006565443243
0.9828165960555417	0.9831480685690586	0.9832978172379018	0.9817152317299901	0.9718057892078215	0.9701799541210366	0.9738413842512462	1.0	0.9826430804750712	0.9821936861897076	0.9759069509323604	0.9761082906979573	0.9781439945053362	0.9723337893093814	0.9693212848711913	0.9775084388394055	0.9774888996789128	0.977740592654315	0.9808128973233564	0.973444790824225	0.9785779848623486	0.978438249818161	0.9800430906147364	0.9780787405022942	0.9769529761133362	0.9773786862182653	0.9755054782887806	0.9833720756500369	0.9773881156606791	0.9808989233132921	0.9687829996448117	0.9694381014137976	0.9769670934693654	0.9838700250723026	0.9756407958138392	0.9727133241206815	0.9808288572822637	0.9762661675238669	0.9789709668909996	0.975310846308535	0.9747073369002841	0.978295432805502	0.9764309427122561	0.9699929228803194	0.9775108228514491
0.9822555566312295	0.9813169680462126	0.9825478539680116	0.9821373943515469	0.9708044956691029	0.9705899194917609	0.9729576301571347	0.9826430804750712	1.0	0.9799805940369111	0.973019658560176	0.9731015608705409	0.9769232299820797	0.972528451648456	0.9707006549291248	0.9752964199034422	0.9774100886159857	0.9766617278334588	0.9785905212735215	0.9724304593409604	0.9747730565930475	0.9774578452374838	0.9774903076339582	0.9751199511072398	0.9758344186206706	0.9753425481492679	0.9760464613475044	0.9834829248817947	0.9802910115724313	0.9771889902675198	0.9678383581481417	0.971329522401576	0.975286410241306	0.9819690260298798	0.9733972052753165	0.9712929970646674	0.9799705482394457	0.9743473270038508	0.9772788384822843	0.9747102030731835	0.9734706087068256	0.977645984752817	0.9749878720897089	0.9707963175045303	0.9767721555325886
0.9842590837677176	0.9845858213058407	0.9813857833343099	0.9836510194602579	0.9729753933480321	0.9716047167377273	0.9750212719085212	0.9821936861897076	0.9799805940369111	1.0	0.9775940103313007	0.977673353888863	0.9802303653112862	0.9754306205458841	0.9730843281413105	0.9788025976431701	0.9801548736163513	0.9803952880242126	0.9842114876389254	0.9768633143012656	0.980800686574774	0.9810568295337015	0.9811640008294784	0.9788710146550016	0.9797510249045878	0.9792820530793279	0.9758460178921697	0.9822907034850604	0.9766896219047331	0.9790804060925431	0.9697756643550658	0.9720421496222312	0.9786992416851161	0.9832318962084428	0.9749989344047244	0.9719195750793446	0.9839858423273165	0.9762373177734553	0.980106343838299	0.9765907609820494	0.9775911995093097	0.9813260087500687	0.9796437290488563	0.9722142322910082	0.9802868286555846
0.9775853514620614	0.9783569965721153	0.9764335174978364	0.9758749510702254	0.9735776760126122	0.9725961230921235	0.9734200429613451	0.9759069509323604	0.973019658560176	0.9775940103313007	1.0	0.9848664355596303	0.9806311508570424	0.975470468736233	0.9730414368837558	0.9752935206578977	0.9796831810849433	0.9795964612733548	0.9789636276197962	0.9710614164119117	0.9783574759247218	0.9803232379212411	0.9781666538417129	0.9794891748607795	0.9844759126179269	0.9846671764437325	0.9670122086195198	0.975200007553415	0.9702944881916494	0.979808725377337	0.9707426774005506	0.9734998137599127	0.9745727180755956	0.9766486866694053	0.9785083498925289	0.9743904726216727	0.974972073887749	0.9804540729555107	0.9775295180252113	0.9768279005602085	0.983618465039072	0.9791777899241776	0.9807304986388719	0.9731963507190066	0.9762587992964105
0.9772375862447029	0.9779907939315569	0.9764505860853967	0.9761779811708663	0.9739877918841756	0.9727811113445691	0.9735406460013913	0.9761082906979573	0.9731015608705409	0.977673353888863	0.9848664355596303	1.0	0.9808866840574373	0.9759831731032202	0.9726481113509112	0.9749355230991288	0.979716270891941	0.9795638480275716	0.9790966481191646	0.9711730638282051	0.9781975637419429	0.98061346360265	0.978073272280475	0.9801587373345584	0.9845087422224295	0.9850219648428418	0.9671099137331951	0.975335446902225	0.9694515385755436	0.9790435742225099	0.9726688064756078	0.9719789243822916	0.9755149523431835	0.9757303806201895	0.9791891993664292	0.9752368710917314	0.975537907185993	0.9806107758535093	0.9783642518438863	0.9770680519532542	0.9842375849517947	0.9788181871967175	0.9812013364451131	0.9725303393433461	0.9768486488436549
0.979230415732558	0.9798853971310956	0.9790888386493976	0.9781641549234021	0.9749356069154933	0.9756353969294392	0.9739397805711313	0.9781439945053362	0.9769232299820797	0.9802303653112862	0.9806311508570424	0.9808866840574373	1.0	0.9772895712308803	0.9740786143583258	0.9761553479552223	0.9802580233527177	0.9795187713600293	0.9804472291177423	0.9742530919541079	0.9789017510636269	0.9823705090207812	0.9784230507306007	0.9795765290136436	0.9813802569351842	0.9810076891615368	0.9717024972622602	0.9789352743138304	0.9738849017406873	0.9792720205160245	0.9725425530080629	0.975896179198758	0.9768608591494105	0.9780428464589904	0.9774834975390672	0.9741967496745396	0.9779551189194049	0.9789034520253163	0.9780290579838944	0.9780540890683813	0.9807151387539792	0.9803418206108346	0.9805642454334875	0.9751257921259534	0.9806862615899086
0.9733662289139196	0.9744377417034732	0.9737556778268934	0.9722034683324392	0.9701534573359964	0.9729489144142159	0.9711603294994865	0.9723337893093814	0.972528451648456	0.9754306205458841	0.975470468736233	0.9759831731032202	0.9772895712308803	1.0	0.9710779621753339	0.9714783146346322	0.9770170860432684	0.976142553940561	0.9744235210901946	0.9711177085060861	0.9730172984945442	0.9777551634505884	0.9731035620612912	0.9753738283092895	0.9779320773965409	0.9775561018549063	0.9684535374003292	0.9713482454098937	0.9732424616702307	0.9720392859991382	0.9709010122209694	0.9722270893219906	0.974384812429728	0.9720909606748763	0.9734873960785075	0.9712321837530694	0.9729341976751532	0.9742182990511683	0.9734572558624154	0.9743741116423547	0.9753124009306615	0.9755972389856108	0.9753032379861147	0.9717512885699486	0.9765574456848263
0.9738673926796069	0.973030861100685	0.9713994723657625	0.9717845472248747	0.9671857624451775	0.9671578735697435	0.969898522989422	0.9693212848711913	0.9707006549291248	0.9730843281413105	0.9730414368837558	0.9726481113509112	0.9740786143583258	0.9710779621753339	1.0	0.9689868771208843	0.9749116621648387	0.9736054473797804	0.9724956396535515	0.9688237128219558	0.9705299443334483	0.9748754481379707	0.9697596425852176	0.9711985286314692	0.9760218787102414	0.9748637343967961	0.9676041333027762	0.9719478270026062	0.9717198178065868	0.9717195963186169	0.96794725464976	0.9709800269077987	0.9723604975155556	0.9712436305313987	0.9706303736858398	0.9692739346712168	0.9717462713942427	0.9708857646109103	0.9696064806051071	0.9715134809026177	0.9741581920582741	0.9717906107884039	0.9719354395049687	0.9688292581362876	0.97395289475233
0.9776558287873058	0.9787018383462595	0.9777775344574509	0.977151980676468	0.9703045498726638	0.9706874612243988	0.9710938625959181	0.9775084388394055	0.9752964199034422	0.9788025976431701	0.9752935206578977	0.9749355230991288	0.9761553479552223	0.9714783146346322	0.9689868771208843	1.0	0.9759496810103434	0.9756753359325996	0.9779062036987908	0.9711040209816426	0.9800737885217998	0.9774860536883949	0.9980867899319247	0.9758205717841945	0.9770063102689516	0.9770810092639134	0.9708860202713043	0.9770675934145032	0.9721497063303469	0.9759910894253678	0.9683800736944497	0.9709701679528107	0.9751630633831779	0.9774475686005497	0.9715841813008541	0.9690419069315748	0.9789279587090997	0.9734805364277438	0.9742877045984359	0.9735830194273312	0.9756281579260728	0.9763471133346118	0.9755995967550266	0.9696939487236358	0.9765135005394622
0.978436651528877	0.9790705709026908	0.9772272586185063	0.9786712857378913	0.9728530632076653	0.9759457296575221	0.9746647550016385	0.9774888996789128	0.9774100886159857	0.9801548736163513	0.9796831810849433	0.979716270891941	0.9802580233527177	0.9770170860432684	0.9749116621648387	0.9759496810103434	1.0	0.9975650493259728	0.9802744662864905	0.9727646538787884	0.978848754017576	0.9829766926766161	0.9784719758150414	0.9794604865555536	0.9824810576855784	0.9820375129741897	0.970839949984851	0.9782289275684193	0.9740083430410171	0.9782450434196874	0.971915064948917	0.9750795656277282	0.9782781873324004	0.9780167385522717	0.976305137628469	0.9739161724225156	0.9781563897097708	0.9771137011434937	0.9777551634505884	0.9781045540052763	0.9803301185322824	0.9808078580552975	0.9800385533939522	0.9735798303154567	0.9804281704443495
0.9782442394073365	0.9792507329240622	0.9771410454168048	0.9787087060140501	0.9724409586082273	0.9743197334371778	0.973911311375763	0.977740592654315	0.9766617278334588	0.9803952880242126	0.9795964612733548	0.9795638480275716	0.9795187713600293	0.976142553940561	0.9736054473797804	0.9756753359325996	0.9975650493259728	1.0	0.980691294129322	0.9726005294832084	0.9783439880805255	0.9827916067202898	0.9784881440397547	0.979743714669605	0.9819853658819977	0.9816431340647759	0.9692674325727111	0.9780532753442526	0.9730766962023881	0.9777023486887687	0.9710583776261354	0.9732480247087576	0.9778885363354327	0.9779230309784069	0.9756828546515101	0.9721727630875233	0.9774715279623961	0.9767416709850302	0.9776451707230113	0.9776292462498162	0.9793337309733291	0.9807204085554735	0.9800900047750104	0.9726506654464576	0.9794522195976154
0.982051700495459	0.9834136581764968	0.9805095357531507	0.9826310044590776	0.9717528720716488	0.9716866146969289	0.9749068311644283	0.9808128973233564	0.9785905212735215	0.9842114876389254	0.9789636276197962	0.9790966481191646	0.9804472291177423	0.9744235210901946	0.9724956396535515	0.9779062036987908	0.9802744662864905	0.980691294129322	1.0	0.9905314589214687	0.9801186919363238	0.9803374901039146	0.98060593610355	0.9786465475411386	0.9803359206863118	0.9799222883166258	0.9728626868101341	0.9802092242500968	0.9751801742593954	0.979181479723524	0.9699566081335942	0.9729804351145374	0.9778406043730232	0.9813021091499969	0.9757237951356801	0.9723431281097772	0.9812339525700745	0.9761472402506903	0.9799994092680411	0.9775100490929138	0.9782214764218244	0.9807000393151504	0.9802880328157026	0.9730040555335643	0.9792243036703843
0.9760806111712461	0.9753491240048298	0.973217407390562	0.9754671526210023	0.9652275647530297	0.9661203966099149	0.968101118697988	0.973444790824225	0.9724304593409604	0.9768633143012656	0.9710614164119117	0.9711730638282051	0.9742530919541079	0.9711177085060861	0.9688237128219558	0.9711040209816426	0.9727646538787884	0.9726005294832084	0.9905314589214687	1.0	0.9728851581571076	0.9730305445394186	0.9731178845851133	0.9713838443448014	0.9729213311256439	0.9718214441275731	0.9701334366349773	0.973585850906702	0.9719577864350648	0.9715971641182282	0.9650497549195702	0.9684333853622157	0.9714518378903293	0.9743600059281482	0.9681241747641631	0.9678810153400624	0.9738256908025077	0.9685960692496641	0.9712389167764404	0.971263074707396	0.970369066442038	0.9735614212822554	0.9722044181171884	0.968097357191411	0.9737134794993222
0.9788827976327305	0.9786249060818617	0.976547306224406	0.9781228504037385	0.9721724008439306	0.9718070039635396	0.9724483184867011	0.9785779848623486	0.9747730565930475	0.980800686574774	0.9783574759247218	0.9781975637419429	0.9789017510636269	0.9730172984945442	0.9705299443334483	0.9800737885217998	0.978848754017576	0.9783439880805255	0.9801186919363238	0.9728851581571076	1.0	0.9789715755835863	0.9823127834629517	0.9773152248128554	0.9786840033908244	0.9790100104152034	0.9696302647733298	0.9786124378943749	0.9726206733929075	0.9794878016235756	0.9694160604628118	0.9722828507436785	0.9758230833305279	0.9779056293010023	0.9738261056958545	0.9722175769542767	0.9796594684899601	0.9764785417278986	0.978127948954236	0.9757952015935767	0.9773316176127234	0.978513071272179	0.9788031350521664	0.9720630946668241	0.9781351193677514
0.9800810984412318	0.9805524161381817	0.9796942884195221	0.9798153301615428	0.97484379916306	0.9769117289909856	0.9756535090161448	0.978438249818161	0.9774578452374838	0.9810568295337015	0.9803232379212411	0.98061346360265	0.9823705090207812	0.9777551634505884	0.9748754481379707	0.9774860536883949	0.9829766926766161	0.9827916067202898	0.9803374901039146	0.9730305445394186	0.9789715755835863	1.0	0.980069112331281	0.9809380557815593	0.9822489860490751	0.9815359328720351	0.9720034622419467	0.9787593658720514	0.973887754450661	0.9789302675527574	0.9734181509502837	0.9752299021378373	0.9789450144486321	0.9792154137107951	0.9766987499460079	0.9734984659368249	0.9787092404948659	0.977316425672737	0.9794658838955728	0.9791235454694152	0.9803602036290022	0.9818649497966947	0.981804380544727	0.9751643364319773	0.982002271670236
0.9803446737931195	0.9812487830429611	0.9803100694967216	0.9800802743750257	0.9730716195477858	0.971307146901774	0.9726538363464322	0.9800430906147364	0.9774903076339582	0.9811640008294784	0.9781666538417129	0.978073272280475	0.9784230507306007	0.9731035620612912	0.9697596425852176	0.9980867899319247	0.9784719758150414	0.9784881440397547	0.98060593610355	0.9731178845851133	0.9823127834629517	0.980069112331281	1.0	0.978645738820894	0.9797743103946924	0.9797615891645844	0.9725172488591095	0.9792262224654448	0.9737782843563426	0.9788884552577934	0.9690678286303065	0.9715844831919709	0.9767494312354336	0.980166339836908	0.9736525876471407	0.970740940010423	0.980840043574472	0.9758876474699905	0.9770974591198234	0.9751650765388297	0.9777651499755564	0.9787908956676923	0.9782326359105719	0.9712073322610113	0.9779253239604063
0.9773392885214175	0.9789078249880633	0.9766563713762569	0.9774196677001543	0.9738130984182386	0.9724277337899945	0.9745285639325632	0.9780787405022942	0.9751199511072398	0.9788710146550016	0.9794891748607795	0.9801587373345584	0.9795765290136436	0.9753738283092895	0.9711985286314692	0.9758205717841945	0.9794604865555536	0.979743714669605	0.9786465475411386	0.9713838443448014	0.9773152248128554	0.9809380557815593	0.978645738820894	1.0	0.9804418982733206	0.9804642943479267	0.9672956417781441	0.9780444113436684	0.9704614638046466	0.9767304617034998	0.9727879618078413	0.9724316374473807	0.9764637459551777	0.9781203540390286	0.9761094286411467	0.9716706179531929	0.9768373588389703	0.9772080528269836	0.9769568881434091	0.9766782227365132	0.9786397187448448	0.9792592147588722	0.978818031322137	0.971017022055067	0.9770266758634686
0.9783467520779207	0.9790007241667237	0.9776209688992455	0.9783395355989933	0.974041178920566	0.9744841674675425	0.9743086813694647	0.9769529761133362	0.9758344186206706	0.9797510249045878	0.9844759126179269	0.9845087422224295	0.9813802569351842	0.9779320773965409	0.9760218787102414	0.9770063102689516	0.9824810576855784	0.9819853658819977	0.9803359206863118	0.9729213311256439	0.9786840033908244	0.9822489860490751	0.9797743103946924	0.9804418982733206	1.0	0.9981285336101777	0.9701296331680999	0.9770624164396818	0.972643995698102	0.9795166200230397	0.9715883010740767	0.9737216383697973	0.9766910940550738	0.9770048660932843	0.9793501220254257	0.9749361681376335	0.9774390625798051	0.9798346243699284	0.979113923780866	0.9789572665825582	0.983364652113562	0.980690449005866	0.9809859084136042	0.974512745731825	0.9795940503752721
0.978047021809018	0.9790864159146212	0.9772763609008613	0.9778550320825746	0.9736462434648286	0.9743960822737207	0.9739057257407897	0.9773786862182653	0.9753425481492679	0.9792820530793279	0.9846671764437325	0.9850219648428418	0.9810076891615368	0.9775561018549063	0.9748637343967961	0.9770810092639134	0.9820375129741897	0.9816431340647759	0.9799222883166258	0.9718214441275731	0.9790100104152034	0.9815359328720351	0.9797615891645844	0.9804642943479267	0.9981285336101777	1.0	0.9685517425307081	0.9768507333532764	0.9712876516082094	0.979546300159457	0.971984162967717	0.9730178540988909	0.9757497630228908	0.9771473642361903	0.9788974232752317	0.9745057457032325	0.9769138910620861	0.980180094107492	0.977962791346119	0.9784837496934915	0.9834127571275019	0.9803892063713607	0.9809854013990371	0.9741498847425931	0.979028578735991
0.9760093226555185	0.9753559625754945	0.9777178231026863	0.9748270227243601	0.965627911085221	0.9665009570925222	0.968346545138355	0.9755054782887806	0.9760464613475044	0.9758460178921697	0.9670122086195198	0.9671099137331951	0.9717024972622602	0.9684535374003292	0.9676041333027762	0.9708860202713043	0.970839949984851	0.9692674325727111	0.9728626868101341	0.9701334366349773	0.9696302647733298	0.9720034622419467	0.9725172488591095	0.9672956417781441	0.9701296331680999	0.9685517425307081	1.0	0.9753595405597915	0.9750658212718825	0.9701937043479637	0.9638537967214637	0.9665512640549331	0.971832943404424	0.9753015202406491	0.966317848975184	0.9660635917667728	0.9745169754219393	0.9671818181798507	0.9707809824700167	0.9694772029704282	0.9681829259912679	0.9708316256459147	0.9698826361414059	0.9663347342016718	0.9701801104393114
0.9837752007034484	0.9831236178596284	0.982214008477171	0.9833295725693169	0.9722944431082048	0.9706818945289183	0.975699836257229	0.9833720756500369	0.9834829248817947	0.9822907034850604	0.975200007553415	0.975335446902225	0.9789352743138304	0.9713482454098937	0.9719478270026062	0.9770675934145032	0.9782289275684193	0.9780532753442526	0.9802092242500968	0.973585850906702	0.9786124378943749	0.9787593658720514	0.9792262224654448	0.9780444113436684	0.9770624164396818	0.9768507333532764	0.9753595405597915	1.0	0.9788052246924809	0.9782035693884547	0.9693193865310522	0.9714185588136721	0.978073853865518	0.9834950110441308	0.9749035016666859	0.9719511647584559	0.9817544805811839	0.976264268533395	0.9794280152382697	0.974776279398545	0.9750971346056991	0.9796786843503115	0.9771585335164108	0.9711330194880993	0.9781506661928978
0.9782781294384418	0.9770186671198223	0.9795391370353025	0.9773071732123659	0.9702268130886207	0.9693736414947512	0.9720397986046254	0.9773881156606791	0.9802910115724313	0.9766896219047331	0.9702944881916494	0.9694515385755436	0.9738849017406873	0.9732424616702307	0.9717198178065868	0.9721497063303469	0.9740083430410171	0.9730766962023881	0.9751801742593954	0.9719577864350648	0.9726206733929075	0.973887754450661	0.9737782843563426	0.9704614638046466	0.972643995698102	0.9712876516082094	0.9750658212718825	0.9788052246924809	1.0	0.9728125020829197	0.9652740755925445	0.9695651995776605	0.973285828093577	0.9770970772936951	0.9703349548159851	0.9693378303067288	0.9753631047775289	0.9701622262233552	0.9735532214286923	0.9722996527122197	0.9691969564854964	0.9738382747309346	0.9710461959473168	0.9686785856700341	0.9743313228314374
0.9812142353690484	0.9805887818616443	0.9785733348042502	0.9800204549571365	0.9710646487896989	0.9711377246963825	0.9733387737282173	0.9808989233132921	0.9771889902675198	0.9790804060925431	0.979808725377337	0.9790435742225099	0.9792720205160245	0.9720392859991382	0.9717195963186169	0.9759910894253678	0.9782450434196874	0.9777023486887687	0.979181479723524	0.9715971641182282	0.9794878016235756	0.9789302675527574	0.9788884552577934	0.9767304617034998	0.9795166200230397	0.979546300159457	0.9701937043479637	0.9782035693884547	0.9728125020829197	1.0	0.9688556430954538	0.9706643879892896	0.9744803736511346	0.9793013774292443	0.9810490077904693	0.9783656137293321	0.9792763277233896	0.983068972337795	0.9768936452756417	0.9748685247250984	0.9777226856110676	0.9776676703766022	0.9793013521896312	0.9717730448461256	0.9760823361622867
0.9677707770098498	0.9702702768451573	0.9671929988263859	0.9684231596267092	0.9649791329929756	0.9674527707701871	0.9670484912641161	0.9687829996448117	0.9678383581481417	0.9697756643550658	0.9707426774005506	0.9726688064756078	0.9725425530080629	0.9709010122209694	0.96794725464976	0.9683800736944497	0.971915064948917	0.9710583776261354	0.9699566081335942	0.9650497549195702	0.9694160604628118	0.9734181509502837	0.9690678286303065	0.9727879618078413	0.9715883010740767	0.971984162967717	0.9638537967214637	0.9693193865310522	0.9652740755925445	0.9688556430954538	1.0	0.9694431508004161	0.9706026485571615	0.9675897874248207	0.9681902366917611	0.965681650772697	0.9671496968406263	0.9693798822126287	0.9697640091040067	0.9697141432415163	0.9715374805108937	0.9700953509466468	0.9719272939674063	0.9662426866635616	0.9717718231167876
0.9726349729105364	0.9725852784318982	0.9704891419321481	0.9716680336128526	0.9688033999892167	0.969580745645137	0.9703451528121382	0.9694381014137976	0.971329522401576	0.9720421496222312	0.9734998137599127	0.9719789243822916	0.975896179198758	0.9722270893219906	0.9709800269077987	0.9709701679528107	0.9750795656277282	0.9732480247087576	0.9729804351145374	0.9684333853622157	0.9722828507436785	0.9752299021378373	0.9715844831919709	0.9724316374473807	0.9737216383697973	0.9730178540988909	0.9665512640549331	0.9714185588136721	0.9695651995776605	0.9706643879892896	0.9694431508004161	1.0	0.9724854866191044	0.9713431150403988	0.9713191366442097	0.9686703846708583	0.9708207503257722	0.9717329812524165	0.9723139366296882	0.9718275309282718	0.9728431586458193	0.9726534834649855	0.9737063556374504	0.968108666094816	0.9747134979229498
0.9775229816239149	0.9788552831990553	0.9764608531792871	0.9769823790951995	0.9706436862228821	0.972479692496547	0.9725034607017472	0.9769670934693654	0.975286410241306	0.9786992416851161	0.9745727180755956	0.9755149523431835	0.9768608591494105	0.974384812429728	0.9723604975155556	0.9751630633831779	0.9782781873324004	0.9778885363354327	0.9778406043730232	0.9714518378903293	0.9758230833305279	0.9789450144486321	0.9767494312354336	0.9764637459551777	0.9766910940550738	0.9757497630228908	0.971832943404424	0.978073853865518	0.973285828093577	0.9744803736511346	0.9706026485571615	0.9724854866191044	1.0	0.9769437600104819	0.9729190804908292	0.9709582649629244	0.9768330285250489	0.9739901009007388	0.976851617118959	0.9730240759554644	0.9755620306641536	0.9763853901106734	0.9756154003024722	0.9721188258060686	0.9768316415586626
0.9846614967293503	0.9833314740814533	0.9817477325128992	0.9836739343035348	0.9715002825020702	0.9702056251658777	0.9758870702163734	0.9838700250723026	0.9819690260298798	0.9832318962084428	0.9766486866694053	0.9757303806201895	0.9780428464589904	0.9720909606748763	0.9712436305313987	0.9774475686005497	0.9780167385522717	0.9779230309784069	0.9813021091499969	0.9743600059281482	0.9779056293010023	0.9792154137107951	0.980166339836908	0.9781203540390286	0.9770048660932843	0.9771473642361903	0.9753015202406491	0.9834950110441308	0.9770970772936951	0.9793013774292443	0.9675897874248207	0.9713431150403988	0.9769437600104819	1.0	0.9742776781648376	0.9719719038207449	0.9817342270539333	0.9758328018878722	0.9791025413284756	0.9755393483562315	0.9748172672116785	0.9794106523397337	0.9770357237461381	0.9686739238637743	0.9778231993795008
0.974816869581617	0.9758728380948202	0.9747998113042494	0.9739190459905387	0.9715900318038642	0.9700225327072357	0.9713620249452788	0.9756407958138392	0.9733972052753165	0.9749989344047244	0.9785083498925289	0.9791891993664292	0.9774834975390672	0.9734873960785075	0.9706303736858398	0.9715841813008541	0.976305137628469	0.9756828546515101	0.9757237951356801	0.9681241747641631	0.9738261056958545	0.9766987499460079	0.9736525876471407	0.9761094286411467	0.9793501220254257	0.9788974232752317	0.966317848975184	0.9749035016666859	0.9703349548159851	0.9810490077904693	0.9681902366917611	0.9713191366442097	0.9729190804908292	0.9742776781648376	1.0	0.9803520622776352	0.9743793510181424	0.9879159464662571	0.9736635427154545	0.9744837708004098	0.9781275785978358	0.9749088701052003	0.9761358931894557	0.9691711444600271	0.9737555661069034
0.9735900324138336	0.9725243819541503	0.9728200043670959	0.9714913760059587	0.9680986396097697	0.9692379771382762	0.968987913886142	0.9727133241206815	0.9712929970646674	0.9719195750793446	0.9743904726216727	0.9752368710917314	0.9741967496745396	0.9712321837530694	0.9692739346712168	0.9690419069315748	0.9739161724225156	0.9721727630875233	0.9723431281097772	0.9678810153400624	0.9722175769542767	0.9734984659368249	0.970740940010423	0.9716706179531929	0.9749361681376335	0.9745057457032325	0.9660635917667728	0.9719511647584559	0.9693378303067288	0.9783656137293321	0.965681650772697	0.9686703846708583	0.9709582649629244	0.9719719038207449	0.9803520622776352	1.0	0.9719132682300822	0.9830089490980651	0.9702668372071835	0.9706248208958236	0.9746568552788808	0.9714921231822962	0.9721302638533926	0.9676351120433926	0.9712254194619837
0.9833395175902677	0.9820687662164876	0.9795604531397494	0.9821857375139109	0.9701066261166148	0.970747876851711	0.9731609658136331	0.9808288572822637	0.9799705482394457	0.9839858423273165	0.974972073887749	0.975537907185993	0.9779551189194049	0.9729341976751532	0.9717462713942427	0.9789279587090997	0.9781563897097708	0.9774715279623961	0.9812339525700745	0.9738256908025077	0.9796594684899601	0.9787092404948659	0.980840043574472	0.9768373588389703	0.9774390625798051	0.9769138910620861	0.9745169754219393	0.9817544805811839	0.9753631047775289	0.9792763277233896	0.9671496968406263	0.9708207503257722	0.9768330285250489	0.9817342270539333	0.9743793510181424	0.9719132682300822	1.0	0.974370352044204	0.9778270559876783	0.974508050268707	0.9759012373246521	0.977725433733218	0.9770169068120106	0.9701854875467476	0.9779958209466285
0.9758714463828728	0.9771465533369547	0.9760470232080531	0.9747516944178624	0.9731752063014651	0.9699277311774571	0.9730092249757895	0.9762661675238669	0.9743473270038508	0.9762373177734553	0.9804540729555107	0.9806107758535093	0.9789034520253163	0.9742182990511683	0.9708857646109103	0.9734805364277438	0.9771137011434937	0.9767416709850302	0.9761472402506903	0.9685960692496641	0.9764785417278986	0.977316425672737	0.9758876474699905	0.9772080528269836	0.9798346243699284	0.980180094107492	0.9671818181798507	0.976264268533395	0.9701622262233552	0.983068972337795	0.9693798822126287	0.9717329812524165	0.9739901009007388	0.9758328018878722	0.9879159464662571	0.9830089490980651	0.974370352044204	1.0	0.9749967704813944	0.9753095191049604	0.9794637932971407	0.9765898047641375	0.9768444691204154	0.970328024752902	0.9750586326944942
0.9799723104308286	0.9799138442775205	0.9778190568561422	0.9794465652461422	0.9727578619011649	0.9697629462045773	0.9743370254993435	0.9789709668909996	0.9772788384822843	0.980106343838299	0.9775295180252113	0.9783642518438863	0.9780290579838944	0.9734572558624154	0.9696064806051071	0.9742877045984359	0.9777551634505884	0.9776451707230113	0.9799994092680411	0.9712389167764404	0.978127948954236	0.9794658838955728	0.9770974591198234	0.9769568881434091	0.979113923780866	0.977962791346119	0.9707809824700167	0.9794280152382697	0.9735532214286923	0.9768936452756417	0.9697640091040067	0.9723139366296882	0.976851617118959	0.9791025413284756	0.9736635427154545	0.9702668372071835	0.9778270559876783	0.9749967704813944	1.0	0.9756492487992602	0.9768191094199012	0.9792921289285359	0.9790167570989403	0.9709834925758938	0.9766016625183686
0.9758984381779313	0.9771071345090803	0.9754243144243685	0.9754485540650111	0.9709645493496188	0.9717846171014507	0.9725821792408637	0.975310846308535	0.9747102030731835	0.9765907609820494	0.9768279005602085	0.9770680519532542	0.9780540890683813	0.9743741116423547	0.9715134809026177	0.9735830194273312	0.9781045540052763	0.9776292462498162	0.9775100490929138	0.971263074707396	0.9757952015935767	0.9791235454694152	0.9751650765388297	0.9766782227365132	0.9789572665825582	0.9784837496934915	0.9694772029704282	0.974776279398545	0.9722996527122197	0.9748685247250984	0.9697141432415163	0.9718275309282718	0.9730240759554644	0.9755393483562315	0.9744837708004098	0.9706248208958236	0.974508050268707	0.9753095191049604	0.9756492487992602	1.0	0.97698857790748	0.9783298289636327	0.97896387709919	0.9734852295448585	0.9780584965170882
0.9757000956945467	0.9767261543604461	0.9761497621472512	0.9759889226394289	0.9729453451531457	0.9723892402384061	0.9737085594040464	0.9747073369002841	0.9734706087068256	0.9775911995093097	0.983618465039072	0.9842375849517947	0.9807151387539792	0.9753124009306615	0.9741581920582741	0.9756281579260728	0.9803301185322824	0.9793337309733291	0.9782214764218244	0.970369066442038	0.9773316176127234	0.9803602036290022	0.9777651499755564	0.9786397187448448	0.983364652113562	0.9834127571275019	0.9681829259912679	0.9750971346056991	0.9691969564854964	0.9777226856110676	0.9715374805108937	0.9728431586458193	0.9755620306641536	0.9748172672116785	0.9781275785978358	0.9746568552788808	0.9759012373246521	0.9794637932971407	0.9768191094199012	0.97698857790748	1.0	0.9779506256428301	0.9795694399419812	0.971958326900584	0.977734858502791
