/home/jshaw/scratch/2022_sketched_distance/references/SGB_genome_fastas_part3/5071/Bengtsson-PalmeJ_2015__TRAVELRES68__bin.47.fa	/home/jshaw/scratch/2022_sketched_distance/references/SGB_genome_fastas_part3/5071/Bengtsson-PalmeJ_2015__TRAVELRES8__bin.35.fa	/home/jshaw/scratch/2022_sketched_distance/references/SGB_genome_fastas_part3/5071/BritoIL_2016__M1.26.ST__bin.14.fa	/home/jshaw/scratch/2022_sketched_distance/references/SGB_genome_fastas_part3/5071/BritoIL_2016__M1.62.ST__bin.60.fa	/home/jshaw/scratch/2022_sketched_distance/references/SGB_genome_fastas_part3/5071/BritoIL_2016__W2.52.ST__bin.10.fa	/home/jshaw/scratch/2022_sketched_distance/references/SGB_genome_fastas_part3/5071/BritoIL_2016__W2.68.ST__bin.11.fa	/home/jshaw/scratch/2022_sketched_distance/references/SGB_genome_fastas_part3/5071/HeQ_2017__SZAXPI029492-90__bin.5.fa	/home/jshaw/scratch/2022_sketched_distance/references/SGB_genome_fastas_part3/5071/LeChatelierE_2013__MH0313__bin.50.fa	/home/jshaw/scratch/2022_sketched_distance/references/SGB_genome_fastas_part3/5071/LiJ_2017__H3M615132__bin.31.fa	/home/jshaw/scratch/2022_sketched_distance/references/SGB_genome_fastas_part3/5071/LiuW_2016__SRR3993044__bin.101.fa	/home/jshaw/scratch/2022_sketched_distance/references/SGB_genome_fastas_part3/5071/QinJ_2012__CON-057__bin.26.fa	/home/jshaw/scratch/2022_sketched_distance/references/SGB_genome_fastas_part3/5071/QinJ_2012__CON-075__bin.51.fa	/home/jshaw/scratch/2022_sketched_distance/references/SGB_genome_fastas_part3/5071/QinJ_2012__CON-101__bin.59.fa	/home/jshaw/scratch/2022_sketched_distance/references/SGB_genome_fastas_part3/5071/QinJ_2012__DOM022__bin.11.fa	/home/jshaw/scratch/2022_sketched_distance/references/SGB_genome_fastas_part3/5071/QinN_2014__HD-20__bin.7.fa	/home/jshaw/scratch/2022_sketched_distance/references/SGB_genome_fastas_part3/5071/QinN_2014__HD-39__bin.8.fa	/home/jshaw/scratch/2022_sketched_distance/references/SGB_genome_fastas_part3/5071/QinN_2014__HD-40__bin.11.fa	/home/jshaw/scratch/2022_sketched_distance/references/SGB_genome_fastas_part3/5071/QinN_2014__LD-45__bin.33.fa	/home/jshaw/scratch/2022_sketched_distance/references/SGB_genome_fastas_part3/5071/QinN_2014__LD-98__bin.15.fa	/home/jshaw/scratch/2022_sketched_distance/references/SGB_genome_fastas_part3/5071/SchirmerM_2016__G88728__bin.16.fa	/home/jshaw/scratch/2022_sketched_distance/references/SGB_genome_fastas_part3/5071/WenC_2017__N017__bin.35.fa	/home/jshaw/scratch/2022_sketched_distance/references/SGB_genome_fastas_part3/5071/WenC_2017__N310__bin.37.fa	/home/jshaw/scratch/2022_sketched_distance/references/SGB_genome_fastas_part3/5071/ZeeviD_2015__PNP_DietIntervention_2__bin.17.fa	/home/jshaw/scratch/2022_sketched_distance/references/SGB_genome_fastas_part3/5071/ZeeviD_2015__PNP_Main_170__bin.44.fa	/home/jshaw/scratch/2022_sketched_distance/references/SGB_genome_fastas_part3/5071/ZeeviD_2015__PNP_Main_176__bin.29.fa	/home/jshaw/scratch/2022_sketched_distance/references/SGB_genome_fastas_part3/5071/ZeeviD_2015__PNP_Main_303__bin.16.fa	/home/jshaw/scratch/2022_sketched_distance/references/SGB_genome_fastas_part3/5071/ZeeviD_2015__PNP_Main_316__bin.11.fa	/home/jshaw/scratch/2022_sketched_distance/references/SGB_genome_fastas_part3/5071/ZeeviD_2015__PNP_Main_335__bin.20.fa	/home/jshaw/scratch/2022_sketched_distance/references/SGB_genome_fastas_part3/5071/ZeeviD_2015__PNP_Main_76__bin.23.fa	/home/jshaw/scratch/2022_sketched_distance/references/SGB_genome_fastas_part3/5071/ZellerG_2014__CCIS41692898ST-4-0__bin.27.fa
1.0	0.9857712221478293	0.9852026281528166	0.9855945798176174	0.9865874429096962	0.9873861009880249	0.9861042485616371	0.9861439392698002	0.9848752703666883	0.9766365477382083	0.980194722891102	0.9806540314062462	0.9766620476460917	0.9800322985869929	0.9839414025147041	0.9837340519654396	0.9731640062421009	0.9811725175052723	0.9827214452641873	0.9773789775447673	0.9845969216730176	0.9812723700229201	0.986876703979866	0.9800728475301596	0.9869931328400723	0.9795419985003047	0.9839081446991429	0.9834847659498858	0.9861236825344682	0.9839525226426917
0.9857712221478293	1.0	0.9890224878939808	0.9893240614803234	0.9901188439983596	0.986956888909947	0.9895153575556807	0.9903111191400562	0.9888636113644483	0.9809498179672284	0.9837585171401905	0.9843811832558267	0.9804196427792599	0.9839578177298157	0.9868090067918299	0.9820601469264959	0.9776935763080036	0.9808841326879468	0.9854883568485644	0.9816961529306929	0.9876120765540839	0.9850630683454089	0.9910610319856022	0.9849957247885072	0.9873744071530581	0.9832850210771363	0.9887953653413802	0.9858352152357452	0.9901973414171242	0.9879947940659431
0.9852026281528166	0.9890224878939808	1.0	0.9896188852235205	0.9909217835104445	0.9870311988040965	0.9895592019071786	0.9903762796585944	0.9891588743732074	0.9823345686969117	0.9838445022612082	0.9849378983785514	0.9808731243335146	0.9838854587223892	0.9867647150010345	0.9818807928170544	0.978657377442618	0.981455852118324	0.9857458666858591	0.9822398380855679	0.9879951228306725	0.985166001100577	0.9912002999573734	0.9859416932326938	0.9873918747179191	0.98368177278979	0.9890907441726169	0.9859462254413252	0.9905920604022486	0.987987516493936
0.9855945798176174	0.9893240614803234	0.9896188852235205	1.0	0.9908301426243488	0.9883631970587925	0.989601864549973	0.9904860820546757	0.988714505581115	0.9810700118056574	0.9839347655255358	0.98432795149297	0.9807995009013887	0.9852066390319928	0.9868788053978496	0.983120687578577	0.9779387624829948	0.9807402431691851	0.9857025013769627	0.9823075589627408	0.9878920523254032	0.9853442941838966	0.990471080288582	0.9854048665228841	0.9872830180692913	0.9833216645980393	0.9884672628107597	0.9861147722123919	0.9901439381481771	0.987976147161804
0.9865874429096962	0.9901188439983596	0.9909217835104445	0.9908301426243488	1.0	0.9876053022006759	0.9899040223700072	0.9910060589881982	0.9898885077237264	0.98271577255039	0.9842290758890878	0.9857011854944993	0.981902497392438	0.9845718452558272	0.98713040719769	0.9822358175940932	0.979943404844043	0.9814087336160445	0.9863744100816741	0.9829160499472924	0.9887145934379287	0.9858505540146578	0.9913523664274464	0.9865985232060162	0.9877808077824393	0.9847394606973598	0.9896346954594005	0.986459036712361	0.991379471975196	0.9890887776355499
0.9873861009880249	0.986956888909947	0.9870311988040965	0.9883631970587925	0.9876053022006759	1.0	0.9866155199038585	0.988046160665478	0.9862958611692467	0.9788540531121858	0.9811676848943182	0.9813528106196797	0.9772329157183185	0.9810957998875597	0.9845170316501696	0.9858231021630136	0.9737999892921225	0.9833891933360858	0.9832999955604387	0.9781406764035359	0.9862665852579239	0.9825685143809356	0.9882549407126343	0.9810256415540891	0.9892675321581794	0.9802637380136344	0.9849785557824493	0.9841516378484647	0.9874305577771381	0.9849047427042436
0.9861042485616371	0.9895153575556807	0.9895592019071786	0.989601864549973	0.9899040223700072	0.9866155199038585	1.0	0.9905208953444363	0.9895896106744101	0.9812105602643469	0.984634435840914	0.9849627681519844	0.9813034111270887	0.9844957076992104	0.9878948414468225	0.9829723828743573	0.9786946720968906	0.9813641500640807	0.9865760579296388	0.9817441030902717	0.9889216119003618	0.9856327727953254	0.9910044407335231	0.985148565976345	0.9873660875247438	0.9842992609437141	0.9886676478393966	0.986959158058507	0.9904781158723176	0.9886000746092123
0.9861439392698002	0.9903111191400562	0.9903762796585944	0.9904860820546757	0.9910060589881982	0.988046160665478	0.9905208953444363	1.0	0.9938457912312706	0.9836669658596586	0.9849013950799033	0.985783197487796	0.9826054687179143	0.98460487268771	0.9875177835923611	0.9831037036712851	0.9799075317874282	0.9811184641760691	0.9864539438886879	0.9837190092686421	0.9901073604835352	0.9860937907070121	0.9914735640931996	0.9871812760646695	0.9882783291682838	0.9844829401495685	0.9894911390880818	0.9867984852960098	0.9910399614993959	0.9888726801947731
0.9848752703666883	0.9888636113644483	0.9891588743732074	0.988714505581115	0.9898885077237264	0.9862958611692467	0.9895896106744101	0.9938457912312706	1.0	0.9841167983204517	0.9849973177623363	0.9858695534994977	0.9827383657792719	0.9841825872185057	0.9870605259998082	0.9818732772834577	0.9801525139921125	0.9809396628267044	0.9855721492394018	0.9839833699399474	0.9902040133664614	0.9858389130892262	0.9902988750524804	0.9859916154559552	0.9865711402853737	0.9837329391082483	0.9884911688072368	0.9858744609563368	0.9896729103160403	0.9875620362215701
0.9766365477382083	0.9809498179672284	0.9823345686969117	0.9810700118056574	0.98271577255039	0.9788540531121858	0.9812105602643469	0.9836669658596586	0.9841167983204517	1.0	0.977617519471525	0.9782588454685807	0.9767270796114287	0.97722446800516	0.9783278141010414	0.973574527657384	0.9769416328470654	0.9735177663663755	0.9768690552860962	0.9823018083211944	0.9846844472190233	0.978212940689411	0.9826454929261382	0.9803251838220151	0.979724248883656	0.9751770081755959	0.9815408836972047	0.9780938710655102	0.9829012682542797	0.9805791318196815
0.980194722891102	0.9837585171401905	0.9838445022612082	0.9839347655255358	0.9842290758890878	0.9811676848943182	0.984634435840914	0.9849013950799033	0.9849973177623363	0.977617519471525	1.0	0.9885209977974937	0.9908413892529454	0.9865637224692734	0.9933194176970068	0.983393086935362	0.9880501895386669	0.98265969981193	0.988021928243565	0.9782854119114992	0.9847469601411519	0.9937762682179924	0.9848127695361356	0.9812282528164809	0.980184184607059	0.9927897467099792	0.9838035081730656	0.9900818393357851	0.9845421577708389	0.9841359171411875
0.9806540314062462	0.9843811832558267	0.9849378983785514	0.98432795149297	0.9857011854944993	0.9813528106196797	0.9849627681519844	0.985783197487796	0.9858695534994977	0.9782588454685807	0.9885209977974937	1.0	0.9857023177540395	0.9880381066918483	0.989246985999942	0.9849724775151436	0.9827110957324391	0.9839480019848776	0.9892035170374452	0.9786689039519516	0.9853824086996359	0.9894403732106374	0.985268422937139	0.9820442136769512	0.9807043514796396	0.9871122251391361	0.9845331722844315	0.9882017006729431	0.9849003062811559	0.9854972534400749
0.9766620476460917	0.9804196427792599	0.9808731243335146	0.9807995009013887	0.981902497392438	0.9772329157183185	0.9813034111270887	0.9826054687179143	0.9827383657792719	0.9767270796114287	0.9908413892529454	0.9857023177540395	1.0	0.9839728896497524	0.9901708779335137	0.9785788726668424	0.9864311822868564	0.9788203865463042	0.9850011025039435	0.9776027986475077	0.9827303437135577	0.9907772339573364	0.9820581608240192	0.9795828152300788	0.9761314388251434	0.989190461572377	0.9812276230144771	0.9868046622827659	0.9818798965274385	0.981599725173058
0.9800322985869929	0.9839578177298157	0.9838854587223892	0.9852066390319928	0.9845718452558272	0.9810957998875597	0.9844957076992104	0.98460487268771	0.9841825872185057	0.97722446800516	0.9865637224692734	0.9880381066918483	0.9839728896497524	1.0	0.9879226254179683	0.9855555021554143	0.9818111765901363	0.9829837725615824	0.9884767198769581	0.9780737488754274	0.9844604617562446	0.9876229292166767	0.9848088202962005	0.9803792458560809	0.9805241541797804	0.9856926174053283	0.9833846736420566	0.9874730215962935	0.9842596481222201	0.9845243094232646
0.9839414025147041	0.9868090067918299	0.9867647150010345	0.9868788053978496	0.98713040719769	0.9845170316501696	0.9878948414468225	0.9875177835923611	0.9870605259998082	0.9783278141010414	0.9933194176970068	0.989246985999942	0.9901708779335137	0.9879226254179683	1.0	0.9866284597973225	0.9865279667338765	0.985003215807297	0.9903866196048648	0.9792781620877444	0.9865443579277154	0.9944749131199477	0.9880884787702783	0.9827316117788905	0.9841645812724921	0.9936610423279488	0.9857244546557341	0.9937219486403585	0.9875335953748399	0.986627643586675
0.9837340519654396	0.9820601469264959	0.9818807928170544	0.983120687578577	0.9822358175940932	0.9858231021630136	0.9829723828743573	0.9831037036712851	0.9818732772834577	0.973574527657384	0.983393086935362	0.9849724775151436	0.9785788726668424	0.9855555021554143	0.9866284597973225	1.0	0.9756455983491978	0.9861642134082761	0.9868387619004676	0.9728859653019362	0.9818621702426723	0.9849361476567007	0.9830248199093539	0.975884701123839	0.9848913816634226	0.9825821193310735	0.9804458738828764	0.9866632771994175	0.982025057985875	0.9816841843768039
0.9731640062421009	0.9776935763080036	0.978657377442618	0.9779387624829948	0.979943404844043	0.9737999892921225	0.9786946720968906	0.9799075317874282	0.9801525139921125	0.9769416328470654	0.9880501895386669	0.9827110957324391	0.9864311822868564	0.9818111765901363	0.9865279667338765	0.9756455983491978	1.0	0.9763943095308603	0.981555987501457	0.9774657174677	0.9810208570419868	0.9880062443656125	0.9794552314879091	0.9779677646801859	0.9733156680229607	0.9868621295973622	0.9785626792797658	0.9839432473852325	0.9790123005052765	0.9789459958451753
0.9811725175052723	0.9808841326879468	0.981455852118324	0.9807402431691851	0.9814087336160445	0.9833891933360858	0.9813641500640807	0.9811184641760691	0.9809396628267044	0.9735177663663755	0.98265969981193	0.9839480019848776	0.9788203865463042	0.9829837725615824	0.985003215807297	0.9861642134082761	0.9763943095308603	1.0	0.985325198222366	0.9731571219718828	0.9806327066825852	0.9835573647909078	0.9821098413070289	0.9770302015462752	0.9820839901871389	0.9816861893781988	0.9797613200397085	0.9849976329197758	0.9809732332382566	0.9809157687620548
0.9827214452641873	0.9854883568485644	0.9857458666858591	0.9857025013769627	0.9863744100816741	0.9832999955604387	0.9865760579296388	0.9864539438886879	0.9855721492394018	0.9768690552860962	0.988021928243565	0.9892035170374452	0.9850011025039435	0.9884767198769581	0.9903866196048648	0.9868387619004676	0.981555987501457	0.985325198222366	1.0	0.9782446488423218	0.9847750909265813	0.9893242936094248	0.986801461468379	0.9815164567949372	0.983000975090736	0.9876735051487251	0.9847648675393887	0.9899177183641303	0.9861066415478299	0.9862824721659028
0.9773789775447673	0.9816961529306929	0.9822398380855679	0.9823075589627408	0.9829160499472924	0.9781406764035359	0.9817441030902717	0.9837190092686421	0.9839833699399474	0.9823018083211944	0.9782854119114992	0.9786689039519516	0.9776027986475077	0.9780737488754274	0.9792781620877444	0.9728859653019362	0.9774657174677	0.9731571219718828	0.9782446488423218	1.0	0.9839139977987706	0.9792281021011686	0.9827893265865345	0.9812056532542434	0.9790407477854622	0.977153906711495	0.9837159284882743	0.9785654940674444	0.9831412688633347	0.981953917541914
0.9845969216730176	0.9876120765540839	0.9879951228306725	0.9878920523254032	0.9887145934379287	0.9862665852579239	0.9889216119003618	0.9901073604835352	0.9902040133664614	0.9846844472190233	0.9847469601411519	0.9853824086996359	0.9827303437135577	0.9844604617562446	0.9865443579277154	0.9818621702426723	0.9810208570419868	0.9806327066825852	0.9847750909265813	0.9839139977987706	1.0	0.985370307020349	0.989135306116947	0.9845879370044206	0.9857961000603579	0.9830541869720671	0.9874527328393464	0.9855373907347361	0.9886165767756757	0.9865811684986066
0.9812723700229201	0.9850630683454089	0.985166001100577	0.9853442941838966	0.9858505540146578	0.9825685143809356	0.9856327727953254	0.9860937907070121	0.9858389130892262	0.978212940689411	0.9937762682179924	0.9894403732106374	0.9907772339573364	0.9876229292166767	0.9944749131199477	0.9849361476567007	0.9880062443656125	0.9835573647909078	0.9893242936094248	0.9792281021011686	0.985370307020349	1.0	0.9860233364636114	0.9822484031002818	0.981804361542208	0.9927062831541745	0.9847758457127573	0.9918017868465567	0.9858595902797885	0.985747674314963
0.986876703979866	0.9910610319856022	0.9912002999573734	0.990471080288582	0.9913523664274464	0.9882549407126343	0.9910044407335231	0.9914735640931996	0.9902988750524804	0.9826454929261382	0.9848127695361356	0.985268422937139	0.9820581608240192	0.9848088202962005	0.9880884787702783	0.9830248199093539	0.9794552314879091	0.9821098413070289	0.986801461468379	0.9827893265865345	0.989135306116947	0.9860233364636114	1.0	0.9872832358676239	0.9890975467976634	0.985084158697153	0.9897463980815411	0.9870114140438454	0.9922454902591104	0.9888742761436254
0.9800728475301596	0.9849957247885072	0.9859416932326938	0.9854048665228841	0.9865985232060162	0.9810256415540891	0.985148565976345	0.9871812760646695	0.9859916154559552	0.9803251838220151	0.9812282528164809	0.9820442136769512	0.9795828152300788	0.9803792458560809	0.9827316117788905	0.975884701123839	0.9779677646801859	0.9770302015462752	0.9815164567949372	0.9812056532542434	0.9845879370044206	0.9822484031002818	0.9872832358676239	1.0	0.9820170337918303	0.981522907762042	0.9861373058628581	0.9820314978364223	0.9866966760837893	0.985208810292782
0.9869931328400723	0.9873744071530581	0.9873918747179191	0.9872830180692913	0.9877808077824393	0.9892675321581794	0.9873660875247438	0.9882783291682838	0.9865711402853737	0.979724248883656	0.980184184607059	0.9807043514796396	0.9761314388251434	0.9805241541797804	0.9841645812724921	0.9848913816634226	0.9733156680229607	0.9820839901871389	0.983000975090736	0.9790407477854622	0.9857961000603579	0.981804361542208	0.9890975467976634	0.9820170337918303	1.0	0.9800755526946238	0.9856238308003926	0.9842089994683262	0.9881675340259046	0.9851955854753078
0.9795419985003047	0.9832850210771363	0.98368177278979	0.9833216645980393	0.9847394606973598	0.9802637380136344	0.9842992609437141	0.9844829401495685	0.9837329391082483	0.9751770081755959	0.9927897467099792	0.9871122251391361	0.989190461572377	0.9856926174053283	0.9936610423279488	0.9825821193310735	0.9868621295973622	0.9816861893781988	0.9876735051487251	0.977153906711495	0.9830541869720671	0.9927062831541745	0.985084158697153	0.981522907762042	0.9800755526946238	1.0	0.9834116275478427	0.991318206397419	0.9844057384849956	0.9840057081548954
0.9839081446991429	0.9887953653413802	0.9890907441726169	0.9884672628107597	0.9896346954594005	0.9849785557824493	0.9886676478393966	0.9894911390880818	0.9884911688072368	0.9815408836972047	0.9838035081730656	0.9845331722844315	0.9812276230144771	0.9833846736420566	0.9857244546557341	0.9804458738828764	0.9785626792797658	0.9797613200397085	0.9847648675393887	0.9837159284882743	0.9874527328393464	0.9847758457127573	0.9897463980815411	0.9861373058628581	0.9856238308003926	0.9834116275478427	1.0	0.9845194939195034	0.9899373051648412	0.9880703270236707
0.9834847659498858	0.9858352152357452	0.9859462254413252	0.9861147722123919	0.986459036712361	0.9841516378484647	0.986959158058507	0.9867984852960098	0.9858744609563368	0.9780938710655102	0.9900818393357851	0.9882017006729431	0.9868046622827659	0.9874730215962935	0.9937219486403585	0.9866632771994175	0.9839432473852325	0.9849976329197758	0.9899177183641303	0.9785654940674444	0.9855373907347361	0.9918017868465567	0.9870114140438454	0.9820314978364223	0.9842089994683262	0.991318206397419	0.9845194939195034	1.0	0.9866008148845427	0.9858068536175889
0.9861236825344682	0.9901973414171242	0.9905920604022486	0.9901439381481771	0.991379471975196	0.9874305577771381	0.9904781158723176	0.9910399614993959	0.9896729103160403	0.9829012682542797	0.9845421577708389	0.9849003062811559	0.9818798965274385	0.9842596481222201	0.9875335953748399	0.982025057985875	0.9790123005052765	0.9809732332382566	0.9861066415478299	0.9831412688633347	0.9886165767756757	0.9858595902797885	0.9922454902591104	0.9866966760837893	0.9881675340259046	0.9844057384849956	0.9899373051648412	0.9866008148845427	1.0	0.9885438868580927
0.9839525226426917	0.9879947940659431	0.987987516493936	0.987976147161804	0.9890887776355499	0.9849047427042436	0.9886000746092123	0.9888726801947731	0.9875620362215701	0.9805791318196815	0.9841359171411875	0.9854972534400749	0.981599725173058	0.9845243094232646	0.986627643586675	0.9816841843768039	0.9789459958451753	0.9809157687620548	0.9862824721659028	0.981953917541914	0.9865811684986066	0.985747674314963	0.9888742761436254	0.985208810292782	0.9851955854753078	0.9840057081548954	0.9880703270236707	0.9858068536175889	0.9885438868580927	1.0
