/home/jshaw/scratch/2022_sketched_distance/references/SGB_genome_fastas_part1_redo/1341/CM_periimplantitis__SP_125SPI_T016__bin.4.fa	/home/jshaw/scratch/2022_sketched_distance/references/SGB_genome_fastas_part1_redo/1341/CM_periimplantitis__SP_189SPI_T016__bin.38.fa	/home/jshaw/scratch/2022_sketched_distance/references/SGB_genome_fastas_part1_redo/1341/CM_periimplantitis__SP_201SPI_T016__bin.7.fa	/home/jshaw/scratch/2022_sketched_distance/references/SGB_genome_fastas_part1_redo/1341/CM_periimplantitis__SP_261SPT_T016__bin.3.fa	/home/jshaw/scratch/2022_sketched_distance/references/SGB_genome_fastas_part1_redo/1341/CM_periimplantitis__SP_281SPI_T016__bin.1.fa	/home/jshaw/scratch/2022_sketched_distance/references/SGB_genome_fastas_part1_redo/1341/CM_periimplantitis__SP_304SPI_T016__bin.6.fa	/home/jshaw/scratch/2022_sketched_distance/references/SGB_genome_fastas_part1_redo/1341/CM_periimplantitis__SP_325SPI_T016__bin.2.fa	/home/jshaw/scratch/2022_sketched_distance/references/SGB_genome_fastas_part1_redo/1341/CM_periimplantitis__SP_326SPI_T016__bin.3.fa	/home/jshaw/scratch/2022_sketched_distance/references/SGB_genome_fastas_part1_redo/1341/HMP_2012__SRS011126__bin.74.fa	/home/jshaw/scratch/2022_sketched_distance/references/SGB_genome_fastas_part1_redo/1341/HMP_2012__SRS011255__bin.25.fa	/home/jshaw/scratch/2022_sketched_distance/references/SGB_genome_fastas_part1_redo/1341/HMP_2012__SRS014107__bin.7.fa	/home/jshaw/scratch/2022_sketched_distance/references/SGB_genome_fastas_part1_redo/1341/HMP_2012__SRS014476__bin.36.fa	/home/jshaw/scratch/2022_sketched_distance/references/SGB_genome_fastas_part1_redo/1341/HMP_2012__SRS014578__bin.49.fa	/home/jshaw/scratch/2022_sketched_distance/references/SGB_genome_fastas_part1_redo/1341/HMP_2012__SRS015215__bin.13.fa	/home/jshaw/scratch/2022_sketched_distance/references/SGB_genome_fastas_part1_redo/1341/HMP_2012__SRS015650__bin.14.fa	/home/jshaw/scratch/2022_sketched_distance/references/SGB_genome_fastas_part1_redo/1341/HMP_2012__SRS016043__bin.17.fa	/home/jshaw/scratch/2022_sketched_distance/references/SGB_genome_fastas_part1_redo/1341/HMP_2012__SRS016331__bin.45.fa	/home/jshaw/scratch/2022_sketched_distance/references/SGB_genome_fastas_part1_redo/1341/HMP_2012__SRS017511__bin.27.fa	/home/jshaw/scratch/2022_sketched_distance/references/SGB_genome_fastas_part1_redo/1341/HMP_2012__SRS017691__bin.13.fa	/home/jshaw/scratch/2022_sketched_distance/references/SGB_genome_fastas_part1_redo/1341/HMP_2012__SRS018157__bin.52.fa	/home/jshaw/scratch/2022_sketched_distance/references/SGB_genome_fastas_part1_redo/1341/HMP_2012__SRS019029__bin.15.fa	/home/jshaw/scratch/2022_sketched_distance/references/SGB_genome_fastas_part1_redo/1341/HMP_2012__SRS019128__bin.42.fa	/home/jshaw/scratch/2022_sketched_distance/references/SGB_genome_fastas_part1_redo/1341/HMP_2012__SRS020226__bin.25.fa	/home/jshaw/scratch/2022_sketched_distance/references/SGB_genome_fastas_part1_redo/1341/HMP_2012__SRS022602__bin.81.fa	/home/jshaw/scratch/2022_sketched_distance/references/SGB_genome_fastas_part1_redo/1341/HMP_2012__SRS023964__bin.22.fa	/home/jshaw/scratch/2022_sketched_distance/references/SGB_genome_fastas_part1_redo/1341/HMP_2012__SRS024087__bin.47.fa	/home/jshaw/scratch/2022_sketched_distance/references/SGB_genome_fastas_part1_redo/1341/HMP_2012__SRS024561__bin.28.fa	/home/jshaw/scratch/2022_sketched_distance/references/SGB_genome_fastas_part1_redo/1341/HMP_2012__SRS047634__bin.17.fa	/home/jshaw/scratch/2022_sketched_distance/references/SGB_genome_fastas_part1_redo/1341/HMP_2012__SRS049268__bin.47.fa	/home/jshaw/scratch/2022_sketched_distance/references/SGB_genome_fastas_part1_redo/1341/HMP_2012__SRS051941__bin.47.fa	/home/jshaw/scratch/2022_sketched_distance/references/SGB_genome_fastas_part1_redo/1341/HMP_2012__SRS055378__bin.37.fa	/home/jshaw/scratch/2022_sketched_distance/references/SGB_genome_fastas_part1_redo/1341/HMP_2012__SRS058808__bin.44.fa	/home/jshaw/scratch/2022_sketched_distance/references/SGB_genome_fastas_part1_redo/1341/HMP_2012__SRS063603__bin.41.fa	/home/jshaw/scratch/2022_sketched_distance/references/SGB_genome_fastas_part1_redo/1341/HMP_2012__SRS063999__bin.47.fa	/home/jshaw/scratch/2022_sketched_distance/references/SGB_genome_fastas_part1_redo/1341/HMP_2012__SRS064449__bin.46.fa
1.0	0.9815569849633915	0.9767810632992662	0.9819944346176898	0.9799265112094927	0.9817974324017705	0.9744571974656709	0.9707035448763719	0.975686501192141	0.9807290346717756	0.9751430909692527	0.9822988320959318	0.9858910512260673	0.9619568912575094	0.9853096725184716	0.9811916777864916	0.9727819093216247	0.9772977758567376	0.9738090394059661	0.9732770070233986	0.9750073119390352	0.9707205263252286	0.9626110881629628	0.9729573937803788	0.9657614156208252	0.9746607557267696	0.9749341899501138	0.9731502635686354	0.9734880495045787	0.9687831503507761	0.9820228305880667	0.9726953800051584	0.9727461976210355	0.9859288125847436	0.9729564852696941
0.9815569849633915	1.0	0.9752900836154395	0.9964741396951126	0.9924617098295112	0.996120586703171	0.9864366782526532	0.9711479726913391	0.9905188471236334	0.9810984918535423	0.9746858894829363	0.9961492098234276	0.9805569240672272	0.9633156415750471	0.980412260544801	0.9804222874671817	0.97160838912654	0.9757954948959103	0.973623662905605	0.9739759105500995	0.9746023742870319	0.9709757172818442	0.9610875915176817	0.9727743604988573	0.9653298498017184	0.9699652734904216	0.9737199968660156	0.97315675556508	0.9723095721037628	0.9685694686034128	0.974095343267409	0.9734423822981267	0.9708262005687253	0.980533187772113	0.971861080099548
0.9767810632992662	0.9752900836154395	1.0	0.9748184696953949	0.9721331371433994	0.9746978892773738	0.9651615160296271	0.9727963002886233	0.9685855545396583	0.9749463016579039	0.9682453351121464	0.9738213293537231	0.9761461267463839	0.9607323782507208	0.9763652829553335	0.9758165446259874	0.9742656466408203	0.976881905488013	0.9761214113293712	0.9761407620360802	0.9743476147118906	0.9744652517153342	0.9649090732746513	0.9756591180085714	0.9685588580552376	0.96597455911673	0.9765032487424303	0.9756665755316447	0.9764450519105874	0.9724162169435726	0.9690554902366608	0.9760885182417177	0.9711305669028719	0.9758370896471127	0.9755812471897425
0.9819944346176898	0.9964741396951126	0.9748184696953949	1.0	0.9922829201211107	0.9964715378670225	0.9859142809425899	0.9710421688068692	0.9900999400698146	0.981405661675283	0.9744431535569418	0.9963283478325781	0.9804419395362097	0.963510151963703	0.9803235668040348	0.9805139949764601	0.9716337070554197	0.9753724917649805	0.973310534435493	0.9731888535725562	0.9742988717324405	0.9710425108306415	0.9613030291962027	0.9723287339059472	0.9650824500722278	0.9704654806841445	0.9735155009713417	0.9727967542914542	0.9722140140189549	0.9687038564045654	0.9737094978579296	0.9733145914541372	0.9708068907232447	0.9803596753195283	0.9717227630962133
0.9799265112094927	0.9924617098295112	0.9721331371433994	0.9922829201211107	1.0	0.9914679421234103	0.9845169093403071	0.9683942559255014	0.9879858675202736	0.9790013214904059	0.9739067489240443	0.9935091105650223	0.9778354767170573	0.9624000194807009	0.9780260761979462	0.9775591160690842	0.9696575181838633	0.972909303656227	0.969597882770335	0.9695909216334323	0.9711536865928944	0.9670994507344323	0.9610224910202062	0.9695017612728342	0.964739004687856	0.9705242718494443	0.970307398833603	0.9694530630927536	0.9689213225806882	0.9656986755600395	0.9742875096387306	0.9693912741973908	0.9696757867072072	0.9777474062782965	0.9688739898548632
0.9817974324017705	0.996120586703171	0.9746978892773738	0.9964715378670225	0.9914679421234103	1.0	0.9854324254610505	0.9704535321999435	0.9893135657051624	0.9810393437816343	0.9750324635945103	0.9957585134640965	0.9810852781800335	0.962591232986407	0.980472541617177	0.9798194071418943	0.9711319140499126	0.9748781062314372	0.9724544463632873	0.9728610446708907	0.9739918794629322	0.9697452551417455	0.9612495331837398	0.9716556715812474	0.9645870900491318	0.9701901086278711	0.9728478562461671	0.9724560339440311	0.9718226713040832	0.9680667747384533	0.9739536004598489	0.9717480153548187	0.9703026471425363	0.9810017552735153	0.9709828369863186
0.9744571974656709	0.9864366782526532	0.9651615160296271	0.9859142809425899	0.9845169093403071	0.9854324254610505	1.0	0.9651003535705236	0.9803939850585185	0.9728112974254935	0.9684462515949142	0.98546612325161	0.9719388075239995	0.957781381882253	0.9725143218620955	0.9716363086577959	0.965746137858431	0.9671902800141055	0.9646720566195249	0.9650399480793432	0.9653215384928443	0.9620362539601466	0.959849517364201	0.9648661052467258	0.9620283512698665	0.9658879897432233	0.9651815061201194	0.9646824679745946	0.9633756123484419	0.9627111236771951	0.9690000116491637	0.964912234959213	0.9641558997633708	0.9720895629498185	0.9630085711754003
0.9707035448763719	0.9711479726913391	0.9727963002886233	0.9710421688068692	0.9683942559255014	0.9704535321999435	0.9651003535705236	1.0	0.9660352225162036	0.9713095558359144	0.9678559945036398	0.9705796233995144	0.9688120731663341	0.9620907121406641	0.9704455471505903	0.9703900289063269	0.9743184897575875	0.9723773484617988	0.9736388508454301	0.9727706807349362	0.9739697886738604	0.9722529317869156	0.9658920083734196	0.972871549143278	0.9676578528292956	0.9633158402690655	0.9721630105331454	0.9720664195672042	0.9742249425631436	0.9681015377423976	0.9633360863233849	0.9731589198719037	0.9634634273829726	0.9687832764613881	0.9732965815912311
0.975686501192141	0.9905188471236334	0.9685855545396583	0.9900999400698146	0.9879858675202736	0.9893135657051624	0.9803939850585185	0.9660352225162036	1.0	0.9761088495151968	0.9693336163277804	0.9907476505166511	0.9753154111691318	0.9678435308549884	0.9755019692180072	0.9741528778497424	0.9656964550605213	0.9702006432781001	0.9677310889187463	0.9679260054799189	0.9704576586180753	0.9671580511758503	0.9583729034268984	0.966937899548055	0.9603823107098677	0.973450921211803	0.9685791834750768	0.967537635512056	0.967161867004052	0.9648123410995068	0.9779121215117832	0.9680764994063918	0.9743855600517355	0.9753457718183244	0.9670664502353492
0.9807290346717756	0.9810984918535423	0.9749463016579039	0.981405661675283	0.9790013214904059	0.9810393437816343	0.9728112974254935	0.9713095558359144	0.9761088495151968	1.0	0.9868159578450977	0.9813819746219163	0.9796466704500726	0.9637872348207616	0.9789220304858014	0.9785934069279802	0.9724946431710133	0.9755734158357007	0.9732158410223528	0.9729711027696394	0.9743666623269168	0.9711652731372277	0.963019608437563	0.9728309068248345	0.9662249872539785	0.9696968622120496	0.9728399412043666	0.9729130231953311	0.973145581677309	0.9687640143347169	0.9737124851178366	0.9722511254352382	0.9710897838485341	0.9793388909561414	0.9723344062509154
0.9751430909692527	0.9746858894829363	0.9682453351121464	0.9744431535569418	0.9739067489240443	0.9750324635945103	0.9684462515949142	0.9678559945036398	0.9693336163277804	0.9868159578450977	1.0	0.9745928842722867	0.9743726022831778	0.9569591619628915	0.9739932125159284	0.9725477024484555	0.9674621672331379	0.96920819943825	0.9668308450043425	0.9661644993606083	0.9679230853609144	0.96402930684253	0.9598318457416884	0.9669029958411375	0.9622970759501688	0.9663499882009625	0.9673124383165902	0.965975490896136	0.9666399242499798	0.9626111411070944	0.968948600843712	0.9658644140146186	0.9639665468473981	0.9739777016591455	0.9664646222488404
0.9822988320959318	0.9961492098234276	0.9738213293537231	0.9963283478325781	0.9935091105650223	0.9957585134640965	0.98546612325161	0.9705796233995144	0.9907476505166511	0.9813819746219163	0.9745928842722867	1.0	0.9808975628400551	0.9627644527485459	0.9801408167457325	0.9801593803458611	0.9704338429518184	0.974903143635556	0.972323947081454	0.9727950589252625	0.9749752101302664	0.9692016820683625	0.9602698344098316	0.97130435153491	0.9640220068055785	0.9703448649909661	0.9724825538418138	0.9722475968242403	0.9714719871009629	0.9671341459142415	0.9744073476029564	0.9720460688640536	0.9706850015388631	0.9807879188597031	0.9708828866363551
0.9858910512260673	0.9805569240672272	0.9761461267463839	0.9804419395362097	0.9778354767170573	0.9810852781800335	0.9719388075239995	0.9688120731663341	0.9753154111691318	0.9796466704500726	0.9743726022831778	0.9808975628400551	1.0	0.960703605823998	0.9854089526351626	0.9807558843792757	0.971730093144946	0.974974938317918	0.9735180906278406	0.973106130477394	0.9741369708511685	0.9703046016285912	0.9611373138414259	0.9722510644434195	0.9639381399282447	0.9725552981089292	0.9734290060327813	0.9726403025106722	0.972973735750341	0.9677569275513798	0.9792385644793581	0.9731595981195644	0.972415433150912	0.9993996354560291	0.9720459720770632
0.9619568912575094	0.9633156415750471	0.9607323782507208	0.963510151963703	0.9624000194807009	0.962591232986407	0.957781381882253	0.9620907121406641	0.9678435308549884	0.9637872348207616	0.9569591619628915	0.9627644527485459	0.960703605823998	1.0	0.9624464907042005	0.962478110629703	0.9636509753233112	0.9621532501726512	0.9632473672591232	0.9616799030935475	0.9622330974331453	0.9637615700390999	0.9567203180407726	0.9634742735322145	0.9564353404505513	0.9672372862553458	0.9633077591557612	0.9619031284104754	0.9634746051354443	0.9625501283183253	0.9695929888635169	0.9624089419864532	0.9687450177639099	0.9604867310563928	0.9640020957167847
0.9853096725184716	0.980412260544801	0.9763652829553335	0.9803235668040348	0.9780260761979462	0.980472541617177	0.9725143218620955	0.9704455471505903	0.9755019692180072	0.9789220304858014	0.9739932125159284	0.9801408167457325	0.9854089526351626	0.9624464907042005	1.0	0.9811881713317746	0.9735179600283245	0.9760299821296032	0.9741433259415997	0.9746059768254944	0.9753017400141293	0.9714221591802392	0.962604661754713	0.9733415428589989	0.9671968296123127	0.9734833877860255	0.9749081292510853	0.9743211306696831	0.9736770583996739	0.969588000875187	0.9791890502727774	0.9738071643318161	0.9728305721852621	0.9853717155645669	0.9732270179977219
0.9811916777864916	0.9804222874671817	0.9758165446259874	0.9805139949764601	0.9775591160690842	0.9798194071418943	0.9716363086577959	0.9703900289063269	0.9741528778497424	0.9785934069279802	0.9725477024484555	0.9801593803458611	0.9807558843792757	0.962478110629703	0.9811881713317746	1.0	0.9715909404576923	0.9755587579125746	0.9734437992489512	0.9732503548306561	0.9745592393729755	0.9706322695279906	0.9626978506287885	0.9725170129499066	0.9640867673943441	0.9721178459858558	0.9741561285442564	0.9727124604361943	0.9733074447977387	0.9687360992581218	0.9751395725968596	0.9729390501849359	0.9711041208932566	0.9806450491846919	0.9721590392099744
0.9727819093216247	0.97160838912654	0.9742656466408203	0.9716337070554197	0.9696575181838633	0.9711319140499126	0.965746137858431	0.9743184897575875	0.9656964550605213	0.9724946431710133	0.9674621672331379	0.9704338429518184	0.971730093144946	0.9636509753233112	0.9735179600283245	0.9715909404576923	1.0	0.9750415423478109	0.9793279612083727	0.9773642217818147	0.9732867571303144	0.9763428913826736	0.9704609167047262	0.9784213716709926	0.973776269621014	0.9653013093443502	0.9802197710503908	0.9772398717491515	0.9785070055429002	0.975235728115354	0.9675482285103317	0.978085880008696	0.9681886786248828	0.9716038509312543	0.9780693805345831
0.9772977758567376	0.9757954948959103	0.976881905488013	0.9753724917649805	0.972909303656227	0.9748781062314372	0.9671902800141055	0.9723773484617988	0.9702006432781001	0.9755734158357007	0.96920819943825	0.974903143635556	0.974974938317918	0.9621532501726512	0.9760299821296032	0.9755587579125746	0.9750415423478109	1.0	0.9758139321225361	0.9764728345232123	0.974650963179986	0.9747958486892296	0.9653063944980778	0.9758634302670993	0.9693927933062829	0.9672239788750433	0.9762570793358283	0.9762668951468058	0.975975878060056	0.9723171547736884	0.9702369117180418	0.9749592444993224	0.9739990955087432	0.9749314727364057	0.9757457572482588
0.9738090394059661	0.973623662905605	0.9761214113293712	0.973310534435493	0.969597882770335	0.9724544463632873	0.9646720566195249	0.9736388508454301	0.9677310889187463	0.9732158410223528	0.9668308450043425	0.972323947081454	0.9735180906278406	0.9632473672591232	0.9741433259415997	0.9734437992489512	0.9793279612083727	0.9758139321225361	1.0	0.9809228923286873	0.9756287892514607	0.9804906028199194	0.9740305628621693	0.9881969687047747	0.9734540499769407	0.9652115740821461	0.9807392571875997	0.9803492901125485	0.9827260782793592	0.9766773332734022	0.9679335767608181	0.9815048941553979	0.9700272155074176	0.9734440637516396	0.9818095914795176
0.9732770070233986	0.9739759105500995	0.9761407620360802	0.9731888535725562	0.9695909216334323	0.9728610446708907	0.9650399480793432	0.9727706807349362	0.9679260054799189	0.9729711027696394	0.9661644993606083	0.9727950589252625	0.973106130477394	0.9616799030935475	0.9746059768254944	0.9732503548306561	0.9773642217818147	0.9764728345232123	0.9809228923286873	1.0	0.9755475463564696	0.9794944493315219	0.967124273448482	0.9791378445573446	0.9742048481166743	0.9647279637857904	0.9821058042382106	0.9989598683375462	0.9811625594933393	0.9790364192756331	0.9661613495383827	0.9843101355943911	0.9700681802332294	0.9727383869220314	0.9800441562716368
0.9750073119390352	0.9746023742870319	0.9743476147118906	0.9742988717324405	0.9711536865928944	0.9739918794629322	0.9653215384928443	0.9739697886738604	0.9704576586180753	0.9743666623269168	0.9679230853609144	0.9749752101302664	0.9741369708511685	0.9622330974331453	0.9753017400141293	0.9745592393729755	0.9732867571303144	0.974650963179986	0.9756287892514607	0.9755475463564696	1.0	0.9733413270131016	0.9631950844730374	0.9739935177739603	0.9666557906586437	0.9658409556243015	0.9736580594486238	0.9747710619318933	0.9750146546617998	0.9690680483738132	0.967840893696791	0.974443347927187	0.9696300799382267	0.9739565862303924	0.9741883227720495
0.9707205263252286	0.9709757172818442	0.9744652517153342	0.9710425108306415	0.9670994507344323	0.9697452551417455	0.9620362539601466	0.9722529317869156	0.9671580511758503	0.9711652731372277	0.96402930684253	0.9692016820683625	0.9703046016285912	0.9637615700390999	0.9714221591802392	0.9706322695279906	0.9763428913826736	0.9747958486892296	0.9804906028199194	0.9794944493315219	0.9733413270131016	1.0	0.9688556430954538	0.9795910018469975	0.9706519097867614	0.9650412931221226	0.9791081670166275	0.9791633995870854	0.98026581754693	0.9758864218816303	0.96750360063361	0.9792762384531816	0.9698295645754156	0.9700189146242016	0.9798254891303566
0.9626110881629628	0.9610875915176817	0.9649090732746513	0.9613030291962027	0.9610224910202062	0.9612495331837398	0.959849517364201	0.9658920083734196	0.9583729034268984	0.963019608437563	0.9598318457416884	0.9602698344098316	0.9611373138414259	0.9567203180407726	0.962604661754713	0.9626978506287885	0.9704609167047262	0.9653063944980778	0.9740305628621693	0.967124273448482	0.9631950844730374	0.9688556430954538	1.0	0.9726009141050661	0.9661334917419181	0.9572679960830603	0.9668731343110034	0.9671280690903796	0.96991527918086	0.9671585978565169	0.9587251341257297	0.9674916096238898	0.9599628917547779	0.9608481479485116	0.9701171169880445
0.9729573937803788	0.9727743604988573	0.9756591180085714	0.9723287339059472	0.9695017612728342	0.9716556715812474	0.9648661052467258	0.972871549143278	0.966937899548055	0.9728309068248345	0.9669029958411375	0.97130435153491	0.9722510644434195	0.9634742735322145	0.9733415428589989	0.9725170129499066	0.9784213716709926	0.9758634302670993	0.9881969687047747	0.9791378445573446	0.9739935177739603	0.9795910018469975	0.9726009141050661	1.0	0.9732452514656841	0.9640302876358116	0.9792968049687827	0.9788707929496293	0.9812678104678381	0.9767575927315417	0.9672549440216606	0.9801539307636049	0.9696293724677473	0.9719048653993997	0.9809678254531046
0.9657614156208252	0.9653298498017184	0.9685588580552376	0.9650824500722278	0.964739004687856	0.9645870900491318	0.9620283512698665	0.9676578528292956	0.9603823107098677	0.9662249872539785	0.9622970759501688	0.9640220068055785	0.9639381399282447	0.9564353404505513	0.9671968296123127	0.9640867673943441	0.973776269621014	0.9693927933062829	0.9734540499769407	0.9742048481166743	0.9666557906586437	0.9706519097867614	0.9661334917419181	0.9732452514656841	1.0	0.957774759724418	0.9750570242939806	0.974119479951696	0.9724775051054174	0.9724915774433442	0.9608048963974157	0.9755386060560594	0.9633649845743922	0.9639234792213076	0.9723215197819899
0.9746607557267696	0.9699652734904216	0.96597455911673	0.9704654806841445	0.9705242718494443	0.9701901086278711	0.9658879897432233	0.9633158402690655	0.973450921211803	0.9696968622120496	0.9663499882009625	0.9703448649909661	0.9725552981089292	0.9672372862553458	0.9734833877860255	0.9721178459858558	0.9653013093443502	0.9672239788750433	0.9652115740821461	0.9647279637857904	0.9658409556243015	0.9650412931221226	0.9572679960830603	0.9640302876358116	0.957774759724418	1.0	0.9654751350449368	0.9646762075982127	0.9644037959406182	0.9641978665040407	0.9821370356445263	0.9644238381584442	0.9752618150352235	0.9723673478719035	0.9652970415058569
0.9749341899501138	0.9737199968660156	0.9765032487424303	0.9735155009713417	0.970307398833603	0.9728478562461671	0.9651815061201194	0.9721630105331454	0.9685791834750768	0.9728399412043666	0.9673124383165902	0.9724825538418138	0.9734290060327813	0.9633077591557612	0.9749081292510853	0.9741561285442564	0.9802197710503908	0.9762570793358283	0.9807392571875997	0.9821058042382106	0.9736580594486238	0.9791081670166275	0.9668731343110034	0.9792968049687827	0.9750570242939806	0.9654751350449368	1.0	0.981654812126028	0.9799203559308557	0.9790350732787327	0.9684217045882461	0.9833384343093378	0.9710400767108801	0.9732439067435974	0.9791033322227075
0.9731502635686354	0.97315675556508	0.9756665755316447	0.9727967542914542	0.9694530630927536	0.9724560339440311	0.9646824679745946	0.9720664195672042	0.967537635512056	0.9729130231953311	0.965975490896136	0.9722475968242403	0.9726403025106722	0.9619031284104754	0.9743211306696831	0.9727124604361943	0.9772398717491515	0.9762668951468058	0.9803492901125485	0.9989598683375462	0.9747710619318933	0.9791633995870854	0.9671280690903796	0.9788707929496293	0.974119479951696	0.9646762075982127	0.981654812126028	1.0	0.9807990114691745	0.9788028286274532	0.9663749971954331	0.9838035366477558	0.9701812472100472	0.9723386266193941	0.9797661287131717
0.9734880495045787	0.9723095721037628	0.9764450519105874	0.9722140140189549	0.9689213225806882	0.9718226713040832	0.9633756123484419	0.9742249425631436	0.967161867004052	0.973145581677309	0.9666399242499798	0.9714719871009629	0.972973735750341	0.9634746051354443	0.9736770583996739	0.9733074447977387	0.9785070055429002	0.975975878060056	0.9827260782793592	0.9811625594933393	0.9750146546617998	0.98026581754693	0.96991527918086	0.9812678104678381	0.9724775051054174	0.9644037959406182	0.9799203559308557	0.9807990114691745	1.0	0.9773729421580131	0.9660673242729435	0.9802073233923889	0.9687870105640378	0.9727866017120218	0.9973884015683501
0.9687831503507761	0.9685694686034128	0.9724162169435726	0.9687038564045654	0.9656986755600395	0.9680667747384533	0.9627111236771951	0.9681015377423976	0.9648123410995068	0.9687640143347169	0.9626111411070944	0.9671341459142415	0.9677569275513798	0.9625501283183253	0.969588000875187	0.9687360992581218	0.975235728115354	0.9723171547736884	0.9766773332734022	0.9790364192756331	0.9690680483738132	0.9758864218816303	0.9671585978565169	0.9767575927315417	0.9724915774433442	0.9641978665040407	0.9790350732787327	0.9788028286274532	0.9773729421580131	1.0	0.9659099781762329	0.9802591453232915	0.9696169987389849	0.9677300381499528	0.9771622522508402
0.9820228305880667	0.974095343267409	0.9690554902366608	0.9737094978579296	0.9742875096387306	0.9739536004598489	0.9690000116491637	0.9633360863233849	0.9779121215117832	0.9737124851178366	0.968948600843712	0.9744073476029564	0.9792385644793581	0.9695929888635169	0.9791890502727774	0.9751395725968596	0.9675482285103317	0.9702369117180418	0.9679335767608181	0.9661613495383827	0.967840893696791	0.96750360063361	0.9587251341257297	0.9672549440216606	0.9608048963974157	0.9821370356445263	0.9684217045882461	0.9663749971954331	0.9660673242729435	0.9659099781762329	1.0	0.9668567270319398	0.9793188788585134	0.9792139913966674	0.9670515716634404
0.9726953800051584	0.9734423822981267	0.9760885182417177	0.9733145914541372	0.9693912741973908	0.9717480153548187	0.964912234959213	0.9731589198719037	0.9680764994063918	0.9722511254352382	0.9658644140146186	0.9720460688640536	0.9731595981195644	0.9624089419864532	0.9738071643318161	0.9729390501849359	0.978085880008696	0.9749592444993224	0.9815048941553979	0.9843101355943911	0.974443347927187	0.9792762384531816	0.9674916096238898	0.9801539307636049	0.9755386060560594	0.9644238381584442	0.9833384343093378	0.9838035366477558	0.9802073233923889	0.9802591453232915	0.9668567270319398	1.0	0.9699929228803194	0.9729059008244632	0.9797032266040478
0.9727461976210355	0.9708262005687253	0.9711305669028719	0.9708068907232447	0.9696757867072072	0.9703026471425363	0.9641558997633708	0.9634634273829726	0.9743855600517355	0.9710897838485341	0.9639665468473981	0.9706850015388631	0.972415433150912	0.9687450177639099	0.9728305721852621	0.9711041208932566	0.9681886786248828	0.9739990955087432	0.9700272155074176	0.9700681802332294	0.9696300799382267	0.9698295645754156	0.9599628917547779	0.9696293724677473	0.9633649845743922	0.9752618150352235	0.9710400767108801	0.9701812472100472	0.9687870105640378	0.9696169987389849	0.9793188788585134	0.9699929228803194	1.0	0.9722816349152094	0.9688924577934898
0.9859288125847436	0.980533187772113	0.9758370896471127	0.9803596753195283	0.9777474062782965	0.9810017552735153	0.9720895629498185	0.9687832764613881	0.9753457718183244	0.9793388909561414	0.9739777016591455	0.9807879188597031	0.9993996354560291	0.9604867310563928	0.9853717155645669	0.9806450491846919	0.9716038509312543	0.9749314727364057	0.9734440637516396	0.9727383869220314	0.9739565862303924	0.9700189146242016	0.9608481479485116	0.9719048653993997	0.9639234792213076	0.9723673478719035	0.9732439067435974	0.9723386266193941	0.9727866017120218	0.9677300381499528	0.9792139913966674	0.9729059008244632	0.9722816349152094	1.0	0.972010368360386
0.9729564852696941	0.971861080099548	0.9755812471897425	0.9717227630962133	0.9688739898548632	0.9709828369863186	0.9630085711754003	0.9732965815912311	0.9670664502353492	0.9723344062509154	0.9664646222488404	0.9708828866363551	0.9720459720770632	0.9640020957167847	0.9732270179977219	0.9721590392099744	0.9780693805345831	0.9757457572482588	0.9818095914795176	0.9800441562716368	0.9741883227720495	0.9798254891303566	0.9701171169880445	0.9809678254531046	0.9723215197819899	0.9652970415058569	0.9791033322227075	0.9797661287131717	0.9973884015683501	0.9771622522508402	0.9670515716634404	0.9797032266040478	0.9688924577934898	0.972010368360386	1.0
