/home/jshaw/scratch/2022_sketched_distance/references/SGB_genome_fastas_part4/8007/BackhedF_2015__SID105_B__bin.3.fa	/home/jshaw/scratch/2022_sketched_distance/references/SGB_genome_fastas_part4/8007/BackhedF_2015__SID256_12M__bin.14.fa	/home/jshaw/scratch/2022_sketched_distance/references/SGB_genome_fastas_part4/8007/BackhedF_2015__SID282_B__bin.5.fa	/home/jshaw/scratch/2022_sketched_distance/references/SGB_genome_fastas_part4/8007/BackhedF_2015__SID38_4M__bin.1.fa	/home/jshaw/scratch/2022_sketched_distance/references/SGB_genome_fastas_part4/8007/BackhedF_2015__SID544_4M__bin.5.fa	/home/jshaw/scratch/2022_sketched_distance/references/SGB_genome_fastas_part4/8007/BackhedF_2015__SID567_4M__bin.10.fa	/home/jshaw/scratch/2022_sketched_distance/references/SGB_genome_fastas_part4/8007/BackhedF_2015__SID585_12M__bin.1.fa	/home/jshaw/scratch/2022_sketched_distance/references/SGB_genome_fastas_part4/8007/BackhedF_2015__SID589_B__bin.1.fa	/home/jshaw/scratch/2022_sketched_distance/references/SGB_genome_fastas_part4/8007/BackhedF_2015__SID598_M__bin.2.fa	/home/jshaw/scratch/2022_sketched_distance/references/SGB_genome_fastas_part4/8007/BackhedF_2015__SID637_B__bin.10.fa	/home/jshaw/scratch/2022_sketched_distance/references/SGB_genome_fastas_part4/8007/CM_cf__CF_TNFC017IS_t4M16__bin.11.fa	/home/jshaw/scratch/2022_sketched_distance/references/SGB_genome_fastas_part4/8007/CM_cf__CF_TNFC048IS_t2M15__bin.21.fa	/home/jshaw/scratch/2022_sketched_distance/references/SGB_genome_fastas_part4/8007/FengQ_2015__SID31004__bin.5.fa	/home/jshaw/scratch/2022_sketched_distance/references/SGB_genome_fastas_part4/8007/FengQ_2015__SID31705__bin.14.fa	/home/jshaw/scratch/2022_sketched_distance/references/SGB_genome_fastas_part4/8007/FengQ_2015__SID530185__bin.38.fa	/home/jshaw/scratch/2022_sketched_distance/references/SGB_genome_fastas_part4/8007/FengQ_2015__SID530451__bin.60.fa	/home/jshaw/scratch/2022_sketched_distance/references/SGB_genome_fastas_part4/8007/FengQ_2015__SID530705__bin.47.fa	/home/jshaw/scratch/2022_sketched_distance/references/SGB_genome_fastas_part4/8007/FengQ_2015__SID531248__bin.27.fa	/home/jshaw/scratch/2022_sketched_distance/references/SGB_genome_fastas_part4/8007/FengQ_2015__SID531274__bin.2.fa	/home/jshaw/scratch/2022_sketched_distance/references/SGB_genome_fastas_part4/8007/FerrettiP_2018__CA_C10049IS2857FE_t2M16__bin.6.fa	/home/jshaw/scratch/2022_sketched_distance/references/SGB_genome_fastas_part4/8007/GeversD_2014__SKBSTL041__bin.16.fa	/home/jshaw/scratch/2022_sketched_distance/references/SGB_genome_fastas_part4/8007/GeversD_2014__SKBSTL042__bin.50.fa	/home/jshaw/scratch/2022_sketched_distance/references/SGB_genome_fastas_part4/8007/HeQ_2017__SZAXPI029601-32__bin.19.fa	/home/jshaw/scratch/2022_sketched_distance/references/SGB_genome_fastas_part4/8007/HMP_2012__SRS013502__bin.28.fa	/home/jshaw/scratch/2022_sketched_distance/references/SGB_genome_fastas_part4/8007/HMP_2012__SRS018439__bin.27.fa	/home/jshaw/scratch/2022_sketched_distance/references/SGB_genome_fastas_part4/8007/HMP_2012__SRS018791__bin.29.fa	/home/jshaw/scratch/2022_sketched_distance/references/SGB_genome_fastas_part4/8007/HMP_2012__SRS019974__bin.30.fa	/home/jshaw/scratch/2022_sketched_distance/references/SGB_genome_fastas_part4/8007/HMP_2012__SRS022077__bin.8.fa	/home/jshaw/scratch/2022_sketched_distance/references/SGB_genome_fastas_part4/8007/HMP_2012__SRS053854__bin.1.fa	/home/jshaw/scratch/2022_sketched_distance/references/SGB_genome_fastas_part4/8007/HMP_2012__SRS064329__bin.52.fa	/home/jshaw/scratch/2022_sketched_distance/references/SGB_genome_fastas_part4/8007/KarlssonFH_2013__S370__bin.37.fa	/home/jshaw/scratch/2022_sketched_distance/references/SGB_genome_fastas_part4/8007/KarlssonFH_2013__S441__bin.47.fa	/home/jshaw/scratch/2022_sketched_distance/references/SGB_genome_fastas_part4/8007/QinJ_2012__CON-015__bin.17.fa	/home/jshaw/scratch/2022_sketched_distance/references/SGB_genome_fastas_part4/8007/QinN_2014__LD-2__bin.13.fa	/home/jshaw/scratch/2022_sketched_distance/references/SGB_genome_fastas_part4/8007/QinN_2014__LD-30__bin.25.fa	/home/jshaw/scratch/2022_sketched_distance/references/SGB_genome_fastas_part4/8007/QinN_2014__LD-33__bin.28.fa	/home/jshaw/scratch/2022_sketched_distance/references/SGB_genome_fastas_part4/8007/QinN_2014__LD-5__bin.26.fa	/home/jshaw/scratch/2022_sketched_distance/references/SGB_genome_fastas_part4/8007/SchirmerM_2016__G89165__bin.13.fa	/home/jshaw/scratch/2022_sketched_distance/references/SGB_genome_fastas_part4/8007/VogtmannE_2016__MMRS17603756ST-27-0-0__bin.30.fa	/home/jshaw/scratch/2022_sketched_distance/references/SGB_genome_fastas_part4/8007/XieH_2016__YSZC12003_35551__bin.43.fa	/home/jshaw/scratch/2022_sketched_distance/references/SGB_genome_fastas_part4/8007/XieH_2016__YSZC12003_35733__bin.5.fa	/home/jshaw/scratch/2022_sketched_distance/references/SGB_genome_fastas_part4/8007/XieH_2016__YSZC12003_35734__bin.24.fa	/home/jshaw/scratch/2022_sketched_distance/references/SGB_genome_fastas_part4/8007/XieH_2016__YSZC12003_36119__bin.73.fa	/home/jshaw/scratch/2022_sketched_distance/references/SGB_genome_fastas_part4/8007/XieH_2016__YSZC12003_37229__bin.72.fa	/home/jshaw/scratch/2022_sketched_distance/references/SGB_genome_fastas_part4/8007/ZeeviD_2015__PNP_Main_217__bin.18.fa	/home/jshaw/scratch/2022_sketched_distance/references/SGB_genome_fastas_part4/8007/ZeeviD_2015__PNP_Main_229__bin.18.fa
1.0	0.9745097125548541	0.9852832777080339	0.9760140654974853	0.9760140654974853	0.9753956890287985	0.9765004407064273	0.9665503421567303	0.9756444522942689	0.9744454944295748	0.9733338935897495	0.9766209072287004	0.9789971095956284	0.9776855097794415	0.9716267082801323	0.9755824396604654	0.972525655886815	0.9645183440542631	0.97366480502384	0.9777436465331034	0.9731337145561955	0.9642699711655124	0.9737768184725684	0.9672804596573655	0.9669580030990822	0.9696758913450653	0.9693141356262371	0.9756444522942689	0.9764400398442017	0.9746345980562465	0.975768123951809	0.9709178236968025	0.9712742061247772	0.9737305843212679	0.9653599465240842	0.9683067186537635	0.96982450095629	0.9703393204380031	0.96529545583616	0.9719754151126929	0.9776272691296923	0.9686160349361554	0.9711321236395513	0.9791087081282304	0.9723889690009565	0.967758177657031
0.9745097125548541	1.0	0.9761696229817035	0.9758034545347598	0.9969137177555137	0.9745409235905795	0.975249931615891	0.9699676586990535	0.9720438987284171	0.9733822750632704	0.9720741241293601	0.9740535911943731	0.9754918746598144	0.9745926649470844	0.9757936453859868	0.9759876111391003	0.9724325624389744	0.9771942886430182	0.9728108035747987	0.9762049057996816	0.9768661158842379	0.9800890470641543	0.971940082992982	0.9741853024471601	0.9665306317030794	0.9723730201363798	0.9903572791981133	0.9767267965606573	0.9777477212791104	0.9779904635176525	0.9743921214008063	0.978747327856889	0.9693093069458104	0.9703046016285912	0.9780091741008985	0.9730379552823665	0.9694321145984031	0.9790704722832221	0.9736090275016867	0.9733468166880638	0.9768681129589836	0.9699216658580263	0.9751059160929345	0.9765276270311772	0.9734079212722355	0.9748489578274573
0.9852832777080339	0.9761696229817035	1.0	0.9740334799799498	0.9771529617294219	0.9724908518285839	0.9746122954340394	0.9673906951331087	0.9711896058021382	0.9742973160071616	0.970769088830331	0.9754314340794128	0.9745944560211578	0.9756965071043908	0.9748695758016598	0.9773845592822594	0.9704703598305995	0.977463060358116	0.9742414637713379	0.9735655594265341	0.9749282399385552	0.9785962484704758	0.9739387506206595	0.9717771835028696	0.9651983041557195	0.9707323073188631	0.9797766587045823	0.9748273957386716	0.9757095831375114	0.9761769338918359	0.9724806182950759	0.9796871950767828	0.9693600269248412	0.9684893141760565	0.9775239205955387	0.974328039057056	0.9687922332727217	0.9773831306614964	0.9719015781166579	0.9729935911681503	0.9734229801082586	0.9700946696707277	0.9757996875871835	0.9785917661627421	0.9704994139475074	0.9761687780473844
0.9760140654974853	0.9758034545347598	0.9740334799799498	1.0	0.9752232453276835	0.974116060229213	0.9749305159720384	0.966838517098596	0.9710928127560536	0.9721175924710869	0.9748902744791232	0.9749707076960159	0.9755282352407835	0.9752108198590066	0.9722347021024598	0.9741849344934593	0.9705909924338014	0.9736025943137386	0.9700358752371823	0.9763854843682315	0.973088308825605	0.9767636468958353	0.9705356910680423	0.9675077065099704	0.9651996237694602	0.9680761202753208	0.9781263838735398	0.9723802457992369	0.9729830981119736	0.9711439493055066	0.9744034484323161	0.9778341033391211	0.9684346542174723	0.9708656768007353	0.9766569374157991	0.9699326239182915	0.9670986532112853	0.9761900456828825	0.9674885785591689	0.9710732417837079	0.9823441188221164	0.9673029094241881	0.9749049455179024	0.9757778583574669	0.9705909924338014	0.9738494063063433
0.9760140654974853	0.9969137177555137	0.9771529617294219	0.9752232453276835	1.0	0.9749295543314638	0.9763156877426064	0.9693412815028979	0.9753981946350849	0.9749885052227135	0.972095149963535	0.9747520572796745	0.9764285763050068	0.974811330757669	0.9717064883053961	0.9745138760423325	0.9725427740557236	0.9643465240110135	0.9711146083616796	0.9767090965942142	0.9755722076009423	0.9663786800269816	0.9727040911131611	0.9692007562910433	0.9667891589779596	0.972095149963535	0.98450334829997	0.978343301426607	0.9769317854127176	0.9790583133306556	0.9744540568679537	0.971277261393508	0.9713131062537351	0.9723516916447311	0.9658894071297787	0.9689770958763801	0.971444765289159	0.9717064883053961	0.9673159910530559	0.9701718382824495	0.9776451851095636	0.9706466570596953	0.9697592273327205	0.9775908594023721	0.9752232453276835	0.9671663441094814
0.9753956890287985	0.9745409235905795	0.9724908518285839	0.974116060229213	0.9749295543314638	1.0	0.9872381689577807	0.9700685971973082	0.9705232413457344	0.973919178516257	0.9693913583668716	0.972970600675487	0.9886805915130203	0.9762727899697993	0.9755650784579935	0.9768329515668769	0.9718540705423662	0.9778356546154934	0.972274511148216	0.9839076478578915	0.9757497630228908	0.9822646136211827	0.9700840191995596	0.96862911999806	0.9667234083088876	0.9694314982635546	0.9794532118531758	0.9777971063676665	0.9732527893928088	0.9750827821834459	0.9759988295661653	0.976669486814454	0.9684867654356459	0.9694779846997097	0.9778280496133659	0.9734303935218148	0.9679977921037314	0.9755497590713085	0.9716427204235859	0.981704619238654	0.9741052362663273	0.968822553760293	0.9733566733647693	0.9757304191021375	0.970791833382112	0.9733107000044469
0.9765004407064273	0.975249931615891	0.9746122954340394	0.9749305159720384	0.9763156877426064	0.9872381689577807	1.0	0.9727741666624351	0.972620633157354	0.9740390906077181	0.9718874379821301	0.972092772831317	0.9883020746786325	0.9746727663025216	0.9745398430274111	0.9755772161263049	0.9722561089597238	0.9770861559390299	0.9730316669482347	0.9829251688717985	0.9752181403653128	0.9822076773310336	0.9722818675016116	0.9700837802804396	0.9645671774066243	0.9708849464866277	0.9805401085303919	0.9762502424026518	0.9734949434733723	0.9765336232219076	0.9768444691204154	0.9788002588804601	0.9703580628419144	0.9701091960085145	0.9766569374157991	0.971625763278284	0.9673285334614822	0.9773831306614964	0.9720559056779354	0.9813287053768874	0.9755457217686736	0.9694496521270526	0.9723364624880084	0.9745213667383433	0.9718049382581581	0.9728180960653011
0.9665503421567303	0.9699676586990535	0.9673906951331087	0.966838517098596	0.9693412815028979	0.9700685971973082	0.9727741666624351	1.0	0.9673359009703544	0.9692004026638382	0.9663333364452132	0.9683082306856293	0.971061027025795	0.9675545211982127	0.9644566866248091	0.9670605245830628	0.964827761615832	0.9660307146124854	0.9666149696644752	0.9719289191343592	0.9674453963455811	0.9689628649405544	0.9656023459642408	0.9600256938433034	0.9606554307739457	0.9595697437726507	0.9713787180205111	0.9727566208772837	0.9657049357344551	0.9784619552880127	0.971061027025795	0.9762146322621227	0.9615213023685938	0.9657625725718723	0.9677595402649056	0.9615421963762578	0.9623003235197213	0.9638680706049662	0.9709598436442343	0.9651228181843533	0.9707664812974153	0.9626828513397361	0.9626812807567249	0.9650936824490141	0.9636196879432174	0.9631137192264337
0.9756444522942689	0.9720438987284171	0.9711896058021382	0.9710928127560536	0.9753981946350849	0.9705232413457344	0.972620633157354	0.9673359009703544	1.0	0.9689111865678572	0.9692793120876633	0.9700503639625286	0.9717211051621801	0.9706763083839154	0.9710439831692563	0.9716763941537883	0.9737639998848848	0.9727474862377704	0.9694019388084507	0.9719232277323203	0.9709971204479374	0.9769650006305656	0.9710695030616194	0.9745086173151881	0.9597778162806431	0.9736562635627366	0.9786636075354092	0.9669778120003419	0.9726806325217783	0.9717250419030672	0.9699286962583251	0.9751081613227891	0.9663337208217899	0.9667798390138717	0.9717186580329535	0.9632801014324652	0.9631570168543078	0.9762955456242821	0.9684780919732939	0.9672260325054419	0.9721240971053856	0.969842861806647	0.9693080490251897	0.9705979204098857	0.9734195044539089	0.9689567795888321
0.9744454944295748	0.9733822750632704	0.9742973160071616	0.9721175924710869	0.9749885052227135	0.973919178516257	0.9740390906077181	0.9692004026638382	0.9689111865678572	1.0	0.9695703641160452	0.9744693587486234	0.9757673335249507	0.978729188125353	0.9860321159334119	0.9794288236840456	0.9707240330630841	0.9802328363644108	0.9836440625474236	0.9771737744925585	0.9765510459771988	0.9792265645318178	0.9705356910680423	0.969445335130251	0.9671529850879638	0.9675739084639892	0.9775112335633795	0.9748775102565536	0.9725567029504123	0.9722149560935531	0.9745966875462237	0.9778341033391211	0.9704561928774804	0.9725201965513357	0.978605757166765	0.9737538381622428	0.9691594302653026	0.9741738987597595	0.9725145269249159	0.973912731299237	0.9741465890298121	0.9671315479995564	0.97382895623783	0.9761549022181161	0.970555694145426	0.9760691333179601
0.9733338935897495	0.9720741241293601	0.970769088830331	0.9748902744791232	0.972095149963535	0.9693913583668716	0.9718874379821301	0.9663333364452132	0.9692793120876633	0.9695703641160452	1.0	0.9732057324168955	0.9719988450051422	0.9718319005357136	0.9705122993766504	0.9726399794215114	0.966787113413566	0.9712917743317989	0.968503126782676	0.9718896803747687	0.9711376955007978	0.9745345712497331	0.971940082992982	0.971018419763818	0.9595983509662948	0.9687880120000171	0.9736319721991762	0.9671690030968728	0.9709009392568212	0.9758887403007266	0.9698186588479213	0.973839732914133	0.9656587232991	0.9657573778359804	0.9715721932768654	0.9627413909041088	0.9624902543814334	0.9725012509953594	0.9672512733750593	0.9699712690766661	0.9740945043127671	0.9640480762100445	0.9704265778194532	0.9718523722242144	0.9649384840630257	0.9688945792358326
0.9766209072287004	0.9740535911943731	0.9754314340794128	0.9749707076960159	0.9747520572796745	0.972970600675487	0.972092772831317	0.9683082306856293	0.9700503639625286	0.9744693587486234	0.9732057324168955	1.0	0.9743187856856664	0.9768390449329991	0.9757936453859868	0.9771492989404443	0.971440469776178	0.9758723714549132	0.9740287093205446	0.9775486697981766	0.9757497630228908	0.9791640779717046	0.9715077184586183	0.9703983366808001	0.966627164177782	0.9677980794603213	0.9771643980963488	0.9733918430317965	0.9753697823610132	0.9736417827242798	0.9753218677601033	0.9785347407538864	0.9694612286654187	0.9713165350449724	0.9790752899844406	0.972373150811269	0.9679030296432043	0.9762955456242821	0.9722605389817824	0.9729491662867038	0.9784250584100866	0.9683719030960495	0.9767181751054138	0.9783298289636327	0.9696170473715612	0.9737959362771785
0.9789971095956284	0.9754918746598144	0.9745944560211578	0.9755282352407835	0.9764285763050068	0.9886805915130203	0.9883020746786325	0.971061027025795	0.9717211051621801	0.9757673335249507	0.9719988450051422	0.9743187856856664	1.0	0.9779428473975795	0.977219640882887	0.977695620261003	0.9718394940587732	0.9777826869602118	0.9744528334519857	0.985129451464919	0.9773716906109502	0.9839822791520837	0.9730379552823665	0.9708645094180341	0.9677635512777955	0.9696431768913217	0.9788628069758415	0.9788777004144653	0.9755589987648757	0.9762485851950223	0.9778719557704962	0.9791683912323378	0.97070022353061	0.971316121787426	0.9793653540253786	0.9742013135114044	0.969205037775983	0.9768697608899743	0.9733141709988603	0.9840007036361237	0.9757476528135843	0.9683869328103172	0.9750557898336305	0.977665629428281	0.9703689063197534	0.9749007233955184
0.9776855097794415	0.9745926649470844	0.9756965071043908	0.9752108198590066	0.974811330757669	0.9762727899697993	0.9746727663025216	0.9675545211982127	0.9706763083839154	0.978729188125353	0.9718319005357136	0.9768390449329991	0.9779428473975795	1.0	0.9782073325785732	0.9795387237973946	0.9708117707024662	0.9773020635674156	0.9760158323788322	0.9792198944751808	0.9771781663838771	0.9778234305509377	0.9756686768001072	0.968017170730756	0.9709466683314829	0.9690039348532065	0.9768842459104083	0.975960923889543	0.9733668125651745	0.9741037800272841	0.9774323896256906	0.9804502679707788	0.9733594811034357	0.976876447358986	0.9834840936369567	0.9772878495639982	0.9727360728871861	0.9752248256577195	0.9703164462094394	0.973912731299237	0.9780872360809895	0.9691475266179264	0.9763827933862215	0.9773057762044253	0.9711702557645485	0.9764165630532501
0.9716267082801323	0.9757936453859868	0.9748695758016598	0.9722347021024598	0.9717064883053961	0.9755650784579935	0.9745398430274111	0.9644566866248091	0.9710439831692563	0.9860321159334119	0.9705122993766504	0.9757936453859868	0.977219640882887	0.9782073325785732	1.0	0.9769569812163089	0.970458647293248	0.9767595867915512	0.9809250110787436	0.9781650060899272	0.9747286713106419	0.9732100796190623	0.9694408875600895	0.9628655929417655	0.9699171738661463	0.9644566866248091	0.9723636371500411	0.9706587869370459	0.9741588611038509	0.9694237652969339	0.976065822333029	0.9727116120583947	0.9688062318426642	0.9744450156866273	0.9743826914165542	0.971625763278284	0.9712542349013535	0.9704235419199049	0.9652238098896818	0.9716706861895816	0.9760206173501731	0.9678891158576386	0.9690071501853281	0.9719591927684507	0.970351075425902	0.9701163895474278
0.9755824396604654	0.9759876111391003	0.9773845592822594	0.9741849344934593	0.9745138760423325	0.9768329515668769	0.9755772161263049	0.9670605245830628	0.9716763941537883	0.9794288236840456	0.9726399794215114	0.9771492989404443	0.977695620261003	0.9795387237973946	0.9769569812163089	1.0	0.974098604966538	0.9782563257832687	0.9748674324469933	0.97964825524138	0.975035840092794	0.979844938991524	0.9726200851824641	0.9673360810116934	0.9688556430954538	0.9671208369347517	0.9770945856510302	0.9762022009464469	0.9749517453564658	0.9752308138488344	0.9778885363354327	0.9790111284647357	0.9695621144626513	0.9759468038577674	0.9792496375430859	0.9742013135114044	0.9725494338384	0.9739482509328827	0.9711714978206322	0.9724131395007559	0.9779269829113029	0.9706351997206556	0.9740366739364066	0.9764812691957586	0.9729996542362773	0.9745366204648835
0.972525655886815	0.9724325624389744	0.9704703598305995	0.9705909924338014	0.9725427740557236	0.9718540705423662	0.9722561089597238	0.964827761615832	0.9737639998848848	0.9707240330630841	0.966787113413566	0.971440469776178	0.9718394940587732	0.9708117707024662	0.970458647293248	0.974098604966538	1.0	0.975816108979793	0.9694019388084507	0.9702532634976967	0.9731762398737641	0.9776273292252283	0.9674308928198191	0.9719268261001625	0.9630094535103247	0.984092856992455	0.976813829659274	0.9720541231617613	0.9746017063044827	0.970722402907834	0.9706431163555167	0.9771737151608251	0.9654305420521082	0.9650256100869261	0.9732875379811327	0.9695684489672066	0.9649743070507448	0.9776368132812786	0.9732647666857991	0.9705987283237184	0.9709900121699144	0.9742248903732998	0.9720625631539892	0.9720124712547962	0.985484995326926	0.9707692106607315
0.9645183440542631	0.9771942886430182	0.977463060358116	0.9736025943137386	0.9643465240110135	0.9778356546154934	0.9770861559390299	0.9660307146124854	0.9727474862377704	0.9802328363644108	0.9712917743317989	0.9758723714549132	0.9777826869602118	0.9773020635674156	0.9767595867915512	0.9782563257832687	0.975816108979793	1.0	0.9751907110523005	0.9801836229376595	0.9770319546633612	0.9726800374296509	0.9608819703728073	0.9675196030406618	0.972122587662952	0.9685223743667478	0.970874792910441	0.9702390698100917	0.9750180391835885	0.9665621120294358	0.9775699512756549	0.9698461588007619	0.9676647784244989	0.973722933450278	0.9714250631222708	0.9621934825230372	0.9707697027223173	0.9680248839235841	0.970966467716502	0.9744357484297308	0.9775165496486117	0.972122587662952	0.9702390698100917	0.970439078543943	0.9744944493954728	0.968942776726468
0.97366480502384	0.9728108035747987	0.9742414637713379	0.9700358752371823	0.9711146083616796	0.972274511148216	0.9730316669482347	0.9666149696644752	0.9694019388084507	0.9836440625474236	0.968503126782676	0.9740287093205446	0.9744528334519857	0.9760158323788322	0.9809250110787436	0.9748674324469933	0.9694019388084507	0.9751907110523005	1.0	0.9758547998828664	0.9723311089502211	0.9755984975726495	0.9690675545894802	0.9655675999204196	0.9661944935499567	0.9636938496505737	0.9753725313169725	0.9716141231346083	0.9726775598734315	0.971560076741787	0.9739432156569203	0.9756369742824038	0.9677494384290465	0.9721842600406895	0.9766569374157991	0.971625763278284	0.9679927591544715	0.9709245456519021	0.9675476329977284	0.9701656332454907	0.9745789981587512	0.9659213703390458	0.9720625631539892	0.972956804188965	0.9693032969624231	0.9718098496934338
0.9777436465331034	0.9762049057996816	0.9735655594265341	0.9763854843682315	0.9767090965942142	0.9839076478578915	0.9829251688717985	0.9719289191343592	0.9719232277323203	0.9771737744925585	0.9718896803747687	0.9775486697981766	0.985129451464919	0.9792198944751808	0.9781650060899272	0.97964825524138	0.9702532634976967	0.9801836229376595	0.9758547998828664	1.0	0.9777934405212712	0.9851488942496666	0.9761249245162644	0.9731955781127495	0.9689510781225527	0.9698010310099291	0.9800331293619442	0.9789219574838426	0.975521243468012	0.9783279375611429	0.9755767423234107	0.9790636336322639	0.9731798194109825	0.9724100011177705	0.9812722934574947	0.9760521821630962	0.9716615354216181	0.9769730842423592	0.9748095593594847	0.9803164363423957	0.9742910762562964	0.970425438520603	0.977332007521076	0.9796189799958965	0.9698639366430938	0.9763671567504087
0.9731337145561955	0.9768661158842379	0.9749282399385552	0.973088308825605	0.9755722076009423	0.9757497630228908	0.9752181403653128	0.9674453963455811	0.9709971204479374	0.9765510459771988	0.9711376955007978	0.9757497630228908	0.9773716906109502	0.9771781663838771	0.9747286713106419	0.975035840092794	0.9731762398737641	0.9770319546633612	0.9723311089502211	0.9777934405212712	1.0	0.9781476669161443	0.9697180836792554	0.9659291495066276	0.9801091731710949	0.9687880120000171	0.9787965422069642	0.9744236722724625	0.9753826442847012	0.9741037800272841	0.9758712207598026	0.9771737151608251	0.9682778138990042	0.9728230762558191	0.9778280496133659	0.9721710215473025	0.97042863310565	0.9745094575670166	0.9707467962314443	0.9712611162503315	0.9775640720611728	0.9696547657570316	0.9743970127671038	0.9748644596920085	0.9717398981376565	0.9707692106607315
0.9642699711655124	0.9800890470641543	0.9785962484704758	0.9767636468958353	0.9663786800269816	0.9822646136211827	0.9822076773310336	0.9689628649405544	0.9769650006305656	0.9792265645318178	0.9745345712497331	0.9791640779717046	0.9839822791520837	0.9778234305509377	0.9732100796190623	0.979844938991524	0.9776273292252283	0.9726800374296509	0.9755984975726495	0.9851488942496666	0.9781476669161443	1.0	0.9586247933537214	0.9687049319258687	0.9703868245313495	0.9700573742600846	0.9685955612995683	0.9703868245313495	0.9792265645318178	0.9597014036473768	0.9804518230496415	0.9713555127470713	0.969388228329484	0.9756682031239492	0.9689628649405544	0.959239560706464	0.9727562902138807	0.9707129531119215	0.9707939741864635	0.9780183590921598	0.9807510902279712	0.9737316004809212	0.9711160451894614	0.9726800374296509	0.9761520036291637	0.970874792910441
0.9737768184725684	0.971940082992982	0.9739387506206595	0.9705356910680423	0.9727040911131611	0.9700840191995596	0.9722818675016116	0.9656023459642408	0.9710695030616194	0.9705356910680423	0.971940082992982	0.9715077184586183	0.9730379552823665	0.9756686768001072	0.9694408875600895	0.9726200851824641	0.9674308928198191	0.9608819703728073	0.9690675545894802	0.9761249245162644	0.9697180836792554	0.9586247933537214	1.0	0.9647550883685259	0.9656023459642408	0.9660177542842034	0.961123217376402	0.9730379552823665	0.9698099566096186	0.9710695030616194	0.9705356910680423	0.9668328335910465	0.9803670427335358	0.982172640089722	0.9727040911131611	0.9758976005385707	0.9781024235354537	0.9620704436507154	0.9608819703728073	0.9684036548367512	0.9739387506206595	0.9660177542842034	0.9670334220065078	0.974972073887749	0.9674308928198191	0.9690675545894802
0.9672804596573655	0.9741853024471601	0.9717771835028696	0.9675077065099704	0.9692007562910433	0.96862911999806	0.9700837802804396	0.9600256938433034	0.9745086173151881	0.969445335130251	0.971018419763818	0.9703983366808001	0.9708645094180341	0.968017170730756	0.9628655929417655	0.9673360810116934	0.9719268261001625	0.9675196030406618	0.9655675999204196	0.9731955781127495	0.9659291495066276	0.9687049319258687	0.9647550883685259	1.0	0.9612964940752481	0.9674505994401925	0.9722826944899058	0.9605616436561977	0.9699253471838433	0.967606833622505	0.969445335130251	0.967310456174094	0.9610881649327923	0.9659890149820736	0.9671761842191604	0.9571137963171963	0.9615721759846243	0.9697861735747937	0.96399579511902	0.9633735029138999	0.9747376019764151	0.97003105545792	0.9640498675382863	0.9634009501112909	0.9709671975959681	0.9630391285990025
0.9669580030990822	0.9665306317030794	0.9651983041557195	0.9651996237694602	0.9667891589779596	0.9667234083088876	0.9645671774066243	0.9606554307739457	0.9597778162806431	0.9671529850879638	0.9595983509662948	0.966627164177782	0.9677635512777955	0.9709466683314829	0.9699171738661463	0.9688556430954538	0.9630094535103247	0.972122587662952	0.9661944935499567	0.9689510781225527	0.9801091731710949	0.9703868245313495	0.9656023459642408	0.9612964940752481	1.0	0.9629882864496366	0.9731621394273293	0.9688405631604851	0.9646219250097937	0.9679784941763261	0.9648436901263235	0.9716747881089588	0.9623066612507732	0.9633314254474314	0.9740444078140746	0.96783824727504	0.9618666386153086	0.966609575078533	0.9637975365893541	0.9664744608114137	0.965994469385694	0.9585619050473874	0.9690675545894802	0.9686495654883186	0.961856410968479	0.9663702129819789
0.9696758913450653	0.9723730201363798	0.9707323073188631	0.9680761202753208	0.972095149963535	0.9694314982635546	0.9708849464866277	0.9595697437726507	0.9736562635627366	0.9675739084639892	0.9687880120000171	0.9677980794603213	0.9696431768913217	0.9690039348532065	0.9644566866248091	0.9671208369347517	0.984092856992455	0.9685223743667478	0.9636938496505737	0.9698010310099291	0.9687880120000171	0.9700573742600846	0.9660177542842034	0.9674505994401925	0.9629882864496366	1.0	0.9761011606283304	0.965136416814568	0.9717859689422235	0.9702952921016822	0.9705276618547383	0.970874792910441	0.9607734281294414	0.9654829581274449	0.9674274872004316	0.9614480658883864	0.9613245818449541	0.9702970692416001	0.9623743587702221	0.9657816126522034	0.9717365644597689	0.9721785157341208	0.9658329661581406	0.9662595469713529	0.9846632053370366	0.964641392964404
0.9693141356262371	0.9903572791981133	0.9797766587045823	0.9781263838735398	0.98450334829997	0.9794532118531758	0.9805401085303919	0.9713787180205111	0.9786636075354092	0.9775112335633795	0.9736319721991762	0.9771643980963488	0.9788628069758415	0.9768842459104083	0.9723636371500411	0.9770945856510302	0.976813829659274	0.970874792910441	0.9753725313169725	0.9800331293619442	0.9787965422069642	0.9685955612995683	0.961123217376402	0.9722826944899058	0.9731621394273293	0.9761011606283304	1.0	0.9740183696265307	0.9795181580474839	0.9655496448201473	0.9766016625183686	0.9737096205337789	0.9710436411090329	0.9734761159532533	0.9694913092190219	0.9630597894105244	0.973004004198973	0.9735541376424569	0.9720386463986184	0.9740951002751188	0.9801606135188147	0.9747025050394587	0.9707050591399826	0.9752987623729645	0.9773729421580131	0.971544964981664
0.9756444522942689	0.9767267965606573	0.9748273957386716	0.9723802457992369	0.978343301426607	0.9777971063676665	0.9762502424026518	0.9727566208772837	0.9669778120003419	0.9748775102565536	0.9671690030968728	0.9733918430317965	0.9788777004144653	0.975960923889543	0.9706587869370459	0.9762022009464469	0.9720541231617613	0.9702390698100917	0.9716141231346083	0.9789219574838426	0.9744236722724625	0.9703868245313495	0.9730379552823665	0.9605616436561977	0.9688405631604851	0.965136416814568	0.9740183696265307	1.0	0.9716141231346083	0.9856381002682825	0.9750771990689616	0.9772292616574003	0.9680465390557981	0.972163195771974	0.9721541203973738	0.9767052818246758	0.9714475698392485	0.967102969275949	0.971111870875276	0.972108705359995	0.9753250971317974	0.9675480172238335	0.9700775208238608	0.9754237294718943	0.9711680629902504	0.9679469016244295
0.9764400398442017	0.9777477212791104	0.9757095831375114	0.9729830981119736	0.9769317854127176	0.9732527893928088	0.9734949434733723	0.9657049357344551	0.9726806325217783	0.9725567029504123	0.9709009392568212	0.9753697823610132	0.9755589987648757	0.9733668125651745	0.9741588611038509	0.9749517453564658	0.9746017063044827	0.9750180391835885	0.9726775598734315	0.975521243468012	0.9753826442847012	0.9792265645318178	0.9698099566096186	0.9699253471838433	0.9646219250097937	0.9717859689422235	0.9795181580474839	0.9716141231346083	1.0	0.9714772779825173	0.9752176123572309	0.9773400713032548	0.9670493510883442	0.968599404594819	0.9761509522252937	0.9696416129342025	0.9651988371346643	0.9809955989643319	0.9709598436442343	0.9707893694675683	0.977499821346079	0.9707262299213522	0.97382895623783	0.9745213667383433	0.9738150300663346	0.9725967360047576
0.9746345980562465	0.9779904635176525	0.9761769338918359	0.9711439493055066	0.9790583133306556	0.9750827821834459	0.9765336232219076	0.9784619552880127	0.9717250419030672	0.9722149560935531	0.9758887403007266	0.9736417827242798	0.9762485851950223	0.9741037800272841	0.9694237652969339	0.9752308138488344	0.970722402907834	0.9665621120294358	0.971560076741787	0.9783279375611429	0.9741037800272841	0.9597014036473768	0.9710695030616194	0.967606833622505	0.9679784941763261	0.9702952921016822	0.9655496448201473	0.9856381002682825	0.9714772779825173	1.0	0.9747846806627747	0.9722149560935531	0.9677931991280775	0.9714772779825173	0.9616715168943887	0.9664654364057482	0.9704668137063333	0.9639490675894422	0.9788607360058756	0.9708071526018109	0.9761051244644045	0.9695119830062334	0.9696876992781949	0.9760331562015587	0.9702091889955161	0.9652821088244093
0.975768123951809	0.9743921214008063	0.9724806182950759	0.9744034484323161	0.9744540568679537	0.9759988295661653	0.9768444691204154	0.971061027025795	0.9699286962583251	0.9745966875462237	0.9698186588479213	0.9753218677601033	0.9778719557704962	0.9774323896256906	0.976065822333029	0.9778885363354327	0.9706431163555167	0.9775699512756549	0.9739432156569203	0.9755767423234107	0.9758712207598026	0.9804518230496415	0.9705356910680423	0.969445335130251	0.9648436901263235	0.9705276618547383	0.9766016625183686	0.9750771990689616	0.9752176123572309	0.9747846806627747	1.0	0.9786412074786615	0.9701609050692007	0.969320613096652	0.9786648196353708	0.9726407105663127	0.9686070571719669	0.9752792072485437	0.9734619341634981	0.9742134167443812	0.9732274510670227	0.9687366720647456	0.974601139808776	0.9746688504419523	0.9690927147422874	0.9738494063063433
0.9709178236968025	0.978747327856889	0.9796871950767828	0.9778341033391211	0.971277261393508	0.976669486814454	0.9788002588804601	0.9762146322621227	0.9751081613227891	0.9778341033391211	0.973839732914133	0.9785347407538864	0.9791683912323378	0.9804502679707788	0.9727116120583947	0.9790111284647357	0.9771737151608251	0.9698461588007619	0.9756369742824038	0.9790636336322639	0.9771737151608251	0.9713555127470713	0.9668328335910465	0.967310456174094	0.9716747881089588	0.970874792910441	0.9737096205337789	0.9772292616574003	0.9773400713032548	0.9722149560935531	0.9786412074786615	1.0	0.971871736554605	0.9751081613227891	0.9704520631320727	0.9673712103048082	0.9730920279800972	0.9692128946366183	0.9723911534501686	0.9743894212759674	0.9792728136789696	0.9725197172781842	0.9723911534501686	0.9764428540973301	0.9755202013210078	0.9716747881089588
0.9712742061247772	0.9693093069458104	0.9693600269248412	0.9684346542174723	0.9713131062537351	0.9684867654356459	0.9703580628419144	0.9615213023685938	0.9663337208217899	0.9704561928774804	0.9656587232991	0.9694612286654187	0.97070022353061	0.9733594811034357	0.9688062318426642	0.9695621144626513	0.9654305420521082	0.9676647784244989	0.9677494384290465	0.9731798194109825	0.9682778138990042	0.969388228329484	0.9803670427335358	0.9610881649327923	0.9623066612507732	0.9607734281294414	0.9710436411090329	0.9680465390557981	0.9670493510883442	0.9677931991280775	0.9701609050692007	0.971871736554605	1.0	0.9818988040367639	0.981597561978853	0.9788106637766016	0.976393440841182	0.9685394125221517	0.9625815742861364	0.9653732430542971	0.9701609050692007	0.9624953864168732	0.9672682384081802	0.9686495654883186	0.9643240151750256	0.9698152397773016
0.9737305843212679	0.9703046016285912	0.9684893141760565	0.9708656768007353	0.9723516916447311	0.9694779846997097	0.9701091960085145	0.9657625725718723	0.9667798390138717	0.9725201965513357	0.9657573778359804	0.9713165350449724	0.971316121787426	0.976876447358986	0.9744450156866273	0.9759468038577674	0.9650256100869261	0.973722933450278	0.9721842600406895	0.9724100011177705	0.9728230762558191	0.9756682031239492	0.982172640089722	0.9659890149820736	0.9633314254474314	0.9654829581274449	0.9734761159532533	0.972163195771974	0.968599404594819	0.9714772779825173	0.969320613096652	0.9751081613227891	0.9818988040367639	1.0	0.9873695896820324	0.9834279062122351	0.979137271239752	0.9709245456519021	0.9668920080721018	0.9694306626431081	0.9704892361332956	0.9640820776937701	0.9726621153553383	0.9732143106085266	0.965119238333435	0.9751069650315414
0.9653599465240842	0.9780091741008985	0.9775239205955387	0.9766569374157991	0.9658894071297787	0.9778280496133659	0.9766569374157991	0.9677595402649056	0.9717186580329535	0.978605757166765	0.9715721932768654	0.9790752899844406	0.9793653540253786	0.9834840936369567	0.9743826914165542	0.9792496375430859	0.9732875379811327	0.9714250631222708	0.9766569374157991	0.9812722934574947	0.9778280496133659	0.9689628649405544	0.9727040911131611	0.9671761842191604	0.9740444078140746	0.9674274872004316	0.9694913092190219	0.9721541203973738	0.9761509522252937	0.9616715168943887	0.9786648196353708	0.9704520631320727	0.981597561978853	0.9873695896820324	1.0	0.9749167222995226	0.9833820882498211	0.9696831669047521	0.9675108215153123	0.9747840352403727	0.9798810621728132	0.9706792121488576	0.9725838084904662	0.9741801444251308	0.9727257814072355	0.9745170243831077
0.9683067186537635	0.9730379552823665	0.974328039057056	0.9699326239182915	0.9689770958763801	0.9734303935218148	0.971625763278284	0.9615421963762578	0.9632801014324652	0.9737538381622428	0.9627413909041088	0.972373150811269	0.9742013135114044	0.9772878495639982	0.971625763278284	0.9742013135114044	0.9695684489672066	0.9621934825230372	0.971625763278284	0.9760521821630962	0.9721710215473025	0.959239560706464	0.9758976005385707	0.9571137963171963	0.96783824727504	0.9614480658883864	0.9630597894105244	0.9767052818246758	0.9696416129342025	0.9664654364057482	0.9726407105663127	0.9673712103048082	0.9788106637766016	0.9834279062122351	0.9749167222995226	1.0	0.9807364729281063	0.9616360512253769	0.9612589713773393	0.9692001236196929	0.9752015403200373	0.9644172029799841	0.9697874458966705	0.9753244314773863	0.9694951189949885	0.9689770958763801
0.96982450095629	0.9694321145984031	0.9687922332727217	0.9670986532112853	0.971444765289159	0.9679977921037314	0.9673285334614822	0.9623003235197213	0.9631570168543078	0.9691594302653026	0.9624902543814334	0.9679030296432043	0.969205037775983	0.9727360728871861	0.9712542349013535	0.9725494338384	0.9649743070507448	0.9707697027223173	0.9679927591544715	0.9716615354216181	0.97042863310565	0.9727562902138807	0.9781024235354537	0.9615721759846243	0.9618666386153086	0.9613245818449541	0.973004004198973	0.9714475698392485	0.9651988371346643	0.9704668137063333	0.9686070571719669	0.9730920279800972	0.976393440841182	0.979137271239752	0.9833820882498211	0.9807364729281063	1.0	0.9688722013342037	0.9649691488024976	0.9660369864168641	0.9694773390938022	0.9619238347210763	0.9701942922527201	0.9712039432275102	0.9651298313301283	0.9708279099892235
0.9703393204380031	0.9790704722832221	0.9773831306614964	0.9761900456828825	0.9717064883053961	0.9755497590713085	0.9773831306614964	0.9638680706049662	0.9762955456242821	0.9741738987597595	0.9725012509953594	0.9762955456242821	0.9768697608899743	0.9752248256577195	0.9704235419199049	0.9739482509328827	0.9776368132812786	0.9680248839235841	0.9709245456519021	0.9769730842423592	0.9745094575670166	0.9707129531119215	0.9620704436507154	0.9697861735747937	0.966609575078533	0.9702970692416001	0.9735541376424569	0.967102969275949	0.9809955989643319	0.9639490675894422	0.9752792072485437	0.9692128946366183	0.9685394125221517	0.9709245456519021	0.9696831669047521	0.9616360512253769	0.9688722013342037	1.0	0.9674508266161123	0.9701701000714218	0.9790704722832221	0.9725603876045822	0.9672425628933129	0.969914656290116	0.976557808876048	0.9664672065311114
0.96529545583616	0.9736090275016867	0.9719015781166579	0.9674885785591689	0.9673159910530559	0.9716427204235859	0.9720559056779354	0.9709598436442343	0.9684780919732939	0.9725145269249159	0.9672512733750593	0.9722605389817824	0.9733141709988603	0.9703164462094394	0.9652238098896818	0.9711714978206322	0.9732647666857991	0.970966467716502	0.9675476329977284	0.9748095593594847	0.9707467962314443	0.9707939741864635	0.9608819703728073	0.96399579511902	0.9637975365893541	0.9623743587702221	0.9720386463986184	0.971111870875276	0.9709598436442343	0.9788607360058756	0.9734619341634981	0.9723911534501686	0.9625815742861364	0.9668920080721018	0.9675108215153123	0.9612589713773393	0.9649691488024976	0.9674508266161123	1.0	0.9672512733750593	0.9739980481630103	0.965727164197147	0.964816352404061	0.9671998642428263	0.9706933144931402	0.9638502480645929
0.9719754151126929	0.9733468166880638	0.9729935911681503	0.9710732417837079	0.9701718382824495	0.981704619238654	0.9813287053768874	0.9651228181843533	0.9672260325054419	0.973912731299237	0.9699712690766661	0.9729491662867038	0.9840007036361237	0.973912731299237	0.9716706861895816	0.9724131395007559	0.9705987283237184	0.9744357484297308	0.9701656332454907	0.9803164363423957	0.9712611162503315	0.9780183590921598	0.9684036548367512	0.9633735029138999	0.9664744608114137	0.9657816126522034	0.9740951002751188	0.972108705359995	0.9707893694675683	0.9708071526018109	0.9742134167443812	0.9743894212759674	0.9653732430542971	0.9694306626431081	0.9747840352403727	0.9692001236196929	0.9660369864168641	0.9701701000714218	0.9672512733750593	1.0	0.9732148074318601	0.9658160002494116	0.9720075043710581	0.9717451982809203	0.9695789997559802	0.9700563835669438
