/home/jshaw/scratch/2022_sketched_distance/references/SGB_genome_fastas_part3/4957/Bengtsson-PalmeJ_2015__TRAVELRES13__bin.23.fa	/home/jshaw/scratch/2022_sketched_distance/references/SGB_genome_fastas_part3/4957/Bengtsson-PalmeJ_2015__TRAVELRES14__bin.12.fa	/home/jshaw/scratch/2022_sketched_distance/references/SGB_genome_fastas_part3/4957/Bengtsson-PalmeJ_2015__TRAVELRES17__bin.95.fa	/home/jshaw/scratch/2022_sketched_distance/references/SGB_genome_fastas_part3/4957/Bengtsson-PalmeJ_2015__TRAVELRES18__bin.115.fa	/home/jshaw/scratch/2022_sketched_distance/references/SGB_genome_fastas_part3/4957/Bengtsson-PalmeJ_2015__TRAVELRES22__bin.115.fa	/home/jshaw/scratch/2022_sketched_distance/references/SGB_genome_fastas_part3/4957/Bengtsson-PalmeJ_2015__TRAVELRES48__bin.17.fa	/home/jshaw/scratch/2022_sketched_distance/references/SGB_genome_fastas_part3/4957/Bengtsson-PalmeJ_2015__TRAVELRES56__bin.42.fa	/home/jshaw/scratch/2022_sketched_distance/references/SGB_genome_fastas_part3/4957/FengQ_2015__SID31300__bin.65.fa	/home/jshaw/scratch/2022_sketched_distance/references/SGB_genome_fastas_part3/4957/HeQ_2017__SZAXPI029498-99__bin.52.fa	/home/jshaw/scratch/2022_sketched_distance/references/SGB_genome_fastas_part3/4957/HeQ_2017__SZAXPI029552-169__bin.3.fa	/home/jshaw/scratch/2022_sketched_distance/references/SGB_genome_fastas_part3/4957/HeQ_2017__SZAXPI029594-136__bin.12.fa	/home/jshaw/scratch/2022_sketched_distance/references/SGB_genome_fastas_part3/4957/LiJ_2017__H1M512854__bin.22.fa	/home/jshaw/scratch/2022_sketched_distance/references/SGB_genome_fastas_part3/4957/LiJ_2017__H2M514925__bin.5.fa	/home/jshaw/scratch/2022_sketched_distance/references/SGB_genome_fastas_part3/4957/LiJ_2017__H3M516804__bin.9.fa	/home/jshaw/scratch/2022_sketched_distance/references/SGB_genome_fastas_part3/4957/LiSS_2016__FAT_014-22-42-0__bin.19.fa	/home/jshaw/scratch/2022_sketched_distance/references/SGB_genome_fastas_part3/4957/QinJ_2012__CON-081__bin.2.fa	/home/jshaw/scratch/2022_sketched_distance/references/SGB_genome_fastas_part3/4957/QinJ_2012__DOF010__bin.2.fa	/home/jshaw/scratch/2022_sketched_distance/references/SGB_genome_fastas_part3/4957/QinJ_2012__DOM022__bin.3.fa	/home/jshaw/scratch/2022_sketched_distance/references/SGB_genome_fastas_part3/4957/QinJ_2012__T2D-022__bin.41.fa	/home/jshaw/scratch/2022_sketched_distance/references/SGB_genome_fastas_part3/4957/QinJ_2012__T2D-027__bin.10.fa	/home/jshaw/scratch/2022_sketched_distance/references/SGB_genome_fastas_part3/4957/QinN_2014__HD-39__bin.5.fa	/home/jshaw/scratch/2022_sketched_distance/references/SGB_genome_fastas_part3/4957/QinN_2014__HD-6__bin.48.fa	/home/jshaw/scratch/2022_sketched_distance/references/SGB_genome_fastas_part3/4957/QinN_2014__LD-11__bin.41.fa	/home/jshaw/scratch/2022_sketched_distance/references/SGB_genome_fastas_part3/4957/QinN_2014__LD-84__bin.77.fa	/home/jshaw/scratch/2022_sketched_distance/references/SGB_genome_fastas_part3/4957/QinN_2014__LD-97__bin.79.fa	/home/jshaw/scratch/2022_sketched_distance/references/SGB_genome_fastas_part3/4957/RaymondF_2016__P7C0__bin.21.fa	/home/jshaw/scratch/2022_sketched_distance/references/SGB_genome_fastas_part3/4957/WenC_2017__RA049__bin.7.fa	/home/jshaw/scratch/2022_sketched_distance/references/SGB_genome_fastas_part3/4957/WenC_2017__RA070__bin.24.fa	/home/jshaw/scratch/2022_sketched_distance/references/SGB_genome_fastas_part3/4957/XieH_2016__YSZC12003_35366__bin.22.fa	/home/jshaw/scratch/2022_sketched_distance/references/SGB_genome_fastas_part3/4957/XieH_2016__YSZC12003_36674__bin.41.fa	/home/jshaw/scratch/2022_sketched_distance/references/SGB_genome_fastas_part3/4957/XieH_2016__YSZC12003_36703__bin.4.fa	/home/jshaw/scratch/2022_sketched_distance/references/SGB_genome_fastas_part3/4957/YuJ_2015__SZAXPI003412-1__bin.80.fa	/home/jshaw/scratch/2022_sketched_distance/references/SGB_genome_fastas_part3/4957/YuJ_2015__SZAXPI003416-4__bin.1.fa	/home/jshaw/scratch/2022_sketched_distance/references/SGB_genome_fastas_part3/4957/YuJ_2015__SZAXPI003422-11__bin.25.fa	/home/jshaw/scratch/2022_sketched_distance/references/SGB_genome_fastas_part3/4957/YuJ_2015__SZAXPI015227-13__bin.28.fa	/home/jshaw/scratch/2022_sketched_distance/references/SGB_genome_fastas_part3/4957/YuJ_2015__SZAXPI015246-34__bin.22.fa	/home/jshaw/scratch/2022_sketched_distance/references/SGB_genome_fastas_part3/4957/YuJ_2015__SZAXPI015260-74__bin.51.fa	/home/jshaw/scratch/2022_sketched_distance/references/SGB_genome_fastas_part3/4957/YuJ_2015__SZAXPI015270-90__bin.39.fa	/home/jshaw/scratch/2022_sketched_distance/references/SGB_genome_fastas_part3/4957/ZeeviD_2015__PNP_Main_535__bin.24.fa	/home/jshaw/scratch/2022_sketched_distance/references/SGB_genome_fastas_part3/4957/ZeeviD_2015__PNP_Main_77__bin.62.fa	/home/jshaw/scratch/2022_sketched_distance/references/SGB_genome_fastas_part3/4957/ZeeviD_2015__PNP_Validation_40__bin.5.fa	/home/jshaw/scratch/2022_sketched_distance/references/SGB_genome_fastas_part3/4957/ZellerG_2014__CCMD35802077ST-21-0__bin.16.fa
1.0	0.998857281371643	0.987992496874178	0.9890838278057345	0.987357037392746	0.9878651892011934	0.9877016985778083	0.9898765390624528	0.9891294921805973	0.9882018958981059	0.988046891006986	0.9905966902230873	0.9905329570414432	0.990270821222061	0.9887269885346677	0.9873727368272042	0.9841803979314595	0.9889242031693536	0.9880895354631172	0.9871062022239743	0.9883227861136907	0.9880195835975809	0.9883007458217726	0.9871454225749813	0.9860345425301535	0.9898937163197465	0.9894165773967778	0.9891700140545466	0.9879035536109051	0.9897079318892421	0.9900286371781599	0.9894333188776678	0.9891388325073951	0.9876537346753819	0.9877978899304402	0.9898906164458815	0.9895134203627964	0.9883112788406774	0.9898882432524643	0.9895397395991626	0.9889018207332756	0.9879634386691398
0.998857281371643	1.0	0.9883091468227136	0.9892318945124604	0.9870938459624723	0.9878651892011934	0.9873276593077416	0.9900123695183022	0.9892873323146937	0.9873134473931622	0.9884054329737911	0.9907176238866006	0.9908486627483123	0.9904230002926346	0.9889422247792006	0.9872813472109909	0.9843815134001355	0.9885972764639809	0.9877474748779504	0.9872350394065807	0.9884549459371555	0.9881192809183579	0.9878092061737693	0.9872498670283515	0.9860643952281503	0.9899618282985012	0.9892545180358558	0.9894526128344125	0.987362584162172	0.9898938366979249	0.990447064370365	0.9899605698313879	0.9883557361371411	0.9876537346753819	0.9875817360377259	0.9898229901630454	0.9896639971342055	0.9885602934376099	0.9900859842438763	0.9897511578990933	0.9891703777912337	0.9870728043886823
0.987992496874178	0.9883091468227136	1.0	0.9975896089741731	0.9882039347033851	0.9913667660514255	0.9904936028407381	0.9856412063326926	0.985802605516999	0.99167648868671	0.9907384726664921	0.9876522413136817	0.9877042812703702	0.989948409256509	0.9895461698387512	0.9884924633670674	0.9831752381199059	0.9905427222951247	0.9878596555686314	0.9902221316780228	0.9852359824084145	0.9918656547374296	0.9920068223625397	0.9911506294552708	0.9838744003152359	0.9896219642550399	0.9882828752790072	0.9923338886618445	0.9917948442529806	0.9876727727679908	0.988752587558227	0.9854539437208217	0.9918656547374296	0.9912948774930316	0.9899983461315479	0.9884924633670674	0.9860556178370774	0.988648784145254	0.9859130420777561	0.9888818837633849	0.9830437929053906	0.9902716564138164
0.9890838278057345	0.9892318945124604	0.9975896089741731	1.0	0.988657078345722	0.9923702391237602	0.9909386880220045	0.9913668255956658	0.991690814257636	0.9927708320660426	0.9911185684516153	0.9929914701775239	0.9937979971279308	0.9925644383031685	0.9904107839370772	0.989407606120825	0.984854280039673	0.9913964501996313	0.9897700851339355	0.9911384948393693	0.9907474836774494	0.9928087320430535	0.9928276657672302	0.991455693475934	0.9895708248177447	0.9925562000639916	0.9914105257284651	0.9929598994092277	0.9925997429361529	0.9913445460378677	0.9916503524536764	0.9918334977760249	0.9923318332118428	0.9919453011040029	0.9906771189913561	0.9916019688912837	0.9924017360001774	0.9908260868268931	0.9922557057046963	0.9898353473073463	0.9901973414171242	0.9911384948393693
0.987357037392746	0.9870938459624723	0.9882039347033851	0.988657078345722	1.0	0.9889559688198367	0.9900609892647343	0.9905501693633693	0.989050287856595	0.9905801203222929	0.9882194482163099	0.9917573243805348	0.9906193583637999	0.9896549894555419	0.9888778013517361	0.9872813472109909	0.9839272572623545	0.9893901089480295	0.9874249799480157	0.9880487635050764	0.9890755670487993	0.9895744335190811	0.9896967468053919	0.988473828417775	0.986479511213803	0.9897113939708516	0.9899662413935237	0.9890805932575049	0.9900609892647343	0.9891675443407288	0.9890387767923687	0.9893212365990959	0.9907579344365808	0.9891634152674319	0.9875313362583099	0.9899356237560638	0.9896264173312325	0.9881061302597238	0.9902089733877971	0.9879761388725042	0.987384306398417	0.989059855206009
0.9878651892011934	0.9878651892011934	0.9913667660514255	0.9923702391237602	0.9889559688198367	1.0	0.9893145506447159	0.9917291238499243	0.9918854500850196	0.991741297470643	0.9916777275926634	0.9941268476184647	0.9932181538217973	0.993723005733585	0.9908591530629841	0.9908348333322342	0.9850513204905275	0.991971205102449	0.9909973723135559	0.9911695355218149	0.9915377148212775	0.991395498675336	0.9917050674889688	0.9913620057277495	0.9899707643650285	0.9923458540435578	0.9927317133110611	0.9932281079941827	0.9906554526139031	0.9919161694650104	0.9922773908096414	0.9928327137269403	0.9917050674889688	0.9917007803706295	0.9907825461931327	0.9925711860547499	0.9932212137525237	0.9918624329997003	0.9930086245395143	0.9910933206620517	0.990991445882279	0.9908420242857804
0.9877016985778083	0.9873276593077416	0.9904936028407381	0.9909386880220045	0.9900609892647343	0.9893145506447159	1.0	0.991340794535896	0.9917395807500311	0.991410823548796	0.9901816532666373	0.9921353183122724	0.9926008956863246	0.9914059581636873	0.9910408366332112	0.989833824045973	0.9847553145494793	0.9903370688383503	0.9894668776496608	0.9891499096077722	0.9904694770824592	0.990889722093015	0.9911326845844991	0.9895107192801371	0.9894633502851714	0.9914691686715735	0.9911266773083189	0.9906758186560742	0.9906260558692379	0.9910549833382252	0.99073033125144	0.9913091225805656	0.991942010830289	0.9901064380728195	0.9894778852801498	0.9920690530014605	0.9909530366820506	0.9904448976164152	0.9918143038285173	0.9895185230516499	0.9896219642550399	0.9897640066719873
0.9898765390624528	0.9900123695183022	0.9856412063326926	0.9913668255956658	0.9905501693633693	0.9917291238499243	0.991340794535896	1.0	0.9854237754960732	0.9923663718907216	0.9911580006460942	0.9862310207580384	0.9859290587470653	0.9910268116120692	0.9910530911291162	0.989849305745654	0.9850161164823235	0.9913928361660649	0.9887692766090456	0.9906300890055597	0.9833654989454672	0.9923663718907216	0.992341116338249	0.991288670816784	0.9821492217941227	0.9900665455392436	0.9891053766848733	0.992239900850856	0.992341116338249	0.9883157440928677	0.989465659855364	0.9846551095266883	0.9923158414880671	0.9917805580919308	0.9906034706116907	0.9897674706658441	0.9856338418613139	0.989712800958741	0.9880866149320018	0.9894104872276193	0.9829990297363194	0.9902823646801142
0.9891294921805973	0.9892873323146937	0.985802605516999	0.991690814257636	0.989050287856595	0.9918854500850196	0.9917395807500311	0.9854237754960732	1.0	0.993356257783383	0.9922713179472826	0.9879817692182358	0.9872614141685078	0.9908505804016683	0.9905993301347081	0.9901933101449913	0.9847652945602096	0.9921752722546788	0.9899369878600464	0.9910999338002302	0.9855256106270434	0.9927474074699555	0.992865367133536	0.9914458967071119	0.9838424874224974	0.9905235807622408	0.9896527144116675	0.9929594330814336	0.9924864064691207	0.9882475970046529	0.9895226849699048	0.9867233886758361	0.9931000326508357	0.9926527360545537	0.9910999338002302	0.9899112457901116	0.9869241152585126	0.9895747582710068	0.9870056455892898	0.9899369878600464	0.984246088440348	0.9909505477522593
0.9882018958981059	0.9873134473931622	0.99167648868671	0.9927708320660426	0.9905801203222929	0.991741297470643	0.991410823548796	0.9923663718907216	0.993356257783383	1.0	0.9931816992977245	0.9944788694808399	0.9939283759279696	0.9933081915075106	0.9926325512348374	0.9920646835786141	0.9860668239060604	0.9925774166077199	0.9920602237392375	0.99272983480744	0.99280455040999	0.9918073746128894	0.991467310528732	0.9918916500752712	0.991523762147546	0.9949813288392391	0.9934957387117042	0.9941475483460739	0.991810941278656	0.9928827506039334	0.9927501963121682	0.9935566382216664	0.9912671216005469	0.9939482507640715	0.9926941990700272	0.993249407728168	0.9932549222644963	0.9925090406557102	0.9940084905333963	0.991315155441112	0.9915685237443704	0.9904103683512973
0.988046891006986	0.9884054329737911	0.9907384726664921	0.9911185684516153	0.9882194482163099	0.9916777275926634	0.9901816532666373	0.9911580006460942	0.9922713179472826	0.9931816992977245	1.0	0.9927936737414308	0.9927630327353711	0.9922990997986048	0.9902874372762702	0.990587412046244	0.9843062394930773	0.9906552725449637	0.9915739202900227	0.9910835357303993	0.9915977262000265	0.9923546146006685	0.9926695033419854	0.9921305215641414	0.990600754232147	0.9930349806823692	0.9916272235743034	0.9932904320029408	0.9915826098599722	0.9918070068375584	0.9910326949070605	0.9921956734949332	0.9925956810471889	0.9922614269478653	0.9905455346910604	0.9925711860547499	0.9917382721034951	0.9914930813118377	0.9925772206569231	0.9896456181189413	0.9900414127037872	0.9913340149829478
0.9905966902230873	0.9907176238866006	0.9876522413136817	0.9929914701775239	0.9917573243805348	0.9941268476184647	0.9921353183122724	0.9862310207580384	0.9879817692182358	0.9944788694808399	0.9927936737414308	1.0	0.9879817692182358	0.9937159665521267	0.9925376144028374	0.9911374382252444	0.9861271157294278	0.9931600742627977	0.9903229590385528	0.9915813972599327	0.9818689498258557	0.9939357370670368	0.9941540593696815	0.9924231710405678	0.9826927583597118	0.9927936737414308	0.9902312086010338	0.9939083453512936	0.9931600742627977	0.9891414999809712	0.9915519848235712	0.9848899715308287	0.9939357370670368	0.9940996135032603	0.991286088297481	0.9911969785324775	0.9832576089472492	0.989799634724672	0.9891098302220271	0.9914930813118377	0.9849978574895224	0.9927936737414308
0.9905329570414432	0.9908486627483123	0.9877042812703702	0.9937979971279308	0.9906193583637999	0.9932181538217973	0.9926008956863246	0.9859290587470653	0.9872614141685078	0.9939283759279696	0.9927630327353711	0.9879817692182358	1.0	0.9926279737602199	0.9926550296922074	0.990734209576641	0.9855957350797739	0.9932447317776635	0.99009752568721	0.9922468489060154	0.9823092389355809	0.9936146003933948	0.9936408621789352	0.9926820635190706	0.9830903672485934	0.9913588505143277	0.9903594731157034	0.9941359206852467	0.9939283759279696	0.9898629252137361	0.9908772141754839	0.9852589948629127	0.9934565908608081	0.9931116281140202	0.9914991823810929	0.9913025504827345	0.9841134507414917	0.9913025504827345	0.9889074742822349	0.9914711636384551	0.9846440215690618	0.9925195282439679
0.990270821222061	0.9904230002926346	0.989948409256509	0.9925644383031685	0.9896549894555419	0.993723005733585	0.9914059581636873	0.9910268116120692	0.9908505804016683	0.9933081915075106	0.9922990997986048	0.9937159665521267	0.9926279737602199	1.0	0.9913005207561826	0.9903143725886916	0.9853949375738936	0.9926456546247332	0.9897436722482453	0.991699405819678	0.990407378663114	0.9932485058577564	0.9934272410060804	0.9923605209348791	0.9885353901641408	0.9914258030012583	0.9905738632668583	0.9935261230187368	0.9930086813609369	0.9901707447214303	0.9907736959017408	0.9909370452572672	0.9935458640407205	0.9932285867069097	0.9912159279244822	0.9907573766750317	0.9915614407799962	0.9899863279359709	0.9913906264318488	0.9913216351687736	0.9898323550160603	0.9930086813609369
0.9887269885346677	0.9889422247792006	0.9895461698387512	0.9904107839370772	0.9888778013517361	0.9908591530629841	0.9910408366332112	0.9910530911291162	0.9905993301347081	0.9926325512348374	0.9902874372762702	0.9925376144028374	0.9926550296922074	0.9913005207561826	1.0	0.988184023515508	0.9841803979314595	0.991141341841008	0.9882027706881396	0.9905745325389106	0.9910231695103184	0.9913414396693796	0.9915204975533198	0.9902049493658162	0.9876659120664161	0.9918569204501727	0.9910168522023945	0.991361382967677	0.9917183195984687	0.9901707447214303	0.9904689406178089	0.9906956203970269	0.9921688676833104	0.9915006500739008	0.9894108555262882	0.9911498730247379	0.9917382721034951	0.9897344090259179	0.9914616175548777	0.989026736801627	0.9887937823026582	0.9903697195707132
0.9873727368272042	0.9872813472109909	0.9884924633670674	0.989407606120825	0.9872813472109909	0.9908348333322342	0.989833824045973	0.989849305745654	0.9901933101449913	0.9920646835786141	0.990587412046244	0.9911374382252444	0.990734209576641	0.9903143725886916	0.988184023515508	1.0	0.9823125904843407	0.9907319663145501	0.9877932887761356	0.9897490198645713	0.9892369647959081	0.9911822041383977	0.9913444174768171	0.990400621791457	0.9884799820794694	0.9900297999782883	0.9895318484608897	0.9913646382668158	0.9910396112057367	0.9887383669116918	0.9886944166058764	0.991229743723144	0.9915058384159461	0.9909373809593119	0.9901918299408224	0.9899356237560638	0.9905533071138386	0.9886503796407504	0.9904535853803169	0.9876001068186844	0.9874689079652307	0.9907113544059115
0.9841803979314595	0.9843815134001355	0.9831752381199059	0.984854280039673	0.9839272572623545	0.9850513204905275	0.9847553145494793	0.9850161164823235	0.9847652945602096	0.9860668239060604	0.9843062394930773	0.9861271157294278	0.9855957350797739	0.9853949375738936	0.9841803979314595	0.9823125904843407	1.0	0.9850513204905275	0.9827299309747827	0.9839018354116463	0.9832884145226118	0.9859714503146189	0.9862330646868905	0.9839780419260595	0.9813558445558969	0.9844171284447772	0.9836237424731202	0.9855629958752998	0.9851003963930826	0.984079804683754	0.9846737940556769	0.9842319037332539	0.9862804080489384	0.9852227662239422	0.9836465271091919	0.9846275636948213	0.9851204574749688	0.9827274056309976	0.9844267084372007	0.9840034048009494	0.9834282496199153	0.9850758676103019
0.9889242031693536	0.9885972764639809	0.9905427222951247	0.9913964501996313	0.9893901089480295	0.991971205102449	0.9903370688383503	0.9913928361660649	0.9921752722546788	0.9925774166077199	0.9906552725449637	0.9931600742627977	0.9932447317776635	0.9926456546247332	0.991141341841008	0.9907319663145501	0.9850513204905275	1.0	0.9912250745555061	0.9903218549616999	0.991717423080496	0.9913158719680113	0.9916357996432533	0.9905893358848145	0.989624431050525	0.9925142377183772	0.9922900996843733	0.9924847218809294	0.9918225559454013	0.9917194164703317	0.9913110044703897	0.9919373819727458	0.9922297439424754	0.9915420243222847	0.9910959387204815	0.992446365576647	0.9941850947717398	0.9915960936689778	0.9926000668858677	0.9904806334805735	0.99014544699026	0.9904731444090951
0.9880895354631172	0.9877474748779504	0.9878596555686314	0.9897700851339355	0.9874249799480157	0.9909973723135559	0.9894668776496608	0.9887692766090456	0.9899369878600464	0.9920602237392375	0.9915739202900227	0.9903229590385528	0.99009752568721	0.9897436722482453	0.9882027706881396	0.9877932887761356	0.9827299309747827	0.9912250745555061	1.0	0.9897485196353578	0.9885208275845853	0.990976594072956	0.9912250745555061	0.9907680895905377	0.9883410528392317	0.9896885326700058	0.9894396638615441	0.9916351008804305	0.991183790706605	0.9886181524947734	0.9881358442208044	0.9890676498499616	0.9920401032618842	0.991183790706605	0.9894233338720319	0.9894371338127177	0.9901116474284134	0.9886278811672597	0.9886247569352961	0.9877474748779504	0.987015165411558	0.9905582603633258
0.9871062022239743	0.9872350394065807	0.9902221316780228	0.9911384948393693	0.9880487635050764	0.9911695355218149	0.9891499096077722	0.9906300890055597	0.9910999338002302	0.99272983480744	0.9910835357303993	0.9915813972599327	0.9922468489060154	0.991699405819678	0.9905745325389106	0.9897490198645713	0.9839018354116463	0.9903218549616999	0.9897485196353578	1.0	0.9906242140627506	0.9911885504004686	0.9914347531776263	0.9905358237918898	0.9911934206973287	0.991404098808062	0.9912579873333522	0.9923008461866514	0.9934832284911556	0.9937601132634293	0.9913748982076707	0.9911501737037656	0.9914536160920457	0.9916041330867331	0.9902868376577815	0.9919634754572523	0.9921936555081415	0.9913068460427029	0.9919776118797897	0.9891771888177371	0.9896483365940266	0.9903023343063788
0.9883227861136907	0.9884549459371555	0.9852359824084145	0.9907474836774494	0.9890755670487993	0.9915377148212775	0.9904694770824592	0.9833654989454672	0.9855256106270434	0.99280455040999	0.9915977262000265	0.9818689498258557	0.9823092389355809	0.990407378663114	0.9910231695103184	0.9892369647959081	0.9832884145226118	0.991717423080496	0.9885208275845853	0.9906242140627506	1.0	0.9917472797006486	0.9917771093800626	0.9908089463647972	0.9819494441263741	0.9900008661924028	0.9881568372562369	0.9922213549419039	0.9913268126903865	0.9875184934319624	0.9882565068566265	0.9823886592171518	0.9927177237337882	0.9915677341306183	0.990126481055678	0.9893334256017229	0.979845565641498	0.9888482745034828	0.9855616352538655	0.9887503815801233	0.9816262721815628	0.9907782293192072
0.9880195835975809	0.9881192809183579	0.9918656547374296	0.9928087320430535	0.9895744335190811	0.991395498675336	0.990889722093015	0.9923663718907216	0.9927474074699555	0.9918073746128894	0.9923546146006685	0.9939357370670368	0.9936146003933948	0.9932485058577564	0.9913414396693796	0.9911822041383977	0.9859714503146189	0.9913158719680113	0.990976594072956	0.9911885504004686	0.9917472797006486	1.0	0.9999164333298213	0.992943705069128	0.989864586949778	0.9934457556860515	0.9923535494205614	0.9924112942068649	0.9918607435111001	0.9927342358875907	0.9923187736409399	0.9932590006644374	0.9937100351203434	0.9918469494667519	0.9908415342357892	0.9932290584259537	0.9928140113314393	0.9919439537500078	0.9932334406354901	0.9908088138346082	0.9906095858254301	0.9914853390889846
0.9883007458217726	0.9878092061737693	0.9920068223625397	0.9928276657672302	0.9896967468053919	0.9917050674889688	0.9911326845844991	0.992341116338249	0.992865367133536	0.991467310528732	0.9926695033419854	0.9941540593696815	0.9936408621789352	0.9934272410060804	0.9915204975533198	0.9913444174768171	0.9862330646868905	0.9916357996432533	0.9912250745555061	0.9914347531776263	0.9917771093800626	0.9999164333298213	1.0	0.993275504205513	0.9899707643650285	0.9934661612686584	0.9925221561260527	0.9927222425542291	0.9916172172937938	0.9929461963146088	0.9924837891840895	0.9933336612429453	0.9934081538517948	0.9920831045732138	0.9911154273837276	0.9932697445308101	0.9929842882064532	0.9920455728606407	0.9933229413415773	0.9909310455173239	0.9906607563299644	0.991164960690185
0.9871454225749813	0.9872498670283515	0.9911506294552708	0.991455693475934	0.988473828417775	0.9913620057277495	0.9895107192801371	0.991288670816784	0.9914458967071119	0.9918916500752712	0.9921305215641414	0.9924231710405678	0.9926820635190706	0.9923605209348791	0.9902049493658162	0.990400621791457	0.9839780419260595	0.9905893358848145	0.9907680895905377	0.9905358237918898	0.9908089463647972	0.992943705069128	0.993275504205513	1.0	0.9903920906505067	0.9920278054526382	0.9917780711797979	0.9917804881994031	0.991398806667483	0.9915214854109046	0.9912256201816001	0.992375284757718	0.9921263500115632	0.9914064886947608	0.9906049472399797	0.9925296315322165	0.9918087406204003	0.9913275907562334	0.9926912943788703	0.9896667531035483	0.9898585597763524	0.9914171917804929
0.9860345425301535	0.9860643952281503	0.9838744003152359	0.9895708248177447	0.986479511213803	0.9899707643650285	0.9894633502851714	0.9821492217941227	0.9838424874224974	0.991523762147546	0.990600754232147	0.9826927583597118	0.9830903672485934	0.9885353901641408	0.9876659120664161	0.9884799820794694	0.9813558445558969	0.989624431050525	0.9883410528392317	0.9911934206973287	0.9819494441263741	0.989864586949778	0.9899707643650285	0.9903920906505067	1.0	0.9880052124822454	0.9869476000753703	0.9913970982414778	0.9910911091505087	0.9873804658328454	0.9867728464764133	0.9826889695503103	0.9903135005386533	0.990522659846791	0.9895976388235147	0.9873517845880745	0.9841134507414917	0.9886183279900338	0.9850646470693406	0.9866851202825688	0.9805538124715699	0.989138809137994
0.9898937163197465	0.9899618282985012	0.9896219642550399	0.9925562000639916	0.9897113939708516	0.9923458540435578	0.9914691686715735	0.9900665455392436	0.9905235807622408	0.9949813288392391	0.9930349806823692	0.9927936737414308	0.9913588505143277	0.9914258030012583	0.9918569204501727	0.9900297999782883	0.9844171284447772	0.9925142377183772	0.9896885326700058	0.991404098808062	0.9900008661924028	0.9934457556860515	0.9934661612686584	0.9920278054526382	0.9880052124822454	1.0	0.9900343099651222	0.9936897967630652	0.993138153236985	0.9891675443407288	0.989870981047397	0.989850267708482	0.9936897967630652	0.9939722573142565	0.9912081168895458	0.9901878582442591	0.9907356023751187	0.9900976319454764	0.990526616940276	0.9898482300987915	0.987805156561884	0.9916205019856105
0.9894165773967778	0.9892545180358558	0.9882828752790072	0.9914105257284651	0.9899662413935237	0.9927317133110611	0.9911266773083189	0.9891053766848733	0.9896527144116675	0.9934957387117042	0.9916272235743034	0.9902312086010338	0.9903594731157034	0.9905738632668583	0.9910168522023945	0.9895318484608897	0.9836237424731202	0.9922900996843733	0.9894396638615441	0.9912579873333522	0.9881568372562369	0.9923535494205614	0.9925221561260527	0.9917780711797979	0.9869476000753703	0.9900343099651222	1.0	0.9927108172146458	0.9923746723150993	0.98837639994368	0.9892545180358558	0.9887835800648546	0.9929399517704409	0.9925641738767639	0.9918210443684168	0.9899662413935237	0.9900003029013829	0.9894627341774109	0.989438944697184	0.989784035729424	0.9869007453302239	0.9914105257284651
0.9891700140545466	0.9894526128344125	0.9923338886618445	0.9929598994092277	0.9890805932575049	0.9932281079941827	0.9906758186560742	0.992239900850856	0.9929594330814336	0.9941475483460739	0.9932904320029408	0.9939083453512936	0.9941359206852467	0.9935261230187368	0.991361382967677	0.9913646382668158	0.9855629958752998	0.9924847218809294	0.9916351008804305	0.9923008461866514	0.9922213549419039	0.9924112942068649	0.9927222425542291	0.9917804881994031	0.9913970982414778	0.9936897967630652	0.9927108172146458	1.0	0.9926858117078096	0.9928403857928387	0.9923807509742298	0.9934081538517948	0.9928312950671868	0.9930483279678416	0.9918285450482743	0.9929838861133135	0.9938558806197909	0.9922881922143815	0.9936343024035185	0.9911539689201376	0.9912686973740683	0.9917054782960553
0.9879035536109051	0.987362584162172	0.9917948442529806	0.9925997429361529	0.9900609892647343	0.9906554526139031	0.9906260558692379	0.992341116338249	0.9924864064691207	0.991810941278656	0.9915826098599722	0.9931600742627977	0.9939283759279696	0.9930086813609369	0.9917183195984687	0.9910396112057367	0.9851003963930826	0.9918225559454013	0.991183790706605	0.9934832284911556	0.9913268126903865	0.9918607435111001	0.9916172172937938	0.991398806667483	0.9910911091505087	0.993138153236985	0.9923746723150993	0.9926858117078096	1.0	0.9975912902787166	0.9928113714722546	0.9929083408730837	0.9918635786642288	0.9918287136333949	0.9912903099673903	0.9929838861133135	0.9928481368635319	0.9916577473311745	0.9933005888363098	0.9904600135020615	0.9905583359005531	0.9902283816628656
0.9897079318892421	0.9898938366979249	0.9876727727679908	0.9913445460378677	0.9891675443407288	0.9919161694650104	0.9910549833382252	0.9883157440928677	0.9882475970046529	0.9928827506039334	0.9918070068375584	0.9891414999809712	0.9898629252137361	0.9901707447214303	0.9901707447214303	0.9887383669116918	0.984079804683754	0.9917194164703317	0.9886181524947734	0.9937601132634293	0.9875184934319624	0.9927342358875907	0.9929461963146088	0.9915214854109046	0.9873804658328454	0.9891675443407288	0.98837639994368	0.9928403857928387	0.9975912902787166	1.0	0.989285775440701	0.9887835800648546	0.9926916804014012	0.9925850516234767	0.9906950785047015	0.9893800560557982	0.9890957540109707	0.9893565111591779	0.9889069078622661	0.9891438471630719	0.9869293876802306	0.9909877992183012
0.9900286371781599	0.990447064370365	0.988752587558227	0.9916503524536764	0.9890387767923687	0.9922773908096414	0.99073033125144	0.989465659855364	0.9895226849699048	0.9927501963121682	0.9910326949070605	0.9915519848235712	0.9908772141754839	0.9907736959017408	0.9904689406178089	0.9886944166058764	0.9846737940556769	0.9913110044703897	0.9881358442208044	0.9913748982076707	0.9882565068566265	0.9923187736409399	0.9924837891840895	0.9912256201816001	0.9867728464764133	0.989870981047397	0.9892545180358558	0.9923807509742298	0.9928113714722546	0.989285775440701	1.0	0.9897949780634627	0.9923601047630756	0.991671446461214	0.9898731326648667	0.9893227822662296	0.9903332158933421	0.9890844208814984	0.990526616940276	0.9924220047784811	0.9901714044028023	0.9922773908096414
0.9894333188776678	0.9899605698313879	0.9854539437208217	0.9918334977760249	0.9893212365990959	0.9928327137269403	0.9913091225805656	0.9846551095266883	0.9867233886758361	0.9935566382216664	0.9921956734949332	0.9848899715308287	0.9852589948629127	0.9909370452572672	0.9906956203970269	0.991229743723144	0.9842319037332539	0.9919373819727458	0.9890676498499616	0.9911501737037656	0.9823886592171518	0.9932590006644374	0.9933336612429453	0.992375284757718	0.9826889695503103	0.989850267708482	0.9887835800648546	0.9934081538517948	0.9929083408730837	0.9887835800648546	0.9897949780634627	1.0	0.9940468330913301	0.9926809389703832	0.9918594994420966	0.989489217500391	0.9848607239591377	0.9899880878475388	0.9878870717817645	0.9901253347850865	0.9842646525184706	0.9919114415078737
0.9891388325073951	0.9883557361371411	0.9918656547374296	0.9923318332118428	0.9907579344365808	0.9917050674889688	0.991942010830289	0.9923158414880671	0.9931000326508357	0.9912671216005469	0.9925956810471889	0.9939357370670368	0.9934565908608081	0.9935458640407205	0.9921688676833104	0.9915058384159461	0.9862804080489384	0.9922297439424754	0.9920401032618842	0.9914536160920457	0.9927177237337882	0.9937100351203434	0.9934081538517948	0.9921263500115632	0.9903135005386533	0.9936897967630652	0.9929399517704409	0.9928312950671868	0.9918635786642288	0.9926916804014012	0.9923601047630756	0.9940468330913301	1.0	0.9924610590940469	0.9915797397686813	0.993431990833413	0.9928140113314393	0.9914517863006378	0.9933005888363098	0.9909107049569668	0.9911177577938955	0.9914655570383297
0.9876537346753819	0.9876537346753819	0.9912948774930316	0.9919453011040029	0.9891634152674319	0.9917007803706295	0.9901064380728195	0.9917805580919308	0.9926527360545537	0.9939482507640715	0.9922614269478653	0.9940996135032603	0.9931116281140202	0.9932285867069097	0.9915006500739008	0.9909373809593119	0.9852227662239422	0.9915420243222847	0.991183790706605	0.9916041330867331	0.9915677341306183	0.9918469494667519	0.9920831045732138	0.9914064886947608	0.990522659846791	0.9939722573142565	0.9925641738767639	0.9930483279678416	0.9918287136333949	0.9925850516234767	0.991671446461214	0.9926809389703832	0.9924610590940469	1.0	0.9910764385538428	0.9925504153175029	0.9929162825453351	0.9923887606871976	0.9927368139799964	0.9905629848571033	0.9904813115506091	0.9907345897194265
0.9877978899304402	0.9875817360377259	0.9899983461315479	0.9906771189913561	0.9875313362583099	0.9907825461931327	0.9894778852801498	0.9906034706116907	0.9910999338002302	0.9926941990700272	0.9905455346910604	0.991286088297481	0.9914991823810929	0.9912159279244822	0.9894108555262882	0.9901918299408224	0.9836465271091919	0.9910959387204815	0.9894233338720319	0.9902868376577815	0.990126481055678	0.9908415342357892	0.9911154273837276	0.9906049472399797	0.9895976388235147	0.9912081168895458	0.9918210443684168	0.9918285450482743	0.9912903099673903	0.9906950785047015	0.9898731326648667	0.9918594994420966	0.9915797397686813	0.9910764385538428	1.0	0.9907354339611861	0.9921588477988554	0.9904874699372407	0.9917206214811322	0.9884179660944047	0.9892505201886534	0.9898848405012669
0.9898906164458815	0.9898229901630454	0.9884924633670674	0.9916019688912837	0.9899356237560638	0.9925711860547499	0.9920690530014605	0.9897674706658441	0.9899112457901116	0.993249407728168	0.9925711860547499	0.9911969785324775	0.9913025504827345	0.9907573766750317	0.9911498730247379	0.9899356237560638	0.9846275636948213	0.992446365576647	0.9894371338127177	0.9919634754572523	0.9893334256017229	0.9932290584259537	0.9932697445308101	0.9925296315322165	0.9873517845880745	0.9901878582442591	0.9899662413935237	0.9929838861133135	0.9929838861133135	0.9893800560557982	0.9893227822662296	0.989489217500391	0.993431990833413	0.9925504153175029	0.9907354339611861	1.0	0.9912765279171253	0.9901820726832238	0.9900119701579905	0.9898455476614795	0.9881931554073162	0.9917938470373207
0.9895134203627964	0.9896639971342055	0.9860556178370774	0.9924017360001774	0.9896264173312325	0.9932212137525237	0.9909530366820506	0.9856338418613139	0.9869241152585126	0.9932549222644963	0.9917382721034951	0.9832576089472492	0.9841134507414917	0.9915614407799962	0.9917382721034951	0.9905533071138386	0.9851204574749688	0.9941850947717398	0.9901116474284134	0.9921936555081415	0.979845565641498	0.9928140113314393	0.9929842882064532	0.9918087406204003	0.9841134507414917	0.9907356023751187	0.9900003029013829	0.9938558806197909	0.9928481368635319	0.9890957540109707	0.9903332158933421	0.9848607239591377	0.9928140113314393	0.9929162825453351	0.9921588477988554	0.9912765279171253	1.0	0.9908444984577591	0.9872894212167687	0.9908082396439629	0.9835302958873126	0.9908807175097155
0.9883112788406774	0.9885602934376099	0.988648784145254	0.9908260868268931	0.9881061302597238	0.9918624329997003	0.9904448976164152	0.989712800958741	0.9895747582710068	0.9925090406557102	0.9914930813118377	0.989799634724672	0.9913025504827345	0.9899863279359709	0.9897344090259179	0.9886503796407504	0.9827274056309976	0.9915960936689778	0.9886278811672597	0.9913068460427029	0.9888482745034828	0.9919439537500078	0.9920455728606407	0.9913275907562334	0.9886183279900338	0.9900976319454764	0.9894627341774109	0.9922881922143815	0.9916577473311745	0.9893565111591779	0.9890844208814984	0.9899880878475388	0.9914517863006378	0.9923887606871976	0.9904874699372407	0.9901820726832238	0.9908444984577591	1.0	0.9904292055833054	0.9886053673231583	0.9877493530758084	0.9906995120465572
0.9898882432524643	0.9900859842438763	0.9859130420777561	0.9922557057046963	0.9902089733877971	0.9930086245395143	0.9918143038285173	0.9880866149320018	0.9870056455892898	0.9940084905333963	0.9925772206569231	0.9891098302220271	0.9889074742822349	0.9913906264318488	0.9914616175548777	0.9904535853803169	0.9844267084372007	0.9926000668858677	0.9886247569352961	0.9919776118797897	0.9855616352538655	0.9932334406354901	0.9933229413415773	0.9926912943788703	0.9850646470693406	0.990526616940276	0.989438944697184	0.9936343024035185	0.9933005888363098	0.9889069078622661	0.990526616940276	0.9878870717817645	0.9933005888363098	0.9927368139799964	0.9917206214811322	0.9900119701579905	0.9872894212167687	0.9904292055833054	1.0	0.9901844121956618	0.9853157896381739	0.9926000668858677
0.9895397395991626	0.9897511578990933	0.9888818837633849	0.9898353473073463	0.9879761388725042	0.9910933206620517	0.9895185230516499	0.9894104872276193	0.9899369878600464	0.991315155441112	0.9896456181189413	0.9914930813118377	0.9914711636384551	0.9913216351687736	0.989026736801627	0.9876001068186844	0.9840034048009494	0.9904806334805735	0.9877474748779504	0.9891771888177371	0.9887503815801233	0.9908088138346082	0.9909310455173239	0.9896667531035483	0.9866851202825688	0.9898482300987915	0.989784035729424	0.9911539689201376	0.9904600135020615	0.9891438471630719	0.9924220047784811	0.9901253347850865	0.9909107049569668	0.9905629848571033	0.9884179660944047	0.9898455476614795	0.9908082396439629	0.9886053673231583	0.9901844121956618	1.0	0.9915933869266782	0.9910122827347602
0.9889018207332756	0.9891703777912337	0.9830437929053906	0.9901973414171242	0.987384306398417	0.990991445882279	0.9896219642550399	0.9829990297363194	0.984246088440348	0.9915685237443704	0.9900414127037872	0.9849978574895224	0.9846440215690618	0.9898323550160603	0.9887937823026582	0.9874689079652307	0.9834282496199153	0.99014544699026	0.987015165411558	0.9896483365940266	0.9816262721815628	0.9906095858254301	0.9906607563299644	0.9898585597763524	0.9805538124715699	0.987805156561884	0.9869007453302239	0.9912686973740683	0.9905583359005531	0.9869293876802306	0.9901714044028023	0.9842646525184706	0.9911177577938955	0.9904813115506091	0.9892505201886534	0.9881931554073162	0.9835302958873126	0.9877493530758084	0.9853157896381739	0.9915933869266782	1.0	0.9908392312572244
0.9879634386691398	0.9870728043886823	0.9902716564138164	0.9911384948393693	0.989059855206009	0.9908420242857804	0.9897640066719873	0.9902823646801142	0.9909505477522593	0.9904103683512973	0.9913340149829478	0.9927936737414308	0.9925195282439679	0.9930086813609369	0.9903697195707132	0.9907113544059115	0.9850758676103019	0.9904731444090951	0.9905582603633258	0.9903023343063788	0.9907782293192072	0.9914853390889846	0.991164960690185	0.9914171917804929	0.989138809137994	0.9916205019856105	0.9914105257284651	0.9917054782960553	0.9902283816628656	0.9909877992183012	0.9922773908096414	0.9919114415078737	0.9914655570383297	0.9907345897194265	0.9898848405012669	0.9917938470373207	0.9908807175097155	0.9906995120465572	0.9926000668858677	0.9910122827347602	0.9908392312572244	1.0
