/home/jshaw/scratch/2022_sketched_distance/references/SGB_genome_fastas_part1_redo/1457/CM_periimplantitis__SP_187SPT_T016_R__bin.9.fa	/home/jshaw/scratch/2022_sketched_distance/references/SGB_genome_fastas_part1_redo/1457/CM_periimplantitis__SP_283SPT_T016__bin.18.fa	/home/jshaw/scratch/2022_sketched_distance/references/SGB_genome_fastas_part1_redo/1457/CM_periimplantitis__SP_344SPT_T016__bin.20.fa	/home/jshaw/scratch/2022_sketched_distance/references/SGB_genome_fastas_part1_redo/1457/CM_periimplantitis__SP_381SPT_T016__bin.2.fa	/home/jshaw/scratch/2022_sketched_distance/references/SGB_genome_fastas_part1_redo/1457/CM_periimplantitis__SP_502SPI_T016__bin.10.fa	/home/jshaw/scratch/2022_sketched_distance/references/SGB_genome_fastas_part1_redo/1457/CM_periimplantitis__SP_503SPT_T016__bin.7.fa	/home/jshaw/scratch/2022_sketched_distance/references/SGB_genome_fastas_part1_redo/1457/HMP_2012__SRS011255__bin.28.fa	/home/jshaw/scratch/2022_sketched_distance/references/SGB_genome_fastas_part1_redo/1457/HMP_2012__SRS013170__bin.67.fa	/home/jshaw/scratch/2022_sketched_distance/references/SGB_genome_fastas_part1_redo/1457/HMP_2012__SRS013533__bin.41.fa	/home/jshaw/scratch/2022_sketched_distance/references/SGB_genome_fastas_part1_redo/1457/HMP_2012__SRS015215__bin.26.fa	/home/jshaw/scratch/2022_sketched_distance/references/SGB_genome_fastas_part1_redo/1457/HMP_2012__SRS015803__bin.11.fa	/home/jshaw/scratch/2022_sketched_distance/references/SGB_genome_fastas_part1_redo/1457/HMP_2012__SRS017139__bin.7.fa	/home/jshaw/scratch/2022_sketched_distance/references/SGB_genome_fastas_part1_redo/1457/HMP_2012__SRS017227__bin.18.fa	/home/jshaw/scratch/2022_sketched_distance/references/SGB_genome_fastas_part1_redo/1457/HMP_2012__SRS017445__bin.44.fa	/home/jshaw/scratch/2022_sketched_distance/references/SGB_genome_fastas_part1_redo/1457/HMP_2012__SRS018157__bin.35.fa	/home/jshaw/scratch/2022_sketched_distance/references/SGB_genome_fastas_part1_redo/1457/HMP_2012__SRS018394__bin.34.fa	/home/jshaw/scratch/2022_sketched_distance/references/SGB_genome_fastas_part1_redo/1457/HMP_2012__SRS018665__bin.40.fa	/home/jshaw/scratch/2022_sketched_distance/references/SGB_genome_fastas_part1_redo/1457/HMP_2012__SRS019129__bin.10.fa	/home/jshaw/scratch/2022_sketched_distance/references/SGB_genome_fastas_part1_redo/1457/HMP_2012__SRS019906__bin.23.fa	/home/jshaw/scratch/2022_sketched_distance/references/SGB_genome_fastas_part1_redo/1457/HMP_2012__SRS020226__bin.32.fa	/home/jshaw/scratch/2022_sketched_distance/references/SGB_genome_fastas_part1_redo/1457/HMP_2012__SRS021477__bin.4.fa	/home/jshaw/scratch/2022_sketched_distance/references/SGB_genome_fastas_part1_redo/1457/HMP_2012__SRS023841__bin.5.fa	/home/jshaw/scratch/2022_sketched_distance/references/SGB_genome_fastas_part1_redo/1457/HMP_2012__SRS023964__bin.4.fa	/home/jshaw/scratch/2022_sketched_distance/references/SGB_genome_fastas_part1_redo/1457/HMP_2012__SRS024087__bin.72.fa	/home/jshaw/scratch/2022_sketched_distance/references/SGB_genome_fastas_part1_redo/1457/HMP_2012__SRS024649__bin.21.fa	/home/jshaw/scratch/2022_sketched_distance/references/SGB_genome_fastas_part1_redo/1457/HMP_2012__SRS045197__bin.7.fa	/home/jshaw/scratch/2022_sketched_distance/references/SGB_genome_fastas_part1_redo/1457/HMP_2012__SRS047634__bin.98.fa	/home/jshaw/scratch/2022_sketched_distance/references/SGB_genome_fastas_part1_redo/1457/HMP_2012__SRS051378__bin.4.fa	/home/jshaw/scratch/2022_sketched_distance/references/SGB_genome_fastas_part1_redo/1457/HMP_2012__SRS051941__bin.40.fa	/home/jshaw/scratch/2022_sketched_distance/references/SGB_genome_fastas_part1_redo/1457/HMP_2012__SRS052604__bin.17.fa	/home/jshaw/scratch/2022_sketched_distance/references/SGB_genome_fastas_part1_redo/1457/HMP_2012__SRS053917__bin.20.fa	/home/jshaw/scratch/2022_sketched_distance/references/SGB_genome_fastas_part1_redo/1457/HMP_2012__SRS054430__bin.16.fa	/home/jshaw/scratch/2022_sketched_distance/references/SGB_genome_fastas_part1_redo/1457/HMP_2012__SRS055401__bin.15.fa	/home/jshaw/scratch/2022_sketched_distance/references/SGB_genome_fastas_part1_redo/1457/HMP_2012__SRS063603__bin.16.fa	/home/jshaw/scratch/2022_sketched_distance/references/SGB_genome_fastas_part1_redo/1457/HMP_2012__SRS064449__bin.40.fa
1.0	0.9616188138885267	0.9628306762954333	0.9641269681494741	0.9607575500616775	0.9658645576828975	0.9658143745023674	0.96906836337837	0.9654705457781093	0.96501129168943	0.9646168506520562	0.9593501391577883	0.9617152119479304	0.9633592568610793	0.9651469699765268	0.9652627865644705	0.967069861076366	0.9675340197294083	0.9653524359774249	0.9633380678492582	0.9647007686446029	0.9661743812034538	0.966026576380759	0.9621697696123069	0.9667201471393343	0.9649442513809872	0.9625596128643538	0.9652782032378966	0.9651987126222527	0.9672641751130379	0.9589390277426428	0.9646191300649261	0.9642715768137066	0.9665822675419226	0.9629401045034984
0.9616188138885267	1.0	0.965850165292829	0.9659442344557551	0.9635576602662765	0.9673640450691268	0.9675655943258372	0.9652552010087391	0.9669275036768091	0.9678797887272147	0.9668501890053687	0.9619273454429487	0.9666699971946197	0.9634035249894177	0.9671640311429761	0.9680621817274909	0.9675484543386084	0.9673187764913724	0.9677889701437287	0.9656230421042564	0.9655701364163896	0.9676051971182819	0.967025073035139	0.9633162840622821	0.9675638981858927	0.9673818902914775	0.9660601811761771	0.9673607649872541	0.9662281364346402	0.9679844126881756	0.9606776256415454	0.9654930809394004	0.9635334433799583	0.9673794436565203	0.9653272295451363
0.9628306762954333	0.965850165292829	1.0	0.9701127903383779	0.9692051689277551	0.972048056735753	0.9720203988578979	0.9665544643237935	0.9725102944582996	0.9724398619904943	0.973738398095645	0.964779596760026	0.9698253355894717	0.9681828007083929	0.9716037296183427	0.9727244817249237	0.9698595551727182	0.9704566421828354	0.969033909605607	0.9682405111606445	0.9694282419152647	0.9706242755668973	0.9685731819833936	0.9663750564161263	0.9712230703365401	0.9720741241293601	0.9693288174406091	0.9711289333761703	0.9729140293552314	0.971828700157081	0.9657945381307187	0.9718479229498515	0.964453446185919	0.9709610667824453	0.9702213848114037
0.9641269681494741	0.9659442344557551	0.9701127903383779	1.0	0.9677920419463297	0.9720808239990942	0.973152284880029	0.9686300877565845	0.9720117443470613	0.9725188766348244	0.9717566076444276	0.9642243045457434	0.9702591988745428	0.9686109931931454	0.9729258058582982	0.9712720256703185	0.9711718443995602	0.9707259004151164	0.9695708943177522	0.9685790050784858	0.9683124452635452	0.9710090993360482	0.9695029172167974	0.9674534542637946	0.9721108365917382	0.9717445836676316	0.9695282270069345	0.9703665403799056	0.9725863972557963	0.9721021784038203	0.9642994074771039	0.9721930161415064	0.9664729978986903	0.9714731667446762	0.9705610604688801
0.9607575500616775	0.9635576602662765	0.9692051689277551	0.9677920419463297	1.0	0.9706634524373755	0.9707431599150869	0.9653616674310058	0.9704348122090675	0.9707877201834862	0.9692699503572252	0.9616401684127929	0.9704692776175317	0.9651815061201194	0.969965642404724	0.9696561175178199	0.9670499548413484	0.9677710293239429	0.9658100849644584	0.9655654111571226	0.9667699527284938	0.9697834436046284	0.9660609587817753	0.9651250435306469	0.9703246088871766	0.9712904623001596	0.9654833477931732	0.9688164994706976	0.9704665734418789	0.9702480689421116	0.9622077683203407	0.970778432872919	0.9624944264046796	0.9692635144953188	0.969046436387188
0.9658645576828975	0.9673640450691268	0.972048056735753	0.9720808239990942	0.9706634524373755	1.0	0.974527612667459	0.9694654709210581	0.9737495635850976	0.9738786653538529	0.9730816187991157	0.9654578108931298	0.9709543392501694	0.9689411867695777	0.9738516627093529	0.9736062059664039	0.9711906136261468	0.9715252803766548	0.9701584547472479	0.9697990042390221	0.9699416500015011	0.9721061625595296	0.9707664718374033	0.9675899401992328	0.9738092174437692	0.973909718810573	0.969769843846866	0.9725449224724905	0.9735493354527579	0.972913743490192	0.9663517945934671	0.9734318832491335	0.9660804408494369	0.9719694477154014	0.9715108795980706
0.9658143745023674	0.9675655943258372	0.9720203988578979	0.973152284880029	0.9707431599150869	0.974527612667459	1.0	0.9698246696345042	0.9738692711312859	0.9737299917574321	0.9726248339031209	0.9654796706084594	0.9703790042112984	0.9694709982003199	0.9973324061852874	0.9742949236548025	0.9712922706233255	0.9728644435530867	0.9707672672858707	0.9705793504099925	0.96931877567181	0.972055865937939	0.9697719423666947	0.9686124552121659	0.9731713049811661	0.9743111826111711	0.9866560182163367	0.97261141495834	0.9740761668204387	0.9741119476964817	0.965544879528868	0.9732848541514435	0.9675819474368504	0.9730461991311605	0.9716137165047248
0.96906836337837	0.9652552010087391	0.9665544643237935	0.9686300877565845	0.9653616674310058	0.9694654709210581	0.9698246696345042	1.0	0.9687439394290102	0.9698273710054366	0.968074909594641	0.9637268854949718	0.9665375729422241	0.9658232175257578	0.9689798921801768	0.9694305070789039	0.9717057099233617	0.971311482997973	0.9698120855157517	0.9668164164249118	0.9677377647371931	0.9721137870673207	0.9710054383726313	0.9666177605191838	0.9694359788873647	0.9690706740476773	0.9657912867108807	0.9692474252137461	0.9696288414850373	0.9711752593648533	0.9612275284310401	0.9686845165573115	0.966516603960625	0.9704258961757141	0.9665521372646221
0.9654705457781093	0.9669275036768091	0.9725102944582996	0.9720117443470613	0.9704348122090675	0.9737495635850976	0.9738692711312859	0.9687439394290102	1.0	0.9741313487958909	0.9733313736804053	0.9658692430590283	0.9700525372519123	0.9689196312527185	0.9728116126156479	0.9736875123283224	0.9720560038356443	0.9719694477154014	0.969851972709643	0.9698282864302109	0.9705343393183189	0.972318499329579	0.970214391094839	0.9690707753875292	0.9730362883965025	0.9736097527963425	0.9699165193347882	0.9729811828489169	0.9733582997732335	0.9734508522572384	0.9654657763641719	0.9733564773458833	0.9667224535354062	0.9728431899347725	0.9723031345684717
0.96501129168943	0.9678797887272147	0.9724398619904943	0.9725188766348244	0.9707877201834862	0.9738786653538529	0.9737299917574321	0.9698273710054366	0.9741313487958909	1.0	0.9737393226408424	0.966024620503283	0.9715480568433819	0.96921136183023	0.9731785079498074	0.973546186341663	0.9714555027567903	0.9715403570618505	0.9706020525190971	0.9692206778871097	0.970351740079426	0.9738718271364971	0.9698060984542086	0.9686799905354484	0.9740403980807915	0.988674893367499	0.9696122034657783	0.9728114988369511	0.9737378906100113	0.9738889424435605	0.9660509452109994	0.973531188397662	0.9682069504780904	0.9726807421956782	0.971855668084003
0.9646168506520562	0.9668501890053687	0.973738398095645	0.9717566076444276	0.9692699503572252	0.9730816187991157	0.9726248339031209	0.968074909594641	0.9733313736804053	0.9737393226408424	1.0	0.9653872865436489	0.9711224031742178	0.9694765190684441	0.9720067077819031	0.9737159048139644	0.9718041921844687	0.9715924035877926	0.970132528817487	0.9694595461486331	0.9693805609555513	0.9717229788522432	0.9698788194659314	0.9680842220765384	0.9724991328507062	0.9740411925416305	0.9698270652908741	0.9725496164605354	0.9729355297901481	0.973813887475937	0.9809939925898367	0.9726613405795431	0.9665386319646628	0.9729959358868153	0.9719442343842032
0.9593501391577883	0.9619273454429487	0.964779596760026	0.9642243045457434	0.9616401684127929	0.9654578108931298	0.9654796706084594	0.9637268854949718	0.9658692430590283	0.966024620503283	0.9653872865436489	1.0	0.9660482439205105	0.9610329625266093	0.9650517473371328	0.9660246559643687	0.9655924978957905	0.965534851885108	0.9652226091627116	0.9657778767627849	0.9661367858598409	0.9645359744152272	0.9661714874120869	0.9633590197888601	0.9648984154657866	0.9666474367623302	0.9645980266257055	0.9656919016079503	0.9646983295943271	0.966878108991021	0.9592628277826288	0.9639279022581423	0.9628634434374483	0.9661647204766982	0.9639592928428697
0.9617152119479304	0.9666699971946197	0.9698253355894717	0.9702591988745428	0.9704692776175317	0.9709543392501694	0.9703790042112984	0.9665375729422241	0.9700525372519123	0.9715480568433819	0.9711224031742178	0.9660482439205105	1.0	0.9674728841604856	0.9698983477890969	0.9715430299087732	0.9688121286295612	0.967872788758411	0.9690923133171582	0.970112935903809	0.968793996557611	0.9693913002839952	0.9726011344810799	0.9650512432261781	0.970379531071457	0.9704105596798271	0.9692708480671284	0.9697632561883166	0.9709236244608608	0.9697285001604362	0.9666857085141456	0.9703981371316913	0.965391293146406	0.9691132757642634	0.9696551152526716
0.9633592568610793	0.9634035249894177	0.9681828007083929	0.9686109931931454	0.9651815061201194	0.9689411867695777	0.9694709982003199	0.9658232175257578	0.9689196312527185	0.96921136183023	0.9694765190684441	0.9610329625266093	0.9674728841604856	1.0	0.9690321843156349	0.9699838445987337	0.967043656007332	0.9686686241236752	0.9686493989662633	0.9673073499889779	0.9678122878235333	0.9682914474287339	0.9686364785824579	0.9652358601006902	0.9712499422100388	0.9686557219566972	0.9682001749722426	0.9700212506105793	0.9693080490251897	0.9690359452598144	0.96481992241931	0.9688817236595778	0.9645319660882129	0.9688632519891166	0.9668224236167706
0.9651469699765268	0.9671640311429761	0.9716037296183427	0.9729258058582982	0.969965642404724	0.9738516627093529	0.9973324061852874	0.9689798921801768	0.9728116126156479	0.9731785079498074	0.9720067077819031	0.9650517473371328	0.9698983477890969	0.9690321843156349	1.0	0.9735369544833651	0.9710906865311577	0.9720615763761007	0.9698808046950153	0.9700385284862095	0.9684954362514537	0.9717753825585903	0.969286416516107	0.9677923595319685	0.9729469934779498	0.9737538181037599	0.9871746597894946	0.9719223856596982	0.9736405665662039	0.973773401476805	0.9650460660291174	0.9725167669319829	0.9674162092716492	0.9727058220041898	0.9706210620225035
0.9652627865644705	0.9680621817274909	0.9727244817249237	0.9712720256703185	0.9696561175178199	0.9736062059664039	0.9742949236548025	0.9694305070789039	0.9736875123283224	0.973546186341663	0.9737159048139644	0.9660246559643687	0.9715430299087732	0.9699838445987337	0.9735369544833651	1.0	0.9701759638672738	0.9712871709616082	0.9706005869654762	0.9791479416788342	0.9701413664370131	0.9722634509105879	0.9707409099996428	0.967150149727741	0.9722475968242403	0.9737149838804917	0.9787144247697506	0.972415532366333	0.9741022037384114	0.9724936534529569	0.967192220690146	0.9734580776580438	0.9661701351325914	0.9713477436635822	0.9722688816360557
0.967069861076366	0.9675484543386084	0.9698595551727182	0.9711718443995602	0.9670499548413484	0.9711906136261468	0.9712922706233255	0.9717057099233617	0.9720560038356443	0.9714555027567903	0.9718041921844687	0.9655924978957905	0.9688121286295612	0.967043656007332	0.9710906865311577	0.9701759638672738	1.0	0.9719345771126857	0.9705717107526066	0.9680323879677966	0.9688915922331519	0.9720310627560281	0.9698077398403425	0.9689597415361082	0.9716111824030829	0.9712091278227707	0.9692107766338451	0.9714280747465439	0.9716837471315147	0.9730825314414835	0.9639144717432441	0.9705318102530217	0.9668973093639105	0.9729469934779498	0.9687685182914082
0.9675340197294083	0.9673187764913724	0.9704566421828354	0.9707259004151164	0.9677710293239429	0.9715252803766548	0.9728644435530867	0.971311482997973	0.9719694477154014	0.9715403570618505	0.9715924035877926	0.965534851885108	0.967872788758411	0.9686686241236752	0.9720615763761007	0.9712871709616082	0.9719345771126857	1.0	0.9727209042145372	0.968826327893029	0.9702457446421224	0.9732756577920002	0.9701752288559444	0.9676987347894787	0.9717219995581623	0.9715854308527879	0.9684025535896595	0.9725048561114193	0.9719379557067013	0.9734531398808765	0.9634727238430875	0.9712857490220579	0.9673059398903504	0.9725026343218339	0.969634494977143
0.9653524359774249	0.9677889701437287	0.969033909605607	0.9695708943177522	0.9658100849644584	0.9701584547472479	0.9707672672858707	0.9698120855157517	0.969851972709643	0.9706020525190971	0.970132528817487	0.9652226091627116	0.9690923133171582	0.9686493989662633	0.9698808046950153	0.9706005869654762	0.9705717107526066	0.9727209042145372	1.0	0.9676729103232072	0.9699550416120434	0.9703886004556069	0.9699910231162774	0.9673125784524851	0.9714561131726532	0.9694338065876779	0.9685293661917239	0.971753049941963	0.9705168048357408	0.9713380325935849	0.9639641454367675	0.9690875690382778	0.9656622603529965	0.9706904874893786	0.9687578462153547
0.9633380678492582	0.9656230421042564	0.9682405111606445	0.9685790050784858	0.9655654111571226	0.9697990042390221	0.9705793504099925	0.9668164164249118	0.9698282864302109	0.9692206778871097	0.9694595461486331	0.9657778767627849	0.970112935903809	0.9673073499889779	0.9700385284862095	0.9791479416788342	0.9680323879677966	0.968826327893029	0.9676729103232072	1.0	0.9679444730315969	0.9692882285699426	0.9699367651832072	0.9653592789980796	0.9695563745728066	0.9699693751046169	0.9725688492056913	0.9696019857406198	0.9700111221810862	0.9703121947637365	0.9651889949976258	0.9689161549901161	0.9665004456020403	0.9696913079047667	0.9679346668869543
0.9647007686446029	0.9655701364163896	0.9694282419152647	0.9683124452635452	0.9667699527284938	0.9699416500015011	0.96931877567181	0.9677377647371931	0.9705343393183189	0.970351740079426	0.9693805609555513	0.9661367858598409	0.968793996557611	0.9678122878235333	0.9684954362514537	0.9701413664370131	0.9688915922331519	0.9702457446421224	0.9699550416120434	0.9679444730315969	1.0	0.969505319749925	0.9689458247606628	0.9662979666083306	0.9697402665486984	0.9700179903750301	0.9682583060588643	0.9726179964844363	0.9697420657210595	0.970598896045991	0.9660004968670017	0.9689158898809703	0.9669537534644338	0.9700113193479973	0.9689708810021019
0.9661743812034538	0.9676051971182819	0.9706242755668973	0.9710090993360482	0.9697834436046284	0.9721061625595296	0.972055865937939	0.9721137870673207	0.972318499329579	0.9738718271364971	0.9717229788522432	0.9645359744152272	0.9693913002839952	0.9682914474287339	0.9717753825585903	0.9722634509105879	0.9720310627560281	0.9732756577920002	0.9703886004556069	0.9692882285699426	0.969505319749925	1.0	0.970353340381339	0.9680503661588877	0.9729800983296666	0.9735069983308312	0.9686377158229725	0.9717794208494862	0.97231374556717	0.9738560501239482	0.9643847871623638	0.9724657353268115	0.9671722132956152	0.9726276881900202	0.9699154176532091
0.966026576380759	0.967025073035139	0.9685731819833936	0.9695029172167974	0.9660609587817753	0.9707664718374033	0.9697719423666947	0.9710054383726313	0.970214391094839	0.9698060984542086	0.9698788194659314	0.9661714874120869	0.9726011344810799	0.9686364785824579	0.969286416516107	0.9707409099996428	0.9698077398403425	0.9701752288559444	0.9699910231162774	0.9699367651832072	0.9689458247606628	0.970353340381339	1.0	0.9665584605889505	0.9709052737238739	0.9702342540683742	0.9694141689312028	0.970460482372715	0.9701906801805394	0.9712893932792732	0.96542292341284	0.969124252266105	0.9674274478687644	0.9705974086380788	0.9693383114576435
0.9621697696123069	0.9633162840622821	0.9663750564161263	0.9674534542637946	0.9651250435306469	0.9675899401992328	0.9686124552121659	0.9666177605191838	0.9690707753875292	0.9686799905354484	0.9680842220765384	0.9633590197888601	0.9650512432261781	0.9652358601006902	0.9677923595319685	0.967150149727741	0.9689597415361082	0.9676987347894787	0.9673125784524851	0.9653592789980796	0.9662979666083306	0.9680503661588877	0.9665584605889505	1.0	0.9684897139456918	0.9674301151903855	0.9650537253579877	0.9676583321452661	0.9677429109678692	0.9933647731964407	0.9623868838097073	0.967814876373363	0.9640678089477352	0.9932983561216225	0.9664617533555998
0.9667201471393343	0.9675638981858927	0.9712230703365401	0.9721108365917382	0.9703246088871766	0.9738092174437692	0.9731713049811661	0.9694359788873647	0.9730362883965025	0.9740403980807915	0.9724991328507062	0.9648984154657866	0.970379531071457	0.9712499422100388	0.9729469934779498	0.9722475968242403	0.9716111824030829	0.9717219995581623	0.9714561131726532	0.9695563745728066	0.9697402665486984	0.9729800983296666	0.9709052737238739	0.9684897139456918	1.0	0.9736882061887151	0.9704876370618774	0.9728298618172487	0.9723956468290522	0.9737306672917253	0.9657872359291637	0.9728309131982305	0.9663691357032249	0.9731671582543414	0.9706069194123655
0.9649442513809872	0.9673818902914775	0.9720741241293601	0.9717445836676316	0.9712904623001596	0.973909718810573	0.9743111826111711	0.9690706740476773	0.9736097527963425	0.988674893367499	0.9740411925416305	0.9666474367623302	0.9704105596798271	0.9686557219566972	0.9737538181037599	0.9737149838804917	0.9712091278227707	0.9715854308527879	0.9694338065876779	0.9699693751046169	0.9700179903750301	0.9735069983308312	0.9702342540683742	0.9674301151903855	0.9736882061887151	1.0	0.9698231164834898	0.9721235110082836	0.9734114997675083	0.9729898812252677	0.9664639060480175	0.9729176547105334	0.9680972122392663	0.9719021081396717	0.9721995674742713
0.9625596128643538	0.9660601811761771	0.9693288174406091	0.9695282270069345	0.9654833477931732	0.969769843846866	0.9866560182163367	0.9657912867108807	0.9699165193347882	0.9696122034657783	0.9698270652908741	0.9645980266257055	0.9692708480671284	0.9682001749722426	0.9871746597894946	0.9787144247697506	0.9692107766338451	0.9684025535896595	0.9685293661917239	0.9725688492056913	0.9682583060588643	0.9686377158229725	0.9694141689312028	0.9650537253579877	0.9704876370618774	0.9698231164834898	1.0	0.9689379796463709	0.9703897038587018	0.9700482987814387	0.9662627130700407	0.9693128269276472	0.9659032387996999	0.9697228758819935	0.9684919729548728
0.9652782032378966	0.9673607649872541	0.9711289333761703	0.9703665403799056	0.9688164994706976	0.9725449224724905	0.97261141495834	0.9692474252137461	0.9729811828489169	0.9728114988369511	0.9725496164605354	0.9656919016079503	0.9697632561883166	0.9700212506105793	0.9719223856596982	0.972415532366333	0.9714280747465439	0.9725048561114193	0.971753049941963	0.9696019857406198	0.9726179964844363	0.9717794208494862	0.970460482372715	0.9676583321452661	0.9728298618172487	0.9721235110082836	0.9689379796463709	1.0	0.9717689862229987	0.9728706923338488	0.9661400539094931	0.9708646014435993	0.9662228173911095	0.9722319974336674	0.9713944133062108
0.9651987126222527	0.9662281364346402	0.9729140293552314	0.9725863972557963	0.9704665734418789	0.9735493354527579	0.9740761668204387	0.9696288414850373	0.9733582997732335	0.9737378906100113	0.9729355297901481	0.9646983295943271	0.9709236244608608	0.9693080490251897	0.9736405665662039	0.9741022037384114	0.9716837471315147	0.9719379557067013	0.9705168048357408	0.9700111221810862	0.9697420657210595	0.97231374556717	0.9701906801805394	0.9677429109678692	0.9723956468290522	0.9734114997675083	0.9703897038587018	0.9717689862229987	1.0	0.9731370771512418	0.9662951937614112	0.9736281030394284	0.9659928319299956	0.9725371428201756	0.9723982708811784
0.9672641751130379	0.9679844126881756	0.971828700157081	0.9721021784038203	0.9702480689421116	0.972913743490192	0.9741119476964817	0.9711752593648533	0.9734508522572384	0.9738889424435605	0.973813887475937	0.966878108991021	0.9697285001604362	0.9690359452598144	0.973773401476805	0.9724936534529569	0.9730825314414835	0.9734531398808765	0.9713380325935849	0.9703121947637365	0.970598896045991	0.9738560501239482	0.9712893932792732	0.9933647731964407	0.9737306672917253	0.9729898812252677	0.9700482987814387	0.9728706923338488	0.9731370771512418	1.0	0.9662796647136888	0.9728918430981274	0.96843187590956	0.9980914017624798	0.9714684175610458
0.9589390277426428	0.9606776256415454	0.9657945381307187	0.9642994074771039	0.9622077683203407	0.9663517945934671	0.965544879528868	0.9612275284310401	0.9654657763641719	0.9660509452109994	0.9809939925898367	0.9592628277826288	0.9666857085141456	0.96481992241931	0.9650460660291174	0.967192220690146	0.9639144717432441	0.9634727238430875	0.9639641454367675	0.9651889949976258	0.9660004968670017	0.9643847871623638	0.96542292341284	0.9623868838097073	0.9657872359291637	0.9664639060480175	0.9662627130700407	0.9661400539094931	0.9662951937614112	0.9662796647136888	1.0	0.9656405852523858	0.9615666828421501	0.9659399715460134	0.9652474302408184
0.9646191300649261	0.9654930809394004	0.9718479229498515	0.9721930161415064	0.970778432872919	0.9734318832491335	0.9732848541514435	0.9686845165573115	0.9733564773458833	0.973531188397662	0.9726613405795431	0.9639279022581423	0.9703981371316913	0.9688817236595778	0.9725167669319829	0.9734580776580438	0.9705318102530217	0.9712857490220579	0.9690875690382778	0.9689161549901161	0.9689158898809703	0.9724657353268115	0.969124252266105	0.967814876373363	0.9728309131982305	0.9729176547105334	0.9693128269276472	0.9708646014435993	0.9736281030394284	0.9728918430981274	0.9656405852523858	1.0	0.964819235519442	0.9717984120996005	0.9710806892147096
0.9642715768137066	0.9635334433799583	0.964453446185919	0.9664729978986903	0.9624944264046796	0.9660804408494369	0.9675819474368504	0.966516603960625	0.9667224535354062	0.9682069504780904	0.9665386319646628	0.9628634434374483	0.965391293146406	0.9645319660882129	0.9674162092716492	0.9661701351325914	0.9668973093639105	0.9673059398903504	0.9656622603529965	0.9665004456020403	0.9669537534644338	0.9671722132956152	0.9674274478687644	0.9640678089477352	0.9663691357032249	0.9680972122392663	0.9659032387996999	0.9662228173911095	0.9659928319299956	0.96843187590956	0.9615666828421501	0.964819235519442	1.0	0.967594314768453	0.964126131201252
0.9665822675419226	0.9673794436565203	0.9709610667824453	0.9714731667446762	0.9692635144953188	0.9719694477154014	0.9730461991311605	0.9704258961757141	0.9728431899347725	0.9726807421956782	0.9729959358868153	0.9661647204766982	0.9691132757642634	0.9688632519891166	0.9727058220041898	0.9713477436635822	0.9729469934779498	0.9725026343218339	0.9706904874893786	0.9696913079047667	0.9700113193479973	0.9726276881900202	0.9705974086380788	0.9932983561216225	0.9731671582543414	0.9719021081396717	0.9697228758819935	0.9722319974336674	0.9725371428201756	0.9980914017624798	0.9659399715460134	0.9717984120996005	0.967594314768453	1.0	0.9704989645377525
0.9629401045034984	0.9653272295451363	0.9702213848114037	0.9705610604688801	0.969046436387188	0.9715108795980706	0.9716137165047248	0.9665521372646221	0.9723031345684717	0.971855668084003	0.9719442343842032	0.9639592928428697	0.9696551152526716	0.9668224236167706	0.9706210620225035	0.9722688816360557	0.9687685182914082	0.969634494977143	0.9687578462153547	0.9679346668869543	0.9689708810021019	0.9699154176532091	0.9693383114576435	0.9664617533555998	0.9706069194123655	0.9721995674742713	0.9684919729548728	0.9713944133062108	0.9723982708811784	0.9714684175610458	0.9652474302408184	0.9710806892147096	0.964126131201252	0.9704989645377525	1.0
