/home/jshaw/scratch/2022_sketched_distance/references/SGB_genome_fastas_part3/4794/FengQ_2015__SID530052__bin.15.fa	/home/jshaw/scratch/2022_sketched_distance/references/SGB_genome_fastas_part3/4794/FengQ_2015__SID530251__bin.1.fa	/home/jshaw/scratch/2022_sketched_distance/references/SGB_genome_fastas_part3/4794/FengQ_2015__SID530348__bin.24.fa	/home/jshaw/scratch/2022_sketched_distance/references/SGB_genome_fastas_part3/4794/GeversD_2014__SKBSTL021__bin.40.fa	/home/jshaw/scratch/2022_sketched_distance/references/SGB_genome_fastas_part3/4794/HeQ_2017__RSZAXPI003077-109__bin.4.fa	/home/jshaw/scratch/2022_sketched_distance/references/SGB_genome_fastas_part3/4794/HeQ_2017__RSZAXPI003094-125__bin.8.fa	/home/jshaw/scratch/2022_sketched_distance/references/SGB_genome_fastas_part3/4794/HeQ_2017__SZAXPI029501-104__bin.40.fa	/home/jshaw/scratch/2022_sketched_distance/references/SGB_genome_fastas_part3/4794/HeQ_2017__SZAXPI029550-158__bin.18.fa	/home/jshaw/scratch/2022_sketched_distance/references/SGB_genome_fastas_part3/4794/HeQ_2017__SZAXPI029574-89__bin.31.fa	/home/jshaw/scratch/2022_sketched_distance/references/SGB_genome_fastas_part3/4794/HMP_2012__SRS018313__bin.4.fa	/home/jshaw/scratch/2022_sketched_distance/references/SGB_genome_fastas_part3/4794/LiJ_2014__V1.CD12-3__bin.28.fa	/home/jshaw/scratch/2022_sketched_distance/references/SGB_genome_fastas_part3/4794/LiJ_2014__V1.CD4-0-PT__bin.9.fa	/home/jshaw/scratch/2022_sketched_distance/references/SGB_genome_fastas_part3/4794/LiJ_2014__V1.CD48-0__bin.54.fa	/home/jshaw/scratch/2022_sketched_distance/references/SGB_genome_fastas_part3/4794/LiJ_2014__V1.FI21__bin.4.fa	/home/jshaw/scratch/2022_sketched_distance/references/SGB_genome_fastas_part3/4794/LiJ_2014__V1.FI23__bin.28.fa	/home/jshaw/scratch/2022_sketched_distance/references/SGB_genome_fastas_part3/4794/LiJ_2014__V1.FI24__bin.86.fa	/home/jshaw/scratch/2022_sketched_distance/references/SGB_genome_fastas_part3/4794/LiJ_2014__V1.UC38-4__bin.13.fa	/home/jshaw/scratch/2022_sketched_distance/references/SGB_genome_fastas_part3/4794/LoombaR_2017__SID0011_vkb__bin.5.fa	/home/jshaw/scratch/2022_sketched_distance/references/SGB_genome_fastas_part3/4794/LoombaR_2017__SID5395_kej__bin.17.fa	/home/jshaw/scratch/2022_sketched_distance/references/SGB_genome_fastas_part3/4794/NielsenHB_2014__V1_CD17_4__bin.53.fa	/home/jshaw/scratch/2022_sketched_distance/references/SGB_genome_fastas_part3/4794/NielsenHB_2014__V1_CD20_4__bin.1.fa	/home/jshaw/scratch/2022_sketched_distance/references/SGB_genome_fastas_part3/4794/NielsenHB_2014__V1_CD21_0__bin.16.fa	/home/jshaw/scratch/2022_sketched_distance/references/SGB_genome_fastas_part3/4794/QinJ_2012__CON-065__bin.27.fa	/home/jshaw/scratch/2022_sketched_distance/references/SGB_genome_fastas_part3/4794/QinJ_2012__CON-069__bin.17.fa	/home/jshaw/scratch/2022_sketched_distance/references/SGB_genome_fastas_part3/4794/QinJ_2012__DLF012__bin.21.fa	/home/jshaw/scratch/2022_sketched_distance/references/SGB_genome_fastas_part3/4794/QinJ_2012__NLM027__bin.42.fa	/home/jshaw/scratch/2022_sketched_distance/references/SGB_genome_fastas_part3/4794/QinJ_2012__NOM002__bin.26.fa	/home/jshaw/scratch/2022_sketched_distance/references/SGB_genome_fastas_part3/4794/QinJ_2012__T2D-068__bin.53.fa	/home/jshaw/scratch/2022_sketched_distance/references/SGB_genome_fastas_part3/4794/VincentC_2016__MM058.2__bin.3.fa	/home/jshaw/scratch/2022_sketched_distance/references/SGB_genome_fastas_part3/4794/VogtmannE_2016__MMRS42780924ST-27-0-0__bin.19.fa	/home/jshaw/scratch/2022_sketched_distance/references/SGB_genome_fastas_part3/4794/XieH_2016__YSZC12003_36389__bin.13.fa	/home/jshaw/scratch/2022_sketched_distance/references/SGB_genome_fastas_part3/4794/YuJ_2015__SZAXPI003437-3__bin.1.fa	/home/jshaw/scratch/2022_sketched_distance/references/SGB_genome_fastas_part3/4794/YuJ_2015__SZAXPI017455-21__bin.57.fa	/home/jshaw/scratch/2022_sketched_distance/references/SGB_genome_fastas_part3/4794/ZellerG_2014__CCIS44743950ST-4-0__bin.36.fa
1.0	0.9716774903281585	0.9602140680263528	0.9693540694388817	0.9776449763379332	0.9739887244456893	0.9751577017738648	0.9691785978467365	0.9694773390938022	0.9572775707559658	0.960222832222124	0.9753171717730446	0.9693911485535284	0.9683368532177792	0.9711555349478521	0.9704622029814836	0.976072955624603	0.9711803208358991	0.9787263719349719	0.9726021933718023	0.9759015086999634	0.9696837969488091	0.9745859417614359	0.9711138963467583	0.9683579510721243	0.9723054652768541	0.9569845987112215	0.9752314775408776	0.974383464262096	0.9705202752487646	0.9714200963067342	0.9727175441672349	0.982892856921008	0.9742333637847052
0.9716774903281585	1.0	0.9804153509974958	0.985641227293407	0.9665928034845597	0.9820069974644418	0.984941817412974	0.975410399038343	0.9874560937856087	0.9668449442691595	0.9831053985477352	0.9820846078882274	0.9799505225436497	0.9794401907147573	0.9821559640499722	0.9808291546096267	0.9830302141430899	0.9819951541282108	0.9723394129536022	0.9787607948802068	0.9832723575587837	0.9821098413070289	0.9618506618883095	0.9789010584310681	0.9780821082408357	0.9791363822361966	0.9710032440000629	0.9846477051425181	0.9841361183331654	0.9779693202321862	0.9822652289103391	0.9579773783384438	0.9823854801867802	0.9829272141079792
0.9602140680263528	0.9804153509974958	1.0	0.9781598120111572	0.941459931653005	0.9743313719696338	0.9782330249185313	0.9719682395247202	0.9820974442171938	0.9639883862050945	0.9800771006265598	0.9756294307184528	0.9746830875905748	0.9710812098047403	0.9738224244784689	0.9711629288506081	0.9734583673994553	0.9732486615632395	0.96195990881019	0.9742388519199451	0.9756225495571136	0.975077626085896	0.9447359036826234	0.9760103880007597	0.9777096147611981	0.9760068999868896	0.9688811044561345	0.9761943269558135	0.976840799962747	0.9742458209908041	0.974371198188937	0.9322553507309688	0.9782252890502173	0.9762347479568563
0.9693540694388817	0.985641227293407	0.9781598120111572	1.0	0.9696993656613828	0.9847015569005275	0.986015265485362	0.9765686818204808	0.9862024677215315	0.9677307751015064	0.9827454390028616	0.983469172442508	0.9832394258739221	0.9800637376504416	0.9827433263719525	0.9793588208468449	0.983649742835151	0.9832662808943714	0.9752468377357358	0.9790492757900949	0.984965327393108	0.9821809507985145	0.9633593240494642	0.9791911635460646	0.976496729144601	0.9794435015364605	0.9688781035851781	0.9825828668280748	0.9856220984248034	0.978447557349848	0.9813594833677325	0.9599185718248741	0.9815122514442389	0.9848148422349083
0.9776449763379332	0.9665928034845597	0.941459931653005	0.9696993656613828	1.0	0.9738614433552637	0.9766370646965904	0.9666324575922306	0.9645886248854828	0.9551645690748817	0.951977328074417	0.9770379356566069	0.9738772149038932	0.9682165751345039	0.9708818554103283	0.9701110863018624	0.9772856274064573	0.9715502885353202	0.9824023675023001	0.9706610371732549	0.9770380812679422	0.9710840634943783	0.9818846821143863	0.9685661093709586	0.967515198674834	0.969942745764203	0.9543609892973166	0.9780645074560087	0.9758277864499973	0.9688293646242229	0.9706968890766626	0.9832443033507566	0.9724715925124572	0.9768387604224563
0.9739887244456893	0.9820069974644418	0.9743313719696338	0.9847015569005275	0.9738614433552637	1.0	0.9873708901179487	0.9788398160572692	0.9835149305469458	0.9694400121132977	0.9796733384682778	0.9851164960295693	0.9829859788894639	0.981231615427135	0.984380539585434	0.9809713994359973	0.9849907188257454	0.9838915558407811	0.9803796550923095	0.9804010117122043	0.9865596950023879	0.9836567776983505	0.9694829234932422	0.9809002527691245	0.9783593188668998	0.9801046424974909	0.9694461958256197	0.9837566653823389	0.9866748262561577	0.9803192723727633	0.9827292281568518	0.9671940229623696	0.9832832403620588	0.9843424868110285
0.9751577017738648	0.984941817412974	0.9782330249185313	0.986015265485362	0.9766370646965904	0.9873708901179487	1.0	0.9815881819624117	0.9866508449879405	0.9718926258006735	0.9815458952983982	0.9881504925652873	0.985876826379068	0.9837696847385691	0.9862403075514414	0.9835951064076275	0.9875086823744746	0.9860725297657924	0.9819121063273384	0.9830072629798033	0.987457749311613	0.9857416205516327	0.9724392391083068	0.9835809797008741	0.9828507297855746	0.9832773876484314	0.9719116503162343	0.9871785294984247	0.9895163038030543	0.9831578241050943	0.9848128714056328	0.9705134722008012	0.9850452106008992	0.9868658796312606
0.9691785978467365	0.975410399038343	0.9719682395247202	0.9765686818204808	0.9666324575922306	0.9788398160572692	0.9815881819624117	1.0	0.9770102622243189	0.9832842419188037	0.9724075218468676	0.9799062097159571	0.9764786269379709	0.9738222588712258	0.9783090145706338	0.9792779087836732	0.9783060866328241	0.9785137344481214	0.9736036903181002	0.9934085856314683	0.9788930419794195	0.977184411281355	0.9820661635612475	0.9939980633819906	0.9727539375975036	0.9925495554691963	0.9811942899830108	0.9784732682300049	0.9808526916057966	0.9926112919111455	0.9758397239723658	0.9785374677320123	0.9780788517788692	0.9791012104408997
0.9694773390938022	0.9874560937856087	0.9820974442171938	0.9862024677215315	0.9645886248854828	0.9835149305469458	0.9866508449879405	0.9770102622243189	1.0	0.9682152062067717	0.9831640274779598	0.9831807509800793	0.9816009699087636	0.9801022408332398	0.9825800363581575	0.979039242488035	0.9825133218934877	0.9821308153567276	0.9736391541301413	0.9783092747867457	0.983294202146834	0.9826886353615832	0.9598777412302271	0.9794934659189976	0.9787437095370757	0.9791886281173035	0.9710407021315897	0.9832092856185348	0.9847345310468449	0.9785153924881764	0.9805477882570949	0.9559736406302471	0.9817668390414417	0.9829971697072888
0.9572775707559658	0.9668449442691595	0.9639883862050945	0.9677307751015064	0.9551645690748817	0.9694400121132977	0.9718926258006735	0.9832842419188037	0.9682152062067717	1.0	0.9638328118576179	0.9693630299242814	0.9672248425473347	0.9650890763744429	0.9690487043740389	0.9697871949393443	0.9680912972502443	0.9695326384611279	0.9623167809779976	0.9843347996918277	0.9692465383008739	0.9683194948867386	0.9703707640903264	0.9854763868420482	0.9641340013583187	0.9833145501770602	0.9729365032836131	0.9689984721854947	0.9711755504414513	0.984452505684359	0.9665422826554262	0.9673319835363253	0.96864661197326	0.9690274751898263
0.960222832222124	0.9831053985477352	0.9800771006265598	0.9827454390028616	0.951977328074417	0.9796733384682778	0.9815458952983982	0.9724075218468676	0.9831640274779598	0.9638328118576179	1.0	0.9800761626906496	0.9787117835415395	0.9769014423325114	0.9783450914990591	0.9756513367813057	0.9774959842416331	0.9776906276120271	0.9679639093497802	0.9742945569705093	0.9802258502699439	0.9785462785724182	0.9501852451486905	0.9754345429773834	0.9792917637402744	0.9748487901674086	0.9686928423091866	0.9768562846314617	0.9814747842882628	0.9741801444251308	0.9798757053375913	0.943545713588224	0.977666892510471	0.9793550838076706
0.9753171717730446	0.9820846078882274	0.9756294307184528	0.983469172442508	0.9770379356566069	0.9851164960295693	0.9881504925652873	0.9799062097159571	0.9831807509800793	0.9693630299242814	0.9800761626906496	1.0	0.9835610691284954	0.9828906717176408	0.9840336921419509	0.9826338539116334	0.9859209668305782	0.9840279281697416	0.9850458395059217	0.9812709417170791	0.9869012954182051	0.9850906012765686	0.9728343164528264	0.9815793456734991	0.9800478644866937	0.981273190025916	0.9695776167978128	0.9860556178370774	0.9881131760811049	0.9811613708359496	0.9855335843610552	0.970734360941388	0.9837672290637324	0.985727405897188
0.9693911485535284	0.9799505225436497	0.9746830875905748	0.9832394258739221	0.9738772149038932	0.9829859788894639	0.985876826379068	0.9764786269379709	0.9816009699087636	0.9672248425473347	0.9787117835415395	0.9835610691284954	1.0	0.9800028418247781	0.9823730026244839	0.9789848584668845	0.9822453810246546	0.9819698042711913	0.9761398434955266	0.9778652305230737	0.9834725113082382	0.9837246982759582	0.9659657998957819	0.9783412283535351	0.9793390114035897	0.9779247884476806	0.9669494271776626	0.9821800403574777	0.9844166943344944	0.9782895588697152	0.9803043268688184	0.9634643296870594	0.9813993550055071	0.9844404576822342
0.9683368532177792	0.9794401907147573	0.9710812098047403	0.9800637376504416	0.9682165751345039	0.981231615427135	0.9837696847385691	0.9738222588712258	0.9801022408332398	0.9650890763744429	0.9769014423325114	0.9828906717176408	0.9800028418247781	1.0	0.9808977861901322	0.9778058225957046	0.9811104276092012	0.9796914450525249	0.9737792346403336	0.9760005156565762	0.9816167282886789	0.9807549703962493	0.9630580869757123	0.9764643600259068	0.9758990905113464	0.97572438907029	0.967190402202667	0.9797328286275476	0.9828163789352026	0.9757454398775941	0.9808739883069317	0.9596469265648752	0.9787353066810552	0.9813064495932701
0.9711555349478521	0.9821559640499722	0.9738224244784689	0.9827433263719525	0.9708818554103283	0.984380539585434	0.9862403075514414	0.9783090145706338	0.9825800363581575	0.9690487043740389	0.9783450914990591	0.9840336921419509	0.9823730026244839	0.9808977861901322	1.0	0.9807840351420963	0.9831799124075453	0.9836346676235751	0.9769583483156798	0.9794371082018195	0.9841329926998663	0.9847010406394415	0.9666998270572412	0.9802942042704392	0.9792964548181919	0.9790804182331743	0.9690637533081702	0.9829414448748589	0.9863503901459875	0.9798329339946051	0.9809711586457515	0.9642472576079972	0.9816542639474165	0.9829766561414085
0.9704622029814836	0.9808291546096267	0.9711629288506081	0.9793588208468449	0.9701110863018624	0.9809713994359973	0.9835951064076275	0.9792779087836732	0.979039242488035	0.9697871949393443	0.9756513367813057	0.9826338539116334	0.9789848584668845	0.9778058225957046	0.9807840351420963	1.0	0.9824065846690206	0.9809239965852915	0.9753249928088267	0.9817219763719436	0.9832838609062482	0.979837834222763	0.9689089144004053	0.9816366051048893	0.9768269984254891	0.9808617124575788	0.9709339421172881	0.9823127442460051	0.9830053620011223	0.9813330553611639	0.9806824688955723	0.9669797626254515	0.9805591718240124	0.9822639863644711
0.976072955624603	0.9830302141430899	0.9734583673994553	0.983649742835151	0.9772856274064573	0.9849907188257454	0.9875086823744746	0.9783060866328241	0.9825133218934877	0.9680912972502443	0.9774959842416331	0.9859209668305782	0.9822453810246546	0.9811104276092012	0.9831799124075453	0.9824065846690206	1.0	0.9836922866656749	0.9820212271699743	0.9815882060456257	0.9872562889419131	0.9833036952546551	0.9733436964230414	0.9806233581495432	0.9793352744646674	0.9807234436671516	0.9695901604416082	0.9862267108630797	0.9859900576614157	0.9801663600064164	0.9847007417204051	0.9706963555980438	0.9829574661856283	0.9852441964187109
0.9711803208358991	0.9819951541282108	0.9732486615632395	0.9832662808943714	0.9715502885353202	0.9838915558407811	0.9860725297657924	0.9785137344481214	0.9821308153567276	0.9695326384611279	0.9776906276120271	0.9840279281697416	0.9819698042711913	0.9796914450525249	0.9836346676235751	0.9809239965852915	0.9836922866656749	1.0	0.9773800864508939	0.979936637510823	0.9842910735332441	0.9833805088689614	0.9677450058082522	0.9806295907663621	0.9773729421580131	0.97986490147807	0.9694998750389123	0.9832634715283882	0.9877711771743932	0.9800266343713161	0.9809047380346404	0.9651140925969204	0.9815079233724416	0.9839379191016286
0.9787263719349719	0.9723394129536022	0.96195990881019	0.9752468377357358	0.9824023675023001	0.9803796550923095	0.9819121063273384	0.9736036903181002	0.9736391541301413	0.9623167809779976	0.9679639093497802	0.9850458395059217	0.9761398434955266	0.9737792346403336	0.9769583483156798	0.9753249928088267	0.9820212271699743	0.9773800864508939	1.0	0.9760158323788322	0.98103554798261	0.9774728174989279	0.9770946533493623	0.9753448014202096	0.9740364968652722	0.9759024366466931	0.9615326336071545	0.9804515307693341	0.9816536780480386	0.9752086072027325	0.9786759923942733	0.9763176060498104	0.9755804077119109	0.9790860620650247
0.9726021933718023	0.9787607948802068	0.9742388519199451	0.9790492757900949	0.9706610371732549	0.9804010117122043	0.9830072629798033	0.9934085856314683	0.9783092747867457	0.9843347996918277	0.9742945569705093	0.9812709417170791	0.9778652305230737	0.9760005156565762	0.9794371082018195	0.9817219763719436	0.9815882060456257	0.979936637510823	0.9760158323788322	1.0	0.9819467741242822	0.9785838423131387	0.9854120836310842	0.9955820439855858	0.9748000127898883	0.994664337152967	0.9833403278932811	0.9815304221516427	0.9825926089229836	0.9945005160899874	0.9788384522170407	0.983338133026251	0.9806923309604271	0.9811944388290063
0.9759015086999634	0.9832723575587837	0.9756225495571136	0.984965327393108	0.9770380812679422	0.9865596950023879	0.987457749311613	0.9788930419794195	0.983294202146834	0.9692465383008739	0.9802258502699439	0.9869012954182051	0.9834725113082382	0.9816167282886789	0.9841329926998663	0.9832838609062482	0.9872562889419131	0.9842910735332441	0.98103554798261	0.9819467741242822	1.0	0.9833232930553669	0.9718492663045482	0.9813697098227909	0.9805349012138366	0.9812076451862098	0.9717363583426862	0.98643661634132	0.9878330228792911	0.9808121311502155	0.9851197482871512	0.9702863140244726	0.9842417610474803	0.9864109659983598
0.9696837969488091	0.9821098413070289	0.975077626085896	0.9821809507985145	0.9710840634943783	0.9836567776983505	0.9857416205516327	0.977184411281355	0.9826886353615832	0.9683194948867386	0.9785462785724182	0.9850906012765686	0.9837246982759582	0.9807549703962493	0.9847010406394415	0.979837834222763	0.9833036952546551	0.9833805088689614	0.9774728174989279	0.9785838423131387	0.9833232930553669	1.0	0.9671325792906712	0.9794552170894077	0.9788272620243612	0.9785978266889949	0.9682708868838611	0.983358838847911	0.985944445222684	0.9787244239746109	0.9816218687134093	0.9646758529314313	0.9816421656699837	0.9836004903821459
0.9745859417614359	0.9618506618883095	0.9447359036826234	0.9633593240494642	0.9818846821143863	0.9694829234932422	0.9724392391083068	0.9820661635612475	0.9598777412302271	0.9703707640903264	0.9501852451486905	0.9728343164528264	0.9659657998957819	0.9630580869757123	0.9666998270572412	0.9689089144004053	0.9733436964230414	0.9677450058082522	0.9770946533493623	0.9854120836310842	0.9718492663045482	0.9671325792906712	1.0	0.9830834880564789	0.9636764308765349	0.9825934490423118	0.9663572625336192	0.9722475968242403	0.9719254140968716	0.9823831420727172	0.9663393729914476	0.9951292787589329	0.9699760505034476	0.9701435853006922
0.9711138963467583	0.9789010584310681	0.9760103880007597	0.9791911635460646	0.9685661093709586	0.9809002527691245	0.9835809797008741	0.9939980633819906	0.9794934659189976	0.9854763868420482	0.9754345429773834	0.9815793456734991	0.9783412283535351	0.9764643600259068	0.9802942042704392	0.9816366051048893	0.9806233581495432	0.9806295907663621	0.9753448014202096	0.9955820439855858	0.9813697098227909	0.9794552170894077	0.9830834880564789	1.0	0.9762022231119243	0.9945085794438656	0.9846541203593933	0.9806813148997454	0.9828268019243097	0.9945786720273063	0.9786563886840833	0.9811335724214458	0.9806737624332442	0.9815225028301672
0.9683579510721243	0.9780821082408357	0.9777096147611981	0.976496729144601	0.967515198674834	0.9783593188668998	0.9828507297855746	0.9727539375975036	0.9787437095370757	0.9641340013583187	0.9792917637402744	0.9800478644866937	0.9793390114035897	0.9758990905113464	0.9792964548181919	0.9768269984254891	0.9793352744646674	0.9773729421580131	0.9740364968652722	0.9748000127898883	0.9805349012138366	0.9788272620243612	0.9636764308765349	0.9762022231119243	1.0	0.9764773453539535	0.9672691371024511	0.9807379232008088	0.9820238916916071	0.9748935874265684	0.9780097302847025	0.96129454823017	0.9795232430119848	0.979601858177265
0.9723054652768541	0.9791363822361966	0.9760068999868896	0.9794435015364605	0.969942745764203	0.9801046424974909	0.9832773876484314	0.9925495554691963	0.9791886281173035	0.9833145501770602	0.9748487901674086	0.981273190025916	0.9779247884476806	0.97572438907029	0.9790804182331743	0.9808617124575788	0.9807234436671516	0.97986490147807	0.9759024366466931	0.994664337152967	0.9812076451862098	0.9785978266889949	0.9825934490423118	0.9945085794438656	0.9764773453539535	1.0	0.9830898431819288	0.9807869035879785	0.9823554621035704	0.9933843768551446	0.9784705609027546	0.9818077123821344	0.9806693990650159	0.9810640533213524
0.9569845987112215	0.9710032440000629	0.9688811044561345	0.9688781035851781	0.9543609892973166	0.9694461958256197	0.9719116503162343	0.9811942899830108	0.9710407021315897	0.9729365032836131	0.9686928423091866	0.9695776167978128	0.9669494271776626	0.967190402202667	0.9690637533081702	0.9709339421172881	0.9695901604416082	0.9694998750389123	0.9615326336071545	0.9833403278932811	0.9717363583426862	0.9682708868838611	0.9663572625336192	0.9846541203593933	0.9672691371024511	0.9830898431819288	1.0	0.9711802245936083	0.970968425422282	0.9825722464840542	0.9697030118576693	0.9642664705491837	0.9702555774055187	0.9723284114248584
0.9752314775408776	0.9846477051425181	0.9761943269558135	0.9825828668280748	0.9780645074560087	0.9837566653823389	0.9871785294984247	0.9784732682300049	0.9832092856185348	0.9689984721854947	0.9768562846314617	0.9860556178370774	0.9821800403574777	0.9797328286275476	0.9829414448748589	0.9823127442460051	0.9862267108630797	0.9832634715283882	0.9804515307693341	0.9815304221516427	0.98643661634132	0.983358838847911	0.9722475968242403	0.9806813148997454	0.9807379232008088	0.9807869035879785	0.9711802245936083	1.0	0.987019413854958	0.980688663882487	0.981970184754416	0.9714532928068781	0.9843166676851417	0.985597620420375
0.974383464262096	0.9841361183331654	0.976840799962747	0.9856220984248034	0.9758277864499973	0.9866748262561577	0.9895163038030543	0.9808526916057966	0.9847345310468449	0.9711755504414513	0.9814747842882628	0.9881131760811049	0.9844166943344944	0.9828163789352026	0.9863503901459875	0.9830053620011223	0.9859900576614157	0.9877711771743932	0.9816536780480386	0.9825926089229836	0.9878330228792911	0.985944445222684	0.9719254140968716	0.9828268019243097	0.9820238916916071	0.9823554621035704	0.970968425422282	0.987019413854958	1.0	0.982543367874996	0.9840982032151387	0.9699076674619609	0.9845320657387292	0.9860076481834862
0.9705202752487646	0.9779693202321862	0.9742458209908041	0.978447557349848	0.9688293646242229	0.9803192723727633	0.9831578241050943	0.9926112919111455	0.9785153924881764	0.984452505684359	0.9741801444251308	0.9811613708359496	0.9782895588697152	0.9757454398775941	0.9798329339946051	0.9813330553611639	0.9801663600064164	0.9800266343713161	0.9752086072027325	0.9945005160899874	0.9808121311502155	0.9787244239746109	0.9823831420727172	0.9945786720273063	0.9748935874265684	0.9933843768551446	0.9825722464840542	0.980688663882487	0.982543367874996	1.0	0.9776530570669647	0.9802220310617666	0.9801737013052253	0.9806134968042619
0.9714200963067342	0.9822652289103391	0.974371198188937	0.9813594833677325	0.9706968890766626	0.9827292281568518	0.9848128714056328	0.9758397239723658	0.9805477882570949	0.9665422826554262	0.9798757053375913	0.9855335843610552	0.9803043268688184	0.9808739883069317	0.9809711586457515	0.9806824688955723	0.9847007417204051	0.9809047380346404	0.9786759923942733	0.9788384522170407	0.9851197482871512	0.9816218687134093	0.9663393729914476	0.9786563886840833	0.9780097302847025	0.9784705609027546	0.9697030118576693	0.981970184754416	0.9840982032151387	0.9776530570669647	1.0	0.9635696937091631	0.980370795305933	0.9839949487510511
0.9727175441672349	0.9579773783384438	0.9322553507309688	0.9599185718248741	0.9832443033507566	0.9671940229623696	0.9705134722008012	0.9785374677320123	0.9559736406302471	0.9673319835363253	0.943545713588224	0.970734360941388	0.9634643296870594	0.9596469265648752	0.9642472576079972	0.9669797626254515	0.9706963555980438	0.9651140925969204	0.9763176060498104	0.983338133026251	0.9702863140244726	0.9646758529314313	0.9951292787589329	0.9811335724214458	0.96129454823017	0.9818077123821344	0.9642664705491837	0.9714532928068781	0.9699076674619609	0.9802220310617666	0.9635696937091631	1.0	0.9668758062883244	0.9686348397900936
0.982892856921008	0.9823854801867802	0.9782252890502173	0.9815122514442389	0.9724715925124572	0.9832832403620588	0.9850452106008992	0.9780788517788692	0.9817668390414417	0.96864661197326	0.977666892510471	0.9837672290637324	0.9813993550055071	0.9787353066810552	0.9816542639474165	0.9805591718240124	0.9829574661856283	0.9815079233724416	0.9755804077119109	0.9806923309604271	0.9842417610474803	0.9816421656699837	0.9699760505034476	0.9806737624332442	0.9795232430119848	0.9806693990650159	0.9702555774055187	0.9843166676851417	0.9845320657387292	0.9801737013052253	0.980370795305933	0.9668758062883244	1.0	0.9839504337257216
0.9742333637847052	0.9829272141079792	0.9762347479568563	0.9848148422349083	0.9768387604224563	0.9843424868110285	0.9868658796312606	0.9791012104408997	0.9829971697072888	0.9690274751898263	0.9793550838076706	0.985727405897188	0.9844404576822342	0.9813064495932701	0.9829766561414085	0.9822639863644711	0.9852441964187109	0.9839379191016286	0.9790860620650247	0.9811944388290063	0.9864109659983598	0.9836004903821459	0.9701435853006922	0.9815225028301672	0.979601858177265	0.9810640533213524	0.9723284114248584	0.985597620420375	0.9860076481834862	0.9806134968042619	0.9839949487510511	0.9686348397900936	0.9839504337257216	1.0
