/home/jshaw/scratch/2022_sketched_distance/references/SGB_genome_fastas_part4/9674/BackhedF_2015__SID105_12M__bin.7.fa	/home/jshaw/scratch/2022_sketched_distance/references/SGB_genome_fastas_part4/9674/BackhedF_2015__SID137_12M__bin.3.fa	/home/jshaw/scratch/2022_sketched_distance/references/SGB_genome_fastas_part4/9674/BackhedF_2015__SID229_12M__bin.32.fa	/home/jshaw/scratch/2022_sketched_distance/references/SGB_genome_fastas_part4/9674/BackhedF_2015__SID258_4M__bin.3.fa	/home/jshaw/scratch/2022_sketched_distance/references/SGB_genome_fastas_part4/9674/BackhedF_2015__SID590_12M__bin.25.fa	/home/jshaw/scratch/2022_sketched_distance/references/SGB_genome_fastas_part4/9674/Bengtsson-PalmeJ_2015__TRAVELRES20__bin.51.fa	/home/jshaw/scratch/2022_sketched_distance/references/SGB_genome_fastas_part4/9674/Bengtsson-PalmeJ_2015__TRAVELRES26__bin.37.fa	/home/jshaw/scratch/2022_sketched_distance/references/SGB_genome_fastas_part4/9674/BritoIL_2016__M1.52.SA__bin.8.fa	/home/jshaw/scratch/2022_sketched_distance/references/SGB_genome_fastas_part4/9674/CM_cf__CF_TNFC040IS_t3M15__bin.16.fa	/home/jshaw/scratch/2022_sketched_distance/references/SGB_genome_fastas_part4/9674/CM_cf__CF_TNFC046IS_t2M15__bin.37.fa	/home/jshaw/scratch/2022_sketched_distance/references/SGB_genome_fastas_part4/9674/FerrettiP_2018__CA_C10020MS2331SA_t0M15__bin.5.fa	/home/jshaw/scratch/2022_sketched_distance/references/SGB_genome_fastas_part4/9674/FerrettiP_2018__CA_C10032IS2555FE_t3M15__bin.1.fa	/home/jshaw/scratch/2022_sketched_distance/references/SGB_genome_fastas_part4/9674/FerrettiP_2018__CA_C10032MS2543SA_t0M15__bin.10.fa	/home/jshaw/scratch/2022_sketched_distance/references/SGB_genome_fastas_part4/9674/GeversD_2014__SKBSTL007__bin.13.fa	/home/jshaw/scratch/2022_sketched_distance/references/SGB_genome_fastas_part4/9674/HMP_2012__SRS013164__bin.42.fa	/home/jshaw/scratch/2022_sketched_distance/references/SGB_genome_fastas_part4/9674/HMP_2012__SRS014271__bin.71.fa	/home/jshaw/scratch/2022_sketched_distance/references/SGB_genome_fastas_part4/9674/HMP_2012__SRS015434__bin.27.fa	/home/jshaw/scratch/2022_sketched_distance/references/SGB_genome_fastas_part4/9674/HMP_2012__SRS015644__bin.21.fa	/home/jshaw/scratch/2022_sketched_distance/references/SGB_genome_fastas_part4/9674/HMP_2012__SRS015762__bin.61.fa	/home/jshaw/scratch/2022_sketched_distance/references/SGB_genome_fastas_part4/9674/HMP_2012__SRS017007__bin.56.fa	/home/jshaw/scratch/2022_sketched_distance/references/SGB_genome_fastas_part4/9674/HMP_2012__SRS017209__bin.5.fa	/home/jshaw/scratch/2022_sketched_distance/references/SGB_genome_fastas_part4/9674/HMP_2012__SRS017533__bin.17.fa	/home/jshaw/scratch/2022_sketched_distance/references/SGB_genome_fastas_part4/9674/HMP_2012__SRS018145__bin.22.fa	/home/jshaw/scratch/2022_sketched_distance/references/SGB_genome_fastas_part4/9674/HMP_2012__SRS019071__bin.32.fa	/home/jshaw/scratch/2022_sketched_distance/references/SGB_genome_fastas_part4/9674/HMP_2012__SRS021496__bin.46.fa	/home/jshaw/scratch/2022_sketched_distance/references/SGB_genome_fastas_part4/9674/HMP_2012__SRS022077__bin.86.fa	/home/jshaw/scratch/2022_sketched_distance/references/SGB_genome_fastas_part4/9674/HMP_2012__SRS022530__bin.39.fa	/home/jshaw/scratch/2022_sketched_distance/references/SGB_genome_fastas_part4/9674/HMP_2012__SRS023958__bin.3.fa	/home/jshaw/scratch/2022_sketched_distance/references/SGB_genome_fastas_part4/9674/HMP_2012__SRS024081__bin.63.fa	/home/jshaw/scratch/2022_sketched_distance/references/SGB_genome_fastas_part4/9674/HMP_2012__SRS042131__bin.5.fa	/home/jshaw/scratch/2022_sketched_distance/references/SGB_genome_fastas_part4/9674/HMP_2012__SRS047824__bin.17.fa	/home/jshaw/scratch/2022_sketched_distance/references/SGB_genome_fastas_part4/9674/HMP_2012__SRS055495__bin.3.fa	/home/jshaw/scratch/2022_sketched_distance/references/SGB_genome_fastas_part4/9674/HMP_2012__SRS057205__bin.78.fa	/home/jshaw/scratch/2022_sketched_distance/references/SGB_genome_fastas_part4/9674/HMP_2012__SRS057692__bin.21.fa	/home/jshaw/scratch/2022_sketched_distance/references/SGB_genome_fastas_part4/9674/HMP_2012__SRS063288__bin.42.fa	/home/jshaw/scratch/2022_sketched_distance/references/SGB_genome_fastas_part4/9674/HMP_2012__SRS064329__bin.38.fa	/home/jshaw/scratch/2022_sketched_distance/references/SGB_genome_fastas_part4/9674/HMP_2012__SRS075404__bin.10.fa	/home/jshaw/scratch/2022_sketched_distance/references/SGB_genome_fastas_part4/9674/NielsenHB_2014__V1_UC3_2__bin.8.fa	/home/jshaw/scratch/2022_sketched_distance/references/SGB_genome_fastas_part4/9674/VatanenT_2016__G80511__bin.8.fa	/home/jshaw/scratch/2022_sketched_distance/references/SGB_genome_fastas_part4/9674/ZeeviD_2015__PNP_Main_42__bin.67.fa
1.0	0.9610134670027759	0.9811125505850892	0.9687023982681646	0.985328944982749	0.9627434688678722	0.9608301601476105	0.9574130858237416	0.9704427898609163	0.9671052977164293	0.9677587590816191	0.970678149438969	0.9667939137303408	0.9904214953915712	0.9659567424899633	0.9603608629244109	0.9659245735058999	0.9668553442517105	0.9572804036652548	0.965670142866793	0.9649296598695185	0.9610784797825481	0.9668759340112919	0.9646696305161978	0.9658489686568735	0.964646319101159	0.9681294490978468	0.9674216551607526	0.9657106842958716	0.9669253459392694	0.9669545416719442	0.9662937902265545	0.9646497175610592	0.9662604436540606	0.968557289631792	0.9696050868398136	0.966695908530912	0.9628977881624724	0.9630395480141327	0.9660149559259493
0.9610134670027759	1.0	0.9602044904611108	0.9632439779092957	0.9576963626797912	0.9595469037190681	0.9553455497474266	0.9634206453915578	0.9627206226345346	0.9628681007915284	0.9597044426511218	0.9605628012858977	0.9576805005663201	0.9604766395228673	0.9625987603591333	0.9556137445837223	0.9627273665133338	0.9604894559247958	0.9533388911459327	0.9603939552363546	0.9640498675382863	0.9593323570498732	0.9605653230077544	0.9593247813942906	0.9604362965482455	0.9601609793042412	0.9631330832533946	0.9628910023876432	0.960895215611925	0.9608199587168545	0.9619529127741315	0.9606390216551086	0.9595593087907253	0.9604548823609148	0.9628365337734865	0.9603344745957579	0.9631545881639346	0.9584164144684171	0.9597186754995519	0.9585709307522767
0.9811125505850892	0.9602044904611108	1.0	0.9679127781595513	0.9769850299155705	0.9625918331195666	0.9580793735809436	0.9579940026469823	0.9690153356511769	0.9681484829953734	0.9665052035795486	0.9685460530568265	0.9646279326708287	0.9787712325190583	0.9659872117039677	0.9629577581055958	0.9665298165649723	0.9672470727503326	0.9588873383500119	0.966507504935839	0.9665128212880042	0.9640127911883631	0.9689145950626401	0.965012336230513	0.9659816768771664	0.9642469070312728	0.967707625821813	0.9663003658323692	0.9652183965063031	0.9672726291704191	0.9656124467106354	0.96721627383646	0.9649260928993886	0.9676338303228428	0.9700215274674184	0.9701119040628235	0.9676483843368413	0.9633025061155801	0.9644802694100959	0.9656469918231695
0.9687023982681646	0.9632439779092957	0.9679127781595513	1.0	0.9678759755014631	0.9659124029609217	0.9606768446209408	0.960823263968204	0.970874792910441	0.9711908599290449	0.9682528523518596	0.9692158895099756	0.9645574709217027	0.9677631609451043	0.9694908596261359	0.9625128501720434	0.9688201486732994	0.9701740091609699	0.9612686015496407	0.9667171507629829	0.9685935873017198	0.9634225336734464	0.9701270336550594	0.9665672701655738	0.9681228488258282	0.9673702482556538	0.9700766122698574	0.9701017642066051	0.9677234939769571	0.9701017642066051	0.9705898901762315	0.9682894703527845	0.967466573319993	0.9677472521909463	0.9699227038201879	0.9702487058321136	0.9706489331724177	0.9640909140525119	0.966624551226247	0.9674635886855587
0.985328944982749	0.9576963626797912	0.9769850299155705	0.9678759755014631	1.0	0.9618362481772509	0.9584477394630253	0.9583779293539378	0.9687889875859116	0.9676002670767612	0.9654931828693135	0.9681635397774175	0.9646362450211243	0.9836535791889774	0.9658943486869196	0.96321587457637	0.9677196967278519	0.9658597801369496	0.959429001725484	0.9657438658118493	0.9648928156669668	0.9616590552459207	0.967041366678563	0.9636119387433316	0.965594491836105	0.9650066353037842	0.9677728660279531	0.966878663363783	0.963462651348824	0.9656275475600354	0.967276312942411	0.965671371613305	0.9649946454760409	0.9663472728992454	0.9680193688680322	0.9693508606588443	0.9675074863444854	0.9614058403057424	0.9620876326889183	0.9642070494348831
0.9627434688678722	0.9595469037190681	0.9625918331195666	0.9659124029609217	0.9618362481772509	1.0	0.9601888078559658	0.9592254543142473	0.9662155394150164	0.9660286140292857	0.963753863838896	0.9665053635417717	0.9613340651225282	0.962666264329032	0.9689603688510993	0.9611546226913349	0.9647721623496951	0.9650799293613983	0.9614955305345154	0.9638497435697132	0.9646344610524832	0.960701409877748	0.9659320723575247	0.9604399965477926	0.965477691929938	0.9637491468570701	0.9667440828987703	0.9687484137554404	0.9629889171248003	0.965315935062665	0.9654572297521057	0.9646103768003351	0.9685206148116725	0.9650232609915418	0.967120717724003	0.965340777342651	0.9654312733430872	0.9621211042375166	0.9617187510453601	0.9630066165563163
0.9608301601476105	0.9553455497474266	0.9580793735809436	0.9606768446209408	0.9584477394630253	0.9601888078559658	1.0	0.9512423881734633	0.961009190437146	0.9589180224731002	0.9653510965718363	0.9646714416365993	0.9613086486576752	0.9592551407673015	0.9605636800518252	0.9561290383564587	0.9595005488011332	0.9585535102662097	0.955490230943967	0.9601686683061387	0.9606083776039918	0.9568620847255189	0.9595783480816654	0.9552862059582908	0.9592444473526072	0.9597852008345735	0.9629842388233095	0.9607998099444923	0.9585164973430659	0.9589451467277283	0.9584589982849728	0.9591925902276248	0.96047900528132	0.9588768778558622	0.9618165081871721	0.9593793877749257	0.9605543509550112	0.9615031557121678	0.9567769483199221	0.9632340956711611
0.9574130858237416	0.9634206453915578	0.9579940026469823	0.960823263968204	0.9583779293539378	0.9592254543142473	0.9512423881734633	1.0	0.95938196565964	0.9607263449539358	0.9567128335208237	0.9586264044932439	0.9565712304894026	0.9559831132189128	0.9593293899119139	0.9582523603446573	0.9615561337905576	0.9593569934368	0.9542972697748675	0.9597746379966385	0.962639086767293	0.9605924686066695	0.9611424388802895	0.9591752689577749	0.9602484039779445	0.9590290017673482	0.9603939552363546	0.960195498098335	0.959138193693187	0.9600685634905469	0.9590123410467436	0.960552103309754	0.9573996797903764	0.9606824684776859	0.9614761880500224	0.9614544862526665	0.9616461268004591	0.9568618653901699	0.9570294438996078	0.9593349272946705
0.9704427898609163	0.9627206226345346	0.9690153356511769	0.970874792910441	0.9687889875859116	0.9662155394150164	0.961009190437146	0.95938196565964	1.0	0.9709242184949546	0.9686257441105489	0.9688772944694102	0.9643808967636119	0.9697522447063501	0.9682375686275586	0.9615679474006191	0.9682201671452887	0.9702901659622405	0.9598908511246884	0.9668759796481088	0.9678526204343427	0.965044538551694	0.9697630986758576	0.9658033886762942	0.9676761910409265	0.966848868810622	0.9704920167101786	0.9687112960508036	0.9691688157943397	0.9705443711872068	0.9718394940587732	0.9683533095682361	0.9664729883480598	0.9690568762688458	0.9711203920625678	0.9709945272628225	0.9710878684143474	0.9624024554829849	0.9681813282915288	0.9659946353391846
0.9671052977164293	0.9628681007915284	0.9681484829953734	0.9711908599290449	0.9676002670767612	0.9660286140292857	0.9589180224731002	0.9607263449539358	0.9709242184949546	1.0	0.9684206254623542	0.9682777303812401	0.9649702725767907	0.9674611743697095	0.9755492615319142	0.9649878220643548	0.9734753108587594	0.9698812439342648	0.9673891882822839	0.9703646950626439	0.9713296230726327	0.9646921962510442	0.9751281696407167	0.9688167807676822	0.9728031718111054	0.9709485732312435	0.9702514204845318	0.9749277176270521	0.9722415806862869	0.9701875991437077	0.9700397142891362	0.9736319721991762	0.973291716189814	0.973816701348867	0.9719912255742905	0.970461428833579	0.9709503532858277	0.9645624696452744	0.9667985882944454	0.967441475318912
0.9677587590816191	0.9597044426511218	0.9665052035795486	0.9682528523518596	0.9654931828693135	0.963753863838896	0.9653510965718363	0.9567128335208237	0.9686257441105489	0.9684206254623542	1.0	0.9752697623547677	0.9725731296747752	0.9674722453889275	0.9666562887132671	0.9605059259260357	0.9671574644250313	0.968190587766555	0.957213388790437	0.9692370408508744	0.9667004296733118	0.9618912684632653	0.9680260947320282	0.9629965675148708	0.9687251209680986	0.9657869775838361	0.969901569178002	0.9676743482028016	0.9657174106622045	0.9682979852342882	0.9673053021946507	0.9681451500825683	0.9642118699407545	0.9686135714247613	0.9711869165319029	0.9675930760438423	0.9676056364510022	0.9696453215206806	0.965208083429423	0.9782478863146905
0.970678149438969	0.9605628012858977	0.9685460530568265	0.9692158895099756	0.9681635397774175	0.9665053635417717	0.9646714416365993	0.9586264044932439	0.9688772944694102	0.9682777303812401	0.9752697623547677	1.0	0.9895167440023407	0.9689816563299926	0.9667062916356565	0.9603495079786986	0.967109209104512	0.9665095251978864	0.9595666652742788	0.9656922975896464	0.968576086325279	0.9627247125677212	0.9670005341847323	0.9642524848720304	0.9679202157061125	0.9661705046196132	0.968744387679395	0.9679387206028609	0.9648413813654689	0.9669493392964844	0.9670728396704926	0.9657821201300247	0.9655532129437924	0.9671918930598276	0.9699001669120244	0.968473522799094	0.9684194398287403	0.9685223529889943	0.9633265094011079	0.9753161718417476
0.9667939137303408	0.9576805005663201	0.9646279326708287	0.9645574709217027	0.9646362450211243	0.9613340651225282	0.9613086486576752	0.9565712304894026	0.9643808967636119	0.9649702725767907	0.9725731296747752	0.9895167440023407	1.0	0.9657655583363237	0.9630586773335297	0.9567830722517084	0.9631849273102226	0.9634257052298701	0.9542881554488526	0.9625884869996718	0.9637273908262196	0.9602909889281412	0.9638869768804145	0.9613531673787311	0.9642675773320368	0.9634657919997396	0.9652321744869055	0.9637248555361455	0.9616966258126483	0.9635703295867293	0.9624274089186577	0.9632197440975511	0.9614948039570634	0.9630319601546217	0.9675856747796642	0.9651712323296987	0.9633230415078021	0.9665123293442452	0.96155031447229	0.9716634932989624
0.9904214953915712	0.9604766395228673	0.9787712325190583	0.9677631609451043	0.9836535791889774	0.962666264329032	0.9592551407673015	0.9559831132189128	0.9697522447063501	0.9674611743697095	0.9674722453889275	0.9689816563299926	0.9657655583363237	1.0	0.9659887195850075	0.9603016528622312	0.9670532904010748	0.9665365367846837	0.9578451154433947	0.9654014253499463	0.9641630641782156	0.9611864257110202	0.9673965536687513	0.9637070341503157	0.9657764188023136	0.9654784301924242	0.9678558952609349	0.9672209101665533	0.9645132502259327	0.9669407032991181	0.9679666139454822	0.9661400539094931	0.9639782973606605	0.9662011928305013	0.9684327643289032	0.9692356399293655	0.9670419115326029	0.962119438740401	0.9625614335589947	0.9659997016621856
0.9659567424899633	0.9625987603591333	0.9659872117039677	0.9694908596261359	0.9658943486869196	0.9689603688510993	0.9605636800518252	0.9593293899119139	0.9682375686275586	0.9755492615319142	0.9666562887132671	0.9667062916356565	0.9630586773335297	0.9659887195850075	1.0	0.9662908589153324	0.9726888417913043	0.9684987631173957	0.9752205318208073	0.9712107099035417	0.969911547589292	0.9631441461750431	0.9759716506020506	0.9674101120162621	0.9764743733597157	0.9698060813794954	0.9703794010172702	0.9942286513438708	0.9707784575731007	0.9692228261433337	0.968105535073134	0.9742932493962189	0.9839825697667386	0.9738479761329388	0.9705130909478578	0.9685350459077381	0.9692818961926234	0.9623881220436757	0.9641746765601046	0.9657892266352065
0.9603608629244109	0.9556137445837223	0.9629577581055958	0.9625128501720434	0.96321587457637	0.9611546226913349	0.9561290383564587	0.9582523603446573	0.9615679474006191	0.9649878220643548	0.9605059259260357	0.9603495079786986	0.9567830722517084	0.9603016528622312	0.9662908589153324	1.0	0.9664424342120124	0.9616796065772769	0.9648955194211648	0.9660685260963588	0.9660995006778742	0.9612108183645397	0.9694580028718786	0.9611736951020402	0.9681393617285687	0.9667772583191955	0.9658143745023674	0.9666767414750455	0.9624032335542094	0.9618194071043432	0.9631470497964932	0.9657814381059184	0.9652423302619834	0.9676816431833369	0.9667498741178718	0.9677057638824134	0.9623064777713636	0.9611476119308127	0.9599976404166687	0.9599942851307125
0.9659245735058999	0.9627273665133338	0.9665298165649723	0.9688201486732994	0.9677196967278519	0.9647721623496951	0.9595005488011332	0.9615561337905576	0.9682201671452887	0.9734753108587594	0.9671574644250313	0.967109209104512	0.9631849273102226	0.9670532904010748	0.9726888417913043	0.9664424342120124	1.0	0.9682278816465517	0.9665701336912392	0.9712674866443594	0.9715936609571056	0.9649101488637054	0.9753795535160998	0.97614157699398	0.9740722487021585	0.9709833213584448	0.9708297636928727	0.9735053960743592	0.9700961771763312	0.9687164394685495	0.9711864727808416	0.9726961275023266	0.9714005209045634	0.974339053068973	0.9717210178485381	0.9702370826263196	0.9703520443393253	0.9640829545295014	0.9655884659854872	0.9665698383158636
0.9668553442517105	0.9604894559247958	0.9672470727503326	0.9701740091609699	0.9658597801369496	0.9650799293613983	0.9585535102662097	0.9593569934368	0.9702901659622405	0.9698812439342648	0.968190587766555	0.9665095251978864	0.9634257052298701	0.9665365367846837	0.9684987631173957	0.9616796065772769	0.9682278816465517	1.0	0.9600855273550656	0.964689026756477	0.9670888314708246	0.963088860431042	0.969989219260199	0.9649370667129338	0.9678731311760352	0.9670134479532925	0.971721660649134	0.9683731997613259	0.9661853007506962	0.9967671985562425	0.9687462567621711	0.967638207349485	0.9664364706234236	0.9686419723165803	0.9690507333130031	0.9675398041224725	0.9710057391317823	0.963153743252949	0.9664334980656227	0.9659582898786083
0.9572804036652548	0.9533388911459327	0.9588873383500119	0.9612686015496407	0.959429001725484	0.9614955305345154	0.955490230943967	0.9542972697748675	0.9598908511246884	0.9673891882822839	0.957213388790437	0.9595666652742788	0.9542881554488526	0.9578451154433947	0.9752205318208073	0.9648955194211648	0.9665701336912392	0.9600855273550656	1.0	0.968310477046307	0.9644732298942079	0.958920165135976	0.9696566896688316	0.9597087902150305	0.9702768516056547	0.9642502316297878	0.9621149967075489	0.9756579735146823	0.9621026126603771	0.9607501223122554	0.9597106163068084	0.9685958191510327	0.9841715851960505	0.9682888748757548	0.9640818458430063	0.9637423898955093	0.9606759347631625	0.9558463840893364	0.9556694976271257	0.9598143621636446
0.965670142866793	0.9603939552363546	0.966507504935839	0.9667171507629829	0.9657438658118493	0.9638497435697132	0.9601686683061387	0.9597746379966385	0.9668759796481088	0.9703646950626439	0.9692370408508744	0.9656922975896464	0.9625884869996718	0.9654014253499463	0.9712107099035417	0.9660685260963588	0.9712674866443594	0.964689026756477	0.968310477046307	1.0	0.971535338381799	0.9638524529088709	0.9755992499122899	0.9665048418892009	0.9732934886196372	0.970963142663473	0.9702408570963519	0.9715585814920995	0.9699307010397521	0.9645552317715932	0.9670087566864223	0.9797245471036486	0.9696177519138918	0.9731739226140773	0.9719425000841915	0.9716207941642966	0.9668673887695373	0.9633722487420917	0.9622016488151011	0.9668590201570418
0.9649296598695185	0.9640498675382863	0.9665128212880042	0.9685935873017198	0.9648928156669668	0.9646344610524832	0.9606083776039918	0.962639086767293	0.9678526204343427	0.9713296230726327	0.9667004296733118	0.968576086325279	0.9637273908262196	0.9641630641782156	0.969911547589292	0.9660995006778742	0.9715936609571056	0.9670888314708246	0.9644732298942079	0.971535338381799	1.0	0.9643770528892683	0.971536067095462	0.9674930699533155	0.9717688179095394	0.9680785910198637	0.970788453648508	0.9701836111895418	0.9697611205379075	0.9672711566202531	0.9673680157464242	0.969443558249994	0.9678237761031334	0.9703666820950562	0.9714870941564533	0.9723262850773068	0.9683838551008106	0.9664604161851073	0.9640837480616075	0.9677139857689625
0.9610784797825481	0.9593323570498732	0.9640127911883631	0.9634225336734464	0.9616590552459207	0.960701409877748	0.9568620847255189	0.9605924686066695	0.965044538551694	0.9646921962510442	0.9618912684632653	0.9627247125677212	0.9602909889281412	0.9611864257110202	0.9631441461750431	0.9612108183645397	0.9649101488637054	0.963088860431042	0.958920165135976	0.9638524529088709	0.9643770528892683	1.0	0.9658087394597242	0.9620562370579742	0.9628380206708033	0.9633512513186688	0.9660965146986494	0.9626112731670106	0.9620117401742109	0.9635957982440976	0.9638787641837	0.9632078898903128	0.9612096234751845	0.9638258731258486	0.9655220604671437	0.9644258344615667	0.9656069717401808	0.9594956932069643	0.9618734118392936	0.9618161531949203
0.9668759340112919	0.9605653230077544	0.9689145950626401	0.9701270336550594	0.967041366678563	0.9659320723575247	0.9595783480816654	0.9611424388802895	0.9697630986758576	0.9751281696407167	0.9680260947320282	0.9670005341847323	0.9638869768804145	0.9673965536687513	0.9759716506020506	0.9694580028718786	0.9753795535160998	0.969989219260199	0.9696566896688316	0.9755992499122899	0.971536067095462	0.9658087394597242	1.0	0.9686242920702792	0.9770401146042317	0.9732397891973612	0.9709193121215662	0.9757084051975409	0.9724226143429475	0.9702220657381748	0.9681976877133592	0.9826599715133401	0.9731441610916669	0.9812216142631628	0.9732094396435174	0.9717705446058136	0.9690728077439748	0.9630807083093277	0.9654255861824567	0.9667817388327666
0.9646696305161978	0.9593247813942906	0.965012336230513	0.9665672701655738	0.9636119387433316	0.9604399965477926	0.9552862059582908	0.9591752689577749	0.9658033886762942	0.9688167807676822	0.9629965675148708	0.9642524848720304	0.9613531673787311	0.9637070341503157	0.9674101120162621	0.9611736951020402	0.97614157699398	0.9649370667129338	0.9597087902150305	0.9665048418892009	0.9674930699533155	0.9620562370579742	0.9686242920702792	1.0	0.9680525024072979	0.9649939344808389	0.9670106199424207	0.9677769079036336	0.96651642434809	0.9655433111152198	0.9669835924314895	0.9688166015186905	0.9662659017224766	0.9684328402782167	0.968315002477786	0.9683831994296339	0.9663443839516551	0.9596259411669806	0.9633053315627215	0.9623942734087025
0.9658489686568735	0.9604362965482455	0.9659816768771664	0.9681228488258282	0.965594491836105	0.965477691929938	0.9592444473526072	0.9602484039779445	0.9676761910409265	0.9728031718111054	0.9687251209680986	0.9679202157061125	0.9642675773320368	0.9657764188023136	0.9764743733597157	0.9681393617285687	0.9740722487021585	0.9678731311760352	0.9702768516056547	0.9732934886196372	0.9717688179095394	0.9628380206708033	0.9770401146042317	0.9680525024072979	1.0	0.9698580194199449	0.9725857840457155	0.9764445512434798	0.9692081386816296	0.9687678843745247	0.9680940929032216	0.9766796932853168	0.9761514780863669	0.9747166901714115	0.9743773646399458	0.9702558763408681	0.9678290707416017	0.9649606444561805	0.9643921338185135	0.9670064126442653
0.964646319101159	0.9601609793042412	0.9642469070312728	0.9673702482556538	0.9650066353037842	0.9637491468570701	0.9597852008345735	0.9590290017673482	0.966848868810622	0.9709485732312435	0.9657869775838361	0.9661705046196132	0.9634657919997396	0.9654784301924242	0.9698060813794954	0.9667772583191955	0.9709833213584448	0.9670134479532925	0.9642502316297878	0.970963142663473	0.9680785910198637	0.9633512513186688	0.9732397891973612	0.9649939344808389	0.9698580194199449	1.0	0.969414979951804	0.969791728826075	0.9683865145893747	0.9664807624923543	0.965968720042074	0.9717352756569803	0.9676109117141971	0.970934316846813	0.9713191366442097	0.969273311866136	0.9682685080229485	0.9606155344206645	0.962412002918091	0.9652111729787618
0.9681294490978468	0.9631330832533946	0.967707625821813	0.9700766122698574	0.9677728660279531	0.9667440828987703	0.9629842388233095	0.9603939552363546	0.9704920167101786	0.9702514204845318	0.969901569178002	0.968744387679395	0.9652321744869055	0.9678558952609349	0.9703794010172702	0.9658143745023674	0.9708297636928727	0.971721660649134	0.9621149967075489	0.9702408570963519	0.970788453648508	0.9660965146986494	0.9709193121215662	0.9670106199424207	0.9725857840457155	0.969414979951804	1.0	0.970874792910441	0.9687290679274349	0.9719659098443024	0.9784114833422932	0.9709002658297455	0.9685313315662172	0.9706480367841638	0.9815000516603448	0.9702290269204219	0.9714764741564325	0.9660076158879906	0.9656699952745463	0.9699748205932578
0.9674216551607526	0.9628910023876432	0.9663003658323692	0.9701017642066051	0.966878663363783	0.9687484137554404	0.9607998099444923	0.960195498098335	0.9687112960508036	0.9749277176270521	0.9676743482028016	0.9679387206028609	0.9637248555361455	0.9672209101665533	0.9942286513438708	0.9666767414750455	0.9735053960743592	0.9683731997613259	0.9756579735146823	0.9715585814920995	0.9701836111895418	0.9626112731670106	0.9757084051975409	0.9677769079036336	0.9764445512434798	0.969791728826075	0.970874792910441	1.0	0.9711110047154351	0.9694075771390652	0.9686756187455675	0.9748419760164229	0.9838971387009945	0.9737965781413946	0.9716439541927969	0.9691741582580643	0.9704802000040682	0.963437813999558	0.9644022035831461	0.9674816394150512
0.9657106842958716	0.960895215611925	0.9652183965063031	0.9677234939769571	0.963462651348824	0.9629889171248003	0.9585164973430659	0.959138193693187	0.9691688157943397	0.9722415806862869	0.9657174106622045	0.9648413813654689	0.9616966258126483	0.9645132502259327	0.9707784575731007	0.9624032335542094	0.9700961771763312	0.9661853007506962	0.9621026126603771	0.9699307010397521	0.9697611205379075	0.9620117401742109	0.9724226143429475	0.96651642434809	0.9692081386816296	0.9683865145893747	0.9687290679274349	0.9711110047154351	1.0	0.9665887848890597	0.9663693287267392	0.9699929228803194	0.9678635166746739	0.9711788196002792	0.969851401224557	0.9761295170511803	0.966004708441746	0.9617347943296423	0.9638557815171055	0.9636511127874314
0.9669253459392694	0.9608199587168545	0.9672726291704191	0.9701017642066051	0.9656275475600354	0.965315935062665	0.9589451467277283	0.9600685634905469	0.9705443711872068	0.9701875991437077	0.9682979852342882	0.9669493392964844	0.9635703295867293	0.9669407032991181	0.9692228261433337	0.9618194071043432	0.9687164394685495	0.9967671985562425	0.9607501223122554	0.9645552317715932	0.9672711566202531	0.9635957982440976	0.9702220657381748	0.9655433111152198	0.9687678843745247	0.9664807624923543	0.9719659098443024	0.9694075771390652	0.9665887848890597	1.0	0.9693254983154536	0.9680661706005094	0.9671962138118089	0.9686603556733875	0.9700689771294568	0.9679487496809593	0.9708911303157215	0.963379010404518	0.9666609050738336	0.9661416375794919
0.9669545416719442	0.9619529127741315	0.9656124467106354	0.9705898901762315	0.967276312942411	0.9654572297521057	0.9584589982849728	0.9590123410467436	0.9718394940587732	0.9700397142891362	0.9673053021946507	0.9670728396704926	0.9624274089186577	0.9679666139454822	0.968105535073134	0.9631470497964932	0.9711864727808416	0.9687462567621711	0.9597106163068084	0.9670087566864223	0.9673680157464242	0.9638787641837	0.9681976877133592	0.9669835924314895	0.9680940929032216	0.965968720042074	0.9784114833422932	0.9686756187455675	0.9663693287267392	0.9693254983154536	1.0	0.9681251938470333	0.9655575985933359	0.9680106594116993	0.9745213950480114	0.9681841781785602	0.9731191341997983	0.9621880809158889	0.966274996201633	0.9662035318251959
0.9662937902265545	0.9606390216551086	0.96721627383646	0.9682894703527845	0.965671371613305	0.9646103768003351	0.9591925902276248	0.960552103309754	0.9683533095682361	0.9736319721991762	0.9681451500825683	0.9657821201300247	0.9632197440975511	0.9661400539094931	0.9742932493962189	0.9657814381059184	0.9726961275023266	0.967638207349485	0.9685958191510327	0.9797245471036486	0.969443558249994	0.9632078898903128	0.9826599715133401	0.9688166015186905	0.9766796932853168	0.9717352756569803	0.9709002658297455	0.9748419760164229	0.9699929228803194	0.9680661706005094	0.9681251938470333	1.0	0.9735984792912387	0.976832882700051	0.9708929015167739	0.9694071648594126	0.9678691439494591	0.9625964307061498	0.9631670451842017	0.9656200694990432
0.9646497175610592	0.9595593087907253	0.9649260928993886	0.967466573319993	0.9649946454760409	0.9685206148116725	0.96047900528132	0.9573996797903764	0.9664729883480598	0.973291716189814	0.9642118699407545	0.9655532129437924	0.9614948039570634	0.9639782973606605	0.9839825697667386	0.9652423302619834	0.9714005209045634	0.9664364706234236	0.9841715851960505	0.9696177519138918	0.9678237761031334	0.9612096234751845	0.9731441610916669	0.9662659017224766	0.9761514780863669	0.9676109117141971	0.9685313315662172	0.9838971387009945	0.9678635166746739	0.9671962138118089	0.9655575985933359	0.9735984792912387	1.0	0.9726416812572692	0.970055361224114	0.9667918064673638	0.965374311670861	0.9603939552363546	0.961389764539161	0.9633796013015432
0.9662604436540606	0.9604548823609148	0.9676338303228428	0.9677472521909463	0.9663472728992454	0.9650232609915418	0.9588768778558622	0.9606824684776859	0.9690568762688458	0.973816701348867	0.9686135714247613	0.9671918930598276	0.9630319601546217	0.9662011928305013	0.9738479761329388	0.9676816431833369	0.974339053068973	0.9686419723165803	0.9682888748757548	0.9731739226140773	0.9703666820950562	0.9638258731258486	0.9812216142631628	0.9684328402782167	0.9747166901714115	0.970934316846813	0.9706480367841638	0.9737965781413946	0.9711788196002792	0.9686603556733875	0.9680106594116993	0.976832882700051	0.9726416812572692	1.0	0.9720998057629879	0.971405024350571	0.9668343334304687	0.9633962409355746	0.9639924744913211	0.966102348585716
0.968557289631792	0.9628365337734865	0.9700215274674184	0.9699227038201879	0.9680193688680322	0.967120717724003	0.9618165081871721	0.9614761880500224	0.9711203920625678	0.9719912255742905	0.9711869165319029	0.9699001669120244	0.9675856747796642	0.9684327643289032	0.9705130909478578	0.9667498741178718	0.9717210178485381	0.9690507333130031	0.9640818458430063	0.9719425000841915	0.9714870941564533	0.9655220604671437	0.9732094396435174	0.968315002477786	0.9743773646399458	0.9713191366442097	0.9815000516603448	0.9716439541927969	0.969851401224557	0.9700689771294568	0.9745213950480114	0.9708929015167739	0.970055361224114	0.9720998057629879	1.0	0.9718849730877301	0.9710630187244842	0.9666780737178919	0.9664955112953745	0.9703960099444975
0.9696050868398136	0.9603344745957579	0.9701119040628235	0.9702487058321136	0.9693508606588443	0.965340777342651	0.9593793877749257	0.9614544862526665	0.9709945272628225	0.970461428833579	0.9675930760438423	0.968473522799094	0.9651712323296987	0.9692356399293655	0.9685350459077381	0.9677057638824134	0.9702370826263196	0.9675398041224725	0.9637423898955093	0.9716207941642966	0.9723262850773068	0.9644258344615667	0.9717705446058136	0.9683831994296339	0.9702558763408681	0.969273311866136	0.9702290269204219	0.9691741582580643	0.9761295170511803	0.9679487496809593	0.9681841781785602	0.9694071648594126	0.9667918064673638	0.971405024350571	0.9718849730877301	1.0	0.9696226922582218	0.9652055953095826	0.9665405852519398	0.9675249714067056
0.966695908530912	0.9631545881639346	0.9676483843368413	0.9706489331724177	0.9675074863444854	0.9654312733430872	0.9605543509550112	0.9616461268004591	0.9710878684143474	0.9709503532858277	0.9676056364510022	0.9684194398287403	0.9633230415078021	0.9670419115326029	0.9692818961926234	0.9623064777713636	0.9703520443393253	0.9710057391317823	0.9606759347631625	0.9668673887695373	0.9683838551008106	0.9656069717401808	0.9690728077439748	0.9663443839516551	0.9678290707416017	0.9682685080229485	0.9714764741564325	0.9704802000040682	0.966004708441746	0.9708911303157215	0.9731191341997983	0.9678691439494591	0.965374311670861	0.9668343334304687	0.9710630187244842	0.9696226922582218	1.0	0.9642316605577135	0.9668616640333362	0.9666928188588416
0.9628977881624724	0.9584164144684171	0.9633025061155801	0.9640909140525119	0.9614058403057424	0.9621211042375166	0.9615031557121678	0.9568618653901699	0.9624024554829849	0.9645624696452744	0.9696453215206806	0.9685223529889943	0.9665123293442452	0.962119438740401	0.9623881220436757	0.9611476119308127	0.9640829545295014	0.963153743252949	0.9558463840893364	0.9633722487420917	0.9664604161851073	0.9594956932069643	0.9630807083093277	0.9596259411669806	0.9649606444561805	0.9606155344206645	0.9660076158879906	0.963437813999558	0.9617347943296423	0.963379010404518	0.9621880809158889	0.9625964307061498	0.9603939552363546	0.9633962409355746	0.9666780737178919	0.9652055953095826	0.9642316605577135	1.0	0.9590558892745029	0.9698154210087592
0.9630395480141327	0.9597186754995519	0.9644802694100959	0.966624551226247	0.9620876326889183	0.9617187510453601	0.9567769483199221	0.9570294438996078	0.9681813282915288	0.9667985882944454	0.965208083429423	0.9633265094011079	0.96155031447229	0.9625614335589947	0.9641746765601046	0.9599976404166687	0.9655884659854872	0.9664334980656227	0.9556694976271257	0.9622016488151011	0.9640837480616075	0.9618734118392936	0.9654255861824567	0.9633053315627215	0.9643921338185135	0.962412002918091	0.9656699952745463	0.9644022035831461	0.9638557815171055	0.9666609050738336	0.966274996201633	0.9631670451842017	0.961389764539161	0.9639924744913211	0.9664955112953745	0.9665405852519398	0.9668616640333362	0.9590558892745029	1.0	0.9627212794772284
0.9660149559259493	0.9585709307522767	0.9656469918231695	0.9674635886855587	0.9642070494348831	0.9630066165563163	0.9632340956711611	0.9593349272946705	0.9659946353391846	0.967441475318912	0.9782478863146905	0.9753161718417476	0.9716634932989624	0.9659997016621856	0.9657892266352065	0.9599942851307125	0.9665698383158636	0.9659582898786083	0.9598143621636446	0.9668590201570418	0.9677139857689625	0.9618161531949203	0.9667817388327666	0.9623942734087025	0.9670064126442653	0.9652111729787618	0.9699748205932578	0.9674816394150512	0.9636511127874314	0.9661416375794919	0.9662035318251959	0.9656200694990432	0.9633796013015432	0.966102348585716	0.9703960099444975	0.9675249714067056	0.9666928188588416	0.9698154210087592	0.9627212794772284	1.0
