/home/jshaw/scratch/2022_sketched_distance/references/SGB_genome_fastas_part1_redo/1941/BackhedF_2015__SID39_12M__bin.10.fa	/home/jshaw/scratch/2022_sketched_distance/references/SGB_genome_fastas_part1_redo/1941/BackhedF_2015__SID39_4M__bin.19.fa	/home/jshaw/scratch/2022_sketched_distance/references/SGB_genome_fastas_part1_redo/1941/BackhedF_2015__SID570_B__bin.3.fa	/home/jshaw/scratch/2022_sketched_distance/references/SGB_genome_fastas_part1_redo/1941/BackhedF_2015__SID7_12M__bin.16.fa	/home/jshaw/scratch/2022_sketched_distance/references/SGB_genome_fastas_part1_redo/1941/ChengpingW_2017__AS96raw__bin.56.fa	/home/jshaw/scratch/2022_sketched_distance/references/SGB_genome_fastas_part1_redo/1941/CosteaPI_2017__SID713A026-11-0-0__bin.18.fa	/home/jshaw/scratch/2022_sketched_distance/references/SGB_genome_fastas_part1_redo/1941/HMP_2012__SRS011239__bin.45.fa	/home/jshaw/scratch/2022_sketched_distance/references/SGB_genome_fastas_part1_redo/1941/HMP_2012__SRS049959__bin.78.fa	/home/jshaw/scratch/2022_sketched_distance/references/SGB_genome_fastas_part1_redo/1941/LeChatelierE_2013__MH0229__bin.61.fa	/home/jshaw/scratch/2022_sketched_distance/references/SGB_genome_fastas_part1_redo/1941/LiJ_2014__V1.FI14__bin.22.fa	/home/jshaw/scratch/2022_sketched_distance/references/SGB_genome_fastas_part1_redo/1941/LiuW_2016__SRR3992973__bin.110.fa	/home/jshaw/scratch/2022_sketched_distance/references/SGB_genome_fastas_part1_redo/1941/QinJ_2012__CON-007__bin.17.fa	/home/jshaw/scratch/2022_sketched_distance/references/SGB_genome_fastas_part1_redo/1941/QinJ_2012__DLM022__bin.27.fa	/home/jshaw/scratch/2022_sketched_distance/references/SGB_genome_fastas_part1_redo/1941/QinJ_2012__T2D-016__bin.17.fa	/home/jshaw/scratch/2022_sketched_distance/references/SGB_genome_fastas_part1_redo/1941/QinJ_2012__T2D-049__bin.25.fa	/home/jshaw/scratch/2022_sketched_distance/references/SGB_genome_fastas_part1_redo/1941/RaymondF_2016__P19E0__bin.22.fa	/home/jshaw/scratch/2022_sketched_distance/references/SGB_genome_fastas_part1_redo/1941/VatanenT_2016__G80598__bin.6.fa	/home/jshaw/scratch/2022_sketched_distance/references/SGB_genome_fastas_part1_redo/1941/VincentC_2016__MM056.2__bin.9.fa	/home/jshaw/scratch/2022_sketched_distance/references/SGB_genome_fastas_part1_redo/1941/VogtmannE_2016__MMRS15137911ST-27-0-0__bin.28.fa	/home/jshaw/scratch/2022_sketched_distance/references/SGB_genome_fastas_part1_redo/1941/VogtmannE_2016__MMRS40913371ST-27-0-0__bin.26.fa	/home/jshaw/scratch/2022_sketched_distance/references/SGB_genome_fastas_part1_redo/1941/WenC_2017__N253__bin.60.fa	/home/jshaw/scratch/2022_sketched_distance/references/SGB_genome_fastas_part1_redo/1941/XieH_2016__YSZC12003_35520__bin.137.fa	/home/jshaw/scratch/2022_sketched_distance/references/SGB_genome_fastas_part1_redo/1941/XieH_2016__YSZC12003_35636__bin.35.fa	/home/jshaw/scratch/2022_sketched_distance/references/SGB_genome_fastas_part1_redo/1941/XieH_2016__YSZC12003_36058__bin.76.fa	/home/jshaw/scratch/2022_sketched_distance/references/SGB_genome_fastas_part1_redo/1941/XieH_2016__YSZC12003_36211__bin.8.fa	/home/jshaw/scratch/2022_sketched_distance/references/SGB_genome_fastas_part1_redo/1941/XieH_2016__YSZC12003_36526__bin.42.fa	/home/jshaw/scratch/2022_sketched_distance/references/SGB_genome_fastas_part1_redo/1941/XieH_2016__YSZC12003_36667__bin.35.fa	/home/jshaw/scratch/2022_sketched_distance/references/SGB_genome_fastas_part1_redo/1941/XieH_2016__YSZC12003_36695__bin.43.fa	/home/jshaw/scratch/2022_sketched_distance/references/SGB_genome_fastas_part1_redo/1941/XieH_2016__YSZC12003_37652__bin.104.fa	/home/jshaw/scratch/2022_sketched_distance/references/SGB_genome_fastas_part1_redo/1941/XieH_2016__YSZC12003_37877__bin.27.fa	/home/jshaw/scratch/2022_sketched_distance/references/SGB_genome_fastas_part1_redo/1941/YuJ_2015__SZAXPI015225-18__bin.46.fa	/home/jshaw/scratch/2022_sketched_distance/references/SGB_genome_fastas_part1_redo/1941/ZeeviD_2015__PNP_Main_178__bin.27.fa	/home/jshaw/scratch/2022_sketched_distance/references/SGB_genome_fastas_part1_redo/1941/ZeeviD_2015__PNP_Main_471__bin.17.fa	/home/jshaw/scratch/2022_sketched_distance/references/SGB_genome_fastas_part1_redo/1941/ZellerG_2014__CCIS13047523ST-4-0__bin.11.fa	/home/jshaw/scratch/2022_sketched_distance/references/SGB_genome_fastas_part1_redo/1941/ZellerG_2014__CCIS52370277ST-4-0__bin.29.fa
1.0	0.9986209945266309	0.9828854710786814	0.9827831839495441	0.9824051437736815	0.97776814363341	0.9834554227764556	0.981217766199445	0.9814176368572405	0.9770844026335729	0.978259483740018	0.9705148211556781	0.9800497676210503	0.9823952652471105	0.9828814947422365	0.9769845215557831	0.9833574501084228	0.9828792744772785	0.9845313855127402	0.9804639968204841	0.9822635604752802	0.9840248100256881	0.9846481880832741	0.9850405721187143	0.981471151597072	0.9822224276194828	0.9823357413515731	0.9839473690975677	0.9778024858890139	0.9838944919015625	0.9821061729082227	0.982752046859212	0.9825376444534745	0.9756144987657099	0.9800630931664003
0.9986209945266309	1.0	0.9821715061774636	0.9821710801106467	0.9818511991245692	0.9781193060863794	0.9826776667353443	0.9805377192738832	0.9813921683980341	0.9770025933965049	0.9782290425550422	0.9700758957145308	0.9799944777308871	0.9816130055382513	0.9820740895299744	0.9765596716552442	0.9827534230315863	0.9824423457753921	0.9836576025304149	0.9796654262792889	0.9817114142178754	0.9831303065034366	0.9841751018897597	0.9844460476102208	0.9812625556402828	0.9819902878319762	0.9823137505592227	0.9830797713526688	0.9779095654219413	0.9832296415114985	0.9815321055636427	0.9821213988492138	0.9819216838013686	0.9750713351337781	0.9796569372009595
0.9828854710786814	0.9821715061774636	1.0	0.9861923221512907	0.9848628676857023	0.9797963855836342	0.9864196792116997	0.9849595736238121	0.984819332882447	0.9788788754088567	0.9799044028774504	0.9727292572525023	0.9835942463178756	0.9842810160164439	0.9819119108301012	0.9803961741466587	0.9859073057097562	0.9822747342479847	0.9844392046894431	0.9829573168866013	0.9839109094056646	0.9869656929583832	0.9844435654980286	0.9847829080990841	0.9853573327141317	0.9823173605993154	0.9858962620351719	0.9867854424439626	0.9788854252806337	0.9842519369943131	0.984413358901082	0.9844013960982823	0.9838765749439048	0.9777490838904394	0.9826212376608651
0.9827831839495441	0.9821710801106467	0.9861923221512907	1.0	0.9861783036467799	0.9805149505697281	0.9869049617356009	0.9861880596313513	0.9845454922307603	0.9802888741305505	0.979581063965838	0.9736620996306631	0.9846460834587549	0.9857041569875351	0.9824819038586093	0.9805476816135672	0.9855716006719503	0.9832015303429454	0.9850424130992825	0.9827223334241668	0.985074704100504	0.9873762598618568	0.9844701391294772	0.984898484354095	0.9873917535007938	0.9826132971562371	0.9850296290496683	0.9873282942803906	0.9790467050380046	0.98688150441028	0.9857945043130001	0.9858285568761049	0.9851351929948335	0.9785774312825285	0.9829796047357542
0.9824051437736815	0.9818511991245692	0.9848628676857023	0.9861783036467799	1.0	0.9803070281043822	0.986035441859097	0.9853876242092566	0.9844337560268697	0.9798788285324049	0.979392482159351	0.9732017429681664	0.9937407967685269	0.9833830176285024	0.981267156976097	0.9800422928187325	0.984494408671948	0.9822353856883252	0.9844047996272594	0.9814969987070141	0.9835206315923617	0.9866054377820709	0.9838628303383113	0.984211711221835	0.9851355770002568	0.9821359498852372	0.9844493093033783	0.9867241777500309	0.9780169323708455	0.9844940908881873	0.9952404401010424	0.9841508193636703	0.98354718718098	0.9781084738571953	0.9825683625191528
0.97776814363341	0.9781193060863794	0.9797963855836342	0.9805149505697281	0.9803070281043822	1.0	0.9797182705868523	0.9789963337453794	0.9808939424071794	0.9771903484991612	0.9792503775800904	0.9706687458912685	0.9792868871130632	0.9778854904471121	0.9763731347634037	0.9748592024754663	0.9799339376520033	0.9771346274487609	0.9784335167338899	0.9774744494348468	0.9785850065264946	0.9802876083552418	0.9783119743259294	0.9786657836552071	0.9803176727972854	0.9773161874279847	0.9813603815836196	0.9800627731891796	0.9781876588459446	0.9790250097249485	0.9783405753916115	0.9793947917100102	0.978717007915523	0.9731154923453883	0.9790251381045819
0.9834554227764556	0.9826776667353443	0.9864196792116997	0.9869049617356009	0.986035441859097	0.9797182705868523	1.0	0.9856890536296459	0.9844542918811904	0.9794286851606911	0.9797091226608649	0.9726680815261464	0.9844876395306359	0.9853214264429436	0.9822016853347063	0.9902131213902778	0.986351555028598	0.9834966471020364	0.9854648188268874	0.9830249655650375	0.9842883735886078	0.9984487497773058	0.9852145952633191	0.9853871913456184	0.9863604982773236	0.9829025981069441	0.9850748221172348	0.9984265747326927	0.9789698881528184	0.9853814433804217	0.985927366028948	0.9845648782442022	0.9839212139931159	0.9779242817987827	0.9829074480005235
0.981217766199445	0.9805377192738832	0.9849595736238121	0.9861880596313513	0.9853876242092566	0.9789963337453794	0.9856890536296459	1.0	0.9839338200607872	0.9790368523394297	0.9785536802598291	0.9728596284116523	0.9838254583982213	0.9841802362185943	0.9814740525691273	0.9792907493369689	0.9846986112785824	0.9815492617143402	0.9837110442957357	0.982177506221007	0.9837987136811668	0.985986783568706	0.9838475808710557	0.9841153220609907	0.985258185719612	0.9817285335470537	0.9843369436972546	0.9858699068113571	0.9778027643889827	0.984019063749369	0.9853892991029876	0.9846238395193667	0.9839474817335214	0.9789383951191426	0.9833640206301416
0.9814176368572405	0.9813921683980341	0.984819332882447	0.9845454922307603	0.9844337560268697	0.9808939424071794	0.9844542918811904	0.9839338200607872	1.0	0.9789899706049153	0.977549842487595	0.9739760200529004	0.9825873943121723	0.981744910761879	0.9804157151088272	0.9784266544393203	0.9856243982380061	0.9811660905103822	0.9828419657745573	0.9837477040016703	0.9837548576727024	0.985009909654549	0.982259203382713	0.9825138146250628	0.9842742478102615	0.9806659374745352	0.9864012675546935	0.985354565785395	0.9768573516332749	0.9821942223037873	0.9834150201890596	0.9845123335362581	0.9837999940358871	0.9781187250636737	0.983740775222521
0.9770844026335729	0.9770025933965049	0.9788788754088567	0.9802888741305505	0.9798788285324049	0.9771903484991612	0.9794286851606911	0.9790368523394297	0.9789899706049153	1.0	0.9767443534748308	0.976003783460035	0.9782586653137317	0.9771650079856428	0.9765867533657168	0.9748198120119484	0.9791847350792695	0.9763188949188564	0.9776999411352933	0.9765878721736374	0.9867444900687511	0.9797742249744976	0.9775179901938578	0.9777659623235678	0.9788722530705719	0.9766791329127723	0.9798337795402587	0.9795447339320246	0.9753539165818348	0.9779723319558061	0.9785038637291414	0.9847245532452515	0.9842213299395833	0.9783321381071169	0.9793728354282302
0.978259483740018	0.9782290425550422	0.9799044028774504	0.979581063965838	0.979392482159351	0.9792503775800904	0.9797091226608649	0.9785536802598291	0.977549842487595	0.9767443534748308	1.0	0.970050425539821	0.9787549291220464	0.9801408340002252	0.976778048429861	0.9751108515168989	0.9785194830459163	0.9810986166691553	0.9826508605549276	0.9744150508729985	0.9777747167916431	0.9800326690035113	0.9887528208059679	0.9890342587986716	0.9790513413297584	0.9877184893180079	0.9797495608327388	0.9797156556469712	0.9895123215354001	0.9793050523596332	0.978061095696092	0.9783908118764809	0.9781926752623025	0.9719788010577859	0.9774915762414763
0.9705148211556781	0.9700758957145308	0.9727292572525023	0.9736620996306631	0.9732017429681664	0.9706687458912685	0.9726680815261464	0.9728596284116523	0.9739760200529004	0.976003783460035	0.970050425539821	1.0	0.9703157996669254	0.9710751046467414	0.9707198422839782	0.9707800363681026	0.9728540485504584	0.970636926013374	0.9705218026287141	0.9720766267573303	0.9783130981006412	0.9729802103708549	0.9707088492550375	0.9711172371130018	0.9717592777618695	0.9698535716642676	0.9741517443257004	0.9728786675015301	0.9686948548233569	0.9710585149427757	0.971314223214587	0.9841143386560586	0.9833459465967872	0.9825519353876747	0.9749527798467247
0.9800497676210503	0.9799944777308871	0.9835942463178756	0.9846460834587549	0.9937407967685269	0.9792868871130632	0.9844876395306359	0.9838254583982213	0.9825873943121723	0.9782586653137317	0.9787549291220464	0.9703157996669254	1.0	0.9823704228484249	0.9796196584775704	0.9784186534148578	0.9829575227973654	0.9806546523079612	0.983087324551874	0.9790895969178307	0.9820040031491224	0.9849094332303819	0.9828381942516369	0.9831038957722309	0.9861130429535926	0.9805092865149193	0.9830642731546203	0.9847408766254204	0.977349444649617	0.9827751820932481	0.9946440168075941	0.9831100769631028	0.9823372472134949	0.9755762048337318	0.9807341381332352
0.9823952652471105	0.9816130055382513	0.9842810160164439	0.9857041569875351	0.9833830176285024	0.9778854904471121	0.9853214264429436	0.9841802362185943	0.981744910761879	0.9771650079856428	0.9801408340002252	0.9710751046467414	0.9823704228484249	1.0	0.9825247368586423	0.9784404620139485	0.983823457540715	0.9850946605004399	0.9873316471759084	0.9803571060754724	0.9823340181945054	0.9859831304577072	0.9867442715550515	0.9871685053456651	0.9842519790866214	0.9838286123357978	0.9836497758224765	0.9857115835132823	0.9793970048345331	0.9849061153655587	0.9836930818203383	0.9833345819895777	0.9829817236515923	0.9761818674862064	0.9811957799879715
0.9828814947422365	0.9820740895299744	0.9819119108301012	0.9824819038586093	0.981267156976097	0.9763731347634037	0.9822016853347063	0.9814740525691273	0.9804157151088272	0.9765867533657168	0.976778048429861	0.9707198422839782	0.9796196584775704	0.9825247368586423	1.0	0.9755208620082717	0.9818010765877315	0.9806708463985725	0.9828993326253944	0.9788911845966409	0.9818100825033866	0.9827359459945695	0.983114282008429	0.9833594319498011	0.9806853485861204	0.9808186767039435	0.9817185687976177	0.9826066079429329	0.9759597844386847	0.9826223865012003	0.9816080920371992	0.9823073600146304	0.9819545121398003	0.9756839050752636	0.9794059448986404
0.9769845215557831	0.9765596716552442	0.9803961741466587	0.9805476816135672	0.9800422928187325	0.9748592024754663	0.9902131213902778	0.9792907493369689	0.9784266544393203	0.9748198120119484	0.9751108515168989	0.9707800363681026	0.9784186534148578	0.9784404620139485	0.9755208620082717	1.0	0.9798241325294659	0.9767179484847419	0.9786034133446538	0.9767968400926548	0.9778388216054614	0.990635169653641	0.9783012633981782	0.9785483125698755	0.9799923437850954	0.9769318859057134	0.9791280872128537	0.9904844362944805	0.9744117957698368	0.979036020608484	0.9793282137397121	0.978639960083573	0.9778165757530722	0.9734949730231236	0.9776443786005146
0.9833574501084228	0.9827534230315863	0.9859073057097562	0.9855716006719503	0.984494408671948	0.9799339376520033	0.986351555028598	0.9846986112785824	0.9856243982380061	0.9791847350792695	0.9785194830459163	0.9728540485504584	0.9829575227973654	0.983823457540715	0.9818010765877315	0.9798241325294659	1.0	0.9826743464204415	0.9843014262572245	0.9833302968991378	0.9847193957742932	0.9870231307202886	0.9840963551349593	0.9844175489336314	0.9853698347603598	0.9815964054242736	0.9863583707011628	0.987013178775956	0.9771639454610546	0.9839657952098917	0.9845766609738519	0.9852890630507729	0.9845934578748776	0.9778799187551301	0.9848961432794148
0.9828792744772785	0.9824423457753921	0.9822747342479847	0.9832015303429454	0.9822353856883252	0.9771346274487609	0.9834966471020364	0.9815492617143402	0.9811660905103822	0.9763188949188564	0.9810986166691553	0.970636926013374	0.9806546523079612	0.9850946605004399	0.9806708463985725	0.9767179484847419	0.9826743464204415	1.0	0.9880591478470124	0.9795340778274674	0.9816166426240526	0.9838463199087731	0.9875296778679148	0.9878146521319598	0.9818871700422085	0.9850205325753393	0.9827688480483887	0.9839413541993908	0.9803994148023293	0.9841854545149831	0.9820471914142381	0.9818291190768302	0.9814711468031229	0.9759324953681163	0.9798732872969993
0.9845313855127402	0.9836576025304149	0.9844392046894431	0.9850424130992825	0.9844047996272594	0.9784335167338899	0.9854648188268874	0.9837110442957357	0.9828419657745573	0.9776999411352933	0.9826508605549276	0.9705218026287141	0.983087324551874	0.9873316471759084	0.9828993326253944	0.9786034133446538	0.9843014262572245	0.9880591478470124	1.0	0.9805451733783854	0.982882400247543	0.985978701887813	0.9910057097071608	0.9914747988833528	0.983999023226922	0.9876073435739776	0.9842980359839598	0.9857833069984543	0.9819505196324813	0.9861841463808116	0.9847139185951607	0.983522191312039	0.983133114185969	0.9763747965975544	0.981113237065517
0.9804639968204841	0.9796654262792889	0.9829573168866013	0.9827223334241668	0.9814969987070141	0.9774744494348468	0.9830249655650375	0.982177506221007	0.9837477040016703	0.9765878721736374	0.9744150508729985	0.9720766267573303	0.9790895969178307	0.9803571060754724	0.9788911845966409	0.9767968400926548	0.9833302968991378	0.9795340778274674	0.9805451733783854	1.0	0.9817587033579009	0.9834313333422402	0.9804008402741631	0.9807078681292875	0.9813715884079672	0.978593746015605	0.9841861810556395	0.9835137591967342	0.9734076043858388	0.9806631132913881	0.9812481430501	0.982844553436424	0.9822000789585936	0.9776630019534724	0.9820394861116493
0.9822635604752802	0.9817114142178754	0.9839109094056646	0.985074704100504	0.9835206315923617	0.9785850065264946	0.9842883735886078	0.9837987136811668	0.9837548576727024	0.9867444900687511	0.9777747167916431	0.9783130981006412	0.9820040031491224	0.9823340181945054	0.9818100825033866	0.9778388216054614	0.9847193957742932	0.9816166426240526	0.982882400247543	0.9817587033579009	1.0	0.9847740117043952	0.9826772789340604	0.9829547196175052	0.983057177117789	0.9803658742532396	0.9841287822910612	0.984660343041355	0.9767651286570739	0.9828423513996527	0.9834147341827738	0.9908290705502067	0.9903347726974076	0.9835907221960336	0.9830949327496548
0.9840248100256881	0.9831303065034366	0.9869656929583832	0.9873762598618568	0.9866054377820709	0.9802876083552418	0.9984487497773058	0.985986783568706	0.985009909654549	0.9797742249744976	0.9800326690035113	0.9729802103708549	0.9849094332303819	0.9859831304577072	0.9827359459945695	0.990635169653641	0.9870231307202886	0.9838463199087731	0.985978701887813	0.9834313333422402	0.9847740117043952	1.0	0.9856897529583533	0.9859399321687058	0.9870385036125965	0.9833382145658774	0.9855604691318154	0.9990386567145628	0.9796026020950973	0.9860060866185333	0.9864726231731057	0.9850235242975746	0.9844712754526215	0.9781081380749198	0.9832484474316343
0.9846481880832741	0.9841751018897597	0.9844435654980286	0.9844701391294772	0.9838628303383113	0.9783119743259294	0.9852145952633191	0.9838475808710557	0.982259203382713	0.9775179901938578	0.9887528208059679	0.9707088492550375	0.9828381942516369	0.9867442715550515	0.983114282008429	0.9783012633981782	0.9840963551349593	0.9875296778679148	0.9910057097071608	0.9804008402741631	0.9826772789340604	0.9856897529583533	1.0	0.9987419435502645	0.9836184749670234	0.9952122795354597	0.9843942295775837	0.9854175757739257	0.9884811010431018	0.9858213022608449	0.9843150114665744	0.9833564983482118	0.9831429389052493	0.9763013002213154	0.9810288218953602
0.9850405721187143	0.9844460476102208	0.9847829080990841	0.984898484354095	0.984211711221835	0.9786657836552071	0.9853871913456184	0.9841153220609907	0.9825138146250628	0.9777659623235678	0.9890342587986716	0.9711172371130018	0.9831038957722309	0.9871685053456651	0.9833594319498011	0.9785483125698755	0.9844175489336314	0.9878146521319598	0.9914747988833528	0.9807078681292875	0.9829547196175052	0.9859399321687058	0.9987419435502645	1.0	0.9839998580062072	0.9954203195001049	0.9846156753096236	0.9856224374262397	0.9887127657851634	0.9862258945008121	0.9845720913598649	0.98378906231058	0.9835691790797987	0.9765360252711408	0.9812862092133777
0.981471151597072	0.9812625556402828	0.9853573327141317	0.9873917535007938	0.9851355770002568	0.9803176727972854	0.9863604982773236	0.985258185719612	0.9842742478102615	0.9788722530705719	0.9790513413297584	0.9717592777618695	0.9861130429535926	0.9842519790866214	0.9806853485861204	0.9799923437850954	0.9853698347603598	0.9818871700422085	0.983999023226922	0.9813715884079672	0.983057177117789	0.9870385036125965	0.9836184749670234	0.9839998580062072	1.0	0.9815878471308832	0.9843140283027126	0.9869201312730247	0.9780708184109068	0.9848754288014189	0.9850557417209624	0.9841134507414917	0.9833573836657654	0.9765499785360335	0.9823959140584321
0.9822224276194828	0.9819902878319762	0.9823173605993154	0.9826132971562371	0.9821359498852372	0.9773161874279847	0.9829025981069441	0.9817285335470537	0.9806659374745352	0.9766791329127723	0.9877184893180079	0.9698535716642676	0.9805092865149193	0.9838286123357978	0.9808186767039435	0.9769318859057134	0.9815964054242736	0.9850205325753393	0.9876073435739776	0.978593746015605	0.9803658742532396	0.9833382145658774	0.9952122795354597	0.9954203195001049	0.9815878471308832	1.0	0.9823880272950293	0.9830559900234381	0.9877191144103639	0.9837967149948792	0.9818251739443334	0.9811389963738238	0.9807309447557376	0.9750798722898889	0.9796668880561965
0.9823357413515731	0.9823137505592227	0.9858962620351719	0.9850296290496683	0.9844493093033783	0.9813603815836196	0.9850748221172348	0.9843369436972546	0.9864012675546935	0.9798337795402587	0.9797495608327388	0.9741517443257004	0.9830642731546203	0.9836497758224765	0.9817185687976177	0.9791280872128537	0.9863583707011628	0.9827688480483887	0.9842980359839598	0.9841861810556395	0.9841287822910612	0.9855604691318154	0.9843942295775837	0.9846156753096236	0.9843140283027126	0.9823880272950293	1.0	0.9856333038907025	0.9786660796323063	0.9834217154517082	0.9841960901686672	0.9852548671711295	0.9847607795339113	0.9785968712081422	0.9842333237467896
0.9839473690975677	0.9830797713526688	0.9867854424439626	0.9873282942803906	0.9867241777500309	0.9800627731891796	0.9984265747326927	0.9858699068113571	0.985354565785395	0.9795447339320246	0.9797156556469712	0.9728786675015301	0.9847408766254204	0.9857115835132823	0.9826066079429329	0.9904844362944805	0.987013178775956	0.9839413541993908	0.9857833069984543	0.9835137591967342	0.984660343041355	0.9990386567145628	0.9854175757739257	0.9856224374262397	0.9869201312730247	0.9830559900234381	0.9856333038907025	1.0	0.9791375798934292	0.9857895749742656	0.9861741264250449	0.9850098268971529	0.984346426467962	0.9783023417363671	0.9830939526340362
0.9778024858890139	0.9779095654219413	0.9788854252806337	0.9790467050380046	0.9780169323708455	0.9781876588459446	0.9789698881528184	0.9778027643889827	0.9768573516332749	0.9753539165818348	0.9895123215354001	0.9686948548233569	0.977349444649617	0.9793970048345331	0.9759597844386847	0.9744117957698368	0.9771639454610546	0.9803994148023293	0.9819505196324813	0.9734076043858388	0.9767651286570739	0.9796026020950973	0.9884811010431018	0.9887127657851634	0.9780708184109068	0.9877191144103639	0.9786660796323063	0.9791375798934292	1.0	0.9795400143757772	0.9769717980811494	0.9774122386942292	0.9772190897066434	0.9709255242693596	0.9766850686360861
0.9838944919015625	0.9832296415114985	0.9842519369943131	0.98688150441028	0.9844940908881873	0.9790250097249485	0.9853814433804217	0.984019063749369	0.9821942223037873	0.9779723319558061	0.9793050523596332	0.9710585149427757	0.9827751820932481	0.9849061153655587	0.9826223865012003	0.979036020608484	0.9839657952098917	0.9841854545149831	0.9861841463808116	0.9806631132913881	0.9828423513996527	0.9860060866185333	0.9858213022608449	0.9862258945008121	0.9848754288014189	0.9837967149948792	0.9834217154517082	0.9857895749742656	0.9795400143757772	1.0	0.984147967294717	0.9833691902237537	0.9832201868895372	0.9758867788151175	0.9813174123741756
0.9821061729082227	0.9815321055636427	0.984413358901082	0.9857945043130001	0.9952404401010424	0.9783405753916115	0.985927366028948	0.9853892991029876	0.9834150201890596	0.9785038637291414	0.978061095696092	0.971314223214587	0.9946440168075941	0.9836930818203383	0.9816080920371992	0.9793282137397121	0.9845766609738519	0.9820471914142381	0.9847139185951607	0.9812481430501	0.9834147341827738	0.9864726231731057	0.9843150114665744	0.9845720913598649	0.9850557417209624	0.9818251739443334	0.9841960901686672	0.9861741264250449	0.9769717980811494	0.984147967294717	1.0	0.9841555887129354	0.9835882869755583	0.9765651866234303	0.9820888102725422
0.982752046859212	0.9821213988492138	0.9844013960982823	0.9858285568761049	0.9841508193636703	0.9793947917100102	0.9845648782442022	0.9846238395193667	0.9845123335362581	0.9847245532452515	0.9783908118764809	0.9841143386560586	0.9831100769631028	0.9833345819895777	0.9823073600146304	0.978639960083573	0.9852890630507729	0.9818291190768302	0.983522191312039	0.982844553436424	0.9908290705502067	0.9850235242975746	0.9833564983482118	0.98378906231058	0.9841134507414917	0.9811389963738238	0.9852548671711295	0.9850098268971529	0.9774122386942292	0.9833691902237537	0.9841555887129354	1.0	0.9965801481992985	0.9894427843208035	0.9834340906763902
0.9825376444534745	0.9819216838013686	0.9838765749439048	0.9851351929948335	0.98354718718098	0.978717007915523	0.9839212139931159	0.9839474817335214	0.9837999940358871	0.9842213299395833	0.9781926752623025	0.9833459465967872	0.9823372472134949	0.9829817236515923	0.9819545121398003	0.9778165757530722	0.9845934578748776	0.9814711468031229	0.983133114185969	0.9822000789585936	0.9903347726974076	0.9844712754526215	0.9831429389052493	0.9835691790797987	0.9833573836657654	0.9807309447557376	0.9847607795339113	0.984346426467962	0.9772190897066434	0.9832201868895372	0.9835882869755583	0.9965801481992985	1.0	0.9881269306013079	0.9830211162840053
0.9756144987657099	0.9750713351337781	0.9777490838904394	0.9785774312825285	0.9781084738571953	0.9731154923453883	0.9779242817987827	0.9789383951191426	0.9781187250636737	0.9783321381071169	0.9719788010577859	0.9825519353876747	0.9755762048337318	0.9761818674862064	0.9756839050752636	0.9734949730231236	0.9778799187551301	0.9759324953681163	0.9763747965975544	0.9776630019534724	0.9835907221960336	0.9781081380749198	0.9763013002213154	0.9765360252711408	0.9765499785360335	0.9750798722898889	0.9785968712081422	0.9783023417363671	0.9709255242693596	0.9758867788151175	0.9765651866234303	0.9894427843208035	0.9881269306013079	1.0	0.9778917087438089
0.9800630931664003	0.9796569372009595	0.9826212376608651	0.9829796047357542	0.9825683625191528	0.9790251381045819	0.9829074480005235	0.9833640206301416	0.983740775222521	0.9793728354282302	0.9774915762414763	0.9749527798467247	0.9807341381332352	0.9811957799879715	0.9794059448986404	0.9776443786005146	0.9848961432794148	0.9798732872969993	0.981113237065517	0.9820394861116493	0.9830949327496548	0.9832484474316343	0.9810288218953602	0.9812862092133777	0.9823959140584321	0.9796668880561965	0.9842333237467896	0.9830939526340362	0.9766850686360861	0.9813174123741756	0.9820888102725422	0.9834340906763902	0.9830211162840053	0.9778917087438089	1.0
