/home/jshaw/scratch/2022_sketched_distance/references/SGB_genome_fastas_part4/5884/CM_periimplantitis__SP_161SPI_T016__bin.3.fa	/home/jshaw/scratch/2022_sketched_distance/references/SGB_genome_fastas_part4/5884/CM_periimplantitis__SP_384SPT_T016__bin.5.fa	/home/jshaw/scratch/2022_sketched_distance/references/SGB_genome_fastas_part4/5884/HMP_2012__SRS013252__bin.59.fa	/home/jshaw/scratch/2022_sketched_distance/references/SGB_genome_fastas_part4/5884/HMP_2012__SRS013723__bin.65.fa	/home/jshaw/scratch/2022_sketched_distance/references/SGB_genome_fastas_part4/5884/HMP_2012__SRS014578__bin.53.fa	/home/jshaw/scratch/2022_sketched_distance/references/SGB_genome_fastas_part4/5884/HMP_2012__SRS015574__bin.21.fa	/home/jshaw/scratch/2022_sketched_distance/references/SGB_genome_fastas_part4/5884/HMP_2012__SRS017139__bin.42.fa	/home/jshaw/scratch/2022_sketched_distance/references/SGB_genome_fastas_part4/5884/HMP_2012__SRS017304__bin.30.fa	/home/jshaw/scratch/2022_sketched_distance/references/SGB_genome_fastas_part4/5884/HMP_2012__SRS018337__bin.10.fa	/home/jshaw/scratch/2022_sketched_distance/references/SGB_genome_fastas_part4/5884/HMP_2012__SRS018443__bin.10.fa	/home/jshaw/scratch/2022_sketched_distance/references/SGB_genome_fastas_part4/5884/HMP_2012__SRS019980__bin.56.fa	/home/jshaw/scratch/2022_sketched_distance/references/SGB_genome_fastas_part4/5884/HMP_2012__SRS020226__bin.72.fa	/home/jshaw/scratch/2022_sketched_distance/references/SGB_genome_fastas_part4/5884/HMP_2012__SRS022536__bin.24.fa	/home/jshaw/scratch/2022_sketched_distance/references/SGB_genome_fastas_part4/5884/HMP_2012__SRS023595__bin.106.fa	/home/jshaw/scratch/2022_sketched_distance/references/SGB_genome_fastas_part4/5884/HMP_2012__SRS023841__bin.9.fa	/home/jshaw/scratch/2022_sketched_distance/references/SGB_genome_fastas_part4/5884/HMP_2012__SRS023938__bin.9.fa	/home/jshaw/scratch/2022_sketched_distance/references/SGB_genome_fastas_part4/5884/HMP_2012__SRS024021__bin.26.fa	/home/jshaw/scratch/2022_sketched_distance/references/SGB_genome_fastas_part4/5884/HMP_2012__SRS024087__bin.52.fa	/home/jshaw/scratch/2022_sketched_distance/references/SGB_genome_fastas_part4/5884/HMP_2012__SRS024144__bin.25.fa	/home/jshaw/scratch/2022_sketched_distance/references/SGB_genome_fastas_part4/5884/HMP_2012__SRS024289__bin.17.fa	/home/jshaw/scratch/2022_sketched_distance/references/SGB_genome_fastas_part4/5884/HMP_2012__SRS024355__bin.45.fa	/home/jshaw/scratch/2022_sketched_distance/references/SGB_genome_fastas_part4/5884/HMP_2012__SRS024381__bin.21.fa	/home/jshaw/scratch/2022_sketched_distance/references/SGB_genome_fastas_part4/5884/HMP_2012__SRS024561__bin.48.fa	/home/jshaw/scratch/2022_sketched_distance/references/SGB_genome_fastas_part4/5884/HMP_2012__SRS024649__bin.31.fa	/home/jshaw/scratch/2022_sketched_distance/references/SGB_genome_fastas_part4/5884/HMP_2012__SRS042984__bin.21.fa	/home/jshaw/scratch/2022_sketched_distance/references/SGB_genome_fastas_part4/5884/HMP_2012__SRS047113__bin.1.fa	/home/jshaw/scratch/2022_sketched_distance/references/SGB_genome_fastas_part4/5884/HMP_2012__SRS049268__bin.34.fa	/home/jshaw/scratch/2022_sketched_distance/references/SGB_genome_fastas_part4/5884/HMP_2012__SRS049318__bin.91.fa	/home/jshaw/scratch/2022_sketched_distance/references/SGB_genome_fastas_part4/5884/HMP_2012__SRS051941__bin.45.fa	/home/jshaw/scratch/2022_sketched_distance/references/SGB_genome_fastas_part4/5884/HMP_2012__SRS052604__bin.20.fa	/home/jshaw/scratch/2022_sketched_distance/references/SGB_genome_fastas_part4/5884/HMP_2012__SRS058053__bin.15.fa	/home/jshaw/scratch/2022_sketched_distance/references/SGB_genome_fastas_part4/5884/HMP_2012__SRS063215__bin.18.fa	/home/jshaw/scratch/2022_sketched_distance/references/SGB_genome_fastas_part4/5884/HMP_2012__SRS063999__bin.50.fa	/home/jshaw/scratch/2022_sketched_distance/references/SGB_genome_fastas_part4/5884/HMP_2012__SRS065099__bin.45.fa
1.0	0.9804280915258329	0.9797223105245052	0.985104639436288	0.9799418525250375	0.9805845231560235	0.9699221291500498	0.9794061763114087	0.9777577162854774	0.9807848064905607	0.9791005794902988	0.9811944139798057	0.9837750733498029	0.980540197348565	0.9856579449829598	0.9819345814643214	0.9758670989201255	0.9796380134544402	0.9809558995111488	0.9789450144486321	0.9788195715750694	0.9802745512335582	0.9816110449064356	0.9819787909896049	0.9803676754880356	0.9798388298262717	0.9798670971267593	0.9791972658155903	0.981381316154	0.9704219744686964	0.9771175357160047	0.9761528451011033	0.979588485738314	0.9800583439042667
0.9804280915258329	1.0	0.9783696763564996	0.9802853953520704	0.9800738910086108	0.9809657742052558	0.972344729199002	0.9783075823189746	0.9781891067811167	0.978249577184741	0.9801410519744852	0.9805342338183687	0.9823425330424549	0.9798705153942243	0.9773917174307793	0.9801931209637674	0.9724671846008661	0.9811657849961166	0.9805891326468433	0.9797147160711388	0.9815911613568259	0.9829116893363217	0.9803998807548204	0.9798560106964351	0.9800299607726365	0.9805675334579691	0.9793918674485635	0.9801456737327376	0.9794959070931412	0.970691481645656	0.9758279300327549	0.9768622102186074	0.9799731469958767	0.9769209204492454
0.9797223105245052	0.9783696763564996	1.0	0.984263760310195	0.9790482666024388	0.9844764321094474	0.9761174330490565	0.9837345716047339	0.9829283874281652	0.9840706627559554	0.9830090325895654	0.9848534503599845	0.9824555763449375	0.9834350761673175	0.9839739135998079	0.9844840047692685	0.9780339629737295	0.9822935687097563	0.9829677133759868	0.9836124927651071	0.9817150472079254	0.9810595616443955	0.9970326280669962	0.9838025437553184	0.9836567776983505	0.9828696385861891	0.9831772802321564	0.9819772937299299	0.9854918778882057	0.9782589996875828	0.9811217952265897	0.9823045486977481	0.984020714525332	0.9833065528909821
0.985104639436288	0.9802853953520704	0.984263760310195	1.0	0.9801237589770136	0.9860370366198971	0.9770364562129048	0.9833732820153798	0.9830416709128933	0.9845538411095645	0.9844178011170828	0.9861304091711689	0.9820538919206873	0.9859704312560028	0.990393217147934	0.9906717376946197	0.9774833283361608	0.9842104387613863	0.9831622964470403	0.9838286914414754	0.9833482577233843	0.9817323805444106	0.985576476688717	0.9837496982991327	0.9833126819874014	0.9822954361338831	0.9849395593325585	0.9848172068702776	0.9844164156496403	0.9765961117845144	0.9824738611809355	0.9816874181361073	0.9846680996931279	0.9827304631710819
0.9799418525250375	0.9800738910086108	0.9790482666024388	0.9801237589770136	1.0	0.9827778877637493	0.9734609679289533	0.979777395304548	0.9787607948802068	0.9786572203268262	0.981849944899932	0.9814683745661792	0.980712919423715	0.9814371548328296	0.979267710380224	0.9811398692532094	0.9753713367378523	0.9803386564767667	0.9816521922564896	0.9895311419187577	0.9805204036148013	0.9809972001038086	0.9814299584063542	0.979298316841933	0.9809502835566173	0.9805067089507219	0.9806186238642839	0.981010606788415	0.979321072600638	0.9737043665590007	0.978781507092114	0.9796457139311071	0.9926013535280662	0.9771687748500141
0.9805845231560235	0.9809657742052558	0.9844764321094474	0.9860370366198971	0.9827778877637493	1.0	0.9774521884402798	0.984664496757757	0.984932131753829	0.9845621190756251	0.9863643894190398	0.987332255215499	0.982207603178933	0.9873586703666395	0.984349735586041	0.9856506376394951	0.9776948538243182	0.9849684811683876	0.9849158142960183	0.9856399055092507	0.9843381725820306	0.9832017484853474	0.9858722707666562	0.9837790623818141	0.9837226655536552	0.9840696183303225	0.9861700269196314	0.9852874142358444	0.9842391840666208	0.9770772029503607	0.9837313696197902	0.9838856336532504	0.9869472273168381	0.983079027165387
0.9699221291500498	0.972344729199002	0.9761174330490565	0.9770364562129048	0.9734609679289533	0.9774521884402798	1.0	0.9778387431311365	0.9749026021773588	0.9753210154162685	0.9762736775192571	0.977361591672445	0.9719604026525643	0.9783499094491831	0.9784364802331253	0.9782879243619965	0.9754296034385268	0.9766587264479377	0.9781423501347201	0.9756121640640955	0.992420095548199	0.9725972006822622	0.9774092404797332	0.97501166344525	0.9750126246838977	0.9776351959759468	0.9756169160274926	0.9776600685699097	0.9782274252771063	0.9767595867915512	0.9767893868502106	0.9753475067474339	0.9781828987902622	0.9758981145113549
0.9794061763114087	0.9783075823189746	0.9837345716047339	0.9833732820153798	0.979777395304548	0.984664496757757	0.9778387431311365	1.0	0.9838981078047642	0.9827813026828032	0.9835417876353566	0.9862618479163435	0.9803075187904833	0.9839478990869449	0.9832034314037816	0.9842372813536241	0.9789827643359349	0.9818354110662257	0.9957599082588309	0.9843845997750899	0.9836247430190969	0.9801078327375741	0.9851167078562275	0.981736191620856	0.9834095400771297	0.9831061820720647	0.983297396130068	0.9832047868208148	0.9848835525913763	0.9799294261045691	0.9826435839172661	0.9834071139958279	0.9849030942019462	0.9812991555671373
0.9777577162854774	0.9781891067811167	0.9829283874281652	0.9830416709128933	0.9787607948802068	0.984932131753829	0.9749026021773588	0.9838981078047642	1.0	0.9818543815182733	0.9838528564917179	0.9868236979789236	0.9794724236207867	0.9862160249236686	0.98245635056555	0.9850173879288197	0.9765836144008102	0.9819839923686996	0.982671605934162	0.9848703177552279	0.9813207958399032	0.9791831621399127	0.9835223802231081	0.9812105306137915	0.9816331652211278	0.981367913078452	0.9858183813726603	0.9822223391284427	0.9831689783671514	0.9794041504455983	0.9839903862364832	0.9832339282302178	0.9839104359647481	0.9801625956735138
0.9807848064905607	0.978249577184741	0.9840706627559554	0.9845538411095645	0.9786572203268262	0.9845621190756251	0.9753210154162685	0.9827813026828032	0.9818543815182733	1.0	0.9836629336714199	0.984707628571607	0.9918786971680369	0.9836867270605063	0.9828373689124303	0.9835751897185973	0.9872024045998244	0.9822354291806589	0.9828323783037614	0.9820043430551563	0.9816640419517765	0.9804237395683009	0.9853169888776829	0.9975086746260804	0.9834495167898532	0.9804310235392906	0.9833103568995701	0.9820065952710406	0.983557213549656	0.9747874477494475	0.9806208863573048	0.980771624526914	0.9834695922316308	0.9941812167821046
0.9791005794902988	0.9801410519744852	0.9830090325895654	0.9844178011170828	0.981849944899932	0.9863643894190398	0.9762736775192571	0.9835417876353566	0.9838528564917179	0.9836629336714199	1.0	0.9853147274520475	0.9813638197114332	0.9857207259023055	0.9826359963533181	0.9845916510597303	0.9787161954223482	0.9838297135650488	0.9837735343233758	0.9844069477092998	0.9825607486983596	0.9811333612055716	0.9844604617562446	0.9830065569036123	0.9828355637588587	0.9824163698631486	0.9844061195689824	0.9838588538028152	0.9838362798092265	0.9772465354817023	0.98151522052041	0.9826551940427178	0.985709142494946	0.9817869072875948
0.9811944139798057	0.9805342338183687	0.9848534503599845	0.9861304091711689	0.9814683745661792	0.987332255215499	0.977361591672445	0.9862618479163435	0.9868236979789236	0.984707628571607	0.9853147274520475	1.0	0.982286006819446	0.9875898432829012	0.9844678876673884	0.9866329637081718	0.9788819486093996	0.9846797850692098	0.9854705960125606	0.9852760931388369	0.9833553906740581	0.9830350272807633	0.985904112257421	0.9837010557969693	0.9848392023256911	0.9835432937968045	0.987268692710372	0.984589301150381	0.9845053386924391	0.9771747186450951	0.9852822777941354	0.9839988746777528	0.9861817963839807	0.9830579362293491
0.9837750733498029	0.9823425330424549	0.9824555763449375	0.9820538919206873	0.980712919423715	0.982207603178933	0.9719604026525643	0.9803075187904833	0.9794724236207867	0.9918786971680369	0.9813638197114332	0.982286006819446	1.0	0.9813355124670246	0.9811972063712487	0.9818686237553291	0.9847465346339942	0.9813756454912028	0.9821800479725389	0.9795892870986513	0.9807060407073467	0.9824753990497469	0.9844041796671784	0.9937122884711524	0.9829738101822658	0.9802168176516426	0.9805223323151615	0.9820614458739726	0.9817847572133636	0.9708984834742114	0.9774168633479544	0.9777286261717497	0.9805931968893145	0.991656390355713
0.980540197348565	0.9798705153942243	0.9834350761673175	0.9859704312560028	0.9814371548328296	0.9873586703666395	0.9783499094491831	0.9839478990869449	0.9862160249236686	0.9836867270605063	0.9857207259023055	0.9875898432829012	0.9813355124670246	1.0	0.9841104826196334	0.9866246712581966	0.9784059110639812	0.986602109249001	0.9839538827061695	0.9843268639712037	0.9836090163027997	0.9818843789602615	0.9850805328326488	0.9823620371817905	0.9841576502725794	0.9852078723470566	0.9863634601092816	0.9856836575033119	0.9846184687364895	0.9786151006209223	0.9836207819109213	0.983010440785248	0.9852857054948201	0.9815050850661958
0.9856579449829598	0.9773917174307793	0.9839739135998079	0.990393217147934	0.979267710380224	0.984349735586041	0.9784364802331253	0.9832034314037816	0.98245635056555	0.9828373689124303	0.9826359963533181	0.9844678876673884	0.9811972063712487	0.9841104826196334	1.0	0.9872695686363326	0.9786170983239095	0.9818527189501594	0.9820995803200169	0.9830039148778351	0.9827144682506822	0.9791459465612574	0.9849529480826333	0.9822504267916935	0.9819538151534661	0.9823178742479659	0.9828156283820118	0.9830796314893977	0.9845796841782202	0.9784578964372161	0.9818960439994902	0.9822383344529239	0.9841148337818776	0.9823555928600077
0.9819345814643214	0.9801931209637674	0.9844840047692685	0.9906717376946197	0.9811398692532094	0.9856506376394951	0.9782879243619965	0.9842372813536241	0.9850173879288197	0.9835751897185973	0.9845916510597303	0.9866329637081718	0.9818686237553291	0.9866246712581966	0.9872695686363326	1.0	0.9779711642102813	0.9841148840493144	0.9833997063339958	0.9856549544690342	0.9833070160665277	0.9810507500223113	0.9850697442374579	0.9827452270612024	0.9840609443351739	0.9837131772216766	0.9847197364267182	0.984300865768302	0.9844604617562446	0.9797259042088413	0.9825700107472874	0.9834450841739568	0.9851111786087763	0.9817520965282673
0.9758670989201255	0.9724671846008661	0.9780339629737295	0.9774833283361608	0.9753713367378523	0.9776948538243182	0.9754296034385268	0.9789827643359349	0.9765836144008102	0.9872024045998244	0.9787161954223482	0.9788819486093996	0.9847465346339942	0.9784059110639812	0.9786170983239095	0.9779711642102813	1.0	0.9761087912703794	0.9790997578771794	0.9772364990376197	0.9776457262445263	0.9739572954663934	0.9796269288678955	0.987212308064987	0.9793836226926033	0.9764193500334013	0.9769044149423307	0.9770325480739004	0.9787476888360434	0.9762053567389655	0.9764497178628079	0.9770978275591686	0.9777093205076788	0.9876761904785208
0.9796380134544402	0.9811657849961166	0.9822935687097563	0.9842104387613863	0.9803386564767667	0.9849684811683876	0.9766587264479377	0.9818354110662257	0.9819839923686996	0.9822354291806589	0.9838297135650488	0.9846797850692098	0.9813756454912028	0.986602109249001	0.9818527189501594	0.9841148840493144	0.9761087912703794	1.0	0.9833715043097337	0.9819075774810636	0.9829365205283005	0.9821774657795074	0.9837143497595671	0.9822349150065937	0.9820842243011506	0.9891561188939632	0.9841052685695625	0.984163865883619	0.982303234064673	0.9752892466938247	0.9812777721962503	0.9802934826031986	0.9832172543546528	0.980563906382594
0.9809558995111488	0.9805891326468433	0.9829677133759868	0.9831622964470403	0.9816521922564896	0.9849158142960183	0.9781423501347201	0.9957599082588309	0.982671605934162	0.9828323783037614	0.9837735343233758	0.9854705960125606	0.9821800479725389	0.9839538827061695	0.9820995803200169	0.9833997063339958	0.9790997578771794	0.9833715043097337	1.0	0.983477128463896	0.9852547767601876	0.9810887725478907	0.9854993481512502	0.9829636230673545	0.9832940765564675	0.9834921042434912	0.9832563573877331	0.9832318158356421	0.984174980575484	0.9772759554975822	0.9820297949285499	0.9825513040843334	0.984069940738236	0.9817223158523642
0.9789450144486321	0.9797147160711388	0.9836124927651071	0.9838286914414754	0.9895311419187577	0.9856399055092507	0.9756121640640955	0.9843845997750899	0.9848703177552279	0.9820043430551563	0.9844069477092998	0.9852760931388369	0.9795892870986513	0.9843268639712037	0.9830039148778351	0.9856549544690342	0.9772364990376197	0.9819075774810636	0.983477128463896	1.0	0.9819089036108851	0.9796502057267731	0.9839323030146618	0.9814882357873184	0.9829480667044971	0.9822918059834338	0.9838498793493166	0.9824196467440817	0.9840184533723398	0.9808689495955835	0.982055716732861	0.9854139383311857	0.9942060771676418	0.9803452893400566
0.9788195715750694	0.9815911613568259	0.9817150472079254	0.9833482577233843	0.9805204036148013	0.9843381725820306	0.992420095548199	0.9836247430190969	0.9813207958399032	0.9816640419517765	0.9825607486983596	0.9833553906740581	0.9807060407073467	0.9836090163027997	0.9827144682506822	0.9833070160665277	0.9776457262445263	0.9829365205283005	0.9852547767601876	0.9819089036108851	1.0	0.981766243975979	0.984311053352559	0.982464546690063	0.9815547620996795	0.9833274124498735	0.9827152221957915	0.9833922821767458	0.9837389216445086	0.9771842563927584	0.980132343470294	0.980479286713544	0.9836840265650251	0.9809182557107347
0.9802745512335582	0.9829116893363217	0.9810595616443955	0.9817323805444106	0.9809972001038086	0.9832017484853474	0.9725972006822622	0.9801078327375741	0.9791831621399127	0.9804237395683009	0.9811333612055716	0.9830350272807633	0.9824753990497469	0.9818843789602615	0.9791459465612574	0.9810507500223113	0.9739572954663934	0.9821774657795074	0.9810887725478907	0.9796502057267731	0.981766243975979	1.0	0.9823963078026066	0.9809116211145382	0.9818388099983775	0.9814589982941133	0.9822756161068462	0.981916092461221	0.9797733114532937	0.972944001085621	0.9788152459001502	0.9773733912324168	0.9806406126800155	0.978023197687245
0.9816110449064356	0.9803998807548204	0.9970326280669962	0.985576476688717	0.9814299584063542	0.9858722707666562	0.9774092404797332	0.9851167078562275	0.9835223802231081	0.9853169888776829	0.9844604617562446	0.985904112257421	0.9844041796671784	0.9850805328326488	0.9849529480826333	0.9850697442374579	0.9796269288678955	0.9837143497595671	0.9854993481512502	0.9839323030146618	0.984311053352559	0.9823963078026066	1.0	0.9850965872985974	0.985535934158629	0.983710663056929	0.9846135187160245	0.9838386337654862	0.9863941632597755	0.9784307636985043	0.9823404951827569	0.9825515925198265	0.9850508598245278	0.9842820007879648
0.9819787909896049	0.9798560106964351	0.9838025437553184	0.9837496982991327	0.979298316841933	0.9837790623818141	0.97501166344525	0.981736191620856	0.9812105306137915	0.9975086746260804	0.9830065569036123	0.9837010557969693	0.9937122884711524	0.9823620371817905	0.9822504267916935	0.9827452270612024	0.987212308064987	0.9822349150065937	0.9829636230673545	0.9814882357873184	0.982464546690063	0.9809116211145382	0.9850965872985974	1.0	0.9829389795949115	0.9802582552232676	0.9822576787151247	0.981102321781396	0.983671777039552	0.9739653677742711	0.9791332414900242	0.9795517545901508	0.9826117198954402	0.9950303260902063
0.9803676754880356	0.9800299607726365	0.9836567776983505	0.9833126819874014	0.9809502835566173	0.9837226655536552	0.9750126246838977	0.9834095400771297	0.9816331652211278	0.9834495167898532	0.9828355637588587	0.9848392023256911	0.9829738101822658	0.9841576502725794	0.9819538151534661	0.9840609443351739	0.9793836226926033	0.9820842243011506	0.9832940765564675	0.9829480667044971	0.9815547620996795	0.9818388099983775	0.985535934158629	0.9829389795949115	1.0	0.9821368893739668	0.9827822778520101	0.9822397344481492	0.984294072992738	0.9767098653423373	0.9810687037800764	0.9802822888308259	0.9835472016035781	0.9817179000177108
0.9798388298262717	0.9805675334579691	0.9828696385861891	0.9822954361338831	0.9805067089507219	0.9840696183303225	0.9776351959759468	0.9831061820720647	0.981367913078452	0.9804310235392906	0.9824163698631486	0.9835432937968045	0.9802168176516426	0.9852078723470566	0.9823178742479659	0.9837131772216766	0.9764193500334013	0.9891561188939632	0.9834921042434912	0.9822918059834338	0.9833274124498735	0.9814589982941133	0.983710663056929	0.9802582552232676	0.9821368893739668	1.0	0.9824290995410945	0.9834788299880046	0.9833245704187751	0.9774253551650823	0.9815122514442389	0.9827576288149371	0.9831190146079593	0.9796720561058277
0.9798670971267593	0.9793918674485635	0.9831772802321564	0.9849395593325585	0.9806186238642839	0.9861700269196314	0.9756169160274926	0.983297396130068	0.9858183813726603	0.9833103568995701	0.9844061195689824	0.987268692710372	0.9805223323151615	0.9863634601092816	0.9828156283820118	0.9847197364267182	0.9769044149423307	0.9841052685695625	0.9832563573877331	0.9838498793493166	0.9827152221957915	0.9822756161068462	0.9846135187160245	0.9822576787151247	0.9827822778520101	0.9824290995410945	1.0	0.986384028026964	0.9836752314129946	0.9766587436995842	0.9946219716213569	0.9818834390746701	0.9848400648561291	0.9812843746179113
0.9791972658155903	0.9801456737327376	0.9819772937299299	0.9848172068702776	0.981010606788415	0.9852874142358444	0.9776600685699097	0.9832047868208148	0.9822223391284427	0.9820065952710406	0.9838588538028152	0.984589301150381	0.9820614458739726	0.9856836575033119	0.9830796314893977	0.984300865768302	0.9770325480739004	0.984163865883619	0.9832318158356421	0.9824196467440817	0.9833922821767458	0.981916092461221	0.9838386337654862	0.981102321781396	0.9822397344481492	0.9834788299880046	0.986384028026964	1.0	0.9829545683225366	0.9783928309416668	0.9842874150177322	0.9812851684473923	0.9835861213723014	0.980704177153326
0.981381316154	0.9794959070931412	0.9854918778882057	0.9844164156496403	0.979321072600638	0.9842391840666208	0.9782274252771063	0.9848835525913763	0.9831689783671514	0.983557213549656	0.9838362798092265	0.9845053386924391	0.9817847572133636	0.9846184687364895	0.9845796841782202	0.9844604617562446	0.9787476888360434	0.982303234064673	0.984174980575484	0.9840184533723398	0.9837389216445086	0.9797733114532937	0.9863941632597755	0.983671777039552	0.984294072992738	0.9833245704187751	0.9836752314129946	0.9829545683225366	1.0	0.9772303141135191	0.9816861822556967	0.9824410205243416	0.9852718071552558	0.9827143645486218
0.9704219744686964	0.970691481645656	0.9782589996875828	0.9765961117845144	0.9737043665590007	0.9770772029503607	0.9767595867915512	0.9799294261045691	0.9794041504455983	0.9747874477494475	0.9772465354817023	0.9771747186450951	0.9708984834742114	0.9786151006209223	0.9784578964372161	0.9797259042088413	0.9762053567389655	0.9752892466938247	0.9772759554975822	0.9808689495955835	0.9771842563927584	0.972944001085621	0.9784307636985043	0.9739653677742711	0.9767098653423373	0.9774253551650823	0.9766587436995842	0.9783928309416668	0.9772303141135191	1.0	0.9777826277303058	0.9805236479109777	0.9779107277886308	0.9753224865062824
0.9771175357160047	0.9758279300327549	0.9811217952265897	0.9824738611809355	0.978781507092114	0.9837313696197902	0.9767893868502106	0.9826435839172661	0.9839903862364832	0.9806208863573048	0.98151522052041	0.9852822777941354	0.9774168633479544	0.9836207819109213	0.9818960439994902	0.9825700107472874	0.9764497178628079	0.9812777721962503	0.9820297949285499	0.982055716732861	0.980132343470294	0.9788152459001502	0.9823404951827569	0.9791332414900242	0.9810687037800764	0.9815122514442389	0.9946219716213569	0.9842874150177322	0.9816861822556967	0.9777826277303058	1.0	0.9806239891148893	0.9827446784515651	0.9794578625027073
0.9761528451011033	0.9768622102186074	0.9823045486977481	0.9816874181361073	0.9796457139311071	0.9838856336532504	0.9753475067474339	0.9834071139958279	0.9832339282302178	0.980771624526914	0.9826551940427178	0.9839988746777528	0.9777286261717497	0.983010440785248	0.9822383344529239	0.9834450841739568	0.9770978275591686	0.9802934826031986	0.9825513040843334	0.9854139383311857	0.980479286713544	0.9773733912324168	0.9825515925198265	0.9795517545901508	0.9802822888308259	0.9827576288149371	0.9818834390746701	0.9812851684473923	0.9824410205243416	0.9805236479109777	0.9806239891148893	1.0	0.9839417395849448	0.9797235519314046
0.979588485738314	0.9799731469958767	0.984020714525332	0.9846680996931279	0.9926013535280662	0.9869472273168381	0.9781828987902622	0.9849030942019462	0.9839104359647481	0.9834695922316308	0.985709142494946	0.9861817963839807	0.9805931968893145	0.9852857054948201	0.9841148337818776	0.9851111786087763	0.9777093205076788	0.9832172543546528	0.984069940738236	0.9942060771676418	0.9836840265650251	0.9806406126800155	0.9850508598245278	0.9826117198954402	0.9835472016035781	0.9831190146079593	0.9848400648561291	0.9835861213723014	0.9852718071552558	0.9779107277886308	0.9827446784515651	0.9839417395849448	1.0	0.9816576962070931
0.9800583439042667	0.9769209204492454	0.9833065528909821	0.9827304631710819	0.9771687748500141	0.983079027165387	0.9758981145113549	0.9812991555671373	0.9801625956735138	0.9941812167821046	0.9817869072875948	0.9830579362293491	0.991656390355713	0.9815050850661958	0.9823555928600077	0.9817520965282673	0.9876761904785208	0.980563906382594	0.9817223158523642	0.9803452893400566	0.9809182557107347	0.978023197687245	0.9842820007879648	0.9950303260902063	0.9817179000177108	0.9796720561058277	0.9812843746179113	0.980704177153326	0.9827143645486218	0.9753224865062824	0.9794578625027073	0.9797235519314046	0.9816576962070931	1.0
