/home/jshaw/scratch/2022_sketched_distance/references/SGB_genome_fastas_part4/5234/BritoIL_2016__M1.27.ST__bin.63.fa	/home/jshaw/scratch/2022_sketched_distance/references/SGB_genome_fastas_part4/5234/BritoIL_2016__M1.44.ST__bin.98.fa	/home/jshaw/scratch/2022_sketched_distance/references/SGB_genome_fastas_part4/5234/BritoIL_2016__M1.57.ST__bin.67.fa	/home/jshaw/scratch/2022_sketched_distance/references/SGB_genome_fastas_part4/5234/BritoIL_2016__M2.31.ST__bin.71.fa	/home/jshaw/scratch/2022_sketched_distance/references/SGB_genome_fastas_part4/5234/BritoIL_2016__M2.44.ST__bin.15.fa	/home/jshaw/scratch/2022_sketched_distance/references/SGB_genome_fastas_part4/5234/BritoIL_2016__W1.22.ST__bin.88.fa	/home/jshaw/scratch/2022_sketched_distance/references/SGB_genome_fastas_part4/5234/BritoIL_2016__W1.27.ST__bin.23.fa	/home/jshaw/scratch/2022_sketched_distance/references/SGB_genome_fastas_part4/5234/BritoIL_2016__W1.2.ST__bin.88.fa	/home/jshaw/scratch/2022_sketched_distance/references/SGB_genome_fastas_part4/5234/BritoIL_2016__W1.44.ST__bin.43.fa	/home/jshaw/scratch/2022_sketched_distance/references/SGB_genome_fastas_part4/5234/BritoIL_2016__W1.4.ST__bin.36.fa	/home/jshaw/scratch/2022_sketched_distance/references/SGB_genome_fastas_part4/5234/BritoIL_2016__W2.15.ST__bin.13.fa	/home/jshaw/scratch/2022_sketched_distance/references/SGB_genome_fastas_part4/5234/BritoIL_2016__W2.34.ST__bin.44.fa	/home/jshaw/scratch/2022_sketched_distance/references/SGB_genome_fastas_part4/5234/BritoIL_2016__W2.36.ST__bin.17.fa	/home/jshaw/scratch/2022_sketched_distance/references/SGB_genome_fastas_part4/5234/BritoIL_2016__W2.8.ST__bin.10.fa	/home/jshaw/scratch/2022_sketched_distance/references/SGB_genome_fastas_part4/5234/BritoIL_2016__W2.9.ST__bin.86.fa	/home/jshaw/scratch/2022_sketched_distance/references/SGB_genome_fastas_part4/5234/BritoIL_2016__W3.19.ST__bin.82.fa	/home/jshaw/scratch/2022_sketched_distance/references/SGB_genome_fastas_part4/5234/BritoIL_2016__W3.22.ST__bin.107.fa	/home/jshaw/scratch/2022_sketched_distance/references/SGB_genome_fastas_part4/5234/BritoIL_2016__WL.14.ST__bin.42.fa	/home/jshaw/scratch/2022_sketched_distance/references/SGB_genome_fastas_part4/5234/BritoIL_2016__WL.1.ST__bin.4.fa	/home/jshaw/scratch/2022_sketched_distance/references/SGB_genome_fastas_part4/5234/CosteaPI_2017__SID713A053-11-0-0__bin.71.fa	/home/jshaw/scratch/2022_sketched_distance/references/SGB_genome_fastas_part4/5234/CosteaPI_2017__SID713A053-11-90-0__bin.39.fa	/home/jshaw/scratch/2022_sketched_distance/references/SGB_genome_fastas_part4/5234/CosteaPI_2017__SID713A056-11-0-0__bin.68.fa	/home/jshaw/scratch/2022_sketched_distance/references/SGB_genome_fastas_part4/5234/CosteaPI_2017__SID713A056-11-90-0__bin.20.fa	/home/jshaw/scratch/2022_sketched_distance/references/SGB_genome_fastas_part4/5234/CosteaPI_2017__SID713A084-11-0-0__bin.32.fa	/home/jshaw/scratch/2022_sketched_distance/references/SGB_genome_fastas_part4/5234/CosteaPI_2017__SID713B012-11-0-0__bin.41.fa	/home/jshaw/scratch/2022_sketched_distance/references/SGB_genome_fastas_part4/5234/LiJ_2014__MH0402__bin.38.fa	/home/jshaw/scratch/2022_sketched_distance/references/SGB_genome_fastas_part4/5234/LiuW_2016__SRR3992955__bin.18.fa	/home/jshaw/scratch/2022_sketched_distance/references/SGB_genome_fastas_part4/5234/LiuW_2016__SRR3992970__bin.1.fa	/home/jshaw/scratch/2022_sketched_distance/references/SGB_genome_fastas_part4/5234/LiuW_2016__SRR3992989__bin.9.fa	/home/jshaw/scratch/2022_sketched_distance/references/SGB_genome_fastas_part4/5234/LiuW_2016__SRR3992991__bin.50.fa	/home/jshaw/scratch/2022_sketched_distance/references/SGB_genome_fastas_part4/5234/LiuW_2016__SRR3992995__bin.49.fa	/home/jshaw/scratch/2022_sketched_distance/references/SGB_genome_fastas_part4/5234/LiuW_2016__SRR3992997__bin.34.fa	/home/jshaw/scratch/2022_sketched_distance/references/SGB_genome_fastas_part4/5234/LiuW_2016__SRR3992998__bin.70.fa	/home/jshaw/scratch/2022_sketched_distance/references/SGB_genome_fastas_part4/5234/LiuW_2016__SRR3993002__bin.65.fa	/home/jshaw/scratch/2022_sketched_distance/references/SGB_genome_fastas_part4/5234/LiuW_2016__SRR3993004__bin.64.fa	/home/jshaw/scratch/2022_sketched_distance/references/SGB_genome_fastas_part4/5234/LiuW_2016__SRR3993009__bin.6.fa	/home/jshaw/scratch/2022_sketched_distance/references/SGB_genome_fastas_part4/5234/LiuW_2016__SRR3993030__bin.22.fa	/home/jshaw/scratch/2022_sketched_distance/references/SGB_genome_fastas_part4/5234/LiuW_2016__SRR3993034__bin.29.fa	/home/jshaw/scratch/2022_sketched_distance/references/SGB_genome_fastas_part4/5234/LiuW_2016__SRR3993055__bin.60.fa	/home/jshaw/scratch/2022_sketched_distance/references/SGB_genome_fastas_part4/5234/RaymondF_2016__P14E90__bin.91.fa
1.0	0.9795022463903815	0.9767505160557496	0.9794118817088131	0.9761433935678708	0.9787227235173759	0.9793551034720293	0.9762252503475747	0.9812321831518861	0.9788358400560289	0.9784070551477979	0.9689935155357674	0.9887175940850139	0.9822798050865295	0.9735706260320158	0.9756825721639327	0.9801599847646654	0.9777921229040375	0.9750195328314804	0.9663149761158167	0.9666883043376782	0.9671976523947758	0.9582732493189567	0.9633322854707106	0.9674641035292207	0.9760820725167886	0.9572978480945404	0.9661005366988578	0.9654685083004446	0.9649664064434438	0.9596436254614737	0.9655310106207959	0.9670633375739193	0.9640102915290732	0.9637672633492204	0.9632354896830821	0.966719809200943	0.9582589017629378	0.9661522484451892	0.9647698345956984
0.9795022463903815	1.0	0.9765271663134464	0.9790205738262996	0.9707495981938729	0.9797913362964382	0.9800002350649618	0.9754409345543926	0.9814630890952785	0.9789464210147533	0.9780646308413802	0.9706200240656196	0.9807173970571693	0.9822209358918184	0.9742211542539878	0.9784050650311987	0.9814787840825389	0.9795462539816471	0.973345763526279	0.9702093011607492	0.970240143389203	0.9700704626074178	0.9611377737892824	0.9660842242454454	0.9700897685600743	0.978988955724442	0.9597239859971503	0.9675891971293014	0.9677369089664958	0.9674420578405495	0.9622449746375411	0.9681106528459589	0.968189712605765	0.9671736383157501	0.9657789305942328	0.9653894556120807	0.9686181178794853	0.9580737406303578	0.9688430435368786	0.9677092790416604
0.9767505160557496	0.9765271663134464	1.0	0.9759823312368002	0.9705691853455689	0.9745628217756597	0.9731701258055168	0.9730191205879208	0.976065570732298	0.9772666579130727	0.9751007961964361	0.9688168131817181	0.9758876083446779	0.9762671970951546	0.971186182254295	0.974121630494571	0.9758778074344697	0.9750196256864244	0.9689680720698388	0.9648833079888757	0.964832692510831	0.967488042637289	0.9607252391455806	0.9626689576819079	0.9673630519417576	0.9765483137859493	0.9591613197236611	0.9657566021998895	0.9657897504295125	0.9651815061201194	0.9623807575683133	0.9653827649536011	0.9665771546448849	0.9658154791023079	0.9637148984369037	0.9634194174926504	0.9672750690845235	0.9594916027504451	0.9669509140504704	0.9645739937334189
0.9794118817088131	0.9790205738262996	0.9759823312368002	1.0	0.9715377131418229	0.9866641092251733	0.9797553929498559	0.982016894159321	0.978513405644806	0.976472106214759	0.9770236851423563	0.9694454357845392	0.9799090998888702	0.9794867345645905	0.9837515971998805	0.9767569567796679	0.9912146858021854	0.9773958958275026	0.9725386982867662	0.9660945398548006	0.9662618690423099	0.9660719838927532	0.9593481037902416	0.963933336914666	0.9675573122533203	0.9755640054828681	0.9582876705332659	0.966424884914997	0.9659633534789067	0.9655612792691207	0.9607847139114942	0.9657745969573621	0.9660471324867244	0.9655374028762794	0.9633565912848209	0.9639807888168871	0.9669212847336143	0.9582096415406406	0.9661844930574403	0.9652310458064888
0.9761433935678708	0.9707495981938729	0.9705691853455689	0.9715377131418229	1.0	0.9710371316476892	0.9700434671872238	0.96979105622838	0.9724574441443027	0.97290453554967	0.9691975791332516	0.9708105518508909	0.9782754388326932	0.9731236025456665	0.9698096155576374	0.9694134511032415	0.9716792292091748	0.9700873169692368	0.9709770212852382	0.9607576173260438	0.9609083030667649	0.9629410702113952	0.9595813343811281	0.9600794816953184	0.9631401127402593	0.9707190598099572	0.9553109714597945	0.9631465291237156	0.9619595038038327	0.9621657713294745	0.9573200873927987	0.9620359698324362	0.9634081294204698	0.9627784197269024	0.9601718978807142	0.9624762151108883	0.9641154745552117	0.9564600586203482	0.9622910314084951	0.9617859911942697
0.9787227235173759	0.9797913362964382	0.9745628217756597	0.9866641092251733	0.9710371316476892	1.0	0.9810006886829805	0.9821860381686853	0.9800235772424024	0.9770126282936309	0.9780681008369515	0.9698235592560892	0.9783854411783811	0.9802410969524188	0.9821051806395029	0.9776655081971998	0.9893983074484727	0.9788659300284926	0.975310320278288	0.9680024754204839	0.9683037292880481	0.9677437137528206	0.9605594748006943	0.9642467980606529	0.9686636704164131	0.9764540693787617	0.9590253514285505	0.9668853392232306	0.9670083891568794	0.9656192691262508	0.9611841368066765	0.9660756489948691	0.967567263450413	0.965849121957905	0.9647087649061079	0.9654538767677259	0.96802465214067	0.9599084176393411	0.967818467881391	0.9658288343775128
0.9793551034720293	0.9800002350649618	0.9731701258055168	0.9797553929498559	0.9700434671872238	0.9810006886829805	1.0	0.9784712938226869	0.980720444195587	0.9768090028207619	0.977390619419147	0.9686238467128224	0.9794110203043038	0.9803702943062057	0.9744735858376379	0.9774323340725948	0.9815616084013946	0.9773513629350645	0.9748591366128315	0.9666748043834805	0.9672945224344314	0.9669381498051931	0.9589979949530245	0.9640866058477843	0.9672387473859457	0.9744953526810017	0.9557699528105859	0.9656323338062983	0.9651894416408165	0.9644794721534774	0.9590544287640249	0.9658556167367495	0.9666718087535354	0.964228419469891	0.9627281571278692	0.9634300672828636	0.9660824419159678	0.9548699477339839	0.9656007717534127	0.9654377958040563
0.9762252503475747	0.9754409345543926	0.9730191205879208	0.982016894159321	0.96979105622838	0.9821860381686853	0.9784712938226869	1.0	0.9782435842715038	0.9750504192535792	0.9754678742894765	0.9707554086808605	0.9757645913865307	0.9770037882251487	0.9797524469180116	0.975366862721585	0.9843194646300709	0.9749049455179024	0.9732896998661178	0.9645080079331126	0.9654834796647571	0.9644816863768512	0.9588592244783062	0.9630137704558733	0.9645441199059275	0.9730379552823665	0.9577772742179056	0.9652921160811709	0.9636948239470171	0.9641573383181162	0.9599546093819807	0.9652439832128467	0.9649488938149724	0.9644465048373266	0.9621103986668875	0.9628808441179292	0.9647453819631484	0.9572540406686293	0.9652085920932612	0.963116607852637
0.9812321831518861	0.9814630890952785	0.976065570732298	0.978513405644806	0.9724574441443027	0.9800235772424024	0.980720444195587	0.9782435842715038	1.0	0.9800170366441576	0.9770896168152237	0.9716512712937431	0.981874456881674	0.9818152427920712	0.9746699340370163	0.9777323088163083	0.9812842472073828	0.9792775030402129	0.9743851812823254	0.9686623132463249	0.9692894478120234	0.9683482142088652	0.960208182843051	0.9660061946320324	0.9697431497987105	0.9775923837877127	0.9592854770322953	0.9679335227648822	0.9672163784837147	0.9667132284431165	0.9612780627466244	0.9677417733355386	0.967794907143031	0.9664917468322507	0.965189275306087	0.9655453337798374	0.9681772766859994	0.9585136844008416	0.968450554298221	0.9672398946189029
0.9788358400560289	0.9789464210147533	0.9772666579130727	0.976472106214759	0.97290453554967	0.9770126282936309	0.9768090028207619	0.9750504192535792	0.9800170366441576	1.0	0.976171290887508	0.9702420945100985	0.97928542203134	0.9840488198007965	0.9719244043143432	0.9762177890808819	0.9786903086983502	0.9765647772098884	0.9705469024499942	0.9694680813979447	0.9698148646187139	0.97068244611622	0.962029172231901	0.9676457136921188	0.9704915279099818	0.978396556006938	0.961775190199244	0.9683910708304532	0.9676719760073841	0.9683072863995368	0.962587328093712	0.9690995114041716	0.9693423536576189	0.967625087630244	0.9664719574824536	0.965224707992034	0.9704579774185509	0.9600905863249011	0.9690656559461517	0.9690368097105826
0.9784070551477979	0.9780646308413802	0.9751007961964361	0.9770236851423563	0.9691975791332516	0.9780681008369515	0.977390619419147	0.9754678742894765	0.9770896168152237	0.976171290887508	1.0	0.968190880046006	0.9781528147629588	0.9794827253420837	0.9741753682128086	0.9784388287545429	0.9780191018912177	0.9768224357302984	0.9740354337595448	0.9653264193679388	0.9659456061570981	0.9666332051325742	0.9602320779867601	0.9623453698460318	0.9674313197621313	0.9739726872471686	0.9591654843047165	0.965716435328491	0.9645320379385713	0.9658565601566452	0.959955645373163	0.965960232823343	0.9658506294775842	0.9651368821085436	0.9641083799291359	0.9634995964185539	0.9667104418734724	0.9579511111935239	0.9668352955136956	0.9653451841886956
0.9689935155357674	0.9706200240656196	0.9688168131817181	0.9694454357845392	0.9708105518508909	0.9698235592560892	0.9686238467128224	0.9707554086808605	0.9716512712937431	0.9702420945100985	0.968190880046006	1.0	0.9704754340045357	0.9714447275978775	0.9681535442834258	0.9705550026532019	0.9709711759935586	0.9711407623774824	0.9687270792674304	0.9615278674912968	0.9618217949498826	0.96227673163398	0.9584492271209049	0.9600872645796333	0.9633948762838354	0.9703602408141383	0.9567381750130016	0.962682215665507	0.9632052002236346	0.9617669493385693	0.9593828437074515	0.9636195292998428	0.9619767110733323	0.9624504676004496	0.9601044598520657	0.9606143177901869	0.9626824796302934	0.9547293875845728	0.9629749579164315	0.962157969760112
0.9887175940850139	0.9807173970571693	0.9758876083446779	0.9799090998888702	0.9782754388326932	0.9783854411783811	0.9794110203043038	0.9757645913865307	0.981874456881674	0.97928542203134	0.9781528147629588	0.9704754340045357	1.0	0.9836640396232991	0.9749262986420048	0.9771259434544763	0.9800540672262537	0.9791475304744506	0.9753421761381199	0.9679437435146876	0.9683057426351968	0.9684301729545296	0.9612174743142373	0.9649381959150295	0.9693402438439498	0.9772485159493213	0.9601112350083979	0.9672965229672486	0.9669574196259065	0.9668524374575785	0.9622575759284466	0.9670252959710905	0.9679472898225175	0.9666693126221503	0.965285308062483	0.9648726313873343	0.9682167026025522	0.9601511472770282	0.9682404210034475	0.9672087603970033
0.9822798050865295	0.9822209358918184	0.9762671970951546	0.9794867345645905	0.9731236025456665	0.9802410969524188	0.9803702943062057	0.9770037882251487	0.9818152427920712	0.9840488198007965	0.9794827253420837	0.9714447275978775	0.9836640396232991	1.0	0.975214917715986	0.9781149148487596	0.9817030342880961	0.9795314540616914	0.9744935091340609	0.9695376865420448	0.9697723353417055	0.9695843667860754	0.9613669670148459	0.9658433439265087	0.9694702547961933	0.9779941490718232	0.9590214170466884	0.9669155562533353	0.9676858930731504	0.966606068503401	0.9618916276308428	0.9677332959368459	0.9683131961333659	0.9679459082065206	0.9655851390505246	0.9644369456053336	0.9688376097257195	0.9590350556485024	0.9684458261482392	0.9671852961600292
0.9735706260320158	0.9742211542539878	0.971186182254295	0.9837515971998805	0.9698096155576374	0.9821051806395029	0.9744735858376379	0.9797524469180116	0.9746699340370163	0.9719244043143432	0.9741753682128086	0.9681535442834258	0.9749262986420048	0.975214917715986	1.0	0.973724770985075	0.9868049473383733	0.9745165570747609	0.9697578266103352	0.9631397742611594	0.963400532885742	0.9630183373359791	0.9584900785535799	0.9618531201058199	0.9636627159574893	0.9708580719959947	0.9556042582208121	0.9641764890102921	0.9636234887164805	0.9631049235581736	0.9591700525751745	0.9632888604846447	0.9638913363471043	0.9641068505968902	0.9607436570833728	0.9619208909842119	0.9641423911774337	0.9582932676717155	0.9632864375044047	0.962659894313009
0.9756825721639327	0.9784050650311987	0.974121630494571	0.9767569567796679	0.9694134511032415	0.9776655081971998	0.9774323340725948	0.975366862721585	0.9777323088163083	0.9762177890808819	0.9784388287545429	0.9705550026532019	0.9771259434544763	0.9781149148487596	0.973724770985075	1.0	0.9785720825237157	0.9770158429725287	0.9731199661556028	0.9660984022753895	0.9669049092509239	0.9676418835322431	0.9608623503409989	0.9642950855716402	0.9678986063863085	0.9754395053434873	0.9588326811268127	0.9658272990404257	0.9658075570243989	0.9653803567459704	0.9603526212962834	0.9662649565534231	0.9658567577233623	0.9650389410728147	0.9637379487237557	0.9641242182193308	0.9678770986896555	0.9586904736044874	0.9668385788600705	0.9651987221365775
0.9801599847646654	0.9814787840825389	0.9758778074344697	0.9912146858021854	0.9716792292091748	0.9893983074484727	0.9815616084013946	0.9843194646300709	0.9812842472073828	0.9786903086983502	0.9780191018912177	0.9709711759935586	0.9800540672262537	0.9817030342880961	0.9868049473383733	0.9785720825237157	1.0	0.9790649617812698	0.9728207178168614	0.969291852858654	0.9695169633251217	0.969399840778052	0.9600281458515368	0.9658372242803969	0.9693978172728442	0.9781368447153581	0.9584906711448931	0.9674519542600346	0.9673012560479475	0.9658982643823298	0.9615697570507458	0.9675247929035123	0.9687708342511767	0.9667682001786194	0.9643835613304473	0.964410920279503	0.9689765537219565	0.959141500439528	0.9685944603287847	0.9673229244242226
0.9777921229040375	0.9795462539816471	0.9750196256864244	0.9773958958275026	0.9700873169692368	0.9788659300284926	0.9773513629350645	0.9749049455179024	0.9792775030402129	0.9765647772098884	0.9768224357302984	0.9711407623774824	0.9791475304744506	0.9795314540616914	0.9745165570747609	0.9770158429725287	0.9790649617812698	1.0	0.9724645847888314	0.9678446455125144	0.9682789269558297	0.9671595183514305	0.9592134974288141	0.9655386590576139	0.9680999307170394	0.9753538672905712	0.9592948148125965	0.9671155693674123	0.9659797654025264	0.9664096993175009	0.9613709355547406	0.9671619382521627	0.9671981502929613	0.966523089996309	0.9639748112441535	0.9642639668442705	0.9666820169520686	0.9603524273744259	0.9673440994180347	0.9664319308788575
0.9750195328314804	0.973345763526279	0.9689680720698388	0.9725386982867662	0.9709770212852382	0.975310320278288	0.9748591366128315	0.9732896998661178	0.9743851812823254	0.9705469024499942	0.9740354337595448	0.9687270792674304	0.9753421761381199	0.9744935091340609	0.9697578266103352	0.9731199661556028	0.9728207178168614	0.9724645847888314	1.0	0.9589480153141916	0.9596245234000221	0.9607564809201911	0.9580614033790817	0.9592313019663309	0.9623783705871718	0.9685209251865725	0.9549751598474078	0.9617891717010637	0.9612264644461834	0.9614034359057703	0.9568362742750809	0.9615287790317123	0.9611376212924211	0.9603939552363546	0.9583918202334779	0.961331900316117	0.962281093561517	0.954215277601584	0.9624440519451831	0.9600198513297807
0.9663149761158167	0.9702093011607492	0.9648833079888757	0.9660945398548006	0.9607576173260438	0.9680024754204839	0.9666748043834805	0.9645080079331126	0.9686623132463249	0.9694680813979447	0.9653264193679388	0.9615278674912968	0.9679437435146876	0.9695376865420448	0.9631397742611594	0.9660984022753895	0.969291852858654	0.9678446455125144	0.9589480153141916	1.0	0.9963321219608522	0.9788341189420735	0.9704458598614273	0.984292026538251	0.9769754398475851	0.97080558310237	0.9635867342316388	0.9722537200579174	0.9720327410338768	0.9711448880478261	0.9651279652234794	0.9731968968099889	0.972730862850307	0.9716572410840972	0.9683125605755439	0.9692674631210436	0.9732515055302005	0.9643109362421044	0.9729177644825202	0.9718658091580873
0.9666883043376782	0.970240143389203	0.964832692510831	0.9662618690423099	0.9609083030667649	0.9683037292880481	0.9672945224344314	0.9654834796647571	0.9692894478120234	0.9698148646187139	0.9659456061570981	0.9618217949498826	0.9683057426351968	0.9697723353417055	0.963400532885742	0.9669049092509239	0.9695169633251217	0.9682789269558297	0.9596245234000221	0.9963321219608522	1.0	0.9788549339728625	0.9705944679689262	0.9837582135859969	0.9775697549619928	0.9710309018220884	0.9642714130843714	0.9729223017305347	0.9723921909693314	0.9718172320691083	0.9659585179569464	0.9738216022157355	0.9735033095412718	0.9722464381783228	0.9692680090545044	0.9700929923876784	0.9738463954931564	0.9663396967596751	0.9737981457465736	0.9732918919062408
0.9671976523947758	0.9700704626074178	0.967488042637289	0.9660719838927532	0.9629410702113952	0.9677437137528206	0.9669381498051931	0.9644816863768512	0.9683482142088652	0.97068244611622	0.9666332051325742	0.96227673163398	0.9684301729545296	0.9695843667860754	0.9630183373359791	0.9676418835322431	0.969399840778052	0.9671595183514305	0.9607564809201911	0.9788341189420735	0.9788549339728625	1.0	0.9813042047599215	0.9758588365346466	0.9857127833794769	0.9718164208768637	0.9659401013621493	0.9738507884705545	0.9733937456577948	0.9722864280009214	0.9666031174105221	0.9730406372462588	0.9744780243958766	0.9747356346419915	0.9689949032174903	0.9704280666085305	0.9753614366010807	0.9665531242537884	0.9751380040449731	0.9729730384565761
0.9582732493189567	0.9611377737892824	0.9607252391455806	0.9593481037902416	0.9595813343811281	0.9605594748006943	0.9589979949530245	0.9588592244783062	0.960208182843051	0.962029172231901	0.9602320779867601	0.9584492271209049	0.9612174743142373	0.9613669670148459	0.9584900785535799	0.9608623503409989	0.9600281458515368	0.9592134974288141	0.9580614033790817	0.9704458598614273	0.9705944679689262	0.9813042047599215	1.0	0.971281241018656	0.9768986894409678	0.963168606443672	0.9584931101169972	0.9666970539608543	0.9666688556063484	0.9651016031653051	0.9615853784059378	0.9650330033212128	0.9658410124864436	0.9673431299687761	0.963590410767232	0.9657248666971225	0.9690806304480374	0.9594863665512929	0.9668120403236946	0.9658479180206674
0.9633322854707106	0.9660842242454454	0.9626689576819079	0.963933336914666	0.9600794816953184	0.9642467980606529	0.9640866058477843	0.9630137704558733	0.9660061946320324	0.9676457136921188	0.9623453698460318	0.9600872645796333	0.9649381959150295	0.9658433439265087	0.9618531201058199	0.9642950855716402	0.9658372242803969	0.9655386590576139	0.9592313019663309	0.984292026538251	0.9837582135859969	0.9758588365346466	0.971281241018656	1.0	0.9732611956034198	0.9684642110185192	0.9628927818294674	0.9711749893581108	0.9704306524480238	0.9694351034713973	0.9638723379905865	0.9707743741850642	0.9704962040986967	0.9702700052806039	0.9669222982601429	0.9686111506783357	0.9708655829726716	0.9631585404818842	0.9716218793036934	0.971222232992969
0.9674641035292207	0.9700897685600743	0.9673630519417576	0.9675573122533203	0.9631401127402593	0.9686636704164131	0.9672387473859457	0.9645441199059275	0.9697431497987105	0.9704915279099818	0.9674313197621313	0.9633948762838354	0.9693402438439498	0.9694702547961933	0.9636627159574893	0.9678986063863085	0.9693978172728442	0.9680999307170394	0.9623783705871718	0.9769754398475851	0.9775697549619928	0.9857127833794769	0.9768986894409678	0.9732611956034198	1.0	0.9709274748259868	0.9669105761019414	0.9740421730045611	0.973451986194187	0.9711904872953975	0.9674916096238898	0.9727728739716839	0.9742082837731769	0.9742234964325162	0.9688414506521188	0.970987693108302	0.9751920653436268	0.9664773966033893	0.9754736196475213	0.9722212025455036
0.9760820725167886	0.978988955724442	0.9765483137859493	0.9755640054828681	0.9707190598099572	0.9764540693787617	0.9744953526810017	0.9730379552823665	0.9775923837877127	0.978396556006938	0.9739726872471686	0.9703602408141383	0.9772485159493213	0.9779941490718232	0.9708580719959947	0.9754395053434873	0.9781368447153581	0.9753538672905712	0.9685209251865725	0.97080558310237	0.9710309018220884	0.9718164208768637	0.963168606443672	0.9684642110185192	0.9709274748259868	1.0	0.9615279179008589	0.9702548015461591	0.9700645071239651	0.9698080649563565	0.9648363277530086	0.9697769519360381	0.9710739428453826	0.970006506693591	0.9669471568919997	0.967494053207212	0.9710211705348679	0.9615371049452736	0.9713884217652154	0.9695207004808633
0.9572978480945404	0.9597239859971503	0.9591613197236611	0.9582876705332659	0.9553109714597945	0.9590253514285505	0.9557699528105859	0.9577772742179056	0.9592854770322953	0.961775190199244	0.9591654843047165	0.9567381750130016	0.9601112350083979	0.9590214170466884	0.9556042582208121	0.9588326811268127	0.9584906711448931	0.9592948148125965	0.9549751598474078	0.9635867342316388	0.9642714130843714	0.9659401013621493	0.9584931101169972	0.9628927818294674	0.9669105761019414	0.9615279179008589	1.0	0.9697095240703779	0.9686898563205066	0.9694230372263747	0.9677871242691398	0.9676283716668324	0.9667903442205806	0.9682486777528949	0.9655595965561319	0.9693683622780408	0.9682563550623269	0.9673775050494974	0.9706711157275434	0.9634660941066114
0.9661005366988578	0.9675891971293014	0.9657566021998895	0.966424884914997	0.9631465291237156	0.9668853392232306	0.9656323338062983	0.9652921160811709	0.9679335227648822	0.9683910708304532	0.965716435328491	0.962682215665507	0.9672965229672486	0.9669155562533353	0.9641764890102921	0.9658272990404257	0.9674519542600346	0.9671155693674123	0.9617891717010637	0.9722537200579174	0.9729223017305347	0.9738507884705545	0.9666970539608543	0.9711749893581108	0.9740421730045611	0.9702548015461591	0.9697095240703779	1.0	0.97447627454898	0.9738101443784195	0.9704458598614273	0.9763295798275466	0.9852060153405642	0.9764073535041008	0.972270690074369	0.9734777065588363	0.9752425441324908	0.970029541591236	0.9759935433178376	0.9723720930497942
0.9654685083004446	0.9677369089664958	0.9657897504295125	0.9659633534789067	0.9619595038038327	0.9670083891568794	0.9651894416408165	0.9636948239470171	0.9672163784837147	0.9676719760073841	0.9645320379385713	0.9632052002236346	0.9669574196259065	0.9676858930731504	0.9636234887164805	0.9658075570243989	0.9673012560479475	0.9659797654025264	0.9612264644461834	0.9720327410338768	0.9723921909693314	0.9733937456577948	0.9666688556063484	0.9704306524480238	0.973451986194187	0.9700645071239651	0.9686898563205066	0.97447627454898	1.0	0.981780911487207	0.9764252189941497	0.9796043427376921	0.9734796237599523	0.9760871473173991	0.971362545847141	0.9787075017557167	0.9794777549776014	0.968649605643018	0.9784767121009689	0.9696226922582218
0.9649664064434438	0.9674420578405495	0.9651815061201194	0.9655612792691207	0.9621657713294745	0.9656192691262508	0.9644794721534774	0.9641573383181162	0.9667132284431165	0.9683072863995368	0.9658565601566452	0.9617669493385693	0.9668524374575785	0.966606068503401	0.9631049235581736	0.9653803567459704	0.9658982643823298	0.9664096993175009	0.9614034359057703	0.9711448880478261	0.9718172320691083	0.9722864280009214	0.9651016031653051	0.9694351034713973	0.9711904872953975	0.9698080649563565	0.9694230372263747	0.9738101443784195	0.981780911487207	1.0	0.9763196267628453	0.9754569684546417	0.9729715760786132	0.9775090050450975	0.9718924279084532	0.9804670243676015	0.9811222669059844	0.9710403679860568	0.9782070872947948	0.9697411694577971
0.9596436254614737	0.9622449746375411	0.9623807575683133	0.9607847139114942	0.9573200873927987	0.9611841368066765	0.9590544287640249	0.9599546093819807	0.9612780627466244	0.962587328093712	0.959955645373163	0.9593828437074515	0.9622575759284466	0.9618916276308428	0.9591700525751745	0.9603526212962834	0.9615697570507458	0.9613709355547406	0.9568362742750809	0.9651279652234794	0.9659585179569464	0.9666031174105221	0.9615853784059378	0.9638723379905865	0.9674916096238898	0.9648363277530086	0.9677871242691398	0.9704458598614273	0.9764252189941497	0.9763196267628453	1.0	0.9722013362707341	0.9685378001346198	0.9734097438456277	0.9647898134628289	0.975129004597938	0.9731970369049098	0.9680633615635171	0.9759597350870223	0.9646834658359528
0.9655310106207959	0.9681106528459589	0.9653827649536011	0.9657745969573621	0.9620359698324362	0.9660756489948691	0.9658556167367495	0.9652439832128467	0.9677417733355386	0.9690995114041716	0.965960232823343	0.9636195292998428	0.9670252959710905	0.9677332959368459	0.9632888604846447	0.9662649565534231	0.9675247929035123	0.9671619382521627	0.9615287790317123	0.9731968968099889	0.9738216022157355	0.9730406372462588	0.9650330033212128	0.9707743741850642	0.9727728739716839	0.9697769519360381	0.9676283716668324	0.9763295798275466	0.9796043427376921	0.9754569684546417	0.9722013362707341	1.0	0.9755384747599528	0.9742596045118277	0.9719936179673174	0.9750138559702787	0.9752808537562581	0.9693351021918468	0.9756407958138392	0.9705401650861498
0.9670633375739193	0.968189712605765	0.9665771546448849	0.9660471324867244	0.9634081294204698	0.967567263450413	0.9666718087535354	0.9649488938149724	0.967794907143031	0.9693423536576189	0.9658506294775842	0.9619767110733323	0.9679472898225175	0.9683131961333659	0.9638913363471043	0.9658567577233623	0.9687708342511767	0.9671981502929613	0.9611376212924211	0.972730862850307	0.9735033095412718	0.9744780243958766	0.9658410124864436	0.9704962040986967	0.9742082837731769	0.9710739428453826	0.9667903442205806	0.9852060153405642	0.9734796237599523	0.9729715760786132	0.9685378001346198	0.9755384747599528	1.0	0.9740822449218113	0.9721373729789704	0.9719801508545525	0.9748220834168599	0.9688654604557312	0.9751370972130549	0.973013237137666
0.9640102915290732	0.9671736383157501	0.9658154791023079	0.9655374028762794	0.9627784197269024	0.965849121957905	0.964228419469891	0.9644465048373266	0.9664917468322507	0.967625087630244	0.9651368821085436	0.9624504676004496	0.9666693126221503	0.9679459082065206	0.9641068505968902	0.9650389410728147	0.9667682001786194	0.966523089996309	0.9603939552363546	0.9716572410840972	0.9722464381783228	0.9747356346419915	0.9673431299687761	0.9702700052806039	0.9742234964325162	0.970006506693591	0.9682486777528949	0.9764073535041008	0.9760871473173991	0.9775090050450975	0.9734097438456277	0.9742596045118277	0.9740822449218113	1.0	0.9699476874167856	0.9761293631570535	0.9778885363354327	0.9697979879813634	0.9815419461141902	0.9698276966034461
0.9637672633492204	0.9657789305942328	0.9637148984369037	0.9633565912848209	0.9601718978807142	0.9647087649061079	0.9627281571278692	0.9621103986668875	0.965189275306087	0.9664719574824536	0.9641083799291359	0.9601044598520657	0.965285308062483	0.9655851390505246	0.9607436570833728	0.9637379487237557	0.9643835613304473	0.9639748112441535	0.9583918202334779	0.9683125605755439	0.9692680090545044	0.9689949032174903	0.963590410767232	0.9669222982601429	0.9688414506521188	0.9669471568919997	0.9655595965561319	0.972270690074369	0.971362545847141	0.9718924279084532	0.9647898134628289	0.9719936179673174	0.9721373729789704	0.9699476874167856	1.0	0.9693331209243217	0.9713192602943249	0.9658610027684824	0.9709975155121403	0.9674104441746968
0.9632354896830821	0.9653894556120807	0.9634194174926504	0.9639807888168871	0.9624762151108883	0.9654538767677259	0.9634300672828636	0.9628808441179292	0.9655453337798374	0.965224707992034	0.9634995964185539	0.9606143177901869	0.9648726313873343	0.9644369456053336	0.9619208909842119	0.9641242182193308	0.964410920279503	0.9642639668442705	0.961331900316117	0.9692674631210436	0.9700929923876784	0.9704280666085305	0.9657248666971225	0.9686111506783357	0.970987693108302	0.967494053207212	0.9693683622780408	0.9734777065588363	0.9787075017557167	0.9804670243676015	0.975129004597938	0.9750138559702787	0.9719801508545525	0.9761293631570535	0.9693331209243217	1.0	0.9856227564801242	0.9697217650301293	0.9785675978910021	0.9671555121741219
0.966719809200943	0.9686181178794853	0.9672750690845235	0.9669212847336143	0.9641154745552117	0.96802465214067	0.9660824419159678	0.9647453819631484	0.9681772766859994	0.9704579774185509	0.9667104418734724	0.9626824796302934	0.9682167026025522	0.9688376097257195	0.9641423911774337	0.9678770986896555	0.9689765537219565	0.9666820169520686	0.962281093561517	0.9732515055302005	0.9738463954931564	0.9753614366010807	0.9690806304480374	0.9708655829726716	0.9751920653436268	0.9710211705348679	0.9682563550623269	0.9752425441324908	0.9794777549776014	0.9811222669059844	0.9731970369049098	0.9752808537562581	0.9748220834168599	0.9778885363354327	0.9713192602943249	0.9856227564801242	1.0	0.969262024879838	0.979970082870951	0.971691744347952
0.9582589017629378	0.9580737406303578	0.9594916027504451	0.9582096415406406	0.9564600586203482	0.9599084176393411	0.9548699477339839	0.9572540406686293	0.9585136844008416	0.9600905863249011	0.9579511111935239	0.9547293875845728	0.9601511472770282	0.9590350556485024	0.9582932676717155	0.9586904736044874	0.959141500439528	0.9603524273744259	0.954215277601584	0.9643109362421044	0.9663396967596751	0.9665531242537884	0.9594863665512929	0.9631585404818842	0.9664773966033893	0.9615371049452736	0.9673775050494974	0.970029541591236	0.968649605643018	0.9710403679860568	0.9680633615635171	0.9693351021918468	0.9688654604557312	0.9697979879813634	0.9658610027684824	0.9697217650301293	0.969262024879838	1.0	0.9684049950134687	0.9636574316378027
0.9661522484451892	0.9688430435368786	0.9669509140504704	0.9661844930574403	0.9622910314084951	0.967818467881391	0.9656007717534127	0.9652085920932612	0.968450554298221	0.9690656559461517	0.9668352955136956	0.9629749579164315	0.9682404210034475	0.9684458261482392	0.9632864375044047	0.9668385788600705	0.9685944603287847	0.9673440994180347	0.9624440519451831	0.9729177644825202	0.9737981457465736	0.9751380040449731	0.9668120403236946	0.9716218793036934	0.9754736196475213	0.9713884217652154	0.9706711157275434	0.9759935433178376	0.9784767121009689	0.9782070872947948	0.9759597350870223	0.9756407958138392	0.9751370972130549	0.9815419461141902	0.9709975155121403	0.9785675978910021	0.979970082870951	0.9684049950134687	1.0	0.9715491205141981
0.9647698345956984	0.9677092790416604	0.9645739937334189	0.9652310458064888	0.9617859911942697	0.9658288343775128	0.9654377958040563	0.963116607852637	0.9672398946189029	0.9690368097105826	0.9653451841886956	0.962157969760112	0.9672087603970033	0.9671852961600292	0.962659894313009	0.9651987221365775	0.9673229244242226	0.9664319308788575	0.9600198513297807	0.9718658091580873	0.9732918919062408	0.9729730384565761	0.9658479180206674	0.971222232992969	0.9722212025455036	0.9695207004808633	0.9634660941066114	0.9723720930497942	0.9696226922582218	0.9697411694577971	0.9646834658359528	0.9705401650861498	0.973013237137666	0.9698276966034461	0.9674104441746968	0.9671555121741219	0.971691744347952	0.9636574316378027	0.9715491205141981	1.0
