/home/jshaw/scratch/2022_sketched_distance/references/SGB_genome_fastas_part4/6771/BackhedF_2015__SID229_12M__bin.33.fa	/home/jshaw/scratch/2022_sketched_distance/references/SGB_genome_fastas_part4/6771/BackhedF_2015__SID229_M__bin.16.fa	/home/jshaw/scratch/2022_sketched_distance/references/SGB_genome_fastas_part4/6771/BackhedF_2015__SID341_M__bin.41.fa	/home/jshaw/scratch/2022_sketched_distance/references/SGB_genome_fastas_part4/6771/BackhedF_2015__SID377_M__bin.41.fa	/home/jshaw/scratch/2022_sketched_distance/references/SGB_genome_fastas_part4/6771/BackhedF_2015__SID383_4M__bin.9.fa	/home/jshaw/scratch/2022_sketched_distance/references/SGB_genome_fastas_part4/6771/Bengtsson-PalmeJ_2015__TRAVELRES9__bin.132.fa	/home/jshaw/scratch/2022_sketched_distance/references/SGB_genome_fastas_part4/6771/BritoIL_2016__M2.46.ST__bin.28.fa	/home/jshaw/scratch/2022_sketched_distance/references/SGB_genome_fastas_part4/6771/CosteaPI_2017__donald5-11-30-0__bin.8.fa	/home/jshaw/scratch/2022_sketched_distance/references/SGB_genome_fastas_part4/6771/FengQ_2015__SID31873__bin.56.fa	/home/jshaw/scratch/2022_sketched_distance/references/SGB_genome_fastas_part4/6771/HeQ_2017__SZAXPI029577-94__bin.45.fa	/home/jshaw/scratch/2022_sketched_distance/references/SGB_genome_fastas_part4/6771/HMP_2012__SRS017521__bin.41.fa	/home/jshaw/scratch/2022_sketched_distance/references/SGB_genome_fastas_part4/6771/KarlssonFH_2013__S458__bin.49.fa	/home/jshaw/scratch/2022_sketched_distance/references/SGB_genome_fastas_part4/6771/KarlssonFH_2013__S58__bin.26.fa	/home/jshaw/scratch/2022_sketched_distance/references/SGB_genome_fastas_part4/6771/LiJ_2014__MH0372__bin.30.fa	/home/jshaw/scratch/2022_sketched_distance/references/SGB_genome_fastas_part4/6771/LiJ_2014__MH0373__bin.56.fa	/home/jshaw/scratch/2022_sketched_distance/references/SGB_genome_fastas_part4/6771/LiSS_2016__FAT_015-22-42-0__bin.64.fa	/home/jshaw/scratch/2022_sketched_distance/references/SGB_genome_fastas_part4/6771/NielsenHB_2014__V1_UC30_0__bin.41.fa	/home/jshaw/scratch/2022_sketched_distance/references/SGB_genome_fastas_part4/6771/QinJ_2012__CON-085__bin.12.fa	/home/jshaw/scratch/2022_sketched_distance/references/SGB_genome_fastas_part4/6771/QinJ_2012__T2D-092__bin.9.fa	/home/jshaw/scratch/2022_sketched_distance/references/SGB_genome_fastas_part4/6771/QinJ_2012__T2D-099__bin.65.fa	/home/jshaw/scratch/2022_sketched_distance/references/SGB_genome_fastas_part4/6771/VincentC_2016__MM062.2__bin.4.fa	/home/jshaw/scratch/2022_sketched_distance/references/SGB_genome_fastas_part4/6771/VincentC_2016__MM063__bin.15.fa	/home/jshaw/scratch/2022_sketched_distance/references/SGB_genome_fastas_part4/6771/VogtmannE_2016__MMRS44197125ST-27-0-0__bin.42.fa	/home/jshaw/scratch/2022_sketched_distance/references/SGB_genome_fastas_part4/6771/XieH_2016__YSZC12003_37097__bin.86.fa	/home/jshaw/scratch/2022_sketched_distance/references/SGB_genome_fastas_part4/6771/XieH_2016__YSZC12003_37206__bin.17.fa	/home/jshaw/scratch/2022_sketched_distance/references/SGB_genome_fastas_part4/6771/XieH_2016__YSZC12003_37207R1__bin.21.fa	/home/jshaw/scratch/2022_sketched_distance/references/SGB_genome_fastas_part4/6771/XieH_2016__YSZC12003_37232__bin.33.fa	/home/jshaw/scratch/2022_sketched_distance/references/SGB_genome_fastas_part4/6771/XieH_2016__YSZC12003_37647__bin.4.fa	/home/jshaw/scratch/2022_sketched_distance/references/SGB_genome_fastas_part4/6771/ZeeviD_2015__PNP_DietIntervention_37__bin.7.fa	/home/jshaw/scratch/2022_sketched_distance/references/SGB_genome_fastas_part4/6771/ZeeviD_2015__PNP_DietIntervention_45__bin.2.fa	/home/jshaw/scratch/2022_sketched_distance/references/SGB_genome_fastas_part4/6771/ZeeviD_2015__PNP_DietIntervention_50__bin.4.fa	/home/jshaw/scratch/2022_sketched_distance/references/SGB_genome_fastas_part4/6771/ZeeviD_2015__PNP_DietIntervention_54__bin.3.fa	/home/jshaw/scratch/2022_sketched_distance/references/SGB_genome_fastas_part4/6771/ZeeviD_2015__PNP_Main_129__bin.30.fa	/home/jshaw/scratch/2022_sketched_distance/references/SGB_genome_fastas_part4/6771/ZeeviD_2015__PNP_Main_381__bin.24.fa	/home/jshaw/scratch/2022_sketched_distance/references/SGB_genome_fastas_part4/6771/ZeeviD_2015__PNP_Main_454__bin.96.fa	/home/jshaw/scratch/2022_sketched_distance/references/SGB_genome_fastas_part4/6771/ZeeviD_2015__PNP_Main_89__bin.1.fa	/home/jshaw/scratch/2022_sketched_distance/references/SGB_genome_fastas_part4/6771/ZellerG_2014__CCIS33816588ST-4-0__bin.45.fa	/home/jshaw/scratch/2022_sketched_distance/references/SGB_genome_fastas_part4/6771/ZellerG_2014__CCIS44093303ST-4-0__bin.47.fa
1.0	0.9827599569369206	0.9808606098346909	0.9804835808631297	0.9815970504338529	0.9826104264078739	0.9784903568145744	0.9754377915525356	0.9722337814601604	0.9832345443052052	0.9721870252636265	0.9837086847232338	0.9817785645098973	0.9836833618348245	0.9832604246676521	0.9827607138746591	0.9835629861167758	0.9815300702138664	0.9779776752169993	0.9825096670832731	0.9675914980663453	0.981724215387403	0.9824098531933657	0.9786053867251668	0.9815310718970877	0.9816041397107729	0.9824339122769113	0.9823611047067423	0.9816576285824871	0.9816286415483068	0.9830419369650778	0.982757814125449	0.9824716660166102	0.9809355898230266	0.9725667951899301	0.9823870559678177	0.979425972329665	0.9788008092724252
0.9827599569369206	1.0	0.9922041701748335	0.9930389314335379	0.9925238953168004	0.9949106193441832	0.9891370255354852	0.9879276009353332	0.9836718810714159	0.9930254562063254	0.9846184006310632	0.9937728518973128	0.9941540747720459	0.9949387430194688	0.9932288230309786	0.9934155020616039	0.9941741357999125	0.9933429016052121	0.9901265874004882	0.9942238924535932	0.9809287457052659	0.9934995707735353	0.9948610396749413	0.9904477293892104	0.9940392710178387	0.9928510517310931	0.9953903093328782	0.9952820204673597	0.992372463360083	0.992257078888905	0.9940039439637508	0.9932731998053818	0.9938799404657723	0.9926373936582206	0.9853441313195208	0.9929059378974233	0.9913897639993777	0.9916119154911339
0.9808606098346909	0.9922041701748335	1.0	0.9911079052156215	0.9907927938238248	0.9927048983490037	0.9870943373521639	0.9840855232788477	0.9804710859813708	0.9937185529861624	0.984532539091905	0.9933882054066676	0.9925985350470959	0.9937571309687528	0.9922712088874774	0.9931449459449024	0.9927508130119159	0.9910705886176792	0.9884331748762367	0.9917784301478346	0.9769037085804039	0.9944356448247449	0.9929709055756843	0.9896703158344808	0.9924323872615683	0.9947313684597461	0.9926420694845869	0.9926629843821371	0.9925946092073793	0.9929375923239064	0.9932709839958349	0.9931357547170742	0.9934974637003992	0.9914031842961751	0.982608891166312	0.992201600493933	0.9890084110896722	0.9896076409875149
0.9804835808631297	0.9930389314335379	0.9911079052156215	1.0	0.9905592038810286	0.9921549627898345	0.9863836973421661	0.9849459974360958	0.9807442179355551	0.9911009125301367	0.9828556872536083	0.9912212056199858	0.9920965045984397	0.9935077278395466	0.9912827328806358	0.991465754756319	0.9905902729321013	0.9907229855244366	0.9880271210122176	0.9920224867510626	0.9778769751826465	0.9912494800360981	0.9927990345317992	0.9888161089295848	0.9914574986707758	0.991081440742355	0.9924409562634402	0.9925702254185831	0.9902381509295854	0.9904260626340857	0.9919101340568754	0.9913127024470627	0.991742504453127	0.9904118310322836	0.9823972178787996	0.9902060014837519	0.9887383631340926	0.9895044187930012
0.9815970504338529	0.9925238953168004	0.9907927938238248	0.9905592038810286	1.0	0.9913975156577746	0.987952314293095	0.9866553985586981	0.983153594517373	0.9922936179078822	0.9836814639432551	0.9930776956814196	0.9920295353297492	0.9930019625068429	0.9950117628383176	0.9916482559854327	0.9924838428623954	0.9916747217483433	0.9880505040516834	0.9914013408737649	0.9790318217553794	0.9921537270171947	0.991919735563831	0.9874491909933987	0.9914230236384749	0.9914967056057346	0.9922486401886064	0.9922296459079409	0.9911626612169085	0.9910841218117766	0.9921928733325446	0.9920384740201871	0.9919898706743435	0.990877487602762	0.9820414444672498	0.9919621254772909	0.9892948219464897	0.989731040896439
0.9826104264078739	0.9949106193441832	0.9927048983490037	0.9921549627898345	0.9913975156577746	1.0	0.9890033282508152	0.9876199632388528	0.9826755357946055	0.9939309568953476	0.9839254939332684	0.9952058076306838	0.9936968665793171	0.9951388644232206	0.992460615696594	0.9966227661433077	0.9943613405951252	0.9929818557938372	0.9909976971900031	0.9950426978786592	0.9815014370312457	0.9939375940933864	0.9953686935779591	0.9917308811185053	0.9956801749084813	0.994514299269082	0.9957894720101853	0.9955218887346792	0.994052093437681	0.9940247694201596	0.9965253347649222	0.9943161404594465	0.9973575924884404	0.9943135306173857	0.9860167706566236	0.9941574270407386	0.9914080135088063	0.9905036866210291
0.9784903568145744	0.9891370255354852	0.9870943373521639	0.9863836973421661	0.987952314293095	0.9890033282508152	1.0	0.9866321135324061	0.9848447692229502	0.9892551601569555	0.9796705875064392	0.9920398774655013	0.9868979883367219	0.9894740045340097	0.987872547366982	0.9891509703849308	0.991455771353238	0.9905687324490561	0.9854628779531548	0.987595126517956	0.9782363341816225	0.9881678611429824	0.9878868387818631	0.9851386626442822	0.9876683020642091	0.98835276685111	0.9873726254799405	0.9875248527409034	0.9885742894896671	0.9884598605299844	0.9896633402419643	0.9899784219700436	0.989068230240698	0.9875603964611376	0.9776076854983323	0.9910320060180252	0.9879309962864344	0.9846582537141378
0.9754377915525356	0.9879276009353332	0.9840855232788477	0.9849459974360958	0.9866553985586981	0.9876199632388528	0.9866321135324061	1.0	0.9849263641343782	0.9859568096666264	0.9788498378731483	0.9877745178016081	0.9840771499831787	0.9873311840657097	0.985229085250594	0.9875485661230498	0.9875733175117358	0.9891967566430977	0.9833163212565772	0.9855296631993709	0.9781996971182207	0.9860608711576178	0.9849776820863213	0.9824273554375667	0.9852573658114794	0.9858158212678559	0.9858301056067225	0.9859291638067147	0.9860876368601847	0.9851556932243876	0.9886007426357794	0.9867694271142142	0.9881676827876427	0.9846397957386605	0.9757234145158338	0.9868651941469463	0.9853629057086079	0.9823765859411395
0.9722337814601604	0.9836718810714159	0.9804710859813708	0.9807442179355551	0.983153594517373	0.9826755357946055	0.9848447692229502	0.9849263641343782	1.0	0.9838663837735894	0.9740022192644396	0.9863949341042239	0.980590892588681	0.9843236023931985	0.9816519617390581	0.9830286238807381	0.9864012766168638	0.9851646913129639	0.9796282335845496	0.981832172061182	0.9751243190350334	0.9823422743769477	0.9814068373744446	0.978568806657943	0.9811787652545451	0.9823680067210783	0.9812395682346149	0.981282096098597	0.9828591784333138	0.9822258031918789	0.9840954569523053	0.9846044942577015	0.9830311601233753	0.9808067791667613	0.9722966683780508	0.9854447718171494	0.9829559235932471	0.9791164054871312
0.9832345443052052	0.9930254562063254	0.9937185529861624	0.9911009125301367	0.9922936179078822	0.9939309568953476	0.9892551601569555	0.9859568096666264	0.9838663837735894	1.0	0.9845526844946273	0.9956282631571918	0.9934539557421386	0.9948577044378404	0.9931337471376159	0.9943151557530256	0.9947969958226175	0.9930069602254835	0.9899320556428945	0.9930496429901381	0.9794923402686934	0.9946789321322623	0.994011807549203	0.9904947301326573	0.9936036832936171	0.9949767793579621	0.9934070427922264	0.9934841220937355	0.9961503127623584	0.9963297079046948	0.9944576057797603	0.9961878147195523	0.994674670590377	0.992952357416527	0.9832611053929946	0.9942588124950692	0.9913038468634786	0.9904478987078141
0.9721870252636265	0.9846184006310632	0.984532539091905	0.9828556872536083	0.9836814639432551	0.9839254939332684	0.9796705875064392	0.9788498378731483	0.9740022192644396	0.9845526844946273	1.0	0.9847496423857516	0.9837246424044666	0.9843375042129421	0.9840340475850455	0.9840432001742918	0.9839298443394384	0.9840924776883861	0.9803646745141489	0.983205269907974	0.9712276037568599	0.9868511588603731	0.9835667050008384	0.980182251420236	0.9840967385702393	0.9850745374191833	0.9840727345776018	0.9839401316682846	0.9839875920662917	0.9838996826635397	0.9839367369585028	0.9836092613772549	0.984430240980243	0.9833239406573712	0.9740964591129104	0.9837780950689954	0.9806609851949607	0.9810962501203546
0.9837086847232338	0.9937728518973128	0.9933882054066676	0.9912212056199858	0.9930776956814196	0.9952058076306838	0.9920398774655013	0.9877745178016081	0.9863949341042239	0.9956282631571918	0.9847496423857516	1.0	0.9929349484940475	0.9951446987466527	0.9940734990708473	0.9957231408860208	0.9974196090822495	0.994701789267903	0.9911333801920977	0.9938305248159982	0.9818755068837133	0.9946911915524508	0.9943175052755514	0.9912531830926065	0.9942566807852742	0.9948420381850748	0.9940045441342147	0.9939802043034027	0.99514544239338	0.9952313895548106	0.9958344181220965	0.9957567367245962	0.995826641154529	0.9937891650461104	0.9837656965641832	0.9975790182528712	0.9928116030201819	0.9898093073670112
0.9817785645098973	0.9941540747720459	0.9925985350470959	0.9920965045984397	0.9920295353297492	0.9936968665793171	0.9868979883367219	0.9840771499831787	0.980590892588681	0.9934539557421386	0.9837246424044666	0.9929349484940475	1.0	0.9939625159732187	0.9933744787211026	0.9923212673197381	0.9926983478577073	0.9911181805433849	0.9900910513511926	0.9933009679192553	0.9784677280135926	0.9942087245188024	0.9949445047034972	0.9903594804133968	0.993457174802838	0.9923208918697615	0.9950829109775291	0.9951061031796463	0.9925679450403987	0.9926731871800402	0.992431475862685	0.9926272708668658	0.9926416177909984	0.993040632866478	0.9851982065072149	0.9923720360308239	0.9895377362017072	0.9942092923738101
0.9836833618348245	0.9949387430194688	0.9937571309687528	0.9935077278395466	0.9930019625068429	0.9951388644232206	0.9894740045340097	0.9873311840657097	0.9843236023931985	0.9948577044378404	0.9843375042129421	0.9951446987466527	0.9939625159732187	1.0	0.9938496091720918	0.9948877987383455	0.994886200941606	0.9936947354277178	0.9901858658144617	0.9946826791644102	0.9797643595747272	0.9941660894431232	0.9949224657678547	0.99096651815246	0.9936614297946728	0.9946440186973263	0.9940107761657127	0.9937308702515791	0.9941626658258056	0.9940529563488069	0.9955984863007261	0.9950465318117425	0.9954635627738655	0.992440326286434	0.9838560057422231	0.993992997023396	0.9917196093513018	0.9910797938862608
0.9832604246676521	0.9932288230309786	0.9922712088874774	0.9912827328806358	0.9950117628383176	0.992460615696594	0.987872547366982	0.985229085250594	0.9816519617390581	0.9931337471376159	0.9840340475850455	0.9940734990708473	0.9933744787211026	0.9938496091720918	1.0	0.9928941491213118	0.993156966334192	0.991903570929446	0.9883145673427857	0.9922896864317291	0.9776129706279137	0.9933755253784518	0.9933164839186479	0.9889037796086094	0.9922752432874746	0.9921670480676018	0.9935423346444003	0.9936089911244074	0.9918741161653634	0.9921408804274094	0.9933948561375201	0.9928568831967849	0.9930142924214264	0.9917803002602349	0.9829765776783101	0.9927852128370143	0.9901102825011175	0.9906135349956788
0.9827607138746591	0.9934155020616039	0.9931449459449024	0.991465754756319	0.9916482559854327	0.9966227661433077	0.9891509703849308	0.9875485661230498	0.9830286238807381	0.9943151557530256	0.9840432001742918	0.9957231408860208	0.9923212673197381	0.9948877987383455	0.9928941491213118	1.0	0.9944845234992871	0.9933961943101519	0.9904391863703497	0.9936242700908147	0.9802785445384405	0.9941477437271597	0.9944260608631333	0.9909695630187959	0.9942823173091365	0.9944479772765724	0.9945312999193294	0.994452915123397	0.9946704441956671	0.9949767431910639	0.9967751716182333	0.9948563392869565	0.9977357646606476	0.9930663096743795	0.9842546274498	0.9945126129298029	0.9915213448222051	0.9891743150612584
0.9835629861167758	0.9941741357999125	0.9927508130119159	0.9905902729321013	0.9924838428623954	0.9943613405951252	0.991455771353238	0.9875733175117358	0.9864012766168638	0.9947969958226175	0.9839298443394384	0.9974196090822495	0.9926983478577073	0.994886200941606	0.993156966334192	0.9944845234992871	1.0	0.9943685255233471	0.9905881202271148	0.9927286262757911	0.9809042755348849	0.9938417785080159	0.993542457479002	0.9901746910047242	0.9931919349248194	0.9938977310299154	0.9933483143175685	0.9933930523278784	0.9937751645541748	0.993741636008713	0.9948942123845051	0.9947678245117519	0.9948591088868346	0.9930621505681717	0.983459458394334	0.9967142042512661	0.9926271289047555	0.9901012940459026
0.9815300702138664	0.9933429016052121	0.9910705886176792	0.9907229855244366	0.9916747217483433	0.9929818557938372	0.9905687324490561	0.9891967566430977	0.9851646913129639	0.9930069602254835	0.9840924776883861	0.994701789267903	0.9911181805433849	0.9936947354277178	0.991903570929446	0.9933961943101519	0.9943685255233471	1.0	0.991836385600541	0.9918045865738534	0.9838294963342725	0.9922805957441071	0.9922878860685512	0.9891873891087423	0.9919129421130759	0.9924236989091131	0.9922386336951996	0.9924893029308646	0.992923415444583	0.9927514760555021	0.9936715745260328	0.9935350553346499	0.9936004071473742	0.9930011353751631	0.9823361849460914	0.9936752760353628	0.9935747061422802	0.988748049331244
0.9779776752169993	0.9901265874004882	0.9884331748762367	0.9880271210122176	0.9880505040516834	0.9909976971900031	0.9854628779531548	0.9833163212565772	0.9796282335845496	0.9899320556428945	0.9803646745141489	0.9911333801920977	0.9900910513511926	0.9901858658144617	0.9883145673427857	0.9904391863703497	0.9905881202271148	0.991836385600541	1.0	0.9903792123372366	0.9814833158938012	0.9897011699441028	0.9910218236438302	0.9876314472137929	0.9907167593128197	0.9894311935819501	0.990976875213068	0.990776018782723	0.9901856373640445	0.9900747289542301	0.989505814589421	0.9897678013205803	0.9907179178138126	0.991675113864873	0.9816779963093836	0.9904808146183961	0.9901035244141845	0.9873481079844549
0.9825096670832731	0.9942238924535932	0.9917784301478346	0.9920224867510626	0.9914013408737649	0.9950426978786592	0.987595126517956	0.9855296631993709	0.981832172061182	0.9930496429901381	0.983205269907974	0.9938305248159982	0.9933009679192553	0.9946826791644102	0.9922896864317291	0.9936242700908147	0.9927286262757911	0.9918045865738534	0.9903792123372366	1.0	0.9796774996649319	0.9926836859654422	0.9946977930592434	0.9908038196523806	0.9944323915344366	0.9934515374219385	0.99482451661115	0.994559178927864	0.9927066229749986	0.9927117406369069	0.9937396491596986	0.9932240732625549	0.9941605904319296	0.9924308462033173	0.9845139861858148	0.9924763922535471	0.9903219394154978	0.9905771737301814
0.9675914980663453	0.9809287457052659	0.9769037085804039	0.9778769751826465	0.9790318217553794	0.9815014370312457	0.9782363341816225	0.9781996971182207	0.9751243190350334	0.9794923402686934	0.9712276037568599	0.9818755068837133	0.9784677280135926	0.9797643595747272	0.9776129706279137	0.9802785445384405	0.9809042755348849	0.9838294963342725	0.9814833158938012	0.9796774996649319	1.0	0.9795067579311055	0.9797743457888538	0.976142091154462	0.9808503019811843	0.9800454871804545	0.9800592773810514	0.9799530568456106	0.9790841138517614	0.9794112461888554	0.9797092799161827	0.9798024250149722	0.9815681104186106	0.9815687649786358	0.9691521252846386	0.9804274942627412	0.9807826205047265	0.9759274860371527
0.981724215387403	0.9934995707735353	0.9944356448247449	0.9912494800360981	0.9921537270171947	0.9939375940933864	0.9881678611429824	0.9860608711576178	0.9823422743769477	0.9946789321322623	0.9868511588603731	0.9946911915524508	0.9942087245188024	0.9941660894431232	0.9933755253784518	0.9941477437271597	0.9938417785080159	0.9922805957441071	0.9897011699441028	0.9926836859654422	0.9795067579311055	1.0	0.9934929168414758	0.9903605198902711	0.9942332044418444	0.9953086298194674	0.9941186562852559	0.9940868439892432	0.9940066298496406	0.9939697303499911	0.9938988732575189	0.9937681853358118	0.99466020742493	0.993444826452792	0.9843075868047848	0.9938177720599387	0.9903979918480419	0.9907370688095166
0.9824098531933657	0.9948610396749413	0.9929709055756843	0.9927990345317992	0.991919735563831	0.9953686935779591	0.9878868387818631	0.9849776820863213	0.9814068373744446	0.994011807549203	0.9835667050008384	0.9943175052755514	0.9949445047034972	0.9949224657678547	0.9933164839186479	0.9944260608631333	0.993542457479002	0.9922878860685512	0.9910218236438302	0.9946977930592434	0.9797743457888538	0.9934929168414758	1.0	0.9915266530364945	0.9948246340616637	0.9933744787211026	0.9956884758412808	0.9957005710066205	0.9929319747614576	0.9932972775290454	0.9945109617208155	0.9936173075608247	0.9946619684337733	0.9929681202122725	0.9855474434768905	0.993233887910738	0.9908819783754038	0.9920089273711383
0.9786053867251668	0.9904477293892104	0.9896703158344808	0.9888161089295848	0.9874491909933987	0.9917308811185053	0.9851386626442822	0.9824273554375667	0.978568806657943	0.9904947301326573	0.980182251420236	0.9912531830926065	0.9903594804133968	0.99096651815246	0.9889037796086094	0.9909695630187959	0.9901746910047242	0.9891873891087423	0.9876314472137929	0.9908038196523806	0.976142091154462	0.9903605198902711	0.9915266530364945	1.0	0.991060111244915	0.9910347595784971	0.9910669810414601	0.9912261954234395	0.9904577125639513	0.9905267355897902	0.9904739887781723	0.990928164699382	0.9911414143751824	0.9900366979288032	0.9815444980267003	0.9901191469212332	0.9881311657054376	0.9874488932724731
0.9815310718970877	0.9940392710178387	0.9924323872615683	0.9914574986707758	0.9914230236384749	0.9956801749084813	0.9876683020642091	0.9852573658114794	0.9811787652545451	0.9936036832936171	0.9840967385702393	0.9942566807852742	0.993457174802838	0.9936614297946728	0.9922752432874746	0.9942823173091365	0.9931919349248194	0.9919129421130759	0.9907167593128197	0.9944323915344366	0.9808503019811843	0.9942332044418444	0.9948246340616637	0.991060111244915	1.0	0.9943021616561798	0.9962327064426166	0.9960999981702157	0.9929754658139871	0.9931957394548042	0.9939411031899678	0.9927699304574309	0.9946487003414823	0.9943038752251872	0.9863827051739948	0.9931503800503764	0.9903251404675604	0.9905735315684947
0.9816041397107729	0.9928510517310931	0.9947313684597461	0.991081440742355	0.9914967056057346	0.994514299269082	0.98835276685111	0.9858158212678559	0.9823680067210783	0.9949767793579621	0.9850745374191833	0.9948420381850748	0.9923208918697615	0.9946440186973263	0.9921670480676018	0.9944479772765724	0.9938977310299154	0.9924236989091131	0.9894311935819501	0.9934515374219385	0.9800454871804545	0.9953086298194674	0.9933744787211026	0.9910347595784971	0.9943021616561798	1.0	0.9931523887217923	0.9933313785217993	0.9946737845509628	0.9948091001227822	0.9943201822538368	0.9943332997721621	0.9951427991654269	0.9926909312716536	0.9831100095623247	0.9937032902686981	0.9903574249870047	0.9895491853111406
0.9824339122769113	0.9953903093328782	0.9926420694845869	0.9924409562634402	0.9922486401886064	0.9957894720101853	0.9873726254799405	0.9858301056067225	0.9812395682346149	0.9934070427922264	0.9840727345776018	0.9940045441342147	0.9950829109775291	0.9940107761657127	0.9935423346444003	0.9945312999193294	0.9933483143175685	0.9922386336951996	0.990976875213068	0.99482451661115	0.9800592773810514	0.9941186562852559	0.9956884758412808	0.9910669810414601	0.9962327064426166	0.9931523887217923	1.0	0.9982508331409389	0.992864712962139	0.9929827300081788	0.9940505137687776	0.9926516591512184	0.9947743161718757	0.9938838608614028	0.9880038762691103	0.9932701936020234	0.9903327846535689	0.9920876131274284
0.9823611047067423	0.9952820204673597	0.9926629843821371	0.9925702254185831	0.9922296459079409	0.9955218887346792	0.9875248527409034	0.9859291638067147	0.981282096098597	0.9934841220937355	0.9839401316682846	0.9939802043034027	0.9951061031796463	0.9937308702515791	0.9936089911244074	0.994452915123397	0.9933930523278784	0.9924893029308646	0.990776018782723	0.994559178927864	0.9799530568456106	0.9940868439892432	0.9957005710066205	0.9912261954234395	0.9960999981702157	0.9933313785217993	0.9982508331409389	1.0	0.9927678604570696	0.9930944488923095	0.9942948355523368	0.9929096837934829	0.994538395591351	0.9936601448055074	0.9879705264875133	0.9931331082648367	0.9905556181932973	0.9923148853373515
0.9816576285824871	0.992372463360083	0.9925946092073793	0.9902381509295854	0.9911626612169085	0.994052093437681	0.9885742894896671	0.9860876368601847	0.9828591784333138	0.9961503127623584	0.9839875920662917	0.99514544239338	0.9925679450403987	0.9941626658258056	0.9918741161653634	0.9946704441956671	0.9937751645541748	0.992923415444583	0.9901856373640445	0.9927066229749986	0.9790841138517614	0.9940066298496406	0.9929319747614576	0.9904577125639513	0.9929754658139871	0.9946737845509628	0.992864712962139	0.9927678604570696	1.0	0.9975613208612276	0.9942645471172508	0.9965574467052319	0.9949393310380613	0.9925875243098301	0.9827987154299331	0.994669940390268	0.9908695095849012	0.989434909685284
0.9816286415483068	0.992257078888905	0.9929375923239064	0.9904260626340857	0.9910841218117766	0.9940247694201596	0.9884598605299844	0.9851556932243876	0.9822258031918789	0.9963297079046948	0.9838996826635397	0.9952313895548106	0.9926731871800402	0.9940529563488069	0.9921408804274094	0.9949767431910639	0.993741636008713	0.9927514760555021	0.9900747289542301	0.9927117406369069	0.9794112461888554	0.9939697303499911	0.9932972775290454	0.9905267355897902	0.9931957394548042	0.9948091001227822	0.9929827300081788	0.9930944488923095	0.9975613208612276	1.0	0.993843960678575	0.9967530828278475	0.9950290499598082	0.9928363936156743	0.9830924275609921	0.9941322322797936	0.9909798306768604	0.9894387777524314
0.9830419369650778	0.9940039439637508	0.9932709839958349	0.9919101340568754	0.9921928733325446	0.9965253347649222	0.9896633402419643	0.9886007426357794	0.9840954569523053	0.9944576057797603	0.9839367369585028	0.9958344181220965	0.992431475862685	0.9955984863007261	0.9933948561375201	0.9967751716182333	0.9948942123845051	0.9936715745260328	0.989505814589421	0.9937396491596986	0.9797092799161827	0.9938988732575189	0.9945109617208155	0.9904739887781723	0.9939411031899678	0.9943201822538368	0.9940505137687776	0.9942948355523368	0.9942645471172508	0.993843960678575	1.0	0.9948877264355425	0.9971912486815999	0.9920544813448094	0.9839575105711724	0.9944655416135675	0.9915227050662441	0.9896404523475174
0.982757814125449	0.9932731998053818	0.9931357547170742	0.9913127024470627	0.9920384740201871	0.9943161404594465	0.9899784219700436	0.9867694271142142	0.9846044942577015	0.9961878147195523	0.9836092613772549	0.9957567367245962	0.9926272708668658	0.9950465318117425	0.9928568831967849	0.9948563392869565	0.9947678245117519	0.9935350553346499	0.9897678013205803	0.9932240732625549	0.9798024250149722	0.9937681853358118	0.9936173075608247	0.990928164699382	0.9927699304574309	0.9943332997721621	0.9926516591512184	0.9929096837934829	0.9965574467052319	0.9967530828278475	0.9948877264355425	1.0	0.9949462665310161	0.9922050335496649	0.9831263583032126	0.9943847669689104	0.9924464152697137	0.989725773415854
0.9824716660166102	0.9938799404657723	0.9934974637003992	0.991742504453127	0.9919898706743435	0.9973575924884404	0.989068230240698	0.9881676827876427	0.9830311601233753	0.994674670590377	0.984430240980243	0.995826641154529	0.9926416177909984	0.9954635627738655	0.9930142924214264	0.9977357646606476	0.9948591088868346	0.9936004071473742	0.9907179178138126	0.9941605904319296	0.9815681104186106	0.99466020742493	0.9946619684337733	0.9911414143751824	0.9946487003414823	0.9951427991654269	0.9947743161718757	0.994538395591351	0.9949393310380613	0.9950290499598082	0.9971912486815999	0.9949462665310161	1.0	0.993567433276788	0.9843601193683608	0.9947987397847383	0.9915629762538721	0.9893777839387335
0.9809355898230266	0.9926373936582206	0.9914031842961751	0.9904118310322836	0.990877487602762	0.9943135306173857	0.9875603964611376	0.9846397957386605	0.9808067791667613	0.992952357416527	0.9833239406573712	0.9937891650461104	0.993040632866478	0.992440326286434	0.9917803002602349	0.9930663096743795	0.9930621505681717	0.9930011353751631	0.991675113864873	0.9924308462033173	0.9815687649786358	0.993444826452792	0.9929681202122725	0.9900366979288032	0.9943038752251872	0.9926909312716536	0.9938838608614028	0.9936601448055074	0.9925875243098301	0.9928363936156743	0.9920544813448094	0.9922050335496649	0.993567433276788	1.0	0.9841417143182178	0.9930680249746386	0.9919046665494708	0.9899403829076988
0.9725667951899301	0.9853441313195208	0.982608891166312	0.9823972178787996	0.9820414444672498	0.9860167706566236	0.9776076854983323	0.9757234145158338	0.9722966683780508	0.9832611053929946	0.9740964591129104	0.9837656965641832	0.9851982065072149	0.9838560057422231	0.9829765776783101	0.9842546274498	0.983459458394334	0.9823361849460914	0.9816779963093836	0.9845139861858148	0.9691521252846386	0.9843075868047848	0.9855474434768905	0.9815444980267003	0.9863827051739948	0.9831100095623247	0.9880038762691103	0.9879705264875133	0.9827987154299331	0.9830924275609921	0.9839575105711724	0.9831263583032126	0.9843601193683608	0.9841417143182178	1.0	0.9832138589309841	0.9813291140263389	0.9825419606076959
0.9823870559678177	0.9929059378974233	0.992201600493933	0.9902060014837519	0.9919621254772909	0.9941574270407386	0.9910320060180252	0.9868651941469463	0.9854447718171494	0.9942588124950692	0.9837780950689954	0.9975790182528712	0.9923720360308239	0.993992997023396	0.9927852128370143	0.9945126129298029	0.9967142042512661	0.9936752760353628	0.9904808146183961	0.9924763922535471	0.9804274942627412	0.9938177720599387	0.993233887910738	0.9901191469212332	0.9931503800503764	0.9937032902686981	0.9932701936020234	0.9931331082648367	0.994669940390268	0.9941322322797936	0.9944655416135675	0.9943847669689104	0.9947987397847383	0.9930680249746386	0.9832138589309841	1.0	0.9913796199579363	0.9891824543381219
0.979425972329665	0.9913897639993777	0.9890084110896722	0.9887383631340926	0.9892948219464897	0.9914080135088063	0.9879309962864344	0.9853629057086079	0.9829559235932471	0.9913038468634786	0.9806609851949607	0.9928116030201819	0.9895377362017072	0.9917196093513018	0.9901102825011175	0.9915213448222051	0.9926271289047555	0.9935747061422802	0.9901035244141845	0.9903219394154978	0.9807826205047265	0.9903979918480419	0.9908819783754038	0.9881311657054376	0.9903251404675604	0.9903574249870047	0.9903327846535689	0.9905556181932973	0.9908695095849012	0.9909798306768604	0.9915227050662441	0.9924464152697137	0.9915629762538721	0.9919046665494708	0.9813291140263389	0.9913796199579363	1.0	0.9871629581568684
0.9788008092724252	0.9916119154911339	0.9896076409875149	0.9895044187930012	0.989731040896439	0.9905036866210291	0.9846582537141378	0.9823765859411395	0.9791164054871312	0.9904478987078141	0.9810962501203546	0.9898093073670112	0.9942092923738101	0.9910797938862608	0.9906135349956788	0.9891743150612584	0.9901012940459026	0.988748049331244	0.9873481079844549	0.9905771737301814	0.9759274860371527	0.9907370688095166	0.9920089273711383	0.9874488932724731	0.9905735315684947	0.9895491853111406	0.9920876131274284	0.9923148853373515	0.989434909685284	0.9894387777524314	0.9896404523475174	0.989725773415854	0.9893777839387335	0.9899403829076988	0.9825419606076959	0.9891824543381219	0.9871629581568684	1.0
