/home/jshaw/scratch/2022_sketched_distance/references/SGB_genome_fastas_part4/9307/LeChatelierE_2013__MH0143__bin.30.fa	/home/jshaw/scratch/2022_sketched_distance/references/SGB_genome_fastas_part4/9307/LeChatelierE_2013__MH0276__bin.90.fa	/home/jshaw/scratch/2022_sketched_distance/references/SGB_genome_fastas_part4/9307/LiJ_2014__MH0222__bin.37.fa	/home/jshaw/scratch/2022_sketched_distance/references/SGB_genome_fastas_part4/9307/LiJ_2014__MH0303__bin.38.fa	/home/jshaw/scratch/2022_sketched_distance/references/SGB_genome_fastas_part4/9307/LiJ_2014__MH0395__bin.25.fa	/home/jshaw/scratch/2022_sketched_distance/references/SGB_genome_fastas_part4/9307/NielsenHB_2014__MH0143__bin.55.fa	/home/jshaw/scratch/2022_sketched_distance/references/SGB_genome_fastas_part4/9307/XieH_2016__YSZC12003_35980__bin.22.fa	/home/jshaw/scratch/2022_sketched_distance/references/SGB_genome_fastas_part4/9307/ZeeviD_2015__PNP_DietIntervention_51__bin.5.fa	/home/jshaw/scratch/2022_sketched_distance/references/SGB_genome_fastas_part4/9307/ZeeviD_2015__PNP_Main_107__bin.29.fa	/home/jshaw/scratch/2022_sketched_distance/references/SGB_genome_fastas_part4/9307/ZeeviD_2015__PNP_Main_113__bin.17.fa	/home/jshaw/scratch/2022_sketched_distance/references/SGB_genome_fastas_part4/9307/ZeeviD_2015__PNP_Main_27__bin.61.fa	/home/jshaw/scratch/2022_sketched_distance/references/SGB_genome_fastas_part4/9307/ZeeviD_2015__PNP_Main_365__bin.14.fa	/home/jshaw/scratch/2022_sketched_distance/references/SGB_genome_fastas_part4/9307/ZeeviD_2015__PNP_Main_379__bin.25.fa	/home/jshaw/scratch/2022_sketched_distance/references/SGB_genome_fastas_part4/9307/ZeeviD_2015__PNP_Main_46__bin.50.fa	/home/jshaw/scratch/2022_sketched_distance/references/SGB_genome_fastas_part4/9307/ZeeviD_2015__PNP_Main_505__bin.26.fa	/home/jshaw/scratch/2022_sketched_distance/references/SGB_genome_fastas_part4/9307/ZeeviD_2015__PNP_Main_589__bin.77.fa	/home/jshaw/scratch/2022_sketched_distance/references/SGB_genome_fastas_part4/9307/ZeeviD_2015__PNP_Main_616__bin.38.fa	/home/jshaw/scratch/2022_sketched_distance/references/SGB_genome_fastas_part4/9307/ZeeviD_2015__PNP_Main_635__bin.14.fa	/home/jshaw/scratch/2022_sketched_distance/references/SGB_genome_fastas_part4/9307/ZeeviD_2015__PNP_Main_650__bin.10.fa	/home/jshaw/scratch/2022_sketched_distance/references/SGB_genome_fastas_part4/9307/ZeeviD_2015__PNP_Main_670__bin.6.fa	/home/jshaw/scratch/2022_sketched_distance/references/SGB_genome_fastas_part4/9307/ZeeviD_2015__PNP_Main_677__bin.43.fa	/home/jshaw/scratch/2022_sketched_distance/references/SGB_genome_fastas_part4/9307/ZeeviD_2015__PNP_Main_683__bin.44.fa	/home/jshaw/scratch/2022_sketched_distance/references/SGB_genome_fastas_part4/9307/ZeeviD_2015__PNP_Main_706__bin.10.fa	/home/jshaw/scratch/2022_sketched_distance/references/SGB_genome_fastas_part4/9307/ZeeviD_2015__PNP_Main_742__bin.11.fa	/home/jshaw/scratch/2022_sketched_distance/references/SGB_genome_fastas_part4/9307/ZeeviD_2015__PNP_Main_800__bin.3.fa	/home/jshaw/scratch/2022_sketched_distance/references/SGB_genome_fastas_part4/9307/ZeeviD_2015__PNP_Main_93__bin.14.fa	/home/jshaw/scratch/2022_sketched_distance/references/SGB_genome_fastas_part4/9307/ZeeviD_2015__PNP_Validation_18__bin.33.fa	/home/jshaw/scratch/2022_sketched_distance/references/SGB_genome_fastas_part4/9307/ZellerG_2014__CCIS74726977ST-3-0__bin.51.fa
1.0	0.9938074201738046	0.995242413167891	0.994381627774738	0.9909871293430237	0.9978077433496358	0.9640235214191062	0.9576529646377379	0.9653615164703302	0.9929315373475542	0.9942149239943734	0.9655651470896344	0.9921041315253079	0.9935690755379392	0.9876827264185046	0.9882112659645587	0.9842280809114051	0.984155949115493	0.9923688348149908	0.9836432493904935	0.992758867482484	0.9913062864413615	0.9939411904085093	0.9802968641229651	0.9911907378963932	0.9943926568305825	0.9936465826186471	0.9940659729457432
0.9938074201738046	1.0	0.9945893990790361	0.9948770384023092	0.9914859516898827	0.9934591468574926	0.9635420180363208	0.957585736141674	0.9655477458988656	0.9932232313339939	0.9935930803797707	0.9649561007679843	0.9920096223467115	0.993609984940951	0.9875779619587398	0.987402889391301	0.9848500578176602	0.9832733932165966	0.9914861079514278	0.984092545071987	0.992034031695783	0.9911311395033916	0.9944895977671488	0.9806242545910755	0.9912191610699708	0.9939133859415031	0.993532486649399	0.9944764526839647
0.995242413167891	0.9945893990790361	1.0	0.9949010166182973	0.9915421456146777	0.9942930325783067	0.96401747621059	0.9579563868066856	0.9657147851892031	0.9935837133091494	0.9958365508262788	0.9660437855623154	0.9925339634946589	0.9940403928959157	0.9877353914106579	0.9889150179890458	0.9843874099393053	0.9841264883309065	0.9929790619595925	0.9841826790644412	0.9933602172185679	0.9917531185807547	0.994475716411477	0.9796474958718092	0.991693445591518	0.994702604815903	0.9938960913525654	0.9941625622005104
0.994381627774738	0.9948770384023092	0.9949010166182973	1.0	0.9916919143691668	0.9942769796307546	0.963561978051711	0.9572789165000881	0.9647884255116544	0.9934802703390762	0.9937810807194747	0.9648480807312314	0.9925966990162858	0.9936773839526005	0.9885396267431802	0.9876878401587746	0.9850049458448877	0.9837602770300907	0.9918538211770196	0.9846807213018232	0.9922380787816861	0.9916924823448652	0.9943475788076842	0.9807929902338965	0.9915130964938709	0.9940100446831165	0.9938837213979396	0.9947949646237877
0.9909871293430237	0.9914859516898827	0.9915421456146777	0.9916919143691668	1.0	0.9907437771660141	0.9615756853138688	0.9563976238876852	0.9630015790729971	0.990970893408146	0.9904620897804326	0.9643814111373995	0.9898561378925009	0.9918790504868533	0.9852767132002864	0.984434953692926	0.9824437363641738	0.9817329044993135	0.9884143126116484	0.9831223194770301	0.9896407331437981	0.98891144014782	0.9918000921266793	0.9778479650923926	0.9884952041597969	0.9912770524997886	0.991473080088834	0.9911907499150076
0.9978077433496358	0.9934591468574926	0.9942930325783067	0.9942769796307546	0.9907437771660141	1.0	0.9629267602215236	0.9573077087869944	0.9645358450403321	0.9920718889074769	0.9935694516588331	0.9645495109504529	0.9915652550543013	0.9926817687237225	0.9872591514163027	0.986643178933516	0.9834511151813824	0.9833782733981421	0.9913801144518544	0.9829964451941368	0.9917932072377682	0.9900977192036646	0.9930855905331533	0.9798461827368296	0.9904117089798797	0.9932804507092285	0.9927127635839003	0.9935530342613224
0.9640235214191062	0.9635420180363208	0.96401747621059	0.963561978051711	0.9615756853138688	0.9629267602215236	1.0	0.9855185069615268	0.988472957613545	0.963172684427493	0.9636611940712381	0.9910450412027428	0.9613948660872287	0.9636731151326592	0.9582544318756651	0.9575304949470516	0.954018613891863	0.955570295880414	0.9606805746321592	0.9535294498084013	0.9615428226381765	0.9599729965956693	0.9633736314485717	0.9520674538116721	0.9610430953022311	0.9636078166936014	0.9640455361159409	0.9635430114579006
0.9576529646377379	0.957585736141674	0.9579563868066856	0.9572789165000881	0.9563976238876852	0.9573077087869944	0.9855185069615268	1.0	0.9820201176436456	0.9566813552927623	0.9578653896085986	0.98454579498827	0.9564729025936216	0.9576277436818912	0.955272267779452	0.9485466197175734	0.9547572242674596	0.9564470813999812	0.9529200838749657	0.9516361411677148	0.9540653972306555	0.9529057863205039	0.9571900488514702	0.95406421277575	0.9579405349452962	0.9579150530165678	0.9576488538310474	0.9575427137135208
0.9653615164703302	0.9655477458988656	0.9657147851892031	0.9647884255116544	0.9630015790729971	0.9645358450403321	0.988472957613545	0.9820201176436456	1.0	0.9651012178291483	0.964781966074789	0.9900435104265087	0.962945748076892	0.9654089618852629	0.9614462429581049	0.9585874582713133	0.9558537365698125	0.9560472722148812	0.9630585111027135	0.9544248890340687	0.9631147089035216	0.962284360139389	0.9652703401891654	0.9535585601423265	0.9618104063701302	0.9661509074646255	0.9650085286883239	0.9656361451376775
0.9929315373475542	0.9932232313339939	0.9935837133091494	0.9934802703390762	0.990970893408146	0.9920718889074769	0.963172684427493	0.9566813552927623	0.9651012178291483	1.0	0.9928950801876648	0.9658975476534329	0.9912745386953132	0.9929283960319816	0.9876440309525946	0.9899751972137664	0.9841108016362657	0.9857731519037739	0.9906831764555517	0.9835147046172932	0.9915032368252167	0.9907655908949039	0.9934828473979814	0.9800046615412413	0.9905341752026219	0.9936835313533751	0.9966121624478456	0.9937672461330042
0.9942149239943734	0.9935930803797707	0.9958365508262788	0.9937810807194747	0.9904620897804326	0.9935694516588331	0.9636611940712381	0.9578653896085986	0.964781966074789	0.9928950801876648	1.0	0.9657775542610306	0.9917965188978074	0.9937695398749196	0.9872120484500626	0.9895056036387454	0.9837372141448202	0.9833256767496361	0.9925640289129911	0.984055994312305	0.9931034667474433	0.9915088278697062	0.9941116355580202	0.9784380445273068	0.9916507965469348	0.9943647160345571	0.993604020015045	0.9940988260572088
0.9655651470896344	0.9649561007679843	0.9660437855623154	0.9648480807312314	0.9643814111373995	0.9645495109504529	0.9910450412027428	0.98454579498827	0.9900435104265087	0.9658975476534329	0.9657775542610306	1.0	0.962902452072517	0.9653338417676883	0.9589709773976979	0.9587763653937202	0.956201945635477	0.9553291214447858	0.9628517175815273	0.9556862946209939	0.9630180527116694	0.9622910314084951	0.9657272536807847	0.9532704858451879	0.9623240402349119	0.9656420018636108	0.9652941979002736	0.9651221751248742
0.9921041315253079	0.9920096223467115	0.9925339634946589	0.9925966990162858	0.9898561378925009	0.9915652550543013	0.9613948660872287	0.9564729025936216	0.962945748076892	0.9912745386953132	0.9917965188978074	0.962902452072517	1.0	0.992018258279752	0.986569450144103	0.9844960328520013	0.9851849707509842	0.9846591693529749	0.9887759964244608	0.9857990772619367	0.9901161675656925	0.9892175868655171	0.9929073634970702	0.9815985218014947	0.9904322624299751	0.992001771991596	0.9921051032237717	0.992074745543267
0.9935690755379392	0.993609984940951	0.9940403928959157	0.9936773839526005	0.9918790504868533	0.9926817687237225	0.9636731151326592	0.9576277436818912	0.9654089618852629	0.9929283960319816	0.9937695398749196	0.9653338417676883	0.992018258279752	1.0	0.9875326615228329	0.9874565722629094	0.9843501799194336	0.9843863708720184	0.9907777815634676	0.9848414128481342	0.9923823245766752	0.9911102238523414	0.993907426498868	0.9803073776037389	0.9909623480467211	0.9943072745979114	0.993621339867759	0.9938384720239948
0.9876827264185046	0.9875779619587398	0.9877353914106579	0.9885396267431802	0.9852767132002864	0.9872591514163027	0.9582544318756651	0.955272267779452	0.9614462429581049	0.9876440309525946	0.9872120484500626	0.9589709773976979	0.986569450144103	0.9875326615228329	1.0	0.9757952823612939	0.9900522140551572	0.9909038500103511	0.982470991680336	0.9835310282305988	0.9844730692408021	0.9831318863509945	0.9874643812468513	0.9872881544077118	0.9880258456809894	0.9884320786540939	0.988112662588194	0.9881784579433914
0.9882112659645587	0.987402889391301	0.9889150179890458	0.9876878401587746	0.984434953692926	0.986643178933516	0.9575304949470516	0.9485466197175734	0.9585874582713133	0.9899751972137664	0.9895056036387454	0.9587763653937202	0.9844960328520013	0.9874565722629094	0.9757952823612939	1.0	0.9664313147252966	0.9710107284466879	0.9926987506535624	0.9746763603840407	0.9917780711797979	0.9904766286963387	0.9874968658274658	0.9580266289633718	0.9834904150351079	0.9880144084407283	0.9908281154622626	0.9882586929695896
0.9842280809114051	0.9848500578176602	0.9843874099393053	0.9850049458448877	0.9824437363641738	0.9834511151813824	0.954018613891863	0.9547572242674596	0.9558537365698125	0.9841108016362657	0.9837372141448202	0.956201945635477	0.9851849707509842	0.9843501799194336	0.9900522140551572	0.9664313147252966	1.0	0.9922169076864148	0.9770636996417494	0.9823881926017864	0.9792752796935067	0.9817935018592928	0.9892978813817079	0.9902051075185442	0.9856883873700295	0.9842643182112205	0.9838100791382153	0.9848073901417486
0.984155949115493	0.9832733932165966	0.9841264883309065	0.9837602770300907	0.9817329044993135	0.9833782733981421	0.955570295880414	0.9564470813999812	0.9560472722148812	0.9857731519037739	0.9833256767496361	0.9553291214447858	0.9846591693529749	0.9843863708720184	0.9909038500103511	0.9710107284466879	0.9922169076864148	1.0	0.977282523289901	0.9823254936905452	0.9801331477664967	0.9771699572984612	0.9837977630954298	0.9909163420888631	0.9855340921481909	0.983640221164317	0.9870156878709581	0.9847025283369663
0.9923688348149908	0.9914861079514278	0.9929790619595925	0.9918538211770196	0.9884143126116484	0.9913801144518544	0.9606805746321592	0.9529200838749657	0.9630585111027135	0.9906831764555517	0.9925640289129911	0.9628517175815273	0.9887759964244608	0.9907777815634676	0.982470991680336	0.9926987506535624	0.9770636996417494	0.977282523289901	1.0	0.979452895166997	0.9952470698074085	0.9944357755906161	0.9916800419795453	0.9705333426425269	0.9878775599930655	0.9917766114869739	0.9914946738013679	0.9912013032362593
0.9836432493904935	0.984092545071987	0.9841826790644412	0.9846807213018232	0.9831223194770301	0.9829964451941368	0.9535294498084013	0.9516361411677148	0.9544248890340687	0.9835147046172932	0.984055994312305	0.9556862946209939	0.9857990772619367	0.9848414128481342	0.9835310282305988	0.9746763603840407	0.9823881926017864	0.9823254936905452	0.979452895166997	1.0	0.9806082953543381	0.9792459034748126	0.9843942547185468	0.9803857631134798	0.9836680318376119	0.9841569109184105	0.9841449292794213	0.9840892690351676
0.992758867482484	0.992034031695783	0.9933602172185679	0.9922380787816861	0.9896407331437981	0.9917932072377682	0.9615428226381765	0.9540653972306555	0.9631147089035216	0.9915032368252167	0.9931034667474433	0.9630180527116694	0.9901161675656925	0.9923823245766752	0.9844730692408021	0.9917780711797979	0.9792752796935067	0.9801331477664967	0.9952470698074085	0.9806082953543381	1.0	0.993606363181566	0.9924127138824663	0.9736276925797095	0.989152625881489	0.9927930616139328	0.9927274033999117	0.9923841687081908
0.9913062864413615	0.9911311395033916	0.9917531185807547	0.9916924823448652	0.98891144014782	0.9900977192036646	0.9599729965956693	0.9529057863205039	0.962284360139389	0.9907655908949039	0.9915088278697062	0.9622910314084951	0.9892175868655171	0.9911102238523414	0.9831318863509945	0.9904766286963387	0.9817935018592928	0.9771699572984612	0.9944357755906161	0.9792459034748126	0.993606363181566	1.0	0.9944791085924595	0.9724742302392237	0.9879223613799263	0.9914662877474237	0.9913243984215865	0.9916321764617183
0.9939411904085093	0.9944895977671488	0.994475716411477	0.9943475788076842	0.9918000921266793	0.9930855905331533	0.9633736314485717	0.9571900488514702	0.9652703401891654	0.9934828473979814	0.9941116355580202	0.9657272536807847	0.9929073634970702	0.993907426498868	0.9874643812468513	0.9874968658274658	0.9892978813817079	0.9837977630954298	0.9916800419795453	0.9843942547185468	0.9924127138824663	0.9944791085924595	1.0	0.980597093489686	0.991201133470736	0.9940241885216773	0.9939185591514317	0.9942890062729298
0.9802968641229651	0.9806242545910755	0.9796474958718092	0.9807929902338965	0.9778479650923926	0.9798461827368296	0.9520674538116721	0.95406421277575	0.9535585601423265	0.9800046615412413	0.9784380445273068	0.9532704858451879	0.9815985218014947	0.9803073776037389	0.9872881544077118	0.9580266289633718	0.9902051075185442	0.9909163420888631	0.9705333426425269	0.9803857631134798	0.9736276925797095	0.9724742302392237	0.980597093489686	1.0	0.9827684847599268	0.9802074466605732	0.9812381018981852	0.9813787685497667
0.9911907378963932	0.9912191610699708	0.991693445591518	0.9915130964938709	0.9884952041597969	0.9904117089798797	0.9610430953022311	0.9579405349452962	0.9618104063701302	0.9905341752026219	0.9916507965469348	0.9623240402349119	0.9904322624299751	0.9909623480467211	0.9880258456809894	0.9834904150351079	0.9856883873700295	0.9855340921481909	0.9878775599930655	0.9836680318376119	0.989152625881489	0.9879223613799263	0.991201133470736	0.9827684847599268	1.0	0.991086965087355	0.991192391428955	0.9912915671439338
0.9943926568305825	0.9939133859415031	0.994702604815903	0.9940100446831165	0.9912770524997886	0.9932804507092285	0.9636078166936014	0.9579150530165678	0.9661509074646255	0.9936835313533751	0.9943647160345571	0.9656420018636108	0.992001771991596	0.9943072745979114	0.9884320786540939	0.9880144084407283	0.9842643182112205	0.983640221164317	0.9917766114869739	0.9841569109184105	0.9927930616139328	0.9914662877474237	0.9940241885216773	0.9802074466605732	0.991086965087355	1.0	0.9940872838892071	0.9941050411425549
0.9936465826186471	0.993532486649399	0.9938960913525654	0.9938837213979396	0.991473080088834	0.9927127635839003	0.9640455361159409	0.9576488538310474	0.9650085286883239	0.9966121624478456	0.993604020015045	0.9652941979002736	0.9921051032237717	0.993621339867759	0.988112662588194	0.9908281154622626	0.9838100791382153	0.9870156878709581	0.9914946738013679	0.9841449292794213	0.9927274033999117	0.9913243984215865	0.9939185591514317	0.9812381018981852	0.991192391428955	0.9940872838892071	1.0	0.9946856143350402
0.9940659729457432	0.9944764526839647	0.9941625622005104	0.9947949646237877	0.9911907499150076	0.9935530342613224	0.9635430114579006	0.9575427137135208	0.9656361451376775	0.9937672461330042	0.9940988260572088	0.9651221751248742	0.992074745543267	0.9938384720239948	0.9881784579433914	0.9882586929695896	0.9848073901417486	0.9847025283369663	0.9912013032362593	0.9840892690351676	0.9923841687081908	0.9916321764617183	0.9942890062729298	0.9813787685497667	0.9912915671439338	0.9941050411425549	0.9946856143350402	1.0
