/home/jshaw/scratch/2022_sketched_distance/references/SGB_genome_fastas_part2/4350/BritoIL_2016__W1.51.ST__bin.59.fa	/home/jshaw/scratch/2022_sketched_distance/references/SGB_genome_fastas_part2/4350/BritoIL_2016__W2.61.ST__bin.113.fa	/home/jshaw/scratch/2022_sketched_distance/references/SGB_genome_fastas_part2/4350/BritoIL_2016__W2.6.ST__bin.33.fa	/home/jshaw/scratch/2022_sketched_distance/references/SGB_genome_fastas_part2/4350/BritoIL_2016__W3.18.ST__bin.41.fa	/home/jshaw/scratch/2022_sketched_distance/references/SGB_genome_fastas_part2/4350/BritoIL_2016__WL.43.ST__bin.16.fa	/home/jshaw/scratch/2022_sketched_distance/references/SGB_genome_fastas_part2/4350/CM_madagascar__A32_01_1FE__bin.33.fa	/home/jshaw/scratch/2022_sketched_distance/references/SGB_genome_fastas_part2/4350/CM_madagascar__A53_01_1FE__bin.21.fa	/home/jshaw/scratch/2022_sketched_distance/references/SGB_genome_fastas_part2/4350/CM_madagascar__A72_01_1FE__bin.2.fa	/home/jshaw/scratch/2022_sketched_distance/references/SGB_genome_fastas_part2/4350/CM_madagascar__A81_01_1FE__bin.49.fa	/home/jshaw/scratch/2022_sketched_distance/references/SGB_genome_fastas_part2/4350/CM_madagascar__A89_02_1FE__bin.31.fa	/home/jshaw/scratch/2022_sketched_distance/references/SGB_genome_fastas_part2/4350/CM_madagascar__A94_02_1FE__bin.50.fa	/home/jshaw/scratch/2022_sketched_distance/references/SGB_genome_fastas_part2/4350/CM_madagascar__V07_01_2FE__bin.26.fa	/home/jshaw/scratch/2022_sketched_distance/references/SGB_genome_fastas_part2/4350/CosteaPI_2017__SID713A028-11-0-0__bin.27.fa	/home/jshaw/scratch/2022_sketched_distance/references/SGB_genome_fastas_part2/4350/CosteaPI_2017__SID713B046-11-0-0__bin.58.fa	/home/jshaw/scratch/2022_sketched_distance/references/SGB_genome_fastas_part2/4350/LeChatelierE_2013__MH0012__bin.43.fa	/home/jshaw/scratch/2022_sketched_distance/references/SGB_genome_fastas_part2/4350/LeChatelierE_2013__MH0126__bin.25.fa	/home/jshaw/scratch/2022_sketched_distance/references/SGB_genome_fastas_part2/4350/LiuW_2016__SRR3992967__bin.11.fa	/home/jshaw/scratch/2022_sketched_distance/references/SGB_genome_fastas_part2/4350/NielsenHB_2014__MH0012__bin.23.fa	/home/jshaw/scratch/2022_sketched_distance/references/SGB_genome_fastas_part2/4350/NielsenHB_2014__MH0126__bin.53.fa	/home/jshaw/scratch/2022_sketched_distance/references/SGB_genome_fastas_part2/4350/Obregon-TitoAJ_2015__SM01__bin.23.fa	/home/jshaw/scratch/2022_sketched_distance/references/SGB_genome_fastas_part2/4350/Obregon-TitoAJ_2015__SM02__bin.18.fa	/home/jshaw/scratch/2022_sketched_distance/references/SGB_genome_fastas_part2/4350/Obregon-TitoAJ_2015__SM18__bin.25.fa	/home/jshaw/scratch/2022_sketched_distance/references/SGB_genome_fastas_part2/4350/Obregon-TitoAJ_2015__SM25__bin.5.fa	/home/jshaw/scratch/2022_sketched_distance/references/SGB_genome_fastas_part2/4350/Obregon-TitoAJ_2015__SM31__bin.9.fa	/home/jshaw/scratch/2022_sketched_distance/references/SGB_genome_fastas_part2/4350/Obregon-TitoAJ_2015__SM32__bin.23.fa	/home/jshaw/scratch/2022_sketched_distance/references/SGB_genome_fastas_part2/4350/Obregon-TitoAJ_2015__SM33__bin.2.fa	/home/jshaw/scratch/2022_sketched_distance/references/SGB_genome_fastas_part2/4350/Obregon-TitoAJ_2015__SM34__bin.32.fa	/home/jshaw/scratch/2022_sketched_distance/references/SGB_genome_fastas_part2/4350/Obregon-TitoAJ_2015__SM39__bin.44.fa	/home/jshaw/scratch/2022_sketched_distance/references/SGB_genome_fastas_part2/4350/Obregon-TitoAJ_2015__SM40__bin.28.fa	/home/jshaw/scratch/2022_sketched_distance/references/SGB_genome_fastas_part2/4350/Obregon-TitoAJ_2015__SM43__bin.46.fa	/home/jshaw/scratch/2022_sketched_distance/references/SGB_genome_fastas_part2/4350/Obregon-TitoAJ_2015__SM44__bin.22.fa	/home/jshaw/scratch/2022_sketched_distance/references/SGB_genome_fastas_part2/4350/RampelliS_2015__H16__bin.32.fa	/home/jshaw/scratch/2022_sketched_distance/references/SGB_genome_fastas_part2/4350/RampelliS_2015__H17__bin.74.fa	/home/jshaw/scratch/2022_sketched_distance/references/SGB_genome_fastas_part2/4350/RampelliS_2015__H2__bin.18.fa	/home/jshaw/scratch/2022_sketched_distance/references/SGB_genome_fastas_part2/4350/RampelliS_2015__H8__bin.8.fa	/home/jshaw/scratch/2022_sketched_distance/references/SGB_genome_fastas_part2/4350/SmitsSA_2017__TZ_12739__bin.4.fa	/home/jshaw/scratch/2022_sketched_distance/references/SGB_genome_fastas_part2/4350/SmitsSA_2017__TZ_65642__bin.12.fa	/home/jshaw/scratch/2022_sketched_distance/references/SGB_genome_fastas_part2/4350/VatanenT_2016__G78741__bin.11.fa	/home/jshaw/scratch/2022_sketched_distance/references/SGB_genome_fastas_part2/4350/VogtmannE_2016__MMRS51307502ST-27-0-0__bin.2.fa	/home/jshaw/scratch/2022_sketched_distance/references/SGB_genome_fastas_part2/4350/VogtmannE_2016__MMRS65742083ST-27-0-0__bin.7.fa	/home/jshaw/scratch/2022_sketched_distance/references/SGB_genome_fastas_part2/4350/XieH_2016__YSZC12003_37331__bin.27.fa	/home/jshaw/scratch/2022_sketched_distance/references/SGB_genome_fastas_part2/4350/ZeeviD_2015__PNP_Main_301__bin.19.fa	/home/jshaw/scratch/2022_sketched_distance/references/SGB_genome_fastas_part2/4350/ZeeviD_2015__PNP_Main_74__bin.26.fa	/home/jshaw/scratch/2022_sketched_distance/references/SGB_genome_fastas_part2/4350/ZellerG_2014__CCIS31434951ST-20-0__bin.24.fa	/home/jshaw/scratch/2022_sketched_distance/references/SGB_genome_fastas_part2/4350/ZellerG_2014__CCIS59132091ST-4-0__bin.40.fa
1.0	0.9836508748486285	0.9821148316265024	0.9840905592995718	0.984753765843851	0.9773561173309065	0.9692255808354941	0.9789896671340026	0.9671544119642088	0.978138696072504	0.9807568219396021	0.9774989484714685	0.9691334928278148	0.9682926670228298	0.9785161685659975	0.9677678348111374	0.9782997844698145	0.9792907063861719	0.9682039865332063	0.9760024989747307	0.9649652467154529	0.9687346925133472	0.9640498675382863	0.9718142030441178	0.9729639290047721	0.9714593860675985	0.9687515373046489	0.9642146154601935	0.9731333652645864	0.9651260582106027	0.9725016631834166	0.9780161704275302	0.9692573300620506	0.966069007739396	0.9655006892874161	0.9704653501666622	0.9644255944499411	0.963615016134223	0.9827995083539345	0.9684801131381653	0.9699025470088012	0.9672084100505683	0.9764857215856386	0.9695789997559802	0.9687158166764027
0.9836508748486285	1.0	0.9899404413168384	0.9981752509471552	0.9915191683786024	0.9763267117749743	0.9667620857404665	0.9783978402160666	0.9664672678739492	0.9774803319625376	0.9790627159000614	0.976877978142334	0.9668715792131726	0.967859806214563	0.9786391141105731	0.9673771502555955	0.9778425202086826	0.9786802155878709	0.9680471835719237	0.9776256968813747	0.9645483059319727	0.9676326230699965	0.9613617711898368	0.9715485695843823	0.9719094121699868	0.970928376167215	0.9681687932662633	0.9660043354686472	0.9723621078194391	0.9638813714849988	0.9713403346192622	0.9768490568196941	0.9695138573648285	0.9654800673962036	0.9653215384928443	0.9688688442026246	0.9628395643918142	0.9616785563934263	0.9809686668109572	0.9685288147528216	0.9699982312491344	0.9677486262453109	0.9762856860300507	0.9692816414560733	0.9679115046870008
0.9821148316265024	0.9899404413168384	1.0	0.9903101797735981	0.987065777546074	0.9760275716680935	0.9669562162480619	0.9743944378970615	0.9609223392514237	0.9738967381370174	0.9764873196154785	0.9761955052336503	0.967122885339865	0.9662238534227767	0.9782247060001438	0.9653575917578948	0.9740366739364066	0.9792907063861719	0.9647071771520126	0.967396657757723	0.9580978027157772	0.9619700783898246	0.9609743057120985	0.9696787538700838	0.9699844718450271	0.9694733235992437	0.962387279252676	0.9533657044076853	0.968036655035999	0.9598823317008842	0.9715011706604854	0.9774162213102723	0.9652403084713262	0.9634563165504949	0.9606225481420704	0.9639138173825373	0.9613080500952279	0.9609071375649462	0.9784390504884481	0.9663943438815209	0.9666765047380389	0.9658801407400487	0.9753899845262902	0.966507504935839	0.9673437788295217
0.9840905592995718	0.9981752509471552	0.9903101797735981	1.0	0.9916690474544054	0.9776561887373707	0.9670675265213455	0.9710181380286934	0.9559817229235013	0.9756112987791744	0.9778885363354327	0.9779463653602649	0.9682575658191478	0.9674691048222605	0.9791376715589852	0.9676283462347346	0.9700011236998022	0.9782339817156112	0.9672287585448239	0.9352464650439608	0.9591330604331522	0.9548185903166546	0.9628418274375768	0.9706585776379029	0.9710895732202212	0.9708028815543165	0.9580811628566459	0.9225691498205753	0.9684903957432175	0.9621901024413677	0.970874792910441	0.9766497970667598	0.968567634030841	0.9667426226877966	0.96209590852652	0.9653240106512291	0.9621901024413677	0.9629338597957445	0.9734954599123993	0.9687982464180174	0.9683353625462776	0.9665789340931249	0.9762261864654982	0.9674691048222605	0.968567634030841
0.984753765843851	0.9915191683786024	0.987065777546074	0.9916690474544054	1.0	0.9763985375039879	0.9670977369580244	0.9780282282738109	0.9663125585335832	0.9776753528005724	0.9792396660670855	0.9768419442771744	0.9673587285038094	0.9676209570653943	0.9787737461914264	0.9674257206901661	0.9778425202086826	0.9791975248441639	0.9679422233535518	0.9772941379401241	0.9654352253123762	0.9686776174552233	0.961639516478992	0.9715929933947198	0.9723969945448601	0.9711949698606186	0.9682992041227373	0.9653003490280427	0.9729422638128118	0.9639965375608978	0.9712865445775674	0.9779311365830824	0.9691541461360509	0.965301263263215	0.9656195714963988	0.9691840628493956	0.9642651061432262	0.9626370974119843	0.9823182707840472	0.9684313379412646	0.970613371862833	0.9673566415030298	0.975839597466218	0.969529629665809	0.9673422408386606
0.9773561173309065	0.9763267117749743	0.9760275716680935	0.9776561887373707	0.9763985375039879	1.0	0.967732882357227	0.9984868633909669	0.9668508219031839	0.9985670997584191	0.9769367024203893	0.9992599220758166	0.9670220151089024	0.9680022714739297	0.9772613066758519	0.9674257206901661	0.9770972852678819	0.9776692451549458	0.9688747995268322	0.9750882455300247	0.9646679845092803	0.9657494984141853	0.9628314628975344	0.9715040847523064	0.9710495418126864	0.9710174849255103	0.9677743683678179	0.9623193257659771	0.9718705837888105	0.9645662577108518	0.9716079526026219	0.9766725386395679	0.9683695765374651	0.9642070494348831	0.9652615992294947	0.9692363015325247	0.9630630397807903	0.9621895856474872	0.9795129671034585	0.9686259981358071	0.9700459673918107	0.9669098866610063	0.9796501842568159	0.9693313915893039	0.9679115046870008
0.9692255808354941	0.9667620857404665	0.9669562162480619	0.9670675265213455	0.9670977369580244	0.967732882357227	1.0	0.9697073299891025	0.9735112925409872	0.9691414544510275	0.9693798496529301	0.9678900811219114	0.978749050542593	0.9790888386493976	0.9686956750726732	0.9804722502322841	0.9682733444514323	0.967537911681681	0.9814575273362768	0.9678457818685299	0.9706473350727429	0.9705637466082928	0.9704045854006361	0.973152993188046	0.9742356185095868	0.9725384602376733	0.9736819315818502	0.9750545428802262	0.9748496675021923	0.9712717254549083	0.9727598966268725	0.9675923705053869	0.9825186551133548	0.9618335306881388	0.9607608968339438	0.9819437884478828	0.9593484121703816	0.9575287821836596	0.9715565703687042	0.9803463416138197	0.9811989649617316	0.9792661608935853	0.9663398913797902	0.9804932169148377	0.980527184738907
0.9789896671340026	0.9783978402160666	0.9743944378970615	0.9710181380286934	0.9780282282738109	0.9984868633909669	0.9697073299891025	1.0	0.9609223392514237	0.9973180228376273	0.9759168298291736	0.9982110712367455	0.9700061450683661	0.9696472340776036	0.9787633101734056	0.9691624007613183	0.9718558541830276	0.9719652674128645	0.9678539621143769	0.9645619225747509	0.9606904668997343	0.959640431565856	0.963865324526438	0.9718558541830276	0.97088637313926	0.9716303384524148	0.9609478779615979	0.9524480562855674	0.9687939403851319	0.9632843158760942	0.9679174862871028	0.9725231336157978	0.9663572625336192	0.9630636986476407	0.96313740629726	0.9676626356143486	0.9652045266450806	0.9640089494760007	0.9749870916530015	0.9694057267185008	0.9696472340776036	0.9689786959808689	0.980574694673203	0.9688556430954538	0.9701249020845443
0.9671544119642088	0.9664672678739492	0.9609223392514237	0.9559817229235013	0.9663125585335832	0.9668508219031839	0.9735112925409872	0.9609223392514237	1.0	0.9651279191482327	0.9661571025233807	0.9663900060814787	0.9734491706847125	0.9731994869925747	0.9660008924792106	0.9735112925409872	0.9576416539042379	0.9553238618834388	0.9711963395594065	0.9492799953467874	0.9773690691653226	0.9604604820456182	0.9831619566792565	0.9699044008544511	0.969695608949246	0.9699736995681512	0.9736969477678755	0.9515030928973387	0.9676045032532683	0.9816503490201887	0.9646415762255474	0.9598024789234249	0.9703179827632334	0.9556500253416009	0.9560797793528799	0.9709957475481831	0.9600861384203795	0.9573353367616053	0.960830499144237	0.9731994869925747	0.9737585975880622	0.9719865072193553	0.9649666205644756	0.9724386919290381	0.9744291297165598
0.978138696072504	0.9774803319625376	0.9738967381370174	0.9756112987791744	0.9776753528005724	0.9985670997584191	0.9691414544510275	0.9973180228376273	0.9651279191482327	1.0	0.9767684290310436	0.9984638288259706	0.9684770388632411	0.9686829342744152	0.9782916919056708	0.9679564801806835	0.9760925467462487	0.9761683184953734	0.9665457136142906	0.9714703111743058	0.9624424480032374	0.9641462942394059	0.9641153956937955	0.97157673259123	0.9708172061098848	0.97162361658069	0.9662854108168099	0.9599915935906498	0.9708134460696077	0.9634583320949114	0.9703581655009117	0.9744760572625787	0.9664611343173195	0.9626227159563462	0.9629614240366233	0.9669660628856709	0.9637586643332394	0.963638868204505	0.9781899684346191	0.9683735966284965	0.9687853917075085	0.9673739949601428	0.9800737784488289	0.9673205163692046	0.9695935575405438
0.9807568219396021	0.9790627159000614	0.9764873196154785	0.9778885363354327	0.9792396660670855	0.9769367024203893	0.9693798496529301	0.9759168298291736	0.9661571025233807	0.9767684290310436	1.0	0.9766322635630269	0.9681121305503648	0.9682114343707969	0.9766322635630269	0.9681121305503648	0.9741400365459867	0.9758596462019059	0.9674122378933089	0.9714703111743058	0.9647872193110166	0.9670971516597296	0.9649811847397757	0.9718196015170658	0.9716403326094375	0.9715971347841416	0.9678404416066545	0.9620251262788937	0.9723621078194391	0.9641112923529143	0.9717674682892964	0.9752710558070902	0.9683695765374651	0.9649406461000997	0.9639138570298185	0.9692363015325247	0.9630034465294308	0.9634088542561752	0.9815152064014409	0.9685075257093693	0.9683820244574483	0.9672043670019581	0.9753454519675444	0.9684239502825087	0.9691398910900929
0.9774989484714685	0.976877978142334	0.9761955052336503	0.9779463653602649	0.9768419442771744	0.9992599220758166	0.9678900811219114	0.9982110712367455	0.9663900060814787	0.9984638288259706	0.9766322635630269	1.0	0.9673630519417576	0.967907364565168	0.9773073030583809	0.967279789352395	0.9770972852678819	0.9776692451549458	0.9687212289535234	0.9748735621246395	0.9643679486013574	0.965624141352888	0.9631363469545897	0.9712807392667828	0.9710495418126864	0.9707045248956188	0.9676418144956203	0.9622215588127699	0.9717713778076984	0.9647913485362145	0.9714476473611316	0.9768050169109587	0.968210348529039	0.9642070494348831	0.9646559828130049	0.9692363015325247	0.962783451574866	0.9624684042240675	0.9793685881908073	0.9685774430105949	0.9696137832240184	0.9667093238700567	0.9795167121849956	0.9690317350989571	0.9680796132215759
0.9691334928278148	0.9668715792131726	0.967122885339865	0.9682575658191478	0.9673587285038094	0.9670220151089024	0.978749050542593	0.9700061450683661	0.9734491706847125	0.9684770388632411	0.9681121305503648	0.9673630519417576	1.0	0.9836392032972711	0.9677188534079592	0.9835387163173235	0.9680872567757527	0.9683952441897995	0.984470195686156	0.9680236951769868	0.9714800952632446	0.9709387757185488	0.9690990642705215	0.9735733316100849	0.9747306671567715	0.9731690717800426	0.9746054341476365	0.9775246216647385	0.9753873803474264	0.9715458009602586	0.9734218357498217	0.9673572743647649	0.9801753004526713	0.9601242052080756	0.9596369946355524	0.979903967405607	0.9592858323439787	0.9568037976817461	0.9716790022009217	0.9849456009772143	0.9857433370969908	0.9834590968389906	0.9677636808732372	0.9856079817171081	0.9831015205585256
0.9682926670228298	0.967859806214563	0.9662238534227767	0.9674691048222605	0.9676209570653943	0.9680022714739297	0.9790888386493976	0.9696472340776036	0.9731994869925747	0.9686829342744152	0.9682114343707969	0.967907364565168	0.9836392032972711	1.0	0.967907364565168	0.9836862267387741	0.9681494053008824	0.9676046752947243	0.9845964747384186	0.9681122853063676	0.9710418923261668	0.9704557921333168	0.970552376364316	0.9741528066895956	0.9743186523615124	0.9737058576332107	0.974551831371814	0.9787221985867124	0.9747138376036738	0.9715912555298799	0.9734721990592278	0.9675337569450184	0.9798051254133475	0.9610926392068735	0.9599216920324413	0.9797532764177289	0.9589710826571735	0.9578974269186331	0.9704333355551384	0.9848867648682479	0.98562524497456	0.9836388558821529	0.9676192741975593	0.9849683307621164	0.9828384415052223
0.9785161685659975	0.9786391141105731	0.9782247060001438	0.9791376715589852	0.9787737461914264	0.9772613066758519	0.9686956750726732	0.9787633101734056	0.9660008924792106	0.9782916919056708	0.9766322635630269	0.9773073030583809	0.9677188534079592	0.967907364565168	1.0	0.9680505693565127	0.9830655833218527	0.9994743839350918	0.9691797672566893	0.981479390875105	0.9642471457503892	0.9679263100169889	0.9633775131747633	0.9727699746241728	0.9726162210188561	0.9722827407477602	0.9673750611673644	0.9645806149771806	0.9733706696915627	0.9641112923529143	0.9729650127800245	0.9828244412261978	0.9686856955246693	0.964453446185919	0.9650207192223245	0.9690793313853483	0.963118666379116	0.9623020502184896	0.9789804263287947	0.9684313379412646	0.9698065787401916	0.9672578962932186	0.9767257423200276	0.9691819107777718	0.9675331140141822
0.9677678348111374	0.9673771502555955	0.9653575917578948	0.9676283462347346	0.9674257206901661	0.9674257206901661	0.9804722502322841	0.9691624007613183	0.9735112925409872	0.9679564801806835	0.9681121305503648	0.967279789352395	0.9835387163173235	0.9836862267387741	0.9680505693565127	1.0	0.9670119900023411	0.9683300981692947	0.99984139854285	0.9650520556245228	0.9711886199879792	0.9707250058943843	0.9707436702062063	0.9739057257407897	0.9744840859126357	0.973417922997704	0.9750311022391442	0.9778281653739245	0.975119635834434	0.9719076638333205	0.9735224843222504	0.9675923705053869	0.9796932498541558	0.9610244282042824	0.9609673056947337	0.9802405017453911	0.9594108697704766	0.9579561045841596	0.9704967708844151	0.9837178592359265	0.9844816700960243	0.9830965941525713	0.967230998432534	0.983778200386335	0.9832416892000198
0.9782997844698145	0.9778425202086826	0.9740366739364066	0.9700011236998022	0.9778425202086826	0.9770972852678819	0.9682733444514323	0.9718558541830276	0.9576416539042379	0.9760925467462487	0.9741400365459867	0.9770972852678819	0.9680872567757527	0.9681494053008824	0.9830655833218527	0.9670119900023411	1.0	0.9754434731231897	0.9649537712785945	0.9695822747701585	0.9595937158427161	0.9615580177208437	0.9616341385647151	0.9707146086327008	0.9699603261813298	0.9710000981111686	0.9598665564673098	0.9558504218850614	0.9679625994822948	0.9609424526712228	0.9662307883887925	0.9778885363354327	0.9658996121237803	0.9612517134045863	0.9607866954019878	0.9646091167957412	0.9624597530986653	0.9614052315192032	0.9736925538319152	0.9661648250389386	0.9682733444514323	0.9670762433134066	0.9761895835608873	0.9659661204194817	0.9692480930441346
0.9792907063861719	0.9786802155878709	0.9792907063861719	0.9782339817156112	0.9791975248441639	0.9776692451549458	0.967537911681681	0.9719652674128645	0.9553238618834388	0.9761683184953734	0.9758596462019059	0.9776692451549458	0.9683952441897995	0.9676046752947243	0.9994743839350918	0.9683300981692947	0.9754434731231897	1.0	0.968002380904997	0.9589645196556174	0.9581337254800735	0.9579540468262826	0.9620100303336259	0.9721396322582132	0.9717899590865501	0.9721396322582132	0.9565732146964082	0.9394752234744018	0.9692303942323096	0.9610431888926095	0.9723706688037169	0.9812761937718765	0.9665195033408253	0.9651815061201194	0.9618509017030316	0.9652533309403083	0.9631023609434629	0.9629485718295827	0.9727014062917321	0.9676046752947243	0.9677377893599605	0.9667942406205479	0.97611707605266	0.9663119019079424	0.9676713009948062
0.9682039865332063	0.9680471835719237	0.9647071771520126	0.9672287585448239	0.9679422233535518	0.9688747995268322	0.9814575273362768	0.9678539621143769	0.9711963395594065	0.9665457136142906	0.9674122378933089	0.9687212289535234	0.984470195686156	0.9845964747384186	0.9691797672566893	0.99984139854285	0.9649537712785945	0.968002380904997	1.0	0.9606818931337993	0.9688621986305751	0.9676326230699965	0.9714269165520937	0.9736165251272972	0.9736165251272972	0.973350774332403	0.9726745881196391	0.973779611909697	0.9729422638128118	0.970614521356093	0.9728626168765382	0.9670013845796931	0.977809479862038	0.9605428399604976	0.958767372888464	0.9782859118695476	0.9603274044551072	0.9588968755163217	0.9686046428763168	0.9834420728447997	0.9835072835349897	0.9837991371371345	0.9678896149263491	0.9819052485874996	0.9844385498512829
0.9760024989747307	0.9776256968813747	0.967396657757723	0.9352464650439608	0.9772941379401241	0.9750882455300247	0.9678457818685299	0.9645619225747509	0.9492799953467874	0.9714703111743058	0.9714703111743058	0.9748735621246395	0.9680236951769868	0.9681122853063676	0.981479390875105	0.9650520556245228	0.9695822747701585	0.9589645196556174	0.9606818931337993	1.0	0.9629412948703788	0.9687256998232661	0.9627328426774522	0.9679348611541017	0.9677564559394634	0.9678457818685299	0.9563937302596163	0.9652460365641431	0.9650520556245228	0.9609040684351924	0.9572738682214877	0.967032799701057	0.961343848831882	0.9508360161018709	0.9552251986813223	0.9627328426774522	0.961343848831882	0.9587284075859429	0.9583709358959696	0.9640642019999478	0.966572124033957	0.9656305250271666	0.9746574509751895	0.964462993063536	0.9674869843060362
0.9649652467154529	0.9645483059319727	0.9580978027157772	0.9591330604331522	0.9654352253123762	0.9646679845092803	0.9706473350727429	0.9606904668997343	0.9773690691653226	0.9624424480032374	0.9647872193110166	0.9643679486013574	0.9714800952632446	0.9710418923261668	0.9642471457503892	0.9711886199879792	0.9595937158427161	0.9581337254800735	0.9688621986305751	0.9629412948703788	1.0	0.9647326960071957	0.9885803559518367	0.9683867650225156	0.9684399380402288	0.9683335042701576	0.9840280675867982	0.9653891940352376	0.9671891825811847	0.987115665277513	0.9647449232957639	0.9590581613211677	0.9674143564467427	0.9548687666326358	0.9532471660850671	0.9681751276343956	0.9560907916903318	0.9562465705615412	0.9619893246801546	0.9701976297261821	0.9708944965031044	0.9695881260480387	0.9633263511208631	0.9695881260480387	0.9716729646613406
0.9687346925133472	0.9676326230699965	0.9619700783898246	0.9548185903166546	0.9686776174552233	0.9657494984141853	0.9705637466082928	0.959640431565856	0.9604604820456182	0.9641462942394059	0.9670971516597296	0.965624141352888	0.9709387757185488	0.9704557921333168	0.9679263100169889	0.9707250058943843	0.9615580177208437	0.9579540468262826	0.9676326230699965	0.9687256998232661	0.9647326960071957	1.0	0.967395732865416	0.9803918446959929	0.994617698288293	0.9804714090817455	0.9681033896895059	0.9707698285120037	0.9909583545406603	0.9643429524192237	0.9728626168765382	0.9591779608428189	0.9663076424885466	0.9567873891769964	0.9562870100279189	0.965624141352888	0.9608239783180923	0.9589467954142408	0.9604682221069303	0.9700203346529089	0.9698555143240798	0.9696898493844314	0.9663076424885466	0.9688485408812908	0.9710981815417646
0.9640498675382863	0.9613617711898368	0.9609743057120985	0.9628418274375768	0.961639516478992	0.9628314628975344	0.9704045854006361	0.963865324526438	0.9831619566792565	0.9641153956937955	0.9649811847397757	0.9631363469545897	0.9690990642705215	0.970552376364316	0.9633775131747633	0.9707436702062063	0.9616341385647151	0.9620100303336259	0.9714269165520937	0.9627328426774522	0.9885803559518367	0.967395732865416	1.0	0.9687164394685495	0.9702603308512114	0.967840893696791	0.9966700356849012	0.9664366364660677	0.9709665956797532	0.9998081197816943	0.9680624678628986	0.9619066865998681	0.9709628666007424	0.9591255496223504	0.9562461202720502	0.9715037462303867	0.9565402287507208	0.9543807911896195	0.9660174240905842	0.9721178459858558	0.9724359490891218	0.9692241269389669	0.9630110759356055	0.9709316168598899	0.9703558279263498
0.9718142030441178	0.9715485695843823	0.9696787538700838	0.9706585776379029	0.9715929933947198	0.9715040847523064	0.973152993188046	0.9718558541830276	0.9699044008544511	0.97157673259123	0.9718196015170658	0.9712807392667828	0.9735733316100849	0.9741528066895956	0.9727699746241728	0.9739057257407897	0.9707146086327008	0.9721396322582132	0.9736165251272972	0.9679348611541017	0.9683867650225156	0.9803918446959929	0.9687164394685495	1.0	0.98400376314629	0.9992243289025718	0.9733496138321163	0.96819152215734	0.9845483845421498	0.968744229035182	0.9993650012812635	0.9705558081841563	0.9729527269680485	0.9638338757500897	0.9630258060496194	0.9733480967828909	0.9637984973068305	0.9633430616454827	0.9731131999082787	0.9732796675029972	0.9741194393867515	0.9730258222611702	0.971100946883609	0.9732148074318601	0.9734058491334378
0.9729639290047721	0.9719094121699868	0.9699844718450271	0.9710895732202212	0.9723969945448601	0.9710495418126864	0.9742356185095868	0.97088637313926	0.969695608949246	0.9708172061098848	0.9716403326094375	0.9710495418126864	0.9747306671567715	0.9743186523615124	0.9726162210188561	0.9744840859126357	0.9699603261813298	0.9717899590865501	0.9736165251272972	0.9677564559394634	0.9684399380402288	0.994617698288293	0.9702603308512114	0.98400376314629	1.0	0.98400376314629	0.9772776118270082	0.9688357176332154	0.9988874237400215	0.9693827138249731	0.9834869304737829	0.9704487772233613	0.9734543066607982	0.9645759399549831	0.9628969126297906	0.9730246917676075	0.9634293533305249	0.9631961469475072	0.9718009729819375	0.9739013434038541	0.9740773462407442	0.9735211230859256	0.9706805451808147	0.9737396523597994	0.9743186523615124
0.9714593860675985	0.970928376167215	0.9694733235992437	0.9708028815543165	0.9711949698606186	0.9710174849255103	0.9725384602376733	0.9716303384524148	0.9699736995681512	0.97162361658069	0.9715971347841416	0.9707045248956188	0.9731690717800426	0.9737058576332107	0.9722827407477602	0.973417922997704	0.9710000981111686	0.9721396322582132	0.973350774332403	0.9678457818685299	0.9683335042701576	0.9804714090817455	0.967840893696791	0.9992243289025718	0.98400376314629	1.0	0.973405237003047	0.9683537801927655	0.984715819435912	0.9683951283883008	0.9993191777602687	0.9704487772233613	0.9728606914552563	0.9637712565842097	0.9632820506474775	0.9733480967828909	0.9632592077745343	0.9628605494519684	0.973229901271771	0.9729349785957048	0.9741194393867515	0.9726232537379695	0.970524322138597	0.9734345254016422	0.9730021040587211
0.9687515373046489	0.9681687932662633	0.962387279252676	0.9580811628566459	0.9682992041227373	0.9677743683678179	0.9736819315818502	0.9609478779615979	0.9736969477678755	0.9662854108168099	0.9678404416066545	0.9676418144956203	0.9746054341476365	0.974551831371814	0.9673750611673644	0.9750311022391442	0.9598665564673098	0.9565732146964082	0.9726745881196391	0.9563937302596163	0.9840280675867982	0.9681033896895059	0.9966700356849012	0.9733496138321163	0.9772776118270082	0.973405237003047	1.0	0.9603049776308378	0.9755034081920593	0.9955004657565896	0.9668348410349089	0.9615153507768627	0.9713401283815196	0.9578590422592407	0.9567593080875884	0.971399305938288	0.9604533407404291	0.959951044377826	0.9613221774187188	0.9744981400011996	0.9747123751003818	0.9727313800185932	0.9675087136318985	0.9734607649831042	0.9746589486254101
0.9642146154601935	0.9660043354686472	0.9533657044076853	0.9225691498205753	0.9653003490280427	0.9623193257659771	0.9750545428802262	0.9524480562855674	0.9515030928973387	0.9599915935906498	0.9620251262788937	0.9622215588127699	0.9775246216647385	0.9787221985867124	0.9645806149771806	0.9778281653739245	0.9558504218850614	0.9394752234744018	0.973779611909697	0.9652460365641431	0.9653891940352376	0.9707698285120037	0.9664366364660677	0.96819152215734	0.9688357176332154	0.9683537801927655	0.9603049776308378	1.0	0.9658297769469385	0.9643981360939157	0.9536230940574842	0.9498146073906983	0.9672004548891324	0.9454844521543191	0.9519115277731041	0.9710688281869961	0.9566762089135655	0.9536230940574842	0.9484864002057534	0.976470889470299	0.9774024080191664	0.9778885363354327	0.9641224606938636	0.9765338267061343	0.9778281653739245
0.9731333652645864	0.9723621078194391	0.968036655035999	0.9684903957432175	0.9729422638128118	0.9718705837888105	0.9748496675021923	0.9687939403851319	0.9676045032532683	0.9708134460696077	0.9723621078194391	0.9717713778076984	0.9753873803474264	0.9747138376036738	0.9733706696915627	0.975119635834434	0.9679625994822948	0.9692303942323096	0.9729422638128118	0.9650520556245228	0.9671891825811847	0.9909583545406603	0.9709665956797532	0.9845483845421498	0.9988874237400215	0.984715819435912	0.9755034081920593	0.9658297769469385	1.0	0.9697734903991092	0.9809877231506223	0.9671798205530738	0.9723621078194391	0.9621821254255059	0.9619808173506341	0.9716718670613923	0.9636849093248104	0.9636849093248104	0.9695319221072959	0.9745318431946081	0.9744404622082774	0.9738401347149146	0.9711190240172509	0.9737000068793504	0.9749849319907283
0.9651260582106027	0.9638813714849988	0.9598823317008842	0.9621901024413677	0.9639965375608978	0.9645662577108518	0.9712717254549083	0.9632843158760942	0.9816503490201887	0.9634583320949114	0.9641112923529143	0.9647913485362145	0.9715458009602586	0.9715912555298799	0.9641112923529143	0.9719076638333205	0.9609424526712228	0.9610431888926095	0.970614521356093	0.9609040684351924	0.987115665277513	0.9643429524192237	0.9998081197816943	0.968744229035182	0.9693827138249731	0.9683951283883008	0.9955004657565896	0.9643981360939157	0.9697734903991092	1.0	0.9674621005677047	0.9608408753742164	0.9700208833372415	0.9572607232410051	0.9551954652597585	0.970765449977949	0.9578018740384362	0.956082500969432	0.9653553907703358	0.9714090531877787	0.9716738496230974	0.9700564904381048	0.9641112923529143	0.9701171516190317	0.9721317925571941
0.9725016631834166	0.9713403346192622	0.9715011706604854	0.970874792910441	0.9712865445775674	0.9716079526026219	0.9727598966268725	0.9679174862871028	0.9646415762255474	0.9703581655009117	0.9717674682892964	0.9714476473611316	0.9734218357498217	0.9734721990592278	0.9729650127800245	0.9735224843222504	0.9662307883887925	0.9723706688037169	0.9728626168765382	0.9572738682214877	0.9647449232957639	0.9728626168765382	0.9680624678628986	0.9993650012812635	0.9834869304737829	0.9993191777602687	0.9668348410349089	0.9536230940574842	0.9809877231506223	0.9674621005677047	1.0	0.9705790160696135	0.9718733773287653	0.9650075834219357	0.9610452964285985	0.9707436702062063	0.9636040385750156	0.9629135021074153	0.9703697755820835	0.9731688398311208	0.9728626168765382	0.9730160897513763	0.971124636142178	0.9714476473611316	0.9732702750703963
0.9780161704275302	0.9768490568196941	0.9774162213102723	0.9766497970667598	0.9779311365830824	0.9766725386395679	0.9675923705053869	0.9725231336157978	0.9598024789234249	0.9744760572625787	0.9752710558070902	0.9768050169109587	0.9673572743647649	0.9675337569450184	0.9828244412261978	0.9675923705053869	0.9778885363354327	0.9812761937718765	0.9670013845796931	0.967032799701057	0.9590581613211677	0.9591779608428189	0.9619066865998681	0.9705558081841563	0.9704487772233613	0.9704487772233613	0.9615153507768627	0.9498146073906983	0.9671798205530738	0.9608408753742164	0.9705790160696135	1.0	0.966216537485987	0.9662775938427727	0.9634084653936485	0.9641338074992968	0.9657238738077967	0.9631405898410739	0.9749870916530015	0.9668818761367315	0.9674750366657167	0.9661553651626361	0.9761371671673722	0.9660940764239782	0.9685728461755346
0.9692573300620506	0.9695138573648285	0.9652403084713262	0.968567634030841	0.9691541461360509	0.9683695765374651	0.9825186551133548	0.9663572625336192	0.9703179827632334	0.9664611343173195	0.9683695765374651	0.968210348529039	0.9801753004526713	0.9798051254133475	0.9686856955246693	0.9796932498541558	0.9658996121237803	0.9665195033408253	0.977809479862038	0.961343848831882	0.9674143564467427	0.9663076424885466	0.9709628666007424	0.9729527269680485	0.9734543066607982	0.9728606914552563	0.9713401283815196	0.9672004548891324	0.9723621078194391	0.9700208833372415	0.9718733773287653	0.966216537485987	1.0	0.9612964051634003	0.9582489479979408	0.9809761750322745	0.9606930525287679	0.959108314682635	0.9689388781654824	0.9801753004526713	0.9794307066071698	0.9795059346242856	0.9670731903602962	0.9787841700446182	0.9804319498403741
0.966069007739396	0.9654800673962036	0.9634563165504949	0.9667426226877966	0.965301263263215	0.9642070494348831	0.9618335306881388	0.9630636986476407	0.9556500253416009	0.9626227159563462	0.9649406461000997	0.9642070494348831	0.9601242052080756	0.9610926392068735	0.964453446185919	0.9610244282042824	0.9612517134045863	0.9651815061201194	0.9605428399604976	0.9508360161018709	0.9548687666326358	0.9567873891769964	0.9591255496223504	0.9638338757500897	0.9645759399549831	0.9637712565842097	0.9578590422592407	0.9454844521543191	0.9621821254255059	0.9572607232410051	0.9650075834219357	0.9662775938427727	0.9612964051634003	1.0	0.9727741368161412	0.9589074334493122	0.9763749359981587	0.9654800673962036	0.9648308915959801	0.9626227159563462	0.9614988835352289	0.9589803043267687	0.9643304838986207	0.9594140756032975	0.9618335306881388
0.9655006892874161	0.9653215384928443	0.9606225481420704	0.96209590852652	0.9656195714963988	0.9652615992294947	0.9607608968339438	0.96313740629726	0.9560797793528799	0.9629614240366233	0.9639138570298185	0.9646559828130049	0.9596369946355524	0.9599216920324413	0.9650207192223245	0.9609673056947337	0.9607866954019878	0.9618509017030316	0.958767372888464	0.9552251986813223	0.9532471660850671	0.9562870100279189	0.9562461202720502	0.9630258060496194	0.9628969126297906	0.9632820506474775	0.9567593080875884	0.9519115277731041	0.9619808173506341	0.9551954652597585	0.9610452964285985	0.9634084653936485	0.9582489479979408	0.9727741368161412	1.0	0.9570313868899208	0.9777052122733176	0.9648995994312435	0.9632833777888028	0.9597796600174402	0.9604835991066877	0.9582489479979408	0.9636626237995598	0.9578734245543956	0.9617129605804671
0.9704653501666622	0.9688688442026246	0.9639138173825373	0.9653240106512291	0.9691840628493956	0.9692363015325247	0.9819437884478828	0.9676626356143486	0.9709957475481831	0.9669660628856709	0.9692363015325247	0.9692363015325247	0.979903967405607	0.9797532764177289	0.9690793313853483	0.9802405017453911	0.9646091167957412	0.9652533309403083	0.9782859118695476	0.9627328426774522	0.9681751276343956	0.965624141352888	0.9715037462303867	0.9733480967828909	0.9730246917676075	0.9733480967828909	0.971399305938288	0.9710688281869961	0.9716718670613923	0.970765449977949	0.9707436702062063	0.9641338074992968	0.9809761750322745	0.9589074334493122	0.9570313868899208	1.0	0.9619459898120554	0.9602660874438835	0.9686717672709808	0.9794116575867421	0.9796776693842605	0.9792586720245019	0.968974259256667	0.9785612212192453	0.9810488399660244
0.9644255944499411	0.9628395643918142	0.9613080500952279	0.9621901024413677	0.9642651061432262	0.9630630397807903	0.9593484121703816	0.9652045266450806	0.9600861384203795	0.9637586643332394	0.9630034465294308	0.962783451574866	0.9592858323439787	0.9589710826571735	0.963118666379116	0.9594108697704766	0.9624597530986653	0.9631023609434629	0.9603274044551072	0.961343848831882	0.9560907916903318	0.9608239783180923	0.9565402287507208	0.9637984973068305	0.9634293533305249	0.9632592077745343	0.9604533407404291	0.9566762089135655	0.9636849093248104	0.9578018740384362	0.9636040385750156	0.9657238738077967	0.9606930525287679	0.9763749359981587	0.9777052122733176	0.9619459898120554	1.0	0.9642651061432262	0.9646794502534308	0.959934018238243	0.9611484689054453	0.9589538250429439	0.9623309811680147	0.9606554307739457	0.9605749686216052
0.963615016134223	0.9616785563934263	0.9609071375649462	0.9629338597957445	0.9626370974119843	0.9621895856474872	0.9575287821836596	0.9640089494760007	0.9573353367616053	0.963638868204505	0.9634088542561752	0.9624684042240675	0.9568037976817461	0.9578974269186331	0.9623020502184896	0.9579561045841596	0.9614052315192032	0.9629485718295827	0.9588968755163217	0.9587284075859429	0.9562465705615412	0.9589467954142408	0.9543807911896195	0.9633430616454827	0.9631961469475072	0.9628605494519684	0.959951044377826	0.9536230940574842	0.9636849093248104	0.956082500969432	0.9629135021074153	0.9631405898410739	0.959108314682635	0.9654800673962036	0.9648995994312435	0.9602660874438835	0.9642651061432262	1.0	0.9635203101588966	0.9583703817809971	0.9590027724959164	0.9573111700347584	0.9611782008677536	0.959258215868393	0.958301334524399
0.9827995083539345	0.9809686668109572	0.9784390504884481	0.9734954599123993	0.9823182707840472	0.9795129671034585	0.9715565703687042	0.9749870916530015	0.960830499144237	0.9781899684346191	0.9815152064014409	0.9793685881908073	0.9716790022009217	0.9704333355551384	0.9789804263287947	0.9704967708844151	0.9736925538319152	0.9727014062917321	0.9686046428763168	0.9583709358959696	0.9619893246801546	0.9604682221069303	0.9660174240905842	0.9731131999082787	0.9718009729819375	0.973229901271771	0.9613221774187188	0.9484864002057534	0.9695319221072959	0.9653553907703358	0.9703697755820835	0.9749870916530015	0.9689388781654824	0.9648308915959801	0.9632833777888028	0.9686717672709808	0.9646794502534308	0.9635203101588966	1.0	0.9701142792266286	0.9706863339548074	0.9695971489825083	0.9768631370196589	0.968872307279596	0.971310309278889
0.9684801131381653	0.9685288147528216	0.9663943438815209	0.9687982464180174	0.9684313379412646	0.9686259981358071	0.9803463416138197	0.9694057267185008	0.9731994869925747	0.9683735966284965	0.9685075257093693	0.9685774430105949	0.9849456009772143	0.9848867648682479	0.9684313379412646	0.9837178592359265	0.9661648250389386	0.9676046752947243	0.9834420728447997	0.9640642019999478	0.9701976297261821	0.9700203346529089	0.9721178459858558	0.9732796675029972	0.9739013434038541	0.9729349785957048	0.9744981400011996	0.976470889470299	0.9745318431946081	0.9714090531877787	0.9731688398311208	0.9668818761367315	0.9801753004526713	0.9626227159563462	0.9597796600174402	0.9794116575867421	0.959934018238243	0.9583703817809971	0.9701142792266286	1.0	0.9842665961928458	0.9839307530622756	0.9684313379412646	0.9844724740810977	0.9842925294728497
0.9699025470088012	0.9699982312491344	0.9666765047380389	0.9683353625462776	0.970613371862833	0.9700459673918107	0.9811989649617316	0.9696472340776036	0.9737585975880622	0.9687853917075085	0.9683820244574483	0.9696137832240184	0.9857433370969908	0.98562524497456	0.9698065787401916	0.9844816700960243	0.9682733444514323	0.9677377893599605	0.9835072835349897	0.966572124033957	0.9708944965031044	0.9698555143240798	0.9724359490891218	0.9741194393867515	0.9740773462407442	0.9741194393867515	0.9747123751003818	0.9774024080191664	0.9744404622082774	0.9716738496230974	0.9728626168765382	0.9674750366657167	0.9794307066071698	0.9614988835352289	0.9604835991066877	0.9796776693842605	0.9611484689054453	0.9590027724959164	0.9706863339548074	0.9842665961928458	1.0	0.9849680385218332	0.9702835967641413	0.9851523629761009	0.984695343594053
