/home/jshaw/scratch/2022_sketched_distance/references/SGB_genome_fastas_part3/4829/BackhedF_2015__SID238_M__bin.26.fa	/home/jshaw/scratch/2022_sketched_distance/references/SGB_genome_fastas_part3/4829/BackhedF_2015__SID566_12M__bin.26.fa	/home/jshaw/scratch/2022_sketched_distance/references/SGB_genome_fastas_part3/4829/BackhedF_2015__SID626_12M__bin.8.fa	/home/jshaw/scratch/2022_sketched_distance/references/SGB_genome_fastas_part3/4829/Bengtsson-PalmeJ_2015__TRAVELRES19__bin.50.fa	/home/jshaw/scratch/2022_sketched_distance/references/SGB_genome_fastas_part3/4829/Bengtsson-PalmeJ_2015__TRAVELRES4__bin.66.fa	/home/jshaw/scratch/2022_sketched_distance/references/SGB_genome_fastas_part3/4829/CM_madagascar__A15_02_1FE__bin.10.fa	/home/jshaw/scratch/2022_sketched_distance/references/SGB_genome_fastas_part3/4829/FengQ_2015__SID530323__bin.64.fa	/home/jshaw/scratch/2022_sketched_distance/references/SGB_genome_fastas_part3/4829/FengQ_2015__SID530450__bin.39.fa	/home/jshaw/scratch/2022_sketched_distance/references/SGB_genome_fastas_part3/4829/NielsenHB_2014__O2_UC1_2__bin.64.fa	/home/jshaw/scratch/2022_sketched_distance/references/SGB_genome_fastas_part3/4829/NielsenHB_2014__O2_UC58_2__bin.2.fa	/home/jshaw/scratch/2022_sketched_distance/references/SGB_genome_fastas_part3/4829/SchirmerM_2016__G88922__bin.7.fa	/home/jshaw/scratch/2022_sketched_distance/references/SGB_genome_fastas_part3/4829/SchirmerM_2016__G89059__bin.2.fa	/home/jshaw/scratch/2022_sketched_distance/references/SGB_genome_fastas_part3/4829/SchirmerM_2016__G89089__bin.14.fa	/home/jshaw/scratch/2022_sketched_distance/references/SGB_genome_fastas_part3/4829/SchirmerM_2016__G89168__bin.7.fa	/home/jshaw/scratch/2022_sketched_distance/references/SGB_genome_fastas_part3/4829/SchirmerM_2016__G90575__bin.14.fa	/home/jshaw/scratch/2022_sketched_distance/references/SGB_genome_fastas_part3/4829/ZeeviD_2015__PNP_DietIntervention_25__bin.10.fa	/home/jshaw/scratch/2022_sketched_distance/references/SGB_genome_fastas_part3/4829/ZeeviD_2015__PNP_Main_111__bin.3.fa	/home/jshaw/scratch/2022_sketched_distance/references/SGB_genome_fastas_part3/4829/ZeeviD_2015__PNP_Main_142__bin.16.fa	/home/jshaw/scratch/2022_sketched_distance/references/SGB_genome_fastas_part3/4829/ZeeviD_2015__PNP_Main_165__bin.56.fa	/home/jshaw/scratch/2022_sketched_distance/references/SGB_genome_fastas_part3/4829/ZeeviD_2015__PNP_Main_186__bin.45.fa	/home/jshaw/scratch/2022_sketched_distance/references/SGB_genome_fastas_part3/4829/ZeeviD_2015__PNP_Main_217__bin.35.fa	/home/jshaw/scratch/2022_sketched_distance/references/SGB_genome_fastas_part3/4829/ZeeviD_2015__PNP_Main_230__bin.30.fa	/home/jshaw/scratch/2022_sketched_distance/references/SGB_genome_fastas_part3/4829/ZeeviD_2015__PNP_Main_30__bin.24.fa	/home/jshaw/scratch/2022_sketched_distance/references/SGB_genome_fastas_part3/4829/ZeeviD_2015__PNP_Main_340__bin.40.fa	/home/jshaw/scratch/2022_sketched_distance/references/SGB_genome_fastas_part3/4829/ZeeviD_2015__PNP_Main_359__bin.43.fa	/home/jshaw/scratch/2022_sketched_distance/references/SGB_genome_fastas_part3/4829/ZeeviD_2015__PNP_Main_38__bin.4.fa	/home/jshaw/scratch/2022_sketched_distance/references/SGB_genome_fastas_part3/4829/ZeeviD_2015__PNP_Main_459__bin.26.fa	/home/jshaw/scratch/2022_sketched_distance/references/SGB_genome_fastas_part3/4829/ZeeviD_2015__PNP_Main_689__bin.9.fa	/home/jshaw/scratch/2022_sketched_distance/references/SGB_genome_fastas_part3/4829/ZeeviD_2015__PNP_Main_71__bin.27.fa	/home/jshaw/scratch/2022_sketched_distance/references/SGB_genome_fastas_part3/4829/ZellerG_2014__CCIS74726977ST-3-0__bin.79.fa
1.0	0.986785584743278	0.9874224656446208	0.9907021799425415	0.9858702370333414	0.9743583648172596	0.9737435962382827	0.989461256778949	0.9878035025308691	0.9853191284573428	0.9845566899208411	0.9884409648029795	0.9864997872985357	0.9860570819354575	0.9862967642404169	0.9886340011987036	0.9851639945417106	0.9874234949125459	0.9865328368187484	0.9887858303426147	0.9859274467001395	0.9811735254689912	0.9877708114905642	0.9871361416593329	0.9871309128243877	0.9866015361713878	0.9894320637910037	0.9843869301722079	0.9927123201991959	0.972036722671571
0.986785584743278	1.0	0.9851831688753351	0.9850284712472577	0.9856245318793596	0.9756008208294481	0.968952138893621	0.9859218292188475	0.9837566653823389	0.9829861213551435	0.9760450255682628	0.9843120963803894	0.983761852491448	0.9816128262853647	0.9785221683638174	0.9797441007552771	0.9802954437834366	0.9785221683638174	0.9803188241378804	0.9823815092544441	0.9781801075318151	0.9774588774417216	0.9840230759117533	0.9795613949381379	0.9839190526940662	0.9808997026611652	0.9840030555030435	0.9800442732318625	0.9856280854990712	0.9661653614353456
0.9874224656446208	0.9851831688753351	1.0	0.9887927885844001	0.985115898716199	0.9738579375533193	0.9715788651547199	0.9872694677015279	0.9866823884416815	0.982250559249147	0.9816110449064356	0.9874664089366436	0.9839464406526657	0.9845287280950411	0.983919755946211	0.9873095975692139	0.9834363526108146	0.9860796152978843	0.9847155239531793	0.9878989542122205	0.9831737792737641	0.9827771321914909	0.986716847351903	0.9862450771065447	0.9860676142314215	0.9870640137691666	0.9884214285391427	0.9828507868066447	0.9907135781892351	0.9693177795478363
0.9907021799425415	0.9850284712472577	0.9887927885844001	1.0	0.9890259789689456	0.9786466509063853	0.9690758580010084	0.9894416098863857	0.9837442095400364	0.9846855832731479	0.976742602940606	0.9887927885844001	0.9890259789689456	0.9845793546200248	0.9869149288553125	0.9809249909437336	0.9847385689496093	0.9851594035451443	0.9843926230554607	0.9873578849690868	0.9764622867330623	0.9810437327595887	0.9881309381134789	0.9795585456284857	0.9855232610382738	0.9854197124034989	0.9896702724633903	0.9808356507413665	0.9850809068329245	0.9673158365775703
0.9858702370333414	0.9856245318793596	0.985115898716199	0.9890259789689456	1.0	0.9738264140892732	0.9718618992994497	0.987446359422319	0.9872375269902489	0.9820354003136996	0.9828380693150698	0.9884801365821219	0.9846079411610522	0.984994748781804	0.9845869998187412	0.9873901795132405	0.9835972254189095	0.9864115943872297	0.9857923665395946	0.988232155904365	0.9841555299380085	0.9806463515445203	0.9874450589571173	0.9866688673630206	0.9858630776189579	0.9876277429311956	0.9891780449431329	0.9812869072695696	0.9901609945592836	0.9698145024251931
0.9743583648172596	0.9756008208294481	0.9738579375533193	0.9786466509063853	0.9738264140892732	1.0	0.9656687932670364	0.9779147693636441	0.978212405885056	0.9773427570471969	0.9772634147194291	0.9755484194036108	0.9739208371536755	0.9791265285331322	0.9762986001798616	0.9757777775309788	0.9767919516555831	0.9761778812586678	0.9768849200075055	0.9772970444432579	0.9778368107859287	0.9696417724301402	0.9747267420148323	0.9778885363354327	0.9761409000054919	0.9760735506582782	0.9761645219193748	0.9720643212703998	0.9793924853113827	0.9638781847531182
0.9737435962382827	0.968952138893621	0.9715788651547199	0.9690758580010084	0.9718618992994497	0.9656687932670364	1.0	0.9690291284950083	0.9674936775013208	0.9738431611064456	0.959991376700499	0.9691059350273666	0.9697515222370457	0.9657285866177256	0.9681719751230069	0.962627717361074	0.9653686940977922	0.9674129318648129	0.968447182124862	0.9713649544032286	0.9609142241943295	0.9625807759312945	0.9721773846310545	0.9624646215958732	0.9672914330387554	0.9645839063293021	0.972212249696492	0.9613843404877421	0.9657521008196817	0.9804212426054091
0.989461256778949	0.9859218292188475	0.9872694677015279	0.9894416098863857	0.987446359422319	0.9779147693636441	0.9690291284950083	1.0	0.9838019684830654	0.9847939647078573	0.9774290866631107	0.9857042183328701	0.9864513703989477	0.9841879939649829	0.981322928695326	0.9796677946796095	0.9800152993289262	0.9808230327723343	0.981440833785068	0.9845593873412776	0.978418282537021	0.9786102466782655	0.9877973163589984	0.9799893310590583	0.9847939647078573	0.9816304060716319	0.9877779165917876	0.9805861147895927	0.9845093571896424	0.9650907191527422
0.9878035025308691	0.9837566653823389	0.9866823884416815	0.9837442095400364	0.9872375269902489	0.978212405885056	0.9674936775013208	0.9838019684830654	1.0	0.9857358103522637	0.9780186267865087	0.9816261674609652	0.9849802563062291	0.9809215424951023	0.9829070640425233	0.9781586505537077	0.9789494275587044	0.9811387444691105	0.983046342125246	0.9845626995461928	0.9802955961298258	0.9744805203996518	0.9863279879820284	0.979283301776633	0.982106436039363	0.9804211929219295	0.9849584115447506	0.9771478439331992	0.9836241668652512	0.9668889274067526
0.9853191284573428	0.9829861213551435	0.982250559249147	0.9846855832731479	0.9820354003136996	0.9773427570471969	0.9738431611064456	0.9847939647078573	0.9857358103522637	1.0	0.9844235335601816	0.9832737238066279	0.9807148743018299	0.9845808361160384	0.9829820260043353	0.9837782819572103	0.9846795937913503	0.9830118668265254	0.9842785243783292	0.9847765626697809	0.9848312543686925	0.9767537125378328	0.9827554311844853	0.9852775465220482	0.9833923878412001	0.9838261529910637	0.9835762457645691	0.9788814249366883	0.9873229898251857	0.9717903398772324
0.9845566899208411	0.9760450255682628	0.9816110449064356	0.976742602940606	0.9828380693150698	0.9772634147194291	0.959991376700499	0.9774290866631107	0.9780186267865087	0.9844235335601816	1.0	0.9746714852424645	0.9794163874399967	0.9778232959001434	0.9851884273511187	0.9755935952806438	0.9846893082019433	0.9790410797781348	0.9830613664018427	0.9807865852340161	0.985547926548715	0.9624995331712698	0.9808461695039236	0.9835308803258093	0.9762855334661272	0.9803059602329657	0.9804870238565576	0.969410484455685	0.9806970047152486	0.9605535796218077
0.9884409648029795	0.9843120963803894	0.9874664089366436	0.9887927885844001	0.9884801365821219	0.9755484194036108	0.9691059350273666	0.9857042183328701	0.9816261674609652	0.9832737238066279	0.9746714852424645	1.0	0.9855333964041734	0.9822339235679736	0.9809452910678511	0.9783317076914085	0.9786840920981609	0.9804990050149625	0.9805488943073575	0.9853401539673179	0.9763541113365883	0.9868314680982754	0.9907125916600344	0.9786883178489745	0.9853186122390731	0.9826217246892427	0.9914721127972261	0.9803488785683269	0.9841367351570426	0.9659854513171332
0.9864997872985357	0.983761852491448	0.9839464406526657	0.9890259789689456	0.9846079411610522	0.9739208371536755	0.9697515222370457	0.9864513703989477	0.9849802563062291	0.9807148743018299	0.9794163874399967	0.9855333964041734	1.0	0.9841879939649829	0.9820982089312773	0.9850988913177576	0.9805732068850411	0.9827667153010765	0.9818989691880609	0.9846989432446004	0.9805506503523451	0.9771786408288081	0.9838143730375946	0.9825299806606863	0.9842655217503362	0.984042643692115	0.9853611496951619	0.9812151040064944	0.9879486441383941	0.9671438553276515
0.9860570819354575	0.9816128262853647	0.9845287280950411	0.9845793546200248	0.984994748781804	0.9791265285331322	0.9657285866177256	0.9841879939649829	0.9809215424951023	0.9845808361160384	0.9778232959001434	0.9822339235679736	0.9841879939649829	1.0	0.9859324001531896	0.9766348768758453	0.9826231191532289	0.9808340954934817	0.98217794464461	0.9837903906064626	0.9793210055536209	0.9760993364521645	0.9845547924474436	0.9776610362723982	0.9800662585200379	0.9806878287034515	0.9850204458625589	0.9770636081884743	0.9812275188857977	0.9652602322228772
0.9862967642404169	0.9785221683638174	0.983919755946211	0.9869149288553125	0.9845869998187412	0.9762986001798616	0.9681719751230069	0.981322928695326	0.9829070640425233	0.9829820260043353	0.9851884273511187	0.9809452910678511	0.9820982089312773	0.9859324001531896	1.0	0.9823788183107853	0.9837573127301169	0.9820410273202742	0.9834259484792461	0.9839919809502932	0.9858194589243481	0.971970176560502	0.9818939703572261	0.986169720240965	0.9794225803528358	0.9855193601342654	0.9817951375153136	0.9755515718338424	0.9893258062012862	0.96572074814389
0.9886340011987036	0.9797441007552771	0.9873095975692139	0.9809249909437336	0.9873901795132405	0.9757777775309788	0.962627717361074	0.9796677946796095	0.9781586505537077	0.9837782819572103	0.9755935952806438	0.9783317076914085	0.9850988913177576	0.9766348768758453	0.9823788183107853	1.0	0.9748130475894246	0.9854849318081655	0.9837558151096036	0.9837108351827762	0.9764262682014127	0.9711673768134282	0.9844892143637662	0.9810352741802616	0.9779959288599143	0.9804479613719757	0.9831433164130372	0.9756339929806088	0.9812859740149212	0.9624834329968349
0.9851639945417106	0.9802954437834366	0.9834363526108146	0.9847385689496093	0.9835972254189095	0.9767919516555831	0.9653686940977922	0.9800152993289262	0.9789494275587044	0.9846795937913503	0.9846893082019433	0.9786840920981609	0.9805732068850411	0.9826231191532289	0.9837573127301169	0.9748130475894246	1.0	0.9799641048707284	0.9831587204211847	0.9838256830465362	0.9862492973586682	0.9699245614992463	0.9819759072041683	0.983635051909498	0.977379537935463	0.9821171067765729	0.9834363526108146	0.9712988885750531	0.9872256710053176	0.9644731954630195
0.9874234949125459	0.9785221683638174	0.9860796152978843	0.9851594035451443	0.9864115943872297	0.9761778812586678	0.9674129318648129	0.9808230327723343	0.9811387444691105	0.9830118668265254	0.9790410797781348	0.9804990050149625	0.9827667153010765	0.9808340954934817	0.9820410273202742	0.9854849318081655	0.9799641048707284	1.0	0.9838557380536912	0.9850467944445799	0.9805506503523451	0.9731382718495343	0.9846977775548357	0.9883585582136309	0.9795969439195729	0.9852893501790326	0.9824900850241192	0.974684976361211	0.9880200759125171	0.9651182130175598
0.9865328368187484	0.9803188241378804	0.9847155239531793	0.9843926230554607	0.9857923665395946	0.9768849200075055	0.968447182124862	0.981440833785068	0.983046342125246	0.9842785243783292	0.9830613664018427	0.9805488943073575	0.9818989691880609	0.98217794464461	0.9834259484792461	0.9837558151096036	0.9831587204211847	0.9838557380536912	1.0	0.9847377759002547	0.9834074381701364	0.9729464883785198	0.9836021515463804	0.9855861715115894	0.9800655765610525	0.9856565970115903	0.9828630215994394	0.9756369742824038	0.9880200759125171	0.9655336649110687
0.9887858303426147	0.9823815092544441	0.9878989542122205	0.9873578849690868	0.988232155904365	0.9772970444432579	0.9713649544032286	0.9845593873412776	0.9845626995461928	0.9847765626697809	0.9807865852340161	0.9853401539673179	0.9846989432446004	0.9837903906064626	0.9839919809502932	0.9837108351827762	0.9838256830465362	0.9850467944445799	0.9847377759002547	1.0	0.9829679521783988	0.9774030226341338	0.9875979414153155	0.985993212807197	0.9832815929397238	0.986557149636873	0.9862463745202794	0.9790610743634662	0.9900045989458426	0.9676397643041541
0.9859274467001395	0.9781801075318151	0.9831737792737641	0.9764622867330623	0.9841555299380085	0.9778368107859287	0.9609142241943295	0.978418282537021	0.9802955961298258	0.9848312543686925	0.985547926548715	0.9763541113365883	0.9805506503523451	0.9793210055536209	0.9858194589243481	0.9764262682014127	0.9862492973586682	0.9805506503523451	0.9834074381701364	0.9829679521783988	1.0	0.9661694407438194	0.9822824111559016	0.9833783217376527	0.9785198274542284	0.9811797130449996	0.9836105323006255	0.9696813819999955	0.9813970569565597	0.9617197298267344
0.9811735254689912	0.9774588774417216	0.9827771321914909	0.9810437327595887	0.9806463515445203	0.9696417724301402	0.9625807759312945	0.9786102466782655	0.9744805203996518	0.9767537125378328	0.9624995331712698	0.9868314680982754	0.9771786408288081	0.9760993364521645	0.971970176560502	0.9711673768134282	0.9699245614992463	0.9731382718495343	0.9729464883785198	0.9774030226341338	0.9661694407438194	1.0	0.9843058886211021	0.9654995887363994	0.9786102466782655	0.9732293669017772	0.9850000670695281	0.9749359924094501	0.974957604916551	0.9602720192159196
0.9877708114905642	0.9840230759117533	0.986716847351903	0.9881309381134789	0.9874450589571173	0.9747267420148323	0.9721773846310545	0.9877973163589984	0.9863279879820284	0.9827554311844853	0.9808461695039236	0.9907125916600344	0.9838143730375946	0.9845547924474436	0.9818939703572261	0.9844892143637662	0.9819759072041683	0.9846977775548357	0.9836021515463804	0.9875979414153155	0.9822824111559016	0.9843058886211021	1.0	0.9863452849801069	0.9865332740127895	0.9877564745637814	0.9904290201166177	0.9813346886930197	0.9895309146500538	0.9683696195474301
0.9871361416593329	0.9795613949381379	0.9862450771065447	0.9795585456284857	0.9866688673630206	0.9778885363354327	0.9624646215958732	0.9799893310590583	0.979283301776633	0.9852775465220482	0.9835308803258093	0.9786883178489745	0.9825299806606863	0.9776610362723982	0.986169720240965	0.9810352741802616	0.983635051909498	0.9883585582136309	0.9855861715115894	0.985993212807197	0.9833783217376527	0.9654995887363994	0.9863452849801069	1.0	0.978274880213021	0.9868417942293797	0.9858157523290281	0.9717393562488835	0.9825462552582187	0.9639930555261534
0.9871309128243877	0.9839190526940662	0.9860676142314215	0.9855232610382738	0.9858630776189579	0.9761409000054919	0.9672914330387554	0.9847939647078573	0.982106436039363	0.9833923878412001	0.9762855334661272	0.9853186122390731	0.9842655217503362	0.9800662585200379	0.9794225803528358	0.9779959288599143	0.977379537935463	0.9795969439195729	0.9800655765610525	0.9832815929397238	0.9785198274542284	0.9786102466782655	0.9865332740127895	0.978274880213021	1.0	0.9818874662729262	0.9863316231385995	0.9772725493027222	0.9844298650725101	0.9654003836376377
0.9866015361713878	0.9808997026611652	0.9870640137691666	0.9854197124034989	0.9876277429311956	0.9760735506582782	0.9645839063293021	0.9816304060716319	0.9804211929219295	0.9838261529910637	0.9803059602329657	0.9826217246892427	0.984042643692115	0.9806878287034515	0.9855193601342654	0.9804479613719757	0.9821171067765729	0.9852893501790326	0.9856565970115903	0.986557149636873	0.9811797130449996	0.9732293669017772	0.9877564745637814	0.9868417942293797	0.9818874662729262	1.0	0.9873253968260159	0.9743132121469286	0.9871769034570312	0.9632539109129248
0.9894320637910037	0.9840030555030435	0.9884214285391427	0.9896702724633903	0.9891780449431329	0.9761645219193748	0.972212249696492	0.9877779165917876	0.9849584115447506	0.9835762457645691	0.9804870238565576	0.9914721127972261	0.9853611496951619	0.9850204458625589	0.9817951375153136	0.9831433164130372	0.9834363526108146	0.9824900850241192	0.9828630215994394	0.9862463745202794	0.9836105323006255	0.9850000670695281	0.9904290201166177	0.9858157523290281	0.9863316231385995	0.9873253968260159	1.0	0.9804146832314374	0.9888885638921509	0.967849984468729
0.9843869301722079	0.9800442732318625	0.9828507868066447	0.9808356507413665	0.9812869072695696	0.9720643212703998	0.9613843404877421	0.9805861147895927	0.9771478439331992	0.9788814249366883	0.969410484455685	0.9803488785683269	0.9812151040064944	0.9770636081884743	0.9755515718338424	0.9756339929806088	0.9712988885750531	0.974684976361211	0.9756369742824038	0.9790610743634662	0.9696813819999955	0.9749359924094501	0.9813346886930197	0.9717393562488835	0.9772725493027222	0.9743132121469286	0.9804146832314374	1.0	0.9772504624492269	0.9608723966843898
0.9927123201991959	0.9856280854990712	0.9907135781892351	0.9850809068329245	0.9901609945592836	0.9793924853113827	0.9657521008196817	0.9845093571896424	0.9836241668652512	0.9873229898251857	0.9806970047152486	0.9841367351570426	0.9879486441383941	0.9812275188857977	0.9893258062012862	0.9812859740149212	0.9872256710053176	0.9880200759125171	0.9880200759125171	0.9900045989458426	0.9813970569565597	0.974957604916551	0.9895309146500538	0.9825462552582187	0.9844298650725101	0.9871769034570312	0.9888885638921509	0.9772504624492269	1.0	0.9665894681363204
0.972036722671571	0.9661653614353456	0.9693177795478363	0.9673158365775703	0.9698145024251931	0.9638781847531182	0.9804212426054091	0.9650907191527422	0.9668889274067526	0.9717903398772324	0.9605535796218077	0.9659854513171332	0.9671438553276515	0.9652602322228772	0.96572074814389	0.9624834329968349	0.9644731954630195	0.9651182130175598	0.9655336649110687	0.9676397643041541	0.9617197298267344	0.9602720192159196	0.9683696195474301	0.9639930555261534	0.9654003836376377	0.9632539109129248	0.967849984468729	0.9608723966843898	0.9665894681363204	1.0
