/home/jshaw/scratch/2022_sketched_distance/references/SGB_genome_fastas_part4/7142/BackhedF_2015__SID133_4M__bin.16.fa	/home/jshaw/scratch/2022_sketched_distance/references/SGB_genome_fastas_part4/7142/BackhedF_2015__SID1_4M__bin.2.fa	/home/jshaw/scratch/2022_sketched_distance/references/SGB_genome_fastas_part4/7142/BackhedF_2015__SID172_4M__bin.16.fa	/home/jshaw/scratch/2022_sketched_distance/references/SGB_genome_fastas_part4/7142/BackhedF_2015__SID184_4M__bin.10.fa	/home/jshaw/scratch/2022_sketched_distance/references/SGB_genome_fastas_part4/7142/BackhedF_2015__SID238_4M__bin.5.fa	/home/jshaw/scratch/2022_sketched_distance/references/SGB_genome_fastas_part4/7142/BackhedF_2015__SID26_4M__bin.10.fa	/home/jshaw/scratch/2022_sketched_distance/references/SGB_genome_fastas_part4/7142/BackhedF_2015__SID39_4M__bin.6.fa	/home/jshaw/scratch/2022_sketched_distance/references/SGB_genome_fastas_part4/7142/BackhedF_2015__SID42_4M__bin.4.fa	/home/jshaw/scratch/2022_sketched_distance/references/SGB_genome_fastas_part4/7142/BackhedF_2015__SID567_12M__bin.10.fa	/home/jshaw/scratch/2022_sketched_distance/references/SGB_genome_fastas_part4/7142/BackhedF_2015__SID608_4M__bin.1.fa	/home/jshaw/scratch/2022_sketched_distance/references/SGB_genome_fastas_part4/7142/BackhedF_2015__SID626_4M__bin.19.fa	/home/jshaw/scratch/2022_sketched_distance/references/SGB_genome_fastas_part4/7142/FengQ_2015__SID31750__bin.46.fa	/home/jshaw/scratch/2022_sketched_distance/references/SGB_genome_fastas_part4/7142/GeversD_2014__SKBSTL023__bin.20.fa	/home/jshaw/scratch/2022_sketched_distance/references/SGB_genome_fastas_part4/7142/KarlssonFH_2013__S457__bin.44.fa	/home/jshaw/scratch/2022_sketched_distance/references/SGB_genome_fastas_part4/7142/LiJ_2014__V1.CD7-0-PN__bin.1.fa	/home/jshaw/scratch/2022_sketched_distance/references/SGB_genome_fastas_part4/7142/VatanenT_2016__G69158__bin.1.fa	/home/jshaw/scratch/2022_sketched_distance/references/SGB_genome_fastas_part4/7142/VatanenT_2016__G69181__bin.2.fa	/home/jshaw/scratch/2022_sketched_distance/references/SGB_genome_fastas_part4/7142/VatanenT_2016__G78546__bin.4.fa	/home/jshaw/scratch/2022_sketched_distance/references/SGB_genome_fastas_part4/7142/VatanenT_2016__G78658__bin.1.fa	/home/jshaw/scratch/2022_sketched_distance/references/SGB_genome_fastas_part4/7142/VatanenT_2016__G78780__bin.7.fa	/home/jshaw/scratch/2022_sketched_distance/references/SGB_genome_fastas_part4/7142/VatanenT_2016__G78865__bin.3.fa	/home/jshaw/scratch/2022_sketched_distance/references/SGB_genome_fastas_part4/7142/VatanenT_2016__G78867__bin.2.fa	/home/jshaw/scratch/2022_sketched_distance/references/SGB_genome_fastas_part4/7142/VatanenT_2016__G80320__bin.2.fa	/home/jshaw/scratch/2022_sketched_distance/references/SGB_genome_fastas_part4/7142/VatanenT_2016__G80328__bin.12.fa	/home/jshaw/scratch/2022_sketched_distance/references/SGB_genome_fastas_part4/7142/VatanenT_2016__G80583__bin.1.fa	/home/jshaw/scratch/2022_sketched_distance/references/SGB_genome_fastas_part4/7142/VatanenT_2016__G80589__bin.10.fa	/home/jshaw/scratch/2022_sketched_distance/references/SGB_genome_fastas_part4/7142/VatanenT_2016__G80606__bin.6.fa	/home/jshaw/scratch/2022_sketched_distance/references/SGB_genome_fastas_part4/7142/XieH_2016__YSZC12003_37134__bin.34.fa
1.0	0.9964827491833196	0.9846282354957973	0.9835232160149405	0.9866676088211391	0.9864634415122886	0.9758803108889235	0.9836587572295732	0.9848989123912378	0.9808005279782926	0.9840624643589788	0.9838542065914778	0.9875288297151229	0.9789001747775604	0.974418063829304	0.9847423645636197	0.9841873181492472	0.9841828837164694	0.9820503894578327	0.9948869369814308	0.9925581913662971	0.9892307676430452	0.9888593006042755	0.9886138849271813	0.9840659503649678	0.9857092793588365	0.9847628713939095	0.9848118471373787
0.9964827491833196	1.0	0.9870604284234845	0.9859126018960831	0.9894257981890859	0.9893010054599136	0.9797904148206943	0.9858101098506532	0.9877071125032183	0.9836999373123881	0.9866146570287164	0.9859524798473254	0.9894030692482981	0.9803231028259813	0.9754757515259156	0.9872335898704165	0.9867482720707923	0.986751710747308	0.9842381240671547	0.9975767275297349	0.9948194025443831	0.9920246831030405	0.9915756367202168	0.991033197668767	0.9863821259120391	0.9866943398572466	0.9873661032198	0.987320344027759
0.9846282354957973	0.9870604284234845	1.0	0.987056359233802	0.989168043610307	0.9880777901589274	0.9808577288559068	0.9868458645030387	0.9886502525738653	0.9841550306633813	0.9870718065666411	0.9863962035500088	0.9854694509747254	0.9813358414865613	0.9755039790680046	0.9879453278953921	0.9872778357866611	0.9875872091232953	0.984846408347053	0.9869605649945988	0.9875060318398333	0.9877364664749265	0.9876953653742984	0.9875133143515012	0.9873282610140158	0.9822171868601439	0.9868798983883766	0.9881129599493088
0.9835232160149405	0.9859126018960831	0.987056359233802	1.0	0.9863636469858998	0.9860938787729016	0.978843092011366	0.9850840959032079	0.9855964964803485	0.9825864662666719	0.9853438248276875	0.9858412190282615	0.9839447625227749	0.9795839607577072	0.9747261855139081	0.9861742815282734	0.9855607979203572	0.9858156553233461	0.98428120965704	0.9856883873700295	0.9865119549282307	0.9859213755526816	0.985759931212717	0.985794442589355	0.9854870999892794	0.9813206312857549	0.9858554228971722	0.9864971573053005
0.9866676088211391	0.9894257981890859	0.989168043610307	0.9863636469858998	1.0	0.9894805865726167	0.979543696352846	0.9860924076056259	0.9872217523464041	0.9831931030311456	0.9862770008248031	0.9857595432305012	0.9910259425106295	0.9797557644317992	0.9757072031045131	0.9873202119239067	0.9866450684276017	0.9869885785202577	0.9840670555541239	0.988862502439046	0.9882858025675542	0.9934558045129287	0.9940368942188716	0.9935878721198954	0.986627539848104	0.9814441379290357	0.9869661335229682	0.9867287745978973
0.9864634415122886	0.9893010054599136	0.9880777901589274	0.9860938787729016	0.9894805865726167	1.0	0.9802379970425542	0.9916395371195257	0.9871844382707827	0.9883140824698897	0.9920692788254737	0.9859791254370057	0.9865319032990733	0.9795976504376115	0.9757795669943062	0.9950301808550436	0.9861780842017844	0.9947514540056044	0.9842110443297188	0.9891089868424657	0.9893639409529364	0.9897135690664866	0.9890473025115694	0.9888989993224099	0.9919330531682464	0.9827741044292395	0.9868060482434856	0.9867210351642957
0.9758803108889235	0.9797904148206943	0.9808577288559068	0.978843092011366	0.979543696352846	0.9802379970425542	1.0	0.9797319706010353	0.9867292848259771	0.9854785381530687	0.9799726927772066	0.980118020219121	0.9754586195606865	0.970473350663242	0.9728588456573815	0.980973709539517	0.9803161873376331	0.9811266474795978	0.9785408851354074	0.9798069280547458	0.9806489455792807	0.9799564050871247	0.9790977316958762	0.9792970115028529	0.9797766020407493	0.973584006047217	0.9804293605602266	0.9805514583907982
0.9836587572295732	0.9858101098506532	0.9868458645030387	0.9850840959032079	0.9860924076056259	0.9916395371195257	0.9797319706010353	1.0	0.9862844315090831	0.9938575922426737	0.9954066468951034	0.9851685732315131	0.9832910087927675	0.9793005706799764	0.9754610730907521	0.9924877594751093	0.9857357420370478	0.9921148674756736	0.9837657621955593	0.9853284816438288	0.9862903940488033	0.9853675538131709	0.985190452698021	0.9849206757027946	0.9954547344705234	0.9815910320984562	0.9857840637207476	0.9858245438043536
0.9848989123912378	0.9877071125032183	0.9886502525738653	0.9855964964803485	0.9872217523464041	0.9871844382707827	0.9867292848259771	0.9862844315090831	1.0	0.9846977775548357	0.9864139219936239	0.986334681138098	0.9850557288151944	0.9807789427135738	0.975414454187162	0.9876066871073118	0.9874058017925019	0.9871207813096983	0.9845829960805312	0.9873761347365086	0.9892661656760475	0.9870790814403405	0.9870112348075859	0.9869828427063073	0.98698883089622	0.9819508926601291	0.9875051267524314	0.9877188057652908
0.9808005279782926	0.9836999373123881	0.9841550306633813	0.9825864662666719	0.9831931030311456	0.9883140824698897	0.9854785381530687	0.9938575922426737	0.9846977775548357	1.0	0.9922102657447163	0.982936695951615	0.9802378958876147	0.9750686987124669	0.9753460822533954	0.9889675279314827	0.9833576520822924	0.9883755331771367	0.9810827979392646	0.9831656015166645	0.9838949379526091	0.9838684814738228	0.9827686821197994	0.9828741069041182	0.9923177709332764	0.9786562489583662	0.9838904132059502	0.9836965716778232
0.9840624643589788	0.9866146570287164	0.9870718065666411	0.9853438248276875	0.9862770008248031	0.9920692788254737	0.9799726927772066	0.9954066468951034	0.9864139219936239	0.9922102657447163	1.0	0.985435015845008	0.9834665054951718	0.9790503584755778	0.9751189463069337	0.9930023367953759	0.9864240408638449	0.9925073333727323	0.9837856069426766	0.9863168148009135	0.9867257073059247	0.9859450093920274	0.9851484452143975	0.9849931138176221	0.9983487959383736	0.9815806766920111	0.9866897867553753	0.9861889157060804
0.9838542065914778	0.9859524798473254	0.9863962035500088	0.9858412190282615	0.9857595432305012	0.9859791254370057	0.980118020219121	0.9851685732315131	0.986334681138098	0.982936695951615	0.985435015845008	1.0	0.9832492340439578	0.9916473432652863	0.9757862079955565	0.9865000985818811	0.9858969115327811	0.9859658144727895	0.996045731937834	0.9854255045742334	0.9865581870802309	0.9855584128690376	0.9854115195944536	0.9853094424583636	0.9858762913724788	0.981674522867063	0.985371992395011	0.9975506034718026
0.9875288297151229	0.9894030692482981	0.9854694509747254	0.9839447625227749	0.9910259425106295	0.9865319032990733	0.9754586195606865	0.9832910087927675	0.9850557288151944	0.9802378958876147	0.9834665054951718	0.9832492340439578	1.0	0.9788751119725017	0.9757419308275336	0.9848382407048948	0.984264813365477	0.9843439127403297	0.9819283047957499	0.9900576343841041	0.9894235809189206	0.9938710495182479	0.9944338789155595	0.9940764805534075	0.9842386373047398	0.983504403484109	0.984918474726072	0.9845592903183736
0.9789001747775604	0.9803231028259813	0.9813358414865613	0.9795839607577072	0.9797557644317992	0.9795976504376115	0.970473350663242	0.9793005706799764	0.9807789427135738	0.9750686987124669	0.9790503584755778	0.9916473432652863	0.9788751119725017	1.0	0.9710839868103974	0.9802435810556442	0.980243187107439	0.9795393570689379	0.9904369612195878	0.9804049200511221	0.9804596177107272	0.9805209945947155	0.9801564339749762	0.9803637318477179	0.9795290535226263	0.9772819256451287	0.9795620411524423	0.992451580188394
0.974418063829304	0.9754757515259156	0.9755039790680046	0.9747261855139081	0.9757072031045131	0.9757795669943062	0.9728588456573815	0.9754610730907521	0.975414454187162	0.9753460822533954	0.9751189463069337	0.9757862079955565	0.9757419308275336	0.9710839868103974	1.0	0.9759703305550907	0.9751178553208396	0.9754753100835526	0.9739335090317407	0.9758779196412153	0.9766143425281804	0.9769041391403442	0.9767193695435119	0.97653661872097	0.9757550925493157	0.9742912645401042	0.9758491703449875	0.9749979140901202
0.9847423645636197	0.9872335898704165	0.9879453278953921	0.9861742815282734	0.9873202119239067	0.9950301808550436	0.980973709539517	0.9924877594751093	0.9876066871073118	0.9889675279314827	0.9930023367953759	0.9865000985818811	0.9848382407048948	0.9802435810556442	0.9759703305550907	1.0	0.9867090877952435	0.9993103599362706	0.9847317385294925	0.9869654928573399	0.9875887755415956	0.9866244105842206	0.9866116947133133	0.9865745329599267	0.9933190519078198	0.9825680559164508	0.9871967848919853	0.9872374761196284
0.9841873181492472	0.9867482720707923	0.9872778357866611	0.9855607979203572	0.9866450684276017	0.9861780842017844	0.9803161873376331	0.9857357420370478	0.9874058017925019	0.9833576520822924	0.9864240408638449	0.9858969115327811	0.984264813365477	0.980243187107439	0.9751178553208396	0.9867090877952435	1.0	0.9863818706583668	0.9842235260150654	0.9867413162680521	0.9867113021885682	0.9864225368766814	0.9862935432307196	0.9862333297169438	0.9859777549099038	0.9813594196123703	0.9863985950616077	0.9871274292621128
0.9841828837164694	0.986751710747308	0.9875872091232953	0.9858156553233461	0.9869885785202577	0.9947514540056044	0.9811266474795978	0.9921148674756736	0.9871207813096983	0.9883755331771367	0.9925073333727323	0.9859658144727895	0.9843439127403297	0.9795393570689379	0.9754753100835526	0.9993103599362706	0.9863818706583668	1.0	0.9842804392465403	0.986481532140976	0.9871506555430165	0.9861317503794892	0.9861070010790544	0.9861487309589241	0.9929255676190316	0.9819891716184246	0.9867115907667471	0.9868336510185715
0.9820503894578327	0.9842381240671547	0.984846408347053	0.98428120965704	0.9840670555541239	0.9842110443297188	0.9785408851354074	0.9837657621955593	0.9845829960805312	0.9810827979392646	0.9837856069426766	0.996045731937834	0.9819283047957499	0.9904369612195878	0.9739335090317407	0.9847317385294925	0.9842235260150654	0.9842804392465403	1.0	0.9838778411698089	0.9847505365620173	0.9838185459648493	0.9838401594120807	0.9838379415721371	0.9841974991968413	0.9799655929328687	0.9836567776983505	0.9967602545402491
0.9948869369814308	0.9975767275297349	0.9869605649945988	0.9856883873700295	0.988862502439046	0.9891089868424657	0.9798069280547458	0.9853284816438288	0.9873761347365086	0.9831656015166645	0.9863168148009135	0.9854255045742334	0.9900576343841041	0.9804049200511221	0.9758779196412153	0.9869654928573399	0.9867413162680521	0.986481532140976	0.9838778411698089	1.0	0.9953953645753785	0.9926562616065637	0.99219646986667	0.9916468260168414	0.9862791735802732	0.9871267741893419	0.9869827195598441	0.9868934838291101
0.9925581913662971	0.9948194025443831	0.9875060318398333	0.9865119549282307	0.9882858025675542	0.9893639409529364	0.9806489455792807	0.9862903940488033	0.9892661656760475	0.9838949379526091	0.9867257073059247	0.9865581870802309	0.9894235809189206	0.9804596177107272	0.9766143425281804	0.9875887755415956	0.9867113021885682	0.9871506555430165	0.9847505365620173	0.9953953645753785	1.0	0.9915058600361537	0.9909208120239638	0.9905681704399438	0.9868981735127328	0.9880250525189085	0.9871437102764617	0.9873028068754915
0.9892307676430452	0.9920246831030405	0.9877364664749265	0.9859213755526816	0.9934558045129287	0.9897135690664866	0.9799564050871247	0.9853675538131709	0.9870790814403405	0.9838684814738228	0.9859450093920274	0.9855584128690376	0.9938710495182479	0.9805209945947155	0.9769041391403442	0.9866244105842206	0.9864225368766814	0.9861317503794892	0.9838185459648493	0.9926562616065637	0.9915058600361537	1.0	0.9966045254118145	0.9960355773085225	0.9860586819740461	0.9844444996892407	0.9871773917543852	0.9871008505260457
0.9888593006042755	0.9915756367202168	0.9876953653742984	0.985759931212717	0.9940368942188716	0.9890473025115694	0.9790977316958762	0.985190452698021	0.9870112348075859	0.9827686821197994	0.9851484452143975	0.9854115195944536	0.9944338789155595	0.9801564339749762	0.9767193695435119	0.9866116947133133	0.9862935432307196	0.9861070010790544	0.9838401594120807	0.99219646986667	0.9909208120239638	0.9966045254118145	1.0	0.9975344002997636	0.9857940884254466	0.9844588867933813	0.9866979038246821	0.9866657144936269
0.9886138849271813	0.991033197668767	0.9875133143515012	0.985794442589355	0.9935878721198954	0.9888989993224099	0.9792970115028529	0.9849206757027946	0.9869828427063073	0.9828741069041182	0.9849931138176221	0.9853094424583636	0.9940764805534075	0.9803637318477179	0.97653661872097	0.9865745329599267	0.9862333297169438	0.9861487309589241	0.9838379415721371	0.9916468260168414	0.9905681704399438	0.9960355773085225	0.9975344002997636	1.0	0.9856345444341719	0.9840278234860494	0.9867850899753317	0.9868186252236056
0.9840659503649678	0.9863821259120391	0.9873282610140158	0.9854870999892794	0.986627539848104	0.9919330531682464	0.9797766020407493	0.9954547344705234	0.98698883089622	0.9923177709332764	0.9983487959383736	0.9858762913724788	0.9842386373047398	0.9795290535226263	0.9757550925493157	0.9933190519078198	0.9859777549099038	0.9929255676190316	0.9841974991968413	0.9862791735802732	0.9868981735127328	0.9860586819740461	0.9857940884254466	0.9856345444341719	1.0	0.982103538539483	0.986725818774736	0.9864564518182103
0.9857092793588365	0.9866943398572466	0.9822171868601439	0.9813206312857549	0.9814441379290357	0.9827741044292395	0.973584006047217	0.9815910320984562	0.9819508926601291	0.9786562489583662	0.9815806766920111	0.981674522867063	0.983504403484109	0.9772819256451287	0.9742912645401042	0.9825680559164508	0.9813594196123703	0.9819891716184246	0.9799655929328687	0.9871267741893419	0.9880250525189085	0.9844444996892407	0.9844588867933813	0.9840278234860494	0.982103538539483	1.0	0.9815307241392057	0.9817878083965235
0.9847628713939095	0.9873661032198	0.9868798983883766	0.9858554228971722	0.9869661335229682	0.9868060482434856	0.9804293605602266	0.9857840637207476	0.9875051267524314	0.9838904132059502	0.9866897867553753	0.985371992395011	0.984918474726072	0.9795620411524423	0.9758491703449875	0.9871967848919853	0.9863985950616077	0.9867115907667471	0.9836567776983505	0.9869827195598441	0.9871437102764617	0.9871773917543852	0.9866979038246821	0.9867850899753317	0.986725818774736	0.9815307241392057	1.0	0.9865717751894791
0.9848118471373787	0.987320344027759	0.9881129599493088	0.9864971573053005	0.9867287745978973	0.9867210351642957	0.9805514583907982	0.9858245438043536	0.9877188057652908	0.9836965716778232	0.9861889157060804	0.9975506034718026	0.9845592903183736	0.992451580188394	0.9749979140901202	0.9872374761196284	0.9871274292621128	0.9868336510185715	0.9967602545402491	0.9868934838291101	0.9873028068754915	0.9871008505260457	0.9866657144936269	0.9868186252236056	0.9864564518182103	0.9817878083965235	0.9865717751894791	1.0
