/home/jshaw/scratch/2022_sketched_distance/references/SGB_genome_fastas_part4/9223/AsnicarF_2017__MV_FEM2_t1Q14__bin.17.fa	/home/jshaw/scratch/2022_sketched_distance/references/SGB_genome_fastas_part4/9223/BackhedF_2015__SID521_12M__bin.4.fa	/home/jshaw/scratch/2022_sketched_distance/references/SGB_genome_fastas_part4/9223/Bengtsson-PalmeJ_2015__TRAVELRES48__bin.98.fa	/home/jshaw/scratch/2022_sketched_distance/references/SGB_genome_fastas_part4/9223/FengQ_2015__SID31685__bin.47.fa	/home/jshaw/scratch/2022_sketched_distance/references/SGB_genome_fastas_part4/9223/FerrettiP_2018__CA_C10020IS2339FE_t2M15__bin.5.fa	/home/jshaw/scratch/2022_sketched_distance/references/SGB_genome_fastas_part4/9223/FerrettiP_2018__CA_C10020MS2332FE_t0M15__bin.8.fa	/home/jshaw/scratch/2022_sketched_distance/references/SGB_genome_fastas_part4/9223/HanniganGD_2017__MG100203__bin.10.fa	/home/jshaw/scratch/2022_sketched_distance/references/SGB_genome_fastas_part4/9223/HMP_2012__SRS018656__bin.25.fa	/home/jshaw/scratch/2022_sketched_distance/references/SGB_genome_fastas_part4/9223/KarlssonFH_2013__S193__bin.9.fa	/home/jshaw/scratch/2022_sketched_distance/references/SGB_genome_fastas_part4/9223/KarlssonFH_2013__S229__bin.23.fa	/home/jshaw/scratch/2022_sketched_distance/references/SGB_genome_fastas_part4/9223/KarlssonFH_2013__S526__bin.12.fa	/home/jshaw/scratch/2022_sketched_distance/references/SGB_genome_fastas_part4/9223/LeChatelierE_2013__MH0230__bin.16.fa	/home/jshaw/scratch/2022_sketched_distance/references/SGB_genome_fastas_part4/9223/LeChatelierE_2013__MH0409__bin.57.fa	/home/jshaw/scratch/2022_sketched_distance/references/SGB_genome_fastas_part4/9223/LiJ_2014__O2.UC7-0__bin.8.fa	/home/jshaw/scratch/2022_sketched_distance/references/SGB_genome_fastas_part4/9223/VogtmannE_2016__MMRS25641480ST-27-0-0__bin.5.fa	/home/jshaw/scratch/2022_sketched_distance/references/SGB_genome_fastas_part4/9223/VogtmannE_2016__MMRS34569532ST-27-0-0__bin.69.fa	/home/jshaw/scratch/2022_sketched_distance/references/SGB_genome_fastas_part4/9223/VogtmannE_2016__MMRS93621581ST-27-0-0__bin.47.fa	/home/jshaw/scratch/2022_sketched_distance/references/SGB_genome_fastas_part4/9223/XieH_2016__YSZC12003_35542__bin.22.fa	/home/jshaw/scratch/2022_sketched_distance/references/SGB_genome_fastas_part4/9223/XieH_2016__YSZC12003_35583__bin.69.fa	/home/jshaw/scratch/2022_sketched_distance/references/SGB_genome_fastas_part4/9223/XieH_2016__YSZC12003_35665__bin.48.fa	/home/jshaw/scratch/2022_sketched_distance/references/SGB_genome_fastas_part4/9223/XieH_2016__YSZC12003_36522__bin.85.fa	/home/jshaw/scratch/2022_sketched_distance/references/SGB_genome_fastas_part4/9223/XieH_2016__YSZC12003_37097__bin.56.fa	/home/jshaw/scratch/2022_sketched_distance/references/SGB_genome_fastas_part4/9223/XieH_2016__YSZC12003_37192R1__bin.23.fa	/home/jshaw/scratch/2022_sketched_distance/references/SGB_genome_fastas_part4/9223/XieH_2016__YSZC12003_37798__bin.28.fa	/home/jshaw/scratch/2022_sketched_distance/references/SGB_genome_fastas_part4/9223/ZeeviD_2015__PNP_Main_120__bin.5.fa	/home/jshaw/scratch/2022_sketched_distance/references/SGB_genome_fastas_part4/9223/ZeeviD_2015__PNP_Main_139__bin.1.fa	/home/jshaw/scratch/2022_sketched_distance/references/SGB_genome_fastas_part4/9223/ZeeviD_2015__PNP_Main_146__bin.45.fa	/home/jshaw/scratch/2022_sketched_distance/references/SGB_genome_fastas_part4/9223/ZellerG_2014__CCMD63399960ST-21-0__bin.74.fa
1.0	0.992339250357573	0.9886926736586855	0.9987009142302636	0.9966537811943315	0.9986568616825496	0.9904789565665726	0.9923000425501093	0.9987646712506849	0.9924740287136715	0.9923887141445236	0.9925334344200236	0.9981458040766791	0.9840472537946678	0.9921767282083273	0.9911510078912718	0.9920276018960505	0.99212207354823	0.9926166615194297	0.99882014354338	0.9921227017802504	0.9914199976632203	0.9987265391861994	0.992362627523969	0.9925154524383495	0.9987374320004367	0.991604502447673	0.992311706655835
0.992339250357573	1.0	0.9834339338013355	0.9925112119252975	0.9903109435526823	0.9923912752330449	0.9952614417175242	0.9988879714958164	0.9925412043702294	0.9859752784288282	0.9908622002895261	0.9992723596976587	0.9917243957263456	0.9884052491717784	0.9933067827207411	0.9842294806757774	0.9931802291722499	0.9978871523591782	0.9994585388674659	0.9927450906453653	0.9978867762777667	0.9965234752343793	0.9923539535368935	0.9986919519515907	0.9933868249159377	0.9925694402814816	0.9855179607382152	0.9988089248072606
0.9886926736586855	0.9834339338013355	1.0	0.987693577001572	0.9887146490932756	0.9876510296483498	0.9831184039979446	0.9829889616353515	0.9877756694305074	0.9857616354957751	0.9851726363974959	0.9834398297181269	0.988431198383856	0.980077060965435	0.9821835753232842	0.9844881288716846	0.9824869893441641	0.9839496719548916	0.9834617010881335	0.9881851891164164	0.9830242213729545	0.9833305280551999	0.9879257977818097	0.9834105443191687	0.982782520520892	0.9880560848749146	0.9861599293255542	0.9834111727590094
0.9987009142302636	0.9925112119252975	0.987693577001572	1.0	0.9959063127987852	0.9997263376556859	0.990181976669787	0.9924578854026732	0.9999069705711421	0.9919923895057988	0.9918763735777459	0.9927383419955462	0.9981234848515651	0.9833570458734244	0.9924307203683117	0.9903491595934019	0.9923523184042269	0.9917621979048582	0.9928602523983104	0.9995602198722179	0.9920647676763449	0.9912315883451187	0.9996238146423679	0.9925796102070898	0.9925448955060413	0.9992428112671875	0.9907941918038669	0.9922507601940942
0.9966537811943315	0.9903109435526823	0.9887146490932756	0.9959063127987852	1.0	0.9959024187572829	0.9893444193727515	0.9900660002810245	0.995965767380436	0.9904720353361233	0.9912805879498756	0.9903821276449116	0.9959308840762686	0.984043658760119	0.990006450761636	0.9902028215307328	0.9901274817005304	0.9903746713911628	0.990530405183206	0.9962553599784825	0.9902497806120186	0.9898947779012791	0.9961205653641112	0.9903516771069582	0.9904745631155177	0.9961863456855704	0.9909189690550348	0.9902506480614132
0.9986568616825496	0.9923912752330449	0.9876510296483498	0.9997263376556859	0.9959024187572829	1.0	0.9900129057496713	0.9922575740736175	0.9997316964232282	0.9919473703941298	0.9917741020988439	0.9925377491262027	0.9983190159316586	0.9831570126441581	0.9923538528155544	0.9902869546832029	0.9921610749701437	0.9915790550900823	0.9928086807348081	0.9994490990801521	0.9919968490223278	0.9910861988740738	0.999535636778112	0.9925549918222242	0.9924926511070125	0.9991768734830971	0.9907315775296662	0.9920476294816816
0.9904789565665726	0.9952614417175242	0.9831184039979446	0.990181976669787	0.9893444193727515	0.9900129057496713	1.0	0.9953666048246093	0.9902647289043465	0.9850676417606528	0.9895497401708638	0.9954795437881065	0.9898764752107541	0.9882432647514878	0.9907006828399053	0.9838147118155808	0.9909420489444017	0.9951351144854081	0.9954938720385889	0.9904258296381072	0.9947589294326524	0.9942467181738837	0.9900585651411984	0.9952690395662577	0.9907669244442435	0.9903442116461424	0.9847784504959487	0.9955616792500747
0.9923000425501093	0.9988879714958164	0.9829889616353515	0.9924578854026732	0.9900660002810245	0.9922575740736175	0.9953666048246093	1.0	0.9924468339487833	0.9856753357391488	0.9906802335050405	0.999159313565026	0.9914594947788719	0.9879138718247195	0.9932471591568677	0.983888179092956	0.9931869326434352	0.9980079085733917	0.999243817586832	0.9926341692396585	0.9978766361339669	0.9965552333357247	0.9922468304180727	0.9984996900645245	0.9937384990244107	0.9924741394970756	0.9854009471810571	0.9991237523429713
0.9987646712506849	0.9925412043702294	0.9877756694305074	0.9999069705711421	0.995965767380436	0.9997316964232282	0.9902647289043465	0.9924468339487833	1.0	0.9920626109423117	0.9919250024048559	0.9927410083798704	0.9981765736864823	0.9833778628034839	0.9924332034992618	0.9904235237577791	0.9923409300864915	0.991793478398737	0.9928629844704858	0.9995768077893838	0.9920817706149473	0.9912489427512089	0.999629186892467	0.9925822795788188	0.9925614578882067	0.9992593174919921	0.9908501224419082	0.9922670177164564
0.9924740287136715	0.9859752784288282	0.9857616354957751	0.9919923895057988	0.9904720353361233	0.9919473703941298	0.9850676417606528	0.9856753357391488	0.9920626109423117	1.0	0.9877258316045276	0.9860479310738424	0.9922745718272596	0.981077983703453	0.9856575893925609	0.9874627768494468	0.9858108775379626	0.9858703120820264	0.986102578932688	0.9923234259711651	0.9856464317133082	0.9855134867014471	0.9919646268041883	0.9859185068194509	0.9862080945936863	0.9922453343427139	0.988320946328908	0.9860111006461688
0.9923887141445236	0.9908622002895261	0.9851726363974959	0.9918763735777459	0.9912805879498756	0.9917741020988439	0.9895497401708638	0.9906802335050405	0.9919250024048559	0.9877258316045276	1.0	0.9910074940742013	0.991807156009177	0.9839520922035515	0.9902536793274761	0.9859953196708187	0.9903984979175724	0.9910583770509508	0.9911075385921464	0.992207268523098	0.9910620658607122	0.9901176079627994	0.9919739371173842	0.9908992381563689	0.990983014312172	0.9920751358762996	0.9872165224720081	0.9908025579232737
0.9925334344200236	0.9992723596976587	0.9834398297181269	0.9927383419955462	0.9903821276449116	0.9925377491262027	0.9954795437881065	0.999159313565026	0.9927410083798704	0.9860479310738424	0.9910074940742013	1.0	0.9917672983704849	0.9882241850950382	0.9935588121861308	0.9841872783083232	0.9935099207904639	0.9980406588870089	0.9996158486540514	0.9929042091748322	0.9981745888573877	0.9968744963826327	0.992557041334834	0.9988945123577052	0.9935947469461718	0.9927976850519931	0.9856376279636815	0.9990950931434691
0.9981458040766791	0.9917243957263456	0.988431198383856	0.9981234848515651	0.9959308840762686	0.9983190159316586	0.9898764752107541	0.9914594947788719	0.9981765736864823	0.9922745718272596	0.991807156009177	0.9917672983704849	1.0	0.9841259819774314	0.9914445103070004	0.99084962598245	0.9912327732015696	0.9914038492516939	0.9919363471259066	0.9982867832771908	0.991132481772186	0.9907990351516571	0.9982059265457993	0.9916439179314438	0.9918058211215373	0.9982529664181979	0.9911069953307949	0.9914334536092215
0.9840472537946678	0.9884052491717784	0.980077060965435	0.9833570458734244	0.984043658760119	0.9831570126441581	0.9882432647514878	0.9879138718247195	0.9833778628034839	0.981077983703453	0.9839520922035515	0.9882241850950382	0.9841259819774314	1.0	0.9835173703346324	0.9805418476161316	0.9842411069495886	0.9891244936523105	0.9883126588594279	0.9837506605420153	0.9877858397315304	0.9878668876130416	0.9835328229601001	0.9880028523820302	0.9843269227644721	0.9835842686901456	0.9812380912141306	0.9883354834655399
0.9921767282083273	0.9933067827207411	0.9821835753232842	0.9924307203683117	0.990006450761636	0.9923538528155544	0.9907006828399053	0.9932471591568677	0.9924332034992618	0.9856575893925609	0.9902536793274761	0.9935588121861308	0.9914445103070004	0.9835173703346324	1.0	0.9837492950576808	0.9984025650872614	0.9927015734537838	0.9937564750710748	0.9926852930684577	0.9929160649944188	0.9920562006230323	0.9923035358961924	0.9934559116945998	0.9928842112297407	0.9924870257112733	0.9849334856858019	0.993227624857577
0.9911510078912718	0.9842294806757774	0.9844881288716846	0.9903491595934019	0.9902028215307328	0.9902869546832029	0.9838147118155808	0.983888179092956	0.9904235237577791	0.9874627768494468	0.9859953196708187	0.9841872783083232	0.99084962598245	0.9805418476161316	0.9837492950576808	1.0	0.9836702831599828	0.9844066101782443	0.9842998162300012	0.9906241548774036	0.9837036486371142	0.9843644943113621	0.9905774961555931	0.9840045220916093	0.9844876919643728	0.9906589154804305	0.9872247959818227	0.9843153383452551
0.9920276018960505	0.9931802291722499	0.9824869893441641	0.9923523184042269	0.9901274817005304	0.9921610749701437	0.9909420489444017	0.9931869326434352	0.9923409300864915	0.9858108775379626	0.9903984979175724	0.9935099207904639	0.9912327732015696	0.9842411069495886	0.9984025650872614	0.9836702831599828	1.0	0.9927310246390565	0.9936879945635616	0.992489729613585	0.9933093104327894	0.9922416973942787	0.9921209345822679	0.9937588865277562	0.99265397260821	0.9922979671929539	0.9853838648612927	0.9934364540069663
0.99212207354823	0.9978871523591782	0.9839496719548916	0.9917621979048582	0.9903746713911628	0.9915790550900823	0.9951351144854081	0.9980079085733917	0.991793478398737	0.9858703120820264	0.9910583770509508	0.9980406588870089	0.9914038492516939	0.9891244936523105	0.9927015734537838	0.9844066101782443	0.9927310246390565	1.0	0.9980540434836708	0.9919704094652554	0.9968640940343917	0.9962333463250727	0.9917366671025878	0.9972940507774339	0.9930581935535829	0.9918903389996607	0.9859782300538782	0.9982141817661366
0.9926166615194297	0.9994585388674659	0.9834617010881335	0.9928602523983104	0.990530405183206	0.9928086807348081	0.9954938720385889	0.999243817586832	0.9928629844704858	0.986102578932688	0.9911075385921464	0.9996158486540514	0.9919363471259066	0.9883126588594279	0.9937564750710748	0.9842998162300012	0.9936879945635616	0.9980540434836708	1.0	0.993137073726412	0.9984656272636449	0.9969849478097988	0.9927344975087079	0.999142676947102	0.9937738741119255	0.992920635929437	0.9857544749583776	0.9990566726902774
0.99882014354338	0.9927450906453653	0.9881851891164164	0.9995602198722179	0.9962553599784825	0.9994490990801521	0.9904258296381072	0.9926341692396585	0.9995768077893838	0.9923234259711651	0.992207268523098	0.9929042091748322	0.9982867832771908	0.9837506605420153	0.9926852930684577	0.9906241548774036	0.992489729613585	0.9919704094652554	0.993137073726412	1.0	0.9923648684227764	0.991534808279343	0.9994099169090027	0.9928613964106169	0.9928528168475341	0.999432193219353	0.9910729285502998	0.992455087287507
0.9921227017802504	0.9978867762777667	0.9830242213729545	0.9920647676763449	0.9902497806120186	0.9919968490223278	0.9947589294326524	0.9978766361339669	0.9920817706149473	0.9856464317133082	0.9910620658607122	0.9981745888573877	0.991132481772186	0.9877858397315304	0.9929160649944188	0.9837036486371142	0.9933093104327894	0.9968640940343917	0.9984656272636449	0.9923648684227764	1.0	0.996390155356081	0.9919535670977242	0.9992119714554596	0.9930694507285405	0.992181083725374	0.9857509067505946	0.997817564098746
0.9914199976632203	0.9965234752343793	0.9833305280551999	0.9912315883451187	0.9898947779012791	0.9910861988740738	0.9942467181738837	0.9965552333357247	0.9912489427512089	0.9855134867014471	0.9901176079627994	0.9968744963826327	0.9907990351516571	0.9878668876130416	0.9920562006230323	0.9843644943113621	0.9922416973942787	0.9962333463250727	0.9969849478097988	0.991534808279343	0.996390155356081	1.0	0.9912160051079273	0.9967327218587321	0.9921777193561568	0.9914379017588528	0.9855494450810361	0.996530100389046
0.9987265391861994	0.9923539535368935	0.9879257977818097	0.9996238146423679	0.9961205653641112	0.999535636778112	0.9900585651411984	0.9922468304180727	0.999629186892467	0.9919646268041883	0.9919739371173842	0.992557041334834	0.9982059265457993	0.9835328229601001	0.9923035358961924	0.9905774961555931	0.9921209345822679	0.9917366671025878	0.9927344975087079	0.9994099169090027	0.9919535670977242	0.9912160051079273	1.0	0.9924620312142259	0.9925960692403398	0.9992032272445348	0.9910238680743152	0.9921045991566869
0.992362627523969	0.9986919519515907	0.9834105443191687	0.9925796102070898	0.9903516771069582	0.9925549918222242	0.9952690395662577	0.9984996900645245	0.9925822795788188	0.9859185068194509	0.9908992381563689	0.9988945123577052	0.9916439179314438	0.9880028523820302	0.9934559116945998	0.9840045220916093	0.9937588865277562	0.9972940507774339	0.999142676947102	0.9928613964106169	0.9992119714554596	0.9967327218587321	0.9924620312142259	1.0	0.9934052099574061	0.9926817942820317	0.9856835323431726	0.9983199983386066
0.9925154524383495	0.9933868249159377	0.982782520520892	0.9925448955060413	0.9904745631155177	0.9924926511070125	0.9907669244442435	0.9937384990244107	0.9925614578882067	0.9862080945936863	0.990983014312172	0.9935947469461718	0.9918058211215373	0.9843269227644721	0.9928842112297407	0.9844876919643728	0.99265397260821	0.9930581935535829	0.9937738741119255	0.9928528168475341	0.9930694507285405	0.9921777193561568	0.9925960692403398	0.9934052099574061	1.0	0.9926463065120692	0.9856862665519273	0.9932771570149421
0.9987374320004367	0.9925694402814816	0.9880560848749146	0.9992428112671875	0.9961863456855704	0.9991768734830971	0.9903442116461424	0.9924741394970756	0.9992593174919921	0.9922453343427139	0.9920751358762996	0.9927976850519931	0.9982529664181979	0.9835842686901456	0.9924870257112733	0.9906589154804305	0.9922979671929539	0.9918903389996607	0.992920635929437	0.999432193219353	0.992181083725374	0.9914379017588528	0.9992032272445348	0.9926817942820317	0.9926463065120692	1.0	0.9912298111885102	0.9924319410706761
0.991604502447673	0.9855179607382152	0.9861599293255542	0.9907941918038669	0.9909189690550348	0.9907315775296662	0.9847784504959487	0.9854009471810571	0.9908501224419082	0.988320946328908	0.9872165224720081	0.9856376279636815	0.9911069953307949	0.9812380912141306	0.9849334856858019	0.9872247959818227	0.9853838648612927	0.9859782300538782	0.9857544749583776	0.9910729285502998	0.9857509067505946	0.9855494450810361	0.9910238680743152	0.9856835323431726	0.9856862665519273	0.9912298111885102	1.0	0.9854511051433723
0.992311706655835	0.9988089248072606	0.9834111727590094	0.9922507601940942	0.9902506480614132	0.9920476294816816	0.9955616792500747	0.9991237523429713	0.9922670177164564	0.9860111006461688	0.9908025579232737	0.9990950931434691	0.9914334536092215	0.9883354834655399	0.993227624857577	0.9843153383452551	0.9934364540069663	0.9982141817661366	0.9990566726902774	0.992455087287507	0.997817564098746	0.996530100389046	0.9921045991566869	0.9983199983386066	0.9932771570149421	0.9924319410706761	0.9854511051433723	1.0
