/home/jshaw/scratch/2022_sketched_distance/references/SGB_genome_fastas_part5/14980/BackhedF_2015__SID560_M__bin.34.fa	/home/jshaw/scratch/2022_sketched_distance/references/SGB_genome_fastas_part5/14980/ChengpingW_2017__AS49raw__bin.23.fa	/home/jshaw/scratch/2022_sketched_distance/references/SGB_genome_fastas_part5/14980/FengQ_2015__SID31160__bin.36.fa	/home/jshaw/scratch/2022_sketched_distance/references/SGB_genome_fastas_part5/14980/FengQ_2015__SID31300__bin.57.fa	/home/jshaw/scratch/2022_sketched_distance/references/SGB_genome_fastas_part5/14980/LiJ_2014__V1.CD55-0__bin.71.fa	/home/jshaw/scratch/2022_sketched_distance/references/SGB_genome_fastas_part5/14980/LiSS_2016__FAT_012-22-84-0__bin.55.fa	/home/jshaw/scratch/2022_sketched_distance/references/SGB_genome_fastas_part5/14980/NielsenHB_2014__V1_CD34_0__bin.54.fa	/home/jshaw/scratch/2022_sketched_distance/references/SGB_genome_fastas_part5/14980/NielsenHB_2014__V1_UC27_0__bin.14.fa	/home/jshaw/scratch/2022_sketched_distance/references/SGB_genome_fastas_part5/14980/RampelliS_2015__H10__bin.95.fa	/home/jshaw/scratch/2022_sketched_distance/references/SGB_genome_fastas_part5/14980/RampelliS_2015__H14__bin.95.fa	/home/jshaw/scratch/2022_sketched_distance/references/SGB_genome_fastas_part5/14980/RampelliS_2015__H21__bin.34.fa	/home/jshaw/scratch/2022_sketched_distance/references/SGB_genome_fastas_part5/14980/RampelliS_2015__H24__bin.83.fa	/home/jshaw/scratch/2022_sketched_distance/references/SGB_genome_fastas_part5/14980/RampelliS_2015__H25__bin.12.fa	/home/jshaw/scratch/2022_sketched_distance/references/SGB_genome_fastas_part5/14980/SmitsSA_2017__TZ_65642__bin.20.fa	/home/jshaw/scratch/2022_sketched_distance/references/SGB_genome_fastas_part5/14980/SmitsSA_2017__TZ_86771__bin.6.fa	/home/jshaw/scratch/2022_sketched_distance/references/SGB_genome_fastas_part5/14980/WenC_2017__N315__bin.23.fa	/home/jshaw/scratch/2022_sketched_distance/references/SGB_genome_fastas_part5/14980/YuJ_2015__SZAXPI015210-17__bin.66.fa	/home/jshaw/scratch/2022_sketched_distance/references/SGB_genome_fastas_part5/14980/YuJ_2015__SZAXPI017591-140__bin.18.fa	/home/jshaw/scratch/2022_sketched_distance/references/SGB_genome_fastas_part5/14980/ZeeviD_2015__PNP_Main_116__bin.24.fa	/home/jshaw/scratch/2022_sketched_distance/references/SGB_genome_fastas_part5/14980/ZeeviD_2015__PNP_Main_13__bin.53.fa	/home/jshaw/scratch/2022_sketched_distance/references/SGB_genome_fastas_part5/14980/ZeeviD_2015__PNP_Main_163__bin.37.fa	/home/jshaw/scratch/2022_sketched_distance/references/SGB_genome_fastas_part5/14980/ZeeviD_2015__PNP_Main_199__bin.32.fa	/home/jshaw/scratch/2022_sketched_distance/references/SGB_genome_fastas_part5/14980/ZeeviD_2015__PNP_Main_211__bin.14.fa	/home/jshaw/scratch/2022_sketched_distance/references/SGB_genome_fastas_part5/14980/ZeeviD_2015__PNP_Main_213__bin.17.fa	/home/jshaw/scratch/2022_sketched_distance/references/SGB_genome_fastas_part5/14980/ZeeviD_2015__PNP_Main_228__bin.29.fa	/home/jshaw/scratch/2022_sketched_distance/references/SGB_genome_fastas_part5/14980/ZeeviD_2015__PNP_Main_310__bin.29.fa	/home/jshaw/scratch/2022_sketched_distance/references/SGB_genome_fastas_part5/14980/ZeeviD_2015__PNP_Main_335__bin.22.fa	/home/jshaw/scratch/2022_sketched_distance/references/SGB_genome_fastas_part5/14980/ZeeviD_2015__PNP_Main_33__bin.51.fa	/home/jshaw/scratch/2022_sketched_distance/references/SGB_genome_fastas_part5/14980/ZeeviD_2015__PNP_Main_359__bin.33.fa	/home/jshaw/scratch/2022_sketched_distance/references/SGB_genome_fastas_part5/14980/ZeeviD_2015__PNP_Main_378__bin.32.fa	/home/jshaw/scratch/2022_sketched_distance/references/SGB_genome_fastas_part5/14980/ZeeviD_2015__PNP_Main_41__bin.19.fa	/home/jshaw/scratch/2022_sketched_distance/references/SGB_genome_fastas_part5/14980/ZeeviD_2015__PNP_Main_444__bin.30.fa	/home/jshaw/scratch/2022_sketched_distance/references/SGB_genome_fastas_part5/14980/ZeeviD_2015__PNP_Main_455__bin.37.fa	/home/jshaw/scratch/2022_sketched_distance/references/SGB_genome_fastas_part5/14980/ZeeviD_2015__PNP_Main_46__bin.35.fa	/home/jshaw/scratch/2022_sketched_distance/references/SGB_genome_fastas_part5/14980/ZeeviD_2015__PNP_Main_74__bin.14.fa	/home/jshaw/scratch/2022_sketched_distance/references/SGB_genome_fastas_part5/14980/ZellerG_2014__CCIS03473770ST-4-0__bin.27.fa	/home/jshaw/scratch/2022_sketched_distance/references/SGB_genome_fastas_part5/14980/ZellerG_2014__CCIS03857607ST-4-0__bin.45.fa	/home/jshaw/scratch/2022_sketched_distance/references/SGB_genome_fastas_part5/14980/ZellerG_2014__CCIS51667829ST-4-0__bin.32.fa	/home/jshaw/scratch/2022_sketched_distance/references/SGB_genome_fastas_part5/14980/ZellerG_2014__CCIS59132091ST-4-0__bin.11.fa	/home/jshaw/scratch/2022_sketched_distance/references/SGB_genome_fastas_part5/14980/ZellerG_2014__CCIS74239020ST-4-0__bin.85.fa
1.0	0.9815610589992575	0.9836317783190158	0.9858183072282678	0.9791846705918742	0.9891829968663158	0.9851651611987711	0.9798139296642291	0.9705889820808445	0.9694476845154512	0.9699548253718913	0.9650752494523159	0.9625471559480453	0.9660707972222267	0.9612277539841018	0.9767028784237544	0.9801713669241693	0.9758905079501972	0.9832457892973908	0.9785095393587908	0.9847030138977705	0.9875436240585662	0.9883084011847745	0.9852224749126542	0.9850502328000478	0.973859725600733	0.9873026214563166	0.9836086926908896	0.9840388905287313	0.9759891858627744	0.9855359249478702	0.9824902432073783	0.9790731439433392	0.984732089490016	0.9873563303019681	0.9857056453800567	0.9857431347848868	0.9873563303019681	0.9864311374122803	0.9722090909582477
0.9815610589992575	1.0	0.9818656649935105	0.9838859090859761	0.9785562624776127	0.9860933135006563	0.9820667681965322	0.9791392559617966	0.9678901586041012	0.9666047881052657	0.9664099271172539	0.9619628497895061	0.9621806346156077	0.963282085324736	0.960174901567502	0.9752469439318067	0.9799831794886936	0.9772519299621516	0.9800764882178589	0.9773352613220885	0.9822472956639539	0.983685506833104	0.984897644702706	0.9825756995683494	0.9825756995683494	0.9733338395954629	0.9843394249323884	0.9809933685507942	0.9831877869141857	0.9760126495893497	0.9832809897691249	0.9813746672225385	0.9780667722116754	0.9813997329049065	0.9839429426593089	0.9827238923602589	0.9828977471032031	0.9838287761567324	0.9914050427651041	0.9732893699035149
0.9836317783190158	0.9818656649935105	1.0	0.9861579389333384	0.9739034271807441	0.9892762934883009	0.9845564544446581	0.9767350107350677	0.9702584987408497	0.9683658235512779	0.9685154169094876	0.9632877787489733	0.9620328452828728	0.9651078604336318	0.9614856474145329	0.978607223684723	0.9831296183281533	0.9723808062214904	0.982259203382713	0.9770773259701023	0.9842204252190819	0.9864748118349389	0.9891972082857037	0.9846475047339334	0.9845564544446581	0.9676846420369037	0.9871276593498891	0.9836630245660846	0.9833746981778828	0.974659201290357	0.9851288864632792	0.9826411752448592	0.9788135905524591	0.9858963879401532	0.9869585964704419	0.9852778823024027	0.9852472972842687	0.9883145133853286	0.9858671978155912	0.9696974973695506
0.9858183072282678	0.9838859090859761	0.9861579389333384	1.0	0.9847074179306686	0.986526003682564	0.9863664376351431	0.9862584458050804	0.9683798815778454	0.9669974080956653	0.9673097862033525	0.9628577986314116	0.9670933128746212	0.9674269131466076	0.968236941140947	0.9809533540095159	0.984431959439263	0.9836724319247575	0.9833375363788813	0.9831962946468635	0.9840705294871276	0.9854670830780273	0.9866212809586211	0.982362313037847	0.9843743648203359	0.9831288530234003	0.983183287919569	0.9854977220086208	0.9869722545498107	0.9817019262863412	0.9838809472496111	0.9863397604130716	0.9838732933764659	0.9870144689325928	0.9840539367830328	0.9854376904143514	0.9883266495530579	0.9842458308642889	0.9858536175054544	0.9820808802523503
0.9791846705918742	0.9785562624776127	0.9739034271807441	0.9847074179306686	1.0	0.9888590035421243	0.9835480231457452	0.9840882245750597	0.9691130545244222	0.9666140101777245	0.9667664973104679	0.961488119225394	0.9395189725587639	0.9656048494607179	0.9518275223520958	0.9713006334135249	0.9475459147517974	0.9829987713977221	0.9792882387918739	0.9843107088055002	0.9807541990600075	0.987599447792202	0.987357822239035	0.9834571179564726	0.9834115706571619	0.9808035948997497	0.9868281334965704	0.9815357161907396	0.9691130545244222	0.9807541990600075	0.9842663324983517	0.9686858749233342	0.9609457089552906	0.9816321059062866	0.9869101811938648	0.9834115706571619	0.9680343176018745	0.9892429416251874	0.9864978805865406	0.9801555519954996
0.9891829968663158	0.9860933135006563	0.9892762934883009	0.986526003682564	0.9888590035421243	1.0	0.9851104996270235	0.9887574744168091	0.9692990627177157	0.9678734864222163	0.9682926670228298	0.9625919307406123	0.966966505735942	0.9687684972933719	0.9674465014797433	0.982362313037847	0.9861569232719598	0.9852759015983461	0.9865239757950434	0.984521695357163	0.988039149290105	0.9886709013291078	0.9893789261039463	0.9848164962986846	0.9854989568997217	0.9850353709696497	0.9862871658242462	0.9871437851543258	0.9907851866243736	0.9825557643568444	0.9858140952230139	0.9879478545162357	0.984645486998065	0.989731175722929	0.9866124254963058	0.987728601568537	0.9903951441542717	0.9881230406391495	0.9882843317786831	0.9825240647633126
0.9851651611987711	0.9820667681965322	0.9845564544446581	0.9863664376351431	0.9835480231457452	0.9851104996270235	1.0	0.9855935282862069	0.9701159019223748	0.9682521802564884	0.9690480781161942	0.9635066179356724	0.9676578528292956	0.9686862623240781	0.9668542794075577	0.9790616749565668	0.9831724468956804	0.9827599450676557	0.9823835033644202	0.98338894931041	0.9839903368115988	0.98454742394032	0.9854404681634608	0.9827653438868579	0.9844173831682214	0.9815653205159334	0.9833976654056347	0.9851635473449825	0.985781681370007	0.9810781082413219	0.9838809472496111	0.9853149387747442	0.985078717503089	0.9861292693497157	0.9843238517578528	0.9852434335572074	0.9871872879610386	0.98386076286018	0.9848436891224391	0.9802026263783942
0.9798139296642291	0.9791392559617966	0.9767350107350677	0.9862584458050804	0.9840882245750597	0.9887574744168091	0.9855935282862069	1.0	0.9706749197321213	0.9692277833205672	0.9691660569100577	0.9634336141703169	0.9476153066464353	0.9671915392230727	0.9558944031185542	0.9743502315001755	0.9589538250429439	0.9799028420576136	0.9792753107234843	0.9850289622379393	0.9813360109882049	0.986622114378682	0.9864407828622733	0.9897589651663321	0.9850669034242558	0.9811045268674486	0.9848767575260992	0.9880032121691954	0.9714901206997145	0.9816321059062866	0.9864043962562151	0.9750790616335061	0.9663261369065784	0.9811656027609867	0.9938659830399339	0.989955665260828	0.9683672340973815	0.9880724995636256	0.985556190950849	0.9787736456264012
0.9705889820808445	0.9678901586041012	0.9702584987408497	0.9683798815778454	0.9691130545244222	0.9692990627177157	0.9701159019223748	0.9706749197321213	1.0	0.9946210221688296	0.9807092905386784	0.9902996362440318	0.9801445107069922	0.9878245901583149	0.991306693459802	0.9653801549035663	0.968839023504643	0.9685690615708656	0.9669385292371864	0.9681345427669523	0.9685344868500807	0.9689993934184319	0.9710173140442019	0.9670129902993493	0.9687048540178769	0.9663965981216285	0.9665861403614953	0.9706336005652075	0.971287974120059	0.9661104134981875	0.9693858838587829	0.9714319318768693	0.9694115633083393	0.9702348434362787	0.9685154387484165	0.9705859033851967	0.9695707954627758	0.968619650532664	0.9704651776574604	0.9705757980963939
0.9694476845154512	0.9666047881052657	0.9683658235512779	0.9669974080956653	0.9666140101777245	0.9678734864222163	0.9682521802564884	0.9692277833205672	0.9946210221688296	1.0	0.9795105351133332	0.9883788304609876	0.9798895621267784	0.9869665082020126	0.9903159593138287	0.9639631358413479	0.9683026288816284	0.9666456730640677	0.9661972257926983	0.966561615212835	0.9674402825268016	0.9668311063867451	0.9690103138518876	0.9651422199904366	0.9671569003654815	0.9636547922073461	0.9648930703781465	0.9694836261851347	0.9699647973587431	0.9648888786718165	0.96795208851994	0.9702968943339291	0.9680488162312182	0.9688325354898636	0.966846168540505	0.9687800268277181	0.9689429360234643	0.9667489394234414	0.9687481697787346	0.9683026288816284
0.9699548253718913	0.9664099271172539	0.9685154169094876	0.9673097862033525	0.9667664973104679	0.9682926670228298	0.9690480781161942	0.9691660569100577	0.9807092905386784	0.9795105351133332	1.0	0.9745947252924083	0.9807317669704646	0.983106444425126	0.9817487281366398	0.9632833777888028	0.9694972264831182	0.9671698967138608	0.966103351811112	0.9675592305800442	0.9668562794426131	0.9679130070405232	0.9692483523348912	0.9657651140660863	0.9673150814947895	0.9645949383406983	0.9652634435591085	0.9691474052883052	0.9693970861407429	0.964784959471591	0.9680707441713199	0.9699651468942215	0.9681092777338302	0.9691087415624972	0.9662963859728587	0.9691812831728389	0.9693837153849145	0.9672773189941124	0.9686249035330751	0.9687946627360532
0.9650752494523159	0.9619628497895061	0.9632877787489733	0.9628577986314116	0.961488119225394	0.9625919307406123	0.9635066179356724	0.9634336141703169	0.9902996362440318	0.9883788304609876	0.9745947252924083	1.0	0.9758532911401328	0.981369840348382	0.9863852950133634	0.9590526608728777	0.9634995964185539	0.9598271442529409	0.961131430978385	0.9608844628929559	0.9628035441233227	0.9621963811791564	0.9638385004578726	0.9618261990067456	0.9624711199213041	0.9577339821227135	0.960031354988481	0.9642278865930745	0.9654415417124907	0.9596609867995743	0.9628072524845819	0.9655659688785969	0.9643324905983985	0.9638423359419982	0.9620697266118217	0.9638135205090633	0.9646788713065818	0.9618923908072278	0.9640786635535057	0.9634275698036788
0.9625471559480453	0.9621806346156077	0.9620328452828728	0.9670933128746212	0.9395189725587639	0.966966505735942	0.9676578528292956	0.9476153066464353	0.9801445107069922	0.9798895621267784	0.9807317669704646	0.9758532911401328	1.0	0.9761895139042589	0.9711884796611651	0.9615853457084133	0.9592240307107583	0.9424342656423542	0.962106825081426	0.956640775588803	0.9622542746803159	0.9636222544127079	0.9658680072259003	0.9667113848623182	0.9659992038345384	0.9388120657860196	0.9656702043898889	0.9644571516170299	0.9591680792839304	0.9537040793277474	0.9667113848623182	0.9596504062087117	0.9552062733643131	0.9615853457084133	0.9661298680598412	0.9656702043898889	0.9584704076419879	0.965203881434187	0.965337807529366	0.9454029217318802
0.9660707972222267	0.963282085324736	0.9651078604336318	0.9674269131466076	0.9656048494607179	0.9687684972933719	0.9686862623240781	0.9671915392230727	0.9878245901583149	0.9869665082020126	0.983106444425126	0.981369840348382	0.9761895139042589	1.0	0.9859349106758568	0.9612659498676558	0.9646558365556577	0.9660455434235306	0.9623164946653107	0.9651494418844057	0.9646518881036291	0.9650742295685106	0.9670393172577019	0.9673840763123491	0.9681884045635852	0.9650548981978233	0.966160931086729	0.9660457155616279	0.9668353644842349	0.9615575563392401	0.9669525483083863	0.9669986266149502	0.9641280810829762	0.9663342145154331	0.9675550832938667	0.9666031174105221	0.9662328491387926	0.966160931086729	0.965892675587307	0.9685495831450454
0.9612277539841018	0.960174901567502	0.9614856474145329	0.968236941140947	0.9518275223520958	0.9674465014797433	0.9668542794075577	0.9558944031185542	0.991306693459802	0.9903159593138287	0.9817487281366398	0.9863852950133634	0.9711884796611651	0.9859349106758568	1.0	0.9590862330160522	0.9622185915208349	0.9513632240884028	0.9609024404050874	0.9596351985240804	0.9627448859314336	0.9644872686698565	0.9663062862463553	0.9655230861042882	0.9676061464646993	0.949851655286415	0.9660844519119154	0.9636579098172918	0.9615943718834944	0.956265989496255	0.9659170675448	0.9620704436507154	0.9586235050682773	0.9622471076177773	0.9659729590692916	0.966195560074552	0.9612450806933817	0.9654096285070204	0.9648940594718287	0.9563560588819707
0.9767028784237544	0.9752469439318067	0.978607223684723	0.9809533540095159	0.9713006334135249	0.982362313037847	0.9790616749565668	0.9743502315001755	0.9653801549035663	0.9639631358413479	0.9632833777888028	0.9590526608728777	0.9615853457084133	0.9612659498676558	0.9590862330160522	1.0	0.9835976824639031	0.9749842325874669	0.973902418591948	0.974016320991571	0.9770535592625994	0.9799265112094927	0.9801156259275409	0.9789641523004687	0.9809533540095159	0.9690579523504794	0.9790616749565668	0.9773627776493512	0.9780863299714693	0.9711835705428807	0.9787354595259943	0.9785565179110396	0.9775291137105282	0.9776780256805683	0.9810145622371098	0.9788009640476446	0.9780565340754647	0.9788989749037003	0.9787026578788506	0.9695785670127277
0.9801713669241693	0.9799831794886936	0.9831296183281533	0.984431959439263	0.9475459147517974	0.9861569232719598	0.9831724468956804	0.9589538250429439	0.968839023504643	0.9683026288816284	0.9694972264831182	0.9634995964185539	0.9592240307107583	0.9646558365556577	0.9622185915208349	0.9835976824639031	1.0	0.9606277995289618	0.9806833627607864	0.9741048774383685	0.9827416210978733	0.9816839113196243	0.9840174733445357	0.982914631802957	0.9851650925817653	0.9405058903089079	0.9848819275479771	0.9826547718879273	0.9765010181640306	0.972541913107131	0.9840591584082742	0.9772278453800289	0.9768664596876314	0.981594206511554	0.9846781609860232	0.9835130754994968	0.9758648395413864	0.9816390896560757	0.9825240647633126	0.9521207567310933
0.9758905079501972	0.9772519299621516	0.9723808062214904	0.9836724319247575	0.9829987713977221	0.9852759015983461	0.9827599450676557	0.9799028420576136	0.9685690615708656	0.9666456730640677	0.9671698967138608	0.9598271442529409	0.9424342656423542	0.9660455434235306	0.9513632240884028	0.9749842325874669	0.9606277995289618	1.0	0.9762362391174562	0.9838285645249446	0.9769649511036382	0.9837896010125494	0.9837115348249116	0.9819040079472608	0.9840226907342134	0.9798751550580052	0.9816968719452362	0.9793719796677898	0.9688787683505438	0.9797711312740388	0.9831995226865113	0.9685690615708656	0.9633073081512464	0.9784211932303115	0.9842925516655956	0.9814046609141016	0.9652526742314537	0.9855356940371925	0.9832788162091741	0.9761378330862365
0.9832457892973908	0.9800764882178589	0.982259203382713	0.9833375363788813	0.9792882387918739	0.9865239757950434	0.9823835033644202	0.9792753107234843	0.9669385292371864	0.9661972257926983	0.966103351811112	0.961131430978385	0.962106825081426	0.9623164946653107	0.9609024404050874	0.973902418591948	0.9806833627607864	0.9762362391174562	1.0	0.9765717388716529	0.9820112539687142	0.9843183094935736	0.9850351151855786	0.9824688093817827	0.9814008388740417	0.9730379552823665	0.9851138026267737	0.980898212964507	0.9832252545374142	0.9753437663177874	0.9830876892912035	0.9810995945127952	0.977843824676163	0.9836157105926944	0.9836403412314242	0.9831433757045733	0.9855152163222003	0.984824355362496	0.9836129287965011	0.9715992234419398
0.9785095393587908	0.9773352613220885	0.9770773259701023	0.9831962946468635	0.9843107088055002	0.984521695357163	0.98338894931041	0.9850289622379393	0.9681345427669523	0.966561615212835	0.9675592305800442	0.9608844628929559	0.956640775588803	0.9651494418844057	0.9596351985240804	0.974016320991571	0.9741048774383685	0.9838285645249446	0.9765717388716529	1.0	0.9779696109087936	0.9817862195243553	0.9815838721302518	0.981872558285003	0.9872179829311758	0.9845794625751553	0.9812633474556813	0.9797960997644151	0.9785216222831932	0.9917846733357956	0.9846803700763644	0.978428294561559	0.9889324385836115	0.9792246958273058	0.9836622208670043	0.981380265564985	0.9774281286697925	0.9821016877022708	0.981380265564985	0.9829613320661771
0.9847030138977705	0.9822472956639539	0.9842204252190819	0.9840705294871276	0.9807541990600075	0.988039149290105	0.9839903368115988	0.9813360109882049	0.9685344868500807	0.9674402825268016	0.9668562794426131	0.9628035441233227	0.9622542746803159	0.9646518881036291	0.9627448859314336	0.9770535592625994	0.9827416210978733	0.9769649511036382	0.9820112539687142	0.9779696109087936	1.0	0.9857108376943003	0.9856090920628061	0.9844157835173555	0.9832869940905477	0.9749987341776082	0.9860141978621655	0.9822190433741194	0.9854684339452339	0.9769908782451387	0.9840972168708502	0.9841134507414917	0.9817998703332651	0.9846557191327937	0.985862867828495	0.9845212887623129	0.9873318833665344	0.9858122692308975	0.9844421916467702	0.9736591248279605
0.9875436240585662	0.983685506833104	0.9864748118349389	0.9854670830780273	0.987599447792202	0.9886709013291078	0.98454742394032	0.986622114378682	0.9689993934184319	0.9668311063867451	0.9679130070405232	0.9621963811791564	0.9636222544127079	0.9650742295685106	0.9644872686698565	0.9799265112094927	0.9816839113196243	0.9837896010125494	0.9843183094935736	0.9817862195243553	0.9857108376943003	1.0	0.9879399346211432	0.9845228710219698	0.9847187819717929	0.9826896943375216	0.986822942391283	0.9848259370520863	0.9876991427580538	0.9810466028402564	0.9845228710219698	0.9863733768491872	0.983120572280449	0.9879537307891868	0.9866852459522722	0.9851946892837881	0.9877974790852067	0.9883663780261936	0.9865734069807456	0.9803312564440098
0.9883084011847745	0.984897644702706	0.9891972082857037	0.9866212809586211	0.987357822239035	0.9893789261039463	0.9854404681634608	0.9864407828622733	0.9710173140442019	0.9690103138518876	0.9692483523348912	0.9638385004578726	0.9658680072259003	0.9670393172577019	0.9663062862463553	0.9801156259275409	0.9840174733445357	0.9837115348249116	0.9850351151855786	0.9815838721302518	0.9856090920628061	0.9879399346211432	1.0	0.9856083582331604	0.9852233408673896	0.981838713351729	0.9878059461869003	0.9856253508736527	0.9891377835136234	0.9810781082413219	0.9853200191393303	0.9871043758519316	0.9835367059292625	0.98938819627736	0.9875588755441715	0.9859422158749398	0.9898650128274646	0.9917255528299902	0.9866681992399345	0.9798136693312506
0.9852224749126542	0.9825756995683494	0.9846475047339334	0.982362313037847	0.9834571179564726	0.9848164962986846	0.9827653438868579	0.9897589651663321	0.9670129902993493	0.9651422199904366	0.9657651140660863	0.9618261990067456	0.9667113848623182	0.9673840763123491	0.9655230861042882	0.9789641523004687	0.982914631802957	0.9819040079472608	0.9824688093817827	0.981872558285003	0.9844157835173555	0.9845228710219698	0.9856083582331604	1.0	0.9827714712928265	0.9806371477024924	0.9817882570677713	0.9949301030478791	0.98557318196018	0.9798916984624493	0.9832681779010457	0.9967767073346545	0.9836492860815139	0.9861020695337077	0.9891234027285338	0.9952125269832833	0.9866761404138159	0.9838365453440437	0.9840332826962989	0.9791549324782594
0.9850502328000478	0.9825756995683494	0.9845564544446581	0.9843743648203359	0.9834115706571619	0.9854989568997217	0.9844173831682214	0.9850669034242558	0.9687048540178769	0.9671569003654815	0.9673150814947895	0.9624711199213041	0.9659992038345384	0.9681884045635852	0.9676061464646993	0.9809533540095159	0.9851650925817653	0.9840226907342134	0.9814008388740417	0.9872179829311758	0.9832869940905477	0.9847187819717929	0.9852233408673896	0.9827714712928265	1.0	0.9837767506155646	0.9825006523172664	0.984299660063945	0.9852579304673876	0.9851586412253065	0.98560739598565	0.9863397604130716	0.9880596541300856	0.9856085836719277	0.9849529480826333	0.98482678236193	0.9862688764173434	0.9837880565940915	0.9845168714895414	0.9832757187850671
0.973859725600733	0.9733338395954629	0.9676846420369037	0.9831288530234003	0.9808035948997497	0.9850353709696497	0.9815653205159334	0.9811045268674486	0.9663965981216285	0.9636547922073461	0.9645949383406983	0.9577339821227135	0.9388120657860196	0.9650548981978233	0.949851655286415	0.9690579523504794	0.9405058903089079	0.9798751550580052	0.9730379552823665	0.9845794625751553	0.9749987341776082	0.9826896943375216	0.981838713351729	0.9806371477024924	0.9837767506155646	1.0	0.9786977560996598	0.9768479136791212	0.9652824349447984	0.9781435814184074	0.9824233451112202	0.9647489903899568	0.9570573162270686	0.9749427222863226	0.9834759911818857	0.9792426739633128	0.9601288223169868	0.9841171316104801	0.9811972063712487	0.9774762671769377
0.9873026214563166	0.9843394249323884	0.9871276593498891	0.983183287919569	0.9868281334965704	0.9862871658242462	0.9833976654056347	0.9848767575260992	0.9665861403614953	0.9648930703781465	0.9652634435591085	0.960031354988481	0.9656702043898889	0.966160931086729	0.9660844519119154	0.9790616749565668	0.9848819275479771	0.9816968719452362	0.9851138026267737	0.9812633474556813	0.9860141978621655	0.986822942391283	0.9878059461869003	0.9817882570677713	0.9825006523172664	0.9786977560996598	1.0	0.9848781035991164	0.9884742268441119	0.9804742517731085	0.9834162904682203	0.9869066181547085	0.9835742756156804	0.9875656234941417	0.9833956131379892	0.9855585201357191	0.9894279201357477	0.9859475526036121	0.9862154822248562	0.9783464859884493
0.9836086926908896	0.9809933685507942	0.9836630245660846	0.9854977220086208	0.9815357161907396	0.9871437851543258	0.9851635473449825	0.9880032121691954	0.9706336005652075	0.9694836261851347	0.9691474052883052	0.9642278865930745	0.9644571516170299	0.9660457155616279	0.9636579098172918	0.9773627776493512	0.9826547718879273	0.9793719796677898	0.980898212964507	0.9797960997644151	0.9822190433741194	0.9848259370520863	0.9856253508736527	0.9949301030478791	0.984299660063945	0.9768479136791212	0.9848781035991164	1.0	0.9836715569730339	0.9777667827826602	0.9845375296285319	0.9936678634562632	0.9817204976517745	0.9847125420535	0.9919772547596715	0.9946211761228256	0.984899586750024	0.9851377002086426	0.9838993376758618	0.9755960490485851
0.9840388905287313	0.9831877869141857	0.9833746981778828	0.9869722545498107	0.9691130545244222	0.9907851866243736	0.985781681370007	0.9714901206997145	0.971287974120059	0.9699647973587431	0.9693970861407429	0.9654415417124907	0.9591680792839304	0.9668353644842349	0.9615943718834944	0.9780863299714693	0.9765010181640306	0.9688787683505438	0.9832252545374142	0.9785216222831932	0.9854684339452339	0.9876991427580538	0.9891377835136234	0.98557318196018	0.9852579304673876	0.9652824349447984	0.9884742268441119	0.9836715569730339	1.0	0.9766071657707537	0.985398415910352	0.9777338627667471	0.9743023211124932	0.9860576385008222	0.9879270993508086	0.9858508881988507	0.9794620870305277	0.9891690507133257	0.9868383504412727	0.9653177736684899
0.9759891858627744	0.9760126495893497	0.974659201290357	0.9817019262863412	0.9807541990600075	0.9825557643568444	0.9810781082413219	0.9816321059062866	0.9661104134981875	0.9648888786718165	0.964784959471591	0.9596609867995743	0.9537040793277474	0.9615575563392401	0.956265989496255	0.9711835705428807	0.972541913107131	0.9797711312740388	0.9753437663177874	0.9917846733357956	0.9769908782451387	0.9810466028402564	0.9810781082413219	0.9798916984624493	0.9851586412253065	0.9781435814184074	0.9804742517731085	0.9777667827826602	0.9766071657707537	1.0	0.9825256504718931	0.976668629556072	0.9855063064037782	0.9768221126403634	0.9823746642858902	0.9798263243849664	0.9752586848418909	0.980888618905461	0.980888618905461	0.9781640772615006
0.9855359249478702	0.9832809897691249	0.9851288864632792	0.9838809472496111	0.9842663324983517	0.9858140952230139	0.9838809472496111	0.9864043962562151	0.9693858838587829	0.96795208851994	0.9680707441713199	0.9628072524845819	0.9667113848623182	0.9669525483083863	0.9659170675448	0.9787354595259943	0.9840591584082742	0.9831995226865113	0.9830876892912035	0.9846803700763644	0.9840972168708502	0.9845228710219698	0.9853200191393303	0.9832681779010457	0.98560739598565	0.9824233451112202	0.9834162904682203	0.9845375296285319	0.985398415910352	0.9825256504718931	1.0	0.985140983512588	0.9853288203857329	0.985023322000204	0.9850497537545531	0.9850969831409752	0.9859318665530842	0.9840263235638765	0.985216787365091	0.9797701645881608
0.9824902432073783	0.9813746672225385	0.9826411752448592	0.9863397604130716	0.9686858749233342	0.9879478545162357	0.9853149387747442	0.9750790616335061	0.9714319318768693	0.9702968943339291	0.9699651468942215	0.9655659688785969	0.9596504062087117	0.9669986266149502	0.9620704436507154	0.9785565179110396	0.9772278453800289	0.9685690615708656	0.9810995945127952	0.978428294561559	0.9841134507414917	0.9863733768491872	0.9871043758519316	0.9967767073346545	0.9863397604130716	0.9647489903899568	0.9869066181547085	0.9936678634562632	0.9777338627667471	0.976668629556072	0.985140983512588	1.0	0.9753334211866721	0.9836786688457372	0.9926003348294565	0.9953995952253488	0.9791857783210371	0.9867741161520331	0.9846843389653385	0.9657902167830607
0.9790731439433392	0.9780667722116754	0.9788135905524591	0.9838732933764659	0.9609457089552906	0.984645486998065	0.985078717503089	0.9663261369065784	0.9694115633083393	0.9680488162312182	0.9681092777338302	0.9643324905983985	0.9552062733643131	0.9641280810829762	0.9586235050682773	0.9775291137105282	0.9768664596876314	0.9633073081512464	0.977843824676163	0.9889324385836115	0.9817998703332651	0.983120572280449	0.9835367059292625	0.9836492860815139	0.9880596541300856	0.9570573162270686	0.9835742756156804	0.9817204976517745	0.9743023211124932	0.9855063064037782	0.9853288203857329	0.9753334211866721	1.0	0.9804236204275397	0.9854708858377627	0.9843167697456127	0.9743594264715251	0.9823111535870618	0.9827376281337977	0.9629188082255592
0.984732089490016	0.9813997329049065	0.9858963879401532	0.9870144689325928	0.9816321059062866	0.989731175722929	0.9861292693497157	0.9811656027609867	0.9702348434362787	0.9688325354898636	0.9691087415624972	0.9638423359419982	0.9615853457084133	0.9663342145154331	0.9622471076177773	0.9776780256805683	0.981594206511554	0.9784211932303115	0.9836157105926944	0.9792246958273058	0.9846557191327937	0.9879537307891868	0.98938819627736	0.9861020695337077	0.9856085836719277	0.9749427222863226	0.9875656234941417	0.9847125420535	0.9860576385008222	0.9768221126403634	0.985023322000204	0.9836786688457372	0.9804236204275397	1.0	0.9876176362314166	0.9864000368445613	0.9870056455892898	0.9888919538693879	0.9866685927621696	0.9744887898891046
0.9873563303019681	0.9839429426593089	0.9869585964704419	0.9840539367830328	0.9869101811938648	0.9866124254963058	0.9843238517578528	0.9938659830399339	0.9685154387484165	0.966846168540505	0.9662963859728587	0.9620697266118217	0.9661298680598412	0.9675550832938667	0.9659729590692916	0.9810145622371098	0.9846781609860232	0.9842925516655956	0.9836403412314242	0.9836622208670043	0.985862867828495	0.9866852459522722	0.9875588755441715	0.9891234027285338	0.9849529480826333	0.9834759911818857	0.9833956131379892	0.9919772547596715	0.9879270993508086	0.9823746642858902	0.9850497537545531	0.9926003348294565	0.9854708858377627	0.9876176362314166	1.0	0.9921789562853097	0.9876906169016595	0.9861287934524487	0.9862634312558131	0.9822023448898015
0.9857056453800567	0.9827238923602589	0.9852778823024027	0.9854376904143514	0.9834115706571619	0.987728601568537	0.9852434335572074	0.989955665260828	0.9705859033851967	0.9687800268277181	0.9691812831728389	0.9638135205090633	0.9656702043898889	0.9666031174105221	0.966195560074552	0.9788009640476446	0.9835130754994968	0.9814046609141016	0.9831433757045733	0.981380265564985	0.9845212887623129	0.9851946892837881	0.9859422158749398	0.9952125269832833	0.98482678236193	0.9792426739633128	0.9855585201357191	0.9946211761228256	0.9858508881988507	0.9798263243849664	0.9850969831409752	0.9953995952253488	0.9843167697456127	0.9864000368445613	0.9921789562853097	1.0	0.9868961768528925	0.985292105590104	0.9845421271696839	0.9777498875180359
0.9857431347848868	0.9828977471032031	0.9852472972842687	0.9883266495530579	0.9680343176018745	0.9903951441542717	0.9871872879610386	0.9683672340973815	0.9695707954627758	0.9689429360234643	0.9693837153849145	0.9646788713065818	0.9584704076419879	0.9662328491387926	0.9612450806933817	0.9780565340754647	0.9758648395413864	0.9652526742314537	0.9855152163222003	0.9774281286697925	0.9873318833665344	0.9877974790852067	0.9898650128274646	0.9866761404138159	0.9862688764173434	0.9601288223169868	0.9894279201357477	0.984899586750024	0.9794620870305277	0.9752586848418909	0.9859318665530842	0.9791857783210371	0.9743594264715251	0.9870056455892898	0.9876906169016595	0.9868961768528925	1.0	0.9883616271418384	0.9871872879610386	0.9625084930433632
0.9873563303019681	0.9838287761567324	0.9883145133853286	0.9842458308642889	0.9892429416251874	0.9881230406391495	0.98386076286018	0.9880724995636256	0.968619650532664	0.9667489394234414	0.9672773189941124	0.9618923908072278	0.965203881434187	0.966160931086729	0.9654096285070204	0.9788989749037003	0.9816390896560757	0.9855356940371925	0.984824355362496	0.9821016877022708	0.9858122692308975	0.9883663780261936	0.9917255528299902	0.9838365453440437	0.9837880565940915	0.9841171316104801	0.9859475526036121	0.9851377002086426	0.9891690507133257	0.980888618905461	0.9840263235638765	0.9867741161520331	0.9823111535870618	0.9888919538693879	0.9861287934524487	0.985292105590104	0.9883616271418384	1.0	0.9864783406956776	0.9813839338568923
0.9864311374122803	0.9914050427651041	0.9858671978155912	0.9858536175054544	0.9864978805865406	0.9882843317786831	0.9848436891224391	0.985556190950849	0.9704651776574604	0.9687481697787346	0.9686249035330751	0.9640786635535057	0.965337807529366	0.965892675587307	0.9648940594718287	0.9787026578788506	0.9825240647633126	0.9832788162091741	0.9836129287965011	0.981380265564985	0.9844421916467702	0.9865734069807456	0.9866681992399345	0.9840332826962989	0.9845168714895414	0.9811972063712487	0.9862154822248562	0.9838993376758618	0.9868383504412727	0.980888618905461	0.985216787365091	0.9846843389653385	0.9827376281337977	0.9866685927621696	0.9862634312558131	0.9845421271696839	0.9871872879610386	0.9864783406956776	1.0	0.9789770008919604
0.9722090909582477	0.9732893699035149	0.9696974973695506	0.9820808802523503	0.9801555519954996	0.9825240647633126	0.9802026263783942	0.9787736456264012	0.9705757980963939	0.9683026288816284	0.9687946627360532	0.9634275698036788	0.9454029217318802	0.9685495831450454	0.9563560588819707	0.9695785670127277	0.9521207567310933	0.9761378330862365	0.9715992234419398	0.9829613320661771	0.9736591248279605	0.9803312564440098	0.9798136693312506	0.9791549324782594	0.9832757187850671	0.9774762671769377	0.9783464859884493	0.9755960490485851	0.9653177736684899	0.9781640772615006	0.9797701645881608	0.9657902167830607	0.9629188082255592	0.9744887898891046	0.9822023448898015	0.9777498875180359	0.9625084930433632	0.9813839338568923	0.9789770008919604	1.0
