/home/jshaw/scratch/2022_sketched_distance/references/SGB_genome_fastas_part1_redo/1525/CM_cf__CF_TNFC048IS_t3M15__bin.10.fa	/home/jshaw/scratch/2022_sketched_distance/references/SGB_genome_fastas_part1_redo/1525/CM_periimplantitis__SP_123SPT_T016__bin.8.fa	/home/jshaw/scratch/2022_sketched_distance/references/SGB_genome_fastas_part1_redo/1525/CM_periimplantitis__SP_133SPT_T016__bin.2.fa	/home/jshaw/scratch/2022_sketched_distance/references/SGB_genome_fastas_part1_redo/1525/CM_periimplantitis__SP_143SPI_T016__bin.33.fa	/home/jshaw/scratch/2022_sketched_distance/references/SGB_genome_fastas_part1_redo/1525/CM_periimplantitis__SP_162SPI_T016__bin.5.fa	/home/jshaw/scratch/2022_sketched_distance/references/SGB_genome_fastas_part1_redo/1525/CM_periimplantitis__SP_163SPI_T016__bin.16.fa	/home/jshaw/scratch/2022_sketched_distance/references/SGB_genome_fastas_part1_redo/1525/CM_periimplantitis__SP_163SPT_T016__bin.32.fa	/home/jshaw/scratch/2022_sketched_distance/references/SGB_genome_fastas_part1_redo/1525/CM_periimplantitis__SP_201SPI_T016__bin.3.fa	/home/jshaw/scratch/2022_sketched_distance/references/SGB_genome_fastas_part1_redo/1525/CM_periimplantitis__SP_281SPI_T016__bin.25.fa	/home/jshaw/scratch/2022_sketched_distance/references/SGB_genome_fastas_part1_redo/1525/CM_periimplantitis__SP_287SPT_T016__bin.36.fa	/home/jshaw/scratch/2022_sketched_distance/references/SGB_genome_fastas_part1_redo/1525/CM_periimplantitis__SP_387SPT_T016__bin.3.fa	/home/jshaw/scratch/2022_sketched_distance/references/SGB_genome_fastas_part1_redo/1525/CM_periimplantitis__SP_403SPT_T016__bin.4.fa	/home/jshaw/scratch/2022_sketched_distance/references/SGB_genome_fastas_part1_redo/1525/CM_periimplantitis__SP_502SPI_T016__bin.1.fa	/home/jshaw/scratch/2022_sketched_distance/references/SGB_genome_fastas_part1_redo/1525/CM_periimplantitis__SP_503SPT_T016__bin.9.fa	/home/jshaw/scratch/2022_sketched_distance/references/SGB_genome_fastas_part1_redo/1525/GeversD_2014__SKSTL0001__bin.9.fa	/home/jshaw/scratch/2022_sketched_distance/references/SGB_genome_fastas_part1_redo/1525/HMP_2012__SRS011255__bin.46.fa	/home/jshaw/scratch/2022_sketched_distance/references/SGB_genome_fastas_part1_redo/1525/HMP_2012__SRS013170__bin.41.fa	/home/jshaw/scratch/2022_sketched_distance/references/SGB_genome_fastas_part1_redo/1525/HMP_2012__SRS013950__bin.23.fa	/home/jshaw/scratch/2022_sketched_distance/references/SGB_genome_fastas_part1_redo/1525/HMP_2012__SRS014476__bin.16.fa	/home/jshaw/scratch/2022_sketched_distance/references/SGB_genome_fastas_part1_redo/1525/HMP_2012__SRS014691__bin.17.fa	/home/jshaw/scratch/2022_sketched_distance/references/SGB_genome_fastas_part1_redo/1525/HMP_2012__SRS016541__bin.12.fa	/home/jshaw/scratch/2022_sketched_distance/references/SGB_genome_fastas_part1_redo/1525/HMP_2012__SRS016746__bin.2.fa	/home/jshaw/scratch/2022_sketched_distance/references/SGB_genome_fastas_part1_redo/1525/HMP_2012__SRS017227__bin.83.fa	/home/jshaw/scratch/2022_sketched_distance/references/SGB_genome_fastas_part1_redo/1525/HMP_2012__SRS017691__bin.60.fa	/home/jshaw/scratch/2022_sketched_distance/references/SGB_genome_fastas_part1_redo/1525/HMP_2012__SRS019980__bin.24.fa	/home/jshaw/scratch/2022_sketched_distance/references/SGB_genome_fastas_part1_redo/1525/HMP_2012__SRS022536__bin.41.fa	/home/jshaw/scratch/2022_sketched_distance/references/SGB_genome_fastas_part1_redo/1525/HMP_2012__SRS023938__bin.1.fa	/home/jshaw/scratch/2022_sketched_distance/references/SGB_genome_fastas_part1_redo/1525/HMP_2012__SRS023964__bin.23.fa	/home/jshaw/scratch/2022_sketched_distance/references/SGB_genome_fastas_part1_redo/1525/HMP_2012__SRS024649__bin.3.fa	/home/jshaw/scratch/2022_sketched_distance/references/SGB_genome_fastas_part1_redo/1525/HMP_2012__SRS045197__bin.65.fa	/home/jshaw/scratch/2022_sketched_distance/references/SGB_genome_fastas_part1_redo/1525/HMP_2012__SRS047113__bin.78.fa	/home/jshaw/scratch/2022_sketched_distance/references/SGB_genome_fastas_part1_redo/1525/HMP_2012__SRS049318__bin.2.fa	/home/jshaw/scratch/2022_sketched_distance/references/SGB_genome_fastas_part1_redo/1525/VogtmannE_2016__MMRS81194191ST-27-0-0__bin.38.fa	/home/jshaw/scratch/2022_sketched_distance/references/SGB_genome_fastas_part1_redo/1525/ZellerG_2014__CCIS14449628ST-4-0__bin.17.fa
1.0	0.9784763551740742	0.9846442692023959	0.9797379510342266	0.9788742500452264	0.9785863347296065	0.9729652330593376	0.9807692380272495	0.9780825453411965	0.9799370123563491	0.9702540334746588	0.9806431645457676	0.9815396984920951	0.979991075208492	0.9757573504988352	0.9813468531481976	0.981480964231508	0.9805096898938234	0.9718220185444472	0.9788632901658794	0.9746498393438303	0.9847968655783622	0.9800550809936321	0.9782300670544357	0.9796216215285289	0.9778633109165504	0.9782181673260808	0.9813345906140737	0.9884693649343337	0.973400751080379	0.9757384227250206	0.9788503059194665	0.9801869175414534	0.9764010681748088
0.9784763551740742	1.0	0.9690339647643434	0.9779990730851184	0.9790923289898554	0.9786292692764178	0.9722307329691732	0.9782824530679164	0.9759367097785896	0.9793323618380847	0.9695657307773163	0.9785444993548064	0.9782336038302153	0.979317765299108	0.9742865172469157	0.9787695848371938	0.9788201113965572	0.9787449646195971	0.9719088691152471	0.9772444491780523	0.9714965373518865	0.9766248021879566	0.9776780256805683	0.9750009155960552	0.9783782037515946	0.9756853629768418	0.9770194415766231	0.9788614659302749	0.9789417482816807	0.9713881758932912	0.9739001158164977	0.9777035398661929	0.9776716783871108	0.9759511859677337
0.9846442692023959	0.9690339647643434	1.0	0.9691576578004124	0.9683470654025	0.9690149095627892	0.9660261644730407	0.9706081610545434	0.9678911647420523	0.9695986803469036	0.9641591075353915	0.9704290721865779	0.9717656350448692	0.9702341553160494	0.9665094897016329	0.971461908378289	0.9712039933702525	0.970151840376706	0.9641629929833807	0.9684135263104668	0.963708279611896	0.9752982259082443	0.9702533541823519	0.971118684383977	0.9700845527325118	0.9674692647769699	0.9676768469293875	0.971033053254715	0.97766801876538	0.9650704425825078	0.966892495882185	0.9684660498620244	0.969701903170668	0.9693739402686298
0.9797379510342266	0.9779990730851184	0.9691576578004124	1.0	0.9787807883152619	0.9777225872087558	0.9715555067945326	0.9798694501706651	0.9777617736187162	0.9797288960422921	0.9677795990772854	0.9803116872112504	0.9793118790713244	0.978155853965686	0.9757154745126397	0.9802595149011775	0.9814100748955713	0.979331284365427	0.9716697695061941	0.9785528873076967	0.9733524159364647	0.9778766079559746	0.9792127901744293	0.9757865743717034	0.9778404509360031	0.9782538513002235	0.9788862334544907	0.9804719433862423	0.9807911129151232	0.9720757923415196	0.9745655739285797	0.977493621261476	0.9787363522224265	0.974452462357287
0.9788742500452264	0.9790923289898554	0.9683470654025	0.9787807883152619	1.0	0.9900039680875868	0.977104077538073	0.9786570638655383	0.9763696482991804	0.9812365037984677	0.9707481410234982	0.9799396942548978	0.9790895220720142	0.9811414068032109	0.9747873354569793	0.9795908784742532	0.9792855234530612	0.9790836409291749	0.9718813717103955	0.9773878461201473	0.9721952115840412	0.9765279780415218	0.9784257753324067	0.9754310872737827	0.9804069800329762	0.9766312669971704	0.9772772058862167	0.9791504087415147	0.9789411668890374	0.9718717056672305	0.974027583085701	0.9800817951362126	0.9778885363354327	0.9762711412085712
0.9785863347296065	0.9786292692764178	0.9690149095627892	0.9777225872087558	0.9900039680875868	1.0	0.9814157972062132	0.9788815424477997	0.9765755523155062	0.9815300869745217	0.971196143171094	0.9790037779967371	0.978910362159692	0.9810002486591682	0.9747448944009289	0.9792816981183683	0.978724565992383	0.9789247762852467	0.97176664178923	0.9776949710935854	0.9718308183578988	0.9767646947523557	0.978433840901916	0.9744425545870496	0.9805585172473482	0.9768244821127824	0.9771341600414689	0.9787664415800111	0.9794412738971399	0.9719345711135694	0.9740799736349693	0.9800434860673776	0.9779749406214182	0.9772888995717067
0.9729652330593376	0.9722307329691732	0.9660261644730407	0.9715555067945326	0.977104077538073	0.9814157972062132	1.0	0.9721762752323962	0.969120239428935	0.9742686700998963	0.9665939369428216	0.9722190802998402	0.9720505711338043	0.9733933865834755	0.977936709775916	0.9732602307360234	0.9717758626468158	0.9725318523650411	0.973963863882235	0.9793486039601185	0.965304538527522	0.9712218365342467	0.9716335831471883	0.9744249343113337	0.9738287397544461	0.972846012201967	0.9787320662104482	0.9713970999651769	0.973190708794697	0.9685301385117877	0.9690296477906664	0.9714834044838936	0.9716178990642783	0.9731132647150541
0.9807692380272495	0.9782824530679164	0.9706081610545434	0.9798694501706651	0.9786570638655383	0.9788815424477997	0.9721762752323962	1.0	0.9788985770809481	0.980593636341332	0.9689435328323066	0.9808266948772046	0.9809318888443539	0.9798537247597519	0.9772073516849479	0.9897753266698947	0.9811664673898378	0.9810156718814764	0.9737197637850884	0.9796980344203976	0.9838540512925276	0.979321803043874	0.9903523173391336	0.9776849106631099	0.9794136937390503	0.9778885363354327	0.9797945343834619	0.9811043386094067	0.9817609448904275	0.9812708689794172	0.9856535474777649	0.9797016017210102	0.9797103620018863	0.976759166811585
0.9780825453411965	0.9759367097785896	0.9678911647420523	0.9777617736187162	0.9763696482991804	0.9765755523155062	0.969120239428935	0.9788985770809481	1.0	0.9777548922244159	0.965814943402643	0.9784658746689173	0.978984726371312	0.9766469862834577	0.9746798705094543	0.9788160471558748	0.9791846705918742	0.9933826867463829	0.969326114481422	0.9771573198372921	0.9721910047186618	0.9764169895261131	0.9779570056244755	0.974968132007675	0.9767383459603292	0.9753946945642518	0.9774529395929612	0.9781763742546264	0.9791338604892879	0.9701610404638736	0.9732073056183128	0.976223253153998	0.9771109537012571	0.9734622607204716
0.9799370123563491	0.9793323618380847	0.9695986803469036	0.9797288960422921	0.9812365037984677	0.9815300869745217	0.9742686700998963	0.980593636341332	0.9777548922244159	1.0	0.971197527552433	0.9815859704102929	0.9808585683286399	0.9821454518806358	0.9758648395413864	0.9807051704215418	0.9804779054207701	0.980075940106075	0.9726708777828516	0.9791746505650847	0.973262810441708	0.9774565462763313	0.9799104509329687	0.9771854126510207	0.9813458101523154	0.9775578198372179	0.9788482032926706	0.980219072769764	0.9803702500098453	0.9723188317503461	0.9754564721032688	0.9849784770246954	0.9803201167956783	0.9770864325978792
0.9702540334746588	0.9695657307773163	0.9641591075353915	0.9677795990772854	0.9707481410234982	0.971196143171094	0.9665939369428216	0.9689435328323066	0.965814943402643	0.971197527552433	1.0	0.9708218210937272	0.9701997291164782	0.9703181976764689	0.9655055476859267	0.9699940203361527	0.9697045757396585	0.9687909332318325	0.9640211573472143	0.9673288266536664	0.9613939315046035	0.9697108633194284	0.9684733938860678	0.9675197912441205	0.9721525480448464	0.9681542743240124	0.9667028348136363	0.9696324764906308	0.969945028608314	0.9660050350707006	0.9661526436940518	0.969969948747119	0.9689797673848869	0.9696829005789565
0.9806431645457676	0.9785444993548064	0.9704290721865779	0.9803116872112504	0.9799396942548978	0.9790037779967371	0.9722190802998402	0.9808266948772046	0.9784658746689173	0.9815859704102929	0.9708218210937272	1.0	0.9809587851407953	0.980739955489743	0.9755777771217116	0.9814614006146475	0.9812142704647655	0.9806998989623126	0.9721017291849344	0.97827926694121	0.9740971860065317	0.9778824799480068	0.9801436804665983	0.9768082787188906	0.979928039433877	0.9777451470164059	0.9790197019418698	0.9804068567154324	0.9808810011475734	0.9732082055448003	0.9756355117205674	0.9797292184975588	0.9796729535065241	0.9766822026008822
0.9815396984920951	0.9782336038302153	0.9717656350448692	0.9793118790713244	0.9790895220720142	0.978910362159692	0.9720505711338043	0.9809318888443539	0.978984726371312	0.9808585683286399	0.9701997291164782	0.9809587851407953	1.0	0.9806139179737431	0.9757671374046952	0.9816770408161778	0.9806466338960383	0.9805122018580332	0.972698677938988	0.9780321501242243	0.9739911386380021	0.979520943958282	0.9807076479550227	0.9771349448427977	0.978949392623526	0.9773559313387263	0.9783704373375066	0.9800346263812474	0.9822103253218176	0.972773605085765	0.9759683866897781	0.9789110334371534	0.9904718218546796	0.9761932077580433
0.979991075208492	0.979317765299108	0.9702341553160494	0.978155853965686	0.9811414068032109	0.9810002486591682	0.9733933865834755	0.9798537247597519	0.9766469862834577	0.9821454518806358	0.9703181976764689	0.980739955489743	0.9806139179737431	1.0	0.9747216386997097	0.9801154106661145	0.9798376785929807	0.9793073532285232	0.9719924630443979	0.9777839768587097	0.9729381564337318	0.9775109686902513	0.9793214814294054	0.97612288362649	0.9814227516009801	0.9766719802828541	0.9779352358920107	0.9792834047751788	0.980357957020516	0.9722427603356336	0.9748273852529535	0.9807123100685751	0.9792110753176883	0.9770641811373499
0.9757573504988352	0.9742865172469157	0.9665094897016329	0.9757154745126397	0.9747873354569793	0.9747448944009289	0.977936709775916	0.9772073516849479	0.9746798705094543	0.9758648395413864	0.9655055476859267	0.9755777771217116	0.9757671374046952	0.9747216386997097	1.0	0.9773668361967033	0.9767143821286257	0.976809812429954	0.9821982591208894	0.9897981019071007	0.969664103767069	0.9748132316330242	0.9754821354632005	0.9753596172799128	0.9748022629255109	0.9760243479735811	0.9899068867504444	0.9761103635814009	0.976934654114929	0.9697575375056325	0.9718832293740536	0.9738610321172158	0.9753507854663178	0.973023586735818
0.9813468531481976	0.9787695848371938	0.971461908378289	0.9802595149011775	0.9795908784742532	0.9792816981183683	0.9732602307360234	0.9897753266698947	0.9788160471558748	0.9807051704215418	0.9699940203361527	0.9814614006146475	0.9816770408161778	0.9801154106661145	0.9773668361967033	1.0	0.9816398923733074	0.9813238374527289	0.9737962305788264	0.9805934172210945	0.9858399034568863	0.980232568476403	0.9921912557024686	0.9784875171619021	0.9799837713469499	0.9778759210231184	0.9804924098128057	0.9810053934458003	0.9828143734683651	0.9837418196763157	0.9878460226392097	0.9798017647099955	0.9806467865129641	0.976300174394427
0.981480964231508	0.9788201113965572	0.9712039933702525	0.9814100748955713	0.9792855234530612	0.978724565992383	0.9717758626468158	0.9811664673898378	0.9791846705918742	0.9804779054207701	0.9697045757396585	0.9812142704647655	0.9806466338960383	0.9798376785929807	0.9767143821286257	0.9816398923733074	1.0	0.9812489357625139	0.9725084437686281	0.9790871309749748	0.9736883725880271	0.9804761457135417	0.9804780102954619	0.9790959532804298	0.9791081173231845	0.9783000299136317	0.9792128703819102	0.9961917743693627	0.9837298531570989	0.9725375172818994	0.9761193197949908	0.9789301939641161	0.9793148617590363	0.9755086643777614
0.9805096898938234	0.9787449646195971	0.970151840376706	0.979331284365427	0.9790836409291749	0.9789247762852467	0.9725318523650411	0.9810156718814764	0.9933826867463829	0.980075940106075	0.9687909332318325	0.9806998989623126	0.9805122018580332	0.9793073532285232	0.976809812429954	0.9813238374527289	0.9812489357625139	1.0	0.972336961593792	0.9796186548850985	0.9737934532439005	0.978898813565478	0.9797768712242597	0.9780955414246716	0.9793135994898738	0.9780176883562473	0.9790993085831665	0.9803214134903963	0.981444191314717	0.9731963953742061	0.9755746508376673	0.978500827185125	0.9792922554947996	0.9761371671673722
0.9718220185444472	0.9719088691152471	0.9641629929833807	0.9716697695061941	0.9718813717103955	0.97176664178923	0.973963863882235	0.9737197637850884	0.969326114481422	0.9726708777828516	0.9640211573472143	0.9721017291849344	0.972698677938988	0.9719924630443979	0.9821982591208894	0.9737962305788264	0.9725084437686281	0.972336961593792	1.0	0.9840407233519068	0.9653930358374716	0.9725841050518725	0.9720803795682887	0.9705827230852894	0.9716698644098302	0.9720880323973855	0.9823792966559104	0.9719221248588609	0.9739379958037484	0.9679562719975773	0.9701339184595352	0.9710932087140202	0.971462502696623	0.9703593181594695
0.9788632901658794	0.9772444491780523	0.9684135263104668	0.9785528873076967	0.9773878461201473	0.9776949710935854	0.9793486039601185	0.9796980344203976	0.9771573198372921	0.9791746505650847	0.9673288266536664	0.97827926694121	0.9780321501242243	0.9777839768587097	0.9897981019071007	0.9805934172210945	0.9790871309749748	0.9796186548850985	0.9840407233519068	1.0	0.9731792100076267	0.9780577259449569	0.978606301174217	0.9759938467770682	0.9781721705444103	0.9783057632129546	0.9910214835656059	0.9788973419297277	0.9803375219625832	0.9734454833393663	0.9752135449453515	0.9775036213178077	0.9779238944879678	0.974925725376525
0.9746498393438303	0.9714965373518865	0.963708279611896	0.9733524159364647	0.9721952115840412	0.9718308183578988	0.965304538527522	0.9838540512925276	0.9721910047186618	0.973262810441708	0.9613939315046035	0.9740971860065317	0.9739911386380021	0.9729381564337318	0.969664103767069	0.9858399034568863	0.9736883725880271	0.9737934532439005	0.9653930358374716	0.9731792100076267	1.0	0.9727535416685293	0.9868557006104421	0.9714343348945991	0.9724441810100664	0.9710358273986704	0.9731397170293525	0.973432906032904	0.9748866136893717	0.9787909520228515	0.981820666936572	0.9726022063706469	0.9733098441345551	0.9690754496194591
0.9847968655783622	0.9766248021879566	0.9752982259082443	0.9778766079559746	0.9765279780415218	0.9767646947523557	0.9712218365342467	0.979321803043874	0.9764169895261131	0.9774565462763313	0.9697108633194284	0.9778824799480068	0.979520943958282	0.9775109686902513	0.9748132316330242	0.980232568476403	0.9804761457135417	0.978898813565478	0.9725841050518725	0.9780577259449569	0.9727535416685293	1.0	0.9783328122859263	0.9768593558481513	0.9764861868429283	0.9765635005949651	0.9777449436348234	0.980343760368297	0.9869572777688812	0.972028530941403	0.974807003528965	0.9767788479914855	0.9779640678433794	0.9748163937360703
0.9800550809936321	0.9776780256805683	0.9702533541823519	0.9792127901744293	0.9784257753324067	0.978433840901916	0.9716335831471883	0.9903523173391336	0.9779570056244755	0.9799104509329687	0.9684733938860678	0.9801436804665983	0.9807076479550227	0.9793214814294054	0.9754821354632005	0.9921912557024686	0.9804780102954619	0.9797768712242597	0.9720803795682887	0.978606301174217	0.9868557006104421	0.9783328122859263	1.0	0.9769913675823584	0.9787715712671615	0.9766719201215417	0.9790034645981361	0.9802651577328687	0.980818015432076	0.9832206527727517	0.9906882768701757	0.9791168858613432	0.979605627535709	0.9753008068884693
0.9782300670544357	0.9750009155960552	0.971118684383977	0.9757865743717034	0.9754310872737827	0.9744425545870496	0.9744249343113337	0.9776849106631099	0.974968132007675	0.9771854126510207	0.9675197912441205	0.9768082787188906	0.9771349448427977	0.97612288362649	0.9753596172799128	0.9784875171619021	0.9790959532804298	0.9780955414246716	0.9705827230852894	0.9759938467770682	0.9714343348945991	0.9768593558481513	0.9769913675823584	1.0	0.9748391420093333	0.9760030024039461	0.9759680410608286	0.9787842184717389	0.9783791745303038	0.9714504440628797	0.9732985386348015	0.974065394855393	0.975506400412516	0.9741996572979539
0.9796216215285289	0.9783782037515946	0.9700845527325118	0.9778404509360031	0.9804069800329762	0.9805585172473482	0.9738287397544461	0.9794136937390503	0.9767383459603292	0.9813458101523154	0.9721525480448464	0.979928039433877	0.978949392623526	0.9814227516009801	0.9748022629255109	0.9799837713469499	0.9791081173231845	0.9793135994898738	0.9716698644098302	0.9781721705444103	0.9724441810100664	0.9764861868429283	0.9787715712671615	0.9748391420093333	1.0	0.9770175019272088	0.9777559786665642	0.9788035410103201	0.97992197956881	0.9732068994274946	0.9753010916250717	0.9804958791158244	0.9776946501109938	0.9769070383829658
0.9778633109165504	0.9756853629768418	0.9674692647769699	0.9782538513002235	0.9766312669971704	0.9768244821127824	0.972846012201967	0.9778885363354327	0.9753946945642518	0.9775578198372179	0.9681542743240124	0.9777451470164059	0.9773559313387263	0.9766719802828541	0.9760243479735811	0.9778759210231184	0.9783000299136317	0.9780176883562473	0.9720880323973855	0.9783057632129546	0.9710358273986704	0.9765635005949651	0.9766719201215417	0.9760030024039461	0.9770175019272088	1.0	0.9784838052648553	0.9776619511342388	0.9779131138106955	0.9709546904801977	0.9734716657000709	0.9760519404768846	0.9766413775188961	0.9740985562379842
0.9782181673260808	0.9770194415766231	0.9676768469293875	0.9788862334544907	0.9772772058862167	0.9771341600414689	0.9787320662104482	0.9797945343834619	0.9774529395929612	0.9788482032926706	0.9667028348136363	0.9790197019418698	0.9783704373375066	0.9779352358920107	0.9899068867504444	0.9804924098128057	0.9792128703819102	0.9790993085831665	0.9823792966559104	0.9910214835656059	0.9731397170293525	0.9777449436348234	0.9790034645981361	0.9759680410608286	0.9777559786665642	0.9784838052648553	1.0	0.9789443650360456	0.9797741828392617	0.9714382151685179	0.9743157325982374	0.9769467668863914	0.9783959822394657	0.9747556194792023
0.9813345906140737	0.9788614659302749	0.971033053254715	0.9804719433862423	0.9791504087415147	0.9787664415800111	0.9713970999651769	0.9811043386094067	0.9781763742546264	0.980219072769764	0.9696324764906308	0.9804068567154324	0.9800346263812474	0.9792834047751788	0.9761103635814009	0.9810053934458003	0.9961917743693627	0.9803214134903963	0.9719221248588609	0.9788973419297277	0.973432906032904	0.980343760368297	0.9802651577328687	0.9787842184717389	0.9788035410103201	0.9776619511342388	0.9789443650360456	1.0	0.9826996349806568	0.9725835083113902	0.975861679851872	0.9782382854562325	0.979075620835022	0.975382198575508
0.9884693649343337	0.9789417482816807	0.97766801876538	0.9807911129151232	0.9789411668890374	0.9794412738971399	0.973190708794697	0.9817609448904275	0.9791338604892879	0.9803702500098453	0.969945028608314	0.9808810011475734	0.9822103253218176	0.980357957020516	0.976934654114929	0.9828143734683651	0.9837298531570989	0.981444191314717	0.9739379958037484	0.9803375219625832	0.9748866136893717	0.9869572777688812	0.980818015432076	0.9783791745303038	0.97992197956881	0.9779131138106955	0.9797741828392617	0.9826996349806568	1.0	0.9740199863050002	0.9772638056877011	0.9793128873770344	0.980429327609791	0.9764698282085778
0.973400751080379	0.9713881758932912	0.9650704425825078	0.9720757923415196	0.9718717056672305	0.9719345711135694	0.9685301385117877	0.9812708689794172	0.9701610404638736	0.9723188317503461	0.9660050350707006	0.9732082055448003	0.972773605085765	0.9722427603356336	0.9697575375056325	0.9837418196763157	0.9725375172818994	0.9731963953742061	0.9679562719975773	0.9734454833393663	0.9787909520228515	0.972028530941403	0.9832206527727517	0.9714504440628797	0.9732068994274946	0.9709546904801977	0.9714382151685179	0.9725835083113902	0.9740199863050002	1.0	0.9814300689266382	0.9722761847458056	0.9718463649980176	0.9700485603164946
0.9757384227250206	0.9739001158164977	0.966892495882185	0.9745655739285797	0.974027583085701	0.9740799736349693	0.9690296477906664	0.9856535474777649	0.9732073056183128	0.9754564721032688	0.9661526436940518	0.9756355117205674	0.9759683866897781	0.9748273852529535	0.9718832293740536	0.9878460226392097	0.9761193197949908	0.9755746508376673	0.9701339184595352	0.9752135449453515	0.981820666936572	0.974807003528965	0.9906882768701757	0.9732985386348015	0.9753010916250717	0.9734716657000709	0.9743157325982374	0.975861679851872	0.9772638056877011	0.9814300689266382	1.0	0.9746712221261459	0.9748185605103933	0.9721268790136226
0.9788503059194665	0.9777035398661929	0.9684660498620244	0.977493621261476	0.9800817951362126	0.9800434860673776	0.9714834044838936	0.9797016017210102	0.976223253153998	0.9849784770246954	0.969969948747119	0.9797292184975588	0.9789110334371534	0.9807123100685751	0.9738610321172158	0.9798017647099955	0.9789301939641161	0.978500827185125	0.9710932087140202	0.9775036213178077	0.9726022063706469	0.9767788479914855	0.9791168858613432	0.974065394855393	0.9804958791158244	0.9760519404768846	0.9769467668863914	0.9782382854562325	0.9793128873770344	0.9722761847458056	0.9746712221261459	1.0	0.9780989691056484	0.9759502881676362
0.9801869175414534	0.9776716783871108	0.969701903170668	0.9787363522224265	0.9778885363354327	0.9779749406214182	0.9716178990642783	0.9797103620018863	0.9771109537012571	0.9803201167956783	0.9689797673848869	0.9796729535065241	0.9904718218546796	0.9792110753176883	0.9753507854663178	0.9806467865129641	0.9793148617590363	0.9792922554947996	0.971462502696623	0.9779238944879678	0.9733098441345551	0.9779640678433794	0.979605627535709	0.975506400412516	0.9776946501109938	0.9766413775188961	0.9783959822394657	0.979075620835022	0.980429327609791	0.9718463649980176	0.9748185605103933	0.9780989691056484	1.0	0.9751651253385194
0.9764010681748088	0.9759511859677337	0.9693739402686298	0.974452462357287	0.9762711412085712	0.9772888995717067	0.9731132647150541	0.976759166811585	0.9734622607204716	0.9770864325978792	0.9696829005789565	0.9766822026008822	0.9761932077580433	0.9770641811373499	0.973023586735818	0.976300174394427	0.9755086643777614	0.9761371671673722	0.9703593181594695	0.974925725376525	0.9690754496194591	0.9748163937360703	0.9753008068884693	0.9741996572979539	0.9769070383829658	0.9740985562379842	0.9747556194792023	0.975382198575508	0.9764698282085778	0.9700485603164946	0.9721268790136226	0.9759502881676362	0.9751651253385194	1.0
