/home/jshaw/scratch/2022_sketched_distance/references/SGB_genome_fastas_part5/14370/BackhedF_2015__SID377_M__bin.20.fa	/home/jshaw/scratch/2022_sketched_distance/references/SGB_genome_fastas_part5/14370/BackhedF_2015__SID503_M__bin.48.fa	/home/jshaw/scratch/2022_sketched_distance/references/SGB_genome_fastas_part5/14370/BritoIL_2016__M1.15.ST__bin.56.fa	/home/jshaw/scratch/2022_sketched_distance/references/SGB_genome_fastas_part5/14370/BritoIL_2016__M2.11.ST__bin.54.fa	/home/jshaw/scratch/2022_sketched_distance/references/SGB_genome_fastas_part5/14370/BritoIL_2016__W3.23.ST__bin.37.fa	/home/jshaw/scratch/2022_sketched_distance/references/SGB_genome_fastas_part5/14370/BritoIL_2016__WL.33.ST__bin.20.fa	/home/jshaw/scratch/2022_sketched_distance/references/SGB_genome_fastas_part5/14370/CM_madagascar__A09_02_1FE__bin.52.fa	/home/jshaw/scratch/2022_sketched_distance/references/SGB_genome_fastas_part5/14370/CM_madagascar__A13_01_1FE__bin.33.fa	/home/jshaw/scratch/2022_sketched_distance/references/SGB_genome_fastas_part5/14370/CM_madagascar__A28_02_1FE__bin.38.fa	/home/jshaw/scratch/2022_sketched_distance/references/SGB_genome_fastas_part5/14370/CM_madagascar__A36_01_1FE__bin.6.fa	/home/jshaw/scratch/2022_sketched_distance/references/SGB_genome_fastas_part5/14370/CM_madagascar__A39_04_1FE__bin.29.fa	/home/jshaw/scratch/2022_sketched_distance/references/SGB_genome_fastas_part5/14370/CM_madagascar__A83_02_1FE__bin.23.fa	/home/jshaw/scratch/2022_sketched_distance/references/SGB_genome_fastas_part5/14370/CM_madagascar__A90_03_1FE__bin.26.fa	/home/jshaw/scratch/2022_sketched_distance/references/SGB_genome_fastas_part5/14370/CM_madagascar__A92_01_1FE__bin.11.fa	/home/jshaw/scratch/2022_sketched_distance/references/SGB_genome_fastas_part5/14370/CM_madagascar__A93_01_1FE__bin.13.fa	/home/jshaw/scratch/2022_sketched_distance/references/SGB_genome_fastas_part5/14370/CM_madagascar__A95_01_1FE__bin.37.fa	/home/jshaw/scratch/2022_sketched_distance/references/SGB_genome_fastas_part5/14370/CM_madagascar__V18_02_1FE__bin.4.fa	/home/jshaw/scratch/2022_sketched_distance/references/SGB_genome_fastas_part5/14370/CM_madagascar__V30_01_1FE__bin.15.fa	/home/jshaw/scratch/2022_sketched_distance/references/SGB_genome_fastas_part5/14370/CM_madagascar__V31_01_2FE__bin.4.fa	/home/jshaw/scratch/2022_sketched_distance/references/SGB_genome_fastas_part5/14370/CM_madagascar__V40_01_1FE__bin.60.fa	/home/jshaw/scratch/2022_sketched_distance/references/SGB_genome_fastas_part5/14370/CosteaPI_2017__SID713A078-11-0-0__bin.40.fa	/home/jshaw/scratch/2022_sketched_distance/references/SGB_genome_fastas_part5/14370/CosteaPI_2017__SID713B033-11-90-0__bin.37.fa	/home/jshaw/scratch/2022_sketched_distance/references/SGB_genome_fastas_part5/14370/CosteaPI_2017__SID713B058-11-90-0__bin.16.fa	/home/jshaw/scratch/2022_sketched_distance/references/SGB_genome_fastas_part5/14370/CosteaPI_2017__SID713B074-11-0-0__bin.52.fa	/home/jshaw/scratch/2022_sketched_distance/references/SGB_genome_fastas_part5/14370/FengQ_2015__SID31449__bin.44.fa	/home/jshaw/scratch/2022_sketched_distance/references/SGB_genome_fastas_part5/14370/FengQ_2015__SID31477__bin.4.fa	/home/jshaw/scratch/2022_sketched_distance/references/SGB_genome_fastas_part5/14370/FengQ_2015__SID530026__bin.77.fa	/home/jshaw/scratch/2022_sketched_distance/references/SGB_genome_fastas_part5/14370/FengQ_2015__SID530450__bin.62.fa	/home/jshaw/scratch/2022_sketched_distance/references/SGB_genome_fastas_part5/14370/LiSS_2016__FAT_006-22-0-0__bin.79.fa	/home/jshaw/scratch/2022_sketched_distance/references/SGB_genome_fastas_part5/14370/LiSS_2016__FAT_012-22-84-0__bin.14.fa	/home/jshaw/scratch/2022_sketched_distance/references/SGB_genome_fastas_part5/14370/LiSS_2016__FAT_023-22-42-0__bin.7.fa	/home/jshaw/scratch/2022_sketched_distance/references/SGB_genome_fastas_part5/14370/LiuW_2016__SRR3992977__bin.5.fa	/home/jshaw/scratch/2022_sketched_distance/references/SGB_genome_fastas_part5/14370/LiuW_2016__SRR3993002__bin.18.fa	/home/jshaw/scratch/2022_sketched_distance/references/SGB_genome_fastas_part5/14370/LiuW_2016__SRR3993011__bin.58.fa	/home/jshaw/scratch/2022_sketched_distance/references/SGB_genome_fastas_part5/14370/LiuW_2016__SRR3993015__bin.93.fa	/home/jshaw/scratch/2022_sketched_distance/references/SGB_genome_fastas_part5/14370/LiuW_2016__SRR3993030__bin.34.fa	/home/jshaw/scratch/2022_sketched_distance/references/SGB_genome_fastas_part5/14370/SchirmerM_2016__G89002__bin.6.fa	/home/jshaw/scratch/2022_sketched_distance/references/SGB_genome_fastas_part5/14370/XieH_2016__YSZC12003_35515__bin.28.fa	/home/jshaw/scratch/2022_sketched_distance/references/SGB_genome_fastas_part5/14370/XieH_2016__YSZC12003_37210__bin.7.fa	/home/jshaw/scratch/2022_sketched_distance/references/SGB_genome_fastas_part5/14370/YuJ_2015__SZAXPI003411-6__bin.52.fa	/home/jshaw/scratch/2022_sketched_distance/references/SGB_genome_fastas_part5/14370/ZeeviD_2015__PNP_DietIntervention_28__bin.20.fa	/home/jshaw/scratch/2022_sketched_distance/references/SGB_genome_fastas_part5/14370/ZeeviD_2015__PNP_DietIntervention_8__bin.59.fa	/home/jshaw/scratch/2022_sketched_distance/references/SGB_genome_fastas_part5/14370/ZeeviD_2015__PNP_Main_740__bin.7.fa	/home/jshaw/scratch/2022_sketched_distance/references/SGB_genome_fastas_part5/14370/ZellerG_2014__CCIS11362406ST-4-0__bin.21.fa
1.0	0.9739820764137201	0.9695012094750773	0.9692381579884753	0.9690547086492861	0.9709028942985558	0.9716891291629698	0.9675496981482375	0.9696135228482199	0.9737685111321558	0.9677013836651088	0.973596641399439	0.9742365140817306	0.9726790779942085	0.9726347302424302	0.9732936615248837	0.970767359498466	0.9674716102100752	0.9727429254964387	0.9691008001311777	0.9608175621224918	0.9629839782137876	0.9635770031443743	0.9617951359609067	0.9632385007297143	0.9606705130883866	0.9618605818301319	0.9690385700939385	0.9731629418580342	0.9615143409267681	0.9647311890649839	0.9643551036064771	0.9585611834481262	0.9583057741501995	0.9611603957517976	0.9625015418341591	0.9574438890941291	0.9626833064610537	0.9597917563433562	0.9719181595471954	0.9608326336995637	0.9599082468490898	0.9636357077434516	0.9716891291629698
0.9739820764137201	1.0	0.9691424853150219	0.970400049531326	0.9697586784117816	0.9713562564256624	0.9715809003692757	0.9665823128812709	0.9683896951238353	0.9716703234303682	0.9663760020094881	0.9727245808550709	0.9735776760126122	0.9693090992778952	0.9709935522602049	0.972810907194592	0.9693934377446374	0.9670226597318	0.9697567988487266	0.9680247429377186	0.9595035099102944	0.9638249167254679	0.9625470707496755	0.9628935589048884	0.9642502316297878	0.9597682701707242	0.9627703152575472	0.971120574276706	0.9723769584049702	0.9605501336174077	0.9639386022632623	0.9619154285041245	0.956844428991957	0.9557468830053969	0.9599322814390671	0.9609363704489853	0.9579343010420273	0.9612779200431412	0.9594227999717769	0.9698357939265483	0.9603322636358833	0.9589116117223391	0.9621895527246259	0.9713562564256624
0.9695012094750773	0.9691424853150219	1.0	0.9768149583397264	0.9773794975723534	0.982980122018484	0.9808703798060072	0.9713499557257672	0.9779344207530646	0.9816979910437196	0.9744534467894087	0.980744411697178	0.9814107028737729	0.9793696412934287	0.9798919836520233	0.9807023142358628	0.9730455692166532	0.9732050503672457	0.9711483575648923	0.9730070465426875	0.9649769166389145	0.9689616184062968	0.9687797329695511	0.963291569082931	0.9611983912414509	0.961206546038587	0.9610428245347636	0.9707584820406694	0.9830193909641342	0.9665783369075243	0.969619904672426	0.9629475293233886	0.9575422485923087	0.9574152593708287	0.9609993430448907	0.9655868232197379	0.9620419000110331	0.9667730290266011	0.9616648901662723	0.9746061747599891	0.9637923255599989	0.9644248953665676	0.9684128593834297	0.9816979910437196
0.9692381579884753	0.970400049531326	0.9768149583397264	1.0	0.97848714810544	0.9823957118954452	0.9808563881749125	0.971365445405817	0.9772787253893667	0.9808957673508661	0.9741425069987426	0.9806587776556405	0.9806983954355336	0.9794884551982286	0.9781035900650739	0.9795295170156557	0.9732522344565332	0.9739482509328827	0.9714870941564533	0.9727898566039868	0.9677981558603221	0.9700723194044529	0.9699623337675977	0.9662908589153324	0.9661829192745104	0.9637096845327647	0.9647275907838038	0.973480966139931	0.9819414696028048	0.9682078736833982	0.971469111236758	0.9649172377699083	0.9594674942973288	0.959764914232002	0.9626513401666962	0.9674427793863968	0.9648389512258431	0.9688413885100625	0.9635208483680414	0.9734079738489444	0.9652878107705078	0.9668416406571836	0.9694067215542181	0.9812480620549782
0.9690547086492861	0.9697586784117816	0.9773794975723534	0.97848714810544	1.0	0.9827423376645529	0.9793362149922683	0.972252977782046	0.976022201931098	0.9805499156980925	0.9727252664369	0.9788135044358767	0.9811213916594075	0.978650971219268	0.978650971219268	0.9798899286480776	0.9737958263165288	0.972282373098416	0.9721541203973738	0.9731510359990052	0.965345712358061	0.9692185298355837	0.9680539356711669	0.96466289162718	0.9630004277666261	0.9624021604549061	0.9624321813952079	0.974012246121106	0.982271719002046	0.9664920463393154	0.9696513685049071	0.9650760591556222	0.9592228557238887	0.9578636212950463	0.9630324420699562	0.9652842331818033	0.9623210032309409	0.967541666112756	0.9623974029414115	0.9733065350629769	0.9641322509283669	0.9655294482754101	0.9685025578406834	0.9813847006847902
0.9709028942985558	0.9713562564256624	0.982980122018484	0.9823957118954452	0.9827423376645529	1.0	0.9784651753694324	0.9768100072638387	0.9788636692175909	0.9780435601943805	0.9776027580413513	0.977006505030034	0.9778885363354327	0.9766539949614657	0.9798643314204482	0.9789989369296636	0.9795317092767449	0.9772147525595081	0.9785459641558963	0.978625301473776	0.9670418844489829	0.9680458428366375	0.969401721866238	0.9696313827217001	0.9690129789591472	0.9685814641384523	0.9691558724075645	0.9792904907954043	0.9798485598128417	0.9691147364747829	0.9680084659255989	0.9725388549729582	0.9676033646763075	0.965510537645671	0.9684579920979124	0.9697207911471829	0.9653298674736235	0.967823210458011	0.968758652149007	0.9772335563518214	0.9688279978376154	0.9676291803199253	0.9679924356153686	0.9808280090439443
0.9716891291629698	0.9715809003692757	0.9808703798060072	0.9808563881749125	0.9793362149922683	0.9784651753694324	1.0	0.9833943919306439	0.9841107655605321	0.9845599574610205	0.9829885559404699	0.9838135395148386	0.9854440772823808	0.9823241856361484	0.9861545094532999	0.9832647367943196	0.9845147948155549	0.9810266060955959	0.9854618070539372	0.9839366603555171	0.9673882851584822	0.9672807883947376	0.9687637256019039	0.9696313827217001	0.9704351063551854	0.9686971917888804	0.9691558724075645	0.9790092291048417	0.9800759625698535	0.9684191471339146	0.9675930905014362	0.9713217478294682	0.967350146837472	0.9659286948663683	0.9694663647595828	0.9691911395411045	0.9648263812699958	0.96754532475354	0.9688694751961175	0.9763659011998714	0.9693220280537622	0.9663936163584609	0.9673123522422531	0.9792347230298054
0.9675496981482375	0.9665823128812709	0.9713499557257672	0.971365445405817	0.972252977782046	0.9768100072638387	0.9833943919306439	1.0	0.9798015224998256	0.9844031972888228	0.9801669877836398	0.9832477094318728	0.9846153920485338	0.9837220473473923	0.9812394832063205	0.9810827979392646	0.9771218192836041	0.9751574410806911	0.9773866154708235	0.9781975473784853	0.9630845077204049	0.9661497753497253	0.9652668694747595	0.9614707031214169	0.9616169286304692	0.960965697530866	0.9611609324351763	0.9725297640334342	0.9804484388528727	0.9632210769286996	0.9667659230445472	0.9616521289069515	0.9582251376603009	0.9567767773915345	0.9593426246412746	0.9636273336902852	0.9588474919053196	0.9651387393585836	0.9605212807734749	0.9728651508051573	0.9613986612260941	0.961614302915125	0.965899977678516	0.9781687848802063
0.9696135228482199	0.9683896951238353	0.9779344207530646	0.9772787253893667	0.976022201931098	0.9788636692175909	0.9841107655605321	0.9798015224998256	1.0	0.9853233197199578	0.9797860245017135	0.9846315842192108	0.98502435419482	0.9872310803553056	0.9833295122648193	0.9835501460972852	0.9820989898640048	0.9797920774870403	0.9831895626631127	0.9811928337177557	0.9662689611603397	0.9687382373678307	0.9680879197359984	0.9669463022673852	0.9681422309063709	0.9661752061629134	0.9660705673981488	0.9779761241867417	0.9808332141383076	0.9659135419970436	0.9694242360123295	0.9696472340776036	0.965519623888026	0.9633340990785939	0.9655806088369373	0.9665881630748321	0.9619991776958331	0.9679359671652965	0.9660383025029067	0.9738315388830352	0.966948975880792	0.9650151715958426	0.9688371337023737	0.9798632851376292
0.9737685111321558	0.9716703234303682	0.9816979910437196	0.9808957673508661	0.9805499156980925	0.9780435601943805	0.9845599574610205	0.9844031972888228	0.9853233197199578	1.0	0.9847574898778823	0.9820294700175088	0.9903905752366001	0.9835511017994455	0.9862643997462609	0.9844645814754611	0.9859306033299464	0.983123962201027	0.986413847877479	0.9861323734094436	0.9688321180447352	0.9698737471614446	0.9705976754217488	0.9706458894471864	0.9714314663435705	0.9710900653297488	0.968971446397991	0.9813524284264593	0.9783420962262024	0.9700831538551026	0.9690287209062927	0.9724128701085647	0.9678546100078256	0.9670179429593123	0.9691546166131222	0.9706156891425922	0.9653298674736235	0.9688221279530763	0.9690899869434314	0.9778503703587134	0.9706036728739587	0.9688191541020432	0.9693541030680425	0.9787602940146463
0.9677013836651088	0.9663760020094881	0.9744534467894087	0.9741425069987426	0.9727252664369	0.9776027580413513	0.9829885559404699	0.9801669877836398	0.9797860245017135	0.9847574898778823	1.0	0.9838849479598091	0.9847574898778823	0.9835357113178295	0.9825309944023537	0.9817987977231734	0.9802228648366577	0.9769662436651467	0.9830953151280806	0.980050725656286	0.9646529681765462	0.9659949127081274	0.9651627785494883	0.9636468862584852	0.9642502316297878	0.9638442716688714	0.9631049235581736	0.9730767190370377	0.9779832416571624	0.9631928745100621	0.9665917599588679	0.9657812105893909	0.9616648901662723	0.960429194313372	0.9633340990785939	0.9639603978429728	0.9589848122178747	0.965050183609051	0.9629339818413826	0.9716419661856218	0.962491185150375	0.9619750285741444	0.9658301979485877	0.975792905789743
0.973596641399439	0.9727245808550709	0.980744411697178	0.9806587776556405	0.9788135044358767	0.977006505030034	0.9838135395148386	0.9832477094318728	0.9846315842192108	0.9820294700175088	0.9838849479598091	1.0	0.9825948058595134	0.9825298124928247	0.9854592430073803	0.9833479538761776	0.9851784975283722	0.9827778005466189	0.9861569232719598	0.9838850101257394	0.9678767763792114	0.967649800777074	0.9691753097883243	0.9701426143030858	0.9710614164119117	0.9690419069315748	0.9692476920729656	0.9801745840593834	0.9778124360233603	0.9692128946366183	0.9680516266452295	0.9713217478294682	0.9679795026975764	0.9659978627210828	0.968585774040228	0.9692396500438215	0.96566120056573	0.9681444138602566	0.9692543884732802	0.9773112997130878	0.9689935155357674	0.9674265135325119	0.968349368861228	0.9787602940146463
0.9742365140817306	0.9735776760126122	0.9814107028737729	0.9806983954355336	0.9811213916594075	0.9778885363354327	0.9854440772823808	0.9846153920485338	0.98502435419482	0.9903905752366001	0.9847574898778823	0.9825948058595134	1.0	0.9838671132235205	0.9858504029762666	0.9847843366496046	0.9860655192863207	0.9830204971585782	0.9865415612049944	0.9858414625760838	0.9695305218940139	0.9699974978007275	0.9708575424206233	0.9718227465077076	0.9722190238899346	0.9711971670183183	0.9700625362951709	0.9812998005155772	0.9783537628998642	0.970790895049142	0.9697323849638037	0.9726016642715551	0.9682896358036094	0.967350918344511	0.9700809821849966	0.9711226935385233	0.9669006343774433	0.9690892803094825	0.9708019254802341	0.978455728459238	0.9719371208447322	0.9694458680639334	0.9698661649091379	0.9787602940146463
0.9726790779942085	0.9693090992778952	0.9793696412934287	0.9794884551982286	0.978650971219268	0.9766539949614657	0.9823241856361484	0.9837220473473923	0.9872310803553056	0.9835511017994455	0.9835357113178295	0.9825298124928247	0.9838671132235205	1.0	0.9842861485417339	0.9815836464185245	0.9846556412256663	0.9817168065379682	0.985724201851748	0.9835733886390707	0.9667921563619373	0.9663395317277611	0.9668193130807854	0.9682630408786699	0.9694722972653819	0.9670379726254899	0.9668700075876271	0.9795137681695246	0.9783726490605182	0.9677595402649056	0.9662328839482264	0.9713869591150045	0.9665783369075243	0.9645131714062287	0.9668837837706237	0.9686526595227445	0.9625485919007377	0.9665534199882632	0.9670489534367627	0.9761251984348942	0.9679306136181558	0.9653264992847271	0.9660508343548732	0.9774603391575855
0.9726347302424302	0.9709935522602049	0.9798919836520233	0.9781035900650739	0.978650971219268	0.9798643314204482	0.9861545094532999	0.9812394832063205	0.9833295122648193	0.9862643997462609	0.9825309944023537	0.9854592430073803	0.9858504029762666	0.9842861485417339	1.0	0.9843443558997416	0.9841243207195152	0.9817886193631592	0.9838418152382405	0.9825665760724949	0.9664392535488944	0.9685795437605377	0.9678637075168187	0.9685307255409367	0.969537384385008	0.968290316950017	0.967456836532936	0.9790092291048417	0.9815220275955372	0.9678107607453298	0.9701006660125889	0.970595616868263	0.9655868232197379	0.9646575598643847	0.9676804904007572	0.9684546007588348	0.9642575490460107	0.9680081506715167	0.9675138056028926	0.9756792310583767	0.9681573095278964	0.966235785935684	0.9686267064292563	0.9795628633394516
0.9732936615248837	0.972810907194592	0.9807023142358628	0.9795295170156557	0.9798899286480776	0.9789989369296636	0.9832647367943196	0.9810827979392646	0.9835501460972852	0.9844645814754611	0.9817987977231734	0.9833479538761776	0.9847843366496046	0.9815836464185245	0.9843443558997416	1.0	0.9836567776983505	0.9808425273307104	0.9842087875484253	0.9830473452643738	0.9691132940083672	0.9692158444412872	0.9701598705154368	0.9711905978292741	0.9711233858907103	0.969664486820073	0.9685057204735762	0.9797355290443776	0.9806644961069613	0.9694083207978603	0.9697671277801118	0.9724759237460424	0.9681039138256307	0.9657202952348174	0.9695283550838909	0.9704293363439532	0.9663676001167534	0.9690892803094825	0.9687030976756144	0.977543422833129	0.9698086181634908	0.9684765869492976	0.9690516096839982	0.979438971814248
0.970767359498466	0.9693934377446374	0.9730455692166532	0.9732522344565332	0.9737958263165288	0.9795317092767449	0.9845147948155549	0.9771218192836041	0.9820989898640048	0.9859306033299464	0.9802228648366577	0.9851784975283722	0.9860655192863207	0.9846556412256663	0.9841243207195152	0.9836567776983505	1.0	0.9770126282936309	0.9798223633301459	0.9795824654420769	0.9663335301897709	0.9692245730730785	0.9677228641790746	0.9653304377504751	0.9637872348207616	0.9614034359057703	0.9623186735225325	0.9742746608584285	0.9804233938956889	0.9661478153174213	0.9700602091881166	0.9656258400600515	0.9590587172737084	0.9605112682969119	0.9624976230722486	0.9664567478865556	0.9625380187972127	0.9677819329181705	0.96211851448316	0.97295184567485	0.9631571675126096	0.9647521481177364	0.9691115042876872	0.9790348741402305
0.9674716102100752	0.9670226597318	0.9732050503672457	0.9739482509328827	0.972282373098416	0.9772147525595081	0.9810266060955959	0.9751574410806911	0.9797920774870403	0.983123962201027	0.9769662436651467	0.9827778005466189	0.9830204971585782	0.9817168065379682	0.9817886193631592	0.9808425273307104	0.9770126282936309	1.0	0.9783282909630995	0.980050725656286	0.9647396853263227	0.9662216266767832	0.9659890532971422	0.961953034622671	0.9639423095159825	0.9620490333807306	0.9629937745737759	0.9736812166050729	0.9789814581684267	0.9638165984752856	0.9666817953421384	0.9642739903379572	0.9604277588353275	0.9583934749295722	0.9614004669845506	0.9638165984752856	0.9608080432941287	0.9656370127290561	0.9614362331505424	0.9707541896941718	0.9629592016623854	0.9634398086454251	0.965518805094043	0.9769662436651467
0.9727429254964387	0.9697567988487266	0.9711483575648923	0.9714870941564533	0.9721541203973738	0.9785459641558963	0.9854618070539372	0.9773866154708235	0.9831895626631127	0.986413847877479	0.9830953151280806	0.9861569232719598	0.9865415612049944	0.985724201851748	0.9838418152382405	0.9842087875484253	0.9798223633301459	0.9783282909630995	1.0	0.9706117110218476	0.9672442734495253	0.9696856240071287	0.9686723554644857	0.9650994676956408	0.9593582820100965	0.9619066865998681	0.9559206138929424	0.9658949223896605	0.9810507500223113	0.966070389888166	0.9697567988487266	0.9573303865082907	0.9583604230853405	0.9574348986588616	0.9596516659423731	0.9667798390138717	0.9618158291923692	0.9675502206309577	0.9628013789628826	0.9743862336216468	0.9620876326889183	0.9645192640143408	0.9688190686993212	0.9791904026842101
0.9691008001311777	0.9680247429377186	0.9730070465426875	0.9727898566039868	0.9731510359990052	0.978625301473776	0.9839366603555171	0.9781975473784853	0.9811928337177557	0.9861323734094436	0.980050725656286	0.9838850101257394	0.9858414625760838	0.9835733886390707	0.9825665760724949	0.9830473452643738	0.9795824654420769	0.980050725656286	0.9706117110218476	1.0	0.9658487217495976	0.9681926428722358	0.9682762664013995	0.9630270721170121	0.9598248123404931	0.960787924800601	0.9527079635787443	0.9652121361091355	0.9794643437002469	0.9657585481528014	0.9684428662911782	0.9583803696465043	0.956265989496255	0.9569864636790124	0.959055153756733	0.9659386434879333	0.9635148883641446	0.9663845237986852	0.9618251413947426	0.9717566076444275	0.9611026303918124	0.9642803047178807	0.9671718798588531	0.9785036574077491
0.9608175621224918	0.9595035099102944	0.9649769166389145	0.9677981558603221	0.965345712358061	0.9670418844489829	0.9673882851584822	0.9630845077204049	0.9662689611603397	0.9688321180447352	0.9646529681765462	0.9678767763792114	0.9695305218940139	0.9667921563619373	0.9664392535488944	0.9691132940083672	0.9663335301897709	0.9647396853263227	0.9672442734495253	0.9658487217495976	1.0	0.9811390770223104	0.9803892596469116	0.9815686817980799	0.9827596886148251	0.980238397909524	0.9819772752421327	0.9675452816447384	0.9687850164694888	0.9804485340599738	0.9814916970553222	0.9827134918998731	0.9799782342101583	0.9773576921015865	0.9798845127243281	0.9810870962711886	0.9779073636085427	0.9814916970553222	0.9802710188059987	0.9640707517776482	0.9792808323552243	0.9777039728212944	0.9806520208497251	0.9693457520928448
0.9629839782137876	0.9638249167254679	0.9689616184062968	0.9700723194044529	0.9692185298355837	0.9680458428366375	0.9672807883947376	0.9661497753497253	0.9687382373678307	0.9698737471614446	0.9659949127081274	0.967649800777074	0.9699974978007275	0.9663395317277611	0.9685795437605377	0.9692158444412872	0.9692245730730785	0.9662216266767832	0.9696856240071287	0.9681926428722358	0.9811390770223104	1.0	0.9843026981416283	0.9837771298208223	0.9843241689480243	0.9840555382208905	0.9834322218739978	0.9714073597617139	0.9694996271695926	0.9833662313401735	0.9823481195996204	0.9837103786035275	0.9818203465747913	0.9798394543402529	0.9819773693081606	0.9837686438590506	0.9811988639109586	0.9821607357492892	0.9830686062124027	0.9670819864649272	0.9820467547709064	0.9803343022026928	0.9830469005756509	0.9691139716256923
0.9635770031443743	0.9625470707496755	0.9687797329695511	0.9699623337675977	0.9680539356711669	0.969401721866238	0.9687637256019039	0.9652668694747595	0.9680879197359984	0.9705976754217488	0.9651627785494883	0.9691753097883243	0.9708575424206233	0.9668193130807854	0.9678637075168187	0.9701598705154368	0.9677228641790746	0.9659890532971422	0.9686723554644857	0.9682762664013995	0.9803892596469116	0.9843026981416283	1.0	0.9843395675525747	0.9828029686536278	0.9834372105780402	0.9837273717261235	0.9691152831287634	0.971200817325837	0.9828869210595348	0.9851204812184369	0.9854063840646679	0.9823453314128178	0.9815094486964894	0.982271691336774	0.9845048239725868	0.9812668610863483	0.9834053707304033	0.9830686062124027	0.9665992671812251	0.9818249894502737	0.9798179811135503	0.9835225440630494	0.9700715938536405
0.9617951359609067	0.9628935589048884	0.963291569082931	0.9662908589153324	0.96466289162718	0.9696313827217001	0.9696313827217001	0.9614707031214169	0.9669463022673852	0.9706458894471864	0.9636468862584852	0.9701426143030858	0.9718227465077076	0.9682630408786699	0.9685307255409367	0.9711905978292741	0.9653304377504751	0.961953034622671	0.9650994676956408	0.9630270721170121	0.9815686817980799	0.9837771298208223	0.9843395675525747	1.0	0.9812530563657819	0.9800353315846079	0.9812248149244925	0.967140546921725	0.9715325181423158	0.9818176136190067	0.985720615475998	0.9820629423995996	0.978434932733457	0.977600057448917	0.9800641272686181	0.9825185900139625	0.981137484885309	0.9843723537383294	0.9797212175189448	0.9655734711296898	0.9792005568114243	0.9798839423923209	0.9843723537383294	0.9716779574027652
0.9632385007297143	0.9642502316297878	0.9611983912414509	0.9661829192745104	0.9630004277666261	0.9690129789591472	0.9704351063551854	0.9616169286304692	0.9681422309063709	0.9714314663435705	0.9642502316297878	0.9710614164119117	0.9722190238899346	0.9694722972653819	0.969537384385008	0.9711233858907103	0.9637872348207616	0.9639423095159825	0.9593582820100965	0.9598248123404931	0.9827596886148251	0.9843241689480243	0.9828029686536278	0.9812530563657819	1.0	0.9788055261953332	0.9830144958462436	0.9692681648470771	0.9726943294919628	0.9818373393982678	0.9855002692626115	0.9728516917280038	0.9743051035614358	0.9686808490964101	0.97362453791721	0.9830614550622582	0.9822358175940932	0.985856864579171	0.9785109397326297	0.9647820979809307	0.9779638551287893	0.9804728970868395	0.9847752499230651	0.972812074979153
0.9606705130883866	0.9597682701707242	0.961206546038587	0.9637096845327647	0.9624021604549061	0.9685814641384523	0.9686971917888804	0.960965697530866	0.9661752061629134	0.9710900653297488	0.9638442716688714	0.9690419069315748	0.9711971670183183	0.9670379726254899	0.968290316950017	0.969664486820073	0.9614034359057703	0.9620490333807306	0.9619066865998681	0.960787924800601	0.980238397909524	0.9840555382208905	0.9834372105780402	0.9800353315846079	0.9788055261953332	1.0	0.9784457919424713	0.9625049766541548	0.9704945855287757	0.9808401338357357	0.9841993484169981	0.9781805405327084	0.9772860845730377	0.9749342994064664	0.9767189707297891	0.9825061759336849	0.9791265285331322	0.983983396000199	0.9775385838211922	0.9647056117630857	0.9770957905824911	0.979953750308083	0.9835837519217043	0.9703302616527889
0.9618605818301319	0.9627703152575472	0.9610428245347636	0.9647275907838038	0.9624321813952079	0.9691558724075645	0.9691558724075645	0.9611609324351763	0.9660705673981488	0.968971446397991	0.9631049235581736	0.9692476920729656	0.9700625362951709	0.9668700075876271	0.967456836532936	0.9685057204735762	0.9623186735225325	0.9629937745737759	0.9559206138929424	0.9527079635787443	0.9819772752421327	0.9834322218739978	0.9837273717261235	0.9812248149244925	0.9830144958462436	0.9784457919424713	1.0	0.9636549692734765	0.9705945760797899	0.9820392062201663	0.9842520382604903	0.9725567029504123	0.9734547097538938	0.968971446397991	0.9728861349525953	0.9846543891338573	0.9814145585914958	0.9848253265963178	0.9776770849455214	0.9654576883441609	0.9759341604855022	0.9792642213298163	0.9829543836472631	0.9709444696143978
0.9690385700939385	0.971120574276706	0.9707584820406694	0.973480966139931	0.974012246121106	0.9792904907954043	0.9790092291048417	0.9725297640334342	0.9779761241867417	0.9813524284264593	0.9730767190370377	0.9801745840593834	0.9812998005155772	0.9795137681695246	0.9790092291048417	0.9797355290443776	0.9742746608584285	0.9736812166050729	0.9658949223896605	0.9652121361091355	0.9675452816447384	0.9714073597617139	0.9691152831287634	0.967140546921725	0.9692681648470771	0.9625049766541548	0.9636549692734765	1.0	0.9810353832108814	0.9688073317106294	0.971903202930446	0.9575272119134625	0.9568607711302101	0.952795852483074	0.9574171005720462	0.9684964153706127	0.9654687731057544	0.9686522477794783	0.9644223796636657	0.9730088520334306	0.9660638150780214	0.9663989662021205	0.9713359011932051	0.9806615697297069
0.9731629418580342	0.9723769584049702	0.9830193909641342	0.9819414696028048	0.982271719002046	0.9798485598128417	0.9800759625698535	0.9804484388528727	0.9808332141383076	0.9783420962262024	0.9779832416571624	0.9778124360233603	0.9783537628998642	0.9783726490605182	0.9815220275955372	0.9806644961069613	0.9804233938956889	0.9789814581684267	0.9810507500223113	0.9794643437002469	0.9687850164694888	0.9694996271695926	0.971200817325837	0.9715325181423158	0.9726943294919628	0.9704945855287757	0.9705945760797899	0.9810353832108814	1.0	0.971162120994081	0.9699364625387029	0.973223155277602	0.9675402463661918	0.9666814920131775	0.970504367080006	0.9718462629405471	0.9687996182745819	0.96935424136895	0.9703823624378152	0.9789763536635376	0.9714817307802885	0.9697783612009013	0.970411896358741	0.9821180562934932
0.9615143409267681	0.9605501336174077	0.9665783369075243	0.9682078736833982	0.9664920463393154	0.9691147364747829	0.9684191471339146	0.9632210769286996	0.9659135419970436	0.9700831538551026	0.9631928745100621	0.9692128946366183	0.970790895049142	0.9677595402649056	0.9678107607453298	0.9694083207978603	0.9661478153174213	0.9638165984752856	0.966070389888166	0.9657585481528014	0.9804485340599738	0.9833662313401735	0.9828869210595348	0.9818176136190067	0.9818373393982678	0.9808401338357357	0.9820392062201663	0.9688073317106294	0.971162120994081	1.0	0.9852163462365456	0.983033984490544	0.9798055047362839	0.978031823951315	0.9809040673754684	0.9820391326500125	0.9783930949568541	0.9835875331085656	0.980309938532144	0.9646500683216132	0.9824130575247901	0.9802048739735986	0.9855741767721811	0.9708841014829109
0.9647311890649839	0.9639386022632623	0.969619904672426	0.971469111236758	0.9696513685049071	0.9680084659255989	0.9675930905014362	0.9667659230445472	0.9694242360123295	0.9690287209062927	0.9665917599588679	0.9680516266452295	0.9697323849638037	0.9662328839482264	0.9701006660125889	0.9697671277801118	0.9700602091881166	0.9666817953421384	0.9697567988487266	0.9684428662911782	0.9814916970553222	0.9823481195996204	0.9851204812184369	0.985720615475998	0.9855002692626115	0.9841993484169981	0.9842520382604903	0.971903202930446	0.9699364625387029	0.9852163462365456	1.0	0.9848507298057114	0.9821846924474321	0.9803317109884211	0.9834636096856445	0.9850761420182113	0.9827930257641176	0.9826612027109048	0.9832824182962195	0.9684882449975712	0.9831692111472684	0.981836065889434	0.984020621235939	0.9705400644343932
0.9643551036064771	0.9619154285041245	0.9629475293233886	0.9649172377699083	0.9650760591556222	0.9725388549729582	0.9713217478294682	0.9616521289069515	0.9696472340776036	0.9724128701085647	0.9657812105893909	0.9713217478294682	0.9726016642715551	0.9713869591150045	0.970595616868263	0.9724759237460424	0.9656258400600515	0.9642739903379572	0.9573303865082907	0.9583803696465043	0.9827134918998731	0.9837103786035275	0.9854063840646679	0.9820629423995996	0.9728516917280038	0.9781805405327084	0.9725567029504123	0.9575272119134625	0.973223155277602	0.983033984490544	0.9848507298057114	1.0	0.9784437485312195	0.976443719179502	0.9803281816124424	0.9979764670656912	0.9796278828712484	0.9847211553700849	0.9803281816124424	0.9675160975040996	0.979323096103237	0.9804270100794635	0.9848938078776449	0.973223155277602
0.9585611834481262	0.956844428991957	0.9575422485923087	0.9594674942973288	0.9592228557238887	0.9676033646763075	0.967350146837472	0.9582251376603009	0.965519623888026	0.9678546100078256	0.9616648901662723	0.9679795026975764	0.9682896358036094	0.9665783369075243	0.9655868232197379	0.9681039138256307	0.9590587172737084	0.9604277588353275	0.9583604230853405	0.956265989496255	0.9799782342101583	0.9818203465747913	0.9823453314128178	0.978434932733457	0.9743051035614358	0.9772860845730377	0.9734547097538938	0.9568607711302101	0.9675402463661918	0.9798055047362839	0.9821846924474321	0.9784437485312195	1.0	0.9770644533582226	0.9765697771258158	0.9828620320068281	0.9781628790743092	0.982385368316223	0.9774261038226687	0.9625623769369239	0.9753592287717584	0.9776581403125671	0.9819016635273624	0.968718876129372
0.9583057741501995	0.9557468830053969	0.9574152593708287	0.959764914232002	0.9578636212950463	0.965510537645671	0.9659286948663683	0.9567767773915345	0.9633340990785939	0.9670179429593123	0.960429194313372	0.9659978627210828	0.967350918344511	0.9645131714062287	0.9646575598643847	0.9657202952348174	0.9605112682969119	0.9583934749295722	0.9574348986588616	0.9569864636790124	0.9773576921015865	0.9798394543402529	0.9815094486964894	0.977600057448917	0.9686808490964101	0.9749342994064664	0.968971446397991	0.952795852483074	0.9666814920131775	0.978031823951315	0.9803317109884211	0.976443719179502	0.9770644533582226	1.0	0.9734873157205168	0.9811648897857976	0.9751432893063585	0.9809912395316205	0.9754026511892324	0.9625745736730817	0.9749866730043435	0.9765697771258158	0.9804646855989718	0.967350918344511
0.9611603957517976	0.9599322814390671	0.9609993430448907	0.9626513401666962	0.9630324420699562	0.9684579920979124	0.9694663647595828	0.9593426246412746	0.9655806088369373	0.9691546166131222	0.9633340990785939	0.968585774040228	0.9700809821849966	0.9668837837706237	0.9676804904007572	0.9695283550838909	0.9624976230722486	0.9614004669845506	0.9596516659423731	0.959055153756733	0.9798845127243281	0.9819773693081606	0.982271691336774	0.9800641272686181	0.97362453791721	0.9767189707297891	0.9728861349525953	0.9574171005720462	0.970504367080006	0.9809040673754684	0.9834636096856445	0.9803281816124424	0.9765697771258158	0.9734873157205168	1.0	0.9858001262644654	0.9780794468762534	0.9832611752565296	0.9785049519165355	0.9645854466857088	0.9767189707297891	0.9783637328975565	0.9834232226895305	0.970444221773531
0.9625015418341591	0.9609363704489853	0.9655868232197379	0.9674427793863968	0.9652842331818033	0.9697207911471829	0.9691911395411045	0.9636273336902852	0.9665881630748321	0.9706156891425922	0.9639603978429728	0.9692396500438215	0.9711226935385233	0.9686526595227445	0.9684546007588348	0.9704293363439532	0.9664567478865556	0.9638165984752856	0.9667798390138717	0.9659386434879333	0.9810870962711886	0.9837686438590506	0.9845048239725868	0.9825185900139625	0.9830614550622582	0.9825061759336849	0.9846543891338573	0.9684964153706127	0.9718462629405471	0.9820391326500125	0.9850761420182113	0.9979764670656912	0.9828620320068281	0.9811648897857976	0.9858001262644654	1.0	0.9793793848108048	0.9842000874228588	0.9820887980493875	0.9659992829938627	0.9810367564016174	0.9786047133130525	0.9843528094735	0.9707547527009701
0.9574438890941291	0.9579343010420273	0.9620419000110331	0.9648389512258431	0.9623210032309409	0.9653298674736235	0.9648263812699958	0.9588474919053196	0.9619991776958331	0.9653298674736235	0.9589848122178747	0.96566120056573	0.9669006343774433	0.9625485919007377	0.9642575490460107	0.9663676001167534	0.9625380187972127	0.9608080432941287	0.9618158291923692	0.9635148883641446	0.9779073636085427	0.9811988639109586	0.9812668610863483	0.981137484885309	0.9822358175940932	0.9791265285331322	0.9814145585914958	0.9654687731057544	0.9687996182745819	0.9783930949568541	0.9827930257641176	0.9796278828712484	0.9781628790743092	0.9751432893063585	0.9780794468762534	0.9793793848108048	1.0	0.9824672495554714	0.9782634021788729	0.9618941774095381	0.978055454627739	0.9778319891805792	0.981705430653639	0.9682973004130501
0.9626833064610537	0.9612779200431412	0.9667730290266011	0.9688413885100625	0.967541666112756	0.967823210458011	0.96754532475354	0.9651387393585836	0.9679359671652965	0.9688221279530763	0.965050183609051	0.9681444138602566	0.9690892803094825	0.9665534199882632	0.9680081506715167	0.9690892803094825	0.9677819329181705	0.9656370127290561	0.9675502206309577	0.9663845237986852	0.9814916970553222	0.9821607357492892	0.9834053707304033	0.9843723537383294	0.985856864579171	0.983983396000199	0.9848253265963178	0.9686522477794783	0.96935424136895	0.9835875331085656	0.9826612027109048	0.9847211553700849	0.982385368316223	0.9809912395316205	0.9832611752565296	0.9842000874228588	0.9824672495554714	1.0	0.9837059033507536	0.9664367403142399	0.9822304184145259	0.9807078189681647	0.9831541379912573	0.9691335916694457
0.9597917563433562	0.9594227999717769	0.9616648901662723	0.9635208483680414	0.9623974029414115	0.968758652149007	0.9688694751961175	0.9605212807734749	0.9660383025029067	0.9690899869434314	0.9629339818413826	0.9692543884732802	0.9708019254802341	0.9670489534367627	0.9675138056028926	0.9687030976756144	0.96211851448316	0.9614362331505424	0.9628013789628826	0.9618251413947426	0.9802710188059987	0.9830686062124027	0.9830686062124027	0.9797212175189448	0.9785109397326297	0.9775385838211922	0.9776770849455214	0.9644223796636657	0.9703823624378152	0.980309938532144	0.9832824182962195	0.9803281816124424	0.9774261038226687	0.9754026511892324	0.9785049519165355	0.9820887980493875	0.9782634021788729	0.9837059033507536	1.0	0.962532391217944	0.976168216498969	0.9790409126799874	0.9823821799189646	0.9701173449172072
0.9719181595471954	0.9698357939265483	0.9746061747599891	0.9734079738489444	0.9733065350629769	0.9772335563518214	0.9763659011998714	0.9728651508051573	0.9738315388830352	0.9778503703587134	0.9716419661856218	0.9773112997130878	0.978455728459238	0.9761251984348942	0.9756792310583767	0.977543422833129	0.97295184567485	0.9707541896941718	0.9743862336216468	0.9717566076444275	0.9640707517776482	0.9670819864649272	0.9665992671812251	0.9655734711296898	0.9647820979809307	0.9647056117630857	0.9654576883441609	0.9730088520334306	0.9789763536635376	0.9646500683216132	0.9684882449975712	0.9675160975040996	0.9625623769369239	0.9625745736730817	0.9645854466857088	0.9659992829938627	0.9618941774095381	0.9664367403142399	0.962532391217944	1.0	0.9636161774071881	0.9625137356290593	0.9670819864649272	0.9762457723703148
0.9608326336995637	0.9603322636358833	0.9637923255599989	0.9652878107705078	0.9641322509283669	0.9688279978376154	0.9693220280537622	0.9613986612260941	0.966948975880792	0.9706036728739587	0.962491185150375	0.9689935155357674	0.9719371208447322	0.9679306136181558	0.9681573095278964	0.9698086181634908	0.9631571675126096	0.9629592016623854	0.9620876326889183	0.9611026303918124	0.9792808323552243	0.9820467547709064	0.9818249894502737	0.9792005568114243	0.9779638551287893	0.9770957905824911	0.9759341604855022	0.9660638150780214	0.9714817307802885	0.9824130575247901	0.9831692111472684	0.979323096103237	0.9753592287717584	0.9749866730043435	0.9767189707297891	0.9810367564016174	0.978055454627739	0.9822304184145259	0.976168216498969	0.9636161774071881	1.0	0.9905075513344428	0.9840818583498038	0.9709681154168175
0.9599082468490898	0.9589116117223391	0.9644248953665676	0.9668416406571836	0.9655294482754101	0.9676291803199253	0.9663936163584609	0.961614302915125	0.9650151715958426	0.9688191541020432	0.9619750285741444	0.9674265135325119	0.9694458680639334	0.9653264992847271	0.966235785935684	0.9684765869492976	0.9647521481177364	0.9634398086454251	0.9645192640143408	0.9642803047178807	0.9777039728212944	0.9803343022026928	0.9798179811135503	0.9798839423923209	0.9804728970868395	0.979953750308083	0.9792642213298163	0.9663989662021205	0.9697783612009013	0.9802048739735986	0.981836065889434	0.9804270100794635	0.9776581403125671	0.9765697771258158	0.9783637328975565	0.9786047133130525	0.9778319891805792	0.9807078189681647	0.9790409126799874	0.9625137356290593	0.9905075513344428	1.0	0.9828319247435511	0.9700137796920801
