/home/jshaw/scratch/2022_sketched_distance/references/SGB_genome_fastas_part4/9344/BackhedF_2015__SID150_M__bin.37.fa	/home/jshaw/scratch/2022_sketched_distance/references/SGB_genome_fastas_part4/9344/BackhedF_2015__SID179_M__bin.15.fa	/home/jshaw/scratch/2022_sketched_distance/references/SGB_genome_fastas_part4/9344/Bengtsson-PalmeJ_2015__TRAVELRES14__bin.32.fa	/home/jshaw/scratch/2022_sketched_distance/references/SGB_genome_fastas_part4/9344/Bengtsson-PalmeJ_2015__TRAVELRES24__bin.72.fa	/home/jshaw/scratch/2022_sketched_distance/references/SGB_genome_fastas_part4/9344/Bengtsson-PalmeJ_2015__TRAVELRES28__bin.35.fa	/home/jshaw/scratch/2022_sketched_distance/references/SGB_genome_fastas_part4/9344/HMP_2012__SRS022609__bin.76.fa	/home/jshaw/scratch/2022_sketched_distance/references/SGB_genome_fastas_part4/9344/HMP_2012__SRS024435__bin.63.fa	/home/jshaw/scratch/2022_sketched_distance/references/SGB_genome_fastas_part4/9344/LeChatelierE_2013__MH0095__bin.8.fa	/home/jshaw/scratch/2022_sketched_distance/references/SGB_genome_fastas_part4/9344/LeChatelierE_2013__MH0136__bin.28.fa	/home/jshaw/scratch/2022_sketched_distance/references/SGB_genome_fastas_part4/9344/LeChatelierE_2013__MH0422__bin.61.fa	/home/jshaw/scratch/2022_sketched_distance/references/SGB_genome_fastas_part4/9344/LiJ_2014__O2.UC48-1__bin.17.fa	/home/jshaw/scratch/2022_sketched_distance/references/SGB_genome_fastas_part4/9344/LiJ_2014__V1.CD6-0-PT__bin.34.fa	/home/jshaw/scratch/2022_sketched_distance/references/SGB_genome_fastas_part4/9344/NielsenHB_2014__MH0095__bin.20.fa	/home/jshaw/scratch/2022_sketched_distance/references/SGB_genome_fastas_part4/9344/NielsenHB_2014__MH0136__bin.17.fa	/home/jshaw/scratch/2022_sketched_distance/references/SGB_genome_fastas_part4/9344/VogtmannE_2016__MMRS11932626ST-27-0-0__bin.3.fa	/home/jshaw/scratch/2022_sketched_distance/references/SGB_genome_fastas_part4/9344/ZeeviD_2015__PNP_Main_158__bin.67.fa	/home/jshaw/scratch/2022_sketched_distance/references/SGB_genome_fastas_part4/9344/ZeeviD_2015__PNP_Main_553__bin.40.fa	/home/jshaw/scratch/2022_sketched_distance/references/SGB_genome_fastas_part4/9344/ZeeviD_2015__PNP_Main_560__bin.26.fa	/home/jshaw/scratch/2022_sketched_distance/references/SGB_genome_fastas_part4/9344/ZeeviD_2015__PNP_Main_595__bin.26.fa	/home/jshaw/scratch/2022_sketched_distance/references/SGB_genome_fastas_part4/9344/ZeeviD_2015__PNP_Main_640__bin.22.fa	/home/jshaw/scratch/2022_sketched_distance/references/SGB_genome_fastas_part4/9344/ZeeviD_2015__PNP_Main_701__bin.29.fa	/home/jshaw/scratch/2022_sketched_distance/references/SGB_genome_fastas_part4/9344/ZeeviD_2015__PNP_Main_706__bin.63.fa	/home/jshaw/scratch/2022_sketched_distance/references/SGB_genome_fastas_part4/9344/ZeeviD_2015__PNP_Main_765__bin.14.fa	/home/jshaw/scratch/2022_sketched_distance/references/SGB_genome_fastas_part4/9344/ZeeviD_2015__PNP_Validation_74__bin.3.fa	/home/jshaw/scratch/2022_sketched_distance/references/SGB_genome_fastas_part4/9344/ZellerG_2014__CCIS55230578ST-4-0__bin.61.fa	/home/jshaw/scratch/2022_sketched_distance/references/SGB_genome_fastas_part4/9344/ZellerG_2014__CCMD25963797ST-21-0__bin.57.fa
1.0	0.9917956718947646	0.9920153632855369	0.9927465706698765	0.9885765014700518	0.9930033265774755	0.973225624016483	0.9920854364954959	0.9923784377055728	0.9935725062415136	0.9925023778283287	0.9926435801460778	0.9919799807368014	0.992122889362556	0.9856819476256824	0.9891309504686884	0.9937717644237165	0.9924250141289229	0.9942202052543289	0.9860084755673608	0.9913804941520166	0.9914325890649331	0.9919182487129754	0.9935421193702031	0.9966245913461522	0.992464725981241
0.9917956718947646	1.0	0.9915667543387575	0.992979484121403	0.9874755971234908	0.9924815367677681	0.972582388772008	0.9926552808334324	0.9920330958702874	0.9924193516115297	0.993019394748101	0.9920984461546182	0.9932089056303642	0.9916660458457779	0.9837539674568608	0.9875398743726868	0.9918698248203686	0.9922690559271616	0.9925249955685567	0.9855256106270434	0.9905411732031107	0.9916026011085264	0.990412678560925	0.9924805755920789	0.9917450454711623	0.9927128654197983
0.9920153632855369	0.9915667543387575	1.0	0.996399066294717	0.9878605728872214	0.9964784110918341	0.9726278959867066	0.9917411150513208	0.9912058619571402	0.993249746568103	0.9913338410641462	0.9954556397638162	0.991278648748096	0.9909219880954275	0.9838331745328847	0.987757757508878	0.9917887633447617	0.9921713387934638	0.9923769564507793	0.985096240261672	0.9906406624897366	0.9920782648601258	0.9898785846775338	0.992629565898196	0.9924202091260114	0.9917336464808698
0.9927465706698765	0.992979484121403	0.996399066294717	1.0	0.988094400298149	0.9973514710268729	0.9733723788416676	0.9924984438737376	0.9918997245701549	0.9931098812540191	0.9923942992014989	0.9966141923168895	0.9921733263344391	0.9914905073781136	0.9848027530328575	0.9881815802094019	0.992718809726297	0.9925561876422636	0.993184280262392	0.9858531616545466	0.9911363504543286	0.9922078883525883	0.9911093361078201	0.9932124500298829	0.9929849876280923	0.9927042915486379
0.9885765014700518	0.9874755971234908	0.9878605728872214	0.988094400298149	1.0	0.9879020695172727	0.9657388822824083	0.9881120501638229	0.9879001106165564	0.9891755119141526	0.9879340177144194	0.9873603740589649	0.9882292199898286	0.9877989608429185	0.9805677829873272	0.9891115853196389	0.988065401745332	0.9877852658130427	0.9883132930466832	0.9817425903657385	0.9873754532806142	0.9869350518726263	0.985706773912807	0.9887693276267987	0.9884951494088206	0.987655329221245
0.9930033265774755	0.9924815367677681	0.9964784110918341	0.9973514710268729	0.9879020695172727	1.0	0.9730109549489623	0.9926636127046174	0.9921175917371966	0.9934077737276207	0.9923430867021542	0.9963200410482475	0.9922172574763427	0.9916636131154031	0.9850640300775139	0.9885525842831223	0.9926904752041121	0.9929081322167547	0.993294247900659	0.9862826362520537	0.9913161077609746	0.9921784483095185	0.9912198723323853	0.9933503671383959	0.9927655402446237	0.9929050444871245
0.973225624016483	0.972582388772008	0.9726278959867066	0.9733723788416676	0.9657388822824083	0.9730109549489623	1.0	0.9718950280237818	0.9722903027779962	0.9726563670748594	0.9719865072193553	0.9725868944629752	0.9716359027931504	0.9718329798953129	0.9651815061201194	0.9675364324517941	0.9717869940926125	0.9727850790130629	0.9728109568985205	0.9666573473433364	0.9696916805174712	0.9722264816622573	0.9708663976801803	0.9719808975776734	0.972623742143881	0.9723360465509103
0.9920854364954959	0.9926552808334324	0.9917411150513208	0.9924984438737376	0.9881120501638229	0.9926636127046174	0.9718950280237818	1.0	0.9923935279689347	0.9927981621050536	0.9923476996702271	0.9922031656553935	0.9977867881078458	0.9923161780788678	0.9839440421328034	0.9892002218593167	0.9919861493963193	0.9931567562086367	0.9927112470223466	0.9860068458483465	0.990696925795062	0.9924880513703103	0.990393652188624	0.9929232650173905	0.9923365244880595	0.9919488448733474
0.9923784377055728	0.9920330958702874	0.9912058619571402	0.9918997245701549	0.9879001106165564	0.9921175917371966	0.9722903027779962	0.9923935279689347	1.0	0.9927391029718194	0.9950558111994847	0.9915818514357742	0.9920058053368862	0.9989407808468834	0.9843838053717688	0.987962236802822	0.992127277655805	0.9927535612135808	0.9925554647857918	0.9854729631412552	0.9902388791598854	0.9924001449561127	0.9904088411450307	0.9930635727607007	0.9922001157655124	0.9950270759732482
0.9935725062415136	0.9924193516115297	0.993249746568103	0.9931098812540191	0.9891755119141526	0.9934077737276207	0.9726563670748594	0.9927981621050536	0.9927391029718194	1.0	0.9928229459053444	0.9928649827545908	0.9924395344901212	0.9925430673120722	0.9845533675881181	0.9889338534298733	0.9929431188006446	0.9931885316073396	0.9933878522933259	0.9859283531249718	0.9916171553973511	0.992000191465586	0.9910401166489081	0.9959217241131799	0.9936223731732869	0.9928508990461776
0.9925023778283287	0.993019394748101	0.9913338410641462	0.9923942992014989	0.9879340177144194	0.9923430867021542	0.9719865072193553	0.9923476996702271	0.9950558111994847	0.9928229459053444	1.0	0.9919232432368812	0.992193183296937	0.9946734921647994	0.9841812408838954	0.9880867024679062	0.9925717492304189	0.99295537419663	0.9931102486462733	0.9850486696534511	0.9903350285298816	0.992502171571684	0.9908547697719242	0.9929434666765632	0.9924289983099286	0.9948687929438493
0.9926435801460778	0.9920984461546182	0.9954556397638162	0.9966141923168895	0.9873603740589649	0.9963200410482475	0.9725868944629752	0.9922031656553935	0.9915818514357742	0.9928649827545908	0.9919232432368812	1.0	0.9918604322995599	0.991170084181244	0.9842273787611154	0.9876795168768623	0.9920243268167848	0.992074013061532	0.9926430904909423	0.9854518642096144	0.9909657196549767	0.9914811397097173	0.9905285793936375	0.9929849876280923	0.992666764065706	0.9919644400206609
0.9919799807368014	0.9932089056303642	0.991278648748096	0.9921733263344391	0.9882292199898286	0.9922172574763427	0.9716359027931504	0.9977867881078458	0.9920058053368862	0.9924395344901212	0.992193183296937	0.9918604322995599	1.0	0.9920265868363377	0.9839519310827026	0.9887588621863451	0.9919079463133219	0.9924770668953211	0.9923344337725241	0.9857681797570206	0.9905001563249667	0.9916784659947748	0.9902989784510838	0.9926293772043636	0.9921023199910922	0.9919218698950389
0.992122889362556	0.9916660458457779	0.9909219880954275	0.9914905073781136	0.9877989608429185	0.9916636131154031	0.9718329798953129	0.9923161780788678	0.9989407808468834	0.9925430673120722	0.9946734921647994	0.991170084181244	0.9920265868363377	1.0	0.9843372252173115	0.9876962188494534	0.9918946096020664	0.9923802554101058	0.9922596575485765	0.9849732871447551	0.9901251182437424	0.9920837135972514	0.9900678942033018	0.9927153155469539	0.9920434427678858	0.9946500808219131
0.9856819476256824	0.9837539674568608	0.9838331745328847	0.9848027530328575	0.9805677829873272	0.9850640300775139	0.9651815061201194	0.9839440421328034	0.9843838053717688	0.9845533675881181	0.9841812408838954	0.9842273787611154	0.9839519310827026	0.9843372252173115	1.0	0.9815762974200966	0.9848638513885626	0.984496788523014	0.9852347473502785	0.9790753775445846	0.9831360899657435	0.9831641534131258	0.9825793785493038	0.9849189490131831	0.9852926908844135	0.9844131853906349
0.9891309504686884	0.9875398743726868	0.987757757508878	0.9881815802094019	0.9891115853196389	0.9885525842831223	0.9675364324517941	0.9892002218593167	0.987962236802822	0.9889338534298733	0.9880867024679062	0.9876795168768623	0.9887588621863451	0.9876962188494534	0.9815762974200966	1.0	0.9884733306888164	0.9885222025383757	0.9887691711002575	0.9829311443862194	0.9881751873962893	0.9876689644219877	0.9864127538277054	0.9890725686023639	0.9890857265877709	0.9882115210724567
0.9937717644237165	0.9918698248203686	0.9917887633447617	0.992718809726297	0.988065401745332	0.9926904752041121	0.9717869940926125	0.9919861493963193	0.992127277655805	0.9929431188006446	0.9925717492304189	0.9920243268167848	0.9919079463133219	0.9918946096020664	0.9848638513885626	0.9884733306888164	1.0	0.9923990404000501	0.998613094807526	0.9856671812041465	0.9909861703735098	0.9913088411677402	0.9963048876573594	0.9929705536437832	0.9934412180226316	0.9929298000205097
0.9924250141289229	0.9922690559271616	0.9921713387934638	0.9925561876422636	0.9877852658130427	0.9929081322167547	0.9727850790130629	0.9931567562086367	0.9927535612135808	0.9931885316073396	0.99295537419663	0.992074013061532	0.9924770668953211	0.9923802554101058	0.984496788523014	0.9885222025383757	0.9923990404000501	1.0	0.9932162935946947	0.9856724920337232	0.990519924237535	0.9937218945901234	0.9910936559487239	0.9932708774837015	0.992646032803578	0.9930045479151357
0.9942202052543289	0.9925249955685567	0.9923769564507793	0.993184280262392	0.9883132930466832	0.993294247900659	0.9728109568985205	0.9927112470223466	0.9925554647857918	0.9933878522933259	0.9931102486462733	0.9926430904909423	0.9923344337725241	0.9922596575485765	0.9852347473502785	0.9887691711002575	0.998613094807526	0.9932162935946947	1.0	0.986134572664993	0.9916204749220764	0.9920229698028714	0.9967656806166169	0.993401344200596	0.9938072586641695	0.9934496695799597
0.9860084755673608	0.9855256106270434	0.985096240261672	0.9858531616545466	0.9817425903657385	0.9862826362520537	0.9666573473433364	0.9860068458483465	0.9854729631412552	0.9859283531249718	0.9850486696534511	0.9854518642096144	0.9857681797570206	0.9849732871447551	0.9790753775445846	0.9829311443862194	0.9856671812041465	0.9856724920337232	0.986134572664993	1.0	0.9845476218005483	0.985025907592294	0.9839018354116463	0.9861290007248238	0.9858447316900597	0.9853711180656393
0.9913804941520166	0.9905411732031107	0.9906406624897366	0.9911363504543286	0.9873754532806142	0.9913161077609746	0.9696916805174712	0.990696925795062	0.9902388791598854	0.9916171553973511	0.9903350285298816	0.9909657196549767	0.9905001563249667	0.9901251182437424	0.9831360899657435	0.9881751873962893	0.9909861703735098	0.990519924237535	0.9916204749220764	0.9845476218005483	1.0	0.9897453793143572	0.989304489032141	0.9915032655102425	0.9911319397415755	0.9902490908569175
0.9914325890649331	0.9916026011085264	0.9920782648601258	0.9922078883525883	0.9869350518726263	0.9921784483095185	0.9722264816622573	0.9924880513703103	0.9924001449561127	0.992000191465586	0.992502171571684	0.9914811397097173	0.9916784659947748	0.9920837135972514	0.9831641534131258	0.9876689644219877	0.9913088411677402	0.9937218945901234	0.9920229698028714	0.985025907592294	0.9897453793143572	1.0	0.9898163003966027	0.9921365623673751	0.9923161780788678	0.992463374888449
0.9919182487129754	0.990412678560925	0.9898785846775338	0.9911093361078201	0.985706773912807	0.9912198723323853	0.9708663976801803	0.990393652188624	0.9904088411450307	0.9910401166489081	0.9908547697719242	0.9905285793936375	0.9902989784510838	0.9900678942033018	0.9825793785493038	0.9864127538277054	0.9963048876573594	0.9910936559487239	0.9967656806166169	0.9839018354116463	0.989304489032141	0.9898163003966027	1.0	0.9911175592008474	0.9916860096598074	0.9914033010981033
0.9935421193702031	0.9924805755920789	0.992629565898196	0.9932124500298829	0.9887693276267987	0.9933503671383959	0.9719808975776734	0.9929232650173905	0.9930635727607007	0.9959217241131799	0.9929434666765632	0.9929849876280923	0.9926293772043636	0.9927153155469539	0.9849189490131831	0.9890725686023639	0.9929705536437832	0.9932708774837015	0.993401344200596	0.9861290007248238	0.9915032655102425	0.9921365623673751	0.9911175592008474	1.0	0.9935687624314062	0.9928038632280578
0.9966245913461522	0.9917450454711623	0.9924202091260114	0.9929849876280923	0.9884951494088206	0.9927655402446237	0.972623742143881	0.9923365244880595	0.9922001157655124	0.9936223731732869	0.9924289983099286	0.992666764065706	0.9921023199910922	0.9920434427678858	0.9852926908844135	0.9890857265877709	0.9934412180226316	0.992646032803578	0.9938072586641695	0.9858447316900597	0.9911319397415755	0.9923161780788678	0.9916860096598074	0.9935687624314062	1.0	0.9922729651531406
0.992464725981241	0.9927128654197983	0.9917336464808698	0.9927042915486379	0.987655329221245	0.9929050444871245	0.9723360465509103	0.9919488448733474	0.9950270759732482	0.9928508990461776	0.9948687929438493	0.9919644400206609	0.9919218698950389	0.9946500808219131	0.9844131853906349	0.9882115210724567	0.9929298000205097	0.9930045479151357	0.9934496695799597	0.9853711180656393	0.9902490908569175	0.992463374888449	0.9914033010981033	0.9928038632280578	0.9922729651531406	1.0
