/home/jshaw/scratch/2022_sketched_distance/references/SGB_genome_fastas_part3/4798/BackhedF_2015__SID1_12M__bin.3.fa	/home/jshaw/scratch/2022_sketched_distance/references/SGB_genome_fastas_part3/4798/BackhedF_2015__SID130_12M__bin.23.fa	/home/jshaw/scratch/2022_sketched_distance/references/SGB_genome_fastas_part3/4798/BackhedF_2015__SID130_4M__bin.7.fa	/home/jshaw/scratch/2022_sketched_distance/references/SGB_genome_fastas_part3/4798/BackhedF_2015__SID195_12M__bin.36.fa	/home/jshaw/scratch/2022_sketched_distance/references/SGB_genome_fastas_part3/4798/BackhedF_2015__SID256_12M__bin.4.fa	/home/jshaw/scratch/2022_sketched_distance/references/SGB_genome_fastas_part3/4798/BackhedF_2015__SID590_12M__bin.1.fa	/home/jshaw/scratch/2022_sketched_distance/references/SGB_genome_fastas_part3/4798/FengQ_2015__SID31865__bin.25.fa	/home/jshaw/scratch/2022_sketched_distance/references/SGB_genome_fastas_part3/4798/FengQ_2015__SID31870__bin.24.fa	/home/jshaw/scratch/2022_sketched_distance/references/SGB_genome_fastas_part3/4798/FengQ_2015__SID531403__bin.37.fa	/home/jshaw/scratch/2022_sketched_distance/references/SGB_genome_fastas_part3/4798/FengQ_2015__SID531775__bin.40.fa	/home/jshaw/scratch/2022_sketched_distance/references/SGB_genome_fastas_part3/4798/FengQ_2015__SID532749__bin.65.fa	/home/jshaw/scratch/2022_sketched_distance/references/SGB_genome_fastas_part3/4798/HeQ_2017__SZAXPI029601-32__bin.23.fa	/home/jshaw/scratch/2022_sketched_distance/references/SGB_genome_fastas_part3/4798/KosticAD_2015__PRJNA231909.3105829__bin.10.fa	/home/jshaw/scratch/2022_sketched_distance/references/SGB_genome_fastas_part3/4798/LiJ_2014__MH0335__bin.24.fa	/home/jshaw/scratch/2022_sketched_distance/references/SGB_genome_fastas_part3/4798/LiJ_2014__O2.UC19-1__bin.21.fa	/home/jshaw/scratch/2022_sketched_distance/references/SGB_genome_fastas_part3/4798/LiJ_2014__V1.CD2-0-PN__bin.1.fa	/home/jshaw/scratch/2022_sketched_distance/references/SGB_genome_fastas_part3/4798/LiJ_2014__V1.FI10__bin.38.fa	/home/jshaw/scratch/2022_sketched_distance/references/SGB_genome_fastas_part3/4798/Obregon-TitoAJ_2015__NO21__bin.23.fa	/home/jshaw/scratch/2022_sketched_distance/references/SGB_genome_fastas_part3/4798/QinJ_2012__T2D-102__bin.52.fa	/home/jshaw/scratch/2022_sketched_distance/references/SGB_genome_fastas_part3/4798/QinN_2014__LV-10__bin.21.fa	/home/jshaw/scratch/2022_sketched_distance/references/SGB_genome_fastas_part3/4798/VatanenT_2016__G69157__bin.5.fa	/home/jshaw/scratch/2022_sketched_distance/references/SGB_genome_fastas_part3/4798/VatanenT_2016__G78694__bin.4.fa	/home/jshaw/scratch/2022_sketched_distance/references/SGB_genome_fastas_part3/4798/VatanenT_2016__G80392__bin.8.fa	/home/jshaw/scratch/2022_sketched_distance/references/SGB_genome_fastas_part3/4798/VogtmannE_2016__MMRS68910755ST-27-0-0__bin.23.fa	/home/jshaw/scratch/2022_sketched_distance/references/SGB_genome_fastas_part3/4798/WenC_2017__N290__bin.87.fa	/home/jshaw/scratch/2022_sketched_distance/references/SGB_genome_fastas_part3/4798/WenC_2017__N310__bin.122.fa	/home/jshaw/scratch/2022_sketched_distance/references/SGB_genome_fastas_part3/4798/WenC_2017__RA064__bin.26.fa	/home/jshaw/scratch/2022_sketched_distance/references/SGB_genome_fastas_part3/4798/WenC_2017__RA074__bin.11.fa	/home/jshaw/scratch/2022_sketched_distance/references/SGB_genome_fastas_part3/4798/WenC_2017__RA107__bin.12.fa	/home/jshaw/scratch/2022_sketched_distance/references/SGB_genome_fastas_part3/4798/YuJ_2015__SZAXPI003434-7__bin.11.fa	/home/jshaw/scratch/2022_sketched_distance/references/SGB_genome_fastas_part3/4798/YuJ_2015__SZAXPI017452-17__bin.41.fa	/home/jshaw/scratch/2022_sketched_distance/references/SGB_genome_fastas_part3/4798/ZeeviD_2015__PNP_Validation_10__bin.17.fa
1.0	0.9961107098275226	0.9952382903816446	0.9945764737221098	0.9940254259516393	0.9967434263892162	0.9889567743602866	0.9930544396337652	0.9937399383702878	0.9946122418766838	0.9935069347514573	0.9946430522599893	0.9982724716004197	0.992993062189542	0.9912189491562181	0.9938468657104957	0.9943273121983772	0.9971282739997926	0.9968886781098771	0.9953254166568426	0.9933686869966388	0.9959217162220556	0.9974965119058228	0.9968930579642518	0.9934596126987314	0.9931545037852881	0.9936871292929426	0.9946460431852372	0.9939909322147857	0.9910141670196932	0.992608367713486	0.9942872982518343
0.9961107098275226	1.0	0.993197319308155	0.993751263551753	0.9931432167049692	0.9977999119398812	0.9831409526207511	0.9714797436596375	0.9975953699012079	0.991647970491028	0.9728046117733856	0.9959120730302761	0.9827785426189608	0.9916101819045753	0.969475857326554	0.9930709420838469	0.9920980961387014	0.9978625957083799	0.9806031155233431	0.9852990198668373	0.9860626527501223	0.9962260348654863	0.998267186180732	0.9953427263122576	0.9908451912290824	0.9850036909640668	0.9881240472099915	0.988918570123137	0.9896032014943511	0.9905341646253155	0.9908645334748012	0.9929622334055738
0.9952382903816446	0.993197319308155	1.0	0.9937007993063474	0.992708228848606	0.9964555287756104	0.9852038259203274	0.9867945341614978	0.9907842197219979	0.9898465276628382	0.9875767925204159	0.994411230023164	0.9931273415763057	0.9917336416594009	0.9854925040218651	0.9921685627258072	0.992120519690596	0.9967495076715333	0.991534808279343	0.9901258856888941	0.9902771826687754	0.9962580873520431	0.9968469253907437	0.9938836390420842	0.9907294470534942	0.99035740343328	0.9900318264189328	0.9922366698147445	0.991283833120558	0.9886244944871251	0.9912435886137589	0.992120519690596
0.9945764737221098	0.993751263551753	0.9937007993063474	1.0	0.9935866609037308	0.9943528512619523	0.9895528831002954	0.9945445848698861	0.9914270475348457	0.9944851834274678	0.9943429569376591	0.9923276716773288	0.996126505858764	0.9939066936198975	0.9922737198867282	0.9934574933390216	0.994716013456892	0.9949016614544866	0.9955966766250538	0.9954702878381793	0.9937497889614154	0.9932905559232044	0.9944890068694469	0.9947108356398107	0.9939120152898674	0.9938027990510856	0.9930267417039393	0.9935687230088734	0.9925725043915814	0.9907977706808299	0.9933668076008905	0.9941359206852467
0.9940254259516393	0.9931432167049692	0.992708228848606	0.9935866609037308	1.0	0.9946559375554876	0.9884340914015128	0.9921216530354612	0.9924009871563889	0.9944851834274678	0.9975572195347491	0.9912196510879464	0.9948621439907525	0.990844029692308	0.9934393724883033	0.9937222087847537	0.9953989887503679	0.9941872269075859	0.994476483921109	0.9984318595572792	0.9935216544390888	0.9915691672067023	0.9940409781515825	0.9938558806197909	0.9962212784118073	0.9954194746862327	0.9928145696772224	0.9932725878434122	0.9917016982320727	0.991137188559135	0.9920389537701506	0.9936075937323389
0.9967434263892162	0.9977999119398812	0.9964555287756104	0.9943528512619523	0.9946559375554876	1.0	0.988832084350351	0.9923103262312086	0.995296251444836	0.9944533425775659	0.9933571859021713	0.9950825548140785	0.9981961203937973	0.992050659678762	0.9914731548249076	0.9937638132372607	0.9942013982337956	0.9980581823624349	0.9971164068336016	0.9953461513078272	0.9933303344694986	0.9967280350701354	0.9981395106742257	0.997473879931087	0.99340078544872	0.9927721654602821	0.993495204600503	0.9951116053631684	0.9947569764442689	0.9909215992738751	0.9920094871186189	0.9940392282201693
0.9889567743602866	0.9831409526207511	0.9852038259203274	0.9895528831002954	0.9884340914015128	0.988832084350351	1.0	0.9706045725940815	0.984641065390299	0.9844988547590995	0.9728514149868527	0.9874935327897703	0.9774608973279431	0.9880525584579862	0.9691766341022515	0.9881164549586772	0.9877096673772718	0.9892047483871041	0.9763543655417397	0.9784476439159026	0.9814755104565851	0.987515210218116	0.9893075229951638	0.986946903977906	0.9867478730554676	0.9811028950945768	0.9828674833083603	0.9811632361004947	0.9820331039463572	0.9852966887076241	0.9867922063378398	0.9883919164080041
0.9930544396337652	0.9714797436596375	0.9867945341614978	0.9945445848698861	0.9921216530354612	0.9923103262312086	0.9706045725940815	1.0	0.974438738418385	0.9851664502466598	0.9918502388006596	0.9902876959192823	0.9929227835065854	0.9921756695808036	0.9941401595285595	0.9905154932365468	0.9913560061847139	0.993342253098256	0.9920133545310595	0.9878880599725404	0.9768074926429722	0.993133182690734	0.9938848642344003	0.9884063757174358	0.988345819004255	0.9742993534471998	0.9858927622894502	0.9728228708970543	0.9822352358707354	0.9850996184975954	0.9892131834827501	0.9914940359727377
0.9937399383702878	0.9975953699012079	0.9907842197219979	0.9914270475348457	0.9924009871563889	0.995296251444836	0.984641065390299	0.974438738418385	1.0	0.9908739701245965	0.9789331316806377	0.9935676502304214	0.9860815708537802	0.9898134847940453	0.9738782312265296	0.9913767502142682	0.9901112015493094	0.9953558197206626	0.9843928740994778	0.9879955777732728	0.9877864708906773	0.9942207117334856	0.9956225614380989	0.9928372993525866	0.9889219439898399	0.9873767235614501	0.9867770607180112	0.9903418466774189	0.9889424577738378	0.9880613228331836	0.9887407060898229	0.9907842197219979
0.9946122418766838	0.991647970491028	0.9898465276628382	0.9944851834274678	0.9944851834274678	0.9944533425775659	0.9844988547590995	0.9851664502466598	0.9908739701245965	1.0	0.9854534426398276	0.9929712265033742	0.988652197028641	0.9931870617550195	0.9824399845454878	0.9930211596939292	0.9935655108812538	0.9947546029964042	0.9877077088948921	0.9936013295402157	0.9886819938630228	0.9932862053866169	0.9951156621581064	0.9923151441227568	0.9920250364198867	0.9889247556036503	0.9881561420229361	0.9887971438611394	0.9875532222057471	0.9908384555613465	0.9918531883387186	0.9939235034493937
0.9935069347514573	0.9728046117733856	0.9875767925204159	0.9943429569376591	0.9975572195347491	0.9933571859021713	0.9728514149868527	0.9918502388006596	0.9789331316806377	0.9854534426398276	1.0	0.990100141565072	0.9934071774669113	0.9923411644623974	0.993952161232701	0.9920041241705745	0.9937550212223688	0.993952161232701	0.9929291819733779	0.992418457663618	0.9779485663434826	0.9933071187472212	0.9942213276017114	0.9887477671179364	0.9930303877635293	0.9787385817730258	0.9874573719880124	0.9741352202697163	0.9830809297705745	0.9866397451261797	0.9899618282985012	0.9918997245701549
0.9946430522599893	0.9959120730302761	0.994411230023164	0.9923276716773288	0.9912196510879464	0.9950825548140785	0.9874935327897703	0.9902876959192823	0.9935676502304214	0.9929712265033742	0.990100141565072	1.0	0.9960042566004897	0.9908221570295183	0.9876943210285468	0.991867199713948	0.9922974543557874	0.995689015776053	0.994476483921109	0.9929393023370383	0.9917183387937214	0.9941983916547076	0.9957911482874725	0.995869097994598	0.9917870466282425	0.9917524942869178	0.9919183793411619	0.9937367617381277	0.9932728185994659	0.9891279358960604	0.9908393043251029	0.9921755825283397
0.9982724716004197	0.9827785426189608	0.9931273415763057	0.996126505858764	0.9948621439907525	0.9981961203937973	0.9774608973279431	0.9929227835065854	0.9860815708537802	0.988652197028641	0.9934071774669113	0.9960042566004897	1.0	0.9940710716142022	0.9910141670196932	0.9937667529891682	0.9940060953797167	0.9992679309766578	0.997260516890804	0.9890575850985849	0.9808641705375097	0.9983676649098908	0.999286430115047	0.9950937335074017	0.9916709257835699	0.9780298448387071	0.9897058917720444	0.9792408544048891	0.988652197028641	0.9895822031187138	0.9922246234834641	0.9946289257719192
0.992993062189542	0.9916101819045753	0.9917336416594009	0.9939066936198975	0.990844029692308	0.992050659678762	0.9880525584579862	0.9921756695808036	0.9898134847940453	0.9931870617550195	0.9923411644623974	0.9908221570295183	0.9940710716142022	1.0	0.9897580667588746	0.9919697789610279	0.9930751206353118	0.992640416774515	0.9928276657672302	0.9938624785828214	0.9920590491573585	0.9899552970287723	0.9924233582340313	0.9929475945420313	0.9922779639894862	0.9922119811256883	0.9916820142744288	0.991527583813545	0.9908428635788867	0.989013549830088	0.9920831045732138	0.9930991777567522
0.9912189491562181	0.969475857326554	0.9854925040218651	0.9922737198867282	0.9934393724883033	0.9914731548249076	0.9691766341022515	0.9941401595285595	0.9738782312265296	0.9824399845454878	0.993952161232701	0.9876943210285468	0.9910141670196932	0.9897580667588746	1.0	0.989029915014777	0.9913208662101668	0.99207538846556	0.9898379891250755	0.9872943470050668	0.975566833169279	0.9918508344920189	0.9922242484213307	0.9861835356313112	0.9883410528392317	0.9739647790022696	0.9847245185463988	0.9710265605702434	0.9801631627695759	0.9833276112275277	0.9866265058887201	0.9896779503119274
0.9938468657104957	0.9930709420838469	0.9921685627258072	0.9934574933390216	0.9937222087847537	0.9937638132372607	0.9881164549586772	0.9905154932365468	0.9913767502142682	0.9930211596939292	0.9920041241705745	0.991867199713948	0.9937667529891682	0.9919697789610279	0.989029915014777	1.0	0.99339263478749	0.9941222131921643	0.9932244378099033	0.9940138701975498	0.9927496500390972	0.9927934315077148	0.9942317147056706	0.9934048517155644	0.9924753361815555	0.9925147969700207	0.9930755119350957	0.9931021709390401	0.9917362830302285	0.9898858497830296	0.9908545719654485	0.9927845911082308
0.9943273121983772	0.9920980961387014	0.992120519690596	0.994716013456892	0.9953989887503679	0.9942013982337956	0.9877096673772718	0.9913560061847139	0.9901112015493094	0.9935655108812538	0.9937550212223688	0.9922974543557874	0.9940060953797167	0.9930751206353118	0.9913208662101668	0.99339263478749	1.0	0.9945499849602357	0.9930616366576179	0.9952007358769104	0.9930606155649452	0.9931764785560716	0.9947298117094758	0.9933745635949005	0.9934889871811365	0.9940092484735095	0.9926668804332983	0.9935054880313622	0.9914760106839567	0.990902535513533	0.9920440916139406	0.9934356972149148
0.9971282739997926	0.9978625957083799	0.9967495076715333	0.9949016614544866	0.9941872269075859	0.9980581823624349	0.9892047483871041	0.993342253098256	0.9953558197206626	0.9947546029964042	0.993952161232701	0.995689015776053	0.9992679309766578	0.992640416774515	0.99207538846556	0.9941222131921643	0.9945499849602357	1.0	0.9980722316591241	0.9956350841084605	0.9934069951530994	0.997177771719826	0.9986012276451189	0.9982415806002682	0.9938249343670836	0.9933440296020952	0.9939254818241415	0.9956301428225484	0.9952735492971269	0.9911525340909298	0.9925359113438019	0.9942185759727493
0.9968886781098771	0.9806031155233431	0.991534808279343	0.9955966766250538	0.994476483921109	0.9971164068336016	0.9763543655417397	0.9920133545310595	0.9843928740994778	0.9877077088948921	0.9929291819733779	0.994476483921109	0.997260516890804	0.9928276657672302	0.9898379891250755	0.9932244378099033	0.9930616366576179	0.9980722316591241	1.0	0.9912651347117051	0.9800190794326865	0.9973220876027253	0.9984311394022041	0.9938449926280055	0.990893814564769	0.9760817153162542	0.9883054808504744	0.977721597463129	0.9881435251607014	0.9887600785801259	0.9907691077926102	0.9934786617039539
0.9953254166568426	0.9852990198668373	0.9901258856888941	0.9954702878381793	0.9984318595572792	0.9953461513078272	0.9784476439159026	0.9878880599725404	0.9879955777732728	0.9936013295402157	0.992418457663618	0.9929393023370383	0.9890575850985849	0.9938624785828214	0.9872943470050668	0.9940138701975498	0.9952007358769104	0.9956350841084605	0.9912651347117051	1.0	0.9822687448051262	0.9948659443214841	0.9960029109491435	0.9925356357877861	0.9948449072112536	0.9823610836111804	0.988687299141747	0.9800366971341475	0.9871830374289611	0.9911533483194491	0.9915043765430606	0.9943786813598333
0.9933686869966388	0.9860626527501223	0.9902771826687754	0.9937497889614154	0.9935216544390888	0.9933303344694986	0.9814755104565851	0.9768074926429722	0.9877864708906773	0.9886819938630228	0.9779485663434826	0.9917183387937214	0.9808641705375097	0.9920590491573585	0.975566833169279	0.9927496500390972	0.9930606155649452	0.9934069951530994	0.9800190794326865	0.9822687448051262	1.0	0.9924554418123913	0.9938254859640228	0.9905287468233502	0.9912925543950077	0.9844033107048716	0.9884381418738272	0.9847918957322848	0.9871910428057816	0.9894245106275255	0.991516268286976	0.9928471409961741
0.9959217162220556	0.9962260348654863	0.9962580873520431	0.9932905559232044	0.9915691672067023	0.9967280350701354	0.987515210218116	0.993133182690734	0.9942207117334856	0.9932862053866169	0.9933071187472212	0.9941983916547076	0.9983676649098908	0.9899552970287723	0.9918508344920189	0.9927934315077148	0.9931764785560716	0.997177771719826	0.9973220876027253	0.9948659443214841	0.9924554418123913	1.0	0.9973945675278213	0.9965919209685147	0.9925055968846577	0.9918624764846651	0.9924854715274397	0.9944005210988691	0.9945512479893541	0.989869903942791	0.9911130479189132	0.9933119672658408
0.9974965119058228	0.998267186180732	0.9968469253907437	0.9944890068694469	0.9940409781515825	0.9981395106742257	0.9893075229951638	0.9938848642344003	0.9956225614380989	0.9951156621581064	0.9942213276017114	0.9957911482874725	0.999286430115047	0.9924233582340313	0.9922242484213307	0.9942317147056706	0.9947298117094758	0.9986012276451189	0.9984311394022041	0.9960029109491435	0.9938254859640228	0.9973945675278213	1.0	0.998359134628897	0.9939699423376218	0.9934279163222158	0.9939729472330794	0.9957486633000742	0.9954285114593532	0.9914275418825964	0.992608367713486	0.9944926142626921
0.9968930579642518	0.9953427263122576	0.9938836390420842	0.9947108356398107	0.9938558806197909	0.997473879931087	0.986946903977906	0.9884063757174358	0.9928372993525866	0.9923151441227568	0.9887477671179364	0.995869097994598	0.9950937335074017	0.9929475945420313	0.9861835356313112	0.9934048517155644	0.9933745635949005	0.9982415806002682	0.9938449926280055	0.9925356357877861	0.9905287468233502	0.9965919209685147	0.998359134628897	1.0	0.991776019503912	0.9909721976395159	0.9910663411406867	0.9937367617381277	0.992841040966683	0.9901463861675543	0.9922339620105661	0.9933745635949005
0.9934596126987314	0.9908451912290824	0.9907294470534942	0.9939120152898674	0.9962212784118073	0.99340078544872	0.9867478730554676	0.988345819004255	0.9889219439898399	0.9920250364198867	0.9930303877635293	0.9917870466282425	0.9916709257835699	0.9922779639894862	0.9883410528392317	0.9924753361815555	0.9934889871811365	0.9938249343670836	0.990893814564769	0.9948449072112536	0.9912925543950077	0.9925055968846577	0.9939699423376218	0.991776019503912	1.0	0.9944386501929026	0.9913413907339772	0.9922804868527046	0.9900885164585268	0.9899600548723935	0.9918796505253774	0.9921253337301008
0.9931545037852881	0.9850036909640668	0.99035740343328	0.9938027990510856	0.9954194746862327	0.9927721654602821	0.9811028950945768	0.9742993534471998	0.9873767235614501	0.9889247556036503	0.9787385817730258	0.9917524942869178	0.9780298448387071	0.9922119811256883	0.9739647790022696	0.9925147969700207	0.9940092484735095	0.9933440296020952	0.9760817153162542	0.9823610836111804	0.9844033107048716	0.9918624764846651	0.9934279163222158	0.9909721976395159	0.9944386501929026	1.0	0.9897543576135165	0.9833595758062149	0.9876523118905756	0.9900108384826511	0.9918405092957165	0.9927294094873812
0.9936871292929426	0.9881240472099915	0.9900318264189328	0.9930267417039393	0.9928145696772224	0.993495204600503	0.9828674833083603	0.9858927622894502	0.9867770607180112	0.9881561420229361	0.9874573719880124	0.9919183793411619	0.9897058917720444	0.9916820142744288	0.9847245185463988	0.9930755119350957	0.9926668804332983	0.9939254818241415	0.9883054808504744	0.988687299141747	0.9884381418738272	0.9924854715274397	0.9939729472330794	0.9910663411406867	0.9913413907339772	0.9897543576135165	1.0	0.989850654023323	0.9886780634418739	0.9893661198151968	0.9914610087130055	0.992019163653143
0.9946460431852372	0.988918570123137	0.9922366698147445	0.9935687230088734	0.9932725878434122	0.9951116053631684	0.9811632361004947	0.9728228708970543	0.9903418466774189	0.9887971438611394	0.9741352202697163	0.9937367617381277	0.9792408544048891	0.991527583813545	0.9710265605702434	0.9931021709390401	0.9935054880313622	0.9956301428225484	0.977721597463129	0.9800366971341475	0.9847918957322848	0.9944005210988691	0.9957486633000742	0.9937367617381277	0.9922804868527046	0.9833595758062149	0.989850654023323	1.0	0.9894952707550554	0.9907112434947923	0.9919725414308949	0.9927802550491703
0.9939909322147857	0.9896032014943511	0.991283833120558	0.9925725043915814	0.9917016982320727	0.9947569764442689	0.9820331039463572	0.9822352358707354	0.9889424577738378	0.9875532222057471	0.9830809297705745	0.9932728185994659	0.988652197028641	0.9908428635788867	0.9801631627695759	0.9917362830302285	0.9914760106839567	0.9952735492971269	0.9881435251607014	0.9871830374289611	0.9871910428057816	0.9945512479893541	0.9954285114593532	0.992841040966683	0.9900885164585268	0.9876523118905756	0.9886780634418739	0.9894952707550554	1.0	0.9882582527571344	0.9907895494495846	0.9911609537976902
0.9910141670196932	0.9905341646253155	0.9886244944871251	0.9907977706808299	0.991137188559135	0.9909215992738751	0.9852966887076241	0.9850996184975954	0.9880613228331836	0.9908384555613465	0.9866397451261797	0.9891279358960604	0.9895822031187138	0.989013549830088	0.9833276112275277	0.9898858497830296	0.990902535513533	0.9911525340909298	0.9887600785801259	0.9911533483194491	0.9894245106275255	0.989869903942791	0.9914275418825964	0.9901463861675543	0.9899600548723935	0.9900108384826511	0.9893661198151968	0.9907112434947923	0.9882582527571344	1.0	0.9883187696930934	0.9900766012400263
0.992608367713486	0.9908645334748012	0.9912435886137589	0.9933668076008905	0.9920389537701506	0.9920094871186189	0.9867922063378398	0.9892131834827501	0.9887407060898229	0.9918531883387186	0.9899618282985012	0.9908393043251029	0.9922246234834641	0.9920831045732138	0.9866265058887201	0.9908545719654485	0.9920440916139406	0.9925359113438019	0.9907691077926102	0.9915043765430606	0.991516268286976	0.9911130479189132	0.992608367713486	0.9922339620105661	0.9918796505253774	0.9918405092957165	0.9914610087130055	0.9919725414308949	0.9907895494495846	0.9883187696930934	1.0	0.9916687195454836
0.9942872982518343	0.9929622334055738	0.992120519690596	0.9941359206852467	0.9936075937323389	0.9940392282201693	0.9883919164080041	0.9914940359727377	0.9907842197219979	0.9939235034493937	0.9918997245701549	0.9921755825283397	0.9946289257719192	0.9930991777567522	0.9896779503119274	0.9927845911082308	0.9934356972149148	0.9942185759727493	0.9934786617039539	0.9943786813598333	0.9928471409961741	0.9933119672658408	0.9944926142626921	0.9933745635949005	0.9921253337301008	0.9927294094873812	0.992019163653143	0.9927802550491703	0.9911609537976902	0.9900766012400263	0.9916687195454836	1.0
