/home/jshaw/scratch/2022_sketched_distance/references/SGB_genome_fastas_part5/15201/GeversD_2014__SKBSTL024__bin.11.fa	/home/jshaw/scratch/2022_sketched_distance/references/SGB_genome_fastas_part5/15201/KarlssonFH_2013__S144__bin.55.fa	/home/jshaw/scratch/2022_sketched_distance/references/SGB_genome_fastas_part5/15201/KarlssonFH_2013__S347__bin.32.fa	/home/jshaw/scratch/2022_sketched_distance/references/SGB_genome_fastas_part5/15201/LeChatelierE_2013__MH0433__bin.72.fa	/home/jshaw/scratch/2022_sketched_distance/references/SGB_genome_fastas_part5/15201/LiJ_2014__MH0343__bin.58.fa	/home/jshaw/scratch/2022_sketched_distance/references/SGB_genome_fastas_part5/15201/LiJ_2014__MH0348__bin.42.fa	/home/jshaw/scratch/2022_sketched_distance/references/SGB_genome_fastas_part5/15201/LiJ_2014__MH0382__bin.26.fa	/home/jshaw/scratch/2022_sketched_distance/references/SGB_genome_fastas_part5/15201/LiJ_2014__V1.FI26__bin.52.fa	/home/jshaw/scratch/2022_sketched_distance/references/SGB_genome_fastas_part5/15201/LouisS_2016__AS50_6__bin.15.fa	/home/jshaw/scratch/2022_sketched_distance/references/SGB_genome_fastas_part5/15201/LouisS_2016__AS60_6__bin.21.fa	/home/jshaw/scratch/2022_sketched_distance/references/SGB_genome_fastas_part5/15201/NielsenHB_2014__V1_UC26_4__bin.30.fa	/home/jshaw/scratch/2022_sketched_distance/references/SGB_genome_fastas_part5/15201/NielsenHB_2014__V1_UC50_1__bin.32.fa	/home/jshaw/scratch/2022_sketched_distance/references/SGB_genome_fastas_part5/15201/Obregon-TitoAJ_2015__NO22__bin.52.fa	/home/jshaw/scratch/2022_sketched_distance/references/SGB_genome_fastas_part5/15201/RaymondF_2016__P21E90__bin.27.fa	/home/jshaw/scratch/2022_sketched_distance/references/SGB_genome_fastas_part5/15201/VogtmannE_2016__MMRS15137911ST-27-0-0__bin.27.fa	/home/jshaw/scratch/2022_sketched_distance/references/SGB_genome_fastas_part5/15201/VogtmannE_2016__MMRS55294627ST-27-0-0__bin.38.fa	/home/jshaw/scratch/2022_sketched_distance/references/SGB_genome_fastas_part5/15201/VogtmannE_2016__MMRS80093644ST-27-0-0__bin.27.fa	/home/jshaw/scratch/2022_sketched_distance/references/SGB_genome_fastas_part5/15201/XieH_2016__YSZC12003_35387__bin.21.fa	/home/jshaw/scratch/2022_sketched_distance/references/SGB_genome_fastas_part5/15201/XieH_2016__YSZC12003_36699__bin.14.fa	/home/jshaw/scratch/2022_sketched_distance/references/SGB_genome_fastas_part5/15201/XieH_2016__YSZC12003_37199__bin.48.fa	/home/jshaw/scratch/2022_sketched_distance/references/SGB_genome_fastas_part5/15201/XieH_2016__YSZC12003_37297R1__bin.8.fa	/home/jshaw/scratch/2022_sketched_distance/references/SGB_genome_fastas_part5/15201/YuJ_2015__SZAXPI003413-4__bin.66.fa	/home/jshaw/scratch/2022_sketched_distance/references/SGB_genome_fastas_part5/15201/YuJ_2015__SZAXPI015225-18__bin.48.fa	/home/jshaw/scratch/2022_sketched_distance/references/SGB_genome_fastas_part5/15201/YuJ_2015__SZAXPI017584-108__bin.17.fa	/home/jshaw/scratch/2022_sketched_distance/references/SGB_genome_fastas_part5/15201/ZeeviD_2015__PNP_Main_123__bin.25.fa	/home/jshaw/scratch/2022_sketched_distance/references/SGB_genome_fastas_part5/15201/ZellerG_2014__CCIS17669415ST-4-0__bin.25.fa	/home/jshaw/scratch/2022_sketched_distance/references/SGB_genome_fastas_part5/15201/ZellerG_2014__CCIS33816588ST-4-0__bin.26.fa	/home/jshaw/scratch/2022_sketched_distance/references/SGB_genome_fastas_part5/15201/ZellerG_2014__CCIS81710917ST-20-0__bin.55.fa	/home/jshaw/scratch/2022_sketched_distance/references/SGB_genome_fastas_part5/15201/ZellerG_2014__CCIS87167916ST-4-0__bin.6.fa	/home/jshaw/scratch/2022_sketched_distance/references/SGB_genome_fastas_part5/15201/ZellerG_2014__CCIS90166425ST-4-0__bin.57.fa	/home/jshaw/scratch/2022_sketched_distance/references/SGB_genome_fastas_part5/15201/ZellerG_2014__CCMD12232071ST-21-0__bin.2.fa	/home/jshaw/scratch/2022_sketched_distance/references/SGB_genome_fastas_part5/15201/ZellerG_2014__CCMD25511638ST-21-0__bin.43.fa
1.0	0.9879626394968236	0.9891492062760496	0.9885602934376099	0.983527536056482	0.9892189527317389	0.9887181228193612	0.9891532407087417	0.9893776247700208	0.9907153933711419	0.9870714533010305	0.9901404056954599	0.9890994456211608	0.9889284847368001	0.9898686114667682	0.9894829171750923	0.98971228937169	0.9891393294726207	0.9875562117020826	0.9924007046962887	0.9897706109456454	0.9885967827521648	0.9884152362908801	0.9888538488714195	0.9885764850108836	0.9882801933308532	0.9851972070528437	0.989059513463685	0.9898880997553544	0.9875469381375781	0.9873160449257329	0.9884342978247871
0.9879626394968236	1.0	0.9899437446234879	0.9895320857175023	0.9905495779579331	0.9869289283126469	0.9878825483128694	0.9889464015219164	0.9886150871374906	0.9872282100199408	0.9877223924236238	0.9872862061420803	0.9888882732254283	0.9891703417607378	0.9871520716854337	0.9893708620696885	0.9855475964531885	0.9880783459370461	0.9874892882056892	0.9875310140115783	0.989847027376372	0.9895761033650762	0.9889286590291919	0.9880047608205195	0.9895561625447153	0.9891753252812624	0.9870636945170499	0.9879024126208931	0.9881843758232853	0.990840030343725	0.9979175369097837	0.9877688632744288
0.9891492062760496	0.9899437446234879	1.0	0.9884677315474584	0.9834105930069893	0.9913565514355608	0.9900448858021303	0.9834105930069893	0.9903964588700869	0.9913808059947786	0.9890712897973335	0.9916223775522119	0.9915259607090638	0.9902211404249879	0.9914050427651041	0.9843265322920547	0.9900953403869945	0.9914534630450528	0.9810325108893153	0.9915259607090638	0.9831242421507171	0.990818396124949	0.9852426852790618	0.9866717246358766	0.9869224825891901	0.983781874633473	0.9827554202387728	0.9900701227365495	0.9913079888441162	0.9900448858021303	0.9890972824217539	0.9905459943286964
0.9885602934376099	0.9895320857175023	0.9884677315474584	1.0	0.9865882560177472	0.9918857751906666	0.9904095252477071	0.9870789254230432	0.9887709598586808	0.9932785672365799	0.9906308021930839	0.9914368733617324	0.9910471868318157	0.9896913027947367	0.9909817898585357	0.987839212192938	0.9897139854896483	0.9901643952374831	0.9837319722278413	0.9908067622814256	0.9870056455892898	0.9901643952374831	0.9887584052901687	0.9886774965539419	0.9857681797570206	0.9879457880363816	0.9830220099493148	0.9898723291937129	0.9907848184738166	0.9896686044931807	0.9886540892538593	0.9897366525997191
0.983527536056482	0.9905495779579331	0.9834105930069893	0.9865882560177472	1.0	0.9877990364074893	0.9858562529274865	0.9801691509776213	0.9864539237755827	0.9870937727232612	0.9855532915997937	0.9873567467686402	0.9877990364074893	0.9852195703322728	0.987487449970944	0.9806859283492527	0.9853868547948675	0.9868286799450565	0.9763954734509738	0.9871728858337814	0.980425204922627	0.9899497943349409	0.9844274385048516	0.9856361948509269	0.9833208684770397	0.9823281049683561	0.9796250519806101	0.9855256106270434	0.9877214158256588	0.9965753463894717	0.9891658109782869	0.9860203347756096
0.9892189527317389	0.9869289283126469	0.9913565514355608	0.9918857751906666	0.9877990364074893	1.0	0.9885502796582182	0.9904421982112117	0.9881820902677291	0.989209867898292	0.989151889769781	0.9886481359130296	0.9896527795425946	0.9901983659008631	0.988849568370573	0.9910129998505184	0.9869863670050815	0.988893323692793	0.9887058795430723	0.9881909339641234	0.9910462256769988	0.9871203871276115	0.9902366340902997	0.9891695054613155	0.9901347100257447	0.9906996790213211	0.9869142184050596	0.9887494835486559	0.9888116819318098	0.9869928151700751	0.9879080698184267	0.9886044554305302
0.9887181228193612	0.9878825483128694	0.9900448858021303	0.9904095252477071	0.9858562529274865	0.9885502796582182	1.0	0.9895885127696081	0.9893810078475297	0.9899042042411869	0.9879578815154315	0.9901722597941793	0.988670244640733	0.988908249663182	0.9896339532416998	0.9895574096365698	0.9908143307185946	0.989047278403391	0.9872876973960869	0.9905326021083938	0.9891528216172113	0.9886901964151331	0.9890013565851739	0.9897698687915112	0.9887609687616509	0.9892047483871041	0.9866887229730722	0.9900193519051385	0.9893027865957918	0.9874918647038282	0.9871801211262828	0.9880253238299213
0.9891532407087417	0.9889464015219164	0.9834105930069893	0.9870789254230432	0.9801691509776213	0.9904421982112117	0.9895885127696081	1.0	0.9892818593572936	0.9915391679963993	0.9883708086483733	0.9914431211215671	0.9909342430950089	0.9896139389917313	0.9908364188628508	0.9844136485987255	0.9896901002811713	0.9907137297055595	0.9820760007304048	0.9905658984952312	0.9823344418379137	0.9899678637065649	0.9833937385545546	0.9852444857030158	0.9857342367925805	0.9836428485325727	0.9823326366918501	0.9893075229951638	0.9908364188628508	0.9895630669335291	0.9883708086483733	0.990218362930735
0.9893776247700208	0.9886150871374906	0.9903964588700869	0.9887709598586808	0.9864539237755827	0.9881820902677291	0.9893810078475297	0.9892818593572936	1.0	0.990273762654692	0.9882974329063947	0.9898056105678702	0.988829470429388	0.9893305997519803	0.9897300860025762	0.9894829171750923	0.9892540989664175	0.9889845143579036	0.9883814768932715	0.9904221796867333	0.990125716558351	0.989234915850035	0.9887827811611192	0.98830558893407	0.9887839567885159	0.9889093290030716	0.9865627764808744	0.9892732709296085	0.9888488908489127	0.9882612414399539	0.9874205111564907	0.9883993000232101
0.9907153933711419	0.9872282100199408	0.9913808059947786	0.9932785672365799	0.9870937727232612	0.989209867898292	0.9899042042411869	0.9915391679963993	0.990273762654692	1.0	0.9924760878169417	0.9906168360273598	0.9900922090040329	0.9908917688516908	0.9897893390795371	0.9918912077962873	0.9882907865115766	0.989468611703052	0.9898167901702113	0.9876300395340323	0.9925334344200236	0.9872196490976022	0.9904921204506675	0.9899675861363314	0.9903764593819682	0.9902753539307538	0.9876304776115382	0.9897078318302878	0.9898496234649251	0.9874515872369102	0.9881838529372288	0.9898656185717187
0.9870714533010305	0.9877223924236238	0.9890712897973335	0.9906308021930839	0.9855532915997937	0.989151889769781	0.9879578815154315	0.9883708086483733	0.9882974329063947	0.9924760878169417	1.0	0.9907971289797023	0.9887794872693522	0.9874635595489122	0.9896014095283505	0.98884284362855	0.9881493096976712	0.988591696244892	0.9854511800123853	0.9894997826136595	0.9888132892878511	0.9886961566708552	0.9878686430038571	0.9874184052397074	0.9872553320800752	0.9882196443484912	0.9841004434875041	0.9884238677115326	0.9892340777123715	0.9879578815154315	0.9869397059835874	0.988043098099683
0.9901404056954599	0.9872862061420803	0.9916223775522119	0.9914368733617324	0.9873567467686402	0.9886481359130296	0.9901722597941793	0.9914431211215671	0.9898056105678702	0.9906168360273598	0.9907971289797023	1.0	0.9897999072507999	0.9906814363915323	0.9891199230050557	0.9917870466282425	0.9875788128681706	0.9889867937045551	0.9898479871214478	0.9896205633642174	0.9926271249584923	0.9882250802796612	0.9898614513261164	0.9894154185933355	0.9905729459395636	0.990867893973996	0.9877524104594905	0.9893469327058877	0.9902486153065133	0.9876597394333744	0.9882622258409803	0.9887193828339496
0.9890994456211608	0.9888882732254283	0.9915259607090638	0.9910471868318157	0.9877990364074893	0.9896527795425946	0.988670244640733	0.9909342430950089	0.988829470429388	0.9900922090040329	0.9887794872693522	0.9897999072507999	1.0	0.9904117882400059	0.9903999689213077	0.9917522531834335	0.9886231085001705	0.9896343423570771	0.9882835299847945	0.9896896230290348	0.9911442205847505	0.9890763790509715	0.9897433264807615	0.9884435114993549	0.9909839507902599	0.9897877642877932	0.9875326051258015	0.9883188199404104	0.9899828990447517	0.9888694034719262	0.9883989313616893	0.9891185020245964
0.9889284847368001	0.9891703417607378	0.9902211404249879	0.9896913027947367	0.9852195703322728	0.9901983659008631	0.988908249663182	0.9896139389917313	0.9893305997519803	0.9908917688516908	0.9874635595489122	0.9906814363915323	0.9904117882400059	1.0	0.9917571142798121	0.9905108112343665	0.9900422782833712	0.9904697556625814	0.9884791334735272	0.9907772081454654	0.9900246471415234	0.989470189472752	0.9879437147493837	0.9873473355330442	0.9888298847985233	0.9889686250374551	0.9873113221891447	0.9894303669461817	0.9904697556625814	0.9885827874877154	0.9883571529615914	0.9893505773504623
0.9898686114667682	0.9871520716854337	0.9914050427651041	0.9909817898585357	0.987487449970944	0.988849568370573	0.9896339532416998	0.9908364188628508	0.9897300860025762	0.9897893390795371	0.9896014095283505	0.9891199230050557	0.9903999689213077	0.9917571142798121	1.0	0.9925093775271082	0.9886960556585513	0.990106294482282	0.9895346820883062	0.9888932571505544	0.9915816362782032	0.9874073268480943	0.9899556476594082	0.9888311858894924	0.9902448156336328	0.9898166463371574	0.9892977844038798	0.9894041799688029	0.9895563869312348	0.9873184380995926	0.9882230626972683	0.9896804198980662
0.9894829171750923	0.9893708620696885	0.9843265322920547	0.987839212192938	0.9806859283492527	0.9910129998505184	0.9895574096365698	0.9844136485987255	0.9894829171750923	0.9918912077962873	0.98884284362855	0.9917870466282425	0.9917522531834335	0.9905108112343665	0.9925093775271082	1.0	0.9905830217200677	0.9916127120354526	0.9754065650455157	0.9911905184876252	0.9848028352272165	0.9897058917720444	0.9847598194595243	0.9865604395836101	0.9854835319047702	0.9798465889329488	0.984019790571716	0.9895574096365698	0.9911550909867392	0.9893334256017229	0.9885756285131942	0.9903295910170321
0.98971228937169	0.9855475964531885	0.9900953403869945	0.9897139854896483	0.9853868547948675	0.9869863670050815	0.9908143307185946	0.9896901002811713	0.9892540989664175	0.9882907865115766	0.9881493096976712	0.9875788128681706	0.9886231085001705	0.9900422782833712	0.9886960556585513	0.9905830217200677	1.0	0.9890986090172611	0.9882835299847945	0.988969545462605	0.9905518421385335	0.9860474482944693	0.9889771418750886	0.9891919371357187	0.9888298847985233	0.9892928605049399	0.9868392248887746	0.9900648255559495	0.9880111987605174	0.9857284203019466	0.9867607602135656	0.9876110377327448
0.9891393294726207	0.9880783459370461	0.9914534630450528	0.9901643952374831	0.9868286799450565	0.988893323692793	0.989047278403391	0.9907137297055595	0.9889845143579036	0.989468611703052	0.988591696244892	0.9889867937045551	0.9896343423570771	0.9904697556625814	0.990106294482282	0.9916127120354526	0.9890986090172611	1.0	0.9891865740807845	0.989468611703052	0.9908740319633477	0.9878085934100674	0.9898378601657859	0.9885808591192975	0.9903764593819682	0.9896139389917313	0.9883075585236136	0.9895563553142486	0.9886985109355259	0.987789240551172	0.9883013424809179	0.9898840813919918
0.9875562117020826	0.9874892882056892	0.9810325108893153	0.9837319722278413	0.9763954734509738	0.9887058795430723	0.9872876973960869	0.9820760007304048	0.9883814768932715	0.9898167901702113	0.9854511800123853	0.9898479871214478	0.9882835299847945	0.9884791334735272	0.9895346820883062	0.9754065650455157	0.9882835299847945	0.9891865740807845	1.0	0.9892501403758626	0.9815182602277548	0.9875896224978783	0.979573064990281	0.9813167405852975	0.9838444417020242	0.9770009364367617	0.9812357838328403	0.9885116214515359	0.9897855636931787	0.9869489439229379	0.9861214117860311	0.9883162113213171
0.9924007046962887	0.9875310140115783	0.9915259607090638	0.9908067622814256	0.9871728858337814	0.9881909339641234	0.9905326021083938	0.9905658984952312	0.9904221796867333	0.9876300395340323	0.9894997826136595	0.9896205633642174	0.9896896230290348	0.9907772081454654	0.9888932571505544	0.9911905184876252	0.988969545462605	0.989468611703052	0.9892501403758626	1.0	0.9913393427233546	0.9880008046917449	0.9906076002339854	0.9911084957044864	0.9905511717548707	0.9909237757745256	0.9879707581149014	0.9903254242581613	0.9899589187084489	0.9874895311234717	0.9879871009238517	0.9893256519312186
0.9897706109456454	0.989847027376372	0.9831242421507171	0.9870056455892898	0.980425204922627	0.9910462256769988	0.9891528216172113	0.9823344418379137	0.990125716558351	0.9925334344200236	0.9888132892878511	0.9926271249584923	0.9911442205847505	0.9900246471415234	0.9915816362782032	0.9848028352272165	0.9905518421385335	0.9908740319633477	0.9815182602277548	0.9913393427233546	1.0	0.9905019942637971	0.9838038613269264	0.9844996272117768	0.9859917445296952	0.9813342486297597	0.9826209686119916	0.9902264774128604	0.9916539793272181	0.9901509356248024	0.9892824855373665	0.9906016148713532
0.9885967827521648	0.9895761033650762	0.990818396124949	0.9901643952374831	0.9899497943349409	0.9871203871276115	0.9886901964151331	0.9899678637065649	0.989234915850035	0.9872196490976022	0.9886961566708552	0.9882250802796612	0.9890763790509715	0.989470189472752	0.9874073268480943	0.9897058917720444	0.9860474482944693	0.9878085934100674	0.9875896224978783	0.9880008046917449	0.9905019942637971	1.0	0.9905152487410438	0.988989500525012	0.9898244455813382	0.9890278146061433	0.9866132129719024	0.9881211871652777	0.9887740014273968	0.9890810944188191	0.9906401800272713	0.9877491764068347
0.9884152362908801	0.9889286590291919	0.9852426852790618	0.9887584052901687	0.9844274385048516	0.9902366340902997	0.9890013565851739	0.9833937385545546	0.9887827811611192	0.9904921204506675	0.9878686430038571	0.9898614513261164	0.9897433264807615	0.9879437147493837	0.9899556476594082	0.9847598194595243	0.9889771418750886	0.9898378601657859	0.979573064990281	0.9906076002339854	0.9838038613269264	0.9905152487410438	1.0	0.9896959578666359	0.9845778218862783	0.9845022478978709	0.9810742756032136	0.9894103088142073	0.9895296300225936	0.9884152362908801	0.9884644797859257	0.9892665511709191
0.9888538488714195	0.9880047608205195	0.9866717246358766	0.9886774965539419	0.9856361948509269	0.9891695054613155	0.9897698687915112	0.9852444857030158	0.98830558893407	0.9899675861363314	0.9874184052397074	0.9894154185933355	0.9884435114993549	0.9873473355330442	0.9888311858894924	0.9865604395836101	0.9891919371357187	0.9885808591192975	0.9813167405852975	0.9911084957044864	0.9844996272117768	0.988989500525012	0.9896959578666359	1.0	0.9843372517992219	0.9862851573218225	0.9809925557855305	0.9893262076687253	0.98867210718399	0.9877246130593902	0.9876071776513287	0.9882594861323258
0.9885764850108836	0.9895561625447153	0.9869224825891901	0.9857681797570206	0.9833208684770397	0.9901347100257447	0.9887609687616509	0.9857342367925805	0.9887839567885159	0.9903764593819682	0.9872553320800752	0.9905729459395636	0.9909839507902599	0.9888298847985233	0.9902448156336328	0.9854835319047702	0.9888298847985233	0.9903764593819682	0.9838444417020242	0.9905511717548707	0.9859917445296952	0.9898244455813382	0.9845778218862783	0.9843372517992219	1.0	0.9854057981183778	0.9816440468945228	0.9889672861063624	0.9911340936497341	0.9896234381262257	0.9888298847985233	0.9892630388309096
0.9882801933308532	0.9891753252812624	0.983781874633473	0.9879457880363816	0.9823281049683561	0.9906996790213211	0.9892047483871041	0.9836428485325727	0.9889093290030716	0.9902753539307538	0.9882196443484912	0.990867893973996	0.9897877642877932	0.9889686250374551	0.9898166463371574	0.9798465889329488	0.9892928605049399	0.9896139389917313	0.9770009364367617	0.9909237757745256	0.9813342486297597	0.9890278146061433	0.9845022478978709	0.9862851573218225	0.9854057981183778	1.0	0.9807307269626009	0.9899606785718001	0.9903322467042462	0.9892047483871041	0.987853994199317	0.9894975445038905
0.9851972070528437	0.9870636945170499	0.9827554202387728	0.9830220099493148	0.9796250519806101	0.9869142184050596	0.9866887229730722	0.9823326366918501	0.9865627764808744	0.9876304776115382	0.9841004434875041	0.9877524104594905	0.9875326051258015	0.9873113221891447	0.9892977844038798	0.984019790571716	0.9868392248887746	0.9883075585236136	0.9812357838328403	0.9879707581149014	0.9826209686119916	0.9866132129719024	0.9810742756032136	0.9809925557855305	0.9816440468945228	0.9807307269626009	1.0	0.9870388289450872	0.9873606249041403	0.9866384022402955	0.9856154670441803	0.9871381786812627
0.989059513463685	0.9879024126208931	0.9900701227365495	0.9898723291937129	0.9855256106270434	0.9887494835486559	0.9900193519051385	0.9893075229951638	0.9892732709296085	0.9897078318302878	0.9884238677115326	0.9893469327058877	0.9883188199404104	0.9894303669461817	0.9894041799688029	0.9895574096365698	0.9900648255559495	0.9895563553142486	0.9885116214515359	0.9903254242581613	0.9902264774128604	0.9881211871652777	0.9894103088142073	0.9893262076687253	0.9889672861063624	0.9899606785718001	0.9870388289450872	1.0	0.98888534097996	0.9874402232580873	0.9867035085481787	0.9881608086943793
0.9898880997553544	0.9881843758232853	0.9913079888441162	0.9907848184738166	0.9877214158256588	0.9888116819318098	0.9893027865957918	0.9908364188628508	0.9888488908489127	0.9898496234649251	0.9892340777123715	0.9902486153065133	0.9899828990447517	0.9904697556625814	0.9895563869312348	0.9911550909867392	0.9880111987605174	0.9886985109355259	0.9897855636931787	0.9899589187084489	0.9916539793272181	0.9887740014273968	0.9895296300225936	0.98867210718399	0.9911340936497341	0.9903322467042462	0.9873606249041403	0.98888534097996	1.0	0.9886417793724156	0.9882230626972683	0.9888719986041545
0.9875469381375781	0.990840030343725	0.9900448858021303	0.9896686044931807	0.9965753463894717	0.9869928151700751	0.9874918647038282	0.9895630669335291	0.9882612414399539	0.9874515872369102	0.9879578815154315	0.9876597394333744	0.9888694034719262	0.9885827874877154	0.9873184380995926	0.9893334256017229	0.9857284203019466	0.987789240551172	0.9869489439229379	0.9874895311234717	0.9901509356248024	0.9890810944188191	0.9884152362908801	0.9877246130593902	0.9896234381262257	0.9892047483871041	0.9866384022402955	0.9874402232580873	0.9886417793724156	1.0	0.9905124730202701	0.9874126857765653
0.9873160449257329	0.9979175369097837	0.9890972824217539	0.9886540892538593	0.9891658109782869	0.9879080698184267	0.9871801211262828	0.9883708086483733	0.9874205111564907	0.9881838529372288	0.9869397059835874	0.9882622258409803	0.9883989313616893	0.9883571529615914	0.9882230626972683	0.9885756285131942	0.9867607602135656	0.9883013424809179	0.9861214117860311	0.9879871009238517	0.9892824855373665	0.9906401800272713	0.9884644797859257	0.9876071776513287	0.9888298847985233	0.987853994199317	0.9856154670441803	0.9867035085481787	0.9882230626972683	0.9905124730202701	1.0	0.9872487216720641
0.9884342978247871	0.9877688632744288	0.9905459943286964	0.9897366525997191	0.9860203347756096	0.9886044554305302	0.9880253238299213	0.990218362930735	0.9883993000232101	0.9898656185717187	0.988043098099683	0.9887193828339496	0.9891185020245964	0.9893505773504623	0.9896804198980662	0.9903295910170321	0.9876110377327448	0.9898840813919918	0.9883162113213171	0.9893256519312186	0.9906016148713532	0.9877491764068347	0.9892665511709191	0.9882594861323258	0.9892630388309096	0.9894975445038905	0.9871381786812627	0.9881608086943793	0.9888719986041545	0.9874126857765653	0.9872487216720641	1.0
