/home/jshaw/scratch/2022_sketched_distance/references/SGB_genome_fastas_part2/2497/CM_periimplantitis__SP_143SPT_T016__bin.9.fa	/home/jshaw/scratch/2022_sketched_distance/references/SGB_genome_fastas_part2/2497/CM_periimplantitis__SP_283SPI_T016__bin.8.fa	/home/jshaw/scratch/2022_sketched_distance/references/SGB_genome_fastas_part2/2497/CM_periimplantitis__SP_287SPT_T016__bin.1.fa	/home/jshaw/scratch/2022_sketched_distance/references/SGB_genome_fastas_part2/2497/CM_periimplantitis__SP_384SPT_T016__bin.18.fa	/home/jshaw/scratch/2022_sketched_distance/references/SGB_genome_fastas_part2/2497/HMP_2012__SRS011126__bin.24.fa	/home/jshaw/scratch/2022_sketched_distance/references/SGB_genome_fastas_part2/2497/HMP_2012__SRS012285__bin.37.fa	/home/jshaw/scratch/2022_sketched_distance/references/SGB_genome_fastas_part2/2497/HMP_2012__SRS013170__bin.22.fa	/home/jshaw/scratch/2022_sketched_distance/references/SGB_genome_fastas_part2/2497/HMP_2012__SRS014690__bin.18.fa	/home/jshaw/scratch/2022_sketched_distance/references/SGB_genome_fastas_part2/2497/HMP_2012__SRS015278__bin.12.fa	/home/jshaw/scratch/2022_sketched_distance/references/SGB_genome_fastas_part2/2497/HMP_2012__SRS016575__bin.30.fa	/home/jshaw/scratch/2022_sketched_distance/references/SGB_genome_fastas_part2/2497/HMP_2012__SRS016746__bin.52.fa	/home/jshaw/scratch/2022_sketched_distance/references/SGB_genome_fastas_part2/2497/HMP_2012__SRS017139__bin.47.fa	/home/jshaw/scratch/2022_sketched_distance/references/SGB_genome_fastas_part2/2497/HMP_2012__SRS017227__bin.27.fa	/home/jshaw/scratch/2022_sketched_distance/references/SGB_genome_fastas_part2/2497/HMP_2012__SRS017304__bin.33.fa	/home/jshaw/scratch/2022_sketched_distance/references/SGB_genome_fastas_part2/2497/HMP_2012__SRS023358__bin.3.fa	/home/jshaw/scratch/2022_sketched_distance/references/SGB_genome_fastas_part2/2497/HMP_2012__SRS023595__bin.3.fa	/home/jshaw/scratch/2022_sketched_distance/references/SGB_genome_fastas_part2/2497/HMP_2012__SRS023964__bin.31.fa	/home/jshaw/scratch/2022_sketched_distance/references/SGB_genome_fastas_part2/2497/HMP_2012__SRS024087__bin.21.fa	/home/jshaw/scratch/2022_sketched_distance/references/SGB_genome_fastas_part2/2497/HMP_2012__SRS024144__bin.33.fa	/home/jshaw/scratch/2022_sketched_distance/references/SGB_genome_fastas_part2/2497/HMP_2012__SRS024355__bin.37.fa	/home/jshaw/scratch/2022_sketched_distance/references/SGB_genome_fastas_part2/2497/HMP_2012__SRS024649__bin.40.fa	/home/jshaw/scratch/2022_sketched_distance/references/SGB_genome_fastas_part2/2497/HMP_2012__SRS042984__bin.9.fa	/home/jshaw/scratch/2022_sketched_distance/references/SGB_genome_fastas_part2/2497/HMP_2012__SRS043772__bin.17.fa	/home/jshaw/scratch/2022_sketched_distance/references/SGB_genome_fastas_part2/2497/HMP_2012__SRS047634__bin.34.fa	/home/jshaw/scratch/2022_sketched_distance/references/SGB_genome_fastas_part2/2497/HMP_2012__SRS053917__bin.53.fa	/home/jshaw/scratch/2022_sketched_distance/references/SGB_genome_fastas_part2/2497/HMP_2012__SRS063932__bin.5.fa
1.0	0.9685136841996268	0.9686124552121659	0.9704595780043752	0.9656828122711377	0.9616390638451543	0.9645145069700813	0.9649436818064104	0.9688459506619719	0.9652045436786002	0.9665954021630815	0.9680241744810302	0.9604218032376256	0.9600554273889543	0.970597334440318	0.9613373922081134	0.964021573241606	0.9682161215025704	0.9713562165274106	0.9690057313961393	0.9633824333434434	0.9663968522482016	0.9687488969387341	0.9654151055268058	0.9655333806249715	0.9655409759843223
0.9685136841996268	1.0	0.9895065674914105	0.9743080795880645	0.9689109115435606	0.9644434306382774	0.9751257921259534	0.9676864119781627	0.9731322320109185	0.9698506591746235	0.969212271463199	0.9721115961523744	0.961222590773567	0.965816668824272	0.9748149546789705	0.9644708780639212	0.9713023383213014	0.9731752773926148	0.9740844206463223	0.9727399219468629	0.9668193761427405	0.9713950623459507	0.9732120421013851	0.968598748108639	0.968423567295601	0.9698725267503853
0.9686124552121659	0.9895065674914105	1.0	0.9745021213898628	0.9683455626473073	0.9652013690921893	0.9757291387676469	0.9684702103047325	0.9736689752699291	0.9697580144110732	0.9693377841748311	0.9723957792211927	0.9620473484623484	0.9650110884146823	0.9750691622661026	0.9645960573188087	0.9728447609090669	0.9726600267440156	0.974384077782241	0.9732729180115168	0.9672775076539729	0.9709219250516106	0.9737362331591287	0.9687333812909522	0.9682571693353739	0.9692079382554818
0.9704595780043752	0.9743080795880645	0.9745021213898628	1.0	0.9691506831675287	0.9654924836757035	0.969215527476582	0.9695897905049536	0.9745091557725765	0.971003773004801	0.9704785241833199	0.9737975694803286	0.962871018526147	0.9662778731237814	0.9752399972361088	0.9657481944775417	0.9665807725470826	0.9731895540280281	0.9743521393630417	0.974490193707067	0.9679690944570024	0.97238643876163	0.9743830917020808	0.970411896358741	0.9686494917459129	0.9710867495813493
0.9656828122711377	0.9689109115435606	0.9683455626473073	0.9691506831675287	1.0	0.9658819687860406	0.9693260978225644	0.9683671673541845	0.9697742906607738	0.9704867991023198	0.9705447957748966	0.9697587519913542	0.9632541061674653	0.9639230241679213	0.9714403874549004	0.9670311190579723	0.9663945939394628	0.9696472340776036	0.9695372966364131	0.970125990081027	0.9686388013148207	0.9717512885699486	0.9692411406580902	0.9680735712062086	0.9696230447298614	0.9688556430954538
0.9616390638451543	0.9644434306382774	0.9652013690921893	0.9654924836757035	0.9658819687860406	1.0	0.9652885311674568	0.9671520128410211	0.9647860583774628	0.9672072291589822	0.9649185376116056	0.9641763436081419	0.9592412343192332	0.9587595820023388	0.9679207987613444	0.9619231086763701	0.9668316389957103	0.9656009054890967	0.9646948685143438	0.9641167654903149	0.9632882885944557	0.9656437807980232	0.964303211786462	0.963980531356864	0.9638346258394123	0.965189252111509
0.9645145069700813	0.9751257921259534	0.9757291387676469	0.969215527476582	0.9693260978225644	0.9652885311674568	1.0	0.9676713517628339	0.9696778351919946	0.969255037265724	0.9695810841563907	0.9685842492900203	0.9627625296396319	0.964635826114127	0.9709746242991727	0.965647818265543	0.9848223786529783	0.969407859305324	0.969809082084942	0.9687305665688163	0.9655621149369744	0.9702204664604283	0.9691156322021299	0.9686321005318512	0.967549601218047	0.9693083823926821
0.9649436818064104	0.9676864119781627	0.9684702103047325	0.9695897905049536	0.9683671673541845	0.9671520128410211	0.9676713517628339	1.0	0.9677313731643972	0.9701017642066051	0.9678624359817475	0.9664950057392601	0.9651623992897448	0.961139245721275	0.9705604768779441	0.9633085949512218	0.9647356090656293	0.9705431280942146	0.9681254215387086	0.966689503785944	0.9645446028315467	0.9692805311014548	0.9664316893451635	0.9663395317277611	0.9681692264391308	0.9698430387459444
0.9688459506619719	0.9731322320109185	0.9736689752699291	0.9745091557725765	0.9697742906607738	0.9647860583774628	0.9696778351919946	0.9677313731643972	1.0	0.9705480427673437	0.9852273058071023	0.9914148883640831	0.9638640513431411	0.9664567145218221	0.9817116898496416	0.9818396428426045	0.9659581514677922	0.9720530592590176	0.9740292782864762	0.9926812724310095	0.9692383260740678	0.9904844647714195	0.997607515580556	0.9687038796955408	0.9702146502970602	0.9696029828615925
0.9652045436786002	0.9698506591746235	0.9697580144110732	0.971003773004801	0.9704867991023198	0.9672072291589822	0.969255037265724	0.9701017642066051	0.9705480427673437	1.0	0.9706009637148151	0.9707205263252286	0.96342575155796	0.9651180693207713	0.9728952913092321	0.9662575145891251	0.9675798284113203	0.9707907386815694	0.970874792910441	0.9707905502693673	0.9672072291589822	0.9715092633544101	0.9703478432222824	0.9692036996319908	0.9690532853161913	0.969944798371955
0.9665954021630815	0.969212271463199	0.9693377841748311	0.9704785241833199	0.9705447957748966	0.9649185376116056	0.9695810841563907	0.9678624359817475	0.9852273058071023	0.9706009637148151	1.0	0.9838075640916283	0.9634682150285814	0.96365901353221	0.9789314832683578	0.977091970456611	0.9657283609614095	0.9702725436407033	0.9697960705974085	0.9841649570574252	0.9687782287402724	0.9852431832387816	0.9855443292207461	0.967922047623998	0.9691359851474187	0.9695403796428231
0.9680241744810302	0.9721115961523744	0.9723957792211927	0.9737975694803286	0.9697587519913542	0.9641763436081419	0.9685842492900203	0.9664950057392601	0.9914148883640831	0.9707205263252286	0.9838075640916283	1.0	0.9622895072325367	0.9646401680369516	0.9796269288678955	0.9799741401183399	0.9655466790229512	0.9710288942158689	0.9725174333767009	0.9959503233206589	0.9684243934911813	0.989982135602029	0.9918983586764372	0.9683794722366572	0.9691175519535026	0.9679939085551174
0.9604218032376256	0.961222590773567	0.9620473484623484	0.962871018526147	0.9632541061674653	0.9592412343192332	0.9627625296396319	0.9651623992897448	0.9638640513431411	0.96342575155796	0.9634682150285814	0.9622895072325367	1.0	0.9591049928613574	0.9655367780935195	0.9621879358986335	0.9593141093673464	0.9630417104248908	0.9624570887012058	0.9630180527116694	0.9589082074877316	0.9655890741810237	0.9628093538602498	0.9631779603351237	0.9660779519828606	0.9630222762370998
0.9600554273889543	0.965816668824272	0.9650110884146823	0.9662778731237814	0.9639230241679213	0.9587595820023388	0.964635826114127	0.961139245721275	0.9664567145218221	0.9651180693207713	0.96365901353221	0.9646401680369516	0.9591049928613574	1.0	0.9679259052552357	0.9596270297645954	0.9604726223602356	0.9650347696952088	0.9880407121571227	0.9659390668306557	0.9617779243287689	0.9649614957443198	0.966684118979664	0.9626049377541022	0.9612763197944331	0.9626879619079951
0.970597334440318	0.9748149546789705	0.9750691622661026	0.9752399972361088	0.9714403874549004	0.9679207987613444	0.9709746242991727	0.9705604768779441	0.9817116898496416	0.9728952913092321	0.9789314832683578	0.9796269288678955	0.9655367780935195	0.9679259052552357	1.0	0.972927166130332	0.9681084039494864	0.9739245308087436	0.9747780148584091	0.9808708925877597	0.9695382014660927	0.9797422100463393	0.9817636588590078	0.9715108158107277	0.9706742138006896	0.9718708421901208
0.9613373922081134	0.9644708780639212	0.9645960573188087	0.9657481944775417	0.9670311190579723	0.9619231086763701	0.965647818265543	0.9633085949512218	0.9818396428426045	0.9662575145891251	0.977091970456611	0.9799741401183399	0.9621879358986335	0.9596270297645954	0.972927166130332	1.0	0.962724789839791	0.9643213133482188	0.9646537388341695	0.9808405183437445	0.962573190273474	0.9822498731827226	0.9818111356301749	0.962294269404722	0.9647666417547474	0.9656453820686384
0.964021573241606	0.9713023383213014	0.9728447609090669	0.9665807725470826	0.9663945939394628	0.9668316389957103	0.9848223786529783	0.9647356090656293	0.9659581514677922	0.9675798284113203	0.9657283609614095	0.9655466790229512	0.9593141093673464	0.9604726223602356	0.9681084039494864	0.962724789839791	1.0	0.9667737074122811	0.9674283474165974	0.9654529922852696	0.9624111328610826	0.9666309888718285	0.9656382355436135	0.9647401859477172	0.9651001536433658	0.9658581250369427
0.9682161215025704	0.9731752773926148	0.9726600267440156	0.9731895540280281	0.9696472340776036	0.9656009054890967	0.969407859305324	0.9705431280942146	0.9720530592590176	0.9707907386815694	0.9702725436407033	0.9710288942158689	0.9630417104248908	0.9650347696952088	0.9739245308087436	0.9643213133482188	0.9667737074122811	1.0	0.9724873123525113	0.9714120631944049	0.9686115870752705	0.9715302667623815	0.9714986202405506	0.9696216785609875	0.9689969347837801	0.9924346828538848
0.9713562165274106	0.9740844206463223	0.974384077782241	0.9743521393630417	0.9695372966364131	0.9646948685143438	0.969809082084942	0.9681254215387086	0.9740292782864762	0.970874792910441	0.9697960705974085	0.9725174333767009	0.9624570887012058	0.9880407121571227	0.9747780148584091	0.9646537388341695	0.9674283474165974	0.9724873123525113	1.0	0.9734425662363902	0.9671281755930975	0.9709508537609958	0.9740033341704291	0.9688138147601628	0.9710013709776809	0.9687434289788336
0.9690057313961393	0.9727399219468629	0.9732729180115168	0.974490193707067	0.970125990081027	0.9641167654903149	0.9687305665688163	0.966689503785944	0.9926812724310095	0.9707905502693673	0.9841649570574252	0.9959503233206589	0.9630180527116694	0.9659390668306557	0.9808708925877597	0.9808405183437445	0.9654529922852696	0.9714120631944049	0.9734425662363902	1.0	0.9679256847936463	0.9907147937158551	0.9930399183373696	0.9686798774585023	0.9690325896514254	0.968836592134445
0.9633824333434434	0.9668193761427405	0.9672775076539729	0.9679690944570024	0.9686388013148207	0.9632882885944557	0.9655621149369744	0.9645446028315467	0.9692383260740678	0.9672072291589822	0.9687782287402724	0.9684243934911813	0.9589082074877316	0.9617779243287689	0.9695382014660927	0.962573190273474	0.9624111328610826	0.9686115870752705	0.9671281755930975	0.9679256847936463	1.0	0.9683277799414579	0.9685738660479641	0.966205192825704	0.9639899664371185	0.9670402874725323
0.9663968522482016	0.9713950623459507	0.9709219250516106	0.97238643876163	0.9717512885699486	0.9656437807980232	0.9702204664604283	0.9692805311014548	0.9904844647714195	0.9715092633544101	0.9852431832387816	0.989982135602029	0.9655890741810237	0.9649614957443198	0.9797422100463393	0.9822498731827226	0.9666309888718285	0.9715302667623815	0.9709508537609958	0.9907147937158551	0.9683277799414579	1.0	0.9904883105817743	0.9683182898602816	0.970917087614876	0.9697417370716946
0.9687488969387341	0.9732120421013851	0.9737362331591287	0.9743830917020808	0.9692411406580902	0.964303211786462	0.9691156322021299	0.9664316893451635	0.997607515580556	0.9703478432222824	0.9855443292207461	0.9918983586764372	0.9628093538602498	0.966684118979664	0.9817636588590078	0.9818111356301749	0.9656382355436135	0.9714986202405506	0.9740033341704291	0.9930399183373696	0.9685738660479641	0.9904883105817743	1.0	0.9689152547276961	0.9692038304598273	0.9689968605845081
0.9654151055268058	0.968598748108639	0.9687333812909522	0.970411896358741	0.9680735712062086	0.963980531356864	0.9686321005318512	0.9663395317277611	0.9687038796955408	0.9692036996319908	0.967922047623998	0.9683794722366572	0.9631779603351237	0.9626049377541022	0.9715108158107277	0.962294269404722	0.9647401859477172	0.9696216785609875	0.9688138147601628	0.9686798774585023	0.966205192825704	0.9683182898602816	0.9689152547276961	1.0	0.9670959393136488	0.9684069724231184
0.9655333806249715	0.968423567295601	0.9682571693353739	0.9686494917459129	0.9696230447298614	0.9638346258394123	0.967549601218047	0.9681692264391308	0.9702146502970602	0.9690532853161913	0.9691359851474187	0.9691175519535026	0.9660779519828606	0.9612763197944331	0.9706742138006896	0.9647666417547474	0.9651001536433658	0.9689969347837801	0.9710013709776809	0.9690325896514254	0.9639899664371185	0.970917087614876	0.9692038304598273	0.9670959393136488	1.0	0.9676662905505603
0.9655409759843223	0.9698725267503853	0.9692079382554818	0.9710867495813493	0.9688556430954538	0.965189252111509	0.9693083823926821	0.9698430387459444	0.9696029828615925	0.969944798371955	0.9695403796428231	0.9679939085551174	0.9630222762370998	0.9626879619079951	0.9718708421901208	0.9656453820686384	0.9658581250369427	0.9924346828538848	0.9687434289788336	0.968836592134445	0.9670402874725323	0.9697417370716946	0.9689968605845081	0.9684069724231184	0.9676662905505603	1.0
