/home/jshaw/scratch/2022_sketched_distance/references/SGB_genome_fastas_part5/15339/Bengtsson-PalmeJ_2015__TRAVELRES19__bin.62.fa	/home/jshaw/scratch/2022_sketched_distance/references/SGB_genome_fastas_part5/15339/Bengtsson-PalmeJ_2015__TRAVELRES20__bin.85.fa	/home/jshaw/scratch/2022_sketched_distance/references/SGB_genome_fastas_part5/15339/Bengtsson-PalmeJ_2015__TRAVELRES4__bin.85.fa	/home/jshaw/scratch/2022_sketched_distance/references/SGB_genome_fastas_part5/15339/Bengtsson-PalmeJ_2015__TRAVELRES7__bin.47.fa	/home/jshaw/scratch/2022_sketched_distance/references/SGB_genome_fastas_part5/15339/BritoIL_2016__W1.9.ST__bin.62.fa	/home/jshaw/scratch/2022_sketched_distance/references/SGB_genome_fastas_part5/15339/ChengpingW_2017__AS9raw__bin.10.fa	/home/jshaw/scratch/2022_sketched_distance/references/SGB_genome_fastas_part5/15339/CM_madagascar__A27_02_1FE__bin.18.fa	/home/jshaw/scratch/2022_sketched_distance/references/SGB_genome_fastas_part5/15339/CM_madagascar__A42_02_1FE__bin.10.fa	/home/jshaw/scratch/2022_sketched_distance/references/SGB_genome_fastas_part5/15339/CM_madagascar__V30_01_1FE__bin.40.fa	/home/jshaw/scratch/2022_sketched_distance/references/SGB_genome_fastas_part5/15339/CosteaPI_2017__SID713A057-11-0-0__bin.57.fa	/home/jshaw/scratch/2022_sketched_distance/references/SGB_genome_fastas_part5/15339/CosteaPI_2017__SID713B040-11-0-0__bin.75.fa	/home/jshaw/scratch/2022_sketched_distance/references/SGB_genome_fastas_part5/15339/FengQ_2015__SID532779__bin.88.fa	/home/jshaw/scratch/2022_sketched_distance/references/SGB_genome_fastas_part5/15339/KarlssonFH_2013__S198__bin.15.fa	/home/jshaw/scratch/2022_sketched_distance/references/SGB_genome_fastas_part5/15339/LeChatelierE_2013__MH0060__bin.19.fa	/home/jshaw/scratch/2022_sketched_distance/references/SGB_genome_fastas_part5/15339/LeChatelierE_2013__MH0077__bin.23.fa	/home/jshaw/scratch/2022_sketched_distance/references/SGB_genome_fastas_part5/15339/LeChatelierE_2013__MH0111__bin.22.fa	/home/jshaw/scratch/2022_sketched_distance/references/SGB_genome_fastas_part5/15339/LeChatelierE_2013__MH0125__bin.25.fa	/home/jshaw/scratch/2022_sketched_distance/references/SGB_genome_fastas_part5/15339/LeChatelierE_2013__MH0161__bin.61.fa	/home/jshaw/scratch/2022_sketched_distance/references/SGB_genome_fastas_part5/15339/LeChatelierE_2013__MH0431__bin.18.fa	/home/jshaw/scratch/2022_sketched_distance/references/SGB_genome_fastas_part5/15339/LiJ_2014__MH0364__bin.50.fa	/home/jshaw/scratch/2022_sketched_distance/references/SGB_genome_fastas_part5/15339/LiJ_2017__H1M513730__bin.47.fa	/home/jshaw/scratch/2022_sketched_distance/references/SGB_genome_fastas_part5/15339/LiJ_2017__H2M514903__bin.46.fa	/home/jshaw/scratch/2022_sketched_distance/references/SGB_genome_fastas_part5/15339/NielsenHB_2014__MH0060__bin.19.fa	/home/jshaw/scratch/2022_sketched_distance/references/SGB_genome_fastas_part5/15339/NielsenHB_2014__MH0111__bin.30.fa	/home/jshaw/scratch/2022_sketched_distance/references/SGB_genome_fastas_part5/15339/NielsenHB_2014__O2_UC57_0__bin.17.fa	/home/jshaw/scratch/2022_sketched_distance/references/SGB_genome_fastas_part5/15339/NielsenHB_2014__O2_UC57_2__bin.33.fa	/home/jshaw/scratch/2022_sketched_distance/references/SGB_genome_fastas_part5/15339/NielsenHB_2014__V1_UC43_0__bin.58.fa	/home/jshaw/scratch/2022_sketched_distance/references/SGB_genome_fastas_part5/15339/SchirmerM_2016__G88820__bin.25.fa	/home/jshaw/scratch/2022_sketched_distance/references/SGB_genome_fastas_part5/15339/SchirmerM_2016__G88826__bin.15.fa	/home/jshaw/scratch/2022_sketched_distance/references/SGB_genome_fastas_part5/15339/SchirmerM_2016__G88863__bin.21.fa	/home/jshaw/scratch/2022_sketched_distance/references/SGB_genome_fastas_part5/15339/SchirmerM_2016__G89093__bin.27.fa	/home/jshaw/scratch/2022_sketched_distance/references/SGB_genome_fastas_part5/15339/SchirmerM_2016__G89251__bin.2.fa	/home/jshaw/scratch/2022_sketched_distance/references/SGB_genome_fastas_part5/15339/VatanenT_2016__G69170__bin.2.fa	/home/jshaw/scratch/2022_sketched_distance/references/SGB_genome_fastas_part5/15339/VatanenT_2016__G80409__bin.3.fa	/home/jshaw/scratch/2022_sketched_distance/references/SGB_genome_fastas_part5/15339/XieH_2016__YSZC12003_37583__bin.34.fa	/home/jshaw/scratch/2022_sketched_distance/references/SGB_genome_fastas_part5/15339/ZeeviD_2015__PNP_DietIntervention_35__bin.69.fa	/home/jshaw/scratch/2022_sketched_distance/references/SGB_genome_fastas_part5/15339/ZeeviD_2015__PNP_Main_25__bin.9.fa	/home/jshaw/scratch/2022_sketched_distance/references/SGB_genome_fastas_part5/15339/ZeeviD_2015__PNP_Main_359__bin.26.fa	/home/jshaw/scratch/2022_sketched_distance/references/SGB_genome_fastas_part5/15339/ZeeviD_2015__PNP_Main_409__bin.44.fa	/home/jshaw/scratch/2022_sketched_distance/references/SGB_genome_fastas_part5/15339/ZeeviD_2015__PNP_Main_40__bin.3.fa	/home/jshaw/scratch/2022_sketched_distance/references/SGB_genome_fastas_part5/15339/ZeeviD_2015__PNP_Main_640__bin.3.fa	/home/jshaw/scratch/2022_sketched_distance/references/SGB_genome_fastas_part5/15339/ZeeviD_2015__PNP_Main_749__bin.39.fa	/home/jshaw/scratch/2022_sketched_distance/references/SGB_genome_fastas_part5/15339/ZeeviD_2015__PNP_Main_82__bin.1.fa	/home/jshaw/scratch/2022_sketched_distance/references/SGB_genome_fastas_part5/15339/ZeeviD_2015__PNP_Validation_33__bin.5.fa
1.0	0.9959968538836497	0.9843960266652119	0.9827921073711244	0.9815215920165882	0.9813279491758509	0.9798685937870465	0.96840518188628	0.976105033886295	0.9857999388672184	0.9856717879253271	0.9854833275076105	0.9849929564669795	0.9822934793921868	0.9818398337194268	0.983440772395773	0.9806716369339387	0.985918345152652	0.9810664477053314	0.9842663324983517	0.980449924746591	0.9754430668670138	0.979366706140202	0.9822872593578429	0.9817200386542349	0.9810531295731804	0.9815017093066679	0.9848258816295157	0.9803629126463979	0.971081425046528	0.9782220115813973	0.9800517958958891	0.9853172021441201	0.986159112624772	0.9856820328966781	0.9842574238242819	0.9855066897578064	0.9847988693422801	0.9856348647237692	0.9850773109872034	0.9784168270324293	0.985413102317059	0.9808611237990378	0.9852229307750691
0.9959968538836497	1.0	0.9844402239673461	0.9827803830626823	0.9823282779464143	0.9813557058043115	0.9801047588443892	0.96835410997552	0.9767242184058655	0.9859763745035917	0.9858688288487563	0.9856500971280049	0.9846557618387249	0.982522864698743	0.9821811974487115	0.9836778452239187	0.9807430015993798	0.9856024967317767	0.9812807397634553	0.9846697694473059	0.9810891660533568	0.9750472470807531	0.9796531768583514	0.9827600414750872	0.9822234720941421	0.9808385555924607	0.9817779392887187	0.9847468728983244	0.9804511638018543	0.9721807986130424	0.9784783535776725	0.9806868129256976	0.9855256106270434	0.9862526574401697	0.9858505907555724	0.984120284388145	0.9858055470276282	0.985063172406588	0.9860599124028699	0.9851125375854204	0.9790754340418582	0.9856294224201984	0.9811893024143334	0.9855955814645134
0.9843960266652119	0.9844402239673461	1.0	0.9825162029742063	0.9817293126474139	0.9814853629060264	0.9801128813360211	0.9696302147599466	0.9770374068092752	0.9848610378192562	0.9860506617501555	0.9866350295174221	0.9846237496362047	0.9826924130909777	0.9814597972964819	0.983170284028333	0.9801943873348812	0.9840644456301135	0.9806371477024924	0.9848163965642104	0.9815941476979584	0.9751547453748817	0.9799337290766406	0.9821933457051809	0.9823625173196346	0.9812192291750919	0.9816171631503146	0.9852004525864021	0.9818187639765394	0.9715353063552854	0.9787257154227512	0.9789863456350666	0.9845817641103473	0.9857131339678914	0.9849373056321099	0.9829889616353515	0.9858393883895127	0.9850752299877275	0.9849259423520093	0.9846403667625767	0.9779197538491138	0.985382916080912	0.9804992689719647	0.9860212112376843
0.9827921073711244	0.9827803830626823	0.9825162029742063	1.0	0.9789406923882423	0.9790505949788274	0.9780894798963697	0.9663502926727734	0.9745609740764293	0.9823514211185618	0.9830085010183767	0.983184894183882	0.9827911289826584	0.9799882683670872	0.9807964172853331	0.9824578406830311	0.9788504346227344	0.9816485093470001	0.9805655227074145	0.9826761445343124	0.9782197566328048	0.973886059506962	0.9766430256727778	0.9805997256553122	0.9830953151280806	0.9823687317557948	0.9833764655550441	0.9834406735525076	0.9794851005539064	0.9690673186569092	0.9760136854016374	0.9784198360025553	0.9824069331369054	0.9826377526840153	0.9837615868770886	0.9816073025959049	0.9834538167798079	0.982749238391196	0.9826958030987125	0.982635553175255	0.9750197700288064	0.9829541011701127	0.9786222834106203	0.9827240873105778
0.9815215920165882	0.9823282779464143	0.9817293126474139	0.9789406923882423	1.0	0.9797943767623071	0.9784672683369375	0.9676206985561032	0.977125150172696	0.9833957974791574	0.9835725840501157	0.9821977056012016	0.9814175143828106	0.9801106323020013	0.9805426957573234	0.9808816968361332	0.9780349270973174	0.9819202000095377	0.9777173908748303	0.9830536510645422	0.9797217436181432	0.9742608285959939	0.9772451229106366	0.9820446964930216	0.980539677365324	0.9790754735157482	0.9804792322894648	0.9832636494546937	0.9785685738686541	0.970210997710504	0.977748502663335	0.9778121493655383	0.9819042993127033	0.9813193022084175	0.9823018774799699	0.9813204762904651	0.9837654295142713	0.9838179560186295	0.9823621030030601	0.9824560263228361	0.976018203282853	0.984485576185516	0.978962826156455	0.9836122233097913
0.9813279491758509	0.9813557058043115	0.9814853629060264	0.9790505949788274	0.9797943767623071	1.0	0.9837314037942261	0.9721938279463934	0.9805375197478566	0.9819110650493401	0.9825573221065517	0.9826865740189692	0.9815203966615127	0.9869724978953535	0.9793208420850231	0.9793888567798524	0.9779789699857432	0.9811982649797736	0.9765693047667037	0.9816218025236363	0.9876649089491544	0.9821570218423203	0.9832906837836055	0.9785169624655813	0.9789736530667428	0.9782431621666351	0.9804167293811555	0.9821167098324554	0.9772706854930143	0.96647877120767	0.9755085207298277	0.9765694953798938	0.9812905706147765	0.9827768622553746	0.9822360879061289	0.9812150421457344	0.9828786264506446	0.9825541900488797	0.98174505709905	0.9819625063942711	0.9764547624385886	0.9825917827376233	0.9786931788167539	0.9823236037731587
0.9798685937870465	0.9801047588443892	0.9801128813360211	0.9780894798963697	0.9784672683369375	0.9837314037942261	1.0	0.9742879786469203	0.9818207952933997	0.9807243518036904	0.981167455267665	0.9805976936270508	0.9800617323107967	0.9833192700491508	0.9781775204517363	0.9776822300023786	0.9757094980658886	0.9795039464045403	0.9748329328264567	0.9807661520410366	0.983115261565088	0.9770714347343021	0.9801938507802379	0.9765826116615399	0.9771880745630483	0.9763479144950735	0.9781803331734138	0.9806632428801039	0.976032531863516	0.9654697990914018	0.9746440243560286	0.9746570154705485	0.9793891759433233	0.9807556135613219	0.9803848722252096	0.9795079119701059	0.9814489395056538	0.9807358203277792	0.9798241963077757	0.980601869771498	0.9742863597226674	0.98052649044048	0.9771260555141233	0.9816026602281979
0.96840518188628	0.96835410997552	0.9696302147599466	0.9663502926727734	0.9676206985561032	0.9721938279463934	0.9742879786469203	1.0	0.9708819686825986	0.9694169231605714	0.9704352508729791	0.9703118954032072	0.9689605100815406	0.9727322742783057	0.9679622372809388	0.967597088291364	0.9664250358027724	0.9690854578774727	0.9664657327190637	0.9699238868902857	0.9717747127313019	0.9681946653199535	0.9708977736469709	0.967862163697261	0.967274448663768	0.9665634756315861	0.9679631793210955	0.969901569178002	0.9657636590680762	0.9556094538751274	0.9646166836339513	0.9643826429418275	0.96800926661628	0.9690124033200442	0.9695570380862427	0.9675551225197848	0.9707036679952917	0.9698809789730525	0.9686283712426217	0.968931129108383	0.9635631101095767	0.969448831968694	0.9656651557125049	0.970412266293443
0.976105033886295	0.9767242184058655	0.9770374068092752	0.9745609740764293	0.977125150172696	0.9805375197478566	0.9818207952933997	0.9708819686825986	1.0	0.9777800476931626	0.9780248086397014	0.9781378316363738	0.977252570672593	0.980412118577346	0.9746994837342879	0.9749626085253537	0.973958407018092	0.9774500142404549	0.9729499134263582	0.9781525466588018	0.9798200165236375	0.9746672442370606	0.9774854621974657	0.9750753628736746	0.974382328112941	0.9729718690965348	0.9750519985895141	0.9774704385529589	0.9726363206322963	0.9623328185190562	0.9714754495988683	0.9727973450752636	0.9766561132021258	0.9773553728312632	0.9777050768845736	0.9768272744839307	0.9785336394547625	0.9774041704892513	0.9774249444758616	0.9780133442619264	0.9720534115642173	0.9774374474492121	0.9731306242732731	0.9781731545294727
0.9857999388672184	0.9859763745035917	0.9848610378192562	0.9823514211185618	0.9833957974791574	0.9819110650493401	0.9807243518036904	0.9694169231605714	0.9777800476931626	1.0	0.9874456545514674	0.9859635196044536	0.9851866594142271	0.9833846736420566	0.9830257630791999	0.9829512925292045	0.9815705794443875	0.9856094959044669	0.9812072563155431	0.9860594107866114	0.9811956726083503	0.9759995331904509	0.9799589494430361	0.9832332059567856	0.9827139079334607	0.9816086077439862	0.9829555336550747	0.9859525414388715	0.9820192403721563	0.9718465421324166	0.9794022393273417	0.9808847808569663	0.9856992784807652	0.9861024013080567	0.9863399947448872	0.9848378064965497	0.9865417420068228	0.9860107835152448	0.9856256968990621	0.985821423479705	0.9802067055250622	0.9860849648440457	0.9821560945818273	0.9865444574198977
0.9856717879253271	0.9858688288487563	0.9860506617501555	0.9830085010183767	0.9835725840501157	0.9825573221065517	0.981167455267665	0.9704352508729791	0.9780248086397014	0.9874456545514674	1.0	0.9864911060788357	0.9855688354411789	0.984069604204165	0.9837241083232894	0.9841772203452225	0.9819832098787055	0.9852927645784051	0.981831825345695	0.9864675775833387	0.9820156246863532	0.9768093328441512	0.9807050590563247	0.9843256878275856	0.9830849761854781	0.9817460544320227	0.9831852733101581	0.9862512721732186	0.9822337881569265	0.9722475968242403	0.9801727193445143	0.9804988386691252	0.985757959898476	0.9861411550078105	0.9866617839249843	0.9849142791455231	0.9873252105967796	0.9862164143335752	0.9861705383944669	0.9859622059077665	0.9794873879691341	0.9862973263793623	0.9824422746281732	0.9870524636900321
0.9854833275076105	0.9856500971280049	0.9866350295174221	0.983184894183882	0.9821977056012016	0.9826865740189692	0.9805976936270508	0.9703118954032072	0.9781378316363738	0.9859635196044536	0.9864911060788357	1.0	0.9868924529314793	0.984413736816782	0.9832791806136589	0.9835016041624015	0.9815046525416248	0.985578061456636	0.9821608176411395	0.9858694450855752	0.9822171494311775	0.9751641546904665	0.9811770622469113	0.9828956741833564	0.9833241946611759	0.9822692422815351	0.9830205847195577	0.9866747114243531	0.9826535851982469	0.9752460890639367	0.9796248108494958	0.9810231630847364	0.985687312515395	0.986480441122329	0.9867376440269913	0.9848062027463302	0.987359696694731	0.9869211700054024	0.9857592672625186	0.9858860408806364	0.979639364380142	0.9867975913830352	0.9820786921111045	0.9873079722891687
0.9849929564669795	0.9846557618387249	0.9846237496362047	0.9827911289826584	0.9814175143828106	0.9815203966615127	0.9800617323107967	0.9689605100815406	0.977252570672593	0.9851866594142271	0.9855688354411789	0.9868924529314793	1.0	0.9822529562777732	0.9816511654291444	0.9840055856378098	0.980305637368816	0.9844940402831396	0.9805839389461889	0.9845428752724477	0.9815317984753866	0.9746321350066505	0.9789842916736728	0.9829036987233911	0.9822545056733968	0.9817562568077742	0.9821446217733553	0.9854897048534569	0.9813127676184222	0.9710815980752704	0.9788256886542952	0.9793173221085402	0.9840066482870679	0.9849696291517043	0.9857075971469197	0.9850634680489851	0.9858909638544047	0.9853752908268347	0.9848819624209976	0.9862463124858304	0.9784525731847435	0.9857362859378548	0.9806059574088682	0.9852767732202484
0.9822934793921868	0.982522864698743	0.9826924130909777	0.9799882683670872	0.9801106323020013	0.9869724978953535	0.9833192700491508	0.9727322742783057	0.980412118577346	0.9833846736420566	0.984069604204165	0.984413736816782	0.9822529562777732	1.0	0.981207967459976	0.9801573668426679	0.979441167765969	0.9822020656352505	0.9783395996090146	0.9835681955178914	0.985897511319799	0.9802630985380536	0.9943703001106341	0.9800856223607235	0.9799570159896935	0.9789003771452208	0.9801413448928146	0.9837444825737462	0.9795008361856641	0.9691569921811247	0.9764995259444715	0.9773080006028875	0.9827390699932593	0.9837273255634233	0.9830834604763343	0.9831409892363596	0.9844057087503382	0.9837761352258603	0.9832734132975743	0.9842894545214381	0.9769830791816003	0.9836029295814457	0.9798183633818682	0.9842828693703806
0.9818398337194268	0.9821811974487115	0.9814597972964819	0.9807964172853331	0.9805426957573234	0.9793208420850231	0.9781775204517363	0.9679622372809388	0.9746994837342879	0.9830257630791999	0.9837241083232894	0.9832791806136589	0.9816511654291444	0.981207967459976	1.0	0.9810230022337377	0.9805450446137082	0.982024286108943	0.9798542061080587	0.9839313740320299	0.9785266203982108	0.9739527260782066	0.9788501455530737	0.9813151624513254	0.9815595593574029	0.9793719796677898	0.9796347545767823	0.9843097665608922	0.9804410542198764	0.9707200499357369	0.9773356231871393	0.9778248115386806	0.9826896648303688	0.9834884582113437	0.9830396470071417	0.9816641874965297	0.9834263480187606	0.9835531490089335	0.9818119723339104	0.9826669659674185	0.9771943459735106	0.9835520809429784	0.979547280351377	0.984881154374504
0.983440772395773	0.9836778452239187	0.983170284028333	0.9824578406830311	0.9808816968361332	0.9793888567798524	0.9776822300023786	0.967597088291364	0.9749626085253537	0.9829512925292045	0.9841772203452225	0.9835016041624015	0.9840055856378098	0.9801573668426679	0.9810230022337377	1.0	0.9809141544353305	0.9833437718970628	0.983622564278577	0.9841982831640259	0.979143127462016	0.9731961784936205	0.9786112630856537	0.9932001200031652	0.982556941432419	0.9817206225726022	0.9812321242934031	0.9842836395578022	0.9810705680944485	0.9719575264031944	0.9769373373940231	0.9786437819520993	0.9832123990553775	0.983389451665744	0.9836748375480604	0.9825836058887587	0.9843492233718752	0.9836798633568039	0.9831421805996714	0.9835724906358684	0.9767201569875203	0.9839442152304319	0.9784692815426266	0.9838104392513493
0.9806716369339387	0.9807430015993798	0.9801943873348812	0.9788504346227344	0.9780349270973174	0.9779789699857432	0.9757094980658886	0.9664250358027724	0.973958407018092	0.9815705794443875	0.9819832098787055	0.9815046525416248	0.980305637368816	0.979441167765969	0.9805450446137082	0.9809141544353305	1.0	0.9804179439346494	0.9797456743364455	0.9840110889328203	0.9768599217079641	0.9730799472597639	0.978125468634333	0.9815296624792407	0.9808791331673479	0.9796441730470686	0.9792850104324328	0.9811586369935458	0.9777815966408309	0.969722517284254	0.9758530495334616	0.9778715082557493	0.9816997751303195	0.9816023798884267	0.9813573670324524	0.9804285714216239	0.9819573205379333	0.981783188100513	0.9814082152514857	0.9812192352862477	0.9745586512295915	0.9820168259360182	0.9778159016405328	0.9810942225974252
0.985918345152652	0.9856024967317767	0.9840644456301135	0.9816485093470001	0.9819202000095377	0.9811982649797736	0.9795039464045403	0.9690854578774727	0.9774500142404549	0.9856094959044669	0.9852927645784051	0.985578061456636	0.9844940402831396	0.9822020656352505	0.982024286108943	0.9833437718970628	0.9804179439346494	1.0	0.9807022205561616	0.98487783137324	0.980967377150438	0.9744725175233224	0.9792594727698178	0.9837728603341749	0.9827009293745761	0.9813862042755738	0.9825604344864005	0.9851613350020035	0.9813364250911938	0.9718497562147296	0.9784331894337968	0.980104571751974	0.9862216738002425	0.9855922619997062	0.9856814480777573	0.9842378937721745	0.9857593758125067	0.9848119242680922	0.9853451318813036	0.9850628638605929	0.9788038355261564	0.9856425324252709	0.9809876484498842	0.9848442730006726
0.9810664477053314	0.9812807397634553	0.9806371477024924	0.9805655227074145	0.9777173908748303	0.9765693047667037	0.9748329328264567	0.9664657327190637	0.9729499134263582	0.9812072563155431	0.981831825345695	0.9821608176411395	0.9805839389461889	0.9783395996090146	0.9798542061080587	0.983622564278577	0.9797456743364455	0.9807022205561616	1.0	0.9811602932818523	0.9761545356871111	0.970678848475203	0.9776278688435536	0.9827793053119855	0.9817636588590078	0.979742643672068	0.9786698312125981	0.9824546382188497	0.9790224698076568	0.9699412307150277	0.9753841552343013	0.9774904369460689	0.9812887179363546	0.9818381496739752	0.9822396309758449	0.9806498524945396	0.9823350881952196	0.982028335911113	0.9810446743247182	0.9821389602725726	0.9750968259429416	0.9819985313420551	0.9776804469451895	0.9818473612207448
0.9842663324983517	0.9846697694473059	0.9848163965642104	0.9826761445343124	0.9830536510645422	0.9816218025236363	0.9807661520410366	0.9699238868902857	0.9781525466588018	0.9860594107866114	0.9864675775833387	0.9858694450855752	0.9845428752724477	0.9835681955178914	0.9839313740320299	0.9841982831640259	0.9840110889328203	0.98487783137324	0.9811602932818523	1.0	0.9814333818770886	0.9762906096427305	0.9802598982304317	0.9846840583735605	0.9831075205010488	0.981710744992078	0.9823571880113716	0.986488764608711	0.9823147252952912	0.9735286272662454	0.9792267207937365	0.9811621888548941	0.9852056065053753	0.9855675923560766	0.9854661771511435	0.9846098839963072	0.9873872772556529	0.9862768275261254	0.9849446113856996	0.9861837630201148	0.9790468132160332	0.9863396256086769	0.982296703114662	0.9875545829644867
0.980449924746591	0.9810891660533568	0.9815941476979584	0.9782197566328048	0.9797217436181432	0.9876649089491544	0.983115261565088	0.9717747127313019	0.9798200165236375	0.9811956726083503	0.9820156246863532	0.9822171494311775	0.9815317984753866	0.985897511319799	0.9785266203982108	0.979143127462016	0.9768599217079641	0.980967377150438	0.9761545356871111	0.9814333818770886	1.0	0.9804716334505192	0.9823101635350212	0.9791277294968806	0.9781661086705336	0.9772139479444085	0.979416054112355	0.98192198840073	0.977296975669744	0.9671884075968722	0.9760839115427213	0.9763827933862215	0.9805029961688427	0.9814338202082766	0.9814671543123475	0.9801148746504238	0.9824028942168258	0.9812748944222343	0.980996155760418	0.9815102385606078	0.9761183325751345	0.9815242023737164	0.9777495982506808	0.9821200134460437
0.9754430668670138	0.9750472470807531	0.9751547453748817	0.973886059506962	0.9742608285959939	0.9821570218423203	0.9770714347343021	0.9681946653199535	0.9746672442370606	0.9759995331904509	0.9768093328441512	0.9751641546904665	0.9746321350066505	0.9802630985380536	0.9739527260782066	0.9731961784936205	0.9730799472597639	0.9744725175233224	0.970678848475203	0.9762906096427305	0.9804716334505192	1.0	0.9772240915444297	0.9739037074892729	0.9731043085078285	0.9711659349924193	0.9737883881899064	0.9773200188865439	0.9702573481132699	0.9600201025344527	0.9690697630074696	0.9710769548167438	0.9745132319943988	0.9757031209069289	0.9754668312236341	0.9731383524503476	0.9767518921294256	0.9762255603516315	0.9752937674754645	0.9752074514997704	0.9680059161705794	0.9766895195054854	0.9718675400800849	0.9760966164319976
0.979366706140202	0.9796531768583514	0.9799337290766406	0.9766430256727778	0.9772451229106366	0.9832906837836055	0.9801938507802379	0.9708977736469709	0.9774854621974657	0.9799589494430361	0.9807050590563247	0.9811770622469113	0.9789842916736728	0.9943703001106341	0.9788501455530737	0.9786112630856537	0.978125468634333	0.9792594727698178	0.9776278688435536	0.9802598982304317	0.9823101635350212	0.9772240915444297	1.0	0.978546726260971	0.9785469443299297	0.9774281286697925	0.9774801489392347	0.9806642431160534	0.976843315860646	0.9681135313194408	0.9733391043253226	0.9752971014469078	0.9796299762570707	0.9806687162786126	0.9802736884813829	0.979632159514773	0.9815506199084988	0.9805635594097196	0.9804683085555274	0.9809785912095171	0.9748747603468153	0.9805093836191785	0.9775189364435825	0.9805449778274258
0.9822872593578429	0.9827600414750872	0.9821933457051809	0.9805997256553122	0.9820446964930216	0.9785169624655813	0.9765826116615399	0.967862163697261	0.9750753628736746	0.9832332059567856	0.9843256878275856	0.9828956741833564	0.9829036987233911	0.9800856223607235	0.9813151624513254	0.9932001200031652	0.9815296624792407	0.9837728603341749	0.9827793053119855	0.9846840583735605	0.9791277294968806	0.9739037074892729	0.978546726260971	1.0	0.9821685659017557	0.9815748300828042	0.9805696181960454	0.9836463758965771	0.9803500877060494	0.972019321109282	0.9776683061482794	0.9795982591732565	0.9823075764256941	0.9825995127173566	0.982717350520468	0.9820132046512209	0.9838848113138982	0.9835617571698568	0.98287167177954	0.9832985774770158	0.9770495985414913	0.983742027383643	0.9789913751937309	0.9832542961291127
0.9817200386542349	0.9822234720941421	0.9823625173196346	0.9830953151280806	0.980539677365324	0.9789736530667428	0.9771880745630483	0.967274448663768	0.974382328112941	0.9827139079334607	0.9830849761854781	0.9833241946611759	0.9822545056733968	0.9799570159896935	0.9815595593574029	0.982556941432419	0.9808791331673479	0.9827009293745761	0.9817636588590078	0.9831075205010488	0.9781661086705336	0.9731043085078285	0.9785469443299297	0.9821685659017557	1.0	0.9912469869479348	0.9831881078652295	0.9840390207081308	0.9808142639345951	0.9700629368346406	0.9769457495667676	0.9787392215408579	0.9820663543253004	0.983002440467736	0.9830781232316251	0.981159554934204	0.9838455902939888	0.9829212246445742	0.9822564218449803	0.9826959982991494	0.9759909674843655	0.9837566439476233	0.9790063274823868	0.9835024987115658
0.9810531295731804	0.9808385555924607	0.9812192291750919	0.9823687317557948	0.9790754735157482	0.9782431621666351	0.9763479144950735	0.9665634756315861	0.9729718690965348	0.9816086077439862	0.9817460544320227	0.9822692422815351	0.9817562568077742	0.9789003771452208	0.9793719796677898	0.9817206225726022	0.9796441730470686	0.9813862042755738	0.979742643672068	0.981710744992078	0.9772139479444085	0.9711659349924193	0.9774281286697925	0.9815748300828042	0.9912469869479348	1.0	0.9826160443660321	0.9830481230606225	0.9796703946161687	0.9698832266485766	0.9761975364317087	0.9774857219431212	0.980747400165935	0.9815394126792563	0.9818518020028083	0.9806470401631886	0.9828460315728904	0.9819146333452194	0.9807925953600503	0.9816488544419648	0.974640141678637	0.9819865548556557	0.978319914619182	0.9821671841054844
0.9815017093066679	0.9817779392887187	0.9816171631503146	0.9833764655550441	0.9804792322894648	0.9804167293811555	0.9781803331734138	0.9679631793210955	0.9750519985895141	0.9829555336550747	0.9831852733101581	0.9830205847195577	0.9821446217733553	0.9801413448928146	0.9796347545767823	0.9812321242934031	0.9792850104324328	0.9825604344864005	0.9786698312125981	0.9823571880113716	0.979416054112355	0.9737883881899064	0.9774801489392347	0.9805696181960454	0.9831881078652295	0.9826160443660321	1.0	0.9832547488792366	0.9789856510522982	0.9697934086456013	0.976042480819394	0.9771632509638206	0.9825382674607172	0.9830791146215716	0.9828580651921621	0.9819382761932499	0.9841006093552458	0.9830068784658371	0.9824112219249063	0.9829549044078112	0.9748322374026198	0.9836497583972308	0.9788268443937571	0.9831864916815402
0.9848258816295157	0.9847468728983244	0.9852004525864021	0.9834406735525076	0.9832636494546937	0.9821167098324554	0.9806632428801039	0.969901569178002	0.9774704385529589	0.9859525414388715	0.9862512721732186	0.9866747114243531	0.9854897048534569	0.9837444825737462	0.9843097665608922	0.9842836395578022	0.9811586369935458	0.9851613350020035	0.9824546382188497	0.986488764608711	0.98192198840073	0.9773200188865439	0.9806642431160534	0.9836463758965771	0.9840390207081308	0.9830481230606225	0.9832547488792366	1.0	0.9928613766859095	0.9736381090895379	0.979944159381869	0.9803402108054217	0.9855984831488528	0.9860562080866669	0.9858454595152809	0.9855576062667155	0.9869640541778111	0.9867525255420577	0.9853477238757469	0.9863271303019341	0.979145022741733	0.9870408078887484	0.9823278546362362	0.987463776415469
0.9803629126463979	0.9804511638018543	0.9818187639765394	0.9794851005539064	0.9785685738686541	0.9772706854930143	0.976032531863516	0.9657636590680762	0.9726363206322963	0.9820192403721563	0.9822337881569265	0.9826535851982469	0.9813127676184222	0.9795008361856641	0.9804410542198764	0.9810705680944485	0.9777815966408309	0.9813364250911938	0.9790224698076568	0.9823147252952912	0.977296975669744	0.9702573481132699	0.976843315860646	0.9803500877060494	0.9808142639345951	0.9796703946161687	0.9789856510522982	0.9928613766859095	1.0	0.9730215466581849	0.9764103231095246	0.977277296141897	0.9818842005365572	0.9830068784658371	0.981801693031621	0.981245667571476	0.9828844653223103	0.9823868819244566	0.981196064562682	0.981625083966232	0.9754431202233399	0.9828286234230019	0.9785714248288839	0.9830925228573546
0.971081425046528	0.9721807986130424	0.9715353063552854	0.9690673186569092	0.970210997710504	0.96647877120767	0.9654697990914018	0.9556094538751274	0.9623328185190562	0.9718465421324166	0.9722475968242403	0.9752460890639367	0.9710815980752704	0.9691569921811247	0.9707200499357369	0.9719575264031944	0.969722517284254	0.9718497562147296	0.9699412307150277	0.9735286272662454	0.9671884075968722	0.9600201025344527	0.9681135313194408	0.972019321109282	0.9700629368346406	0.9698832266485766	0.9697934086456013	0.9736381090895379	0.9730215466581849	1.0	0.9707682729995395	0.9692556771229178	0.9726179030499917	0.9731338022790706	0.9718194333766886	0.9718477898591825	0.972930528177796	0.9726743346441066	0.9714997137625732	0.9722003938724604	0.9687094048824076	0.9732349959024408	0.9710567558296542	0.9736667206863453
0.9782220115813973	0.9784783535776725	0.9787257154227512	0.9760136854016374	0.977748502663335	0.9755085207298277	0.9746440243560286	0.9646166836339513	0.9714754495988683	0.9794022393273417	0.9801727193445143	0.9796248108494958	0.9788256886542952	0.9764995259444715	0.9773356231871393	0.9769373373940231	0.9758530495334616	0.9784331894337968	0.9753841552343013	0.9792267207937365	0.9760839115427213	0.9690697630074696	0.9733391043253226	0.9776683061482794	0.9769457495667676	0.9761975364317087	0.976042480819394	0.979944159381869	0.9764103231095246	0.9707682729995395	1.0	0.9752808537562581	0.978822722917526	0.9791199376478952	0.9792319924966464	0.9783737930391792	0.9805269371476633	0.9797225196940461	0.9795476420955543	0.9789506416680401	0.9739343449869794	0.9798385859387547	0.9770128576958611	0.9800723221816934
0.9800517958958891	0.9806868129256976	0.9789863456350666	0.9784198360025553	0.9778121493655383	0.9765694953798938	0.9746570154705485	0.9643826429418275	0.9727973450752636	0.9808847808569663	0.9804988386691252	0.9810231630847364	0.9793173221085402	0.9773080006028875	0.9778248115386806	0.9786437819520993	0.9778715082557493	0.980104571751974	0.9774904369460689	0.9811621888548941	0.9763827933862215	0.9710769548167438	0.9752971014469078	0.9795982591732565	0.9787392215408579	0.9774857219431212	0.9771632509638206	0.9803402108054217	0.977277296141897	0.9692556771229178	0.9752808537562581	1.0	0.9811308518880331	0.9809865243751544	0.980984388824552	0.9795533001916724	0.981592741201197	0.9802479306892681	0.9806396333424159	0.981829854822481	0.9737731391162061	0.9808796388909934	0.9773852171320248	0.9800395493401074
0.9853172021441201	0.9855256106270434	0.9845817641103473	0.9824069331369054	0.9819042993127033	0.9812905706147765	0.9793891759433233	0.96800926661628	0.9766561132021258	0.9856992784807652	0.985757959898476	0.985687312515395	0.9840066482870679	0.9827390699932593	0.9826896648303688	0.9832123990553775	0.9816997751303195	0.9862216738002425	0.9812887179363546	0.9852056065053753	0.9805029961688427	0.9745132319943988	0.9796299762570707	0.9823075764256941	0.9820663543253004	0.980747400165935	0.9825382674607172	0.9855984831488528	0.9818842005365572	0.9726179030499917	0.978822722917526	0.9811308518880331	1.0	0.9866262278465159	0.9856439694046016	0.9844672106454299	0.9859455007427154	0.9858330746123296	0.985195685726972	0.9850331560199777	0.9790880347978906	0.9859011156693681	0.9815000806097841	0.9857566438434622
0.986159112624772	0.9862526574401697	0.9857131339678914	0.9826377526840153	0.9813193022084175	0.9827768622553746	0.9807556135613219	0.9690124033200442	0.9773553728312632	0.9861024013080567	0.9861411550078105	0.986480441122329	0.9849696291517043	0.9837273255634233	0.9834884582113437	0.983389451665744	0.9816023798884267	0.9855922619997062	0.9818381496739752	0.9855675923560766	0.9814338202082766	0.9757031209069289	0.9806687162786126	0.9825995127173566	0.983002440467736	0.9815394126792563	0.9830791146215716	0.9860562080866669	0.9830068784658371	0.9731338022790706	0.9791199376478952	0.9809865243751544	0.9866262278465159	1.0	0.986377814432573	0.9846801241645461	0.9865107380984302	0.9865118384968335	0.9855881873870878	0.9858319031704869	0.9784726899634524	0.9866150567434416	0.9821499192491691	0.986798492503763
0.9856820328966781	0.9858505907555724	0.9849373056321099	0.9837615868770886	0.9823018774799699	0.9822360879061289	0.9803848722252096	0.9695570380862427	0.9777050768845736	0.9863399947448872	0.9866617839249843	0.9867376440269913	0.9857075971469197	0.9830834604763343	0.9830396470071417	0.9836748375480604	0.9813573670324524	0.9856814480777573	0.9822396309758449	0.9854661771511435	0.9814671543123475	0.9754668312236341	0.9802736884813829	0.982717350520468	0.9830781232316251	0.9818518020028083	0.9828580651921621	0.9858454595152809	0.981801693031621	0.9718194333766886	0.9792319924966464	0.980984388824552	0.9856439694046016	0.986377814432573	1.0	0.9854821668542368	0.9865777455818446	0.9859654222989637	0.9889869390661077	0.9864871277869759	0.9789785257925062	0.9865848184471658	0.9821064102237654	0.9858505540146578
0.9842574238242819	0.984120284388145	0.9829889616353515	0.9816073025959049	0.9813204762904651	0.9812150421457344	0.9795079119701059	0.9675551225197848	0.9768272744839307	0.9848378064965497	0.9849142791455231	0.9848062027463302	0.9850634680489851	0.9831409892363596	0.9816641874965297	0.9825836058887587	0.9804285714216239	0.9842378937721745	0.9806498524945396	0.9846098839963072	0.9801148746504238	0.9731383524503476	0.979632159514773	0.9820132046512209	0.981159554934204	0.9806470401631886	0.9819382761932499	0.9855576062667155	0.981245667571476	0.9718477898591825	0.9783737930391792	0.9795533001916724	0.9844672106454299	0.9846801241645461	0.9854821668542368	1.0	0.9858728210733229	0.9855256106270434	0.9859608361448362	0.9959172199155084	0.9782671516524526	0.9857172294928908	0.9813230796787361	0.9848493169007201
0.9855066897578064	0.9858055470276282	0.9858393883895127	0.9834538167798079	0.9837654295142713	0.9828786264506446	0.9814489395056538	0.9707036679952917	0.9785336394547625	0.9865417420068228	0.9873252105967796	0.987359696694731	0.9858909638544047	0.9844057087503382	0.9834263480187606	0.9843492233718752	0.9819573205379333	0.9857593758125067	0.9823350881952196	0.9873872772556529	0.9824028942168258	0.9767518921294256	0.9815506199084988	0.9838848113138982	0.9838455902939888	0.9828460315728904	0.9841006093552458	0.9869640541778111	0.9828844653223103	0.972930528177796	0.9805269371476633	0.981592741201197	0.9859455007427154	0.9865107380984302	0.9865777455818446	0.9858728210733229	1.0	0.9875228512478009	0.9862934708699255	0.9877675316353572	0.979387005274647	0.9877218758900373	0.9824649177401781	0.9871649527943668
0.9847988693422801	0.985063172406588	0.9850752299877275	0.982749238391196	0.9838179560186295	0.9825541900488797	0.9807358203277792	0.9698809789730525	0.9774041704892513	0.9860107835152448	0.9862164143335752	0.9869211700054024	0.9853752908268347	0.9837761352258603	0.9835531490089335	0.9836798633568039	0.981783188100513	0.9848119242680922	0.982028335911113	0.9862768275261254	0.9812748944222343	0.9762255603516315	0.9805635594097196	0.9835617571698568	0.9829212246445742	0.9819146333452194	0.9830068784658371	0.9867525255420577	0.9823868819244566	0.9726743346441066	0.9797225196940461	0.9802479306892681	0.9858330746123296	0.9865118384968335	0.9859654222989637	0.9855256106270434	0.9875228512478009	1.0	0.9859488844342374	0.9865089927453035	0.9793892461775144	0.9949232635360497	0.9829004913499536	0.9866235428537189
0.9856348647237692	0.9860599124028699	0.9849259423520093	0.9826958030987125	0.9823621030030601	0.98174505709905	0.9798241963077757	0.9686283712426217	0.9774249444758616	0.9856256968990621	0.9861705383944669	0.9857592672625186	0.9848819624209976	0.9832734132975743	0.9818119723339104	0.9831421805996714	0.9814082152514857	0.9853451318813036	0.9810446743247182	0.9849446113856996	0.980996155760418	0.9752937674754645	0.9804683085555274	0.98287167177954	0.9822564218449803	0.9807925953600503	0.9824112219249063	0.9853477238757469	0.981196064562682	0.9714997137625732	0.9795476420955543	0.9806396333424159	0.985195685726972	0.9855881873870878	0.9889869390661077	0.9859608361448362	0.9862934708699255	0.9859488844342374	1.0	0.9868277350364766	0.9787202794804744	0.9866946641936976	0.9814262650901499	0.9852680322477941
0.9850773109872034	0.9851125375854204	0.9846403667625767	0.982635553175255	0.9824560263228361	0.9819625063942711	0.980601869771498	0.968931129108383	0.9780133442619264	0.985821423479705	0.9859622059077665	0.9858860408806364	0.9862463124858304	0.9842894545214381	0.9826669659674185	0.9835724906358684	0.9812192352862477	0.9850628638605929	0.9821389602725726	0.9861837630201148	0.9815102385606078	0.9752074514997704	0.9809785912095171	0.9832985774770158	0.9826959982991494	0.9816488544419648	0.9829549044078112	0.9863271303019341	0.981625083966232	0.9722003938724604	0.9789506416680401	0.981829854822481	0.9850331560199777	0.9858319031704869	0.9864871277869759	0.9959172199155084	0.9877675316353572	0.9865089927453035	0.9868277350364766	1.0	0.9784797529135757	0.9869588100329558	0.9826821479822816	0.9860157086699394
0.9784168270324293	0.9790754340418582	0.9779197538491138	0.9750197700288064	0.976018203282853	0.9764547624385886	0.9742863597226674	0.9635631101095767	0.9720534115642173	0.9802067055250622	0.9794873879691341	0.979639364380142	0.9784525731847435	0.9769830791816003	0.9771943459735106	0.9767201569875203	0.9745586512295915	0.9788038355261564	0.9750968259429416	0.9790468132160332	0.9761183325751345	0.9680059161705794	0.9748747603468153	0.9770495985414913	0.9759909674843655	0.974640141678637	0.9748322374026198	0.979145022741733	0.9754431202233399	0.9687094048824076	0.9739343449869794	0.9737731391162061	0.9790880347978906	0.9784726899634524	0.9789785257925062	0.9782671516524526	0.979387005274647	0.9793892461775144	0.9787202794804744	0.9784797529135757	1.0	0.9790079311533234	0.9760964533119305	0.9794036722136765
0.985413102317059	0.9856294224201984	0.985382916080912	0.9829541011701127	0.984485576185516	0.9825917827376233	0.98052649044048	0.969448831968694	0.9774374474492121	0.9860849648440457	0.9862973263793623	0.9867975913830352	0.9857362859378548	0.9836029295814457	0.9835520809429784	0.9839442152304319	0.9820168259360182	0.9856425324252709	0.9819985313420551	0.9863396256086769	0.9815242023737164	0.9766895195054854	0.9805093836191785	0.983742027383643	0.9837566439476233	0.9819865548556557	0.9836497583972308	0.9870408078887484	0.9828286234230019	0.9732349959024408	0.9798385859387547	0.9808796388909934	0.9859011156693681	0.9866150567434416	0.9865848184471658	0.9857172294928908	0.9877218758900373	0.9949232635360497	0.9866946641936976	0.9869588100329558	0.9790079311533234	1.0	0.9832472380228695	0.9865294271075306
