/home/jshaw/scratch/2022_sketched_distance/references/SGB_genome_fastas_part5/14389/BritoIL_2016__M1.52.ST__bin.92.fa	/home/jshaw/scratch/2022_sketched_distance/references/SGB_genome_fastas_part5/14389/ChengpingW_2017__AS38raw__bin.40.fa	/home/jshaw/scratch/2022_sketched_distance/references/SGB_genome_fastas_part5/14389/CosteaPI_2017__SID713B026-11-0-0__bin.6.fa	/home/jshaw/scratch/2022_sketched_distance/references/SGB_genome_fastas_part5/14389/CosteaPI_2017__SID713B058-11-90-0__bin.1.fa	/home/jshaw/scratch/2022_sketched_distance/references/SGB_genome_fastas_part5/14389/HeQ_2017__RSZAXPI003104-142__bin.39.fa	/home/jshaw/scratch/2022_sketched_distance/references/SGB_genome_fastas_part5/14389/HeQ_2017__SZAXPI029467-166__bin.15.fa	/home/jshaw/scratch/2022_sketched_distance/references/SGB_genome_fastas_part5/14389/HeQ_2017__SZAXPI029567-80__bin.66.fa	/home/jshaw/scratch/2022_sketched_distance/references/SGB_genome_fastas_part5/14389/KarlssonFH_2013__S80__bin.16.fa	/home/jshaw/scratch/2022_sketched_distance/references/SGB_genome_fastas_part5/14389/LiuW_2016__SRR3993022__bin.81.fa	/home/jshaw/scratch/2022_sketched_distance/references/SGB_genome_fastas_part5/14389/QinJ_2012__CON-108__bin.6.fa	/home/jshaw/scratch/2022_sketched_distance/references/SGB_genome_fastas_part5/14389/QinJ_2012__DLF014__bin.16.fa	/home/jshaw/scratch/2022_sketched_distance/references/SGB_genome_fastas_part5/14389/QinJ_2012__DLM018__bin.21.fa	/home/jshaw/scratch/2022_sketched_distance/references/SGB_genome_fastas_part5/14389/QinJ_2012__T2D-039__bin.54.fa	/home/jshaw/scratch/2022_sketched_distance/references/SGB_genome_fastas_part5/14389/QinJ_2012__T2D-071__bin.20.fa	/home/jshaw/scratch/2022_sketched_distance/references/SGB_genome_fastas_part5/14389/QinJ_2012__T2D-098__bin.29.fa	/home/jshaw/scratch/2022_sketched_distance/references/SGB_genome_fastas_part5/14389/QinJ_2012__T2D-102__bin.23.fa	/home/jshaw/scratch/2022_sketched_distance/references/SGB_genome_fastas_part5/14389/QinJ_2012__T2D-103__bin.23.fa	/home/jshaw/scratch/2022_sketched_distance/references/SGB_genome_fastas_part5/14389/XieH_2016__YSZC12003_35506__bin.88.fa	/home/jshaw/scratch/2022_sketched_distance/references/SGB_genome_fastas_part5/14389/XieH_2016__YSZC12003_37254__bin.61.fa	/home/jshaw/scratch/2022_sketched_distance/references/SGB_genome_fastas_part5/14389/YuJ_2015__SZAXPI015249-37__bin.39.fa	/home/jshaw/scratch/2022_sketched_distance/references/SGB_genome_fastas_part5/14389/YuJ_2015__SZAXPI017455-21__bin.42.fa	/home/jshaw/scratch/2022_sketched_distance/references/SGB_genome_fastas_part5/14389/YuJ_2015__SZAXPI017466-84__bin.1.fa	/home/jshaw/scratch/2022_sketched_distance/references/SGB_genome_fastas_part5/14389/ZeeviD_2015__PNP_Main_110__bin.52.fa	/home/jshaw/scratch/2022_sketched_distance/references/SGB_genome_fastas_part5/14389/ZeeviD_2015__PNP_Main_412__bin.35.fa	/home/jshaw/scratch/2022_sketched_distance/references/SGB_genome_fastas_part5/14389/ZeeviD_2015__PNP_Main_667__bin.9.fa	/home/jshaw/scratch/2022_sketched_distance/references/SGB_genome_fastas_part5/14389/ZellerG_2014__CCIS90164298ST-4-0__bin.20.fa
1.0	0.9583829502781855	0.9560610453248632	0.9550962965189664	0.9594042575215282	0.9599289647725668	0.9605984691713906	0.957602057648899	0.9551674678577301	0.955256660788115	0.9590852507901484	0.9581637150127541	0.9579659436254014	0.9600328814020315	0.957887537551444	0.9555279125170707	0.9578320142616787	0.9563534209203354	0.9860368083170833	0.9599809652704065	0.9587630287465618	0.9578320142616787	0.9569302491746553	0.9837467134629025	0.983696779605929	0.9555875920005945
0.9583829502781855	1.0	0.9923279221444451	0.9932324419508173	0.991527028806963	0.9938909531928326	0.9925787374884251	0.9930215347378294	0.9921715222983901	0.992657409045628	0.9922559099281731	0.9938727346204419	0.9932777990551457	0.992613939156965	0.9936231304889166	0.989802913843914	0.9918387687926347	0.9932850518810423	0.9654949229929121	0.9922585954229073	0.9931449896069919	0.9931933102749306	0.9905341907362669	0.9723236405665621	0.9727916564739426	0.9905276214868916
0.9560610453248632	0.9923279221444451	1.0	0.9957090171415429	0.9913285375263118	0.9925933674826775	0.9914034995517016	0.9917549401919318	0.9950081996111031	0.9942616398911358	0.992758867482484	0.9931605070456967	0.9930966633206869	0.9931808379764271	0.9939460410009076	0.9916956898120157	0.9926771562041906	0.9919499684256378	0.9623372362272337	0.9925860103239132	0.9914212421564398	0.9941502149271678	0.9932847715995888	0.9698356636299219	0.9712760959386465	0.9931033504938755
0.9550962965189664	0.9932324419508173	0.9957090171415429	1.0	0.992562092973811	0.9934597745068834	0.9934597745068834	0.9871021527592297	0.9957090171415429	0.9914994023871884	0.9939301226770203	0.9927520050660938	0.9875204136505497	0.9935420554675974	0.9931077813052293	0.9921575511565902	0.9936446200286022	0.9927730392852332	0.9578316930369695	0.9924985459326359	0.9936855570872056	0.9944339091427761	0.9940314945509755	0.9703031820694556	0.9713718562842496	0.9931909405372298
0.9594042575215282	0.991527028806963	0.9913285375263118	0.992562092973811	1.0	0.9917850925677891	0.9923782501877163	0.9910297300577439	0.9917430045227134	0.9921477388089247	0.9913469213362072	0.9915941318560665	0.991823769770733	0.9920735027925659	0.9925792972805647	0.9895879254316764	0.9912733246503532	0.9913847400827892	0.9654949229929121	0.9906479022613898	0.9917124662117518	0.9927848024895213	0.9900914308905552	0.9718883347585746	0.9709022777608304	0.9899247261813846
0.9599289647725668	0.9938909531928326	0.9925933674826775	0.9934597745068834	0.9917850925677891	1.0	0.9927486033383455	0.9934331839779346	0.9931203571803765	0.9936231021665187	0.9932544450873192	0.994896091434627	0.9949294437522994	0.9942863240315258	0.9953443155516616	0.9914371409533166	0.9925760740110399	0.9931569926285674	0.9653609751003266	0.9933199123975953	0.9935644514916053	0.9948291886675993	0.9921208339240607	0.9741661808875848	0.9740597421936582	0.9918498227197939
0.9605984691713906	0.9925787374884251	0.9914034995517016	0.9934597745068834	0.9923782501877163	0.9927486033383455	1.0	0.9924996676524804	0.9931563130993976	0.9930970200198311	0.9925169407604155	0.9932862578364204	0.9947571388068637	0.9947418613612165	0.9949483146312993	0.991082986074473	0.9916676530502387	0.9924879149011152	0.966287112436765	0.992820477666435	0.9921149691596416	0.994064356838546	0.9915138565196566	0.9733386806140755	0.9725681335371453	0.9916641451197835
0.957602057648899	0.9930215347378294	0.9917549401919318	0.9871021527592297	0.9910297300577439	0.9934331839779346	0.9924996676524804	1.0	0.9910297300577439	0.9768602005853863	0.9914667630482228	0.9932279991432382	0.9893373238335577	0.9926396389174019	0.9923942992014989	0.9894528917492684	0.99135804550919	0.9920406269333608	0.952250763360294	0.9921825500021902	0.9942746969248989	0.9933990746808471	0.9893758914869224	0.9742753975467013	0.974760906328593	0.9900247349335479
0.9551674678577301	0.9921715222983901	0.9950081996111031	0.9957090171415429	0.9917430045227134	0.9931203571803765	0.9931563130993976	0.9910297300577439	1.0	0.9947400185042742	0.9939025064732944	0.9917447587942122	0.992501031004649	0.9934069170537205	0.9930044622623034	0.9928494355992823	0.9946150729672925	0.992227008751891	0.9611351974493553	0.9921900281280225	0.9932818521776883	0.9945634502295896	0.9945978743178352	0.9697406804746194	0.9711081994559778	0.9938321603418389
0.955256660788115	0.992657409045628	0.9942616398911358	0.9914994023871884	0.9921477388089247	0.9936231021665187	0.9930970200198311	0.9768602005853863	0.9947400185042742	1.0	0.993867807971909	0.9932526196328652	0.9871304630950147	0.9935923864356421	0.9933146552914492	0.9927836091781654	0.9941409586213068	0.9930970200198311	0.9499322333751355	0.9923397865643447	0.9934383790117034	0.9945315767695083	0.9931593476523631	0.9708624894951328	0.972365288234056	0.9928150841540391
0.9590852507901484	0.9922559099281731	0.992758867482484	0.9939301226770203	0.9913469213362072	0.9932544450873192	0.9925169407604155	0.9914667630482228	0.9939025064732944	0.993867807971909	1.0	0.9938903455491136	0.9941029002243822	0.9935823823510337	0.9952586296211774	0.9916956898120157	0.9924127138824663	0.9924879149011152	0.9651590019454337	0.9949604088724712	0.9925862433703287	0.9942358511408846	0.99337263253025	0.9721903220730173	0.9707651018264489	0.9923642405998998
0.9581637150127541	0.9938727346204419	0.9931605070456967	0.9927520050660938	0.9915941318560665	0.994896091434627	0.9932862578364204	0.9932279991432382	0.9917447587942122	0.9932526196328652	0.9938903455491136	1.0	0.9954198919389972	0.9941533923187309	0.9947920615339807	0.9910038805179302	0.9931605070456967	0.9949302339623014	0.9651590019454337	0.9923958008969179	0.9941883079753325	0.9947076765801207	0.9918759967055945	0.9728473367398702	0.9726122915887858	0.9909846634706668
0.9579659436254014	0.9932777990551457	0.9930966633206869	0.9875204136505497	0.991823769770733	0.9949294437522994	0.9947571388068637	0.9893373238335577	0.992501031004649	0.9871304630950147	0.9941029002243822	0.9954198919389972	1.0	0.9944098191745785	0.9967883164238956	0.9919885210037954	0.9937263501627001	0.9945839338181095	0.9588343960604394	0.9935252536466481	0.993770872957106	0.9940808682893788	0.9922923267784654	0.9737596892395638	0.9734303935218148	0.990597989033111
0.9600328814020315	0.992613939156965	0.9931808379764271	0.9935420554675974	0.9920735027925659	0.9942863240315258	0.9947418613612165	0.9926396389174019	0.9934069170537205	0.9935923864356421	0.9935823823510337	0.9941533923187309	0.9944098191745785	1.0	0.9945825720791548	0.9920433741194389	0.99403051603113	0.9925602911033253	0.9646827405149468	0.9929818335213699	0.994235320156895	0.994338323358974	0.9925733604892724	0.9725225957001471	0.9728284888150102	0.9922546797996575
0.957887537551444	0.9936231304889166	0.9939460410009076	0.9931077813052293	0.9925792972805647	0.9953443155516616	0.9949483146312993	0.9923942992014989	0.9930044622623034	0.9933146552914492	0.9952586296211774	0.9947920615339807	0.9967883164238956	0.9945825720791548	1.0	0.9911342219723946	0.9933879437985021	0.9946000801784513	0.9645453602378505	0.9944421734120568	0.9941240850291725	0.9941950356404642	0.9922239058793195	0.9729316090650245	0.9728976983716495	0.9911730709422639
0.9555279125170707	0.989802913843914	0.9916956898120157	0.9921575511565902	0.9895879254316764	0.9914371409533166	0.991082986074473	0.9894528917492684	0.9928494355992823	0.9927836091781654	0.9916956898120157	0.9910038805179302	0.9919885210037954	0.9920433741194389	0.9911342219723946	1.0	0.9977483012871414	0.9902479589064461	0.9619664175352454	0.9899496204697584	0.9910267182194942	0.99274904063276	0.991439520358437	0.9687768697816176	0.970777297263901	0.9916827598809772
0.9578320142616787	0.9918387687926347	0.9926771562041906	0.9936446200286022	0.9912733246503532	0.9925760740110399	0.9916676530502387	0.99135804550919	0.9946150729672925	0.9941409586213068	0.9924127138824663	0.9931605070456967	0.9937263501627001	0.99403051603113	0.9933879437985021	0.9977483012871414	1.0	0.991641201965992	0.9642688259191261	0.9919279069808619	0.9916499746889185	0.9947787451929119	0.9931966768964635	0.971275780621791	0.9716791624287384	0.9932988718771601
0.9563534209203354	0.9932850518810423	0.9919499684256378	0.9927730392852332	0.9913847400827892	0.9931569926285674	0.9924879149011152	0.9920406269333608	0.992227008751891	0.9930970200198311	0.9924879149011152	0.9949302339623014	0.9945839338181095	0.9925602911033253	0.9946000801784513	0.9902479589064461	0.991641201965992	1.0	0.9629217723334188	0.9914443299074037	0.9925056966433061	0.9931933102749306	0.9907058410199129	0.9710344001389006	0.9702981280127642	0.9906046185019552
0.9860368083170833	0.9654949229929121	0.9623372362272337	0.9578316930369695	0.9654949229929121	0.9653609751003266	0.966287112436765	0.952250763360294	0.9611351974493553	0.9499322333751355	0.9651590019454337	0.9651590019454337	0.9588343960604394	0.9646827405149468	0.9645453602378505	0.9619664175352454	0.9642688259191261	0.9629217723334188	1.0	0.9650913948159285	0.9652937914863549	0.9632100959138695	0.9622634146800354	0.9863198998826836	0.9861432535557537	0.9615912603227065
0.9599809652704065	0.9922585954229073	0.9925860103239132	0.9924985459326359	0.9906479022613898	0.9933199123975953	0.992820477666435	0.9921825500021902	0.9921900281280225	0.9923397865643447	0.9949604088724712	0.9923958008969179	0.9935252536466481	0.9929818335213699	0.9944421734120568	0.9899496204697584	0.9919279069808619	0.9914443299074037	0.9650913948159285	1.0	0.9930532955134131	0.992386308793492	0.9911053520955814	0.9729438982624281	0.9723449815938497	0.9901204143662073
0.9587630287465618	0.9931449896069919	0.9914212421564398	0.9936855570872056	0.9917124662117518	0.9935644514916053	0.9921149691596416	0.9942746969248989	0.9932818521776883	0.9934383790117034	0.9925862433703287	0.9941883079753325	0.993770872957106	0.994235320156895	0.9941240850291725	0.9910267182194942	0.9916499746889185	0.9925056966433061	0.9652937914863549	0.9930532955134131	1.0	0.9945762003647656	0.9915694991235506	0.9728187575830785	0.9734965602199883	0.9915522358711196
0.9578320142616787	0.9931933102749306	0.9941502149271678	0.9944339091427761	0.9927848024895213	0.9948291886675993	0.994064356838546	0.9933990746808471	0.9945634502295896	0.9945315767695083	0.9942358511408846	0.9947076765801207	0.9940808682893788	0.994338323358974	0.9941950356404642	0.99274904063276	0.9947787451929119	0.9931933102749306	0.9632100959138695	0.992386308793492	0.9945762003647656	1.0	0.9933166447036718	0.9719662287435027	0.9722016216137547	0.9932811448431411
0.9569302491746553	0.9905341907362669	0.9932847715995888	0.9940314945509755	0.9900914308905552	0.9921208339240607	0.9915138565196566	0.9893758914869224	0.9945978743178352	0.9931593476523631	0.99337263253025	0.9918759967055945	0.9922923267784654	0.9925733604892724	0.9922239058793195	0.991439520358437	0.9931966768964635	0.9907058410199129	0.9622634146800354	0.9911053520955814	0.9915694991235506	0.9933166447036718	1.0	0.9692065609798235	0.9710279521982901	0.9929962137254217
0.9837467134629025	0.9723236405665621	0.9698356636299219	0.9703031820694556	0.9718883347585746	0.9741661808875848	0.9733386806140755	0.9742753975467013	0.9697406804746194	0.9708624894951328	0.9721903220730173	0.9728473367398702	0.9737596892395638	0.9725225957001471	0.9729316090650245	0.9687768697816176	0.971275780621791	0.9710344001389006	0.9863198998826836	0.9729438982624281	0.9728187575830785	0.9719662287435027	0.9692065609798235	1.0	0.9859784506783935	0.9685878927797358
0.983696779605929	0.9727916564739426	0.9712760959386465	0.9713718562842496	0.9709022777608304	0.9740597421936582	0.9725681335371453	0.974760906328593	0.9711081994559778	0.972365288234056	0.9707651018264489	0.9726122915887858	0.9734303935218148	0.9728284888150102	0.9728976983716495	0.970777297263901	0.9716791624287384	0.9702981280127642	0.9861432535557537	0.9723449815938497	0.9734965602199883	0.9722016216137547	0.9710279521982901	0.9859784506783935	1.0	0.9703144765012706
0.9555875920005945	0.9905276214868916	0.9931033504938755	0.9931909405372298	0.9899247261813846	0.9918498227197939	0.9916641451197835	0.9900247349335479	0.9938321603418389	0.9928150841540391	0.9923642405998998	0.9909846634706668	0.990597989033111	0.9922546797996575	0.9911730709422639	0.9916827598809772	0.9932988718771601	0.9906046185019552	0.9615912603227065	0.9901204143662073	0.9915522358711196	0.9932811448431411	0.9929962137254217	0.9685878927797358	0.9703144765012706	1.0
