/home/jshaw/scratch/2022_sketched_distance/references/SGB_genome_fastas_part4/8021/BackhedF_2015__SID172_4M__bin.7.fa	/home/jshaw/scratch/2022_sketched_distance/references/SGB_genome_fastas_part4/8021/BackhedF_2015__SID385_12M__bin.34.fa	/home/jshaw/scratch/2022_sketched_distance/references/SGB_genome_fastas_part4/8021/BackhedF_2015__SID590_12M__bin.4.fa	/home/jshaw/scratch/2022_sketched_distance/references/SGB_genome_fastas_part4/8021/BritoIL_2016__M1.64.ST__bin.55.fa	/home/jshaw/scratch/2022_sketched_distance/references/SGB_genome_fastas_part4/8021/BritoIL_2016__W2.23.ST__bin.46.fa	/home/jshaw/scratch/2022_sketched_distance/references/SGB_genome_fastas_part4/8021/CM_madagascar__A24_02_1FE__bin.4.fa	/home/jshaw/scratch/2022_sketched_distance/references/SGB_genome_fastas_part4/8021/CM_madagascar__A36_01_1FE__bin.40.fa	/home/jshaw/scratch/2022_sketched_distance/references/SGB_genome_fastas_part4/8021/CM_madagascar__A66_02_1FE__bin.29.fa	/home/jshaw/scratch/2022_sketched_distance/references/SGB_genome_fastas_part4/8021/CM_madagascar__V01_01_1FE__bin.20.fa	/home/jshaw/scratch/2022_sketched_distance/references/SGB_genome_fastas_part4/8021/CM_madagascar__V40_01_1FE__bin.34.fa	/home/jshaw/scratch/2022_sketched_distance/references/SGB_genome_fastas_part4/8021/CM_madagascar__V54_01_1FE__bin.21.fa	/home/jshaw/scratch/2022_sketched_distance/references/SGB_genome_fastas_part4/8021/CosteaPI_2017__SID713B029-11-90-0__bin.28.fa	/home/jshaw/scratch/2022_sketched_distance/references/SGB_genome_fastas_part4/8021/DavidLA_2015__LD-Run1-01__bin.5.fa	/home/jshaw/scratch/2022_sketched_distance/references/SGB_genome_fastas_part4/8021/DavidLA_2015__LD-Run2-32__bin.2.fa	/home/jshaw/scratch/2022_sketched_distance/references/SGB_genome_fastas_part4/8021/FengQ_2015__SID531281__bin.24.fa	/home/jshaw/scratch/2022_sketched_distance/references/SGB_genome_fastas_part4/8021/GeversD_2014__SKBSTL001__bin.17.fa	/home/jshaw/scratch/2022_sketched_distance/references/SGB_genome_fastas_part4/8021/GeversD_2014__SKBSTL021__bin.25.fa	/home/jshaw/scratch/2022_sketched_distance/references/SGB_genome_fastas_part4/8021/GeversD_2014__SKBSTL038__bin.22.fa	/home/jshaw/scratch/2022_sketched_distance/references/SGB_genome_fastas_part4/8021/HanniganGD_2017__MG100147__bin.4.fa	/home/jshaw/scratch/2022_sketched_distance/references/SGB_genome_fastas_part4/8021/HeQ_2017__SZAXPI029476-50__bin.8.fa	/home/jshaw/scratch/2022_sketched_distance/references/SGB_genome_fastas_part4/8021/KarlssonFH_2013__S146__bin.10.fa	/home/jshaw/scratch/2022_sketched_distance/references/SGB_genome_fastas_part4/8021/LiJ_2014__O2.CD1-0-PT__bin.3.fa	/home/jshaw/scratch/2022_sketched_distance/references/SGB_genome_fastas_part4/8021/LiJ_2014__V1.CD2-0-PT__bin.7.fa	/home/jshaw/scratch/2022_sketched_distance/references/SGB_genome_fastas_part4/8021/LiJ_2014__V1.CD3-0-PN__bin.37.fa	/home/jshaw/scratch/2022_sketched_distance/references/SGB_genome_fastas_part4/8021/LiJ_2014__V1.FI22__bin.51.fa	/home/jshaw/scratch/2022_sketched_distance/references/SGB_genome_fastas_part4/8021/NielsenHB_2014__V1_CD18_0__bin.38.fa	/home/jshaw/scratch/2022_sketched_distance/references/SGB_genome_fastas_part4/8021/Obregon-TitoAJ_2015__HCO64__bin.28.fa	/home/jshaw/scratch/2022_sketched_distance/references/SGB_genome_fastas_part4/8021/SchirmerM_2016__G88822__bin.11.fa	/home/jshaw/scratch/2022_sketched_distance/references/SGB_genome_fastas_part4/8021/VatanenT_2016__G80490__bin.11.fa	/home/jshaw/scratch/2022_sketched_distance/references/SGB_genome_fastas_part4/8021/VatanenT_2016__G80538__bin.7.fa	/home/jshaw/scratch/2022_sketched_distance/references/SGB_genome_fastas_part4/8021/VatanenT_2016__G80592__bin.2.fa	/home/jshaw/scratch/2022_sketched_distance/references/SGB_genome_fastas_part4/8021/VogtmannE_2016__MMRS16644320ST-27-0-0__bin.23.fa	/home/jshaw/scratch/2022_sketched_distance/references/SGB_genome_fastas_part4/8021/ZeeviD_2015__PNP_Main_637__bin.11.fa	/home/jshaw/scratch/2022_sketched_distance/references/SGB_genome_fastas_part4/8021/ZeeviD_2015__PNP_Main_82__bin.27.fa	/home/jshaw/scratch/2022_sketched_distance/references/SGB_genome_fastas_part4/8021/ZellerG_2014__CCIS41692898ST-4-0__bin.36.fa	/home/jshaw/scratch/2022_sketched_distance/references/SGB_genome_fastas_part4/8021/ZellerG_2014__CCIS44743950ST-4-0__bin.22.fa	/home/jshaw/scratch/2022_sketched_distance/references/SGB_genome_fastas_part4/8021/ZellerG_2014__CCIS79210440ST-3-0__bin.35.fa
1.0	0.9933552110016537	0.9942230425759823	0.9925732838947027	0.9882820939123282	0.9893415118265152	0.9902351284992384	0.9904838237282734	0.9888540238665012	0.991650499925027	0.989239042193431	0.9919700176608871	0.9916065422201521	0.9919568449908714	0.9937344441917072	0.9926072522509094	0.9899915194547385	0.9921908329673375	0.9902242515145498	0.9879496188480008	0.9922083863176286	0.9930067782638602	0.9927815446943716	0.9924784578367783	0.9938399770487538	0.9886510916609894	0.9784553149011089	0.992432126198845	0.9917888665855723	0.9918101674841916	0.9827153015969914	0.9918186304945469	0.9918971969498194	0.9908551393996852	0.9890606679119636	0.9924802363747939	0.9885910599985647
0.9933552110016537	1.0	0.9967213767752889	0.9933228021203375	0.9890494812864581	0.9898980996597443	0.9909118696495228	0.9913353309779454	0.990036059827376	0.9922698184836893	0.9901582695840833	0.9928128077482907	0.9920146568772806	0.9923165279382029	0.9943581078052983	0.9921515907128744	0.9918843009189379	0.9924791862682084	0.9913695981168844	0.9900720652592657	0.9925981792509478	0.9930702293159835	0.9908987587907372	0.993057275367921	0.9936846698320895	0.9871291688352587	0.9810837867336702	0.9943615197811235	0.9922971511661182	0.9920191233362616	0.9835164402238211	0.9920760584983827	0.9928032088707167	0.991378975212098	0.9898919282067637	0.9929991432338447	0.9894823999959727
0.9942230425759823	0.9967213767752889	1.0	0.9935036387615704	0.989179825635034	0.9902805518626367	0.9909919921527497	0.9915083690363063	0.9901947188293792	0.9929358091781744	0.9905343564369996	0.9927902302339285	0.9922942118029446	0.9928276657672302	0.9950459585086545	0.992940561618213	0.9917634012806976	0.9932485398392406	0.9908737514313642	0.9896810302948031	0.9935241204709455	0.9937255995588445	0.9911971712533745	0.9933017705244942	0.9944957630586212	0.987047789303617	0.9802733094853227	0.9939657660668396	0.9925227632604605	0.9926633927120488	0.9831388161260736	0.9925772206569231	0.9930349806823692	0.991687002713086	0.9896893100848869	0.9932198646979231	0.9892089003482785
0.9925732838947027	0.9933228021203375	0.9935036387615704	1.0	0.9919227853433003	0.9918280606630095	0.9923877787790052	0.9926720527092788	0.9911135849762182	0.9943064163975217	0.9915818514357742	0.9947620957523187	0.9945203290274376	0.9961204440523282	0.9932321009703334	0.9941359206852467	0.9915320406038638	0.9943825501160878	0.9923123316241598	0.9898816136655151	0.992614097515769	0.9942498076816694	0.9901508795147269	0.9925981792509478	0.9936247568043358	0.9876312128964465	0.9813956040507362	0.9927615968344387	0.9936555948048214	0.9939818723423366	0.984534937636485	0.994049893596666	0.99470779894769	0.9933804815667907	0.9916262911839822	0.9953414169865487	0.9905114909137936
0.9882820939123282	0.9890494812864581	0.989179825635034	0.9919227853433003	1.0	0.9870360702284999	0.9877160917559189	0.9876793202930321	0.98655486918144	0.9892781633305829	0.9869637256152816	0.9899363878405298	0.989636006829639	0.9910347240911372	0.9892870889129414	0.9894453922515192	0.9874053831233178	0.9895780374495449	0.9886581353056659	0.9871972489177449	0.9874193644864739	0.9898198892811892	0.9866764667307435	0.9885372386084069	0.9891219766272109	0.9816245845187326	0.9804712309027553	0.989737517937412	0.9898321020775528	0.989471642034424	0.9821369541883802	0.9891183926165664	0.9897929958732361	0.9889634510362855	0.9879174386714599	0.9898930407944239	0.986897417226223
0.9893415118265152	0.9898980996597443	0.9902805518626367	0.9918280606630095	0.9870360702284999	1.0	0.9889958673698732	0.9893107409131376	0.9918043903993607	0.9914054452192104	0.9918973224034857	0.9919860843311218	0.9912640511416553	0.9912752651365115	0.9897662160722015	0.9917758518460791	0.9885165658525131	0.9917363409632165	0.9892541227230365	0.987768104133079	0.9891777332353314	0.9907659238869689	0.9884843946691414	0.9891399589524777	0.9912774886573654	0.9834779505472061	0.9809885469652283	0.989135348069514	0.9906494657646511	0.9915794930593456	0.9805286083466791	0.991472520685827	0.9920564217988364	0.9914255227091212	0.9885504527083226	0.9909623480467211	0.9881424558871118
0.9902351284992384	0.9909118696495228	0.9909919921527497	0.9923877787790052	0.9877160917559189	0.9889958673698732	1.0	0.9947219287563568	0.9888803343508853	0.9913903679568303	0.9891154940883874	0.9919619707329839	0.9915990093001338	0.9915847078686968	0.9909628086529774	0.992449032059438	0.9893175105161042	0.9925710946326367	0.9906034706116907	0.9877260751401252	0.990102112727339	0.9925909975724755	0.9882974957612177	0.9904851028759017	0.991124984873994	0.9843768647597686	0.979292755408052	0.990889142852269	0.9920080910389252	0.9924867995558665	0.9828827572842161	0.9920234482793882	0.9914543002823383	0.9920787516609948	0.9886086479906646	0.9921887214417299	0.9882102067442203
0.9904838237282734	0.9913353309779454	0.9915083690363063	0.9926720527092788	0.9876793202930321	0.9893107409131376	0.9947219287563568	1.0	0.9896483292447645	0.9918269069649897	0.9898335155439041	0.9920150595055206	0.9920416181928753	0.991773642195286	0.9908707785789288	0.9921892671930359	0.9889716142143306	0.9922210301450826	0.9904750890309859	0.987512347979631	0.9904646006645229	0.992138143574892	0.9886201093083907	0.9903887654966397	0.991453636946374	0.9847511462006902	0.9792434396116189	0.9910692617794649	0.9917267458359116	0.9921583193996542	0.9827015899400284	0.9918037176640679	0.9919693365731941	0.9909507431009228	0.9887980328883593	0.992127002437028	0.9882625026858229
0.9888540238665012	0.990036059827376	0.9901947188293792	0.9911135849762182	0.98655486918144	0.9918043903993607	0.9888803343508853	0.9896483292447645	1.0	0.9911347722483849	0.9985458484222194	0.9914557629479347	0.9905159028277453	0.990533056226695	0.9897425732642733	0.9905566475465593	0.988571484601868	0.9904570667392752	0.989328143746632	0.9875940135450105	0.9890626210333463	0.9909161730503574	0.9874469368379426	0.9889405382398099	0.990413426572701	0.9842430271596575	0.9799744434487204	0.9897255382697426	0.990256603245734	0.9903650024585727	0.9805601461688477	0.9904521705398958	0.9909261635098949	0.9897150217285232	0.9885502036166162	0.9905199882421194	0.9873371435807984
0.991650499925027	0.9922698184836893	0.9929358091781744	0.9943064163975217	0.9892781633305829	0.9914054452192104	0.9913903679568303	0.9918269069649897	0.9911347722483849	1.0	0.9911066772092021	0.9935025501404876	0.992922738687195	0.9938516109454908	0.9922915542331192	0.9937768675586557	0.9903889733082906	0.9934456984778438	0.9912787292984231	0.9895723355619189	0.9908622182578819	0.9936041353532751	0.9893922044525656	0.9920598318608036	0.9931675804009241	0.9861233213129004	0.9801855899845602	0.991823255286659	0.9929602121324804	0.9933174328815546	0.9835436615738811	0.9932540757371441	0.9943232264044897	0.992194127016963	0.9902072321152217	0.9934886266586969	0.9893636080320598
0.989239042193431	0.9901582695840833	0.9905343564369996	0.9915818514357742	0.9869637256152816	0.9918973224034857	0.9891154940883874	0.9898335155439041	0.9985458484222194	0.9911066772092021	1.0	0.9916006443289791	0.9908061129642599	0.9909922552910491	0.989756446135553	0.9907689367356802	0.9882975633135189	0.9906463919200127	0.9893126025354726	0.9879658404697594	0.9887329706788046	0.9909358113068492	0.9877128042483353	0.9891914221744846	0.9906769330245669	0.984051121473836	0.9805484182607624	0.9899852481192676	0.9905614848455794	0.9906280421984295	0.9811060259820218	0.9905917687853492	0.9909455507444634	0.9900466411106092	0.9886167730125269	0.9908873717275433	0.9877409743895479
0.9919700176608871	0.9928128077482907	0.9927902302339285	0.9947620957523187	0.9899363878405298	0.9919860843311218	0.9919619707329839	0.9920150595055206	0.9914557629479347	0.9935025501404876	0.9916006443289791	1.0	0.9933127639028647	0.9938789736432248	0.9925747852367648	0.9945330065594424	0.9913959560591838	0.9942919862865877	0.9921952076660423	0.9908373247639422	0.9924829683234522	0.9939954840452655	0.9905368516462164	0.9915723500668974	0.9936964793717276	0.9865598313923398	0.9818014066635704	0.9923914652928298	0.9934423660875258	0.9941173032098998	0.9840170695815788	0.9943393194603575	0.9939140144611951	0.9938166404261449	0.9907525653664583	0.9936192665300357	0.9908266759807044
0.9916065422201521	0.9920146568772806	0.9922942118029446	0.9945203290274376	0.989636006829639	0.9912640511416553	0.9915990093001338	0.9920416181928753	0.9905159028277453	0.992922738687195	0.9908061129642599	0.9933127639028647	1.0	0.9942954669005152	0.9919991783463614	0.9933550989152317	0.9903678770353108	0.9935069347514573	0.9914359575151707	0.989181776164456	0.9912663068854464	0.9934395059512903	0.9895962176047197	0.9912366507332281	0.9923986685765159	0.9857966224744611	0.9805530357068765	0.9923136835560533	0.9927986082449975	0.9933313754585587	0.9840555119397186	0.9931090015684729	0.9939774759897714	0.9922839886562829	0.9905362776870211	0.9934146536983949	0.9892005741751462
0.9919568449908714	0.9923165279382029	0.9928276657672302	0.9961204440523282	0.9910347240911372	0.9912752651365115	0.9915847078686968	0.991773642195286	0.990533056226695	0.9938516109454908	0.9909922552910491	0.9938789736432248	0.9942954669005152	1.0	0.9924777054090885	0.9937487319464968	0.9905445922107641	0.9934130226139362	0.9913945072229555	0.9890968946227409	0.9916839756095575	0.9934120965773893	0.9898387750912887	0.9914458967071119	0.9929729636284397	0.9867629917248998	0.9805617714115188	0.9920923454329885	0.9927025127916709	0.9933278319105435	0.9839952306926404	0.9935748155856736	0.9939470687526639	0.9922151388472115	0.9905817991282398	0.9943521585415696	0.9895486474440484
0.9937344441917072	0.9943581078052983	0.9950459585086545	0.9932321009703334	0.9892870889129414	0.9897662160722015	0.9909628086529774	0.9908707785789288	0.9897425732642733	0.9922915542331192	0.989756446135553	0.9925747852367648	0.9919991783463614	0.9924777054090885	1.0	0.9925971177574843	0.9923564195642226	0.9926792760180174	0.990646186570356	0.9900275650103662	0.9940121318161866	0.9937864643224003	0.9918741643049596	0.9938498031304499	0.9938993181701349	0.9876331802410675	0.9804457564062068	0.994009209824184	0.9923689357691243	0.9922868717269645	0.9836997929410515	0.9924103105436157	0.9925683727184039	0.9914651339888382	0.9894044731006483	0.9929923414764199	0.9889309169351491
0.9926072522509094	0.9921515907128744	0.992940561618213	0.9941359206852467	0.9894453922515192	0.9917758518460791	0.992449032059438	0.9921892671930359	0.9905566475465593	0.9937768675586557	0.9907689367356802	0.9945330065594424	0.9933550989152317	0.9937487319464968	0.9925971177574843	1.0	0.9906727813069178	0.9975370921168794	0.9941339219399795	0.9904641623477889	0.9925310588081518	0.9964900758660424	0.9903221222878054	0.99153317148978	0.9940745051906185	0.9857883961173837	0.9803661574199561	0.9921994849118503	0.9963173022621923	0.997284027013542	0.9873110228393653	0.997818041689481	0.9939581472337731	0.995952902481798	0.9908718266616439	0.9940734495508412	0.9900932706451483
0.9899915194547385	0.9918843009189379	0.9917634012806976	0.9915320406038638	0.9874053831233178	0.9885165658525131	0.9893175105161042	0.9889716142143306	0.988571484601868	0.9903889733082906	0.9882975633135189	0.9913959560591838	0.9903678770353108	0.9905445922107641	0.9923564195642226	0.9906727813069178	1.0	0.9909821875581456	0.9891634926133817	0.9870168191538936	0.9919104136647579	0.9910323510853972	0.9901246629065632	0.9910545943200596	0.9918283361574967	0.9870738985471185	0.9783016545676353	0.9916040462373522	0.9904174024409366	0.9909112979374247	0.981624926409578	0.9904585535236092	0.9907266825991258	0.9903986859247499	0.9876674230821884	0.9906636408350232	0.9880285372025578
0.9921908329673375	0.9924791862682084	0.9932485398392406	0.9943825501160878	0.9895780374495449	0.9917363409632165	0.9925710946326367	0.9922210301450826	0.9904570667392752	0.9934456984778438	0.9906463919200127	0.9942919862865877	0.9935069347514573	0.9934130226139362	0.9926792760180174	0.9975370921168794	0.9909821875581456	1.0	0.9939400093368025	0.990013894599369	0.9922881404295018	0.996296565064335	0.9904246431188538	0.9915629603549868	0.9938549245938564	0.9861676686485072	0.9805185441013052	0.9922845574157668	0.9974965922140749	0.9984127932258943	0.9869023337881584	0.9965365328948244	0.9935323269893863	0.9975931259141586	0.9911636272021863	0.9941617875098451	0.9902842418431931
0.9902242515145498	0.9913695981168844	0.9908737514313642	0.9923123316241598	0.9886581353056659	0.9892541227230365	0.9906034706116907	0.9904750890309859	0.989328143746632	0.9912787292984231	0.9893126025354726	0.9921952076660423	0.9914359575151707	0.9913945072229555	0.990646186570356	0.9941339219399795	0.9891634926133817	0.9939400093368025	1.0	0.9895197769251026	0.9896274916342106	0.9951402631476981	0.9883876379206936	0.9905109058540031	0.9913705005544218	0.9838254798503872	0.9808860669333263	0.9915811152505418	0.9944918711186597	0.9939684622513222	0.9867686588675401	0.993702031519526	0.9913491027815344	0.9931083412776799	0.9891912910395207	0.9917951624333003	0.988790339972466
0.9879496188480008	0.9900720652592657	0.9896810302948031	0.9898816136655151	0.9871972489177449	0.987768104133079	0.9877260751401252	0.987512347979631	0.9875940135450105	0.9895723355619189	0.9879658404697594	0.9908373247639422	0.989181776164456	0.9890968946227409	0.9900275650103662	0.9904641623477889	0.9870168191538936	0.990013894599369	0.9895197769251026	1.0	0.9877672285151676	0.990469394085626	0.9880290214238655	0.9888540781741912	0.9903006517141253	0.9819386073727724	0.9809525706586453	0.9900890177138005	0.9899336081957544	0.9895962618336914	0.9812367384519346	0.9902618992087245	0.9896299770176491	0.9912087453864454	0.9877938373580981	0.9895841681080805	0.987482578256362
0.9922083863176286	0.9925981792509478	0.9935241204709455	0.992614097515769	0.9874193644864739	0.9891777332353314	0.990102112727339	0.9904646006645229	0.9890626210333463	0.9908622182578819	0.9887329706788046	0.9924829683234522	0.9912663068854464	0.9916839756095575	0.9940121318161866	0.9925310588081518	0.9919104136647579	0.9922881404295018	0.9896274916342106	0.9877672285151676	1.0	0.9923960177215636	0.99126754587076	0.9924263327113713	0.9930787096073613	0.9910487811474622	0.9778765717616055	0.9947507433780858	0.9915549459180353	0.9918487761398332	0.9820809541921439	0.9919271558156031	0.9914050427651041	0.9909512452884104	0.9884535068224329	0.9916894716293656	0.9879090592020751
0.9930067782638602	0.9930702293159835	0.9937255995588445	0.9942498076816694	0.9898198892811892	0.9907659238869689	0.9925909975724755	0.992138143574892	0.9909161730503574	0.9936041353532751	0.9909358113068492	0.9939954840452655	0.9934395059512903	0.9934120965773893	0.9937864643224003	0.9964900758660424	0.9910323510853972	0.996296565064335	0.9951402631476981	0.990469394085626	0.9923960177215636	1.0	0.990321372956595	0.9923000425501093	0.9938445541104235	0.9861490184035396	0.9812350108003315	0.9929588695415371	0.9957032152727859	0.9958550626356584	0.9873018679052393	0.9962287257301687	0.9936275863506147	0.9948619819216797	0.9910576586084532	0.9940920791203939	0.990140845251907
0.9927815446943716	0.9908987587907372	0.9911971712533745	0.9901508795147269	0.9866764667307435	0.9884843946691414	0.9882974957612177	0.9886201093083907	0.9874469368379426	0.9893922044525656	0.9877128042483353	0.9905368516462164	0.9895962176047197	0.9898387750912887	0.9918741643049596	0.9903221222878054	0.9901246629065632	0.9904246431188538	0.9883876379206936	0.9880290214238655	0.99126754587076	0.990321372956595	1.0	0.9905581393876364	0.9915487573501267	0.9898289226888163	0.9765863256453414	0.9909861973951558	0.9900363704589374	0.9905630982860951	0.9807464958199545	0.9897555011565435	0.9900720088349846	0.9889578091129566	0.9872336751948099	0.9901401636395067	0.9873539220449385
0.9924784578367783	0.993057275367921	0.9933017705244942	0.9925981792509478	0.9885372386084069	0.9891399589524777	0.9904851028759017	0.9903887654966397	0.9889405382398099	0.9920598318608036	0.9891914221744846	0.9915723500668974	0.9912366507332281	0.9914458967071119	0.9938498031304499	0.99153317148978	0.9910545943200596	0.9915629603549868	0.9905109058540031	0.9888540781741912	0.9924263327113713	0.9923000425501093	0.9905581393876364	1.0	0.9937012215925721	0.9866316546889866	0.9801525821195859	0.9934488748317372	0.9914287722954515	0.9912991204970781	0.9825316777386333	0.9912359149292412	0.9914290742088888	0.9906737697606206	0.9884472497237955	0.9918697124009399	0.988904194329877
0.9938399770487538	0.9936846698320895	0.9944957630586212	0.9936247568043358	0.9891219766272109	0.9912774886573654	0.991124984873994	0.991453636946374	0.990413426572701	0.9931675804009241	0.9906769330245669	0.9936964793717276	0.9923986685765159	0.9929729636284397	0.9938993181701349	0.9940745051906185	0.9918283361574967	0.9938549245938564	0.9913705005544218	0.9903006517141253	0.9930787096073613	0.9938445541104235	0.9915487573501267	0.9937012215925721	1.0	0.9869005375490478	0.9801068305440689	0.9933243378722516	0.9928468493606804	0.9934385887950734	0.9833654989454672	0.9936840332502882	0.993111819794412	0.9924582008254366	0.9897973884121378	0.9936133868746323	0.9901500212803376
0.9886510916609894	0.9871291688352587	0.987047789303617	0.9876312128964465	0.9816245845187326	0.9834779505472061	0.9843768647597686	0.9847511462006902	0.9842430271596575	0.9861233213129004	0.984051121473836	0.9865598313923398	0.9857966224744611	0.9867629917248998	0.9876331802410675	0.9857883961173837	0.9870738985471185	0.9861676686485072	0.9838254798503872	0.9819386073727724	0.9910487811474622	0.9861490184035396	0.9898289226888163	0.9866316546889866	0.9869005375490478	1.0	0.9698364229277224	0.9889877761912171	0.9862136288573851	0.9861789612839976	0.976849211105532	0.985436263441684	0.9863819525901238	0.9846097089717315	0.9832112629431672	0.9869306198781527	0.9820976446693798
0.9784553149011089	0.9810837867336702	0.9802733094853227	0.9813956040507362	0.9804712309027553	0.9809885469652283	0.979292755408052	0.9792434396116189	0.9799744434487204	0.9801855899845602	0.9805484182607624	0.9818014066635704	0.9805530357068765	0.9805617714115188	0.9804457564062068	0.9803661574199561	0.9783016545676353	0.9805185441013052	0.9808860669333263	0.9809525706586453	0.9778765717616055	0.9812350108003315	0.9765863256453414	0.9801525821195859	0.9801068305440689	0.9698364229277224	1.0	0.981625664745201	0.9811768991481177	0.9804512833747101	0.9752460890639367	0.980178561808387	0.9804232260917051	0.9810398892008767	0.9793558710892059	0.9802913954650743	0.980523466995112
0.992432126198845	0.9943615197811235	0.9939657660668396	0.9927615968344387	0.989737517937412	0.989135348069514	0.990889142852269	0.9910692617794649	0.9897255382697426	0.991823255286659	0.9899852481192676	0.9923914652928298	0.9923136835560533	0.9920923454329885	0.994009209824184	0.9921994849118503	0.9916040462373522	0.9922845574157668	0.9915811152505418	0.9900890177138005	0.9947507433780858	0.9929588695415371	0.9909861973951558	0.9934488748317372	0.9933243378722516	0.9889877761912171	0.981625664745201	1.0	0.9925612679336138	0.9923892026117458	0.9841747759049211	0.99187291982675	0.9920066983727658	0.9914439910145428	0.9895146561306991	0.9923088330539983	0.9896129323852685
0.9917888665855723	0.9922971511661182	0.9925227632604605	0.9936555948048214	0.9898321020775528	0.9906494657646511	0.9920080910389252	0.9917267458359116	0.990256603245734	0.9929602121324804	0.9905614848455794	0.9934423660875258	0.9927986082449975	0.9927025127916709	0.9923689357691243	0.9963173022621923	0.9904174024409366	0.9974965922140749	0.9944918711186597	0.9899336081957544	0.9915549459180353	0.9957032152727859	0.9900363704589374	0.9914287722954515	0.9928468493606804	0.9862136288573851	0.9811768991481177	0.9925612679336138	1.0	0.9973523220833477	0.9877000525798617	0.9952367005316849	0.9926765731625402	0.9961417970986057	0.9907947515872472	0.9934279418806422	0.9900728870168515
0.9918101674841916	0.9920191233362616	0.9926633927120488	0.9939818723423366	0.989471642034424	0.9915794930593456	0.9924867995558665	0.9921583193996542	0.9903650024585727	0.9933174328815546	0.9906280421984295	0.9941173032098998	0.9933313754585587	0.9933278319105435	0.9922868717269645	0.997284027013542	0.9909112979374247	0.9984127932258943	0.9939684622513222	0.9895962618336914	0.9918487761398332	0.9958550626356584	0.9905630982860951	0.9912991204970781	0.9934385887950734	0.9861789612839976	0.9804512833747101	0.9923892026117458	0.9973523220833477	1.0	0.9871541966358098	0.9962958494935511	0.9932429488945483	0.9969282875659831	0.9908526537562433	0.9937643880479812	0.9902635993093456
0.9827153015969914	0.9835164402238211	0.9831388161260736	0.984534937636485	0.9821369541883802	0.9805286083466791	0.9828827572842161	0.9827015899400284	0.9805601461688477	0.9835436615738811	0.9811060259820218	0.9840170695815788	0.9840555119397186	0.9839952306926404	0.9836997929410515	0.9873110228393653	0.981624926409578	0.9869023337881584	0.9867686588675401	0.9812367384519346	0.9820809541921439	0.9873018679052393	0.9807464958199545	0.9825316777386333	0.9833654989454672	0.976849211105532	0.9752460890639367	0.9841747759049211	0.9877000525798617	0.9871541966358098	1.0	0.9862209126319965	0.9840385288592919	0.9849236514431986	0.9813343558945973	0.9840213489687227	0.9818032638433
0.9918186304945469	0.9920760584983827	0.9925772206569231	0.994049893596666	0.9891183926165664	0.991472520685827	0.9920234482793882	0.9918037176640679	0.9904521705398958	0.9932540757371441	0.9905917687853492	0.9943393194603575	0.9931090015684729	0.9935748155856736	0.9924103105436157	0.997818041689481	0.9904585535236092	0.9965365328948244	0.993702031519526	0.9902618992087245	0.9919271558156031	0.9962287257301687	0.9897555011565435	0.9912359149292412	0.9936840332502882	0.985436263441684	0.980178561808387	0.99187291982675	0.9952367005316849	0.9962958494935511	0.9862209126319965	1.0	0.9935384970904558	0.9952419540383597	0.9903589494661901	0.9938549119710561	0.9898029890594962
0.9918971969498194	0.9928032088707167	0.9930349806823692	0.99470779894769	0.9897929958732361	0.9920564217988364	0.9914543002823383	0.9919693365731941	0.9909261635098949	0.9943232264044897	0.9909455507444634	0.9939140144611951	0.9939774759897714	0.9939470687526639	0.9925683727184039	0.9939581472337731	0.9907266825991258	0.9935323269893863	0.9913491027815344	0.9896299770176491	0.9914050427651041	0.9936275863506147	0.9900720088349846	0.9914290742088888	0.993111819794412	0.9863819525901238	0.9804232260917051	0.9920066983727658	0.9926765731625402	0.9932429488945483	0.9840385288592919	0.9935384970904558	1.0	0.9921830204937825	0.991012501954616	0.9937832529136583	0.9896194845349213
0.9908551393996852	0.991378975212098	0.991687002713086	0.9933804815667907	0.9889634510362855	0.9914255227091212	0.9920787516609948	0.9909507431009228	0.9897150217285232	0.992194127016963	0.9900466411106092	0.9938166404261449	0.9922839886562829	0.9922151388472115	0.9914651339888382	0.995952902481798	0.9903986859247499	0.9975931259141586	0.9931083412776799	0.9912087453864454	0.9909512452884104	0.9948619819216797	0.9889578091129566	0.9906737697606206	0.9924582008254366	0.9846097089717315	0.9810398892008767	0.9914439910145428	0.9961417970986057	0.9969282875659831	0.9849236514431986	0.9952419540383597	0.9921830204937825	1.0	0.9904903830707817	0.9929150019727527	0.9901144135460916
0.9890606679119636	0.9898919282067637	0.9896893100848869	0.9916262911839822	0.9879174386714599	0.9885504527083226	0.9886086479906646	0.9887980328883593	0.9885502036166162	0.9902072321152217	0.9886167730125269	0.9907525653664583	0.9905362776870211	0.9905817991282398	0.9894044731006483	0.9908718266616439	0.9876674230821884	0.9911636272021863	0.9891912910395207	0.9877938373580981	0.9884535068224329	0.9910576586084532	0.9872336751948099	0.9884472497237955	0.9897973884121378	0.9832112629431672	0.9793558710892059	0.9895146561306991	0.9907947515872472	0.9908526537562433	0.9813343558945973	0.9903589494661901	0.991012501954616	0.9904903830707817	1.0	0.9910035614503251	0.9877483901168701
0.9924802363747939	0.9929991432338447	0.9932198646979231	0.9953414169865487	0.9898930407944239	0.9909623480467211	0.9921887214417299	0.992127002437028	0.9905199882421194	0.9934886266586969	0.9908873717275433	0.9936192665300357	0.9934146536983949	0.9943521585415696	0.9929923414764199	0.9940734495508412	0.9906636408350232	0.9941617875098451	0.9917951624333003	0.9895841681080805	0.9916894716293656	0.9940920791203939	0.9901401636395067	0.9918697124009399	0.9936133868746323	0.9869306198781527	0.9802913954650743	0.9923088330539983	0.9934279418806422	0.9937643880479812	0.9840213489687227	0.9938549119710561	0.9937832529136583	0.9929150019727527	0.9910035614503251	1.0	0.9896027901419591
0.9885910599985647	0.9894823999959727	0.9892089003482785	0.9905114909137936	0.986897417226223	0.9881424558871118	0.9882102067442203	0.9882625026858229	0.9873371435807984	0.9893636080320598	0.9877409743895479	0.9908266759807044	0.9892005741751462	0.9895486474440484	0.9889309169351491	0.9900932706451483	0.9880285372025578	0.9902842418431931	0.988790339972466	0.987482578256362	0.9879090592020751	0.990140845251907	0.9873539220449385	0.988904194329877	0.9901500212803376	0.9820976446693798	0.980523466995112	0.9896129323852685	0.9900728870168515	0.9902635993093456	0.9818032638433	0.9898029890594962	0.9896194845349213	0.9901144135460916	0.9877483901168701	0.9896027901419591	1.0
