/home/jshaw/scratch/2022_sketched_distance/references/SGB_genome_fastas_part4/9710/HMP_2012__SRS013836__bin.49.fa	/home/jshaw/scratch/2022_sketched_distance/references/SGB_genome_fastas_part4/9710/HMP_2012__SRS013881__bin.10.fa	/home/jshaw/scratch/2022_sketched_distance/references/SGB_genome_fastas_part4/9710/HMP_2012__SRS013945__bin.13.fa	/home/jshaw/scratch/2022_sketched_distance/references/SGB_genome_fastas_part4/9710/HMP_2012__SRS013949__bin.33.fa	/home/jshaw/scratch/2022_sketched_distance/references/SGB_genome_fastas_part4/9710/HMP_2012__SRS013950__bin.11.fa	/home/jshaw/scratch/2022_sketched_distance/references/SGB_genome_fastas_part4/9710/HMP_2012__SRS014575__bin.2.fa	/home/jshaw/scratch/2022_sketched_distance/references/SGB_genome_fastas_part4/9710/HMP_2012__SRS014578__bin.17.fa	/home/jshaw/scratch/2022_sketched_distance/references/SGB_genome_fastas_part4/9710/HMP_2012__SRS015745__bin.7.fa	/home/jshaw/scratch/2022_sketched_distance/references/SGB_genome_fastas_part4/9710/HMP_2012__SRS015799__bin.3.fa	/home/jshaw/scratch/2022_sketched_distance/references/SGB_genome_fastas_part4/9710/HMP_2012__SRS015803__bin.6.fa	/home/jshaw/scratch/2022_sketched_distance/references/SGB_genome_fastas_part4/9710/HMP_2012__SRS015895__bin.3.fa	/home/jshaw/scratch/2022_sketched_distance/references/SGB_genome_fastas_part4/9710/HMP_2012__SRS015921__bin.10.fa	/home/jshaw/scratch/2022_sketched_distance/references/SGB_genome_fastas_part4/9710/HMP_2012__SRS017080__bin.6.fa	/home/jshaw/scratch/2022_sketched_distance/references/SGB_genome_fastas_part4/9710/HMP_2012__SRS018359__bin.7.fa	/home/jshaw/scratch/2022_sketched_distance/references/SGB_genome_fastas_part4/9710/HMP_2012__SRS019120__bin.3.fa	/home/jshaw/scratch/2022_sketched_distance/references/SGB_genome_fastas_part4/9710/HMP_2012__SRS019128__bin.2.fa	/home/jshaw/scratch/2022_sketched_distance/references/SGB_genome_fastas_part4/9710/HMP_2012__SRS019129__bin.24.fa	/home/jshaw/scratch/2022_sketched_distance/references/SGB_genome_fastas_part4/9710/HMP_2012__SRS019391__bin.2.fa	/home/jshaw/scratch/2022_sketched_distance/references/SGB_genome_fastas_part4/9710/HMP_2012__SRS019587__bin.5.fa	/home/jshaw/scratch/2022_sketched_distance/references/SGB_genome_fastas_part4/9710/HMP_2012__SRS019591__bin.17.fa	/home/jshaw/scratch/2022_sketched_distance/references/SGB_genome_fastas_part4/9710/HMP_2012__SRS023964__bin.28.fa	/home/jshaw/scratch/2022_sketched_distance/references/SGB_genome_fastas_part4/9710/HMP_2012__SRS023987__bin.4.fa	/home/jshaw/scratch/2022_sketched_distance/references/SGB_genome_fastas_part4/9710/HMP_2012__SRS024470__bin.4.fa	/home/jshaw/scratch/2022_sketched_distance/references/SGB_genome_fastas_part4/9710/HMP_2012__SRS024557__bin.4.fa	/home/jshaw/scratch/2022_sketched_distance/references/SGB_genome_fastas_part4/9710/HMP_2012__SRS050029__bin.11.fa	/home/jshaw/scratch/2022_sketched_distance/references/SGB_genome_fastas_part4/9710/HMP_2012__SRS052874__bin.12.fa	/home/jshaw/scratch/2022_sketched_distance/references/SGB_genome_fastas_part4/9710/HMP_2012__SRS056892__bin.5.fa	/home/jshaw/scratch/2022_sketched_distance/references/SGB_genome_fastas_part4/9710/VogtmannE_2016__MMRS65862658ST-27-0-0__bin.79.fa
1.0	0.9777983069935122	0.9704832830229914	0.9691179171453476	0.9670029324433141	0.9684073401888484	0.9684543663573705	0.9770979134485159	0.9769654006668519	0.9740314453123303	0.9685572399504001	0.9685079588442594	0.977046279099382	0.9698673241936818	0.961916633517212	0.9656716732255407	0.9668163364259762	0.9694809337808513	0.9643983818925043	0.9686778056771798	0.9694197285814461	0.9629324349495438	0.9920169326903543	0.9693805222046284	0.9734771420123555	0.9693733495140352	0.968431079607003	0.9646423314505632
0.9777983069935122	1.0	0.9754906709009522	0.9742478465773118	0.9713255317822098	0.9733681433704822	0.9737011598206912	0.9953573277610794	0.9983688331912247	0.9951669983342902	0.9753717723769546	0.9755102813992932	0.9969286560271234	0.9841095409524451	0.9638087935970896	0.9695608540457901	0.9695093616316147	0.974380434287755	0.966664058502078	0.9735832118820616	0.9742465145372818	0.9691772886695993	0.9840962025384119	0.9728372545374994	0.9773816223140877	0.973158978171861	0.9720530894991773	0.9646670053457589
0.9704832830229914	0.9754906709009522	1.0	0.9975690934865293	0.9952070274495706	0.9829833456191608	0.9838909827550725	0.9742787680030235	0.9742675619387655	0.9702270988616469	0.9775033727658797	0.9778812284068411	0.9753216576591174	0.9664918766018333	0.9871299202233609	0.9937879385147709	0.9922905146768659	0.973708034683237	0.9659243052680372	0.9730303042895839	0.9753299907468136	0.9711202616767207	0.9755329505092661	0.9849352097051515	0.9717480153548187	0.9828525755087494	0.9736006038338096	0.9731785930185337
0.9691179171453476	0.9742478465773118	0.9975690934865293	1.0	0.9939140144611951	0.9816944351948617	0.982463321697891	0.9730651584638105	0.9729689383814846	0.9693383031178562	0.9758897819137614	0.9760493262051642	0.9741691084327614	0.9655699662802365	0.9856970333956896	0.9922977645077999	0.9905744811083861	0.9723512707707199	0.9647198242705842	0.9715689045339276	0.974039355757274	0.9695294858480751	0.9739351363358189	0.983271703330575	0.9704394718189352	0.9813055916243093	0.9726810416891026	0.9712053450392536
0.9670029324433141	0.9713255317822098	0.9952070274495706	0.9939140144611951	1.0	0.9795031290220017	0.9798755372809519	0.9709551002287178	0.9700401493966437	0.967266400542738	0.9728432816577431	0.972842280117066	0.9715983138474956	0.9628688332071403	0.9840127884229816	0.989928925986643	0.9891414999809712	0.9690994696085381	0.9628814008823617	0.9680194683387353	0.970656351438456	0.9684202842610313	0.971621720857609	0.9808081546835994	0.968905985473815	0.9793314031753235	0.9694825597532525	0.9691112253039967
0.9684073401888484	0.9733681433704822	0.9829833456191608	0.9816944351948617	0.9795031290220017	1.0	0.9991191374751525	0.9723083270429445	0.9724507109877161	0.9688366318666723	0.9754272406168435	0.9754068107878989	0.9735391628043832	0.963987316948886	0.9728408593992046	0.977513715192743	0.9782059593507549	0.9733525364904526	0.9662150648194153	0.9726788110206054	0.9741384698839071	0.9704149771105608	0.9728665678967934	0.985350257893472	0.9700579772562228	0.9829010619611845	0.9717667603793702	0.97035957927814
0.9684543663573705	0.9737011598206912	0.9838909827550725	0.982463321697891	0.9798755372809519	0.9991191374751525	1.0	0.972829928480453	0.9727740251813682	0.96891691318619	0.9754855161203927	0.975623862335968	0.9738089947167435	0.9642549486636545	0.9730112762405315	0.9779616440637197	0.9786701836519341	0.9738031262741225	0.9666360056405173	0.9731204375803871	0.9743879861148731	0.9695386894393014	0.9731856176205069	0.985839274366446	0.970480316229238	0.9833070778829491	0.9719695222410218	0.970600506915633
0.9770979134485159	0.9953573277610794	0.9742787680030235	0.9730651584638105	0.9709551002287178	0.9723083270429445	0.972829928480453	1.0	0.9948261054922369	0.9917653327223147	0.973650301517042	0.9738166017675308	0.9945781135165953	0.9828399680714396	0.9644949917968924	0.9688444991380883	0.9688245639470093	0.9732769598257923	0.967141373759909	0.9725125882044577	0.9733060409841995	0.9675984971623396	0.983165185276164	0.9719091515025	0.9766711320060507	0.9728580653316454	0.9703920012624927	0.9640781178098469
0.9769654006668519	0.9983688331912247	0.9742675619387655	0.9729689383814846	0.9700401493966437	0.9724507109877161	0.9727740251813682	0.9948261054922369	1.0	0.9948190463898536	0.9742977388096499	0.9744167410397672	0.9957491606322852	0.9836019605589327	0.963458873936871	0.9684483029116223	0.9685982900396684	0.9732369473963142	0.9664391202660476	0.972721535066	0.9730600885620179	0.9673625780982753	0.9832466428489063	0.9716048667516429	0.9765923493479325	0.9719320692489954	0.9708822064887169	0.9632510420016511
0.9740314453123303	0.9951669983342902	0.9702270988616469	0.9693383031178562	0.967266400542738	0.9688366318666723	0.96891691318619	0.9917653327223147	0.9948190463898536	1.0	0.9709865658617102	0.9708430543419363	0.9920109065424829	0.9841207083973255	0.9597902944448229	0.9645812283264202	0.9656658502315798	0.9699185140601649	0.969722517284254	0.9690197902761243	0.9703813204844616	0.9627860581394749	0.980348448869282	0.9688026097339119	0.9786945322085148	0.9683732682333159	0.9678944010569384	0.9597015951389238
0.9685572399504001	0.9753717723769546	0.9775033727658797	0.9758897819137614	0.9728432816577431	0.9754272406168435	0.9754855161203927	0.973650301517042	0.9742977388096499	0.9709865658617102	1.0	0.9995520117577383	0.9742900488143138	0.9693230379968371	0.9655487987974369	0.9709713110097041	0.9709400251002857	0.9763751422029614	0.9685940648252599	0.9758460178921697	0.9744870707582538	0.9686894916161223	0.9736036903181002	0.978417375313133	0.9718343935112213	0.9771596852917472	0.9755213154245487	0.9703806941498755
0.9685079588442594	0.9755102813992932	0.9778812284068411	0.9760493262051642	0.972842280117066	0.9754068107878989	0.975623862335968	0.9738166017675308	0.9744167410397672	0.9708430543419363	0.9995520117577383	1.0	0.9744128133024794	0.9696382575247363	0.9657772193963559	0.9713819909825951	0.9709959555215101	0.9764431281004097	0.9686852066687033	0.9758875741864076	0.9748009080196284	0.9690448115282172	0.9736651332362807	0.9786941254220046	0.9716878355274041	0.9772199457805715	0.9758195808504909	0.9702664847041055
0.977046279099382	0.9969286560271234	0.9753216576591174	0.9741691084327614	0.9715983138474956	0.9735391628043832	0.9738089947167435	0.9945781135165953	0.9957491606322852	0.9920109065424829	0.9742900488143138	0.9744128133024794	1.0	0.9834952136579103	0.9645499290129059	0.9694531746363589	0.9694420810570583	0.974546214797082	0.9675848673679198	0.974196019859671	0.9745400955918271	0.9694185259484963	0.9833569198573386	0.9728130650046601	0.9773722161922707	0.9731811787846002	0.9716680336128526	0.964313311203056
0.9698673241936818	0.9841095409524451	0.9664918766018333	0.9655699662802365	0.9628688332071403	0.963987316948886	0.9642549486636545	0.9828399680714396	0.9836019605589327	0.9841207083973255	0.9693230379968371	0.9696382575247363	0.9834952136579103	1.0	0.9572823513989643	0.9620799387352583	0.9624623081025774	0.9670283698492322	0.9686109570203741	0.9657382511705601	0.9636889392535136	0.9552334457183651	0.973296331130263	0.9623097539350878	0.9727594037305056	0.9632302648165633	0.9627926787294901	0.9589266477720301
0.961916633517212	0.9638087935970896	0.9871299202233609	0.9856970333956896	0.9840127884229816	0.9728408593992046	0.9730112762405315	0.9644949917968924	0.963458873936871	0.9597902944448229	0.9655487987974369	0.9657772193963559	0.9645499290129059	0.9572823513989643	1.0	0.9840792488597074	0.9831841251555724	0.9632160454258661	0.956093833626866	0.9621612483226872	0.9656288443836737	0.9620959726545162	0.9655909171470648	0.9732432642709506	0.9613982131152858	0.9718696251852993	0.9642783574758635	0.9648737943170764
0.9656716732255407	0.9695608540457901	0.9937879385147709	0.9922977645077999	0.989928925986643	0.977513715192743	0.9779616440637197	0.9688444991380883	0.9684483029116223	0.9645812283264202	0.9709713110097041	0.9713819909825951	0.9694531746363589	0.9620799387352583	0.9840792488597074	1.0	0.988472493808966	0.9680393533468362	0.9597668166722927	0.9668109515468749	0.9695291066250226	0.9674115557195301	0.9698429517108096	0.9789380402101195	0.9659320723575247	0.9775679918263264	0.967853763611937	0.9694463774548155
0.9668163364259762	0.9695093616316147	0.9922905146768659	0.9905744811083861	0.9891414999809712	0.9782059593507549	0.9786701836519341	0.9688245639470093	0.9685982900396684	0.9656658502315798	0.9709400251002857	0.9709959555215101	0.9694420810570583	0.9624623081025774	0.9831841251555724	0.988472493808966	1.0	0.9686019260146794	0.962940739312794	0.9674342421974784	0.970195786588155	0.9653636272082234	0.9711393312641298	0.9788485266274405	0.9678321804597598	0.977554963862362	0.9688913289966936	0.9680019910955961
0.9694809337808513	0.974380434287755	0.973708034683237	0.9723512707707199	0.9690994696085381	0.9733525364904526	0.9738031262741225	0.9732769598257923	0.9732369473963142	0.9699185140601649	0.9763751422029614	0.9764431281004097	0.974546214797082	0.9670283698492322	0.9632160454258661	0.9680393533468362	0.9686019260146794	1.0	0.991279741640752	0.9983191735664189	0.9724978454100426	0.9657341355724683	0.975221629435843	0.973958891521317	0.9728666151927089	0.9730248315168769	0.9725383455861852	0.9665215796731758
0.9643983818925043	0.966664058502078	0.9659243052680372	0.9647198242705842	0.9628814008823617	0.9662150648194153	0.9666360056405173	0.967141373759909	0.9664391202660476	0.969722517284254	0.9685940648252599	0.9686852066687033	0.9675848673679198	0.9686109570203741	0.956093833626866	0.9597668166722927	0.962940739312794	0.991279741640752	1.0	0.9903698855643662	0.964848566935755	0.9512032674044617	0.9691881698165903	0.9649527674142375	0.9712993448527301	0.9653050841928228	0.9660512604302088	0.9577020831729693
0.9686778056771798	0.9735832118820616	0.9730303042895839	0.9715689045339276	0.9680194683387353	0.9726788110206054	0.9731204375803871	0.9725125882044577	0.972721535066	0.9690197902761243	0.9758460178921697	0.9758875741864076	0.974196019859671	0.9657382511705601	0.9621612483226872	0.9668109515468749	0.9674342421974784	0.9983191735664189	0.9903698855643662	1.0	0.97210450170027	0.9667852388119136	0.9745784628604233	0.9736402427122859	0.9720903659632892	0.9721014524608321	0.9719176121043281	0.9664884187071401
0.9694197285814461	0.9742465145372818	0.9753299907468136	0.974039355757274	0.970656351438456	0.9741384698839071	0.9743879861148731	0.9733060409841995	0.9730600885620179	0.9703813204844616	0.9744870707582538	0.9748009080196284	0.9745400955918271	0.9636889392535136	0.9656288443836737	0.9695291066250226	0.970195786588155	0.9724978454100426	0.964848566935755	0.97210450170027	1.0	0.9929509208989347	0.9746669072339531	0.9746978975902799	0.9702844206828454	0.9744929613429698	0.9886743933160645	0.9675745962824697
0.9629324349495438	0.9691772886695993	0.9711202616767207	0.9695294858480751	0.9684202842610313	0.9704149771105608	0.9695386894393014	0.9675984971623396	0.9673625780982753	0.9627860581394749	0.9686894916161223	0.9690448115282172	0.9694185259484963	0.9552334457183651	0.9620959726545162	0.9674115557195301	0.9653636272082234	0.9657341355724683	0.9512032674044617	0.9667852388119136	0.9929509208989347	1.0	0.9681678082661157	0.9695034175136148	0.961039621568781	0.9698246696345042	0.9817650114896385	0.964841170750471
0.9920169326903543	0.9840962025384119	0.9755329505092661	0.9739351363358189	0.971621720857609	0.9728665678967934	0.9731856176205069	0.983165185276164	0.9832466428489063	0.980348448869282	0.9736036903181002	0.9736651332362807	0.9833569198573386	0.973296331130263	0.9655909171470648	0.9698429517108096	0.9711393312641298	0.975221629435843	0.9691881698165903	0.9745784628604233	0.9746669072339531	0.9681678082661157	1.0	0.9745339526350507	0.9783511757265622	0.9737584150947813	0.972921380559762	0.966417576821419
0.9693805222046284	0.9728372545374994	0.9849352097051515	0.983271703330575	0.9808081546835994	0.985350257893472	0.985839274366446	0.9719091515025	0.9716048667516429	0.9688026097339119	0.978417375313133	0.9786941254220046	0.9728130650046601	0.9623097539350878	0.9732432642709506	0.9789380402101195	0.9788485266274405	0.973958891521317	0.9649527674142375	0.9736402427122859	0.9746978975902799	0.9695034175136148	0.9745339526350507	1.0	0.971434439768782	0.9924180214857652	0.9731271730405205	0.9742616658217963
0.9734771420123555	0.9773816223140877	0.9717480153548187	0.9704394718189352	0.968905985473815	0.9700579772562228	0.970480316229238	0.9766711320060507	0.9765923493479325	0.9786945322085148	0.9718343935112213	0.9716878355274041	0.9773722161922707	0.9727594037305056	0.9613982131152858	0.9659320723575247	0.9678321804597598	0.9728666151927089	0.9712993448527301	0.9720903659632892	0.9702844206828454	0.961039621568781	0.9783511757265622	0.971434439768782	1.0	0.9695001121798567	0.9709231999099667	0.9620913242726585
0.9693733495140352	0.973158978171861	0.9828525755087494	0.9813055916243093	0.9793314031753235	0.9829010619611845	0.9833070778829491	0.9728580653316454	0.9719320692489954	0.9683732682333159	0.9771596852917472	0.9772199457805715	0.9731811787846002	0.9632302648165633	0.9718696251852993	0.9775679918263264	0.977554963862362	0.9730248315168769	0.9653050841928228	0.9721014524608321	0.9744929613429698	0.9698246696345042	0.9737584150947813	0.9924180214857652	0.9695001121798567	1.0	0.9718226518533549	0.9715379196976229
0.968431079607003	0.9720530894991773	0.9736006038338096	0.9726810416891026	0.9694825597532525	0.9717667603793702	0.9719695222410218	0.9703920012624927	0.9708822064887169	0.9678944010569384	0.9755213154245487	0.9758195808504909	0.9716680336128526	0.9627926787294901	0.9642783574758635	0.967853763611937	0.9688913289966936	0.9725383455861852	0.9660512604302088	0.9719176121043281	0.9886743933160645	0.9817650114896385	0.972921380559762	0.9731271730405205	0.9709231999099667	0.9718226518533549	1.0	0.9681410345465381
0.9646423314505632	0.9646670053457589	0.9731785930185337	0.9712053450392536	0.9691112253039967	0.97035957927814	0.970600506915633	0.9640781178098469	0.9632510420016511	0.9597015951389238	0.9703806941498755	0.9702664847041055	0.964313311203056	0.9589266477720301	0.9648737943170764	0.9694463774548155	0.9680019910955961	0.9665215796731758	0.9577020831729693	0.9664884187071401	0.9675745962824697	0.964841170750471	0.966417576821419	0.9742616658217963	0.9620913242726585	0.9715379196976229	0.9681410345465381	1.0
