/home/jshaw/scratch/2022_sketched_distance/references/SGB_genome_fastas_part2/2121/BackhedF_2015__SID172_M__bin.40.fa	/home/jshaw/scratch/2022_sketched_distance/references/SGB_genome_fastas_part2/2121/BackhedF_2015__SID241_M__bin.31.fa	/home/jshaw/scratch/2022_sketched_distance/references/SGB_genome_fastas_part2/2121/BackhedF_2015__SID338_M__bin.70.fa	/home/jshaw/scratch/2022_sketched_distance/references/SGB_genome_fastas_part2/2121/Bengtsson-PalmeJ_2015__TRAVELRES25__bin.50.fa	/home/jshaw/scratch/2022_sketched_distance/references/SGB_genome_fastas_part2/2121/Bengtsson-PalmeJ_2015__TRAVELRES26__bin.74.fa	/home/jshaw/scratch/2022_sketched_distance/references/SGB_genome_fastas_part2/2121/CosteaPI_2017__alien2-11-0-0__bin.7.fa	/home/jshaw/scratch/2022_sketched_distance/references/SGB_genome_fastas_part2/2121/FengQ_2015__SID31749__bin.37.fa	/home/jshaw/scratch/2022_sketched_distance/references/SGB_genome_fastas_part2/2121/HMP_2012__SRS012273__bin.49.fa	/home/jshaw/scratch/2022_sketched_distance/references/SGB_genome_fastas_part2/2121/HMP_2012__SRS022071__bin.33.fa	/home/jshaw/scratch/2022_sketched_distance/references/SGB_genome_fastas_part2/2121/HMP_2012__SRS052027__bin.35.fa	/home/jshaw/scratch/2022_sketched_distance/references/SGB_genome_fastas_part2/2121/KarlssonFH_2013__S577__bin.48.fa	/home/jshaw/scratch/2022_sketched_distance/references/SGB_genome_fastas_part2/2121/LeChatelierE_2013__MH0140__bin.3.fa	/home/jshaw/scratch/2022_sketched_distance/references/SGB_genome_fastas_part2/2121/LeChatelierE_2013__MH0257__bin.78.fa	/home/jshaw/scratch/2022_sketched_distance/references/SGB_genome_fastas_part2/2121/LiJ_2014__MH0391__bin.43.fa	/home/jshaw/scratch/2022_sketched_distance/references/SGB_genome_fastas_part2/2121/LiJ_2014__V1.CD20-0__bin.36.fa	/home/jshaw/scratch/2022_sketched_distance/references/SGB_genome_fastas_part2/2121/LiJ_2014__V1.FI07__bin.4.fa	/home/jshaw/scratch/2022_sketched_distance/references/SGB_genome_fastas_part2/2121/LiJ_2017__H2M514903__bin.45.fa	/home/jshaw/scratch/2022_sketched_distance/references/SGB_genome_fastas_part2/2121/LiJ_2017__nHM410714__bin.27.fa	/home/jshaw/scratch/2022_sketched_distance/references/SGB_genome_fastas_part2/2121/LiJ_2017__nHM412716__bin.59.fa	/home/jshaw/scratch/2022_sketched_distance/references/SGB_genome_fastas_part2/2121/LiJ_2017__nHM611708__bin.16.fa	/home/jshaw/scratch/2022_sketched_distance/references/SGB_genome_fastas_part2/2121/LoombaR_2017__SID1022_aav__bin.28.fa	/home/jshaw/scratch/2022_sketched_distance/references/SGB_genome_fastas_part2/2121/NielsenHB_2014__V1_CD20_4__bin.55.fa	/home/jshaw/scratch/2022_sketched_distance/references/SGB_genome_fastas_part2/2121/QinJ_2012__CON-052__bin.33.fa	/home/jshaw/scratch/2022_sketched_distance/references/SGB_genome_fastas_part2/2121/QinJ_2012__NLM006__bin.4.fa	/home/jshaw/scratch/2022_sketched_distance/references/SGB_genome_fastas_part2/2121/QinJ_2012__NLM026__bin.21.fa	/home/jshaw/scratch/2022_sketched_distance/references/SGB_genome_fastas_part2/2121/QinJ_2012__T2D-098__bin.37.fa	/home/jshaw/scratch/2022_sketched_distance/references/SGB_genome_fastas_part2/2121/QinN_2014__HD-35__bin.49.fa	/home/jshaw/scratch/2022_sketched_distance/references/SGB_genome_fastas_part2/2121/QinN_2014__HD-36__bin.19.fa	/home/jshaw/scratch/2022_sketched_distance/references/SGB_genome_fastas_part2/2121/VogtmannE_2016__MMRS11664448ST-27-0-0__bin.83.fa	/home/jshaw/scratch/2022_sketched_distance/references/SGB_genome_fastas_part2/2121/VogtmannE_2016__MMRS51307502ST-27-0-0__bin.36.fa	/home/jshaw/scratch/2022_sketched_distance/references/SGB_genome_fastas_part2/2121/VogtmannE_2016__MMRS54316675ST-27-0-0__bin.55.fa	/home/jshaw/scratch/2022_sketched_distance/references/SGB_genome_fastas_part2/2121/VogtmannE_2016__MMRS67690541ST-27-0-0__bin.65.fa	/home/jshaw/scratch/2022_sketched_distance/references/SGB_genome_fastas_part2/2121/YuJ_2015__SZAXPI003412-1__bin.63.fa	/home/jshaw/scratch/2022_sketched_distance/references/SGB_genome_fastas_part2/2121/YuJ_2015__SZAXPI015222-123__bin.55.fa	/home/jshaw/scratch/2022_sketched_distance/references/SGB_genome_fastas_part2/2121/YuJ_2015__SZAXPI017466-84__bin.26.fa	/home/jshaw/scratch/2022_sketched_distance/references/SGB_genome_fastas_part2/2121/YuJ_2015__SZAXPI017593-158__bin.26.fa	/home/jshaw/scratch/2022_sketched_distance/references/SGB_genome_fastas_part2/2121/ZeeviD_2015__PNP_Main_121__bin.3.fa	/home/jshaw/scratch/2022_sketched_distance/references/SGB_genome_fastas_part2/2121/ZeeviD_2015__PNP_Main_154__bin.54.fa	/home/jshaw/scratch/2022_sketched_distance/references/SGB_genome_fastas_part2/2121/ZeeviD_2015__PNP_Main_286__bin.38.fa	/home/jshaw/scratch/2022_sketched_distance/references/SGB_genome_fastas_part2/2121/ZeeviD_2015__PNP_Main_327__bin.53.fa	/home/jshaw/scratch/2022_sketched_distance/references/SGB_genome_fastas_part2/2121/ZeeviD_2015__PNP_Main_430__bin.10.fa	/home/jshaw/scratch/2022_sketched_distance/references/SGB_genome_fastas_part2/2121/ZeeviD_2015__PNP_Main_473__bin.20.fa	/home/jshaw/scratch/2022_sketched_distance/references/SGB_genome_fastas_part2/2121/ZeeviD_2015__PNP_Main_543__bin.19.fa	/home/jshaw/scratch/2022_sketched_distance/references/SGB_genome_fastas_part2/2121/ZeeviD_2015__PNP_Main_644__bin.16.fa	/home/jshaw/scratch/2022_sketched_distance/references/SGB_genome_fastas_part2/2121/ZeeviD_2015__PNP_Main_645__bin.38.fa	/home/jshaw/scratch/2022_sketched_distance/references/SGB_genome_fastas_part2/2121/ZeeviD_2015__PNP_Main_773__bin.23.fa	/home/jshaw/scratch/2022_sketched_distance/references/SGB_genome_fastas_part2/2121/ZeeviD_2015__PNP_Validation_83__bin.8.fa	/home/jshaw/scratch/2022_sketched_distance/references/SGB_genome_fastas_part2/2121/ZellerG_2014__CCMD79987997ST-21-0__bin.13.fa
1.0	0.9827606317558852	0.9863933711499646	0.9841392315831069	0.9835662515208959	0.9873398648525392	0.9801151450404845	0.9840674003200838	0.9830969073081766	0.9818793262125747	0.9850510970475692	0.9823040739171663	0.9798383055435309	0.9805993319819786	0.9800400207152283	0.979784184272869	0.9859527947283354	0.9855159462424569	0.985274171027695	0.9870781467086275	0.9645954301256835	0.982294531164722	0.988553386836061	0.9867146545489178	0.9871150906265928	0.9859756105317148	0.9839557031573868	0.9851202024530512	0.9638954356895183	0.9800201929203524	0.9796653693420944	0.9626497177531127	0.9881725165816968	0.9647592939183013	0.9881934813117734	0.9848354958922434	0.985637099742722	0.9841629320762493	0.985440986283939	0.9572634564821226	0.986139707705476	0.9832149129932805	0.9845780044179152	0.9831369973623821	0.9854863286145825	0.9605906773130743	0.9836353272883255	0.9801693002676641
0.9827606317558852	1.0	0.9827606317558852	0.9851951630165073	0.9804067045529906	0.98128848328515	0.9932444503101732	0.9820491829491086	0.9823421008765607	0.9891897197334907	0.9835507747268672	0.9900426540914411	0.9933141810629064	0.992324323137537	0.9919635003533633	0.9933141810629064	0.9811879447816098	0.981154363152589	0.9833942627178065	0.9832999955604387	0.9670849316908826	0.9864922375187033	0.9832054565043143	0.9844744773571251	0.9831106439500253	0.9826324217209959	0.9786047133130525	0.9817536202583969	0.9688004103559242	0.9935916448563523	0.992252472819722	0.9685537820188383	0.9850761420182113	0.9652196156744004	0.9847766881558551	0.981488637979673	0.9776052390239425	0.9833314480786245	0.9837376081873304	0.9622277248022645	0.9822122385625471	0.9796415396387096	0.975761980009334	0.979991565200719	0.9838306272227072	0.9642141821540449	0.9793232763345832	0.987984162167551
0.9863933711499646	0.9827606317558852	1.0	0.9875019286267573	0.9852233925878138	0.9860407243566729	0.9826277578874213	0.9853238714103778	0.9878393332904577	0.9817495250758116	0.9873319205133243	0.9808753723766395	0.9822888006216942	0.981946297708117	0.9835968122372207	0.9838143447969916	0.9884301575034162	0.9861216903865284	0.9868165619178797	0.9869400005495584	0.9634862566110681	0.9843331880939067	0.9868659929675452	0.9887380950362634	0.9872587902004688	0.9878393332904577	0.9822303798972719	0.9859392693140238	0.9658322103666405	0.9822035102341717	0.9811623034264599	0.965165469741376	0.9886680247471928	0.9658419936820776	0.9887147548224134	0.98467032926661	0.9844279079204629	0.9872099462185998	0.9867918185095362	0.9605133786515164	0.9866678214919855	0.9834052800637023	0.9831933467826418	0.9840168675693606	0.9864934364995162	0.961282840080699	0.9848283699308198	0.9783370691259801
0.9841392315831069	0.9851951630165073	0.9875019286267573	1.0	0.9979202778466065	0.9844154843843969	0.983849373531532	0.9853407548784123	0.9846237496362047	0.9847903654588737	0.9862127835402502	0.9854906835905843	0.9818267492139081	0.9836351075494618	0.9843345641889765	0.9823859001564449	0.9872020176707199	0.9863297940459956	0.985685615255857	0.986714032666537	0.9645320497847102	0.9856149235516966	0.9863639357835353	0.9848744031504812	0.9859230714113278	0.9846809755584447	0.9845833681779264	0.9846567282225078	0.9657828243771556	0.9831156091381188	0.9822390018846513	0.9654098376283876	0.9855176279477856	0.9662871923023854	0.9847400692752643	0.9834659553711502	0.9862982059064644	0.9856653078876184	0.988147222055892	0.960081500030124	0.9844011083070474	0.9845072013895609	0.985645144846853	0.9852417155911404	0.9839666690682461	0.9635109742477455	0.9847947509079054	0.9825732130931331
0.9835662515208959	0.9804067045529906	0.9852233925878138	0.9979202778466065	1.0	0.9842946435490155	0.9818208684812502	0.9818208684812502	0.9846528632496057	0.979738028767198	0.9863095085747375	0.9778157153328381	0.9810652371052148	0.9821183020091985	0.983792100062762	0.9835095454665246	0.9847644037036666	0.9822660114510846	0.9838483199814473	0.983763953918955	0.9643731010148059	0.9834936501789319	0.983763953918955	0.9855183316272803	0.9847623026712388	0.9855983120566648	0.9786216691231818	0.9832817352245035	0.9655782157575533	0.9812785792188259	0.980008726752996	0.9648303266352051	0.9857841793432659	0.9621653262094183	0.9847896056091126	0.9806652992665403	0.9815743205281017	0.9858370917399565	0.9855983120566648	0.9602862030852901	0.9845980063952225	0.9817610560438459	0.9799239064144184	0.9835662515208959	0.9838763938403164	0.9617071616054927	0.9840722408683005	0.9762864382538287
0.9873398648525392	0.98128848328515	0.9860407243566729	0.9844154843843969	0.9842946435490155	1.0	0.9817573892463483	0.9823575557925697	0.9849431351878813	0.9799448416410129	0.9858720521142026	0.9795200530750553	0.9809100642569869	0.9811753837930107	0.9823575557925697	0.9828912446513114	0.9865573049389633	0.9848446072162509	0.9857956377600396	0.9856422738665568	0.964907935959829	0.9829993394749884	0.9868496047445099	0.9889078017057991	0.9870220279699057	0.9880618288894168	0.9800695419066656	0.9865020228781954	0.9652934799644144	0.9814676807272578	0.9802220780506754	0.9644686019445295	0.9889541694458355	0.9632767753607289	0.9890698042677619	0.9839062329825625	0.9843122288375662	0.9855396321098709	0.9849169531205518	0.9584294694792644	0.9859990158437703	0.9814385682854753	0.9815994465453134	0.9821755035516302	0.9866514365598513	0.9601619188892484	0.9839062329825625	0.9780617799650038
0.9801151450404845	0.9932444503101732	0.9826277578874213	0.983849373531532	0.9818208684812502	0.9817573892463483	1.0	0.9802496732526813	0.9812583607820122	0.9915445081190128	0.981286435239126	0.9907382851454641	0.9916244089873857	0.9919889898262259	0.9902861868396781	0.9912741974369355	0.9828095522651621	0.9818348513648605	0.9808627666993618	0.9818560866552858	0.9648881873291709	0.9914698353914777	0.9817193130239696	0.9831411236980656	0.9818153228639168	0.9818980555093207	0.9786750561895133	0.9803181161531809	0.9664323971655838	0.9923740469542469	0.9894651700802016	0.9660307898260169	0.9833789112210357	0.9676400656594789	0.9827677679078896	0.978260090587313	0.9802021141693712	0.9809479406624015	0.9822541667944731	0.9600248406836737	0.9809762827503554	0.9784016056250338	0.9784452000802932	0.9798567558845207	0.9820628960693416	0.9629711245547321	0.9794950976851342	0.9894463477829548
0.9840674003200838	0.9820491829491086	0.9853238714103778	0.9853407548784123	0.9818208684812502	0.9823575557925697	0.9802496732526813	1.0	0.9984249104490502	0.9809930068633177	0.9854425542529731	0.9811398202064201	0.9806050330414638	0.9800899809919522	0.9813907446402605	0.9822141530095926	0.9856597032402632	0.985409449930922	0.9852386390039614	0.9853407548784123	0.9632277484519534	0.9811904852494185	0.9843050159643328	0.9858215168013175	0.9840143622889846	0.9849303722118856	0.9813473132338962	0.983774624022031	0.9649436818064104	0.9810438680635176	0.9806638858391835	0.9640726498646062	0.9863448281033528	0.9644096764399478	0.9859218396358479	0.9825211409369718	0.9830522447248471	0.984619183489404	0.9845409231289914	0.9586911726677565	0.9836675085191745	0.9816398708868962	0.9806579936950769	0.9814500623389931	0.984252361017891	0.9613615720249432	0.981217766199445	0.9772216815946769
0.9830969073081766	0.9823421008765607	0.9878393332904577	0.9846237496362047	0.9846528632496057	0.9849431351878813	0.9812583607820122	0.9984249104490502	1.0	0.9816844309324375	0.9848156846737273	0.9809637594917119	0.979390730736301	0.9819105199900204	0.9818045277341281	0.9814159179733815	0.9886019265214903	0.9872250748175309	0.9855168206893482	0.9872226714417031	0.9630399684457682	0.9841413470922536	0.9860176054015755	0.9856191185088561	0.9856793917548252	0.9851488942496666	0.9827490077187839	0.9830969073081766	0.964053105777999	0.9799783149380695	0.9791356353950454	0.9632265684962693	0.9860366417784167	0.9653905522807584	0.9857821196410943	0.9816275277230418	0.9849245250445311	0.9840900656811301	0.9857096934383998	0.9583637477539493	0.9838445820039181	0.983786565024855	0.9821515825987912	0.9843139518142003	0.9838692132191832	0.9607620289038281	0.9837691627057608	0.978880773052936
0.9818793262125747	0.9891897197334907	0.9817495250758116	0.9847903654588737	0.979738028767198	0.9799448416410129	0.9915445081190128	0.9809930068633177	0.9816844309324375	1.0	0.9837975828102862	0.9885357731394132	0.9932155010218948	0.9899875772812551	0.9901642395468756	0.9911559956414598	0.9795994223305279	0.9807927422358126	0.9821373943515469	0.9821373943515469	0.964598341886375	0.9855228156818879	0.9821695102888401	0.9836445051529057	0.9820730678037727	0.982552464359696	0.9785047884431194	0.9825207220147196	0.9671431927525218	0.9923080968339276	0.9904149851516595	0.9667327717344395	0.984432819500116	0.9634583320949114	0.9841922727628432	0.981389894028259	0.9764467515843887	0.9824253099670114	0.9831186288975502	0.960483679878613	0.9815865462767605	0.9780345882032966	0.974907337439402	0.9783968808846191	0.9827107162768564	0.9634755498066833	0.9780345882032966	0.9876819651537244
0.9850510970475692	0.9835507747268672	0.9873319205133243	0.9862127835402502	0.9863095085747375	0.9858720521142026	0.981286435239126	0.9854425542529731	0.9848156846737273	0.9837975828102862	1.0	0.9832230381992038	0.980797452842411	0.9824206291090845	0.9820185458833456	0.9827251501451453	0.9873040093395579	0.9865623469020052	0.9866104942535402	0.9871504884224234	0.9659775754074716	0.9837542660581732	0.9864622208862157	0.9852319417573745	0.9855568708585931	0.9852757794329791	0.9859856083652625	0.9871068874065362	0.9673679099345586	0.9826365480104725	0.9834288444024839	0.9669101165820004	0.9857937850190126	0.9662318778913931	0.9858764390814694	0.9858549377733233	0.9868748988637286	0.9865990226690745	0.9871146090516076	0.9600315087930359	0.9860000316948943	0.985902680158564	0.9862949219667745	0.9853721388122229	0.9855654084089466	0.9624844635603806	0.9856382091528346	0.9834053707304033
0.9823040739171663	0.9900426540914411	0.9808753723766395	0.9854906835905843	0.9778157153328381	0.9795200530750553	0.9907382851454641	0.9811398202064201	0.9809637594917119	0.9885357731394132	0.9832230381992038	1.0	0.9941309904336962	0.991675449722093	0.990309387681338	0.9926177570443435	0.9784414916773787	0.9793813761108472	0.9825152048340446	0.9814891236702916	0.9669507784866664	0.981662386668721	0.9811836876828178	0.9839562114244349	0.9814891236702916	0.9806978780645677	0.9785842120289595	0.9822192389003193	0.9668145784284436	0.9936842363119149	0.9923378730679647	0.9657037384880509	0.9853365619012544	0.9614825377158966	0.9849480633725063	0.9830578596593726	0.9690552136023933	0.9822192389003193	0.9827667783476565	0.9608314888343109	0.982473087406521	0.9770784124719677	0.9709709406220212	0.9763748707446066	0.9839159068185486	0.9641108961355211	0.978106028344804	0.9884304789795956
0.9798383055435309	0.9933141810629064	0.9822888006216942	0.9818267492139081	0.9810652371052148	0.9809100642569869	0.9916244089873857	0.9806050330414638	0.979390730736301	0.9932155010218948	0.980797452842411	0.9941309904336962	1.0	0.9921567613808496	0.989005187499414	0.9908241650088626	0.9822798186681101	0.98192394714509	0.9820523144440069	0.9823337614905963	0.9645953224719019	0.9895679853822884	0.9818042564856372	0.9808641705375097	0.981233331696224	0.9800742353811414	0.9826057663069804	0.9820340826243898	0.9654972326624343	0.9924641081699482	0.9916945733386433	0.9648069759202804	0.9821721718879349	0.9666170988239263	0.981406190714201	0.9818310103023	0.98136367244506	0.9803659607695321	0.9820865610214992	0.9581246510478894	0.9798182112611677	0.9793732826518362	0.9795703381404562	0.9788557332370167	0.9807897994283781	0.9618809472099213	0.9788805510052466	0.9930955255995507
0.9805993319819786	0.992324323137537	0.981946297708117	0.9836351075494618	0.9821183020091985	0.9811753837930107	0.9919889898262259	0.9800899809919522	0.9819105199900204	0.9899875772812551	0.9824206291090845	0.991675449722093	0.9921567613808496	1.0	0.9913307124888279	0.9927578977187425	0.9837022628843121	0.9817455123747127	0.9819105199900204	0.9817099774044199	0.966355488984487	0.9910305647980342	0.9813051668872995	0.9836351075494618	0.9821948946049027	0.9837433153611057	0.9779878951389204	0.9801201636125284	0.9670849847590177	0.9927373496802496	0.9904614709434306	0.966355488984487	0.984092545071987	0.9669436616358925	0.9832809451099694	0.9794496165861134	0.9802895854114382	0.981450317744379	0.9821382169652559	0.9606152706032854	0.9810422610074181	0.9785919443646011	0.977279855729341	0.9806781404742604	0.981996092071989	0.9636636246497743	0.980390559810761	0.9890038223941285
0.9800400207152283	0.9919635003533633	0.9835968122372207	0.9843345641889765	0.983792100062762	0.9823575557925697	0.9902861868396781	0.9813907446402605	0.9818045277341281	0.9901642395468756	0.9820185458833456	0.990309387681338	0.989005187499414	0.9913307124888279	1.0	0.9929809156797156	0.9842376314037818	0.9828595148232105	0.9819985313420551	0.9837797837506861	0.9635269138906646	0.9998208594126626	0.9827793127767954	0.9828348990118173	0.9832958161224534	0.9818849486259809	0.979820388871052	0.9804901557740058	0.9649567306906053	0.9895185230516499	0.9878870577209623	0.9643648545323795	0.9836060096156005	0.9668351746353951	0.9828348990118173	0.978769170723687	0.9812790319468517	0.9819117117367251	0.9828120540132593	0.9594591943852351	0.9814265946475891	0.9799244869067179	0.9801575100604051	0.9819451071576066	0.9824950315878566	0.9620304651618338	0.9814160928235546	0.9877167367881751
0.979784184272869	0.9933141810629064	0.9838143447969916	0.9823859001564449	0.9835095454665246	0.9828912446513114	0.9912741974369355	0.9822141530095926	0.9814159179733815	0.9911559956414598	0.9827251501451453	0.9926177570443435	0.9908241650088626	0.9927578977187425	0.9929809156797156	1.0	0.9846817891937515	0.9836567776983505	0.9838811587133455	0.9840456070718067	0.9653328923269988	0.9938465339150302	0.9834853030138115	0.9815970122688991	0.9831111888289848	0.9820578640611236	0.9827204095033755	0.9821602498708172	0.9653328923269988	0.9918555545089933	0.9907529114592495	0.9649371150840065	0.9843017872448617	0.9682178090477723	0.9836051879524996	0.9811797848911342	0.9821982491084197	0.9812808375428431	0.9833131224157888	0.9594763874122851	0.9817712135770004	0.9808820142377506	0.9819318446207134	0.9817421713352509	0.9834876357484783	0.9633800274203984	0.9815307008477812	0.9922090734260249
0.9859527947283354	0.9811879447816098	0.9884301575034162	0.9872020176707199	0.9847644037036666	0.9865573049389633	0.9828095522651621	0.9856597032402632	0.9886019265214903	0.9795994223305279	0.9873040093395579	0.9784414916773787	0.9822798186681101	0.9837022628843121	0.9842376314037818	0.9846817891937515	1.0	0.9862169921766979	0.9879843089469443	0.9873040093395579	0.9644360127135032	0.9831649394701193	0.9859527947283354	0.9890636936774703	0.9872020176707199	0.9886263920227513	0.9816205064731304	0.9862169921766979	0.9662845165459162	0.9822501362612438	0.9816205064731304	0.9656965560069094	0.9889912117575471	0.9652766955020591	0.9884547508254649	0.9843492357402991	0.9832523374385816	0.9871509030498898	0.986348298880468	0.9594382467878314	0.9862169921766979	0.98373065911803	0.9807343154686677	0.9847093504737613	0.9866872623479225	0.961644116274289	0.9855793133676765	0.9774337454008334
0.9855159462424569	0.981154363152589	0.9861216903865284	0.9863297940459956	0.9822660114510846	0.9848446072162509	0.9818348513648605	0.985409449930922	0.9872250748175309	0.9807927422358126	0.9865623469020052	0.9793813761108472	0.98192394714509	0.9817455123747127	0.9828595148232105	0.9836567776983505	0.9862169921766979	1.0	0.9900294387969178	0.9891843741167675	0.9645965810824165	0.9818504949429279	0.9856485829647834	0.9882192897448275	0.9860694579697947	0.9866651781719991	0.9831464830616891	0.9853293504941627	0.9659344399831704	0.9836848958369321	0.9814459417576075	0.965148366837814	0.9880474549890831	0.9638183952883358	0.9878251989756979	0.9839368799700198	0.9832922098013872	0.9864333539760546	0.9852758421402589	0.9607300042039555	0.9864591930741299	0.9831178990654819	0.9810000472481553	0.982686119593174	0.9863297940459956	0.961961655851705	0.9828595148232105	0.9782341078614007
0.985274171027695	0.9833942627178065	0.9868165619178797	0.985685615255857	0.9838483199814473	0.9857956377600396	0.9808627666993618	0.9852386390039614	0.9855168206893482	0.9821373943515469	0.9866104942535402	0.9825152048340446	0.9820523144440069	0.9819105199900204	0.9819985313420551	0.9838811587133455	0.9879843089469443	0.9900294387969178	1.0	0.9890004368983678	0.9650002423556758	0.9834281712176172	0.9867796337636278	0.987555548638792	0.9856059340603978	0.9859968087658189	0.9847451513620468	0.9861631619443489	0.9661606079824578	0.9830577595167853	0.9817011340865314	0.9648179513526188	0.9886725039385823	0.9669436616358925	0.9884078684537226	0.9849068014783862	0.9857112161878542	0.9856374766641721	0.9852441729962984	0.959673981676522	0.9866104942535402	0.9835699665262883	0.9838236869894157	0.9835248492925919	0.986657229796107	0.9623982864227293	0.9835278642269457	0.9815023702045262
0.9870781467086275	0.9832999955604387	0.9869400005495584	0.986714032666537	0.983763953918955	0.9856422738665568	0.9818560866552858	0.9853407548784123	0.9872226714417031	0.9821373943515469	0.9871504884224234	0.9814891236702916	0.9823337614905963	0.9817099774044199	0.9837797837506861	0.9840456070718067	0.9873040093395579	0.9891843741167675	0.9890004368983678	1.0	0.9662975496886534	0.9839806181281396	0.9865181777354084	0.98877192908637	0.9867628147017177	0.9878417139257274	0.984257389310658	0.9870056455892898	0.9675085447156874	0.9837263595460728	0.9821379152259468	0.9669311498593611	0.9894752092656717	0.9651051513160637	0.9891594551217974	0.9853687889138223	0.9853014907767216	0.9870298303848841	0.9864690312015764	0.9618437489863599	0.9870539974158258	0.9839212161484626	0.9835450309435457	0.9833314969957546	0.986932984348569	0.9631804920160052	0.9833118755016474	0.9796468100823523
0.9645954301256835	0.9670849316908826	0.9634862566110681	0.9645320497847102	0.9643731010148059	0.964907935959829	0.9648881873291709	0.9632277484519534	0.9630399684457682	0.964598341886375	0.9659775754074716	0.9669507784866664	0.9645953224719019	0.966355488984487	0.9635269138906646	0.9653328923269988	0.9644360127135032	0.9645965810824165	0.9650002423556758	0.9662975496886534	1.0	0.9655435008880552	0.9659433167300868	0.9634470214760352	0.9649663819452949	0.9639931720469732	0.9644363101104558	0.9645521242270721	0.9738934522819336	0.9661242217766493	0.9661268240435199	0.9740751762098467	0.9635057699674302	0.9707209997905054	0.963072815118107	0.9641898174738844	0.9682127273001441	0.964826713534539	0.9665399335316411	0.9720049903323686	0.9640869121886634	0.968598446093608	0.9692989659497603	0.9663392925526748	0.96550601532794	0.9715581054541003	0.9649121131359891	0.9652157773839575
0.982294531164722	0.9864922375187033	0.9843331880939067	0.9856149235516966	0.9834936501789319	0.9829993394749884	0.9914698353914777	0.9811904852494185	0.9841413470922536	0.9855228156818879	0.9837542660581732	0.981662386668721	0.9895679853822884	0.9910305647980342	0.9998208594126626	0.9938465339150302	0.9831649394701193	0.9818504949429279	0.9834281712176172	0.9839806181281396	0.9655435008880552	1.0	0.9825984508069568	0.9852449322342995	0.9842054188162633	0.9841413470922536	0.9786748768555495	0.9822266086846427	0.966933962747574	0.9905061843818042	0.9886303048179278	0.9663295414399259	0.984713537762866	0.961683134943027	0.9841092642420249	0.9786369554747991	0.9749381268640845	0.9833953826249897	0.9841413470922536	0.9620020193493648	0.9832638992825288	0.9794981883594472	0.9731756031293793	0.98198776410935	0.983689306033792	0.9628783887952989	0.9825648209026894	0.9844604617562446
0.988553386836061	0.9832054565043143	0.9868659929675452	0.9863639357835353	0.983763953918955	0.9868496047445099	0.9817193130239696	0.9843050159643328	0.9860176054015755	0.9821695102888401	0.9864622208862157	0.9811836876828178	0.9818042564856372	0.9813051668872995	0.9827793127767954	0.9834853030138115	0.9859527947283354	0.9856485829647834	0.9867796337636278	0.9865181777354084	0.9659433167300868	0.9825984508069568	1.0	0.9887828304119348	0.98869124458268	0.9892369810670895	0.983061951406988	0.987642968908168	0.9658047372875898	0.9820577720625802	0.9809156875989709	0.965150025450563	0.9911641528717381	0.9655040076361356	0.9896404364326342	0.986042464660741	0.9847344066294467	0.9870458419588722	0.9859179799085627	0.9604252491328603	0.987021730030763	0.9830497358184597	0.9833696605112101	0.9832482813065813	0.9870940128688074	0.9624918998158547	0.9838758391412481	0.9794155654948703
0.9867146545489178	0.9844744773571251	0.9887380950362634	0.9848744031504812	0.9855183316272803	0.9889078017057991	0.9831411236980656	0.9858215168013175	0.9856191185088561	0.9836445051529057	0.9852319417573745	0.9839562114244349	0.9808641705375097	0.9836351075494618	0.9828348990118173	0.9815970122688991	0.9890636936774703	0.9882192897448275	0.987555548638792	0.98877192908637	0.9634470214760352	0.9852449322342995	0.9887828304119348	1.0	0.9876952847984533	0.9873321029930585	0.9861664146373386	0.9860279789070729	0.9634674485331051	0.9823559605031613	0.9818499811856822	0.9638809469275741	0.9881235469241619	0.9669436616358925	0.988366898319523	0.985418600159413	0.9869106086264379	0.9850737096238671	0.9874624248458238	0.9580182635733016	0.985541626449573	0.9843749389596915	0.9841687100878316	0.984367679288146	0.98547551079529	0.9615213023685938	0.9853085189063759	0.9820268702949753
0.9871150906265928	0.9831106439500253	0.9872587902004688	0.9859230714113278	0.9847623026712388	0.9870220279699057	0.9818153228639168	0.9840143622889846	0.9856793917548252	0.9820730678037727	0.9855568708585931	0.9814891236702916	0.981233331696224	0.9821948946049027	0.9832958161224534	0.9831111888289848	0.9872020176707199	0.9860694579697947	0.9856059340603978	0.9867628147017177	0.9649663819452949	0.9842054188162633	0.98869124458268	0.9876952847984533	1.0	0.9887813907945229	0.982634464745409	0.986116722501729	0.9661915770832351	0.9814844662407182	0.9804394578856885	0.9654711785270932	0.9900691548283963	0.9656170644355098	0.9887368440618689	0.9849623238246871	0.9840017422623343	0.9857038412014398	0.9851865421993339	0.9598638514975326	0.9859715912569198	0.9834611283133781	0.9827662827409132	0.9838809346546066	0.9856304382119268	0.9619626013742361	0.9846130156437705	0.9791158237189074
0.9859756105317148	0.9826324217209959	0.9878393332904577	0.9846809755584447	0.9855983120566648	0.9880618288894168	0.9818980555093207	0.9849303722118856	0.9851488942496666	0.982552464359696	0.9852757794329791	0.9806978780645677	0.9800742353811414	0.9837433153611057	0.9818849486259809	0.9820578640611236	0.9886263920227513	0.9866651781719991	0.9859968087658189	0.9878417139257274	0.9639931720469732	0.9841413470922536	0.9892369810670895	0.9873321029930585	0.9887813907945229	1.0	0.9834279816827908	0.9864340198751337	0.9649766923305292	0.9804588630741804	0.979572965121506	0.9643991646362366	0.9895792544256531	0.9655605856773231	0.9890369261792684	0.9847768713267253	0.9860793114157443	0.9849916180207342	0.9852934869945194	0.9588861381393077	0.9855107167834793	0.9840553167151903	0.9831225548501387	0.9851107723535975	0.9852285896269419	0.960646891576555	0.9855624199428855	0.9798437246504403
0.9839557031573868	0.9786047133130525	0.9822303798972719	0.9845833681779264	0.9786216691231818	0.9800695419066656	0.9786750561895133	0.9813473132338962	0.9827490077187839	0.9785047884431194	0.9859856083652625	0.9785842120289595	0.9826057663069804	0.9779878951389204	0.979820388871052	0.9827204095033755	0.9816205064731304	0.9831464830616891	0.9847451513620468	0.984257389310658	0.9644363101104558	0.9786748768555495	0.983061951406988	0.9861664146373386	0.982634464745409	0.9834279816827908	1.0	0.9866522203295909	0.9643356329194828	0.9819093486835725	0.9816443243726399	0.9627863451700709	0.9881408788982031	0.9609487794894261	0.9876028228860179	0.9843936076035862	0.9806371477024924	0.9834279816827908	0.9822884124903525	0.9559071736828088	0.9859596975129554	0.979820388871052	0.9788515030014553	0.9780539664976706	0.9854107958860951	0.9614355735739389	0.9790613165741588	0.9779232587952192
0.9851202024530512	0.9817536202583969	0.9859392693140238	0.9846567282225078	0.9832817352245035	0.9865020228781954	0.9803181161531809	0.983774624022031	0.9830969073081766	0.9825207220147196	0.9871068874065362	0.9822192389003193	0.9820340826243898	0.9801201636125284	0.9804901557740058	0.9821602498708172	0.9862169921766979	0.9853293504941627	0.9861631619443489	0.9870056455892898	0.9645521242270721	0.9822266086846427	0.987642968908168	0.9860279789070729	0.986116722501729	0.9864340198751337	0.9866522203295909	1.0	0.9645521242270721	0.9816568754285034	0.9823933250051465	0.963339553837474	0.9893871654950526	0.9646431766393648	0.9893669466860742	0.986799398726506	0.9851888547380531	0.9843047765971403	0.9853673194358521	0.9557553035459256	0.9870418391541249	0.9825771604722209	0.9843057095986224	0.982857122797327	0.9872150162086961	0.9616040996988284	0.9832305113897111	0.9821795488971422
0.9638954356895183	0.9688004103559242	0.9658322103666405	0.9657828243771556	0.9655782157575533	0.9652934799644144	0.9664323971655838	0.9649436818064104	0.964053105777999	0.9671431927525218	0.9673679099345586	0.9668145784284436	0.9654972326624343	0.9670849847590177	0.9649567306906053	0.9653328923269988	0.9662845165459162	0.9659344399831704	0.9661606079824578	0.9675085447156874	0.9738934522819336	0.966933962747574	0.9658047372875898	0.9634674485331051	0.9661915770832351	0.9649766923305292	0.9643356329194828	0.9645521242270721	1.0	0.9661242217766493	0.9659569999597859	0.9986061394721762	0.9659852783053796	0.9726382629051241	0.9661864672565473	0.9633799062851909	0.9693333918552409	0.9646550128345841	0.9662757417286069	0.9705228382086398	0.966025616778385	0.9688556430954538	0.9677448377673192	0.9678457818685299	0.9665851137981846	0.9726368143926212	0.9674803088943273	0.9658264997384451
0.9800201929203524	0.9935916448563523	0.9822035102341717	0.9831156091381188	0.9812785792188259	0.9814676807272578	0.9923740469542469	0.9810438680635176	0.9799783149380695	0.9923080968339276	0.9826365480104725	0.9936842363119149	0.9924641081699482	0.9927373496802496	0.9895185230516499	0.9918555545089933	0.9822501362612438	0.9836848958369321	0.9830577595167853	0.9837263595460728	0.9661242217766493	0.9905061843818042	0.9820577720625802	0.9823559605031613	0.9814844662407182	0.9804588630741804	0.9819093486835725	0.9816568754285034	0.9661242217766493	1.0	0.9910303462092132	0.9650070962849844	0.9844881707153409	0.9676400656594789	0.9838335676551059	0.9805658899021887	0.9815322992744331	0.9806739443215857	0.9824915952198306	0.9588046641032502	0.9821245870370864	0.9794965791015701	0.9805814933072827	0.9794849600036977	0.9830404320325126	0.9639854571094298	0.9791277599312722	0.9925442822542885
0.9796653693420944	0.992252472819722	0.9811623034264599	0.9822390018846513	0.980008726752996	0.9802220780506754	0.9894651700802016	0.9806638858391835	0.9791356353950454	0.9904149851516595	0.9834288444024839	0.9923378730679647	0.9916945733386433	0.9904614709434306	0.9878870577209623	0.9907529114592495	0.9816205064731304	0.9814459417576075	0.9817011340865314	0.9821379152259468	0.9661268240435199	0.9886303048179278	0.9809156875989709	0.9818499811856822	0.9804394578856885	0.979572965121506	0.9816443243726399	0.9823933250051465	0.9659569999597859	0.9910303462092132	1.0	0.9644761272864473	0.9844808408541998	0.9666170988239263	0.9842876580194415	0.981004283146436	0.979938286483439	0.9797489395712486	0.9812611390551977	0.9581396221238493	0.9820839479300371	0.9786866988439913	0.9792926691204242	0.9783434667697759	0.9831542186050906	0.9636636246497743	0.9780957236071915	0.9916198724695515
0.9626497177531127	0.9685537820188383	0.965165469741376	0.9654098376283876	0.9648303266352051	0.9644686019445295	0.9660307898260169	0.9640726498646062	0.9632265684962693	0.9667327717344395	0.9669101165820004	0.9657037384880509	0.9648069759202804	0.966355488984487	0.9643648545323795	0.9649371150840065	0.9656965560069094	0.965148366837814	0.9648179513526188	0.9669311498593611	0.9740751762098467	0.9663295414399259	0.965150025450563	0.9638809469275741	0.9654711785270932	0.9643991646362366	0.9627863451700709	0.963339553837474	0.9986061394721762	0.9650070962849844	0.9644761272864473	1.0	0.9656224369639187	0.9719962653359245	0.965959701965999	0.9618875977404109	0.968902186899353	0.965152850411605	0.9659200808254023	0.970889195657997	0.9651958244088215	0.9687273006655575	0.966938770779287	0.967396657757723	0.9666238165821776	0.9725041913324657	0.9664956511354584	0.9640650858543618
0.9881725165816968	0.9850761420182113	0.9886680247471928	0.9855176279477856	0.9857841793432659	0.9889541694458355	0.9833789112210357	0.9863448281033528	0.9860366417784167	0.984432819500116	0.9857937850190126	0.9853365619012544	0.9821721718879349	0.984092545071987	0.9836060096156005	0.9843017872448617	0.9889912117575471	0.9880474549890831	0.9886725039385823	0.9894752092656717	0.9635057699674302	0.984713537762866	0.9911641528717381	0.9881235469241619	0.9900691548283963	0.9895792544256531	0.9881408788982031	0.9893871654950526	0.9659852783053796	0.9844881707153409	0.9844808408541998	0.9656224369639187	1.0	0.9681135313194408	0.9885207497266527	0.9884845603549445	0.9873008790538412	0.9862242795673486	0.9875315490859725	0.9588596048219066	0.9843864301775765	0.9850569558784799	0.9861659901362693	0.9852678417021163	0.9858967876249074	0.9598518749431018	0.985537117969382	0.9847564061042602
0.9647592939183013	0.9652196156744004	0.9658419936820776	0.9662871923023854	0.9621653262094183	0.9632767753607289	0.9676400656594789	0.9644096764399478	0.9653905522807584	0.9634583320949114	0.9662318778913931	0.9614825377158966	0.9666170988239263	0.9669436616358925	0.9668351746353951	0.9682178090477723	0.9652766955020591	0.9638183952883358	0.9669436616358925	0.9651051513160637	0.9707209997905054	0.961683134943027	0.9655040076361356	0.9669436616358925	0.9656170644355098	0.9655605856773231	0.9609487794894261	0.9646431766393648	0.9726382629051241	0.9676400656594789	0.9666170988239263	0.9719962653359245	0.9681135313194408	1.0	0.966507504935839	0.9626640619887258	0.9596229275446772	0.9651051513160637	0.9663975369638339	0.9688364987769003	0.9651624344014926	0.9664525678725323	0.9578332597444625	0.9663424118832038	0.9676400656594789	0.9719499179946057	0.9654473299564283	0.962290738961487
0.9881934813117734	0.9847766881558551	0.9887147548224134	0.9847400692752643	0.9847896056091126	0.9890698042677619	0.9827677679078896	0.9859218396358479	0.9857821196410943	0.9841922727628432	0.9858764390814694	0.9849480633725063	0.981406190714201	0.9832809451099694	0.9828348990118173	0.9836051879524996	0.9884547508254649	0.9878251989756979	0.9884078684537226	0.9891594551217974	0.963072815118107	0.9841092642420249	0.9896404364326342	0.988366898319523	0.9887368440618689	0.9890369261792684	0.9876028228860179	0.9893669466860742	0.9661864672565473	0.9838335676551059	0.9842876580194415	0.965959701965999	0.9885207497266527	0.966507504935839	1.0	0.9897448875257648	0.9873361297314954	0.9858003307352199	0.9872773806539907	0.9586513373970323	0.9845091998450006	0.9848224732739337	0.9859065993227774	0.9853200316569781	0.9859961464208536	0.9584686987176007	0.9852830205219316	0.9843597558752515
0.9848354958922434	0.981488637979673	0.98467032926661	0.9834659553711502	0.9806652992665403	0.9839062329825625	0.978260090587313	0.9825211409369718	0.9816275277230418	0.981389894028259	0.9858549377733233	0.9830578596593726	0.9818310103023	0.9794496165861134	0.978769170723687	0.9811797848911342	0.9843492357402991	0.9839368799700198	0.9849068014783862	0.9853687889138223	0.9641898174738844	0.9786369554747991	0.986042464660741	0.985418600159413	0.9849623238246871	0.9847768713267253	0.9843936076035862	0.986799398726506	0.9633799062851909	0.9805658899021887	0.981004283146436	0.9618875977404109	0.9884845603549445	0.9626640619887258	0.9897448875257648	1.0	0.9833718093096265	0.983343046554877	0.9839352955291916	0.9548699123914697	0.9854417103527413	0.981726196777573	0.9831579699314393	0.9809771937584811	0.9862630334427754	0.9604724532349836	0.9806611886238265	0.9815955420310368
0.985637099742722	0.9776052390239425	0.9844279079204629	0.9862982059064644	0.9815743205281017	0.9843122288375662	0.9802021141693712	0.9830522447248471	0.9849245250445311	0.9764467515843887	0.9868748988637286	0.9690552136023933	0.98136367244506	0.9802895854114382	0.9812790319468517	0.9821982491084197	0.9832523374385816	0.9832922098013872	0.9857112161878542	0.9853014907767216	0.9682127273001441	0.9749381268640845	0.9847344066294467	0.9869106086264379	0.9840017422623343	0.9860793114157443	0.9806371477024924	0.9851888547380531	0.9693333918552409	0.9815322992744331	0.979938286483439	0.968902186899353	0.9873008790538412	0.9596229275446772	0.9873361297314954	0.9833718093096265	1.0	0.9868748988637286	0.9847725185005137	0.964096180472833	0.9881710163577397	0.984504801370054	0.9758516721431205	0.9830923611245895	0.987998818710731	0.9669201278621298	0.9851512233793925	0.9752455030014396
0.9841629320762493	0.9833314480786245	0.9872099462185998	0.9856653078876184	0.9858370917399565	0.9855396321098709	0.9809479406624015	0.984619183489404	0.9840900656811301	0.9824253099670114	0.9865990226690745	0.9822192389003193	0.9803659607695321	0.981450317744379	0.9819117117367251	0.9812808375428431	0.9871509030498898	0.9864333539760546	0.9856374766641721	0.9870298303848841	0.964826713534539	0.9833953826249897	0.9870458419588722	0.9850737096238671	0.9857038412014398	0.9849916180207342	0.9834279816827908	0.9843047765971403	0.9646550128345841	0.9806739443215857	0.9797489395712486	0.965152850411605	0.9862242795673486	0.9651051513160637	0.9858003307352199	0.983343046554877	0.9868748988637286	1.0	0.9876005284755647	0.959830759173631	0.9864452335808648	0.9857505226527473	0.9853815930481199	0.9863720523704856	0.9867084333632079	0.9612530387817803	0.9865097386237821	0.9803308794162207
