/home/jshaw/scratch/2022_sketched_distance/references/SGB_genome_fastas_part1_redo/1341/CM_periimplantitis__SP_125SPI_T016__bin.4.fa	/home/jshaw/scratch/2022_sketched_distance/references/SGB_genome_fastas_part1_redo/1341/CM_periimplantitis__SP_189SPI_T016__bin.38.fa	/home/jshaw/scratch/2022_sketched_distance/references/SGB_genome_fastas_part1_redo/1341/CM_periimplantitis__SP_201SPI_T016__bin.7.fa	/home/jshaw/scratch/2022_sketched_distance/references/SGB_genome_fastas_part1_redo/1341/CM_periimplantitis__SP_261SPT_T016__bin.3.fa	/home/jshaw/scratch/2022_sketched_distance/references/SGB_genome_fastas_part1_redo/1341/CM_periimplantitis__SP_281SPI_T016__bin.1.fa	/home/jshaw/scratch/2022_sketched_distance/references/SGB_genome_fastas_part1_redo/1341/CM_periimplantitis__SP_304SPI_T016__bin.6.fa	/home/jshaw/scratch/2022_sketched_distance/references/SGB_genome_fastas_part1_redo/1341/CM_periimplantitis__SP_325SPI_T016__bin.2.fa	/home/jshaw/scratch/2022_sketched_distance/references/SGB_genome_fastas_part1_redo/1341/CM_periimplantitis__SP_326SPI_T016__bin.3.fa	/home/jshaw/scratch/2022_sketched_distance/references/SGB_genome_fastas_part1_redo/1341/HMP_2012__SRS011126__bin.74.fa	/home/jshaw/scratch/2022_sketched_distance/references/SGB_genome_fastas_part1_redo/1341/HMP_2012__SRS011255__bin.25.fa	/home/jshaw/scratch/2022_sketched_distance/references/SGB_genome_fastas_part1_redo/1341/HMP_2012__SRS014107__bin.7.fa	/home/jshaw/scratch/2022_sketched_distance/references/SGB_genome_fastas_part1_redo/1341/HMP_2012__SRS014476__bin.36.fa	/home/jshaw/scratch/2022_sketched_distance/references/SGB_genome_fastas_part1_redo/1341/HMP_2012__SRS014578__bin.49.fa	/home/jshaw/scratch/2022_sketched_distance/references/SGB_genome_fastas_part1_redo/1341/HMP_2012__SRS015215__bin.13.fa	/home/jshaw/scratch/2022_sketched_distance/references/SGB_genome_fastas_part1_redo/1341/HMP_2012__SRS015650__bin.14.fa	/home/jshaw/scratch/2022_sketched_distance/references/SGB_genome_fastas_part1_redo/1341/HMP_2012__SRS016043__bin.17.fa	/home/jshaw/scratch/2022_sketched_distance/references/SGB_genome_fastas_part1_redo/1341/HMP_2012__SRS016331__bin.45.fa	/home/jshaw/scratch/2022_sketched_distance/references/SGB_genome_fastas_part1_redo/1341/HMP_2012__SRS017511__bin.27.fa	/home/jshaw/scratch/2022_sketched_distance/references/SGB_genome_fastas_part1_redo/1341/HMP_2012__SRS017691__bin.13.fa	/home/jshaw/scratch/2022_sketched_distance/references/SGB_genome_fastas_part1_redo/1341/HMP_2012__SRS018157__bin.52.fa	/home/jshaw/scratch/2022_sketched_distance/references/SGB_genome_fastas_part1_redo/1341/HMP_2012__SRS019029__bin.15.fa	/home/jshaw/scratch/2022_sketched_distance/references/SGB_genome_fastas_part1_redo/1341/HMP_2012__SRS019128__bin.42.fa	/home/jshaw/scratch/2022_sketched_distance/references/SGB_genome_fastas_part1_redo/1341/HMP_2012__SRS020226__bin.25.fa	/home/jshaw/scratch/2022_sketched_distance/references/SGB_genome_fastas_part1_redo/1341/HMP_2012__SRS022602__bin.81.fa	/home/jshaw/scratch/2022_sketched_distance/references/SGB_genome_fastas_part1_redo/1341/HMP_2012__SRS023964__bin.22.fa	/home/jshaw/scratch/2022_sketched_distance/references/SGB_genome_fastas_part1_redo/1341/HMP_2012__SRS024087__bin.47.fa	/home/jshaw/scratch/2022_sketched_distance/references/SGB_genome_fastas_part1_redo/1341/HMP_2012__SRS024561__bin.28.fa	/home/jshaw/scratch/2022_sketched_distance/references/SGB_genome_fastas_part1_redo/1341/HMP_2012__SRS047634__bin.17.fa	/home/jshaw/scratch/2022_sketched_distance/references/SGB_genome_fastas_part1_redo/1341/HMP_2012__SRS049268__bin.47.fa	/home/jshaw/scratch/2022_sketched_distance/references/SGB_genome_fastas_part1_redo/1341/HMP_2012__SRS051941__bin.47.fa	/home/jshaw/scratch/2022_sketched_distance/references/SGB_genome_fastas_part1_redo/1341/HMP_2012__SRS055378__bin.37.fa	/home/jshaw/scratch/2022_sketched_distance/references/SGB_genome_fastas_part1_redo/1341/HMP_2012__SRS058808__bin.44.fa	/home/jshaw/scratch/2022_sketched_distance/references/SGB_genome_fastas_part1_redo/1341/HMP_2012__SRS063603__bin.41.fa	/home/jshaw/scratch/2022_sketched_distance/references/SGB_genome_fastas_part1_redo/1341/HMP_2012__SRS063999__bin.47.fa	/home/jshaw/scratch/2022_sketched_distance/references/SGB_genome_fastas_part1_redo/1341/HMP_2012__SRS064449__bin.46.fa
1.0	0.9820135194128182	0.9777884521355305	0.9825088484399878	0.9830245866363945	0.9820721838770955	0.9842102817569959	0.9735666331185738	0.9799480225268081	0.9817911277349147	0.9822732563797062	0.983449499083897	0.9867609873239452	0.9737398280083083	0.9855816619400041	0.981984147707677	0.9770186671198223	0.9783837694818993	0.9745226154492599	0.9740388056325288	0.9759322697958028	0.9718083702174488	0.974847564853076	0.9730992136005433	0.9738355986615441	0.9839658499369284	0.9752892466938247	0.97335678500048	0.9736616759712029	0.9736822041783894	0.9900207827496356	0.9738507884705545	0.9795747025285142	0.9869130582450731	0.973457166865962
0.9820135194128182	1.0	0.9758343349360119	0.9965318141437963	0.9961053202293016	0.996303508074923	0.9968950664977154	0.9745046282005545	0.9953658858830439	0.9826327658765849	0.9823609124462894	0.9968426328331674	0.9809601588383783	0.975710039317378	0.9811428848309339	0.98075326060247	0.9763506713018048	0.9773494446496171	0.9738804766562802	0.9742807617512063	0.9750668299060578	0.9725312840782878	0.9739027332472916	0.9733706948848038	0.9739552787371544	0.9797961815070655	0.9738171471168354	0.9734012112205789	0.9725868174949704	0.973985235377452	0.9825861750098517	0.9741357738442168	0.9781838541339075	0.9810484303037124	0.9728205605093411
0.9777884521355305	0.9758343349360119	1.0	0.9753051426805665	0.9763045285353174	0.9754239594518698	0.9760888325856497	0.9767581417999976	0.9739439732262223	0.9770414074021606	0.976530575177061	0.9739534426653991	0.976287588325347	0.9738122897034546	0.9776504902856097	0.9760293906652849	0.9796430477811013	0.9790096440403574	0.9764062689855684	0.9763776062077607	0.9744258228378855	0.976597210082827	0.9785025231164982	0.976812177157223	0.9778885363354327	0.9764541828344054	0.9771473282338647	0.9764604482946162	0.9772732834532701	0.9784849622666337	0.9781752327068532	0.9762364826896335	0.9791493693887448	0.9758683499475871	0.9771056286408928
0.9825088484399878	0.9965318141437963	0.9753051426805665	1.0	0.9959897009436158	0.9967125357054191	0.9964408630754457	0.9744605708386688	0.9950105938411802	0.982999994930358	0.9821853650155731	0.9969630657681272	0.9807877438365814	0.9759819969796011	0.9811122020601425	0.9807877438365814	0.9764405333665018	0.9769850299155705	0.9735105627598196	0.9734366747850624	0.9747060428081866	0.9726571999975236	0.9741963891543425	0.972982165325816	0.9737755927527101	0.980373412503483	0.9736691559392248	0.9730978741141266	0.9725480133559123	0.974185696099996	0.9822672100118108	0.9739503924904347	0.9782328147450581	0.9808172438761283	0.9727400988995708
0.9830245866363945	0.9961053202293016	0.9763045285353174	0.9959897009436158	1.0	0.9949066682920206	0.9907143560299956	0.9685826079737919	0.9890741572461298	0.9809710347326103	0.9776113124018888	0.9979243757452563	0.9818720277217503	0.9704600603308003	0.9808245443592931	0.9815146026413011	0.9707146086327008	0.9748385354333743	0.9734416890604495	0.9734876994524253	0.9752330700930347	0.9690078044343511	0.9694850961933171	0.9724125888819917	0.9693413991369632	0.9762187071664132	0.973762400265995	0.9727435857798725	0.9721740759387394	0.9673716535856425	0.9787411726225409	0.9737167779566215	0.9731034863668757	0.9819075564571161	0.9713988166884691
0.9820721838770955	0.996303508074923	0.9754239594518698	0.9967125357054191	0.9949066682920206	1.0	0.9956474781874487	0.9736119195080816	0.9939476451192465	0.9823856391268637	0.982491958154528	0.9966385406812774	0.981671240945718	0.9747398652174762	0.9810199806449676	0.9803320336710156	0.9756686768001072	0.9762437324618939	0.9728910246831711	0.9733459734979033	0.9746376033904313	0.9711129200104388	0.9738289023640356	0.9720704754792697	0.9729852475101062	0.9797961815070655	0.9729291817661379	0.9725213553690728	0.9719207444817513	0.9732737104273966	0.982221388890338	0.9726226604701799	0.9774404813198506	0.9817003870907308	0.9717586509803234
0.9842102817569959	0.9968950664977154	0.9760888325856497	0.9964408630754457	0.9907143560299956	0.9956474781874487	1.0	0.9713977457716257	0.9853266503869507	0.9812407988055176	0.9706172953471005	0.9967982585653089	0.9827591763156991	0.9594714406972557	0.9819074272140625	0.982361111578633	0.9706172953471005	0.9755381855243482	0.9752281931293195	0.9756613596947562	0.9761494441811339	0.9703287626009458	0.9618959887630413	0.9743441469878361	0.9633152428951356	0.9662404404739363	0.9752904285160999	0.9745991956069828	0.9732372672899511	0.9668917341288072	0.970473350663242	0.9760281078665493	0.9665677329823628	0.9830545822409184	0.9720225934708216
0.9735666331185738	0.9745046282005545	0.9767581417999976	0.9744605708386688	0.9685826079737919	0.9736119195080816	0.9713977457716257	1.0	0.9672937255430871	0.973064266051303	0.9717474186800226	0.9746802625450312	0.9726007171106332	0.9703796909235274	0.973018208189777	0.9741059437551197	0.9755766542232451	0.9741059437551197	0.9772878495639982	0.9764693045733007	0.9778488331821523	0.9739719537388472	0.9746319533711472	0.9755870849537557	0.972489132537669	0.969187597666173	0.9754162959516871	0.9751584184233817	0.9772878495639982	0.9699771239203958	0.9679526475357132	0.9772878495639982	0.9670766457517508	0.9726939585479054	0.9756296424146468
0.9799480225268081	0.9953658858830439	0.9739439732262223	0.9950105938411802	0.9890741572461298	0.9939476451192465	0.9853266503869507	0.9672937255430871	1.0	0.9792140682836652	0.9718684560624331	0.9963850239488317	0.9805472993003596	0.9746694461832168	0.9794605573836936	0.9792964382889283	0.9657070562753717	0.973258000948529	0.972758986144004	0.9730094532496014	0.9757360094856874	0.9701961568552876	0.9655337425233828	0.971002458579531	0.9637937546941124	0.9779446175875762	0.9732084435269278	0.971995760888625	0.9715812356340122	0.9654007917026101	0.9811967455465306	0.9736027994909586	0.9766797509073502	0.9807052676978079	0.9707359177306077
0.9817911277349147	0.9826327658765849	0.9770414074021606	0.982999994930358	0.9809710347326103	0.9823856391268637	0.9812407988055176	0.973064266051303	0.9792140682836652	1.0	0.9927766691380432	0.9836329067333129	0.9816011214639523	0.9742436958946383	0.9797051307564337	0.9804701988926445	0.9755766542232451	0.9756000744905474	0.9750070029940153	0.9748120321648783	0.9763773060708646	0.9712006725568038	0.9739027332472916	0.9737384777788428	0.973046731589621	0.9776632413949301	0.9742598059400164	0.9741801444251308	0.9743789330202485	0.972493636895708	0.9803823897445244	0.97449762476415	0.9766797509073502	0.981410005372467	0.9728782310451778
0.9822732563797062	0.9823609124462894	0.976530575177061	0.9821853650155731	0.9776113124018888	0.982491958154528	0.9706172953471005	0.9717474186800226	0.9718684560624331	0.9927766691380432	1.0	0.9830966666494813	0.9825355237856336	0.9609072056201586	0.9807919698192249	0.9806077743663922	0.9700035894106177	0.9750313966139279	0.9747562576081473	0.9741426225570862	0.9761092419351992	0.9698110513703052	0.9641675704461653	0.9738029600400603	0.9631324647692665	0.9681434389293486	0.9748114720925593	0.9732867072423828	0.9739165761899202	0.9645056873570074	0.9696160699032712	0.974311130592763	0.9642007028815454	0.9822732563797062	0.9729379178826073
0.983449499083897	0.9968426328331674	0.9739534426653991	0.9969630657681272	0.9979243757452563	0.9966385406812774	0.9967982585653089	0.9746802625450312	0.9963850239488317	0.9836329067333129	0.9830966666494813	1.0	0.9811734008952206	0.9760496326256122	0.9815694486484029	0.9805070701781532	0.9759431925857994	0.9771677469089154	0.9727408308990811	0.9731640844543155	0.9751860771603785	0.9714625120497424	0.973976396599456	0.9725889248608653	0.9734738877483466	0.9810427045999666	0.9732586656341887	0.9731739747124067	0.9724313214629157	0.9733250542724645	0.9837444359795608	0.9720614812867718	0.9788627032177999	0.9809525322555983	0.9725380669447428
0.9867609873239452	0.9809601588383783	0.976287588325347	0.9807877438365814	0.9818720277217503	0.981671240945718	0.9827591763156991	0.9726007171106332	0.9805472993003596	0.9816011214639523	0.9825355237856336	0.9811734008952206	1.0	0.9735944174856034	0.9865580322300773	0.9808273478186028	0.9769303888902984	0.9769483631810983	0.9736604504530644	0.9732007799367871	0.9741997890358829	0.9722779753711417	0.9744874133046565	0.973254623837554	0.973046731589621	0.9829240718247423	0.973927699393127	0.9732877919171433	0.9736549008245121	0.9736314227860842	0.988275524217032	0.9734488285143512	0.9802715071147451	0.9995123364993792	0.9734177428705546
0.9737398280083083	0.975710039317378	0.9738122897034546	0.9759819969796011	0.9704600603308003	0.9747398652174762	0.9594714406972557	0.9703796909235274	0.9746694461832168	0.9742436958946383	0.9609072056201586	0.9760496326256122	0.9735944174856034	1.0	0.9738845900018523	0.9752977906123823	0.9704600603308003	0.9725578758943689	0.9759819969796011	0.9744572685890518	0.9752285714368225	0.9741721917393539	0.9570536788363333	0.9750896893300434	0.9594714406972557	0.9693162933705691	0.9755732029700461	0.9739567296327768	0.9755045682726156	0.968644064797968	0.9728574262926848	0.975710039317378	0.9730061701571469	0.97352146717429	0.9751592045568047
0.9855816619400041	0.9811428848309339	0.9776504902856097	0.9811122020601425	0.9808245443592931	0.9810199806449676	0.9819074272140625	0.973018208189777	0.9794605573836936	0.9797051307564337	0.9807919698192249	0.9815694486484029	0.9865580322300773	0.9738845900018523	1.0	0.9822583805306043	0.9774565046104886	0.9768381146076828	0.9751322673172026	0.9756444855668333	0.9765042322944028	0.9722355641116707	0.9744874133046565	0.9734677663310102	0.9749551359298446	0.9824393619285504	0.9755354017719622	0.9747986702140476	0.9741210207720693	0.974185696099996	0.9868334506669455	0.9752427097743094	0.9793390908206298	0.9866359409819062	0.973457166865962
0.981984147707677	0.98075326060247	0.9760293906652849	0.9807877438365814	0.9815146026413011	0.9803320336710156	0.982361111578633	0.9741059437551197	0.9792964382889283	0.9804701988926445	0.9806077743663922	0.9805070701781532	0.9808273478186028	0.9752977906123823	0.9822583805306043	1.0	0.9767086405663417	0.9774579788427109	0.9735150517839692	0.9732740466100678	0.9746932429490389	0.9725312840782878	0.9759739440801549	0.9734478455354653	0.9731080993394446	0.9823904940636283	0.9745832233880655	0.9732877919171433	0.973916516963987	0.9745335521200867	0.9840494078125369	0.9732997795183564	0.9788627032177999	0.9808273478186028	0.973457166865962
0.9770186671198223	0.9763506713018048	0.9796430477811013	0.9764405333665018	0.9707146086327008	0.9756686768001072	0.9706172953471005	0.9755766542232451	0.9657070562753717	0.9755766542232451	0.9700035894106177	0.9759431925857994	0.9769303888902984	0.9704600603308003	0.9774565046104886	0.9767086405663417	1.0	0.9781024235354537	0.9844037041475074	0.9824848398919613	0.9785680942435802	0.9793981051763063	0.9777250203960507	0.9825221046351043	0.9772471356776444	0.9697694470037463	0.9848923728522443	0.981730497326574	0.9829660057586627	0.9758414490782171	0.9708097513654884	0.9836567776983505	0.9704796814406278	0.9769303888902984	0.9817686301918224
0.9783837694818993	0.9773494446496171	0.9790096440403574	0.9769850299155705	0.9748385354333743	0.9762437324618939	0.9755381855243482	0.9741059437551197	0.973258000948529	0.9756000744905474	0.9750313966139279	0.9771677469089154	0.9769483631810983	0.9725578758943689	0.9768381146076828	0.9774579788427109	0.9781024235354537	1.0	0.977638069607146	0.9783486440467601	0.9766905334174013	0.974804735271374	0.9761808650949957	0.9768012819759677	0.9762050241340179	0.9751374506482892	0.9777098281575686	0.977566152695799	0.9772405476674028	0.9760308139234186	0.9768512481222001	0.9772405476674028	0.9795747025285142	0.9770216554128434	0.9763186265310994
0.9745226154492599	0.9738804766562802	0.9764062689855684	0.9735105627598196	0.9734416890604495	0.9728910246831711	0.9752281931293195	0.9772878495639982	0.972758986144004	0.9750070029940153	0.9747562576081473	0.9727408308990811	0.9736604504530644	0.9759819969796011	0.9751322673172026	0.9735150517839692	0.9844037041475074	0.977638069607146	1.0	0.9809707764935853	0.975834665618001	0.9823329415167629	0.987365846563302	0.9890684635780953	0.9824732641867552	0.9753201752309665	0.9810966199713823	0.9808562033770482	0.9832678549061677	0.9824384301496615	0.9766886920850878	0.9819414888442763	0.9776901608904441	0.9736966985658826	0.9830459003068922
0.9740388056325288	0.9742807617512063	0.9763776062077607	0.9734366747850624	0.9734876994524253	0.9733459734979033	0.9756613596947562	0.9764693045733007	0.9730094532496014	0.9748120321648783	0.9741426225570862	0.9731640844543155	0.9732007799367871	0.9744572685890518	0.9756444855668333	0.9732740466100678	0.9824848398919613	0.9783486440467601	0.9809707764935853	1.0	0.9757055377719466	0.9813855266317748	0.9804293060500922	0.9800504779623801	0.9832909394507954	0.9748922089292273	0.9825121625399373	0.999525969570225	0.9817522076426863	0.9848675110972481	0.9749596057406716	0.9846993245634185	0.9777894995379057	0.9729430354817513	0.9813279748662126
0.9759322697958028	0.9750668299060578	0.9744258228378855	0.9747060428081866	0.9752330700930347	0.9746376033904313	0.9761494441811339	0.9778488331821523	0.9757360094856874	0.9763773060708646	0.9761092419351992	0.9751860771603785	0.9741997890358829	0.9752285714368225	0.9765042322944028	0.9746932429490389	0.9785680942435802	0.9766905334174013	0.975834665618001	0.9757055377719466	1.0	0.9753876064447115	0.9766586247932733	0.9750637265229632	0.9758688814819448	0.9762187071664132	0.9742206781850583	0.9754841537918494	0.9757615163486453	0.9750241155462241	0.9768512481222001	0.9746696569311232	0.9775405828408097	0.9740035148594336	0.9756287153250954
0.9718083702174488	0.9725312840782878	0.976597210082827	0.9726571999975236	0.9690078044343511	0.9711129200104388	0.9703287626009458	0.9739719537388472	0.9701961568552876	0.9712006725568038	0.9698110513703052	0.9714625120497424	0.9722779753711417	0.9741721917393539	0.9722355641116707	0.9725312840782878	0.9793981051763063	0.974804735271374	0.9823329415167629	0.9813855266317748	0.9753876064447115	1.0	0.9797585475245671	0.9805416370328863	0.9774623417834835	0.9729260602749221	0.9805745003142197	0.9804758111742284	0.9815453461296416	0.9796037903035661	0.9740887394815757	0.9815772165572315	0.9753709721075329	0.9721079962884646	0.9804098524681295
0.974847564853076	0.9739027332472916	0.9785025231164982	0.9741963891543425	0.9694850961933171	0.9738289023640356	0.9618959887630413	0.9746319533711472	0.9655337425233828	0.9739027332472916	0.9641675704461653	0.973976396599456	0.9744874133046565	0.9570536788363333	0.9744874133046565	0.9759739440801549	0.9777250203960507	0.9761808650949957	0.987365846563302	0.9804293060500922	0.9766586247932733	0.9797585475245671	1.0	0.9847750393388803	0.9695695094004706	0.9596812491206526	0.9796350976673278	0.979696880929776	0.9824763559498381	0.9736807348926034	0.9623211428044559	0.981322342376129	0.9645638633349866	0.9743422271985924	0.9817888419086995
0.9730992136005433	0.9733706948848038	0.976812177157223	0.972982165325816	0.9724125888819917	0.9720704754792697	0.9743441469878361	0.9755870849537557	0.971002458579531	0.9737384777788428	0.9738029600400603	0.9725889248608653	0.973254623837554	0.9750896893300434	0.9734677663310102	0.9734478455354653	0.9825221046351043	0.9768012819759677	0.9890684635780953	0.9800504779623801	0.9750637265229632	0.9805416370328863	0.9847750393388803	1.0	0.9812071429354878	0.9730565669765529	0.9797978455954627	0.9792221740736639	0.9815866681409445	0.9815338741886466	0.9749596057406716	0.9814663939369693	0.9762666415777288	0.973021228369448	0.9813279748662126
0.9738355986615441	0.9739552787371544	0.9778885363354327	0.9737755927527101	0.9693413991369632	0.9729852475101062	0.9633152428951356	0.972489132537669	0.9637937546941124	0.973046731589621	0.9631324647692665	0.9734738877483466	0.973046731589621	0.9594714406972557	0.9749551359298446	0.9731080993394446	0.9772471356776444	0.9762050241340179	0.9824732641867552	0.9832909394507954	0.9758688814819448	0.9774623417834835	0.9695695094004706	0.9812071429354878	1.0	0.9586959214152043	0.9836479032134207	0.9825192300067339	0.9808223888074785	0.9753008068884693	0.960973461349799	0.9851230979939856	0.9644417066886205	0.9731693512062394	0.9798402108663631
0.9839658499369284	0.9797961815070655	0.9764541828344054	0.980373412503483	0.9762187071664132	0.9797961815070655	0.9662404404739363	0.969187597666173	0.9779446175875762	0.9776632413949301	0.9681434389293486	0.9810427045999666	0.9829240718247423	0.9693162933705691	0.9824393619285504	0.9823904940636283	0.9697694470037463	0.9751374506482892	0.9753201752309665	0.9748922089292273	0.9762187071664132	0.9729260602749221	0.9596812491206526	0.9730565669765529	0.9586959214152043	1.0	0.9751374506482892	0.9741451776896144	0.973828770842582	0.9679914776442686	0.9832591518120846	0.9750763134848219	0.9773223513140668	0.9828759223067388	0.9738922993899353
0.9752892466938247	0.9738171471168354	0.9771473282338647	0.9736691559392248	0.973762400265995	0.9729291817661379	0.9752904285160999	0.9754162959516871	0.9732084435269278	0.9742598059400164	0.9748114720925593	0.9732586656341887	0.973927699393127	0.9755732029700461	0.9755354017719622	0.9745832233880655	0.9848923728522443	0.9777098281575686	0.9810966199713823	0.9825121625399373	0.9742206781850583	0.9805745003142197	0.9796350976673278	0.9797978455954627	0.9836479032134207	0.9751374506482892	1.0	0.981802989192511	0.9801014268758582	0.9843958747251746	0.9767429676579341	0.9841391948628129	0.9782817019519642	0.9738540397240081	0.9799695489653196
0.97335678500048	0.9734012112205789	0.9764604482946162	0.9730978741141266	0.9727435857798725	0.9725213553690728	0.9745991956069828	0.9751584184233817	0.971995760888625	0.9741801444251308	0.9732867072423828	0.9731739747124067	0.9732877919171433	0.9739567296327768	0.9747986702140476	0.9732877919171433	0.981730497326574	0.977566152695799	0.9808562033770482	0.999525969570225	0.9754841537918494	0.9804758111742284	0.979696880929776	0.9792221740736639	0.9825192300067339	0.9741451776896144	0.981802989192511	1.0	0.9808320377879028	0.983991433816939	0.9744980508130817	0.984756993105684	0.977239350851693	0.9730978741141266	0.980481627841897
0.9736616759712029	0.9725868174949704	0.9772732834532701	0.9725480133559123	0.9721740759387394	0.9719207444817513	0.9732372672899511	0.9772878495639982	0.9715812356340122	0.9743789330202485	0.9739165761899202	0.9724313214629157	0.9736549008245121	0.9755045682726156	0.9741210207720693	0.973916516963987	0.9829660057586627	0.9772405476674028	0.9832678549061677	0.9817522076426863	0.9757615163486453	0.9815453461296416	0.9824763559498381	0.9815866681409445	0.9808223888074785	0.973828770842582	0.9801014268758582	0.9808320377879028	1.0	0.9825159187263129	0.9741475293314958	0.9811913098114968	0.9757955374281413	0.9735797643994087	0.9980824449009948
0.9736822041783894	0.973985235377452	0.9784849622666337	0.974185696099996	0.9673716535856425	0.9732737104273966	0.9668917341288072	0.9699771239203958	0.9654007917026101	0.972493636895708	0.9645056873570074	0.9733250542724645	0.9736314227860842	0.968644064797968	0.974185696099996	0.9745335521200867	0.9758414490782171	0.9760308139234186	0.9824384301496615	0.9848675110972481	0.9750241155462241	0.9796037903035661	0.9736807348926034	0.9815338741886466	0.9753008068884693	0.9679914776442686	0.9843958747251746	0.983991433816939	0.9825159187263129	1.0	0.9685166967364026	0.9865525193221115	0.971277261393508	0.973732906241261	0.9815338741886466
0.9900207827496356	0.9825861750098517	0.9781752327068532	0.9822672100118108	0.9787411726225409	0.982221388890338	0.970473350663242	0.9679526475357132	0.9811967455465306	0.9803823897445244	0.9696160699032712	0.9837444359795608	0.988275524217032	0.9728574262926848	0.9868334506669455	0.9840494078125369	0.9708097513654884	0.9768512481222001	0.9766886920850878	0.9749596057406716	0.9768512481222001	0.9740887394815757	0.9623211428044559	0.9749596057406716	0.960973461349799	0.9832591518120846	0.9767429676579341	0.9744980508130817	0.9741475293314958	0.9685166967364026	1.0	0.9761409000054919	0.980236549888503	0.988389727434927	0.9743232629572178
0.9738507884705545	0.9741357738442168	0.9762364826896335	0.9739503924904347	0.9737167779566215	0.9726226604701799	0.9760281078665493	0.9772878495639982	0.9736027994909586	0.97449762476415	0.974311130592763	0.9720614812867718	0.9734488285143512	0.975710039317378	0.9752427097743094	0.9732997795183564	0.9836567776983505	0.9772405476674028	0.9819414888442763	0.9846993245634185	0.9746696569311232	0.9815772165572315	0.981322342376129	0.9814663939369693	0.9851230979939856	0.9750763134848219	0.9841391948628129	0.984756993105684	0.9811913098114968	0.9865525193221115	0.9761409000054919	1.0	0.9781838541339075	0.9730847000044517	0.9813898044529881
0.9795747025285142	0.9781838541339075	0.9791493693887448	0.9782328147450581	0.9731034863668757	0.9774404813198506	0.9665677329823628	0.9670766457517508	0.9766797509073502	0.9766797509073502	0.9642007028815454	0.9788627032177999	0.9802715071147451	0.9730061701571469	0.9793390908206298	0.9788627032177999	0.9704796814406278	0.9795747025285142	0.9776901608904441	0.9777894995379057	0.9775405828408097	0.9753709721075329	0.9645638633349866	0.9762666415777288	0.9644417066886205	0.9773223513140668	0.9782817019519642	0.977239350851693	0.9757955374281413	0.971277261393508	0.980236549888503	0.9781838541339075	1.0	0.9802715071147451	0.9751027756511532
0.9869130582450731	0.9810484303037124	0.9758683499475871	0.9808172438761283	0.9819075564571161	0.9817003870907308	0.9830545822409184	0.9726939585479054	0.9807052676978079	0.981410005372467	0.9822732563797062	0.9809525322555983	0.9995123364993792	0.97352146717429	0.9866359409819062	0.9808273478186028	0.9769303888902984	0.9770216554128434	0.9736966985658826	0.9729430354817513	0.9740035148594336	0.9721079962884646	0.9743422271985924	0.973021228369448	0.9731693512062394	0.9828759223067388	0.9738540397240081	0.9730978741141266	0.9735797643994087	0.973732906241261	0.988389727434927	0.9730847000044517	0.9802715071147451	1.0	0.9734965430205726
0.973457166865962	0.9728205605093411	0.9771056286408928	0.9727400988995708	0.9713988166884691	0.9717586509803234	0.9720225934708216	0.9756296424146468	0.9707359177306077	0.9728782310451778	0.9729379178826073	0.9725380669447428	0.9734177428705546	0.9751592045568047	0.973457166865962	0.973457166865962	0.9817686301918224	0.9763186265310994	0.9830459003068922	0.9813279748662126	0.9756287153250954	0.9804098524681295	0.9817888419086995	0.9813279748662126	0.9798402108663631	0.9738922993899353	0.9799695489653196	0.980481627841897	0.9980824449009948	0.9815338741886466	0.9743232629572178	0.9813898044529881	0.9751027756511532	0.9734965430205726	1.0
