/home/jshaw/scratch/2022_sketched_distance/references/SGB_genome_fastas_part5/15028/BritoIL_2016__W1.13.ST__bin.62.fa	/home/jshaw/scratch/2022_sketched_distance/references/SGB_genome_fastas_part5/15028/BritoIL_2016__W1.1.ST__bin.13.fa	/home/jshaw/scratch/2022_sketched_distance/references/SGB_genome_fastas_part5/15028/BritoIL_2016__W2.43.ST__bin.21.fa	/home/jshaw/scratch/2022_sketched_distance/references/SGB_genome_fastas_part5/15028/BritoIL_2016__W2.67.ST__bin.48.fa	/home/jshaw/scratch/2022_sketched_distance/references/SGB_genome_fastas_part5/15028/BritoIL_2016__WL.14.ST__bin.72.fa	/home/jshaw/scratch/2022_sketched_distance/references/SGB_genome_fastas_part5/15028/CosteaPI_2017__pluto1-11-7-0__bin.43.fa	/home/jshaw/scratch/2022_sketched_distance/references/SGB_genome_fastas_part5/15028/CosteaPI_2017__SID713A005-11-90-0__bin.76.fa	/home/jshaw/scratch/2022_sketched_distance/references/SGB_genome_fastas_part5/15028/CosteaPI_2017__SID713A052-11-0-0__bin.94.fa	/home/jshaw/scratch/2022_sketched_distance/references/SGB_genome_fastas_part5/15028/CosteaPI_2017__SID713A052-11-90-0__bin.33.fa	/home/jshaw/scratch/2022_sketched_distance/references/SGB_genome_fastas_part5/15028/CosteaPI_2017__SID713A062-11-90-0__bin.59.fa	/home/jshaw/scratch/2022_sketched_distance/references/SGB_genome_fastas_part5/15028/CosteaPI_2017__SID713B061-11-90-0__bin.58.fa	/home/jshaw/scratch/2022_sketched_distance/references/SGB_genome_fastas_part5/15028/FerrettiP_2018__CA_C10032MS2544FE_t0M15__bin.10.fa	/home/jshaw/scratch/2022_sketched_distance/references/SGB_genome_fastas_part5/15028/GeversD_2014__SKBSTL013__bin.55.fa	/home/jshaw/scratch/2022_sketched_distance/references/SGB_genome_fastas_part5/15028/HeQ_2017__SZAXPI029584-102__bin.27.fa	/home/jshaw/scratch/2022_sketched_distance/references/SGB_genome_fastas_part5/15028/HMP_2012__SRS042628__bin.54.fa	/home/jshaw/scratch/2022_sketched_distance/references/SGB_genome_fastas_part5/15028/LiJ_2014__MH0252__bin.78.fa	/home/jshaw/scratch/2022_sketched_distance/references/SGB_genome_fastas_part5/15028/LiJ_2014__MH0391__bin.68.fa	/home/jshaw/scratch/2022_sketched_distance/references/SGB_genome_fastas_part5/15028/LiJ_2014__O2.UC48-1__bin.24.fa	/home/jshaw/scratch/2022_sketched_distance/references/SGB_genome_fastas_part5/15028/LiJ_2017__nHM512811__bin.17.fa	/home/jshaw/scratch/2022_sketched_distance/references/SGB_genome_fastas_part5/15028/NielsenHB_2014__V1_UC35_4__bin.63.fa	/home/jshaw/scratch/2022_sketched_distance/references/SGB_genome_fastas_part5/15028/Obregon-TitoAJ_2015__SM31__bin.23.fa	/home/jshaw/scratch/2022_sketched_distance/references/SGB_genome_fastas_part5/15028/QinJ_2012__DLM022__bin.16.fa	/home/jshaw/scratch/2022_sketched_distance/references/SGB_genome_fastas_part5/15028/QinJ_2012__T2D-049__bin.53.fa	/home/jshaw/scratch/2022_sketched_distance/references/SGB_genome_fastas_part5/15028/QinJ_2012__T2D-051__bin.12.fa	/home/jshaw/scratch/2022_sketched_distance/references/SGB_genome_fastas_part5/15028/VogtmannE_2016__MMRS44197125ST-27-0-0__bin.43.fa	/home/jshaw/scratch/2022_sketched_distance/references/SGB_genome_fastas_part5/15028/VogtmannE_2016__MMRS77018926ST-27-0-0__bin.32.fa	/home/jshaw/scratch/2022_sketched_distance/references/SGB_genome_fastas_part5/15028/VogtmannE_2016__MMRS77487595ST-27-0-0__bin.58.fa	/home/jshaw/scratch/2022_sketched_distance/references/SGB_genome_fastas_part5/15028/XieH_2016__YSZC12003_36699__bin.3.fa	/home/jshaw/scratch/2022_sketched_distance/references/SGB_genome_fastas_part5/15028/XieH_2016__YSZC12003_37137__bin.63.fa	/home/jshaw/scratch/2022_sketched_distance/references/SGB_genome_fastas_part5/15028/XieH_2016__YSZC12003_37182R1__bin.25.fa	/home/jshaw/scratch/2022_sketched_distance/references/SGB_genome_fastas_part5/15028/XieH_2016__YSZC12003_37207R1__bin.4.fa	/home/jshaw/scratch/2022_sketched_distance/references/SGB_genome_fastas_part5/15028/XieH_2016__YSZC12003_37255__bin.24.fa	/home/jshaw/scratch/2022_sketched_distance/references/SGB_genome_fastas_part5/15028/XieH_2016__YSZC12003_37798__bin.56.fa	/home/jshaw/scratch/2022_sketched_distance/references/SGB_genome_fastas_part5/15028/YuJ_2015__SZAXPI003413-4__bin.43.fa	/home/jshaw/scratch/2022_sketched_distance/references/SGB_genome_fastas_part5/15028/ZeeviD_2015__PNP_Main_203__bin.18.fa	/home/jshaw/scratch/2022_sketched_distance/references/SGB_genome_fastas_part5/15028/ZeeviD_2015__PNP_Main_448__bin.21.fa	/home/jshaw/scratch/2022_sketched_distance/references/SGB_genome_fastas_part5/15028/ZeeviD_2015__PNP_Main_531__bin.7.fa	/home/jshaw/scratch/2022_sketched_distance/references/SGB_genome_fastas_part5/15028/ZeeviD_2015__PNP_Main_625__bin.19.fa	/home/jshaw/scratch/2022_sketched_distance/references/SGB_genome_fastas_part5/15028/ZeeviD_2015__PNP_Main_706__bin.57.fa	/home/jshaw/scratch/2022_sketched_distance/references/SGB_genome_fastas_part5/15028/ZellerG_2014__CCIS11015875ST-4-0__bin.14.fa	/home/jshaw/scratch/2022_sketched_distance/references/SGB_genome_fastas_part5/15028/ZellerG_2014__CCIS44757994ST-4-0__bin.11.fa	/home/jshaw/scratch/2022_sketched_distance/references/SGB_genome_fastas_part5/15028/ZellerG_2014__CCIS45793747ST-4-0__bin.81.fa	/home/jshaw/scratch/2022_sketched_distance/references/SGB_genome_fastas_part5/15028/ZellerG_2014__CCIS46047672ST-4-0__bin.1.fa
1.0	0.9657938884793388	0.986935182066751	0.9866404128929399	0.9871126472853665	0.9696063008562389	0.9657347644606155	0.964006465322193	0.9700868798507875	0.9689011036722996	0.9680623496762065	0.9692826388721629	0.9698525942678965	0.9710120645211727	0.9690538753495986	0.9680932656153285	0.969962029337002	0.9683623072383206	0.9731688158079407	0.9688580166246841	0.9654999331894035	0.9719253971706405	0.9705287898244065	0.9713514056054223	0.9697567988487266	0.9676538908774831	0.9685722307006371	0.9678575611637692	0.9632529687963415	0.9655847883197499	0.9723501670442365	0.9690129456162501	0.9713762804304406	0.970195823225985	0.9692362510523376	0.9645386512464936	0.9633176240772068	0.9687422333894785	0.97000144534578	0.9732344680892353	0.9688993857385115	0.9681335596452216	0.9706023626496677
0.9657938884793388	1.0	0.9679861012081512	0.9671272236268126	0.9676269913397606	0.9646568910331528	0.9634874591787705	0.9592942544637479	0.9646330154545938	0.9631193349178615	0.9633115444444906	0.9668603437853057	0.9652133093917789	0.9653887496792324	0.9661754665274084	0.9649064193504406	0.9656696471463936	0.9642570824617249	0.9686850294454975	0.965412415093292	0.962316358172549	0.9647828942706309	0.9645662452916437	0.9652054655470309	0.9653676712678771	0.9644357012298244	0.9634888891720628	0.9654551211978945	0.9586173398242606	0.9618054156168294	0.9675206322926421	0.9668294822800108	0.9684025913855245	0.965056645880117	0.9645622659476427	0.9623177638381948	0.9582347806626701	0.9639699816676139	0.9652461370301277	0.9682798044739365	0.964542666724814	0.9646499539532583	0.9659690169661234
0.986935182066751	0.9679861012081512	1.0	0.9896672410494948	0.988908573032739	0.9722602508610475	0.967831204124118	0.9656428823847534	0.9723918535465396	0.9728751186651058	0.9707097860088366	0.9728851163808481	0.9723443431387794	0.9714496312839509	0.9723223135544903	0.9707244924353672	0.9729355182824975	0.9702477303194241	0.9764483191546568	0.9722802940904617	0.9663380193977885	0.9753136463277743	0.9731781353671637	0.9740674754314519	0.972093635040094	0.9688503355770175	0.9712114119548143	0.9703522756846134	0.9634188125572068	0.9671661055166891	0.9756965887583505	0.9722092023656915	0.9752319118115137	0.9738921105386852	0.9725046668914541	0.9667590104728377	0.9638089966059353	0.97143775405014	0.9713697878005335	0.9752857377929887	0.971303567023232	0.9700281659533289	0.9727222465369731
0.9866404128929399	0.9671272236268126	0.9896672410494948	1.0	0.98754884133542	0.9718381288565562	0.9678720597037931	0.9648777965063141	0.9713776867009445	0.9711945507594081	0.9705251105059192	0.9718313120918316	0.9718860557670695	0.9716413622077725	0.9719739324658503	0.9703678845428255	0.9726962153296402	0.9699905514334247	0.9751934737270052	0.9711565617023484	0.9673337330967952	0.9738419527650851	0.9725113554414142	0.9739382429194896	0.9713576464016125	0.9689005162282108	0.9709460550369343	0.9703555178412148	0.964061549747378	0.9679470097442853	0.9741697439622857	0.9711847833607931	0.974083307356091	0.9727221273821377	0.970696152036307	0.9670143073603203	0.9645207916220144	0.9708474527945754	0.9709543859023163	0.9748008769214934	0.970197802931344	0.9692198330188385	0.9720245869684558
0.9871126472853665	0.9676269913397606	0.988908573032739	0.98754884133542	1.0	0.9723434635476266	0.9674222565378188	0.9640047311263669	0.9720760446475532	0.9732902602418435	0.9699491124731876	0.97341430738085	0.972259066963767	0.9724430801128287	0.9727202952876146	0.970776642523288	0.9731877920241268	0.9694438043982812	0.9768582434442318	0.9724492651134096	0.9656210896345184	0.9760594583454149	0.9743137560727737	0.975224393188965	0.9716499493865901	0.9689126907521316	0.9705193824198554	0.970275656169576	0.9632038984768734	0.9659309191503775	0.9770224503391418	0.972756963472678	0.9753761283026368	0.9743238096759889	0.9728032157073916	0.9673380244529964	0.9635890080982283	0.9719713260705917	0.9715195646692025	0.9754601821414013	0.9719048118474141	0.9695446574722635	0.9725124672823295
0.9696063008562389	0.9646568910331528	0.9722602508610475	0.9718381288565562	0.9723434635476266	1.0	0.9655349599017086	0.9610112513423463	0.9682587148324536	0.9691585584836288	0.9865946970609264	0.9745735600057782	0.9887710583088575	0.9696535748530773	0.974126266491757	0.9716133256414524	0.9750800291914176	0.9873971578489462	0.9724792584637121	0.9745421909234061	0.9665237434379562	0.9712244385828874	0.9689723902171846	0.9720757923415196	0.9859537628240245	0.9730851924365357	0.9880591964704827	0.9714215548067263	0.9692346578571057	0.9652140065526027	0.972402478439164	0.973994348718432	0.973244365605998	0.9713685178594903	0.9721769585776519	0.9688098963149245	0.9638501047682396	0.9719468041618006	0.9896961947661609	0.9742786609788452	0.9684473084381066	0.9700542659379583	0.9729955138927524
0.9657347644606155	0.9634874591787705	0.967831204124118	0.9678720597037931	0.9674222565378188	0.9655349599017086	1.0	0.9598600350595319	0.9657588255322401	0.9617177365611888	0.9660655736088205	0.9674182072627177	0.9665813666292553	0.9674930699533155	0.9663710151419228	0.9654521700509666	0.9692277265190312	0.9658372242803969	0.9662037336598945	0.9654049429908133	0.9628135963152757	0.9646449658016522	0.9647275381165837	0.9675765225177683	0.9664602053082565	0.9658296636936949	0.9648997816351161	0.9660214791581748	0.9639024928275908	0.9627031718637911	0.9660762570004245	0.9669800833602323	0.9683545885388412	0.9630231451586481	0.9658671363591136	0.9621411173843742	0.9610728361095018	0.9639564375687386	0.9663185100372242	0.968638730745769	0.9643949496722363	0.964902550063201	0.9656054314264694
0.964006465322193	0.9592942544637479	0.9656428823847534	0.9648777965063141	0.9640047311263669	0.9610112513423463	0.9598600350595319	1.0	0.9841036197696729	0.9608663434803436	0.9605074089366384	0.9625227338204553	0.9616412976887363	0.963097485820537	0.96325881462206	0.9643458084561923	0.9641001143703933	0.961404503115688	0.9637977866154005	0.9616279629014506	0.9603533792047358	0.9626408745277543	0.9621370436861917	0.9635414165395368	0.9610258530325665	0.9607787680851689	0.9606183158745433	0.9631679634294826	0.9561081001546567	0.961147581373728	0.9645561751873313	0.9633345035000528	0.9641594635231429	0.9618395156592141	0.9624034624732052	0.9610956158908792	0.9563769974620265	0.9613456718075305	0.9614895349904742	0.9648922371546748	0.9635287176629195	0.9613390969421256	0.9626089682645737
0.9700868798507875	0.9646330154545938	0.9723918535465396	0.9713776867009445	0.9720760446475532	0.9682587148324536	0.9657588255322401	0.9841036197696729	1.0	0.9684856541223965	0.9674350797947779	0.9704370573227709	0.9684444953746263	0.9681837339874888	0.9701758306486642	0.9699950223957461	0.9702445355111912	0.9673060774827891	0.9725168278076018	0.970009914663711	0.9652921160811709	0.9703290039686946	0.9691483016699579	0.9693518057839874	0.9685150037655557	0.965377651970789	0.9675092752792614	0.9696213000153254	0.9605882103128539	0.9642804085009778	0.9722422614164261	0.9697732941843309	0.9719395450028846	0.969253943436124	0.9692186027685603	0.9668697051332229	0.9613714350784766	0.9689046832862248	0.9681422309063709	0.9722523149026295	0.9687073013795987	0.9677147199746903	0.969950190682121
0.9689011036722996	0.9631193349178615	0.9728751186651058	0.9711945507594081	0.9732902602418435	0.9691585584836288	0.9617177365611888	0.9608663434803436	0.9684856541223965	1.0	0.9654174064300473	0.9705603161482419	0.9678153961923074	0.9668727384842063	0.9685386372006185	0.9671610159857577	0.9686956371276861	0.9648234676566735	0.9804524862225322	0.9712639260838898	0.9619135522617372	0.9859150449114532	0.9698829688123933	0.9703366113999651	0.9669687653688793	0.9635240215876657	0.9665916503130058	0.9669970841777256	0.9580005696626024	0.9624749634186689	0.9720797091309533	0.968128846487643	0.9707717867297585	0.9732814540774357	0.9686190285580332	0.9637434828226399	0.9585891400370992	0.9689158055359627	0.9662848148984751	0.9710025205634228	0.9669731249761864	0.9647218224594079	0.9695526821066545
0.9680623496762065	0.9633115444444906	0.9707097860088366	0.9705251105059192	0.9699491124731876	0.9865946970609264	0.9660655736088205	0.9605074089366384	0.9674350797947779	0.9654174064300473	1.0	0.9712678709024737	0.9832204045868654	0.9682384373194267	0.9719808083854835	0.9696015629295678	0.9715395369786658	0.9840910052162484	0.9692197361523094	0.9704436077539816	0.9664375130780297	0.9679371139075748	0.9673479705732726	0.9707196773715132	0.9815507781006276	0.9725196792943792	0.9819121702999071	0.9686574354817674	0.9686659319077292	0.9646361038615101	0.9706577682171743	0.9719518976626554	0.9710673939666552	0.9676292477685604	0.9695685752235211	0.9651458629423277	0.9623487531711572	0.968782021811969	0.9846190385741292	0.9725537165377218	0.9664008417657988	0.9692793120876633	0.9702079847545102
0.9692826388721629	0.9668603437853057	0.9728851163808481	0.9718313120918316	0.97341430738085	0.9745735600057782	0.9674182072627177	0.9625227338204553	0.9704370573227709	0.9705603161482419	0.9712678709024737	1.0	0.9740091426523895	0.9707182125034889	0.9750932171292225	0.9721151406762256	0.9743660444362243	0.9713217160335446	0.9728028640768165	0.9759321846287226	0.9672887819223861	0.9712874181951954	0.9699920222001404	0.9729286070446337	0.9732449515057318	0.969142604130024	0.9730159826061182	0.9714207471605896	0.9646479246678762	0.9652294440210131	0.9724196747705636	0.9746081243003968	0.9740697173057061	0.9712786816432013	0.973321996103934	0.970221728091529	0.9632958098185203	0.9729996542362773	0.9730330497198002	0.975343666706782	0.969914656290116	0.9703978422677142	0.9742462214715434
0.9698525942678965	0.9652133093917789	0.9723443431387794	0.9718860557670695	0.972259066963767	0.9887710583088575	0.9665813666292553	0.9616412976887363	0.9684444953746263	0.9678153961923074	0.9832204045868654	0.9740091426523895	1.0	0.9701886474843859	0.973773401476805	0.9723116971973415	0.9755922546455069	0.9839913932522859	0.9729515691880359	0.9726519239106612	0.9674747807556859	0.9707723942685174	0.9692349690756674	0.9721101624566849	0.9905634930536946	0.9730670864129889	0.9924575770424423	0.9711100590884653	0.9734133832699597	0.9666862164172281	0.9723257141389539	0.9736820928211708	0.9738413842512462	0.9704392056796972	0.9728439384552159	0.9685734589830044	0.9648152203782687	0.9717951063799876	0.9872223179892763	0.9742380727369574	0.9685291848259762	0.9702461369743947	0.9724551397329316
0.9710120645211727	0.9653887496792324	0.9714496312839509	0.9716413622077725	0.9724430801128287	0.9696535748530773	0.9674930699533155	0.963097485820537	0.9681837339874888	0.9668727384842063	0.9682384373194267	0.9707182125034889	0.9701886474843859	1.0	0.9703882330513187	0.9681154633796941	0.9720297570766973	0.9689556592479298	0.9718206755004066	0.969961024029778	0.9672740163594403	0.9693753755241056	0.9684674747913641	0.9842644858464691	0.9692121480384058	0.9678657439298048	0.9683801065441393	0.9677401140541823	0.9642031555836791	0.964981044037117	0.9690561940170964	0.9712781429316019	0.9705586608906033	0.9694884885225474	0.9696393203987771	0.9675888442477568	0.9651267023683269	0.9681795811164804	0.9698902367427639	0.9711661739992302	0.9683604321363389	0.9678773070930161	0.9684360062631692
0.9690538753495986	0.9661754665274084	0.9723223135544903	0.9719739324658503	0.9727202952876146	0.974126266491757	0.9663710151419228	0.96325881462206	0.9701758306486642	0.9685386372006185	0.9719808083854835	0.9750932171292225	0.973773401476805	0.9703882330513187	1.0	0.9723926284447386	0.9755954780921888	0.9716989607282756	0.9714603797862832	0.97635578168075	0.966721448287577	0.9703123511518279	0.9696128082758703	0.9718240467547119	0.9729431415454114	0.9693166265097068	0.9728967605772777	0.9729919661468539	0.9623570253402748	0.9637896636282293	0.9727388858529231	0.9742393831258055	0.9738155335921084	0.9705420641915417	0.972842743928865	0.9740154176977887	0.9638721034582739	0.9731367130440824	0.9727735724099	0.9748034718676621	0.9683364702736179	0.9706378582112037	0.9729911430945739
0.9680932656153285	0.9649064193504406	0.9707244924353672	0.9703678845428255	0.970776642523288	0.9716133256414524	0.9654521700509666	0.9643458084561923	0.9699950223957461	0.9671610159857577	0.9696015629295678	0.9721151406762256	0.9723116971973415	0.9681154633796941	0.9723926284447386	1.0	0.9736282963731304	0.9699110364857148	0.9701851589946106	0.9709479465560744	0.9653956339123592	0.9693774253059958	0.9686391326894332	0.96934020367141	0.9707654846715866	0.9683877818887159	0.9708200349073476	0.9718900517171695	0.9640613520783472	0.9652159479851414	0.9718561724995041	0.9713542860702211	0.9726816245162937	0.9690067663435038	0.9707266923728488	0.9686566479594071	0.9624500152994726	0.971043096680295	0.971643450676724	0.9729960080289553	0.968528035727338	0.9681453375754226	0.9709727120822723
0.969962029337002	0.9656696471463936	0.9729355182824975	0.9726962153296402	0.9731877920241268	0.9750800291914176	0.9692277265190312	0.9641001143703933	0.9702445355111912	0.9686956371276861	0.9715395369786658	0.9743660444362243	0.9755922546455069	0.9720297570766973	0.9755954780921888	0.9736282963731304	1.0	0.9739031508379735	0.9723512707707199	0.9735650916533315	0.9682395680589465	0.9716759054283259	0.9699041953743145	0.9728724350389424	0.9746236824684091	0.970612292479939	0.9750032857098656	0.9734454492212627	0.9664272635047139	0.9671283260356065	0.9737010422467092	0.9754142010615576	0.9747427409047873	0.9703310992927445	0.9718981295001666	0.9832836444426969	0.9665713931019018	0.9723124801595925	0.9754774611869371	0.9751830930281442	0.9694193353927087	0.9716131470916615	0.9731404920402376
0.9683623072383206	0.9642570824617249	0.9702477303194241	0.9699905514334247	0.9694438043982812	0.9873971578489462	0.9658372242803969	0.961404503115688	0.9673060774827891	0.9648234676566735	0.9840910052162484	0.9713217160335446	0.9839913932522859	0.9689556592479298	0.9716989607282756	0.9699110364857148	0.9739031508379735	1.0	0.9688304816723005	0.9700863028373846	0.9673222943261075	0.9672705302243813	0.9675571548994999	0.9707797750191838	0.9828085200619012	0.972719341561724	0.9829898973590384	0.9684644656565371	0.9704736980496825	0.9640971666283257	0.969522985418959	0.9723203202853516	0.9711241200585041	0.9675582042007501	0.9693383031178562	0.9650920164238694	0.963629760274207	0.9691054100718298	0.9864230819094821	0.9726901525770485	0.9671688835609721	0.968983182648346	0.970221709239349
0.9731688158079407	0.9686850294454975	0.9764483191546568	0.9751934737270052	0.9768582434442318	0.9724792584637121	0.9662037336598945	0.9637977866154005	0.9725168278076018	0.9804524862225322	0.9692197361523094	0.9728028640768165	0.9729515691880359	0.9718206755004066	0.9714603797862832	0.9701851589946106	0.9723512707707199	0.9688304816723005	1.0	0.9728707877776595	0.965954665596026	0.9831182306007442	0.97449294767273	0.9745858594817708	0.9711716347801279	0.9670619059784159	0.9711417403613036	0.9705776717739677	0.9625982267380672	0.9664400016635316	0.9764084093824936	0.9729216203491297	0.9736355571989964	0.9756080391232272	0.9722132730670352	0.9694890385076778	0.9629337090151768	0.9717106957538649	0.97067763363414	0.9742386820930318	0.9707050208025622	0.9678804220217528	0.9730750903047197
0.9688580166246841	0.965412415093292	0.9722802940904617	0.9711565617023484	0.9724492651134096	0.9745421909234061	0.9654049429908133	0.9616279629014506	0.970009914663711	0.9712639260838898	0.9704436077539816	0.9759321846287226	0.9726519239106612	0.969961024029778	0.97635578168075	0.9709479465560744	0.9735650916533315	0.9700863028373846	0.9728707877776595	1.0	0.9657163334866238	0.971207208113547	0.9698322310334674	0.9729333679339572	0.9723411742871991	0.9687080234217279	0.9713050566125992	0.9717287211612151	0.961646028056557	0.9638447642284889	0.9732294987806787	0.9737711336290437	0.9731806052585318	0.9718873534193772	0.9722925787821906	0.9719550851494096	0.9620931157513832	0.9726263323611195	0.9722018769229395	0.9747543955996326	0.9684430108185386	0.9700662452621355	0.9727084662933132
0.9654999331894035	0.962316358172549	0.9663380193977885	0.9673337330967952	0.9656210896345184	0.9665237434379562	0.9628135963152757	0.9603533792047358	0.9652921160811709	0.9619135522617372	0.9664375130780297	0.9672887819223861	0.9674747807556859	0.9672740163594403	0.966721448287577	0.9653956339123592	0.9682395680589465	0.9673222943261075	0.965954665596026	0.9657163334866238	1.0	0.9634473551944058	0.9632137909485466	0.966550677248802	0.9676274875803615	0.9649939344808389	0.9661550411903399	0.9649759120658858	0.9626926000269183	0.9605480228589699	0.9659689219697304	0.9674235805844036	0.9673116043505553	0.9637071938595688	0.9652785044906464	0.9622110223719049	0.9599263016543091	0.9640267377419346	0.9673449019657769	0.9679672682435604	0.9639179826040779	0.9642644408658629	0.9657878251115851
0.9719253971706405	0.9647828942706309	0.9753136463277743	0.9738419527650851	0.9760594583454149	0.9712244385828874	0.9646449658016522	0.9626408745277543	0.9703290039686946	0.9859150449114532	0.9679371139075748	0.9712874181951954	0.9707723942685174	0.9693753755241056	0.9703123511518279	0.9693774253059958	0.9716759054283259	0.9672705302243813	0.9831182306007442	0.971207208113547	0.9634473551944058	1.0	0.9730579620673048	0.9721951950238411	0.9691166417586552	0.9657042134501608	0.9695260693280945	0.9696226922582218	0.960248933905439	0.9644929490480371	0.9750259742446622	0.9705878662466229	0.9726058247004546	0.9747426124610915	0.9704266241471783	0.9666444206452188	0.9618053849089668	0.9705103349105945	0.9694186178347944	0.9732514018025101	0.9691665863437432	0.9671547818680627	0.9708685485796473
0.9705287898244065	0.9645662452916437	0.9731781353671637	0.9725113554414142	0.9743137560727737	0.9689723902171846	0.9647275381165837	0.9621370436861917	0.9691483016699579	0.9698829688123933	0.9673479705732726	0.9699920222001404	0.9692349690756674	0.9684674747913641	0.9696128082758703	0.9686391326894332	0.9699041953743145	0.9675571548994999	0.97449294767273	0.9698322310334674	0.9632137909485466	0.9730579620673048	1.0	0.9712011216569639	0.9687328475456121	0.9648777965063141	0.9676908355506305	0.968508604238538	0.9592971470128028	0.9633311105154752	0.9724265313024113	0.9698737297008314	0.9717811736675556	0.9713523541169806	0.9687578148987076	0.9632528314365976	0.9605486463886763	0.9681173030587031	0.967721692617359	0.9723855867137478	0.9674272684786387	0.9668474616272996	0.9697360087668423
0.9713514056054223	0.9652054655470309	0.9740674754314519	0.9739382429194896	0.975224393188965	0.9720757923415196	0.9675765225177683	0.9635414165395368	0.9693518057839874	0.9703366113999651	0.9707196773715132	0.9729286070446337	0.9721101624566849	0.9842644858464691	0.9718240467547119	0.96934020367141	0.9728724350389424	0.9707797750191838	0.9745858594817708	0.9729333679339572	0.966550677248802	0.9721951950238411	0.9712011216569639	1.0	0.9709128709161822	0.9675252833727604	0.9707760531047274	0.9691031900516468	0.9626227159563462	0.9668927477314035	0.9732515539709655	0.9728890240285497	0.9723652594827006	0.9713522554620349	0.9722365413112692	0.9688528204842696	0.9620444732467153	0.9700903218880094	0.9719233340330323	0.9732029542553478	0.9682776271106306	0.9691517823715684	0.9711228646593918
0.9697567988487266	0.9653676712678771	0.972093635040094	0.9713576464016125	0.9716499493865901	0.9859537628240245	0.9664602053082565	0.9610258530325665	0.9685150037655557	0.9669687653688793	0.9815507781006276	0.9732449515057318	0.9905634930536946	0.9692121480384058	0.9729431415454114	0.9707654846715866	0.9746236824684091	0.9828085200619012	0.9711716347801279	0.9723411742871991	0.9676274875803615	0.9691166417586552	0.9687328475456121	0.9709128709161822	1.0	0.973268431226673	0.9886849897955535	0.9708274288646085	0.9720018728910781	0.9651224043970925	0.9713346439734803	0.9730907545761142	0.9728742872484784	0.9691566880851683	0.971061005440871	0.9674341820849773	0.9639181765041055	0.970661628226433	0.984380248836911	0.9739831407179774	0.9677864289623263	0.9705098654561792	0.9715696755620737
0.9676538908774831	0.9644357012298244	0.9688503355770175	0.9689005162282108	0.9689126907521316	0.9730851924365357	0.9658296636936949	0.9607787680851689	0.965377651970789	0.9635240215876657	0.9725196792943792	0.969142604130024	0.9730670864129889	0.9678657439298048	0.9693166265097068	0.9683877818887159	0.970612292479939	0.972719341561724	0.9670619059784159	0.9687080234217279	0.9649939344808389	0.9657042134501608	0.9648777965063141	0.9675252833727604	0.973268431226673	1.0	0.9719430131404433	0.9683712055825777	0.9653884777700512	0.9616366454974609	0.9682777631289675	0.9702203621957437	0.9698675055270086	0.9650050401619653	0.967389789747346	0.9637316041647416	0.9625359211190032	0.9676469619102163	0.9735502034338306	0.9709326923931715	0.9656623854125547	0.9683436958167159	0.9686027162830618
0.9685722307006371	0.9634888891720628	0.9712114119548143	0.9709460550369343	0.9705193824198554	0.9880591964704827	0.9648997816351161	0.9606183158745433	0.9675092752792614	0.9665916503130058	0.9819121702999071	0.9730159826061182	0.9924575770424423	0.9683801065441393	0.9728967605772777	0.9708200349073476	0.9750032857098656	0.9829898973590384	0.9711417403613036	0.9713050566125992	0.9661550411903399	0.9695260693280945	0.9676908355506305	0.9707760531047274	0.9886849897955535	0.9719430131404433	1.0	0.9709181213571222	0.973568922418745	0.965591808558824	0.9712809239785416	0.9726175562488193	0.9721973464655888	0.9700101770150704	0.9711328978806489	0.966488358800765	0.9640232767252614	0.9698377850201194	0.9858437261272467	0.9732609064929503	0.9677861976652463	0.9696074246017676	0.9719260532567464
0.9678575611637692	0.9654551211978945	0.9703522756846134	0.9703555178412148	0.970275656169576	0.9714215548067263	0.9660214791581748	0.9631679634294826	0.9696213000153254	0.9669970841777256	0.9686574354817674	0.9714207471605896	0.9711100590884653	0.9677401140541823	0.9729919661468539	0.9718900517171695	0.9734454492212627	0.9684644656565371	0.9705776717739677	0.9717287211612151	0.9649759120658858	0.9696226922582218	0.968508604238538	0.9691031900516468	0.9708274288646085	0.9683712055825777	0.9709181213571222	1.0	0.9627267453307741	0.9635363789381192	0.9720262859421266	0.9735741294991888	0.9724791497562961	0.9697120083976248	0.9696184168503361	0.967442892477925	0.9617257085942728	0.9716103992778418	0.9701923328467078	0.9741009693331243	0.9682745397469829	0.9702107481550412	0.9734281170601033
0.9632529687963415	0.9586173398242606	0.9634188125572068	0.964061549747378	0.9632038984768734	0.9692346578571057	0.9639024928275908	0.9561081001546567	0.9605882103128539	0.9580005696626024	0.9686659319077292	0.9646479246678762	0.9734133832699597	0.9642031555836791	0.9623570253402748	0.9640613520783472	0.9664272635047139	0.9704736980496825	0.9625982267380672	0.961646028056557	0.9626926000269183	0.960248933905439	0.9592971470128028	0.9626227159563462	0.9720018728910781	0.9653884777700512	0.973568922418745	0.9627267453307741	1.0	0.9599890616385293	0.9618220265679442	0.9649583418115631	0.9641463333551975	0.9603235387823338	0.9621517328827159	0.9601107811529478	0.9594858021661394	0.9618983465612645	0.9707007308370392	0.9662863277056671	0.9597986252085958	0.9630412997817064	0.9637841711981184
0.9655847883197499	0.9618054156168294	0.9671661055166891	0.9679470097442853	0.9659309191503775	0.9652140065526027	0.9627031718637911	0.961147581373728	0.9642804085009778	0.9624749634186689	0.9646361038615101	0.9652294440210131	0.9666862164172281	0.964981044037117	0.9637896636282293	0.9652159479851414	0.9671283260356065	0.9640971666283257	0.9664400016635316	0.9638447642284889	0.9605480228589699	0.9644929490480371	0.9633311105154752	0.9668927477314035	0.9651224043970925	0.9616366454974609	0.965591808558824	0.9635363789381192	0.9599890616385293	1.0	0.9655785133218274	0.9669741143845298	0.9677193814341213	0.9644959802170285	0.9642178290216044	0.9627921012641381	0.9583777020491371	0.9636613081785177	0.9655122018381178	0.96823246538453	0.9637759362721203	0.9634086915895521	0.9655267564239052
0.9723501670442365	0.9675206322926421	0.9756965887583505	0.9741697439622857	0.9770224503391418	0.972402478439164	0.9660762570004245	0.9645561751873313	0.9722422614164261	0.9720797091309533	0.9706577682171743	0.9724196747705636	0.9723257141389539	0.9690561940170964	0.9727388858529231	0.9718561724995041	0.9737010422467092	0.969522985418959	0.9764084093824936	0.9732294987806787	0.9659689219697304	0.9750259742446622	0.9724265313024113	0.9732515539709655	0.9713346439734803	0.9682777631289675	0.9712809239785416	0.9720262859421266	0.9618220265679442	0.9655785133218274	1.0	0.973901270989583	0.9749461760479973	0.9732685754910808	0.9717607217009594	0.9692724022490113	0.9627177559665199	0.9729016805282213	0.9712899872425296	0.9755893417863818	0.9691976782086776	0.9687006088443594	0.973685375378807
0.9690129456162501	0.9668294822800108	0.9722092023656915	0.9711847833607931	0.972756963472678	0.973994348718432	0.9669800833602323	0.9633345035000528	0.9697732941843309	0.968128846487643	0.9719518976626554	0.9746081243003968	0.9736820928211708	0.9712781429316019	0.9742393831258055	0.9713542860702211	0.9754142010615576	0.9723203202853516	0.9729216203491297	0.9737711336290437	0.9674235805844036	0.9705878662466229	0.9698737297008314	0.9728890240285497	0.9730907545761142	0.9702203621957437	0.9726175562488193	0.9735741294991888	0.9649583418115631	0.9669741143845298	0.973901270989583	1.0	0.9756272861172666	0.9709445401471078	0.9729168801210848	0.970978042069704	0.9636975153492396	0.9721768417743658	0.974035814830464	0.974953921949406	0.9696981515008923	0.9711123659735209	0.9735202397163173
0.9713762804304406	0.9684025913855245	0.9752319118115137	0.974083307356091	0.9753761283026368	0.973244365605998	0.9683545885388412	0.9641594635231429	0.9719395450028846	0.9707717867297585	0.9710673939666552	0.9740697173057061	0.9738413842512462	0.9705586608906033	0.9738155335921084	0.9726816245162937	0.9747427409047873	0.9711241200585041	0.9736355571989964	0.9731806052585318	0.9673116043505553	0.9726058247004546	0.9717811736675556	0.9723652594827006	0.9728742872484784	0.9698675055270086	0.9721973464655888	0.9724791497562961	0.9641463333551975	0.9677193814341213	0.9749461760479973	0.9756272861172666	1.0	0.9722961223892884	0.9735496042156229	0.9686193952805752	0.9655826298421486	0.9722595283684681	0.9730923088852136	0.9764165860368649	0.9721541203973738	0.9704248026519042	0.9739186068121429
0.970195823225985	0.965056645880117	0.9738921105386852	0.9727221273821377	0.9743238096759889	0.9713685178594903	0.9630231451586481	0.9618395156592141	0.969253943436124	0.9732814540774357	0.9676292477685604	0.9712786816432013	0.9704392056796972	0.9694884885225474	0.9705420641915417	0.9690067663435038	0.9703310992927445	0.9675582042007501	0.9756080391232272	0.9718873534193772	0.9637071938595688	0.9747426124610915	0.9713523541169806	0.9713522554620349	0.9691566880851683	0.9650050401619653	0.9700101770150704	0.9697120083976248	0.9603235387823338	0.9644959802170285	0.9732685754910808	0.9709445401471078	0.9722961223892884	1.0	0.9706532238171506	0.9666752797878366	0.960993039250803	0.9700359481954695	0.9690280266206608	0.9729909263028399	0.9685445368770098	0.9669519518325481	0.9715040500153391
0.9692362510523376	0.9645622659476427	0.9725046668914541	0.970696152036307	0.9728032157073916	0.9721769585776519	0.9658671363591136	0.9624034624732052	0.9692186027685603	0.9686190285580332	0.9695685752235211	0.973321996103934	0.9728439384552159	0.9696393203987771	0.972842743928865	0.9707266923728488	0.9718981295001666	0.9693383031178562	0.9722132730670352	0.9722925787821906	0.9652785044906464	0.9704266241471783	0.9687578148987076	0.9722365413112692	0.971061005440871	0.967389789747346	0.9711328978806489	0.9696184168503361	0.9621517328827159	0.9642178290216044	0.9717607217009594	0.9729168801210848	0.9735496042156229	0.9706532238171506	1.0	0.968837890682871	0.9633480804808849	0.9712716405569672	0.9713622008011432	0.9733318082278803	0.9688604369424088	0.9679158036022082	0.9719638271845882
0.9645386512464936	0.9623177638381948	0.9667590104728377	0.9670143073603203	0.9673380244529964	0.9688098963149245	0.9621411173843742	0.9610956158908792	0.9668697051332229	0.9637434828226399	0.9651458629423277	0.970221728091529	0.9685734589830044	0.9675888442477568	0.9740154176977887	0.9686566479594071	0.9832836444426969	0.9650920164238694	0.9694890385076778	0.9719550851494096	0.9622110223719049	0.9666444206452188	0.9632528314365976	0.9688528204842696	0.9674341820849773	0.9637316041647416	0.966488358800765	0.967442892477925	0.9601107811529478	0.9627921012641381	0.9692724022490113	0.970978042069704	0.9686193952805752	0.9666752797878366	0.968837890682871	1.0	0.9594078735923129	0.9677159304608913	0.9681971462528566	0.9699711441408272	0.9654194266590623	0.964537698714093	0.9681542318905237
0.9633176240772068	0.9582347806626701	0.9638089966059353	0.9645207916220144	0.9635890080982283	0.9638501047682396	0.9610728361095018	0.9563769974620265	0.9613714350784766	0.9585891400370992	0.9623487531711572	0.9632958098185203	0.9648152203782687	0.9651267023683269	0.9638721034582739	0.9624500152994726	0.9665713931019018	0.963629760274207	0.9629337090151768	0.9620931157513832	0.9599263016543091	0.9618053849089668	0.9605486463886763	0.9620444732467153	0.9639181765041055	0.9625359211190032	0.9640232767252614	0.9617257085942728	0.9594858021661394	0.9583777020491371	0.9627177559665199	0.9636975153492396	0.9655826298421486	0.960993039250803	0.9633480804808849	0.9594078735923129	1.0	0.9614095364332514	0.9655113525146415	0.9663118191617743	0.9605753404831793	0.9617956191350301	0.9645852855377476
0.9687422333894785	0.9639699816676139	0.97143775405014	0.9708474527945754	0.9719713260705917	0.9719468041618006	0.9639564375687386	0.9613456718075305	0.9689046832862248	0.9689158055359627	0.968782021811969	0.9729996542362773	0.9717951063799876	0.9681795811164804	0.9731367130440824	0.971043096680295	0.9723124801595925	0.9691054100718298	0.9717106957538649	0.9726263323611195	0.9640267377419346	0.9705103349105945	0.9681173030587031	0.9700903218880094	0.970661628226433	0.9676469619102163	0.9698377850201194	0.9716103992778418	0.9618983465612645	0.9636613081785177	0.9729016805282213	0.9721768417743658	0.9722595283684681	0.9700359481954695	0.9712716405569672	0.9677159304608913	0.9614095364332514	1.0	0.9706030538159789	0.9726103441042512	0.9682878662201961	0.9684606289984435	0.9712383297354809
0.97000144534578	0.9652461370301277	0.9713697878005335	0.9709543859023163	0.9715195646692025	0.9896961947661609	0.9663185100372242	0.9614895349904742	0.9681422309063709	0.9662848148984751	0.9846190385741292	0.9730330497198002	0.9872223179892763	0.9698902367427639	0.9727735724099	0.971643450676724	0.9754774611869371	0.9864230819094821	0.97067763363414	0.9722018769229395	0.9673449019657769	0.9694186178347944	0.967721692617359	0.9719233340330323	0.984380248836911	0.9735502034338306	0.9858437261272467	0.9701923328467078	0.9707007308370392	0.9655122018381178	0.9712899872425296	0.974035814830464	0.9730923088852136	0.9690280266206608	0.9713622008011432	0.9681971462528566	0.9655113525146415	0.9706030538159789	1.0	0.9743173050937246	0.9676440390335171	0.9703499179782336	0.9720099409654981
0.9732344680892353	0.9682798044739365	0.9752857377929887	0.9748008769214934	0.9754601821414013	0.9742786609788452	0.968638730745769	0.9648922371546748	0.9722523149026295	0.9710025205634228	0.9725537165377218	0.975343666706782	0.9742380727369574	0.9711661739992302	0.9748034718676621	0.9729960080289553	0.9751830930281442	0.9726901525770485	0.9742386820930318	0.9747543955996326	0.9679672682435604	0.9732514018025101	0.9723855867137478	0.9732029542553478	0.9739831407179774	0.9709326923931715	0.9732609064929503	0.9741009693331243	0.9662863277056671	0.96823246538453	0.9755893417863818	0.974953921949406	0.9764165860368649	0.9729909263028399	0.9733318082278803	0.9699711441408272	0.9663118191617743	0.9726103441042512	0.9743173050937246	1.0	0.9714895370625887	0.972758044825981	0.9893410398463386
0.9688993857385115	0.964542666724814	0.971303567023232	0.970197802931344	0.9719048118474141	0.9684473084381066	0.9643949496722363	0.9635287176629195	0.9687073013795987	0.9669731249761864	0.9664008417657988	0.969914656290116	0.9685291848259762	0.9683604321363389	0.9683364702736179	0.968528035727338	0.9694193353927087	0.9671688835609721	0.9707050208025622	0.9684430108185386	0.9639179826040779	0.9691665863437432	0.9674272684786387	0.9682776271106306	0.9677864289623263	0.9656623854125547	0.9677861976652463	0.9682745397469829	0.9597986252085958	0.9637759362721203	0.9691976782086776	0.9696981515008923	0.9721541203973738	0.9685445368770098	0.9688604369424088	0.9654194266590623	0.9605753404831793	0.9682878662201961	0.9676440390335171	0.9714895370625887	1.0	0.9663820727781518	0.9691738109974345
0.9681335596452216	0.9646499539532583	0.9700281659533289	0.9692198330188385	0.9695446574722635	0.9700542659379583	0.964902550063201	0.9613390969421256	0.9677147199746903	0.9647218224594079	0.9692793120876633	0.9703978422677142	0.9702461369743947	0.9678773070930161	0.9706378582112037	0.9681453375754226	0.9716131470916615	0.968983182648346	0.9678804220217528	0.9700662452621355	0.9642644408658629	0.9671547818680627	0.9668474616272996	0.9691517823715684	0.9705098654561792	0.9683436958167159	0.9696074246017676	0.9702107481550412	0.9630412997817064	0.9634086915895521	0.9687006088443594	0.9711123659735209	0.9704248026519042	0.9669519518325481	0.9679158036022082	0.964537698714093	0.9617956191350301	0.9684606289984435	0.9703499179782336	0.972758044825981	0.9663820727781518	1.0	0.9704804728807295
0.9706023626496677	0.9659690169661234	0.9727222465369731	0.9720245869684558	0.9725124672823295	0.9729955138927524	0.9656054314264694	0.9626089682645737	0.969950190682121	0.9695526821066545	0.9702079847545102	0.9742462214715434	0.9724551397329316	0.9684360062631692	0.9729911430945739	0.9709727120822723	0.9731404920402376	0.970221709239349	0.9730750903047197	0.9727084662933132	0.9657878251115851	0.9708685485796473	0.9697360087668423	0.9711228646593918	0.9715696755620737	0.9686027162830618	0.9719260532567464	0.9734281170601033	0.9637841711981184	0.9655267564239052	0.973685375378807	0.9735202397163173	0.9739186068121429	0.9715040500153391	0.9719638271845882	0.9681542318905237	0.9645852855377476	0.9712383297354809	0.9720099409654981	0.9893410398463386	0.9691738109974345	0.9704804728807295	1.0
