/home/jshaw/scratch/2022_sketched_distance/references/SGB_genome_fastas_part4/9297/BackhedF_2015__SID268_12M__bin.3.fa	/home/jshaw/scratch/2022_sketched_distance/references/SGB_genome_fastas_part4/9297/BackhedF_2015__SID268_4M__bin.1.fa	/home/jshaw/scratch/2022_sketched_distance/references/SGB_genome_fastas_part4/9297/Bengtsson-PalmeJ_2015__TRAVELRES27__bin.49.fa	/home/jshaw/scratch/2022_sketched_distance/references/SGB_genome_fastas_part4/9297/Bengtsson-PalmeJ_2015__TRAVELRES28__bin.59.fa	/home/jshaw/scratch/2022_sketched_distance/references/SGB_genome_fastas_part4/9297/ChengpingW_2017__AS17raw__bin.43.fa	/home/jshaw/scratch/2022_sketched_distance/references/SGB_genome_fastas_part4/9297/CosteaPI_2017__donald1-11-0-0__bin.15.fa	/home/jshaw/scratch/2022_sketched_distance/references/SGB_genome_fastas_part4/9297/CosteaPI_2017__donald1-11-7-0__bin.11.fa	/home/jshaw/scratch/2022_sketched_distance/references/SGB_genome_fastas_part4/9297/CosteaPI_2017__donald3-11-0-0__bin.14.fa	/home/jshaw/scratch/2022_sketched_distance/references/SGB_genome_fastas_part4/9297/CosteaPI_2017__donald3-11-30-0__bin.17.fa	/home/jshaw/scratch/2022_sketched_distance/references/SGB_genome_fastas_part4/9297/CosteaPI_2017__donald3-11-7-0__bin.57.fa	/home/jshaw/scratch/2022_sketched_distance/references/SGB_genome_fastas_part4/9297/CosteaPI_2017__donald4-11-0-0__bin.31.fa	/home/jshaw/scratch/2022_sketched_distance/references/SGB_genome_fastas_part4/9297/CosteaPI_2017__SID713A014-11-0-0__bin.25.fa	/home/jshaw/scratch/2022_sketched_distance/references/SGB_genome_fastas_part4/9297/CosteaPI_2017__SID713A038-11-90-0__bin.46.fa	/home/jshaw/scratch/2022_sketched_distance/references/SGB_genome_fastas_part4/9297/CosteaPI_2017__SID713B020-11-90-0__bin.54.fa	/home/jshaw/scratch/2022_sketched_distance/references/SGB_genome_fastas_part4/9297/CosteaPI_2017__SID713B058-11-90-0__bin.68.fa	/home/jshaw/scratch/2022_sketched_distance/references/SGB_genome_fastas_part4/9297/LeChatelierE_2013__MH0181__bin.36.fa	/home/jshaw/scratch/2022_sketched_distance/references/SGB_genome_fastas_part4/9297/LeChatelierE_2013__MH0405__bin.18.fa	/home/jshaw/scratch/2022_sketched_distance/references/SGB_genome_fastas_part4/9297/LeChatelierE_2013__MH0413__bin.33.fa	/home/jshaw/scratch/2022_sketched_distance/references/SGB_genome_fastas_part4/9297/LiJ_2014__V1.FI06__bin.82.fa	/home/jshaw/scratch/2022_sketched_distance/references/SGB_genome_fastas_part4/9297/LiSS_2016__FAT_008-22-14-0__bin.30.fa	/home/jshaw/scratch/2022_sketched_distance/references/SGB_genome_fastas_part4/9297/LiuW_2016__SRR3992982__bin.40.fa	/home/jshaw/scratch/2022_sketched_distance/references/SGB_genome_fastas_part4/9297/LiuW_2016__SRR3992997__bin.26.fa	/home/jshaw/scratch/2022_sketched_distance/references/SGB_genome_fastas_part4/9297/LiuW_2016__SRR3993001__bin.32.fa	/home/jshaw/scratch/2022_sketched_distance/references/SGB_genome_fastas_part4/9297/LiuW_2016__SRR3993002__bin.44.fa	/home/jshaw/scratch/2022_sketched_distance/references/SGB_genome_fastas_part4/9297/LiuW_2016__SRR3993005__bin.29.fa	/home/jshaw/scratch/2022_sketched_distance/references/SGB_genome_fastas_part4/9297/LiuW_2016__SRR3993044__bin.127.fa	/home/jshaw/scratch/2022_sketched_distance/references/SGB_genome_fastas_part4/9297/LouisS_2016__AS44_0__bin.3.fa	/home/jshaw/scratch/2022_sketched_distance/references/SGB_genome_fastas_part4/9297/LouisS_2016__AS44_12__bin.19.fa	/home/jshaw/scratch/2022_sketched_distance/references/SGB_genome_fastas_part4/9297/LouisS_2016__AS44_6__bin.16.fa	/home/jshaw/scratch/2022_sketched_distance/references/SGB_genome_fastas_part4/9297/NielsenHB_2014__V1_CD29_0__bin.19.fa	/home/jshaw/scratch/2022_sketched_distance/references/SGB_genome_fastas_part4/9297/VatanenT_2016__G78692__bin.8.fa	/home/jshaw/scratch/2022_sketched_distance/references/SGB_genome_fastas_part4/9297/VatanenT_2016__G78855__bin.3.fa	/home/jshaw/scratch/2022_sketched_distance/references/SGB_genome_fastas_part4/9297/VatanenT_2016__G80366__bin.8.fa	/home/jshaw/scratch/2022_sketched_distance/references/SGB_genome_fastas_part4/9297/VatanenT_2016__G80485__bin.3.fa	/home/jshaw/scratch/2022_sketched_distance/references/SGB_genome_fastas_part4/9297/VatanenT_2016__G80489__bin.4.fa	/home/jshaw/scratch/2022_sketched_distance/references/SGB_genome_fastas_part4/9297/VatanenT_2016__G80601__bin.7.fa	/home/jshaw/scratch/2022_sketched_distance/references/SGB_genome_fastas_part4/9297/ZeeviD_2015__PNP_Main_466__bin.17.fa	/home/jshaw/scratch/2022_sketched_distance/references/SGB_genome_fastas_part4/9297/ZeeviD_2015__PNP_Main_480__bin.15.fa	/home/jshaw/scratch/2022_sketched_distance/references/SGB_genome_fastas_part4/9297/ZeeviD_2015__PNP_Main_549__bin.23.fa	/home/jshaw/scratch/2022_sketched_distance/references/SGB_genome_fastas_part4/9297/ZeeviD_2015__PNP_Main_597__bin.27.fa	/home/jshaw/scratch/2022_sketched_distance/references/SGB_genome_fastas_part4/9297/ZeeviD_2015__PNP_Main_613__bin.30.fa	/home/jshaw/scratch/2022_sketched_distance/references/SGB_genome_fastas_part4/9297/ZeeviD_2015__PNP_Main_679__bin.10.fa	/home/jshaw/scratch/2022_sketched_distance/references/SGB_genome_fastas_part4/9297/ZeeviD_2015__PNP_Validation_58__bin.38.fa	/home/jshaw/scratch/2022_sketched_distance/references/SGB_genome_fastas_part4/9297/ZellerG_2014__CCMD72895164ST-21-0__bin.2.fa
1.0	0.9977196062781963	0.9921205889338482	0.9923658005496947	0.9917350420583378	0.9960763616262875	0.9937674658613757	0.9969872741256826	0.9952828316829421	0.9908241255623502	0.991626051841577	0.9955140291073427	0.9946158488841811	0.9881604100573205	0.9877534581191773	0.9923970757975467	0.9924175702612446	0.9909778142093906	0.9941943721403502	0.9902935565547913	0.992973409508429	0.9964402828310099	0.9942312358004658	0.9912854901854922	0.9960240457638888	0.9954785649582144	0.993617677742878	0.9931832242669557	0.9894046474810387	0.9942358116142685	0.9938793641243848	0.9932781567798744	0.9942864545216487	0.9889187176313877	0.9920528068313981	0.9913446200836549	0.9937113746653975	0.9907991172293544	0.9902984245627046	0.989708892510876	0.9914790548134235	0.9946522470381532	0.9822834514000551	0.9921200166290125
0.9977196062781963	1.0	0.9923231317590213	0.9871516808471611	0.9872202954033609	0.9962890656856065	0.9942878388696982	0.9971750966079554	0.9955286493422193	0.9894990635784088	0.9926510204814251	0.9959321497661525	0.9955286493422193	0.9869133364410841	0.9817269622111452	0.9881735606787241	0.9890603116555746	0.9878330228792911	0.9950335444272239	0.9897798829752656	0.9939758400483784	0.9969506767271572	0.994837778121969	0.9916574382192899	0.9964764795091204	0.9958899062857863	0.9939085992291148	0.9938636960796637	0.9851616664391217	0.9897798829752656	0.9945309367898355	0.993479541543429	0.9951850122476421	0.9876808022751067	0.9869363576963643	0.987336188549149	0.9941544846221383	0.9866348445329025	0.9876808022751067	0.9848307790164289	0.9873643183036125	0.9952712557738796	0.9773392029918382	0.9868983894682264
0.9921205889338482	0.9923231317590213	1.0	0.9943168623160578	0.990862481036956	0.9963935611416097	0.995766421952793	0.9969126456670342	0.9950421730333368	0.9938019754330097	0.9913338886418364	0.9958828412498956	0.9951102159460816	0.9914863693214793	0.9921448677111121	0.9913208662101668	0.9922841895738629	0.9885326163677538	0.9956830146034484	0.992944199209191	0.9945273518792274	0.9966378922021568	0.9950591968519225	0.991854747465489	0.9965729127735484	0.9958163659426789	0.9943539529130166	0.9948543320326307	0.9902445123986813	0.9920365800472027	0.9938282451711592	0.9934194762323111	0.9945619230949402	0.9909137795368538	0.9906329116114425	0.9925120470694598	0.9939516584459135	0.9917281013598587	0.9923168265841396	0.9902054483130535	0.9923666986970504	0.9962460950949176	0.9845413741416926	0.9911271034209244
0.9923658005496947	0.9871516808471611	0.9943168623160578	1.0	0.9846540324548426	0.9956693332589024	0.9941268476184647	0.996743179128746	0.995773113767407	0.9905663874771594	0.9927653203574948	0.9960311543122304	0.9953560301684843	0.9920194720442963	0.9859880627898207	0.986643387926608	0.9900161271617819	0.9833988356006533	0.9956693332589024	0.9914045287324348	0.9944519232138943	0.9968185700700742	0.9947738418301225	0.9928503077364217	0.9963636365412947	0.9957212640756727	0.9955391495954172	0.9945326963922928	0.9833718702313595	0.9886953305611441	0.9944519232138943	0.9950132462223105	0.9952772399738244	0.9905663874771594	0.9835646749392082	0.983176519487135	0.9950662133230948	0.9889510234867236	0.9902924038864607	0.9830804197259455	0.9876686712928022	0.9958248825913775	0.9738329633686383	0.9815426054432563
0.9917350420583378	0.9872202954033609	0.990862481036956	0.9846540324548426	1.0	0.997090440501839	0.9943023537779888	0.9973458908450717	0.9966107596455634	0.990862481036956	0.9932909779707368	0.9960863146235636	0.9954381464714468	0.9935365393635628	0.9855492316473088	0.987564106801791	0.9906851688158442	0.9738762471998034	0.9957447440536217	0.9921203028971934	0.9951286894592897	0.9962370030450578	0.9960485354219685	0.9934139862922916	0.9958969872469667	0.9957828703644858	0.9960485354219685	0.995630101638911	0.9820438414954538	0.98862186180184	0.9953610524020425	0.9954766264384138	0.9962370030450578	0.9931262527363148	0.9802008381423604	0.9793959304508356	0.9950508720385598	0.9892777181897386	0.9910388464518343	0.9843860248693653	0.9787946101466997	0.9964244070749698	0.9763080380429395	0.9812243528797815
0.9960763616262875	0.9962890656856065	0.9963935611416097	0.9956693332589024	0.997090440501839	1.0	0.9988315830418018	0.9990945079880253	0.9990358663605055	0.998831908989695	0.9987325862118958	0.9950627282497994	0.9964841568459001	0.9957041683185107	0.9943966064906552	0.9961857981285889	0.9955885897404931	0.9932943871885019	0.9967896068916837	0.9965333287181182	0.9956162861482075	0.9957143096141107	0.9960620861980158	0.9954745347536654	0.9960133094648635	0.995000073950925	0.9967795574362188	0.9969260372282942	0.9944441139952875	0.9962355916116972	0.9968094880654496	0.9964917152233254	0.9968973680144451	0.9955057689151926	0.996607042820976	0.996120461803571	0.9962815531652739	0.9963669581849443	0.995860329015447	0.9946919238555731	0.996595480717705	0.9962502537120802	0.9889583698919164	0.9962257644447633
0.9937674658613757	0.9942878388696982	0.995766421952793	0.9941268476184647	0.9943023537779888	0.9988315830418018	1.0	0.9996150627993016	0.9976059812632919	0.9978921908334938	0.996281328297718	0.9957017995400816	0.9950420070802407	0.9947624003663174	0.9935536292221014	0.9937953795515458	0.9944190624998098	0.9906764851612313	0.9952318618948798	0.9947588324241796	0.9941739467078107	0.996211160059472	0.9947391631919826	0.9937941279837345	0.9962570804071538	0.9956551041215386	0.9943039913857781	0.9950258901480901	0.9925194658166446	0.9944346947700741	0.994498537331207	0.9939959525753537	0.9946392909665336	0.9933393334091165	0.993139496843772	0.9945720452322157	0.9940974925430155	0.9935779600864364	0.9945909104224369	0.992553383364152	0.9945279675397363	0.9954519946161675	0.9871801211262828	0.9934970507254867
0.9969872741256826	0.9971750966079554	0.9969126456670342	0.996743179128746	0.9973458908450717	0.9990945079880253	0.9996150627993016	1.0	0.9996817119179265	0.9996436171908457	0.9994649177232404	0.9957286848237473	0.9970645967866633	0.9965461309174596	0.9951352927059666	0.9970101591950443	0.9965620437913101	0.9939667056682101	0.997415629053325	0.9971573962860307	0.9961720531233819	0.9962390382609407	0.9963001233915891	0.996275615240037	0.996702370050789	0.9956229643884394	0.9969139468220477	0.9970783166817484	0.9955078493870196	0.9971819088437585	0.9972197783315528	0.9970490424959172	0.9975385191318006	0.9960628130433676	0.9971920306365095	0.996838804611294	0.996847567307155	0.9968936766283513	0.9966996944950218	0.9958287427009207	0.9977694572164931	0.9967173956505869	0.9891696639803677	0.9969998285295983
0.9952828316829421	0.9955286493422193	0.9950421730333368	0.995773113767407	0.9966107596455634	0.9990358663605055	0.9976059812632919	0.9996817119179265	1.0	0.9980178362007845	0.9979676653562245	0.9952861686107621	0.9952763590707103	0.995130755941077	0.9932898757760333	0.9956320771831723	0.9950602308582533	0.9930940205404731	0.9957813855337911	0.9956394538576733	0.9943953606034228	0.9959337907151076	0.9944717804813651	0.9945148211844955	0.9954681753764685	0.9952252771305679	0.9952955359757132	0.9953475641558178	0.9940621169466402	0.9954543575123741	0.9955314189562132	0.9956057340743837	0.9957641693050021	0.9942657629470207	0.9962949667721659	0.9958470260453264	0.9951995248133138	0.9955399491004845	0.9951004764769911	0.9944489725408502	0.9975079662175217	0.995041929175409	0.9882079875432163	0.9959001089997895
0.9908241255623502	0.9894990635784088	0.9938019754330097	0.9905663874771594	0.990862481036956	0.998831908989695	0.9978921908334938	0.9996436171908457	0.9980178362007845	1.0	0.9942866085006984	0.9958909458861316	0.9954099881658244	0.990104084867484	0.9867734667712406	0.9900501738255036	0.9896901974374015	0.9878801276049871	0.9955839369790341	0.9908018603511057	0.9945262930077876	0.9965153248274072	0.9953518019926274	0.991918678650313	0.9964965757144618	0.9959672564806418	0.9947049259280668	0.9951766286725243	0.9888556890119479	0.9900348206367591	0.9947444917701077	0.9944066673980445	0.9950593304423172	0.9895535546586549	0.9904089460597212	0.9910285671562534	0.9945461887071664	0.989215612600733	0.9896608874442916	0.9885958899479206	0.9924541666196125	0.9963273557315725	0.981979026863749	0.9899732005294453
0.991626051841577	0.9926510204814251	0.9913338886418364	0.9927653203574948	0.9932909779707368	0.9987325862118958	0.996281328297718	0.9994649177232404	0.9979676653562245	0.9942866085006984	1.0	0.9953875136444987	0.9947898033148592	0.9914863693214793	0.9886797592069295	0.9932719170024721	0.9919258553897139	0.9905030545665843	0.9943433336550525	0.9913415800866008	0.9932837540714397	0.9959917591908697	0.993981776730861	0.9915302163241061	0.9954397393816451	0.9952828149020027	0.9938725358541438	0.9931908038693139	0.9918627457236334	0.9928554069091391	0.9938907676990727	0.9935610492863634	0.9950548276784086	0.9910425924910583	0.9938896106714521	0.992309002566656	0.9937995079717715	0.992125012481611	0.9922287087062306	0.9918575597251873	0.9945689671729454	0.9950724208970398	0.9844604617562446	0.9934383559375422
0.9955140291073427	0.9959321497661525	0.9958828412498956	0.9960311543122304	0.9960863146235636	0.9950627282497994	0.9957017995400816	0.9957286848237473	0.9952861686107621	0.9958909458861316	0.9953875136444987	1.0	0.9978951050815595	0.9945668729122626	0.99426830535771	0.995430454473291	0.9950807087201353	0.9936520197915453	0.9962587583473569	0.9961167498291982	0.9951301361085044	0.9974872517134179	0.9975225818194063	0.9972665439230196	0.9975163573604259	0.9964236767961506	0.9957153207488572	0.9956819986063941	0.9947060180330591	0.9956460865785254	0.9960829647174715	0.9955736503589079	0.9959505785204535	0.9944015520549152	0.9959165626702374	0.9955097387175338	0.9979808045685231	0.9982523391719765	0.9951611016001755	0.9970032598735713	0.9965569112838981	0.9957316785141478	0.988244110220892	0.9962527587767769
0.9946158488841811	0.9955286493422193	0.9951102159460816	0.9953560301684843	0.9954381464714468	0.9964841568459001	0.9950420070802407	0.9970645967866633	0.9952763590707103	0.9954099881658244	0.9947898033148592	0.9978951050815595	1.0	0.9941723238020928	0.9934659446180658	0.9948181285036594	0.9947101586044163	0.9932143859882215	0.995281304753279	0.9953422847415185	0.9941033474216141	0.9985505409019277	0.9971530021560004	0.9962261100318992	0.9981102560364734	0.9978807120866698	0.9946477511559269	0.9950420481499272	0.9934355872927917	0.9956460865785254	0.9952441570508319	0.9945798870930175	0.9950556581804562	0.9941098910727519	0.9948858715318246	0.9952622675446342	0.9972845565563494	0.9976684246847023	0.994816084746253	0.9960360134249561	0.9963633894728875	0.9958015662637045	0.9879904155880961	0.9952946472324908
0.9881604100573205	0.9869133364410841	0.9914863693214793	0.9920194720442963	0.9935365393635628	0.9957041683185107	0.9947624003663174	0.9965461309174596	0.995130755941077	0.990104084867484	0.9914863693214793	0.9945668729122626	0.9941723238020928	1.0	0.9874914600240668	0.9902347228756282	0.9901448500280216	0.9898444521069729	0.9958365508262788	0.9902361887092224	0.9941723238020928	0.9950728658290723	0.9936925791429991	0.9915078854866378	0.9947233870114357	0.9944883379020726	0.994547256594954	0.9942318064176274	0.9914175720541639	0.9893482236004215	0.9934500759344569	0.9947818898440101	0.9952462339599819	0.9918928005571327	0.9918741418129897	0.9924445039468764	0.9939732737255353	0.9901156636368879	0.9917845625962158	0.9910568436398403	0.9949761990051835	0.9951500302154487	0.9837231278196452	0.9903945545786063
0.9877534581191773	0.9817269622111452	0.9921448677111121	0.9859880627898207	0.9855492316473088	0.9943966064906552	0.9935536292221014	0.9951352927059666	0.9932898757760333	0.9867734667712406	0.9886797592069295	0.99426830535771	0.9934659446180658	0.9874914600240668	1.0	0.9818345805162579	0.9836449511335302	0.980109963295617	0.993509815940636	0.9889325099106364	0.9933560113528388	0.9949259132207368	0.9938370115084046	0.9922816494545734	0.9945881318291176	0.9948628407464787	0.992979484121403	0.993311935649331	0.9849285921727355	0.9837909298206703	0.9924857673251497	0.9916616262754432	0.992979484121403	0.9863404748143907	0.9826291262442054	0.9840604102284247	0.9925309563217313	0.9854042431928267	0.985512915070003	0.9851914474936464	0.9876181408068657	0.9938803944083329	0.9799513138256417	0.9830262537949682
0.9923970757975467	0.9881735606787241	0.9913208662101668	0.986643387926608	0.987564106801791	0.9961857981285889	0.9937953795515458	0.9970101591950443	0.9956320771831723	0.9900501738255036	0.9932719170024721	0.995430454473291	0.9948181285036594	0.9902347228756282	0.9818345805162579	1.0	0.9895171313257266	0.9869249827876861	0.9964047264732593	0.9904443803108379	0.9937953795515458	0.9956767163616734	0.9943106988812166	0.9915490367795543	0.9952049828792352	0.9948638756892013	0.9959875208805831	0.9953629737379598	0.9866006014406117	0.9880894941406532	0.9940306095821535	0.9943339331549007	0.9952275991192132	0.9917254201199163	0.9880814661429186	0.9866985848752942	0.9945423119756728	0.986597159470644	0.9885907052353611	0.9852988800534946	0.9894858132283075	0.9959654168045909	0.9766263809803031	0.9865745066630787
0.9924175702612446	0.9890603116555746	0.9922841895738629	0.9900161271617819	0.9906851688158442	0.9955885897404931	0.9944190624998098	0.9965620437913101	0.9950602308582533	0.9896901974374015	0.9919258553897139	0.9950807087201353	0.9947101586044163	0.9901448500280216	0.9836449511335302	0.9895171313257266	1.0	0.9900213684575576	0.9948547538256808	0.9916090953868529	0.993250053532975	0.9956490163539391	0.9943981717811776	0.9910820218793202	0.9957895854071541	0.9954066468951034	0.9934226767570503	0.9934656923159826	0.9873333758659333	0.9897060201500231	0.9949576514721576	0.9935944047635175	0.9943772678878219	0.9890822612694955	0.9887577691565381	0.9894012674412571	0.9935301110701306	0.9877647860873516	0.9876014462192773	0.987975569822112	0.9901948800948326	0.9944816557759275	0.9780367614264184	0.9890134030203687
0.9909778142093906	0.9878330228792911	0.9885326163677538	0.9833988356006533	0.9738762471998034	0.9932943871885019	0.9906764851612313	0.9939667056682101	0.9930940205404731	0.9878801276049871	0.9905030545665843	0.9936520197915453	0.9932143859882215	0.9898444521069729	0.980109963295617	0.9869249827876861	0.9900213684575576	1.0	0.9924035554885733	0.9897111395293878	0.9922389774223825	0.9937703775872535	0.9925264539124722	0.9909778142093906	0.9931341910020267	0.9929328494262197	0.9923213688136234	0.9924445723801255	0.9785834913298627	0.9877858506715124	0.9926896115337115	0.9919905645157552	0.9917402712565414	0.9908059629653858	0.9772436388340746	0.9783954221979346	0.9925673188082442	0.9881613497517381	0.9873582313367145	0.981281776774189	0.9741037800272841	0.9935332375367069	0.9717966599923097	0.9790181482162393
0.9941943721403502	0.9950335444272239	0.9956830146034484	0.9956693332589024	0.9957447440536217	0.9967896068916837	0.9952318618948798	0.997415629053325	0.9957813855337911	0.9955839369790341	0.9943433336550525	0.9962587583473569	0.995281304753279	0.9958365508262788	0.993509815940636	0.9964047264732593	0.9948547538256808	0.9924035554885733	1.0	0.9951364260079609	0.9948534181114185	0.9967745569215021	0.9956726349666716	0.994006689889788	0.9970145422781188	0.995951562658852	0.9964112970273297	0.9969717943748888	0.995195151705945	0.9945885608692856	0.9950351322083072	0.9948926246570137	0.9954196759486321	0.9960812211535184	0.9950490428255815	0.9956020666388603	0.9947178433244669	0.9949911265204913	0.9947343799952845	0.9939576613719467	0.9964409335519797	0.9962893221844338	0.9878810882246499	0.9943937671241886
0.9902935565547913	0.9897798829752656	0.992944199209191	0.9914045287324348	0.9921203028971934	0.9965333287181182	0.9947588324241796	0.9971573962860307	0.9956394538576733	0.9908018603511057	0.9913415800866008	0.9961167498291982	0.9953422847415185	0.9902361887092224	0.9889325099106364	0.9904443803108379	0.9916090953868529	0.9897111395293878	0.9951364260079609	1.0	0.9939904938826274	0.9968913726293605	0.9949292817439009	0.9922756211584665	0.9960985186205792	0.996153182243529	0.9950800602939182	0.9944727885019503	0.9904099505708556	0.9908795882259209	0.9962622402642232	0.9940875159667134	0.9945301950665222	0.989009996881122	0.9912958370366121	0.9911342544196405	0.994910386136531	0.9910158282767726	0.9895653810026577	0.9914447959697348	0.9934861364314103	0.9954912019590034	0.9825421527172405	0.9912842259789368
0.992973409508429	0.9939758400483784	0.9945273518792274	0.9944519232138943	0.9951286894592897	0.9956162861482075	0.9941739467078107	0.9961720531233819	0.9943953606034228	0.9945262930077876	0.9932837540714397	0.9951301361085044	0.9941033474216141	0.9941723238020928	0.9933560113528388	0.9937953795515458	0.993250053532975	0.9922389774223825	0.9948534181114185	0.9939904938826274	1.0	0.9958335247606274	0.9949082273235934	0.9938651335948971	0.9955695494425524	0.9950668849512082	0.993808738017324	0.9947010658166233	0.9928276657672302	0.9935414857654353	0.9936012919029229	0.9937085708711287	0.9941522783313548	0.9932592786189914	0.9929666201719164	0.9944768009277869	0.9934653061972676	0.9940630394603546	0.9935052368582402	0.992553383364152	0.995815450709573	0.9971674149065749	0.9870306273832146	0.9931136615199498
0.9964402828310099	0.9969506767271572	0.9966378922021568	0.9968185700700742	0.9962370030450578	0.9957143096141107	0.996211160059472	0.9962390382609407	0.9959337907151076	0.9965153248274072	0.9959917591908697	0.9974872517134179	0.9985505409019277	0.9950728658290723	0.9949259132207368	0.9956767163616734	0.9956490163539391	0.9937703775872535	0.9967745569215021	0.9968913726293605	0.9958335247606274	1.0	0.9982434367190273	0.9978220495361689	0.9996117312452187	0.9973427856619685	0.9963730964743304	0.9963409254287329	0.9948794783936331	0.996567811521022	0.9969011024362633	0.996083305052463	0.9966252626617312	0.9947673430015698	0.9963888978540522	0.9961507050113694	0.9983452957565304	0.9988640903407879	0.9955425092265916	0.9969027604964882	0.997206579329634	0.9961766655919035	0.9888167510192721	0.9964411072143704
0.9942312358004658	0.994837778121969	0.9950591968519225	0.9947738418301225	0.9960485354219685	0.9960620861980158	0.9947391631919826	0.9963001233915891	0.9944717804813651	0.9953518019926274	0.993981776730861	0.9975225818194063	0.9971530021560004	0.9936925791429991	0.9938370115084046	0.9943106988812166	0.9943981717811776	0.9925264539124722	0.9956726349666716	0.9949292817439009	0.9949082273235934	0.9982434367190273	1.0	0.9968315773361947	0.9979626074509113	0.997665162679314	0.9953268139246968	0.9957611315620878	0.9939140144611951	0.9950026334542478	0.9954040539407666	0.9943808377786078	0.9948000514794485	0.9935783430376234	0.9938221161906287	0.9946037326227275	0.9966802978701649	0.9969940182976591	0.9942606295088464	0.9949331079014612	0.9948139059224547	0.99490749490491	0.9878810882246499	0.9943937671241886
0.9912854901854922	0.9916574382192899	0.991854747465489	0.9928503077364217	0.9934139862922916	0.9954745347536654	0.9937941279837345	0.996275615240037	0.9945148211844955	0.991918678650313	0.9915302163241061	0.9972665439230196	0.9962261100318992	0.9915078854866378	0.9922816494545734	0.9915490367795543	0.9910820218793202	0.9909778142093906	0.994006689889788	0.9922756211584665	0.9938651335948971	0.9978220495361689	0.9968315773361947	1.0	0.9971061081751266	0.9985229042850889	0.9935980740830718	0.9934188305528397	0.9910958789674386	0.9921548036275132	0.9935623029032215	0.9928934687448351	0.9943754233557568	0.9903497103030068	0.9918024046013383	0.9924106806016318	0.9955757335159092	0.9948631751582911	0.9913796645397565	0.9947456721146277	0.9947324605551143	0.9949810081998144	0.9856927318165515	0.9924545583320419
0.9960240457638888	0.9964764795091204	0.9965729127735484	0.9963636365412947	0.9958969872469667	0.9960133094648635	0.9962570804071538	0.996702370050789	0.9954681753764685	0.9964965757144618	0.9954397393816451	0.9975163573604259	0.9981102560364734	0.9947233870114357	0.9945881318291176	0.9952049828792352	0.9957895854071541	0.9931341910020267	0.9970145422781188	0.9960985186205792	0.9955695494425524	0.9996117312452187	0.9979626074509113	0.9971061081751266	1.0	0.9975856043505346	0.995730766817049	0.9962320083979992	0.9943270446896658	0.9963397677554868	0.9964713906817244	0.9955415355951707	0.9961205389896676	0.9949963068404211	0.9952437946702876	0.9958165048028083	0.9975677762265243	0.9978055910737677	0.9954225377068698	0.9962163198815648	0.9965569112838981	0.9958509261686347	0.9887457127521422	0.9954884950294676
0.9954785649582144	0.9958899062857863	0.9958163659426789	0.9957212640756727	0.9957828703644858	0.995000073950925	0.9956551041215386	0.9956229643884394	0.9952252771305679	0.9959672564806418	0.9952828149020027	0.9964236767961506	0.9978807120866698	0.9944883379020726	0.9948628407464787	0.9948638756892013	0.9954066468951034	0.9929328494262197	0.995951562658852	0.996153182243529	0.9950668849512082	0.9973427856619685	0.997665162679314	0.9985229042850889	0.9975856043505346	1.0	0.9951544191266084	0.9956344281110874	0.9938545875972953	0.9959842272720666	0.9960673327753434	0.9950397403458235	0.9959040742595823	0.9943046166353525	0.9952114153268595	0.9955097387175338	0.9974041011348265	0.9980976280373145	0.995382450613184	0.9972282784532113	0.9964021841429148	0.995356243785368	0.988495865977588	0.9957908434264612
0.993617677742878	0.9939085992291148	0.9943539529130166	0.9955391495954172	0.9960485354219685	0.9967795574362188	0.9943039913857781	0.9969139468220477	0.9952955359757132	0.9947049259280668	0.9938725358541438	0.9957153207488572	0.9946477511559269	0.994547256594954	0.992979484121403	0.9959875208805831	0.9934226767570503	0.9923213688136234	0.9964112970273297	0.9950800602939182	0.993808738017324	0.9963730964743304	0.9953268139246968	0.9935980740830718	0.995730766817049	0.9951544191266084	1.0	0.997108689022571	0.9947928616356925	0.9939911001013036	0.9950028573067191	0.9946954496580205	0.9952144178027109	0.9942657629470207	0.9955978973513631	0.9951689878763866	0.994846977322178	0.9947561706090693	0.9939898313923373	0.993291036363054	0.9952181592627098	0.9955914927331537	0.9872917974110318	0.9943366410237878
0.9931832242669557	0.9938636960796637	0.9948543320326307	0.9945326963922928	0.995630101638911	0.9969260372282942	0.9950258901480901	0.9970783166817484	0.9953475641558178	0.9951766286725243	0.9931908038693139	0.9956819986063941	0.9950420481499272	0.9942318064176274	0.993311935649331	0.9953629737379598	0.9934656923159826	0.9924445723801255	0.9969717943748888	0.9944727885019503	0.9947010658166233	0.9963409254287329	0.9957611315620878	0.9934188305528397	0.9962320083979992	0.9956344281110874	0.997108689022571	1.0	0.9948217590337691	0.9935188440406103	0.9944059780510854	0.9939116870171911	0.9948963419607951	0.9936774235256	0.9941916458069152	0.9950754451682159	0.9940749918997901	0.9938434289619051	0.9940107407672917	0.9927821096228294	0.9951377017923477	0.9960601280054043	0.9877713966787177	0.9931433111313048
0.9894046474810387	0.9851616664391217	0.9902445123986813	0.9833718702313595	0.9820438414954538	0.9944441139952875	0.9925194658166446	0.9955078493870196	0.9940621169466402	0.9888556890119479	0.9918627457236334	0.9947060180330591	0.9934355872927917	0.9914175720541639	0.9849285921727355	0.9866006014406117	0.9873333758659333	0.9785834913298627	0.995195151705945	0.9904099505708556	0.9928276657672302	0.9948794783936331	0.9939140144611951	0.9910958789674386	0.9943270446896658	0.9938545875972953	0.9947928616356925	0.9948217590337691	1.0	0.9868221526770616	0.9937055523611681	0.9936457500056607	0.9941506617282208	0.9898776028967524	0.9796504738200059	0.9803231827555314	0.9934656923159826	0.9870056455892898	0.9881563783080103	0.9816945152816658	0.9834162904682203	0.9937055523611681	0.9719268651628066	0.9785347407538864
0.9942358116142685	0.9897798829752656	0.9920365800472027	0.9886953305611441	0.98862186180184	0.9962355916116972	0.9944346947700741	0.9971819088437585	0.9954543575123741	0.9900348206367591	0.9928554069091391	0.9956460865785254	0.9956460865785254	0.9893482236004215	0.9837909298206703	0.9880894941406532	0.9897060201500231	0.9877858506715124	0.9945885608692856	0.9908795882259209	0.9935414857654353	0.996567811521022	0.9950026334542478	0.9921548036275132	0.9963397677554868	0.9959842272720666	0.9939911001013036	0.9935188440406103	0.9868221526770616	1.0	0.9948289168884086	0.9939016640977133	0.9947635378487386	0.9896041879802109	0.9862211563666059	0.9879616740008276	0.9946542854986734	0.9875799945565688	0.9884891591784793	0.9875443067023958	0.9898658775608069	0.9950675432965205	0.9791989164776	0.9878165308671665
0.9938793641243848	0.9945309367898355	0.9938282451711592	0.9944519232138943	0.9953610524020425	0.9968094880654496	0.994498537331207	0.9972197783315528	0.9955314189562132	0.9947444917701077	0.9938907676990727	0.9960829647174715	0.9952441570508319	0.9934500759344569	0.9924857673251497	0.9940306095821535	0.9949576514721576	0.9926896115337115	0.9950351322083072	0.9962622402642232	0.9936012919029229	0.9969011024362633	0.9954040539407666	0.9935623029032215	0.9964713906817244	0.9960673327753434	0.9950028573067191	0.9944059780510854	0.9937055523611681	0.9948289168884086	1.0	0.9940127800000255	0.9944000346667087	0.99285607482944	0.9948203775575338	0.9950442055511114	0.9944329014222265	0.9945195379500599	0.9934415029398854	0.9938750632546779	0.9949761990051835	0.9952922070850767	0.9865400270458655	0.9947062130042974
0.9932781567798744	0.993479541543429	0.9934194762323111	0.9950132462223105	0.9954766264384138	0.9964917152233254	0.9939959525753537	0.9970490424959172	0.9956057340743837	0.9944066673980445	0.9935610492863634	0.9955736503589079	0.9945798870930175	0.9947818898440101	0.9916616262754432	0.9943339331549007	0.9935944047635175	0.9919905645157552	0.9948926246570137	0.9940875159667134	0.9937085708711287	0.996083305052463	0.9943808377786078	0.9928934687448351	0.9955415355951707	0.9950397403458235	0.9946954496580205	0.9939116870171911	0.9936457500056607	0.9939016640977133	0.9940127800000255	1.0	0.996585254773471	0.9932191785197511	0.9972530135333404	0.9971922344384581	0.9938272065869749	0.9940849206639203	0.9940107407672917	0.9934868585635043	0.995498233687691	0.9955254665511001	0.98642576470097	0.9952112216333171
0.9942864545216487	0.9951850122476421	0.9945619230949402	0.9952772399738244	0.9962370030450578	0.9968973680144451	0.9946392909665336	0.9975385191318006	0.9957641693050021	0.9950593304423172	0.9950548276784086	0.9959505785204535	0.9950556581804562	0.9952462339599819	0.992979484121403	0.9952275991192132	0.9943772678878219	0.9917402712565414	0.9954196759486321	0.9945301950665222	0.9941522783313548	0.9966252626617312	0.9948000514794485	0.9943754233557568	0.9961205389896676	0.9959040742595823	0.9952144178027109	0.9948963419607951	0.9941506617282208	0.9947635378487386	0.9944000346667087	0.996585254773471	1.0	0.9941294151987167	0.9974655769895175	0.9968091817509025	0.9942782649115214	0.9953509977230748	0.9949991877162206	0.9944218677129278	0.9965182970158036	0.9957485878477469	0.988244110220892	0.9955160953554143
0.9889187176313877	0.9876808022751067	0.9909137795368538	0.9905663874771594	0.9931262527363148	0.9955057689151926	0.9933393334091165	0.9960628130433676	0.9942657629470207	0.9895535546586549	0.9910425924910583	0.9944015520549152	0.9941098910727519	0.9918928005571327	0.9863404748143907	0.9917254201199163	0.9890822612694955	0.9908059629653858	0.9960812211535184	0.989009996881122	0.9932592786189914	0.9947673430015698	0.9935783430376234	0.9903497103030068	0.9949963068404211	0.9943046166353525	0.9942657629470207	0.9936774235256	0.9898776028967524	0.9896041879802109	0.99285607482944	0.9932191785197511	0.9941294151987167	1.0	0.9912593547775053	0.9908161727693859	0.9930582906320692	0.9896436982668065	0.9899693876249539	0.9907249799233011	0.994486917137165	0.9945560614996312	0.9840938664290235	0.9899405647647389
0.9920528068313981	0.9869363576963643	0.9906329116114425	0.9835646749392082	0.9802008381423604	0.996607042820976	0.993139496843772	0.9971920306365095	0.9962949667721659	0.9904089460597212	0.9938896106714521	0.9959165626702374	0.9948858715318246	0.9918741418129897	0.9826291262442054	0.9880814661429186	0.9887577691565381	0.9772436388340746	0.9950490428255815	0.9912958370366121	0.9929666201719164	0.9963888978540522	0.9938221161906287	0.9918024046013383	0.9952437946702876	0.9952114153268595	0.9955978973513631	0.9941916458069152	0.9796504738200059	0.9862211563666059	0.9948203775575338	0.9972530135333404	0.9974655769895175	0.9912593547775053	1.0	0.980724138469985	0.9946231158819239	0.9889149022144197	0.9896512248039439	0.9820063704680349	0.9802193060794653	0.9959799302702256	0.9696254674852434	0.9820063704680349
0.9913446200836549	0.987336188549149	0.9925120470694598	0.983176519487135	0.9793959304508356	0.996120461803571	0.9945720452322157	0.996838804611294	0.9958470260453264	0.9910285671562534	0.992309002566656	0.9955097387175338	0.9952622675446342	0.9924445039468764	0.9840604102284247	0.9866985848752942	0.9894012674412571	0.9783954221979346	0.9956020666388603	0.9911342544196405	0.9944768009277869	0.9961507050113694	0.9946037326227275	0.9924106806016318	0.9958165048028083	0.9955097387175338	0.9951689878763866	0.9950754451682159	0.9803231827555314	0.9879616740008276	0.9950442055511114	0.9971922344384581	0.9968091817509025	0.9908161727693859	0.980724138469985	1.0	0.9946037326227275	0.9882316315705351	0.9898431194228724	0.9805666578250096	0.9810328628287245	0.995968831166305	0.9715090264020987	0.9806151359408725
0.9937113746653975	0.9941544846221383	0.9939516584459135	0.9950662133230948	0.9950508720385598	0.9962815531652739	0.9940974925430155	0.996847567307155	0.9951995248133138	0.9945461887071664	0.9937995079717715	0.9979808045685231	0.9972845565563494	0.9939732737255353	0.9925309563217313	0.9945423119756728	0.9935301110701306	0.9925673188082442	0.9947178433244669	0.994910386136531	0.9934653061972676	0.9983452957565304	0.9966802978701649	0.9955757335159092	0.9975677762265243	0.9974041011348265	0.994846977322178	0.9940749918997901	0.9934656923159826	0.9946542854986734	0.9944329014222265	0.9938272065869749	0.9942782649115214	0.9930582906320692	0.9946231158819239	0.9946037326227275	1.0	0.9974121762558288	0.9935900250652567	0.9958287427009207	0.9964021841429148	0.9957057244470571	0.9872917974110318	0.9947627063434811
0.9907991172293544	0.9866348445329025	0.9917281013598587	0.9889510234867236	0.9892777181897386	0.9963669581849443	0.9935779600864364	0.9968936766283513	0.9955399491004845	0.989215612600733	0.992125012481611	0.9982523391719765	0.9976684246847023	0.9901156636368879	0.9854042431928267	0.986597159470644	0.9877647860873516	0.9881613497517381	0.9949911265204913	0.9910158282767726	0.9940630394603546	0.9988640903407879	0.9969940182976591	0.9948631751582911	0.9978055910737677	0.9980976280373145	0.9947561706090693	0.9938434289619051	0.9870056455892898	0.9875799945565688	0.9945195379500599	0.9940849206639203	0.9953509977230748	0.9896436982668065	0.9889149022144197	0.9882316315705351	0.9974121762558288	1.0	0.9877647860873516	0.9917989080879575	0.9918369770695211	0.9962851781139305	0.981182965069282	0.9894139536966599
0.9902984245627046	0.9876808022751067	0.9923168265841396	0.9902924038864607	0.9910388464518343	0.995860329015447	0.9945909104224369	0.9966996944950218	0.9951004764769911	0.9896608874442916	0.9922287087062306	0.9951611016001755	0.994816084746253	0.9917845625962158	0.985512915070003	0.9885907052353611	0.9876014462192773	0.9873582313367145	0.9947343799952845	0.9895653810026577	0.9935052368582402	0.9955425092265916	0.9942606295088464	0.9913796645397565	0.9954225377068698	0.995382450613184	0.9939898313923373	0.9940107407672917	0.9881563783080103	0.9884891591784793	0.9934415029398854	0.9940107407672917	0.9949991877162206	0.9899693876249539	0.9896512248039439	0.9898431194228724	0.9935900250652567	0.9877647860873516	1.0	0.9880414195185779	0.991703209974515	0.9951409055345359	0.9816276105043036	0.9871836324275823
0.989708892510876	0.9848307790164289	0.9902054483130535	0.9830804197259455	0.9843860248693653	0.9946919238555731	0.992553383364152	0.9958287427009207	0.9944489725408502	0.9885958899479206	0.9918575597251873	0.9970032598735713	0.9960360134249561	0.9910568436398403	0.9851914474936464	0.9852988800534946	0.987975569822112	0.981281776774189	0.9939576613719467	0.9914447959697348	0.992553383364152	0.9969027604964882	0.9949331079014612	0.9947456721146277	0.9962163198815648	0.9972282784532113	0.993291036363054	0.9927821096228294	0.9816945152816658	0.9875443067023958	0.9938750632546779	0.9934868585635043	0.9944218677129278	0.9907249799233011	0.9820063704680349	0.9805666578250096	0.9958287427009207	0.9917989080879575	0.9880414195185779	1.0	0.9873133180696738	0.9949597981706669	0.9747183245753872	0.9816268183198753
0.9914790548134235	0.9873643183036125	0.9923666986970504	0.9876686712928022	0.9787946101466997	0.996595480717705	0.9945279675397363	0.9977694572164931	0.9975079662175217	0.9924541666196125	0.9945689671729454	0.9965569112838981	0.9963633894728875	0.9949761990051835	0.9876181408068657	0.9894858132283075	0.9901948800948326	0.9741037800272841	0.9964409335519797	0.9934861364314103	0.995815450709573	0.997206579329634	0.9948139059224547	0.9947324605551143	0.9965569112838981	0.9964021841429148	0.9952181592627098	0.9951377017923477	0.9834162904682203	0.9898658775608069	0.9949761990051835	0.995498233687691	0.9965182970158036	0.994486917137165	0.9802193060794653	0.9810328628287245	0.9964021841429148	0.9918369770695211	0.991703209974515	0.9873133180696738	1.0	0.9974704419321082	0.9744838189002623	0.9848774569488488
0.9946522470381532	0.9952712557738796	0.9962460950949176	0.9958248825913775	0.9964244070749698	0.9962502537120802	0.9954519946161675	0.9967173956505869	0.995041929175409	0.9963273557315725	0.9950724208970398	0.9957316785141478	0.9958015662637045	0.9951500302154487	0.9938803944083329	0.9959654168045909	0.9944816557759275	0.9935332375367069	0.9962893221844338	0.9954912019590034	0.9971674149065749	0.9961766655919035	0.99490749490491	0.9949810081998144	0.9958509261686347	0.995356243785368	0.9955914927331537	0.9960601280054043	0.9937055523611681	0.9950675432965205	0.9952922070850767	0.9955254665511001	0.9957485878477469	0.9945560614996312	0.9959799302702256	0.995968831166305	0.9957057244470571	0.9962851781139305	0.9951409055345359	0.9949597981706669	0.9974704419321082	1.0	0.988495865977588	0.995681216981921
