/home/jshaw/scratch/2022_sketched_distance/references/SGB_genome_fastas_part4/6604/Bengtsson-PalmeJ_2015__TRAVELRES39__bin.39.fa	/home/jshaw/scratch/2022_sketched_distance/references/SGB_genome_fastas_part4/6604/Bengtsson-PalmeJ_2015__TRAVELRES40__bin.82.fa	/home/jshaw/scratch/2022_sketched_distance/references/SGB_genome_fastas_part4/6604/BritoIL_2016__M1.1.ST__bin.12.fa	/home/jshaw/scratch/2022_sketched_distance/references/SGB_genome_fastas_part4/6604/BritoIL_2016__M1.3.ST__bin.28.fa	/home/jshaw/scratch/2022_sketched_distance/references/SGB_genome_fastas_part4/6604/CosteaPI_2017__SID713B072-11-0-0__bin.99.fa	/home/jshaw/scratch/2022_sketched_distance/references/SGB_genome_fastas_part4/6604/CosteaPI_2017__SID713B072-11-90-0__bin.36.fa	/home/jshaw/scratch/2022_sketched_distance/references/SGB_genome_fastas_part4/6604/KarlssonFH_2013__S643__bin.3.fa	/home/jshaw/scratch/2022_sketched_distance/references/SGB_genome_fastas_part4/6604/LeChatelierE_2013__MH0079__bin.18.fa	/home/jshaw/scratch/2022_sketched_distance/references/SGB_genome_fastas_part4/6604/LeChatelierE_2013__MH0124__bin.52.fa	/home/jshaw/scratch/2022_sketched_distance/references/SGB_genome_fastas_part4/6604/LeChatelierE_2013__MH0447__bin.108.fa	/home/jshaw/scratch/2022_sketched_distance/references/SGB_genome_fastas_part4/6604/LiJ_2014__MH0385__bin.62.fa	/home/jshaw/scratch/2022_sketched_distance/references/SGB_genome_fastas_part4/6604/LiJ_2014__MH0402__bin.66.fa	/home/jshaw/scratch/2022_sketched_distance/references/SGB_genome_fastas_part4/6604/LiJ_2014__O2.UC28-0__bin.25.fa	/home/jshaw/scratch/2022_sketched_distance/references/SGB_genome_fastas_part4/6604/NielsenHB_2014__MH0079__bin.2.fa	/home/jshaw/scratch/2022_sketched_distance/references/SGB_genome_fastas_part4/6604/NielsenHB_2014__MH0124__bin.40.fa	/home/jshaw/scratch/2022_sketched_distance/references/SGB_genome_fastas_part4/6604/NielsenHB_2014__MH0174__bin.35.fa	/home/jshaw/scratch/2022_sketched_distance/references/SGB_genome_fastas_part4/6604/Obregon-TitoAJ_2015__SM20__bin.28.fa	/home/jshaw/scratch/2022_sketched_distance/references/SGB_genome_fastas_part4/6604/VogtmannE_2016__MMRS33294861ST-27-0-0__bin.30.fa	/home/jshaw/scratch/2022_sketched_distance/references/SGB_genome_fastas_part4/6604/XieH_2016__YSZC12003_35740__bin.87.fa	/home/jshaw/scratch/2022_sketched_distance/references/SGB_genome_fastas_part4/6604/XieH_2016__YSZC12003_37101__bin.85.fa	/home/jshaw/scratch/2022_sketched_distance/references/SGB_genome_fastas_part4/6604/ZeeviD_2015__PNP_Main_131__bin.53.fa	/home/jshaw/scratch/2022_sketched_distance/references/SGB_genome_fastas_part4/6604/ZeeviD_2015__PNP_Main_132__bin.25.fa	/home/jshaw/scratch/2022_sketched_distance/references/SGB_genome_fastas_part4/6604/ZeeviD_2015__PNP_Main_133__bin.23.fa	/home/jshaw/scratch/2022_sketched_distance/references/SGB_genome_fastas_part4/6604/ZeeviD_2015__PNP_Main_215__bin.47.fa	/home/jshaw/scratch/2022_sketched_distance/references/SGB_genome_fastas_part4/6604/ZeeviD_2015__PNP_Main_473__bin.19.fa	/home/jshaw/scratch/2022_sketched_distance/references/SGB_genome_fastas_part4/6604/ZeeviD_2015__PNP_Main_519__bin.3.fa	/home/jshaw/scratch/2022_sketched_distance/references/SGB_genome_fastas_part4/6604/ZeeviD_2015__PNP_Main_553__bin.1.fa	/home/jshaw/scratch/2022_sketched_distance/references/SGB_genome_fastas_part4/6604/ZeeviD_2015__PNP_Main_643__bin.33.fa	/home/jshaw/scratch/2022_sketched_distance/references/SGB_genome_fastas_part4/6604/ZeeviD_2015__PNP_Main_666__bin.31.fa	/home/jshaw/scratch/2022_sketched_distance/references/SGB_genome_fastas_part4/6604/ZeeviD_2015__PNP_Main_694__bin.34.fa	/home/jshaw/scratch/2022_sketched_distance/references/SGB_genome_fastas_part4/6604/ZeeviD_2015__PNP_Validation_33__bin.10.fa
1.0	0.9940802507726423	0.9852548931677544	0.9868368809472584	0.9863683439762332	0.9850366741551793	0.988298307137246	0.9906376160015555	0.9859846237767851	0.9879717770545268	0.9880982596993003	0.9876281200741859	0.9846230003458296	0.9919680930729879	0.9846039007581411	0.9846691214547507	0.9877110090554787	0.9861108612284389	0.9867347118544233	0.9861778866017272	0.9855950513580982	0.9858268134807318	0.9857576911597887	0.9890434646611918	0.9844046069314208	0.9849156204021916	0.9855440049064829	0.9841711350047823	0.9859175402892005	0.9850554790829971	0.9841071103081456
0.9940802507726423	1.0	0.9780773832816724	0.9761765546511589	0.9759809033253811	0.9756455268543762	0.9787691097451392	0.9814534093514589	0.9792284801741721	0.9762099920617537	0.9776121955187715	0.9754174225000833	0.9741300657560115	0.9819743652168424	0.9767100655181561	0.9761377673390164	0.9766512275508435	0.97418765435158	0.9760475413672426	0.9777831466896775	0.9701067532358328	0.9783274896145334	0.9771435492094226	0.9788217752769173	0.9769708475495948	0.9758253864136291	0.9763400364844099	0.9754192944831773	0.9762264709068443	0.9760042569129699	0.9715106390127201
0.9852548931677544	0.9780773832816724	1.0	0.9902765151107771	0.9896006496082017	0.9882826672412365	0.9888326878527758	0.9865458264017591	0.9886801792228063	0.9915982606578255	0.9906697972696462	0.9912820809153146	0.9872413937398445	0.988228134803784	0.9878641542646313	0.9886239058886457	0.9848772646256329	0.9900421100090705	0.9894577372615214	0.9881897952850006	0.9854676310130042	0.9848516795034329	0.9900448858021303	0.9912830969111859	0.9877474047343833	0.9894081098158358	0.9894793920946895	0.9874485179326501	0.9890795377188153	0.9877584677335578	0.9863614129616421
0.9868368809472584	0.9761765546511589	0.9902765151107771	1.0	0.9881169049474766	0.9897165200486527	0.9890791839843692	0.9876957365440172	0.9922727304354647	0.991123478499253	0.9892148689053707	0.9891935500539573	0.9876603947957897	0.9869454718400621	0.9909233962323144	0.9899482582752613	0.9825849420342867	0.9871726340224897	0.9881865789918964	0.990471913611022	0.9796125302544251	0.9864723000183784	0.9916832939867791	0.9926155264494919	0.9915892568776292	0.9946740832405433	0.9936282495998358	0.9909554100428973	0.9919638109044486	0.9911150153557412	0.9836666335837418
0.9863683439762332	0.9759809033253811	0.9896006496082017	0.9881169049474766	1.0	0.9998099847249561	0.987733890008984	0.9868650863117244	0.9915206432323027	0.9909522463639872	0.9903975681534117	0.9910605562309533	0.9842646044531695	0.9859727125648826	0.9903060472729674	0.9906217657344993	0.9825832450830587	0.9868989372324554	0.9878167618366698	0.9898910463213817	0.9786310827486495	0.9853148623449743	0.9897622965800705	0.9897367342058303	0.9895682249445515	0.9893076736770766	0.9885803559518367	0.9904326971873413	0.9889790626336643	0.9904326971873413	0.985112459751253
0.9850366741551793	0.9756455268543762	0.9882826672412365	0.9897165200486527	0.9998099847249561	1.0	0.9875612404766355	0.9851368644405862	0.9901385946635393	0.9916991183368857	0.9911074385767886	0.9918656547374296	0.9853774260361071	0.9864115421809919	0.9889129892013244	0.9895606488936641	0.9818929667451477	0.9874890960686845	0.9891294144509419	0.9890020591212503	0.9810558754383166	0.9836009150733964	0.988764002401124	0.9907244703141785	0.9881612266094929	0.9877941947407108	0.988167305179346	0.988883245666051	0.9877017939843037	0.9889129892013244	0.9873010434036781
0.988298307137246	0.9787691097451392	0.9888326878527758	0.9890791839843692	0.987733890008984	0.9875612404766355	1.0	0.9884563795484922	0.9906228716443776	0.9899765839158364	0.989179433493046	0.9895832466460635	0.9866317368943368	0.9878992049359432	0.9885822937120703	0.9880438029072961	0.9825885231050641	0.9878915558766351	0.988597200802138	0.9882348651913639	0.9821098413070289	0.9871043758519316	0.9892047483871041	0.9898421095192916	0.98954215469687	0.9889882236909641	0.9886764145953355	0.9886764145953355	0.9886450708266994	0.9885822937120703	0.9839120728602088
0.9906376160015555	0.9814534093514589	0.9865458264017591	0.9876957365440172	0.9868650863117244	0.9851368644405862	0.9884563795484922	1.0	0.9881478994804749	0.9890076330234066	0.9884988207357225	0.9889575021562229	0.9850203367879508	0.999815947598533	0.9869537159509447	0.9859404284894432	0.9857568010529757	0.9867612301894968	0.9875062662149396	0.9851594205818557	0.983267736089394	0.9864826227275746	0.9858115429995324	0.9890434646611918	0.9869848835690427	0.9857028846179607	0.9867683109080393	0.9861008278054946	0.9869015683043909	0.9856821500017612	0.9829694640752006
0.9859846237767851	0.9792284801741721	0.9886801792228063	0.9922727304354647	0.9915206432323027	0.9901385946635393	0.9906228716443776	0.9881478994804749	1.0	0.9940630749359106	0.992483005964706	0.9936941510329578	0.9896978700195079	0.9894489529990593	0.9984907337459359	0.9910727453581906	0.9837159374786693	0.990496986255063	0.9920334728329357	0.9901973414171242	0.9846925492838815	0.9851278060375267	0.9901006724216869	0.9925671226988076	0.9885127761671028	0.9905746923655481	0.9915096572945679	0.9904836512384999	0.9899746909489296	0.9906455821440908	0.9884284148755783
0.9879717770545268	0.9762099920617537	0.9915982606578255	0.991123478499253	0.9909522463639872	0.9916991183368857	0.9899765839158364	0.9890076330234066	0.9940630749359106	1.0	0.9891529900695526	0.9900066616021431	0.9872882436083606	0.9884567629185869	0.9929830219549634	0.9917661862353867	0.9846113067100719	0.9864376536663039	0.990011930127093	0.99091789316626	0.9796125302544251	0.9887517056816104	0.9918999152262771	0.9897367342058303	0.9921657614829867	0.9947129936244966	0.9931440796497789	0.9935591993672175	0.9915308508259236	0.9918665336551287	0.9823085349127205
0.9880982596993003	0.9776121955187715	0.9906697972696462	0.9892148689053707	0.9903975681534117	0.9911074385767886	0.989179433493046	0.9884988207357225	0.992483005964706	0.9891529900695526	1.0	0.9925100938106799	0.9858231900328329	0.9877668654613669	0.9909061705793566	0.9905339632741925	0.983882468522765	0.9857807872118207	0.9887512108665947	0.9927704711915479	0.9775108228514491	0.9867521824390365	0.9917696130952582	0.9895780374495449	0.9903291586941692	0.9912076146067631	0.9903291586941692	0.9905679741949691	0.9900886029013721	0.9944144911919206	0.9859962758635241
0.9876281200741859	0.9754174225000833	0.9912820809153146	0.9891935500539573	0.9910605562309533	0.9918656547374296	0.9895832466460635	0.9889575021562229	0.9936941510329578	0.9900066616021431	0.9925100938106799	1.0	0.9861569232719598	0.988036658496852	0.9930376998734349	0.9927221467361971	0.985019769881191	0.9847701878782931	0.9891150550493251	0.9939327587147121	0.9757736997866883	0.9868376442389126	0.9919739371173842	0.9877800131558975	0.9912452631248557	0.9919739371173842	0.9905001563249667	0.9917932689627632	0.9912452631248557	0.9969499404868167	0.9853005126922367
0.9846230003458296	0.9741300657560115	0.9872413937398445	0.9876603947957897	0.9842646044531695	0.9853774260361071	0.9866317368943368	0.9850203367879508	0.9896978700195079	0.9872882436083606	0.9858231900328329	0.9861569232719598	1.0	0.9841569664239107	0.988102537620359	0.9861496207994177	0.9790507845484184	0.9849164773449345	0.9853208194474309	0.9864947092550911	0.9800673257129969	0.9844042267812787	0.9883954554513762	0.9878359653631422	0.9884278416875028	0.9876084764676966	0.9877409526444884	0.9872078186655319	0.9882655911995619	0.9867341342430221	0.982919094120265
0.9919680930729879	0.9819743652168424	0.988228134803784	0.9869454718400621	0.9859727125648826	0.9864115421809919	0.9878992049359432	0.999815947598533	0.9894489529990593	0.9884567629185869	0.9877668654613669	0.988036658496852	0.9841569664239107	1.0	0.988260847843654	0.9876669834037541	0.9853929067393574	0.9857333619751353	0.9863061095703075	0.9867213580571176	0.9820154166778956	0.988456446843082	0.9875001022805859	0.9885000807725711	0.9887476852964273	0.987298721669884	0.987298721669884	0.9878661305346066	0.988326176628537	0.9873323707893213	0.9822056591315108
0.9846039007581411	0.9767100655181561	0.9878641542646313	0.9909233962323144	0.9903060472729674	0.9889129892013244	0.9885822937120703	0.9869537159509447	0.9984907337459359	0.9929830219549634	0.9909061705793566	0.9930376998734349	0.988102537620359	0.988260847843654	1.0	0.9892250152391521	0.9820876637738031	0.9887253782312018	0.9906763895590596	0.9880118921961141	0.9813467043231732	0.9839777517670224	0.9880897099704895	0.9911316786402011	0.9877456980873218	0.9890294347434658	0.9902481405930992	0.9893142500655404	0.9886078369552473	0.9894636286287241	0.9865424719440785
0.9846691214547507	0.9761377673390164	0.9886239058886457	0.9899482582752613	0.9906217657344993	0.9895606488936641	0.9880438029072961	0.9859404284894432	0.9910727453581906	0.9917661862353867	0.9905339632741925	0.9927221467361971	0.9861496207994177	0.9876669834037541	0.9892250152391521	1.0	0.9828171305216216	0.9884206303003915	0.9898151570929271	0.9890075395200939	0.9826243645913574	0.9833733245783294	0.9881489018469427	0.9909795631933589	0.9876863098006603	0.9890587184973626	0.9892392041996879	0.987687596232551	0.987582472124955	0.9879690074370436	0.9865424719440785
0.9877110090554787	0.9766512275508435	0.9848772646256329	0.9825849420342867	0.9825832450830587	0.9818929667451477	0.9825885231050641	0.9857568010529757	0.9837159374786693	0.9846113067100719	0.983882468522765	0.985019769881191	0.9790507845484184	0.9853929067393574	0.9820876637738031	0.9828171305216216	1.0	0.9825460940813011	0.9818049233091427	0.982242591935794	0.9814430754771947	0.9854428743270262	0.9837159374786693	0.9854601202847285	0.9835307076210236	0.9823583088432124	0.9820876637738031	0.9815395664293302	0.9826649029875365	0.983006425600005	0.9792418040472892
0.9861108612284389	0.97418765435158	0.9900421100090705	0.9871726340224897	0.9868989372324554	0.9874890960686845	0.9878915558766351	0.9867612301894968	0.990496986255063	0.9864376536663039	0.9857807872118207	0.9847701878782931	0.9849164773449345	0.9857333619751353	0.9887253782312018	0.9884206303003915	0.9825460940813011	1.0	0.985875432837488	0.9891559017755935	0.9760268875665075	0.9859698066617856	0.9910266105409202	0.9821098413070289	0.9902496493328391	0.9895386243461805	0.9881130372522624	0.987980327246901	0.9899169570456768	0.9888119339507492	0.9753166910669453
0.9867347118544233	0.9760475413672426	0.9894577372615214	0.9881865789918964	0.9878167618366698	0.9891294144509419	0.988597200802138	0.9875062662149396	0.9920334728329357	0.990011930127093	0.9887512108665947	0.9891150550493251	0.9853208194474309	0.9863061095703075	0.9906763895590596	0.9898151570929271	0.9818049233091427	0.985875432837488	1.0	0.9884964468251383	0.9785786007779349	0.9856525430763128	0.9902007038997798	0.9898946712404472	0.9902007038997798	0.9900084935428035	0.98968563386431	0.9901367580790325	0.9899119669173208	0.9905502086738046	0.9831201110194072
0.9861778866017272	0.9777831466896775	0.9881897952850006	0.990471913611022	0.9898910463213817	0.9890020591212503	0.9882348651913639	0.9851594205818557	0.9901973414171242	0.99091789316626	0.9927704711915479	0.9939327587147121	0.9864947092550911	0.9867213580571176	0.9880118921961141	0.9890075395200939	0.982242591935794	0.9891559017755935	0.9884964468251383	1.0	0.9831309302375796	0.9842021113707358	0.9901695057719997	0.9914839146070419	0.9878629019844355	0.9890587184973626	0.988415402665588	0.9869852034941536	0.9876742407315168	0.9904793009688256	0.9893116349741392
0.9855950513580982	0.9701067532358328	0.9854676310130042	0.9796125302544251	0.9786310827486495	0.9810558754383166	0.9821098413070289	0.983267736089394	0.9846925492838815	0.9796125302544251	0.9775108228514491	0.9757736997866883	0.9800673257129969	0.9820154166778956	0.9813467043231732	0.9826243645913574	0.9814430754771947	0.9760268875665075	0.9785786007779349	0.9831309302375796	1.0	0.9996968923187156	0.9840323669493503	0.9751647893631815	0.9848663777853957	0.9833132114341513	0.9820154166778956	0.9820154166778956	0.982531414199452	0.9810071515213049	0.9757313482139722
0.9858268134807318	0.9783274896145334	0.9848516795034329	0.9864723000183784	0.9853148623449743	0.9836009150733964	0.9871043758519316	0.9864826227275746	0.9851278060375267	0.9887517056816104	0.9867521824390365	0.9868376442389126	0.9844042267812787	0.988456446843082	0.9839777517670224	0.9833733245783294	0.9854428743270262	0.9859698066617856	0.9856525430763128	0.9842021113707358	0.9996968923187156	1.0	0.9853738742945206	0.9880032538020198	0.9850033114833697	0.9855404200499557	0.98561136261917	0.9849246215785544	0.9857236332006866	0.9840239168379503	0.9822571374268446
0.9857576911597887	0.9771435492094226	0.9900448858021303	0.9916832939867791	0.9897622965800705	0.988764002401124	0.9892047483871041	0.9858115429995324	0.9901006724216869	0.9918999152262771	0.9917696130952582	0.9919739371173842	0.9883954554513762	0.9875001022805859	0.9880897099704895	0.9881489018469427	0.9837159374786693	0.9910266105409202	0.9902007038997798	0.9901695057719997	0.9840323669493503	0.9853738742945206	1.0	0.9925186480303131	0.9905710901105487	0.9906863285415609	0.9906836381857087	0.9877622392003561	0.9906514099383669	0.9894349643077687	0.9881716566061289
0.9890434646611918	0.9788217752769173	0.9912830969111859	0.9926155264494919	0.9897367342058303	0.9907244703141785	0.9898421095192916	0.9890434646611918	0.9925671226988076	0.9897367342058303	0.9895780374495449	0.9877800131558975	0.9878359653631422	0.9885000807725711	0.9911316786402011	0.9909795631933589	0.9854601202847285	0.9821098413070289	0.9898946712404472	0.9914839146070419	0.9751647893631815	0.9880032538020198	0.9925186480303131	1.0	0.9922752034814856	0.9937564750710748	0.9931909156107878	0.9914338244728064	0.9933332136020715	0.9923727963972786	0.9774692935221463
0.9844046069314208	0.9769708475495948	0.9877474047343833	0.9915892568776292	0.9895682249445515	0.9881612266094929	0.98954215469687	0.9869848835690427	0.9885127761671028	0.9921657614829867	0.9903291586941692	0.9912452631248557	0.9884278416875028	0.9887476852964273	0.9877456980873218	0.9876863098006603	0.9835307076210236	0.9902496493328391	0.9902007038997798	0.9878629019844355	0.9848663777853957	0.9850033114833697	0.9905710901105487	0.9922752034814856	1.0	0.9907420054223802	0.990999391918135	0.9890581781671454	0.9919914325575472	0.9887394373125203	0.9869462464419619
0.9849156204021916	0.9758253864136291	0.9894081098158358	0.9946740832405433	0.9893076736770766	0.9877941947407108	0.9889882236909641	0.9857028846179607	0.9905746923655481	0.9947129936244966	0.9912076146067631	0.9919739371173842	0.9876084764676966	0.987298721669884	0.9890294347434658	0.9890587184973626	0.9823583088432124	0.9895386243461805	0.9900084935428035	0.9890587184973626	0.9833132114341513	0.9855404200499557	0.9906863285415609	0.9937564750710748	0.9907420054223802	1.0	0.9934489255075313	0.9898111092730788	0.9914510310811756	0.9890294347434658	0.9852066208275042
0.9855440049064829	0.9763400364844099	0.9894793920946895	0.9936282495998358	0.9885803559518367	0.988167305179346	0.9886764145953355	0.9867683109080393	0.9915096572945679	0.9931440796497789	0.9903291586941692	0.9905001563249667	0.9877409526444884	0.987298721669884	0.9902481405930992	0.9892392041996879	0.9820876637738031	0.9881130372522624	0.98968563386431	0.988415402665588	0.9820154166778956	0.98561136261917	0.9906836381857087	0.9931909156107878	0.990999391918135	0.9934489255075313	1.0	0.9904230295834203	0.9935019405644624	0.989539166745426	0.9853005126922367
0.9841711350047823	0.9754192944831773	0.9874485179326501	0.9909554100428973	0.9904326971873413	0.988883245666051	0.9886764145953355	0.9861008278054946	0.9904836512384999	0.9935591993672175	0.9905679741949691	0.9917932689627632	0.9872078186655319	0.9878661305346066	0.9893142500655404	0.987687596232551	0.9815395664293302	0.987980327246901	0.9901367580790325	0.9869852034941536	0.9820154166778956	0.9849246215785544	0.9877622392003561	0.9914338244728064	0.9890581781671454	0.9898111092730788	0.9904230295834203	1.0	0.9901451757868216	0.9887687124800059	0.9862249613906031
0.9859175402892005	0.9762264709068443	0.9890795377188153	0.9919638109044486	0.9889790626336643	0.9877017939843037	0.9886450708266994	0.9869015683043909	0.9899746909489296	0.9915308508259236	0.9900886029013721	0.9912452631248557	0.9882655911995619	0.988326176628537	0.9886078369552473	0.987582472124955	0.9826649029875365	0.9899169570456768	0.9899119669173208	0.9876742407315168	0.982531414199452	0.9857236332006866	0.9906514099383669	0.9933332136020715	0.9919914325575472	0.9914510310811756	0.9935019405644624	0.9901451757868216	1.0	0.9889328550437276	0.9855805885537487
0.9850554790829971	0.9760042569129699	0.9877584677335578	0.9911150153557412	0.9904326971873413	0.9889129892013244	0.9885822937120703	0.9856821500017612	0.9906455821440908	0.9918665336551287	0.9944144911919206	0.9969499404868167	0.9867341342430221	0.9873323707893213	0.9894636286287241	0.9879690074370436	0.983006425600005	0.9888119339507492	0.9905502086738046	0.9904793009688256	0.9810071515213049	0.9840239168379503	0.9894349643077687	0.9923727963972786	0.9887394373125203	0.9890294347434658	0.989539166745426	0.9887687124800059	0.9889328550437276	1.0	0.9963497119568644
0.9841071103081456	0.9715106390127201	0.9863614129616421	0.9836666335837418	0.985112459751253	0.9873010434036781	0.9839120728602088	0.9829694640752006	0.9884284148755783	0.9823085349127205	0.9859962758635241	0.9853005126922367	0.982919094120265	0.9822056591315108	0.9865424719440785	0.9865424719440785	0.9792418040472892	0.9753166910669453	0.9831201110194072	0.9893116349741392	0.9757313482139722	0.9822571374268446	0.9881716566061289	0.9774692935221463	0.9869462464419619	0.9852066208275042	0.9853005126922367	0.9862249613906031	0.9855805885537487	0.9963497119568644	1.0
