/home/jshaw/scratch/2022_sketched_distance/references/SGB_genome_fastas_part1_redo/1525/CM_cf__CF_TNFC048IS_t3M15__bin.10.fa	/home/jshaw/scratch/2022_sketched_distance/references/SGB_genome_fastas_part1_redo/1525/CM_periimplantitis__SP_123SPT_T016__bin.8.fa	/home/jshaw/scratch/2022_sketched_distance/references/SGB_genome_fastas_part1_redo/1525/CM_periimplantitis__SP_133SPT_T016__bin.2.fa	/home/jshaw/scratch/2022_sketched_distance/references/SGB_genome_fastas_part1_redo/1525/CM_periimplantitis__SP_143SPI_T016__bin.33.fa	/home/jshaw/scratch/2022_sketched_distance/references/SGB_genome_fastas_part1_redo/1525/CM_periimplantitis__SP_162SPI_T016__bin.5.fa	/home/jshaw/scratch/2022_sketched_distance/references/SGB_genome_fastas_part1_redo/1525/CM_periimplantitis__SP_163SPI_T016__bin.16.fa	/home/jshaw/scratch/2022_sketched_distance/references/SGB_genome_fastas_part1_redo/1525/CM_periimplantitis__SP_163SPT_T016__bin.32.fa	/home/jshaw/scratch/2022_sketched_distance/references/SGB_genome_fastas_part1_redo/1525/CM_periimplantitis__SP_201SPI_T016__bin.3.fa	/home/jshaw/scratch/2022_sketched_distance/references/SGB_genome_fastas_part1_redo/1525/CM_periimplantitis__SP_281SPI_T016__bin.25.fa	/home/jshaw/scratch/2022_sketched_distance/references/SGB_genome_fastas_part1_redo/1525/CM_periimplantitis__SP_287SPT_T016__bin.36.fa	/home/jshaw/scratch/2022_sketched_distance/references/SGB_genome_fastas_part1_redo/1525/CM_periimplantitis__SP_387SPT_T016__bin.3.fa	/home/jshaw/scratch/2022_sketched_distance/references/SGB_genome_fastas_part1_redo/1525/CM_periimplantitis__SP_403SPT_T016__bin.4.fa	/home/jshaw/scratch/2022_sketched_distance/references/SGB_genome_fastas_part1_redo/1525/CM_periimplantitis__SP_502SPI_T016__bin.1.fa	/home/jshaw/scratch/2022_sketched_distance/references/SGB_genome_fastas_part1_redo/1525/CM_periimplantitis__SP_503SPT_T016__bin.9.fa	/home/jshaw/scratch/2022_sketched_distance/references/SGB_genome_fastas_part1_redo/1525/GeversD_2014__SKSTL0001__bin.9.fa	/home/jshaw/scratch/2022_sketched_distance/references/SGB_genome_fastas_part1_redo/1525/HMP_2012__SRS011255__bin.46.fa	/home/jshaw/scratch/2022_sketched_distance/references/SGB_genome_fastas_part1_redo/1525/HMP_2012__SRS013170__bin.41.fa	/home/jshaw/scratch/2022_sketched_distance/references/SGB_genome_fastas_part1_redo/1525/HMP_2012__SRS013950__bin.23.fa	/home/jshaw/scratch/2022_sketched_distance/references/SGB_genome_fastas_part1_redo/1525/HMP_2012__SRS014476__bin.16.fa	/home/jshaw/scratch/2022_sketched_distance/references/SGB_genome_fastas_part1_redo/1525/HMP_2012__SRS014691__bin.17.fa	/home/jshaw/scratch/2022_sketched_distance/references/SGB_genome_fastas_part1_redo/1525/HMP_2012__SRS016541__bin.12.fa	/home/jshaw/scratch/2022_sketched_distance/references/SGB_genome_fastas_part1_redo/1525/HMP_2012__SRS016746__bin.2.fa	/home/jshaw/scratch/2022_sketched_distance/references/SGB_genome_fastas_part1_redo/1525/HMP_2012__SRS017227__bin.83.fa	/home/jshaw/scratch/2022_sketched_distance/references/SGB_genome_fastas_part1_redo/1525/HMP_2012__SRS017691__bin.60.fa	/home/jshaw/scratch/2022_sketched_distance/references/SGB_genome_fastas_part1_redo/1525/HMP_2012__SRS019980__bin.24.fa	/home/jshaw/scratch/2022_sketched_distance/references/SGB_genome_fastas_part1_redo/1525/HMP_2012__SRS022536__bin.41.fa	/home/jshaw/scratch/2022_sketched_distance/references/SGB_genome_fastas_part1_redo/1525/HMP_2012__SRS023938__bin.1.fa	/home/jshaw/scratch/2022_sketched_distance/references/SGB_genome_fastas_part1_redo/1525/HMP_2012__SRS023964__bin.23.fa	/home/jshaw/scratch/2022_sketched_distance/references/SGB_genome_fastas_part1_redo/1525/HMP_2012__SRS024649__bin.3.fa	/home/jshaw/scratch/2022_sketched_distance/references/SGB_genome_fastas_part1_redo/1525/HMP_2012__SRS045197__bin.65.fa	/home/jshaw/scratch/2022_sketched_distance/references/SGB_genome_fastas_part1_redo/1525/HMP_2012__SRS047113__bin.78.fa	/home/jshaw/scratch/2022_sketched_distance/references/SGB_genome_fastas_part1_redo/1525/HMP_2012__SRS049318__bin.2.fa	/home/jshaw/scratch/2022_sketched_distance/references/SGB_genome_fastas_part1_redo/1525/VogtmannE_2016__MMRS81194191ST-27-0-0__bin.38.fa	/home/jshaw/scratch/2022_sketched_distance/references/SGB_genome_fastas_part1_redo/1525/ZellerG_2014__CCIS14449628ST-4-0__bin.17.fa
1.0	0.978929319309996	0.9934936238524849	0.9806269876598468	0.979697309076245	0.9785985065043626	0.9817220548457715	0.9811811535921504	0.9817908722059683	0.9804026639509719	0.9803113577000456	0.9810490077904692	0.9826846679782685	0.9804026639509719	0.977400422958897	0.9813590592586144	0.9825373859947908	0.9812031260743576	0.9784010307426038	0.9796264726794007	0.9782151068488578	0.9850948508509547	0.9809384769082848	0.9826248056974064	0.9801587624879277	0.9790588857054171	0.9790703045398609	0.9823258275186845	0.9892465305455286	0.9831400320140781	0.979086392636729	0.9800860010863512	0.9818555303764194	0.9805485498251327
0.978929319309996	1.0	0.9783043449576397	0.9784275246604882	0.9794569856721895	0.9790946555864078	0.9815442577161156	0.9783239029602053	0.9791401750863071	0.9793441916668372	0.9801924069826319	0.9785918968352748	0.9789119841636539	0.9793592590576448	0.9764016900358895	0.9792350378741286	0.9794119148233482	0.9789806091369457	0.9790262275351354	0.9784698469934264	0.9745575170568735	0.9773767507191088	0.9781005071905794	0.9798928909206528	0.9793754119780615	0.9773471881335841	0.9774124954057001	0.9793893560441794	0.9792536750199511	0.9816810559931326	0.9777393994807658	0.9784739748931635	0.9788661538700693	0.9806059052777655
0.9934936238524849	0.9783043449576397	1.0	0.9789665173190033	0.9780673897815674	0.9777086961163322	0.9660360119350179	0.9798415335740821	0.9811296693774484	0.9788893086747762	0.9652235528050531	0.9796532974295408	0.9819141282997929	0.9794639699278284	0.9732487714116842	0.9801776488617341	0.9812377551539506	0.9797287221330843	0.9659587747052336	0.9761911137249463	0.976732414494804	0.9836968427415554	0.9800659942445072	0.9749937136770941	0.9781465663299783	0.9747312878655603	0.9774269570111187	0.9809849970766245	0.9874154003438056	0.965856613385646	0.9717915506860827	0.9786954839521336	0.9804735425393061	0.9734777936919772
0.9806269876598468	0.9784275246604882	0.9789665173190033	1.0	0.9788442896765015	0.9786223045285547	0.9814013210737623	0.9803408162480353	0.9805061848148671	0.9801461105674444	0.9789371943350023	0.9807892959670568	0.9795585569334354	0.9786263957178146	0.9782897871376105	0.9811615667459365	0.9815712584613189	0.9795230656995693	0.9793002935619739	0.9802254014170676	0.9759579219597564	0.9790682884347375	0.9792185496059804	0.9811734008952206	0.9792791706152204	0.9803712532491514	0.9789208263371386	0.9805698058713213	0.9809070965261709	0.9829252858380332	0.9788849693734575	0.9778309850272977	0.9794929336394951	0.9795873536745497
0.979697309076245	0.9794569856721895	0.9780673897815674	0.9788442896765015	1.0	0.9908490262651907	0.9869250440481374	0.9790635154278743	0.9791789556812844	0.9815899703415958	0.9818573488603026	0.9803526938402395	0.9794001749735857	0.981548890151967	0.9772909531259046	0.9804270481354314	0.9795102249942806	0.9792115878821062	0.979436468464053	0.97899170945081	0.9748658873447417	0.9776523663016505	0.9784834880064225	0.9807424754348218	0.9817830722954609	0.978677677102335	0.9773060410992757	0.979311867076285	0.9789933118958841	0.9826367503923248	0.978273128931023	0.9804843360102619	0.9787094562439816	0.9813425119687447
0.9785985065043626	0.9790946555864078	0.9777086961163322	0.9786223045285547	0.9908490262651907	1.0	0.9902333767438568	0.9793050032526492	0.9802917077176899	0.9820088882948832	0.9812476937603895	0.9794212800102264	0.9800648871279604	0.9814246260090732	0.9763735053591835	0.9792816981183683	0.9797906071227106	0.9796295402616297	0.9783308189425436	0.9784447869371238	0.9753992039489623	0.9770479882271673	0.9793282917605933	0.9788065286542692	0.9810837682112917	0.9780061748391305	0.9779978411570038	0.9797676461494689	0.9802238267221377	0.9816437353890609	0.9774088760715542	0.9812933608244139	0.9796525985076856	0.9814264472291526
0.9817220548457715	0.9815442577161156	0.9660360119350179	0.9814013210737623	0.9869250440481374	0.9902333767438568	1.0	0.9814371138242457	0.9823890102066288	0.9836166382668342	0.9676508777404527	0.9814728674569605	0.9822148087877481	0.9826658192370789	0.9847676545937493	0.9820045361769689	0.9818282712668066	0.9821448678750678	0.9757884043379277	0.9872262870732527	0.9783636136177736	0.979597666265395	0.9814728674569605	0.9783242871550321	0.9819341440806384	0.9801604526641181	0.9886063353648711	0.9813654891183884	0.982906122944982	0.969309003598916	0.9739508987545707	0.9817574986380025	0.9824237395560976	0.9772441328799413
0.9811811535921504	0.9783239029602053	0.9798415335740821	0.9803408162480353	0.9790635154278743	0.9793050032526492	0.9814371138242457	1.0	0.9821573936305371	0.9806470452702386	0.9795100468347296	0.9808326371566184	0.9816546150336055	0.9798537247597519	0.9792847315115202	0.9902035000885125	0.9818020583273711	0.9812937477202863	0.9808004732618802	0.9808834207007989	0.9869996670341386	0.9800333801132785	0.9908228133094158	0.9825427972386128	0.9803691830538107	0.9795105351133332	0.9802307495793201	0.9816757190785659	0.9821157891261687	0.9916148011541247	0.9894924841116562	0.9805161554373488	0.9809504320896892	0.9813705143250263
0.9817908722059683	0.9791401750863071	0.9811296693774484	0.9805061848148671	0.9791789556812844	0.9802917077176899	0.9823890102066288	0.9821573936305371	1.0	0.9809513362195642	0.9804692880867661	0.9817297806566072	0.9814667615631131	0.979898307141945	0.9802001336542443	0.9825407282957599	0.981759262789465	0.9963822055366885	0.9802418040617523	0.981710442023595	0.9723077763715033	0.9804482345136489	0.980708212988162	0.9835136052365269	0.9810381342777122	0.9804197588744259	0.9802340042152519	0.980816218234499	0.9820078801052071	0.9845026083700857	0.9805998227962633	0.9786011997287191	0.9790521028797381	0.9817323805444106
0.9804026639509719	0.9793441916668372	0.9788893086747762	0.9801461105674444	0.9815899703415958	0.9820088882948832	0.9836166382668342	0.9806470452702386	0.9809513362195642	1.0	0.9818573488603026	0.9816453906227802	0.9815266650791991	0.9821989453305947	0.9779960203408632	0.981183569338411	0.981058644977005	0.9802999799619254	0.979808047190817	0.9804147626317139	0.9763164706915181	0.9782212300039986	0.9803219022737796	0.982101916145062	0.982358278150312	0.9792352704691145	0.9792300221197621	0.9807356563615275	0.9806706739642291	0.9826367503923248	0.9793150786699042	0.9857424547486446	0.981505536076283	0.9817600513480673
0.9803113577000456	0.9801924069826319	0.9652235528050531	0.9789371943350023	0.9818573488603026	0.9812476937603895	0.9676508777404527	0.9795100468347296	0.9804692880867661	0.9818573488603026	1.0	0.9814011758882846	0.9817059967133276	0.9808997026611652	0.9735151502465756	0.9800331293619442	0.9810934880270582	0.9797122251258826	0.9669416857477735	0.976405953698992	0.9758207505145855	0.9793881362065238	0.9796315039627275	0.9725751549166511	0.9815539412816149	0.9767167579857354	0.9778031684495699	0.9809385517175933	0.9809773546714899	0.9662775938427727	0.9722725624289337	0.9815920214360014	0.9811321076778865	0.9749926834899254
0.9810490077904692	0.9785918968352748	0.9796532974295408	0.9807892959670568	0.9803526938402395	0.9794212800102264	0.9814728674569605	0.9808326371566184	0.9817297806566072	0.9816453906227802	0.9814011758882846	1.0	0.9816876128441572	0.9807458972436515	0.9776453935235943	0.9818799506959937	0.9818559590613313	0.9809838804714293	0.979163548212364	0.9794567854139838	0.9772180848523238	0.9785869516154627	0.9806153543121231	0.9816550163379849	0.9808779121271597	0.9793606785623528	0.9794615874563483	0.9809838804714293	0.9812415383142883	0.9834595356984782	0.9794288236840456	0.9805498868225392	0.9809191475530862	0.981286435239126
0.9826846679782685	0.9789119841636539	0.9819141282997929	0.9795585569334354	0.9794001749735857	0.9800648871279604	0.9822148087877481	0.9816546150336055	0.9814667615631131	0.9815266650791991	0.9817059967133276	0.9816876128441572	1.0	0.9813364098899752	0.9786072703390757	0.9828348287998473	0.9807321420340351	0.9809527323052198	0.9806371477024924	0.9799632247172777	0.9763348407271499	0.9809707764935853	0.9809604919405202	0.9828153640510309	0.980647652675794	0.9797340381818311	0.9786517302419625	0.9801831946695602	0.9825748159125297	0.9839504337257216	0.9805724240847786	0.979001583279068	0.9909839044920286	0.9816214627517165
0.9804026639509719	0.9793592590576448	0.9794639699278284	0.9786263957178146	0.981548890151967	0.9814246260090732	0.9826658192370789	0.9798537247597519	0.979898307141945	0.9821989453305947	0.9808997026611652	0.9807458972436515	0.9813364098899752	1.0	0.9767937343151047	0.9805394052381321	0.9804724087529137	0.9795849448323142	0.979060611910654	0.9789670472239067	0.9760488714594729	0.9782212300039986	0.9797867368769427	0.9809730088567078	0.9823802008978524	0.9782919611902539	0.9783706233079345	0.9798537247597519	0.9807122941652378	0.9824915239422838	0.9786241560052574	0.9815277041185818	0.9804505134325058	0.9816769686444975
0.977400422958897	0.9764016900358895	0.9732487714116842	0.9782897871376105	0.9772909531259046	0.9763735053591835	0.9847676545937493	0.9792847315115202	0.9802001336542443	0.9779960203408632	0.9735151502465756	0.9776453935235943	0.9786072703390757	0.9767937343151047	1.0	0.9789998279146469	0.9794647475737571	0.9791814177197734	0.9869606700677889	0.9906718357364198	0.9750205011402188	0.9761471448632472	0.9780496297392859	0.9779673424282362	0.9758905926830757	0.9764579862737641	0.9924808572092473	0.9787910518011773	0.979387719348821	0.977466899167647	0.9734985848195847	0.9767937343151047	0.9787386483706035	0.9753979075666347
0.9813590592586144	0.9792350378741286	0.9801776488617341	0.9811615667459365	0.9804270481354314	0.9792816981183683	0.9820045361769689	0.9902035000885125	0.9825407282957599	0.981183569338411	0.9800331293619442	0.9818799506959937	0.9828348287998473	0.9805394052381321	0.9789998279146469	1.0	0.9827091089198229	0.9820303286015454	0.9803741173819576	0.9813454559469145	0.9894597278544446	0.9805168677471885	0.9930982831207119	0.9828696063162518	0.9805087144395803	0.9790588857054171	0.9813590592586144	0.9820088882948832	0.9835996213284496	0.9935689327513914	0.9912219703239393	0.9810513311935448	0.9823290277920615	0.9804335360864507
0.9825373859947908	0.9794119148233482	0.9812377551539506	0.9815712584613189	0.9795102249942806	0.9797906071227106	0.9818282712668066	0.9818020583273711	0.981759262789465	0.981058644977005	0.9810934880270582	0.9818559590613313	0.9807321420340351	0.9804724087529137	0.9794647475737571	0.9827091089198229	1.0	0.9816032543425478	0.9803410892444243	0.9809299190936426	0.9761225536546636	0.9818381788871952	0.9806448378886037	0.984688036974876	0.9807169009605972	0.9805889638710701	0.9794084788509597	0.9962557502757964	0.9840083577262618	0.9836005438213542	0.9806271985607508	0.9791063560533397	0.9799079685545348	0.9808343260002006
0.9812031260743576	0.9789806091369457	0.9797287221330843	0.9795230656995693	0.9792115878821062	0.9796295402616297	0.9821448678750678	0.9812937477202863	0.9963822055366885	0.9802999799619254	0.9797122251258826	0.9809838804714293	0.9809527323052198	0.9795849448323142	0.9791814177197734	0.9820303286015454	0.9816032543425478	1.0	0.9797408011514621	0.9810921447287343	0.9766065058357052	0.9798939163700052	0.9799629421461189	0.9832735861300941	0.9805550928370418	0.9799314315320149	0.9792562670850339	0.9806118467119513	0.9815200393697835	0.9838109254290762	0.979683310288814	0.9790322569358785	0.9802457176743171	0.9810611619211785
0.9784010307426038	0.9790262275351354	0.9659587747052336	0.9793002935619739	0.979436468464053	0.9783308189425436	0.9757884043379277	0.9808004732618802	0.9802418040617523	0.979808047190817	0.9669416857477735	0.979163548212364	0.9806371477024924	0.979060611910654	0.9869606700677889	0.9803741173819576	0.9803410892444243	0.9797408011514621	1.0	0.9898046627848094	0.97611328246698	0.9788191569489153	0.9797071261362099	0.9725378609627369	0.9776202574492994	0.9772953798485099	0.9900514427056192	0.9796734163602429	0.9814457378408163	0.9705928240793532	0.9730792837777669	0.9791292721720307	0.9800089585764764	0.9725378609627369
0.9796264726794007	0.9784698469934264	0.9761911137249463	0.9802254014170676	0.97899170945081	0.9784447869371238	0.9872262870732527	0.9808834207007989	0.981710442023595	0.9804147626317139	0.976405953698992	0.9794567854139838	0.9799632247172777	0.9789670472239067	0.9906718357364198	0.9813454559469145	0.9809299190936426	0.9810921447287343	0.9898046627848094	1.0	0.9775810781843667	0.9785199094161381	0.9802728446959561	0.9795347718294566	0.9783946089842118	0.9787287629898688	0.9926784588281671	0.9806733556637823	0.9818914196456475	0.9822358175940932	0.9777393994807658	0.9795296165369468	0.9803911524015364	0.9782292889447383
0.9782151068488578	0.9745575170568735	0.976732414494804	0.9759579219597564	0.9748658873447417	0.9753992039489623	0.9783636136177736	0.9869996670341386	0.9723077763715033	0.9763164706915181	0.9758207505145855	0.9772180848523238	0.9763348407271499	0.9760488714594729	0.9750205011402188	0.9894597278544446	0.9761225536546636	0.9766065058357052	0.97611328246698	0.9775810781843667	1.0	0.9766387477228639	0.9895036354671317	0.9798037286331193	0.9765932907021071	0.9759044178582261	0.9757818763354134	0.9759337820709278	0.9776209961175726	0.9930977035284978	0.9891354372779083	0.9748461843246569	0.9751197760550229	0.9771643292535497
0.9850948508509547	0.9773767507191088	0.9836968427415554	0.9790682884347375	0.9776523663016505	0.9770479882271673	0.979597666265395	0.9800333801132785	0.9804482345136489	0.9782212300039986	0.9793881362065238	0.9785869516154627	0.9809707764935853	0.9782212300039986	0.9761471448632472	0.9805168677471885	0.9818381788871952	0.9798939163700052	0.9788191569489153	0.9785199094161381	0.9766387477228639	1.0	0.9795190750896243	0.9809155277083239	0.9767238549801703	0.977453525650031	0.9789006270579547	0.9816400405760138	0.9880392886398758	0.981381292374703	0.9778289634553426	0.9783191574774553	0.9799404704756806	0.9786274588709057
0.9809384769082848	0.9781005071905794	0.9800659942445072	0.9792185496059804	0.9784834880064225	0.9793282917605933	0.9814728674569605	0.9908228133094158	0.980708212988162	0.9803219022737796	0.9796315039627275	0.9806153543121231	0.9809604919405202	0.9797867368769427	0.9780496297392859	0.9930982831207119	0.9806448378886037	0.9799629421461189	0.9797071261362099	0.9802728446959561	0.9895036354671317	0.9795190750896243	1.0	0.9823781616815856	0.980205639858526	0.9787797690078294	0.979032297999185	0.9803687835865683	0.9809282126463976	0.9941869871360254	0.9950725287512027	0.9794606320131048	0.9803687835865683	0.9804335360864507
0.9826248056974064	0.9798928909206528	0.9749937136770941	0.9811734008952206	0.9807424754348218	0.9788065286542692	0.9783242871550321	0.9825427972386128	0.9835136052365269	0.982101916145062	0.9725751549166511	0.9816550163379849	0.9828153640510309	0.9809730088567078	0.9779673424282362	0.9828696063162518	0.984688036974876	0.9832735861300941	0.9725378609627369	0.9795347718294566	0.9798037286331193	0.9809155277083239	0.9823781616815856	1.0	0.9786218999048617	0.9790815275422797	0.9813157900305707	0.9843012125735061	0.9836461937445874	0.976212351067019	0.9742351194156441	0.9798334764486728	0.9817673146899847	0.9744111970706315
0.9801587624879277	0.9793754119780615	0.9781465663299783	0.9792791706152204	0.9817830722954609	0.9810837682112917	0.9819341440806384	0.9803691830538107	0.9810381342777122	0.982358278150312	0.9815539412816149	0.9808779121271597	0.980647652675794	0.9823802008978524	0.9758905926830757	0.9805087144395803	0.9807169009605972	0.9805550928370418	0.9776202574492994	0.9783946089842118	0.9765932907021071	0.9767238549801703	0.980205639858526	0.9786218999048617	1.0	0.9776651651847735	0.9791584685049717	0.9803458697933853	0.98124298739026	0.9822724695559949	0.9780666045230111	0.9822924217057516	0.9799233613433335	0.9804623274881986
0.9790588857054171	0.9773471881335841	0.9747312878655603	0.9803712532491514	0.978677677102335	0.9780061748391305	0.9801604526641181	0.9795105351133332	0.9804197588744259	0.9792352704691145	0.9767167579857354	0.9793606785623528	0.9797340381818311	0.9782919611902539	0.9764579862737641	0.9790588857054171	0.9805889638710701	0.9799314315320149	0.9772953798485099	0.9787287629898688	0.9759044178582261	0.977453525650031	0.9787797690078294	0.9790815275422797	0.9776651651847735	1.0	0.9805648452934247	0.979882194922069	0.9799068225043661	0.9792022645880004	0.9755444717261038	0.978523937669009	0.9795603348356201	0.976940684363174
0.9790703045398609	0.9774124954057001	0.9774269570111187	0.9789208263371386	0.9773060410992757	0.9779978411570038	0.9886063353648711	0.9802307495793201	0.9802340042152519	0.9792300221197621	0.9778031684495699	0.9794615874563483	0.9786517302419625	0.9783706233079345	0.9924808572092473	0.9813590592586144	0.9794084788509597	0.9792562670850339	0.9900514427056192	0.9926784588281671	0.9757818763354134	0.9789006270579547	0.979032297999185	0.9813157900305707	0.9791584685049717	0.9805648452934247	1.0	0.9790767802663732	0.9798553303231514	0.9822358175940932	0.9785950476106925	0.977318845451298	0.9791877214105837	0.9798523154397945
0.9823258275186845	0.9793893560441794	0.9809849970766245	0.9805698058713213	0.979311867076285	0.9797676461494689	0.9813654891183884	0.9816757190785659	0.980816218234499	0.9807356563615275	0.9809385517175933	0.9809838804714293	0.9801831946695602	0.9798537247597519	0.9787910518011773	0.9820088882948832	0.9962557502757964	0.9806118467119513	0.9796734163602429	0.9806733556637823	0.9759337820709278	0.9816400405760138	0.9803687835865683	0.9843012125735061	0.9803458697933853	0.979882194922069	0.9790767802663732	1.0	0.9829142991122841	0.9835653486073931	0.9802971662231161	0.978477506443272	0.9797326662040541	0.9806345453073281
0.9892465305455286	0.9792536750199511	0.9874154003438056	0.9809070965261709	0.9789933118958841	0.9802238267221377	0.982906122944982	0.9821157891261687	0.9820078801052071	0.9806706739642291	0.9809773546714899	0.9812415383142883	0.9825748159125297	0.9807122941652378	0.979387719348821	0.9835996213284496	0.9840083577262618	0.9815200393697835	0.9814457378408163	0.9818914196456475	0.9776209961175726	0.9880392886398758	0.9809282126463976	0.9836461937445874	0.98124298739026	0.9799068225043661	0.9798553303231514	0.9829142991122841	1.0	0.9847412933235136	0.9814646745566734	0.979767958250335	0.9813059896055255	0.9814822846655801
0.9831400320140781	0.9816810559931326	0.965856613385646	0.9829252858380332	0.9826367503923248	0.9816437353890609	0.969309003598916	0.9916148011541247	0.9845026083700857	0.9826367503923248	0.9662775938427727	0.9834595356984782	0.9839504337257216	0.9824915239422838	0.977466899167647	0.9935689327513914	0.9836005438213542	0.9838109254290762	0.9705928240793532	0.9822358175940932	0.9930977035284978	0.981381292374703	0.9941869871360254	0.976212351067019	0.9822724695559949	0.9792022645880004	0.9822358175940932	0.9835653486073931	0.9847412933235136	1.0	0.9873212475965684	0.9835653486073931	0.983670821110973	0.9750449289435182
0.979086392636729	0.9777393994807658	0.9717915506860827	0.9788849693734575	0.978273128931023	0.9774088760715542	0.9739508987545707	0.9894924841116562	0.9805998227962633	0.9793150786699042	0.9722725624289337	0.9794288236840456	0.9805724240847786	0.9786241560052574	0.9734985848195847	0.9912219703239393	0.9806271985607508	0.979683310288814	0.9730792837777669	0.9777393994807658	0.9891354372779083	0.9778289634553426	0.9950725287512027	0.9742351194156441	0.9780666045230111	0.9755444717261038	0.9785950476106925	0.9802971662231161	0.9814646745566734	0.9873212475965684	1.0	0.9793720007160751	0.9799916801579277	0.9728463128829582
0.9800860010863512	0.9784739748931635	0.9786954839521336	0.9778309850272977	0.9804843360102619	0.9812933608244139	0.9817574986380025	0.9805161554373488	0.9786011997287191	0.9857424547486446	0.9815920214360014	0.9805498868225392	0.979001583279068	0.9815277041185818	0.9767937343151047	0.9810513311935448	0.9791063560533397	0.9790322569358785	0.9791292721720307	0.9795296165369468	0.9748461843246569	0.9783191574774553	0.9794606320131048	0.9798334764486728	0.9822924217057516	0.978523937669009	0.977318845451298	0.978477506443272	0.979767958250335	0.9835653486073931	0.9793720007160751	1.0	0.9785129638712503	0.9814822846655801
0.9818555303764194	0.9788661538700693	0.9804735425393061	0.9794929336394951	0.9787094562439816	0.9796525985076856	0.9824237395560976	0.9809504320896892	0.9790521028797381	0.981505536076283	0.9811321076778865	0.9809191475530862	0.9909839044920286	0.9804505134325058	0.9787386483706035	0.9823290277920615	0.9799079685545348	0.9802457176743171	0.9800089585764764	0.9803911524015364	0.9751197760550229	0.9799404704756806	0.9803687835865683	0.9817673146899847	0.9799233613433335	0.9795603348356201	0.9791877214105837	0.9797326662040541	0.9813059896055255	0.983670821110973	0.9799916801579277	0.9785129638712503	1.0	0.9811739925364726
0.9805485498251327	0.9806059052777655	0.9734777936919772	0.9795873536745497	0.9813425119687447	0.9814264472291526	0.9772441328799413	0.9813705143250263	0.9817323805444106	0.9817600513480673	0.9749926834899254	0.981286435239126	0.9816214627517165	0.9816769686444975	0.9753979075666347	0.9804335360864507	0.9808343260002006	0.9810611619211785	0.9725378609627369	0.9782292889447383	0.9771643292535497	0.9786274588709057	0.9804335360864507	0.9744111970706315	0.9804623274881986	0.976940684363174	0.9798523154397945	0.9806345453073281	0.9814822846655801	0.9750449289435182	0.9728463128829582	0.9814822846655801	0.9811739925364726	1.0
