/home/jshaw/scratch/2022_sketched_distance/references/SGB_genome_fastas_part3/4930/BackhedF_2015__SID184_12M__bin.44.fa	/home/jshaw/scratch/2022_sketched_distance/references/SGB_genome_fastas_part3/4930/Bengtsson-PalmeJ_2015__TRAVELRES14__bin.37.fa	/home/jshaw/scratch/2022_sketched_distance/references/SGB_genome_fastas_part3/4930/Bengtsson-PalmeJ_2015__TRAVELRES17__bin.73.fa	/home/jshaw/scratch/2022_sketched_distance/references/SGB_genome_fastas_part3/4930/Bengtsson-PalmeJ_2015__TRAVELRES18__bin.111.fa	/home/jshaw/scratch/2022_sketched_distance/references/SGB_genome_fastas_part3/4930/Bengtsson-PalmeJ_2015__TRAVELRES46__bin.88.fa	/home/jshaw/scratch/2022_sketched_distance/references/SGB_genome_fastas_part3/4930/Bengtsson-PalmeJ_2015__TRAVELRES58__bin.9.fa	/home/jshaw/scratch/2022_sketched_distance/references/SGB_genome_fastas_part3/4930/Bengtsson-PalmeJ_2015__TRAVELRES66__bin.115.fa	/home/jshaw/scratch/2022_sketched_distance/references/SGB_genome_fastas_part3/4930/BritoIL_2016__M1.22.ST__bin.92.fa	/home/jshaw/scratch/2022_sketched_distance/references/SGB_genome_fastas_part3/4930/BritoIL_2016__M2.3.ST__bin.65.fa	/home/jshaw/scratch/2022_sketched_distance/references/SGB_genome_fastas_part3/4930/BritoIL_2016__M2.40.ST__bin.30.fa	/home/jshaw/scratch/2022_sketched_distance/references/SGB_genome_fastas_part3/4930/BritoIL_2016__W3.16.ST__bin.17.fa	/home/jshaw/scratch/2022_sketched_distance/references/SGB_genome_fastas_part3/4930/BritoIL_2016__WL.44.ST__bin.44.fa	/home/jshaw/scratch/2022_sketched_distance/references/SGB_genome_fastas_part3/4930/CosteaPI_2017__SID713A055-11-0-0__bin.81.fa	/home/jshaw/scratch/2022_sketched_distance/references/SGB_genome_fastas_part3/4930/FengQ_2015__SID31137__bin.38.fa	/home/jshaw/scratch/2022_sketched_distance/references/SGB_genome_fastas_part3/4930/FengQ_2015__SID31333__bin.4.fa	/home/jshaw/scratch/2022_sketched_distance/references/SGB_genome_fastas_part3/4930/HeQ_2017__SZAXPI029551-166__bin.67.fa	/home/jshaw/scratch/2022_sketched_distance/references/SGB_genome_fastas_part3/4930/LeChatelierE_2013__MH0288__bin.31.fa	/home/jshaw/scratch/2022_sketched_distance/references/SGB_genome_fastas_part3/4930/LeChatelierE_2013__MH0448__bin.77.fa	/home/jshaw/scratch/2022_sketched_distance/references/SGB_genome_fastas_part3/4930/LeChatelierE_2013__MH0456__bin.68.fa	/home/jshaw/scratch/2022_sketched_distance/references/SGB_genome_fastas_part3/4930/LiJ_2017__H1M511841__bin.27.fa	/home/jshaw/scratch/2022_sketched_distance/references/SGB_genome_fastas_part3/4930/LiSS_2016__FAT_012-22-14-0__bin.25.fa	/home/jshaw/scratch/2022_sketched_distance/references/SGB_genome_fastas_part3/4930/LiSS_2016__FAT_012-22-2-0__bin.44.fa	/home/jshaw/scratch/2022_sketched_distance/references/SGB_genome_fastas_part3/4930/SchirmerM_2016__G88746__bin.5.fa	/home/jshaw/scratch/2022_sketched_distance/references/SGB_genome_fastas_part3/4930/SchirmerM_2016__G88838__bin.17.fa	/home/jshaw/scratch/2022_sketched_distance/references/SGB_genome_fastas_part3/4930/SchirmerM_2016__G89023__bin.6.fa	/home/jshaw/scratch/2022_sketched_distance/references/SGB_genome_fastas_part3/4930/SchirmerM_2016__G89030__bin.25.fa	/home/jshaw/scratch/2022_sketched_distance/references/SGB_genome_fastas_part3/4930/SchirmerM_2016__G89127__bin.19.fa	/home/jshaw/scratch/2022_sketched_distance/references/SGB_genome_fastas_part3/4930/VatanenT_2016__G80547__bin.9.fa	/home/jshaw/scratch/2022_sketched_distance/references/SGB_genome_fastas_part3/4930/ZeeviD_2015__PNP_Main_114__bin.9.fa	/home/jshaw/scratch/2022_sketched_distance/references/SGB_genome_fastas_part3/4930/ZeeviD_2015__PNP_Main_160__bin.36.fa	/home/jshaw/scratch/2022_sketched_distance/references/SGB_genome_fastas_part3/4930/ZeeviD_2015__PNP_Main_165__bin.9.fa	/home/jshaw/scratch/2022_sketched_distance/references/SGB_genome_fastas_part3/4930/ZeeviD_2015__PNP_Main_297__bin.51.fa	/home/jshaw/scratch/2022_sketched_distance/references/SGB_genome_fastas_part3/4930/ZeeviD_2015__PNP_Main_303__bin.2.fa	/home/jshaw/scratch/2022_sketched_distance/references/SGB_genome_fastas_part3/4930/ZeeviD_2015__PNP_Main_329__bin.14.fa	/home/jshaw/scratch/2022_sketched_distance/references/SGB_genome_fastas_part3/4930/ZeeviD_2015__PNP_Main_332__bin.16.fa	/home/jshaw/scratch/2022_sketched_distance/references/SGB_genome_fastas_part3/4930/ZeeviD_2015__PNP_Main_366__bin.36.fa	/home/jshaw/scratch/2022_sketched_distance/references/SGB_genome_fastas_part3/4930/ZeeviD_2015__PNP_Main_399__bin.40.fa	/home/jshaw/scratch/2022_sketched_distance/references/SGB_genome_fastas_part3/4930/ZeeviD_2015__PNP_Main_547__bin.17.fa	/home/jshaw/scratch/2022_sketched_distance/references/SGB_genome_fastas_part3/4930/ZeeviD_2015__PNP_Main_554__bin.3.fa	/home/jshaw/scratch/2022_sketched_distance/references/SGB_genome_fastas_part3/4930/ZeeviD_2015__PNP_Main_673__bin.15.fa	/home/jshaw/scratch/2022_sketched_distance/references/SGB_genome_fastas_part3/4930/ZeeviD_2015__PNP_Validation_42__bin.95.fa	/home/jshaw/scratch/2022_sketched_distance/references/SGB_genome_fastas_part3/4930/ZeeviD_2015__PNP_Validation_77__bin.59.fa	/home/jshaw/scratch/2022_sketched_distance/references/SGB_genome_fastas_part3/4930/ZellerG_2014__CCIS35092938ST-4-0__bin.32.fa	/home/jshaw/scratch/2022_sketched_distance/references/SGB_genome_fastas_part3/4930/ZellerG_2014__CCMD46947453ST-21-0__bin.36.fa
1.0	0.9860331316361295	0.9881732866364588	0.980884205962164	0.9804109502577228	0.9862829590383706	0.9831407702613114	0.9853783318242293	0.976110257477967	0.9798676873937986	0.9849659298540611	0.9854783834926745	0.9832670359756575	0.9779798425182833	0.9874400042977699	0.9861127939581278	0.9879210074135738	0.984720116115688	0.9734108522762911	0.9831630680414567	0.98436290341364	0.988018163789979	0.9840229446370706	0.9717261371777355	0.9856256563429152	0.9877885813144051	0.9814030024467973	0.9881750736051919	0.9842211676890561	0.9709431764412192	0.9884618246403981	0.9844928146573967	0.9796624531864563	0.9811215160076461	0.9868432789965657	0.9877218758900373	0.9830925564218368	0.9851291174849188	0.9799936985169816	0.9828730502951847	0.983508556231854	0.9878915009829324	0.985993800907057	0.9842863626892443
0.9860331316361295	1.0	0.986381705726349	0.9795235065814006	0.9800031871462387	0.9895383116424953	0.9849969265087862	0.9843237460778544	0.9715647634553741	0.9782228790950451	0.9827976588881792	0.9819520013354993	0.9813416574895395	0.9797648334920539	0.9853275541971515	0.9856360735116451	0.9850369531380705	0.9795767082938717	0.9711487314467319	0.9824308847719189	0.9843361344161105	0.9844538602215337	0.979572864693998	0.9720881451301172	0.9822922243739556	0.9846921382209796	0.9776453077493011	0.9834809986971261	0.9840764087329368	0.9689252660061463	0.9858148853161963	0.9830983848763213	0.9799288817948817	0.9784019464695232	0.9860803147894924	0.9853621183684552	0.9822664779640791	0.981315765555168	0.9819106721497685	0.9818988658700248	0.9842714177455255	0.9848853653361157	0.981939984476925	0.9841614503011252
0.9881732866364588	0.986381705726349	1.0	0.9908948250201735	0.9802788007392785	0.9860791552906365	0.9830577509650478	0.9847293406162108	0.9741186609888265	0.9802246631737174	0.9842948322407616	0.9838177798729144	0.9827663929234433	0.977307122701024	0.9880070415761272	0.9856121810532261	0.9881699222392899	0.9824305289422609	0.9734914500383194	0.9834479452867764	0.9854349844050956	0.9866511825984265	0.9826007039187002	0.9738862059679466	0.984308706258644	0.9868580609733368	0.9798273717652226	0.9854870076638569	0.9840377787756129	0.9702573219667303	0.9870385205762394	0.9849397708667639	0.9799951889754503	0.980360626046932	0.9870865463138951	0.9870501098883221	0.9833104284375965	0.9836637831022396	0.9815824007657565	0.9818914857669063	0.9839400897813627	0.9871689823599138	0.9842848060881033	0.9846937369892516
0.980884205962164	0.9795235065814006	0.9908948250201735	1.0	0.9736383567363642	0.9791732020739131	0.9770282481765097	0.9779384581636685	0.9683827602219512	0.9738175787255385	0.9774726434989423	0.9765329369863033	0.9763835024733163	0.9711119050642637	0.9813642056235098	0.9788195715750694	0.9812823837896074	0.9750099445685899	0.9681720103805032	0.9768690799309672	0.9790104837547176	0.9800059711948953	0.9750564288710722	0.9676011976818749	0.9768716010545396	0.9796677179366244	0.9715655736409026	0.9787235065556921	0.9772502061257077	0.9656368661562537	0.9810518444051606	0.978450455859236	0.9746189470887185	0.9741271401311307	0.9804108153899417	0.9796567356525175	0.9773277199221535	0.9759310310137121	0.9753199475198893	0.9749655610502682	0.9779035996231604	0.9800837043198175	0.9774220408071729	0.9784036414638951
0.9804109502577228	0.9800031871462387	0.9802788007392785	0.9736383567363642	1.0	0.9800943156298101	0.978350039885055	0.9781055130572102	0.9672018011726506	0.9742397200388712	0.9786229784655227	0.97743069182984	0.9761728224683177	0.9844735558067673	0.979790280939202	0.9805660573539525	0.9794315343804485	0.9751049193089605	0.9671567541629641	0.9773959894463284	0.977454117338233	0.9788506197655846	0.9742324078812156	0.9727155409340577	0.9781817743821821	0.979667879182071	0.9720400375124214	0.9779084910730581	0.9777212038872479	0.9634245963084211	0.9797916190587066	0.9777714543945529	0.9745299233210062	0.9737219439597835	0.980312848935668	0.9804793872169313	0.9771069163726054	0.975778912002795	0.9740476507829906	0.9758880822816491	0.9765533394982748	0.9801888759029532	0.9775093092269306	0.9787881373578666
0.9862829590383706	0.9895383116424953	0.9860791552906365	0.9791732020739131	0.9800943156298101	1.0	0.9844391343913745	0.9823846711774029	0.972876413927333	0.9790281988673738	0.982866901597161	0.9823772291818995	0.9822232659619159	0.9779975808624123	0.9854339691989932	0.9856578942654884	0.9850878733465533	0.9805080349031854	0.9722262545427278	0.9813016746684543	0.98405787203092	0.9855276024932673	0.9799732942388673	0.9712598817938878	0.9828389299037794	0.9850670445335111	0.9788782626170781	0.984279975512655	0.982391075387985	0.9688965896482536	0.985296964693441	0.9829646015653087	0.9782016887035636	0.9790632119458336	0.985232364140477	0.9855768301883795	0.9816368185709098	0.9821566837762761	0.9795974625689025	0.9812688644943672	0.9829718348976789	0.9866551384432436	0.9831543342779135	0.9828847004782242
0.9831407702613114	0.9849969265087862	0.9830577509650478	0.9770282481765097	0.978350039885055	0.9844391343913745	1.0	0.9821834808001842	0.9702473759803487	0.9774422207212397	0.9804686538446213	0.9796557483353983	0.9797143581561129	0.9779448847284997	0.9825009985384664	0.9827986601192281	0.9823161382039812	0.9770830130229071	0.9707330367034239	0.9789856370770627	0.9824384478593639	0.981595677459129	0.9758694494247621	0.971608145754024	0.9787363399809946	0.981695648128954	0.9738805626232201	0.9801106936051844	0.9818152704352022	0.9669104413710159	0.9821407212941912	0.9811831553400493	0.9783486631677328	0.9766969301248373	0.9835912670750465	0.9828512772672746	0.9810072920404098	0.9776687772063816	0.9798839902579809	0.9791393358320692	0.9809789994365479	0.9829856160112732	0.9795249840968303	0.9832895663700815
0.9853783318242293	0.9843237460778544	0.9847293406162108	0.9779384581636685	0.9781055130572102	0.9823846711774029	0.9821834808001842	1.0	0.9727343192636081	0.9778401633597225	0.9827552637368167	0.9824687662477725	0.9801474032688727	0.9777472256442723	0.9839791665338353	0.9830986952506101	0.9839751834046017	0.978529435916402	0.9713172007671916	0.980575903794567	0.9828364408802447	0.9834592277671785	0.978604250352795	0.970007044031695	0.9810783389381622	0.9838251785485652	0.9763722778070887	0.982170672706802	0.9829540147716423	0.9673049860396529	0.9828399680714396	0.9821588224226114	0.9794410247558228	0.9777102897843503	0.9847143989054561	0.9840626550255693	0.9812470065318915	0.9794223500903808	0.9797637315646048	0.9813124059586362	0.9825660618479352	0.9838149930610788	0.9810868009900097	0.983217776550178
0.976110257477967	0.9715647634553741	0.9741186609888265	0.9683827602219512	0.9672018011726506	0.972876413927333	0.9702473759803487	0.9727343192636081	1.0	0.9645751753304153	0.9730570772016633	0.9722663784986861	0.9673390826995992	0.9663549300275537	0.9742430849250555	0.9717334861022645	0.973775151009708	0.9677595402649056	0.9577737636708944	0.9684610294060872	0.9700736428676648	0.9745371533841569	0.9682425430672589	0.9573852646282907	0.9696935400666667	0.9731449061392212	0.9638677453983876	0.9739789790694469	0.9693113807478868	0.9777985410106629	0.974063822052924	0.9712629436538424	0.9655400425262101	0.9666065092412346	0.9732184689054887	0.9740471648738595	0.9691369388092865	0.9691795696436794	0.9660373984861784	0.9689647907133746	0.9694024601737219	0.9753558006598506	0.9689918333083449	0.9724395128415819
0.9798676873937986	0.9782228790950451	0.9802246631737174	0.9738175787255385	0.9742397200388712	0.9790281988673738	0.9774422207212397	0.9778401633597225	0.9645751753304153	1.0	0.979844382659367	0.9781973457049022	0.9756584376098425	0.9734786000986068	0.9796955606939735	0.9787290746440027	0.9790141405986543	0.973739814456533	0.9682798968457439	0.975207849427693	0.9775116796532873	0.9779111574596363	0.9732331938417833	0.9673519621398426	0.9761381590658056	0.9779477670799852	0.9714962458002554	0.9772421625817044	0.9762925501897864	0.961869516998591	0.9777780528267895	0.9774503730521137	0.9735934762227036	0.973253047876728	0.978616702389033	0.978540824625831	0.9765679877569668	0.9744664632759819	0.9739374058366861	0.9753486582296277	0.9751480694255634	0.9797779187792958	0.9765087859504175	0.9784799208381876
0.9849659298540611	0.9827976588881792	0.9842948322407616	0.9774726434989423	0.9786229784655227	0.982866901597161	0.9804686538446213	0.9827552637368167	0.9730570772016633	0.979844382659367	1.0	0.9843161488433728	0.9801206591928798	0.9765580566347865	0.9836159933662825	0.9822017389891845	0.9832700316096478	0.9792378874717256	0.9716182201645951	0.9795114706681537	0.981022758178586	0.9834440082201169	0.9786344595603025	0.9697978749453006	0.9812677709373765	0.9830873300787347	0.9763960196919488	0.9820025185248633	0.9801437120923754	0.9668156655821586	0.9831583068944844	0.9802259271179081	0.9762272289413212	0.977547099046096	0.9827096819877512	0.9828799109772146	0.9799805940369111	0.9803278203766551	0.9772626557576957	0.9801086719227741	0.979912408909387	0.9832384673443112	0.9808755022023472	0.9808428632496423
0.9854783834926745	0.9819520013354993	0.9838177798729144	0.9765329369863033	0.97743069182984	0.9823772291818995	0.9796557483353983	0.9824687662477725	0.9722663784986861	0.9781973457049022	0.9843161488433728	1.0	0.979215635448369	0.9758839921225595	0.983243750964118	0.9824304992771411	0.9832689958660297	0.9807913192695534	0.9698107670455637	0.9792351791983075	0.9800172536100304	0.9840924336556178	0.9802665141605297	0.9686577552529505	0.9814094020376829	0.9839273347041461	0.9774686691547195	0.9833134703722302	0.9806350965808647	0.9654383521893074	0.9836021996928619	0.9800708324659907	0.9755532156839319	0.9773779996236954	0.9823899595855443	0.983173500716259	0.978705038972953	0.9815516458804394	0.9763752676167278	0.978939469489427	0.9795223972682133	0.9840174134017714	0.9814518814482117	0.980134498059202
0.9832670359756575	0.9813416574895395	0.9827663929234433	0.9763835024733163	0.9761728224683177	0.9822232659619159	0.9797143581561129	0.9801474032688727	0.9673390826995992	0.9756584376098425	0.9801206591928798	0.979215635448369	1.0	0.9738776016728857	0.983660452598241	0.9819915354154413	0.9830945547310146	0.9787119716571622	0.9717778497677386	0.9794714314242631	0.9814499927978712	0.9833899625467211	0.9783601422490632	0.9689792784828148	0.9811682722289063	0.9836510402837688	0.9772539641771575	0.9823428182402842	0.9797151962331601	0.9660213772270866	0.9822679225424414	0.9809332284654623	0.9775585572611939	0.9772882274692216	0.9828028758851406	0.9832149277913381	0.9802762278339686	0.9792785311478097	0.9782881860874648	0.9778623127338464	0.9799533929171633	0.9828753913391715	0.9811876551773463	0.9811414068032109
0.9779798425182833	0.9797648334920539	0.977307122701024	0.9711119050642637	0.9844735558067673	0.9779975808624123	0.9779448847284997	0.9777472256442723	0.9663549300275537	0.9734786000986068	0.9765580566347865	0.9758839921225595	0.9738776016728857	1.0	0.9768077446326493	0.9788991609352183	0.9771784631126782	0.9724594383502877	0.964888372498016	0.9753721476014874	0.976284547597955	0.9757923423722893	0.9707233241817792	0.9725531590538002	0.975092376076728	0.9767225824577519	0.9691857811060449	0.97483707061763	0.9777133313713386	0.9626842584056678	0.9768908951996716	0.9766131353094516	0.9756015144335085	0.9716535124655444	0.9797660250296608	0.9785818582925658	0.9756972871366074	0.9727541592910021	0.9742826790012532	0.9747922934917443	0.9761681952353548	0.9777592627676374	0.9748789412141854	0.9784172262322705
0.9874400042977699	0.9853275541971515	0.9880070415761272	0.9813642056235098	0.979790280939202	0.9854339691989932	0.9825009985384664	0.9839791665338353	0.9742430849250555	0.9796955606939735	0.9836159933662825	0.983243750964118	0.983660452598241	0.9768077446326493	1.0	0.985869957748063	0.9873638571172229	0.9828222220990672	0.9739147806962309	0.9835617523899992	0.9844758469015364	0.9875955747758765	0.9822100850942512	0.9718191016962521	0.9847560025314062	0.9877288191854219	0.9809780907000214	0.9863979971174407	0.9842327977550044	0.9715995911192431	0.9884949294807109	0.9849931138176221	0.9799154926693587	0.9808632451876672	0.9869820833223457	0.9881018389330636	0.9840879290867987	0.9837544563676592	0.9820892994802097	0.982083247563621	0.9841118066600439	0.9870056455892898	0.9846007759978838	0.9848497755463865
0.9861127939581278	0.9856360735116451	0.9856121810532261	0.9788195715750694	0.9805660573539525	0.9856578942654884	0.9827986601192281	0.9830986952506101	0.9717334861022645	0.9787290746440027	0.9822017389891845	0.9824304992771411	0.9819915354154413	0.9788991609352183	0.985869957748063	1.0	0.9849506160603099	0.9804430744961181	0.9720627917033685	0.9841925193485241	0.9831015408113997	0.9852700757144408	0.9798205165916037	0.9734536711015942	0.9835280976159098	0.9854414159990038	0.9787944735409974	0.9843936779000471	0.9827128475975734	0.9686661265409385	0.9859739112705599	0.983522433870506	0.9791904993391584	0.9790989686141088	0.9860634279806839	0.9855910793010911	0.9824737546312451	0.981932935994226	0.9805301424337325	0.9813359107182049	0.9825377993297004	0.9854432446427749	0.9834659980749776	0.9843699194465341
0.9879210074135738	0.9850369531380705	0.9881699222392899	0.9812823837896074	0.9794315343804485	0.9850878733465533	0.9823161382039812	0.9839751834046017	0.973775151009708	0.9790141405986543	0.9832700316096478	0.9832689958660297	0.9830945547310146	0.9771784631126782	0.9873638571172229	0.9849506160603099	1.0	0.9823201860600576	0.9734905614861408	0.9817909594377247	0.9851158129758113	0.9865516641760407	0.9816378431745667	0.9715228652725759	0.9840531607368213	0.9867791936146392	0.9795250758687243	0.9849136907446392	0.9836417341417534	0.9704835013961536	0.9859924153500667	0.9843106034696766	0.9802724459407828	0.9801509600932197	0.9866173683518363	0.9865354552458455	0.9834733788890899	0.9829765867756378	0.9807263718478486	0.9813641812985084	0.9837177525305927	0.9867670009745201	0.9843950847390088	0.9848511435195262
0.984720116115688	0.9795767082938717	0.9824305289422609	0.9750099445685899	0.9751049193089605	0.9805080349031854	0.9770830130229071	0.978529435916402	0.9677595402649056	0.973739814456533	0.9792378874717256	0.9807913192695534	0.9787119716571622	0.9724594383502877	0.9828222220990672	0.9804430744961181	0.9823201860600576	1.0	0.9690225521452601	0.9788931785856295	0.9795653106329272	0.9849545879217187	0.9809606755928383	0.9660368782134896	0.9830489611774365	0.9831277603318814	0.979527823795481	0.984157929366082	0.980050725656286	0.9636118480487447	0.9834535050429661	0.9788706825579142	0.9743878466772413	0.9763106369279703	0.9817355495116491	0.9832143622096284	0.9777518466263323	0.981736053421562	0.9750203068305381	0.9767957987855709	0.9776241548453963	0.9823734410104951	0.9822751955042961	0.9790508189349404
0.9734108522762911	0.9711487314467319	0.9734914500383194	0.9681720103805032	0.9671567541629641	0.9722262545427278	0.9707330367034239	0.9713172007671916	0.9577737636708944	0.9682798968457439	0.9716182201645951	0.9698107670455637	0.9717778497677386	0.964888372498016	0.9739147806962309	0.9720627917033685	0.9734905614861408	0.9690225521452601	1.0	0.9702078978542215	0.9772218299594339	0.9764310707830961	0.9672186422180215	0.962009904124719	0.9714102307886081	0.9740514364454339	0.9673037320161867	0.9713410990776736	0.9709086468121124	0.9579343214721802	0.9723691007537396	0.9721369323820854	0.9691031180362214	0.9714923207909423	0.9746367993932001	0.9730045106529842	0.9726717803019512	0.9698264219558126	0.969483975282032	0.9690029961146145	0.9707281126617802	0.9735636380626117	0.9718316634440628	0.9721297066814159
0.9831630680414567	0.9824308847719189	0.9834479452867764	0.9768690799309672	0.9773959894463284	0.9813016746684543	0.9789856370770627	0.980575903794567	0.9684610294060872	0.975207849427693	0.9795114706681537	0.9792351791983075	0.9794714314242631	0.9753721476014874	0.9835617523899992	0.9841925193485241	0.9817909594377247	0.9788931785856295	0.9702078978542215	1.0	0.9803345842456608	0.9828863978249526	0.9783939637114193	0.9714406354636549	0.9817186416531737	0.9829488392358964	0.9760394465422144	0.982195224692276	0.9816508793270573	0.9651192756705252	0.9835634655614911	0.9802019188266046	0.9772849068776147	0.9765125483370495	0.9835956705476634	0.9835098376698216	0.9799597362512026	0.9805516649151	0.9789511953852864	0.9782988928238203	0.9808212593326483	0.9830657613471574	0.9811318085920004	0.9808143824232697
0.98436290341364	0.9843361344161105	0.9854349844050956	0.9790104837547176	0.977454117338233	0.98405787203092	0.9824384478593639	0.9828364408802447	0.9700736428676648	0.9775116796532873	0.981022758178586	0.9800172536100304	0.9814499927978712	0.976284547597955	0.9844758469015364	0.9831015408113997	0.9851158129758113	0.9795653106329272	0.9772218299594339	0.9803345842456608	1.0	0.9906493974505093	0.978142099031722	0.9722657457272567	0.9816731273521667	0.9841766314128249	0.9782814570859855	0.9821972410101087	0.9826702773847136	0.9686174768399495	0.9833951420006597	0.9835976352583443	0.9804385269386343	0.9811457501855689	0.9862734612354505	0.9846667578932075	0.9827639818907865	0.980468202280832	0.9808211262405175	0.9796269288678955	0.9830254995346714	0.9848874178114155	0.9815418372333541	0.9844025337821034
0.988018163789979	0.9844538602215337	0.9866511825984265	0.9800059711948953	0.9788506197655846	0.9855276024932673	0.981595677459129	0.9834592277671785	0.9745371533841569	0.9779111574596363	0.9834440082201169	0.9840924336556178	0.9833899625467211	0.9757923423722893	0.9875955747758765	0.9852700757144408	0.9865516641760407	0.9849545879217187	0.9764310707830961	0.9828863978249526	0.9906493974505093	1.0	0.9842315026674094	0.9698492302496446	0.9863157397418304	0.9876898421572821	0.9822333285509187	0.9873151586710786	0.9833848902786047	0.9698257226469462	0.9875195010853867	0.9834933350829494	0.978859382402818	0.9835096857088805	0.9859167848046856	0.9871065436520264	0.9822211241288222	0.9855059641847197	0.9800572858682447	0.9814215895426368	0.9831145060888064	0.9866823884416815	0.9855888087731763	0.9833624984745921
0.9840229446370706	0.979572864693998	0.9826007039187002	0.9750564288710722	0.9742324078812156	0.9799732942388673	0.9758694494247621	0.978604250352795	0.9682425430672589	0.9732331938417833	0.9786344595603025	0.9802665141605297	0.9783601422490632	0.9707233241817792	0.9822100850942512	0.9798205165916037	0.9816378431745667	0.9809606755928383	0.9672186422180215	0.9783939637114193	0.978142099031722	0.9842315026674094	1.0	0.9649257569502866	0.9824922468593502	0.9826317133457005	0.9800504499837923	0.9847697865183007	0.9779298172014901	0.9632466043217179	0.9824249671368157	0.9777712521276024	0.9723523743833293	0.9751272835886867	0.9799438179779296	0.9822418705617861	0.976488420557712	0.9813286383766628	0.9739879237646639	0.976629523434448	0.9772961480812892	0.9808249018712154	0.9818398631811246	0.9781261072261958
0.9717261371777355	0.9720881451301172	0.9738862059679466	0.9676011976818749	0.9727155409340577	0.9712598817938878	0.971608145754024	0.970007044031695	0.9573852646282907	0.9673519621398426	0.9697978749453006	0.9686577552529505	0.9689792784828148	0.9725531590538002	0.9718191016962521	0.9734536711015942	0.9715228652725759	0.9660368782134896	0.962009904124719	0.9714406354636549	0.9722657457272567	0.9698492302496446	0.9649257569502866	1.0	0.9684886481081945	0.9713874719136081	0.963746149374312	0.9688020366617036	0.9709491398830356	0.9581180846347466	0.9712452169037423	0.9713107506448363	0.9687191663729872	0.966460654456649	0.9728703767627251	0.9724530214182597	0.9709833973884515	0.966633748923994	0.9691026137642176	0.9681727545373514	0.9685406866438464	0.9725462984302566	0.9686979272530689	0.9718010545123941
0.9856256563429152	0.9822922243739556	0.984308706258644	0.9768716010545396	0.9781817743821821	0.9828389299037794	0.9787363399809946	0.9810783389381622	0.9696935400666667	0.9761381590658056	0.9812677709373765	0.9814094020376829	0.9811682722289063	0.975092376076728	0.9847560025314062	0.9835280976159098	0.9840531607368213	0.9830489611774365	0.9714102307886081	0.9817186416531737	0.9816731273521667	0.9863157397418304	0.9824922468593502	0.9684886481081945	1.0	0.9859839471644976	0.9824620165636108	0.986648944803538	0.9814312557035253	0.9663155245358682	0.9852056594938647	0.9818992539444484	0.9770318428149167	0.9780174872297914	0.9843304082308161	0.9854820453248933	0.9808315479194455	0.9838761056083397	0.9771798916735064	0.9791003049031339	0.9803703432671814	0.9844569470938094	0.9835674907492516	0.9814859647707005
0.9877885813144051	0.9846921382209796	0.9868580609733368	0.9796677179366244	0.979667879182071	0.9850670445335111	0.981695648128954	0.9838251785485652	0.9731449061392212	0.9779477670799852	0.9830873300787347	0.9839273347041461	0.9836510402837688	0.9767225824577519	0.9877288191854219	0.9854414159990038	0.9867791936146392	0.9831277603318814	0.9740514364454339	0.9829488392358964	0.9841766314128249	0.9876898421572821	0.9826317133457005	0.9713874719136081	0.9859839471644976	1.0	0.9861323492133437	0.9865249397046422	0.9836628803932875	0.9724470857522811	0.9869985992734167	0.9843440793209827	0.97983888266637	0.9806085748566126	0.986684589127546	0.9876778894813036	0.9827967468094209	0.9866021686262436	0.9805856793397577	0.9814559210144602	0.9829169794016566	0.9867136761102885	0.984846867968242	0.98362606097924
0.9814030024467973	0.9776453077493011	0.9798273717652226	0.9715655736409026	0.9720400375124214	0.9788782626170781	0.9738805626232201	0.9763722778070887	0.9638677453983876	0.9714962458002554	0.9763960196919488	0.9774686691547195	0.9772539641771575	0.9691857811060449	0.9809780907000214	0.9787944735409974	0.9795250758687243	0.979527823795481	0.9673037320161867	0.9760394465422144	0.9782814570859855	0.9822333285509187	0.9800504499837923	0.963746149374312	0.9824620165636108	0.9861323492133437	1.0	0.9822062874033634	0.9774334425697532	0.96087248688822	0.9806999660093423	0.9765415070620292	0.9722294899384353	0.9739310641664217	0.9789053974856223	0.9803477697574544	0.9756019207816766	0.9815693462081012	0.9736615898252144	0.9750631859659729	0.9770465498843591	0.9799579806398552	0.979393173269654	0.9767097416041745
0.9881750736051919	0.9834809986971261	0.9854870076638569	0.9787235065556921	0.9779084910730581	0.984279975512655	0.9801106936051844	0.982170672706802	0.9739789790694469	0.9772421625817044	0.9820025185248633	0.9833134703722302	0.9823428182402842	0.97483707061763	0.9863979971174407	0.9843936779000471	0.9849136907446392	0.984157929366082	0.9713410990776736	0.982195224692276	0.9821972410101087	0.9873151586710786	0.9847697865183007	0.9688020366617036	0.986648944803538	0.9865249397046422	0.9822062874033634	1.0	0.982378390108018	0.9688751827791142	0.9869825490926167	0.9823735631096017	0.977317273314853	0.9787578469831545	0.9845265551309829	0.9858467777920324	0.981001653537789	0.9841288564557247	0.978226940537634	0.9800442732318625	0.9817953976056906	0.9849543455754657	0.9862474849494095	0.9825880311954682
0.9842211676890561	0.9840764087329368	0.9840377787756129	0.9772502061257077	0.9777212038872479	0.982391075387985	0.9818152704352022	0.9829540147716423	0.9693113807478868	0.9762925501897864	0.9801437120923754	0.9806350965808647	0.9797151962331601	0.9777133313713386	0.9842327977550044	0.9827128475975734	0.9836417341417534	0.980050725656286	0.9709086468121124	0.9816508793270573	0.9826702773847136	0.9833848902786047	0.9779298172014901	0.9709491398830356	0.9814312557035253	0.9836628803932875	0.9774334425697532	0.982378390108018	1.0	0.9668805734412693	0.9842403235383125	0.9833173520454305	0.9804389751782548	0.9782750380039069	0.9862182460684006	0.9853403020563741	0.9817797274551792	0.980568331033436	0.9813471799741016	0.9800306015619074	0.9834076674485324	0.9845747978799915	0.9811478400347782	0.9837317552941969
0.9709431764412192	0.9689252660061463	0.9702573219667303	0.9656368661562537	0.9634245963084211	0.9688965896482536	0.9669104413710159	0.9673049860396529	0.9777985410106629	0.961869516998591	0.9668156655821586	0.9654383521893074	0.9660213772270866	0.9626842584056678	0.9715995911192431	0.9686661265409385	0.9704835013961536	0.9636118480487447	0.9579343214721802	0.9651192756705252	0.9686174768399495	0.9698257226469462	0.9632466043217179	0.9581180846347466	0.9663155245358682	0.9724470857522811	0.96087248688822	0.9688751827791142	0.9668805734412693	1.0	0.970679897605298	0.969641505874924	0.9648951448181833	0.9641869901054733	0.9710497899094446	0.9712934887684104	0.9685404828434074	0.9674417021845124	0.9646423736975955	0.9656751784763716	0.9665310889323002	0.9713296230726327	0.9652204498592989	0.9692356000103826
0.9884618246403981	0.9858148853161963	0.9870385205762394	0.9810518444051606	0.9797916190587066	0.985296964693441	0.9821407212941912	0.9828399680714396	0.974063822052924	0.9777780528267895	0.9831583068944844	0.9836021996928619	0.9822679225424414	0.9768908951996716	0.9884949294807109	0.9859739112705599	0.9859924153500667	0.9834535050429661	0.9723691007537396	0.9835634655614911	0.9833951420006597	0.9875195010853867	0.9824249671368157	0.9712452169037423	0.9852056594938647	0.9869985992734167	0.9806999660093423	0.9869825490926167	0.9842403235383125	0.970679897605298	1.0	0.98470661294917	0.9794934004344031	0.9807209279213888	0.9874379064922298	0.9880716258226411	0.9829839777900587	0.9850665870410579	0.9822268075281267	0.9813704528076622	0.9849492526613632	0.9870719650497384	0.9846149010740299	0.9837804238366041
0.9844928146573967	0.9830983848763213	0.9849397708667639	0.978450455859236	0.9777714543945529	0.9829646015653087	0.9811831553400493	0.9821588224226114	0.9712629436538424	0.9774503730521137	0.9802259271179081	0.9800708324659907	0.9809332284654623	0.9766131353094516	0.9849931138176221	0.983522433870506	0.9843106034696766	0.9788706825579142	0.9721369323820854	0.9802019188266046	0.9835976352583443	0.9834933350829494	0.9777712521276024	0.9713107506448363	0.9818992539444484	0.9843440793209827	0.9765415070620292	0.9823735631096017	0.9833173520454305	0.969641505874924	0.98470661294917	1.0	0.9801790093085435	0.9788426799727242	0.9868939643757215	0.9852163244431615	0.982319293841696	0.9804075257916066	0.9813345968861975	0.9799769174613479	0.9823836385696169	0.985809024880836	0.9814861147126012	0.9841528501279536
0.9796624531864563	0.9799288817948817	0.9799951889754503	0.9746189470887185	0.9745299233210062	0.9782016887035636	0.9783486631677328	0.9794410247558228	0.9655400425262101	0.9735934762227036	0.9762272289413212	0.9755532156839319	0.9775585572611939	0.9756015144335085	0.9799154926693587	0.9791904993391584	0.9802724459407828	0.9743878466772413	0.9691031180362214	0.9772849068776147	0.9804385269386343	0.978859382402818	0.9723523743833293	0.9687191663729872	0.9770318428149167	0.97983888266637	0.9722294899384353	0.977317273314853	0.9804389751782548	0.9648951448181833	0.9794934004344031	0.9801790093085435	1.0	0.9750321049366005	0.983179302123545	0.9807077381571697	0.9787884895465796	0.9756375785461381	0.9773943444860346	0.9762859003951232	0.9795749826992998	0.980620941341677	0.9771533763880447	0.9821411007736055
0.9811215160076461	0.9784019464695232	0.980360626046932	0.9741271401311307	0.9737219439597835	0.9790632119458336	0.9766969301248373	0.9777102897843503	0.9666065092412346	0.973253047876728	0.977547099046096	0.9773779996236954	0.9772882274692216	0.9716535124655444	0.9808632451876672	0.9790989686141088	0.9801509600932197	0.9763106369279703	0.9714923207909423	0.9765125483370495	0.9811457501855689	0.9835096857088805	0.9751272835886867	0.966460654456649	0.9780174872297914	0.9806085748566126	0.9739310641664217	0.9787578469831545	0.9782750380039069	0.9641869901054733	0.9807209279213888	0.9788426799727242	0.9750321049366005	1.0	0.9813011198497213	0.9806749603608975	0.9778838313289944	0.9775023196128388	0.9757711410762486	0.97587987323465	0.9781833465493752	0.9807584152722058	0.978688617973944	0.9785039240831889
0.9868432789965657	0.9860803147894924	0.9870865463138951	0.9804108153899417	0.980312848935668	0.985232364140477	0.9835912670750465	0.9847143989054561	0.9732184689054887	0.978616702389033	0.9827096819877512	0.9823899595855443	0.9828028758851406	0.9797660250296608	0.9869820833223457	0.9860634279806839	0.9866173683518363	0.9817355495116491	0.9746367993932001	0.9835956705476634	0.9862734612354505	0.9859167848046856	0.9799438179779296	0.9728703767627251	0.9843304082308161	0.986684589127546	0.9789053974856223	0.9845265551309829	0.9862182460684006	0.9710497899094446	0.9874379064922298	0.9868939643757215	0.983179302123545	0.9813011198497213	1.0	0.9894678783637898	0.9846139095445174	0.9837815525445555	0.9826484060519597	0.9829131704745071	0.9855178089575408	0.9872033508877573	0.9841491674202157	0.9868947975652402
0.9877218758900373	0.9853621183684552	0.9870501098883221	0.9796567356525175	0.9804793872169313	0.9855768301883795	0.9828512772672746	0.9840626550255693	0.9740471648738595	0.978540824625831	0.9828799109772146	0.983173500716259	0.9832149277913381	0.9785818582925658	0.9881018389330636	0.9855910793010911	0.9865354552458455	0.9832143622096284	0.9730045106529842	0.9835098376698216	0.9846667578932075	0.9871065436520264	0.9822418705617861	0.9724530214182597	0.9854820453248933	0.9876778894813036	0.9803477697574544	0.9858467777920324	0.9853403020563741	0.9712934887684104	0.9880716258226411	0.9852163244431615	0.9807077381571697	0.9806749603608975	0.9894678783637898	1.0	0.9842031775978719	0.9846581579509192	0.9821627590011862	0.9831997835323725	0.984317100443877	0.987972443164628	0.9844177501153922	0.9853762865501883
0.9830925564218368	0.9822664779640791	0.9833104284375965	0.9773277199221535	0.9771069163726054	0.9816368185709098	0.9810072920404098	0.9812470065318915	0.9691369388092865	0.9765679877569668	0.9799805940369111	0.978705038972953	0.9802762278339686	0.9756972871366074	0.9840879290867987	0.9824737546312451	0.9834733788890899	0.9777518466263323	0.9726717803019512	0.9799597362512026	0.9827639818907865	0.9822211241288222	0.976488420557712	0.9709833973884515	0.9808315479194455	0.9827967468094209	0.9756019207816766	0.981001653537789	0.9817797274551792	0.9685404828434074	0.9829839777900587	0.982319293841696	0.9787884895465796	0.9778838313289944	0.9846139095445174	0.9842031775978719	1.0	0.9790246657844651	0.9795780226494213	0.978733041498146	0.981108794254512	0.9835385805034871	0.9803959296364873	0.9832312025578482
0.9851291174849188	0.981315765555168	0.9836637831022396	0.9759310310137121	0.975778912002795	0.9821566837762761	0.9776687772063816	0.9794223500903808	0.9691795696436794	0.9744664632759819	0.9803278203766551	0.9815516458804394	0.9792785311478097	0.9727541592910021	0.9837544563676592	0.981932935994226	0.9829765867756378	0.981736053421562	0.9698264219558126	0.9805516649151	0.980468202280832	0.9855059641847197	0.9813286383766628	0.966633748923994	0.9838761056083397	0.9866021686262436	0.9815693462081012	0.9841288564557247	0.980568331033436	0.9674417021845124	0.9850665870410579	0.9804075257916066	0.9756375785461381	0.9775023196128388	0.9837815525445555	0.9846581579509192	0.9790246657844651	1.0	0.976542442219429	0.978302550965424	0.9798579759525382	0.9837392143206309	0.9820952921779746	0.9797749058816863
0.9799936985169816	0.9819106721497685	0.9815824007657565	0.9753199475198893	0.9740476507829906	0.9795974625689025	0.9798839902579809	0.9797637315646048	0.9660373984861784	0.9739374058366861	0.9772626557576957	0.9763752676167278	0.9782881860874648	0.9742826790012532	0.9820892994802097	0.9805301424337325	0.9807263718478486	0.9750203068305381	0.969483975282032	0.9789511953852864	0.9808211262405175	0.9800572858682447	0.9739879237646639	0.9691026137642176	0.9771798916735064	0.9805856793397577	0.9736615898252144	0.978226940537634	0.9813471799741016	0.9646423736975955	0.9822268075281267	0.9813345968861975	0.9773943444860346	0.9757711410762486	0.9826484060519597	0.9821627590011862	0.9795780226494213	0.976542442219429	1.0	0.9775136578843047	0.9818781263441413	0.9810044638388926	0.9778159864926244	0.9818879854482232
0.9828730502951847	0.9818988658700248	0.9818914857669063	0.9749655610502682	0.9758880822816491	0.9812688644943672	0.9791393358320692	0.9813124059586362	0.9689647907133746	0.9753486582296277	0.9801086719227741	0.978939469489427	0.9778623127338464	0.9747922934917443	0.982083247563621	0.9813359107182049	0.9813641812985084	0.9767957987855709	0.9690029961146145	0.9782988928238203	0.9796269288678955	0.9814215895426368	0.976629523434448	0.9681727545373514	0.9791003049031339	0.9814559210144602	0.9750631859659729	0.9800442732318625	0.9800306015619074	0.9656751784763716	0.9813704528076622	0.9799769174613479	0.9762859003951232	0.97587987323465	0.9829131704745071	0.9831997835323725	0.978733041498146	0.978302550965424	0.9775136578843047	1.0	0.9795800165789689	0.9827557694082303	0.9785618435757741	0.980698619874343
0.983508556231854	0.9842714177455255	0.9839400897813627	0.9779035996231604	0.9765533394982748	0.9829718348976789	0.9809789994365479	0.9825660618479352	0.9694024601737219	0.9751480694255634	0.979912408909387	0.9795223972682133	0.9799533929171633	0.9761681952353548	0.9841118066600439	0.9825377993297004	0.9837177525305927	0.9776241548453963	0.9707281126617802	0.9808212593326483	0.9830254995346714	0.9831145060888064	0.9772961480812892	0.9685406866438464	0.9803703432671814	0.9829169794016566	0.9770465498843591	0.9817953976056906	0.9834076674485324	0.9665310889323002	0.9849492526613632	0.9823836385696169	0.9795749826992998	0.9781833465493752	0.9855178089575408	0.984317100443877	0.981108794254512	0.9798579759525382	0.9818781263441413	0.9795800165789689	1.0	0.9838518198125774	0.9809419773604892	0.9832310852075349
0.9878915009829324	0.9848853653361157	0.9871689823599138	0.9800837043198175	0.9801888759029532	0.9866551384432436	0.9829856160112732	0.9838149930610788	0.9753558006598506	0.9797779187792958	0.9832384673443112	0.9840174134017714	0.9828753913391715	0.9777592627676374	0.9870056455892898	0.9854432446427749	0.9867670009745201	0.9823734410104951	0.9735636380626117	0.9830657613471574	0.9848874178114155	0.9866823884416815	0.9808249018712154	0.9725462984302566	0.9844569470938094	0.9867136761102885	0.9799579806398552	0.9849543455754657	0.9845747978799915	0.9713296230726327	0.9870719650497384	0.985809024880836	0.980620941341677	0.9807584152722058	0.9872033508877573	0.987972443164628	0.9835385805034871	0.9837392143206309	0.9810044638388926	0.9827557694082303	0.9838518198125774	1.0	0.9847004011595464	0.9848110396420988
