/home/jshaw/scratch/2022_sketched_distance/references/SGB_genome_fastas_part3/4893/Bengtsson-PalmeJ_2015__TRAVELRES13__bin.28.fa	/home/jshaw/scratch/2022_sketched_distance/references/SGB_genome_fastas_part3/4893/Bengtsson-PalmeJ_2015__TRAVELRES30__bin.76.fa	/home/jshaw/scratch/2022_sketched_distance/references/SGB_genome_fastas_part3/4893/Bengtsson-PalmeJ_2015__TRAVELRES48__bin.115.fa	/home/jshaw/scratch/2022_sketched_distance/references/SGB_genome_fastas_part3/4893/Bengtsson-PalmeJ_2015__TRAVELRES63__bin.110.fa	/home/jshaw/scratch/2022_sketched_distance/references/SGB_genome_fastas_part3/4893/BritoIL_2016__W1.41.ST__bin.16.fa	/home/jshaw/scratch/2022_sketched_distance/references/SGB_genome_fastas_part3/4893/BritoIL_2016__W2.17.ST__bin.81.fa	/home/jshaw/scratch/2022_sketched_distance/references/SGB_genome_fastas_part3/4893/BritoIL_2016__W2.40.ST__bin.57.fa	/home/jshaw/scratch/2022_sketched_distance/references/SGB_genome_fastas_part3/4893/BritoIL_2016__W2.7.ST__bin.27.fa	/home/jshaw/scratch/2022_sketched_distance/references/SGB_genome_fastas_part3/4893/BritoIL_2016__W3.18.ST__bin.43.fa	/home/jshaw/scratch/2022_sketched_distance/references/SGB_genome_fastas_part3/4893/BritoIL_2016__WL.32.ST__bin.40.fa	/home/jshaw/scratch/2022_sketched_distance/references/SGB_genome_fastas_part3/4893/CM_madagascar__A75_02_1FE__bin.50.fa	/home/jshaw/scratch/2022_sketched_distance/references/SGB_genome_fastas_part3/4893/CM_madagascar__A83_02_1FE__bin.32.fa	/home/jshaw/scratch/2022_sketched_distance/references/SGB_genome_fastas_part3/4893/CosteaPI_2017__SID713A051-11-0-0__bin.58.fa	/home/jshaw/scratch/2022_sketched_distance/references/SGB_genome_fastas_part3/4893/CosteaPI_2017__SID713A051-11-90-0__bin.26.fa	/home/jshaw/scratch/2022_sketched_distance/references/SGB_genome_fastas_part3/4893/CosteaPI_2017__SID713A055-11-0-0__bin.88.fa	/home/jshaw/scratch/2022_sketched_distance/references/SGB_genome_fastas_part3/4893/CosteaPI_2017__SID713A056-11-0-0__bin.60.fa	/home/jshaw/scratch/2022_sketched_distance/references/SGB_genome_fastas_part3/4893/CosteaPI_2017__SID713A087-11-90-0__bin.4.fa	/home/jshaw/scratch/2022_sketched_distance/references/SGB_genome_fastas_part3/4893/CosteaPI_2017__SID713A089-11-90-0__bin.83.fa	/home/jshaw/scratch/2022_sketched_distance/references/SGB_genome_fastas_part3/4893/CosteaPI_2017__SID713B061-11-90-0__bin.66.fa	/home/jshaw/scratch/2022_sketched_distance/references/SGB_genome_fastas_part3/4893/CosteaPI_2017__SID713B066-11-0-0__bin.8.fa	/home/jshaw/scratch/2022_sketched_distance/references/SGB_genome_fastas_part3/4893/CosteaPI_2017__SID713B066-11-90-0__bin.8.fa	/home/jshaw/scratch/2022_sketched_distance/references/SGB_genome_fastas_part3/4893/FengQ_2015__SID530743__bin.61.fa	/home/jshaw/scratch/2022_sketched_distance/references/SGB_genome_fastas_part3/4893/FerrettiP_2018__CA_C10043MS2742FE_t0M16__bin.16.fa	/home/jshaw/scratch/2022_sketched_distance/references/SGB_genome_fastas_part3/4893/HeQ_2017__SZAXPI029600-27__bin.28.fa	/home/jshaw/scratch/2022_sketched_distance/references/SGB_genome_fastas_part3/4893/HMP_2012__SRS016095__bin.61.fa	/home/jshaw/scratch/2022_sketched_distance/references/SGB_genome_fastas_part3/4893/HMP_2012__SRS049959__bin.61.fa	/home/jshaw/scratch/2022_sketched_distance/references/SGB_genome_fastas_part3/4893/LeChatelierE_2013__MH0212__bin.34.fa	/home/jshaw/scratch/2022_sketched_distance/references/SGB_genome_fastas_part3/4893/LeChatelierE_2013__MH0426__bin.23.fa	/home/jshaw/scratch/2022_sketched_distance/references/SGB_genome_fastas_part3/4893/LiJ_2017__H3M516751__bin.11.fa	/home/jshaw/scratch/2022_sketched_distance/references/SGB_genome_fastas_part3/4893/QinJ_2012__NOF008__bin.26.fa	/home/jshaw/scratch/2022_sketched_distance/references/SGB_genome_fastas_part3/4893/RaymondF_2016__P14E7__bin.64.fa	/home/jshaw/scratch/2022_sketched_distance/references/SGB_genome_fastas_part3/4893/RaymondF_2016__P19E7__bin.67.fa	/home/jshaw/scratch/2022_sketched_distance/references/SGB_genome_fastas_part3/4893/RaymondF_2016__P3E7__bin.12.fa	/home/jshaw/scratch/2022_sketched_distance/references/SGB_genome_fastas_part3/4893/VincentC_2016__MM030.1__bin.12.fa	/home/jshaw/scratch/2022_sketched_distance/references/SGB_genome_fastas_part3/4893/XieH_2016__YSZC12003_37137__bin.8.fa	/home/jshaw/scratch/2022_sketched_distance/references/SGB_genome_fastas_part3/4893/XieH_2016__YSZC12003_37292__bin.25.fa	/home/jshaw/scratch/2022_sketched_distance/references/SGB_genome_fastas_part3/4893/XieH_2016__YSZC12003_37293__bin.22.fa	/home/jshaw/scratch/2022_sketched_distance/references/SGB_genome_fastas_part3/4893/ZeeviD_2015__PNP_Main_327__bin.22.fa	/home/jshaw/scratch/2022_sketched_distance/references/SGB_genome_fastas_part3/4893/ZeeviD_2015__PNP_Main_425__bin.1.fa	/home/jshaw/scratch/2022_sketched_distance/references/SGB_genome_fastas_part3/4893/ZeeviD_2015__PNP_Main_511__bin.42.fa	/home/jshaw/scratch/2022_sketched_distance/references/SGB_genome_fastas_part3/4893/ZeeviD_2015__PNP_Main_557__bin.22.fa	/home/jshaw/scratch/2022_sketched_distance/references/SGB_genome_fastas_part3/4893/ZeeviD_2015__PNP_Main_637__bin.3.fa	/home/jshaw/scratch/2022_sketched_distance/references/SGB_genome_fastas_part3/4893/ZeeviD_2015__PNP_Main_706__bin.92.fa	/home/jshaw/scratch/2022_sketched_distance/references/SGB_genome_fastas_part3/4893/ZeeviD_2015__PNP_Main_80__bin.50.fa	/home/jshaw/scratch/2022_sketched_distance/references/SGB_genome_fastas_part3/4893/ZeeviD_2015__PNP_Validation_35__bin.21.fa	/home/jshaw/scratch/2022_sketched_distance/references/SGB_genome_fastas_part3/4893/ZellerG_2014__CCIS35100175ST-4-0__bin.31.fa
1.0	0.9881526581758707	0.9873096143917024	0.984624236183708	0.9837717514407059	0.9835646749392082	0.9836341211473222	0.9822545214838805	0.9831391562083576	0.984285812171532	0.9878598687228155	0.9859059268045062	0.9859904778891265	0.9853222178466355	0.9853287980981349	0.9862637613036414	0.9873690167621283	0.9857752305524514	0.9885186637054941	0.9871563740261854	0.987413668591822	0.986512132893615	0.9856309450014444	0.986275039426255	0.9857007302708647	0.9848628693126319	0.9858650883412101	0.9849405004918859	0.9852332780403482	0.9864588146258233	0.9872133336403143	0.9842689265800973	0.9863917143119265	0.9841755331026425	0.9851966312411626	0.9869767409794176	0.9863747723158551	0.9854860229995974	0.9859904778891265	0.9862220826301084	0.9848414494709786	0.9881191580657228	0.9858291747062603	0.9864290290266446	0.9858471298786883	0.9852983374071729
0.9881526581758707	1.0	0.9890580471429984	0.9862133762412539	0.9816348163473906	0.9855117854797313	0.9855275555770364	0.9836825859796084	0.9849910600979936	0.9854433464860007	0.9893550123687697	0.9880881564271641	0.9853886468764647	0.9867825522209714	0.9870156124237892	0.9877385658690403	0.9887597948231064	0.9862868616834726	0.9899453056601983	0.9894260731940255	0.9891165394339272	0.9885018367780402	0.9850797061963207	0.9874512954050639	0.9873632999585817	0.9851689663162074	0.9864431763227075	0.9868556501530504	0.9886394883105655	0.9878689183044758	0.989318448024332	0.9856901844015657	0.9868179612459669	0.9862353685614865	0.9868671858558857	0.9889017249072941	0.9878732735530752	0.9854651037036617	0.9843555870677889	0.9848188950839589	0.9868814765979399	0.9859408496821722	0.9858021723842966	0.9890679523612607	0.9873120332054262	0.9864346318414543
0.9873096143917024	0.9890580471429984	1.0	0.982529360846555	0.9844024722855191	0.9837944485617576	0.9834750853868746	0.9808781034948173	0.9823980702925122	0.9849370446439579	0.98473532260414	0.9867524052608666	0.9877603676757508	0.9867122411231245	0.9837493690521959	0.9833285356930335	0.9861855936892195	0.9864094363369299	0.9854425542529731	0.9855256106270434	0.9871116926555085	0.9846144730809471	0.9864499717730225	0.986083340983882	0.9839267494599722	0.9861242802435068	0.986389149863795	0.9846601538162362	0.9837932263447368	0.9867925204139574	0.9852652160427248	0.9819734710445583	0.9838273055908003	0.9822457478086657	0.9847882398632812	0.9873293412522974	0.9848279981437071	0.9870122835542585	0.9864499717730225	0.987388450988339	0.9844455599629822	0.9868125596591896	0.9863485393288358	0.9862671674626152	0.9864094363369299	0.9831343385292652
0.984624236183708	0.9862133762412539	0.982529360846555	1.0	0.9826047371276012	0.9788597038192837	0.978803369797461	0.978972080920009	0.9770694882287413	0.9814554555867359	0.98176589787994	0.9818687276007529	0.9896272985979727	0.9883038845334365	0.9844032417225834	0.9815022224534131	0.9863479977650275	0.9872752273088585	0.983275431206998	0.9844349121153085	0.9860556178370774	0.9858743904372048	0.9868590008044649	0.9841967105271264	0.985185743485443	0.9870348962698736	0.9875138159602375	0.9834715475989521	0.9830781342722447	0.9848593657872005	0.9806402839248677	0.9808332644053841	0.9793613223271895	0.9820672545608191	0.9863255990903418	0.9856921580739071	0.9831028614444163	0.9876862551665323	0.9872534514196325	0.9874272564280492	0.9849529480826333	0.98452971067493	0.9869910104910121	0.9845060366961333	0.9863927493886383	0.982453810686954
0.9837717514407059	0.9816348163473906	0.9844024722855191	0.9826047371276012	1.0	0.984897644702706	0.9844621617544521	0.9832061754861345	0.9838064632495642	0.9837624581822889	0.9849288385935188	0.98348403294152	0.9825447937758288	0.983427004030505	0.98335069465539	0.9835561297458674	0.9847030484309621	0.9819019185662035	0.985051455045307	0.9833542630413155	0.9831183457199139	0.9845925156635202	0.9805388950455242	0.9831259787690806	0.9836981037693208	0.9812587631101561	0.9823277200797164	0.9832230543334509	0.9821849472465722	0.9832081729669837	0.9843232109748481	0.9823268590238002	0.9815463535322483	0.9824527674896905	0.9827256777675709	0.9830995409686172	0.9847113371112536	0.9812026387902807	0.9807601404042748	0.9820159143632978	0.9827721107313278	0.9817421142017982	0.982294099441338	0.983741510006179	0.9830216817515899	0.9824752987313032
0.9835646749392082	0.9855117854797313	0.9837944485617576	0.9788597038192837	0.984897644702706	1.0	0.984474266151915	0.9834028698668932	0.9826667966784739	0.9840680685133077	0.9813221891666417	0.9845414795494197	0.9846308838154879	0.9838173376171813	0.98008447821104	0.9794823842021354	0.9842492219462491	0.9839543374821603	0.9815112876039982	0.9831469799541646	0.984361936984215	0.982078834381322	0.9830300025735061	0.9831703254062649	0.9790207226715302	0.9839543374821603	0.9840907674755572	0.9817392884058056	0.9806486070908468	0.9840226234114138	0.981390539378599	0.9776554160477497	0.9787350259206682	0.9775306187499334	0.9828419657745573	0.9839998772274264	0.9817536503716034	0.9836567776983505	0.9838630678566898	0.9848533348251137	0.9816660679608996	0.9843844336013216	0.9837486224662044	0.9831469799541646	0.983472312710939	0.9803447239740104
0.9836341211473222	0.9855275555770364	0.9834750853868746	0.978803369797461	0.9844621617544521	0.984474266151915	1.0	0.9831546802924023	0.9813005476030741	0.9831776705347394	0.9816004957824829	0.9837923892339234	0.9845944910218292	0.9840619414763653	0.9806338461940485	0.9790514190678449	0.98372465357141	0.9837472476754338	0.9814338467042985	0.9825980189499987	0.9837698262223498	0.981382727116278	0.9833152743431549	0.9829470390547681	0.9787806324545024	0.9838824863604936	0.983679418604749	0.981936392334997	0.9799941296806817	0.9832236026927491	0.9799429610917044	0.9775616990102909	0.978462888820663	0.9774963254429699	0.98210305667199	0.9834750853868746	0.9816768167714593	0.9840171696615179	0.9834295045348183	0.9847701041574675	0.9812611151887467	0.9839723366509213	0.9836341211473222	0.9833838602158644	0.9833152743431549	0.9799556276224649
0.9822545214838805	0.9836825859796084	0.9808781034948173	0.978972080920009	0.9832061754861345	0.9834028698668932	0.9831546802924023	1.0	0.9827262154161749	0.9822994030120858	0.9808475366836868	0.9816425200078245	0.983315060194556	0.9824560056767734	0.9793373139611353	0.9795394187408072	0.9811120022406974	0.9821645734350299	0.9813043697632289	0.9806199837413885	0.9822545214838805	0.980948837326908	0.98145896629316	0.9812975076285072	0.9804188429495193	0.9815508718699703	0.9821870836251361	0.979807336606081	0.9783978775965507	0.9815738079820101	0.9797662797290659	0.9771841117685732	0.9778189290939819	0.9778715814744879	0.980784813982719	0.9814129165048079	0.9806347412959214	0.9818705236209935	0.9817795127113651	0.9831188065078956	0.9796131513183215	0.9832933121718489	0.9813206220005614	0.9816653919890599	0.9817567203827512	0.9796719244907682
0.9831391562083576	0.9849910600979936	0.9823980702925122	0.9770694882287413	0.9838064632495642	0.9826667966784739	0.9813005476030741	0.9827262154161749	1.0	0.9815476422553066	0.9801970008604143	0.9827262154161749	0.9846289475971488	0.9832561897504899	0.9720872867420206	0.9760659209113693	0.9830804823341425	0.9832269705219613	0.978653904518548	0.9827262154161749	0.9840639307307187	0.980388845850839	0.9833436914691583	0.9819452332943598	0.979614612279667	0.9827855265696409	0.9838064632495642	0.9809263699929941	0.9800684755409168	0.9823980702925122	0.9736239242143372	0.9729350481038995	0.970678602324747	0.9712485177995763	0.9821875255688637	0.9836913812153181	0.9788884019784428	0.9834890105874076	0.9831977252203516	0.9844041070295949	0.9817011340865314	0.9838351707643079	0.9829922740689534	0.9818843789602615	0.9824280379010603	0.9778023756651286
0.984285812171532	0.9854433464860007	0.9849370446439579	0.9814554555867359	0.9837624581822889	0.9840680685133077	0.9831776705347394	0.9822994030120858	0.9815476422553066	1.0	0.9842574238242819	0.9841737549724939	0.9852306072068268	0.984125667709983	0.9824355395842328	0.9828685506731872	0.9841511167961753	0.9835589232322852	0.9855339047263614	0.9828223397172233	0.9841457285718462	0.9834981924761522	0.9835997314249116	0.9832306159124956	0.982767231953541	0.9834976155448852	0.9845443912600784	0.9821780214536955	0.9812978003175872	0.9838232731233922	0.9835748787038583	0.9817540899074348	0.9806642530661572	0.9807897737086374	0.9824796728397226	0.984025178963621	0.9832291852142212	0.9846235458759082	0.9840453013555862	0.9853854632018351	0.9817408921580789	0.9843456653854773	0.9834976155448852	0.9831066478701649	0.9833951805920556	0.9826176419976862
0.9878598687228155	0.9893550123687697	0.98473532260414	0.98176589787994	0.9849288385935188	0.9813221891666417	0.9816004957824829	0.9808475366836868	0.9801970008604143	0.9842574238242819	1.0	0.9858379940569805	0.9872262870732527	0.9862318368029027	0.9824698940842045	0.982945664649284	0.9859628760491106	0.9869452129541317	0.9854196768856662	0.9867023660651867	0.9887879560169945	0.9833844458018175	0.9861493138015442	0.9871261788657386	0.9826252919580534	0.9857126356673174	0.9867429652587063	0.9830540039108363	0.9851425269878398	0.9875247974466453	0.9841996685272149	0.9806345593610739	0.9830449294635222	0.9812517648432814	0.9848859335147542	0.9879577736430274	0.9833024657683895	0.986498614907293	0.986396263950238	0.987266245238774	0.9838168458585277	0.9880943533801332	0.9861906011974867	0.9860872853105533	0.9866413731532299	0.9816811530424152
0.9859059268045062	0.9880881564271641	0.9867524052608666	0.9818687276007529	0.98348403294152	0.9845414795494197	0.9837923892339234	0.9816425200078245	0.9827262154161749	0.9841737549724939	0.9858379940569805	1.0	0.9861599973974823	0.9854714349579663	0.9831158755837003	0.9840066324915967	0.9848290067482812	0.9852920186364993	0.9846322087589036	0.9848087269196053	0.986527834387994	0.9853524190740257	0.9853718802402652	0.9861989114579448	0.9833984606209016	0.9852920186364993	0.9856498766563473	0.9832295835516294	0.982736296695886	0.9858470151480252	0.9858000368207809	0.9815055153243598	0.9828065277282796	0.9820672545608191	0.9840494250415658	0.986834432047356	0.9849210293831896	0.9857288740421895	0.9855706888692792	0.9863927938077401	0.9832082900027297	0.9865855395882986	0.9854515481381927	0.9854316492713978	0.9853519330366266	0.9832506418746427
0.9859904778891265	0.9853886468764647	0.9877603676757508	0.9896272985979727	0.9825447937758288	0.9846308838154879	0.9845944910218292	0.983315060194556	0.9846289475971488	0.9852306072068268	0.9872262870732527	0.9861599973974823	1.0	0.9993517279057069	0.9903128600261355	0.9893197564829441	0.9901458374785143	0.9881411836077862	0.9915986296483043	0.9885368677517853	0.9887237096520188	0.9916787991559188	0.9873548693672162	0.9858975306569622	0.9912680431741273	0.9885696145831133	0.9893691938326367	0.9886298117209714	0.9857083461157328	0.9864232210225697	0.988350956775665	0.9885401595527049	0.986032238292735	0.9910875574692896	0.9901378812157713	0.98640620748726	0.9908357146036044	0.9881220463625892	0.987312500059849	0.9876948534625292	0.9897394661522404	0.9852223342843325	0.9882642803089595	0.9892388588989139	0.989010928018597	0.9881587995559753
0.9853222178466355	0.9867825522209714	0.9867122411231245	0.9883038845334365	0.983427004030505	0.9838173376171813	0.9840619414763653	0.9824560056767734	0.9832561897504899	0.984125667709983	0.9862318368029027	0.9854714349579663	0.9993517279057069	1.0	0.9891287326172408	0.9880477472914438	0.9893282667937259	0.9872493135883019	0.9907336598720198	0.9875302020631096	0.9878392549048274	0.9909806708353108	0.9869667133026773	0.98505513134923	0.9901933766947489	0.9877747725365477	0.9874588007478707	0.9883795741857129	0.9848522473596225	0.9853186753856619	0.9873260679515478	0.9868175454389903	0.9848921946558803	0.9894847605011422	0.9897090223082761	0.9853881395181835	0.9897507250617957	0.9879210592283943	0.9875787070569447	0.9880666989497785	0.9886258398684719	0.9858459514091569	0.9875414737224308	0.9890508128811955	0.9882815616311369	0.9874513402774069
0.9853287980981349	0.9870156124237892	0.9837493690521959	0.9844032417225834	0.98335069465539	0.98008447821104	0.9806338461940485	0.9793373139611353	0.9720872867420206	0.9824355395842328	0.9824698940842045	0.9831158755837003	0.9903128600261355	0.9891287326172408	1.0	0.9818809079586279	0.9874610238357209	0.9880456826331179	0.9846611850976775	0.9864730346061371	0.9869258020264995	0.9868958106606824	0.9873132221901909	0.9846290528280983	0.9857353827298504	0.9875493872949054	0.988762207097757	0.9845968890696662	0.9834841255238693	0.9857664510436762	0.9750202434528582	0.9787655004674058	0.9730225765103327	0.9778687778175253	0.9863512363855935	0.9864121918926686	0.9847253554205714	0.9877254058132051	0.9885060497099928	0.9879295784293389	0.9859522465928849	0.9855170780362231	0.9883915596578035	0.9866851019474999	0.9877838701467249	0.9836170155096048
0.9862637613036414	0.9877385658690403	0.9833285356930335	0.9815022224534131	0.9835561297458674	0.9794823842021354	0.9790514190678449	0.9795394187408072	0.9760659209113693	0.9828685506731872	0.982945664649284	0.9840066324915967	0.9893197564829441	0.9880477472914438	0.9818809079586279	1.0	0.9868616399129242	0.9878493213532565	0.9836818914858554	0.9854175567980119	0.9876719333045275	0.9853699002756479	0.9875382622178858	0.9856074944894379	0.9839319771565886	0.9874712225754406	0.9888940440473931	0.9848652864892263	0.9840066324915967	0.9864488844196397	0.9809492900396513	0.9800310913358568	0.9791836035225758	0.9806965869644996	0.9871565526287008	0.986998082037811	0.984695343594053	0.9871339606480625	0.9885494708116227	0.988722207746344	0.98628695877765	0.9868388444384246	0.9881793701799781	0.9865870459685617	0.9891501305443912	0.9826620215656321
0.9873690167621283	0.9887597948231064	0.9861855936892195	0.9863479977650275	0.9847030484309621	0.9842492219462491	0.98372465357141	0.9811120022406974	0.9830804823341425	0.9841511167961753	0.9859628760491106	0.9848290067482812	0.9901458374785143	0.9893282667937259	0.9874610238357209	0.9868616399129242	1.0	0.9895389422314264	0.9893820334918885	0.9867463368986511	0.989063015585371	0.9887930886050595	0.9888135074547901	0.9866127243466055	0.9869918117117462	0.9889028344542293	0.9894162118301	0.9867653801742089	0.9844588908446293	0.9881083199102915	0.9875503846946123	0.9856413431173195	0.9848921946558803	0.9851944926934642	0.9886521062335438	0.9882360085787018	0.9896905053555762	0.989363472956034	0.9897482806034849	0.9901286516233169	0.9871627633751894	0.987851447787904	0.9895389422314264	0.9878145876551495	0.9886521062335438	0.9873285202484922
0.9857752305524514	0.9862868616834726	0.9864094363369299	0.9872752273088585	0.9819019185662035	0.9839543374821603	0.9837472476754338	0.9821645734350299	0.9832269705219613	0.9835589232322852	0.9869452129541317	0.9852920186364993	0.9881411836077862	0.9872493135883019	0.9880456826331179	0.9878493213532565	0.9895389422314264	1.0	0.990163986696181	0.9871939484966651	0.9868258954045026	0.9894628327338837	0.9857718898547293	0.9856434273268249	0.9884135236377516	0.9853189581006612	0.9868871350232731	0.9867238407422508	0.9852930386643814	0.9867245456815392	0.9871568213275059	0.9869821918029587	0.986032238292735	0.9872442967984073	0.9869033620061797	0.9859361998733305	0.9888150506135674	0.9861160993255128	0.9861674212369158	0.9868106583429977	0.9869374106477523	0.9851783286046332	0.986512396537276	0.9876856967579735	0.9871909753573755	0.9871846484931559
0.9885186637054941	0.9899453056601983	0.9854425542529731	0.983275431206998	0.985051455045307	0.9815112876039982	0.9814338467042985	0.9813043697632289	0.978653904518548	0.9855339047263614	0.9854196768856662	0.9846322087589036	0.9915986296483043	0.9907336598720198	0.9846611850976775	0.9836818914858554	0.9893820334918885	0.990163986696181	1.0	0.9879514521464137	0.9900846338755791	0.987909045330181	0.9893617376424834	0.9874389295483467	0.9853050504265608	0.9893820334918885	0.9898454241007593	0.9866107505197503	0.9861215712289182	0.9887883216524477	0.9831303321715629	0.9827833010653598	0.9832422811255107	0.9821566228295544	0.9885602934376099	0.988850238325629	0.9856931593661992	0.9888708513972687	0.9894023168587087	0.990163986696181	0.9866989156044899	0.9886226395909896	0.9893414292948636	0.9884769813119406	0.9891989195923888	0.984160011022854
0.9871563740261854	0.9894260731940255	0.9855256106270434	0.9844349121153085	0.9833542630413155	0.9831469799541646	0.9825980189499987	0.9806199837413885	0.9827262154161749	0.9828223397172233	0.9867023660651867	0.9848087269196053	0.9885368677517853	0.9875302020631096	0.9864730346061371	0.9854175567980119	0.9867463368986511	0.9871939484966651	0.9879514521464137	1.0	0.9969009396454843	0.986408378975323	0.9868921443600097	0.9875302020631096	0.9844690826885494	0.9862993992345922	0.9867972599379151	0.9840434400154188	0.9860601929279919	0.9880831030931471	0.9876062258389318	0.9842179228938075	0.9873083674771448	0.9843150931021041	0.9854194868526717	0.9891618207226937	0.9864413637913344	0.9870056455892898	0.9873438188122193	0.9875673524022063	0.9848799997528007	0.9874743978218725	0.9871563740261854	0.9863957288974299	0.9867211548397168	0.9845927442639116
0.987413668591822	0.9891165394339272	0.9871116926555085	0.9860556178370774	0.9831183457199139	0.984361936984215	0.9837698262223498	0.9822545214838805	0.9840639307307187	0.9841457285718462	0.9887879560169945	0.986527834387994	0.9887237096520188	0.9878392549048274	0.9869258020264995	0.9876719333045275	0.989063015585371	0.9868258954045026	0.9900846338755791	0.9969009396454843	1.0	0.9883846114060895	0.9868084479872451	0.9873476567150175	0.9867208817742887	0.9865104170034388	0.9866685344702881	0.9860567504688366	0.9882415966334106	0.988275384532492	0.9883782186231006	0.9863186025625617	0.9877229765029056	0.9858389240926125	0.98715548731774	0.9890839818188396	0.9877029905388011	0.9868258954045026	0.9867035686865998	0.9876186367605224	0.9864494592777984	0.9877884740759709	0.9866860562432874	0.9880234735640476	0.9866141966434961	0.9863924584863415
0.986512132893615	0.9885018367780402	0.9846144730809471	0.9858743904372048	0.9845925156635202	0.982078834381322	0.981382727116278	0.980948837326908	0.980388845850839	0.9834981924761522	0.9833844458018175	0.9853524190740257	0.9916787991559188	0.9909806708353108	0.9868958106606824	0.9853699002756479	0.9887930886050595	0.9894628327338837	0.987909045330181	0.986408378975323	0.9883846114060895	1.0	0.9887544034247119	0.9862207928472313	0.9869502751427892	0.9891965653639515	0.9895951645974578	0.986387588847303	0.9845705435460739	0.9870871826553314	0.9856523467316279	0.9842179228938075	0.9824859357135153	0.9855719456197266	0.9889666122420051	0.9873507913280481	0.9884206901871851	0.989234735442985	0.9896893633792176	0.9905252659710043	0.9873911597448916	0.987209110648182	0.9898582463381123	0.9876123053721789	0.9888896033773604	0.9853419375793857
0.9856309450014444	0.9850797061963207	0.9864499717730225	0.9868590008044649	0.9805388950455242	0.9830300025735061	0.9833152743431549	0.98145896629316	0.9833436914691583	0.9835997314249116	0.9861493138015442	0.9853718802402652	0.9873548693672162	0.9869667133026773	0.9873132221901909	0.9875382622178858	0.9888135074547901	0.9857718898547293	0.9893617376424834	0.9868921443600097	0.9868084479872451	0.9887544034247119	1.0	0.9852953988573641	0.9873427713739693	0.9855303052529951	0.9865632944458103	0.9866671888953765	0.985113429555502	0.985956962868842	0.9876619724226734	0.9858362741552555	0.9849669521532116	0.9863664612829987	0.9877950768185705	0.9852809990142406	0.9889180501249194	0.9860596033414077	0.9866471297872516	0.986463607374076	0.9873814924906849	0.9843919961939707	0.9865466522273881	0.986558727419783	0.987017259333395	0.9872052401512952
0.986275039426255	0.9874512954050639	0.986083340983882	0.9841967105271264	0.9831259787690806	0.9831703254062649	0.9829470390547681	0.9812975076285072	0.9819452332943598	0.9832306159124956	0.9871261788657386	0.9861989114579448	0.9858975306569622	0.98505513134923	0.9846290528280983	0.9856074944894379	0.9866127243466055	0.9856434273268249	0.9874389295483467	0.9875302020631096	0.9873476567150175	0.9862207928472313	0.9852953988573641	1.0	0.9851785275726797	0.9840760797502939	0.9848877563934031	0.9841950623840806	0.9865235389723539	0.9873363620282972	0.9878286480522717	0.9840387829338214	0.9865344113630168	0.9840353768608331	0.9845621653941681	0.9883360889664945	0.9854509034985046	0.9854790312817957	0.985221657448062	0.9864177195984909	0.9843412657344043	0.9862571607882535	0.9849436429059198	0.986074389480292	0.9856798483350462	0.9848148755110547
0.9857007302708647	0.9873632999585817	0.9839267494599722	0.985185743485443	0.9836981037693208	0.9790207226715302	0.9787806324545024	0.9804188429495193	0.979614612279667	0.982767231953541	0.9826252919580534	0.9833984606209016	0.9912680431741273	0.9901933766947489	0.9857353827298504	0.9839319771565886	0.9869918117117462	0.9884135236377516	0.9853050504265608	0.9844690826885494	0.9867208817742887	0.9869502751427892	0.9873427713739693	0.9851785275726797	1.0	0.9877509300589408	0.9889263405129076	0.9848700302321558	0.982767231953541	0.9854189014394161	0.9832579618817529	0.9821913916170025	0.9810452132185664	0.9839228190790884	0.9874862033057997	0.9856575290400998	0.9847580512892177	0.9881139961363272	0.9881540908481813	0.9888675749417547	0.9858729694230032	0.9860656655060531	0.9877509300589408	0.986679001465128	0.9876290129454502	0.9825065369498115
0.9848628693126319	0.9851689663162074	0.9861242802435068	0.9870348962698736	0.9812587631101561	0.9839543374821603	0.9838824863604936	0.9815508718699703	0.9827855265696409	0.9834976155448852	0.9857126356673174	0.9852920186364993	0.9885696145831133	0.9877747725365477	0.9875493872949054	0.9874712225754406	0.9889028344542293	0.9853189581006612	0.9893820334918885	0.9862993992345922	0.9865104170034388	0.9891965653639515	0.9855303052529951	0.9840760797502939	0.9877509300589408	1.0	0.9873920591137895	0.986248732817742	0.9838278713543049	0.984535986184726	0.986958260363235	0.987378650235922	0.9846291945530101	0.9872952119354296	0.988970312853349	0.9841899132805504	0.9898308474000072	0.9863082812614549	0.9860526589808082	0.9872706237858416	0.9878377932588454	0.9841010743687947	0.9868024388515769	0.9866879162959601	0.9876212954706605	0.9875329664221965
0.9858650883412101	0.9864431763227075	0.986389149863795	0.9875138159602375	0.9823277200797164	0.9840907674755572	0.983679418604749	0.9821870836251361	0.9838064632495642	0.9845443912600784	0.9867429652587063	0.9856498766563473	0.9893691938326367	0.9874588007478707	0.988762207097757	0.9888940440473931	0.9894162118301	0.9868871350232731	0.9898454241007593	0.9867972599379151	0.9866685344702881	0.9895951645974578	0.9865632944458103	0.9848877563934031	0.9889263405129076	0.9873920591137895	1.0	0.9871363329596484	0.9845889705259517	0.9851895160027005	0.9873260679515478	0.9876556553885021	0.9851531045886545	0.98782511908746	0.9884224787709817	0.9851196300372875	0.9899307274885665	0.9872246104847137	0.9877078835413642	0.9891798976847607	0.9882520774677135	0.9860975436721588	0.9872246104847137	0.9878639058532733	0.987277490666114	0.9871640439413223
0.9849405004918859	0.9868556501530504	0.9846601538162362	0.9834715475989521	0.9832230543334509	0.9817392884058056	0.981936392334997	0.979807336606081	0.9809263699929941	0.9821780214536955	0.9830540039108363	0.9832295835516294	0.9886298117209714	0.9883795741857129	0.9845968890696662	0.9848652864892263	0.9867653801742089	0.9867238407422508	0.9866107505197503	0.9840434400154188	0.9860567504688366	0.986387588847303	0.9866671888953765	0.9841950623840806	0.9848700302321558	0.986248732817742	0.9871363329596484	1.0	0.9814995158248457	0.9853561766407452	0.9845994924258009	0.983312274434937	0.9822839602884361	0.9831816220953586	0.9862869951102453	0.9857666578239582	0.9863747723158551	0.9876356066427472	0.9876722903598532	0.987800362444249	0.9851984436174127	0.9856888653210311	0.9874146417172445	0.9861720743738794	0.9858054851189999	0.9845034691065389
0.9852332780403482	0.9886394883105655	0.9837932263447368	0.9830781342722447	0.9821849472465722	0.9806486070908468	0.9799941296806817	0.9783978775965507	0.9800684755409168	0.9812978003175872	0.9851425269878398	0.982736296695886	0.9857083461157328	0.9848522473596225	0.9834841255238693	0.9840066324915967	0.9844588908446293	0.9852930386643814	0.9861215712289182	0.9860601929279919	0.9882415966334106	0.9845705435460739	0.985113429555502	0.9865235389723539	0.982767231953541	0.9838278713543049	0.9845889705259517	0.9814995158248457	1.0	0.9871501644603267	0.9852652160427248	0.9818090732087285	0.9861044486670545	0.9813433850532891	0.9832822777921244	0.9883142989084418	0.9840502588811482	0.9852332780403482	0.9848118804212179	0.9854914590754024	0.9827059198675685	0.9859628349609324	0.9847309973206384	0.9847107453662406	0.9845686307196397	0.9824990656127375
0.9864588146258233	0.9878689183044758	0.9867925204139574	0.9848593657872005	0.9832081729669837	0.9840226234114138	0.9832236026927491	0.9815738079820101	0.9823980702925122	0.9838232731233922	0.9875247974466453	0.9858470151480252	0.9864232210225697	0.9853186753856619	0.9857664510436762	0.9864488844196397	0.9881083199102915	0.9867245456815392	0.9887883216524477	0.9880831030931471	0.988275384532492	0.9870871826553314	0.985956962868842	0.9873363620282972	0.9854189014394161	0.984535986184726	0.9851895160027005	0.9853561766407452	0.9871501644603267	1.0	0.9882963653095648	0.983935976274409	0.9878258179806849	0.9844540619941834	0.9844454787187285	0.9894492995822637	0.9863303029532156	0.9851525198282645	0.9851895160027005	0.9861191094146107	0.9847818283386066	0.9872322838920224	0.9847802471598801	0.9865402303679763	0.9851710231254289	0.9853637159804132
0.9872133336403143	0.989318448024332	0.9852652160427248	0.9806402839248677	0.9843232109748481	0.981390539378599	0.9799429610917044	0.9797662797290659	0.9736239242143372	0.9835748787038583	0.9841996685272149	0.9858000368207809	0.988350956775665	0.9873260679515478	0.9750202434528582	0.9809492900396513	0.9875503846946123	0.9871568213275059	0.9831303321715629	0.9876062258389318	0.9883782186231006	0.9856523467316279	0.9876619724226734	0.9878286480522717	0.9832579618817529	0.986958260363235	0.9873260679515478	0.9845994924258009	0.9852652160427248	0.9882963653095648	1.0	0.9776436674173818	0.9736622891349912	0.9750880333779194	0.9858000368207809	0.9892919531527522	0.9832261010203266	0.9869297964327385	0.9875783171072243	0.9881594895295579	0.9852352469075206	0.988132045989399	0.98718508961553	0.9865862941312376	0.9869013078531633	0.9823211808149735
0.9842689265800973	0.9856901844015657	0.9819734710445583	0.9808332644053841	0.9823268590238002	0.9776554160477497	0.9775616990102909	0.9771841117685732	0.9729350481038995	0.9817540899074348	0.9806345593610739	0.9815055153243598	0.9885401595527049	0.9868175454389903	0.9787655004674058	0.9800310913358568	0.9856413431173195	0.9869821918029587	0.9827833010653598	0.9842179228938075	0.9863186025625617	0.9842179228938075	0.9858362741552555	0.9840387829338214	0.9821913916170025	0.987378650235922	0.9876556553885021	0.983312274434937	0.9818090732087285	0.983935976274409	0.9776436674173818	1.0	0.9772093558031058	0.9779393480688857	0.9867467296548494	0.9855924291182964	0.9829428916427702	0.9873554609009492	0.9877015971424488	0.9878618903227644	0.9851488942496666	0.9850246195816261	0.9870759067984376	0.9836515848695947	0.9862467029400308	0.980691455582445
0.9863917143119265	0.9868179612459669	0.9838273055908003	0.9793613223271895	0.9815463535322483	0.9787350259206682	0.978462888820663	0.9778189290939819	0.970678602324747	0.9806642530661572	0.9830449294635222	0.9828065277282796	0.986032238292735	0.9848921946558803	0.9730225765103327	0.9791836035225758	0.9848921946558803	0.986032238292735	0.9832422811255107	0.9873083674771448	0.9877229765029056	0.9824859357135153	0.9849669521532116	0.9865344113630168	0.9810452132185664	0.9846291945530101	0.9851531045886545	0.9822839602884361	0.9861044486670545	0.9878258179806849	0.9736622891349912	0.9772093558031058	1.0	0.9734504499233049	0.9832422811255107	0.9874125103602618	0.9817940740726109	0.9842116028105113	0.9847045527082171	0.9850042671655334	0.9828065277282796	0.98614049445256	0.9853012704612928	0.9853012704612928	0.98614049445256	0.9817940740726109
0.9841755331026425	0.9862353685614865	0.9822457478086657	0.9820672545608191	0.9824527674896905	0.9775306187499334	0.9774963254429699	0.9778715814744879	0.9712485177995763	0.9807897737086374	0.9812517648432814	0.9820672545608191	0.9910875574692896	0.9894847605011422	0.9778687778175253	0.9806965869644996	0.9851944926934642	0.9872442967984073	0.9821566228295544	0.9843150931021041	0.9858389240926125	0.9855719456197266	0.9863664612829987	0.9840353768608331	0.9839228190790884	0.9872952119354296	0.98782511908746	0.9831816220953586	0.9813433850532891	0.9844540619941834	0.9750880333779194	0.9779393480688857	0.9734504499233049	1.0	0.9855451280636329	0.9850313896660823	0.982687769974714	0.9866530386141227	0.9873968065071762	0.9872952119354296	0.9851130424469773	0.9849768414530282	0.987346048422806	0.9845924448474392	0.9867048763347988	0.981887782726268
0.9851966312411626	0.9868671858558857	0.9847882398632812	0.9863255990903418	0.9827256777675709	0.9828419657745573	0.98210305667199	0.980784813982719	0.9821875255688637	0.9824796728397226	0.9848859335147542	0.9840494250415658	0.9901378812157713	0.9897090223082761	0.9863512363855935	0.9871565526287008	0.9886521062335438	0.9869033620061797	0.9885602934376099	0.9854194868526717	0.98715548731774	0.9889666122420051	0.9877950768185705	0.9845621653941681	0.9874862033057997	0.988970312853349	0.9884224787709817	0.9862869951102453	0.9832822777921244	0.9844454787187285	0.9858000368207809	0.9867467296548494	0.9832422811255107	0.9855451280636329	1.0	0.9851394565073428	0.9897105908070916	0.9891902954854539	0.9887659407390912	0.9895926014770321	0.9874732600447548	0.9856692560470073	0.9882146698165446	0.986558727419783	0.9877598682078804	0.9861170050897928
0.9869767409794176	0.9889017249072941	0.9873293412522974	0.9856921580739071	0.9830995409686172	0.9839998772274264	0.9834750853868746	0.9814129165048079	0.9836913812153181	0.984025178963621	0.9879577736430274	0.986834432047356	0.98640620748726	0.9853881395181835	0.9864121918926686	0.986998082037811	0.9882360085787018	0.9859361998733305	0.988850238325629	0.9891618207226937	0.9890839818188396	0.9873507913280481	0.9852809990142406	0.9883360889664945	0.9856575290400998	0.9841899132805504	0.9851196300372875	0.9857666578239582	0.9883142989084418	0.9894492995822637	0.9892919531527522	0.9855924291182964	0.9874125103602618	0.9850313896660823	0.9851394565073428	1.0	0.9868600069879849	0.9854415789974503	0.9848670246785589	0.9858835595117977	0.9857809532368034	0.987494180083937	0.9845576532635905	0.9871088565595882	0.9856842902373676	0.9855807094925039
0.9863747723158551	0.9878732735530752	0.9848279981437071	0.9831028614444163	0.9847113371112536	0.9817536503716034	0.9816768167714593	0.9806347412959214	0.9788884019784428	0.9832291852142212	0.9833024657683895	0.9849210293831896	0.9908357146036044	0.9897507250617957	0.9847253554205714	0.984695343594053	0.9896905053555762	0.9888150506135674	0.9856931593661992	0.9864413637913344	0.9877029905388011	0.9884206901871851	0.9889180501249194	0.9854509034985046	0.9847580512892177	0.9898308474000072	0.9899307274885665	0.9863747723158551	0.9840502588811482	0.9863303029532156	0.9832261010203266	0.9829428916427702	0.9817940740726109	0.982687769974714	0.9897105908070916	0.9868600069879849	1.0	0.9892658607254742	0.9902285666338763	0.9906605929721234	0.9877456439250163	0.9870346961025712	0.9904059885443666	0.9872733891895409	0.9889386114623347	0.9851293908292105
0.9854860229995974	0.9854651037036617	0.9870122835542585	0.9876862551665323	0.9812026387902807	0.9836567776983505	0.9840171696615179	0.9818705236209935	0.9834890105874076	0.9846235458759082	0.986498614907293	0.9857288740421895	0.9881220463625892	0.9879210592283943	0.9877254058132051	0.9871339606480625	0.989363472956034	0.9861160993255128	0.9888708513972687	0.9870056455892898	0.9868258954045026	0.989234735442985	0.9860596033414077	0.9854790312817957	0.9881139961363272	0.9863082812614549	0.9872246104847137	0.9876356066427472	0.9852332780403482	0.9851525198282645	0.9869297964327385	0.9873554609009492	0.9842116028105113	0.9866530386141227	0.9891902954854539	0.9854415789974503	0.9892658607254742	1.0	0.9866395881534415	0.9874213692066363	0.9929334625970374	0.9839800682143067	0.9872243790544579	0.9873082877919233	0.9876383918097954	0.9876753269448014
0.9859904778891265	0.9843555870677889	0.9864499717730225	0.9872534514196325	0.9807601404042748	0.9838630678566898	0.9834295045348183	0.9817795127113651	0.9831977252203516	0.9840453013555862	0.986396263950238	0.9855706888692792	0.987312500059849	0.9875787070569447	0.9885060497099928	0.9885494708116227	0.9897482806034849	0.9861674212369158	0.9894023168587087	0.9873438188122193	0.9867035686865998	0.9896893633792176	0.9866471297872516	0.985221657448062	0.9881540908481813	0.9860526589808082	0.9877078835413642	0.9876722903598532	0.9848118804212179	0.9851895160027005	0.9875783171072243	0.9877015971424488	0.9847045527082171	0.9873968065071762	0.9887659407390912	0.9848670246785589	0.9902285666338763	0.9866395881534415	1.0	0.9867869915821761	0.9886258398684719	0.9834974721204205	0.9965046095040175	0.9872177870355594	0.9880122826741259	0.9875125788545823
0.9862220826301084	0.9848188950839589	0.987388450988339	0.9874272564280492	0.9820159143632978	0.9848533348251137	0.9847701041574675	0.9831188065078956	0.9844041070295949	0.9853854632018351	0.987266245238774	0.9863927938077401	0.9876948534625292	0.9880666989497785	0.9879295784293389	0.988722207746344	0.9901286516233169	0.9868106583429977	0.990163986696181	0.9875673524022063	0.9876186367605224	0.9905252659710043	0.986463607374076	0.9864177195984909	0.9888675749417547	0.9872706237858416	0.9891798976847607	0.987800362444249	0.9854914590754024	0.9861191094146107	0.9881594895295579	0.9878618903227644	0.9850042671655334	0.9872952119354296	0.9895926014770321	0.9858835595117977	0.9906605929721234	0.9874213692066363	0.9867869915821761	1.0	0.9894645654612572	0.9841059908719086	0.9876740787643055	0.9890679523612607	0.9885984975795888	0.9878776371950712
