/home/jshaw/scratch/2022_sketched_distance/references/SGB_genome_fastas_part5/19883/CM_periimplantitis__SP_105SPI_T016__bin.1.fa	/home/jshaw/scratch/2022_sketched_distance/references/SGB_genome_fastas_part5/19883/CM_periimplantitis__SP_143SPI_T016__bin.12.fa	/home/jshaw/scratch/2022_sketched_distance/references/SGB_genome_fastas_part5/19883/CM_periimplantitis__SP_163SPI_T016__bin.9.fa	/home/jshaw/scratch/2022_sketched_distance/references/SGB_genome_fastas_part5/19883/CM_periimplantitis__SP_189SPI_T016__bin.33.fa	/home/jshaw/scratch/2022_sketched_distance/references/SGB_genome_fastas_part5/19883/CM_periimplantitis__SP_287SPI_T016__bin.4.fa	/home/jshaw/scratch/2022_sketched_distance/references/SGB_genome_fastas_part5/19883/CM_periimplantitis__SP_304SPI_T016__bin.11.fa	/home/jshaw/scratch/2022_sketched_distance/references/SGB_genome_fastas_part5/19883/CM_periimplantitis__SP_305SPI_T016__bin.12.fa	/home/jshaw/scratch/2022_sketched_distance/references/SGB_genome_fastas_part5/19883/CM_periimplantitis__SP_344SPT_T016__bin.52.fa	/home/jshaw/scratch/2022_sketched_distance/references/SGB_genome_fastas_part5/19883/HMP_2012__SRS011126__bin.25.fa	/home/jshaw/scratch/2022_sketched_distance/references/SGB_genome_fastas_part5/19883/HMP_2012__SRS011343__bin.38.fa	/home/jshaw/scratch/2022_sketched_distance/references/SGB_genome_fastas_part5/19883/HMP_2012__SRS012285__bin.4.fa	/home/jshaw/scratch/2022_sketched_distance/references/SGB_genome_fastas_part5/19883/HMP_2012__SRS013252__bin.46.fa	/home/jshaw/scratch/2022_sketched_distance/references/SGB_genome_fastas_part5/19883/HMP_2012__SRS014476__bin.22.fa	/home/jshaw/scratch/2022_sketched_distance/references/SGB_genome_fastas_part5/19883/HMP_2012__SRS016043__bin.21.fa	/home/jshaw/scratch/2022_sketched_distance/references/SGB_genome_fastas_part5/19883/HMP_2012__SRS017139__bin.25.fa	/home/jshaw/scratch/2022_sketched_distance/references/SGB_genome_fastas_part5/19883/HMP_2012__SRS017691__bin.9.fa	/home/jshaw/scratch/2022_sketched_distance/references/SGB_genome_fastas_part5/19883/HMP_2012__SRS019029__bin.3.fa	/home/jshaw/scratch/2022_sketched_distance/references/SGB_genome_fastas_part5/19883/HMP_2012__SRS019128__bin.27.fa	/home/jshaw/scratch/2022_sketched_distance/references/SGB_genome_fastas_part5/19883/HMP_2012__SRS019980__bin.47.fa	/home/jshaw/scratch/2022_sketched_distance/references/SGB_genome_fastas_part5/19883/HMP_2012__SRS020226__bin.63.fa	/home/jshaw/scratch/2022_sketched_distance/references/SGB_genome_fastas_part5/19883/HMP_2012__SRS021477__bin.23.fa	/home/jshaw/scratch/2022_sketched_distance/references/SGB_genome_fastas_part5/19883/HMP_2012__SRS021960__bin.22.fa	/home/jshaw/scratch/2022_sketched_distance/references/SGB_genome_fastas_part5/19883/HMP_2012__SRS022149__bin.6.fa	/home/jshaw/scratch/2022_sketched_distance/references/SGB_genome_fastas_part5/19883/HMP_2012__SRS022536__bin.17.fa	/home/jshaw/scratch/2022_sketched_distance/references/SGB_genome_fastas_part5/19883/HMP_2012__SRS023595__bin.38.fa	/home/jshaw/scratch/2022_sketched_distance/references/SGB_genome_fastas_part5/19883/HMP_2012__SRS024355__bin.23.fa	/home/jshaw/scratch/2022_sketched_distance/references/SGB_genome_fastas_part5/19883/HMP_2012__SRS024561__bin.27.fa	/home/jshaw/scratch/2022_sketched_distance/references/SGB_genome_fastas_part5/19883/HMP_2012__SRS047634__bin.61.fa	/home/jshaw/scratch/2022_sketched_distance/references/SGB_genome_fastas_part5/19883/HMP_2012__SRS049318__bin.30.fa	/home/jshaw/scratch/2022_sketched_distance/references/SGB_genome_fastas_part5/19883/HMP_2012__SRS051930__bin.9.fa	/home/jshaw/scratch/2022_sketched_distance/references/SGB_genome_fastas_part5/19883/HMP_2012__SRS051941__bin.4.fa	/home/jshaw/scratch/2022_sketched_distance/references/SGB_genome_fastas_part5/19883/HMP_2012__SRS055378__bin.11.fa	/home/jshaw/scratch/2022_sketched_distance/references/SGB_genome_fastas_part5/19883/HMP_2012__SRS058053__bin.33.fa	/home/jshaw/scratch/2022_sketched_distance/references/SGB_genome_fastas_part5/19883/HMP_2012__SRS063603__bin.34.fa	/home/jshaw/scratch/2022_sketched_distance/references/SGB_genome_fastas_part5/19883/HMP_2012__SRS065099__bin.13.fa
1.0	0.9588384782322635	0.956041344173038	0.9728069020106417	0.9618390133856078	0.9612188944908253	0.9607864466173683	0.9633119901465889	0.9565256107526142	0.9611031827058418	0.9599744406971515	0.9583240495810139	0.9602488584378848	0.9616410961891252	0.9571375632965535	0.959001182801191	0.9623532619336094	0.9643361306907209	0.9606247508847209	0.9553529801798253	0.9570224375060885	0.9613939315046035	0.9618759802612031	0.9614118204237254	0.9607454083623798	0.9568135142330265	0.9597091002393124	0.9599465337143201	0.9604136318121396	0.9627125134108537	0.9655008939294463	0.9629888436667576	0.9638244680542731	0.9615755851935202	0.9595126968350792
0.9588384782322635	1.0	0.9582096415406406	0.9637536272186025	0.9615077904545178	0.9592893447362097	0.9604466893779577	0.9611629550018004	0.9593984809396342	0.9624364367860977	0.9588182494900522	0.960851348439316	0.958350225464262	0.9646577315739967	0.9624361658626912	0.9650906055558859	0.9582970885415901	0.9629806321880411	0.9621874853137669	0.9605394146407593	0.9616041279240346	0.9601039517375608	0.9583591066923525	0.9617720786802413	0.9635580754110495	0.9630181134005676	0.962275957845712	0.9661761470117711	0.9639597371281489	0.9625325835427445	0.961137660840288	0.9618155623693613	0.9645397403921175	0.9680534869899586	0.9592780705575525
0.956041344173038	0.9582096415406406	1.0	0.9594671885176601	0.959869171669267	0.961242028964264	0.9600881727143283	0.9563100895770608	0.957795698669964	0.9591914331916779	0.9619271075136181	0.9552669539007754	0.9626926000269183	0.9561804251975783	0.9582791122268486	0.9600151881991605	0.9586694491025343	0.9619967612661616	0.9586422456155527	0.9609179599619443	0.9572511796557394	0.9528667203410557	0.9540659583046665	0.9573343940466772	0.9579860558627553	0.9591698886299794	0.9554083665518446	0.9576417901201983	0.9574517849341484	0.9600035627326344	0.9596396761052683	0.9611021336389745	0.959265608227424	0.9581474420202182	0.9567204103576491
0.9728069020106417	0.9637536272186025	0.9594671885176601	1.0	0.966440472916304	0.9610125471593742	0.9623954704165054	0.9607104220433197	0.957955148183163	0.9643048074457998	0.9629883229448681	0.9611786327057941	0.9607891548692503	0.9617482935556719	0.9638111479262609	0.9643288190208814	0.957842030468825	0.9650287086465109	0.9632253423850095	0.9606088734376921	0.9589840138628183	0.9622435416264169	0.9593469730901999	0.9614269629703209	0.9635803437423137	0.9642588386707139	0.9625337657261955	0.9630104396799726	0.9640845955630563	0.9630233057229849	0.9716891291629698	0.9622221817547537	0.967578661982834	0.9662445844517565	0.9599276037246266
0.9618390133856078	0.9615077904545178	0.959869171669267	0.966440472916304	1.0	0.961330447995169	0.9619251620668892	0.960193454755301	0.9612924221825695	0.9623751277603869	0.9637527960600782	0.9641489551791901	0.962518314505623	0.9647098716477848	0.9608877320854703	0.9621653262094183	0.9615818249094842	0.9652222328024097	0.9622366851390887	0.9609068051102105	0.961234263062837	0.9605828795853444	0.9630631925234179	0.9618072161666298	0.9643595185954746	0.9605048041489486	0.9639157809027629	0.9649534376376151	0.9639759146139694	0.9645979452127715	0.9660257970925884	0.9627308453727091	0.9639969247475695	0.9643935608246231	0.9617684813879023
0.9612188944908253	0.9592893447362097	0.961242028964264	0.9610125471593742	0.961330447995169	1.0	0.9679504740521258	0.960813653105906	0.9584616227979011	0.9629420682236128	0.9655356981423998	0.9606170819206274	0.9838941954612787	0.960040403235169	0.9601706976998469	0.9626063809728717	0.9656272688916699	0.963149625988191	0.9620579871834725	0.9596138669761449	0.9592441494452124	0.9611662279997798	0.9625851877181193	0.9617347943296423	0.9649954213710388	0.959506720834059	0.9614412622590945	0.9627685311764332	0.9610170850321685	0.9618005240517745	0.960374025915161	0.9624219237943205	0.9638298282931324	0.9628225057236127	0.961557710828219
0.9607864466173683	0.9604466893779577	0.9600881727143283	0.9623954704165054	0.9619251620668892	0.9679504740521258	1.0	0.9614675781686471	0.9588155160647621	0.9620123716049296	0.965290566288698	0.9607469657529354	0.9654638239250316	0.9603180722192752	0.9616652429413605	0.9597576873314182	0.9642794042618962	0.9609622284056076	0.9614194607477715	0.966052732236698	0.9577363149412453	0.9580922766160367	0.9599773554075443	0.9598302547089838	0.9633070535280654	0.9604301058043291	0.9627876126046568	0.9605958041957356	0.9608757858284555	0.961270628285837	0.9609112453968424	0.9604684303956924	0.9630251905653278	0.9609478303817144	0.9612480635180618
0.9633119901465889	0.9611629550018004	0.9563100895770608	0.9607104220433197	0.960193454755301	0.960813653105906	0.9614675781686471	1.0	0.959982552844778	0.9613894326818051	0.9614918611311252	0.9625739340683898	0.9613984711782833	0.9707497766754647	0.9592441494452124	0.9643019273420768	0.961920989194563	0.9644367994237941	0.9618110695574216	0.9588997933735389	0.9602706985931836	0.9601524214255035	0.9624762151108883	0.96172471356905	0.9603551577054252	0.9586661080516397	0.9644251460200576	0.9631981801822195	0.9591858591557905	0.9639556312278998	0.9621511812114475	0.9634928375790951	0.9693580889980885	0.962358839823046	0.9613890433922713
0.9565256107526142	0.9593984809396342	0.957795698669964	0.957955148183163	0.9612924221825695	0.9584616227979011	0.9588155160647621	0.959982552844778	1.0	0.9636636246497743	0.9613519621559691	0.9617170126248258	0.955219371480069	0.9606431614278732	0.961820983315144	0.9617091327908363	0.9582372172810067	0.9636526615932149	0.9593940707470531	0.9600427868475397	0.9976935293650568	0.9609777374143669	0.9614118204237254	0.9898331329050832	0.9624654813349071	0.9629988998663094	0.9594387579313267	0.9701730855102684	0.9621554253009513	0.9650814955163148	0.9631271834558208	0.9641570268558365	0.9639521609293874	0.9623645588172195	0.9921291195674304
0.9611031827058418	0.9624364367860977	0.9591914331916779	0.9643048074457998	0.9623751277603869	0.9629420682236128	0.9620123716049296	0.9613894326818051	0.9636636246497743	1.0	0.962409553085068	0.9633624451810805	0.9627413909041088	0.9616830537070343	0.9801774030992374	0.9650462723099831	0.9630182633232435	0.964472702933373	0.9635057008535339	0.9607214419294552	0.9643648255048355	0.9618362481772509	0.9624762151108883	0.9659506141005102	0.9633004612867432	0.9800978574077571	0.962763992590496	0.9626734955711552	0.9624117714292683	0.9631779603351237	0.9638459645522355	0.9634479151785152	0.9643416574809606	0.9643849205439554	0.9664179710125507
0.9599744406971515	0.9588182494900522	0.9619271075136181	0.9629883229448681	0.9637527960600782	0.9655356981423998	0.965290566288698	0.9614918611311252	0.9613519621559691	0.962409553085068	1.0	0.9611771448707522	0.9647030588006882	0.9591118745512668	0.9604481974300203	0.9632934754444268	0.9601359007214614	0.9647188605970339	0.9626213764837234	0.9640477720328089	0.9628065687352574	0.9602635199012287	0.9614378713283077	0.9640103930745735	0.9619247322758714	0.9600652064815993	0.9616684976858276	0.961875796851443	0.9612670983555002	0.9634508054427806	0.9637453257247015	0.9623907776586573	0.9629343016222236	0.9627832218058963	0.9636615941529824
0.9583240495810139	0.960851348439316	0.9552669539007754	0.9611786327057941	0.9641489551791901	0.9606170819206274	0.9607469657529354	0.9625739340683898	0.9617170126248258	0.9633624451810805	0.9611771448707522	1.0	0.9610683727354119	0.9654316192816915	0.9605707225687683	0.9644170902717625	0.9599350868661455	0.9634703994589418	0.9617712392735172	0.9592664118545641	0.9613546713242107	0.9605154550383456	0.9630358094340005	0.9616760124721583	0.9622970759501688	0.9601556724710814	0.9942912304589705	0.9636879013514641	0.9603742915524119	0.9621509137279931	0.961828503565458	0.9611817024361918	0.9626110417803599	0.9611342234653608	0.9619363943351286
0.9602488584378848	0.958350225464262	0.9626926000269183	0.9607891548692503	0.962518314505623	0.9838941954612787	0.9654638239250316	0.9613984711782833	0.955219371480069	0.9627413909041088	0.9647030588006882	0.9610683727354119	1.0	0.9599149860385943	0.95951785092444	0.9617577522740932	0.9631741967597958	0.962400658000918	0.9627018246664588	0.9617890843702354	0.9570236736725223	0.9598481852269478	0.9608897809608717	0.9608897809608717	0.9632042021888156	0.9600525255868334	0.9624303410846996	0.9604899045162387	0.9595964626087944	0.9609381336555233	0.9601097709832049	0.9606267744044269	0.9625273004743169	0.9606000772669321	0.9605833286885851
0.9616410961891252	0.9646577315739967	0.9561804251975783	0.9617482935556719	0.9647098716477848	0.960040403235169	0.9603180722192752	0.9707497766754647	0.9606431614278732	0.9616830537070343	0.9591118745512668	0.9654316192816915	0.9599149860385943	1.0	0.9582211132888175	0.9637593415805484	0.9609497417490658	0.9648864316095698	0.9603011204266682	0.959292676763575	0.9601943589867743	0.9598043890819331	0.9634629411000888	0.9626156399907654	0.9631893124882285	0.9573451543786236	0.9671565298731474	0.9648686407649519	0.9599564975139392	0.9630631083035729	0.962956932373313	0.9637088730850151	0.9712860702591223	0.9633408887287842	0.9618498060513677
0.9571375632965535	0.9624361658626912	0.9582791122268486	0.9638111479262609	0.9608877320854703	0.9601706976998469	0.9616652429413605	0.9592441494452124	0.961820983315144	0.9801774030992374	0.9604481974300203	0.9605707225687683	0.95951785092444	0.9582211132888175	1.0	0.9623850369272818	0.9589472857999465	0.9623843385802675	0.9647890492013015	0.9605244082888844	0.9623694629855125	0.9604678090051615	0.9599360118171201	0.9613709355547406	0.961744761195728	0.9976829278690389	0.9616117912553427	0.9615672883783652	0.9610868321008295	0.9616028218137193	0.9596523933126919	0.9618320101655531	0.9623850369272818	0.9634152073453478	0.9640924429184164
0.959001182801191	0.9650906055558859	0.9600151881991605	0.9643288190208814	0.9621653262094183	0.9626063809728717	0.9597576873314182	0.9643019273420768	0.9617091327908363	0.9650462723099831	0.9632934754444268	0.9644170902717625	0.9617577522740932	0.9637593415805484	0.9623850369272818	1.0	0.9606160639468297	0.9646240125076954	0.9634206453915578	0.9620795674719184	0.9629158666928885	0.9620081777283768	0.9613820552298386	0.96307554595325	0.9648276558164698	0.9623931424214816	0.9644796440234369	0.9648565391069149	0.9651257603788868	0.9638035986861818	0.965340981292812	0.96502700260085	0.9656378109351557	0.9679782732981277	0.9607858064671622
0.9623532619336094	0.9582970885415901	0.9586694491025343	0.957842030468825	0.9615818249094842	0.9656272688916699	0.9642794042618962	0.961920989194563	0.9582372172810067	0.9630182633232435	0.9601359007214614	0.9599350868661455	0.9631741967597958	0.9609497417490658	0.9589472857999465	0.9606160639468297	1.0	0.9626816941711083	0.9609090156836632	0.960064866967031	0.9581658457672695	0.9620885755178558	0.9618914051410618	0.9604853474094489	0.9619588818851886	0.9589406868892318	0.9616804965366589	0.9609523389105314	0.9602957654031694	0.9628509542465019	0.9598378225696875	0.9627334622157923	0.9617235200186562	0.9611899430907592	0.9596984923408598
0.9643361306907209	0.9629806321880411	0.9619967612661616	0.9650287086465109	0.9652222328024097	0.963149625988191	0.9609622284056076	0.9644367994237941	0.9636526615932149	0.964472702933373	0.9647188605970339	0.9634703994589418	0.962400658000918	0.9648864316095698	0.9623843385802675	0.9646240125076954	0.9626816941711083	1.0	0.9624885381190279	0.9582896753581344	0.9646544636293768	0.9627842259581035	0.9654119927732937	0.9664959212557446	0.9623757657523361	0.9629105526072025	0.9639066256562117	0.9651408343556244	0.9628404203161571	0.992837948915417	0.964771775724367	0.9928064632792536	0.9692707719309646	0.9640498675382863	0.9648659225647823
0.9606247508847209	0.9621874853137669	0.9586422456155527	0.9632253423850095	0.9622366851390887	0.9620579871834725	0.9614194607477715	0.9618110695574216	0.9593940707470531	0.9635057008535339	0.9626213764837234	0.9617712392735172	0.9627018246664588	0.9603011204266682	0.9647890492013015	0.9634206453915578	0.9609090156836632	0.9624885381190279	1.0	0.9589720915264839	0.9603384528835672	0.961234340224762	0.9595337173284211	0.9603939552363546	0.963234060632291	0.9644796440234369	0.963809300907848	0.9649086692598154	0.9618065688774081	0.9617163413539618	0.9608813797386918	0.9620646714127484	0.9634206453915578	0.9630358094340005	0.9614769619735765
0.9553529801798253	0.9605394146407593	0.9609179599619443	0.9606088734376921	0.9609068051102105	0.9596138669761449	0.966052732236698	0.9588997933735389	0.9600427868475397	0.9607214419294552	0.9640477720328089	0.9592664118545641	0.9617890843702354	0.959292676763575	0.9605244082888844	0.9620795674719184	0.960064866967031	0.9582896753581344	0.9589720915264839	1.0	0.9594784506670345	0.9553935674207	0.9576942590651928	0.9594525562268644	0.9583792780560804	0.9598645079863483	0.9596711968475173	0.9583635474754462	0.9596776615684597	0.9574607359277357	0.9594774431253655	0.9577529151397307	0.9594176858101541	0.9600180478708177	0.9584049685438474
0.9570224375060885	0.9616041279240346	0.9572511796557394	0.9589840138628183	0.961234263062837	0.9592441494452124	0.9577363149412453	0.9602706985931836	0.9976935293650568	0.9643648255048355	0.9628065687352574	0.9613546713242107	0.9570236736725223	0.9601943589867743	0.9623694629855125	0.9629158666928885	0.9581658457672695	0.9646544636293768	0.9603384528835672	0.9594784506670345	1.0	0.9614629469892343	0.9613404627929766	0.9903929204142724	0.9633358287601022	0.9644301307824469	0.9606097466869963	0.9724923250808161	0.9616858622787886	0.9657870105375094	0.9628549910852012	0.9651815061201194	0.9640281828340611	0.9632460641721778	0.9916335947104794
0.9613939315046035	0.9601039517375608	0.9528667203410557	0.9622435416264169	0.9605828795853444	0.9611662279997798	0.9580922766160367	0.9601524214255035	0.9609777374143669	0.9618362481772509	0.9602635199012287	0.9605154550383456	0.9598481852269478	0.9598043890819331	0.9604678090051615	0.9620081777283768	0.9620885755178558	0.9627842259581035	0.961234340224762	0.9553935674207	0.9614629469892343	1.0	0.962197222181102	0.961771150305515	0.9608508762143014	0.9608546815444178	0.9617111620132263	0.9612886380136786	0.9620480605488283	0.961956374439732	0.9570472942646343	0.9614301159875143	0.9636139404213161	0.9644862910432866	0.9617332571342079
0.9618759802612031	0.9583591066923525	0.9540659583046665	0.9593469730901999	0.9630631925234179	0.9625851877181193	0.9599773554075443	0.9624762151108883	0.9614118204237254	0.9624762151108883	0.9614378713283077	0.9630358094340005	0.9608897809608717	0.9634629411000888	0.9599360118171201	0.9613820552298386	0.9618914051410618	0.9654119927732937	0.9595337173284211	0.9576942590651928	0.9613404627929766	0.962197222181102	1.0	0.9644909350519384	0.9615058520235642	0.9596375696329927	0.9616295010432109	0.9637888296808386	0.9622764022845945	0.9644401968176861	0.9652489730489177	0.9643719647658737	0.9664645022147426	0.9605383973619402	0.9622656575928213
0.9614118204237254	0.9617720786802413	0.9573343940466772	0.9614269629703209	0.9618072161666298	0.9617347943296423	0.9598302547089838	0.96172471356905	0.9898331329050832	0.9659506141005102	0.9640103930745735	0.9616760124721583	0.9608897809608717	0.9626156399907654	0.9613709355547406	0.96307554595325	0.9604853474094489	0.9664959212557446	0.9603939552363546	0.9594525562268644	0.9903929204142724	0.961771150305515	0.9644909350519384	1.0	0.9631329084222462	0.9628897270651335	0.9597176506566845	0.9695186107225742	0.9628164138664784	0.9663129756968724	0.9634471157644947	0.9663067464903913	0.9642894909061974	0.9623591823587443	0.9898282971834647
0.9607454083623798	0.9635580754110495	0.9579860558627553	0.9635803437423137	0.9643595185954746	0.9649954213710388	0.9633070535280654	0.9603551577054252	0.9624654813349071	0.9633004612867432	0.9619247322758714	0.9622970759501688	0.9632042021888156	0.9631893124882285	0.961744761195728	0.9648276558164698	0.9619588818851886	0.9623757657523361	0.963234060632291	0.9583792780560804	0.9633358287601022	0.9608508762143014	0.9615058520235642	0.9631329084222462	1.0	0.9621102578609232	0.9664339703777544	0.9652917245183117	0.9621683732050221	0.9629089079613332	0.9631703440630037	0.9623187415708924	0.9640313622807625	0.9646363767041873	0.9644491647116903
0.9568135142330265	0.9630181134005676	0.9591698886299794	0.9642588386707139	0.9605048041489486	0.959506720834059	0.9604301058043291	0.9586661080516397	0.9629988998663094	0.9800978574077571	0.9600652064815993	0.9601556724710814	0.9600525255868334	0.9573451543786236	0.9976829278690389	0.9623931424214816	0.9589406868892318	0.9629105526072025	0.9644796440234369	0.9598645079863483	0.9644301307824469	0.9608546815444178	0.9596375696329927	0.9628897270651335	0.9621102578609232	1.0	0.9609090156836632	0.9615720941908303	0.9610896247919903	0.9624546619880443	0.9612730232954262	0.9625799537736786	0.961776124342617	0.963656369239226	0.9643592225466464
0.9597091002393124	0.962275957845712	0.9554083665518446	0.9625337657261955	0.9639157809027629	0.9614412622590945	0.9627876126046568	0.9644251460200576	0.9594387579313267	0.962763992590496	0.9616684976858276	0.9942912304589705	0.9624303410846996	0.9671565298731474	0.9616117912553427	0.9644796440234369	0.9616804965366589	0.9639066256562117	0.963809300907848	0.9596711968475173	0.9606097466869963	0.9617111620132263	0.9616295010432109	0.9597176506566845	0.9664339703777544	0.9609090156836632	1.0	0.9643935608246231	0.960376739246753	0.9636270321403453	0.9618882224814146	0.9625135239159129	0.9643702924774129	0.963980531356864	0.96159798486254
0.9599465337143201	0.9661761470117711	0.9576417901201983	0.9630104396799726	0.9649534376376151	0.9627685311764332	0.9605958041957356	0.9631981801822195	0.9701730855102684	0.9626734955711552	0.961875796851443	0.9636879013514641	0.9604899045162387	0.9648686407649519	0.9615672883783652	0.9648565391069149	0.9609523389105314	0.9651408343556244	0.9649086692598154	0.9583635474754462	0.9724923250808161	0.9612886380136786	0.9637888296808386	0.9695186107225742	0.9652917245183117	0.9615720941908303	0.9643935608246231	1.0	0.9654752783490819	0.9644092912236167	0.9639063995995227	0.9629018735463328	0.9664312322831681	0.9658765153686253	0.9701589326690631
0.9604136318121396	0.9639597371281489	0.9574517849341484	0.9640845955630563	0.9639759146139694	0.9610170850321685	0.9608757858284555	0.9591858591557905	0.9621554253009513	0.9624117714292683	0.9612670983555002	0.9603742915524119	0.9595964626087944	0.9599564975139392	0.9610868321008295	0.9651257603788868	0.9602957654031694	0.9628404203161571	0.9618065688774081	0.9596776615684597	0.9616858622787886	0.9620480605488283	0.9622764022845945	0.9628164138664784	0.9621683732050221	0.9610896247919903	0.960376739246753	0.9654752783490819	1.0	0.9609319744288498	0.961732651885079	0.9605052688130322	0.9650139782621183	0.9782524464903523	0.9636535563870193
0.9627125134108537	0.9625325835427445	0.9600035627326344	0.9630233057229849	0.9645979452127715	0.9618005240517745	0.961270628285837	0.9639556312278998	0.9650814955163148	0.9631779603351237	0.9634508054427806	0.9621509137279931	0.9609381336555233	0.9630631083035729	0.9616028218137193	0.9638035986861818	0.9628509542465019	0.992837948915417	0.9617163413539618	0.9574607359277357	0.9657870105375094	0.961956374439732	0.9644401968176861	0.9663129756968724	0.9629089079613332	0.9624546619880443	0.9636270321403453	0.9644092912236167	0.9609319744288498	1.0	0.9646298918706053	0.9925453589638832	0.9680817166825877	0.962345476071921	0.9647097162813154
0.9655008939294463	0.961137660840288	0.9596396761052683	0.9716891291629698	0.9660257970925884	0.960374025915161	0.9609112453968424	0.9621511812114475	0.9631271834558208	0.9638459645522355	0.9637453257247015	0.961828503565458	0.9601097709832049	0.962956932373313	0.9596523933126919	0.965340981292812	0.9598378225696875	0.964771775724367	0.9608813797386918	0.9594774431253655	0.9628549910852012	0.9570472942646343	0.9652489730489177	0.9634471157644947	0.9631703440630037	0.9612730232954262	0.9618882224814146	0.9639063995995227	0.961732651885079	0.9646298918706053	1.0	0.9636997507503551	0.9651014711238861	0.9655863213150505	0.962659894313009
0.9629888436667576	0.9618155623693613	0.9611021336389745	0.9622221817547537	0.9627308453727091	0.9624219237943205	0.9604684303956924	0.9634928375790951	0.9641570268558365	0.9634479151785152	0.9623907776586573	0.9611817024361918	0.9606267744044269	0.9637088730850151	0.9618320101655531	0.96502700260085	0.9627334622157923	0.9928064632792536	0.9620646714127484	0.9577529151397307	0.9651815061201194	0.9614301159875143	0.9643719647658737	0.9663067464903913	0.9623187415708924	0.9625799537736786	0.9625135239159129	0.9629018735463328	0.9605052688130322	0.9925453589638832	0.9636997507503551	1.0	0.9684403983150885	0.9627112684381226	0.96478011620601
0.9638244680542731	0.9645397403921175	0.959265608227424	0.967578661982834	0.9639969247475695	0.9638298282931324	0.9630251905653278	0.9693580889980885	0.9639521609293874	0.9643416574809606	0.9629343016222236	0.9626110417803599	0.9625273004743169	0.9712860702591223	0.9623850369272818	0.9656378109351557	0.9617235200186562	0.9692707719309646	0.9634206453915578	0.9594176858101541	0.9640281828340611	0.9636139404213161	0.9664645022147426	0.9642894909061974	0.9640313622807625	0.961776124342617	0.9643702924774129	0.9664312322831681	0.9650139782621183	0.9680817166825877	0.9651014711238861	0.9684403983150885	1.0	0.9671486770030613	0.9648250217040716
0.9615755851935202	0.9680534869899586	0.9581474420202182	0.9662445844517565	0.9643935608246231	0.9628225057236127	0.9609478303817144	0.962358839823046	0.9623645588172195	0.9643849205439554	0.9627832218058963	0.9611342234653608	0.9606000772669321	0.9633408887287842	0.9634152073453478	0.9679782732981277	0.9611899430907592	0.9640498675382863	0.9630358094340005	0.9600180478708177	0.9632460641721778	0.9644862910432866	0.9605383973619402	0.9623591823587443	0.9646363767041873	0.963656369239226	0.963980531356864	0.9658765153686253	0.9782524464903523	0.962345476071921	0.9655863213150505	0.9627112684381226	0.9671486770030613	1.0	0.9632225812737543
0.9595126968350792	0.9592780705575525	0.9567204103576491	0.9599276037246266	0.9617684813879023	0.961557710828219	0.9612480635180618	0.9613890433922713	0.9921291195674304	0.9664179710125507	0.9636615941529824	0.9619363943351286	0.9605833286885851	0.9618498060513677	0.9640924429184164	0.9607858064671622	0.9596984923408598	0.9648659225647823	0.9614769619735765	0.9584049685438474	0.9916335947104794	0.9617332571342079	0.9622656575928213	0.9898282971834647	0.9644491647116903	0.9643592225466464	0.96159798486254	0.9701589326690631	0.9636535563870193	0.9647097162813154	0.962659894313009	0.96478011620601	0.9648250217040716	0.9632225812737543	1.0
