/home/jshaw/scratch/2022_sketched_distance/references/SGB_genome_fastas_part1_redo/1941/BackhedF_2015__SID39_12M__bin.10.fa	/home/jshaw/scratch/2022_sketched_distance/references/SGB_genome_fastas_part1_redo/1941/BackhedF_2015__SID39_4M__bin.19.fa	/home/jshaw/scratch/2022_sketched_distance/references/SGB_genome_fastas_part1_redo/1941/BackhedF_2015__SID570_B__bin.3.fa	/home/jshaw/scratch/2022_sketched_distance/references/SGB_genome_fastas_part1_redo/1941/BackhedF_2015__SID7_12M__bin.16.fa	/home/jshaw/scratch/2022_sketched_distance/references/SGB_genome_fastas_part1_redo/1941/ChengpingW_2017__AS96raw__bin.56.fa	/home/jshaw/scratch/2022_sketched_distance/references/SGB_genome_fastas_part1_redo/1941/CosteaPI_2017__SID713A026-11-0-0__bin.18.fa	/home/jshaw/scratch/2022_sketched_distance/references/SGB_genome_fastas_part1_redo/1941/HMP_2012__SRS011239__bin.45.fa	/home/jshaw/scratch/2022_sketched_distance/references/SGB_genome_fastas_part1_redo/1941/HMP_2012__SRS049959__bin.78.fa	/home/jshaw/scratch/2022_sketched_distance/references/SGB_genome_fastas_part1_redo/1941/LeChatelierE_2013__MH0229__bin.61.fa	/home/jshaw/scratch/2022_sketched_distance/references/SGB_genome_fastas_part1_redo/1941/LiJ_2014__V1.FI14__bin.22.fa	/home/jshaw/scratch/2022_sketched_distance/references/SGB_genome_fastas_part1_redo/1941/LiuW_2016__SRR3992973__bin.110.fa	/home/jshaw/scratch/2022_sketched_distance/references/SGB_genome_fastas_part1_redo/1941/QinJ_2012__CON-007__bin.17.fa	/home/jshaw/scratch/2022_sketched_distance/references/SGB_genome_fastas_part1_redo/1941/QinJ_2012__DLM022__bin.27.fa	/home/jshaw/scratch/2022_sketched_distance/references/SGB_genome_fastas_part1_redo/1941/QinJ_2012__T2D-016__bin.17.fa	/home/jshaw/scratch/2022_sketched_distance/references/SGB_genome_fastas_part1_redo/1941/QinJ_2012__T2D-049__bin.25.fa	/home/jshaw/scratch/2022_sketched_distance/references/SGB_genome_fastas_part1_redo/1941/RaymondF_2016__P19E0__bin.22.fa	/home/jshaw/scratch/2022_sketched_distance/references/SGB_genome_fastas_part1_redo/1941/VatanenT_2016__G80598__bin.6.fa	/home/jshaw/scratch/2022_sketched_distance/references/SGB_genome_fastas_part1_redo/1941/VincentC_2016__MM056.2__bin.9.fa	/home/jshaw/scratch/2022_sketched_distance/references/SGB_genome_fastas_part1_redo/1941/VogtmannE_2016__MMRS15137911ST-27-0-0__bin.28.fa	/home/jshaw/scratch/2022_sketched_distance/references/SGB_genome_fastas_part1_redo/1941/VogtmannE_2016__MMRS40913371ST-27-0-0__bin.26.fa	/home/jshaw/scratch/2022_sketched_distance/references/SGB_genome_fastas_part1_redo/1941/WenC_2017__N253__bin.60.fa	/home/jshaw/scratch/2022_sketched_distance/references/SGB_genome_fastas_part1_redo/1941/XieH_2016__YSZC12003_35520__bin.137.fa	/home/jshaw/scratch/2022_sketched_distance/references/SGB_genome_fastas_part1_redo/1941/XieH_2016__YSZC12003_35636__bin.35.fa	/home/jshaw/scratch/2022_sketched_distance/references/SGB_genome_fastas_part1_redo/1941/XieH_2016__YSZC12003_36058__bin.76.fa	/home/jshaw/scratch/2022_sketched_distance/references/SGB_genome_fastas_part1_redo/1941/XieH_2016__YSZC12003_36211__bin.8.fa	/home/jshaw/scratch/2022_sketched_distance/references/SGB_genome_fastas_part1_redo/1941/XieH_2016__YSZC12003_36526__bin.42.fa	/home/jshaw/scratch/2022_sketched_distance/references/SGB_genome_fastas_part1_redo/1941/XieH_2016__YSZC12003_36667__bin.35.fa	/home/jshaw/scratch/2022_sketched_distance/references/SGB_genome_fastas_part1_redo/1941/XieH_2016__YSZC12003_36695__bin.43.fa	/home/jshaw/scratch/2022_sketched_distance/references/SGB_genome_fastas_part1_redo/1941/XieH_2016__YSZC12003_37652__bin.104.fa	/home/jshaw/scratch/2022_sketched_distance/references/SGB_genome_fastas_part1_redo/1941/XieH_2016__YSZC12003_37877__bin.27.fa	/home/jshaw/scratch/2022_sketched_distance/references/SGB_genome_fastas_part1_redo/1941/YuJ_2015__SZAXPI015225-18__bin.46.fa	/home/jshaw/scratch/2022_sketched_distance/references/SGB_genome_fastas_part1_redo/1941/ZeeviD_2015__PNP_Main_178__bin.27.fa	/home/jshaw/scratch/2022_sketched_distance/references/SGB_genome_fastas_part1_redo/1941/ZeeviD_2015__PNP_Main_471__bin.17.fa	/home/jshaw/scratch/2022_sketched_distance/references/SGB_genome_fastas_part1_redo/1941/ZellerG_2014__CCIS13047523ST-4-0__bin.11.fa	/home/jshaw/scratch/2022_sketched_distance/references/SGB_genome_fastas_part1_redo/1941/ZellerG_2014__CCIS52370277ST-4-0__bin.29.fa
1.0	0.9989985531717803	0.9845994871406898	0.9842568868474679	0.9846961274980667	0.9857998125628336	0.9841149214674084	0.9831033278155374	0.9842471784718099	0.9824355542295325	0.9855782028590273	0.9780850974805197	0.983508556231854	0.9827539255702611	0.9832543489714197	0.9808162509639674	0.9837011885944678	0.9850804918950047	0.9848241414891539	0.9816528678331894	0.9825231532345751	0.9846584397122925	0.9846728931037646	0.9851224807891555	0.9842057714821218	0.9835102914809012	0.983994053895064	0.9847527198180794	0.985158647815356	0.9844444746178814	0.9823590937783361	0.9837091402652602	0.9828479873104412	0.9820847279029662	0.9825412667187524
0.9989985531717803	1.0	0.983497297259899	0.9832596387683895	0.9837474901471281	0.9857023833866833	0.9829617098425167	0.9820336497687127	0.9838223866980654	0.981928799257448	0.9851029016138295	0.97719882963589	0.9830474468324415	0.981625612593003	0.9828223978025072	0.9799813874603321	0.9834726220980793	0.9842499694390775	0.9843255040548179	0.9804733328096943	0.9818222010590624	0.9833885628099569	0.9845721889895075	0.9847356214526123	0.9835984506175363	0.982895826844718	0.9835856163973663	0.9835076139525234	0.9848216490076289	0.9834054038146575	0.982159006248092	0.9826996595828128	0.9819821724294998	0.981102908886976	0.9817394031120426
0.9845994871406898	0.983497297259899	1.0	0.9864225191015642	0.9854124653092404	0.9858362741552555	0.9874566738888056	0.9851256773396836	0.9858842891788158	0.982353591858887	0.9852581302581652	0.9783403637958756	0.9852618536980822	0.985622831341046	0.9840168675693606	0.9824246365375683	0.9879898746336864	0.9827366889646513	0.98646451562161	0.9834605251593876	0.9853547789439445	0.9880299189749128	0.9861863420863951	0.9864141133570471	0.9863321989265235	0.9827256919664783	0.9859484559569774	0.9876758462024051	0.9842726891766795	0.9853981614233723	0.9863972954185739	0.9851370028048763	0.9852678417021163	0.9822975802954323	0.9833529568306993
0.9842568868474679	0.9832596387683895	0.9864225191015642	1.0	0.9869628925249595	0.9868293332614438	0.9877062089149841	0.9865858014704909	0.9858477664875476	0.9840220227350437	0.98519851373578	0.9795443497413405	0.9865574346294784	0.9868097327753026	0.9843452577574829	0.9828199921644121	0.9874100885999977	0.9838968383049972	0.9868261034807639	0.9829940200932185	0.98628152062076	0.9882043657039121	0.9859722315904376	0.9862898395297103	0.9886062772716666	0.9827910701298573	0.9852071069149422	0.9879838924649637	0.9847004489925718	0.987793733486197	0.987538467651054	0.986331402529274	0.9862898395297103	0.983389893622889	0.983946427924033
0.9846961274980667	0.9837474901471281	0.9854124653092404	0.9869628925249595	1.0	0.9857145778442676	0.9876403642459597	0.9857692956975813	0.9849400369779836	0.9827613677734758	0.9841188134594937	0.9781904492691073	0.9948516980839176	0.9852956558512336	0.983954431250287	0.9814978885481781	0.9871590982562767	0.9823203130568242	0.9870141895393206	0.9825560120929022	0.9855377972892422	0.9882383929511128	0.9861836792599293	0.9864193880662366	0.9855531239065541	0.9830994691437098	0.9850517159196692	0.988180725512216	0.9827751032334446	0.9862099527374151	0.9978360797169573	0.9854483232681828	0.9855109806623296	0.9820470216366498	0.9827485421497475
0.9857998125628336	0.9857023833866833	0.9858362741552555	0.9868293332614438	0.9857145778442676	1.0	0.9869704586368135	0.9848373211416473	0.9857267677777342	0.9795048095125082	0.9798420219268541	0.9709975584640107	0.983456257683349	0.9854821056135269	0.9848498410030019	0.9786235132431544	0.9884056183312627	0.9826229292203583	0.9868293332614438	0.9840900656811301	0.9863066302064423	0.987575102727137	0.9863783990348963	0.9866046390267774	0.9852479764644896	0.9838199322749723	0.9874712445384368	0.9871460182890037	0.9787444150679516	0.9864022872066827	0.9866875998107041	0.9862946534889145	0.9863783990348963	0.9744107315559483	0.9842179228938075
0.9841149214674084	0.9829617098425167	0.9874566738888056	0.9877062089149841	0.9876403642459597	0.9869704586368135	1.0	0.9868970005665478	0.986588488731146	0.9840442985290668	0.9862554011536162	0.9794721938730072	0.9872456484665667	0.9856190049506889	0.983240813458875	0.9933687020045933	0.9873650702696045	0.9850083155416277	0.9864248985442681	0.9835467304015241	0.9846849813554166	0.9984748527410492	0.9859005179975662	0.985964526622748	0.9884051478945746	0.9835192423295438	0.9860566144301723	0.9985711719845626	0.9855514355587807	0.9854895054938207	0.9868478026115824	0.984857307225269	0.984266786135376	0.983642406940854	0.9846966649849509
0.9831033278155374	0.9820336497687127	0.9851256773396836	0.9865858014704909	0.9857692956975813	0.9848373211416473	0.9868970005665478	1.0	0.984827142201189	0.9823301363084253	0.9837092702007141	0.978280480664611	0.9853196770731597	0.9856949673526939	0.9837545664999592	0.9811420802863432	0.9869555463126525	0.9818437681612885	0.9859113248437001	0.982848636466548	0.9854159344162957	0.9872218652385882	0.9857643568641858	0.9859199495841551	0.986062520980465	0.9823043625499922	0.984555334096815	0.9869304680355011	0.9829932789600874	0.985337027454605	0.9875517613749801	0.9855295775369589	0.9855121195490882	0.9833052884174301	0.9839274504040283
0.9842471784718099	0.9838223866980654	0.9858842891788158	0.9858477664875476	0.9849400369779836	0.9857267677777342	0.986588488731146	0.984827142201189	1.0	0.9813295108247471	0.9817007936295857	0.9784001371672484	0.9831710450458192	0.984189575226696	0.9836470098958257	0.9793615999076988	0.9888409268125139	0.9817569098581103	0.9859936143473016	0.9853321396284059	0.9863104180548324	0.9871727934148434	0.9851179969008823	0.9852578134702296	0.9843620824412482	0.9821478480926704	0.9875219327247308	0.987339096486695	0.9810432481430799	0.9844384621472905	0.9865259038030598	0.9863374311319819	0.9863014087613312	0.9815017364790051	0.9840644201236328
0.9824355542295325	0.981928799257448	0.982353591858887	0.9840220227350437	0.9827613677734758	0.9795048095125082	0.9840442985290668	0.9823301363084253	0.9813295108247471	1.0	0.9784360220422785	0.9779642770995585	0.9799837021723359	0.9821064665098815	0.9823653133365866	0.976177774350431	0.9849448245359782	0.9792829844553947	0.9833920767992917	0.9806079317715353	0.9918478582758171	0.9844206909385137	0.982900016168572	0.9830265971499248	0.9813053094471728	0.9805955633199851	0.9833693533323107	0.9839997318026935	0.9770785303052989	0.9827034239718949	0.9841554511538978	0.9890343587784283	0.9892536577248502	0.9793069968971935	0.982059182783027
0.9855782028590273	0.9851029016138295	0.9852581302581652	0.98519851373578	0.9841188134594937	0.9798420219268541	0.9862554011536162	0.9837092702007141	0.9817007936295857	0.9784360220422785	1.0	0.9703051710129741	0.9822668201309052	0.9870432764868736	0.9845354865942352	0.9782299449120132	0.9862554011536162	0.9859302196193223	0.9903572240443665	0.9803176102258797	0.9847781395913335	0.9866117110153766	0.9961801920723309	0.9963338777598976	0.9833071918334342	0.9935914270184518	0.9851626918051332	0.9860932125135947	0.9895463496950114	0.9859768715573934	0.9856842044368694	0.9845841609245413	0.9851387887907403	0.972672127755506	0.9820047690121044
0.9780850974805197	0.97719882963589	0.9783403637958756	0.9795443497413405	0.9781904492691073	0.9709975584640107	0.9794721938730072	0.978280480664611	0.9784001371672484	0.9779642770995585	0.9703051710129741	1.0	0.9740798976672832	0.97822048736286	0.9787417243581651	0.9741650326565249	0.9808581877770649	0.9757091858756656	0.9784448954115476	0.9782654926837461	0.9856302497881894	0.9798170970494674	0.9783104359758378	0.9785936475140219	0.9762718379404369	0.9759193085684402	0.9798313892647911	0.9795155065265446	0.968915689946449	0.9779794041574984	0.9791965378471191	0.9906499875913543	0.9906397072999994	0.9835166390895352	0.9797455420064451
0.983508556231854	0.9830474468324415	0.9852618536980822	0.9865574346294784	0.9948516980839176	0.983456257683349	0.9872456484665667	0.9853196770731597	0.9831710450458192	0.9799837021723359	0.9822668201309052	0.9740798976672832	1.0	0.9854446129165173	0.9834881996356305	0.9787659070174076	0.986806853498189	0.9818386959697407	0.9868803936181281	0.9812771245675971	0.9851845971559918	0.9876965889886433	0.9863341296320476	0.9864831680018135	0.9867884427503093	0.9826006847066051	0.9847857790230753	0.9873453868163379	0.9808935658329893	0.9856454339396985	0.9984378469478951	0.9855499579699354	0.9854637917075877	0.9783212936597091	0.9816453946688892
0.9827539255702611	0.981625612593003	0.985622831341046	0.9868097327753026	0.9852956558512336	0.9854821056135269	0.9856190049506889	0.9856949673526939	0.984189575226696	0.9821064665098815	0.9870432764868736	0.97822048736286	0.9854446129165173	1.0	0.9832604706928206	0.981882673695664	0.9845305167138216	0.9869205412372978	0.987989095316062	0.981178502202646	0.9824322186895604	0.9862549053690115	0.9871295648618601	0.9874460879956997	0.9866085616031349	0.9847488499028063	0.984936518325783	0.9861534063518312	0.9863347536516646	0.9850948988615591	0.9843084783565977	0.9839264220761383	0.9830296332747331	0.9822351201701665	0.9832949498760669
0.9832543489714197	0.9828223978025072	0.9840168675693606	0.9843452577574829	0.983954431250287	0.9848498410030019	0.983240813458875	0.9837545664999592	0.9836470098958257	0.9823653133365866	0.9845354865942352	0.9787417243581651	0.9834881996356305	0.9832604706928206	1.0	0.9797605496159183	0.9818300047088332	0.9832647961093132	0.9829791674583195	0.9804635665553306	0.9824451235602659	0.9837491124474286	0.9834622801417282	0.983815222311675	0.983821476539323	0.982492002233993	0.9837677725013928	0.9837932047850555	0.9837519048701815	0.9835509909921196	0.9817266985443991	0.9836480424683144	0.982640900453908	0.9825957415933471	0.9822828090507119
0.9808162509639674	0.9799813874603321	0.9824246365375683	0.9828199921644121	0.9814978885481781	0.9786235132431544	0.9933687020045933	0.9811420802863432	0.9793615999076988	0.976177774350431	0.9782299449120132	0.9741650326565249	0.9787659070174076	0.981882673695664	0.9797605496159183	1.0	0.984049908702047	0.9782569803874254	0.9827668437639091	0.9793497919766238	0.981387113643401	0.9938205156904779	0.9821656137927347	0.9822953812971827	0.9810188717323057	0.9793852029647304	0.9812090898215607	0.9934841555237146	0.9775654359669378	0.9822737890649873	0.9834511383556088	0.9814425479824133	0.9813093474131658	0.9758628759488441	0.978909868128507
0.9837011885944678	0.9834726220980793	0.9879898746336864	0.9874100885999977	0.9871590982562767	0.9884056183312627	0.9873650702696045	0.9869555463126525	0.9888409268125139	0.9849448245359782	0.9862554011536162	0.9808581877770649	0.986806853498189	0.9845305167138216	0.9818300047088332	0.984049908702047	1.0	0.9852423109715273	0.9843523252473209	0.9848794091026656	0.9853267371949829	0.9880107177701032	0.9844154058697826	0.9848444247367516	0.9884891010528509	0.9832406231914216	0.9883863416072051	0.9881749389092862	0.984930347741748	0.9848658402782234	0.9846665316809555	0.9866035689664903	0.9852520657083664	0.9847726219816856	0.9877575285533975
0.9850804918950047	0.9842499694390775	0.9827366889646513	0.9838968383049972	0.9823203130568242	0.9826229292203583	0.9850083155416277	0.9818437681612885	0.9817569098581103	0.9792829844553947	0.9859302196193223	0.9757091858756656	0.9818386959697407	0.9869205412372978	0.9832647961093132	0.9782569803874254	0.9852423109715273	1.0	0.9905860639691367	0.9805036384527919	0.9835398634665269	0.985385483822692	0.9897678060517612	0.989939309568726	0.982389380336911	0.9858993164305563	0.9832838405568363	0.985305025904029	0.9852662384461119	0.9858112959369191	0.9845169299429881	0.9830353953328217	0.9833409075959055	0.9799569124445638	0.9801381910590288
0.9848241414891539	0.9843255040548179	0.98646451562161	0.9868261034807639	0.9870141895393206	0.9868293332614438	0.9864248985442681	0.9859113248437001	0.9859936143473016	0.9833920767992917	0.9903572240443665	0.9784448954115476	0.9868803936181281	0.987989095316062	0.9829791674583195	0.9827668437639091	0.9843523252473209	0.9905860639691367	1.0	0.9820367805734911	0.9834368737199874	0.9869127348427792	0.9912753108019198	0.9918528433687199	0.9870582298125026	0.9892079747035348	0.9862677079884205	0.9868908421733049	0.989692738734582	0.9870338367459075	0.9847528172285341	0.98478143739977	0.9837389138335453	0.9831961884086555	0.9839084618967869
0.9816528678331894	0.9804733328096943	0.9834605251593876	0.9829940200932185	0.9825560120929022	0.9840900656811301	0.9835467304015241	0.982848636466548	0.9853321396284059	0.9806079317715353	0.9803176102258797	0.9782654926837461	0.9812771245675971	0.981178502202646	0.9804635665553306	0.9793497919766238	0.9848794091026656	0.9805036384527919	0.9820367805734911	1.0	0.9826820125259035	0.9839794573928582	0.9816151706697844	0.9818125980522566	0.9828604676311625	0.9786867094739187	0.9846371566921385	0.9838916083030727	0.979343484640494	0.9812929788763882	0.9827002622178915	0.9830721578454852	0.9830721578454852	0.982780723368858	0.9832852720618538
0.9825231532345751	0.9818222010590624	0.9853547789439445	0.98628152062076	0.9855377972892422	0.9863066302064423	0.9846849813554166	0.9854159344162957	0.9863104180548324	0.9918478582758171	0.9847781395913335	0.9856302497881894	0.9851845971559918	0.9824322186895604	0.9824451235602659	0.981387113643401	0.9853267371949829	0.9835398634665269	0.9834368737199874	0.9826820125259035	1.0	0.9851447613377138	0.9829618442373858	0.9831322891283496	0.9855164344108659	0.9813837662666596	0.985518566216098	0.9852015283719417	0.9838018611782627	0.9831295907188224	0.9839300146017623	0.9915263593755707	0.9903854261089606	0.9898060759688517	0.9853029558008526
0.9846584397122925	0.9833885628099569	0.9880299189749128	0.9882043657039121	0.9882383929511128	0.987575102727137	0.9984748527410492	0.9872218652385882	0.9871727934148434	0.9844206909385137	0.9866117110153766	0.9798170970494674	0.9876965889886433	0.9862549053690115	0.9837491124474286	0.9938205156904779	0.9880107177701032	0.985385483822692	0.9869127348427792	0.9839794573928582	0.9851447613377138	1.0	0.9863496905527269	0.986491357940682	0.9891120239479718	0.983981351239573	0.9865693211645122	0.999209581740001	0.9862190191355519	0.9860883708360666	0.9873670407171387	0.9853420850952458	0.9847910370938482	0.9838573097910803	0.9850654486533188
0.9846728931037646	0.9845721889895075	0.9861863420863951	0.9859722315904376	0.9861836792599293	0.9863783990348963	0.9859005179975662	0.9857643568641858	0.9851179969008823	0.982900016168572	0.9961801920723309	0.9783104359758378	0.9863341296320476	0.9871295648618601	0.9834622801417282	0.9821656137927347	0.9844154058697826	0.9897678060517612	0.9912753108019198	0.9816151706697844	0.9829618442373858	0.9863496905527269	1.0	0.9988501167340658	0.9863858700666541	0.9965431730285154	0.9860820173498834	0.9862494938650358	0.9959477659398119	0.9863975351935524	0.9845436216528258	0.9843396108920296	0.9834783882948276	0.9828053088687473	0.983535971239187
0.9851224807891555	0.9847356214526123	0.9864141133570471	0.9862898395297103	0.9864193880662366	0.9866046390267774	0.985964526622748	0.9859199495841551	0.9852578134702296	0.9830265971499248	0.9963338777598976	0.9785936475140219	0.9864831680018135	0.9874460879956997	0.983815222311675	0.9822953812971827	0.9848444247367516	0.989939309568726	0.9918528433687199	0.9818125980522566	0.9831322891283496	0.986491357940682	0.9988501167340658	1.0	0.9866529195170431	0.9966395331100664	0.9861918703740783	0.9863453013504094	0.9960512411217287	0.9866939378556941	0.9849081883375347	0.9846630680120978	0.9837974567946914	0.9829157158675547	0.9836797380713667
0.9842057714821218	0.9835984506175363	0.9863321989265235	0.9886062772716666	0.9855531239065541	0.9852479764644896	0.9884051478945746	0.986062520980465	0.9843620824412482	0.9813053094471728	0.9833071918334342	0.9762718379404369	0.9867884427503093	0.9866085616031349	0.983821476539323	0.9810188717323057	0.9884891010528509	0.982389380336911	0.9870582298125026	0.9828604676311625	0.9855164344108659	0.9891120239479718	0.9863858700666541	0.9866529195170431	1.0	0.9829796673915251	0.9853415974898481	0.9888144898091697	0.9823604352222804	0.9870319482062562	0.9880756709506154	0.9858451741480955	0.9857632970525054	0.9800238741161147	0.9826307819997443
0.9835102914809012	0.982895826844718	0.9827256919664783	0.9827910701298573	0.9830994691437098	0.9838199322749723	0.9835192423295438	0.9823043625499922	0.9821478480926704	0.9805955633199851	0.9935914270184518	0.9759193085684402	0.9826006847066051	0.9847488499028063	0.982492002233993	0.9793852029647304	0.9832406231914216	0.9858993164305563	0.9892079747035348	0.9786867094739187	0.9813837662666596	0.983981351239573	0.9965431730285154	0.9966395331100664	0.9829796673915251	1.0	0.9827437807869656	0.9835281907350468	0.9936319570425444	0.9845239513394612	0.983375734649257	0.981460098484461	0.9816974952480257	0.9800773448024869	0.9808131775914986
0.983994053895064	0.9835856163973663	0.9859484559569774	0.9852071069149422	0.9850517159196692	0.9874712445384368	0.9860566144301723	0.984555334096815	0.9875219327247308	0.9833693533323107	0.9851626918051332	0.9798313892647911	0.9847857790230753	0.984936518325783	0.9837677725013928	0.9812090898215607	0.9883863416072051	0.9832838405568363	0.9862677079884205	0.9846371566921385	0.985518566216098	0.9865693211645122	0.9860820173498834	0.9861918703740783	0.9853415974898481	0.9827437807869656	1.0	0.9864690905299658	0.9841123758044613	0.9845130921287485	0.9861243119705277	0.9859378071782638	0.9860989417292702	0.9832083285817746	0.985019576601296
0.9847527198180794	0.9835076139525234	0.9876758462024051	0.9879838924649637	0.988180725512216	0.9871460182890037	0.9985711719845626	0.9869304680355011	0.987339096486695	0.9839997318026935	0.9860932125135947	0.9795155065265446	0.9873453868163379	0.9861534063518312	0.9837932047850555	0.9934841555237146	0.9881749389092862	0.985305025904029	0.9868908421733049	0.9838916083030727	0.9852015283719417	0.999209581740001	0.9862494938650358	0.9863453013504094	0.9888144898091697	0.9835281907350468	0.9864690905299658	1.0	0.9855514355587807	0.9860409481012175	0.9872418165058322	0.985159045302277	0.9848362967270176	0.9838573097910803	0.9847337303408162
0.985158647815356	0.9848216490076289	0.9842726891766795	0.9847004489925718	0.9827751032334446	0.9787444150679516	0.9855514355587807	0.9829932789600874	0.9810432481430799	0.9770785303052989	0.9895463496950114	0.968915689946449	0.9808935658329893	0.9863347536516646	0.9837519048701815	0.9775654359669378	0.984930347741748	0.9852662384461119	0.989692738734582	0.979343484640494	0.9838018611782627	0.9862190191355519	0.9959477659398119	0.9960512411217287	0.9823604352222804	0.9936319570425444	0.9841123758044613	0.9855514355587807	1.0	0.9862537822904648	0.9846275135891804	0.9836392241305327	0.9841987957219186	0.9716522425451378	0.9812327673504176
0.9844444746178814	0.9834054038146575	0.9853981614233723	0.987793733486197	0.9862099527374151	0.9864022872066827	0.9854895054938207	0.985337027454605	0.9844384621472905	0.9827034239718949	0.9859768715573934	0.9779794041574984	0.9856454339396985	0.9850948988615591	0.9835509909921196	0.9822737890649873	0.9848658402782234	0.9858112959369191	0.9870338367459075	0.9812929788763882	0.9831295907188224	0.9860883708360666	0.9863975351935524	0.9866939378556941	0.9870319482062562	0.9845239513394612	0.9845130921287485	0.9860409481012175	0.9862537822904648	1.0	0.984956018257238	0.9837701244310764	0.9834568613846022	0.9817184015600932	0.9832174472306086
0.9823590937783361	0.982159006248092	0.9863972954185739	0.987538467651054	0.9978360797169573	0.9866875998107041	0.9868478026115824	0.9875517613749801	0.9865259038030598	0.9841554511538978	0.9856842044368694	0.9791965378471191	0.9984378469478951	0.9843084783565977	0.9817266985443991	0.9834511383556088	0.9846665316809555	0.9845169299429881	0.9847528172285341	0.9827002622178915	0.9839300146017623	0.9873670407171387	0.9845436216528258	0.9849081883375347	0.9880756709506154	0.983375734649257	0.9861243119705277	0.9872418165058322	0.9846275135891804	0.984956018257238	1.0	0.9853752557359381	0.9841548031794807	0.9833415745346636	0.9848446759493336
0.9837091402652602	0.9826996595828128	0.9851370028048763	0.986331402529274	0.9854483232681828	0.9862946534889145	0.984857307225269	0.9855295775369589	0.9863374311319819	0.9890343587784283	0.9845841609245413	0.9906499875913543	0.9855499579699354	0.9839264220761383	0.9836480424683144	0.9814425479824133	0.9866035689664903	0.9830353953328217	0.98478143739977	0.9830721578454852	0.9915263593755707	0.9853420850952458	0.9843396108920296	0.9846630680120978	0.9858451741480955	0.981460098484461	0.9859378071782638	0.985159045302277	0.9836392241305327	0.9837701244310764	0.9853752557359381	1.0	0.9972294594988582	0.9948867825232921	0.9849184319260293
0.9828479873104412	0.9819821724294998	0.9852678417021163	0.9862898395297103	0.9855109806623296	0.9863783990348963	0.984266786135376	0.9855121195490882	0.9863014087613312	0.9892536577248502	0.9851387887907403	0.9906397072999994	0.9854637917075877	0.9830296332747331	0.982640900453908	0.9813093474131658	0.9852520657083664	0.9833409075959055	0.9837389138335453	0.9830721578454852	0.9903854261089606	0.9847910370938482	0.9834783882948276	0.9837974567946914	0.9857632970525054	0.9816974952480257	0.9860989417292702	0.9848362967270176	0.9841987957219186	0.9834568613846022	0.9841548031794807	0.9972294594988582	1.0	0.9943111566753113	0.9851752808234203
0.9820847279029662	0.981102908886976	0.9822975802954323	0.983389893622889	0.9820470216366498	0.9744107315559483	0.983642406940854	0.9833052884174301	0.9815017364790051	0.9793069968971935	0.972672127755506	0.9835166390895352	0.9783212936597091	0.9822351201701665	0.9825957415933471	0.9758628759488441	0.9847726219816856	0.9799569124445638	0.9831961884086555	0.982780723368858	0.9898060759688517	0.9838573097910803	0.9828053088687473	0.9829157158675547	0.9800238741161147	0.9800773448024869	0.9832083285817746	0.9838573097910803	0.9716522425451378	0.9817184015600932	0.9833415745346636	0.9948867825232921	0.9943111566753113	1.0	0.9816293602097902
0.9825412667187524	0.9817394031120426	0.9833529568306993	0.983946427924033	0.9827485421497475	0.9842179228938075	0.9846966649849509	0.9839274504040283	0.9840644201236328	0.982059182783027	0.9820047690121044	0.9797455420064451	0.9816453946688892	0.9832949498760669	0.9822828090507119	0.978909868128507	0.9877575285533975	0.9801381910590288	0.9839084618967869	0.9832852720618538	0.9853029558008526	0.9850654486533188	0.983535971239187	0.9836797380713667	0.9826307819997443	0.9808131775914986	0.985019576601296	0.9847337303408162	0.9812327673504176	0.9832174472306086	0.9848446759493336	0.9849184319260293	0.9851752808234203	0.9816293602097902	1.0
