/home/jshaw/scratch/2022_sketched_distance/references/SGB_genome_fastas_part5/19823/FerrettiP_2018__CA_C10002MS2015SA_t0M15__bin.26.fa	/home/jshaw/scratch/2022_sketched_distance/references/SGB_genome_fastas_part5/19823/FerrettiP_2018__CA_C10024MS2403SA_t0M15__bin.3.fa	/home/jshaw/scratch/2022_sketched_distance/references/SGB_genome_fastas_part5/19823/FerrettiP_2018__CA_C10035MS2597SA_t0M15__bin.49.fa	/home/jshaw/scratch/2022_sketched_distance/references/SGB_genome_fastas_part5/19823/HMP_2012__SRS011306__bin.33.fa	/home/jshaw/scratch/2022_sketched_distance/references/SGB_genome_fastas_part5/19823/HMP_2012__SRS013705__bin.88.fa	/home/jshaw/scratch/2022_sketched_distance/references/SGB_genome_fastas_part5/19823/HMP_2012__SRS015038__bin.19.fa	/home/jshaw/scratch/2022_sketched_distance/references/SGB_genome_fastas_part5/19823/HMP_2012__SRS016319__bin.3.fa	/home/jshaw/scratch/2022_sketched_distance/references/SGB_genome_fastas_part5/19823/HMP_2012__SRS017209__bin.7.fa	/home/jshaw/scratch/2022_sketched_distance/references/SGB_genome_fastas_part5/19823/HMP_2012__SRS017533__bin.11.fa	/home/jshaw/scratch/2022_sketched_distance/references/SGB_genome_fastas_part5/19823/HMP_2012__SRS018145__bin.55.fa	/home/jshaw/scratch/2022_sketched_distance/references/SGB_genome_fastas_part5/19823/HMP_2012__SRS018739__bin.50.fa	/home/jshaw/scratch/2022_sketched_distance/references/SGB_genome_fastas_part5/19823/HMP_2012__SRS019389__bin.28.fa	/home/jshaw/scratch/2022_sketched_distance/references/SGB_genome_fastas_part5/19823/HMP_2012__SRS019607__bin.63.fa	/home/jshaw/scratch/2022_sketched_distance/references/SGB_genome_fastas_part5/19823/HMP_2012__SRS020220__bin.42.fa	/home/jshaw/scratch/2022_sketched_distance/references/SGB_genome_fastas_part5/19823/HMP_2012__SRS020334__bin.26.fa	/home/jshaw/scratch/2022_sketched_distance/references/SGB_genome_fastas_part5/19823/HMP_2012__SRS022077__bin.36.fa	/home/jshaw/scratch/2022_sketched_distance/references/SGB_genome_fastas_part5/19823/HMP_2012__SRS022143__bin.25.fa	/home/jshaw/scratch/2022_sketched_distance/references/SGB_genome_fastas_part5/19823/HMP_2012__SRS024081__bin.18.fa	/home/jshaw/scratch/2022_sketched_distance/references/SGB_genome_fastas_part5/19823/HMP_2012__SRS024277__bin.40.fa	/home/jshaw/scratch/2022_sketched_distance/references/SGB_genome_fastas_part5/19823/HMP_2012__SRS042643__bin.24.fa	/home/jshaw/scratch/2022_sketched_distance/references/SGB_genome_fastas_part5/19823/HMP_2012__SRS044373__bin.77.fa	/home/jshaw/scratch/2022_sketched_distance/references/SGB_genome_fastas_part5/19823/HMP_2012__SRS045715__bin.5.fa	/home/jshaw/scratch/2022_sketched_distance/references/SGB_genome_fastas_part5/19823/HMP_2012__SRS047219__bin.56.fa	/home/jshaw/scratch/2022_sketched_distance/references/SGB_genome_fastas_part5/19823/HMP_2012__SRS047824__bin.57.fa	/home/jshaw/scratch/2022_sketched_distance/references/SGB_genome_fastas_part5/19823/HMP_2012__SRS050244__bin.42.fa	/home/jshaw/scratch/2022_sketched_distance/references/SGB_genome_fastas_part5/19823/HMP_2012__SRS053603__bin.4.fa	/home/jshaw/scratch/2022_sketched_distance/references/SGB_genome_fastas_part5/19823/HMP_2012__SRS056323__bin.20.fa	/home/jshaw/scratch/2022_sketched_distance/references/SGB_genome_fastas_part5/19823/HMP_2012__SRS057205__bin.73.fa	/home/jshaw/scratch/2022_sketched_distance/references/SGB_genome_fastas_part5/19823/HMP_2012__SRS063288__bin.27.fa	/home/jshaw/scratch/2022_sketched_distance/references/SGB_genome_fastas_part5/19823/HMP_2012__SRS064329__bin.6.fa	/home/jshaw/scratch/2022_sketched_distance/references/SGB_genome_fastas_part5/19823/HMP_2012__SRS064423__bin.65.fa	/home/jshaw/scratch/2022_sketched_distance/references/SGB_genome_fastas_part5/19823/HMP_2012__SRS064774__bin.5.fa	/home/jshaw/scratch/2022_sketched_distance/references/SGB_genome_fastas_part5/19823/HMP_2012__SRS065278__bin.52.fa	/home/jshaw/scratch/2022_sketched_distance/references/SGB_genome_fastas_part5/19823/HMP_2012__SRS078182__bin.53.fa
1.0	0.9740218437747484	0.9777913306386751	0.9725187302691746	0.9724689116650704	0.9741922287786186	0.9709950252304402	0.9763872730180586	0.9767502744747792	0.9743097415414774	0.9746242977688225	0.9687697150185415	0.9705113921581024	0.9819447064461174	0.9664955112953745	0.975561440963616	0.973198522951478	0.9750506957643971	0.9728436191408383	0.9746040652094663	0.9918113802699968	0.9726330233476524	0.9649411110275478	0.9781635967328715	0.9692028674491187	0.9762973280681441	0.9692033554212196	0.9710372193492036	0.9759901206852978	0.9740329648023122	0.9724040328033752	0.9752618150352235	0.9729735049894829	0.9785609802067801
0.9740218437747484	1.0	0.9750756984569154	0.9695632955121845	0.9666630173262729	0.9729326309475308	0.9687332597015	0.9708140410740702	0.9720203988578979	0.9732997795183564	0.973177857809549	0.9658013252490117	0.97037254629086	0.9720997250099581	0.9630803810200723	0.9746115340494121	0.9719327441099226	0.9744944493954728	0.9712917743317989	0.971549686507152	0.9718389948565017	0.9735422570000632	0.9639048432866894	0.9726879247515393	0.9641775902755891	0.9758723714549132	0.9647608496912262	0.9677724196154811	0.9769776630321088	0.9740218437747484	0.9712917743317989	0.9737829361141453	0.9705054742364679	0.9757597490185246
0.9777913306386751	0.9750756984569154	1.0	0.9701571233191791	0.9728554816409078	0.9731968163670839	0.9677196967278519	0.9777660398098174	0.9765177691896958	0.9753408494686653	0.9751080703280685	0.9677913622238477	0.9686805693379165	0.9779431608902552	0.9695565746495991	0.9870828338373924	0.9740307035646576	0.9789082243996305	0.9735187621590278	0.9736997077709445	0.9766016625183686	0.9740766072772089	0.966342089707719	0.9767072377014978	0.971987769199937	0.9735436413473895	0.9674990894387618	0.9719688022980764	0.9784922469663728	0.9786653711170032	0.971088271861103	0.9751518034382918	0.970551734310877	0.9771354821844429
0.9725187302691746	0.9695632955121845	0.9701571233191791	1.0	0.9947875819992807	0.9677753750636653	0.9633218099408595	0.9712669244228317	0.967574506734491	0.9748866136893717	0.9707059740717182	0.9654369546999515	0.9652695862578389	0.9709019206550985	0.972163195771974	0.9700796029699063	0.9718874981242377	0.9689488023608067	0.9714496312839509	0.9715677374875568	0.9714567525655948	0.9699929228803194	0.9742374390445504	0.9738343387320826	0.9809149189015715	0.9685256074511872	0.9624572664900876	0.9692325923848141	0.9697863648645313	0.9696569768280875	0.9662518121147962	0.9660779519828606	0.9654089618852629	0.9684536484298738
0.9724689116650704	0.9666630173262729	0.9728554816409078	0.9947875819992807	1.0	0.9672776695426412	0.9640799002467717	0.9700448580489938	0.9653466924572058	0.9724689116650704	0.9696254674852434	0.961816620367538	0.9669718085440606	0.9684729075318191	0.9712807392667828	0.9690543278069672	0.9725982811327298	0.9707383380506661	0.9718142030441178	0.970874792910441	0.9680112731273705	0.9699072962949438	0.9724689116650704	0.9680988030309151	0.9727785807689304	0.9694836261851347	0.9593813398131652	0.9657184771345944	0.9719462073415082	0.9704636897113359	0.9660364118998306	0.9690543278069672	0.966507504935839	0.969198062015395
0.9741922287786186	0.9729326309475308	0.9731968163670839	0.9677753750636653	0.9672776695426412	1.0	0.9746077981388631	0.9741344361571255	0.9734618470314543	0.9728819360482518	0.9746830875905748	0.9707714367947021	0.9727500296211308	0.975211994553885	0.9644626914430122	0.9753413968873793	0.9716053563075011	0.973417922997704	0.97192098884018	0.9735848710223504	0.9747447888388159	0.9710174849255103	0.9622044151877486	0.9746988162770509	0.9663144730625729	0.9766655334162732	0.9732304876340855	0.9695168684551044	0.97646551932439	0.9727925719902863	0.9981319231462931	0.973417922997704	0.998183814601399	0.9743946751283823
0.9709950252304402	0.9687332597015	0.9677196967278519	0.9633218099408595	0.9640799002467717	0.9746077981388631	1.0	0.9692569307598694	0.9714799237691188	0.9685963119399414	0.9688396363603188	0.9701178709881039	0.971475057244757	0.9709019206550985	0.9622739710227916	0.9680707441713199	0.9681028051315459	0.9679409680321747	0.9676768469293875	0.9704467220484927	0.9718389948565017	0.9655958124860009	0.9587382804933102	0.9725580076534981	0.9624313820392383	0.97181636816476	0.9743116945865613	0.9665547500935392	0.9677196967278519	0.9679672682435604	0.9725896463751909	0.9684814186037728	0.9721541203973738	0.9704289887033576
0.9763872730180586	0.9708140410740702	0.9777660398098174	0.9712669244228317	0.9700448580489938	0.9741344361571255	0.9692569307598694	1.0	0.9727323696928669	0.9746787349471514	0.9738588269690592	0.9658975476534329	0.969888801603263	0.9752140650310419	0.9689363004531171	0.9749475022608484	0.9757407218757245	0.9780105742431652	0.9730176722483868	0.9727323696928669	0.9704809237102738	0.9735808577453848	0.9658975476534329	0.9741344361571255	0.9658975476534329	0.9746787349471514	0.96312598983338	0.969731988211173	0.9813646553499272	0.9777660398098174	0.9724445344555787	0.976258986508856	0.9731593878503888	0.9818014066635704
0.9767502744747792	0.9720203988578979	0.9765177691896958	0.967574506734491	0.9653466924572058	0.9734618470314543	0.9714799237691188	0.9727323696928669	1.0	0.9718861231453856	0.9743468708374164	0.964512145055421	0.9695138573648285	0.9752084161843548	0.9651815061201194	0.9756906649119981	0.9739705253363518	0.9775512138633149	0.9712062657151438	0.9734618470314543	0.9720284377315214	0.9743468708374164	0.962235097543893	0.9722872923945954	0.9636553560528347	0.9765177691896958	0.9671099137331951	0.9693687420235405	0.9764008908068854	0.9785528873076967	0.9717512885699486	0.9888177575537989	0.9714799237691188	0.9815860827689192
0.9743097415414774	0.9732997795183564	0.9753408494686653	0.9748866136893717	0.9724689116650704	0.9728819360482518	0.9685963119399414	0.9746787349471514	0.9718861231453856	1.0	0.9738407510211594	0.967031438816035	0.9720190699263542	0.9731284940858878	0.9673216664288985	0.974076093046379	0.9856080814356384	0.9779406348308178	0.9852769485671952	0.9744259384228243	0.9727753254235555	0.9761208054980944	0.9684571455733222	0.9724275678188256	0.9669444256806045	0.975788826185252	0.9614170497168859	0.9683644375895573	0.9766666869546736	0.9775214962862736	0.9707451179834201	0.9738407510211594	0.9713883589088791	0.9744259384228243
0.9746242977688225	0.973177857809549	0.9751080703280685	0.9707059740717182	0.9696254674852434	0.9746830875905748	0.9688396363603188	0.9738588269690592	0.9743468708374164	0.9738407510211594	1.0	0.9667824078115216	0.9694737984449873	0.9754485540650111	0.9665852355153592	0.9743323365898526	0.9731502635686354	0.9742524720347532	0.9714496312839509	0.9855763559964711	0.9757707468786385	0.972698677938988	0.9660310657229968	0.9773875012843942	0.9680180621869909	0.9894099782946454	0.9666119584544791	0.9711719548445352	0.9732621843614196	0.9742534848291148	0.9717761850983921	0.9753184958141864	0.972698677938988	0.9750023445352202
0.9687697150185415	0.9658013252490117	0.9677913622238477	0.9654369546999515	0.961816620367538	0.9707714367947021	0.9701178709881039	0.9658975476534329	0.964512145055421	0.967031438816035	0.9667824078115216	1.0	0.9990294194664109	0.9662430059248057	0.964507687573593	0.9684931983837424	0.9691801006241675	0.9677913622238477	0.9646644419577143	0.9648204358871824	0.9682244453423532	0.9661913570250329	0.9618896423956232	0.9662539763007831	0.960774163468503	0.9682142928042423	0.9676446001682065	0.9674722863026766	0.9679329559355351	0.9661913570250329	0.9698527011998721	0.9657408403171012	0.9689070904118111	0.9675062965152887
0.9705113921581024	0.97037254629086	0.9686805693379165	0.9652695862578389	0.9669718085440606	0.9727500296211308	0.971475057244757	0.969888801603263	0.9695138573648285	0.9720190699263542	0.9694737984449873	0.9990294194664109	1.0	0.9714397551648689	0.9648645456753053	0.9724571633139718	0.9697110987087104	0.969195921423214	0.9679425478306862	0.9690216343780067	0.9718389948565017	0.9680537705557084	0.9628734303283252	0.9708198977933298	0.9648503376184965	0.9693591556203995	0.9718581165121163	0.9713061318876096	0.9699064623945143	0.9692748161494762	0.9712062657151438	0.9677573700111816	0.9699666951576967	0.968701621474878
0.9819447064461174	0.9720997250099581	0.9779431608902552	0.9709019206550985	0.9684729075318191	0.975211994553885	0.9709019206550985	0.9752140650310419	0.9752084161843548	0.9731284940858878	0.9754485540650111	0.9662430059248057	0.9714397551648689	1.0	0.9648015514288429	0.9759165720638157	0.9759165720638157	0.9764922821473511	0.9732548253601995	0.9761480798244647	0.9800251450600618	0.9731284940858878	0.9634636657178914	0.978814427223803	0.9646834658359528	0.9775035793770056	0.9665547500935392	0.9704925969919849	0.9794366450987	0.9763779520509813	0.9733806665972012	0.9773927511928016	0.9736308943123757	0.980056365443085
0.9664955112953745	0.9630803810200723	0.9695565746495991	0.972163195771974	0.9712807392667828	0.9644626914430122	0.9622739710227916	0.9689363004531171	0.9651815061201194	0.9673216664288985	0.9665852355153592	0.964507687573593	0.9648645456753053	0.9648015514288429	1.0	0.9687543406602274	0.9669931117806	0.9658255967930619	0.9661750133882566	0.9672521294439987	0.9677966832184388	0.9675502206309577	0.9727618490944472	0.9664118096948772	0.9699218923194663	0.9637534726097559	0.9596045909170969	0.9670167827965434	0.9654119927732937	0.9659008565302775	0.9630796194876291	0.9641656785304022	0.9618155623693613	0.9647655331918554
0.975561440963616	0.9746115340494121	0.9870828338373924	0.9700796029699063	0.9690543278069672	0.9753413968873793	0.9680707441713199	0.9749475022608484	0.9756906649119981	0.974076093046379	0.9743323365898526	0.9684931983837424	0.9724571633139718	0.9759165720638157	0.9687543406602274	1.0	0.9747846806627747	0.9778885363354327	0.9729362155493729	0.9724571633139718	0.9743954769574209	0.9761051244644045	0.9676535260422257	0.9739592535115189	0.9689107167592519	0.9786951693848991	0.9653897894825462	0.9709019206550985	0.9805346134066522	0.9765336232219076	0.9732909171748477	0.975997112283294	0.9731731137304127	0.9789925870506926
0.973198522951478	0.9719327441099226	0.9740307035646576	0.9718874981242377	0.9725982811327298	0.9716053563075011	0.9681028051315459	0.9757407218757245	0.9739705253363518	0.9856080814356384	0.9731502635686354	0.9691801006241675	0.9697110987087104	0.9759165720638157	0.9669931117806	0.9747846806627747	1.0	0.9762470896163614	0.9842391840666208	0.9758078321651469	0.9747447888388159	0.9734483524986247	0.9671217527917426	0.9754219184402195	0.9696361990571857	0.9732965815912311	0.9666119584544791	0.9702168087374775	0.9741684687877562	0.976173581838475	0.970611947168234	0.9718874981242377	0.9691294360020083	0.9731919075486425
0.9750506957643971	0.9744944493954728	0.9789082243996305	0.9689488023608067	0.9707383380506661	0.973417922997704	0.9679409680321747	0.9780105742431652	0.9775512138633149	0.9779406348308178	0.9742524720347532	0.9677913622238477	0.969195921423214	0.9764922821473511	0.9658255967930619	0.9778885363354327	0.9762470896163614	1.0	0.9764961566848276	0.9754839276171964	0.9761056636253839	0.9730223354416835	0.9658255967930619	0.9776111351007412	0.9706252735262784	0.973564603890871	0.9663107370555741	0.9713061318876096	0.9788168315411635	0.9976585136207966	0.9716739874975977	0.9754450359494389	0.9715684683770415	0.9777942365028529
0.9728436191408383	0.9712917743317989	0.9735187621590278	0.9714496312839509	0.9718142030441178	0.97192098884018	0.9676768469293875	0.9730176722483868	0.9712062657151438	0.9852769485671952	0.9714496312839509	0.9646644419577143	0.9679425478306862	0.9732548253601995	0.9661750133882566	0.9729362155493729	0.9842391840666208	0.9764961566848276	1.0	0.9709497504668041	0.9725902106483298	0.9759840866038629	0.9643048074457998	0.9745767193160182	0.9677149384491042	0.9722700601977907	0.9641193636648945	0.9686564235626616	0.9732952720609688	0.9751208921194506	0.9702403082334565	0.9707294738664161	0.9716861674997325	0.97192098884018
0.9746040652094663	0.971549686507152	0.9736997077709445	0.9715677374875568	0.970874792910441	0.9735848710223504	0.9704467220484927	0.9727323696928669	0.9734618470314543	0.9744259384228243	0.9855763559964711	0.9648204358871824	0.9690216343780067	0.9761480798244647	0.9672521294439987	0.9724571633139718	0.9758078321651469	0.9754839276171964	0.9709497504668041	1.0	0.9750903852187467	0.9740418002833435	0.967391744591446	0.9769355746992051	0.9686158992043016	0.987359759199701	0.963956971623113	0.969798665699694	0.9749368112497682	0.974826274082658	0.9726512437620405	0.9755922546455069	0.9715677374875568	0.9758078321651469
0.9918113802699968	0.9718389948565017	0.9766016625183686	0.9714567525655948	0.9680112731273705	0.9747447888388159	0.9718389948565017	0.9704809237102738	0.9720284377315214	0.9727753254235555	0.9757707468786385	0.9682244453423532	0.9718389948565017	0.9800251450600618	0.9677966832184388	0.9743954769574209	0.9747447888388159	0.9761056636253839	0.9725902106483298	0.9750903852187467	1.0	0.973685375378807	0.9639113543975162	0.9767653299989518	0.9660265238129907	0.9767653299989518	0.9682244453423532	0.9690633299559773	0.9775715519731186	0.973685375378807	0.973685375378807	0.9757707468786385	0.973685375378807	0.9794288236840456
0.9726330233476524	0.9735422570000632	0.9740766072772089	0.9699929228803194	0.9699072962949438	0.9710174849255103	0.9655958124860009	0.9735808577453848	0.9743468708374164	0.9761208054980944	0.972698677938988	0.9661913570250329	0.9680537705557084	0.9731284940858878	0.9675502206309577	0.9761051244644045	0.9734483524986247	0.9730223354416835	0.9759840866038629	0.9740418002833435	0.973685375378807	1.0	0.9665188982651135	0.9749416422997902	0.9671000083721888	0.9719333008326974	0.9652337034989493	0.9707660539545946	0.9745861696318807	0.9741434120147681	0.9691393786351689	0.9723734454009727	0.9687638605699976	0.9715377492543653
0.9649411110275478	0.9639048432866894	0.966342089707719	0.9742374390445504	0.9724689116650704	0.9622044151877486	0.9587382804933102	0.9658975476534329	0.962235097543893	0.9684571455733222	0.9660310657229968	0.9618896423956232	0.9628734303283252	0.9634636657178914	0.9727618490944472	0.9676535260422257	0.9671217527917426	0.9658255967930619	0.9643048074457998	0.967391744591446	0.9639113543975162	0.9665188982651135	1.0	0.9664118096948772	0.9718540705423662	0.9652722827191415	0.9578806489677196	0.9667094982094505	0.9655494964849352	0.9663248757332517	0.961046420864297	0.9616793919439587	0.9591197057072542	0.9615384530977171
0.9781635967328715	0.9726879247515393	0.9767072377014978	0.9738343387320826	0.9680988030309151	0.9746988162770509	0.9725580076534981	0.9741344361571255	0.9722872923945954	0.9724275678188256	0.9773875012843942	0.9662539763007831	0.9708198977933298	0.978814427223803	0.9664118096948772	0.9739592535115189	0.9754219184402195	0.9776111351007412	0.9745767193160182	0.9769355746992051	0.9767653299989518	0.9749416422997902	0.9664118096948772	1.0	0.9656719540054302	0.9806925009085014	0.9654529922852696	0.9701257324711569	0.9779437343928715	0.9765924658663976	0.9739592535115189	0.9763617010203007	0.9733298158699322	0.978814427223803
0.9692028674491187	0.9641775902755891	0.971987769199937	0.9809149189015715	0.9727785807689304	0.9663144730625729	0.9624313820392383	0.9658975476534329	0.9636553560528347	0.9669444256806045	0.9680180621869909	0.960774163468503	0.9648503376184965	0.9646834658359528	0.9699218923194663	0.9689107167592519	0.9696361990571857	0.9706252735262784	0.9677149384491042	0.9686158992043016	0.9660265238129907	0.9671000083721888	0.9718540705423662	0.9656719540054302	1.0	0.9702050831241571	0.9578059329868939	0.9641775902755891	0.9675623017196688	0.9689107167592519	0.9656719540054302	0.9671000083721888	0.9659948161211731	0.967866856321352
0.9762973280681441	0.9758723714549132	0.9735436413473895	0.9685256074511872	0.9694836261851347	0.9766655334162732	0.97181636816476	0.9746787349471514	0.9765177691896958	0.975788826185252	0.9894099782946454	0.9682142928042423	0.9693591556203995	0.9775035793770056	0.9637534726097559	0.9786951693848991	0.9732965815912311	0.973564603890871	0.9722700601977907	0.987359759199701	0.9767653299989518	0.9719333008326974	0.9652722827191415	0.9806925009085014	0.9702050831241571	1.0	0.9692033554212196	0.9722301208683354	0.9756075169560532	0.9738109367617119	0.9734801520685843	0.9766208194593164	0.9733281383382059	0.9751729259770681
0.9692033554212196	0.9647608496912262	0.9674990894387618	0.9624572664900876	0.9593813398131652	0.9732304876340855	0.9743116945865613	0.96312598983338	0.9671099137331951	0.9614170497168859	0.9666119584544791	0.9676446001682065	0.9718581165121163	0.9665547500935392	0.9596045909170969	0.9653897894825462	0.9666119584544791	0.9663107370555741	0.9641193636648945	0.963956971623113	0.9682244453423532	0.9652337034989493	0.9578806489677196	0.9654529922852696	0.9578059329868939	0.9692033554212196	1.0	0.9632924437345556	0.9690647193259558	0.9666119584544791	0.9727381388704139	0.9676446001682065	0.9721119993286389	0.9689254856593136
0.9710372193492036	0.9677724196154811	0.9719688022980764	0.9692325923848141	0.9657184771345944	0.9695168684551044	0.9665547500935392	0.969731988211173	0.9693687420235405	0.9683644375895573	0.9711719548445352	0.9674722863026766	0.9713061318876096	0.9704925969919849	0.9670167827965434	0.9709019206550985	0.9702168087374775	0.9713061318876096	0.9686564235626616	0.969798665699694	0.9690633299559773	0.9707660539545946	0.9667094982094505	0.9701257324711569	0.9641775902755891	0.9722301208683354	0.9632924437345556	1.0	0.9724893491444645	0.9713061318876096	0.9688014322692583	0.9715728293036927	0.9674722863026766	0.9707660539545946
0.9759901206852978	0.9769776630321088	0.9784922469663728	0.9697863648645313	0.9719462073415082	0.97646551932439	0.9677196967278519	0.9813646553499272	0.9764008908068854	0.9766666869546736	0.9732621843614196	0.9679329559355351	0.9699064623945143	0.9794366450987	0.9654119927732937	0.9805346134066522	0.9741684687877562	0.9788168315411635	0.9732952720609688	0.9749368112497682	0.9775715519731186	0.9745861696318807	0.9655494964849352	0.9779437343928715	0.9675623017196688	0.9756075169560532	0.9690647193259558	0.9724893491444645	1.0	0.9788567228354347	0.9744536018929648	0.9761064062589397	0.973957586198464	0.9781220574446626
0.9740329648023122	0.9740218437747484	0.9786653711170032	0.9696569768280875	0.9704636897113359	0.9727925719902863	0.9679672682435604	0.9777660398098174	0.9785528873076967	0.9775214962862736	0.9742534848291148	0.9661913570250329	0.9692748161494762	0.9763779520509813	0.9659008565302775	0.9765336232219076	0.976173581838475	0.9976585136207966	0.9751208921194506	0.974826274082658	0.973685375378807	0.9741434120147681	0.9663248757332517	0.9765924658663976	0.9689107167592519	0.9738109367617119	0.9666119584544791	0.9713061318876096	0.9788567228354347	1.0	0.9708991751109456	0.9775923837877127	0.9710208113417326	0.9783762223461286
0.9724040328033752	0.9712917743317989	0.971088271861103	0.9662518121147962	0.9660364118998306	0.9981319231462931	0.9725896463751909	0.9724445344555787	0.9717512885699486	0.9707451179834201	0.9717761850983921	0.9698527011998721	0.9712062657151438	0.9733806665972012	0.9630796194876291	0.9732909171748477	0.970611947168234	0.9716739874975977	0.9702403082334565	0.9726512437620405	0.973685375378807	0.9691393786351689	0.961046420864297	0.9739592535115189	0.9656719540054302	0.9734801520685843	0.9727381388704139	0.9688014322692583	0.9744536018929648	0.9708991751109456	1.0	0.9721350510731226	0.9978222887413792	0.9723631457075766
0.9752618150352235	0.9737829361141453	0.9751518034382918	0.9660779519828606	0.9690543278069672	0.973417922997704	0.9684814186037728	0.976258986508856	0.9888177575537989	0.9738407510211594	0.9753184958141864	0.9657408403171012	0.9677573700111816	0.9773927511928016	0.9641656785304022	0.975997112283294	0.9718874981242377	0.9754450359494389	0.9707294738664161	0.9755922546455069	0.9757707468786385	0.9723734454009727	0.9616793919439587	0.9763617010203007	0.9671000083721888	0.9766208194593164	0.9676446001682065	0.9715728293036927	0.9761064062589397	0.9775923837877127	0.9721350510731226	1.0	0.9706674830095755	0.9794332614324566
0.9729735049894829	0.9705054742364679	0.970551734310877	0.9654089618852629	0.966507504935839	0.998183814601399	0.9721541203973738	0.9731593878503888	0.9714799237691188	0.9713883589088791	0.972698677938988	0.9689070904118111	0.9699666951576967	0.9736308943123757	0.9618155623693613	0.9731731137304127	0.9691294360020083	0.9715684683770415	0.9716861674997325	0.9715677374875568	0.973685375378807	0.9687638605699976	0.9591197057072542	0.9733298158699322	0.9659948161211731	0.9733281383382059	0.9721119993286389	0.9674722863026766	0.973957586198464	0.9710208113417326	0.9978222887413792	0.9706674830095755	1.0	0.971424410616116
0.9785609802067801	0.9757597490185246	0.9771354821844429	0.9684536484298738	0.969198062015395	0.9743946751283823	0.9704289887033576	0.9818014066635704	0.9815860827689192	0.9744259384228243	0.9750023445352202	0.9675062965152887	0.968701621474878	0.980056365443085	0.9647655331918554	0.9789925870506926	0.9731919075486425	0.9777942365028529	0.97192098884018	0.9758078321651469	0.9794288236840456	0.9715377492543653	0.9615384530977171	0.978814427223803	0.967866856321352	0.9751729259770681	0.9689254856593136	0.9707660539545946	0.9781220574446626	0.9783762223461286	0.9723631457075766	0.9794332614324566	0.971424410616116	1.0
