/home/jshaw/scratch/2022_sketched_distance/references/SGB_genome_fastas_part4/5116/BritoIL_2016__M1.24.ST__bin.68.fa	/home/jshaw/scratch/2022_sketched_distance/references/SGB_genome_fastas_part4/5116/BritoIL_2016__M1.37.ST__bin.55.fa	/home/jshaw/scratch/2022_sketched_distance/references/SGB_genome_fastas_part4/5116/BritoIL_2016__M2.11.ST__bin.69.fa	/home/jshaw/scratch/2022_sketched_distance/references/SGB_genome_fastas_part4/5116/BritoIL_2016__M2.36.ST__bin.81.fa	/home/jshaw/scratch/2022_sketched_distance/references/SGB_genome_fastas_part4/5116/BritoIL_2016__M2.40.ST__bin.42.fa	/home/jshaw/scratch/2022_sketched_distance/references/SGB_genome_fastas_part4/5116/BritoIL_2016__W1.44.ST__bin.5.fa	/home/jshaw/scratch/2022_sketched_distance/references/SGB_genome_fastas_part4/5116/BritoIL_2016__WL.11.ST__bin.23.fa	/home/jshaw/scratch/2022_sketched_distance/references/SGB_genome_fastas_part4/5116/CM_madagascar__V48_03_2FE__bin.12.fa	/home/jshaw/scratch/2022_sketched_distance/references/SGB_genome_fastas_part4/5116/CosteaPI_2017__SID713B007-11-0-0__bin.12.fa	/home/jshaw/scratch/2022_sketched_distance/references/SGB_genome_fastas_part4/5116/CosteaPI_2017__tigress-11-0-0__bin.31.fa	/home/jshaw/scratch/2022_sketched_distance/references/SGB_genome_fastas_part4/5116/CosteaPI_2017__tigress-11-2-0__bin.2.fa	/home/jshaw/scratch/2022_sketched_distance/references/SGB_genome_fastas_part4/5116/CosteaPI_2017__tigress-11-60-0__bin.19.fa	/home/jshaw/scratch/2022_sketched_distance/references/SGB_genome_fastas_part4/5116/CosteaPI_2017__tigress-11-7-0__bin.36.fa	/home/jshaw/scratch/2022_sketched_distance/references/SGB_genome_fastas_part4/5116/FengQ_2015__SID31549__bin.26.fa	/home/jshaw/scratch/2022_sketched_distance/references/SGB_genome_fastas_part4/5116/KarlssonFH_2013__S517__bin.51.fa	/home/jshaw/scratch/2022_sketched_distance/references/SGB_genome_fastas_part4/5116/LeChatelierE_2013__MH0247__bin.73.fa	/home/jshaw/scratch/2022_sketched_distance/references/SGB_genome_fastas_part4/5116/LeChatelierE_2013__MH0422__bin.89.fa	/home/jshaw/scratch/2022_sketched_distance/references/SGB_genome_fastas_part4/5116/LeChatelierE_2013__MH0428__bin.46.fa	/home/jshaw/scratch/2022_sketched_distance/references/SGB_genome_fastas_part4/5116/LeChatelierE_2013__MH0447__bin.112.fa	/home/jshaw/scratch/2022_sketched_distance/references/SGB_genome_fastas_part4/5116/LiJ_2014__MH0345__bin.67.fa	/home/jshaw/scratch/2022_sketched_distance/references/SGB_genome_fastas_part4/5116/LiJ_2014__MH0374__bin.3.fa	/home/jshaw/scratch/2022_sketched_distance/references/SGB_genome_fastas_part4/5116/SchirmerM_2016__G88853__bin.18.fa	/home/jshaw/scratch/2022_sketched_distance/references/SGB_genome_fastas_part4/5116/SchirmerM_2016__G89030__bin.39.fa	/home/jshaw/scratch/2022_sketched_distance/references/SGB_genome_fastas_part4/5116/SchirmerM_2016__G89113__bin.12.fa	/home/jshaw/scratch/2022_sketched_distance/references/SGB_genome_fastas_part4/5116/SchirmerM_2016__G89199__bin.19.fa	/home/jshaw/scratch/2022_sketched_distance/references/SGB_genome_fastas_part4/5116/WenC_2017__RA030__bin.18.fa	/home/jshaw/scratch/2022_sketched_distance/references/SGB_genome_fastas_part4/5116/YuJ_2015__SZAXPI017591-140__bin.72.fa	/home/jshaw/scratch/2022_sketched_distance/references/SGB_genome_fastas_part4/5116/ZeeviD_2015__PNP_Main_216__bin.37.fa	/home/jshaw/scratch/2022_sketched_distance/references/SGB_genome_fastas_part4/5116/ZeeviD_2015__PNP_Main_287__bin.67.fa	/home/jshaw/scratch/2022_sketched_distance/references/SGB_genome_fastas_part4/5116/ZeeviD_2015__PNP_Main_310__bin.38.fa	/home/jshaw/scratch/2022_sketched_distance/references/SGB_genome_fastas_part4/5116/ZeeviD_2015__PNP_Main_311__bin.24.fa	/home/jshaw/scratch/2022_sketched_distance/references/SGB_genome_fastas_part4/5116/ZeeviD_2015__PNP_Main_34__bin.13.fa	/home/jshaw/scratch/2022_sketched_distance/references/SGB_genome_fastas_part4/5116/ZeeviD_2015__PNP_Main_357__bin.9.fa	/home/jshaw/scratch/2022_sketched_distance/references/SGB_genome_fastas_part4/5116/ZeeviD_2015__PNP_Main_391__bin.18.fa	/home/jshaw/scratch/2022_sketched_distance/references/SGB_genome_fastas_part4/5116/ZeeviD_2015__PNP_Main_589__bin.70.fa	/home/jshaw/scratch/2022_sketched_distance/references/SGB_genome_fastas_part4/5116/ZeeviD_2015__PNP_Main_65__bin.27.fa	/home/jshaw/scratch/2022_sketched_distance/references/SGB_genome_fastas_part4/5116/ZeeviD_2015__PNP_Validation_63__bin.18.fa	/home/jshaw/scratch/2022_sketched_distance/references/SGB_genome_fastas_part4/5116/ZellerG_2014__CCIS74239020ST-4-0__bin.25.fa	/home/jshaw/scratch/2022_sketched_distance/references/SGB_genome_fastas_part4/5116/ZellerG_2014__CCIS90903952ST-3-0__bin.20.fa
1.0	0.9986446626859695	0.9817362042386905	0.9776067788550686	0.9968931413348371	0.9826849194771311	0.9794956864593198	0.97924854392262	0.9914307867857688	0.9906012728115443	0.989379150629343	0.9909058688105465	0.9909254653863431	0.985142342576431	0.9913598391380433	0.9819637444785344	0.9908881246609016	0.9912000552869943	0.9898881914137798	0.9916311179878191	0.9834117096171013	0.9839763451692811	0.9895848362461888	0.989170063785222	0.9876149758008704	0.9823677707468436	0.984859461840154	0.990903699010106	0.9895400551011929	0.9911011798356981	0.9915897588628245	0.9916422216999267	0.9911105266999216	0.990356599337332	0.9843119277378553	0.9811227689573279	0.9888192015597888	0.9897726164771072	0.9902022170549218
0.9986446626859695	1.0	0.9824346207586918	0.9780521814313834	0.9974988079277984	0.9829489096662651	0.9798988356616244	0.9798352788111361	0.9910365773409642	0.9900107582266423	0.9890706211045904	0.9903204817887382	0.9904226223671174	0.9846950155531915	0.9909387051191093	0.9817905012219004	0.9902874929981904	0.9908322259164674	0.9894286016767171	0.9908229526802692	0.9832087753735098	0.9838239148229396	0.9890622538654272	0.9890278406390901	0.9873133775449788	0.9821815744386424	0.9848020826036239	0.9902910080221178	0.9891259234449852	0.9905033275085243	0.990839257336855	0.9911139934860925	0.9907498497432962	0.9900033330860797	0.9838937751887233	0.981365612721884	0.9883360509542405	0.9894525539889459	0.9898954044613194
0.9817362042386905	0.9824346207586918	1.0	0.9842404697126631	0.9819147502153455	0.987681984898057	0.9866807080990857	0.9832085804049747	0.9809065047557096	0.9803156328161884	0.9808406262671696	0.9806970376157882	0.9808232450500048	0.9765012977902848	0.9806162194061134	0.9709193015767423	0.9810192326277181	0.9809606932720987	0.979983599353651	0.9810409345742904	0.973138804631051	0.9802002213824842	0.9805525008657952	0.981037819163517	0.9786881608840616	0.979610597805378	0.9813976804810144	0.981043774954822	0.9812391415760723	0.9814237410589314	0.9810537458898488	0.9810126148755123	0.9811452177191982	0.981509558031653	0.975565362007158	0.9853203629800752	0.9802861141965895	0.9817011340865314	0.9812417818101217
0.9776067788550686	0.9780521814313834	0.9842404697126631	1.0	0.9776698785126018	0.9844975699940085	0.9881553793031888	0.9793679961728772	0.9767858758738538	0.9760101829103721	0.9755060664322123	0.9770159985502889	0.9766365979795812	0.9711053092477653	0.9764330483029209	0.9710122025432375	0.9758049840237959	0.9768687853703325	0.9759583883595159	0.9771143819818693	0.9725637226170248	0.9756693747375651	0.9762184204838353	0.977396697602103	0.9743496866938631	0.9764736402386189	0.9791378636857334	0.9762053117706283	0.9770780552171192	0.9768101326878011	0.976899239271509	0.9767943097746778	0.9777316093433555	0.9768829841789242	0.9713861014898747	0.9794242583485058	0.9759476106751678	0.9771340645724956	0.9771126112919121
0.9968931413348371	0.9974988079277984	0.9819147502153455	0.9776698785126018	1.0	0.9815860827689192	0.9789445484746405	0.9786614057110061	0.989205880122624	0.9882578011273931	0.9877470171078699	0.9885562220713666	0.9886620130787208	0.9838745101166725	0.9891148339060848	0.9797375054519314	0.9886451200038905	0.9891629654711203	0.9878347939288927	0.989314869890021	0.98110941128939	0.9832674358024904	0.9876890691635581	0.9872362230677639	0.986306962429534	0.98128571160572	0.9831037318719318	0.9887180947830158	0.9879696273314232	0.9889357858477029	0.9893495004528992	0.9894552159981821	0.9888329234741489	0.9884500241101464	0.9833474320530385	0.9804349611451751	0.9872408764522241	0.9883962639641355	0.9885737587640661
0.9826849194771311	0.9829489096662651	0.987681984898057	0.9844975699940085	0.9815860827689192	1.0	0.9866031616108097	0.9837203050237128	0.9819436632882557	0.9812445836360604	0.9801854189383074	0.9818583823177046	0.9816740956294766	0.9747640071714252	0.981466979057491	0.9720527359732227	0.9812251202374268	0.9819333908809328	0.9801389268543691	0.9819284881809069	0.9740926411427978	0.9803527063103907	0.9807112669530965	0.9818351081777864	0.9779843491253715	0.9808277766629352	0.9836193441690768	0.9816958958607265	0.9805443342579826	0.9817303702274224	0.9819393273891607	0.98199581914367	0.9818485882906678	0.9820964462087056	0.9742149862376013	0.9857590485974997	0.9801245344617461	0.9812200367222126	0.9813419613135902
0.9794956864593198	0.9798988356616244	0.9866807080990857	0.9881553793031888	0.9789445484746405	0.9866031616108097	1.0	0.9810332221815532	0.9794826341899078	0.9783559868172974	0.978441511054608	0.9787964403141707	0.9787357940667546	0.9750030155549092	0.978624293273374	0.9683003830943426	0.977935654419559	0.97894894598881	0.9788007416388205	0.9792509211496676	0.9708591376793215	0.9786320374249935	0.9783197448786125	0.9795412394848783	0.9769183323872938	0.9792464527221308	0.981061054563974	0.9783259129736066	0.9789004465066128	0.9790795526638529	0.9790142286952095	0.9785406784406896	0.9787850465509571	0.9791575732605163	0.973807661051478	0.9828847811359813	0.9777417340140804	0.979599294846172	0.9792110317853842
0.97924854392262	0.9798352788111361	0.9832085804049747	0.9793679961728772	0.9786614057110061	0.9837203050237128	0.9810332221815532	1.0	0.9786610345798302	0.9782446539280802	0.9784404746854584	0.9786898271032253	0.978744567879913	0.9731471221279352	0.9780987257716968	0.9704630345563697	0.9781807675381806	0.9784115927987803	0.9766649779773157	0.9785280931497845	0.9718358564672505	0.9776928275288777	0.9783974172534519	0.9786054258594443	0.9764510814221402	0.9788149892795047	0.9804255747143905	0.9792057007076028	0.9778634113749235	0.9783219544757925	0.9787006497554425	0.9785582374058289	0.9784725154709891	0.9788364599513434	0.9715195004844273	0.9829036227283932	0.9773900727498731	0.9790522182128297	0.9788282240090941
0.9914307867857688	0.9910365773409642	0.9809065047557096	0.9767858758738538	0.989205880122624	0.9819436632882557	0.9794826341899078	0.9786610345798302	1.0	0.9910541867688795	0.9893879497047339	0.9911662294381748	0.9913646789400394	0.9854933718769454	0.9917593127281029	0.9819560536707225	0.990946272477827	0.99121175676821	0.9912443264907288	0.9919971656891746	0.9821707876784085	0.9832986620589487	0.9893827914597781	0.9889801921759074	0.9870600880703053	0.9818006038234218	0.9842605717373926	0.9899366430617917	0.9892374601872008	0.9905902665264538	0.9917212117561481	0.9911326654665642	0.9903648211879709	0.9901316807967154	0.9842886400574411	0.9805131026195677	0.989053404967771	0.9903223345168186	0.9906973452938925
0.9906012728115443	0.9900107582266423	0.9803156328161884	0.9760101829103721	0.9882578011273931	0.9812445836360604	0.9783559868172974	0.9782446539280802	0.9910541867688795	1.0	0.9967587669966709	0.998981699496331	0.9994853943113019	0.9840403569922126	0.9903099797665873	0.9806120321384212	0.990055533277986	0.9900232778288547	0.989241070890462	0.9905121523853463	0.9807209785779313	0.9826356208855304	0.9886716197652143	0.9883374144430048	0.9862237245758609	0.9812836173969155	0.9842772556892238	0.9896962295702817	0.9882926147284401	0.9901530317751781	0.9903255117446268	0.9906197241999809	0.9902999441877214	0.9899178942136516	0.9826704027111611	0.97986288923609	0.9882645157056765	0.9898617743173946	0.9898543977935854
0.989379150629343	0.9890706211045904	0.9808406262671696	0.9755060664322123	0.9877470171078699	0.9801854189383074	0.978441511054608	0.9784404746854584	0.9893879497047339	0.9967587669966709	1.0	0.9969139683062711	0.9971373617116712	0.9846170772237091	0.9889297687425354	0.9799356670908876	0.9886793090729193	0.9889775435120272	0.9881175401671022	0.989100183598393	0.9803297882856153	0.9836461029491756	0.9890204926760099	0.9878123577052104	0.986068524493334	0.9811690630820583	0.9826313273180619	0.9879503544435759	0.9880383604055086	0.9888768235811732	0.9890399411816472	0.9891572517221969	0.9894378048099489	0.9885978135523461	0.9833166298565555	0.979596192525225	0.9883867269565318	0.989798143586485	0.9900199873992672
0.9909058688105465	0.9903204817887382	0.9806970376157882	0.9770159985502889	0.9885562220713666	0.9818583823177046	0.9787964403141707	0.9786898271032253	0.9911662294381748	0.998981699496331	0.9969139683062711	1.0	0.9993173806894334	0.9844961678994143	0.9906962881346502	0.9821614319302551	0.9904406231142396	0.9905307657384784	0.9894940172482409	0.9907538473729508	0.9821611201793419	0.9829511007913029	0.9890056188588148	0.9887066661926212	0.9866496213134807	0.981663515040564	0.9845143156909626	0.989995984549416	0.9887013016967953	0.9903509000040114	0.9905967721400795	0.9908215850159093	0.9906800867660694	0.990015685958332	0.982962722496783	0.9803656518105317	0.9887279623855925	0.9903422244595121	0.9904161737919323
0.9909254653863431	0.9904226223671174	0.9808232450500048	0.9766365979795812	0.9886620130787208	0.9816740956294766	0.9787357940667546	0.978744567879913	0.9913646789400394	0.9994853943113019	0.9971373617116712	0.9993173806894334	1.0	0.9844157303929235	0.990690115246676	0.9816125465020084	0.9903811894165186	0.9905268609221445	0.9895955122498783	0.9908462755979236	0.9815677276348441	0.982978572709971	0.9891211658278679	0.988791596195319	0.9866005944487529	0.9817117087515635	0.9845162119443397	0.9899421423212977	0.9886595382555279	0.990548854046819	0.9906062399246176	0.9909866105057935	0.9907030471446454	0.9902233929724175	0.9830349691940387	0.9803509119078158	0.9887020885156289	0.9903254936007475	0.9903837295697983
0.985142342576431	0.9846950155531915	0.9765012977902848	0.9711053092477653	0.9838745101166725	0.9747640071714252	0.9750030155549092	0.9731471221279352	0.9854933718769454	0.9840403569922126	0.9846170772237091	0.9844961678994143	0.9844157303929235	1.0	0.9840997880019574	0.9707889924244224	0.9844067853132742	0.9841299411464816	0.9846276949961346	0.9851927336830938	0.971019031214182	0.9796957024596142	0.9841642442186516	0.982866962985679	0.9818639642896393	0.9770412832659056	0.9769501808066537	0.9824155655999957	0.9839934867276989	0.9833897924701646	0.9843580463892622	0.9838328410274003	0.9837742823917465	0.9831238362740762	0.9817968118683198	0.9754415280928197	0.9843975202578101	0.9850083510074497	0.9844385229400106
0.9913598391380433	0.9909387051191093	0.9806162194061134	0.9764330483029209	0.9891148339060848	0.981466979057491	0.978624293273374	0.9780987257716968	0.9917593127281029	0.9903099797665873	0.9889297687425354	0.9906962881346502	0.990690115246676	0.9840997880019574	1.0	0.9806146714376165	0.991586045817798	0.9907610806122101	0.9897975618176376	0.9961166101412331	0.982253803221634	0.9828557313679718	0.9887910128872464	0.9883786948976336	0.9864489105131471	0.9815677715075196	0.9840975289798697	0.9894427398260839	0.9888821649525471	0.9908226760203067	0.9973462357948012	0.9906886317638316	0.9903735074391012	0.9895985832148922	0.9837159079490575	0.979937663339611	0.9883265533567565	0.9888234022249759	0.9897687639767264
0.9819637444785344	0.9817905012219004	0.9709193015767423	0.9710122025432375	0.9797375054519314	0.9720527359732227	0.9683003830943426	0.9704630345563697	0.9819560536707225	0.9806120321384212	0.9799356670908876	0.9821614319302551	0.9816125465020084	0.9707889924244224	0.9806146714376165	1.0	0.9802842104548587	0.9809477946936098	0.9803293254066612	0.9806236176603057	0.9891031118752642	0.9727495245139641	0.979455987238756	0.979076400880285	0.9776579312276654	0.9701765744439084	0.9745390908728566	0.9803416230039029	0.9787960346402803	0.9811574206851085	0.9808369755168792	0.9816064212957327	0.9815392896824192	0.9799520760672988	0.9723394129536022	0.9697895230296978	0.9797865962286635	0.9812545760416093	0.9813335973870141
0.9908881246609016	0.9902874929981904	0.9810192326277181	0.9758049840237959	0.9886451200038905	0.9812251202374268	0.977935654419559	0.9781807675381806	0.990946272477827	0.990055533277986	0.9886793090729193	0.9904406231142396	0.9903811894165186	0.9844067853132742	0.991586045817798	0.9802842104548587	1.0	0.9904367151877193	0.9895851832790716	0.9916430613528401	0.9809755350342481	0.9821744804942417	0.9882299565928969	0.9879961976548438	0.9858938833670781	0.980908063623229	0.983607676217829	0.9900708616886896	0.9889674422925377	0.9903606796286379	0.9916851120898632	0.9902717230188661	0.989867069751279	0.9893899654936249	0.9830637206340587	0.9801824349121816	0.9878330228792911	0.9893338216281526	0.9893223356821017
0.9912000552869943	0.9908322259164674	0.9809606932720987	0.9768687853703325	0.9891629654711203	0.9819333908809328	0.97894894598881	0.9784115927987803	0.99121175676821	0.9900232778288547	0.9889775435120272	0.9905307657384784	0.9905268609221445	0.9841299411464816	0.9907610806122101	0.9809477946936098	0.9904367151877193	1.0	0.9891029084158761	0.9910453340025414	0.9821334752833688	0.9833642210142717	0.9890816341079159	0.9882329945050081	0.9865620540318671	0.9816240250590146	0.98415761369765	0.9903115791507917	0.988930900586402	0.9907893987477742	0.9909760932311611	0.9912178430414236	0.9905713855437829	0.9897057543427454	0.9834241246918483	0.9803817529869379	0.98867595268472	0.9892401150245564	0.9901245772063506
0.9898881914137798	0.9894286016767171	0.979983599353651	0.9759583883595159	0.9878347939288927	0.9801389268543691	0.9788007416388205	0.9766649779773157	0.9912443264907288	0.989241070890462	0.9881175401671022	0.9894940172482409	0.9895955122498783	0.9846276949961346	0.9897975618176376	0.9803293254066612	0.9895851832790716	0.9891029084158761	1.0	0.9899295822544543	0.9795893777347563	0.9818982786986704	0.9877065693344282	0.9879113886020119	0.986091491611901	0.9802912002966748	0.9830177492491593	0.9883341167537094	0.9882878938454892	0.9898177423779692	0.9898873712728252	0.9898923109176263	0.9890956075567402	0.9888180334359076	0.9892494208009448	0.9791335726279101	0.9882073201228289	0.9891183294082043	0.9894932608293724
0.9916311179878191	0.9908229526802692	0.9810409345742904	0.9771143819818693	0.989314869890021	0.9819284881809069	0.9792509211496676	0.9785280931497845	0.9919971656891746	0.9905121523853463	0.989100183598393	0.9907538473729508	0.9908462755979236	0.9851927336830938	0.9961166101412331	0.9806236176603057	0.9916430613528401	0.9910453340025414	0.9899295822544543	1.0	0.9821266706482283	0.9835751159720459	0.9892848265273911	0.9889802882963658	0.9867821967647399	0.9819286397357888	0.9846329747902726	0.9899319223774878	0.9894144491473202	0.9910336426387906	0.9955413398415887	0.9912792309600694	0.990577347962102	0.9901112484779186	0.9835420713581455	0.9804425450404853	0.9884705837108985	0.9893773353499218	0.9897199070337215
0.9834117096171013	0.9832087753735098	0.973138804631051	0.9725637226170248	0.98110941128939	0.9740926411427978	0.9708591376793215	0.9718358564672505	0.9821707876784085	0.9807209785779313	0.9803297882856153	0.9821611201793419	0.9815677276348441	0.971019031214182	0.982253803221634	0.9891031118752642	0.9809755350342481	0.9821334752833688	0.9795893777347563	0.9821266706482283	1.0	0.9741489846175515	0.98049430980451	0.9806139085877597	0.9782562736543983	0.972678309844674	0.9768071798848261	0.981455856732358	0.9795963538265975	0.9815925338898491	0.982351097703814	0.9826704989466811	0.9821512011428145	0.9811865267397779	0.9725860537936303	0.9726793213285633	0.9805101647610956	0.9807563934764533	0.9820206684610946
0.9839763451692811	0.9838239148229396	0.9802002213824842	0.9756693747375651	0.9832674358024904	0.9803527063103907	0.9786320374249935	0.9776928275288777	0.9832986620589487	0.9826356208855304	0.9836461029491756	0.9829511007913029	0.982978572709971	0.9796957024596142	0.9828557313679718	0.9727495245139641	0.9821744804942417	0.9833642210142717	0.9818982786986704	0.9835751159720459	0.9741489846175515	1.0	0.9838310503245209	0.9838553529650166	0.9812519964808221	0.9813635482908966	0.9818426528668773	0.9828026406863974	0.982753904038388	0.9825846958677167	0.9829415155680423	0.9830663673531823	0.983134459403928	0.9829576114250941	0.9778666177905079	0.9793311555250672	0.9821695371959455	0.9841226353681396	0.9838090461954845
0.9895848362461888	0.9890622538654272	0.9805525008657952	0.9762184204838353	0.9876890691635581	0.9807112669530965	0.9783197448786125	0.9783974172534519	0.9893827914597781	0.9886716197652143	0.9890204926760099	0.9890056188588148	0.9891211658278679	0.9841642442186516	0.9887910128872464	0.979455987238756	0.9882299565928969	0.9890816341079159	0.9877065693344282	0.9892848265273911	0.98049430980451	0.9838310503245209	1.0	0.9875488649380354	0.9862660646559899	0.9815177160600356	0.982887842715788	0.9884684425044885	0.9886149831529291	0.9897073679515864	0.9890636936774703	0.9896700763452944	0.9903466002802629	0.9880873529383942	0.9831628448311813	0.9794982589115343	0.988077380157377	0.9885392285671093	0.989274331303781
0.989170063785222	0.9890278406390901	0.981037819163517	0.977396697602103	0.9872362230677639	0.9818351081777864	0.9795412394848783	0.9786054258594443	0.9889801921759074	0.9883374144430048	0.9878123577052104	0.9887066661926212	0.988791596195319	0.982866962985679	0.9883786948976336	0.979076400880285	0.9879961976548438	0.9882329945050081	0.9879113886020119	0.9889802882963658	0.9806139085877597	0.9838553529650166	0.9875488649380354	1.0	0.9850074694447744	0.9824359049003691	0.9847276152999779	0.9876616991080116	0.9866267868264416	0.9880785617673702	0.9887357918018067	0.9880917646496108	0.9883232037099569	0.9875954477002634	0.9823683366123611	0.9807388591027576	0.9869633677742533	0.9878834500997227	0.9887611672166781
0.9876149758008704	0.9873133775449788	0.9786881608840616	0.9743496866938631	0.986306962429534	0.9779843491253715	0.9769183323872938	0.9764510814221402	0.9870600880703053	0.9862237245758609	0.986068524493334	0.9866496213134807	0.9866005944487529	0.9818639642896393	0.9864489105131471	0.9776579312276654	0.9858938833670781	0.9865620540318671	0.986091491611901	0.9867821967647399	0.9782562736543983	0.9812519964808221	0.9862660646559899	0.9850074694447744	1.0	0.9794037337716706	0.9808445374984625	0.9862271639893969	0.9856777492420881	0.9864037142194159	0.9866611059951559	0.986647132999723	0.9865225023024246	0.9858133884874564	0.9822056591315108	0.9776072675062645	0.9865053207642609	0.9862048673460119	0.9868470819870442
0.9823677707468436	0.9821815744386424	0.979610597805378	0.9764736402386189	0.98128571160572	0.9808277766629352	0.9792464527221308	0.9788149892795047	0.9818006038234218	0.9812836173969155	0.9811690630820583	0.981663515040564	0.9817117087515635	0.9770412832659056	0.9815677715075196	0.9701765744439084	0.980908063623229	0.9816240250590146	0.9802912002966748	0.9819286397357888	0.972678309844674	0.9813635482908966	0.9815177160600356	0.9824359049003691	0.9794037337716706	1.0	0.9855574601241126	0.9814085540423562	0.9808414212192685	0.9811958222526669	0.9818379125948432	0.9818349630816251	0.98156673022484	0.9814481961262302	0.9763080535746554	0.981419429339398	0.9811866818025027	0.9813938672909229	0.9818271241581491
0.984859461840154	0.9848020826036239	0.9813976804810144	0.9791378636857334	0.9831037318719318	0.9836193441690768	0.981061054563974	0.9804255747143905	0.9842605717373926	0.9842772556892238	0.9826313273180619	0.9845143156909626	0.9845162119443397	0.9769501808066537	0.9840975289798697	0.9745390908728566	0.983607676217829	0.98415761369765	0.9830177492491593	0.9846329747902726	0.9768071798848261	0.9818426528668773	0.982887842715788	0.9847276152999779	0.9808445374984625	0.9855574601241126	1.0	0.9840369907791872	0.9826239574895987	0.9845158507766795	0.9844511546125152	0.9843572636209652	0.984185406423063	0.9837548136968329	0.97632150189602	0.9823759054601944	0.9822701318695436	0.9827916564473528	0.9838654651524923
0.990903699010106	0.9902910080221178	0.981043774954822	0.9762053117706283	0.9887180947830158	0.9816958958607265	0.9783259129736066	0.9792057007076028	0.9899366430617917	0.9896962295702817	0.9879503544435759	0.989995984549416	0.9899421423212977	0.9824155655999957	0.9894427398260839	0.9803416230039029	0.9900708616886896	0.9903115791507917	0.9883341167537094	0.9899319223774878	0.981455856732358	0.9828026406863974	0.9884684425044885	0.9876616991080116	0.9862271639893969	0.9814085540423562	0.9840369907791872	1.0	0.9879780795023859	0.9897237885941157	0.9898480691662916	0.9910208170425651	0.9899600713056155	0.9896021427178727	0.9818278814471392	0.9808385277862233	0.9872179476079519	0.9881158273657175	0.988696257057819
0.9895400551011929	0.9891259234449852	0.9812391415760723	0.9770780552171192	0.9879696273314232	0.9805443342579826	0.9789004465066128	0.9778634113749235	0.9892374601872008	0.9882926147284401	0.9880383604055086	0.9887013016967953	0.9886595382555279	0.9839934867276989	0.9888821649525471	0.9787960346402803	0.9889674422925377	0.988930900586402	0.9882878938454892	0.9894144491473202	0.9795963538265975	0.982753904038388	0.9886149831529291	0.9866267868264416	0.9856777492420881	0.9808414212192685	0.9826239574895987	0.9879780795023859	1.0	0.993618944816002	0.9893044608447729	0.9894952796101845	0.9898288165826472	0.9886246056546709	0.9839170467567568	0.9794121903141731	0.9872045991981503	0.988491589607403	0.9886376812631
0.9911011798356981	0.9905033275085243	0.9814237410589314	0.9768101326878011	0.9889357858477029	0.9817303702274224	0.9790795526638529	0.9783219544757925	0.9905902665264538	0.9901530317751781	0.9888768235811732	0.9903509000040114	0.990548854046819	0.9833897924701646	0.9908226760203067	0.9811574206851085	0.9903606796286379	0.9907893987477742	0.9898177423779692	0.9910336426387906	0.9815925338898491	0.9825846958677167	0.9897073679515864	0.9880785617673702	0.9864037142194159	0.9811958222526669	0.9845158507766795	0.9897237885941157	0.993618944816002	1.0	0.9911748421484865	0.991444655718949	0.9912804777525261	0.9901165197681705	0.9837239175206681	0.9803808579728309	0.9879039503662785	0.9891369535943572	0.9896524987209339
0.9915897588628245	0.990839257336855	0.9810537458898488	0.976899239271509	0.9893495004528992	0.9819393273891607	0.9790142286952095	0.9787006497554425	0.9917212117561481	0.9903255117446268	0.9890399411816472	0.9905967721400795	0.9906062399246176	0.9843580463892622	0.9973462357948012	0.9808369755168792	0.9916851120898632	0.9909760932311611	0.9898873712728252	0.9955413398415887	0.982351097703814	0.9829415155680423	0.9890636936774703	0.9887357918018067	0.9866611059951559	0.9818379125948432	0.9844511546125152	0.9898480691662916	0.9893044608447729	0.9911748421484865	1.0	0.9908786119788987	0.9905501602896662	0.9898348490864789	0.9835528135704705	0.9803525889492599	0.9884076976942571	0.9888697936884817	0.9897227489472459
0.9916422216999267	0.9911139934860925	0.9810126148755123	0.9767943097746778	0.9894552159981821	0.98199581914367	0.9785406784406896	0.9785582374058289	0.9911326654665642	0.9906197241999809	0.9891572517221969	0.9908215850159093	0.9909866105057935	0.9838328410274003	0.9906886317638316	0.9816064212957327	0.9902717230188661	0.9912178430414236	0.9898923109176263	0.9912792309600694	0.9826704989466811	0.9830663673531823	0.9896700763452944	0.9880917646496108	0.986647132999723	0.9818349630816251	0.9843572636209652	0.9910208170425651	0.9894952796101845	0.991444655718949	0.9908786119788987	1.0	0.9910701390598791	0.9912505424609497	0.9835242168215871	0.9806123994242928	0.9879826058361408	0.9893264718423843	0.9897400692731033
0.9911105266999216	0.9907498497432962	0.9811452177191982	0.9777316093433555	0.9888329234741489	0.9818485882906678	0.9787850465509571	0.9784725154709891	0.9903648211879709	0.9902999441877214	0.9894378048099489	0.9906800867660694	0.9907030471446454	0.9837742823917465	0.9903735074391012	0.9815392896824192	0.989867069751279	0.9905713855437829	0.9890956075567402	0.990577347962102	0.9821512011428145	0.983134459403928	0.9903466002802629	0.9883232037099569	0.9865225023024246	0.98156673022484	0.984185406423063	0.9899600713056155	0.9898288165826472	0.9912804777525261	0.9905501602896662	0.9910701390598791	1.0	0.9903807018281866	0.9836394196104851	0.9805342055888834	0.988369104861633	0.9889411704401014	0.9900572909807221
0.990356599337332	0.9900033330860797	0.981509558031653	0.9768829841789242	0.9884500241101464	0.9820964462087056	0.9791575732605163	0.9788364599513434	0.9901316807967154	0.9899178942136516	0.9885978135523461	0.990015685958332	0.9902233929724175	0.9831238362740762	0.9895985832148922	0.9799520760672988	0.9893899654936249	0.9897057543427454	0.9888180334359076	0.9901112484779186	0.9811865267397779	0.9829576114250941	0.9880873529383942	0.9875954477002634	0.9858133884874564	0.9814481961262302	0.9837548136968329	0.9896021427178727	0.9886246056546709	0.9901165197681705	0.9898348490864789	0.9912505424609497	0.9903807018281866	1.0	0.9829040067681651	0.980966292568191	0.9872758038776425	0.988749700261109	0.9889727194710957
0.9843119277378553	0.9838937751887233	0.975565362007158	0.9713861014898747	0.9833474320530385	0.9742149862376013	0.973807661051478	0.9715195004844273	0.9842886400574411	0.9826704027111611	0.9833166298565555	0.982962722496783	0.9830349691940387	0.9817968118683198	0.9837159079490575	0.9723394129536022	0.9830637206340587	0.9834241246918483	0.9892494208009448	0.9835420713581455	0.9725860537936303	0.9778666177905079	0.9831628448311813	0.9823683366123611	0.9822056591315108	0.9763080535746554	0.97632150189602	0.9818278814471392	0.9839170467567568	0.9837239175206681	0.9835528135704705	0.9835242168215871	0.9836394196104851	0.9829040067681651	1.0	0.9742341178801855	0.9843656191202897	0.9840582905095491	0.9843427574996023
0.9811227689573279	0.981365612721884	0.9853203629800752	0.9794242583485058	0.9804349611451751	0.9857590485974997	0.9828847811359813	0.9829036227283932	0.9805131026195677	0.97986288923609	0.979596192525225	0.9803656518105317	0.9803509119078158	0.9754415280928197	0.979937663339611	0.9697895230296978	0.9801824349121816	0.9803817529869379	0.9791335726279101	0.9804425450404853	0.9726793213285633	0.9793311555250672	0.9794982589115343	0.9807388591027576	0.9776072675062645	0.981419429339398	0.9823759054601944	0.9808385277862233	0.9794121903141731	0.9803808579728309	0.9803525889492599	0.9806123994242928	0.9805342055888834	0.980966292568191	0.9742341178801855	1.0	0.9795326506117509	0.9810998789479948	0.9807210985554373
0.9888192015597888	0.9883360509542405	0.9802861141965895	0.9759476106751678	0.9872408764522241	0.9801245344617461	0.9777417340140804	0.9773900727498731	0.989053404967771	0.9882645157056765	0.9883867269565318	0.9887279623855925	0.9887020885156289	0.9843975202578101	0.9883265533567565	0.9797865962286635	0.9878330228792911	0.98867595268472	0.9882073201228289	0.9884705837108985	0.9805101647610956	0.9821695371959455	0.988077380157377	0.9869633677742533	0.9865053207642609	0.9811866818025027	0.9822701318695436	0.9872179476079519	0.9872045991981503	0.9879039503662785	0.9884076976942571	0.9879826058361408	0.988369104861633	0.9872758038776425	0.9843656191202897	0.9795326506117509	1.0	0.9886797942999009	0.9895465114479806
0.9897726164771072	0.9894525539889459	0.9817011340865314	0.9771340645724956	0.9883962639641355	0.9812200367222126	0.979599294846172	0.9790522182128297	0.9903223345168186	0.9898617743173946	0.989798143586485	0.9903422244595121	0.9903254936007475	0.9850083510074497	0.9888234022249759	0.9812545760416093	0.9893338216281526	0.9892401150245564	0.9891183294082043	0.9893773353499218	0.9807563934764533	0.9841226353681396	0.9885392285671093	0.9878834500997227	0.9862048673460119	0.9813938672909229	0.9827916564473528	0.9881158273657175	0.988491589607403	0.9891369535943572	0.9888697936884817	0.9893264718423843	0.9889411704401014	0.988749700261109	0.9840582905095491	0.9810998789479948	0.9886797942999009	1.0	0.9896362872285179
0.9902022170549218	0.9898954044613194	0.9812417818101217	0.9771126112919121	0.9885737587640661	0.9813419613135902	0.9792110317853842	0.9788282240090941	0.9906973452938925	0.9898543977935854	0.9900199873992672	0.9904161737919323	0.9903837295697983	0.9844385229400106	0.9897687639767264	0.9813335973870141	0.9893223356821017	0.9901245772063506	0.9894932608293724	0.9897199070337215	0.9820206684610946	0.9838090461954845	0.989274331303781	0.9887611672166781	0.9868470819870442	0.9818271241581491	0.9838654651524923	0.988696257057819	0.9886376812631	0.9896524987209339	0.9897227489472459	0.9897400692731033	0.9900572909807221	0.9889727194710957	0.9843427574996023	0.9807210985554373	0.9895465114479806	0.9896362872285179	1.0
