/home/jshaw/scratch/2022_sketched_distance/references/SGB_genome_fastas_part3/4891/Bengtsson-PalmeJ_2015__TRAVELRES10__bin.114.fa	/home/jshaw/scratch/2022_sketched_distance/references/SGB_genome_fastas_part3/4891/Bengtsson-PalmeJ_2015__TRAVELRES9__bin.120.fa	/home/jshaw/scratch/2022_sketched_distance/references/SGB_genome_fastas_part3/4891/BritoIL_2016__M1.15.ST__bin.2.fa	/home/jshaw/scratch/2022_sketched_distance/references/SGB_genome_fastas_part3/4891/BritoIL_2016__M1.61.ST__bin.27.fa	/home/jshaw/scratch/2022_sketched_distance/references/SGB_genome_fastas_part3/4891/CosteaPI_2017__SID713B014-11-0-0__bin.111.fa	/home/jshaw/scratch/2022_sketched_distance/references/SGB_genome_fastas_part3/4891/CosteaPI_2017__SID713B063-11-0-0__bin.25.fa	/home/jshaw/scratch/2022_sketched_distance/references/SGB_genome_fastas_part3/4891/CosteaPI_2017__SID713B072-11-0-0__bin.104.fa	/home/jshaw/scratch/2022_sketched_distance/references/SGB_genome_fastas_part3/4891/CosteaPI_2017__SID713B072-11-90-0__bin.90.fa	/home/jshaw/scratch/2022_sketched_distance/references/SGB_genome_fastas_part3/4891/LeChatelierE_2013__MH0124__bin.33.fa	/home/jshaw/scratch/2022_sketched_distance/references/SGB_genome_fastas_part3/4891/LeChatelierE_2013__MH0126__bin.1.fa	/home/jshaw/scratch/2022_sketched_distance/references/SGB_genome_fastas_part3/4891/LeChatelierE_2013__MH0143__bin.51.fa	/home/jshaw/scratch/2022_sketched_distance/references/SGB_genome_fastas_part3/4891/LeChatelierE_2013__MH0173__bin.42.fa	/home/jshaw/scratch/2022_sketched_distance/references/SGB_genome_fastas_part3/4891/LeChatelierE_2013__MH0189__bin.26.fa	/home/jshaw/scratch/2022_sketched_distance/references/SGB_genome_fastas_part3/4891/LeChatelierE_2013__MH0318__bin.89.fa	/home/jshaw/scratch/2022_sketched_distance/references/SGB_genome_fastas_part3/4891/LeChatelierE_2013__MH0407__bin.21.fa	/home/jshaw/scratch/2022_sketched_distance/references/SGB_genome_fastas_part3/4891/LeChatelierE_2013__MH0448__bin.33.fa	/home/jshaw/scratch/2022_sketched_distance/references/SGB_genome_fastas_part3/4891/LiJ_2014__MH0357__bin.46.fa	/home/jshaw/scratch/2022_sketched_distance/references/SGB_genome_fastas_part3/4891/LiJ_2014__MH0374__bin.43.fa	/home/jshaw/scratch/2022_sketched_distance/references/SGB_genome_fastas_part3/4891/LiJ_2014__MH0376__bin.44.fa	/home/jshaw/scratch/2022_sketched_distance/references/SGB_genome_fastas_part3/4891/LiJ_2014__MH0390__bin.72.fa	/home/jshaw/scratch/2022_sketched_distance/references/SGB_genome_fastas_part3/4891/NielsenHB_2014__MH0124__bin.51.fa	/home/jshaw/scratch/2022_sketched_distance/references/SGB_genome_fastas_part3/4891/NielsenHB_2014__MH0126__bin.31.fa	/home/jshaw/scratch/2022_sketched_distance/references/SGB_genome_fastas_part3/4891/NielsenHB_2014__MH0143__bin.37.fa	/home/jshaw/scratch/2022_sketched_distance/references/SGB_genome_fastas_part3/4891/RampelliS_2015__H10__bin.85.fa	/home/jshaw/scratch/2022_sketched_distance/references/SGB_genome_fastas_part3/4891/RampelliS_2015__H20__bin.22.fa	/home/jshaw/scratch/2022_sketched_distance/references/SGB_genome_fastas_part3/4891/SchirmerM_2016__G89065__bin.23.fa	/home/jshaw/scratch/2022_sketched_distance/references/SGB_genome_fastas_part3/4891/VogtmannE_2016__MMRS94549160ST-27-0-0__bin.16.fa	/home/jshaw/scratch/2022_sketched_distance/references/SGB_genome_fastas_part3/4891/XieH_2016__YSZC12003_37101__bin.58.fa	/home/jshaw/scratch/2022_sketched_distance/references/SGB_genome_fastas_part3/4891/XieH_2016__YSZC12003_37315__bin.117.fa	/home/jshaw/scratch/2022_sketched_distance/references/SGB_genome_fastas_part3/4891/XieH_2016__YSZC12003_37331__bin.75.fa	/home/jshaw/scratch/2022_sketched_distance/references/SGB_genome_fastas_part3/4891/ZeeviD_2015__PNP_Main_172__bin.42.fa	/home/jshaw/scratch/2022_sketched_distance/references/SGB_genome_fastas_part3/4891/ZeeviD_2015__PNP_Main_19__bin.5.fa	/home/jshaw/scratch/2022_sketched_distance/references/SGB_genome_fastas_part3/4891/ZeeviD_2015__PNP_Main_225__bin.42.fa	/home/jshaw/scratch/2022_sketched_distance/references/SGB_genome_fastas_part3/4891/ZeeviD_2015__PNP_Main_25__bin.13.fa	/home/jshaw/scratch/2022_sketched_distance/references/SGB_genome_fastas_part3/4891/ZeeviD_2015__PNP_Main_325__bin.27.fa	/home/jshaw/scratch/2022_sketched_distance/references/SGB_genome_fastas_part3/4891/ZeeviD_2015__PNP_Main_362__bin.42.fa	/home/jshaw/scratch/2022_sketched_distance/references/SGB_genome_fastas_part3/4891/ZeeviD_2015__PNP_Main_386__bin.19.fa	/home/jshaw/scratch/2022_sketched_distance/references/SGB_genome_fastas_part3/4891/ZeeviD_2015__PNP_Main_560__bin.12.fa	/home/jshaw/scratch/2022_sketched_distance/references/SGB_genome_fastas_part3/4891/ZeeviD_2015__PNP_Main_666__bin.39.fa	/home/jshaw/scratch/2022_sketched_distance/references/SGB_genome_fastas_part3/4891/ZeeviD_2015__PNP_Main_764__bin.41.fa	/home/jshaw/scratch/2022_sketched_distance/references/SGB_genome_fastas_part3/4891/ZeeviD_2015__PNP_Main_80__bin.76.fa	/home/jshaw/scratch/2022_sketched_distance/references/SGB_genome_fastas_part3/4891/ZeeviD_2015__PNP_Validation_18__bin.30.fa
1.0	0.9996205964057686	0.9893658472764928	0.9901612087583676	0.9895515347654745	0.980503562862498	0.9902899081001073	0.9835722783118351	0.9897580667588746	0.9884125530256542	0.9904088596926175	0.9835524520948553	0.9889489411544466	0.9890254919266165	0.9894071483996	0.990598943035566	0.9898443821161791	0.9901404501587837	0.9829029822908177	0.9897695130639134	0.990140585896739	0.987357739020684	0.9900070280848324	0.9748930971570479	0.9772103628440351	0.9902274842294914	0.987376733908419	0.989440982475785	0.9846173852946064	0.9893158520534568	0.990043790590658	0.9832479985549069	0.9882852133001416	0.9869856150326565	0.9890187450135396	0.9890129853684538	0.9895336428995363	0.9896658647022591	0.9809550517895114	0.9886585972564259	0.9896778261897489	0.9896460653453725
0.9996205964057686	1.0	0.9892071251975726	0.9901143801133838	0.989276689663152	0.980150550897401	0.9902416138618962	0.9832330195687178	0.9895750154558127	0.9883032835522476	0.9903103764707916	0.9831859885893681	0.9889262983489883	0.9888602657488166	0.9891696639803677	0.9903290583221337	0.9896246934059632	0.9900432276465755	0.9826025810744909	0.9898063616032333	0.9898905382698642	0.9871679535642991	0.9897768437734831	0.9745750632547941	0.9768824245365056	0.9902289967432204	0.9870900422722308	0.9893645671875144	0.9843022440042986	0.9890749229604011	0.9899975233516269	0.9829426297754412	0.9880184321875486	0.9868728539475762	0.9890285165984953	0.9889721625550584	0.9894229314846912	0.9896229131625461	0.9806690627744433	0.9883865017554156	0.9896323333033734	0.9895334794013556
0.9893658472764928	0.9892071251975726	1.0	0.9979113516145559	0.98997569959843	0.9815560249360512	0.9910504191624862	0.9846190385741292	0.990307059769053	0.9880353955965793	0.9911365937652066	0.9837208753699198	0.9899141391591617	0.9896037068941218	0.9900022634342517	0.9910747786794118	0.990686857979998	0.9915341979904254	0.9831730035037447	0.9904840484289166	0.9907483286216495	0.9871172867825958	0.9907403207570777	0.9739433707806268	0.9759397745681537	0.9904607910373988	0.988218218619815	0.9897436219850381	0.9849202716462719	0.9898856702267651	0.9908132160098349	0.9829238594735444	0.9895863207517478	0.9878716788869547	0.9889676192706838	0.9912625287473735	0.9901695375733388	0.9906552330206491	0.9808650926320676	0.9898019038805648	0.9896463976427642	0.9900039680875868
0.9901612087583676	0.9901143801133838	0.9979113516145559	1.0	0.9908634326210003	0.9822923460814403	0.991993826014825	0.9855408575673614	0.9917932903641373	0.9894458704432334	0.9920487863262986	0.984741070566505	0.9903763875886616	0.9903475999397535	0.9911513595652859	0.992221284856475	0.9917324023036077	0.9923254885676647	0.9841748330060217	0.9913163815328493	0.992178291449301	0.9883856363765834	0.9918665982180439	0.9751886153771185	0.9773364206736329	0.9922989358875586	0.9892285827328032	0.9910252115749807	0.9861056489380066	0.9906938341769874	0.9924785754052539	0.9839006937299746	0.9905295281739841	0.9891195455158283	0.9903097975669248	0.9912571903677968	0.9914128303752539	0.9917475877574485	0.9819590985470874	0.9904424487770627	0.9907316647695994	0.9914156158050041
0.9895515347654745	0.989276689663152	0.98997569959843	0.9908634326210003	1.0	0.9860563834248525	0.993367729117242	0.9889161784852216	0.9933552110016537	0.9911601008689319	0.9932005617661399	0.9879100517390549	0.9914824030905608	0.9909344223135921	0.9921601081455498	0.9938999374514444	0.9931274215402749	0.9934965582279836	0.9874801052549977	0.9924900268291647	0.9934439323902241	0.9905666959398046	0.9932383968155415	0.9769494397682666	0.9778885363354327	0.9925358177491318	0.99014286561471	0.99201500336065	0.9887003021130251	0.9938743700719412	0.9926109094129899	0.9866280659785739	0.9926678555707729	0.9915651354309187	0.9908628423694708	0.9932851432590869	0.9921225622502539	0.9921724525229559	0.9850144590997656	0.9918604069979461	0.9922664071922931	0.9922028665497336
0.980503562862498	0.980150550897401	0.9815560249360512	0.9822923460814403	0.9860563834248525	1.0	0.9884536448601576	0.9868300786370782	0.9851860181488797	0.9819235236697237	0.984874323817255	0.9790308298362442	0.9816044924456296	0.9833323425613921	0.9841348021196497	0.9855315190114763	0.9848765384472004	0.9846851568037002	0.9809987435035146	0.9836567776983505	0.9852328396079937	0.9823627996306764	0.9847366395826788	0.9758555945011322	0.9759943112045744	0.9844526331692898	0.9822189341844341	0.9837814649897735	0.9833332938765109	0.9840771499831787	0.9850856197391041	0.9785067801329792	0.9851124336809619	0.9840941796400926	0.9825709579232277	0.985046539270347	0.9840582905095491	0.982992628962013	0.9781072250112727	0.983949349220626	0.9841295981760347	0.9849320858746291
0.9902899081001073	0.9902416138618962	0.9910504191624862	0.991993826014825	0.993367729117242	0.9884536448601576	1.0	0.9918966075481009	0.9944862421366956	0.9914818734260853	0.9947301926448566	0.9877321964568008	0.9917518986829504	0.9932056193325014	0.9933948007539094	0.994466107043586	0.9935339448311132	0.994462314219897	0.9864182869418391	0.9934465325321584	0.994804271511845	0.9908146989756741	0.9943722496493195	0.9763540342015128	0.9781241505117356	0.9939140144611951	0.9901190899573582	0.9940352618242467	0.9907970661046899	0.9925627424299627	0.9958010917809693	0.9860804651080953	0.9929832954822587	0.9921048218407751	0.9931808586570444	0.995613869463746	0.9939342925957628	0.9934313311143651	0.9852535775462874	0.9930787371325787	0.9942528839646713	0.9949488001247635
0.9835722783118351	0.9832330195687178	0.9846190385741292	0.9855408575673614	0.9889161784852216	0.9868300786370782	0.9918966075481009	1.0	0.9883169433049218	0.9861698540982863	0.9879406904175091	0.9847068141013033	0.9854432848966846	0.9861970147242919	0.9874997534792559	0.988823424965256	0.9884275278569039	0.9880929034754717	0.9834481414462585	0.9872497065636475	0.9884650277911812	0.9864299625747578	0.9878811382515851	0.9740610481904401	0.9750085127619551	0.9875934143096616	0.9852501343258887	0.987268549209979	0.9863095941968176	0.9881592911767507	0.9885664187007176	0.9826512501629816	0.988135587053438	0.9879164947551108	0.9859368388736515	0.9887545074081405	0.9874552456618331	0.9867294231501338	0.9816336827791029	0.9873262135930913	0.987740051894253	0.987863367774172
0.9897580667588746	0.9895750154558127	0.990307059769053	0.9917932903641373	0.9933552110016537	0.9851860181488797	0.9944862421366956	0.9883169433049218	1.0	0.9917185674860316	0.994362001734798	0.9872674225147762	0.9917262866779595	0.9943077535350238	0.9943145940298641	0.9943019926042507	0.9938311238688752	0.9941795930023194	0.9866449922199555	0.9931149719260286	0.9991772487245791	0.9910584194213425	0.9943025933190852	0.9771900908411699	0.978496296905576	0.9943377917312115	0.9903907188360859	0.994802772152188	0.9889553538830034	0.9923806859465372	0.9946601254126095	0.9864250564175198	0.9932710360319968	0.9911499398385241	0.9932127846313344	0.9931320883831244	0.9941626181142588	0.9938681102840128	0.9848929746447266	0.9928638752486633	0.9937574017118828	0.9939548295558766
0.9884125530256542	0.9883032835522476	0.9880353955965793	0.9894458704432334	0.9911601008689319	0.9819235236697237	0.9914818734260853	0.9861698540982863	0.9917185674860316	1.0	0.9913546927817339	0.9862450536413158	0.9900046576159919	0.989349886426808	0.9906005833852016	0.9919753516725155	0.991450159856826	0.9916803424428414	0.9848486097529349	0.991279376579342	0.9917678547734442	0.9952841932843974	0.9910981102964288	0.9743797173559169	0.9752496774078528	0.9914995883547637	0.9877468664736185	0.9905118293807244	0.9862720637917921	0.9909885654597761	0.9911503607490101	0.9849298661321422	0.9902959881304318	0.9891196200412333	0.9899473678943228	0.9902677288998076	0.9910302063632441	0.9907527682104473	0.982997420830257	0.990252250641382	0.9908632712716231	0.9909600666845132
0.9904088596926175	0.9903103764707916	0.9911365937652066	0.9920487863262986	0.9932005617661399	0.984874323817255	0.9947301926448566	0.9879406904175091	0.994362001734798	0.9913546927817339	1.0	0.9874012441174261	0.9923817586179402	0.9931523436907893	0.9934859899416205	0.9945261881346098	0.9934976882706549	0.9942949342968004	0.9867047545168613	0.9930802973038889	0.9947583389410594	0.9907470198905848	0.99879504069701	0.9768231970826874	0.9779833175390281	0.9937751508430608	0.9904700955035141	0.9938221489565113	0.988906637403492	0.9931502588102256	0.9940836134619601	0.9861635140487752	0.9928412681960986	0.9906843994902486	0.9927519553826905	0.9929268438562053	0.9936732365436399	0.9931450819135899	0.9843947188857756	0.9927822710513134	0.9940361539924721	0.993691144328177
0.9835524520948553	0.9831859885893681	0.9837208753699198	0.984741070566505	0.9879100517390549	0.9790308298362442	0.9877321964568008	0.9847068141013033	0.9872674225147762	0.9862450536413158	0.9874012441174261	1.0	0.9855714729991925	0.9854771570782416	0.9868145307807644	0.9887269885346677	0.9877503339534133	0.9876242309603736	0.9833302678124727	0.9865645186970211	0.987494579894767	0.9865375291979342	0.987122977031863	0.9716392503471033	0.9730443893143481	0.9864892467605939	0.9852723898152567	0.9863286614978246	0.9847125420535	0.9879385447684338	0.9867306474407126	0.9828658857492009	0.9869575153979719	0.9869236110975288	0.9854146528911643	0.9859226322885256	0.9866920810649584	0.9862968579921975	0.9817130775040421	0.9865022009015221	0.9870798476470759	0.986455171268118
0.9889489411544466	0.9889262983489883	0.9899141391591617	0.9903763875886616	0.9914824030905608	0.9816044924456296	0.9917518986829504	0.9854432848966846	0.9917262866779595	0.9900046576159919	0.9923817586179402	0.9855714729991925	1.0	0.990649847639134	0.9910782685783045	0.9921827113909435	0.9917932965579827	0.9929991839486679	0.9846142767126884	0.994237060634674	0.9922032565886613	0.9889019919416691	0.9919351638285793	0.9735869378853167	0.9754081175895428	0.9917795309413727	0.9883592576576178	0.9913899355272789	0.9861291414032762	0.991196679487437	0.9914718944196332	0.9836685147257095	0.9900512231439539	0.988568570249151	0.9904007179177469	0.9910449653801497	0.9917594904800442	0.9918473267871164	0.982559729108133	0.991270096770083	0.9912154927855592	0.9910995599993648
0.9890254919266165	0.9888602657488166	0.9896037068941218	0.9903475999397535	0.9909344223135921	0.9833323425613921	0.9932056193325014	0.9861970147242919	0.9943077535350238	0.989349886426808	0.9931523436907893	0.9854771570782416	0.990649847639134	1.0	0.9931816917564237	0.9927447628948047	0.9919391242359549	0.9927567199924608	0.9850308909598618	0.9914639344141578	0.9947129873738123	0.9890604581881464	0.9926273366913981	0.9750506666140419	0.9771253186911057	0.9932906362539178	0.9885484483867683	0.9936194221550371	0.9875412859162727	0.9912755775074442	0.9934085856314683	0.9845149680041464	0.9915056593603041	0.9890392463711746	0.9923551225512239	0.991864368626814	0.9928658921279798	0.9929011663947264	0.9833041690096428	0.991646239231001	0.9927755806021737	0.9931782065293424
0.9894071483996	0.9891696639803677	0.9900022634342517	0.9911513595652859	0.9921601081455498	0.9841348021196497	0.9933948007539094	0.9874997534792559	0.9943145940298641	0.9906005833852016	0.9934859899416205	0.9868145307807644	0.9910782685783045	0.9931816917564237	1.0	0.9933186782211236	0.9933067936606831	0.9934745774450374	0.9862849383294718	0.9922062095186713	0.9946142449182008	0.9902881589935537	0.9929768346933471	0.9767345199837104	0.9779459145553795	0.993492826533899	0.9895767384403795	0.9953964530071429	0.988291351251085	0.9919258553897139	0.9935952379273116	0.9857580066991837	0.9923150771282506	0.9901749206154217	0.99404359165234	0.9914022894816946	0.9936062428802622	0.9940776637390735	0.9842617314693832	0.9918524307901586	0.9931932342975288	0.9936396589466963
0.990598943035566	0.9903290583221337	0.9910747786794118	0.992221284856475	0.9938999374514444	0.9855315190114763	0.994466107043586	0.988823424965256	0.9943019926042507	0.9919753516725155	0.9945261881346098	0.9887269885346677	0.9921827113909435	0.9927447628948047	0.9933186782211236	1.0	0.9940623324916502	0.9946197569062419	0.9871748118032814	0.9935302619339591	0.9947866406643281	0.9913681019351253	0.9944198728687004	0.9771640117357091	0.9783905430847584	0.9937017599155931	0.9909040460499181	0.9930622759149836	0.9895655509065941	0.9938698228213545	0.9938954255000709	0.9869663342400123	0.9927682520337929	0.9916873002922424	0.992552099237938	0.9931629510719411	0.9934870760772616	0.9932255978003708	0.9853016411516496	0.9934529541111804	0.9937302960265478	0.9937406798474372
0.9898443821161791	0.9896246934059632	0.990686857979998	0.9917324023036077	0.9931274215402749	0.9848765384472004	0.9935339448311132	0.9884275278569039	0.9938311238688752	0.991450159856826	0.9934976882706549	0.9877503339534133	0.9917932965579827	0.9919391242359549	0.9933067936606831	0.9940623324916502	1.0	0.994147615484851	0.9873900671060987	0.9929778612187427	0.993978729067921	0.9908512479994089	0.9935498228290537	0.9762612377517541	0.9779784699617602	0.9935199419319145	0.9908650485500757	0.9932397778245555	0.9889016221279845	0.9926673487349496	0.993261909513515	0.9867126789269717	0.9923834814673658	0.9914280369451838	0.9922595820201638	0.9923201894936441	0.9932075123966455	0.9930154517233576	0.984768589510813	0.9923782390700234	0.992319162920401	0.9929447009273783
0.9901404501587837	0.9900432276465755	0.9915341979904254	0.9923254885676647	0.9934965582279836	0.9846851568037002	0.994462314219897	0.9880929034754717	0.9941795930023194	0.9916803424428414	0.9942949342968004	0.9876242309603736	0.9929991839486679	0.9927567199924608	0.9934745774450374	0.9946197569062419	0.994147615484851	1.0	0.9868035139166428	0.9939658340122663	0.9946686552232652	0.9907425531192462	0.9941005781146605	0.9768098399864943	0.9778727680086029	0.9939590144239537	0.9905934683934102	0.9939605020613299	0.9886375577030514	0.9930249757210146	0.994279571448112	0.986314212061419	0.9920591758336185	0.9916247449187624	0.9928998607168246	0.9935139092154585	0.9934636713251016	0.9940010244081269	0.9845623348595023	0.9940737434523924	0.99305897916919	0.9934941913891813
0.9829029822908177	0.9826025810744909	0.9831730035037447	0.9841748330060217	0.9874801052549977	0.9809987435035146	0.9864182869418391	0.9834481414462585	0.9866449922199555	0.9848486097529349	0.9867047545168613	0.9833302678124727	0.9846142767126884	0.9850308909598618	0.9862849383294718	0.9871748118032814	0.9873900671060987	0.9868035139166428	1.0	0.9856431111237481	0.9868612273672389	0.9855639678817161	0.9864410727016748	0.9740025712222362	0.9732997795183564	0.9862943887607921	0.9850519106902784	0.9856766146846789	0.984395358595924	0.9868237479311165	0.9856839233015848	0.981416280196768	0.9866530784798213	0.9850559767238679	0.9847174121856944	0.9848374735360582	0.9862751553014314	0.9857998933104737	0.9811717778960347	0.9857029316155714	0.9859938601651584	0.9856515243740108
0.9897695130639134	0.9898063616032333	0.9904840484289166	0.9913163815328493	0.9924900268291647	0.9836567776983505	0.9934465325321584	0.9872497065636475	0.9931149719260286	0.991279376579342	0.9930802973038889	0.9865645186970211	0.994237060634674	0.9914639344141578	0.9922062095186713	0.9935302619339591	0.9929778612187427	0.9939658340122663	0.9856431111237481	1.0	0.9931991257223424	0.9901964090129883	0.9929645091531617	0.9751600377665653	0.9768361032606281	0.9929146294407079	0.9892047483871041	0.9921153453542818	0.9877631309987469	0.9919658486668388	0.9927134950317016	0.9852966408419883	0.9915056039332141	0.9898892953541848	0.9914652930245965	0.9926383451154085	0.99302018207271	0.9930045689900223	0.9835704724956157	0.9922002096781192	0.9922569067496919	0.9926006163621581
0.990140585896739	0.9898905382698642	0.9907483286216495	0.992178291449301	0.9934439323902241	0.9852328396079937	0.994804271511845	0.9884650277911812	0.9991772487245791	0.9917678547734442	0.9947583389410594	0.987494579894767	0.9922032565886613	0.9947129873738123	0.9946142449182008	0.9947866406643281	0.993978729067921	0.9946686552232652	0.9868612273672389	0.9931991257223424	1.0	0.9912963461708705	0.9947741824566058	0.977352400338737	0.9789146267038188	0.9946382469809679	0.9907285576805458	0.9949935631962479	0.9893887014293676	0.9927975454956395	0.9948967746297676	0.9865778420780935	0.9932787596917924	0.9913178921347182	0.9936113397212126	0.9931398683767358	0.9946020518076188	0.9942671503091505	0.9851902270592834	0.9931504162991597	0.9940117505479795	0.9943584606872566
0.987357739020684	0.9871679535642991	0.9871172867825958	0.9883856363765834	0.9905666959398046	0.9823627996306764	0.9908146989756741	0.9864299625747578	0.9910584194213425	0.9952841932843974	0.9907470198905848	0.9865375291979342	0.9889019919416691	0.9890604581881464	0.9902881589935537	0.9913681019351253	0.9908512479994089	0.9907425531192462	0.9855639678817161	0.9901964090129883	0.9912963461708705	1.0	0.9905251649964885	0.9745860776760826	0.9758415403593015	0.9908448607694708	0.9875693414162516	0.989809752504576	0.9865887993566629	0.9903189627759887	0.9904667795785711	0.9851400446472905	0.989884047532482	0.9887250538526206	0.9892787957304847	0.9893608769438944	0.9908341623752606	0.989848801922833	0.9835751636682301	0.9899151013764119	0.9906692970896709	0.9902080079899653
0.9900070280848324	0.9897768437734831	0.9907403207570777	0.9918665982180439	0.9932383968155415	0.9847366395826788	0.9943722496493195	0.9878811382515851	0.9943025933190852	0.9910981102964288	0.99879504069701	0.987122977031863	0.9919351638285793	0.9926273366913981	0.9929768346933471	0.9944198728687004	0.9935498228290537	0.9941005781146605	0.9864410727016748	0.9929645091531617	0.9947741824566058	0.9905251649964885	1.0	0.9766352845298026	0.9780928334998978	0.9936578535775702	0.9901374619002308	0.9932493880502266	0.9888661982644288	0.9929921723032552	0.993876770149146	0.9860804651080953	0.9927631697452312	0.9905877513211578	0.9928370914358877	0.9926538585808933	0.9935857636037816	0.993046017091518	0.9840595220602731	0.9926592203999195	0.9937310032781977	0.993432174534917
0.9748930971570479	0.9745750632547941	0.9739433707806268	0.9751886153771185	0.9769494397682666	0.9758555945011322	0.9763540342015128	0.9740610481904401	0.9771900908411699	0.9743797173559169	0.9768231970826874	0.9716392503471033	0.9735869378853167	0.9750506666140419	0.9767345199837104	0.9771640117357091	0.9762612377517541	0.9768098399864943	0.9740025712222362	0.9751600377665653	0.977352400338737	0.9745860776760826	0.9766352845298026	1.0	0.9733195075022122	0.9760561340846967	0.9763358073085123	0.9756476217809399	0.9747781352289403	0.9762232594023984	0.9758668523428161	0.9715275054388424	0.9765177691896958	0.9750729733964124	0.9748095342691971	0.9742456327993406	0.9762626743301049	0.9749683164830529	0.9698932932848415	0.9760041090024758	0.9758286844336398	0.9758998033400658
0.9772103628440351	0.9768824245365056	0.9759397745681537	0.9773364206736329	0.9778885363354327	0.9759943112045744	0.9781241505117356	0.9750085127619551	0.978496296905576	0.9752496774078528	0.9779833175390281	0.9730443893143481	0.9754081175895428	0.9771253186911057	0.9779459145553795	0.9783905430847584	0.9779784699617602	0.9778727680086029	0.9732997795183564	0.9768361032606281	0.9789146267038188	0.9758415403593015	0.9780928334998978	0.9733195075022122	1.0	0.9776090046737972	0.9771272038344294	0.9773672619367909	0.9753252177446424	0.9777124877746897	0.9776871901716011	0.9724396006631167	0.9776449763379332	0.9755522455497928	0.9762610999479229	0.9758276004278996	0.9778340361646098	0.9767568091365958	0.9714158998051062	0.9771806313734658	0.9777446160698856	0.9776979513601572
0.9902274842294914	0.9902289967432204	0.9904607910373988	0.9922989358875586	0.9925358177491318	0.9844526331692898	0.9939140144611951	0.9875934143096616	0.9943377917312115	0.9914995883547637	0.9937751508430608	0.9864892467605939	0.9917795309413727	0.9932906362539178	0.993492826533899	0.9937017599155931	0.9935199419319145	0.9939590144239537	0.9862943887607921	0.9929146294407079	0.9946382469809679	0.9908448607694708	0.9936578535775702	0.9760561340846967	0.9776090046737972	1.0	0.9897616122516587	0.9938227406976528	0.988568508062647	0.9918358494670608	0.9947344501676716	0.9858202449269992	0.9916389209099724	0.9909116804161225	0.9934318266061659	0.992836813245686	0.9943870901507667	0.9942376456463267	0.9847314116756858	0.9920129127802444	0.9938208875043019	0.9941907365843282
0.987376733908419	0.9870900422722308	0.988218218619815	0.9892285827328032	0.99014286561471	0.9822189341844341	0.9901190899573582	0.9852501343258887	0.9903907188360859	0.9877468664736185	0.9904700955035141	0.9852723898152567	0.9883592576576178	0.9885484483867683	0.9895767384403795	0.9909040460499181	0.9908650485500757	0.9905934683934102	0.9850519106902784	0.9892047483871041	0.9907285576805458	0.9875693414162516	0.9901374619002308	0.9763358073085123	0.9771272038344294	0.9897616122516587	1.0	0.9894583073082247	0.9860534506469434	0.9896162885153814	0.9897765659185049	0.9838521153488288	0.9893549308332652	0.9886803222392672	0.9884380339294057	0.9885924258837844	0.9895235023127754	0.9892776995653652	0.9823485306405112	0.9889275570362112	0.9890749725450599	0.9893655642642725
0.989440982475785	0.9893645671875144	0.9897436219850381	0.9910252115749807	0.99201500336065	0.9837814649897735	0.9940352618242467	0.987268549209979	0.994802772152188	0.9905118293807244	0.9938221489565113	0.9863286614978246	0.9913899355272789	0.9936194221550371	0.9953964530071429	0.9930622759149836	0.9932397778245555	0.9939605020613299	0.9856766146846789	0.9921153453542818	0.9949935631962479	0.989809752504576	0.9932493880502266	0.9756476217809399	0.9773672619367909	0.9938227406976528	0.9894583073082247	1.0	0.9879173248188878	0.9916732051105333	0.9944022411946356	0.9850642943183535	0.9920729209216208	0.9901547854324316	0.9946993205773471	0.9928246201060827	0.9936334715566808	0.9950634161263593	0.9837646563618392	0.9925180898840704	0.993148189395693	0.993892221991903
0.9846173852946064	0.9843022440042986	0.9849202716462719	0.9861056489380066	0.9887003021130251	0.9833332938765109	0.9907970661046899	0.9863095941968176	0.9889553538830034	0.9862720637917921	0.988906637403492	0.9847125420535	0.9861291414032762	0.9875412859162727	0.988291351251085	0.9895655509065941	0.9889016221279845	0.9886375577030514	0.984395358595924	0.9877631309987469	0.9893887014293676	0.9865887993566629	0.9888661982644288	0.9747781352289403	0.9753252177446424	0.988568508062647	0.9860534506469434	0.9879173248188878	1.0	0.9888207465656508	0.9894766039148437	0.9824557478086194	0.9885694124507702	0.9883381756844495	0.9873823420408984	0.9882628991420133	0.988168617790418	0.9874651565829301	0.9818853110744058	0.9879406300645397	0.9885074020859088	0.9891841549701648
0.9893158520534568	0.9890749229604011	0.9898856702267651	0.9906938341769874	0.9938743700719412	0.9840771499831787	0.9925627424299627	0.9881592911767507	0.9923806859465372	0.9909885654597761	0.9931502588102256	0.9879385447684338	0.991196679487437	0.9912755775074442	0.9919258553897139	0.9938698228213545	0.9926673487349496	0.9930249757210146	0.9868237479311165	0.9919658486668388	0.9927975454956395	0.9903189627759887	0.9929921723032552	0.9762232594023984	0.9777124877746897	0.9918358494670608	0.9896162885153814	0.9916732051105333	0.9888207465656508	1.0	0.9919804153568536	0.9863804965067562	0.9919939496629575	0.990924428248139	0.9908131663849142	0.9917143779293348	0.9917128217413438	0.9916499227510782	0.9848957972827854	0.9921638499329805	0.9921069846839642	0.9919589147391271
0.990043790590658	0.9899975233516269	0.9908132160098349	0.9924785754052539	0.9926109094129899	0.9850856197391041	0.9958010917809693	0.9885664187007176	0.9946601254126095	0.9911503607490101	0.9940836134619601	0.9867306474407126	0.9914718944196332	0.9934085856314683	0.9935952379273116	0.9938954255000709	0.993261909513515	0.994279571448112	0.9856839233015848	0.9927134950317016	0.9948967746297676	0.9904667795785711	0.993876770149146	0.9758668523428161	0.9776871901716011	0.9947344501676716	0.9897765659185049	0.9944022411946356	0.9894766039148437	0.9919804153568536	1.0	0.9850480093621143	0.992198649863696	0.9941576551836879	0.9935462831240434	0.9943778247536194	0.9944671718865258	0.993788566877215	0.9840465633755946	0.9927481389913533	0.9937984870081703	0.9949065102892899
0.9832479985549069	0.9829426297754412	0.9829238594735444	0.9839006937299746	0.9866280659785739	0.9785067801329792	0.9860804651080953	0.9826512501629816	0.9864250564175198	0.9849298661321422	0.9861635140487752	0.9828658857492009	0.9836685147257095	0.9845149680041464	0.9857580066991837	0.9869663342400123	0.9867126789269717	0.986314212061419	0.981416280196768	0.9852966408419883	0.9865778420780935	0.9851400446472905	0.9860804651080953	0.9715275054388424	0.9724396006631167	0.9858202449269992	0.9838521153488288	0.9850642943183535	0.9824557478086194	0.9863804965067562	0.9850480093621143	1.0	0.9861371421471896	0.9852573658114794	0.9841318019040785	0.9844845841866933	0.9853979283483616	0.984317100443877	0.9805160606348754	0.9856528863166737	0.9853738742945206	0.985433997678686
0.9882852133001416	0.9880184321875486	0.9895863207517478	0.9905295281739841	0.9926678555707729	0.9851124336809619	0.9929832954822587	0.988135587053438	0.9932710360319968	0.9902959881304318	0.9928412681960986	0.9869575153979719	0.9900512231439539	0.9915056593603041	0.9923150771282506	0.9927682520337929	0.9923834814673658	0.9920591758336185	0.9866530784798213	0.9915056039332141	0.9932787596917924	0.989884047532482	0.9927631697452312	0.9765177691896958	0.9776449763379332	0.9916389209099724	0.9893549308332652	0.9920729209216208	0.9885694124507702	0.9919939496629575	0.992198649863696	0.9861371421471896	1.0	0.9900013815016901	0.9910987058722904	0.9912006073798786	0.9921500580718502	0.9914034353271453	0.9841700602940803	0.9917902560197257	0.992507499392884	0.9920073813526804
0.9869856150326565	0.9868728539475762	0.9878716788869547	0.9891195455158283	0.9915651354309187	0.9840941796400926	0.9921048218407751	0.9879164947551108	0.9911499398385241	0.9891196200412333	0.9906843994902486	0.9869236110975288	0.988568570249151	0.9890392463711746	0.9901749206154217	0.9916873002922424	0.9914280369451838	0.9916247449187624	0.9850559767238679	0.9898892953541848	0.9913178921347182	0.9887250538526206	0.9905877513211578	0.9750729733964124	0.9755522455497928	0.9909116804161225	0.9886803222392672	0.9901547854324316	0.9883381756844495	0.990924428248139	0.9941576551836879	0.9852573658114794	0.9900013815016901	1.0	0.9895108875984692	0.990765114679501	0.9910095832353791	0.9900401336474972	0.9835761141578022	0.9903921254759713	0.9901346234863815	0.9910614065346157
0.9890187450135396	0.9890285165984953	0.9889676192706838	0.9903097975669248	0.9908628423694708	0.9825709579232277	0.9931808586570444	0.9859368388736515	0.9932127846313344	0.9899473678943228	0.9927519553826905	0.9854146528911643	0.9904007179177469	0.9923551225512239	0.99404359165234	0.992552099237938	0.9922595820201638	0.9928998607168246	0.9847174121856944	0.9914652930245965	0.9936113397212126	0.9892787957304847	0.9928370914358877	0.9748095342691971	0.9762610999479229	0.9934318266061659	0.9884380339294057	0.9946993205773471	0.9873823420408984	0.9908131663849142	0.9935462831240434	0.9841318019040785	0.9910987058722904	0.9895108875984692	1.0	0.9911814004763458	0.9931895492703127	0.9953047621766259	0.9833019584234133	0.9911550909867392	0.9922645916579578	0.9935420473759433
0.9890129853684538	0.9889721625550584	0.9912625287473735	0.9912571903677968	0.9932851432590869	0.985046539270347	0.995613869463746	0.9887545074081405	0.9931320883831244	0.9902677288998076	0.9929268438562053	0.9859226322885256	0.9910449653801497	0.991864368626814	0.9914022894816946	0.9931629510719411	0.9923201894936441	0.9935139092154585	0.9848374735360582	0.9926383451154085	0.9931398683767358	0.9893608769438944	0.9926538585808933	0.9742456327993406	0.9758276004278996	0.992836813245686	0.9885924258837844	0.9928246201060827	0.9882628991420133	0.9917143779293348	0.9943778247536194	0.9844845841866933	0.9912006073798786	0.990765114679501	0.9911814004763458	1.0	0.9917152624855019	0.992635242383783	0.9826911949556286	0.9921380975385968	0.9921170641518169	0.9929516879907835
0.9895336428995363	0.9894229314846912	0.9901695375733388	0.9914128303752539	0.9921225622502539	0.9840582905095491	0.9939342925957628	0.9874552456618331	0.9941626181142588	0.9910302063632441	0.9936732365436399	0.9866920810649584	0.9917594904800442	0.9928658921279798	0.9936062428802622	0.9934870760772616	0.9932075123966455	0.9934636713251016	0.9862751553014314	0.99302018207271	0.9946020518076188	0.9908341623752606	0.9935857636037816	0.9762626743301049	0.9778340361646098	0.9943870901507667	0.9895235023127754	0.9936334715566808	0.988168617790418	0.9917128217413438	0.9944671718865258	0.9853979283483616	0.9921500580718502	0.9910095832353791	0.9931895492703127	0.9917152624855019	1.0	0.9934371186225744	0.9846764286511624	0.9926577939958074	0.9941447417671185	0.9941672292942376
0.9896658647022591	0.9896229131625461	0.9906552330206491	0.9917475877574485	0.9921724525229559	0.982992628962013	0.9934313311143651	0.9867294231501338	0.9938681102840128	0.9907527682104473	0.9931450819135899	0.9862968579921975	0.9918473267871164	0.9929011663947264	0.9940776637390735	0.9932255978003708	0.9930154517233576	0.9940010244081269	0.9857998933104737	0.9930045689900223	0.9942671503091505	0.989848801922833	0.993046017091518	0.9749683164830529	0.9767568091365958	0.9942376456463267	0.9892776995653652	0.9950634161263593	0.9874651565829301	0.9916499227510782	0.993788566877215	0.984317100443877	0.9914034353271453	0.9900401336474972	0.9953047621766259	0.992635242383783	0.9934371186225744	1.0	0.983443385490392	0.9915231795548903	0.9927184690565333	0.9932138437638421
0.9809550517895114	0.9806690627744433	0.9808650926320676	0.9819590985470874	0.9850144590997656	0.9781072250112727	0.9852535775462874	0.9816336827791029	0.9848929746447266	0.982997420830257	0.9843947188857756	0.9817130775040421	0.982559729108133	0.9833041690096428	0.9842617314693832	0.9853016411516496	0.984768589510813	0.9845623348595023	0.9811717778960347	0.9835704724956157	0.9851902270592834	0.9835751636682301	0.9840595220602731	0.9698932932848415	0.9714158998051062	0.9847314116756858	0.9823485306405112	0.9837646563618392	0.9818853110744058	0.9848957972827854	0.9840465633755946	0.9805160606348754	0.9841700602940803	0.9835761141578022	0.9833019584234133	0.9826911949556286	0.9846764286511624	0.983443385490392	1.0	0.9839518968823004	0.9848842797682592	0.9838929151396184
0.9886585972564259	0.9883865017554156	0.9898019038805648	0.9904424487770627	0.9918604069979461	0.983949349220626	0.9930787371325787	0.9873262135930913	0.9928638752486633	0.990252250641382	0.9927822710513134	0.9865022009015221	0.991270096770083	0.991646239231001	0.9918524307901586	0.9934529541111804	0.9923782390700234	0.9940737434523924	0.9857029316155714	0.9922002096781192	0.9931504162991597	0.9899151013764119	0.9926592203999195	0.9760041090024758	0.9771806313734658	0.9920129127802444	0.9889275570362112	0.9925180898840704	0.9879406300645397	0.9921638499329805	0.9927481389913533	0.9856528863166737	0.9917902560197257	0.9903921254759713	0.9911550909867392	0.9921380975385968	0.9926577939958074	0.9915231795548903	0.9839518968823004	1.0	0.9924305046702171	0.9928406347522515
0.9896778261897489	0.9896323333033734	0.9896463976427642	0.9907316647695994	0.9922664071922931	0.9841295981760347	0.9942528839646713	0.987740051894253	0.9937574017118828	0.9908632712716231	0.9940361539924721	0.9870798476470759	0.9912154927855592	0.9927755806021737	0.9931932342975288	0.9937302960265478	0.992319162920401	0.99305897916919	0.9859938601651584	0.9922569067496919	0.9940117505479795	0.9906692970896709	0.9937310032781977	0.9758286844336398	0.9777446160698856	0.9938208875043019	0.9890749725450599	0.993148189395693	0.9885074020859088	0.9921069846839642	0.9937984870081703	0.9853738742945206	0.992507499392884	0.9901346234863815	0.9922645916579578	0.9921170641518169	0.9941447417671185	0.9927184690565333	0.9848842797682592	0.9924305046702171	1.0	0.9937528243932887
0.9896460653453725	0.9895334794013556	0.9900039680875868	0.9914156158050041	0.9922028665497336	0.9849320858746291	0.9949488001247635	0.987863367774172	0.9939548295558766	0.9909600666845132	0.993691144328177	0.986455171268118	0.9910995599993648	0.9931782065293424	0.9936396589466963	0.9937406798474372	0.9929447009273783	0.9934941913891813	0.9856515243740108	0.9926006163621581	0.9943584606872566	0.9902080079899653	0.993432174534917	0.9758998033400658	0.9776979513601572	0.9941907365843282	0.9893655642642725	0.993892221991903	0.9891841549701648	0.9919589147391271	0.9949065102892899	0.985433997678686	0.9920073813526804	0.9910614065346157	0.9935420473759433	0.9929516879907835	0.9941672292942376	0.9932138437638421	0.9838929151396184	0.9928406347522515	0.9937528243932887	1.0
