/home/jshaw/scratch/2022_sketched_distance/references/SGB_genome_fastas_part2/2276/Bengtsson-PalmeJ_2015__TRAVELRES25__bin.12.fa	/home/jshaw/scratch/2022_sketched_distance/references/SGB_genome_fastas_part2/2276/Bengtsson-PalmeJ_2015__TRAVELRES5__bin.98.fa	/home/jshaw/scratch/2022_sketched_distance/references/SGB_genome_fastas_part2/2276/Bengtsson-PalmeJ_2015__TRAVELRES6__bin.43.fa	/home/jshaw/scratch/2022_sketched_distance/references/SGB_genome_fastas_part2/2276/LeChatelierE_2013__MH0431__bin.38.fa	/home/jshaw/scratch/2022_sketched_distance/references/SGB_genome_fastas_part2/2276/LeChatelierE_2013__MH0457__bin.50.fa	/home/jshaw/scratch/2022_sketched_distance/references/SGB_genome_fastas_part2/2276/LiJ_2014__V1.FI17__bin.65.fa	/home/jshaw/scratch/2022_sketched_distance/references/SGB_genome_fastas_part2/2276/RaymondF_2016__P13E90__bin.60.fa	/home/jshaw/scratch/2022_sketched_distance/references/SGB_genome_fastas_part2/2276/RaymondF_2016__P7C0__bin.4.fa	/home/jshaw/scratch/2022_sketched_distance/references/SGB_genome_fastas_part2/2276/RaymondF_2016__P7C7__bin.43.fa	/home/jshaw/scratch/2022_sketched_distance/references/SGB_genome_fastas_part2/2276/XieH_2016__YSZC12003_35387__bin.38.fa	/home/jshaw/scratch/2022_sketched_distance/references/SGB_genome_fastas_part2/2276/XieH_2016__YSZC12003_35506__bin.67.fa	/home/jshaw/scratch/2022_sketched_distance/references/SGB_genome_fastas_part2/2276/XieH_2016__YSZC12003_35549__bin.60.fa	/home/jshaw/scratch/2022_sketched_distance/references/SGB_genome_fastas_part2/2276/XieH_2016__YSZC12003_35552__bin.42.fa	/home/jshaw/scratch/2022_sketched_distance/references/SGB_genome_fastas_part2/2276/XieH_2016__YSZC12003_35991__bin.74.fa	/home/jshaw/scratch/2022_sketched_distance/references/SGB_genome_fastas_part2/2276/XieH_2016__YSZC12003_36049__bin.84.fa	/home/jshaw/scratch/2022_sketched_distance/references/SGB_genome_fastas_part2/2276/XieH_2016__YSZC12003_36058__bin.134.fa	/home/jshaw/scratch/2022_sketched_distance/references/SGB_genome_fastas_part2/2276/XieH_2016__YSZC12003_36525__bin.33.fa	/home/jshaw/scratch/2022_sketched_distance/references/SGB_genome_fastas_part2/2276/XieH_2016__YSZC12003_36534__bin.4.fa	/home/jshaw/scratch/2022_sketched_distance/references/SGB_genome_fastas_part2/2276/XieH_2016__YSZC12003_37102__bin.80.fa	/home/jshaw/scratch/2022_sketched_distance/references/SGB_genome_fastas_part2/2276/XieH_2016__YSZC12003_37171__bin.15.fa	/home/jshaw/scratch/2022_sketched_distance/references/SGB_genome_fastas_part2/2276/XieH_2016__YSZC12003_37182R1__bin.91.fa	/home/jshaw/scratch/2022_sketched_distance/references/SGB_genome_fastas_part2/2276/XieH_2016__YSZC12003_37192R1__bin.125.fa	/home/jshaw/scratch/2022_sketched_distance/references/SGB_genome_fastas_part2/2276/XieH_2016__YSZC12003_37314__bin.26.fa	/home/jshaw/scratch/2022_sketched_distance/references/SGB_genome_fastas_part2/2276/XieH_2016__YSZC12003_37332__bin.99.fa	/home/jshaw/scratch/2022_sketched_distance/references/SGB_genome_fastas_part2/2276/XieH_2016__YSZC12003_37348__bin.73.fa	/home/jshaw/scratch/2022_sketched_distance/references/SGB_genome_fastas_part2/2276/XieH_2016__YSZC12003_37399__bin.34.fa	/home/jshaw/scratch/2022_sketched_distance/references/SGB_genome_fastas_part2/2276/XieH_2016__YSZC12003_37798__bin.1.fa	/home/jshaw/scratch/2022_sketched_distance/references/SGB_genome_fastas_part2/2276/ZeeviD_2015__PNP_Main_140__bin.60.fa	/home/jshaw/scratch/2022_sketched_distance/references/SGB_genome_fastas_part2/2276/ZeeviD_2015__PNP_Main_524__bin.3.fa	/home/jshaw/scratch/2022_sketched_distance/references/SGB_genome_fastas_part2/2276/ZeeviD_2015__PNP_Main_589__bin.51.fa	/home/jshaw/scratch/2022_sketched_distance/references/SGB_genome_fastas_part2/2276/ZeeviD_2015__PNP_Main_712__bin.58.fa	/home/jshaw/scratch/2022_sketched_distance/references/SGB_genome_fastas_part2/2276/ZellerG_2014__CCIS16561622ST-4-0__bin.101.fa
1.0	0.9803413099438452	0.9815258933209031	0.9815781468860215	0.982123435463806	0.9750808713501634	0.9810066764897851	0.9604366231102731	0.9596436994159804	0.9812810606596593	0.977308367459571	0.9826336451388792	0.9825521199794434	0.9827658232299515	0.975610952480909	0.9825366664603983	0.9603326704256786	0.9830379055288283	0.9603578481602474	0.9871249169004305	0.9827538637870087	0.9841358816443094	0.9606696847284868	0.9819019407139651	0.9826158660092278	0.9893820072100056	0.981830513605714	0.970135607655376	0.9762546571637841	0.9805414383627472	0.9786580334236159	0.969259419310005
0.9803413099438452	1.0	0.9965059346823807	0.9877453634911278	0.9875379817152815	0.9817903984071461	0.9881296189407652	0.9602568224834316	0.9605135607093906	0.9866731775113771	0.9853267148001628	0.9884700957716999	0.987893499734149	0.987821327547601	0.9821038314681244	0.988703900410194	0.9603377480054685	0.9879129899756028	0.9620163255535704	0.9794139242553944	0.9786360096037622	0.9810799388023871	0.9634035249894177	0.9888805634437338	0.989049107419365	0.977128679467312	0.989226021192396	0.9779794665225883	0.9845770074606929	0.9854162416751243	0.9831044772637226	0.9678944010569384
0.9815258933209031	0.9965059346823807	1.0	0.988702348607372	0.9895915055314739	0.9823380630150518	0.989836493210267	0.962633150948747	0.9624302433911772	0.9891619345606857	0.9860164677046633	0.9904836664274922	0.9896541320448253	0.9903181977409192	0.9823547237707854	0.9897914124482832	0.963038292803547	0.9899369281569028	0.9635414165395368	0.9807214911983352	0.9799684081120756	0.9826322292035303	0.9650259735136859	0.9910855635145026	0.9904059269472391	0.9777669838500209	0.9908315585379518	0.9779237104986941	0.9855343432983191	0.9866319823917281	0.984705719690778	0.9679604824908138
0.9815781468860215	0.9877453634911278	0.988702348607372	1.0	0.991028671151081	0.9836834859380094	0.9885925485603512	0.9615586661371743	0.9606590857154702	0.989404742128702	0.985119412169757	0.9904294165584179	0.9892358117867812	0.9907016474450885	0.9816542639474165	0.9901259440481349	0.9614219669062087	0.9895648182114065	0.9621047403539623	0.9802236785030625	0.9797416996405902	0.9828451654614822	0.9640518544670076	0.9891972701330329	0.9907786297250492	0.977655290685944	0.9886889108818386	0.9787775846703761	0.9846063712834532	0.9856273838286037	0.9843072380411081	0.9688133009606757
0.982123435463806	0.9875379817152815	0.9895915055314739	0.991028671151081	1.0	0.9850556404557314	0.9898858636095555	0.9625020992618887	0.9618892594908047	0.9917984276941736	0.9856374291397628	0.9919426423481463	0.9907449101725055	0.9929400860725136	0.9820874995555595	0.9916719801549492	0.9620448461976966	0.9907282224188253	0.9624820205145713	0.9801513280293946	0.9801747477668276	0.9827620418692776	0.9646240125076954	0.9900490510449117	0.9927532743307167	0.978288508682404	0.9894083415129576	0.9789985995215359	0.9853722324863269	0.9870056455892898	0.9849085077156069	0.9685290837246906
0.9750808713501634	0.9817903984071461	0.9823380630150518	0.9836834859380094	0.9850556404557314	1.0	0.9818519858820914	0.9532331270250436	0.952006169162248	0.9829827551804637	0.9802159790934474	0.9846531357064892	0.9823353554249324	0.9843030875520279	0.9773283328324684	0.9851173508327953	0.9534897147661864	0.9830813750147706	0.9544751108138047	0.9740961908303385	0.9732919593130629	0.9758723714549132	0.9554223487172894	0.9822258249629383	0.9903150040152924	0.9726880312459418	0.9822526331776382	0.9746472064897432	0.977326666774626	0.980080808221566	0.9786247555679815	0.9647385742447501
0.9810066764897851	0.9881296189407652	0.989836493210267	0.9885925485603512	0.9898858636095555	0.9818519858820914	1.0	0.962601693736487	0.9619909024188503	0.9883017002035737	0.9886920753077342	0.9888963112142883	0.9897686608028824	0.989484009547286	0.9854517588667626	0.9888397172284197	0.9627280107162025	0.9894905063509213	0.9639867587272068	0.9802659290206793	0.9792177391013999	0.9825336623649211	0.9658767604287426	0.9921770964080727	0.9895238731513876	0.9770085556089049	0.9927818161396713	0.9780206576581123	0.991874893148518	0.9862581330594785	0.9848948821404498	0.9673023456241714
0.9604366231102731	0.9602568224834316	0.962633150948747	0.9615586661371743	0.9625020992618887	0.9532331270250436	0.962601693736487	1.0	0.9980495453083086	0.9608071769023562	0.9578768042809112	0.9624208239696509	0.961948647288798	0.9621747968818403	0.955231521008015	0.9616331049979469	0.9921708111104109	0.960726856694324	0.9807888789458334	0.9590000566824426	0.9593297576552346	0.9612359917342455	0.9821700159370303	0.9616944355171649	0.9617242039574653	0.9572748789882428	0.962473884298812	0.9510406356579403	0.9576474509805849	0.9616143449076523	0.9619308435785751	0.9443609259838006
0.9596436994159804	0.9605135607093906	0.9624302433911772	0.9606590857154702	0.9618892594908047	0.952006169162248	0.9619909024188503	0.9980495453083086	1.0	0.9600047545271138	0.9568598771886235	0.9615894549154893	0.9606972399571985	0.9609321788998849	0.9541925036608815	0.960553069507948	0.9911064377830004	0.9593451631186136	0.9801424916638634	0.958468318008486	0.9584566706485447	0.9606687121328341	0.981804380544727	0.961120601223065	0.9607242415412516	0.9562366441793091	0.9620386497562915	0.9504686712051459	0.956702958304015	0.9603020839698804	0.9612686232831197	0.9450321434905444
0.9812810606596593	0.9866731775113771	0.9891619345606857	0.989404742128702	0.9917984276941736	0.9829827551804637	0.9883017002035737	0.9608071769023562	0.9600047545271138	1.0	0.984273876462462	0.992061207666704	0.989079040008476	0.9935068750984467	0.9810611619211785	0.9919487029285251	0.9611769625430957	0.9902329417818225	0.9611665893698114	0.9792898744411247	0.9788391082038501	0.9817207793076181	0.9635382409684813	0.9894513480806445	0.9918028964819088	0.9771939573942876	0.9883454751719822	0.977212301345785	0.9836340516032758	0.9856805018912617	0.9836900692659328	0.966267221308822
0.977308367459571	0.9853267148001628	0.9860164677046633	0.985119412169757	0.9856374291397628	0.9802159790934474	0.9886920753077342	0.9578768042809112	0.9568598771886235	0.984273876462462	1.0	0.9854146528911643	0.9859125201881428	0.9858890089782454	0.983251180515184	0.9859397474837089	0.9583538576327572	0.9862774530820729	0.9605598625994066	0.9756547831052148	0.975374077480514	0.9773692422771159	0.9602847528874526	0.990532429624855	0.9867732712460762	0.974853166613263	0.9884728264390578	0.977441596261488	0.984832100745775	0.9826489250167213	0.9808314289760158	0.9661695814194596
0.9826336451388792	0.9884700957716999	0.9904836664274922	0.9904294165584179	0.9919426423481463	0.9846531357064892	0.9888963112142883	0.9624208239696509	0.9615894549154893	0.992061207666704	0.9854146528911643	1.0	0.9899593587234095	0.993113171220565	0.9824507628854999	0.9919824026713427	0.9629341673253594	0.9906271051206885	0.9632634060493755	0.9810404383141492	0.9805813583466898	0.9831472590311536	0.9655403326766832	0.990085638122437	0.99293657532687	0.9784873104342374	0.9894590440111317	0.978752897396808	0.9841727644193787	0.9864889975971561	0.9853470243808212	0.9679482291353957
0.9825521199794434	0.987893499734149	0.9896541320448253	0.9892358117867812	0.9907449101725055	0.9823353554249324	0.9897686608028824	0.961948647288798	0.9606972399571985	0.989079040008476	0.9859125201881428	0.9899593587234095	1.0	0.9905316623384072	0.9829832143987082	0.9903704835334386	0.9620011225510209	0.9923600217491387	0.962829794577874	0.9811908628811402	0.980674038728703	0.9833844458018175	0.9639369218872683	0.990724184428978	0.9902359239462963	0.9778985331514674	0.9899899684527207	0.9786666392464466	0.985115687481742	0.986444627124818	0.9850409572425706	0.9680660171187374
0.9827658232299515	0.987821327547601	0.9903181977409192	0.9907016474450885	0.9929400860725136	0.9843030875520279	0.989484009547286	0.9621747968818403	0.9609321788998849	0.9935068750984467	0.9858890089782454	0.993113171220565	0.9905316623384072	1.0	0.9820881941497304	0.9926758590818723	0.9626839773804862	0.9914062973498192	0.9627769249434844	0.980896437414454	0.9804671810662211	0.9832133238532247	0.9651472737525632	0.9911420041158628	0.9930396521133235	0.9786021514191641	0.9899063402609968	0.978838214234606	0.9850255371784765	0.9868825951040532	0.9853154517671184	0.9683434161255448
0.975610952480909	0.9821038314681244	0.9823547237707854	0.9816542639474165	0.9820874995555595	0.9773283328324684	0.9854517588667626	0.955231521008015	0.9541925036608815	0.9810611619211785	0.983251180515184	0.9824507628854999	0.9829832143987082	0.9820881941497304	1.0	0.9828726182303239	0.955530232255056	0.9834490304182706	0.9572291628304286	0.9744033610316089	0.9750745475521204	0.9754266375612475	0.9567479459470755	0.9847343265719561	0.9830398628608464	0.9737702040804411	0.9853115085443345	0.9758201369925208	0.9820968012770859	0.9798728293396274	0.978077446111451	0.9647208376784642
0.9825366664603983	0.988703900410194	0.9897914124482832	0.9901259440481349	0.9916719801549492	0.9851173508327953	0.9888397172284197	0.9616331049979469	0.960553069507948	0.9919487029285251	0.9859397474837089	0.9919824026713427	0.9903704835334386	0.9926758590818723	0.9828726182303239	1.0	0.9621608758837785	0.9907468071182669	0.9629105526072025	0.980765296517076	0.9802013627894005	0.9829838169239087	0.9638398562080409	0.990282647807871	0.9928324003041978	0.978484215790495	0.9897868555312421	0.9790029168960841	0.9850314625552378	0.9867669562476237	0.9856142105294543	0.9688176149490292
0.9603326704256786	0.9603377480054685	0.963038292803547	0.9614219669062087	0.9620448461976966	0.9534897147661864	0.9627280107162025	0.9921708111104109	0.9911064377830004	0.9611769625430957	0.9583538576327572	0.9629341673253594	0.9620011225510209	0.9626839773804862	0.955530232255056	0.9621608758837785	1.0	0.9607530118732137	0.9804716854896653	0.9594361053519008	0.9582405893914814	0.9592459668025267	0.9824952069806547	0.9618010907698752	0.9620100984599196	0.9573600510210826	0.9626531775408635	0.9513730293951177	0.9579687879507833	0.9619750285741444	0.9622947509826614	0.9422422963283238
0.9830379055288283	0.9879129899756028	0.9899369281569028	0.9895648182114065	0.9907282224188253	0.9830813750147706	0.9894905063509213	0.960726856694324	0.9593451631186136	0.9902329417818225	0.9862774530820729	0.9906271051206885	0.9923600217491387	0.9914062973498192	0.9834490304182706	0.9907468071182669	0.9607530118732137	1.0	0.9613669670148459	0.9816341145958073	0.9812858482624536	0.9834643418702652	0.962759650822564	0.991302666288798	0.9912306951676613	0.9791558858420789	0.9899079635685536	0.9798706144114611	0.9853727507288046	0.9870752195509778	0.9852444495576276	0.9689827496468079
0.9603578481602474	0.9620163255535704	0.9635414165395368	0.9621047403539623	0.9624820205145713	0.9544751108138047	0.9639867587272068	0.9807888789458334	0.9801424916638634	0.9611665893698114	0.9605598625994066	0.9632634060493755	0.962829794577874	0.9627769249434844	0.9572291628304286	0.9629105526072025	0.9804716854896653	0.9613669670148459	1.0	0.9586280298844306	0.9601943161131149	0.9604812035547258	0.9891351466774612	0.9623506714039772	0.9631025647798273	0.9558931555599108	0.9636708552225807	0.9543195980148201	0.9595876567209416	0.9612770004817738	0.962634861549685	0.9450006484880127
0.9871249169004305	0.9794139242553944	0.9807214911983352	0.9802236785030625	0.9801513280293946	0.9740961908303385	0.9802659290206793	0.9590000566824426	0.958468318008486	0.9792898744411247	0.9756547831052148	0.9810404383141492	0.9811908628811402	0.980896437414454	0.9744033610316089	0.980765296517076	0.9594361053519008	0.9816341145958073	0.9586280298844306	1.0	0.981820469972644	0.9829753749313508	0.9598611693451337	0.980536248641038	0.980708046226437	0.98387277694555	0.980432855210177	0.9703884033850068	0.97539804087448	0.9791459714640764	0.9773027236640176	0.9676941170049084
0.9827538637870087	0.9786360096037622	0.9799684081120756	0.9797416996405902	0.9801747477668276	0.9732919593130629	0.9792177391013999	0.9593297576552346	0.9584566706485447	0.9788391082038501	0.975374077480514	0.9805813583466898	0.980674038728703	0.9804671810662211	0.9750745475521204	0.9802013627894005	0.9582405893914814	0.9812858482624536	0.9601943161131149	0.981820469972644	1.0	0.9841734631660125	0.9592393910249326	0.9797989145925852	0.9806784849552294	0.9801903956549087	0.9794082566151656	0.9705336751266107	0.9749661314000196	0.9790994789158816	0.9772732515499688	0.9683082085044961
0.9841358816443094	0.9810799388023871	0.9826322292035303	0.9828451654614822	0.9827620418692776	0.9758723714549132	0.9825336623649211	0.9612359917342455	0.9606687121328341	0.9817207793076181	0.9773692422771159	0.9831472590311536	0.9833844458018175	0.9832133238532247	0.9754266375612475	0.9829838169239087	0.9592459668025267	0.9834643418702652	0.9604812035547258	0.9829753749313508	0.9841734631660125	1.0	0.960777643950527	0.9828181770483704	0.9832924761202386	0.9798027985771541	0.9831329121067355	0.9712794280431607	0.9779673030727564	0.9817608111160407	0.9799702064992819	0.9815847389747695
0.9606696847284868	0.9634035249894177	0.9650259735136859	0.9640518544670076	0.9646240125076954	0.9554223487172894	0.9658767604287426	0.9821700159370303	0.981804380544727	0.9635382409684813	0.9602847528874526	0.9655403326766832	0.9639369218872683	0.9651472737525632	0.9567479459470755	0.9638398562080409	0.9824952069806547	0.962759650822564	0.9891351466774612	0.9598611693451337	0.9592393910249326	0.960777643950527	1.0	0.9647601380542954	0.9637856948080824	0.9570610473438261	0.9644169153138658	0.9538189835244684	0.9600569437575679	0.9629592016623854	0.9641316443452946	0.9445073232185236
0.9819019407139651	0.9888805634437338	0.9910855635145026	0.9891972701330329	0.9900490510449117	0.9822258249629383	0.9921770964080727	0.9616944355171649	0.961120601223065	0.9894513480806445	0.990532429624855	0.990085638122437	0.990724184428978	0.9911420041158628	0.9847343265719561	0.990282647807871	0.9618010907698752	0.991302666288798	0.9623506714039772	0.980536248641038	0.9797989145925852	0.9828181770483704	0.9647601380542954	1.0	0.9903456479064208	0.9776622865463988	0.992750260077054	0.9786540950373739	0.9878027472541497	0.9868315189024306	0.9848607239591377	0.9675317354708781
0.9826158660092278	0.989049107419365	0.9904059269472391	0.9907786297250492	0.9927532743307167	0.9903150040152924	0.9895238731513876	0.9617242039574653	0.9607242415412516	0.9918028964819088	0.9867732712460762	0.99293657532687	0.9902359239462963	0.9930396521133235	0.9830398628608464	0.9928324003041978	0.9620100984599196	0.9912306951676613	0.9631025647798273	0.980708046226437	0.9806784849552294	0.9832924761202386	0.9637856948080824	0.9903456479064208	1.0	0.9794184325277001	0.9899831609342506	0.9792843955791569	0.9853083428920046	0.9872777289782032	0.9854019578091895	0.9690578188069686
0.9893820072100056	0.977128679467312	0.9777669838500209	0.977655290685944	0.978288508682404	0.9726880312459418	0.9770085556089049	0.9572748789882428	0.9562366441793091	0.9771939573942876	0.974853166613263	0.9784873104342374	0.9778985331514674	0.9786021514191641	0.9737702040804411	0.978484215790495	0.9573600510210826	0.9791558858420789	0.9558931555599108	0.98387277694555	0.9801903956549087	0.9798027985771541	0.9570610473438261	0.9776622865463988	0.9794184325277001	1.0	0.9780005301841971	0.9692244204753983	0.9743987899656554	0.9779762866195538	0.9758577104495586	0.9673613250813002
0.981830513605714	0.989226021192396	0.9908315585379518	0.9886889108818386	0.9894083415129576	0.9822526331776382	0.9927818161396713	0.962473884298812	0.9620386497562915	0.9883454751719822	0.9884728264390578	0.9894590440111317	0.9899899684527207	0.9899063402609968	0.9853115085443345	0.9897868555312421	0.9626531775408635	0.9899079635685536	0.9636708552225807	0.980432855210177	0.9794082566151656	0.9831329121067355	0.9644169153138658	0.992750260077054	0.9899831609342506	0.9780005301841971	1.0	0.9783824770297174	0.9892150635631974	0.9864242684433897	0.9846247042978972	0.9681546494260265
0.970135607655376	0.9779794665225883	0.9779237104986941	0.9787775846703761	0.9789985995215359	0.9746472064897432	0.9780206576581123	0.9510406356579403	0.9504686712051459	0.977212301345785	0.977441596261488	0.978752897396808	0.9786666392464466	0.978838214234606	0.9758201369925208	0.9790029168960841	0.9513730293951177	0.9798706144114611	0.9543195980148201	0.9703884033850068	0.9705336751266107	0.9712794280431607	0.9538189835244684	0.9786540950373739	0.9792843955791569	0.9692244204753983	0.9783824770297174	1.0	0.9765685191751085	0.9764485834357567	0.97394227338034	0.9641170700266589
0.9762546571637841	0.9845770074606929	0.9855343432983191	0.9846063712834532	0.9853722324863269	0.977326666774626	0.991874893148518	0.9576474509805849	0.956702958304015	0.9836340516032758	0.984832100745775	0.9841727644193787	0.985115687481742	0.9850255371784765	0.9820968012770859	0.9850314625552378	0.9579687879507833	0.9853727507288046	0.9595876567209416	0.97539804087448	0.9749661314000196	0.9779673030727564	0.9600569437575679	0.9878027472541497	0.9853083428920046	0.9743987899656554	0.9892150635631974	0.9765685191751085	1.0	0.9826242353172525	0.9806955946457896	0.9662757001358908
0.9805414383627472	0.9854162416751243	0.9866319823917281	0.9856273838286037	0.9870056455892898	0.980080808221566	0.9862581330594785	0.9616143449076523	0.9603020839698804	0.9856805018912617	0.9826489250167213	0.9864889975971561	0.986444627124818	0.9868825951040532	0.9798728293396274	0.9867669562476237	0.9619750285741444	0.9870752195509778	0.9612770004817738	0.9791459714640764	0.9790994789158816	0.9817608111160407	0.9629592016623854	0.9868315189024306	0.9872777289782032	0.9779762866195538	0.9864242684433897	0.9764485834357567	0.9826242353172525	1.0	0.9856773285416321	0.968837890682871
0.9786580334236159	0.9831044772637226	0.984705719690778	0.9843072380411081	0.9849085077156069	0.9786247555679815	0.9848948821404498	0.9619308435785751	0.9612686232831197	0.9836900692659328	0.9808314289760158	0.9853470243808212	0.9850409572425706	0.9853154517671184	0.978077446111451	0.9856142105294543	0.9622947509826614	0.9852444495576276	0.962634861549685	0.9773027236640176	0.9772732515499688	0.9799702064992819	0.9641316443452946	0.9848607239591377	0.9854019578091895	0.9758577104495586	0.9846247042978972	0.97394227338034	0.9806955946457896	0.9856773285416321	1.0	0.9676687062980053
0.969259419310005	0.9678944010569384	0.9679604824908138	0.9688133009606757	0.9685290837246906	0.9647385742447501	0.9673023456241714	0.9443609259838006	0.9450321434905444	0.966267221308822	0.9661695814194596	0.9679482291353957	0.9680660171187374	0.9683434161255448	0.9647208376784642	0.9688176149490292	0.9422422963283238	0.9689827496468079	0.9450006484880127	0.9676941170049084	0.9683082085044961	0.9815847389747695	0.9445073232185236	0.9675317354708781	0.9690578188069686	0.9673613250813002	0.9681546494260265	0.9641170700266589	0.9662757001358908	0.968837890682871	0.9676687062980053	1.0
