/home/jshaw/scratch/2022_sketched_distance/references/SGB_genome_fastas_part4/14247/Bengtsson-PalmeJ_2015__TRAVELRES36__bin.48.fa	/home/jshaw/scratch/2022_sketched_distance/references/SGB_genome_fastas_part4/14247/Bengtsson-PalmeJ_2015__TRAVELRES6__bin.8.fa	/home/jshaw/scratch/2022_sketched_distance/references/SGB_genome_fastas_part4/14247/Bengtsson-PalmeJ_2015__TRAVELRES9__bin.47.fa	/home/jshaw/scratch/2022_sketched_distance/references/SGB_genome_fastas_part4/14247/FengQ_2015__SID31884__bin.16.fa	/home/jshaw/scratch/2022_sketched_distance/references/SGB_genome_fastas_part4/14247/FengQ_2015__SID530743__bin.16.fa	/home/jshaw/scratch/2022_sketched_distance/references/SGB_genome_fastas_part4/14247/HMP_2012__SRS011084__bin.63.fa	/home/jshaw/scratch/2022_sketched_distance/references/SGB_genome_fastas_part4/14247/HMP_2012__SRS020328__bin.53.fa	/home/jshaw/scratch/2022_sketched_distance/references/SGB_genome_fastas_part4/14247/HMP_2012__SRS042628__bin.30.fa	/home/jshaw/scratch/2022_sketched_distance/references/SGB_genome_fastas_part4/14247/HMP_2012__SRS049959__bin.10.fa	/home/jshaw/scratch/2022_sketched_distance/references/SGB_genome_fastas_part4/14247/KarlssonFH_2013__S193__bin.14.fa	/home/jshaw/scratch/2022_sketched_distance/references/SGB_genome_fastas_part4/14247/KarlssonFH_2013__S436__bin.55.fa	/home/jshaw/scratch/2022_sketched_distance/references/SGB_genome_fastas_part4/14247/LeChatelierE_2013__MH0450__bin.33.fa	/home/jshaw/scratch/2022_sketched_distance/references/SGB_genome_fastas_part4/14247/LiJ_2014__MH0309__bin.18.fa	/home/jshaw/scratch/2022_sketched_distance/references/SGB_genome_fastas_part4/14247/LiJ_2014__MH0336__bin.21.fa	/home/jshaw/scratch/2022_sketched_distance/references/SGB_genome_fastas_part4/14247/LiJ_2014__MH0338__bin.14.fa	/home/jshaw/scratch/2022_sketched_distance/references/SGB_genome_fastas_part4/14247/LiuW_2016__SRR3993037__bin.47.fa	/home/jshaw/scratch/2022_sketched_distance/references/SGB_genome_fastas_part4/14247/LiuW_2016__SRR3993044__bin.88.fa	/home/jshaw/scratch/2022_sketched_distance/references/SGB_genome_fastas_part4/14247/NielsenHB_2014__V1_UC43_0__bin.23.fa	/home/jshaw/scratch/2022_sketched_distance/references/SGB_genome_fastas_part4/14247/Obregon-TitoAJ_2015__SM11__bin.32.fa	/home/jshaw/scratch/2022_sketched_distance/references/SGB_genome_fastas_part4/14247/QinJ_2012__CON-073__bin.10.fa	/home/jshaw/scratch/2022_sketched_distance/references/SGB_genome_fastas_part4/14247/RaymondF_2016__P7C0__bin.11.fa	/home/jshaw/scratch/2022_sketched_distance/references/SGB_genome_fastas_part4/14247/RaymondF_2016__P7C7__bin.27.fa	/home/jshaw/scratch/2022_sketched_distance/references/SGB_genome_fastas_part4/14247/XieH_2016__YSZC12003_35734__bin.27.fa	/home/jshaw/scratch/2022_sketched_distance/references/SGB_genome_fastas_part4/14247/XieH_2016__YSZC12003_35740__bin.47.fa	/home/jshaw/scratch/2022_sketched_distance/references/SGB_genome_fastas_part4/14247/XieH_2016__YSZC12003_36033__bin.7.fa	/home/jshaw/scratch/2022_sketched_distance/references/SGB_genome_fastas_part4/14247/XieH_2016__YSZC12003_36439__bin.51.fa	/home/jshaw/scratch/2022_sketched_distance/references/SGB_genome_fastas_part4/14247/XieH_2016__YSZC12003_36666__bin.33.fa	/home/jshaw/scratch/2022_sketched_distance/references/SGB_genome_fastas_part4/14247/XieH_2016__YSZC12003_37203__bin.31.fa	/home/jshaw/scratch/2022_sketched_distance/references/SGB_genome_fastas_part4/14247/XieH_2016__YSZC12003_37233__bin.20.fa	/home/jshaw/scratch/2022_sketched_distance/references/SGB_genome_fastas_part4/14247/XieH_2016__YSZC12003_37255__bin.77.fa	/home/jshaw/scratch/2022_sketched_distance/references/SGB_genome_fastas_part4/14247/XieH_2016__YSZC12003_37830__bin.66.fa	/home/jshaw/scratch/2022_sketched_distance/references/SGB_genome_fastas_part4/14247/YuJ_2015__SZAXPI003409-8__bin.78.fa	/home/jshaw/scratch/2022_sketched_distance/references/SGB_genome_fastas_part4/14247/YuJ_2015__SZAXPI003420-4__bin.57.fa	/home/jshaw/scratch/2022_sketched_distance/references/SGB_genome_fastas_part4/14247/ZellerG_2014__CCIS78318719ST-4-0__bin.8.fa	/home/jshaw/scratch/2022_sketched_distance/references/SGB_genome_fastas_part4/14247/ZellerG_2014__CCMD86114146ST-21-0__bin.27.fa
1.0	0.9864581863274817	0.98791811120452	0.9864399403847514	0.9874165612132181	0.9865595792406453	0.9882646571348707	0.98872675240419	0.9867048492726711	0.9870200883769	0.9854651793983262	0.9873627287988024	0.9873422694522563	0.9853529957891414	0.9869073822184647	0.9862464052616663	0.9867146545489178	0.987622246928831	0.9869980058127514	0.9868152963134285	0.9860185609323588	0.9866986621092171	0.986068103434815	0.9858789246041948	0.9860244860944826	0.9874438559502947	0.9867288227432278	0.98571918033902	0.9883555744535413	0.9873509314428577	0.987841569977643	0.9877401607087005	0.9864001271813082	0.9866174379735172	0.9875248317212305
0.9864581863274817	1.0	0.9849452071760556	0.9881583367593043	0.989888304580376	0.988853076212675	0.9862802639886675	0.985831198899201	0.9929833365944485	0.9830171116587605	0.9867818978371158	0.9887704767170714	0.986309984655705	0.9881021195160885	0.9867818978371158	0.9829314333787064	0.9828579411989036	0.9842868931974531	0.9888255660405387	0.9882704842247517	0.9889628878786074	0.9900678641871286	0.9885214288199154	0.9878762860162914	0.9818347370716036	0.9832614720554318	0.9825074296460901	0.9899084540299827	0.98428517533182	0.9873336406669178	0.9825692501790364	0.9823089882515363	0.9885297561605005	0.983262679376349	0.9828679394236507
0.98791811120452	0.9849452071760556	1.0	0.9883911348802357	0.9863493686168581	0.988702752449458	0.9944306270811282	0.9876523545382493	0.9869784216007182	0.9860083516927631	0.987357522836918	0.9896454374196736	0.986923905946461	0.9883127678084291	0.9943653628578719	0.9867677735859848	0.9870201277934861	0.9942129892562925	0.9895951645974578	0.9884953351874047	0.9885732697352532	0.9894943885099151	0.9891137116285298	0.9882079875432163	0.9856440855587101	0.9915993153817169	0.9841641286167434	0.9884172158679112	0.9872944779563648	0.9883911348802357	0.9881647268047405	0.9850089932169399	0.9852812686499337	0.9862903940488033	0.9847839390467393
0.9864399403847514	0.9881583367593043	0.9883911348802357	1.0	0.9891217613648415	0.9900560937729677	0.9889429355447606	0.9889736452260917	0.9882542189848547	0.9889956011602955	0.987239956218622	0.9886174084929036	0.9885506095974101	0.9874785846264079	0.9878053140649671	0.988284070882797	0.988877938265301	0.9884917172054972	0.9880194101154014	0.9883764722659929	0.9872322838920224	0.9879074683482982	0.9883086905461191	0.9879746790590753	0.9883953060175604	0.9887791112490938	0.9871774844483671	0.9866036768639603	0.989010342942309	0.9881377052009578	0.9889197535999734	0.9891523956498695	0.988414988650186	0.9883911348802357	0.98856554743325
0.9874165612132181	0.989888304580376	0.9863493686168581	0.9891217613648415	1.0	0.9893150738556886	0.9875330294439524	0.987123574590156	0.9938130689127328	0.9835510297623508	0.9871823809677829	0.9897798829752656	0.9865296559509182	0.9880520969935599	0.9877935860607656	0.9855105812419059	0.9861842931051037	0.9843258764053706	0.9896438529900129	0.9895072597474067	0.9903451632167082	0.9910580131664437	0.9890385649377905	0.988982983785478	0.9834283475471955	0.9853707703246002	0.9829002490893393	0.9909795631933589	0.9863463485729226	0.987706962775721	0.9844223702711946	0.9836701128861407	0.9909585722027732	0.9852553706161813	0.9850902048382288
0.9865595792406453	0.988853076212675	0.988702752449458	0.9900560937729677	0.9893150738556886	1.0	0.9891906493685653	0.9896070456815971	0.9887075323485005	0.9897617698011412	0.9879558963755737	0.9872994080938708	0.9883075839588868	0.9877123842664302	0.9880438521156619	0.9888117909526462	0.9887545443084595	0.9891711419716217	0.9880506793625423	0.9883764722659929	0.9870683225833516	0.9861840040526366	0.9880226253820383	0.9877445727052271	0.9877915468307765	0.9892930548697342	0.9878560058965699	0.9868446816720289	0.9893835586433689	0.9882290430371264	0.9890765262286488	0.9888690583380176	0.9894709227702082	0.9883294067111563	0.9887489115360768
0.9882646571348707	0.9862802639886675	0.9944306270811282	0.9889429355447606	0.9875330294439524	0.9891906493685653	1.0	0.9886933461710423	0.9874162229777468	0.9866278900093981	0.9878303157568937	0.9895831610792156	0.987364093186381	0.9885426802045532	0.9941323789277146	0.9868869245931697	0.9868459191560013	0.9943857410544562	0.9900913452797659	0.9887434154769454	0.9885678390850231	0.9894854702247884	0.9893874891631276	0.988768421634408	0.9856440855587101	0.9921946195376743	0.9850170726452671	0.9889677908525298	0.987687528404388	0.9894120117313571	0.9890765262286488	0.9860173074780371	0.9867647742766439	0.9861916431375055	0.9860839552133738
0.98872675240419	0.985831198899201	0.9876523545382493	0.9889736452260917	0.987123574590156	0.9896070456815971	0.9886933461710423	1.0	0.9875922515421159	0.9870200883769	0.9874637489802117	0.9897274711364716	0.9872052288963907	0.9885777240599963	0.9892918662017858	0.9869661195081468	0.9870201277934861	0.9874455635455589	0.9895829077457763	0.9891208981827548	0.9883278358423216	0.9892918662017858	0.989895331680643	0.9890473539176866	0.9857205187764767	0.9881182494556965	0.9847598194595243	0.988998233105713	0.9871503786845813	0.9899670113147414	0.9913428832240394	0.9856428069474051	0.986481510017356	0.9857602606460042	0.9857708920932586
0.9867048492726711	0.9929833365944485	0.9869784216007182	0.9882542189848547	0.9938130689127328	0.9887075323485005	0.9874162229777468	0.9875922515421159	1.0	0.9870200883769	0.986654448033705	0.9888493980210694	0.9859309265853402	0.9878675827729212	0.9865534132402214	0.9877863582591523	0.9865388161524807	0.987339096486695	0.9892713682549229	0.9884697239713613	0.9885650533627619	0.9897798829752656	0.9887548887865599	0.9881097617662934	0.9854906835905843	0.9871014063721385	0.9857411682346577	0.9896880069365321	0.9886673501000409	0.9875255116184787	0.9868526190070762	0.9880041305466284	0.9958628124576652	0.9871660564020723	0.9864501353096542
0.9870200883769	0.9830171116587605	0.9860083516927631	0.9889956011602955	0.9835510297623508	0.9897617698011412	0.9866278900093981	0.9870200883769	0.9870200883769	1.0	0.9949862976428409	0.9891989566206526	0.9878330228792911	0.998441971551018	0.9867154502251984	0.9755755671019222	0.9726356185997882	0.9774272871424403	0.9895618657374544	0.9888320087748587	0.988001638621409	0.9883778971538135	0.9895217391409696	0.9887087794427345	0.9784560686194673	0.9846866178412503	0.976722932678566	0.9880436580056469	0.9783997578271166	0.9879595655565555	0.9736772309280171	0.9823247489503981	0.9756369742824038	0.9814124983332221	0.9855132446174439
0.9854651793983262	0.9867818978371158	0.987357522836918	0.987239956218622	0.9871823809677829	0.9879558963755737	0.9878303157568937	0.9874637489802117	0.986654448033705	0.9949862976428409	1.0	0.9879330428956138	0.9871912147143711	0.9948203936970407	0.9868581402476645	0.9866082311708901	0.9873658021133381	0.9875869860359879	0.9875652134169522	0.9862132533835267	0.9864759839645623	0.9875420870497944	0.9877955879415781	0.9872632957774854	0.9878273701299265	0.9879229740721874	0.9862034147652121	0.985808379556397	0.9880056610191633	0.9866407479293804	0.987597103965556	0.9873252873900477	0.9872050332640442	0.987261928865774	0.98768709823602
0.9873627287988024	0.9887704767170714	0.9896454374196736	0.9886174084929036	0.9897798829752656	0.9872994080938708	0.9895831610792156	0.9897274711364716	0.9888493980210694	0.9891989566206526	0.9879330428956138	1.0	0.9908871604159211	0.9873348648903499	0.9888421992280721	0.9890725157164559	0.988877938265301	0.9898038805490205	0.9880506793625423	0.9886258574518203	0.9877653340814189	0.9871014063721385	0.987606370110338	0.9877888274928041	0.9887105191610049	0.989719722013478	0.9880568651475362	0.9874159727917324	0.9889420293024925	0.9890621269568333	0.9893878527519584	0.9895450215479485	0.9892474809275681	0.9882675626640811	0.9889312611306511
0.9873422694522563	0.986309984655705	0.986923905946461	0.9885506095974101	0.9865296559509182	0.9883075839588868	0.987364093186381	0.9872052288963907	0.9859309265853402	0.9878330228792911	0.9871912147143711	0.9908871604159211	1.0	0.9882098695107683	0.9867849785779778	0.9864077085311785	0.9866268528689381	0.987480976171622	0.9887437477766277	0.9879149747521815	0.9872416433729732	0.9882343253095688	0.9882343253095688	0.9882587629656348	0.9853365619012544	0.9873301015692822	0.9853811157504825	0.9876174153096572	0.9859368388736515	0.9881609033752671	0.98743311222117	0.9862029695092218	0.9864001271813082	0.9864216022156712	0.9861688210581867
0.9853529957891414	0.9881021195160885	0.9883127678084291	0.9874785846264079	0.9880520969935599	0.9877123842664302	0.9885426802045532	0.9885777240599963	0.9878675827729212	0.998441971551018	0.9948203936970407	0.9873348648903499	0.9882098695107683	1.0	0.9878053140649671	0.9877863582591523	0.988464815589818	0.988457375494385	0.987517378208339	0.9872655905778972	0.9869035401153828	0.9867944141100943	0.9878445994863	0.9871186762895785	0.9882895612640432	0.988615134252922	0.9864846767041204	0.9867985469461357	0.9884945057350549	0.987607539096167	0.9884449114114205	0.9881789422486849	0.9877960493864179	0.9877999935437098	0.9877410098286973
0.9869073822184647	0.9867818978371158	0.9943653628578719	0.9878053140649671	0.9877935860607656	0.9880438521156619	0.9941323789277146	0.9892918662017858	0.9865534132402214	0.9867154502251984	0.9868581402476645	0.9888421992280721	0.9867849785779778	0.9878053140649671	1.0	0.987084555578918	0.9875372871872956	0.9944144456848858	0.9887725297171329	0.9874442350581266	0.9873472746303218	0.9885626331477588	0.9882806749129737	0.9873957905492123	0.9875035485027751	0.9934488296203157	0.9856335662143609	0.9874442350581266	0.9879352300195416	0.9879247990744295	0.9900018262695834	0.9873252873900477	0.9874032200896906	0.9866174379735172	0.9871704857353353
0.9862464052616663	0.9829314333787064	0.9867677735859848	0.988284070882797	0.9855105812419059	0.9888117909526462	0.9868869245931697	0.9869661195081468	0.9877863582591523	0.9755755671019222	0.9866082311708901	0.9890725157164559	0.9864077085311785	0.9877863582591523	0.987084555578918	1.0	0.9807186003929913	0.9765299259494978	0.9887743756391827	0.990095277836021	0.988923782738242	0.9891095943528914	0.9885112722887498	0.9872810065766299	0.9782259752070277	0.9865281687874647	0.9798872686226145	0.9891466313372881	0.9785343879292656	0.9877091149966013	0.9778059257450973	0.9820705112855115	0.9765950656859634	0.9848423855812378	0.9842463453989178
0.9867146545489178	0.9828579411989036	0.9870201277934861	0.988877938265301	0.9861842931051037	0.9887545443084595	0.9868459191560013	0.9870201277934861	0.9865388161524807	0.9726356185997882	0.9873658021133381	0.988877938265301	0.9866268528689381	0.988464815589818	0.9875372871872956	0.9807186003929913	1.0	0.9764508201881602	0.9889189671456614	0.9897689865958048	0.9889189671456614	0.9892859472610284	0.9888368582522239	0.9873658021133381	0.977513242576441	0.9856452344159273	0.9808761374391518	0.988877938265301	0.9790999889626324	0.9871068874065362	0.9760281078665493	0.9831035586646648	0.9738929346254677	0.9840680271905925	0.9845866392132999
0.987622246928831	0.9842868931974531	0.9942129892562925	0.9884917172054972	0.9843258764053706	0.9891711419716217	0.9943857410544562	0.9874455635455589	0.987339096486695	0.9774272871424403	0.9875869860359879	0.9898038805490205	0.987480976171622	0.988457375494385	0.9944144456848858	0.9765299259494978	0.9764508201881602	1.0	0.9899026864588695	0.9890363727204894	0.9889687809390251	0.9899026864588695	0.988457375494385	0.9889010502845005	0.9763748707446066	0.9898368487390213	0.975220651281083	0.9890701167145126	0.9782931985429111	0.988250570102666	0.9798368204109902	0.9839339439492972	0.9790817314079564	0.9806173212295184	0.9848284884725826
0.9869980058127514	0.9888255660405387	0.9895951645974578	0.9880194101154014	0.9896438529900129	0.9880506793625423	0.9900913452797659	0.9895829077457763	0.9892713682549229	0.9895618657374544	0.9875652134169522	0.9880506793625423	0.9887437477766277	0.987517378208339	0.9887725297171329	0.9887743756391827	0.9889189671456614	0.9899026864588695	1.0	0.9895171313257266	0.988582727067487	0.9889207642900284	0.9878738703059058	0.9867696881045087	0.9882895612640432	0.9898255320497661	0.988652197028641	0.9875516194805479	0.9897859432355225	0.9880231755680012	0.9900398228899224	0.9899054648597639	0.9897665099205667	0.9890021389862036	0.9889831762694591
0.9868152963134285	0.9882704842247517	0.9884953351874047	0.9883764722659929	0.9895072597474067	0.9883764722659929	0.9887434154769454	0.9891208981827548	0.9884697239713613	0.9888320087748587	0.9862132533835267	0.9886258574518203	0.9879149747521815	0.9872655905778972	0.9874442350581266	0.990095277836021	0.9897689865958048	0.9890363727204894	0.9895171313257266	1.0	0.9877330210592004	0.9890745060912353	0.988102245295087	0.9873830719797849	0.9875396863807777	0.9888063616052004	0.988783044870662	0.9883309260048386	0.9889078193217268	0.9876167842258089	0.989037402908763	0.9894053339986599	0.9894709227702082	0.9884219556483222	0.9876601092985067
0.9860185609323588	0.9889628878786074	0.9885732697352532	0.9872322838920224	0.9903451632167082	0.9870683225833516	0.9885678390850231	0.9883278358423216	0.9885650533627619	0.988001638621409	0.9864759839645623	0.9877653340814189	0.9872416433729732	0.9869035401153828	0.9873472746303218	0.988923782738242	0.9889189671456614	0.9889687809390251	0.988582727067487	0.9877330210592004	1.0	0.9998407132797162	0.9872322838920224	0.9870213260351635	0.9867353391795273	0.9891046380584577	0.9875862733053687	0.9893365254056656	0.992133452332214	0.9865448876920179	0.9887227334593074	0.9885832643820366	0.9894337874339625	0.9911409093426239	0.9870881688911108
0.9866986621092171	0.9900678641871286	0.9894943885099151	0.9879074683482982	0.9910580131664437	0.9861840040526366	0.9894854702247884	0.9892918662017858	0.9897798829752656	0.9883778971538135	0.9875420870497944	0.9871014063721385	0.9882343253095688	0.9867944141100943	0.9885626331477588	0.9891095943528914	0.9892859472610284	0.9899026864588695	0.9889207642900284	0.9890745060912353	0.9998407132797162	1.0	0.9870505217286376	0.9869376403055032	0.9870301091220836	0.989666689464283	0.9884879032268943	0.9897338445523486	0.9925652100869061	0.9878160131447031	0.9893102962465783	0.9895450215479485	0.990204983951672	0.9916197031008501	0.988142557636093
0.986068103434815	0.9885214288199154	0.9891137116285298	0.9883086905461191	0.9890385649377905	0.9880226253820383	0.9893874891631276	0.989895331680643	0.9887548887865599	0.9895217391409696	0.9877955879415781	0.987606370110338	0.9882343253095688	0.9878445994863	0.9882806749129737	0.9885112722887498	0.9888368582522239	0.988457375494385	0.9878738703059058	0.988102245295087	0.9872322838920224	0.9870505217286376	1.0	0.9873435795214806	0.9886407319075555	0.988833589450271	0.988652197028641	0.9869367574686203	0.9887362348054264	0.9887269243302796	0.9892325569109691	0.9890959226600267	0.9886821603440794	0.9882056022958399	0.9889052728691273
0.9858789246041948	0.9878762860162914	0.9882079875432163	0.9879746790590753	0.988982983785478	0.9877445727052271	0.988768421634408	0.9890473539176866	0.9881097617662934	0.9887087794427345	0.9872632957774854	0.9877888274928041	0.9882587629656348	0.9871186762895785	0.9873957905492123	0.9872810065766299	0.9873658021133381	0.9889010502845005	0.9867696881045087	0.9873830719797849	0.9870213260351635	0.9869376403055032	0.9873435795214806	1.0	0.9878273701299265	0.9881182494556965	0.9871774844483671	0.986239822449537	0.9886328536783244	0.9876307681765792	0.9881647268047405	0.9876221580459478	0.9877960493864179	0.987831372199151	0.9881957293314505
0.9860244860944826	0.9818347370716036	0.9856440855587101	0.9883953060175604	0.9834283475471955	0.9877915468307765	0.9856440855587101	0.9857205187764767	0.9854906835905843	0.9784560686194673	0.9878273701299265	0.9887105191610049	0.9853365619012544	0.9882895612640432	0.9875035485027751	0.9782259752070277	0.977513242576441	0.9763748707446066	0.9882895612640432	0.9875396863807777	0.9867353391795273	0.9870301091220836	0.9886407319075555	0.9878273701299265	1.0	0.9843565569529289	0.9776207267837995	0.9869934069981738	0.9790086645799496	0.9874311535045633	0.9774176164552106	0.9814021468666841	0.9752480651063438	0.980294956485259	0.9841169364018197
0.9874438559502947	0.9832614720554318	0.9915993153817169	0.9887791112490938	0.9853707703246002	0.9892930548697342	0.9921946195376743	0.9881182494556965	0.9871014063721385	0.9846866178412503	0.9879229740721874	0.989719722013478	0.9873301015692822	0.988615134252922	0.9934488296203157	0.9865281687874647	0.9856452344159273	0.9898368487390213	0.9898255320497661	0.9888063616052004	0.9891046380584577	0.989666689464283	0.988833589450271	0.9881182494556965	0.9843565569529289	1.0	0.9828611784380955	0.9891316207547216	0.9859368388736515	0.9885877252536416	0.986684864997386	0.9828943889986804	0.9843405565599274	0.9848457947013547	0.9850599584372332
0.9867288227432278	0.9825074296460901	0.9841641286167434	0.9871774844483671	0.9829002490893393	0.9878560058965699	0.9850170726452671	0.9847598194595243	0.9857411682346577	0.976722932678566	0.9862034147652121	0.9880568651475362	0.9853811157504825	0.9864846767041204	0.9856335662143609	0.9798872686226145	0.9808761374391518	0.975220651281083	0.988652197028641	0.988783044870662	0.9875862733053687	0.9884879032268943	0.988652197028641	0.9871774844483671	0.9776207267837995	0.9828611784380955	1.0	0.9872117447933233	0.9782458510750053	0.9863091701614771	0.9797330240444554	0.9876201109798035	0.9772482206771679	0.9801311322011498	0.9824678873449284
0.98571918033902	0.9899084540299827	0.9884172158679112	0.9866036768639603	0.9909795631933589	0.9868446816720289	0.9889677908525298	0.988998233105713	0.9896880069365321	0.9880436580056469	0.985808379556397	0.9874159727917324	0.9876174153096572	0.9867985469461357	0.9874442350581266	0.9891466313372881	0.988877938265301	0.9890701167145126	0.9875516194805479	0.9883309260048386	0.9893365254056656	0.9897338445523486	0.9869367574686203	0.986239822449537	0.9869934069981738	0.9891316207547216	0.9872117447933233	1.0	0.9910608093837752	0.9871630429952726	0.9884449114114205	0.9883817235542707	0.9904220556631291	0.9895722879620477	0.9874433975236796
0.9883555744535413	0.98428517533182	0.9872944779563648	0.989010342942309	0.9863463485729226	0.9893835586433689	0.987687528404388	0.9871503786845813	0.9886673501000409	0.9783997578271166	0.9880056610191633	0.9889420293024925	0.9859368388736515	0.9884945057350549	0.9879352300195416	0.9785343879292656	0.9790999889626324	0.9782931985429111	0.9897859432355225	0.9889078193217268	0.992133452332214	0.9925652100869061	0.9887362348054264	0.9886328536783244	0.9790086645799496	0.9859368388736515	0.9782458510750053	0.9910608093837752	1.0	0.9874379490231006	0.9788371720597904	0.9823375737328794	0.9780992095011314	0.983648745617749	0.9854462006523435
0.9873509314428577	0.9873336406669178	0.9883911348802357	0.9881377052009578	0.987706962775721	0.9882290430371264	0.9894120117313571	0.9899670113147414	0.9875255116184787	0.9879595655565555	0.9866407479293804	0.9890621269568333	0.9881609033752671	0.987607539096167	0.9879247990744295	0.9877091149966013	0.9871068874065362	0.988250570102666	0.9880231755680012	0.9876167842258089	0.9865448876920179	0.9878160131447031	0.9887269243302796	0.9876307681765792	0.9874311535045633	0.9885877252536416	0.9863091701614771	0.9871630429952726	0.9874379490231006	1.0	0.9893490972983878	0.9884105906879779	0.9870456199028091	0.9871660564020723	0.9879022169849923
0.987841569977643	0.9825692501790364	0.9881647268047405	0.9889197535999734	0.9844223702711946	0.9890765262286488	0.9890765262286488	0.9913428832240394	0.9868526190070762	0.9736772309280171	0.987597103965556	0.9893878527519584	0.98743311222117	0.9884449114114205	0.9900018262695834	0.9778059257450973	0.9760281078665493	0.9798368204109902	0.9900398228899224	0.989037402908763	0.9887227334593074	0.9893102962465783	0.9892325569109691	0.9881647268047405	0.9774176164552106	0.986684864997386	0.9797330240444554	0.9884449114114205	0.9788371720597904	0.9893490972983878	1.0	0.9823300647095358	0.9740703682599228	0.9817976239733495	0.986176406630842
0.9877401607087005	0.9823089882515363	0.9850089932169399	0.9891523956498695	0.9836701128861407	0.9888690583380176	0.9860173074780371	0.9856428069474051	0.9880041305466284	0.9823247489503981	0.9873252873900477	0.9895450215479485	0.9862029695092218	0.9881789422486849	0.9873252873900477	0.9820705112855115	0.9831035586646648	0.9839339439492972	0.9899054648597639	0.9894053339986599	0.9885832643820366	0.9895450215479485	0.9890959226600267	0.9876221580459478	0.9814021468666841	0.9828943889986804	0.9876201109798035	0.9883817235542707	0.9823375737328794	0.9884105906879779	0.9823300647095358	1.0	0.983594710041598	0.9823860149754964	0.9843300521862545
0.9864001271813082	0.9885297561605005	0.9852812686499337	0.988414988650186	0.9909585722027732	0.9894709227702082	0.9867647742766439	0.986481510017356	0.9958628124576652	0.9756369742824038	0.9872050332640442	0.9892474809275681	0.9864001271813082	0.9877960493864179	0.9874032200896906	0.9765950656859634	0.9738929346254677	0.9790817314079564	0.9897665099205667	0.9894709227702082	0.9894337874339625	0.990204983951672	0.9886821603440794	0.9877960493864179	0.9752480651063438	0.9843405565599274	0.9772482206771679	0.9904220556631291	0.9780992095011314	0.9870456199028091	0.9740703682599228	0.983594710041598	1.0	0.9807209368848333	0.9842536850419744
0.9866174379735172	0.983262679376349	0.9862903940488033	0.9883911348802357	0.9852553706161813	0.9883294067111563	0.9861916431375055	0.9857602606460042	0.9871660564020723	0.9814124983332221	0.987261928865774	0.9882675626640811	0.9864216022156712	0.9877999935437098	0.9866174379735172	0.9848423855812378	0.9840680271905925	0.9806173212295184	0.9890021389862036	0.9884219556483222	0.9911409093426239	0.9916197031008501	0.9882056022958399	0.987831372199151	0.980294956485259	0.9848457947013547	0.9801311322011498	0.9895722879620477	0.983648745617749	0.9871660564020723	0.9817976239733495	0.9823860149754964	0.9807209368848333	1.0	0.9847081260192855
0.9875248317212305	0.9828679394236507	0.9847839390467393	0.98856554743325	0.9850902048382288	0.9887489115360768	0.9860839552133738	0.9857708920932586	0.9864501353096542	0.9855132446174439	0.98768709823602	0.9889312611306511	0.9861688210581867	0.9877410098286973	0.9871704857353353	0.9842463453989178	0.9845866392132999	0.9848284884725826	0.9889831762694591	0.9876601092985067	0.9870881688911108	0.988142557636093	0.9889052728691273	0.9881957293314505	0.9841169364018197	0.9850599584372332	0.9824678873449284	0.9874433975236796	0.9854462006523435	0.9879022169849923	0.986176406630842	0.9843300521862545	0.9842536850419744	0.9847081260192855	1.0
