/home/jshaw/scratch/2022_sketched_distance/references/SGB_genome_fastas_part5/15878/BritoIL_2016__W3.22.SA__bin.45.fa	/home/jshaw/scratch/2022_sketched_distance/references/SGB_genome_fastas_part5/15878/ChngKR_2016__WBU008__bin.3.fa	/home/jshaw/scratch/2022_sketched_distance/references/SGB_genome_fastas_part5/15878/CM_periimplantitis__SP_384SPT_T016__bin.8.fa	/home/jshaw/scratch/2022_sketched_distance/references/SGB_genome_fastas_part5/15878/HMP_2012__SRS012285__bin.52.fa	/home/jshaw/scratch/2022_sketched_distance/references/SGB_genome_fastas_part5/15878/HMP_2012__SRS013945__bin.12.fa	/home/jshaw/scratch/2022_sketched_distance/references/SGB_genome_fastas_part5/15878/HMP_2012__SRS015060__bin.5.fa	/home/jshaw/scratch/2022_sketched_distance/references/SGB_genome_fastas_part5/15878/HMP_2012__SRS015803__bin.15.fa	/home/jshaw/scratch/2022_sketched_distance/references/SGB_genome_fastas_part5/15878/HMP_2012__SRS015899__bin.22.fa	/home/jshaw/scratch/2022_sketched_distance/references/SGB_genome_fastas_part5/15878/HMP_2012__SRS015921__bin.6.fa	/home/jshaw/scratch/2022_sketched_distance/references/SGB_genome_fastas_part5/15878/HMP_2012__SRS015947__bin.2.fa	/home/jshaw/scratch/2022_sketched_distance/references/SGB_genome_fastas_part5/15878/HMP_2012__SRS015985__bin.6.fa	/home/jshaw/scratch/2022_sketched_distance/references/SGB_genome_fastas_part5/15878/HMP_2012__SRS015989__bin.15.fa	/home/jshaw/scratch/2022_sketched_distance/references/SGB_genome_fastas_part5/15878/HMP_2012__SRS016092__bin.14.fa	/home/jshaw/scratch/2022_sketched_distance/references/SGB_genome_fastas_part5/15878/HMP_2012__SRS018337__bin.16.fa	/home/jshaw/scratch/2022_sketched_distance/references/SGB_genome_fastas_part5/15878/HMP_2012__SRS018569__bin.1.fa	/home/jshaw/scratch/2022_sketched_distance/references/SGB_genome_fastas_part5/15878/HMP_2012__SRS018573__bin.10.fa	/home/jshaw/scratch/2022_sketched_distance/references/SGB_genome_fastas_part5/15878/HMP_2012__SRS018778__bin.2.fa	/home/jshaw/scratch/2022_sketched_distance/references/SGB_genome_fastas_part5/15878/HMP_2012__SRS018975__bin.26.fa	/home/jshaw/scratch/2022_sketched_distance/references/SGB_genome_fastas_part5/15878/HMP_2012__SRS019333__bin.8.fa	/home/jshaw/scratch/2022_sketched_distance/references/SGB_genome_fastas_part5/15878/HMP_2012__SRS019591__bin.34.fa	/home/jshaw/scratch/2022_sketched_distance/references/SGB_genome_fastas_part5/15878/HMP_2012__SRS019906__bin.36.fa	/home/jshaw/scratch/2022_sketched_distance/references/SGB_genome_fastas_part5/15878/HMP_2012__SRS019980__bin.58.fa	/home/jshaw/scratch/2022_sketched_distance/references/SGB_genome_fastas_part5/15878/HMP_2012__SRS021960__bin.24.fa	/home/jshaw/scratch/2022_sketched_distance/references/SGB_genome_fastas_part5/15878/HMP_2012__SRS022083__bin.22.fa	/home/jshaw/scratch/2022_sketched_distance/references/SGB_genome_fastas_part5/15878/HMP_2012__SRS024381__bin.12.fa	/home/jshaw/scratch/2022_sketched_distance/references/SGB_genome_fastas_part5/15878/HMP_2012__SRS043239__bin.8.fa	/home/jshaw/scratch/2022_sketched_distance/references/SGB_genome_fastas_part5/15878/HMP_2012__SRS043676__bin.3.fa	/home/jshaw/scratch/2022_sketched_distance/references/SGB_genome_fastas_part5/15878/HMP_2012__SRS043755__bin.13.fa	/home/jshaw/scratch/2022_sketched_distance/references/SGB_genome_fastas_part5/15878/HMP_2012__SRS043803__bin.1.fa	/home/jshaw/scratch/2022_sketched_distance/references/SGB_genome_fastas_part5/15878/HMP_2012__SRS044366__bin.1.fa	/home/jshaw/scratch/2022_sketched_distance/references/SGB_genome_fastas_part5/15878/HMP_2012__SRS051930__bin.3.fa	/home/jshaw/scratch/2022_sketched_distance/references/SGB_genome_fastas_part5/15878/HMP_2012__SRS052876__bin.53.fa	/home/jshaw/scratch/2022_sketched_distance/references/SGB_genome_fastas_part5/15878/HMP_2012__SRS053630__bin.6.fa	/home/jshaw/scratch/2022_sketched_distance/references/SGB_genome_fastas_part5/15878/HMP_2012__SRS055401__bin.42.fa	/home/jshaw/scratch/2022_sketched_distance/references/SGB_genome_fastas_part5/15878/HMP_2012__SRS056157__bin.2.fa	/home/jshaw/scratch/2022_sketched_distance/references/SGB_genome_fastas_part5/15878/HMP_2012__SRS056892__bin.11.fa	/home/jshaw/scratch/2022_sketched_distance/references/SGB_genome_fastas_part5/15878/HMP_2012__SRS058186__bin.5.fa	/home/jshaw/scratch/2022_sketched_distance/references/SGB_genome_fastas_part5/15878/HMP_2012__SRS058808__bin.31.fa	/home/jshaw/scratch/2022_sketched_distance/references/SGB_genome_fastas_part5/15878/OhJ_2014__MET0103__bin.1.fa	/home/jshaw/scratch/2022_sketched_distance/references/SGB_genome_fastas_part5/15878/OhJ_2014__MET0223__bin.33.fa	/home/jshaw/scratch/2022_sketched_distance/references/SGB_genome_fastas_part5/15878/OhJ_2014__MET0313__bin.5.fa
1.0	0.9607662553805315	0.9688512929892906	0.9646970282856019	0.9642100445425676	0.9682135733744218	0.9729344161393225	0.9643684829794756	0.962642943069892	0.975134769882851	0.9752288101712467	0.9732264925576035	0.9749295665502213	0.9689290655558424	0.9549918338449572	0.9583277825232854	0.9740492081906441	0.9636980091206746	0.9701897001353726	0.9597119331373428	0.9762574946655772	0.9635920271548339	0.970199480895948	0.9645907342641394	0.9652701332945067	0.9688641741574527	0.9677365114296885	0.9535350620784855	0.9690673309002092	0.9716347188963989	0.9664111962578182	0.960442629614368	0.9755185058728112	0.9641779665664467	0.9683789921419619	0.9659664470937134	0.9747910915846899	0.9736266746312772	0.9666662203856782	0.969857814583374	0.9613967878484726
0.9607662553805315	1.0	0.9669282500360119	0.9669028657463637	0.9685055602533051	0.9685629882463664	0.9602513180464559	0.9732841378702435	0.9744120442258825	0.9636424662997944	0.9632326160324157	0.9634175841436156	0.9631524575643466	0.9657386564478322	0.9567912915236635	0.9588950231637178	0.9600928535367832	0.973187357904447	0.9587403260023754	0.9536602984731936	0.9605041547182174	0.9656136101652708	0.9664809372027139	0.9668695465466147	0.9607345070432025	0.9689318429792512	0.9657991092239796	0.9579882486442128	0.9568994385186044	0.9593237350372277	0.9697305013859842	0.9629538195063908	0.9623379689498862	0.9639341146389304	0.9533685610664983	0.973001462158228	0.9592130659573421	0.9612012241722414	0.9655420183850668	0.9571450270287553	0.9622083879885831
0.9688512929892906	0.9669282500360119	1.0	0.9743862336216467	0.9689984100473285	0.9739136285049199	0.9666857346229999	0.9709375518517988	0.9686431528336575	0.9704435723217698	0.9700206105634531	0.9704600603308003	0.970230216792812	0.9710131012403963	0.9665059732791983	0.9696101112848096	0.9678341916616314	0.9694023933240208	0.9650479671876337	0.9611845223168554	0.9684710388714283	0.9711120847183511	0.9727154408897655	0.9740738422537872	0.9660305232199641	0.9739467005536226	0.9721777201910191	0.963060760100911	0.962923036078216	0.9651945963445824	0.9730257396277615	0.9660877373547068	0.9700316689183149	0.9694432959188156	0.9581703973360768	0.9713549483603012	0.9661377890374555	0.9666080276966678	0.9697621507172981	0.96426983604991	0.9662977926238423
0.9646970282856019	0.9669028657463637	0.9743862336216467	1.0	0.9703865940255924	0.976568016917578	0.9648668099502498	0.9720064348884303	0.9692473648432227	0.9688126814628413	0.9679926294829051	0.9686412537199763	0.9671236094951965	0.9700688407161724	0.9629887954141575	0.9665754280077853	0.965520913962825	0.9712354751370038	0.962481318702937	0.956536511901888	0.9659816768771664	0.9728919601995102	0.9727534799803433	0.9970412021466646	0.9627056209118112	0.9754120841737298	0.9709231999099667	0.9590794040221539	0.9600884480366115	0.9635559181486535	0.9745390039995563	0.9659753694701368	0.967948104658436	0.9689956392921988	0.9552061933941481	0.9727478804482558	0.9636567082381715	0.9661547832649338	0.970158438711198	0.9617616552630185	0.9660830756840284
0.9642100445425676	0.9685055602533051	0.9689984100473285	0.9703865940255924	1.0	0.9711489416331255	0.9638412928598399	0.9719996212640848	0.9721331651862052	0.9683764487412426	0.9683758945433271	0.970980307586964	0.9664872796122407	0.9729817809226897	0.9596546089746777	0.9621992895181197	0.9642662406667282	0.9713762465212887	0.9617399966516244	0.9566842754549455	0.9645577412462554	0.9757061732909889	0.9710843048676018	0.9707275429544061	0.9641781481231514	0.9709683255532962	0.9705724677635827	0.9598228858535907	0.962870232660577	0.9637044505161158	0.9724861047459136	0.9644934189835414	0.9659415498804773	0.9686771145336395	0.9605629467101038	0.9741105451865629	0.963822256327778	0.9670116442080557	0.9699830100228307	0.9627727551978641	0.9661334179675626
0.9682135733744218	0.9685629882463664	0.9739136285049199	0.976568016917578	0.9711489416331255	1.0	0.9660987510221837	0.9727829589594352	0.9700899330478738	0.9697373588705764	0.9693703237774766	0.9697817306296865	0.9696333959768739	0.9704624345450164	0.9612635967395969	0.9637408947982835	0.9681448103860594	0.9707232537102093	0.964181401666755	0.9571814977958196	0.9680811006338904	0.9715829827820173	0.9733941532991287	0.976631110441901	0.964303211786462	0.9817641033256322	0.9733614813935982	0.9600079785991854	0.9619019569036972	0.9653165075411421	0.9760924722346391	0.9713118356870459	0.9699147496143947	0.9730693598149112	0.9591750146457639	0.9739534136588468	0.9659504645247612	0.9675635224290122	0.9701974226202121	0.9635989709113187	0.9679129099783199
0.9729344161393225	0.9602513180464559	0.9666857346229999	0.9648668099502498	0.9638412928598399	0.9660987510221837	1.0	0.9657083644755761	0.9629612001332766	0.9769076387713294	0.9802193678282752	0.9787673352610474	0.9810099031117523	0.9753749854990141	0.9573692878141582	0.9608911070979904	0.9802848762949472	0.9645257312393004	0.9769422348702076	0.9639674010038732	0.9815503977049308	0.964136066615906	0.9682007875477207	0.9647386982872999	0.9707231058426498	0.9660677038520067	0.9681660965606678	0.9567929775788405	0.9738951570394129	0.9762799086459797	0.9657555244547475	0.9586480352433676	0.9816149640766403	0.9632941031574815	0.9731683518639972	0.9638590311698093	0.9810377116987858	0.9787462589037285	0.9681660965606678	0.9699211756875439	0.961043746691064
0.9643684829794756	0.9732841378702435	0.9709375518517988	0.9720064348884303	0.9719996212640848	0.9727829589594352	0.9657083644755761	1.0	0.9910385199924752	0.967558023752838	0.9677478416097199	0.9683326860293742	0.9682290229454423	0.9697716210177248	0.9613336394457047	0.9655882152417734	0.9654021905773942	0.9918766314371735	0.9629747859855081	0.9561884543752457	0.965540529712771	0.9698534478113614	0.9699357205965062	0.9718324425439452	0.9627164635655276	0.9720437403783021	0.9695789997559802	0.9613715431507839	0.9596225202693555	0.9638007904408552	0.9741831011183294	0.9633637769330433	0.9672459497511315	0.9650963433783571	0.955152896271374	0.9731872299844886	0.9630178057355024	0.9652337326847561	0.9684750382845072	0.9616363996159608	0.9665454336146465
0.962642943069892	0.9744120442258825	0.9686431528336575	0.9692473648432227	0.9721331651862052	0.9700899330478738	0.9629612001332766	0.9910385199924752	1.0	0.9650283704581925	0.9655965705818754	0.9658257045591677	0.9651992824117858	0.9679463862855837	0.9596342310564822	0.9622415708871832	0.9622869280578479	0.9922669436430163	0.9605410258711274	0.955109867102245	0.9631850270544715	0.9684126084363635	0.9685229541064588	0.9694270239028738	0.9615448297229795	0.9702010989714728	0.9681862453023325	0.9597753883180342	0.9574126367377233	0.9610063411132708	0.9720395205837932	0.9646633355266256	0.9642859347447211	0.9660370109467684	0.9559864571716938	0.9750029535272593	0.9619403871641464	0.9628417007134947	0.9664325675082867	0.959436612706325	0.9644414686969948
0.975134769882851	0.9636424662997944	0.9704435723217698	0.9688126814628413	0.9683764487412426	0.9697373588705764	0.9769076387713294	0.967558023752838	0.9650283704581925	1.0	0.9785017489628671	0.9788185535184315	0.9796381482266411	0.9753709931467703	0.9583210376223643	0.9630913660686133	0.9797347206143606	0.9665899990096474	0.9743268928951966	0.9647272851437017	0.9808212593326483	0.9707590194907627	0.9722240756765097	0.9688991237926331	0.9703933640419884	0.9693893477154291	0.970516851622583	0.9592716386534083	0.9714100590279662	0.9761202831441078	0.9702385903121902	0.9606791967111239	0.9794458513065659	0.9661565442317858	0.9705428615217881	0.967730253689293	0.9776487295357498	0.9788936706202138	0.9702782853829741	0.9705807644677771	0.9643339773766612
0.9752288101712467	0.9632326160324157	0.9700206105634531	0.9679926294829051	0.9683758945433271	0.9693703237774766	0.9802193678282752	0.9677478416097199	0.9655965705818754	0.9785017489628671	1.0	0.9878691219004659	0.9820122723709104	0.9760713757694051	0.959497801340605	0.9626650846516678	0.9817011340865314	0.966266568980847	0.9772377954527959	0.9641890204647111	0.982629274733342	0.9678589820755372	0.9717014660530828	0.9679456380158086	0.9721585651400677	0.9691750332320823	0.9695932132149137	0.9587830732929682	0.9742330947661821	0.9782288878638138	0.9691091454197309	0.9616339933986974	0.9819502369407666	0.9656894929907929	0.9730353724163309	0.9664756067185643	0.9802550786254267	0.9820154354362606	0.9717018211283299	0.9721880210992725	0.9643521819645848
0.9732264925576035	0.9634175841436156	0.9704600603308003	0.9686412537199763	0.970980307586964	0.9697817306296865	0.9787673352610474	0.9683326860293742	0.9658257045591677	0.9788185535184315	0.9878691219004659	1.0	0.9807685122750853	0.977391784859298	0.9585574329152808	0.9625211439876831	0.9797144122216577	0.96734285216375	0.9758707518079766	0.9640312848767817	0.9805566823306797	0.9712914009836895	0.9712243967641839	0.9686345258138348	0.970674599629586	0.9695567540830978	0.969776405739761	0.9580571213681632	0.9725636153076197	0.9769592864608132	0.9698045595415298	0.9617038208729985	0.9801459143266497	0.9655369249037928	0.9709519352792978	0.9678473551996745	0.9781341537633255	0.9807997692666021	0.971343855677132	0.9706385099273143	0.9646553251071093
0.9749295665502213	0.9631524575643466	0.970230216792812	0.9671236094951965	0.9664872796122407	0.9696333959768739	0.9810099031117523	0.9682290229454423	0.9651992824117858	0.9796381482266411	0.9820122723709104	0.9807685122750853	1.0	0.9783194469335819	0.9595119462497972	0.9639275880978494	0.982405743607555	0.9664038598016127	0.9812922433556104	0.9681688213985852	0.9835487941950479	0.967460608422632	0.9723859847125856	0.9669719441645345	0.9718660769338281	0.9695055567433728	0.9702781647610855	0.9592331503270219	0.9757228854756533	0.9795619018525422	0.9690141656451484	0.9619893246801546	0.9851641627305127	0.9659926623490048	0.975155729045099	0.9665445998358134	0.9844872139567196	0.9812903656738196	0.9721736290294117	0.9722021349914233	0.9649871656164399
0.9689290655558424	0.9657386564478322	0.9710131012403963	0.9700688407161724	0.9729817809226897	0.9704624345450164	0.9753749854990141	0.9697716210177248	0.9679463862855837	0.9753709931467703	0.9760713757694051	0.977391784859298	0.9783194469335819	1.0	0.9584694191145563	0.9633269356252322	0.9746536181774071	0.968492717368364	0.9725915770084647	0.9612578949814965	0.9751398481696433	0.9728100775480407	0.9717090751205023	0.9698181263675066	0.9700494558787144	0.9699379620233762	0.9701352589604522	0.9591767910851973	0.96819152215734	0.9723386594130413	0.9714184474999931	0.9615396589485687	0.9772521812525901	0.9665980104310082	0.967955503592189	0.969625830537078	0.9750955507768609	0.9750177434645295	0.9705782971708715	0.9668655857970869	0.9637584564311144
0.9549918338449572	0.9567912915236635	0.9665059732791983	0.9629887954141575	0.9596546089746777	0.9612635967395969	0.9573692878141582	0.9613336394457047	0.9596342310564822	0.9583210376223643	0.959497801340605	0.9585574329152808	0.9595119462497972	0.9584694191145563	1.0	0.9905878916116037	0.9577133603395394	0.9592724345850054	0.9550451249613036	0.9619656009866129	0.9580866389024629	0.9599234723501877	0.9636366191261072	0.9629330096407286	0.959008335847453	0.9617285863720322	0.9694642968196149	0.9698656838192421	0.9573668353940383	0.9535480506399335	0.9613616913863657	0.9540705831749174	0.9592224777658749	0.9633162748624147	0.9503483429965018	0.9622443906336225	0.9561173079735049	0.9573048694610866	0.9589560857241171	0.9516838776701255	0.9554526283257857
0.9583277825232854	0.9588950231637178	0.9696101112848096	0.9665754280077853	0.9621992895181197	0.9637408947982835	0.9608911070979904	0.9655882152417734	0.9622415708871832	0.9630913660686133	0.9626650846516678	0.9625211439876831	0.9639275880978494	0.9633269356252322	0.9905878916116037	1.0	0.9615949022434281	0.9632288469774563	0.9584295985594544	0.963709639804858	0.961810625536894	0.9631007686191714	0.9667432014102516	0.9660842912764044	0.9622705705691547	0.9644057013575258	0.9711469082247147	0.970244036844983	0.9576553960512499	0.9584040997721893	0.9654085047200224	0.9561715598994386	0.9636274850010559	0.9644116284314708	0.9516764809411381	0.9645132943568466	0.9591814086894831	0.961268110898804	0.9613807290801704	0.9560076463323134	0.9576937728887096
0.9740492081906441	0.9600928535367832	0.9678341916616314	0.965520913962825	0.9642662406667282	0.9681448103860594	0.9802848762949472	0.9654021905773942	0.9622869280578479	0.9797347206143606	0.9817011340865314	0.9797144122216577	0.982405743607555	0.9746536181774071	0.9577133603395394	0.9615949022434281	1.0	0.9644475333742107	0.9784570915526717	0.9644650806880676	0.9855281341044897	0.9648096496972741	0.9689193581805616	0.9653108395283766	0.9696458497176614	0.966404709013994	0.9683135060996532	0.956793109570312	0.9752769171393918	0.9782983005381081	0.9659851407013904	0.9584757056428973	0.982931505782388	0.9615655815058489	0.9734954904640207	0.9641876187409278	0.9817257498480083	0.9828507482979468	0.9692636713445826	0.9710536943426149	0.9624412362274486
0.9636980091206746	0.973187357904447	0.9694023933240208	0.9712354751370038	0.9713762465212887	0.9707232537102093	0.9645257312393004	0.9918766314371735	0.9922669436430163	0.9665899990096474	0.966266568980847	0.96734285216375	0.9664038598016127	0.968492717368364	0.9592724345850054	0.9632288469774563	0.9644475333742107	1.0	0.9626290864827779	0.9553623772071472	0.9647403083435506	0.96958958335783	0.9680198345522717	0.9707632460693384	0.9613009206716501	0.9706245781164131	0.9679563813932727	0.9596106327673964	0.9578351704067058	0.9618958087478705	0.9732591187094475	0.9635688288074561	0.9660992392208914	0.9641040946792216	0.9550979921509586	0.9728715225461165	0.9617637193699653	0.9637701446132879	0.9668254676721353	0.9606744911022046	0.9652416429948909
0.9701897001353726	0.9587403260023754	0.9650479671876337	0.962481318702937	0.9617399966516244	0.964181401666755	0.9769422348702076	0.9629747859855081	0.9605410258711274	0.9743268928951966	0.9772377954527959	0.9758707518079766	0.9812922433556104	0.9725915770084647	0.9550451249613036	0.9584295985594544	0.9784570915526717	0.9626290864827779	1.0	0.9624889380652322	0.978642189145743	0.9616031254140281	0.9667932209759982	0.9621183080995013	0.9660355474887694	0.9645931975831626	0.9655172900814968	0.9530892648780976	0.970362313303588	0.9748179674100511	0.9642922872585699	0.9574435132845199	0.9807794662302689	0.9592073887124914	0.9725273155305492	0.9615850043884193	0.9814578429696919	0.9756975578191173	0.9666592496683348	0.9669922583417354	0.9598983853613157
0.9597119331373428	0.9536602984731936	0.9611845223168554	0.956536511901888	0.9566842754549455	0.9571814977958196	0.9639674010038732	0.9561884543752457	0.955109867102245	0.9647272851437017	0.9641890204647111	0.9640312848767817	0.9681688213985852	0.9612578949814965	0.9619656009866129	0.963709639804858	0.9644650806880676	0.9553623772071472	0.9624889380652322	1.0	0.9657841708633452	0.9562875386676165	0.9620154324761409	0.956203255534964	0.9639641917371037	0.9564492329013552	0.9638884718656971	0.9621737560622384	0.9591455282947904	0.9625235470947073	0.9573865018553187	0.9531265801999853	0.965346168286297	0.961252446944073	0.9588681022359595	0.9579778231099698	0.9638661279383521	0.964585688244379	0.9582740583319772	0.9568696702479449	0.9527467692965308
0.9762574946655772	0.9605041547182174	0.9684710388714283	0.9659816768771664	0.9645577412462554	0.9680811006338904	0.9815503977049308	0.965540529712771	0.9631850270544715	0.9808212593326483	0.982629274733342	0.9805566823306797	0.9835487941950479	0.9751398481696433	0.9580866389024629	0.961810625536894	0.9855281341044897	0.9647403083435506	0.978642189145743	0.9657841708633452	1.0	0.9652066761241258	0.9711081839533673	0.9660683168493723	0.971956432900676	0.9677892414010352	0.968499155764812	0.957029021284736	0.9745919849572288	0.9802856491266173	0.9657214592556802	0.9598249898131406	0.9834115366936892	0.9635041661025799	0.9739634030575566	0.9652995231562499	0.9825734744134945	0.9824870177373137	0.9704349058436957	0.9725384211831474	0.9626469884676905
0.9635920271548339	0.9656136101652708	0.9711120847183511	0.9728919601995102	0.9757061732909889	0.9715829827820173	0.964136066615906	0.9698534478113614	0.9684126084363635	0.9707590194907627	0.9678589820755372	0.9712914009836895	0.967460608422632	0.9728100775480407	0.9599234723501877	0.9631007686191714	0.9648096496972741	0.96958958335783	0.9616031254140281	0.9562875386676165	0.9652066761241258	1.0	0.9722768672862864	0.9728027604554849	0.9648737436221102	0.9717187872024904	0.9693024458628424	0.9584862618702286	0.9602224196773674	0.9637851355009363	0.9738957045985746	0.9645010467407201	0.9666476396509728	0.967945520837221	0.9576035901303558	0.9714088899753134	0.963428845608206	0.9668858799987394	0.9691179919609988	0.9630064703497558	0.9652465420419354
0.970199480895948	0.9664809372027139	0.9727154408897655	0.9727534799803433	0.9710843048676018	0.9733941532991287	0.9682007875477207	0.9699357205965062	0.9685229541064588	0.9722240756765097	0.9717014660530828	0.9712243967641839	0.9723859847125856	0.9717090751205023	0.9636366191261072	0.9667432014102516	0.9689193581805616	0.9680198345522717	0.9667932209759982	0.9620154324761409	0.9711081839533673	0.9722768672862864	1.0	0.972744878454413	0.9694246327638434	0.9736193083881065	0.9727875714726011	0.9644729740397044	0.9657327378072856	0.9689354237417513	0.9734442682827272	0.9675260482063853	0.9712321837530694	0.9728591204018351	0.9653063749834624	0.9739985459938254	0.9700543259231289	0.9701026385132168	0.9732915240470684	0.968210492877987	0.9686420820355789
0.9645907342641394	0.9668695465466147	0.9740738422537872	0.9970412021466646	0.9707275429544061	0.976631110441901	0.9647386982872999	0.9718324425439452	0.9694270239028738	0.9688991237926331	0.9679456380158086	0.9686345258138348	0.9669719441645345	0.9698181263675066	0.9629330096407286	0.9660842912764044	0.9653108395283766	0.9707632460693384	0.9621183080995013	0.956203255534964	0.9660683168493723	0.9728027604554849	0.972744878454413	1.0	0.9623768677703094	0.9753191558470728	0.971070783868242	0.9596500710475235	0.9603469093786291	0.9628392106750888	0.974529601943419	0.9665828142461976	0.9676923347153472	0.9687555827684775	0.9550325899531269	0.9728262484409163	0.9638308888109327	0.9659805689790316	0.970298361772419	0.961631300395971	0.9663144730625729
0.9652701332945067	0.9607345070432025	0.9660305232199641	0.9627056209118112	0.9641781481231514	0.964303211786462	0.9707231058426498	0.9627164635655276	0.9615448297229795	0.9703933640419884	0.9721585651400677	0.970674599629586	0.9718660769338281	0.9700494558787144	0.959008335847453	0.9622705705691547	0.9696458497176614	0.9613009206716501	0.9660355474887694	0.9639641917371037	0.971956432900676	0.9648737436221102	0.9694246327638434	0.9623768677703094	1.0	0.9637510714972738	0.9687662472145898	0.9624263768537648	0.9661652958443927	0.9670089463428386	0.9646670053457589	0.9601748426272209	0.9703258564870465	0.9656383689170064	0.9641153956937955	0.9659309191503775	0.969716276535919	0.97057167172668	0.9658614862653843	0.9645285236919495	0.9606440641958439
0.9688641741574527	0.9689318429792512	0.9739467005536226	0.9754120841737298	0.9709683255532962	0.9817641033256322	0.9660677038520067	0.9720437403783021	0.9702010989714728	0.9693893477154291	0.9691750332320823	0.9695567540830978	0.9695055567433728	0.9699379620233762	0.9617285863720322	0.9644057013575258	0.966404709013994	0.9706245781164131	0.9645931975831626	0.9564492329013552	0.9677892414010352	0.9717187872024904	0.9736193083881065	0.9753191558470728	0.9637510714972738	1.0	0.9726493982714538	0.959006031918679	0.9625295227479106	0.9645854169149298	0.9758106646098772	0.9711563506061377	0.9697593779781755	0.9782439067304735	0.9583595963195713	0.9738731303788553	0.9664508853073405	0.9668305855253956	0.9693896149298024	0.9635686977068338	0.9685515009711064
0.9677365114296885	0.9657991092239796	0.9721777201910191	0.9709231999099667	0.9705724677635827	0.9733614813935982	0.9681660965606678	0.9695789997559802	0.9681862453023325	0.970516851622583	0.9695932132149137	0.969776405739761	0.9702781647610855	0.9701352589604522	0.9694642968196149	0.9711469082247147	0.9683135060996532	0.9679563813932727	0.9655172900814968	0.9638884718656971	0.968499155764812	0.9693024458628424	0.9727875714726011	0.971070783868242	0.9687662472145898	0.9726493982714538	1.0	0.9681049440816235	0.9661498248650717	0.9651962307005721	0.9720942284983456	0.9678779985687875	0.9701233509311087	0.9735623769462876	0.9626671978248588	0.9728484197603363	0.9674766648523948	0.968907031564954	0.9688311443776519	0.9644411266975047	0.9658555537567163
0.9535350620784855	0.9579882486442128	0.963060760100911	0.9590794040221539	0.9598228858535907	0.9600079785991854	0.9567929775788405	0.9613715431507839	0.9597753883180342	0.9592716386534083	0.9587830732929682	0.9580571213681632	0.9592331503270219	0.9591767910851973	0.9698656838192421	0.970244036844983	0.956793109570312	0.9596106327673964	0.9530892648780976	0.9621737560622384	0.957029021284736	0.9584862618702286	0.9644729740397044	0.9596500710475235	0.9624263768537648	0.959006031918679	0.9681049440816235	1.0	0.955168735288439	0.9543462396271396	0.9598457708789607	0.9559174923564222	0.9587539486095666	0.9661705046196132	0.95408199675993	0.9629486503613766	0.9562436231417514	0.9560223937424822	0.9578258847662439	0.9548561119108696	0.9547809375095444
0.9690673309002092	0.9568994385186044	0.962923036078216	0.9600884480366115	0.962870232660577	0.9619019569036972	0.9738951570394129	0.9596225202693555	0.9574126367377233	0.9714100590279662	0.9742330947661821	0.9725636153076197	0.9757228854756533	0.96819152215734	0.9573668353940383	0.9576553960512499	0.9752769171393918	0.9578351704067058	0.970362313303588	0.9591455282947904	0.9745919849572288	0.9602224196773674	0.9657327378072856	0.9603469093786291	0.9661652958443927	0.9625295227479106	0.9661498248650717	0.955168735288439	1.0	0.9731523602110007	0.9610404734132483	0.9566076220740378	0.9750318940728095	0.961451760423434	0.9711782884970409	0.9609789940434399	0.9771935312562259	0.9735107572592567	0.9660534891792245	0.9646624098770399	0.9604929078792441
0.9716347188963989	0.9593237350372277	0.9651945963445824	0.9635559181486535	0.9637044505161158	0.9653165075411421	0.9762799086459797	0.9638007904408552	0.9610063411132708	0.9761202831441078	0.9782288878638138	0.9769592864608132	0.9795619018525422	0.9723386594130413	0.9535480506399335	0.9584040997721893	0.9782983005381081	0.9618958087478705	0.9748179674100511	0.9625235470947073	0.9802856491266173	0.9637851355009363	0.9689354237417513	0.9628392106750888	0.9670089463428386	0.9645854169149298	0.9651962307005721	0.9543462396271396	0.9731523602110007	1.0	0.9658533553440106	0.9599152837632756	0.9792038443114746	0.9616154225372978	0.9699769677570929	0.964234460362528	0.9787697002045331	0.9774153157741283	0.9687074635016273	0.9693743776332503	0.9622082001106942
0.9664111962578182	0.9697305013859842	0.9730257396277615	0.9745390039995563	0.9724861047459136	0.9760924722346391	0.9657555244547475	0.9741831011183294	0.9720395205837932	0.9702385903121902	0.9691091454197309	0.9698045595415298	0.9690141656451484	0.9714184474999931	0.9613616913863657	0.9654085047200224	0.9659851407013904	0.9732591187094475	0.9642922872585699	0.9573865018553187	0.9657214592556802	0.9738957045985746	0.9734442682827272	0.974529601943419	0.9646670053457589	0.9758106646098772	0.9720942284983456	0.9598457708789607	0.9610404734132483	0.9658533553440106	1.0	0.9679991548705377	0.9682081285319554	0.9705181513663343	0.9567902040881288	0.9811038640688539	0.9645308889452888	0.9667736222599091	0.9708951584927232	0.965714510404897	0.9713914397235007
0.960442629614368	0.9629538195063908	0.9660877373547068	0.9659753694701368	0.9644934189835414	0.9713118356870459	0.9586480352433676	0.9633637769330433	0.9646633355266256	0.9606791967111239	0.9616339933986974	0.9617038208729985	0.9619893246801546	0.9615396589485687	0.9540705831749174	0.9561715598994386	0.9584757056428973	0.9635688288074561	0.9574435132845199	0.9531265801999853	0.9598249898131406	0.9645010467407201	0.9675260482063853	0.9665828142461976	0.9601748426272209	0.9711563506061377	0.9678779985687875	0.9559174923564222	0.9566076220740378	0.9599152837632756	0.9679991548705377	1.0	0.9607336634205202	0.9677731228204981	0.9561989220812114	0.969431818185229	0.960193454755301	0.9603498035832188	0.9634859903190113	0.956543975674565	0.9626336746779618
0.9755185058728112	0.9623379689498862	0.9700316689183149	0.967948104658436	0.9659415498804773	0.9699147496143947	0.9816149640766403	0.9672459497511315	0.9642859347447211	0.9794458513065659	0.9819502369407666	0.9801459143266497	0.9851641627305127	0.9772521812525901	0.9592224777658749	0.9636274850010559	0.982931505782388	0.9660992392208914	0.9807794662302689	0.965346168286297	0.9834115366936892	0.9666476396509728	0.9712321837530694	0.9676923347153472	0.9703258564870465	0.9697593779781755	0.9701233509311087	0.9587539486095666	0.9750318940728095	0.9792038443114746	0.9682081285319554	0.9607336634205202	1.0	0.9652874580595825	0.9758791592278752	0.9663911742714	0.9894298993515014	0.9814512147112071	0.9718772360018609	0.9719139294565206	0.9627619738326729
0.9641779665664467	0.9639341146389304	0.9694432959188156	0.9689956392921988	0.9686771145336395	0.9730693598149112	0.9632941031574815	0.9650963433783571	0.9660370109467684	0.9661565442317858	0.9656894929907929	0.9655369249037928	0.9659926623490048	0.9665980104310082	0.9633162748624147	0.9644116284314708	0.9615655815058489	0.9641040946792216	0.9592073887124914	0.961252446944073	0.9635041661025799	0.967945520837221	0.9728591204018351	0.9687555827684775	0.9656383689170064	0.9782439067304735	0.9735623769462876	0.9661705046196132	0.961451760423434	0.9616154225372978	0.9705181513663343	0.9677731228204981	0.9652874580595825	1.0	0.9616194195994665	0.9727380778638227	0.9636999279458646	0.9639148385110111	0.9678250632036364	0.9608128208406199	0.9645180880560038
0.9683789921419619	0.9533685610664983	0.9581703973360768	0.9552061933941481	0.9605629467101038	0.9591750146457639	0.9731683518639972	0.955152896271374	0.9559864571716938	0.9705428615217881	0.9730353724163309	0.9709519352792978	0.975155729045099	0.967955503592189	0.9503483429965018	0.9516764809411381	0.9734954904640207	0.9550979921509586	0.9725273155305492	0.9588681022359595	0.9739634030575566	0.9576035901303558	0.9653063749834624	0.9550325899531269	0.9641153956937955	0.9583595963195713	0.9626671978248588	0.95408199675993	0.9711782884970409	0.9699769677570929	0.9567902040881288	0.9561989220812114	0.9758791592278752	0.9616194195994665	1.0	0.9586722366778444	0.980780461396457	0.973959559535515	0.9638562211456368	0.9648577318326542	0.9562455948105295
0.9659664470937134	0.973001462158228	0.9713549483603012	0.9727478804482558	0.9741105451865629	0.9739534136588468	0.9638590311698093	0.9731872299844886	0.9750029535272593	0.967730253689293	0.9664756067185643	0.9678473551996745	0.9665445998358134	0.969625830537078	0.9622443906336225	0.9645132943568466	0.9641876187409278	0.9728715225461165	0.9615850043884193	0.9579778231099698	0.9652995231562499	0.9714088899753134	0.9739985459938254	0.9728262484409163	0.9659309191503775	0.9738731303788553	0.9728484197603363	0.9629486503613766	0.9609789940434399	0.964234460362528	0.9811038640688539	0.969431818185229	0.9663911742714	0.9727380778638227	0.9586722366778444	1.0	0.9635803437423137	0.96697167687428	0.9695781896899907	0.9619599571831656	0.9677907350138087
0.9747910915846899	0.9592130659573421	0.9661377890374555	0.9636567082381715	0.963822256327778	0.9659504645247612	0.9810377116987858	0.9630178057355024	0.9619403871641464	0.9776487295357498	0.9802550786254267	0.9781341537633255	0.9844872139567196	0.9750955507768609	0.9561173079735049	0.9591814086894831	0.9817257498480083	0.9617637193699653	0.9814578429696919	0.9638661279383521	0.9825734744134945	0.963428845608206	0.9700543259231289	0.9638308888109327	0.969716276535919	0.9664508853073405	0.9674766648523948	0.9562436231417514	0.9771935312562259	0.9787697002045331	0.9645308889452888	0.960193454755301	0.9894298993515014	0.9636999279458646	0.980780461396457	0.9635803437423137	1.0	0.9809403414344365	0.9696919273002637	0.9716833459615153	0.9617470826257978
0.9736266746312772	0.9612012241722414	0.9666080276966678	0.9661547832649338	0.9670116442080557	0.9675635224290122	0.9787462589037285	0.9652337326847561	0.9628417007134947	0.9788936706202138	0.9820154354362606	0.9807997692666021	0.9812903656738196	0.9750177434645295	0.9573048694610866	0.961268110898804	0.9828507482979468	0.9637701446132879	0.9756975578191173	0.964585688244379	0.9824870177373137	0.9668858799987394	0.9701026385132168	0.9659805689790316	0.97057167172668	0.9668305855253956	0.968907031564954	0.9560223937424822	0.9735107572592567	0.9774153157741283	0.9667736222599091	0.9603498035832188	0.9814512147112071	0.9639148385110111	0.973959559535515	0.96697167687428	0.9809403414344365	1.0	0.9701680247474532	0.9715201754239046	0.9611562352597328
0.9666662203856782	0.9655420183850668	0.9697621507172981	0.970158438711198	0.9699830100228307	0.9701974226202121	0.9681660965606678	0.9684750382845072	0.9664325675082867	0.9702782853829741	0.9717018211283299	0.971343855677132	0.9721736290294117	0.9705782971708715	0.9589560857241171	0.9613807290801704	0.9692636713445826	0.9668254676721353	0.9666592496683348	0.9582740583319772	0.9704349058436957	0.9691179919609988	0.9732915240470684	0.970298361772419	0.9658614862653843	0.9693896149298024	0.9688311443776519	0.9578258847662439	0.9660534891792245	0.9687074635016273	0.9708951584927232	0.9634859903190113	0.9718772360018609	0.9678250632036364	0.9638562211456368	0.9695781896899907	0.9696919273002637	0.9701680247474532	1.0	0.9653179493066076	0.9660071797312627
0.969857814583374	0.9571450270287553	0.96426983604991	0.9617616552630185	0.9627727551978641	0.9635989709113187	0.9699211756875439	0.9616363996159608	0.959436612706325	0.9705807644677771	0.9721880210992725	0.9706385099273143	0.9722021349914233	0.9668655857970869	0.9516838776701255	0.9560076463323134	0.9710536943426149	0.9606744911022046	0.9669922583417354	0.9568696702479449	0.9725384211831474	0.9630064703497558	0.968210492877987	0.961631300395971	0.9645285236919495	0.9635686977068338	0.9644411266975047	0.9548561119108696	0.9646624098770399	0.9693743776332503	0.965714510404897	0.956543975674565	0.9719139294565206	0.9608128208406199	0.9648577318326542	0.9619599571831656	0.9716833459615153	0.9715201754239046	0.9653179493066076	1.0	0.960851348439316
0.9613967878484726	0.9622083879885831	0.9662977926238423	0.9660830756840284	0.9661334179675626	0.9679129099783199	0.961043746691064	0.9665454336146465	0.9644414686969948	0.9643339773766612	0.9643521819645848	0.9646553251071093	0.9649871656164399	0.9637584564311144	0.9554526283257857	0.9576937728887096	0.9624412362274486	0.9652416429948909	0.9598983853613157	0.9527467692965308	0.9626469884676905	0.9652465420419354	0.9686420820355789	0.9663144730625729	0.9606440641958439	0.9685515009711064	0.9658555537567163	0.9547809375095444	0.9604929078792441	0.9622082001106942	0.9713914397235007	0.9626336746779618	0.9627619738326729	0.9645180880560038	0.9562455948105295	0.9677907350138087	0.9617470826257978	0.9611562352597328	0.9660071797312627	0.960851348439316	1.0
