/home/jshaw/scratch/2022_sketched_distance/references/SGB_genome_fastas_part2/2229/BritoIL_2016__M1.22.ST__bin.48.fa	/home/jshaw/scratch/2022_sketched_distance/references/SGB_genome_fastas_part2/2229/BritoIL_2016__W1.2.ST__bin.113.fa	/home/jshaw/scratch/2022_sketched_distance/references/SGB_genome_fastas_part2/2229/BritoIL_2016__W1.53.ST__bin.9.fa	/home/jshaw/scratch/2022_sketched_distance/references/SGB_genome_fastas_part2/2229/CM_madagascar__A27_02_1FE__bin.15.fa	/home/jshaw/scratch/2022_sketched_distance/references/SGB_genome_fastas_part2/2229/CM_madagascar__V06_02_1FE__bin.13.fa	/home/jshaw/scratch/2022_sketched_distance/references/SGB_genome_fastas_part2/2229/CosteaPI_2017__SID713A028-11-0-0__bin.34.fa	/home/jshaw/scratch/2022_sketched_distance/references/SGB_genome_fastas_part2/2229/CosteaPI_2017__SID713A028-11-90-0__bin.62.fa	/home/jshaw/scratch/2022_sketched_distance/references/SGB_genome_fastas_part2/2229/CosteaPI_2017__SID713A053-11-0-0__bin.28.fa	/home/jshaw/scratch/2022_sketched_distance/references/SGB_genome_fastas_part2/2229/FengQ_2015__SID530840__bin.75.fa	/home/jshaw/scratch/2022_sketched_distance/references/SGB_genome_fastas_part2/2229/HeQ_2017__SZAXPI029560-51__bin.43.fa	/home/jshaw/scratch/2022_sketched_distance/references/SGB_genome_fastas_part2/2229/LeChatelierE_2013__MH0407__bin.34.fa	/home/jshaw/scratch/2022_sketched_distance/references/SGB_genome_fastas_part2/2229/LiJ_2014__MH0328__bin.50.fa	/home/jshaw/scratch/2022_sketched_distance/references/SGB_genome_fastas_part2/2229/LiJ_2014__MH0354__bin.3.fa	/home/jshaw/scratch/2022_sketched_distance/references/SGB_genome_fastas_part2/2229/LiJ_2017__H2M513938__bin.39.fa	/home/jshaw/scratch/2022_sketched_distance/references/SGB_genome_fastas_part2/2229/LiSS_2016__FAT_006-22-0-0__bin.61.fa	/home/jshaw/scratch/2022_sketched_distance/references/SGB_genome_fastas_part2/2229/LiSS_2016__FAT_006-22-42-0__bin.55.fa	/home/jshaw/scratch/2022_sketched_distance/references/SGB_genome_fastas_part2/2229/LiSS_2016__FAT_006-22-84-0__bin.37.fa	/home/jshaw/scratch/2022_sketched_distance/references/SGB_genome_fastas_part2/2229/LiuW_2016__SRR3992967__bin.73.fa	/home/jshaw/scratch/2022_sketched_distance/references/SGB_genome_fastas_part2/2229/LiuW_2016__SRR3992994__bin.26.fa	/home/jshaw/scratch/2022_sketched_distance/references/SGB_genome_fastas_part2/2229/RampelliS_2015__H15__bin.31.fa	/home/jshaw/scratch/2022_sketched_distance/references/SGB_genome_fastas_part2/2229/RampelliS_2015__H16__bin.35.fa	/home/jshaw/scratch/2022_sketched_distance/references/SGB_genome_fastas_part2/2229/RampelliS_2015__H1__bin.27.fa	/home/jshaw/scratch/2022_sketched_distance/references/SGB_genome_fastas_part2/2229/RampelliS_2015__H20__bin.28.fa	/home/jshaw/scratch/2022_sketched_distance/references/SGB_genome_fastas_part2/2229/RampelliS_2015__H27__bin.12.fa	/home/jshaw/scratch/2022_sketched_distance/references/SGB_genome_fastas_part2/2229/RampelliS_2015__H9__bin.17.fa	/home/jshaw/scratch/2022_sketched_distance/references/SGB_genome_fastas_part2/2229/SchirmerM_2016__G89274__bin.21.fa	/home/jshaw/scratch/2022_sketched_distance/references/SGB_genome_fastas_part2/2229/VincentC_2016__MM100.1__bin.9.fa	/home/jshaw/scratch/2022_sketched_distance/references/SGB_genome_fastas_part2/2229/XieH_2016__YSZC12003_36033__bin.88.fa	/home/jshaw/scratch/2022_sketched_distance/references/SGB_genome_fastas_part2/2229/XieH_2016__YSZC12003_36034__bin.76.fa	/home/jshaw/scratch/2022_sketched_distance/references/SGB_genome_fastas_part2/2229/XieH_2016__YSZC12003_37208R1__bin.49.fa	/home/jshaw/scratch/2022_sketched_distance/references/SGB_genome_fastas_part2/2229/XieH_2016__YSZC12003_37315__bin.25.fa	/home/jshaw/scratch/2022_sketched_distance/references/SGB_genome_fastas_part2/2229/ZeeviD_2015__PNP_Main_215__bin.19.fa	/home/jshaw/scratch/2022_sketched_distance/references/SGB_genome_fastas_part2/2229/ZeeviD_2015__PNP_Main_379__bin.36.fa	/home/jshaw/scratch/2022_sketched_distance/references/SGB_genome_fastas_part2/2229/ZeeviD_2015__PNP_Main_443__bin.23.fa	/home/jshaw/scratch/2022_sketched_distance/references/SGB_genome_fastas_part2/2229/ZeeviD_2015__PNP_Main_479__bin.30.fa	/home/jshaw/scratch/2022_sketched_distance/references/SGB_genome_fastas_part2/2229/ZeeviD_2015__PNP_Main_764__bin.27.fa	/home/jshaw/scratch/2022_sketched_distance/references/SGB_genome_fastas_part2/2229/ZeeviD_2015__PNP_Validation_15__bin.31.fa	/home/jshaw/scratch/2022_sketched_distance/references/SGB_genome_fastas_part2/2229/ZellerG_2014__CCIS36797902ST-4-0__bin.4.fa
1.0	0.970134610323575	0.9805042428317466	0.9799044908829653	0.9798588850932698	0.9793565901109217	0.9796693451681234	0.972015782335175	0.979714968510356	0.9797130464367992	0.9745917291492362	0.9775397679348394	0.9784500509507181	0.9796879690582733	0.9797319757097745	0.9796544601425196	0.9796918919584305	0.977690970355973	0.977537721795848	0.9717935558319852	0.9724714748283599	0.976927646941622	0.9770201538094437	0.9756422367948883	0.9762758381146005	0.9795223972682133	0.9770624554151733	0.9789107105247021	0.9788797592756127	0.9779920994984961	0.9718410867642888	0.9786117495122479	0.9780011499915865	0.9802367245845273	0.9802077990949395	0.9796526112028036	0.9801960645488066	0.970041132023558
0.970134610323575	1.0	0.970447595301356	0.9716532024624718	0.9694496521270526	0.9714930956264423	0.9716270819622347	0.9717025824061187	0.9709186779006066	0.9701942416180771	0.9715387488741609	0.9703632108090317	0.9706445084789495	0.9719052353496302	0.9717738257990921	0.972484390464547	0.9727654021735667	0.9711799746471861	0.9700180962528009	0.969645380457458	0.9656304779928127	0.9683723363831015	0.9684905978264438	0.9673588493932166	0.9699084313483085	0.971722142037863	0.9718029621599302	0.9716983432493342	0.970587067448977	0.9690393245468006	0.9751064179062348	0.9716344091635879	0.9711920864862618	0.9706894510632689	0.9702887577086023	0.9706401209455884	0.9712595796838985	0.9582451358506886
0.9805042428317466	0.970447595301356	1.0	0.9841172743677362	0.9856448896460324	0.9843000997181801	0.9840393732795222	0.9760977293550888	0.9833388763030043	0.9845614842205856	0.9781254938126351	0.9829085151632886	0.9834752983079026	0.9850081584635557	0.9847276152999779	0.9843643497634951	0.9848895304784168	0.983693042215103	0.982860121827619	0.9729966256782792	0.9764763860246257	0.9828127313487734	0.9830549073672785	0.9799875235391293	0.9795113481165766	0.9840081249847041	0.9810453091711621	0.9829731064367592	0.982532664536361	0.983237638875006	0.9746248537331095	0.984150450969409	0.9829375554688593	0.9847741348637242	0.9846347687500878	0.9838924627095982	0.9849183943887179	0.9737888218081706
0.9799044908829653	0.9716532024624718	0.9841172743677362	1.0	0.9845297489623074	0.984147309453288	0.9841409377433874	0.975500301167862	0.9845038240957705	0.9843175537840423	0.9795388339739326	0.98358389919113	0.9838909023793148	0.9841481839565485	0.9838751038866695	0.9835879535009678	0.9839892854494253	0.9833290459347781	0.982253382495455	0.975735471977382	0.9773754611233897	0.981736053421562	0.9819424830838798	0.9811301219272043	0.9821350419201164	0.9838510444405588	0.9819628678967636	0.9830901915655944	0.982780914766958	0.9841495230185565	0.9748549525292709	0.9831043385731949	0.9843065076185317	0.9838577275421081	0.9837377945511017	0.9839487985684562	0.9839920600114187	0.973664498761929
0.9798588850932698	0.9694496521270526	0.9856448896460324	0.9845297489623074	1.0	0.983333170834096	0.9835571567154785	0.9752761059227488	0.9828239499083102	0.9855523022959058	0.9777720127007263	0.9823775362798688	0.9828610727785814	0.9848988754837633	0.983751016821838	0.9833590121626026	0.9837735399030866	0.9836167483472594	0.9826511975111377	0.9738621062155847	0.9762464698061918	0.9830306394297935	0.982781318555078	0.9794779626348189	0.9800263743931346	0.9830727681037125	0.980238882520154	0.9834194085212401	0.9832450001100091	0.9827676310231359	0.9744365545882009	0.9825455964706312	0.9819200047788778	0.9840792058160085	0.9837897796451388	0.9831290416850016	0.9852589452415911	0.9732153653422317
0.9793565901109217	0.9714930956264423	0.9843000997181801	0.984147309453288	0.983333170834096	1.0	0.9994942462055597	0.9752615461470203	0.9827804280204103	0.9844207665650264	0.9790804060925431	0.9829772803257363	0.9838787527931295	0.9846587557652536	0.984655686834794	0.984346473199213	0.9847737089795671	0.9836123353153134	0.9829332487511805	0.9742347509491942	0.9768887565826249	0.9824592117860347	0.9826383599041031	0.9809157687620548	0.9802728205036426	0.9841643672181827	0.9817302938321214	0.9841836755649765	0.9837625089718761	0.9834689352069353	0.9747477802807273	0.9836373711725637	0.983246102195983	0.9838132006240894	0.983697550619373	0.9837033537824363	0.98432681143345	0.9739146013609873
0.9796693451681234	0.9716270819622347	0.9840393732795222	0.9841409377433874	0.9835571567154785	0.9994942462055597	1.0	0.9753896453287147	0.9826959011827247	0.9844803690505327	0.97920140284612	0.9828778634219498	0.983748225423707	0.984637915398931	0.9844837356044626	0.9842892805976279	0.9846004820936755	0.9835691912712873	0.982885390252674	0.9744142247719918	0.9771120827074942	0.9824974044663989	0.98257425787434	0.9808418428820095	0.9803276743755438	0.9840555617862661	0.9815506752052093	0.9840081396631682	0.9838703772023469	0.9833592235153131	0.974877752119502	0.9836638612965601	0.9832184899468539	0.9838393672661958	0.9837232748891498	0.9837785481018848	0.9845864814145884	0.9739287006085523
0.972015782335175	0.9717025824061187	0.9760977293550888	0.975500301167862	0.9752761059227488	0.9752615461470203	0.9753896453287147	1.0	0.9753059086230034	0.974951026021001	0.980301582187656	0.9752917369041837	0.9776822474108507	0.9758679190323338	0.9865791816222484	0.986214117428131	0.9867995894123801	0.9800474067243627	0.9751396004350047	0.9787691549988509	0.9709523957718215	0.9737349428600622	0.973925875874591	0.9725481682004956	0.9733468364245452	0.9834405766807839	0.9745005987421093	0.9767018021582184	0.9756320417409152	0.9773490055708207	0.9712677233723287	0.9826361476735105	0.9748327445524225	0.9773223513140668	0.9772169390453728	0.9774954685185567	0.9761067348751684	0.9669154727359905
0.979714968510356	0.9709186779006066	0.9833388763030043	0.9845038240957705	0.9828239499083102	0.9827804280204103	0.9826959011827247	0.9753059086230034	1.0	0.9835306827168303	0.980354633652283	0.9839646814415015	0.9832151584363057	0.983307842502635	0.9846250439080133	0.9844195634380086	0.9849146318305861	0.9837393778214457	0.9821380000652546	0.9738836449416	0.9766683629778091	0.9808432512360632	0.9811187532261314	0.9793719202405617	0.9805051238041002	0.9844771598856694	0.9823804628003255	0.9837521914941069	0.9833444691939954	0.9844965049304839	0.9729252567649268	0.984797144289592	0.984489278970342	0.9844769717932055	0.9843174233073506	0.9846411013636538	0.9830155289813902	0.9737119149948462
0.9797130464367992	0.9701942416180771	0.9845614842205856	0.9843175537840423	0.9855523022959058	0.9844207665650264	0.9844803690505327	0.974951026021001	0.9835306827168303	1.0	0.97794084601425	0.9819082468627766	0.9831580177718535	0.9870940404198714	0.9841029563857198	0.9837737355295068	0.9839900946062241	0.9836567776983505	0.982619838824597	0.974371988294073	0.9761132235944627	0.9844768609580504	0.9845702635515785	0.979425972329665	0.9799086921951753	0.983767115670529	0.9800095459281498	0.9831961085373401	0.9830962168659041	0.9825640265427638	0.9744142471084691	0.9831222477721592	0.9824863049260752	0.9835837999079912	0.9833611638166406	0.9828748415634604	0.9856717879253271	0.9726696645404199
0.9745917291492362	0.9715387488741609	0.9781254938126351	0.9795388339739326	0.9777720127007263	0.9790804060925431	0.97920140284612	0.980301582187656	0.980354633652283	0.97794084601425	1.0	0.9798428185357572	0.9789093087180645	0.978918382702163	0.9804739546452401	0.9801570755283074	0.9808104296366156	0.9791763784883947	0.9780928520067191	0.9775710962746939	0.9726108143378575	0.9760765579323476	0.97622002833197	0.9759188897868355	0.9770403485944306	0.9802920231140083	0.9784808707722906	0.9802913954650743	0.9796198365280863	0.9801452945134674	0.9730405623975462	0.9801009236087427	0.9800604858257274	0.9799643009834232	0.9798903027878827	0.9797982999035753	0.9774485384335878	0.9692806903732121
0.9775397679348394	0.9703632108090317	0.9829085151632886	0.98358389919113	0.9823775362798688	0.9829772803257363	0.9828778634219498	0.9752917369041837	0.9839646814415015	0.9819082468627766	0.9798428185357572	1.0	0.9839194042995755	0.9828462062517729	0.9839566675760666	0.9834996378005536	0.9839829182074821	0.9828690603588582	0.9815292070211921	0.9728515116178122	0.9756690092604392	0.980422741670032	0.9804468392786583	0.97978910043966	0.9796171559557888	0.9839505775889981	0.9806211975198196	0.9831399467568597	0.9829667882741826	0.9840428657584138	0.9729952586574128	0.9834769517077131	0.9827548312108327	0.9837053837549705	0.9835469976801423	0.9835035384343993	0.981408779361432	0.9720579652150394
0.9784500509507181	0.9706445084789495	0.9834752983079026	0.9838909023793148	0.9828610727785814	0.9838787527931295	0.983748225423707	0.9776822474108507	0.9832151584363057	0.9831580177718535	0.9789093087180645	0.9839194042995755	1.0	0.984266317031148	0.9850356609279309	0.9847463601630368	0.9849688476093843	0.9842245139525175	0.9817124927529813	0.9752121970455997	0.9756426090721844	0.9812722658437815	0.9813172812677597	0.9798255666435564	0.9802022440740881	0.984179934255804	0.9807988123409918	0.9828805142404371	0.9825810850766543	0.9830812891154326	0.9737062663290995	0.984385478062233	0.9827119274647323	0.9846527913944715	0.9844742974259812	0.9832085912347448	0.9833711611439868	0.973819211815878
0.9796879690582733	0.9719052353496302	0.9850081584635557	0.9841481839565485	0.9848988754837633	0.9846587557652536	0.984637915398931	0.9758679190323338	0.983307842502635	0.9870940404198714	0.978918382702163	0.9828462062517729	0.984266317031148	1.0	0.9841890255769882	0.9836695824425516	0.9840381713085895	0.9839262283679878	0.9833011297053751	0.9750150862020595	0.9770283925411681	0.9844513722913207	0.9844122943068735	0.9800354639636932	0.9804593516636126	0.9836640065354681	0.9815318264646077	0.9835993998557011	0.9832750202623696	0.9834197995737289	0.9753445642886666	0.9836122753824833	0.9827655881648634	0.9845368531254663	0.9843639738038006	0.9843043176347713	0.9845615270728886	0.9741672627040325
0.9797319757097745	0.9717738257990921	0.9847276152999779	0.9838751038866695	0.983751016821838	0.984655686834794	0.9844837356044626	0.9865791816222484	0.9846250439080133	0.9841029563857198	0.9804739546452401	0.9839566675760666	0.9850356609279309	0.9841890255769882	1.0	0.9990905473203671	0.9991093596706969	0.9886903296369415	0.9832070545747104	0.9738986954173763	0.9770182671233157	0.9821490852059954	0.9820652193907531	0.9805955734749596	0.9799779536330975	0.9933328537938289	0.9816163833467281	0.9846556412256663	0.9842864668954918	0.9846862166528272	0.9741699860277242	0.9916052040359433	0.9838526950931846	0.9867270416152055	0.9865742601823142	0.986161937382508	0.9838517013525943	0.9744950826313585
0.9796544601425196	0.972484390464547	0.9843643497634951	0.9835879535009678	0.9833590121626026	0.984346473199213	0.9842892805976279	0.986214117428131	0.9844195634380086	0.9837737355295068	0.9801570755283074	0.9834996378005536	0.9847463601630368	0.9836695824425516	0.9990905473203671	1.0	0.998876016045472	0.9881759179632846	0.9833691468303067	0.9739734868833541	0.9767206652072445	0.981955272881246	0.9819255033410015	0.9800947230896329	0.9801483044845	0.9931355303531174	0.9818580704814238	0.9844010055442165	0.9839260520292761	0.9840377149513573	0.973909542940956	0.9917218298517259	0.9834878152277602	0.986605232346483	0.9864833675222621	0.9857477862329407	0.9837986142654331	0.9745506273299145
0.9796918919584305	0.9727654021735667	0.9848895304784168	0.9839892854494253	0.9837735399030866	0.9847737089795671	0.9846004820936755	0.9867995894123801	0.9849146318305861	0.9839900946062241	0.9808104296366156	0.9839829182074821	0.9849688476093843	0.9840381713085895	0.9991093596706969	0.998876016045472	1.0	0.9889028468547235	0.9836398441798442	0.9742430928878504	0.9772663899483109	0.9820567045861327	0.9824354010548676	0.9807475491402164	0.9804622957586094	0.9928332800698915	0.9820181141419034	0.984922021953718	0.9845243929710433	0.9847900463854768	0.9745299508050448	0.9917593650371457	0.9841487212126773	0.9866226159037161	0.9864841865308116	0.9863480242543402	0.9840024801618847	0.9748440526694326
0.977690970355973	0.9711799746471861	0.983693042215103	0.9833290459347781	0.9836167483472594	0.9836123353153134	0.9835691912712873	0.9800474067243627	0.9837393778214457	0.9836567776983505	0.9791763784883947	0.9828690603588582	0.9842245139525175	0.9839262283679878	0.9886903296369415	0.9881759179632846	0.9889028468547235	1.0	0.9840636028518769	0.973710339964816	0.9773197940568035	0.981648058901781	0.9818029795804323	0.9793993103683453	0.97994073427476	0.988071922473075	0.9810561509755628	0.9841628674875094	0.9839275755390002	0.9836375634678893	0.9732345157111034	0.9876062651788059	0.9829898770451038	0.9846206895651889	0.9845344129317638	0.9854818979122191	0.9833375270453515	0.9734222206576202
0.977537721795848	0.9700180962528009	0.982860121827619	0.982253382495455	0.9826511975111377	0.9829332487511805	0.982885390252674	0.9751396004350047	0.9821380000652546	0.982619838824597	0.9780928520067191	0.9815292070211921	0.9817124927529813	0.9833011297053751	0.9832070545747104	0.9833691468303067	0.9836398441798442	0.9840636028518769	1.0	0.9734324186377096	0.9765122017545205	0.9808861586519035	0.980775411134189	0.9785559622511982	0.9794834315569202	0.9828944790499088	0.9807328848750426	0.9826248580455516	0.9821285157925819	0.9812401954998091	0.9727972829870892	0.9827608453673512	0.981353669145698	0.9824769278299096	0.9821400468085901	0.9821822760339183	0.9822162919350164	0.9734109791807546
0.9717935558319852	0.969645380457458	0.9729966256782792	0.975735471977382	0.9738621062155847	0.9742347509491942	0.9744142247719918	0.9787691549988509	0.9738836449416	0.974371988294073	0.9775710962746939	0.9728515116178122	0.9752121970455997	0.9750150862020595	0.9738986954173763	0.9739734868833541	0.9742430928878504	0.973710339964816	0.9734324186377096	1.0	0.9721513463016055	0.9740090064760424	0.9740554739378827	0.9742355207550674	0.9878027606034411	0.9743075588746273	0.975727183093914	0.9746367682403926	0.9739992156651619	0.9731540004895682	0.9703736766420038	0.973577260085023	0.9741156714315444	0.9740312364354603	0.9738696276806973	0.9737256289469255	0.974584119374763	0.9679839960828116
0.9724714748283599	0.9656304779928127	0.9764763860246257	0.9773754611233897	0.9762464698061918	0.9768887565826249	0.9771120827074942	0.9709523957718215	0.9766683629778091	0.9761132235944627	0.9726108143378575	0.9756690092604392	0.9756426090721844	0.9770283925411681	0.9770182671233157	0.9767206652072445	0.9772663899483109	0.9773197940568035	0.9765122017545205	0.9721513463016055	1.0	0.9769819711511543	0.9770478022126576	0.9784983326065115	0.9777312180340829	0.97647896985896	0.9768310654053515	0.9770581077675121	0.9765247210045459	0.9771758891508125	0.9672441672284682	0.9770272443057615	0.97743778888072	0.9763948808483348	0.9762328248956494	0.9777054272531489	0.976265025959093	0.970763641954663
0.976927646941622	0.9683723363831015	0.9828127313487734	0.981736053421562	0.9830306394297935	0.9824592117860347	0.9824974044663989	0.9737349428600622	0.9808432512360632	0.9844768609580504	0.9760765579323476	0.980422741670032	0.9812722658437815	0.9844513722913207	0.9821490852059954	0.981955272881246	0.9820567045861327	0.981648058901781	0.9808861586519035	0.9740090064760424	0.9769819711511543	1.0	0.9970814325750773	0.9793688928822346	0.9794947598728108	0.9816547831076295	0.9792501316737455	0.9813828708390776	0.9810459503376167	0.9814281364867493	0.972488978933202	0.981893796289562	0.980469262292814	0.9823610129994516	0.9821694157218593	0.9822086632932919	0.9820245664582251	0.9727574348253972
0.9770201538094437	0.9684905978264438	0.9830549073672785	0.9819424830838798	0.982781318555078	0.9826383599041031	0.98257425787434	0.973925875874591	0.9811187532261314	0.9845702635515785	0.97622002833197	0.9804468392786583	0.9813172812677597	0.9844122943068735	0.9820652193907531	0.9819255033410015	0.9824354010548676	0.9818029795804323	0.980775411134189	0.9740554739378827	0.9770478022126576	0.9970814325750773	1.0	0.9791226840118301	0.9796230064691555	0.9816057819150614	0.9793189673447048	0.981519902080179	0.981197560734277	0.9816149807787211	0.9724132329854078	0.9819014975824122	0.9807976188607785	0.9821878827817624	0.9820682524702976	0.9825693572863454	0.9821770026197698	0.9725973854000822
0.9756422367948883	0.9673588493932166	0.9799875235391293	0.9811301219272043	0.9794779626348189	0.9809157687620548	0.9808418428820095	0.9725481682004956	0.9793719202405617	0.979425972329665	0.9759188897868355	0.97978910043966	0.9798255666435564	0.9800354639636932	0.9805955734749596	0.9800947230896329	0.9807475491402164	0.9793993103683453	0.9785559622511982	0.9742355207550674	0.9784983326065115	0.9793688928822346	0.9791226840118301	1.0	0.9801394737584417	0.9798404573038578	0.9777690233119256	0.9795904008010663	0.9794288236840456	0.9801063889851747	0.9698928695128589	0.97996650005429	0.9803961462277303	0.9807709572363293	0.9806131351780472	0.9807058948301104	0.9796864285940302	0.9718611667296715
0.9762758381146005	0.9699084313483085	0.9795113481165766	0.9821350419201164	0.9800263743931346	0.9802728205036426	0.9803276743755438	0.9733468364245452	0.9805051238041002	0.9799086921951753	0.9770403485944306	0.9796171559557888	0.9802022440740881	0.9804593516636126	0.9799779536330975	0.9801483044845	0.9804622957586094	0.97994073427476	0.9794834315569202	0.9878027606034411	0.9777312180340829	0.9794947598728108	0.9796230064691555	0.9801394737584417	1.0	0.9801682643369443	0.9801365502661886	0.9795704092325386	0.9792466260552217	0.9796626693377258	0.9718169655837428	0.9802711641150543	0.9812007536155314	0.9805575269466538	0.9803203209053732	0.980122211029375	0.9804959494547636	0.9723472934510826
0.9795223972682133	0.971722142037863	0.9840081249847041	0.9838510444405588	0.9830727681037125	0.9841643672181827	0.9840555617862661	0.9834405766807839	0.9844771598856694	0.983767115670529	0.9802920231140083	0.9839505775889981	0.984179934255804	0.9836640065354681	0.9933328537938289	0.9931355303531174	0.9928332800698915	0.988071922473075	0.9828944790499088	0.9743075588746273	0.97647896985896	0.9816547831076295	0.9816057819150614	0.9798404573038578	0.9801682643369443	1.0	0.9812322325705077	0.9842441447295857	0.983760326890152	0.9849381323039643	0.9728220480135398	0.9919794745969623	0.9841863035736275	0.986165031924528	0.9859600300031783	0.9851827714380811	0.98302970337277	0.9731207833957093
0.9770624554151733	0.9718029621599302	0.9810453091711621	0.9819628678967636	0.980238882520154	0.9817302938321214	0.9815506752052093	0.9745005987421093	0.9823804628003255	0.9800095459281498	0.9784808707722906	0.9806211975198196	0.9807988123409918	0.9815318264646077	0.9816163833467281	0.9818580704814238	0.9820181141419034	0.9810561509755628	0.9807328848750426	0.975727183093914	0.9768310654053515	0.9792501316737455	0.9793189673447048	0.9777690233119256	0.9801365502661886	0.9812322325705077	1.0	0.9812440230317278	0.9805891917749175	0.9818345805162579	0.9730303042895839	0.9812994910530675	0.9812545710710369	0.982636089248259	0.9823348916940206	0.9816425870184875	0.9803426492637259	0.9734559142921081
0.9789107105247021	0.9716983432493342	0.9829731064367592	0.9830901915655944	0.9834194085212401	0.9841836755649765	0.9840081396631682	0.9767018021582184	0.9837521914941069	0.9831961085373401	0.9802913954650743	0.9831399467568597	0.9828805142404371	0.9835993998557011	0.9846556412256663	0.9844010055442165	0.984922021953718	0.9841628674875094	0.9826248580455516	0.9746367682403926	0.9770581077675121	0.9813828708390776	0.981519902080179	0.9795904008010663	0.9795704092325386	0.9842441447295857	0.9812440230317278	1.0	0.9982261552833135	0.9830150113537152	0.9744214435582801	0.9839869216103921	0.9827640654548984	0.984016175814885	0.98385876422718	0.9842253022335162	0.9828784749428624	0.9744449372994987
0.9788797592756127	0.970587067448977	0.982532664536361	0.982780914766958	0.9832450001100091	0.9837625089718761	0.9838703772023469	0.9756320417409152	0.9833444691939954	0.9830962168659041	0.9796198365280863	0.9829667882741826	0.9825810850766543	0.9832750202623696	0.9842864668954918	0.9839260520292761	0.9845243929710433	0.9839275755390002	0.9821285157925819	0.9739992156651619	0.9765247210045459	0.9810459503376167	0.981197560734277	0.9794288236840456	0.9792466260552217	0.983760326890152	0.9805891917749175	0.9982261552833135	1.0	0.9827466456669729	0.9744340352277463	0.9833873325986273	0.9825845087378887	0.9835766832526522	0.9834409916799034	0.9841789002795744	0.9824289180234383	0.9736114709935147
0.9779920994984961	0.9690393245468006	0.983237638875006	0.9841495230185565	0.9827676310231359	0.9834689352069353	0.9833592235153131	0.9773490055708207	0.9844965049304839	0.9825640265427638	0.9801452945134674	0.9840428657584138	0.9830812891154326	0.9834197995737289	0.9846862166528272	0.9840377149513573	0.9847900463854768	0.9836375634678893	0.9812401954998091	0.9731540004895682	0.9771758891508125	0.9814281364867493	0.9816149807787211	0.9801063889851747	0.9796626693377258	0.9849381323039643	0.9818345805162579	0.9830150113537152	0.9827466456669729	1.0	0.9724534881656282	0.9840584761725172	0.9834562727079587	0.9842558198773806	0.9841551467155648	0.9848639314590991	0.9819982628645915	0.9722213303407521
0.9718410867642888	0.9751064179062348	0.9746248537331095	0.9748549525292709	0.9744365545882009	0.9747477802807273	0.974877752119502	0.9712677233723287	0.9729252567649268	0.9744142471084691	0.9730405623975462	0.9729952586574128	0.9737062663290995	0.9753445642886666	0.9741699860277242	0.973909542940956	0.9745299508050448	0.9732345157111034	0.9727972829870892	0.9703736766420038	0.9672441672284682	0.972488978933202	0.9724132329854078	0.9698928695128589	0.9718169655837428	0.9728220480135398	0.9730303042895839	0.9744214435582801	0.9744340352277463	0.9724534881656282	1.0	0.9738164624555103	0.9730468623382719	0.9735124850081438	0.9733128265157608	0.9740693953825581	0.9751331096689144	0.9586840921961558
0.9786117495122479	0.9716344091635879	0.984150450969409	0.9831043385731949	0.9825455964706312	0.9836373711725637	0.9836638612965601	0.9826361476735105	0.984797144289592	0.9831222477721592	0.9801009236087427	0.9834769517077131	0.984385478062233	0.9836122753824833	0.9916052040359433	0.9917218298517259	0.9917593650371457	0.9876062651788059	0.9827608453673512	0.973577260085023	0.9770272443057615	0.981893796289562	0.9819014975824122	0.97996650005429	0.9802711641150543	0.9919794745969623	0.9812994910530675	0.9839869216103921	0.9833873325986273	0.9840584761725172	0.9738164624555103	1.0	0.9831274833235659	0.985987921898343	0.9858812407699163	0.9852402821953703	0.9833545613335619	0.9734937501583957
0.9780011499915865	0.9711920864862618	0.9829375554688593	0.9843065076185317	0.9819200047788778	0.983246102195983	0.9832184899468539	0.9748327445524225	0.984489278970342	0.9824863049260752	0.9800604858257274	0.9827548312108327	0.9827119274647323	0.9827655881648634	0.9838526950931846	0.9834878152277602	0.9841487212126773	0.9829898770451038	0.981353669145698	0.9741156714315444	0.97743778888072	0.980469262292814	0.9807976188607785	0.9803961462277303	0.9812007536155314	0.9841863035736275	0.9812545710710369	0.9827640654548984	0.9825845087378887	0.9834562727079587	0.9730468623382719	0.9831274833235659	1.0	0.9837104239140874	0.983588883578675	0.983527322294291	0.9823668958280016	0.9730915881870817
0.9802367245845273	0.9706894510632689	0.9847741348637242	0.9838577275421081	0.9840792058160085	0.9838132006240894	0.9838393672661958	0.9773223513140668	0.9844769717932055	0.9835837999079912	0.9799643009834232	0.9837053837549705	0.9846527913944715	0.9845368531254663	0.9867270416152055	0.986605232346483	0.9866226159037161	0.9846206895651889	0.9824769278299096	0.9740312364354603	0.9763948808483348	0.9823610129994516	0.9821878827817624	0.9807709572363293	0.9805575269466538	0.986165031924528	0.982636089248259	0.984016175814885	0.9835766832526522	0.9842558198773806	0.9735124850081438	0.985987921898343	0.9837104239140874	1.0	0.9995937628200969	0.9856560985110964	0.9831724468956804	0.9735103728953091
0.9802077990949395	0.9702887577086023	0.9846347687500878	0.9837377945511017	0.9837897796451388	0.983697550619373	0.9837232748891498	0.9772169390453728	0.9843174233073506	0.9833611638166406	0.9798903027878827	0.9835469976801423	0.9844742974259812	0.9843639738038006	0.9865742601823142	0.9864833675222621	0.9864841865308116	0.9845344129317638	0.9821400468085901	0.9738696276806973	0.9762328248956494	0.9821694157218593	0.9820682524702976	0.9806131351780472	0.9803203209053732	0.9859600300031783	0.9823348916940206	0.98385876422718	0.9834409916799034	0.9841551467155648	0.9733128265157608	0.9858812407699163	0.983588883578675	0.9995937628200969	1.0	0.9855555744671647	0.9831773618404683	0.9732284077540687
0.9796526112028036	0.9706401209455884	0.9838924627095982	0.9839487985684562	0.9831290416850016	0.9837033537824363	0.9837785481018848	0.9774954685185567	0.9846411013636538	0.9828748415634604	0.9797982999035753	0.9835035384343993	0.9832085912347448	0.9843043176347713	0.986161937382508	0.9857477862329407	0.9863480242543402	0.9854818979122191	0.9821822760339183	0.9737256289469255	0.9777054272531489	0.9822086632932919	0.9825693572863454	0.9807058948301104	0.980122211029375	0.9851827714380811	0.9816425870184875	0.9842253022335162	0.9841789002795744	0.9848639314590991	0.9740693953825581	0.9852402821953703	0.983527322294291	0.9856560985110964	0.9855555744671647	1.0	0.9823380132059542	0.9728934494164782
0.9801960645488066	0.9712595796838985	0.9849183943887179	0.9839920600114187	0.9852589452415911	0.98432681143345	0.9845864814145884	0.9761067348751684	0.9830155289813902	0.9856717879253271	0.9774485384335878	0.981408779361432	0.9833711611439868	0.9845615270728886	0.9838517013525943	0.9837986142654331	0.9840024801618847	0.9833375270453515	0.9822162919350164	0.974584119374763	0.976265025959093	0.9820245664582251	0.9821770026197698	0.9796864285940302	0.9804959494547636	0.98302970337277	0.9803426492637259	0.9828784749428624	0.9824289180234383	0.9819982628645915	0.9751331096689144	0.9833545613335619	0.9823668958280016	0.9831724468956804	0.9831773618404683	0.9823380132059542	1.0	0.9725368930253708
0.970041132023558	0.9582451358506886	0.9737888218081706	0.973664498761929	0.9732153653422317	0.9739146013609873	0.9739287006085523	0.9669154727359905	0.9737119149948462	0.9726696645404199	0.9692806903732121	0.9720579652150394	0.973819211815878	0.9741672627040325	0.9744950826313585	0.9745506273299145	0.9748440526694326	0.9734222206576202	0.9734109791807546	0.9679839960828116	0.970763641954663	0.9727574348253972	0.9725973854000822	0.9718611667296715	0.9723472934510826	0.9731207833957093	0.9734559142921081	0.9744449372994987	0.9736114709935147	0.9722213303407521	0.9586840921961558	0.9734937501583957	0.9730915881870817	0.9735103728953091	0.9732284077540687	0.9728934494164782	0.9725368930253708	1.0
