/home/jshaw/scratch/2022_sketched_distance/references/SGB_genome_fastas_part4/14193/Bengtsson-PalmeJ_2015__TRAVELRES16__bin.91.fa	/home/jshaw/scratch/2022_sketched_distance/references/SGB_genome_fastas_part4/14193/Bengtsson-PalmeJ_2015__TRAVELRES17__bin.41.fa	/home/jshaw/scratch/2022_sketched_distance/references/SGB_genome_fastas_part4/14193/Bengtsson-PalmeJ_2015__TRAVELRES18__bin.102.fa	/home/jshaw/scratch/2022_sketched_distance/references/SGB_genome_fastas_part4/14193/Bengtsson-PalmeJ_2015__TRAVELRES1__bin.88.fa	/home/jshaw/scratch/2022_sketched_distance/references/SGB_genome_fastas_part4/14193/Bengtsson-PalmeJ_2015__TRAVELRES49__bin.105.fa	/home/jshaw/scratch/2022_sketched_distance/references/SGB_genome_fastas_part4/14193/Bengtsson-PalmeJ_2015__TRAVELRES50__bin.135.fa	/home/jshaw/scratch/2022_sketched_distance/references/SGB_genome_fastas_part4/14193/Bengtsson-PalmeJ_2015__TRAVELRES63__bin.5.fa	/home/jshaw/scratch/2022_sketched_distance/references/SGB_genome_fastas_part4/14193/BritoIL_2016__M2.46.ST__bin.22.fa	/home/jshaw/scratch/2022_sketched_distance/references/SGB_genome_fastas_part4/14193/BritoIL_2016__M2.49.ST__bin.104.fa	/home/jshaw/scratch/2022_sketched_distance/references/SGB_genome_fastas_part4/14193/BritoIL_2016__W1.1.ST__bin.107.fa	/home/jshaw/scratch/2022_sketched_distance/references/SGB_genome_fastas_part4/14193/BritoIL_2016__W1.2.ST__bin.59.fa	/home/jshaw/scratch/2022_sketched_distance/references/SGB_genome_fastas_part4/14193/BritoIL_2016__W1.41.ST__bin.20.fa	/home/jshaw/scratch/2022_sketched_distance/references/SGB_genome_fastas_part4/14193/BritoIL_2016__W1.5.ST__bin.20.fa	/home/jshaw/scratch/2022_sketched_distance/references/SGB_genome_fastas_part4/14193/BritoIL_2016__W2.61.ST__bin.75.fa	/home/jshaw/scratch/2022_sketched_distance/references/SGB_genome_fastas_part4/14193/BritoIL_2016__WL.43.ST__bin.50.fa	/home/jshaw/scratch/2022_sketched_distance/references/SGB_genome_fastas_part4/14193/CM_madagascar__A94_03_1FE__bin.52.fa	/home/jshaw/scratch/2022_sketched_distance/references/SGB_genome_fastas_part4/14193/CosteaPI_2017__SID713A028-11-0-0__bin.81.fa	/home/jshaw/scratch/2022_sketched_distance/references/SGB_genome_fastas_part4/14193/CosteaPI_2017__SID713B040-11-90-0__bin.102.fa	/home/jshaw/scratch/2022_sketched_distance/references/SGB_genome_fastas_part4/14193/CosteaPI_2017__SID713B063-11-0-0__bin.6.fa	/home/jshaw/scratch/2022_sketched_distance/references/SGB_genome_fastas_part4/14193/FerrettiP_2018__CA_C10002MS2016FE_t0M15__bin.18.fa	/home/jshaw/scratch/2022_sketched_distance/references/SGB_genome_fastas_part4/14193/LeChatelierE_2013__MH0117__bin.8.fa	/home/jshaw/scratch/2022_sketched_distance/references/SGB_genome_fastas_part4/14193/LeChatelierE_2013__MH0415__bin.94.fa	/home/jshaw/scratch/2022_sketched_distance/references/SGB_genome_fastas_part4/14193/LeChatelierE_2013__MH0437__bin.41.fa	/home/jshaw/scratch/2022_sketched_distance/references/SGB_genome_fastas_part4/14193/LeChatelierE_2013__MH0448__bin.59.fa	/home/jshaw/scratch/2022_sketched_distance/references/SGB_genome_fastas_part4/14193/LeChatelierE_2013__MH0453__bin.19.fa	/home/jshaw/scratch/2022_sketched_distance/references/SGB_genome_fastas_part4/14193/LiJ_2014__MH0252__bin.98.fa	/home/jshaw/scratch/2022_sketched_distance/references/SGB_genome_fastas_part4/14193/LiJ_2014__MH0374__bin.24.fa	/home/jshaw/scratch/2022_sketched_distance/references/SGB_genome_fastas_part4/14193/LiJ_2014__O2.UC29-1__bin.21.fa	/home/jshaw/scratch/2022_sketched_distance/references/SGB_genome_fastas_part4/14193/LiJ_2014__V1.CD6-0-PT__bin.11.fa	/home/jshaw/scratch/2022_sketched_distance/references/SGB_genome_fastas_part4/14193/LiJ_2017__H2M513938__bin.8.fa	/home/jshaw/scratch/2022_sketched_distance/references/SGB_genome_fastas_part4/14193/LiJ_2017__H2M614904__bin.51.fa	/home/jshaw/scratch/2022_sketched_distance/references/SGB_genome_fastas_part4/14193/LiJ_2017__H3M517925__bin.78.fa	/home/jshaw/scratch/2022_sketched_distance/references/SGB_genome_fastas_part4/14193/LiuW_2016__SRR3992987__bin.37.fa	/home/jshaw/scratch/2022_sketched_distance/references/SGB_genome_fastas_part4/14193/LiuW_2016__SRR3993044__bin.27.fa	/home/jshaw/scratch/2022_sketched_distance/references/SGB_genome_fastas_part4/14193/LiuW_2016__SRR3993055__bin.107.fa	/home/jshaw/scratch/2022_sketched_distance/references/SGB_genome_fastas_part4/14193/NielsenHB_2014__MH0117__bin.12.fa	/home/jshaw/scratch/2022_sketched_distance/references/SGB_genome_fastas_part4/14193/XieH_2016__YSZC12003_35561__bin.73.fa	/home/jshaw/scratch/2022_sketched_distance/references/SGB_genome_fastas_part4/14193/XieH_2016__YSZC12003_36058__bin.52.fa	/home/jshaw/scratch/2022_sketched_distance/references/SGB_genome_fastas_part4/14193/XieH_2016__YSZC12003_37101__bin.40.fa	/home/jshaw/scratch/2022_sketched_distance/references/SGB_genome_fastas_part4/14193/XieH_2016__YSZC12003_37182R1__bin.71.fa	/home/jshaw/scratch/2022_sketched_distance/references/SGB_genome_fastas_part4/14193/XieH_2016__YSZC12003_37228__bin.62.fa	/home/jshaw/scratch/2022_sketched_distance/references/SGB_genome_fastas_part4/14193/XieH_2016__YSZC12003_37394__bin.51.fa	/home/jshaw/scratch/2022_sketched_distance/references/SGB_genome_fastas_part4/14193/ZeeviD_2015__PNP_Main_474__bin.41.fa	/home/jshaw/scratch/2022_sketched_distance/references/SGB_genome_fastas_part4/14193/ZeeviD_2015__PNP_Main_666__bin.22.fa	/home/jshaw/scratch/2022_sketched_distance/references/SGB_genome_fastas_part4/14193/ZeeviD_2015__PNP_Validation_42__bin.79.fa	/home/jshaw/scratch/2022_sketched_distance/references/SGB_genome_fastas_part4/14193/ZeeviD_2015__PNP_Validation_66__bin.52.fa
1.0	0.9944914957659198	0.9955319556956465	0.9924251181515141	0.9954200674161445	0.9944498608485953	0.994678208507621	0.9942199292614451	0.9946970653245674	0.9928276657672302	0.9934918172007855	0.9950485597437052	0.9940240346431046	0.9936700270945078	0.9938377124372346	0.9941694836836037	0.9940683383407026	0.9941359206852467	0.9951996442140356	0.9951249475552348	0.9936509670995839	0.9943455441868613	0.985755605937219	0.9932548560731572	0.9929971838911472	0.9939214353296678	0.9937339451670671	0.993769851610487	0.992064005022242	0.9939634098477867	0.9951176586115712	0.9949146351044134	0.994775926396512	0.9944338869215764	0.9932116706926611	0.9899032685075391	0.9944498608485953	0.9939883912447981	0.9935787642310064	0.9937103617376537	0.9939059061505202	0.9947195578184238	0.9942803717863464	0.9932545050929319	0.9897049071896875	0.9753481791427489
0.9944914957659198	1.0	0.9993086939264201	0.9928770805263021	0.9962160803010954	0.9956570278737545	0.9953454173622445	0.9944168776602664	0.9952228015837173	0.9941288328774275	0.9946990867779384	0.9971126306343873	0.994585525514101	0.9942938238814084	0.9949878730257894	0.9947678776246096	0.9961575059386396	0.9965352850749147	0.9963990255977117	0.9962528065913261	0.9947055969290391	0.994722528368919	0.9851433039974975	0.9946485661337078	0.9944070913636915	0.9947245315750005	0.9948237889663674	0.9948875645684286	0.9931916761579362	0.9943900709115784	0.9957814812229919	0.9960271437361218	0.9952245095222328	0.9948549599399332	0.9940270338424384	0.9910070766059799	0.9949016193006927	0.9943554078765166	0.9953157567712545	0.9944063208726307	0.994808063676191	0.9952457392040989	0.9956792772408458	0.9942416397546008	0.9918686226229813	0.9755902322471504
0.9955319556956465	0.9993086939264201	1.0	0.9932836519913242	0.9876751587096892	0.9964467131706487	0.996531193652729	0.9961919747155116	0.9897516545386117	0.9947993333906189	0.9900950235525632	0.9883303999588967	0.9855131199135307	0.9959066209546094	0.9858902315785714	0.9857743354436831	0.9918575597251873	0.9964748972118577	0.9866007055130747	0.9951530119582059	0.9865788846712431	0.9962203756745575	0.9875759263357108	0.9899923874909087	0.984712274251636	0.9921156221501787	0.9963054331031905	0.9858425194951941	0.9935616421921077	0.9855759874413644	0.9957630189997161	0.9944717804813651	0.9924035554885733	0.9860909413448354	0.9903332737164111	0.9822706541415192	0.9965593061345925	0.995849254698723	0.9930970200198311	0.9887351807045589	0.989958104411556	0.9963902732403782	0.9872701639373728	0.9935616421921077	0.9818286600100756	0.9671704176195299
0.9924251181515141	0.9928770805263021	0.9932836519913242	1.0	0.9915590888764295	0.9921509469577939	0.9923111562107296	0.9932342583424154	0.9937564750710748	0.9953625691723443	0.9928712701336482	0.9921811197713782	0.9927615502046877	0.9948378761168362	0.9911844577017889	0.9928695590035348	0.9910420286172624	0.9917121396242091	0.9921306619221064	0.993241247874022	0.9919369215446657	0.9939807050868267	0.9835199006054262	0.9896489408209767	0.9909299424591167	0.993049329447628	0.9919438166014874	0.9904949978900148	0.9917109705076684	0.9914745603293963	0.9930784670568151	0.9935957461768524	0.9930437641662425	0.9931816186224752	0.9918423141913908	0.9877852658130427	0.9934555533098426	0.9941323192654462	0.9904555325526665	0.9917604900547887	0.9925729361954782	0.9923339800301793	0.9908776622837732	0.9924764607476183	0.9865670975675938	0.9711386531048419
0.9954200674161445	0.9962160803010954	0.9876751587096892	0.9915590888764295	1.0	0.9995286904949898	0.9969568492276815	0.9953432513848398	0.9888189202454488	0.9940494045867088	0.9885366809516175	0.9849463624116545	0.9799469779390695	0.9946830316793807	0.9768185338745219	0.9816802442878095	0.9905079644782481	0.9953432513848398	0.97970052665028	0.9938488856370992	0.9853131408459913	0.9952276928332051	0.9866907029401619	0.9899243194026093	0.9845754401620497	0.9912124168068829	0.9961786046138862	0.985727361368859	0.9923681508295443	0.9781165593043245	0.9946830316793807	0.9932399410594781	0.9919021625148114	0.9732234288650786	0.9886781027398005	0.979389823741866	0.9955731680353751	0.994643782847136	0.9938086357984451	0.9885838890156721	0.9880608421987179	0.9965143730549075	0.980008301298577	0.9927029750670184	0.9821999995839947	0.9629090894730196
0.9944498608485953	0.9956570278737545	0.9964467131706487	0.9921509469577939	0.9995286904949898	1.0	0.9968691703072604	0.9946667084480231	0.9946970653245674	0.9935279776486612	0.9942057520181529	0.9958113186867438	0.9935248017053041	0.9941289711156936	0.9942943325781244	0.9940350272407383	0.9946965772314995	0.9955428429899856	0.9961625908654814	0.9957803044625049	0.9938081807184791	0.9944402679347206	0.9857218421627724	0.9949450136811001	0.9950018672496538	0.9940169336044486	0.9953569964556963	0.9956634761913448	0.992552006223617	0.9936036133405507	0.9952431412215139	0.9957130715509693	0.9950835060357998	0.9943065149816706	0.9931341910020267	0.9902497958020317	0.9950947563645468	0.9939826924523335	0.9957533155796493	0.9939260641622019	0.9939581249292854	0.9966766310227376	0.9961801500807368	0.9935560558580895	0.9927273521976377	0.9761283535770867
0.994678208507621	0.9953454173622445	0.996531193652729	0.9923111562107296	0.9969568492276815	0.9968691703072604	1.0	0.9941427431532455	0.9948820225235987	0.9934629490688754	0.9941271814128909	0.9961115805774415	0.9935965830228809	0.9932840766664951	0.9941704225252022	0.9943033967933312	0.9948951250490452	0.9956864498789472	0.9961964704928339	0.9959313767417681	0.9941824771680021	0.9942894950135382	0.9848883542939662	0.9944993424659758	0.9972797780615211	0.9941121574256285	0.9945256114367128	0.996029566546215	0.992736034171258	0.9936758859644874	0.9952848635021019	0.9959377116244097	0.9952245095222328	0.9946871719019851	0.993621861274608	0.9905547953584765	0.9948207822383509	0.9933878768738696	0.9955927801526732	0.9940601684732243	0.9944501417717139	0.9957476768569544	0.9961446229676325	0.9937861638572579	0.9922211709330878	0.9760095379833142
0.9942199292614451	0.9944168776602664	0.9961919747155116	0.9932342583424154	0.9953432513848398	0.9946667084480231	0.9941427431532455	1.0	0.9960215769198819	0.9944462929954717	0.995513727290532	0.995871588719154	0.995376365340803	0.994710874342261	0.9974760995406029	0.9956135962908947	0.9946965772314995	0.9949411886613402	0.996128676635296	0.997136606009411	0.9952806566114673	0.9960596016235356	0.9850241936756592	0.9939210125743462	0.993678979030578	0.9952340042517032	0.9937308880686859	0.9942214700003316	0.9935069347514573	0.9959091394012332	0.9965127491602374	0.9975970663785946	0.9968714188927906	0.9964079994370358	0.9949209561928547	0.991527028806963	0.9958369864580678	0.9943467668141479	0.9946129048400746	0.9970771674258384	0.9957605346360079	0.9939786149717942	0.9946170639912504	0.9946909406173908	0.9914796878809702	0.9754088615592963
0.9946970653245674	0.9952228015837173	0.9897516545386117	0.9937564750710748	0.9888189202454488	0.9946970653245674	0.9948820225235987	0.9960215769198819	1.0	0.995378911190327	0.9924781981472827	0.9893726818862755	0.9894785420863634	0.9991071472128787	0.9879515433831516	0.9889868425723848	0.9898245703220704	0.9940549759344287	0.9892525187569188	0.9940819794939914	0.9889513832358338	0.9959706190878196	0.9872721173495946	0.9886685814475064	0.986855118292924	0.9923930920633603	0.994776459054062	0.9871382614857473	0.99367459676385	0.9878919259116309	0.9955084437835847	0.9940819794939914	0.9921936555081415	0.9897532652546729	0.9899165472699435	0.9853886759212117	0.9962246297486249	0.9965018155026668	0.9906432784082326	0.988763835090861	0.9901301683823247	0.9945110705886173	0.9885021238648325	0.9942166681967145	0.983805295563141	0.969725128602264
0.9928276657672302	0.9941288328774275	0.9947993333906189	0.9953625691723443	0.9940494045867088	0.9935279776486612	0.9934629490688754	0.9944462929954717	0.995378911190327	1.0	0.9948020178283934	0.9946761106927413	0.9948282184355638	0.9953193427309013	0.9940044850933734	0.9952584199951227	0.9930115183828843	0.9932004529812548	0.9944586365987153	0.9950807933631421	0.9938708578436645	0.9946980900269685	0.9845786785861875	0.9919348346946881	0.9923968434831685	0.9948410099851462	0.9930481088555171	0.9925794525781888	0.9923901377888	0.9939634098477867	0.9946959210457046	0.9958255816174704	0.9949891696082847	0.995312047456625	0.994227777069926	0.9900577300166467	0.9947189870464044	0.9949064699540555	0.9929623353598993	0.9935204629427756	0.994398693152814	0.9932452601836494	0.9935196886615606	0.9944445791005111	0.9893242868765418	0.9732144933236023
0.9934918172007855	0.9946990867779384	0.9900950235525632	0.9928712701336482	0.9885366809516175	0.9942057520181529	0.9941271814128909	0.995513727290532	0.9924781981472827	0.9948020178283934	1.0	0.9897008228239105	0.9900821214370272	0.9986776268077748	0.9895600526710894	0.9903324451112414	0.9900290598966811	0.9935185354633361	0.9902400396435052	0.9936783939658322	0.9892407849937858	0.9956392271383594	0.9862598407676234	0.9884483864673633	0.9878946305834401	0.9925977954195546	0.9943362904918138	0.9876894851737705	0.9931695051024448	0.9887410087034054	0.9952359453611804	0.9934650773645692	0.9916789439483393	0.9900932396519337	0.9905590346631677	0.9846251550068431	0.9957142998766887	0.9956642702572449	0.9906756603337503	0.9883159619682264	0.989430041223231	0.9939694790863288	0.9881871254086168	0.9936251934828129	0.9851362647831365	0.9706509139899872
0.9950485597437052	0.9971126306343873	0.9883303999588967	0.9921811197713782	0.9849463624116545	0.9958113186867438	0.9961115805774415	0.995871588719154	0.9893726818862755	0.9946761106927413	0.9897008228239105	1.0	0.9834818064372898	0.9954168729321342	0.9839740268423353	0.9831639304877718	0.9925159684632241	0.9961713084663383	0.9867362402042014	0.994488305491459	0.9855705091251172	0.9959016827497799	0.9871366248127107	0.9905955665452334	0.9853228044821601	0.9929133640903347	0.9958414673816184	0.984320997905173	0.9928474620086283	0.9831837291063907	0.995690449320344	0.9936297581279541	0.9924826357100666	0.9852061506930927	0.9901691154930534	0.981679471558472	0.9962011321709038	0.995690449320344	0.9926157656985629	0.9889671353884075	0.9896645235050279	0.9962904429116641	0.9849591835406685	0.9932409205866802	0.9831382379710819	0.9650704155634384
0.9940240346431046	0.994585525514101	0.9855131199135307	0.9927615502046877	0.9799469779390695	0.9935248017053041	0.9935965830228809	0.995376365340803	0.9894785420863634	0.9948282184355638	0.9900821214370272	0.9834818064372898	1.0	0.9959823963146529	0.980654168811814	0.9820880552124859	0.9895596602265565	0.9937039641437471	0.9798375966684658	0.9939531746175297	0.9843474740942184	0.995376365340803	0.985922826629264	0.9869472273168381	0.9830402480701119	0.9927982973789184	0.993739680629508	0.9816786969220829	0.9927982973789184	0.9787808298035117	0.9950691480716148	0.9931998462322362	0.9918671459029638	0.9801234819990945	0.9905964403599888	0.9765004407064273	0.9960823344240757	0.9950348365222641	0.9904390401150822	0.9879832117585104	0.9884473589791037	0.9939176876927563	0.9796656704364758	0.9928350037938979	0.9809497598658874	0.962349196774428
0.9936700270945078	0.9942938238814084	0.9959066209546094	0.9948378761168362	0.9946830316793807	0.9941289711156936	0.9932840766664951	0.994710874342261	0.9991071472128787	0.9953193427309013	0.9986776268077748	0.9954168729321342	0.9959823963146529	1.0	0.9950282212822338	0.9963441784817364	0.9942202052543289	0.9944985921563889	0.9956502034154346	0.9959098370351693	0.9950699507418439	0.9946349847356183	0.9852403745137652	0.9930731926916456	0.9932156453657518	0.9955996761926439	0.9929455729233186	0.9938995148136651	0.9945004107346088	0.9947065006794701	0.9957403790800543	0.9968213761752529	0.9961038811045632	0.9964877599741734	0.9953348529352406	0.991527028806963	0.9954024356614757	0.9955734897778561	0.994039694510694	0.9947226691255547	0.9953127709681134	0.9932008015613646	0.9942803717863464	0.9957017995400816	0.9906878098301789	0.9752873832515616
0.9938377124372346	0.9949878730257894	0.9858902315785714	0.9911844577017889	0.9768185338745219	0.9942943325781244	0.9941704225252022	0.9974760995406029	0.9879515433831516	0.9940044850933734	0.9895600526710894	0.9839740268423353	0.980654168811814	0.9950282212822338	1.0	0.9824744029787253	0.9902660359762596	0.9942943325781244	0.9801511619183836	0.9946225124598768	0.9844219823821594	0.9960604146802148	0.9849187293137621	0.9873465952131494	0.9834053391418539	0.9914550775692275	0.994540771578064	0.982943177257815	0.991945531286162	0.9807165038287086	0.9951489723918376	0.9937120796650663	0.9919012440422352	0.9757894441035857	0.9901260424388173	0.9775814938343617	0.9956672073397035	0.9949474756240744	0.9908659071970318	0.9897024629692941	0.9904980472185	0.9936700959639563	0.9796402895647736	0.9922100163340637	0.9815769422403818	0.9621617415699287
0.9941694836836037	0.9947678776246096	0.9857743354436831	0.9928695590035348	0.9816802442878095	0.9940350272407383	0.9943033967933312	0.9956135962908947	0.9889868425723848	0.9952584199951227	0.9903324451112414	0.9831639304877718	0.9820880552124859	0.9963441784817364	0.9824744029787253	1.0	0.989685718797327	0.9937984074993046	0.9841092041323367	0.9939675938649011	0.9846297541295839	0.9953556639223053	0.9872547439339441	0.9884727228116066	0.9838133042312807	0.993354435484949	0.9942365078759557	0.9825968962585616	0.9940686925341461	0.9827339577462988	0.9956456973284279	0.9931820794402325	0.9926946528935099	0.9865245613930848	0.992342042274893	0.9775518139892972	0.9953556639223053	0.9962812839012919	0.991661545366108	0.9874197680794538	0.9894156906832324	0.9943367906971604	0.9815453774210445	0.9940350272407383	0.9803784955710214	0.9657312777437598
0.9940683383407026	0.9961575059386396	0.9918575597251873	0.9910420286172624	0.9905079644782481	0.9946965772314995	0.9948951250490452	0.9946965772314995	0.9898245703220704	0.9930115183828843	0.9900290598966811	0.9925159684632241	0.9895596602265565	0.9942202052543289	0.9902660359762596	0.989685718797327	1.0	0.9949692750714402	0.9915513786741974	0.993220392788344	0.9901991828191035	0.9949198601485988	0.985516645734151	0.9882894451293583	0.9885817750067614	0.9909585255200988	0.9946716749526314	0.9889909694806701	0.9918385286410509	0.9897724981564027	0.9945218672092566	0.9924834913782681	0.9910420286172624	0.9908101744525852	0.9887396299973068	0.9856979793197878	0.9951170796316984	0.9945468822234061	0.9908748107962325	0.9893505773504623	0.9891961404313587	0.9951662018191608	0.9906686332587364	0.9918113802699968	0.9862247475742135	0.9708608457640282
0.9941359206852467	0.9965352850749147	0.9964748972118577	0.9917121396242091	0.9953432513848398	0.9955428429899856	0.9956864498789472	0.9949411886613402	0.9940549759344287	0.9932004529812548	0.9935185354633361	0.9961713084663383	0.9937039641437471	0.9944985921563889	0.9942943325781244	0.9937984074993046	0.9949692750714402	1.0	0.995304163785784	0.9951690430511413	0.9938081807184791	0.9947732763425614	0.985059039623157	0.99384482860339	0.9933708113686404	0.9938016740767956	0.995087417777723	0.9942214700003316	0.9920171509743966	0.9937119632251616	0.9944830235741077	0.9953048475140409	0.9947521478385614	0.9940502930788094	0.992900657865635	0.990781710207297	0.995087417777723	0.9947732763425614	0.9941359206852467	0.9937103617376537	0.9939842034878116	0.995563396345415	0.9943179513647504	0.9931845247101548	0.9908875660619992	0.9744865103225873
0.9951996442140356	0.9963990255977117	0.9866007055130747	0.9921306619221064	0.97970052665028	0.9961625908654814	0.9961964704928339	0.996128676635296	0.9892525187569188	0.9944586365987153	0.9902400396435052	0.9867362402042014	0.9798375966684658	0.9956502034154346	0.9801511619183836	0.9841092041323367	0.9915513786741974	0.995304163785784	1.0	0.9941359206852467	0.9829662121752715	0.995924460550365	0.9884063757174358	0.9899141391591617	0.9850717317408607	0.9918615923198569	0.9956502034154346	0.9825591180290866	0.9927375806279767	0.9815186740646034	0.9958903020734039	0.9947428811620154	0.9935909765096264	0.9851500519340535	0.9914733682206597	0.9753717723769546	0.995924460550365	0.9953736610138665	0.9927751459094821	0.9875379277771267	0.990077491683164	0.9954776346764532	0.979724248883656	0.9929249820721675	0.9815186740646034	0.9648297598507792
0.9951249475552348	0.9962528065913261	0.9951530119582059	0.993241247874022	0.9938488856370992	0.9957803044625049	0.9959313767417681	0.997136606009411	0.9940819794939914	0.9950807933631421	0.9936783939658322	0.994488305491459	0.9939531746175297	0.9959098370351693	0.9946225124598768	0.9939675938649011	0.993220392788344	0.9951690430511413	0.9941359206852467	1.0	0.9937453847815297	0.9976108132046716	0.9864748118349389	0.9923895761030042	0.9926192907540992	0.9936091508962315	0.9955197128338935	0.9931469227083327	0.9930068923287215	0.9948461725395511	0.9965500264986268	0.9956453819901473	0.9948471599328136	0.9942639486620178	0.9932116706926611	0.9900962326941687	0.9969909290014121	0.9961673957511595	0.9930369157101678	0.993899178041169	0.9943213701823747	0.995628541451732	0.9937497331834803	0.9933345275461356	0.9898422329051648	0.973537201411814
0.9936509670995839	0.9947055969290391	0.9865788846712431	0.9919369215446657	0.9853131408459913	0.9938081807184791	0.9941824771680021	0.9952806566114673	0.9889513832358338	0.9938708578436645	0.9892407849937858	0.9855705091251172	0.9843474740942184	0.9950699507418439	0.9844219823821594	0.9846297541295839	0.9901991828191035	0.9938081807184791	0.9829662121752715	0.9937453847815297	1.0	0.9955496125709988	0.9861465127781199	0.9883648435539482	0.9840639997270376	0.9924637887884	0.9944296798518816	0.9843642286640907	0.9926592203999195	0.9822268602765766	0.9959048630103592	0.9932386844328429	0.9916703061286636	0.9840655454365232	0.9896346102834293	0.9927212114358781	0.9953406132949342	0.9944296798518816	0.9905817991282398	0.9890239721825059	0.9895990016653814	0.9938708578436645	0.984456565942432	0.9926592203999195	0.9816592832828613	0.9639666832502821
0.9943455441868613	0.994722528368919	0.9962203756745575	0.9939807050868267	0.9952276928332051	0.9944402679347206	0.9942894950135382	0.9960596016235356	0.9959706190878196	0.9946980900269685	0.9956392271383594	0.9959016827497799	0.995376365340803	0.9946349847356183	0.9960604146802148	0.9953556639223053	0.9949198601485988	0.9947732763425614	0.995924460550365	0.9976108132046716	0.9955496125709988	1.0	0.9847246016075276	0.9937939417834392	0.9941056531865587	0.9953258007496464	0.9941871912438962	0.9944768009277869	0.9937747880997686	0.9959428681657803	0.996412142036383	0.9969953229619087	0.996217872787782	0.9955587387004211	0.9945514135635665	0.9916740962608002	0.9956993364924088	0.9945742770158204	0.9944705289075332	0.996084873458076	0.9960067065526257	0.9945945252763712	0.9946542640202475	0.9949576272414454	0.9911520422806164	0.9752873832515616
0.985755605937219	0.9851433039974975	0.9875759263357108	0.9835199006054262	0.9866907029401619	0.9857218421627724	0.9848883542939662	0.9850241936756592	0.9872721173495946	0.9845786785861875	0.9862598407676234	0.9871366248127107	0.985922826629264	0.9852403745137652	0.9849187293137621	0.9872547439339441	0.985516645734151	0.985059039623157	0.9884063757174358	0.9864748118349389	0.9861465127781199	0.9847246016075276	1.0	0.9841653834093815	0.985781681370007	0.9866499641833796	0.9844222498985847	0.9856769008903128	0.9837171618035828	0.986170441399388	0.9865833083474382	0.9874909752966738	0.9871955683448831	0.9881528441924569	0.9858115429995324	0.9815798945153468	0.9855645920434786	0.9849699253470344	0.9858219401530567	0.9852121014260791	0.9857027534806442	0.985078372457468	0.9867547292591201	0.9853403190321456	0.9815477144299334	0.9807121780763057
0.9932548560731572	0.9946485661337078	0.9899923874909087	0.9896489408209767	0.9899243194026093	0.9949450136811001	0.9944993424659758	0.9939210125743462	0.9886685814475064	0.9919348346946881	0.9884483864673633	0.9905955665452334	0.9869472273168381	0.9930731926916456	0.9873465952131494	0.9884727228116066	0.9882894451293583	0.99384482860339	0.9899141391591617	0.9923895761030042	0.9883648435539482	0.9937939417834392	0.9841653834093815	1.0	0.9887246287224968	0.9899363306503369	0.9942742398360435	0.9889909694806701	0.9908116606431393	0.9884885736158897	0.9935126582451975	0.9912820086219433	0.9898216749411549	0.9882040517924195	0.9870369066580764	0.9854773458855965	0.9941988646031585	0.9932030538893556	0.99022123909722	0.9882840972518168	0.987685588313406	0.9946733715757654	0.9893422466534093	0.9906440433206722	0.9860714401508903	0.9689944955998914
0.9929971838911472	0.9944070913636915	0.984712274251636	0.9909299424591167	0.9845754401620497	0.9950018672496538	0.9972797780615211	0.993678979030578	0.986855118292924	0.9923968434831685	0.9878946305834401	0.9853228044821601	0.9830402480701119	0.9932156453657518	0.9834053391418539	0.9838133042312807	0.9885817750067614	0.9933708113686404	0.9850717317408607	0.9926192907540992	0.9840639997270376	0.9941056531865587	0.985781681370007	0.9887246287224968	1.0	0.9906957897253441	0.9948541704765134	0.9856769008903128	0.9908297944919748	0.9831837291063907	0.9934944227597533	0.9916552291516322	0.9905949280891487	0.9839492736051835	0.9881857035034439	0.9805670871503636	0.9938319942544604	0.9933088322002895	0.990459964854811	0.985781681370007	0.98715548731774	0.9950313278387765	0.9844058782287706	0.9913275255416936	0.9807818963286542	0.965567330115453
0.9939214353296678	0.9947245315750005	0.9921156221501787	0.993049329447628	0.9912124168068829	0.9940169336044486	0.9941121574256285	0.9952340042517032	0.9923930920633603	0.9948410099851462	0.9925977954195546	0.9929133640903347	0.9927982973789184	0.9955996761926439	0.9914550775692275	0.993354435484949	0.9909585255200988	0.9938016740767956	0.9918615923198569	0.9936091508962315	0.9924637887884	0.9953258007496464	0.9866499641833796	0.9899363306503369	0.9906957897253441	1.0	0.9941359206852467	0.9907806405379098	0.9925048407043205	0.9916285222802219	0.9954173439631185	0.9928770528170386	0.9922837266771568	0.9928276657672302	0.9915180916489716	0.9885602934376099	0.9955541869713216	0.9954630210314512	0.9906162341673164	0.9911231466380694	0.9910703218351039	0.9942071083922627	0.9911680982314126	0.9931228886895049	0.9876099553936754	0.9722934456263472
0.9937339451670671	0.9948237889663674	0.9963054331031905	0.9919438166014874	0.9961786046138862	0.9953569964556963	0.9945256114367128	0.9937308880686859	0.994776459054062	0.9930481088555171	0.9943362904918138	0.9958414673816184	0.993739680629508	0.9929455729233186	0.994540771578064	0.9942365078759557	0.9946716749526314	0.995087417777723	0.9956502034154346	0.9955197128338935	0.9944296798518816	0.9941871912438962	0.9844222498985847	0.9942742398360435	0.9948541704765134	0.9941359206852467	1.0	0.9950129364830401	0.9926901230486554	0.9943193410962714	0.9948863669269621	0.9954187477578168	0.9949891696082847	0.9943065149816706	0.9933404019321828	0.9907062450408667	0.9941668906540276	0.9931341910020267	0.9963204009031602	0.9944592556652259	0.994398693152814	0.994943769710707	0.9954259776685558	0.9937402699654405	0.9933493813471503	0.9754088615592963
0.993769851610487	0.9948875645684286	0.9858425194951941	0.9904949978900148	0.985727361368859	0.9956634761913448	0.996029566546215	0.9942214700003316	0.9871382614857473	0.9925794525781888	0.9876894851737705	0.984320997905173	0.9816786969220829	0.9938995148136651	0.982943177257815	0.9825968962585616	0.9889909694806701	0.9942214700003316	0.9825591180290866	0.9931469227083327	0.9843642286640907	0.9944768009277869	0.9856769008903128	0.9889909694806701	0.9856769008903128	0.9907806405379098	0.9950129364830401	1.0	0.991623040550505	0.979787315837451	0.9939318514742252	0.9918303275602232	0.9902068624173103	0.981217766199445	0.9877285073225797	0.9811280086397327	0.9943174497478425	0.9938023150214516	0.9918991354071431	0.98741502726773	0.988384905480304	0.9958470260453264	0.9864224696137733	0.9912746469045324	0.9827254721079147	0.9643956916855488
0.992064005022242	0.9931916761579362	0.9935616421921077	0.9917109705076684	0.9923681508295443	0.992552006223617	0.992736034171258	0.9935069347514573	0.99367459676385	0.9923901377888	0.9931695051024448	0.9928474620086283	0.9927982973789184	0.9945004107346088	0.991945531286162	0.9940686925341461	0.9918385286410509	0.9920171509743966	0.9927375806279767	0.9930068923287215	0.9926592203999195	0.9937747880997686	0.9837171618035828	0.9908116606431393	0.9908297944919748	0.9925048407043205	0.9926901230486554	0.991623040550505	1.0	0.9914745603293963	0.9932594847225916	0.9934995000886019	0.9928175802573922	0.9933133812833751	0.9917615561910988	0.9886005836407726	0.9937302960265478	0.9968510861201552	0.9910936995859712	0.9919607307836202	0.9921072142598671	0.99310104815011	0.9918629936910478	0.9922610527891926	0.9885496062221776	0.9724930275742222
0.9939634098477867	0.9943900709115784	0.9855759874413644	0.9914745603293963	0.9781165593043245	0.9936036133405507	0.9936758859644874	0.9959091394012332	0.9878919259116309	0.9939634098477867	0.9887410087034054	0.9831837291063907	0.9787808298035117	0.9947065006794701	0.9807165038287086	0.9827339577462988	0.9897724981564027	0.9937119632251616	0.9815186740646034	0.9948461725395511	0.9822268602765766	0.9959428681657803	0.986170441399388	0.9884885736158897	0.9831837291063907	0.9916285222802219	0.9943193410962714	0.979787315837451	0.9914745603293963	1.0	0.9955016980495396	0.9936758859644874	0.9926494250995179	0.9823378524327385	0.9895687651167205	0.9741510609460918	0.9954333021667506	0.9944253793009973	0.9907332815316082	0.9875894989311461	0.9886150328740287	0.9938558806197909	0.9789544063574399	0.9922749774468773	0.9804414755642749	0.9623532619336094
0.9951176586115712	0.9957814812229919	0.9957630189997161	0.9930784670568151	0.9946830316793807	0.9952431412215139	0.9952848635021019	0.9965127491602374	0.9955084437835847	0.9946959210457046	0.9952359453611804	0.995690449320344	0.9950691480716148	0.9957403790800543	0.9951489723918376	0.9956456973284279	0.9945218672092566	0.9944830235741077	0.9958903020734039	0.9965500264986268	0.9959048630103592	0.996412142036383	0.9865833083474382	0.9935126582451975	0.9934944227597533	0.9954173439631185	0.9948863669269621	0.9939318514742252	0.9932594847225916	0.9955016980495396	1.0	0.9967777468272303	0.9964220769235571	0.9959658590303679	0.9947490153624649	0.9920026251825131	0.9965729674928147	0.9958430391647781	0.9941118903258763	0.9945912240096956	0.9954876199303012	0.9950966986163329	0.9945425384771834	0.9948689697890714	0.9905874767713598	0.974361527920026
0.9949146351044134	0.9960271437361218	0.9944717804813651	0.9935957461768524	0.9932399410594781	0.9957130715509693	0.9959377116244097	0.9975970663785946	0.9940819794939914	0.9958255816174704	0.9934650773645692	0.9936297581279541	0.9931998462322362	0.9968213761752529	0.9937120796650663	0.9931820794402325	0.9924834913782681	0.9953048475140409	0.9947428811620154	0.9956453819901473	0.9932386844328429	0.9969953229619087	0.9874909752966738	0.9912820086219433	0.9916552291516322	0.9928770528170386	0.9954187477578168	0.9918303275602232	0.9934995000886019	0.9936758859644874	0.9967777468272303	1.0	0.9952245095222328	0.9948967746297676	0.9930306018544152	0.9887211595354017	0.9974904079110433	0.996271847168447	0.9924102158704436	0.992971816022655	0.994680677530173	0.9956453819901473	0.9930547490995858	0.9936437645381428	0.9886207889416203	0.9730845058944106
0.994775926396512	0.9952245095222328	0.9924035554885733	0.9930437641662425	0.9919021625148114	0.9950835060357998	0.9952245095222328	0.9968714188927906	0.9921936555081415	0.9949891696082847	0.9916789439483393	0.9924826357100666	0.9918671459029638	0.9961038811045632	0.9919012440422352	0.9926946528935099	0.9910420286172624	0.9947521478385614	0.9935909765096264	0.9948471599328136	0.9916703061286636	0.996217872787782	0.9871955683448831	0.9898216749411549	0.9905949280891487	0.9922837266771568	0.9949891696082847	0.9902068624173103	0.9928175802573922	0.9926494250995179	0.9964220769235571	0.9952245095222328	1.0	0.9941359206852467	0.9917076077160552	0.9872862061420803	0.9967596518709237	0.995736455150543	0.9911629472117517	0.9917891702328224	0.9925729361954782	0.9951540826994583	0.9911680982314126	0.9933677697595475	0.9870180900266222	0.9728885427481444
0.9944338869215764	0.9948549599399332	0.9860909413448354	0.9931816186224752	0.9732234288650786	0.9943065149816706	0.9946871719019851	0.9964079994370358	0.9897532652546729	0.995312047456625	0.9900932396519337	0.9852061506930927	0.9801234819990945	0.9964877599741734	0.9757894441035857	0.9865245613930848	0.9908101744525852	0.9940502930788094	0.9851500519340535	0.9942639486620178	0.9840655454365232	0.9955587387004211	0.9881528441924569	0.9882040517924195	0.9839492736051835	0.9928276657672302	0.9943065149816706	0.981217766199445	0.9933133812833751	0.9823378524327385	0.9959658590303679	0.9948967746297676	0.9941359206852467	1.0	0.9950635081658585	0.9764554862853191	0.9961675620411438	0.995925370962125	0.9908574211434766	0.9871116044250974	0.9905252659710043	0.9945185304474109	0.9787873281136337	0.993400932647229	0.9810909117613984	0.9622496158210619
0.9932116706926611	0.9940270338424384	0.9903332737164111	0.9918423141913908	0.9886781027398005	0.9931341910020267	0.993621861274608	0.9949209561928547	0.9899165472699435	0.994227777069926	0.9905590346631677	0.9901691154930534	0.9905964403599888	0.9953348529352406	0.9901260424388173	0.992342042274893	0.9887396299973068	0.992900657865635	0.9914733682206597	0.9932116706926611	0.9896346102834293	0.9945514135635665	0.9858115429995324	0.9870369066580764	0.9881857035034439	0.9915180916489716	0.9933404019321828	0.9877285073225797	0.9917615561910988	0.9895687651167205	0.9947490153624649	0.9930306018544152	0.9917076077160552	0.9950635081658585	1.0	0.9843971682098946	0.9948719211435922	0.9948964477311109	0.9897616658637574	0.9884748248893134	0.9892262584502903	0.9934174011218425	0.989035213088307	0.9921900040072142	0.9846584981460821	0.9699411359479962
0.9899032685075391	0.9910070766059799	0.9822706541415192	0.9877852658130427	0.979389823741866	0.9902497958020317	0.9905547953584765	0.991527028806963	0.9853886759212117	0.9900577300166467	0.9846251550068431	0.981679471558472	0.9765004407064273	0.991527028806963	0.9775814938343617	0.9775518139892972	0.9856979793197878	0.990781710207297	0.9753717723769546	0.9900962326941687	0.9927212114358781	0.9916740962608002	0.9815798945153468	0.9854773458855965	0.9805670871503636	0.9885602934376099	0.9907062450408667	0.9811280086397327	0.9886005836407726	0.9741510609460918	0.9920026251825131	0.9887211595354017	0.9872862061420803	0.9764554862853191	0.9843971682098946	1.0	0.9915638570630354	0.9912309158894104	0.9860914241868879	0.9846251550068431	0.9863511283994946	0.9905168241501425	0.9785928755802656	0.9896312086427057	0.978442124560888	0.9576895762241483
0.9944498608485953	0.9949016193006927	0.9965593061345925	0.9934555533098426	0.9955731680353751	0.9950947563645468	0.9948207822383509	0.9958369864580678	0.9962246297486249	0.9947189870464044	0.9957142998766887	0.9962011321709038	0.9960823344240757	0.9954024356614757	0.9956672073397035	0.9953556639223053	0.9951170796316984	0.995087417777723	0.995924460550365	0.9969909290014121	0.9953406132949342	0.9956993364924088	0.9855645920434786	0.9941988646031585	0.9938319942544604	0.9955541869713216	0.9941668906540276	0.9943174497478425	0.9937302960265478	0.9954333021667506	0.9965729674928147	0.9974904079110433	0.9967596518709237	0.9961675620411438	0.9948719211435922	0.9915638570630354	1.0	0.9949419640594186	0.9951297811016047	0.9952691188543522	0.9959084567393651	0.9949419640594186	0.9954985464810431	0.9950460483261685	0.9915773514406091	0.9760095379833142
0.9939883912447981	0.9943554078765166	0.995849254698723	0.9941323192654462	0.994643782847136	0.9939826924523335	0.9933878768738696	0.9943467668141479	0.9965018155026668	0.9949064699540555	0.9956642702572449	0.995690449320344	0.9950348365222641	0.9955734897778561	0.9949474756240744	0.9962812839012919	0.9945468822234061	0.9947732763425614	0.9953736610138665	0.9961673957511595	0.9944296798518816	0.9945742770158204	0.9849699253470344	0.9932030538893556	0.9933088322002895	0.9954630210314512	0.9931341910020267	0.9938023150214516	0.9968510861201552	0.9944253793009973	0.9958430391647781	0.996271847168447	0.995736455150543	0.995925370962125	0.9948964477311109	0.9912309158894104	0.9949419640594186	1.0	0.9940878425275051	0.9946438646070752	0.9950108691134089	0.9918848336576939	0.9944304351276335	0.9953536790827431	0.9905539645562148	0.9749202005530135
0.9935787642310064	0.9953157567712545	0.9930970200198311	0.9904555325526665	0.9938086357984451	0.9957533155796493	0.9955927801526732	0.9946129048400746	0.9906432784082326	0.9929623353598993	0.9906756603337503	0.9926157656985629	0.9904390401150822	0.994039694510694	0.9908659071970318	0.991661545366108	0.9908748107962325	0.9941359206852467	0.9927751459094821	0.9930369157101678	0.9905817991282398	0.9944705289075332	0.9858219401530567	0.99022123909722	0.990459964854811	0.9906162341673164	0.9963204009031602	0.9918991354071431	0.9910936995859712	0.9907332815316082	0.9941118903258763	0.9924102158704436	0.9911629472117517	0.9908574211434766	0.9897616658637574	0.9860914241868879	0.9951297811016047	0.9940878425275051	1.0	0.9905030847343126	0.9902925894042675	0.9960494084604444	0.9927804878486242	0.9909617611551272	0.9896360293769877	0.9724930275742222
0.9937103617376537	0.9944063208726307	0.9887351807045589	0.9917604900547887	0.9885838890156721	0.9939260641622019	0.9940601684732243	0.9970771674258384	0.988763835090861	0.9935204629427756	0.9883159619682264	0.9889671353884075	0.9879832117585104	0.9947226691255547	0.9897024629692941	0.9874197680794538	0.9893505773504623	0.9937103617376537	0.9875379277771267	0.993899178041169	0.9890239721825059	0.996084873458076	0.9852121014260791	0.9882840972518168	0.985781681370007	0.9911231466380694	0.9944592556652259	0.98741502726773	0.9919607307836202	0.9875894989311461	0.9945912240096956	0.992971816022655	0.9917891702328224	0.9871116044250974	0.9884748248893134	0.9846251550068431	0.9952691188543522	0.9946438646070752	0.9905030847343126	1.0	0.9893196977769907	0.9938722700833944	0.9875940135450105	0.9919036427890514	0.9844169815314512	0.9675590317736825
