/home/jshaw/scratch/2022_sketched_distance/references/SGB_genome_fastas_part3/4959/BackhedF_2015__SID38_M__bin.48.fa	/home/jshaw/scratch/2022_sketched_distance/references/SGB_genome_fastas_part3/4959/CM_madagascar__A15_02_1FE__bin.27.fa	/home/jshaw/scratch/2022_sketched_distance/references/SGB_genome_fastas_part3/4959/CosteaPI_2017__bugkiller-11-7-0__bin.17.fa	/home/jshaw/scratch/2022_sketched_distance/references/SGB_genome_fastas_part3/4959/CosteaPI_2017__SID713A010-11-90-0__bin.32.fa	/home/jshaw/scratch/2022_sketched_distance/references/SGB_genome_fastas_part3/4959/FengQ_2015__SID31188__bin.62.fa	/home/jshaw/scratch/2022_sketched_distance/references/SGB_genome_fastas_part3/4959/FengQ_2015__SID31871__bin.33.fa	/home/jshaw/scratch/2022_sketched_distance/references/SGB_genome_fastas_part3/4959/FengQ_2015__SID31883__bin.1.fa	/home/jshaw/scratch/2022_sketched_distance/references/SGB_genome_fastas_part3/4959/FengQ_2015__SID530154__bin.5.fa	/home/jshaw/scratch/2022_sketched_distance/references/SGB_genome_fastas_part3/4959/HMP_2012__SRS015133__bin.58.fa	/home/jshaw/scratch/2022_sketched_distance/references/SGB_genome_fastas_part3/4959/IjazUZ_2017__S4_a_WGS__bin.22.fa	/home/jshaw/scratch/2022_sketched_distance/references/SGB_genome_fastas_part3/4959/KarlssonFH_2013__S372__bin.31.fa	/home/jshaw/scratch/2022_sketched_distance/references/SGB_genome_fastas_part3/4959/KarlssonFH_2013__S434__bin.53.fa	/home/jshaw/scratch/2022_sketched_distance/references/SGB_genome_fastas_part3/4959/LiJ_2014__O2.UC32-1__bin.39.fa	/home/jshaw/scratch/2022_sketched_distance/references/SGB_genome_fastas_part3/4959/LiJ_2014__O2.UC4-1__bin.70.fa	/home/jshaw/scratch/2022_sketched_distance/references/SGB_genome_fastas_part3/4959/LiJ_2014__V1.FI36__bin.59.fa	/home/jshaw/scratch/2022_sketched_distance/references/SGB_genome_fastas_part3/4959/LiSS_2016__FAT_024-22-84-0__bin.7.fa	/home/jshaw/scratch/2022_sketched_distance/references/SGB_genome_fastas_part3/4959/LiuW_2016__SRR3993035__bin.110.fa	/home/jshaw/scratch/2022_sketched_distance/references/SGB_genome_fastas_part3/4959/NielsenHB_2014__O2_UC17_2__bin.12.fa	/home/jshaw/scratch/2022_sketched_distance/references/SGB_genome_fastas_part3/4959/NielsenHB_2014__V1_CD15_3__bin.40.fa	/home/jshaw/scratch/2022_sketched_distance/references/SGB_genome_fastas_part3/4959/NielsenHB_2014__V1_CD17_4__bin.17.fa	/home/jshaw/scratch/2022_sketched_distance/references/SGB_genome_fastas_part3/4959/NielsenHB_2014__V1_UC4_5__bin.83.fa	/home/jshaw/scratch/2022_sketched_distance/references/SGB_genome_fastas_part3/4959/SchirmerM_2016__G89052__bin.18.fa	/home/jshaw/scratch/2022_sketched_distance/references/SGB_genome_fastas_part3/4959/XieH_2016__YSZC12003_36389__bin.26.fa	/home/jshaw/scratch/2022_sketched_distance/references/SGB_genome_fastas_part3/4959/ZeeviD_2015__PNP_Main_144__bin.9.fa	/home/jshaw/scratch/2022_sketched_distance/references/SGB_genome_fastas_part3/4959/ZeeviD_2015__PNP_Main_243__bin.52.fa	/home/jshaw/scratch/2022_sketched_distance/references/SGB_genome_fastas_part3/4959/ZellerG_2014__CCIS36699628ST-4-0__bin.17.fa	/home/jshaw/scratch/2022_sketched_distance/references/SGB_genome_fastas_part3/4959/ZellerG_2014__CCIS76845094ST-20-0__bin.91.fa	/home/jshaw/scratch/2022_sketched_distance/references/SGB_genome_fastas_part3/4959/ZellerG_2014__CCIS98512455ST-4-0__bin.37.fa	/home/jshaw/scratch/2022_sketched_distance/references/SGB_genome_fastas_part3/4959/ZellerG_2014__CCMD13071240ST-21-0__bin.47.fa	/home/jshaw/scratch/2022_sketched_distance/references/SGB_genome_fastas_part3/4959/ZellerG_2014__MMPU29365221ST__bin.5.fa
1.0	0.9760714206158513	0.983508292782807	0.976648954059193	0.9864193511445813	0.9854348849247974	0.9687862706165414	0.9807531098363037	0.9824309873883414	0.9779687722895106	0.9866250616014416	0.9819413491413809	0.9853497225202398	0.9814888224855212	0.9871061499015678	0.9847243932174751	0.9819420207947823	0.9859622059077665	0.9783050639583616	0.9784594435903733	0.9839635181151655	0.9806001185533646	0.9767822142530085	0.9841999574751811	0.978625301473776	0.9861707876161635	0.9834179735269941	0.9858784011669429	0.9843761089771627	0.9847690262149968
0.9760714206158513	1.0	0.9762856420946189	0.9701692718967709	0.9734091304808786	0.9760464613475044	0.9690628709270419	0.9778350266899836	0.97589323779077	0.9725042454793438	0.9755778144580752	0.9752340143076705	0.9755516850381581	0.9746560809216128	0.9788261781618374	0.9791091074374116	0.9769632143080769	0.9770669785078252	0.9762773441435706	0.9739209244592435	0.9780097036834942	0.9760671394629652	0.9749380366143363	0.9773858093454248	0.9730791211703643	0.9715534364769981	0.9752913231203794	0.9704646963286948	0.975071007819808	0.9752628185623846
0.983508292782807	0.9762856420946189	1.0	0.976648954059193	0.9865926055771926	0.9851414539710412	0.9762755129155513	0.9846282354957973	0.9828893575760659	0.9782741438663215	0.987332384130026	0.9836567776983505	0.9833444549513547	0.9822632722957413	0.9862379495492585	0.9881825873288564	0.9846475890164641	0.9858358019510959	0.9838727577184655	0.9796657621906778	0.9853453507624084	0.9819512238898092	0.9827924005488256	0.9845139549650155	0.980683817308853	0.9856586522028816	0.983895055612822	0.9845752076409209	0.9848393228522831	0.9962952777056597
0.976648954059193	0.9701692718967709	0.976648954059193	1.0	0.9802200041527038	0.978715161544869	0.9545084475456814	0.9658603189903977	0.9766817550345814	0.9733352259791317	0.9797161005404336	0.9721886496075888	0.9777143145541992	0.9716572410840972	0.9749652564502691	0.9755475463564696	0.968424007155038	0.9794461468169998	0.9650779013116327	0.9685553575602162	0.973055206505325	0.9691914016725544	0.9622494164619914	0.977809460044199	0.9690273378829132	0.9787459484350552	0.9773309300453858	0.9779358901926017	0.9773309300453858	0.9784988359083084
0.9864193511445813	0.9734091304808786	0.9865926055771926	0.9802200041527038	1.0	0.9897057796231212	0.9802490790694217	0.9915831910701177	0.9869421602884424	0.9819403546885219	0.9865132477490166	0.9857605622429478	0.9870498716576728	0.984219161786738	0.9901773606173722	0.9905713855437829	0.9860443580605361	0.9892963437140384	0.9888065727602937	0.9840897850079682	0.9879460232058285	0.9873986960903908	0.9872651365929678	0.9865517012621857	0.9841167983204517	0.9843560019612687	0.9866114859276731	0.9826145935448626	0.9878468789829699	0.9867005628112075
0.9854348849247974	0.9760464613475044	0.9851414539710412	0.978715161544869	0.9897057796231212	1.0	0.9768943040925433	0.9888677078634873	0.9852804289405208	0.9797542614408792	0.9881368570134772	0.9840837493837176	0.9848973809209363	0.9830198264167128	0.9890179762359655	0.989138918729034	0.9846475890164641	0.9875731489663379	0.98641866557183	0.9818068378184516	0.9868301431546201	0.9863106904356238	0.9839153882601647	0.986138694465413	0.9822964010504822	0.987590911712741	0.9846313655526246	0.9855015358357185	0.9857278287616206	0.9855582553636024
0.9687862706165414	0.9690628709270419	0.9762755129155513	0.9545084475456814	0.9802490790694217	0.9768943040925433	1.0	0.9809970673418721	0.9733151561290109	0.9676555433704292	0.9805083028066713	0.9675113751252215	0.9736355918802071	0.9639501122251254	0.9653192811653476	0.9759059453238687	0.966637294583985	0.9792917637402744	0.979258247008961	0.9585106487376603	0.962294207950453	0.9637883119199033	0.9797690959460547	0.9779932840164304	0.9617803026798677	0.9783055228003644	0.9775369260045845	0.9740317382239835	0.9776780256805683	0.9783400321523762
0.9807531098363037	0.9778350266899836	0.9846282354957973	0.9658603189903977	0.9915831910701177	0.9888677078634873	0.9809970673418721	1.0	0.9841461024714472	0.9787850163734443	0.9907989534447299	0.9776739686331462	0.9859500745549873	0.9761874485765052	0.9752734047371339	0.9858663811087897	0.9768565153111004	0.9895490849338253	0.9896986090940375	0.9696578353703751	0.9714013100631205	0.9778350266899836	0.9897358844780685	0.98871435908308	0.977403756941148	0.9904362321171376	0.988637416294121	0.9841019188375617	0.9888294375037074	0.9867347118544233
0.9824309873883414	0.97589323779077	0.9828893575760659	0.9766817550345814	0.9869421602884424	0.9852804289405208	0.9733151561290109	0.9841461024714472	1.0	0.9783626427781669	0.9863846059180456	0.9822169378257535	0.983614611335083	0.9822632722957413	0.9867803310504955	0.9857405906703293	0.9822504996124182	0.985139760487533	0.9829283874281652	0.980129935104658	0.984984373838641	0.9825473931342465	0.9808980214147168	0.9843654334867741	0.9805696181960454	0.9854005242091773	0.9826077565718303	0.9839921707596708	0.9846936949921941	0.984673274558589
0.9779687722895106	0.9725042454793438	0.9782741438663215	0.9733352259791317	0.9819403546885219	0.9797542614408792	0.9676555433704292	0.9787850163734443	0.9783626427781669	1.0	0.9842984543152791	0.9782144548424831	0.9788513426423197	0.9779904635176525	0.9824356566111065	0.9818747988215207	0.9790263806048358	0.9808428045912156	0.9768593875722797	0.9781996971182207	0.9808854671005975	0.9764610232584172	0.9756172117437896	0.9797307022924251	0.9772299171527299	0.9817415046516548	0.9788952354928464	0.9794466587202767	0.9795416147197098	0.9799655325229176
0.9866250616014416	0.9755778144580752	0.987332384130026	0.9797161005404336	0.9865132477490166	0.9881368570134772	0.9805083028066713	0.9907989534447299	0.9863846059180456	0.9842984543152791	1.0	0.9857157447514608	0.9880019725847778	0.9858140952230139	0.9901351391648459	0.9906672615893785	0.9865060482669586	0.9894140791779537	0.9893528331957461	0.9849231010214079	0.9882001978061437	0.9860462482770073	0.987320476580902	0.986569505198643	0.9837814649897735	0.9862614478604723	0.9867393470318363	0.9839220412075699	0.9879694820693258	0.9867359094228538
0.9819413491413809	0.9752340143076705	0.9836567776983505	0.9721886496075888	0.9857605622429478	0.9840837493837176	0.9675113751252215	0.9776739686331462	0.9822169378257535	0.9782144548424831	0.9857157447514608	1.0	0.9842248470061579	0.9799922090348375	0.9825422780488005	0.9820919577761121	0.979895730063146	0.9848523839579725	0.9764238336180188	0.9772067878916888	0.9829692980563376	0.9783955579877213	0.9766292691140025	0.9834411887390775	0.9766545900424248	0.9862716178118007	0.98271214171083	0.9842951689016242	0.9845749589898877	0.9853549866896094
0.9853497225202398	0.9755516850381581	0.9833444549513547	0.9777143145541992	0.9870498716576728	0.9848973809209363	0.9736355918802071	0.9859500745549873	0.983614611335083	0.9788513426423197	0.9880019725847778	0.9842248470061579	1.0	0.9904013434650727	0.9889523552037044	0.9878088534516836	0.9832483430947456	0.9863801547138207	0.9830777507583135	0.9815136277709461	0.9874317113037909	0.9831038757679424	0.9821838218563305	0.9859716779042298	0.9812489050984089	0.9867454063846591	0.9848973809209363	0.9867645182466773	0.9861668238255553	0.9853193482102935
0.9814888224855212	0.9746560809216128	0.9822632722957413	0.9716572410840972	0.984219161786738	0.9830198264167128	0.9639501122251254	0.9761874485765052	0.9822632722957413	0.9779904635176525	0.9858140952230139	0.9799922090348375	0.9904013434650727	1.0	0.9837441166399056	0.9824920790825165	0.9782375489695975	0.9837836704652018	0.9715016444474176	0.9777070236704665	0.9815122514442389	0.9759950091373735	0.9718484322994	0.9836127386163557	0.9750348481166464	0.9847436964014664	0.981904141592228	0.9846489479420583	0.9832929098533476	0.9829699294556936
0.9871061499015678	0.9788261781618374	0.9862379495492585	0.9749652564502691	0.9901773606173722	0.9890179762359655	0.9653192811653476	0.9752734047371339	0.9867803310504955	0.9824356566111065	0.9901351391648459	0.9825422780488005	0.9889523552037044	0.9837441166399056	1.0	0.9875203744254152	0.9797303352747071	0.989365766217003	0.9754219844348654	0.9797280343797731	0.9858930674463777	0.9794840177856163	0.9746134465994701	0.9873369179823054	0.9787162377578812	0.9889742433979843	0.9873369179823054	0.9894737026255698	0.9883780993353647	0.9883111904224413
0.9847243932174751	0.9791091074374116	0.9881825873288564	0.9755475463564696	0.9905713855437829	0.989138918729034	0.9759059453238687	0.9858663811087897	0.9857405906703293	0.9818747988215207	0.9906672615893785	0.9820919577761121	0.9878088534516836	0.9824920790825165	0.9875203744254152	1.0	0.9830392041304339	0.9900097458407382	0.9829283874281652	0.9790681762739685	0.9862173682934272	0.9822506653949566	0.9836072864572086	0.9878297280927254	0.9804550186881016	0.9898138394694167	0.9895772059324331	0.987662359221873	0.9890384902947957	0.9894781054277143
0.9819420207947823	0.9769632143080769	0.9846475890164641	0.968424007155038	0.9860443580605361	0.9846475890164641	0.966637294583985	0.9768565153111004	0.9822504996124182	0.9790263806048358	0.9865060482669586	0.979895730063146	0.9832483430947456	0.9782375489695975	0.9797303352747071	0.9830392041304339	1.0	0.9848751029335941	0.9740970183511009	0.9708224950443742	0.9752587718924984	0.9722725060682345	0.9735776760126122	0.9851572958708915	0.9732583314446582	0.9861263053902667	0.9831588754883407	0.9837800806387159	0.9837800806387159	0.9852694974959162
0.9859622059077665	0.9770669785078252	0.9858358019510959	0.9794461468169998	0.9892963437140384	0.9875731489663379	0.9792917637402744	0.9895490849338253	0.985139760487533	0.9808428045912156	0.9894140791779537	0.9848523839579725	0.9863801547138207	0.9837836704652018	0.989365766217003	0.9900097458407382	0.9848751029335941	1.0	0.9875042892672627	0.9843609156450089	0.9892468235619333	0.9860196866762337	0.9856183817609038	0.9860030797962134	0.9825396586510483	0.9888040538250457	0.9857398665683338	0.9859098371406767	0.9863181407749002	0.986133176702526
0.9783050639583616	0.9762773441435706	0.9838727577184655	0.9650779013116327	0.9888065727602937	0.98641866557183	0.979258247008961	0.9896986090940375	0.9829283874281652	0.9768593875722797	0.9893528331957461	0.9764238336180188	0.9830777507583135	0.9715016444474176	0.9754219844348654	0.9829283874281652	0.9740970183511009	0.9875042892672627	1.0	0.9701115095004438	0.9710304902628107	0.9755348370799373	0.9871263780972708	0.9856285528825454	0.9706398332696369	0.988301991866967	0.9862025936256332	0.9836392032972711	0.987032079229779	0.9861211991060259
0.9784594435903733	0.9739209244592435	0.9796657621906778	0.9685553575602162	0.9840897850079682	0.9818068378184516	0.9585106487376603	0.9696578353703751	0.980129935104658	0.9781996971182207	0.9849231010214079	0.9772067878916888	0.9815136277709461	0.9777070236704665	0.9797280343797731	0.9790681762739685	0.9708224950443742	0.9843609156450089	0.9701115095004438	1.0	0.975608124986088	0.970457806460834	0.9680355143455832	0.9823854935505301	0.9747287449727654	0.9880357053970209	0.979821220589159	0.9830385474485949	0.9820974442171938	0.9809491830840029
0.9839635181151655	0.9780097036834942	0.9853453507624084	0.973055206505325	0.9879460232058285	0.9868301431546201	0.962294207950453	0.9714013100631205	0.984984373838641	0.9808854671005975	0.9882001978061437	0.9829692980563376	0.9874317113037909	0.9815122514442389	0.9858930674463777	0.9862173682934272	0.9752587718924984	0.9892468235619333	0.9710304902628107	0.975608124986088	1.0	0.9741628637608362	0.9704881026732277	0.985920215070765	0.9772404877007728	0.9891977306352827	0.9869881374176073	0.9878438015374573	0.9867508605441321	0.9874576186282827
0.9806001185533646	0.9760671394629652	0.9819512238898092	0.9691914016725544	0.9873986960903908	0.9863106904356238	0.9637883119199033	0.9778350266899836	0.9825473931342465	0.9764610232584172	0.9860462482770073	0.9783955579877213	0.9831038757679424	0.9759950091373735	0.9794840177856163	0.9822506653949566	0.9722725060682345	0.9860196866762337	0.9755348370799373	0.970457806460834	0.9741628637608362	1.0	0.9738292911601671	0.9837651094197641	0.9738304189411746	0.9863896100629352	0.9834505307936212	0.9826064174142325	0.9843014646978393	0.9841611666470669
0.9767822142530085	0.9749380366143363	0.9827924005488256	0.9622494164619914	0.9872651365929678	0.9839153882601647	0.9797690959460547	0.9897358844780685	0.9808980214147168	0.9756172117437896	0.987320476580902	0.9766292691140025	0.9821838218563305	0.9718484322994	0.9746134465994701	0.9836072864572086	0.9735776760126122	0.9856183817609038	0.9871263780972708	0.9680355143455832	0.9704881026732277	0.9738292911601671	1.0	0.9846132286639099	0.9694050183178816	0.9860522375829598	0.9857056124007259	0.9816295463214084	0.9859659234336207	0.9848227024977358
0.9841999574751811	0.9773858093454248	0.9845139549650155	0.977809460044199	0.9865517012621857	0.986138694465413	0.9779932840164304	0.98871435908308	0.9843654334867741	0.9797307022924251	0.986569505198643	0.9834411887390775	0.9859716779042298	0.9836127386163557	0.9873369179823054	0.9878297280927254	0.9851572958708915	0.9860030797962134	0.9856285528825454	0.9823854935505301	0.985920215070765	0.9837651094197641	0.9846132286639099	1.0	0.9823506146737733	0.9859042527075467	0.984475488980044	0.9856489821637527	0.9849122039654208	0.9840742310941956
0.978625301473776	0.9730791211703643	0.980683817308853	0.9690273378829132	0.9841167983204517	0.9822964010504822	0.9617803026798677	0.977403756941148	0.9805696181960454	0.9772299171527299	0.9837814649897735	0.9766545900424248	0.9812489050984089	0.9750348481166464	0.9787162377578812	0.9804550186881016	0.9732583314446582	0.9825396586510483	0.9706398332696369	0.9747287449727654	0.9772404877007728	0.9738304189411746	0.9694050183178816	0.9823506146737733	1.0	0.9838332784244022	0.9807692055902691	0.9820786443971281	0.9826203446404852	0.9824047386877254
0.9861707876161635	0.9715534364769981	0.9856586522028816	0.9787459484350552	0.9843560019612687	0.987590911712741	0.9783055228003644	0.9904362321171376	0.9854005242091773	0.9817415046516548	0.9862614478604723	0.9862716178118007	0.9867454063846591	0.9847436964014664	0.9889742433979843	0.9898138394694167	0.9861263053902667	0.9888040538250457	0.988301991866967	0.9880357053970209	0.9891977306352827	0.9863896100629352	0.9860522375829598	0.9859042527075467	0.9838332784244022	1.0	0.9856646077252851	0.9806454940762503	0.9868673427550844	0.9849016241376668
0.9834179735269941	0.9752913231203794	0.983895055612822	0.9773309300453858	0.9866114859276731	0.9846313655526246	0.9775369260045845	0.988637416294121	0.9826077565718303	0.9788952354928464	0.9867393470318363	0.98271214171083	0.9848973809209363	0.981904141592228	0.9873369179823054	0.9895772059324331	0.9831588754883407	0.9857398665683338	0.9862025936256332	0.979821220589159	0.9869881374176073	0.9834505307936212	0.9857056124007259	0.984475488980044	0.9807692055902691	0.9856646077252851	1.0	0.9833024380520982	0.9853047547714467	0.9843776887906702
0.9858784011669429	0.9704646963286948	0.9845752076409209	0.9779358901926017	0.9826145935448626	0.9855015358357185	0.9740317382239835	0.9841019188375617	0.9839921707596708	0.9794466587202767	0.9839220412075699	0.9842951689016242	0.9867645182466773	0.9846489479420583	0.9894737026255698	0.987662359221873	0.9837800806387159	0.9859098371406767	0.9836392032972711	0.9830385474485949	0.9878438015374573	0.9826064174142325	0.9816295463214084	0.9856489821637527	0.9820786443971281	0.9806454940762503	0.9833024380520982	1.0	0.9843315297526425	0.9840693346063719
0.9843761089771627	0.975071007819808	0.9848393228522831	0.9773309300453858	0.9878468789829699	0.9857278287616206	0.9776780256805683	0.9888294375037074	0.9846936949921941	0.9795416147197098	0.9879694820693258	0.9845749589898877	0.9861668238255553	0.9832929098533476	0.9883780993353647	0.9890384902947957	0.9837800806387159	0.9863181407749002	0.987032079229779	0.9820974442171938	0.9867508605441321	0.9843014646978393	0.9859659234336207	0.9849122039654208	0.9826203446404852	0.9868673427550844	0.9853047547714467	0.9843315297526425	1.0	0.9855204746138023
0.9847690262149968	0.9752628185623846	0.9962952777056597	0.9784988359083084	0.9867005628112075	0.9855582553636024	0.9783400321523762	0.9867347118544233	0.984673274558589	0.9799655325229176	0.9867359094228538	0.9853549866896094	0.9853193482102935	0.9829699294556936	0.9883111904224413	0.9894781054277143	0.9852694974959162	0.986133176702526	0.9861211991060259	0.9809491830840029	0.9874576186282827	0.9841611666470669	0.9848227024977358	0.9840742310941956	0.9824047386877254	0.9849016241376668	0.9843776887906702	0.9840693346063719	0.9855204746138023	1.0
