/home/jshaw/scratch/2022_sketched_distance/references/SGB_genome_fastas_part4/9298/Bengtsson-PalmeJ_2015__TRAVELRES23__bin.47.fa	/home/jshaw/scratch/2022_sketched_distance/references/SGB_genome_fastas_part4/9298/Bengtsson-PalmeJ_2015__TRAVELRES24__bin.8.fa	/home/jshaw/scratch/2022_sketched_distance/references/SGB_genome_fastas_part4/9298/Bengtsson-PalmeJ_2015__TRAVELRES63__bin.108.fa	/home/jshaw/scratch/2022_sketched_distance/references/SGB_genome_fastas_part4/9298/BritoIL_2016__W2.46.ST__bin.25.fa	/home/jshaw/scratch/2022_sketched_distance/references/SGB_genome_fastas_part4/9298/BritoIL_2016__WL.15.ST__bin.16.fa	/home/jshaw/scratch/2022_sketched_distance/references/SGB_genome_fastas_part4/9298/BritoIL_2016__WL.39.ST__bin.32.fa	/home/jshaw/scratch/2022_sketched_distance/references/SGB_genome_fastas_part4/9298/LiJ_2014__MH0401__bin.50.fa	/home/jshaw/scratch/2022_sketched_distance/references/SGB_genome_fastas_part4/9298/LiSS_2016__FAT_017-22-84-0__bin.29.fa	/home/jshaw/scratch/2022_sketched_distance/references/SGB_genome_fastas_part4/9298/LiuW_2016__SRR3992960__bin.11.fa	/home/jshaw/scratch/2022_sketched_distance/references/SGB_genome_fastas_part4/9298/LiuW_2016__SRR3993015__bin.15.fa	/home/jshaw/scratch/2022_sketched_distance/references/SGB_genome_fastas_part4/9298/NielsenHB_2014__V1_UC23_1__bin.16.fa	/home/jshaw/scratch/2022_sketched_distance/references/SGB_genome_fastas_part4/9298/RaymondF_2016__P9E0__bin.30.fa	/home/jshaw/scratch/2022_sketched_distance/references/SGB_genome_fastas_part4/9298/ZeeviD_2015__PNP_Main_122__bin.30.fa	/home/jshaw/scratch/2022_sketched_distance/references/SGB_genome_fastas_part4/9298/ZeeviD_2015__PNP_Main_16__bin.15.fa	/home/jshaw/scratch/2022_sketched_distance/references/SGB_genome_fastas_part4/9298/ZeeviD_2015__PNP_Main_29__bin.19.fa	/home/jshaw/scratch/2022_sketched_distance/references/SGB_genome_fastas_part4/9298/ZeeviD_2015__PNP_Main_38__bin.17.fa	/home/jshaw/scratch/2022_sketched_distance/references/SGB_genome_fastas_part4/9298/ZeeviD_2015__PNP_Main_415__bin.46.fa	/home/jshaw/scratch/2022_sketched_distance/references/SGB_genome_fastas_part4/9298/ZeeviD_2015__PNP_Main_482__bin.15.fa	/home/jshaw/scratch/2022_sketched_distance/references/SGB_genome_fastas_part4/9298/ZeeviD_2015__PNP_Main_487__bin.14.fa	/home/jshaw/scratch/2022_sketched_distance/references/SGB_genome_fastas_part4/9298/ZeeviD_2015__PNP_Main_539__bin.51.fa	/home/jshaw/scratch/2022_sketched_distance/references/SGB_genome_fastas_part4/9298/ZeeviD_2015__PNP_Main_547__bin.27.fa	/home/jshaw/scratch/2022_sketched_distance/references/SGB_genome_fastas_part4/9298/ZeeviD_2015__PNP_Main_561__bin.28.fa	/home/jshaw/scratch/2022_sketched_distance/references/SGB_genome_fastas_part4/9298/ZeeviD_2015__PNP_Main_602__bin.12.fa	/home/jshaw/scratch/2022_sketched_distance/references/SGB_genome_fastas_part4/9298/ZeeviD_2015__PNP_Main_607__bin.26.fa	/home/jshaw/scratch/2022_sketched_distance/references/SGB_genome_fastas_part4/9298/ZeeviD_2015__PNP_Main_650__bin.28.fa	/home/jshaw/scratch/2022_sketched_distance/references/SGB_genome_fastas_part4/9298/ZeeviD_2015__PNP_Main_668__bin.7.fa	/home/jshaw/scratch/2022_sketched_distance/references/SGB_genome_fastas_part4/9298/ZeeviD_2015__PNP_Main_727__bin.17.fa	/home/jshaw/scratch/2022_sketched_distance/references/SGB_genome_fastas_part4/9298/ZeeviD_2015__PNP_Main_741__bin.63.fa	/home/jshaw/scratch/2022_sketched_distance/references/SGB_genome_fastas_part4/9298/ZeeviD_2015__PNP_Main_769__bin.12.fa	/home/jshaw/scratch/2022_sketched_distance/references/SGB_genome_fastas_part4/9298/ZeeviD_2015__PNP_Validation_27__bin.17.fa	/home/jshaw/scratch/2022_sketched_distance/references/SGB_genome_fastas_part4/9298/ZeeviD_2015__PNP_Validation_74__bin.28.fa	/home/jshaw/scratch/2022_sketched_distance/references/SGB_genome_fastas_part4/9298/ZellerG_2014__CCIS22958137ST-20-0__bin.2.fa
1.0	0.9993050691066718	0.9675718530013807	0.9867052838712645	0.9832474267167927	0.9822320167705775	0.9842442385492586	0.9779876869377592	0.982093965232251	0.9861625963957465	0.9790738034364526	0.9832787760072806	0.9851266729048029	0.9680525024072979	0.979583269809683	0.9823142436635649	0.9619891220234421	0.9833330438485306	0.9848689738186566	0.9809726298704973	0.9924392867627905	0.9781177427588699	0.9818580077213305	0.9671285949035824	0.9831154312572381	0.9614347275187562	0.9854840876096037	0.98016093297574	0.9655273401785374	0.97968790067984	0.9848689738186566	0.9783094173572712
0.9993050691066718	1.0	0.965924258684841	0.9881042581840775	0.9874589406231252	0.9885188530505876	0.9880753884277521	0.9864836848628395	0.9865559479660474	0.9857381513057507	0.9850177263324786	0.9840170162283357	0.9864729084929118	0.9690879377709197	0.9851151132325425	0.9843690150478228	0.9676104476037966	0.9843923818284207	0.9845630683234042	0.9843817615431903	0.9949321226556517	0.983380172613965	0.9884156822635443	0.9681672450866607	0.9837374547485187	0.967483841289944	0.9855256106270434	0.9860203347756096	0.9662033948354837	0.9857324944637013	0.9848427409470905	0.9854441921281645
0.9675718530013807	0.965924258684841	1.0	0.9664583798646237	0.9663572625336192	0.96820512413234	0.968048957545983	0.9673908674756728	0.965491976235386	0.964734786780064	0.9661978236015671	0.9644917546571604	0.9651815061201194	0.9954940693917157	0.9662606318574035	0.9671792636059926	0.9959850791643651	0.9658345903776144	0.9634631715576822	0.9648873120888548	0.9657579998529155	0.964193519986484	0.9671904777376613	0.9959587459387318	0.9648864316095698	0.9920657179365383	0.967320161574882	0.9677765982940519	0.9952792838642649	0.9688952905031704	0.9660723665316193	0.9682626558483474
0.9867052838712645	0.9881042581840775	0.9664583798646237	1.0	0.9967068108557919	0.9976617478889128	0.9952079543684393	0.9901422315351469	0.9931311336429087	0.9961589310776449	0.9893752523398692	0.9874819458445548	0.9955342540003526	0.9700471690121646	0.9892699910145418	0.9879994671497541	0.9683464270135466	0.9884244556184926	0.9892076191420784	0.988402047508344	0.9869088415630402	0.9875238997611308	0.9952328306747679	0.9691309621923285	0.9877491143963035	0.9677253361200393	0.9876771333071805	0.989405575002847	0.9674916096238898	0.9899496652603244	0.9879166496336139	0.9882776749340314
0.9832474267167927	0.9874589406231252	0.9663572625336192	0.9967068108557919	1.0	0.9881015568588215	0.988877335362635	0.9801578764336434	0.9822204269209694	0.995797922195043	0.9792283106889138	0.9869610855077308	0.9950733925581473	0.970599864830354	0.9840610810559736	0.9876559929568058	0.9610267679090657	0.9888141704903443	0.9895333612328941	0.9868941320141497	0.9854206370955138	0.9844604617562446	0.9867934455709754	0.9699303446895601	0.9886239462898241	0.9576588460515546	0.9861485048591511	0.9786931689009927	0.9690155206125362	0.9792760690226866	0.9863194563682599	0.9787524493799146
0.9822320167705775	0.9885188530505876	0.96820512413234	0.9976617478889128	0.9881015568588215	1.0	0.9906075373549726	0.9764331877593688	0.9851602588390909	0.9971225958106666	0.9824821280740755	0.9872507581267145	0.995851629542217	0.9728088694034851	0.9846977775548357	0.9889718563010887	0.9644370411545442	0.9901371363048125	0.9906464365798039	0.9880174594819556	0.9864216022156712	0.986685705899292	0.9891350533325316	0.9716484376046801	0.989418718821602	0.9605624950996825	0.9868169666552793	0.9802659912431341	0.9700821997859986	0.9797825100038758	0.986860604097617	0.9750121626793387
0.9842442385492586	0.9880753884277521	0.968048957545983	0.9952079543684393	0.988877335362635	0.9906075373549726	1.0	0.9831647661409291	0.9853705214966765	0.9943932673226894	0.982180481474458	0.9871447508143483	0.993351665569468	0.9697493272456006	0.9822758694970181	0.9868659497153903	0.9612200041011524	0.9887168265430729	0.9894238298778925	0.9858133334008373	0.9855521124426633	0.9844256832748993	0.9889438195390001	0.9692245071820884	0.9881831658353896	0.9602424732384311	0.9867537643094144	0.981646360467195	0.967999034944595	0.9828494153874587	0.9875585728307961	0.9828806671205181
0.9779876869377592	0.9864836848628395	0.9673908674756728	0.9901422315351469	0.9801578764336434	0.9764331877593688	0.9831647661409291	1.0	0.9762248442150208	0.9876835028765105	0.9905947514257997	0.9948087840939235	0.9894980950768621	0.9749459574981242	0.9942903524717769	0.9950846180601857	0.9671151510150244	0.9975784901122862	0.9978684436746449	0.995319235093249	0.9841633795598808	0.9958603082715375	0.9865853580937745	0.9740645263668467	0.9972492413439166	0.9648201093037837	0.992045551567218	0.9873876247214034	0.9730050022193563	0.9881223935605115	0.9918297854820824	0.9833893236396631
0.982093965232251	0.9865559479660474	0.965491976235386	0.9931311336429087	0.9822204269209694	0.9851602588390909	0.9853705214966765	0.9762248442150208	1.0	0.9928650839667429	0.9758674143452879	0.9846929858781198	0.9914181494419597	0.9684987631173957	0.9798313510841711	0.9849317169870846	0.9593848501644298	0.9861982489786986	0.9867494288413691	0.9835435354196841	0.984001169183402	0.9804605780333401	0.9817587764545121	0.9675852892871164	0.9852697780813271	0.9558549188525376	0.9840361086880155	0.9765016960629868	0.9663456918314725	0.9773312237599651	0.9847955118740069	0.9733826904867157
0.9861625963957465	0.9857381513057507	0.964734786780064	0.9961589310776449	0.995797922195043	0.9971225958106666	0.9943932673226894	0.9876835028765105	0.9928650839667429	1.0	0.9868427998880535	0.9859418675038523	0.9946202728306666	0.9672131996040249	0.9880566184890773	0.9868933453653921	0.966965959753251	0.9868185022277214	0.9875780277736693	0.9874362658008868	0.9862078836907736	0.9864285068838223	0.9933768748479755	0.9661742892244443	0.9869627080247958	0.966436816011024	0.98756616571727	0.9875717469068201	0.964734786780064	0.9885568236605802	0.9875010104272407	0.9878637308300006
0.9790738034364526	0.9850177263324786	0.9661978236015671	0.9893752523398692	0.9792283106889138	0.9824821280740755	0.982180481474458	0.9905947514257997	0.9758674143452879	0.9868427998880535	1.0	0.9921206014557135	0.9885137751340684	0.9714587142762118	0.9898536145526607	0.991858736929203	0.9611457414152014	0.9941441005176084	0.9952064978413644	0.9917006168738858	0.9823564179561092	0.9909525529280999	0.9825724542462062	0.970412108741413	0.99367459676385	0.9598606015193812	0.9899929993651851	0.9858788225285194	0.9691203159432339	0.9871749519944375	0.9910065513908042	0.987780313959039
0.9832787760072806	0.9840170162283357	0.9644917546571604	0.9874819458445548	0.9869610855077308	0.9872507581267145	0.9871447508143483	0.9948087840939235	0.9846929858781198	0.9859418675038523	0.9921206014557135	1.0	0.9864281217376605	0.9675648166648954	0.994379324398292	0.9926202721127456	0.964777610543144	0.9945549880638099	0.9953097860956038	0.9939193047553626	0.9825617247761623	0.9929940525438925	0.988622075900986	0.9671261492273704	0.9935151206313471	0.9645017738556109	0.9933243378722516	0.9924754339112974	0.9646655843878565	0.9951982622130436	0.9944971028392745	0.9928419986965683
0.9851266729048029	0.9864729084929118	0.9651815061201194	0.9955342540003526	0.9950733925581473	0.995851629542217	0.993351665569468	0.9894980950768621	0.9914181494419597	0.9946202728306666	0.9885137751340684	0.9864281217376605	1.0	0.9683766058536477	0.9881091719086882	0.9873402646602217	0.9666935732465083	0.987551557070355	0.9894042239196001	0.9870843604906199	0.9844715843884823	0.9870801834945809	0.9935545631988005	0.9671444148707539	0.9878318927545182	0.9655482534399995	0.9864354101023672	0.9885014170584145	0.9656517514089997	0.9902806443698234	0.9872135714374574	0.9889293540050899
0.9680525024072979	0.9690879377709197	0.9954940693917157	0.9700471690121646	0.970599864830354	0.9728088694034851	0.9697493272456006	0.9749459574981242	0.9684987631173957	0.9672131996040249	0.9714587142762118	0.9675648166648954	0.9683766058536477	1.0	0.9708925927567855	0.9706904747283088	0.9964730121015776	0.9694605453166645	0.9672984269866345	0.9690407752877235	0.9690931944084635	0.9688556430954538	0.9721743854301885	0.9959172169436937	0.9688275505499812	0.9947514350471396	0.9680566092982014	0.9729101088365407	0.9958019633640417	0.9732207172675045	0.9673640917220728	0.972859495004891
0.979583269809683	0.9851151132325425	0.9662606318574035	0.9892699910145418	0.9840610810559736	0.9846977775548357	0.9822758694970181	0.9942903524717769	0.9798313510841711	0.9880566184890773	0.9898536145526607	0.994379324398292	0.9881091719086882	0.9708925927567855	1.0	0.9939421029032773	0.9626782991427876	0.9958657344081396	0.9982105989113174	0.9938098034807183	0.9834637932536489	0.9930273428736727	0.9853165088311159	0.969852852569716	0.9967266408310598	0.963420081816292	0.9933425493045738	0.9904094296865442	0.968540211227894	0.9925090406557102	0.9936991489146034	0.9921176357487813
0.9823142436635649	0.9843690150478228	0.9671792636059926	0.9879994671497541	0.9876559929568058	0.9889718563010887	0.9868659497153903	0.9950846180601857	0.9849317169870846	0.9868933453653921	0.991858736929203	0.9926202721127456	0.9873402646602217	0.9706904747283088	0.9939421029032773	1.0	0.9677166210146225	0.9938820125299902	0.9958265096913395	0.9932216812338672	0.9818447628817126	0.9924923612327528	0.9884747839117727	0.9692928594418997	0.9935894287235133	0.967483841289944	0.9913230343217002	0.9935323269893863	0.9675073047008652	0.9968050509529134	0.9939547564825952	0.9941416621575155
0.9619891220234421	0.9676104476037966	0.9959850791643651	0.9683464270135466	0.9610267679090657	0.9644370411545442	0.9612200041011524	0.9671151510150244	0.9593848501644298	0.966965959753251	0.9611457414152014	0.964777610543144	0.9666935732465083	0.9964730121015776	0.9626782991427876	0.9677166210146225	1.0	0.9673434747693315	0.9677166210146225	0.9644859762211413	0.9652387937375301	0.9637151070027975	0.9635932173993766	0.9980215642600803	0.967236063662408	0.9856582670989258	0.9644273305771242	0.9638359848877794	0.9968016308815467	0.964631435461775	0.9644273305771242	0.9663851580744931
0.9833330438485306	0.9843923818284207	0.9658345903776144	0.9884244556184926	0.9888141704903443	0.9901371363048125	0.9887168265430729	0.9975784901122862	0.9861982489786986	0.9868185022277214	0.9941441005176084	0.9945549880638099	0.987551557070355	0.9694605453166645	0.9958657344081396	0.9938820125299902	0.9673434747693315	1.0	0.9968285504509298	0.9963941600524028	0.9833191115942675	0.994810473984643	0.9904793009688256	0.9682965928473442	0.9952728770106377	0.9676048147255587	0.9935105424855353	0.9948009488110638	0.9667298851291466	0.9965607614264662	0.9938858715956352	0.9950923811264554
0.9848689738186566	0.9845630683234042	0.9634631715576822	0.9892076191420784	0.9895333612328941	0.9906464365798039	0.9894238298778925	0.9978684436746449	0.9867494288413691	0.9875780277736693	0.9952064978413644	0.9953097860956038	0.9894042239196001	0.9672984269866345	0.9982105989113174	0.9958265096913395	0.9677166210146225	0.9968285504509298	1.0	0.9968361367031667	0.9846398171152989	0.9973793869317499	0.9910576586084532	0.9663443733016683	0.9982292754558069	0.9677253361200393	0.9964748571946642	0.9959444884129164	0.9644261900604495	0.9980263494005784	0.9961983560825513	0.9963082975547617
0.9809726298704973	0.9843817615431903	0.9648873120888548	0.988402047508344	0.9868941320141497	0.9880174594819556	0.9858133334008373	0.995319235093249	0.9835435354196841	0.9874362658008868	0.9917006168738858	0.9939193047553626	0.9870843604906199	0.9690407752877235	0.9938098034807183	0.9932216812338672	0.9644859762211413	0.9963941600524028	0.9968361367031667	1.0	0.9820470465396045	0.991530675099882	0.9876678226814121	0.9683357472125314	0.9949389498855512	0.9653546138864563	0.9916782730236655	0.9925044468761525	0.9671398613841041	0.9946256523187449	0.9934364073465706	0.9936908125692482
0.9924392867627905	0.9949321226556517	0.9657579998529155	0.9869088415630402	0.9854206370955138	0.9864216022156712	0.9855521124426633	0.9841633795598808	0.984001169183402	0.9862078836907736	0.9823564179561092	0.9825617247761623	0.9844715843884823	0.9690931944084635	0.9834637932536489	0.9818447628817126	0.9652387937375301	0.9833191115942675	0.9846398171152989	0.9820470465396045	1.0	0.9817573141343322	0.9852839933509762	0.9679526807565836	0.9834187867084153	0.9651598020152136	0.983096119520402	0.9838685420252431	0.9663103129975037	0.983543805406368	0.9816883335274936	0.9837418887995399
0.9781177427588699	0.983380172613965	0.964193519986484	0.9875238997611308	0.9844604617562446	0.986685705899292	0.9844256832748993	0.9958603082715375	0.9804605780333401	0.9864285068838223	0.9909525529280999	0.9929940525438925	0.9870801834945809	0.9688556430954538	0.9930273428736727	0.9924923612327528	0.9637151070027975	0.994810473984643	0.9973793869317499	0.991530675099882	0.9817573141343322	1.0	0.9870262202094828	0.9682863562549456	0.9959114417763466	0.9636256925992291	0.9925554902065123	0.9915929946830794	0.9667481497033802	0.9925090406557102	0.9923657407368603	0.9930562511128607
0.9818580077213305	0.9884156822635443	0.9671904777376613	0.9952328306747679	0.9867934455709754	0.9891350533325316	0.9889438195390001	0.9865853580937745	0.9817587764545121	0.9933768748479755	0.9825724542462062	0.988622075900986	0.9935545631988005	0.9721743854301885	0.9853165088311159	0.9884747839117727	0.9635932173993766	0.9904793009688256	0.9910576586084532	0.9876678226814121	0.9852839933509762	0.9870262202094828	1.0	0.9717338157799285	0.9905070727160081	0.9620146205827488	0.9868095422472541	0.9829511895276961	0.9708342781722696	0.9836648322722505	0.9871186471139288	0.9827835636395239
0.9671285949035824	0.9681672450866607	0.9959587459387318	0.9691309621923285	0.9699303446895601	0.9716484376046801	0.9692245071820884	0.9740645263668467	0.9675852892871164	0.9661742892244443	0.970412108741413	0.9671261492273704	0.9671444148707539	0.9959172169436937	0.969852852569716	0.9692928594418997	0.9980215642600803	0.9682965928473442	0.9663443733016683	0.9683357472125314	0.9679526807565836	0.9682863562549456	0.9717338157799285	1.0	0.9677221204868114	0.9960421864041364	0.9671957685737204	0.9718921070763167	0.996995235162034	0.9723208792402532	0.9669116408833557	0.9721934016241782
0.9831154312572381	0.9837374547485187	0.9648864316095698	0.9877491143963035	0.9886239462898241	0.989418718821602	0.9881831658353896	0.9972492413439166	0.9852697780813271	0.9869627080247958	0.99367459676385	0.9935151206313471	0.9878318927545182	0.9688275505499812	0.9967266408310598	0.9935894287235133	0.967236063662408	0.9952728770106377	0.9982292754558069	0.9949389498855512	0.9834187867084153	0.9959114417763466	0.9905070727160081	0.9677221204868114	1.0	0.9675443847282654	0.9944261813274491	0.9949359617605783	0.9663759290706996	0.9968590944501808	0.9935393250335964	0.9952926082844199
0.9614347275187562	0.967483841289944	0.9920657179365383	0.9677253361200393	0.9576588460515546	0.9605624950996825	0.9602424732384311	0.9648201093037837	0.9558549188525376	0.966436816011024	0.9598606015193812	0.9645017738556109	0.9655482534399995	0.9947514350471396	0.963420081816292	0.967483841289944	0.9856582670989258	0.9676048147255587	0.9677253361200393	0.9653546138864563	0.9651598020152136	0.9636256925992291	0.9620146205827488	0.9960421864041364	0.9675443847282654	1.0	0.9632131461168448	0.9598221625011333	0.9954546701678397	0.9606290416579756	0.9631438701139157	0.9619899157700361
0.9854840876096037	0.9855256106270434	0.967320161574882	0.9876771333071805	0.9861485048591511	0.9868169666552793	0.9867537643094144	0.992045551567218	0.9840361086880155	0.98756616571727	0.9899929993651851	0.9933243378722516	0.9864354101023672	0.9680566092982014	0.9933425493045738	0.9913230343217002	0.9644273305771242	0.9935105424855353	0.9964748571946642	0.9916782730236655	0.983096119520402	0.9925554902065123	0.9868095422472541	0.9671957685737204	0.9944261813274491	0.9632131461168448	1.0	0.9910822870144534	0.9649596141739237	0.9926012670512081	0.9939532082045645	0.9911138749931486
0.98016093297574	0.9860203347756096	0.9677765982940519	0.989405575002847	0.9786931689009927	0.9802659912431341	0.981646360467195	0.9873876247214034	0.9765016960629868	0.9875717469068201	0.9858788225285194	0.9924754339112974	0.9885014170584145	0.9729101088365407	0.9904094296865442	0.9935323269893863	0.9638359848877794	0.9948009488110638	0.9959444884129164	0.9925044468761525	0.9838685420252431	0.9915929946830794	0.9829511895276961	0.9718921070763167	0.9949359617605783	0.9598221625011333	0.9910822870144534	1.0	0.9705019530673991	0.9869206645482603	0.9919488012338892	0.9857121109333451
0.9655273401785374	0.9662033948354837	0.9952792838642649	0.9674916096238898	0.9690155206125362	0.9700821997859986	0.967999034944595	0.9730050022193563	0.9663456918314725	0.964734786780064	0.9691203159432339	0.9646655843878565	0.9656517514089997	0.9958019633640417	0.968540211227894	0.9675073047008652	0.9968016308815467	0.9667298851291466	0.9644261900604495	0.9671398613841041	0.9663103129975037	0.9667481497033802	0.9708342781722696	0.996995235162034	0.9663759290706996	0.9954546701678397	0.9649596141739237	0.9705019530673991	1.0	0.9712777691032987	0.9646822914661803	0.9714445300300568
0.97968790067984	0.9857324944637013	0.9688952905031704	0.9899496652603244	0.9792760690226866	0.9797825100038758	0.9828494153874587	0.9881223935605115	0.9773312237599651	0.9885568236605802	0.9871749519944375	0.9951982622130436	0.9902806443698234	0.9732207172675045	0.9925090406557102	0.9968050509529134	0.964631435461775	0.9965607614264662	0.9980263494005784	0.9946256523187449	0.983543805406368	0.9925090406557102	0.9836648322722505	0.9723208792402532	0.9968590944501808	0.9606290416579756	0.9926012670512081	0.9869206645482603	0.9712777691032987	1.0	0.994913193095671	0.9859337197679379
0.9848689738186566	0.9848427409470905	0.9660723665316193	0.9879166496336139	0.9863194563682599	0.986860604097617	0.9875585728307961	0.9918297854820824	0.9847955118740069	0.9875010104272407	0.9910065513908042	0.9944971028392745	0.9872135714374574	0.9673640917220728	0.9936991489146034	0.9939547564825952	0.9644273305771242	0.9938858715956352	0.9961983560825513	0.9934364073465706	0.9816883335274936	0.9923657407368603	0.9871186471139288	0.9669116408833557	0.9935393250335964	0.9631438701139157	0.9939532082045645	0.9919488012338892	0.9646822914661803	0.994913193095671	1.0	0.991712368575718
0.9783094173572712	0.9854441921281645	0.9682626558483474	0.9882776749340314	0.9787524493799146	0.9750121626793387	0.9828806671205181	0.9833893236396631	0.9733826904867157	0.9878637308300006	0.987780313959039	0.9928419986965683	0.9889293540050899	0.972859495004891	0.9921176357487813	0.9941416621575155	0.9663851580744931	0.9950923811264554	0.9963082975547617	0.9936908125692482	0.9837418887995399	0.9930562511128607	0.9827835636395239	0.9721934016241782	0.9952926082844199	0.9619899157700361	0.9911138749931486	0.9857121109333451	0.9714445300300568	0.9859337197679379	0.991712368575718	1.0
