/home/jshaw/scratch/2022_sketched_distance/references/SGB_genome_fastas_part4/14291/BackhedF_2015__SID566_M__bin.4.fa	/home/jshaw/scratch/2022_sketched_distance/references/SGB_genome_fastas_part4/14291/BritoIL_2016__W3.22.ST__bin.120.fa	/home/jshaw/scratch/2022_sketched_distance/references/SGB_genome_fastas_part4/14291/CosteaPI_2017__mickey1-11-0-0__bin.41.fa	/home/jshaw/scratch/2022_sketched_distance/references/SGB_genome_fastas_part4/14291/CosteaPI_2017__mickey1-11-30-0__bin.16.fa	/home/jshaw/scratch/2022_sketched_distance/references/SGB_genome_fastas_part4/14291/CosteaPI_2017__SID713A014-11-90-0__bin.68.fa	/home/jshaw/scratch/2022_sketched_distance/references/SGB_genome_fastas_part4/14291/CosteaPI_2017__SID713A028-11-0-0__bin.59.fa	/home/jshaw/scratch/2022_sketched_distance/references/SGB_genome_fastas_part4/14291/CosteaPI_2017__SID713A076-11-90-0__bin.51.fa	/home/jshaw/scratch/2022_sketched_distance/references/SGB_genome_fastas_part4/14291/CosteaPI_2017__SID713A087-11-0-0__bin.36.fa	/home/jshaw/scratch/2022_sketched_distance/references/SGB_genome_fastas_part4/14291/CosteaPI_2017__SID713B063-11-0-0__bin.57.fa	/home/jshaw/scratch/2022_sketched_distance/references/SGB_genome_fastas_part4/14291/FengQ_2015__SID31223__bin.2.fa	/home/jshaw/scratch/2022_sketched_distance/references/SGB_genome_fastas_part4/14291/FengQ_2015__SID530295__bin.12.fa	/home/jshaw/scratch/2022_sketched_distance/references/SGB_genome_fastas_part4/14291/FengQ_2015__SID530451__bin.2.fa	/home/jshaw/scratch/2022_sketched_distance/references/SGB_genome_fastas_part4/14291/KarlssonFH_2013__S126__bin.31.fa	/home/jshaw/scratch/2022_sketched_distance/references/SGB_genome_fastas_part4/14291/KarlssonFH_2013__S577__bin.19.fa	/home/jshaw/scratch/2022_sketched_distance/references/SGB_genome_fastas_part4/14291/LeChatelierE_2013__MH0250__bin.95.fa	/home/jshaw/scratch/2022_sketched_distance/references/SGB_genome_fastas_part4/14291/LeChatelierE_2013__MH0412__bin.12.fa	/home/jshaw/scratch/2022_sketched_distance/references/SGB_genome_fastas_part4/14291/LeChatelierE_2013__MH0415__bin.49.fa	/home/jshaw/scratch/2022_sketched_distance/references/SGB_genome_fastas_part4/14291/LiJ_2014__MH0262__bin.26.fa	/home/jshaw/scratch/2022_sketched_distance/references/SGB_genome_fastas_part4/14291/LiJ_2014__MH0309__bin.67.fa	/home/jshaw/scratch/2022_sketched_distance/references/SGB_genome_fastas_part4/14291/LiJ_2014__MH0338__bin.65.fa	/home/jshaw/scratch/2022_sketched_distance/references/SGB_genome_fastas_part4/14291/LiJ_2014__MH0392__bin.10.fa	/home/jshaw/scratch/2022_sketched_distance/references/SGB_genome_fastas_part4/14291/LiJ_2017__H2M614904__bin.16.fa	/home/jshaw/scratch/2022_sketched_distance/references/SGB_genome_fastas_part4/14291/LiuW_2016__SRR3992961__bin.76.fa	/home/jshaw/scratch/2022_sketched_distance/references/SGB_genome_fastas_part4/14291/LiuW_2016__SRR3992982__bin.9.fa	/home/jshaw/scratch/2022_sketched_distance/references/SGB_genome_fastas_part4/14291/LiuW_2016__SRR3993036__bin.1.fa	/home/jshaw/scratch/2022_sketched_distance/references/SGB_genome_fastas_part4/14291/Obregon-TitoAJ_2015__SM20__bin.14.fa	/home/jshaw/scratch/2022_sketched_distance/references/SGB_genome_fastas_part4/14291/SchirmerM_2016__G88966__bin.7.fa	/home/jshaw/scratch/2022_sketched_distance/references/SGB_genome_fastas_part4/14291/VogtmannE_2016__MMRS51307502ST-27-0-0__bin.6.fa	/home/jshaw/scratch/2022_sketched_distance/references/SGB_genome_fastas_part4/14291/XieH_2016__YSZC12003_35515__bin.33.fa	/home/jshaw/scratch/2022_sketched_distance/references/SGB_genome_fastas_part4/14291/XieH_2016__YSZC12003_35520__bin.42.fa	/home/jshaw/scratch/2022_sketched_distance/references/SGB_genome_fastas_part4/14291/XieH_2016__YSZC12003_35561__bin.47.fa	/home/jshaw/scratch/2022_sketched_distance/references/SGB_genome_fastas_part4/14291/XieH_2016__YSZC12003_36058__bin.60.fa	/home/jshaw/scratch/2022_sketched_distance/references/SGB_genome_fastas_part4/14291/XieH_2016__YSZC12003_36588__bin.70.fa	/home/jshaw/scratch/2022_sketched_distance/references/SGB_genome_fastas_part4/14291/XieH_2016__YSZC12003_37316__bin.86.fa	/home/jshaw/scratch/2022_sketched_distance/references/SGB_genome_fastas_part4/14291/XieH_2016__YSZC12003_37798__bin.92.fa	/home/jshaw/scratch/2022_sketched_distance/references/SGB_genome_fastas_part4/14291/ZeeviD_2015__PNP_Main_127__bin.13.fa	/home/jshaw/scratch/2022_sketched_distance/references/SGB_genome_fastas_part4/14291/ZeeviD_2015__PNP_Main_172__bin.64.fa	/home/jshaw/scratch/2022_sketched_distance/references/SGB_genome_fastas_part4/14291/ZeeviD_2015__PNP_Main_226__bin.36.fa	/home/jshaw/scratch/2022_sketched_distance/references/SGB_genome_fastas_part4/14291/ZeeviD_2015__PNP_Main_325__bin.53.fa	/home/jshaw/scratch/2022_sketched_distance/references/SGB_genome_fastas_part4/14291/ZeeviD_2015__PNP_Main_393__bin.68.fa	/home/jshaw/scratch/2022_sketched_distance/references/SGB_genome_fastas_part4/14291/ZeeviD_2015__PNP_Main_456__bin.43.fa	/home/jshaw/scratch/2022_sketched_distance/references/SGB_genome_fastas_part4/14291/ZeeviD_2015__PNP_Main_45__bin.37.fa	/home/jshaw/scratch/2022_sketched_distance/references/SGB_genome_fastas_part4/14291/ZeeviD_2015__PNP_Main_531__bin.33.fa	/home/jshaw/scratch/2022_sketched_distance/references/SGB_genome_fastas_part4/14291/ZeeviD_2015__PNP_Main_82__bin.26.fa
1.0	0.9829242861409899	0.9849953785720492	0.9858326758124454	0.9816773610396142	0.981634544166464	0.9864334115467241	0.9870852460698851	0.9831642956575758	0.9812103396235726	0.9842803914906142	0.9888331045183804	0.9822305750477545	0.9864334115467241	0.9818841585134609	0.9841874813756125	0.9851461895716037	0.9798461106261716	0.9899947340829142	0.9891086658316015	0.9892093626456643	0.9860334324380621	0.9834025602153206	0.984853729832038	0.9826300550489339	0.976817283448965	0.9865359354796281	0.9825576977333172	0.9843386725927041	0.9895546751385463	0.9857222615586303	0.9884790248853762	0.981165514692353	0.9932528962188466	0.9904290018900189	0.9828660648183344	0.9851364188358148	0.9910933769945576	0.9832836444426969	0.9853048714089272	0.9822921814033522	0.9851082592061775	0.9818219331911124	0.9833728716924393
0.9829242861409899	1.0	0.9870851466893993	0.9886361323911095	0.9854880996566613	0.9851219665756709	0.9885602934376099	0.9839598409473902	0.9864706706033486	0.9830304836872409	0.9819775704293797	0.985485216088952	0.9850730644387161	0.9965076702179705	0.9924698863142304	0.9862284372232855	0.9824473146855388	0.982308074444745	0.9870056455892898	0.984868111430378	0.9839309503386976	0.9827071395520932	0.9911160768078828	0.9882040517924195	0.985943890366209	0.9803842759943524	0.9834175531517392	0.9864667335082574	0.9945818715628286	0.9860636492410527	0.9886613733067535	0.9856515243740108	0.984517704976714	0.9889127249325297	0.9871116044250974	0.990465599351312	0.9885855924867522	0.9877662281040138	0.9930934846048761	0.9888626077154139	0.9848369255396582	0.988509636993792	0.9867124867196392	0.9881784579433914
0.9849953785720492	0.9870851466893993	1.0	0.9977213081534645	0.9850726265894805	0.9858543044156667	0.9977575731074338	0.9849290800779236	0.9877600137755019	0.9929214526909499	0.9844344600378133	0.9858875120848627	0.9846056355449582	0.9897861707918885	0.9859064210520975	0.9947638264441326	0.9832214878295683	0.9921165632489699	0.9879858675202736	0.9851028701662805	0.9864484339213101	0.98509136845887	0.9879969181101079	0.9881073791873933	0.9878203199185902	0.9807300551256898	0.9848561449734695	0.9877183147568803	0.9875693414162516	0.9864661379402218	0.9892282031539773	0.9856137480303876	0.9933192553694888	0.9892516412492145	0.9877414907848091	0.9872758869594063	0.9889692784435166	0.9881800715884081	0.9867146076085274	0.9883971912355923	0.9860837142937153	0.9880102057455159	0.9862840679132496	0.9856921580739071
0.9858326758124454	0.9886361323911095	0.9977213081534645	1.0	0.9865614967194988	0.9872522177064824	0.9971208674735904	0.9863618106153137	0.9900448858021303	0.9946547219423134	0.9866627335412866	0.9870643365522903	0.9863772968708504	0.988807926730869	0.9872834521262785	0.996003938895732	0.9848827711885944	0.994724880297702	0.9866656739223626	0.9864062710641305	0.9871778562270282	0.9868078199135428	0.9898146639637836	0.9886206077334426	0.9897476999428532	0.982152168160765	0.9866992876320425	0.9891861096424345	0.9868283714969787	0.9868855513135419	0.9888101914618217	0.987515210218116	0.9945694740675164	0.9883019182119935	0.9868283714969787	0.9888808409756309	0.9880794670721091	0.9874029529444122	0.9880292676792942	0.9876073707909733	0.9874857064443209	0.9881339299666996	0.9876946936459069	0.9865419123481319
0.9816773610396142	0.9854880996566613	0.9850726265894805	0.9865614967194988	1.0	0.9877389452674664	0.9868456874281052	0.9853089017099872	0.9841642172267331	0.9799078676041658	0.9791771058737767	0.9841334995297409	0.9869667235012964	0.9878489171465242	0.9859274943757593	0.9839436078355882	0.9838074323749888	0.9814402569231232	0.985429067166991	0.9827846530690021	0.9810801574328509	0.9789684736303474	0.9844089288782294	0.9943770706184957	0.9899231175650904	0.9764822538925723	0.9806340389209819	0.9803278203766551	0.9868456874281052	0.9853403190321456	0.9873232476589684	0.9844698226819045	0.9832545035755357	0.9871835068332503	0.9858108957774584	0.983036630629906	0.9870150307163043	0.9860146726454213	0.9875178933406813	0.9868456874281052	0.9809590669137809	0.9854880996566613	0.9841642172267331	0.9866185316528993
0.981634544166464	0.9851219665756709	0.9858543044156667	0.9872522177064824	0.9877389452674664	1.0	0.9877485312741896	0.9855596975122052	0.983165673197748	0.9812771181789334	0.978887031004232	0.9832252337455062	0.9886741945152557	0.988288522292221	0.9863719962843951	0.9857685776048196	0.9852771105432476	0.9840401787140199	0.9853562203261317	0.982745690272208	0.9837407961390701	0.9804468563241937	0.9836391544934817	0.9853004085746033	0.9827554746648269	0.9776247444164312	0.9811499334797322	0.9808366520080823	0.9862093937389901	0.9845089163431727	0.9872258874684804	0.9833736632956686	0.9857340795676569	0.9869348556768422	0.9856062062779493	0.9848243219916162	0.9874882466766872	0.9862365500737615	0.9869082701392249	0.9861822149523048	0.9842111153735552	0.9867750192063096	0.9845375150064349	0.9864799529365401
0.9864334115467241	0.9885602934376099	0.9977575731074338	0.9971208674735904	0.9868456874281052	0.9877485312741896	1.0	0.9860556178370774	0.9899487671999242	0.9955750717312963	0.9866914464825428	0.9879568357153957	0.9863475463846897	0.9899520190235627	0.9873611645032733	0.9960605059379528	0.9842822353891083	0.9936454280032746	0.9878931938788027	0.9869637917424232	0.9873491703035235	0.9867794617353398	0.9900765148633374	0.9894671770637572	0.9903245062730685	0.9823293458020613	0.9865359354796281	0.990118975938923	0.9881661884841743	0.9872683200530533	0.9893175105161042	0.9876860314556037	0.9951388644232206	0.9892580190555784	0.987548736834202	0.9888238285164819	0.9893892611833658	0.9880299740392486	0.9884234398612005	0.9884144613579272	0.988108852882145	0.9881797947628318	0.9874894896559497	0.9869645056065137
0.9870852460698851	0.9839598409473902	0.9849290800779236	0.9863618106153137	0.9853089017099872	0.9855596975122052	0.9860556178370774	1.0	0.9854345389663766	0.9818960216280744	0.9863007997838343	0.9884575045039472	0.9841885710194028	0.9872339799153526	0.9850244481654665	0.9817939780470722	0.9886577054839512	0.9806865994148907	0.989554336305109	0.9877054610312244	0.9829689545718837	0.9844803285754852	0.9848334341558865	0.9864834936909936	0.9831632855382073	0.9766410670450676	0.9856843810417558	0.9801564339749762	0.98534035610686	0.9881991203570678	0.9855909127840071	0.9898846127094709	0.9787655268982255	0.9931914212956787	0.9900757581387425	0.9859330783657654	0.9856843810417558	0.9907228357169597	0.9870255637713927	0.9860556178370774	0.9796932498541558	0.9849290800779236	0.9863618106153137	0.9860248411057597
0.9831642956575758	0.9864706706033486	0.9877600137755019	0.9900448858021303	0.9841642172267331	0.983165673197748	0.9899487671999242	0.9854345389663766	1.0	0.9872104192498664	0.9864610379472527	0.9865552530097517	0.9844798554068557	0.9907334989178133	0.9856629471852356	0.9868317453456776	0.9836361801438609	0.983441116912147	0.9886480251483202	0.9851101217455692	0.9830858959290019	0.9858880038152356	0.9898764940672465	0.990236287236749	0.9895701298646429	0.9795653106329272	0.9842765631225394	0.9901506780091439	0.9895371101895576	0.9869529771863852	0.9897072385488783	0.9882450451031183	0.9846942561992928	0.9899246937401209	0.9887729524004557	0.9877214158256588	0.9893905842005052	0.9891695672775288	0.9875536331515538	0.9899728231100614	0.9849606683597373	0.9886229827694378	0.9858814985873445	0.9874759056259014
0.9812103396235726	0.9830304836872409	0.9929214526909499	0.9946547219423134	0.9799078676041658	0.9812771181789334	0.9955750717312963	0.9818960216280744	0.9872104192498664	1.0	0.9824055112401785	0.9842103927609775	0.9795965796997316	0.9883861610873027	0.9832824391286816	0.9891749358501395	0.9800084603269642	0.9875623252368675	0.987070939186019	0.9830936543846949	0.9799007875262179	0.9805156138011081	0.9870429720810556	0.9886003474781517	0.9856426044506549	0.9780546245999318	0.9808067791667613	0.9859668486794457	0.9891560522941696	0.9860199827889125	0.9872660461541318	0.9861927065544902	0.9901643952374831	0.9881975989136771	0.9860488331868502	0.9839426548600037	0.9872938243851518	0.9867054991067717	0.9847548204249464	0.9873215791891212	0.9808542336318741	0.9867619855824872	0.9856426044506549	0.9844837356044626
0.9842803914906142	0.9819775704293797	0.9844344600378133	0.9866627335412866	0.9791771058737767	0.978887031004232	0.9866914464825428	0.9863007997838343	0.9864610379472527	0.9824055112401785	1.0	0.993558254920207	0.9780615055358051	0.9874573719880124	0.9815103667658175	0.9793056559195995	0.9898445672212944	0.9782448314853014	0.9967555465928378	0.9893109433050186	0.9877567222953935	0.9905082293653489	0.9860246211682727	0.9859953196708187	0.9831811587157422	0.9785943542369954	0.9882880061313455	0.9844575641110623	0.9861123692545813	0.9932773555137012	0.9859953196708187	0.9929228463247717	0.9768532911969593	0.9912663068854464	0.9956142844959224	0.9842719669088223	0.9853140712864086	0.9956361849011716	0.9841255960420582	0.9860538965665894	0.9797869813108793	0.9846489479420583	0.9836567776983505	0.9834039732840316
0.9888331045183804	0.985485216088952	0.9858875120848627	0.9870643365522903	0.9841334995297409	0.9832252337455062	0.9879568357153957	0.9884575045039472	0.9865552530097517	0.9842103927609775	0.993558254920207	1.0	0.9841950748321864	0.9879078821178052	0.9838703997985773	0.9853021908041866	0.9925982587392163	0.9819104004862618	0.9974015140851111	0.9926880886103012	0.9951632913238748	0.9944185080490604	0.9864456776045745	0.98681206331507	0.9860006353533531	0.9806061197883573	0.9920287056737902	0.9866081728022216	0.9862759062506339	0.9938131575910224	0.9872397839094079	0.9936488736227862	0.9837293910823617	0.9931510747226409	0.9974933136424037	0.9853040935233544	0.9871897514754548	0.997676155910687	0.9846933889980929	0.9868626729656049	0.9851761024012035	0.9861985936856811	0.9835002659783377	0.984340968159632
0.9822305750477545	0.9850730644387161	0.9846056355449582	0.9863772968708504	0.9869667235012964	0.9886741945152557	0.9863475463846897	0.9841885710194028	0.9844798554068557	0.9795965796997316	0.9780615055358051	0.9841950748321864	1.0	0.987746060545662	0.9869667235012964	0.9832009127459206	0.984517084629803	0.9839078005228034	0.985165756907398	0.9825662802162167	0.980411451740595	0.9786315312225681	0.9845742356752112	0.9862581330594785	0.9825662802162167	0.9771282098320895	0.9804983645229546	0.9783911999437591	0.9866143366674087	0.9836503158798628	0.9863772968708504	0.9853503606283189	0.9849398433332716	0.9868496801767817	0.985594895983809	0.9821398284803841	0.985716484448637	0.986168475886806	0.9879734759193769	0.9866143366674087	0.9808522237669572	0.9853810272878372	0.984886890775774	0.9861385357402092
0.9864334115467241	0.9965076702179705	0.9897861707918885	0.988807926730869	0.9878489171465242	0.988288522292221	0.9899520190235627	0.9872339799153526	0.9907334989178133	0.9883861610873027	0.9874573719880124	0.9879078821178052	0.987746060545662	1.0	0.9944992196070254	0.9886134285213835	0.9855697884950132	0.986361847049399	0.9852869115826415	0.9864318190134701	0.9867282197204881	0.987564395061805	0.9950018190637705	0.9900049071359724	0.9908180127763927	0.9826808508376953	0.9866177129777157	0.990902535513533	0.9929964931782475	0.9872207167596432	0.9895139212029617	0.9878559709549865	0.9869399328066265	0.9879845078867363	0.9860785595010809	0.9937940382339122	0.9880130356661941	0.9867431366178667	0.9949766756781241	0.9877848800662571	0.988967383292066	0.9896147478586044	0.9889244143805189	0.9892311096077461
0.9818841585134609	0.9924698863142304	0.9859064210520975	0.9872834521262785	0.9859274943757593	0.9863719962843951	0.9873611645032733	0.9850244481654665	0.9856629471852356	0.9832824391286816	0.9815103667658175	0.9838703997985773	0.9869667235012964	0.9944992196070254	1.0	0.9863044588764115	0.9847170549074583	0.982308074444745	0.9853060062538475	0.9824593056026394	0.9835111458973359	0.9818282712668066	0.9916493355349268	0.9864960628107451	0.9850223830538914	0.9785384782191342	0.9818185117502481	0.9844952135557349	0.9924572759506383	0.9839566084851893	0.9866286102387218	0.984778483823649	0.986775074266549	0.9869707542663166	0.9857980676754883	0.9895294946750015	0.9867869652091682	0.985960464063556	0.9923239824857745	0.9870753174234776	0.9837017278468274	0.9869445614686234	0.9856893558286852	0.9882041078359831
0.9841874813756125	0.9862284372232855	0.9947638264441326	0.996003938895732	0.9839436078355882	0.9857685776048196	0.9960605059379528	0.9817939780470722	0.9868317453456776	0.9891749358501395	0.9793056559195995	0.9853021908041866	0.9832009127459206	0.9886134285213835	0.9863044588764115	1.0	0.9800032947571968	0.9876436320222058	0.9868317453456776	0.9849875459916916	0.977863978611031	0.9806863456126972	0.9865314748282008	0.9876071593408005	0.9853803832244076	0.9787366076243276	0.9836155963822814	0.9767646947523557	0.9873139138592658	0.9854194097405815	0.9876436320222058	0.9856138498508311	0.9885070725351622	0.9887547046520699	0.9871292996715803	0.9822697042632342	0.9876071593408005	0.9872401924215767	0.9877528082553892	0.9878616236674646	0.9819244087481837	0.9867194649079244	0.9856913048085347	0.9872032696785557
0.9851461895716037	0.9824473146855388	0.9832214878295683	0.9848827711885944	0.9838074323749888	0.9852771105432476	0.9842822353891083	0.9886577054839512	0.9836361801438609	0.9800084603269642	0.9898445672212944	0.9925982587392163	0.984517084629803	0.9855697884950132	0.9847170549074583	0.9800032947571968	1.0	0.982589441117283	0.9945042918440076	0.9890095236629555	0.9869018848732078	0.9884210560344489	0.9830471387921967	0.9844836374690917	0.981139620803888	0.976013747502161	0.9875181632078739	0.9762839342859037	0.9835329978249596	0.9897591572043113	0.984214825697999	0.9919377185095378	0.978807709619095	0.9903804236116771	0.9952370314487456	0.9824473146855388	0.984214825697999	0.9946029310440355	0.9853423758336387	0.9843830909525438	0.9789161595203266	0.9833256537762406	0.9848827711885944	0.984517084629803
0.9798461106261716	0.982308074444745	0.9921165632489699	0.994724880297702	0.9814402569231232	0.9840401787140199	0.9936454280032746	0.9806865994148907	0.983441116912147	0.9875623252368675	0.9782448314853014	0.9819104004862618	0.9839078005228034	0.986361847049399	0.982308074444745	0.9876436320222058	0.982589441117283	1.0	0.9839776324420589	0.9805835304548203	0.977820037531832	0.9782075095614756	0.9833774163293825	0.9844746951255687	0.9813046799435233	0.9752789798999221	0.9792728759954649	0.9790199491035112	0.9861574371774701	0.9825705321786746	0.9852365909989644	0.9839149666700727	0.9903725011420498	0.9861867165191381	0.9838521809329022	0.9799339939064878	0.9853868714176143	0.9848730869907856	0.9835046939523066	0.9855066026491087	0.9784207745605105	0.9847204310635617	0.9847204310635617	0.9819437251253578
0.9899947340829142	0.9870056455892898	0.9879858675202736	0.9866656739223626	0.985429067166991	0.9853562203261317	0.9878931938788027	0.989554336305109	0.9886480251483202	0.987070939186019	0.9967555465928378	0.9974015140851111	0.985165756907398	0.9852869115826415	0.9853060062538475	0.9868317453456776	0.9945042918440076	0.9839776324420589	1.0	0.9938345933435755	0.997050896253663	0.9954163326972153	0.9883485935150657	0.9877517156905999	0.9881671797301511	0.9820928952305092	0.9931195768585456	0.9883601726100435	0.9838119533941871	0.9941359206852467	0.9873094785709521	0.9944018139310006	0.9848698628550223	0.9911356903496565	0.9953875624463867	0.9867939124227402	0.9856255779126636	0.9955355869594494	0.9862208376062578	0.9848696991744342	0.9865282905368182	0.9869422550868059	0.9851711040354888	0.9853185231943485
0.9891086658316015	0.984868111430378	0.9851028701662805	0.9864062710641305	0.9827846530690021	0.982745690272208	0.9869637917424232	0.9877054610312244	0.9851101217455692	0.9830936543846949	0.9893109433050186	0.9926880886103012	0.9825662802162167	0.9864318190134701	0.9824593056026394	0.9849875459916916	0.9890095236629555	0.9805835304548203	0.9938345933435755	1.0	0.9936171078403335	0.9912804526767134	0.9851772725649882	0.985656609005864	0.9846405071412787	0.979081023132785	0.9939147670757077	0.9850178208059044	0.9847822046389715	0.9957186735541547	0.9862525650746795	0.9947404084649989	0.9822456458568657	0.9929662194090205	0.994561214955663	0.9851768382964076	0.985156011264028	0.9948988826450293	0.983577411180028	0.9854730646626723	0.9835731350074873	0.985129451464919	0.9819840191786687	0.9835788726256369
0.9892093626456643	0.9839309503386976	0.9864484339213101	0.9871778562270282	0.9810801574328509	0.9837407961390701	0.9873491703035235	0.9829689545718837	0.9830858959290019	0.9799007875262179	0.9877567222953935	0.9951632913238748	0.980411451740595	0.9867282197204881	0.9835111458973359	0.977863978611031	0.9869018848732078	0.977820037531832	0.997050896253663	0.9936171078403335	1.0	0.9893061132197487	0.9838550209163792	0.9848286549274663	0.9809142589079103	0.9801571173385821	0.9899755354746967	0.9736132407894206	0.9847917367701097	0.9937017935716242	0.9860597992901108	0.9919357694930133	0.9769396875680461	0.9924374877732416	0.9969998857602096	0.9787217309624062	0.9867282197204881	0.9972541589234448	0.9840067043839617	0.9859530057098261	0.9816135887837976	0.9858816167141528	0.9816542639474165	0.9842329224454379
0.9860334324380621	0.9827071395520932	0.98509136845887	0.9868078199135428	0.9789684736303474	0.9804468563241937	0.9867794617353398	0.9844803285754852	0.9858880038152356	0.9805156138011081	0.9905082293653489	0.9944185080490604	0.9786315312225681	0.987564395061805	0.9818282712668066	0.9806863456126972	0.9884210560344489	0.9782075095614756	0.9954163326972153	0.9912804526767134	0.9893061132197487	1.0	0.9855952014150475	0.9863223734815463	0.98409070054006	0.979786341260225	0.9894224084246804	0.9835407666271938	0.9858004367297847	0.9933432367376747	0.9870056455892898	0.9933432367376747	0.9788919118031955	0.992303935488208	0.9969946448507766	0.982034752977243	0.9866087972899464	0.9965965040750024	0.9835630424694278	0.9867510790872239	0.9807139309799972	0.9856245993531124	0.981959972096379	0.9842442922210021
0.9834025602153206	0.9911160768078828	0.9879969181101079	0.9898146639637836	0.9844089288782294	0.9836391544934817	0.9900765148633374	0.9848334341558865	0.9898764940672465	0.9870429720810556	0.9860246211682727	0.9864456776045745	0.9845742356752112	0.9950018190637705	0.9916493355349268	0.9865314748282008	0.9830471387921967	0.9833774163293825	0.9883485935150657	0.9851772725649882	0.9838550209163792	0.9855952014150475	1.0	0.9899101230630627	0.9893915987061922	0.9809858069718482	0.9841594081289369	0.9900554802963986	0.9932826715770463	0.9873078937778744	0.9895025004298016	0.9879716541683636	0.9843401987987388	0.9903127715804625	0.9884981698260665	0.989305320335126	0.989089777119622	0.9888445632557867	0.9908729835870874	0.9896469430525454	0.9856934902847678	0.989598865755069	0.9860966982926344	0.9876669652610944
0.984853729832038	0.9882040517924195	0.9881073791873933	0.9886206077334426	0.9943770706184957	0.9853004085746033	0.9894671770637572	0.9864834936909936	0.990236287236749	0.9886003474781517	0.9859953196708187	0.98681206331507	0.9862581330594785	0.9900049071359724	0.9864960628107451	0.9876071593408005	0.9844836374690917	0.9844746951255687	0.9877517156905999	0.985656609005864	0.9848286549274663	0.9863223734815463	0.9899101230630627	1.0	0.9983047593280446	0.9804817127494376	0.9850566048572075	0.9900554802963986	0.9888745692029969	0.9862671674626152	0.98975953496927	0.987564106801791	0.9854599963820291	0.9893766969559459	0.9872964565790735	0.9885084848054282	0.9880124377097284	0.9878467627157709	0.9882022986728056	0.9885277707247846	0.9865577163066909	0.9873687595362439	0.9866820143224727	0.9867911536571108
0.9826300550489339	0.985943890366209	0.9878203199185902	0.9897476999428532	0.9899231175650904	0.9827554746648269	0.9903245062730685	0.9831632855382073	0.9895701298646429	0.9856426044506549	0.9831811587157422	0.9860006353533531	0.9825662802162167	0.9908180127763927	0.9850223830538914	0.9853803832244076	0.981139620803888	0.9813046799435233	0.9881671797301511	0.9846405071412787	0.9809142589079103	0.98409070054006	0.9893915987061922	0.9983047593280446	1.0	0.9798445158065884	0.9827554746648269	0.9883601726100435	0.9893660151814688	0.9866184496356634	0.990175004250885	0.9872521722492711	0.9823214510749912	0.9900999985348865	0.988007544409134	0.9853040935233544	0.989083278579568	0.9883260451232755	0.9872794504387202	0.9894427062949055	0.983281943550436	0.9881140538782531	0.9850807409340764	0.9872248714298295
0.976817283448965	0.9803842759943524	0.9807300551256898	0.982152168160765	0.9764822538925723	0.9776247444164312	0.9823293458020613	0.9766410670450676	0.9795653106329272	0.9780546245999318	0.9785943542369954	0.9806061197883573	0.9771282098320895	0.9826808508376953	0.9785384782191342	0.9787366076243276	0.976013747502161	0.9752789798999221	0.9820928952305092	0.979081023132785	0.9801571173385821	0.979786341260225	0.9809858069718482	0.9804817127494376	0.9798445158065884	1.0	0.9782947445121492	0.9807945505874451	0.9810072036712464	0.9808226992552211	0.9817649615807316	0.9796932498541558	0.9767636468958353	0.9821225451102557	0.9823293458020613	0.9794060202832829	0.9816148075982711	0.9828841668164833	0.9795028371063373	0.9808226992552211	0.979386751050059	0.9815545525431179	0.9779402363612503	0.9793079183391701
0.9865359354796281	0.9834175531517392	0.9848561449734695	0.9866992876320425	0.9806340389209819	0.9811499334797322	0.9865359354796281	0.9856843810417558	0.9842765631225394	0.9808067791667613	0.9882880061313455	0.9920287056737902	0.9804983645229546	0.9866177129777157	0.9818185117502481	0.9836155963822814	0.9875181632078739	0.9792728759954649	0.9931195768585456	0.9939147670757077	0.9899755354746967	0.9894224084246804	0.9841594081289369	0.9850566048572075	0.9827554746648269	0.9782947445121492	1.0	0.9829544714827273	0.9848561449734695	0.9951360452653751	0.9861515946840215	0.9948189924858113	0.9813220194595335	0.992097949212109	0.994045462397786	0.9830025884259049	0.9851706062645244	0.9944988790373273	0.9832369820700881	0.9857906377293209	0.9818877462813774	0.9856507455476222	0.9820070516269481	0.9835971350082177
0.9825576977333172	0.9864667335082574	0.9877183147568803	0.9891861096424345	0.9803278203766551	0.9808366520080823	0.990118975938923	0.9801564339749762	0.9901506780091439	0.9859668486794457	0.9844575641110623	0.9866081728022216	0.9783911999437591	0.990902535513533	0.9844952135557349	0.9767646947523557	0.9762839342859037	0.9790199491035112	0.9883601726100435	0.9850178208059044	0.9736132407894206	0.9835407666271938	0.9900554802963986	0.9900554802963986	0.9883601726100435	0.9807945505874451	0.9829544714827273	1.0	0.9899918622525534	0.9862534272323875	0.9894784531614577	0.9870636945170499	0.9757473943762702	0.9896719190875558	0.9884937214552469	0.984268666178748	0.9891534664653292	0.988393610605277	0.9870984747775347	0.9895107763856061	0.9825576977333172	0.988158828749462	0.986038727899966	0.9874098538733653
0.9843386725927041	0.9945818715628286	0.9875693414162516	0.9868283714969787	0.9868456874281052	0.9862093937389901	0.9881661884841743	0.98534035610686	0.9895371101895576	0.9891560522941696	0.9861123692545813	0.9862759062506339	0.9866143366674087	0.9929964931782475	0.9924572759506383	0.9873139138592658	0.9835329978249596	0.9861574371774701	0.9838119533941871	0.9847822046389715	0.9847917367701097	0.9858004367297847	0.9932826715770463	0.9888745692029969	0.9893660151814688	0.9810072036712464	0.9848561449734695	0.9899918622525534	1.0	0.9865712386011845	0.987425594505821	0.9871214002280048	0.9861409648921853	0.9866073118043928	0.9840201605340101	0.991665109020051	0.9864559945872657	0.9848364455714967	0.9931390906985773	0.9869460797514393	0.9863807654058909	0.9882484724380803	0.98772025444264	0.9878659254243582
0.9895546751385463	0.9860636492410527	0.9864661379402218	0.9868855513135419	0.9853403190321456	0.9845089163431727	0.9872683200530533	0.9881991203570678	0.9869529771863852	0.9860199827889125	0.9932773555137012	0.9938131575910224	0.9836503158798628	0.9872207167596432	0.9839566084851893	0.9854194097405815	0.9897591572043113	0.9825705321786746	0.9941359206852467	0.9957186735541547	0.9937017935716242	0.9933432367376747	0.9873078937778744	0.9862671674626152	0.9866184496356634	0.9808226992552211	0.9951360452653751	0.9862534272323875	0.9865712386011845	1.0	0.9867166793314668	0.9966479050376769	0.9835110667025971	0.9927753720771911	0.9944818441314682	0.9853992124088053	0.9859829557829208	0.9954428043028121	0.9851564234256667	0.9858342251789276	0.9854814342277831	0.9859829557829208	0.9839618487977668	0.9843433796134573
0.9857222615586303	0.9886613733067535	0.9892282031539773	0.9888101914618217	0.9873232476589684	0.9872258874684804	0.9893175105161042	0.9855909127840071	0.9897072385488783	0.9872660461541318	0.9859953196708187	0.9872397839094079	0.9863772968708504	0.9895139212029617	0.9866286102387218	0.9876436320222058	0.984214825697999	0.9852365909989644	0.9873094785709521	0.9862525650746795	0.9860597992901108	0.9870056455892898	0.9895025004298016	0.98975953496927	0.990175004250885	0.9817649615807316	0.9861515946840215	0.9894784531614577	0.987425594505821	0.9867166793314668	1.0	0.9874662408932876	0.9859720411058289	0.9889432900540309	0.987425594505821	0.9885084848054282	0.9884526114276858	0.9879545148309135	0.987954832352483	0.9882271371407498	0.987968260631879	0.9877878928375445	0.9868398543044716	0.9869397969004479
0.9884790248853762	0.9856515243740108	0.9856137480303876	0.987515210218116	0.9844698226819045	0.9833736632956686	0.9876860314556037	0.9898846127094709	0.9882450451031183	0.9861927065544902	0.9929228463247717	0.9936488736227862	0.9853503606283189	0.9878559709549865	0.984778483823649	0.9856138498508311	0.9919377185095378	0.9839149666700727	0.9944018139310006	0.9947404084649989	0.9919357694930133	0.9933432367376747	0.9879716541683636	0.987564106801791	0.9872521722492711	0.9796932498541558	0.9948189924858113	0.9870636945170499	0.9871214002280048	0.9966479050376769	0.9874662408932876	1.0	0.9851141447261282	0.9933935166127047	0.9949923889274361	0.9868545468023201	0.9864964774228503	0.9960296296885693	0.9860896561439514	0.9872202954033609	0.9842111153735552	0.9860902032510286	0.9848938314149908	0.9850519848581419
0.981165514692353	0.984517704976714	0.9933192553694888	0.9945694740675164	0.9832545035755357	0.9857340795676569	0.9951388644232206	0.9787655268982255	0.9846942561992928	0.9901643952374831	0.9768532911969593	0.9837293910823617	0.9849398433332716	0.9869399328066265	0.986775074266549	0.9885070725351622	0.978807709619095	0.9903725011420498	0.9848698628550223	0.9822456458568657	0.9769396875680461	0.9788919118031955	0.9843401987987388	0.9854599963820291	0.9823214510749912	0.9767636468958353	0.9813220194595335	0.9757473943762702	0.9861409648921853	0.9835110667025971	0.9859720411058289	0.9851141447261282	1.0	0.9862419040362778	0.9859720411058289	0.9800890470641543	0.985597323796639	0.9860058953886918	0.9870056455892898	0.9856315661417374	0.9807709442933662	0.9853220924441146	0.9851836070400858	0.9866425899249454
0.9932528962188466	0.9889127249325297	0.9892516412492145	0.9883019182119935	0.9871835068332503	0.9869348556768422	0.9892580190555784	0.9931914212956787	0.9899246937401209	0.9881975989136771	0.9912663068854464	0.9931510747226409	0.9868496801767817	0.9879845078867363	0.9869707542663166	0.9887547046520699	0.9903804236116771	0.9861867165191381	0.9911356903496565	0.9929662194090205	0.9924374877732416	0.992303935488208	0.9903127715804625	0.9893766969559459	0.9900999985348865	0.9821225451102557	0.992097949212109	0.9896719190875558	0.9866073118043928	0.9927753720771911	0.9889432900540309	0.9933935166127047	0.9862419040362778	1.0	0.9913524750135244	0.9895015560687058	0.9871249555784772	0.9918592920953413	0.988078797931265	0.9872586642299639	0.9876852625090484	0.9880420083300027	0.9871532802844196	0.9880337223095957
0.9904290018900189	0.9871116044250974	0.9877414907848091	0.9868283714969787	0.9858108957774584	0.9856062062779493	0.987548736834202	0.9900757581387425	0.9887729524004557	0.9860488331868502	0.9956142844959224	0.9974933136424037	0.985594895983809	0.9860785595010809	0.9857980676754883	0.9871292996715803	0.9952370314487456	0.9838521809329022	0.9953875624463867	0.994561214955663	0.9969998857602096	0.9969946448507766	0.9884981698260665	0.9872964565790735	0.988007544409134	0.9823293458020613	0.994045462397786	0.9884937214552469	0.9840201605340101	0.9944818441314682	0.987425594505821	0.9949923889274361	0.9859720411058289	0.9913524750135244	1.0	0.9875735752050567	0.9855085645817059	0.9959655931975592	0.9866371351469934	0.9850122826148034	0.9867921794220214	0.9865111438505206	0.9852262787072277	0.9858593681613487
0.9828660648183344	0.990465599351312	0.9872758869594063	0.9888808409756309	0.983036630629906	0.9848243219916162	0.9888238285164819	0.9859330783657654	0.9877214158256588	0.9839426548600037	0.9842719669088223	0.9853040935233544	0.9821398284803841	0.9937940382339122	0.9895294946750015	0.9822697042632342	0.9824473146855388	0.9799339939064878	0.9867939124227402	0.9851768382964076	0.9787217309624062	0.982034752977243	0.989305320335126	0.9885084848054282	0.9853040935233544	0.9794060202832829	0.9830025884259049	0.984268666178748	0.991665109020051	0.9853992124088053	0.9885084848054282	0.9868545468023201	0.9800890470641543	0.9895015560687058	0.9875735752050567	1.0	0.988652197028641	0.9878098025861548	0.9929739289423914	0.9887952852640375	0.9817528913259397	0.9880443472707504	0.988566044927298	0.9907090113293318
0.9851364188358148	0.9885855924867522	0.9889692784435166	0.9880794670721091	0.9870150307163043	0.9874882466766872	0.9893892611833658	0.9856843810417558	0.9893905842005052	0.9872938243851518	0.9853140712864086	0.9871897514754548	0.985716484448637	0.9880130356661941	0.9867869652091682	0.9876071593408005	0.984214825697999	0.9853868714176143	0.9856255779126636	0.985156011264028	0.9867282197204881	0.9866087972899464	0.989089777119622	0.9880124377097284	0.989083278579568	0.9816148075982711	0.9851706062645244	0.9891534664653292	0.9864559945872657	0.9859829557829208	0.9884526114276858	0.9864964774228503	0.985597323796639	0.9871249555784772	0.9855085645817059	0.988652197028641	1.0	0.985942797643154	0.9883498909455296	0.9861585363105054	0.9871118615040559	0.9883170072298685	0.9867610289923122	0.9867414562682161
0.9910933769945576	0.9877662281040138	0.9881800715884081	0.9874029529444122	0.9860146726454213	0.9862365500737615	0.9880299740392486	0.9907228357169597	0.9891695672775288	0.9867054991067717	0.9956361849011716	0.997676155910687	0.986168475886806	0.9867431366178667	0.985960464063556	0.9872401924215767	0.9946029310440355	0.9848730869907856	0.9955355869594494	0.9948988826450293	0.9972541589234448	0.9965965040750024	0.9888445632557867	0.9878467627157709	0.9883260451232755	0.9828841668164833	0.9944988790373273	0.988393610605277	0.9848364455714967	0.9954428043028121	0.9879545148309135	0.9960296296885693	0.9860058953886918	0.9918592920953413	0.9959655931975592	0.9878098025861548	0.985942797643154	1.0	0.9870737525463383	0.9857105039911583	0.9873136901679618	0.9874147335902513	0.9859352412622064	0.9862150484821801
0.9832836444426969	0.9930934846048761	0.9867146076085274	0.9880292676792942	0.9875178933406813	0.9869082701392249	0.9884234398612005	0.9870255637713927	0.9875536331515538	0.9847548204249464	0.9841255960420582	0.9846933889980929	0.9879734759193769	0.9949766756781241	0.9923239824857745	0.9877528082553892	0.9853423758336387	0.9835046939523066	0.9862208376062578	0.983577411180028	0.9840067043839617	0.9835630424694278	0.9908729835870874	0.9882022986728056	0.9872794504387202	0.9795028371063373	0.9832369820700881	0.9870984747775347	0.9931390906985773	0.9851564234256667	0.987954832352483	0.9860896561439514	0.9870056455892898	0.988078797931265	0.9866371351469934	0.9929739289423914	0.9883498909455296	0.9870737525463383	1.0	0.9887887418933252	0.9852985759616664	0.9881035351529928	0.9879240295912772	0.9891500395041203
0.9853048714089272	0.9888626077154139	0.9883971912355923	0.9876073707909733	0.9868456874281052	0.9861822149523048	0.9884144613579272	0.9860556178370774	0.9899728231100614	0.9873215791891212	0.9860538965665894	0.9868626729656049	0.9866143366674087	0.9877848800662571	0.9870753174234776	0.9878616236674646	0.9843830909525438	0.9855066026491087	0.9848696991744342	0.9854730646626723	0.9859530057098261	0.9867510790872239	0.9896469430525454	0.9885277707247846	0.9894427062949055	0.9808226992552211	0.9857906377293209	0.9895107763856061	0.9869460797514393	0.9858342251789276	0.9882271371407498	0.9872202954033609	0.9856315661417374	0.9872586642299639	0.9850122826148034	0.9887952852640375	0.9861585363105054	0.9857105039911583	0.9887887418933252	1.0	0.9880245695724831	0.9872029573752817	0.9871792648418032	0.9866168832705513
0.9822921814033522	0.9848369255396582	0.9860837142937153	0.9874857064443209	0.9809590669137809	0.9842111153735552	0.988108852882145	0.9796932498541558	0.9849606683597373	0.9808542336318741	0.9797869813108793	0.9851761024012035	0.9808522237669572	0.988967383292066	0.9837017278468274	0.9819244087481837	0.9789161595203266	0.9784207745605105	0.9865282905368182	0.9835731350074873	0.9816135887837976	0.9807139309799972	0.9856934902847678	0.9865577163066909	0.983281943550436	0.979386751050059	0.9818877462813774	0.9825576977333172	0.9863807654058909	0.9854814342277831	0.987968260631879	0.9842111153735552	0.9807709442933662	0.9876852625090484	0.9867921794220214	0.9817528913259397	0.9871118615040559	0.9873136901679618	0.9852985759616664	0.9880245695724831	1.0	0.9877136720277702	0.9836053305302146	0.9852373962733786
0.9851082592061775	0.988509636993792	0.9880102057455159	0.9881339299666996	0.9854880996566613	0.9867750192063096	0.9881797947628318	0.9849290800779236	0.9886229827694378	0.9867619855824872	0.9846489479420583	0.9861985936856811	0.9853810272878372	0.9896147478586044	0.9869445614686234	0.9867194649079244	0.9833256537762406	0.9847204310635617	0.9869422550868059	0.985129451464919	0.9858816167141528	0.9856245993531124	0.989598865755069	0.9873687595362439	0.9881140538782531	0.9815545525431179	0.9856507455476222	0.988158828749462	0.9882484724380803	0.9859829557829208	0.9877878928375445	0.9860902032510286	0.9853220924441146	0.9880420083300027	0.9865111438505206	0.9880443472707504	0.9883170072298685	0.9874147335902513	0.9881035351529928	0.9872029573752817	0.9877136720277702	1.0	0.9911393116846468	0.9863411502030159
