/home/jshaw/scratch/2022_sketched_distance/references/SGB_genome_fastas_part4/6038/HeQ_2017__RSZAXPI003069-101__bin.8.fa	/home/jshaw/scratch/2022_sketched_distance/references/SGB_genome_fastas_part4/6038/HeQ_2017__RSZAXPI003094-125__bin.41.fa	/home/jshaw/scratch/2022_sketched_distance/references/SGB_genome_fastas_part4/6038/HeQ_2017__RSZAXPI003106-145__bin.34.fa	/home/jshaw/scratch/2022_sketched_distance/references/SGB_genome_fastas_part4/6038/HeQ_2017__SZAXPI029463-136__bin.16.fa	/home/jshaw/scratch/2022_sketched_distance/references/SGB_genome_fastas_part4/6038/HeQ_2017__SZAXPI029474-42__bin.18.fa	/home/jshaw/scratch/2022_sketched_distance/references/SGB_genome_fastas_part4/6038/HeQ_2017__SZAXPI029485-81__bin.16.fa	/home/jshaw/scratch/2022_sketched_distance/references/SGB_genome_fastas_part4/6038/HeQ_2017__SZAXPI029497-98__bin.16.fa	/home/jshaw/scratch/2022_sketched_distance/references/SGB_genome_fastas_part4/6038/HeQ_2017__SZAXPI029550-158__bin.15.fa	/home/jshaw/scratch/2022_sketched_distance/references/SGB_genome_fastas_part4/6038/QinJ_2012__CON-007__bin.24.fa	/home/jshaw/scratch/2022_sketched_distance/references/SGB_genome_fastas_part4/6038/QinJ_2012__DLM015__bin.10.fa	/home/jshaw/scratch/2022_sketched_distance/references/SGB_genome_fastas_part4/6038/QinJ_2012__NOF002__bin.17.fa	/home/jshaw/scratch/2022_sketched_distance/references/SGB_genome_fastas_part4/6038/QinJ_2012__NOF009__bin.1.fa	/home/jshaw/scratch/2022_sketched_distance/references/SGB_genome_fastas_part4/6038/QinJ_2012__NOM014__bin.26.fa	/home/jshaw/scratch/2022_sketched_distance/references/SGB_genome_fastas_part4/6038/QinJ_2012__T2D-003__bin.1.fa	/home/jshaw/scratch/2022_sketched_distance/references/SGB_genome_fastas_part4/6038/QinJ_2012__T2D-014__bin.31.fa	/home/jshaw/scratch/2022_sketched_distance/references/SGB_genome_fastas_part4/6038/QinJ_2012__T2D-016__bin.2.fa	/home/jshaw/scratch/2022_sketched_distance/references/SGB_genome_fastas_part4/6038/QinJ_2012__T2D-022__bin.21.fa	/home/jshaw/scratch/2022_sketched_distance/references/SGB_genome_fastas_part4/6038/QinJ_2012__T2D-032__bin.42.fa	/home/jshaw/scratch/2022_sketched_distance/references/SGB_genome_fastas_part4/6038/QinJ_2012__T2D-045__bin.2.fa	/home/jshaw/scratch/2022_sketched_distance/references/SGB_genome_fastas_part4/6038/QinJ_2012__T2D-054__bin.13.fa	/home/jshaw/scratch/2022_sketched_distance/references/SGB_genome_fastas_part4/6038/QinJ_2012__T2D-074__bin.35.fa	/home/jshaw/scratch/2022_sketched_distance/references/SGB_genome_fastas_part4/6038/QinJ_2012__T2D-083__bin.23.fa	/home/jshaw/scratch/2022_sketched_distance/references/SGB_genome_fastas_part4/6038/QinN_2014__LD-61__bin.17.fa	/home/jshaw/scratch/2022_sketched_distance/references/SGB_genome_fastas_part4/6038/QinN_2014__LD-88__bin.28.fa	/home/jshaw/scratch/2022_sketched_distance/references/SGB_genome_fastas_part4/6038/WenC_2017__N216__bin.12.fa	/home/jshaw/scratch/2022_sketched_distance/references/SGB_genome_fastas_part4/6038/YuJ_2015__SZAXPI015214-19__bin.13.fa	/home/jshaw/scratch/2022_sketched_distance/references/SGB_genome_fastas_part4/6038/YuJ_2015__SZAXPI015237-23__bin.9.fa	/home/jshaw/scratch/2022_sketched_distance/references/SGB_genome_fastas_part4/6038/YuJ_2015__SZAXPI017582-94__bin.24.fa
1.0	0.982221546689413	0.9897631096033103	0.989900640752938	0.9902714205367655	0.9802187776191078	0.9897369677089272	0.9899093781253939	0.9898180649057001	0.9830628299407961	0.9779739472379482	0.98921382245761	0.9830184077068229	0.9893719513557921	0.9743655419260903	0.9746556880698931	0.9898305663741023	0.9727779510263312	0.9861192980626078	0.9899519660089058	0.9898111653630134	0.9883178257588136	0.9858126419064137	0.9903269871348155	0.9690659986193149	0.969275905166425	0.9896869515324644	0.985158147325909
0.982221546689413	1.0	0.9916131251670866	0.9842101867284121	0.9835879993019372	0.980183021092907	0.9826097964116678	0.9841060837773056	0.9838652678245771	0.9750782193548725	0.9706913571615986	0.9830007957508894	0.9830634595369556	0.9823956499643287	0.9626803101771	0.9634171190892217	0.9840691588479429	0.9637320384714627	0.9803691302950912	0.9827987355858394	0.991986585314459	0.982859746797115	0.9761186891024906	0.983815068687691	0.9607561654813065	0.9450507752691298	0.9838603474082535	0.9805593476185407
0.9897631096033103	0.9916131251670866	1.0	0.9913948673799391	0.99071650111883	0.9890033649501979	0.9903049619029582	0.9911721703236889	0.9907733750497951	0.9835645142554584	0.9802339576307708	0.9904121977712957	0.9911201119024914	0.9897499202376427	0.9761294975123971	0.9745904868576195	0.9920157337989396	0.9738685371793169	0.9878755786225475	0.9897493980350502	0.9983556038639668	0.9892488729539993	0.9859822107366212	0.9907089673926702	0.9706933402639348	0.9771791834032798	0.9909410406462708	0.9873365866249428
0.989900640752938	0.9842101867284121	0.9913948673799391	1.0	0.9910682207960787	0.98181483732057	0.9904014829286323	0.9986848731296405	0.9910220128366369	0.9840355391270682	0.9861571042377086	0.9902589966563156	0.9849070680230536	0.9902358539041782	0.9750555719139932	0.9751524837705097	0.9904889320269286	0.9785235038443924	0.9874793537177303	0.9902235762069082	0.9915681390097975	0.9887793469531121	0.9864517564091402	0.9912261784318518	0.9704348122090675	0.9716353046369849	0.990741236995676	0.9869161201937416
0.9902714205367655	0.9835879993019372	0.99071650111883	0.9910682207960787	1.0	0.981058430589189	0.9915209225697843	0.9910783438133868	0.990703517915933	0.9847870189747296	0.9792483858714492	0.9901362036760524	0.9842417569127115	0.9908986666589047	0.9746147129443274	0.9764231145883322	0.9914184842664553	0.9742824902547945	0.9869501012697087	0.9904895781267805	0.9906621049188697	0.9890888663973232	0.9859441297828712	0.9909236789616297	0.970910647659641	0.9701907736046229	0.9903120659152607	0.986234260816719
0.9802187776191078	0.980183021092907	0.9890033649501979	0.98181483732057	0.981058430589189	1.0	0.9805644297773801	0.981322785954435	0.9813058765057988	0.9758947654516144	0.9742311606518936	0.9806472327024308	0.9848422727231247	0.980479144760169	0.9727951003266151	0.9709689371708379	0.982968762442939	0.9668397572125756	0.9810278791464866	0.9800732070579833	0.9886391659439336	0.9816370961564412	0.9807513239831623	0.981036603593931	0.9668471053223188	0.9763848217324135	0.98085719110319	0.9802485181709998
0.9897369677089272	0.9826097964116678	0.9903049619029582	0.9904014829286323	0.9915209225697843	0.9805644297773801	1.0	0.9903100049513217	0.9902134823188001	0.989702414634786	0.9787220870724299	0.9904406231142396	0.9840101063366697	0.9960497773357279	0.9744930207926891	0.9755690359324501	0.9902011886814199	0.9736673708410478	0.9864502935100169	0.9899285829412183	0.9903301118335874	0.9883871421298998	0.9861248158791039	0.9904574585287317	0.9700698645641965	0.9702630251532542	0.9901802279493911	0.9858906053088772
0.9899093781253939	0.9841060837773056	0.9911721703236889	0.9986848731296405	0.9910783438133868	0.981322785954435	0.9903100049513217	1.0	0.990572558229787	0.983335230919422	0.9854623541843791	0.9899354112338963	0.9843952752487557	0.9898565930751582	0.9742305955190769	0.9746115340494121	0.9902907531031003	0.9780046646382906	0.9868554339236459	0.9902022574508413	0.9912467747747389	0.9881770785412677	0.9857140593086948	0.9909287180349028	0.9693390001152264	0.9712333745440526	0.9907018898327898	0.9863921362323879
0.9898180649057001	0.9838652678245771	0.9907733750497951	0.9910220128366369	0.990703517915933	0.9813058765057988	0.9902134823188001	0.990572558229787	1.0	0.9838380105542603	0.9788897129095119	0.9903335354670396	0.9844126003800031	0.9901009416935173	0.9745690628873365	0.9754502789081367	0.9905114516121958	0.973356917801305	0.9869601787362202	0.9912594006419706	0.9910715673928139	0.9887359278728192	0.9926316180734538	0.9982245744143078	0.9702850953423717	0.9704853414199512	0.9907914090309892	0.9869660492846442
0.9830628299407961	0.9750782193548725	0.9835645142554584	0.9840355391270682	0.9847870189747296	0.9758947654516144	0.989702414634786	0.983335230919422	0.9838380105542603	1.0	0.9752677930325953	0.9836333889112377	0.9792115008979522	0.9893089209848368	0.9723684487971915	0.9737061998452162	0.9839309503386976	0.9699480694056136	0.981937996309993	0.9833978691592139	0.983900113918372	0.9832471969794295	0.9813482525239184	0.9837735910036959	0.9681418823820963	0.9682672698366506	0.983481879500261	0.9818032095396537
0.9779739472379482	0.9706913571615986	0.9802339576307708	0.9861571042377086	0.9792483858714492	0.9742311606518936	0.9787220870724299	0.9854623541843791	0.9788897129095119	0.9752677930325953	1.0	0.9786375790650391	0.9783810081775756	0.9791875063104811	0.9733809124641432	0.9744415436941221	0.980234189609598	0.9706902779045111	0.9801798333005811	0.9775646521247675	0.9804927662465979	0.9793706338189966	0.9799818565844916	0.9789105348237709	0.9698257360563294	0.9726211948581495	0.9789091992780825	0.9792623588710762
0.98921382245761	0.9830007957508894	0.9904121977712957	0.9902589966563156	0.9901362036760524	0.9806472327024308	0.9904406231142396	0.9899354112338963	0.9903335354670396	0.9836333889112377	0.9786375790650391	1.0	0.9840043751514856	0.9900258980963285	0.9738711922545865	0.9751858812366474	0.9900639716562512	0.9734356734274865	0.9865131857808095	0.989937212033798	0.9904667795785711	0.9882545432878708	0.985251264266558	0.9902184265713491	0.9701745427955234	0.9697173805152604	0.9899713356243319	0.9858502810089501
0.9830184077068229	0.9830634595369556	0.9911201119024914	0.9849070680230536	0.9842417569127115	0.9848422727231247	0.9840101063366697	0.9843952752487557	0.9844126003800031	0.9792115008979522	0.9783810081775756	0.9840043751514856	1.0	0.9840937627295099	0.9757774651592261	0.9743461160668804	0.9851507010224716	0.9710250136519271	0.9844040039786183	0.9836549177977727	0.9912685561288447	0.9846882151145184	0.983232791283385	0.9841519513631576	0.9713645518142341	0.9777968672417447	0.9845724653834069	0.9845708986245105
0.9893719513557921	0.9823956499643287	0.9897499202376427	0.9902358539041782	0.9908986666589047	0.980479144760169	0.9960497773357279	0.9898565930751582	0.9901009416935173	0.9893089209848368	0.9791875063104811	0.9900258980963285	0.9840937627295099	1.0	0.9748811321019658	0.9763063950906807	0.9897879692140691	0.9739290185029673	0.987073103198859	0.9897226318331274	0.9901295362202517	0.9885421261354294	0.9860260264604394	0.9901258856888941	0.9703888893293063	0.9697846944978821	0.9896873593180848	0.9864178698842511
0.9743655419260903	0.9626803101771	0.9761294975123971	0.9750555719139932	0.9746147129443274	0.9727951003266151	0.9744930207926891	0.9742305955190769	0.9745690628873365	0.9723684487971915	0.9733809124641432	0.9738711922545865	0.9757774651592261	0.9748811321019658	1.0	0.9720336807865106	0.9763536354193312	0.9626779482862917	0.9822525946826303	0.9744208801438111	0.9763363228042822	0.9766886920850878	0.9785543072597932	0.9743439379305029	0.9682684698474735	0.9751316492650046	0.9745046841558092	0.9757772911978697
0.9746556880698931	0.9634171190892217	0.9745904868576195	0.9751524837705097	0.9764231145883322	0.9709689371708379	0.9755690359324501	0.9746115340494121	0.9754502789081367	0.9737061998452162	0.9744415436941221	0.9751858812366474	0.9743461160668804	0.9763063950906807	0.9720336807865106	1.0	0.9769932696207276	0.963865324526438	0.976966406152558	0.9752434970305288	0.9753295430104856	0.9778510060678718	0.9784381654483083	0.9754582042900977	0.9719831613125238	0.9721781052529875	0.9746421358043814	0.975997112283294
0.9898305663741023	0.9840691588479429	0.9920157337989396	0.9904889320269286	0.9914184842664553	0.982968762442939	0.9902011886814199	0.9902907531031003	0.9905114516121958	0.9839309503386976	0.980234189609598	0.9900639716562512	0.9851507010224716	0.9897879692140691	0.9763536354193312	0.9769932696207276	1.0	0.9760893814479004	0.9875813200848393	0.9902738177114226	0.9919601826171489	0.9894681881246485	0.9863157934791653	0.9904902343414675	0.9718442908663826	0.9737391097564221	0.9902252224997845	0.9868922507382544
0.9727779510263312	0.9637320384714627	0.9738685371793169	0.9785235038443924	0.9742824902547945	0.9668397572125756	0.9736673708410478	0.9780046646382906	0.973356917801305	0.9699480694056136	0.9706902779045111	0.9734356734274865	0.9710250136519271	0.9739290185029673	0.9626779482862917	0.963865324526438	0.9760893814479004	1.0	0.9735724396797054	0.9731273577262988	0.9744481422737595	0.9735681229337955	0.9714004520613326	0.973212986777593	0.9583454062402623	0.9596631352772816	0.9733647839888357	0.9726660171767294
0.9861192980626078	0.9803691302950912	0.9878755786225475	0.9874793537177303	0.9869501012697087	0.9810278791464866	0.9864502935100169	0.9868554339236459	0.9869601787362202	0.981937996309993	0.9801798333005811	0.9865131857808095	0.9844040039786183	0.987073103198859	0.9822525946826303	0.976966406152558	0.9875813200848393	0.9735724396797054	1.0	0.9871149698342173	0.9882980517085755	0.9877974102313394	0.984641268547077	0.9868364838560076	0.9714480838130278	0.9703981031177696	0.9870935264363987	0.9869617438220925
0.9899519660089058	0.9827987355858394	0.9897493980350502	0.9902235762069082	0.9904895781267805	0.9800732070579833	0.9899285829412183	0.9902022574508413	0.9912594006419706	0.9833978691592139	0.9775646521247675	0.989937212033798	0.9836549177977727	0.9897226318331274	0.9744208801438111	0.9752434970305288	0.9902738177114226	0.9731273577262988	0.9871149698342173	1.0	0.9900215386593172	0.9880786308939621	0.9866818713701252	0.991455595163392	0.9700321362124692	0.9691308335666138	0.9904720722438286	0.9862781360554123
0.9898111653630134	0.991986585314459	0.9983556038639668	0.9915681390097975	0.9906621049188697	0.9886391659439336	0.9903301118335874	0.9912467747747389	0.9910715673928139	0.983900113918372	0.9804927662465979	0.9904667795785711	0.9912685561288447	0.9901295362202517	0.9763363228042822	0.9753295430104856	0.9919601826171489	0.9744481422737595	0.9882980517085755	0.9900215386593172	1.0	0.9895353602807672	0.9865412165683963	0.9910461528724727	0.9709360386489136	0.976996448160974	0.9911764870145032	0.9876721967797715
0.9883178257588136	0.982859746797115	0.9892488729539993	0.9887793469531121	0.9890888663973232	0.9816370961564412	0.9883871421298998	0.9881770785412677	0.9887359278728192	0.9832471969794295	0.9793706338189966	0.9882545432878708	0.9846882151145184	0.9885421261354294	0.9766886920850878	0.9778510060678718	0.9894681881246485	0.9735681229337955	0.9877974102313394	0.9880786308939621	0.9895353602807672	1.0	0.984843474004341	0.9883671503505517	0.9714233329974107	0.9699261373328975	0.988312280198103	0.9866293594214267
0.9858126419064137	0.9761186891024906	0.9859822107366212	0.9864517564091402	0.9859441297828712	0.9807513239831623	0.9861248158791039	0.9857140593086948	0.9926316180734538	0.9813482525239184	0.9799818565844916	0.985251264266558	0.983232791283385	0.9860260264604394	0.9785543072597932	0.9784381654483083	0.9863157934791653	0.9714004520613326	0.984641268547077	0.9866818713701252	0.9865412165683963	0.984843474004341	1.0	0.9935926377579306	0.9727878061410428	0.9782600064439014	0.9861447456153639	0.9844041657950622
0.9903269871348155	0.983815068687691	0.9907089673926702	0.9912261784318518	0.9909236789616297	0.981036603593931	0.9904574585287317	0.9909287180349028	0.9982245744143078	0.9837735910036959	0.9789105348237709	0.9902184265713491	0.9841519513631576	0.9901258856888941	0.9743439379305029	0.9754582042900977	0.9904902343414675	0.973212986777593	0.9868364838560076	0.991455595163392	0.9910461528724727	0.9883671503505517	0.9935926377579306	1.0	0.9701436904383021	0.9707171050184585	0.9908360665638236	0.9866566918975592
0.9690659986193149	0.9607561654813065	0.9706933402639348	0.9704348122090675	0.970910647659641	0.9668471053223188	0.9700698645641965	0.9693390001152264	0.9702850953423717	0.9681418823820963	0.9698257360563294	0.9701745427955234	0.9713645518142341	0.9703888893293063	0.9682684698474735	0.9719831613125238	0.9718442908663826	0.9583454062402623	0.9714480838130278	0.9700321362124692	0.9709360386489136	0.9714233329974107	0.9727878061410428	0.9701436904383021	1.0	0.9688651038372951	0.9689616047187055	0.9711439493055066
0.969275905166425	0.9450507752691298	0.9771791834032798	0.9716353046369849	0.9701907736046229	0.9763848217324135	0.9702630251532542	0.9712333745440526	0.9704853414199512	0.9682672698366506	0.9726211948581495	0.9697173805152604	0.9777968672417447	0.9697846944978821	0.9751316492650046	0.9721781052529875	0.9737391097564221	0.9596631352772816	0.9703981031177696	0.9691308335666138	0.976996448160974	0.9699261373328975	0.9782600064439014	0.9707171050184585	0.9688651038372951	1.0	0.9704062541284704	0.9694065347485135
0.9896869515324644	0.9838603474082535	0.9909410406462708	0.990741236995676	0.9903120659152607	0.98085719110319	0.9901802279493911	0.9907018898327898	0.9907914090309892	0.983481879500261	0.9789091992780825	0.9899713356243319	0.9845724653834069	0.9896873593180848	0.9745046841558092	0.9746421358043814	0.9902252224997845	0.9733647839888357	0.9870935264363987	0.9904720722438286	0.9911764870145032	0.988312280198103	0.9861447456153639	0.9908360665638236	0.9689616047187055	0.9704062541284704	1.0	0.9942954669005152
0.985158147325909	0.9805593476185407	0.9873365866249428	0.9869161201937416	0.986234260816719	0.9802485181709998	0.9858906053088772	0.9863921362323879	0.9869660492846442	0.9818032095396537	0.9792623588710762	0.9858502810089501	0.9845708986245105	0.9864178698842511	0.9757772911978697	0.975997112283294	0.9868922507382544	0.9726660171767294	0.9869617438220925	0.9862781360554123	0.9876721967797715	0.9866293594214267	0.9844041657950622	0.9866566918975592	0.9711439493055066	0.9694065347485135	0.9942954669005152	1.0
