/home/jshaw/scratch/2022_sketched_distance/references/SGB_genome_fastas_part4/9271/BackhedF_2015__SID507_M__bin.62.fa	/home/jshaw/scratch/2022_sketched_distance/references/SGB_genome_fastas_part4/9271/BackhedF_2015__SID521_12M__bin.15.fa	/home/jshaw/scratch/2022_sketched_distance/references/SGB_genome_fastas_part4/9271/BackhedF_2015__SID521_4M__bin.14.fa	/home/jshaw/scratch/2022_sketched_distance/references/SGB_genome_fastas_part4/9271/CosteaPI_2017__SID713B003-11-90-0__bin.6.fa	/home/jshaw/scratch/2022_sketched_distance/references/SGB_genome_fastas_part4/9271/CosteaPI_2017__SID713B041-11-0-0__bin.68.fa	/home/jshaw/scratch/2022_sketched_distance/references/SGB_genome_fastas_part4/9271/KarlssonFH_2013__S356__bin.18.fa	/home/jshaw/scratch/2022_sketched_distance/references/SGB_genome_fastas_part4/9271/LeChatelierE_2013__MH0191__bin.37.fa	/home/jshaw/scratch/2022_sketched_distance/references/SGB_genome_fastas_part4/9271/LeChatelierE_2013__MH0199__bin.45.fa	/home/jshaw/scratch/2022_sketched_distance/references/SGB_genome_fastas_part4/9271/LeChatelierE_2013__MH0251__bin.15.fa	/home/jshaw/scratch/2022_sketched_distance/references/SGB_genome_fastas_part4/9271/LiJ_2014__MH0301__bin.14.fa	/home/jshaw/scratch/2022_sketched_distance/references/SGB_genome_fastas_part4/9271/LiJ_2014__O2.UC36-0__bin.56.fa	/home/jshaw/scratch/2022_sketched_distance/references/SGB_genome_fastas_part4/9271/LiJ_2014__O2.UC36-1__bin.41.fa	/home/jshaw/scratch/2022_sketched_distance/references/SGB_genome_fastas_part4/9271/LiJ_2014__V1.FI04__bin.68.fa	/home/jshaw/scratch/2022_sketched_distance/references/SGB_genome_fastas_part4/9271/LiJ_2014__V1.FI21__bin.37.fa	/home/jshaw/scratch/2022_sketched_distance/references/SGB_genome_fastas_part4/9271/LiuW_2016__SRR3993027__bin.4.fa	/home/jshaw/scratch/2022_sketched_distance/references/SGB_genome_fastas_part4/9271/NielsenHB_2014__O2_UC51_2__bin.35.fa	/home/jshaw/scratch/2022_sketched_distance/references/SGB_genome_fastas_part4/9271/NielsenHB_2014__V1_CD41_0__bin.62.fa	/home/jshaw/scratch/2022_sketched_distance/references/SGB_genome_fastas_part4/9271/QinN_2014__LD-62__bin.3.fa	/home/jshaw/scratch/2022_sketched_distance/references/SGB_genome_fastas_part4/9271/RaymondF_2016__P12E0__bin.13.fa	/home/jshaw/scratch/2022_sketched_distance/references/SGB_genome_fastas_part4/9271/RaymondF_2016__P12E90__bin.8.fa	/home/jshaw/scratch/2022_sketched_distance/references/SGB_genome_fastas_part4/9271/VatanenT_2016__G80376__bin.4.fa	/home/jshaw/scratch/2022_sketched_distance/references/SGB_genome_fastas_part4/9271/VatanenT_2016__G80540__bin.10.fa	/home/jshaw/scratch/2022_sketched_distance/references/SGB_genome_fastas_part4/9271/VincentC_2016__MM081__bin.1.fa	/home/jshaw/scratch/2022_sketched_distance/references/SGB_genome_fastas_part4/9271/VogtmannE_2016__MMRS14379078ST-27-0-0__bin.24.fa	/home/jshaw/scratch/2022_sketched_distance/references/SGB_genome_fastas_part4/9271/VogtmannE_2016__MMRS48639115ST-27-0-0__bin.33.fa	/home/jshaw/scratch/2022_sketched_distance/references/SGB_genome_fastas_part4/9271/XieH_2016__YSZC12003_35506__bin.40.fa	/home/jshaw/scratch/2022_sketched_distance/references/SGB_genome_fastas_part4/9271/XieH_2016__YSZC12003_36212__bin.11.fa	/home/jshaw/scratch/2022_sketched_distance/references/SGB_genome_fastas_part4/9271/XieH_2016__YSZC12003_36389__bin.16.fa	/home/jshaw/scratch/2022_sketched_distance/references/SGB_genome_fastas_part4/9271/XieH_2016__YSZC12003_37127__bin.43.fa	/home/jshaw/scratch/2022_sketched_distance/references/SGB_genome_fastas_part4/9271/XieH_2016__YSZC12003_37176__bin.70.fa	/home/jshaw/scratch/2022_sketched_distance/references/SGB_genome_fastas_part4/9271/ZeeviD_2015__PNP_Main_240__bin.26.fa
1.0	0.9806882016249245	0.9864553609641579	0.99787738362288	0.9910820950963267	0.9835302418462881	0.9973365800140077	0.997624913682162	0.9972620385292232	0.9895827543108237	0.9893785649061466	0.994513733114884	0.9876140101012858	0.9975918799046916	0.99599585368353	0.9925206476268946	0.9855773554029779	0.9978323910082088	0.997725616006082	0.9952754054155069	0.9817046608660993	0.9968836720201446	0.9976725718510289	0.99728531427917	0.9970604067907411	0.9975728198340551	0.9974800227563377	0.9770303560071568	0.9974830722521685	0.9873438503230739	0.9931000678935684
0.9806882016249245	1.0	0.9805554812049162	0.9818672794544504	0.9721492085434814	0.9782145613562191	0.9814304587111763	0.9814360822861518	0.9824897251198846	0.981309670821444	0.9759909674843655	0.9830350272807633	0.9791561701003566	0.9819239132790057	0.9829507506987729	0.982115711974573	0.9804466446323927	0.9818452971713123	0.9821052281452854	0.980470642750553	0.9744725175233224	0.9821668231239641	0.9817400263027395	0.9813851757365474	0.982154292965458	0.9822636447316735	0.9811582459689084	0.9675844629270215	0.9819396144756353	0.9782256866808802	0.9798372727829953
0.9864553609641579	0.9805554812049162	1.0	0.9864462310473356	0.9791757574421556	0.979558428118656	0.9862048327900934	0.9866014468626886	0.9866603495977564	0.9830240967156577	0.9796370078700767	0.9862271639893969	0.9815019069090135	0.9866651781719991	0.9859418412897161	0.9863856885860925	0.9801844395564959	0.9864395395402894	0.9868933148879688	0.98562524497456	0.9763946523071165	0.9868277902492164	0.9869795377807767	0.9859818276410264	0.9860255348330779	0.9872828961160018	0.9861414118134444	0.9718540705423662	0.9864777952391449	0.9796932498541558	0.9846001432580401
0.99787738362288	0.9818672794544504	0.9864462310473356	1.0	0.9910149065790187	0.9835786037105798	0.996891094408146	0.9982882465525336	0.9982333638939243	0.9898021097369126	0.9894303565532282	0.9956335576154806	0.9873482461750538	0.998924430482109	0.9965321507513846	0.9921811689984518	0.9861199884640351	0.9997018780225815	0.9985555974330722	0.996084750756623	0.9814252358476708	0.9979859043162327	0.9984688762871538	0.9978259180497628	0.9969301995733475	0.9980316937585498	0.9986818440855059	0.9765103906618845	0.9988236058918458	0.9872945164940637	0.9929008459692242
0.9910820950963267	0.9721492085434814	0.9791757574421556	0.9910149065790187	1.0	0.9737301802438182	0.9886145993712842	0.9908705120087553	0.9899601399041774	0.980364481717864	0.9907701711159942	0.9868486111488912	0.9790705071038501	0.9909094954546541	0.9878718017598244	0.9816839394723338	0.9633717163684022	0.9909954420733526	0.9911467304170075	0.9864338932467354	0.9708498977261651	0.989687741793994	0.9909459829052457	0.9896504300038853	0.9894340392373536	0.9907741554551953	0.9908932041903272	0.9671963811049634	0.9908277558121411	0.9790460479267068	0.9856895579163156
0.9835302418462881	0.9782145613562191	0.979558428118656	0.9835786037105798	0.9737301802438182	1.0	0.983343046554877	0.9831474581848588	0.9842476572293202	0.9822013474027125	0.9770373394542528	0.9840502983799717	0.9805017975889946	0.9833184579765107	0.9842927895422877	0.9830817013233633	0.9800419222039666	0.9835218574910162	0.9837295993902659	0.980321867587215	0.9761289519803235	0.9830473766330486	0.9836475817222031	0.9828532875761219	0.9836600289833819	0.9834404683095596	0.9829269496301171	0.9751078445432766	0.983444553223465	0.9801586044714926	0.9833871832826195
0.9973365800140077	0.9814304587111763	0.9862048327900934	0.996891094408146	0.9886145993712842	0.983343046554877	1.0	0.9962025183669971	0.9961038607683906	0.9895447260155201	0.9877214158256588	0.9945010730178506	0.9874851058522716	0.9965353238043003	0.9950769216957885	0.9924958788880172	0.986677219448294	0.996800503361358	0.9965820101465322	0.9937024909057969	0.9818688734821952	0.9955483932364336	0.996407251380075	0.9960941375206402	0.9958484673551549	0.9965763324307421	0.9965431808157945	0.9765821180826596	0.9966272882369425	0.9872348288742663	0.9921359065019979
0.997624913682162	0.9814360822861518	0.9866014468626886	0.9982882465525336	0.9908705120087553	0.9831474581848588	0.9962025183669971	1.0	0.9977701300453611	0.9895829322416023	0.9889436370486572	0.995152200020539	0.9873231872279019	0.998636337740274	0.9963391134082549	0.9916456745173481	0.9867533666749632	0.998452406016473	0.9985955711080478	0.9958206490529615	0.9813815666568594	0.9978380715529818	0.9989696598765755	0.9973816272590756	0.9968028006593039	0.9981311917024517	0.999074232567282	0.976117044199965	0.9984061046431142	0.9874218228923068	0.9930623787582576
0.9972620385292232	0.9824897251198846	0.9866603495977564	0.9982333638939243	0.9899601399041774	0.9842476572293202	0.9961038607683906	0.9977701300453611	1.0	0.9898983705809966	0.9896141577445328	0.9955582000921186	0.9876394797184995	0.9979806944132713	0.9963244276617516	0.9923134816855379	0.9863833872248605	0.9981884075781354	0.9978993650913065	0.9953230968129123	0.9817115349229083	0.9975903045009865	0.9978923595101726	0.9973332817853517	0.996481988070925	0.9975277773036509	0.997798918703147	0.9770043488158852	0.9978350505598854	0.9877631081935687	0.9928712701336482
0.9895827543108237	0.981309670821444	0.9830240967156577	0.9898021097369126	0.980364481717864	0.9822013474027125	0.9895447260155201	0.9895829322416023	0.9898983705809966	1.0	0.9839648070304995	0.989212155525035	0.984385830498994	0.9895462970072056	0.9897776990190353	0.9885444966006343	0.9839133705580334	0.9898080762115781	0.9899489334175606	0.9876300688228594	0.9786345952717417	0.9891577887418759	0.9896623506441712	0.9891610405755965	0.989942161830315	0.9904185098510496	0.9893325238989306	0.9737809526011713	0.9895104802126233	0.9837472476754338	0.9874275790323541
0.9893785649061466	0.9759909674843655	0.9796370078700767	0.9894303565532282	0.9907701711159942	0.9770373394542528	0.9877214158256588	0.9889436370486572	0.9896141577445328	0.9839648070304995	1.0	0.9878734711338154	0.982636777691665	0.9890042388502636	0.989121714420432	0.9844630578593289	0.9713348699081039	0.989391678478191	0.9891576153351421	0.9852826530712286	0.9754675090240917	0.9885713937060145	0.9892064443217301	0.9881894864523824	0.9892744913195796	0.9893548582543567	0.9887116801308264	0.9723204087981975	0.989194701789377	0.9817482423708951	0.9871487064167206
0.994513733114884	0.9830350272807633	0.9862271639893969	0.9956335576154806	0.9868486111488912	0.9840502983799717	0.9945010730178506	0.995152200020539	0.9955582000921186	0.989212155525035	0.9878734711338154	1.0	0.9863107563839537	0.9954213914736652	0.9944098191745785	0.9919804245992464	0.9867036127728953	0.9956222318012468	0.9956074613483326	0.9936008720922326	0.9808270713104171	0.9951708851628458	0.9955307839363602	0.9945688828057322	0.9945117973900219	0.9957247942556106	0.9951293057692444	0.9759924632452451	0.9955422478720991	0.9870056455892898	0.9914617470796078
0.9876140101012858	0.9791561701003566	0.9815019069090135	0.9873482461750538	0.9790705071038501	0.9805017975889946	0.9874851058522716	0.9873231872279019	0.9876394797184995	0.984385830498994	0.982636777691665	0.9863107563839537	1.0	0.9870994820826242	0.9883346882313779	0.9859763530343459	0.9822300081572217	0.9873130705031629	0.9875665911293823	0.9842071461554255	0.9788660624294335	0.986826135689471	0.9877606306347353	0.9867373630450592	0.9875580931172622	0.9879792670427942	0.9868861501402343	0.9750888730193201	0.9871784169211779	0.9827188841618881	0.9867152149232722
0.9975918799046916	0.9819239132790057	0.9866651781719991	0.998924430482109	0.9909094954546541	0.9833184579765107	0.9965353238043003	0.998636337740274	0.9979806944132713	0.9895462970072056	0.9890042388502636	0.9954213914736652	0.9870994820826242	1.0	0.9963450570440527	0.9919158950946644	0.9867903369169381	0.9989746823903302	0.9991202313116776	0.996688697472001	0.9809941781068215	0.9982206099896749	0.9986384758685658	0.9977055487201643	0.9967285080330271	0.9982392218970444	0.9987507243109274	0.9759828497936213	0.9988648930180032	0.9870225768127022	0.9928506324726425
0.99599585368353	0.9829507506987729	0.9859418412897161	0.9965321507513846	0.9878718017598244	0.9842927895422877	0.9950769216957885	0.9963391134082549	0.9963244276617516	0.9897776990190353	0.989121714420432	0.9944098191745785	0.9883346882313779	0.9963450570440527	1.0	0.9911190290710519	0.9869868340151061	0.9966124816791345	0.9967826656749728	0.993291036363054	0.9824607487923169	0.9957379259588817	0.9965618962940194	0.9956255712257047	0.996077169259066	0.9963772083231328	0.9961660221735994	0.9783160725076193	0.9962781236224979	0.9878651003355358	0.9931045284859018
0.9925206476268946	0.982115711974573	0.9863856885860925	0.9921811689984518	0.9816839394723338	0.9830817013233633	0.9924958788880172	0.9916456745173481	0.9923134816855379	0.9885444966006343	0.9844630578593289	0.9919804245992464	0.9859763530343459	0.9919158950946644	0.9911190290710519	1.0	0.9864082072099438	0.9921395545590572	0.9920135147611537	0.9897649358426958	0.9820144571953924	0.9917511370086652	0.9919541928269541	0.9919927143496763	0.9920627162932981	0.9921167380627083	0.9915584434545259	0.9750096052972175	0.9919527332088076	0.9847653251292741	0.9887499557860875
0.9855773554029779	0.9804466446323927	0.9801844395564959	0.9861199884640351	0.9633717163684022	0.9800419222039666	0.986677219448294	0.9867533666749632	0.9863833872248605	0.9839133705580334	0.9713348699081039	0.9867036127728953	0.9822300081572217	0.9867903369169381	0.9869868340151061	0.9864082072099438	1.0	0.9861939193780125	0.9870231348365722	0.9857534728005454	0.9796037336228016	0.9854960814983982	0.9874002634786668	0.9854811035220353	0.9855455763821159	0.9876105849407149	0.9863135231332305	0.9770056232818692	0.9867873250905148	0.9821223462072561	0.9845221977390775
0.9978323910082088	0.9818452971713123	0.9864395395402894	0.9997018780225815	0.9909954420733526	0.9835218574910162	0.996800503361358	0.998452406016473	0.9981884075781354	0.9898080762115781	0.989391678478191	0.9956222318012468	0.9873130705031629	0.9989746823903302	0.9966124816791345	0.9921395545590572	0.9861939193780125	1.0	0.9985803776053037	0.9960565988154324	0.9813386465727469	0.9980420415830114	0.9985221113094103	0.997951442008459	0.9969621901370395	0.9980154715013936	0.9988280221702783	0.9764244879258106	0.9989569387963726	0.9872850868605729	0.9928584020408364
0.997725616006082	0.9821052281452854	0.9868933148879688	0.9985555974330722	0.9911467304170075	0.9837295993902659	0.9965820101465322	0.9985955711080478	0.9978993650913065	0.9899489334175606	0.9891576153351421	0.9956074613483326	0.9875665911293823	0.9991202313116776	0.9967826656749728	0.9920135147611537	0.9870231348365722	0.9985803776053037	1.0	0.99691294779032	0.981564404567841	0.9979828144958067	0.9987380486469366	0.9976358234197691	0.9970720745832593	0.9984965230261971	0.9985051968393328	0.9765752837402144	0.9983945763967808	0.9876124682281961	0.9933069542882978
0.9952754054155069	0.980470642750553	0.98562524497456	0.996084750756623	0.9864338932467354	0.980321867587215	0.9937024909057969	0.9958206490529615	0.9953230968129123	0.9876300688228594	0.9852826530712286	0.9936008720922326	0.9842071461554255	0.996688697472001	0.993291036363054	0.9897649358426958	0.9857534728005454	0.9960565988154324	0.99691294779032	1.0	0.9784380172561867	0.9969919017266236	0.995928178658981	0.9950515974060532	0.99378666071111	0.9960403088859906	0.9958405541870032	0.972961120282313	0.9961289862696809	0.9849981986085624	0.9901672279388691
0.9817046608660993	0.9744725175233224	0.9763946523071165	0.9814252358476708	0.9708498977261651	0.9761289519803235	0.9818688734821952	0.9813815666568594	0.9817115349229083	0.9786345952717417	0.9754675090240917	0.9808270713104171	0.9788660624294335	0.9809941781068215	0.9824607487923169	0.9820144571953924	0.9796037336228016	0.9813386465727469	0.981564404567841	0.9784380172561867	1.0	0.9800366170367415	0.9815210295019929	0.981097686312367	0.9821398284803841	0.9812858482624536	0.9810351388011151	0.9738083156082415	0.9814964863389437	0.9775840682535241	0.979076321319543
0.9968836720201446	0.9821668231239641	0.9868277902492164	0.9979859043162327	0.989687741793994	0.9830473766330486	0.9955483932364336	0.9978380715529818	0.9975903045009865	0.9891577887418759	0.9885713937060145	0.9951708851628458	0.986826135689471	0.9982206099896749	0.9957379259588817	0.9917511370086652	0.9854960814983982	0.9980420415830114	0.9979828144958067	0.9969919017266236	0.9800366170367415	1.0	0.9980497278250604	0.9969845122984367	0.9960328801422482	0.9975670978319437	0.9977219767096674	0.9753702621599778	0.9981936115154474	0.9868545299280733	0.9924099383259721
0.9976725718510289	0.9817400263027395	0.9869795377807767	0.9984688762871538	0.9909459829052457	0.9836475817222031	0.996407251380075	0.9989696598765755	0.9978923595101726	0.9896623506441712	0.9892064443217301	0.9955307839363602	0.9877606306347353	0.9986384758685658	0.9965618962940194	0.9919541928269541	0.9874002634786668	0.9985221113094103	0.9987380486469366	0.995928178658981	0.9815210295019929	0.9980497278250604	1.0	0.9974536700515331	0.996887652684075	0.9984350275007084	0.9987659178050095	0.9767593787324226	0.9984899001629285	0.9877028389391751	0.9933376194174703
0.99728531427917	0.9813851757365474	0.9859818276410264	0.9978259180497628	0.9896504300038853	0.9828532875761219	0.9960941375206402	0.9973816272590756	0.9973332817853517	0.9891610405755965	0.9881894864523824	0.9945688828057322	0.9867373630450592	0.9977055487201643	0.9956255712257047	0.9919927143496763	0.9854811035220353	0.997951442008459	0.9976358234197691	0.9950515974060532	0.981097686312367	0.9969845122984367	0.9974536700515331	1.0	0.9977319357939933	0.9970069413636928	0.9974703884376067	0.9756391448534912	0.9975448614241068	0.9865324055697333	0.9920742557255455
0.9970604067907411	0.982154292965458	0.9860255348330779	0.9969301995733475	0.9894340392373536	0.9836600289833819	0.9958484673551549	0.9968028006593039	0.996481988070925	0.989942161830315	0.9892744913195796	0.9945117973900219	0.9875580931172622	0.9967285080330271	0.996077169259066	0.9920627162932981	0.9855455763821159	0.9969621901370395	0.9970720745832593	0.99378666071111	0.9821398284803841	0.9960328801422482	0.996887652684075	0.9977319357939933	1.0	0.996906924654311	0.9965978193334595	0.9768810106253173	0.9965735402264619	0.987715279690409	0.9923584669733176
0.9975728198340551	0.9822636447316735	0.9872828961160018	0.9980316937585498	0.9907741554551953	0.9834404683095596	0.9965763324307421	0.9981311917024517	0.9975277773036509	0.9904185098510496	0.9893548582543567	0.9957247942556106	0.9879792670427942	0.9982392218970444	0.9963772083231328	0.9921167380627083	0.9876105849407149	0.9980154715013936	0.9984965230261971	0.9960403088859906	0.9812858482624536	0.9975670978319437	0.9984350275007084	0.9970069413636928	0.996906924654311	1.0	0.9979687795590177	0.9775128223213105	0.9980074765996426	0.9882309598341967	0.99347126712707
0.9974800227563377	0.9811582459689084	0.9861414118134444	0.9986818440855059	0.9908932041903272	0.9829269496301171	0.9965431808157945	0.999074232567282	0.997798918703147	0.9893325238989306	0.9887116801308264	0.9951293057692444	0.9868861501402343	0.9987507243109274	0.9961660221735994	0.9915584434545259	0.9863135231332305	0.9988280221702783	0.9985051968393328	0.9958405541870032	0.9810351388011151	0.9977219767096674	0.9987659178050095	0.9974703884376067	0.9965978193334595	0.9979687795590177	1.0	0.9757627550463744	0.9986895121090195	0.987190920208808	0.9925822795788188
0.9770303560071568	0.9675844629270215	0.9718540705423662	0.9765103906618845	0.9671963811049634	0.9751078445432766	0.9765821180826596	0.976117044199965	0.9770043488158852	0.9737809526011713	0.9723204087981975	0.9759924632452451	0.9750888730193201	0.9759828497936213	0.9783160725076193	0.9750096052972175	0.9770056232818692	0.9764244879258106	0.9765752837402144	0.972961120282313	0.9738083156082415	0.9753702621599778	0.9767593787324226	0.9756391448534912	0.9768810106253173	0.9775128223213105	0.9757627550463744	1.0	0.9765623088034513	0.9743158999515746	0.9779767070836175
0.9974830722521685	0.9819396144756353	0.9864777952391449	0.9988236058918458	0.9908277558121411	0.983444553223465	0.9966272882369425	0.9984061046431142	0.9978350505598854	0.9895104802126233	0.989194701789377	0.9955422478720991	0.9871784169211779	0.9988648930180032	0.9962781236224979	0.9919527332088076	0.9867873250905148	0.9989569387963726	0.9983945763967808	0.9961289862696809	0.9814964863389437	0.9981936115154474	0.9984899001629285	0.9975448614241068	0.9965735402264619	0.9980074765996426	0.9986895121090195	0.9765623088034513	1.0	0.9871256057883258	0.9928005199367735
0.9873438503230739	0.9782256866808802	0.9796932498541558	0.9872945164940637	0.9790460479267068	0.9801586044714926	0.9872348288742663	0.9874218228923068	0.9877631081935687	0.9837472476754338	0.9817482423708951	0.9870056455892898	0.9827188841618881	0.9870225768127022	0.9878651003355358	0.9847653251292741	0.9821223462072561	0.9872850868605729	0.9876124682281961	0.9849981986085624	0.9775840682535241	0.9868545299280733	0.9877028389391751	0.9865324055697333	0.987715279690409	0.9882309598341967	0.987190920208808	0.9743158999515746	0.9871256057883258	1.0	0.9859399791692129
0.9931000678935684	0.9798372727829953	0.9846001432580401	0.9929008459692242	0.9856895579163156	0.9833871832826195	0.9921359065019979	0.9930623787582576	0.9928712701336482	0.9874275790323541	0.9871487064167206	0.9914617470796078	0.9867152149232722	0.9928506324726425	0.9931045284859018	0.9887499557860875	0.9845221977390775	0.9928584020408364	0.9933069542882978	0.9901672279388691	0.979076321319543	0.9924099383259721	0.9933376194174703	0.9920742557255455	0.9923584669733176	0.99347126712707	0.9925822795788188	0.9779767070836175	0.9928005199367735	0.9859399791692129	1.0
