/home/jshaw/scratch/2022_sketched_distance/references/SGB_genome_fastas_part1_redo/1408/ChengpingW_2017__AS38raw__bin.49.fa	/home/jshaw/scratch/2022_sketched_distance/references/SGB_genome_fastas_part1_redo/1408/FengQ_2015__SID531663__bin.76.fa	/home/jshaw/scratch/2022_sketched_distance/references/SGB_genome_fastas_part1_redo/1408/LeChatelierE_2013__MH0040__bin.33.fa	/home/jshaw/scratch/2022_sketched_distance/references/SGB_genome_fastas_part1_redo/1408/LeChatelierE_2013__MH0141__bin.13.fa	/home/jshaw/scratch/2022_sketched_distance/references/SGB_genome_fastas_part1_redo/1408/LeChatelierE_2013__MH0181__bin.2.fa	/home/jshaw/scratch/2022_sketched_distance/references/SGB_genome_fastas_part1_redo/1408/LeChatelierE_2013__MH0313__bin.42.fa	/home/jshaw/scratch/2022_sketched_distance/references/SGB_genome_fastas_part1_redo/1408/LeChatelierE_2013__MH0405__bin.63.fa	/home/jshaw/scratch/2022_sketched_distance/references/SGB_genome_fastas_part1_redo/1408/LeChatelierE_2013__MH0428__bin.9.fa	/home/jshaw/scratch/2022_sketched_distance/references/SGB_genome_fastas_part1_redo/1408/LiJ_2014__MH0259__bin.70.fa	/home/jshaw/scratch/2022_sketched_distance/references/SGB_genome_fastas_part1_redo/1408/LiJ_2014__MH0265__bin.69.fa	/home/jshaw/scratch/2022_sketched_distance/references/SGB_genome_fastas_part1_redo/1408/LiJ_2014__MH0323__bin.40.fa	/home/jshaw/scratch/2022_sketched_distance/references/SGB_genome_fastas_part1_redo/1408/LiJ_2014__MH0385__bin.51.fa	/home/jshaw/scratch/2022_sketched_distance/references/SGB_genome_fastas_part1_redo/1408/LiJ_2014__MH0389__bin.43.fa	/home/jshaw/scratch/2022_sketched_distance/references/SGB_genome_fastas_part1_redo/1408/LiJ_2014__MH0401__bin.42.fa	/home/jshaw/scratch/2022_sketched_distance/references/SGB_genome_fastas_part1_redo/1408/LoombaR_2017__SID0012_qdz__bin.66.fa	/home/jshaw/scratch/2022_sketched_distance/references/SGB_genome_fastas_part1_redo/1408/NielsenHB_2014__O2_UC60_0__bin.49.fa	/home/jshaw/scratch/2022_sketched_distance/references/SGB_genome_fastas_part1_redo/1408/QinJ_2012__T2D-043__bin.45.fa	/home/jshaw/scratch/2022_sketched_distance/references/SGB_genome_fastas_part1_redo/1408/QinN_2014__LD-34__bin.13.fa	/home/jshaw/scratch/2022_sketched_distance/references/SGB_genome_fastas_part1_redo/1408/RaymondF_2016__P9E0__bin.47.fa	/home/jshaw/scratch/2022_sketched_distance/references/SGB_genome_fastas_part1_redo/1408/VogtmannE_2016__MMRS51737257ST-27-0-0__bin.46.fa	/home/jshaw/scratch/2022_sketched_distance/references/SGB_genome_fastas_part1_redo/1408/XieH_2016__YSZC12003_35740__bin.16.fa	/home/jshaw/scratch/2022_sketched_distance/references/SGB_genome_fastas_part1_redo/1408/XieH_2016__YSZC12003_36058__bin.35.fa	/home/jshaw/scratch/2022_sketched_distance/references/SGB_genome_fastas_part1_redo/1408/XieH_2016__YSZC12003_37100__bin.40.fa	/home/jshaw/scratch/2022_sketched_distance/references/SGB_genome_fastas_part1_redo/1408/XieH_2016__YSZC12003_37105__bin.29.fa	/home/jshaw/scratch/2022_sketched_distance/references/SGB_genome_fastas_part1_redo/1408/XieH_2016__YSZC12003_37208R1__bin.40.fa	/home/jshaw/scratch/2022_sketched_distance/references/SGB_genome_fastas_part1_redo/1408/XieH_2016__YSZC12003_37233__bin.75.fa	/home/jshaw/scratch/2022_sketched_distance/references/SGB_genome_fastas_part1_redo/1408/YuJ_2015__SZAXPI003436-7__bin.52.fa	/home/jshaw/scratch/2022_sketched_distance/references/SGB_genome_fastas_part1_redo/1408/ZeeviD_2015__PNP_Main_140__bin.29.fa	/home/jshaw/scratch/2022_sketched_distance/references/SGB_genome_fastas_part1_redo/1408/ZeeviD_2015__PNP_Main_586__bin.5.fa	/home/jshaw/scratch/2022_sketched_distance/references/SGB_genome_fastas_part1_redo/1408/ZeeviD_2015__PNP_Main_750__bin.13.fa	/home/jshaw/scratch/2022_sketched_distance/references/SGB_genome_fastas_part1_redo/1408/ZeeviD_2015__PNP_Validation_46__bin.25.fa
1.0	0.9856515243740108	0.9802155057571993	0.9823295044184875	0.9573811124046709	0.9786987008415046	0.9843654334867741	0.9845574668148473	0.9822724695559949	0.9802922138805863	0.9822851073510759	0.9798792501436167	0.9842276827205095	0.9334747992808025	0.9840621497130148	0.9826367503923248	0.988065401745332	0.973959950011107	0.9832371193475815	0.9827502056540122	0.9852804289405208	0.9833179184233345	0.9846051145439128	0.9823456506255207	0.9850119677078428	0.9794028392604753	0.9866598223356432	0.9779328107365146	0.9835963254033324	0.985470018956714	0.9804565302632311
0.9856515243740108	1.0	0.9819775704293797	0.9830143880236374	0.9561626539783307	0.9784347177152595	0.9877921442052495	0.9883790188285697	0.9871191598722041	0.9833616490267038	0.9816222122676991	0.9842803914906142	0.9880868886546118	0.9300162441321213	0.9869677202958346	0.9854931546515407	0.9836147787691348	0.9718540705423662	0.9831065492963573	0.9836987228998679	0.9896274916342106	0.9864706706033486	0.9885964289933765	0.9878291318580243	0.9878660780091408	0.9839908465904007	0.9819333610952513	0.980762436884581	0.9851741059949222	0.9865860429182688	0.9818890919675851
0.9802155057571993	0.9819775704293797	1.0	0.983590248234078	0.9668059040942208	0.9824513270962313	0.983561494362649	0.9832016948165643	0.9862695187256341	0.9828379013538113	0.9827875440732785	0.9856038207775982	0.9873853223994074	0.953561695404604	0.983481879500261	0.986922004032826	0.9788668758353855	0.9717091261461773	0.9801742120842264	0.9829596151751258	0.98434718945374	0.986814151459572	0.9823051853609405	0.9832016948165643	0.9862695187256341	0.9842694614309596	0.9775079748189632	0.9812130203999817	0.9794581335917372	0.9811274780420169	0.9798612819797489
0.9823295044184875	0.9830143880236374	0.983590248234078	1.0	0.9645606811823151	0.9820813900220193	0.9846204231002594	0.9865885929667293	0.9885275620887819	0.9853498373399276	0.9840156011383854	0.9876565220290687	0.9883222511778859	0.941514909643994	0.984574292075334	0.9872335003484991	0.9818313807347451	0.9747394863493214	0.981981615339403	0.9841561683314854	0.9862394009189098	0.9868480750300985	0.9848501106781803	0.9854848169723207	0.9873185407556276	0.9839686112247874	0.9790566629443516	0.981931613719207	0.9820315406949572	0.9836852490533426	0.9804996100540077
0.9573811124046709	0.9561626539783307	0.9668059040942208	0.9645606811823151	1.0	0.9688904664634082	0.9597793624664256	0.9595939868552086	0.9711096136361287	0.9672483856051137	0.9647358809203238	0.9676848766430447	0.9730029438382075	0.9782115767160154	0.9594075306450618	0.9891940744755033	0.9557459282485966	0.9717530960858732	0.958841548391878	0.9617506423595785	0.9629447692097391	0.975366862721585	0.9611364775906406	0.9622678635958496	0.9701197477950577	0.9705193357316784	0.9555355034060246	0.9707172938290992	0.958841548391878	0.9599636701368279	0.9640960600872303
0.9786987008415046	0.9784347177152595	0.9824513270962313	0.9820813900220193	0.9688904664634082	1.0	0.9810376844540069	0.9814860433377676	0.9867790593157717	0.9828808581359554	0.980765688598486	0.9857005091326346	0.9876392942066861	0.9613880203996342	0.980856605526672	0.9868925475392825	0.9772610848711012	0.9742913904181263	0.978308406776449	0.9817962780171132	0.983262679376349	0.9870432587046535	0.9813968618656276	0.9810376844540069	0.985147662625726	0.9849879819816902	0.9769043606427767	0.9822344304258247	0.9781608338398399	0.9797485449428968	0.9798891251263475
0.9843654334867741	0.9877921442052495	0.983561494362649	0.9846204231002594	0.9597793624664256	0.9810376844540069	1.0	0.9874036499251874	0.9861529452424527	0.9833070414345724	0.9838504258174946	0.9834885697460576	0.987392666265187	0.9379396273483555	0.9873949685678408	0.9850326504498242	0.984379234908001	0.9720136608352956	0.9843156843599571	0.9852818777898577	0.9884063757174358	0.986667213879137	0.9870792156991806	0.9868897019952692	0.9869529946056086	0.9827782605523956	0.98380618503595	0.9803620140325676	0.9861771685931379	0.9878312593798613	0.9839565267811864
0.9845574668148473	0.9883790188285697	0.9832016948165643	0.9865885929667293	0.9595939868552086	0.9814860433377676	0.9874036499251874	1.0	0.9867557887126175	0.9836789751262011	0.9841706532515662	0.9836711551773871	0.9872428765527241	0.9319085887966381	0.9868537849289091	0.9849053950434422	0.9840862737202498	0.9689137907321285	0.9849770277079799	0.9844719325795955	0.9889696318666871	0.9861615987824773	0.9880390045210782	0.9886314458515263	0.987595547045618	0.9833461269912107	0.98264835584954	0.9787196386914412	0.9872095449864164	0.9866023339421744	0.9823513471969672
0.9822724695559949	0.9871191598722041	0.9862695187256341	0.9885275620887819	0.9711096136361287	0.9867790593157717	0.9861529452424527	0.9867557887126175	1.0	0.9863417138827372	0.9881781640959284	0.9859437807250938	0.9870822304175932	0.9627125688983029	0.9851551286371025	0.9867071838817473	0.9832668701960078	0.9757020284802453	0.9861497523025575	0.9871548391853822	0.9853371430265516	0.9865909193187625	0.9826554873097536	0.9837178592359265	0.9859440100402898	0.9852099915179834	0.9830522447248471	0.9853433144508487	0.984675097026474	0.9860764145564624	0.9853798273519454
0.9802922138805863	0.9833616490267038	0.9828379013538113	0.9853498373399276	0.9672483856051137	0.9828808581359554	0.9833070414345724	0.9836789751262011	0.9863417138827372	1.0	0.9836486841558361	0.9848772646256329	0.9869833575013607	0.9549149628370326	0.9821652194994386	0.9862734383771141	0.9801014702655131	0.9717077651721365	0.9816563595533342	0.9823152136318902	0.985196617915993	0.9872498232443281	0.9831570782088238	0.9842654313078036	0.9863075938533921	0.9846267130719446	0.9800264659958334	0.9807295773456279	0.9802966926944424	0.9826523317873701	0.9813571439480142
0.9822851073510759	0.9816222122676991	0.9827875440732785	0.9840156011383854	0.9647358809203238	0.980765688598486	0.9838504258174946	0.9841706532515662	0.9881781640959284	0.9836486841558361	1.0	0.9847236386447746	0.9879659105386016	0.9497729331383389	0.9836486841558361	0.9872120591837078	0.9809063046083413	0.972464547461599	0.9818176678297865	0.9824114410225725	0.9849966762689518	0.9878236443495956	0.9842899371651628	0.9843296022896858	0.9865518647698756	0.9849966762689518	0.9781529490193382	0.9811256102394131	0.9798781042293503	0.9818176678297865	0.9814734689435978
0.9798792501436167	0.9842803914906142	0.9856038207775982	0.9876565220290687	0.9676848766430447	0.9857005091326346	0.9834885697460576	0.9836711551773871	0.9859437807250938	0.9848772646256329	0.9847236386447746	1.0	0.9865102130154169	0.9577646472757831	0.9824607836028648	0.9844834436603449	0.98116418798634	0.9739101997861841	0.9834798851384422	0.9848425684855783	0.984149909600298	0.9852703624279592	0.9814248648581553	0.9813519208395297	0.9856888653210311	0.983711182754609	0.980938262401957	0.9834556156491783	0.9823239640873465	0.9838842663630318	0.9831637637744292
0.9842276827205095	0.9880868886546118	0.9873853223994074	0.9883222511778859	0.9730029438382075	0.9876392942066861	0.987392666265187	0.9872428765527241	0.9870822304175932	0.9869833575013607	0.9879659105386016	0.9865102130154169	1.0	0.9659988108185106	0.9871113230717543	0.9858162439535618	0.9845972519093663	0.9764473006220593	0.9868483689574084	0.9874285089106927	0.987055511998987	0.9862916279621647	0.9844023540513603	0.9851766540443035	0.9860128237067878	0.9866195440701363	0.9843508338636463	0.986110399958186	0.9870056455892898	0.9877641763182444	0.987722927628726
0.9334747992808025	0.9300162441321213	0.953561695404604	0.941514909643994	0.9782115767160154	0.9613880203996342	0.9379396273483555	0.9319085887966381	0.9627125688983029	0.9549149628370326	0.9497729331383389	0.9577646472757831	0.9659988108185106	1.0	0.938501845078255	0.9855256106270434	0.9269416591563804	0.9677467883983788	0.9403061484980156	0.9448674482725633	0.9416783406875063	0.9696847684678055	0.9390541368623297	0.9363889746575901	0.9580661179202459	0.963984605541198	0.9345471324859839	0.9619244228301436	0.9332558269821772	0.9345471324859839	0.9563188569345186
0.9840621497130148	0.9869677202958346	0.983481879500261	0.984574292075334	0.9594075306450618	0.980856605526672	0.9873949685678408	0.9868537849289091	0.9851551286371025	0.9821652194994386	0.9836486841558361	0.9824607836028648	0.9871113230717543	0.938501845078255	1.0	0.985389443376864	0.9850647121034425	0.9705561066579247	0.9846285653642274	0.9854270178926918	0.9869526792861234	0.9858531175109736	0.9870162286249489	0.9849529480826333	0.9869844692996904	0.9823511909321961	0.9831324284742701	0.980444052740787	0.9857903587377929	0.9868103689116778	0.9830872529386218
0.9826367503923248	0.9854931546515407	0.986922004032826	0.9872335003484991	0.9891940744755033	0.9868925475392825	0.9850326504498242	0.9849053950434422	0.9867071838817473	0.9862734383771141	0.9872120591837078	0.9844834436603449	0.9858162439535618	0.9855256106270434	0.985389443376864	1.0	0.9832668701960078	0.9843076428209516	0.9844724977553341	0.9862493552126881	0.9848292101188444	0.9865076639843137	0.982355070667787	0.9827894654147633	0.9829867349378731	0.9856550328172753	0.9828912861733545	0.986247966579766	0.9852194705752682	0.9868103689116778	0.9858056370218562
0.988065401745332	0.9836147787691348	0.9788668758353855	0.9818313807347451	0.9557459282485966	0.9772610848711012	0.984379234908001	0.9840862737202498	0.9832668701960078	0.9801014702655131	0.9809063046083413	0.98116418798634	0.9845972519093663	0.9269416591563804	0.9850647121034425	0.9832668701960078	1.0	0.9743953532091993	0.9813566541378755	0.9816719994113847	0.9848138302125558	0.9830777507583135	0.9832668701960078	0.9826962054662055	0.9849574259556544	0.980349797575111	0.9874065180205923	0.9768724956442523	0.9819284347318535	0.9838842663630318	0.9790572851841902
0.973959950011107	0.9718540705423662	0.9717091261461773	0.9747394863493214	0.9717530960858732	0.9742913904181263	0.9720136608352956	0.9689137907321285	0.9757020284802453	0.9717077651721365	0.972464547461599	0.9739101997861841	0.9764473006220593	0.9677467883983788	0.9705561066579247	0.9843076428209516	0.9743953532091993	1.0	0.9716026178173351	0.9715133789029501	0.972276525064574	0.9782826571169009	0.9709403379616529	0.968797390574813	0.9763550697731321	0.9738104700215201	0.9757514253409187	0.9735337736665592	0.9684741637956013	0.970705365217148	0.970707178746645
0.9832371193475815	0.9831065492963573	0.9801742120842264	0.981981615339403	0.958841548391878	0.978308406776449	0.9843156843599571	0.9849770277079799	0.9861497523025575	0.9816563595533342	0.9818176678297865	0.9834798851384422	0.9868483689574084	0.9403061484980156	0.9846285653642274	0.9844724977553341	0.9813566541378755	0.9716026178173351	1.0	0.9827461251788873	0.985851097853992	0.9856253122439788	0.9857760082389855	0.9841581178956792	0.9860753427197096	0.9837208663795128	0.9790859794146135	0.9790859794146135	0.9809236831948431	0.9822894894546528	0.979589258544072
0.9827502056540122	0.9836987228998679	0.9829596151751258	0.9841561683314854	0.9617506423595785	0.9817962780171132	0.9852818777898577	0.9844719325795955	0.9871548391853822	0.9823152136318902	0.9824114410225725	0.9848425684855783	0.9874285089106927	0.9448674482725633	0.9854270178926918	0.9862493552126881	0.9816719994113847	0.9715133789029501	0.9827461251788873	1.0	0.9862846464692628	0.9864605367491881	0.9849896589681175	0.9839459070115392	0.9875644951399263	0.9840215719125297	0.9808954154371571	0.9810986250608238	0.9818339918433571	0.9837559774975376	0.9806409569044738
0.9852804289405208	0.9896274916342106	0.98434718945374	0.9862394009189098	0.9629447692097391	0.983262679376349	0.9884063757174358	0.9889696318666871	0.9853371430265516	0.985196617915993	0.9849966762689518	0.984149909600298	0.987055511998987	0.9416783406875063	0.9869526792861234	0.9848292101188444	0.9848138302125558	0.972276525064574	0.985851097853992	0.9862846464692628	1.0	0.9856506576538298	0.9868455632419437	0.9873716817484831	0.9867551733943929	0.9839041590384935	0.984504801370054	0.9812533111322183	0.9885049687781744	0.9897511578990933	0.9848759702953052
0.9833179184233345	0.9864706706033486	0.986814151459572	0.9868480750300985	0.975366862721585	0.9870432587046535	0.986667213879137	0.9861615987824773	0.9865909193187625	0.9872498232443281	0.9878236443495956	0.9852703624279592	0.9862916279621647	0.9696847684678055	0.9858531175109736	0.9865076639843137	0.9830777507583135	0.9782826571169009	0.9856253122439788	0.9864605367491881	0.9856506576538298	1.0	0.9836051736512516	0.9848834931018033	0.98331171160405	0.9866195440701363	0.9824853955646269	0.9857290956776648	0.9838974785131246	0.9859347366766985	0.9862259994582867
0.9846051145439128	0.9885964289933765	0.9823051853609405	0.9848501106781803	0.9611364775906406	0.9813968618656276	0.9870792156991806	0.9880390045210782	0.9826554873097536	0.9831570782088238	0.9842899371651628	0.9814248648581553	0.9844023540513603	0.9390541368623297	0.9870162286249489	0.982355070667787	0.9832668701960078	0.9709403379616529	0.9857760082389855	0.9849896589681175	0.9868455632419437	0.9836051736512516	1.0	0.9875531843864731	0.9852420978412831	0.9822302324754855	0.982444528482078	0.9803620140325676	0.9863514976781127	0.986879422531598	0.9821549077292724
0.9823456506255207	0.9878291318580243	0.9832016948165643	0.9854848169723207	0.9622678635958496	0.9810376844540069	0.9868897019952692	0.9886314458515263	0.9837178592359265	0.9842654313078036	0.9843296022896858	0.9813519208395297	0.9851766540443035	0.9363889746575901	0.9849529480826333	0.9827894654147633	0.9826962054662055	0.968797390574813	0.9841581178956792	0.9839459070115392	0.9873716817484831	0.9848834931018033	0.9875531843864731	1.0	0.9851766540443035	0.9818339918433571	0.9816582014795588	0.9790205738262996	0.9853989412262756	0.9867757876646264	0.981195230191002
0.9850119677078428	0.9878660780091408	0.9862695187256341	0.9873185407556276	0.9701197477950577	0.985147662625726	0.9869529946056086	0.987595547045618	0.9859440100402898	0.9863075938533921	0.9865518647698756	0.9856888653210311	0.9860128237067878	0.9580661179202459	0.9869844692996904	0.9829867349378731	0.9849574259556544	0.9763550697731321	0.9860753427197096	0.9875644951399263	0.9867551733943929	0.98331171160405	0.9852420978412831	0.9851766540443035	1.0	0.9847912679986807	0.9847725185005137	0.9841214116522305	0.9874458417374662	0.9881646400483465	0.9855934220479532
0.9794028392604753	0.9839908465904007	0.9842694614309596	0.9839686112247874	0.9705193357316784	0.9849879819816902	0.9827782605523956	0.9833461269912107	0.9852099915179834	0.9846267130719446	0.9849966762689518	0.983711182754609	0.9866195440701363	0.963984605541198	0.9823511909321961	0.9856550328172753	0.980349797575111	0.9738104700215201	0.9837208663795128	0.9840215719125297	0.9839041590384935	0.9866195440701363	0.9822302324754855	0.9818339918433571	0.9847912679986807	1.0	0.9811090910217756	0.9828522273347567	0.982441697109542	0.9830423090517043	0.9825855295195364
0.9866598223356432	0.9819333610952513	0.9775079748189632	0.9790566629443516	0.9555355034060246	0.9769043606427767	0.98380618503595	0.98264835584954	0.9830522447248471	0.9800264659958334	0.9781529490193382	0.980938262401957	0.9843508338636463	0.9345471324859839	0.9831324284742701	0.9828912861733545	0.9874065180205923	0.9757514253409187	0.9790859794146135	0.9808954154371571	0.984504801370054	0.9824853955646269	0.982444528482078	0.9816582014795588	0.9847725185005137	0.9811090910217756	1.0	0.9771756207076976	0.9797612100745932	0.9821982491084197	0.9775577824499946
0.9779328107365146	0.980762436884581	0.9812130203999817	0.981931613719207	0.9707172938290992	0.9822344304258247	0.9803620140325676	0.9787196386914412	0.9853433144508487	0.9807295773456279	0.9811256102394131	0.9834556156491783	0.986110399958186	0.9619244228301436	0.980444052740787	0.986247966579766	0.9768724956442523	0.9735337736665592	0.9790859794146135	0.9810986250608238	0.9812533111322183	0.9857290956776648	0.9803620140325676	0.9790205738262996	0.9841214116522305	0.9828522273347567	0.9771756207076976	1.0	0.9776399154892372	0.97961231060051	0.9796156810702126
0.9835963254033324	0.9851741059949222	0.9794581335917372	0.9820315406949572	0.958841548391878	0.9781608338398399	0.9861771685931379	0.9872095449864164	0.984675097026474	0.9802966926944424	0.9798781042293503	0.9823239640873465	0.9870056455892898	0.9332558269821772	0.9857903587377929	0.9852194705752682	0.9819284347318535	0.9684741637956013	0.9809236831948431	0.9818339918433571	0.9885049687781744	0.9838974785131246	0.9863514976781127	0.9853989412262756	0.9874458417374662	0.982441697109542	0.9797612100745932	0.9776399154892372	1.0	0.9853618364000956	0.9798757053375913
0.985470018956714	0.9865860429182688	0.9811274780420169	0.9836852490533426	0.9599636701368279	0.9797485449428968	0.9878312593798613	0.9866023339421744	0.9860764145564624	0.9826523317873701	0.9818176678297865	0.9838842663630318	0.9877641763182444	0.9345471324859839	0.9868103689116778	0.9868103689116778	0.9838842663630318	0.970705365217148	0.9822894894546528	0.9837559774975376	0.9897511578990933	0.9859347366766985	0.986879422531598	0.9867757876646264	0.9881646400483465	0.9830423090517043	0.9821982491084197	0.97961231060051	0.9853618364000956	1.0	0.9805041230694329
0.9804565302632311	0.9818890919675851	0.9798612819797489	0.9804996100540077	0.9640960600872303	0.9798891251263475	0.9839565267811864	0.9823513471969672	0.9853798273519454	0.9813571439480142	0.9814734689435978	0.9831637637744292	0.987722927628726	0.9563188569345186	0.9830872529386218	0.9858056370218562	0.9790572851841902	0.970707178746645	0.979589258544072	0.9806409569044738	0.9848759702953052	0.9862259994582867	0.9821549077292724	0.981195230191002	0.9855934220479532	0.9825855295195364	0.9775577824499946	0.9796156810702126	0.9798757053375913	0.9805041230694329	1.0
