/home/jshaw/scratch/2022_sketched_distance/references/SGB_genome_fastas_part3/4767/Bengtsson-PalmeJ_2015__TRAVELRES11__bin.140.fa	/home/jshaw/scratch/2022_sketched_distance/references/SGB_genome_fastas_part3/4767/Bengtsson-PalmeJ_2015__TRAVELRES12__bin.112.fa	/home/jshaw/scratch/2022_sketched_distance/references/SGB_genome_fastas_part3/4767/Bengtsson-PalmeJ_2015__TRAVELRES17__bin.47.fa	/home/jshaw/scratch/2022_sketched_distance/references/SGB_genome_fastas_part3/4767/Bengtsson-PalmeJ_2015__TRAVELRES20__bin.82.fa	/home/jshaw/scratch/2022_sketched_distance/references/SGB_genome_fastas_part3/4767/Bengtsson-PalmeJ_2015__TRAVELRES22__bin.75.fa	/home/jshaw/scratch/2022_sketched_distance/references/SGB_genome_fastas_part3/4767/Bengtsson-PalmeJ_2015__TRAVELRES29__bin.103.fa	/home/jshaw/scratch/2022_sketched_distance/references/SGB_genome_fastas_part3/4767/Bengtsson-PalmeJ_2015__TRAVELRES2__bin.84.fa	/home/jshaw/scratch/2022_sketched_distance/references/SGB_genome_fastas_part3/4767/Bengtsson-PalmeJ_2015__TRAVELRES37__bin.8.fa	/home/jshaw/scratch/2022_sketched_distance/references/SGB_genome_fastas_part3/4767/Bengtsson-PalmeJ_2015__TRAVELRES38__bin.11.fa	/home/jshaw/scratch/2022_sketched_distance/references/SGB_genome_fastas_part3/4767/Bengtsson-PalmeJ_2015__TRAVELRES39__bin.92.fa	/home/jshaw/scratch/2022_sketched_distance/references/SGB_genome_fastas_part3/4767/Bengtsson-PalmeJ_2015__TRAVELRES47__bin.49.fa	/home/jshaw/scratch/2022_sketched_distance/references/SGB_genome_fastas_part3/4767/Bengtsson-PalmeJ_2015__TRAVELRES58__bin.66.fa	/home/jshaw/scratch/2022_sketched_distance/references/SGB_genome_fastas_part3/4767/Bengtsson-PalmeJ_2015__TRAVELRES59__bin.25.fa	/home/jshaw/scratch/2022_sketched_distance/references/SGB_genome_fastas_part3/4767/Bengtsson-PalmeJ_2015__TRAVELRES66__bin.85.fa	/home/jshaw/scratch/2022_sketched_distance/references/SGB_genome_fastas_part3/4767/Bengtsson-PalmeJ_2015__TRAVELRES68__bin.65.fa	/home/jshaw/scratch/2022_sketched_distance/references/SGB_genome_fastas_part3/4767/Bengtsson-PalmeJ_2015__TRAVELRES7__bin.69.fa	/home/jshaw/scratch/2022_sketched_distance/references/SGB_genome_fastas_part3/4767/CM_madagascar__A94_02_1FE__bin.8.fa	/home/jshaw/scratch/2022_sketched_distance/references/SGB_genome_fastas_part3/4767/CosteaPI_2017__SID713B073-11-90-0__bin.64.fa	/home/jshaw/scratch/2022_sketched_distance/references/SGB_genome_fastas_part3/4767/GeversD_2014__SKBSTL064__bin.32.fa	/home/jshaw/scratch/2022_sketched_distance/references/SGB_genome_fastas_part3/4767/LeChatelierE_2013__MH0204__bin.78.fa	/home/jshaw/scratch/2022_sketched_distance/references/SGB_genome_fastas_part3/4767/LeChatelierE_2013__MH0316__bin.58.fa	/home/jshaw/scratch/2022_sketched_distance/references/SGB_genome_fastas_part3/4767/LeChatelierE_2013__MH0434__bin.7.fa	/home/jshaw/scratch/2022_sketched_distance/references/SGB_genome_fastas_part3/4767/LiJ_2017__nHM612709__bin.20.fa	/home/jshaw/scratch/2022_sketched_distance/references/SGB_genome_fastas_part3/4767/QinN_2014__LD-11__bin.14.fa	/home/jshaw/scratch/2022_sketched_distance/references/SGB_genome_fastas_part3/4767/QinN_2014__LD-56__bin.22.fa	/home/jshaw/scratch/2022_sketched_distance/references/SGB_genome_fastas_part3/4767/QinN_2014__LD-68__bin.25.fa	/home/jshaw/scratch/2022_sketched_distance/references/SGB_genome_fastas_part3/4767/QinN_2014__LD-84__bin.51.fa	/home/jshaw/scratch/2022_sketched_distance/references/SGB_genome_fastas_part3/4767/QinN_2014__LD-97__bin.25.fa	/home/jshaw/scratch/2022_sketched_distance/references/SGB_genome_fastas_part3/4767/VogtmannE_2016__MMRS42570301ST-27-0-0__bin.26.fa	/home/jshaw/scratch/2022_sketched_distance/references/SGB_genome_fastas_part3/4767/VogtmannE_2016__MMRS77321055ST-27-0-0__bin.71.fa	/home/jshaw/scratch/2022_sketched_distance/references/SGB_genome_fastas_part3/4767/WenC_2017__N290__bin.92.fa	/home/jshaw/scratch/2022_sketched_distance/references/SGB_genome_fastas_part3/4767/WenC_2017__N310__bin.120.fa	/home/jshaw/scratch/2022_sketched_distance/references/SGB_genome_fastas_part3/4767/ZellerG_2014__CCIS22958137ST-20-0__bin.59.fa
1.0	0.9961847705292124	0.9702738368814005	0.9781411884859188	0.977945171368516	0.9786436743307834	0.9706773747156547	0.9814551241877074	0.9792258618746166	0.9707585899295154	0.9769173687754769	0.9794709199890635	0.9790313778934427	0.9876596611626269	0.978288508682404	0.9849314943608813	0.9755245981495928	0.9855721104140673	0.9799863895899267	0.9797190354131216	0.9717725095174496	0.969455357106808	0.9731397056542621	0.9782761383516246	0.9772075620220265	0.9784323534895746	0.9718341722171244	0.977582552794915	0.9717890459802377	0.9755206076175305	0.9680417062938659	0.975532428385465	0.9735972749433089
0.9961847705292124	1.0	0.9679108124448238	0.9784822390119685	0.9773648240526319	0.9782250970924381	0.9701166503417618	0.9816810085987786	0.9788314365679931	0.9717910832901934	0.9767251424667119	0.9793688477854589	0.9784799719458612	0.9882239456604928	0.9788132263226271	0.9846609227065467	0.974933407399797	0.9856757271555631	0.9803197959401898	0.9799265112094927	0.9717733227681687	0.9692361773535247	0.9728694516989327	0.9786044253655497	0.9765244454673804	0.9776523237515564	0.9717703705652713	0.9777206100314576	0.9715444314232937	0.9756220849121288	0.9676762275829094	0.9761010524173436	0.9728864830435652
0.9702738368814005	0.9679108124448238	1.0	0.969681735643155	0.9666924989233325	0.9702918200472859	0.9631559686329154	0.9732976501454262	0.9703540462656085	0.963418966445211	0.970801560365411	0.9720401933043334	0.9698976760547965	0.9707578556720002	0.9682532600235391	0.969694759601412	0.9684391448452253	0.9708003164414336	0.973812454018305	0.9698020598895496	0.9658814496289146	0.9620560263939995	0.9643690341800435	0.9693398223642187	0.9665311047242765	0.9674701502643631	0.964915026994567	0.9691634953962479	0.9656811119816545	0.9699524449427053	0.9632865191677421	0.9669207142524614	0.9709232936154021
0.9781411884859188	0.9784822390119685	0.969681735643155	1.0	0.9776111646666802	0.9775308485741389	0.9713112551831556	0.9807479542730335	0.9774480388516935	0.9753263439862334	0.9783941296741883	0.9799226588579573	0.979511244819977	0.9797760639039652	0.9793697964780932	0.980168824073248	0.9756355729110561	0.9795229654588212	0.9803299939783121	0.978458932918683	0.9703106435639233	0.9711058835534637	0.9751610223317879	0.978213340635845	0.9745557348143229	0.9768299154289629	0.9736198619015308	0.9792703500299359	0.9729912250862208	0.9754490162205338	0.9714333970226318	0.9785930962285886	0.9760989186898341
0.977945171368516	0.9773648240526319	0.9666924989233325	0.9776111646666802	1.0	0.9771714123741341	0.9695911056572235	0.9788259203463068	0.9754745692951777	0.9712252896348554	0.9767153455107626	0.9775110036748075	0.9765395304930989	0.9795284692709749	0.9775981765582553	0.9789410411517937	0.9747652632712843	0.9778003030797028	0.9768469168368601	0.9764523789270455	0.9684636116994862	0.9715705230947386	0.9714328151774825	0.9756452781412192	0.972348270389436	0.9750018958120327	0.9701950798164877	0.9766184002077164	0.969666437548646	0.9740005881091662	0.9687645029380739	0.9739671149321111	0.9743982063514208
0.9786436743307834	0.9782250970924381	0.9702918200472859	0.9775308485741389	0.9771714123741341	1.0	0.9759120468715877	0.9783922046993143	0.9753411534273643	0.9715718482196098	0.9778466728703994	0.9766595733935781	0.9766124611461584	0.9809185624591211	0.9780978812834653	0.9801549170964177	0.973198522951478	0.9794098539012973	0.9778974385324943	0.9787230579085103	0.9738986523419887	0.9706875710155827	0.97192098884018	0.9759453979837934	0.9706487968671664	0.9743468708374164	0.9694653464204765	0.9750526727212432	0.9700868917494024	0.9785548569363711	0.9684356455752573	0.9727505723655846	0.976500533544533
0.9706773747156547	0.9701166503417618	0.9631559686329154	0.9713112551831556	0.9695911056572235	0.9759120468715877	1.0	0.9725813498382502	0.9694847096503892	0.9671530520333351	0.9736337593061668	0.9712759538867827	0.9708459416174184	0.973752038421902	0.9733112699918397	0.9729776424274483	0.9671229923440787	0.9742187273498673	0.9715768154362238	0.9726321146709314	0.9670186632914785	0.9638308482260094	0.9674627858473223	0.969821749217592	0.9650767056467742	0.9682593972188327	0.9619861276226894	0.9704721777525418	0.9657001793873347	0.9748268000897223	0.9641766800929458	0.9670294057116989	0.973093311707441
0.9814551241877074	0.9816810085987786	0.9732976501454262	0.9807479542730335	0.9788259203463068	0.9783922046993143	0.9725813498382502	1.0	0.9909420682977125	0.9746668640978245	0.9807634909238263	0.9845189253002535	0.9824650728929938	0.9820882629559278	0.9817055594428683	0.9839123744909423	0.9782045421184652	0.9832475142283921	0.9831383775720494	0.9787003354987239	0.9735843030736413	0.9706989791017091	0.9755916014207965	0.9823055150324358	0.9785952711906233	0.9787768316753408	0.9758672371397389	0.9814286636314477	0.974931726451088	0.9755630995019143	0.9704649450329695	0.9787161396699617	0.9758518008699816
0.9792258618746166	0.9788314365679931	0.9703540462656085	0.9774480388516935	0.9754745692951777	0.9753411534273643	0.9694847096503892	0.9909420682977125	1.0	0.9708973326057275	0.9773972390816129	0.9816805767202438	0.9793132920519484	0.9790757863295079	0.9778810122638076	0.9814454279144017	0.9744923205432556	0.9801031579845954	0.9802042242197821	0.9755725438577073	0.9700609916305827	0.9675643461778052	0.9721979901752965	0.9797099270455961	0.9764341694955684	0.9758297714372817	0.9737492145217229	0.9782692262072883	0.9714539576994723	0.9718734321142638	0.9671458062398974	0.975195845442356	0.9721789405099935
0.9707585899295154	0.9717910832901934	0.963418966445211	0.9753263439862334	0.9712252896348554	0.9715718482196098	0.9671530520333351	0.9746668640978245	0.9708973326057275	1.0	0.9736129698927949	0.9722464177491942	0.9722026203354317	0.9732845346894768	0.972697574171196	0.9732875207964784	0.9702929282209684	0.9723372189372262	0.9745888856608881	0.9719262649374796	0.9651044834567548	0.9666319536957023	0.973617851345946	0.9729928829174221	0.968610678635937	0.9722615732287182	0.9722110577107543	0.9767442219413603	0.9703706466137466	0.9716381764234375	0.9674224230353641	0.9783807886029114	0.9713838059696724
0.9769173687754769	0.9767251424667119	0.970801560365411	0.9783941296741883	0.9767153455107626	0.9778466728703994	0.9736337593061668	0.9807634909238263	0.9773972390816129	0.9736129698927949	1.0	0.9778391845723148	0.9789185214602829	0.9784825387659848	0.978249577184741	0.9788238811848077	0.9753102535972328	0.9788373079370769	0.980124178178288	0.9766816780756715	0.9706997831981728	0.9702263932184502	0.9728695671311497	0.9785231839620566	0.973322162190963	0.9740666733964124	0.9709575403200625	0.9764911755669526	0.9711037447571275	0.9766110539123597	0.9693606872463248	0.9742371716864423	0.9786213787919905
0.9794709199890635	0.9793688477854589	0.9720401933043334	0.9799226588579573	0.9775110036748075	0.9766595733935781	0.9712759538867827	0.9845189253002535	0.9816805767202438	0.9722464177491942	0.9778391845723148	1.0	0.9815501984725101	0.9796956831975493	0.9798562083378735	0.9819772104942085	0.9751376634688556	0.9814113438990076	0.9816199100308727	0.9771896609883041	0.9727996245414068	0.9686793588506694	0.9739472196450268	0.9809395876133135	0.9770102932865411	0.9760620757259362	0.97282228327266	0.9795680277682152	0.9720207779160747	0.9742520376803994	0.9687004414060074	0.9774700687868627	0.974531789861676
0.9790313778934427	0.9784799719458612	0.9698976760547965	0.979511244819977	0.9765395304930989	0.9766124611461584	0.9708459416174184	0.9824650728929938	0.9793132920519484	0.9722026203354317	0.9789185214602829	0.9815501984725101	1.0	0.9790150777835472	0.9801170564766908	0.9806959892905037	0.9754329415270259	0.9803157468326643	0.9819374639314656	0.9770550601498094	0.9715596198711518	0.9691240309346708	0.9725744188756366	0.9794515174253531	0.9759616872658381	0.9759171432367486	0.9724731421069738	0.9786489841006094	0.9728377179603503	0.9729984739132141	0.9678175405843136	0.9765446625986607	0.975238503909248
0.9876596611626269	0.9882239456604928	0.9707578556720002	0.9797760639039652	0.9795284692709749	0.9809185624591211	0.973752038421902	0.9820882629559278	0.9790757863295079	0.9732845346894768	0.9784825387659848	0.9796956831975493	0.9790150777835472	1.0	0.9803150648661109	0.983978507273287	0.975275849015488	0.9840158983958152	0.9809977921572818	0.9808635322648909	0.9743433092082702	0.9713500529056989	0.973934665001261	0.9789011311287892	0.9748431729537019	0.9773138909237317	0.9719493533007599	0.9783356671445538	0.9730146098409055	0.9775604994200289	0.9701544484867851	0.9757197644177125	0.97587502904608
0.978288508682404	0.9788132263226271	0.9682532600235391	0.9793697964780932	0.9775981765582553	0.9780978812834653	0.9733112699918397	0.9817055594428683	0.9778810122638076	0.972697574171196	0.978249577184741	0.9798562083378735	0.9801170564766908	0.9803150648661109	1.0	0.9807816625213335	0.9742650318954487	0.9820815425055149	0.9802599360429751	0.9772885636409435	0.9713208345322335	0.9692608055608785	0.9730254674685072	0.9789887137521713	0.9736030985844168	0.975064805833236	0.9717116763525108	0.9777775444719595	0.9704553328939162	0.9769338985746491	0.9693223843281613	0.9756278712210968	0.9759722090942898
0.9849314943608813	0.9846609227065467	0.969694759601412	0.980168824073248	0.9789410411517937	0.9801549170964177	0.9729776424274483	0.9839123744909423	0.9814454279144017	0.9732875207964784	0.9788238811848077	0.9819772104942085	0.9806959892905037	0.983978507273287	0.9807816625213335	1.0	0.9764843630500912	0.9855042029911767	0.9824478238198069	0.9812627761962968	0.9718837278483811	0.9705137197765947	0.9748793214371272	0.9805858376688757	0.977865091954303	0.9786816279341232	0.9745698637455409	0.9799214254640725	0.9731425771164357	0.9773105115824644	0.9695708728200797	0.9776578514764188	0.9746304612808729
0.9755245981495928	0.974933407399797	0.9684391448452253	0.9756355729110561	0.9747652632712843	0.973198522951478	0.9671229923440787	0.9782045421184652	0.9744923205432556	0.9702929282209684	0.9753102535972328	0.9751376634688556	0.9754329415270259	0.975275849015488	0.9742650318954487	0.9764843630500912	1.0	0.9768628035641881	0.9772763284883471	0.9737392353912483	0.9672198839704751	0.9672817499102789	0.9713803774370984	0.9745197246099822	0.9722398249089741	0.9743726767547866	0.9709506862009168	0.9757357218846009	0.9707799259730687	0.9710595811872447	0.9685930434646414	0.9742414637713379	0.9708477673608201
0.9855721104140673	0.9856757271555631	0.9708003164414336	0.9795229654588212	0.9778003030797028	0.9794098539012973	0.9742187273498673	0.9832475142283921	0.9801031579845954	0.9723372189372262	0.9788373079370769	0.9814113438990076	0.9803157468326643	0.9840158983958152	0.9820815425055149	0.9855042029911767	0.9768628035641881	1.0	0.9812532394275798	0.9806522077833679	0.9711472420179009	0.9702198958063977	0.9734034450575813	0.9801637683019621	0.9769642709653795	0.9786090945956704	0.9737755402055047	0.9790644488067063	0.973066898380738	0.9770060688294722	0.9685901986306827	0.9773269731539034	0.9745666282325615
0.9799863895899267	0.9803197959401898	0.973812454018305	0.9803299939783121	0.9768469168368601	0.9778974385324943	0.9715768154362238	0.9831383775720494	0.9802042242197821	0.9745888856608881	0.980124178178288	0.9816199100308727	0.9819374639314656	0.9809977921572818	0.9802599360429751	0.9824478238198069	0.9772763284883471	0.9812532394275798	1.0	0.9784685482920975	0.9715768154362238	0.970261055289025	0.9760285452524229	0.9809162669198938	0.9777994127734295	0.9769085074967615	0.9761820463729078	0.9813578105660967	0.9757179039308874	0.9752181403653128	0.970374657003898	0.9786781380608066	0.9760626401556438
0.9797190354131216	0.9799265112094927	0.9698020598895496	0.978458932918683	0.9764523789270455	0.9787230579085103	0.9726321146709314	0.9787003354987239	0.9755725438577073	0.9719262649374796	0.9766816780756715	0.9771896609883041	0.9770550601498094	0.9808635322648909	0.9772885636409435	0.9812627761962968	0.9737392353912483	0.9806522077833679	0.9784685482920975	1.0	0.9725848283517817	0.9702509420628647	0.9717509909571602	0.9763787864622074	0.9734161659205658	0.974664691810089	0.9712746263922818	0.9759878979721892	0.9704447271316354	0.9767675152106615	0.9670125680444207	0.9740426258342864	0.9757986387952479
0.9717725095174496	0.9717733227681687	0.9658814496289146	0.9703106435639233	0.9684636116994862	0.9738986523419887	0.9670186632914785	0.9735843030736413	0.9700609916305827	0.9651044834567548	0.9706997831981728	0.9727996245414068	0.9715596198711518	0.9743433092082702	0.9713208345322335	0.9718837278483811	0.9672198839704751	0.9711472420179009	0.9715768154362238	0.9725848283517817	1.0	0.9646830950052402	0.9671803954851215	0.9683074291960835	0.9644406288379274	0.9668186369523468	0.9631405515334299	0.9695854163418052	0.9639706392026143	0.9726126918224425	0.9634107034058976	0.9651032481190037	0.9727941170597223
0.969455357106808	0.9692361773535247	0.9620560263939995	0.9711058835534637	0.9715705230947386	0.9706875710155827	0.9638308482260094	0.9706989791017091	0.9675643461778052	0.9666319536957023	0.9702263932184502	0.9686793588506694	0.9691240309346708	0.9713500529056989	0.9692608055608785	0.9705137197765947	0.9672817499102789	0.9702198958063977	0.970261055289025	0.9702509420628647	0.9646830950052402	1.0	0.9632362769735794	0.9677101184671838	0.9642571190589576	0.9652817848047494	0.962338541274432	0.9682182784022263	0.9618454264420077	0.9690884207655385	0.9609749983863682	0.9650800947874602	0.9675264227543938
0.9731397056542621	0.9728694516989327	0.9643690341800435	0.9751610223317879	0.9714328151774825	0.97192098884018	0.9674627858473223	0.9755916014207965	0.9721979901752965	0.973617851345946	0.9728695671311497	0.9739472196450268	0.9725744188756366	0.973934665001261	0.9730254674685072	0.9748793214371272	0.9713803774370984	0.9734034450575813	0.9760285452524229	0.9717509909571602	0.9671803954851215	0.9632362769735794	1.0	0.9729209669707827	0.9705097448883779	0.974424018387737	0.970843490522201	0.9789216204711583	0.9708082307852526	0.9701509631392163	0.9697723353417055	0.9787887662077572	0.9719920232549983
0.9782761383516246	0.9786044253655497	0.9693398223642187	0.978213340635845	0.9756452781412192	0.9759453979837934	0.969821749217592	0.9823055150324358	0.9797099270455961	0.9729928829174221	0.9785231839620566	0.9809395876133135	0.9794515174253531	0.9789011311287892	0.9789887137521713	0.9805858376688757	0.9745197246099822	0.9801637683019621	0.9809162669198938	0.9763787864622074	0.9683074291960835	0.9677101184671838	0.9729209669707827	1.0	0.979621372987519	0.9756889194817262	0.9731485673959143	0.9790304823033026	0.9722297355915583	0.9730207138410927	0.967489333063232	0.9768453493090669	0.9741977398621783
0.9772075620220265	0.9765244454673804	0.9665311047242765	0.9745557348143229	0.972348270389436	0.9706487968671664	0.9650767056467742	0.9785952711906233	0.9764341694955684	0.968610678635937	0.973322162190963	0.9770102932865411	0.9759616872658381	0.9748431729537019	0.9736030985844168	0.977865091954303	0.9722398249089741	0.9769642709653795	0.9777994127734295	0.9734161659205658	0.9644406288379274	0.9642571190589576	0.9705097448883779	0.979621372987519	1.0	0.9748051440862446	0.972528880927025	0.9759685828022073	0.9707515885822672	0.9676568798140817	0.9650743350721325	0.974311097951144	0.9691626438502834
0.9784323534895746	0.9776523237515564	0.9674701502643631	0.9768299154289629	0.9750018958120327	0.9743468708374164	0.9682593972188327	0.9787768316753408	0.9758297714372817	0.9722615732287182	0.9740666733964124	0.9760620757259362	0.9759171432367486	0.9773138909237317	0.975064805833236	0.9786816279341232	0.9743726767547866	0.9786090945956704	0.9769085074967615	0.974664691810089	0.9668186369523468	0.9652817848047494	0.974424018387737	0.9756889194817262	0.9748051440862446	1.0	0.9743256905627813	0.9794298363443292	0.9716470113129012	0.9711040670838753	0.970677115116226	0.9787951283994086	0.9707571800664576
0.9718341722171244	0.9717703705652713	0.964915026994567	0.9736198619015308	0.9701950798164877	0.9694653464204765	0.9619861276226894	0.9758672371397389	0.9737492145217229	0.9722110577107543	0.9709575403200625	0.97282228327266	0.9724731421069738	0.9719493533007599	0.9717116763525108	0.9745698637455409	0.9709506862009168	0.9737755402055047	0.9761820463729078	0.9712746263922818	0.9631405515334299	0.962338541274432	0.970843490522201	0.9731485673959143	0.972528880927025	0.9743256905627813	1.0	0.9782846869414847	0.9742888687407302	0.9651543025810141	0.9654655815927099	0.9779025719387232	0.9671906800915361
0.977582552794915	0.9777206100314576	0.9691634953962479	0.9792703500299359	0.9766184002077164	0.9750526727212432	0.9704721777525418	0.9814286636314477	0.9782692262072883	0.9767442219413603	0.9764911755669526	0.9795680277682152	0.9786489841006094	0.9783356671445538	0.9777775444719595	0.9799214254640725	0.9757357218846009	0.9790644488067063	0.9813578105660967	0.9759878979721892	0.9695854163418052	0.9682182784022263	0.9789216204711583	0.9790304823033026	0.9759685828022073	0.9794298363443292	0.9782846869414847	1.0	0.9768215508941459	0.9736106833080973	0.9719069847256984	0.9824869454235627	0.9741085798037492
0.9717890459802377	0.9715444314232937	0.9656811119816545	0.9729912250862208	0.969666437548646	0.9700868917494024	0.9657001793873347	0.974931726451088	0.9714539576994723	0.9703706466137466	0.9711037447571275	0.9720207779160747	0.9728377179603503	0.9730146098409055	0.9704553328939162	0.9731425771164357	0.9707799259730687	0.973066898380738	0.9757179039308874	0.9704447271316354	0.9639706392026143	0.9618454264420077	0.9708082307852526	0.9722297355915583	0.9707515885822672	0.9716470113129012	0.9742888687407302	0.9768215508941459	1.0	0.9677525690187575	0.9653424237013513	0.9737716711745467	0.969878397689972
0.9755206076175305	0.9756220849121288	0.9699524449427053	0.9754490162205338	0.9740005881091662	0.9785548569363711	0.9748268000897223	0.9755630995019143	0.9718734321142638	0.9716381764234375	0.9766110539123597	0.9742520376803994	0.9729984739132141	0.9775604994200289	0.9769338985746491	0.9773105115824644	0.9710595811872447	0.9770060688294722	0.9752181403653128	0.9767675152106615	0.9726126918224425	0.9690884207655385	0.9701509631392163	0.9730207138410927	0.9676568798140817	0.9711040670838753	0.9651543025810141	0.9736106833080973	0.9677525690187575	1.0	0.9682419839461854	0.9691423482488969	0.9773672619367909
0.9680417062938659	0.9676762275829094	0.9632865191677421	0.9714333970226318	0.9687645029380739	0.9684356455752573	0.9641766800929458	0.9704649450329695	0.9671458062398974	0.9674224230353641	0.9693606872463248	0.9687004414060074	0.9678175405843136	0.9701544484867851	0.9693223843281613	0.9695708728200797	0.9685930434646414	0.9685901986306827	0.970374657003898	0.9670125680444207	0.9634107034058976	0.9609749983863682	0.9697723353417055	0.967489333063232	0.9650743350721325	0.970677115116226	0.9654655815927099	0.9719069847256984	0.9653424237013513	0.9682419839461854	1.0	0.970883068422494	0.9685638549943454
0.975532428385465	0.9761010524173436	0.9669207142524614	0.9785930962285886	0.9739671149321111	0.9727505723655846	0.9670294057116989	0.9787161396699617	0.975195845442356	0.9783807886029114	0.9742371716864423	0.9774700687868627	0.9765446625986607	0.9757197644177125	0.9756278712210968	0.9776578514764188	0.9742414637713379	0.9773269731539034	0.9786781380608066	0.9740426258342864	0.9651032481190037	0.9650800947874602	0.9787887662077572	0.9768453493090669	0.974311097951144	0.9787951283994086	0.9779025719387232	0.9824869454235627	0.9737716711745467	0.9691423482488969	0.970883068422494	1.0	0.9697816048745111
0.9735972749433089	0.9728864830435652	0.9709232936154021	0.9760989186898341	0.9743982063514208	0.976500533544533	0.973093311707441	0.9758518008699816	0.9721789405099935	0.9713838059696724	0.9786213787919905	0.974531789861676	0.975238503909248	0.97587502904608	0.9759722090942898	0.9746304612808729	0.9708477673608201	0.9745666282325615	0.9760626401556438	0.9757986387952479	0.9727941170597223	0.9675264227543938	0.9719920232549983	0.9741977398621783	0.9691626438502834	0.9707571800664576	0.9671906800915361	0.9741085798037492	0.969878397689972	0.9773672619367909	0.9685638549943454	0.9697816048745111	1.0
