/home/jshaw/scratch/2022_sketched_distance/references/SGB_genome_fastas_part1_redo/1782/Bengtsson-PalmeJ_2015__TRAVELRES17__bin.14.fa	/home/jshaw/scratch/2022_sketched_distance/references/SGB_genome_fastas_part1_redo/1782/Bengtsson-PalmeJ_2015__TRAVELRES18__bin.150.fa	/home/jshaw/scratch/2022_sketched_distance/references/SGB_genome_fastas_part1_redo/1782/Bengtsson-PalmeJ_2015__TRAVELRES25__bin.119.fa	/home/jshaw/scratch/2022_sketched_distance/references/SGB_genome_fastas_part1_redo/1782/Bengtsson-PalmeJ_2015__TRAVELRES26__bin.89.fa	/home/jshaw/scratch/2022_sketched_distance/references/SGB_genome_fastas_part1_redo/1782/Bengtsson-PalmeJ_2015__TRAVELRES55__bin.37.fa	/home/jshaw/scratch/2022_sketched_distance/references/SGB_genome_fastas_part1_redo/1782/Bengtsson-PalmeJ_2015__TRAVELRES56__bin.61.fa	/home/jshaw/scratch/2022_sketched_distance/references/SGB_genome_fastas_part1_redo/1782/Bengtsson-PalmeJ_2015__TRAVELRES63__bin.21.fa	/home/jshaw/scratch/2022_sketched_distance/references/SGB_genome_fastas_part1_redo/1782/Bengtsson-PalmeJ_2015__TRAVELRES66__bin.11.fa	/home/jshaw/scratch/2022_sketched_distance/references/SGB_genome_fastas_part1_redo/1782/CosteaPI_2017__SID713A051-11-0-0__bin.14.fa	/home/jshaw/scratch/2022_sketched_distance/references/SGB_genome_fastas_part1_redo/1782/CosteaPI_2017__SID713B014-11-0-0__bin.68.fa	/home/jshaw/scratch/2022_sketched_distance/references/SGB_genome_fastas_part1_redo/1782/HMP_2012__SRS015663__bin.27.fa	/home/jshaw/scratch/2022_sketched_distance/references/SGB_genome_fastas_part1_redo/1782/HMP_2012__SRS051031__bin.1.fa	/home/jshaw/scratch/2022_sketched_distance/references/SGB_genome_fastas_part1_redo/1782/LeChatelierE_2013__MH0006__bin.78.fa	/home/jshaw/scratch/2022_sketched_distance/references/SGB_genome_fastas_part1_redo/1782/LeChatelierE_2013__MH0151__bin.16.fa	/home/jshaw/scratch/2022_sketched_distance/references/SGB_genome_fastas_part1_redo/1782/LeChatelierE_2013__MH0157__bin.32.fa	/home/jshaw/scratch/2022_sketched_distance/references/SGB_genome_fastas_part1_redo/1782/LeChatelierE_2013__MH0250__bin.4.fa	/home/jshaw/scratch/2022_sketched_distance/references/SGB_genome_fastas_part1_redo/1782/LeChatelierE_2013__MH0288__bin.27.fa	/home/jshaw/scratch/2022_sketched_distance/references/SGB_genome_fastas_part1_redo/1782/LeChatelierE_2013__MH0417__bin.59.fa	/home/jshaw/scratch/2022_sketched_distance/references/SGB_genome_fastas_part1_redo/1782/LeChatelierE_2013__MH0436__bin.17.fa	/home/jshaw/scratch/2022_sketched_distance/references/SGB_genome_fastas_part1_redo/1782/LeChatelierE_2013__MH0438__bin.16.fa	/home/jshaw/scratch/2022_sketched_distance/references/SGB_genome_fastas_part1_redo/1782/LeChatelierE_2013__MH0447__bin.102.fa	/home/jshaw/scratch/2022_sketched_distance/references/SGB_genome_fastas_part1_redo/1782/LeChatelierE_2013__MH0454__bin.24.fa	/home/jshaw/scratch/2022_sketched_distance/references/SGB_genome_fastas_part1_redo/1782/LiJ_2014__MH0361__bin.10.fa	/home/jshaw/scratch/2022_sketched_distance/references/SGB_genome_fastas_part1_redo/1782/LiJ_2014__V1.CD43-0__bin.36.fa	/home/jshaw/scratch/2022_sketched_distance/references/SGB_genome_fastas_part1_redo/1782/LiJ_2017__nHM410727__bin.64.fa	/home/jshaw/scratch/2022_sketched_distance/references/SGB_genome_fastas_part1_redo/1782/NielsenHB_2014__MH0157__bin.26.fa	/home/jshaw/scratch/2022_sketched_distance/references/SGB_genome_fastas_part1_redo/1782/NielsenHB_2014__V1_UC54_0__bin.97.fa	/home/jshaw/scratch/2022_sketched_distance/references/SGB_genome_fastas_part1_redo/1782/VogtmannE_2016__MMRS18295921ST-27-0-0__bin.76.fa	/home/jshaw/scratch/2022_sketched_distance/references/SGB_genome_fastas_part1_redo/1782/WenC_2017__N244__bin.55.fa	/home/jshaw/scratch/2022_sketched_distance/references/SGB_genome_fastas_part1_redo/1782/WenC_2017__RA123__bin.6.fa	/home/jshaw/scratch/2022_sketched_distance/references/SGB_genome_fastas_part1_redo/1782/XieH_2016__YSZC12003_36051__bin.26.fa	/home/jshaw/scratch/2022_sketched_distance/references/SGB_genome_fastas_part1_redo/1782/XieH_2016__YSZC12003_37264__bin.82.fa	/home/jshaw/scratch/2022_sketched_distance/references/SGB_genome_fastas_part1_redo/1782/ZeeviD_2015__PNP_Main_548__bin.50.fa
1.0	0.9951842879525262	0.9788938797634891	0.9822329351513519	0.9799982194123356	0.9810466496182327	0.9822767714442778	0.9810876689094163	0.9701527770382321	0.9688262448433229	0.9961522622715646	0.9957219209072907	0.9858934531783697	0.9835277435161157	0.9873447191787323	0.9927127608059694	0.983624366724096	0.9922151686025505	0.9865671707184676	0.987201167534218	0.9943375062133646	0.9891182357290427	0.989027386708903	0.9923014695467607	0.9810119178694588	0.981600575505264	0.9898491455474058	0.9922404115043658	0.9810724356451432	0.9705643654491951	0.9864757918601796	0.9940534036208114	0.981706879867404
0.9951842879525262	1.0	0.9784101499193952	0.982387407721623	0.979796261278827	0.9811315451733098	0.9818141767679122	0.9809477039108732	0.9699994099123559	0.968644064797968	0.9961727313138493	0.995479167471356	0.9862470705910532	0.9841659277270368	0.9874975514765616	0.9928191774125591	0.9838084759160303	0.9923984398305218	0.9867825326791425	0.9875989294712555	0.9943464495556574	0.9889867298882594	0.9895260431726515	0.9925654277303206	0.980695433110884	0.9816076388054825	0.990226629028674	0.9921653210912953	0.9812838278863782	0.9704203406474611	0.9870329520508417	0.9937994898890471	0.9814001815704224
0.9788938797634891	0.9784101499193952	1.0	0.9949169369117601	0.9916497137569429	0.9938128402884295	0.9945091721377687	0.9933993313994356	0.9822047567465629	0.9803230872305838	0.9807535741542858	0.9806671047035869	0.9711283468013	0.9695674000969011	0.9743702789968404	0.9785700413967819	0.9700003238318385	0.9781114346143893	0.972030979001983	0.9740074186265839	0.9792293741207697	0.9749798126796041	0.976345337218142	0.9780092059271868	0.9932276958764056	0.9699312136729411	0.9758846242982943	0.9776337437747253	0.9935239147622495	0.9828896387030719	0.9724859350687018	0.9786207768450865	0.9680165105278649
0.9822329351513519	0.982387407721623	0.9949169369117601	1.0	0.9956815587939778	0.9978804523062396	0.9985054431074915	0.997522422452051	0.9850308581047367	0.9831654416248715	0.9846788348263558	0.9843887865571018	0.9744541978727445	0.971850140140055	0.9773116516024293	0.9812516012980497	0.9722632855982094	0.9807821465584515	0.9745436767140211	0.9768137141493253	0.9822593200439464	0.977641824608117	0.9779981002810183	0.98085739629018	0.9963597591300253	0.972170998806052	0.9787118920963968	0.9802646308572303	0.997674081008378	0.9855201760253677	0.9756658472223683	0.9818723454374993	0.9710809455065678
0.9799982194123356	0.979796261278827	0.9916497137569429	0.9956815587939778	1.0	0.9953135901658855	0.9955393446317573	0.9943926876380362	0.9826665240112809	0.9807695026857565	0.9815436305444168	0.9811985951146484	0.9716205113028709	0.9696493690885235	0.9746717574257036	0.9785779944645898	0.9701119426973326	0.9784441691682294	0.9721906853818465	0.9742143001645253	0.978989762766573	0.975239827161419	0.9749868076706093	0.9778528326353844	0.9934241350898347	0.9699897681650469	0.9759813390777181	0.9775411026046317	0.9949199706623933	0.9831914712781513	0.9727893171128835	0.9791175240298253	0.9687481406416548
0.9810466496182327	0.9811315451733098	0.9938128402884295	0.9978804523062396	0.9953135901658855	1.0	0.9974453460297747	0.9973348134006691	0.9844430847332044	0.9825566854103548	0.9837676204062814	0.9836285316409767	0.9740874218131527	0.971632221176499	0.9764751944700047	0.980583563809254	0.9720111275026959	0.9802788601621255	0.9742323747147125	0.9765099404631277	0.9813680295389487	0.9769953160094216	0.9774859646835714	0.9803776062841276	0.9955804988508414	0.9710168854844159	0.9783854411783811	0.9794808694965004	0.9969440776870362	0.9847161794523713	0.9753512822538575	0.9809268909280678	0.9705010670854294
0.9822767714442778	0.9818141767679122	0.9945091721377687	0.9985054431074915	0.9955393446317573	0.9974453460297747	1.0	0.9972125858745216	0.9846216303313226	0.9830541141954597	0.9844121366340255	0.9838524824266898	0.9739843536898466	0.9717787195738556	0.9768112289042679	0.9811530266763442	0.9721928609028292	0.9807639434691315	0.9744009285573499	0.9763748857719486	0.9822764340009097	0.977518038596045	0.9779508182826759	0.9806827383307467	0.9962813042169479	0.9715625883477144	0.978306443523841	0.9800312222077704	0.9973027718572979	0.9852179846666639	0.9750999820826273	0.9822302324754855	0.9713499557257672
0.9810876689094163	0.9809477039108732	0.9933993313994356	0.997522422452051	0.9943926876380362	0.9973348134006691	0.9972125858745216	1.0	0.9839751927417909	0.9827454103806237	0.9835147672106996	0.983368548065178	0.973616972950944	0.9718955673063409	0.9760587450133681	0.9804299098600698	0.9721461902715431	0.9802012823133623	0.9741464037435872	0.9764210392896684	0.9814869767952457	0.9770301549699532	0.9771989854724696	0.9802539593765152	0.9955342047816075	0.970858722637699	0.9780915295851592	0.9796052383278682	0.9968251358034342	0.9845903157803387	0.9752228756292737	0.9811899318583565	0.9704406571655133
0.9701527770382321	0.9699994099123559	0.9822047567465629	0.9850308581047367	0.9826665240112809	0.9844430847332044	0.9846216303313226	0.9839751927417909	1.0	0.9773147000027708	0.9725416249765798	0.9728075821022293	0.9660917540526732	0.9669195967095188	0.9716449329429527	0.9723659143002594	0.9664006769442095	0.9718096642987267	0.9668763858527898	0.969197080126791	0.9713850559273881	0.9684463086879622	0.9674760245272419	0.972266157882286	0.9846869136423274	0.9696904590140091	0.969691736953472	0.9699535154964213	0.9845283176077202	0.9773478069793583	0.968310223263179	0.9705596999258195	0.9636732697255393
0.9688262448433229	0.968644064797968	0.9803230872305838	0.9831654416248715	0.9807695026857565	0.9825566854103548	0.9830541141954597	0.9827454103806237	0.9773147000027708	1.0	0.9712520132302861	0.9713936659110001	0.9675725884089964	0.9664634385670947	0.9674700685768798	0.9727201989676811	0.9656283767743423	0.9714666396468458	0.96743869881152	0.9702763424206621	0.9705523383476155	0.9684399380402288	0.9664618760250506	0.9716190491970537	0.9838028845135324	0.9661071687341495	0.9669157578584263	0.9686822529087776	0.9835766892454743	0.9768551896612534	0.9663587445902827	0.9697587712952788	0.968586006454331
0.9961522622715646	0.9961727313138493	0.9807535741542858	0.9846788348263558	0.9815436305444168	0.9837676204062814	0.9844121366340255	0.9835147672106996	0.9725416249765798	0.9712520132302861	1.0	0.9983542590725394	0.9878632174641196	0.984963265615491	0.9897630540314473	0.994294242404419	0.9856802492725408	0.9938011201754332	0.9879601170796882	0.9895431877707177	0.9960496916813176	0.9907824127862768	0.9909917657934426	0.9943147100845295	0.9832945012075334	0.9835537895417399	0.9919326504686741	0.9936116193144642	0.9835159849790568	0.9729848805289371	0.9886900813603974	0.9955695018034745	0.9834706899960649
0.9957219209072907	0.995479167471356	0.9806671047035869	0.9843887865571018	0.9811985951146484	0.9836285316409767	0.9838524824266898	0.983368548065178	0.9728075821022293	0.9713936659110001	0.9983542590725394	1.0	0.9883640131228772	0.9851013734181713	0.9901531322243693	0.9943212048612232	0.9857772351332029	0.993590007282857	0.9880365960906058	0.9894321660304612	0.9959903347904114	0.9906306942421021	0.9909275858146214	0.9942359433453429	0.9829264691995383	0.9838502947479446	0.9921078447336579	0.9937421881517257	0.9833421844083342	0.9732489742147308	0.9890096116866195	0.9951158886977726	0.9834571572415101
0.9858934531783697	0.9862470705910532	0.9711283468013	0.9744541978727445	0.9716205113028709	0.9740874218131527	0.9739843536898466	0.973616972950944	0.9660917540526732	0.9675725884089964	0.9878632174641196	0.9883640131228772	1.0	0.9805110705926919	0.9840364946942454	0.9872137315962797	0.9807055990150284	0.9863801802163601	0.9830846698553031	0.9841077002655344	0.9872829202878711	0.9840670390078858	0.9834742283389135	0.9873145119607754	0.974396745278196	0.9794693237779183	0.9853156680923982	0.9860615889488626	0.9735206594530971	0.9659652738892902	0.9828049101165619	0.9859631638827339	0.9784326912564767
0.9835277435161157	0.9841659277270368	0.9695674000969011	0.971850140140055	0.9696493690885235	0.971632221176499	0.9717787195738556	0.9718955673063409	0.9669195967095188	0.9664634385670947	0.984963265615491	0.9851013734181713	0.9805110705926919	1.0	0.9834119528684073	0.9867884985765287	0.9800110604216835	0.9867038990204473	0.9828097971201163	0.9843901859657159	0.9856621671798413	0.9826107926913721	0.982004887870835	0.9866094819638422	0.9722686553086095	0.9828671174311242	0.9830171470743658	0.9835609442050136	0.9717050300333461	0.9665429439025547	0.9812164713410872	0.9835576125990674	0.9809450603574641
0.9873447191787323	0.9874975514765616	0.9743702789968404	0.9773116516024293	0.9746717574257036	0.9764751944700047	0.9768112289042679	0.9760587450133681	0.9716449329429527	0.9674700685768798	0.9897630540314473	0.9901531322243693	0.9840364946942454	0.9834119528684073	1.0	0.9886301632207379	0.9822598220917402	0.9878172048962144	0.9844347584974408	0.9863318841561584	0.9893919788628742	0.9857632762525019	0.9854493986169415	0.9879965212672188	0.9767893211680316	0.9918298611383158	0.9875623672613585	0.9878174013431883	0.9766201876393654	0.9693685233135195	0.9853093585499426	0.9878610636265691	0.9771008964493232
0.9927127608059694	0.9928191774125591	0.9785700413967819	0.9812516012980497	0.9785779944645898	0.980583563809254	0.9811530266763442	0.9804299098600698	0.9723659143002594	0.9727201989676811	0.994294242404419	0.9943212048612232	0.9872137315962797	0.9867884985765287	0.9886301632207379	1.0	0.9864114214805088	0.9940938716888589	0.9891982860939652	0.9903138665074895	0.9943162132413496	0.9904906375948203	0.9900941922111857	0.9948688830805551	0.9813134050495468	0.9848572062013966	0.9895750385151614	0.9919002786316489	0.980493109023901	0.9721907288907394	0.9872522264129673	0.9930779420767952	0.9857227813510553
0.983624366724096	0.9838084759160303	0.9700003238318385	0.9722632855982094	0.9701119426973326	0.9720111275026959	0.9721928609028292	0.9721461902715431	0.9664006769442095	0.9656283767743423	0.9856802492725408	0.9857772351332029	0.9807055990150284	0.9800110604216835	0.9822598220917402	0.9864114214805088	1.0	0.9853015171069089	0.9821786813938211	0.983691666571043	0.9861192816139434	0.98413242050671	0.9823119237086011	0.9863105083532625	0.9722143618697959	0.9789229667578175	0.9830046208277168	0.9844765372050159	0.971628960057125	0.9641441383085448	0.9815232580983025	0.9847679741450565	0.9768557022399438
0.9922151686025505	0.9923984398305218	0.9781114346143893	0.9807821465584515	0.9784441691682294	0.9802788601621255	0.9807639434691315	0.9802012823133623	0.9718096642987267	0.9714666396468458	0.9938011201754332	0.993590007282857	0.9863801802163601	0.9867038990204473	0.9878172048962144	0.9940938716888589	0.9853015171069089	1.0	0.9882782826340939	0.9898145521164857	0.9932805299490768	0.9892843134521299	0.9893804420031522	0.9935078152202825	0.9808091825826357	0.983915411785971	0.9892191471522567	0.9909906854649961	0.9803305684559444	0.9713912245842078	0.9872905295751595	0.9926150360879211	0.9850216269681621
0.9865671707184676	0.9867825326791425	0.972030979001983	0.9745436767140211	0.9721906853818465	0.9742323747147125	0.9744009285573499	0.9741464037435872	0.9668763858527898	0.96743869881152	0.9879601170796882	0.9880365960906058	0.9830846698553031	0.9828097971201163	0.9844347584974408	0.9891982860939652	0.9821786813938211	0.9882782826340939	1.0	0.9863742818672131	0.9883344586741266	0.9854713092182943	0.9845269405571972	0.988493961003693	0.9745992758500832	0.9805286894361133	0.985901290891553	0.9870368453909174	0.9743533016605475	0.9669744950693935	0.9830887786335187	0.9869760834562633	0.9804344118103638
0.987201167534218	0.9875989294712555	0.9740074186265839	0.9768137141493253	0.9742143001645253	0.9765099404631277	0.9763748857719486	0.9764210392896684	0.969197080126791	0.9702763424206621	0.9895431877707177	0.9894321660304612	0.9841077002655344	0.9843901859657159	0.9863318841561584	0.9903138665074895	0.983691666571043	0.9898145521164857	0.9863742818672131	1.0	0.989575770941759	0.9863105083532625	0.986201689681771	0.9898795904830489	0.9769422309120308	0.9823329015323351	0.9865856907140363	0.9873522278743672	0.976294398297535	0.9687341657711389	0.9845576331929424	0.9881176812134448	0.9835676211423456
0.9943375062133646	0.9943464495556574	0.9792293741207697	0.9822593200439464	0.978989762766573	0.9813680295389487	0.9822764340009097	0.9814869767952457	0.9713850559273881	0.9705523383476155	0.9960496916813176	0.9959903347904114	0.9872829202878711	0.9856621671798413	0.9893919788628742	0.9943162132413496	0.9861192816139434	0.9932805299490768	0.9883344586741266	0.989575770941759	1.0	0.9902977531909349	0.990608494847598	0.994123422792729	0.9814796086881075	0.983609181629949	0.9909674665232628	0.9926193296679748	0.9812955639716215	0.9718488951320642	0.9886716222686296	0.9945067903811364	0.9836715055247192
0.9891182357290427	0.9889867298882594	0.9749798126796041	0.977641824608117	0.975239827161419	0.9769953160094216	0.977518038596045	0.9770301549699532	0.9684463086879622	0.9684399380402288	0.9907824127862768	0.9906306942421021	0.9840670390078858	0.9826107926913721	0.9857632762525019	0.9904906375948203	0.98413242050671	0.9892843134521299	0.9854713092182943	0.9863105083532625	0.9902977531909349	1.0	0.9867543048063068	0.9900127663955558	0.9780928520067191	0.9823865167495461	0.9868720958062057	0.9888369083809938	0.9768939723531365	0.9692350960697046	0.9845259643829131	0.9898191631688635	0.9786710174246708
0.989027386708903	0.9895260431726515	0.976345337218142	0.9779981002810183	0.9749868076706093	0.9774859646835714	0.9779508182826759	0.9771989854724696	0.9674760245272419	0.9664618760250506	0.9909917657934426	0.9909275858146214	0.9834742283389135	0.982004887870835	0.9854493986169415	0.9900941922111857	0.9823119237086011	0.9893804420031522	0.9845269405571972	0.986201689681771	0.990608494847598	0.9867543048063068	1.0	0.9898444521069729	0.9773103391958909	0.9804240196644167	0.9873547467879534	0.9886669344752241	0.9771130967903061	0.967871258200078	0.9837608112755326	0.9909646750365644	0.9788879097831161
0.9923014695467607	0.9925654277303206	0.9780092059271868	0.98085739629018	0.9778528326353844	0.9803776062841276	0.9806827383307467	0.9802539593765152	0.972266157882286	0.9716190491970537	0.9943147100845295	0.9942359433453429	0.9873145119607754	0.9866094819638422	0.9879965212672188	0.9948688830805551	0.9863105083532625	0.9935078152202825	0.988493961003693	0.9898795904830489	0.994123422792729	0.9900127663955558	0.9898444521069729	1.0	0.9807563972607181	0.9838198300324656	0.989889854553401	0.9918717509859892	0.9798117790252143	0.9720294371346092	0.9877078347343381	0.9927541283921077	0.9847351015470078
0.9810119178694588	0.980695433110884	0.9932276958764056	0.9963597591300253	0.9934241350898347	0.9955804988508414	0.9962813042169479	0.9955342047816075	0.9846869136423274	0.9838028845135324	0.9832945012075334	0.9829264691995383	0.974396745278196	0.9722686553086095	0.9767893211680316	0.9813134050495468	0.9722143618697959	0.9808091825826357	0.9745992758500832	0.9769422309120308	0.9814796086881075	0.9780928520067191	0.9773103391958909	0.9807563972607181	1.0	0.972510269058724	0.9780217396574153	0.979860589455978	0.9958344287860684	0.9858357160548138	0.9747713798905715	0.9808863561529152	0.9720568646637414
0.981600575505264	0.9816076388054825	0.9699312136729411	0.972170998806052	0.9699897681650469	0.9710168854844159	0.9715625883477144	0.970858722637699	0.9696904590140091	0.9661071687341495	0.9835537895417399	0.9838502947479446	0.9794693237779183	0.9828671174311242	0.9918298611383158	0.9848572062013966	0.9789229667578175	0.983915411785971	0.9805286894361133	0.9823329015323351	0.983609181629949	0.9823865167495461	0.9804240196644167	0.9838198300324656	0.972510269058724	1.0	0.9820831079330796	0.9825404647647591	0.9713485136318127	0.9657793081252581	0.9808586447246923	0.9819700155511712	0.975483365978458
0.9898491455474058	0.990226629028674	0.9758846242982943	0.9787118920963968	0.9759813390777181	0.9783854411783811	0.978306443523841	0.9780915295851592	0.969691736953472	0.9669157578584263	0.9919326504686741	0.9921078447336579	0.9853156680923982	0.9830171470743658	0.9875623672613585	0.9895750385151614	0.9830046208277168	0.9892191471522567	0.985901290891553	0.9865856907140363	0.9909674665232628	0.9868720958062057	0.9873547467879534	0.989889854553401	0.9780217396574153	0.9820831079330796	1.0	0.9898934189253068	0.9777755879689819	0.9696832437299359	0.9857780193973326	0.9898218498550815	0.9781199664035309
0.9922404115043658	0.9921653210912953	0.9776337437747253	0.9802646308572303	0.9775411026046317	0.9794808694965004	0.9800312222077704	0.9796052383278682	0.9699535154964213	0.9686822529087776	0.9936116193144642	0.9937421881517257	0.9860615889488626	0.9835609442050136	0.9878174013431883	0.9919002786316489	0.9844765372050159	0.9909906854649961	0.9870368453909174	0.9873522278743672	0.9926193296679748	0.9888369083809938	0.9886669344752241	0.9918717509859892	0.979860589455978	0.9825404647647591	0.9898934189253068	1.0	0.9791948961559666	0.9703800160767878	0.986944359904718	0.9917038192606783	0.9800388576012944
0.9810724356451432	0.9812838278863782	0.9935239147622495	0.997674081008378	0.9949199706623933	0.9969440776870362	0.9973027718572979	0.9968251358034342	0.9845283176077202	0.9835766892454743	0.9835159849790568	0.9833421844083342	0.9735206594530971	0.9717050300333461	0.9766201876393654	0.980493109023901	0.971628960057125	0.9803305684559444	0.9743533016605475	0.976294398297535	0.9812955639716215	0.9768939723531365	0.9771130967903061	0.9798117790252143	0.9958344287860684	0.9713485136318127	0.9777755879689819	0.9791948961559666	1.0	0.9854406434923443	0.9749869253549939	0.9809372707212776	0.9708315884271549
0.9705643654491951	0.9704203406474611	0.9828896387030719	0.9855201760253677	0.9831914712781513	0.9847161794523713	0.9852179846666639	0.9845903157803387	0.9773478069793583	0.9768551896612534	0.9729848805289371	0.9732489742147308	0.9659652738892902	0.9665429439025547	0.9693685233135195	0.9721907288907394	0.9641441383085448	0.9713912245842078	0.9669744950693935	0.9687341657711389	0.9718488951320642	0.9692350960697046	0.967871258200078	0.9720294371346092	0.9858357160548138	0.9657793081252581	0.9696832437299359	0.9703800160767878	0.9854406434923443	1.0	0.9670658325541133	0.9709609814333879	0.9642070225847238
0.9864757918601796	0.9870329520508417	0.9724859350687018	0.9756658472223683	0.9727893171128835	0.9753512822538575	0.9750999820826273	0.9752228756292737	0.968310223263179	0.9663587445902827	0.9886900813603974	0.9890096116866195	0.9828049101165619	0.9812164713410872	0.9853093585499426	0.9872522264129673	0.9815232580983025	0.9872905295751595	0.9830887786335187	0.9845576331929424	0.9886716222686296	0.9845259643829131	0.9837608112755326	0.9877078347343381	0.9747713798905715	0.9808586447246923	0.9857780193973326	0.986944359904718	0.9749869253549939	0.9670658325541133	1.0	0.9873806356245568	0.9781649606359644
0.9940534036208114	0.9937994898890471	0.9786207768450865	0.9818723454374993	0.9791175240298253	0.9809268909280678	0.9822302324754855	0.9811899318583565	0.9705596999258195	0.9697587712952788	0.9955695018034745	0.9951158886977726	0.9859631638827339	0.9835576125990674	0.9878610636265691	0.9930779420767952	0.9847679741450565	0.9926150360879211	0.9869760834562633	0.9881176812134448	0.9945067903811364	0.9898191631688635	0.9909646750365644	0.9927541283921077	0.9808863561529152	0.9819700155511712	0.9898218498550815	0.9917038192606783	0.9809372707212776	0.9709609814333879	0.9873806356245568	1.0	0.9819856802632536
0.981706879867404	0.9814001815704224	0.9680165105278649	0.9710809455065678	0.9687481406416548	0.9705010670854294	0.9713499557257672	0.9704406571655133	0.9636732697255393	0.968586006454331	0.9834706899960649	0.9834571572415101	0.9784326912564767	0.9809450603574641	0.9771008964493232	0.9857227813510553	0.9768557022399438	0.9850216269681621	0.9804344118103638	0.9835676211423456	0.9836715055247192	0.9786710174246708	0.9788879097831161	0.9847351015470078	0.9720568646637414	0.975483365978458	0.9781199664035309	0.9800388576012944	0.9708315884271549	0.9642070225847238	0.9781649606359644	0.9819856802632536	1.0
