/home/jshaw/scratch/2022_sketched_distance/references/SGB_genome_fastas_part4/6721/BackhedF_2015__SID615_M__bin.51.fa	/home/jshaw/scratch/2022_sketched_distance/references/SGB_genome_fastas_part4/6721/DavidLA_2015__LD-Run1-06__bin.12.fa	/home/jshaw/scratch/2022_sketched_distance/references/SGB_genome_fastas_part4/6721/DavidLA_2015__LD-Run2-18__bin.1.fa	/home/jshaw/scratch/2022_sketched_distance/references/SGB_genome_fastas_part4/6721/DavidLA_2015__LD-Run2-28__bin.3.fa	/home/jshaw/scratch/2022_sketched_distance/references/SGB_genome_fastas_part4/6721/OhJ_2014__MET0251__bin.14.fa	/home/jshaw/scratch/2022_sketched_distance/references/SGB_genome_fastas_part4/6721/VincentC_2016__MM001.4__bin.23.fa	/home/jshaw/scratch/2022_sketched_distance/references/SGB_genome_fastas_part4/6721/VincentC_2016__MM002.1__bin.13.fa	/home/jshaw/scratch/2022_sketched_distance/references/SGB_genome_fastas_part4/6721/VincentC_2016__MM002.2__bin.2.fa	/home/jshaw/scratch/2022_sketched_distance/references/SGB_genome_fastas_part4/6721/VincentC_2016__MM005.1__bin.8.fa	/home/jshaw/scratch/2022_sketched_distance/references/SGB_genome_fastas_part4/6721/VincentC_2016__MM005.3__bin.2.fa	/home/jshaw/scratch/2022_sketched_distance/references/SGB_genome_fastas_part4/6721/VincentC_2016__MM018__bin.11.fa	/home/jshaw/scratch/2022_sketched_distance/references/SGB_genome_fastas_part4/6721/VincentC_2016__MM021.1__bin.1.fa	/home/jshaw/scratch/2022_sketched_distance/references/SGB_genome_fastas_part4/6721/VincentC_2016__MM029.3__bin.26.fa	/home/jshaw/scratch/2022_sketched_distance/references/SGB_genome_fastas_part4/6721/VincentC_2016__MM043.2__bin.9.fa	/home/jshaw/scratch/2022_sketched_distance/references/SGB_genome_fastas_part4/6721/VincentC_2016__MM049.1__bin.11.fa	/home/jshaw/scratch/2022_sketched_distance/references/SGB_genome_fastas_part4/6721/VincentC_2016__MM049.2__bin.7.fa	/home/jshaw/scratch/2022_sketched_distance/references/SGB_genome_fastas_part4/6721/VincentC_2016__MM050.3__bin.14.fa	/home/jshaw/scratch/2022_sketched_distance/references/SGB_genome_fastas_part4/6721/VincentC_2016__MM050.4__bin.44.fa	/home/jshaw/scratch/2022_sketched_distance/references/SGB_genome_fastas_part4/6721/VincentC_2016__MM083.2__bin.6.fa	/home/jshaw/scratch/2022_sketched_distance/references/SGB_genome_fastas_part4/6721/VincentC_2016__MM083.5__bin.7.fa	/home/jshaw/scratch/2022_sketched_distance/references/SGB_genome_fastas_part4/6721/VincentC_2016__MM096__bin.10.fa	/home/jshaw/scratch/2022_sketched_distance/references/SGB_genome_fastas_part4/6721/VincentC_2016__MM099.1__bin.4.fa	/home/jshaw/scratch/2022_sketched_distance/references/SGB_genome_fastas_part4/6721/VincentC_2016__MM103.1__bin.13.fa	/home/jshaw/scratch/2022_sketched_distance/references/SGB_genome_fastas_part4/6721/VincentC_2016__MM103.2__bin.15.fa	/home/jshaw/scratch/2022_sketched_distance/references/SGB_genome_fastas_part4/6721/VincentC_2016__MM103.3__bin.13.fa	/home/jshaw/scratch/2022_sketched_distance/references/SGB_genome_fastas_part4/6721/ZeeviD_2015__PNP_Main_122__bin.62.fa
1.0	0.961348773900536	0.9629309077580207	0.9625407298595966	0.9614884982543738	0.9581615089872911	0.9635499715424457	0.9630665072293789	0.9623779245378006	0.9632944881658367	0.955770517411538	0.9613528386248424	0.962844571051722	0.9593126824579135	0.9618890615135217	0.9621397795912866	0.9620704436507154	0.9627198198016712	0.9596102100551087	0.9571281260079115	0.9637156092134418	0.9621526578880834	0.9627812050202366	0.9604690623314601	0.9620799615174762	0.9631595261533583
0.961348773900536	1.0	0.9963127016004745	0.9831644587615185	0.9581107980361415	0.9596919223259978	0.960053632107602	0.9597367454536211	0.9591437067420916	0.9601535149197009	0.9525011181908442	0.9595556273603318	0.960040605583108	0.9570722548962889	0.9597943533125143	0.959907464561053	0.957295423037673	0.9575993239658678	0.9573106841767878	0.9545196483872438	0.9599100900119287	0.9593683053957784	0.9603037688683587	0.9588801154320893	0.9603248819946486	0.9567019601840695
0.9629309077580207	0.9963127016004745	1.0	0.9853689389363232	0.9594344763796858	0.9569411482071688	0.9613133959887527	0.9611059703604724	0.960602953134914	0.9617210853228221	0.9547913779620726	0.9600988943869543	0.9618896423956232	0.9584933031607092	0.9613458775875645	0.9618687015093562	0.9593074254315505	0.9590662423640289	0.9585610640605344	0.9548728319210641	0.9624599291030851	0.9615538559933793	0.9623038514495827	0.9600047348443694	0.9611804437388576	0.9582175967307673
0.9625407298595966	0.9831644587615185	0.9853689389363232	1.0	0.959113292232821	0.9570448661350016	0.9609913729649525	0.9609992313089014	0.960101780175616	0.9614208867173057	0.955254207538862	0.9597954125790579	0.9602258259860424	0.959388812381393	0.9597003854933427	0.9607003776394483	0.9593738725861519	0.9590513282238712	0.9575873071931692	0.955885472687154	0.9610885050182864	0.9599700066771011	0.9602478318839046	0.9583765860134835	0.9592038235438217	0.9571515703354679
0.9614884982543738	0.9581107980361415	0.9594344763796858	0.959113292232821	1.0	0.9598361297107996	0.9639198550724036	0.9632012420871313	0.9627774292744017	0.9633663551296228	0.9591094751473327	0.9641611384172003	0.9628955396107687	0.962896475834607	0.9633401548472633	0.9636703235036784	0.961942455854405	0.963281510509563	0.9632341911847326	0.9583142756614798	0.9651359217019384	0.9628055423721815	0.9633900093354204	0.9612608333761824	0.9633278950829945	0.9832412679009
0.9581615089872911	0.9596919223259978	0.9569411482071688	0.9570448661350016	0.9598361297107996	1.0	0.9680280435040303	0.9677927460695839	0.9659484399575106	0.9653053109913977	0.9621415930504937	0.970198575829569	0.9673146912229849	0.9661332912536967	0.9680559636364946	0.9682002784312292	0.9579897514164163	0.9601242052080756	0.9636798958806165	0.9640355859525128	0.9677211188077713	0.9616618702144688	0.9623184055506437	0.9625531526161092	0.9624671382292448	0.9566000062073556
0.9635499715424457	0.960053632107602	0.9613133959887527	0.9609913729649525	0.9639198550724036	0.9680280435040303	1.0	0.998741609085613	0.9689491591610937	0.969537064305122	0.9641320332612685	0.9688945792358326	0.9690625339914806	0.9684433330594456	0.9761080100106688	0.9763439766317898	0.9629933564222127	0.964542562672558	0.9665282754315103	0.962937908022395	0.9704427454739575	0.9661371438958349	0.9669483244142575	0.9651926676428483	0.9661380458700735	0.9616478068528895
0.9630665072293789	0.9597367454536211	0.9611059703604724	0.9609992313089014	0.9632012420871313	0.9677927460695839	0.998741609085613	1.0	0.9686236363693481	0.9690483270815065	0.9635477473325429	0.9684302479623851	0.968978653246404	0.9683010691710687	0.9759642172203336	0.9761523906677314	0.9625815742861364	0.9639786596190608	0.9660314363872341	0.9622267479894036	0.970181696541732	0.9657494984141853	0.9664994212234909	0.9648464169607849	0.965930502195828	0.9607072592523017
0.9623779245378006	0.9591437067420916	0.960602953134914	0.960101780175616	0.9627774292744017	0.9659484399575106	0.9689491591610937	0.9686236363693481	1.0	0.997539926779546	0.9623740050699886	0.9678300933868247	0.9703225804620038	0.9642832601996012	0.967518296104513	0.9678279491094336	0.9627984859385839	0.9639254592479077	0.9637629459013632	0.9598986054693464	0.9674578155093885	0.9691115042876872	0.9699478653131901	0.9687508468186479	0.9692118870822496	0.9603559353866964
0.9632944881658367	0.9601535149197009	0.9617210853228221	0.9614208867173057	0.9633663551296228	0.9653053109913977	0.969537064305122	0.9690483270815065	0.997539926779546	1.0	0.9619837172319814	0.9678029780766869	0.97110965810544	0.9653096419139351	0.9682687831165593	0.9685107606790476	0.9636136987316144	0.9641258009303775	0.963977799787778	0.9595322217410398	0.9681084467562998	0.9698833472033578	0.9706933144931402	0.9692875785025216	0.9696125092525509	0.9617123463460896
0.955770517411538	0.9525011181908442	0.9547913779620726	0.955254207538862	0.9591094751473327	0.9621415930504937	0.9641320332612685	0.9635477473325429	0.9623740050699886	0.9619837172319814	1.0	0.9636469968584258	0.962940739312794	0.9597206767729765	0.9639435933165655	0.9644045591090762	0.9554280296881353	0.9584444162389221	0.9612980700332486	0.9551745593105001	0.9662402649714775	0.9597913439990733	0.9604823486653519	0.957909752760905	0.9600554273889543	0.9595062558161849
0.9613528386248424	0.9595556273603318	0.9600988943869543	0.9597954125790579	0.9641611384172003	0.970198575829569	0.9688945792358326	0.9684302479623851	0.9678300933868247	0.9678029780766869	0.9636469968584258	1.0	0.9677978563091195	0.9669285982402627	0.9688403864870146	0.9693393188789039	0.9606999862266709	0.9628155038390375	0.9657938884793388	0.9625414242573656	0.9693714160749591	0.9636978639008658	0.9642932630327925	0.9632552175153446	0.9642504010020496	0.962008231881112
0.962844571051722	0.960040605583108	0.9618896423956232	0.9602258259860424	0.9628955396107687	0.9673146912229849	0.9690625339914806	0.968978653246404	0.9703225804620038	0.97110965810544	0.962940739312794	0.9677978563091195	1.0	0.9637569485144496	0.9701258766985184	0.9700882820695464	0.9633061386286451	0.9638014880549781	0.9634190650639934	0.9597814476466922	0.9679818627687073	0.9656758476084593	0.966591687286566	0.9653115145935813	0.9657242588512429	0.9617507111659662
0.9593126824579135	0.9570722548962889	0.9584933031607092	0.959388812381393	0.962896475834607	0.9661332912536967	0.9684433330594456	0.9683010691710687	0.9642832601996012	0.9653096419139351	0.9597206767729765	0.9669285982402627	0.9637569485144496	1.0	0.9676355062148334	0.9681151943204303	0.9587708312328971	0.9594469342368793	0.9626810620688051	0.9591913020471192	0.9665239736009315	0.9609185933193445	0.9613471104006955	0.9597140030376445	0.960724786469797	0.9604801356539674
0.9618890615135217	0.9597943533125143	0.9613458775875645	0.9597003854933427	0.9633401548472633	0.9680559636364946	0.9761080100106688	0.9759642172203336	0.967518296104513	0.9682687831165593	0.9639435933165655	0.9688403864870146	0.9701258766985184	0.9676355062148334	1.0	0.9989189531157228	0.9626561913317969	0.9636171942087423	0.9652278734185589	0.9620662335899972	0.9696229177359305	0.9644521484377406	0.9649475164676212	0.963463185865102	0.9638573265068896	0.9589908502915696
0.9621397795912866	0.959907464561053	0.9618687015093562	0.9607003776394483	0.9636703235036784	0.9682002784312292	0.9763439766317898	0.9761523906677314	0.9678279491094336	0.9685107606790476	0.9644045591090762	0.9693393188789039	0.9700882820695464	0.9681151943204303	0.9989189531157228	1.0	0.9631700119570575	0.9638055700784209	0.9654951735909564	0.9620273003296362	0.969696105196698	0.965012881916566	0.9655102494655711	0.9640620750280282	0.9644445072319655	0.95938196565964
0.9620704436507154	0.957295423037673	0.9593074254315505	0.9593738725861519	0.961942455854405	0.9579897514164163	0.9629933564222127	0.9625815742861364	0.9627984859385839	0.9636136987316144	0.9554280296881353	0.9606999862266709	0.9633061386286451	0.9587708312328971	0.9626561913317969	0.9631700119570575	1.0	0.9945683320159487	0.9587785771651322	0.9555300873363645	0.9639645533372633	0.9617580061376009	0.9620396711800656	0.9601397019692895	0.9607467818144901	0.9600939760223839
0.9627198198016712	0.9575993239658678	0.9590662423640289	0.9590513282238712	0.963281510509563	0.9601242052080756	0.964542562672558	0.9639786596190608	0.9639254592479077	0.9641258009303775	0.9584444162389221	0.9628155038390375	0.9638014880549781	0.9594469342368793	0.9636171942087423	0.9638055700784209	0.9945683320159487	1.0	0.9606077200403802	0.957506239582456	0.9653285136051722	0.962455734402748	0.9628986774550784	0.9609607521547798	0.9625367269129868	0.9612026368484401
0.9596102100551087	0.9573106841767878	0.9585610640605344	0.9575873071931692	0.9632341911847326	0.9636798958806165	0.9665282754315103	0.9660314363872341	0.9637629459013632	0.963977799787778	0.9612980700332486	0.9657938884793388	0.9634190650639934	0.9626810620688051	0.9652278734185589	0.9654951735909564	0.9587785771651322	0.9606077200403802	1.0	0.9901217064545051	0.9666353213202957	0.9603154274792876	0.9606995669326394	0.9598839664502633	0.9604055737017311	0.9575977122156077
0.9571281260079115	0.9545196483872438	0.9548728319210641	0.955885472687154	0.9583142756614798	0.9640355859525128	0.962937908022395	0.9622267479894036	0.9598986054693464	0.9595322217410398	0.9551745593105001	0.9625414242573656	0.9597814476466922	0.9591913020471192	0.9620662335899972	0.9620273003296362	0.9555300873363645	0.957506239582456	0.9901217064545051	1.0	0.9632373467431011	0.9562531819048693	0.956680142954787	0.9564146629786131	0.9561857657942471	0.9537629506113358
0.9637156092134418	0.9599100900119287	0.9624599291030851	0.9610885050182864	0.9651359217019384	0.9677211188077713	0.9704427454739575	0.970181696541732	0.9674578155093885	0.9681084467562998	0.9662402649714775	0.9693714160749591	0.9679818627687073	0.9665239736009315	0.9696229177359305	0.969696105196698	0.9639645533372633	0.9653285136051722	0.9666353213202957	0.9632373467431011	1.0	0.9663572625336192	0.9671685383158192	0.9652933076424292	0.9661732743894568	0.9625201781729306
0.9621526578880834	0.9593683053957784	0.9615538559933793	0.9599700066771011	0.9628055423721815	0.9616618702144688	0.9661371438958349	0.9657494984141853	0.9691115042876872	0.9698833472033578	0.9597913439990733	0.9636978639008658	0.9656758476084593	0.9609185933193445	0.9644521484377406	0.965012881916566	0.9617580061376009	0.962455734402748	0.9603154274792876	0.9562531819048693	0.9663572625336192	1.0	0.9987479923595208	0.9975547353587791	0.9980136429510345	0.9611867248352248
0.9627812050202366	0.9603037688683587	0.9623038514495827	0.9602478318839046	0.9633900093354204	0.9623184055506437	0.9669483244142575	0.9664994212234909	0.9699478653131901	0.9706933144931402	0.9604823486653519	0.9642932630327925	0.966591687286566	0.9613471104006955	0.9649475164676212	0.9655102494655711	0.9620396711800656	0.9628986774550784	0.9606995669326394	0.956680142954787	0.9671685383158192	0.9987479923595208	1.0	0.9982214557788046	0.9985319811616116	0.9618456673790946
0.9604690623314601	0.9588801154320893	0.9600047348443694	0.9583765860134835	0.9612608333761824	0.9625531526161092	0.9651926676428483	0.9648464169607849	0.9687508468186479	0.9692875785025216	0.957909752760905	0.9632552175153446	0.9653115145935813	0.9597140030376445	0.963463185865102	0.9640620750280282	0.9601397019692895	0.9609607521547798	0.9598839664502633	0.9564146629786131	0.9652933076424292	0.9975547353587791	0.9982214557788046	1.0	0.9974535162845661	0.9604318062620345
0.9620799615174762	0.9603248819946486	0.9611804437388576	0.9592038235438217	0.9633278950829945	0.9624671382292448	0.9661380458700735	0.965930502195828	0.9692118870822496	0.9696125092525509	0.9600554273889543	0.9642504010020496	0.9657242588512429	0.960724786469797	0.9638573265068896	0.9644445072319655	0.9607467818144901	0.9625367269129868	0.9604055737017311	0.9561857657942471	0.9661732743894568	0.9980136429510345	0.9985319811616116	0.9974535162845661	1.0	0.9610596626350139
0.9631595261533583	0.9567019601840695	0.9582175967307673	0.9571515703354679	0.9832412679009	0.9566000062073556	0.9616478068528895	0.9607072592523017	0.9603559353866964	0.9617123463460896	0.9595062558161849	0.962008231881112	0.9617507111659662	0.9604801356539674	0.9589908502915696	0.95938196565964	0.9600939760223839	0.9612026368484401	0.9575977122156077	0.9537629506113358	0.9625201781729306	0.9611867248352248	0.9618456673790946	0.9604318062620345	0.9610596626350139	1.0
