/home/jshaw/scratch/2022_sketched_distance/references/SGB_genome_fastas_part5/15385/Bengtsson-PalmeJ_2015__TRAVELRES39__bin.13.fa	/home/jshaw/scratch/2022_sketched_distance/references/SGB_genome_fastas_part5/15385/Bengtsson-PalmeJ_2015__TRAVELRES5__bin.10.fa	/home/jshaw/scratch/2022_sketched_distance/references/SGB_genome_fastas_part5/15385/Bengtsson-PalmeJ_2015__TRAVELRES6__bin.4.fa	/home/jshaw/scratch/2022_sketched_distance/references/SGB_genome_fastas_part5/15385/CosteaPI_2017__SID713A004-11-0-0__bin.5.fa	/home/jshaw/scratch/2022_sketched_distance/references/SGB_genome_fastas_part5/15385/CosteaPI_2017__SID713A051-11-0-0__bin.109.fa	/home/jshaw/scratch/2022_sketched_distance/references/SGB_genome_fastas_part5/15385/FengQ_2015__SID31872__bin.14.fa	/home/jshaw/scratch/2022_sketched_distance/references/SGB_genome_fastas_part5/15385/FengQ_2015__SID31881__bin.29.fa	/home/jshaw/scratch/2022_sketched_distance/references/SGB_genome_fastas_part5/15385/FengQ_2015__SID530185__bin.3.fa	/home/jshaw/scratch/2022_sketched_distance/references/SGB_genome_fastas_part5/15385/HeQ_2017__SZAXPI029573-88__bin.60.fa	/home/jshaw/scratch/2022_sketched_distance/references/SGB_genome_fastas_part5/15385/LeChatelierE_2013__MH0197__bin.17.fa	/home/jshaw/scratch/2022_sketched_distance/references/SGB_genome_fastas_part5/15385/LiJ_2014__V1.UC58-4__bin.63.fa	/home/jshaw/scratch/2022_sketched_distance/references/SGB_genome_fastas_part5/15385/LiuW_2016__SRR3992973__bin.1.fa	/home/jshaw/scratch/2022_sketched_distance/references/SGB_genome_fastas_part5/15385/LiuW_2016__SRR3992995__bin.98.fa	/home/jshaw/scratch/2022_sketched_distance/references/SGB_genome_fastas_part5/15385/VatanenT_2016__G80346__bin.3.fa	/home/jshaw/scratch/2022_sketched_distance/references/SGB_genome_fastas_part5/15385/XieH_2016__YSZC12003_35515__bin.16.fa	/home/jshaw/scratch/2022_sketched_distance/references/SGB_genome_fastas_part5/15385/XieH_2016__YSZC12003_35520__bin.39.fa	/home/jshaw/scratch/2022_sketched_distance/references/SGB_genome_fastas_part5/15385/XieH_2016__YSZC12003_35733__bin.125.fa	/home/jshaw/scratch/2022_sketched_distance/references/SGB_genome_fastas_part5/15385/XieH_2016__YSZC12003_35992__bin.76.fa	/home/jshaw/scratch/2022_sketched_distance/references/SGB_genome_fastas_part5/15385/XieH_2016__YSZC12003_36057__bin.67.fa	/home/jshaw/scratch/2022_sketched_distance/references/SGB_genome_fastas_part5/15385/XieH_2016__YSZC12003_36119__bin.34.fa	/home/jshaw/scratch/2022_sketched_distance/references/SGB_genome_fastas_part5/15385/XieH_2016__YSZC12003_36699__bin.36.fa	/home/jshaw/scratch/2022_sketched_distance/references/SGB_genome_fastas_part5/15385/XieH_2016__YSZC12003_37133__bin.42.fa	/home/jshaw/scratch/2022_sketched_distance/references/SGB_genome_fastas_part5/15385/XieH_2016__YSZC12003_37207R1__bin.22.fa	/home/jshaw/scratch/2022_sketched_distance/references/SGB_genome_fastas_part5/15385/XieH_2016__YSZC12003_37233__bin.41.fa	/home/jshaw/scratch/2022_sketched_distance/references/SGB_genome_fastas_part5/15385/XieH_2016__YSZC12003_37293__bin.31.fa	/home/jshaw/scratch/2022_sketched_distance/references/SGB_genome_fastas_part5/15385/XieH_2016__YSZC12003_37316__bin.20.fa	/home/jshaw/scratch/2022_sketched_distance/references/SGB_genome_fastas_part5/15385/XieH_2016__YSZC12003_37797__bin.48.fa	/home/jshaw/scratch/2022_sketched_distance/references/SGB_genome_fastas_part5/15385/XieH_2016__YSZC12003_37830__bin.41.fa	/home/jshaw/scratch/2022_sketched_distance/references/SGB_genome_fastas_part5/15385/ZeeviD_2015__PNP_DietIntervention_45__bin.3.fa	/home/jshaw/scratch/2022_sketched_distance/references/SGB_genome_fastas_part5/15385/ZeeviD_2015__PNP_DietIntervention_54__bin.31.fa
1.0	0.9819495573591392	0.984136556392421	0.984136556392421	0.9818414884067661	0.9818282712668066	0.9851822045982701	0.9832158781209085	0.9795517462882233	0.9795822944360639	0.9826047371276012	0.9828094291312602	0.9803676754880356	0.9812451473669276	0.9834142299892956	0.9855351872823599	0.9830987745813292	0.9822515140369011	0.9875883891793008	0.9857626086826565	0.9840815541492868	0.9844283543953019	0.9837124963473922	0.9823677271515582	0.9833837763550859	0.9845371130889534	0.9861955826540979	0.9841182325564247	0.9825220391806444	0.9787898486706388
0.9819495573591392	1.0	0.9953944818274739	0.9815812991150107	0.9791948961559666	0.9793651913325367	0.9832319519787491	0.972066429921967	0.9701700391720162	0.977531149770872	0.9741912077395875	0.9811284833590309	0.9706080033226522	0.9733167435285419	0.9809401922110853	0.9836319397611267	0.9792233404540713	0.9840271067132398	0.9765584956167657	0.9824170248267207	0.9875835075636793	0.9818447628817126	0.9814753167450907	0.9810210212095206	0.9771395056582474	0.9824685560623188	0.9821841254225104	0.9818447628817126	0.9803412598980508	0.9677654800728461
0.984136556392421	0.9953944818274739	1.0	0.9833336919988681	0.9817644908628137	0.9831853981443922	0.9859448214022489	0.9814122508907052	0.9804853671413905	0.9814396559817121	0.9834715475989521	0.9829852747262285	0.981254667331599	0.9823590752532739	0.9839659772840964	0.9856231842764369	0.9842292639005985	0.9877902855125512	0.979866119259126	0.9848311877459224	0.9899728975593396	0.9841266134769464	0.9844279079204629	0.9830589342029075	0.9851210380080141	0.9849703056114474	0.9845687419003829	0.9835155925859375	0.9833234069964247	0.978728482516628
0.984136556392421	0.9815812991150107	0.9833336919988681	1.0	0.98192765421114	0.9831093443158243	0.984232459809043	0.9810282498894893	0.9810384840377451	0.9805241672021704	0.984624236183708	0.9830004726918562	0.9805223323151615	0.9825016150800828	0.9827617973148486	0.9821275551729248	0.9839502742614136	0.9825879875302473	0.9799713817015288	0.9835790955497632	0.9840509890405333	0.9842401233086001	0.9812436513860289	0.9828090116506826	0.9832966316526902	0.9830812891154326	0.9819285356647424	0.981742744444004	0.9829112947741065	0.978728482516628
0.9818414884067661	0.9791948961559666	0.9817644908628137	0.98192765421114	1.0	0.981907355340979	0.9817920208861421	0.9795611134769606	0.9812843664271725	0.9795822944360639	0.9814814385775128	0.9836025847053166	0.9791033322227075	0.9807487440572253	0.9815361012888859	0.9822228675006871	0.9821189124907507	0.9809419340594192	0.9773918838617578	0.981743344635039	0.9818197584101693	0.9809875637532457	0.9815361012888859	0.9813708724490675	0.9816182214330321	0.9820614458739726	0.9820571377304791	0.9817044836861508	0.9821291532698976	0.9783888895123153
0.9818282712668066	0.9793651913325367	0.9831853981443922	0.9831093443158243	0.981907355340979	1.0	0.9830140281416516	0.9799911293733053	0.9807907388314245	0.9796473829835995	0.9819456384242372	0.9824750714955754	0.9793281559797007	0.9812943757800691	0.9831473932926075	0.983090303247981	0.9820553613556735	0.9818282712668066	0.9774600565801961	0.9836380520785862	0.9828992815297474	0.9833558767083963	0.9836941968858568	0.9819665432475525	0.980733802269879	0.9822608880780681	0.9834313612765315	0.9835630424694278	0.9822413472079311	0.9774443370704268
0.9851822045982701	0.9832319519787491	0.9859448214022489	0.984232459809043	0.9817920208861421	0.9830140281416516	1.0	0.9814122508907052	0.9808183589609952	0.9812544703960563	0.9841249115000925	0.983620658990713	0.9809819602360517	0.9829021414210072	0.9836567776983505	0.9862609039101677	0.9842491012339832	0.984474020958784	0.9818500553033253	0.9839656789792658	0.9854755790947372	0.9840764549844817	0.9839371584142468	0.9823489731547991	0.9856329066091427	0.9855594856383443	0.984232459809043	0.9841632159051774	0.9833420168004553	0.979845489736734
0.9832158781209085	0.972066429921967	0.9814122508907052	0.9810282498894893	0.9795611134769606	0.9799911293733053	0.9814122508907052	1.0	0.9710702252788541	0.9777210423435329	0.9729623054482904	0.9805558180235184	0.9689328832320069	0.9734185595488056	0.9817108352110867	0.981872558285003	0.9782359945238991	0.9799055779349048	0.97719782279507	0.9912364647450135	0.9811659112325448	0.9821136543929244	0.9810558285556288	0.9815211425405783	0.9756083399109546	0.9805837979316906	0.99217361664079	0.9824587993872762	0.9809453740607544	0.9681932284050995
0.9795517462882233	0.9701700391720162	0.9804853671413905	0.9810384840377451	0.9812843664271725	0.9807907388314245	0.9808183589609952	0.9710702252788541	1.0	0.9767983709684276	0.9730279367187487	0.9846933627364133	0.9693272267013071	0.9727461529820169	0.981175313518437	0.981175313518437	0.9786497037197908	0.9802052586481218	0.9762631088708075	0.9815554186480485	0.9805411018856258	0.981257137268316	0.9811479933821565	0.9814472671044268	0.9737218696933124	0.9802052586481218	0.9816632138725658	0.9813115729378404	0.980763095347739	0.9676360417939585
0.9795822944360639	0.977531149770872	0.9814396559817121	0.9805241672021704	0.9795822944360639	0.9796473829835995	0.9812544703960563	0.9777210423435329	0.9767983709684276	1.0	0.9795833324036352	0.9803973177038906	0.9764873196154785	0.9786840920981609	0.9810889761592628	0.9809851153627727	0.9800665209410883	0.979863412619665	0.9758106366590312	0.9817663086481507	0.9806505262910449	0.9805452610022629	0.980860045382394	0.9807763988102955	0.9779014039672802	0.9806505262910449	0.9817459881128546	0.9809643035596777	0.980078022802443	0.975638138732658
0.9826047371276012	0.9741912077395875	0.9834715475989521	0.984624236183708	0.9814814385775128	0.9819456384242372	0.9841249115000925	0.9729623054482904	0.9730279367187487	0.9795833324036352	1.0	0.9824285885196073	0.9733361508484318	0.9760701193533661	0.9827049697601508	0.9841488619736416	0.9812729945029796	0.9821243973364129	0.9790001148292654	0.9840529549805398	0.9838119533941871	0.9848593657872005	0.9839085666429718	0.9834715475989521	0.9759164652927627	0.9832508339466994	0.9836907851862737	0.9831769312099402	0.9826298240554088	0.9712712671786643
0.9828094291312602	0.9811284833590309	0.9829852747262285	0.9830004726918562	0.9836025847053166	0.9824750714955754	0.983620658990713	0.9805558180235184	0.9846933627364133	0.9803973177038906	0.9824285885196073	1.0	0.9807682711185313	0.9818794102955971	0.9828897992546143	0.9840514798176749	0.9831398276949437	0.9819851315394609	0.9788379499303023	0.983037280921578	0.9832319779357944	0.9820476096557967	0.9825928290972158	0.9821989240718796	0.9826578053909638	0.9832024082195423	0.9829451827024593	0.9828343220265415	0.9822062874033634	0.9784199081214138
0.9803676754880356	0.9706080033226522	0.981254667331599	0.9805223323151615	0.9791033322227075	0.9793281559797007	0.9809819602360517	0.9689328832320069	0.9693272267013071	0.9764873196154785	0.9733361508484318	0.9807682711185313	1.0	0.9725178803497436	0.9807376297680032	0.9812848282322413	0.9791033322227075	0.9799934849905395	0.9755664405538735	0.9806762607712578	0.9812848282322413	0.9804605573809242	0.9815849175804948	0.9798047701065618	0.9758169449778026	0.9806455330150994	0.9807988837768608	0.9804914594433075	0.9817339363640533	0.9687117051543154
0.9812451473669276	0.9733167435285419	0.9823590752532739	0.9825016150800828	0.9807487440572253	0.9812943757800691	0.9829021414210072	0.9734185595488056	0.9727461529820169	0.9786840920981609	0.9760701193533661	0.9818794102955971	0.9725178803497436	1.0	0.9821201212687529	0.9824066574992659	0.9799641048707284	0.9811464676996683	0.9769328177362723	0.9832283492536851	0.982784847062995	0.9832515260302676	0.9823590752532739	0.9813926108990688	0.973961842931684	0.9817341293708198	0.9830423426012805	0.9828552740588001	0.9862390401420393	0.9760408567160666
0.9834142299892956	0.9809401922110853	0.9839659772840964	0.9827617973148486	0.9815361012888859	0.9831473932926075	0.9836567776983505	0.9817108352110867	0.981175313518437	0.9810889761592628	0.9827049697601508	0.9828897992546143	0.9807376297680032	0.9821201212687529	1.0	0.9840329854377534	0.9839702809775601	0.9833262814927777	0.9792058081212685	0.9844511949626165	0.9841944735537308	0.9834212013636673	0.9837022911140443	0.9829730565471559	0.9824569890921555	0.9836424231935719	0.9833151682142979	0.9826897089819472	0.9825702133858372	0.9786977560996598
0.9855351872823599	0.9836319397611267	0.9856231842764369	0.9821275551729248	0.9822228675006871	0.983090303247981	0.9862609039101677	0.981872558285003	0.981175313518437	0.9809851153627727	0.9841488619736416	0.9840514798176749	0.9812848282322413	0.9824066574992659	0.9840329854377534	1.0	0.9850716230863326	0.9836712288414349	0.9817904661581756	0.9838957291986263	0.985406661077031	0.9832271797987607	0.9830184878930263	0.9826625011490083	0.9867317148106232	0.9893451639932378	0.9820921178510368	0.9820566421264942	0.9831554415516044	0.9790645770083978
0.9830987745813292	0.9792233404540713	0.9842292639005985	0.9839502742614136	0.9821189124907507	0.9820553613556735	0.9842491012339832	0.9782359945238991	0.9786497037197908	0.9800665209410883	0.9812729945029796	0.9831398276949437	0.9791033322227075	0.9799641048707284	0.9839702809775601	0.9850716230863326	1.0	0.9829133964225198	0.9786621833864664	0.9844862184178884	0.9846041375700582	0.9845255718983618	0.9844468176877113	0.9840302280089446	0.9789894462532981	0.9834054267550754	0.9846825156183125	0.9842292639005985	0.9827269634187167	0.9772199457805715
0.9822515140369011	0.9840271067132398	0.9877902855125512	0.9825879875302473	0.9809419340594192	0.9818282712668066	0.984474020958784	0.9799055779349048	0.9802052586481218	0.979863412619665	0.9821243973364129	0.9819851315394609	0.9799934849905395	0.9811464676996683	0.9833262814927777	0.9836712288414349	0.9829133964225198	1.0	0.9790548389409888	0.9838692889272307	0.9865090539015592	0.9836170041822174	0.9835808045240854	0.9818135587148338	0.9824345999708978	0.9837794098829784	0.9836170041822174	0.9828112277993859	0.9820711831703218	0.9777305878638205
0.9875883891793008	0.9765584956167657	0.979866119259126	0.9799713817015288	0.9773918838617578	0.9774600565801961	0.9818500553033253	0.97719782279507	0.9762631088708075	0.9758106366590312	0.9790001148292654	0.9788379499303023	0.9755664405538735	0.9769328177362723	0.9792058081212685	0.9817904661581756	0.9786621833864664	0.9790548389409888	1.0	0.9797393548918958	0.9800553481103397	0.9803267580688739	0.9800553481103397	0.9785538214273162	0.9785636179721255	0.9818500553033253	0.9796757877165303	0.9798239191142194	0.9778212550309345	0.9746438013724564
0.9857626086826565	0.9824170248267207	0.9848311877459224	0.9835790955497632	0.981743344635039	0.9836380520785862	0.9839656789792658	0.9912364647450135	0.9815554186480485	0.9817663086481507	0.9840529549805398	0.983037280921578	0.9806762607712578	0.9832283492536851	0.9844511949626165	0.9838957291986263	0.9844862184178884	0.9838692889272307	0.9797393548918958	1.0	0.9842481188620106	0.9845199715990216	0.98380808164715	0.9837634419472067	0.9851828851158069	0.9844227369721144	0.9927046273747782	0.9839831431392846	0.9842411953860943	0.9799047934605573
0.9840815541492868	0.9875835075636793	0.9899728975593396	0.9840509890405333	0.9818197584101693	0.9828992815297474	0.9854755790947372	0.9811659112325448	0.9805411018856258	0.9806505262910449	0.9838119533941871	0.9832319779357944	0.9812848282322413	0.982784847062995	0.9841944735537308	0.985406661077031	0.9846041375700582	0.9865090539015592	0.9800553481103397	0.9842481188620106	1.0	0.9842302468373006	0.9843373332456224	0.9832319779357944	0.9828352810192625	0.9846917848470016	0.9844618272588403	0.9841407403807022	0.9832301991523108	0.9792766670549694
0.9844283543953019	0.9818447628817126	0.9841266134769464	0.9842401233086001	0.9809875637532457	0.9833558767083963	0.9840764549844817	0.9821136543929244	0.981257137268316	0.9805452610022629	0.9848593657872005	0.9820476096557967	0.9804605573809242	0.9832515260302676	0.9834212013636673	0.9832271797987607	0.9845255718983618	0.9836170041822174	0.9803267580688739	0.9845199715990216	0.9842302468373006	1.0	0.9832097386520522	0.9826073903241138	0.9829897874100274	0.9835525648741004	0.9836774225896302	0.9830348147571362	0.9836936105032644	0.9798751550580052
0.9837124963473922	0.9814753167450907	0.9844279079204629	0.9812436513860289	0.9815361012888859	0.9836941968858568	0.9839371584142468	0.9810558285556288	0.9811479933821565	0.980860045382394	0.9839085666429718	0.9825928290972158	0.9815849175804948	0.9823590752532739	0.9837022911140443	0.9830184878930263	0.9844468176877113	0.9835808045240854	0.9800553481103397	0.98380808164715	0.9843373332456224	0.9832097386520522	1.0	0.9829548698446551	0.9835140605571429	0.9838035501944747	0.9824197553694353	0.9813482995445714	0.9833977829027122	0.9791859400231113
0.9823677271515582	0.9810210212095206	0.9830589342029075	0.9828090116506826	0.9813708724490675	0.9819665432475525	0.9823489731547991	0.9815211425405783	0.9814472671044268	0.9807763988102955	0.9834715475989521	0.9821989240718796	0.9798047701065618	0.9813926108990688	0.9829730565471559	0.9826625011490083	0.9840302280089446	0.9818135587148338	0.9785538214273162	0.9837634419472067	0.9832319779357944	0.9826073903241138	0.9829548698446551	1.0	0.9818926161843919	0.9819860215884758	0.9834782292029843	0.9829002490893393	0.982816905619753	0.9792464527221308
0.9833837763550859	0.9771395056582474	0.9851210380080141	0.9832966316526902	0.9816182214330321	0.980733802269879	0.9856329066091427	0.9756083399109546	0.9737218696933124	0.9779014039672802	0.9759164652927627	0.9826578053909638	0.9758169449778026	0.973961842931684	0.9824569890921555	0.9867317148106232	0.9789894462532981	0.9824345999708978	0.9785636179721255	0.9851828851158069	0.9828352810192625	0.9829897874100274	0.9835140605571429	0.9818926161843919	1.0	0.985936242793111	0.9843907456697965	0.9829015872825667	0.9812719600296449	0.973437894083516
0.9845371130889534	0.9824685560623188	0.9849703056114474	0.9830812891154326	0.9820614458739726	0.9822608880780681	0.9855594856383443	0.9805837979316906	0.9802052586481218	0.9806505262910449	0.9832508339466994	0.9832024082195423	0.9806455330150994	0.9817341293708198	0.9836424231935719	0.9893451639932378	0.9834054267550754	0.9837794098829784	0.9818500553033253	0.9844227369721144	0.9846917848470016	0.9835525648741004	0.9838035501944747	0.9819860215884758	0.985936242793111	1.0	0.9838927242814186	0.982787868242382	0.9824748348156749	0.9786054028233656
0.9861955826540979	0.9821841254225104	0.9845687419003829	0.9819285356647424	0.9820571377304791	0.9834313612765315	0.984232459809043	0.99217361664079	0.9816632138725658	0.9817459881128546	0.9836907851862737	0.9829451827024593	0.9807988837768608	0.9830423426012805	0.9833151682142979	0.9820921178510368	0.9846825156183125	0.9836170041822174	0.9796757877165303	0.9927046273747782	0.9844618272588403	0.9836774225896302	0.9824197553694353	0.9834782292029843	0.9843907456697965	0.9838927242814186	1.0	0.9824305133364877	0.9844037041475074	0.9810115839694493
0.9841182325564247	0.9818447628817126	0.9835155925859375	0.981742744444004	0.9817044836861508	0.9835630424694278	0.9841632159051774	0.9824587993872762	0.9813115729378404	0.9809643035596777	0.9831769312099402	0.9828343220265415	0.9804914594433075	0.9828552740588001	0.9826897089819472	0.9820566421264942	0.9842292639005985	0.9828112277993859	0.9798239191142194	0.9839831431392846	0.9841407403807022	0.9830348147571362	0.9813482995445714	0.9829002490893393	0.9829015872825667	0.982787868242382	0.9824305133364877	1.0	0.9834163505407038	0.9800820613518999
0.9825220391806444	0.9803412598980508	0.9833234069964247	0.9829112947741065	0.9821291532698976	0.9822413472079311	0.9833420168004553	0.9809453740607544	0.980763095347739	0.980078022802443	0.9826298240554088	0.9822062874033634	0.9817339363640533	0.9862390401420393	0.9825702133858372	0.9831554415516044	0.9827269634187167	0.9820711831703218	0.9778212550309345	0.9842411953860943	0.9832301991523108	0.9836936105032644	0.9833977829027122	0.982816905619753	0.9812719600296449	0.9824748348156749	0.9844037041475074	0.9834163505407038	1.0	0.9936453463762983
0.9787898486706388	0.9677654800728461	0.978728482516628	0.978728482516628	0.9783888895123153	0.9774443370704268	0.979845489736734	0.9681932284050995	0.9676360417939585	0.975638138732658	0.9712712671786643	0.9784199081214138	0.9687117051543154	0.9760408567160666	0.9786977560996598	0.9790645770083978	0.9772199457805715	0.9777305878638205	0.9746438013724564	0.9799047934605573	0.9792766670549694	0.9798751550580052	0.9791859400231113	0.9792464527221308	0.973437894083516	0.9786054028233656	0.9810115839694493	0.9800820613518999	0.9936453463762983	1.0
