/home/jshaw/scratch/2022_sketched_distance/references/SGB_genome_fastas_part4/14205/Bengtsson-PalmeJ_2015__TRAVELRES18__bin.127.fa	/home/jshaw/scratch/2022_sketched_distance/references/SGB_genome_fastas_part4/14205/Bengtsson-PalmeJ_2015__TRAVELRES36__bin.99.fa	/home/jshaw/scratch/2022_sketched_distance/references/SGB_genome_fastas_part4/14205/Bengtsson-PalmeJ_2015__TRAVELRES49__bin.41.fa	/home/jshaw/scratch/2022_sketched_distance/references/SGB_genome_fastas_part4/14205/Bengtsson-PalmeJ_2015__TRAVELRES50__bin.9.fa	/home/jshaw/scratch/2022_sketched_distance/references/SGB_genome_fastas_part4/14205/Bengtsson-PalmeJ_2015__TRAVELRES5__bin.55.fa	/home/jshaw/scratch/2022_sketched_distance/references/SGB_genome_fastas_part4/14205/Bengtsson-PalmeJ_2015__TRAVELRES6__bin.126.fa	/home/jshaw/scratch/2022_sketched_distance/references/SGB_genome_fastas_part4/14205/BritoIL_2016__M1.1.ST__bin.27.fa	/home/jshaw/scratch/2022_sketched_distance/references/SGB_genome_fastas_part4/14205/BritoIL_2016__M1.27.ST__bin.57.fa	/home/jshaw/scratch/2022_sketched_distance/references/SGB_genome_fastas_part4/14205/BritoIL_2016__M1.35.ST__bin.82.fa	/home/jshaw/scratch/2022_sketched_distance/references/SGB_genome_fastas_part4/14205/BritoIL_2016__M2.3.ST__bin.9.fa	/home/jshaw/scratch/2022_sketched_distance/references/SGB_genome_fastas_part4/14205/BritoIL_2016__M2.49.ST__bin.10.fa	/home/jshaw/scratch/2022_sketched_distance/references/SGB_genome_fastas_part4/14205/BritoIL_2016__W1.37.ST__bin.61.fa	/home/jshaw/scratch/2022_sketched_distance/references/SGB_genome_fastas_part4/14205/BritoIL_2016__W2.34.ST__bin.57.fa	/home/jshaw/scratch/2022_sketched_distance/references/SGB_genome_fastas_part4/14205/BritoIL_2016__W2.67.ST__bin.18.fa	/home/jshaw/scratch/2022_sketched_distance/references/SGB_genome_fastas_part4/14205/BritoIL_2016__W2.6.ST__bin.7.fa	/home/jshaw/scratch/2022_sketched_distance/references/SGB_genome_fastas_part4/14205/BritoIL_2016__WL.15.ST__bin.47.fa	/home/jshaw/scratch/2022_sketched_distance/references/SGB_genome_fastas_part4/14205/BritoIL_2016__WL.44.ST__bin.16.fa	/home/jshaw/scratch/2022_sketched_distance/references/SGB_genome_fastas_part4/14205/ChengpingW_2017__AS67raw__bin.31.fa	/home/jshaw/scratch/2022_sketched_distance/references/SGB_genome_fastas_part4/14205/CM_madagascar__A94_03_1FE__bin.24.fa	/home/jshaw/scratch/2022_sketched_distance/references/SGB_genome_fastas_part4/14205/CosteaPI_2017__SID713A013-11-0-0__bin.20.fa	/home/jshaw/scratch/2022_sketched_distance/references/SGB_genome_fastas_part4/14205/HMP_2012__SRS017701__bin.15.fa	/home/jshaw/scratch/2022_sketched_distance/references/SGB_genome_fastas_part4/14205/LeChatelierE_2013__MH0250__bin.33.fa	/home/jshaw/scratch/2022_sketched_distance/references/SGB_genome_fastas_part4/14205/LeChatelierE_2013__MH0322__bin.36.fa	/home/jshaw/scratch/2022_sketched_distance/references/SGB_genome_fastas_part4/14205/LiJ_2014__O2.UC13-1__bin.109.fa	/home/jshaw/scratch/2022_sketched_distance/references/SGB_genome_fastas_part4/14205/LiJ_2017__H1M513729__bin.15.fa	/home/jshaw/scratch/2022_sketched_distance/references/SGB_genome_fastas_part4/14205/LiJ_2017__H2M513938__bin.69.fa	/home/jshaw/scratch/2022_sketched_distance/references/SGB_genome_fastas_part4/14205/QinJ_2012__DOM019__bin.2.fa	/home/jshaw/scratch/2022_sketched_distance/references/SGB_genome_fastas_part4/14205/VogtmannE_2016__MMRS86168210ST-27-0-0__bin.40.fa	/home/jshaw/scratch/2022_sketched_distance/references/SGB_genome_fastas_part4/14205/WenC_2017__RA005__bin.4.fa	/home/jshaw/scratch/2022_sketched_distance/references/SGB_genome_fastas_part4/14205/XieH_2016__YSZC12003_35838__bin.82.fa	/home/jshaw/scratch/2022_sketched_distance/references/SGB_genome_fastas_part4/14205/ZeeviD_2015__PNP_Main_335__bin.29.fa	/home/jshaw/scratch/2022_sketched_distance/references/SGB_genome_fastas_part4/14205/ZeeviD_2015__PNP_Main_4__bin.44.fa	/home/jshaw/scratch/2022_sketched_distance/references/SGB_genome_fastas_part4/14205/ZeeviD_2015__PNP_Main_606__bin.20.fa
1.0	0.9828998145370954	0.9851258518714096	0.981720086473658	0.9851258518714096	0.9842348039078981	0.98447726196475	0.9864087113541339	0.9828611416610691	0.9857151857279508	0.9844643456737854	0.9833572577646887	0.9830724421929637	0.9852383746648546	0.986063777667131	0.984452992235191	0.9846599767779928	0.9846319170598292	0.9834677556378665	0.9843313736012519	0.9813092508340577	0.9844322964907103	0.9835736227806752	0.9828735717386983	0.9834421496034025	0.982316703623955	0.9828224019829774	0.9824431807889858	0.9819029325030513	0.9839144650968554	0.9852682593544683	0.9833583570001141	0.981832333595452
0.9828998145370954	1.0	0.9851041384435458	0.9831995857941779	0.9856625114115692	0.9828567653094598	0.9849428439283824	0.9845361061170823	0.9838746538704618	0.9848618985490156	0.9842483603091998	0.9825972751448562	0.9788764330325509	0.9693222328450529	0.9848213508923767	0.9837491328070913	0.9725603876045822	0.9822041438380277	0.9796932498541558	0.9842483603091998	0.9822041438380277	0.980582619611089	0.979502888208526	0.9734921945845374	0.9830714480485936	0.9730296372256129	0.9820720441027205	0.9842483603091998	0.9771274572069916	0.9844130953300589	0.9833272244948542	0.9760842025771888	0.9787789789821502
0.9851258518714096	0.9851041384435458	1.0	0.9975055712074089	0.9850881076187484	0.9858001262644654	0.985000335772336	0.9848671507354207	0.9831427488494671	0.9849501572151599	0.9856055023166047	0.9841881198457151	0.9844143222702951	0.9845201007427826	0.9847783499066847	0.9855002877658612	0.985946646618714	0.9873524701457859	0.9846719898298517	0.985189960890173	0.9847654252858938	0.9864273882225981	0.9856476475315623	0.98702847761612	0.9857588832144618	0.9842193716905997	0.9860919707919725	0.984937315893579	0.9851289901675301	0.9826268517933858	0.9839700104541428	0.9865449190440886	0.9839969000330223
0.981720086473658	0.9831995857941779	0.9975055712074089	1.0	0.9841281376869634	0.9822856408895345	0.9828223897418416	0.983666565181975	0.9823944767759925	0.983910307629711	0.9829929222555317	0.9823473793987837	0.9828633406431391	0.9829331145908398	0.9839588394815932	0.983216609287379	0.9840758928039578	0.9841168366431708	0.9818389036055509	0.9837154588251193	0.9817177949035623	0.9844886028683879	0.9840459782825681	0.986371472675488	0.9832227100613694	0.982178940739255	0.9838302976743392	0.9827387838756786	0.9832316899736728	0.9819334429816894	0.9815181114812809	0.9851556991246606	0.982401131351921
0.9851258518714096	0.9856625114115692	0.9850881076187484	0.9841281376869634	1.0	0.9995399728235749	0.9842822353891083	0.9838773096534763	0.983239443563962	0.9845909529158253	0.9858967876249074	0.9845589374239208	0.9841272437305179	0.9845684777410092	0.9855789305703111	0.9853839742229874	0.9860577935804914	0.9859344893174244	0.9850460690384217	0.9852124445727222	0.9851333092862663	0.9864273882225981	0.9863928371754739	0.9863365271794304	0.9851488942496666	0.9839588999880413	0.9850542428806488	0.9846861831962023	0.9845980063952225	0.9836337261230572	0.9843923818284207	0.986290866342471	0.983673054244653
0.9842348039078981	0.9828567653094598	0.9858001262644654	0.9822856408895345	0.9995399728235749	1.0	0.9835442347174891	0.9856745912444435	0.98256339124946	0.9853459374274319	0.9842873272564296	0.9821738777016578	0.9805349258078617	0.9820576929470846	0.9865434309057844	0.9844182689513502	0.9835611353617172	0.9830029502133689	0.9810381103438521	0.9850396178325699	0.9828662205180146	0.9828742924436074	0.9812319648831044	0.9824433550724694	0.9838647667657611	0.9801867566313446	0.9816092652327685	0.9822018542858562	0.9803152053498347	0.9847821503080044	0.9834636096856445	0.9822234553638379	0.9787037018461694
0.98447726196475	0.9849428439283824	0.985000335772336	0.9828223897418416	0.9842822353891083	0.9835442347174891	1.0	0.9875067188966196	0.9857030660318743	0.9878124373533829	0.9866139033459548	0.9855993043789527	0.9864103561126323	0.9877014461233048	0.9866623048000079	0.9862318271924176	0.9877868807339679	0.9844525571733549	0.984618200240378	0.9856334656746448	0.9817448506526198	0.9849356098032976	0.9853673056483153	0.9846874852433598	0.9831472863751971	0.9826585963642928	0.9825853413662397	0.9844076996550541	0.982096088000629	0.9860029755678629	0.9846432494585077	0.9852216333382361	0.9821179677900015
0.9864087113541339	0.9845361061170823	0.9848671507354207	0.983666565181975	0.9838773096534763	0.9856745912444435	0.9875067188966196	1.0	0.9871488166980809	0.9911396758684429	0.9891172080890361	0.987383766751438	0.9919435484471785	0.9881813454628483	0.9860774527384916	0.9907875915571178	0.9881012092681523	0.9863008301807719	0.9861176964976541	0.9858137585375272	0.9845675216268616	0.9864273882225981	0.9866646023359198	0.986371472675488	0.9850302786457391	0.9837292779613889	0.9847586949244993	0.9856304382119268	0.9837545664999592	0.9850110427283646	0.985402523882848	0.9863227304896844	0.9832087271566685
0.9828611416610691	0.9838746538704618	0.9831427488494671	0.9823944767759925	0.983239443563962	0.98256339124946	0.9857030660318743	0.9871488166980809	1.0	0.9858595638538789	0.9864004062336639	0.9858602346588548	0.9870232508845953	0.9869457435478722	0.9847259332220368	0.9860300893398904	0.9864255924490507	0.9829274485028268	0.9836068484064134	0.9831911318681348	0.9803074053730519	0.9840354228366083	0.9851412965418127	0.9843549298661987	0.9821246837537827	0.9813753507321082	0.9819985313420551	0.9828989045878289	0.9817410942470804	0.9829728435121871	0.9825214665518291	0.9845562559317452	0.9811364641391618
0.9857151857279508	0.9848618985490156	0.9849501572151599	0.983910307629711	0.9845909529158253	0.9853459374274319	0.9878124373533829	0.9911396758684429	0.9858595638538789	1.0	0.9886537684904513	0.9867690092467226	0.9898790684509241	0.9890363727204894	0.9865196658782703	0.9936467508402808	0.9883781161000997	0.9866391041038695	0.9858595288132006	0.9858578655560014	0.9838653053030878	0.9857035211952712	0.9857591178763275	0.9867534418489123	0.9842608176591631	0.9843488360904791	0.9845601742316499	0.9851865421993339	0.9839067800927923	0.9846811231760099	0.9848093854336403	0.9864498791624334	0.9833459780165449
0.9844643456737854	0.9842483603091998	0.9856055023166047	0.9829929222555317	0.9858967876249074	0.9842873272564296	0.9866139033459548	0.9891172080890361	0.9864004062336639	0.9886537684904513	1.0	0.9856055023166047	0.9856209260491204	0.9873035307938534	0.9875003642049333	0.9873388530167366	0.986861588473656	0.983908518623483	0.982848636466548	0.9856055023166047	0.9819739390368216	0.9838064632495642	0.9860637258069691	0.983067272543818	0.9834126632851753	0.981797076001555	0.9813969055559802	0.9836879786517349	0.981217766199445	0.9882287752924385	0.9853607761001464	0.9842523782279524	0.9811657561688408
0.9833572577646887	0.9825972751448562	0.9841881198457151	0.9823473793987837	0.9845589374239208	0.9821738777016578	0.9855993043789527	0.987383766751438	0.9858602346588548	0.9867690092467226	0.9856055023166047	1.0	0.9852886352507432	0.9858484190345396	0.9872481431182952	0.9864456649561082	0.9920288795285757	0.9837251485816872	0.9838557380536912	0.9849012939494842	0.9809510043779561	0.984092413870511	0.9851696328865676	0.9838308271228899	0.9829725179556871	0.9811268101131277	0.9817825108106102	0.9827922444504932	0.9818706288111996	0.984998457868071	0.9839134981430895	0.9842184396578393	0.9815731138974754
0.9830724421929637	0.9788764330325509	0.9844143222702951	0.9828633406431391	0.9841272437305179	0.9805349258078617	0.9864103561126323	0.9919435484471785	0.9870232508845953	0.9898790684509241	0.9856209260491204	0.9852886352507432	1.0	0.9828822618139207	0.9860588164189421	0.9885955500585317	0.982258492044921	0.9828333597562828	0.9802764893104496	0.9848402853455346	0.9806633817436687	0.9806954170064892	0.9798621808349517	0.980496909716677	0.9834866847707459	0.9777504942553418	0.9816421656699837	0.9825925197203361	0.9776319578482682	0.9848966650423256	0.9845569251174896	0.9805578474180655	0.9797204289362427
0.9852383746648546	0.9693222328450529	0.9845201007427826	0.9829331145908398	0.9845684777410092	0.9820576929470846	0.9877014461233048	0.9881813454628483	0.9869457435478722	0.9890363727204894	0.9873035307938534	0.9858484190345396	0.9828822618139207	1.0	0.987125123473632	0.9878767652154657	0.9751691231785207	0.9830345839779083	0.9822138894819541	0.986126202827119	0.9824725724788066	0.9818482647301531	0.9804532923168233	0.9733121294538956	0.9830345839779083	0.9739206798553632	0.9822138894819541	0.9827803188478131	0.976618929472999	0.9851435078692777	0.9867653801742089	0.9777101649960824	0.9789387461492585
0.986063777667131	0.9848213508923767	0.9847783499066847	0.9839588394815932	0.9855789305703111	0.9865434309057844	0.9866623048000079	0.9860774527384916	0.9847259332220368	0.9865196658782703	0.9875003642049333	0.9872481431182952	0.9860588164189421	0.987125123473632	1.0	0.9875046401019238	0.9876109484524617	0.986105956599989	0.9860919707919725	0.9861431272654679	0.9835852683400592	0.986214565987013	0.9867186869075091	0.9858078372362683	0.9852434792067698	0.9843811225284483	0.9848575068337987	0.9849122888991243	0.9844489736384054	0.9852094476376205	0.9852438837418566	0.9864181380606614	0.9832362233474139
0.984452992235191	0.9837491328070913	0.9855002877658612	0.983216609287379	0.9853839742229874	0.9844182689513502	0.9862318271924176	0.9907875915571178	0.9860300893398904	0.9936467508402808	0.9873388530167366	0.9864456649561082	0.9885955500585317	0.9878767652154657	0.9875046401019238	1.0	0.9875403114426529	0.985113867827667	0.9850726265894805	0.9855930429823268	0.9821480256897348	0.9852943741297221	0.985027706003126	0.9856297001902546	0.9839429960650878	0.9823510539683867	0.9832914386627556	0.9836359605560357	0.9828575131745874	0.9848672434114962	0.9843903242678445	0.9857443957684721	0.982625912325587
0.9846599767779928	0.9725603876045822	0.985946646618714	0.9840758928039578	0.9860577935804914	0.9835611353617172	0.9877868807339679	0.9881012092681523	0.9864255924490507	0.9883781161000997	0.986861588473656	0.9920288795285757	0.982258492044921	0.9751691231785207	0.9876109484524617	0.9875403114426529	1.0	0.9834011088059391	0.9814597972964819	0.985946646618714	0.9812891379030745	0.9815872101382924	0.9807282633245716	0.9726179964844363	0.9841935443822474	0.974620502817912	0.9820501915049596	0.9837997201439421	0.9764571397980492	0.9868254754098658	0.9854606176621933	0.9763577800474849	0.9805099541465404
0.9846319170598292	0.9822041438380277	0.9873524701457859	0.9841168366431708	0.9859344893174244	0.9830029502133689	0.9844525571733549	0.9863008301807719	0.9829274485028268	0.9866391041038695	0.983908518623483	0.9837251485816872	0.9828333597562828	0.9830345839779083	0.986105956599989	0.985113867827667	0.9834011088059391	1.0	0.9825919496030859	0.9855143055643768	0.9829543536983327	0.9834599982543283	0.9835140970197294	0.9850894187727329	0.9877499507768221	0.9839261951091292	0.9860815159723075	0.9827114077868184	0.9841488619736416	0.9845039029602118	0.9844525571733549	0.9838771086672788	0.983509924025967
0.9834677556378665	0.9796932498541558	0.9846719898298517	0.9818389036055509	0.9850460690384217	0.9810381103438521	0.984618200240378	0.9861176964976541	0.9836068484064134	0.9858595288132006	0.982848636466548	0.9838557380536912	0.9802764893104496	0.9822138894819541	0.9860919707919725	0.9850726265894805	0.9814597972964819	0.9825919496030859	1.0	0.9854684339452339	0.9814557825449951	0.9808635886757389	0.9809754406307869	0.9804132388133235	0.9830469005756509	0.9792188527639866	0.9819266827983685	0.981897449217362	0.9786820260649551	0.9838832762124987	0.9846988516038226	0.9804056043192702	0.978801478499623
0.9843313736012519	0.9842483603091998	0.985189960890173	0.9837154588251193	0.9852124445727222	0.9850396178325699	0.9856334656746448	0.9858137585375272	0.9831911318681348	0.9858578655560014	0.9856055023166047	0.9849012939494842	0.9848402853455346	0.986126202827119	0.9861431272654679	0.9855930429823268	0.985946646618714	0.9855143055643768	0.9854684339452339	1.0	0.9834571838256853	0.9856220984248034	0.985842473168204	0.9866150567434416	0.9839184202216137	0.9831983092870907	0.9843353935685075	0.9841780783647438	0.983448003019021	0.9834107581879714	0.9840643418446029	0.985841494385581	0.983509924025967
0.9813092508340577	0.9822041438380277	0.9847654252858938	0.9817177949035623	0.9851333092862663	0.9828662205180146	0.9817448506526198	0.9845675216268616	0.9803074053730519	0.9838653053030878	0.9819739390368216	0.9809510043779561	0.9806633817436687	0.9824725724788066	0.9835852683400592	0.9821480256897348	0.9812891379030745	0.9829543536983327	0.9814557825449951	0.9834571838256853	1.0	0.9829038277030414	0.9828216659962908	0.9845770074606929	0.9818258839480892	0.9798919836520233	0.9814284073401633	0.9837139567860382	0.9803490817510719	0.9820945550746117	0.982040996979572	0.9829726527717692	0.9792360440831508
0.9844322964907103	0.980582619611089	0.9864273882225981	0.9844886028683879	0.9864273882225981	0.9828742924436074	0.9849356098032976	0.9864273882225981	0.9840354228366083	0.9857035211952712	0.9838064632495642	0.984092413870511	0.9806954170064892	0.9818482647301531	0.986214565987013	0.9852943741297221	0.9815872101382924	0.9834599982543283	0.9808635886757389	0.9856220984248034	0.9829038277030414	1.0	0.9818646102432119	0.9834894266464467	0.9841777152000712	0.97868553799927	0.983517997267797	0.9838064632495642	0.9787532133242139	0.9848522583640205	0.9842344597789994	0.9815673527402905	0.9799717486363584
0.9835736227806752	0.979502888208526	0.9856476475315623	0.9840459782825681	0.9863928371754739	0.9812319648831044	0.9853673056483153	0.9866646023359198	0.9851412965418127	0.9857591178763275	0.9860637258069691	0.9851696328865676	0.9798621808349517	0.9804532923168233	0.9867186869075091	0.985027706003126	0.9807282633245716	0.9835140970197294	0.9809754406307869	0.985842473168204	0.9828216659962908	0.9818646102432119	1.0	0.9828346937791727	0.9836330406626898	0.9777504942553418	0.9823311956565384	0.9826079883965073	0.97770547233487	0.9864201149857535	0.9848279720182951	0.9807471594829175	0.9809109939087585
0.9828735717386983	0.9734921945845374	0.98702847761612	0.986371472675488	0.9863365271794304	0.9824433550724694	0.9846874852433598	0.986371472675488	0.9843549298661987	0.9867534418489123	0.983067272543818	0.9838308271228899	0.980496909716677	0.9733121294538956	0.9858078372362683	0.9856297001902546	0.9726179964844363	0.9850894187727329	0.9804132388133235	0.9866150567434416	0.9845770074606929	0.9834894266464467	0.9828346937791727	1.0	0.9851619718823811	0.9752990802453005	0.9847975924188219	0.9841313389534623	0.9798640922350109	0.9847609310495417	0.9846138747234016	0.9776614573935588	0.9815655831051503
0.9834421496034025	0.9830714480485936	0.9857588832144618	0.9832227100613694	0.9851488942496666	0.9838647667657611	0.9831472863751971	0.9850302786457391	0.9821246837537827	0.9842608176591631	0.9834126632851753	0.9829725179556871	0.9834866847707459	0.9830345839779083	0.9852434792067698	0.9839429960650878	0.9841935443822474	0.9877499507768221	0.9830469005756509	0.9839184202216137	0.9818258839480892	0.9841777152000712	0.9836330406626898	0.9851619718823811	1.0	0.986109690466601	0.9857096581288031	0.9837139567860382	0.9857090739619819	0.982767541677302	0.9834229954429038	0.9849238811723595	0.9846351552680922
0.982316703623955	0.9730296372256129	0.9842193716905997	0.982178940739255	0.9839588999880413	0.9801867566313446	0.9826585963642928	0.9837292779613889	0.9813753507321082	0.9843488360904791	0.981797076001555	0.9811268101131277	0.9777504942553418	0.9739206798553632	0.9843811225284483	0.9823510539683867	0.974620502817912	0.9839261951091292	0.9792188527639866	0.9831983092870907	0.9798919836520233	0.97868553799927	0.9777504942553418	0.9752990802453005	0.986109690466601	1.0	0.9827943604008819	0.9811624317561433	0.9774327564192999	0.9828620320068281	0.9826245672514818	0.9751607012899595	0.9817621390869062
0.9828224019829774	0.9820720441027205	0.9860919707919725	0.9838302976743392	0.9850542428806488	0.9816092652327685	0.9825853413662397	0.9847586949244993	0.9819985313420551	0.9845601742316499	0.9813969055559802	0.9817825108106102	0.9816421656699837	0.9822138894819541	0.9848575068337987	0.9832914386627556	0.9820501915049596	0.9860815159723075	0.9819266827983685	0.9843353935685075	0.9814284073401633	0.983517997267797	0.9823311956565384	0.9847975924188219	0.9857096581288031	0.9827943604008819	1.0	0.981733687709913	0.9848645718078477	0.981755407714026	0.9843604453715354	0.9830431193158662	0.9832636964895737
0.9824431807889858	0.9842483603091998	0.984937315893579	0.9827387838756786	0.9846861831962023	0.9822018542858562	0.9844076996550541	0.9856304382119268	0.9828989045878289	0.9851865421993339	0.9836879786517349	0.9827922444504932	0.9825925197203361	0.9827803188478131	0.9849122888991243	0.9836359605560357	0.9837997201439421	0.9827114077868184	0.981897449217362	0.9841780783647438	0.9837139567860382	0.9838064632495642	0.9826079883965073	0.9841313389534623	0.9837139567860382	0.9811624317561433	0.981733687709913	1.0	0.9811187032447408	0.9839210442959662	0.9833483763127931	0.9843201502276452	0.9800337847336148
0.9819029325030513	0.9771274572069916	0.9851289901675301	0.9832316899736728	0.9845980063952225	0.9803152053498347	0.982096088000629	0.9837545664999592	0.9817410942470804	0.9839067800927923	0.981217766199445	0.9818706288111996	0.9776319578482682	0.976618929472999	0.9844489736384054	0.9828575131745874	0.9764571397980492	0.9841488619736416	0.9786820260649551	0.983448003019021	0.9803490817510719	0.9787532133242139	0.97770547233487	0.9798640922350109	0.9857090739619819	0.9774327564192999	0.9848645718078477	0.9811187032447408	1.0	0.9824155027069393	0.9834171884152214	0.97868235189931	0.9820639744641693
0.9839144650968554	0.9844130953300589	0.9826268517933858	0.9819334429816894	0.9836337261230572	0.9847821503080044	0.9860029755678629	0.9850110427283646	0.9829728435121871	0.9846811231760099	0.9882287752924385	0.984998457868071	0.9848966650423256	0.9851435078692777	0.9852094476376205	0.9848672434114962	0.9868254754098658	0.9845039029602118	0.9838832762124987	0.9834107581879714	0.9820945550746117	0.9848522583640205	0.9864201149857535	0.9847609310495417	0.982767541677302	0.9828620320068281	0.981755407714026	0.9839210442959662	0.9824155027069393	1.0	0.9832537404458807	0.9846904147078726	0.9816308959952534
0.9852682593544683	0.9833272244948542	0.9839700104541428	0.9815181114812809	0.9843923818284207	0.9834636096856445	0.9846432494585077	0.985402523882848	0.9825214665518291	0.9848093854336403	0.9853607761001464	0.9839134981430895	0.9845569251174896	0.9867653801742089	0.9852438837418566	0.9843903242678445	0.9854606176621933	0.9844525571733549	0.9846988516038226	0.9840643418446029	0.982040996979572	0.9842344597789994	0.9848279720182951	0.9846138747234016	0.9834229954429038	0.9826245672514818	0.9843604453715354	0.9833483763127931	0.9834171884152214	0.9832537404458807	1.0	0.9839798814354663	0.9815441845375547
0.9833583570001141	0.9760842025771888	0.9865449190440886	0.9851556991246606	0.986290866342471	0.9822234553638379	0.9852216333382361	0.9863227304896844	0.9845562559317452	0.9864498791624334	0.9842523782279524	0.9842184396578393	0.9805578474180655	0.9777101649960824	0.9864181380606614	0.9857443957684721	0.9763577800474849	0.9838771086672788	0.9804056043192702	0.985841494385581	0.9829726527717692	0.9815673527402905	0.9807471594829175	0.9776614573935588	0.9849238811723595	0.9751607012899595	0.9830431193158662	0.9843201502276452	0.97868235189931	0.9846904147078726	0.9839798814354663	1.0	0.9824392662430654
0.981832333595452	0.9787789789821502	0.9839969000330223	0.982401131351921	0.983673054244653	0.9787037018461694	0.9821179677900015	0.9832087271566685	0.9811364641391618	0.9833459780165449	0.9811657561688408	0.9815731138974754	0.9797204289362427	0.9789387461492585	0.9832362233474139	0.982625912325587	0.9805099541465404	0.983509924025967	0.978801478499623	0.983509924025967	0.9792360440831508	0.9799717486363584	0.9809109939087585	0.9815655831051503	0.9846351552680922	0.9817621390869062	0.9832636964895737	0.9800337847336148	0.9820639744641693	0.9816308959952534	0.9815441845375547	0.9824392662430654	1.0
