/home/jshaw/scratch/2022_sketched_distance/references/SGB_genome_fastas_part1_redo/1910/BackhedF_2015__SID326_M__bin.29.fa	/home/jshaw/scratch/2022_sketched_distance/references/SGB_genome_fastas_part1_redo/1910/Bengtsson-PalmeJ_2015__TRAVELRES13__bin.33.fa	/home/jshaw/scratch/2022_sketched_distance/references/SGB_genome_fastas_part1_redo/1910/Bengtsson-PalmeJ_2015__TRAVELRES14__bin.49.fa	/home/jshaw/scratch/2022_sketched_distance/references/SGB_genome_fastas_part1_redo/1910/Bengtsson-PalmeJ_2015__TRAVELRES5__bin.93.fa	/home/jshaw/scratch/2022_sketched_distance/references/SGB_genome_fastas_part1_redo/1910/Bengtsson-PalmeJ_2015__TRAVELRES67__bin.40.fa	/home/jshaw/scratch/2022_sketched_distance/references/SGB_genome_fastas_part1_redo/1910/Bengtsson-PalmeJ_2015__TRAVELRES68__bin.21.fa	/home/jshaw/scratch/2022_sketched_distance/references/SGB_genome_fastas_part1_redo/1910/Bengtsson-PalmeJ_2015__TRAVELRES6__bin.113.fa	/home/jshaw/scratch/2022_sketched_distance/references/SGB_genome_fastas_part1_redo/1910/FengQ_2015__SID531248__bin.18.fa	/home/jshaw/scratch/2022_sketched_distance/references/SGB_genome_fastas_part1_redo/1910/LeChatelierE_2013__MH0126__bin.46.fa	/home/jshaw/scratch/2022_sketched_distance/references/SGB_genome_fastas_part1_redo/1910/LeChatelierE_2013__MH0140__bin.7.fa	/home/jshaw/scratch/2022_sketched_distance/references/SGB_genome_fastas_part1_redo/1910/LeChatelierE_2013__MH0407__bin.66.fa	/home/jshaw/scratch/2022_sketched_distance/references/SGB_genome_fastas_part1_redo/1910/LeChatelierE_2013__MH0421__bin.47.fa	/home/jshaw/scratch/2022_sketched_distance/references/SGB_genome_fastas_part1_redo/1910/LeChatelierE_2013__MH0430__bin.55.fa	/home/jshaw/scratch/2022_sketched_distance/references/SGB_genome_fastas_part1_redo/1910/LiJ_2014__MH0323__bin.34.fa	/home/jshaw/scratch/2022_sketched_distance/references/SGB_genome_fastas_part1_redo/1910/LiJ_2014__MH0385__bin.12.fa	/home/jshaw/scratch/2022_sketched_distance/references/SGB_genome_fastas_part1_redo/1910/LiJ_2014__O2.UC31-1__bin.14.fa	/home/jshaw/scratch/2022_sketched_distance/references/SGB_genome_fastas_part1_redo/1910/NielsenHB_2014__MH0126__bin.43.fa	/home/jshaw/scratch/2022_sketched_distance/references/SGB_genome_fastas_part1_redo/1910/NielsenHB_2014__MH0140__bin.20.fa	/home/jshaw/scratch/2022_sketched_distance/references/SGB_genome_fastas_part1_redo/1910/NielsenHB_2014__O2_UC31_0__bin.33.fa	/home/jshaw/scratch/2022_sketched_distance/references/SGB_genome_fastas_part1_redo/1910/NielsenHB_2014__O2_UC31_2__bin.25.fa	/home/jshaw/scratch/2022_sketched_distance/references/SGB_genome_fastas_part1_redo/1910/QinJ_2012__CON-024__bin.30.fa	/home/jshaw/scratch/2022_sketched_distance/references/SGB_genome_fastas_part1_redo/1910/QinJ_2012__CON-099__bin.31.fa	/home/jshaw/scratch/2022_sketched_distance/references/SGB_genome_fastas_part1_redo/1910/QinJ_2012__CON-100__bin.28.fa	/home/jshaw/scratch/2022_sketched_distance/references/SGB_genome_fastas_part1_redo/1910/SchirmerM_2016__G88820__bin.24.fa	/home/jshaw/scratch/2022_sketched_distance/references/SGB_genome_fastas_part1_redo/1910/SchirmerM_2016__G88826__bin.5.fa	/home/jshaw/scratch/2022_sketched_distance/references/SGB_genome_fastas_part1_redo/1910/SchirmerM_2016__G88895__bin.6.fa	/home/jshaw/scratch/2022_sketched_distance/references/SGB_genome_fastas_part1_redo/1910/SchirmerM_2016__G89108__bin.11.fa	/home/jshaw/scratch/2022_sketched_distance/references/SGB_genome_fastas_part1_redo/1910/VatanenT_2016__G80467__bin.9.fa	/home/jshaw/scratch/2022_sketched_distance/references/SGB_genome_fastas_part1_redo/1910/VatanenT_2016__G80479__bin.8.fa	/home/jshaw/scratch/2022_sketched_distance/references/SGB_genome_fastas_part1_redo/1910/XieH_2016__YSZC12003_35734__bin.94.fa	/home/jshaw/scratch/2022_sketched_distance/references/SGB_genome_fastas_part1_redo/1910/XieH_2016__YSZC12003_35992__bin.70.fa	/home/jshaw/scratch/2022_sketched_distance/references/SGB_genome_fastas_part1_redo/1910/XieH_2016__YSZC12003_37097__bin.62.fa	/home/jshaw/scratch/2022_sketched_distance/references/SGB_genome_fastas_part1_redo/1910/XieH_2016__YSZC12003_37331__bin.3.fa	/home/jshaw/scratch/2022_sketched_distance/references/SGB_genome_fastas_part1_redo/1910/ZeeviD_2015__PNP_Main_154__bin.62.fa	/home/jshaw/scratch/2022_sketched_distance/references/SGB_genome_fastas_part1_redo/1910/ZeeviD_2015__PNP_Main_210__bin.30.fa	/home/jshaw/scratch/2022_sketched_distance/references/SGB_genome_fastas_part1_redo/1910/ZeeviD_2015__PNP_Main_586__bin.23.fa	/home/jshaw/scratch/2022_sketched_distance/references/SGB_genome_fastas_part1_redo/1910/ZeeviD_2015__PNP_Main_61__bin.10.fa	/home/jshaw/scratch/2022_sketched_distance/references/SGB_genome_fastas_part1_redo/1910/ZellerG_2014__CCIS09568613ST-4-0__bin.2.fa	/home/jshaw/scratch/2022_sketched_distance/references/SGB_genome_fastas_part1_redo/1910/ZellerG_2014__CCIS51595129ST-4-0__bin.68.fa	/home/jshaw/scratch/2022_sketched_distance/references/SGB_genome_fastas_part1_redo/1910/ZellerG_2014__CCIS51667829ST-4-0__bin.50.fa	/home/jshaw/scratch/2022_sketched_distance/references/SGB_genome_fastas_part1_redo/1910/ZellerG_2014__CCIS87290971ST-4-0__bin.19.fa	/home/jshaw/scratch/2022_sketched_distance/references/SGB_genome_fastas_part1_redo/1910/ZellerG_2014__CCMD86707194ST-21-0__bin.48.fa
1.0	0.9790378869357235	0.9783503870849689	0.9757577659904549	0.9826227553285064	0.9801674624956863	0.9856561933861177	0.9761294394184052	0.9658286798891991	0.9771928089954643	0.9807049561157357	0.9808728080636204	0.9791094324736915	0.9719638271845882	0.9784888297593574	0.9665973050600708	0.9669522555156727	0.9763471619000136	0.9562905987412021	0.9560874568137381	0.9824456831273528	0.9645340203639894	0.9639527494544157	0.9823396118724609	0.982614485257527	0.9823117123027225	0.982615672615255	0.9691829621792807	0.9803873746676616	0.9456130904739866	0.9804108545616692	0.9799802003622654	0.9841110093703521	0.9816048993900077	0.9727384449692865	0.9781210247947666	0.9774936514289917	0.9779173316417981	0.9682082112780019	0.9775242110204907	0.9770330839369191	0.9628164636334473
0.9790378869357235	1.0	0.9959028809856056	0.9788742788802269	0.9858162565562364	0.9841711846814151	0.9825980005162613	0.9806864299234667	0.9683617308161189	0.9844175942908647	0.9863529042529682	0.9852753994053082	0.9809987435035146	0.975750505900788	0.9832217135549396	0.9688989853668645	0.9690205377479681	0.9837655726511596	0.9627906619385722	0.9618907946703874	0.9851618727185165	0.968141317382111	0.9679146339508551	0.9851570635196231	0.9852385786249831	0.9864420340601807	0.9861718222656262	0.9805361041653594	0.9866323153182394	0.9590040846884246	0.9879980902276125	0.9865130624138105	0.985515714599223	0.9799448416410129	0.9795877789580131	0.9845571961515369	0.980297203748343	0.9801575509546936	0.9782292011960675	0.9847907380917503	0.9852215250671741	0.9665389374776582
0.9783503870849689	0.9959028809856056	1.0	0.980476604458258	0.9852158132146526	0.9841050655965136	0.9840574960770094	0.980498242729784	0.9689248914171682	0.985353071581037	0.986893978972982	0.9849121711554776	0.980355256351692	0.974908197975334	0.9845001397607901	0.9691772758830243	0.9695079562288366	0.9841064911494672	0.9637197367049537	0.9628247877829315	0.9851711489438956	0.9684683363597424	0.9675765530860698	0.9850624864250755	0.9845530812051844	0.9865106409448257	0.9858392977338069	0.9819099470100224	0.9863249844069997	0.9605555360783916	0.9876606703327494	0.9862343513531076	0.9853401732377064	0.9795280152656235	0.9810644985203447	0.9857553572321166	0.9818900612136761	0.9788360864410848	0.9793903517962311	0.9842905021298413	0.9866566632240015	0.967012227043455
0.9757577659904549	0.9788742788802269	0.980476604458258	1.0	0.9819419436959653	0.9819108181238	0.9893189226487117	0.9742333922615444	0.9628205589944469	0.9827122898653202	0.9833862433939237	0.9800911056754337	0.9781780528596453	0.9723224552379115	0.9864021068179972	0.9637283582069914	0.9631208828111156	0.9823392750613394	0.9666003496499381	0.9626422452440024	0.979976430426754	0.9637301963135219	0.9640737547566816	0.9800923634512914	0.9790881295094099	0.9805075230363485	0.9805028916021239	0.9843501417553412	0.9816110449064356	0.9652835932077384	0.9800983476439561	0.977933505005614	0.9804108948175373	0.9729327920441616	0.9861847744075072	0.9827997775968127	0.9848577773453441	0.9791309908784295	0.9833897127853393	0.9810208050181821	0.9834295471987897	0.9672189287612908
0.9826227553285064	0.9858162565562364	0.9852158132146526	0.9819419436959653	1.0	0.9958225741410048	0.9848276648211486	0.982400494376495	0.9704019604699706	0.9834201893398566	0.9874959710375834	0.9864323026546286	0.9846023581519193	0.9787949505007921	0.9842276827205094	0.9721550926292728	0.970403431322483	0.9823568313673621	0.9639796782659725	0.9642873518118054	0.9890455374018988	0.9702017891952895	0.9690955364292019	0.9878294980401936	0.9873887931316594	0.9876631689325068	0.9894778820806197	0.9802996245894686	0.9858337819461513	0.9601271142145732	0.9872850191916964	0.9867398018414961	0.9894619365826441	0.9845160307736684	0.9819419713433083	0.9852910333794673	0.9837102569931322	0.9819167615849544	0.9806479852205593	0.9867491191884038	0.9846896648803852	0.9683409375234004
0.9801674624956863	0.9841711846814151	0.9841050655965136	0.9819108181238	0.9958225741410048	1.0	0.984039087765784	0.980434895796991	0.9683768600077947	0.9827304415159929	0.9871548852945489	0.9851191251454385	0.9832238755914153	0.9778340720116347	0.9843728679850906	0.9698232070176511	0.9690903102194798	0.9814845509301987	0.9642049378960719	0.962260882560198	0.986907198318358	0.9681565358833845	0.9690261976677449	0.9860560823572814	0.9853921386775528	0.9862802081499252	0.987070609782695	0.9795845225680635	0.985272977448291	0.9609376396806059	0.9852681019906724	0.9841736376689114	0.9873795628676602	0.9820567734500567	0.9818447628817126	0.9852186513150814	0.9835488412872835	0.9818405827425614	0.9801466488477929	0.9854856548753171	0.9845772636695992	0.9678573550965612
0.9856561933861177	0.9825980005162613	0.9840574960770094	0.9893189226487117	0.9848276648211486	0.984039087765784	1.0	0.9790371277617503	0.966855121814713	0.9845901745079845	0.9870056455892898	0.9849592163449452	0.9783499094491831	0.9734228559421372	0.9886181524947734	0.967569836472355	0.9670744846540221	0.9837022221698006	0.9663725524078972	0.9644755158958347	0.9844740814368413	0.9675790092707856	0.9683493079435839	0.9850314912987765	0.9841022676593976	0.9846835806529054	0.9851512233793925	0.9813747858740264	0.9842343064956852	0.9604219795731114	0.9832395240911451	0.9827277521239512	0.9858202368811904	0.9777822311639384	0.9819973284750363	0.9849971336572624	0.9838245871169905	0.9790196575530176	0.9800822968587686	0.9812286227802793	0.9857131874192967	0.9702682677222003
0.9761294394184052	0.9806864299234667	0.980498242729784	0.9742333922615444	0.982400494376495	0.980434895796991	0.9790371277617503	1.0	0.9654186703763399	0.9791653506936433	0.9815673744874659	0.9812563223070444	0.9769862461590435	0.9731609358027742	0.9785950133602943	0.9666258908015329	0.96511291059603	0.9779822847061833	0.958971690641194	0.9583628278358814	0.9830468276093539	0.9650182137162497	0.9643161621747113	0.9833987436012578	0.9824089617234475	0.9835302330445411	0.9834186445709803	0.975828923375262	0.9819681020260499	0.9539289798028714	0.9816401334490906	0.9826473387795317	0.9821304723745375	0.9771011773141514	0.9760051808275977	0.981047397506411	0.9776745508471824	0.9747686419290932	0.9757751023502707	0.9794276455116822	0.9792366962721978	0.9618372982844612
0.9658286798891991	0.9683617308161189	0.9689248914171682	0.9628205589944469	0.9704019604699706	0.9683768600077947	0.966855121814713	0.9654186703763399	1.0	0.9680809923398106	0.9691807235247085	0.9682599660715048	0.9633163548703443	0.9602745773441964	0.9672990405041734	0.9821289975738187	0.997180303817835	0.9667550819297429	0.975935980533312	0.9752390910796148	0.9709314718326213	0.9825225613099458	0.9780289016633192	0.9704047279774269	0.9706719128745961	0.9717788358392722	0.9709890469560636	0.9630872248087565	0.9698591674475424	0.9695505798737712	0.970772282546293	0.9705978556022501	0.9703469961016841	0.9656933081039302	0.9637659936448515	0.9678112317671592	0.9640594534088531	0.9631762938992251	0.9629173062080245	0.9677568356509934	0.9685017376791091	0.980030178417927
0.9771928089954643	0.9844175942908647	0.985353071581037	0.9827122898653202	0.9834201893398566	0.9827304415159929	0.9845901745079845	0.9791653506936433	0.9680809923398106	1.0	0.9860650263787595	0.9836214700989888	0.9792388163790303	0.973554728983876	0.9864178809642298	0.968498686390766	0.9687110637880446	0.9980039865957663	0.9661306430169344	0.9644295961838137	0.983388758865015	0.9681040320148165	0.9676347732255913	0.9837342273932548	0.9828483263573442	0.9858075562721027	0.9837325741441318	0.9875493711298595	0.9884538485023144	0.9614929898522055	0.9851952177908124	0.9869871455344961	0.9827243442633803	0.9763796713402922	0.9831450450512729	0.9856345705098517	0.9836167648072686	0.9780060979237979	0.9811419554728128	0.9823510003147571	0.9877705666099255	0.9683399817760505
0.9807049561157357	0.9863529042529682	0.986893978972982	0.9833862433939237	0.9874959710375834	0.9871548852945489	0.9870056455892898	0.9815673744874659	0.9691807235247085	0.9860650263787595	1.0	0.9874880694033431	0.98196284061826	0.9762076029111356	0.9876653593748478	0.9706570745595948	0.9699463837543644	0.9851286968634814	0.9685741618467322	0.9667991936433241	0.9863190404929313	0.9692454410294996	0.9712197590126477	0.9876360433861922	0.9866851112563355	0.9880377883883787	0.9876854610153694	0.983212998775514	0.9877180557489922	0.9624340603998329	0.9871694321874254	0.986144236099219	0.9876187305308577	0.9814676503836645	0.9848799997528007	0.9880075577243931	0.9849848156520643	0.9820174859044088	0.9821485481987384	0.9852406795498018	0.9884175515026161	0.9709218856787077
0.9808728080636204	0.9852753994053082	0.9849121711554776	0.9800911056754337	0.9864323026546286	0.9851191251454385	0.9849592163449452	0.9812563223070444	0.9682599660715048	0.9836214700989888	0.9874880694033431	1.0	0.9813674128055139	0.9761570561824543	0.9842551267775953	0.9683520784175568	0.9686761451141733	0.9826518927705248	0.9633367987372259	0.9624631096946542	0.9870818181623836	0.9686880942143405	0.9679621132743497	0.9873247926460968	0.9864921256162067	0.9871388815070375	0.9877728529229167	0.9807061712511553	0.9864842113091552	0.9575953605689944	0.9862816275515947	0.9861123935089495	0.986345164103637	0.9803656957683723	0.9802208482036745	0.9855488132965796	0.9817420163744826	0.9808365900086506	0.9800090333690631	0.9845683271445268	0.9844579918554655	0.9665886324204318
0.9791094324736915	0.9809987435035146	0.980355256351692	0.9781780528596453	0.9846023581519193	0.9832238755914153	0.9783499094491831	0.9769862461590435	0.9633163548703443	0.9792388163790303	0.98196284061826	0.9813674128055139	1.0	0.9787845246819238	0.9792240776880027	0.9650131796717767	0.9653745108713371	0.978056661987894	0.9557355412536366	0.9557428151232163	0.9824630836609197	0.9641382267078009	0.9628084561471781	0.9813689276448492	0.9806573416272669	0.9818597370543536	0.9821348562045679	0.9758461399599716	0.9819674906289755	0.9547319048727986	0.9831305583843947	0.9815269452130366	0.9825187561123033	0.9808030626747134	0.9768781117744705	0.979163899708596	0.9797138244307789	0.9823186350124856	0.9776298181111418	0.9840958789380513	0.9793784912433177	0.9620938362106065
0.9719638271845882	0.975750505900788	0.974908197975334	0.9723224552379115	0.9787949505007921	0.9778340720116347	0.9734228559421372	0.9731609358027742	0.9602745773441964	0.973554728983876	0.9762076029111356	0.9761570561824543	0.9787845246819238	1.0	0.9729533569213731	0.961112936892137	0.9604847408818238	0.9720594782204318	0.9511209557083863	0.9504441471171011	0.9792559620510073	0.9596229275446772	0.9591448993264985	0.9769211662113414	0.9760765065512029	0.9776396380762249	0.9776664142291073	0.9700626915147382	0.9764374931625821	0.9523369540777595	0.9775747055925079	0.97678818063328	0.9778012954269709	0.9761096862309999	0.9691990590910271	0.9744682889584809	0.9743566472628706	0.9772116564110997	0.974059198535455	0.9798588146607199	0.9747422018351072	0.9568379632056875
0.9784888297593574	0.9832217135549396	0.9845001397607901	0.9864021068179972	0.9842276827205094	0.9843728679850906	0.9886181524947734	0.9785950133602943	0.9672990405041734	0.9864178809642298	0.9876653593748478	0.9842551267775953	0.9792240776880027	0.9729533569213731	1.0	0.9681208937494863	0.967636594873799	0.9853560720163319	0.9671556569046775	0.9651654779968438	0.9838151670957878	0.9673957064512748	0.967746953811826	0.9841227587695052	0.9834549391652041	0.9854710494554039	0.9850656497737732	0.9833149511065006	0.9855241806234147	0.9601504983710417	0.9835133324539247	0.9834948031600358	0.9843116809216975	0.9771382480282701	0.9839588871387548	0.9856164821344451	0.9837054458808372	0.9786168682742533	0.9815696938565708	0.9804864570430453	0.9868835937299973	0.9701050178281938
0.9665973050600708	0.9688989853668645	0.9691772758830243	0.9637283582069914	0.9721550926292728	0.9698232070176511	0.967569836472355	0.9666258908015329	0.9821289975738187	0.968498686390766	0.9706570745595948	0.9683520784175568	0.9650131796717767	0.961112936892137	0.9681208937494863	1.0	0.9820145647664021	0.9675337933670709	0.9898337542804235	0.9899910072111087	0.970809177087687	0.9830409912431649	0.9791650131618335	0.9709442122104375	0.9723081820526938	0.9715461622227335	0.9719022656458495	0.9639019841692912	0.969965876528977	0.9706008372544866	0.9719927118632143	0.9716658673945873	0.9713390296605402	0.9680248377985063	0.9658795663785444	0.9689232412947876	0.9643141050637993	0.9644753076133162	0.9647903137487029	0.969147681954137	0.9688782895859374	0.9818950777822532
0.9669522555156727	0.9690205377479681	0.9695079562288366	0.9631208828111156	0.970403431322483	0.9690903102194798	0.9670744846540221	0.96511291059603	0.997180303817835	0.9687110637880446	0.9699463837543644	0.9686761451141733	0.9653745108713371	0.9604847408818238	0.967636594873799	0.9820145647664021	1.0	0.9673627688431192	0.9764802898942834	0.9755793541603377	0.9707582439785702	0.9822696328929591	0.9784416758973757	0.9705926621413954	0.9701677690400127	0.9718228985913722	0.9707119479755729	0.9638501609206909	0.9705285347942361	0.9697551957302941	0.971294364775376	0.9701082149661032	0.9710293262471351	0.9652113721838027	0.965515991418779	0.9681024539604693	0.9655846012601275	0.9643117818101602	0.9629272632227184	0.9682277968615098	0.9689888266088722	0.9806192404461128
0.9763471619000136	0.9837655726511596	0.9841064911494672	0.9823392750613394	0.9823568313673621	0.9814845509301987	0.9837022221698006	0.9779822847061833	0.9667550819297429	0.9980039865957663	0.9851286968634814	0.9826518927705248	0.978056661987894	0.9720594782204318	0.9853560720163319	0.9675337933670709	0.9673627688431192	1.0	0.9654546840185532	0.9637241491752305	0.982436295993546	0.9669128396057923	0.9668075864847466	0.9824802466754243	0.9819395743401704	0.9846344738485614	0.9826433193176468	0.987071672481467	0.9873993625790325	0.9602703664785387	0.9840197142704812	0.9859815878592652	0.9810394247098482	0.9753466238782653	0.9823682910380751	0.9839730709397231	0.9818556562910739	0.9767886062211371	0.980243933597402	0.9814756627540471	0.9864150420783682	0.9669838056031015
0.9562905987412021	0.9627906619385722	0.9637197367049537	0.9666003496499381	0.9639796782659725	0.9642049378960719	0.9663725524078972	0.958971690641194	0.975935980533312	0.9661306430169344	0.9685741618467322	0.9633367987372259	0.9557355412536366	0.9511209557083863	0.9671556569046775	0.9898337542804235	0.9764802898942834	0.9654546840185532	1.0	0.993409538431705	0.9614384054055671	0.9774039638034347	0.9758598598707284	0.9642572951957881	0.963908790060102	0.9643622614858309	0.9641083799291359	0.967166861748701	0.9651233760095846	0.9759762247580325	0.9644007703693731	0.9631536495646836	0.9639842873638009	0.9547910131319669	0.9680657929074895	0.9653594366445892	0.9617519393864894	0.9565088074144601	0.9652993567333077	0.9616722911490485	0.9667562553188837	0.9822605997626714
0.9560874568137381	0.9618907946703874	0.9628247877829315	0.9626422452440024	0.9642873518118054	0.962260882560198	0.9644755158958347	0.9583628278358814	0.9752390910796148	0.9644295961838137	0.9667991936433241	0.9624631096946542	0.9557428151232163	0.9504441471171011	0.9651654779968438	0.9899910072111087	0.9755793541603377	0.9637241491752305	0.993409538431705	1.0	0.9615613874745285	0.9766688248103099	0.973595390346581	0.9633214213517172	0.9631612669118627	0.964570944326438	0.9640164325887722	0.9645914340587256	0.9638063951696727	0.9726361336632916	0.9646412314993644	0.9642883572999634	0.9640551069397526	0.955661810649616	0.9650195777644553	0.9641729948675124	0.9605627331484135	0.9561225545554533	0.9630234503643192	0.9598629296732799	0.9646567068050949	0.980148712083083
0.9824456831273528	0.9851618727185165	0.9851711489438956	0.979976430426754	0.9890455374018988	0.986907198318358	0.9844740814368413	0.9830468276093539	0.9709314718326213	0.983388758865015	0.9863190404929313	0.9870818181623836	0.9824630836609197	0.9792559620510073	0.9838151670957878	0.970809177087687	0.9707582439785702	0.982436295993546	0.9614384054055671	0.9615613874745285	1.0	0.9706247301726019	0.9685509998372597	0.9884908032292979	0.9883592413451034	0.9884959520250259	0.9893745092466779	0.9801041749235592	0.9868292681469563	0.9575078416067707	0.986233643156878	0.9866059257306468	0.9883478558530228	0.9846136021518591	0.9799821373576711	0.9864831020775084	0.9835227181164258	0.9813605769089806	0.9802148842708376	0.9852893304341855	0.9844437433986922	0.9664519178535023
0.9645340203639894	0.968141317382111	0.9684683363597424	0.9637301963135219	0.9702017891952895	0.9681565358833845	0.9675790092707856	0.9650182137162497	0.9825225613099458	0.9681040320148165	0.9692454410294996	0.9686880942143405	0.9641382267078009	0.9596229275446772	0.9673957064512748	0.9830409912431649	0.9822696328929591	0.9669128396057923	0.9774039638034347	0.9766688248103099	0.9706247301726019	1.0	0.9810433384689269	0.969937848637921	0.9699174099132736	0.9705180861727685	0.9715661568800757	0.9638971801967172	0.9702199321305082	0.9711184165047382	0.9702180992969095	0.9713084289675146	0.9693935278065399	0.9651863426195936	0.9645295769504552	0.9684609383794023	0.963765228456669	0.9632092850766999	0.9630103988253523	0.9673024111627103	0.9681092052188669	0.9794775525733448
0.9639527494544157	0.9679146339508551	0.9675765530860698	0.9640737547566816	0.9690955364292019	0.9690261976677449	0.9683493079435839	0.9643161621747113	0.9780289016633192	0.9676347732255913	0.9712197590126477	0.9679621132743497	0.9628084561471781	0.9591448993264985	0.967746953811826	0.9791650131618335	0.9784416758973757	0.9668075864847466	0.9758598598707284	0.973595390346581	0.9685509998372597	0.9810433384689269	1.0	0.9702123742262899	0.9704453751372785	0.9693538254055383	0.9700090852541132	0.9646720566195249	0.9687387010577838	0.9689986047473422	0.9697287449610115	0.968854148612071	0.9687556792166621	0.9633669238917166	0.9664659158044567	0.9686703400842515	0.9650130824371792	0.9641045833624067	0.9621832794024873	0.9677605577531673	0.9694541414278306	0.9782240177215243
0.9823396118724609	0.9851570635196231	0.9850624864250755	0.9800923634512914	0.9878294980401936	0.9860560823572814	0.9850314912987765	0.9833987436012578	0.9704047279774269	0.9837342273932548	0.9876360433861922	0.9873247926460968	0.9813689276448492	0.9769211662113414	0.9841227587695052	0.9709442122104375	0.9705926621413954	0.9824802466754243	0.9642572951957881	0.9633214213517172	0.9884908032292979	0.969937848637921	0.9702123742262899	1.0	0.9958164324549643	0.9890632133577045	0.9891552386300156	0.980208133759731	0.9863810527227054	0.9598351216630207	0.9871153506199216	0.986683103845353	0.989855415001858	0.9834858787424543	0.981354246100928	0.986292583751013	0.981920266205871	0.9801980400349337	0.9798928851831242	0.985282123666667	0.9855837288025643	0.9676283716668324
0.982614485257527	0.9852385786249831	0.9845530812051844	0.9790881295094099	0.9873887931316594	0.9853921386775528	0.9841022676593976	0.9824089617234475	0.9706719128745961	0.9828483263573442	0.9866851112563355	0.9864921256162067	0.9806573416272669	0.9760765065512029	0.9834549391652041	0.9723081820526938	0.9701677690400127	0.9819395743401704	0.963908790060102	0.9631612669118627	0.9883592413451034	0.9699174099132736	0.9704453751372785	0.9958164324549643	1.0	0.9877023735768599	0.9885397991941521	0.9787842362586631	0.9856033132199725	0.9579408223151572	0.9862580720534194	0.9862256045767076	0.9898232354361688	0.9830684679070837	0.980570075123567	0.9852594507676196	0.9809446177152973	0.9795474497598257	0.9788514879292863	0.9849102164766143	0.9846561657232629	0.967483982636944
0.9823117123027225	0.9864420340601807	0.9865106409448257	0.9805075230363485	0.9876631689325068	0.9862802081499252	0.9846835806529054	0.9835302330445411	0.9717788358392722	0.9858075562721027	0.9880377883883787	0.9871388815070375	0.9818597370543536	0.9776396380762249	0.9854710494554039	0.9715461622227335	0.9718228985913722	0.9846344738485614	0.9643622614858309	0.964570944326438	0.9884959520250259	0.9705180861727685	0.9693538254055383	0.9890632133577045	0.9877023735768599	1.0	0.9891703738996834	0.9820961379712035	0.9879308961824308	0.9597446906673274	0.9870568910318511	0.9871950373496882	0.9880682441232611	0.9834474451853548	0.9817645466523997	0.9872224960059366	0.9828245718461782	0.9804495338497488	0.9808360529676263	0.9841693365717903	0.9865253928938525	0.9683561784554154
0.982615672615255	0.9861718222656262	0.9858392977338069	0.9805028916021239	0.9894778820806197	0.987070609782695	0.9851512233793925	0.9834186445709803	0.9709890469560636	0.9837325741441318	0.9876854610153694	0.9877728529229167	0.9821348562045679	0.9776664142291073	0.9850656497737732	0.9719022656458495	0.9707119479755729	0.9826433193176468	0.9641083799291359	0.9640164325887722	0.9893745092466779	0.9715661568800757	0.9700090852541132	0.9891552386300156	0.9885397991941521	0.9891703738996834	1.0	0.9796590691961128	0.9867013303627225	0.9565186542161159	0.9875348235682686	0.9870543673702153	0.9889095049128079	0.9845762707709452	0.9814981456334173	0.9868862941215618	0.9816846408585101	0.9805096450654636	0.9799086573571947	0.9850116561258564	0.9857453398541436	0.9679188377758605
0.9691829621792807	0.9805361041653594	0.9819099470100224	0.9843501417553412	0.9802996245894686	0.9795845225680635	0.9813747858740264	0.975828923375262	0.9630872248087565	0.9875493711298595	0.983212998775514	0.9807061712511553	0.9758461399599716	0.9700626915147382	0.9833149511065006	0.9639019841692912	0.9638501609206909	0.987071672481467	0.967166861748701	0.9645914340587256	0.9801041749235592	0.9638971801967172	0.9646720566195249	0.980208133759731	0.9787842362586631	0.9820961379712035	0.9796590691961128	1.0	0.990791206463419	0.9637266813456503	0.9823419647364328	0.9846268782399766	0.9790018664683898	0.9696336504707898	0.984674092367607	0.9827173128209999	0.9824708183681337	0.9748250363277392	0.9839238074063346	0.9805946362450744	0.9841878944299327	0.9655557162263767
0.9803873746676616	0.9866323153182394	0.9863249844069997	0.9816110449064356	0.9858337819461513	0.985272977448291	0.9842343064956852	0.9819681020260499	0.9698591674475424	0.9884538485023144	0.9877180557489922	0.9864842113091552	0.9819674906289755	0.9764374931625821	0.9855241806234147	0.969965876528977	0.9705285347942361	0.9873993625790325	0.9651233760095846	0.9638063951696727	0.9868292681469563	0.9702199321305082	0.9687387010577838	0.9863810527227054	0.9856033132199725	0.9879308961824308	0.9867013303627225	0.990791206463419	1.0	0.9605331491396005	0.9882169962453803	0.989916365184446	0.9853578091142798	0.980041484474564	0.9815385169758921	0.9861963837214736	0.9820344063969659	0.9827297331460751	0.9819936997978043	0.9858037360972931	0.9861353704790885	0.9683004920715069
0.9456130904739866	0.9590040846884246	0.9605555360783916	0.9652835932077384	0.9601271142145732	0.9609376396806059	0.9604219795731114	0.9539289798028714	0.9695505798737712	0.9614929898522055	0.9624340603998329	0.9575953605689944	0.9547319048727986	0.9523369540777595	0.9601504983710417	0.9706008372544866	0.9697551957302941	0.9602703664785387	0.9759762247580325	0.9726361336632916	0.9575078416067707	0.9711184165047382	0.9689986047473422	0.9598351216630207	0.9579408223151572	0.9597446906673274	0.9565186542161159	0.9637266813456503	0.9605331491396005	1.0	0.9594726171021083	0.9570761340224704	0.9583833026708509	0.9505338387765304	0.9661547917193373	0.9606192950262425	0.9595153642211895	0.9574948931323897	0.9640143025797256	0.9613636290599128	0.9623783705871718	0.9746416028418332
0.9804108545616692	0.9879980902276125	0.9876606703327494	0.9800983476439561	0.9872850191916964	0.9852681019906724	0.9832395240911451	0.9816401334490906	0.970772282546293	0.9851952177908124	0.9871694321874254	0.9862816275515947	0.9831305583843947	0.9775747055925079	0.9835133324539247	0.9719927118632143	0.971294364775376	0.9840197142704812	0.9644007703693731	0.9646412314993644	0.986233643156878	0.9702180992969095	0.9697287449610115	0.9871153506199216	0.9862580720534194	0.9870568910318511	0.9875348235682686	0.9823419647364328	0.9882169962453803	0.9594726171021083	1.0	0.9882055067353358	0.9869861515875342	0.9815401991283534	0.9808949248903589	0.9859027357650322	0.9812234759997851	0.9808986256914566	0.9806591538329895	0.986282815918596	0.9863515634747191	0.9683757203460525
0.9799802003622654	0.9865130624138105	0.9862343513531076	0.977933505005614	0.9867398018414961	0.9841736376689114	0.9827277521239512	0.9826473387795317	0.9705978556022501	0.9869871455344961	0.986144236099219	0.9861123935089495	0.9815269452130366	0.97678818063328	0.9834948031600358	0.9716658673945873	0.9701082149661032	0.9859815878592652	0.9631536495646836	0.9642883572999634	0.9866059257306468	0.9713084289675146	0.968854148612071	0.986683103845353	0.9862256045767076	0.9871950373496882	0.9870543673702153	0.9846268782399766	0.989916365184446	0.9570761340224704	0.9882055067353358	1.0	0.9854835440846014	0.9813597801907994	0.9793670075649568	0.9851772114112597	0.9799225076038836	0.9796643893630731	0.979713138670952	0.9847744852103424	0.9845064982923681	0.9669349103498193
0.9841110093703521	0.985515714599223	0.9853401732377064	0.9804108948175373	0.9894619365826441	0.9873795628676602	0.9858202368811904	0.9821304723745375	0.9703469961016841	0.9827243442633803	0.9876187305308577	0.986345164103637	0.9825187561123033	0.9778012954269709	0.9843116809216975	0.9713390296605402	0.9710293262471351	0.9810394247098482	0.9639842873638009	0.9640551069397526	0.9883478558530228	0.9693935278065399	0.9687556792166621	0.989855415001858	0.9898232354361688	0.9880682441232611	0.9889095049128079	0.9790018664683898	0.9853578091142798	0.9583833026708509	0.9869861515875342	0.9854835440846014	1.0	0.9841380803251816	0.982045733503807	0.9866723618283956	0.9837084482882632	0.9811422135598644	0.9801824512154129	0.9853296137981911	0.9851259763040277	0.9689389868825222
0.9816048993900077	0.9799448416410129	0.9795280152656235	0.9729327920441616	0.9845160307736684	0.9820567734500567	0.9777822311639384	0.9771011773141514	0.9656933081039302	0.9763796713402922	0.9814676503836645	0.9803656957683723	0.9808030626747134	0.9761096862309999	0.9771382480282701	0.9680248377985063	0.9652113721838027	0.9753466238782653	0.9547910131319669	0.955661810649616	0.9846136021518591	0.9651863426195936	0.9633669238917166	0.9834858787424543	0.9830684679070837	0.9834474451853548	0.9845762707709452	0.9696336504707898	0.980041484474564	0.9505338387765304	0.9815401991283534	0.9813597801907994	0.9841380803251816	1.0	0.971012265372335	0.9789669955105762	0.9753025618407075	0.9800893059499444	0.9694627145641113	0.9809655603215345	0.9775937415018225	0.9610399581660704
0.9727384449692865	0.9795877789580131	0.9810644985203447	0.9861847744075072	0.9819419713433083	0.9818447628817126	0.9819973284750363	0.9760051808275977	0.9637659936448515	0.9831450450512729	0.9848799997528007	0.9802208482036745	0.9768781117744705	0.9691990590910271	0.9839588871387548	0.9658795663785444	0.965515991418779	0.9823682910380751	0.9680657929074895	0.9650195777644553	0.9799821373576711	0.9645295769504552	0.9664659158044567	0.981354246100928	0.980570075123567	0.9817645466523997	0.9814981456334173	0.984674092367607	0.9815385169758921	0.9661547917193373	0.9808949248903589	0.9793670075649568	0.982045733503807	0.971012265372335	1.0	0.9843291687486017	0.985549379997949	0.9739278281189794	0.9829655941827649	0.9791925201090292	0.9843618874845497	0.9675049796375489
0.9781210247947666	0.9845571961515369	0.9857553572321166	0.9827997775968127	0.9852910333794673	0.9852186513150814	0.9849971336572624	0.981047397506411	0.9678112317671592	0.9856345705098517	0.9880075577243931	0.9855488132965796	0.979163899708596	0.9744682889584809	0.9856164821344451	0.9689232412947876	0.9681024539604693	0.9839730709397231	0.9653594366445892	0.9641729948675124	0.9864831020775084	0.9684609383794023	0.9686703400842515	0.986292583751013	0.9852594507676196	0.9872224960059366	0.9868862941215618	0.9827173128209999	0.9861963837214736	0.9606192950262425	0.9859027357650322	0.9851772114112597	0.9866723618283956	0.9789669955105762	0.9843291687486017	1.0	0.9870303511503884	0.978842695553238	0.9816981836676523	0.983399910358765	0.9870857870471038	0.9681191813180132
0.9774936514289917	0.980297203748343	0.9818900612136761	0.9848577773453441	0.9837102569931322	0.9835488412872835	0.9838245871169905	0.9776745508471824	0.9640594534088531	0.9836167648072686	0.9849848156520643	0.9817420163744826	0.9797138244307789	0.9743566472628706	0.9837054458808372	0.9643141050637993	0.9655846012601275	0.9818556562910739	0.9617519393864894	0.9605627331484135	0.9835227181164258	0.963765228456669	0.9650130824371792	0.981920266205871	0.9809446177152973	0.9828245718461782	0.9816846408585101	0.9824708183681337	0.9820344063969659	0.9595153642211895	0.9812234759997851	0.9799225076038836	0.9837084482882632	0.9753025618407075	0.985549379997949	0.9870303511503884	1.0	0.9788158331152469	0.9820354802250799	0.9815736023698491	0.9848623097028397	0.9662509815448846
0.9779173316417981	0.9801575509546936	0.9788360864410848	0.9791309908784295	0.9819167615849544	0.9818405827425614	0.9790196575530176	0.9747686419290932	0.9631762938992251	0.9780060979237979	0.9820174859044088	0.9808365900086506	0.9823186350124856	0.9772116564110997	0.9786168682742533	0.9644753076133162	0.9643117818101602	0.9767886062211371	0.9565088074144601	0.9561225545554533	0.9813605769089806	0.9632092850766999	0.9641045833624067	0.9801980400349337	0.9795474497598257	0.9804495338497488	0.9805096450654636	0.9748250363277392	0.9827297331460751	0.9574948931323897	0.9808986256914566	0.9796643893630731	0.9811422135598644	0.9800893059499444	0.9739278281189794	0.978842695553238	0.9788158331152469	1.0	0.9833171997681126	0.984560542653501	0.9802363915715248	0.9631186212300729
0.9682082112780019	0.9782292011960675	0.9793903517962311	0.9833897127853393	0.9806479852205593	0.9801466488477929	0.9800822968587686	0.9757751023502707	0.9629173062080245	0.9811419554728128	0.9821485481987384	0.9800090333690631	0.9776298181111418	0.974059198535455	0.9815696938565708	0.9647903137487029	0.9629272632227184	0.980243933597402	0.9652993567333077	0.9630234503643192	0.9802148842708376	0.9630103988253523	0.9621832794024873	0.9798928851831242	0.9788514879292863	0.9808360529676263	0.9799086573571947	0.9839238074063346	0.9819936997978043	0.9640143025797256	0.9806591538329895	0.979713138670952	0.9801824512154129	0.9694627145641113	0.9829655941827649	0.9816981836676523	0.9820354802250799	0.9833171997681126	1.0	0.9813978988796869	0.9821098413070289	0.9647355707654517
0.9775242110204907	0.9847907380917503	0.9842905021298413	0.9810208050181821	0.9867491191884038	0.9854856548753171	0.9812286227802793	0.9794276455116822	0.9677568356509934	0.9823510003147571	0.9852406795498018	0.9845683271445268	0.9840958789380513	0.9798588146607199	0.9804864570430453	0.969147681954137	0.9682277968615098	0.9814756627540471	0.9616722911490485	0.9598629296732799	0.9852893304341855	0.9673024111627103	0.9677605577531673	0.985282123666667	0.9849102164766143	0.9841693365717903	0.9850116561258564	0.9805946362450744	0.9858037360972931	0.9613636290599128	0.986282815918596	0.9847744852103424	0.9853296137981911	0.9809655603215345	0.9791925201090292	0.983399910358765	0.9815736023698491	0.984560542653501	0.9813978988796869	1.0	0.9830036721872197	0.9650029068116691
0.9770330839369191	0.9852215250671741	0.9866566632240015	0.9834295471987897	0.9846896648803852	0.9845772636695992	0.9857131874192967	0.9792366962721978	0.9685017376791091	0.9877705666099255	0.9884175515026161	0.9844579918554655	0.9793784912433177	0.9747422018351072	0.9868835937299973	0.9688782895859374	0.9689888266088722	0.9864150420783682	0.9667562553188837	0.9646567068050949	0.9844437433986922	0.9681092052188669	0.9694541414278306	0.9855837288025643	0.9846561657232629	0.9865253928938525	0.9857453398541436	0.9841878944299327	0.9861353704790885	0.9623783705871718	0.9863515634747191	0.9845064982923681	0.9851259763040277	0.9775937415018225	0.9843618874845497	0.9870857870471038	0.9848623097028397	0.9802363915715248	0.9821098413070289	0.9830036721872197	1.0	0.9693651082325557
0.9628164636334473	0.9665389374776582	0.967012227043455	0.9672189287612908	0.9683409375234004	0.9678573550965612	0.9702682677222003	0.9618372982844612	0.980030178417927	0.9683399817760505	0.9709218856787077	0.9665886324204318	0.9620938362106065	0.9568379632056875	0.9701050178281938	0.9818950777822532	0.9806192404461128	0.9669838056031015	0.9822605997626714	0.980148712083083	0.9664519178535023	0.9794775525733448	0.9782240177215243	0.9676283716668324	0.967483982636944	0.9683561784554154	0.9679188377758605	0.9655557162263767	0.9683004920715069	0.9746416028418332	0.9683757203460525	0.9669349103498193	0.9689389868825222	0.9610399581660704	0.9675049796375489	0.9681191813180132	0.9662509815448846	0.9631186212300729	0.9647355707654517	0.9650029068116691	0.9693651082325557	1.0
