/home/jshaw/scratch/2022_sketched_distance/references/SGB_genome_fastas_part5/19883/CM_periimplantitis__SP_105SPI_T016__bin.1.fa	/home/jshaw/scratch/2022_sketched_distance/references/SGB_genome_fastas_part5/19883/CM_periimplantitis__SP_143SPI_T016__bin.12.fa	/home/jshaw/scratch/2022_sketched_distance/references/SGB_genome_fastas_part5/19883/CM_periimplantitis__SP_163SPI_T016__bin.9.fa	/home/jshaw/scratch/2022_sketched_distance/references/SGB_genome_fastas_part5/19883/CM_periimplantitis__SP_189SPI_T016__bin.33.fa	/home/jshaw/scratch/2022_sketched_distance/references/SGB_genome_fastas_part5/19883/CM_periimplantitis__SP_287SPI_T016__bin.4.fa	/home/jshaw/scratch/2022_sketched_distance/references/SGB_genome_fastas_part5/19883/CM_periimplantitis__SP_304SPI_T016__bin.11.fa	/home/jshaw/scratch/2022_sketched_distance/references/SGB_genome_fastas_part5/19883/CM_periimplantitis__SP_305SPI_T016__bin.12.fa	/home/jshaw/scratch/2022_sketched_distance/references/SGB_genome_fastas_part5/19883/CM_periimplantitis__SP_344SPT_T016__bin.52.fa	/home/jshaw/scratch/2022_sketched_distance/references/SGB_genome_fastas_part5/19883/HMP_2012__SRS011126__bin.25.fa	/home/jshaw/scratch/2022_sketched_distance/references/SGB_genome_fastas_part5/19883/HMP_2012__SRS011343__bin.38.fa	/home/jshaw/scratch/2022_sketched_distance/references/SGB_genome_fastas_part5/19883/HMP_2012__SRS012285__bin.4.fa	/home/jshaw/scratch/2022_sketched_distance/references/SGB_genome_fastas_part5/19883/HMP_2012__SRS013252__bin.46.fa	/home/jshaw/scratch/2022_sketched_distance/references/SGB_genome_fastas_part5/19883/HMP_2012__SRS014476__bin.22.fa	/home/jshaw/scratch/2022_sketched_distance/references/SGB_genome_fastas_part5/19883/HMP_2012__SRS016043__bin.21.fa	/home/jshaw/scratch/2022_sketched_distance/references/SGB_genome_fastas_part5/19883/HMP_2012__SRS017139__bin.25.fa	/home/jshaw/scratch/2022_sketched_distance/references/SGB_genome_fastas_part5/19883/HMP_2012__SRS017691__bin.9.fa	/home/jshaw/scratch/2022_sketched_distance/references/SGB_genome_fastas_part5/19883/HMP_2012__SRS019029__bin.3.fa	/home/jshaw/scratch/2022_sketched_distance/references/SGB_genome_fastas_part5/19883/HMP_2012__SRS019128__bin.27.fa	/home/jshaw/scratch/2022_sketched_distance/references/SGB_genome_fastas_part5/19883/HMP_2012__SRS019980__bin.47.fa	/home/jshaw/scratch/2022_sketched_distance/references/SGB_genome_fastas_part5/19883/HMP_2012__SRS020226__bin.63.fa	/home/jshaw/scratch/2022_sketched_distance/references/SGB_genome_fastas_part5/19883/HMP_2012__SRS021477__bin.23.fa	/home/jshaw/scratch/2022_sketched_distance/references/SGB_genome_fastas_part5/19883/HMP_2012__SRS021960__bin.22.fa	/home/jshaw/scratch/2022_sketched_distance/references/SGB_genome_fastas_part5/19883/HMP_2012__SRS022149__bin.6.fa	/home/jshaw/scratch/2022_sketched_distance/references/SGB_genome_fastas_part5/19883/HMP_2012__SRS022536__bin.17.fa	/home/jshaw/scratch/2022_sketched_distance/references/SGB_genome_fastas_part5/19883/HMP_2012__SRS023595__bin.38.fa	/home/jshaw/scratch/2022_sketched_distance/references/SGB_genome_fastas_part5/19883/HMP_2012__SRS024355__bin.23.fa	/home/jshaw/scratch/2022_sketched_distance/references/SGB_genome_fastas_part5/19883/HMP_2012__SRS024561__bin.27.fa	/home/jshaw/scratch/2022_sketched_distance/references/SGB_genome_fastas_part5/19883/HMP_2012__SRS047634__bin.61.fa	/home/jshaw/scratch/2022_sketched_distance/references/SGB_genome_fastas_part5/19883/HMP_2012__SRS049318__bin.30.fa	/home/jshaw/scratch/2022_sketched_distance/references/SGB_genome_fastas_part5/19883/HMP_2012__SRS051930__bin.9.fa	/home/jshaw/scratch/2022_sketched_distance/references/SGB_genome_fastas_part5/19883/HMP_2012__SRS051941__bin.4.fa	/home/jshaw/scratch/2022_sketched_distance/references/SGB_genome_fastas_part5/19883/HMP_2012__SRS055378__bin.11.fa	/home/jshaw/scratch/2022_sketched_distance/references/SGB_genome_fastas_part5/19883/HMP_2012__SRS058053__bin.33.fa	/home/jshaw/scratch/2022_sketched_distance/references/SGB_genome_fastas_part5/19883/HMP_2012__SRS063603__bin.34.fa	/home/jshaw/scratch/2022_sketched_distance/references/SGB_genome_fastas_part5/19883/HMP_2012__SRS065099__bin.13.fa
1.0	0.96276905191415	0.9569964157753166	0.9772605137950185	0.9641567575591682	0.9633313502447702	0.9638839713283809	0.9637467048038455	0.9565256107526142	0.9630514322270136	0.9629105526072025	0.9583675603282383	0.9619066865998681	0.9630514322270136	0.9602627835465872	0.9611698974975507	0.962484164860788	0.9643800380025918	0.9644272479021333	0.9572077747864183	0.9585298583399121	0.9636088492349084	0.963580686837714	0.9631157043824106	0.9640206539037904	0.9597994021682251	0.9642922872585699	0.9623407670845453	0.9636088492349084	0.9656170644355098	0.9662595469713529	0.9649614957443198	0.9660040902758796	0.9646954813092545	0.9601882782032846
0.96276905191415	1.0	0.9632113849571557	0.9641645863444606	0.9630222762370998	0.9610001403595257	0.9612129047932437	0.964622214979936	0.9633313502447702	0.9643158873338598	0.9597318684267879	0.9647412189303515	0.9605116843798643	0.9670898062431815	0.9631669787277133	0.9667510563794506	0.9620795674719184	0.9669774508698499	0.9623086350743376	0.9624974299815575	0.9639213060939266	0.9617157557307215	0.96419037461903	0.9676241133048598	0.9641611384172003	0.9638794800732967	0.9628557206195087	0.9676185130658753	0.9646363767041873	0.9634873912602251	0.9642486890507256	0.9636733012504594	0.9661992434450691	0.9688071518123076	0.9639684615498981
0.9569964157753166	0.9632113849571557	1.0	0.9649476123477525	0.9632113849571557	0.964379228072225	0.9642355479559082	0.9577104907798228	0.9587525228472442	0.9621534730154102	0.965918742353425	0.956265989496255	0.9653674044965126	0.9585811942245901	0.9624593093946151	0.9632113849571557	0.9597616483847987	0.9629126661488505	0.9635073501312552	0.9638006127974739	0.9597616483847987	0.9560807378765752	0.9547814326328545	0.9580523194442555	0.962306755702433	0.9632113849571557	0.9610594708573045	0.9610594708573045	0.9616891792719048	0.9639462462778486	0.961375871780016	0.9640912226638447	0.9624593093946151	0.962306755702433	0.9569964157753166
0.9772605137950185	0.9641645863444606	0.9649476123477525	1.0	0.9683950060901694	0.9631588498156224	0.963583911116356	0.964622214979936	0.9623407670845453	0.9666239190314689	0.9643288190208814	0.9655294482754101	0.9633942440028262	0.9646148318845469	0.9649638033040825	0.9664211041381813	0.9620795674719184	0.9694966743226087	0.9637589983343949	0.9630024240113414	0.9617340587091417	0.9642906277757319	0.9656658502315798	0.9677595402649056	0.9646024094887405	0.9655440333126594	0.962700983003136	0.9648777965063141	0.9651815061201194	0.9644020156707337	0.9752893435502269	0.9645155141241132	0.9696779982199684	0.9674189478104305	0.9650898023478449
0.9641567575591682	0.9630222762370998	0.9632113849571557	0.9683950060901694	1.0	0.9615213023685938	0.9626547061981697	0.9620480605488283	0.9636088492349084	0.9627216279787354	0.9643351410376142	0.9664252960401402	0.9631426379695112	0.9655802480361015	0.9616534185582428	0.9622986668209862	0.9637589983343949	0.9675953480119607	0.9636256925992291	0.9613312575781859	0.9619992565329807	0.9606777895378936	0.9672143865600564	0.9659529964343662	0.9652573553918643	0.9611407984703346	0.9660431629951797	0.9650292689864841	0.9647995537653441	0.9651435143222152	0.967557372533359	0.9630579086899281	0.9641305191891837	0.9651435143222152	0.9648131119380395
0.9633313502447702	0.9610001403595257	0.964379228072225	0.9631588498156224	0.9615213023685938	1.0	0.9688813558262841	0.9624684812722376	0.9605680189389044	0.9630966214781735	0.9663144730625729	0.9626816941711083	0.9843342804177497	0.9607117587992168	0.9611312277378865	0.9626638328770961	0.9676097049391823	0.9653131638670499	0.9636463500481892	0.9598457708789607	0.9598135430678161	0.9612617809362449	0.9665197195720224	0.9656658502315798	0.9660910467952215	0.9603365325619204	0.9637670776302454	0.9630358094340005	0.9620341253965313	0.9625388763440563	0.9616977573389209	0.9625569574492001	0.9638873532172116	0.9637670776302454	0.9643935608246231
0.9638839713283809	0.9612129047932437	0.9642355479559082	0.963583911116356	0.9626547061981697	0.9688813558262841	1.0	0.9640971666283257	0.9619066865998681	0.9630966214781735	0.9654365959144261	0.963796512422092	0.9668371742079326	0.9619333329542172	0.961701336071195	0.9606217807086155	0.9672447027807916	0.9641083799291359	0.9620628367120787	0.9672223085954661	0.9592429734822074	0.9589158466688698	0.964936572232059	0.9647887116153034	0.9634694303038012	0.9605206731797137	0.9641502744255962	0.9612472309614392	0.9609658685597309	0.9614527290261113	0.9631992099414628	0.9615309574572111	0.963892225755799	0.9609658685597309	0.9650898023478449
0.9637467048038455	0.964622214979936	0.9577104907798228	0.964622214979936	0.9620480605488283	0.9624684812722376	0.9640971666283257	1.0	0.9604157650239068	0.9628834637925937	0.9639645533372633	0.9629640488619323	0.9626074059381396	0.971721660649134	0.9619066865998681	0.9660234077592237	0.9622229263269756	0.9649165631266869	0.9651388272938052	0.9603089645675964	0.9613348727267138	0.9619066865998681	0.9646401680369516	0.9638869768804145	0.9631571675126096	0.9611903108301799	0.9685401456857926	0.9651388272938052	0.9619066865998681	0.9663951979526945	0.9624684812722376	0.9650104500400855	0.9710885957202028	0.9650104500400855	0.9625094039490492
0.9565256107526142	0.9633313502447702	0.9587525228472442	0.9623407670845453	0.9636088492349084	0.9605680189389044	0.9619066865998681	0.9604157650239068	1.0	0.9656170644355098	0.9642922872585699	0.9617606774226111	0.9568685164501425	0.9620520339016909	0.9649614957443198	0.9638839713283809	0.9583675603282383	0.9636965377859668	0.963191696291449	0.9619066865998681	0.9992650118643126	0.963191696291449	0.9631157043824106	0.9915873871810383	0.9657465907204591	0.9660040902758796	0.9640206539037904	0.972592825250601	0.9653564375278734	0.9679931938765522	0.9638839713283809	0.9661320719195792	0.9661320719195792	0.9654870148104944	0.9928276657672302
0.9630514322270136	0.9643158873338598	0.9621534730154102	0.9666239190314689	0.9627216279787354	0.9630966214781735	0.9630966214781735	0.9628834637925937	0.9656170644355098	1.0	0.9633442054659749	0.9652688450159979	0.9630160916591447	0.9621985857278582	0.9813202186478233	0.9652590556946471	0.9648317356370048	0.9664744608114137	0.9652590556946471	0.9607990196057357	0.9647803611774162	0.962086732743422	0.9662376044791458	0.9697255815366881	0.9645542855048586	0.9811070727045724	0.9652590556946471	0.9630966214781735	0.963589895141477	0.9640757078385689	0.9650139031099781	0.963467285249211	0.9645542855048586	0.9654905892753943	0.9690998423560682
0.9629105526072025	0.9597318684267879	0.965918742353425	0.9643288190208814	0.9643351410376142	0.9663144730625729	0.9654365959144261	0.9639645533372633	0.9642922872585699	0.9633442054659749	1.0	0.9640692739013675	0.965923597955834	0.9605731077154042	0.960629715978107	0.9640115933605388	0.9629302657186604	0.9677175192975653	0.963414264028978	0.9650642442265586	0.9641691020840351	0.9609404507911907	0.9662376044791458	0.968822968883554	0.9622331777732956	0.9601197484242031	0.9631814979590164	0.9623801608933227	0.9615030734393654	0.9634873912602251	0.9658842376483416	0.9633054827258032	0.9636521517807276	0.962947032023143	0.9673503337594379
0.9583675603282383	0.9647412189303515	0.956265989496255	0.9655294482754101	0.9664252960401402	0.9626816941711083	0.963796512422092	0.9629640488619323	0.9617606774226111	0.9652688450159979	0.9640692739013675	1.0	0.9626816941711083	0.9668017321699367	0.963659258352562	0.9665512640549331	0.9600219510156036	0.9635580754110495	0.9655294482754101	0.9610826848552686	0.9628231820249642	0.9626816941711083	0.9647887116153034	0.963426439573057	0.9655294482754101	0.9631043001993778	0.9989880506303012	0.9660444090297976	0.9635214152920779	0.9650061137784645	0.9625395797080659	0.9631043001993778	0.9647412189303515	0.9642047913033562	0.9626583303372965
0.9619066865998681	0.9605116843798643	0.9653674044965126	0.9633942440028262	0.9631426379695112	0.9843342804177497	0.9668371742079326	0.9626074059381396	0.9568685164501425	0.9630160916591447	0.965923597955834	0.9626816941711083	1.0	0.9601535149197009	0.960920360706057	0.9622461526664974	0.9646995848105745	0.9641083799291359	0.9647439192104429	0.9619853444787744	0.957161724177738	0.9603742915524119	0.9643410061230254	0.9643410061230254	0.9647439192104429	0.9613238883856654	0.965220993156709	0.9611899430907592	0.9610554354712489	0.9621160136942478	0.9609913233105408	0.960920360706057	0.9630160916591447	0.9619853444787744	0.9629541255747556
0.9630514322270136	0.9670898062431815	0.9585811942245901	0.9646148318845469	0.9655802480361015	0.9607117587992168	0.9619333329542172	0.971721660649134	0.9620520339016909	0.9621985857278582	0.9605731077154042	0.9668017321699367	0.9601535149197009	1.0	0.9598706989608697	0.9644920915764429	0.9622229263269756	0.9663474767363062	0.9625923967008929	0.9597283480209376	0.9602939911682745	0.9605731077154042	0.9666598560581663	0.9658097434763151	0.9649802666257014	0.9588606748570978	0.9702225189014252	0.9658171432512748	0.9616658675619552	0.9644920915764429	0.9635967934594177	0.9642451961077777	0.972024542856262	0.9649802666257014	0.9639684615498981
0.9602627835465872	0.9631669787277133	0.9624593093946151	0.9649638033040825	0.9616534185582428	0.9611312277378865	0.961701336071195	0.9619066865998681	0.9649614957443198	0.9813202186478233	0.960629715978107	0.963659258352562	0.960920360706057	0.9598706989608697	1.0	0.9632886424922795	0.961935564883694	0.9655748742749042	0.9653977457037184	0.96172471356905	0.9639213060939266	0.961330447995169	0.964936572232059	0.9663789708667065	0.9618706277156748	0.9978145658578608	0.9629351406139549	0.962256238483132	0.9611407984703346	0.9618212943326899	0.9619760282295162	0.9629334020064767	0.9632886424922795	0.9634332708165101	0.9679861012081512
0.9611698974975507	0.9667510563794506	0.9632113849571557	0.9664211041381813	0.9622986668209862	0.9626638328770961	0.9606217807086155	0.9660234077592237	0.9638839713283809	0.9652590556946471	0.9640115933605388	0.9665512640549331	0.9622461526664974	0.9644920915764429	0.9632886424922795	1.0	0.9626491983427486	0.9668524374575785	0.9649509038230691	0.9623699298118334	0.9635459914934035	0.9620463254125208	0.9653761194168333	0.9670766457517508	0.9658635600953037	0.9631665525201004	0.9667510563794506	0.9650664116049568	0.9660877373547068	0.9644846789509947	0.966731662868635	0.9652202559848446	0.9656378109351557	0.9688684545793299	0.9636819052843639
0.962484164860788	0.9620795674719184	0.9597616483847987	0.9620795674719184	0.9637589983343949	0.9676097049391823	0.9672447027807916	0.9622229263269756	0.9583675603282383	0.9648317356370048	0.9629302657186604	0.9600219510156036	0.9646995848105745	0.9622229263269756	0.961935564883694	0.9626491983427486	1.0	0.962856664043525	0.9645668886558127	0.961790912657349	0.9595388923357202	0.9641654819745378	0.9637341968971631	0.9623254454398525	0.9650944193985853	0.961790912657349	0.9661242217766493	0.9632088932402262	0.9633473054379991	0.9656134388894327	0.9604587927122467	0.9645668886558127	0.9637589983343949	0.9641654819745378	0.9605076518188067
0.9643800380025918	0.9669774508698499	0.9629126661488505	0.9694966743226087	0.9675953480119607	0.9653131638670499	0.9641083799291359	0.9649165631266869	0.9636965377859668	0.9664744608114137	0.9677175192975653	0.9635580754110495	0.9641083799291359	0.9663474767363062	0.9655748742749042	0.9668524374575785	0.962856664043525	1.0	0.9663474767363062	0.9601964374728651	0.9662199900842835	0.965049307386415	0.9670766457517508	0.9681624432443137	0.9657049357344551	0.9659634927553531	0.9685600057034519	0.9675953480119607	0.9660919967942351	0.9958827709015249	0.9655748742749042	0.9948882742172588	0.9715099315862882	0.9672260325054419	0.9655004265612549
0.9644272479021333	0.9623086350743376	0.9635073501312552	0.9637589983343949	0.9636256925992291	0.9636463500481892	0.9620628367120787	0.9651388272938052	0.963191696291449	0.9652590556946471	0.963414264028978	0.9655294482754101	0.9647439192104429	0.9625923967008929	0.9653977457037184	0.9649509038230691	0.9645668886558127	0.9663474767363062	1.0	0.9607990196057357	0.9625231623605017	0.9627211651622083	0.9652302699105105	0.9660956148724091	0.9637137241472015	0.9652179431927218	0.964513656474594	0.9662224703633427	0.9623583944022318	0.9625459540179708	0.963859140997339	0.9637949773275081	0.9649509038230691	0.9636618172778022	0.9660399010880153
0.9572077747864183	0.9624974299815575	0.9638006127974739	0.9630024240113414	0.9613312575781859	0.9598457708789607	0.9672223085954661	0.9603089645675964	0.9619066865998681	0.9607990196057357	0.9650642442265586	0.9610826848552686	0.9619853444787744	0.9597283480209376	0.96172471356905	0.9623699298118334	0.961790912657349	0.9601964374728651	0.9607990196057357	1.0	0.9598135430678161	0.9557201613451182	0.9613506941186027	0.9631157043824106	0.9597072447755729	0.9609329104240404	0.9622419208610402	0.9588632465495533	0.9609329104240404	0.9584327412908674	0.9605598625994066	0.9578495583654227	0.9597072447755729	0.9611990247428646	0.9609808174810921
0.9585298583399121	0.9639213060939266	0.9597616483847987	0.9617340587091417	0.9619992565329807	0.9598135430678161	0.9592429734822074	0.9613348727267138	0.9992650118643126	0.9647803611774162	0.9641691020840351	0.9628231820249642	0.957161724177738	0.9602939911682745	0.9639213060939266	0.9635459914934035	0.9595388923357202	0.9662199900842835	0.9625231623605017	0.9598135430678161	1.0	0.9621310374508725	0.9646401680369516	0.9937923453210242	0.9650216479569933	0.9658521804919272	0.9635459914934035	0.9733446237411059	0.9632933230018033	0.9671155055569717	0.9635967934594177	0.9656170644355098	0.9646590355257769	0.9647803611774162	0.9939277635807203
0.9636088492349084	0.9617157557307215	0.9560807378765752	0.9642906277757319	0.9606777895378936	0.9612617809362449	0.9589158466688698	0.9619066865998681	0.963191696291449	0.962086732743422	0.9609404507911907	0.9626816941711083	0.9603742915524119	0.9605731077154042	0.961330447995169	0.9620463254125208	0.9641654819745378	0.965049307386415	0.9627211651622083	0.9557201613451182	0.9621310374508725	1.0	0.9662376044791458	0.9658097434763151	0.9618431692317917	0.9615878337944278	0.9639351905804473	0.9614593992804389	0.9629676704019814	0.9625971988420613	0.958465691247474	0.9616610172928323	0.9636521517807276	0.9653339536513744	0.9646738689419779
0.963580686837714	0.96419037461903	0.9547814326328545	0.9656658502315798	0.9672143865600564	0.9665197195720224	0.964936572232059	0.9646401680369516	0.9631157043824106	0.9662376044791458	0.9662376044791458	0.9647887116153034	0.9643410061230254	0.9666598560581663	0.964936572232059	0.9653761194168333	0.9637341968971631	0.9670766457517508	0.9652302699105105	0.9613506941186027	0.9646401680369516	0.9662376044791458	1.0	0.9644909350519384	0.9666598560581663	0.9644909350519384	0.9681624432443137	0.968028700473023	0.9673515414015733	0.9692128946366183	0.9677595402649056	0.9681624432443137	0.9704796814406278	0.9655213108540742	0.963271447868668
0.9631157043824106	0.9676241133048598	0.9580523194442555	0.9677595402649056	0.9659529964343662	0.9656658502315798	0.9647887116153034	0.9638869768804145	0.9915873871810383	0.9697255815366881	0.968822968883554	0.963426439573057	0.9643410061230254	0.9658097434763151	0.9663789708667065	0.9670766457517508	0.9623254454398525	0.9681624432443137	0.9660956148724091	0.9631157043824106	0.9937923453210242	0.9658097434763151	0.9644909350519384	1.0	0.9682956340420843	0.9677595402649056	0.9662376044791458	0.9737836877949481	0.9678944010569384	0.9710949412834707	0.9659529964343662	0.9701048296574318	0.9682956340420843	0.9673515414015733	0.9908628967955463
0.9640206539037904	0.9641611384172003	0.962306755702433	0.9646024094887405	0.9652573553918643	0.9660910467952215	0.9634694303038012	0.9631571675126096	0.9657465907204591	0.9645542855048586	0.9622331777732956	0.9655294482754101	0.9647439192104429	0.9649802666257014	0.9618706277156748	0.9658635600953037	0.9650944193985853	0.9657049357344551	0.9637137241472015	0.9597072447755729	0.9650216479569933	0.9618431692317917	0.9666598560581663	0.9682956340420843	1.0	0.9623636462190712	0.967632555091138	0.9661125348222019	0.9622401393571381	0.9632546075223309	0.9656379629768066	0.9635511625255233	0.9650664116049568	0.9647807836062833	0.96848584655467
0.9597994021682251	0.9638794800732967	0.9632113849571557	0.9655440333126594	0.9611407984703346	0.9603365325619204	0.9605206731797137	0.9611903108301799	0.9660040902758796	0.9811070727045724	0.9601197484242031	0.9631043001993778	0.9613238883856654	0.9588606748570978	0.9978145658578608	0.9631665525201004	0.961790912657349	0.9659634927553531	0.9652179431927218	0.9609329104240404	0.9658521804919272	0.9615878337944278	0.9644909350519384	0.9677595402649056	0.9623636462190712	1.0	0.9623636462190712	0.9621318354417334	0.961270628285837	0.9625459540179708	0.9634648117802317	0.9635511625255233	0.9625490385856523	0.9637653843629996	0.9681117648984294
0.9642922872585699	0.9628557206195087	0.9610594708573045	0.962700983003136	0.9660431629951797	0.9637670776302454	0.9641502744255962	0.9685401456857926	0.9640206539037904	0.9652590556946471	0.9631814979590164	0.9989880506303012	0.965220993156709	0.9702225189014252	0.9629351406139549	0.9667510563794506	0.9661242217766493	0.9685600057034519	0.964513656474594	0.9622419208610402	0.9635459914934035	0.9639351905804473	0.9681624432443137	0.9662376044791458	0.967632555091138	0.9623636462190712	1.0	0.9664412221025152	0.9616422333859572	0.9651815061201194	0.9656379629768066	0.9649870535775091	0.9666414473034162	0.9653259946285617	0.9669627685517705
0.9623407670845453	0.9676185130658753	0.9610594708573045	0.9648777965063141	0.9650292689864841	0.9630358094340005	0.9612472309614392	0.9651388272938052	0.972592825250601	0.9630966214781735	0.9623801608933227	0.9660444090297976	0.9611899430907592	0.9658171432512748	0.962256238483132	0.9650664116049568	0.9632088932402262	0.9675953480119607	0.9662224703633427	0.9588632465495533	0.9733446237411059	0.9614593992804389	0.968028700473023	0.9737836877949481	0.9661125348222019	0.9621318354417334	0.9664412221025152	1.0	0.9662224703633427	0.9648777965063141	0.9655141154413726	0.9633054827258032	0.9666414473034162	0.9665500434292025	0.9733137354072664
0.9636088492349084	0.9646363767041873	0.9616891792719048	0.9651815061201194	0.9647995537653441	0.9620341253965313	0.9609658685597309	0.9619066865998681	0.9653564375278734	0.963589895141477	0.9615030734393654	0.9635214152920779	0.9610554354712489	0.9616658675619552	0.9611407984703346	0.9660877373547068	0.9633473054379991	0.9660919967942351	0.9623583944022318	0.9609329104240404	0.9632933230018033	0.9629676704019814	0.9673515414015733	0.9678944010569384	0.9622401393571381	0.961270628285837	0.9616422333859572	0.9662224703633427	1.0	0.9612046428821747	0.9641193636648945	0.9616610172928323	0.9659758438205178	0.9783257513150745	0.9676061464646993
0.9656170644355098	0.9634873912602251	0.9639462462778486	0.9644020156707337	0.9651435143222152	0.9625388763440563	0.9614527290261113	0.9663951979526945	0.9679931938765522	0.9640757078385689	0.9634873912602251	0.9650061137784645	0.9621160136942478	0.9644920915764429	0.9618212943326899	0.9644846789509947	0.9656134388894327	0.9958827709015249	0.9625459540179708	0.9584327412908674	0.9671155055569717	0.9625971988420613	0.9692128946366183	0.9710949412834707	0.9632546075223309	0.9625459540179708	0.9651815061201194	0.9648777965063141	0.9612046428821747	1.0	0.966731662868635	0.9934499496405048	0.9687658201169984	0.9625459540179708	0.9683616337649937
0.9662595469713529	0.9642486890507256	0.961375871780016	0.9752893435502269	0.967557372533359	0.9616977573389209	0.9631992099414628	0.9624684812722376	0.9638839713283809	0.9650139031099781	0.9658842376483416	0.9625395797080659	0.9609913233105408	0.9635967934594177	0.9619760282295162	0.966731662868635	0.9604587927122467	0.9655748742749042	0.963859140997339	0.9605598625994066	0.9635967934594177	0.958465691247474	0.9677595402649056	0.9659529964343662	0.9656379629768066	0.9634648117802317	0.9656379629768066	0.9655141154413726	0.9641193636648945	0.966731662868635	1.0	0.9648876252736613	0.9664918076585416	0.9679048766715292	0.9641107869806556
0.9649614957443198	0.9636733012504594	0.9640912226638447	0.9645155141241132	0.9630579086899281	0.9625569574492001	0.9615309574572111	0.9650104500400855	0.9661320719195792	0.963467285249211	0.9633054827258032	0.9631043001993778	0.960920360706057	0.9642451961077777	0.9629334020064767	0.9652202559848446	0.9645668886558127	0.9948882742172588	0.9637949773275081	0.9578495583654227	0.9656170644355098	0.9616610172928323	0.9681624432443137	0.9701048296574318	0.9635511625255233	0.9635511625255233	0.9649870535775091	0.9633054827258032	0.9616610172928323	0.9934499496405048	0.9648876252736613	1.0	0.9686343352553681	0.9637949773275081	0.9674784937610301
0.9660040902758796	0.9661992434450691	0.9624593093946151	0.9696779982199684	0.9641305191891837	0.9638873532172116	0.963892225755799	0.9710885957202028	0.9661320719195792	0.9645542855048586	0.9636521517807276	0.9647412189303515	0.9630160916591447	0.972024542856262	0.9632886424922795	0.9656378109351557	0.9637589983343949	0.9715099315862882	0.9649509038230691	0.9597072447755729	0.9646590355257769	0.9636521517807276	0.9704796814406278	0.9682956340420843	0.9650664116049568	0.9625490385856523	0.9666414473034162	0.9666414473034162	0.9659758438205178	0.9687658201169984	0.9664918076585416	0.9686343352553681	1.0	0.9680380953631182	0.9677332959368459
0.9646954813092545	0.9688071518123076	0.962306755702433	0.9674189478104305	0.9651435143222152	0.9637670776302454	0.9609658685597309	0.9650104500400855	0.9654870148104944	0.9654905892753943	0.962947032023143	0.9642047913033562	0.9619853444787744	0.9649802666257014	0.9634332708165101	0.9688684545793299	0.9641654819745378	0.9672260325054419	0.9636618172778022	0.9611990247428646	0.9647803611774162	0.9653339536513744	0.9655213108540742	0.9673515414015733	0.9647807836062833	0.9637653843629996	0.9653259946285617	0.9665500434292025	0.9783257513150745	0.9625459540179708	0.9679048766715292	0.9637949773275081	0.9680380953631182	1.0	0.9670924753472568
0.9601882782032846	0.9639684615498981	0.9569964157753166	0.9650898023478449	0.9648131119380395	0.9643935608246231	0.9650898023478449	0.9625094039490492	0.9928276657672302	0.9690998423560682	0.9673503337594379	0.9626583303372965	0.9629541255747556	0.9639684615498981	0.9679861012081512	0.9636819052843639	0.9605076518188067	0.9655004265612549	0.9660399010880153	0.9609808174810921	0.9939277635807203	0.9646738689419779	0.963271447868668	0.9908628967955463	0.96848584655467	0.9681117648984294	0.9669627685517705	0.9733137354072664	0.9676061464646993	0.9683616337649937	0.9641107869806556	0.9674784937610301	0.9677332959368459	0.9670924753472568	1.0
