/home/jshaw/scratch/2022_sketched_distance/references/SGB_genome_fastas_part4/6604/Bengtsson-PalmeJ_2015__TRAVELRES39__bin.39.fa	/home/jshaw/scratch/2022_sketched_distance/references/SGB_genome_fastas_part4/6604/Bengtsson-PalmeJ_2015__TRAVELRES40__bin.82.fa	/home/jshaw/scratch/2022_sketched_distance/references/SGB_genome_fastas_part4/6604/BritoIL_2016__M1.1.ST__bin.12.fa	/home/jshaw/scratch/2022_sketched_distance/references/SGB_genome_fastas_part4/6604/BritoIL_2016__M1.3.ST__bin.28.fa	/home/jshaw/scratch/2022_sketched_distance/references/SGB_genome_fastas_part4/6604/CosteaPI_2017__SID713B072-11-0-0__bin.99.fa	/home/jshaw/scratch/2022_sketched_distance/references/SGB_genome_fastas_part4/6604/CosteaPI_2017__SID713B072-11-90-0__bin.36.fa	/home/jshaw/scratch/2022_sketched_distance/references/SGB_genome_fastas_part4/6604/KarlssonFH_2013__S643__bin.3.fa	/home/jshaw/scratch/2022_sketched_distance/references/SGB_genome_fastas_part4/6604/LeChatelierE_2013__MH0079__bin.18.fa	/home/jshaw/scratch/2022_sketched_distance/references/SGB_genome_fastas_part4/6604/LeChatelierE_2013__MH0124__bin.52.fa	/home/jshaw/scratch/2022_sketched_distance/references/SGB_genome_fastas_part4/6604/LeChatelierE_2013__MH0447__bin.108.fa	/home/jshaw/scratch/2022_sketched_distance/references/SGB_genome_fastas_part4/6604/LiJ_2014__MH0385__bin.62.fa	/home/jshaw/scratch/2022_sketched_distance/references/SGB_genome_fastas_part4/6604/LiJ_2014__MH0402__bin.66.fa	/home/jshaw/scratch/2022_sketched_distance/references/SGB_genome_fastas_part4/6604/LiJ_2014__O2.UC28-0__bin.25.fa	/home/jshaw/scratch/2022_sketched_distance/references/SGB_genome_fastas_part4/6604/NielsenHB_2014__MH0079__bin.2.fa	/home/jshaw/scratch/2022_sketched_distance/references/SGB_genome_fastas_part4/6604/NielsenHB_2014__MH0124__bin.40.fa	/home/jshaw/scratch/2022_sketched_distance/references/SGB_genome_fastas_part4/6604/NielsenHB_2014__MH0174__bin.35.fa	/home/jshaw/scratch/2022_sketched_distance/references/SGB_genome_fastas_part4/6604/Obregon-TitoAJ_2015__SM20__bin.28.fa	/home/jshaw/scratch/2022_sketched_distance/references/SGB_genome_fastas_part4/6604/VogtmannE_2016__MMRS33294861ST-27-0-0__bin.30.fa	/home/jshaw/scratch/2022_sketched_distance/references/SGB_genome_fastas_part4/6604/XieH_2016__YSZC12003_35740__bin.87.fa	/home/jshaw/scratch/2022_sketched_distance/references/SGB_genome_fastas_part4/6604/XieH_2016__YSZC12003_37101__bin.85.fa	/home/jshaw/scratch/2022_sketched_distance/references/SGB_genome_fastas_part4/6604/ZeeviD_2015__PNP_Main_131__bin.53.fa	/home/jshaw/scratch/2022_sketched_distance/references/SGB_genome_fastas_part4/6604/ZeeviD_2015__PNP_Main_132__bin.25.fa	/home/jshaw/scratch/2022_sketched_distance/references/SGB_genome_fastas_part4/6604/ZeeviD_2015__PNP_Main_133__bin.23.fa	/home/jshaw/scratch/2022_sketched_distance/references/SGB_genome_fastas_part4/6604/ZeeviD_2015__PNP_Main_215__bin.47.fa	/home/jshaw/scratch/2022_sketched_distance/references/SGB_genome_fastas_part4/6604/ZeeviD_2015__PNP_Main_473__bin.19.fa	/home/jshaw/scratch/2022_sketched_distance/references/SGB_genome_fastas_part4/6604/ZeeviD_2015__PNP_Main_519__bin.3.fa	/home/jshaw/scratch/2022_sketched_distance/references/SGB_genome_fastas_part4/6604/ZeeviD_2015__PNP_Main_553__bin.1.fa	/home/jshaw/scratch/2022_sketched_distance/references/SGB_genome_fastas_part4/6604/ZeeviD_2015__PNP_Main_643__bin.33.fa	/home/jshaw/scratch/2022_sketched_distance/references/SGB_genome_fastas_part4/6604/ZeeviD_2015__PNP_Main_666__bin.31.fa	/home/jshaw/scratch/2022_sketched_distance/references/SGB_genome_fastas_part4/6604/ZeeviD_2015__PNP_Main_694__bin.34.fa	/home/jshaw/scratch/2022_sketched_distance/references/SGB_genome_fastas_part4/6604/ZeeviD_2015__PNP_Validation_33__bin.10.fa
1.0	0.9926484036818646	0.9852354486261347	0.9832974865600688	0.9833234566697373	0.9838040941215611	0.9863067971120348	0.9895930219394642	0.9859359100746684	0.9831741469448697	0.9836896202683129	0.981377007124823	0.9822135828399413	0.9894555463422593	0.9839846334188614	0.9840498130948665	0.985485578740479	0.9782394904736804	0.9836249571870159	0.9853916780674463	0.9799321313754364	0.98522051741347	0.9849926895721572	0.9765718766590393	0.9843755054924449	0.9838663771804166	0.9839237595627575	0.9835212766530704	0.984856525791565	0.984154743455464	0.9767389837149996
0.9926484036818646	1.0	0.9766886920850878	0.9741634423803259	0.9744372475370089	0.9754675843793429	0.9782291635054406	0.9810860083964177	0.9778683736845133	0.9730034821705904	0.9747724715885785	0.9708272877432159	0.9731885107239167	0.9809442314460662	0.9759318784263301	0.9753600362218664	0.9758891851857843	0.968047389444927	0.9744431535569418	0.9771686409370522	0.9660881131634341	0.9762915271924074	0.9765088433184755	0.9682605049517774	0.9755335446217038	0.975470468736233	0.9761492409752094	0.9746728444809515	0.9758817916130257	0.9755042975931625	0.9658523626528144
0.9852354486261347	0.9766886920850878	1.0	0.9867462982601105	0.9865670217833573	0.9870662352727235	0.9868607455456132	0.9855256106270434	0.9886508618288524	0.9868052105587273	0.9862716558911655	0.9850307412831222	0.9848464146431872	0.9857459737841682	0.9872626848528988	0.9880219738957371	0.9826789103185194	0.982162993780903	0.9863606693589724	0.9874219339439034	0.9798279312239745	0.9842261917017694	0.9892965336254552	0.9788088544778338	0.9876986934669296	0.9883742086644598	0.9878731304262501	0.9868163535487898	0.9880352478029684	0.986875269519297	0.9789997318165873
0.9832974865600688	0.9741634423803259	0.9867462982601105	1.0	0.9876628433624939	0.98748421626978	0.9876086200769125	0.9852671655008151	0.9887677618171293	0.9899789894324296	0.9884278542098693	0.9867201343790716	0.9866077344900901	0.9859750187050015	0.9880438029072961	0.9870714986715606	0.9813531542639281	0.9832074271876161	0.987791854320669	0.9877700241724694	0.9776860218354404	0.9822666647189292	0.9889559688198367	0.9843793870236703	0.9880005317503945	0.992239554904882	0.9917837735116869	0.9881087365771921	0.9895470908906158	0.9885333075331241	0.9801630286263399
0.9833234566697373	0.9744372475370089	0.9865670217833573	0.9876628433624939	1.0	0.9980378870325842	0.9867326793817361	0.9849178213690705	0.9885130752262099	0.9893372346418786	0.9891438652383208	0.9880945401516944	0.9836758297380022	0.9854632029301166	0.9879147393366213	0.9882296954277074	0.9818133738092707	0.9824306003022867	0.9877581126191752	0.9876748265580483	0.9762313220053249	0.9816144929303982	0.9875245533711549	0.9809717006151741	0.9864816318998136	0.9873665890146857	0.9872177424082205	0.9880736676714101	0.9870496229458672	0.9883355868588468	0.9811057846507643
0.9838040941215611	0.9754675843793429	0.9870662352727235	0.98748421626978	0.9980378870325842	1.0	0.9868333834805814	0.9849487809098905	0.9889502748256076	0.9882440314508797	0.9880327838042939	0.9869936558702966	0.9842401694843645	0.9851913001853436	0.9883087048858681	0.9889559688198367	0.980943627046888	0.9810542790834031	0.9873144905600457	0.9885632572453658	0.9767922453239725	0.9817431934474157	0.9883045704534771	0.9798051729587189	0.9868944506576436	0.9876160509635775	0.9877929221511538	0.9883099464698522	0.9875341165254392	0.9885885398882053	0.981342230633825
0.9863067971120348	0.9782291635054406	0.9868607455456132	0.9876086200769125	0.9867326793817361	0.9868333834805814	1.0	0.9875350365952411	0.9886784081902681	0.9873127473628577	0.9868879486219094	0.9855343803962578	0.9862289424894068	0.9874157030005708	0.987236542298864	0.9866987845385375	0.9823675121735407	0.9822934433377882	0.9875346660268421	0.9870585443304677	0.9786369554747991	0.9844730692408021	0.9880060818883004	0.9798467642614396	0.9875171750823296	0.9880770717710609	0.9883262434517309	0.9873621583073727	0.9877449218099656	0.9875222978683129	0.9788012235184906
0.9895930219394642	0.9810860083964177	0.9855256106270434	0.9852671655008151	0.9849178213690705	0.9849487809098905	0.9875350365952411	1.0	0.9871561958459327	0.9853545280115305	0.9852269000047407	0.9838853967421743	0.9836890633221598	0.9983813193183957	0.9865413971561431	0.9855285330148623	0.9846101687173527	0.980109778322442	0.9854957491652147	0.9849118192582856	0.9787840566545866	0.9848170461130823	0.9855432203576028	0.9779018605199604	0.9859140568453774	0.985692515565202	0.9862039417544345	0.9857195721416493	0.9868807949272063	0.9855477141565697	0.9768184531163241
0.9859359100746684	0.9778683736845133	0.9886508618288524	0.9887677618171293	0.9885130752262099	0.9889502748256076	0.9886784081902681	0.9871561958459327	1.0	0.9892915090782567	0.9881098618867855	0.9874620669146724	0.9873283046551796	0.9869951602532245	0.9979129114409158	0.9904992158112341	0.9815512017842346	0.9826497524495241	0.9889603561888436	0.9894579319045222	0.9790910217412938	0.984472380308204	0.9893822687512824	0.9801151922581853	0.9884346714149143	0.9895698243793611	0.9899308684933817	0.9898794464770717	0.9889596990222833	0.9897899281366951	0.9810863989963627
0.9831741469448697	0.9730034821705904	0.9868052105587273	0.9899789894324296	0.9893372346418786	0.9882440314508797	0.9873127473628577	0.9853545280115305	0.9892915090782567	1.0	0.9888058703152693	0.9887172725067862	0.9850608002462907	0.9863109298723941	0.9888574631769267	0.9876456830596849	0.9821989453305947	0.9837031350645068	0.9884599215349114	0.9869828304512259	0.9788430241257932	0.9832613275691102	0.9879381319075483	0.9828748499591707	0.9873144905600457	0.9910503663249377	0.9900929726981238	0.9894653650598958	0.9878914594652918	0.9880535167102784	0.9800188690742966
0.9836896202683129	0.9747724715885785	0.9862716558911655	0.9884278542098693	0.9891438652383208	0.9880327838042939	0.9868879486219094	0.9852269000047407	0.9881098618867855	0.9888058703152693	1.0	0.9908559069920021	0.9839638627998619	0.9859872398612198	0.9871736755405761	0.9868028702469861	0.9818378361895068	0.9826748388080033	0.9875603739479608	0.9892115394218105	0.97639200105372	0.9816680490475346	0.9881916610825844	0.9823059350675267	0.9858776488466622	0.9879381319075483	0.9876609364216871	0.9868704576524316	0.9868342066905101	0.9909746398908272	0.9833288618639078
0.981377007124823	0.9708272877432159	0.9850307412831222	0.9867201343790716	0.9880945401516944	0.9869936558702966	0.9855343803962578	0.9838853967421743	0.9874620669146724	0.9887172725067862	0.9908559069920021	1.0	0.98256579616862	0.9845258808512989	0.9874715852300532	0.9871578008121078	0.9812350108003315	0.9833749369062746	0.9862184991030496	0.9885501608701481	0.9752807087304303	0.9798819432588226	0.9865783640106747	0.9824055609679685	0.984936937793802	0.9868982688943199	0.986056721083996	0.9862693161546582	0.986185226882981	0.9916816863705273	0.9843238517578528
0.9822135828399413	0.9731885107239167	0.9848464146431872	0.9866077344900901	0.9836758297380022	0.9842401694843645	0.9862289424894068	0.9836890633221598	0.9873283046551796	0.9850608002462907	0.9839638627998619	0.98256579616862	1.0	0.9840780389880712	0.9863380488481397	0.984388619418104	0.9788724952525385	0.9797944806039016	0.9846718734133189	0.9849037175490502	0.9770367943651452	0.9813476967322617	0.986779977036357	0.9783625986598157	0.9859778338588687	0.9862845027935059	0.9869836348474661	0.9854768710811196	0.9869515452887622	0.9852606414435963	0.9782670002339571
0.9894555463422593	0.9809442314460662	0.9857459737841682	0.9859750187050015	0.9854632029301166	0.9851913001853436	0.9874157030005708	0.9983813193183957	0.9869951602532245	0.9863109298723941	0.9859872398612198	0.9845258808512989	0.9840780389880712	1.0	0.9864127027866816	0.9858199489317365	0.9851340060992623	0.9806972973839759	0.9857369689036187	0.9850471446602377	0.9790643650982406	0.9853010562111032	0.9858031169992725	0.979118931775682	0.9862119364166848	0.9858928733880812	0.986460767644985	0.9860507608126214	0.9869296995086753	0.9857753463419164	0.977645863881821
0.9839846334188614	0.9759318784263301	0.9872626848528988	0.9880438029072961	0.9879147393366213	0.9883087048858681	0.987236542298864	0.9865413971561431	0.9979129114409158	0.9888574631769267	0.9871736755405761	0.9874715852300532	0.9863380488481397	0.9864127027866816	1.0	0.9892250152391521	0.9805210683645421	0.9815734229281075	0.988221277801141	0.9878486717691524	0.97641017140727	0.9827425353317376	0.9879470164668075	0.9794369483425204	0.9870947095027085	0.9886057152562275	0.9892611038301888	0.989283794006277	0.9881737589079727	0.9891863396302658	0.9798876765610082
0.9840498130948665	0.9753600362218664	0.9880219738957371	0.9870714986715606	0.9882296954277074	0.9889559688198367	0.9866987845385375	0.9855285330148623	0.9904992158112341	0.9876456830596849	0.9868028702469861	0.9871578008121078	0.984388619418104	0.9858199489317365	0.9892250152391521	1.0	0.9812493714899055	0.9812708793946232	0.987362179656545	0.9888441546113252	0.9776814045769157	0.9821388668984089	0.9880061997951541	0.9792866277622567	0.9870353603567861	0.9886349864643933	0.9882531731011873	0.9876571902498589	0.9871488442949926	0.987692137293813	0.9798876765610082
0.985485578740479	0.9758891851857843	0.9826789103185194	0.9813531542639281	0.9818133738092707	0.980943627046888	0.9823675121735407	0.9846101687173527	0.9815512017842346	0.9821989453305947	0.9818378361895068	0.9812350108003315	0.9788724952525385	0.9851340060992623	0.9805210683645421	0.9812493714899055	1.0	0.977231952414772	0.9809760183648559	0.980844764430032	0.9782138594529132	0.9825774469163193	0.9822948035707265	0.9757860724542011	0.981283727671378	0.9812263139510154	0.9815166032765213	0.9800054421011404	0.9815432461766789	0.9817243427008716	0.9744054414446185
0.9782394904736804	0.968047389444927	0.982162993780903	0.9832074271876161	0.9824306003022867	0.9810542790834031	0.9822934433377882	0.980109778322442	0.9826497524495241	0.9837031350645068	0.9826748388080033	0.9833749369062746	0.9797944806039016	0.9806972973839759	0.9815734229281075	0.9812708793946232	0.977231952414772	1.0	0.9814775364988372	0.9821948946049027	0.9741306070725302	0.9773672619367909	0.9840280675867982	0.9783055595514004	0.9823098164258901	0.9828807423121485	0.9821098413070289	0.9808700114824179	0.9832688304963448	0.9819874339357598	0.9749133164103219
0.9836249571870159	0.9744431535569418	0.9863606693589724	0.987791854320669	0.9877581126191752	0.9873144905600457	0.9875346660268421	0.9854957491652147	0.9889603561888436	0.9884599215349114	0.9875603739479608	0.9862184991030496	0.9846718734133189	0.9857369689036187	0.988221277801141	0.987362179656545	0.9809760183648559	0.9814775364988372	1.0	0.9862208645537727	0.9762410682278572	0.9818861926847732	0.9878993409293421	0.981200417935818	0.987048126685608	0.9880039081651464	0.9882603639550774	0.9877156116745287	0.9879186059430362	0.9883904340730417	0.9791864634532208
0.9853916780674463	0.9771686409370522	0.9874219339439034	0.9877700241724694	0.9876748265580483	0.9885632572453658	0.9870585443304677	0.9849118192582856	0.9894579319045222	0.9869828304512259	0.9892115394218105	0.9885501608701481	0.9849037175490502	0.9850471446602377	0.9878486717691524	0.9888441546113252	0.980844764430032	0.9821948946049027	0.9862208645537727	1.0	0.9783695645534979	0.9827980415737791	0.9901490113078752	0.9799958458938306	0.9870454574530774	0.9887996546948664	0.9875974673039762	0.9868526591141867	0.9874050616657749	0.9903659147295321	0.9828303612981958
0.9799321313754364	0.9660881131634341	0.9798279312239745	0.9776860218354404	0.9762313220053249	0.9767922453239725	0.9786369554747991	0.9787840566545866	0.9790910217412938	0.9788430241257932	0.97639200105372	0.9752807087304303	0.9770367943651452	0.9790643650982406	0.97641017140727	0.9776814045769157	0.9782138594529132	0.9741306070725302	0.9762410682278572	0.9783695645534979	1.0	0.9932427911534661	0.9792435358240076	0.9692934358707971	0.9791739639178254	0.978840978195348	0.97816046272398	0.9771099231576477	0.9780743854087895	0.9763830409912255	0.9742569048594409
0.98522051741347	0.9762915271924074	0.9842261917017694	0.9822666647189292	0.9816144929303982	0.9817431934474157	0.9844730692408021	0.9848170461130823	0.984472380308204	0.9832613275691102	0.9816680490475346	0.9798819432588226	0.9813476967322617	0.9853010562111032	0.9827425353317376	0.9821388668984089	0.9825774469163193	0.9773672619367909	0.9818861926847732	0.9827980415737791	0.9932427911534661	1.0	0.9839893677564062	0.974752197866041	0.9844271468394027	0.9838655562874064	0.983356054942695	0.9836567776983505	0.9840375677461937	0.9825027543029693	0.9741801444251308
0.9849926895721572	0.9765088433184755	0.9892965336254552	0.9889559688198367	0.9875245533711549	0.9883045704534771	0.9880060818883004	0.9855432203576028	0.9893822687512824	0.9879381319075483	0.9881916610825844	0.9865783640106747	0.986779977036357	0.9858031169992725	0.9879470164668075	0.9880061997951541	0.9822948035707265	0.9840280675867982	0.9878993409293421	0.9901490113078752	0.9792435358240076	0.9839893677564062	1.0	0.9809921308163937	0.9897723965718768	0.9904061728824483	0.9898428187349403	0.9876501045835071	0.9903607482050215	0.9893011481849336	0.9816737879790216
0.9765718766590393	0.9682605049517774	0.9788088544778338	0.9843793870236703	0.9809717006151741	0.9798051729587189	0.9798467642614396	0.9779018605199604	0.9801151922581853	0.9828748499591707	0.9823059350675267	0.9824055609679685	0.9783625986598157	0.979118931775682	0.9794369483425204	0.9792866277622567	0.9757860724542011	0.9783055595514004	0.981200417935818	0.9799958458938306	0.9692934358707971	0.974752197866041	0.9809921308163937	1.0	0.9797244856382217	0.9825751722438463	0.9827202116759673	0.9797749449808619	0.9821700667778889	0.9810203428059951	0.9732349737036474
0.9843755054924449	0.9755335446217038	0.9876986934669296	0.9880005317503945	0.9864816318998136	0.9868944506576436	0.9875171750823296	0.9859140568453774	0.9884346714149143	0.9873144905600457	0.9858776488466622	0.984936937793802	0.9859778338588687	0.9862119364166848	0.9870947095027085	0.9870353603567861	0.981283727671378	0.9823098164258901	0.987048126685608	0.9870454574530774	0.9791739639178254	0.9844271468394027	0.9897723965718768	0.9797244856382217	1.0	0.989656347215049	0.9893394759099023	0.9883752812031695	0.9908936261492641	0.9878053140649671	0.9795218899640827
0.9838663771804166	0.975470468736233	0.9883742086644598	0.992239554904882	0.9873665890146857	0.9876160509635775	0.9880770717710609	0.985692515565202	0.9895698243793611	0.9910503663249377	0.9879381319075483	0.9868982688943199	0.9862845027935059	0.9858928733880812	0.9886057152562275	0.9886349864643933	0.9812263139510154	0.9828807423121485	0.9880039081651464	0.9887996546948664	0.978840978195348	0.9838655562874064	0.9904061728824483	0.9825751722438463	0.989656347215049	1.0	0.9928913603050598	0.989417886855399	0.9914405947544401	0.9888840958539017	0.9790537273810364
0.9839237595627575	0.9761492409752094	0.9878731304262501	0.9917837735116869	0.9872177424082205	0.9877929221511538	0.9883262434517309	0.9862039417544345	0.9899308684933817	0.9900929726981238	0.9876609364216871	0.986056721083996	0.9869836348474661	0.986460767644985	0.9892611038301888	0.9882531731011873	0.9815166032765213	0.9821098413070289	0.9882603639550774	0.9875974673039762	0.97816046272398	0.983356054942695	0.9898428187349403	0.9827202116759673	0.9893394759099023	0.9928913603050598	1.0	0.9894671770637572	0.9929549746551677	0.9888359622786548	0.9797838661459994
0.9835212766530704	0.9746728444809515	0.9868163535487898	0.9881087365771921	0.9880736676714101	0.9883099464698522	0.9873621583073727	0.9857195721416493	0.9898794464770717	0.9894653650598958	0.9868704576524316	0.9862693161546582	0.9854768710811196	0.9860507608126214	0.989283794006277	0.9876571902498589	0.9800054421011404	0.9808700114824179	0.9877156116745287	0.9868526591141867	0.9771099231576477	0.9836567776983505	0.9876501045835071	0.9797749449808619	0.9883752812031695	0.989417886855399	0.9894671770637572	1.0	0.9897412746905778	0.9885222840283838	0.9796081418805989
0.984856525791565	0.9758817916130257	0.9880352478029684	0.9895470908906158	0.9870496229458672	0.9875341165254392	0.9877449218099656	0.9868807949272063	0.9889596990222833	0.9878914594652918	0.9868342066905101	0.986185226882981	0.9869515452887622	0.9869296995086753	0.9881737589079727	0.9871488442949926	0.9815432461766789	0.9832688304963448	0.9879186059430362	0.9874050616657749	0.9780743854087895	0.9840375677461937	0.9903607482050215	0.9821700667778889	0.9908936261492641	0.9914405947544401	0.9929549746551677	0.9897412746905778	1.0	0.9887770747543588	0.9794374856766681
0.984154743455464	0.9755042975931625	0.986875269519297	0.9885333075331241	0.9883355868588468	0.9885885398882053	0.9875222978683129	0.9855477141565697	0.9897899281366951	0.9880535167102784	0.9909746398908272	0.9916816863705273	0.9852606414435963	0.9857753463419164	0.9891863396302658	0.987692137293813	0.9817243427008716	0.9819874339357598	0.9883904340730417	0.9903659147295321	0.9763830409912255	0.9825027543029693	0.9893011481849336	0.9810203428059951	0.9878053140649671	0.9888840958539017	0.9888359622786548	0.9885222840283838	0.9887770747543588	1.0	0.9899561143760157
0.9767389837149996	0.9658523626528144	0.9789997318165873	0.9801630286263399	0.9811057846507643	0.981342230633825	0.9788012235184906	0.9768184531163241	0.9810863989963627	0.9800188690742966	0.9833288618639078	0.9843238517578528	0.9782670002339571	0.977645863881821	0.9798876765610082	0.9798876765610082	0.9744054414446185	0.9749133164103219	0.9791864634532208	0.9828303612981958	0.9742569048594409	0.9741801444251308	0.9816737879790216	0.9732349737036474	0.9795218899640827	0.9790537273810364	0.9797838661459994	0.9796081418805989	0.9794374856766681	0.9899561143760157	1.0
