/home/jshaw/scratch/2022_sketched_distance/references/SGB_genome_fastas_part4/9205/Bengtsson-PalmeJ_2015__TRAVELRES16__bin.106.fa	/home/jshaw/scratch/2022_sketched_distance/references/SGB_genome_fastas_part4/9205/Bengtsson-PalmeJ_2015__TRAVELRES1__bin.66.fa	/home/jshaw/scratch/2022_sketched_distance/references/SGB_genome_fastas_part4/9205/Bengtsson-PalmeJ_2015__TRAVELRES2__bin.125.fa	/home/jshaw/scratch/2022_sketched_distance/references/SGB_genome_fastas_part4/9205/CM_madagascar__A08_01_1FE__bin.40.fa	/home/jshaw/scratch/2022_sketched_distance/references/SGB_genome_fastas_part4/9205/CM_madagascar__A81_03_1FE__bin.39.fa	/home/jshaw/scratch/2022_sketched_distance/references/SGB_genome_fastas_part4/9205/CM_madagascar__A92_01_1FE__bin.26.fa	/home/jshaw/scratch/2022_sketched_distance/references/SGB_genome_fastas_part4/9205/CM_madagascar__V18_02_1FE__bin.25.fa	/home/jshaw/scratch/2022_sketched_distance/references/SGB_genome_fastas_part4/9205/CosteaPI_2017__SID713A005-11-0-0__bin.24.fa	/home/jshaw/scratch/2022_sketched_distance/references/SGB_genome_fastas_part4/9205/CosteaPI_2017__SID713B033-11-0-0__bin.38.fa	/home/jshaw/scratch/2022_sketched_distance/references/SGB_genome_fastas_part4/9205/LeChatelierE_2013__MH0193__bin.19.fa	/home/jshaw/scratch/2022_sketched_distance/references/SGB_genome_fastas_part4/9205/LeChatelierE_2013__MH0206__bin.92.fa	/home/jshaw/scratch/2022_sketched_distance/references/SGB_genome_fastas_part4/9205/LeChatelierE_2013__MH0426__bin.90.fa	/home/jshaw/scratch/2022_sketched_distance/references/SGB_genome_fastas_part4/9205/LeChatelierE_2013__MH0431__bin.56.fa	/home/jshaw/scratch/2022_sketched_distance/references/SGB_genome_fastas_part4/9205/LiJ_2014__MH0385__bin.27.fa	/home/jshaw/scratch/2022_sketched_distance/references/SGB_genome_fastas_part4/9205/LiJ_2014__MH0390__bin.69.fa	/home/jshaw/scratch/2022_sketched_distance/references/SGB_genome_fastas_part4/9205/LiJ_2014__O2.UC29-1__bin.33.fa	/home/jshaw/scratch/2022_sketched_distance/references/SGB_genome_fastas_part4/9205/LiuW_2016__SRR3992961__bin.131.fa	/home/jshaw/scratch/2022_sketched_distance/references/SGB_genome_fastas_part4/9205/LiuW_2016__SRR3992993__bin.34.fa	/home/jshaw/scratch/2022_sketched_distance/references/SGB_genome_fastas_part4/9205/LiuW_2016__SRR3993051__bin.12.fa	/home/jshaw/scratch/2022_sketched_distance/references/SGB_genome_fastas_part4/9205/QinN_2014__HD-18__bin.42.fa	/home/jshaw/scratch/2022_sketched_distance/references/SGB_genome_fastas_part4/9205/RampelliS_2015__H21__bin.29.fa	/home/jshaw/scratch/2022_sketched_distance/references/SGB_genome_fastas_part4/9205/RaymondF_2016__P14E90__bin.90.fa	/home/jshaw/scratch/2022_sketched_distance/references/SGB_genome_fastas_part4/9205/XieH_2016__YSZC12003_35980__bin.31.fa	/home/jshaw/scratch/2022_sketched_distance/references/SGB_genome_fastas_part4/9205/ZeeviD_2015__PNP_Main_469__bin.24.fa	/home/jshaw/scratch/2022_sketched_distance/references/SGB_genome_fastas_part4/9205/ZeeviD_2015__PNP_Main_574__bin.40.fa	/home/jshaw/scratch/2022_sketched_distance/references/SGB_genome_fastas_part4/9205/ZeeviD_2015__PNP_Validation_13__bin.64.fa	/home/jshaw/scratch/2022_sketched_distance/references/SGB_genome_fastas_part4/9205/ZellerG_2014__CCMD86114146ST-21-0__bin.46.fa
1.0	0.9890386358476847	0.9845500478071968	0.9875632749498454	0.9857397765980455	0.9919668114083173	0.9880493143212835	0.9919562238779045	0.991577824359763	0.9873321823957548	0.9852762712615769	0.9872415857184158	0.985223644782875	0.9918594486633502	0.9939401593554525	0.9848350852351256	0.9914427629019067	0.987268000302048	0.9901937417336062	0.9933248624104801	0.9905969416085897	0.9867113694545707	0.9928429974084696	0.9864611047988457	0.9916014156514855	0.9931828179625918	0.9881856163744865
0.9890386358476847	1.0	0.9994059322195559	0.9874772197299732	0.988007889899183	0.9891195868596617	0.9867989599342948	0.9895342366170384	0.9884450819571907	0.9870555454934619	0.9868269736361795	0.9865064432259271	0.9862317941338399	0.9880335421331281	0.9881731757940599	0.9859505303532431	0.9884007819601052	0.9880307797869591	0.9892823280408609	0.9883975261510674	0.9862944906026281	0.9864889215423955	0.9889806260088919	0.9863986507677516	0.9884219556483222	0.9885278283078303	0.9867702737633112
0.9845500478071968	0.9994059322195559	1.0	0.9846393899756505	0.9745872969118151	0.9802800551556254	0.9858867876186261	0.9858653067308568	0.984661687569128	0.9821854797604063	0.9791655729625215	0.9811351268493779	0.9832962619020887	0.9790863801699154	0.9865037041196071	0.9833659004754911	0.9832730161265364	0.9778473828687678	0.9823533218232144	0.9852799496287044	0.9866299094495463	0.9739746377984803	0.9865037041196071	0.9796367370640293	0.9817742444484446	0.9740672767772065	0.973695124087068
0.9875632749498454	0.9874772197299732	0.9846393899756505	1.0	0.9872156789278016	0.9871173201424056	0.9974154013858877	0.9878114679824079	0.9862511531585915	0.9856697943609593	0.9909007862671722	0.9852857054948201	0.993090249718026	0.985004340025266	0.9870024577204135	0.9892355195157775	0.9869323098227258	0.9875849428827308	0.9878975955920998	0.9866152981910521	0.985595560659537	0.9838508488128571	0.9871278014944275	0.9843746528503817	0.9864102683352737	0.9870844335355843	0.9851396514991685
0.9857397765980455	0.988007889899183	0.9745872969118151	0.9872156789278016	1.0	0.9822167270532352	0.9877984905767142	0.9861011882846715	0.9848040820980393	0.9831978570515884	0.9799287366006382	0.9817938308308023	0.9851758777976722	0.9753683394292099	0.9876801156116065	0.9843989205799804	0.9863353653000636	0.9801284035258142	0.9852468968495285	0.9866631541876755	0.9862941609706382	0.9750864875469333	0.9871755634238192	0.9756169445249673	0.9821855880745067	0.9765015059279951	0.9758535379146271
0.9919668114083173	0.9891195868596617	0.9802800551556254	0.9871173201424056	0.9822167270532352	1.0	0.9877342806009987	0.9911911619605238	0.9930827695263774	0.9852670886595817	0.9804865874893046	0.9846513159667724	0.9846885898378959	0.9897085172406109	0.9936931645935627	0.9840617625975121	0.9930346051041369	0.983038460232806	0.9883732131706757	0.9920662228979732	0.9901453337317168	0.9823665072050021	0.992460907327514	0.9822601249424463	0.9902713386460043	0.9865938769329963	0.983085778938476
0.9880493143212835	0.9867989599342948	0.9858867876186261	0.9974154013858877	0.9877984905767142	0.9877342806009987	1.0	0.9885329329894069	0.9870872871944691	0.9865169232816976	0.9913936695420784	0.985901742214691	0.9941425609187869	0.9859400066506394	0.9870400311319133	0.9900856586226838	0.9873896450292536	0.9880786187936571	0.9883966384704214	0.987087065888876	0.9846149827665666	0.9843990928275798	0.987785382714575	0.9848761007866428	0.9871832848609299	0.9877851635529539	0.9857569263009723
0.9919562238779045	0.9895342366170384	0.9858653067308568	0.9878114679824079	0.9861011882846715	0.9911911619605238	0.9885329329894069	1.0	0.9907171450707031	0.9879618388566139	0.9860357505301341	0.9876620616435785	0.9855791235362165	0.9910441233842685	0.9933116519535252	0.9850943395295456	0.9907262931357812	0.9874999119642894	0.989780782455435	0.9920090573076472	0.9916374379434962	0.9867430252598547	0.994467051409553	0.9871648226053579	0.9908273628884728	0.9906604237954834	0.9888167936901812
0.991577824359763	0.9884450819571907	0.984661687569128	0.9862511531585915	0.9848040820980393	0.9930827695263774	0.9870872871944691	0.9907171450707031	1.0	0.9864516918114514	0.9845119221571498	0.9861942833657807	0.9844349730495395	0.9936617585101725	0.9936799634138291	0.9839787910468016	0.9918612455049876	0.9854809627915371	0.9891414001016776	0.9913546981409481	0.9900672404173853	0.9859423412326761	0.992247024647753	0.9861224348132299	0.9925935448047968	0.9906074288694077	0.9868569327011991
0.9873321823957548	0.9870555454934619	0.9821854797604063	0.9856697943609593	0.9831978570515884	0.9852670886595817	0.9865169232816976	0.9879618388566139	0.9864516918114514	1.0	0.9831743086849706	0.9864064289728325	0.9839892453808687	0.9850892261914952	0.9888539757768029	0.9838717343499944	0.9867118449070909	0.9837277971168821	0.9856991588080208	0.9878681546372268	0.9881380740903624	0.9835558233283944	0.9894355939957992	0.9823309654661556	0.984424354638412	0.9851706679419397	0.9842305048311409
0.9852762712615769	0.9868269736361795	0.9791655729625215	0.9909007862671722	0.9799287366006382	0.9804865874893046	0.9913936695420784	0.9860357505301341	0.9845119221571498	0.9831743086849706	1.0	0.9823727239400595	0.9891267283051876	0.9788855977156992	0.9869367282307987	0.9878373874818918	0.9851993485984017	0.9801413481365094	0.9837561810121477	0.9854677933984904	0.9859856610757594	0.9781260946120027	0.9869732318741069	0.9766912747005325	0.9815940351274539	0.9796475440825423	0.9787311417714868
0.9872415857184158	0.9865064432259271	0.9811351268493779	0.9852857054948201	0.9817938308308023	0.9846513159667724	0.985901742214691	0.9876620616435785	0.9861942833657807	0.9864064289728325	0.9823727239400595	1.0	0.9834625752166156	0.9850326598046074	0.9886955361453017	0.9837775727131278	0.9866724606400396	0.9826460023235926	0.9846696283849117	0.9878010351916962	0.9877262761810259	0.982474790870648	0.9891184717642576	0.9825144367923092	0.9841583480018842	0.9840248485767082	0.9835994861876344
0.985223644782875	0.9862317941338399	0.9832962619020887	0.993090249718026	0.9851758777976722	0.9846885898378959	0.9941425609187869	0.9855791235362165	0.9844349730495395	0.9839892453808687	0.9891267283051876	0.9834625752166156	1.0	0.9838069842628502	0.9858242631865932	0.9872186385375528	0.9844155956402662	0.9848542289452883	0.9854518305911074	0.9845917242129019	0.9847721714394104	0.982221569710869	0.9860082776858693	0.98217491349866	0.984424354638412	0.9851237155448297	0.9830372034972692
0.9918594486633502	0.9880335421331281	0.9790863801699154	0.985004340025266	0.9753683394292099	0.9897085172406109	0.9859400066506394	0.9910441233842685	0.9936617585101725	0.9850892261914952	0.9788855977156992	0.9850326598046074	0.9838069842628502	1.0	0.9938464605732452	0.9831840200056998	0.9915937684374073	0.9784385241619192	0.9865267704894778	0.9917326505762718	0.9898310819132338	0.9790593921846225	0.9923958111784201	0.9805826582750296	0.9905331180131706	0.9827029318451947	0.9799110634455254
0.9939401593554525	0.9881731757940599	0.9865037041196071	0.9870024577204135	0.9876801156116065	0.9936931645935627	0.9870400311319133	0.9933116519535252	0.9936799634138291	0.9888539757768029	0.9869367282307987	0.9886955361453017	0.9858242631865932	0.9938464605732452	1.0	0.9860434861575893	0.9923486036278475	0.9881979131989781	0.9911566727400422	0.9925757834658606	0.9896258411189528	0.9878781011517187	0.9929618368883347	0.988020846112515	0.9939920838052805	0.9929859818254263	0.9899784765243155
0.9848350852351256	0.9859505303532431	0.9833659004754911	0.9892355195157775	0.9843989205799804	0.9840617625975121	0.9900856586226838	0.9850943395295456	0.9839787910468016	0.9838717343499944	0.9878373874818918	0.9837775727131278	0.9872186385375528	0.9831840200056998	0.9860434861575893	1.0	0.983847000484106	0.9849200746751219	0.984825236937107	0.9843937900674102	0.9847068022576263	0.9820394908768378	0.9860434861575893	0.9818605600813185	0.9839146376876002	0.9842347143723857	0.9834718121466077
0.9914427629019067	0.9884007819601052	0.9832730161265364	0.9869323098227258	0.9863353653000636	0.9930346051041369	0.9873896450292536	0.9907262931357812	0.9918612455049876	0.9867118449070909	0.9851993485984017	0.9866724606400396	0.9844155956402662	0.9915937684374073	0.9923486036278475	0.983847000484106	1.0	0.9878387257946903	0.9905919455171964	0.9913130912201418	0.9895301780883202	0.9859423412326761	0.991514093363092	0.9855116011863537	0.9917560019297307	0.9905941668379052	0.9862601609499692
0.987268000302048	0.9880307797869591	0.9778473828687678	0.9875849428827308	0.9801284035258142	0.983038460232806	0.9880786187936571	0.9874999119642894	0.9854809627915371	0.9837277971168821	0.9801413481365094	0.9826460023235926	0.9848542289452883	0.9784385241619192	0.9881979131989781	0.9849200746751219	0.9878387257946903	1.0	0.9866872019906359	0.9880786187936571	0.9874512240670389	0.9781055059505293	0.9889047485930673	0.9772959988585872	0.9827867061830938	0.9800340194078704	0.9789889075265606
0.9901937417336062	0.9892823280408609	0.9823533218232144	0.9878975955920998	0.9852468968495285	0.9883732131706757	0.9883966384704214	0.989780782455435	0.9891414001016776	0.9856991588080208	0.9837561810121477	0.9846696283849117	0.9854518305911074	0.9865267704894778	0.9911566727400422	0.984825236937107	0.9905919455171964	0.9866872019906359	1.0	0.9911946121189421	0.9900272135817605	0.9891963582745813	0.9909663195394871	0.9835805764633037	0.9867822391403431	0.9874658462950759	0.9851852134185132
0.9933248624104801	0.9883975261510674	0.9852799496287044	0.9866152981910521	0.9866631541876755	0.9920662228979732	0.987087065888876	0.9920090573076472	0.9913546981409481	0.9878681546372268	0.9854677933984904	0.9878010351916962	0.9845917242129019	0.9917326505762718	0.9925757834658606	0.9843937900674102	0.9913130912201418	0.9880786187936571	0.9911946121189421	1.0	0.9904691466749419	0.9868535812742769	0.9922853119736432	0.9877099497394476	0.9917367181328451	0.9922876868873579	0.9884752632571036
0.9905969416085897	0.9862944906026281	0.9866299094495463	0.985595560659537	0.9862941609706382	0.9901453337317168	0.9846149827665666	0.9916374379434962	0.9900672404173853	0.9881380740903624	0.9859856610757594	0.9877262761810259	0.9847721714394104	0.9898310819132338	0.9896258411189528	0.9847068022576263	0.9895301780883202	0.9874512240670389	0.9900272135817605	0.9904691466749419	1.0	0.9866955301193143	0.9914348791441788	0.9887156429047971	0.9898105690691761	0.9902340633654663	0.989422770542207
0.9867113694545707	0.9864889215423955	0.9739746377984803	0.9838508488128571	0.9750864875469333	0.9823665072050021	0.9843990928275798	0.9867430252598547	0.9859423412326761	0.9835558233283944	0.9781260946120027	0.982474790870648	0.982221569710869	0.9790593921846225	0.9878781011517187	0.9820394908768378	0.9859423412326761	0.9781055059505293	0.9891963582745813	0.9868535812742769	0.9866955301193143	1.0	0.9875555635729166	0.9769312748916207	0.9820212271699743	0.9746313846419122	0.9750864875469333
0.9928429974084696	0.9889806260088919	0.9865037041196071	0.9871278014944275	0.9871755634238192	0.992460907327514	0.987785382714575	0.994467051409553	0.992247024647753	0.9894355939957992	0.9869732318741069	0.9891184717642576	0.9860082776858693	0.9923958111784201	0.9929618368883347	0.9860434861575893	0.991514093363092	0.9889047485930673	0.9909663195394871	0.9922853119736432	0.9914348791441788	0.9875555635729166	1.0	0.987961285864311	0.9921202731360947	0.9922246163980931	0.9899784765243155
0.9864611047988457	0.9863986507677516	0.9796367370640293	0.9843746528503817	0.9756169445249673	0.9822601249424463	0.9848761007866428	0.9871648226053579	0.9861224348132299	0.9823309654661556	0.9766912747005325	0.9825144367923092	0.98217491349866	0.9805826582750296	0.988020846112515	0.9818605600813185	0.9855116011863537	0.9772959988585872	0.9835805764633037	0.9877099497394476	0.9887156429047971	0.9769312748916207	0.987961285864311	1.0	0.9832657361103416	0.9802709946852629	0.9786385867961676
0.9916014156514855	0.9884219556483222	0.9817742444484446	0.9864102683352737	0.9821855880745067	0.9902713386460043	0.9871832848609299	0.9908273628884728	0.9925935448047968	0.984424354638412	0.9815940351274539	0.9841583480018842	0.984424354638412	0.9905331180131706	0.9939920838052805	0.9839146376876002	0.9917560019297307	0.9827867061830938	0.9867822391403431	0.9917367181328451	0.9898105690691761	0.9820212271699743	0.9921202731360947	0.9832657361103416	1.0	0.9884854343587319	0.983916513087463
0.9931828179625918	0.9885278283078303	0.9740672767772065	0.9870844335355843	0.9765015059279951	0.9865938769329963	0.9877851635529539	0.9906604237954834	0.9906074288694077	0.9851706679419397	0.9796475440825423	0.9840248485767082	0.9851237155448297	0.9827029318451947	0.9929859818254263	0.9842347143723857	0.9905941668379052	0.9800340194078704	0.9874658462950759	0.9922876868873579	0.9902340633654663	0.9746313846419122	0.9922246163980931	0.9802709946852629	0.9884854343587319	1.0	0.9771074827073675
0.9881856163744865	0.9867702737633112	0.973695124087068	0.9851396514991685	0.9758535379146271	0.983085778938476	0.9857569263009723	0.9888167936901812	0.9868569327011991	0.9842305048311409	0.9787311417714868	0.9835994861876344	0.9830372034972692	0.9799110634455254	0.9899784765243155	0.9834718121466077	0.9862601609499692	0.9789889075265606	0.9851852134185132	0.9884752632571036	0.989422770542207	0.9750864875469333	0.9899784765243155	0.9786385867961676	0.983916513087463	0.9771074827073675	1.0
