/home/jshaw/scratch/2022_sketched_distance/references/SGB_genome_fastas_part2/2121/BackhedF_2015__SID172_M__bin.40.fa	/home/jshaw/scratch/2022_sketched_distance/references/SGB_genome_fastas_part2/2121/BackhedF_2015__SID241_M__bin.31.fa	/home/jshaw/scratch/2022_sketched_distance/references/SGB_genome_fastas_part2/2121/BackhedF_2015__SID338_M__bin.70.fa	/home/jshaw/scratch/2022_sketched_distance/references/SGB_genome_fastas_part2/2121/Bengtsson-PalmeJ_2015__TRAVELRES25__bin.50.fa	/home/jshaw/scratch/2022_sketched_distance/references/SGB_genome_fastas_part2/2121/Bengtsson-PalmeJ_2015__TRAVELRES26__bin.74.fa	/home/jshaw/scratch/2022_sketched_distance/references/SGB_genome_fastas_part2/2121/CosteaPI_2017__alien2-11-0-0__bin.7.fa	/home/jshaw/scratch/2022_sketched_distance/references/SGB_genome_fastas_part2/2121/FengQ_2015__SID31749__bin.37.fa	/home/jshaw/scratch/2022_sketched_distance/references/SGB_genome_fastas_part2/2121/HMP_2012__SRS012273__bin.49.fa	/home/jshaw/scratch/2022_sketched_distance/references/SGB_genome_fastas_part2/2121/HMP_2012__SRS022071__bin.33.fa	/home/jshaw/scratch/2022_sketched_distance/references/SGB_genome_fastas_part2/2121/HMP_2012__SRS052027__bin.35.fa	/home/jshaw/scratch/2022_sketched_distance/references/SGB_genome_fastas_part2/2121/KarlssonFH_2013__S577__bin.48.fa	/home/jshaw/scratch/2022_sketched_distance/references/SGB_genome_fastas_part2/2121/LeChatelierE_2013__MH0140__bin.3.fa	/home/jshaw/scratch/2022_sketched_distance/references/SGB_genome_fastas_part2/2121/LeChatelierE_2013__MH0257__bin.78.fa	/home/jshaw/scratch/2022_sketched_distance/references/SGB_genome_fastas_part2/2121/LiJ_2014__MH0391__bin.43.fa	/home/jshaw/scratch/2022_sketched_distance/references/SGB_genome_fastas_part2/2121/LiJ_2014__V1.CD20-0__bin.36.fa	/home/jshaw/scratch/2022_sketched_distance/references/SGB_genome_fastas_part2/2121/LiJ_2014__V1.FI07__bin.4.fa	/home/jshaw/scratch/2022_sketched_distance/references/SGB_genome_fastas_part2/2121/LiJ_2017__H2M514903__bin.45.fa	/home/jshaw/scratch/2022_sketched_distance/references/SGB_genome_fastas_part2/2121/LiJ_2017__nHM410714__bin.27.fa	/home/jshaw/scratch/2022_sketched_distance/references/SGB_genome_fastas_part2/2121/LiJ_2017__nHM412716__bin.59.fa	/home/jshaw/scratch/2022_sketched_distance/references/SGB_genome_fastas_part2/2121/LiJ_2017__nHM611708__bin.16.fa	/home/jshaw/scratch/2022_sketched_distance/references/SGB_genome_fastas_part2/2121/LoombaR_2017__SID1022_aav__bin.28.fa	/home/jshaw/scratch/2022_sketched_distance/references/SGB_genome_fastas_part2/2121/NielsenHB_2014__V1_CD20_4__bin.55.fa	/home/jshaw/scratch/2022_sketched_distance/references/SGB_genome_fastas_part2/2121/QinJ_2012__CON-052__bin.33.fa	/home/jshaw/scratch/2022_sketched_distance/references/SGB_genome_fastas_part2/2121/QinJ_2012__NLM006__bin.4.fa	/home/jshaw/scratch/2022_sketched_distance/references/SGB_genome_fastas_part2/2121/QinJ_2012__NLM026__bin.21.fa	/home/jshaw/scratch/2022_sketched_distance/references/SGB_genome_fastas_part2/2121/QinJ_2012__T2D-098__bin.37.fa	/home/jshaw/scratch/2022_sketched_distance/references/SGB_genome_fastas_part2/2121/QinN_2014__HD-35__bin.49.fa	/home/jshaw/scratch/2022_sketched_distance/references/SGB_genome_fastas_part2/2121/QinN_2014__HD-36__bin.19.fa	/home/jshaw/scratch/2022_sketched_distance/references/SGB_genome_fastas_part2/2121/VogtmannE_2016__MMRS11664448ST-27-0-0__bin.83.fa	/home/jshaw/scratch/2022_sketched_distance/references/SGB_genome_fastas_part2/2121/VogtmannE_2016__MMRS51307502ST-27-0-0__bin.36.fa	/home/jshaw/scratch/2022_sketched_distance/references/SGB_genome_fastas_part2/2121/VogtmannE_2016__MMRS54316675ST-27-0-0__bin.55.fa	/home/jshaw/scratch/2022_sketched_distance/references/SGB_genome_fastas_part2/2121/VogtmannE_2016__MMRS67690541ST-27-0-0__bin.65.fa	/home/jshaw/scratch/2022_sketched_distance/references/SGB_genome_fastas_part2/2121/YuJ_2015__SZAXPI003412-1__bin.63.fa	/home/jshaw/scratch/2022_sketched_distance/references/SGB_genome_fastas_part2/2121/YuJ_2015__SZAXPI015222-123__bin.55.fa	/home/jshaw/scratch/2022_sketched_distance/references/SGB_genome_fastas_part2/2121/YuJ_2015__SZAXPI017466-84__bin.26.fa	/home/jshaw/scratch/2022_sketched_distance/references/SGB_genome_fastas_part2/2121/YuJ_2015__SZAXPI017593-158__bin.26.fa	/home/jshaw/scratch/2022_sketched_distance/references/SGB_genome_fastas_part2/2121/ZeeviD_2015__PNP_Main_121__bin.3.fa	/home/jshaw/scratch/2022_sketched_distance/references/SGB_genome_fastas_part2/2121/ZeeviD_2015__PNP_Main_154__bin.54.fa	/home/jshaw/scratch/2022_sketched_distance/references/SGB_genome_fastas_part2/2121/ZeeviD_2015__PNP_Main_286__bin.38.fa	/home/jshaw/scratch/2022_sketched_distance/references/SGB_genome_fastas_part2/2121/ZeeviD_2015__PNP_Main_327__bin.53.fa	/home/jshaw/scratch/2022_sketched_distance/references/SGB_genome_fastas_part2/2121/ZeeviD_2015__PNP_Main_430__bin.10.fa	/home/jshaw/scratch/2022_sketched_distance/references/SGB_genome_fastas_part2/2121/ZeeviD_2015__PNP_Main_473__bin.20.fa	/home/jshaw/scratch/2022_sketched_distance/references/SGB_genome_fastas_part2/2121/ZeeviD_2015__PNP_Main_543__bin.19.fa	/home/jshaw/scratch/2022_sketched_distance/references/SGB_genome_fastas_part2/2121/ZeeviD_2015__PNP_Main_644__bin.16.fa	/home/jshaw/scratch/2022_sketched_distance/references/SGB_genome_fastas_part2/2121/ZeeviD_2015__PNP_Main_645__bin.38.fa	/home/jshaw/scratch/2022_sketched_distance/references/SGB_genome_fastas_part2/2121/ZeeviD_2015__PNP_Main_773__bin.23.fa	/home/jshaw/scratch/2022_sketched_distance/references/SGB_genome_fastas_part2/2121/ZeeviD_2015__PNP_Validation_83__bin.8.fa	/home/jshaw/scratch/2022_sketched_distance/references/SGB_genome_fastas_part2/2121/ZellerG_2014__CCMD79987997ST-21-0__bin.13.fa
1.0	0.9784264153397753	0.9843644373701527	0.9835810392952248	0.9809208987774634	0.9853176703439591	0.978801661186584	0.9822917154021406	0.9826250073733062	0.9778080065684115	0.9836590804597679	0.9729631135424901	0.9783370542599038	0.9786768580429507	0.9791950954784653	0.9793629036867263	0.9831814657452879	0.9829382976890817	0.984283143249474	0.9853225064930443	0.9624180959968041	0.9771626468545406	0.9868375232683256	0.9862119364166848	0.9858492541709089	0.9855098847564805	0.9815801377552151	0.9851202024530512	0.9634809868336931	0.9796544441612892	0.9792550325371174	0.9624787973591113	0.9858140662058962	0.9598063460534292	0.9856074249776372	0.9846164739657823	0.9768749056221627	0.9841052115869436	0.9842500740776156	0.9572212242642312	0.98387338006997	0.9812787256197549	0.9781675483692719	0.9809929907336812	0.9834981924761522	0.9576201430128636	0.981877353952518	0.9770124071195471
0.9784264153397753	1.0	0.9805733726249704	0.9802233708594714	0.9788374563246249	0.9790958272934522	0.9903049656825637	0.9796127798321483	0.978532292350358	0.9889558411505759	0.977656558949154	0.9855074392314975	0.9872294818171756	0.9900194358385841	0.9885265668371701	0.9884541790961832	0.9797327026330023	0.9795132086116148	0.980137766613624	0.9808346358606741	0.9603792552536011	0.9857760534708889	0.9806972973839759	0.9795699796920703	0.9801417886606503	0.9788132507118339	0.9767747133048611	0.9774238450109932	0.9640603472525728	0.9896218133777935	0.9883377542481094	0.9644744009327134	0.9781038330064872	0.9645968847733739	0.9775543113731012	0.9774036587074031	0.9736750451570264	0.9789299524866765	0.9806906578037694	0.9580316806440138	0.9753569248545105	0.9773747451216858	0.9739300100051417	0.9779319934196028	0.9772716051669834	0.9566334622924535	0.976876467718976	0.9869058563339567
0.9843644373701527	0.9805733726249704	1.0	0.9848775351362579	0.9846348514313198	0.9860325360098053	0.9819497682997782	0.9850874604175339	0.9863029871132901	0.9798098978919415	0.9838246226637798	0.9739321005058461	0.9786759039691747	0.9818567188686214	0.9824502856367323	0.9813426587451703	0.9877264449571143	0.985601572431638	0.985808732367973	0.9866788088379743	0.9592048964253435	0.9813824004235848	0.9865642117934436	0.9861708073711517	0.986521513327972	0.9862951823543874	0.9818990012915361	0.9839112695860631	0.9634057017317664	0.9805674644061787	0.9795743806179409	0.9633608589866318	0.9841397716241678	0.9630296019065244	0.9839461756354204	0.9828755002463594	0.9780418647756318	0.9851179833893425	0.9859829557829208	0.9585825239598196	0.982240843761555	0.9833237129440544	0.9790442443366709	0.9839018354116463	0.9823595273086957	0.9561648671492695	0.9845758485076035	0.9772613815744541
0.9835810392952248	0.9802233708594714	0.9848775351362579	1.0	0.99462705864898	0.9818080900809097	0.9819511259953458	0.9829748202958518	0.9835847465618764	0.980084182736542	0.9853921353269138	0.9754254501924449	0.9808947935235071	0.9811173190643416	0.9829135337812229	0.982252802426055	0.9838226216947615	0.9831489578845594	0.98411867146928	0.9843706727967312	0.9629282221717815	0.9798270960290482	0.9840643861199565	0.9848184220979195	0.9840787008949183	0.9836495833331097	0.9816093606509498	0.9840982424165706	0.9656519761005733	0.9821849472465722	0.981263586057305	0.9646879771282543	0.9837533489819312	0.9607015639844538	0.9827539505663516	0.9826857544592342	0.9768431201403126	0.9851649308214292	0.986372847722778	0.9594938829895898	0.9827245825011076	0.9819784481558647	0.9785716069548636	0.9824993820865973	0.9825627983324189	0.9611166179535818	0.9824473482075917	0.978800724168436
0.9809208987774634	0.9788374563246249	0.9846348514313198	0.99462705864898	1.0	0.9836983383252803	0.9805450446137082	0.9809946260024552	0.982506798292003	0.9784106642806333	0.9821580659666107	0.971577767638007	0.9768105714420147	0.9814404337807152	0.982037705110878	0.980409068917862	0.9846535316700724	0.9821983808820967	0.9822382753682645	0.9829113339850315	0.9594411083908124	0.9811724786605174	0.9828701411082233	0.9823272116850914	0.9834257373403416	0.9834422683288954	0.9783697573497437	0.9806371477024924	0.9625342670458652	0.9790296847172635	0.9778098545225831	0.9624189604201456	0.9806060352801395	0.9599758060878016	0.9793739083584103	0.9782611879308157	0.9758848221703152	0.9831233542392707	0.9841875227602329	0.9577490414135363	0.9795194128446734	0.9810917094553024	0.9764323502545452	0.9830953151280806	0.9790974988817279	0.9559292921356453	0.9832276015373032	0.9758046859469958
0.9853176703439591	0.9790958272934522	0.9860325360098053	0.9818080900809097	0.9836983383252803	1.0	0.981088317765078	0.9821300707240387	0.9834198424679688	0.9780001754058495	0.9823789479873326	0.9725767022726748	0.9773112283920753	0.9810940434581518	0.981220909264509	0.9804306281158471	0.9858465602198023	0.9843168561617246	0.9847972817463404	0.9853896732890461	0.9606292622283142	0.98004368855767	0.9865560963984997	0.9863488963722892	0.9862933037260738	0.9865259081920822	0.9797306716452739	0.984481544373901	0.962876918507283	0.9798414051100736	0.9786441996827835	0.9626737369419937	0.9844338629105038	0.9604631878166954	0.9843088220923529	0.9821213988492138	0.9779173316417981	0.9834598933186043	0.9841180025812819	0.9565112253034073	0.9815842487038409	0.9813653326412547	0.9774479561575329	0.9820525018564724	0.9825260181303082	0.9550590523980348	0.9836621791709854	0.9769780099538757
0.978801661186584	0.9903049656825637	0.9819497682997782	0.9819511259953458	0.9805450446137082	0.981088317765078	1.0	0.9798116352496501	0.9804260849490407	0.9888626077154139	0.9785314600798781	0.982914048317082	0.988717995461638	0.9913966389620639	0.9898245105764465	0.9895029003773134	0.9814175777712144	0.9806290480159197	0.9805442718099151	0.981441728238644	0.961334713980679	0.9877557238258696	0.9813455475896384	0.9813031612311388	0.9817606578121802	0.9810576305331252	0.9776628960640166	0.979004360291159	0.9647054896481189	0.9914248881146409	0.9885646651028761	0.964913522558969	0.9796254444819622	0.9640998791409976	0.978782164196722	0.9771737416719658	0.9730503789997343	0.9795735486604416	0.9821293051379258	0.9587822431878151	0.9773219495475137	0.9778091416020571	0.9735622967287743	0.9790637928517639	0.9786903086983502	0.9585916463403659	0.979073628793287	0.9876538963222239
0.9822917154021406	0.9796127798321483	0.9850874604175339	0.9829748202958518	0.9809946260024552	0.9821300707240387	0.9798116352496501	1.0	0.9971208043170622	0.9788060553032113	0.9822004195136702	0.9739149469848416	0.9772562972550861	0.9799446314879375	0.9804886264471818	0.9799974606057713	0.9847164996725706	0.9846495823938949	0.9844742217191452	0.9853165747360233	0.9592055599909616	0.9779936330008936	0.9842406454679544	0.9835142445986019	0.9835191261004177	0.9836361634170946	0.9807784152804085	0.9819994673996665	0.9627659659559297	0.9796548648270361	0.979321470565511	0.9625122848339426	0.9820922633899675	0.9613508771966492	0.9814331352836237	0.9809767550244984	0.9763981693488651	0.9827817243360184	0.9839741532827928	0.9570057380328555	0.9795177537979871	0.9814861454967027	0.976256627896862	0.9810990277313956	0.980389948368856	0.9565058701257645	0.981201711455475	0.9759051895996778
0.9826250073733062	0.978532292350358	0.9863029871132901	0.9835847465618764	0.982506798292003	0.9834198424679688	0.9804260849490407	0.9971208043170622	1.0	0.9781329119405163	0.9829318579773627	0.9722143191060241	0.9773991488107067	0.9804767946249782	0.9814346124043107	0.9805168573378313	0.986328943312564	0.985145519600417	0.9850058472987174	0.98595833454631	0.9603739659070714	0.9795331193396016	0.9847965322831417	0.9846367347322491	0.9848995308251418	0.9851414492744636	0.9808740346614689	0.9826250073733062	0.9631699509584046	0.97987479496812	0.9790764891857833	0.9629367608887451	0.9831776705347394	0.9609564531223503	0.9826939046888983	0.9813763044757783	0.9767433420886287	0.9835591490394339	0.9850016057652504	0.9579465486467016	0.981080184082789	0.9823416250833376	0.9763040550808803	0.9826627993797383	0.9813846519872916	0.9572894734473477	0.9825009051341301	0.976234050018561
0.9778080065684115	0.9889558411505759	0.9798098978919415	0.980084182736542	0.9784106642806333	0.9780001754058495	0.9888626077154139	0.9788060553032113	0.9781329119405163	1.0	0.978170671302787	0.9837440742369957	0.987403525838824	0.987936188754132	0.9869889236235255	0.9865709090679515	0.9783865422210801	0.9793937388250318	0.9791374217570455	0.9799222369259787	0.9581786247471294	0.9845693293693253	0.9799115689772999	0.979007021293089	0.9793578665865804	0.9789896203708375	0.9769172459966337	0.9784467428509401	0.9626691893794407	0.9886026218148756	0.986765941552007	0.9629148988259306	0.9777401012505867	0.9626045978155594	0.9772505547944439	0.9775627117851593	0.972264397635713	0.9782874193302403	0.9803248699110764	0.9565483164189463	0.9750093005898162	0.9760165315425946	0.9728339348648681	0.976584405327527	0.9764314430717527	0.9561739863355854	0.9758371978838534	0.9868433532712945
0.9836590804597679	0.977656558949154	0.9838246226637798	0.9853921353269138	0.9821580659666107	0.9823789479873326	0.9785314600798781	0.9822004195136702	0.9829318579773627	0.978170671302787	1.0	0.9721541203973738	0.980685370629758	0.9790291549391296	0.9797496350921105	0.9817709894939556	0.9830241509942609	0.9824856248499684	0.9841835060661971	0.9839292057099132	0.965194180694576	0.9770298495110505	0.9832871441253742	0.9843547307531036	0.9828490984033608	0.9833989308762822	0.9821172132864747	0.9857119656960572	0.966428660140507	0.9808661268645109	0.9816102694246523	0.9653649702297221	0.9848716600015937	0.9597177205280397	0.984735935026282	0.9842334906102674	0.9763944670689645	0.9852649751480739	0.9844783500446739	0.9586307412055532	0.9851616034733497	0.9824902432073783	0.9782414178083635	0.98174505709905	0.9849933150121591	0.9609307878539326	0.9824130575247901	0.9787242229700106
0.9729631135424901	0.9855074392314975	0.9739321005058461	0.9754254501924449	0.971577767638007	0.9725767022726748	0.982914048317082	0.9739149469848416	0.9722143191060241	0.9837440742369957	0.9721541203973738	1.0	0.9827937765741077	0.9845481781952036	0.9819315841622939	0.9826485385983942	0.9723283136338753	0.9730543968449046	0.9743708588292612	0.974232876674721	0.955064001927887	0.9779531573899691	0.9738817715441477	0.9739769944688402	0.9736719141912092	0.9719416829231589	0.9720462426447772	0.9728790852417626	0.9571045106196819	0.9846921323809651	0.9834131856719002	0.9567330284232023	0.9730679363424075	0.957765197870209	0.9724075054599505	0.9739802355053124	0.9685666124070739	0.9728074162632362	0.9748546137784581	0.9517474062854252	0.9703463412516241	0.9700656693626034	0.9684763425261131	0.9695987633391848	0.9721093252480304	0.9512777424374612	0.9708843573313342	0.9826891127883229
0.9783370542599038	0.9872294818171756	0.9786759039691747	0.9808947935235071	0.9768105714420147	0.9773112283920753	0.988717995461638	0.9772562972550861	0.9773991488107067	0.987403525838824	0.980685370629758	0.9827937765741077	1.0	0.9886072247171236	0.9865995880533676	0.9897456733592738	0.9778959213081007	0.9777412104477438	0.9795163762524868	0.9790055449726547	0.9639255450770988	0.982670052265588	0.9785217207572388	0.9798758139814393	0.9784164901936457	0.9780891054127712	0.9786259769467892	0.9805294670987826	0.9644463088558693	0.9905566261990021	0.9897412995735855	0.963149797502264	0.9813683872589559	0.959969916611463	0.9803864396874999	0.9800986036770554	0.9707996212612787	0.9789238728485694	0.9793429130944539	0.9566125049502211	0.9790994397483522	0.9758605700744617	0.9714358518974828	0.9751291742801704	0.9803341068151447	0.9604429665033155	0.9755552639346382	0.9882398062852756
0.9786768580429507	0.9900194358385841	0.9818567188686214	0.9811173190643416	0.9814404337807152	0.9810940434581518	0.9913966389620639	0.9799446314879375	0.9804767946249782	0.987936188754132	0.9790291549391296	0.9845481781952036	0.9886072247171236	1.0	0.9902684575802524	0.9903606024015774	0.9829102859612651	0.9811367393755317	0.9809997274787834	0.9815401897311578	0.9621602095140359	0.9879615657729989	0.9810951783454293	0.9811772479103856	0.9815527368207372	0.9822991616420169	0.977567833500593	0.9781986290874616	0.9647496839665579	0.9911784716985506	0.9889528738467217	0.9646413585352899	0.9796862089953772	0.9640325185263996	0.9786400089265481	0.9777581469211453	0.9738253354092665	0.9794653395370584	0.9814246915920737	0.9587767117101353	0.976740956371653	0.978583859500509	0.9730560414902135	0.9804737227953279	0.9779808704437929	0.9586335032010445	0.9802290533467525	0.9878232660668321
0.9791950954784653	0.9885265668371701	0.9824502856367323	0.9829135337812229	0.982037705110878	0.981220909264509	0.9898245105764465	0.9804886264471818	0.9814346124043107	0.9869889236235255	0.9797496350921105	0.9819315841622939	0.9865995880533676	0.9902684575802524	1.0	0.9916870712483663	0.982365883849104	0.9811778273401054	0.981860912795645	0.9829002490893393	0.9604679212128184	0.9955605052411137	0.9819418072548973	0.9814741644650758	0.9828928142649008	0.9815074993453854	0.9783364245316144	0.9796448424607732	0.9636994014984904	0.9890400014783352	0.9874545061691529	0.9637081169814926	0.9803529649199072	0.962800999258585	0.9793527830466374	0.9781471055529298	0.9735738921791285	0.981006117437998	0.9824800511835817	0.9586753644133739	0.9782696567028243	0.9788661027476052	0.9747466214835929	0.9806817860994311	0.9796170425240482	0.9581540779685747	0.9805304375059452	0.9854428473739738
0.9793629036867263	0.9884541790961832	0.9813426587451703	0.982252802426055	0.980409068917862	0.9804306281158471	0.9895029003773134	0.9799974606057713	0.9805168573378313	0.9865709090679515	0.9817709894939556	0.9826485385983942	0.9897456733592738	0.9903606024015774	0.9916870712483663	1.0	0.9814568196387854	0.9806295003355913	0.9824560263228361	0.981850486814977	0.963590612882205	0.9881659900580304	0.9813341251076342	0.9815199473023765	0.9814119712149612	0.9811658361657815	0.9798960950011963	0.9817379476410066	0.9653328923269988	0.9910542062784058	0.9899066558693848	0.9643487039952828	0.9823993901197715	0.9627723327690335	0.9814803139902952	0.980536910915403	0.9729477087024255	0.9809171003498013	0.981687068103145	0.9590209670250011	0.9799595598958903	0.9785047287214557	0.9750428937979487	0.9791526427536542	0.9819456438276645	0.9608461557025673	0.9793326503160952	0.9885479878376359
0.9831814657452879	0.9797327026330023	0.9877264449571143	0.9838226216947615	0.9846535316700724	0.9858465602198023	0.9814175777712144	0.9847164996725706	0.986328943312564	0.9783865422210801	0.9830241509942609	0.9723283136338753	0.9778959213081007	0.9829102859612651	0.982365883849104	0.9814568196387854	1.0	0.9860378253382495	0.9862509560949045	0.9863343196161711	0.9593798274909853	0.980962391363469	0.9849430124442059	0.9857395022691533	0.9857465777328458	0.9863453851855766	0.9812564564299089	0.9834449205840144	0.9631198006128153	0.9798811189242878	0.9793003447213882	0.9631664918592958	0.9836688084313251	0.9631955437064847	0.9828908672098698	0.9818174552670141	0.9776809285336836	0.9843136541846946	0.9848207372517284	0.9567871236382907	0.9810032567019694	0.9829469783239249	0.9773610354381503	0.9841254239589156	0.9817687092048372	0.955740707839726	0.9846196050560995	0.9770627166611207
0.9829382976890817	0.9795132086116148	0.985601572431638	0.9831489578845594	0.9821983808820967	0.9843168561617246	0.9806290480159197	0.9846495823938949	0.985145519600417	0.9793937388250318	0.9824856248499684	0.9730543968449046	0.9777412104477438	0.9811367393755317	0.9811778273401054	0.9806295003355913	0.9860378253382495	1.0	0.9884805581176556	0.9883967669812626	0.9597390860737164	0.9794610010950874	0.9848226020093226	0.9850935859939359	0.9848015718311868	0.9845788908525757	0.9829614782383616	0.9827521899879494	0.962961704441295	0.9815025555160516	0.9793156594304763	0.9628072983596935	0.9829351396973256	0.9615543946046872	0.9824709280205162	0.9815971355505908	0.9775143600051697	0.9837911085387576	0.9839360550361315	0.9582626971633591	0.9814484296130084	0.9825165448440943	0.97743031252634	0.9822840879770185	0.9816158840522334	0.9562591656537491	0.9820851647657742	0.9776830536729145
0.984283143249474	0.980137766613624	0.985808732367973	0.98411867146928	0.9822382753682645	0.9847972817463404	0.9805442718099151	0.9844742217191452	0.9850058472987174	0.9791374217570455	0.9841835060661971	0.9743708588292612	0.9795163762524868	0.9809997274787834	0.981860912795645	0.9824560263228361	0.9862509560949045	0.9884805581176556	1.0	0.988257910583479	0.9617891414858433	0.9793913119184189	0.9860799085121945	0.9860442760424112	0.9853412149263839	0.9854780202272327	0.9833972587955914	0.9851712399838597	0.9647611434590487	0.9824426171948287	0.981131924275818	0.9640229693696123	0.9852511626670432	0.9630597894105244	0.9847536365869182	0.9841402112815615	0.978137425209265	0.9845865625851882	0.9850502328000478	0.9587522420075062	0.9832859932524273	0.9826492861119863	0.9785506853484579	0.982401949998829	0.9836172268745993	0.958370325050757	0.9827812286526834	0.9793888911101446
0.9853225064930443	0.9808346358606741	0.9866788088379743	0.9843706727967312	0.9829113339850315	0.9853896732890461	0.981441728238644	0.9853165747360233	0.98595833454631	0.9799222369259787	0.9839292057099132	0.974232876674721	0.9790055449726547	0.9815401897311578	0.9829002490893393	0.981850486814977	0.9863343196161711	0.9883967669812626	0.988257910583479	1.0	0.9622890109235835	0.9807482923676666	0.9864779011607404	0.9864836368521614	0.9862907549586262	0.9865688381039841	0.9836622349090985	0.9852501343258887	0.9653503138472209	0.9823586824871325	0.9808185333580308	0.9653909906792633	0.9852363371735451	0.9620183246422197	0.9846833425572621	0.9838452006867855	0.9786036177973582	0.9852133909164634	0.9859257554055195	0.9601775670657576	0.9829170203147857	0.9837428750954299	0.9791035537874629	0.9829554013266564	0.9830869263202473	0.958342518059812	0.9833038380992773	0.9783020607446268
0.9624180959968041	0.9603792552536011	0.9592048964253435	0.9629282221717815	0.9594411083908124	0.9606292622283142	0.961334713980679	0.9592055599909616	0.9603739659070714	0.9581786247471294	0.965194180694576	0.955064001927887	0.9639255450770988	0.9621602095140359	0.9604679212128184	0.963590612882205	0.9593798274909853	0.9597390860737164	0.9617891414858433	0.9622890109235835	1.0	0.9580191897635518	0.9619802184682522	0.9617875796327389	0.961471841824446	0.9613323922129975	0.9597852806328104	0.9623748878504815	0.9721357223249238	0.9635595031477389	0.9635151585362572	0.9716922459360503	0.9633886884541327	0.9632489774011946	0.9627474953311277	0.9617850324988175	0.9569383065593264	0.9627090337813689	0.9631155331581638	0.969765252630044	0.9640498675382863	0.9643844564667489	0.9604323313952751	0.9619183190032184	0.9652872120763355	0.9707957625916706	0.9609005178451643	0.9597366113650204
0.9771626468545406	0.9857760534708889	0.9813824004235848	0.9798270960290482	0.9811724786605174	0.98004368855767	0.9877557238258696	0.9779936330008936	0.9795331193396016	0.9845693293693253	0.9770298495110505	0.9779531573899691	0.982670052265588	0.9879615657729989	0.9955605052411137	0.9881659900580304	0.980962391363469	0.9794610010950874	0.9793913119184189	0.9807482923676666	0.9580191897635518	1.0	0.979326806031266	0.9795241406767652	0.9804579372185773	0.9795247145764191	0.9760960734198375	0.9770950792276125	0.9614072434858255	0.9857499365357267	0.983933577610244	0.9614763663046691	0.976895603841049	0.9616068698609428	0.9760398708211905	0.9737716179738488	0.9717906107884039	0.9781917827915031	0.9803163976710688	0.9570246393840994	0.975555942107678	0.9764737072682322	0.9720781770649775	0.9791682146098626	0.9762908007237613	0.9544661978103712	0.9793459250831501	0.9826485920526397
0.9868375232683256	0.9806972973839759	0.9865642117934436	0.9840643861199565	0.9828701411082233	0.9865560963984997	0.9813455475896384	0.9842406454679544	0.9847965322831417	0.9799115689772999	0.9832871441253742	0.9738817715441477	0.9785217207572388	0.9810951783454293	0.9819418072548973	0.9813341251076342	0.9849430124442059	0.9848226020093226	0.9860799085121945	0.9864779011607404	0.9619802184682522	0.979326806031266	1.0	0.9865375291979342	0.9882591526517657	0.9880041731514742	0.9824266640525208	0.9859286855817982	0.9636922320918662	0.980734093807391	0.9796395242818784	0.963653892450741	0.9869633075392789	0.9623729006945767	0.9852075922863904	0.9845598621262595	0.9779928536449864	0.9852717791054008	0.9854158690823518	0.9588026671269075	0.9829298638209796	0.9828312003174212	0.9788837804562178	0.9828316169978005	0.9832919954194083	0.9577020831729693	0.9838276185912712	0.9780295383096991
0.9862119364166848	0.9795699796920703	0.9861708073711517	0.9848184220979195	0.9823272116850914	0.9863488963722892	0.9813031612311388	0.9835142445986019	0.9846367347322491	0.979007021293089	0.9843547307531036	0.9739769944688402	0.9798758139814393	0.9811772479103856	0.9814741644650758	0.9815199473023765	0.9857395022691533	0.9850935859939359	0.9860442760424112	0.9864836368521614	0.9617875796327389	0.9795241406767652	0.9865375291979342	1.0	0.9859066977131886	0.9863556910855412	0.9832484145140135	0.9855256106270434	0.9633918069146621	0.9814833206013218	0.9809323002242176	0.9632161371195926	0.9862955112506977	0.961417772447736	0.986314000229642	0.9846940815505467	0.9775194512646669	0.9846303749366175	0.9857482461242477	0.9574872602332466	0.9838043590807575	0.9819065130345842	0.9771723197758332	0.9816880955287932	0.9840111325741826	0.959073329616556	0.9830196500698968	0.9783182356837306
0.9858492541709089	0.9801417886606503	0.986521513327972	0.9840787008949183	0.9834257373403416	0.9862933037260738	0.9817606578121802	0.9835191261004177	0.9848995308251418	0.9793578665865804	0.9828490984033608	0.9736719141912092	0.9784164901936457	0.9815527368207372	0.9828928142649008	0.9814119712149612	0.9857465777328458	0.9848015718311868	0.9853412149263839	0.9862907549586262	0.961471841824446	0.9804579372185773	0.9882591526517657	0.9859066977131886	1.0	0.9879914281242383	0.9815618319166391	0.9848521663129366	0.9645216034678837	0.9806018206078707	0.9796031316919022	0.9644100524453257	0.986351109527298	0.962024965038426	0.9847882537494905	0.9839250734876138	0.9767568637318009	0.9843798283309563	0.9851162776578639	0.9586768460138728	0.9823592215733297	0.9828098599433966	0.9777995564278731	0.9830286238807381	0.9823057252195795	0.9576479581647995	0.9841338217317267	0.9772846992013768
0.9855098847564805	0.9788132507118339	0.9862951823543874	0.9836495833331097	0.9834422683288954	0.9865259081920822	0.9810576305331252	0.9836361634170946	0.9851414492744636	0.9789896203708375	0.9833989308762822	0.9719416829231589	0.9780891054127712	0.9822991616420169	0.9815074993453854	0.9811658361657815	0.9863453851855766	0.9845788908525757	0.9854780202272327	0.9865688381039841	0.9613323922129975	0.9795247145764191	0.9880041731514742	0.9863556910855412	0.9879914281242383	1.0	0.9815438690902223	0.985968077570155	0.9641001796937338	0.980362723631554	0.9795212070540905	0.9641163561921738	0.9867181084382021	0.9611174762356796	0.9859466545064292	0.9845323394520934	0.9778794626563411	0.984467776487837	0.9845780936819398	0.9584760504321362	0.9827496827721391	0.9826022255353728	0.9772606130147334	0.9834504742133153	0.982748580508772	0.9571827521734361	0.984284120475182	0.977186418650911
0.9815801377552151	0.9767747133048611	0.9818990012915361	0.9816093606509498	0.9783697573497437	0.9797306716452739	0.9776628960640166	0.9807784152804085	0.9808740346614689	0.9769172459966337	0.9821172132864747	0.9720462426447772	0.9786259769467892	0.977567833500593	0.9783364245316144	0.9798960950011963	0.9812564564299089	0.9829614782383616	0.9833972587955914	0.9836622349090985	0.9597852806328104	0.9760960734198375	0.9824266640525208	0.9832484145140135	0.9815618319166391	0.9815438690902223	1.0	0.9842701447228642	0.9615641558170595	0.9799265112094927	0.9797088756938259	0.960643800898531	0.983239443563962	0.9584984731309215	0.9824621536394231	0.9822496547031302	0.9746609265094923	0.9809920024288183	0.9811438490356348	0.9536443764038587	0.9811619248727114	0.9794077367135845	0.9750865139833703	0.9778390814094502	0.9809101992926075	0.9559452477025018	0.978477448509406	0.9771852864422447
0.9851202024530512	0.9774238450109932	0.9839112695860631	0.9840982424165706	0.9806371477024924	0.984481544373901	0.979004360291159	0.9819994673996665	0.9826250073733062	0.9784467428509401	0.9857119656960572	0.9728790852417626	0.9805294670987826	0.9781986290874616	0.9796448424607732	0.9817379476410066	0.9834449205840144	0.9827521899879494	0.9851712399838597	0.9852501343258887	0.9623748878504815	0.9770950792276125	0.9859286855817982	0.9855256106270434	0.9848521663129366	0.985968077570155	0.9842701447228642	1.0	0.9641373930130129	0.9812905158508054	0.9819818455848993	0.963168510961688	0.9870258161424659	0.9596908249053954	0.9867778194476854	0.9865799400389981	0.9764306454611503	0.9842470477887496	0.9841764962564209	0.9557131378642034	0.9847734382571764	0.980642228987273	0.9778970264252247	0.980713726513801	0.9852233925878138	0.9586304314873393	0.9814732615492234	0.9790161812143476
0.9634809868336931	0.9640603472525728	0.9634057017317664	0.9656519761005733	0.9625342670458652	0.962876918507283	0.9647054896481189	0.9627659659559297	0.9631699509584046	0.9626691893794407	0.966428660140507	0.9571045106196819	0.9644463088558693	0.9647496839665579	0.9636994014984904	0.9653328923269988	0.9631198006128153	0.962961704441295	0.9647611434590487	0.9653503138472209	0.9721357223249238	0.9614072434858255	0.9636922320918662	0.9633918069146621	0.9645216034678837	0.9641001796937338	0.9615641558170595	0.9641373930130129	1.0	0.9653436626194928	0.965131923897601	0.9979971972763092	0.964118282186769	0.9671679249925704	0.9640992228092287	0.9627486948802781	0.9602040152590436	0.9642974384346795	0.9646778612557207	0.9700621745668414	0.964243018306887	0.966507504935839	0.960955418895851	0.9652929076130442	0.9650696230262833	0.9700785955739168	0.9653137229632667	0.9622627614359247
0.9796544441612892	0.9896218133777935	0.9805674644061787	0.9821849472465722	0.9790296847172635	0.9798414051100736	0.9914248881146409	0.9796548648270361	0.97987479496812	0.9886026218148756	0.9808661268645109	0.9846921323809651	0.9905566261990021	0.9911784716985506	0.9890400014783352	0.9910542062784058	0.9798811189242878	0.9815025555160516	0.9824426171948287	0.9823586824871325	0.9635595031477389	0.9857499365357267	0.980734093807391	0.9814833206013218	0.9806018206078707	0.980362723631554	0.9799265112094927	0.9812905158508054	0.9653436626194928	1.0	0.9909856044255649	0.9648192836873717	0.9817459707543141	0.9630803810200723	0.9808643212427066	0.9804189839798001	0.9732530911851135	0.9802497963457952	0.981679827495732	0.9584895478063615	0.9794767803837312	0.9779500291098817	0.9746229802547545	0.9777333845765636	0.9806690161361687	0.960613152052742	0.9777581469211453	0.9897476488852845
0.9792550325371174	0.9883377542481094	0.9795743806179409	0.981263586057305	0.9778098545225831	0.9786441996827835	0.9885646651028761	0.979321470565511	0.9790764891857833	0.986765941552007	0.9816102694246523	0.9834131856719002	0.9897412995735855	0.9889528738467217	0.9874545061691529	0.9899066558693848	0.9793003447213882	0.9793156594304763	0.981131924275818	0.9808185333580308	0.9635151585362572	0.983933577610244	0.9796395242818784	0.9809323002242176	0.9796031316919022	0.9795212070540905	0.9797088756938259	0.9819818455848993	0.965131923897601	0.9909856044255649	1.0	0.9642446218531445	0.9816906704402247	0.9621115226679643	0.9812687783116549	0.9808128239879651	0.9717264587415066	0.9792803897933592	0.9804957113597574	0.9577810436532233	0.9793884852965534	0.9771875903073609	0.9733934332221451	0.976640341348622	0.9807350573447012	0.960244631891937	0.9767734620672583	0.9888741624526022
0.9624787973591113	0.9644744009327134	0.9633608589866318	0.9646879771282543	0.9624189604201456	0.9626737369419937	0.964913522558969	0.9625122848339426	0.9629367608887451	0.9629148988259306	0.9653649702297221	0.9567330284232023	0.963149797502264	0.9646413585352899	0.9637081169814926	0.9643487039952828	0.9631664918592958	0.9628072983596935	0.9640229693696123	0.9653909906792633	0.9716922459360503	0.9614763663046691	0.963653892450741	0.9632161371195926	0.9644100524453257	0.9641163561921738	0.960643800898531	0.963168510961688	0.9979971972763092	0.9648192836873717	0.9642446218531445	1.0	0.9631345925522694	0.9672022172997401	0.9632474658588875	0.9618446920776812	0.9604995163358709	0.9649245796840298	0.9649294333143127	0.9707598164170484	0.9627949162634922	0.967000546147141	0.9608440266974341	0.9654686476107743	0.9644920915764429	0.9693089695995263	0.9649479180201187	0.9611459784261455
0.9858140662058962	0.9781038330064872	0.9841397716241678	0.9837533489819312	0.9806060352801395	0.9844338629105038	0.9796254444819622	0.9820922633899675	0.9831776705347394	0.9777401012505867	0.9848716600015937	0.9730679363424075	0.9813683872589559	0.9796862089953772	0.9803529649199072	0.9823993901197715	0.9836688084313251	0.9829351396973256	0.9852511626670432	0.9852363371735451	0.9633886884541327	0.976895603841049	0.9869633075392789	0.9862955112506977	0.986351109527298	0.9867181084382021	0.983239443563962	0.9870258161424659	0.964118282186769	0.9817459707543141	0.9816906704402247	0.9631345925522694	1.0	0.9605200361339111	0.9883077272747772	0.9858904576922701	0.9756495960447695	0.983932197814871	0.9839007687958923	0.95652590242305	0.9843047299678862	0.9806371477024924	0.9769969628024165	0.9806253349887178	0.9855527512221406	0.9592176373254081	0.9813060960453303	0.9790281246764541
0.9598063460534292	0.9645968847733739	0.9630296019065244	0.9607015639844538	0.9599758060878016	0.9604631878166954	0.9640998791409976	0.9613508771966492	0.9609564531223503	0.9626045978155594	0.9597177205280397	0.957765197870209	0.959969916611463	0.9640325185263996	0.962800999258585	0.9627723327690335	0.9631955437064847	0.9615543946046872	0.9630597894105244	0.9620183246422197	0.9632489774011946	0.9616068698609428	0.9623729006945767	0.961417772447736	0.962024965038426	0.9611174762356796	0.9584984731309215	0.9596908249053954	0.9671679249925704	0.9630803810200723	0.9621115226679643	0.9672022172997401	0.9605200361339111	1.0	0.9586753898730261	0.9579647821758126	0.9564417741606543	0.9600858196484943	0.9627263831631158	0.9639113543975162	0.9576885648611322	0.9635515721337645	0.9566746561450516	0.9636505276568974	0.9604541279587155	0.9635528803725506	0.9623680166352128	0.9605998877226565
0.9856074249776372	0.9775543113731012	0.9839461756354204	0.9827539505663516	0.9793739083584103	0.9843088220923529	0.978782164196722	0.9814331352836237	0.9826939046888983	0.9772505547944439	0.984735935026282	0.9724075054599505	0.9803864396874999	0.9786400089265481	0.9793527830466374	0.9814803139902952	0.9828908672098698	0.9824709280205162	0.9847536365869182	0.9846833425572621	0.9627474953311277	0.9760398708211905	0.9852075922863904	0.986314000229642	0.9847882537494905	0.9859466545064292	0.9824621536394231	0.9867778194476854	0.9640992228092287	0.9808643212427066	0.9812687783116549	0.9632474658588875	0.9883077272747772	0.9586753898730261	1.0	0.9869181706845244	0.975409729402027	0.9832825967849753	0.983412776322917	0.9560971201080773	0.9842148058239528	0.980165058870691	0.9764768080118882	0.9804372756651084	0.985437393293548	0.9580446331654625	0.9808153810247416	0.9783881394953327
0.9846164739657823	0.9774036587074031	0.9828755002463594	0.9826857544592342	0.9782611879308157	0.9821213988492138	0.9771737416719658	0.9809767550244984	0.9813763044757783	0.9775627117851593	0.9842334906102674	0.9739802355053124	0.9800986036770554	0.9777581469211453	0.9781471055529298	0.980536910915403	0.9818174552670141	0.9815971355505908	0.9841402112815615	0.9838452006867855	0.9617850324988175	0.9737716179738488	0.9845598621262595	0.9846940815505467	0.9839250734876138	0.9845323394520934	0.9822496547031302	0.9865799400389981	0.9627486948802781	0.9804189839798001	0.9808128239879651	0.9618446920776812	0.9858904576922701	0.9579647821758126	0.9869181706845244	1.0	0.974897363348906	0.9830663011424052	0.9829713290283507	0.9546999054477173	0.9829433384882654	0.9800222764363051	0.9770122669118059	0.9790683467603756	0.9840411999857341	0.9572699223887812	0.9791365011953584	0.9786708621695007
0.9768749056221627	0.9736750451570264	0.9780418647756318	0.9768431201403126	0.9758848221703152	0.9779173316417981	0.9730503789997343	0.9763981693488651	0.9767433420886287	0.972264397635713	0.9763944670689645	0.9685666124070739	0.9707996212612787	0.9738253354092665	0.9735738921791285	0.9729477087024255	0.9776809285336836	0.9775143600051697	0.978137425209265	0.9786036177973582	0.9569383065593264	0.9717906107884039	0.9779928536449864	0.9775194512646669	0.9767568637318009	0.9778794626563411	0.9746609265094923	0.9764306454611503	0.9602040152590436	0.9732530911851135	0.9717264587415066	0.9604995163358709	0.9756495960447695	0.9564417741606543	0.975409729402027	0.974897363348906	1.0	0.9780304806957794	0.9774379926144153	0.9555777713185071	0.97661524453992	0.9780223315350919	0.9738653610477163	0.9768495951655743	0.9767810371133913	0.9546862594772823	0.9784638917771226	0.9701426143030858
0.9841052115869436	0.9789299524866765	0.9851179833893425	0.9851649308214292	0.9831233542392707	0.9834598933186043	0.9795735486604416	0.9827817243360184	0.9835591490394339	0.9782874193302403	0.9852649751480739	0.9728074162632362	0.9789238728485694	0.9794653395370584	0.981006117437998	0.9809171003498013	0.9843136541846946	0.9837911085387576	0.9845865625851882	0.9852133909164634	0.9627090337813689	0.9781917827915031	0.9852717791054008	0.9846303749366175	0.9843798283309563	0.984467776487837	0.9809920024288183	0.9842470477887496	0.9642974384346795	0.9802497963457952	0.9792803897933592	0.9649245796840298	0.983932197814871	0.9600858196484943	0.9832825967849753	0.9830663011424052	0.9780304806957794	1.0	0.9863470278937096	0.9597320458890798	0.9842397944081455	0.983748225423707	0.9788979760099747	0.9841594932989479	0.9847789853218292	0.9583417014144093	0.9846857609224692	0.9771107068298442
