/home/jshaw/scratch/2022_sketched_distance/references/SGB_genome_fastas_part5/15035/BritoIL_2016__M1.15.ST__bin.23.fa	/home/jshaw/scratch/2022_sketched_distance/references/SGB_genome_fastas_part5/15035/BritoIL_2016__M1.22.ST__bin.76.fa	/home/jshaw/scratch/2022_sketched_distance/references/SGB_genome_fastas_part5/15035/BritoIL_2016__M1.3.ST__bin.76.fa	/home/jshaw/scratch/2022_sketched_distance/references/SGB_genome_fastas_part5/15035/BritoIL_2016__M1.48.ST__bin.38.fa	/home/jshaw/scratch/2022_sketched_distance/references/SGB_genome_fastas_part5/15035/BritoIL_2016__M1.52.ST__bin.16.fa	/home/jshaw/scratch/2022_sketched_distance/references/SGB_genome_fastas_part5/15035/BritoIL_2016__M1.59.ST__bin.30.fa	/home/jshaw/scratch/2022_sketched_distance/references/SGB_genome_fastas_part5/15035/BritoIL_2016__M2.46.ST__bin.81.fa	/home/jshaw/scratch/2022_sketched_distance/references/SGB_genome_fastas_part5/15035/BritoIL_2016__W1.1.ST__bin.115.fa	/home/jshaw/scratch/2022_sketched_distance/references/SGB_genome_fastas_part5/15035/BritoIL_2016__W1.33.ST__bin.49.fa	/home/jshaw/scratch/2022_sketched_distance/references/SGB_genome_fastas_part5/15035/BritoIL_2016__W1.41.ST__bin.35.fa	/home/jshaw/scratch/2022_sketched_distance/references/SGB_genome_fastas_part5/15035/BritoIL_2016__W1.53.ST__bin.71.fa	/home/jshaw/scratch/2022_sketched_distance/references/SGB_genome_fastas_part5/15035/BritoIL_2016__W2.17.ST__bin.59.fa	/home/jshaw/scratch/2022_sketched_distance/references/SGB_genome_fastas_part5/15035/BritoIL_2016__W2.35.ST__bin.94.fa	/home/jshaw/scratch/2022_sketched_distance/references/SGB_genome_fastas_part5/15035/BritoIL_2016__W2.39.ST__bin.22.fa	/home/jshaw/scratch/2022_sketched_distance/references/SGB_genome_fastas_part5/15035/BritoIL_2016__W2.61.ST__bin.63.fa	/home/jshaw/scratch/2022_sketched_distance/references/SGB_genome_fastas_part5/15035/BritoIL_2016__W2.6.ST__bin.50.fa	/home/jshaw/scratch/2022_sketched_distance/references/SGB_genome_fastas_part5/15035/BritoIL_2016__W2.7.ST__bin.18.fa	/home/jshaw/scratch/2022_sketched_distance/references/SGB_genome_fastas_part5/15035/BritoIL_2016__W3.22.ST__bin.82.fa	/home/jshaw/scratch/2022_sketched_distance/references/SGB_genome_fastas_part5/15035/BritoIL_2016__WL.12.ST__bin.24.fa	/home/jshaw/scratch/2022_sketched_distance/references/SGB_genome_fastas_part5/15035/BritoIL_2016__WL.14.ST__bin.58.fa	/home/jshaw/scratch/2022_sketched_distance/references/SGB_genome_fastas_part5/15035/BritoIL_2016__WL.37.ST__bin.63.fa	/home/jshaw/scratch/2022_sketched_distance/references/SGB_genome_fastas_part5/15035/BritoIL_2016__WL.43.ST__bin.39.fa	/home/jshaw/scratch/2022_sketched_distance/references/SGB_genome_fastas_part5/15035/CM_madagascar__A46_02_1FE__bin.8.fa	/home/jshaw/scratch/2022_sketched_distance/references/SGB_genome_fastas_part5/15035/CM_madagascar__A53_01_1FE__bin.4.fa	/home/jshaw/scratch/2022_sketched_distance/references/SGB_genome_fastas_part5/15035/CM_madagascar__A75_02_1FE__bin.34.fa	/home/jshaw/scratch/2022_sketched_distance/references/SGB_genome_fastas_part5/15035/CM_madagascar__A81_01_1FE__bin.50.fa	/home/jshaw/scratch/2022_sketched_distance/references/SGB_genome_fastas_part5/15035/FengQ_2015__SID31160__bin.57.fa	/home/jshaw/scratch/2022_sketched_distance/references/SGB_genome_fastas_part5/15035/HMP_2012__SRS024009__bin.28.fa	/home/jshaw/scratch/2022_sketched_distance/references/SGB_genome_fastas_part5/15035/LiJ_2014__MH0329__bin.15.fa	/home/jshaw/scratch/2022_sketched_distance/references/SGB_genome_fastas_part5/15035/LiJ_2017__H1F613739__bin.39.fa	/home/jshaw/scratch/2022_sketched_distance/references/SGB_genome_fastas_part5/15035/LiJ_2017__H2M615912__bin.50.fa	/home/jshaw/scratch/2022_sketched_distance/references/SGB_genome_fastas_part5/15035/Obregon-TitoAJ_2015__SM03__bin.1.fa	/home/jshaw/scratch/2022_sketched_distance/references/SGB_genome_fastas_part5/15035/Obregon-TitoAJ_2015__SM31__bin.33.fa	/home/jshaw/scratch/2022_sketched_distance/references/SGB_genome_fastas_part5/15035/Obregon-TitoAJ_2015__SM37__bin.42.fa	/home/jshaw/scratch/2022_sketched_distance/references/SGB_genome_fastas_part5/15035/Obregon-TitoAJ_2015__SM43__bin.3.fa	/home/jshaw/scratch/2022_sketched_distance/references/SGB_genome_fastas_part5/15035/VogtmannE_2016__MMRS21365932ST-27-0-0__bin.31.fa	/home/jshaw/scratch/2022_sketched_distance/references/SGB_genome_fastas_part5/15035/VogtmannE_2016__MMRS51307502ST-27-0-0__bin.48.fa	/home/jshaw/scratch/2022_sketched_distance/references/SGB_genome_fastas_part5/15035/XieH_2016__YSZC12003_37204__bin.77.fa	/home/jshaw/scratch/2022_sketched_distance/references/SGB_genome_fastas_part5/15035/ZellerG_2014__CCIS74726977ST-3-0__bin.68.fa
1.0	0.9738133959872463	0.9735053960743592	0.9743769411857743	0.9668832704454557	0.9731192229831374	0.974603448240403	0.974129978544806	0.9747272168633336	0.9731632328533345	0.9745361937642942	0.9755239285029451	0.9708506494024018	0.9732722257691867	0.9692136330710353	0.9810318283516738	0.9704683893602177	0.9715964579351248	0.9660247066025837	0.969939951472683	0.9739269514192136	0.9731602913935808	0.9722948161801253	0.9679220784334882	0.9701529880677421	0.973082494544196	0.9718004660036601	0.9729225147875216	0.9702756391478796	0.9695804723314027	0.9717419766827958	0.9709232623399734	0.9710132785094926	0.9718988487605671	0.9709289163363363	0.9709659479241671	0.9721196677873771	0.9713484749272048	0.9645355354975435
0.9738133959872463	1.0	0.9678058308657344	0.9750688004611964	0.9673902565642989	0.9764451197161961	0.9752299256676583	0.9734321781263574	0.9739317545190398	0.9880307565922961	0.9765120717410483	0.9741758286802444	0.9718145128168958	0.9726877357004685	0.9690767497043734	0.9718948018758808	0.9714386543100941	0.9722066228414994	0.9667673850166818	0.967165870039054	0.9740960314896524	0.9741649339114661	0.9714209872025447	0.9656073167338682	0.9703304029285115	0.972586751812234	0.971544714936537	0.9722212846437341	0.9703139667823047	0.9685697417753841	0.9730379552823665	0.970496860331254	0.9709828369863186	0.9718252099471626	0.9693662460482196	0.9716132426681837	0.9711937061572381	0.970584271291107	0.9642596610249313
0.9735053960743592	0.9678058308657344	1.0	0.9676515300436245	0.9618655255272012	0.9665217772600286	0.9678224461058542	0.9681057610864068	0.9666628236456641	0.9663786800269816	0.9668227052602633	0.9679105021280617	0.9641347476251654	0.9653651024564534	0.9630154745524241	0.9655030932180536	0.9664133293162859	0.9640347750170507	0.9610382281144327	0.9635932173993766	0.9671283573586027	0.9660666389778656	0.9647081888937382	0.960669489658889	0.9634995964185539	0.9648686407649519	0.9643064502137857	0.9653083369794284	0.9623582613271697	0.9621846392245303	0.965439684901318	0.962275009065582	0.9637415271459838	0.9647302312850423	0.9635295348845243	0.962642590247099	0.9644645353791977	0.9628041496621741	0.958872732062199
0.9743769411857743	0.9750688004611964	0.9676515300436245	1.0	0.9671737814163563	0.9728886546821062	0.97488038577474	0.974906090322582	0.9750628619923946	0.9737636990767691	0.9740139503110309	0.9754576869941209	0.973526032433004	0.9744057649550864	0.9705804190057438	0.9744965468546781	0.97122998552598	0.9727956847361575	0.9674808157168464	0.9685199378304834	0.9743720216348509	0.9739652750243831	0.9721774625546258	0.9661548934299362	0.9718467174257126	0.9727161257798705	0.9703417114021387	0.972250420247802	0.9705476635438638	0.9683831347672931	0.9719462073415082	0.9709111893453825	0.971917918997639	0.9724273049668195	0.9710751888197923	0.9721182607800289	0.9724843986731659	0.9714087914160981	0.9639623114862408
0.9668832704454557	0.9673902565642989	0.9618655255272012	0.9671737814163563	1.0	0.9661322723546821	0.9733526532436441	0.9682888299801895	0.9683660384834865	0.9657765806256373	0.9660968407868143	0.968156667520577	0.9615720941908303	0.9629775266191233	0.9599891846653598	0.9636787526590151	0.966173369086935	0.9654173675808151	0.9621442868422277	0.9672709040620534	0.9645032691689464	0.9649777455002265	0.9625809904318712	0.9618794802770895	0.9604876035512868	0.9642094121360465	0.9631153478215518	0.9630165981640518	0.960329481934696	0.9617632353772576	0.962884720539827	0.96118258135338	0.9626107156182183	0.961544440892163	0.9622714798662829	0.9619992157383733	0.9626406113721863	0.963286354392721	0.9572699890451787
0.9731192229831374	0.9764451197161961	0.9665217772600286	0.9728886546821062	0.9661322723546821	1.0	0.9705729292540183	0.9723429534632526	0.9714528962493154	0.9754976613567475	0.9729628125384493	0.972369407425773	0.9689508787096099	0.9707636040109159	0.9679810364754763	0.9699524125745862	0.9693969783162847	0.9693412413482163	0.9643620244147049	0.968705757962679	0.9724333398855927	0.9711623963698794	0.9696277508007393	0.9665669926238338	0.9687585876062537	0.9704815687549684	0.969359022488669	0.9699503969588817	0.9679350931731554	0.9674541215687972	0.9706610979448984	0.9698374387335801	0.9698185070419876	0.9700365409073538	0.9682960641892289	0.9693247340248698	0.9692060815616946	0.9686147917685893	0.9620782926540252
0.974603448240403	0.9752299256676583	0.9678224461058542	0.97488038577474	0.9733526532436441	0.9705729292540183	1.0	0.9735587659066655	0.9738657836703354	0.9756150887516756	0.9744336547097037	0.9744408309984153	0.971999511744911	0.9750957919454845	0.9720388739059849	0.9752982104564593	0.9717070320908204	0.9731315166934195	0.9674942816658315	0.9673608189512388	0.9737921354828151	0.9737258122376863	0.9735314286917032	0.9646546582157873	0.9693558373632032	0.9754811465708736	0.97178747666241	0.9719984773168208	0.9710752071395327	0.9681603739374929	0.9713955166820256	0.9711124940373056	0.9701495690647783	0.9696815369033666	0.9700509229520916	0.9716281994155307	0.9717548216356167	0.9711487094253947	0.9637135847890117
0.974129978544806	0.9734321781263574	0.9681057610864068	0.974906090322582	0.9682888299801895	0.9723429534632526	0.9735587659066655	1.0	0.9898543977935854	0.9735285113326607	0.9725639965628827	0.9730379552823665	0.9713207183550502	0.9746139120419326	0.9717625109100047	0.9726080665469569	0.971452039331266	0.9731192966937254	0.9650338884594649	0.9761310305129071	0.9734507136097834	0.9728044960691133	0.9730513835340032	0.9660406319265393	0.9685970424253904	0.9728044960691133	0.9722987577473743	0.9712565585184576	0.9706425807036368	0.9680381835936548	0.9717012457070562	0.9706030193409665	0.9709003350787797	0.9718459139143121	0.9703628052873842	0.9707126338871558	0.9729233920453978	0.9709170305742324	0.9620379403318219
0.9747272168633336	0.9739317545190398	0.9666628236456641	0.9750628619923946	0.9683660384834865	0.9714528962493154	0.9738657836703354	0.9898543977935854	1.0	0.9746084116360703	0.9728018906409409	0.9737098319712727	0.9720415347464397	0.9758618924400015	0.9724345739272744	0.9779779447095283	0.9722482087282796	0.9722204725949047	0.9657362335964769	0.9739528452760876	0.9742332097260844	0.9724900939275554	0.9712864102255312	0.9652875934402899	0.9686473620739608	0.9720211719131908	0.9723196549597393	0.9717751176855768	0.9701171966681991	0.9689769137770322	0.9717774707646074	0.9715413987433078	0.9704672200402569	0.971726414475197	0.9696553092224216	0.9708897815603842	0.9729264313382004	0.9713876247305889	0.9627511585819509
0.9731632328533345	0.9880307565922961	0.9663786800269816	0.9737636990767691	0.9657765806256373	0.9754976613567475	0.9756150887516756	0.9735285113326607	0.9746084116360703	1.0	0.9748805508673956	0.9729646683761457	0.9729819563060133	0.9725440344934336	0.971022450471516	0.9738262092674718	0.9716222300224374	0.971715124889471	0.9661873216824038	0.9666569617080244	0.9736242204682307	0.973955470926472	0.9719532985793841	0.964350072651927	0.9701027171038104	0.9727214019778065	0.9713047280990411	0.9716158903815798	0.9713995687667935	0.9671738855126076	0.9718747639194019	0.9707765325439277	0.9705584928491935	0.9713471120232485	0.9686911650584287	0.971344479969494	0.971989097367133	0.9707338342262816	0.9625448200150236
0.9745361937642942	0.9765120717410483	0.9668227052602633	0.9740139503110309	0.9660968407868143	0.9729628125384493	0.9744336547097037	0.9725639965628827	0.9728018906409409	0.9748805508673956	1.0	0.9739087725699136	0.971653424479759	0.9729493167273752	0.9685995807682171	0.9731788701756353	0.971544556776526	0.9711032795425745	0.9651054311640941	0.9667269372316226	0.9734775509668702	0.9727775466152063	0.9703461748370898	0.9666934712422788	0.9704798085617389	0.9721314700207984	0.9714489192476551	0.9712305298712065	0.9701535393610388	0.9679663984495115	0.9707727961635344	0.9698093339655529	0.9705085590941298	0.970427822641476	0.9691452207752836	0.9711512950148078	0.9717597321934198	0.9707760531047274	0.9623532619336094
0.9755239285029451	0.9741758286802444	0.9679105021280617	0.9754576869941209	0.968156667520577	0.972369407425773	0.9744408309984153	0.9730379552823665	0.9737098319712727	0.9729646683761457	0.9739087725699136	1.0	0.9720960672780767	0.9732980708367613	0.9694839854275766	0.9724146678411303	0.9715654089569862	0.9734177428705546	0.9673674827278714	0.9693236462586324	0.9734112188399084	0.972348318803995	0.9721895930806911	0.9675296678445905	0.9697025171313194	0.9731514821771113	0.971543177105324	0.9721455251741591	0.970148530381561	0.9685686577741442	0.9712778008776958	0.9704632048452878	0.9702135575968336	0.9718441856386508	0.9697432803257257	0.9720861918537433	0.9719862425831174	0.9706426981334896	0.9630034667453811
0.9708506494024018	0.9718145128168958	0.9641347476251654	0.973526032433004	0.9615720941908303	0.9689508787096099	0.971999511744911	0.9713207183550502	0.9720415347464397	0.9729819563060133	0.971653424479759	0.9720960672780767	1.0	0.9716697846342411	0.9683473563396556	0.9717152456012849	0.9693988068559449	0.970515840602514	0.9628425410922843	0.9657420418777866	0.9736562843894572	0.972353127648311	0.969246931507528	0.9638040605821137	0.9685673615574693	0.9705384662032326	0.9695938449552024	0.9716130358043094	0.9692771353993352	0.9655970412712246	0.9699516602754263	0.9705265265065807	0.9689414594238153	0.9693880312780491	0.9677008156006953	0.9701303674076162	0.9709296670843837	0.9678303880997681	0.9581751759559888
0.9732722257691867	0.9726877357004685	0.9653651024564534	0.9744057649550864	0.9629775266191233	0.9707636040109159	0.9750957919454845	0.9746139120419326	0.9758618924400015	0.9725440344934336	0.9729493167273752	0.9732980708367613	0.9716697846342411	1.0	0.9878778010592567	0.9735281630510034	0.9705962254930514	0.9726825427823248	0.9656725165313621	0.9662986078484761	0.97388418877802	0.9729510108533967	0.9715047229596344	0.9650254998078382	0.9694509547771423	0.973254302179175	0.9704680402676126	0.9724101910927536	0.9700904264839334	0.9688259798443035	0.9710540718156258	0.971939466122676	0.9689892980796009	0.970309266908715	0.9700050583829913	0.9725491007893224	0.9724896713732707	0.970161437209886	0.9629046639251733
0.9692136330710353	0.9690767497043734	0.9630154745524241	0.9705804190057438	0.9599891846653598	0.9679810364754763	0.9720388739059849	0.9717625109100047	0.9724345739272744	0.971022450471516	0.9685995807682171	0.9694839854275766	0.9683473563396556	0.9878778010592567	1.0	0.9716489453329745	0.9681031907929987	0.9707272488829602	0.9632228700254231	0.9634161300337483	0.9710791200951819	0.9702421361365153	0.9692221558164762	0.9628469705985795	0.9650255654689395	0.97147459450949	0.9669240120385747	0.9697151283029162	0.9675255371780273	0.9652440908582054	0.9680395651553627	0.9676542309712711	0.96614422223505	0.9667070251713596	0.966081456672712	0.969754888878547	0.9704351063551854	0.9668511561950246	0.9585649424832466
0.9810318283516738	0.9718948018758808	0.9655030932180536	0.9744965468546781	0.9636787526590151	0.9699524125745862	0.9752982104564593	0.9726080665469569	0.9779779447095283	0.9738262092674718	0.9731788701756353	0.9724146678411303	0.9717152456012849	0.9735281630510034	0.9716489453329745	1.0	0.9710736618271546	0.9718592010904602	0.9657987723237075	0.965136416814568	0.9730332056047406	0.9733017599932795	0.9716643639914787	0.9644682777536682	0.9689602002584433	0.9730710484376677	0.9705800727309641	0.9712888211868441	0.9709978599710087	0.9667277010489572	0.9706390656942635	0.9705838857804694	0.9699896140407966	0.9708376643431342	0.9683812717852535	0.9707193078823931	0.9725853760174603	0.9703252825443691	0.9605286429828872
0.9704683893602177	0.9714386543100941	0.9664133293162859	0.97122998552598	0.966173369086935	0.9693969783162847	0.9717070320908204	0.971452039331266	0.9722482087282796	0.9716222300224374	0.971544556776526	0.9715654089569862	0.9693988068559449	0.9705962254930514	0.9681031907929987	0.9710736618271546	1.0	0.9723129694491204	0.9647608496912262	0.9658641832457484	0.9719656924666094	0.971819038197593	0.9690575167600841	0.9653940551732471	0.9686675702783448	0.9695741646400042	0.9684792839303265	0.9688155717774483	0.966973151347851	0.9670578765990688	0.9685046047548563	0.9679061809439039	0.968729882847647	0.9679328399073036	0.9677453793114839	0.9675582741537311	0.9697712829266758	0.9683356278942351	0.9611497809099965
0.9715964579351248	0.9722066228414994	0.9640347750170507	0.9727956847361575	0.9654173675808151	0.9693412413482163	0.9731315166934195	0.9731192966937254	0.9722204725949047	0.971715124889471	0.9711032795425745	0.9734177428705546	0.970515840602514	0.9726825427823248	0.9707272488829602	0.9718592010904602	0.9723129694491204	1.0	0.9649818520517662	0.9655788331560881	0.9714441311529726	0.972114915765256	0.9724081310202406	0.9640316479898421	0.9670502686333876	0.9717507691401801	0.9706158977689177	0.9697279655058313	0.9696530393925179	0.9673438235852253	0.9695580775255876	0.9692619992922238	0.9690392386542959	0.9693519078549694	0.9690886967093644	0.9705358627548569	0.970904388016867	0.9701784936199555	0.9616356682213619
0.9660247066025837	0.9667673850166818	0.9610382281144327	0.9674808157168464	0.9621442868422277	0.9643620244147049	0.9674942816658315	0.9650338884594649	0.9657362335964769	0.9661873216824038	0.9651054311640941	0.9673674827278714	0.9628425410922843	0.9656725165313621	0.9632228700254231	0.9657987723237075	0.9647608496912262	0.9649818520517662	1.0	0.9621120649827954	0.9645913910423206	0.964866742971332	0.9633121555077301	0.961307057439205	0.9626685772729273	0.9663502926727734	0.9637942468173099	0.9638970617362069	0.9612119549011527	0.9602907269330175	0.9635868005921814	0.9619325554343736	0.9615587043018109	0.962516695825095	0.9619196452373354	0.9628653014103421	0.962928057207869	0.9620120549435993	0.9568290329010708
0.969939951472683	0.967165870039054	0.9635932173993766	0.9685199378304834	0.9672709040620534	0.968705757962679	0.9673608189512388	0.9761310305129071	0.9739528452760876	0.9666569617080244	0.9667269372316226	0.9693236462586324	0.9657420418777866	0.9662986078484761	0.9634161300337483	0.965136416814568	0.9658641832457484	0.9655788331560881	0.9621120649827954	1.0	0.9662986078484761	0.9678020860545569	0.9645986148368391	0.9643837918460095	0.9638766879148896	0.9654834364941014	0.9662703667919824	0.9640629369201217	0.9638232736191251	0.9627405208861832	0.965277754851065	0.9633633392443122	0.9650781077535778	0.9647977430206223	0.9641611384172003	0.9640366724988402	0.964025862909035	0.9658896371465479	0.9608668696967709
0.9739269514192136	0.9740960314896524	0.9671283573586027	0.9743720216348509	0.9645032691689464	0.9724333398855927	0.9737921354828151	0.9734507136097834	0.9742332097260844	0.9736242204682307	0.9734775509668702	0.9734112188399084	0.9736562843894572	0.97388418877802	0.9710791200951819	0.9730332056047406	0.9719656924666094	0.9714441311529726	0.9645913910423206	0.9662986078484761	1.0	0.973983960635362	0.970874792910441	0.9652455247765084	0.9697296832263981	0.9722666984939594	0.971217298585905	0.9718253976871786	0.9707979062927747	0.9675042962235444	0.9716811503604201	0.9705853378482505	0.9702611127109287	0.9724350916736567	0.9702818316935024	0.9706149212941713	0.9719442343842032	0.9696362708867715	0.9621797341825437
0.9731602913935808	0.9741649339114661	0.9660666389778656	0.9739652750243831	0.9649777455002265	0.9711623963698794	0.9737258122376863	0.9728044960691133	0.9724900939275554	0.973955470926472	0.9727775466152063	0.972348318803995	0.972353127648311	0.9729510108533967	0.9702421361365153	0.9733017599932795	0.971819038197593	0.972114915765256	0.964866742971332	0.9678020860545569	0.973983960635362	1.0	0.9711862513781446	0.9642483493034173	0.9695923923479212	0.9718939063467302	0.9712305860014772	0.9709805026186481	0.969857666594511	0.966631718890595	0.9702421275886802	0.96981459056553	0.9700791793791173	0.9707841500694411	0.9688582032796973	0.9705220291542924	0.9728648881320131	0.9693323702030077	0.9615213023685938
0.9722948161801253	0.9714209872025447	0.9647081888937382	0.9721774625546258	0.9625809904318712	0.9696277508007393	0.9735314286917032	0.9730513835340032	0.9712864102255312	0.9719532985793841	0.9703461748370898	0.9721895930806911	0.969246931507528	0.9715047229596344	0.9692221558164762	0.9716643639914787	0.9690575167600841	0.9724081310202406	0.9633121555077301	0.9645986148368391	0.970874792910441	0.9711862513781446	1.0	0.9665623484785896	0.9705806151783443	0.9738759114636046	0.9707274954110722	0.9721226509489116	0.9693569400730073	0.966522129205298	0.9702021561294432	0.9695355635477648	0.968659305856921	0.9693186223569039	0.9691838492391293	0.9697729645945132	0.9711521833483835	0.9695920842515932	0.961951597143465
0.9679220784334882	0.9656073167338682	0.960669489658889	0.9661548934299362	0.9618794802770895	0.9665669926238338	0.9646546582157873	0.9660406319265393	0.9652875934402899	0.964350072651927	0.9666934712422788	0.9675296678445905	0.9638040605821137	0.9650254998078382	0.9628469705985795	0.9644682777536682	0.9653940551732471	0.9640316479898421	0.961307057439205	0.9643837918460095	0.9652455247765084	0.9642483493034173	0.9665623484785896	1.0	0.9648362241373253	0.9662120684522293	0.9645361665887713	0.9645336704166264	0.9633219338047028	0.9619838333035531	0.9655421766436013	0.9639706392026143	0.9634179161752177	0.9639476021179159	0.9621173460125572	0.9640850354149777	0.9645140841482573	0.9641530484596248	0.9583475321938503
0.9701529880677421	0.9703304029285115	0.9634995964185539	0.9718467174257126	0.9604876035512868	0.9687585876062537	0.9693558373632032	0.9685970424253904	0.9686473620739608	0.9701027171038104	0.9704798085617389	0.9697025171313194	0.9685673615574693	0.9694509547771423	0.9650255654689395	0.9689602002584433	0.9686675702783448	0.9670502686333876	0.9626685772729273	0.9638766879148896	0.9697296832263981	0.9695923923479212	0.9705806151783443	0.9648362241373253	1.0	0.9704143270493323	0.9689922913552587	0.9687994263238324	0.9661467071801247	0.9638085982898709	0.9684658941361086	0.9680674758557924	0.96968903498886	0.9682797727412665	0.9673009520829581	0.9689765537219565	0.96810663247201	0.9674394907022394	0.95976402933812
0.973082494544196	0.972586751812234	0.9648686407649519	0.9727161257798705	0.9642094121360465	0.9704815687549684	0.9754811465708736	0.9728044960691133	0.9720211719131908	0.9727214019778065	0.9721314700207984	0.9731514821771113	0.9705384662032326	0.973254302179175	0.97147459450949	0.9730710484376677	0.9695741646400042	0.9717507691401801	0.9663502926727734	0.9654834364941014	0.9722666984939594	0.9718939063467302	0.9738759114636046	0.9662120684522293	0.9704143270493323	1.0	0.9708971449291525	0.9714296744107275	0.9708469669708946	0.9685943449274069	0.9705449402714024	0.9708117304165896	0.9694693542236014	0.9712721231963439	0.9699852320924618	0.9716250089854161	0.9712617406788638	0.9699806678424079	0.961829979488546
0.9718004660036601	0.971544714936537	0.9643064502137857	0.9703417114021387	0.9631153478215518	0.969359022488669	0.97178747666241	0.9722987577473743	0.9723196549597393	0.9713047280990411	0.9714489192476551	0.971543177105324	0.9695938449552024	0.9704680402676126	0.9669240120385747	0.9705800727309641	0.9684792839303265	0.9706158977689177	0.9637942468173099	0.9662703667919824	0.971217298585905	0.9712305860014772	0.9707274954110722	0.9645361665887713	0.9689922913552587	0.9708971449291525	1.0	0.9712884618858271	0.9701834918229094	0.9672431605465293	0.9721277503740466	0.9710194623363609	0.9697434341681662	0.9699369713761316	0.9697349994570584	0.970351075425902	0.9732357785106504	0.9709234505999301	0.9624700805361374
0.9729225147875216	0.9722212846437341	0.9653083369794284	0.972250420247802	0.9630165981640518	0.9699503969588817	0.9719984773168208	0.9712565585184576	0.9717751176855768	0.9716158903815798	0.9712305298712065	0.9721455251741591	0.9716130358043094	0.9724101910927536	0.9697151283029162	0.9712888211868441	0.9688155717774483	0.9697279655058313	0.9638970617362069	0.9640629369201217	0.9718253976871786	0.9709805026186481	0.9721226509489116	0.9645336704166264	0.9687994263238324	0.9714296744107275	0.9712884618858271	1.0	0.9708820941482567	0.9689123969211397	0.9713508014058084	0.9708821455716552	0.9696903486790904	0.9707791927352304	0.9682168365526053	0.9737618850557745	0.9720795457902804	0.971260055779337	0.9622970759501688
0.9702756391478796	0.9703139667823047	0.9623582613271697	0.9705476635438638	0.960329481934696	0.9679350931731554	0.9710752071395327	0.9706425807036368	0.9701171966681991	0.9713995687667935	0.9701535393610388	0.970148530381561	0.9692771353993352	0.9700904264839334	0.9675255371780273	0.9709978599710087	0.966973151347851	0.9696530393925179	0.9612119549011527	0.9638232736191251	0.9707979062927747	0.969857666594511	0.9693569400730073	0.9633219338047028	0.9661467071801247	0.9708469669708946	0.9701834918229094	0.9708820941482567	1.0	0.9669911291647748	0.9687379981207471	0.969048904271758	0.9680413768942379	0.9686514885621981	0.9671643166085728	0.9691902591997866	0.971465201702937	0.970028354179932	0.9594389120541724
0.9695804723314027	0.9685697417753841	0.9621846392245303	0.9683831347672931	0.9617632353772576	0.9674541215687972	0.9681603739374929	0.9680381835936548	0.9689769137770322	0.9671738855126076	0.9679663984495115	0.9685686577741442	0.9655970412712246	0.9688259798443035	0.9652440908582054	0.9667277010489572	0.9670578765990688	0.9673438235852253	0.9602907269330175	0.9627405208861832	0.9675042962235444	0.966631718890595	0.966522129205298	0.9619838333035531	0.9638085982898709	0.9685943449274069	0.9672431605465293	0.9689123969211397	0.9669911291647748	1.0	0.9698847708546715	0.9654218413524644	0.966313839078246	0.9659260221834266	0.9637835601912356	0.9663492705617726	0.967696283851346	0.9681053870144286	0.961163938460296
0.9717419766827958	0.9730379552823665	0.965439684901318	0.9719462073415082	0.962884720539827	0.9706610979448984	0.9713955166820256	0.9717012457070562	0.9717774707646074	0.9718747639194019	0.9707727961635344	0.9712778008776958	0.9699516602754263	0.9710540718156258	0.9680395651553627	0.9706390656942635	0.9685046047548563	0.9695580775255876	0.9635868005921814	0.965277754851065	0.9716811503604201	0.9702421275886802	0.9702021561294432	0.9655421766436013	0.9684658941361086	0.9705449402714024	0.9721277503740466	0.9713508014058084	0.9687379981207471	0.9698847708546715	1.0	0.9697152703817219	0.9690834416811007	0.9707569872232698	0.9685344868500807	0.9713027024592557	0.9721129473587767	0.9700021954374605	0.9626249768659463
0.9709232623399734	0.970496860331254	0.962275009065582	0.9709111893453825	0.96118258135338	0.9698374387335801	0.9711124940373056	0.9706030193409665	0.9715413987433078	0.9707765325439277	0.9698093339655529	0.9704632048452878	0.9705265265065807	0.971939466122676	0.9676542309712711	0.9705838857804694	0.9679061809439039	0.9692619992922238	0.9619325554343736	0.9633633392443122	0.9705853378482505	0.96981459056553	0.9695355635477648	0.9639706392026143	0.9680674758557924	0.9708117304165896	0.9710194623363609	0.9708821455716552	0.969048904271758	0.9654218413524644	0.9697152703817219	1.0	0.9696457093551658	0.974904284549713	0.9747345390918231	0.9702624650184233	0.9719394212113976	0.9692342166388218	0.9593848501644298
0.9710132785094926	0.9709828369863186	0.9637415271459838	0.971917918997639	0.9626107156182183	0.9698185070419876	0.9701495690647783	0.9709003350787797	0.9704672200402569	0.9705584928491935	0.9705085590941298	0.9702135575968336	0.9689414594238153	0.9689892980796009	0.96614422223505	0.9699896140407966	0.968729882847647	0.9690392386542959	0.9615587043018109	0.9650781077535778	0.9702611127109287	0.9700791793791173	0.968659305856921	0.9634179161752177	0.96968903498886	0.9694693542236014	0.9697434341681662	0.9696903486790904	0.9680413768942379	0.966313839078246	0.9690834416811007	0.9696457093551658	1.0	0.9713598453788364	0.9696404666968149	0.9703383543839887	0.9696626615461601	0.9709863907923288	0.9631493641476959
0.9718988487605671	0.9718252099471626	0.9647302312850423	0.9724273049668195	0.961544440892163	0.9700365409073538	0.9696815369033666	0.9718459139143121	0.971726414475197	0.9713471120232485	0.970427822641476	0.9718441856386508	0.9693880312780491	0.970309266908715	0.9667070251713596	0.9708376643431342	0.9679328399073036	0.9693519078549694	0.962516695825095	0.9647977430206223	0.9724350916736567	0.9707841500694411	0.9693186223569039	0.9639476021179159	0.9682797727412665	0.9712721231963439	0.9699369713761316	0.9707791927352304	0.9686514885621981	0.9659260221834266	0.9707569872232698	0.974904284549713	0.9713598453788364	1.0	0.9726101378637365	0.9698833991256143	0.972140744583737	0.9690220516576943	0.961667688563885
0.9709289163363363	0.9693662460482196	0.9635295348845243	0.9710751888197923	0.9622714798662829	0.9682960641892289	0.9700509229520916	0.9703628052873842	0.9696553092224216	0.9686911650584287	0.9691452207752836	0.9697432803257257	0.9677008156006953	0.9700050583829913	0.966081456672712	0.9683812717852535	0.9677453793114839	0.9690886967093644	0.9619196452373354	0.9641611384172003	0.9702818316935024	0.9688582032796973	0.9691838492391293	0.9621173460125572	0.9673009520829581	0.9699852320924618	0.9697349994570584	0.9682168365526053	0.9671643166085728	0.9637835601912356	0.9685344868500807	0.9747345390918231	0.9696404666968149	0.9726101378637365	1.0	0.968924393129359	0.9691812831728389	0.9690507707109627	0.960101681605665
0.9709659479241671	0.9716132426681837	0.962642590247099	0.9721182607800289	0.9619992157383733	0.9693247340248698	0.9716281994155307	0.9707126338871558	0.9708897815603842	0.971344479969494	0.9711512950148078	0.9720861918537433	0.9701303674076162	0.9725491007893224	0.969754888878547	0.9707193078823931	0.9675582741537311	0.9705358627548569	0.9628653014103421	0.9640366724988402	0.9706149212941713	0.9705220291542924	0.9697729645945132	0.9640850354149777	0.9689765537219565	0.9716250089854161	0.970351075425902	0.9737618850557745	0.9691902591997866	0.9663492705617726	0.9713027024592557	0.9702624650184233	0.9703383543839887	0.9698833991256143	0.968924393129359	1.0	0.9732655790236546	0.9707502427774253	0.9626926000269183
0.9721196677873771	0.9711937061572381	0.9644645353791977	0.9724843986731659	0.9626406113721863	0.9692060815616946	0.9717548216356167	0.9729233920453978	0.9729264313382004	0.971989097367133	0.9717597321934198	0.9719862425831174	0.9709296670843837	0.9724896713732707	0.9704351063551854	0.9725853760174603	0.9697712829266758	0.970904388016867	0.962928057207869	0.964025862909035	0.9719442343842032	0.9728648881320131	0.9711521833483835	0.9645140841482573	0.96810663247201	0.9712617406788638	0.9732357785106504	0.9720795457902804	0.971465201702937	0.967696283851346	0.9721129473587767	0.9719394212113976	0.9696626615461601	0.972140744583737	0.9691812831728389	0.9732655790236546	1.0	0.9726874800644935	0.9611407984703346
0.9713484749272048	0.970584271291107	0.9628041496621741	0.9714087914160981	0.963286354392721	0.9686147917685893	0.9711487094253947	0.9709170305742324	0.9713876247305889	0.9707338342262816	0.9707760531047274	0.9706426981334896	0.9678303880997681	0.970161437209886	0.9668511561950246	0.9703252825443691	0.9683356278942351	0.9701784936199555	0.9620120549435993	0.9658896371465479	0.9696362708867715	0.9693323702030077	0.9695920842515932	0.9641530484596248	0.9674394907022394	0.9699806678424079	0.9709234505999301	0.971260055779337	0.970028354179932	0.9681053870144286	0.9700021954374605	0.9692342166388218	0.9709863907923288	0.9690220516576943	0.9690507707109627	0.9707502427774253	0.9726874800644935	1.0	0.9636461904769063
0.9645355354975435	0.9642596610249313	0.958872732062199	0.9639623114862408	0.9572699890451787	0.9620782926540252	0.9637135847890117	0.9620379403318219	0.9627511585819509	0.9625448200150236	0.9623532619336094	0.9630034667453811	0.9581751759559888	0.9629046639251733	0.9585649424832466	0.9605286429828872	0.9611497809099965	0.9616356682213619	0.9568290329010708	0.9608668696967709	0.9621797341825437	0.9615213023685938	0.961951597143465	0.9583475321938503	0.95976402933812	0.961829979488546	0.9624700805361374	0.9622970759501688	0.9594389120541724	0.961163938460296	0.9626249768659463	0.9593848501644298	0.9631493641476959	0.961667688563885	0.960101681605665	0.9626926000269183	0.9611407984703346	0.9636461904769063	1.0
