/home/jshaw/scratch/2022_sketched_distance/references/SGB_genome_fastas_part3/4630/FengQ_2015__SID31367__bin.39.fa	/home/jshaw/scratch/2022_sketched_distance/references/SGB_genome_fastas_part3/4630/FengQ_2015__SID31883__bin.30.fa	/home/jshaw/scratch/2022_sketched_distance/references/SGB_genome_fastas_part3/4630/FengQ_2015__SID530450__bin.66.fa	/home/jshaw/scratch/2022_sketched_distance/references/SGB_genome_fastas_part3/4630/GeversD_2014__SKBSTL008__bin.83.fa	/home/jshaw/scratch/2022_sketched_distance/references/SGB_genome_fastas_part3/4630/HeQ_2017__SZAXPI029463-136__bin.44.fa	/home/jshaw/scratch/2022_sketched_distance/references/SGB_genome_fastas_part3/4630/HeQ_2017__SZAXPI029483-78__bin.3.fa	/home/jshaw/scratch/2022_sketched_distance/references/SGB_genome_fastas_part3/4630/HeQ_2017__SZAXPI029564-74__bin.70.fa	/home/jshaw/scratch/2022_sketched_distance/references/SGB_genome_fastas_part3/4630/IjazUZ_2017__S149_a_WGS__bin.14.fa	/home/jshaw/scratch/2022_sketched_distance/references/SGB_genome_fastas_part3/4630/IjazUZ_2017__S14_a_WGS__bin.19.fa	/home/jshaw/scratch/2022_sketched_distance/references/SGB_genome_fastas_part3/4630/IjazUZ_2017__S15_a_WGS__bin.1.fa	/home/jshaw/scratch/2022_sketched_distance/references/SGB_genome_fastas_part3/4630/IjazUZ_2017__S16_a_WGS__bin.12.fa	/home/jshaw/scratch/2022_sketched_distance/references/SGB_genome_fastas_part3/4630/LiJ_2014__V1.CD54-0__bin.3.fa	/home/jshaw/scratch/2022_sketched_distance/references/SGB_genome_fastas_part3/4630/LoombaR_2017__SID5639_uuc__bin.9.fa	/home/jshaw/scratch/2022_sketched_distance/references/SGB_genome_fastas_part3/4630/NielsenHB_2014__V1_UC16_0__bin.1.fa	/home/jshaw/scratch/2022_sketched_distance/references/SGB_genome_fastas_part3/4630/QinJ_2012__T2D-016__bin.41.fa	/home/jshaw/scratch/2022_sketched_distance/references/SGB_genome_fastas_part3/4630/XieH_2016__YSZC12003_37190R1__bin.30.fa	/home/jshaw/scratch/2022_sketched_distance/references/SGB_genome_fastas_part3/4630/XieH_2016__YSZC12003_37400__bin.34.fa	/home/jshaw/scratch/2022_sketched_distance/references/SGB_genome_fastas_part3/4630/YuJ_2015__SZAXPI003415-12__bin.8.fa	/home/jshaw/scratch/2022_sketched_distance/references/SGB_genome_fastas_part3/4630/YuJ_2015__SZAXPI003422-11__bin.45.fa	/home/jshaw/scratch/2022_sketched_distance/references/SGB_genome_fastas_part3/4630/YuJ_2015__SZAXPI003424-12__bin.59.fa	/home/jshaw/scratch/2022_sketched_distance/references/SGB_genome_fastas_part3/4630/YuJ_2015__SZAXPI003428-6__bin.7.fa	/home/jshaw/scratch/2022_sketched_distance/references/SGB_genome_fastas_part3/4630/YuJ_2015__SZAXPI015211-166__bin.3.fa	/home/jshaw/scratch/2022_sketched_distance/references/SGB_genome_fastas_part3/4630/YuJ_2015__SZAXPI015233-19__bin.6.fa	/home/jshaw/scratch/2022_sketched_distance/references/SGB_genome_fastas_part3/4630/YuJ_2015__SZAXPI017457-24__bin.57.fa	/home/jshaw/scratch/2022_sketched_distance/references/SGB_genome_fastas_part3/4630/YuJ_2015__SZAXPI017595-169__bin.30.fa	/home/jshaw/scratch/2022_sketched_distance/references/SGB_genome_fastas_part3/4630/ZellerG_2014__CCIS24254057ST-4-0__bin.15.fa	/home/jshaw/scratch/2022_sketched_distance/references/SGB_genome_fastas_part3/4630/ZellerG_2014__CCIS88007743ST-4-0__bin.21.fa
1.0	0.988525305328633	0.9878352661206642	0.9975066591126064	0.9900993274734609	0.9976410217347629	0.9912573757375993	0.9875941319689426	0.99058785592264	0.9889430406066233	0.9887620528728929	0.9867629018256029	0.9903830401996759	0.9846703639929706	0.9967948505880435	0.9868344831822187	0.9891337309109866	0.9981121469328323	0.9927727636774226	0.9909811073488799	0.9918030784626781	0.9906435484180451	0.9902156866721208	0.9897913448065807	0.9924848311244868	0.989645582261126	0.9957741632076608
0.988525305328633	1.0	0.9860475452234859	0.9897129727779937	0.9885412136201377	0.9884456484591542	0.9894045525028594	0.9837010337412266	0.9981248193449745	0.9915193727155472	0.9913278539780728	0.9860132144790793	0.9889364454498889	0.9798345714232494	0.9885888924656804	0.9858410207693957	0.9834207864828054	0.9895745404103331	0.9910367903874939	0.9888104861785639	0.9903062243739206	0.9837748072052648	0.9875072700397817	0.9834565202893528	0.9908890021215703	0.9864228358147556	0.9879636195940531
0.9878352661206642	0.9860475452234859	1.0	0.9895109340784136	0.9947561967658336	0.9881885323316127	0.9884405582621846	0.9860184050273033	0.9895244337298251	0.9865938822065019	0.9869044601156081	0.9937383084681264	0.9894162814921651	0.9886858764504376	0.9879911703012488	0.9859345417625754	0.9897406145951918	0.9891170209023293	0.9904690607036261	0.9948941739112123	0.9894433528176846	0.986717342210424	0.994848245288477	0.9862991458836396	0.9901527659112306	0.9857956377600396	0.9888838992596364
0.9975066591126064	0.9897129727779937	0.9895109340784136	1.0	0.990738528366026	0.9977255290237791	0.989933028848466	0.9885309840890484	0.9900799161565677	0.9900653256501712	0.9900106489675589	0.9871869776078966	0.9898716323034334	0.9863785614199408	0.9974332434283275	0.9866207897992256	0.9897781766259185	0.9972250184355959	0.9916656087597469	0.9910870733665273	0.9907089810695351	0.9908893973890872	0.9905356734474843	0.9903449332335578	0.9915723500668974	0.9905307657384784	0.9962159600790998
0.9900993274734609	0.9885412136201377	0.9947561967658336	0.990738528366026	1.0	0.9904484015252283	0.9885368831851422	0.9876694668120081	0.989700056641406	0.9891800202341703	0.9893922594862627	0.9939890788387534	0.9893591997828478	0.9910835611677289	0.9903588019224562	0.9866484293345165	0.9914613952185974	0.9901615098062713	0.9906288132708049	0.9954065942572754	0.9896372001642116	0.9890964016513091	0.9968441954790421	0.9882050805917159	0.9906043825554522	0.9893451639932378	0.9907846135023086
0.9976410217347629	0.9884456484591542	0.9881885323316127	0.9977255290237791	0.9904484015252283	1.0	0.990950107901092	0.9874732364718211	0.9902201223503431	0.9889905730043692	0.9891700140545466	0.9866908056915553	0.9903978090642652	0.985050308510018	0.9970901795320235	0.9866624635004277	0.9894385686313456	0.9980988466283125	0.9927192901955428	0.990624867111416	0.991822293340675	0.9903958553305247	0.9901053879998651	0.989483774015026	0.9926956832485462	0.9899877146222837	0.996210116085947
0.9912573757375993	0.9894045525028594	0.9884405582621846	0.989933028848466	0.9885368831851422	0.990950107901092	1.0	0.9885163196327141	0.9898723607373601	0.9903552264067655	0.9909266483704011	0.9866123638826282	0.9897865768132202	0.9852054872170775	0.9915162863358984	0.9860349270720119	0.9899279985768012	0.9901405246080955	0.9989650369255	0.9899979430202903	0.9976848614417776	0.9975004999188567	0.9889582278459942	0.989026188737912	0.9983263636478774	0.9905307657384784	0.9901447044003456
0.9875941319689426	0.9837010337412266	0.9860184050273033	0.9885309840890484	0.9876694668120081	0.9874732364718211	0.9885163196327141	1.0	0.9881624002036881	0.9844115041436177	0.9844244528984376	0.988909987374053	0.9892846825098656	0.9825341686048438	0.9876845131159774	0.9864897417506938	0.984496082250608	0.9884134852878957	0.9901753254521224	0.9894846916198617	0.9895416150038826	0.9855321611353617	0.9889534393984881	0.9843609488842311	0.9899513979604608	0.9846497767299787	0.9876242865964541
0.99058785592264	0.9981248193449745	0.9895244337298251	0.9900799161565677	0.989700056641406	0.9902201223503431	0.9898723607373601	0.9881624002036881	1.0	0.9987854924249439	0.9985046511782705	0.9865156113593971	0.988631042624312	0.9863998949824967	0.9906646869055682	0.9870466143522769	0.9897781766259185	0.9897087359023148	0.9913549616757347	0.9902736124439884	0.9904717333205211	0.9904424395498352	0.9891386998613271	0.9899709383600961	0.9910279793858856	0.9925631625428739	0.98967256639564
0.9889430406066233	0.9915193727155472	0.9865938822065019	0.9900653256501712	0.9891800202341703	0.9889905730043692	0.9903552264067655	0.9844115041436177	0.9987854924249439	1.0	0.992374519160425	0.9862171126272246	0.9892586364377614	0.9793885645720681	0.9893370656585783	0.9870840282883067	0.9840969659576737	0.9901265693485948	0.9915633386400184	0.9895401130077078	0.9906576595259666	0.984077451236604	0.9883187991262016	0.9829060808396964	0.9914165575349754	0.9870336608516782	0.9885602934376099
0.9887620528728929	0.9913278539780728	0.9869044601156081	0.9900106489675589	0.9893922594862627	0.9891700140545466	0.9909266483704011	0.9844244528984376	0.9985046511782705	0.992374519160425	1.0	0.9864232048789234	0.9895930093123273	0.9741658959841091	0.9894123895430735	0.9862021022721055	0.978399297955427	0.9899711007402047	0.9919858922022254	0.9897726454672243	0.9911755876812985	0.9834258238953335	0.9882448957682789	0.9787910992729179	0.9918740118772127	0.9869695436356539	0.9883489786107494
0.9867629018256029	0.9860132144790793	0.9937383084681264	0.9871869776078966	0.9939890788387534	0.9866908056915553	0.9866123638826282	0.988909987374053	0.9865156113593971	0.9862171126272246	0.9864232048789234	1.0	0.9876047520973784	0.9916703648075743	0.9866922898498055	0.9846699137563149	0.9904654716884599	0.986639955258701	0.9884116617967335	0.9934705104003827	0.9877117096225895	0.9867520723304479	0.9945896126331737	0.9861586872185567	0.9884247265204875	0.9860467886566431	0.9868706552971384
0.9903830401996759	0.9889364454498889	0.9894162814921651	0.9898716323034334	0.9893591997828478	0.9903978090642652	0.9897865768132202	0.9892846825098656	0.988631042624312	0.9892586364377614	0.9895930093123273	0.9876047520973784	1.0	0.986949764942239	0.990153292611487	0.9890968363692761	0.9897406145951918	0.9892154010336427	0.9911189802754578	0.9904850639645583	0.9901033500249242	0.9909963835265494	0.9896236311383682	0.9886554920470494	0.9910142943447449	0.9898988041606517	0.98967256639564
0.9846703639929706	0.9798345714232494	0.9886858764504376	0.9863785614199408	0.9910835611677289	0.985050308510018	0.9852054872170775	0.9825341686048438	0.9863998949824967	0.9793885645720681	0.9741658959841091	0.9916703648075743	0.986949764942239	1.0	0.9846478767726117	0.9847152922674663	0.9768915535602026	0.9856448571456168	0.9866971206469746	0.9910465376079465	0.9857102587118585	0.9783690063169933	0.9915975816301671	0.9762289368398034	0.9865488436172059	0.9805561493593935	0.9852054872170775
0.9967948505880435	0.9885888924656804	0.9879911703012488	0.9974332434283275	0.9903588019224562	0.9970901795320235	0.9915162863358984	0.9876845131159774	0.9906646869055682	0.9893370656585783	0.9894123895430735	0.9866922898498055	0.990153292611487	0.9846478767726117	1.0	0.9866493272912993	0.9888646661856696	0.9975777229354791	0.9929794180034928	0.9911057510131778	0.9920558531002701	0.9908893973890872	0.9901790513582507	0.9899888440713583	0.9927539098721168	0.9899432893366221	0.9958010749648049
0.9868344831822187	0.9858410207693957	0.9859345417625754	0.9866207897992256	0.9866484293345165	0.9866624635004277	0.9860349270720119	0.9864897417506938	0.9870466143522769	0.9870840282883067	0.9862021022721055	0.9846699137563149	0.9890968363692761	0.9847152922674663	0.9866493272912993	1.0	0.9867116741126234	0.9865238680812087	0.9877754623590733	0.9877189643413445	0.9864961236129389	0.986717342210424	0.9858423297164377	0.9850752735389241	0.9875073968250576	0.9872745479534291	0.9868146348098208
0.9891337309109866	0.9834207864828054	0.9897406145951918	0.9897781766259185	0.9914613952185974	0.9894385686313456	0.9899279985768012	0.984496082250608	0.9897781766259185	0.9840969659576737	0.978399297955427	0.9904654716884599	0.9897406145951918	0.9768915535602026	0.9888646661856696	0.9867116741126234	1.0	0.9896465219866961	0.9914435529096983	0.9922893031897423	0.9905755887709199	0.9830082815689098	0.9915148644225541	0.9762994631451293	0.9913362962855715	0.9848904027344444	0.988651706561343
0.9981121469328323	0.9895745404103331	0.9891170209023293	0.9972250184355959	0.9901615098062713	0.9980988466283125	0.9901405246080955	0.9884134852878957	0.9897087359023148	0.9901265693485948	0.9899711007402047	0.986639955258701	0.9892154010336427	0.9856448571456168	0.9975777229354791	0.9865238680812087	0.9896465219866961	1.0	0.9918418054838702	0.9909284229574937	0.9909814862875348	0.9911941574600837	0.9902137184613342	0.9908021802285596	0.9916114864042136	0.9903994921496304	0.9966143383366632
0.9927727636774226	0.9910367903874939	0.9904690607036261	0.9916656087597469	0.9906288132708049	0.9927192901955428	0.9989650369255	0.9901753254521224	0.9913549616757347	0.9915633386400184	0.9919858922022254	0.9884116617967335	0.9911189802754578	0.9866971206469746	0.9929794180034928	0.9877754623590733	0.9914435529096983	0.9918418054838702	1.0	0.9915824999293538	0.9996148184699333	0.999353968416558	0.9908056660672714	0.9907847103845171	0.9997393262218752	0.9920805501860477	0.9919445239487867
0.9909811073488799	0.9888104861785639	0.9948941739112123	0.9910870733665273	0.9954065942572754	0.990624867111416	0.9899979430202903	0.9894846916198617	0.9902736124439884	0.9895401130077078	0.9897726454672243	0.9934705104003827	0.9904850639645583	0.9910465376079465	0.9911057510131778	0.9877189643413445	0.9922893031897423	0.9909284229574937	0.9915824999293538	1.0	0.9906951698602704	0.9901619430297832	0.9948462429121565	0.9893015011527078	0.9913538351602059	0.9894806909314734	0.9909828404389234
0.9918030784626781	0.9903062243739206	0.9894433528176846	0.9907089810695351	0.9896372001642116	0.991822293340675	0.9976848614417776	0.9895416150038826	0.9904717333205211	0.9906576595259666	0.9911755876812985	0.9877117096225895	0.9901033500249242	0.9857102587118585	0.9920558531002701	0.9864961236129389	0.9905755887709199	0.9909814862875348	0.9996148184699333	0.9906951698602704	1.0	0.9984279423560076	0.9902882949485453	0.9899530229276827	0.9992888809142102	0.9910507029457937	0.9910322118536907
0.9906435484180451	0.9837748072052648	0.986717342210424	0.9908893973890872	0.9890964016513091	0.9903958553305247	0.9975004999188567	0.9855321611353617	0.9904424395498352	0.984077451236604	0.9834258238953335	0.9867520723304479	0.9909963835265494	0.9783690063169933	0.9908893973890872	0.986717342210424	0.9830082815689098	0.9911941574600837	0.999353968416558	0.9901619430297832	0.9984279423560076	1.0	0.9887388775265992	0.982750286251565	0.9991278504598877	0.9859082544745468	0.9899578693883649
0.9902156866721208	0.9875072700397817	0.994848245288477	0.9905356734474843	0.9968441954790421	0.9901053879998651	0.9889582278459942	0.9889534393984881	0.9891386998613271	0.9883187991262016	0.9882448957682789	0.9945896126331737	0.9896236311383682	0.9915975816301671	0.9901790513582507	0.9858423297164377	0.9915148644225541	0.9902137184613342	0.9908056660672714	0.9948462429121565	0.9902882949485453	0.9887388775265992	1.0	0.9886368473157822	0.9905110188428636	0.9881153433928308	0.9909210222194587
0.9897913448065807	0.9834565202893528	0.9862991458836396	0.9903449332335578	0.9882050805917159	0.989483774015026	0.989026188737912	0.9843609488842311	0.9899709383600961	0.9829060808396964	0.9787910992729179	0.9861586872185567	0.9886554920470494	0.9762289368398034	0.9899888440713583	0.9850752735389241	0.9762994631451293	0.9908021802285596	0.9907847103845171	0.9893015011527078	0.9899530229276827	0.982750286251565	0.9886368473157822	1.0	0.9903094966917223	0.9833471694739904	0.9888784099582345
0.9924848311244868	0.9908890021215703	0.9901527659112306	0.9915723500668974	0.9906043825554522	0.9926956832485462	0.9983263636478774	0.9899513979604608	0.9910279793858856	0.9914165575349754	0.9918740118772127	0.9884247265204875	0.9910142943447449	0.9865488436172059	0.9927539098721168	0.9875073968250576	0.9913362962855715	0.9916114864042136	0.9997393262218752	0.9913538351602059	0.9992888809142102	0.9991278504598877	0.9905110188428636	0.9903094966917223	1.0	0.9920666572514631	0.9917519992303075
0.989645582261126	0.9864228358147556	0.9857956377600396	0.9905307657384784	0.9893451639932378	0.9899877146222837	0.9905307657384784	0.9846497767299787	0.9925631625428739	0.9870336608516782	0.9869695436356539	0.9860467886566431	0.9898988041606517	0.9805561493593935	0.9899432893366221	0.9872745479534291	0.9848904027344444	0.9903994921496304	0.9920805501860477	0.9894806909314734	0.9910507029457937	0.9859082544745468	0.9881153433928308	0.9833471694739904	0.9920666572514631	1.0	0.9892090777949423
0.9957741632076608	0.9879636195940531	0.9888838992596364	0.9962159600790998	0.9907846135023086	0.996210116085947	0.9901447044003456	0.9876242865964541	0.98967256639564	0.9885602934376099	0.9883489786107494	0.9868706552971384	0.98967256639564	0.9852054872170775	0.9958010749648049	0.9868146348098208	0.988651706561343	0.9966143383366632	0.9919445239487867	0.9909828404389234	0.9910322118536907	0.9899578693883649	0.9909210222194587	0.9888784099582345	0.9917519992303075	0.9892090777949423	1.0
