/home/jshaw/scratch/2022_sketched_distance/references/SGB_genome_fastas_part1_redo/1785/BackhedF_2015__SID179_4M__bin.6.fa	/home/jshaw/scratch/2022_sketched_distance/references/SGB_genome_fastas_part1_redo/1785/BackhedF_2015__SID332_4M__bin.12.fa	/home/jshaw/scratch/2022_sketched_distance/references/SGB_genome_fastas_part1_redo/1785/BackhedF_2015__SID377_M__bin.32.fa	/home/jshaw/scratch/2022_sketched_distance/references/SGB_genome_fastas_part1_redo/1785/BackhedF_2015__SID544_M__bin.23.fa	/home/jshaw/scratch/2022_sketched_distance/references/SGB_genome_fastas_part1_redo/1785/BackhedF_2015__SID78_4M__bin.17.fa	/home/jshaw/scratch/2022_sketched_distance/references/SGB_genome_fastas_part1_redo/1785/Bengtsson-PalmeJ_2015__TRAVELRES10__bin.115.fa	/home/jshaw/scratch/2022_sketched_distance/references/SGB_genome_fastas_part1_redo/1785/Bengtsson-PalmeJ_2015__TRAVELRES15__bin.31.fa	/home/jshaw/scratch/2022_sketched_distance/references/SGB_genome_fastas_part1_redo/1785/Bengtsson-PalmeJ_2015__TRAVELRES16__bin.7.fa	/home/jshaw/scratch/2022_sketched_distance/references/SGB_genome_fastas_part1_redo/1785/Bengtsson-PalmeJ_2015__TRAVELRES31__bin.32.fa	/home/jshaw/scratch/2022_sketched_distance/references/SGB_genome_fastas_part1_redo/1785/Bengtsson-PalmeJ_2015__TRAVELRES32__bin.73.fa	/home/jshaw/scratch/2022_sketched_distance/references/SGB_genome_fastas_part1_redo/1785/Bengtsson-PalmeJ_2015__TRAVELRES58__bin.16.fa	/home/jshaw/scratch/2022_sketched_distance/references/SGB_genome_fastas_part1_redo/1785/Bengtsson-PalmeJ_2015__TRAVELRES70__bin.115.fa	/home/jshaw/scratch/2022_sketched_distance/references/SGB_genome_fastas_part1_redo/1785/Bengtsson-PalmeJ_2015__TRAVELRES9__bin.62.fa	/home/jshaw/scratch/2022_sketched_distance/references/SGB_genome_fastas_part1_redo/1785/HMP_2012__SRS011405__bin.22.fa	/home/jshaw/scratch/2022_sketched_distance/references/SGB_genome_fastas_part1_redo/1785/HMP_2012__SRS013800__bin.7.fa	/home/jshaw/scratch/2022_sketched_distance/references/SGB_genome_fastas_part1_redo/1785/HMP_2012__SRS017103__bin.15.fa	/home/jshaw/scratch/2022_sketched_distance/references/SGB_genome_fastas_part1_redo/1785/HMP_2012__SRS017307__bin.3.fa	/home/jshaw/scratch/2022_sketched_distance/references/SGB_genome_fastas_part1_redo/1785/HMP_2012__SRS024331__bin.1.fa	/home/jshaw/scratch/2022_sketched_distance/references/SGB_genome_fastas_part1_redo/1785/LeChatelierE_2013__MH0159__bin.42.fa	/home/jshaw/scratch/2022_sketched_distance/references/SGB_genome_fastas_part1_redo/1785/LeChatelierE_2013__MH0453__bin.24.fa	/home/jshaw/scratch/2022_sketched_distance/references/SGB_genome_fastas_part1_redo/1785/LiJ_2014__MH0314__bin.50.fa	/home/jshaw/scratch/2022_sketched_distance/references/SGB_genome_fastas_part1_redo/1785/LiJ_2014__MH0358__bin.2.fa	/home/jshaw/scratch/2022_sketched_distance/references/SGB_genome_fastas_part1_redo/1785/LiJ_2014__MH0371__bin.3.fa	/home/jshaw/scratch/2022_sketched_distance/references/SGB_genome_fastas_part1_redo/1785/LiJ_2014__MH0396__bin.55.fa	/home/jshaw/scratch/2022_sketched_distance/references/SGB_genome_fastas_part1_redo/1785/LiJ_2014__V1.UC63-0__bin.54.fa	/home/jshaw/scratch/2022_sketched_distance/references/SGB_genome_fastas_part1_redo/1785/LiuW_2016__SRR3993056__bin.17.fa	/home/jshaw/scratch/2022_sketched_distance/references/SGB_genome_fastas_part1_redo/1785/LoombaR_2017__SID0009_rhg__bin.29.fa	/home/jshaw/scratch/2022_sketched_distance/references/SGB_genome_fastas_part1_redo/1785/NielsenHB_2014__MH0159__bin.45.fa	/home/jshaw/scratch/2022_sketched_distance/references/SGB_genome_fastas_part1_redo/1785/NielsenHB_2014__V1_CD17_4__bin.58.fa	/home/jshaw/scratch/2022_sketched_distance/references/SGB_genome_fastas_part1_redo/1785/NielsenHB_2014__V1_CD25_4__bin.19.fa	/home/jshaw/scratch/2022_sketched_distance/references/SGB_genome_fastas_part1_redo/1785/NielsenHB_2014__V1_UC25_1__bin.40.fa	/home/jshaw/scratch/2022_sketched_distance/references/SGB_genome_fastas_part1_redo/1785/QinJ_2012__T2D-079__bin.38.fa	/home/jshaw/scratch/2022_sketched_distance/references/SGB_genome_fastas_part1_redo/1785/RaymondF_2016__P15E90__bin.11.fa	/home/jshaw/scratch/2022_sketched_distance/references/SGB_genome_fastas_part1_redo/1785/RaymondF_2016__P2E0__bin.18.fa	/home/jshaw/scratch/2022_sketched_distance/references/SGB_genome_fastas_part1_redo/1785/RaymondF_2016__P38C0__bin.30.fa	/home/jshaw/scratch/2022_sketched_distance/references/SGB_genome_fastas_part1_redo/1785/RaymondF_2016__P38C7__bin.32.fa	/home/jshaw/scratch/2022_sketched_distance/references/SGB_genome_fastas_part1_redo/1785/RaymondF_2016__P38C90__bin.54.fa	/home/jshaw/scratch/2022_sketched_distance/references/SGB_genome_fastas_part1_redo/1785/WenC_2017__RA050__bin.47.fa	/home/jshaw/scratch/2022_sketched_distance/references/SGB_genome_fastas_part1_redo/1785/XieH_2016__YSZC12003_35366__bin.15.fa	/home/jshaw/scratch/2022_sketched_distance/references/SGB_genome_fastas_part1_redo/1785/XieH_2016__YSZC12003_36158__bin.23.fa	/home/jshaw/scratch/2022_sketched_distance/references/SGB_genome_fastas_part1_redo/1785/XieH_2016__YSZC12003_37229__bin.49.fa	/home/jshaw/scratch/2022_sketched_distance/references/SGB_genome_fastas_part1_redo/1785/XieH_2016__YSZC12003_37323__bin.2.fa	/home/jshaw/scratch/2022_sketched_distance/references/SGB_genome_fastas_part1_redo/1785/XieH_2016__YSZC12003_37798__bin.98.fa	/home/jshaw/scratch/2022_sketched_distance/references/SGB_genome_fastas_part1_redo/1785/ZellerG_2014__CCIS24254057ST-4-0__bin.21.fa	/home/jshaw/scratch/2022_sketched_distance/references/SGB_genome_fastas_part1_redo/1785/ZellerG_2014__CCIS52370277ST-4-0__bin.10.fa
1.0	0.9998664612931569	0.9956232588062491	0.9845409354574833	0.9807720841651925	0.9973522504613913	0.9958545043452258	0.9967822014270981	0.9990872298336606	0.9987704989271404	0.9829729053480035	0.9989628044637241	0.9995539048945148	0.9829802438554233	0.9764662569258048	0.9804015503178122	0.9831897164407641	0.9840428393085475	0.9832998107151931	0.999224261644763	0.9818524751507757	0.9827238923602589	0.9850474385095542	0.9841549118707655	0.9831606373675651	0.9976094200833999	0.9841840922418448	0.983726376317633	0.9838639658473093	0.9833354543826601	0.9836739078403328	0.9975768117113282	0.9834745491688077	0.9837571771749951	0.9852091920723596	0.9841620926264191	0.9850944130875411	0.9972410039461943	0.9825178410570016	0.9836234999532385	0.9833181758931421	0.9837493690521959	0.9937508734197181	0.9955962747621508	0.996992464922837
0.9998664612931569	1.0	0.9956689778413208	0.9845773644110948	0.9807973947404622	0.9974345273359295	0.9959226208562812	0.9968316074210839	0.9991428459257061	0.9988603344979816	0.9830476637539394	0.9989869219618581	0.9995994340721877	0.9830499212377535	0.9765008527222612	0.9804643145153843	0.9832189211098122	0.9840827939542532	0.9833745000677709	0.9992992488313125	0.9818314374076116	0.9828005289973706	0.9850474385095542	0.9841549118707655	0.983222449619115	0.9976174143892353	0.9842773699538852	0.9838090396677722	0.9839212865632765	0.9833987076812498	0.9837228018484477	0.9976264503109712	0.9834745491688077	0.9837884890744446	0.9852526096227701	0.9842271504639114	0.9850801152206989	0.9973489718494013	0.9826005197705121	0.9836734039140627	0.9834257070995034	0.983815346029697	0.9937318207163429	0.9956763587446515	0.9970794408887312
0.9956232588062491	0.9956689778413208	1.0	0.976882802778942	0.9753081274839311	0.9924194735818401	0.9879615415907421	0.9888015603333996	0.9936073802640041	0.9937892002833489	0.9759180164422552	0.990964251411721	0.9950929117649367	0.9725629036183613	0.9664529438872784	0.9758554522271093	0.9730216895107497	0.9742508887128901	0.9711462405242549	0.9942453939737527	0.9668038918401699	0.9758971750709646	0.9727471976535405	0.9713627305276809	0.9762290454053898	0.9907131489284569	0.9785774088794098	0.9686063290108912	0.9790728626758252	0.9808397384463469	0.9778591060890334	0.9851007622418158	0.9688125244618301	0.9808755512053309	0.9796910667253316	0.9800050254975095	0.9716015894129669	0.9930558528005777	0.9773447131512938	0.9686321005318512	0.9797652113540656	0.9689143000171029	0.9786813287484609	0.9924824076427213	0.9820372004280801
0.9845409354574833	0.9845773644110948	0.976882802778942	1.0	0.9795362378225495	0.982068690768339	0.9873234714540521	0.9863721238910329	0.9835667863953824	0.9836293065520256	0.9939370230224208	0.9819275019233179	0.9840636415373468	0.9936147633213656	0.9880588283044317	0.9937537728585906	0.9797906446274339	0.9948509697565794	0.99495283464145	0.9841375248447579	0.9797460704238354	0.9936893950591051	0.9823088290532498	0.9937263501627001	0.9944357971298926	0.9797338337415142	0.9824982132874025	0.9958797945963619	0.9829094083187339	0.985023361819988	0.9812058113366672	0.9802070550674207	0.9950754650377043	0.985023361819988	0.9958713897535072	0.9956898848780037	0.9901341369266784	0.983074993163703	0.9961887892367319	0.9818095914795176	0.9985131473365517	0.9806701444600271	0.9910327790511979	0.9838658018793598	0.9800598982596032
0.9807720841651925	0.9807973947404622	0.9753081274839311	0.9795362378225495	1.0	0.9781365193759427	0.9804286443334236	0.9804347785397128	0.9798475975008776	0.9798866445926916	0.9779831280619071	0.9799417858070276	0.9803131101273219	0.9779374063370175	0.9709117815958836	0.9769058095480933	0.9771763796824889	0.9795658662715375	0.9779149967465525	0.9803772432621527	0.9759187143226068	0.977523231209847	0.9793027749014195	0.9778704954424551	0.9780553203290232	0.9779975055250587	0.9775255658900371	0.9782036438097287	0.9777777131946753	0.979717102343536	0.9772917778675649	0.9785148235305056	0.9792930747041511	0.9798475975008776	0.9798475975008776	0.9801070340927728	0.9797833658812612	0.9791499533015998	0.9775269746389876	0.9799078676041658	0.9804795952064097	0.9779082828837998	0.982433723373002	0.9796778519003797	0.9774859143081398
0.9973522504613913	0.9974345273359295	0.9924194735818401	0.982068690768339	0.9781365193759427	1.0	0.9920471869535603	0.9929703341543195	0.9947436397017748	0.9948487872703966	0.9805261314640378	0.9954189456005692	0.9970739969186992	0.9805184090096024	0.9747973004333641	0.9780036825775269	0.9813416574895395	0.9817095744112451	0.9810081471696703	0.9952820204673597	0.979880377473559	0.9802820911778459	0.9828254908096015	0.9817295156199648	0.9806808614286088	0.9935854244955237	0.9819745073596455	0.9815536066296392	0.9815833783025096	0.9833674963666608	0.9813026283273004	0.9939147795760335	0.9810157295909698	0.9835044828690406	0.9825755204636779	0.9825685143809356	0.9830599523346949	0.9941386709056528	0.9800117415314981	0.9812774328492748	0.9826504644033126	0.9812633199523871	0.9908877122114054	0.9936650334416329	0.9938362543255981
0.9958545043452258	0.9959226208562812	0.9879615415907421	0.9873234714540521	0.9804286443334236	0.9920471869535603	1.0	0.9934419940126454	0.994390771350209	0.9946569350541373	0.9856176482618089	0.9922183973364193	0.9953650850820327	0.9857990772619367	0.9795833324036352	0.9863303444735531	0.9811556441303819	0.9872764816763578	0.9860661312780284	0.9950434837846893	0.9795886775598917	0.9855874589219838	0.9829649956462648	0.9864965639952842	0.9863303444735531	0.9909388282682529	0.9831696013862599	0.9867751364769093	0.983752858213106	0.9861593298196655	0.9818799456733708	0.9907017878099617	0.9867565173039452	0.9862050207836849	0.9895350639259293	0.9894627664548606	0.986479960545945	0.9938881400743628	0.9876345920613879	0.9818623344189826	0.9906308896464663	0.9818459294752235	0.9925878521515213	0.9938338317071217	0.9906801724270768
0.9967822014270981	0.9968316074210839	0.9888015603333996	0.9863721238910329	0.9804347785397128	0.9929703341543195	0.9934419940126454	1.0	0.9951437914397008	0.99547972110146	0.9849647354564889	0.9928528100966807	0.9963258562499424	0.984890492762805	0.9788838172289339	0.9848821348283966	0.9813571109590915	0.9858826371289761	0.9849902542190656	0.9959308573956591	0.9807619191750284	0.9847326768863554	0.9836991550453114	0.9855541616924817	0.985094118041423	0.9915634473267791	0.9834944845256052	0.9855455488342274	0.9841775439756296	0.9861226102510549	0.9814998889115855	0.9915466925238893	0.98554005731535	0.9862021537209927	0.9888401278554911	0.9887772145137965	0.98559095683996	0.9943996304893993	0.9864283659867196	0.9822812461056664	0.9895961096681375	0.9822113524785194	0.9922108755213531	0.9944438700784985	0.9912916483802707
0.9990872298336606	0.9991428459257061	0.9936073802640041	0.9835667863953824	0.9798475975008776	0.9947436397017748	0.994390771350209	0.9951437914397008	1.0	0.9990245505088466	0.981933728986768	0.9980248752279288	0.9984550626004819	0.9818880617402254	0.9750151899083684	0.9791594361032214	0.981557344580077	0.9827517481030422	0.9824821280740755	0.998723443267471	0.9802800167950262	0.9814859491495878	0.983456257683349	0.9823804264416114	0.9821554435519078	0.9959370040784165	0.9827643135773702	0.982888072083965	0.9823132666067418	0.9837011420248292	0.9822999168043314	0.9973675165805126	0.9820745428150329	0.9838449129550106	0.9838679089288009	0.9830519077580318	0.9839008011774234	0.9969241249080105	0.9814602384555428	0.9824197006127376	0.9832435363926975	0.9827264105725236	0.9926469840551291	0.9959980273324804	0.9954388383658093
0.9987704989271404	0.9988603344979816	0.9937892002833489	0.9836293065520256	0.9798866445926916	0.9948487872703966	0.9946569350541373	0.99547972110146	0.9990245505088466	1.0	0.9822540598041457	0.998140481152458	0.9980853590415938	0.9822038486021419	0.9751776536892831	0.9797287302356504	0.9821809426739017	0.9831923460759268	0.9824821280740755	0.9981206587614455	0.9807836559205451	0.9818950777822532	0.98394026632502	0.9825372413106912	0.9823589655115986	0.9959958080273758	0.9833563938531202	0.9828370853490943	0.9829565380413418	0.9836217721933855	0.9826425430602654	0.9975768117113282	0.9826868386798812	0.9839376526272602	0.9841944041877765	0.9831927793438326	0.9844009928419912	0.9965974410846652	0.9818125555396924	0.9826948658441867	0.9833249155650753	0.9831158755837003	0.9931356836804607	0.9956913630507012	0.9951507702655662
0.9829729053480035	0.9830476637539394	0.9759180164422552	0.9939370230224208	0.9779831280619071	0.9805261314640378	0.9856176482618089	0.9849647354564889	0.981933728986768	0.9822540598041457	1.0	0.9806078301648523	0.9825965329122033	0.9944033228091448	0.9886487022383281	0.9925378717118513	0.9796281582591891	0.9936681999824571	0.99433803239489	0.9824827726914642	0.9789054076695792	0.9926010866786557	0.9808898161538415	0.9928802693130755	0.993809854517849	0.9777205063216442	0.9814407413488657	0.9945835388904248	0.9827098993820453	0.9841851333557986	0.9802332346895447	0.9795612539618052	0.9945717829766422	0.9839922285704169	0.994246853656025	0.9942999698743847	0.9892767619400085	0.9813097636437722	0.9946781654981286	0.9811160824153787	0.9977816775941123	0.9801766833375892	0.9899182248323034	0.9817011340865314	0.978744191825512
0.9989628044637241	0.9989869219618581	0.990964251411721	0.9819275019233179	0.9799417858070276	0.9954189456005692	0.9922183973364193	0.9928528100966807	0.9980248752279288	0.998140481152458	0.9806078301648523	1.0	0.9985582526751288	0.9794327110468168	0.9726509950228068	0.9802126747211788	0.9798554134912342	0.9803509119078158	0.9801303476474792	0.9985419678952675	0.9782779878462076	0.9799274660811272	0.9816392437875872	0.9802032158920476	0.9808732762109824	0.9939275709065287	0.9829749370511471	0.9807477634304319	0.98309216734995	0.9851824919022852	0.9812743209930764	0.993692152457807	0.9802405490896496	0.9851946892837881	0.9843922804111	0.9844297496709397	0.9811497608929997	0.9979752065890718	0.9823292176970788	0.9797957819429333	0.9849006942944432	0.9803603166319542	0.9909499617418146	0.9966743070427171	0.9931169851022255
0.9995539048945148	0.9995994340721877	0.9950929117649367	0.9840636415373468	0.9803131101273219	0.9970739969186992	0.9953650850820327	0.9963258562499424	0.9984550626004819	0.9980853590415938	0.9825965329122033	0.9985582526751288	1.0	0.9825590386424945	0.9762230511715105	0.9800351212690447	0.9827928845169449	0.9837079774124211	0.9828935202372091	0.99861820674472	0.9814078170592064	0.9823379962029487	0.9846678339839788	0.9837955744120115	0.9828498149833936	0.9970937445351071	0.9837136829485071	0.983360161107592	0.9833901176448784	0.9830317802687046	0.9832801083467573	0.9971065502988274	0.9830659329615782	0.9832776730811535	0.9847277711018002	0.9837470358397177	0.9846482579326483	0.9965857255570906	0.98206533455286	0.9832720289126721	0.9828189366780136	0.9833339775427403	0.9934062365420423	0.9951333313529871	0.9965162956877477
0.9829802438554233	0.9830499212377535	0.9725629036183613	0.9936147633213656	0.9779374063370175	0.9805184090096024	0.9857990772619367	0.984890492762805	0.9818880617402254	0.9822038486021419	0.9944033228091448	0.9794327110468168	0.9825590386424945	1.0	0.986158729463176	0.9928586848487841	0.9762682266129074	0.9909987570650021	0.9918618622162242	0.9824174246056842	0.9762200190941844	0.9930955369003891	0.9772499798407185	0.9899551232958258	0.9940662405592838	0.9779374063370175	0.9817145215288973	0.9925451749665578	0.9830638389523769	0.984705719690778	0.9812471968484197	0.9766174464172137	0.9914571498154618	0.9846659897796248	0.9948637162156362	0.9946587982236248	0.9858154723553	0.9814232268172506	0.995086706815638	0.9780468671327623	0.9979900764545077	0.9774910719653508	0.9858967876249074	0.9819744879941023	0.9755143475283282
0.9764662569258048	0.9765008527222612	0.9664529438872784	0.9880588283044317	0.9709117815958836	0.9747973004333641	0.9795833324036352	0.9788838172289339	0.9750151899083684	0.9751776536892831	0.9886487022383281	0.9726509950228068	0.9762230511715105	0.986158729463176	1.0	0.9880102057455159	0.9705791958880859	0.9867327828536117	0.9860798745517549	0.9754823318770538	0.9697107419475443	0.9877660102351983	0.9716545668401814	0.9848911248460543	0.9884332391329048	0.9718828721942295	0.9755714024391975	0.9866390814828727	0.9773540121940091	0.9787227235173759	0.9752316283337248	0.9688914232767376	0.9861383165421913	0.9785121053656108	0.9890989949764477	0.9893919210609721	0.9800178851150614	0.9745779399900707	0.9896938291606328	0.9718210655704469	0.9922935240999526	0.97034091946957	0.9782568369937299	0.9750513632146409	0.9693727391161213
0.9804015503178122	0.9804643145153843	0.9758554522271093	0.9937537728585906	0.9769058095480933	0.9780036825775269	0.9863303444735531	0.9848821348283966	0.9791594361032214	0.9797287302356504	0.9925378717118513	0.9802126747211788	0.9800351212690447	0.9928586848487841	0.9880102057455159	1.0	0.9799684508714892	0.9963345163055681	0.9931064420706763	0.9798439639466255	0.978836287294067	0.9926484187690298	0.981037800805907	0.9945730784034852	0.9929914896559937	0.978544087385247	0.9798457361157681	0.9937758619813382	0.9801500551348616	0.9815860612832923	0.9797817084066988	0.9795269080930334	0.9950159024898024	0.9814403224031508	0.9922870817432394	0.9922964196337856	0.990427208134497	0.9789367947701052	0.9917734642582404	0.9808453832490868	0.994765893300624	0.9797130328451864	0.9900463062008368	0.9791724854728492	0.9783520617122324
0.9831897164407641	0.9832189211098122	0.9730216895107497	0.9797906446274339	0.9771763796824889	0.9813416574895395	0.9811556441303819	0.9813571109590915	0.981557344580077	0.9821809426739017	0.9796281582591891	0.9798554134912342	0.9827928845169449	0.9762682266129074	0.9705791958880859	0.9799684508714892	1.0	0.9785854659655628	0.974673034841908	0.982391186601504	0.9811724663798927	0.9787699407175041	0.983456257683349	0.9754551904796702	0.9795629366542852	0.9790861426476878	0.9957517454659612	0.9757413773459785	0.9901538189308395	0.9928973672595937	0.9890601772199007	0.9744623888188775	0.9757203125310827	0.9928756013081845	0.98339360474608	0.9840831781762376	0.9799343214070205	0.9816033788251077	0.9800006755483489	0.9747677249364873	0.9831458605822708	0.9765374880580986	0.977359548700842	0.9814650813229262	0.9747400139333671
0.9840428393085475	0.9840827939542532	0.9742508887128901	0.9948509697565794	0.9795658662715375	0.9817095744112451	0.9872764816763578	0.9858826371289761	0.9827517481030422	0.9831923460759268	0.9936681999824571	0.9803509119078158	0.9837079774124211	0.9909987570650021	0.9867327828536117	0.9963345163055681	0.9785854659655628	1.0	0.9916884593687333	0.9835054065093184	0.9772046882147729	0.9935285849969409	0.9798857505653078	0.9931307018490263	0.9942795185169904	0.979900306353261	0.9817667644461072	0.9928979132725487	0.9831375942297362	0.9845453712638395	0.9809422143413791	0.9773603392516239	0.9932780361349953	0.984676347286866	0.9958442256728796	0.995647938821276	0.988331788379851	0.9825989135989013	0.994870169443923	0.9793055820049245	0.9980698700689221	0.9777896237548402	0.9879575058076193	0.983014067082959	0.9766654280245145
0.9832998107151931	0.9833745000677709	0.9711462405242549	0.99495283464145	0.9779149967465525	0.9810081471696703	0.9860661312780284	0.9849902542190656	0.9824821280740755	0.9824821280740755	0.99433803239489	0.9801303476474792	0.9828935202372091	0.9918618622162242	0.9860798745517549	0.9931064420706763	0.974673034841908	0.9916884593687333	1.0	0.9829237891949206	0.9741031757538601	0.9935805135105676	0.9755480615912915	0.9880272554431327	0.9946574565950296	0.9783006354482393	0.9815962793970692	0.998541829941207	0.9829086582115948	0.9840537743951078	0.9808634744180293	0.9740380969609966	0.989712513716645	0.9838338142475486	0.994816021973752	0.9950890852471925	0.9833476643967181	0.9818004357971535	0.9963311255577365	0.9765520913360013	0.9975089418088292	0.976039561835464	0.9844643456737854	0.9824667916476881	0.9737201399273172
0.999224261644763	0.9992992488313125	0.9942453939737527	0.9841375248447579	0.9803772432621527	0.9952820204673597	0.9950434837846893	0.9959308573956591	0.998723443267471	0.9981206587614455	0.9824827726914642	0.9985419678952675	0.99861820674472	0.9824174246056842	0.9754823318770538	0.9798439639466255	0.982391186601504	0.9835054065093184	0.9829237891949206	1.0	0.9808053782233602	0.9822472956639539	0.9842391840666208	0.9831877869141857	0.9826870144324176	0.9964956152673595	0.9835355251202622	0.9833936229621967	0.9830625325187899	0.9837789782856917	0.9828689854423666	0.9972372895343137	0.9829113787413195	0.9840393133435075	0.9845730991993712	0.9835927862222792	0.9845757260967261	0.9969581059929307	0.9820893072468347	0.9829507506987729	0.9834836094503472	0.9833005177176855	0.9938459729069183	0.9963237943410799	0.9957760892866262
0.9818524751507757	0.9818314374076116	0.9668038918401699	0.9797460704238354	0.9759187143226068	0.979880377473559	0.9795886775598917	0.9807619191750284	0.9802800167950262	0.9807836559205451	0.9789054076695792	0.9782779878462076	0.9814078170592064	0.9762200190941844	0.9697107419475443	0.978836287294067	0.9811724663798927	0.9772046882147729	0.9741031757538601	0.9808053782233602	1.0	0.9788132145915683	0.9881305786602871	0.9734565885385811	0.9791804343379716	0.9782545166841898	0.9873750380680602	0.9708806859646979	0.9941624631506621	0.9904445769541087	0.9868193824343717	0.9710862697621829	0.9705847106254427	0.9901844584326125	0.9831108702755468	0.983090625827138	0.9781133338083267	0.9801916295665357	0.9804341214860756	0.9694961965517244	0.9831108702755468	0.9712614511448131	0.9665969934358002	0.9800363742110756	0.9669040166041852
0.9827238923602589	0.9828005289973706	0.9758971750709646	0.9936893950591051	0.977523231209847	0.9802820911778459	0.9855874589219838	0.9847326768863554	0.9814859491495878	0.9818950777822532	0.9926010866786557	0.9799274660811272	0.9823379962029487	0.9930955369003891	0.9877660102351983	0.9926484187690298	0.9787699407175041	0.9935285849969409	0.9935805135105676	0.9822472956639539	0.9788132145915683	1.0	0.9807411586718525	0.9928802693130755	0.9934244014873075	0.9780438509678795	0.9810043208987145	0.9947261419694245	0.9820129053273163	0.9835821196412725	0.9801440133347294	0.9783549235336563	0.9946803607857255	0.9836194699197378	0.9943178101347179	0.9942187214817647	0.9890240233749887	0.9811522389713834	0.9940831213452225	0.9806454363413621	0.9971606715636425	0.9800660059169778	0.9900888897597402	0.9816581424147384	0.9783081992500475
0.9850474385095542	0.9850474385095542	0.9727471976535405	0.9823088290532498	0.9793027749014195	0.9828254908096015	0.9829649956462648	0.9836991550453114	0.983456257683349	0.98394026632502	0.9808898161538415	0.9816392437875872	0.9846678339839788	0.9772499798407185	0.9716545668401814	0.981037800805907	0.983456257683349	0.9798857505653078	0.9755480615912915	0.9842391840666208	0.9881305786602871	0.9807411586718525	1.0	0.9755286422885501	0.981831955681725	0.981037800805907	0.990233909754869	0.9757625091823791	0.9982748301872653	0.9935017357726792	0.9900473800012045	0.9744623888188775	0.9761677808931634	0.9934680188844922	0.9853508702168207	0.985751134085956	0.9797324434983631	0.9835019382271469	0.9822456458568657	0.9756509002788906	0.9852356075235708	0.9763516573602212	0.9787715769882013	0.9836234427459063	0.9748866136893717
0.9841549118707655	0.9841549118707655	0.9713627305276809	0.9937263501627001	0.9778704954424551	0.9817295156199648	0.9864965639952842	0.9855541616924817	0.9823804264416114	0.9825372413106912	0.9928802693130755	0.9802032158920476	0.9837955744120115	0.9899551232958258	0.9848911248460543	0.9945730784034852	0.9754551904796702	0.9931307018490263	0.9880272554431327	0.9831877869141857	0.9734565885385811	0.9928802693130755	0.9755286422885501	1.0	0.993681767443923	0.9800009794034225	0.9816331652211278	0.9883222253369777	0.9824902756431152	0.9839907040629916	0.9803540759850584	0.9732559446575907	0.9879295876807781	0.9842292809188891	0.9950152616706076	0.9949723804686806	0.9844366218889644	0.9819213695435399	0.9940808682893788	0.975309095463883	0.9970110044952131	0.9741235219168418	0.9840834841971815	0.9823647035747146	0.9735935444911624
0.9831606373675651	0.983222449619115	0.9762290454053898	0.9944357971298926	0.9780553203290232	0.9806808614286088	0.9863303444735531	0.985094118041423	0.9821554435519078	0.9823589655115986	0.993809854517849	0.9808732762109824	0.9828498149833936	0.9940662405592838	0.9884332391329048	0.9929914896559937	0.9795629366542852	0.9942795185169904	0.9946574565950296	0.9826870144324176	0.9791804343379716	0.9934244014873075	0.981831955681725	0.993681767443923	1.0	0.9781566710133569	0.9809334956266694	0.9953487389776026	0.9827121133932941	0.9839189924891236	0.9802332346895447	0.9794925260573838	0.9944749699293048	0.9837857191877535	0.9946041340892678	0.9942878235336365	0.9898755473365987	0.9817316404644457	0.9947437535913765	0.9815268510601453	0.998244632240248	0.9805793231059199	0.990637534147651	0.9818606461144519	0.9794934351394663
0.9976094200833999	0.9976174143892353	0.9907131489284569	0.9797338337415142	0.9779975055250587	0.9935854244955237	0.9909388282682529	0.9915634473267791	0.9959370040784165	0.9959958080273758	0.9777205063216442	0.9939275709065287	0.9970937445351071	0.9779374063370175	0.9718828721942295	0.978544087385247	0.9790861426476878	0.979900306353261	0.9783006354482393	0.9964956152673595	0.9782545166841898	0.9780438509678795	0.981037800805907	0.9800009794034225	0.9781566710133569	1.0	0.9804150457420403	0.9790357116631047	0.9809759233159754	0.9834855384912039	0.9793378211908457	0.993049329447628	0.9792930747041511	0.983754228632706	0.9821846645869214	0.9823881926017864	0.98106904498493	0.9952660348193473	0.9795552549524097	0.9794004245629148	0.9824262136680579	0.9796569498816688	0.9892920568923854	0.9949730337470674	0.9926522850669242
0.9841840922418448	0.9842773699538852	0.9785774088794098	0.9824982132874025	0.9775255658900371	0.9819745073596455	0.9831696013862599	0.9834944845256052	0.9827643135773702	0.9833563938531202	0.9814407413488657	0.9829749370511471	0.9837136829485071	0.9817145215288973	0.9755714024391975	0.9798457361157681	0.9957517454659612	0.9817667644461072	0.9815962793970692	0.9835355251202622	0.9873750380680602	0.9810043208987145	0.990233909754869	0.9816331652211278	0.9809334956266694	0.9804150457420403	1.0	0.9825294870915389	0.990611929667593	0.993726150239596	0.9907258570670805	0.98093921882396	0.9817729587329359	0.9938308844623429	0.984900153177007	0.9854215099206541	0.986630365964666	0.9824826647361369	0.9813311961635537	0.9812058197968415	0.9844631335783467	0.9834174779796105	0.9843632141131674	0.9824457487229218	0.9804527128853041
0.983726376317633	0.9838090396677722	0.9686063290108912	0.9958797945963619	0.9782036438097287	0.9815536066296392	0.9867751364769093	0.9855455488342274	0.982888072083965	0.9828370853490943	0.9945835388904248	0.9807477634304319	0.983360161107592	0.9925451749665578	0.9866390814828727	0.9937758619813382	0.9757413773459785	0.9928979132725487	0.998541829941207	0.9833936229621967	0.9708806859646979	0.9947261419694245	0.9757625091823791	0.9883222253369777	0.9953487389776026	0.9790357116631047	0.9825294870915389	1.0	0.9836102964095846	0.9849130585201303	0.9819229796108332	0.9738706323518498	0.9870764799550326	0.9847690534403241	0.9955228447642344	0.9954533120370062	0.9838090396677722	0.9825466518774629	0.9967278340557003	0.973837408436908	0.9980626845802757	0.9729623830552311	0.981727883859804	0.9832091585799292	0.9711440378493934
0.9838639658473093	0.9839212865632765	0.9790728626758252	0.9829094083187339	0.9777777131946753	0.9815833783025096	0.983752858213106	0.9841775439756296	0.9823132666067418	0.9829565380413418	0.9827098993820453	0.98309216734995	0.9833901176448784	0.9830638389523769	0.9773540121940091	0.9801500551348616	0.9901538189308395	0.9831375942297362	0.9829086582115948	0.9830625325187899	0.9941624631506621	0.9820129053273163	0.9982748301872653	0.9824902756431152	0.9827121133932941	0.9809759233159754	0.990611929667593	0.9836102964095846	1.0	0.9934167741952209	0.9912255806098542	0.9811851187912566	0.9829973321823912	0.9932273250471041	0.9844890512104371	0.9849362944225317	0.9868750098549756	0.9821444092539031	0.981595677459129	0.9822638980559575	0.9847246135552553	0.9840942768083539	0.9851883763319546	0.9820596528591434	0.980555305130788
0.9833354543826601	0.9833987076812498	0.9808397384463469	0.985023361819988	0.979717102343536	0.9833674963666608	0.9861593298196655	0.9861226102510549	0.9837011420248292	0.9836217721933855	0.9841851333557986	0.9851824919022852	0.9830317802687046	0.984705719690778	0.9787227235173759	0.9815860612832923	0.9928973672595937	0.9845453712638395	0.9840537743951078	0.9837789782856917	0.9904445769541087	0.9835821196412725	0.9935017357726792	0.9839907040629916	0.9839189924891236	0.9834855384912039	0.993726150239596	0.9849130585201303	0.9934167741952209	1.0	0.9991532049540562	0.9835019382271469	0.9845563093970816	0.9989485665120577	0.9865500139120499	0.9862640853494034	0.9906453167119469	0.982812638968473	0.9831387067324948	0.9836068484064134	0.9843153120604634	0.9850602069147141	0.9865902497785813	0.9818580363159194	0.9826578053909638
0.9836739078403328	0.9837228018484477	0.9778591060890334	0.9812058113366672	0.9772917778675649	0.9813026283273004	0.9818799456733708	0.9814998889115855	0.9822999168043314	0.9826425430602654	0.9802332346895447	0.9812743209930764	0.9832801083467573	0.9812471968484197	0.9752316283337248	0.9797817084066988	0.9890601772199007	0.9809422143413791	0.9808634744180293	0.9828689854423666	0.9868193824343717	0.9801440133347294	0.9900473800012045	0.9803540759850584	0.9802332346895447	0.9793378211908457	0.9907258570670805	0.9819229796108332	0.9912255806098542	0.9991532049540562	1.0	0.9797836258543028	0.9804824563225955	0.9988454844486987	0.9844117357744915	0.985447740609188	0.9864525400427895	0.9821721028652584	0.9810517962844906	0.9797395945338427	0.9842799054283695	0.9816176534797677	0.9829136187460842	0.9821336611808306	0.9796412420407212
0.9975768117113282	0.9976264503109712	0.9851007622418158	0.9802070550674207	0.9785148235305056	0.9939147795760335	0.9907017878099617	0.9915466925238893	0.9973675165805126	0.9975768117113282	0.9795612539618052	0.993692152457807	0.9971065502988274	0.9766174464172137	0.9688914232767376	0.9795269080930334	0.9744623888188775	0.9773603392516239	0.9740380969609966	0.9972372895343137	0.9710862697621829	0.9783549235336563	0.9744623888188775	0.9732559446575907	0.9794925260573838	0.993049329447628	0.98093921882396	0.9738706323518498	0.9811851187912566	0.9835019382271469	0.9797836258543028	1.0	0.9743844687659661	0.9835019382271469	0.982591654418205	0.982544686149661	0.9751967271373192	0.996135205777213	0.9807907863087095	0.9740390178663104	0.983456257683349	0.9730641507720105	0.9837755788361869	0.9956228657580425	0.9865310496732899
0.9834745491688077	0.9834745491688077	0.9688125244618301	0.9950754650377043	0.9792930747041511	0.9810157295909698	0.9867565173039452	0.98554005731535	0.9820745428150329	0.9826868386798812	0.9945717829766422	0.9802405490896496	0.9830659329615782	0.9914571498154618	0.9861383165421913	0.9950159024898024	0.9757203125310827	0.9932780361349953	0.989712513716645	0.9829113787413195	0.9705847106254427	0.9946803607857255	0.9761677808931634	0.9879295876807781	0.9944749699293048	0.9792930747041511	0.9817729587329359	0.9870764799550326	0.9829973321823912	0.9845563093970816	0.9804824563225955	0.9743844687659661	1.0	0.984425078779445	0.9956769718379711	0.9955950548559988	0.9856352464584217	0.9818085837873528	0.9955246790037224	0.9727336005246427	0.9982186881072251	0.9717545555971926	0.9822181583685662	0.982460748792317	0.9697748309953815
0.9837571771749951	0.9837884890744446	0.9808755512053309	0.985023361819988	0.9798475975008776	0.9835044828690406	0.9862050207836849	0.9862021537209927	0.9838449129550106	0.9839376526272602	0.9839922285704169	0.9851946892837881	0.9832776730811535	0.9846659897796248	0.9785121053656108	0.9814403224031508	0.9928756013081845	0.984676347286866	0.9838338142475486	0.9840393133435075	0.9901844584326125	0.9836194699197378	0.9934680188844922	0.9842292809188891	0.9837857191877535	0.983754228632706	0.9938308844623429	0.9847690534403241	0.9932273250471041	0.9989485665120577	0.9988454844486987	0.9835019382271469	0.984425078779445	1.0	0.986487390374761	0.9864367048339736	0.9907658685142052	0.9830905383419848	0.9829174827444674	0.9835234635798669	0.9842839524519509	0.9850760673550333	0.9868025219547285	0.9820423186879926	0.9829066050204346
0.9852091920723596	0.9852526096227701	0.9796910667253316	0.9958713897535072	0.9798475975008776	0.9825755204636779	0.9895350639259293	0.9888401278554911	0.9838679089288009	0.9841944041877765	0.994246853656025	0.9843922804111	0.9847277711018002	0.9948637162156362	0.9890989949764477	0.9922870817432394	0.98339360474608	0.9958442256728796	0.994816021973752	0.9845730991993712	0.9831108702755468	0.9943178101347179	0.9853508702168207	0.9950152616706076	0.9946041340892678	0.9821846645869214	0.984900153177007	0.9955228447642344	0.9844890512104371	0.9865500139120499	0.9844117357744915	0.982591654418205	0.9956769718379711	0.986487390374761	1.0	0.9971517473946819	0.9946659900260558	0.9833087489472648	0.9934953154610093	0.984347921860917	0.9966331846257178	0.9840615842726432	0.9929020082428676	0.9836522222765751	0.9820763347759396
0.9841620926264191	0.9842271504639114	0.9800050254975095	0.9956898848780037	0.9801070340927728	0.9825685143809356	0.9894627664548606	0.9887772145137965	0.9830519077580318	0.9831927793438326	0.9942999698743847	0.9844297496709397	0.9837470358397177	0.9946587982236248	0.9893919210609721	0.9922964196337856	0.9840831781762376	0.995647938821276	0.9950890852471925	0.9835927862222792	0.983090625827138	0.9942187214817647	0.985751134085956	0.9949723804686806	0.9942878235336365	0.9823881926017864	0.9854215099206541	0.9954533120370062	0.9849362944225317	0.9862640853494034	0.985447740609188	0.982544686149661	0.9955950548559988	0.9864367048339736	0.9971517473946819	1.0	0.9944729129011234	0.9824465057215528	0.9936812182113064	0.9846397266557232	0.9954387242414718	0.9841269367942	0.9924890635215246	0.9826517267219662	0.9824071014757709
0.9850944130875411	0.9850801152206989	0.9716015894129669	0.9901341369266784	0.9797833658812612	0.9830599523346949	0.986479960545945	0.98559095683996	0.9839008011774234	0.9844009928419912	0.9892767619400085	0.9811497608929997	0.9846482579326483	0.9858154723553	0.9800178851150614	0.990427208134497	0.9799343214070205	0.988331788379851	0.9833476643967181	0.9845757260967261	0.9781133338083267	0.9890240233749887	0.9797324434983631	0.9844366218889644	0.9898755473365987	0.98106904498493	0.986630365964666	0.9838090396677722	0.9868750098549756	0.9906453167119469	0.9864525400427895	0.9751967271373192	0.9856352464584217	0.9907658685142052	0.9946659900260558	0.9944729129011234	1.0	0.983377803475956	0.9907899261572921	0.9762405491795189	0.9937661732903158	0.9761439266324679	0.9841345219118794	0.9837671107327906	0.9745188665322622
0.9972410039461943	0.9973489718494013	0.9930558528005777	0.983074993163703	0.9791499533015998	0.9941386709056528	0.9938881400743628	0.9943996304893993	0.9969241249080105	0.9965974410846652	0.9813097636437722	0.9979752065890718	0.9965857255570906	0.9814232268172506	0.9745779399900707	0.9789367947701052	0.9816033788251077	0.9825989135989013	0.9818004357971535	0.9969581059929307	0.9801916295665357	0.9811522389713834	0.9835019382271469	0.9819213695435399	0.9817316404644457	0.9952660348193473	0.9824826647361369	0.9825466518774629	0.9821444092539031	0.982812638968473	0.9821721028652584	0.996135205777213	0.9818085837873528	0.9830905383419848	0.9833087489472648	0.9824465057215528	0.983377803475956	1.0	0.9811780914590371	0.9815800513211294	0.982272371590632	0.9821073614884197	0.9925878521515213	0.9948111446481541	0.9944866131919986
0.9825178410570016	0.9826005197705121	0.9773447131512938	0.9961887892367319	0.9775269746389876	0.9800117415314981	0.9876345920613879	0.9864283659867196	0.9814602384555428	0.9818125555396924	0.9946781654981286	0.9823292176970788	0.98206533455286	0.995086706815638	0.9896938291606328	0.9917734642582404	0.9800006755483489	0.994870169443923	0.9963311255577365	0.9820893072468347	0.9804341214860756	0.9940831213452225	0.9822456458568657	0.9940808682893788	0.9947437535913765	0.9795552549524097	0.9813311961635537	0.9967278340557003	0.981595677459129	0.9831387067324948	0.9810517962844906	0.9807907863087095	0.9955246790037224	0.9829174827444674	0.9934953154610093	0.9936812182113064	0.9907899261572921	0.9811780914590371	1.0	0.9823505465368868	0.9967148783196509	0.9818983831919176	0.9910947560637126	0.9817278601513748	0.9802672313264138
0.9836234999532385	0.9836734039140627	0.9686321005318512	0.9818095914795176	0.9799078676041658	0.9812774328492748	0.9818623344189826	0.9822812461056664	0.9824197006127376	0.9826948658441867	0.9811160824153787	0.9797957819429333	0.9832720289126721	0.9780468671327623	0.9718210655704469	0.9808453832490868	0.9747677249364873	0.9793055820049245	0.9765520913360013	0.9829507506987729	0.9694961965517244	0.9806454363413621	0.9756509002788906	0.975309095463883	0.9815268510601453	0.9794004245629148	0.9812058197968415	0.973837408436908	0.9822638980559575	0.9836068484064134	0.9797395945338427	0.9740390178663104	0.9727336005246427	0.9835234635798669	0.984347921860917	0.9846397266557232	0.9762405491795189	0.9815800513211294	0.9823505465368868	1.0	0.9849928894077612	0.9708994050442616	0.975119635834434	0.9825747654132706	0.9708968562417977
0.9833181758931421	0.9834257070995034	0.9797652113540656	0.9985131473365517	0.9804795952064097	0.9826504644033126	0.9906308896464663	0.9895961096681375	0.9832435363926975	0.9833249155650753	0.9977816775941123	0.9849006942944432	0.9828189366780136	0.9979900764545077	0.9922935240999526	0.994765893300624	0.9831458605822708	0.9980698700689221	0.9975089418088292	0.9834836094503472	0.9831108702755468	0.9971606715636425	0.9852356075235708	0.9970110044952131	0.998244632240248	0.9824262136680579	0.9844631335783467	0.9980626845802757	0.9847246135552553	0.9843153120604634	0.9842799054283695	0.983456257683349	0.9982186881072251	0.9842839524519509	0.9966331846257178	0.9954387242414718	0.9937661732903158	0.982272371590632	0.9967148783196509	0.9849928894077612	1.0	0.9840288591210383	0.993864960087667	0.9823008630483304	0.9825037533058983
