/home/jshaw/scratch/2022_sketched_distance/references/SGB_genome_fastas_part4/6518/BackhedF_2015__SID272_M__bin.42.fa	/home/jshaw/scratch/2022_sketched_distance/references/SGB_genome_fastas_part4/6518/BritoIL_2016__W1.55.ST__bin.61.fa	/home/jshaw/scratch/2022_sketched_distance/references/SGB_genome_fastas_part4/6518/BritoIL_2016__WL.10.ST__bin.22.fa	/home/jshaw/scratch/2022_sketched_distance/references/SGB_genome_fastas_part4/6518/BritoIL_2016__WL.2.ST__bin.2.fa	/home/jshaw/scratch/2022_sketched_distance/references/SGB_genome_fastas_part4/6518/BritoIL_2016__WL.7.ST__bin.64.fa	/home/jshaw/scratch/2022_sketched_distance/references/SGB_genome_fastas_part4/6518/CM_madagascar__A90_03_1FE__bin.27.fa	/home/jshaw/scratch/2022_sketched_distance/references/SGB_genome_fastas_part4/6518/LeChatelierE_2013__MH0077__bin.34.fa	/home/jshaw/scratch/2022_sketched_distance/references/SGB_genome_fastas_part4/6518/LeChatelierE_2013__MH0421__bin.43.fa	/home/jshaw/scratch/2022_sketched_distance/references/SGB_genome_fastas_part4/6518/LiJ_2014__MH0252__bin.34.fa	/home/jshaw/scratch/2022_sketched_distance/references/SGB_genome_fastas_part4/6518/NielsenHB_2014__MH0077__bin.17.fa	/home/jshaw/scratch/2022_sketched_distance/references/SGB_genome_fastas_part4/6518/NielsenHB_2014__MH0144__bin.34.fa	/home/jshaw/scratch/2022_sketched_distance/references/SGB_genome_fastas_part4/6518/NielsenHB_2014__O2_UC40_2__bin.7.fa	/home/jshaw/scratch/2022_sketched_distance/references/SGB_genome_fastas_part4/6518/WenC_2017__N035__bin.73.fa	/home/jshaw/scratch/2022_sketched_distance/references/SGB_genome_fastas_part4/6518/XieH_2016__YSZC12003_35365__bin.50.fa	/home/jshaw/scratch/2022_sketched_distance/references/SGB_genome_fastas_part4/6518/XieH_2016__YSZC12003_35742__bin.40.fa	/home/jshaw/scratch/2022_sketched_distance/references/SGB_genome_fastas_part4/6518/XieH_2016__YSZC12003_36033__bin.58.fa	/home/jshaw/scratch/2022_sketched_distance/references/SGB_genome_fastas_part4/6518/XieH_2016__YSZC12003_37337__bin.27.fa	/home/jshaw/scratch/2022_sketched_distance/references/SGB_genome_fastas_part4/6518/ZeeviD_2015__PNP_Main_287__bin.55.fa	/home/jshaw/scratch/2022_sketched_distance/references/SGB_genome_fastas_part4/6518/ZeeviD_2015__PNP_Main_323__bin.18.fa	/home/jshaw/scratch/2022_sketched_distance/references/SGB_genome_fastas_part4/6518/ZeeviD_2015__PNP_Main_405__bin.13.fa	/home/jshaw/scratch/2022_sketched_distance/references/SGB_genome_fastas_part4/6518/ZeeviD_2015__PNP_Main_432__bin.52.fa	/home/jshaw/scratch/2022_sketched_distance/references/SGB_genome_fastas_part4/6518/ZeeviD_2015__PNP_Main_474__bin.23.fa	/home/jshaw/scratch/2022_sketched_distance/references/SGB_genome_fastas_part4/6518/ZeeviD_2015__PNP_Main_529__bin.29.fa	/home/jshaw/scratch/2022_sketched_distance/references/SGB_genome_fastas_part4/6518/ZeeviD_2015__PNP_Main_538__bin.6.fa	/home/jshaw/scratch/2022_sketched_distance/references/SGB_genome_fastas_part4/6518/ZeeviD_2015__PNP_Main_566__bin.19.fa	/home/jshaw/scratch/2022_sketched_distance/references/SGB_genome_fastas_part4/6518/ZeeviD_2015__PNP_Main_67__bin.35.fa	/home/jshaw/scratch/2022_sketched_distance/references/SGB_genome_fastas_part4/6518/ZeeviD_2015__PNP_Main_680__bin.22.fa	/home/jshaw/scratch/2022_sketched_distance/references/SGB_genome_fastas_part4/6518/ZeeviD_2015__PNP_Main_699__bin.32.fa	/home/jshaw/scratch/2022_sketched_distance/references/SGB_genome_fastas_part4/6518/ZeeviD_2015__PNP_Main_77__bin.12.fa	/home/jshaw/scratch/2022_sketched_distance/references/SGB_genome_fastas_part4/6518/ZeeviD_2015__PNP_Main_86__bin.59.fa	/home/jshaw/scratch/2022_sketched_distance/references/SGB_genome_fastas_part4/6518/ZeeviD_2015__PNP_Validation_54__bin.2.fa
1.0	0.9808554983050806	0.9835672958737027	0.9842524824398364	0.9820245664582251	0.9784648827052967	0.9843719258655032	0.9839085666429718	0.9805067089507218	0.9840122830159732	0.9854277964850836	0.9847276695163641	0.9853507376581698	0.9853507376581698	0.9813778228228867	0.9841326025749589	0.9849236514431986	0.9817410942470804	0.9821523955766598	0.9845305104189795	0.9835672958737027	0.9825329154942898	0.9846883323296413	0.9804951125943545	0.9835265414429838	0.9853507376581698	0.9845305104189795	0.9797713682636288	0.9813263794316379	0.9859243207080598	0.9837703116117815
0.9808554983050806	1.0	0.990209705283793	0.9903659147295321	0.9860425544523456	0.9821813101289706	0.9862639290044611	0.9784062840937243	0.9731569705555562	0.9856852241694345	0.9869192479833163	0.9867892246266146	0.9864838228443575	0.9850503888020631	0.9844963012444651	0.986175558002939	0.9860869487936336	0.9787532133242139	0.9849586879016937	0.988523235392754	0.9866150567434416	0.9850045703658892	0.9867457690436604	0.9846820382700853	0.9854146528911643	0.9883580268284627	0.9881919856258472	0.983165834754809	0.978192063189096	0.9881919856258472	0.9871777631316276
0.9835672958737027	0.990209705283793	1.0	0.9994061725776816	0.9855319841738829	0.9830141299213193	0.9857764302740315	0.9859197910615517	0.9855212973403994	0.9852857054948201	0.986871313216604	0.9865670444566009	0.9873722564929278	0.9877165398745418	0.9834706899960649	0.9857416205516327	0.9871727934148434	0.9876189836174978	0.9839523386767502	0.9885762740440455	0.9858112031594384	0.9854360480893677	0.9866349034116407	0.9861153908765417	0.9851086545961796	0.9886719952797698	0.9887991926429114	0.9825240647633126	0.9890122487042009	0.9874053831233178	0.9863967818935431
0.9842524824398364	0.9903659147295321	0.9994061725776816	1.0	0.9846172448162639	0.9830551795002667	0.9853795835619081	0.9860104045864151	0.985426261464745	0.9848617325856234	0.9869277893226437	0.9860911275612113	0.9871790520823399	0.9879304015707463	0.9828158087212762	0.9849659582045314	0.9866231018450802	0.9878352924293785	0.9842714177455255	0.9881303170885803	0.9852422864859596	0.9853994895229944	0.9858556540882845	0.986452067074916	0.9841938383170962	0.9883684834984421	0.9882007335757216	0.9816854094136767	0.9890122487042009	0.9869178785421854	0.9866694917829764
0.9820245664582251	0.9860425544523456	0.9855319841738829	0.9846172448162639	1.0	0.9814148467767111	0.982848636466548	0.9828298307886691	0.9835662515208959	0.9822961085503695	0.9837746613355974	0.9826406665084435	0.9834996003380884	0.9851130008497343	0.9793435520997146	0.981943859883059	0.9831971136104832	0.9850938571757182	0.981982382925281	0.9878766156145253	0.9829165633283306	0.9843589658184148	0.9846604709079536	0.9840194869443708	0.9815065615181283	0.9893318787908539	0.9845566182837913	0.9796672112422274	0.985068776933223	0.9886198101811335	0.9849351434374086
0.9784648827052967	0.9821813101289706	0.9830141299213193	0.9830551795002667	0.9814148467767111	1.0	0.9823921328582687	0.9798027985771541	0.9777985410106629	0.9816726178139364	0.981970806533389	0.9818007458046593	0.9824339688294544	0.9813434550547582	0.9814579498992997	0.9817580921903551	0.9824339688294544	0.9810060679425924	0.9800046615412413	0.9826007803133707	0.9818007458046593	0.980094603292515	0.9828906717176408	0.9795611355898282	0.982139988277485	0.9825174807757926	0.9825591570269993	0.9837050754896945	0.9820502363952905	0.9830141299213193	0.9816297967553869
0.9843719258655032	0.9862639290044611	0.9857764302740315	0.9853795835619081	0.982848636466548	0.9823921328582687	1.0	0.9852784015094844	0.9917299304170469	0.999391114212498	0.985598423547265	0.9859009022048628	0.9846145172460564	0.9875012799217623	0.9798223633301459	0.9852982050191373	0.9847164275531219	0.9866499641833796	0.9842351526291097	0.9854664950034895	0.9843174172290479	0.9859076440137332	0.9841499545982775	0.9851616664391217	0.983020222644693	0.986686369693114	0.9852324772939219	0.9796864659325581	0.9862445381077725	0.9856410571837682	0.9863639874810508
0.9839085666429718	0.9784062840937243	0.9859197910615517	0.9860104045864151	0.9828298307886691	0.9798027985771541	0.9852784015094844	1.0	0.9756889601295017	0.98452971067493	0.9848124744124254	0.9867264592243518	0.98578340058374	0.9853246326738541	0.9820734228925972	0.9859651290528075	0.9900502224247302	0.978524865123385	0.9827299800681187	0.985508909350403	0.9841967105271264	0.9845770074606929	0.9856921580739071	0.9819712352568268	0.9830286238807381	0.9865043626953824	0.9856464416262607	0.981507400949048	0.9766101209466278	0.9849061902793738	0.9859651290528075
0.9805067089507218	0.9731569705555562	0.9855212973403994	0.985426261464745	0.9835662515208959	0.9777985410106629	0.9917299304170469	0.9756889601295017	1.0	0.9908537891811936	0.9864106881782975	0.9881204153328035	0.9865949009688232	0.9845094325892859	0.9819666181248643	0.9878562928939841	0.9868237253370937	0.9786875075262673	0.9839169025906156	0.984801732962661	0.9859455892881948	0.9853309498292877	0.9854738137711212	0.9821248810439355	0.9834148168608631	0.9857576911597887	0.984801732962661	0.9819666181248643	0.9797007923672497	0.9856633376384974	0.984801732962661
0.9840122830159732	0.9856852241694345	0.9852857054948201	0.9848617325856234	0.9822961085503695	0.9816726178139364	0.999391114212498	0.98452971067493	0.9908537891811936	1.0	0.9849307684531062	0.9853625685602173	0.984023599420454	0.9869202739220939	0.9796721321337241	0.9846473003635265	0.9842294512275398	0.9856975721056843	0.9837968149307794	0.9847040890188233	0.9838570837385089	0.985179279438409	0.9835857144713295	0.9847330916374232	0.982608643035824	0.9859140140111307	0.9846194974121063	0.9803044036834976	0.9855012106295451	0.9850184834776549	0.9855701058986736
0.9854277964850836	0.9869192479833163	0.986871313216604	0.9869277893226437	0.9837746613355974	0.981970806533389	0.985598423547265	0.9848124744124254	0.9864106881782975	0.9849307684531062	1.0	0.9872270822481461	0.9864567416659586	0.9891852109516417	0.98303083668814	0.9862527800995926	0.9869945345395933	0.9867392457516068	0.9847035014104701	0.9870611446218714	0.9862868616834726	0.985799413415676	0.9858755317655946	0.9871517066140233	0.9855287797642484	0.9873921873240823	0.9870278564377882	0.9824233762155596	0.986661869605776	0.9867603313915657	0.9861930282536913
0.9847276695163641	0.9867892246266146	0.9865670444566009	0.9860911275612113	0.9826406665084435	0.9818007458046593	0.9859009022048628	0.9867264592243518	0.9881204153328035	0.9853625685602173	0.9872270822481461	1.0	0.9864305593434303	0.9893217305276906	0.982603787515115	0.9861336780106194	0.9871130339670796	0.9875755507868357	0.9854112376331042	0.9859426075197512	0.985896328556454	0.9870752412766514	0.9857671434484155	0.9870422216780066	0.9843987139883533	0.98750581294843	0.9860341187494215	0.9821205425857065	0.9883787454827786	0.9861510055291407	0.9877660102351983
0.9853507376581698	0.9864838228443575	0.9873722564929278	0.9871790520823399	0.9834996003380884	0.9824339688294544	0.9846145172460564	0.98578340058374	0.9865949009688232	0.984023599420454	0.9864567416659586	0.9864305593434303	1.0	0.9891167386164642	0.9821098413070289	0.9843344134059195	0.9875908159178342	0.9861998837194871	0.9856206182116992	0.985841162572474	0.9864281977505821	0.9863014679113526	0.9859856778971116	0.9869690287926188	0.9844071710413496	0.9863863006574403	0.9860963202127169	0.9812432308804043	0.9875314996396684	0.9859140140111307	0.9870724661165039
0.9853507376581698	0.9850503888020631	0.9877165398745418	0.9879304015707463	0.9851130008497343	0.9813434550547582	0.9875012799217623	0.9853246326738541	0.9845094325892859	0.9869202739220939	0.9891852109516417	0.9893217305276906	0.9891167386164642	1.0	0.9843692195210247	0.9890481237838594	0.9896268488649421	0.9854203125832888	0.9854212002047579	0.9877879815550055	0.9870664900051772	0.9868469214593425	0.9888759593009362	0.9840595414735105	0.9859159377446768	0.9888414182392218	0.9888414182392218	0.983810176653792	0.9870739717824968	0.9880722082998292	0.9878236443495956
0.9813778228228867	0.9844963012444651	0.9834706899960649	0.9828158087212762	0.9793435520997146	0.9814579498992997	0.9798223633301459	0.9820734228925972	0.9819666181248643	0.9796721321337241	0.98303083668814	0.982603787515115	0.9821098413070289	0.9843692195210247	1.0	0.9811065920492198	0.9826133158722599	0.9823582375390132	0.9801437717660698	0.9826048230157077	0.9809114096779041	0.981848839395967	0.9819820177271184	0.9812613952755406	0.9811464186125367	0.9821751875314653	0.9808727360269632	0.9794288236840456	0.9835657646683692	0.9817150005375205	0.9824574122684682
0.9841326025749589	0.986175558002939	0.9857416205516327	0.9849659582045314	0.981943859883059	0.9817580921903551	0.9852982050191373	0.9859651290528075	0.9878562928939841	0.9846473003635265	0.9862527800995926	0.9861336780106194	0.9843344134059195	0.9890481237838594	0.9811065920492198	1.0	0.9852982050191373	0.986515585725791	0.9842714177455255	0.9854664950034895	0.9852533455179028	0.9877972456293335	0.984957232722226	0.9848114316207328	0.9827235733122914	0.9858119207254508	0.9843693263133633	0.980757798850304	0.9867653801742089	0.985675301048284	0.9871724431524788
0.9849236514431986	0.9860869487936336	0.9871727934148434	0.9866231018450802	0.9831971136104832	0.9824339688294544	0.9847164275531219	0.9900502224247302	0.9868237253370937	0.9842294512275398	0.9869945345395933	0.9871130339670796	0.9875908159178342	0.9896268488649421	0.9826133158722599	0.9852982050191373	1.0	0.9865604395836101	0.9854811795477016	0.9862785136799036	0.9862629111531327	0.9875240604969319	0.9859697113429161	0.9865635306991645	0.9840537645401168	0.9868188599133749	0.9860361133410364	0.9820938153202753	0.9883295062588594	0.986285666025024	0.9877005844125832
0.9817410942470804	0.9787532133242139	0.9876189836174978	0.9878352924293785	0.9850938571757182	0.9810060679425924	0.9866499641833796	0.978524865123385	0.9786875075262673	0.9856975721056843	0.9867392457516068	0.9875755507868357	0.9861998837194871	0.9854203125832888	0.9823582375390132	0.986515585725791	0.9865604395836101	1.0	0.9852808002813312	0.9874885128311237	0.9870056455892898	0.9852341641769682	0.9886445481779059	0.984858671588733	0.9849058436766885	0.989883192678077	0.9888124141815049	0.9827129380790625	0.9818107254117937	0.9883062287967032	0.9866946352625655
0.9821523955766598	0.9849586879016937	0.9839523386767502	0.9842714177455255	0.981982382925281	0.9800046615412413	0.9842351526291097	0.9827299800681187	0.9839169025906156	0.9837968149307794	0.9847035014104701	0.9854112376331042	0.9856206182116992	0.9854212002047579	0.9801437717660698	0.9842714177455255	0.9854811795477016	0.9852808002813312	1.0	0.9845601047056363	0.9965121178035194	0.98397920782734	0.9845601047056363	0.9953660793123035	0.9835754293100583	0.9847392529119496	0.9846318813713287	0.9807547513813234	0.9853936348026587	0.9845960126603199	0.9848638281411559
0.9845305104189795	0.988523235392754	0.9885762740440455	0.9881303170885803	0.9878766156145253	0.9826007803133707	0.9854664950034895	0.985508909350403	0.984801732962661	0.9847040890188233	0.9870611446218714	0.9859426075197512	0.985841162572474	0.9877879815550055	0.9826048230157077	0.9854664950034895	0.9862785136799036	0.9874885128311237	0.9845601047056363	1.0	0.9853979121600867	0.9859076440137332	0.9875567150593869	0.9870787571506844	0.9842095368771324	0.9935795039878369	0.987749028137987	0.9821531814802074	0.9875314996396684	0.9931730157248984	0.9869051596425636
0.9835672958737027	0.9866150567434416	0.9858112031594384	0.9852422864859596	0.9829165633283306	0.9818007458046593	0.9843174172290479	0.9841967105271264	0.9859455892881948	0.9838570837385089	0.9862868616834726	0.985896328556454	0.9864281977505821	0.9870664900051772	0.9809114096779041	0.9852533455179028	0.9862629111531327	0.9870056455892898	0.9965121178035194	0.9853979121600867	1.0	0.9857270611339695	0.9841411295395192	0.9958176279204908	0.9838570837385089	0.9859140140111307	0.985457755629495	0.981299264517936	0.986868566020004	0.9858459870747113	0.9864321230361918
0.9825329154942898	0.9850045703658892	0.9854360480893677	0.9853994895229944	0.9843589658184148	0.980094603292515	0.9859076440137332	0.9845770074606929	0.9853309498292877	0.985179279438409	0.985799413415676	0.9870752412766514	0.9863014679113526	0.9868469214593425	0.981848839395967	0.9877972456293335	0.9875240604969319	0.9852341641769682	0.98397920782734	0.9859076440137332	0.9857270611339695	1.0	0.9856182331036758	0.9842192722880189	0.9842075897347169	0.9868660109813727	0.9858355299029179	0.981767212478038	0.9861919972329103	0.9867257811262844	0.9967915164661493
0.9846883323296413	0.9867457690436604	0.9866349034116407	0.9858556540882845	0.9846604709079536	0.9828906717176408	0.9841499545982775	0.9856921580739071	0.9854738137711212	0.9835857144713295	0.9858755317655946	0.9857671434484155	0.9859856778971116	0.9888759593009362	0.9819820177271184	0.984957232722226	0.9859697113429161	0.9886445481779059	0.9845601047056363	0.9875567150593869	0.9841411295395192	0.9856182331036758	1.0	0.9859268477472017	0.9835501250145328	0.9881152248133926	0.9858863408438235	0.9806477612330612	0.9894438033338171	0.9874410031989231	0.9866356866784969
0.9804951125943545	0.9846820382700853	0.9861153908765417	0.986452067074916	0.9840194869443708	0.9795611355898282	0.9851616664391217	0.9819712352568268	0.9821248810439355	0.9847330916374232	0.9871517066140233	0.9870422216780066	0.9869690287926188	0.9840595414735105	0.9812613952755406	0.9848114316207328	0.9865635306991645	0.984858671588733	0.9953660793123035	0.9870787571506844	0.9958176279204908	0.9842192722880189	0.9859268477472017	1.0	0.9855847199277844	0.9882622258409803	0.9870422216780066	0.9831256772575516	0.9846305721400394	0.9878724438475432	0.9863775475268558
0.9835265414429838	0.9854146528911643	0.9851086545961796	0.9841938383170962	0.9815065615181283	0.982139988277485	0.983020222644693	0.9830286238807381	0.9834148168608631	0.982608643035824	0.9855287797642484	0.9843987139883533	0.9844071710413496	0.9859159377446768	0.9811464186125367	0.9827235733122914	0.9840537645401168	0.9849058436766885	0.9835754293100583	0.9842095368771324	0.9838570837385089	0.9842075897347169	0.9835501250145328	0.9855847199277844	1.0	0.9849485744016847	0.9835006549043328	0.9809948138235987	0.9858749760216703	0.9846674398234443	0.9848995051537092
0.9853507376581698	0.9883580268284627	0.9886719952797698	0.9883684834984421	0.9893318787908539	0.9825174807757926	0.986686369693114	0.9865043626953824	0.9857576911597887	0.9859140140111307	0.9873921873240823	0.98750581294843	0.9863863006574403	0.9888414182392218	0.9821751875314653	0.9858119207254508	0.9868188599133749	0.989883192678077	0.9847392529119496	0.9935795039878369	0.9859140140111307	0.9868660109813727	0.9881152248133926	0.9882622258409803	0.9849485744016847	1.0	0.9890550720423367	0.9828908419733513	0.9880325152295797	0.9947178655862928	0.9877333135752572
0.9845305104189795	0.9881919856258472	0.9887991926429114	0.9882007335757216	0.9845566182837913	0.9825591570269993	0.9852324772939219	0.9856464416262607	0.984801732962661	0.9846194974121063	0.9870278564377882	0.9860341187494215	0.9860963202127169	0.9888414182392218	0.9808727360269632	0.9843693263133633	0.9860361133410364	0.9888124141815049	0.9846318813713287	0.987749028137987	0.985457755629495	0.9858355299029179	0.9858863408438235	0.9870422216780066	0.9835006549043328	0.9890550720423367	1.0	0.981179608786071	0.990104084867484	0.9881469888389327	0.9866018467903253
0.9797713682636288	0.983165834754809	0.9825240647633126	0.9816854094136767	0.9796672112422274	0.9837050754896945	0.9796864659325581	0.981507400949048	0.9819666181248643	0.9803044036834976	0.9824233762155596	0.9821205425857065	0.9812432308804043	0.983810176653792	0.9794288236840456	0.980757798850304	0.9820938153202753	0.9827129380790625	0.9807547513813234	0.9821531814802074	0.981299264517936	0.981767212478038	0.9806477612330612	0.9831256772575516	0.9809948138235987	0.9828908419733513	0.981179608786071	1.0	0.9839057687586296	0.9829652724222447	0.9819931594785407
0.9813263794316379	0.978192063189096	0.9890122487042009	0.9890122487042009	0.985068776933223	0.9820502363952905	0.9862445381077725	0.9766101209466278	0.9797007923672497	0.9855012106295451	0.986661869605776	0.9883787454827786	0.9875314996396684	0.9870739717824968	0.9835657646683692	0.9867653801742089	0.9883295062588594	0.9818107254117937	0.9853936348026587	0.9875314996396684	0.986868566020004	0.9861919972329103	0.9894438033338171	0.9846305721400394	0.9858749760216703	0.9880325152295797	0.990104084867484	0.9839057687586296	1.0	0.9873289387814775	0.9876826064461391
0.9859243207080598	0.9881919856258472	0.9874053831233178	0.9869178785421854	0.9886198101811335	0.9830141299213193	0.9856410571837682	0.9849061902793738	0.9856633376384974	0.9850184834776549	0.9867603313915657	0.9861510055291407	0.9859140140111307	0.9880722082998292	0.9817150005375205	0.985675301048284	0.986285666025024	0.9883062287967032	0.9845960126603199	0.9931730157248984	0.9858459870747113	0.9867257811262844	0.9874410031989231	0.9878724438475432	0.9846674398234443	0.9947178655862928	0.9881469888389327	0.9829652724222447	0.9873289387814775	1.0	0.9870056455892898
0.9837703116117815	0.9871777631316276	0.9863967818935431	0.9866694917829764	0.9849351434374086	0.9816297967553869	0.9863639874810508	0.9859651290528075	0.984801732962661	0.9855701058986736	0.9861930282536913	0.9877660102351983	0.9870724661165039	0.9878236443495956	0.9824574122684682	0.9871724431524788	0.9877005844125832	0.9866946352625655	0.9848638281411559	0.9869051596425636	0.9864321230361918	0.9967915164661493	0.9866356866784969	0.9863775475268558	0.9848995051537092	0.9877333135752572	0.9866018467903253	0.9819931594785407	0.9876826064461391	0.9870056455892898	1.0
