/home/jshaw/scratch/2022_sketched_distance/references/SGB_genome_fastas_part4/6728/DavidLA_2015__LD-Run1-06__bin.19.fa	/home/jshaw/scratch/2022_sketched_distance/references/SGB_genome_fastas_part4/6728/HeQ_2017__SZAXPI029578-96__bin.24.fa	/home/jshaw/scratch/2022_sketched_distance/references/SGB_genome_fastas_part4/6728/OhJ_2014__MET0119__bin.18.fa	/home/jshaw/scratch/2022_sketched_distance/references/SGB_genome_fastas_part4/6728/OhJ_2014__MET0131__bin.6.fa	/home/jshaw/scratch/2022_sketched_distance/references/SGB_genome_fastas_part4/6728/OhJ_2014__MET0251__bin.82.fa	/home/jshaw/scratch/2022_sketched_distance/references/SGB_genome_fastas_part4/6728/VincentC_2016__MM001.4__bin.3.fa	/home/jshaw/scratch/2022_sketched_distance/references/SGB_genome_fastas_part4/6728/VincentC_2016__MM016.1__bin.15.fa	/home/jshaw/scratch/2022_sketched_distance/references/SGB_genome_fastas_part4/6728/VincentC_2016__MM017__bin.15.fa	/home/jshaw/scratch/2022_sketched_distance/references/SGB_genome_fastas_part4/6728/VincentC_2016__MM020.1__bin.11.fa	/home/jshaw/scratch/2022_sketched_distance/references/SGB_genome_fastas_part4/6728/VincentC_2016__MM020.2__bin.4.fa	/home/jshaw/scratch/2022_sketched_distance/references/SGB_genome_fastas_part4/6728/VincentC_2016__MM020.3__bin.15.fa	/home/jshaw/scratch/2022_sketched_distance/references/SGB_genome_fastas_part4/6728/VincentC_2016__MM021.1__bin.15.fa	/home/jshaw/scratch/2022_sketched_distance/references/SGB_genome_fastas_part4/6728/VincentC_2016__MM029.1__bin.1.fa	/home/jshaw/scratch/2022_sketched_distance/references/SGB_genome_fastas_part4/6728/VincentC_2016__MM029.2__bin.3.fa	/home/jshaw/scratch/2022_sketched_distance/references/SGB_genome_fastas_part4/6728/VincentC_2016__MM029.3__bin.32.fa	/home/jshaw/scratch/2022_sketched_distance/references/SGB_genome_fastas_part4/6728/VincentC_2016__MM034.1__bin.12.fa	/home/jshaw/scratch/2022_sketched_distance/references/SGB_genome_fastas_part4/6728/VincentC_2016__MM048.2__bin.15.fa	/home/jshaw/scratch/2022_sketched_distance/references/SGB_genome_fastas_part4/6728/VincentC_2016__MM052.1__bin.13.fa	/home/jshaw/scratch/2022_sketched_distance/references/SGB_genome_fastas_part4/6728/VincentC_2016__MM052.2__bin.2.fa	/home/jshaw/scratch/2022_sketched_distance/references/SGB_genome_fastas_part4/6728/VincentC_2016__MM056.1__bin.5.fa	/home/jshaw/scratch/2022_sketched_distance/references/SGB_genome_fastas_part4/6728/VincentC_2016__MM058.1__bin.41.fa	/home/jshaw/scratch/2022_sketched_distance/references/SGB_genome_fastas_part4/6728/VincentC_2016__MM060.1__bin.5.fa	/home/jshaw/scratch/2022_sketched_distance/references/SGB_genome_fastas_part4/6728/VincentC_2016__MM060.2__bin.6.fa	/home/jshaw/scratch/2022_sketched_distance/references/SGB_genome_fastas_part4/6728/VincentC_2016__MM061__bin.15.fa	/home/jshaw/scratch/2022_sketched_distance/references/SGB_genome_fastas_part4/6728/VincentC_2016__MM075.2__bin.2.fa	/home/jshaw/scratch/2022_sketched_distance/references/SGB_genome_fastas_part4/6728/VincentC_2016__MM094.1__bin.6.fa
1.0	0.984994845698303	0.9810862394857329	0.9787395381037128	0.9743426386316658	0.9785652813641892	0.9743426386316658	0.9811401098171691	0.9780959931301395	0.9732639744865571	0.9793706338189966	0.9783314813998659	0.9783900887060579	0.9513544885000133	0.9476099235084671	0.9768309665731275	0.9803225838818239	0.9788551943083088	0.9756424669173768	0.9773791459052197	0.9801565959318622	0.9789704420012221	0.9793706338189966	0.9588042161358168	0.9473783013626265	0.9738077869050757
0.984994845698303	1.0	0.9814473010851187	0.9819670206846381	0.9846489479420583	0.9812273636345711	0.9785681552491928	0.9814201903097891	0.981822308396876	0.9811327547269275	0.9806748117905933	0.9800699701124527	0.9800564315366967	0.9812366294242292	0.9847610473151027	0.9826532482166209	0.9819755975373963	0.9810536723036303	0.9813323916572486	0.9828374571242557	0.9819118871603321	0.9811509299956659	0.9809935723232838	0.983245936027953	0.9839757352373515	0.9821098413070289
0.9810862394857329	0.9814473010851187	1.0	0.9832887349714392	0.9852857054948201	0.9827048749159718	0.9791459172127729	0.9825403699618148	0.983066807168465	0.9811327547269275	0.9822510702136651	0.9820953232917466	0.9811809406082733	0.9828105093967872	0.985482397500672	0.9827510880162432	0.9827571685292925	0.9831677155253377	0.9835816185991628	0.9843269408705745	0.9823839514517144	0.9832992487924748	0.983518224513044	0.9856731953990423	0.9867492569042982	0.9833824593043567
0.9787395381037128	0.9819670206846381	0.9832887349714392	1.0	0.9835594349275403	0.9808800691341819	0.9773809867563761	0.9828040162501416	0.9801553379040483	0.98011146335372	0.9801741164530454	0.9819670206846381	0.9816961529306929	0.9811516591074565	0.9828421525583204	0.9810466878012842	0.9817349858529958	0.9820055337309386	0.9811977902670603	0.9821098413070289	0.9814230243285123	0.9816183485600758	0.9823881926017864	0.9821289436716261	0.9836001676017608	0.9812024346715487
0.9743426386316658	0.9846489479420583	0.9852857054948201	0.9835594349275403	1.0	0.9817840045641933	0.9783334905777405	0.9843475137463198	0.9819705939766928	0.9775963735149221	0.9820634913133385	0.9849476389356391	0.982887916021802	0.9788611297972223	0.9798763768231011	0.9802655600441199	0.9839995920874305	0.9864828341369316	0.9806415519527486	0.9819240462534041	0.9836479402881115	0.9842608786359719	0.9847345659189717	0.9809724892748856	0.979479738472916	0.9798074579148259
0.9785652813641892	0.9812273636345711	0.9827048749159718	0.9808800691341819	0.9817840045641933	1.0	0.9753787875424668	0.9823312659030682	0.9798154821451837	0.9781781037238308	0.9816563595533342	0.9832371193475815	0.979860539426886	0.9724240614483468	0.9731042125941282	0.9836662794253417	0.9823729891195	0.9826635726416142	0.9791571714857812	0.9800558063507903	0.9825808115239754	0.9826222182222946	0.9830742707239603	0.9775442598485456	0.9745145152245819	0.9782682149840015
0.9743426386316658	0.9785681552491928	0.9791459172127729	0.9773809867563761	0.9783334905777405	0.9753787875424668	1.0	0.9787023959042341	0.9742598636786355	0.9735081190343556	0.9738995755666304	0.9793216516660798	0.9763415277292429	0.9727560631991005	0.9740178826410255	0.9761120994421881	0.9776126715285368	0.9787915837701001	0.9757287717022042	0.9765565446057096	0.9771476425735817	0.977934287655147	0.9782980050359528	0.9750681925466709	0.9740116590436362	0.9753202732733338
0.9811401098171691	0.9814201903097891	0.9825403699618148	0.9828040162501416	0.9843475137463198	0.9823312659030682	0.9787023959042341	1.0	0.9824504691065163	0.9811327547269275	0.9820531787115242	0.9825747654132706	0.9809961880806084	0.9836882884973975	0.9871064068029559	0.9819600606651381	0.9820883992643951	0.981966173734949	0.9822594090510883	0.9830904519330524	0.9827425026465249	0.98244229103903	0.982244157724261	0.9850677267516108	0.9856145409873195	0.9828618410408394
0.9780959931301395	0.981822308396876	0.983066807168465	0.9801553379040483	0.9819705939766928	0.9798154821451837	0.9742598636786355	0.9824504691065163	1.0	0.9848836302318388	0.9961933963559516	0.981822308396876	0.9811818545725228	0.9808954154371571	0.9810770103067984	0.9806844830694647	0.9815036486269378	0.9820199065069845	0.9798672500584911	0.9802396305211755	0.9814234963936861	0.9817031743411097	0.9815836049765517	0.9814536369450332	0.9822507185279349	0.9798882193634955
0.9732639744865571	0.9811327547269275	0.9811327547269275	0.98011146335372	0.9775963735149221	0.9781781037238308	0.9735081190343556	0.9811327547269275	0.9848836302318388	1.0	0.9852234828924327	0.981796314990953	0.9797638145414365	0.9737321512029394	0.9735642629938955	0.9862240604579215	0.9813237207583577	0.9813237207583577	0.9775963735149221	0.9779677646801859	0.9810848384863561	0.9804554517136993	0.9807958571464143	0.9786036177973582	0.9742640604146805	0.9747545436713362
0.9793706338189966	0.9806748117905933	0.9822510702136651	0.9801741164530454	0.9820634913133385	0.9816563595533342	0.9738995755666304	0.9820531787115242	0.9961933963559516	0.9852234828924327	1.0	0.9816537699850181	0.980258100232679	0.9773672619367909	0.9765100026702569	0.98190998109226	0.9814926314613428	0.9811679535833586	0.9806537751533675	0.9821962870820488	0.980757520348391	0.9811271413006168	0.9813306953502953	0.9789000766890444	0.9769183323872938	0.9790637183181157
0.9783314813998659	0.9800699701124527	0.9820953232917466	0.9819670206846381	0.9849476389356391	0.9832371193475815	0.9793216516660798	0.9825747654132706	0.981822308396876	0.981796314990953	0.9816537699850181	1.0	0.9799035303564563	0.9828105093967872	0.9860326965447134	0.9834279062122351	0.9816348408467004	0.9826430489841445	0.9829058532001413	0.9830904519330524	0.9826353488225752	0.983439921304444	0.9830638389523769	0.9856731953990423	0.986834942025184	0.9823772291818995
0.9783900887060579	0.9800564315366967	0.9811809406082733	0.9816961529306929	0.982887916021802	0.979860539426886	0.9763415277292429	0.9809961880806084	0.9811818545725228	0.9797638145414365	0.980258100232679	0.9799035303564563	1.0	0.9937803536908929	0.9966127033026497	0.9805802546318709	0.981290498150685	0.9801530459397152	0.9811077472780408	0.9810542790834031	0.9803768231267055	0.980118691936324	0.9800810984412318	0.9833748780368293	0.9843470510648078	0.981704619238654
0.9513544885000133	0.9812366294242292	0.9828105093967872	0.9811516591074565	0.9788611297972223	0.9724240614483468	0.9727560631991005	0.9836882884973975	0.9808954154371571	0.9737321512029394	0.9773672619367909	0.9828105093967872	0.9937803536908929	1.0	0.9890831558510758	0.9624720084105239	0.9828105093967872	0.9828912861733545	0.975194475075707	0.975194475075707	0.9840017422623343	0.9830522447248471	0.9828105093967872	0.9788611297972223	0.9770339852140548	0.9758015873618747
0.9476099235084671	0.9847610473151027	0.985482397500672	0.9828421525583204	0.9798763768231011	0.9731042125941282	0.9740178826410255	0.9871064068029559	0.9810770103067984	0.9735642629938955	0.9765100026702569	0.9860326965447134	0.9966127033026497	0.9890831558510758	1.0	0.957465310126371	0.9840234882481482	0.9839405042670281	0.9761955715968729	0.9760900824588147	0.9848419844055497	0.9845170316501696	0.984922722437514	0.9846799101657128	0.9842546153670413	0.9772320760733979
0.9768309665731275	0.9826532482166209	0.9827510880162432	0.9810466878012842	0.9802655600441199	0.9836662794253417	0.9761120994421881	0.9819600606651381	0.9806844830694647	0.9862240604579215	0.98190998109226	0.9834279062122351	0.9805802546318709	0.9624720084105239	0.957465310126371	1.0	0.9827022046456433	0.9836187432313047	0.9793571021518356	0.980475692769357	0.9816078836403791	0.982848636466548	0.9831877869141857	0.9741422149646664	0.954860795421107	0.9758114033941805
0.9803225838818239	0.9819755975373963	0.9827571685292925	0.9817349858529958	0.9839995920874305	0.9823729891195	0.9776126715285368	0.9820883992643951	0.9815036486269378	0.9813237207583577	0.9814926314613428	0.9816348408467004	0.981290498150685	0.9828105093967872	0.9840234882481482	0.9827022046456433	1.0	0.9821633850517724	0.9820410603887362	0.9823255292831318	0.982461622546288	0.9824244910698596	0.9826835316635689	0.984138058979132	0.9833156414944606	0.9817951031583187
0.9788551943083088	0.9810536723036303	0.9831677155253377	0.9820055337309386	0.9864828341369316	0.9826635726416142	0.9787915837701001	0.981966173734949	0.9820199065069845	0.9813237207583577	0.9811679535833586	0.9826430489841445	0.9801530459397152	0.9828912861733545	0.9839405042670281	0.9836187432313047	0.9821633850517724	1.0	0.9983307009892193	0.9825824933776678	0.9818019756415683	0.9830516096605709	0.982816534930374	0.985792961420855	0.9834107581879714	0.9824215823079719
0.9756424669173768	0.9813323916572486	0.9835816185991628	0.9811977902670603	0.9806415519527486	0.9791571714857812	0.9757287717022042	0.9822594090510883	0.9798672500584911	0.9775963735149221	0.9806537751533675	0.9829058532001413	0.9811077472780408	0.975194475075707	0.9761955715968729	0.9793571021518356	0.9820410603887362	0.9983307009892193	1.0	0.9778885363354327	0.9817329044993135	0.982128574685779	0.982691786298989	0.9776977207884194	0.9757386265606803	0.9778630665070895
0.9773791459052197	0.9828374571242557	0.9843269408705745	0.9821098413070289	0.9819240462534041	0.9800558063507903	0.9765565446057096	0.9830904519330524	0.9802396305211755	0.9779677646801859	0.9821962870820488	0.9830904519330524	0.9810542790834031	0.975194475075707	0.9760900824588147	0.980475692769357	0.9823255292831318	0.9825824933776678	0.9778885363354327	1.0	0.9819362618980831	0.9822825052081477	0.9821530927270177	0.9770794918889444	0.9760970503971783	0.9779139862778989
0.9801565959318622	0.9819118871603321	0.9823839514517144	0.9814230243285123	0.9836479402881115	0.9825808115239754	0.9771476425735817	0.9827425026465249	0.9814234963936861	0.9810848384863561	0.980757520348391	0.9826353488225752	0.9803768231267055	0.9840017422623343	0.9848419844055497	0.9816078836403791	0.982461622546288	0.9818019756415683	0.9817329044993135	0.9819362618980831	1.0	0.9825866831596427	0.9821669211219638	0.9849452818859268	0.9860556178370774	0.9811102942708628
0.9789704420012221	0.9811509299956659	0.9832992487924748	0.9816183485600758	0.9842608786359719	0.9826222182222946	0.977934287655147	0.98244229103903	0.9817031743411097	0.9804554517136993	0.9811271413006168	0.983439921304444	0.980118691936324	0.9830522447248471	0.9845170316501696	0.982848636466548	0.9824244910698596	0.9830516096605709	0.982128574685779	0.9822825052081477	0.9825866831596427	1.0	0.9983657348839761	0.985311255192293	0.9842546153670413	0.9819753239374397
0.9793706338189966	0.9809935723232838	0.983518224513044	0.9823881926017864	0.9847345659189717	0.9830742707239603	0.9782980050359528	0.982244157724261	0.9815836049765517	0.9807958571464143	0.9813306953502953	0.9830638389523769	0.9800810984412318	0.9828105093967872	0.984922722437514	0.9831877869141857	0.9826835316635689	0.982816534930374	0.982691786298989	0.9821530927270177	0.9821669211219638	0.9983657348839761	1.0	0.9861496626457091	0.9848962633905828	0.9821992134511647
0.9588042161358168	0.983245936027953	0.9856731953990423	0.9821289436716261	0.9809724892748856	0.9775442598485456	0.9750681925466709	0.9850677267516108	0.9814536369450332	0.9786036177973582	0.9789000766890444	0.9856731953990423	0.9833748780368293	0.9788611297972223	0.9846799101657128	0.9741422149646664	0.984138058979132	0.985792961420855	0.9776977207884194	0.9770794918889444	0.9849452818859268	0.985311255192293	0.9861496626457091	1.0	0.9844392270870528	0.9781538153638308
0.9473783013626265	0.9839757352373515	0.9867492569042982	0.9836001676017608	0.979479738472916	0.9745145152245819	0.9740116590436362	0.9856145409873195	0.9822507185279349	0.9742640604146805	0.9769183323872938	0.986834942025184	0.9843470510648078	0.9770339852140548	0.9842546153670413	0.954860795421107	0.9833156414944606	0.9834107581879714	0.9757386265606803	0.9760970503971783	0.9860556178370774	0.9842546153670413	0.9848962633905828	0.9844392270870528	1.0	0.9791568302565874
0.9738077869050757	0.9821098413070289	0.9833824593043567	0.9812024346715487	0.9798074579148259	0.9782682149840015	0.9753202732733338	0.9828618410408394	0.9798882193634955	0.9747545436713362	0.9790637183181157	0.9823772291818995	0.981704619238654	0.9758015873618747	0.9772320760733979	0.9758114033941805	0.9817951031583187	0.9824215823079719	0.9778630665070895	0.9779139862778989	0.9811102942708628	0.9819753239374397	0.9821992134511647	0.9781538153638308	0.9791568302565874	1.0
