/home/jshaw/scratch/2022_sketched_distance/references/SGB_genome_fastas_part2/2229/BritoIL_2016__M1.22.ST__bin.48.fa	/home/jshaw/scratch/2022_sketched_distance/references/SGB_genome_fastas_part2/2229/BritoIL_2016__W1.2.ST__bin.113.fa	/home/jshaw/scratch/2022_sketched_distance/references/SGB_genome_fastas_part2/2229/BritoIL_2016__W1.53.ST__bin.9.fa	/home/jshaw/scratch/2022_sketched_distance/references/SGB_genome_fastas_part2/2229/CM_madagascar__A27_02_1FE__bin.15.fa	/home/jshaw/scratch/2022_sketched_distance/references/SGB_genome_fastas_part2/2229/CM_madagascar__V06_02_1FE__bin.13.fa	/home/jshaw/scratch/2022_sketched_distance/references/SGB_genome_fastas_part2/2229/CosteaPI_2017__SID713A028-11-0-0__bin.34.fa	/home/jshaw/scratch/2022_sketched_distance/references/SGB_genome_fastas_part2/2229/CosteaPI_2017__SID713A028-11-90-0__bin.62.fa	/home/jshaw/scratch/2022_sketched_distance/references/SGB_genome_fastas_part2/2229/CosteaPI_2017__SID713A053-11-0-0__bin.28.fa	/home/jshaw/scratch/2022_sketched_distance/references/SGB_genome_fastas_part2/2229/FengQ_2015__SID530840__bin.75.fa	/home/jshaw/scratch/2022_sketched_distance/references/SGB_genome_fastas_part2/2229/HeQ_2017__SZAXPI029560-51__bin.43.fa	/home/jshaw/scratch/2022_sketched_distance/references/SGB_genome_fastas_part2/2229/LeChatelierE_2013__MH0407__bin.34.fa	/home/jshaw/scratch/2022_sketched_distance/references/SGB_genome_fastas_part2/2229/LiJ_2014__MH0328__bin.50.fa	/home/jshaw/scratch/2022_sketched_distance/references/SGB_genome_fastas_part2/2229/LiJ_2014__MH0354__bin.3.fa	/home/jshaw/scratch/2022_sketched_distance/references/SGB_genome_fastas_part2/2229/LiJ_2017__H2M513938__bin.39.fa	/home/jshaw/scratch/2022_sketched_distance/references/SGB_genome_fastas_part2/2229/LiSS_2016__FAT_006-22-0-0__bin.61.fa	/home/jshaw/scratch/2022_sketched_distance/references/SGB_genome_fastas_part2/2229/LiSS_2016__FAT_006-22-42-0__bin.55.fa	/home/jshaw/scratch/2022_sketched_distance/references/SGB_genome_fastas_part2/2229/LiSS_2016__FAT_006-22-84-0__bin.37.fa	/home/jshaw/scratch/2022_sketched_distance/references/SGB_genome_fastas_part2/2229/LiuW_2016__SRR3992967__bin.73.fa	/home/jshaw/scratch/2022_sketched_distance/references/SGB_genome_fastas_part2/2229/LiuW_2016__SRR3992994__bin.26.fa	/home/jshaw/scratch/2022_sketched_distance/references/SGB_genome_fastas_part2/2229/RampelliS_2015__H15__bin.31.fa	/home/jshaw/scratch/2022_sketched_distance/references/SGB_genome_fastas_part2/2229/RampelliS_2015__H16__bin.35.fa	/home/jshaw/scratch/2022_sketched_distance/references/SGB_genome_fastas_part2/2229/RampelliS_2015__H1__bin.27.fa	/home/jshaw/scratch/2022_sketched_distance/references/SGB_genome_fastas_part2/2229/RampelliS_2015__H20__bin.28.fa	/home/jshaw/scratch/2022_sketched_distance/references/SGB_genome_fastas_part2/2229/RampelliS_2015__H27__bin.12.fa	/home/jshaw/scratch/2022_sketched_distance/references/SGB_genome_fastas_part2/2229/RampelliS_2015__H9__bin.17.fa	/home/jshaw/scratch/2022_sketched_distance/references/SGB_genome_fastas_part2/2229/SchirmerM_2016__G89274__bin.21.fa	/home/jshaw/scratch/2022_sketched_distance/references/SGB_genome_fastas_part2/2229/VincentC_2016__MM100.1__bin.9.fa	/home/jshaw/scratch/2022_sketched_distance/references/SGB_genome_fastas_part2/2229/XieH_2016__YSZC12003_36033__bin.88.fa	/home/jshaw/scratch/2022_sketched_distance/references/SGB_genome_fastas_part2/2229/XieH_2016__YSZC12003_36034__bin.76.fa	/home/jshaw/scratch/2022_sketched_distance/references/SGB_genome_fastas_part2/2229/XieH_2016__YSZC12003_37208R1__bin.49.fa	/home/jshaw/scratch/2022_sketched_distance/references/SGB_genome_fastas_part2/2229/XieH_2016__YSZC12003_37315__bin.25.fa	/home/jshaw/scratch/2022_sketched_distance/references/SGB_genome_fastas_part2/2229/ZeeviD_2015__PNP_Main_215__bin.19.fa	/home/jshaw/scratch/2022_sketched_distance/references/SGB_genome_fastas_part2/2229/ZeeviD_2015__PNP_Main_379__bin.36.fa	/home/jshaw/scratch/2022_sketched_distance/references/SGB_genome_fastas_part2/2229/ZeeviD_2015__PNP_Main_443__bin.23.fa	/home/jshaw/scratch/2022_sketched_distance/references/SGB_genome_fastas_part2/2229/ZeeviD_2015__PNP_Main_479__bin.30.fa	/home/jshaw/scratch/2022_sketched_distance/references/SGB_genome_fastas_part2/2229/ZeeviD_2015__PNP_Main_764__bin.27.fa	/home/jshaw/scratch/2022_sketched_distance/references/SGB_genome_fastas_part2/2229/ZeeviD_2015__PNP_Validation_15__bin.31.fa	/home/jshaw/scratch/2022_sketched_distance/references/SGB_genome_fastas_part2/2229/ZellerG_2014__CCIS36797902ST-4-0__bin.4.fa
1.0	0.9785312297611493	0.98397911034578	0.9842011031526713	0.9848148095956608	0.9849448383591174	0.9851174128363718	0.9762074314229451	0.9827305330365099	0.9846624555276976	0.9750986122016311	0.981166565656715	0.981166565656715	0.983598239548616	0.9832584630600013	0.9826146312053218	0.982707385454914	0.9813842863567273	0.980430178908484	0.9751610519160174	0.9741232861018331	0.9818629844820461	0.9818867365510975	0.9808004455428971	0.9780357968755459	0.9829151272241933	0.9771695293888539	0.9826146312053218	0.9837556047984205	0.9827998778036141	0.9769670818916587	0.9811179858301028	0.9818629844820461	0.9840236292586396	0.9840902945396043	0.9843115387557279	0.9842453220120259	0.973456816366455
0.9785312297611493	1.0	0.9830786093182572	0.98529115487293	0.9838448524057376	0.9866764432575187	0.9866433410824557	0.9754638273934064	0.9830046908210224	0.9845936003253053	0.9793275412927543	0.983189175368053	0.9823695571169074	0.9850834401773679	0.984487676796079	0.9845230226395542	0.9848744031504812	0.9840963386194002	0.9819519253719038	0.974228603875823	0.9760184764623387	0.9827446548690176	0.9827819294667028	0.9819901128201489	0.980466748611673	0.984274798456806	0.9803465735920133	0.9846288323335062	0.9849093352105744	0.983262679376349	0.977974964294901	0.983115506132553	0.9843103742294349	0.9837002753958641	0.9834091947132315	0.984699183093326	0.9845936003253053	0.9627192133023882
0.98397911034578	0.9830786093182572	1.0	0.9848650607287041	0.986994649659483	0.9862269128930987	0.9858362154329194	0.984190226676107	0.9837578545653957	0.9859044973046635	0.9821550288717508	0.983055986935424	0.9841714576722489	0.9854062084437414	0.984776937456374	0.9848352280958866	0.9853091694391773	0.9839005708273079	0.9833876663375795	0.9801606467049616	0.978189872451454	0.9841533590074356	0.984332736748131	0.9815331994662959	0.9811282786926471	0.9840796128551526	0.9844033921530373	0.9831859227648335	0.9838098150769694	0.9844577202062045	0.9837298088967658	0.9850479313851866	0.9832968877689281	0.9850581032975256	0.9850055677873596	0.9849704973560961	0.9854408168905394	0.9810184019474859
0.9842011031526713	0.98529115487293	0.9848650607287041	1.0	0.9851159094312247	0.9852987975661082	0.9851658891091746	0.9845016728142968	0.9856814031723771	0.9848984473953877	0.9844098657387563	0.984180872411579	0.9853515444745939	0.9844938701288796	0.9845723215276604	0.9848170798031278	0.9851662490790125	0.9838652016239334	0.9835395499668026	0.9838163946696256	0.9798733793133185	0.9823154235641219	0.9824603749074136	0.9819134663641085	0.9845406341465919	0.9846718220493895	0.9861471145390237	0.9836207205555768	0.9832992487924748	0.9846118829568209	0.9848943286374799	0.9847691529681354	0.9846901661021762	0.9843174172290479	0.9841103904873971	0.9842715133158041	0.9842140927128011	0.9817891448834067
0.9848148095956608	0.9838448524057376	0.986994649659483	0.9851159094312247	1.0	0.9838878680312229	0.9839878363994993	0.9850050215971012	0.9846064810671735	0.9855573546743418	0.9833018335381685	0.9835698178324834	0.9849323174346072	0.9858377060854355	0.9850468738512342	0.985196103054213	0.985557793317247	0.9847487265024841	0.9845467669814975	0.9826425891562163	0.9793681253000206	0.9830356788810667	0.9828470047486428	0.9796731591452688	0.9830540212322022	0.9844934906950624	0.98507353502302	0.9845455590651494	0.9833107172946763	0.982889219447173	0.9852154481387904	0.9848250983583616	0.9828945272676491	0.9851335161098486	0.9847551139115746	0.9833892152140834	0.9860720436110896	0.9820517660828524
0.9849448383591174	0.9866764432575187	0.9862269128930987	0.9852987975661082	0.9838878680312229	1.0	0.9996186723718103	0.9856915585978169	0.9851483402210753	0.9849812141989454	0.9852612691039163	0.9847457678919822	0.9865431393569163	0.9861693729644637	0.9865309556408676	0.9867727114689039	0.9871464237934792	0.9853190896287937	0.9854168344725798	0.9837063971988516	0.9806169024987034	0.9830185426731599	0.9832595165172443	0.981271370023562	0.9839060268633424	0.986166763086336	0.9872067968334438	0.9858857193951879	0.9843843761949997	0.9841475586834082	0.986244961483359	0.9865137666994825	0.9847938068809078	0.9854407699566913	0.985234731004858	0.9845232280273739	0.9857087664781002	0.9834457787586861
0.9851174128363718	0.9866433410824557	0.9858362154329194	0.9851658891091746	0.9839878363994993	0.9996186723718103	1.0	0.9856643708549238	0.9849326685785306	0.9849165701381974	0.9852391443103106	0.9845174506092522	0.9862800924246856	0.9860205369084017	0.9862293541938527	0.9865840223269451	0.9868415846093075	0.9851472961520165	0.9852374618372404	0.983733931177603	0.9807058877571844	0.9829327269470993	0.9830710930048292	0.9810743916690632	0.9838258307105302	0.9859279889269958	0.9868843618785582	0.985581269527222	0.9843678677109007	0.9839131690069501	0.9862167951253458	0.9864074001075945	0.9846382227363845	0.9853386710515172	0.9851325440444326	0.9844732809530641	0.9858413323609496	0.9833062193326707
0.9762074314229451	0.9754638273934064	0.984190226676107	0.9845016728142968	0.9850050215971012	0.9856915585978169	0.9856643708549238	1.0	0.9828844042830677	0.9846703148305087	0.9839618487977668	0.9835583204343982	0.984949473576675	0.9844452656792597	0.9948196427472089	0.9938152631094594	0.9944673953177843	0.9884280186707559	0.9825870179396422	0.9795200026347518	0.9769968490931917	0.9834421085340052	0.9835583204343982	0.9824972729776632	0.9795200026347518	0.9915058274107938	0.9788235860806995	0.9850604757995699	0.9852813608376089	0.9869446617541962	0.972096262674066	0.989703421188281	0.9833546784498108	0.9857729871064269	0.9857729871064269	0.9869184911793852	0.9848380947870652	0.9676071912844161
0.9827305330365099	0.9830046908210224	0.9837578545653957	0.9856814031723771	0.9846064810671735	0.9851483402210753	0.9849326685785306	0.9828844042830677	1.0	0.9853091694391773	0.9839297012767652	0.9845335526238568	0.9834885190667899	0.9841295229646043	0.9850945549706535	0.9844703419154	0.9849146318305861	0.9843688686389295	0.9822452395746976	0.980557292784527	0.9779490267991017	0.9826168783629855	0.9828290532638443	0.9813543670085704	0.981690148309231	0.9848242991489277	0.985286824452306	0.9843872077270875	0.9850586491311509	0.9861538753793718	0.9814973534426413	0.9852692623514075	0.9852734976156791	0.9851841481755803	0.9851124931777534	0.9861538753793718	0.9839627931856703	0.9804434524728382
0.9846624555276976	0.9845936003253053	0.9859044973046635	0.9848984473953877	0.9855573546743418	0.9849812141989454	0.9849165701381974	0.9846703148305087	0.9853091694391773	1.0	0.9834657721877078	0.9830947339058773	0.9852245192447215	0.9880297518313172	0.9853940242660404	0.9856062653194313	0.9857694120682315	0.9847835774660024	0.9845100088983981	0.9831508050222988	0.979228960865578	0.9844768609580504	0.9846310120129786	0.9796262113759364	0.9829304778524319	0.9851835709376204	0.9848373052706054	0.9843167822524902	0.9831568743779109	0.9826805336393306	0.9851863848768437	0.9853976865695271	0.9834561959515079	0.9846323677872391	0.9843208811458533	0.983129867493286	0.9864800429929207	0.9814948502869634
0.9750986122016311	0.9793275412927543	0.9821550288717508	0.9844098657387563	0.9833018335381685	0.9852612691039163	0.9852391443103106	0.9839618487977668	0.9839297012767652	0.9834657721877078	1.0	0.9840446652633775	0.9821793348279226	0.9833956131379892	0.9845683715894104	0.9836753529445397	0.9843871594162108	0.9834424025178503	0.9815414389216541	0.9804053058080289	0.9747953321072107	0.9815909517161823	0.9816650807079672	0.9816650807079672	0.9793381769375038	0.9842505905100966	0.9790987743318065	0.9845683715894104	0.985083851979168	0.9855475433650519	0.9775964964624664	0.9831606591051353	0.9845005342352712	0.9843189460188316	0.984341699578427	0.985039347517227	0.9820576241855916	0.9721442728069323
0.981166565656715	0.983189175368053	0.983055986935424	0.984180872411579	0.9835698178324834	0.9847457678919822	0.9845174506092522	0.9835583204343982	0.9845335526238568	0.9830947339058773	0.9840446652633775	1.0	0.9847668038531043	0.9830947339058773	0.9840548560344602	0.9841199011528162	0.9845517999332754	0.9829286639932426	0.9822058062226471	0.9801913294635636	0.9775354603473415	0.9816074337056366	0.9815688894108713	0.9811809280026155	0.9813888028063533	0.9841700314921338	0.984140263266433	0.9832049814497084	0.9840917223048288	0.985111266106703	0.9822691354174006	0.9845256149759831	0.9829656412250265	0.9838408052112223	0.9837687605987969	0.984429211585526	0.9817803233673924	0.9794516469290546
0.981166565656715	0.9823695571169074	0.9841714576722489	0.9853515444745939	0.9849323174346072	0.9865431393569163	0.9862800924246856	0.984949473576675	0.9834885190667899	0.9852245192447215	0.9821793348279226	0.9847668038531043	1.0	0.9853696508981715	0.9857833677254675	0.9849689851843797	0.9852426958132893	0.9851334851870834	0.9818776677447689	0.981572480351373	0.976641948878349	0.9833348036515354	0.9833155384418287	0.9820984145158069	0.9811064743875276	0.9848036568334454	0.9834055814934438	0.983793804498623	0.9845819157354422	0.9850239101400592	0.9819497682997782	0.9845819766586653	0.9837748072052648	0.9856400563755112	0.9855501683012206	0.9850056120285765	0.9846004514849743	0.9802290533467525
0.983598239548616	0.9850834401773679	0.9854062084437414	0.9844938701288796	0.9858377060854355	0.9861693729644637	0.9860205369084017	0.9844452656792597	0.9841295229646043	0.9880297518313172	0.9833956131379892	0.9830947339058773	0.9853696508981715	1.0	0.9845368950587663	0.9845436444063096	0.9848604620544239	0.9841149964054945	0.9842330029021112	0.9826710311561299	0.9791591555220528	0.9853845785972516	0.9852830291134714	0.9811708246083065	0.9824943698245792	0.9841338939384271	0.9853293166127827	0.9837826663641691	0.9841447491245062	0.9842323782669807	0.9849529480826333	0.9849181293239174	0.982803027062032	0.9846497767299787	0.9843907456697965	0.9849764828878375	0.9846843151378123	0.9818769196276529
0.9832584630600013	0.984487676796079	0.984776937456374	0.9845723215276604	0.9850468738512342	0.9865309556408676	0.9862293541938527	0.9948196427472089	0.9850945549706535	0.9853940242660404	0.9845683715894104	0.9840548560344602	0.9857833677254675	0.9845368950587663	1.0	0.9996192717474007	0.9995857774706045	0.98884913812643	0.983784869954873	0.9811284833590309	0.9787843174945976	0.9834375897566298	0.9832906460168601	0.9820907508245525	0.9816472685023754	0.9934548877300803	0.9850307103872645	0.9848192418817848	0.9855146652070039	0.9858569324060846	0.9833322629788968	0.9925605786071454	0.9841625895404776	0.9869617762275883	0.9868958623044306	0.9871914405570175	0.9843235293299533	0.9817891448834067
0.9826146312053218	0.9845230226395542	0.9848352280958866	0.9848170798031278	0.985196103054213	0.9867727114689039	0.9865840223269451	0.9938152631094594	0.9844703419154	0.9856062653194313	0.9836753529445397	0.9841199011528162	0.9849689851843797	0.9845436444063096	0.9996192717474007	1.0	0.9989275402177674	0.988860253255661	0.9834257032681318	0.9805876055509345	0.9779490267991017	0.983784415320142	0.9836906125082202	0.9821323662464256	0.9812805031573919	0.9935375253858583	0.9847077326012126	0.9850882564123828	0.9856947573825773	0.9857477384438806	0.982427658298735	0.9921454181683036	0.984323243863383	0.9873659855401843	0.9873323707893213	0.9873155505301395	0.9847989214716705	0.981227702581969
0.982707385454914	0.9848744031504812	0.9853091694391773	0.9851662490790125	0.985557793317247	0.9871464237934792	0.9868415846093075	0.9944673953177843	0.9849146318305861	0.9857694120682315	0.9843871594162108	0.9845517999332754	0.9852426958132893	0.9848604620544239	0.9995857774706045	0.9989275402177674	1.0	0.989535641754992	0.9837472476754338	0.98091920388849	0.9785478379370183	0.9838325259615002	0.9841479962916313	0.9827327804592314	0.9816472685023754	0.9931833658082154	0.9849234037894157	0.985557793317247	0.9862406297679559	0.9864479110026331	0.9831161858683696	0.9922348208322035	0.9849326685785306	0.987331333560172	0.9872810065766299	0.9878634207368558	0.9849506954228847	0.9815834169256219
0.9813842863567273	0.9840963386194002	0.9839005708273079	0.9838652016239334	0.9847487265024841	0.9853190896287937	0.9851472961520165	0.9884280186707559	0.9843688686389295	0.9847835774660024	0.9834424025178503	0.9829286639932426	0.9851334851870834	0.9841149964054945	0.98884913812643	0.988860253255661	0.989535641754992	1.0	0.984802927277614	0.9811284833590309	0.9792521961779587	0.9827725576393128	0.9828650156570253	0.9807286637794431	0.9817757397251851	0.9883526406095443	0.9846427539542489	0.9841682772645571	0.9849919098338745	0.9846439510430165	0.9825854175055927	0.9887212327710442	0.9831408344870876	0.9846963805796439	0.9846963805796439	0.9863480130281778	0.9836495669841973	0.9808981973733929
0.980430178908484	0.9819519253719038	0.9833876663375795	0.9835395499668026	0.9845467669814975	0.9854168344725798	0.9852374618372404	0.9825870179396422	0.9822452395746976	0.9845100088983981	0.9815414389216541	0.9822058062226471	0.9818776677447689	0.9842330029021112	0.983784869954873	0.9834257032681318	0.9837472476754338	0.984802927277614	1.0	0.9799759425407419	0.977682024975989	0.9827729938140221	0.9825980189499987	0.9806503162484536	0.9805565869636904	0.9833495852182768	0.9835179605455086	0.983368631308045	0.9839536381281256	0.9830048492830247	0.9812359939454145	0.9831234216123277	0.9822452395746976	0.9832923804567032	0.9830433328490907	0.9838036649207459	0.9832732899950163	0.980013238099061
0.9751610519160174	0.974228603875823	0.9801606467049616	0.9838163946696256	0.9826425891562163	0.9837063971988516	0.983733931177603	0.9795200026347518	0.980557292784527	0.9831508050222988	0.9804053058080289	0.9801913294635636	0.981572480351373	0.9826710311561299	0.9811284833590309	0.9805876055509345	0.98091920388849	0.9811284833590309	0.9799759425407419	1.0	0.9773409368739177	0.9827845528404909	0.9827562092799488	0.983262679376349	0.9931890558268305	0.9813956040507362	0.9792264994020856	0.9820684994039764	0.9826994484810836	0.981777634757556	0.9719657038256674	0.979696913128432	0.9817191503402403	0.9815430672939938	0.9814841617337638	0.9821841254225104	0.9823854935505301	0.9680329781794803
0.9741232861018331	0.9760184764623387	0.978189872451454	0.9798733793133185	0.9793681253000206	0.9806169024987034	0.9807058877571844	0.9769968490931917	0.9779490267991017	0.979228960865578	0.9747953321072107	0.9775354603473415	0.976641948878349	0.9791591555220528	0.9787843174945976	0.9779490267991017	0.9785478379370183	0.9792521961779587	0.977682024975989	0.9773409368739177	1.0	0.980100481450107	0.980100481450107	0.9818411867112097	0.9778279334080154	0.9781178053863342	0.9783779401207824	0.9789956934207071	0.9795757659318418	0.9801683053698973	0.9742389228728436	0.9778279334080154	0.9795297375539188	0.97840512289037	0.9783335304947998	0.980550004220071	0.9785240954189053	0.9760027167068466
0.9818629844820461	0.9827446548690176	0.9841533590074356	0.9823154235641219	0.9830356788810667	0.9830185426731599	0.9829327269470993	0.9834421085340052	0.9826168783629855	0.9844768609580504	0.9815909517161823	0.9816074337056366	0.9833348036515354	0.9853845785972516	0.9834375897566298	0.983784415320142	0.9838325259615002	0.9827725576393128	0.9827729938140221	0.9827845528404909	0.980100481450107	1.0	0.9971429529816567	0.9795691202588808	0.9825152690695513	0.9830681969795199	0.9840741499615587	0.9825014777764912	0.9811064813471871	0.9815445088956533	0.9832398328850822	0.9841663918330309	0.9814371621336997	0.9834082773038788	0.9831279699572457	0.982463516370252	0.9828298307886691	0.9815834169256219
0.9818867365510975	0.9827819294667028	0.984332736748131	0.9824603749074136	0.9828470047486428	0.9832595165172443	0.9830710930048292	0.9835583204343982	0.9828290532638443	0.9846310120129786	0.9816650807079672	0.9815688894108713	0.9833155384418287	0.9852830291134714	0.9832906460168601	0.9836906125082202	0.9841479962916313	0.9828650156570253	0.9825980189499987	0.9827562092799488	0.980100481450107	0.9971429529816567	1.0	0.9793836671010925	0.9825778869053128	0.9829559488381212	0.9840741499615587	0.9825760538082654	0.981197560734277	0.9816706994012148	0.9830852010827164	0.984109311118288	0.9817035638485812	0.9831724468956804	0.9829643694222843	0.982763297469476	0.9829203408355963	0.9813467043231732
0.9808004455428971	0.9819901128201489	0.9815331994662959	0.9819134663641085	0.9796731591452688	0.981271370023562	0.9810743916690632	0.9824972729776632	0.9813543670085704	0.9796262113759364	0.9816650807079672	0.9811809280026155	0.9820984145158069	0.9811708246083065	0.9820907508245525	0.9821323662464256	0.9827327804592314	0.9807286637794431	0.9806503162484536	0.983262679376349	0.9818411867112097	0.9795691202588808	0.9793836671010925	1.0	0.983381211208001	0.9814605943394092	0.9828149168150726	0.9809144005771785	0.9796898883741929	0.9804237395683009	0.9808731800291798	0.9824492907268619	0.9815706341242811	0.9820237554548139	0.9817768067606019	0.9811625122520895	0.980695245778389	0.9809282899697613
0.9780357968755459	0.980466748611673	0.9811282786926471	0.9845406341465919	0.9830540212322022	0.9839060268633424	0.9838258307105302	0.9795200026347518	0.981690148309231	0.9829304778524319	0.9793381769375038	0.9813888028063533	0.9811064743875276	0.9824943698245792	0.9816472685023754	0.9812805031573919	0.9816472685023754	0.9817757397251851	0.9805565869636904	0.9931890558268305	0.9778279334080154	0.9825152690695513	0.9825778869053128	0.983381211208001	1.0	0.981711567159965	0.9817904073630241	0.981410419776791	0.9822003711983996	0.9825570275926638	0.9789609640401251	0.9809753423730988	0.9831975689372797	0.9824734572342674	0.9823266939718085	0.9828685310356897	0.9826611915642275	0.9777064521770901
0.9829151272241933	0.984274798456806	0.9840796128551526	0.9846718220493895	0.9844934906950624	0.986166763086336	0.9859279889269958	0.9915058274107938	0.9848242991489277	0.9851835709376204	0.9842505905100966	0.9841700314921338	0.9848036568334454	0.9841338939384271	0.9934548877300803	0.9935375253858583	0.9931833658082154	0.9883526406095443	0.9833495852182768	0.9813956040507362	0.9781178053863342	0.9830681969795199	0.9829559488381212	0.9814605943394092	0.981711567159965	1.0	0.984512409446659	0.9845292345717104	0.9851134573199608	0.9862346669035309	0.9818211438617186	0.9928101218522867	0.9846184243132471	0.9865217036420757	0.9864038153595297	0.9863362603695973	0.9836237424731202	0.9802597680528482
0.9771695293888539	0.9803465735920133	0.9844033921530373	0.9861471145390237	0.98507353502302	0.9872067968334438	0.9868843618785582	0.9788235860806995	0.985286824452306	0.9848373052706054	0.9790987743318065	0.984140263266433	0.9834055814934438	0.9853293166127827	0.9850307103872645	0.9847077326012126	0.9849234037894157	0.9846427539542489	0.9835179605455086	0.9792264994020856	0.9783779401207824	0.9840741499615587	0.9840741499615587	0.9828149168150726	0.9817904073630241	0.984512409446659	1.0	0.9848373052706054	0.9853505420953812	0.9865382761216035	0.9782858663667704	0.983696969612589	0.9850092771058402	0.98631238173026	0.9861056675901775	0.9861885092942412	0.984272091495921	0.9770017091115142
0.9826146312053218	0.9846288323335062	0.9831859227648335	0.9836207205555768	0.9845455590651494	0.9858857193951879	0.985581269527222	0.9850604757995699	0.9843872077270875	0.9843167822524902	0.9845683715894104	0.9832049814497084	0.983793804498623	0.9837826663641691	0.9848192418817848	0.9850882564123828	0.985557793317247	0.9841682772645571	0.983368631308045	0.9820684994039764	0.9789956934207071	0.9825014777764912	0.9825760538082654	0.9809144005771785	0.981410419776791	0.9845292345717104	0.9848373052706054	1.0	0.9993002835579304	0.9840151851687874	0.9837905442248432	0.9851034041390514	0.9829095605956273	0.9840863990493004	0.9840151851687874	0.9850847535755719	0.9831849128406633	0.9819353056178631
0.9837556047984205	0.9849093352105744	0.9838098150769694	0.9832992487924748	0.9833107172946763	0.9843843761949997	0.9843678677109007	0.9852813608376089	0.9850586491311509	0.9831568743779109	0.985083851979168	0.9840917223048288	0.9845819157354422	0.9841447491245062	0.9855146652070039	0.9856947573825773	0.9862406297679559	0.9849919098338745	0.9839536381281256	0.9826994484810836	0.9795757659318418	0.9811064813471871	0.981197560734277	0.9796898883741929	0.9822003711983996	0.9851134573199608	0.9853505420953812	0.9993002835579304	1.0	0.9828024285252513	0.9851281810745235	0.985598487046671	0.9834921042434912	0.9845626395270001	0.9843383612280038	0.9843731581553549	0.9831724468956804	0.9823699124563178
0.9827998778036141	0.983262679376349	0.9844577202062045	0.9846118829568209	0.982889219447173	0.9841475586834082	0.9839131690069501	0.9869446617541962	0.9861538753793718	0.9826805336393306	0.9855475433650519	0.985111266106703	0.9850239101400592	0.9842323782669807	0.9858569324060846	0.9857477384438806	0.9864479110026331	0.9846439510430165	0.9830048492830247	0.981777634757556	0.9801683053698973	0.9815445088956533	0.9816706994012148	0.9804237395683009	0.9825570275926638	0.9862346669035309	0.9865382761216035	0.9840151851687874	0.9828024285252513	1.0	0.9830541869720671	0.9862114964543401	0.9843073250165066	0.9851849251202885	0.9849957982130263	0.985002171128354	0.9826844925679563	0.9808981973733929
0.9769670818916587	0.977974964294901	0.9837298088967658	0.9848943286374799	0.9852154481387904	0.986244961483359	0.9862167951253458	0.972096262674066	0.9814973534426413	0.9851863848768437	0.9775964964624664	0.9822691354174006	0.9819497682997782	0.9849529480826333	0.9833322629788968	0.982427658298735	0.9831161858683696	0.9825854175055927	0.9812359939454145	0.9719657038256674	0.9742389228728436	0.9832398328850822	0.9830852010827164	0.9808731800291798	0.9789609640401251	0.9818211438617186	0.9782858663667704	0.9837905442248432	0.9851281810745235	0.9830541869720671	1.0	0.9818211438617186	0.9825854175055927	0.982960968124436	0.9828674833083603	0.984510729210199	0.9848943286374799	0.9602060228971343
0.9811179858301028	0.983115506132553	0.9850479313851866	0.9847691529681354	0.9848250983583616	0.9865137666994825	0.9864074001075945	0.989703421188281	0.9852692623514075	0.9853976865695271	0.9831606591051353	0.9845256149759831	0.9845819766586653	0.9849181293239174	0.9925605786071454	0.9921454181683036	0.9922348208322035	0.9887212327710442	0.9831234216123277	0.979696913128432	0.9778279334080154	0.9841663918330309	0.984109311118288	0.9824492907268619	0.9809753423730988	0.9928101218522867	0.983696969612589	0.9851034041390514	0.985598487046671	0.9862114964543401	0.9818211438617186	1.0	0.9843937267148064	0.9871795493345548	0.9871622002620652	0.9872488543007556	0.9847878120275979	0.9796711925143702
0.9818629844820461	0.9843103742294349	0.9832968877689281	0.9846901661021762	0.9828945272676491	0.9847938068809078	0.9846382227363845	0.9833546784498108	0.9852734976156791	0.9834561959515079	0.9845005342352712	0.9829656412250265	0.9837748072052648	0.982803027062032	0.9841625895404776	0.984323243863383	0.9849326685785306	0.9831408344870876	0.9822452395746976	0.9817191503402403	0.9795297375539188	0.9814371621336997	0.9817035638485812	0.9815706341242811	0.9831975689372797	0.9846184243132471	0.9850092771058402	0.9829095605956273	0.9834921042434912	0.9843073250165066	0.9825854175055927	0.9843937267148064	1.0	0.983785686242264	0.9835995937379018	0.9842372351012929	0.9825269829002615	0.9807473175274938
0.9840236292586396	0.9837002753958641	0.9850581032975256	0.9843174172290479	0.9851335161098486	0.9854407699566913	0.9853386710515172	0.9857729871064269	0.9851841481755803	0.9846323677872391	0.9843189460188316	0.9838408052112223	0.9856400563755112	0.9846497767299787	0.9869617762275883	0.9873659855401843	0.987331333560172	0.9846963805796439	0.9832923804567032	0.9815430672939938	0.97840512289037	0.9834082773038788	0.9831724468956804	0.9820237554548139	0.9824734572342674	0.9865217036420757	0.98631238173026	0.9840863990493004	0.9845626395270001	0.9851849251202885	0.982960968124436	0.9871795493345548	0.983785686242264	1.0	0.9996811514089838	0.9864446808021283	0.9834082773038788	0.9810783389381622
0.9840902945396043	0.9834091947132315	0.9850055677873596	0.9841103904873971	0.9847551139115746	0.985234731004858	0.9851325440444326	0.9857729871064269	0.9851124931777534	0.9843208811458533	0.984341699578427	0.9837687605987969	0.9855501683012206	0.9843907456697965	0.9868958623044306	0.9873323707893213	0.9872810065766299	0.9846963805796439	0.9830433328490907	0.9814841617337638	0.9783335304947998	0.9831279699572457	0.9829643694222843	0.9817768067606019	0.9823266939718085	0.9864038153595297	0.9861056675901775	0.9840151851687874	0.9843383612280038	0.9849957982130263	0.9828674833083603	0.9871622002620652	0.9835995937379018	0.9996811514089838	1.0	0.986255978187338	0.9833268233527418	0.9808981973733929
0.9843115387557279	0.984699183093326	0.9849704973560961	0.9842715133158041	0.9833892152140834	0.9845232280273739	0.9844732809530641	0.9869184911793852	0.9861538753793718	0.983129867493286	0.985039347517227	0.984429211585526	0.9850056120285765	0.9849764828878375	0.9871914405570175	0.9873155505301395	0.9878634207368558	0.9863480130281778	0.9838036649207459	0.9821841254225104	0.980550004220071	0.982463516370252	0.982763297469476	0.9811625122520895	0.9828685310356897	0.9863362603695973	0.9861885092942412	0.9850847535755719	0.9843731581553549	0.985002171128354	0.984510729210199	0.9872488543007556	0.9842372351012929	0.9864446808021283	0.986255978187338	1.0	0.9828841668164833	0.9814060432390855
0.9842453220120259	0.9845936003253053	0.9854408168905394	0.9842140927128011	0.9860720436110896	0.9857087664781002	0.9858413323609496	0.9848380947870652	0.9839627931856703	0.9864800429929207	0.9820576241855916	0.9817803233673924	0.9846004514849743	0.9846843151378123	0.9843235293299533	0.9847989214716705	0.9849506954228847	0.9836495669841973	0.9832732899950163	0.9823854935505301	0.9785240954189053	0.9828298307886691	0.9829203408355963	0.980695245778389	0.9826611915642275	0.9836237424731202	0.984272091495921	0.9831849128406633	0.9831724468956804	0.9826844925679563	0.9848943286374799	0.9847878120275979	0.9825269829002615	0.9834082773038788	0.9833268233527418	0.9828841668164833	1.0	0.9803823389805219
0.973456816366455	0.9627192133023882	0.9810184019474859	0.9817891448834067	0.9820517660828524	0.9834457787586861	0.9833062193326707	0.9676071912844161	0.9804434524728382	0.9814948502869634	0.9721442728069323	0.9794516469290546	0.9802290533467525	0.9818769196276529	0.9817891448834067	0.981227702581969	0.9815834169256219	0.9808981973733929	0.980013238099061	0.9680329781794803	0.9760027167068466	0.9815834169256219	0.9813467043231732	0.9809282899697613	0.9777064521770901	0.9802597680528482	0.9770017091115142	0.9819353056178631	0.9823699124563178	0.9808981973733929	0.9602060228971343	0.9796711925143702	0.9807473175274938	0.9810783389381622	0.9808981973733929	0.9814060432390855	0.9803823389805219	1.0
