/home/jshaw/scratch/2022_sketched_distance/references/SGB_genome_fastas_part1_redo/1624/BackhedF_2015__SID577_12M__bin.7.fa	/home/jshaw/scratch/2022_sketched_distance/references/SGB_genome_fastas_part1_redo/1624/BritoIL_2016__W2.35.ST__bin.26.fa	/home/jshaw/scratch/2022_sketched_distance/references/SGB_genome_fastas_part1_redo/1624/BritoIL_2016__WL.35.ST__bin.11.fa	/home/jshaw/scratch/2022_sketched_distance/references/SGB_genome_fastas_part1_redo/1624/CM_madagascar__A29_01_1FE__bin.15.fa	/home/jshaw/scratch/2022_sketched_distance/references/SGB_genome_fastas_part1_redo/1624/CM_madagascar__A75_02_1FE__bin.76.fa	/home/jshaw/scratch/2022_sketched_distance/references/SGB_genome_fastas_part1_redo/1624/CM_madagascar__V07_01_2FE__bin.6.fa	/home/jshaw/scratch/2022_sketched_distance/references/SGB_genome_fastas_part1_redo/1624/CosteaPI_2017__SID713A023-11-90-0__bin.81.fa	/home/jshaw/scratch/2022_sketched_distance/references/SGB_genome_fastas_part1_redo/1624/CosteaPI_2017__SID713A051-11-0-0__bin.32.fa	/home/jshaw/scratch/2022_sketched_distance/references/SGB_genome_fastas_part1_redo/1624/CosteaPI_2017__SID713B026-11-0-0__bin.34.fa	/home/jshaw/scratch/2022_sketched_distance/references/SGB_genome_fastas_part1_redo/1624/CosteaPI_2017__SID713B026-11-90-0__bin.4.fa	/home/jshaw/scratch/2022_sketched_distance/references/SGB_genome_fastas_part1_redo/1624/DavidLA_2015__LD-Run2-12__bin.11.fa	/home/jshaw/scratch/2022_sketched_distance/references/SGB_genome_fastas_part1_redo/1624/DavidLA_2015__LD-Run2-22__bin.1.fa	/home/jshaw/scratch/2022_sketched_distance/references/SGB_genome_fastas_part1_redo/1624/DavidLA_2015__LD-Run2-29__bin.1.fa	/home/jshaw/scratch/2022_sketched_distance/references/SGB_genome_fastas_part1_redo/1624/LeChatelierE_2013__MH0126__bin.42.fa	/home/jshaw/scratch/2022_sketched_distance/references/SGB_genome_fastas_part1_redo/1624/LiuW_2016__SRR3993055__bin.131.fa	/home/jshaw/scratch/2022_sketched_distance/references/SGB_genome_fastas_part1_redo/1624/NielsenHB_2014__MH0126__bin.29.fa	/home/jshaw/scratch/2022_sketched_distance/references/SGB_genome_fastas_part1_redo/1624/NielsenHB_2014__V1_UC21_0__bin.11.fa	/home/jshaw/scratch/2022_sketched_distance/references/SGB_genome_fastas_part1_redo/1624/NielsenHB_2014__V1_UC21_4__bin.66.fa	/home/jshaw/scratch/2022_sketched_distance/references/SGB_genome_fastas_part1_redo/1624/QinJ_2012__T2D-006__bin.30.fa	/home/jshaw/scratch/2022_sketched_distance/references/SGB_genome_fastas_part1_redo/1624/QinN_2014__HD-60__bin.35.fa	/home/jshaw/scratch/2022_sketched_distance/references/SGB_genome_fastas_part1_redo/1624/QinN_2014__HD-62__bin.43.fa	/home/jshaw/scratch/2022_sketched_distance/references/SGB_genome_fastas_part1_redo/1624/RampelliS_2015__H16__bin.38.fa	/home/jshaw/scratch/2022_sketched_distance/references/SGB_genome_fastas_part1_redo/1624/VatanenT_2016__G78887__bin.6.fa	/home/jshaw/scratch/2022_sketched_distance/references/SGB_genome_fastas_part1_redo/1624/YuJ_2015__SZAXPI015215-20__bin.66.fa	/home/jshaw/scratch/2022_sketched_distance/references/SGB_genome_fastas_part1_redo/1624/ZeeviD_2015__PNP_Main_213__bin.65.fa	/home/jshaw/scratch/2022_sketched_distance/references/SGB_genome_fastas_part1_redo/1624/ZeeviD_2015__PNP_Main_379__bin.11.fa	/home/jshaw/scratch/2022_sketched_distance/references/SGB_genome_fastas_part1_redo/1624/ZeeviD_2015__PNP_Main_443__bin.22.fa
1.0	0.972735721113937	0.9733818597775019	0.971992484971233	0.97072387161868	0.9711068708644307	0.9761052869856103	0.9768959722771243	0.9759961166391354	0.975016986696349	0.9771248062530639	0.9766569374157991	0.9801598836688746	0.9745402541663684	0.9691715332695631	0.9741078349861093	0.9746938108139239	0.973249081601703	0.9709357743931912	0.9717690453752073	0.9726307248808007	0.970222786222111	0.9765637706002172	0.96995777898058	0.972679243838658	0.9794960356918735	0.9762065896966671
0.972735721113937	1.0	0.9730226552214433	0.9741111563552152	0.9654082991481898	0.9724825538418138	0.9653177736684899	0.9472935098563344	0.9744204550359611	0.9449312965295524	0.9663747069080423	0.9594503712115124	0.9659462543830983	0.9653177736684899	0.9627228534028676	0.9622276660584721	0.9701883841452854	0.9496748459436919	0.9670386838284625	0.975331065872752	0.9729511593490374	0.9721541203973738	0.9618259371840215	0.9684674747913641	0.9606421028868118	0.9695984191544053	0.9693993468246557
0.9733818597775019	0.9730226552214433	1.0	0.9726247752627121	0.9664672359989989	0.9698096155576374	0.9661692977045548	0.9632635802535824	0.9735013702638363	0.9632810486096082	0.9729191422518033	0.9681426644421691	0.9746573127776562	0.9663186113302671	0.9624026826668576	0.964360925432134	0.9687910320207226	0.9580003704035739	0.9676679193622837	0.9742967569773298	0.9655650217139068	0.9696420657266873	0.96268271689717	0.9673809245584555	0.9600702821831516	0.9707646479727726	0.9666520577811586
0.971992484971233	0.9741111563552152	0.9726247752627121	1.0	0.9754715720894808	0.9771714651749409	0.9702612870292706	0.9714707636450642	0.9743136688501682	0.9712455016216004	0.9773275299399149	0.9805562470151472	0.9813747420433548	0.9674401933104395	0.9647364293024498	0.9674860912227163	0.9697796367111007	0.9679240164777494	0.9711565617023484	0.9737199612844757	0.9766450003807473	0.9724519937692014	0.9718627660925724	0.9689515990294054	0.9684063641095247	0.9730261574506732	0.9716301795316392
0.97072387161868	0.9654082991481898	0.9664672359989989	0.9754715720894808	1.0	0.9733662679964336	0.9632315058317639	0.9640754973802659	0.971323379713322	0.9623644930160938	0.9729191422518033	0.9741349619052071	0.9754469766778574	0.9649048963073465	0.963383831827303	0.9630784537222039	0.9684362187786001	0.9607383560238328	0.9651575472879561	0.971144690274151	0.968082544432968	0.9697721083236475	0.964594971098778	0.965973990001275	0.9613645458711022	0.9668385599396929	0.9670087244924154
0.9711068708644307	0.9724825538418138	0.9698096155576374	0.9771714651749409	0.9733662679964336	1.0	0.9678590888980605	0.9666687049809324	0.9735407110917169	0.9692229720241747	0.9765089517142058	0.977278556928818	0.9796686224065383	0.965127613051369	0.9626010692970203	0.9642544846117284	0.9695930916549417	0.9646118349641765	0.9673982603608903	0.9725787142067667	0.9719360681547067	0.971133748997018	0.9697320549036613	0.9646713105975553	0.964408482742111	0.9705376125728428	0.9679655814692099
0.9761052869856103	0.9653177736684899	0.9661692977045548	0.9702612870292706	0.9632315058317639	0.9678590888980605	1.0	0.9655597960967525	0.9761052869856103	0.9677278955188771	0.9709634204622568	0.9704520631320727	0.974834459249537	0.9710337089385803	0.9659580585329917	0.9694391392817702	0.9725253732197552	0.9657541680570604	0.9649460202092202	0.9707979985797909	0.964484064009932	0.9679561044883066	0.9697664498867249	0.9632723845022567	0.9672982315447778	0.973519265671789	0.9725253732197552
0.9768959722771243	0.9472935098563344	0.9632635802535824	0.9714707636450642	0.9640754973802659	0.9666687049809324	0.9655597960967525	1.0	0.9758575478407412	0.9745953666140706	0.963033014631588	0.9702997394817826	0.9699843748796064	0.9715042984876978	0.9641597808166279	0.9688146916844879	0.9741114879447421	0.973675581170088	0.9669014419948181	0.9707583866781206	0.9596967598729989	0.9665907509300545	0.9673238102811932	0.9642438437981992	0.9608837672153903	0.9697481084484127	0.9715712641721885
0.9759961166391354	0.9744204550359611	0.9735013702638363	0.9743136688501682	0.971323379713322	0.9735407110917169	0.9761052869856103	0.9758575478407412	1.0	0.9992898027106936	0.9784790897345355	0.9806674339133863	0.9820896432592636	0.9740223207867826	0.9710586241347645	0.9739571373220928	0.9780188334576558	0.9776079390279184	0.9717830648811122	0.9727782139857886	0.9749372558453748	0.9716184004598444	0.9793156466899969	0.9696258543104017	0.9733798310105225	0.9775668832027847	0.9784812267699501
0.975016986696349	0.9449312965295524	0.9632810486096082	0.9712455016216004	0.9623644930160938	0.9692229720241747	0.9677278955188771	0.9745953666140706	0.9992898027106936	1.0	0.9608876120905938	0.9676492353072349	0.9672563204648862	0.9721350510731226	0.9662518121147962	0.971088271861103	0.9769153389466539	0.9766840136624811	0.9671099137331951	0.9693479579588391	0.9600071179637847	0.967684144533129	0.9701690689000596	0.9640253519773715	0.9643668796461942	0.9681190071469902	0.9730008320108929
0.9771248062530639	0.9663747069080423	0.9729191422518033	0.9773275299399149	0.9729191422518033	0.9765089517142058	0.9709634204622568	0.963033014631588	0.9784790897345355	0.9608876120905938	1.0	0.9672601696974193	0.971925462189327	0.9708649304059873	0.9709634204622568	0.9686714294623103	0.9746760156195474	0.9636557934878569	0.9715481496733525	0.977408267491629	0.9728728193779901	0.9745441955705948	0.968934271252698	0.9715481496733525	0.9679778542443549	0.9751548314071024	0.9726868633091494
0.9766569374157991	0.9594503712115124	0.9681426644421691	0.9805562470151472	0.9741349619052071	0.977278556928818	0.9704520631320727	0.9702997394817826	0.9806674339133863	0.9676492353072349	0.9672601696974193	1.0	0.9743602484754087	0.9738169113970796	0.970146695054212	0.9722740507334144	0.9784477324122132	0.9711039688883959	0.9759377807811959	0.9794614720826015	0.972796535421864	0.9755937739136774	0.9736337593061668	0.9729375819886813	0.9705532151965452	0.9717916427930978	0.9752023658518368
0.9801598836688746	0.9659462543830983	0.9746573127776562	0.9813747420433548	0.9754469766778574	0.9796686224065383	0.974834459249537	0.9699843748796064	0.9820896432592636	0.9672563204648862	0.971925462189327	0.9743602484754087	1.0	0.9745238161640888	0.9726893295468019	0.9732042391920142	0.9793241369667025	0.971192600758908	0.9763867834006145	0.9799340654345166	0.9741200024050377	0.9789759774483828	0.9746573127776562	0.9748785953757249	0.9734816916008989	0.977136028421325	0.9769296282868537
0.9745402541663684	0.9653177736684899	0.9663186113302671	0.9674401933104395	0.9649048963073465	0.965127613051369	0.9710337089385803	0.9715042984876978	0.9740223207867826	0.9721350510731226	0.9708649304059873	0.9738169113970796	0.9745238161640888	1.0	0.9644068159093977	0.9951587027111946	0.9722419846102812	0.9709275858318293	0.9653246152781167	0.9681307774573513	0.9663516800255672	0.9665257231998109	0.9723107399489828	0.9626368506879874	0.9703496641042354	0.9727774063866367	0.9713875538381944
0.9691715332695631	0.9627228534028676	0.9624026826668576	0.9647364293024498	0.963383831827303	0.9626010692970203	0.9659580585329917	0.9641597808166279	0.9710586241347645	0.9662518121147962	0.9709634204622568	0.970146695054212	0.9726893295468019	0.9644068159093977	1.0	0.9625798457042792	0.970184281322349	0.9665945033563015	0.9601127800996969	0.9650302200675158	0.9639801833365111	0.9622132172289468	0.9716039721559117	0.9600108525007549	0.9647251781862146	0.9678738611867166	0.9681156399819599
0.9741078349861093	0.9622276660584721	0.964360925432134	0.9674860912227163	0.9630784537222039	0.9642544846117284	0.9694391392817702	0.9688146916844879	0.9739571373220928	0.971088271861103	0.9686714294623103	0.9722740507334144	0.9732042391920142	0.9951587027111946	0.9625798457042792	1.0	0.9720385886500009	0.9688160742744297	0.9630373820223547	0.9674245364968033	0.9639019571991099	0.966833829684114	0.9704130972891609	0.9606612314791511	0.9691359851474187	0.9706563220214046	0.9692219387733345
0.9746938108139239	0.9701883841452854	0.9687910320207226	0.9697796367111007	0.9684362187786001	0.9695930916549417	0.9725253732197552	0.9741114879447421	0.9780188334576558	0.9769153389466539	0.9746760156195474	0.9784477324122132	0.9793241369667025	0.9722419846102812	0.970184281322349	0.9720385886500009	1.0	0.997865018994136	0.968729882847647	0.9689913429386648	0.9705641591190648	0.9679677879632503	0.9807933530210861	0.9659176217804898	0.970874792910441	0.975311637558175	0.9772397050503294
0.973249081601703	0.9496748459436919	0.9580003704035739	0.9679240164777494	0.9607383560238328	0.9646118349641765	0.9657541680570604	0.973675581170088	0.9776079390279184	0.9766840136624811	0.9636557934878569	0.9711039688883959	0.971192600758908	0.9709275858318293	0.9665945033563015	0.9688160742744297	0.997865018994136	1.0	0.9641270143910222	0.9668947252647667	0.9589233679729297	0.9647718306446884	0.9731266144321209	0.9623270651125784	0.961321182259272	0.9681762878654335	0.9733716070560867
0.9709357743931912	0.9670386838284625	0.9676679193622837	0.9711565617023484	0.9651575472879561	0.9673982603608903	0.9649460202092202	0.9669014419948181	0.9717830648811122	0.9671099137331951	0.9715481496733525	0.9759377807811959	0.9763867834006145	0.9653246152781167	0.9601127800996969	0.9630373820223547	0.968729882847647	0.9641270143910222	1.0	0.9844126003800031	0.9693637021527693	0.9680709400281072	0.967376964653327	0.9792459814054341	0.9656186833624442	0.9665557993683974	0.9679496733169266
0.9717690453752073	0.975331065872752	0.9742967569773298	0.9737199612844757	0.971144690274151	0.9725787142067667	0.9707979985797909	0.9707583866781206	0.9727782139857886	0.9693479579588391	0.977408267491629	0.9794614720826015	0.9799340654345166	0.9681307774573513	0.9650302200675158	0.9674245364968033	0.9689913429386648	0.9668947252647667	0.9844126003800031	1.0	0.9749650754293198	0.9699101195147901	0.971408510539506	0.9810399362091287	0.9686514074607124	0.9734365496909723	0.9711703496479875
0.9726307248808007	0.9729511593490374	0.9655650217139068	0.9766450003807473	0.968082544432968	0.9719360681547067	0.964484064009932	0.9596967598729989	0.9749372558453748	0.9600071179637847	0.9728728193779901	0.972796535421864	0.9741200024050377	0.9663516800255672	0.9639801833365111	0.9639019571991099	0.9705641591190648	0.9589233679729297	0.9693637021527693	0.9749650754293198	1.0	0.9721490660450679	0.965194712949716	0.9684926389426683	0.9620140231965404	0.9688304492194525	0.9692312118704038
0.970222786222111	0.9721541203973738	0.9696420657266873	0.9724519937692014	0.9697721083236475	0.971133748997018	0.9679561044883066	0.9665907509300545	0.9716184004598444	0.967684144533129	0.9745441955705948	0.9755937739136774	0.9789759774483828	0.9665257231998109	0.9622132172289468	0.966833829684114	0.9679677879632503	0.9647718306446884	0.9680709400281072	0.9699101195147901	0.9721490660450679	1.0	0.9703456348488608	0.9664435309812434	0.9667110387342789	0.9699677156867246	0.968767733079915
0.9765637706002172	0.9618259371840215	0.96268271689717	0.9718627660925724	0.964594971098778	0.9697320549036613	0.9697664498867249	0.9673238102811932	0.9793156466899969	0.9701690689000596	0.968934271252698	0.9736337593061668	0.9746573127776562	0.9723107399489828	0.9716039721559117	0.9704130972891609	0.9807933530210861	0.9731266144321209	0.967376964653327	0.971408510539506	0.965194712949716	0.9703456348488608	1.0	0.9646755858252882	0.9652343009421218	0.9724059339459976	0.9748759380436467
0.96995777898058	0.9684674747913641	0.9673809245584555	0.9689515990294054	0.965973990001275	0.9646713105975553	0.9632723845022567	0.9642438437981992	0.9696258543104017	0.9640253519773715	0.9715481496733525	0.9729375819886813	0.9748785953757249	0.9626368506879874	0.9600108525007549	0.9606612314791511	0.9659176217804898	0.9623270651125784	0.9792459814054341	0.9810399362091287	0.9684926389426683	0.9664435309812434	0.9646755858252882	1.0	0.9659616723849487	0.9665221472587567	0.9661400539094931
0.972679243838658	0.9606421028868118	0.9600702821831516	0.9684063641095247	0.9613645458711022	0.964408482742111	0.9672982315447778	0.9608837672153903	0.9733798310105225	0.9643668796461942	0.9679778542443549	0.9705532151965452	0.9734816916008989	0.9703496641042354	0.9647251781862146	0.9691359851474187	0.970874792910441	0.961321182259272	0.9656186833624442	0.9686514074607124	0.9620140231965404	0.9667110387342789	0.9652343009421218	0.9659616723849487	1.0	0.9674795574081112	0.9701505220326827
0.9794960356918735	0.9695984191544053	0.9707646479727726	0.9730261574506732	0.9668385599396929	0.9705376125728428	0.973519265671789	0.9697481084484127	0.9775668832027847	0.9681190071469902	0.9751548314071024	0.9717916427930978	0.977136028421325	0.9727774063866367	0.9678738611867166	0.9706563220214046	0.975311637558175	0.9681762878654335	0.9665557993683974	0.9734365496909723	0.9688304492194525	0.9699677156867246	0.9724059339459976	0.9665221472587567	0.9674795574081112	1.0	0.9748724288779032
0.9762065896966671	0.9693993468246557	0.9666520577811586	0.9716301795316392	0.9670087244924154	0.9679655814692099	0.9725253732197552	0.9715712641721885	0.9784812267699501	0.9730008320108929	0.9726868633091494	0.9752023658518368	0.9769296282868537	0.9713875538381944	0.9681156399819599	0.9692219387733345	0.9772397050503294	0.9733716070560867	0.9679496733169266	0.9711703496479875	0.9692312118704038	0.968767733079915	0.9748759380436467	0.9661400539094931	0.9701505220326827	0.9748724288779032	1.0
