/home/jshaw/scratch/2022_sketched_distance/references/SGB_genome_fastas_part1_redo/1822/ChengpingW_2017__AS78raw__bin.58.fa	/home/jshaw/scratch/2022_sketched_distance/references/SGB_genome_fastas_part1_redo/1822/CosteaPI_2017__halbarad-11-0-0__bin.28.fa	/home/jshaw/scratch/2022_sketched_distance/references/SGB_genome_fastas_part1_redo/1822/CosteaPI_2017__halbarad-11-392-0__bin.44.fa	/home/jshaw/scratch/2022_sketched_distance/references/SGB_genome_fastas_part1_redo/1822/CosteaPI_2017__halbarad-11-7-0__bin.2.fa	/home/jshaw/scratch/2022_sketched_distance/references/SGB_genome_fastas_part1_redo/1822/CosteaPI_2017__halbarad-11-773-0__bin.26.fa	/home/jshaw/scratch/2022_sketched_distance/references/SGB_genome_fastas_part1_redo/1822/LeChatelierE_2013__MH0004__bin.14.fa	/home/jshaw/scratch/2022_sketched_distance/references/SGB_genome_fastas_part1_redo/1822/LeChatelierE_2013__MH0093__bin.3.fa	/home/jshaw/scratch/2022_sketched_distance/references/SGB_genome_fastas_part1_redo/1822/LeChatelierE_2013__MH0125__bin.9.fa	/home/jshaw/scratch/2022_sketched_distance/references/SGB_genome_fastas_part1_redo/1822/LeChatelierE_2013__MH0129__bin.41.fa	/home/jshaw/scratch/2022_sketched_distance/references/SGB_genome_fastas_part1_redo/1822/LeChatelierE_2013__MH0288__bin.80.fa	/home/jshaw/scratch/2022_sketched_distance/references/SGB_genome_fastas_part1_redo/1822/LeChatelierE_2013__MH0438__bin.46.fa	/home/jshaw/scratch/2022_sketched_distance/references/SGB_genome_fastas_part1_redo/1822/LeChatelierE_2013__MH0440__bin.73.fa	/home/jshaw/scratch/2022_sketched_distance/references/SGB_genome_fastas_part1_redo/1822/LiJ_2014__V1.FI02__bin.5.fa	/home/jshaw/scratch/2022_sketched_distance/references/SGB_genome_fastas_part1_redo/1822/NielsenHB_2014__MH0004__bin.10.fa	/home/jshaw/scratch/2022_sketched_distance/references/SGB_genome_fastas_part1_redo/1822/NielsenHB_2014__MH0093__bin.7.fa	/home/jshaw/scratch/2022_sketched_distance/references/SGB_genome_fastas_part1_redo/1822/NielsenHB_2014__MH0125__bin.30.fa	/home/jshaw/scratch/2022_sketched_distance/references/SGB_genome_fastas_part1_redo/1822/NielsenHB_2014__MH0129__bin.37.fa	/home/jshaw/scratch/2022_sketched_distance/references/SGB_genome_fastas_part1_redo/1822/NielsenHB_2014__O2_UC55_2__bin.28.fa	/home/jshaw/scratch/2022_sketched_distance/references/SGB_genome_fastas_part1_redo/1822/NielsenHB_2014__V1_CD19_0__bin.21.fa	/home/jshaw/scratch/2022_sketched_distance/references/SGB_genome_fastas_part1_redo/1822/NielsenHB_2014__V1_UC50_1__bin.69.fa	/home/jshaw/scratch/2022_sketched_distance/references/SGB_genome_fastas_part1_redo/1822/QinJ_2012__T2D-099__bin.75.fa	/home/jshaw/scratch/2022_sketched_distance/references/SGB_genome_fastas_part1_redo/1822/SchirmerM_2016__G88802__bin.17.fa	/home/jshaw/scratch/2022_sketched_distance/references/SGB_genome_fastas_part1_redo/1822/VogtmannE_2016__MMRS79893829ST-27-0-0__bin.10.fa	/home/jshaw/scratch/2022_sketched_distance/references/SGB_genome_fastas_part1_redo/1822/XieH_2016__YSZC12003_35551__bin.42.fa	/home/jshaw/scratch/2022_sketched_distance/references/SGB_genome_fastas_part1_redo/1822/XieH_2016__YSZC12003_37204__bin.17.fa	/home/jshaw/scratch/2022_sketched_distance/references/SGB_genome_fastas_part1_redo/1822/XieH_2016__YSZC12003_37348__bin.16.fa	/home/jshaw/scratch/2022_sketched_distance/references/SGB_genome_fastas_part1_redo/1822/YuJ_2015__SZAXPI015261-75__bin.23.fa	/home/jshaw/scratch/2022_sketched_distance/references/SGB_genome_fastas_part1_redo/1822/ZeeviD_2015__PNP_Main_226__bin.34.fa	/home/jshaw/scratch/2022_sketched_distance/references/SGB_genome_fastas_part1_redo/1822/ZeeviD_2015__PNP_Main_22__bin.34.fa	/home/jshaw/scratch/2022_sketched_distance/references/SGB_genome_fastas_part1_redo/1822/ZeeviD_2015__PNP_Main_261__bin.11.fa	/home/jshaw/scratch/2022_sketched_distance/references/SGB_genome_fastas_part1_redo/1822/ZeeviD_2015__PNP_Main_304__bin.37.fa	/home/jshaw/scratch/2022_sketched_distance/references/SGB_genome_fastas_part1_redo/1822/ZeeviD_2015__PNP_Main_506__bin.26.fa	/home/jshaw/scratch/2022_sketched_distance/references/SGB_genome_fastas_part1_redo/1822/ZeeviD_2015__PNP_Main_586__bin.39.fa	/home/jshaw/scratch/2022_sketched_distance/references/SGB_genome_fastas_part1_redo/1822/ZeeviD_2015__PNP_Validation_7__bin.62.fa	/home/jshaw/scratch/2022_sketched_distance/references/SGB_genome_fastas_part1_redo/1822/ZellerG_2014__CCIS38765456ST-20-0__bin.4.fa	/home/jshaw/scratch/2022_sketched_distance/references/SGB_genome_fastas_part1_redo/1822/ZellerG_2014__MMPU68403337ST__bin.53.fa
1.0	0.9771564679857518	0.9762692917465667	0.9766914667693376	0.9763918955102598	0.9748298671356194	0.977828510012241	0.9756117464224894	0.9778885363354327	0.9750628198225972	0.9748189988274292	0.9725729193266119	0.9750182253457947	0.9734689326577632	0.9713636417230501	0.9739327008962644	0.9746089652904998	0.9772725736273289	0.9801271102362251	0.974933826904631	0.9762440943340005	0.9725860154283853	0.9759839313792469	0.9747673312527101	0.9737961452252392	0.9750851628610329	0.9760647435020108	0.9723298584119987	0.9740305307350157	0.9740412783521163	0.9743251150471941	0.9752313332882144	0.9760764829616103	0.972655299257786	0.976498456179348	0.9752154984374927
0.9771564679857518	1.0	0.9981196601812999	0.9994800149744629	0.993333934028893	0.9780198907655979	0.9760378129580846	0.9781507180662677	0.975512634383999	0.9781071672704889	0.9752389781651543	0.9693162933705691	0.9742973944377331	0.97704409936779	0.9694910776470584	0.9733781335861907	0.97169346528995	0.9737962010781742	0.9752389996133345	0.9783243418840328	0.9754051302010281	0.9712800697397252	0.9758051425102771	0.9779323799820249	0.9725301528991263	0.9719035638800544	0.9765678706072943	0.9671142523972684	0.9747836653958888	0.972307669232193	0.9719353038715322	0.9711914421332298	0.9750001351845797	0.976476365202476	0.9749488272778399	0.9926049909857814
0.9762692917465667	0.9981196601812999	1.0	0.9995208775593959	0.9981088996806616	0.9771137963129009	0.9776175429892201	0.9775279756037015	0.977762742499643	0.9767545447386938	0.975102435401877	0.9729021211283919	0.9751955623116592	0.9761059195373764	0.974046012212861	0.9760496326256122	0.975434894195556	0.9767183680834469	0.9784103219222663	0.9774298380280214	0.976456900395036	0.9747852828147424	0.9741656595517139	0.9779756404764959	0.9749547590126451	0.9738252332952241	0.9763100069616633	0.971727096519727	0.9767544443939178	0.9747948414061098	0.9738568159383062	0.9734725137071447	0.9772085062905952	0.975900543890004	0.9767073187266897	0.9976923775032941
0.9766914667693376	0.9994800149744629	0.9995208775593959	1.0	0.9993077323206844	0.9761511727864474	0.9785122289685243	0.9764343081614192	0.978847324279716	0.9776080045885918	0.976001622804866	0.9737253162371412	0.9758304197650629	0.9747794342802016	0.9744161064760793	0.9764969794477351	0.9760408567160666	0.9774168633479544	0.9790201495566507	0.97726518791588	0.9768155080075983	0.9760111563516435	0.974481182547198	0.9766273903224925	0.9752825780354631	0.9752319514035935	0.9765452671412332	0.9723298584119987	0.9774012243805938	0.9756351864486416	0.9746719604530197	0.9747462144140263	0.9782602886750598	0.9757545339185292	0.9776422099137294	0.9992721671074766
0.9763918955102598	0.993333934028893	0.9981088996806616	0.9993077323206844	1.0	0.9768100864823672	0.9721302638533926	0.9771088073978308	0.9716065735889462	0.9769253036531186	0.9759208483626812	0.973375072703847	0.9765085995898372	0.9767869940443021	0.9719645035993156	0.9751040721067621	0.9729647063817021	0.9753975143962583	0.9710998296840364	0.9774048134505675	0.9769942387837396	0.9735389723188902	0.9740910306366367	0.9782328666995708	0.9740743126962604	0.9676429227858603	0.9763685043948284	0.969832713727512	0.9753464375507419	0.9702013530675196	0.9734830280984771	0.9669221120136663	0.973406220625664	0.9759682611463494	0.9715603694590542	0.9975051715911962
0.9748298671356194	0.9780198907655979	0.9771137963129009	0.9761511727864474	0.9768100864823672	1.0	0.9838222527637149	0.9807497126200754	0.9829923180127539	0.9846899547944801	0.9826974297437542	0.9752008424452242	0.9748845847256912	0.9987520443875657	0.9810013355633568	0.9811664673898378	0.9821928155165612	0.9768651285312341	0.9777888737438148	0.981848077808208	0.975531792152592	0.9773648468356952	0.9745232931443253	0.9796902612532877	0.981352063405088	0.9812827125849223	0.9743884692523633	0.9706239702537158	0.9813756454912028	0.9811983419136494	0.9772574023106526	0.9773039556022051	0.9839101020424731	0.9799791529896398	0.9824025968628465	0.9760911474122643
0.977828510012241	0.9760378129580846	0.9776175429892201	0.9785122289685243	0.9721302638533926	0.9838222527637149	1.0	0.9840713923467421	0.9753094159919115	0.9852416162126417	0.9797532764177289	0.9653438731941182	0.9724153898111759	0.9826770840595397	0.9848319166083217	0.9787175037741931	0.9668483078684698	0.96952211429487	0.9711858830718245	0.9832164791308685	0.9755904041723802	0.9702131226494485	0.9772220860703899	0.9828321052048812	0.969053095378412	0.97283843075221	0.9772832389109536	0.9679314786032207	0.9790374914273575	0.9770071424386265	0.9760695364896426	0.9734971602319209	0.9824170738493085	0.9817312227004972	0.9815440882469793	0.970815197116102
0.9756117464224894	0.9781507180662677	0.9775279756037015	0.9764343081614192	0.9771088073978308	0.9807497126200754	0.9840713923467421	1.0	0.9826685275535055	0.9819838426417815	0.9824384056454439	0.9755594876148037	0.9752838693047998	0.9796109418566976	0.9809009593162284	0.9988371993483836	0.9824404839100156	0.9779310791303687	0.9773293513779143	0.9824719000393405	0.9765204718293774	0.9789698251352623	0.9753131965381945	0.9801767897826631	0.9804283371911872	0.9805445210993318	0.9753097446558223	0.9724076593633559	0.9813945399015723	0.9804689256244858	0.9774269036121963	0.9779008610045793	0.9831004925304098	0.980275864675892	0.98332220897382	0.9764254119846332
0.9778885363354327	0.975512634383999	0.977762742499643	0.978847324279716	0.9716065735889462	0.9829923180127539	0.9753094159919115	0.9826685275535055	1.0	0.9833395175902677	0.9818169438522475	0.9646662312496131	0.9723221843236324	0.9815935361473407	0.9647605337051298	0.9769653335185561	0.9793671426180025	0.9644767925520513	0.970561655392643	0.9838927242814186	0.9744835933328753	0.9682381842393837	0.978013846579978	0.9811420914104257	0.9683226028080253	0.9752413932693879	0.9760816180184141	0.9651815061201194	0.9788777885478722	0.978013846579978	0.9757145906283259	0.9750021864782071	0.9835777500382196	0.9821767599767545	0.978510326292684	0.9702454573480683
0.9750628198225972	0.9781071672704889	0.9767545447386938	0.9776080045885918	0.9769253036531186	0.9846899547944801	0.9852416162126417	0.9819838426417815	0.9833395175902677	1.0	0.9826974297437542	0.975941347994494	0.9743898119991665	0.9835435462439258	0.9821098413070289	0.9803082062508747	0.983332908426319	0.9780159985180925	0.9779878951389204	0.9829549531655452	0.975662467254271	0.9776338322606872	0.9756871202175569	0.9826233301079125	0.9819375832197894	0.9810384957721144	0.9747461149211674	0.9708421869566354	0.9819192014878043	0.9809790200252649	0.9765487325650294	0.9779501131355007	0.9832458922771717	0.9803817973120786	0.9821490269578442	0.9761151376596303
0.9748189988274292	0.9752389781651543	0.975102435401877	0.976001622804866	0.9759208483626812	0.9826974297437542	0.9797532764177289	0.9824384056454439	0.9818169438522475	0.9826974297437542	1.0	0.9767183680834469	0.9740251837119143	0.9816488067000483	0.9790925453512299	0.9813201230773015	0.9831724468956804	0.9753975143962583	0.9744270360946202	0.9824903746098206	0.9752908486204998	0.9788057882679351	0.9743336314392925	0.9817905791903768	0.9816461329586869	0.9784903568145744	0.9735234048040351	0.9704318158065671	0.9805138966259274	0.9800188003122975	0.97613360158658	0.9756829477096003	0.9824194959186705	0.9803444186079905	0.9814963869002757	0.9744673308155862
0.9725729193266119	0.9693162933705691	0.9729021211283919	0.9737253162371412	0.973375072703847	0.9752008424452242	0.9653438731941182	0.9755594876148037	0.9646662312496131	0.975941347994494	0.9767183680834469	1.0	0.9734337097734425	0.974978154790723	0.9678056177565296	0.9739855406606666	0.9694843362324009	0.9681497125310512	0.9602470233550169	0.9768504822181151	0.9724523759479811	0.9747820434957637	0.9717195454748084	0.976022595238007	0.9689504166378383	0.9587413342667573	0.9727827977345155	0.9670426498649843	0.974838196167342	0.9679228299857138	0.9767977008748556	0.9676437772581948	0.9731098864565507	0.9760766475631278	0.9711588332497701	0.9732574796855105
0.9750182253457947	0.9742973944377331	0.9751955623116592	0.9758304197650629	0.9765085995898372	0.9748845847256912	0.9724153898111759	0.9752838693047998	0.9723221843236324	0.9743898119991665	0.9740251837119143	0.9734337097734425	1.0	0.9744124659063118	0.9733246508368826	0.9746459392133512	0.9741172960996701	0.9813711816550794	0.973070944095926	0.9741623995645627	0.988353912698431	0.9726995922918927	0.981029353482814	0.9740938641216675	0.9726911308652253	0.9679377919772224	0.9802436216616914	0.9818699561791292	0.971443933130835	0.9696448352966411	0.9714336332639215	0.9689003935652921	0.9718618277277816	0.9718696251852993	0.972725681221414	0.974992851216751
0.9734689326577632	0.97704409936779	0.9761059195373764	0.9747794342802016	0.9767869940443021	0.9987520443875657	0.9826770840595397	0.9796109418566976	0.9815935361473407	0.9835435462439258	0.9816488067000483	0.974978154790723	0.9744124659063118	1.0	0.9804199176867717	0.9807011204000955	0.9814100851573356	0.9765709430776519	0.9760311755540475	0.9803560696628694	0.9753128265114372	0.9767200919008149	0.9733448751828713	0.9786229591507836	0.9809308866873985	0.9789639433384775	0.97350583253892	0.9700440480469344	0.9806687658623912	0.9798369992227017	0.9758908195131365	0.9753648134550241	0.982382278825489	0.9782510310800788	0.9806464678777765	0.9759950091373735
0.9713636417230501	0.9694910776470584	0.974046012212861	0.9744161064760793	0.9719645035993156	0.9810013355633568	0.9848319166083217	0.9809009593162284	0.9647605337051298	0.9821098413070289	0.9790925453512299	0.9678056177565296	0.9733246508368826	0.9804199176867717	1.0	0.9799057900036341	0.9758736630561083	0.9671376886499816	0.9602960756243165	0.9781219761210983	0.9736716506749439	0.974782031219392	0.9709226451940226	0.9808758170336922	0.9712624051950829	0.9634633673043851	0.9735458978158086	0.971565170143435	0.9766669707434769	0.9685492607160616	0.973514383314338	0.964102658646338	0.9746909357070598	0.9776811625007544	0.9757086970660661	0.9705101681167784
0.9739327008962644	0.9733781335861907	0.9760496326256122	0.9764969794477351	0.9751040721067621	0.9811664673898378	0.9787175037741931	0.9988371993483836	0.9769653335185561	0.9803082062508747	0.9813201230773015	0.9739855406606666	0.9746459392133512	0.9807011204000955	0.9799057900036341	1.0	0.9806081664920949	0.9753054725420881	0.9704985986304693	0.9818145775805536	0.975389854186264	0.9775606925397381	0.9737398280083083	0.9804265772731691	0.978471759681772	0.9751439578471022	0.9739327008962644	0.9705143075080939	0.9786667308031421	0.9762769219217109	0.9748802470828932	0.970672223537338	0.9779419040562589	0.9792026718570476	0.979178892888972	0.9733117363358478
0.9746089652904998	0.97169346528995	0.975434894195556	0.9760408567160666	0.9729647063817021	0.9821928155165612	0.9668483078684698	0.9824404839100156	0.9793671426180025	0.983332908426319	0.9831724468956804	0.9694843362324009	0.9741172960996701	0.9814100851573356	0.9758736630561083	0.9806081664920949	1.0	0.9664022135723115	0.9615116178335905	0.9818317317350463	0.974955656678384	0.9752303712031323	0.9744692461925418	0.9814383646107228	0.9735821126995062	0.9659498548581767	0.9744342223149262	0.9717696407323309	0.9802876654810333	0.971883569065897	0.9732930316081514	0.9669367904305314	0.9786054028233656	0.980666103240807	0.9751276251553108	0.9709216897968207
0.9772725736273289	0.9737962010781742	0.9767183680834469	0.9774168633479544	0.9753975143962583	0.9768651285312341	0.96952211429487	0.9779310791303687	0.9644767925520513	0.9780159985180925	0.9753975143962583	0.9681497125310512	0.9813711816550794	0.9765709430776519	0.9671376886499816	0.9753054725420881	0.9664022135723115	1.0	0.9671543098352952	0.9760346146287647	0.9824007001276837	0.9701913820329109	0.9812433854636672	0.9766594781704417	0.9679575424706361	0.9631881703875375	0.9795618793612815	0.9753361821220465	0.9748413129168064	0.9688322027360186	0.9718052169508369	0.967918970736608	0.9749657384036867	0.9744336075237218	0.9748413129168064	0.9749346766661573
0.9801271102362251	0.9752389996133345	0.9784103219222663	0.9790201495566507	0.9710998296840364	0.9777888737438148	0.9711858830718245	0.9773293513779143	0.970561655392643	0.9779878951389204	0.9744270360946202	0.9602470233550169	0.973070944095926	0.9760311755540475	0.9602960756243165	0.9704985986304693	0.9615116178335905	0.9671543098352952	1.0	0.9783262732237393	0.9750844202885788	0.9633779759393701	0.9785499235424615	0.9785220509781726	0.963511266459756	0.97060551323911	0.9777032054390722	0.9668759673185651	0.9728060892477972	0.9735292993537017	0.9714829937552666	0.9749291022892712	0.9767751136357031	0.9770096275140248	0.975331395605744	0.9696669624044844
0.974933826904631	0.9783243418840328	0.9774298380280214	0.97726518791588	0.9774048134505675	0.981848077808208	0.9832164791308685	0.9824719000393405	0.9838927242814186	0.9829549531655452	0.9824903746098206	0.9768504822181151	0.9741623995645627	0.9803560696628694	0.9781219761210983	0.9818145775805536	0.9818317317350463	0.9760346146287647	0.9783262732237393	1.0	0.9751807357357011	0.978899624573937	0.974649298393414	0.9819969030733171	0.9819859069291135	0.9804198522048043	0.9747265084022436	0.9702938604180702	0.9811670834527695	0.9823157020764318	0.9770656531181198	0.9785837111743465	0.98683268162173	0.9816819187776388	0.9830756850219229	0.9768267431008154
0.9762440943340005	0.9754051302010281	0.976456900395036	0.9768155080075983	0.9769942387837396	0.975531792152592	0.9755904041723802	0.9765204718293774	0.9744835933328753	0.975662467254271	0.9752908486204998	0.9724523759479811	0.988353912698431	0.9753128265114372	0.9736716506749439	0.975389854186264	0.974955656678384	0.9824007001276837	0.9750844202885788	0.9751807357357011	1.0	0.9749179140771788	0.9807066239955137	0.9747588712190257	0.9721405124167517	0.9698606754890968	0.9838975146828114	0.9823125071477523	0.9735534882362035	0.9707785808843084	0.9725084437686281	0.971702464452369	0.9734183707188301	0.9726825427823248	0.9738057368836863	0.975558835769273
0.9725860154283853	0.9712800697397252	0.9747852828147424	0.9760111563516435	0.9735389723188902	0.9773648468356952	0.9702131226494485	0.9789698251352623	0.9682381842393837	0.9776338322606872	0.9788057882679351	0.9747820434957637	0.9726995922918927	0.9767200919008149	0.974782031219392	0.9775606925397381	0.9752303712031323	0.9701913820329109	0.9633779759393701	0.978899624573937	0.9749179140771788	1.0	0.9722716115367739	0.9779729973062313	0.9721405124167517	0.9645355795825171	0.9722428775568267	0.9706521239305508	0.9766448688970369	0.9686311695698334	0.9763675544194713	0.9733593585791651	0.9738413842512462	0.9766699625486421	0.9720699365816814	0.9725575589335045
0.9759839313792469	0.9758051425102771	0.9741656595517139	0.974481182547198	0.9740910306366367	0.9745232931443253	0.9772220860703899	0.9753131965381945	0.978013846579978	0.9756871202175569	0.9743336314392925	0.9717195454748084	0.981029353482814	0.9733448751828713	0.9709226451940226	0.9737398280083083	0.9744692461925418	0.9812433854636672	0.9785499235424615	0.974649298393414	0.9807066239955137	0.9722716115367739	1.0	0.9742485932732919	0.9731693246578236	0.974008243534421	0.9796156681958803	0.9763080380429395	0.9727507044320274	0.9748745531865372	0.9723852820336598	0.9754977478527217	0.9761667059269111	0.9725720598899366	0.9759585260395268	0.9729700909823281
0.9747673312527101	0.9779323799820249	0.9779756404764959	0.9766273903224925	0.9782328666995708	0.9796902612532877	0.9828321052048812	0.9801767897826631	0.9811420914104257	0.9826233301079125	0.9817905791903768	0.976022595238007	0.9740938641216675	0.9786229591507836	0.9808758170336922	0.9804265772731691	0.9814383646107228	0.9766594781704417	0.9785220509781726	0.9819969030733171	0.9747588712190257	0.9779729973062313	0.9742485932732919	1.0	0.9831713884691038	0.9791462753579223	0.9750402574375723	0.9707605280503813	0.9811099713231543	0.9813727466100021	0.9767219528821687	0.9768744314421394	0.9826972841273448	0.9803626224844519	0.9825963232048102	0.9778658179872644
0.9737961452252392	0.9725301528991263	0.9749547590126451	0.9752825780354631	0.9740743126962604	0.981352063405088	0.969053095378412	0.9804283371911872	0.9683226028080253	0.9819375832197894	0.9816461329586869	0.9689504166378383	0.9726911308652253	0.9809308866873985	0.9712624051950829	0.978471759681772	0.9735821126995062	0.9679575424706361	0.963511266459756	0.9819859069291135	0.9721405124167517	0.9721405124167517	0.9731693246578236	0.9831713884691038	1.0	0.966126530112334	0.9719767693278154	0.9663226826513709	0.9785254864550909	0.9754305008002442	0.9737961452252392	0.9665953048440099	0.9789256412660737	0.9803776546433417	0.9773225495374096	0.9730424941290731
0.9750851628610329	0.9719035638800544	0.9738252332952241	0.9752319514035935	0.9676429227858603	0.9812827125849223	0.97283843075221	0.9805445210993318	0.9752413932693879	0.9810384957721144	0.9784903568145744	0.9587413342667573	0.9679377919772224	0.9789639433384775	0.9634633673043851	0.9751439578471022	0.9659498548581767	0.9631881703875375	0.97060551323911	0.9804198522048043	0.9698606754890968	0.9645355795825171	0.974008243534421	0.9791462753579223	0.966126530112334	1.0	0.972641565685512	0.9628185905934726	0.9763547140780315	0.9750262613268571	0.9742204597817727	0.9742506634877003	0.9794822132172288	0.9792500095622352	0.976013357810777	0.9646982815223841
0.9760647435020108	0.9765678706072943	0.9763100069616633	0.9765452671412332	0.9763685043948284	0.9743884692523633	0.9772832389109536	0.9753097446558223	0.9760816180184141	0.9747461149211674	0.9735234048040351	0.9727827977345155	0.9802436216616914	0.97350583253892	0.9735458978158086	0.9739327008962644	0.9744342223149262	0.9795618793612815	0.9777032054390722	0.9747265084022436	0.9838975146828114	0.9722428775568267	0.9796156681958803	0.9750402574375723	0.9719767693278154	0.972641565685512	1.0	0.9767189190987149	0.9733606904456754	0.973353349201239	0.9739980162360645	0.9740601906734657	0.9754838541273286	0.9731547708653306	0.9750950040853488	0.9755832216931459
0.9723298584119987	0.9671142523972684	0.971727096519727	0.9723298584119987	0.969832713727512	0.9706239702537158	0.9679314786032207	0.9724076593633559	0.9651815061201194	0.9708421869566354	0.9704318158065671	0.9670426498649843	0.9818699561791292	0.9700440480469344	0.971565170143435	0.9705143075080939	0.9717696407323309	0.9753361821220465	0.9668759673185651	0.9702938604180702	0.9823125071477523	0.9706521239305508	0.9763080380429395	0.9707605280503813	0.9663226826513709	0.9628185905934726	0.9767189190987149	1.0	0.9679728219426803	0.964591148628628	0.9682096287573961	0.9624000194807009	0.9674939292525784	0.9693967285571045	0.9665185276827226	0.9693395148231629
0.9740305307350157	0.9747836653958888	0.9767544443939178	0.9774012243805938	0.9753464375507419	0.9813756454912028	0.9790374914273575	0.9813945399015723	0.9788777885478722	0.9819192014878043	0.9805138966259274	0.974838196167342	0.971443933130835	0.9806687658623912	0.9766669707434769	0.9786667308031421	0.9802876654810333	0.9748413129168064	0.9728060892477972	0.9811670834527695	0.9735534882362035	0.9766448688970369	0.9727507044320274	0.9811099713231543	0.9785254864550909	0.9763547140780315	0.9733606904456754	0.9679728219426803	1.0	0.9773519456696578	0.9735294510643178	0.9727875856491275	0.9798474696032575	0.9801038382770082	0.9767073187266897	0.9744925492981055
0.9740412783521163	0.972307669232193	0.9747948414061098	0.9756351864486416	0.9702013530675196	0.9811983419136494	0.9770071424386265	0.9804689256244858	0.978013846579978	0.9809790200252649	0.9800188003122975	0.9679228299857138	0.9696448352966411	0.9798369992227017	0.9685492607160616	0.9762769219217109	0.971883569065897	0.9688322027360186	0.9735292993537017	0.9823157020764318	0.9707785808843084	0.9686311695698334	0.9748745531865372	0.9813727466100021	0.9754305008002442	0.9750262613268571	0.973353349201239	0.964591148628628	0.9773519456696578	1.0	0.9747415913747473	0.9737256792523084	0.9816972703188086	0.9813727466100021	0.9785115070602247	0.968951370434622
0.9743251150471941	0.9719353038715322	0.9738568159383062	0.9746719604530197	0.9734830280984771	0.9772574023106526	0.9760695364896426	0.9774269036121963	0.9757145906283259	0.9765487325650294	0.97613360158658	0.9767977008748556	0.9714336332639215	0.9758908195131365	0.973514383314338	0.9748802470828932	0.9732930316081514	0.9718052169508369	0.9714829937552666	0.9770656531181198	0.9725084437686281	0.9763675544194713	0.9723852820336598	0.9767219528821687	0.9737961452252392	0.9742204597817727	0.9739980162360645	0.9682096287573961	0.9735294510643178	0.9747415913747473	1.0	0.9742812987983073	0.975276171054771	0.9756462118256028	0.9747037285405354	0.9715939042607092
0.9752313332882144	0.9711914421332298	0.9734725137071447	0.9747462144140263	0.9669221120136663	0.9773039556022051	0.9734971602319209	0.9779008610045793	0.9750021864782071	0.9779501131355007	0.9756829477096003	0.9676437772581948	0.9689003935652921	0.9753648134550241	0.964102658646338	0.970672223537338	0.9669367904305314	0.967918970736608	0.9749291022892712	0.9785837111743465	0.971702464452369	0.9733593585791651	0.9754977478527217	0.9768744314421394	0.9665953048440099	0.9742506634877003	0.9740601906734657	0.9624000194807009	0.9727875856491275	0.9737256792523084	0.9742812987983073	1.0	0.9768489880269062	0.9779501131355007	0.9731318574425659	0.9647774744041251
0.9760764829616103	0.9750001351845797	0.9772085062905952	0.9782602886750598	0.973406220625664	0.9839101020424731	0.9824170738493085	0.9831004925304098	0.9835777500382196	0.9832458922771717	0.9824194959186705	0.9731098864565507	0.9718618277277816	0.982382278825489	0.9746909357070598	0.9779419040562589	0.9786054028233656	0.9749657384036867	0.9767751136357031	0.98683268162173	0.9734183707188301	0.9738413842512462	0.9761667059269111	0.9826972841273448	0.9789256412660737	0.9794822132172288	0.9754838541273286	0.9674939292525784	0.9798474696032575	0.9816972703188086	0.975276171054771	0.9768489880269062	1.0	0.9821580835406043	0.9804614319569551	0.9728111864964027
0.972655299257786	0.976476365202476	0.975900543890004	0.9757545339185292	0.9759682611463494	0.9799791529896398	0.9817312227004972	0.980275864675892	0.9821767599767545	0.9803817973120786	0.9803444186079905	0.9760766475631278	0.9718696251852993	0.9782510310800788	0.9776811625007544	0.9792026718570476	0.980666103240807	0.9744336075237218	0.9770096275140248	0.9816819187776388	0.9726825427823248	0.9766699625486421	0.9725720598899366	0.9803626224844519	0.9803776546433417	0.9792500095622352	0.9731547708653306	0.9693967285571045	0.9801038382770082	0.9813727466100021	0.9756462118256028	0.9779501131355007	0.9821580835406043	1.0	0.9802960714706771	0.9751167323549841
0.976498456179348	0.9749488272778399	0.9767073187266897	0.9776422099137294	0.9715603694590542	0.9824025968628465	0.9815440882469793	0.98332220897382	0.978510326292684	0.9821490269578442	0.9814963869002757	0.9711588332497701	0.972725681221414	0.9806464678777765	0.9757086970660661	0.979178892888972	0.9751276251553108	0.9748413129168064	0.975331395605744	0.9830756850219229	0.9738057368836863	0.9720699365816814	0.9759585260395268	0.9825963232048102	0.9773225495374096	0.976013357810777	0.9750950040853488	0.9665185276827226	0.9767073187266897	0.9785115070602247	0.9747037285405354	0.9731318574425659	0.9804614319569551	0.9802960714706771	1.0	0.9704149530669521
0.9752154984374927	0.9926049909857814	0.9976923775032941	0.9992721671074766	0.9975051715911962	0.9760911474122643	0.970815197116102	0.9764254119846332	0.9702454573480683	0.9761151376596303	0.9744673308155862	0.9732574796855105	0.974992851216751	0.9759950091373735	0.9705101681167784	0.9733117363358478	0.9709216897968207	0.9749346766661573	0.9696669624044844	0.9768267431008154	0.975558835769273	0.9725575589335045	0.9729700909823281	0.9778658179872644	0.9730424941290731	0.9646982815223841	0.9755832216931459	0.9693395148231629	0.9744925492981055	0.968951370434622	0.9715939042607092	0.9647774744041251	0.9728111864964027	0.9751167323549841	0.9704149530669521	1.0
