/home/jshaw/scratch/2022_sketched_distance/references/SGB_genome_fastas_part1_redo/1560/BritoIL_2016__W1.9.SA__bin.3.fa	/home/jshaw/scratch/2022_sketched_distance/references/SGB_genome_fastas_part1_redo/1560/BritoIL_2016__W2.8.SA__bin.15.fa	/home/jshaw/scratch/2022_sketched_distance/references/SGB_genome_fastas_part1_redo/1560/CM_cf__CF_TNFC041IS_t3M15__bin.7.fa	/home/jshaw/scratch/2022_sketched_distance/references/SGB_genome_fastas_part1_redo/1560/CM_periimplantitis__SP_184SPT_T016__bin.15.fa	/home/jshaw/scratch/2022_sketched_distance/references/SGB_genome_fastas_part1_redo/1560/CM_periimplantitis__SP_186SPI_T016_R__bin.1.fa	/home/jshaw/scratch/2022_sketched_distance/references/SGB_genome_fastas_part1_redo/1560/CM_periimplantitis__SP_305SPI_T016__bin.4.fa	/home/jshaw/scratch/2022_sketched_distance/references/SGB_genome_fastas_part1_redo/1560/CM_periimplantitis__SP_384SPI_T016__bin.6.fa	/home/jshaw/scratch/2022_sketched_distance/references/SGB_genome_fastas_part1_redo/1560/CM_periimplantitis__SP_385SPI_T016__bin.1.fa	/home/jshaw/scratch/2022_sketched_distance/references/SGB_genome_fastas_part1_redo/1560/FengQ_2015__SID31874__bin.79.fa	/home/jshaw/scratch/2022_sketched_distance/references/SGB_genome_fastas_part1_redo/1560/FengQ_2015__SID530373__bin.76.fa	/home/jshaw/scratch/2022_sketched_distance/references/SGB_genome_fastas_part1_redo/1560/HMP_2012__SRS014477__bin.4.fa	/home/jshaw/scratch/2022_sketched_distance/references/SGB_genome_fastas_part1_redo/1560/HMP_2012__SRS015061__bin.7.fa	/home/jshaw/scratch/2022_sketched_distance/references/SGB_genome_fastas_part1_redo/1560/HMP_2012__SRS015062__bin.1.fa	/home/jshaw/scratch/2022_sketched_distance/references/SGB_genome_fastas_part1_redo/1560/HMP_2012__SRS016746__bin.33.fa	/home/jshaw/scratch/2022_sketched_distance/references/SGB_genome_fastas_part1_redo/1560/HMP_2012__SRS017511__bin.37.fa	/home/jshaw/scratch/2022_sketched_distance/references/SGB_genome_fastas_part1_redo/1560/HMP_2012__SRS020226__bin.31.fa	/home/jshaw/scratch/2022_sketched_distance/references/SGB_genome_fastas_part1_redo/1560/HMP_2012__SRS022149__bin.24.fa	/home/jshaw/scratch/2022_sketched_distance/references/SGB_genome_fastas_part1_redo/1560/HMP_2012__SRS023595__bin.55.fa	/home/jshaw/scratch/2022_sketched_distance/references/SGB_genome_fastas_part1_redo/1560/HMP_2012__SRS048411__bin.62.fa	/home/jshaw/scratch/2022_sketched_distance/references/SGB_genome_fastas_part1_redo/1560/HMP_2012__SRS049318__bin.42.fa	/home/jshaw/scratch/2022_sketched_distance/references/SGB_genome_fastas_part1_redo/1560/HMP_2012__SRS055401__bin.1.fa	/home/jshaw/scratch/2022_sketched_distance/references/SGB_genome_fastas_part1_redo/1560/HMP_2012__SRS063603__bin.8.fa	/home/jshaw/scratch/2022_sketched_distance/references/SGB_genome_fastas_part1_redo/1560/LiJ_2014__V1.FI17__bin.37.fa	/home/jshaw/scratch/2022_sketched_distance/references/SGB_genome_fastas_part1_redo/1560/QinN_2014__LD-24__bin.3.fa	/home/jshaw/scratch/2022_sketched_distance/references/SGB_genome_fastas_part1_redo/1560/YuJ_2015__SZAXPI003409-8__bin.1.fa	/home/jshaw/scratch/2022_sketched_distance/references/SGB_genome_fastas_part1_redo/1560/YuJ_2015__SZAXPI003412-1__bin.20.fa	/home/jshaw/scratch/2022_sketched_distance/references/SGB_genome_fastas_part1_redo/1560/YuJ_2015__SZAXPI015217-140__bin.30.fa	/home/jshaw/scratch/2022_sketched_distance/references/SGB_genome_fastas_part1_redo/1560/YuJ_2015__SZAXPI017464-37__bin.5.fa	/home/jshaw/scratch/2022_sketched_distance/references/SGB_genome_fastas_part1_redo/1560/ZellerG_2014__CCIS33816588ST-4-0__bin.62.fa	/home/jshaw/scratch/2022_sketched_distance/references/SGB_genome_fastas_part1_redo/1560/ZellerG_2014__CCIS35100175ST-4-0__bin.56.fa	/home/jshaw/scratch/2022_sketched_distance/references/SGB_genome_fastas_part1_redo/1560/ZellerG_2014__CCMD18872694ST-21-0__bin.29.fa
1.0	0.9708562668862989	0.9722615040227595	0.9663388227120209	0.9662589251515016	0.9652726814644529	0.9736933348333502	0.9649111400479609	0.9731799525864187	0.9617875796327389	0.9755893765726412	0.9708099053732859	0.9748605670989688	0.9700589407939159	0.9728331279811033	0.9664452185017056	0.9732660823821867	0.9707169826054517	0.9692901199857674	0.9709949542609522	0.9733090616815558	0.9728766844299052	0.9668148609280359	0.9690950224641413	0.9702954955039846	0.9735231083096025	0.9646981564905533	0.9748605670989688	0.973394849850131	0.9757889577359695	0.9747374940261013
0.9708562668862989	1.0	0.9728280218240857	0.9714938179330157	0.9729355182824975	0.971858490234561	0.974603852855913	0.9695621144626513	0.9853020976069465	0.9697414726859658	0.9736939209763265	0.9685566112967559	0.9722614617740968	0.972387950971369	0.9714659061985613	0.9961181266715284	0.985612003457766	0.9959889729189473	0.9694091580514623	0.9701347984763546	0.973177159795722	0.9730379552823665	0.9710362887237731	0.9715021016707072	0.968509910229158	0.9706878339900938	0.9687430825692422	0.9727929004073103	0.9722971633701989	0.9730379552823665	0.97314241463313
0.9722615040227595	0.9728280218240857	1.0	0.992173246116745	0.9752898815098596	0.9741686228924197	0.9944486094525732	0.97070022353061	0.9744476925261385	0.9685548846943511	0.9738590827743235	0.9692047998402866	0.9735607270005215	0.9736646700240714	0.9722343164729615	0.9726547183414689	0.9749301814515661	0.9716818459573654	0.9705485685219669	0.9707656479312071	0.9875166121480083	0.9728196506695439	0.9733668125651745	0.9717761850983921	0.9706841930072934	0.9727172700641253	0.9695071637593841	0.9741547213331596	0.9737599352645319	0.9745770584825124	0.9730572892115116
0.9663388227120209	0.9714938179330157	0.992173246116745	1.0	0.9700845527325118	0.9666101999454662	0.9995318101335253	0.9639065526312784	0.9744619882471667	0.9580751699311266	0.9726646298463433	0.9660330796687553	0.9720845117392652	0.9682729330248148	0.9696090664982189	0.9675595028457927	0.9749249422419268	0.9692002878909838	0.9664339703777544	0.9666325601721966	0.9861020695337077	0.9714938179330157	0.9668880305519886	0.9668790885041167	0.9683199388559511	0.9716213051588024	0.9625066437831696	0.9729508419428947	0.9723758686426126	0.9736754247862435	0.9718326750211689
0.9662589251515016	0.9729355182824975	0.9752898815098596	0.9700845527325118	1.0	0.9608897809608717	0.975021593005216	0.9646289595201994	0.9752898815098596	0.956054211206137	0.995804802027282	0.9915754766252567	0.9949349870983288	0.972719341561724	0.9748189132039677	0.9696900117400183	0.975021593005216	0.971988160467858	0.9693708745290015	0.9700060287677031	0.9737861003302541	0.9738559859698088	0.9688861793952549	0.9700845527325118	0.9719141267553436	0.9739257214789705	0.9564164028412367	0.9782869542794186	0.9747510713714861	0.9752898815098596	0.9732926413199016
0.9652726814644529	0.971858490234561	0.9741686228924197	0.9666101999454662	0.9608897809608717	1.0	0.9742721698209217	0.9643725008238017	0.9753899215860105	0.9565362246407465	0.9747340887574986	0.9704355699964948	0.9740126807409751	0.9725199054143214	0.9738035858508131	0.9686410766529372	0.9749879006977366	0.9714663356309905	0.9695507768263	0.9710122653723349	0.9744268738067722	0.9741167253459874	0.9677682579947289	0.9724653001279261	0.9710693736787551	0.9738035858508131	0.956596978720504	0.9746320062373038	0.9727915607146305	0.9740647447191328	0.9737511010059194
0.9736933348333502	0.974603852855913	0.9944486094525732	0.9995318101335253	0.975021593005216	0.9742721698209217	1.0	0.9711348940177861	0.9752576680403559	0.9709983011798509	0.9725619089048655	0.9710304902628107	0.9723137257522427	0.9746081792175856	0.9733882884997621	0.9744564973043663	0.9755280519043927	0.9742686700998963	0.9715330585589433	0.9732814478256478	0.9871999478739101	0.972645117343825	0.9737394530011214	0.9726227984513913	0.9723604975155556	0.972888074544375	0.9723948252819126	0.9736291176416629	0.9724046633199069	0.9731833745072924	0.9723731224588895
0.9649111400479609	0.9695621144626513	0.97070022353061	0.9639065526312784	0.9646289595201994	0.9643725008238017	0.9711348940177861	1.0	0.9729991571373059	0.960024607317263	0.9725430486360525	0.9682253639753168	0.9722662713222929	0.9699625379168861	0.9705540261333759	0.9672663859864825	0.9734935774882981	0.9694612286654187	0.9671580511758503	0.9678026670563299	0.9722199111063777	0.9718935190508224	0.9662221992118061	0.9681202077138252	0.9700618736075747	0.9705540261333759	0.962271157422023	0.9735381534185501	0.9721734844749622	0.9744170535322079	0.9771196560068595
0.9731799525864187	0.9853020976069465	0.9744476925261385	0.9744619882471667	0.9752898815098596	0.9753899215860105	0.9752576680403559	0.9729991571373059	1.0	0.9731130319314938	0.9739582275877695	0.971288333058041	0.9732727312364575	0.9741761173730337	0.9740681978859087	0.9845638534590694	0.9946786654404508	0.9848961353595163	0.9726387908755809	0.9731728791021326	0.9738036994115403	0.9735236811592949	0.9741891682045162	0.9749670260375426	0.9724692262945	0.9722576006478254	0.9719310816050057	0.9728288427447518	0.972796902731401	0.9743261218278156	0.9730515463370703
0.9617875796327389	0.9697414726859658	0.9685548846943511	0.9580751699311266	0.956054211206137	0.9565362246407465	0.9709983011798509	0.960024607317263	0.9731130319314938	1.0	0.9724769192995296	0.9732701295573924	0.9725838084904662	0.9688556430954538	0.9704900322303148	0.9688556430954538	0.9732178481675	0.9722081439795112	0.966367214002316	0.9714987117583436	0.9706603438576439	0.9724233422428691	0.9646401680369516	0.9865913376721175	0.9676354206273707	0.9695662388576108	0.9587785771651322	0.9733223268304537	0.9731654823846868	0.9717186580329535	0.9716638113373676
0.9755893765726412	0.9736939209763265	0.9738590827743235	0.9726646298463433	0.995804802027282	0.9747340887574986	0.9725619089048655	0.9725430486360525	0.9739582275877695	0.9724769192995296	1.0	0.9971234759401938	0.9988984946781372	0.9742846728761597	0.9748000127898883	0.9732533177798315	0.973419023836321	0.9728108869285935	0.9732698654547726	0.9729181299340836	0.9708160662862019	0.9720422130456702	0.9741078637719448	0.9737427622680905	0.9737810736222463	0.9731172986023574	0.9722795100231689	0.9790003448135751	0.9724711242232466	0.9737786431887457	0.9721541203973738
0.9708099053732859	0.9685566112967559	0.9692047998402866	0.9660330796687553	0.9915754766252567	0.9704355699964948	0.9710304902628107	0.9682253639753168	0.971288333058041	0.9732701295573924	0.9971234759401938	1.0	0.9971067798567019	0.969797587110015	0.9695937469425895	0.9719214974716507	0.9719420805679642	0.9703956128286264	0.9678825602594816	0.970843646175564	0.9700162510305069	0.9716894110781497	0.9683794281516418	0.9693899592632087	0.9681810971779279	0.9693998585949295	0.9729087271563462	0.977238321485224	0.9717256276088639	0.972653322849899	0.9708078354896092
0.9748605670989688	0.9722614617740968	0.9735607270005215	0.9720845117392652	0.9949349870983288	0.9740126807409751	0.9723137257522427	0.9722662713222929	0.9732727312364575	0.9725838084904662	0.9988984946781372	0.9971067798567019	1.0	0.9737749462626492	0.9740681978859087	0.9724932077990568	0.9732552006128216	0.9717893805742269	0.9724130934672641	0.9725137221580139	0.9708148166884618	0.9717029970231026	0.9735329590328997	0.9734848742733623	0.97346682418015	0.9720559285989634	0.9720476412020338	0.9784960231146963	0.9729131586636895	0.973685375378807	0.9724091130453435
0.9700589407939159	0.972387950971369	0.9736646700240714	0.9682729330248148	0.972719341561724	0.9725199054143214	0.9746081792175856	0.9699625379168861	0.9741761173730337	0.9688556430954538	0.9742846728761597	0.969797587110015	0.9737749462626492	1.0	0.972806532249815	0.9695280185011198	0.974857586726241	0.9713370011870235	0.9680500569696514	0.9695476808895332	0.9729574137394205	0.9730325920641331	0.9708117707024662	0.9704547113214815	0.9703325133014576	0.9722343894582917	0.967761830744134	0.9740671977518727	0.9729950246841824	0.9747153026646198	0.9738482561616005
0.9728331279811033	0.9714659061985613	0.9722343164729615	0.9696090664982189	0.9748189132039677	0.9738035858508131	0.9733882884997621	0.9705540261333759	0.9740681978859087	0.9704900322303148	0.9748000127898883	0.9695937469425895	0.9740681978859087	0.972806532249815	1.0	0.9701866895641248	0.9747011853611723	0.9700246996747764	0.9716878355274041	0.970569825764681	0.9730429159147195	0.9730429159147195	0.9722224958160349	0.9718540705423662	0.9702221190841784	0.9733882884997621	0.9694441760065807	0.9737979407735055	0.9730776191143673	0.9740008442300878	0.9741689671226229
0.9664452185017056	0.9961181266715284	0.9726547183414689	0.9675595028457927	0.9696900117400183	0.9686410766529372	0.9744564973043663	0.9672663859864825	0.9845638534590694	0.9688556430954538	0.9732533177798315	0.9719214974716507	0.9724932077990568	0.9695280185011198	0.9701866895641248	1.0	0.9850357288786535	0.9980878082093905	0.9670868467607411	0.971465110333187	0.9732928343434815	0.9743419899513912	0.9660112341827456	0.9697490700401081	0.9668467187334135	0.9699248292821931	0.9670906802037498	0.9728154282993308	0.9724121497662732	0.9724932077990568	0.9722901813692028
0.9732660823821867	0.985612003457766	0.9749301814515661	0.9749249422419268	0.975021593005216	0.9749879006977366	0.9755280519043927	0.9734935774882981	0.9946786654404508	0.9732178481675	0.973419023836321	0.9719420805679642	0.9732552006128216	0.974857586726241	0.9747011853611723	0.9850357288786535	1.0	0.9855362849450082	0.9724130934672641	0.9720667188658638	0.9729515136774728	0.9734523877117327	0.9747526706549016	0.9749316691153805	0.972396780981574	0.9721905159882683	0.972852027523995	0.9729383723132586	0.9726611819432032	0.9727829207211145	0.9720913400005543
0.9707169826054517	0.9959889729189473	0.9716818459573654	0.9692002878909838	0.971988160467858	0.9714663356309905	0.9742686700998963	0.9694612286654187	0.9848961353595163	0.9722081439795112	0.9728108869285935	0.9703956128286264	0.9717893805742269	0.9713370011870235	0.9700246996747764	0.9980878082093905	0.9855362849450082	1.0	0.969034220928452	0.9718408834480536	0.9729147458368426	0.973326887340652	0.9694779101645915	0.9710666565191333	0.9675553937676061	0.9693755108140584	0.9702535958787717	0.9719322070086444	0.971320796434684	0.972356947162834	0.9714656996570996
0.9692901199857674	0.9694091580514623	0.9705485685219669	0.9664339703777544	0.9693708745290015	0.9695507768263	0.9715330585589433	0.9671580511758503	0.9726387908755809	0.966367214002316	0.9732698654547726	0.9678825602594816	0.9724130934672641	0.9680500569696514	0.9716878355274041	0.9670868467607411	0.9724130934672641	0.969034220928452	1.0	0.9689082685610475	0.9719186230074577	0.9704283914839459	0.9689094524787201	0.9685824436076966	0.9701057191726876	0.97267625481928	0.9664744608114137	0.9727510530901933	0.9728629279702805	0.9749183958728683	0.9733799681202396
0.9709949542609522	0.9701347984763546	0.9707656479312071	0.9666325601721966	0.9700060287677031	0.9710122653723349	0.9732814478256478	0.9678026670563299	0.9731728791021326	0.9714987117583436	0.9729181299340836	0.970843646175564	0.9725137221580139	0.9695476808895332	0.970569825764681	0.971465110333187	0.9720667188658638	0.9718408834480536	0.9689082685610475	1.0	0.9717652537706752	0.9722164060482987	0.9698977856321658	0.9696824497428846	0.9689590341107048	0.9727716554872886	0.9720476412020338	0.9728815733007393	0.9736407420250416	0.9734975013868398	0.9733536256502628
0.9733090616815558	0.973177159795722	0.9875166121480083	0.9861020695337077	0.9737861003302541	0.9744268738067722	0.9871999478739101	0.9722199111063777	0.9738036994115403	0.9706603438576439	0.9708160662862019	0.9700162510305069	0.9708148166884618	0.9729574137394205	0.9730429159147195	0.9732928343434815	0.9729515136774728	0.9729147458368426	0.9719186230074577	0.9717652537706752	1.0	0.9713952186860642	0.9733668125651745	0.9730379552823665	0.9710642768386035	0.9718190470034663	0.9721637829967981	0.9725874038103486	0.9699375535485386	0.9714002327787626	0.9708421529749661
0.9728766844299052	0.9730379552823665	0.9728196506695439	0.9714938179330157	0.9738559859698088	0.9741167253459874	0.972645117343825	0.9718935190508224	0.9735236811592949	0.9724233422428691	0.9720422130456702	0.9716894110781497	0.9717029970231026	0.9730325920641331	0.9730429159147195	0.9743419899513912	0.9734523877117327	0.973326887340652	0.9704283914839459	0.9722164060482987	0.9713952186860642	1.0	0.9712147885240462	0.9732621843614196	0.9702995912456314	0.9701462839561168	0.9735259680866759	0.9725231811648728	0.9706682669993835	0.9721062074200788	0.970735032390199
0.9668148609280359	0.9710362887237731	0.9733668125651745	0.9668880305519886	0.9688861793952549	0.9677682579947289	0.9737394530011214	0.9662221992118061	0.9741891682045162	0.9646401680369516	0.9741078637719448	0.9683794281516418	0.9735329590328997	0.9708117707024662	0.9722224958160349	0.9660112341827456	0.9747526706549016	0.9694779101645915	0.9689094524787201	0.9698977856321658	0.9733668125651745	0.9712147885240462	1.0	0.9704036703063758	0.9714365381104384	0.9730319450910222	0.9644046207221465	0.9742297442094895	0.9743511689234303	0.9759667099547154	0.9761201098743479
0.9690950224641413	0.9715021016707072	0.9717761850983921	0.9668790885041167	0.9700845527325118	0.9724653001279261	0.9726227984513913	0.9681202077138252	0.9749670260375426	0.9865913376721175	0.9737427622680905	0.9693899592632087	0.9734848742733623	0.9704547113214815	0.9718540705423662	0.9697490700401081	0.9749316691153805	0.9710666565191333	0.9685824436076966	0.9696824497428846	0.9730379552823665	0.9732621843614196	0.9704036703063758	1.0	0.9691794046110996	0.9722022563802946	0.9695071637593841	0.973373720369541	0.9736692888503137	0.9736324896742254	0.9737427622680905
0.9702954955039846	0.968509910229158	0.9706841930072934	0.9683199388559511	0.9719141267553436	0.9710693736787551	0.9723604975155556	0.9700618736075747	0.9724692262945	0.9676354206273707	0.9737810736222463	0.9681810971779279	0.97346682418015	0.9703325133014576	0.9702221190841784	0.9668467187334135	0.972396780981574	0.9675553937676061	0.9701057191726876	0.9689590341107048	0.9710642768386035	0.9702995912456314	0.9714365381104384	0.9691794046110996	1.0	0.9719586750719172	0.9675619481003195	0.9736068663935322	0.9738851509278297	0.9865308341914341	0.973988895622987
0.9735231083096025	0.9706878339900938	0.9727172700641253	0.9716213051588024	0.9739257214789705	0.9738035858508131	0.972888074544375	0.9705540261333759	0.9722576006478254	0.9695662388576108	0.9731172986023574	0.9693998585949295	0.9720559285989634	0.9722343894582917	0.9733882884997621	0.9699248292821931	0.9721905159882683	0.9693755108140584	0.97267625481928	0.9727716554872886	0.9718190470034663	0.9701462839561168	0.9730319450910222	0.9722022563802946	0.9719586750719172	1.0	0.971043251872779	0.9726241047142741	0.9740817479894734	0.9747091562508248	0.9732800439406586
0.9646981564905533	0.9687430825692422	0.9695071637593841	0.9625066437831696	0.9564164028412367	0.956596978720504	0.9723948252819126	0.962271157422023	0.9719310816050057	0.9587785771651322	0.9722795100231689	0.9729087271563462	0.9720476412020338	0.967761830744134	0.9694441760065807	0.9670906802037498	0.972852027523995	0.9702535958787717	0.9664744608114137	0.9720476412020338	0.9721637829967981	0.9735259680866759	0.9644046207221465	0.9695071637593841	0.9675619481003195	0.971043251872779	1.0	0.9734146124118543	0.9714606033305068	0.9729087271563462	0.9737475396376165
0.9748605670989688	0.9727929004073103	0.9741547213331596	0.9729508419428947	0.9782869542794186	0.9746320062373038	0.9736291176416629	0.9735381534185501	0.9728288427447518	0.9733223268304537	0.9790003448135751	0.977238321485224	0.9784960231146963	0.9740671977518727	0.9737979407735055	0.9728154282993308	0.9729383723132586	0.9719322070086444	0.9727510530901933	0.9728815733007393	0.9725874038103486	0.9725231811648728	0.9742297442094895	0.973373720369541	0.9736068663935322	0.9726241047142741	0.9734146124118543	1.0	0.9738766963336125	0.9742140631688688	0.9740917895208022
0.973394849850131	0.9722971633701989	0.9737599352645319	0.9723758686426126	0.9747510713714861	0.9727915607146305	0.9724046633199069	0.9721734844749622	0.972796902731401	0.9731654823846868	0.9724711242232466	0.9717256276088639	0.9729131586636895	0.9729950246841824	0.9730776191143673	0.9724121497662732	0.9726611819432032	0.971320796434684	0.9728629279702805	0.9736407420250416	0.9699375535485386	0.9706682669993835	0.9743511689234303	0.9736692888503137	0.9738851509278297	0.9740817479894734	0.9714606033305068	0.9738766963336125	1.0	0.9738223877895441	0.9724662109701927
0.9757889577359695	0.9730379552823665	0.9745770584825124	0.9736754247862435	0.9752898815098596	0.9740647447191328	0.9731833745072924	0.9744170535322079	0.9743261218278156	0.9717186580329535	0.9737786431887457	0.972653322849899	0.973685375378807	0.9747153026646198	0.9740008442300878	0.9724932077990568	0.9727829207211145	0.972356947162834	0.9749183958728683	0.9734975013868398	0.9714002327787626	0.9721062074200788	0.9759667099547154	0.9736324896742254	0.9865308341914341	0.9747091562508248	0.9729087271563462	0.9742140631688688	0.9738223877895441	1.0	0.9748892342466455
0.9747374940261013	0.97314241463313	0.9730572892115116	0.9718326750211689	0.9732926413199016	0.9737511010059194	0.9723731224588895	0.9771196560068595	0.9730515463370703	0.9716638113373676	0.9721541203973738	0.9708078354896092	0.9724091130453435	0.9738482561616005	0.9741689671226229	0.9722901813692028	0.9720913400005543	0.9714656996570996	0.9733799681202396	0.9733536256502628	0.9708421529749661	0.970735032390199	0.9761201098743479	0.9737427622680905	0.973988895622987	0.9732800439406586	0.9737475396376165	0.9740917895208022	0.9724662109701927	0.9748892342466455	1.0
