/home/jshaw/scratch/2022_sketched_distance/references/SGB_genome_fastas_part4/8018/BackhedF_2015__SID203_B__bin.2.fa	/home/jshaw/scratch/2022_sketched_distance/references/SGB_genome_fastas_part4/8018/BritoIL_2016__M1.1.ST__bin.108.fa	/home/jshaw/scratch/2022_sketched_distance/references/SGB_genome_fastas_part4/8018/BritoIL_2016__W2.39.ST__bin.55.fa	/home/jshaw/scratch/2022_sketched_distance/references/SGB_genome_fastas_part4/8018/ChengpingW_2017__AS10raw__bin.39.fa	/home/jshaw/scratch/2022_sketched_distance/references/SGB_genome_fastas_part4/8018/ChengpingW_2017__AS37raw__bin.3.fa	/home/jshaw/scratch/2022_sketched_distance/references/SGB_genome_fastas_part4/8018/CM_madagascar__A13_03_1FE__bin.27.fa	/home/jshaw/scratch/2022_sketched_distance/references/SGB_genome_fastas_part4/8018/CM_madagascar__A20_03_1FE__bin.9.fa	/home/jshaw/scratch/2022_sketched_distance/references/SGB_genome_fastas_part4/8018/CM_madagascar__A53_01_1FE__bin.2.fa	/home/jshaw/scratch/2022_sketched_distance/references/SGB_genome_fastas_part4/8018/CM_madagascar__A68_01_1FE__bin.24.fa	/home/jshaw/scratch/2022_sketched_distance/references/SGB_genome_fastas_part4/8018/CM_madagascar__A69_02_1FE__bin.22.fa	/home/jshaw/scratch/2022_sketched_distance/references/SGB_genome_fastas_part4/8018/DavidLA_2015__LD-Run1-07__bin.4.fa	/home/jshaw/scratch/2022_sketched_distance/references/SGB_genome_fastas_part4/8018/DavidLA_2015__LD-Run1-10__bin.2.fa	/home/jshaw/scratch/2022_sketched_distance/references/SGB_genome_fastas_part4/8018/FerrettiP_2018__CA_C10023IS2397FE_t3M15__bin.1.fa	/home/jshaw/scratch/2022_sketched_distance/references/SGB_genome_fastas_part4/8018/FerrettiP_2018__CA_C10026IS2444FE_t1M15__bin.4.fa	/home/jshaw/scratch/2022_sketched_distance/references/SGB_genome_fastas_part4/8018/FerrettiP_2018__CA_C10026IS2449FE_t2M15__bin.2.fa	/home/jshaw/scratch/2022_sketched_distance/references/SGB_genome_fastas_part4/8018/FerrettiP_2018__CA_C10042IS2731FE_t2M16__bin.6.fa	/home/jshaw/scratch/2022_sketched_distance/references/SGB_genome_fastas_part4/8018/HeQ_2017__RSZAXPI003093-124__bin.8.fa	/home/jshaw/scratch/2022_sketched_distance/references/SGB_genome_fastas_part4/8018/HeQ_2017__RSZAXPI003108-148__bin.2.fa	/home/jshaw/scratch/2022_sketched_distance/references/SGB_genome_fastas_part4/8018/HeQ_2017__SZAXPI029486-84__bin.3.fa	/home/jshaw/scratch/2022_sketched_distance/references/SGB_genome_fastas_part4/8018/HeQ_2017__SZAXPI029500-102__bin.41.fa	/home/jshaw/scratch/2022_sketched_distance/references/SGB_genome_fastas_part4/8018/HeQ_2017__SZAXPI029502-105__bin.12.fa	/home/jshaw/scratch/2022_sketched_distance/references/SGB_genome_fastas_part4/8018/HeQ_2017__SZAXPI029553-32__bin.14.fa	/home/jshaw/scratch/2022_sketched_distance/references/SGB_genome_fastas_part4/8018/HeQ_2017__SZAXPI029564-74__bin.65.fa	/home/jshaw/scratch/2022_sketched_distance/references/SGB_genome_fastas_part4/8018/LiJ_2014__O2.CD3-0-PT__bin.22.fa	/home/jshaw/scratch/2022_sketched_distance/references/SGB_genome_fastas_part4/8018/QinJ_2012__DOF010__bin.10.fa	/home/jshaw/scratch/2022_sketched_distance/references/SGB_genome_fastas_part4/8018/QinJ_2012__NLM002__bin.2.fa	/home/jshaw/scratch/2022_sketched_distance/references/SGB_genome_fastas_part4/8018/QinJ_2012__NOM028__bin.3.fa	/home/jshaw/scratch/2022_sketched_distance/references/SGB_genome_fastas_part4/8018/QinJ_2012__T2D-052__bin.31.fa	/home/jshaw/scratch/2022_sketched_distance/references/SGB_genome_fastas_part4/8018/QinN_2014__LD-62__bin.17.fa	/home/jshaw/scratch/2022_sketched_distance/references/SGB_genome_fastas_part4/8018/QinN_2014__LD-69__bin.10.fa	/home/jshaw/scratch/2022_sketched_distance/references/SGB_genome_fastas_part4/8018/VogtmannE_2016__MMRS51728985ST-27-0-0__bin.2.fa	/home/jshaw/scratch/2022_sketched_distance/references/SGB_genome_fastas_part4/8018/XieH_2016__YSZC12003_36697__bin.20.fa	/home/jshaw/scratch/2022_sketched_distance/references/SGB_genome_fastas_part4/8018/XieH_2016__YSZC12003_37276__bin.66.fa	/home/jshaw/scratch/2022_sketched_distance/references/SGB_genome_fastas_part4/8018/XieH_2016__YSZC12003_37277__bin.37.fa	/home/jshaw/scratch/2022_sketched_distance/references/SGB_genome_fastas_part4/8018/YuJ_2015__SZAXPI003412-1__bin.83.fa	/home/jshaw/scratch/2022_sketched_distance/references/SGB_genome_fastas_part4/8018/YuJ_2015__SZAXPI003434-7__bin.5.fa	/home/jshaw/scratch/2022_sketched_distance/references/SGB_genome_fastas_part4/8018/YuJ_2015__SZAXPI015214-19__bin.22.fa	/home/jshaw/scratch/2022_sketched_distance/references/SGB_genome_fastas_part4/8018/YuJ_2015__SZAXPI015219-129__bin.21.fa	/home/jshaw/scratch/2022_sketched_distance/references/SGB_genome_fastas_part4/8018/YuJ_2015__SZAXPI015257-56__bin.40.fa	/home/jshaw/scratch/2022_sketched_distance/references/SGB_genome_fastas_part4/8018/YuJ_2015__SZAXPI017451-16__bin.7.fa	/home/jshaw/scratch/2022_sketched_distance/references/SGB_genome_fastas_part4/8018/YuJ_2015__SZAXPI017452-17__bin.9.fa	/home/jshaw/scratch/2022_sketched_distance/references/SGB_genome_fastas_part4/8018/ZeeviD_2015__PNP_Main_226__bin.19.fa	/home/jshaw/scratch/2022_sketched_distance/references/SGB_genome_fastas_part4/8018/ZeeviD_2015__PNP_Main_40__bin.41.fa	/home/jshaw/scratch/2022_sketched_distance/references/SGB_genome_fastas_part4/8018/ZeeviD_2015__PNP_Main_99__bin.11.fa	/home/jshaw/scratch/2022_sketched_distance/references/SGB_genome_fastas_part4/8018/ZellerG_2014__CCIS59903910ST-4-0__bin.16.fa	/home/jshaw/scratch/2022_sketched_distance/references/SGB_genome_fastas_part4/8018/ZellerG_2014__CCIS93040568ST-20-0__bin.13.fa
1.0	0.9626150151055746	0.995826288628888	0.9941752456870319	0.9934332216900102	0.9635381109877215	0.9634419167821722	0.9631894610104472	0.9640804315464359	0.9636152882324005	0.9923953774617016	0.992504371697203	0.9919625073082656	0.9920399892837749	0.9915009662099694	0.9928853558987805	0.9897976953442728	0.9915059219362552	0.991422565450539	0.9940845706783831	0.9915296945799299	0.9930697789722082	0.9923093989475611	0.9926613068704524	0.9916981872408481	0.994606240177929	0.9941359206852467	0.9913331895967606	0.9925022138383185	0.9910745725589128	0.9913593272235848	0.9681904284593837	0.9926786970505291	0.9925002713032568	0.9928731269986188	0.9923951479162686	0.9910709099439554	0.9925111786428875	0.9927064363093696	0.9923424617947135	0.993845744766518	0.9922219374779153	0.9599218942538843	0.9904549239410183	0.9924066816121381	0.9902659281851267
0.9626150151055746	1.0	0.9629690755846904	0.9602987818432523	0.9630537998346951	0.9910474041978165	0.9911789197772412	0.9955957199997557	0.9958580546347559	0.9917256395996473	0.9553791655091772	0.9574627468920207	0.9633635855302836	0.9644547094190314	0.9647513391806273	0.9642154191424859	0.9543358025048553	0.9648692291411058	0.956658740297242	0.9595022903949298	0.9639137789718684	0.9633635855302836	0.9629914823685088	0.9638531096563807	0.9643352869459656	0.9622557428222354	0.9587804834409468	0.9638531096563807	0.9649280124672686	0.9649280124672686	0.9642754089214767	0.9739835105273214	0.9653365152137341	0.9586376008034808	0.9555570880532004	0.9628664833056232	0.9576494595743824	0.9646330154545938	0.9632400296942774	0.9642154191424859	0.9616540530401264	0.9647513391806273	0.9622340783911532	0.9557508648734515	0.9629290436856163	0.9628664833056232
0.995826288628888	0.9629690755846904	1.0	0.9824704344250311	0.9944918529209218	0.9639558070593126	0.9639558070593126	0.9632541061674653	0.9632541061674653	0.9640943265878877	0.9859644808814195	0.9848163006818551	0.9953520519368518	0.9941083822924015	0.9949247412930922	0.9960349049030082	0.9746155466397034	0.9966530033085421	0.9827049339663426	0.9915906489804306	0.99503208613506	0.9952457392040989	0.9936087365507562	0.9946548490949718	0.9953520519368518	0.9917685345036643	0.9804480379312289	0.9947090035614043	0.9959828736058054	0.995458025102091	0.9960868547867853	0.9754043511709539	0.9959828736058054	0.9870738985471185	0.980614512215811	0.9952989381546382	0.9891224745892802	0.9961905113472403	0.9939979992851978	0.9953520519368518	0.9921214596848139	0.9954050808275255	0.9613544696624954	0.9772044800745775	0.9952457392040989	0.9944373422822484
0.9941752456870319	0.9602987818432523	0.9824704344250311	1.0	0.9925528553262442	0.9599152327510488	0.9601075818775681	0.9605834573962403	0.9606777895378936	0.9607718446119271	0.9857398500975323	0.9890083990686053	0.9942761533635559	0.9929047655673847	0.9934257134298273	0.9952360787119071	0.9718389948565017	0.9957540374099247	0.9855216300242051	0.9894388345664153	0.9937002368927726	0.993044488534972	0.9959462066612674	0.9935632596031546	0.9947430361953911	0.9903589141434058	0.9810299368267634	0.9942425515979523	0.9952034362453007	0.9950069039986951	0.9943767547430804	0.970571443874983	0.994875232539663	0.9849027863670825	0.9795766588334525	0.9945104167085311	0.9905474108666683	0.9946103106938037	0.9949411336148628	0.9950069039986951	0.9936318190592723	0.9952686890911526	0.9564546771378699	0.9779713708535304	0.9940063803915729	0.993252973364349
0.9934332216900102	0.9630537998346951	0.9944918529209218	0.9925528553262442	1.0	0.9637204271410773	0.9636242147341125	0.9629443577719811	0.963958000703151	0.9637369569845637	0.9909663195394871	0.9913038468634786	0.9954163326972153	0.9950870488572239	0.9954572643336865	0.9960853330755002	0.9890448119574746	0.9953958479284951	0.990851051944951	0.9925307062141147	0.9954777112330997	0.99598483201162	0.993083525532642	0.994900380064792	0.995107725132147	0.9954043404884123	0.993251333641366	0.9963850239488317	0.9951903015919774	0.9969373136433775	0.9956204878475602	0.9725951388820626	0.9955797571725007	0.9923099056247293	0.9926832918047522	0.994900380064792	0.9910163550682118	0.9952315128654774	0.9944185080490604	0.9966228446739127	0.9935177013451137	0.9955593730732692	0.9594791766608063	0.9926316312603336	0.9945659075575968	0.9948587550404466
0.9635381109877215	0.9910474041978165	0.9639558070593126	0.9599152327510488	0.9637204271410773	1.0	0.9996986598701573	0.9926185249721465	0.9930395526455846	0.991111927780873	0.9558615926193447	0.9583738867644058	0.9639017144162967	0.9645578193433161	0.9649101300922552	0.9643207824249662	0.955030483743215	0.9650848487053889	0.95809542379619	0.9604035571595799	0.9643802057103592	0.964201605268593	0.9637809699687822	0.96414185056473	0.9649684751407689	0.9633268068867576	0.9588927529415423	0.9645578193433161	0.9649684751407689	0.9649684751407689	0.9646168065074502	0.9746635892485968	0.9654314648215293	0.9595216052150981	0.9571873160543969	0.9639619169030379	0.959212390443494	0.9646168065074502	0.9637809699687822	0.9643207824249662	0.9626733415522674	0.9650267145490813	0.9632934016331787	0.9565071202168142	0.9633547540129141	0.963415989397188
0.9634419167821722	0.9911789197772412	0.9639558070593126	0.9601075818775681	0.9636242147341125	0.9996986598701573	1.0	0.9926440628336338	0.9931900742772164	0.991111927780873	0.9557656899041425	0.9583738867644058	0.9637451744315132	0.9644615233358411	0.964813798912064	0.9641649826832224	0.954800604116086	0.9649885000822777	0.9582705468055691	0.9602404085847217	0.964224510081919	0.9641053448235204	0.9636847515175632	0.9639857360483812	0.9648721381357374	0.9633925764754856	0.9588927529415423	0.9644024336524099	0.9648721381357374	0.9648721381357374	0.9644615233358411	0.9746955773540443	0.9653350815942218	0.9594342965489657	0.9571873160543969	0.9636847515175632	0.9593573306282003	0.9645793778816204	0.9637451744315132	0.9642839274348267	0.9626397752669771	0.9648721381357374	0.9631972318580299	0.9564001761116222	0.9633198073835689	0.9633198073835689
0.9631894610104472	0.9955957199997557	0.9632541061674653	0.9605834573962403	0.9629443577719811	0.9926185249721465	0.9926440628336338	1.0	0.9991533162840276	0.9932184677941489	0.9560525364155416	0.9591138076859588	0.9637341968971631	0.9645050813853847	0.9649126409647003	0.9643288190208814	0.956265989496255	0.9654291706023542	0.9572051044868917	0.9594949274868069	0.9641515847946045	0.9634327072696268	0.9633720682330827	0.9642107715272903	0.9643876805911945	0.9628626082951212	0.9588927529415423	0.9650857406103951	0.9652579138140713	0.9653151007436792	0.9644464345796765	0.9740253526380132	0.965542837552512	0.9596955108112023	0.95661461368707	0.9630671433136079	0.9585519024107291	0.9647967214842693	0.9634327072696268	0.9642698494674348	0.9618812635440388	0.9653721862180022	0.9623859342894557	0.9570365261027941	0.9631283604159854	0.9628211007326203
0.9640804315464359	0.9958580546347559	0.9632541061674653	0.9606777895378936	0.963958000703151	0.9930395526455846	0.9931900742772164	0.9991533162840276	1.0	0.9934890799795476	0.9562423429572768	0.9582238240122467	0.964625671325319	0.9653972688979268	0.965747244397973	0.9652208434870243	0.9553722204791215	0.9662651758207755	0.9572952623265641	0.9603939552363546	0.9650434453153556	0.9644449503398322	0.9641414724949431	0.964924634036121	0.9652208434870243	0.9629959228101579	0.9588927529415423	0.9652797595055296	0.9662651758207755	0.9660934559669614	0.9652797595055296	0.9751873725555856	0.9663222129168831	0.9595216052150981	0.95672997979014	0.9640804315464359	0.9586998616187792	0.9658052054784363	0.9643239028135279	0.9653385678426882	0.9629613832991626	0.9660934559669614	0.963401213793508	0.95682581711164	0.9640192744326374	0.9638351015823123
0.9636152882324005	0.9917256395996473	0.9640943265878877	0.9607718446119271	0.9637369569845637	0.991111927780873	0.991111927780873	0.9932184677941489	0.9934890799795476	1.0	0.9565249502936053	0.9585976674461857	0.9645167687973537	0.9651621498402948	0.9655087937196098	0.9649874172325916	0.9554853225617054	0.9661347708373551	0.9582705468055691	0.9603457828223751	0.9651621498402948	0.9644574504049395	0.963978920784796	0.9644574504049395	0.9655087937196098	0.9633925764754856	0.9591161158380799	0.9653936601765468	0.9659085485089675	0.9656807254420806	0.9652201837786625	0.9743505914262438	0.9657948385060858	0.9596086761985174	0.9573006330177206	0.9640391280936215	0.9586998616187792	0.9653936601765468	0.9643384842492175	0.9646940701532244	0.9627504495308513	0.9658517437091692	0.9633705592771864	0.957557289618608	0.9639186004529798	0.9639186004529798
0.9923953774617016	0.9553791655091772	0.9859644808814195	0.9857398500975323	0.9909663195394871	0.9558615926193447	0.9557656899041425	0.9560525364155416	0.9562423429572768	0.9565249502936053	1.0	0.9802428961904953	0.9952522254808804	0.9947060180330591	0.9942977126411124	0.995901613599377	0.9865043626953824	0.9929195687891973	0.9808666222688843	0.9899446178561891	0.9945607713017252	0.9931634032389092	0.9905088169808715	0.995195151705945	0.9947928616356925	0.9881210200770901	0.9858065757561236	0.9905417067704965	0.9928276657672302	0.9953944818274739	0.9929806960013027	0.9702079997622662	0.9940029553695751	0.9902080512319645	0.9846628273799675	0.9938248341422506	0.9852003518152297	0.9933752950138552	0.9931026128058	0.9945898715983988	0.9876578747396678	0.9957053154362699	0.9544919383123625	0.9793671163610025	0.9938545875972953	0.9929195687891973
0.992504371697203	0.9574627468920207	0.9848163006818551	0.9890083990686053	0.9913038468634786	0.9583738867644058	0.9583738867644058	0.9591138076859588	0.9582238240122467	0.9585976674461857	0.9802428961904953	1.0	0.9941899137083858	0.9918695205475226	0.9923467976540367	0.9939148802346742	0.9721765125236356	0.9935868693177037	0.9823477162918824	0.98601060984212	0.9935615026521997	0.992504371697203	0.991385252566559	0.9913038468634786	0.9923204621838112	0.9864932703093986	0.982304533468823	0.9936375444376138	0.9933067615480793	0.9939901160544026	0.9942645283503952	0.9695701103888397	0.9939399778290112	0.9794782299099869	0.9804719734775327	0.9923204621838112	0.982583765128377	0.9934088932707329	0.9923204621838112	0.9932555773071007	0.9884982343052888	0.9937638940764418	0.9540516518714366	0.9829012022805255	0.992504371697203	0.9934852858701805
0.9919625073082656	0.9633635855302836	0.9953520519368518	0.9942761533635559	0.9954163326972153	0.9639017144162967	0.9637451744315132	0.9637341968971631	0.964625671325319	0.9645167687973537	0.9952522254808804	0.9941899137083858	1.0	0.9961470384730148	0.9967231552501847	0.995311253823437	0.9919217738102191	0.9923864291020409	0.9918603416560096	0.994788591577179	0.9972485763834049	0.9957960788372887	0.9934965838208958	0.9952276928332051	0.9942574190627108	0.9960389518247085	0.9951082551236069	0.9922420295630754	0.9941546691236998	0.9952812230143036	0.9968907171842517	0.9687522337931416	0.9942890958082654	0.9942261327156962	0.9939898313923373	0.9939173030865808	0.9914772252250057	0.9941763909322633	0.9936640637062946	0.9962315165562663	0.9946291557862053	0.9944642100712413	0.9599846424708003	0.9921720225921218	0.9934971938960835	0.9948574675445214
0.9920399892837749	0.9644547094190314	0.9941083822924015	0.9929047655673847	0.9950870488572239	0.9645578193433161	0.9644615233358411	0.9645050813853847	0.9653972688979268	0.9651621498402948	0.9947060180330591	0.9918695205475226	0.9961470384730148	1.0	0.9995092607360793	0.9942221477546084	0.9925765064580115	0.9907779392628636	0.9910107999719371	0.9950199818118336	0.995625272988335	0.9949956808392515	0.9922445816419305	0.9946241409937447	0.9933495162859339	0.9951321541194549	0.9941359206852467	0.9912912789564179	0.9920059528035376	0.9943922048125942	0.9955607490813694	0.9692222825437995	0.9934936843944662	0.9945548251410891	0.9936957059906389	0.9922349966701176	0.990659534975889	0.9923340354355407	0.9928478275709084	0.9953286483522756	0.9938690525945784	0.9928427763797373	0.9598590227432939	0.9905672332666423	0.992188185238182	0.9935342109008658
0.9915009662099694	0.9647513391806273	0.9949247412930922	0.9934257134298273	0.9954572643336865	0.9649101300922552	0.964813798912064	0.9649126409647003	0.965747244397973	0.9655087937196098	0.9942977126411124	0.9923467976540367	0.9967231552501847	0.9995092607360793	1.0	0.9945160918321093	0.9922871130377191	0.9903128475551333	0.9910744834939209	0.995318395838778	0.9957301788070934	0.9957583992477284	0.992481626711451	0.9947222341053957	0.9937118754936087	0.9954043404884123	0.9951450891613695	0.9918526369886973	0.992423310710768	0.9943536851957003	0.995675865752157	0.9682335305749759	0.9938937771707134	0.9952025929391627	0.9939532082045645	0.9928118930781664	0.9912611456798449	0.9925504153175029	0.9930086813609369	0.9957108485777075	0.9944464827514704	0.9930008596351176	0.9599846424708003	0.9912331848889301	0.9926237442716591	0.993214608481736
0.9928853558987805	0.9642154191424859	0.9960349049030082	0.9952360787119071	0.9960853330755002	0.9643207824249662	0.9641649826832224	0.9643288190208814	0.9652208434870243	0.9649874172325916	0.995901613599377	0.9939148802346742	0.995311253823437	0.9942221477546084	0.9945160918321093	1.0	0.9928276657672302	0.9935322458925514	0.9925367749837092	0.9953412399617475	0.9944611755074337	0.9968705923694792	0.9937248603086304	0.9974837649854676	0.9949406690778853	0.9965428118739533	0.9960170571969893	0.9929275981749219	0.9944717804813651	0.9966756655174449	0.9949341220109299	0.9698809789730525	0.9957533155796493	0.9962360324808027	0.9952115380355356	0.9950239325143421	0.9921962382225757	0.9942695956169744	0.9942874365912501	0.9968142376186374	0.9950140262315745	0.9950782973210577	0.9607893688626703	0.9918859788079532	0.9955400922100903	0.9948074524120484
0.9897976953442728	0.9543358025048553	0.9746155466397034	0.9718389948565017	0.9890448119574746	0.955030483743215	0.954800604116086	0.956265989496255	0.9553722204791215	0.9554853225617054	0.9865043626953824	0.9721765125236356	0.9919217738102191	0.9925765064580115	0.9922871130377191	0.9928276657672302	1.0	0.9895223127218963	0.9794825116223843	0.9871899079453593	0.991515182432781	0.9916265678868242	0.9878198888393126	0.9919217738102191	0.991515182432781	0.9843575161928543	0.978198153982829	0.9897584954306274	0.9901096293394838	0.9929347246712168	0.991403420322283	0.9685566112967559	0.9929703341543195	0.9906866768137381	0.9780078057219447	0.9903031014071463	0.9814093778576912	0.9909903611184214	0.9907247904133271	0.9925043950899569	0.9855823315405272	0.9916265678868242	0.9546850386690766	0.9746329191089771	0.9897584954306274	0.9908008859053179
0.9915059219362552	0.9648692291411058	0.9966530033085421	0.9957540374099247	0.9953958479284951	0.9650848487053889	0.9649885000822777	0.9654291706023542	0.9662651758207755	0.9661347708373551	0.9929195687891973	0.9935868693177037	0.9923864291020409	0.9907779392628636	0.9903128475551333	0.9935322458925514	0.9895223127218963	1.0	0.9928698745011448	0.9946955814993608	0.9923323727754502	0.993677464238513	0.9941563404439864	0.9931784261492288	0.9924160156303627	0.9960631193163069	0.9949234688574548	0.9941423338447732	0.9953149433605639	0.9914662059142642	0.9925209090215961	0.9689180223871107	0.9936275863506147	0.9938638015574157	0.9931746165453426	0.9934370108940592	0.9928483350369182	0.9951512748418709	0.9938796736454651	0.9928000177701123	0.9950590128573519	0.9934854777402604	0.9607893688626703	0.9932920881962133	0.9925252559373594	0.9915041610050502
0.991422565450539	0.956658740297242	0.9827049339663426	0.9855216300242051	0.990851051944951	0.95809542379619	0.9582705468055691	0.9572051044868917	0.9572952623265641	0.9582705468055691	0.9808666222688843	0.9823477162918824	0.9918603416560096	0.9910107999719371	0.9910744834939209	0.9925367749837092	0.9794825116223843	0.9928698745011448	1.0	0.9875174963790352	0.9922310192350505	0.9911062792772093	0.9951684951247538	0.9907226948774929	0.9917981560350962	0.9896110275620792	0.9817011340865314	0.9916734327691409	0.992839730899599	0.9921079211343057	0.9921079211343057	0.9705307558146754	0.9925975884800061	0.9827420282980632	0.9828147214406302	0.9915482371249933	0.9896110275620792	0.992930079465311	0.993348475809285	0.9917981560350962	0.9929601409292006	0.992990175114906	0.956566762655882	0.9810073640761249	0.9917046577293545	0.991201483434379
0.9940845706783831	0.9595022903949298	0.9915906489804306	0.9894388345664153	0.9925307062141147	0.9604035571595799	0.9602404085847217	0.9594949274868069	0.9603939552363546	0.9603457828223751	0.9899446178561891	0.98601060984212	0.994788591577179	0.9950199818118336	0.995318395838778	0.9953412399617475	0.9871899079453593	0.9946955814993608	0.9875174963790352	1.0	0.994788591577179	0.9940845706783831	0.9919539731962238	0.9935827027130969	0.9946023097771786	0.9909254845723453	0.9932123321313271	0.9931707840123017	0.99583987250597	0.9947188584896277	0.9943444511369841	0.9724270047872215	0.9971629070354966	0.9930337678255865	0.9898629252137361	0.994273776512291	0.9869850846843683	0.9966619523132537	0.9943444511369841	0.9945321833790016	0.9900806001003264	0.9952726603504853	0.9585193962699556	0.9858330121676107	0.9937747880997686	0.994179308626819
0.9915296945799299	0.9639137789718684	0.99503208613506	0.9937002368927726	0.9954777112330997	0.9643802057103592	0.964224510081919	0.9641515847946045	0.9650434453153556	0.9651621498402948	0.9945607713017252	0.9935615026521997	0.9972485763834049	0.995625272988335	0.9957301788070934	0.9944611755074337	0.991515182432781	0.9923323727754502	0.9922310192350505	0.994788591577179	1.0	0.9956072516711014	0.9933086346289588	0.9947222341053957	0.993938708139751	0.9961355164240184	0.9949605085648063	0.9924653894977199	0.9933771477270018	0.9952200333834826	0.9957825076359699	0.9690977001375084	0.9937229002480281	0.9936811390895736	0.9936587560104988	0.993262386273436	0.991206904290891	0.9938575195898619	0.9938405760747372	0.9958913131839531	0.994537945091328	0.9950066225377562	0.9602344121704527	0.9919935354021628	0.992897962221317	0.9947199216838537
0.9930697789722082	0.9633635855302836	0.9952457392040989	0.993044488534972	0.99598483201162	0.964201605268593	0.9641053448235204	0.9634327072696268	0.9644449503398322	0.9644574504049395	0.9931634032389092	0.992504371697203	0.9957960788372887	0.9949956808392515	0.9957583992477284	0.9968705923694792	0.9916265678868242	0.993677464238513	0.9911062792772093	0.9940845706783831	0.9956072516711014	1.0	0.992695658179142	0.9955158380490716	0.9958713099432086	0.9956987465137359	0.9945132778222951	0.993049329447628	0.9940566434582562	0.9975740518375165	0.9952646313150324	0.9710515234707615	0.9960212626051516	0.9944356774017592	0.9946422208529089	0.9952071823571152	0.9912611456798449	0.9944903399462736	0.9935970809607032	0.9972332000888877	0.9940549272594997	0.9958149026044633	0.9594154281048624	0.9912697914807403	0.9947245315750005	0.9955693569743762
0.9923093989475611	0.9629914823685088	0.9936087365507562	0.9959462066612674	0.993083525532642	0.9637809699687822	0.9636847515175632	0.9633720682330827	0.9641414724949431	0.963978920784796	0.9905088169808715	0.991385252566559	0.9934965838208958	0.9922445816419305	0.992481626711451	0.9937248603086304	0.9878198888393126	0.9941563404439864	0.9951684951247538	0.9919539731962238	0.9933086346289588	0.992695658179142	1.0	0.9922012994289454	0.9930563644674882	0.9963517654819705	0.9928197686961697	0.9927808846171676	0.9935589972457912	0.9938281045391133	0.9933714029671534	0.9705993372475625	0.993517401368015	0.9917645085737576	0.9914813550207254	0.9922229476155624	0.9949982708474547	0.993517401368015	0.9940745858025674	0.9934965838208958	0.9971074217830989	0.9940950433803474	0.9589655938025208	0.9904174024409366	0.992481626711451	0.9925245439143299
0.9926613068704524	0.9638531096563807	0.9946548490949718	0.9935632596031546	0.994900380064792	0.96414185056473	0.9639857360483812	0.9642107715272903	0.964924634036121	0.9644574504049395	0.995195151705945	0.9913038468634786	0.9952276928332051	0.9946241409937447	0.9947222341053957	0.9974837649854676	0.9919217738102191	0.9931784261492288	0.9907226948774929	0.9935827027130969	0.9947222341053957	0.9955158380490716	0.9922012994289454	1.0	0.9955731680353751	0.9958692849913781	0.9952920176752477	0.9922205928002822	0.993949296808994	0.9982147496281377	0.9947809509763818	0.9715174596748112	0.995990589091518	0.9952317384514107	0.9942087245188024	0.9942089506027598	0.9905766414866506	0.993586383196373	0.9933626290596471	0.9978601782406995	0.9937990798565493	0.9956875317456239	0.9599846424708003	0.9896194339773579	0.9945848223423368	0.9940294072132598
0.9916981872408481	0.9643352869459656	0.9953520519368518	0.9947430361953911	0.995107725132147	0.9649684751407689	0.9648721381357374	0.9643876805911945	0.9652208434870243	0.9655087937196098	0.9947928616356925	0.9923204621838112	0.9942574190627108	0.9933495162859339	0.9937118754936087	0.9949406690778853	0.991515182432781	0.9924160156303627	0.9917981560350962	0.9946023097771786	0.993938708139751	0.9958713099432086	0.9930563644674882	0.9955731680353751	1.0	0.9967800850479632	0.9951818823435333	0.9911862691927613	0.9926005788525605	0.996054936091968	0.9939951744585022	0.969789994779999	0.994251648941414	0.9953770831715134	0.994785469052114	0.9949685456966875	0.9911797501675641	0.993041265578668	0.9934074291226147	0.9954565381766136	0.9943317987929778	0.9938443832185856	0.9602344121704527	0.9912697914807403	0.9959339946304111	0.9930799542466785
0.994606240177929	0.9622557428222354	0.9917685345036643	0.9903589141434058	0.9954043404884123	0.9633268068867576	0.9633925764754856	0.9628626082951212	0.9629959228101579	0.9633925764754856	0.9881210200770901	0.9864932703093986	0.9960389518247085	0.9951321541194549	0.9954043404884123	0.9965428118739533	0.9843575161928543	0.9960631193163069	0.9896110275620792	0.9909254845723453	0.9961355164240184	0.9956987465137359	0.9963517654819705	0.9958692849913781	0.9967800850479632	1.0	0.9901478029429296	0.9958449759296342	0.9959421055518111	0.9965904022747979	0.9960147667285836	0.9751076489519893	0.9961355164240184	0.9887876427345651	0.9904791694182292	0.9959178497760485	0.9898938675332493	0.9961355164240184	0.9960631193163069	0.9963278072303156	0.9950824248529049	0.9966616602872773	0.9611476738784523	0.9859622059077665	0.9968509378252128	0.9951818089446796
0.9941359206852467	0.9587804834409468	0.9804480379312289	0.9810299368267634	0.993251333641366	0.9588927529415423	0.9588927529415423	0.9588927529415423	0.9588927529415423	0.9591161158380799	0.9858065757561236	0.982304533468823	0.9951082551236069	0.9941359206852467	0.9951450891613695	0.9960170571969893	0.978198153982829	0.9949234688574548	0.9817011340865314	0.9932123321313271	0.9949605085648063	0.9945132778222951	0.9928197686961697	0.9952920176752477	0.9951818823435333	0.9901478029429296	1.0	0.9937158034591633	0.9974899864893815	0.99616018389658	0.9944005210988691	0.9734989878922096	0.9972835231102745	0.9877046531206614	0.9788691388663123	0.9951082551236069	0.9864834338003083	0.9969714035549888	0.9944005210988691	0.9960886976680684	0.9904037005376228	0.9958372767462023	0.9588927529415423	0.9773869480177292	0.9942873794956144	0.9937542168467025
0.9913331895967606	0.9638531096563807	0.9947090035614043	0.9942425515979523	0.9963850239488317	0.9645578193433161	0.9644024336524099	0.9650857406103951	0.9652797595055296	0.9653936601765468	0.9905417067704965	0.9936375444376138	0.9922420295630754	0.9912912789564179	0.9918526369886973	0.9929275981749219	0.9897584954306274	0.9941423338447732	0.9916734327691409	0.9931707840123017	0.9924653894977199	0.993049329447628	0.9927808846171676	0.9922205928002822	0.9911862691927613	0.9958449759296342	0.9937158034591633	1.0	0.9938525057250371	0.9926268910626339	0.9923437438143111	0.9699213234453166	0.9929874131078394	0.9928151333871994	0.9924156794097428	0.9919555541127412	0.9919848226215738	0.9933440506003558	0.9931887124158996	0.9923234259711651	0.9945151031531778	0.993891296272902	0.9604822478986244	0.9972760589998372	0.9915419491954193	0.9919966314339077
0.9925022138383185	0.9649280124672686	0.9959828736058054	0.9952034362453007	0.9951903015919774	0.9649684751407689	0.9648721381357374	0.9652579138140713	0.9662651758207755	0.9659085485089675	0.9928276657672302	0.9933067615480793	0.9941546691236998	0.9920059528035376	0.992423310710768	0.9944717804813651	0.9901096293394838	0.9953149433605639	0.992839730899599	0.99583987250597	0.9933771477270018	0.9940566434582562	0.9935589972457912	0.993949296808994	0.9926005788525605	0.9959421055518111	0.9974899864893815	0.9938525057250371	1.0	0.993815563352813	0.9935875489561724	0.9704213888749879	0.9954836521558711	0.9955506605548043	0.9933989454121458	0.9938982245137079	0.9928999518058139	0.9966279255440886	0.9938601306278392	0.9937925857399595	0.9945835818063731	0.9947122468543396	0.9608504411789311	0.9931541355388668	0.9927023244048059	0.9930880652130532
0.9910745725589128	0.9649280124672686	0.995458025102091	0.9950069039986951	0.9969373136433775	0.9649684751407689	0.9648721381357374	0.9653151007436792	0.9660934559669614	0.9656807254420806	0.9953944818274739	0.9939901160544026	0.9952812230143036	0.9943922048125942	0.9943536851957003	0.9966756655174449	0.9929347246712168	0.9914662059142642	0.9921079211343057	0.9947188584896277	0.9952200333834826	0.9975740518375165	0.9938281045391133	0.9982147496281377	0.996054936091968	0.9965904022747979	0.99616018389658	0.9926268910626339	0.993815563352813	1.0	0.9946572221177	0.9688702237549266	0.9965843497335378	0.9963770547373794	0.9946780909645011	0.9941832559914551	0.9916919011897938	0.9936495435023094	0.9936640637062946	0.9992276132500579	0.9950365271715564	0.9939813396613423	0.9611540682141338	0.9921007432766096	0.9947564218051113	0.9931363265632215
0.9913593272235848	0.9642754089214767	0.9960868547867853	0.9943767547430804	0.9956204878475602	0.9646168065074502	0.9644615233358411	0.9644464345796765	0.9652797595055296	0.9652201837786625	0.9929806960013027	0.9942645283503952	0.9968907171842517	0.9955607490813694	0.995675865752157	0.9949341220109299	0.991403420322283	0.9925209090215961	0.9921079211343057	0.9943444511369841	0.9957825076359699	0.9952646313150324	0.9933714029671534	0.9947809509763818	0.9939951744585022	0.9960147667285836	0.9944005210988691	0.9923437438143111	0.9935875489561724	0.9946572221177	1.0	0.9693810652387468	0.9936275863506147	0.9932200262073564	0.9935476580957193	0.992949649900994	0.9918253691096515	0.9933446822858532	0.9935063702223147	0.9956565173071135	0.9945607713017252	0.9933185268374611	0.9609113972628323	0.9924556135761017	0.9930536440706971	0.994817352583477
0.9681904284593837	0.9739835105273214	0.9754043511709539	0.970571443874983	0.9725951388820626	0.9746635892485968	0.9746955773540443	0.9740253526380132	0.9751873725555856	0.9743505914262438	0.9702079997622662	0.9695701103888397	0.9687522337931416	0.9692222825437995	0.9682335305749759	0.9698809789730525	0.9685566112967559	0.9689180223871107	0.9705307558146754	0.9724270047872215	0.9690977001375084	0.9710515234707615	0.9705993372475625	0.9715174596748112	0.969789994779999	0.9751076489519893	0.9734989878922096	0.9699213234453166	0.9704213888749879	0.9688702237549266	0.9693810652387468	1.0	0.970767517209775	0.9718880182217502	0.9707708240915319	0.9693190775437898	0.9711966838171717	0.9707376075068872	0.9707166310053621	0.9702038318230362	0.973450066980207	0.969540878993207	0.9747931406997403	0.9678126347565036	0.9690988920355103	0.9678763274769698
0.9926786970505291	0.9653365152137341	0.9959828736058054	0.994875232539663	0.9955797571725007	0.9654314648215293	0.9653350815942218	0.965542837552512	0.9663222129168831	0.9657948385060858	0.9940029553695751	0.9939399778290112	0.9942890958082654	0.9934936843944662	0.9938937771707134	0.9957533155796493	0.9929703341543195	0.9936275863506147	0.9925975884800061	0.9971629070354966	0.9937229002480281	0.9960212626051516	0.993517401368015	0.995990589091518	0.994251648941414	0.9961355164240184	0.9972835231102745	0.9929874131078394	0.9954836521558711	0.9965843497335378	0.9936275863506147	0.970767517209775	1.0	0.9998988825706032	0.9940994587000029	0.9938218001619467	0.9919051919889592	0.9964618889872058	0.9940744724004411	0.9960170571969893	0.9947655030618058	0.9944011832244624	0.9609113972628323	0.992029309993335	0.9939316304220036	0.9936466710850891
0.9925002713032568	0.9586376008034808	0.9870738985471185	0.9849027863670825	0.9923099056247293	0.9595216052150981	0.9594342965489657	0.9596955108112023	0.9595216052150981	0.9596086761985174	0.9902080512319645	0.9794782299099869	0.9942261327156962	0.9945548251410891	0.9952025929391627	0.9962360324808027	0.9906866768137381	0.9938638015574157	0.9827420282980632	0.9930337678255865	0.9936811390895736	0.9944356774017592	0.9917645085737576	0.9952317384514107	0.9953770831715134	0.9887876427345651	0.9877046531206614	0.9928151333871994	0.9955506605548043	0.9963770547373794	0.9932200262073564	0.9718880182217502	0.9998988825706032	1.0	0.9854782682725942	0.9943759425488102	0.9870429939738453	0.996433296400774	0.9938638015574157	0.9958951152536132	0.9893144274812796	0.9947327476858207	0.9586376008034808	0.9816018413824724	0.9943759425488102	0.9931890558268305
0.9928731269986188	0.9555570880532004	0.980614512215811	0.9795766588334525	0.9926832918047522	0.9571873160543969	0.9571873160543969	0.95661461368707	0.95672997979014	0.9573006330177206	0.9846628273799675	0.9804719734775327	0.9939898313923373	0.9936957059906389	0.9939532082045645	0.9952115380355356	0.9780078057219447	0.9931746165453426	0.9828147214406302	0.9898629252137361	0.9936587560104988	0.9946422208529089	0.9914813550207254	0.9942087245188024	0.994785469052114	0.9904791694182292	0.9788691388663123	0.9924156794097428	0.9933989454121458	0.9946780909645011	0.9935476580957193	0.9707708240915319	0.9940994587000029	0.9854782682725942	1.0	0.997789958337704	0.9875883891793008	0.9932495618418231	0.9939532082045645	0.9943176312642124	0.9903159593138287	0.9941359206852467	0.9551966323882513	0.9759183321179424	0.9953874641493288	0.992835246977154
0.9923951479162686	0.9628664833056232	0.9952989381546382	0.9945104167085311	0.994900380064792	0.9639619169030379	0.9636847515175632	0.9630671433136079	0.9640804315464359	0.9640391280936215	0.9938248341422506	0.9923204621838112	0.9939173030865808	0.9922349966701176	0.9928118930781664	0.9950239325143421	0.9903031014071463	0.9934370108940592	0.9915482371249933	0.994273776512291	0.993262386273436	0.9952071823571152	0.9922229476155624	0.9942089506027598	0.9949685456966875	0.9959178497760485	0.9951082551236069	0.9919555541127412	0.9938982245137079	0.9941832559914551	0.992949649900994	0.9693190775437898	0.9938218001619467	0.9943759425488102	0.997789958337704	1.0	0.9916919011897938	0.9934756916218317	0.9932285867069097	0.993907426498868	0.9936821291668315	0.9936684204730766	0.9592234163965253	0.9913428832240394	0.9953908332347121	0.9927131430852393
0.9910709099439554	0.9576494595743824	0.9891224745892802	0.9905474108666683	0.9910163550682118	0.959212390443494	0.9593573306282003	0.9585519024107291	0.9586998616187792	0.9586998616187792	0.9852003518152297	0.982583765128377	0.9914772252250057	0.990659534975889	0.9912611456798449	0.9921962382225757	0.9814093778576912	0.9928483350369182	0.9896110275620792	0.9869850846843683	0.991206904290891	0.9912611456798449	0.9949982708474547	0.9905766414866506	0.9911797501675641	0.9898938675332493	0.9864834338003083	0.9919848226215738	0.9928999518058139	0.9916919011897938	0.9918253691096515	0.9711966838171717	0.9919051919889592	0.9870429939738453	0.9875883891793008	0.9916919011897938	1.0	0.9920642619466121	0.9931056176666235	0.9913423411756311	0.993513155597006	0.9923276899490419	0.9570333397957927	0.9837396655139033	0.991206904290891	0.9910436437678258
0.9925111786428875	0.9646330154545938	0.9961905113472403	0.9946103106938037	0.9952315128654774	0.9646168065074502	0.9645793778816204	0.9647967214842693	0.9658052054784363	0.9653936601765468	0.9933752950138552	0.9934088932707329	0.9941763909322633	0.9923340354355407	0.9925504153175029	0.9942695956169744	0.9909903611184214	0.9951512748418709	0.992930079465311	0.9966619523132537	0.9938575195898619	0.9944903399462736	0.993517401368015	0.993586383196373	0.993041265578668	0.9961355164240184	0.9969714035549888	0.9933440506003558	0.9966279255440886	0.9936495435023094	0.9933446822858532	0.9707376075068872	0.9964618889872058	0.996433296400774	0.9932495618418231	0.9934756916218317	0.9920642619466121	1.0	0.9939772161845711	0.9937350157212744	0.9946291557862053	0.9949512839876787	0.960420468612215	0.9923495516795077	0.9930147922019305	0.9935165119104749
0.9927064363093696	0.9632400296942774	0.9939979992851978	0.9949411336148628	0.9944185080490604	0.9637809699687822	0.9637451744315132	0.9634327072696268	0.9643239028135279	0.9643384842492175	0.9931026128058	0.9923204621838112	0.9936640637062946	0.9928478275709084	0.9930086813609369	0.9942874365912501	0.9907247904133271	0.9938796736454651	0.993348475809285	0.9943444511369841	0.9938405760747372	0.9935970809607032	0.9940745858025674	0.9933626290596471	0.9934074291226147	0.9960631193163069	0.9944005210988691	0.9931887124158996	0.9938601306278392	0.9936640637062946	0.9935063702223147	0.9707166310053621	0.9940744724004411	0.9938638015574157	0.9939532082045645	0.9932285867069097	0.9931056176666235	0.9939772161845711	1.0	0.9932086555645201	0.9949915100163499	0.9953322077680324	0.9597960274454332	0.9919935354021628	0.9932086555645201	0.9933280628385228
0.9923424617947135	0.9642154191424859	0.9953520519368518	0.9950069039986951	0.9966228446739127	0.9643207824249662	0.9642839274348267	0.9642698494674348	0.9653385678426882	0.9646940701532244	0.9945898715983988	0.9932555773071007	0.9962315165562663	0.9953286483522756	0.9957108485777075	0.9968142376186374	0.9925043950899569	0.9928000177701123	0.9917981560350962	0.9945321833790016	0.9958913131839531	0.9972332000888877	0.9934965838208958	0.9978601782406995	0.9954565381766136	0.9963278072303156	0.9960886976680684	0.9923234259711651	0.9937925857399595	0.9992276132500579	0.9956565173071135	0.9702038318230362	0.9960170571969893	0.9958951152536132	0.9943176312642124	0.993907426498868	0.9913423411756311	0.9937350157212744	0.9932086555645201	1.0	0.9946973995102717	0.9949975069516361	0.9602344121704527	0.9918859788079532	0.9943816909648081	0.9946069496677896
