/home/jshaw/scratch/2022_sketched_distance/references/SGB_genome_fastas_part4/8249/CM_cf__CF_TNFC045IS_t2M15__bin.6.fa	/home/jshaw/scratch/2022_sketched_distance/references/SGB_genome_fastas_part4/8249/CM_periimplantitis__SP_161SPI_T016__bin.1.fa	/home/jshaw/scratch/2022_sketched_distance/references/SGB_genome_fastas_part4/8249/CM_periimplantitis__SP_164SPT_T016__bin.12.fa	/home/jshaw/scratch/2022_sketched_distance/references/SGB_genome_fastas_part4/8249/CM_periimplantitis__SP_283SPT_T016__bin.10.fa	/home/jshaw/scratch/2022_sketched_distance/references/SGB_genome_fastas_part4/8249/CM_periimplantitis__SP_344SPT_T016__bin.14.fa	/home/jshaw/scratch/2022_sketched_distance/references/SGB_genome_fastas_part4/8249/HMP_2012__SRS011126__bin.8.fa	/home/jshaw/scratch/2022_sketched_distance/references/SGB_genome_fastas_part4/8249/HMP_2012__SRS011152__bin.29.fa	/home/jshaw/scratch/2022_sketched_distance/references/SGB_genome_fastas_part4/8249/HMP_2012__SRS013723__bin.11.fa	/home/jshaw/scratch/2022_sketched_distance/references/SGB_genome_fastas_part4/8249/HMP_2012__SRS013949__bin.8.fa	/home/jshaw/scratch/2022_sketched_distance/references/SGB_genome_fastas_part4/8249/HMP_2012__SRS014690__bin.13.fa	/home/jshaw/scratch/2022_sketched_distance/references/SGB_genome_fastas_part4/8249/HMP_2012__SRS015044__bin.3.fa	/home/jshaw/scratch/2022_sketched_distance/references/SGB_genome_fastas_part4/8249/HMP_2012__SRS015470__bin.18.fa	/home/jshaw/scratch/2022_sketched_distance/references/SGB_genome_fastas_part4/8249/HMP_2012__SRS015985__bin.25.fa	/home/jshaw/scratch/2022_sketched_distance/references/SGB_genome_fastas_part4/8249/HMP_2012__SRS015989__bin.36.fa	/home/jshaw/scratch/2022_sketched_distance/references/SGB_genome_fastas_part4/8249/HMP_2012__SRS016092__bin.15.fa	/home/jshaw/scratch/2022_sketched_distance/references/SGB_genome_fastas_part4/8249/HMP_2012__SRS017139__bin.61.fa	/home/jshaw/scratch/2022_sketched_distance/references/SGB_genome_fastas_part4/8249/HMP_2012__SRS018665__bin.9.fa	/home/jshaw/scratch/2022_sketched_distance/references/SGB_genome_fastas_part4/8249/HMP_2012__SRS019387__bin.29.fa	/home/jshaw/scratch/2022_sketched_distance/references/SGB_genome_fastas_part4/8249/HMP_2012__SRS019591__bin.20.fa	/home/jshaw/scratch/2022_sketched_distance/references/SGB_genome_fastas_part4/8249/HMP_2012__SRS019980__bin.27.fa	/home/jshaw/scratch/2022_sketched_distance/references/SGB_genome_fastas_part4/8249/HMP_2012__SRS020226__bin.23.fa	/home/jshaw/scratch/2022_sketched_distance/references/SGB_genome_fastas_part4/8249/HMP_2012__SRS020340__bin.12.fa	/home/jshaw/scratch/2022_sketched_distance/references/SGB_genome_fastas_part4/8249/HMP_2012__SRS022536__bin.42.fa	/home/jshaw/scratch/2022_sketched_distance/references/SGB_genome_fastas_part4/8249/HMP_2012__SRS023358__bin.10.fa	/home/jshaw/scratch/2022_sketched_distance/references/SGB_genome_fastas_part4/8249/HMP_2012__SRS023938__bin.43.fa	/home/jshaw/scratch/2022_sketched_distance/references/SGB_genome_fastas_part4/8249/HMP_2012__SRS024021__bin.5.fa	/home/jshaw/scratch/2022_sketched_distance/references/SGB_genome_fastas_part4/8249/HMP_2012__SRS024355__bin.50.fa	/home/jshaw/scratch/2022_sketched_distance/references/SGB_genome_fastas_part4/8249/HMP_2012__SRS024447__bin.9.fa	/home/jshaw/scratch/2022_sketched_distance/references/SGB_genome_fastas_part4/8249/HMP_2012__SRS065099__bin.18.fa	/home/jshaw/scratch/2022_sketched_distance/references/SGB_genome_fastas_part4/8249/HMP_2012__SRS075410__bin.20.fa	/home/jshaw/scratch/2022_sketched_distance/references/SGB_genome_fastas_part4/8249/ZeeviD_2015__PNP_Main_136__bin.7.fa
1.0	0.9793128873770344	0.9787752597609112	0.9729942399326167	0.9762463880908652	0.9733833683363957	0.9780102602989694	0.9725921744670083	0.966990442183974	0.975642913284403	0.9746325507224303	0.9732482153605096	0.9775508125894803	0.9776261653434498	0.9738390039539832	0.9768966365897692	0.9700910159901373	0.974478894078507	0.9753264999243019	0.9756079929146886	0.9736987507660503	0.9766327160253644	0.9720695651526793	0.9747513143498482	0.9747149651574221	0.97280807586393	0.9732981434010404	0.9767875408001596	0.9736430971065128	0.9765161123126453	0.9766327160253644
0.9793128873770344	1.0	0.9837128037865043	0.9792008364704132	0.9818469624335856	0.9777135727282555	0.982505494407624	0.9786452420040916	0.9713437013244567	0.9806975379793197	0.9784310174401327	0.9782259752070277	0.9809637090817582	0.9796872536656649	0.9773636728971942	0.9805353908565744	0.9737838418976877	0.9792536750199511	0.9792424782387891	0.9784756920455396	0.9787241968465131	0.9777775344574509	0.9752350166509672	0.9791974413783385	0.9784756920455396	0.9768487562368189	0.9766956466353691	0.9803599101631325	0.9778290757477163	0.9775456168233021	0.9787915584240258
0.9787752597609112	0.9837128037865043	1.0	0.9760135966081983	0.9773250484054581	0.9766312247348806	0.980710436654385	0.9805566898599432	0.9736288294234451	0.9791394065454145	0.9802080921567515	0.9754689022514014	0.983466979709981	0.9826098757769166	0.9803634837329607	0.9772084762628805	0.971174540423646	0.9761661322642204	0.9819150622348521	0.9808252740680095	0.9792598914419539	0.9800128076197648	0.9740549524400917	0.9806336536504625	0.9822094144273916	0.9793799332515303	0.9751191904202007	0.9815807206208617	0.9763256157882937	0.9793799332515303	0.9791796176147637
0.9729942399326167	0.9792008364704132	0.9760135966081983	1.0	0.9777766155097245	0.9756864173818041	0.9783029757785004	0.9770660248679635	0.9716925630460211	0.9743437460679332	0.9779981111548638	0.9739001158164977	0.9802793103993648	0.9792850724733517	0.9789468161213526	0.9736009582467149	0.9656333176055679	0.9731396802882224	0.9778226142043914	0.9802793103993648	0.9765669326609997	0.9768854206728077	0.9742947520545997	0.9792008364704132	0.9794110203043038	0.9783029757785004	0.9719043769438767	0.977379692309149	0.9745876136727898	0.9783895589795611	0.9784327645309682
0.9762463880908652	0.9818469624335856	0.9773250484054581	0.9777766155097245	1.0	0.9782956562742459	0.9765582406244122	0.9780000741904289	0.9710775237893667	0.9782220115813973	0.9800150275513653	0.973552665534061	0.9802929886472128	0.9801543036987271	0.9782956562742459	0.9766357391350559	0.970521601840359	0.9730379552823665	0.9800847398450236	0.9807055467768703	0.97959360010417	0.9780000741904289	0.9787340660300548	0.9787340660300548	0.9808419170839953	0.981780911487207	0.9764026878650971	0.9804310874772348	0.9782956562742459	0.9802237197537538	0.9813147835476069
0.9733833683363957	0.9777135727282555	0.9766312247348806	0.9756864173818041	0.9782956562742459	1.0	0.9782121290228242	0.9760098342677436	0.9721579750925428	0.9761978522959975	0.9787495418142867	0.9734918087659877	0.9786739217873041	0.9772818870469191	0.9755788914170133	0.9772084762628805	0.9718076613810157	0.9762159188881505	0.9782164826517351	0.9791250352018802	0.9766435882473884	0.9830928785937317	0.9921665955230174	0.9768043397418817	0.9778691422501702	0.9777135727282555	0.9738058016527423	0.9791623480005142	0.9935141090679115	0.9824247422538308	0.9816391447910944
0.9780102602989694	0.982505494407624	0.980710436654385	0.9783029757785004	0.9765582406244122	0.9782121290228242	1.0	0.9780507341606767	0.9734532570888517	0.9783326530669635	0.9803916393826718	0.9777184979243936	0.9863948240171926	0.9854728952420913	0.9813195798225498	0.9791031104150065	0.9725820494344891	0.9765623088034513	0.9815747534559679	0.9813926899000728	0.9795140190721292	0.9797836258543028	0.9761777195873772	0.9803162536000395	0.9809145268193146	0.9796683525442648	0.9748217077666417	0.9797836258543028	0.9778885363354327	0.9798602493082185	0.9810992639675881
0.9725921744670083	0.9786452420040916	0.9805566898599432	0.9770660248679635	0.9780000741904289	0.9760098342677436	0.9780507341606767	1.0	0.9720798802972714	0.9754702403304055	0.9773940637494488	0.9807291406588186	0.9791401326354375	0.9779865369489578	0.9797761780285493	0.9772084762628805	0.971014306690673	0.9759160499620307	0.978529962477421	0.9798501988516812	0.9766277904077798	0.9777113892814823	0.9743459394658904	0.9797391046105738	0.9910729790148736	0.9780647258710091	0.9742153328051174	0.9767499861387047	0.9753141505048908	0.9773940637494488	0.9771138457185647
0.966990442183974	0.9713437013244567	0.9736288294234451	0.9716925630460211	0.9710775237893667	0.9721579750925428	0.9734532570888517	0.9720798802972714	1.0	0.9713696929866836	0.9722703287179267	0.9686871753530099	0.9717440774228693	0.9710740068239596	0.9696436052262154	0.9722876582528336	0.9667262463180675	0.9701632381081201	0.9720958595898388	0.9719643884940652	0.9711166662569591	0.9710485214335601	0.969624254838857	0.9703665886112944	0.9726164744829301	0.9716555317284944	0.9685473780958616	0.9721832115678695	0.9717858759725496	0.9718323817274124	0.9730440236089226
0.975642913284403	0.9806975379793197	0.9791394065454145	0.9743437460679332	0.9782220115813973	0.9761978522959975	0.9783326530669635	0.9754702403304055	0.9713696929866836	1.0	0.9793424643994634	0.9732482153605096	0.9801772228817187	0.9791110497398461	0.9763245820335507	0.977823340845584	0.9708532757713912	0.9746881339707021	0.9786824799788931	0.9790723206083917	0.9769922649659959	0.977968806318066	0.9740999814403819	0.9769922649659959	0.9776869922588138	0.9791497329673757	0.9740339563965527	0.9792655083293557	0.9759855330243926	0.9778080681958664	0.978760821622411
0.9746325507224303	0.9784310174401327	0.9802080921567515	0.9779981111548638	0.9800150275513653	0.9787495418142867	0.9803916393826718	0.9773940637494488	0.9722703287179267	0.9793424643994634	1.0	0.9771162773109656	0.9797662387671648	0.9786455080748404	0.9765864839901923	0.9800513655945454	0.9741747481721919	0.9776275747829899	0.9779249839181763	0.9789646227620197	0.9773001387013142	0.9784379463639412	0.9771465533369547	0.9787241968465131	0.9771135668468848	0.977852047953147	0.9771119410000662	0.9779977570553351	0.9784188571260733	0.9791756452002489	0.9788939776217985
0.9732482153605096	0.9782259752070277	0.9754689022514014	0.9739001158164977	0.973552665534061	0.9734918087659877	0.9777184979243936	0.9807291406588186	0.9686871753530099	0.9732482153605096	0.9771162773109656	1.0	0.9788494134644576	0.9782259752070277	0.9808842337405966	0.9737994349453049	0.9676900375464907	0.9725324495874998	0.9772029934001515	0.977633144882574	0.9754231999897094	0.9763252620441807	0.9719002265802509	0.9768109397197173	0.9828362623318141	0.9765910750174558	0.9719002265802509	0.9751476290049422	0.9736370918537187	0.9764141077907285	0.9771596642134757
0.9775508125894803	0.9809637090817582	0.983466979709981	0.9802793103993648	0.9802929886472128	0.9786739217873041	0.9863948240171926	0.9791401326354375	0.9717440774228693	0.9801772228817187	0.9797662387671648	0.9788494134644576	1.0	0.9979680428171133	0.9782290425550422	0.9805353908565744	0.9739309838772063	0.978612930001345	0.9797613621792977	0.9799648509970905	0.9791612806062195	0.9812548086653013	0.9772648377696798	0.9807156497094299	0.9778705160545405	0.9792124432553366	0.9766956466353691	0.9796591403442031	0.9792650246669304	0.9804680958722642	0.9797613621792977
0.9776261653434498	0.9796872536656649	0.9826098757769166	0.9792850724733517	0.9801543036987271	0.9772818870469191	0.9854728952420913	0.9779865369489578	0.9710740068239596	0.9791110497398461	0.9786455080748404	0.9782259752070277	0.9979680428171133	1.0	0.976652811487249	0.9793531486915851	0.9726839172431256	0.9783810081775756	0.9779583282160169	0.9783739708400112	0.9780199428785148	0.9807511599940398	0.9762251426802361	0.9794852944568865	0.9753327935274837	0.9782791569753632	0.9760183004224829	0.9776449763379332	0.9781056352356685	0.9790620438070784	0.9770236757510576
0.9738390039539832	0.9773636728971942	0.9803634837329607	0.9789468161213526	0.9782956562742459	0.9755788914170133	0.9813195798225498	0.9797761780285493	0.9696436052262154	0.9763245820335507	0.9765864839901923	0.9808842337405966	0.9782290425550422	0.976652811487249	1.0	0.9786396712026041	0.9703653182069626	0.9772923905057047	0.9768348331670511	0.9779061052998881	0.9766814031422659	0.9767611240490619	0.9736028894470737	0.9790888386493976	0.9809237317574651	0.9769094088842848	0.9751512903486214	0.9767257423200276	0.9757822622602602	0.9753493296119691	0.975839597466218
0.9768966365897692	0.9805353908565744	0.9772084762628805	0.9736009582467149	0.9766357391350559	0.9772084762628805	0.9791031104150065	0.9772084762628805	0.9722876582528336	0.977823340845584	0.9800513655945454	0.9737994349453049	0.9805353908565744	0.9793531486915851	0.9786396712026041	1.0	0.9769860387395909	0.9738429625294036	0.9800919760242564	0.9804552162110042	0.978255534710624	0.9788511417342767	0.9756185178292472	0.979847552685016	0.9797246516749833	0.9792700152326262	0.9893012369859567	0.9821370847535708	0.9773853390359369	0.9790612505067726	0.9796835816775233
0.9700910159901373	0.9737838418976877	0.971174540423646	0.9656333176055679	0.970521601840359	0.9718076613810157	0.9725820494344891	0.971014306690673	0.9667262463180675	0.9708532757713912	0.9741747481721919	0.9676900375464907	0.9739309838772063	0.9726839172431256	0.9703653182069626	0.9769860387395909	1.0	0.9672149013386371	0.9720678523405052	0.9748477124473096	0.9706373137828742	0.9722229698669534	0.9694792324207298	0.9731384031800425	0.9721713464830443	0.9729876144388856	0.9756465797503213	0.9748001031535773	0.9718598670154898	0.973238540989004	0.9742232821967837
0.974478894078507	0.9792536750199511	0.9761661322642204	0.9731396802882224	0.9730379552823665	0.9762159188881505	0.9765623088034513	0.9759160499620307	0.9701632381081201	0.9746881339707021	0.9776275747829899	0.9725324495874998	0.978612930001345	0.9783810081775756	0.9772923905057047	0.9738429625294036	0.9672149013386371	1.0	0.995808178034602	0.9764143071712178	0.9908505241551123	0.976364823362795	0.9741624850365685	0.9761162693467137	0.9781474252453227	0.976513049660572	0.9735742700853791	0.9775799019024727	0.9760163136774457	0.978006468037562	0.9766114935179804
0.9753264999243019	0.9792424782387891	0.9819150622348521	0.9778226142043914	0.9800847398450236	0.9782164826517351	0.9815747534559679	0.978529962477421	0.9720958595898388	0.9786824799788931	0.9779249839181763	0.9772029934001515	0.9797613621792977	0.9779583282160169	0.9768348331670511	0.9800919760242564	0.9720678523405052	0.995808178034602	1.0	0.9773247546633163	0.9940094693753186	0.9769897497971957	0.9765083429288549	0.9786875075262673	0.9788183517877282	0.9769094088842848	0.976146381387221	0.9779931682027467	0.9783798685235063	0.9764968318439603	0.9760193899827716
0.9756079929146886	0.9784756920455396	0.9808252740680095	0.9802793103993648	0.9807055467768703	0.9791250352018802	0.9813926899000728	0.9798501988516812	0.9719643884940652	0.9790723206083917	0.9789646227620197	0.977633144882574	0.9799648509970905	0.9783739708400112	0.9779061052998881	0.9804552162110042	0.9748477124473096	0.9764143071712178	0.9773247546633163	1.0	0.9771080435759885	0.9789067282180414	0.9767891004594641	0.9908453412125441	0.979122492412543	0.9785603341317378	0.9773591871906965	0.9775373174906101	0.9795297230966539	0.9775019865154891	0.978062736673659
0.9736987507660503	0.9787241968465131	0.9792598914419539	0.9765669326609997	0.97959360010417	0.9766435882473884	0.9795140190721292	0.9766277904077798	0.9711166662569591	0.9769922649659959	0.9773001387013142	0.9754231999897094	0.9791612806062195	0.9780199428785148	0.9766814031422659	0.978255534710624	0.9706373137828742	0.9908505241551123	0.9940094693753186	0.9771080435759885	1.0	0.9756501779677501	0.9746858363281082	0.9760904604899817	0.9783924978434748	0.9760506801341847	0.9751512903486214	0.9780573905201881	0.9769850299155705	0.9768371926531276	0.9762886360044587
0.9766327160253644	0.9777775344574509	0.9800128076197648	0.9768854206728077	0.9780000741904289	0.9830928785937317	0.9797836258543028	0.9777113892814823	0.9710485214335601	0.977968806318066	0.9784379463639412	0.9763252620441807	0.9812548086653013	0.9807511599940398	0.9767611240490619	0.9788511417342767	0.9722229698669534	0.976364823362795	0.9769897497971957	0.9789067282180414	0.9756501779677501	1.0	0.9806274665087737	0.9771850176211013	0.9775170503043441	0.9777033226260152	0.9761037437297395	0.9783652243468628	0.98312800410513	0.983786565024855	0.9790139587655119
0.9720695651526793	0.9752350166509672	0.9740549524400917	0.9742947520545997	0.9787340660300548	0.9921665955230174	0.9761777195873772	0.9743459394658904	0.969624254838857	0.9740999814403819	0.9771465533369547	0.9719002265802509	0.9772648377696798	0.9762251426802361	0.9736028894470737	0.9756185178292472	0.9694792324207298	0.9741624850365685	0.9765083429288549	0.9767891004594641	0.9746858363281082	0.9806274665087737	1.0	0.9747284120492941	0.9753186883588241	0.9760213371380867	0.9715297806309481	0.977617135893698	0.9923109842201082	0.9805207836981729	0.9799820821998502
0.9747513143498482	0.9791974413783385	0.9806336536504625	0.9792008364704132	0.9787340660300548	0.9768043397418817	0.9803162536000395	0.9797391046105738	0.9703665886112944	0.9769922649659959	0.9787241968465131	0.9768109397197173	0.9807156497094299	0.9794852944568865	0.9790888386493976	0.979847552685016	0.9731384031800425	0.9761162693467137	0.9786875075262673	0.9908453412125441	0.9760904604899817	0.9771850176211013	0.9747284120492941	1.0	0.9808533570421075	0.9790162355372127	0.9764010407277779	0.9780199428785148	0.9773091548657304	0.9782439862615984	0.9783924978434748
0.9747149651574221	0.9784756920455396	0.9822094144273916	0.9794110203043038	0.9808419170839953	0.9778691422501702	0.9809145268193146	0.9910729790148736	0.9726164744829301	0.9776869922588138	0.9771135668468848	0.9828362623318141	0.9778705160545405	0.9753327935274837	0.9809237317574651	0.9797246516749833	0.9721713464830443	0.9781474252453227	0.9788183517877282	0.979122492412543	0.9783924978434748	0.9775170503043441	0.9753186883588241	0.9808533570421075	1.0	0.9767618169228285	0.9759326321259851	0.9768316415586626	0.9776699818047923	0.975190835036255	0.9756090168233992
0.97280807586393	0.9768487562368189	0.9793799332515303	0.9783029757785004	0.981780911487207	0.9777135727282555	0.9796683525442648	0.9780647258710091	0.9716555317284944	0.9791497329673757	0.977852047953147	0.9765910750174558	0.9792124432553366	0.9782791569753632	0.9769094088842848	0.9792700152326262	0.9729876144388856	0.976513049660572	0.9769094088842848	0.9785603341317378	0.9760506801341847	0.9777033226260152	0.9760213371380867	0.9790162355372127	0.9767618169228285	1.0	0.9747534625759645	0.9772026010953585	0.9779873969177295	0.9767618169228285	0.9774207762455098
0.9732981434010404	0.9766956466353691	0.9751191904202007	0.9719043769438767	0.9764026878650971	0.9738058016527423	0.9748217077666417	0.9742153328051174	0.9685473780958616	0.9740339563965527	0.9771119410000662	0.9719002265802509	0.9766956466353691	0.9760183004224829	0.9751512903486214	0.9893012369859567	0.9756465797503213	0.9735742700853791	0.976146381387221	0.9773591871906965	0.9751512903486214	0.9761037437297395	0.9715297806309481	0.9764010407277779	0.9759326321259851	0.9747534625759645	1.0	0.9778885363354327	0.9732981434010404	0.9763163755096492	0.9755876847414572
0.9767875408001596	0.9803599101631325	0.9815807206208617	0.977379692309149	0.9804310874772348	0.9791623480005142	0.9797836258543028	0.9767499861387047	0.9721832115678695	0.9792655083293557	0.9779977570553351	0.9751476290049422	0.9796591403442031	0.9776449763379332	0.9767257423200276	0.9821370847535708	0.9748001031535773	0.9775799019024727	0.9779931682027467	0.9775373174906101	0.9780573905201881	0.9783652243468628	0.977617135893698	0.9780199428785148	0.9768316415586626	0.9772026010953585	0.9778885363354327	1.0	0.9795673625770873	0.9772231622772771	0.9772938449702185
0.9736430971065128	0.9778290757477163	0.9763256157882937	0.9745876136727898	0.9782956562742459	0.9935141090679115	0.9778885363354327	0.9753141505048908	0.9717858759725496	0.9759855330243926	0.9784188571260733	0.9736370918537187	0.9792650246669304	0.9781056352356685	0.9757822622602602	0.9773853390359369	0.9718598670154898	0.9760163136774457	0.9783798685235063	0.9795297230966539	0.9769850299155705	0.98312800410513	0.9923109842201082	0.9773091548657304	0.9776699818047923	0.9779873969177295	0.9732981434010404	0.9795673625770873	1.0	0.9829588779513596	0.9817498924717413
0.9765161123126453	0.9775456168233021	0.9793799332515303	0.9783895589795611	0.9802237197537538	0.9824247422538308	0.9798602493082185	0.9773940637494488	0.9718323817274124	0.9778080681958664	0.9791756452002489	0.9764141077907285	0.9804680958722642	0.9790620438070784	0.9753493296119691	0.9790612505067726	0.973238540989004	0.978006468037562	0.9764968318439603	0.9775019865154891	0.9768371926531276	0.983786565024855	0.9805207836981729	0.9782439862615984	0.975190835036255	0.9767618169228285	0.9763163755096492	0.9772231622772771	0.9829588779513596	1.0	0.9787624270963954
0.9766327160253644	0.9787915584240258	0.9791796176147637	0.9784327645309682	0.9813147835476069	0.9816391447910944	0.9810992639675881	0.9771138457185647	0.9730440236089226	0.978760821622411	0.9788939776217985	0.9771596642134757	0.9797613621792977	0.9770236757510576	0.975839597466218	0.9796835816775233	0.9742232821967837	0.9766114935179804	0.9760193899827716	0.978062736673659	0.9762886360044587	0.9790139587655119	0.9799820821998502	0.9783924978434748	0.9756090168233992	0.9774207762455098	0.9755876847414572	0.9772938449702185	0.9817498924717413	0.9787624270963954	1.0
