/home/jshaw/scratch/2022_sketched_distance/references/SGB_genome_fastas_part2/4395/BackhedF_2015__SID566_M__bin.46.fa	/home/jshaw/scratch/2022_sketched_distance/references/SGB_genome_fastas_part2/4395/Bengtsson-PalmeJ_2015__TRAVELRES10__bin.35.fa	/home/jshaw/scratch/2022_sketched_distance/references/SGB_genome_fastas_part2/4395/Bengtsson-PalmeJ_2015__TRAVELRES50__bin.67.fa	/home/jshaw/scratch/2022_sketched_distance/references/SGB_genome_fastas_part2/4395/Bengtsson-PalmeJ_2015__TRAVELRES9__bin.63.fa	/home/jshaw/scratch/2022_sketched_distance/references/SGB_genome_fastas_part2/4395/BritoIL_2016__W2.46.ST__bin.36.fa	/home/jshaw/scratch/2022_sketched_distance/references/SGB_genome_fastas_part2/4395/BritoIL_2016__W2.9.ST__bin.37.fa	/home/jshaw/scratch/2022_sketched_distance/references/SGB_genome_fastas_part2/4395/ChengpingW_2017__AS67raw__bin.63.fa	/home/jshaw/scratch/2022_sketched_distance/references/SGB_genome_fastas_part2/4395/CM_madagascar__A90_04_1FE__bin.34.fa	/home/jshaw/scratch/2022_sketched_distance/references/SGB_genome_fastas_part2/4395/CosteaPI_2017__SID713A078-11-0-0__bin.39.fa	/home/jshaw/scratch/2022_sketched_distance/references/SGB_genome_fastas_part2/4395/CosteaPI_2017__SID713B057-11-0-0__bin.50.fa	/home/jshaw/scratch/2022_sketched_distance/references/SGB_genome_fastas_part2/4395/FengQ_2015__SID31881__bin.26.fa	/home/jshaw/scratch/2022_sketched_distance/references/SGB_genome_fastas_part2/4395/HeQ_2017__SZAXPI029560-51__bin.24.fa	/home/jshaw/scratch/2022_sketched_distance/references/SGB_genome_fastas_part2/4395/LeChatelierE_2013__MH0205__bin.54.fa	/home/jshaw/scratch/2022_sketched_distance/references/SGB_genome_fastas_part2/4395/LeChatelierE_2013__MH0229__bin.81.fa	/home/jshaw/scratch/2022_sketched_distance/references/SGB_genome_fastas_part2/4395/LeChatelierE_2013__MH0247__bin.68.fa	/home/jshaw/scratch/2022_sketched_distance/references/SGB_genome_fastas_part2/4395/LeChatelierE_2013__MH0307__bin.65.fa	/home/jshaw/scratch/2022_sketched_distance/references/SGB_genome_fastas_part2/4395/LeChatelierE_2013__MH0434__bin.13.fa	/home/jshaw/scratch/2022_sketched_distance/references/SGB_genome_fastas_part2/4395/LiJ_2014__O2.UC22-1__bin.34.fa	/home/jshaw/scratch/2022_sketched_distance/references/SGB_genome_fastas_part2/4395/LiJ_2014__O2.UC29-1__bin.47.fa	/home/jshaw/scratch/2022_sketched_distance/references/SGB_genome_fastas_part2/4395/LiJ_2017__nHM410714__bin.28.fa	/home/jshaw/scratch/2022_sketched_distance/references/SGB_genome_fastas_part2/4395/LiJ_2017__nHMX11726__bin.55.fa	/home/jshaw/scratch/2022_sketched_distance/references/SGB_genome_fastas_part2/4395/LiSS_2016__FAT_010-22-84-0__bin.59.fa	/home/jshaw/scratch/2022_sketched_distance/references/SGB_genome_fastas_part2/4395/NielsenHB_2014__O2_UC22_2__bin.37.fa	/home/jshaw/scratch/2022_sketched_distance/references/SGB_genome_fastas_part2/4395/Obregon-TitoAJ_2015__SM11__bin.19.fa	/home/jshaw/scratch/2022_sketched_distance/references/SGB_genome_fastas_part2/4395/QinN_2014__HD-35__bin.59.fa	/home/jshaw/scratch/2022_sketched_distance/references/SGB_genome_fastas_part2/4395/QinN_2014__HD-9__bin.8.fa	/home/jshaw/scratch/2022_sketched_distance/references/SGB_genome_fastas_part2/4395/RaymondF_2016__P1E7__bin.61.fa	/home/jshaw/scratch/2022_sketched_distance/references/SGB_genome_fastas_part2/4395/RaymondF_2016__P1E90__bin.38.fa	/home/jshaw/scratch/2022_sketched_distance/references/SGB_genome_fastas_part2/4395/SchirmerM_2016__G89151__bin.1.fa	/home/jshaw/scratch/2022_sketched_distance/references/SGB_genome_fastas_part2/4395/VogtmannE_2016__MMRS81671217ST-27-0-0__bin.47.fa	/home/jshaw/scratch/2022_sketched_distance/references/SGB_genome_fastas_part2/4395/XieH_2016__YSZC12003_35388__bin.8.fa	/home/jshaw/scratch/2022_sketched_distance/references/SGB_genome_fastas_part2/4395/XieH_2016__YSZC12003_35636__bin.16.fa	/home/jshaw/scratch/2022_sketched_distance/references/SGB_genome_fastas_part2/4395/XieH_2016__YSZC12003_35666__bin.46.fa	/home/jshaw/scratch/2022_sketched_distance/references/SGB_genome_fastas_part2/4395/XieH_2016__YSZC12003_37100__bin.119.fa	/home/jshaw/scratch/2022_sketched_distance/references/SGB_genome_fastas_part2/4395/XieH_2016__YSZC12003_37102__bin.45.fa	/home/jshaw/scratch/2022_sketched_distance/references/SGB_genome_fastas_part2/4395/XieH_2016__YSZC12003_37138__bin.47.fa	/home/jshaw/scratch/2022_sketched_distance/references/SGB_genome_fastas_part2/4395/XieH_2016__YSZC12003_37194__bin.73.fa	/home/jshaw/scratch/2022_sketched_distance/references/SGB_genome_fastas_part2/4395/XieH_2016__YSZC12003_37203__bin.59.fa	/home/jshaw/scratch/2022_sketched_distance/references/SGB_genome_fastas_part2/4395/YuJ_2015__SZAXPI015269-94__bin.5.fa	/home/jshaw/scratch/2022_sketched_distance/references/SGB_genome_fastas_part2/4395/ZeeviD_2015__PNP_Main_467__bin.37.fa
1.0	0.9811433087173679	0.9865514551139692	0.9824203570437732	0.9614676693772785	0.9711549459862077	0.9747559520839798	0.9700638955942281	0.963361950585218	0.9612336383074539	0.9715282869153836	0.9715282869153836	0.9809850722282973	0.9698970168410156	0.9740277652161675	0.9860456244081874	0.9762355219023696	0.9762569433120305	0.9844082970441654	0.9725204709863209	0.9802633746586924	0.9638497734763655	0.9736822743119494	0.9748039223665064	0.9753269744154269	0.9756087676893995	0.9668013027398445	0.9691637510830993	0.9804251346438296	0.9810247031902135	0.9765588309841025	0.9857040269948837	0.9732018236563345	0.9764397891579283	0.9677646766002518	0.9837589523874672	0.9864844589631356	0.9837953663295836	0.9743210019928646	0.9680611935263955
0.9811433087173679	1.0	0.9898426926346582	0.9973978346799389	0.9693227309449033	0.976535734219866	0.9803001334948236	0.9772942157117394	0.9748866136893717	0.9751476290049422	0.976688850546894	0.9774811079848701	0.9865379417947399	0.9793989658314054	0.980267971406742	0.9881914514721382	0.98753873068861	0.9832094332984419	0.9897402747200257	0.9848892986807845	0.9871816439653509	0.9777118303197028	0.9795042248273339	0.9804365944870705	0.981110482686956	0.9792227764556929	0.9778885363354327	0.9732149105725925	0.9869007453302239	0.9842863014967983	0.9886591792118143	0.99211466604231	0.9834276244737089	0.9820959756394434	0.9744358169874644	0.9891973006777767	0.9935850348081782	0.9889355652590094	0.9812103786239996	0.9748021044814384
0.9865514551139692	0.9898426926346582	1.0	0.9892012872693863	0.972596198619403	0.9715741946862836	0.9748922364403199	0.971195207230243	0.9782450434196874	0.9769183323872938	0.9727779610234605	0.9755753219755965	0.9845596014636799	0.9783484147189834	0.9856038207775982	0.9853057456802775	0.9874098538733653	0.9794663293177813	0.9858910398798721	0.987090496433204	0.9898508705884237	0.979937546542336	0.9808846387794592	0.9764322284215804	0.9756260299524506	0.9744877370896093	0.9797355290443776	0.9761844835682761	0.9886853885694298	0.9821275393400427	0.9888069537541048	0.9881552277073675	0.9854542225329425	0.9783407956615175	0.9743396551279137	0.9867961240939653	0.9889221210991677	0.9871228366745987	0.9770836836648975	0.975452202680641
0.9824203570437732	0.9973978346799389	0.9892012872693863	1.0	0.9713760296112611	0.9765617749390891	0.9794907724237277	0.9767040067235416	0.9766711977213436	0.9757273619290497	0.9760228005956856	0.978364039892215	0.987203610261882	0.9806972973839759	0.9808844389465892	0.9867630261799025	0.9887592062438838	0.9825068724399328	0.9885899259498847	0.9865780771054645	0.9897752978802095	0.9797716237867906	0.9784314064425812	0.9797179957848536	0.9800398824539927	0.9778885363354327	0.9798890848859105	0.9759895189988814	0.988110396735838	0.9849391609470857	0.9896320570315881	0.9914263207146492	0.9847088367852225	0.9825068724399328	0.9738504203417708	0.9889092485401249	0.9930181651041493	0.9893945525748222	0.9807370645275932	0.9752670154885666
0.9614676693772785	0.9693227309449033	0.972596198619403	0.9713760296112611	1.0	0.9909410799533425	0.9777253165205421	0.9788115169871998	0.9686974105769737	0.9615323149708142	0.9768126926644808	0.9798627180421563	0.972596198619403	0.975525483989499	0.9645139391061027	0.9721136308407178	0.96824150044659	0.9771475217052494	0.9733536721648091	0.9689597227338078	0.9703656706467139	0.9714814461070079	0.9745480585555887	0.9763892554195962	0.9802436216616914	0.9817966479683152	0.9702763424206621	0.9714753523967444	0.9662094395634027	0.9758737495716292	0.9732533177798315	0.9754816873817369	0.9670798966690479	0.9747727961730039	0.9745931306222484	0.9715248997805641	0.9745480585555887	0.9733536721648091	0.9784134266699297	0.9725002581058868
0.9711549459862077	0.976535734219866	0.9715741946862836	0.9765617749390891	0.9909410799533425	1.0	0.9738070263130181	0.9773969698560458	0.9759817405164672	0.9704719161743275	0.9754740101258156	0.9802245493627838	0.973951394120941	0.9796741499502771	0.973887080245768	0.9718740275442457	0.9761141748882415	0.9757451638772846	0.9713914655522623	0.9776985889232821	0.9777978163182085	0.9792123788279382	0.9777561430410848	0.9717718345276362	0.9748655802525671	0.9771145348237184	0.9793224812100912	0.9779622419303637	0.97417544534622	0.9726818558172697	0.977751095705523	0.974391393017145	0.9753462716769562	0.9750677132846766	0.9783748741142163	0.9735323953482704	0.974895857241401	0.9753745961791433	0.9792832722652342	0.9751181024321672
0.9747559520839798	0.9803001334948236	0.9748922364403199	0.9794907724237277	0.9777253165205421	0.9738070263130181	1.0	0.9760977854592404	0.9775884393904205	0.9755352638083387	0.980415571437817	0.9816285791863157	0.975243334859488	0.9839886776887024	0.9778047555685895	0.9743949785664866	0.9781179809254473	0.981217766199445	0.973984455120981	0.979669816195885	0.9805157913327414	0.9807547513813234	0.982843816940432	0.9753372584734354	0.9796096381590016	0.9794086904009353	0.9797355290443776	0.9775174872738938	0.9780766574987657	0.9743862336216468	0.9796894328426777	0.9773261763506705	0.9776711164768415	0.9794012995918561	0.9774975934867564	0.9770815768130818	0.9789977120815941	0.9769763807198735	0.9833333016836624	0.9774573314219457
0.9700638955942281	0.9772942157117394	0.971195207230243	0.9767040067235416	0.9788115169871998	0.9773969698560458	0.9760977854592404	1.0	0.9781266403465848	0.973888693142734	0.9762094540118952	0.982812928343598	0.9746909509185513	0.9791172791744867	0.9749116289568319	0.9723021253792404	0.9786284032340371	0.9778169275952562	0.9711513775114007	0.97790957343578	0.9777978163182085	0.9812884209733925	0.979436699691868	0.976565679991248	0.9763325735894763	0.9773969698560458	0.9797867945848328	0.9765709430776519	0.9733617313054269	0.9757721600801911	0.9805223323151615	0.9751662447832832	0.9754131449466491	0.9779794914926004	0.9775317753131405	0.9745332398876233	0.9756329762664496	0.9748680550249522	0.9783798128716513	0.9806314196148374
0.963361950585218	0.9748866136893717	0.9782450434196874	0.9766711977213436	0.9686974105769737	0.9759817405164672	0.9775884393904205	0.9781266403465848	1.0	0.9649150515167328	0.975017383376413	0.9767949995280466	0.975791143318477	0.9752773548276811	0.9694034310684474	0.9762341454978917	0.9610329625266093	0.9787726011031505	0.9766091198268932	0.9754709781014047	0.9771636056130508	0.9694034310684474	0.9755994226772216	0.9804167293811555	0.9771024602584603	0.975017383376413	0.9703967556738728	0.9754709781014047	0.9718677696259402	0.9760450255682628	0.965818169433593	0.9794629989490263	0.9600577651559018	0.9792344851515299	0.9728591204018351	0.9755352638083387	0.9776486802541348	0.9784805675750479	0.9767949995280466	0.9750825714309717
0.9612336383074539	0.9751476290049422	0.9769183323872938	0.9757273619290497	0.9615323149708142	0.9704719161743275	0.9755352638083387	0.973888693142734	0.9649150515167328	1.0	0.9710669961765598	0.97236723501721	0.9732748782357985	0.9726492255272753	0.9669036379299989	0.973685375378807	0.9573006330177206	0.9759817405164672	0.9749520643080496	0.9745573683294342	0.9757273619290497	0.9620240067402824	0.9718677696259402	0.9766091198268932	0.9748866136893717	0.972719341561724	0.9614330650601428	0.967567517154767	0.9696353838210113	0.9738210619573947	0.9604107880113759	0.9776486802541348	0.9564169918801779	0.9750825714309717	0.9686180025983403	0.9746894671163789	0.9771636056130508	0.9745573683294342	0.9741578177415344	0.9682984030140018
0.9715282869153836	0.976688850546894	0.9727779610234605	0.9760228005956856	0.9768126926644808	0.9754740101258156	0.980415571437817	0.9762094540118952	0.975017383376413	0.9710669961765598	1.0	0.9804869938527269	0.973412631402233	0.9811350458601973	0.974773806066141	0.9733353816482337	0.9777732055623988	0.9795424834599593	0.9732662256729061	0.9771865819174341	0.976876447358986	0.9800476953128613	0.9800915935437002	0.9749524066348008	0.9920799684001275	0.9818562887336987	0.9781049919535842	0.9743862336216468	0.9750105138639125	0.9763041673318831	0.9802044942030506	0.9753768448308648	0.9750773944330482	0.9755279692270261	0.9760285636426482	0.9741572317034539	0.9768042611747586	0.9731560506526827	0.9869221919484588	0.976218675073832
0.9715282869153836	0.9774811079848701	0.9755753219755965	0.978364039892215	0.9798627180421563	0.9802245493627838	0.9816285791863157	0.982812928343598	0.9767949995280466	0.97236723501721	0.9804869938527269	1.0	0.9743056650729985	0.9825036903307339	0.9735541893187889	0.9732666398062633	0.9765968715211482	0.9818800365662015	0.9748238453194776	0.978160965400512	0.9787644843599794	0.9820729478970552	0.9796877340291842	0.9786347423482074	0.984190226676107	0.9841123203418992	0.9795296582752753	0.9764940174039333	0.9749692662687918	0.9782326684121125	0.9798835338549029	0.977285431695722	0.9748062743368281	0.9793642599287956	0.9770845895195805	0.9758443365228469	0.9771891757920308	0.9756764633683588	0.9823223569552121	0.9803466171901212
0.9809850722282973	0.9865379417947399	0.9845596014636799	0.987203610261882	0.972596198619403	0.973951394120941	0.975243334859488	0.9746909509185513	0.975791143318477	0.9732748782357985	0.973412631402233	0.9743056650729985	1.0	0.9768604462503047	0.9803456687446772	0.9856480664620464	0.9868892395574518	0.9803350880557264	0.9869658029496695	0.9836426626464566	0.9864337845466673	0.9780642895818596	0.9795938221758247	0.9762544207466661	0.976846326711598	0.9755838679946198	0.9787458689882244	0.9752378091802955	0.9845552910848983	0.9822679429952822	0.9875036664081795	0.9867979349204387	0.9836360116446909	0.977041261245488	0.9739224378965841	0.9844306613457546	0.986508152791323	0.984585328805791	0.9760212962285681	0.9746672251766169
0.9698970168410156	0.9793989658314054	0.9783484147189834	0.9806972973839759	0.975525483989499	0.9796741499502771	0.9839886776887024	0.9791172791744867	0.9752773548276811	0.9726492255272753	0.9811350458601973	0.9825036903307339	0.9768604462503047	1.0	0.9728779832928046	0.9739357201646661	0.9744940213053764	0.98256321077532	0.9769311820110578	0.9775713394767809	0.978516604962359	0.9777708388365246	0.9794459994144009	0.9796741499502771	0.984748442084687	0.9878010177891737	0.9791139808837538	0.9749160253629298	0.9748866136893717	0.9785507416265918	0.9769846315859588	0.9791832885883056	0.9730584841596501	0.9801577421127615	0.9780425510052245	0.9765759563848988	0.9787183939428097	0.9780425510052245	0.9851080753772307	0.9741288393713816
0.9740277652161675	0.980267971406742	0.9856038207775982	0.9808844389465892	0.9645139391061027	0.973887080245768	0.9778047555685895	0.9749116289568319	0.9694034310684474	0.9669036379299989	0.974773806066141	0.9735541893187889	0.9803456687446772	0.9728779832928046	1.0	0.9841164579544612	0.9765968715211482	0.9817135407384533	0.9838734907622111	0.9754192944831773	0.980808013303569	0.9703900289063269	0.9784690496224708	0.9772121805141666	0.9778047555685895	0.9772121805141666	0.970481605762306	0.9704987880047514	0.9793208962165948	0.9811126498937518	0.9764156507904921	0.9851042984885819	0.9743953046327323	0.9775943565545683	0.9705512729441853	0.9824130575247901	0.9837688084262219	0.9820835700235842	0.9762146322621227	0.971886836953741
0.9860456244081874	0.9881914514721382	0.9853057456802775	0.9867630261799025	0.9721136308407178	0.9718740275442457	0.9743949785664866	0.9723021253792404	0.9762341454978917	0.973685375378807	0.9733353816482337	0.9732666398062633	0.9856480664620464	0.9739357201646661	0.9841164579544612	1.0	0.9897762413072166	0.9783036934712912	0.9858951871550605	0.9854952991641894	0.9872878909714911	0.9785859357370362	0.9787040324317945	0.9738589578970764	0.97585678526454	0.9740610040196949	0.9787458689882244	0.9749160253629298	0.9882206954891625	0.9809078658957353	0.9898232354361688	0.9872457429694029	0.9853558098891304	0.9759818014852684	0.9720767623981487	0.9872138412071332	0.989076296339857	0.9879316941121432	0.9751517081647642	0.9731966958552865
0.9762355219023696	0.98753873068861	0.9874098538733653	0.9887592062438838	0.96824150044659	0.9761141748882415	0.9781179809254473	0.9786284032340371	0.9610329625266093	0.9573006330177206	0.9777732055623988	0.9765968715211482	0.9868892395574518	0.9744940213053764	0.9765968715211482	0.9897762413072166	1.0	0.980962631964379	0.9878799558123854	0.9788527187497241	0.9854592430073803	0.9647436954528316	0.9792415981782531	0.9786284032340371	0.9790199491035112	0.978060770991036	0.9660779519828606	0.9729231965799128	0.9857774143195258	0.9842497164339343	0.9784325768045774	0.9905678811471822	0.9718138136199653	0.9804344821924238	0.9722455527800036	0.9875815777416909	0.9922826042716502	0.9867138544973376	0.9782890108910298	0.974172975484682
0.9762569433120305	0.9832094332984419	0.9794663293177813	0.9825068724399328	0.9771475217052494	0.9757451638772846	0.981217766199445	0.9778169275952562	0.9787726011031505	0.9759817405164672	0.9795424834599593	0.9818800365662015	0.9803350880557264	0.98256321077532	0.9817135407384533	0.9783036934712912	0.980962631964379	1.0	0.9797107625719533	0.9828206511029394	0.9833025078124147	0.9830404320325126	0.9981598622166562	0.9774709983311559	0.9814751362102164	0.9801141293187523	0.9803957863909738	0.9774801489392347	0.9808101183145949	0.9788610056329128	0.9850632761629118	0.9821208909406383	0.9807610869613332	0.9796035663712396	0.9770152435307043	0.9812638738983089	0.9822376502686171	0.9799031912847977	0.9823537312258735	0.9793789352672388
0.9844082970441654	0.9897402747200257	0.9858910398798721	0.9885899259498847	0.9733536721648091	0.9713914655522623	0.973984455120981	0.9711513775114007	0.9766091198268932	0.9749520643080496	0.9732662256729061	0.9748238453194776	0.9869658029496695	0.9769311820110578	0.9838734907622111	0.9858951871550605	0.9878799558123854	0.9797107625719533	1.0	0.9854285153291855	0.9875587460467193	0.9801026307355997	0.9813335637551351	0.9741417984198099	0.9745473584960678	0.9735397929612836	0.9776159296737592	0.9748350791189032	0.9862934211867043	0.9804048599290869	0.9887577691565381	0.9875927287556673	0.985990284890217	0.9773065162601705	0.9764550939290465	0.9863966823574528	0.9877307810730316	0.9847712450720176	0.9763371898295999	0.9750807673292959
0.9725204709863209	0.9848892986807845	0.987090496433204	0.9865780771054645	0.9689597227338078	0.9776985889232821	0.979669816195885	0.97790957343578	0.9754709781014047	0.9745573683294342	0.9771865819174341	0.978160965400512	0.9836426626464566	0.9775713394767809	0.9754192944831773	0.9854952991641894	0.9788527187497241	0.9828206511029394	0.9854285153291855	1.0	0.9849910785781406	0.9778297407113856	0.9791070730140568	0.979429827337038	0.9808440050657621	0.9791070730140568	0.9729748652037472	0.9724249519168078	0.9807284665357733	0.9827118958065011	0.9818852396470328	0.9894507624053354	0.9767225250714621	0.9807284665357733	0.9722752326256332	0.9888236381830636	0.989034007770266	0.9853280842922701	0.9806512133689059	0.9747773378495109
0.9802633746586924	0.9871816439653509	0.9898508705884237	0.9897752978802095	0.9703656706467139	0.9777978163182085	0.9805157913327414	0.9777978163182085	0.9771636056130508	0.9757273619290497	0.976876447358986	0.9787644843599794	0.9864337845466673	0.978516604962359	0.980808013303569	0.9872878909714911	0.9854592430073803	0.9833025078124147	0.9875587460467193	0.9849910785781406	1.0	0.9796048537621276	0.9804153319958214	0.9795659364836701	0.980280904023841	0.9789052886908154	0.97848036561594	0.9751576613880417	0.9847394238781965	0.9853556117490878	0.9864648075835308	0.9909884945267494	0.9842023407026097	0.9816009390405156	0.9735329590328997	0.9893437512152959	0.9913270904626498	0.9896489574002489	0.9809805620450955	0.9754240405880765
0.9638497734763655	0.9777118303197028	0.979937546542336	0.9797716237867906	0.9714814461070079	0.9792123788279382	0.9807547513813234	0.9812884209733925	0.9694034310684474	0.9620240067402824	0.9800476953128613	0.9820729478970552	0.9780642895818596	0.9777708388365246	0.9703900289063269	0.9785859357370362	0.9647436954528316	0.9830404320325126	0.9801026307355997	0.9778297407113856	0.9796048537621276	1.0	0.9796048537621276	0.9799926673542708	0.9831906141785728	0.9812884209733925	0.9699429399813457	0.9757647907568082	0.9746809964491957	0.9821245870370864	0.9701866895641248	0.9821245870370864	0.9626392234211287	0.981709174687871	0.9755761393985111	0.9794372276244412	0.9826365480104725	0.9801026307355997	0.9804303175941566	0.9804303175941566
0.9736822743119494	0.9795042248273339	0.9808846387794592	0.9784314064425812	0.9745480585555887	0.9777561430410848	0.982843816940432	0.979436699691868	0.9755994226772216	0.9718677696259402	0.9800915935437002	0.9796877340291842	0.9795938221758247	0.9794459994144009	0.9784690496224708	0.9787040324317945	0.9792415981782531	0.9981598622166562	0.9813335637551351	0.9791070730140568	0.9804153319958214	0.9796048537621276	1.0	0.9787683997038158	0.9826159563802984	0.9817764110239181	0.9778885363354327	0.9746318268630124	0.9770863502788799	0.9806730123950254	0.9823072509583701	0.9828154208962111	0.9783496097263094	0.9793736383633086	0.9744149402554425	0.9793104549844194	0.981124832068365	0.9786072427698624	0.9823000370222383	0.9761464508218021
0.9748039223665064	0.9804365944870705	0.9764322284215804	0.9797179957848536	0.9763892554195962	0.9717718345276362	0.9753372584734354	0.976565679991248	0.9804167293811555	0.9766091198268932	0.9749524066348008	0.9786347423482074	0.9762544207466661	0.9796741499502771	0.9772121805141666	0.9738589578970764	0.9786284032340371	0.9774709983311559	0.9741417984198099	0.979429827337038	0.9795659364836701	0.9799926673542708	0.9787683997038158	1.0	0.9742964420566883	0.9745004313285216	0.9802950727832777	0.9775547828710364	0.9772406781446527	0.9742414637713379	0.9807115620199347	0.9771765593749417	0.9763352136653581	0.9808193155444713	0.9746023931862406	0.9759301728054345	0.9780888419106808	0.9776394469953871	0.9787617331967441	0.976218675073832
0.9753269744154269	0.981110482686956	0.9756260299524506	0.9800398824539927	0.9802436216616914	0.9748655802525671	0.9796096381590016	0.9763325735894763	0.9771024602584603	0.9748866136893717	0.9920799684001275	0.984190226676107	0.976846326711598	0.984748442084687	0.9778047555685895	0.97585678526454	0.9790199491035112	0.9814751362102164	0.9745473584960678	0.9808440050657621	0.980280904023841	0.9831906141785728	0.9826159563802984	0.9742964420566883	1.0	0.9815992758363903	0.9804460270383221	0.9775920358300105	0.9785607527424254	0.9749873185335324	0.9826053918133437	0.9785565575921459	0.978288508682404	0.9789636039483687	0.9790013605555211	0.9773943155332717	0.9802578125628318	0.976880545406187	0.9904523917343203	0.9791819095291326
0.9756087676893995	0.9792227764556929	0.9744877370896093	0.9778885363354327	0.9817966479683152	0.9771145348237184	0.9794086904009353	0.9773969698560458	0.975017383376413	0.972719341561724	0.9818562887336987	0.9841123203418992	0.9755838679946198	0.9878010177891737	0.9772121805141666	0.9740610040196949	0.978060770991036	0.9801141293187523	0.9735397929612836	0.9791070730140568	0.9789052886908154	0.9812884209733925	0.9817764110239181	0.9745004313285216	0.9815992758363903	1.0	0.9809936368568195	0.9783646708678737	0.9770863502788799	0.9733080202146245	0.9812727672091329	0.9777119951433847	0.9774835950918644	0.9779492012963436	0.9783415654646117	0.975272447532487	0.9781502276169042	0.9755750231575986	0.9825363932653219	0.979801788671075
0.9668013027398445	0.9778885363354327	0.9797355290443776	0.9798890848859105	0.9702763424206621	0.9793224812100912	0.9797355290443776	0.9797867945848328	0.9703967556738728	0.9614330650601428	0.9781049919535842	0.9795296582752753	0.9787458689882244	0.9791139808837538	0.970481605762306	0.9787458689882244	0.9660779519828606	0.9803957863909738	0.9776159296737592	0.9729748652037472	0.97848036561594	0.9699429399813457	0.9778885363354327	0.9802950727832777	0.9804460270383221	0.9809936368568195	1.0	0.9912181146303866	0.9754074528392668	0.981580752754665	0.9688556430954538	0.981822308396876	0.9629354831204677	0.9809936368568195	0.974576614043311	0.9776159296737592	0.9813862159984972	0.9800927094834788	0.9805962872481566	0.9787458689882244
0.9691637510830993	0.9732149105725925	0.9761844835682761	0.9759895189988814	0.9714753523967444	0.9779622419303637	0.9775174872738938	0.9765709430776519	0.9754709781014047	0.967567517154767	0.9743862336216468	0.9764940174039333	0.9752378091802955	0.9749160253629298	0.9704987880047514	0.9749160253629298	0.9729231965799128	0.9774801489392347	0.9748350791189032	0.9724249519168078	0.9751576613880417	0.9757647907568082	0.9746318268630124	0.9775547828710364	0.9775920358300105	0.9783646708678737	0.9912181146303866	1.0	0.972214083661292	0.9786182002604796	0.9753953497372478	0.9786542584147371	0.9721848808770048	0.9768768408403254	0.9729583160328444	0.9752378091802955	0.9773678765114268	0.9773678765114268	0.9773303662262072	0.9757933789923098
0.9804251346438296	0.9869007453302239	0.9886853885694298	0.988110396735838	0.9662094395634027	0.97417544534622	0.9780766574987657	0.9733617313054269	0.9718677696259402	0.9696353838210113	0.9750105138639125	0.9749692662687918	0.9845552910848983	0.9748866136893717	0.9793208962165948	0.9882206954891625	0.9857774143195258	0.9808101183145949	0.9862934211867043	0.9807284665357733	0.9847394238781965	0.9746809964491957	0.9770863502788799	0.9772406781446527	0.9785607527424254	0.9770863502788799	0.9754074528392668	0.972214083661292	1.0	0.9827524610765921	0.9850632761629118	0.9891703777912337	0.9817660494862221	0.978449674559956	0.9703174502298467	0.9876934548496035	0.9907883367640483	0.9869007453302239	0.9781890113458265	0.9721240971053856
0.9810247031902135	0.9842863014967983	0.9821275393400427	0.9849391609470857	0.9758737495716292	0.9726818558172697	0.9743862336216468	0.9757721600801911	0.9760450255682628	0.9738210619573947	0.9763041673318831	0.9782326684121125	0.9822679429952822	0.9785507416265918	0.9811126498937518	0.9809078658957353	0.9842497164339343	0.9788610056329128	0.9804048599290869	0.9827118958065011	0.9853556117490878	0.9821245870370864	0.9806730123950254	0.9742414637713379	0.9749873185335324	0.9733080202146245	0.981580752754665	0.9786182002604796	0.9827524610765921	1.0	0.9868321514628138	0.9843142769425097	0.9818758299884561	0.9806244593818673	0.9752684080772194	0.9828555931109925	0.9844604617562446	0.9837502457226928	0.9773592652727963	0.9781105285014123
0.9765588309841025	0.9886591792118143	0.9888069537541048	0.9896320570315881	0.9732533177798315	0.977751095705523	0.9796894328426777	0.9805223323151615	0.965818169433593	0.9604107880113759	0.9802044942030506	0.9798835338549029	0.9875036664081795	0.9769846315859588	0.9764156507904921	0.9898232354361688	0.9784325768045774	0.9850632761629118	0.9887577691565381	0.9818852396470328	0.9864648075835308	0.9701866895641248	0.9823072509583701	0.9807115620199347	0.9826053918133437	0.9812727672091329	0.9688556430954538	0.9753953497372478	0.9850632761629118	0.9868321514628138	1.0	0.9921240034164118	0.971213434082638	0.983193654240018	0.9730152021431674	0.9883117728251511	0.9937290861684024	0.9875036664081795	0.9810867669081313	0.976843315860646
0.9857040269948837	0.99211466604231	0.9881552277073675	0.9914263207146492	0.9754816873817369	0.974391393017145	0.9773261763506705	0.9751662447832832	0.9794629989490263	0.9776486802541348	0.9753768448308648	0.977285431695722	0.9867979349204387	0.9791832885883056	0.9851042984885819	0.9872457429694029	0.9905678811471822	0.9821208909406383	0.9875927287556673	0.9894507624053354	0.9909884945267494	0.9821245870370864	0.9828154208962111	0.9771765593749417	0.9785565575921459	0.9777119951433847	0.981822308396876	0.9786542584147371	0.9891703777912337	0.9843142769425097	0.9921240034164118	1.0	0.9880057645848596	0.9808747760797509	0.9754510157657891	0.9886354698326709	0.9923774035419252	0.9898386955391442	0.9784683460771304	0.9776650219513298
0.9732018236563345	0.9834276244737089	0.9854542225329425	0.9847088367852225	0.9670798966690479	0.9753462716769562	0.9776711164768415	0.9754131449466491	0.9600577651559018	0.9564169918801779	0.9750773944330482	0.9748062743368281	0.9836360116446909	0.9730584841596501	0.9743953046327323	0.9853558098891304	0.9718138136199653	0.9807610869613332	0.985990284890217	0.9767225250714621	0.9842023407026097	0.9626392234211287	0.9783496097263094	0.9763352136653581	0.978288508682404	0.9774835950918644	0.9629354831204677	0.9721848808770048	0.9817660494862221	0.9818758299884561	0.971213434082638	0.9880057645848596	1.0	0.977608729173225	0.9727698906006544	0.9852076358150595	0.9879602679035097	0.984658537503293	0.9783496097263094	0.973768931677724
0.9764397891579283	0.9820959756394434	0.9783407956615175	0.9825068724399328	0.9747727961730039	0.9750677132846766	0.9794012995918561	0.9779794914926004	0.9792344851515299	0.9750825714309717	0.9755279692270261	0.9793642599287956	0.977041261245488	0.9801577421127615	0.9775943565545683	0.9759818014852684	0.9804344821924238	0.9796035663712396	0.9773065162601705	0.9807284665357733	0.9816009390405156	0.981709174687871	0.9793736383633086	0.9808193155444713	0.9789636039483687	0.9779492012963436	0.9809936368568195	0.9768768408403254	0.978449674559956	0.9806244593818673	0.983193654240018	0.9808747760797509	0.977608729173225	1.0	0.9738842418593365	0.9775495662302974	0.980799483444667	0.9799031912847977	0.9784006257182912	0.9789505328079813
0.9677646766002518	0.9744358169874644	0.9743396551279137	0.9738504203417708	0.9745931306222484	0.9783748741142163	0.9774975934867564	0.9775317753131405	0.9728591204018351	0.9686180025983403	0.9760285636426482	0.9770845895195805	0.9739224378965841	0.9780425510052245	0.9705512729441853	0.9720767623981487	0.9722455527800036	0.9770152435307043	0.9764550939290465	0.9722752326256332	0.9735329590328997	0.9755761393985111	0.9744149402554425	0.9746023931862406	0.9790013605555211	0.9783415654646117	0.974576614043311	0.9729583160328444	0.9703174502298467	0.9752684080772194	0.9730152021431674	0.9754510157657891	0.9727698906006544	0.9738842418593365	1.0	0.9716291869188333	0.9737310066817949	0.9737693833470564	0.9784081487788643	0.9726779224945789
0.9837589523874672	0.9891973006777767	0.9867961240939653	0.9889092485401249	0.9715248997805641	0.9735323953482704	0.9770815768130818	0.9745332398876233	0.9755352638083387	0.9746894671163789	0.9741572317034539	0.9758443365228469	0.9844306613457546	0.9765759563848988	0.9824130575247901	0.9872138412071332	0.9875815777416909	0.9812638738983089	0.9863966823574528	0.9888236381830636	0.9893437512152959	0.9794372276244412	0.9793104549844194	0.9759301728054345	0.9773943155332717	0.975272447532487	0.9776159296737592	0.9752378091802955	0.9876934548496035	0.9828555931109925	0.9883117728251511	0.9886354698326709	0.9852076358150595	0.9775495662302974	0.9716291869188333	1.0	0.9901995770696733	0.9884076398507565	0.9774254249098949	0.9761825829863644
0.9864844589631356	0.9935850348081782	0.9889221210991677	0.9930181651041493	0.9745480585555887	0.974895857241401	0.9789977120815941	0.9756329762664496	0.9776486802541348	0.9771636056130508	0.9768042611747586	0.9771891757920308	0.986508152791323	0.9787183939428097	0.9837688084262219	0.989076296339857	0.9922826042716502	0.9822376502686171	0.9877307810730316	0.989034007770266	0.9913270904626498	0.9826365480104725	0.981124832068365	0.9780888419106808	0.9802578125628318	0.9781502276169042	0.9813862159984972	0.9773678765114268	0.9907883367640483	0.9844604617562446	0.9937290861684024	0.9923774035419252	0.9879602679035097	0.980799483444667	0.9737310066817949	0.9901995770696733	1.0	0.9892078858809563	0.9794428263055786	0.9767907707341725
0.9837953663295836	0.9889355652590094	0.9871228366745987	0.9893945525748222	0.9733536721648091	0.9753745961791433	0.9769763807198735	0.9748680550249522	0.9784805675750479	0.9745573683294342	0.9731560506526827	0.9756764633683588	0.984585328805791	0.9780425510052245	0.9820835700235842	0.9879316941121432	0.9867138544973376	0.9799031912847977	0.9847712450720176	0.9853280842922701	0.9896489574002489	0.9801026307355997	0.9786072427698624	0.9776394469953871	0.976880545406187	0.9755750231575986	0.9800927094834788	0.9773678765114268	0.9869007453302239	0.9837502457226928	0.9875036664081795	0.9898386955391442	0.984658537503293	0.9799031912847977	0.9737693833470564	0.9884076398507565	0.9892078858809563	1.0	0.9777018980328608	0.9756363411227517
0.9743210019928646	0.9812103786239996	0.9770836836648975	0.9807370645275932	0.9784134266699297	0.9792832722652342	0.9833333016836624	0.9783798128716513	0.9767949995280466	0.9741578177415344	0.9869221919484588	0.9823223569552121	0.9760212962285681	0.9851080753772307	0.9762146322621227	0.9751517081647642	0.9782890108910298	0.9823537312258735	0.9763371898295999	0.9806512133689059	0.9809805620450955	0.9804303175941566	0.9823000370222383	0.9787617331967441	0.9904523917343203	0.9825363932653219	0.9805962872481566	0.9773303662262072	0.9781890113458265	0.9773592652727963	0.9810867669081313	0.9784683460771304	0.9783496097263094	0.9784006257182912	0.9784081487788643	0.9774254249098949	0.9794428263055786	0.9777018980328608	1.0	0.9781785307892221
0.9680611935263955	0.9748021044814384	0.975452202680641	0.9752670154885666	0.9725002581058868	0.9751181024321672	0.9774573314219457	0.9806314196148374	0.9750825714309717	0.9682984030140018	0.976218675073832	0.9803466171901212	0.9746672251766169	0.9741288393713816	0.971886836953741	0.9731966958552865	0.974172975484682	0.9793789352672388	0.9750807673292959	0.9747773378495109	0.9754240405880765	0.9804303175941566	0.9761464508218021	0.976218675073832	0.9791819095291326	0.979801788671075	0.9787458689882244	0.9757933789923098	0.9721240971053856	0.9781105285014123	0.976843315860646	0.9776650219513298	0.973768931677724	0.9789505328079813	0.9726779224945789	0.9761825829863644	0.9767907707341725	0.9756363411227517	0.9781785307892221	1.0
