/home/jshaw/scratch/2022_sketched_distance/references/SGB_genome_fastas_part2/2212/BritoIL_2016__M1.27.ST__bin.20.fa	/home/jshaw/scratch/2022_sketched_distance/references/SGB_genome_fastas_part2/2212/BritoIL_2016__M1.29.ST__bin.46.fa	/home/jshaw/scratch/2022_sketched_distance/references/SGB_genome_fastas_part2/2212/BritoIL_2016__M2.38.ST__bin.58.fa	/home/jshaw/scratch/2022_sketched_distance/references/SGB_genome_fastas_part2/2212/BritoIL_2016__M2.39.ST__bin.80.fa	/home/jshaw/scratch/2022_sketched_distance/references/SGB_genome_fastas_part2/2212/BritoIL_2016__W2.35.ST__bin.80.fa	/home/jshaw/scratch/2022_sketched_distance/references/SGB_genome_fastas_part2/2212/CosteaPI_2017__SID713A056-11-0-0__bin.33.fa	/home/jshaw/scratch/2022_sketched_distance/references/SGB_genome_fastas_part2/2212/CosteaPI_2017__SID713A056-11-90-0__bin.38.fa	/home/jshaw/scratch/2022_sketched_distance/references/SGB_genome_fastas_part2/2212/CosteaPI_2017__SID713A084-11-0-0__bin.5.fa	/home/jshaw/scratch/2022_sketched_distance/references/SGB_genome_fastas_part2/2212/CosteaPI_2017__SID713A084-11-90-0__bin.49.fa	/home/jshaw/scratch/2022_sketched_distance/references/SGB_genome_fastas_part2/2212/CosteaPI_2017__SID713A087-11-0-0__bin.64.fa	/home/jshaw/scratch/2022_sketched_distance/references/SGB_genome_fastas_part2/2212/LeChatelierE_2013__MH0096__bin.48.fa	/home/jshaw/scratch/2022_sketched_distance/references/SGB_genome_fastas_part2/2212/LeChatelierE_2013__MH0189__bin.65.fa	/home/jshaw/scratch/2022_sketched_distance/references/SGB_genome_fastas_part2/2212/LiuW_2016__SRR3992961__bin.125.fa	/home/jshaw/scratch/2022_sketched_distance/references/SGB_genome_fastas_part2/2212/LiuW_2016__SRR3992980__bin.94.fa	/home/jshaw/scratch/2022_sketched_distance/references/SGB_genome_fastas_part2/2212/LiuW_2016__SRR3992981__bin.61.fa	/home/jshaw/scratch/2022_sketched_distance/references/SGB_genome_fastas_part2/2212/LiuW_2016__SRR3992998__bin.96.fa	/home/jshaw/scratch/2022_sketched_distance/references/SGB_genome_fastas_part2/2212/LiuW_2016__SRR3993043__bin.1.fa	/home/jshaw/scratch/2022_sketched_distance/references/SGB_genome_fastas_part2/2212/LiuW_2016__SRR3993048__bin.88.fa	/home/jshaw/scratch/2022_sketched_distance/references/SGB_genome_fastas_part2/2212/NielsenHB_2014__MH0096__bin.53.fa	/home/jshaw/scratch/2022_sketched_distance/references/SGB_genome_fastas_part2/2212/RampelliS_2015__H14__bin.32.fa	/home/jshaw/scratch/2022_sketched_distance/references/SGB_genome_fastas_part2/2212/RampelliS_2015__H17__bin.38.fa	/home/jshaw/scratch/2022_sketched_distance/references/SGB_genome_fastas_part2/2212/RampelliS_2015__H21__bin.15.fa	/home/jshaw/scratch/2022_sketched_distance/references/SGB_genome_fastas_part2/2212/VogtmannE_2016__MMRS65742083ST-27-0-0__bin.63.fa	/home/jshaw/scratch/2022_sketched_distance/references/SGB_genome_fastas_part2/2212/XieH_2016__YSZC12003_35520__bin.11.fa	/home/jshaw/scratch/2022_sketched_distance/references/SGB_genome_fastas_part2/2212/XieH_2016__YSZC12003_36244__bin.60.fa	/home/jshaw/scratch/2022_sketched_distance/references/SGB_genome_fastas_part2/2212/XieH_2016__YSZC12003_37315__bin.45.fa	/home/jshaw/scratch/2022_sketched_distance/references/SGB_genome_fastas_part2/2212/ZeeviD_2015__PNP_Validation_57__bin.29.fa	/home/jshaw/scratch/2022_sketched_distance/references/SGB_genome_fastas_part2/2212/ZellerG_2014__CCMD72895164ST-21-0__bin.5.fa
1.0	0.9766357391350559	0.977709538424647	0.9772491749857197	0.9781482001834382	0.9802728029260152	0.9790677543291578	0.9748048278535821	0.9748457465021679	0.9786696076065104	0.9703801830869595	0.9698165534296248	0.9734663500387482	0.9745706024057882	0.9735790801277591	0.9743045229676337	0.9770476537849043	0.9741320213073593	0.9709704685658411	0.9770107038370082	0.9703669407937607	0.977580828253759	0.9705799052720911	0.9689520198671017	0.9692346992397939	0.9787340660300548	0.9792382075933774	0.9758812480773879
0.9766357391350559	1.0	0.9767202943689752	0.9761443801812747	0.9771341733608001	0.9778607317121861	0.9769801581662785	0.9739190459905387	0.9734806577606723	0.9771268446010316	0.9702583906293433	0.968813208977033	0.9748057684550959	0.9751382516836977	0.974695342599857	0.9750251228667135	0.9753794055359778	0.9759237705816881	0.97055842338864	0.9762047019626481	0.9687005514307532	0.9763694830009507	0.9705287898244065	0.9685387926711562	0.9693364530823696	0.9760443851434242	0.9775342657083	0.9750697344905351
0.977709538424647	0.9767202943689752	1.0	0.9983426347616162	0.9784698469934264	0.9713541113415434	0.9782688252879838	0.9743069183390534	0.9745903632433831	0.9781678478252291	0.9655319660517215	0.9682520871983059	0.9687966364177009	0.9644327670075784	0.9727917356667575	0.971327341009964	0.9711173868586199	0.9678375600684227	0.9638194907108434	0.9734414285087218	0.9678375600684227	0.9718228632948817	0.9713896975395427	0.970054295663849	0.9710767068942592	0.978868211499976	0.9800826568321683	0.9718842739219739
0.9772491749857197	0.9761443801812747	0.9983426347616162	1.0	0.9771946596148312	0.9808870282282036	0.9795784755506575	0.9745746591613006	0.9744638448565865	0.9789623068804302	0.9717488092900192	0.9704147203291161	0.9731719973285178	0.973226081646942	0.9744836356012314	0.9745465032304648	0.9779639151222325	0.9736407146866622	0.9719119886550175	0.9770107038370082	0.969112485545339	0.9766153839823721	0.9729905778288738	0.9700618736075747	0.9707547527009701	0.9786386504980961	0.9802662106851663	0.9744707792221468
0.9781482001834382	0.9771341733608001	0.9784698469934264	0.9771946596148312	1.0	0.980375978767678	0.9788093652297378	0.974207506731844	0.973770509437685	0.9786696076065104	0.9712792999476217	0.9704147203291161	0.9748525981028874	0.9750255123005563	0.9746108252854053	0.9756835663145088	0.9771250008513716	0.9761282174648132	0.9721102308136754	0.9774756676222032	0.9707096397670579	0.9779120862964602	0.971881339023793	0.9700122439095933	0.9697207911471829	0.9779417480147462	0.9801625956735138	0.9769327058089441
0.9802728029260152	0.9778607317121861	0.9713541113415434	0.9808870282282036	0.980375978767678	1.0	0.9989021041085294	0.9777492754235818	0.9777492754235818	0.9810892319722823	0.9679150260049701	0.9693926957793796	0.974400891434479	0.9682160203337863	0.9781928321547683	0.9732675980395012	0.9707434082659089	0.9710810847793779	0.9643196819275903	0.9752557887999111	0.9704582215024302	0.9740275056866295	0.9732675980395012	0.9716248548848774	0.9737130368969389	0.9822768908516168	0.9844849347344677	0.9755557405646766
0.9790677543291578	0.9769801581662785	0.9782688252879838	0.9795784755506575	0.9788093652297378	0.9989021041085294	1.0	0.9774857919153017	0.9775243636899713	0.9806817163375283	0.9731736550910242	0.9713702927407153	0.9763166046316584	0.9766231740428608	0.977055401457745	0.976099918312567	0.9798650094272552	0.9768338332285272	0.9737793726211758	0.9790966715971787	0.9703669407937607	0.9791591729181255	0.9739252261505073	0.970797322760431	0.972127581596779	0.9810644056939968	0.9826838434674405	0.9769757880482189
0.9748048278535821	0.9739190459905387	0.9743069183390534	0.9745746591613006	0.974207506731844	0.9777492754235818	0.9774857919153017	1.0	0.9994522693220018	0.9766220192504933	0.9723834706653872	0.970575954854473	0.9817059967133276	0.982419983730807	0.9820329020545152	0.983983396000199	0.9787082710256365	0.9841307953711842	0.9726330233476524	0.9748820688693657	0.969870984939427	0.9748019533606598	0.9712871709616082	0.9701114272485692	0.9702419037543365	0.9753363960243426	0.9761165333728571	0.9821780933551076
0.9748457465021679	0.9734806577606723	0.9745903632433831	0.9744638448565865	0.973770509437685	0.9777492754235818	0.9775243636899713	0.9994522693220018	1.0	0.9765828603834178	0.9724975400584439	0.970575954854473	0.9813628728168816	0.9822846577550828	0.9818639642896393	0.9839472652995257	0.9787082710256365	0.9839708777770307	0.9726977835426246	0.9748320338522072	0.9697708743065142	0.9748019533606598	0.9713371034814681	0.9699625379168861	0.970382579923015	0.975103147746975	0.9762728123569858	0.9822514367842595
0.9786696076065104	0.9771268446010316	0.9781678478252291	0.9789623068804302	0.9786696076065104	0.9810892319722823	0.9806817163375283	0.9766220192504933	0.9765828603834178	1.0	0.9716904915147514	0.9708429062346138	0.975501225589259	0.9764614900327705	0.9762205344062286	0.9772736307571875	0.9795796445466135	0.9784864025252309	0.9724379629519329	0.9790966715971787	0.9708068907232447	0.9782400118616583	0.9725610368585624	0.9703580628419144	0.9706685860160513	0.9800723555684128	0.9813835382785686	0.977657465233131
0.9703801830869595	0.9702583906293433	0.9655319660517215	0.9717488092900192	0.9712792999476217	0.9679150260049701	0.9731736550910242	0.9723834706653872	0.9724975400584439	0.9716904915147514	1.0	0.9889205345150162	0.9690778877555474	0.9668475089688371	0.9717488092900192	0.9705620162366093	0.9673767432563478	0.9673463051866312	0.9986769872485619	0.965957585755014	0.9656071403338883	0.9660272194046189	0.9882945273257124	0.9898712940244468	0.9899715545436797	0.9726112094644268	0.9729498460245575	0.97044090777326
0.9698165534296248	0.968813208977033	0.9682520871983059	0.9704147203291161	0.9704147203291161	0.9693926957793796	0.9713702927407153	0.970575954854473	0.970575954854473	0.9708429062346138	0.9889205345150162	1.0	0.9673658374084393	0.9688214682898265	0.9700898199025597	0.9693829821386346	0.9695948105809766	0.9698523956205639	0.9891600890232356	0.9684313379412646	0.965350045668788	0.9685350653520103	0.9880996764297221	0.9901648201261595	0.9894806909314734	0.9719406657446766	0.9715268478569388	0.9684144446802573
0.9734663500387482	0.9748057684550959	0.9687966364177009	0.9731719973285178	0.9748525981028874	0.974400891434479	0.9763166046316584	0.9817059967133276	0.9813628728168816	0.975501225589259	0.9690778877555474	0.9673658374084393	1.0	0.9959565710517825	0.9810548227157184	0.9796253721377509	0.9751339434905238	0.9809502835566173	0.9696472340776036	0.9725504820543506	0.9691359851474187	0.9716490085298651	0.9697443065025271	0.9700170760917485	0.9703413909527059	0.9749926834899254	0.9755470646662716	0.9778458803404406
0.9745706024057882	0.9751382516836977	0.9644327670075784	0.973226081646942	0.9750255123005563	0.9682160203337863	0.9766231740428608	0.982419983730807	0.9822846577550828	0.9764614900327705	0.9668475089688371	0.9688214682898265	0.9959565710517825	1.0	0.9821487701554698	0.9808997026611652	0.973963279839132	0.9811346385214086	0.9652358917487481	0.9728055715338925	0.9696984704026054	0.9717610331462585	0.9707461830076808	0.9704224037988868	0.970874792910441	0.9753625641522973	0.975585339606939	0.9796010162377222
0.9735790801277591	0.974695342599857	0.9727917356667575	0.9744836356012314	0.9746108252854053	0.9781928321547683	0.977055401457745	0.9820329020545152	0.9818639642896393	0.9762205344062286	0.9717488092900192	0.9700898199025597	0.9810548227157184	0.9821487701554698	1.0	0.9832900112106827	0.9797226386805176	0.984408788976617	0.9722417216365602	0.974681464852387	0.9688556430954538	0.974121418527367	0.9709354700757429	0.9698129597761372	0.9700768468726836	0.9750729733964124	0.9751978814949716	0.9807523948797368
0.9743045229676337	0.9750251228667135	0.971327341009964	0.9745465032304648	0.9756835663145088	0.9732675980395012	0.976099918312567	0.983983396000199	0.9839472652995257	0.9772736307571875	0.9705620162366093	0.9693829821386346	0.9796253721377509	0.9808997026611652	0.9832900112106827	1.0	0.9778885363354327	0.9846844472190233	0.9710386355731007	0.9731888001380249	0.9695521790221241	0.9723828306086113	0.9715163625348228	0.9717274248920691	0.9718324425439452	0.9756369742824038	0.9759617255588705	0.9812744726582182
0.9770476537849043	0.9753794055359778	0.9711173868586199	0.9779639151222325	0.9771250008513716	0.9707434082659089	0.9798650094272552	0.9787082710256365	0.9787082710256365	0.9795796445466135	0.9673767432563478	0.9695948105809766	0.9751339434905238	0.973963279839132	0.9797226386805176	0.9778885363354327	1.0	0.9766581385245248	0.9609268366045137	0.976263906316669	0.9693993468246557	0.9745538847815027	0.9715788651547199	0.9721240971053856	0.972214083661292	0.9770476537849043	0.9788551252583201	0.9768145042211513
0.9741320213073593	0.9759237705816881	0.9678375600684227	0.9736407146866622	0.9761282174648132	0.9710810847793779	0.9768338332285272	0.9841307953711842	0.9839708777770307	0.9784864025252309	0.9673463051866312	0.9698523956205639	0.9809502835566173	0.9811346385214086	0.984408788976617	0.9846844472190233	0.9766581385245248	1.0	0.9669809407867571	0.9717144649317758	0.9695417619788047	0.9700987711831202	0.9722929861027615	0.9714801322649185	0.9723502741805444	0.9757695877833145	0.9760772260616596	0.9822428875774781
0.9709704685658411	0.97055842338864	0.9638194907108434	0.9719119886550175	0.9721102308136754	0.9643196819275903	0.9737793726211758	0.9726330233476524	0.9726977835426246	0.9724379629519329	0.9986769872485619	0.9891600890232356	0.9696472340776036	0.9652358917487481	0.9722417216365602	0.9710386355731007	0.9609268366045137	0.9669809407867571	1.0	0.9653172982125232	0.9657212699315826	0.964990429117706	0.9883685937638477	0.9899712045125987	0.989894808967114	0.9731475194015174	0.973338370649497	0.971174540423646
0.9770107038370082	0.9762047019626481	0.9734414285087218	0.9770107038370082	0.9774756676222032	0.9752557887999111	0.9790966715971787	0.9748820688693657	0.9748320338522072	0.9790966715971787	0.965957585755014	0.9684313379412646	0.9725504820543506	0.9728055715338925	0.974681464852387	0.9731888001380249	0.976263906316669	0.9717144649317758	0.9653172982125232	1.0	0.973711301607122	0.9778177841929085	0.9707841500694411	0.9700381081922524	0.970556425832029	0.9786544146494776	0.9801342639925036	0.9732414305543264
0.9703669407937607	0.9687005514307532	0.9678375600684227	0.969112485545339	0.9707096397670579	0.9704582215024302	0.9703669407937607	0.969870984939427	0.9697708743065142	0.9708068907232447	0.9656071403338883	0.965350045668788	0.9691359851474187	0.9696984704026054	0.9688556430954538	0.9695521790221241	0.9693993468246557	0.9695417619788047	0.9657212699315826	0.973711301607122	1.0	0.971819833320815	0.9658586155510704	0.9641438121046761	0.9656026046885545	0.9710969023201229	0.9712409394917825	0.9699899565773885
0.977580828253759	0.9763694830009507	0.9718228632948817	0.9766153839823721	0.9779120862964602	0.9740275056866295	0.9791591729181255	0.9748019533606598	0.9748019533606598	0.9782400118616583	0.9660272194046189	0.9685350653520103	0.9716490085298651	0.9717610331462585	0.974121418527367	0.9723828306086113	0.9745538847815027	0.9700987711831202	0.964990429117706	0.9778177841929085	0.971819833320815	1.0	0.9706046895088252	0.9698289298847672	0.9706046895088252	0.9787487520703301	0.9800090333690631	0.9734263148188183
0.9705799052720911	0.9705287898244065	0.9713896975395427	0.9729905778288738	0.971881339023793	0.9732675980395012	0.9739252261505073	0.9712871709616082	0.9713371034814681	0.9725610368585624	0.9882945273257124	0.9880996764297221	0.9697443065025271	0.9707461830076808	0.9709354700757429	0.9715163625348228	0.9715788651547199	0.9722929861027615	0.9883685937638477	0.9707841500694411	0.9658586155510704	0.9706046895088252	1.0	0.9894062750526406	0.989291267805799	0.9733207759568706	0.9742916775679097	0.970676758766538
0.9689520198671017	0.9685387926711562	0.970054295663849	0.9700618736075747	0.9700122439095933	0.9716248548848774	0.970797322760431	0.9701114272485692	0.9699625379168861	0.9703580628419144	0.9898712940244468	0.9901648201261595	0.9700170760917485	0.9704224037988868	0.9698129597761372	0.9717274248920691	0.9721240971053856	0.9714801322649185	0.9899712045125987	0.9700381081922524	0.9641438121046761	0.9698289298847672	0.9894062750526406	1.0	0.9886642407239093	0.9712306998334135	0.9711348940177861	0.9701497488011465
0.9692346992397939	0.9693364530823696	0.9710767068942592	0.9707547527009701	0.9697207911471829	0.9737130368969389	0.972127581596779	0.9702419037543365	0.970382579923015	0.9706685860160513	0.9899715545436797	0.9894806909314734	0.9703413909527059	0.970874792910441	0.9700768468726836	0.9718324425439452	0.972214083661292	0.9723502741805444	0.989894808967114	0.970556425832029	0.9656026046885545	0.9706046895088252	0.989291267805799	0.9886642407239093	1.0	0.9721578117480781	0.9717566959230509	0.9704143270493323
0.9787340660300548	0.9760443851434242	0.978868211499976	0.9786386504980961	0.9779417480147462	0.9822768908516168	0.9810644056939968	0.9753363960243426	0.975103147746975	0.9800723555684128	0.9726112094644268	0.9719406657446766	0.9749926834899254	0.9753625641522973	0.9750729733964124	0.9756369742824038	0.9770476537849043	0.9757695877833145	0.9731475194015174	0.9786544146494776	0.9710969023201229	0.9787487520703301	0.9733207759568706	0.9712306998334135	0.9721578117480781	1.0	0.9814513905365101	0.9764987188103482
0.9792382075933774	0.9775342657083	0.9800826568321683	0.9802662106851663	0.9801625956735138	0.9844849347344677	0.9826838434674405	0.9761165333728571	0.9762728123569858	0.9813835382785686	0.9729498460245575	0.9715268478569388	0.9755470646662716	0.975585339606939	0.9751978814949716	0.9759617255588705	0.9788551252583201	0.9760772260616596	0.973338370649497	0.9801342639925036	0.9712409394917825	0.9800090333690631	0.9742916775679097	0.9711348940177861	0.9717566959230509	0.9814513905365101	1.0	0.9768031160387235
0.9758812480773879	0.9750697344905351	0.9718842739219739	0.9744707792221468	0.9769327058089441	0.9755557405646766	0.9769757880482189	0.9821780933551076	0.9822514367842595	0.977657465233131	0.97044090777326	0.9684144446802573	0.9778458803404406	0.9796010162377222	0.9807523948797368	0.9812744726582182	0.9768145042211513	0.9822428875774781	0.971174540423646	0.9732414305543264	0.9699899565773885	0.9734263148188183	0.970676758766538	0.9701497488011465	0.9704143270493323	0.9764987188103482	0.9768031160387235	1.0
