/home/jshaw/scratch/2022_sketched_distance/references/SGB_genome_fastas_part4/9278/BritoIL_2016__M1.22.ST__bin.77.fa	/home/jshaw/scratch/2022_sketched_distance/references/SGB_genome_fastas_part4/9278/BritoIL_2016__M1.26.ST__bin.18.fa	/home/jshaw/scratch/2022_sketched_distance/references/SGB_genome_fastas_part4/9278/BritoIL_2016__M1.27.ST__bin.15.fa	/home/jshaw/scratch/2022_sketched_distance/references/SGB_genome_fastas_part4/9278/BritoIL_2016__M1.38.ST__bin.20.fa	/home/jshaw/scratch/2022_sketched_distance/references/SGB_genome_fastas_part4/9278/BritoIL_2016__M1.48.ST__bin.84.fa	/home/jshaw/scratch/2022_sketched_distance/references/SGB_genome_fastas_part4/9278/BritoIL_2016__M1.61.ST__bin.86.fa	/home/jshaw/scratch/2022_sketched_distance/references/SGB_genome_fastas_part4/9278/BritoIL_2016__M2.39.ST__bin.56.fa	/home/jshaw/scratch/2022_sketched_distance/references/SGB_genome_fastas_part4/9278/BritoIL_2016__M2.3.ST__bin.28.fa	/home/jshaw/scratch/2022_sketched_distance/references/SGB_genome_fastas_part4/9278/BritoIL_2016__M2.51.ST__bin.46.fa	/home/jshaw/scratch/2022_sketched_distance/references/SGB_genome_fastas_part4/9278/BritoIL_2016__W1.11.ST__bin.50.fa	/home/jshaw/scratch/2022_sketched_distance/references/SGB_genome_fastas_part4/9278/BritoIL_2016__W1.13.ST__bin.14.fa	/home/jshaw/scratch/2022_sketched_distance/references/SGB_genome_fastas_part4/9278/BritoIL_2016__W1.26.ST__bin.16.fa	/home/jshaw/scratch/2022_sketched_distance/references/SGB_genome_fastas_part4/9278/BritoIL_2016__W1.27.ST__bin.36.fa	/home/jshaw/scratch/2022_sketched_distance/references/SGB_genome_fastas_part4/9278/BritoIL_2016__W1.2.ST__bin.104.fa	/home/jshaw/scratch/2022_sketched_distance/references/SGB_genome_fastas_part4/9278/BritoIL_2016__W1.33.ST__bin.72.fa	/home/jshaw/scratch/2022_sketched_distance/references/SGB_genome_fastas_part4/9278/BritoIL_2016__W1.36.ST__bin.47.fa	/home/jshaw/scratch/2022_sketched_distance/references/SGB_genome_fastas_part4/9278/BritoIL_2016__W1.37.ST__bin.8.fa	/home/jshaw/scratch/2022_sketched_distance/references/SGB_genome_fastas_part4/9278/BritoIL_2016__W1.39.ST__bin.59.fa	/home/jshaw/scratch/2022_sketched_distance/references/SGB_genome_fastas_part4/9278/BritoIL_2016__W1.40.ST__bin.48.fa	/home/jshaw/scratch/2022_sketched_distance/references/SGB_genome_fastas_part4/9278/BritoIL_2016__W1.41.ST__bin.53.fa	/home/jshaw/scratch/2022_sketched_distance/references/SGB_genome_fastas_part4/9278/BritoIL_2016__W1.4.ST__bin.43.fa	/home/jshaw/scratch/2022_sketched_distance/references/SGB_genome_fastas_part4/9278/BritoIL_2016__W1.9.ST__bin.22.fa	/home/jshaw/scratch/2022_sketched_distance/references/SGB_genome_fastas_part4/9278/BritoIL_2016__W2.15.ST__bin.36.fa	/home/jshaw/scratch/2022_sketched_distance/references/SGB_genome_fastas_part4/9278/BritoIL_2016__W2.17.ST__bin.4.fa	/home/jshaw/scratch/2022_sketched_distance/references/SGB_genome_fastas_part4/9278/BritoIL_2016__W2.4.ST__bin.57.fa	/home/jshaw/scratch/2022_sketched_distance/references/SGB_genome_fastas_part4/9278/BritoIL_2016__W2.61.ST__bin.99.fa	/home/jshaw/scratch/2022_sketched_distance/references/SGB_genome_fastas_part4/9278/BritoIL_2016__W2.65.ST__bin.28.fa	/home/jshaw/scratch/2022_sketched_distance/references/SGB_genome_fastas_part4/9278/BritoIL_2016__W3.17.ST__bin.58.fa	/home/jshaw/scratch/2022_sketched_distance/references/SGB_genome_fastas_part4/9278/BritoIL_2016__WL.12.ST__bin.35.fa	/home/jshaw/scratch/2022_sketched_distance/references/SGB_genome_fastas_part4/9278/BritoIL_2016__WL.14.ST__bin.31.fa	/home/jshaw/scratch/2022_sketched_distance/references/SGB_genome_fastas_part4/9278/BritoIL_2016__WL.20.ST__bin.58.fa	/home/jshaw/scratch/2022_sketched_distance/references/SGB_genome_fastas_part4/9278/QinJ_2012__CON-110__bin.49.fa	/home/jshaw/scratch/2022_sketched_distance/references/SGB_genome_fastas_part4/9278/ZeeviD_2015__PNP_Main_706__bin.20.fa
1.0	0.9914173202742705	0.9941753718896643	0.9913579189586086	0.9953573040241435	0.9925348141459429	0.9931393041884197	0.9944675491726988	0.992105699895815	0.9952176776856043	0.9931509143184458	0.9909204716453093	0.9946196222287582	0.9949632687267508	0.9926382562529501	0.9837467474634688	0.9939838407207544	0.9944675491726988	0.9947311105766983	0.9947835394102318	0.9951114704607312	0.9948742058398775	0.9952021339907747	0.9875609147690353	0.995209314090101	0.9861657197479489	0.995193151523224	0.9896461323565001	0.9948062649227767	0.9946456243210019	0.9951181748899117	0.9881821864403355	0.9941902302267945
0.9914173202742705	1.0	0.9914338244728064	0.9888604276945688	0.9942267716411399	0.9906853513791599	0.9911199495652994	0.9911444951176582	0.9890703566063281	0.9908527311502702	0.9909168968883918	0.9887130925287505	0.9914836112590183	0.9909045165807672	0.9909916062794885	0.983193654240018	0.9910158583899202	0.9918826272672823	0.9919984165051854	0.9918507023403021	0.9920429228382706	0.9918723177804345	0.9915140908057978	0.9859816563925645	0.9924619241487271	0.9812042944100443	0.9925504153175029	0.9885476541834355	0.9918319425148643	0.992126100666343	0.9920436089998786	0.9861125814356508	0.9908606842895755
0.9941753718896643	0.9914338244728064	1.0	0.9918943722826327	0.9949060193510308	0.992975053205011	0.9930432962176472	0.9950918912870711	0.9911897367184374	0.9947666257104628	0.9938544534437774	0.9906925714256558	0.994994288778912	0.9945772812065351	0.9930812393656071	0.9840942422180925	0.9925559959088145	0.9943542073315046	0.9952663082758038	0.994822972266944	0.9946403373842473	0.9952774801708865	0.9952724568586321	0.9884996542592908	0.994371863613724	0.986964853483964	0.9943521051452746	0.9901558063479734	0.9939836843626324	0.9960071180848319	0.9964083219572044	0.9878322556720535	0.9938572580290554
0.9913579189586086	0.9888604276945688	0.9918943722826327	1.0	0.991816550820681	0.9903236133449334	0.9904130394493973	0.9917002356030798	0.9893525474057019	0.9912848817521167	0.9901678616049349	0.9885887254568438	0.9916881590937503	0.9909448430541443	0.989920812960868	0.9820911193559345	0.9906058693947983	0.9911341818983295	0.9917250145529594	0.9915723500668974	0.9915079102240213	0.9917399291281853	0.9919873526138011	0.9857722870040361	0.9914942200015388	0.9824883982730764	0.9915088947907363	0.9879708416979104	0.9913584805408427	0.9919930090163528	0.9921271234798249	0.9858094054640595	0.9904206900517124
0.9953573040241435	0.9942267716411399	0.9949060193510308	0.991816550820681	1.0	0.9940246176385229	0.994217558957747	0.9951054382252874	0.9917997080416344	0.9953768764818135	0.9942515552451795	0.992135540047037	0.9959184467023963	0.9952625503413639	0.9947797705299889	0.9850979494371906	0.9946602012450257	0.9958364095978963	0.9960854540094966	0.9958258440732803	0.9959991651091592	0.9961054180930345	0.9957736644852946	0.9889862041985028	0.9966353057415971	0.9866528916026652	0.9965862354850437	0.9914140148376954	0.9956920560982548	0.9962784359722611	0.9960773702742243	0.989406575593019	0.9949333514837185
0.9925348141459429	0.9906853513791599	0.992975053205011	0.9903236133449334	0.9940246176385229	1.0	0.9918512426746927	0.9924574269866607	0.9902241723993646	0.9927603142964142	0.9927802550491703	0.9897496625320318	0.9929873246221865	0.9928823048140265	0.9930409422972939	0.9844366384956815	0.9928035767774808	0.9930722102495694	0.9931774107702135	0.9937228895147991	0.9937386906747017	0.9937165170250913	0.9926782203262504	0.9878783841866114	0.9932863532370644	0.9829298150807968	0.9933056334426489	0.989501278506046	0.9928141267771641	0.9935859924499911	0.9934360288384831	0.9883550456900096	0.9922474420957633
0.9931393041884197	0.9911199495652994	0.9930432962176472	0.9904130394493973	0.994217558957747	0.9918512426746927	1.0	0.9937836843803988	0.9905517498971725	0.9939274454293577	0.9929220052182822	0.9905242165002652	0.9940719342284668	0.9933774526471538	0.9921863871693524	0.983652826412614	0.992416991507741	0.993849671235596	0.994235320156895	0.9939170188927074	0.9933897111182624	0.9944706556468934	0.9943338416618519	0.9886194037327657	0.9939833299226061	0.9844631374804106	0.9939611437563126	0.9906889666319463	0.9932612547632312	0.9935617465170462	0.9937204063429612	0.9886112381158209	0.9931402614302243
0.9944675491726988	0.9911444951176582	0.9950918912870711	0.9917002356030798	0.9951054382252874	0.9924574269866607	0.9937836843803988	1.0	0.991757205746239	0.9957102710024873	0.9942976067022001	0.9911127621603358	0.9982059012522321	0.9953249723993791	0.9930864016312198	0.9837153234863132	0.9931109510938855	0.9956429205809377	0.9976103307651105	0.9947431065032818	0.9948012457578926	0.995895659751671	0.9987339042597849	0.9887644212864032	0.9952338588026256	0.9888656377286118	0.9952175852578943	0.9922848491599737	0.9941801241569195	0.9949253865713827	0.9955161832178804	0.9886401190843385	0.9944287386922339
0.992105699895815	0.9890703566063281	0.9911897367184374	0.9893525474057019	0.9917997080416344	0.9902241723993646	0.9905517498971725	0.991757205746239	1.0	0.9919180138306104	0.9904652382818241	0.9876163784225495	0.9918610456391611	0.9912605000975498	0.9899356377196218	0.9827685327310342	0.9916960121457984	0.9915649342933218	0.9919206694051655	0.991246747224904	0.9911405240177747	0.9917482050564272	0.9922742182144861	0.9861895565864933	0.9915302722673824	0.9832695500060227	0.9915925244795709	0.9868432981022742	0.9912041719263203	0.9913252384226038	0.9915833938175994	0.9859439095793302	0.9907504556933132
0.9952176776856043	0.9908527311502702	0.9947666257104628	0.9912848817521167	0.9953768764818135	0.9927603142964142	0.9939274454293577	0.9957102710024873	0.9919180138306104	1.0	0.9942412429453691	0.991361475726053	0.9960767128237458	0.9971150538982382	0.9934424882498226	0.9836747914112042	0.9933318830941128	0.9957296262295516	0.996034824214011	0.9950201026949187	0.9951885451991728	0.9985072994737847	0.9963549569348645	0.9911090140426401	0.9954606845675865	0.9875927287556673	0.9954260915668054	0.9910883985189627	0.9946874914043159	0.9949635510853649	0.9953718138887983	0.9886816990170816	0.9946549926293982
0.9931509143184458	0.9909168968883918	0.9938544534437774	0.9901678616049349	0.9942515552451795	0.9927802550491703	0.9929220052182822	0.9942976067022001	0.9904652382818241	0.9942412429453691	1.0	0.990700500863362	0.9946272374932236	0.9941001899580274	0.9924358281602976	0.983676037895873	0.9923489481415902	0.9941910891739038	0.994455413682381	0.9937640541039878	0.994551144572468	0.9948536815343351	0.994554710213067	0.9883802573469128	0.9941271311116958	0.9846690677842467	0.9941059279403714	0.9907319064728379	0.9937034025349949	0.9940397345963728	0.99399940231354	0.9884692321844303	0.9931741562342323
0.9909204716453093	0.9887130925287505	0.9906925714256558	0.9885887254568438	0.992135540047037	0.9897496625320318	0.9905242165002652	0.9911127621603358	0.9876163784225495	0.991361475726053	0.990700500863362	1.0	0.9914523339071005	0.9913465519130951	0.9901164280245168	0.9822594090510883	0.9900139651993033	0.9918988922353865	0.9915372730299631	0.9923698009003151	0.9912225692944098	0.9920564285813653	0.9917256925562291	0.9865799082079346	0.9918353729988831	0.981298309461919	0.9918029492854558	0.988035956041864	0.9910916038095219	0.9913872789592358	0.9913317672732626	0.9865519287118659	0.991054950214209
0.9946196222287582	0.9914836112590183	0.994994288778912	0.9916881590937503	0.9959184467023963	0.9929873246221865	0.9940719342284668	0.9982059012522321	0.9918610456391611	0.9960767128237458	0.9946272374932236	0.9914523339071005	1.0	0.9958242858233168	0.9934851584479146	0.9840430638836082	0.9938712378671883	0.9965818054464796	0.9982151658307408	0.9954130960185502	0.9956477180137969	0.9966857111600342	0.9984893055811637	0.9891888690265009	0.9960496486247454	0.9885896531284345	0.9959423003308249	0.9929383828153789	0.9952613801722907	0.9956490163539391	0.9956624156182768	0.9892430792611774	0.994783066625334
0.9949632687267508	0.9909045165807672	0.9945772812065351	0.9909448430541443	0.9952625503413639	0.9928823048140265	0.9933774526471538	0.9953249723993791	0.9912605000975498	0.9971150538982382	0.9941001899580274	0.9913465519130951	0.9958242858233168	1.0	0.9933938846530243	0.9838143730375946	0.9939230778926579	0.9954836376572322	0.9954915821903152	0.9950795650388597	0.9954823472529968	0.9973172264597924	0.9957555083115319	0.9897390285559036	0.9952118178018351	0.9868747748430882	0.9951756505703001	0.9905147910539053	0.9946217744121307	0.9946194126069747	0.9950596586693932	0.9886445481779059	0.9946287885045688
0.9926382562529501	0.9909916062794885	0.9930812393656071	0.989920812960868	0.9947797705299889	0.9930409422972939	0.9921863871693524	0.9930864016312198	0.9899356377196218	0.9934424882498226	0.9924358281602976	0.9901164280245168	0.9934851584479146	0.9933938846530243	1.0	0.9846985485461554	0.9928903848105878	0.9934014054038655	0.9936951709270637	0.9937383487668736	0.9935367660824364	0.9941250664879526	0.993389119916329	0.9881042581840775	0.9938501955904422	0.9845975221749503	0.9938492255682883	0.9894496231486878	0.9933883335791343	0.9937343443808356	0.993605985437038	0.988540670999388	0.992745185161643
0.9837467474634688	0.983193654240018	0.9840942422180925	0.9820911193559345	0.9850979494371906	0.9844366384956815	0.983652826412614	0.9837153234863132	0.9827685327310342	0.9836747914112042	0.983676037895873	0.9822594090510883	0.9840430638836082	0.9838143730375946	0.9846985485461554	1.0	0.9842799322135308	0.9844384621472905	0.9847140269901015	0.985575480367581	0.9847319036289544	0.9845852935766477	0.984029157383437	0.9814362826087818	0.9845522721403855	0.9729386729802826	0.9846823549793284	0.9828126108965803	0.9845094661749328	0.9842760780333019	0.9838523320043703	0.9805091120268083	0.9833646413626106
0.9939838407207544	0.9910158583899202	0.9925559959088145	0.9906058693947983	0.9946602012450257	0.9928035767774808	0.992416991507741	0.9931109510938855	0.9916960121457984	0.9933318830941128	0.9923489481415902	0.9900139651993033	0.9938712378671883	0.9939230778926579	0.9928903848105878	0.9842799322135308	1.0	0.9935998384402261	0.9939921360549648	0.9939954905255076	0.9943455729774208	0.994182494504981	0.9937616101066565	0.9876280501381632	0.9941466264350842	0.9845323153584477	0.9941251755930507	0.9900982552459479	0.9938908187259908	0.9934884373210426	0.993537681515548	0.9886244360922385	0.9931795246985533
0.9944675491726988	0.9918826272672823	0.9943542073315046	0.9911341818983295	0.9958364095978963	0.9930722102495694	0.993849671235596	0.9956429205809377	0.9915649342933218	0.9957296262295516	0.9941910891739038	0.9918988922353865	0.9965818054464796	0.9954836376572322	0.9934014054038655	0.9844384621472905	0.9935998384402261	1.0	0.9963337372366402	0.9956140054166229	0.9949781766486867	0.9966221752563487	0.9963546660254667	0.9893367210481634	0.9956436665373335	0.9870557001493834	0.9956872297154314	0.9922597343814362	0.9952237008673445	0.9954819909975895	0.9956920560982548	0.9890294617949446	0.9944696297187238
0.9947311105766983	0.9919984165051854	0.9952663082758038	0.9917250145529594	0.9960854540094966	0.9931774107702135	0.994235320156895	0.9976103307651105	0.9919206694051655	0.996034824214011	0.994455413682381	0.9915372730299631	0.9982151658307408	0.9954915821903152	0.9936951709270637	0.9847140269901015	0.9939921360549648	0.9963337372366402	1.0	0.995619312096402	0.9954918207340293	0.9966265160616161	0.997973886254247	0.9889774586205877	0.9963073295826137	0.9896200014982677	0.9963325629663063	0.9924928692320041	0.9952754276821024	0.9959694988428216	0.9960757903135323	0.9894419688424639	0.9947572750474182
0.9947835394102318	0.9918507023403021	0.994822972266944	0.9915723500668974	0.9958258440732803	0.9937228895147991	0.9939170188927074	0.9947431065032818	0.991246747224904	0.9950201026949187	0.9937640541039878	0.9923698009003151	0.9954130960185502	0.9950795650388597	0.9937383487668736	0.985575480367581	0.9939954905255076	0.9956140054166229	0.995619312096402	1.0	0.9955333706056685	0.9959040416021285	0.9953573040241435	0.9883477556295702	0.9955958163216783	0.986965847771747	0.9956003214900447	0.9908995764968394	0.9951579723876676	0.9955909460851118	0.9955270941502024	0.9895326430064937	0.9948108821535969
0.9951114704607312	0.9920429228382706	0.9946403373842473	0.9915079102240213	0.9959991651091592	0.9937386906747017	0.9933897111182624	0.9948012457578926	0.9911405240177747	0.9951885451991728	0.994551144572468	0.9912225692944098	0.9956477180137969	0.9954823472529968	0.9935367660824364	0.9847319036289544	0.9943455729774208	0.9949781766486867	0.9954918207340293	0.9955333706056685	1.0	0.995809825775078	0.9952310419239355	0.9883331481995307	0.995809380453329	0.9865336254039769	0.9957575794388241	0.9906119267789264	0.9953245338146892	0.9952484900927062	0.995089712637398	0.988664038685357	0.9946103455813817
0.9948742058398775	0.9918723177804345	0.9952774801708865	0.9917399291281853	0.9961054180930345	0.9937165170250913	0.9944706556468934	0.995895659751671	0.9917482050564272	0.9985072994737847	0.9948536815343351	0.9920564285813653	0.9966857111600342	0.9973172264597924	0.9941250664879526	0.9845852935766477	0.994182494504981	0.9966221752563487	0.9966265160616161	0.9959040416021285	0.995809825775078	1.0	0.9965005664042917	0.9916026166135573	0.9961404583068217	0.9880597969966802	0.9961085537195001	0.9918195752244723	0.9955590834666687	0.9957175721309022	0.995672806959268	0.9894006234492421	0.9949029073153172
0.9952021339907747	0.9915140908057978	0.9952724568586321	0.9919873526138011	0.9957736644852946	0.9926782203262504	0.9943338416618519	0.9987339042597849	0.9922742182144861	0.9963549569348645	0.994554710213067	0.9917256925562291	0.9984893055811637	0.9957555083115319	0.993389119916329	0.984029157383437	0.9937616101066565	0.9963546660254667	0.997973886254247	0.9953573040241435	0.9952310419239355	0.9965005664042917	1.0	0.9893499322846339	0.9957751246595041	0.9891348497760575	0.9957608986663966	0.9928227578490939	0.9950058554024752	0.9954599334503667	0.9959971769496933	0.9892359603558567	0.9950967545272694
0.9875609147690353	0.9859816563925645	0.9884996542592908	0.9857722870040361	0.9889862041985028	0.9878783841866114	0.9886194037327657	0.9887644212864032	0.9861895565864933	0.9911090140426401	0.9883802573469128	0.9865799082079346	0.9891888690265009	0.9897390285559036	0.9881042581840775	0.9814362826087818	0.9876280501381632	0.9893367210481634	0.9889774586205877	0.9883477556295702	0.9883331481995307	0.9916026166135573	0.9893499322846339	1.0	0.9887386004969498	0.9786285126701001	0.988830535696975	0.9865187368558048	0.9883275899992886	0.9887713014563468	0.9884635924653022	0.9850825726022457	0.9876819303829266
0.995209314090101	0.9924619241487271	0.994371863613724	0.9914942200015388	0.9966353057415971	0.9932863532370644	0.9939833299226061	0.9952338588026256	0.9915302722673824	0.9954606845675865	0.9941271311116958	0.9918353729988831	0.9960496486247454	0.9952118178018351	0.9938501955904422	0.9845522721403855	0.9941466264350842	0.9956436665373335	0.9963073295826137	0.9955958163216783	0.995809380453329	0.9961404583068217	0.9957751246595041	0.9887386004969498	1.0	0.9868770917143942	0.9998310350290408	0.9912578014470945	0.9953660048892881	0.9955236801509774	0.9953050388694257	0.9893264718423843	0.9947866611369297
0.9861657197479489	0.9812042944100443	0.986964853483964	0.9824883982730764	0.9866528916026652	0.9829298150807968	0.9844631374804106	0.9888656377286118	0.9832695500060227	0.9875927287556673	0.9846690677842467	0.981298309461919	0.9885896531284345	0.9868747748430882	0.9845975221749503	0.9729386729802826	0.9845323153584477	0.9870557001493834	0.9896200014982677	0.986965847771747	0.9865336254039769	0.9880597969966802	0.9891348497760575	0.9786285126701001	0.9868770917143942	1.0	0.9867270928225973	0.9817945966580779	0.9861907171003124	0.9868853925579775	0.9877625195107467	0.9793710150251382	0.985889727159984
0.995193151523224	0.9925504153175029	0.9943521051452746	0.9915088947907363	0.9965862354850437	0.9933056334426489	0.9939611437563126	0.9952175852578943	0.9915925244795709	0.9954260915668054	0.9941059279403714	0.9918029492854558	0.9959423003308249	0.9951756505703001	0.9938492255682883	0.9846823549793284	0.9941251755930507	0.9956872297154314	0.9963325629663063	0.9956003214900447	0.9957575794388241	0.9961085537195001	0.9957608986663966	0.988830535696975	0.9998310350290408	0.9867270928225973	1.0	0.9913235668696162	0.9952722514990616	0.995488969205072	0.9952695801972504	0.9893075542324753	0.9947486032785374
0.9896461323565001	0.9885476541834355	0.9901558063479734	0.9879708416979104	0.9914140148376954	0.989501278506046	0.9906889666319463	0.9922848491599737	0.9868432981022742	0.9910883985189627	0.9907319064728379	0.988035956041864	0.9929383828153789	0.9905147910539053	0.9894496231486878	0.9828126108965803	0.9900982552459479	0.9922597343814362	0.9924928692320041	0.9908995764968394	0.9906119267789264	0.9918195752244723	0.9928227578490939	0.9865187368558048	0.9912578014470945	0.9817945966580779	0.9913235668696162	1.0	0.9905929085350174	0.9910340654554315	0.9906386746872535	0.986207900330216	0.990494364468304
0.9948062649227767	0.9918319425148643	0.9939836843626324	0.9913584805408427	0.9956920560982548	0.9928141267771641	0.9932612547632312	0.9941801241569195	0.9912041719263203	0.9946874914043159	0.9937034025349949	0.9910916038095219	0.9952613801722907	0.9946217744121307	0.9933883335791343	0.9845094661749328	0.9938908187259908	0.9952237008673445	0.9952754276821024	0.9951579723876676	0.9953245338146892	0.9955590834666687	0.9950058554024752	0.9883275899992886	0.9953660048892881	0.9861907171003124	0.9952722514990616	0.9905929085350174	1.0	0.9950028744143227	0.9949606841949596	0.9890230201410277	0.9942875907717827
0.9946456243210019	0.992126100666343	0.9960071180848319	0.9919930090163528	0.9962784359722611	0.9935859924499911	0.9935617465170462	0.9949253865713827	0.9913252384226038	0.9949635510853649	0.9940397345963728	0.9913872789592358	0.9956490163539391	0.9946194126069747	0.9937343443808356	0.9842760780333019	0.9934884373210426	0.9954819909975895	0.9959694988428216	0.9955909460851118	0.9952484900927062	0.9957175721309022	0.9954599334503667	0.9887713014563468	0.9955236801509774	0.9868853925579775	0.995488969205072	0.9910340654554315	0.9950028744143227	1.0	0.9987721421691417	0.9889527454708551	0.9942422454799386
0.9951181748899117	0.9920436089998786	0.9964083219572044	0.9921271234798249	0.9960773702742243	0.9934360288384831	0.9937204063429612	0.9955161832178804	0.9915833938175994	0.9953718138887983	0.99399940231354	0.9913317672732626	0.9956624156182768	0.9950596586693932	0.993605985437038	0.9838523320043703	0.993537681515548	0.9956920560982548	0.9960757903135323	0.9955270941502024	0.995089712637398	0.995672806959268	0.9959971769496933	0.9884635924653022	0.9953050388694257	0.9877625195107467	0.9952695801972504	0.9906386746872535	0.9949606841949596	0.9987721421691417	1.0	0.9888223117152882	0.9946093273286719
0.9881821864403355	0.9861125814356508	0.9878322556720535	0.9858094054640595	0.989406575593019	0.9883550456900096	0.9886112381158209	0.9886401190843385	0.9859439095793302	0.9886816990170816	0.9884692321844303	0.9865519287118659	0.9892430792611774	0.9886445481779059	0.988540670999388	0.9805091120268083	0.9886244360922385	0.9890294617949446	0.9894419688424639	0.9895326430064937	0.988664038685357	0.9894006234492421	0.9892359603558567	0.9850825726022457	0.9893264718423843	0.9793710150251382	0.9893075542324753	0.986207900330216	0.9890230201410277	0.9889527454708551	0.9888223117152882	1.0	0.9892875270735084
0.9941902302267945	0.9908606842895755	0.9938572580290554	0.9904206900517124	0.9949333514837185	0.9922474420957633	0.9931402614302243	0.9944287386922339	0.9907504556933132	0.9946549926293982	0.9931741562342323	0.991054950214209	0.994783066625334	0.9946287885045688	0.992745185161643	0.9833646413626106	0.9931795246985533	0.9944696297187238	0.9947572750474182	0.9948108821535969	0.9946103455813817	0.9949029073153172	0.9950967545272694	0.9876819303829266	0.9947866611369297	0.985889727159984	0.9947486032785374	0.990494364468304	0.9942875907717827	0.9942422454799386	0.9946093273286719	0.9892875270735084	1.0
