/home/jshaw/scratch/2022_sketched_distance/references/SGB_genome_fastas_part1_redo/1857/BackhedF_2015__SID587_M__bin.28.fa	/home/jshaw/scratch/2022_sketched_distance/references/SGB_genome_fastas_part1_redo/1857/BackhedF_2015__SID70_12M__bin.13.fa	/home/jshaw/scratch/2022_sketched_distance/references/SGB_genome_fastas_part1_redo/1857/Bengtsson-PalmeJ_2015__TRAVELRES70__bin.122.fa	/home/jshaw/scratch/2022_sketched_distance/references/SGB_genome_fastas_part1_redo/1857/FengQ_2015__SID531766__bin.48.fa	/home/jshaw/scratch/2022_sketched_distance/references/SGB_genome_fastas_part1_redo/1857/HeQ_2017__SZAXPI029561-52__bin.15.fa	/home/jshaw/scratch/2022_sketched_distance/references/SGB_genome_fastas_part1_redo/1857/HMP_2012__SRS019787__bin.19.fa	/home/jshaw/scratch/2022_sketched_distance/references/SGB_genome_fastas_part1_redo/1857/KarlssonFH_2013__S526__bin.23.fa	/home/jshaw/scratch/2022_sketched_distance/references/SGB_genome_fastas_part1_redo/1857/LiJ_2014__O2.CD3-0-PT__bin.19.fa	/home/jshaw/scratch/2022_sketched_distance/references/SGB_genome_fastas_part1_redo/1857/LiJ_2014__V1.FI35__bin.48.fa	/home/jshaw/scratch/2022_sketched_distance/references/SGB_genome_fastas_part1_redo/1857/NielsenHB_2014__V1_CD14_0__bin.5.fa	/home/jshaw/scratch/2022_sketched_distance/references/SGB_genome_fastas_part1_redo/1857/NielsenHB_2014__V1_UC46_0__bin.28.fa	/home/jshaw/scratch/2022_sketched_distance/references/SGB_genome_fastas_part1_redo/1857/QinJ_2012__CON-007__bin.27.fa	/home/jshaw/scratch/2022_sketched_distance/references/SGB_genome_fastas_part1_redo/1857/QinJ_2012__CON-041__bin.12.fa	/home/jshaw/scratch/2022_sketched_distance/references/SGB_genome_fastas_part1_redo/1857/QinJ_2012__T2D-063__bin.13.fa	/home/jshaw/scratch/2022_sketched_distance/references/SGB_genome_fastas_part1_redo/1857/RaymondF_2016__P6C7__bin.53.fa	/home/jshaw/scratch/2022_sketched_distance/references/SGB_genome_fastas_part1_redo/1857/RaymondF_2016__P6C90__bin.56.fa	/home/jshaw/scratch/2022_sketched_distance/references/SGB_genome_fastas_part1_redo/1857/VogtmannE_2016__MMRS42780924ST-27-0-0__bin.36.fa	/home/jshaw/scratch/2022_sketched_distance/references/SGB_genome_fastas_part1_redo/1857/VogtmannE_2016__MMRS61683006ST-27-0-0__bin.70.fa	/home/jshaw/scratch/2022_sketched_distance/references/SGB_genome_fastas_part1_redo/1857/VogtmannE_2016__MMRS84954772ST-27-0-0__bin.11.fa	/home/jshaw/scratch/2022_sketched_distance/references/SGB_genome_fastas_part1_redo/1857/VogtmannE_2016__MMRS97052561ST-27-0-0__bin.1.fa	/home/jshaw/scratch/2022_sketched_distance/references/SGB_genome_fastas_part1_redo/1857/WenC_2017__RA045__bin.55.fa	/home/jshaw/scratch/2022_sketched_distance/references/SGB_genome_fastas_part1_redo/1857/XieH_2016__YSZC12003_36005__bin.99.fa	/home/jshaw/scratch/2022_sketched_distance/references/SGB_genome_fastas_part1_redo/1857/XieH_2016__YSZC12003_36157__bin.47.fa	/home/jshaw/scratch/2022_sketched_distance/references/SGB_genome_fastas_part1_redo/1857/XieH_2016__YSZC12003_36982__bin.36.fa	/home/jshaw/scratch/2022_sketched_distance/references/SGB_genome_fastas_part1_redo/1857/ZeeviD_2015__PNP_Main_156__bin.4.fa	/home/jshaw/scratch/2022_sketched_distance/references/SGB_genome_fastas_part1_redo/1857/ZeeviD_2015__PNP_Main_269__bin.27.fa	/home/jshaw/scratch/2022_sketched_distance/references/SGB_genome_fastas_part1_redo/1857/ZeeviD_2015__PNP_Main_492__bin.1.fa	/home/jshaw/scratch/2022_sketched_distance/references/SGB_genome_fastas_part1_redo/1857/ZeeviD_2015__PNP_Main_723__bin.45.fa	/home/jshaw/scratch/2022_sketched_distance/references/SGB_genome_fastas_part1_redo/1857/ZellerG_2014__CCIS13047523ST-4-0__bin.32.fa	/home/jshaw/scratch/2022_sketched_distance/references/SGB_genome_fastas_part1_redo/1857/ZellerG_2014__CCIS71301801ST-4-0__bin.26.fa	/home/jshaw/scratch/2022_sketched_distance/references/SGB_genome_fastas_part1_redo/1857/ZellerG_2014__CCIS85214191ST-3-0__bin.8.fa	/home/jshaw/scratch/2022_sketched_distance/references/SGB_genome_fastas_part1_redo/1857/ZellerG_2014__CCMD11006829ST-21-0__bin.48.fa	/home/jshaw/scratch/2022_sketched_distance/references/SGB_genome_fastas_part1_redo/1857/ZellerG_2014__CCMD60079086ST-21-0__bin.14.fa
1.0	0.9831701201515658	0.9776488051065414	0.9893360440973863	0.9871211234131534	0.9894679191081475	0.9845451469935496	0.9915100214109168	0.9873164906744342	0.9746042272810245	0.9903118102580685	0.9883861172270624	0.9847668932210375	0.9843191584662211	0.9892866117057029	0.9905971728091317	0.9874704171080531	0.990326931614496	0.9896956977003439	0.9745129040209194	0.9903471806748056	0.9889761967099355	0.9790654383962456	0.9896188254249848	0.9794344161379737	0.99102951050447	0.9895451211848038	0.9892166334926145	0.9859587163936738	0.9841008636861996	0.9832700686064648	0.9898374468383525	0.9880995848910787
0.9831701201515658	1.0	0.9746710707280263	0.9847824402174266	0.9820746636645825	0.9834768662228061	0.9803464440027835	0.9839617134487928	0.9825448367966294	0.9729008048854921	0.9867260142106825	0.9847280442866233	0.9800894546564856	0.9806912258020706	0.9822295861806366	0.982484801129123	0.9829930951852893	0.9839083970975737	0.9849962237021496	0.9687431360021689	0.9868852419970036	0.9835912202237765	0.9775152920852845	0.9832070900438322	0.977469682809671	0.9847162444814345	0.9858068726444833	0.9848111698650734	0.9809203456490732	0.9785821022041614	0.9801700780882543	0.9845680910078511	0.9846165577951833
0.9776488051065414	0.9746710707280263	1.0	0.9814144627169579	0.9747750973090616	0.9764913803820687	0.9734654712133557	0.9774154380940737	0.9748071909558231	0.9700487053570309	0.9833994733001621	0.9814137093816234	0.9734423228123416	0.9780420130190475	0.9757218303709648	0.9757827224866457	0.9746319533711472	0.9769127483694661	0.9817416523642755	0.9637942468173099	0.9832761487391771	0.9768190445712094	0.9725743146810102	0.9766456047053443	0.9750145114585702	0.9779343446024438	0.9822212705710304	0.9811055623839982	0.9731024623727333	0.9736619084777792	0.9785401282662867	0.9778495045771682	0.9800767325826418
0.9893360440973863	0.9847824402174266	0.9814144627169579	1.0	0.986491710133308	0.9887789623920128	0.9840293868680923	0.9894013277155472	0.9866239224446967	0.9787075054418147	0.9957508717804153	0.9935294532495456	0.9853220924441146	0.9878431196498683	0.987983172229276	0.9873499132036394	0.9863702362661674	0.9898312448155866	0.9927642005160264	0.9725299900958985	0.9956874744020338	0.9901052446989922	0.9834111058664925	0.988196863734749	0.983754944666381	0.989619295982421	0.9954701223845432	0.9923113409236134	0.984665545674959	0.9829803150920827	0.9888584729632207	0.9888011521599335	0.993138153236985
0.9871211234131534	0.9820746636645825	0.9747750973090616	0.986491710133308	1.0	0.9873608742649979	0.9836369523031219	0.9871725969661489	0.9893345870611063	0.9732820839154182	0.9886270705754434	0.9866225562163833	0.9833862604975032	0.9802509113939061	0.985288250186289	0.9855688512698266	0.985361903519421	0.9877403861974764	0.9863560635836479	0.9692490667242718	0.9884480498070217	0.9870027475921959	0.9763832924430842	0.9871956472959211	0.9775436134210941	0.9879304512511211	0.9877664579092843	0.9854955200773327	0.983794610069448	0.9822007000675044	0.9802344952846054	0.9877923601470642	0.9859671567288529
0.9894679191081475	0.9834768662228061	0.9764913803820687	0.9887789623920128	0.9873608742649979	1.0	0.9845014655714132	0.9895871956676382	0.9868168915625027	0.974541679961846	0.9900764913876536	0.9881666908957473	0.9846795353035855	0.982594706453125	0.9868954705391652	0.9877211984334686	0.9866160371834423	0.9905245378684581	0.9884764627664024	0.972585522214182	0.99001161780882	0.9890956297720688	0.9784752592698766	0.9889243444596686	0.9793505688464917	0.9906626452689162	0.98922257029097	0.9877620865714414	0.9862475038872046	0.983746695387963	0.9826268652812873	0.9894799809560406	0.9873248171934842
0.9845451469935496	0.9803464440027835	0.9734654712133557	0.9840293868680923	0.9836369523031219	0.9845014655714132	1.0	0.9857597000940842	0.9837806393071492	0.9716591580678513	0.9863212830691017	0.9843947466279666	0.9871620145418618	0.9796473247399148	0.9838951564004352	0.9843786923973895	0.983072333475196	0.9852151191666237	0.9841368535974349	0.9684844433082961	0.9862219572644686	0.984737991423434	0.9763094075980351	0.985084525954373	0.9761673475870533	0.9859518442639789	0.9854529781593268	0.9840869190498072	0.9815684509636555	0.9798837625264233	0.9791155281845569	0.9907779311363242	0.9841550262309989
0.9915100214109168	0.9839617134487928	0.9774154380940737	0.9894013277155472	0.9871725969661489	0.9895871956676382	0.9857597000940842	1.0	0.9875213601959592	0.9752600000858883	0.991270237652379	0.9896110151426337	0.9870091174771719	0.983618476079318	0.9951759113025443	0.9955929600655408	0.9876243426086696	0.9905825332078091	0.9888881760489633	0.9719558187756997	0.991267104529293	0.9900214396756223	0.9798178817486004	0.9898736565985422	0.9803517697740207	0.9910552198077242	0.9905722988759461	0.9882911618402387	0.9864015033897865	0.9840448016148747	0.983574516552047	0.9906222700243602	0.988872222008504
0.9873164906744342	0.9825448367966294	0.9748071909558231	0.9866239224446967	0.9893345870611063	0.9868168915625027	0.9837806393071492	0.9875213601959592	1.0	0.972592825250601	0.9881835868518596	0.9864603357926536	0.9841118661172557	0.9823837524826728	0.9854783278519774	0.9861588740712773	0.9863591987602228	0.9884215088885892	0.9879081513541774	0.970417915422318	0.9884510257443198	0.9877883105970956	0.9785771724330375	0.987234588738609	0.9774428213271609	0.9889787129252363	0.9873620135197407	0.9869557696815937	0.9850521102872019	0.981240611782885	0.9810625510468626	0.9889902957227217	0.9872229252589755
0.9746042272810245	0.9729008048854921	0.9700487053570309	0.9787075054418147	0.9732820839154182	0.974541679961846	0.9716591580678513	0.9752600000858883	0.972592825250601	1.0	0.981354346052905	0.9802226846908122	0.9708628813957646	0.9750968838710079	0.9735067479511401	0.9739617272997783	0.9729629652475453	0.9745774374686721	0.9793939676181009	0.9599357332566099	0.9817780098807052	0.9750231901211066	0.9701620179452723	0.9745868117502092	0.9731339411165791	0.9756233004390722	0.9805633332051379	0.9786498651012452	0.9709387460243962	0.9712273019984327	0.9763611351806387	0.975717434000664	0.9778586223369762
0.9903118102580685	0.9867260142106825	0.9833994733001621	0.9957508717804153	0.9886270705754434	0.9900764913876536	0.9863212830691017	0.991270237652379	0.9881835868518596	0.981354346052905	1.0	0.9952526118390389	0.9868184652974029	0.9891558289713265	0.9894917310926673	0.9895703550916205	0.988037930088211	0.9908775756780632	0.9942903524717769	0.973048566074832	0.9974867416354736	0.9909831479582074	0.9842109535953589	0.9901864719478025	0.9860599790239051	0.9915126179488208	0.9969601479117507	0.9935980956889631	0.986519157264402	0.9855392462132092	0.98960300490314	0.9910405731288958	0.9939795173431702
0.9883861172270624	0.9847280442866233	0.9814137093816234	0.9935294532495456	0.9866225562163833	0.9881666908957473	0.9843947466279666	0.9896110151426337	0.9864603357926536	0.9802226846908122	0.9952526118390389	1.0	0.9850322519037988	0.9869038012233162	0.9876929694469954	0.9878073276828573	0.9864799684221146	0.9889900599650768	0.9923971980433375	0.9707748451778853	0.9955823591406507	0.9889898009574394	0.9825114444110981	0.988289705182534	0.9843574731533563	0.9896337892949914	0.9945858270963654	0.9914873246034261	0.9848277186896208	0.9836193125988439	0.9874649594058816	0.9891474229667553	0.9919556883005675
0.9847668932210375	0.9800894546564856	0.9734423228123416	0.9853220924441146	0.9833862604975032	0.9846795353035855	0.9871620145418618	0.9870091174771719	0.9841118661172557	0.9708628813957646	0.9868184652974029	0.9850322519037988	1.0	0.9802983595478386	0.9853865976868829	0.9851649457592336	0.9829844130067578	0.985845702929307	0.9843850029357979	0.9682669113333332	0.9870607555652386	0.9858081176200598	0.9767816215032719	0.9855738645548459	0.9761316494278409	0.9863892780667298	0.9865717084972568	0.983605830914494	0.9819404976573873	0.9796142454785614	0.9802730964648589	0.9913842090049233	0.9849567235845853
0.9843191584662211	0.9806912258020706	0.9780420130190475	0.9878431196498683	0.9802509113939061	0.982594706453125	0.9796473247399148	0.983618476079318	0.9823837524826728	0.9750968838710079	0.9891558289713265	0.9869038012233162	0.9802983595478386	1.0	0.9836224003284442	0.9824451499441482	0.9824193325884966	0.9834967355814516	0.9918694046631837	0.9765563002182376	0.989289164361694	0.9844684328701556	0.980428443402621	0.9830217807925438	0.9791643524172899	0.9846822185074835	0.9884353921765334	0.9915659024632895	0.9799381446569152	0.9778919772786588	0.9837784761279876	0.9856858131859535	0.9876915508831126
0.9892866117057029	0.9822295861806366	0.9757218303709648	0.987983172229276	0.985288250186289	0.9868954705391652	0.9838951564004352	0.9951759113025443	0.9854783278519774	0.9735067479511401	0.9894917310926673	0.9876929694469954	0.9853865976868829	0.9836224003284442	1.0	0.9954689206547409	0.9858105702771273	0.9885622595323381	0.986799898526026	0.970929308887632	0.98954460323528	0.9893289231058087	0.977811158809624	0.9886356618799662	0.9783984830440849	0.9892520929668447	0.9893829100460633	0.9872513004531768	0.9843627588979409	0.9819644846167727	0.9825972541130653	0.9885778198598192	0.9865043626953824
0.9905971728091317	0.982484801129123	0.9757827224866457	0.9873499132036394	0.9855688512698266	0.9877211984334686	0.9843786923973895	0.9955929600655408	0.9861588740712773	0.9739617272997783	0.9895703550916205	0.9878073276828573	0.9851649457592336	0.9824451499441482	0.9954689206547409	1.0	0.9861289681686997	0.9890542569208507	0.9874182920745174	0.9734999880039714	0.9897016212897183	0.9886388164295007	0.9784824561731359	0.9887140567487273	0.9785901289140682	0.9895437552525833	0.9895566711388463	0.9874060851739166	0.9845976609261168	0.9827406308946488	0.9821784367769091	0.9894305951617584	0.9875789379681904
0.9874704171080531	0.9829930951852893	0.9746319533711472	0.9863702362661674	0.985361903519421	0.9866160371834423	0.983072333475196	0.9876243426086696	0.9863591987602228	0.9729629652475453	0.988037930088211	0.9864799684221146	0.9829844130067578	0.9824193325884966	0.9858105702771273	0.9861289681686997	1.0	0.9879964037307662	0.9867300209581897	0.9709270043268509	0.9883992031499526	0.9868533653740836	0.9793861281130822	0.9870310687281529	0.9778856124123334	0.9884727568054236	0.9870930522978398	0.9869057551375818	0.9847577858234052	0.9813529717417783	0.9802987323429738	0.9871971314087415	0.9863794144548025
0.990326931614496	0.9839083970975737	0.9769127483694661	0.9898312448155866	0.9877403861974764	0.9905245378684581	0.9852151191666237	0.9905825332078091	0.9884215088885892	0.9745774374686721	0.9908775756780632	0.9889900599650768	0.985845702929307	0.9834967355814516	0.9885622595323381	0.9890542569208507	0.9879964037307662	1.0	0.988597189932325	0.9725153743515096	0.9907746249254296	0.9907401325820243	0.9798284959269065	0.9907023571123453	0.9798156461621426	0.9918719329810367	0.9901809576157131	0.9883313597807952	0.9861467158760698	0.9843286800555167	0.9830882516791348	0.9900818447993052	0.9887065366044494
0.9896956977003439	0.9849962237021496	0.9817416523642755	0.9927642005160264	0.9863560635836479	0.9884764627664024	0.9841368535974349	0.9888881760489633	0.9879081513541774	0.9793939676181009	0.9942903524717769	0.9923971980433375	0.9843850029357979	0.9918694046631837	0.986799898526026	0.9874182920745174	0.9867300209581897	0.988597189932325	1.0	0.9746892452892518	0.9944136140163325	0.9889102187199466	0.9831806389071819	0.9880994977440626	0.9837247099622201	0.9896618715900264	0.9938565945369671	0.9941646695570568	0.9847612319931442	0.983121153963733	0.9880058914131407	0.990567562468649	0.9921932817322707
0.9745129040209194	0.9687431360021689	0.9637942468173099	0.9725299900958985	0.9692490667242718	0.972585522214182	0.9684844433082961	0.9719558187756997	0.970417915422318	0.9599357332566099	0.973048566074832	0.9707748451778853	0.9682669113333332	0.9765563002182376	0.970929308887632	0.9734999880039714	0.9709270043268509	0.9725153743515096	0.9746892452892518	1.0	0.9728684687318117	0.97252258418849	0.9656309835570672	0.9729983611241229	0.9635864858745277	0.9736912823604751	0.9724147282781165	0.9761042156661298	0.9676357116491171	0.9677093682139226	0.9678120017718579	0.9748410428720051	0.970169971339834
0.9903471806748056	0.9868852419970036	0.9832761487391771	0.9956874744020338	0.9884480498070217	0.99001161780882	0.9862219572644686	0.991267104529293	0.9884510257443198	0.9817780098807052	0.9974867416354736	0.9955823591406507	0.9870607555652386	0.989289164361694	0.98954460323528	0.9897016212897183	0.9883992031499526	0.9907746249254296	0.9944136140163325	0.9728684687318117	1.0	0.9907628600762322	0.9850566116177757	0.9901594074985353	0.9860797819197079	0.991735237046857	0.9967397015870009	0.9935703173278515	0.9868744013654495	0.9854898305764135	0.9897780990191513	0.9909127508036225	0.9942333647398526
0.9889761967099355	0.9835912202237765	0.9768190445712094	0.9901052446989922	0.9870027475921959	0.9890956297720688	0.984737991423434	0.9900214396756223	0.9877883105970956	0.9750231901211066	0.9909831479582074	0.9889898009574394	0.9858081176200598	0.9844684328701556	0.9893289231058087	0.9886388164295007	0.9868533653740836	0.9907401325820243	0.9889102187199466	0.97252258418849	0.9907628600762322	1.0	0.979128860673819	0.9896400426168017	0.9798100570058831	0.9905357914906396	0.9907522537902718	0.9884772477979684	0.9852393049624425	0.9841859221540477	0.9830637712444135	0.99007968133106	0.9891691770198043
0.9790654383962456	0.9775152920852845	0.9725743146810102	0.9834111058664925	0.9763832924430842	0.9784752592698766	0.9763094075980351	0.9798178817486004	0.9785771724330375	0.9701620179452723	0.9842109535953589	0.9825114444110981	0.9767816215032719	0.980428443402621	0.977811158809624	0.9784824561731359	0.9793861281130822	0.9798284959269065	0.9831806389071819	0.9656309835570672	0.9850566116177757	0.979128860673819	1.0	0.9778994007979915	0.9748248729087188	0.9799548833726687	0.983209095388631	0.9838600776109366	0.9775080114474475	0.9756494425054566	0.9766970915144848	0.9801768732759287	0.9843906266830132
0.9896188254249848	0.9832070900438322	0.9766456047053443	0.988196863734749	0.9871956472959211	0.9889243444596686	0.985084525954373	0.9898736565985422	0.987234588738609	0.9745868117502092	0.9901864719478025	0.988289705182534	0.9855738645548459	0.9830217807925438	0.9886356618799662	0.9887140567487273	0.9870310687281529	0.9907023571123453	0.9880994977440626	0.9729983611241229	0.9901594074985353	0.9896400426168017	0.9778994007979915	1.0	0.9795201178837328	0.9947932961953223	0.9898518050078806	0.9876046097277519	0.984841229372444	0.9832969749264621	0.9826589064975585	0.9898568419406792	0.9878206745483084
0.9794344161379737	0.977469682809671	0.9750145114585702	0.983754944666381	0.9775436134210941	0.9793505688464917	0.9761673475870533	0.9803517697740207	0.9774428213271609	0.9731339411165791	0.9860599790239051	0.9843574731533563	0.9761316494278409	0.9791643524172899	0.9783984830440849	0.9785901289140682	0.9778856124123334	0.9798156461621426	0.9837247099622201	0.9635864858745277	0.9860797819197079	0.9798100570058831	0.9748248729087188	0.9795201178837328	1.0	0.9806086976725821	0.9851481962067532	0.9829332773232877	0.9758940864713256	0.9758281546541069	0.9797606944324441	0.9803494509020914	0.9826117509367855
0.99102951050447	0.9847162444814345	0.9779343446024438	0.989619295982421	0.9879304512511211	0.9906626452689162	0.9859518442639789	0.9910552198077242	0.9889787129252363	0.9756233004390722	0.9915126179488208	0.9896337892949914	0.9863892780667298	0.9846822185074835	0.9892520929668447	0.9895437552525833	0.9884727568054236	0.9918719329810367	0.9896618715900264	0.9736912823604751	0.991735237046857	0.9905357914906396	0.9799548833726687	0.9947932961953223	0.9806086976725821	1.0	0.990860692017229	0.9890130978275021	0.9868795588577819	0.9841985515055797	0.9841937223846985	0.990805834848111	0.989317200457982
0.9895451211848038	0.9858068726444833	0.9822212705710304	0.9954701223845432	0.9877664579092843	0.98922257029097	0.9854529781593268	0.9905722988759461	0.9873620135197407	0.9805633332051379	0.9969601479117507	0.9945858270963654	0.9865717084972568	0.9884353921765334	0.9893829100460633	0.9895566711388463	0.9870930522978398	0.9901809576157131	0.9938565945369671	0.9724147282781165	0.9967397015870009	0.9907522537902718	0.983209095388631	0.9898518050078806	0.9851481962067532	0.990860692017229	1.0	0.9935038305040407	0.9854665882648084	0.9846680611907154	0.989094885467894	0.9904064074479187	0.9939174481209342
0.9892166334926145	0.9848111698650734	0.9811055623839982	0.9923113409236134	0.9854955200773327	0.9877620865714414	0.9840869190498072	0.9882911618402387	0.9869557696815937	0.9786498651012452	0.9935980956889631	0.9914873246034261	0.983605830914494	0.9915659024632895	0.9872513004531768	0.9874060851739166	0.9869057551375818	0.9883313597807952	0.9941646695570568	0.9761042156661298	0.9935703173278515	0.9884772477979684	0.9838600776109366	0.9876046097277519	0.9829332773232877	0.9890130978275021	0.9935038305040407	1.0	0.9846047180882218	0.9824784164105853	0.9872814877172795	0.9895503145783894	0.9921554652105954
0.9859587163936738	0.9809203456490732	0.9731024623727333	0.984665545674959	0.983794610069448	0.9862475038872046	0.9815684509636555	0.9864015033897865	0.9850521102872019	0.9709387460243962	0.986519157264402	0.9848277186896208	0.9819404976573873	0.9799381446569152	0.9843627588979409	0.9845976609261168	0.9847577858234052	0.9861467158760698	0.9847612319931442	0.9676357116491171	0.9868744013654495	0.9852393049624425	0.9775080114474475	0.984841229372444	0.9758940864713256	0.9868795588577819	0.9854665882648084	0.9846047180882218	1.0	0.979575413387166	0.9790877648374602	0.9858584274447968	0.9851526844144501
0.9841008636861996	0.9785821022041614	0.9736619084777792	0.9829803150920827	0.9822007000675044	0.983746695387963	0.9798837625264233	0.9840448016148747	0.981240611782885	0.9712273019984327	0.9855392462132092	0.9836193125988439	0.9796142454785614	0.9778919772786588	0.9819644846167727	0.9827406308946488	0.9813529717417783	0.9843286800555167	0.983121153963733	0.9677093682139226	0.9854898305764135	0.9841859221540477	0.9756494425054566	0.9832969749264621	0.9758281546541069	0.9841985515055797	0.9846680611907154	0.9824784164105853	0.979575413387166	1.0	0.9782479753294478	0.9849611283667615	0.9820608529180564
0.9832700686064648	0.9801700780882543	0.9785401282662867	0.9888584729632207	0.9802344952846054	0.9826268652812873	0.9791155281845569	0.983574516552047	0.9810625510468626	0.9763611351806387	0.98960300490314	0.9874649594058816	0.9802730964648589	0.9837784761279876	0.9825972541130653	0.9821784367769091	0.9802987323429738	0.9830882516791348	0.9880058914131407	0.9678120017718579	0.9897780990191513	0.9830637712444135	0.9766970915144848	0.9826589064975585	0.9797606944324441	0.9841937223846985	0.989094885467894	0.9872814877172795	0.9790877648374602	0.9782479753294478	1.0	0.9837044475778391	0.9854495313808075
0.9898374468383525	0.9845680910078511	0.9778495045771682	0.9888011521599335	0.9877923601470642	0.9894799809560406	0.9907779311363242	0.9906222700243602	0.9889902957227217	0.975717434000664	0.9910405731288958	0.9891474229667553	0.9913842090049233	0.9856858131859535	0.9885778198598192	0.9894305951617584	0.9871971314087415	0.9900818447993052	0.990567562468649	0.9748410428720051	0.9909127508036225	0.99007968133106	0.9801768732759287	0.9898568419406792	0.9803494509020914	0.990805834848111	0.9904064074479187	0.9895503145783894	0.9858584274447968	0.9849611283667615	0.9837044475778391	1.0	0.9887755532098269
0.9880995848910787	0.9846165577951833	0.9800767325826418	0.993138153236985	0.9859671567288529	0.9873248171934842	0.9841550262309989	0.988872222008504	0.9872229252589755	0.9778586223369762	0.9939795173431702	0.9919556883005675	0.9849567235845853	0.9876915508831126	0.9865043626953824	0.9875789379681904	0.9863794144548025	0.9887065366044494	0.9921932817322707	0.970169971339834	0.9942333647398526	0.9891691770198043	0.9843906266830132	0.9878206745483084	0.9826117509367855	0.989317200457982	0.9939174481209342	0.9921554652105954	0.9851526844144501	0.9820608529180564	0.9854495313808075	0.9887755532098269	1.0
