/home/jshaw/scratch/2022_sketched_distance/references/SGB_genome_fastas_part4/5910/BritoIL_2016__M1.16.ST__bin.19.fa	/home/jshaw/scratch/2022_sketched_distance/references/SGB_genome_fastas_part4/5910/BritoIL_2016__M1.22.ST__bin.54.fa	/home/jshaw/scratch/2022_sketched_distance/references/SGB_genome_fastas_part4/5910/BritoIL_2016__M1.26.ST__bin.32.fa	/home/jshaw/scratch/2022_sketched_distance/references/SGB_genome_fastas_part4/5910/BritoIL_2016__M1.27.ST__bin.64.fa	/home/jshaw/scratch/2022_sketched_distance/references/SGB_genome_fastas_part4/5910/BritoIL_2016__M1.4.ST__bin.64.fa	/home/jshaw/scratch/2022_sketched_distance/references/SGB_genome_fastas_part4/5910/BritoIL_2016__M1.52.ST__bin.84.fa	/home/jshaw/scratch/2022_sketched_distance/references/SGB_genome_fastas_part4/5910/BritoIL_2016__M1.5.ST__bin.28.fa	/home/jshaw/scratch/2022_sketched_distance/references/SGB_genome_fastas_part4/5910/BritoIL_2016__M1.7.ST__bin.59.fa	/home/jshaw/scratch/2022_sketched_distance/references/SGB_genome_fastas_part4/5910/BritoIL_2016__M2.37.ST__bin.49.fa	/home/jshaw/scratch/2022_sketched_distance/references/SGB_genome_fastas_part4/5910/BritoIL_2016__M2.39.ST__bin.7.fa	/home/jshaw/scratch/2022_sketched_distance/references/SGB_genome_fastas_part4/5910/BritoIL_2016__M2.44.ST__bin.90.fa	/home/jshaw/scratch/2022_sketched_distance/references/SGB_genome_fastas_part4/5910/BritoIL_2016__M2.45.ST__bin.27.fa	/home/jshaw/scratch/2022_sketched_distance/references/SGB_genome_fastas_part4/5910/BritoIL_2016__M2.48.ST__bin.36.fa	/home/jshaw/scratch/2022_sketched_distance/references/SGB_genome_fastas_part4/5910/BritoIL_2016__M2.49.ST__bin.71.fa	/home/jshaw/scratch/2022_sketched_distance/references/SGB_genome_fastas_part4/5910/BritoIL_2016__M2.58.ST__bin.20.fa	/home/jshaw/scratch/2022_sketched_distance/references/SGB_genome_fastas_part4/5910/BritoIL_2016__W1.18.ST__bin.8.fa	/home/jshaw/scratch/2022_sketched_distance/references/SGB_genome_fastas_part4/5910/BritoIL_2016__W1.21.ST__bin.22.fa	/home/jshaw/scratch/2022_sketched_distance/references/SGB_genome_fastas_part4/5910/BritoIL_2016__W1.36.ST__bin.14.fa	/home/jshaw/scratch/2022_sketched_distance/references/SGB_genome_fastas_part4/5910/BritoIL_2016__W1.38.ST__bin.27.fa	/home/jshaw/scratch/2022_sketched_distance/references/SGB_genome_fastas_part4/5910/BritoIL_2016__W1.39.ST__bin.103.fa	/home/jshaw/scratch/2022_sketched_distance/references/SGB_genome_fastas_part4/5910/BritoIL_2016__W1.42.ST__bin.27.fa	/home/jshaw/scratch/2022_sketched_distance/references/SGB_genome_fastas_part4/5910/BritoIL_2016__W1.4.ST__bin.7.fa	/home/jshaw/scratch/2022_sketched_distance/references/SGB_genome_fastas_part4/5910/BritoIL_2016__W2.11.ST__bin.73.fa	/home/jshaw/scratch/2022_sketched_distance/references/SGB_genome_fastas_part4/5910/BritoIL_2016__W2.13.ST__bin.51.fa	/home/jshaw/scratch/2022_sketched_distance/references/SGB_genome_fastas_part4/5910/BritoIL_2016__W2.33.ST__bin.14.fa	/home/jshaw/scratch/2022_sketched_distance/references/SGB_genome_fastas_part4/5910/BritoIL_2016__W2.62.ST__bin.29.fa	/home/jshaw/scratch/2022_sketched_distance/references/SGB_genome_fastas_part4/5910/BritoIL_2016__W2.67.ST__bin.42.fa	/home/jshaw/scratch/2022_sketched_distance/references/SGB_genome_fastas_part4/5910/BritoIL_2016__W2.8.ST__bin.6.fa
1.0	0.9839962070103528	0.9937840510772986	0.9933958819352151	0.9898984676397702	0.9912351316889889	0.9915610135358578	0.9902070418796725	0.9910859344030447	0.9928049601068152	0.9928616950756405	0.9911755335998617	0.9921164419566836	0.9928049601068152	0.9898674509220703	0.9930876673792656	0.9930031084506984	0.9927196748610257	0.986779220455311	0.9901763139628946	0.9861599698020755	0.9937288760893104	0.9920584132549528	0.990634256208681	0.9917374221687593	0.9925198169300936	0.9935350366168487	0.9922610698071322
0.9839962070103528	1.0	0.9936775937315103	0.9948590088278987	0.9992043588966976	0.9927989555583818	0.994533525299177	0.9924524758850102	0.9913006721620002	0.9946151962229004	0.9941772740986534	0.992248674231345	0.9943695773329803	0.9931134063542945	0.9915700570694516	0.9937055523611681	0.9925683727184039	0.9935093445149583	0.9854995553210208	0.9919847846120786	0.9859268477472017	0.9943969583671703	0.9938449926280055	0.9925683727184039	0.9926261692445604	0.9923361715969238	0.9943969583671703	0.9939283759279696
0.9937840510772986	0.9936775937315103	1.0	0.9957320190975035	0.9917499574092237	0.9937011765578385	0.996452921312747	0.9927095863285027	0.993196934314568	0.9953957242395715	0.9930836165132485	0.9940510810151107	0.9935018980502744	0.9934650246019338	0.9935729493437284	0.9930582906320692	0.9947376472135893	0.9936170105992657	0.9928919338386621	0.9938905004424351	0.9947698361328388	0.9932318386294079	0.9929771850604733	0.9930480840854254	0.9927313908300714	0.9944228151772029	0.9921415332864065	0.9919329858016085
0.9933958819352151	0.9948590088278987	0.9957320190975035	1.0	0.9933216730897148	0.9945010209870985	0.9986743964139051	0.9917233588779625	0.9914169714879418	0.9976812107857242	0.9941359206852467	0.9946005124843725	0.9941462140785913	0.9930420503901662	0.9944646572172162	0.9942463190085565	0.9934826172303786	0.994084393878091	0.9917615895065821	0.994207316929148	0.9943666111499843	0.9940936336332226	0.9931896191833286	0.9936698828331246	0.9934354839694343	0.994528445364872	0.9941131574398944	0.9923580211742109
0.9898984676397702	0.9992043588966976	0.9917499574092237	0.9933216730897148	1.0	0.9934155020616039	0.9935574830805981	0.9910723684186638	0.9887811742263644	0.9933003471051358	0.9920614740675493	0.9924855855101129	0.9928060190278096	0.9915256344993111	0.993270298229952	0.9922822028254783	0.9915706210376284	0.9925000899008112	0.9876293903942523	0.9925683727184039	0.9919840345813835	0.9932790073757487	0.9925887692362171	0.9932937565935775	0.9917765468049831	0.9912263788613502	0.9931935106490904	0.9927409937226123
0.9912351316889889	0.9927989555583818	0.9937011765578385	0.9945010209870985	0.9934155020616039	1.0	0.9950517464240582	0.993481646002903	0.9925886713844221	0.9948410099851462	0.9940710716142022	0.9936497722748328	0.9941575088710923	0.9933049677039452	0.9999043683792683	0.9959020372306442	0.9953028754261943	0.9935047500608714	0.9892402284853475	0.9951618831362159	0.992872966240897	0.9961061622145468	0.9942006430978619	0.9940635329951188	0.9933229285657246	0.9937449086001104	0.9961061622145468	0.994308233684459
0.9915610135358578	0.994533525299177	0.996452921312747	0.9986743964139051	0.9935574830805981	0.9950517464240582	1.0	0.9932317094850982	0.9909738410076477	0.9988591347794029	0.9941359206852467	0.9949258528985159	0.9936653659875826	0.9925258220499159	0.9952008837929428	0.9951811517503544	0.9945998869827767	0.993840396621724	0.9890743270758695	0.9947213149311287	0.992560265771128	0.9946835512198204	0.9940721463081705	0.9939328352971506	0.9929145309833657	0.992483948949734	0.9946835512198204	0.9941783688520136
0.9902070418796725	0.9924524758850102	0.9927095863285027	0.9917233588779625	0.9910723684186638	0.993481646002903	0.9932317094850982	1.0	0.9898427732805514	0.9920266404613023	0.9906169084451115	0.9934021128326418	0.9918671054798875	0.9917885824032526	0.9933870300898248	0.9915925244795709	0.9928781425515643	0.992197325745649	0.9895148894311132	0.9935935759618251	0.9925030922721364	0.992983055908711	0.9917616714945962	0.9923457588839198	0.9913005690606869	0.9918268318268637	0.9918536775019785	0.9912852149203607
0.9910859344030447	0.9913006721620002	0.993196934314568	0.9914169714879418	0.9887811742263644	0.9925886713844221	0.9909738410076477	0.9898427732805514	1.0	0.9915906799627034	0.9909565939088273	0.9908667214016962	0.991153839240642	0.9933410312770701	0.9923213200931255	0.9923189244997327	0.9945114593668589	0.9915595090731715	0.9908286373235117	0.9953147098292939	0.9928163309534238	0.9935253821155605	0.9910012709440099	0.991275318151625	0.991444083523255	0.9932600232252214	0.9924457899262487	0.9899706676937794
0.9928049601068152	0.9946151962229004	0.9953957242395715	0.9976812107857242	0.9933003471051358	0.9948410099851462	0.9988591347794029	0.9920266404613023	0.9915906799627034	1.0	0.9936947884778544	0.995503542510512	0.9939397362092791	0.9919212563909189	0.9947342710179793	0.9940120975121709	0.9932001200031652	0.99499983918234	0.9909336091983886	0.9944093968185487	0.993903612994689	0.994219697136878	0.9932319429113438	0.9941286890279768	0.9939483681519248	0.9940825184425426	0.9940648671158586	0.9923791302350072
0.9928616950756405	0.9941772740986534	0.9930836165132485	0.9941359206852467	0.9920614740675493	0.9940710716142022	0.9941359206852467	0.9906169084451115	0.9909565939088273	0.9936947884778544	1.0	0.9935824122528508	0.9945756749657098	0.9936947884778544	0.9941473108769415	0.9937149678905884	0.9932272356473106	0.9944361222690674	0.9904053809780594	0.9943870042443017	0.9943936459415873	0.9943740857045418	0.9934427538042768	0.9938454161849956	0.9931647054142507	0.9940183219394679	0.9943543038572625	0.9926313939059789
0.9911755335998617	0.992248674231345	0.9940510810151107	0.9946005124843725	0.9924855855101129	0.9936497722748328	0.9949258528985159	0.9934021128326418	0.9908667214016962	0.995503542510512	0.9935824122528508	1.0	0.993129809460636	0.9923225504246332	0.9930826669413535	0.9946440760893451	0.9947093143598622	0.9935374293401752	0.98788902859059	0.9931315066379118	0.9911302465188236	0.9949258528985159	0.9944475874782073	0.9936721952069255	0.9925552124756859	0.9923692139277706	0.9949258528985159	0.9946440760893451
0.9921164419566836	0.9943695773329803	0.9935018980502744	0.9941462140785913	0.9928060190278096	0.9941575088710923	0.9936653659875826	0.9918671054798875	0.991153839240642	0.9939397362092791	0.9945756749657098	0.993129809460636	1.0	0.9984815994353976	0.9940332323927681	0.9938360127310804	0.993375730905705	0.9935496999494701	0.9909859702990773	0.994476483921109	0.9965133747758924	0.9944535385885922	0.993375730905705	0.9938454161849956	0.9932326079469065	0.9932600232252214	0.9943923012323621	0.9934388745652519
0.9928049601068152	0.9931134063542945	0.9934650246019338	0.9930420503901662	0.9915256344993111	0.9933049677039452	0.9925258220499159	0.9917885824032526	0.9933410312770701	0.9919212563909189	0.9936947884778544	0.9923225504246332	0.9984815994353976	1.0	0.9932936775483527	0.9923450621883225	0.9930855614712674	0.9929605371996365	0.9939371246723611	0.9936852211530691	0.9976105234458691	0.9923293108003043	0.9930835725312112	0.9930480840854254	0.9926854469883064	0.9942105395420034	0.991252800606624	0.9920397578738127
0.9898674509220703	0.9915700570694516	0.9935729493437284	0.9944646572172162	0.993270298229952	0.9999043683792683	0.9952008837929428	0.9933870300898248	0.9923213200931255	0.9947342710179793	0.9941473108769415	0.9930826669413535	0.9940332323927681	0.9932936775483527	1.0	0.9959427084892035	0.9952008837929428	0.9928703026316352	0.9877450379907022	0.9938268960780746	0.9915746136981464	0.9960934004251963	0.9940332323927681	0.9937578307339575	0.9926327329786451	0.9937347769160778	0.9961363299407088	0.994170079522078
0.9930876673792656	0.9937055523611681	0.9930582906320692	0.9942463190085565	0.9922822028254783	0.9959020372306442	0.9951811517503544	0.9915925244795709	0.9923189244997327	0.9940120975121709	0.9937149678905884	0.9946440760893451	0.9938360127310804	0.9923450621883225	0.9959427084892035	1.0	0.9964654527913729	0.9941506279259907	0.9917360266630061	0.9956829558264543	0.9942039376729972	0.9962097929637578	0.9932742126033034	0.993823525315948	0.9935700473984609	0.9956279147326362	0.996228119793662	0.9924002258339637
0.9930031084506984	0.9925683727184039	0.9947376472135893	0.9934826172303786	0.9915706210376284	0.9953028754261943	0.9945998869827767	0.9928781425515643	0.9945114593668589	0.9932001200031652	0.9932272356473106	0.9947093143598622	0.993375730905705	0.9930855614712674	0.9952008837929428	0.9964654527913729	1.0	0.9938181256875717	0.9938172719916756	0.9952274665175848	0.994555393291691	0.9940506184598994	0.9932742126033034	0.9933604430061153	0.9928459721376394	0.9956483131826795	0.9933882054066676	0.9924002258339637
0.9927196748610257	0.9935093445149583	0.9936170105992657	0.994084393878091	0.9925000899008112	0.9935047500608714	0.993840396621724	0.992197325745649	0.9915595090731715	0.99499983918234	0.9944361222690674	0.9935374293401752	0.9935496999494701	0.9929605371996365	0.9928703026316352	0.9941506279259907	0.9938181256875717	1.0	0.9889632605336731	0.9935476580957193	0.9919549577815604	0.9949352818804922	0.9942607246726829	0.9933017170765902	0.9966766088784351	0.9925926933652589	0.9949568149465924	0.9942827002001237
0.986779220455311	0.9854995553210208	0.9928919338386621	0.9917615895065821	0.9876293903942523	0.9892402284853475	0.9890743270758695	0.9895148894311132	0.9908286373235117	0.9909336091983886	0.9904053809780594	0.98788902859059	0.9909859702990773	0.9939371246723611	0.9877450379907022	0.9917360266630061	0.9938172719916756	0.9889632605336731	1.0	0.9881181119328081	0.9874754650320486	0.9931869492481832	0.9898143980863554	0.9883172611110339	0.9882888848347615	0.9904053809780594	0.9921931609703442	0.9899226396900493
0.9901763139628946	0.9919847846120786	0.9938905004424351	0.994207316929148	0.9925683727184039	0.9951618831362159	0.9947213149311287	0.9935935759618251	0.9953147098292939	0.9944093968185487	0.9943870042443017	0.9931315066379118	0.994476483921109	0.9936852211530691	0.9938268960780746	0.9956829558264543	0.9952274665175848	0.9935476580957193	0.9881181119328081	1.0	0.991338361711996	0.995553452762994	0.9948761804332281	0.993935945831858	0.9924973023489468	0.9939586451715547	0.995531819701491	0.9948982451545477
0.9861599698020755	0.9859268477472017	0.9947698361328388	0.9943666111499843	0.9919840345813835	0.992872966240897	0.992560265771128	0.9925030922721364	0.9928163309534238	0.993903612994689	0.9943936459415873	0.9911302465188236	0.9965133747758924	0.9976105234458691	0.9915746136981464	0.9942039376729972	0.994555393291691	0.9919549577815604	0.9874754650320486	0.991338361711996	1.0	0.9952736482298565	0.9929012475816749	0.9915746136981464	0.9916627746169486	0.994258250930306	0.9948765397076128	0.9931266325579912
0.9937288760893104	0.9943969583671703	0.9932318386294079	0.9940936336332226	0.9932790073757487	0.9961061622145468	0.9946835512198204	0.992983055908711	0.9935253821155605	0.994219697136878	0.9943740857045418	0.9949258528985159	0.9944535385885922	0.9923293108003043	0.9960934004251963	0.9962097929637578	0.9940506184598994	0.9949352818804922	0.9931869492481832	0.995553452762994	0.9952736482298565	1.0	0.9937980809582182	0.9943233919995871	0.9941469201976435	0.9994225027699302	0.9992637179210878	0.9930682799822035
0.9920584132549528	0.9938449926280055	0.9929771850604733	0.9931896191833286	0.9925887692362171	0.9942006430978619	0.9940721463081705	0.9917616714945962	0.9910012709440099	0.9932319429113438	0.9934427538042768	0.9944475874782073	0.993375730905705	0.9930835725312112	0.9940332323927681	0.9932742126033034	0.9932742126033034	0.9942607246726829	0.9898143980863554	0.9948761804332281	0.9929012475816749	0.9937980809582182	1.0	0.9997993755964241	0.9934803992260769	0.9926629487074092	0.9938396346553229	0.999495948734106
0.990634256208681	0.9925683727184039	0.9930480840854254	0.9936698828331246	0.9932937565935775	0.9940635329951188	0.9939328352971506	0.9923457588839198	0.991275318151625	0.9941286890279768	0.9938454161849956	0.9936721952069255	0.9938454161849956	0.9930480840854254	0.9937578307339575	0.993823525315948	0.9933604430061153	0.9933017170765902	0.9883172611110339	0.993935945831858	0.9915746136981464	0.9943233919995871	0.9997993755964241	1.0	0.9930739515083814	0.9919773495089401	0.9943449552245482	0.9998542112183587
0.9917374221687593	0.9926261692445604	0.9927313908300714	0.9934354839694343	0.9917765468049831	0.9933229285657246	0.9929145309833657	0.9913005690606869	0.991444083523255	0.9939483681519248	0.9931647054142507	0.9925552124756859	0.9932326079469065	0.9926854469883064	0.9926327329786451	0.9935700473984609	0.9928459721376394	0.9966766088784351	0.9882888848347615	0.9924973023489468	0.9916627746169486	0.9941469201976435	0.9934803992260769	0.9930739515083814	1.0	0.9920119900244594	0.9941249175205491	0.9935028340303981
0.9925198169300936	0.9923361715969238	0.9944228151772029	0.994528445364872	0.9912263788613502	0.9937449086001104	0.992483948949734	0.9918268318268637	0.9932600232252214	0.9940825184425426	0.9940183219394679	0.9923692139277706	0.9932600232252214	0.9942105395420034	0.9937347769160778	0.9956279147326362	0.9956483131826795	0.9925926933652589	0.9904053809780594	0.9939586451715547	0.994258250930306	0.9994225027699302	0.9926629487074092	0.9919773495089401	0.9920119900244594	1.0	0.9990195858176115	0.9929517738130124
0.9935350366168487	0.9943969583671703	0.9921415332864065	0.9941131574398944	0.9931935106490904	0.9961061622145468	0.9946835512198204	0.9918536775019785	0.9924457899262487	0.9940648671158586	0.9943543038572625	0.9949258528985159	0.9943923012323621	0.991252800606624	0.9961363299407088	0.996228119793662	0.9933882054066676	0.9949568149465924	0.9921931609703442	0.995531819701491	0.9948765397076128	0.9992637179210878	0.9938396346553229	0.9943449552245482	0.9941249175205491	0.9990195858176115	1.0	0.9930476061336678
0.9922610698071322	0.9939283759279696	0.9919329858016085	0.9923580211742109	0.9927409937226123	0.994308233684459	0.9941783688520136	0.9912852149203607	0.9899706676937794	0.9923791302350072	0.9926313939059789	0.9946440760893451	0.9934388745652519	0.9920397578738127	0.994170079522078	0.9924002258339637	0.9924002258339637	0.9942827002001237	0.9899226396900493	0.9948982451545477	0.9931266325579912	0.9930682799822035	0.999495948734106	0.9998542112183587	0.9935028340303981	0.9929517738130124	0.9930476061336678	1.0
