/home/jshaw/scratch/2022_sketched_distance/references/SGB_genome_fastas_part4/8779/Bengtsson-PalmeJ_2015__TRAVELRES10__bin.126.fa	/home/jshaw/scratch/2022_sketched_distance/references/SGB_genome_fastas_part4/8779/Bengtsson-PalmeJ_2015__TRAVELRES26__bin.52.fa	/home/jshaw/scratch/2022_sketched_distance/references/SGB_genome_fastas_part4/8779/Bengtsson-PalmeJ_2015__TRAVELRES9__bin.162.fa	/home/jshaw/scratch/2022_sketched_distance/references/SGB_genome_fastas_part4/8779/BritoIL_2016__W1.5.ST__bin.38.fa	/home/jshaw/scratch/2022_sketched_distance/references/SGB_genome_fastas_part4/8779/BritoIL_2016__W2.8.ST__bin.43.fa	/home/jshaw/scratch/2022_sketched_distance/references/SGB_genome_fastas_part4/8779/CosteaPI_2017__SID713A052-11-0-0__bin.55.fa	/home/jshaw/scratch/2022_sketched_distance/references/SGB_genome_fastas_part4/8779/HMP_2012__SRS020233__bin.61.fa	/home/jshaw/scratch/2022_sketched_distance/references/SGB_genome_fastas_part4/8779/LeChatelierE_2013__MH0124__bin.49.fa	/home/jshaw/scratch/2022_sketched_distance/references/SGB_genome_fastas_part4/8779/LeChatelierE_2013__MH0147__bin.53.fa	/home/jshaw/scratch/2022_sketched_distance/references/SGB_genome_fastas_part4/8779/LeChatelierE_2013__MH0457__bin.66.fa	/home/jshaw/scratch/2022_sketched_distance/references/SGB_genome_fastas_part4/8779/LiJ_2014__O2.UC29-1__bin.53.fa	/home/jshaw/scratch/2022_sketched_distance/references/SGB_genome_fastas_part4/8779/NielsenHB_2014__MH0124__bin.30.fa	/home/jshaw/scratch/2022_sketched_distance/references/SGB_genome_fastas_part4/8779/NielsenHB_2014__MH0147__bin.44.fa	/home/jshaw/scratch/2022_sketched_distance/references/SGB_genome_fastas_part4/8779/NielsenHB_2014__O2_UC52_0__bin.44.fa	/home/jshaw/scratch/2022_sketched_distance/references/SGB_genome_fastas_part4/8779/NielsenHB_2014__O2_UC52_2__bin.42.fa	/home/jshaw/scratch/2022_sketched_distance/references/SGB_genome_fastas_part4/8779/XieH_2016__YSZC12003_35561__bin.34.fa	/home/jshaw/scratch/2022_sketched_distance/references/SGB_genome_fastas_part4/8779/XieH_2016__YSZC12003_37101__bin.25.fa	/home/jshaw/scratch/2022_sketched_distance/references/SGB_genome_fastas_part4/8779/XieH_2016__YSZC12003_37314__bin.50.fa	/home/jshaw/scratch/2022_sketched_distance/references/SGB_genome_fastas_part4/8779/XieH_2016__YSZC12003_37332__bin.63.fa	/home/jshaw/scratch/2022_sketched_distance/references/SGB_genome_fastas_part4/8779/ZeeviD_2015__PNP_Main_179__bin.32.fa	/home/jshaw/scratch/2022_sketched_distance/references/SGB_genome_fastas_part4/8779/ZeeviD_2015__PNP_Main_225__bin.46.fa	/home/jshaw/scratch/2022_sketched_distance/references/SGB_genome_fastas_part4/8779/ZeeviD_2015__PNP_Main_283__bin.6.fa	/home/jshaw/scratch/2022_sketched_distance/references/SGB_genome_fastas_part4/8779/ZeeviD_2015__PNP_Main_470__bin.8.fa	/home/jshaw/scratch/2022_sketched_distance/references/SGB_genome_fastas_part4/8779/ZeeviD_2015__PNP_Main_473__bin.11.fa	/home/jshaw/scratch/2022_sketched_distance/references/SGB_genome_fastas_part4/8779/ZeeviD_2015__PNP_Main_500__bin.24.fa	/home/jshaw/scratch/2022_sketched_distance/references/SGB_genome_fastas_part4/8779/ZeeviD_2015__PNP_Main_511__bin.22.fa	/home/jshaw/scratch/2022_sketched_distance/references/SGB_genome_fastas_part4/8779/ZeeviD_2015__PNP_Main_82__bin.19.fa	/home/jshaw/scratch/2022_sketched_distance/references/SGB_genome_fastas_part4/8779/ZeeviD_2015__PNP_Main_89__bin.4.fa	/home/jshaw/scratch/2022_sketched_distance/references/SGB_genome_fastas_part4/8779/ZeeviD_2015__PNP_Validation_42__bin.67.fa
1.0	0.9954166123845946	0.9993073854873811	0.9931535277275159	0.9921515785036774	0.995369737652507	0.9919997983477518	0.9943928339049832	0.994992780134504	0.9951205979526776	0.9939715002131835	0.9944923093354703	0.9946087110061013	0.994875232539663	0.9926962152853696	0.9954096315063408	0.9947005319470881	0.9945795277524484	0.9945306364247348	0.9926244079611096	0.994299551345298	0.9922672127025011	0.9933664236966181	0.9927945637849657	0.9948638756892013	0.9949981421463011	0.9952426033526921	0.9946431922843936	0.9940639571443717
0.9954166123845946	1.0	0.9935142036199642	0.9933968460906205	0.9901710667497199	0.9947450574626386	0.9908729002930935	0.9938655723962239	0.9950031880667602	0.9956214086207897	0.993261247292094	0.993666810077632	0.9946816253536603	0.9946007450499165	0.9919889898262259	0.9959184711438354	0.9940533979432482	0.9939548910455648	0.9938044940060251	0.9925196868436789	0.993764292369552	0.991095297252861	0.9925448185574375	0.9915802795796602	0.9936311467363803	0.9951787275499908	0.9951468802994321	0.9935717470205544	0.99392997534755
0.9993073854873811	0.9935142036199642	1.0	0.9926844407038927	0.9903227144649525	0.9934404989930831	0.9904692259071923	0.9927497363268345	0.99377690438031	0.9945449799169835	0.9916540441669405	0.992764237484201	0.9935779128885761	0.9943992730232301	0.9908554629461486	0.9948024436742408	0.9930699700296878	0.9922090623342339	0.992915764652605	0.9914267322590927	0.9924880513703103	0.9905264919171632	0.9920130274660152	0.9913042734764556	0.9935945412513949	0.9944317077267432	0.9947061289008227	0.992887811642147	0.9930751391247578
0.9931535277275159	0.9933968460906205	0.9926844407038927	1.0	0.9941936521712447	0.9931959701832512	0.995099848647009	0.9927497363268345	0.9935193833092295	0.992718420366561	0.9946668465053392	0.9926707391849009	0.9930790962369562	0.9920355551116725	0.9910074216108178	0.9930387064404015	0.9933933730889747	0.9923898516057374	0.9928738420489502	0.9913453231499869	0.9940044319112261	0.9954198701734508	0.9913465519130951	0.9942523301713251	0.9922984278989071	0.9925085596362778	0.9927243174501621	0.9934538120234353	0.9922543836895962
0.9921515785036774	0.9901710667497199	0.9903227144649525	0.9941936521712447	1.0	0.986524076284509	0.9901927734119615	0.9885237921281566	0.9904736687119701	0.9915531335479079	0.9855042098833504	0.9873149273924541	0.9904306093132755	0.9919875692055882	0.9829505940850818	0.9919258553897139	0.9857160591055925	0.9829666677748956	0.9851324903475805	0.9840456929733856	0.9912813073897433	0.9863943243642647	0.9849337830876032	0.9889346531273212	0.9906667440880612	0.9919052584942301	0.9919670107291874	0.9850959715012322	0.9913442352512879
0.995369737652507	0.9947450574626386	0.9934404989930831	0.9931959701832512	0.986524076284509	1.0	0.9895679464832445	0.992797106408041	0.99503208613506	0.9955987982356879	0.9902571666210984	0.9910713128517209	0.9946909618987326	0.9947270354124251	0.9887672440946976	0.9957913914328386	0.9904628085526735	0.9900878704991931	0.9908187066621754	0.9883020908540211	0.993701833904248	0.9878619960246019	0.9888111520525387	0.9888601205801211	0.9939611230800881	0.9951212755443375	0.9951034568378525	0.9901647315891206	0.9934966731945587
0.9919997983477518	0.9908729002930935	0.9904692259071923	0.995099848647009	0.9901927734119615	0.9895679464832445	1.0	0.9892076191420784	0.9913659476889431	0.9920551472566974	0.992344618595934	0.9884838543866563	0.9911393013226334	0.991758876620101	0.9878505895085756	0.9921655679293978	0.9892606177886601	0.9880730293498499	0.9886271490596392	0.9878822962840944	0.9919443566372051	0.9925174757836848	0.9873715902890613	0.9902482130529754	0.9907580673919675	0.992018258279752	0.9926760457522208	0.9891038262066439	0.9912905715056901
0.9943928339049832	0.9938655723962239	0.9927497363268345	0.9927497363268345	0.9885237921281566	0.992797106408041	0.9892076191420784	1.0	0.9946951802060148	0.9951600845051519	0.9915981700235987	0.9987919632361043	0.9940877043324119	0.9942914358667674	0.9910074216108178	0.9950940672615163	0.9920564285813653	0.9913106886390103	0.9920025108408975	0.9906867263083179	0.9929794545918692	0.9897675689615982	0.9905372462572849	0.9899607973470751	0.9931375614706381	0.9942575674676135	0.994375955758863	0.9921894438917103	0.9929442169348976
0.994992780134504	0.9950031880667602	0.99377690438031	0.9935193833092295	0.9904736687119701	0.99503208613506	0.9913659476889431	0.9946951802060148	1.0	0.9953045996855959	0.9939454643393649	0.9943324084994433	0.9990154293996197	0.9943442348754615	0.9926137927710235	0.9955519622149226	0.994143412572094	0.9940312346348064	0.9940887765033023	0.9929106937801273	0.9940373530538276	0.9918458527883101	0.9925042137075172	0.9919560636482387	0.9934412079624568	0.9949614363471038	0.9955981381023785	0.9944431254793038	0.9940876616508728
0.9951205979526776	0.9956214086207897	0.9945449799169835	0.992718420366561	0.9915531335479079	0.9955987982356879	0.9920551472566974	0.9951600845051519	0.9953045996855959	1.0	0.9942049070271748	0.9950721015502553	0.9949686606551998	0.9935955748977234	0.9931459059163184	0.9949605972684372	0.9947667614487002	0.9955405280368759	0.9952216795681792	0.9934759424849042	0.9945434925471212	0.9920993124532219	0.9936030861518124	0.9924282395138451	0.9943375062133646	0.9939429973708356	0.9943957899248406	0.9951241015423055	0.994031923113154
0.9939715002131835	0.993261247292094	0.9916540441669405	0.9946668465053392	0.9855042098833504	0.9902571666210984	0.992344618595934	0.9915981700235987	0.9939454643393649	0.9942049070271748	1.0	0.9899940476779187	0.9933939299884776	0.9930478427177478	0.9865960135207325	0.9943853159000564	0.982769392276792	0.9879975639056908	0.9856719842270122	0.9788506878163504	0.9931813816988706	0.9875896449701766	0.9859386538936077	0.9796148011351582	0.9924537845241839	0.9937364374512436	0.9944879675118664	0.9789617043760227	0.9929137628285876
0.9944923093354703	0.993666810077632	0.992764237484201	0.9926707391849009	0.9873149273924541	0.9910713128517209	0.9884838543866563	0.9987919632361043	0.9943324084994433	0.9950721015502553	0.9899940476779187	1.0	0.993956278741292	0.9942253777683601	0.9892047483871041	0.995054680209768	0.990210665600619	0.9895027982871906	0.9899365558398986	0.9889511474500335	0.992764237484201	0.9880290383172456	0.9887884254627792	0.9885602934376099	0.993154071181041	0.9941538314310624	0.9944035707843135	0.990618363545443	0.9930061039827501
0.9946087110061013	0.9946816253536603	0.9935779128885761	0.9930790962369562	0.9904306093132755	0.9946909618987326	0.9911393013226334	0.9940877043324119	0.9990154293996197	0.9949686606551998	0.9933939299884776	0.993956278741292	1.0	0.9940213335142113	0.9919889898262259	0.995154920949704	0.9938045893015097	0.9939930848285518	0.9939672397074798	0.9927287986839898	0.9937564750710748	0.9914405247238534	0.9923412940828712	0.9913042734764556	0.9931758465255979	0.9945772255824401	0.9952476603519451	0.9940973190819619	0.9934662544160021
0.994875232539663	0.9946007450499165	0.9943992730232301	0.9920355551116725	0.9919875692055882	0.9947270354124251	0.991758876620101	0.9942914358667674	0.9943442348754615	0.9935955748977234	0.9930478427177478	0.9942253777683601	0.9940213335142113	1.0	0.9971206639256742	0.9942637445383886	0.9939179158259104	0.9939930848285518	0.9939672397074798	0.9927287986839898	0.994283224587124	0.9919939402669871	0.992928099586652	0.9916489224552765	0.9939818913386709	0.9936883924351456	0.9941178342115252	0.9938355753133654	0.9936936824012594
0.9926962152853696	0.9919889898262259	0.9908554629461486	0.9910074216108178	0.9829505940850818	0.9887672440946976	0.9878505895085756	0.9910074216108178	0.9926137927710235	0.9931459059163184	0.9865960135207325	0.9892047483871041	0.9919889898262259	0.9971206639256742	1.0	0.9933079268829647	0.9856289072377806	0.9863386754394435	0.9856587764615894	0.9851789687782592	0.9913949928056432	0.9842762624886021	0.9845963618023684	0.9835692481200604	0.9913521531573456	0.9932472618991515	0.9932877175696286	0.9868737168254434	0.9916933255034317
0.9954096315063408	0.9959184711438354	0.9948024436742408	0.9930387064404015	0.9919258553897139	0.9957913914328386	0.9921655679293978	0.9950940672615163	0.9955519622149226	0.9949605972684372	0.9943853159000564	0.995054680209768	0.995154920949704	0.9942637445383886	0.9933079268829647	1.0	0.9950084775091276	0.9950450235556706	0.9956487946315562	0.9936537894384537	0.9947856518383305	0.9924342649489585	0.9937207862013456	0.9927282603209765	0.9946256523187449	0.9946291466922202	0.9948690949262604	0.9950678845914473	0.9941917844823301
0.9947005319470881	0.9940533979432482	0.9930699700296878	0.9933933730889747	0.9857160591055925	0.9904628085526735	0.9892606177886601	0.9920564285813653	0.994143412572094	0.9947667614487002	0.982769392276792	0.990210665600619	0.9938045893015097	0.9939179158259104	0.9856289072377806	0.9950084775091276	1.0	0.9878229989296322	0.9873571139527582	0.9817999989451223	0.9932089583468501	0.9853660557905076	0.9867442450258253	0.9821817644313544	0.9928370180376248	0.9944788065477945	0.9945454800117679	0.9840520161585823	0.9932782343003196
0.9945795277524484	0.9939548910455648	0.9922090623342339	0.9923898516057374	0.9829666677748956	0.9900878704991931	0.9880730293498499	0.9913106886390103	0.9940312346348064	0.9955405280368759	0.9879975639056908	0.9895027982871906	0.9939930848285518	0.9939930848285518	0.9863386754394435	0.9950450235556706	0.9878229989296322	1.0	0.9874371228075887	0.9856021478827891	0.9925696581831278	0.9855069252412425	0.9862121786366563	0.9841340582901309	0.9924898647734467	0.9945607713017252	0.9943348621871567	0.9876926556155406	0.9928474294319508
0.9945306364247348	0.9938044940060251	0.992915764652605	0.9928738420489502	0.9851324903475805	0.9908187066621754	0.9886271490596392	0.9920025108408975	0.9940887765033023	0.9952216795681792	0.9856719842270122	0.9899365558398986	0.9939672397074798	0.9939672397074798	0.9856587764615894	0.9956487946315562	0.9873571139527582	0.9874371228075887	1.0	0.9856021478827891	0.9929785491616415	0.9843812241145199	0.9867877663986101	0.9836567776983505	0.993290697787281	0.9948285627848107	0.9947097132897097	0.9865111982300726	0.9933734427525392
0.9926244079611096	0.9925196868436789	0.9914267322590927	0.9913453231499869	0.9840456929733856	0.9883020908540211	0.9878822962840944	0.9906867263083179	0.9929106937801273	0.9934759424849042	0.9788506878163504	0.9889511474500335	0.9927287986839898	0.9927287986839898	0.9851789687782592	0.9936537894384537	0.9817999989451223	0.9856021478827891	0.9856021478827891	1.0	0.9920442954935598	0.9844166407014422	0.9859879949697482	0.976936232861112	0.9921505300884301	0.9926766444893491	0.9940066440577234	0.9789617043760227	0.9928068761763811
0.994299551345298	0.993764292369552	0.9924880513703103	0.9940044319112261	0.9912813073897433	0.993701833904248	0.9919443566372051	0.9929794545918692	0.9940373530538276	0.9945434925471212	0.9931813816988706	0.992764237484201	0.9937564750710748	0.994283224587124	0.9913949928056432	0.9947856518383305	0.9932089583468501	0.9925696581831278	0.9929785491616415	0.9920442954935598	1.0	0.9920993124532219	0.9914305999946507	0.9925952534965186	0.9928992592747077	0.9943321807533546	0.9947856518383305	0.9929778260083912	0.9937896434087015
0.9922672127025011	0.991095297252861	0.9905264919171632	0.9954198701734508	0.9863943243642647	0.9878619960246019	0.9925174757836848	0.9897675689615982	0.9918458527883101	0.9920993124532219	0.9875896449701766	0.9880290383172456	0.9914405247238534	0.9919939402669871	0.9842762624886021	0.9924342649489585	0.9853660557905076	0.9855069252412425	0.9843812241145199	0.9844166407014422	0.9920993124532219	1.0	0.9849366084514162	0.9859766596528792	0.9911169799703828	0.9919728254764075	0.9925797468512142	0.9841304955043709	0.9917183905813722
0.9933664236966181	0.9925448185574375	0.9920130274660152	0.9913465519130951	0.9849337830876032	0.9888111520525387	0.9873715902890613	0.9905372462572849	0.9925042137075172	0.9936030861518124	0.9859386538936077	0.9887884254627792	0.9923412940828712	0.992928099586652	0.9845963618023684	0.9937207862013456	0.9867442450258253	0.9862121786366563	0.9867877663986101	0.9859879949697482	0.9914305999946507	0.9849366084514162	1.0	0.9845620049537294	0.9918683797478842	0.9931280575625058	0.9932673129476439	0.9866203739897852	0.9921159612325783
0.9927945637849657	0.9915802795796602	0.9913042734764556	0.9942523301713251	0.9889346531273212	0.9888601205801211	0.9902482130529754	0.9899607973470751	0.9919560636482387	0.9924282395138451	0.9796148011351582	0.9885602934376099	0.9913042734764556	0.9916489224552765	0.9835692481200604	0.9927282603209765	0.9821817644313544	0.9841340582901309	0.9836567776983505	0.976936232861112	0.9925952534965186	0.9859766596528792	0.9845620049537294	1.0	0.9910259425106295	0.9926285553599983	0.9924617098295112	0.9744259384228243	0.9915802795796602
0.9948638756892013	0.9936311467363803	0.9935945412513949	0.9922984278989071	0.9906667440880612	0.9939611230800881	0.9907580673919675	0.9931375614706381	0.9934412079624568	0.9943375062133646	0.9924537845241839	0.993154071181041	0.9931758465255979	0.9939818913386709	0.9913521531573456	0.9946256523187449	0.9928370180376248	0.9924898647734467	0.993290697787281	0.9921505300884301	0.9928992592747077	0.9911169799703828	0.9918683797478842	0.9910259425106295	1.0	0.994369646418272	0.994369646418272	0.9933650843265603	0.9933419464802153
0.9949981421463011	0.9951787275499908	0.9944317077267432	0.9925085596362778	0.9919052584942301	0.9951212755443375	0.992018258279752	0.9942575674676135	0.9949614363471038	0.9939429973708356	0.9937364374512436	0.9941538314310624	0.9945772255824401	0.9936883924351456	0.9932472618991515	0.9946291466922202	0.9944788065477945	0.9945607713017252	0.9948285627848107	0.9926766444893491	0.9943321807533546	0.9919728254764075	0.9931280575625058	0.9926285553599983	0.994369646418272	1.0	0.9948084016268172	0.9943282571103623	0.9940158944762895
0.9952426033526921	0.9951468802994321	0.9947061289008227	0.9927243174501621	0.9919670107291874	0.9951034568378525	0.9926760457522208	0.994375955758863	0.9955981381023785	0.9943957899248406	0.9944879675118664	0.9944035707843135	0.9952476603519451	0.9941178342115252	0.9932877175696286	0.9948690949262604	0.9945454800117679	0.9943348621871567	0.9947097132897097	0.9940066440577234	0.9947856518383305	0.9925797468512142	0.9932673129476439	0.9924617098295112	0.994369646418272	0.9948084016268172	1.0	0.9950678845914473	0.9950419609755216
0.9946431922843936	0.9935717470205544	0.992887811642147	0.9934538120234353	0.9850959715012322	0.9901647315891206	0.9891038262066439	0.9921894438917103	0.9944431254793038	0.9951241015423055	0.9789617043760227	0.990618363545443	0.9940973190819619	0.9938355753133654	0.9868737168254434	0.9950678845914473	0.9840520161585823	0.9876926556155406	0.9865111982300726	0.9789617043760227	0.9929778260083912	0.9841304955043709	0.9866203739897852	0.9744259384228243	0.9933650843265603	0.9943282571103623	0.9950678845914473	1.0	0.9933946866496195
0.9940639571443717	0.99392997534755	0.9930751391247578	0.9922543836895962	0.9913442352512879	0.9934966731945587	0.9912905715056901	0.9929442169348976	0.9940876616508728	0.994031923113154	0.9929137628285876	0.9930061039827501	0.9934662544160021	0.9936936824012594	0.9916933255034317	0.9941917844823301	0.9932782343003196	0.9928474294319508	0.9933734427525392	0.9928068761763811	0.9937896434087015	0.9917183905813722	0.9921159612325783	0.9915802795796602	0.9933419464802153	0.9940158944762895	0.9950419609755216	0.9933946866496195	1.0
