/home/jshaw/scratch/2022_sketched_distance/references/SGB_genome_fastas_part4/6055/BritoIL_2016__W2.8.SA__bin.3.fa	/home/jshaw/scratch/2022_sketched_distance/references/SGB_genome_fastas_part4/6055/BritoIL_2016__WL.34.SA__bin.7.fa	/home/jshaw/scratch/2022_sketched_distance/references/SGB_genome_fastas_part4/6055/Castro-NallarE_2015__ES_209__bin.9.fa	/home/jshaw/scratch/2022_sketched_distance/references/SGB_genome_fastas_part4/6055/CM_periimplantitis__SP_287SPT_T016__bin.29.fa	/home/jshaw/scratch/2022_sketched_distance/references/SGB_genome_fastas_part4/6055/FerrettiP_2018__CA_C10035MS2597SA_t0M15__bin.33.fa	/home/jshaw/scratch/2022_sketched_distance/references/SGB_genome_fastas_part4/6055/HMP_2012__SRS012279__bin.10.fa	/home/jshaw/scratch/2022_sketched_distance/references/SGB_genome_fastas_part4/6055/HMP_2012__SRS013234__bin.16.fa	/home/jshaw/scratch/2022_sketched_distance/references/SGB_genome_fastas_part4/6055/HMP_2012__SRS013836__bin.51.fa	/home/jshaw/scratch/2022_sketched_distance/references/SGB_genome_fastas_part4/6055/HMP_2012__SRS014271__bin.1.fa	/home/jshaw/scratch/2022_sketched_distance/references/SGB_genome_fastas_part4/6055/HMP_2012__SRS015038__bin.1.fa	/home/jshaw/scratch/2022_sketched_distance/references/SGB_genome_fastas_part4/6055/HMP_2012__SRS015941__bin.59.fa	/home/jshaw/scratch/2022_sketched_distance/references/SGB_genome_fastas_part4/6055/HMP_2012__SRS016086__bin.25.fa	/home/jshaw/scratch/2022_sketched_distance/references/SGB_genome_fastas_part4/6055/HMP_2012__SRS016319__bin.15.fa	/home/jshaw/scratch/2022_sketched_distance/references/SGB_genome_fastas_part4/6055/HMP_2012__SRS016740__bin.1.fa	/home/jshaw/scratch/2022_sketched_distance/references/SGB_genome_fastas_part4/6055/HMP_2012__SRS017076__bin.2.fa	/home/jshaw/scratch/2022_sketched_distance/references/SGB_genome_fastas_part4/6055/HMP_2012__SRS018739__bin.26.fa	/home/jshaw/scratch/2022_sketched_distance/references/SGB_genome_fastas_part4/6055/HMP_2012__SRS018791__bin.48.fa	/home/jshaw/scratch/2022_sketched_distance/references/SGB_genome_fastas_part4/6055/HMP_2012__SRS019071__bin.74.fa	/home/jshaw/scratch/2022_sketched_distance/references/SGB_genome_fastas_part4/6055/HMP_2012__SRS019607__bin.55.fa	/home/jshaw/scratch/2022_sketched_distance/references/SGB_genome_fastas_part4/6055/HMP_2012__SRS019894__bin.29.fa	/home/jshaw/scratch/2022_sketched_distance/references/SGB_genome_fastas_part4/6055/HMP_2012__SRS019974__bin.57.fa	/home/jshaw/scratch/2022_sketched_distance/references/SGB_genome_fastas_part4/6055/HMP_2012__SRS020220__bin.40.fa	/home/jshaw/scratch/2022_sketched_distance/references/SGB_genome_fastas_part4/6055/HMP_2012__SRS022530__bin.14.fa	/home/jshaw/scratch/2022_sketched_distance/references/SGB_genome_fastas_part4/6055/HMP_2012__SRS023617__bin.38.fa	/home/jshaw/scratch/2022_sketched_distance/references/SGB_genome_fastas_part4/6055/HMP_2012__SRS023926__bin.28.fa	/home/jshaw/scratch/2022_sketched_distance/references/SGB_genome_fastas_part4/6055/HMP_2012__SRS024081__bin.87.fa	/home/jshaw/scratch/2022_sketched_distance/references/SGB_genome_fastas_part4/6055/HMP_2012__SRS024138__bin.7.fa	/home/jshaw/scratch/2022_sketched_distance/references/SGB_genome_fastas_part4/6055/HMP_2012__SRS024580__bin.10.fa	/home/jshaw/scratch/2022_sketched_distance/references/SGB_genome_fastas_part4/6055/HMP_2012__SRS042643__bin.57.fa	/home/jshaw/scratch/2022_sketched_distance/references/SGB_genome_fastas_part4/6055/HMP_2012__SRS044486__bin.8.fa	/home/jshaw/scratch/2022_sketched_distance/references/SGB_genome_fastas_part4/6055/HMP_2012__SRS047210__bin.59.fa	/home/jshaw/scratch/2022_sketched_distance/references/SGB_genome_fastas_part4/6055/HMP_2012__SRS047824__bin.22.fa	/home/jshaw/scratch/2022_sketched_distance/references/SGB_genome_fastas_part4/6055/HMP_2012__SRS048411__bin.28.fa	/home/jshaw/scratch/2022_sketched_distance/references/SGB_genome_fastas_part4/6055/HMP_2012__SRS050244__bin.71.fa	/home/jshaw/scratch/2022_sketched_distance/references/SGB_genome_fastas_part4/6055/HMP_2012__SRS054687__bin.29.fa	/home/jshaw/scratch/2022_sketched_distance/references/SGB_genome_fastas_part4/6055/HMP_2012__SRS056622__bin.31.fa	/home/jshaw/scratch/2022_sketched_distance/references/SGB_genome_fastas_part4/6055/HMP_2012__SRS057791__bin.18.fa	/home/jshaw/scratch/2022_sketched_distance/references/SGB_genome_fastas_part4/6055/HMP_2012__SRS062544__bin.10.fa	/home/jshaw/scratch/2022_sketched_distance/references/SGB_genome_fastas_part4/6055/HMP_2012__SRS063288__bin.19.fa	/home/jshaw/scratch/2022_sketched_distance/references/SGB_genome_fastas_part4/6055/HMP_2012__SRS064329__bin.12.fa	/home/jshaw/scratch/2022_sketched_distance/references/SGB_genome_fastas_part4/6055/HMP_2012__SRS064423__bin.22.fa	/home/jshaw/scratch/2022_sketched_distance/references/SGB_genome_fastas_part4/6055/HMP_2012__SRS065278__bin.7.fa	/home/jshaw/scratch/2022_sketched_distance/references/SGB_genome_fastas_part4/6055/HMP_2012__SRS065335__bin.10.fa	/home/jshaw/scratch/2022_sketched_distance/references/SGB_genome_fastas_part4/6055/QinN_2014__LD-53__bin.2.fa
1.0	0.9782823627260528	0.9713255317822098	0.9680298658459802	0.9694045556246484	0.9620562370579742	0.9734896984251021	0.9618566810428618	0.9466997514802322	0.9756493603208308	0.9768669111109227	0.9679471494116207	0.9674990894387618	0.9712508431246746	0.9763597990602129	0.9711854963208337	0.9786417209681904	0.9768669111109227	0.9755839989146118	0.976295850924626	0.968358627536121	0.9652716258380702	0.9729265656608655	0.9703408713121755	0.9744522634822479	0.9749897571252262	0.9773042466184816	0.9654511115754301	0.9768669111109227	0.9753871227183942	0.9777969736741752	0.9449667730514477	0.9635146077080317	0.9677752212878917	0.9751227527886215	0.96454349792437	0.972569576944883	0.9769297483188516	0.978402589289243	0.967076371053087	0.9711965361879074	0.9748562149775063	0.9773042466184816	0.9779798425182833
0.9782823627260528	1.0	0.9784444733582365	0.9763568950511241	0.9822903766923232	0.9784485506260255	0.9769561637178745	0.9748915774705107	0.9778885363354327	0.9775085478562824	0.9803763260611433	0.9724520314322481	0.978029371671915	0.976665051477033	0.976013153430651	0.9837233016991352	0.9795472207001508	0.9765526059475503	0.9808734131045288	0.981497491909493	0.9743066122244013	0.9752602281883362	0.9778493266857892	0.971306875764531	0.9740003546361818	0.9793409994424479	0.9784722895788738	0.961885220738251	0.9792180099798118	0.9748554793072024	0.9791088814803786	0.9758728001563497	0.9834970377144873	0.9778515343432901	0.9754631659767985	0.9719584945963858	0.9811326015558862	0.9776238590705056	0.9791088814803786	0.9786639388916392	0.9836463758965771	0.9794278720579305	0.9781492733297713	0.9806698781599237
0.9713255317822098	0.9784444733582365	1.0	0.9699752500138573	0.9774478052823397	0.9718939063467302	0.9738003749306472	0.9730379552823665	0.9775568882529379	0.9762925638208959	0.9817428031064841	0.9783217483346274	0.9729441932744061	0.974865904026949	0.9758976005385707	0.9814296430213921	0.983538190736494	0.9819268366915144	0.9750409449566495	0.9775755359879291	0.967773523815073	0.9732781415722881	0.9736114428245852	0.9718596266293851	0.9795287065511878	0.9810338800779803	0.9803092471442818	0.9648518715874067	0.9824366936118438	0.974545297008691	0.9834331977726724	0.9728579237142729	0.9765546604361242	0.9749087266484027	0.9793306212303589	0.9680091727852584	0.9790512667487341	0.9796863140709189	0.9818165407695575	0.9754450359494389	0.9794332614324566	0.9769403677794521	0.9829743013505255	0.9828674833083603
0.9680298658459802	0.9763568950511241	0.9699752500138573	1.0	0.9750096052972175	0.9684803816680023	0.969115384079881	0.968516751901058	0.9676567470845417	0.9702918931644444	0.9755185058728112	0.9692783614177153	0.971687749169499	0.9707611205234025	0.9707611205234025	0.9767089207395216	0.9766172236599157	0.9752491975666217	0.9723167912684775	0.9744738117415006	0.9635065581711709	0.9682320026683205	0.9703443669149274	0.9682879278263566	0.9732509212888825	0.9755631745238253	0.9769611215109554	0.9604856630368234	0.9765306785903745	0.9715788651547199	0.9765739798865873	0.9633808619206277	0.9745113435652997	0.9726430533186232	0.9742886468321394	0.9662095350904757	0.9725238587472754	0.9742421901840348	0.9767466113910934	0.971030232677277	0.975939294879468	0.9732988175049185	0.977174227880366	0.9764873196154785
0.9694045556246484	0.9822903766923232	0.9774478052823397	0.9750096052972175	1.0	0.971757464693577	0.9778627753082824	0.9711928024501202	0.9684609383794023	0.9811453382094901	0.9838719265482919	0.9787274295184273	0.9731897428202153	0.9823353554249324	0.9806285388257148	0.9802811513822918	0.98594922161568	0.9848021684740593	0.9747270574368381	0.9828703363137347	0.9724345023186093	0.9737475847022686	0.9774478052823397	0.9779142770195743	0.9830027274455837	0.9845090331230795	0.9839147874533636	0.9695039273820816	0.9854216384273132	0.9786771971413089	0.9861499039867505	0.9662613661256054	0.973302873258023	0.9730747319875778	0.9825146550778281	0.9668690383374641	0.9817914886009672	0.9836135780088696	0.9836135780088696	0.9732041005637698	0.9787758598640249	0.981191917468658	0.9854625239046235	0.9867053837290015
0.9620562370579742	0.9784485506260255	0.9718939063467302	0.9684803816680023	0.971757464693577	1.0	0.9697890993145333	0.9658141625204594	0.9801817682633558	0.9715788651547199	0.9803160456853168	0.9780618751627261	0.9552136581995078	0.9708855757356888	0.9696773787766613	0.9681147916656718	0.9793748990455358	0.9774070456870041	0.9726830952781391	0.976102450806887	0.9610695426527479	0.9802352747717383	0.9695090705639692	0.9678352134650215	0.9747911768454018	0.9774511127386103	0.9791248552158827	0.9570217695987129	0.9791248552158827	0.9714201878823822	0.9802352747717383	0.9782176536821001	0.9731657784741358	0.9510513864625755	0.9747911768454018	0.9533606283612062	0.9756867085525317	0.97502924547913	0.9796230422645249	0.9599438232884591	0.9711965361879074	0.9740663211129023	0.9784058124107738	0.9780618751627261
0.9734896984251021	0.9769561637178745	0.9738003749306472	0.969115384079881	0.9778627753082824	0.9697890993145333	1.0	0.9718607315938613	0.9729063567728694	0.9764695615224759	0.9796213308557671	0.9737437404876177	0.9774623417834835	0.9744034230917343	0.9777906063842084	0.9831083855339325	0.9802822193113565	0.9795470664496365	0.9764147936376728	0.9775938592769217	0.9751014725320031	0.971490227646162	0.9751937772446522	0.9698791018421908	0.9759755741397469	0.9790978970736649	0.9825972213070956	0.9810011957612794	0.9810011957612794	0.9739209705592103	0.9800267935599855	0.9684257536187991	0.9778290757477163	0.9793705672055347	0.9777513518684728	0.977104764046133	0.9781498548600849	0.9795098708096349	0.9810011957612794	0.9799854329096089	0.982319440813218	0.9757657425722567	0.9807513487898768	0.9800999763424021
0.9618566810428618	0.9748915774705107	0.9730379552823665	0.968516751901058	0.9711928024501202	0.9658141625204594	0.9718607315938613	1.0	0.9704294829627997	0.9745623304341713	0.9779134240628837	0.9755402308921769	0.9633544112045613	0.9772092810884891	0.9722184097858496	0.9748734114463816	0.9811777705651088	0.9805412996692626	0.9674352575077358	0.9764895796784325	0.9672283777307575	0.9683167133349576	0.9716804006793317	0.97051437253298	0.9769540670341559	0.9789419181366442	0.9782598718936857	0.9634914184155494	0.9819783026779639	0.972805905587515	0.9809971824401702	0.9650327600746034	0.9693037620841678	0.96611679488274	0.9789419181366442	0.9617709748077622	0.9804953597577248	0.9779134240628837	0.9791341980166709	0.9669886224814476	0.9736191274379198	0.97617619789834	0.9821972410101087	0.9826307740901735
0.9466997514802322	0.9778885363354327	0.9775568882529379	0.9676567470845417	0.9684609383794023	0.9801817682633558	0.9729063567728694	0.9704294829627997	1.0	0.975634535622829	0.9816845672479055	0.9851913724527839	0.9128877222879397	0.97708683571687	0.9689861464695497	0.9474862309377047	0.9851385386672351	0.9828956741833563	0.9639194846226351	0.9772891178614239	0.9617113485113895	0.9815668520735489	0.9702629852758385	0.9707599293689245	0.9802432255382021	0.9825541900488797	0.9799966997447666	0.954813633284418	0.9854018617102994	0.9712493569790452	0.9855066026491087	0.9772218299594339	0.9636131842500952	0.9272336578341073	0.9806702203555879	0.934995078310401	0.9838992815007463	0.9893047321029641	0.9820932675712056	0.9364798894611371	0.9598052604539693	0.9777562818091449	0.9856110106888917	0.9846054713978225
0.9756493603208308	0.9775085478562824	0.9762925638208959	0.9702918931644444	0.9811453382094901	0.9715788651547199	0.9764695615224759	0.9745623304341713	0.975634535622829	1.0	0.9788562658461705	0.9760627384805399	0.9838102217028363	0.9746233252283547	0.9803262849718476	0.9877325583894632	0.9833705239076223	0.9816321059062866	0.9798458860077994	0.9779460141257893	0.9724060404135013	0.9696322466785138	0.9742435184395177	0.9704025226624976	0.97665663677207	0.9811570589991553	0.9781893695410294	0.9664607979486689	0.9815308892428526	0.9735723312891723	0.9835298622622116	0.9694558340947608	0.9795673625770873	0.980000543390102	0.9783014702053914	0.9774728718440685	0.9806910736923566	0.9829849214676479	0.9803613254116791	0.9814249736083536	0.9894921554654336	0.9825477481204458	0.9826274213495136	0.9825620000599125
0.9768669111109227	0.9803763260611433	0.9817428031064841	0.9755185058728112	0.9838719265482919	0.9803160456853168	0.9796213308557671	0.9779134240628837	0.9816845672479055	0.9788562658461705	1.0	0.9749564229993313	0.9789302675527574	0.9783991448486703	0.9766438521890125	0.9864327301161749	0.9819293391023767	0.9791694476764463	0.9820652839945487	0.9849490849160609	0.9749161883575043	0.9775205175117011	0.9787775846703761	0.971817877102665	0.9765220114146868	0.9826514081799831	0.9781740531834342	0.9634865126797313	0.9822567276697858	0.9769918789336555	0.9811313279341042	0.9799566312864975	0.9847247819480008	0.980754372915965	0.9784961636791922	0.9723893613178932	0.9846301840563291	0.9790112748360728	0.9796861552545906	0.9797491056671291	0.9854675054790526	0.981564278608915	0.9808997026611652	0.9838176347725793
0.9679471494116207	0.9724520314322481	0.9783217483346274	0.9692783614177153	0.9787274295184273	0.9780618751627261	0.9737437404876177	0.9755402308921769	0.9851913724527839	0.9760627384805399	0.9749564229993313	1.0	0.9677894574039637	0.9790309666285149	0.973056644549115	0.9800960640991354	0.9793683519858489	0.9756837487182038	0.9740085427758716	0.977092673783801	0.9680043731032986	0.9757719184821277	0.9732194080864736	0.9701267459752546	0.9731760033568021	0.9782052697243772	0.9739952728083475	0.9550653495776007	0.9792501608185165	0.9695300914178269	0.9782571956874511	0.9797300507494175	0.9754851536694163	0.96611679488274	0.9751040209724644	0.9682880192775107	0.9810227772674184	0.9773748722584455	0.9759143533290534	0.9714155975733602	0.9790164499433904	0.977547567699084	0.9767568542538446	0.980538759226777
0.9674990894387618	0.978029371671915	0.9729441932744061	0.971687749169499	0.9731897428202153	0.9552136581995078	0.9774623417834835	0.9633544112045613	0.9128877222879397	0.9838102217028363	0.9789302675527574	0.9677894574039637	1.0	0.9740745192423633	0.9827328883051482	0.9794052547922115	0.9851937343950042	0.9816189149199847	0.9778178898288113	0.9776761357647418	0.9727794546315104	0.9582069945462808	0.9751668157603965	0.9699328669585565	0.9794052547922115	0.9807901206645079	0.9800059711948953	0.9709971729761403	0.9813026283273004	0.9780995618380298	0.9835144968819433	0.9289459540471559	0.9671078199005005	0.9774791853678877	0.9781696012195588	0.9794725493933303	0.9775337624147308	0.9841616069972596	0.9799397679706171	0.9781696012195588	0.9748584601501692	0.9782394904736804	0.9816189149199847	0.9826109685609105
0.9712508431246746	0.976665051477033	0.974865904026949	0.9707611205234025	0.9823353554249324	0.9708855757356888	0.9744034230917343	0.9772092810884891	0.97708683571687	0.9746233252283547	0.9783991448486703	0.9790309666285149	0.9740745192423633	1.0	0.9735086674377287	0.9832772372037203	0.9825849420342867	0.9807865311808602	0.9746515077560924	0.978326631337087	0.9713863899610777	0.9709692728178382	0.9752788022562281	0.9748752106175022	0.9788833997061915	0.9802944937719829	0.9800099670945259	0.9649170453655499	0.9841326267641074	0.9744966464047498	0.982551908414153	0.972004299788375	0.9766164911929693	0.9768744314421394	0.9787722848994879	0.9701097658774549	0.9812784626034136	0.9782486852744869	0.9805765643358451	0.9761147797262401	0.9819380587266435	0.9771826103742575	0.982319735375908	0.9826509094929191
0.9763597990602129	0.976013153430651	0.9758976005385707	0.9707611205234025	0.9806285388257148	0.9696773787766613	0.9777906063842084	0.9722184097858496	0.9689861464695497	0.9803262849718476	0.9766438521890125	0.973056644549115	0.9827328883051482	0.9735086674377287	1.0	0.9890772647325311	0.9825874983405586	0.9794476357010361	0.9819088540363566	0.9773276282226581	0.9741643012635077	0.9699476319545952	0.9750658212718825	0.9709400129713202	0.9759334495660347	0.9794476357010361	0.9821616898327276	0.9692687098831979	0.9800510025578517	0.9740441647743482	0.9816633901371982	0.965827941471947	0.9796237405697291	0.9823411512355016	0.9776433746333048	0.9875226574301845	0.9785873704367435	0.9823916591255847	0.9806088744990409	0.9847944932905539	0.9871929514985696	0.978422849531747	0.9809185429295197	0.9809185429295197
0.9711854963208337	0.9837233016991352	0.9814296430213921	0.9767089207395216	0.9802811513822918	0.9681147916656718	0.9831083855339325	0.9748734114463816	0.9474862309377047	0.9877325583894632	0.9864327301161749	0.9800960640991354	0.9794052547922115	0.9832772372037203	0.9890772647325311	1.0	0.9901877636973393	0.9888884909664596	0.9852384243657114	0.985501774107768	0.9793450452982898	0.9689974419892444	0.9824241402045826	0.9778554190018489	0.9844896064077993	0.9873876247214034	0.9860222239157718	0.9768459163854799	0.9883637180141779	0.9837786354571896	0.9894050402223742	0.9450003495399143	0.9757334576862985	0.9825341967325251	0.9861767650831328	0.9808906461959543	0.9872884046618755	0.9888884909664596	0.9864836848628395	0.9825965461525973	0.9828250181157603	0.9853440177776057	0.9889357858477029	0.9906845158589589
0.9786417209681904	0.9795472207001508	0.983538190736494	0.9766172236599157	0.98594922161568	0.9793748990455358	0.9802822193113565	0.9811777705651088	0.9851385386672351	0.9833705239076223	0.9819293391023767	0.9793683519858489	0.9851937343950042	0.9825849420342867	0.9825874983405586	0.9901877636973393	1.0	0.9787584296849431	0.9830263953720174	0.9846073335265626	0.9760572600820113	0.9779981365355656	0.9796801610997959	0.9746481339169915	0.9767914495379092	0.9850098900228806	0.9793212360390208	0.9595648281329043	0.9870225498447661	0.9781132041681733	0.9814848182533042	0.9797300507494175	0.9830435501420237	0.9854776573157557	0.9820390111409834	0.9781456603216102	0.9872491865065522	0.9854064785114853	0.9787823080672968	0.9844880990606493	0.9881591928190602	0.9848200420692407	0.9810127365819882	0.9876818119145574
0.9768669111109227	0.9765526059475503	0.9819268366915144	0.9752491975666217	0.9848021684740593	0.9774070456870041	0.9795470664496365	0.9805412996692626	0.9828956741833563	0.9816321059062866	0.9791694476764463	0.9756837487182038	0.9816189149199847	0.9807865311808602	0.9794476357010361	0.9888884909664596	0.9787584296849431	1.0	0.980792389318922	0.9831383187493782	0.9742592444964389	0.9744162487779696	0.9784325768045774	0.974492885412309	0.9745753805558749	0.9829556652142394	0.9775561227071099	0.9605682826400339	0.9823445442172639	0.9748935283918638	0.977649689211155	0.9764436128895304	0.983596966372274	0.9834203326149034	0.9798974292011499	0.9762474137749708	0.9862014493547012	0.982700160576457	0.9753268262159909	0.9829116699095405	0.9872862061420803	0.9828576916947068	0.9771976306824729	0.9856944280405574
0.9755839989146118	0.9808734131045288	0.9750409449566495	0.9723167912684775	0.9747270574368381	0.9726830952781391	0.9764147936376728	0.9674352575077358	0.9639194846226351	0.9798458860077994	0.9820652839945487	0.9740085427758716	0.9778178898288113	0.9746515077560924	0.9819088540363566	0.9852384243657114	0.9830263953720174	0.980792389318922	1.0	0.981034860810696	0.9722113681192033	0.9719462999174326	0.9770578286464354	0.9727350881858581	0.9771486628865863	0.979128235863291	0.9820262465334787	0.9690527080395107	0.9815144763640541	0.9777329911252296	0.9813952301442227	0.9622304251085756	0.979792292885702	0.9783657791141488	0.9784380739831571	0.972874867776943	0.9791708901165915	0.9811152867320158	0.9816332895376274	0.9803949358845313	0.9831220322172932	0.9784380739831571	0.981155425643692	0.9810750984954849
0.976295850924626	0.981497491909493	0.9775755359879291	0.9744738117415006	0.9828703363137347	0.976102450806887	0.9775938592769217	0.9764895796784325	0.9772891178614239	0.9779460141257893	0.9849490849160609	0.977092673783801	0.9776761357647418	0.978326631337087	0.9773276282226581	0.985501774107768	0.9846073335265626	0.9831383187493782	0.981034860810696	1.0	0.972854620799032	0.9751910600150501	0.976974557917726	0.9739164038223522	0.9793693212050402	0.9834309602223558	0.9830074123596744	0.9677803184941045	0.9835924169750476	0.9793693212050402	0.983817128974548	0.9744337880355968	0.9838454636660411	0.979086628043768	0.9803797358695848	0.9726936537756351	0.9823169454989743	0.9810827979392646	0.9820423655109318	0.9809140106680407	0.984821470575664	0.9795039146312499	0.9838810505820601	0.9833012198094789
0.968358627536121	0.9743066122244013	0.967773523815073	0.9635065581711709	0.9724345023186093	0.9610695426527479	0.9751014725320031	0.9672283777307575	0.9617113485113895	0.9724060404135013	0.9749161883575043	0.9680043731032986	0.9727794546315104	0.9713863899610777	0.9741643012635077	0.9793450452982898	0.9760572600820113	0.9742592444964389	0.9722113681192033	0.972854620799032	1.0	0.9668332392616973	0.9725062627136029	0.9684044276067307	0.9730520151024935	0.9740690796178492	0.9819497682997782	0.9692453504600423	0.9751937200293447	0.97143814204475	0.9756964550059845	0.9585084000194926	0.9721895358517858	0.9735852756159349	0.9735403087660905	0.9724504487452282	0.972854620799032	0.9736370918537187	0.9766351669057699	0.9744138178786984	0.9765267160087926	0.9716443272602128	0.9751014725320031	0.976236173084201
0.9652716258380702	0.9752602281883362	0.9732781415722881	0.9682320026683205	0.9737475847022686	0.9802352747717383	0.971490227646162	0.9683167133349576	0.9815668520735489	0.9696322466785138	0.9775205175117011	0.9757719184821277	0.9582069945462808	0.9709692728178382	0.9699476319545952	0.9689974419892444	0.9779981365355656	0.9744162487779696	0.9719462999174326	0.9751910600150501	0.9668332392616973	1.0	0.9697868132622497	0.9648730171521146	0.9727881711860586	0.9756545487237419	0.9775205175117011	0.957734647886452	0.9763908375745516	0.9694068515807533	0.9785765289914686	0.9797868434173275	0.9751637813214202	0.9554973648753612	0.9732134774613688	0.9616858622787886	0.975350083255267	0.9718323817274124	0.9769982062415733	0.9663676001167534	0.972758986144004	0.9721183969447005	0.9776682241153416	0.9756937190575515
0.9729265656608655	0.9778493266857892	0.9736114428245852	0.9703443669149274	0.9774478052823397	0.9695090705639692	0.9751937772446522	0.9716804006793317	0.9702629852758385	0.9742435184395177	0.9787775846703761	0.9732194080864736	0.9751668157603965	0.9752788022562281	0.9750658212718825	0.9824241402045826	0.9796801610997959	0.9784325768045774	0.9770578286464354	0.976974557917726	0.9725062627136029	0.9697868132622497	1.0	0.9710203588865699	0.9759095002777749	0.9779276988769547	0.9801222622360943	0.9673319835363253	0.9787394301580907	0.9738022177584468	0.9796058922337858	0.9670271307698272	0.9788831211718664	0.9766447217494286	0.9764463853267803	0.9735307891162719	0.976675482803668	0.9763643619795956	0.9932477019005433	0.977857133361219	0.9811616965981579	0.9752505659213976	0.9783554102709051	0.9785863643027747
0.9703408713121755	0.971306875764531	0.9718596266293851	0.9682879278263566	0.9779142770195743	0.9678352134650215	0.9698791018421908	0.97051437253298	0.9707599293689245	0.9704025226624976	0.971817877102665	0.9701267459752546	0.9699328669585565	0.9748752106175022	0.9709400129713202	0.9778554190018489	0.9746481339169915	0.974492885412309	0.9727350881858581	0.9739164038223522	0.9684044276067307	0.9648730171521146	0.9710203588865699	1.0	0.9722376388419084	0.9721400546498996	0.9722376388419084	0.959210574527188	0.9737451473658486	0.9670953518008901	0.975826806341153	0.9675277163219261	0.9728898382915998	0.9744187307863424	0.9705688654946245	0.9658372242803969	0.9753064160704684	0.9695390144123827	0.9733042412843819	0.9719475181182639	0.9763970912536831	0.9719751079818866	0.9729389893609822	0.9748475244055272
0.9744522634822479	0.9740003546361818	0.9795287065511878	0.9732509212888825	0.9830027274455837	0.9747911768454018	0.9759755741397469	0.9769540670341559	0.9802432255382021	0.97665663677207	0.9765220114146868	0.9731760033568021	0.9794052547922115	0.9788833997061915	0.9759334495660347	0.9844896064077993	0.9767914495379092	0.9745753805558749	0.9771486628865863	0.9793693212050402	0.9730520151024935	0.9727881711860586	0.9759095002777749	0.9722376388419084	1.0	0.9795433154476907	0.9743483652539403	0.9575750443378888	0.9798866169603477	0.9731757088459149	0.9765525437628204	0.97320707241739	0.9775301346323945	0.979086628043768	0.976448171763982	0.9728145755628436	0.9808020158935342	0.9791806250554432	0.9732092576665359	0.9798674830307279	0.9833852524768396	0.9794278720579305	0.9749238767144495	0.9822659948077438
0.9749897571252262	0.9793409994424479	0.9810338800779803	0.9755631745238253	0.9845090331230795	0.9774511127386103	0.9790978970736649	0.9789419181366442	0.9825541900488797	0.9811570589991553	0.9826514081799831	0.9782052697243772	0.9807901206645079	0.9802944937719829	0.9794476357010361	0.9873876247214034	0.9850098900228806	0.9829556652142394	0.979128235863291	0.9834309602223558	0.9740690796178492	0.9756545487237419	0.9779276988769547	0.9721400546498996	0.9795433154476907	1.0	0.9810541287500019	0.9662795085376868	0.9853494835258056	0.9751604501104472	0.9848959072132336	0.9774952460400874	0.983795914629815	0.9820819739721599	0.9797109597418159	0.9748608686694842	0.9848266718975939	0.9810220167336083	0.9818155085972521	0.9911527630747411	0.9862935933922385	0.9825477481204458	0.9853776251133941	0.9851568357586814
0.9773042466184816	0.9784722895788738	0.9803092471442818	0.9769611215109554	0.9839147874533636	0.9791248552158827	0.9825972213070956	0.9782598718936857	0.9799966997447666	0.9781893695410294	0.9781740531834342	0.9739952728083475	0.9800059711948953	0.9800099670945259	0.9821616898327276	0.9860222239157718	0.9793212360390208	0.9775561227071099	0.9820262465334787	0.9830074123596744	0.9819497682997782	0.9775205175117011	0.9801222622360943	0.9722376388419084	0.9743483652539403	0.9810541287500019	1.0	0.9670094531706283	0.9812748684401155	0.9771341733608001	0.9791095424256779	0.9789244027402029	0.9820650635746332	0.9802766794191474	0.9768271253091833	0.9802290533467525	0.9834258856806326	0.9800144443701561	0.9790791880848511	0.9813121141313602	0.9853195445237198	0.9812417818101217	0.9785587965743482	0.9818584359594186
0.9654511115754301	0.961885220738251	0.9648518715874067	0.9604856630368234	0.9695039273820816	0.9570217695987129	0.9810011957612794	0.9634914184155494	0.954813633284418	0.9664607979486689	0.9634865126797313	0.9550653495776007	0.9709971729761403	0.9649170453655499	0.9692687098831979	0.9768459163854799	0.9595648281329043	0.9605682826400339	0.9690527080395107	0.9677803184941045	0.9692453504600423	0.957734647886452	0.9673319835363253	0.959210574527188	0.9575750443378888	0.9662795085376868	0.9670094531706283	1.0	0.9662706931114121	0.9619237404738981	0.9603333892868807	0.9541694403891444	0.969226273535309	0.9744187307863424	0.9629283539837902	0.9719584945963858	0.9677642954287938	0.9655265562131407	0.9622575759284466	0.9727661406727024	0.9747999157619306	0.966850773670334	0.9604418767046708	0.9678458826051046
0.9768669111109227	0.9792180099798118	0.9824366936118438	0.9765306785903745	0.9854216384273132	0.9791248552158827	0.9810011957612794	0.9819783026779639	0.9854018617102994	0.9815308892428526	0.9822567276697858	0.9792501608185165	0.9813026283273004	0.9841326267641074	0.9800510025578517	0.9883637180141779	0.9870225498447661	0.9823445442172639	0.9815144763640541	0.9835924169750476	0.9751937200293447	0.9763908375745516	0.9787394301580907	0.9737451473658486	0.9798866169603477	0.9853494835258056	0.9812748684401155	0.9662706931114121	1.0	0.9774169108368702	0.9854120556587455	0.9799566312864975	0.9828909823027225	0.9827261110229026	0.9808186375369999	0.9758651024040719	0.9880876630513633	0.9831819594075047	0.9816651855689597	0.9831797285758108	0.988204504601848	0.9845281838367143	0.9870985116993244	0.9869606700677889
0.9753871227183942	0.9748554793072024	0.974545297008691	0.9715788651547199	0.9786771971413089	0.9714201878823822	0.9739209705592103	0.972805905587515	0.9712493569790452	0.9735723312891723	0.9769918789336555	0.9695300914178269	0.9780995618380298	0.9744966464047498	0.9740441647743482	0.9837786354571896	0.9781132041681733	0.9748935283918638	0.9777329911252296	0.9793693212050402	0.97143814204475	0.9694068515807533	0.9738022177584468	0.9670953518008901	0.9731757088459149	0.9751604501104472	0.9771341733608001	0.9619237404738981	0.9774169108368702	1.0	0.9776623092398714	0.9699971838135337	0.9783603567292448	0.9774042022714206	0.9731757088459149	0.9718964718274986	0.9779087122983285	0.9748901174509254	0.9762344564992668	0.9780450990221865	0.981217766199445	0.9763984467429115	0.9776623092398714	0.9768203170246825
0.9777969736741752	0.9791088814803786	0.9834331977726724	0.9765739798865873	0.9861499039867505	0.9802352747717383	0.9800267935599855	0.9809971824401702	0.9855066026491087	0.9835298622622116	0.9811313279341042	0.9782571956874511	0.9835144968819433	0.982551908414153	0.9816633901371982	0.9894050402223742	0.9814848182533042	0.977649689211155	0.9813952301442227	0.983817128974548	0.9756964550059845	0.9785765289914686	0.9796058922337858	0.975826806341153	0.9765525437628204	0.9848959072132336	0.9791095424256779	0.9603333892868807	0.9854120556587455	0.9776623092398714	1.0	0.981500176123434	0.9829927730883062	0.9855947531772491	0.9810309464654051	0.9780430539520067	0.9873702843752749	0.9843275042225851	0.9777181918498195	0.9844367540980283	0.9875181932106712	0.9837703116117815	0.9802689863395189	0.9872563786619474
0.9449667730514477	0.9758728001563497	0.9728579237142729	0.9633808619206277	0.9662613661256054	0.9782176536821001	0.9684257536187991	0.9650327600746034	0.9772218299594339	0.9694558340947608	0.9799566312864975	0.9797300507494175	0.9289459540471559	0.972004299788375	0.965827941471947	0.9450003495399143	0.9797300507494175	0.9764436128895304	0.9622304251085756	0.9744337880355968	0.9585084000194926	0.9797868434173275	0.9670271307698272	0.9675277163219261	0.97320707241739	0.9774952460400874	0.9789244027402029	0.9541694403891444	0.9799566312864975	0.9699971838135337	0.981500176123434	1.0	0.9607317996241603	0.9272336578341073	0.9757445812432018	0.9334377512733298	0.9768807588898591	0.9742325273580341	0.9788660882896965	0.9375183334607388	0.9568371441602439	0.9727876406388553	0.9805717447019806	0.9787491457885292
0.9635146077080317	0.9834970377144873	0.9765546604361242	0.9745113435652997	0.973302873258023	0.9731657784741358	0.9778290757477163	0.9693037620841678	0.9636131842500952	0.9795673625770873	0.9847247819480008	0.9754851536694163	0.9671078199005005	0.9766164911929693	0.9796237405697291	0.9757334576862985	0.9830435501420237	0.983596966372274	0.979792292885702	0.9838454636660411	0.9721895358517858	0.9751637813214202	0.9788831211718664	0.9728898382915998	0.9775301346323945	0.983795914629815	0.9820650635746332	0.969226273535309	0.9828909823027225	0.9783603567292448	0.9829927730883062	0.9607317996241603	1.0	0.9688678539199069	0.9813783148551692	0.964199187978881	0.9837462906139318	0.9816441573286567	0.9841411961165449	0.9694411645621946	0.9750039064142261	0.980237559178474	0.9828909823027225	0.9836468167178463
0.9677752212878917	0.9778515343432901	0.9749087266484027	0.9726430533186232	0.9730747319875778	0.9510513864625755	0.9793705672055347	0.96611679488274	0.9272336578341073	0.980000543390102	0.980754372915965	0.96611679488274	0.9774791853678877	0.9768744314421394	0.9823411512355016	0.9825341967325251	0.9854776573157557	0.9834203326149034	0.9783657791141488	0.979086628043768	0.9735852756159349	0.9554973648753612	0.9766447217494286	0.9744187307863424	0.979086628043768	0.9820819739721599	0.9802766794191474	0.9744187307863424	0.9827261110229026	0.9774042022714206	0.9855947531772491	0.9272336578341073	0.9688678539199069	1.0	0.9802766794191474	0.9782196777888816	0.982211819063357	0.9844045698891932	0.9800697965124882	0.9782196777888816	0.9757883046037825	0.9782196777888816	0.9827898333962373	0.9837310916957688
0.9751227527886215	0.9754631659767985	0.9793306212303589	0.9742886468321394	0.9825146550778281	0.9747911768454018	0.9777513518684728	0.9789419181366442	0.9806702203555879	0.9783014702053914	0.9784961636791922	0.9751040209724644	0.9781696012195588	0.9787722848994879	0.9776433746333048	0.9861767650831328	0.9820390111409834	0.9798974292011499	0.9784380739831571	0.9803797358695848	0.9735403087660905	0.9732134774613688	0.9764463853267803	0.9705688654946245	0.976448171763982	0.9797109597418159	0.9768271253091833	0.9629283539837902	0.9808186375369999	0.9731757088459149	0.9810309464654051	0.9757445812432018	0.9813783148551692	0.9802766794191474	1.0	0.9739413941945487	0.9841003912756038	0.9798493750306174	0.9781691232682299	0.9802784577993435	0.9852700757144408	0.9813496343854263	0.9807891706201962	0.9853842637117011
0.96454349792437	0.9719584945963858	0.9680091727852584	0.9662095350904757	0.9668690383374641	0.9533606283612062	0.977104764046133	0.9617709748077622	0.934995078310401	0.9774728718440685	0.9723893613178932	0.9682880192775107	0.9794725493933303	0.9701097658774549	0.9875226574301845	0.9808906461959543	0.9781456603216102	0.9762474137749708	0.972874867776943	0.9726936537756351	0.9724504487452282	0.9616858622787886	0.9735307891162719	0.9658372242803969	0.9728145755628436	0.9748608686694842	0.9802290533467525	0.9719584945963858	0.9758651024040719	0.9718964718274986	0.9780430539520067	0.9334377512733298	0.964199187978881	0.9782196777888816	0.9739413941945487	1.0	0.9725114212673032	0.9800362650515412	0.9798909235137188	0.9786025806316608	0.9749360517072728	0.9723281585441332	0.976463877467448	0.978094397501252
0.972569576944883	0.9811326015558862	0.9790512667487341	0.9725238587472754	0.9817914886009672	0.9756867085525317	0.9781498548600849	0.9804953597577248	0.9838992815007463	0.9806910736923566	0.9846301840563291	0.9810227772674184	0.9775337624147308	0.9812784626034136	0.9785873704367435	0.9872884046618755	0.9872491865065522	0.9862014493547012	0.9791708901165915	0.9823169454989743	0.972854620799032	0.975350083255267	0.976675482803668	0.9753064160704684	0.9808020158935342	0.9848266718975939	0.9834258856806326	0.9677642954287938	0.9880876630513633	0.9779087122983285	0.9873702843752749	0.9768807588898591	0.9837462906139318	0.982211819063357	0.9841003912756038	0.9725114212673032	1.0	0.9837648726965786	0.9844655408239897	0.9794512711736139	0.9853689389363232	0.9814236760968086	0.9876411364599902	0.9876111516033113
0.9769297483188516	0.9776238590705056	0.9796863140709189	0.9742421901840348	0.9836135780088696	0.97502924547913	0.9795098708096349	0.9779134240628837	0.9893047321029641	0.9829849214676479	0.9790112748360728	0.9773748722584455	0.9841616069972596	0.9782486852744869	0.9823916591255847	0.9888884909664596	0.9854064785114853	0.982700160576457	0.9811152867320158	0.9810827979392646	0.9736370918537187	0.9718323817274124	0.9763643619795956	0.9695390144123827	0.9791806250554432	0.9810220167336083	0.9800144443701561	0.9655265562131407	0.9831819594075047	0.9748901174509254	0.9843275042225851	0.9742325273580341	0.9816441573286567	0.9844045698891932	0.9798493750306174	0.9800362650515412	0.9837648726965786	1.0	0.9815266533119648	0.983498531428322	0.9877485567666465	0.9817775238803498	0.9835387163173235	0.9839362815139434
0.978402589289243	0.9791088814803786	0.9818165407695575	0.9767466113910934	0.9836135780088696	0.9796230422645249	0.9810011957612794	0.9791341980166709	0.9820932675712056	0.9803613254116791	0.9796861552545906	0.9759143533290534	0.9799397679706171	0.9805765643358451	0.9806088744990409	0.9864836848628395	0.9787823080672968	0.9753268262159909	0.9816332895376274	0.9820423655109318	0.9766351669057699	0.9769982062415733	0.9932477019005433	0.9733042412843819	0.9732092576665359	0.9818155085972521	0.9790791880848511	0.9622575759284466	0.9816651855689597	0.9762344564992668	0.9777181918498195	0.9788660882896965	0.9841411961165449	0.9800697965124882	0.9781691232682299	0.9798909235137188	0.9844655408239897	0.9815266533119648	1.0	0.981705430653639	0.9865326612196189	0.9815286022238481	0.9769112594705289	0.9838770117972311
0.967076371053087	0.9786639388916392	0.9754450359494389	0.971030232677277	0.9732041005637698	0.9599438232884591	0.9799854329096089	0.9669886224814476	0.9364798894611371	0.9814249736083536	0.9797491056671291	0.9714155975733602	0.9781696012195588	0.9761147797262401	0.9847944932905539	0.9825965461525973	0.9844880990606493	0.9829116699095405	0.9803949358845313	0.9809140106680407	0.9744138178786984	0.9663676001167534	0.977857133361219	0.9719475181182639	0.9798674830307279	0.9911527630747411	0.9813121141313602	0.9727661406727024	0.9831797285758108	0.9780450990221865	0.9844367540980283	0.9375183334607388	0.9694411645621946	0.9782196777888816	0.9802784577993435	0.9786025806316608	0.9794512711736139	0.983498531428322	0.981705430653639	1.0	0.977919909085412	0.9790296847172635	0.9824235668643977	0.9841788171485278
0.9711965361879074	0.9836463758965771	0.9794332614324566	0.975939294879468	0.9787758598640249	0.9711965361879074	0.982319440813218	0.9736191274379198	0.9598052604539693	0.9894921554654336	0.9854675054790526	0.9790164499433904	0.9748584601501692	0.9819380587266435	0.9871929514985696	0.9828250181157603	0.9881591928190602	0.9872862061420803	0.9831220322172932	0.984821470575664	0.9765267160087926	0.972758986144004	0.9811616965981579	0.9763970912536831	0.9833852524768396	0.9862935933922385	0.9853195445237198	0.9747999157619306	0.988204504601848	0.981217766199445	0.9875181932106712	0.9568371441602439	0.9750039064142261	0.9757883046037825	0.9852700757144408	0.9749360517072728	0.9853689389363232	0.9877485567666465	0.9865326612196189	0.977919909085412	1.0	0.9929220052182822	0.9877026128284293	0.9885199539115702
0.9748562149775063	0.9794278720579305	0.9769403677794521	0.9732988175049185	0.981191917468658	0.9740663211129023	0.9757657425722567	0.97617619789834	0.9777562818091449	0.9825477481204458	0.981564278608915	0.977547567699084	0.9782394904736804	0.9771826103742575	0.978422849531747	0.9853440177776057	0.9848200420692407	0.9828576916947068	0.9784380739831571	0.9795039146312499	0.9716443272602128	0.9721183969447005	0.9752505659213976	0.9719751079818866	0.9794278720579305	0.9825477481204458	0.9812417818101217	0.966850773670334	0.9845281838367143	0.9763984467429115	0.9837703116117815	0.9727876406388553	0.980237559178474	0.9782196777888816	0.9813496343854263	0.9723281585441332	0.9814236760968086	0.9817775238803498	0.9815286022238481	0.9790296847172635	0.9929220052182822	1.0	0.9836032136428321	0.9841679068552849
