/home/jshaw/scratch/2022_sketched_distance/references/SGB_genome_fastas_part2/4329/Bengtsson-PalmeJ_2015__TRAVELRES20__bin.89.fa	/home/jshaw/scratch/2022_sketched_distance/references/SGB_genome_fastas_part2/4329/BritoIL_2016__M1.15.ST__bin.93.fa	/home/jshaw/scratch/2022_sketched_distance/references/SGB_genome_fastas_part2/4329/BritoIL_2016__M1.20.ST__bin.14.fa	/home/jshaw/scratch/2022_sketched_distance/references/SGB_genome_fastas_part2/4329/BritoIL_2016__M1.52.ST__bin.60.fa	/home/jshaw/scratch/2022_sketched_distance/references/SGB_genome_fastas_part2/4329/BritoIL_2016__M1.59.ST__bin.3.fa	/home/jshaw/scratch/2022_sketched_distance/references/SGB_genome_fastas_part2/4329/BritoIL_2016__M1.63.ST__bin.48.fa	/home/jshaw/scratch/2022_sketched_distance/references/SGB_genome_fastas_part2/4329/BritoIL_2016__M2.3.ST__bin.58.fa	/home/jshaw/scratch/2022_sketched_distance/references/SGB_genome_fastas_part2/4329/BritoIL_2016__W1.15.ST__bin.6.fa	/home/jshaw/scratch/2022_sketched_distance/references/SGB_genome_fastas_part2/4329/BritoIL_2016__W1.1.ST__bin.12.fa	/home/jshaw/scratch/2022_sketched_distance/references/SGB_genome_fastas_part2/4329/BritoIL_2016__W1.26.ST__bin.71.fa	/home/jshaw/scratch/2022_sketched_distance/references/SGB_genome_fastas_part2/4329/BritoIL_2016__W1.2.ST__bin.4.fa	/home/jshaw/scratch/2022_sketched_distance/references/SGB_genome_fastas_part2/4329/BritoIL_2016__W1.31.ST__bin.11.fa	/home/jshaw/scratch/2022_sketched_distance/references/SGB_genome_fastas_part2/4329/BritoIL_2016__W2.40.ST__bin.21.fa	/home/jshaw/scratch/2022_sketched_distance/references/SGB_genome_fastas_part2/4329/BritoIL_2016__W2.46.ST__bin.68.fa	/home/jshaw/scratch/2022_sketched_distance/references/SGB_genome_fastas_part2/4329/BritoIL_2016__W2.4.ST__bin.23.fa	/home/jshaw/scratch/2022_sketched_distance/references/SGB_genome_fastas_part2/4329/BritoIL_2016__W2.65.ST__bin.32.fa	/home/jshaw/scratch/2022_sketched_distance/references/SGB_genome_fastas_part2/4329/BritoIL_2016__W3.19.ST__bin.44.fa	/home/jshaw/scratch/2022_sketched_distance/references/SGB_genome_fastas_part2/4329/CM_madagascar__A32_01_1FE__bin.54.fa	/home/jshaw/scratch/2022_sketched_distance/references/SGB_genome_fastas_part2/4329/CM_madagascar__A56_01_1FE__bin.9.fa	/home/jshaw/scratch/2022_sketched_distance/references/SGB_genome_fastas_part2/4329/CosteaPI_2017__SID713A049-11-0-0__bin.49.fa	/home/jshaw/scratch/2022_sketched_distance/references/SGB_genome_fastas_part2/4329/LiSS_2016__FAT_DON_19-22-0-0__bin.12.fa	/home/jshaw/scratch/2022_sketched_distance/references/SGB_genome_fastas_part2/4329/Obregon-TitoAJ_2015__HCO64__bin.33.fa	/home/jshaw/scratch/2022_sketched_distance/references/SGB_genome_fastas_part2/4329/Obregon-TitoAJ_2015__SM01__bin.19.fa	/home/jshaw/scratch/2022_sketched_distance/references/SGB_genome_fastas_part2/4329/Obregon-TitoAJ_2015__SM24__bin.27.fa	/home/jshaw/scratch/2022_sketched_distance/references/SGB_genome_fastas_part2/4329/Obregon-TitoAJ_2015__SM29__bin.35.fa	/home/jshaw/scratch/2022_sketched_distance/references/SGB_genome_fastas_part2/4329/Obregon-TitoAJ_2015__SM40__bin.4.fa	/home/jshaw/scratch/2022_sketched_distance/references/SGB_genome_fastas_part2/4329/Obregon-TitoAJ_2015__SM42__bin.6.fa	/home/jshaw/scratch/2022_sketched_distance/references/SGB_genome_fastas_part2/4329/RampelliS_2015__H10__bin.28.fa	/home/jshaw/scratch/2022_sketched_distance/references/SGB_genome_fastas_part2/4329/SchirmerM_2016__G89062__bin.1.fa	/home/jshaw/scratch/2022_sketched_distance/references/SGB_genome_fastas_part2/4329/SmitsSA_2017__TZ_12739__bin.2.fa	/home/jshaw/scratch/2022_sketched_distance/references/SGB_genome_fastas_part2/4329/ZeeviD_2015__PNP_Main_25__bin.48.fa	/home/jshaw/scratch/2022_sketched_distance/references/SGB_genome_fastas_part2/4329/ZeeviD_2015__PNP_Main_37__bin.8.fa	/home/jshaw/scratch/2022_sketched_distance/references/SGB_genome_fastas_part2/4329/ZeeviD_2015__PNP_Main_455__bin.55.fa	/home/jshaw/scratch/2022_sketched_distance/references/SGB_genome_fastas_part2/4329/ZeeviD_2015__PNP_Validation_30__bin.18.fa
1.0	0.9685390637093088	0.9637786668191372	0.9695310343075131	0.9653737165289659	0.9686656708163651	0.9668008898320505	0.9663824611618995	0.9696783424290286	0.9669288717861575	0.9696356686285922	0.9694014569485274	0.9716709562831196	0.9695740748721131	0.9728824235822711	0.968522623571389	0.9734994004565323	0.9643454719387595	0.9677352318636359	0.9695297997113922	0.9677474829960301	0.9678890761973451	0.9708958547010208	0.9522823293611736	0.9620433892561181	0.9607696878497299	0.9586925494222241	0.9657874524630782	0.9652366137028552	0.9601795807310439	0.9672830857191566	0.9712558103051914	0.9687998848139265	0.9720060490158638
0.9685390637093088	1.0	0.9659948161211731	0.9790833534866884	0.963888952701058	0.9709879557977673	0.973516125245983	0.966299882141124	0.9745017201128487	0.9743805557551717	0.9756790467612823	0.9681210297202998	0.9750434742899594	0.9764090706338688	0.9738866261303453	0.9761128825842627	0.9721906922967967	0.9670967912274364	0.973575261568631	0.974604968956893	0.9793047103937983	0.9739543600467427	0.9758041118403147	0.9685301385117877	0.9712058384236294	0.9659786876308356	0.9645152422203894	0.9628111982065223	0.9748927057153886	0.9684996326994598	0.9732408973225853	0.9768223470970647	0.9821663036364373	0.9762449680382838
0.9637786668191372	0.9659948161211731	1.0	0.967848549454571	0.959599869661745	0.9646871869661473	0.968134092121011	0.960132030854768	0.9807190712953631	0.9638908034495176	0.9816546150336055	0.9815512386076256	0.9712406127363289	0.9663784133257953	0.9645016654482782	0.9658665454307227	0.9812848045596773	0.961119682756579	0.9657393899254288	0.9655544555144696	0.9667269372316226	0.9656520744706725	0.9664622650456886	0.9579138942816486	0.9604355406397748	0.9572289743000302	0.9563013857834296	0.9603005982263163	0.9612083514298301	0.9613893412905811	0.9646827405149468	0.9674425257717848	0.9654843263791347	0.9675303557886379
0.9695310343075131	0.9790833534866884	0.967848549454571	1.0	0.9664538674235632	0.9720157404286153	0.9732960751363773	0.9675098023963041	0.9762729421904324	0.9726544620943716	0.9767894876818626	0.9717885863130697	0.9757438698271411	0.9748239313329732	0.9733412737107334	0.9747318881234522	0.9739046152515504	0.9682824736099571	0.9738079585410386	0.9749911323666114	0.9768085655225386	0.9738376926186041	0.975210511513579	0.9667928405951308	0.970699767111722	0.9655130996069617	0.9647904642735605	0.9653224274722856	0.9726362558607609	0.9682740288728721	0.9732888218838116	0.9760820162818769	0.9794504842966524	0.9747463675812997
0.9653737165289659	0.963888952701058	0.959599869661745	0.9664538674235632	1.0	0.9832513495072494	0.9645220693764592	0.9799305408605421	0.9651194987561361	0.9811131222385057	0.9653127099295787	0.9650852669862232	0.9667931276688838	0.9837923478481153	0.9853983134782516	0.9835403409227367	0.9653437134775668	0.9616895706266982	0.9625283036119735	0.9657581532000608	0.9641805452900981	0.9634190135433784	0.9647340893081052	0.9514893172460992	0.9579931452598566	0.9555344033871244	0.9553473772226164	0.9617567465037642	0.9577463015420641	0.95740796053047	0.9632886424922795	0.9646354205583852	0.963997451277522	0.9650891905645353
0.9686656708163651	0.9709879557977673	0.9646871869661473	0.9720157404286153	0.9832513495072494	1.0	0.9708848164993815	0.9849672376741587	0.971984162967717	0.9894271973198989	0.9725044302428444	0.9665357587820449	0.9727161879946448	0.9919915940596282	0.9895083930670341	0.9916065422201521	0.9689275144461942	0.965601400022351	0.9688806504327072	0.9705688496821674	0.9712477086967766	0.9716350923604216	0.9723873523440693	0.9635253684331468	0.9671549817233485	0.9621617041152952	0.9610471086785639	0.9638511756289857	0.9668853392232306	0.9649769806368106	0.9704291476920774	0.9732519046487432	0.9718930609992311	0.9726330233476524
0.9668008898320505	0.973516125245983	0.968134092121011	0.9732960751363773	0.9645220693764592	0.9708848164993815	1.0	0.9664996704000306	0.9794130815626393	0.9738479077208613	0.9808052405964452	0.9719846222743148	0.9947894933100903	0.9760451267527536	0.9721412767484651	0.9759675291353167	0.9764097887154349	0.9685058853592364	0.9747477651455126	0.9746386359036083	0.9724008321686698	0.9743670481821545	0.9763555200834556	0.967682143778637	0.9717444361420844	0.9660506032316172	0.9659295848069097	0.9636079157631935	0.9659166807789994	0.9693065699694563	0.9747887706903053	0.977384476684236	0.9758913601315838	0.9767689226767812
0.9663824611618995	0.966299882141124	0.960132030854768	0.9675098023963041	0.9799305408605421	0.9849672376741587	0.9664996704000306	1.0	0.9674831515977826	0.9861396788466988	0.9683940990611205	0.9644039787421402	0.9683586880192251	0.9884385012564629	0.9871821942989087	0.9880274781269954	0.9660052685358439	0.9623197142161111	0.9654050425616701	0.9675911717500002	0.9664712467678782	0.9663302922406654	0.9675644464866682	0.9577514905279296	0.9613270508757242	0.957620021252188	0.9577293386270426	0.9606934769588509	0.9606913726304608	0.960160856188386	0.965367797072455	0.9687071475364167	0.9670838688648602	0.9683389380636382
0.9696783424290286	0.9745017201128487	0.9807190712953631	0.9762729421904324	0.9651194987561361	0.971984162967717	0.9794130815626393	0.9674831515977826	1.0	0.9743435848477406	0.9954321123326052	0.984070131916384	0.9804943431573508	0.9763302856824764	0.9728053745820985	0.9760103594916119	0.9879088575679963	0.9686544793844939	0.9749545790089785	0.9743618812123298	0.9736207273362182	0.9744078420978023	0.975871357435117	0.9678058308657344	0.970874792910441	0.9662023555635988	0.9652200401705913	0.9665015339379959	0.9693120660975141	0.9711761888010934	0.9741708594446552	0.9774540356049419	0.9759267436532074	0.977161217721067
0.9669288717861575	0.9743805557551717	0.9638908034495176	0.9726544620943716	0.9811131222385057	0.9894271973198989	0.9738479077208613	0.9861396788466988	0.9743435848477406	1.0	0.9753612477743727	0.9660505554283563	0.9749001660161772	0.9973182374541453	0.9934262411439851	0.9969301995733475	0.9710043063848025	0.9665915156670029	0.9724970585795052	0.9726627374444987	0.9714817005750028	0.9736887718925101	0.9756718896660699	0.9677178167113445	0.9704780867515583	0.9637132521227273	0.9629610743514745	0.9620379403318219	0.9657910112275007	0.9675942669078927	0.9725355975413185	0.9763360981784349	0.9749292159312127	0.9760170057907033
0.9696356686285922	0.9756790467612823	0.9816546150336055	0.9767894876818626	0.9653127099295787	0.9725044302428444	0.9808052405964452	0.9683940990611205	0.9954321123326052	0.9753612477743727	1.0	0.9847200698394333	0.981690813860902	0.9773786961947671	0.9731963953742061	0.9772600993217492	0.988711054425514	0.970152525651673	0.9765709430776519	0.9751424006677241	0.9744193868725783	0.975573107718008	0.9773291288877173	0.9695483978307485	0.9730351174110778	0.9671907405123368	0.9663593477437309	0.9666341348835897	0.9693960287819813	0.9725036746570058	0.9761270744437365	0.979263323769341	0.9773018156474946	0.978670211482525
0.9694014569485274	0.9681210297202998	0.9815512386076256	0.9717885863130697	0.9650852669862232	0.9665357587820449	0.9719846222743148	0.9644039787421402	0.984070131916384	0.9660505554283563	0.9847200698394333	1.0	0.9747482152222141	0.9686303852521397	0.9693229428491088	0.9685159080816014	0.9876255061446627	0.9657011913133043	0.9682265245367164	0.9693330416544107	0.9681789163246314	0.9677666232289581	0.9692138487234209	0.958701334483661	0.9638367699175366	0.9630024240113414	0.9611077689728954	0.9666712214099474	0.9652364677826952	0.9645945081234106	0.9676495492084776	0.9706444954729683	0.9686735324470647	0.9696472340776036
0.9716709562831196	0.9750434742899594	0.9712406127363289	0.9757438698271411	0.9667931276688838	0.9727161879946448	0.9947894933100903	0.9683586880192251	0.9804943431573508	0.9749001660161772	0.981690813860902	0.9747482152222141	1.0	0.9769660038916569	0.9759202737880228	0.9765820029391844	0.979636704900874	0.9702897475166745	0.9758572716528775	0.9763216572831938	0.9742957044174855	0.975971408500218	0.9774317188802507	0.9687256998232661	0.9721489832481317	0.969284079982251	0.9670697809151981	0.9671755250133729	0.9685126729612739	0.9694601053322289	0.9758432502980968	0.9783623457621494	0.976467381265176	0.9781348341382133
0.9695740748721131	0.9764090706338688	0.9663784133257953	0.9748239313329732	0.9837923478481153	0.9919915940596282	0.9760451267527536	0.9884385012564629	0.9763302856824764	0.9973182374541453	0.9773786961947671	0.9686303852521397	0.9769660038916569	1.0	0.9955026764920918	0.9992696601121469	0.9732356977341875	0.9687824416541101	0.9745508614676421	0.9746751648836823	0.9736997077709445	0.9753950511322091	0.9774833283361608	0.9700811426093584	0.9721491775759257	0.9657685013430634	0.9647626948705187	0.9644790639662515	0.9680835383577836	0.969437594002378	0.974480163349195	0.9780696720270073	0.9769260080716254	0.9779500034335786
0.9728824235822711	0.9738866261303453	0.9645016654482782	0.9733412737107334	0.9853983134782516	0.9895083930670341	0.9721412767484651	0.9871821942989087	0.9728053745820985	0.9934262411439851	0.9731963953742061	0.9693229428491088	0.9759202737880228	0.9955026764920918	1.0	0.995046249808659	0.9760786333312944	0.9674946352618528	0.9713108868436581	0.972976591956083	0.9713191366442097	0.9723736066461948	0.9738393737492245	0.962294207950453	0.967587637499695	0.9650275755000918	0.9621186953993621	0.9662501046423766	0.9673434747693315	0.9655703338062362	0.9713789220902127	0.9743030731006463	0.9727674022518397	0.9739527494203974
0.968522623571389	0.9761128825842627	0.9658665454307227	0.9747318881234522	0.9835403409227367	0.9916065422201521	0.9759675291353167	0.9880274781269954	0.9760103594916119	0.9969301995733475	0.9772600993217492	0.9685159080816014	0.9765820029391844	0.9992696601121469	0.995046249808659	1.0	0.9728859653019362	0.9684274708185737	0.9741091497135227	0.9744236573677553	0.9735117280638962	0.974984424530462	0.9769967078534455	0.9693351021918468	0.9720684505802843	0.9655706135914469	0.9648820454572264	0.9643563067178247	0.967523753175932	0.9697790262447784	0.9743975244032871	0.9776109520212437	0.9764450985389085	0.9774822694562824
0.9734994004565323	0.9721906922967967	0.9812848045596773	0.9739046152515504	0.9653437134775668	0.9689275144461942	0.9764097887154349	0.9660052685358439	0.9879088575679963	0.9710043063848025	0.988711054425514	0.9876255061446627	0.979636704900874	0.9732356977341875	0.9760786333312944	0.9728859653019362	1.0	0.9683480848387962	0.9734782910109766	0.9725048403707374	0.9712620548304757	0.9727694952674402	0.9740147507102375	0.9626370974119843	0.9682162929967701	0.9666403289334374	0.9644547094190314	0.966858101812045	0.9683359711083648	0.9675188747101423	0.9719650940167242	0.9756393662932332	0.9723256028762565	0.9735364927240873
0.9643454719387595	0.9670967912274364	0.961119682756579	0.9682824736099571	0.9616895706266982	0.965601400022351	0.9685058853592364	0.9623197142161111	0.9686544793844939	0.9665915156670029	0.970152525651673	0.9657011913133043	0.9702897475166745	0.9687824416541101	0.9674946352618528	0.9684274708185737	0.9683480848387962	1.0	0.9707278833112125	0.9677464507193215	0.9657884189070683	0.9665857225952669	0.9696636684673651	0.9600827575953318	0.9654138183847515	0.9600767496679881	0.9588307951179417	0.9625487378639763	0.963361674265246	0.96371514132628	0.9683081001825568	0.9697490700401081	0.9675668110306959	0.9690025790610008
0.9677352318636359	0.973575261568631	0.9657393899254288	0.9738079585410386	0.9625283036119735	0.9688806504327072	0.9747477651455126	0.9654050425616701	0.9749545790089785	0.9724970585795052	0.9765709430776519	0.9682265245367164	0.9758572716528775	0.9745508614676421	0.9713108868436581	0.9741091497135227	0.9734782910109766	0.9707278833112125	1.0	0.9732758706645518	0.972199211041516	0.9730178669635163	0.9749172967696412	0.9680153137519434	0.9702397143929897	0.9660930954160587	0.9650333440438233	0.9655528380402745	0.9683790849893321	0.9689441837662678	0.9736407927076215	0.9768940822102913	0.9750434742899594	0.9757286507638269
0.9695297997113922	0.974604968956893	0.9655544555144696	0.9749911323666114	0.9657581532000608	0.9705688496821674	0.9746386359036083	0.9675911717500002	0.9743618812123298	0.9726627374444987	0.9751424006677241	0.9693330416544107	0.9763216572831938	0.9746751648836823	0.972976591956083	0.9744236573677553	0.9725048403707374	0.9677464507193215	0.9732758706645518	1.0	0.9727500296211308	0.9734144375728762	0.975739912490214	0.9680871687240986	0.9716745684269108	0.9644134729119906	0.9641438121046761	0.9641277933319631	0.9679878776488717	0.9675825712362943	0.9745262253007412	0.977584246254068	0.9751053236850915	0.9812308778238823
0.9677474829960301	0.9793047103937983	0.9667269372316226	0.9768085655225386	0.9641805452900981	0.9712477086967766	0.9724008321686698	0.9664712467678782	0.9736207273362182	0.9714817005750028	0.9744193868725783	0.9681789163246314	0.9742957044174855	0.9736997077709445	0.9713191366442097	0.9735117280638962	0.9712620548304757	0.9657884189070683	0.972199211041516	0.9727500296211308	1.0	0.9720434894233374	0.9731526576187872	0.9650593681945951	0.9687332175564777	0.9623848006835187	0.9619764962443921	0.9627654776133734	0.9729111583997494	0.9655511347762225	0.9722044181171884	0.9745208996923449	0.9803305684559444	0.973000891786385
0.9678890761973451	0.9739543600467427	0.9656520744706725	0.9738376926186041	0.9634190135433784	0.9716350923604216	0.9743670481821545	0.9663302922406654	0.9744078420978023	0.9736887718925101	0.975573107718008	0.9677666232289581	0.975971408500218	0.9753950511322091	0.9723736066461948	0.974984424530462	0.9727694952674402	0.9665857225952669	0.9730178669635163	0.9734144375728762	0.9720434894233374	1.0	0.9774367607410805	0.9686794894752865	0.9724825538418138	0.966156213495189	0.9648906911292074	0.9625704812926398	0.9675608454831156	0.9678428377613857	0.9744041988165429	0.9772264230043385	0.9753072665999561	0.9768479136791212
0.9708958547010208	0.9758041118403147	0.9664622650456886	0.975210511513579	0.9647340893081052	0.9723873523440693	0.9763555200834556	0.9675644464866682	0.975871357435117	0.9756718896660699	0.9773291288877173	0.9692138487234209	0.9774317188802507	0.9774833283361608	0.9738393737492245	0.9769967078534455	0.9740147507102375	0.9696636684673651	0.9749172967696412	0.975739912490214	0.9731526576187872	0.9774367607410805	1.0	0.9727938716110566	0.9749612714254117	0.9679990886374472	0.9665899030390446	0.9632264432460546	0.9689240872280357	0.9698353026378653	0.9810873479939888	0.9791681156325988	0.9763691926088219	0.979106367791837
0.9522823293611736	0.9685301385117877	0.9579138942816486	0.9667928405951308	0.9514893172460992	0.9635253684331468	0.967682143778637	0.9577514905279296	0.9678058308657344	0.9677178167113445	0.9695483978307485	0.958701334483661	0.9687256998232661	0.9700811426093584	0.962294207950453	0.9693351021918468	0.9626370974119843	0.9600827575953318	0.9680153137519434	0.9680871687240986	0.9650593681945951	0.9686794894752865	0.9727938716110566	1.0	0.9857399712655475	0.9591936812004853	0.9580044287083807	0.951040917165875	0.9612848855896499	0.9609130431156159	0.9690516096839982	0.9728911241412783	0.9703408203125223	0.9715129186648087
0.9620433892561181	0.9712058384236294	0.9604355406397748	0.970699767111722	0.9579931452598566	0.9671549817233485	0.9717444361420844	0.9613270508757242	0.970874792910441	0.9704780867515583	0.9730351174110778	0.9638367699175366	0.9721489832481317	0.9721491775759257	0.967587637499695	0.9720684505802843	0.9682162929967701	0.9654138183847515	0.9702397143929897	0.9716745684269108	0.9687332175564777	0.9724825538418138	0.9749612714254117	0.9857399712655475	1.0	0.9693521059134607	0.9686285593698308	0.9599494787059738	0.9641265620773181	0.9659530674224893	0.9733236471910885	0.974807939566003	0.9726684035408122	0.9742962032564775
0.9607696878497299	0.9659786876308356	0.9572289743000302	0.9655130996069617	0.9555344033871244	0.9621617041152952	0.9660506032316172	0.957620021252188	0.9662023555635988	0.9637132521227273	0.9671907405123368	0.9630024240113414	0.969284079982251	0.9657685013430634	0.9650275755000918	0.9655706135914469	0.9666403289334374	0.9600767496679881	0.9660930954160587	0.9644134729119906	0.9623848006835187	0.966156213495189	0.9679990886374472	0.9591936812004853	0.9693521059134607	1.0	0.99541479256678	0.9592963120460578	0.9588748580678649	0.9589320752487263	0.9651202102796235	0.9685452883840797	0.9660458464324638	0.9667807172459604
0.9586925494222241	0.9645152422203894	0.9563013857834296	0.9647904642735605	0.9553473772226164	0.9610471086785639	0.9659295848069097	0.9577293386270426	0.9652200401705913	0.9629610743514745	0.9663593477437309	0.9611077689728954	0.9670697809151981	0.9647626948705187	0.9621186953993621	0.9648820454572264	0.9644547094190314	0.9588307951179417	0.9650333440438233	0.9641438121046761	0.9619764962443921	0.9648906911292074	0.9665899030390446	0.9580044287083807	0.9686285593698308	0.99541479256678	1.0	0.958282196378354	0.9567451969998104	0.9589932214657064	0.9641193636648945	0.9674877625551993	0.9647233362811451	0.9653540647469243
0.9657874524630782	0.9628111982065223	0.9603005982263163	0.9653224274722856	0.9617567465037642	0.9638511756289857	0.9636079157631935	0.9606934769588509	0.9665015339379959	0.9620379403318219	0.9666341348835897	0.9666712214099474	0.9671755250133729	0.9644790639662515	0.9662501046423766	0.9643563067178247	0.966858101812045	0.9625487378639763	0.9655528380402745	0.9641277933319631	0.9627654776133734	0.9625704812926398	0.9632264432460546	0.951040917165875	0.9599494787059738	0.9592963120460578	0.958282196378354	1.0	0.9595873934883965	0.9607684494664575	0.9622583608418935	0.9643650796219139	0.9631764136033724	0.9638418732647344
0.9652366137028552	0.9748927057153886	0.9612083514298301	0.9726362558607609	0.9577463015420641	0.9668853392232306	0.9659166807789994	0.9606913726304608	0.9693120660975141	0.9657910112275007	0.9693960287819813	0.9652364677826952	0.9685126729612739	0.9680835383577836	0.9673434747693315	0.967523753175932	0.9683359711083648	0.963361674265246	0.9683790849893321	0.9679878776488717	0.9729111583997494	0.9675608454831156	0.9689240872280357	0.9612848855896499	0.9641265620773181	0.9588748580678649	0.9567451969998104	0.9595873934883965	1.0	0.9604981606364024	0.9668045316871228	0.9705682952145016	0.9769040049201206	0.9691507602738536
0.9601795807310439	0.9684996326994598	0.9613893412905811	0.9682740288728721	0.95740796053047	0.9649769806368106	0.9693065699694563	0.960160856188386	0.9711761888010934	0.9675942669078927	0.9725036746570058	0.9645945081234106	0.9694601053322289	0.969437594002378	0.9655703338062362	0.9697790262447784	0.9675188747101423	0.96371514132628	0.9689441837662678	0.9675825712362943	0.9655511347762225	0.9678428377613857	0.9698353026378653	0.9609130431156159	0.9659530674224893	0.9589320752487263	0.9589932214657064	0.9607684494664575	0.9604981606364024	1.0	0.9680290866963893	0.9700379730760029	0.968691251573337	0.9699236097837375
0.9672830857191566	0.9732408973225853	0.9646827405149468	0.9732888218838116	0.9632886424922795	0.9704291476920774	0.9747887706903053	0.965367797072455	0.9741708594446552	0.9725355975413185	0.9761270744437365	0.9676495492084776	0.9758432502980968	0.974480163349195	0.9713789220902127	0.9743975244032871	0.9719650940167242	0.9683081001825568	0.9736407927076215	0.9745262253007412	0.9722044181171884	0.9744041988165429	0.9810873479939888	0.9690516096839982	0.9733236471910885	0.9651202102796235	0.9641193636648945	0.9622583608418935	0.9668045316871228	0.9680290866963893	1.0	0.9770082281572855	0.9745774374686721	0.976055001116898
0.9712558103051914	0.9768223470970647	0.9674425257717848	0.9760820162818769	0.9646354205583852	0.9732519046487432	0.977384476684236	0.9687071475364167	0.9774540356049419	0.9763360981784349	0.979263323769341	0.9706444954729683	0.9783623457621494	0.9780696720270073	0.9743030731006463	0.9776109520212437	0.9756393662932332	0.9697490700401081	0.9768940822102913	0.977584246254068	0.9745208996923449	0.9772264230043385	0.9791681156325988	0.9728911241412783	0.974807939566003	0.9685452883840797	0.9674877625551993	0.9643650796219139	0.9705682952145016	0.9700379730760029	0.9770082281572855	1.0	0.9781742883110279	0.9800440539418538
0.9687998848139265	0.9821663036364373	0.9654843263791347	0.9794504842966524	0.963997451277522	0.9718930609992311	0.9758913601315838	0.9670838688648602	0.9759267436532074	0.9749292159312127	0.9773018156474946	0.9686735324470647	0.976467381265176	0.9769260080716254	0.9727674022518397	0.9764450985389085	0.9723256028762565	0.9675668110306959	0.9750434742899594	0.9751053236850915	0.9803305684559444	0.9753072665999561	0.9763691926088219	0.9703408203125223	0.9726684035408122	0.9660458464324638	0.9647233362811451	0.9631764136033724	0.9769040049201206	0.968691251573337	0.9745774374686721	0.9781742883110279	1.0	0.9777379335608999
0.9720060490158638	0.9762449680382838	0.9675303557886379	0.9747463675812997	0.9650891905645353	0.9726330233476524	0.9767689226767812	0.9683389380636382	0.977161217721067	0.9760170057907033	0.978670211482525	0.9696472340776036	0.9781348341382133	0.9779500034335786	0.9739527494203974	0.9774822694562824	0.9735364927240873	0.9690025790610008	0.9757286507638269	0.9812308778238823	0.973000891786385	0.9768479136791212	0.979106367791837	0.9715129186648087	0.9742962032564775	0.9667807172459604	0.9653540647469243	0.9638418732647344	0.9691507602738536	0.9699236097837375	0.976055001116898	0.9800440539418538	0.9777379335608999	1.0
