/home/jshaw/scratch/2022_sketched_distance/references/SGB_genome_fastas_part4/6503/BritoIL_2016__M2.3.ST__bin.56.fa	/home/jshaw/scratch/2022_sketched_distance/references/SGB_genome_fastas_part4/6503/BritoIL_2016__M2.40.ST__bin.6.fa	/home/jshaw/scratch/2022_sketched_distance/references/SGB_genome_fastas_part4/6503/BritoIL_2016__M2.49.ST__bin.36.fa	/home/jshaw/scratch/2022_sketched_distance/references/SGB_genome_fastas_part4/6503/ChengpingW_2017__AS78raw__bin.68.fa	/home/jshaw/scratch/2022_sketched_distance/references/SGB_genome_fastas_part4/6503/CosteaPI_2017__SID713A084-11-0-0__bin.68.fa	/home/jshaw/scratch/2022_sketched_distance/references/SGB_genome_fastas_part4/6503/HMP_2012__SRS011529__bin.40.fa	/home/jshaw/scratch/2022_sketched_distance/references/SGB_genome_fastas_part4/6503/HMP_2012__SRS049959__bin.74.fa	/home/jshaw/scratch/2022_sketched_distance/references/SGB_genome_fastas_part4/6503/KarlssonFH_2013__S479__bin.12.fa	/home/jshaw/scratch/2022_sketched_distance/references/SGB_genome_fastas_part4/6503/LeChatelierE_2013__MH0144__bin.6.fa	/home/jshaw/scratch/2022_sketched_distance/references/SGB_genome_fastas_part4/6503/LeChatelierE_2013__MH0151__bin.14.fa	/home/jshaw/scratch/2022_sketched_distance/references/SGB_genome_fastas_part4/6503/LeChatelierE_2013__MH0183__bin.57.fa	/home/jshaw/scratch/2022_sketched_distance/references/SGB_genome_fastas_part4/6503/LeChatelierE_2013__MH0313__bin.17.fa	/home/jshaw/scratch/2022_sketched_distance/references/SGB_genome_fastas_part4/6503/LiJ_2014__MH0402__bin.31.fa	/home/jshaw/scratch/2022_sketched_distance/references/SGB_genome_fastas_part4/6503/LiJ_2014__O2.UC29-1__bin.36.fa	/home/jshaw/scratch/2022_sketched_distance/references/SGB_genome_fastas_part4/6503/LiJ_2014__V1.FI04__bin.78.fa	/home/jshaw/scratch/2022_sketched_distance/references/SGB_genome_fastas_part4/6503/NielsenHB_2014__MH0183__bin.20.fa	/home/jshaw/scratch/2022_sketched_distance/references/SGB_genome_fastas_part4/6503/NielsenHB_2014__O2_UC29_0__bin.43.fa	/home/jshaw/scratch/2022_sketched_distance/references/SGB_genome_fastas_part4/6503/NielsenHB_2014__O2_UC58_0__bin.25.fa	/home/jshaw/scratch/2022_sketched_distance/references/SGB_genome_fastas_part4/6503/NielsenHB_2014__V1_UC36_0__bin.54.fa	/home/jshaw/scratch/2022_sketched_distance/references/SGB_genome_fastas_part4/6503/RaymondF_2016__P13E0__bin.27.fa	/home/jshaw/scratch/2022_sketched_distance/references/SGB_genome_fastas_part4/6503/VincentC_2016__MM103.2__bin.7.fa	/home/jshaw/scratch/2022_sketched_distance/references/SGB_genome_fastas_part4/6503/VogtmannE_2016__MMRS93621581ST-27-0-0__bin.70.fa	/home/jshaw/scratch/2022_sketched_distance/references/SGB_genome_fastas_part4/6503/XieH_2016__YSZC12003_36008__bin.29.fa	/home/jshaw/scratch/2022_sketched_distance/references/SGB_genome_fastas_part4/6503/XieH_2016__YSZC12003_37100__bin.114.fa	/home/jshaw/scratch/2022_sketched_distance/references/SGB_genome_fastas_part4/6503/XieH_2016__YSZC12003_37138__bin.23.fa	/home/jshaw/scratch/2022_sketched_distance/references/SGB_genome_fastas_part4/6503/XieH_2016__YSZC12003_37176__bin.33.fa	/home/jshaw/scratch/2022_sketched_distance/references/SGB_genome_fastas_part4/6503/XieH_2016__YSZC12003_37196__bin.27.fa	/home/jshaw/scratch/2022_sketched_distance/references/SGB_genome_fastas_part4/6503/XieH_2016__YSZC12003_37309R1__bin.49.fa	/home/jshaw/scratch/2022_sketched_distance/references/SGB_genome_fastas_part4/6503/XieH_2016__YSZC12003_37797__bin.86.fa	/home/jshaw/scratch/2022_sketched_distance/references/SGB_genome_fastas_part4/6503/YuJ_2015__SZAXPI003409-8__bin.82.fa	/home/jshaw/scratch/2022_sketched_distance/references/SGB_genome_fastas_part4/6503/YuJ_2015__SZAXPI003420-4__bin.6.fa	/home/jshaw/scratch/2022_sketched_distance/references/SGB_genome_fastas_part4/6503/ZeeviD_2015__PNP_Main_122__bin.60.fa	/home/jshaw/scratch/2022_sketched_distance/references/SGB_genome_fastas_part4/6503/ZeeviD_2015__PNP_Main_166__bin.51.fa	/home/jshaw/scratch/2022_sketched_distance/references/SGB_genome_fastas_part4/6503/ZeeviD_2015__PNP_Main_20__bin.22.fa	/home/jshaw/scratch/2022_sketched_distance/references/SGB_genome_fastas_part4/6503/ZeeviD_2015__PNP_Main_317__bin.26.fa	/home/jshaw/scratch/2022_sketched_distance/references/SGB_genome_fastas_part4/6503/ZeeviD_2015__PNP_Main_362__bin.20.fa	/home/jshaw/scratch/2022_sketched_distance/references/SGB_genome_fastas_part4/6503/ZeeviD_2015__PNP_Main_386__bin.18.fa	/home/jshaw/scratch/2022_sketched_distance/references/SGB_genome_fastas_part4/6503/ZeeviD_2015__PNP_Main_38__bin.1.fa	/home/jshaw/scratch/2022_sketched_distance/references/SGB_genome_fastas_part4/6503/ZeeviD_2015__PNP_Main_418__bin.8.fa	/home/jshaw/scratch/2022_sketched_distance/references/SGB_genome_fastas_part4/6503/ZeeviD_2015__PNP_Main_456__bin.1.fa	/home/jshaw/scratch/2022_sketched_distance/references/SGB_genome_fastas_part4/6503/ZeeviD_2015__PNP_Main_499__bin.24.fa	/home/jshaw/scratch/2022_sketched_distance/references/SGB_genome_fastas_part4/6503/ZeeviD_2015__PNP_Main_545__bin.12.fa	/home/jshaw/scratch/2022_sketched_distance/references/SGB_genome_fastas_part4/6503/ZeeviD_2015__PNP_Main_67__bin.56.fa	/home/jshaw/scratch/2022_sketched_distance/references/SGB_genome_fastas_part4/6503/ZeeviD_2015__PNP_Main_722__bin.37.fa	/home/jshaw/scratch/2022_sketched_distance/references/SGB_genome_fastas_part4/6503/ZeeviD_2015__PNP_Main_80__bin.38.fa	/home/jshaw/scratch/2022_sketched_distance/references/SGB_genome_fastas_part4/6503/ZeeviD_2015__PNP_Main_93__bin.48.fa	/home/jshaw/scratch/2022_sketched_distance/references/SGB_genome_fastas_part4/6503/ZellerG_2014__CCIS20795251ST-4-0__bin.56.fa	/home/jshaw/scratch/2022_sketched_distance/references/SGB_genome_fastas_part4/6503/ZellerG_2014__CCIS98832363ST-4-0__bin.77.fa
1.0	0.9810187889900497	0.9911550909867392	0.9779646425701721	0.9680579689435477	0.9815899342124358	0.980932575315995	0.9763532979833718	0.9780737229870781	0.9837598054690695	0.9805514910662165	0.9650514065205704	0.9822498469291255	0.9806854811510743	0.9813535587515587	0.981544832296434	0.9808761985663245	0.9801988997569668	0.9759585260395268	0.98144925475968	0.9773313052924416	0.9821439919122931	0.9816498159469063	0.9796437989523954	0.982207476322216	0.9818689498258557	0.9765204718293774	0.9805887426805836	0.9794656614428117	0.9819351452124869	0.9795266030862303	0.9810021012598884	0.9808896432862135	0.98039440252813	0.9805402658695095	0.9821381409239763	0.9779673686870789	0.9809675818878514	0.981594076577037	0.977322992429641	0.9795320229352615	0.9820106054672382	0.9816660679608996	0.9799891703841028	0.9808997026611652	0.9813681446837027	0.9800732070579833	0.981580812251403
0.9810187889900497	1.0	0.980470746844928	0.9798117790252143	0.9695490681861317	0.9797255973797959	0.9818018065224132	0.9775671480215492	0.9795049996716158	0.9790672162714423	0.9832151407735178	0.9661426650988295	0.9808067791667613	0.9802706598831656	0.9761942920032568	0.9824150046708198	0.9808761985663245	0.9791153303248568	0.9756254312878555	0.9803785895953036	0.978946894465819	0.9803785895953036	0.9792271398888295	0.9776258184950645	0.978890555426117	0.980593385531993	0.9753567377709333	0.9794496165861134	0.9757846146697101	0.9825160970598747	0.982262778511248	0.9812294331270309	0.9775083717209994	0.9793941393916655	0.9805398187440747	0.978946894465819	0.9778594498212879	0.977826381066101	0.9766800477953422	0.9735043830783257	0.9782643182190978	0.9811242806505095	0.9801623724910741	0.9823135992370787	0.9807115620199347	0.9804324210704877	0.9786140048639191	0.9758522247963125
0.9911550909867392	0.980470746844928	1.0	0.9760871473173991	0.9699183366917985	0.9833616490267038	0.9826625011490083	0.9785821022041614	0.9809529285515395	0.9817446395723866	0.9828135795622504	0.9677567872329993	0.9821538131001251	0.9832130822575837	0.9797227720274577	0.9823072509583701	0.9819337740607069	0.9828637845982499	0.9755136372628574	0.9831136622781566	0.9792612276679352	0.9830139397573319	0.9834603207546844	0.9806859283492527	0.9820511202234897	0.9837057085530694	0.9768993153160117	0.9818964743148383	0.9793986527523691	0.9810060679425924	0.9821025069293307	0.9828637845982499	0.9805246751758302	0.9813231036842353	0.9829139128172086	0.9825613936962418	0.9814281030425074	0.9795824654420769	0.9807690685329852	0.9760992733123368	0.9815327664738749	0.9841428316497143	0.9829639644577377	0.9817929696137134	0.9803320006513127	0.9825107226837746	0.9798529154938781	0.9798779927808452
0.9779646425701721	0.9798117790252143	0.9760871473173991	1.0	0.9672565227004968	0.9764873196154785	0.9820332276617015	0.9769611215109554	0.9864237371471436	0.9764076778375419	0.9846135187160245	0.9628422726732935	0.9779646425701721	0.9786417209681904	0.9755185058728112	0.9841134507414917	0.968399488279843	0.9778122519909109	0.9631126127117281	0.9781919010210358	0.9751890471059335	0.978938191402879	0.9769611215109554	0.9755185058728112	0.9784175864934871	0.9784924692460483	0.970283139256599	0.9775823217719348	0.9680917643166287	0.9830247938742117	0.9818987207857105	0.9775823217719348	0.9752717253261836	0.9779646425701721	0.9790118900127753	0.9766460209616271	0.9767250824473355	0.9734896984251021	0.9743504858356983	0.9705707746201394	0.9741801444251308	0.9779646425701721	0.9762478072240173	0.9820332276617015	0.9763278406993492	0.9770394225146856	0.9743504858356983	0.9666744364831004
0.9680579689435477	0.9695490681861317	0.9699183366917985	0.9672565227004968	1.0	0.9700732602544422	0.970122399840804	0.9671109623579546	0.9636256925992291	0.9714051312432683	0.9686324611155787	0.977675777621281	0.9711097287677983	0.9700079446456451	0.9703584761623226	0.9689394735254848	0.9731841286720606	0.9675515000192908	0.965640614558039	0.9689779735094285	0.9682726167874577	0.970012201055548	0.9654968503158567	0.971025936337697	0.974117732966081	0.9713458715490585	0.9720328132684212	0.9732832086912959	0.9678422056285131	0.9706298650234088	0.9681703396752722	0.971126381406911	0.9671349925477918	0.9706768026942779	0.9726042479301394	0.9712504421845277	0.9666643209780638	0.9695053056427472	0.9689459316438065	0.9689432325611496	0.9663484479788454	0.9702771499244321	0.9699072962949438	0.9697793613028538	0.9679367949314774	0.9706252735262784	0.9713088720381172	0.970585294341764
0.9815899342124358	0.9797255973797959	0.9833616490267038	0.9764873196154785	0.9700732602544422	1.0	0.9806788538773574	0.97850438841774	0.9773158905601609	0.9852676123925378	0.9796510973522449	0.9642064135839552	0.9825903518079766	0.9843650801121021	0.9816701781190788	0.9807267049575246	0.9846774454578076	0.9831452588942688	0.9790140765370935	0.9827749377228101	0.9800076713096202	0.9837297039930458	0.9807589005920688	0.9827991263899248	0.9834509362330621	0.9829626653818406	0.9793182680495578	0.9817824411656095	0.9823471158358877	0.981472081362762	0.9801593051558393	0.9849801627435594	0.981090245142128	0.9824474367378185	0.9842317633510536	0.9824828405841696	0.9808083739122987	0.9823506146737733	0.9843031386970041	0.9780944454929302	0.9816381672291825	0.9853695733426652	0.9833796895228997	0.9808641705375097	0.9789012795857247	0.9842391840666208	0.982043465068514	0.9817187912173543
0.980932575315995	0.9818018065224132	0.9826625011490083	0.9820332276617015	0.970122399840804	0.9806788538773574	1.0	0.977469698366135	0.9818300121989383	0.9810257464787638	0.9878761116240862	0.9689745369420504	0.9800243599613246	0.9798011633485786	0.9798340600132904	0.9880713531968335	0.9790811369944118	0.9795384664751051	0.9761787093445655	0.9812344649364929	0.9771307078667271	0.9814839283874665	0.9803203024618186	0.9795384664751051	0.9803006761344183	0.9806788538773574	0.9768364800655674	0.9800098100090211	0.9797986575388122	0.9872527725627269	0.9850143680701574	0.979957773157162	0.9779716618966023	0.9813344787251402	0.980525670377166	0.9804623532064399	0.9808313228994523	0.9792863558878823	0.9795779170698711	0.9761615642881707	0.978411453905677	0.9817807951850742	0.9795911751865434	0.9856734599142126	0.9919457237099387	0.9799891703841028	0.9800182732844621	0.9789921026850422
0.9763532979833718	0.9775671480215492	0.9785821022041614	0.9769611215109554	0.9671109623579546	0.97850438841774	0.977469698366135	1.0	0.9730027376033756	0.981359507477514	0.9764285763050068	0.954562804179109	0.9811054311245869	0.9766462656517855	0.980220608919985	0.9769430090760896	0.9809433083477883	0.9775222269573622	0.9788123004852011	0.9806196708100638	0.9775196567917426	0.9808773577985779	0.9766061156035778	0.9785204813656495	0.9805067089507218	0.9798237180306523	0.9776440324155287	0.9779375582290025	0.977818204852333	0.9775104746269211	0.9751935253611245	0.9789942625385598	0.9781631178773676	0.9783009793762661	0.9786609986828259	0.9799371028341359	0.9750298953322646	0.9826203446404852	0.9810463900680348	0.9760368628524546	0.9779152809091897	0.9783291038607561	0.9801149427015989	0.9779441234653277	0.9782296239016574	0.9800412947068607	0.9815225582763519	0.9799507434249073
0.9780737229870781	0.9795049996716158	0.9809529285515395	0.9864237371471436	0.9636256925992291	0.9773158905601609	0.9818300121989383	0.9730027376033756	1.0	0.9802334600589218	0.9830827390365111	0.9596825991355729	0.97847006887426	0.976891817394623	0.9765033732214746	0.9842107477078494	0.9766506389283437	0.9757788152081803	0.9733130304936282	0.9774343676092662	0.974331761931692	0.9782404542476466	0.9764946053119297	0.9771307078667271	0.9782756704584777	0.9787243873326957	0.9748926841561777	0.9760044819495974	0.9784457919424713	0.9853754076782852	0.9813992019318486	0.9756151979077967	0.9761905998974594	0.9767822142530085	0.977808847435351	0.9784752192976139	0.9749764163644326	0.9768154254137401	0.9779189414287716	0.9736391710154603	0.9759880262173543	0.9777022915832906	0.9781072430615229	0.9829306051943484	0.9834838722300164	0.9781655289742899	0.9769659342566438	0.9777722132216307
0.9837598054690695	0.9790672162714423	0.9817446395723866	0.9764076778375419	0.9714051312432683	0.9852676123925378	0.9810257464787638	0.981359507477514	0.9802334600589218	1.0	0.9813041166236675	0.9653934351226002	0.9844720780374622	0.9852184522384301	0.9823408364118309	0.9809137315473024	0.9801287519335204	0.9848722548938215	0.9787109425955673	0.986044331377739	0.9823408364118309	0.985706773912807	0.9829263718353218	0.9833457374937011	0.9835016264782243	0.9831367254756468	0.9764090003160683	0.9841178749163358	0.9805195143983522	0.9817446395723866	0.9810816103817854	0.9848722548938215	0.9832413980992263	0.9835534251744228	0.986044331377739	0.9839648950037746	0.9845725806048453	0.9826203446404852	0.9820711831703218	0.9784075647360524	0.9827677155745788	0.9872223666107621	0.9837083320481331	0.9817446395723866	0.9778885363354327	0.9836567776983505	0.9814700086038304	0.9792158391502184
0.9805514910662165	0.9832151407735178	0.9828135795622504	0.9846135187160245	0.9686324611155787	0.9796510973522449	0.9878761116240862	0.9764285763050068	0.9830827390365111	0.9813041166236675	1.0	0.963934580138857	0.9809022504261318	0.978343301426607	0.9790469589019516	0.9996224399314206	0.9779253239604063	0.9793374753138834	0.9743740271682471	0.9797471813995227	0.9768762558249312	0.9803263454709001	0.9791825001945581	0.97937982786757	0.9810161799478316	0.9800800969840293	0.9775826187374674	0.9796452358160397	0.9791967974388275	0.9889463539761877	0.9852608157991425	0.9790787731416678	0.9781083862657473	0.9791825001945581	0.9801015057442017	0.9803579764307778	0.9768762558249312	0.9784426648277104	0.9795200975568206	0.976532826784975	0.9779692513304218	0.9801015057442017	0.9797024088618379	0.9868367530571536	0.9870920507587457	0.9800933359938073	0.9795196668880292	0.9780044458141416
0.9650514065205704	0.9661426650988295	0.9677567872329993	0.9628422726732935	0.977675777621281	0.9642064135839552	0.9689745369420504	0.954562804179109	0.9596825991355729	0.9653934351226002	0.963934580138857	1.0	0.9651539168916375	0.9629911931338455	0.9652976881995501	0.9647324069944151	0.9672225649811185	0.9605486026211185	0.9607245411908453	0.9624083282433856	0.9620609457540082	0.9643377643913352	0.9652606323723776	0.967935565286986	0.9686898563205066	0.9664500923103617	0.9663906780731868	0.9629511490193922	0.963980531356864	0.9657192092752951	0.9648375320236247	0.9627387006408071	0.9623377518641147	0.9675264227543938	0.9636524407162163	0.9669674140834346	0.9632780685835357	0.9649354106263467	0.9648495351032	0.9648006320331787	0.9625407877400373	0.9639209974647949	0.9661154074782633	0.9645157235651403	0.9638690794313862	0.9669444256806045	0.9647147328660705	0.9673243251404074
0.9822498469291255	0.9808067791667613	0.9821538131001251	0.9779646425701721	0.9711097287677983	0.9825903518079766	0.9800243599613246	0.9811054311245869	0.97847006887426	0.9844720780374622	0.9809022504261318	0.9651539168916375	1.0	0.9853723924535326	0.984486420822847	0.9804145513355654	0.9847372098263216	0.9847440316055697	0.9788123004852011	0.9865941687728503	0.9821028252845307	0.9852833594256539	0.9806977992438258	0.9834028493423961	0.9852833594256539	0.9829752144405968	0.9807995926108082	0.9862496992430072	0.9830744979697151	0.9827425353317376	0.9801810054452882	0.9824448544621474	0.9823474958627672	0.9855054911249348	0.9850597151045645	0.9873453220913616	0.9833556089604538	0.9824587733929916	0.984750105112208	0.9791333461400994	0.9830230059322499	0.9844710081533721	0.9847893155289669	0.980336903492516	0.9802044942030506	0.9846986851237746	0.9839018354116463	0.9839796296261131
0.9806854811510743	0.9802706598831656	0.9832130822575837	0.9786417209681904	0.9700079446456451	0.9843650801121021	0.9798011633485786	0.9766462656517855	0.976891817394623	0.9852184522384301	0.978343301426607	0.9629911931338455	0.9853723924535326	1.0	0.9870353881150481	0.9794059181731569	0.9992000199769338	0.9830212712937328	0.9793144205742988	0.9856045326906989	0.9797719001060995	0.984716338181411	0.980136970844631	0.9824149156218127	0.984421933339866	0.9826336451388792	0.9833696605112101	0.9806617367849384	0.9824694734786596	0.981472081362762	0.9796784052070562	0.9828017202854417	0.9819293391023767	0.982025057985875	0.983673682939273	0.9842933064876727	0.9774467563656258	0.9839366603555171	0.9842530978560167	0.9800298432625791	0.9821232740735137	0.9830653236201217	0.9837944485617576	0.9801452945134674	0.9805855306817857	0.9843763413566192	0.9839993480586747	0.9834615296081519
0.9813535587515587	0.9761942920032568	0.9797227720274577	0.9755185058728112	0.9703584761623226	0.9816701781190788	0.9798340600132904	0.980220608919985	0.9765033732214746	0.9823408364118309	0.9790469589019516	0.9652976881995501	0.984486420822847	0.9870353881150481	1.0	0.9786461740710785	0.9861398638859094	0.9869460797514393	0.9758478730316184	0.9942914042302102	0.9793866141956293	0.9832089071132746	0.9806026381847889	0.9818273462572474	0.9849172958245014	0.9821394363021367	0.9799531983896815	0.9835577783450056	0.9796658663078843	0.97977846342271	0.9799449700890495	0.9813004896520375	0.9809802539776955	0.9857160591055925	0.9837554790399081	0.9827039876575372	0.97977846342271	0.9803975678918982	0.981266566321809	0.9780944454929302	0.9806568510816239	0.9835577783450056	0.9822428086110166	0.9791038141413843	0.9773352613220885	0.9832589737754125	0.980765007892622	0.9800957604371326
0.981544832296434	0.9824150046708198	0.9823072509583701	0.9841134507414917	0.9689394735254848	0.9807267049575246	0.9880713531968335	0.9769430090760896	0.9842107477078494	0.9809137315473024	0.9996224399314206	0.9647324069944151	0.9804145513355654	0.9794059181731569	0.9786461740710785	1.0	0.9774064796779669	0.9803622346453478	0.974024200429352	0.9808816710373279	0.9773474980350176	0.9809845752058807	0.9802573493203882	0.9794059181731569	0.9806748859295207	0.9802047801363447	0.9765839193507606	0.9802573493203882	0.9789257003173808	0.9885728178510967	0.986372504520299	0.979674382567776	0.9783651265806147	0.9802047801363447	0.9806229846272883	0.9800465631735741	0.9779731483383742	0.9779505733113367	0.9790538174860123	0.9754697139653106	0.9789717294021263	0.9811383268128308	0.9801521262361289	0.9870198944691935	0.9866752205089687	0.980099387341684	0.9787857421699812	0.9767462945037502
0.9808761985663245	0.9808761985663245	0.9819337740607069	0.968399488279843	0.9731841286720606	0.9846774454578076	0.9790811369944118	0.9809433083477883	0.9766506389283437	0.9801287519335204	0.9779253239604063	0.9672225649811185	0.9847372098263216	0.9992000199769338	0.9861398638859094	0.9774064796779669	1.0	0.9867070823127717	0.970432497292551	0.9871539172575016	0.9808089507555872	0.9844372937276329	0.9798526575744538	0.9817380651393202	0.9838904381280849	0.9830212226713695	0.9818686677008462	0.9840127518593753	0.9744358169874644	0.9797832677967678	0.9805385675951266	0.985034410401112	0.9818034315693959	0.9830840797302736	0.9865379417947399	0.9833965692486624	0.9805385675951266	0.9790811369944118	0.9815411787383012	0.9762660351802926	0.9830212226713695	0.9847372098263216	0.9843769801882777	0.9793638039492045	0.9733538359692961	0.9830840797302736	0.9809433083477883	0.976906246749691
0.9801988997569668	0.9791153303248568	0.9828637845982499	0.9778122519909109	0.9675515000192908	0.9831452588942688	0.9795384664751051	0.9775222269573622	0.9757788152081803	0.9848722548938215	0.9793374753138834	0.9605486026211185	0.9847440316055697	0.9830212712937328	0.9869460797514393	0.9803622346453478	0.9867070823127717	1.0	0.9805849055539464	0.9867407969747495	0.9800182732844621	0.9836385207534688	0.9819347118827523	0.9811843431267283	0.984421933339866	0.9823489731547991	0.9802943912290838	0.9804809858122644	0.9825913756665655	0.982240254294317	0.978704849380296	0.9817719299295306	0.9817338323918711	0.9841488619736416	0.9811721917481887	0.9842004704577735	0.9775222269573622	0.9829942735387092	0.9857699544969998	0.9788480655630192	0.9810724720996201	0.9826168783629855	0.9832402621485741	0.9807114510949713	0.9787680502246774	0.9840093065722838	0.9830109201591138	0.9824674504148406
0.9759585260395268	0.9756254312878555	0.9755136372628574	0.9631126127117281	0.965640614558039	0.9790140765370935	0.9761787093445655	0.9788123004852011	0.9733130304936282	0.9787109425955673	0.9743740271682471	0.9607245411908453	0.9788123004852011	0.9793144205742988	0.9758478730316184	0.974024200429352	0.970432497292551	0.9805849055539464	1.0	0.9791144986214668	0.9772578229590047	0.9807760532900345	0.975401457563072	0.9787109425955673	0.9798089340019716	0.9786092688175045	0.9679844390042546	0.9787109425955673	0.9645589884568363	0.9763974127452091	0.9756254312878555	0.979214612662112	0.9777842614979503	0.9801020872730574	0.9798089340019716	0.9804889108738304	0.9781993743645068	0.9774694201199406	0.9772578229590047	0.9746051690050819	0.97830233197331	0.979513125585085	0.9806806191364662	0.9765062157742521	0.9679844390042546	0.9799069443769122	0.9800046615412413	0.9710808585565173
0.98144925475968	0.9803785895953036	0.9831136622781566	0.9781919010210358	0.9689779735094285	0.9827749377228101	0.9812344649364929	0.9806196708100638	0.9774343676092662	0.986044331377739	0.9797471813995227	0.9624083282433856	0.9865941687728503	0.9856045326906989	0.9942914042302102	0.9808816710373279	0.9871539172575016	0.9867407969747495	0.9791144986214668	1.0	0.9793236895356386	0.9841818556343163	0.9808777369736426	0.9821237701651478	0.9848744031504812	0.9836109580156391	0.9801242402071965	0.9839533746925068	0.9825304812889266	0.9829908167608685	0.9800298899819002	0.9826168783629855	0.9824130575247901	0.9839533746925068	0.9831178279888534	0.9854768710811196	0.981049501456306	0.9850528673074825	0.9853367481155789	0.9796965344834825	0.9816498159469063	0.9849792612105538	0.9839315438762549	0.9814680143176219	0.9803955677846539	0.9854975641352685	0.9859370479578029	0.9828687085558296
0.9773313052924416	0.978946894465819	0.9792612276679352	0.9751890471059335	0.9682726167874577	0.9800076713096202	0.9771307078667271	0.9775196567917426	0.974331761931692	0.9823408364118309	0.9768762558249312	0.9620609457540082	0.9821028252845307	0.9797719001060995	0.9793866141956293	0.9773474980350176	0.9808089507555872	0.9800182732844621	0.9772578229590047	0.9793236895356386	1.0	0.9813703452714228	0.9804847520636678	0.9780821672819989	0.9805580148438575	0.9798237180306523	0.9770246232432954	0.9806020974041179	0.9784457919424713	0.9784333185842259	0.976387922380973	0.9783141975164821	0.9784895923170212	0.9829283874281652	0.9803601037030321	0.9806701120398859	0.9773069783345266	0.980050725656286	0.9800937371474382	0.9765942942197519	0.977592888452587	0.9784083697594822	0.9804209600566144	0.9775530078578573	0.977751095705523	0.9811171283951384	0.9818880617402254	0.9804555116933433
0.9821439919122931	0.9803785895953036	0.9830139397573319	0.978938191402879	0.970012201055548	0.9837297039930458	0.9814839283874665	0.9808773577985779	0.9782404542476466	0.985706773912807	0.9803263454709001	0.9643377643913352	0.9852833594256539	0.984716338181411	0.9832089071132746	0.9809845752058807	0.9844372937276329	0.9836385207534688	0.9807760532900345	0.9841818556343163	0.9813703452714228	1.0	0.9807280004982019	0.9828468374104443	0.9854975641352685	0.9831026688372635	0.9808552471443863	0.9844946940989149	0.9834914647961288	0.9821895998431138	0.9804775451332728	0.982899777418043	0.981289623994185	0.9841818556343163	0.9848925821048934	0.9852975381150019	0.9816140804163239	0.9835733886390707	0.9851423626714564	0.9798636140378825	0.9813703452714228	0.983866005195897	0.983472312710939	0.9813681446837027	0.9805223323151615	0.9852319417573745	0.9832608352459259	0.9836567776983505
0.9816498159469063	0.9792271398888295	0.9834603207546844	0.9769611215109554	0.9654968503158567	0.9807589005920688	0.9803203024618186	0.9766061156035778	0.9764946053119297	0.9829263718353218	0.9791825001945581	0.9652606323723776	0.9806977992438258	0.980136970844631	0.9806026381847889	0.9802573493203882	0.9798526575744538	0.9819347118827523	0.975401457563072	0.9808777369736426	0.9804847520636678	0.9807280004982019	1.0	0.9787374490662264	0.9808641705375097	0.9802837612746222	0.9772116857530001	0.9795320229352615	0.9832538479664339	0.9809497598658874	0.9805834421035983	0.9789942625385598	0.9782723062563242	0.9815542967720945	0.9808288714362675	0.9803579764307778	0.9774847116410188	0.980683817308853	0.9792877900729633	0.9758489098852642	0.9779152809091897	0.9808777369736426	0.9808245762764585	0.9803006761344183	0.9797542614408792	0.9799369627556923	0.9804551788746735	0.9784640064926746
0.9796437989523954	0.9776258184950645	0.9806859283492527	0.9755185058728112	0.971025936337697	0.9827991263899248	0.9795384664751051	0.9785204813656495	0.9771307078667271	0.9833457374937011	0.97937982786757	0.967935565286986	0.9834028493423961	0.9824149156218127	0.9818273462572474	0.9794059181731569	0.9817380651393202	0.9811843431267283	0.9787109425955673	0.9821237701651478	0.9780821672819989	0.9828468374104443	0.9787374490662264	1.0	0.9834978319993645	0.9813843711793396	0.9792014877750327	0.9818791553096532	0.980389626878023	0.9799337538832412	0.9791137049357599	0.9807297559361781	0.978899233118511	0.9818300121989383	0.9834140158749853	0.9824338193768917	0.980423147737267	0.982133219495045	0.9823457563621185	0.9783863637805287	0.9799056532765682	0.9817315040417282	0.980932575315995	0.9782756704584777	0.9797542614408792	0.9814680143176219	0.9813646553499272	0.9808113459973147
0.982207476322216	0.978890555426117	0.9820511202234897	0.9784175864934871	0.974117732966081	0.9834509362330621	0.9803006761344183	0.9805067089507218	0.9782756704584777	0.9835016264782243	0.9810161799478316	0.9686898563205066	0.9852833594256539	0.984421933339866	0.9849172958245014	0.9806748859295207	0.9838904381280849	0.984421933339866	0.9798089340019716	0.9848744031504812	0.9805580148438575	0.9854975641352685	0.9808641705375097	0.9834978319993645	1.0	0.9833098450529629	0.9829550805592375	0.9856734599142126	0.9823471158358877	0.9818840160607972	0.9808133432817709	0.9829782508942976	0.9817163627591701	0.9864106881782975	0.9861523739061634	0.9842933064876727	0.9836381181489534	0.9831003311735923	0.986102987927387	0.9805235158204934	0.9823048210445249	0.9836847471271463	0.9844674620653211	0.9806603856607709	0.9805855306817857	0.9834509362330621	0.9829607076073769	0.9855478930937858
0.9818689498258557	0.980593385531993	0.9837057085530694	0.9784924692460483	0.9713458715490585	0.9829626653818406	0.9806788538773574	0.9798237180306523	0.9787243873326957	0.9831367254756468	0.9800800969840293	0.9664500923103617	0.9829752144405968	0.9826336451388792	0.9821394363021367	0.9802047801363447	0.9830212226713695	0.9823489731547991	0.9786092688175045	0.9836109580156391	0.9798237180306523	0.9831026688372635	0.9802837612746222	0.9813843711793396	0.9833098450529629	1.0	0.978848618707467	0.9826336451388792	0.9841361688003022	0.9812641526289502	0.9797721998680392	0.9827750586388001	0.9810402099294958	0.9817720946136046	0.9836567776983505	0.9825806634168215	0.9809867545178107	0.9822420975156699	0.9828200228907107	0.9783281888108227	0.9802837612746222	0.9831492040471969	0.9826291262442054	0.9800412947068607	0.9812727672091329	0.9827872509486651	0.9831111150156134	0.9827355012436483
0.9765204718293774	0.9753567377709333	0.9768993153160117	0.970283139256599	0.9720328132684212	0.9793182680495578	0.9768364800655674	0.9776440324155287	0.9748926841561777	0.9764090003160683	0.9775826187374674	0.9663906780731868	0.9807995926108082	0.9833696605112101	0.9799531983896815	0.9765839193507606	0.9818686677008462	0.9802943912290838	0.9679844390042546	0.9801242402071965	0.9770246232432954	0.9808552471443863	0.9772116857530001	0.9792014877750327	0.9829550805592375	0.978848618707467	1.0	0.9809662728110875	0.9798648512298866	0.9763293838122499	0.9778885363354327	0.9787894344215371	0.9780101039318136	0.9821098413070289	0.9845331826410296	0.9810769227768235	0.9793765018929939	0.9761672601667348	0.9778885363354327	0.974959384556371	0.9818950777822532	0.978848618707467	0.9833181239105816	0.9765204718293774	0.9740346483389417	0.9804636608381454	0.9781312198827448	0.9821292717130445
0.9805887426805836	0.9794496165861134	0.9818964743148383	0.9775823217719348	0.9732832086912959	0.9817824411656095	0.9800098100090211	0.9779375582290025	0.9760044819495974	0.9841178749163358	0.9796452358160397	0.9629511490193922	0.9862496992430072	0.9806617367849384	0.9835577783450056	0.9802573493203882	0.9840127518593753	0.9804809858122644	0.9787109425955673	0.9839533746925068	0.9806020974041179	0.9844946940989149	0.9795320229352615	0.9818791553096532	0.9856734599142126	0.9826336451388792	0.9809662728110875	1.0	0.9816032080678816	0.9806323148587847	0.9798295049350043	0.9811478309701639	0.9818317317350463	0.9820707378271611	0.9830336931290156	0.9849359073737809	0.9793280564233248	0.9837295695588509	0.9836465765411297	0.9793597886782981	0.9808777369736426	0.9818863437703694	0.9836107586597569	0.980762436884581	0.9802044942030506	0.982595130871299	0.9844346030211364	0.9845528743051369
0.9794656614428117	0.9757846146697101	0.9793986527523691	0.9680917643166287	0.9678422056285131	0.9823471158358877	0.9797986575388122	0.977818204852333	0.9784457919424713	0.9805195143983522	0.9791967974388275	0.963980531356864	0.9830744979697151	0.9824694734786596	0.9796658663078843	0.9789257003173808	0.9744358169874644	0.9825913756665655	0.9645589884568363	0.9825304812889266	0.9784457919424713	0.9834914647961288	0.9832538479664339	0.980389626878023	0.9823471158358877	0.9841361688003022	0.9798648512298866	0.9816032080678816	1.0	0.9795325328858836	0.9814145585914958	0.9812881851868488	0.9794656614428117	0.9820392062201663	0.9838446917608275	0.9816032080678816	0.9835506008522439	0.9787208891460173	0.9784457919424713	0.974949588621739	0.980389626878023	0.9825913756665655	0.9814775626925523	0.9795992676519689	0.9744068165219755	0.9804546351647225	0.9799968375274892	0.9742475517658398
0.9819351452124869	0.9825160970598747	0.9810060679425924	0.9830247938742117	0.9706298650234088	0.981472081362762	0.9872527725627269	0.9775104746269211	0.9853754076782852	0.9817446395723866	0.9889463539761877	0.9657192092752951	0.9827425353317376	0.981472081362762	0.97977846342271	0.9885728178510967	0.9797832677967678	0.982240254294317	0.9763974127452091	0.9829908167608685	0.9784333185842259	0.9821895998431138	0.9809497598658874	0.9799337538832412	0.9818840160607972	0.9812641526289502	0.9763293838122499	0.9806323148587847	0.9795325328858836	1.0	0.9891930470148201	0.9810023690038031	0.9791087081282304	0.9819861946202085	0.9829908167608685	0.9807914226543355	0.9795513253906696	0.9796413664551709	0.9800368244245102	0.9762237362441645	0.9799880228091044	0.982240254294317	0.9814202229510229	0.9883634535481971	0.9853374854329747	0.9819861946202085	0.9798529154938781	0.9781583534989768
0.9795266030862303	0.982262778511248	0.9821025069293307	0.9818987207857105	0.9681703396752722	0.9801593051558393	0.9850143680701574	0.9751935253611245	0.9813992019318486	0.9810816103817854	0.9852608157991425	0.9648375320236247	0.9801810054452882	0.9796784052070562	0.9799449700890495	0.986372504520299	0.9805385675951266	0.978704849380296	0.9756254312878555	0.9800298899819002	0.976387922380973	0.9804775451332728	0.9805834421035983	0.9791137049357599	0.9808133432817709	0.9797721998680392	0.9778885363354327	0.9798295049350043	0.9814145585914958	0.9891930470148201	1.0	0.9782083020665108	0.9781083862657473	0.9784961361723247	0.9804763124634732	0.979777866699423	0.9765550266442135	0.9795824654420769	0.978699682906725	0.9762857896418117	0.9783402369334934	0.9800298899819002	0.9805729007803985	0.9852319417573745	0.9845638534590694	0.9803006761344183	0.9793517584308491	0.9786913809852298
0.9810021012598884	0.9812294331270309	0.9828637845982499	0.9775823217719348	0.971126381406911	0.9849801627435594	0.979957773157162	0.9789942625385598	0.9756151979077967	0.9848722548938215	0.9790787731416678	0.9627387006408071	0.9824448544621474	0.9828017202854417	0.9813004896520375	0.979674382567776	0.985034410401112	0.9817719299295306	0.979214612662112	0.9826168783629855	0.9783141975164821	0.982899777418043	0.9789942625385598	0.9807297559361781	0.9829782508942976	0.9827750586388001	0.9787894344215371	0.9811478309701639	0.9812881851868488	0.9810023690038031	0.9782083020665108	1.0	0.9802290533467525	0.9799633872305679	0.9835758693022673	0.9822369973846617	0.9804621320463688	0.9831532315480483	0.9824517440269115	0.9781530385993993	0.9809045860633907	0.9920575257781826	0.983193654240018	0.9795691538514889	0.9784999480741434	0.9837313098897823	0.982146658924713	0.9822649626181803
0.9808896432862135	0.9775083717209994	0.9805246751758302	0.9752717253261836	0.9671349925477918	0.981090245142128	0.9779716618966023	0.9781631178773676	0.9761905998974594	0.9832413980992263	0.9781083862657473	0.9623377518641147	0.9823474958627672	0.9819293391023767	0.9809802539776955	0.9783651265806147	0.9818034315693959	0.9817338323918711	0.9777842614979503	0.9824130575247901	0.9784895923170212	0.981289623994185	0.9782723062563242	0.978899233118511	0.9817163627591701	0.9810402099294958	0.9780101039318136	0.9818317317350463	0.9794656614428117	0.9791087081282304	0.9781083862657473	0.9802290533467525	1.0	0.9813392793845808	0.9828897346504898	0.9829207608532238	0.9797116613344425	0.9821877037656148	0.981702522142413	0.9780357468955998	0.9828423778729811	0.9822204269209694	0.9843701193569573	0.9782206462210034	0.9781616912626769	0.9814181176111014	0.9810997780555962	0.9840438203733646
0.98039440252813	0.9793941393916655	0.9813231036842353	0.9779646425701721	0.9706768026942779	0.9824474367378185	0.9813344787251402	0.9783009793762661	0.9767822142530085	0.9835534251744228	0.9791825001945581	0.9675264227543938	0.9855054911249348	0.982025057985875	0.9857160591055925	0.9802047801363447	0.9830840797302736	0.9841488619736416	0.9801020872730574	0.9839533746925068	0.9829283874281652	0.9841818556343163	0.9815542967720945	0.9818300121989383	0.9864106881782975	0.9817720946136046	0.9821098413070289	0.9820707378271611	0.9820392062201663	0.9819861946202085	0.9784961361723247	0.9799633872305679	0.9813392793845808	1.0	0.9821163540149697	0.9852975381150019	0.9795079119701059	0.9833639832833858	0.9848977514527459	0.9803050260625674	0.9818400218690194	0.9821163917191839	0.9848311574387244	0.9787667552084953	0.9810867669081313	0.9843763413566192	0.9832110044615512	0.9868686292249582
0.9805402658695095	0.9805398187440747	0.9829139128172086	0.9790118900127753	0.9726042479301394	0.9842317633510536	0.980525670377166	0.9786609986828259	0.977808847435351	0.986044331377739	0.9801015057442017	0.9636524407162163	0.9850597151045645	0.983673682939273	0.9837554790399081	0.9806229846272883	0.9865379417947399	0.9811721917481887	0.9798089340019716	0.9831178279888534	0.9803601037030321	0.9848925821048934	0.9808288714362675	0.9834140158749853	0.9861523739061634	0.9836567776983505	0.9845331826410296	0.9830336931290156	0.9838446917608275	0.9829908167608685	0.9804763124634732	0.9835758693022673	0.9828897346504898	0.9821163540149697	1.0	0.9846620461197898	0.9820274330094945	0.9844995093683014	0.9845522045319987	0.9801952309110985	0.9815542967720945	0.9829314333787064	0.9840226234114138	0.9808641705375097	0.9810245309856018	0.9855856297439259	0.9839993480586747	0.9854251520618321
0.9821381409239763	0.978946894465819	0.9825613936962418	0.9766460209616271	0.9712504421845277	0.9824828405841696	0.9804623532064399	0.9799371028341359	0.9784752192976139	0.9839648950037746	0.9803579764307778	0.9669674140834346	0.9873453220913616	0.9842933064876727	0.9827039876575372	0.9800465631735741	0.9833965692486624	0.9842004704577735	0.9804889108738304	0.9854768710811196	0.9806701120398859	0.9852975381150019	0.9803579764307778	0.9824338193768917	0.9842933064876727	0.9825806634168215	0.9810769227768235	0.9849359073737809	0.9816032080678816	0.9807914226543355	0.979777866699423	0.9822369973846617	0.9829207608532238	0.9852975381150019	0.9846620461197898	1.0	0.9829207608532238	0.9825665760724949	0.984202980573975	0.9806864299234667	0.9869629384025205	0.9853424632336405	0.988343814779882	0.9796712763170872	0.9793633450656545	0.9840140065167173	0.9839018354116463	0.9884763416006779
0.9779673686870789	0.9778594498212879	0.9814281030425074	0.9767250824473355	0.9666643209780638	0.9808083739122987	0.9808313228994523	0.9750298953322646	0.9749764163644326	0.9845725806048453	0.9768762558249312	0.9632780685835357	0.9833556089604538	0.9774467563656258	0.97977846342271	0.9779731483383742	0.9805385675951266	0.9775222269573622	0.9781993743645068	0.981049501456306	0.9773069783345266	0.9816140804163239	0.9774847116410188	0.980423147737267	0.9836381181489534	0.9809867545178107	0.9793765018929939	0.9793280564233248	0.9835506008522439	0.9795513253906696	0.9765550266442135	0.9804621320463688	0.9797116613344425	0.9795079119701059	0.9820274330094945	0.9829207608532238	1.0	0.9820239781634605	0.9828200228907107	0.9775026478771014	0.9789674657377382	0.9818401395203241	0.9816171631503146	0.9787667552084953	0.9778885363354327	0.9811171283951384	0.9817840480809817	0.9819930160548743
0.9809675818878514	0.977826381066101	0.9795824654420769	0.9734896984251021	0.9695053056427472	0.9823506146737733	0.9792863558878823	0.9826203446404852	0.9768154254137401	0.9826203446404852	0.9784426648277104	0.9649354106263467	0.9824587733929916	0.9839366603555171	0.9803975678918982	0.9779505733113367	0.9790811369944118	0.9829942735387092	0.9774694201199406	0.9850528673074825	0.980050725656286	0.9835733886390707	0.980683817308853	0.982133219495045	0.9831003311735923	0.9822420975156699	0.9761672601667348	0.9837295695588509	0.9787208891460173	0.9796413664551709	0.9795824654420769	0.9831532315480483	0.9821877037656148	0.9833639832833858	0.9844995093683014	0.9825665760724949	0.9820239781634605	1.0	0.9798759138564691	0.9770711209256218	0.981694049439362	0.9833639832833858	0.9829942735387092	0.980050725656286	0.9770550601498094	0.9829942735387092	0.9819692204840564	0.9789921026850422
