/home/jshaw/scratch/2022_sketched_distance/references/SGB_genome_fastas_part4/5265/Castro-NallarE_2015__ES_107__bin.27.fa	/home/jshaw/scratch/2022_sketched_distance/references/SGB_genome_fastas_part4/5265/Castro-NallarE_2015__ES_114__bin.23.fa	/home/jshaw/scratch/2022_sketched_distance/references/SGB_genome_fastas_part4/5265/CM_cf__CF_TNFC017SA_t1M16__bin.5.fa	/home/jshaw/scratch/2022_sketched_distance/references/SGB_genome_fastas_part4/5265/CM_cf__CF_TNFC023IS_t3M15__bin.27.fa	/home/jshaw/scratch/2022_sketched_distance/references/SGB_genome_fastas_part4/5265/CM_periimplantitis__SP_189SPI_T016__bin.1.fa	/home/jshaw/scratch/2022_sketched_distance/references/SGB_genome_fastas_part4/5265/CM_periimplantitis__SP_282SPT_T016_R__bin.41.fa	/home/jshaw/scratch/2022_sketched_distance/references/SGB_genome_fastas_part4/5265/CM_periimplantitis__SP_381SPT_T016__bin.31.fa	/home/jshaw/scratch/2022_sketched_distance/references/SGB_genome_fastas_part4/5265/HMP_2012__SRS015038__bin.29.fa	/home/jshaw/scratch/2022_sketched_distance/references/SGB_genome_fastas_part4/5265/HMP_2012__SRS015057__bin.22.fa	/home/jshaw/scratch/2022_sketched_distance/references/SGB_genome_fastas_part4/5265/HMP_2012__SRS015941__bin.83.fa	/home/jshaw/scratch/2022_sketched_distance/references/SGB_genome_fastas_part4/5265/HMP_2012__SRS016342__bin.44.fa	/home/jshaw/scratch/2022_sketched_distance/references/SGB_genome_fastas_part4/5265/HMP_2012__SRS018443__bin.26.fa	/home/jshaw/scratch/2022_sketched_distance/references/SGB_genome_fastas_part4/5265/HMP_2012__SRS018591__bin.31.fa	/home/jshaw/scratch/2022_sketched_distance/references/SGB_genome_fastas_part4/5265/HMP_2012__SRS018791__bin.23.fa	/home/jshaw/scratch/2022_sketched_distance/references/SGB_genome_fastas_part4/5265/HMP_2012__SRS019219__bin.13.fa	/home/jshaw/scratch/2022_sketched_distance/references/SGB_genome_fastas_part4/5265/HMP_2012__SRS019607__bin.29.fa	/home/jshaw/scratch/2022_sketched_distance/references/SGB_genome_fastas_part4/5265/HMP_2012__SRS019894__bin.7.fa	/home/jshaw/scratch/2022_sketched_distance/references/SGB_genome_fastas_part4/5265/HMP_2012__SRS020220__bin.49.fa	/home/jshaw/scratch/2022_sketched_distance/references/SGB_genome_fastas_part4/5265/HMP_2012__SRS022143__bin.42.fa	/home/jshaw/scratch/2022_sketched_distance/references/SGB_genome_fastas_part4/5265/HMP_2012__SRS023352__bin.13.fa	/home/jshaw/scratch/2022_sketched_distance/references/SGB_genome_fastas_part4/5265/HMP_2012__SRS024318__bin.38.fa	/home/jshaw/scratch/2022_sketched_distance/references/SGB_genome_fastas_part4/5265/HMP_2012__SRS047210__bin.67.fa	/home/jshaw/scratch/2022_sketched_distance/references/SGB_genome_fastas_part4/5265/HMP_2012__SRS047219__bin.68.fa	/home/jshaw/scratch/2022_sketched_distance/references/SGB_genome_fastas_part4/5265/HMP_2012__SRS047824__bin.5.fa	/home/jshaw/scratch/2022_sketched_distance/references/SGB_genome_fastas_part4/5265/HMP_2012__SRS053854__bin.2.fa	/home/jshaw/scratch/2022_sketched_distance/references/SGB_genome_fastas_part4/5265/HMP_2012__SRS057791__bin.56.fa	/home/jshaw/scratch/2022_sketched_distance/references/SGB_genome_fastas_part4/5265/HMP_2012__SRS064774__bin.74.fa	/home/jshaw/scratch/2022_sketched_distance/references/SGB_genome_fastas_part4/5265/HMP_2012__SRS078182__bin.96.fa
1.0	0.972211992242073	0.9718383428326152	0.9699948001939283	0.9586759421617042	0.9600299724450777	0.959713929770076	0.9726411369731651	0.9739512907214335	0.9711433311252021	0.9676542871479794	0.9612213540915168	0.9711297955764454	0.9713388906812125	0.9698777336609964	0.9713273929156302	0.9734483524986247	0.9721940445966165	0.9687967829606807	0.9693861618794796	0.9703339414578993	0.972990905598208	0.9711108651761752	0.9683111924750463	0.9730269128396725	0.9728471629395421	0.9709329805355524	0.9702817085647863
0.972211992242073	1.0	0.9781930101620264	0.9751615756245784	0.9650847504005969	0.9670640477994419	0.9659866655729773	0.9787839605939258	0.9798045173686101	0.9782314779998526	0.9697715129359118	0.9657852093528465	0.9777023264852445	0.9789861648893146	0.9764478574883954	0.9764397891579283	0.9799632469778669	0.9768526349216752	0.975836755230008	0.9735540761365022	0.9764773969721731	0.9793655931083025	0.9783953111512891	0.9722684858715506	0.9795855793193097	0.9751261667298531	0.9731092140427288	0.9761994080409657
0.9718383428326152	0.9781930101620264	1.0	0.9736342965225375	0.9657572003633264	0.9669852903654755	0.9664349733213401	0.9778885363354327	0.9783602888810896	0.9771250008513716	0.9695942730429171	0.9670816592243343	0.9756801437510605	0.9774521095248123	0.976636273973435	0.9767182827027878	0.979815797446985	0.974622826011944	0.9759044457019673	0.9710911611936225	0.9746139529935612	0.9803182933418955	0.9779934000867794	0.9705350456903915	0.9777903403358585	0.97332211862497	0.9721475107011268	0.9760335990253356
0.9699948001939283	0.9751615756245784	0.9736342965225375	1.0	0.9610700878000079	0.9633878964846927	0.9622148740228432	0.9761126628457124	0.9744374995306794	0.9751322389722525	0.9692440846983765	0.9629818559555744	0.9739145003995698	0.9737671626500541	0.9749648131906137	0.9736993506542608	0.9756478286834533	0.974681408434237	0.9742946327575741	0.9696018704563701	0.9738753869413334	0.9740823076938547	0.9740673872270758	0.9706369762666306	0.9736584958118142	0.9725649027090814	0.9711577740649073	0.9733555466062127
0.9586759421617042	0.9650847504005969	0.9657572003633264	0.9610700878000079	1.0	0.9854758215085296	0.9819397511907543	0.9662717441382209	0.9656971338444573	0.9639516553675441	0.9556893583393097	0.9791441531870952	0.9649706308691178	0.9658927688049371	0.9640186854641962	0.9620054045285473	0.966729188880659	0.9634438813151903	0.9604136756496487	0.9583873075487636	0.9654279427182569	0.9654391641574886	0.9652147349634445	0.9591508329432192	0.9664502823957684	0.9610273346837083	0.9590605891017178	0.9638907466983583
0.9600299724450777	0.9670640477994419	0.9669852903654755	0.9633878964846927	0.9854758215085296	1.0	0.9833747641528057	0.9685231208642604	0.9688261508481412	0.9663691037225309	0.9581372755022924	0.9799502471790724	0.9669285789459195	0.968181227876437	0.9663424118832038	0.9647977430206223	0.9686235679705109	0.965557836461279	0.9634053049694734	0.9605253767263957	0.9675546155460312	0.9687504710170203	0.9679324959752652	0.961227346852579	0.9683949206737182	0.9638433148140759	0.9613833415995449	0.9656815821120647
0.959713929770076	0.9659866655729773	0.9664349733213401	0.9622148740228432	0.9819397511907543	0.9833747641528057	1.0	0.9669407032991181	0.9673134992710823	0.9646083417831051	0.9571031512601632	0.9807330654022935	0.9651815061201194	0.9672596631437549	0.9638820241525787	0.9627202824353677	0.9677631609451043	0.9647207517448951	0.9604603679548822	0.9601662598892754	0.9660661257020412	0.9672021096225095	0.9660159931270487	0.9598394108221997	0.9676098322208444	0.9619477921077132	0.95938196565964	0.9643656515044371
0.9726411369731651	0.9787839605939258	0.9778885363354327	0.9761126628457124	0.9662717441382209	0.9685231208642604	0.9669407032991181	1.0	0.9795945708002852	0.977794796951304	0.971326386978123	0.9668309238252298	0.9780179289823777	0.9787425717410932	0.9781535704359785	0.9777303766836644	0.9802805601808112	0.9784723309725133	0.9750101296784714	0.9726751481312162	0.9768726634573037	0.9794861574140542	0.979419370865901	0.9738558295606233	0.9803536721249291	0.9752184527138826	0.9741285868510254	0.9771189218216281
0.9739512907214335	0.9798045173686101	0.9783602888810896	0.9744374995306794	0.9656971338444573	0.9688261508481412	0.9673134992710823	0.9795945708002852	1.0	0.9785493526606789	0.9714084467451207	0.9674394366435359	0.9790160834784213	0.9791682146098626	0.9775321591749655	0.978577904730997	0.980355741151294	0.9778264218625141	0.9750478253293605	0.9751509501714656	0.9788525800731556	0.980204028753966	0.9794785573694998	0.9734345588075272	0.9796942884195221	0.9762532089310414	0.9745172985752115	0.9776841189360439
0.9711433311252021	0.9782314779998526	0.9771250008513716	0.9751322389722525	0.9639516553675441	0.9663691037225309	0.9646083417831051	0.977794796951304	0.9785493526606789	1.0	0.9712356446634984	0.9655207508063687	0.9778206273830979	0.9775750953882967	0.9776430811482357	0.9776231843873463	0.9808539495548233	0.9755810542011536	0.9785320365995813	0.9763200790803419	0.975374077480514	0.9778682700548653	0.9778784533470568	0.977042849189905	0.9787019295307338	0.9768373001126279	0.9744111674582698	0.9763189226389678
0.9676542871479794	0.9697715129359118	0.9695942730429171	0.9692440846983765	0.9556893583393097	0.9581372755022924	0.9571031512601632	0.971326386978123	0.9714084467451207	0.9712356446634984	1.0	0.9577897287046637	0.971411208147681	0.9691644793715233	0.9728227858923978	0.9728670715669285	0.9720725637977278	0.971977690353984	0.9706062558742127	0.9748525981028874	0.9697750601630727	0.9683654160009756	0.9708401427322838	0.9741967760392795	0.9695715468724733	0.9704274806395773	0.9698003869572288	0.972199211041516
0.9612213540915168	0.9657852093528465	0.9670816592243343	0.9629818559555744	0.9791441531870952	0.9799502471790724	0.9807330654022935	0.9668309238252298	0.9674394366435359	0.9655207508063687	0.9577897287046637	1.0	0.96558333579816	0.9666047881052657	0.9650330437849883	0.9631296353618372	0.9673154642618101	0.964856466538012	0.9625142318084393	0.9608592656225846	0.9673114907926982	0.9674615214832446	0.9666381283704185	0.961653603549438	0.9680010287751448	0.9629162471298125	0.961283611473357	0.9641707869756239
0.9711297955764454	0.9777023264852445	0.9756801437510605	0.9739145003995698	0.9649706308691178	0.9669285789459195	0.9651815061201194	0.9780179289823777	0.9790160834784213	0.9778206273830979	0.971411208147681	0.96558333579816	1.0	0.9770724450670829	0.9769072302855314	0.9765330053781156	0.9789046173560483	0.9773217129477773	0.9754970080505024	0.9738572096694182	0.9761279825872623	0.9772601786968549	0.9766756884897956	0.9735283647757424	0.9773508061136843	0.9743215504978321	0.9728534337493718	0.9760941502541596
0.9713388906812125	0.9789861648893146	0.9774521095248123	0.9737671626500541	0.9658927688049371	0.968181227876437	0.9672596631437549	0.9787425717410932	0.9791682146098626	0.9775750953882967	0.9691644793715233	0.9666047881052657	0.9770724450670829	1.0	0.9756117711778253	0.9764174881273379	0.9799555767431324	0.976035050425332	0.9736332260668011	0.9723609062818115	0.9761493050934374	0.9793103692870654	0.9778800211095335	0.9723516251237524	0.9792131846214636	0.9746121735205782	0.9720432994862523	0.9770986474027911
0.9698777336609964	0.9764478574883954	0.976636273973435	0.9749648131906137	0.9640186854641962	0.9663424118832038	0.9638820241525787	0.9781535704359785	0.9775321591749655	0.9776430811482357	0.9728227858923978	0.9650330437849883	0.9769072302855314	0.9756117711778253	1.0	0.9770887067479874	0.9793456350084678	0.9748232490931437	0.9769810417553112	0.9755880966842695	0.9746131155252596	0.977978170534543	0.9779480379271474	0.9750624806439477	0.9764274721626762	0.9730460649457467	0.9747016350716897	0.9766610204950674
0.9713273929156302	0.9764397891579283	0.9767182827027878	0.9736993506542608	0.9620054045285473	0.9647977430206223	0.9627202824353677	0.9777303766836644	0.978577904730997	0.9776231843873463	0.9728670715669285	0.9631296353618372	0.9765330053781156	0.9764174881273379	0.9770887067479874	1.0	0.9783280294484381	0.9761234976460655	0.9752233392610942	0.976502711670128	0.9746955923251611	0.9770166634516262	0.9769895289644128	0.9749391921047972	0.976679547689388	0.9761101335455128	0.9748650852900734	0.9744877827141295
0.9734483524986247	0.9799632469778669	0.979815797446985	0.9756478286834533	0.966729188880659	0.9686235679705109	0.9677631609451043	0.9802805601808112	0.980355741151294	0.9808539495548233	0.9720725637977278	0.9673154642618101	0.9789046173560483	0.9799555767431324	0.9793456350084678	0.9783280294484381	1.0	0.9767658687957562	0.9765532343791917	0.9743696373434109	0.976024655055625	0.9815996968494548	0.9790285169379165	0.9747072457013043	0.989221833426057	0.9757209498094327	0.9736937801154757	0.9771416732796848
0.9721940445966165	0.9768526349216752	0.974622826011944	0.974681408434237	0.9634438813151903	0.965557836461279	0.9647207517448951	0.9784723309725133	0.9778264218625141	0.9755810542011536	0.971977690353984	0.964856466538012	0.9773217129477773	0.976035050425332	0.9748232490931437	0.9761234976460655	0.9767658687957562	1.0	0.974228510646364	0.9734601482637466	0.9756087990737004	0.9763170538125163	0.9769084890838153	0.972692940535807	0.9762279533709024	0.9736508944778682	0.9733403681893098	0.9768547350522496
0.9687967829606807	0.975836755230008	0.9759044457019673	0.9742946327575741	0.9604136756496487	0.9634053049694734	0.9604603679548822	0.9750101296784714	0.9750478253293605	0.9785320365995813	0.9706062558742127	0.9625142318084393	0.9754970080505024	0.9736332260668011	0.9769810417553112	0.9752233392610942	0.9765532343791917	0.974228510646364	1.0	0.9746197635640202	0.9728372173246693	0.978455577407769	0.9751982286041909	0.9734549324843762	0.9741962393937513	0.9722821869046022	0.9766227893461572	0.9746405737184377
0.9693861618794796	0.9735540761365022	0.9710911611936225	0.9696018704563701	0.9583873075487636	0.9605253767263957	0.9601662598892754	0.9726751481312162	0.9751509501714656	0.9763200790803419	0.9748525981028874	0.9608592656225846	0.9738572096694182	0.9723609062818115	0.9755880966842695	0.976502711670128	0.9743696373434109	0.9734601482637466	0.9746197635640202	1.0	0.9723606130864821	0.9733137354072664	0.9727111456857249	0.9767633650490274	0.9720835721731371	0.973451469305839	0.9749882074586744	0.9732173216370361
0.9703339414578993	0.9764773969721731	0.9746139529935612	0.9738753869413334	0.9654279427182569	0.9675546155460312	0.9660661257020412	0.9768726634573037	0.9788525800731556	0.975374077480514	0.9697750601630727	0.9673114907926982	0.9761279825872623	0.9761493050934374	0.9746131155252596	0.9746955923251611	0.976024655055625	0.9756087990737004	0.9728372173246693	0.9723606130864821	1.0	0.9773872675999237	0.981694311363576	0.9710949412834707	0.9769314167576835	0.974010017199141	0.97010027058652	0.9764172156418441
0.972990905598208	0.9793655931083025	0.9803182933418955	0.9740823076938547	0.9654391641574886	0.9687504710170203	0.9672021096225095	0.9794861574140542	0.980204028753966	0.9778682700548653	0.9683654160009756	0.9674615214832446	0.9772601786968549	0.9793103692870654	0.977978170534543	0.9770166634516262	0.9815996968494548	0.9763170538125163	0.978455577407769	0.9733137354072664	0.9773872675999237	1.0	0.9798448022217761	0.9712808854830645	0.979172077527222	0.9753738889745198	0.9764508201881602	0.9774464812093824
0.9711108651761752	0.9783953111512891	0.9779934000867794	0.9740673872270758	0.9652147349634445	0.9679324959752652	0.9660159931270487	0.979419370865901	0.9794785573694998	0.9778784533470568	0.9708401427322838	0.9666381283704185	0.9766756884897956	0.9778800211095335	0.9779480379271474	0.9769895289644128	0.9790285169379165	0.9769084890838153	0.9751982286041909	0.9727111456857249	0.981694311363576	0.9798448022217761	1.0	0.9735394701607375	0.9787259093220989	0.9736254931112786	0.9740137995004433	0.9779661404167755
0.9683111924750463	0.9722684858715506	0.9705350456903915	0.9706369762666306	0.9591508329432192	0.961227346852579	0.9598394108221997	0.9738558295606233	0.9734345588075272	0.977042849189905	0.9741967760392795	0.961653603549438	0.9735283647757424	0.9723516251237524	0.9750624806439477	0.9749391921047972	0.9747072457013043	0.972692940535807	0.9734549324843762	0.9767633650490274	0.9710949412834707	0.9712808854830645	0.9735394701607375	1.0	0.9736538896211077	0.9744677018175043	0.9746518962320313	0.9723398828737713
0.9730269128396725	0.9795855793193097	0.9777903403358585	0.9736584958118142	0.9664502823957684	0.9683949206737182	0.9676098322208444	0.9803536721249291	0.9796942884195221	0.9787019295307338	0.9695715468724733	0.9680010287751448	0.9773508061136843	0.9792131846214636	0.9764274721626762	0.976679547689388	0.989221833426057	0.9762279533709024	0.9741962393937513	0.9720835721731371	0.9769314167576835	0.979172077527222	0.9787259093220989	0.9736538896211077	1.0	0.9753060587545095	0.9722443687069365	0.9754721304246466
0.9728471629395421	0.9751261667298531	0.97332211862497	0.9725649027090814	0.9610273346837083	0.9638433148140759	0.9619477921077132	0.9752184527138826	0.9762532089310414	0.9768373001126279	0.9704274806395773	0.9629162471298125	0.9743215504978321	0.9746121735205782	0.9730460649457467	0.9761101335455128	0.9757209498094327	0.9736508944778682	0.9722821869046022	0.973451469305839	0.974010017199141	0.9753738889745198	0.9736254931112786	0.9744677018175043	0.9753060587545095	1.0	0.9716610457592043	0.9741326755334524
0.9709329805355524	0.9731092140427288	0.9721475107011268	0.9711577740649073	0.9590605891017178	0.9613833415995449	0.95938196565964	0.9741285868510254	0.9745172985752115	0.9744111674582698	0.9698003869572288	0.961283611473357	0.9728534337493718	0.9720432994862523	0.9747016350716897	0.9748650852900734	0.9736937801154757	0.9733403681893098	0.9766227893461572	0.9749882074586744	0.97010027058652	0.9764508201881602	0.9740137995004433	0.9746518962320313	0.9722443687069365	0.9716610457592043	1.0	0.9719140374918339
0.9702817085647863	0.9761994080409657	0.9760335990253356	0.9733555466062127	0.9638907466983583	0.9656815821120647	0.9643656515044371	0.9771189218216281	0.9776841189360439	0.9763189226389678	0.972199211041516	0.9641707869756239	0.9760941502541596	0.9770986474027911	0.9766610204950674	0.9744877827141295	0.9771416732796848	0.9768547350522496	0.9746405737184377	0.9732173216370361	0.9764172156418441	0.9774464812093824	0.9779661404167755	0.9723398828737713	0.9754721304246466	0.9741326755334524	0.9719140374918339	1.0
