/home/jshaw/scratch/2022_sketched_distance/references/SGB_genome_fastas_part1_redo/1408/ChengpingW_2017__AS38raw__bin.49.fa	/home/jshaw/scratch/2022_sketched_distance/references/SGB_genome_fastas_part1_redo/1408/FengQ_2015__SID531663__bin.76.fa	/home/jshaw/scratch/2022_sketched_distance/references/SGB_genome_fastas_part1_redo/1408/LeChatelierE_2013__MH0040__bin.33.fa	/home/jshaw/scratch/2022_sketched_distance/references/SGB_genome_fastas_part1_redo/1408/LeChatelierE_2013__MH0141__bin.13.fa	/home/jshaw/scratch/2022_sketched_distance/references/SGB_genome_fastas_part1_redo/1408/LeChatelierE_2013__MH0181__bin.2.fa	/home/jshaw/scratch/2022_sketched_distance/references/SGB_genome_fastas_part1_redo/1408/LeChatelierE_2013__MH0313__bin.42.fa	/home/jshaw/scratch/2022_sketched_distance/references/SGB_genome_fastas_part1_redo/1408/LeChatelierE_2013__MH0405__bin.63.fa	/home/jshaw/scratch/2022_sketched_distance/references/SGB_genome_fastas_part1_redo/1408/LeChatelierE_2013__MH0428__bin.9.fa	/home/jshaw/scratch/2022_sketched_distance/references/SGB_genome_fastas_part1_redo/1408/LiJ_2014__MH0259__bin.70.fa	/home/jshaw/scratch/2022_sketched_distance/references/SGB_genome_fastas_part1_redo/1408/LiJ_2014__MH0265__bin.69.fa	/home/jshaw/scratch/2022_sketched_distance/references/SGB_genome_fastas_part1_redo/1408/LiJ_2014__MH0323__bin.40.fa	/home/jshaw/scratch/2022_sketched_distance/references/SGB_genome_fastas_part1_redo/1408/LiJ_2014__MH0385__bin.51.fa	/home/jshaw/scratch/2022_sketched_distance/references/SGB_genome_fastas_part1_redo/1408/LiJ_2014__MH0389__bin.43.fa	/home/jshaw/scratch/2022_sketched_distance/references/SGB_genome_fastas_part1_redo/1408/LiJ_2014__MH0401__bin.42.fa	/home/jshaw/scratch/2022_sketched_distance/references/SGB_genome_fastas_part1_redo/1408/LoombaR_2017__SID0012_qdz__bin.66.fa	/home/jshaw/scratch/2022_sketched_distance/references/SGB_genome_fastas_part1_redo/1408/NielsenHB_2014__O2_UC60_0__bin.49.fa	/home/jshaw/scratch/2022_sketched_distance/references/SGB_genome_fastas_part1_redo/1408/QinJ_2012__T2D-043__bin.45.fa	/home/jshaw/scratch/2022_sketched_distance/references/SGB_genome_fastas_part1_redo/1408/QinN_2014__LD-34__bin.13.fa	/home/jshaw/scratch/2022_sketched_distance/references/SGB_genome_fastas_part1_redo/1408/RaymondF_2016__P9E0__bin.47.fa	/home/jshaw/scratch/2022_sketched_distance/references/SGB_genome_fastas_part1_redo/1408/VogtmannE_2016__MMRS51737257ST-27-0-0__bin.46.fa	/home/jshaw/scratch/2022_sketched_distance/references/SGB_genome_fastas_part1_redo/1408/XieH_2016__YSZC12003_35740__bin.16.fa	/home/jshaw/scratch/2022_sketched_distance/references/SGB_genome_fastas_part1_redo/1408/XieH_2016__YSZC12003_36058__bin.35.fa	/home/jshaw/scratch/2022_sketched_distance/references/SGB_genome_fastas_part1_redo/1408/XieH_2016__YSZC12003_37100__bin.40.fa	/home/jshaw/scratch/2022_sketched_distance/references/SGB_genome_fastas_part1_redo/1408/XieH_2016__YSZC12003_37105__bin.29.fa	/home/jshaw/scratch/2022_sketched_distance/references/SGB_genome_fastas_part1_redo/1408/XieH_2016__YSZC12003_37208R1__bin.40.fa	/home/jshaw/scratch/2022_sketched_distance/references/SGB_genome_fastas_part1_redo/1408/XieH_2016__YSZC12003_37233__bin.75.fa	/home/jshaw/scratch/2022_sketched_distance/references/SGB_genome_fastas_part1_redo/1408/YuJ_2015__SZAXPI003436-7__bin.52.fa	/home/jshaw/scratch/2022_sketched_distance/references/SGB_genome_fastas_part1_redo/1408/ZeeviD_2015__PNP_Main_140__bin.29.fa	/home/jshaw/scratch/2022_sketched_distance/references/SGB_genome_fastas_part1_redo/1408/ZeeviD_2015__PNP_Main_586__bin.5.fa	/home/jshaw/scratch/2022_sketched_distance/references/SGB_genome_fastas_part1_redo/1408/ZeeviD_2015__PNP_Main_750__bin.13.fa	/home/jshaw/scratch/2022_sketched_distance/references/SGB_genome_fastas_part1_redo/1408/ZeeviD_2015__PNP_Validation_46__bin.25.fa
1.0	0.9826944572002654	0.9782420469574326	0.9772072240023075	0.9536249914863758	0.9758842805329052	0.9842917250326505	0.9841819310540365	0.9806837273183103	0.9794518828142044	0.9799630120420253	0.9793796199915452	0.9816799589356368	0.9293854973756873	0.9840410506095434	0.9758070563674901	0.9871034658490652	0.973158810283046	0.9810672827282823	0.9813838191533586	0.9843553250812449	0.9800256754961042	0.9832135081003716	0.9818137271995352	0.9818850936115215	0.9786772623859813	0.9847739628835916	0.977037767581553	0.9824297689372937	0.9841713409804904	0.9793403255111323
0.9826944572002654	1.0	0.9810612054930383	0.9810037418242205	0.9553485915129564	0.9783222021043029	0.9847483618359598	0.9858186469807003	0.9824282429938845	0.9813047557290387	0.9810372447878493	0.9807829609391419	0.9823556039946438	0.92883145248635	0.9840296646179314	0.9751680897159052	0.9816753331991697	0.9697863648645313	0.9823728921128118	0.9821756772179938	0.9856510401671311	0.979941822800773	0.9841165771592224	0.9842852592368616	0.9815125943240269	0.9802481613744685	0.9809195958000786	0.9787697413356028	0.9834454333475334	0.9849865020600359	0.9801186919363238
0.9782420469574326	0.9810612054930383	1.0	0.9806069820726842	0.9650582073507938	0.9816502190096474	0.9815033533785545	0.9816148075982711	0.9825980580024063	0.9817292544661248	0.9824618192689354	0.9830878629762652	0.9826987870383956	0.951424287790586	0.9815241493738006	0.9777200751024703	0.9778770759877499	0.9705790558559994	0.9799949507937006	0.9823710561053295	0.9813880645216725	0.9813413454200058	0.9788600254486582	0.9806590244732312	0.9809799136536721	0.9815166032765213	0.9774135705788519	0.9801634736607017	0.9786748075696469	0.9804702713097727	0.9790314772929507
0.9772072240023075	0.9810037418242205	0.9806069820726842	1.0	0.9634367458037844	0.9799530304730848	0.9794018953942012	0.9818699786611362	0.9815514010281423	0.9811554729668471	0.9813820853327456	0.9819312386058768	0.9802604949314878	0.9408144669565878	0.9794644341017035	0.9743580482728295	0.9777762614195165	0.9705533738671555	0.9791973522518332	0.9805314477060281	0.9800400834574295	0.9779526321758796	0.9781281042058353	0.9797366047004624	0.9786120472091401	0.9780055927942826	0.975984422837055	0.9778138769223652	0.9782006044047886	0.9799864203071531	0.9766245825987636
0.9536249914863758	0.9553485915129564	0.9650582073507938	0.9634367458037844	1.0	0.9679513490647957	0.9559340448794438	0.9562312717323015	0.9655606846067136	0.964352511149512	0.9633252812631018	0.9633409766678573	0.9664017877904442	0.9778083069641911	0.9556662862102246	0.9777687240169523	0.9530018201261576	0.9688080381509655	0.9572918613874662	0.9594062259618049	0.9581646214412359	0.967935565286986	0.9558611200676048	0.9579145885595819	0.962913363152308	0.9659144036220766	0.9537110484898884	0.967870558355915	0.9563016037365818	0.9575518561240435	0.9614944599755194
0.9758842805329052	0.9783222021043029	0.9816502190096474	0.9799530304730848	0.9679513490647957	1.0	0.9781370423065544	0.9790643995058065	0.982217789294549	0.9809444513537935	0.9802956209795964	0.9823223764090598	0.982041740704571	0.9600485782368762	0.9780587266587438	0.9766959816157507	0.9754525873883623	0.9723370481627888	0.9776929286609117	0.9803937963850521	0.9794372276244412	0.9806439389360766	0.9770763281768823	0.9776420349241173	0.9789442138589803	0.9813665098330582	0.9760111563516436	0.980357957020516	0.9765623088034513	0.9782776966566175	0.9782405348011365
0.9842917250326505	0.9847483618359598	0.9815033533785545	0.9794018953942012	0.9559340448794438	0.9781370423065544	1.0	0.9869522529378135	0.9846350888861676	0.9823886322545142	0.9814459417576075	0.9830616929149688	0.9849160162304891	0.9337519562034067	0.9872998152215194	0.9782736156960682	0.9833450624197412	0.9711395688919154	0.9820650635746332	0.9838351905744182	0.9875542326505716	0.9834444896483446	0.9857609172421444	0.9864302384461431	0.9839003694865045	0.9821252217801982	0.981848025561533	0.9793893560441794	0.9849311339218711	0.9864526439872802	0.9827601932352718
0.9841819310540365	0.9858186469807003	0.9816148075982711	0.9818699786611362	0.9562312717323015	0.9790643995058065	0.9869522529378135	1.0	0.9847657560212197	0.9832161628851155	0.9822407280120762	0.9827887390497779	0.9842829548754338	0.9282208678124294	0.9864987591777958	0.9776148654015973	0.9835100560622807	0.9684911416047993	0.9831986690246303	0.9834896403428092	0.9876534510902829	0.9824481760910574	0.9862501721481707	0.9877129967886525	0.9840499615780178	0.9822343732898031	0.981161457204362	0.978203007416969	0.9864240642135365	0.9856887087890849	0.9816159378912765
0.9806837273183103	0.9824282429938845	0.9825980580024063	0.9815514010281423	0.9655606846067136	0.982217789294549	0.9846350888861676	0.9847657560212197	1.0	0.9838615149626745	0.9841378895335822	0.9848678472104619	0.9861662262881695	0.9567532716684116	0.9835396038289621	0.9816634073298829	0.9806747849031551	0.9732839591262797	0.9822795000737363	0.9841223856526953	0.9846864464401436	0.9849583990471615	0.9824629262181928	0.982675925143825	0.9844764321094474	0.9843646690922883	0.9794973884530448	0.9828058426117396	0.9818605788371919	0.9831220322172932	0.9826122832274973
0.9794518828142044	0.9813047557290387	0.9817292544661248	0.9811554729668471	0.964352511149512	0.9809444513537935	0.9823886322545142	0.9832161628851155	0.9838615149626745	1.0	0.9822023448898015	0.983518201240095	0.9835204245463521	0.9516289377958639	0.9813448615362251	0.978418282537021	0.9799902693669611	0.9716748801737991	0.9803635683522227	0.9818043369057939	0.9834039732840316	0.9830189101590823	0.9808903314853988	0.9828753413715864	0.9822558700700696	0.9830349548366468	0.9790185043721652	0.9806740861141564	0.9799823125172433	0.9822108307047749	0.9810879516234093
0.9799630120420253	0.9810372447878493	0.9824618192689354	0.9813820853327456	0.9633252812631018	0.9802956209795964	0.9814459417576075	0.9822407280120762	0.9841378895335822	0.9822023448898015	1.0	0.9818597370543536	0.9829063126539221	0.9479760188575598	0.9813458802936023	0.9776021309909897	0.9795796971172533	0.9710003264107433	0.9816726178139364	0.9814918510849692	0.9816812873458409	0.9819684183866451	0.9804793872169313	0.981433666227479	0.9808858923591441	0.981889322451057	0.9777333610927302	0.9797407888271613	0.9787620351897987	0.9808281642796269	0.980308905863858
0.9793796199915452	0.9807829609391419	0.9830878629762652	0.9819312386058768	0.9633409766678573	0.9823223764090598	0.9830616929149688	0.9827887390497779	0.9848678472104619	0.983518201240095	0.9818597370543536	1.0	0.9844892143637664	0.9530214199421372	0.9819384529815847	0.9782282798960759	0.9796944309445833	0.9726005294832084	0.9807763186422234	0.9829508201032394	0.9837339399176532	0.9825138638748631	0.980551226856313	0.9813213795723543	0.9831000171561032	0.983487379904094	0.97853562450433	0.9820406189919724	0.9806407158615317	0.9820667681965322	0.9815265151748958
0.9816799589356368	0.9823556039946438	0.9826987870383956	0.9802604949314878	0.9664017877904442	0.982041740704571	0.9849160162304891	0.9842829548754338	0.9861662262881695	0.9835204245463521	0.9829063126539221	0.9844892143637664	1.0	0.9589749767261688	0.9845333959506651	0.981794774866849	0.9810199031280793	0.9730576285129994	0.9819602070318991	0.9833999344981488	0.9854700296938239	0.9855937774747532	0.9832906622650475	0.983190840178622	0.9854747704935137	0.9848345641780109	0.9797860014088761	0.982589195986975	0.9831948353789791	0.9838109698399249	0.9839596750795416
0.9293854973756873	0.92883145248635	0.951424287790586	0.9408144669565878	0.9778083069641911	0.9600485782368762	0.9337519562034067	0.9282208678124294	0.9567532716684116	0.9516289377958639	0.9479760188575598	0.9530214199421372	0.9589749767261688	1.0	0.9344130908586409	0.9736206257964332	0.9238669542496377	0.9643806627386333	0.9383806046062699	0.9421474979656345	0.9365626711644082	0.9618169808965823	0.9334550481960867	0.9317184763661704	0.950476977476238	0.9589613451877843	0.9323562514800436	0.9586739183406406	0.9303698656311119	0.9317862474219718	0.9533136934693911
0.9840410506095434	0.9840296646179314	0.9815241493738006	0.9794644341017035	0.9556662862102246	0.9780587266587438	0.9872998152215194	0.9864987591777958	0.9835396038289621	0.9813448615362251	0.9813458802936023	0.9819384529815847	0.9845333959506651	0.9344130908586409	1.0	0.9785155586289476	0.9841274114259518	0.9697790693825592	0.9824781031609987	0.9840788854904196	0.9860042575524837	0.9825292403463979	0.9855991756469424	0.9843981547693621	0.9838282597523845	0.9816019051387287	0.98127554765668	0.9795682875917124	0.9846430599497676	0.9855318872805615	0.9819898241856736
0.9758070563674901	0.9751680897159052	0.9777200751024703	0.9743580482728295	0.9777687240169523	0.9766959816157507	0.9782736156960682	0.9776148654015973	0.9816634073298829	0.978418282537021	0.9776021309909897	0.9782282798960759	0.981794774866849	0.9736206257964332	0.9785155586289476	1.0	0.9753007441210625	0.97650840887423	0.975070248579593	0.977774962337903	0.9790540935192217	0.9832461106595447	0.9771139910082762	0.9765808753555173	0.9795655796065381	0.9796535848848713	0.9738443846197271	0.9783255137989112	0.9769908782451387	0.978415372325097	0.9776273652692817
0.9871034658490652	0.9816753331991697	0.9778770759877499	0.9777762614195165	0.9530018201261576	0.9754525873883623	0.9833450624197412	0.9835100560622807	0.9806747849031551	0.9799902693669611	0.9795796971172533	0.9796944309445833	0.9810199031280793	0.9238669542496377	0.9841274114259518	0.9753007441210625	1.0	0.9742517117965559	0.9801795214691459	0.9812741787894583	0.9829042390879607	0.978739840659073	0.9808808963470522	0.9811922302770152	0.980786649718073	0.978648482159836	0.9865060091963754	0.9768170280690399	0.9817256261013251	0.9835549544720364	0.9789003379451621
0.973158810283046	0.9697863648645313	0.9705790558559994	0.9705533738671555	0.9688080381509655	0.9723370481627888	0.9711395688919154	0.9684911416047993	0.9732839591262797	0.9716748801737991	0.9710003264107433	0.9726005294832084	0.9730576285129994	0.9643806627386333	0.9697790693825592	0.97650840887423	0.9742517117965559	1.0	0.9702889150015243	0.9709747332124271	0.9705420028095811	0.9741272131769789	0.9687367707934863	0.9674632561641505	0.9723810445273401	0.9722706757911891	0.9747138376036738	0.9734456869481996	0.9681304860375285	0.9702359415047386	0.9704077876736649
0.9810672827282823	0.9823728921128118	0.9799949507937006	0.9791973522518332	0.9572918613874662	0.9776929286609117	0.9820650635746332	0.9831986690246303	0.9822795000737363	0.9803635683522227	0.9816726178139364	0.9807763186422234	0.9819602070318991	0.9383806046062699	0.9824781031609987	0.975070248579593	0.9801795214691459	0.9702889150015243	1.0	0.9819747753810262	0.9826917273372743	0.9799515495763167	0.9821205425857065	0.981419645482384	0.9805799551236124	0.9807752632701963	0.9788118441094724	0.9778540177457324	0.9799555520944188	0.9814482968078344	0.9785760554524795
0.9813838191533586	0.9821756772179938	0.9823710561053295	0.9805314477060281	0.9594062259618049	0.9803937963850521	0.9838351905744182	0.9834896403428092	0.9841223856526953	0.9818043369057939	0.9814918510849692	0.9829508201032394	0.9833999344981488	0.9421474979656345	0.9840788854904196	0.977774962337903	0.9812741787894583	0.9709747332124271	0.9819747753810262	1.0	0.9839501533378111	0.9816590860328057	0.9821726193496855	0.9820235502878967	0.9829353996829084	0.9818950777822532	0.980404232809524	0.9806446571571266	0.9816400881497385	0.9836872666322851	0.9804018972135675
0.9843553250812449	0.9856510401671311	0.9813880645216725	0.9800400834574295	0.9581646214412359	0.9794372276244412	0.9875542326505716	0.9876534510902829	0.9846864464401436	0.9834039732840316	0.9816812873458409	0.9837339399176532	0.9854700296938239	0.9365626711644082	0.9860042575524837	0.9790540935192217	0.9829042390879607	0.9705420028095811	0.9826917273372743	0.9839501533378111	1.0	0.9833377056469196	0.9863899023669023	0.9869854370415801	0.9846066838356707	0.9837134326752055	0.9816481596658566	0.9794093825010313	0.9863725918104548	0.9874821618649524	0.9827995083539345
0.9800256754961042	0.979941822800773	0.9813413454200058	0.9779526321758796	0.967935565286986	0.9806439389360766	0.9834444896483446	0.9824481760910574	0.9849583990471615	0.9830189101590823	0.9819684183866451	0.9825138638748631	0.9855937774747532	0.9618169808965823	0.9825292403463979	0.9832461106595447	0.978739840659073	0.9741272131769789	0.9799515495763167	0.9816590860328057	0.9833377056469196	1.0	0.981775567634691	0.982161155415705	0.9831550831064919	0.9841001564740496	0.9771456087082981	0.9814422489570542	0.979327809899271	0.9812138413283752	0.9816966924260223
0.9832135081003716	0.9841165771592224	0.9788600254486582	0.9781281042058353	0.9558611200676048	0.9770763281768823	0.9857609172421444	0.9862501721481707	0.9824629262181928	0.9808903314853988	0.9804793872169313	0.980551226856313	0.9832906622650475	0.9334550481960867	0.9855991756469424	0.9771139910082762	0.9808808963470522	0.9687367707934863	0.9821205425857065	0.9821726193496855	0.9863899023669023	0.981775567634691	1.0	0.9867056051760346	0.9835741127871384	0.9815836918603538	0.9791029000569305	0.9780425510052245	0.983740119067317	0.984131400636725	0.9796032070042979
0.9818137271995352	0.9842852592368616	0.9806590244732312	0.9797366047004624	0.9579145885595819	0.9776420349241173	0.9864302384461431	0.9877129967886525	0.982675925143825	0.9828753413715864	0.981433666227479	0.9813213795723543	0.983190840178622	0.9317184763661704	0.9843981547693621	0.9765808753555173	0.9811922302770152	0.9674632561641505	0.981419645482384	0.9820235502878967	0.9869854370415801	0.982161155415705	0.9867056051760346	1.0	0.9826220956130682	0.9816413515234214	0.9792210944620324	0.9775802059760683	0.9836782249514271	0.9849205880521946	0.9795292399313723
0.9818850936115215	0.9815125943240269	0.9809799136536721	0.9786120472091401	0.962913363152308	0.9789442138589803	0.9839003694865045	0.9840499615780178	0.9844764321094474	0.9822558700700696	0.9808858923591441	0.9831000171561032	0.9854747704935137	0.950476977476238	0.9838282597523845	0.9795655796065381	0.980786649718073	0.9723810445273401	0.9805799551236124	0.9829353996829084	0.9846066838356707	0.9831550831064919	0.9835741127871384	0.9826220956130682	1.0	0.9824441670252313	0.9795997739767787	0.980016577374085	0.9830365037907906	0.9836105863974012	0.9812432901142262
0.9786772623859813	0.9802481613744685	0.9815166032765213	0.9780055927942826	0.9659144036220766	0.9813665098330582	0.9821252217801982	0.9822343732898031	0.9843646690922883	0.9830349548366468	0.981889322451057	0.983487379904094	0.9848345641780109	0.9589613451877843	0.9816019051387287	0.9796535848848713	0.978648482159836	0.9722706757911891	0.9807752632701963	0.9818950777822532	0.9837134326752055	0.9841001564740496	0.9815836918603538	0.9816413515234214	0.9824441670252313	1.0	0.9784671340854363	0.9812051028739075	0.9805236072551313	0.9809907405551024	0.9807148743018299
0.9847739628835916	0.9809195958000786	0.9774135705788519	0.975984422837055	0.9537110484898884	0.9760111563516436	0.981848025561533	0.981161457204362	0.9794973884530448	0.9790185043721652	0.9777333610927302	0.97853562450433	0.9797860014088761	0.9323562514800436	0.98127554765668	0.9738443846197271	0.9865060091963754	0.9747138376036738	0.9788118441094724	0.980404232809524	0.9816481596658566	0.9771456087082981	0.9791029000569305	0.9792210944620324	0.9795997739767787	0.9784671340854363	1.0	0.9762274636849112	0.9790742277842531	0.9816367911373655	0.97682642707322
0.977037767581553	0.9787697413356028	0.9801634736607017	0.9778138769223652	0.967870558355915	0.980357957020516	0.9793893560441794	0.978203007416969	0.9828058426117396	0.9806740861141564	0.9797407888271613	0.9820406189919724	0.982589195986975	0.9586739183406406	0.9795682875917124	0.9783255137989112	0.9768170280690399	0.9734456869481996	0.9778540177457324	0.9806446571571266	0.9794093825010313	0.9814422489570542	0.9780425510052245	0.9775802059760683	0.980016577374085	0.9812051028739075	0.9762274636849112	1.0	0.9773821390002466	0.979228250499552	0.9794027544418088
0.9824297689372937	0.9834454333475334	0.9786748075696469	0.9782006044047886	0.9563016037365818	0.9765623088034513	0.9849311339218711	0.9864240642135365	0.9818605788371919	0.9799823125172433	0.9787620351897987	0.9806407158615317	0.9831948353789791	0.9303698656311119	0.9846430599497676	0.9769908782451387	0.9817256261013251	0.9681304860375285	0.9799555520944188	0.9816400881497385	0.9863725918104548	0.979327809899271	0.983740119067317	0.9836782249514271	0.9830365037907906	0.9805236072551313	0.9790742277842531	0.9773821390002466	1.0	0.9852363211577171	0.9798306152208791
0.9841713409804904	0.9849865020600359	0.9804702713097727	0.9799864203071531	0.9575518561240435	0.9782776966566175	0.9864526439872802	0.9856887087890849	0.9831220322172932	0.9822108307047749	0.9808281642796269	0.9820667681965322	0.9838109698399249	0.9317862474219718	0.9855318872805615	0.978415372325097	0.9835549544720364	0.9702359415047386	0.9814482968078344	0.9836872666322851	0.9874821618649524	0.9812138413283752	0.984131400636725	0.9849205880521946	0.9836105863974012	0.9809907405551024	0.9816367911373655	0.979228250499552	0.9852363211577171	1.0	0.9803339356441066
0.9793403255111323	0.9801186919363238	0.9790314772929507	0.9766245825987636	0.9614944599755194	0.9782405348011365	0.9827601932352718	0.9816159378912765	0.9826122832274973	0.9810879516234093	0.980308905863858	0.9815265151748958	0.9839596750795416	0.9533136934693911	0.9819898241856736	0.9776273652692817	0.9789003379451621	0.9704077876736649	0.9785760554524795	0.9804018972135675	0.9827995083539345	0.9816966924260223	0.9796032070042979	0.9795292399313723	0.9812432901142262	0.9807148743018299	0.97682642707322	0.9794027544418088	0.9798306152208791	0.9803339356441066	1.0
