/home/jshaw/scratch/2022_sketched_distance/references/SGB_genome_fastas_part1_redo/1887/ChengpingW_2017__AS42raw__bin.81.fa	/home/jshaw/scratch/2022_sketched_distance/references/SGB_genome_fastas_part1_redo/1887/ChengpingW_2017__AS54raw__bin.17.fa	/home/jshaw/scratch/2022_sketched_distance/references/SGB_genome_fastas_part1_redo/1887/FerrettiP_2018__CA_C10029IS2503FE_t3M15__bin.3.fa	/home/jshaw/scratch/2022_sketched_distance/references/SGB_genome_fastas_part1_redo/1887/HeQ_2017__RSZAXPI003081-115__bin.31.fa	/home/jshaw/scratch/2022_sketched_distance/references/SGB_genome_fastas_part1_redo/1887/HeQ_2017__RSZAXPI003102-140__bin.5.fa	/home/jshaw/scratch/2022_sketched_distance/references/SGB_genome_fastas_part1_redo/1887/HeQ_2017__RSZAXPI003105-143__bin.29.fa	/home/jshaw/scratch/2022_sketched_distance/references/SGB_genome_fastas_part1_redo/1887/HeQ_2017__SZAXPI029460-123__bin.30.fa	/home/jshaw/scratch/2022_sketched_distance/references/SGB_genome_fastas_part1_redo/1887/LeChatelierE_2013__MH0321__bin.36.fa	/home/jshaw/scratch/2022_sketched_distance/references/SGB_genome_fastas_part1_redo/1887/LiJ_2014__O2.UC8-0__bin.48.fa	/home/jshaw/scratch/2022_sketched_distance/references/SGB_genome_fastas_part1_redo/1887/LiJ_2014__O2.UC8-1__bin.57.fa	/home/jshaw/scratch/2022_sketched_distance/references/SGB_genome_fastas_part1_redo/1887/LiJ_2017__H1M513803__bin.32.fa	/home/jshaw/scratch/2022_sketched_distance/references/SGB_genome_fastas_part1_redo/1887/LiJ_2017__H2M514917__bin.38.fa	/home/jshaw/scratch/2022_sketched_distance/references/SGB_genome_fastas_part1_redo/1887/QinJ_2012__CON-022__bin.36.fa	/home/jshaw/scratch/2022_sketched_distance/references/SGB_genome_fastas_part1_redo/1887/QinJ_2012__CON-040__bin.45.fa	/home/jshaw/scratch/2022_sketched_distance/references/SGB_genome_fastas_part1_redo/1887/QinJ_2012__CON-074__bin.14.fa	/home/jshaw/scratch/2022_sketched_distance/references/SGB_genome_fastas_part1_redo/1887/QinJ_2012__CON-084__bin.10.fa	/home/jshaw/scratch/2022_sketched_distance/references/SGB_genome_fastas_part1_redo/1887/QinJ_2012__CON-094__bin.51.fa	/home/jshaw/scratch/2022_sketched_distance/references/SGB_genome_fastas_part1_redo/1887/QinJ_2012__CON-098__bin.12.fa	/home/jshaw/scratch/2022_sketched_distance/references/SGB_genome_fastas_part1_redo/1887/QinJ_2012__NLM032__bin.22.fa	/home/jshaw/scratch/2022_sketched_distance/references/SGB_genome_fastas_part1_redo/1887/QinJ_2012__NOM022__bin.8.fa	/home/jshaw/scratch/2022_sketched_distance/references/SGB_genome_fastas_part1_redo/1887/QinJ_2012__T2D-008__bin.19.fa	/home/jshaw/scratch/2022_sketched_distance/references/SGB_genome_fastas_part1_redo/1887/QinJ_2012__T2D-023__bin.48.fa	/home/jshaw/scratch/2022_sketched_distance/references/SGB_genome_fastas_part1_redo/1887/QinJ_2012__T2D-087__bin.26.fa	/home/jshaw/scratch/2022_sketched_distance/references/SGB_genome_fastas_part1_redo/1887/QinN_2014__HD-26__bin.35.fa	/home/jshaw/scratch/2022_sketched_distance/references/SGB_genome_fastas_part1_redo/1887/QinN_2014__HD-43__bin.29.fa	/home/jshaw/scratch/2022_sketched_distance/references/SGB_genome_fastas_part1_redo/1887/QinN_2014__HD-58__bin.4.fa	/home/jshaw/scratch/2022_sketched_distance/references/SGB_genome_fastas_part1_redo/1887/QinN_2014__HD-81__bin.7.fa	/home/jshaw/scratch/2022_sketched_distance/references/SGB_genome_fastas_part1_redo/1887/QinN_2014__LD-16__bin.6.fa	/home/jshaw/scratch/2022_sketched_distance/references/SGB_genome_fastas_part1_redo/1887/QinN_2014__LD-74__bin.17.fa	/home/jshaw/scratch/2022_sketched_distance/references/SGB_genome_fastas_part1_redo/1887/QinN_2014__LD-84__bin.67.fa	/home/jshaw/scratch/2022_sketched_distance/references/SGB_genome_fastas_part1_redo/1887/VogtmannE_2016__MMRS56137463ST-27-0-0__bin.1.fa	/home/jshaw/scratch/2022_sketched_distance/references/SGB_genome_fastas_part1_redo/1887/VogtmannE_2016__MMRS67247116ST-27-0-0__bin.90.fa	/home/jshaw/scratch/2022_sketched_distance/references/SGB_genome_fastas_part1_redo/1887/VogtmannE_2016__MMRS93621581ST-27-0-0__bin.75.fa	/home/jshaw/scratch/2022_sketched_distance/references/SGB_genome_fastas_part1_redo/1887/WenC_2017__N010__bin.15.fa	/home/jshaw/scratch/2022_sketched_distance/references/SGB_genome_fastas_part1_redo/1887/WenC_2017__N287__bin.41.fa	/home/jshaw/scratch/2022_sketched_distance/references/SGB_genome_fastas_part1_redo/1887/WenC_2017__RA068__bin.5.fa	/home/jshaw/scratch/2022_sketched_distance/references/SGB_genome_fastas_part1_redo/1887/YuJ_2015__SZAXPI003417-4__bin.21.fa	/home/jshaw/scratch/2022_sketched_distance/references/SGB_genome_fastas_part1_redo/1887/YuJ_2015__SZAXPI015210-17__bin.10.fa	/home/jshaw/scratch/2022_sketched_distance/references/SGB_genome_fastas_part1_redo/1887/YuJ_2015__SZAXPI015213-15__bin.3.fa	/home/jshaw/scratch/2022_sketched_distance/references/SGB_genome_fastas_part1_redo/1887/YuJ_2015__SZAXPI015258-57__bin.36.fa	/home/jshaw/scratch/2022_sketched_distance/references/SGB_genome_fastas_part1_redo/1887/YuJ_2015__SZAXPI017586-111__bin.46.fa
1.0	0.9849208619358447	0.982997346900056	0.9831825473426233	0.9826425176987001	0.9869114140955106	0.9875604121532202	0.9860946018202593	0.9866305354601469	0.986596221453576	0.9873507581099524	0.9882858513479937	0.9866755598943346	0.9858405395907885	0.9841179764622465	0.9869627658519268	0.988236893981149	0.9859198393781067	0.9855706888692792	0.9867674345936256	0.9856137696746273	0.9883510148653474	0.9870733902625839	0.9873932864191878	0.9883347360657903	0.9874106373570948	0.986886755710273	0.9877764148197393	0.9878095205778109	0.9862857733611711	0.9816889980985503	0.9844505961660281	0.9848538182772518	0.987974551940767	0.9848507941674965	0.9879416117667329	0.9842427962981919	0.980420873574695	0.9871933933023593	0.98392792249123	0.9856952623672629
0.9849208619358447	1.0	0.9880863069473483	0.98501866420879	0.9847897700984228	0.9916273048167179	0.991828490060411	0.9911219023254889	0.9917540351361389	0.9916943502252071	0.9926857967197682	0.9929975225194593	0.990780094032016	0.9875599940012717	0.9895941478145345	0.9910341705693612	0.9924911463247543	0.9908625607219265	0.9900483461182518	0.9912735105730275	0.9887181729090505	0.9926220992906478	0.9913641427356628	0.9922423674169446	0.9932692021827141	0.9915650714032085	0.9917092815585737	0.9924327782101376	0.9929112636158391	0.9906936598122102	0.986241114087459	0.9887926704789068	0.9889853231991815	0.9927091142114889	0.9884700446890352	0.992168839628217	0.987105116136074	0.9835032602251079	0.9907565594373479	0.9873373594399679	0.9901064825913033
0.982997346900056	0.9880863069473483	1.0	0.9735270613041328	0.9759127210055458	0.9887385087652028	0.990639337096935	0.9904923386242483	0.9912208742066358	0.9906026487853301	0.9848629406917329	0.9927692715997392	0.9850590033024076	0.9740089047428224	0.9889714481108608	0.9838365996877855	0.9918807603572455	0.990233505801018	0.9842898691168962	0.9899351899880295	0.9831127873396694	0.9920393009487737	0.9898414105355152	0.9918984135650247	0.9932471230890978	0.9899655178789428	0.9906576659780079	0.9928893827864116	0.9931112965412942	0.9899913299943441	0.9859798393931984	0.9907491580947745	0.9879897355431247	0.99261419955826	0.9857467854032559	0.9927520772165699	0.9801980592455037	0.9721191527561993	0.9817708613132964	0.9803018934894159	0.9864204656032387
0.9831825473426233	0.98501866420879	0.9735270613041328	1.0	0.9963881534141419	0.9702203059873589	0.9924399891649601	0.9894810642871635	0.9898685912865913	0.9900944400883419	0.9839239424860573	0.9935531872967398	0.9850711425725552	0.9905364290113635	0.9639495553066016	0.9823101032358535	0.992607288782747	0.9890192429896977	0.9875693414162516	0.990674515397099	0.9833763767066431	0.9926489818386697	0.9918263343047099	0.9913963888161267	0.9965737460005618	0.9763829029636399	0.9910045964651506	0.9937552898731313	0.9914828264979519	0.9896183589434974	0.969177567669818	0.9882666014368029	0.9767250824473355	0.9931452438795138	0.9875936322808033	0.9921028299729655	0.9920816429643342	0.9918263343047099	0.9813037559974553	0.9823101032358535	0.9845957897507536
0.9826425176987001	0.9847897700984228	0.9759127210055458	0.9963881534141419	1.0	0.9745537050719605	0.9927511701828663	0.9894028871799054	0.9891341539070728	0.9896030097780225	0.9841942128819158	0.9939193818051386	0.985096258214953	0.9893183889735969	0.9661670801606024	0.9824777227641585	0.992710838211822	0.9889085241546114	0.9866115043118211	0.9905427469475191	0.9826699030891118	0.9926300264923835	0.9920998831205295	0.991456476327257	0.9966984165339972	0.975274261604517	0.9914355113125228	0.9939971107382806	0.9919350376141369	0.9894251830814598	0.9707012980438564	0.9881990914045345	0.9765792391036829	0.9932710617532209	0.9875449104755223	0.9926300264923835	0.9906932268300981	0.9894251830814598	0.9823292413080289	0.9822289649613367	0.9851977884489461
0.9869114140955106	0.9916273048167179	0.9887385087652028	0.9702203059873589	0.9745537050719605	1.0	0.9993700697595547	0.992896431887075	0.9935973728702606	0.9930035937319066	0.9894847605011422	0.9963585082669714	0.9897455519723958	0.9744809124313016	0.9861827847544508	0.9876745854292068	0.9954369257961326	0.9942425877277611	0.9882479317440787	0.9945707505304471	0.9879500402244443	0.9955361916235824	0.9970853614241123	0.9959303122377253	0.99581256665042	0.9886482814565356	0.9950368655968383	0.9955758149596137	0.9962616747041607	0.9936183835999797	0.9838946191741348	0.9907914703670287	0.9892218905347517	0.9953572987640055	0.9904927047606344	0.9963198087164191	0.985410710906677	0.9760582722967384	0.9787900299488987	0.9825998415209368	0.9901912109158206
0.9875604121532202	0.991828490060411	0.990639337096935	0.9924399891649601	0.9927511701828663	0.9993700697595547	1.0	0.9922005526869628	0.9919580201915861	0.9924404729787594	0.9939984993792111	0.9952862738956747	0.9942602266763761	0.9931120741698869	0.9933587586428797	0.9949291546223558	0.9941923816352515	0.9944765833106932	0.9938055634805055	0.9943807036061989	0.9932324676799714	0.9947557254388478	0.996867666206441	0.993876581229582	0.9945411063600625	0.9948719490567313	0.9932097518991164	0.9937420618573908	0.9941318840768254	0.9934326228394688	0.9904303416880238	0.9912306609658733	0.9931538740683102	0.9930235983836715	0.9936365993630472	0.9940955324566841	0.9937239802518976	0.9908353757326457	0.9935118381719303	0.9923597623525271	0.9936067279415949
0.9860946018202593	0.9911219023254889	0.9904923386242483	0.9894810642871635	0.9894028871799054	0.992896431887075	0.9922005526869628	1.0	0.9916549696670166	0.9917510989271824	0.992867148824273	0.9933570117280156	0.9933163601324113	0.9912228321931336	0.9921577008138147	0.9938672337309372	0.9933700722479538	0.9919446224934382	0.9929451554119448	0.9927495516168723	0.992168827451278	0.9937595117507971	0.9923355535063361	0.9928435903332712	0.9936042850323289	0.9948505327742596	0.9921192868997079	0.9929495587400384	0.9931867544832143	0.9918643795714218	0.9886450708266994	0.9907519017646167	0.9913967932567445	0.9925637979597798	0.9913423109046877	0.9926706646777744	0.9907317342119848	0.9873026214563166	0.9933024664456258	0.9906324571424042	0.9924389692099855
0.9866305354601469	0.9917540351361389	0.9912208742066358	0.9898685912865913	0.9891341539070728	0.9935973728702606	0.9919580201915861	0.9916549696670166	1.0	0.997754784899073	0.9924368855858038	0.9932603878992377	0.992866510314644	0.992373801291794	0.9918710664644468	0.993376269651498	0.9932730297859967	0.9928878939024901	0.9921430706243901	0.9927899785077362	0.9925717098791167	0.9926735794383563	0.9917601503323951	0.9925058388587152	0.993799677582906	0.994201525806256	0.9909294838062634	0.9927378692918932	0.9932982990878149	0.9918643795714218	0.9887658043100024	0.9906054424044178	0.9921690754925265	0.9921808505308074	0.9914826814952673	0.9925317005196563	0.9915229393691463	0.9871409669759091	0.9927138331964851	0.9910221313901105	0.9927502908784265
0.986596221453576	0.9916943502252071	0.9906026487853301	0.9900944400883419	0.9896030097780225	0.9930035937319066	0.9924404729787594	0.9917510989271824	0.997754784899073	1.0	0.9925698711891117	0.9935385258041176	0.9933163601324113	0.9920326979980725	0.9921984465154442	0.9931991462657862	0.9934756730361793	0.9929834860794596	0.9921755301999109	0.9926279737602199	0.9922531669107281	0.993261076844345	0.9919038717037502	0.9927248565596607	0.9940741922638047	0.9936508057470056	0.9911430915302911	0.9924274881887322	0.9934253047901203	0.991697821597038	0.989500712832518	0.9908394666168746	0.991656230463689	0.9919829446627061	0.9915604083037453	0.992814832069643	0.9921595887699756	0.9872622822222691	0.9927613110297074	0.9907814471032464	0.9926572015644199
0.9873507581099524	0.9926857967197682	0.9848629406917329	0.9839239424860573	0.9841942128819158	0.9894847605011422	0.9939984993792111	0.992867148824273	0.9924368855858038	0.9925698711891117	1.0	0.9950001220518022	0.9887768692629539	0.984632600743744	0.9875492551914015	0.9891416987976686	0.9939984993792111	0.9925200642105482	0.9885153063864796	0.9928835862060355	0.9867080358362375	0.9947525390712197	0.9934053185236356	0.9939030265707631	0.9961217556625909	0.9896411080503229	0.993855186796149	0.9946747887605125	0.9945030935535448	0.9925864568670022	0.9839510822224277	0.9901616727652671	0.9867710139209117	0.9960322112045278	0.9895129549370756	0.9942359847744662	0.9844588056449367	0.980445727706162	0.9876119498983221	0.9847638757081684	0.9893487624517352
0.9882858513479937	0.9929975225194593	0.9927692715997392	0.9935531872967398	0.9939193818051386	0.9963585082669714	0.9952862738956747	0.9933570117280156	0.9932603878992377	0.9935385258041176	0.9950001220518022	1.0	0.9949508930050895	0.995951511049911	0.9967919043412135	0.9962833597142987	0.9950914925669538	0.9952496200402792	0.9956379331782647	0.9947889270786208	0.9938642535637309	0.9952132589020771	0.9947110024790962	0.992337366230797	0.9933386818233977	0.9974655081172267	0.9971208070405979	0.9932775748158562	0.9939348814186284	0.9950810456702389	0.9928063456588061	0.9925990568785915	0.9949897056527263	0.994222020848876	0.9941861585777276	0.9963170203758083	0.9942561113537921	0.9920094620080604	0.9950966366215415	0.9938153650700007	0.9947784593227056
0.9866755598943346	0.990780094032016	0.9850590033024076	0.9850711425725552	0.985096258214953	0.9897455519723958	0.9942602266763761	0.9933163601324113	0.992866510314644	0.9933163601324113	0.9887768692629539	0.9949508930050895	1.0	0.9877687425992832	0.9862096513145949	0.9897780924161735	0.994492051218306	0.9929472903192064	0.9890287236493073	0.995238243176735	0.988284070882797	0.9949812578889539	0.9933641977647826	0.9943840681736196	0.9946916627290779	0.9901388879629109	0.9934596661953767	0.994615031233797	0.9946457050894635	0.9931243154077678	0.9821344290918861	0.9914284097063194	0.9864699505023558	0.9940267691182105	0.9897653492603163	0.9940267691182105	0.9865643662950326	0.9829325952000139	0.9897586346019858	0.9862681449776992	0.9898186082776712
0.9858405395907885	0.9875599940012717	0.9740089047428224	0.9905364290113635	0.9893183889735969	0.9744809124313016	0.9931120741698869	0.9912228321931336	0.992373801291794	0.9920326979980725	0.984632600743744	0.995951511049911	0.9877687425992832	1.0	0.9658002986619252	0.9866577374264452	0.9940500063272736	0.9921467904359871	0.9909168968883918	0.9931783803876991	0.9864688667085922	0.9942857369196305	0.993089942551461	0.9930677961266346	0.9941144629697765	0.9789130001471568	0.9932225108685707	0.9933984469230974	0.9939854240545343	0.992373801291794	0.9657491845833287	0.9908458922328923	0.9784464079021996	0.9927338091811523	0.9892935635378786	0.9948992902203145	0.9930012678119906	0.9940500063272736	0.9830698535920447	0.9842005481897074	0.9880536279811124
0.9841179764622465	0.9895941478145345	0.9889714481108608	0.9639495553066016	0.9661670801606024	0.9861827847544508	0.9933587586428797	0.9921577008138147	0.9918710664644468	0.9921984465154442	0.9875492551914015	0.9967919043412135	0.9862096513145949	0.9658002986619252	1.0	0.9842218960878327	0.9940397666408777	0.9917061527957797	0.9867184172450891	0.9920964879807276	0.9847621391121745	0.9954720396036243	0.992462077080253	0.9938659830399339	0.9951569908230691	0.9883627606061689	0.9946125503705033	0.9938659830399339	0.9943273958144297	0.9923811835414182	0.9907841174332644	0.987619503424076	0.9906136742088841	0.9941551180580447	0.9882680260001458	0.9963816890128228	0.9779828452624192	0.9682892661635014	0.9761451466642472	0.9831675770052024	0.9881531510618343
0.9869627658519268	0.9910341705693612	0.9838365996877855	0.9823101032358535	0.9824777227641585	0.9876745854292068	0.9949291546223558	0.9938672337309372	0.993376269651498	0.9931991462657862	0.9891416987976686	0.9962833597142987	0.9897780924161735	0.9866577374264452	0.9842218960878327	1.0	0.9952144817516346	0.9936927236724179	0.9900136100720262	0.9939715002131835	0.9880806186203942	0.9957120906487128	0.9939888461030048	0.9949460066892515	0.9952645798127543	0.9901388879629109	0.9948954247770798	0.9945391743590134	0.9955304993272872	0.9944366814420864	0.9796380661581562	0.9920609275988984	0.9842119798925787	0.9945732683672703	0.9906527496723718	0.9958435358035762	0.9866393737143716	0.9834568729182933	0.9865410838021301	0.984652236199458	0.9904989392216805
0.988236893981149	0.9924911463247543	0.9918807603572455	0.992607288782747	0.992710838211822	0.9954369257961326	0.9941923816352515	0.9933700722479538	0.9932730297859967	0.9934756730361793	0.9939984993792111	0.9950914925669538	0.994492051218306	0.9940500063272736	0.9940397666408777	0.9952144817516346	1.0	0.9944505024400508	0.9941129790860996	0.9946873414713892	0.9940721991086137	0.9945380877148227	0.9940786783286569	0.9941319143343078	0.9946684383051966	0.996091017896734	0.9932851407343412	0.9935865604714199	0.9942518946708697	0.9940863313844003	0.9907344893378703	0.9923493695876281	0.9942982219635187	0.9931365753359043	0.9937239802518976	0.9940838003036898	0.993934629039179	0.9900659000115677	0.9945842290665459	0.9933716218456	0.9942496380479013
0.9859198393781067	0.9908625607219265	0.990233505801018	0.9890192429896977	0.9889085241546114	0.9942425877277611	0.9944765833106932	0.9919446224934382	0.9928878939024901	0.9929834860794596	0.9925200642105482	0.9952496200402792	0.9929472903192064	0.9921467904359871	0.9917061527957797	0.9936927236724179	0.9944505024400508	1.0	0.9917017188535776	0.993268617355427	0.9918804536425481	0.9944505024400508	0.993844906910931	0.9936048885055953	0.9947103923994913	0.9937616845851044	0.993268617355427	0.994201705245128	0.994903981691508	0.9924612060785358	0.9888260056026493	0.9901472451791042	0.991656230463689	0.9939377797577333	0.9919616675768329	0.9944113426180748	0.9907495240121278	0.9879018517059915	0.9926900687103647	0.9905015371943268	0.9923293108003043
0.9855706888692792	0.9900483461182518	0.9842898691168962	0.9875693414162516	0.9866115043118211	0.9882479317440787	0.9938055634805055	0.9929451554119448	0.9921430706243901	0.9921755301999109	0.9885153063864796	0.9956379331782647	0.9890287236493073	0.9909168968883918	0.9867184172450891	0.9900136100720262	0.9941129790860996	0.9917017188535776	1.0	0.9935108523230768	0.988923782738242	0.9970258871834182	0.9933703316419424	0.9940517237234124	0.9943112806291574	0.9909923385129645	0.9951076840716685	0.9933703316419424	0.99441756896412	0.9932920061546032	0.9819124713281734	0.9910032393664867	0.9855276317454095	0.9934484722916411	0.989630495399413	0.9948393469053822	0.988619157351736	0.9859865790734246	0.9924275265900663	0.9882728287859192	0.9892604832416781
0.9867674345936256	0.9912735105730275	0.9899351899880295	0.990674515397099	0.9905427469475191	0.9945707505304471	0.9943807036061989	0.9927495516168723	0.9927899785077362	0.9926279737602199	0.9928835862060355	0.9947889270786208	0.995238243176735	0.9931783803876991	0.9920964879807276	0.9939715002131835	0.9946873414713892	0.993268617355427	0.9935108523230768	1.0	0.9931505907215132	0.9946491664844885	0.9934037530342107	0.9939933734244026	0.9951796581085801	0.9946571612462901	0.9930715924330373	0.9945471510995063	0.994598198030713	0.9925195282439679	0.9885036537634437	0.9910283978047714	0.9922960535645656	0.9939803841218701	0.9926748909607782	0.9942005127362125	0.9921425422326459	0.9886068252438681	0.9941776162534262	0.9913525178651311	0.9925638496197243
0.9856137696746273	0.9887181729090505	0.9831127873396694	0.9833763767066431	0.9826699030891118	0.9879500402244443	0.9932324676799714	0.992168827451278	0.9925717098791167	0.9922531669107281	0.9867080358362375	0.9938642535637309	0.988284070882797	0.9864688667085922	0.9847621391121745	0.9880806186203942	0.9940721991086137	0.9918804536425481	0.988923782738242	0.9931505907215132	1.0	0.9941359206852467	0.9929367580054056	0.9938321457800342	0.9943421736611027	0.9891865921773682	0.9930191649125131	0.993363051103337	0.9933956166494713	0.9926383825062404	0.9809838230899366	0.9902209223289269	0.9860350210248128	0.993297823768192	0.9891651342396811	0.9932488188008922	0.9845877319995772	0.9811826981373024	0.9884334308849545	0.9848529866049892	0.988624288177383
0.9883510148653474	0.9926220992906478	0.9920393009487737	0.9926489818386697	0.9926300264923835	0.9955361916235824	0.9947557254388478	0.9937595117507971	0.9926735794383563	0.993261076844345	0.9947525390712197	0.9952132589020771	0.9949812578889539	0.9942857369196305	0.9954720396036243	0.9957120906487128	0.9945380877148227	0.9944505024400508	0.9970258871834182	0.9946491664844885	0.9941359206852467	1.0	0.9943354938550446	0.9928902904719229	0.993557307374759	0.99623516427906	0.9948897604605317	0.9929383828153789	0.9932968653180806	0.9947146921943077	0.9921783872481225	0.9925021800668286	0.9935745891750799	0.9935921558879569	0.9937821063780231	0.9951233996295539	0.993658894823466	0.9905077939024655	0.994897071174904	0.9937984074993046	0.9947784593227056
0.9870733902625839	0.9913641427356628	0.9898414105355152	0.9918263343047099	0.9920998831205295	0.9970853614241123	0.996867666206441	0.9923355535063361	0.9917601503323951	0.9919038717037502	0.9934053185236356	0.9947110024790962	0.9933641977647826	0.993089942551461	0.992462077080253	0.9939888461030048	0.9940786783286569	0.993844906910931	0.9933703316419424	0.9934037530342107	0.9929367580054056	0.9943354938550446	1.0	0.9936461789100279	0.9941032228763671	0.9937173775788792	0.9927638568803929	0.9937331316992232	0.9937331316992232	0.9929404329004713	0.9899688007827264	0.9908686033858793	0.9919136472967259	0.9926230427169502	0.9927348867410261	0.9939926289522772	0.9927842134853867	0.9907991378070076	0.9934189474671472	0.9919497791247375	0.9931812787875102
0.9873932864191878	0.9922423674169446	0.9918984135650247	0.9913963888161267	0.991456476327257	0.9959303122377253	0.993876581229582	0.9928435903332712	0.9925058388587152	0.9927248565596607	0.9939030265707631	0.992337366230797	0.9943840681736196	0.9930677961266346	0.9938659830399339	0.9949460066892515	0.9941319143343078	0.9936048885055953	0.9940517237234124	0.9939933734244026	0.9938321457800342	0.9928902904719229	0.9936461789100279	1.0	0.9919999563548941	0.9955919955294608	0.9927410213086291	0.9918942016635294	0.9929309560422301	0.9937872268183411	0.9901233659742765	0.9921258319568839	0.9932243655350089	0.9923715169534257	0.9931666336479102	0.9921128224845782	0.9932491870685694	0.9898427144104426	0.9939724236413583	0.9923951740556849	0.9941755188249809
0.9883347360657903	0.9932692021827141	0.9932471230890978	0.9965737460005618	0.9966984165339972	0.99581256665042	0.9945411063600625	0.9936042850323289	0.993799677582906	0.9940741922638047	0.9961217556625909	0.9933386818233977	0.9946916627290779	0.9941144629697765	0.9951569908230691	0.9952645798127543	0.9946684383051966	0.9947103923994913	0.9943112806291574	0.9951796581085801	0.9943421736611027	0.993557307374759	0.9941032228763671	0.9919999563548941	1.0	0.9962762342918284	0.9933478339011268	0.9944910825554594	0.9932175146659453	0.9946129127938663	0.992538678786148	0.9927782218749729	0.9949061463908211	0.9961675494689877	0.994542803048265	0.9937146296544418	0.9943200352589683	0.9905808712195582	0.9950080890804315	0.9934574201021777	0.9949528751911291
0.9874106373570948	0.9915650714032085	0.9899655178789428	0.9763829029636399	0.975274261604517	0.9886482814565356	0.9948719490567313	0.9948505327742596	0.994201525806256	0.9936508057470056	0.9896411080503229	0.9974655081172267	0.9901388879629109	0.9789130001471568	0.9883627606061689	0.9901388879629109	0.996091017896734	0.9937616845851044	0.9909923385129645	0.9946571612462901	0.9891865921773682	0.99623516427906	0.9937173775788792	0.9955919955294608	0.9962762342918284	1.0	0.9958840028167985	0.9954660587424096	0.9960290487959299	0.9952973960412521	0.9843473660995153	0.9916831515466169	0.9912321848225336	0.9958840028167985	0.9909200437319088	0.9970871479086858	0.9889825566049828	0.9811637075798391	0.9800710647154647	0.9856751063604192	0.9904339914345375
0.986886755710273	0.9917092815585737	0.9906576659780079	0.9910045964651506	0.9914355113125228	0.9950368655968383	0.9932097518991164	0.9921192868997079	0.9909294838062634	0.9911430915302911	0.993855186796149	0.9971208070405979	0.9934596661953767	0.9932225108685707	0.9946125503705033	0.9948954247770798	0.9932851407343412	0.993268617355427	0.9951076840716685	0.9930715924330373	0.9930191649125131	0.9948897604605317	0.9927638568803929	0.9927410213086291	0.9933478339011268	0.9958840028167985	1.0	0.992625994867839	0.9934229093498955	0.9936038320713716	0.9906017693282547	0.9913313301040941	0.9924045052752027	0.99279201610667	0.9927348867410261	0.9955057808190896	0.9919887266870838	0.9887614584523382	0.9937659523256434	0.992092959181371	0.9932576538835288
0.9877764148197393	0.9924327782101376	0.9928893827864116	0.9937552898731313	0.9939971107382806	0.9955758149596137	0.9937420618573908	0.9929495587400384	0.9927378692918932	0.9924274881887322	0.9946747887605125	0.9932775748158562	0.994615031233797	0.9933984469230974	0.9938659830399339	0.9945391743590134	0.9935865604714199	0.994201705245128	0.9933703316419424	0.9945471510995063	0.993363051103337	0.9929383828153789	0.9937331316992232	0.9918942016635294	0.9944910825554594	0.9954660587424096	0.992625994867839	1.0	0.9926416144087303	0.993669446822656	0.9917407914245028	0.9921398474093306	0.993206756734539	0.9946630143231063	0.993548987334709	0.9923617827876303	0.9934792475932634	0.989372837942446	0.9948525597447766	0.9928695590035348	0.9938623948882651
0.9878095205778109	0.9929112636158391	0.9931112965412942	0.9914828264979519	0.9919350376141369	0.9962616747041607	0.9941318840768254	0.9931867544832143	0.9932982990878149	0.9934253047901203	0.9945030935535448	0.9939348814186284	0.9946457050894635	0.9939854240545343	0.9943273958144297	0.9955304993272872	0.9942518946708697	0.994903981691508	0.99441756896412	0.994598198030713	0.9933956166494713	0.9932968653180806	0.9937331316992232	0.9929309560422301	0.9932175146659453	0.9960290487959299	0.9934229093498955	0.9926416144087303	1.0	0.9941509983633956	0.9912041826567222	0.9921258319568839	0.9940759245349536	0.9934941817050879	0.99391251845213	0.9931222704829907	0.9940796821752544	0.9895804086455778	0.9948525597447766	0.9924128657018375	0.9945884677304142
0.9862857733611711	0.9906936598122102	0.9899913299943441	0.9896183589434974	0.9894251830814598	0.9936183835999797	0.9934326228394688	0.9918643795714218	0.9918643795714218	0.991697821597038	0.9925864568670022	0.9950810456702389	0.9931243154077678	0.992373801291794	0.9923811835414182	0.9944366814420864	0.9940863313844003	0.9924612060785358	0.9932920061546032	0.9925195282439679	0.9926383825062404	0.9947146921943077	0.9929404329004713	0.9937872268183411	0.9946129127938663	0.9952973960412521	0.9936038320713716	0.993669446822656	0.9941509983633956	1.0	0.9876005692369532	0.9907080321198607	0.9918035711366363	0.9938915697433182	0.992190967304246	0.9943313974539867	0.9904995904308342	0.9871207042134187	0.9927850244264911	0.991661545366108	0.9924076753115463
0.9816889980985503	0.986241114087459	0.9859798393931984	0.969177567669818	0.9707012980438564	0.9838946191741348	0.9904303416880238	0.9886450708266994	0.9887658043100024	0.989500712832518	0.9839510822224277	0.9928063456588061	0.9821344290918861	0.9657491845833287	0.9907841174332644	0.9796380661581562	0.9907344893378703	0.9888260056026493	0.9819124713281734	0.9885036537634437	0.9809838230899366	0.9921783872481225	0.9899688007827264	0.9901233659742765	0.992538678786148	0.9843473660995153	0.9906017693282547	0.9917407914245028	0.9912041826567222	0.9876005692369532	1.0	0.9853619966494913	0.9860569047093944	0.9913159223069165	0.9848230068795217	0.9916856824538196	0.9766912224606353	0.9679082500806317	0.9770763544660465	0.9806768875676676	0.984958586050296
0.9844505961660281	0.9887926704789068	0.9907491580947745	0.9882666014368029	0.9881990914045345	0.9907914703670287	0.9912306609658733	0.9907519017646167	0.9906054424044178	0.9908394666168746	0.9901616727652671	0.9925990568785915	0.9914284097063194	0.9908458922328923	0.987619503424076	0.9920609275988984	0.9923493695876281	0.9901472451791042	0.9910032393664867	0.9910283978047714	0.9902209223289269	0.9925021800668286	0.9908686033858793	0.9921258319568839	0.9927782218749729	0.9916831515466169	0.9913313301040941	0.9921398474093306	0.9921258319568839	0.9907080321198607	0.9853619966494913	1.0	0.9885014461980005	0.991971268658914	0.9897575291111765	0.9920556654579048	0.9893879497047339	0.9857549824761541	0.9920661231073108	0.9881724250833012	0.9903239495431044
0.9848538182772518	0.9889853231991815	0.9879897355431247	0.9767250824473355	0.9765792391036829	0.9892218905347517	0.9931538740683102	0.9913967932567445	0.9921690754925265	0.991656230463689	0.9867710139209117	0.9949897056527263	0.9864699505023558	0.9784464079021996	0.9906136742088841	0.9842119798925787	0.9942982219635187	0.991656230463689	0.9855276317454095	0.9922960535645656	0.9860350210248128	0.9935745891750799	0.9919136472967259	0.9932243655350089	0.9949061463908211	0.9912321848225336	0.9924045052752027	0.993206756734539	0.9940759245349536	0.9918035711366363	0.9860569047093944	0.9885014461980005	1.0	0.9935920035053506	0.9879691008361485	0.9947215715211686	0.9819366685321405	0.9750596965250257	0.9815047611284436	0.9825266292398924	0.9876163178315579
0.987974551940767	0.9927091142114889	0.99261419955826	0.9931452438795138	0.9932710617532209	0.9953572987640055	0.9930235983836715	0.9925637979597798	0.9921808505308074	0.9919829446627061	0.9960322112045278	0.994222020848876	0.9940267691182105	0.9927338091811523	0.9941551180580447	0.9945732683672703	0.9931365753359043	0.9939377797577333	0.9934484722916411	0.9939803841218701	0.993297823768192	0.9935921558879569	0.9926230427169502	0.9923715169534257	0.9961675494689877	0.9958840028167985	0.99279201610667	0.9946630143231063	0.9934941817050879	0.9938915697433182	0.9913159223069165	0.991971268658914	0.9935920035053506	1.0	0.994171812663886	0.9935799249537907	0.9926165555475746	0.9881974263321143	0.9944943007336643	0.9934402782258295	0.9935765193223037
0.9848507941674965	0.9884700446890352	0.9857467854032559	0.9875936322808033	0.9875449104755223	0.9904927047606344	0.9936365993630472	0.9913423109046877	0.9914826814952673	0.9915604083037453	0.9895129549370756	0.9941861585777276	0.9897653492603163	0.9892935635378786	0.9882680260001458	0.9906527496723718	0.9937239802518976	0.9919616675768329	0.989630495399413	0.9926748909607782	0.9891651342396811	0.9937821063780231	0.9927348867410261	0.9931666336479102	0.994542803048265	0.9909200437319088	0.9927348867410261	0.993548987334709	0.99391251845213	0.992190967304246	0.9848230068795217	0.9897575291111765	0.9879691008361485	0.994171812663886	1.0	0.9935636054435639	0.9878708377645954	0.9848553742412169	0.9902997245209095	0.988492645672736	0.9895308532469917
0.9879416117667329	0.992168839628217	0.9927520772165699	0.9921028299729655	0.9926300264923835	0.9963198087164191	0.9940955324566841	0.9926706646777744	0.9925317005196563	0.992814832069643	0.9942359847744662	0.9963170203758083	0.9940267691182105	0.9948992902203145	0.9963816890128228	0.9958435358035762	0.9940838003036898	0.9944113426180748	0.9948393469053822	0.9942005127362125	0.9932488188008922	0.9951233996295539	0.9939926289522772	0.9921128224845782	0.9937146296544418	0.9970871479086858	0.9955057808190896	0.9923617827876303	0.9931222704829907	0.9943313974539867	0.9916856824538196	0.9920556654579048	0.9947215715211686	0.9935799249537907	0.9935636054435639	1.0	0.9931170026033813	0.989655566210298	0.9947856803749404	0.9931128849953157	0.9941161038571544
0.9842427962981919	0.987105116136074	0.9801980592455037	0.9920816429643342	0.9906932268300981	0.985410710906677	0.9937239802518976	0.9907317342119848	0.9915229393691463	0.9921595887699756	0.9844588056449367	0.9942561113537921	0.9865643662950326	0.9930012678119906	0.9779828452624192	0.9866393737143716	0.993934629039179	0.9907495240121278	0.988619157351736	0.9921425422326459	0.9845877319995772	0.993658894823466	0.9927842134853867	0.9932491870685694	0.9943200352589683	0.9889825566049828	0.9919887266870838	0.9934792475932634	0.9940796821752544	0.9904995904308342	0.9766912224606353	0.9893879497047339	0.9819366685321405	0.9926165555475746	0.9878708377645954	0.9931170026033813	1.0	0.9883344586741266	0.988890002319514	0.9843598553657669	0.9867656819813472
0.980420873574695	0.9835032602251079	0.9721191527561993	0.9918263343047099	0.9894251830814598	0.9760582722967384	0.9908353757326457	0.9873026214563166	0.9871409669759091	0.9872622822222691	0.980445727706162	0.9920094620080604	0.9829325952000139	0.9940500063272736	0.9682892661635014	0.9834568729182933	0.9900659000115677	0.9879018517059915	0.9859865790734246	0.9886068252438681	0.9811826981373024	0.9905077939024655	0.9907991378070076	0.9898427144104426	0.9905808712195582	0.9811637075798391	0.9887614584523382	0.989372837942446	0.9895804086455778	0.9871207042134187	0.9679082500806317	0.9857549824761541	0.9750596965250257	0.9881974263321143	0.9848553742412169	0.989655566210298	0.9883344586741266	1.0	0.9853451711229573	0.9801224538249206	0.9834353027221096
0.9871933933023593	0.9907565594373479	0.9817708613132964	0.9813037559974553	0.9823292413080289	0.9787900299488987	0.9935118381719303	0.9933024664456258	0.9927138331964851	0.9927613110297074	0.9876119498983221	0.9950966366215415	0.9897586346019858	0.9830698535920447	0.9761451466642472	0.9865410838021301	0.9945842290665459	0.9926900687103647	0.9924275265900663	0.9941776162534262	0.9884334308849545	0.994897071174904	0.9934189474671472	0.9939724236413583	0.9950080890804315	0.9800710647154647	0.9937659523256434	0.9948525597447766	0.9948525597447766	0.9927850244264911	0.9770763544660465	0.9920661231073108	0.9815047611284436	0.9944943007336643	0.9902997245209095	0.9947856803749404	0.988890002319514	0.9853451711229573	1.0	0.9863687668113228	0.9897586346019858
0.98392792249123	0.9873373594399679	0.9803018934894159	0.9823101032358535	0.9822289649613367	0.9825998415209368	0.9923597623525271	0.9906324571424042	0.9910221313901105	0.9907814471032464	0.9847638757081684	0.9938153650700007	0.9862681449776992	0.9842005481897074	0.9831675770052024	0.984652236199458	0.9933716218456	0.9905015371943268	0.9882728287859192	0.9913525178651311	0.9848529866049892	0.9937984074993046	0.9919497791247375	0.9923951740556849	0.9934574201021777	0.9856751063604192	0.992092959181371	0.9928695590035348	0.9924128657018375	0.991661545366108	0.9806768875676676	0.9881724250833012	0.9825266292398924	0.9934402782258295	0.988492645672736	0.9931128849953157	0.9843598553657669	0.9801224538249206	0.9863687668113228	1.0	0.9872547439339441
0.9856952623672629	0.9901064825913033	0.9864204656032387	0.9845957897507536	0.9851977884489461	0.9901912109158206	0.9936067279415949	0.9924389692099855	0.9927502908784265	0.9926572015644199	0.9893487624517352	0.9947784593227056	0.9898186082776712	0.9880536279811124	0.9881531510618343	0.9904989392216805	0.9942496380479013	0.9923293108003043	0.9892604832416781	0.9925638496197243	0.988624288177383	0.9947784593227056	0.9931812787875102	0.9941755188249809	0.9949528751911291	0.9904339914345375	0.9932576538835288	0.9938623948882651	0.9945884677304142	0.9924076753115463	0.984958586050296	0.9903239495431044	0.9876163178315579	0.9935765193223037	0.9895308532469917	0.9941161038571544	0.9867656819813472	0.9834353027221096	0.9897586346019858	0.9872547439339441	1.0
