/home/jshaw/scratch/2022_sketched_distance/references/SGB_genome_fastas_part5/15097/BackhedF_2015__SID105_M__bin.46.fa	/home/jshaw/scratch/2022_sketched_distance/references/SGB_genome_fastas_part5/15097/Bengtsson-PalmeJ_2015__TRAVELRES18__bin.2.fa	/home/jshaw/scratch/2022_sketched_distance/references/SGB_genome_fastas_part5/15097/Bengtsson-PalmeJ_2015__TRAVELRES63__bin.107.fa	/home/jshaw/scratch/2022_sketched_distance/references/SGB_genome_fastas_part5/15097/Bengtsson-PalmeJ_2015__TRAVELRES6__bin.52.fa	/home/jshaw/scratch/2022_sketched_distance/references/SGB_genome_fastas_part5/15097/Bengtsson-PalmeJ_2015__TRAVELRES9__bin.81.fa	/home/jshaw/scratch/2022_sketched_distance/references/SGB_genome_fastas_part5/15097/BritoIL_2016__WL.11.ST__bin.9.fa	/home/jshaw/scratch/2022_sketched_distance/references/SGB_genome_fastas_part5/15097/CosteaPI_2017__SID713B061-11-0-0__bin.34.fa	/home/jshaw/scratch/2022_sketched_distance/references/SGB_genome_fastas_part5/15097/FengQ_2015__SID530623__bin.65.fa	/home/jshaw/scratch/2022_sketched_distance/references/SGB_genome_fastas_part5/15097/HMP_2012__SRS011134__bin.14.fa	/home/jshaw/scratch/2022_sketched_distance/references/SGB_genome_fastas_part5/15097/HMP_2012__SRS042628__bin.32.fa	/home/jshaw/scratch/2022_sketched_distance/references/SGB_genome_fastas_part5/15097/KarlssonFH_2013__S195__bin.33.fa	/home/jshaw/scratch/2022_sketched_distance/references/SGB_genome_fastas_part5/15097/KarlssonFH_2013__S424__bin.7.fa	/home/jshaw/scratch/2022_sketched_distance/references/SGB_genome_fastas_part5/15097/KarlssonFH_2013__S488__bin.33.fa	/home/jshaw/scratch/2022_sketched_distance/references/SGB_genome_fastas_part5/15097/LeChatelierE_2013__MH0197__bin.43.fa	/home/jshaw/scratch/2022_sketched_distance/references/SGB_genome_fastas_part5/15097/LiJ_2014__MH0339__bin.38.fa	/home/jshaw/scratch/2022_sketched_distance/references/SGB_genome_fastas_part5/15097/LiJ_2014__MH0399__bin.56.fa	/home/jshaw/scratch/2022_sketched_distance/references/SGB_genome_fastas_part5/15097/LiJ_2014__V1.FI28__bin.87.fa	/home/jshaw/scratch/2022_sketched_distance/references/SGB_genome_fastas_part5/15097/LiJ_2017__H1M513729__bin.13.fa	/home/jshaw/scratch/2022_sketched_distance/references/SGB_genome_fastas_part5/15097/LiJ_2017__H3M517925__bin.17.fa	/home/jshaw/scratch/2022_sketched_distance/references/SGB_genome_fastas_part5/15097/LiuW_2016__SRR3993016__bin.24.fa	/home/jshaw/scratch/2022_sketched_distance/references/SGB_genome_fastas_part5/15097/LouisS_2016__AS50_6__bin.20.fa	/home/jshaw/scratch/2022_sketched_distance/references/SGB_genome_fastas_part5/15097/NielsenHB_2014__O2_UC44_2__bin.7.fa	/home/jshaw/scratch/2022_sketched_distance/references/SGB_genome_fastas_part5/15097/QinJ_2012__NOF008__bin.29.fa	/home/jshaw/scratch/2022_sketched_distance/references/SGB_genome_fastas_part5/15097/RaymondF_2016__P13E0__bin.35.fa	/home/jshaw/scratch/2022_sketched_distance/references/SGB_genome_fastas_part5/15097/RaymondF_2016__P13E90__bin.36.fa	/home/jshaw/scratch/2022_sketched_distance/references/SGB_genome_fastas_part5/15097/RaymondF_2016__P1E0__bin.6.fa	/home/jshaw/scratch/2022_sketched_distance/references/SGB_genome_fastas_part5/15097/VincentC_2016__MM037.1__bin.8.fa	/home/jshaw/scratch/2022_sketched_distance/references/SGB_genome_fastas_part5/15097/VincentC_2016__MM050.3__bin.10.fa	/home/jshaw/scratch/2022_sketched_distance/references/SGB_genome_fastas_part5/15097/VincentC_2016__MM050.4__bin.29.fa	/home/jshaw/scratch/2022_sketched_distance/references/SGB_genome_fastas_part5/15097/XieH_2016__YSZC12003_35549__bin.24.fa	/home/jshaw/scratch/2022_sketched_distance/references/SGB_genome_fastas_part5/15097/XieH_2016__YSZC12003_35733__bin.124.fa	/home/jshaw/scratch/2022_sketched_distance/references/SGB_genome_fastas_part5/15097/XieH_2016__YSZC12003_35837__bin.36.fa	/home/jshaw/scratch/2022_sketched_distance/references/SGB_genome_fastas_part5/15097/XieH_2016__YSZC12003_35999__bin.12.fa	/home/jshaw/scratch/2022_sketched_distance/references/SGB_genome_fastas_part5/15097/XieH_2016__YSZC12003_36011__bin.52.fa	/home/jshaw/scratch/2022_sketched_distance/references/SGB_genome_fastas_part5/15097/XieH_2016__YSZC12003_36453__bin.3.fa	/home/jshaw/scratch/2022_sketched_distance/references/SGB_genome_fastas_part5/15097/XieH_2016__YSZC12003_37265R1__bin.27.fa	/home/jshaw/scratch/2022_sketched_distance/references/SGB_genome_fastas_part5/15097/XieH_2016__YSZC12003_37314__bin.79.fa	/home/jshaw/scratch/2022_sketched_distance/references/SGB_genome_fastas_part5/15097/XieH_2016__YSZC12003_37330__bin.31.fa	/home/jshaw/scratch/2022_sketched_distance/references/SGB_genome_fastas_part5/15097/XieH_2016__YSZC12003_37584__bin.36.fa	/home/jshaw/scratch/2022_sketched_distance/references/SGB_genome_fastas_part5/15097/YuJ_2015__SZAXPI015264-87__bin.26.fa	/home/jshaw/scratch/2022_sketched_distance/references/SGB_genome_fastas_part5/15097/ZeeviD_2015__PNP_Main_527__bin.29.fa	/home/jshaw/scratch/2022_sketched_distance/references/SGB_genome_fastas_part5/15097/ZeeviD_2015__PNP_Main_58__bin.47.fa	/home/jshaw/scratch/2022_sketched_distance/references/SGB_genome_fastas_part5/15097/ZeeviD_2015__PNP_Main_632__bin.39.fa	/home/jshaw/scratch/2022_sketched_distance/references/SGB_genome_fastas_part5/15097/ZeeviD_2015__PNP_Main_701__bin.12.fa	/home/jshaw/scratch/2022_sketched_distance/references/SGB_genome_fastas_part5/15097/ZeeviD_2015__PNP_Main_750__bin.36.fa	/home/jshaw/scratch/2022_sketched_distance/references/SGB_genome_fastas_part5/15097/ZeeviD_2015__PNP_Validation_13__bin.40.fa	/home/jshaw/scratch/2022_sketched_distance/references/SGB_genome_fastas_part5/15097/ZellerG_2014__CCIS20795251ST-4-0__bin.46.fa	/home/jshaw/scratch/2022_sketched_distance/references/SGB_genome_fastas_part5/15097/ZellerG_2014__CCMD72895164ST-21-0__bin.36.fa	/home/jshaw/scratch/2022_sketched_distance/references/SGB_genome_fastas_part5/15097/ZellerG_2014__CCMD87156761ST-21-0__bin.36.fa
1.0	0.9747462144140263	0.9724203687606764	0.974725683081232	0.9735459195244188	0.973497341231314	0.9714035323645983	0.976261333962417	0.977762415586657	0.9743209696223885	0.9753366244112639	0.9744086128330696	0.9743149630276744	0.9723881220099064	0.9751193830359058	0.9750727670261776	0.9720630946668241	0.9728942157280631	0.968034476335318	0.972894524873493	0.9760549199221884	0.9751442684664072	0.9700357475296356	0.972863619380387	0.9724059751485477	0.9735159663623695	0.9793988581958426	0.9722980496619998	0.9755780504493007	0.974748592711027	0.9728334676483643	0.9748965420605402	0.9766835991080532	0.9731008808017123	0.9762837693034796	0.9740053117494094	0.973811586285971	0.975028019378885	0.9735327317824067	0.9752495999849702	0.9717287964554222	0.9727504988930608	0.9755712491806623	0.9756311580467182	0.9762555610070948	0.9746319533711472	0.9736521210937578	0.9726632608698688	0.9665552252945339
0.9747462144140263	1.0	0.9852949489321231	0.985086611978772	0.9848753410916716	0.9837671748124919	0.979754756924239	0.9845586965617771	0.9864301903713734	0.9850249084517586	0.9838186835348157	0.9835669300413254	0.9861673521105042	0.9844926493074714	0.9812003822058082	0.9839739800810325	0.98409867916097	0.9854437648925222	0.9808049235673103	0.9859211942051592	0.9850834695504894	0.9852634940067475	0.9811911848354868	0.9849529480826333	0.984497434332538	0.9928495646071271	0.9849473390111604	0.9804586048003143	0.9853734042263249	0.9840290619437486	0.9854248114211985	0.9840767274313504	0.9852307659414257	0.984944534858687	0.9867537643094144	0.9837023710110028	0.984407135246692	0.9841670413264535	0.9852126872930745	0.9862456258369938	0.983961477130001	0.9783566174032433	0.9853760725924894	0.9848732650215956	0.9864230595458228	0.9931043945904382	0.9836257951380948	0.9838076616437609	0.9807570632265992
0.9724203687606764	0.9852949489321231	1.0	0.9846756364019844	0.9853654663805984	0.9845245015997022	0.9803254380670338	0.9836686530934498	0.9849585793885717	0.9843970504333123	0.9830000861792626	0.9831367254756468	0.9853616331338395	0.9839899696045448	0.9792652520181246	0.9838359444125928	0.983960604907974	0.9850480461542646	0.9807704800084813	0.9849245673590055	0.9846952432620353	0.9842795275304929	0.9810291262089552	0.9848303932090661	0.9845146163712335	0.984213754156621	0.9849547682943208	0.980037626700945	0.9855069463585027	0.9846559641295914	0.9849563809313334	0.983609688739486	0.9850154365442476	0.9857303933236582	0.9856853007640435	0.9834225312812799	0.9838747381071349	0.9836540634585799	0.9844332614544768	0.985999633978466	0.9843964986013046	0.977174227880366	0.9847484849117277	0.984492762803346	0.9858417888969222	0.9861610171629228	0.9829147326726495	0.9833942359682253	0.9807867737246211
0.974725683081232	0.985086611978772	0.9846756364019844	1.0	0.9873386209450328	0.984665236895129	0.98126650593738	0.9921177280542085	0.9879414987226075	0.987601374411304	0.9896091864064716	0.9901060541539913	0.987587547442258	0.9857446507530447	0.9788453941860495	0.9890024627148885	0.986266524558802	0.986871313216604	0.9834520602694815	0.9869896783701705	0.9890211749773271	0.9850042477264784	0.9819255163976547	0.9885487795146486	0.9882664268255348	0.9872577322119737	0.988779391141378	0.9819813263650307	0.9889932272975436	0.9875015484651036	0.986772249183276	0.9902198878982401	0.9904027210483709	0.9886050300780218	0.9888596926192339	0.9896645726072405	0.9949146667985964	0.9889246663292918	0.9880058619871013	0.9865211449625998	0.9866289214858859	0.9798713460247229	0.9900570315059078	0.9882581776298246	0.9898223136362374	0.9889767424870588	0.9869607081548849	0.9862920524629355	0.9790604289571868
0.9735459195244188	0.9848753410916716	0.9853654663805984	0.9873386209450328	1.0	0.9853342950573453	0.9826067563270068	0.9848310643470458	0.9867418939766562	0.9877440052243358	0.9859405116637984	0.9861981963770934	0.9879866289619991	0.9857038230571497	0.9790585754056826	0.9866662152331646	0.9863187452058648	0.9877013074899792	0.984198730606474	0.9870471303650581	0.9864193299255261	0.9844539942191853	0.9825566409047845	0.9877330486924073	0.9876131628546583	0.9865323990665574	0.9872767979676048	0.9814659015936913	0.9874030580461999	0.9848010963311781	0.9861819260613164	0.9864602509800579	0.986989762009212	0.9876181408068657	0.9870225363929882	0.9858715057391971	0.9864881880882729	0.9855058967409349	0.9873577822893177	0.9869639233727969	0.986332910838677	0.980408586975227	0.9875159416084697	0.9863190404929313	0.9879669443798262	0.9881772193341517	0.9853901918088391	0.9864778230049648	0.979694278079649
0.973497341231314	0.9837671748124919	0.9845245015997022	0.984665236895129	0.9853342950573453	1.0	0.9813941177992986	0.9836943519713371	0.9854673516512368	0.9850095901011156	0.984020621235939	0.9834616296747601	0.9866444424030891	0.9837973455072306	0.9788148842282581	0.9844897446180619	0.984145008135065	0.9847522473351411	0.9811789656304589	0.9861321177046158	0.9842366762975225	0.9842124973199327	0.9805121220859964	0.9853658687221607	0.9850657162246704	0.985015345570779	0.9856586342877826	0.9810428645735867	0.9851048117513689	0.9837912806136413	0.9845821688537124	0.9837388791361175	0.984622268025357	0.9854478318610579	0.9855201580825166	0.9834609866194393	0.9841290438881196	0.9835053700055706	0.984893044658648	0.9858264644545879	0.9846364606530625	0.9796340561055219	0.98496150872227	0.9847361176562307	0.9857515909964173	0.9861440026432511	0.9829592945663369	0.9845365972846254	0.9802775565860157
0.9714035323645983	0.979754756924239	0.9803254380670338	0.98126650593738	0.9826067563270068	0.9813941177992986	1.0	0.9806952991789691	0.9818882301064464	0.9812318935881494	0.9798002867157078	0.9798306821371908	0.981958537701077	0.9797083428634187	0.9758058860130062	0.9803481279667898	0.9804027287079041	0.9811733928986085	0.9775969207136038	0.9816677946045987	0.9816173684160738	0.9810820203993186	0.976245605355142	0.9820489767716376	0.9815590086858252	0.9808445628797998	0.9811064470375783	0.9771465533369547	0.9816383398764328	0.9797296576235969	0.9812939924871015	0.9803458448838128	0.9815275080009854	0.9815952638854843	0.9816536700517668	0.9798247111515979	0.9806198806835723	0.979895730063146	0.9814505912406496	0.9813493046992414	0.980017911476804	0.9781756122153702	0.9815679670501001	0.9813521797938458	0.9820451223493679	0.9820779535858647	0.979450866395017	0.9805781134628959	0.9749984605155692
0.976261333962417	0.9845586965617771	0.9836686530934498	0.9921177280542085	0.9848310643470458	0.9836943519713371	0.9806952991789691	1.0	0.9869776803343179	0.9853640494663242	0.9868236122827331	0.9868821269105319	0.9859133886379108	0.9836401691683108	0.9807307269626009	0.9862306140368552	0.983886448591892	0.9848125946707413	0.9810827979392646	0.9846705629261628	0.9865427301690162	0.9846729207439715	0.9805056131296674	0.9855666646965966	0.9853348279322574	0.9850083920228726	0.986833484593814	0.9806610648494929	0.9864916052934596	0.9852374311263526	0.9848745716320316	0.9868334311272274	0.9879330911391272	0.9860281797350593	0.9865359354796281	0.9866275233389903	0.9910123943543153	0.9870380438768407	0.9856818451850472	0.9851307950992307	0.9840486311708863	0.9796107389007039	0.9873041194929975	0.9867476641886421	0.9880957866373775	0.9866867179531398	0.9854518044221815	0.983677621165516	0.9774913222135524
0.977762415586657	0.9864301903713734	0.9849585793885717	0.9879414987226075	0.9867418939766562	0.9854673516512368	0.9818882301064464	0.9869776803343179	1.0	0.9875962291735386	0.9884431546545948	0.9885084192562064	0.987744462285972	0.9859674409200216	0.9822865378262284	0.9894082560894607	0.9866708313575974	0.9866014468626886	0.9825509817575528	0.9872454821110377	0.9912891784273518	0.9872757504949077	0.9827813645659117	0.987039116742593	0.9866781105171651	0.9872258874684804	0.9892314403678383	0.9871585717892258	0.9916561778147865	0.9877322352180594	0.9861441100232894	0.9878914077623993	0.9897997549260142	0.9869970948295023	0.9897135552486196	0.9881405045383491	0.9874114309203661	0.9887732980234086	0.9872921740197933	0.987677936150511	0.9857168219946641	0.9814903404868754	0.9921202121543141	0.9913711474136229	0.99261711800818	0.9881250587688518	0.9902059639003175	0.9853312044372289	0.9812701458751948
0.9743209696223885	0.9850249084517586	0.9843970504333123	0.987601374411304	0.9877440052243358	0.9850095901011156	0.9812318935881494	0.9853640494663242	0.9875962291735386	1.0	0.987216884306034	0.987600564566094	0.9875629068342859	0.9865726569300008	0.9788411935454406	0.9868013186725854	0.9870902964737648	0.987558624741626	0.9841581710282173	0.9874153171352946	0.9863697761307888	0.9850752131721431	0.982321157732672	0.987197465359504	0.9874094543985542	0.9869279359134268	0.9876207441148712	0.9809941004038262	0.987658788253384	0.9848716977110326	0.9863557401706946	0.9874368755584242	0.9875505884684105	0.9872758869594063	0.98678293368544	0.9863534470941455	0.9875899007143563	0.9864544302890773	0.9918608205900462	0.986948770284874	0.9863560635836479	0.9797418830223217	0.9886843416432843	0.9872725114993092	0.9881541987220879	0.9880887070152636	0.9852718420590767	0.9857918196156051	0.9793007395044107
0.9753366244112639	0.9838186835348157	0.9830000861792626	0.9896091864064716	0.9859405116637984	0.984020621235939	0.9798002867157078	0.9868236122827331	0.9884431546545948	0.987216884306034	1.0	0.9959378095602639	0.9866957662309834	0.985570335422357	0.9777613110543343	0.9939867846538023	0.9855266794711933	0.9861061929245252	0.982556790478663	0.9860983660429722	0.9890475807718033	0.9838674220230181	0.9810204308628235	0.9870632221338007	0.9869264385470398	0.9862190191355519	0.9881659540960908	0.9834913304652465	0.9902813472634022	0.9918703175802244	0.9857381826130507	0.9907581437748599	0.9940645966011171	0.986762713638926	0.9895167676884127	0.9927743041805156	0.9899019602607233	0.9938809749110648	0.987236093861419	0.9860863886048808	0.9863941383373928	0.9782106603824869	0.9928899159382757	0.9913345044302528	0.9917787054992141	0.9883194223654015	0.9892209910018447	0.9843568560591189	0.9777145591413052
0.9744086128330696	0.9835669300413254	0.9831367254756468	0.9901060541539913	0.9861981963770934	0.9834616296747601	0.9798306821371908	0.9868821269105319	0.9885084192562064	0.987600564566094	0.9959378095602639	1.0	0.986664182321092	0.9854734868114381	0.977283102231749	0.9934651648869794	0.9859790297662918	0.9864633812854915	0.982664315375868	0.9860806684025992	0.9894960970131382	0.9837728603341749	0.9810702804973455	0.9873003013711112	0.9871670819314133	0.9860629851479532	0.9883949767161732	0.983513414549728	0.9909064097189927	0.9918897362656094	0.9857523314021419	0.991583435280536	0.9950174889083676	0.9872699649371712	0.9897036448252988	0.9939696908639853	0.9903278603190917	0.9950828259241904	0.9872164502539024	0.9859975516683378	0.98622607399173	0.9783230212898085	0.9936105772735895	0.9909102506769129	0.9921240034164118	0.9882128726487057	0.9895223842403393	0.9847080501069944	0.9777700493902944
0.9743149630276744	0.9861673521105042	0.9853616331338395	0.987587547442258	0.9879866289619991	0.9866444424030891	0.981958537701077	0.9859133886379108	0.987744462285972	0.9875629068342859	0.9866957662309834	0.986664182321092	1.0	0.9862883085199424	0.9812302993170718	0.9872520625939929	0.986702702728611	0.9879009367318489	0.9833633725927514	0.9885400851252846	0.9875999954737574	0.9857665229270018	0.983565097589344	0.9877663064311208	0.987403319406603	0.9875831219665531	0.9881626111011997	0.9820686311575583	0.9878523599916949	0.9858786405034535	0.9869543352410372	0.9869194817964159	0.9875564856265187	0.9878374300824054	0.9879973173844279	0.9866426471876968	0.9867171157785604	0.986465305554682	0.9870972007570995	0.9886654201763636	0.9867809889137888	0.9798877498221319	0.9879185567344883	0.9875842559961426	0.9891077290742513	0.9890264309952442	0.9865086663240359	0.9857135041702687	0.9815536066296392
0.9723881220099064	0.9844926493074714	0.9839899696045448	0.9857446507530447	0.9857038230571497	0.9837973455072306	0.9797083428634187	0.9836401691683108	0.9859674409200216	0.9865726569300008	0.985570335422357	0.9854734868114381	0.9862883085199424	1.0	0.9784059695429003	0.9855038623711659	0.9875298613780464	0.9858603948415205	0.9820880552124859	0.9862431450270339	0.9854591492932444	0.9845999395328071	0.9818232793704962	0.9862788790059336	0.9858056370218562	0.9856263299814139	0.9858568960967331	0.9803719052508048	0.9862230267873009	0.9841449460957931	0.985484318321558	0.985173566191486	0.9860001698190914	0.9863907618408252	0.9858652498543917	0.9851757022517724	0.9852731682347308	0.9846071907835231	0.9861950566469312	0.9860775227658648	0.9850344646872023	0.9781933668020647	0.9866901139611026	0.9864439999169804	0.9876612187763012	0.9872959549147874	0.9849018741444204	0.9842475845922924	0.9787252891784346
0.9751193830359058	0.9812003822058082	0.9792652520181246	0.9788453941860495	0.9790585754056826	0.9788148842282581	0.9758058860130062	0.9807307269626009	0.9822865378262284	0.9788411935454406	0.9777613110543343	0.977283102231749	0.9812302993170718	0.9784059695429003	1.0	0.9784287651652142	0.9780336698484252	0.9790916561947506	0.9743159188722643	0.9796542104688476	0.9794794977855266	0.9811087394726953	0.9760059456705624	0.9786533742872242	0.9782633297569326	0.9796507318462264	0.9793135136867401	0.9746795352990076	0.9800828245777813	0.9779950045724797	0.9798343746396404	0.9777988480609413	0.979197798873739	0.9788090328579355	0.9800292894603264	0.9776992041989352	0.9782349467441426	0.9785458676770498	0.9791740165971908	0.9810947959777897	0.9778532322219881	0.9759748806025426	0.9793068266110674	0.9790934613103753	0.9805779107920467	0.9806371477024924	0.9778030399082985	0.977687802272892	0.9739292043252611
0.9750727670261776	0.9839739800810325	0.9838359444125928	0.9890024627148885	0.9866662152331646	0.9844897446180619	0.9803481279667898	0.9862306140368552	0.9894082560894607	0.9868013186725854	0.9939867846538023	0.9934651648869794	0.9872520625939929	0.9855038623711659	0.9784287651652142	1.0	0.9857589772270451	0.9861775139449912	0.9821172373808139	0.9867423021348191	0.9897945142697621	0.9844296667068348	0.9812967430976516	0.9870133594636366	0.9870056455892898	0.9866714539261779	0.9890653376487557	0.9843176783392779	0.99048913614396	0.9915706026180916	0.9859892386591689	0.9896264974284011	0.9937064323411833	0.9868321514628138	0.9906155692688723	0.9920817637264904	0.9883452779482185	0.9923847004489758	0.986667502708886	0.9864744138748432	0.9858855580798879	0.9796178004805126	0.9913945201488875	0.9892509621185269	0.9913836583023086	0.9882910861428246	0.9887002370783506	0.9851824061285601	0.9788645692913217
0.9720630946668241	0.98409867916097	0.983960604907974	0.986266524558802	0.9863187452058648	0.984145008135065	0.9804027287079041	0.983886448591892	0.9866708313575974	0.9870902964737648	0.9855266794711933	0.9859790297662918	0.986702702728611	0.9875298613780464	0.9780336698484252	0.9857589772270451	1.0	0.9865069391243951	0.9824862966768136	0.9869057638422059	0.9859736623064085	0.9846283537610493	0.9808574038445843	0.9867006471152987	0.9867164490916931	0.9870932174275737	0.986229984626944	0.979854589966666	0.9862538298290401	0.9832945606386158	0.9858403649805519	0.9858278354470368	0.9859558537747327	0.9865382164554382	0.9856063312189045	0.9853191056423357	0.9856557897524569	0.9848792607966642	0.9870135197129345	0.9860313474525513	0.9859109498036346	0.9785071837969325	0.9871360002330276	0.9861774708772133	0.9874587253246927	0.9876786628001937	0.9842504568637986	0.9850372070414257	0.9775632397853726
0.9728942157280631	0.9854437648925222	0.9850480461542646	0.986871313216604	0.9877013074899792	0.9847522473351411	0.9811733928986085	0.9848125946707413	0.9866014468626886	0.987558624741626	0.9861061929245252	0.9864633812854915	0.9879009367318489	0.9858603948415205	0.9790916561947506	0.9861775139449912	0.9865069391243951	1.0	0.985548086068938	0.9871028684430811	0.9864651126219017	0.9850941553868209	0.984899001036259	0.9873307393496239	0.9869240012213784	0.987137814598392	0.9866799148518766	0.980761220643222	0.9874021308688381	0.9849163500430926	0.9870450071058026	0.9863679527187839	0.9871838143071803	0.9873442984117978	0.9871538597387522	0.9860377591593981	0.9862804849566572	0.9854988024724365	0.9870825355854541	0.9923778717410954	0.986659627937535	0.9801272045960503	0.9876677298475666	0.9866557387679804	0.9878625131650637	0.9884717166777517	0.9852173482535682	0.9849809297022832	0.9794356928196256
0.968034476335318	0.9808049235673103	0.9807704800084813	0.9834520602694815	0.984198730606474	0.9811789656304589	0.9775969207136038	0.9810827979392646	0.9825509817575528	0.9841581710282173	0.982556790478663	0.982664315375868	0.9833633725927514	0.9820880552124859	0.9743159188722643	0.9821172373808139	0.9824862966768136	0.985548086068938	1.0	0.9840009169593423	0.9825616580911808	0.9806503059193148	0.9806300827460307	0.9836193323364766	0.9835936616178504	0.983131205202604	0.9832773062554944	0.9777578163677347	0.9833423470565807	0.9808599629960367	0.9827844733325295	0.9821817644313544	0.9828436793775834	0.9833962612525556	0.9829354987074077	0.9819823744887046	0.9829740977708302	0.9817249498178494	0.9839219418273691	0.9848776693251301	0.9834251420681861	0.9754394120212393	0.983791344945995	0.9823728520558064	0.9842773780675809	0.9846332316548503	0.9810210942179692	0.9824754555691159	0.9757073725230787
0.972894524873493	0.9859211942051592	0.9849245673590055	0.9869896783701705	0.9870471303650581	0.9861321177046158	0.9816677946045987	0.9846705629261628	0.9872454821110377	0.9874153171352946	0.9860983660429722	0.9860806684025992	0.9885400851252846	0.9862431450270339	0.9796542104688476	0.9867423021348191	0.9869057638422059	0.9871028684430811	0.9840009169593423	1.0	0.9864316530469963	0.9858058190619226	0.982998164988054	0.9875030786839426	0.9873768114189589	0.9876526072590838	0.9882828382098439	0.9810686912359469	0.986979855003988	0.9854947708658746	0.9869802053310728	0.9863071442312985	0.9867289321021864	0.9872804373976594	0.9878590891398897	0.9863605578002264	0.9859432122218644	0.985395461984356	0.987244601200771	0.9877102682580654	0.9864569048257664	0.9813894046370077	0.9872944779563648	0.9866374324838445	0.9881546042947607	0.9885626697616209	0.9856823243934492	0.9864122004147833	0.9806862615899086
0.9760549199221884	0.9850834695504894	0.9846952432620353	0.9890211749773271	0.9864193299255261	0.9842366762975225	0.9816173684160738	0.9865427301690162	0.9912891784273518	0.9863697761307888	0.9890475807718033	0.9894960970131382	0.9875999954737574	0.9854591492932444	0.9794794977855266	0.9897945142697621	0.9859736623064085	0.9864651126219017	0.9825616580911808	0.9864316530469963	1.0	0.9850228614134025	0.9820940483316786	0.9875118449280257	0.9872709418553852	0.9863467899270452	0.9888375205028246	0.9858372422229695	0.9915246766733463	0.9885387200124287	0.9857453398541436	0.9892707291514014	0.991080815497878	0.9878354875417671	0.989782083645137	0.9893062842633391	0.9875327013397709	0.9891441548741078	0.9867683441790626	0.9868928557333811	0.9851140951638436	0.9796742635502936	0.9922347762580654	0.9909699975072674	0.9927650544295461	0.9879657462756682	0.9911002727169143	0.9848195615290171	0.9800060924342373
0.9751442684664072	0.9852634940067475	0.9842795275304929	0.9850042477264784	0.9844539942191853	0.9842124973199327	0.9810820203993186	0.9846729207439715	0.9872757504949077	0.9850752131721431	0.9838674220230181	0.9837728603341749	0.9857665229270018	0.9845999395328071	0.9811087394726953	0.9844296667068348	0.9846283537610493	0.9850941553868209	0.9806503059193148	0.9858058190619226	0.9850228614134025	1.0	0.9813008245668042	0.9854996484124664	0.9850500089275694	0.9854969720493572	0.9855670785118457	0.9795634668979877	0.9852006129744445	0.982987366640476	0.9917299522268825	0.9841777152000712	0.9850897858060387	0.9855027200600293	0.9856078405944602	0.9836970716894099	0.9844296593105505	0.9844897060950061	0.9849357598763636	0.9862161046694456	0.9840612818657501	0.9795831075506019	0.9853998457779695	0.9847271872715383	0.9864488399584007	0.98665792740667	0.9844286980653005	0.9831174894672408	0.979864592416101
0.9700357475296356	0.9811911848354868	0.9810291262089552	0.9819255163976547	0.9825566409047845	0.9805121220859964	0.976245605355142	0.9805056131296674	0.9827813645659117	0.982321157732672	0.9810204308628235	0.9810702804973455	0.983565097589344	0.9818232793704962	0.9760059456705624	0.9812967430976516	0.9808574038445843	0.984899001036259	0.9806300827460307	0.982998164988054	0.9820940483316786	0.9813008245668042	1.0	0.9823435702215404	0.9818821838977678	0.9820444306529282	0.9821016433951192	0.9769642782120951	0.9825476793469571	0.9805577489421213	0.9820398134022664	0.9813521190979502	0.9822742332780467	0.9823108224841371	0.9827865618846132	0.9813167314116349	0.9814126404350785	0.9811539698128843	0.9819117117367251	0.9851442672171516	0.9815779997486114	0.9760033937741798	0.9823610764146814	0.9815390217456796	0.9833331098934598	0.9835751975847088	0.9808362933332092	0.9804061040913754	0.977112595716872
0.972863619380387	0.9849529480826333	0.9848303932090661	0.9885487795146486	0.9877330486924073	0.9853658687221607	0.9820489767716376	0.9855666646965966	0.987039116742593	0.987197465359504	0.9870632221338007	0.9873003013711112	0.9877663064311208	0.9862788790059336	0.9786533742872242	0.9870133594636366	0.9867006471152987	0.9873307393496239	0.9836193323364766	0.9875030786839426	0.9875118449280257	0.9854996484124664	0.9823435702215404	1.0	0.9980011537810053	0.9869980003092718	0.9865380719374013	0.9809485614955924	0.9878095205778109	0.9851673232999694	0.9873209731448652	0.9873462304912805	0.9882766014769457	0.996571194482743	0.9869084323112819	0.9878181504216859	0.9875815777416909	0.9865972955515467	0.9875303255556034	0.9869496702081273	0.987654586922405	0.9798898832310697	0.9883643978219516	0.986520978420235	0.988114803537123	0.9886404989251311	0.9853922963959104	0.986137044484129	0.9788773294986486
0.9724059751485477	0.984497434332538	0.9845146163712335	0.9882664268255348	0.9876131628546583	0.9850657162246704	0.9815590086858252	0.9853348279322574	0.9866781105171651	0.9874094543985542	0.9869264385470398	0.9871670819314133	0.987403319406603	0.9858056370218562	0.9782633297569326	0.9870056455892898	0.9867164490916931	0.9869240012213784	0.9835936616178504	0.9873768114189589	0.9872709418553852	0.9850500089275694	0.9818821838977678	0.9980011537810053	1.0	0.9869445363456729	0.9866788088379743	0.981016935751317	0.9875709868002392	0.984876415859845	0.9869438693964565	0.9871690269000652	0.9879359714739567	0.9963011728709297	0.9865830537519603	0.9879559578709457	0.9872944124658696	0.9861851590434643	0.9873657308310982	0.9865801954159857	0.9873973333076774	0.97972265929327	0.9883339524315288	0.9867021288423685	0.9878825286393487	0.9883919414983625	0.9848427409470905	0.9862544400620306	0.9786443762768506
0.9735159663623695	0.9928495646071271	0.984213754156621	0.9872577322119737	0.9865323990665574	0.985015345570779	0.9808445628797998	0.9850083920228726	0.9872258874684804	0.9869279359134268	0.9862190191355519	0.9860629851479532	0.9875831219665531	0.9856263299814139	0.9796507318462264	0.9866714539261779	0.9870932174275737	0.987137814598392	0.983131205202604	0.9876526072590838	0.9863467899270452	0.9854969720493572	0.9820444306529282	0.9869980003092718	0.9869445363456729	1.0	0.9871341922518989	0.9812061486553152	0.9868736795422626	0.9843443558997416	0.9865804489947564	0.9866451822612504	0.9868772711363493	0.9867474930456731	0.9870822764993472	0.9859397474837089	0.9863056024929072	0.9854283203307361	0.9875563866288263	0.9873737980059866	0.9860629851479532	0.9798365018370281	0.9877100548706751	0.9868174366644245	0.9884493329010958	0.9951146074670147	0.985384570285014	0.985264430263619	0.9790884203719298
0.9793988581958426	0.9849473390111604	0.9849547682943208	0.988779391141378	0.9872767979676048	0.9856586342877826	0.9811064470375783	0.986833484593814	0.9892314403678383	0.9876207441148712	0.9881659540960908	0.9883949767161732	0.9881626111011997	0.9858568960967331	0.9793135136867401	0.9890653376487557	0.986229984626944	0.9866799148518766	0.9832773062554944	0.9882828382098439	0.9888375205028246	0.9855670785118457	0.9821016433951192	0.9865380719374013	0.9866788088379743	0.9871341922518989	1.0	0.9848219701116813	0.9892788739167209	0.9879984877533052	0.9863471969834721	0.9890914720237317	0.9895019167176017	0.986763680152401	0.989651147692366	0.9880105224991715	0.987798674457971	0.9878850807955126	0.9869971699456649	0.9875160701391091	0.9855222554254135	0.9803509119078158	0.9894847728403231	0.9886077392262823	0.9905660590177244	0.9881350034496124	0.9872305054219681	0.9854890487380009	0.9804781726650585
0.9722980496619998	0.9804586048003143	0.980037626700945	0.9819813263650307	0.9814659015936913	0.9810428645735867	0.9771465533369547	0.9806610648494929	0.9871585717892258	0.9809941004038262	0.9834913304652465	0.983513414549728	0.9820686311575583	0.9803719052508048	0.9746795352990076	0.9843176783392779	0.979854589966666	0.980761220643222	0.9777578163677347	0.9810686912359469	0.9858372422229695	0.9795634668979877	0.9769642782120951	0.9809485614955924	0.981016935751317	0.9812061486553152	0.9848219701116813	1.0	0.9888489520167814	0.9838147867165665	0.980904162106993	0.9824278532589547	0.9850264405203824	0.9812438837527377	0.984875540952033	0.9828497868797733	0.981342720730754	0.9832835399409992	0.9805257629006936	0.9819350790774848	0.9798566368387338	0.9777526565098055	0.9869497404123474	0.9856584184160279	0.9876835330498693	0.9827838580600372	0.9852007645805981	0.9798797165631061	0.976753723149738
0.9755780504493007	0.9853734042263249	0.9855069463585027	0.9889932272975436	0.9874030580461999	0.9851048117513689	0.9816383398764328	0.9864916052934596	0.9916561778147865	0.987658788253384	0.9902813472634022	0.9909064097189927	0.9878523599916949	0.9862230267873009	0.9800828245777813	0.99048913614396	0.9862538298290401	0.9874021308688381	0.9833423470565807	0.986979855003988	0.9915246766733463	0.9852006129744445	0.9825476793469571	0.9878095205778109	0.9875709868002392	0.9868736795422626	0.9892788739167209	0.9888489520167814	1.0	0.9897998155769832	0.9868971998263014	0.9893925929133993	0.991372243917973	0.9877863002495323	0.9905837947617784	0.9895987615153405	0.9886170916453142	0.9899522647182711	0.9868671719947457	0.9877651595405529	0.9862502837550905	0.9804159587683784	0.994702511848848	0.992565773603387	0.9941558952874728	0.9889930283840551	0.9919074277390614	0.9856028764910358	0.9798542611956769
0.974748592711027	0.9840290619437486	0.9846559641295914	0.9875015484651036	0.9848010963311781	0.9837912806136413	0.9797296576235969	0.9852374311263526	0.9877322352180594	0.9848716977110326	0.9918703175802244	0.9918897362656094	0.9858786405034535	0.9841449460957931	0.9779950045724797	0.9915706026180916	0.9832945606386158	0.9849163500430926	0.9808599629960367	0.9854947708658746	0.9885387200124287	0.982987366640476	0.9805577489421213	0.9851673232999694	0.984876415859845	0.9843443558997416	0.9879984877533052	0.9838147867165665	0.9897998155769832	1.0	0.9852610511983384	0.9872989911341338	0.9927542275823955	0.9850840673081761	0.9907075513802651	0.9907548390038126	0.9866625575807643	0.9917794564820713	0.9852970103472213	0.9862089228004589	0.984030523625994	0.9773778117599945	0.9893057367219631	0.9883857253489114	0.9898448374242536	0.9866970753420047	0.9870809474130913	0.9836781014119245	0.9801186919363238
0.9728334676483643	0.9854248114211985	0.9849563809313334	0.986772249183276	0.9861819260613164	0.9845821688537124	0.9812939924871015	0.9848745716320316	0.9861441100232894	0.9863557401706946	0.9857381826130507	0.9857523314021419	0.9869543352410372	0.985484318321558	0.9798343746396404	0.9859892386591689	0.9858403649805519	0.9870450071058026	0.9827844733325295	0.9869802053310728	0.9857453398541436	0.9917299522268825	0.9820398134022664	0.9873209731448652	0.9869438693964565	0.9865804489947564	0.9863471969834721	0.980904162106993	0.9868971998263014	0.9852610511983384	1.0	0.9860638434327806	0.9868025339159839	0.9871236182864577	0.9867196681092794	0.9854791357972527	0.9863450431829056	0.9857048202424924	0.9866019833114301	0.9868947593840829	0.9858914017636692	0.9793875270311289	0.987231784321668	0.9858548313070339	0.9879227088300073	0.9882079875432163	0.9849892757289951	0.9856226726862207	0.9794396456237748
0.9748965420605402	0.9840767274313504	0.983609688739486	0.9902198878982401	0.9864602509800579	0.9837388791361175	0.9803458448838128	0.9868334311272274	0.9878914077623993	0.9874368755584242	0.9907581437748599	0.991583435280536	0.9869194817964159	0.985173566191486	0.9777988480609413	0.9896264974284011	0.9858278354470368	0.9863679527187839	0.9821817644313544	0.9863071442312985	0.9892707291514014	0.9841777152000712	0.9813521190979502	0.9873462304912805	0.9871690269000652	0.9866451822612504	0.9890914720237317	0.9824278532589547	0.9893925929133993	0.9872989911341338	0.9860638434327806	1.0	0.9913531458618331	0.987595714312159	0.9881535047872424	0.9896409702302077	0.9900565438127843	0.989924268082497	0.9864396358475217	0.9862962377283891	0.9864912286370272	0.9790402296009599	0.9917545013172381	0.9897456643970983	0.9906699169612668	0.9883773939912115	0.9877413615388742	0.9850300253761354	0.9776476335378824
0.9766835991080532	0.9852307659414257	0.9850154365442476	0.9904027210483709	0.986989762009212	0.984622268025357	0.9815275080009854	0.9879330911391272	0.9897997549260142	0.9875505884684105	0.9940645966011171	0.9950174889083676	0.9875564856265187	0.9860001698190914	0.979197798873739	0.9937064323411833	0.9859558537747327	0.9871838143071803	0.9828436793775834	0.9867289321021864	0.991080815497878	0.9850897858060387	0.9822742332780467	0.9882766014769457	0.9879359714739567	0.9868772711363493	0.9895019167176017	0.9850264405203824	0.991372243917973	0.9927542275823955	0.9868025339159839	0.9913531458618331	1.0	0.9885313776277683	0.9906004003375861	0.9939760186705715	0.9897494246929112	0.994114150830677	0.98732054526839	0.9871479247513967	0.9867175509092365	0.9799748835415211	0.9923310601679175	0.9898186082776712	0.9920088617839447	0.9889185580300558	0.9899322045609577	0.9858559603396586	0.9794053143536109
0.9731008808017123	0.984944534858687	0.9857303933236582	0.9886050300780218	0.9876181408068657	0.9854478318610579	0.9815952638854843	0.9860281797350593	0.9869970948295023	0.9872758869594063	0.986762713638926	0.9872699649371712	0.9878374300824054	0.9863907618408252	0.9788090328579355	0.9868321514628138	0.9865382164554382	0.9873442984117978	0.9833962612525556	0.9872804373976594	0.9878354875417671	0.9855027200600293	0.9823108224841371	0.996571194482743	0.9963011728709297	0.9867474930456731	0.986763680152401	0.9812438837527377	0.9877863002495323	0.9850840673081761	0.9871236182864577	0.987595714312159	0.9885313776277683	1.0	0.9868401332738675	0.9881998850735255	0.9877515001156	0.9864370395459274	0.9871362833928488	0.9868585944274277	0.9873765195257383	0.9798913694984642	0.988353158640338	0.9865435039638478	0.9883469359214674	0.9889199825081315	0.9851526258940593	0.986229048777518	0.9790994678801023
0.9762837693034796	0.9867537643094144	0.9856853007640435	0.9888596926192339	0.9870225363929882	0.9855201580825166	0.9816536700517668	0.9865359354796281	0.9897135552486196	0.98678293368544	0.9895167676884127	0.9897036448252988	0.9879973173844279	0.9858652498543917	0.9800292894603264	0.9906155692688723	0.9856063312189045	0.9871538597387522	0.9829354987074077	0.9878590891398897	0.989782083645137	0.9856078405944602	0.9827865618846132	0.9869084323112819	0.9865830537519603	0.9870822764993472	0.989651147692366	0.984875540952033	0.9905837947617784	0.9907075513802651	0.9867196681092794	0.9881535047872424	0.9906004003375861	0.9868401332738675	1.0	0.9892253750005877	0.9881918593279042	0.9891932473435152	0.986971972028596	0.9876705886443224	0.9852377258234809	0.9801452945134674	0.9902126070184752	0.9895487177191383	0.9916753983177794	0.9889735930030112	0.9887272755536932	0.985012688298874	0.981521625388819
0.9740053117494094	0.9837023710110028	0.9834225312812799	0.9896645726072405	0.9858715057391971	0.9834609866194393	0.9798247111515979	0.9866275233389903	0.9881405045383491	0.9863534470941455	0.9927743041805156	0.9939696908639853	0.9866426471876968	0.9851757022517724	0.9776992041989352	0.9920817637264904	0.9853191056423357	0.9860377591593981	0.9819823744887046	0.9863605578002264	0.9893062842633391	0.9836970716894099	0.9813167314116349	0.9878181504216859	0.9879559578709457	0.9859397474837089	0.9880105224991715	0.9828497868797733	0.9895987615153405	0.9907548390038126	0.9854791357972527	0.9896409702302077	0.9939760186705715	0.9881998850735255	0.9892253750005877	1.0	0.9886183465251689	0.9923141864606171	0.9866032643719544	0.9857701894744958	0.9856211774397392	0.9783926862528518	0.9910905152841832	0.989655763390256	0.9910484623863363	0.9881525330929154	0.9880497170408107	0.9846768802826751	0.9778282642451751
0.973811586285971	0.984407135246692	0.9838747381071349	0.9949146667985964	0.9864881880882729	0.9841290438881196	0.9806198806835723	0.9910123943543153	0.9874114309203661	0.9875899007143563	0.9899019602607233	0.9903278603190917	0.9867171157785604	0.9852731682347308	0.9782349467441426	0.9883452779482185	0.9856557897524569	0.9862804849566572	0.9829740977708302	0.9859432122218644	0.9875327013397709	0.9844296593105505	0.9814126404350785	0.9875815777416909	0.9872944124658696	0.9863056024929072	0.987798674457971	0.981342720730754	0.9886170916453142	0.9866625575807643	0.9863450431829056	0.9900565438127843	0.9897494246929112	0.9877515001156	0.9881918593279042	0.9886183465251689	1.0	0.9885697543909807	0.9868774990867445	0.9858810632585038	0.986260251618323	0.9787846568138798	0.9905284576365788	0.9887949180094794	0.9898583271882487	0.9883521729174576	0.9871761004924934	0.9855657771473233	0.9781677354539473
