/home/jshaw/scratch/2022_sketched_distance/references/SGB_genome_fastas_part5/15179/CosteaPI_2017__mickey1-11-0-0__bin.28.fa	/home/jshaw/scratch/2022_sketched_distance/references/SGB_genome_fastas_part5/15179/CosteaPI_2017__mickey1-11-30-0__bin.4.fa	/home/jshaw/scratch/2022_sketched_distance/references/SGB_genome_fastas_part5/15179/CosteaPI_2017__SID713B051-11-0-0__bin.73.fa	/home/jshaw/scratch/2022_sketched_distance/references/SGB_genome_fastas_part5/15179/CosteaPI_2017__SID713B051-11-90-0__bin.68.fa	/home/jshaw/scratch/2022_sketched_distance/references/SGB_genome_fastas_part5/15179/FengQ_2015__SID31223__bin.58.fa	/home/jshaw/scratch/2022_sketched_distance/references/SGB_genome_fastas_part5/15179/KarlssonFH_2013__S126__bin.3.fa	/home/jshaw/scratch/2022_sketched_distance/references/SGB_genome_fastas_part5/15179/LeChatelierE_2013__MH0079__bin.19.fa	/home/jshaw/scratch/2022_sketched_distance/references/SGB_genome_fastas_part5/15179/LeChatelierE_2013__MH0132__bin.8.fa	/home/jshaw/scratch/2022_sketched_distance/references/SGB_genome_fastas_part5/15179/LeChatelierE_2013__MH0189__bin.85.fa	/home/jshaw/scratch/2022_sketched_distance/references/SGB_genome_fastas_part5/15179/LeChatelierE_2013__MH0224__bin.40.fa	/home/jshaw/scratch/2022_sketched_distance/references/SGB_genome_fastas_part5/15179/LeChatelierE_2013__MH0415__bin.1.fa	/home/jshaw/scratch/2022_sketched_distance/references/SGB_genome_fastas_part5/15179/LeChatelierE_2013__MH0426__bin.85.fa	/home/jshaw/scratch/2022_sketched_distance/references/SGB_genome_fastas_part5/15179/LeChatelierE_2013__MH0437__bin.12.fa	/home/jshaw/scratch/2022_sketched_distance/references/SGB_genome_fastas_part5/15179/LiJ_2014__MH0309__bin.10.fa	/home/jshaw/scratch/2022_sketched_distance/references/SGB_genome_fastas_part5/15179/LiJ_2014__MH0315__bin.76.fa	/home/jshaw/scratch/2022_sketched_distance/references/SGB_genome_fastas_part5/15179/LiJ_2014__MH0362__bin.58.fa	/home/jshaw/scratch/2022_sketched_distance/references/SGB_genome_fastas_part5/15179/LiJ_2014__MH0385__bin.37.fa	/home/jshaw/scratch/2022_sketched_distance/references/SGB_genome_fastas_part5/15179/LiJ_2014__MH0402__bin.12.fa	/home/jshaw/scratch/2022_sketched_distance/references/SGB_genome_fastas_part5/15179/NielsenHB_2014__MH0079__bin.17.fa	/home/jshaw/scratch/2022_sketched_distance/references/SGB_genome_fastas_part5/15179/NielsenHB_2014__MH0132__bin.49.fa	/home/jshaw/scratch/2022_sketched_distance/references/SGB_genome_fastas_part5/15179/RampelliS_2015__H14__bin.79.fa	/home/jshaw/scratch/2022_sketched_distance/references/SGB_genome_fastas_part5/15179/RampelliS_2015__H21__bin.19.fa	/home/jshaw/scratch/2022_sketched_distance/references/SGB_genome_fastas_part5/15179/SchirmerM_2016__G89006__bin.14.fa	/home/jshaw/scratch/2022_sketched_distance/references/SGB_genome_fastas_part5/15179/VogtmannE_2016__MMRS20257302ST-27-0-0__bin.74.fa	/home/jshaw/scratch/2022_sketched_distance/references/SGB_genome_fastas_part5/15179/VogtmannE_2016__MMRS34569532ST-27-0-0__bin.61.fa	/home/jshaw/scratch/2022_sketched_distance/references/SGB_genome_fastas_part5/15179/VogtmannE_2016__MMRS51307502ST-27-0-0__bin.53.fa	/home/jshaw/scratch/2022_sketched_distance/references/SGB_genome_fastas_part5/15179/XieH_2016__YSZC12003_36034__bin.56.fa	/home/jshaw/scratch/2022_sketched_distance/references/SGB_genome_fastas_part5/15179/XieH_2016__YSZC12003_37223__bin.28.fa	/home/jshaw/scratch/2022_sketched_distance/references/SGB_genome_fastas_part5/15179/ZeeviD_2015__PNP_Main_225__bin.4.fa	/home/jshaw/scratch/2022_sketched_distance/references/SGB_genome_fastas_part5/15179/ZeeviD_2015__PNP_Main_403__bin.9.fa	/home/jshaw/scratch/2022_sketched_distance/references/SGB_genome_fastas_part5/15179/ZeeviD_2015__PNP_Main_438__bin.39.fa	/home/jshaw/scratch/2022_sketched_distance/references/SGB_genome_fastas_part5/15179/ZeeviD_2015__PNP_Main_553__bin.24.fa	/home/jshaw/scratch/2022_sketched_distance/references/SGB_genome_fastas_part5/15179/ZeeviD_2015__PNP_Main_82__bin.39.fa	/home/jshaw/scratch/2022_sketched_distance/references/SGB_genome_fastas_part5/15179/ZeeviD_2015__PNP_Validation_13__bin.57.fa	/home/jshaw/scratch/2022_sketched_distance/references/SGB_genome_fastas_part5/15179/ZellerG_2014__CCIS36797902ST-4-0__bin.3.fa	/home/jshaw/scratch/2022_sketched_distance/references/SGB_genome_fastas_part5/15179/ZellerG_2014__CCIS74726977ST-3-0__bin.8.fa
1.0	0.9992734664873114	0.9893551599296114	0.9888934373033713	0.9879696774001775	0.9888364293211968	0.9892664118365424	0.98956714443088	0.9886728374832144	0.9884887453984398	0.9884164973771152	0.9962108746413987	0.9885839434579405	0.9891040914990025	0.9889446787788464	0.9971015852699351	0.997500633638117	0.9881322004039759	0.9897476813951899	0.9901643952374831	0.9881126244135329	0.9823892838099898	0.9872021470104991	0.9902773705589406	0.9877405250784204	0.988360416509285	0.9883463979141783	0.9888002636510851	0.9882358652246216	0.9867002148837904	0.9905359811289718	0.9966586357871352	0.9894052993920222	0.987908379979914	0.9782765362397274	0.9901892209852137
0.9992734664873114	1.0	0.9903740479828227	0.9874322530681893	0.9855974194953716	0.9890867290084391	0.9870056455892898	0.9879145636606301	0.9896245503815934	0.9884528259761568	0.9891722334881946	0.9943345101966331	0.9892291135373674	0.9900707489968137	0.9877470955026093	0.997128171862872	0.9969261052359993	0.9891437566256003	0.9878240363211114	0.9888408838147957	0.9880724334770888	0.9833999344981488	0.9883362492659372	0.989399167364028	0.9889437269000121	0.9870866124420552	0.9862209126319965	0.9899597637383597	0.9893142500655404	0.9871472070958313	0.987478497851609	0.9931261713618429	0.9879840232170348	0.988828876881837	0.9801570902510659	0.9884059181881909
0.9893551599296114	0.9903740479828227	1.0	0.9976106061436405	0.989447484659237	0.987744803754202	0.9884514379016778	0.9885711296669155	0.9880918140576305	0.989967191601658	0.986745695878742	0.9892047483871041	0.9882937169141687	0.9880051345168982	0.9894394083802615	0.9893616012339421	0.9896068312634845	0.9867095121495628	0.9890311744613697	0.9894407582823327	0.9871263780972708	0.9811090439024924	0.987758450753552	0.9896537340448416	0.986899698127348	0.9879400700159746	0.9882586929695896	0.9874922700583552	0.98735791215905	0.9863919212081724	0.9890570192151443	0.9891711861549659	0.9898685632737914	0.9901761354361363	0.9780625444875365	0.9898401906485779
0.9888934373033713	0.9874322530681893	0.9976106061436405	1.0	0.9832405223418645	0.9868873523196757	0.984473842704873	0.9848267236820996	0.9884649277199307	0.9878743185948888	0.9873367474107662	0.9851889131383202	0.9874640268022968	0.9884649277199307	0.9869519286449072	0.98886301355515	0.9875908159178342	0.9866603315929401	0.98467222624632	0.9866259917954388	0.9865298984233837	0.9819062634371196	0.9873686134328965	0.987968279632921	0.9875274824044566	0.9855011019983435	0.9820416881146662	0.9877171185821637	0.9873686134328965	0.9855011019983435	0.9852642666649578	0.9843344134059195	0.9868873523196757	0.9890148522798657	0.9782481513942801	0.9859551310287834
0.9879696774001775	0.9855974194953716	0.989447484659237	0.9832405223418645	1.0	0.9880128333792194	0.9849884291002966	0.9800476953128613	0.9899799424461148	0.9903033887893851	0.9885687757301282	0.9809157687620548	0.9901016065899677	0.9907430154483453	0.9863771307417695	0.989571124536016	0.9877530450540178	0.989031971516436	0.9825857105766463	0.9774300406779476	0.9872713760123887	0.9830905692608798	0.9888642888569944	0.9891571761631707	0.9878398690908989	0.9849411125507965	0.9849347351947815	0.989406168155868	0.9891154940883874	0.9866029816524517	0.9838825073040341	0.9836863089616315	0.9873594781009972	0.9875349779185298	0.9790993709315459	0.9780642895818596
0.9888364293211968	0.9890867290084391	0.987744803754202	0.9868873523196757	0.9880128333792194	1.0	0.9885984547662239	0.9883537250658864	0.9892786593007244	0.9873003257207741	0.9895360507449981	0.9885744381572313	0.9881216353272743	0.9889671138837388	0.9875012135117051	0.9890972824217539	0.9886519251804882	0.9877177214756552	0.9889652588010066	0.9891191057548864	0.9872097033877124	0.9814372175144498	0.9871988790028614	0.9891515223996139	0.9879068313009999	0.9870249830959198	0.9868226799095766	0.9883616271418384	0.9876634899948618	0.9861075428416365	0.9874792086543356	0.9879134501557922	0.9885996877318246	0.9865869792477625	0.9786298059291378	0.9889711285277952
0.9892664118365424	0.9870056455892898	0.9884514379016778	0.984473842704873	0.9849884291002966	0.9885984547662239	1.0	0.9865223835419115	0.9894956086299236	0.988185142975408	0.988125672844556	0.9864949491264496	0.9882148378252896	0.9891512132938846	0.9863839683322985	0.9898646898010961	0.988392446989792	0.988155421331565	0.9964600643119993	0.9875105183772227	0.9874643134661956	0.9834309602223558	0.988185142975408	0.9888905354106937	0.9882148378252896	0.9866651781719991	0.9843959445277051	0.9887155978257566	0.98894864222437	0.9877063476115593	0.9865717084972568	0.9852439135942725	0.9875855529768304	0.9872816127320417	0.9793793152115373	0.9872455434384683
0.98956714443088	0.9879145636606301	0.9885711296669155	0.9848267236820996	0.9800476953128613	0.9883537250658864	0.9865223835419115	1.0	0.9892148689053707	0.9885349950358996	0.9883900589322168	0.9833788068385201	0.9904999172833734	0.9906358911196665	0.9881714521951089	0.9900886029013721	0.9886432802745806	0.9904317197969414	0.9848267236820996	0.9978360987661905	0.9877668654613669	0.9819965890619036	0.9880249041911056	0.9897418812603405	0.9922899653766598	0.9878038521675848	0.9805766649291158	0.9910404854051055	0.9892502662778117	0.9872446402649948	0.985348657436963	0.9858624267816872	0.9871316486190056	0.9874694663330363	0.9776121955187715	0.9844286613101288
0.9886728374832144	0.9896245503815934	0.9880918140576305	0.9884649277199307	0.9899799424461148	0.9892786593007244	0.9894956086299236	0.9892148689053707	1.0	0.9888055543938004	0.9899829502183876	0.9893431957346795	0.9892341961276223	0.9888271849217031	0.9890276509439326	0.9889104255862337	0.989344341567733	0.9884219556483222	0.9903225560021675	0.9898045606382333	0.9877871473629138	0.9810557673634733	0.9879418157746502	0.9906866768137381	0.9879375971016541	0.988416059615104	0.9877720962858035	0.9888851783121865	0.9876196595379084	0.9862225346743859	0.9886908438359157	0.9893762207142107	0.9895422301403823	0.987746077110881	0.9771806867887132	0.9902662845466408
0.9884887453984398	0.9884528259761568	0.989967191601658	0.9878743185948888	0.9903033887893851	0.9873003257207741	0.988185142975408	0.9885349950358996	0.9888055543938004	1.0	0.9876287172266792	0.9882547039274682	0.9887002894285654	0.9891193472280646	0.9927586557049042	0.9890672554034013	0.9879171389982345	0.9877103057650031	0.9891953893374285	0.9893032911930494	0.9866219452771376	0.9812802384193416	0.988034653133911	0.9891248771505817	0.9878458389712009	0.9868796739809114	0.9886081205574002	0.9881152432790159	0.9884622066489459	0.9860959184019251	0.9885489167488597	0.9872972174894692	0.989350367512757	0.9873003257207741	0.9784878620254156	0.9894874286208207
0.9884164973771152	0.9891722334881946	0.986745695878742	0.9873367474107662	0.9885687757301282	0.9895360507449981	0.988125672844556	0.9883900589322168	0.9899829502183876	0.9876287172266792	1.0	0.9888209930258752	0.9881875428610997	0.9880686368306404	0.9875012135117051	0.9886343054613941	0.988866529581838	0.9878261444993905	0.9889322514801691	0.9888874175116896	0.9873481117178702	0.9810397605847588	0.9866362767109138	0.9893109433050186	0.9875194637863705	0.9871118615040559	0.9880825794163596	0.9877035411026919	0.9875984801336539	0.9856227117343034	0.9884919743117665	0.9886081491038154	0.9886839458296863	0.9871992146581802	0.9774790593493372	0.9893689979131396
0.9962108746413987	0.9943345101966331	0.9892047483871041	0.9851889131383202	0.9809157687620548	0.9885744381572313	0.9864949491264496	0.9833788068385201	0.9893431957346795	0.9882547039274682	0.9888209930258752	1.0	0.9892047483871041	0.9895840888166183	0.9878596555686314	0.998383572870266	0.9943641962566748	0.9890308677061838	0.9842750195434351	0.9848873719642999	0.9881474325291588	0.9827914149838335	0.9880757236867168	0.9897209562282708	0.9890657172821506	0.9874963610901443	0.9815606003222647	0.989789177584977	0.9894466511420992	0.9872764441694428	0.9871659321623705	0.9914180194409291	0.9881474325291588	0.9881115976230302	0.9789012795857247	0.9838257235560569
0.9885839434579405	0.9892291135373674	0.9882937169141687	0.9874640268022968	0.9901016065899677	0.9881216353272743	0.9882148378252896	0.9904999172833734	0.9892341961276223	0.9887002894285654	0.9881875428610997	0.9892047483871041	1.0	0.9898971259155367	0.9879894310657944	0.9891568396465401	0.9885440966470385	0.9902736124439884	0.9896508876373284	0.9911341818983295	0.9867065564365118	0.9825140875868145	0.987813214972313	0.9894432078519106	0.9900733542331595	0.987968260631879	0.9894658178105911	0.9895928129826791	0.9887411779946736	0.9856227117343034	0.9882345084305794	0.9883079044884393	0.9890188405775326	0.9868109309081048	0.9776876922000316	0.9903047489631904
0.9891040914990025	0.9900707489968137	0.9880051345168982	0.9884649277199307	0.9907430154483453	0.9889671138837388	0.9891512132938846	0.9906358911196665	0.9888271849217031	0.9891193472280646	0.9880686368306404	0.9895840888166183	0.9898971259155367	1.0	0.988694501763296	0.9893616012339421	0.989685172565526	0.9895574096365698	0.9895862003227389	0.9910471868318157	0.9881396028628131	0.9818984219292979	0.9878371608273273	0.990889442950105	0.9884135016000535	0.9890492921810822	0.9891254117941817	0.9894362006295645	0.9911984342369919	0.9874994051696939	0.9885489167488597	0.9893177693806816	0.9894875260399854	0.9873367844391471	0.9782017750818488	0.9904198740294057
0.9889446787788464	0.9877470955026093	0.9894394083802615	0.9869519286449072	0.9863771307417695	0.9875012135117051	0.9863839683322985	0.9881714521951089	0.9890276509439326	0.9927586557049042	0.9875012135117051	0.9878596555686314	0.9879894310657944	0.988694501763296	1.0	0.9891379566609354	0.9880748406864369	0.9885546895449079	0.9883323962223388	0.9902537441853455	0.9868289418517525	0.9814853039011311	0.9877031217840104	0.9881316576325885	0.9882166997098559	0.9854108931470168	0.986314212061419	0.9881883767393291	0.9877892762680297	0.9858092794226867	0.9854489776143671	0.9868903888036965	0.9874842572426409	0.987960911898952	0.9780819637420398	0.9890111322191623
0.9971015852699351	0.997128171862872	0.9893616012339421	0.98886301355515	0.989571124536016	0.9890972824217539	0.9898646898010961	0.9900886029013721	0.9889104255862337	0.9890672554034013	0.9886343054613941	0.998383572870266	0.9891568396465401	0.9893616012339421	0.9891379566609354	1.0	0.9967927444152839	0.9883191074289969	0.9902591733095666	0.9904760641837168	0.9884081790320833	0.9823087937104121	0.9876795520671247	0.9905848249603891	0.9880150548887399	0.9890492921810822	0.9892108433023931	0.9890866171552942	0.988657078345722	0.987280870558452	0.9902400396435052	0.9959720263328291	0.9896513669213489	0.9882840046845202	0.9785874810428098	0.9906869482403972
0.997500633638117	0.9969261052359993	0.9896068312634845	0.9875908159178342	0.9877530450540178	0.9886519251804882	0.988392446989792	0.9886432802745806	0.989344341567733	0.9879171389982345	0.988866529581838	0.9943641962566748	0.9885440966470385	0.989685172565526	0.9880748406864369	0.9967927444152839	1.0	0.9890797458084551	0.9883660095436896	0.9888408838147957	0.9873340842194807	0.9829985526449634	0.9876407813490045	0.9888303492193262	0.9888130093392963	0.9875142886253573	0.9879941682484722	0.989344341567733	0.9892387579127554	0.9868544032509873	0.9888603534659208	0.9947786125202102	0.9882036090518425	0.9877516029127501	0.9793145386493008	0.989170663341138
0.9881322004039759	0.9891437566256003	0.9867095121495628	0.9866603315929401	0.989031971516436	0.9877177214756552	0.988155421331565	0.9904317197969414	0.9884219556483222	0.9877103057650031	0.9878261444993905	0.9890308677061838	0.9902736124439884	0.9895574096365698	0.9885546895449079	0.9883191074289969	0.9890797458084551	1.0	0.9890311744613697	0.991651396597489	0.9870985560442598	0.9815042550919911	0.9872288519691055	0.9899150164198673	0.9895077666933398	0.9882208961828828	0.9887382064589556	0.9881642305408008	0.9881383467813442	0.98647628834988	0.9882057765051466	0.9889056828299204	0.9889632605336731	0.9869223375223167	0.9775325613418472	0.9909141622880289
0.9897476813951899	0.9878240363211114	0.9890311744613697	0.98467222624632	0.9825857105766463	0.9889652588010066	0.9964600643119993	0.9848267236820996	0.9903225560021675	0.9891953893374285	0.9889322514801691	0.9842750195434351	0.9896508876373284	0.9895862003227389	0.9883323962223388	0.9902591733095666	0.9883660095436896	0.9890311744613697	1.0	0.9864762304398632	0.9889652588010066	0.9842180164482058	0.9878922727327714	0.9893913737177047	0.9892281343960551	0.9862500800476295	0.9830346807422714	0.9895862003227389	0.9888992110759128	0.9880622477176608	0.9859622059077665	0.9859622059077665	0.9879603680385252	0.9886669962145455	0.9798191511543785	0.9866066659823021
0.9901643952374831	0.9888408838147957	0.9894407582823327	0.9866259917954388	0.9774300406779476	0.9891191057548864	0.9875105183772227	0.9978360987661905	0.9898045606382333	0.9893032911930494	0.9888874175116896	0.9848873719642999	0.9911341818983295	0.9910471868318157	0.9902537441853455	0.9904760641837168	0.9888408838147957	0.991651396597489	0.9864762304398632	1.0	0.98907289818325	0.9829959162210826	0.9891191057548864	0.9907408870689343	0.9929923414764199	0.9882298893168504	0.9764252650533226	0.9919070001716545	0.9890266257588584	0.9873647385956836	0.9859211942051592	0.9865761470852612	0.9879440239695411	0.988419097202571	0.97878662507596	0.9831623850053887
0.9881126244135329	0.9880724334770888	0.9871263780972708	0.9865298984233837	0.9872713760123887	0.9872097033877124	0.9874643134661956	0.9877668654613669	0.9877871473629138	0.9866219452771376	0.9873481117178702	0.9881474325291588	0.9867065564365118	0.9881396028628131	0.9868289418517525	0.9884081790320833	0.9873340842194807	0.9870985560442598	0.9889652588010066	0.98907289818325	1.0	0.9827288695536992	0.9867909504893024	0.9880685442082219	0.9869311278492935	0.9863215695198189	0.9882586929695896	0.9881126244135329	0.9877052729342553	0.9866219452771376	0.9865554028740843	0.9877911229316724	0.987831507888588	0.9857636377655915	0.9794191498438374	0.9897230219340576
0.9823892838099898	0.9833999344981488	0.9811090439024924	0.9819062634371196	0.9830905692608798	0.9814372175144498	0.9834309602223558	0.9819965890619036	0.9810557673634733	0.9812802384193416	0.9810397605847588	0.9827914149838335	0.9825140875868145	0.9818984219292979	0.9814853039011311	0.9823087937104121	0.9829985526449634	0.9815042550919911	0.9842180164482058	0.9829959162210826	0.9827288695536992	1.0	0.9799354043523443	0.9826985354504384	0.9811124400218232	0.9812369903094023	0.9831374764696209	0.9812106764756712	0.9812529554788582	0.9833245704187751	0.981182182595839	0.9828405718578942	0.9819528227451708	0.980762436884581	0.9801601791501782	0.9849755543022705
0.9872021470104991	0.9883362492659372	0.987758450753552	0.9873686134328965	0.9888642888569944	0.9871988790028614	0.988185142975408	0.9880249041911056	0.9879418157746502	0.988034653133911	0.9866362767109138	0.9880757236867168	0.987813214972313	0.9878371608273273	0.9877031217840104	0.9876795520671247	0.9876407813490045	0.9872288519691055	0.9878922727327714	0.9891191057548864	0.9867909504893024	0.9799354043523443	1.0	0.9890715219650271	0.9866090861598291	0.9879400700159746	0.988694901520352	0.9870146029775236	0.9870951099211033	0.9855072078178989	0.9876550527298659	0.987575950561629	0.9900305273888449	0.9864744289233192	0.9764921536951755	0.988810626525515
0.9902773705589406	0.989399167364028	0.9896537340448416	0.987968279632921	0.9891571761631707	0.9891515223996139	0.9888905354106937	0.9897418812603405	0.9906866768137381	0.9891248771505817	0.9893109433050186	0.9897209562282708	0.9894432078519106	0.990889442950105	0.9881316576325885	0.9905848249603891	0.9888303492193262	0.9899150164198673	0.9893913737177047	0.9907408870689343	0.9880685442082219	0.9826985354504384	0.9890715219650271	1.0	0.9895749440998372	0.9886652972532562	0.987142205173804	0.9898368487390213	0.9902258486118003	0.9875134043109053	0.9880905975255109	0.988846390569391	0.9900843392576009	0.9877365847027909	0.9790686297215634	0.9899569447524111
0.9877405250784204	0.9889437269000121	0.986899698127348	0.9875274824044566	0.9878398690908989	0.9879068313009999	0.9882148378252896	0.9922899653766598	0.9879375971016541	0.9878458389712009	0.9875194637863705	0.9890657172821506	0.9900733542331595	0.9884135016000535	0.9882166997098559	0.9880150548887399	0.9888130093392963	0.9895077666933398	0.9892281343960551	0.9929923414764199	0.9869311278492935	0.9811124400218232	0.9866090861598291	0.9895749440998372	1.0	0.988967383292066	0.987458657465296	0.9894362006295645	0.9875674763042552	0.986137512996659	0.9879750143491134	0.988338052373805	0.9887679890562533	0.9868388179536581	0.9766786144007961	0.9903815435989437
0.988360416509285	0.9870866124420552	0.9879400700159746	0.9855011019983435	0.9849411125507965	0.9870249830959198	0.9866651781719991	0.9878038521675848	0.988416059615104	0.9868796739809114	0.9871118615040559	0.9874963610901443	0.987968260631879	0.9890492921810822	0.9854108931470168	0.9890492921810822	0.9875142886253573	0.9882208961828828	0.9862500800476295	0.9882298893168504	0.9863215695198189	0.9812369903094023	0.9879400700159746	0.9886652972532562	0.988967383292066	1.0	0.983443943152254	0.9889947088735119	0.9883325596750313	0.9854510284547653	0.9868262873749964	0.9867325668232615	0.9873092485162323	0.9855421614728896	0.9777733459449144	0.9868637077598106
0.9883463979141783	0.9862209126319965	0.9882586929695896	0.9820416881146662	0.9849347351947815	0.9868226799095766	0.9843959445277051	0.9805766649291158	0.9877720962858035	0.9886081205574002	0.9880825794163596	0.9815606003222647	0.9894658178105911	0.9891254117941817	0.986314212061419	0.9892108433023931	0.9879941682484722	0.9887382064589556	0.9830346807422714	0.9764252650533226	0.9882586929695896	0.9831374764696209	0.988694901520352	0.987142205173804	0.987458657465296	0.983443943152254	1.0	0.988694901520352	0.9875036175718949	0.986267595444143	0.9832910680015561	0.98473983308319	0.986360762674399	0.98821475277799	0.9790428823728049	0.9797334708672606
0.9888002636510851	0.9899597637383597	0.9874922700583552	0.9877171185821637	0.989406168155868	0.9883616271418384	0.9887155978257566	0.9910404854051055	0.9888851783121865	0.9881152432790159	0.9877035411026919	0.989789177584977	0.9895928129826791	0.9894362006295645	0.9881883767393291	0.9890866171552942	0.989344341567733	0.9881642305408008	0.9895862003227389	0.9919070001716545	0.9881126244135329	0.9812106764756712	0.9870146029775236	0.9898368487390213	0.9894362006295645	0.9889947088735119	0.988694901520352	1.0	0.9883761282274126	0.9871985445096065	0.9888039470652092	0.9894345686336511	0.9894327310588802	0.9867830202000477	0.9772103628440351	0.9901119770735932
0.9882358652246216	0.9893142500655404	0.98735791215905	0.9873686134328965	0.9891154940883874	0.9876634899948618	0.98894864222437	0.9892502662778117	0.9876196595379084	0.9884622066489459	0.9875984801336539	0.9894466511420992	0.9887411779946736	0.9911984342369919	0.9877892762680297	0.988657078345722	0.9892387579127554	0.9881383467813442	0.9888992110759128	0.9890266257588584	0.9877052729342553	0.9812529554788582	0.9870951099211033	0.9902258486118003	0.9875674763042552	0.9883325596750313	0.9875036175718949	0.9883761282274126	1.0	0.9868116089986502	0.9889728775189194	0.9890534485715186	0.9894327310588802	0.9868109309081048	0.9777830997218067	0.9895661468331989
0.9867002148837904	0.9871472070958313	0.9863919212081724	0.9855011019983435	0.9866029816524517	0.9861075428416365	0.9877063476115593	0.9872446402649948	0.9862225346743859	0.9860959184019251	0.9856227117343034	0.9872764441694428	0.9856227117343034	0.9874994051696939	0.9858092794226867	0.987280870558452	0.9868544032509873	0.98647628834988	0.9880622477176608	0.9873647385956836	0.9866219452771376	0.9833245704187751	0.9855072078178989	0.9875134043109053	0.986137512996659	0.9854510284547653	0.986267595444143	0.9871985445096065	0.9868116089986502	1.0	0.9860068458483465	0.9865421753569618	0.9869268395571942	0.9844996272117768	0.980652399475785	0.9882016845129722
0.9905359811289718	0.987478497851609	0.9890570192151443	0.9852642666649578	0.9838825073040341	0.9874792086543356	0.9865717084972568	0.985348657436963	0.9886908438359157	0.9885489167488597	0.9884919743117665	0.9871659321623705	0.9882345084305794	0.9885489167488597	0.9854489776143671	0.9902400396435052	0.9888603534659208	0.9882057765051466	0.9859622059077665	0.9859211942051592	0.9865554028740843	0.981182182595839	0.9876550527298659	0.9880905975255109	0.9879750143491134	0.9868262873749964	0.9832910680015561	0.9888039470652092	0.9889728775189194	0.9860068458483465	1.0	0.9865421753569618	0.9877426237959689	0.9863735656085141	0.9779672048558148	0.9865205370196203
0.9966586357871352	0.9931261713618429	0.9891711861549659	0.9843344134059195	0.9836863089616315	0.9879134501557922	0.9852439135942725	0.9858624267816872	0.9893762207142107	0.9872972174894692	0.9886081491038154	0.9914180194409291	0.9883079044884393	0.9893177693806816	0.9868903888036965	0.9959720263328291	0.9947786125202102	0.9889056828299204	0.9859622059077665	0.9865761470852612	0.9877911229316724	0.9828405718578942	0.987575950561629	0.988846390569391	0.988338052373805	0.9867325668232615	0.98473983308319	0.9894345686336511	0.9890534485715186	0.9865421753569618	0.9865421753569618	1.0	0.9871100752536224	0.9875142135404479	0.97890870410693	0.9860864751492137
0.9894052993920222	0.9879840232170348	0.9898685632737914	0.9868873523196757	0.9873594781009972	0.9885996877318246	0.9875855529768304	0.9871316486190056	0.9895422301403823	0.989350367512757	0.9886839458296863	0.9881474325291588	0.9890188405775326	0.9894875260399854	0.9874842572426409	0.9896513669213489	0.9882036090518425	0.9889632605336731	0.9879603680385252	0.9879440239695411	0.987831507888588	0.9819528227451708	0.9900305273888449	0.9900843392576009	0.9887679890562533	0.9873092485162323	0.986360762674399	0.9894327310588802	0.9894327310588802	0.9869268395571942	0.9877426237959689	0.9871100752536224	1.0	0.9882604840947729	0.9788490572506775	0.988730081488133
0.987908379979914	0.988828876881837	0.9901761354361363	0.9890148522798657	0.9875349779185298	0.9865869792477625	0.9872816127320417	0.9874694663330363	0.987746077110881	0.9873003257207741	0.9871992146581802	0.9881115976230302	0.9868109309081048	0.9873367844391471	0.987960911898952	0.9882840046845202	0.9877516029127501	0.9869223375223167	0.9886669962145455	0.988419097202571	0.9857636377655915	0.980762436884581	0.9864744289233192	0.9877365847027909	0.9868388179536581	0.9855421614728896	0.98821475277799	0.9867830202000477	0.9868109309081048	0.9844996272117768	0.9863735656085141	0.9875142135404479	0.9882604840947729	1.0	0.9780712104866002	0.9890909942708502
0.9782765362397274	0.9801570902510659	0.9780625444875365	0.9782481513942801	0.9790993709315459	0.9786298059291378	0.9793793152115373	0.9776121955187715	0.9771806867887132	0.9784878620254156	0.9774790593493372	0.9789012795857247	0.9776876922000316	0.9782017750818488	0.9780819637420398	0.9785874810428098	0.9793145386493008	0.9775325613418472	0.9798191511543785	0.97878662507596	0.9794191498438374	0.9801601791501782	0.9764921536951755	0.9790686297215634	0.9766786144007961	0.9777733459449144	0.9790428823728049	0.9772103628440351	0.9777830997218067	0.980652399475785	0.9779672048558148	0.97890870410693	0.9788490572506775	0.9780712104866002	1.0	0.9805290853013254
0.9901892209852137	0.9884059181881909	0.9898401906485779	0.9859551310287834	0.9780642895818596	0.9889711285277952	0.9872455434384683	0.9844286613101288	0.9902662845466408	0.9894874286208207	0.9893689979131396	0.9838257235560569	0.9903047489631904	0.9904198740294057	0.9890111322191623	0.9906869482403972	0.989170663341138	0.9909141622880289	0.9866066659823021	0.9831623850053887	0.9897230219340576	0.9849755543022705	0.988810626525515	0.9899569447524111	0.9903815435989437	0.9868637077598106	0.9797334708672606	0.9901119770735932	0.9895661468331989	0.9882016845129722	0.9865205370196203	0.9860864751492137	0.988730081488133	0.9890909942708502	0.9805290853013254	1.0
