/home/jshaw/scratch/2022_sketched_distance/references/SGB_genome_fastas_part2/2134/BackhedF_2015__SID585_M__bin.18.fa	/home/jshaw/scratch/2022_sketched_distance/references/SGB_genome_fastas_part2/2134/Bengtsson-PalmeJ_2015__TRAVELRES50__bin.70.fa	/home/jshaw/scratch/2022_sketched_distance/references/SGB_genome_fastas_part2/2134/Bengtsson-PalmeJ_2015__TRAVELRES55__bin.73.fa	/home/jshaw/scratch/2022_sketched_distance/references/SGB_genome_fastas_part2/2134/Bengtsson-PalmeJ_2015__TRAVELRES69__bin.38.fa	/home/jshaw/scratch/2022_sketched_distance/references/SGB_genome_fastas_part2/2134/Bengtsson-PalmeJ_2015__TRAVELRES70__bin.46.fa	/home/jshaw/scratch/2022_sketched_distance/references/SGB_genome_fastas_part2/2134/CosteaPI_2017__SID713A009-11-0-0__bin.16.fa	/home/jshaw/scratch/2022_sketched_distance/references/SGB_genome_fastas_part2/2134/CosteaPI_2017__SID713A009-11-90-0__bin.46.fa	/home/jshaw/scratch/2022_sketched_distance/references/SGB_genome_fastas_part2/2134/CosteaPI_2017__SID713B020-11-0-0__bin.53.fa	/home/jshaw/scratch/2022_sketched_distance/references/SGB_genome_fastas_part2/2134/CosteaPI_2017__SID713B057-11-0-0__bin.39.fa	/home/jshaw/scratch/2022_sketched_distance/references/SGB_genome_fastas_part2/2134/CosteaPI_2017__SID713B057-11-90-0__bin.8.fa	/home/jshaw/scratch/2022_sketched_distance/references/SGB_genome_fastas_part2/2134/FengQ_2015__SID530450__bin.38.fa	/home/jshaw/scratch/2022_sketched_distance/references/SGB_genome_fastas_part2/2134/KarlssonFH_2013__S193__bin.44.fa	/home/jshaw/scratch/2022_sketched_distance/references/SGB_genome_fastas_part2/2134/KosticAD_2015__PRJNA231909.3110086__bin.29.fa	/home/jshaw/scratch/2022_sketched_distance/references/SGB_genome_fastas_part2/2134/KosticAD_2015__PRJNA231909.3113044__bin.7.fa	/home/jshaw/scratch/2022_sketched_distance/references/SGB_genome_fastas_part2/2134/LiJ_2014__MH0355__bin.77.fa	/home/jshaw/scratch/2022_sketched_distance/references/SGB_genome_fastas_part2/2134/LiJ_2014__MH0381__bin.39.fa	/home/jshaw/scratch/2022_sketched_distance/references/SGB_genome_fastas_part2/2134/LiSS_2016__FAT_017-22-42-0__bin.2.fa	/home/jshaw/scratch/2022_sketched_distance/references/SGB_genome_fastas_part2/2134/SchirmerM_2016__G88738__bin.15.fa	/home/jshaw/scratch/2022_sketched_distance/references/SGB_genome_fastas_part2/2134/SchirmerM_2016__G88764__bin.6.fa	/home/jshaw/scratch/2022_sketched_distance/references/SGB_genome_fastas_part2/2134/SchirmerM_2016__G88773__bin.12.fa	/home/jshaw/scratch/2022_sketched_distance/references/SGB_genome_fastas_part2/2134/SchirmerM_2016__G88814__bin.17.fa	/home/jshaw/scratch/2022_sketched_distance/references/SGB_genome_fastas_part2/2134/SchirmerM_2016__G88815__bin.6.fa	/home/jshaw/scratch/2022_sketched_distance/references/SGB_genome_fastas_part2/2134/SchirmerM_2016__G88829__bin.2.fa	/home/jshaw/scratch/2022_sketched_distance/references/SGB_genome_fastas_part2/2134/SchirmerM_2016__G88846__bin.7.fa	/home/jshaw/scratch/2022_sketched_distance/references/SGB_genome_fastas_part2/2134/SchirmerM_2016__G88897__bin.16.fa	/home/jshaw/scratch/2022_sketched_distance/references/SGB_genome_fastas_part2/2134/SchirmerM_2016__G88944__bin.14.fa	/home/jshaw/scratch/2022_sketched_distance/references/SGB_genome_fastas_part2/2134/SchirmerM_2016__G88953__bin.3.fa	/home/jshaw/scratch/2022_sketched_distance/references/SGB_genome_fastas_part2/2134/SchirmerM_2016__G89030__bin.18.fa	/home/jshaw/scratch/2022_sketched_distance/references/SGB_genome_fastas_part2/2134/SchirmerM_2016__G89044__bin.4.fa	/home/jshaw/scratch/2022_sketched_distance/references/SGB_genome_fastas_part2/2134/SchirmerM_2016__G89101__bin.11.fa	/home/jshaw/scratch/2022_sketched_distance/references/SGB_genome_fastas_part2/2134/SchirmerM_2016__G89113__bin.14.fa	/home/jshaw/scratch/2022_sketched_distance/references/SGB_genome_fastas_part2/2134/SchirmerM_2016__G89117__bin.3.fa	/home/jshaw/scratch/2022_sketched_distance/references/SGB_genome_fastas_part2/2134/SchirmerM_2016__G89143__bin.4.fa	/home/jshaw/scratch/2022_sketched_distance/references/SGB_genome_fastas_part2/2134/SchirmerM_2016__G89185__bin.12.fa	/home/jshaw/scratch/2022_sketched_distance/references/SGB_genome_fastas_part2/2134/SchirmerM_2016__G89274__bin.5.fa	/home/jshaw/scratch/2022_sketched_distance/references/SGB_genome_fastas_part2/2134/VatanenT_2016__G78575__bin.8.fa	/home/jshaw/scratch/2022_sketched_distance/references/SGB_genome_fastas_part2/2134/VatanenT_2016__G78624__bin.5.fa	/home/jshaw/scratch/2022_sketched_distance/references/SGB_genome_fastas_part2/2134/VatanenT_2016__G78719__bin.3.fa	/home/jshaw/scratch/2022_sketched_distance/references/SGB_genome_fastas_part2/2134/VatanenT_2016__G78880__bin.3.fa	/home/jshaw/scratch/2022_sketched_distance/references/SGB_genome_fastas_part2/2134/VatanenT_2016__G80275__bin.17.fa	/home/jshaw/scratch/2022_sketched_distance/references/SGB_genome_fastas_part2/2134/VatanenT_2016__G80343__bin.18.fa	/home/jshaw/scratch/2022_sketched_distance/references/SGB_genome_fastas_part2/2134/VatanenT_2016__G80350__bin.11.fa	/home/jshaw/scratch/2022_sketched_distance/references/SGB_genome_fastas_part2/2134/VatanenT_2016__G80359__bin.8.fa	/home/jshaw/scratch/2022_sketched_distance/references/SGB_genome_fastas_part2/2134/VatanenT_2016__G80381__bin.16.fa	/home/jshaw/scratch/2022_sketched_distance/references/SGB_genome_fastas_part2/2134/VogtmannE_2016__MMRS51307502ST-27-0-0__bin.56.fa	/home/jshaw/scratch/2022_sketched_distance/references/SGB_genome_fastas_part2/2134/XieH_2016__YSZC12003_37583__bin.43.fa	/home/jshaw/scratch/2022_sketched_distance/references/SGB_genome_fastas_part2/2134/ZeeviD_2015__PNP_Main_449__bin.35.fa	/home/jshaw/scratch/2022_sketched_distance/references/SGB_genome_fastas_part2/2134/ZeeviD_2015__PNP_Main_503__bin.3.fa
1.0	0.9964255631961959	0.9971445640780161	0.9946613742439793	0.9964034211135916	0.9976862349234118	0.9982502808250132	0.9976689924109033	0.9970187803157041	0.9962237242197545	0.99367459676385	0.995337819215508	0.997287377298771	0.9969268354868926	0.9959662698236547	0.9956687724110124	0.9946595511546654	0.9941918279600535	0.9936637578754265	0.9953509022617754	0.9940655053631814	0.9920987141284766	0.9952921272989146	0.9951292143485173	0.9936497200703143	0.9944616584364985	0.9947692900300291	0.9966558835474704	0.994220875094873	0.9952365015839468	0.9906031520164283	0.9920008758961014	0.9920849813999488	0.9942571958376009	0.9955504879479836	0.9974440223381167	0.9972015406279804	0.9970713318893412	0.9982672247324024	0.9940420583112541	0.996385499865963	0.9974266537366239	0.9970741122151672	0.9968836758885509	0.9952921272989146	0.9955659013644055	0.9964627322628156	0.9979438056319813
0.9964255631961959	1.0	0.9955166078378511	0.9935666451997683	0.9963872302854792	0.9976109551392022	0.9982516908872139	0.9967496191692566	0.9948005278268256	0.9928753848749692	0.9915977262000265	0.9936916878305903	0.9959820404419042	0.9940640083740143	0.9954142356380155	0.9952360265096065	0.9912359039459469	0.9923394907295111	0.9943914839695224	0.9943099179267265	0.9953153487669449	0.9898585458060256	0.9949969153022342	0.9926150299579876	0.9918441913943911	0.9923664285276078	0.9945337433560749	0.9944489107534511	0.9915433365106607	0.9953944818274739	0.9903684704136094	0.9895893918499411	0.9914766796047086	0.9941051202309342	0.9948967746297676	0.9967685832036561	0.9967875364202147	0.9939816313159011	0.9981245272157943	0.9914989135140552	0.9957678080797578	0.9967306443044543	0.9952077675807557	0.9956307549481432	0.9947560677186212	0.9943406543219041	0.9947638073377073	0.9979420175342772
0.9971445640780161	0.9955166078378511	1.0	0.997641385782187	0.9990888238470578	0.9988622488076906	0.9990271833867125	0.997641385782187	0.9934391868583076	0.9915787085417015	0.9921428128812423	0.9976199385076434	0.9974478604889749	0.9973182149958872	0.9980886129913349	0.9966843660088813	0.9915723500668974	0.9952181343834501	0.9955394565100979	0.9971663201184684	0.9965959819449396	0.992678599736041	0.996307098720138	0.9957670821776665	0.9911653740967432	0.9953791844223818	0.9959254963884138	0.9972748872364995	0.995993157459847	0.9967505000916729	0.9930007317470865	0.9901436139307086	0.9945424691805078	0.9963294099313952	0.9969043029526842	0.9976842388795448	0.997641385782187	0.9970355697491315	0.9979189489871759	0.9956989582497033	0.9972315029306645	0.9977056447385309	0.9932678433362544	0.9977911306635316	0.9988829103640987	0.9934416477792337	0.9947883500164741	0.9977056447385309
0.9946613742439793	0.9935666451997683	0.997641385782187	1.0	0.9983620936915926	0.9979625548636233	0.9985421284394397	0.9957335639508552	0.9944249550245595	0.9930339534944161	0.9926790608509997	0.9978699055756176	0.9949626976840819	0.9945805567018636	0.9976873645149532	0.9950824646237092	0.9927774965216674	0.9927577409118042	0.994418328153351	0.9957140202189932	0.995399745046648	0.9901961258589425	0.9951222910267085	0.9936014829864673	0.9926032913823005	0.9946534507811507	0.9948224207463211	0.9967776721555297	0.9927080107667744	0.9954785933144412	0.991017285901306	0.9896393887980502	0.9914425830463094	0.9948424966741793	0.9961027252166219	0.9951819411172454	0.9960253474599486	0.9939680613770893	0.9966773820090521	0.995002668069786	0.9960447088116624	0.995596515532453	0.9943068397052474	0.9947822323908784	0.9970362560735746	0.9975481930670611	0.9959455421930752	0.9963145889705873
0.9964034211135916	0.9963872302854792	0.9990888238470578	0.9983620936915926	1.0	0.9987637359665534	0.9992576329970679	0.9967114027931391	0.9961338115655888	0.9952271046943417	0.9942121873817362	0.9980709386079467	0.9957699598038229	0.9966107790839295	0.9981309477604984	0.9957630485810034	0.995429811297951	0.9952230006638731	0.9951863999986065	0.9970272638448843	0.9953750276095901	0.9947284023566698	0.9961778905465118	0.9951292143485173	0.9948106872892937	0.9950757253681354	0.9956185782363015	0.9986679531649048	0.9949260246485506	0.996578825935776	0.994053995018111	0.9948726161974838	0.9948875332912259	0.9954771048556624	0.9969257182161047	0.9960630723833974	0.996486132891271	0.9960221634133387	0.9951884915633187	0.996149001011793	0.9970077805665865	0.9959154440430541	0.9965661160755742	0.9961777651217345	0.9971854640536308	0.9974625573738569	0.9973602351496229	0.9958916404094983
0.9976862349234118	0.9976109551392022	0.9988622488076906	0.9979625548636233	0.9987637359665534	1.0	0.9999450707767603	0.9969668358814596	0.9979536510803364	0.9970280881161874	0.9951633448486443	0.9985053849059787	0.9976720377424815	0.9979292559868161	0.9982347054635683	0.997200122163723	0.9961825955406064	0.9960452787130994	0.9961201794665847	0.9984873413722803	0.9962393706304095	0.9962838198730913	0.9958434090134783	0.9968205635101491	0.9961859344520188	0.9962910098325323	0.9948136983196929	0.999105321596485	0.9961587064292518	0.9959430417130034	0.9959306582722779	0.9966171604536235	0.9964072040452268	0.9964013122247634	0.9961265931811625	0.9972240909634708	0.9974131940576897	0.9979629470518729	0.9961565112135378	0.9976096913204694	0.9975862761213544	0.9977418136007448	0.9976736329738228	0.9971534413963951	0.998572203561545	0.9978461931607965	0.9985204190835713	0.9970454422264194
0.9982502808250132	0.9982516908872139	0.9990271833867125	0.9985421284394397	0.9992576329970679	0.9999450707767603	1.0	0.9972445184612726	0.9980263494005784	0.9971214516134719	0.9953356210409866	0.9990051741661009	0.9980079196017319	0.9981974796346791	0.998833595083594	0.9976656598360677	0.9962472554524153	0.996517327923616	0.9967898642968831	0.9988761980654799	0.9969776445840653	0.9964165138365126	0.9964655778173312	0.9971449403163994	0.9962420181219436	0.9966730894358465	0.9951635528994155	0.9992937046123463	0.9963502280972778	0.9965779140965617	0.9961801500807368	0.9968389723709824	0.9967100602008662	0.9967775170474608	0.9966208435667886	0.9977813642542138	0.9980574380920729	0.9983023447645395	0.996818338360113	0.9978619828562509	0.9979033754024881	0.9980855778873426	0.9978382659451381	0.9977081997414509	0.998706080807023	0.9984759148474268	0.9985642436385519	0.9976480321293082
0.9976689924109033	0.9967496191692566	0.997641385782187	0.9957335639508552	0.9967114027931391	0.9969668358814596	0.9972445184612726	1.0	0.9986022876148336	0.997699106703041	0.9940594780561857	0.9960424698297035	0.9981508372126507	0.9984105125257172	0.9963704822388654	0.9959695184157719	0.9943532064861478	0.9952230006638731	0.9942852055556959	0.9967238068738907	0.9942996477392766	0.9946686313696477	0.9943573139572237	0.9959266184955533	0.994101071908999	0.9951386053708674	0.994054277172401	0.9972604114839667	0.9947461279605746	0.9947736545661988	0.9944491453660819	0.9954853191285292	0.9947373131303453	0.9954947830558359	0.9950538092844919	0.9972921388293451	0.9979018748209351	0.9981062735647985	0.9959169111745397	0.9955770343431244	0.9952175074984773	0.9977253549175273	0.9979366559903674	0.9975358299922521	0.9968339676216048	0.9960614977877432	0.9972009193744769	0.9973725221301925
0.9970187803157041	0.9948005278268256	0.9934391868583076	0.9944249550245595	0.9961338115655888	0.9979536510803364	0.9980263494005784	0.9986022876148336	1.0	0.9929350774282044	0.9882104923730936	0.9945864360474784	0.9982675362086311	0.9972425845056122	0.9957990082718313	0.9959539525321215	0.9875843352120592	0.9934669691517527	0.9939904526530666	0.9962105967567593	0.9948804572050655	0.9916401437304396	0.9953822520417009	0.9949070575770903	0.9856697511309473	0.993383552247039	0.9951718944543042	0.9946936547361371	0.9944249550245595	0.995928178658981	0.9915519848235712	0.9902924038864607	0.9939083453512936	0.9951190959759872	0.9961338115655888	0.9974895012815886	0.9974895012815886	0.9974648919620255	0.9980505469129153	0.99439796487654	0.9967683284545575	0.9978077760555516	0.989981105485641	0.9978564721813744	0.9974402644142351	0.9915813972599327	0.9915225461900355	0.9980021342751046
0.9962237242197545	0.9928753848749692	0.9915787085417015	0.9930339534944161	0.9952271046943417	0.9970280881161874	0.9971214516134719	0.997699106703041	0.9929350774282044	1.0	0.9864631638853932	0.9934791499234877	0.9975843757736197	0.9963193724804088	0.9945036535579397	0.9947048078678429	0.9870767647586012	0.9923143334312824	0.9917436010172971	0.995103492272214	0.9932179952411385	0.9903436775186365	0.9943773094593392	0.9933488300507811	0.9854762467156788	0.991440666966076	0.9940209620207472	0.9929283255351145	0.9929018657903523	0.9947298665618438	0.9907699192051658	0.9886417041166347	0.9929018657903523	0.9938156009988192	0.995103492272214	0.9965335792004498	0.9962476621242222	0.9961757965805412	0.9969578929682096	0.9927692488165413	0.9957413057327767	0.9969344615980623	0.9898141394514112	0.9967935253477953	0.9961277996650226	0.9897957481379328	0.9892681264671417	0.9972377883930093
0.99367459676385	0.9915977262000265	0.9921428128812423	0.9926790608509997	0.9942121873817362	0.9951633448486443	0.9953356210409866	0.9940594780561857	0.9882104923730936	0.9864631638853932	1.0	0.9934415029398854	0.993957279447333	0.9935970809607032	0.9938804230819361	0.9925458115702335	0.9916466530114817	0.9964460045334077	0.9966825562608078	0.9940594780561857	0.9977723363889344	0.9938033880037207	0.997451440284628	0.9912107457310251	0.9910016746290178	0.9963032606253955	0.997243502404131	0.9925190971957626	0.996894022238481	0.9980449472022148	0.9944903399462736	0.9917074648783926	0.9956288863717528	0.9973129596434271	0.9981804194215025	0.993906061685728	0.993957279447333	0.9933112939029327	0.9945657963916525	0.9920887068088782	0.9943389098095256	0.994161362424793	0.9879637431493682	0.9943894634276771	0.9950397403458235	0.9892342812970586	0.9892342812970586	0.9941359206852467
0.995337819215508	0.9936916878305903	0.9976199385076434	0.9978699055756176	0.9980709386079467	0.9985053849059787	0.9990051741661009	0.9960424698297035	0.9945864360474784	0.9934791499234877	0.9934415029398854	1.0	0.9953180303998356	0.9952189088809097	0.9978332232239117	0.9949597981706669	0.9934519626500133	0.9931923670214994	0.9942110503621646	0.9961777651217345	0.9957897349503256	0.9906034706116907	0.9956920145422709	0.9937910941012797	0.9933453653842376	0.995451229918822	0.995337819215508	0.9970400260092435	0.9932137882370466	0.9960230968476368	0.9916149481447095	0.9896893100848869	0.991989146726852	0.9953180303998356	0.9965803748939762	0.9958871685130336	0.9960424698297035	0.9946582868950351	0.997053395821553	0.9954957062851113	0.9965422406795912	0.9961391655446741	0.9948143716372809	0.9952189088809097	0.9971659259459049	0.9973767005471382	0.9959455421930752	0.9967893341916759
0.997287377298771	0.9959820404419042	0.9974478604889749	0.9949626976840819	0.9957699598038229	0.9976720377424815	0.9980079196017319	0.9981508372126507	0.9982675362086311	0.9975843757736197	0.993957279447333	0.9953180303998356	1.0	0.9984282038615478	0.9959292780549821	0.9962675644337227	0.9941473923668908	0.9948759878737745	0.99313340014149	0.9965259650817537	0.9932854989655103	0.994206771370162	0.9947852033647757	0.9953904784068787	0.9942799050536087	0.9949496066096789	0.9945917503400071	0.9965948214115284	0.9947861894276022	0.9954964748060884	0.9929374867375184	0.9944649639728766	0.9944158173953941	0.9933973764580969	0.9955479252085725	0.9965010476878423	0.9971129524068258	0.9982311797552278	0.996726339946326	0.9939613926793456	0.9959566820493421	0.996992986770104	0.9976736329738228	0.9973972879458782	0.9966745730393728	0.9964173409264941	0.9972009193744769	0.9968476380208351
0.9969268354868926	0.9940640083740143	0.9973182149958872	0.9945805567018636	0.9966107790839295	0.9979292559868161	0.9981974796346791	0.9984105125257172	0.9972425845056122	0.9963193724804088	0.9935970809607032	0.9952189088809097	0.9984282038615478	1.0	0.9962916868319259	0.9954899391302342	0.9935221663359379	0.9944838038282943	0.9929405380400621	0.9961783300542837	0.9944696831520173	0.990980928054905	0.9949051662051038	0.9942293448223163	0.9932841573204557	0.9946321952306193	0.9948658123310189	0.9963083711420223	0.9941393230464556	0.9952961578958798	0.9914684660207159	0.9910094094721827	0.9925627902505032	0.9943499154879692	0.9958167922675751	0.9982330799621232	0.9974955478556401	0.9969419835188985	0.9981618411762754	0.9933758631311778	0.9963293866011376	0.9980725776610623	0.9963607225259097	0.9979472050008421	0.9971665134922115	0.9956565619505692	0.9965559075799624	0.9982686422414717
0.9959662698236547	0.9954142356380155	0.9980886129913349	0.9976873645149532	0.9981309477604984	0.9982347054635683	0.998833595083594	0.9963704822388654	0.9957990082718313	0.9945036535579397	0.9938804230819361	0.9978332232239117	0.9959292780549821	0.9962916868319259	1.0	0.9957818717237994	0.9948958775513235	0.9948143716372809	0.9949925608796336	0.9958922450208014	0.9955944838761984	0.9918173579705633	0.9954445954665049	0.9950079333998989	0.994160790249725	0.9953889402284554	0.9952184855960446	0.9975388053901805	0.9946256523187449	0.995780897386518	0.9915642307436189	0.9908893713689424	0.992336319450638	0.9947999049468487	0.9963339382964679	0.9961689910877446	0.9965344342228278	0.9958121240601723	0.9972712556974052	0.9949950365292581	0.9962607295548792	0.9964616665666587	0.9958764722386124	0.9958737129998741	0.99669758096742	0.9977613223984436	0.9971552599840635	0.9966794930664485
0.9956687724110124	0.9952360265096065	0.9966843660088813	0.9950824646237092	0.9957630485810034	0.997200122163723	0.9976656598360677	0.9959695184157719	0.9959539525321215	0.9947048078678429	0.9925458115702335	0.9949597981706669	0.9962675644337227	0.9954899391302342	0.9957818717237994	1.0	0.9930986940296733	0.993960600003391	0.9931950305971566	0.9951166249243728	0.9941622772314362	0.9904868202195958	0.994003822578745	0.9956695578781979	0.9928835224615964	0.9940314377831437	0.9936645689653913	0.9960815568965541	0.9933752950138552	0.9942609280074466	0.9901327943566093	0.9900119701579905	0.9918717849950878	0.9934431857464727	0.9946720845966835	0.9958194860167863	0.996507772500844	0.9953880153295938	0.997037443481694	0.9924958788880172	0.9956120778983898	0.9963786456098547	0.9960155516361382	0.9960256062163666	0.9952698615293178	0.9967475165777586	0.9962051441101792	0.996618054566894
0.9946595511546654	0.9912359039459469	0.9915723500668974	0.9927774965216674	0.995429811297951	0.9961825955406064	0.9962472554524153	0.9943532064861478	0.9875843352120592	0.9870767647586012	0.9916466530114817	0.9934519626500133	0.9941473923668908	0.9935221663359379	0.9948958775513235	0.9930986940296733	1.0	0.996311789709249	0.9960203927418965	0.994761040207744	0.9976388350869936	0.9948958775513235	0.9982830090535895	0.9914232411730635	0.9870341117073432	0.9955949186129223	0.9977625005320161	0.9932757995011127	0.9972337162021132	0.9983437134199229	0.9948958775513235	0.9914605815125489	0.9960203927418965	0.9981917443566609	0.9989447444545089	0.9946256523187449	0.9943532064861478	0.9934168049169847	0.9948622195801929	0.9929919741516555	0.9953966910218086	0.9946595511546654	0.9772195160718476	0.994761040207744	0.9962149412344683	0.9887390967506079	0.9900500792350331	0.9942504591928036
0.9941918279600535	0.9923394907295111	0.9952181343834501	0.9927577409118042	0.9952230006638731	0.9960452787130994	0.996517327923616	0.9952230006638731	0.9934669691517527	0.9923143334312824	0.9964460045334077	0.9931923670214994	0.9948759878737745	0.9944838038282943	0.9948143716372809	0.993960600003391	0.996311789709249	1.0	0.9966148326780355	0.9951213143969241	0.9981743986635891	0.9942127688957524	0.9982115379677846	0.9911669945374585	0.9962139881269738	0.996772910549281	0.998099995455244	0.99376822204906	0.9971939276465153	0.9990363997376336	0.9953243761911852	0.9930987342744203	0.9959857979182939	0.9983412000608797	0.9992529546844464	0.9953648398267567	0.9955262027079101	0.9940027616467876	0.9955664211191204	0.9922285403177058	0.9953648398267567	0.9954859354938581	0.9932678433362544	0.9956065908476057	0.9952838631454299	0.9934818087560201	0.9940440488663836	0.9955060752087641
0.9936637578754265	0.9943914839695224	0.9955394565100979	0.994418328153351	0.9951863999986065	0.9961201794665847	0.9967898642968831	0.9942852055556959	0.9939904526530666	0.9917436010172971	0.9966825562608078	0.9942110503621646	0.99313340014149	0.9929405380400621	0.9949925608796336	0.9931950305971566	0.9960203927418965	0.9966148326780355	1.0	0.9941458939590097	0.9993242882217663	0.9935739012173287	0.9986868114489814	0.9917773510017527	0.996298007234251	0.9969716575994062	0.9979124892439183	0.9951797438344235	0.9964074698812132	0.9989294562960991	0.9941059828416567	0.9934122007730349	0.9948952148417093	0.9977339649596008	0.998721583459298	0.9945029475269973	0.9953021620982777	0.9927437198609466	0.9955324815750072	0.9927272211094786	0.9953406598754151	0.9948171317506195	0.9933431479837189	0.9938252507825295	0.9939659141447187	0.9941517144089859	0.9951057629184001	0.9949925608796336
0.9953509022617754	0.9943099179267265	0.9971663201184684	0.9957140202189932	0.9970272638448843	0.9984873413722803	0.9988761980654799	0.9967238068738907	0.9962105967567593	0.995103492272214	0.9940594780561857	0.9961777651217345	0.9965259650817537	0.9961783300542837	0.9958922450208014	0.9951166249243728	0.994761040207744	0.9951213143969241	0.9941458939590097	1.0	0.9950127788815958	0.9930754948263247	0.9963087852295116	0.9944771959855732	0.9943393022989812	0.9949285401115042	0.9958885114407622	0.9978737513237944	0.9949658695084747	0.9966520006515515	0.9923809693287519	0.992940880890104	0.993048772961593	0.9953135027346586	0.9970982645689948	0.9958332988027339	0.9955324526387888	0.9964006819468492	0.9972398126219438	0.9938400247874912	0.9973455795076805	0.9966520006515515	0.9964293282616687	0.9958885114407622	0.9967775598780673	0.9960614977877432	0.9969030059072315	0.9965079209006246
0.9940655053631814	0.9953153487669449	0.9965959819449396	0.995399745046648	0.9953750276095901	0.9962393706304095	0.9969776445840653	0.9942996477392766	0.9948804572050655	0.9932179952411385	0.9977723363889344	0.9957897349503256	0.9932854989655103	0.9944696831520173	0.9955944838761984	0.9941622772314362	0.9976388350869936	0.9981743986635891	0.9993242882217663	0.9950127788815958	1.0	0.9952223483809923	0.9985728637263855	0.9932189725862419	0.9975603826966473	0.998614694502922	0.997954056990867	0.9958948222019308	0.997825648193641	0.9990989245869851	0.994468820235863	0.9950851738833927	0.9952601335926053	0.9981392316621136	0.9988040387772448	0.9947488699284802	0.9958288213389307	0.9942231138772718	0.9955932326926655	0.9939613926793456	0.9951186278972107	0.9945437317645841	0.9944162525874867	0.9943648753280375	0.9942443429898652	0.9954977430160706	0.9957316202588381	0.9951920873931472
0.9920987141284766	0.9898585458060256	0.992678599736041	0.9901961258589425	0.9947284023566698	0.9962838198730913	0.9964165138365126	0.9946686313696477	0.9916401437304396	0.9903436775186365	0.9938033880037207	0.9906034706116907	0.994206771370162	0.990980928054905	0.9918173579705633	0.9904868202195958	0.9948958775513235	0.9942127688957524	0.9935739012173287	0.9930754948263247	0.9952223483809923	1.0	0.9982743691022724	0.9890319037461401	0.9947521293846493	0.9941179298794497	0.9980049277560346	0.9917324398712326	0.994220875094873	0.9984527921442846	0.9953202610092808	0.99381091754991	0.9957090475441273	0.9965486797783281	0.998912264928236	0.9927390056820846	0.9919475122145952	0.9905546354870709	0.993553283372642	0.98993922358484	0.995437376011247	0.9931382074823033	0.9919999216830178	0.9926119349227923	0.9930126631357858	0.9902071742656912	0.992608292418638	0.9932840766664951
0.9952921272989146	0.9949969153022342	0.996307098720138	0.9951222910267085	0.9961778905465118	0.9958434090134783	0.9964655778173312	0.9943573139572237	0.9953822520417009	0.9943773094593392	0.997451440284628	0.9956920145422709	0.9947852033647757	0.9949051662051038	0.9954445954665049	0.994003822578745	0.9982830090535895	0.9982115379677846	0.9986868114489814	0.9963087852295116	0.9985728637263855	0.9982743691022724	1.0	0.9934532535255457	0.9983322780071471	0.9982353348973396	0.9973475148247635	0.9962260723715763	0.9980804197124857	0.9981773994249232	0.9979434363350648	0.9982746427759261	0.9984546176318059	0.998516621034919	0.9982504992292203	0.994805074876296	0.9953458690773389	0.9950565413549083	0.9936788846494038	0.9950146018633906	0.9951472148126346	0.995265908045186	0.9947062669560597	0.9946865442345554	0.9954632938130614	0.9946920397860735	0.9960165442567469	0.9945725772985262
0.9951292143485173	0.9926150299579876	0.9957670821776665	0.9936014829864673	0.9951292143485173	0.9968205635101491	0.9971449403163994	0.9959266184955533	0.9949070575770903	0.9933488300507811	0.9912107457310251	0.9937910941012797	0.9953904784068787	0.9942293448223163	0.9950079333998989	0.9956695578781979	0.9914232411730635	0.9911669945374585	0.9917773510017527	0.9944771959855732	0.9932189725862419	0.9890319037461401	0.9934532535255457	1.0	0.9917480668649094	0.9925480729861561	0.9930690168989073	0.9949236378896301	0.9921326473434132	0.9934320236229959	0.9893458080026308	0.9880531020103401	0.9912598280630186	0.9930045416450413	0.9940630749359106	0.9953504176105091	0.9949471262152976	0.9949268323535615	0.9961034245978885	0.9927019851836137	0.9953504176105091	0.9956099523959868	0.994957965175047	0.9952500534800665	0.9953904784068787	0.994785116983212	0.9950084205668092	0.9955103714048642
0.9936497200703143	0.9918441913943911	0.9911653740967432	0.9926032913823005	0.9948106872892937	0.9961859344520188	0.9962420181219436	0.994101071908999	0.9856697511309473	0.9854762467156788	0.9910016746290178	0.9933453653842376	0.9942799050536087	0.9932841573204557	0.994160790249725	0.9928835224615964	0.9870341117073432	0.9962139881269738	0.996298007234251	0.9943393022989812	0.9975603826966473	0.9947521293846493	0.9983322780071471	0.9917480668649094	1.0	0.9951309204702474	0.9976947525552885	0.9924151433798879	0.9969626172320659	0.9987765806743514	0.9957906736112778	0.9919719242349959	0.9963818143145999	0.9979086214555686	0.9987506087418908	0.9943096169821315	0.993740483738368	0.9933453653842376	0.9947814212632826	0.9919400372567505	0.995188813959683	0.994160790249725	0.9844149768277874	0.994101071908999	0.9956768720954225	0.9884079715183558	0.9889712216881903	0.9939813113781802
0.9944616584364985	0.9923664285276078	0.9953791844223818	0.9946534507811507	0.9950757253681354	0.9962910098325323	0.9966730894358465	0.9951386053708674	0.993383552247039	0.991440666966076	0.9963032606253955	0.995451229918822	0.9949496066096789	0.9946321952306193	0.9953889402284554	0.9940314377831437	0.9955949186129223	0.996772910549281	0.9969716575994062	0.9949285401115042	0.998614694502922	0.9941179298794497	0.9982353348973396	0.9925480729861561	0.9951309204702474	1.0	0.9981589412490179	0.9932314606195003	0.997346033565652	0.9987652359229714	0.9951176586115712	0.9920937686362227	0.9958430391647781	0.9980248288345717	0.9991942891623702	0.9954097164541895	0.9955961194124769	0.994290239760326	0.9963112292391698	0.9937050664620164	0.995492691511061	0.9956992259756093	0.9925822795788188	0.9955754596043485	0.9957814812229919	0.9946920397860735	0.9943934702339077	0.9956786302726399
0.9947692900300291	0.9945337433560749	0.9959254963884138	0.9948224207463211	0.9956185782363015	0.9948136983196929	0.9951635528994155	0.994054277172401	0.9951718944543042	0.9940209620207472	0.997243502404131	0.995337819215508	0.9945917503400071	0.9948658123310189	0.9952184855960446	0.9936645689653913	0.9977625005320161	0.998099995455244	0.9979124892439183	0.9958885114407622	0.997954056990867	0.9980049277560346	0.9973475148247635	0.9930690168989073	0.9976947525552885	0.9981589412490179	1.0	0.995602241856195	0.9978986393845501	0.997530402597828	0.9973831327445789	0.9979458019708045	0.9978946177712495	0.9981922982306729	0.9978104437473148	0.9945661014357264	0.9949884430857651	0.994879704842433	0.9936445660122499	0.994282883650501	0.9943205800116381	0.9950167833636566	0.9941970644346486	0.9946865442345554	0.9951301990475783	0.9946220600172776	0.9955642780641712	0.9945016781695241
0.9966558835474704	0.9944489107534511	0.9972748872364995	0.9967776721555297	0.9986679531649048	0.999105321596485	0.9992937046123463	0.9972604114839667	0.9946936547361371	0.9929283255351145	0.9925190971957626	0.9970400260092435	0.9965948214115284	0.9963083711420223	0.9975388053901805	0.9960815568965541	0.9932757995011127	0.99376822204906	0.9951797438344235	0.9978737513237944	0.9958948222019308	0.9917324398712326	0.9962260723715763	0.9949236378896301	0.9924151433798879	0.9932314606195003	0.995602241856195	1.0	0.9943400635452121	0.9963904664709848	0.9920610952734574	0.9890040199457071	0.9939893305499504	0.9960194286250927	0.9966151879301296	0.9971403824092507	0.9972604114839667	0.9963904664709848	0.9971203353562823	0.9957906250337131	0.9975586017552692	0.9972004511244248	0.9943798217419649	0.99695952212987	0.9986488061887452	0.9952924239020202	0.9960165442567469	0.9970802049395492
0.994220875094873	0.9915433365106607	0.995993157459847	0.9927080107667744	0.9949260246485506	0.9961587064292518	0.9963502280972778	0.9947461279605746	0.9944249550245595	0.9929018657903523	0.996894022238481	0.9932137882370466	0.9947861894276022	0.9941393230464556	0.9946256523187449	0.9933752950138552	0.9972337162021132	0.9971939276465153	0.9964074698812132	0.9949658695084747	0.997825648193641	0.994220875094873	0.9980804197124857	0.9921326473434132	0.9969626172320659	0.997346033565652	0.9978986393845501	0.9943400635452121	1.0	0.9985663229988874	0.9947861894276022	0.9935678281717641	0.996197099230778	0.9976057085455178	0.9989923614443692	0.9948461910247077	0.9947861894276022	0.9940370999390662	0.9955578694529077	0.9920758633549458	0.9952434512887024	0.995045415909039	0.9939394990451947	0.9951643789529542	0.9953223356030103	0.9939140144611951	0.9954201671912609	0.9951247719918358
0.9952365015839468	0.9953944818274739	0.9967505000916729	0.9954785933144412	0.996578825935776	0.9959430417130034	0.9965779140965617	0.9947736545661988	0.995928178658981	0.9947298665618438	0.9980449472022148	0.9960230968476368	0.9954964748060884	0.9952961578958798	0.995780897386518	0.9942609280074466	0.9983437134199229	0.9990363997376336	0.9989294562960991	0.9966520006515515	0.9990989245869851	0.9984527921442846	0.9981773994249232	0.9934320236229959	0.9987765806743514	0.9987652359229714	0.997530402597828	0.9963904664709848	0.9985663229988874	1.0	0.998544101830808	0.998790330971664	0.9986057233847629	0.999140103887832	0.9985997746048693	0.9950059466481073	0.9959025018729433	0.9953880153295938	0.9944250380372636	0.9948970363511084	0.9950654724597912	0.9954250773446884	0.9952787955344442	0.9950982423911509	0.9959386035713639	0.9952237008673445	0.9962521271705878	0.9950646711884352
0.9906031520164283	0.9903684704136094	0.9930007317470865	0.991017285901306	0.994053995018111	0.9959306582722779	0.9961801500807368	0.9944491453660819	0.9915519848235712	0.9907699192051658	0.9944903399462736	0.9916149481447095	0.9929374867375184	0.9914684660207159	0.9915642307436189	0.9901327943566093	0.9948958775513235	0.9953243761911852	0.9941059828416567	0.9923809693287519	0.994468820235863	0.9953202610092808	0.9979434363350648	0.9893458080026308	0.9957906736112778	0.9951176586115712	0.9973831327445789	0.9920610952734574	0.9947861894276022	0.998544101830808	1.0	0.9952542447079487	0.9950184200446324	0.9960378129809405	0.9987747971856445	0.991271209663941	0.9913327566017386	0.9915673256737982	0.9927017082114256	0.9908517038449135	0.9947285390982984	0.9922450485600828	0.9920390661879996	0.9912782361991039	0.9920326752312356	0.9906050447096716	0.9925558455987016	0.9917617148888895
0.9920008758961014	0.9895893918499411	0.9901436139307086	0.9896393887980502	0.9948726161974838	0.9966171604536235	0.9968389723709824	0.9954853191285292	0.9902924038864607	0.9886417041166347	0.9917074648783926	0.9896893100848869	0.9944649639728766	0.9910094094721827	0.9908893713689424	0.9900119701579905	0.9914605815125489	0.9930987342744203	0.9934122007730349	0.992940880890104	0.9950851738833927	0.99381091754991	0.9982746427759261	0.9880531020103401	0.9919719242349959	0.9920937686362227	0.9979458019708045	0.9890040199457071	0.9935678281717641	0.998790330971664	0.9952542447079487	1.0	0.9956106847462869	0.996475232402139	0.9991672372762801	0.9926228973504557	0.9919077214613425	0.9910573028413416	0.9941613480157385	0.9900366599684403	0.9955480611379499	0.9936564308658	0.9895620953293985	0.9922326203259639	0.9928503397962158	0.9882276108085455	0.990246259313201	0.993166155969895
0.9920849813999488	0.9914766796047086	0.9945424691805078	0.9914425830463094	0.9948875332912259	0.9964072040452268	0.9967100602008662	0.9947373131303453	0.9939083453512936	0.9929018657903523	0.9956288863717528	0.991989146726852	0.9944158173953941	0.9925627902505032	0.992336319450638	0.9918717849950878	0.9960203927418965	0.9959857979182939	0.9948952148417093	0.993048772961593	0.9952601335926053	0.9957090475441273	0.9984546176318059	0.9912598280630186	0.9963818143145999	0.9958430391647781	0.9978946177712495	0.9939893305499504	0.996197099230778	0.9986057233847629	0.9950184200446324	0.9956106847462869	1.0	0.9964965663746173	0.999088005995725	0.9924184320318117	0.9921464113553268	0.9924057901787394	0.9933930067480282	0.9915105235093798	0.9953895612206066	0.9930581299947386	0.9931545642398555	0.9926597702865643	0.9927398267635819	0.9922758353959058	0.993993829393218	0.9928794612560203
0.9942571958376009	0.9941051202309342	0.9963294099313952	0.9948424966741793	0.9954771048556624	0.9964013122247634	0.9967775170474608	0.9954947830558359	0.9951190959759872	0.9938156009988192	0.9973129596434271	0.9953180303998356	0.9933973764580969	0.9943499154879692	0.9947999049468487	0.9934431857464727	0.9981917443566609	0.9983412000608797	0.9977339649596008	0.9953135027346586	0.9981392316621136	0.9965486797783281	0.998516621034919	0.9930045416450413	0.9979086214555686	0.9980248288345717	0.9981922982306729	0.9960194286250927	0.9976057085455178	0.999140103887832	0.9960378129809405	0.996475232402139	0.9964965663746173	1.0	0.9992665674757572	0.9943625389211402	0.9949695240777056	0.9942632796448025	0.9947621391854905	0.9945616525834278	0.9956358706434995	0.9945264167978533	0.9944162525874867	0.9942124147809694	0.9948687929438493	0.9941990504672048	0.9954923008600949	0.9944900025941859
0.9955504879479836	0.9948967746297676	0.9969043029526842	0.9961027252166219	0.9969257182161047	0.9961265931811625	0.9966208435667886	0.9950538092844919	0.9961338115655888	0.995103492272214	0.9981804194215025	0.9965803748939762	0.9955479252085725	0.9958167922675751	0.9963339382964679	0.9946720845966835	0.9989447444545089	0.9992529546844464	0.998721583459298	0.9970982645689948	0.9988040387772448	0.998912264928236	0.9982504992292203	0.9940630749359106	0.9987506087418908	0.9991942891623702	0.9978104437473148	0.9966151879301296	0.9989923614443692	0.9985997746048693	0.9987747971856445	0.9991672372762801	0.999088005995725	0.9992665674757572	1.0	0.9951875076204614	0.9959025018729433	0.9957737918915672	0.9941894430758643	0.9955962595447087	0.9955851765579703	0.9958980551256177	0.9954203968728192	0.9955782972354238	0.9963176006344345	0.9958596473208773	0.9965093525915679	0.9949773311301096
0.9974440223381167	0.9967685832036561	0.9976842388795448	0.9951819411172454	0.9960630723833974	0.9972240909634708	0.9977813642542138	0.9972921388293451	0.9974895012815886	0.9965335792004498	0.993906061685728	0.9958871685130336	0.9965010476878423	0.9982330799621232	0.9961689910877446	0.9958194860167863	0.9946256523187449	0.9953648398267567	0.9945029475269973	0.9958332988027339	0.9947488699284802	0.9927390056820846	0.994805074876296	0.9953504176105091	0.9943096169821315	0.9954097164541895	0.9945661014357264	0.9971403824092507	0.9948461910247077	0.9950059466481073	0.991271209663941	0.9926228973504557	0.9924184320318117	0.9943625389211402	0.9951875076204614	1.0	0.9982294373009225	0.9977106299891022	0.9977143112839	0.9947593477404676	0.9960101250280694	0.9973770032492136	0.9975413372620372	0.9979821465334462	0.9962097564460324	0.9963952120871	0.9973147942128491	0.9978649908131211
0.9972015406279804	0.9967875364202147	0.997641385782187	0.9960253474599486	0.996486132891271	0.9974131940576897	0.9980574380920729	0.9979018748209351	0.9974895012815886	0.9962476621242222	0.993957279447333	0.9960424698297035	0.9971129524068258	0.9974955478556401	0.9965344342228278	0.996507772500844	0.9943532064861478	0.9955262027079101	0.9953021620982777	0.9955324526387888	0.9958288213389307	0.9919475122145952	0.9953458690773389	0.9949471262152976	0.993740483738368	0.9955961194124769	0.9949884430857651	0.9972604114839667	0.9947861894276022	0.9959025018729433	0.9913327566017386	0.9919077214613425	0.9921464113553268	0.9949695240777056	0.9959025018729433	0.9982294373009225	1.0	0.9970897692006665	0.9989926193943667	0.9941426149778584	0.9961591035562798	0.9980919091416295	0.9971747861777452	0.9979191955974763	0.995364574718977	0.996856849934048	0.9970866530782801	0.9985538065630227
0.9970713318893412	0.9939816313159011	0.9970355697491315	0.9939680613770893	0.9960221634133387	0.9979629470518729	0.9983023447645395	0.9981062735647985	0.9974648919620255	0.9961757965805412	0.9933112939029327	0.9946582868950351	0.9982311797552278	0.9969419835188985	0.9958121240601723	0.9953880153295938	0.9934168049169847	0.9940027616467876	0.9927437198609466	0.9964006819468492	0.9942231138772718	0.9905546354870709	0.9950565413549083	0.9949268323535615	0.9933453653842376	0.994290239760326	0.994879704842433	0.9963904664709848	0.9940370999390662	0.9953880153295938	0.9915673256737982	0.9910573028413416	0.9924057901787394	0.9942632796448025	0.9957737918915672	0.9977106299891022	0.9970897692006665	1.0	0.9984265184955877	0.9928276657672302	0.9966257394867212	0.9981598622166562	0.9966683385553021	0.9976019053579364	0.9965321507513846	0.9954522262171354	0.9964860506063888	0.9978370277770754
