/home/jshaw/scratch/2022_sketched_distance/references/SGB_genome_fastas_part3/4867/BackhedF_2015__SID345_M__bin.45.fa	/home/jshaw/scratch/2022_sketched_distance/references/SGB_genome_fastas_part3/4867/BackhedF_2015__SID565_M__bin.29.fa	/home/jshaw/scratch/2022_sketched_distance/references/SGB_genome_fastas_part3/4867/CM_madagascar__V30_01_1FE__bin.35.fa	/home/jshaw/scratch/2022_sketched_distance/references/SGB_genome_fastas_part3/4867/FengQ_2015__SID31009__bin.90.fa	/home/jshaw/scratch/2022_sketched_distance/references/SGB_genome_fastas_part3/4867/FengQ_2015__SID31137__bin.19.fa	/home/jshaw/scratch/2022_sketched_distance/references/SGB_genome_fastas_part3/4867/FengQ_2015__SID31233__bin.63.fa	/home/jshaw/scratch/2022_sketched_distance/references/SGB_genome_fastas_part3/4867/FengQ_2015__SID31871__bin.44.fa	/home/jshaw/scratch/2022_sketched_distance/references/SGB_genome_fastas_part3/4867/FengQ_2015__SID530119__bin.73.fa	/home/jshaw/scratch/2022_sketched_distance/references/SGB_genome_fastas_part3/4867/HeQ_2017__SZAXPI029555-35__bin.82.fa	/home/jshaw/scratch/2022_sketched_distance/references/SGB_genome_fastas_part3/4867/LiJ_2014__V1.UC47-4__bin.64.fa	/home/jshaw/scratch/2022_sketched_distance/references/SGB_genome_fastas_part3/4867/LiuW_2016__SRR3992967__bin.42.fa	/home/jshaw/scratch/2022_sketched_distance/references/SGB_genome_fastas_part3/4867/NielsenHB_2014__V1_CD15_3__bin.32.fa	/home/jshaw/scratch/2022_sketched_distance/references/SGB_genome_fastas_part3/4867/NielsenHB_2014__V1_UC47_0__bin.5.fa	/home/jshaw/scratch/2022_sketched_distance/references/SGB_genome_fastas_part3/4867/SchirmerM_2016__G88746__bin.15.fa	/home/jshaw/scratch/2022_sketched_distance/references/SGB_genome_fastas_part3/4867/SchirmerM_2016__G88880__bin.14.fa	/home/jshaw/scratch/2022_sketched_distance/references/SGB_genome_fastas_part3/4867/SchirmerM_2016__G89024__bin.26.fa	/home/jshaw/scratch/2022_sketched_distance/references/SGB_genome_fastas_part3/4867/SchirmerM_2016__G89134__bin.13.fa	/home/jshaw/scratch/2022_sketched_distance/references/SGB_genome_fastas_part3/4867/SchirmerM_2016__G89263__bin.22.fa	/home/jshaw/scratch/2022_sketched_distance/references/SGB_genome_fastas_part3/4867/SmitsSA_2017__TZ_21460__bin.6.fa	/home/jshaw/scratch/2022_sketched_distance/references/SGB_genome_fastas_part3/4867/VogtmannE_2016__MMRS42780924ST-27-0-0__bin.56.fa	/home/jshaw/scratch/2022_sketched_distance/references/SGB_genome_fastas_part3/4867/VogtmannE_2016__MMRS65742083ST-27-0-0__bin.59.fa	/home/jshaw/scratch/2022_sketched_distance/references/SGB_genome_fastas_part3/4867/WenC_2017__RA042__bin.75.fa	/home/jshaw/scratch/2022_sketched_distance/references/SGB_genome_fastas_part3/4867/ZeeviD_2015__PNP_DietIntervention_36__bin.11.fa	/home/jshaw/scratch/2022_sketched_distance/references/SGB_genome_fastas_part3/4867/ZeeviD_2015__PNP_DietIntervention_37__bin.2.fa	/home/jshaw/scratch/2022_sketched_distance/references/SGB_genome_fastas_part3/4867/ZeeviD_2015__PNP_Main_162__bin.27.fa	/home/jshaw/scratch/2022_sketched_distance/references/SGB_genome_fastas_part3/4867/ZeeviD_2015__PNP_Main_23__bin.48.fa	/home/jshaw/scratch/2022_sketched_distance/references/SGB_genome_fastas_part3/4867/ZeeviD_2015__PNP_Main_325__bin.11.fa	/home/jshaw/scratch/2022_sketched_distance/references/SGB_genome_fastas_part3/4867/ZeeviD_2015__PNP_Main_404__bin.3.fa	/home/jshaw/scratch/2022_sketched_distance/references/SGB_genome_fastas_part3/4867/ZeeviD_2015__PNP_Main_45__bin.58.fa	/home/jshaw/scratch/2022_sketched_distance/references/SGB_genome_fastas_part3/4867/ZellerG_2014__CCIS02856720ST-4-0__bin.42.fa
1.0	0.9871000995749616	0.9817655399926717	0.9895887805161423	0.9812114033321244	0.9866274832394256	0.9907313261973573	0.9827152666927996	0.9872707013717886	0.989917850425212	0.9869602966910996	0.9881341004470037	0.9870864583108604	0.9859837373853321	0.9834939413577481	0.9754003299651036	0.9844946336108598	0.9952313895548106	0.9738122579086335	0.9908953521594706	0.9847114310609032	0.9803425650258525	0.9903414750721415	0.9895052409491013	0.9839296292659739	0.9795808422781147	0.9887261847375709	0.9813399753962121	0.9827442757270739	0.9893347360500203
0.9871000995749616	1.0	0.9785425228472502	0.9881715700449646	0.9774529014827029	0.9851768019502933	0.9856413963397724	0.9813119845113016	0.9835400751173783	0.9862047100833466	0.9851016865912952	0.9842537187446411	0.9836649885914562	0.9837316395938364	0.9765177691896958	0.9743513293970569	0.9788467229721907	0.9857099617461972	0.9731723261868334	0.986900988729361	0.9837051491162152	0.977853997588508	0.9883850797121743	0.9874033619861856	0.9820174588185443	0.9758270780191532	0.9847249938863138	0.980022698696643	0.9774005278398423	0.9851221801390995
0.9817655399926717	0.9785425228472502	1.0	0.981015822686448	0.9841284484642692	0.9776079271417659	0.9820333312747332	0.9758604056664283	0.9825181916548102	0.9816590390430477	0.979206174994288	0.9801837904243179	0.9787895353379017	0.9785670359414865	0.9709334573863118	0.977865774272367	0.9762979611091275	0.9814027764861663	0.9778666583283444	0.9809532790280563	0.9772015311016373	0.9784210954817865	0.9816338535513001	0.9806617367849384	0.975166454872336	0.9723721368256154	0.981037819163517	0.981466979057491	0.975617174956526	0.9800793398757102
0.9895887805161423	0.9881715700449646	0.981015822686448	1.0	0.9801460356755087	0.9861114658291299	0.9883421515334454	0.982171339782224	0.9862082799338009	0.9880037640863081	0.9865945588147043	0.9863306960989575	0.9854241202986773	0.9842241067990462	0.9771720877974697	0.9753961246805872	0.9803728353586538	0.9883987460350211	0.9742854977425872	0.9891426381547883	0.9835357663377691	0.9797874296033515	0.9925984004739195	0.9916304117521367	0.9832301651484666	0.9834275457251646	0.9873338500227855	0.9816574760025577	0.9797730477492705	0.9877111907219249
0.9812114033321244	0.9774529014827029	0.9841284484642692	0.9801460356755087	1.0	0.975611041405382	0.9818435149791267	0.9737278223301581	0.9828064568272978	0.9810046853373473	0.9776691381229871	0.9799044184589142	0.9781317573497683	0.9776965099313573	0.9691121314267249	0.9744992366310007	0.9751935719313771	0.9811770237360136	0.9753176350124495	0.9810732199481828	0.9757765681649163	0.9785145329851783	0.9813719031827125	0.9797180939074742	0.9731994124247696	0.9714975682415429	0.9806970824814035	0.9790355629940316	0.9761769197966772	0.9793959925975227
0.9866274832394256	0.9851768019502933	0.9776079271417659	0.9861114658291299	0.975611041405382	1.0	0.9841392515738737	0.9820198481933055	0.9812522150419126	0.9842094770950799	0.9828717084041478	0.9834272261766067	0.9827155905042942	0.981482901011949	0.9758750726610422	0.9742223437688948	0.9731883504176592	0.9835435808675982	0.972300548802941	0.984789538402182	0.9810318283516738	0.976014927807268	0.9859884913107925	0.9847877961722967	0.984228587534646	0.9720137848930267	0.9830672411661587	0.9827464822297884	0.9718653112425975	0.9864465117423565
0.9907313261973573	0.9856413963397724	0.9820333312747332	0.9883421515334454	0.9818435149791267	0.9841392515738737	1.0	0.9871201201861217	0.9900061516469254	0.9893864543787153	0.9848598229342723	0.9873441438160419	0.9859131138300316	0.9895861073471262	0.9774149223285201	0.9745363462291572	0.9841278316373818	0.9893167735205267	0.9732919239655644	0.990108249064243	0.9833714898841381	0.9797060732322534	0.9896476476651243	0.9880268316577374	0.981434654325869	0.9800621467480428	0.9916318057788003	0.9803220093575383	0.9851614355744658	0.9880670401119074
0.9827152666927996	0.9813119845113016	0.9758604056664283	0.982171339782224	0.9737278223301581	0.9820198481933055	0.9871201201861217	1.0	0.9831709638020234	0.9820161150526117	0.9773319632886814	0.979225453210148	0.9793910411214137	0.9841459442133874	0.9713243553733154	0.9704312572612304	0.9695530248994283	0.9800129590648032	0.969970941216843	0.982077157475118	0.9787289083294731	0.9732740984155966	0.9823560695138055	0.9816636046228211	0.9804949473394913	0.9634597247145018	0.9870186384894316	0.9792346135953548	0.9693540694388817	0.9826952939860994
0.9872707013717886	0.9835400751173783	0.9825181916548102	0.9862082799338009	0.9828064568272978	0.9812522150419126	0.9900061516469254	0.9831709638020234	1.0	0.9865740965711708	0.9831063414937371	0.9850326153889344	0.9836419969246366	0.9869555660130167	0.9745780178748572	0.9752183912217678	0.9806257561244797	0.9859467600691515	0.9739719537388472	0.9872701800974628	0.9811639439527129	0.9820790267285749	0.9872717083467835	0.985992932233818	0.9791342898925299	0.9759081397345383	0.9885171029124982	0.980368255009445	0.9815233776575822	0.9855741351842372
0.989917850425212	0.9862047100833466	0.9816590390430477	0.9880037640863081	0.9810046853373473	0.9842094770950799	0.9893864543787153	0.9820161150526117	0.9865740965711708	1.0	0.9850262027053939	0.9869941493962167	0.9936145623865739	0.9851729431811264	0.9774806786254794	0.9744004982209664	0.9833956712307272	0.9886831877085676	0.9727115005129402	0.9895883205572801	0.9832443033507566	0.9794145267494928	0.9889231224330571	0.9881033562637209	0.9820992769344875	0.977757124450146	0.9877853541167168	0.980194625853535	0.9819666646554436	0.9873963185556315
0.9869602966910996	0.9851016865912952	0.979206174994288	0.9865945588147043	0.9776691381229871	0.9828717084041478	0.9848598229342723	0.9773319632886814	0.9831063414937371	0.9850262027053939	1.0	0.984130573406826	0.982361261135309	0.9833538731825221	0.9744963823043278	0.9758424115639462	0.9806613233599977	0.985544310380737	0.9716362112108075	0.985870107006583	0.982958229932058	0.97904760000418	0.9861641221209319	0.9857018887187411	0.9803691363270676	0.9780642895818596	0.9838016311618709	0.9795154038848429	0.979822595884909	0.9840771499831787
0.9881341004470037	0.9842537187446411	0.9801837904243179	0.9863306960989575	0.9799044184589142	0.9834272261766067	0.9873441438160419	0.979225453210148	0.9850326153889344	0.9869941493962167	0.984130573406826	1.0	0.9842422643189424	0.9834268697686865	0.9759848485619818	0.9725174066029819	0.9830075935307443	0.9877498187517302	0.9715325597957594	0.988487646695674	0.9826583293312178	0.9772883308130501	0.987925198297098	0.9866964345215989	0.9803812064174403	0.9788622211517743	0.9859097224894728	0.9779539434632325	0.9836704578384389	0.9863163328310411
0.9870864583108604	0.9836649885914562	0.9787895353379017	0.9854241202986773	0.9781317573497683	0.9827155905042942	0.9859131138300316	0.9793910411214137	0.9836419969246366	0.9936145623865739	0.982361261135309	0.9842422643189424	1.0	0.9822939584532684	0.9761113179426888	0.9728509147749294	0.9792902426851973	0.9859061032978403	0.9714679819203347	0.9868358523702063	0.9811547944396588	0.9765243107074657	0.9860980109079782	0.9849657173672064	0.9800401691268416	0.9736024353361651	0.9845857761773362	0.9780978118410498	0.9777792962971557	0.9843993450520047
0.9859837373853321	0.9837316395938364	0.9785670359414865	0.9842241067990462	0.9776965099313573	0.981482901011949	0.9895861073471262	0.9841459442133874	0.9869555660130167	0.9851729431811264	0.9833538731825221	0.9834268697686865	0.9822939584532684	1.0	0.9754065650455157	0.9750137240972051	0.9806099528781308	0.9848590346342855	0.9704828951746183	0.9859977800336369	0.9821287205562175	0.9786198838064997	0.9849604378394464	0.9841321970277512	0.9800165311598323	0.9764005264559481	0.9875491021632244	0.9796545100857296	0.9812209376074089	0.9838801484193581
0.9834939413577481	0.9765177691896958	0.9709334573863118	0.9771720877974697	0.9691121314267249	0.9758750726610422	0.9774149223285201	0.9713243553733154	0.9745780178748572	0.9774806786254794	0.9744963823043278	0.9759848485619818	0.9761113179426888	0.9754065650455157	1.0	0.9686147049583135	0.9737916383476342	0.9839821816896752	0.9638899915865794	0.9781873295419503	0.9759986440643597	0.9696581444015078	0.9773619064263632	0.9772813197683385	0.9740520759591593	0.9681850251516286	0.9752544996205739	0.9702746046859464	0.9710304902628107	0.9758470008251344
0.9754003299651036	0.9743513293970569	0.977865774272367	0.9753961246805872	0.9744992366310007	0.9742223437688948	0.9745363462291572	0.9704312572612304	0.9752183912217678	0.9744004982209664	0.9758424115639462	0.9725174066029819	0.9728509147749294	0.9750137240972051	0.9686147049583135	1.0	0.9710038362719339	0.9746778921403383	0.9704103877522237	0.9740057110226834	0.9741970990731873	0.9749043260193032	0.9748893469907828	0.974198203995326	0.9727491511942383	0.9695958658372724	0.974491726845027	0.9783307807843042	0.9699776109899625	0.9731618569091752
0.9844946336108598	0.9788467229721907	0.9762979611091275	0.9803728353586538	0.9751935719313771	0.9731883504176592	0.9841278316373818	0.9695530248994283	0.9806257561244797	0.9833956712307272	0.9806613233599977	0.9830075935307443	0.9792902426851973	0.9806099528781308	0.9737916383476342	0.9710038362719339	1.0	0.9851539238921923	0.9673547715117244	0.9831428980594555	0.9781494472491701	0.9736808104297358	0.9820721775461455	0.9815144219631118	0.971944619214005	0.9863888065887112	0.9806898964053712	0.971781858104936	0.9891776260793645	0.9801525718186118
0.9952313895548106	0.9857099617461972	0.9814027764861663	0.9883987460350211	0.9811770237360136	0.9835435808675982	0.9893167735205267	0.9800129590648032	0.9859467600691515	0.9886831877085676	0.985544310380737	0.9877498187517302	0.9859061032978403	0.9848590346342855	0.9839821816896752	0.9746778921403383	0.9851539238921923	1.0	0.9738955071759087	0.9899093831189134	0.9840063394303342	0.9795818836523355	0.9890263842829763	0.9877646064490296	0.9819912536073171	0.9795315656787051	0.9869364330067101	0.9799486304106502	0.982916168636458	0.9874486063765453
0.9738122579086335	0.9731723261868334	0.9778666583283444	0.9742854977425872	0.9753176350124495	0.972300548802941	0.9732919239655644	0.969970941216843	0.9739719537388472	0.9727115005129402	0.9716362112108075	0.9715325597957594	0.9714679819203347	0.9704828951746183	0.9638899915865794	0.9704103877522237	0.9673547715117244	0.9738955071759087	1.0	0.9730156103246816	0.9712445501514543	0.9707746772344156	0.9737023031499982	0.9724842900364605	0.9695971489825083	0.9646049993913465	0.9736009265106379	0.9756514960935659	0.9647719175717592	0.9725214473994627
0.9908953521594706	0.986900988729361	0.9809532790280563	0.9891426381547883	0.9810732199481828	0.984789538402182	0.990108249064243	0.982077157475118	0.9872701800974628	0.9895883205572801	0.985870107006583	0.988487646695674	0.9868358523702063	0.9859977800336369	0.9781873295419503	0.9740057110226834	0.9831428980594555	0.9899093831189134	0.9730156103246816	1.0	0.9841237179561597	0.9794178140245164	0.98991140690826	0.9888020484251416	0.9830382546720886	0.9785209220324593	0.9880035942006177	0.9801561141780973	0.9831116092048019	0.9880759792008011
0.9847114310609032	0.9837051491162152	0.9772015311016373	0.9835357663377691	0.9757765681649163	0.9810318283516738	0.9833714898841381	0.9787289083294731	0.9811639439527129	0.9832443033507566	0.982958229932058	0.9826583293312178	0.9811547944396588	0.9821287205562175	0.9759986440643597	0.9741970990731873	0.9781494472491701	0.9840063394303342	0.9712445501514543	0.9841237179561597	1.0	0.9761886025318647	0.9835882468759258	0.982966373884241	0.9778968387240592	0.9744249458762017	0.9824341391661842	0.9772076393093765	0.9773760048720492	0.9822937833582773
0.9803425650258525	0.977853997588508	0.9784210954817865	0.9797874296033515	0.9785145329851783	0.976014927807268	0.9797060732322534	0.9732740984155966	0.9820790267285749	0.9794145267494928	0.97904760000418	0.9772883308130501	0.9765243107074657	0.9786198838064997	0.9696581444015078	0.9749043260193032	0.9736808104297358	0.9795818836523355	0.9707746772344156	0.9794178140245164	0.9761886025318647	1.0	0.9795447533543384	0.9792653507689477	0.9746561131513579	0.9702757302527523	0.978669578826527	0.978355547414817	0.9736909212947933	0.9771237667178094
0.9903414750721415	0.9883850797121743	0.9816338535513001	0.9925984004739195	0.9813719031827125	0.9859884913107925	0.9896476476651243	0.9823560695138055	0.9872717083467835	0.9889231224330571	0.9861641221209319	0.987925198297098	0.9860980109079782	0.9849604378394464	0.9773619064263632	0.9748893469907828	0.9820721775461455	0.9890263842829763	0.9737023031499982	0.98991140690826	0.9835882468759258	0.9795447533543384	1.0	0.9957895603003233	0.9826386253069764	0.9818164892026644	0.9884699213194537	0.981050137667777	0.982229877690515	0.9879355513441038
0.9895052409491013	0.9874033619861856	0.9806617367849384	0.9916304117521367	0.9797180939074742	0.9847877961722967	0.9880268316577374	0.9816636046228211	0.985992932233818	0.9881033562637209	0.9857018887187411	0.9866964345215989	0.9849657173672064	0.9841321970277512	0.9772813197683385	0.974198203995326	0.9815144219631118	0.9877646064490296	0.9724842900364605	0.9888020484251416	0.982966373884241	0.9792653507689477	0.9957895603003233	1.0	0.9828955722139687	0.9805612187897079	0.9870457638147395	0.9808263052597834	0.9812952359879269	0.9869822778708882
0.9839296292659739	0.9820174588185443	0.975166454872336	0.9832301651484666	0.9731994124247696	0.984228587534646	0.981434654325869	0.9804949473394913	0.9791342898925299	0.9820992769344875	0.9803691363270676	0.9803812064174403	0.9800401691268416	0.9800165311598323	0.9740520759591593	0.9727491511942383	0.971944619214005	0.9819912536073171	0.9695971489825083	0.9830382546720886	0.9778968387240592	0.9746561131513579	0.9826386253069764	0.9828955722139687	1.0	0.9693952256376352	0.9809613727655833	0.9786071657774008	0.9709877844950423	0.9814501652921162
0.9795808422781147	0.9758270780191532	0.9723721368256154	0.9834275457251646	0.9714975682415429	0.9720137848930267	0.9800621467480428	0.9634597247145018	0.9759081397345383	0.977757124450146	0.9780642895818596	0.9788622211517743	0.9736024353361651	0.9764005264559481	0.9681850251516286	0.9695958658372724	0.9863888065887112	0.9795315656787051	0.9646049993913465	0.9785209220324593	0.9744249458762017	0.9702757302527523	0.9818164892026644	0.9805612187897079	0.9693952256376352	1.0	0.9765707622892676	0.9702928913806242	0.9864210475261324	0.9765383413752071
0.9887261847375709	0.9847249938863138	0.981037819163517	0.9873338500227855	0.9806970824814035	0.9830672411661587	0.9916318057788003	0.9870186384894316	0.9885171029124982	0.9877853541167168	0.9838016311618709	0.9859097224894728	0.9845857761773362	0.9875491021632244	0.9752544996205739	0.974491726845027	0.9806898964053712	0.9869364330067101	0.9736009265106379	0.9880035942006177	0.9824341391661842	0.978669578826527	0.9884699213194537	0.9870457638147395	0.9809613727655833	0.9765707622892676	1.0	0.9802595418990299	0.9813506408918188	0.9865476304372469
0.9813399753962121	0.980022698696643	0.981466979057491	0.9816574760025577	0.9790355629940316	0.9827464822297884	0.9803220093575383	0.9792346135953548	0.980368255009445	0.980194625853535	0.9795154038848429	0.9779539434632325	0.9780978118410498	0.9796545100857296	0.9702746046859464	0.9783307807843042	0.971781858104936	0.9799486304106502	0.9756514960935659	0.9801561141780973	0.9772076393093765	0.978355547414817	0.981050137667777	0.9808263052597834	0.9786071657774008	0.9702928913806242	0.9802595418990299	1.0	0.9719302876602715	0.9801846723362823
0.9827442757270739	0.9774005278398423	0.975617174956526	0.9797730477492705	0.9761769197966772	0.9718653112425975	0.9851614355744658	0.9693540694388817	0.9815233776575822	0.9819666646554436	0.979822595884909	0.9836704578384389	0.9777792962971557	0.9812209376074089	0.9710304902628107	0.9699776109899625	0.9891776260793645	0.982916168636458	0.9647719175717592	0.9831116092048019	0.9773760048720492	0.9736909212947933	0.982229877690515	0.9812952359879269	0.9709877844950423	0.9864210475261324	0.9813506408918188	0.9719302876602715	1.0	0.9803728705613979
0.9893347360500203	0.9851221801390995	0.9800793398757102	0.9877111907219249	0.9793959925975227	0.9864465117423565	0.9880670401119074	0.9826952939860994	0.9855741351842372	0.9873963185556315	0.9840771499831787	0.9863163328310411	0.9843993450520047	0.9838801484193581	0.9758470008251344	0.9731618569091752	0.9801525718186118	0.9874486063765453	0.9725214473994627	0.9880759792008011	0.9822937833582773	0.9771237667178094	0.9879355513441038	0.9869822778708882	0.9814501652921162	0.9765383413752071	0.9865476304372469	0.9801846723362823	0.9803728705613979	1.0
