/home/jshaw/scratch/2022_sketched_distance/references/SGB_genome_fastas_part2/3668/BritoIL_2016__M1.24.ST__bin.70.fa	/home/jshaw/scratch/2022_sketched_distance/references/SGB_genome_fastas_part2/3668/BritoIL_2016__M1.48.ST__bin.96.fa	/home/jshaw/scratch/2022_sketched_distance/references/SGB_genome_fastas_part2/3668/BritoIL_2016__M2.37.ST__bin.7.fa	/home/jshaw/scratch/2022_sketched_distance/references/SGB_genome_fastas_part2/3668/BritoIL_2016__W1.21.ST__bin.42.fa	/home/jshaw/scratch/2022_sketched_distance/references/SGB_genome_fastas_part2/3668/BritoIL_2016__W1.22.ST__bin.59.fa	/home/jshaw/scratch/2022_sketched_distance/references/SGB_genome_fastas_part2/3668/BritoIL_2016__W1.40.ST__bin.10.fa	/home/jshaw/scratch/2022_sketched_distance/references/SGB_genome_fastas_part2/3668/BritoIL_2016__W1.42.ST__bin.78.fa	/home/jshaw/scratch/2022_sketched_distance/references/SGB_genome_fastas_part2/3668/BritoIL_2016__W1.5.ST__bin.49.fa	/home/jshaw/scratch/2022_sketched_distance/references/SGB_genome_fastas_part2/3668/BritoIL_2016__W1.9.ST__bin.49.fa	/home/jshaw/scratch/2022_sketched_distance/references/SGB_genome_fastas_part2/3668/BritoIL_2016__W2.23.ST__bin.47.fa	/home/jshaw/scratch/2022_sketched_distance/references/SGB_genome_fastas_part2/3668/BritoIL_2016__W2.39.ST__bin.74.fa	/home/jshaw/scratch/2022_sketched_distance/references/SGB_genome_fastas_part2/3668/BritoIL_2016__W2.5.ST__bin.71.fa	/home/jshaw/scratch/2022_sketched_distance/references/SGB_genome_fastas_part2/3668/BritoIL_2016__W2.61.ST__bin.18.fa	/home/jshaw/scratch/2022_sketched_distance/references/SGB_genome_fastas_part2/3668/BritoIL_2016__W2.63.ST__bin.39.fa	/home/jshaw/scratch/2022_sketched_distance/references/SGB_genome_fastas_part2/3668/BritoIL_2016__W3.20.ST__bin.21.fa	/home/jshaw/scratch/2022_sketched_distance/references/SGB_genome_fastas_part2/3668/BritoIL_2016__WL.26.ST__bin.47.fa	/home/jshaw/scratch/2022_sketched_distance/references/SGB_genome_fastas_part2/3668/BritoIL_2016__WL.28.ST__bin.21.fa	/home/jshaw/scratch/2022_sketched_distance/references/SGB_genome_fastas_part2/3668/BritoIL_2016__WL.2.ST__bin.57.fa	/home/jshaw/scratch/2022_sketched_distance/references/SGB_genome_fastas_part2/3668/BritoIL_2016__WL.43.ST__bin.74.fa	/home/jshaw/scratch/2022_sketched_distance/references/SGB_genome_fastas_part2/3668/CM_madagascar__A04_04_1FE__bin.47.fa	/home/jshaw/scratch/2022_sketched_distance/references/SGB_genome_fastas_part2/3668/CM_madagascar__A13_03_1FE__bin.44.fa	/home/jshaw/scratch/2022_sketched_distance/references/SGB_genome_fastas_part2/3668/CM_madagascar__A40_02_1FE__bin.22.fa	/home/jshaw/scratch/2022_sketched_distance/references/SGB_genome_fastas_part2/3668/CM_madagascar__A46_02_1FE__bin.13.fa	/home/jshaw/scratch/2022_sketched_distance/references/SGB_genome_fastas_part2/3668/CM_madagascar__A47_01_1FE__bin.7.fa	/home/jshaw/scratch/2022_sketched_distance/references/SGB_genome_fastas_part2/3668/CM_madagascar__A48_01_1FE__bin.10.fa	/home/jshaw/scratch/2022_sketched_distance/references/SGB_genome_fastas_part2/3668/CM_madagascar__A62_01_1FE__bin.65.fa	/home/jshaw/scratch/2022_sketched_distance/references/SGB_genome_fastas_part2/3668/CM_madagascar__A72_02_1FE__bin.10.fa	/home/jshaw/scratch/2022_sketched_distance/references/SGB_genome_fastas_part2/3668/CM_madagascar__V32_02_2FE__bin.3.fa	/home/jshaw/scratch/2022_sketched_distance/references/SGB_genome_fastas_part2/3668/DavidLA_2015__LD-Run2-11__bin.7.fa	/home/jshaw/scratch/2022_sketched_distance/references/SGB_genome_fastas_part2/3668/Obregon-TitoAJ_2015__HCO11__bin.31.fa	/home/jshaw/scratch/2022_sketched_distance/references/SGB_genome_fastas_part2/3668/Obregon-TitoAJ_2015__HCO74__bin.29.fa	/home/jshaw/scratch/2022_sketched_distance/references/SGB_genome_fastas_part2/3668/Obregon-TitoAJ_2015__SM31__bin.16.fa	/home/jshaw/scratch/2022_sketched_distance/references/SGB_genome_fastas_part2/3668/Obregon-TitoAJ_2015__SM43__bin.39.fa	/home/jshaw/scratch/2022_sketched_distance/references/SGB_genome_fastas_part2/3668/RampelliS_2015__H10__bin.78.fa	/home/jshaw/scratch/2022_sketched_distance/references/SGB_genome_fastas_part2/3668/RampelliS_2015__H1__bin.43.fa	/home/jshaw/scratch/2022_sketched_distance/references/SGB_genome_fastas_part2/3668/RampelliS_2015__H20__bin.18.fa	/home/jshaw/scratch/2022_sketched_distance/references/SGB_genome_fastas_part2/3668/RampelliS_2015__H24__bin.33.fa	/home/jshaw/scratch/2022_sketched_distance/references/SGB_genome_fastas_part2/3668/RampelliS_2015__H8__bin.12.fa	/home/jshaw/scratch/2022_sketched_distance/references/SGB_genome_fastas_part2/3668/SmitsSA_2017__TZ_29321__bin.1.fa
1.0	0.983233381060478	0.9826290171910683	0.9947024173417953	0.987150089003096	0.9912672603644278	0.9877329909445007	0.98523132989076	0.9849373568051772	0.9961822254584	0.9968465117864335	0.9893519422119759	0.9845345761060232	0.995999020907949	0.9804762242271478	0.996216270868529	0.9966387995279127	0.9965900946645273	0.9883513910137014	0.9852379479507997	0.9912724650812874	0.9938867625606895	0.9929721300854722	0.9932079309459911	0.9853992787480357	0.9941862593744968	0.9936342188017748	0.9937480454287795	0.9920000985916844	0.9874852725326002	0.9928343387137121	0.989708274588861	0.9930693059454745	0.9908357146036044	0.9833099575390634	0.9779432873030094	0.9929772891892571	0.9915228049159448	0.9833769641098314
0.983233381060478	1.0	0.9844782978009516	0.9820648856622972	0.9932059977073917	0.9864919731598762	0.9863118262926874	0.9937751693578222	0.994754740361995	0.9836018022694872	0.9827259114125363	0.9859002651466494	0.9939010932910427	0.9839011364509317	0.9932607139684206	0.9835251039274504	0.9839665760957438	0.9835753636285318	0.9857760082389855	0.9910912312354275	0.9833950931972133	0.9823499127610825	0.9815345577881917	0.9818955015747806	0.9834247684628953	0.9817228270626538	0.9823033256232937	0.9816091085149851	0.9832001233583408	0.9884486634546381	0.982782465709384	0.9811809406082733	0.9813586214554946	0.9816402948800534	0.9928276657672302	0.9921207675893104	0.9810754724648898	0.9812446931430595	0.9803262328778485
0.9826290171910683	0.9844782978009516	1.0	0.981652387027296	0.988320835438433	0.9866520626302354	0.9810589967797261	0.9869924317776593	0.985594408520023	0.9831247157806093	0.9828933285724446	0.9813941177992986	0.9881667761446993	0.9838947661965549	0.9873754013280044	0.9833898795131569	0.9831247157806093	0.9831498160953727	0.9818712754462973	0.9831537432765318	0.9804646311225527	0.9808168491495891	0.9797915156763339	0.9805050751677041	0.9803559252724149	0.980693645624629	0.9799060139417147	0.9804606863793193	0.9817488816246142	0.985486302940461	0.9805165546807555	0.9793317261142682	0.9808922173151159	0.9803386164081858	0.9833218732457001	0.9759780140298857	0.9802677455854644	0.9797355290443776	0.9756620084545099
0.9947024173417953	0.9820648856622972	0.981652387027296	1.0	0.9854564134233115	0.9907171494296034	0.9862208036803364	0.9879194378228954	0.9853260406022847	0.9949082273235934	0.9945773805452166	0.9883516273074103	0.9829280572898283	0.994725488584523	0.9791424516673204	0.9946546654866999	0.994716830772268	0.9945476791185762	0.9864374630877573	0.9848384342115817	0.9913224935701563	0.9933263867071653	0.9933646862990139	0.9932992762413836	0.9855066026491087	0.9939713282844352	0.9941950059360448	0.9941673458788662	0.9913769999615356	0.9876978058947163	0.9936992411846903	0.9900861651977061	0.9932787382997671	0.9909275419746778	0.9838494353667047	0.9790703045398609	0.993485327244455	0.9920526132748131	0.9838647667657611
0.987150089003096	0.9932059977073917	0.988320835438433	0.9854564134233115	1.0	0.9895488474312908	0.9869490648400965	0.9910332750809472	0.9931063576919527	0.9879677788783244	0.9867058473387766	0.9874248855602755	0.9938829323055137	0.9872789803166181	0.9907490395919739	0.9877836955438061	0.988368115505552	0.9875753938857579	0.9865907052931614	0.9897711327147107	0.9846140849141928	0.9841663514820141	0.9840890529370624	0.9845297357309731	0.9843975959881645	0.9850647684628046	0.98444981481969	0.984365540516452	0.9854384400656584	0.9889345382770787	0.9849900880924416	0.9829635118443801	0.983767567245289	0.9838302291982598	0.9893538059504655	0.9867809406723669	0.9834788760348151	0.9832531472959756	0.9817762095511883
0.9912672603644278	0.9864919731598762	0.9866520626302354	0.9907171494296034	0.9895488474312908	1.0	0.9869276360346523	0.9886375643860922	0.9879416972295817	0.9911366173215205	0.9909430195541898	0.9883557589379447	0.987221015807555	0.9908675649776536	0.982655054851284	0.9915398293404515	0.9915414161129354	0.9910923223907612	0.9867642873538957	0.9875598791199757	0.9883142805648877	0.9904127959646688	0.9892903012813999	0.9901195981348916	0.9854637620644182	0.9901511845181338	0.9897856085156144	0.9899260024101605	0.989114973271372	0.9903877113190774	0.9895136889043764	0.9874337884919516	0.9897511578990933	0.9881183373353458	0.986237486980195	0.9822255425752433	0.9892312800830939	0.9884744321784629	0.9829512356191761
0.9877329909445007	0.9863118262926874	0.9810589967797261	0.9862208036803364	0.9869490648400965	0.9869276360346523	1.0	0.9859118643438649	0.9863616774302112	0.9879148642904139	0.9878712210668023	0.9864065636783674	0.986735963606284	0.9881987286254713	0.9830808452890708	0.9875878973093016	0.9885206976504756	0.9881593270778964	0.9845591856426066	0.9848122275250667	0.9844933425040523	0.9858201971038265	0.9852746475729897	0.9848679368227992	0.9810928873614985	0.9862155067377544	0.9859704810127743	0.9851653058008145	0.9861963925981484	0.9850805870411349	0.9856985693300303	0.9836351786691732	0.9858640951740569	0.9854796242064573	0.9848456741073768	0.9807162085656326	0.9847339764360493	0.9839461033620264	0.9803289505238514
0.98523132989076	0.9937751693578222	0.9869924317776593	0.9879194378228954	0.9910332750809472	0.9886375643860922	0.9859118643438649	1.0	0.9944161684976971	0.9858338985431214	0.984918581263233	0.9866535290406252	0.9935042015147738	0.9855453614810085	0.9890109567933787	0.9852202603053652	0.9853697500567937	0.9856387326453087	0.9855175657301274	0.9917376065904168	0.9851863848768437	0.9845919863878284	0.9844087138559754	0.9844052820740972	0.9841876582730312	0.9841278943412765	0.9842665127671308	0.9846470285633628	0.9850115762509224	0.9922618606859961	0.9852786000656137	0.9836471051764685	0.9843416872267158	0.9843427574996023	0.9937344181743689	0.9900534132366353	0.9840318808134665	0.9843060228229826	0.9819940126793341
0.9849373568051772	0.994754740361995	0.985594408520023	0.9853260406022847	0.9931063576919527	0.9879416972295817	0.9863616774302112	0.9944161684976971	1.0	0.9850740144848631	0.9845340507746406	0.9859012622876472	0.9937848015882164	0.9853104224396273	0.9910607379037575	0.9848365649417208	0.9848772744892078	0.9850840598024148	0.9846988805067005	0.9921666425838279	0.984752602914409	0.9838364274535151	0.9834036255407915	0.9835310282305988	0.9832129174796017	0.9845709264615078	0.9846055154605751	0.9841314279123321	0.9848360202498911	0.9904130109432363	0.9845442195366666	0.9828483212923621	0.983245280653849	0.9833811055864808	0.9932576538835288	0.9906491861327551	0.9836706735111069	0.983361810409624	0.9815701518756489
0.9961822254584	0.9836018022694872	0.9831247157806093	0.9949082273235934	0.9879677788783244	0.9911366173215205	0.9879148642904139	0.9858338985431214	0.9850740144848631	1.0	0.9961702647522992	0.989788014521082	0.9847604879525971	0.9971840341677058	0.9806051402727397	0.9961076765286212	0.9972196618594275	0.9961551362564827	0.9887259650505522	0.9843321596841028	0.9914695837950365	0.9940710716142022	0.993488531332303	0.9935199714995824	0.9859046966454017	0.9947364319091181	0.9937360591923271	0.9943105258602737	0.991907038979441	0.9870056455892898	0.9934958333551417	0.9901676008469736	0.9930314627591047	0.9908808011491673	0.983281873604185	0.9781104484151345	0.9932827070133742	0.9914476076246697	0.9845886572192972
0.9968465117864335	0.9827259114125363	0.9828933285724446	0.9945773805452166	0.9867058473387766	0.9909430195541898	0.9878712210668023	0.984918581263233	0.9845340507746406	0.9961702647522992	1.0	0.9906205088554826	0.984316040997173	0.9966251090792064	0.9790647314932379	0.9961429029492667	0.9969738041621937	0.9978947913788023	0.9880372326961645	0.9846871731037465	0.9914735231174624	0.9938393578608555	0.9935544033410876	0.9936659034005906	0.9854409348218457	0.9944568424164073	0.993994167186415	0.994255184630374	0.9921842469529478	0.9870942139921408	0.9933150819178412	0.9898257568419786	0.9932198502099885	0.9910657101141336	0.9832099980679523	0.9775113736019844	0.9934291541409694	0.9916432650971665	0.9839531874869083
0.9893519422119759	0.9859002651466494	0.9813941177992986	0.9883516273074103	0.9874248855602755	0.9883557589379447	0.9864065636783674	0.9866535290406252	0.9859012622876472	0.989788014521082	0.9906205088554826	1.0	0.9862401229120357	0.9902768951990305	0.9814203855176851	0.9895592882957273	0.9905177338031143	0.9910334894933751	0.9872921572767528	0.9850339335254868	0.9870565891416879	0.988045061219421	0.9874607706029453	0.9872503184939059	0.9831417554649234	0.9881132120075236	0.98787621466558	0.987956130745327	0.9880496233730297	0.9862200250461072	0.9880314345615554	0.9866998069570557	0.987642968908168	0.9868097327753026	0.9846546963742528	0.980290176969969	0.9870751906045039	0.9868052946434805	0.9818069119047518
0.9845345761060232	0.9939010932910427	0.9881667761446993	0.9829280572898283	0.9938829323055137	0.987221015807555	0.986735963606284	0.9935042015147738	0.9937848015882164	0.9847604879525971	0.984316040997173	0.9862401229120357	1.0	0.9850109291405363	0.9921358264809382	0.9847473204453195	0.9850533120539172	0.9852716514670977	0.9856060913744662	0.9914507079223458	0.9827330727999775	0.9818777073263165	0.9814996240120554	0.981164525939146	0.9822756442231085	0.9823076343989386	0.9822669239101285	0.9818524289922069	0.9835935807546511	0.9900673847778303	0.9828371236356451	0.9817252163439207	0.9817101575725758	0.9825561961365991	0.9920450747797841	0.9876761904785208	0.9812608958990484	0.9817222955439386	0.9806722381357621
0.995999020907949	0.9839011364509317	0.9838947661965549	0.994725488584523	0.9872789803166181	0.9908675649776536	0.9881987286254713	0.9855453614810085	0.9853104224396273	0.9971840341677058	0.9966251090792064	0.9902768951990305	0.9850109291405363	1.0	0.9805577217196789	0.9961082535433619	0.997169076257345	0.9964057912333703	0.9889479441081518	0.9849817657221488	0.9917940070841771	0.9939704328122776	0.9935544347177458	0.9935848250223484	0.9859387064372058	0.9948546381509392	0.9940451183416225	0.9942741159787962	0.9923807556640203	0.9875603739479608	0.993741116866075	0.9901487730799733	0.9933519624163557	0.9910332823561846	0.9837075890516057	0.9783001422141262	0.9935250517771927	0.991825705327199	0.98455347011859
0.9804762242271478	0.9932607139684206	0.9873754013280044	0.9791424516673204	0.9907490395919739	0.982655054851284	0.9830808452890708	0.9890109567933787	0.9910607379037575	0.9806051402727397	0.9790647314932379	0.9814203855176851	0.9921358264809382	0.9805577217196789	1.0	0.9807937697087885	0.9806051402727397	0.9799437290967243	0.9811921060665993	0.9867333214370563	0.9781204748078312	0.977588510747241	0.9766725386395679	0.9766651215499343	0.9796344771756873	0.9778885363354327	0.9772013339420913	0.9770397837457062	0.9792670482034973	0.9848724122302284	0.9783988889479116	0.9768590425517495	0.9766914667693376	0.9778030527798425	0.9879029827531749	0.9854628462702472	0.9766528324317582	0.976476221810427	0.9760092075971479
0.996216270868529	0.9835251039274504	0.9833898795131569	0.9946546654866999	0.9877836955438061	0.9915398293404515	0.9875878973093016	0.9852202603053652	0.9848365649417208	0.9961076765286212	0.9961429029492667	0.9895592882957273	0.9847473204453195	0.9961082535433619	0.9807937697087885	1.0	0.9966323126954756	0.9961427753560892	0.987954877692441	0.984624604592941	0.9914680378636426	0.9934823280726574	0.9930349806823692	0.9931726602757107	0.9856305555062853	0.9941318942133067	0.9934878362817934	0.9937365622393067	0.9917927133206341	0.9871443160229225	0.9929793431394464	0.9896961069311955	0.9925708676243035	0.9905030847343126	0.9831803326942572	0.9775616990102908	0.992890300388942	0.9911620264230666	0.9836649358152174
0.9966387995279127	0.9839665760957438	0.9831247157806093	0.994716830772268	0.988368115505552	0.9915414161129354	0.9885206976504756	0.9853697500567937	0.9848772744892078	0.9972196618594275	0.9969738041621937	0.9905177338031143	0.9850533120539172	0.997169076257345	0.9806051402727397	0.9966323126954756	1.0	0.9967966370676721	0.9893804483283629	0.9851301228642488	0.9916364171059007	0.993957279447333	0.9933547279689248	0.9933051770020723	0.9860356375022831	0.9945780618068791	0.9936532947079795	0.994151831951909	0.9921321322755703	0.9874193882054598	0.9934627432964711	0.9899853870012548	0.993048389335985	0.9910178688952974	0.9837107988544341	0.9779256267450241	0.9932176174474595	0.9914829086771051	0.9846150480393306
0.9965900946645273	0.9835753636285318	0.9831498160953727	0.9945476791185762	0.9875753938857579	0.9910923223907612	0.9881593270778964	0.9856387326453087	0.9850840598024148	0.9961551362564827	0.9978947913788023	0.9910334894933751	0.9852716514670977	0.9964057912333703	0.9799437290967243	0.9961427753560892	0.9967966370676721	1.0	0.9888837527029781	0.9855281086578482	0.9912454303812345	0.9934529261753605	0.9932206295000253	0.9933069419810974	0.9859059801186695	0.9942122522148681	0.9936106945292298	0.993957279447333	0.9921679061974958	0.9873294446114097	0.9929408469423531	0.9902481960757588	0.9928033731779367	0.9912314415278465	0.9835138100250568	0.9781538153638308	0.9931348301042584	0.991612282856625	0.9843707367104345
0.9883513910137014	0.9857760082389855	0.9818712754462973	0.9864374630877573	0.9865907052931614	0.9867642873538957	0.9845591856426066	0.9855175657301274	0.9846988805067005	0.9887259650505522	0.9880372326961645	0.9872921572767528	0.9856060913744662	0.9889479441081518	0.9811921060665993	0.987954877692441	0.9893804483283629	0.9888837527029781	1.0	0.9847147799471424	0.9862045624421866	0.9865892125866307	0.9867747159043196	0.9860445875398387	0.9834108875866606	0.9866251860107481	0.9869153498502102	0.9863801161291027	0.9862977342120732	0.9845868523841829	0.9867445034562875	0.984170905798401	0.9860122741350222	0.9856499444497898	0.9838866203953051	0.980299229638106	0.9856672998468754	0.9848370288795965	0.9807435883919442
0.9852379479507997	0.9910912312354275	0.9831537432765318	0.9848384342115817	0.9897711327147107	0.9875598791199757	0.9848122275250667	0.9917376065904168	0.9921666425838279	0.9843321596841028	0.9846871731037465	0.9850339335254868	0.9914507079223458	0.9849817657221488	0.9867333214370563	0.984624604592941	0.9851301228642488	0.9855281086578482	0.9847147799471424	1.0	0.9843571637614498	0.9847989023724487	0.9842653151825028	0.9845083160517543	0.9830196139487415	0.9851708881026314	0.9845384111611195	0.9852134157430155	0.9848451932054445	0.9901509356248024	0.9840692286515086	0.9832756954355389	0.9840880579773413	0.9841536783000053	0.9905660590177244	0.9869146257331527	0.984140116870974	0.98413744347374	0.9804216837832991
0.9912724650812874	0.9833950931972133	0.9804646311225527	0.9913224935701563	0.9846140849141928	0.9883142805648877	0.9844933425040523	0.9851863848768437	0.984752602914409	0.9914695837950365	0.9914735231174624	0.9870565891416879	0.9827330727999775	0.9917940070841771	0.9781204748078312	0.9914680378636426	0.9916364171059007	0.9912454303812345	0.9862045624421866	0.9843571637614498	1.0	0.9931205105850781	0.9918357866053952	0.9916030514959154	0.9857566267530863	0.9928276657672302	0.9917833640785402	0.9921888442557202	0.9910636909850936	0.9860066228593394	0.9910740376061751	0.9879879776633466	0.9908311255859503	0.9889716591425931	0.9841787585948208	0.9792973066566513	0.9909331836133236	0.9897254306386515	0.9841512721698938
0.9938867625606895	0.9823499127610825	0.9808168491495891	0.9933263867071653	0.9841663514820141	0.9904127959646688	0.9858201971038265	0.9845919863878284	0.9838364274535151	0.9940710716142022	0.9938393578608555	0.988045061219421	0.9818777073263165	0.9939704328122776	0.977588510747241	0.9934823280726574	0.993957279447333	0.9934529261753605	0.9865892125866307	0.9847989023724487	0.9931205105850781	1.0	0.9935000035640794	0.9946599497582943	0.9857490958099422	0.9962885251695991	0.993678083618703	0.9950158103998245	0.9916726479128524	0.9868855513135419	0.993098473386916	0.9896301755226279	0.9930345486832929	0.9905010444804401	0.9834530103917555	0.9785340061371304	0.9932814175282411	0.9918240346023257	0.9841999796754292
0.9929721300854722	0.9815345577881917	0.9797915156763339	0.9933646862990139	0.9840890529370624	0.9892903012813999	0.9852746475729897	0.9844087138559754	0.9834036255407915	0.993488531332303	0.9935544033410876	0.9874607706029453	0.9814996240120554	0.9935544347177458	0.9766725386395679	0.9930349806823692	0.9933547279689248	0.9932206295000253	0.9867747159043196	0.9842653151825028	0.9918357866053952	0.9935000035640794	1.0	0.9938794495468976	0.9860617081810658	0.9934173159857327	0.9942896241486014	0.9946663545877713	0.9914706040387044	0.9861612939556539	0.9928176119179132	0.9895506070585913	0.992817516334347	0.9906503222008838	0.9829354987074077	0.977537584847554	0.9936072957874855	0.9921583430698913	0.9852749150564836
0.9932079309459911	0.9818955015747806	0.9805050751677041	0.9932992762413836	0.9845297357309731	0.9901195981348916	0.9848679368227992	0.9844052820740972	0.9835310282305988	0.9935199714995824	0.9936659034005906	0.9872503184939059	0.981164525939146	0.9935848250223484	0.9766651215499343	0.9931726602757107	0.9933051770020723	0.9933069419810974	0.9860445875398387	0.9845083160517543	0.9916030514959154	0.9946599497582943	0.9938794495468976	1.0	0.9860083516927631	0.9944018180036301	0.9937640987896396	0.9985623465697706	0.9911776033896115	0.9865237118105478	0.9926916804014012	0.9893425349902569	0.9930905568769582	0.9902993661205112	0.9831532315480483	0.9791897632822432	0.9937620244219239	0.9921394927346221	0.9836275832400092
0.9853992787480357	0.9834247684628953	0.9803559252724149	0.9855066026491087	0.9843975959881645	0.9854637620644182	0.9810928873614985	0.9841876582730312	0.9832129174796017	0.9859046966454017	0.9854409348218457	0.9831417554649234	0.9822756442231085	0.9859387064372058	0.9796344771756873	0.9856305555062853	0.9860356375022831	0.9859059801186695	0.9834108875866606	0.9830196139487415	0.9857566267530863	0.9857490958099422	0.9860617081810658	0.9860083516927631	1.0	0.9858702685127704	0.9855613705110193	0.9861774708772133	0.9859521220105845	0.9841542955617427	0.9849711413972568	0.9830211485199774	0.9851332450377481	0.9845044873358246	0.9829767275752993	0.9792256641330632	0.9851164660224154	0.9844251389712257	0.9807357432080392
0.9941862593744968	0.9817228270626538	0.980693645624629	0.9939713282844352	0.9850647684628046	0.9901511845181338	0.9862155067377544	0.9841278943412765	0.9845709264615078	0.9947364319091181	0.9944568424164073	0.9881132120075236	0.9823076343989386	0.9948546381509392	0.9778885363354327	0.9941318942133067	0.9945780618068791	0.9942122522148681	0.9866251860107481	0.9851708881026314	0.9928276657672302	0.9962885251695991	0.9934173159857327	0.9944018180036301	0.9858702685127704	1.0	0.9936272225744822	0.9951260524393728	0.9920335939747409	0.9865103994626858	0.9931978382767754	0.9899961755506136	0.9932505566512463	0.9910397765788587	0.9828494369279251	0.9772360799535511	0.9935347686056767	0.991646239231001	0.9841281497184589
0.9936342188017748	0.9823033256232937	0.9799060139417147	0.9941950059360448	0.98444981481969	0.9897856085156144	0.9859704810127743	0.9842665127671308	0.9846055154605751	0.9937360591923271	0.993994167186415	0.98787621466558	0.9822669239101285	0.9940451183416225	0.9772013339420913	0.9934878362817934	0.9936532947079795	0.9936106945292298	0.9869153498502102	0.9845384111611195	0.9917833640785402	0.993678083618703	0.9942896241486014	0.9937640987896396	0.9855613705110193	0.9936272225744822	1.0	0.9944133873489485	0.9913792034813147	0.9868194466007204	0.9931173033703902	0.9900034023099297	0.9931033053995871	0.9904002409421503	0.9844815642418708	0.9797401170455331	0.9935418459125943	0.9921254940556368	0.985322004713016
0.9937480454287795	0.9816091085149851	0.9804606863793193	0.9941673458788662	0.984365540516452	0.9899260024101605	0.9851653058008145	0.9846470285633628	0.9841314279123321	0.9943105258602737	0.994255184630374	0.987956130745327	0.9818524289922069	0.9942741159787962	0.9770397837457062	0.9937365622393067	0.994151831951909	0.993957279447333	0.9863801161291027	0.9852134157430155	0.9921888442557202	0.9950158103998245	0.9946663545877713	0.9985623465697706	0.9861774708772133	0.9951260524393728	0.9944133873489485	1.0	0.991719908874406	0.9869586520252946	0.9934700100472886	0.9899954409950212	0.9935564353286984	0.9907628600762322	0.9836159145829673	0.9786228512522043	0.9942098531239064	0.9926143406869886	0.9843115821825621
0.9920000985916844	0.9832001233583408	0.9817488816246142	0.9913769999615356	0.9854384400656584	0.989114973271372	0.9861963925981484	0.9850115762509224	0.9848360202498911	0.991907038979441	0.9921842469529478	0.9880496233730297	0.9835935807546511	0.9923807556640203	0.9792670482034973	0.9917927133206341	0.9921321322755703	0.9921679061974958	0.9862977342120732	0.9848451932054445	0.9910636909850936	0.9916726479128524	0.9914706040387044	0.9911776033896115	0.9859521220105845	0.9920335939747409	0.9913792034813147	0.991719908874406	1.0	0.9861469077788241	0.9907604665129541	0.9881158597592532	0.9913333702130154	0.9892332128924122	0.983813988507892	0.9791046188490304	0.9906787211899958	0.9898985096006877	0.9831534664703202
0.9874852725326002	0.9884486634546381	0.985486302940461	0.9876978058947163	0.9889345382770787	0.9903877113190774	0.9850805870411349	0.9922618606859961	0.9904130109432363	0.9870056455892898	0.9870942139921408	0.9862200250461072	0.9900673847778303	0.9875603739479608	0.9848724122302284	0.9871443160229225	0.9874193882054598	0.9873294446114097	0.9845868523841829	0.9901509356248024	0.9860066228593394	0.9868855513135419	0.9861612939556539	0.9865237118105478	0.9841542955617427	0.9865103994626858	0.9868194466007204	0.9869586520252946	0.9861469077788241	1.0	0.987085605906196	0.9855487607311494	0.9860026251333956	0.9857290956776648	0.9893192473013723	0.9855083508023376	0.9861699538868784	0.9863558978747309	0.9818197214781746
0.9928343387137121	0.982782465709384	0.9805165546807555	0.9936992411846903	0.9849900880924416	0.9895136889043764	0.9856985693300303	0.9852786000656137	0.9845442195366666	0.9934958333551417	0.9933150819178412	0.9880314345615554	0.9828371236356451	0.993741116866075	0.9783988889479116	0.9929793431394464	0.9934627432964711	0.9929408469423531	0.9867445034562875	0.9840692286515086	0.9910740376061751	0.993098473386916	0.9928176119179132	0.9926916804014012	0.9849711413972568	0.9931978382767754	0.9931173033703902	0.9934700100472886	0.9907604665129541	0.987085605906196	1.0	0.9903586116846309	0.9931479203559209	0.9901994131438819	0.9838458029637592	0.9787038471255107	0.9928924992804347	0.9918534609115713	0.9851078051639389
0.989708274588861	0.9811809406082733	0.9793317261142682	0.9900861651977061	0.9829635118443801	0.9874337884919516	0.9836351786691732	0.9836471051764685	0.9828483212923621	0.9901676008469736	0.9898257568419786	0.9866998069570557	0.9817252163439207	0.9901487730799733	0.9768590425517495	0.9896961069311955	0.9899853870012548	0.9902481960757588	0.984170905798401	0.9832756954355389	0.9879879776633466	0.9896301755226279	0.9895506070585913	0.9893425349902569	0.9830211485199774	0.9899961755506136	0.9900034023099297	0.9899954409950212	0.9881158597592532	0.9855487607311494	0.9903586116846309	1.0	0.9902520955875733	0.9874530643962453	0.9818675772778855	0.9777842614979503	0.9895245660520031	0.988477589180297	0.9820198170617453
0.9930693059454745	0.9813586214554946	0.9808922173151159	0.9932787382997671	0.983767567245289	0.9897511578990933	0.9858640951740569	0.9843416872267158	0.983245280653849	0.9930314627591047	0.9932198502099885	0.987642968908168	0.9817101575725758	0.9933519624163557	0.9766914667693376	0.9925708676243035	0.993048389335985	0.9928033731779367	0.9860122741350222	0.9840880579773413	0.9908311255859503	0.9930345486832929	0.992817516334347	0.9930905568769582	0.9851332450377481	0.9932505566512463	0.9931033053995871	0.9935564353286984	0.9913333702130154	0.9860026251333956	0.9931479203559209	0.9902520955875733	1.0	0.9901910612948579	0.9823707646296261	0.9775187920362075	0.9928603967121447	0.9916529062583497	0.9832010190416918
0.9908357146036044	0.9816402948800534	0.9803386164081858	0.9909275419746778	0.9838302291982598	0.9881183373353458	0.9854796242064573	0.9843427574996023	0.9833811055864808	0.9908808011491673	0.9910657101141336	0.9868097327753026	0.9825561961365991	0.9910332823561846	0.9778030527798425	0.9905030847343126	0.9910178688952974	0.9912314415278465	0.9856499444497898	0.9841536783000053	0.9889716591425931	0.9905010444804401	0.9906503222008838	0.9902993661205112	0.9845044873358246	0.9910397765788587	0.9904002409421503	0.9907628600762322	0.9892332128924122	0.9857290956776648	0.9901994131438819	0.9874530643962453	0.9901910612948579	1.0	0.9825061423752228	0.9769260553671528	0.991058637518276	0.989874360975862	0.9836210453888697
0.9833099575390634	0.9928276657672302	0.9833218732457001	0.9838494353667047	0.9893538059504655	0.986237486980195	0.9848456741073768	0.9937344181743689	0.9932576538835288	0.983281873604185	0.9832099980679523	0.9846546963742528	0.9920450747797841	0.9837075890516057	0.9879029827531749	0.9831803326942572	0.9837107988544341	0.9835138100250568	0.9838866203953051	0.9905660590177244	0.9841787585948208	0.9834530103917555	0.9829354987074077	0.9831532315480483	0.9829767275752993	0.9828494369279251	0.9844815642418708	0.9836159145829673	0.983813988507892	0.9893192473013723	0.9838458029637592	0.9818675772778855	0.9823707646296261	0.9825061423752228	1.0	0.9920469566080972	0.983518419970615	0.9833528545076983	0.9809651241194088
0.9779432873030094	0.9921207675893104	0.9759780140298857	0.9790703045398609	0.9867809406723669	0.9822255425752433	0.9807162085656326	0.9900534132366353	0.9906491861327551	0.9781104484151345	0.9775113736019844	0.980290176969969	0.9876761904785208	0.9783001422141262	0.9854628462702472	0.9775616990102908	0.9779256267450241	0.9781538153638308	0.980299229638106	0.9869146257331527	0.9792973066566513	0.9785340061371304	0.977537584847554	0.9791897632822432	0.9792256641330632	0.9772360799535511	0.9797401170455331	0.9786228512522043	0.9791046188490304	0.9855083508023376	0.9787038471255107	0.9777842614979503	0.9775187920362075	0.9769260553671528	0.9920469566080972	1.0	0.9774818139545913	0.9789737511480325	0.9770859084611678
0.9929772891892571	0.9810754724648898	0.9802677455854644	0.993485327244455	0.9834788760348151	0.9892312800830939	0.9847339764360493	0.9840318808134665	0.9836706735111069	0.9932827070133742	0.9934291541409694	0.9870751906045039	0.9812608958990484	0.9935250517771927	0.9766528324317582	0.992890300388942	0.9932176174474595	0.9931348301042584	0.9856672998468754	0.984140116870974	0.9909331836133236	0.9932814175282411	0.9936072957874855	0.9937620244219239	0.9851164660224154	0.9935347686056767	0.9935418459125943	0.9942098531239064	0.9906787211899958	0.9861699538868784	0.9928924992804347	0.9895245660520031	0.9928603967121447	0.991058637518276	0.983518419970615	0.9774818139545913	1.0	0.9931710914494487	0.9840634423123723
0.9915228049159448	0.9812446931430595	0.9797355290443776	0.9920526132748131	0.9832531472959756	0.9884744321784629	0.9839461033620264	0.9843060228229826	0.983361810409624	0.9914476076246697	0.9916432650971665	0.9868052946434805	0.9817222955439386	0.991825705327199	0.976476221810427	0.9911620264230666	0.9914829086771051	0.991612282856625	0.9848370288795965	0.98413744347374	0.9897254306386515	0.9918240346023257	0.9921583430698913	0.9921394927346221	0.9844251389712257	0.991646239231001	0.9921254940556368	0.9926143406869886	0.9898985096006877	0.9863558978747309	0.9918534609115713	0.988477589180297	0.9916529062583497	0.989874360975862	0.9833528545076983	0.9789737511480325	0.9931710914494487	1.0	0.9830109709297272
0.9833769641098314	0.9803262328778485	0.9756620084545099	0.9838647667657611	0.9817762095511883	0.9829512356191761	0.9803289505238514	0.9819940126793341	0.9815701518756489	0.9845886572192972	0.9839531874869083	0.9818069119047518	0.9806722381357621	0.98455347011859	0.9760092075971479	0.9836649358152174	0.9846150480393306	0.9843707367104345	0.9807435883919442	0.9804216837832991	0.9841512721698938	0.9841999796754292	0.9852749150564836	0.9836275832400092	0.9807357432080392	0.9841281497184589	0.985322004713016	0.9843115821825621	0.9831534664703202	0.9818197214781746	0.9851078051639389	0.9820198170617453	0.9832010190416918	0.9836210453888697	0.9809651241194088	0.9770859084611678	0.9840634423123723	0.9830109709297272	1.0
