/home/jshaw/scratch/2022_sketched_distance/references/SGB_genome_fastas_part3/4658/Bengtsson-PalmeJ_2015__TRAVELRES11__bin.82.fa	/home/jshaw/scratch/2022_sketched_distance/references/SGB_genome_fastas_part3/4658/Bengtsson-PalmeJ_2015__TRAVELRES25__bin.33.fa	/home/jshaw/scratch/2022_sketched_distance/references/SGB_genome_fastas_part3/4658/Bengtsson-PalmeJ_2015__TRAVELRES36__bin.19.fa	/home/jshaw/scratch/2022_sketched_distance/references/SGB_genome_fastas_part3/4658/Bengtsson-PalmeJ_2015__TRAVELRES3__bin.65.fa	/home/jshaw/scratch/2022_sketched_distance/references/SGB_genome_fastas_part3/4658/Bengtsson-PalmeJ_2015__TRAVELRES41__bin.6.fa	/home/jshaw/scratch/2022_sketched_distance/references/SGB_genome_fastas_part3/4658/Bengtsson-PalmeJ_2015__TRAVELRES46__bin.104.fa	/home/jshaw/scratch/2022_sketched_distance/references/SGB_genome_fastas_part3/4658/Bengtsson-PalmeJ_2015__TRAVELRES4__bin.102.fa	/home/jshaw/scratch/2022_sketched_distance/references/SGB_genome_fastas_part3/4658/Bengtsson-PalmeJ_2015__TRAVELRES68__bin.11.fa	/home/jshaw/scratch/2022_sketched_distance/references/SGB_genome_fastas_part3/4658/Bengtsson-PalmeJ_2015__TRAVELRES69__bin.79.fa	/home/jshaw/scratch/2022_sketched_distance/references/SGB_genome_fastas_part3/4658/Bengtsson-PalmeJ_2015__TRAVELRES7__bin.18.fa	/home/jshaw/scratch/2022_sketched_distance/references/SGB_genome_fastas_part3/4658/Bengtsson-PalmeJ_2015__TRAVELRES8__bin.53.fa	/home/jshaw/scratch/2022_sketched_distance/references/SGB_genome_fastas_part3/4658/ChengpingW_2017__AS106raw__bin.10.fa	/home/jshaw/scratch/2022_sketched_distance/references/SGB_genome_fastas_part3/4658/CosteaPI_2017__SID713B074-11-0-0__bin.68.fa	/home/jshaw/scratch/2022_sketched_distance/references/SGB_genome_fastas_part3/4658/HeQ_2017__SZAXPI029552-169__bin.46.fa	/home/jshaw/scratch/2022_sketched_distance/references/SGB_genome_fastas_part3/4658/HeQ_2017__SZAXPI029563-66__bin.22.fa	/home/jshaw/scratch/2022_sketched_distance/references/SGB_genome_fastas_part3/4658/HeQ_2017__SZAXPI029599-169__bin.17.fa	/home/jshaw/scratch/2022_sketched_distance/references/SGB_genome_fastas_part3/4658/LeChatelierE_2013__MH0122__bin.19.fa	/home/jshaw/scratch/2022_sketched_distance/references/SGB_genome_fastas_part3/4658/LeChatelierE_2013__MH0134__bin.37.fa	/home/jshaw/scratch/2022_sketched_distance/references/SGB_genome_fastas_part3/4658/LeChatelierE_2013__MH0148__bin.70.fa	/home/jshaw/scratch/2022_sketched_distance/references/SGB_genome_fastas_part3/4658/LeChatelierE_2013__MH0236__bin.49.fa	/home/jshaw/scratch/2022_sketched_distance/references/SGB_genome_fastas_part3/4658/LeChatelierE_2013__MH0251__bin.19.fa	/home/jshaw/scratch/2022_sketched_distance/references/SGB_genome_fastas_part3/4658/LiJ_2014__O2.UC8-2__bin.45.fa	/home/jshaw/scratch/2022_sketched_distance/references/SGB_genome_fastas_part3/4658/LiSS_2016__FAT_024-22-0-0__bin.41.fa	/home/jshaw/scratch/2022_sketched_distance/references/SGB_genome_fastas_part3/4658/NielsenHB_2014__MH0122__bin.5.fa	/home/jshaw/scratch/2022_sketched_distance/references/SGB_genome_fastas_part3/4658/NielsenHB_2014__MH0134__bin.38.fa	/home/jshaw/scratch/2022_sketched_distance/references/SGB_genome_fastas_part3/4658/NielsenHB_2014__MH0148__bin.25.fa	/home/jshaw/scratch/2022_sketched_distance/references/SGB_genome_fastas_part3/4658/NielsenHB_2014__O2_UC59_0__bin.13.fa	/home/jshaw/scratch/2022_sketched_distance/references/SGB_genome_fastas_part3/4658/NielsenHB_2014__O2_UC9_2__bin.49.fa	/home/jshaw/scratch/2022_sketched_distance/references/SGB_genome_fastas_part3/4658/QinJ_2012__CON-076__bin.33.fa	/home/jshaw/scratch/2022_sketched_distance/references/SGB_genome_fastas_part3/4658/QinN_2014__HD-66__bin.1.fa	/home/jshaw/scratch/2022_sketched_distance/references/SGB_genome_fastas_part3/4658/QinN_2014__LD-26__bin.51.fa	/home/jshaw/scratch/2022_sketched_distance/references/SGB_genome_fastas_part3/4658/VogtmannE_2016__MMRS11288076ST-27-0-0__bin.34.fa	/home/jshaw/scratch/2022_sketched_distance/references/SGB_genome_fastas_part3/4658/YuJ_2015__SZAXPI015266-89__bin.52.fa	/home/jshaw/scratch/2022_sketched_distance/references/SGB_genome_fastas_part3/4658/ZeeviD_2015__PNP_Main_109__bin.15.fa	/home/jshaw/scratch/2022_sketched_distance/references/SGB_genome_fastas_part3/4658/ZeeviD_2015__PNP_Main_163__bin.52.fa	/home/jshaw/scratch/2022_sketched_distance/references/SGB_genome_fastas_part3/4658/ZeeviD_2015__PNP_Main_303__bin.19.fa	/home/jshaw/scratch/2022_sketched_distance/references/SGB_genome_fastas_part3/4658/ZeeviD_2015__PNP_Main_32__bin.13.fa	/home/jshaw/scratch/2022_sketched_distance/references/SGB_genome_fastas_part3/4658/ZeeviD_2015__PNP_Main_409__bin.34.fa	/home/jshaw/scratch/2022_sketched_distance/references/SGB_genome_fastas_part3/4658/ZeeviD_2015__PNP_Main_418__bin.50.fa	/home/jshaw/scratch/2022_sketched_distance/references/SGB_genome_fastas_part3/4658/ZeeviD_2015__PNP_Main_528__bin.27.fa	/home/jshaw/scratch/2022_sketched_distance/references/SGB_genome_fastas_part3/4658/ZeeviD_2015__PNP_Main_652__bin.32.fa	/home/jshaw/scratch/2022_sketched_distance/references/SGB_genome_fastas_part3/4658/ZeeviD_2015__PNP_Main_667__bin.36.fa	/home/jshaw/scratch/2022_sketched_distance/references/SGB_genome_fastas_part3/4658/ZeeviD_2015__PNP_Main_673__bin.1.fa	/home/jshaw/scratch/2022_sketched_distance/references/SGB_genome_fastas_part3/4658/ZeeviD_2015__PNP_Main_717__bin.24.fa	/home/jshaw/scratch/2022_sketched_distance/references/SGB_genome_fastas_part3/4658/ZeeviD_2015__PNP_Main_84__bin.84.fa	/home/jshaw/scratch/2022_sketched_distance/references/SGB_genome_fastas_part3/4658/ZeeviD_2015__PNP_Validation_61__bin.5.fa	/home/jshaw/scratch/2022_sketched_distance/references/SGB_genome_fastas_part3/4658/ZellerG_2014__CCIS21126322ST-4-0__bin.74.fa	/home/jshaw/scratch/2022_sketched_distance/references/SGB_genome_fastas_part3/4658/ZellerG_2014__CCIS70398272ST-4-0__bin.48.fa	/home/jshaw/scratch/2022_sketched_distance/references/SGB_genome_fastas_part3/4658/ZellerG_2014__CCIS81887263ST-4-0__bin.85.fa
1.0	0.9774655930670436	0.9637335516529357	0.9821495177086584	0.9800088240652095	0.9599440528004762	0.9788047684076718	0.9857852258118427	0.9776914885795444	0.9880283329897612	0.972103905814321	0.9712508978646535	0.9736973477055229	0.979265327552568	0.9607363451538972	0.9784661868397194	0.9679640615992579	0.9769264645861495	0.9654074502456336	0.972870735243424	0.9752460890639367	0.9749172055679466	0.9647529540180648	0.9638342544710151	0.9764670319201129	0.9700748376272911	0.9638403663080621	0.9730571034482667	0.9655008939294463	0.9772175755271152	0.9631445642754956	0.9772588477710339	0.9732837506251889	0.9705914066257877	0.9771521410674977	0.9772489864942363	0.9637265869072043	0.9646149618644737	0.9770507406328355	0.9723879793519247	0.9874372513606469	0.9735086674377287	0.9769157492115123	0.9818511426812317	0.980496820544749	0.975940965291894	0.9694261444849493	0.9768612817405248	0.9783455672911421
0.9774655930670436	1.0	0.9743672056497665	0.9688859212129441	0.9791652186523148	0.9785901007221188	0.9881815972236648	0.9791047358270439	0.9900046397683729	0.9749083897824562	0.9841198119673993	0.9787661678247156	0.9867030240204998	0.9860897362313293	0.9788554508660977	0.9851319783433555	0.9814252446537862	0.9894318493336804	0.9824348308646866	0.9854432848966846	0.9877360519089144	0.991744739761243	0.9807846576939461	0.9853897896146274	0.9887389079710615	0.9866586526594028	0.9795911308609201	0.9908264010854401	0.9835479237578114	0.9842610193106854	0.9789536668500146	0.989733512394016	0.9798334595317678	0.98530086361116	0.9883481255520589	0.989009996881122	0.980271261548102	0.9863844429771399	0.9886507834511826	0.9819333056923196	0.9754080865887084	0.9848658951285183	0.9896274916342106	0.9835577783450056	0.9828527609316308	0.9893466500694691	0.983318169540574	0.9889288537399191	0.9903236433296889
0.9637335516529357	0.9743672056497665	1.0	0.9522279804249166	0.9644572048701684	0.9689931553116256	0.9748019533606598	0.9763986668126039	0.9746511289269927	0.9616341385647151	0.971107210599711	0.9711766992801263	0.9739733323769201	0.9747188577501288	0.966346609099373	0.9743268554120504	0.9704465068268434	0.9740782658413363	0.969004347422981	0.9718508910210627	0.9733352431247626	0.9734011397677839	0.9637980777718729	0.9682395609241509	0.9735897659791141	0.9717415465730138	0.9673746035451558	0.9714492701682476	0.9688679462118898	0.9741042058744592	0.9674297151297788	0.9744188771819609	0.9687941620361844	0.9687892758218618	0.9722238445945365	0.975090039376525	0.9646133312735068	0.9689996756907019	0.9744469820341238	0.9736758131810367	0.9629691406823302	0.972805674422017	0.9743775520378428	0.9660863536080411	0.9712531241806056	0.9750849878837697	0.9707196959263729	0.9752185881250812	0.9751583859549592
0.9821495177086584	0.9688859212129441	0.9522279804249166	1.0	0.9727672284763783	0.9176617477112698	0.9785848860314473	0.9780597992223389	0.9693638874272898	0.9826092487575573	0.9587153772444853	0.9596768434290752	0.9657295811760724	0.967796974879485	0.9257489536257547	0.967208074940387	0.9587459136063811	0.968712314479979	0.9508439225437717	0.9649445771782347	0.9669485483016892	0.9672216032157509	0.9522071123519726	0.9387701026207264	0.9679845132506066	0.9564850495154034	0.9535856876386105	0.9636628063734037	0.950669580481957	0.9672301293363952	0.9339601322899691	0.9700437457324189	0.9476952024430829	0.9589918516091139	0.9670018330245538	0.9671212208984911	0.9496052412696621	0.9392244610651702	0.9686323567480085	0.9609916488556824	0.9843621434453167	0.9640754527272952	0.9674626454087297	0.976063773823993	0.9635166410622799	0.9685209697122987	0.9588687882103524	0.9681600604425604	0.9695245918127445
0.9800088240652095	0.9791652186523148	0.9644572048701684	0.9727672284763783	1.0	0.9632366887566102	0.9782042131713995	0.9795315195908293	0.9800385595417997	0.9793584710530496	0.9710356619661721	0.96943567387531	0.9760540399693444	0.9757154693306637	0.9623652332197297	0.9760698328254013	0.9714368328853846	0.9802792634459724	0.9753115530461474	0.9763124907243091	0.9810802855118693	0.9780896010538105	0.9675320860559049	0.9668374501088205	0.9798766285496046	0.9793840763801697	0.9708792705162712	0.9755809308946966	0.9699327737137484	0.9748691863272227	0.9647033336418042	0.9789557072433486	0.9666965757744416	0.9748051623195794	0.979770806356769	0.9793125359608607	0.9670889990973861	0.9717433413379908	0.9812268964607813	0.9721611408641662	0.9782950390467808	0.975840808398934	0.9829081007675244	0.9840978410920569	0.9725767383930374	0.9783682661196386	0.9765368251881786	0.9788935080805037	0.9807639911339504
0.9599440528004762	0.9785901007221188	0.9689931553116256	0.9176617477112698	0.9632366887566102	1.0	0.9788833997061915	0.9657327378072856	0.9785826571874777	0.9546041281768242	0.980542228125215	0.973055641994057	0.9758076058322085	0.9807332314960743	0.9823852594386607	0.9788821382652168	0.9698341320640133	0.9782732695910936	0.9746370927381792	0.9736920684172119	0.9760593993487398	0.9760189362810137	0.9754610821019374	0.9834176413370405	0.9779994436702043	0.9795381155291711	0.9682829834294371	0.9764980117979978	0.9767404856477692	0.9777497211174478	0.9824793821734489	0.9793032074069344	0.9790345127384018	0.9781554374717385	0.9775842793474878	0.9793106039319577	0.9758463023662711	0.9845712727148404	0.9785385572748758	0.9766124347712285	0.9549084528822797	0.975200340345028	0.9787251819608183	0.9674171027506816	0.9776511045952762	0.9776572914981198	0.9721199391736276	0.9795194183707285	0.9786449995731459
0.9788047684076718	0.9881815972236648	0.9748019533606598	0.9785848860314473	0.9782042131713995	0.9788833997061915	1.0	0.9796068897356285	0.9881960680293542	0.9761875990639305	0.9839775838254866	0.9803537801921791	0.9853783198796264	0.9867339579590815	0.9780915767604054	0.9860911275612112	0.9799709416911596	0.9879174386714599	0.9805094176338068	0.9841988689588765	0.9858009629244184	0.9858443526070272	0.9789329896095151	0.9829981251013951	0.9870459378827717	0.9842784410812814	0.9778279001244313	0.9844834616921072	0.9805401704030968	0.9858019822795248	0.9794830834703308	0.9883551062343511	0.9795961758627142	0.9830002925797385	0.986659627937535	0.9874080038292647	0.9789227749092329	0.9833696605112101	0.9880304724821571	0.9826781280336592	0.9767885999599845	0.9838840319364209	0.9874749180326533	0.981750572794452	0.983312127808195	0.987158160406891	0.9814204621529637	0.9879401399853485	0.9883630489196292
0.9857852258118427	0.9791047358270439	0.9763986668126039	0.9780597992223389	0.9795315195908293	0.9657327378072856	0.9796068897356285	1.0	0.9793332889516728	0.9835615593461893	0.9730427876123088	0.9725906592160688	0.9759299859700897	0.9786758177230207	0.9620270093120911	0.9775929741817433	0.9701928057344535	0.9782564594902721	0.9682414445685881	0.9744184246341208	0.9763435247014388	0.9768035931151212	0.9669070407150433	0.9676016466407283	0.9775720256719915	0.9725977305451998	0.9658342140106392	0.9746448384702894	0.9677817875339136	0.9771974674840924	0.9646683804065255	0.9787925733780993	0.9674171027506816	0.9730810498711943	0.978097728092567	0.9787060614725747	0.9661104656314158	0.9675383354964185	0.9782073831250727	0.9733325231929865	0.9864117451537221	0.9756489889243687	0.9785695081639157	0.9831508050222988	0.9744759739698693	0.9782073163689395	0.971321875781517	0.9792843571557556	0.9800007462258628
0.9776914885795444	0.9900046397683729	0.9746511289269927	0.9693638874272898	0.9800385595417997	0.9785826571874777	0.9881960680293542	0.9793332889516728	1.0	0.9768495684470753	0.9841761326411436	0.9787940682353886	0.9857229725259936	0.9857605207274038	0.9788890050596168	0.9850691495499388	0.9813404247893484	0.9891221245384194	0.9829155692913834	0.9853526907466935	0.9878213503528355	0.9877634232921133	0.9789304561080909	0.9841894865159454	0.9884915863647512	0.9868894943537466	0.9794513699319268	0.9863392469185653	0.9830651184718147	0.9838679327826481	0.979097331160312	0.9887144992743907	0.9799921181319364	0.9841898501193412	0.9875865553750862	0.9886461358212281	0.9795733042516924	0.9859563659949815	0.9893327308607159	0.9821994731369826	0.9761179287248506	0.9846709864752997	0.9895130633548611	0.9839791583927024	0.9827404292717068	0.9890656015830158	0.983346745511764	0.9898875731961642	0.9904082019224942
0.9880283329897612	0.9749083897824562	0.9616341385647151	0.9826092487575573	0.9793584710530496	0.9546041281768242	0.9761875990639305	0.9835615593461893	0.9768495684470753	1.0	0.9801186919363238	0.9678225917382749	0.9724660325705925	0.9761853089574578	0.9578479886863585	0.9758180556582197	0.9660316921654162	0.9751581795820324	0.963375713310772	0.972199211041516	0.9734884259976633	0.9735727531027281	0.9609705253328038	0.9577758855029332	0.9745818322478416	0.9679914425232751	0.9616894851382238	0.9708603804346934	0.962997030540849	0.9749434018715285	0.9590056732088622	0.9759434347579075	0.9637467048038455	0.9672239273725712	0.9737458032621953	0.9748466552204827	0.9601436394286347	0.9607229814948223	0.9750666635311108	0.970048594163842	0.9862038886246438	0.9718517837666418	0.9749307986884718	0.9812195847174621	0.9721989531904838	0.974431039071603	0.9672659266750842	0.974834498780606	0.9771106343338847
0.972103905814321	0.9841198119673993	0.971107210599711	0.9587153772444853	0.9710356619661721	0.980542228125215	0.9839775838254866	0.9730427876123088	0.9841761326411436	0.9801186919363238	1.0	0.977472186055203	0.9804952190740092	0.9855367355524447	0.9820822570495498	0.9839424629026552	0.9742594040997131	0.983603797206387	0.97929129449169	0.9794000225327905	0.9816192187109798	0.9806882394181964	0.9774103178900391	0.9811613811810476	0.9832128149243651	0.9839560340507103	0.9733009649920651	0.9808387363268734	0.9795033840502919	0.9838435197340782	0.982530027180479	0.9843951125155579	0.981577410833402	0.9807703187045246	0.9826787272839825	0.9835376254885506	0.9779342434605999	0.98430332027689	0.9829117406474754	0.9803739641962039	0.970544240324942	0.9794257800513577	0.9838126960892857	0.9743164889557006	0.9826408184068737	0.9822585897573889	0.9769728274657159	0.98298159315498	0.9847940440113786
0.9712508978646535	0.9787661678247156	0.9711766992801263	0.9596768434290752	0.96943567387531	0.973055641994057	0.9803537801921791	0.9725906592160688	0.9787940682353886	0.9678225917382749	0.977472186055203	1.0	0.9778799469131998	0.9829917187225432	0.9738124808075119	0.982619981688689	0.9728817095285553	0.9785125432266789	0.9730150715106111	0.9763285273665109	0.9777855930705862	0.9772360799535511	0.9704718314732941	0.9729429323289529	0.9778836656934196	0.9760400925836803	0.9695993633874865	0.9758048099716377	0.9731609529758709	0.9818615431111668	0.9747123242274973	0.9792955964847492	0.9748718298372634	0.9738026579812963	0.977448094871505	0.9788730293607604	0.970639131682894	0.974024519989787	0.9791504901109354	0.9786289285763335	0.9690202018755101	0.9763872730180586	0.9787880943284523	0.971241554977217	0.9774612891459817	0.9792282258691616	0.9738961914209279	0.9792567412024501	0.9798540956804254
0.9736973477055229	0.9867030240204998	0.9739733323769201	0.9657295811760724	0.9760540399693444	0.9758076058322085	0.9853783198796264	0.9759299859700897	0.9857229725259936	0.9724660325705925	0.9804952190740092	0.9778799469131998	1.0	0.9830801955827284	0.9755262481446608	0.9825419833005105	0.9820757743083023	0.9856411120815214	0.9797199457070479	0.9828608275594405	0.9853985644766509	0.9852148853729602	0.975820216122814	0.9821098413070289	0.9852289517816529	0.9829095310631519	0.9776477498123488	0.9831864916815402	0.9794708758550282	0.9817886082277817	0.9761291731051579	0.9861778866017272	0.9774299336828882	0.980679810075075	0.984412073686666	0.9850584357962644	0.9763530111272718	0.9825026468106199	0.9858672289157815	0.9797578197247986	0.9723256388572189	0.9827089919311933	0.9864486950131044	0.9791409603622654	0.9798018840496692	0.9860175870374716	0.9812820467645527	0.9897823874600076	0.9864840303490061
0.979265327552568	0.9860897362313293	0.9747188577501288	0.967796974879485	0.9757154693306637	0.9807332314960743	0.9867339579590815	0.9786758177230207	0.9857605207274038	0.9761853089574578	0.9855367355524447	0.9829917187225432	0.9830801955827284	1.0	0.9814178298013193	0.9890370049479275	0.977467507875524	0.985871935963222	0.9784205772626714	0.9814057413692631	0.9836369071573616	0.9832919090594789	0.9784357225840558	0.9817443016409041	0.9853849726327186	0.9828544712568268	0.9750959781908828	0.9824835658597026	0.9790911773979115	0.9889865406077918	0.9827045670037738	0.9862259861933612	0.9824020455714116	0.9816978992199528	0.9850006337126874	0.9855400900983946	0.9783724376800688	0.9819738223401483	0.9858224875708106	0.9841602376478377	0.9759265043208125	0.9817550049802406	0.9857002372464106	0.9792499272146998	0.9852214337374222	0.9849452606878089	0.9794625394294099	0.9857104607412849	0.9864054164182351
0.9607363451538972	0.9788554508660977	0.966346609099373	0.9257489536257547	0.9623652332197297	0.9823852594386607	0.9780915767604054	0.9620270093120911	0.9788890050596168	0.9578479886863585	0.9820822570495498	0.9738124808075119	0.9755262481446608	0.9814178298013193	1.0	0.9798444771173999	0.969392043684485	0.9784001672977227	0.9743257547911476	0.9736235918160713	0.975393283921952	0.9761781535945973	0.9750740671414192	0.9814593144134328	0.9778059700994431	0.9790882679474521	0.9677014376491351	0.9763671567504087	0.9760205847061716	0.979113331792132	0.9833106318842022	0.9785326708330078	0.9792125638038207	0.9763946801210311	0.9769404694790285	0.9786755777108987	0.9747050012681885	0.9831489697247652	0.9768026412112787	0.9763254401560616	0.9532935929397242	0.9735908060207825	0.9776497510236347	0.9655289418305923	0.9776187051630896	0.9773258497698213	0.9715395911893557	0.9788657212021571	0.9788545885882416
0.9784661868397194	0.9851319783433555	0.9743268554120504	0.967208074940387	0.9760698328254013	0.9788821382652168	0.9860911275612112	0.9775929741817433	0.9850691495499388	0.9758180556582197	0.9839424629026552	0.982619981688689	0.9825419833005105	0.9890370049479275	0.9798444771173999	1.0	0.9773978221326747	0.9848905019921185	0.9781232061446725	0.9810950943717415	0.9833160947979553	0.9828188060087008	0.9758708930821667	0.979283762972496	0.9841775861683835	0.9818365976080053	0.9749437110399558	0.9816633315646769	0.97868098403011	0.9885178348068834	0.9869538904052705	0.9852959356107347	0.981872558285003	0.9798084930215195	0.9832169057694475	0.9845345761060232	0.9764039102791223	0.9806371477024924	0.9851335274748283	0.9846166833135532	0.9744067104531924	0.9816994000312775	0.9847116213849629	0.9783728280796666	0.9840424367847916	0.9842586242380169	0.9789623732260709	0.9849170024810784	0.985362334607378
0.9679640615992579	0.9814252446537862	0.9704465068268434	0.9587459136063811	0.9714368328853846	0.9698341320640133	0.9799709416911596	0.9701928057344535	0.9813404247893484	0.9660316921654162	0.9742594040997131	0.9728817095285553	0.9820757743083023	0.977467507875524	0.969392043684485	0.9773978221326747	1.0	0.9798387858504282	0.9752359100455401	0.9781661875649551	0.9806006186316839	0.9798479788313293	0.9689899772351851	0.9822080818419322	0.9794278213375721	0.9774132638824352	0.9729780611231651	0.9774224389020492	0.9747281117102287	0.9764455754928206	0.9702966539895679	0.9803026660744522	0.9717256080723361	0.9740008846034559	0.9785473736689269	0.979843837165682	0.9697940949656616	0.9760543730238105	0.9808816710373279	0.9757240819539141	0.9650508015430577	0.9781570411222306	0.980864955124284	0.9734299818002585	0.9745587109014784	0.9818937608028336	0.9768537929924916	0.9839744855618618	0.9808947708632437
0.9769264645861495	0.9894318493336804	0.9740782658413363	0.968712314479979	0.9802792634459724	0.9782732695910936	0.9879174386714599	0.9782564594902721	0.9891221245384194	0.9751581795820324	0.983603797206387	0.9785125432266789	0.9856411120815214	0.985871935963222	0.9784001672977227	0.9848905019921185	0.9798387858504282	1.0	0.9833162394189101	0.9849278217306088	0.9880840178100433	0.9868980329937639	0.979316856874229	0.9831571593854601	0.9973253394725324	0.9874133582270949	0.9798366606197878	0.9860604683511667	0.9819280597045023	0.9844189888051424	0.9786394259802565	0.989205942372244	0.9795999749824174	0.9853543684115575	0.988243219134594	0.9874542310252127	0.9806512133689059	0.9865752049048637	0.9887981879054001	0.9815046566447868	0.9755030500328096	0.9836349137245727	0.9896779791139999	0.9838279499900475	0.982297733542873	0.9872428765527241	0.984073334118526	0.9883027424617596	0.9894427718867805
0.9654074502456336	0.9824348308646866	0.969004347422981	0.9508439225437717	0.9753115530461474	0.9746370927381792	0.9805094176338068	0.9682414445685881	0.9829155692913834	0.963375713310772	0.97929129449169	0.9730150715106111	0.9797199457070479	0.9784205772626714	0.9743257547911476	0.9781232061446725	0.9752359100455401	0.9833162394189101	1.0	0.9799073786209765	0.9845767854715263	0.9802982089947515	0.972547431552531	0.9789070935456783	0.9827741980705081	0.9927037390081243	0.9774554979886113	0.9795870117195505	0.9785269624746993	0.9775026478771014	0.9756774092128858	0.9817220091165406	0.9760651083218517	0.9806936637606246	0.9829130698862368	0.982087157398922	0.9768351178402244	0.9847261875326215	0.9849636262369844	0.976283720820712	0.963068186918418	0.9790755181791551	0.9863756501687335	0.9731432321360658	0.9763402940313419	0.9811491607180626	0.9817075343384685	0.9817912869577416	0.9829329857249455
0.972870735243424	0.9854432848966846	0.9718508910210627	0.9649445771782347	0.9763124907243091	0.9736920684172119	0.9841988689588765	0.9744184246341208	0.9853526907466935	0.972199211041516	0.9794000225327905	0.9763285273665109	0.9828608275594405	0.9814057413692631	0.9736235918160713	0.9810950943717415	0.9781661875649551	0.9849278217306088	0.9799073786209765	1.0	0.9844084363808479	0.9839028596344004	0.9738344077896265	0.9772957207479346	0.9843893701519172	0.9829301486076998	0.9766499984856526	0.9815741803131741	0.9782997211048673	0.9810144945821743	0.9741016704646399	0.985826357469896	0.9747645007305726	0.978820716709068	0.9828270222540709	0.9842773454493412	0.9750018447508473	0.9810726341934213	0.9851089115112991	0.9783776712442318	0.9710693198199627	0.9813614958236603	0.9855883868927197	0.9774278045894926	0.9780059558952633	0.9847340847313729	0.9808849773276285	0.9842765805485616	0.9849434253724909
0.9752460890639367	0.9877360519089144	0.9733352431247626	0.9669485483016892	0.9810802855118693	0.9760593993487398	0.9858009629244184	0.9763435247014388	0.9878213503528355	0.9734884259976633	0.9816192187109798	0.9777855930705862	0.9853985644766509	0.9836369071573616	0.975393283921952	0.9833160947979553	0.9806006186316839	0.9880840178100433	0.9845767854715263	0.9844084363808479	1.0	0.9862257434830971	0.976761632513029	0.9810976926833768	0.9877541223065419	0.98812520804547	0.9832688304963448	0.9843498054167614	0.9807224624020703	0.982511422980044	0.9764690182928806	0.9872829635288412	0.9771174295305913	0.9841847433136051	0.9876669834037541	0.9863602533528539	0.9785926021682132	0.9866236243712213	0.9901297618932438	0.9807830841678196	0.973555488388072	0.9839729714158362	0.9906140342539294	0.9817411960639533	0.9803949558898154	0.9866749940756371	0.9852074481764439	0.9876889463483012	0.9877908595898773
0.9749172055679466	0.991744739761243	0.9734011397677839	0.9672216032157509	0.9780896010538105	0.9760189362810137	0.9858443526070272	0.9768035931151212	0.9877634232921133	0.9735727531027281	0.9806882394181964	0.9772360799535511	0.9852148853729602	0.9832919090594789	0.9761781535945973	0.9828188060087008	0.9798479788313293	0.9868980329937639	0.9802982089947515	0.9839028596344004	0.9862257434830971	1.0	0.9774505974635818	0.9810420580345081	0.9864765670860697	0.9839339439492972	0.9783800659362689	0.9916025018114001	0.981983164438062	0.9821666605396032	0.9766389888571791	0.9875869025757651	0.9775034848290072	0.981764610461622	0.9848061607026927	0.9859325125609865	0.9768903498104138	0.9827446269216005	0.9869700180226177	0.9802381305503313	0.9729567819305562	0.983437231975084	0.9872123133602269	0.980904239473714	0.980380964329797	0.9882491028533797	0.9819609989257125	0.9869898799848535	0.9877323467843296
0.9647529540180648	0.9807846576939461	0.9637980777718729	0.9522071123519726	0.9675320860559049	0.9754610821019374	0.9789329896095151	0.9669070407150433	0.9789304561080909	0.9609705253328038	0.9774103178900391	0.9704718314732941	0.975820216122814	0.9784357225840558	0.9750740671414192	0.9758708930821667	0.9689899772351851	0.979316856874229	0.972547431552531	0.9738344077896265	0.976761632513029	0.9774505974635818	1.0	0.9796146309981908	0.9787784138168684	0.9787017388956025	0.9683881413672063	0.9779482255759745	0.974388929304746	0.9760510408452342	0.9741801444251308	0.9805668424641975	0.9723400619703209	0.9798126226280379	0.9797591980318199	0.9794193468079069	0.9770892541201401	0.9811022731023223	0.9782405964257512	0.9720056996441965	0.9639696291228436	0.9734738406629828	0.9798979500402097	0.9715850867634874	0.9754851536694162	0.9781072775293668	0.9725976408276068	0.9793782422174	0.9801440293906569
0.9638342544710151	0.9853897896146274	0.9682395609241509	0.9387701026207264	0.9668374501088205	0.9834176413370405	0.9829981251013951	0.9676016466407283	0.9841894865159454	0.9577758855029332	0.9811613811810476	0.9729429323289529	0.9821098413070289	0.9817443016409041	0.9814593144134328	0.979283762972496	0.9822080818419322	0.9831571593854601	0.9789070935456783	0.9772957207479346	0.9810976926833768	0.9810420580345081	0.9796146309981908	1.0	0.9822832278349055	0.984110512109854	0.9731438954093127	0.9811221242084369	0.9810827979392646	0.9789297580965625	0.9818355838456662	0.9836109580156391	0.9800529720612317	0.9830535050134992	0.9837624015445408	0.9834333692024704	0.9801499188382746	0.9892079076249215	0.9837568298687946	0.9770085556089049	0.9606336446837108	0.9785060658400561	0.9833386950817605	0.9769902729736382	0.9791909004315169	0.9820021985720719	0.9763215634314694	0.9862686730126058	0.9839575924188394
0.9764670319201129	0.9887389079710615	0.9735897659791141	0.9679845132506066	0.9798766285496046	0.9779994436702043	0.9870459378827717	0.9775720256719915	0.9884915863647512	0.9745818322478416	0.9832128149243651	0.9778836656934196	0.9852289517816529	0.9853849726327186	0.9778059700994431	0.9841775861683835	0.9794278213375721	0.9973253394725324	0.9827741980705081	0.9843893701519172	0.9877541223065419	0.9864765670860697	0.9787784138168684	0.9822832278349055	1.0	0.9869700720458986	0.9793378211908457	0.985603980407235	0.9812835535356201	0.9835636488332044	0.9782199167297312	0.9886103726621078	0.9789664881961145	0.9845143310146613	0.987612543809652	0.9869646960899948	0.979978978240383	0.9859435816371662	0.9884418787006826	0.980935129813005	0.9748942998874427	0.9831720602023445	0.9891613206039847	0.9831351587573678	0.9820825709973738	0.9869354410196128	0.9835087864986954	0.987861952566243	0.9888456525395213
0.9700748376272911	0.9866586526594028	0.9717415465730138	0.9564850495154034	0.9793840763801697	0.9795381155291711	0.9842784410812814	0.9725977305451998	0.9868894943537466	0.9679914425232751	0.9839560340507103	0.9760400925836803	0.9829095310631519	0.9828544712568268	0.9790882679474521	0.9818365976080053	0.9774132638824352	0.9874133582270949	0.9927037390081243	0.9829301486076998	0.98812520804547	0.9839339439492972	0.9787017388956025	0.984110512109854	0.9869700720458986	1.0	0.9805735381453198	0.9839550253768014	0.9822773324319658	0.9812724111286285	0.9802099071256211	0.9858788092646411	0.9797975153074199	0.9859601078703233	0.9877387424926016	0.986029508505502	0.9820322726925387	0.9900351374638292	0.9887129401024372	0.9797952375804913	0.9690646511206753	0.9823256386175235	0.9902677076515172	0.9785821022041614	0.9808206997446284	0.9845870286792603	0.9847840085072851	0.9858664421875294	0.9870406724979269
0.9638403663080621	0.9795911308609201	0.9673746035451558	0.9535856876386105	0.9708792705162712	0.9682829834294371	0.9778279001244313	0.9658342140106392	0.9794513699319268	0.9616894851382238	0.9733009649920651	0.9695993633874865	0.9776477498123488	0.9750959781908828	0.9677014376491351	0.9749437110399558	0.9729780611231651	0.9798366606197878	0.9774554979886113	0.9766499984856526	0.9832688304963448	0.9783800659362689	0.9683881413672063	0.9731438954093127	0.9793378211908457	0.9805735381453198	1.0	0.9768797170472624	0.9735514531439352	0.9741608594568052	0.9686863272886882	0.9786369554747991	0.9699384109346272	0.9761949889867197	0.9791615039437932	0.9779410103777669	0.9716780190513479	0.9793724569089992	0.9810511537140064	0.9728337679216424	0.9613019572372538	0.9754589926202635	0.9826039381260461	0.9709544998465034	0.9718368208951312	0.9781672276083403	0.9780098206547477	0.9786140048639191	0.9796300507171473
0.9730571034482667	0.9908264010854401	0.9714492701682476	0.9636628063734037	0.9755809308946966	0.9764980117979978	0.9844834616921072	0.9746448384702894	0.9863392469185653	0.9708603804346934	0.9808387363268734	0.9758048099716377	0.9831864916815402	0.9824835658597026	0.9763671567504087	0.9816633315646769	0.9774224389020492	0.9860604683511667	0.9795870117195505	0.9815741803131741	0.9843498054167614	0.9916025018114001	0.9779482255759745	0.9811221242084369	0.985603980407235	0.9839550253768014	0.9768797170472624	1.0	0.9808208446951069	0.9809275982484	0.9768159435509836	0.9863694119480356	0.977667109538837	0.9818095914795176	0.9843119066184387	0.9846395130044835	0.9776920146923112	0.9829448582815433	0.9848580004065889	0.9786095232384738	0.9703802426184635	0.9811534141385276	0.9857259968945811	0.9784845739882335	0.9800216942226746	0.9858178350270685	0.9798601817585948	0.9856821853731792	0.986470769367115
0.9655008939294463	0.9835479237578114	0.9688679462118898	0.950669580481957	0.9699327737137484	0.9767404856477692	0.9805401704030968	0.9677817875339136	0.9830651184718147	0.962997030540849	0.9795033840502919	0.9731609529758709	0.9794708758550282	0.9790911773979115	0.9760205847061716	0.97868098403011	0.9747281117102287	0.9819280597045023	0.9785269624746993	0.9782997211048673	0.9807224624020703	0.981983164438062	0.974388929304746	0.9810827979392646	0.9812835535356201	0.9822773324319658	0.9735514531439352	0.9808208446951069	1.0	0.9779961950221507	0.9776749557790217	0.9821818491959926	0.9762226350133909	0.9784065619563396	0.980708468708952	0.9820755936355642	0.9744018648646174	0.9829598345624442	0.9811308772799536	0.9766872914316825	0.9627325510329008	0.978618593608417	0.9821381248463723	0.9724840954999132	0.976397337582992	0.9822782875087711	0.9767437397420039	0.9810202238745445	0.9820704656618295
0.9772175755271152	0.9842610193106854	0.9741042058744592	0.9672301293363952	0.9748691863272227	0.9777497211174478	0.9858019822795248	0.9771974674840924	0.9838679327826481	0.9749434018715285	0.9838435197340782	0.9818615431111668	0.9817886082277817	0.9889865406077918	0.979113331792132	0.9885178348068834	0.9764455754928206	0.9844189888051424	0.9775026478771014	0.9810144945821743	0.982511422980044	0.9821666605396032	0.9760510408452342	0.9789297580965625	0.9835636488332044	0.9812724111286285	0.9741608594568052	0.9809275982484	0.9779961950221507	1.0	0.9818502908511596	0.9847852355149942	0.9808634567757192	0.9798231542446816	0.9830128406424538	0.9838310617606905	0.9765311766338004	0.98011058793551	0.9841896274582113	0.9829400184352256	0.9738215688448679	0.9814393399289655	0.9843226020038431	0.9773471314786171	0.9832853775623943	0.9835784651929237	0.978390239533439	0.9843486089284561	0.9845922591283767
0.9631445642754956	0.9789536668500146	0.9674297151297788	0.9339601322899691	0.9647033336418042	0.9824793821734489	0.9794830834703308	0.9646683804065255	0.979097331160312	0.9590056732088622	0.982530027180479	0.9747123242274973	0.9761291731051579	0.9827045670037738	0.9833106318842022	0.9869538904052705	0.9702966539895679	0.9786394259802565	0.9756774092128858	0.9741016704646399	0.9764690182928806	0.9766389888571791	0.9741801444251308	0.9818355838456662	0.9782199167297312	0.9802099071256211	0.9686863272886882	0.9768159435509836	0.9776749557790217	0.9818502908511596	1.0	0.9790015748323497	0.9821655375316406	0.9762355219023696	0.9776736807711139	0.9793816400640257	0.9747586546465626	0.9842354207061708	0.9782124788222978	0.978816978444485	0.9566580355954619	0.9755851946888141	0.9784495853866607	0.9669555739418135	0.9795629366542852	0.9776394633852399	0.9725606016716429	0.9793484698612279	0.9791582214837835
0.9772588477710339	0.989733512394016	0.9744188771819609	0.9700437457324189	0.9789557072433486	0.9793032074069344	0.9883551062343511	0.9787925733780993	0.9887144992743907	0.9759434347579075	0.9843951125155579	0.9792955964847492	0.9861778866017272	0.9862259861933612	0.9785326708330078	0.9852959356107347	0.9803026660744522	0.989205942372244	0.9817220091165406	0.985826357469896	0.9872829635288412	0.9875869025757651	0.9805668424641975	0.9836109580156391	0.9886103726621078	0.9858788092646411	0.9786369554747991	0.9863694119480356	0.9821818491959926	0.9847852355149942	0.9790015748323497	1.0	0.9796085027532428	0.9844534630396969	0.9874094762244219	0.9884314196117048	0.9803516165397679	0.9856457105692639	0.9884002152626385	0.9821098413070289	0.9764605328165382	0.9847072365946298	0.9885873159913804	0.9824083518052934	0.9833729858647235	0.9880090379215634	0.9823937262951963	0.9882712914972263	0.989266855676327
0.9732837506251889	0.9798334595317678	0.9687941620361844	0.9476952024430829	0.9666965757744416	0.9790345127384018	0.9795961758627142	0.9674171027506816	0.9799921181319364	0.9637467048038455	0.981577410833402	0.9748718298372634	0.9774299336828882	0.9824020455714116	0.9792125638038207	0.981872558285003	0.9717256080723361	0.9795999749824174	0.9760651083218517	0.9747645007305726	0.9771174295305913	0.9775034848290072	0.9723400619703209	0.9800529720612317	0.9789664881961145	0.9797975153074199	0.9699384109346272	0.977667109538837	0.9762226350133909	0.9808634567757192	0.9821655375316406	0.9796085027532428	1.0	0.9763647569058552	0.9783443537095118	0.9797443855709177	0.9735195178238527	0.9821638482814453	0.979178457133859	0.9774612891459817	0.961618156185928	0.9757976837154729	0.979424989642861	0.9692931212667455	0.9865750981373916	0.9782342972529234	0.9746127356811568	0.9798841299357854	0.9801667924155636
0.9705914066257877	0.98530086361116	0.9687892758218618	0.9589918516091139	0.9748051623195794	0.9781554374717385	0.9830002925797385	0.9730810498711943	0.9841898501193412	0.9672239273725712	0.9807703187045246	0.9738026579812963	0.980679810075075	0.9816978992199528	0.9763946801210311	0.9798084930215195	0.9740008846034559	0.9853543684115575	0.9806936637606246	0.978820716709068	0.9841847433136051	0.981764610461622	0.9798126226280379	0.9830535050134992	0.9845143310146613	0.9859601078703233	0.9761949889867197	0.9818095914795176	0.9784065619563396	0.9798231542446816	0.9762355219023696	0.9844534630396969	0.9763647569058552	1.0	0.9874406647530025	0.9841046168827555	0.9809386569368999	0.9859927273257916	0.9849386182728085	0.9763743432794315	0.9693934033653213	0.979635571287768	0.9900552467781762	0.9785984549188241	0.9789245879095372	0.9822934085190159	0.9828510307426677	0.9849420838320524	0.9853244734707396
0.9771521410674977	0.9883481255520589	0.9722238445945365	0.9670018330245538	0.979770806356769	0.9775842793474878	0.986659627937535	0.978097728092567	0.9875865553750862	0.9737458032621953	0.9826787272839825	0.977448094871505	0.984412073686666	0.9850006337126874	0.9769404694790285	0.9832169057694475	0.9785473736689269	0.988243219134594	0.9829130698862368	0.9828270222540709	0.9876669834037541	0.9848061607026927	0.9797591980318199	0.9837624015445408	0.987612543809652	0.9877387424926016	0.9791615039437932	0.9843119066184387	0.980708468708952	0.9830128406424538	0.9776736807711139	0.9874094762244219	0.9783443537095118	0.9874406647530025	1.0	0.9867737515424737	0.9830392760586848	0.9863238004740627	0.9883281262064685	0.9797736539932967	0.9754480188058822	0.9830243678619248	0.9894353473923088	0.9831273566899154	0.9810982526866286	0.9857375317187148	0.9828088560036333	0.9879549527703203	0.9877496148754004
0.9772489864942363	0.989009996881122	0.975090039376525	0.9671212208984911	0.9793125359608607	0.9793106039319577	0.9874080038292647	0.9787060614725747	0.9886461358212281	0.9748466552204827	0.9835376254885506	0.9788730293607604	0.9850584357962644	0.9855400900983946	0.9786755777108987	0.9845345761060232	0.979843837165682	0.9874542310252127	0.982087157398922	0.9842773454493412	0.9863602533528539	0.9859325125609865	0.9794193468079069	0.9834333692024704	0.9869646960899948	0.986029508505502	0.9779410103777669	0.9846395130044835	0.9820755936355642	0.9838310617606905	0.9793816400640257	0.9884314196117048	0.9797443855709177	0.9841046168827555	0.9867737515424737	1.0	0.9794844010131402	0.9848015826199277	0.9877759490325995	0.9825405455676706	0.9752680813094827	0.9861902705853904	0.9884891872165403	0.9821444621399136	0.9823754658981284	0.9879848949247575	0.9824748932872567	0.9877248533711928	0.9890936510852532
0.9637265869072043	0.980271261548102	0.9646133312735068	0.9496052412696621	0.9670889990973861	0.9758463023662711	0.9789227749092329	0.9661104656314158	0.9795733042516924	0.9601436394286347	0.9779342434605999	0.970639131682894	0.9763530111272718	0.9783724376800688	0.9747050012681885	0.9764039102791223	0.9697940949656616	0.9806512133689059	0.9768351178402244	0.9750018447508473	0.9785926021682132	0.9768903498104138	0.9770892541201401	0.9801499188382746	0.979978978240383	0.9820322726925387	0.9716780190513479	0.9776920146923112	0.9744018648646174	0.9765311766338004	0.9747586546465626	0.9803516165397679	0.9735195178238527	0.9809386569368999	0.9830392760586848	0.9794844010131402	1.0	0.9826565075704166	0.9799575898202502	0.9732414305543264	0.9622012140663613	0.9745796006413087	0.9817652095148927	0.9702496448678686	0.9749255843331608	0.9777690913628958	0.9743519183122356	0.9798581664687648	0.9802909547507475
