/home/jshaw/scratch/2022_sketched_distance/references/SGB_genome_fastas_part4/8021/BackhedF_2015__SID172_4M__bin.7.fa	/home/jshaw/scratch/2022_sketched_distance/references/SGB_genome_fastas_part4/8021/BackhedF_2015__SID385_12M__bin.34.fa	/home/jshaw/scratch/2022_sketched_distance/references/SGB_genome_fastas_part4/8021/BackhedF_2015__SID590_12M__bin.4.fa	/home/jshaw/scratch/2022_sketched_distance/references/SGB_genome_fastas_part4/8021/BritoIL_2016__M1.64.ST__bin.55.fa	/home/jshaw/scratch/2022_sketched_distance/references/SGB_genome_fastas_part4/8021/BritoIL_2016__W2.23.ST__bin.46.fa	/home/jshaw/scratch/2022_sketched_distance/references/SGB_genome_fastas_part4/8021/CM_madagascar__A24_02_1FE__bin.4.fa	/home/jshaw/scratch/2022_sketched_distance/references/SGB_genome_fastas_part4/8021/CM_madagascar__A36_01_1FE__bin.40.fa	/home/jshaw/scratch/2022_sketched_distance/references/SGB_genome_fastas_part4/8021/CM_madagascar__A66_02_1FE__bin.29.fa	/home/jshaw/scratch/2022_sketched_distance/references/SGB_genome_fastas_part4/8021/CM_madagascar__V01_01_1FE__bin.20.fa	/home/jshaw/scratch/2022_sketched_distance/references/SGB_genome_fastas_part4/8021/CM_madagascar__V40_01_1FE__bin.34.fa	/home/jshaw/scratch/2022_sketched_distance/references/SGB_genome_fastas_part4/8021/CM_madagascar__V54_01_1FE__bin.21.fa	/home/jshaw/scratch/2022_sketched_distance/references/SGB_genome_fastas_part4/8021/CosteaPI_2017__SID713B029-11-90-0__bin.28.fa	/home/jshaw/scratch/2022_sketched_distance/references/SGB_genome_fastas_part4/8021/DavidLA_2015__LD-Run1-01__bin.5.fa	/home/jshaw/scratch/2022_sketched_distance/references/SGB_genome_fastas_part4/8021/DavidLA_2015__LD-Run2-32__bin.2.fa	/home/jshaw/scratch/2022_sketched_distance/references/SGB_genome_fastas_part4/8021/FengQ_2015__SID531281__bin.24.fa	/home/jshaw/scratch/2022_sketched_distance/references/SGB_genome_fastas_part4/8021/GeversD_2014__SKBSTL001__bin.17.fa	/home/jshaw/scratch/2022_sketched_distance/references/SGB_genome_fastas_part4/8021/GeversD_2014__SKBSTL021__bin.25.fa	/home/jshaw/scratch/2022_sketched_distance/references/SGB_genome_fastas_part4/8021/GeversD_2014__SKBSTL038__bin.22.fa	/home/jshaw/scratch/2022_sketched_distance/references/SGB_genome_fastas_part4/8021/HanniganGD_2017__MG100147__bin.4.fa	/home/jshaw/scratch/2022_sketched_distance/references/SGB_genome_fastas_part4/8021/HeQ_2017__SZAXPI029476-50__bin.8.fa	/home/jshaw/scratch/2022_sketched_distance/references/SGB_genome_fastas_part4/8021/KarlssonFH_2013__S146__bin.10.fa	/home/jshaw/scratch/2022_sketched_distance/references/SGB_genome_fastas_part4/8021/LiJ_2014__O2.CD1-0-PT__bin.3.fa	/home/jshaw/scratch/2022_sketched_distance/references/SGB_genome_fastas_part4/8021/LiJ_2014__V1.CD2-0-PT__bin.7.fa	/home/jshaw/scratch/2022_sketched_distance/references/SGB_genome_fastas_part4/8021/LiJ_2014__V1.CD3-0-PN__bin.37.fa	/home/jshaw/scratch/2022_sketched_distance/references/SGB_genome_fastas_part4/8021/LiJ_2014__V1.FI22__bin.51.fa	/home/jshaw/scratch/2022_sketched_distance/references/SGB_genome_fastas_part4/8021/NielsenHB_2014__V1_CD18_0__bin.38.fa	/home/jshaw/scratch/2022_sketched_distance/references/SGB_genome_fastas_part4/8021/Obregon-TitoAJ_2015__HCO64__bin.28.fa	/home/jshaw/scratch/2022_sketched_distance/references/SGB_genome_fastas_part4/8021/SchirmerM_2016__G88822__bin.11.fa	/home/jshaw/scratch/2022_sketched_distance/references/SGB_genome_fastas_part4/8021/VatanenT_2016__G80490__bin.11.fa	/home/jshaw/scratch/2022_sketched_distance/references/SGB_genome_fastas_part4/8021/VatanenT_2016__G80538__bin.7.fa	/home/jshaw/scratch/2022_sketched_distance/references/SGB_genome_fastas_part4/8021/VatanenT_2016__G80592__bin.2.fa	/home/jshaw/scratch/2022_sketched_distance/references/SGB_genome_fastas_part4/8021/VogtmannE_2016__MMRS16644320ST-27-0-0__bin.23.fa	/home/jshaw/scratch/2022_sketched_distance/references/SGB_genome_fastas_part4/8021/ZeeviD_2015__PNP_Main_637__bin.11.fa	/home/jshaw/scratch/2022_sketched_distance/references/SGB_genome_fastas_part4/8021/ZeeviD_2015__PNP_Main_82__bin.27.fa	/home/jshaw/scratch/2022_sketched_distance/references/SGB_genome_fastas_part4/8021/ZellerG_2014__CCIS41692898ST-4-0__bin.36.fa	/home/jshaw/scratch/2022_sketched_distance/references/SGB_genome_fastas_part4/8021/ZellerG_2014__CCIS44743950ST-4-0__bin.22.fa	/home/jshaw/scratch/2022_sketched_distance/references/SGB_genome_fastas_part4/8021/ZellerG_2014__CCIS79210440ST-3-0__bin.35.fa
1.0	0.9941276863116351	0.9953233602508268	0.9927491720199678	0.9917911375682799	0.9910355630507698	0.9924283624778271	0.9925768150427865	0.9897969760591591	0.9932367313575914	0.9900111085520197	0.9923787298824401	0.9925521191614122	0.9931397923093493	0.9943081810938962	0.9941202161563493	0.9911243750179543	0.9934778444840897	0.9925838004404117	0.9914708039983173	0.9931640536954425	0.993309249828831	0.994260268227976	0.9925274048323767	0.9950724639534466	0.9929031143670052	0.9892188647590556	0.9938097887710008	0.9923723944791786	0.993115513129792	0.991286088297481	0.9932367313575914	0.992700018711718	0.9912537667346055	0.9912732988705297	0.9931397923093493	0.9921012006849002
0.9941276863116351	1.0	0.9986262532006304	0.9942755928946483	0.9917287744751692	0.9924035554885733	0.9939294449538072	0.9942509875928193	0.9917729371417224	0.9946668137898834	0.9917198386748323	0.9940039245260383	0.9937550053584558	0.9943001799428328	0.995719465521546	0.9944717804813651	0.9922393022006903	0.9945694405567539	0.9929235841302968	0.9927671827967431	0.9943492993882601	0.9941523832965901	0.9915873435467107	0.9938796987253715	0.995719465521546	0.9905275154316844	0.9909039745140439	0.9949541491601231	0.9924815440186928	0.9941276863116351	0.9911612672256123	0.9943001799428328	0.9943983461484606	0.9917463985691941	0.9913026490620496	0.9944473204417996	0.9921628659431471
0.9953233602508268	0.9986262532006304	1.0	0.9944219826106641	0.9939029304313568	0.9908602300303446	0.9920537446244375	0.9924730759050413	0.9903419271055239	0.9934088349329369	0.9908497626185087	0.9934710781565858	0.9924417322022865	0.9929100118326909	0.9955632871172809	0.9933412545431726	0.9940347620239186	0.9934313311143651	0.9944108817472818	0.9944202918828063	0.9936625317882409	0.9945151031531778	0.9938208264444405	0.9943504523261417	0.9946239836321473	0.9925241392950809	0.992462523950657	0.9964926922517204	0.9942253324198761	0.9928642893156401	0.9930646374093948	0.992887158469883	0.993322902299687	0.9931972966990217	0.9930732837455746	0.9936500226733878	0.9939321439696298
0.9927491720199678	0.9942755928946483	0.9944219826106641	1.0	0.9956394538576733	0.9933422373286019	0.9943988801567669	0.9945832505312202	0.9918787828674454	0.9957129078203424	0.9921766987006168	0.9949943730952958	0.995288157125135	0.9971262342314088	0.9936273205654196	0.9954676626366659	0.9928486739921467	0.9954900326974041	0.9948656178063575	0.9936040501771191	0.9933899219610312	0.9943757615897486	0.991809306403632	0.9927249193839303	0.9946750526290956	0.9920764440771548	0.9924177175088609	0.9943232771112877	0.9944195792986612	0.9951076750840897	0.9933389771582871	0.995288157125135	0.9953331246322917	0.9939584031652668	0.994032528661904	0.9958237866310069	0.9942228714020742
0.9917911375682799	0.9917287744751692	0.9939029304313568	0.9956394538576733	1.0	0.9924083836457037	0.9936388427807007	0.9934912124657734	0.9910985849148587	0.9945397531697833	0.9913205208688611	0.9939029304313568	0.9941939131712502	0.9958605973710075	0.9934319755761074	0.9946256523187449	0.9897015341761563	0.9945110705886173	0.9897347044554441	0.9872092637325761	0.9919775241262719	0.9936682900412465	0.988622075900986	0.9921012006849002	0.9939904938826274	0.9822899166849126	0.9871286852863302	0.9917911375682799	0.9927127403328623	0.9944248736393536	0.9867524847451768	0.9941939131712502	0.9941939131712502	0.9920394202254256	0.9891324750495695	0.9941359206852467	0.986897417226223
0.9910355630507698	0.9924035554885733	0.9908602300303446	0.9933422373286019	0.9924083836457037	1.0	0.9894678502398297	0.9896872453044704	0.992535140747005	0.9915118763903572	0.9927996258588547	0.9932595655568275	0.9919944033733966	0.9917720010264546	0.9908696613259019	0.991953902617831	0.9913997961531313	0.9921320476868718	0.993426807704235	0.9931583607328143	0.9898971259155367	0.992147488168998	0.9917262448886757	0.9907823540729809	0.9917281013598587	0.9896037068941218	0.9939509381794226	0.9922739996412914	0.9929594926831585	0.9919568312951795	0.9911612672256123	0.9917406472261235	0.9929300969813923	0.9935431896603851	0.9925689192044368	0.991979526106569	0.9935207912225591
0.9924283624778271	0.9939294449538072	0.9920537446244375	0.9943988801567669	0.9936388427807007	0.9894678502398297	1.0	0.9948169315712085	0.9900917889508256	0.991971534690827	0.9905007718421306	0.9937277723105812	0.992813794486353	0.9925622977280395	0.9925569926970641	0.9931035295618831	0.9927171532519338	0.9934467947355754	0.9953142025482253	0.9936630247931091	0.9913054929344414	0.9944693720053696	0.9920572461952801	0.9926267681917249	0.9920553146497308	0.9910630024976175	0.9928630745823375	0.9945517764294585	0.994828612969528	0.9933438279232082	0.994148618806765	0.9927692040747441	0.9928136732788944	0.9947024173417953	0.9931566022993924	0.9936958795712798	0.9941359206852467
0.9925768150427865	0.9942509875928193	0.9924730759050413	0.9945832505312202	0.9934912124657734	0.9896872453044704	0.9948169315712085	1.0	0.9907628600762322	0.9923121328855129	0.9911214058473653	0.9936812483775975	0.9931588443194719	0.9926540445484066	0.9923657157588757	0.992747143696254	0.992266031346744	0.9929993090712086	0.9950774724116684	0.9933373570275479	0.9915705043024449	0.9939156191141463	0.9922760872271564	0.9924295879663614	0.9922870717972011	0.9913275255416936	0.9926856504202115	0.9946275941998036	0.9944437803117159	0.9929180132350133	0.9938425126840174	0.9924526224756905	0.9932308959471019	0.9934693732982847	0.9932397116850541	0.9935351018871612	0.9940778265323013
0.9897969760591591	0.9917729371417224	0.9903419271055239	0.9918787828674454	0.9910985849148587	0.992535140747005	0.9900917889508256	0.9907628600762322	1.0	0.9917565139326859	0.9987145569235417	0.9919858033466914	0.9905159028277453	0.9907628600762322	0.9901082768755042	0.9911055269591847	0.9906788686020267	0.990787454528345	0.9926974497710422	0.9921561930286751	0.9890718302683289	0.9915531335479079	0.9899026203783481	0.9898334106435666	0.9906889666319463	0.9895342366170384	0.991966282761217	0.9920837312352638	0.9918009008246136	0.990713616155862	0.9902740572101608	0.9909101528156566	0.9910654966116373	0.9910688751659151	0.9917687414166669	0.9908003946638149	0.9918844621878201
0.9932367313575914	0.9946668137898834	0.9934088349329369	0.9957129078203424	0.9945397531697833	0.9915118763903572	0.991971534690827	0.9923121328855129	0.9917565139326859	1.0	0.991899175509976	0.9946673939183557	0.9935456019679694	0.994241614008443	0.9932879205596722	0.9938483468997221	0.993162207653297	0.993734450813764	0.995340401923264	0.9948494333012727	0.9914743822318461	0.9948786990715309	0.9925205649886223	0.9935954236706719	0.9935112590715115	0.9921407727490369	0.9929955212657754	0.9948540127918207	0.9951617165158633	0.9935878721198954	0.9940723569866643	0.9934155020616039	0.99508955429892	0.9942002374539052	0.9941134715848664	0.9943986629009982	0.9946256523187449
0.9900111085520197	0.9917198386748323	0.9908497626185087	0.9921766987006168	0.9913205208688611	0.9927996258588547	0.9905007718421306	0.9911214058473653	0.9987145569235417	0.991899175509976	1.0	0.9919612923177621	0.9909735138048757	0.9913908337457505	0.989953869711694	0.9914882654157083	0.9902272695861206	0.9911459902813138	0.9924983065222747	0.9923406777696694	0.9889092770636516	0.991402860000702	0.9899903907264723	0.9899135396753443	0.9911214058473653	0.9891495121884872	0.9923279221444451	0.9921654089104885	0.9919316557526034	0.9911459902813138	0.990614858531155	0.991219634012343	0.9909735138048757	0.9912274169160891	0.9916528330633473	0.990999861895556	0.9921012006849002
0.9923787298824401	0.9940039245260383	0.9934710781565858	0.9949943730952958	0.9939029304313568	0.9932595655568275	0.9937277723105812	0.9936812483775975	0.9919858033466914	0.9946673939183557	0.9919612923177621	1.0	0.993843797069593	0.9946447904088679	0.9927367732684793	0.9956250535656106	0.9929535155507127	0.995160812483132	0.9949981854356651	0.9948209960299964	0.9930229558054715	0.9941012334550474	0.9924392729908884	0.9919314328166404	0.9945088447686071	0.9912615930568168	0.9931274400847284	0.9941956490643928	0.9944437803117159	0.9950046105094933	0.9931039682645583	0.9953384329995664	0.9943038752251872	0.9946311414328975	0.9934053072035904	0.9938669533369858	0.994796785836933
0.9925521191614122	0.9937550053584558	0.9924417322022865	0.995288157125135	0.9941939131712502	0.9919944033733966	0.992813794486353	0.9931588443194719	0.9905159028277453	0.9935456019679694	0.9909735138048757	0.993843797069593	1.0	0.9945261436300143	0.9923657157588757	0.9939055289835893	0.9924790904891118	0.9938383398881573	0.9948124420168876	0.9937512902997567	0.9912755366391104	0.9940780884461637	0.9920572461952801	0.9921315961994208	0.9926747609442059	0.9910961839323091	0.9925519551890996	0.9946780432271629	0.9943468700611799	0.9936810333347683	0.993804049793357	0.9935682123553694	0.9941172381334018	0.9936413562413126	0.9937612817792703	0.9936958795712798	0.9937564750710748
0.9931397923093493	0.9943001799428328	0.9929100118326909	0.9971262342314088	0.9958605973710075	0.9917720010264546	0.9925622977280395	0.9926540445484066	0.9907628600762322	0.994241614008443	0.9913908337457505	0.9946447904088679	0.9945261436300143	1.0	0.9930773733630405	0.9940664901031339	0.9929011362851854	0.9935131844131767	0.9950246354925976	0.9939271188708195	0.9919047472713374	0.9942858138709536	0.9925476179929829	0.9925775831973902	0.9930185090939861	0.9923330114144766	0.9928630745823375	0.9947032389841487	0.9944921293961364	0.9934461622945289	0.9940341601576765	0.9938020564745518	0.9943184544712875	0.9938124507728412	0.9940595316116851	0.9948664138579247	0.9943672842291635
0.9943081810938962	0.995719465521546	0.9955632871172809	0.9936273205654196	0.9934319755761074	0.9908696613259019	0.9925569926970641	0.9923657157588757	0.9901082768755042	0.9932879205596722	0.989953869711694	0.9927367732684793	0.9923657157588757	0.9930773733630405	1.0	0.9935203022434969	0.994085379956917	0.9933810690211856	0.9936204587426983	0.9941891244296912	0.9943887771553791	0.9940549272594997	0.9939506801282544	0.9943737719906839	0.9945463061891223	0.9925241392950809	0.991966282761217	0.9959877268413747	0.9935363582534845	0.9930068923287215	0.9929858352242114	0.993241247874022	0.9927945442229144	0.9924436980209488	0.9922283536635037	0.9930773733630405	0.9930743113191809
0.9941202161563493	0.9944717804813651	0.9933412545431726	0.9954676626366659	0.9946256523187449	0.991953902617831	0.9931035295618831	0.992747143696254	0.9911055269591847	0.9938483468997221	0.9914882654157083	0.9956250535656106	0.9939055289835893	0.9940664901031339	0.9935203022434969	1.0	0.9933695924249932	0.997754784899073	0.9981271217523047	0.9956636845585989	0.9930716309595594	0.9976939471475955	0.9933754769037842	0.9929933436987278	0.9943463743318595	0.9917203817794426	0.993083525532642	0.9951535194326098	0.9984498337800253	0.997483357609592	0.9977882776250763	0.9979082326519189	0.9946511241049636	0.9978906451832045	0.9947010886591948	0.9949106193441832	0.995276922691959
0.9911243750179543	0.9922393022006903	0.9940347620239186	0.9928486739921467	0.9897015341761563	0.9913997961531313	0.9927171532519338	0.992266031346744	0.9906788686020267	0.993162207653297	0.9902272695861206	0.9929535155507127	0.9924790904891118	0.9929011362851854	0.994085379956917	0.9933695924249932	1.0	0.9934470280551331	0.9903467453015502	0.9893249435167126	0.9940347620239186	0.9924790904891118	0.9904545974140027	0.9922393022006903	0.9942367714830265	0.9900859454958705	0.9876508491457155	0.9918374807155245	0.9909580134766699	0.9933954244272339	0.9888298166360376	0.9930580260649218	0.9926907862609835	0.9911243750179543	0.9887097873815466	0.9924790904891118	0.9903261373622368
0.9934778444840897	0.9945694405567539	0.9934313311143651	0.9954900326974041	0.9945110705886173	0.9921320476868718	0.9934467947355754	0.9929993090712086	0.990787454528345	0.993734450813764	0.9911459902813138	0.995160812483132	0.9938383398881573	0.9935131844131767	0.9933810690211856	0.997754784899073	0.9934470280551331	1.0	0.9976907965486254	0.9949629391593137	0.9926098043654505	0.9972760589998372	0.9932433437722273	0.9927983421949702	0.9939094650934649	0.9918503030768357	0.9929514312347888	0.9950041041909916	0.9994010691131787	0.998431004794393	0.9970985279031236	0.9966635659252184	0.9940049210784506	0.999304733451598	0.9947539954893516	0.9947778257102918	0.9952207954016211
0.9925838004404117	0.9929235841302968	0.9944108817472818	0.9948656178063575	0.9897347044554441	0.993426807704235	0.9953142025482253	0.9950774724116684	0.9926974497710422	0.995340401923264	0.9924983065222747	0.9949981854356651	0.9948124420168876	0.9950246354925976	0.9936204587426983	0.9981271217523047	0.9903467453015502	0.9976907965486254	1.0	0.9906097404218167	0.9930079877479511	0.9978368751509569	0.9892317604651306	0.9929235841302968	0.9950510644732252	0.9855862520093244	0.9888213035616301	0.9925268290492769	0.9962445884966411	0.997739560740674	0.9926288849139033	0.997593053124818	0.9945720899781822	0.9950510644732252	0.9893261288650878	0.9948656178063575	0.9898670530824875
0.9914708039983173	0.9927671827967431	0.9944202918828063	0.9936040501771191	0.9872092637325761	0.9931583607328143	0.9936630247931091	0.9933373570275479	0.9921561930286751	0.9948494333012727	0.9923406777696694	0.9948209960299964	0.9937512902997567	0.9939271188708195	0.9941891244296912	0.9956636845585989	0.9893249435167126	0.9949629391593137	0.9906097404218167	1.0	0.9923406777696694	0.9943337929213548	0.9899900599560401	0.9924325357126462	0.9951887921321286	0.9825919496030859	0.9875990039453547	0.9921561930286751	0.9928276657672302	0.9945639571074881	0.9858344219673485	0.9953571784277018	0.994043821628917	0.9943049096976274	0.9890212085127165	0.9938393212376407	0.9874945965438319
0.9931640536954425	0.9943492993882601	0.9936625317882409	0.9933899219610312	0.9919775241262719	0.9898971259155367	0.9913054929344414	0.9915705043024449	0.9890718302683289	0.9914743822318461	0.9889092770636516	0.9930229558054715	0.9912755366391104	0.9919047472713374	0.9943887771553791	0.9930716309595594	0.9940347620239186	0.9926098043654505	0.9930079877479511	0.9923406777696694	1.0	0.9930433580144812	0.9937426692117732	0.9933318563128506	0.9933456653182277	0.9963872755154484	0.9898548506323633	0.997130854226012	0.9931109510938855	0.99218857622724	0.9918215971247157	0.9923764512390886	0.9915537156916046	0.9923164125260019	0.9916818482753607	0.991979526106569	0.9924694793876642
0.993309249828831	0.9941523832965901	0.9945151031531778	0.9943757615897486	0.9936682900412465	0.992147488168998	0.9944693720053696	0.9939156191141463	0.9915531335479079	0.9948786990715309	0.991402860000702	0.9941012334550474	0.9940780884461637	0.9942858138709536	0.9940549272594997	0.9976939471475955	0.9924790904891118	0.9972760589998372	0.9978368751509569	0.9943337929213548	0.9930433580144812	1.0	0.9921120923633896	0.9925529632541406	0.9947655030618058	0.9907293419277564	0.9924177175088609	0.9946528283089323	0.9965979754205392	0.9968528506698702	0.9962872048056695	0.9973390780442334	0.9941243623091109	0.9955691191043853	0.9935974611167302	0.9944464827514704	0.9939904938826274
0.994260268227976	0.9915873435467107	0.9938208264444405	0.991809306403632	0.988622075900986	0.9917262448886757	0.9920572461952801	0.9922760872271564	0.9899026203783481	0.9925205649886223	0.9899903907264723	0.9924392729908884	0.9920572461952801	0.9925476179929829	0.9939506801282544	0.9933754769037842	0.9904545974140027	0.9932433437722273	0.9892317604651306	0.9899900599560401	0.9937426692117732	0.9921120923633896	1.0	0.992084680649717	0.994311586222253	0.9924923612327528	0.9855105355114924	0.9910824086819985	0.990912367549149	0.9934018403733403	0.9875527363558261	0.9927094731426251	0.9923849671353084	0.9900195957078768	0.987939201622329	0.992303340822342	0.9893008670768502
0.9925274048323767	0.9938796987253715	0.9943504523261417	0.9927249193839303	0.9921012006849002	0.9907823540729809	0.9926267681917249	0.9924295879663614	0.9898334106435666	0.9935954236706719	0.9899135396753443	0.9919314328166404	0.9921315961994208	0.9925775831973902	0.9943737719906839	0.9929933436987278	0.9922393022006903	0.9927983421949702	0.9929235841302968	0.9924325357126462	0.9933318563128506	0.9925529632541406	0.992084680649717	1.0	0.9948826977175093	0.9909299424591167	0.9909977169750387	0.9948790752446057	0.9920618956391208	0.9925529632541406	0.9911612672256123	0.9926021848340326	0.9921814483108994	0.9911218069949707	0.9907106329724735	0.9924789933072311	0.9924694793876642
0.9950724639534466	0.995719465521546	0.9946239836321473	0.9946750526290956	0.9939904938826274	0.9917281013598587	0.9920553146497308	0.9922870717972011	0.9906889666319463	0.9935112590715115	0.9911214058473653	0.9945088447686071	0.9926747609442059	0.9930185090939861	0.9945463061891223	0.9943463743318595	0.9942367714830265	0.9939094650934649	0.9950510644732252	0.9951887921321286	0.9933456653182277	0.9947655030618058	0.994311586222253	0.9948826977175093	1.0	0.9925241392950809	0.992462523950657	0.9959877268413747	0.9946848236639223	0.9935112590715115	0.9934558590312083	0.9938654556345119	0.9935289865989486	0.9941037154289876	0.9933226129675191	0.994173583059653	0.9950235986327405
0.9929031143670052	0.9905275154316844	0.9925241392950809	0.9920764440771548	0.9822899166849126	0.9896037068941218	0.9910630024976175	0.9913275255416936	0.9895342366170384	0.9921407727490369	0.9891495121884872	0.9912615930568168	0.9910961839323091	0.9923330114144766	0.9925241392950809	0.9917203817794426	0.9900859454958705	0.9918503030768357	0.9855862520093244	0.9825919496030859	0.9963872755154484	0.9907293419277564	0.9924923612327528	0.9909299424591167	0.9925241392950809	1.0	0.9756498659257209	0.9917529100025838	0.9898112442282985	0.9918827037820412	0.9806997282683626	0.9912615930568168	0.9915245373645849	0.9884023325503317	0.9851124226851136	0.991915072766419	0.982763297469476
0.9892188647590556	0.9909039745140439	0.992462523950657	0.9924177175088609	0.9871286852863302	0.9939509381794226	0.9928630745823375	0.9926856504202115	0.991966282761217	0.9929955212657754	0.9923279221444451	0.9931274400847284	0.9925519551890996	0.9928630745823375	0.991966282761217	0.993083525532642	0.9876508491457155	0.9929514312347888	0.9888213035616301	0.9875990039453547	0.9898548506323633	0.9924177175088609	0.9855105355114924	0.9909977169750387	0.992462523950657	0.9756498659257209	1.0	0.9907156876227845	0.9912309158894104	0.9929072823935512	0.9770401146042317	0.9927744814078016	0.9922378823498927	0.9913237365290966	0.9874429766175148	0.9919207984909795	0.9871812760646695
0.9938097887710008	0.9949541491601231	0.9964926922517204	0.9943232771112877	0.9917911375682799	0.9922739996412914	0.9945517764294585	0.9946275941998036	0.9920837312352638	0.9948540127918207	0.9921654089104885	0.9941956490643928	0.9946780432271629	0.9947032389841487	0.9959877268413747	0.9951535194326098	0.9918374807155245	0.9950041041909916	0.9925268290492769	0.9921561930286751	0.997130854226012	0.9946528283089323	0.9910824086819985	0.9948790752446057	0.9959877268413747	0.9917529100025838	0.9907156876227845	1.0	0.993340744091028	0.9951286635850414	0.991119555189266	0.9947284156094737	0.9942212140236784	0.9924092386253861	0.9903200522779214	0.9943741910356414	0.9916662935119057
0.9923723944791786	0.9924815440186928	0.9942253324198761	0.9944195792986612	0.9927127403328623	0.9929594926831585	0.994828612969528	0.9944437803117159	0.9918009008246136	0.9951617165158633	0.9919316557526034	0.9944437803117159	0.9943468700611799	0.9944921293961364	0.9935363582534845	0.9984498337800253	0.9909580134766699	0.9994010691131787	0.9962445884966411	0.9928276657672302	0.9931109510938855	0.9965979754205392	0.990912367549149	0.9920618956391208	0.9946848236639223	0.9898112442282985	0.9912309158894104	0.993340744091028	1.0	0.9992757967135634	0.9956017014899016	0.9972712556974052	0.9940788964440325	0.9963247960244663	0.992399074706755	0.9946848236639223	0.9929542260115146
0.993115513129792	0.9941276863116351	0.9928642893156401	0.9951076750840897	0.9944248736393536	0.9919568312951795	0.9933438279232082	0.9929180132350133	0.990713616155862	0.9935878721198954	0.9911459902813138	0.9950046105094933	0.9936810333347683	0.9934461622945289	0.9930068923287215	0.997483357609592	0.9933954244272339	0.998431004794393	0.997739560740674	0.9945639571074881	0.99218857622724	0.9968528506698702	0.9934018403733403	0.9925529632541406	0.9935112590715115	0.9918827037820412	0.9929072823935512	0.9951286635850414	0.9992757967135634	1.0	0.9973761472845397	0.9964046155196825	0.9937337964039104	0.9986579125858788	0.9944619575537523	0.9943986629009982	0.9952207954016211
0.991286088297481	0.9911612672256123	0.9930646374093948	0.9933389771582871	0.9867524847451768	0.9911612672256123	0.994148618806765	0.9938425126840174	0.9902740572101608	0.9940723569866643	0.990614858531155	0.9931039682645583	0.993804049793357	0.9940341601576765	0.9929858352242114	0.9977882776250763	0.9888298166360376	0.9970985279031236	0.9926288849139033	0.9858344219673485	0.9918215971247157	0.9962872048056695	0.9875527363558261	0.9911612672256123	0.9934558590312083	0.9806997282683626	0.9770401146042317	0.991119555189266	0.9956017014899016	0.9973761472845397	1.0	0.9965716569687059	0.9936110625616915	0.9930252597670487	0.9873193816421836	0.9934169442291799	0.9864172262298149
0.9932367313575914	0.9943001799428328	0.992887158469883	0.995288157125135	0.9941939131712502	0.9917406472261235	0.9927692040747441	0.9924526224756905	0.9909101528156566	0.9934155020616039	0.991219634012343	0.9953384329995664	0.9935682123553694	0.9938020564745518	0.993241247874022	0.9979082326519189	0.9930580260649218	0.9966635659252184	0.997593053124818	0.9953571784277018	0.9923764512390886	0.9973390780442334	0.9927094731426251	0.9926021848340326	0.9938654556345119	0.9912615930568168	0.9927744814078016	0.9947284156094737	0.9972712556974052	0.9964046155196825	0.9965716569687059	1.0	0.994139655931994	0.9970831773594081	0.9940865125738814	0.9945999362012411	0.9948820225235987
0.992700018711718	0.9943983461484606	0.993322902299687	0.9953331246322917	0.9941939131712502	0.9929300969813923	0.9928136732788944	0.9932308959471019	0.9910654966116373	0.99508955429892	0.9909735138048757	0.9943038752251872	0.9941172381334018	0.9943184544712875	0.9927945442229144	0.9946511241049636	0.9926907862609835	0.9940049210784506	0.9945720899781822	0.994043821628917	0.9915537156916046	0.9941243623091109	0.9923849671353084	0.9921814483108994	0.9935289865989486	0.9915245373645849	0.9922378823498927	0.9942212140236784	0.9940788964440325	0.9937337964039104	0.9936110625616915	0.994139655931994	1.0	0.9933953920283112	0.9940865125738814	0.9939242166370608	0.994019630349349
0.9912537667346055	0.9917463985691941	0.9931972966990217	0.9939584031652668	0.9920394202254256	0.9935431896603851	0.9947024173417953	0.9934693732982847	0.9910688751659151	0.9942002374539052	0.9912274169160891	0.9946311414328975	0.9936413562413126	0.9938124507728412	0.9924436980209488	0.9978906451832045	0.9911243750179543	0.999304733451598	0.9950510644732252	0.9943049096976274	0.9923164125260019	0.9955691191043853	0.9900195957078768	0.9911218069949707	0.9941037154289876	0.9884023325503317	0.9913237365290966	0.9924092386253861	0.9963247960244663	0.9986579125858788	0.9930252597670487	0.9970831773594081	0.9933953920283112	1.0	0.992285358639699	0.9939826661748491	0.9931939625694656
0.9912732988705297	0.9913026490620496	0.9930732837455746	0.994032528661904	0.9891324750495695	0.9925689192044368	0.9931566022993924	0.9932397116850541	0.9917687414166669	0.9941134715848664	0.9916528330633473	0.9934053072035904	0.9937612817792703	0.9940595316116851	0.9922283536635037	0.9947010886591948	0.9887097873815466	0.9947539954893516	0.9893261288650878	0.9890212085127165	0.9916818482753607	0.9935974611167302	0.987939201622329	0.9907106329724735	0.9933226129675191	0.9851124226851136	0.9874429766175148	0.9903200522779214	0.992399074706755	0.9944619575537523	0.9873193816421836	0.9940865125738814	0.9940865125738814	0.992285358639699	1.0	0.9939242962562662	0.9889632185827236
0.9931397923093493	0.9944473204417996	0.9936500226733878	0.9958237866310069	0.9941359206852467	0.991979526106569	0.9936958795712798	0.9935351018871612	0.9908003946638149	0.9943986629009982	0.990999861895556	0.9938669533369858	0.9936958795712798	0.9948664138579247	0.9930773733630405	0.9949106193441832	0.9924790904891118	0.9947778257102918	0.9948656178063575	0.9938393212376407	0.991979526106569	0.9944464827514704	0.992303340822342	0.9924789933072311	0.994173583059653	0.991915072766419	0.9919207984909795	0.9943741910356414	0.9946848236639223	0.9943986629009982	0.9934169442291799	0.9945999362012411	0.9939242166370608	0.9939826661748491	0.9939242962562662	1.0	0.9938444259603357
0.9921012006849002	0.9921628659431471	0.9939321439696298	0.9942228714020742	0.986897417226223	0.9935207912225591	0.9941359206852467	0.9940778265323013	0.9918844621878201	0.9946256523187449	0.9921012006849002	0.994796785836933	0.9937564750710748	0.9943672842291635	0.9930743113191809	0.995276922691959	0.9903261373622368	0.9952207954016211	0.9898670530824875	0.9874945965438319	0.9924694793876642	0.9939904938826274	0.9893008670768502	0.9924694793876642	0.9950235986327405	0.982763297469476	0.9871812760646695	0.9916662935119057	0.9929542260115146	0.9952207954016211	0.9864172262298149	0.9948820225235987	0.994019630349349	0.9931939625694656	0.9889632185827236	0.9938444259603357	1.0
