/home/jshaw/scratch/2022_sketched_distance/references/SGB_genome_fastas_part5/15213/BritoIL_2016__M1.10.ST__bin.20.fa	/home/jshaw/scratch/2022_sketched_distance/references/SGB_genome_fastas_part5/15213/BritoIL_2016__M2.40.ST__bin.17.fa	/home/jshaw/scratch/2022_sketched_distance/references/SGB_genome_fastas_part5/15213/BritoIL_2016__M2.44.ST__bin.39.fa	/home/jshaw/scratch/2022_sketched_distance/references/SGB_genome_fastas_part5/15213/BritoIL_2016__M2.46.ST__bin.83.fa	/home/jshaw/scratch/2022_sketched_distance/references/SGB_genome_fastas_part5/15213/BritoIL_2016__W2.43.ST__bin.8.fa	/home/jshaw/scratch/2022_sketched_distance/references/SGB_genome_fastas_part5/15213/BritoIL_2016__W2.44.ST__bin.40.fa	/home/jshaw/scratch/2022_sketched_distance/references/SGB_genome_fastas_part5/15213/CosteaPI_2017__SID713A014-11-90-0__bin.25.fa	/home/jshaw/scratch/2022_sketched_distance/references/SGB_genome_fastas_part5/15213/CosteaPI_2017__SID713A084-11-90-0__bin.51.fa	/home/jshaw/scratch/2022_sketched_distance/references/SGB_genome_fastas_part5/15213/CosteaPI_2017__SID713B003-11-90-0__bin.37.fa	/home/jshaw/scratch/2022_sketched_distance/references/SGB_genome_fastas_part5/15213/CosteaPI_2017__SID713B005-11-90-0__bin.8.fa	/home/jshaw/scratch/2022_sketched_distance/references/SGB_genome_fastas_part5/15213/CosteaPI_2017__SID713B032-11-90-0__bin.40.fa	/home/jshaw/scratch/2022_sketched_distance/references/SGB_genome_fastas_part5/15213/CosteaPI_2017__SID713B040-11-90-0__bin.43.fa	/home/jshaw/scratch/2022_sketched_distance/references/SGB_genome_fastas_part5/15213/CosteaPI_2017__SID713B051-11-0-0__bin.38.fa	/home/jshaw/scratch/2022_sketched_distance/references/SGB_genome_fastas_part5/15213/FengQ_2015__SID530600__bin.86.fa	/home/jshaw/scratch/2022_sketched_distance/references/SGB_genome_fastas_part5/15213/LeChatelierE_2013__MH0200__bin.93.fa	/home/jshaw/scratch/2022_sketched_distance/references/SGB_genome_fastas_part5/15213/LiJ_2014__MH0374__bin.66.fa	/home/jshaw/scratch/2022_sketched_distance/references/SGB_genome_fastas_part5/15213/LiJ_2017__H2M614904__bin.14.fa	/home/jshaw/scratch/2022_sketched_distance/references/SGB_genome_fastas_part5/15213/LiJ_2017__H3M516113__bin.21.fa	/home/jshaw/scratch/2022_sketched_distance/references/SGB_genome_fastas_part5/15213/LiuW_2016__SRR3992955__bin.28.fa	/home/jshaw/scratch/2022_sketched_distance/references/SGB_genome_fastas_part5/15213/LiuW_2016__SRR3992969__bin.69.fa	/home/jshaw/scratch/2022_sketched_distance/references/SGB_genome_fastas_part5/15213/LiuW_2016__SRR3993013__bin.60.fa	/home/jshaw/scratch/2022_sketched_distance/references/SGB_genome_fastas_part5/15213/QinJ_2012__DLM019__bin.36.fa	/home/jshaw/scratch/2022_sketched_distance/references/SGB_genome_fastas_part5/15213/VogtmannE_2016__MMRS77487595ST-27-0-0__bin.33.fa	/home/jshaw/scratch/2022_sketched_distance/references/SGB_genome_fastas_part5/15213/YuJ_2015__SZAXPI015262-79__bin.22.fa	/home/jshaw/scratch/2022_sketched_distance/references/SGB_genome_fastas_part5/15213/ZeeviD_2015__PNP_Main_677__bin.12.fa	/home/jshaw/scratch/2022_sketched_distance/references/SGB_genome_fastas_part5/15213/ZellerG_2014__CCMD86114146ST-21-0__bin.49.fa
1.0	0.9853913792087183	0.9859044071613191	0.9847714149642035	0.9849781137087483	0.9853275541971515	0.9824560535189697	0.9768350769841891	0.9857430815554661	0.9848131690561961	0.9855570180672428	0.9858693504262321	0.984446179516863	0.9868204179880371	0.9773969084123957	0.983298784938918	0.9867605473734192	0.9803765872570097	0.9848809310193123	0.9711329485364976	0.984475225599939	0.9862541194608285	0.9849202716462719	0.9847931479852358	0.9783458871154144	0.9808270324149663
0.9853913792087183	1.0	0.9854595043109141	0.9851405284329808	0.9851689204946198	0.9852626937607176	0.982457927898732	0.9770202597808354	0.9848119835866017	0.9834140906089454	0.9846290682099146	0.9858736300602146	0.9838876114296463	0.9809639479553653	0.9767515874378779	0.9831370707964889	0.9875097447911128	0.9815000934321473	0.9846465548110953	0.9719491692663152	0.9841757557937831	0.9856104110153069	0.9836151193333282	0.9857664955224678	0.9782925037969894	0.9809692104687844
0.9859044071613191	0.9854595043109141	1.0	0.9919998742989001	0.9854682869362233	0.9848521157680681	0.9832019215568437	0.976494202539568	0.9856703492351427	0.983987913004301	0.9851827089972038	0.9859606949356254	0.9851086146031293	0.9826578053909638	0.9780938392468345	0.9835600419419657	0.986831504472446	0.9796897849980867	0.9851879035899874	0.9726361783891058	0.9853473581584501	0.9862977597017968	0.9848703177552279	0.9843853049311645	0.9787463547267117	0.9805821959600824
0.9847714149642035	0.9851405284329808	0.9919998742989001	1.0	0.9842257169507915	0.9843006280564014	0.9824863253543745	0.9770556299446074	0.9847182694081815	0.9833408099984265	0.9839024282775262	0.9856242174441099	0.9835315156193618	0.9815760135428281	0.9778612291477045	0.9827693628912105	0.9858447226897588	0.9796996419768674	0.9843180292096397	0.9722074627047259	0.9840967856529718	0.9847948642965076	0.9833045634792169	0.9836285740281276	0.9783571205154378	0.980609561574087
0.9849781137087483	0.9851689204946198	0.9854682869362233	0.9842257169507915	1.0	0.996192565531024	0.9817270597504214	0.9783772612814168	0.9860046057263065	0.9846927190901249	0.9856965260376036	0.9851026651184291	0.9846628939262754	0.9820201583287602	0.9771473835217117	0.9845544031787037	0.9873563775779618	0.9800726023816447	0.9849422818222663	0.9709539611501421	0.9846512572158631	0.9883532043788763	0.9858436068253622	0.9858385012418692	0.9786533742872242	0.9801505080347652
0.9853275541971515	0.9852626937607176	0.9848521157680681	0.9843006280564014	0.996192565531024	1.0	0.9820061729608257	0.9780569534236192	0.9853372777762733	0.9838562520636867	0.9848919759192504	0.9851235875379043	0.9839757352373515	0.9812518998336536	0.9769172459966337	0.9835315285177841	0.9865306038845101	0.9805791595632912	0.9848662015546972	0.9709537394121717	0.9840385288592919	0.9871618953828096	0.9842313398356781	0.9860866382622483	0.9774259681994073	0.9800117158867289
0.9824560535189697	0.982457927898732	0.9832019215568437	0.9824863253543745	0.9817270597504214	0.9820061729608257	1.0	0.9742244874283305	0.9824820732988533	0.9832687043071533	0.981856819450631	0.984145008135065	0.9802456042809138	0.9774814691197676	0.9742571510992317	0.980662523310519	0.984627470814401	0.9759688473348456	0.9825671124075719	0.9676118847116226	0.9822776053359831	0.9824632673998801	0.9813475071269252	0.9811102942708628	0.9770746988954874	0.978817635757749
0.9768350769841891	0.9770202597808354	0.976494202539568	0.9770556299446074	0.9783772612814168	0.9780569534236192	0.9742244874283305	1.0	0.9762050788301163	0.9755100614335552	0.9771106835751868	0.9776369638455906	0.9761770855410538	0.9731649776907652	0.9698364654641988	0.975269089905388	0.9782874605094404	0.9724379629519329	0.9763817704744545	0.965108891005993	0.9763000557554962	0.9805171329091604	0.9764431726160983	0.9770423217285003	0.9708083316794422	0.9746620864423444
0.9857430815554661	0.9848119835866017	0.9856703492351427	0.9847182694081815	0.9860046057263065	0.9853372777762733	0.9824820732988533	0.9762050788301163	1.0	0.9843273532893794	0.9857123939234297	0.9866487507436008	0.9844130292992661	0.9825069605811408	0.9794656614428117	0.9835909140494432	0.9871183276909589	0.9814813993240752	0.9848808498886322	0.9720331435982941	0.9852416162126417	0.9854665758903992	0.9840979230425185	0.9859015614703542	0.979587736212905	0.9815352272945229
0.9848131690561961	0.9834140906089454	0.983987913004301	0.9833408099984265	0.9846927190901249	0.9838562520636867	0.9832687043071533	0.9755100614335552	0.9843273532893794	1.0	0.9840831562715613	0.9865472640975665	0.9836884457394708	0.9812981897207036	0.9763040215165332	0.9826870609430042	0.9857343638821773	0.9776700148376855	0.9837013054474301	0.9686026373315766	0.9835552089525511	0.9842287838988365	0.9850457791772522	0.9829472762509673	0.9782279556701132	0.9802215238382993
0.9855570180672428	0.9846290682099146	0.9851827089972038	0.9839024282775262	0.9856965260376036	0.9848919759192504	0.981856819450631	0.9771106835751868	0.9857123939234297	0.9840831562715613	1.0	0.9859803969530276	0.9866438201941815	0.9827203260293013	0.976828902811632	0.9836271369809048	0.987958454887036	0.9807648207550123	0.9847473204453195	0.9724781977583932	0.9845568452706985	0.9861133465381707	0.9856101909795559	0.9865082201512619	0.9784564416443725	0.9813278670471203
0.9858693504262321	0.9858736300602146	0.9859606949356254	0.9856242174441099	0.9851026651184291	0.9851235875379043	0.984145008135065	0.9776369638455906	0.9866487507436008	0.9865472640975665	0.9859803969530276	1.0	0.9848835310856388	0.9820622376995498	0.9782778421969615	0.9839607359880408	0.9875560146139765	0.9805887179784425	0.9859800473765931	0.9734319609466644	0.9854140650980086	0.9858526383801771	0.9845427912238708	0.9851758980914526	0.9796114372125692	0.9828803440027133
0.984446179516863	0.9838876114296463	0.9851086146031293	0.9835315156193618	0.9846628939262754	0.9839757352373515	0.9802456042809138	0.9761770855410538	0.9844130292992661	0.9836884457394708	0.9866438201941815	0.9848835310856388	1.0	0.9813896216974732	0.9750876973054579	0.9826813413542981	0.9857644659574469	0.9790016201853615	0.9843722931656098	0.9713520427138663	0.9844496066496592	0.9848838042892737	0.9846634021413612	0.9846461920203158	0.9766587950738826	0.9800601802818953
0.9868204179880371	0.9809639479553653	0.9826578053909638	0.9815760135428281	0.9820201583287602	0.9812518998336536	0.9774814691197676	0.9731649776907652	0.9825069605811408	0.9812981897207036	0.9827203260293013	0.9820622376995498	0.9813896216974732	1.0	0.9747737794696365	0.9807388138728833	0.9838032368756543	0.977624597270326	0.9813074700440413	0.9718540705423662	0.9808587650167614	0.9831242725665443	0.9818517727915003	0.9814656192717753	0.9757558156887438	0.9772967382298271
0.9773969084123957	0.9767515874378779	0.9780938392468345	0.9778612291477045	0.9771473835217117	0.9769172459966337	0.9742571510992317	0.9698364654641988	0.9794656614428117	0.9763040215165332	0.976828902811632	0.9782778421969615	0.9750876973054579	0.9747737794696365	1.0	0.9771483859998883	0.979470353066871	0.9730811610951081	0.976763269188933	0.9668073136582971	0.9766653134476484	0.9770399577344163	0.9758680515777913	0.9761043017492346	0.9727844945418005	0.9752044838935127
0.983298784938918	0.9831370707964889	0.9835600419419657	0.9827693628912105	0.9845544031787037	0.9835315285177841	0.980662523310519	0.975269089905388	0.9835909140494432	0.9826870609430042	0.9836271369809048	0.9839607359880408	0.9826813413542981	0.9807388138728833	0.9771483859998883	1.0	0.9861263804844685	0.9792247876948033	0.9827810251038822	0.9718720621764293	0.982925802504031	0.9848571417849463	0.9824431807889858	0.9831203401362804	0.9768492851464656	0.9799003979395764
0.9867605473734192	0.9875097447911128	0.986831504472446	0.9858447226897588	0.9873563775779618	0.9865306038845101	0.984627470814401	0.9782874605094404	0.9871183276909589	0.9857343638821773	0.987958454887036	0.9875560146139765	0.9857644659574469	0.9838032368756543	0.979470353066871	0.9861263804844685	1.0	0.9841751521807931	0.9863082727713557	0.9733183207023283	0.9861390020022096	0.9882062209302022	0.9858203566042475	0.9877714876267422	0.9806039198418309	0.9830201075752187
0.9803765872570097	0.9815000934321473	0.9796897849980867	0.9796996419768674	0.9800726023816447	0.9805791595632912	0.9759688473348456	0.9724379629519329	0.9814813993240752	0.9776700148376855	0.9807648207550123	0.9805887179784425	0.9790016201853615	0.977624597270326	0.9730811610951081	0.9792247876948033	0.9841751521807931	1.0	0.9804789861446336	0.9707049568683614	0.9797265582671959	0.9808275490761293	0.9781142594451422	0.9817082451936535	0.9743028206077423	0.9777450268934242
0.9848809310193123	0.9846465548110953	0.9851879035899874	0.9843180292096397	0.9849422818222663	0.9848662015546972	0.9825671124075719	0.9763817704744545	0.9848808498886322	0.9837013054474301	0.9847473204453195	0.9859800473765931	0.9843722931656098	0.9813074700440413	0.976763269188933	0.9827810251038822	0.9863082727713557	0.9804789861446336	1.0	0.9712744083654556	0.9849149295755972	0.9855989195274789	0.9833027122843065	0.9842398672149918	0.9778417420281689	0.9812339030574431
0.9711329485364976	0.9719491692663152	0.9726361783891058	0.9722074627047259	0.9709539611501421	0.9709537394121717	0.9676118847116226	0.965108891005993	0.9720331435982941	0.9686026373315766	0.9724781977583932	0.9734319609466644	0.9713520427138663	0.9718540705423662	0.9668073136582971	0.9718720621764293	0.9733183207023283	0.9707049568683614	0.9712744083654556	1.0	0.9820208788005961	0.9725479701303094	0.9717423277944847	0.9695465689597004	0.9659401411431434	0.9710918819184623
0.984475225599939	0.9841757557937831	0.9853473581584501	0.9840967856529718	0.9846512572158631	0.9840385288592919	0.9822776053359831	0.9763000557554962	0.9852416162126417	0.9835552089525511	0.9845568452706985	0.9854140650980086	0.9844496066496592	0.9808587650167614	0.9766653134476484	0.982925802504031	0.9861390020022096	0.9797265582671959	0.9849149295755972	0.9820208788005961	1.0	0.9847843118035966	0.9837333328586217	0.9837110242149509	0.9782720840539341	0.9814347875419729
0.9862541194608285	0.9856104110153069	0.9862977597017968	0.9847948642965076	0.9883532043788763	0.9871618953828096	0.9824632673998801	0.9805171329091604	0.9854665758903992	0.9842287838988365	0.9861133465381707	0.9858526383801771	0.9848838042892737	0.9831242725665443	0.9770399577344163	0.9848571417849463	0.9882062209302022	0.9808275490761293	0.9855989195274789	0.9725479701303094	0.9847843118035966	1.0	0.9854652459554234	0.9862061243993426	0.9782059881726054	0.981867985103045
0.9849202716462719	0.9836151193333282	0.9848703177552279	0.9833045634792169	0.9858436068253622	0.9842313398356781	0.9813475071269252	0.9764431726160983	0.9840979230425185	0.9850457791772522	0.9856101909795559	0.9845427912238708	0.9846634021413612	0.9818517727915003	0.9758680515777913	0.9824431807889858	0.9858203566042475	0.9781142594451422	0.9833027122843065	0.9717423277944847	0.9837333328586217	0.9854652459554234	1.0	0.9835617796287479	0.977713205347617	0.9802236196683923
0.9847931479852358	0.9857664955224678	0.9843853049311645	0.9836285740281276	0.9858385012418692	0.9860866382622483	0.9811102942708628	0.9770423217285003	0.9859015614703542	0.9829472762509673	0.9865082201512619	0.9851758980914526	0.9846461920203158	0.9814656192717753	0.9761043017492346	0.9831203401362804	0.9877714876267422	0.9817082451936535	0.9842398672149918	0.9695465689597004	0.9837110242149509	0.9862061243993426	0.9835617796287479	1.0	0.9775053607644214	0.9806004688755473
0.9783458871154144	0.9782925037969894	0.9787463547267117	0.9783571205154378	0.9786533742872242	0.9774259681994073	0.9770746988954874	0.9708083316794422	0.979587736212905	0.9782279556701132	0.9784564416443725	0.9796114372125692	0.9766587950738826	0.9757558156887438	0.9727844945418005	0.9768492851464656	0.9806039198418309	0.9743028206077423	0.9778417420281689	0.9659401411431434	0.9782720840539341	0.9782059881726054	0.977713205347617	0.9775053607644214	1.0	0.9750348481166464
0.9808270324149663	0.9809692104687844	0.9805821959600824	0.980609561574087	0.9801505080347652	0.9800117158867289	0.978817635757749	0.9746620864423444	0.9815352272945229	0.9802215238382993	0.9813278670471203	0.9828803440027133	0.9800601802818953	0.9772967382298271	0.9752044838935127	0.9799003979395764	0.9830201075752187	0.9777450268934242	0.9812339030574431	0.9710918819184623	0.9814347875419729	0.981867985103045	0.9802236196683923	0.9806004688755473	0.9750348481166464	1.0
