/home/jshaw/scratch/2022_sketched_distance/references/SGB_genome_fastas_part1_redo/1568/CM_cf__CF_TNFC002SA_t1M15__bin.23.fa	/home/jshaw/scratch/2022_sketched_distance/references/SGB_genome_fastas_part1_redo/1568/FerrettiP_2018__CA_C10031MS2525SA_t0M15__bin.13.fa	/home/jshaw/scratch/2022_sketched_distance/references/SGB_genome_fastas_part1_redo/1568/HMP_2012__SRS011306__bin.62.fa	/home/jshaw/scratch/2022_sketched_distance/references/SGB_genome_fastas_part1_redo/1568/HMP_2012__SRS013705__bin.70.fa	/home/jshaw/scratch/2022_sketched_distance/references/SGB_genome_fastas_part1_redo/1568/HMP_2012__SRS014271__bin.8.fa	/home/jshaw/scratch/2022_sketched_distance/references/SGB_genome_fastas_part1_redo/1568/HMP_2012__SRS016225__bin.42.fa	/home/jshaw/scratch/2022_sketched_distance/references/SGB_genome_fastas_part1_redo/1568/HMP_2012__SRS016319__bin.52.fa	/home/jshaw/scratch/2022_sketched_distance/references/SGB_genome_fastas_part1_redo/1568/HMP_2012__SRS017209__bin.9.fa	/home/jshaw/scratch/2022_sketched_distance/references/SGB_genome_fastas_part1_redo/1568/HMP_2012__SRS018439__bin.36.fa	/home/jshaw/scratch/2022_sketched_distance/references/SGB_genome_fastas_part1_redo/1568/HMP_2012__SRS018739__bin.5.fa	/home/jshaw/scratch/2022_sketched_distance/references/SGB_genome_fastas_part1_redo/1568/HMP_2012__SRS019071__bin.66.fa	/home/jshaw/scratch/2022_sketched_distance/references/SGB_genome_fastas_part1_redo/1568/HMP_2012__SRS019122__bin.44.fa	/home/jshaw/scratch/2022_sketched_distance/references/SGB_genome_fastas_part1_redo/1568/HMP_2012__SRS019126__bin.59.fa	/home/jshaw/scratch/2022_sketched_distance/references/SGB_genome_fastas_part1_redo/1568/HMP_2012__SRS019127__bin.43.fa	/home/jshaw/scratch/2022_sketched_distance/references/SGB_genome_fastas_part1_redo/1568/HMP_2012__SRS019327__bin.34.fa	/home/jshaw/scratch/2022_sketched_distance/references/SGB_genome_fastas_part1_redo/1568/HMP_2012__SRS019607__bin.64.fa	/home/jshaw/scratch/2022_sketched_distance/references/SGB_genome_fastas_part1_redo/1568/HMP_2012__SRS024081__bin.34.fa	/home/jshaw/scratch/2022_sketched_distance/references/SGB_genome_fastas_part1_redo/1568/HMP_2012__SRS043663__bin.42.fa	/home/jshaw/scratch/2022_sketched_distance/references/SGB_genome_fastas_part1_redo/1568/HMP_2012__SRS044373__bin.34.fa	/home/jshaw/scratch/2022_sketched_distance/references/SGB_genome_fastas_part1_redo/1568/HMP_2012__SRS045715__bin.40.fa	/home/jshaw/scratch/2022_sketched_distance/references/SGB_genome_fastas_part1_redo/1568/HMP_2012__SRS048791__bin.59.fa	/home/jshaw/scratch/2022_sketched_distance/references/SGB_genome_fastas_part1_redo/1568/HMP_2012__SRS057205__bin.27.fa	/home/jshaw/scratch/2022_sketched_distance/references/SGB_genome_fastas_part1_redo/1568/HMP_2012__SRS057539__bin.13.fa	/home/jshaw/scratch/2022_sketched_distance/references/SGB_genome_fastas_part1_redo/1568/HMP_2012__SRS062761__bin.52.fa	/home/jshaw/scratch/2022_sketched_distance/references/SGB_genome_fastas_part1_redo/1568/HMP_2012__SRS075404__bin.1.fa	/home/jshaw/scratch/2022_sketched_distance/references/SGB_genome_fastas_part1_redo/1568/HMP_2012__SRS078182__bin.43.fa
1.0	0.974423449941028	0.974234355306799	0.9764582714313482	0.9775178389205951	0.9700633914410642	0.9750753493852028	0.9720497671323923	0.9768748831051692	0.9677564559394634	0.9706033371643319	0.9778885363354327	0.9770781722102405	0.9764246034970014	0.9641314015156262	0.9737753220938685	0.977315373534094	0.9723839012312951	0.976379478489474	0.9771826982422885	0.9755749616521374	0.9803593875292719	0.9720637824497894	0.9723258795047728	0.9759717368769393	0.9788668758353855
0.974423449941028	1.0	0.9735434202557518	0.9749140276653391	0.9740159177875515	0.9707783114335385	0.9739660819288603	0.9695639011714623	0.9749612470326255	0.967580656311902	0.9710197552970762	0.975628346318342	0.9751423814796166	0.975548016756375	0.9644139946881434	0.9725448532567484	0.9736913548760044	0.9712215580867212	0.9754521525577889	0.9752991891694989	0.9744039944407374	0.9749967704813944	0.9731213199822762	0.9719384572540972	0.974083802156462	0.974857346601891
0.974234355306799	0.9735434202557518	1.0	0.9751241806274659	0.9742222420133921	0.9711353519989118	0.980555165937131	0.9711604303081509	0.9752997787618995	0.9702899493419715	0.9746733368593283	0.9756940057144476	0.976198016031018	0.9753489779421001	0.9652132931570668	0.9731719486789083	0.9753276139229381	0.9716680336128526	0.974659534667219	0.9748026440776304	0.9741295823057363	0.9749681200156294	0.9714120260012195	0.9726438550018744	0.9741726363508265	0.9749145182212391
0.9764582714313482	0.9749140276653391	0.9751241806274659	1.0	0.9757035002528284	0.9714389711749623	0.9756377494686245	0.9705914066257877	0.977497102614084	0.9673319835363253	0.9718140200925518	0.9767831598906472	0.9762153912809791	0.9761595710509687	0.9650971714580651	0.974271983630345	0.9759104993722619	0.9726988511085902	0.9759402425166315	0.9761882334798653	0.9761568471074075	0.9767953870442327	0.9725917246807635	0.9731660481194867	0.9776116221341403	0.9767877300854341
0.9775178389205951	0.9740159177875515	0.9742222420133921	0.9757035002528284	1.0	0.9707365629425722	0.976240191982821	0.9694682493286626	0.9764069645981003	0.9677610312773828	0.9719271351294508	0.9789364201465095	0.9781473884588656	0.9767226516880386	0.9632140157805182	0.9749818089703712	0.9781045390640118	0.9725589599485147	0.9777475981855319	0.9773724790569495	0.9767011710049355	0.9787546474368818	0.9718413844051547	0.9732264925576035	0.9776671935231148	0.9784377072376081
0.9700633914410642	0.9707783114335385	0.9711353519989118	0.9714389711749623	0.9707365629425722	1.0	0.9697151089370493	0.9681165135116558	0.9720785826614122	0.9659336265448295	0.9686748757609769	0.9705155605121706	0.9707247090570749	0.970843014085652	0.9634173562064203	0.9686245013823456	0.9706380507959023	0.9689508530395934	0.9715659169847888	0.971041880407799	0.9709070556607272	0.970904388016867	0.9708844309154896	0.9695690309459561	0.972991119811272	0.9704466053449584
0.9750753493852028	0.9739660819288603	0.980555165937131	0.9756377494686245	0.976240191982821	0.9697151089370493	1.0	0.9694633173183687	0.9751305007176333	0.9686629435682286	0.9716659886546307	0.9772161452907533	0.9771418060170382	0.9756372216049457	0.9643449070368569	0.9740483489352054	0.9761034467722701	0.9717959928004584	0.975968182248252	0.9771434786462212	0.975099624909082	0.9764173726918618	0.9708123762779693	0.9721058723490448	0.9774579110227256	0.9769052325150857
0.9720497671323923	0.9695639011714623	0.9711604303081509	0.9705914066257877	0.9694682493286626	0.9681165135116558	0.9694633173183687	1.0	0.9717842017646832	0.9667140822866707	0.9684048313373563	0.9712785191580993	0.9713327938245561	0.9707880308437962	0.9649253761159604	0.9687118862346841	0.9708521341541831	0.9678624231201599	0.9696825929296579	0.9699551564482793	0.9711695838330121	0.9723609062818115	0.9689475926251633	0.967527949129471	0.9697673143777467	0.978966235352977
0.9768748831051692	0.9749612470326255	0.9752997787618995	0.977497102614084	0.9764069645981003	0.9720785826614122	0.9751305007176333	0.9717842017646832	1.0	0.9681289568800776	0.9716929003584578	0.977469527181448	0.9765220964163163	0.9765554438382822	0.9659741104516556	0.9748551983364734	0.9780123132560694	0.9732716569859257	0.9770002955454865	0.9767589072560402	0.9760395800229076	0.9782436102229715	0.972671836212673	0.9736271324839982	0.9757079511267456	0.9779570264161738
0.9677564559394634	0.967580656311902	0.9702899493419715	0.9673319835363253	0.9677610312773828	0.9659336265448295	0.9686629435682286	0.9667140822866707	0.9681289568800776	1.0	0.9704486205430891	0.9683416870586773	0.9689924293707526	0.9677603620199416	0.9665138696932577	0.9668663518065622	0.9683402826807954	0.966310835923151	0.9688359755769947	0.9686763352353956	0.9682133866559834	0.9685042548753942	0.9670941138649647	0.9674371919482898	0.9681089837119016	0.9677854283725623
0.9706033371643319	0.9710197552970762	0.9746733368593283	0.9718140200925518	0.9719271351294508	0.9686748757609769	0.9716659886546307	0.9684048313373563	0.9716929003584578	0.9704486205430891	1.0	0.9729120862871806	0.973553307102378	0.9728096423426528	0.9688871014929085	0.9707246354156432	0.9725277416421572	0.970195221865825	0.9714467152612579	0.9727002180559379	0.9723905014555062	0.9726274628391519	0.9692074317791	0.9702511159028977	0.9712979532685108	0.9713393277538612
0.9778885363354327	0.975628346318342	0.9756940057144476	0.9767831598906472	0.9789364201465095	0.9705155605121706	0.9772161452907533	0.9712785191580993	0.977469527181448	0.9683416870586773	0.9729120862871806	1.0	0.9978789817400655	0.9970376114593015	0.9650251651159057	0.9767372435759024	0.9779008226022521	0.9738286842262326	0.9800794197492816	0.9794783398719086	0.9770339145172776	0.979132545263081	0.9730256928595216	0.9741697645741588	0.9780009575363113	0.9798409174871208
0.9770781722102405	0.9751423814796166	0.976198016031018	0.9762153912809791	0.9781473884588656	0.9707247090570749	0.9771418060170382	0.9713327938245561	0.9765220964163163	0.9689924293707526	0.973553307102378	0.9978789817400655	1.0	0.9959416132249778	0.9656418526748662	0.9765803118329909	0.9778369939054062	0.9734294115409868	0.9794291358840389	0.9788970030460853	0.9767812493297016	0.978145415187886	0.972701553087243	0.9745932979043205	0.9771184444175323	0.9786905856342408
0.9764246034970014	0.975548016756375	0.9753489779421001	0.9761595710509687	0.9767226516880386	0.970843014085652	0.9756372216049457	0.9707880308437962	0.9765554438382822	0.9677603620199416	0.9728096423426528	0.9970376114593015	0.9959416132249778	1.0	0.9643684611056493	0.974992081486515	0.9758435938616202	0.9723459060902703	0.9783528854579346	0.977425079910212	0.9758162912160495	0.977780783410451	0.9733733865846266	0.9733543503258366	0.9767190330370835	0.977502624448161
0.9641314015156262	0.9644139946881434	0.9652132931570668	0.9650971714580651	0.9632140157805182	0.9634173562064203	0.9643449070368569	0.9649253761159604	0.9659741104516556	0.9665138696932577	0.9688871014929085	0.9650251651159057	0.9656418526748662	0.9643684611056493	1.0	0.9648482780122264	0.9651394157954543	0.9653486881791967	0.9649571045490676	0.9642937501172237	0.9660500094786371	0.9650343072025978	0.9630467693381694	0.9655301161383473	0.9632893515509681	0.9632799881261255
0.9737753220938685	0.9725448532567484	0.9731719486789083	0.974271983630345	0.9749818089703712	0.9686245013823456	0.9740483489352054	0.9687118862346841	0.9748551983364734	0.9668663518065622	0.9707246354156432	0.9767372435759024	0.9765803118329909	0.974992081486515	0.9648482780122264	1.0	0.9742616066508414	0.9723941633975857	0.9759746893445117	0.975964928846534	0.9752131088283722	0.9755344562995115	0.9717819308367054	0.9733436560795583	0.9752177737949161	0.9761414476102744
0.977315373534094	0.9736913548760044	0.9753276139229381	0.9759104993722619	0.9781045390640118	0.9706380507959023	0.9761034467722701	0.9708521341541831	0.9780123132560694	0.9683402826807954	0.9725277416421572	0.9779008226022521	0.9778369939054062	0.9758435938616202	0.9651394157954543	0.9742616066508414	1.0	0.9724479865133334	0.9782363943440621	0.9768776565239448	0.9764187402615344	0.978512565524636	0.9719446296296942	0.9730520593260197	0.9769708125676817	0.9782575550805361
0.9723839012312951	0.9712215580867212	0.9716680336128526	0.9726988511085902	0.9725589599485147	0.9689508530395934	0.9717959928004584	0.9678624231201599	0.9732716569859257	0.966310835923151	0.970195221865825	0.9738286842262326	0.9734294115409868	0.9723459060902703	0.9653486881791967	0.9723941633975857	0.9724479865133334	1.0	0.9741652898153726	0.9740888760082115	0.9724998575628107	0.9729764624918421	0.9706833719861934	0.9909825815122429	0.9722475968242403	0.9727440105366901
0.976379478489474	0.9754521525577889	0.974659534667219	0.9759402425166315	0.9777475981855319	0.9715659169847888	0.975968182248252	0.9696825929296579	0.9770002955454865	0.9688359755769947	0.9714467152612579	0.9800794197492816	0.9794291358840389	0.9783528854579346	0.9649571045490676	0.9759746893445117	0.9782363943440621	0.9741652898153726	1.0	0.9780028588758226	0.9765115475763139	0.9780373441187019	0.9728482846866712	0.974697477349185	0.9773331411089942	0.9783892423661625
0.9771826982422885	0.9752991891694989	0.9748026440776304	0.9761882334798653	0.9773724790569495	0.971041880407799	0.9771434786462212	0.9699551564482793	0.9767589072560402	0.9686763352353956	0.9727002180559379	0.9794783398719086	0.9788970030460853	0.977425079910212	0.9642937501172237	0.975964928846534	0.9768776565239448	0.9740888760082115	0.9780028588758226	1.0	0.9769560296670471	0.9777044037545954	0.9740745192423633	0.9741094014305541	0.9774326273339261	0.9789085362967012
0.9755749616521374	0.9744039944407374	0.9741295823057363	0.9761568471074075	0.9767011710049355	0.9709070556607272	0.975099624909082	0.9711695838330121	0.9760395800229076	0.9682133866559834	0.9723905014555062	0.9770339145172776	0.9767812493297016	0.9758162912160495	0.9660500094786371	0.9752131088283722	0.9764187402615344	0.9724998575628107	0.9765115475763139	0.9769560296670471	1.0	0.9770182193379515	0.9722367920195131	0.9731346196825286	0.97719204478325	0.9770572957026155
0.9803593875292719	0.9749967704813944	0.9749681200156294	0.9767953870442327	0.9787546474368818	0.970904388016867	0.9764173726918618	0.9723609062818115	0.9782436102229715	0.9685042548753942	0.9726274628391519	0.979132545263081	0.978145415187886	0.977780783410451	0.9650343072025978	0.9755344562995115	0.978512565524636	0.9729764624918421	0.9780373441187019	0.9777044037545954	0.9770182193379515	1.0	0.9725464747055907	0.9735089540694073	0.978450414138391	0.9812212927152846
0.9720637824497894	0.9731213199822762	0.9714120260012195	0.9725917246807635	0.9718413844051547	0.9708844309154896	0.9708123762779693	0.9689475926251633	0.972671836212673	0.9670941138649647	0.9692074317791	0.9730256928595216	0.972701553087243	0.9733733865846266	0.9630467693381694	0.9717819308367054	0.9719446296296942	0.9706833719861934	0.9728482846866712	0.9740745192423633	0.9722367920195131	0.9725464747055907	1.0	0.9706731257862998	0.9725343738346656	0.9720756794249079
0.9723258795047728	0.9719384572540972	0.9726438550018744	0.9731660481194867	0.9732264925576035	0.9695690309459561	0.9721058723490448	0.967527949129471	0.9736271324839982	0.9674371919482898	0.9702511159028977	0.9741697645741588	0.9745932979043205	0.9733543503258366	0.9655301161383473	0.9733436560795583	0.9730520593260197	0.9909825815122429	0.974697477349185	0.9741094014305541	0.9731346196825286	0.9735089540694073	0.9706731257862998	1.0	0.9731769048039055	0.9731495925068848
0.9759717368769393	0.974083802156462	0.9741726363508265	0.9776116221341403	0.9776671935231148	0.972991119811272	0.9774579110227256	0.9697673143777467	0.9757079511267456	0.9681089837119016	0.9712979532685108	0.9780009575363113	0.9771184444175323	0.9767190330370835	0.9632893515509681	0.9752177737949161	0.9769708125676817	0.9722475968242403	0.9773331411089942	0.9774326273339261	0.97719204478325	0.978450414138391	0.9725343738346656	0.9731769048039055	1.0	0.9782399758541356
0.9788668758353855	0.974857346601891	0.9749145182212391	0.9767877300854341	0.9784377072376081	0.9704466053449584	0.9769052325150857	0.978966235352977	0.9779570264161738	0.9677854283725623	0.9713393277538612	0.9798409174871208	0.9786905856342408	0.977502624448161	0.9632799881261255	0.9761414476102744	0.9782575550805361	0.9727440105366901	0.9783892423661625	0.9789085362967012	0.9770572957026155	0.9812212927152846	0.9720756794249079	0.9731495925068848	0.9782399758541356	1.0
