/home/jshaw/scratch/2022_sketched_distance/references/SGB_genome_fastas_part4/6889/Castro-NallarE_2015__ES_104__bin.19.fa	/home/jshaw/scratch/2022_sketched_distance/references/SGB_genome_fastas_part4/6889/Castro-NallarE_2015__ES_110__bin.14.fa	/home/jshaw/scratch/2022_sketched_distance/references/SGB_genome_fastas_part4/6889/HMP_2012__SRS013164__bin.44.fa	/home/jshaw/scratch/2022_sketched_distance/references/SGB_genome_fastas_part4/6889/HMP_2012__SRS014271__bin.14.fa	/home/jshaw/scratch/2022_sketched_distance/references/SGB_genome_fastas_part4/6889/HMP_2012__SRS014888__bin.28.fa	/home/jshaw/scratch/2022_sketched_distance/references/SGB_genome_fastas_part4/6889/HMP_2012__SRS015797__bin.32.fa	/home/jshaw/scratch/2022_sketched_distance/references/SGB_genome_fastas_part4/6889/HMP_2012__SRS016002__bin.63.fa	/home/jshaw/scratch/2022_sketched_distance/references/SGB_genome_fastas_part4/6889/HMP_2012__SRS016225__bin.17.fa	/home/jshaw/scratch/2022_sketched_distance/references/SGB_genome_fastas_part4/6889/HMP_2012__SRS017808__bin.8.fa	/home/jshaw/scratch/2022_sketched_distance/references/SGB_genome_fastas_part4/6889/HMP_2012__SRS018145__bin.49.fa	/home/jshaw/scratch/2022_sketched_distance/references/SGB_genome_fastas_part4/6889/HMP_2012__SRS018439__bin.28.fa	/home/jshaw/scratch/2022_sketched_distance/references/SGB_genome_fastas_part4/6889/HMP_2012__SRS019122__bin.50.fa	/home/jshaw/scratch/2022_sketched_distance/references/SGB_genome_fastas_part4/6889/HMP_2012__SRS019127__bin.11.fa	/home/jshaw/scratch/2022_sketched_distance/references/SGB_genome_fastas_part4/6889/HMP_2012__SRS021496__bin.26.fa	/home/jshaw/scratch/2022_sketched_distance/references/SGB_genome_fastas_part4/6889/HMP_2012__SRS022530__bin.25.fa	/home/jshaw/scratch/2022_sketched_distance/references/SGB_genome_fastas_part4/6889/HMP_2012__SRS022719__bin.30.fa	/home/jshaw/scratch/2022_sketched_distance/references/SGB_genome_fastas_part4/6889/HMP_2012__SRS023617__bin.25.fa	/home/jshaw/scratch/2022_sketched_distance/references/SGB_genome_fastas_part4/6889/HMP_2012__SRS023958__bin.38.fa	/home/jshaw/scratch/2022_sketched_distance/references/SGB_genome_fastas_part4/6889/HMP_2012__SRS024081__bin.42.fa	/home/jshaw/scratch/2022_sketched_distance/references/SGB_genome_fastas_part4/6889/HMP_2012__SRS024580__bin.29.fa	/home/jshaw/scratch/2022_sketched_distance/references/SGB_genome_fastas_part4/6889/HMP_2012__SRS042643__bin.12.fa	/home/jshaw/scratch/2022_sketched_distance/references/SGB_genome_fastas_part4/6889/HMP_2012__SRS042910__bin.25.fa	/home/jshaw/scratch/2022_sketched_distance/references/SGB_genome_fastas_part4/6889/HMP_2012__SRS044373__bin.50.fa	/home/jshaw/scratch/2022_sketched_distance/references/SGB_genome_fastas_part4/6889/HMP_2012__SRS050669__bin.37.fa	/home/jshaw/scratch/2022_sketched_distance/references/SGB_genome_fastas_part4/6889/HMP_2012__SRS053917__bin.2.fa	/home/jshaw/scratch/2022_sketched_distance/references/SGB_genome_fastas_part4/6889/HMP_2012__SRS055378__bin.74.fa	/home/jshaw/scratch/2022_sketched_distance/references/SGB_genome_fastas_part4/6889/HMP_2012__SRS057692__bin.47.fa	/home/jshaw/scratch/2022_sketched_distance/references/SGB_genome_fastas_part4/6889/HMP_2012__SRS058336__bin.67.fa	/home/jshaw/scratch/2022_sketched_distance/references/SGB_genome_fastas_part4/6889/HMP_2012__SRS063288__bin.51.fa
1.0	0.9651216906886194	0.9717538514197893	0.9640359875295968	0.9751092998216886	0.9735638771771205	0.970563213066497	0.9646372310961363	0.9624564711983685	0.9746677629065593	0.9756519065742062	0.9713027682116132	0.9739222657492247	0.974723482060806	0.9743077123382762	0.9655002056534076	0.9650560785838034	0.9892998642986439	0.9667043430056754	0.9665603648196854	0.9613153273682058	0.974215434417766	0.961078586963364	0.9737768184725684	0.9654049685133448	0.9740332076889457	0.9704643513639708	0.9735130751363192	0.9739156253701153
0.9651216906886194	1.0	0.9654723381811908	0.9670566654331169	0.9646035612590004	0.9667383882444578	0.9639725849435312	0.9702759708965942	0.9663276451088567	0.964740538645007	0.9673631727049206	0.9629334864670731	0.966551901019219	0.9650830141091995	0.9635063848299892	0.9609147885038924	0.9830491288484713	0.9663186113302671	0.9587660388996796	0.9689680363948294	0.9670644723745583	0.9675478191183412	0.9665376433118446	0.96819152215734	0.9609282627351708	0.9643479328092214	0.9635651005284643	0.9663962948261032	0.9644340951931973
0.9717538514197893	0.9654723381811908	1.0	0.9679969431980661	0.9746257319076179	0.9882515840453265	0.9732407276728178	0.9644741239315963	0.965048743676219	0.97383389386379	0.9814883679078966	0.9740227358202838	0.9736405531923017	0.9719218112280308	0.974036987654005	0.9657031816454416	0.9655890741810237	0.9746468863130842	0.969511771487153	0.9682420941567333	0.9661491744958146	0.9918481975439503	0.964372123503959	0.9852481371643111	0.9660320327757539	0.9716523667096046	0.971256122188262	0.986311971646909	0.9711866667665755
0.9640359875295968	0.9670566654331169	0.9679969431980661	1.0	0.9659765023811708	0.9679740872387115	0.9645534481856869	0.9707233241817792	0.9717646305709814	0.9640181511956419	0.9667517940532769	0.9637797288357575	0.9630786717679607	0.9645573839818997	0.9656884974260281	0.9623774602697827	0.9700291599182445	0.9649725689786813	0.9628185905934726	0.9748543065228127	0.9721346242849144	0.965689047057527	0.9784844311584909	0.9657636590680762	0.9621943057738991	0.9631363469545897	0.9595901241472865	0.9643871445378694	0.9613710203435327
0.9751092998216886	0.9646035612590004	0.9746257319076179	0.9659765023811708	1.0	0.9755717408013161	0.9734597056723532	0.9665266032332115	0.9654959604112505	0.9756464716719747	0.9756170314144907	0.9749982537993681	0.975918918104447	0.9740169101200471	0.9751476290049422	0.967859806214563	0.9665441636734142	0.9774574885511623	0.9694400121132977	0.9668844065268113	0.9652011683906981	0.975421095981619	0.9646103768003351	0.974596946973135	0.9674308928198191	0.9947319340080099	0.9717893805742269	0.9751149572997805	0.972669772445937
0.9735638771771205	0.9667383882444578	0.9882515840453265	0.9679740872387115	0.9755717408013161	1.0	0.9738890436002375	0.9647552152922824	0.9643078825934758	0.9742684462257096	0.9814924532634137	0.9742173126913601	0.9740043055233298	0.9739342534010197	0.974708906122448	0.965891471918531	0.9660028509017182	0.9756184668652559	0.9676891583398132	0.967044168643372	0.9645302645180266	0.9877757147836784	0.9644315231014445	0.9870056455892898	0.9657066445081963	0.9731741399541632	0.9711492797314509	0.9864132186254594	0.9718254850837887
0.970563213066497	0.9639725849435312	0.9732407276728178	0.9645534481856869	0.9734597056723532	0.9738890436002375	1.0	0.9625591229226225	0.9651629127559358	0.97378447139709	0.9731332566329343	0.9751669098428792	0.9745766487292782	0.9719912255742905	0.9745706024057882	0.9638078859300442	0.9640254673885281	0.9726330233476524	0.9667227850092459	0.9657355858819099	0.9642435521087543	0.9733195075022122	0.9658143745023674	0.9728491619401061	0.9639949734420783	0.9707691116949428	0.9691044742659171	0.9759994066425072	0.9695202562894071
0.9646372310961363	0.9702759708965942	0.9644741239315963	0.9707233241817792	0.9665266032332115	0.9647552152922824	0.9625591229226225	1.0	0.9681518034884968	0.9643907016339969	0.966255826782436	0.9619001685570282	0.9646798996241728	0.9643808369097778	0.9637016045395941	0.9606740472458973	0.975844660078125	0.9643768996436619	0.9602624122426954	0.9697770695796016	0.9694392595172728	0.9655649542378365	0.9696057784394732	0.9662932483840576	0.9603037688683587	0.9659781668075891	0.9621914714911655	0.9666893669947761	0.9637145769006473
0.9624564711983685	0.9663276451088567	0.965048743676219	0.9717646305709814	0.9654959604112505	0.9643078825934758	0.9651629127559358	0.9681518034884968	1.0	0.9627919221704138	0.9638580976519747	0.9634550738696079	0.9624044313516825	0.9632599902403262	0.9654216757419811	0.9607693469963188	0.9698637477776989	0.9639421344152669	0.9642307900246594	0.9734714992939278	0.970934128890416	0.9637903651253235	0.9708011915732185	0.9649638033040825	0.9606564647195788	0.962022690917973	0.9592363708543725	0.9642186205544067	0.9623859342894557
0.9746677629065593	0.964740538645007	0.97383389386379	0.9640181511956419	0.9756464716719747	0.9742684462257096	0.97378447139709	0.9643907016339969	0.9627919221704138	1.0	0.9766717502221796	0.9816425747118473	0.9844515149623312	0.9739941352900264	0.9737946310291744	0.968810512863887	0.9663055247948817	0.9776436256339077	0.9676961832300135	0.9659295559788823	0.9618110695574216	0.977226519303707	0.9620189789084146	0.9752656896729578	0.9687979071163376	0.9756874481006181	0.9907336598720198	0.9763607160618826	0.9746561965897955
0.9756519065742062	0.9673631727049206	0.9814883679078966	0.9667517940532769	0.9756170314144907	0.9814924532634137	0.9731332566329343	0.966255826782436	0.9638580976519747	0.9766717502221796	1.0	0.9749344220880899	0.9783897977096807	0.977061261429748	0.9760808253456473	0.9691857278045759	0.967868049690898	0.9784644184959078	0.9663533573971363	0.9683495655181233	0.9638223111396388	0.9835926828955472	0.9620860134754984	0.9821362168223854	0.9690023575962488	0.9765196519021588	0.9705380895512867	0.9822417856547645	0.9762397789536922
0.9713027682116132	0.9629334864670731	0.9740227358202838	0.9637797288357575	0.9749982537993681	0.9742173126913601	0.9751669098428792	0.9619001685570282	0.9634550738696079	0.9816425747118473	0.9749344220880899	1.0	0.9969187666689335	0.972639765663691	0.9746666003725784	0.9660707972222267	0.9636992926071023	0.9753972832381532	0.9678754843069357	0.9666646774967174	0.9635197985369005	0.9743097415414774	0.9627673432772484	0.9729880347693198	0.9658802412499804	0.972527698666268	0.9751830171620901	0.9718379357653406	0.9706963555980438
0.9739222657492247	0.966551901019219	0.9736405531923017	0.9630786717679607	0.975918918104447	0.9740043055233298	0.9745766487292782	0.9646798996241728	0.9624044313516825	0.9844515149623312	0.9783897977096807	0.9969187666689335	1.0	0.9747531155023526	0.9736051970270624	0.9685579013226633	0.9670573134160083	0.9780781169882282	0.9675271968349815	0.9656664969305995	0.9622828768439634	0.97703437089455	0.9619887625979159	0.9753078889536432	0.9689983504455337	0.976664448518519	0.9761536314561022	0.975543392185132	0.9749536930689304
0.974723482060806	0.9650830141091995	0.9719218112280308	0.9645573839818997	0.9740169101200471	0.9739342534010197	0.9719912255742905	0.9643808369097778	0.9632599902403262	0.9739941352900264	0.977061261429748	0.972639765663691	0.9747531155023526	1.0	0.9967523974615438	0.968490892776927	0.9648080619749975	0.9749861865960409	0.9682390742599616	0.9650768566119446	0.9613225874762985	0.9741014863183458	0.9629552926285911	0.9754666493853004	0.9681924134687928	0.974000514797309	0.9696006733933781	0.9742379813526049	0.9948492651050966
0.9743077123382762	0.9635063848299892	0.974036987654005	0.9656884974260281	0.9751476290049422	0.974708906122448	0.9745706024057882	0.9637016045395941	0.9654216757419811	0.9737946310291744	0.9760808253456473	0.9746666003725784	0.9736051970270624	0.9967523974615438	1.0	0.9678857749314786	0.9631450096607801	0.974436278935915	0.9704109168817854	0.967321165688045	0.9635517793878661	0.9730799472597639	0.9647597347586166	0.9741983357190432	0.9676551094413551	0.9729968988227093	0.9706094162269114	0.9732021728702462	0.9945380150057387
0.9655002056534076	0.9609147885038924	0.9657031816454416	0.9623774602697827	0.967859806214563	0.965891471918531	0.9638078859300442	0.9606740472458973	0.9607693469963188	0.968810512863887	0.9691857278045759	0.9660707972222267	0.9685579013226633	0.968490892776927	0.9678857749314786	1.0	0.962299902951378	0.9694753865506612	0.9723663819317906	0.9622887167993617	0.9595324448176175	0.9680942457277124	0.9614239630429618	0.9662880274099301	0.9988565084230004	0.9683002937767037	0.9629324349495438	0.9674553598083193	0.9682035418950162
0.9650560785838034	0.9830491288484713	0.9655890741810237	0.9700291599182445	0.9665441636734142	0.9660028509017182	0.9640254673885281	0.975844660078125	0.9698637477776989	0.9663055247948817	0.967868049690898	0.9636992926071023	0.9670573134160083	0.9648080619749975	0.9631450096607801	0.962299902951378	1.0	0.9670381083585188	0.9600498867429872	0.9709462583022251	0.9692358792807642	0.9683254002101299	0.9679575424706361	0.9678317883068372	0.9621142632657649	0.9678770986896555	0.9618636212864347	0.9693605437879336	0.9647835111586742
0.9892998642986439	0.9663186113302671	0.9746468863130842	0.9649725689786813	0.9774574885511623	0.9756184668652559	0.9726330233476524	0.9643768996436619	0.9639421344152669	0.9776436256339077	0.9784644184959078	0.9753972832381532	0.9780781169882282	0.9749861865960409	0.974436278935915	0.9694753865506612	0.9670381083585188	1.0	0.9680772350733549	0.9680143300605231	0.961875796851443	0.9779057599609189	0.9624149000584591	0.9766305783036179	0.9692128946366183	0.9770526561326928	0.9714911107789539	0.9760228193584183	0.9745523301200935
0.9667043430056754	0.9587660388996796	0.969511771487153	0.9628185905934726	0.9694400121132977	0.9676891583398132	0.9667227850092459	0.9602624122426954	0.9642307900246594	0.9676961832300135	0.9663533573971363	0.9678754843069357	0.9675271968349815	0.9682390742599616	0.9704109168817854	0.9723663819317906	0.9600498867429872	0.9680772350733549	1.0	0.9642961577856871	0.9622340783911532	0.9683000919859717	0.9604657134793095	0.9664940866248832	0.9727670469073005	0.9672730210099427	0.9647016106855968	0.9660897201224847	0.9665311300354752
0.9665603648196854	0.9689680363948294	0.9682420941567333	0.9748543065228127	0.9668844065268113	0.967044168643372	0.9657355858819099	0.9697770695796016	0.9734714992939278	0.9659295559788823	0.9683495655181233	0.9666646774967174	0.9656664969305995	0.9650768566119446	0.967321165688045	0.9622887167993617	0.9709462583022251	0.9680143300605231	0.9642961577856871	1.0	0.9719307242911693	0.967366829792952	0.972930528177796	0.9670564087201705	0.9617639024319693	0.9637923255599989	0.9612882000619456	0.9656719540054302	0.9635858156770435
0.9613153273682058	0.9670644723745583	0.9661491744958146	0.9721346242849144	0.9652011683906981	0.9645302645180266	0.9642435521087543	0.9694392595172728	0.970934128890416	0.9618110695574216	0.9638223111396388	0.9635197985369005	0.9622828768439634	0.9613225874762985	0.9635517793878661	0.9595324448176175	0.9692358792807642	0.961875796851443	0.9622340783911532	0.9719307242911693	1.0	0.9633924168097593	0.9688297821169592	0.9628446544429021	0.9593767967219731	0.9612630158658321	0.9601828272681493	0.9626213764837234	0.9613085688600513
0.974215434417766	0.9675478191183412	0.9918481975439503	0.965689047057527	0.975421095981619	0.9877757147836784	0.9733195075022122	0.9655649542378365	0.9637903651253235	0.977226519303707	0.9835926828955472	0.9743097415414774	0.97703437089455	0.9741014863183458	0.9730799472597639	0.9680942457277124	0.9683254002101299	0.9779057599609189	0.9683000919859717	0.967366829792952	0.9633924168097593	1.0	0.963146066670354	0.988350468115737	0.9679712120154883	0.9745781787122633	0.9728039792620735	0.9891913240646212	0.9741801444251308
0.961078586963364	0.9665376433118446	0.964372123503959	0.9784844311584909	0.9646103768003351	0.9644315231014445	0.9658143745023674	0.9696057784394732	0.9708011915732185	0.9620189789084146	0.9620860134754984	0.9627673432772484	0.9619887625979159	0.9629552926285911	0.9647597347586166	0.9614239630429618	0.9679575424706361	0.9624149000584591	0.9604657134793095	0.972930528177796	0.9688297821169592	0.963146066670354	1.0	0.9634285575617044	0.9614476978539283	0.9617347943296423	0.9598323943932244	0.9614381731968965	0.9600180478708177
0.9737768184725684	0.96819152215734	0.9852481371643111	0.9657636590680762	0.974596946973135	0.9870056455892898	0.9728491619401061	0.9662932483840576	0.9649638033040825	0.9752656896729578	0.9821362168223854	0.9729880347693198	0.9753078889536432	0.9754666493853004	0.9741983357190432	0.9662880274099301	0.9678317883068372	0.9766305783036179	0.9664940866248832	0.9670564087201705	0.9628446544429021	0.988350468115737	0.9634285575617044	1.0	0.9662135001898795	0.9736165733886766	0.970874792910441	0.9875248604711467	0.9744787688305255
0.9654049685133448	0.9609282627351708	0.9660320327757539	0.9621943057738991	0.9674308928198191	0.9657066445081963	0.9639949734420783	0.9603037688683587	0.9606564647195788	0.9687979071163376	0.9690023575962488	0.9658802412499804	0.9689983504455337	0.9681924134687928	0.9676551094413551	0.9988565084230004	0.9621142632657649	0.9692128946366183	0.9727670469073005	0.9617639024319693	0.9593767967219731	0.9679712120154883	0.9614476978539283	0.9662135001898795	1.0	0.9680028038710263	0.9627338147174389	0.9670489838090597	0.9676754484230992
0.9740332076889457	0.9643479328092214	0.9716523667096046	0.9631363469545897	0.9947319340080099	0.9731741399541632	0.9707691116949428	0.9659781668075891	0.962022690917973	0.9756874481006181	0.9765196519021588	0.972527698666268	0.976664448518519	0.974000514797309	0.9729968988227093	0.9683002937767037	0.9678770986896555	0.9770526561326928	0.9672730210099427	0.9637923255599989	0.9612630158658321	0.9745781787122633	0.9617347943296423	0.9736165733886766	0.9680028038710263	1.0	0.9690125884313148	0.9764283444255615	0.9738248099312815
0.9704643513639708	0.9635651005284643	0.971256122188262	0.9595901241472865	0.9717893805742269	0.9711492797314509	0.9691044742659171	0.9621914714911655	0.9592363708543725	0.9907336598720198	0.9705380895512867	0.9751830171620901	0.9761536314561022	0.9696006733933781	0.9706094162269114	0.9629324349495438	0.9618636212864347	0.9714911107789539	0.9647016106855968	0.9612882000619456	0.9601828272681493	0.9728039792620735	0.9598323943932244	0.970874792910441	0.9627338147174389	0.9690125884313148	1.0	0.9702548015461591	0.9729539000600596
0.9735130751363192	0.9663962948261032	0.986311971646909	0.9643871445378694	0.9751149572997805	0.9864132186254594	0.9759994066425072	0.9666893669947761	0.9642186205544067	0.9763607160618826	0.9822417856547645	0.9718379357653406	0.975543392185132	0.9742379813526049	0.9732021728702462	0.9674553598083193	0.9693605437879336	0.9760228193584183	0.9660897201224847	0.9656719540054302	0.9626213764837234	0.9891913240646212	0.9614381731968965	0.9875248604711467	0.9670489838090597	0.9764283444255615	0.9702548015461591	1.0	0.9742414637713379
0.9739156253701153	0.9644340951931973	0.9711866667665755	0.9613710203435327	0.972669772445937	0.9718254850837887	0.9695202562894071	0.9637145769006473	0.9623859342894557	0.9746561965897955	0.9762397789536922	0.9706963555980438	0.9749536930689304	0.9948492651050966	0.9945380150057387	0.9682035418950162	0.9647835111586742	0.9745523301200935	0.9665311300354752	0.9635858156770435	0.9613085688600513	0.9741801444251308	0.9600180478708177	0.9744787688305255	0.9676754484230992	0.9738248099312815	0.9729539000600596	0.9742414637713379	1.0
