/home/jshaw/scratch/2022_sketched_distance/references/SGB_genome_fastas_part2/2036/HMP_2012__SRS011126__bin.17.fa	/home/jshaw/scratch/2022_sketched_distance/references/SGB_genome_fastas_part2/2036/HMP_2012__SRS011255__bin.52.fa	/home/jshaw/scratch/2022_sketched_distance/references/SGB_genome_fastas_part2/2036/HMP_2012__SRS011343__bin.4.fa	/home/jshaw/scratch/2022_sketched_distance/references/SGB_genome_fastas_part2/2036/HMP_2012__SRS012285__bin.18.fa	/home/jshaw/scratch/2022_sketched_distance/references/SGB_genome_fastas_part2/2036/HMP_2012__SRS013170__bin.26.fa	/home/jshaw/scratch/2022_sketched_distance/references/SGB_genome_fastas_part2/2036/HMP_2012__SRS013949__bin.36.fa	/home/jshaw/scratch/2022_sketched_distance/references/SGB_genome_fastas_part2/2036/HMP_2012__SRS014578__bin.23.fa	/home/jshaw/scratch/2022_sketched_distance/references/SGB_genome_fastas_part2/2036/HMP_2012__SRS014690__bin.45.fa	/home/jshaw/scratch/2022_sketched_distance/references/SGB_genome_fastas_part2/2036/HMP_2012__SRS014691__bin.4.fa	/home/jshaw/scratch/2022_sketched_distance/references/SGB_genome_fastas_part2/2036/HMP_2012__SRS015044__bin.36.fa	/home/jshaw/scratch/2022_sketched_distance/references/SGB_genome_fastas_part2/2036/HMP_2012__SRS015574__bin.2.fa	/home/jshaw/scratch/2022_sketched_distance/references/SGB_genome_fastas_part2/2036/HMP_2012__SRS015803__bin.9.fa	/home/jshaw/scratch/2022_sketched_distance/references/SGB_genome_fastas_part2/2036/HMP_2012__SRS015899__bin.12.fa	/home/jshaw/scratch/2022_sketched_distance/references/SGB_genome_fastas_part2/2036/HMP_2012__SRS015989__bin.4.fa	/home/jshaw/scratch/2022_sketched_distance/references/SGB_genome_fastas_part2/2036/HMP_2012__SRS016043__bin.36.fa	/home/jshaw/scratch/2022_sketched_distance/references/SGB_genome_fastas_part2/2036/HMP_2012__SRS016746__bin.27.fa	/home/jshaw/scratch/2022_sketched_distance/references/SGB_genome_fastas_part2/2036/HMP_2012__SRS017227__bin.77.fa	/home/jshaw/scratch/2022_sketched_distance/references/SGB_genome_fastas_part2/2036/HMP_2012__SRS017445__bin.35.fa	/home/jshaw/scratch/2022_sketched_distance/references/SGB_genome_fastas_part2/2036/HMP_2012__SRS017511__bin.29.fa	/home/jshaw/scratch/2022_sketched_distance/references/SGB_genome_fastas_part2/2036/HMP_2012__SRS018157__bin.38.fa	/home/jshaw/scratch/2022_sketched_distance/references/SGB_genome_fastas_part2/2036/HMP_2012__SRS018573__bin.17.fa	/home/jshaw/scratch/2022_sketched_distance/references/SGB_genome_fastas_part2/2036/HMP_2012__SRS018665__bin.22.fa	/home/jshaw/scratch/2022_sketched_distance/references/SGB_genome_fastas_part2/2036/HMP_2012__SRS018975__bin.44.fa	/home/jshaw/scratch/2022_sketched_distance/references/SGB_genome_fastas_part2/2036/HMP_2012__SRS019129__bin.15.fa	/home/jshaw/scratch/2022_sketched_distance/references/SGB_genome_fastas_part2/2036/HMP_2012__SRS020226__bin.29.fa	/home/jshaw/scratch/2022_sketched_distance/references/SGB_genome_fastas_part2/2036/HMP_2012__SRS021477__bin.5.fa	/home/jshaw/scratch/2022_sketched_distance/references/SGB_genome_fastas_part2/2036/HMP_2012__SRS022602__bin.26.fa	/home/jshaw/scratch/2022_sketched_distance/references/SGB_genome_fastas_part2/2036/HMP_2012__SRS022725__bin.69.fa	/home/jshaw/scratch/2022_sketched_distance/references/SGB_genome_fastas_part2/2036/HMP_2012__SRS023964__bin.27.fa	/home/jshaw/scratch/2022_sketched_distance/references/SGB_genome_fastas_part2/2036/HMP_2012__SRS024289__bin.20.fa	/home/jshaw/scratch/2022_sketched_distance/references/SGB_genome_fastas_part2/2036/HMP_2012__SRS024381__bin.23.fa	/home/jshaw/scratch/2022_sketched_distance/references/SGB_genome_fastas_part2/2036/HMP_2012__SRS024561__bin.10.fa	/home/jshaw/scratch/2022_sketched_distance/references/SGB_genome_fastas_part2/2036/HMP_2012__SRS024649__bin.51.fa	/home/jshaw/scratch/2022_sketched_distance/references/SGB_genome_fastas_part2/2036/HMP_2012__SRS045197__bin.68.fa	/home/jshaw/scratch/2022_sketched_distance/references/SGB_genome_fastas_part2/2036/HMP_2012__SRS047113__bin.20.fa	/home/jshaw/scratch/2022_sketched_distance/references/SGB_genome_fastas_part2/2036/HMP_2012__SRS047634__bin.69.fa	/home/jshaw/scratch/2022_sketched_distance/references/SGB_genome_fastas_part2/2036/HMP_2012__SRS049318__bin.21.fa	/home/jshaw/scratch/2022_sketched_distance/references/SGB_genome_fastas_part2/2036/HMP_2012__SRS054430__bin.1.fa	/home/jshaw/scratch/2022_sketched_distance/references/SGB_genome_fastas_part2/2036/HMP_2012__SRS055378__bin.12.fa	/home/jshaw/scratch/2022_sketched_distance/references/SGB_genome_fastas_part2/2036/HMP_2012__SRS055450__bin.3.fa	/home/jshaw/scratch/2022_sketched_distance/references/SGB_genome_fastas_part2/2036/HMP_2012__SRS063603__bin.83.fa	/home/jshaw/scratch/2022_sketched_distance/references/SGB_genome_fastas_part2/2036/HMP_2012__SRS063999__bin.42.fa	/home/jshaw/scratch/2022_sketched_distance/references/SGB_genome_fastas_part2/2036/HMP_2012__SRS064449__bin.5.fa	/home/jshaw/scratch/2022_sketched_distance/references/SGB_genome_fastas_part2/2036/HMP_2012__SRS065310__bin.4.fa	/home/jshaw/scratch/2022_sketched_distance/references/SGB_genome_fastas_part2/2036/HMP_2012__SRS075410__bin.10.fa
1.0	0.9736903330436613	0.9732052232434525	0.9729275108207601	0.9742188223251297	0.972168404178408	0.9653321465538294	0.9722702553618878	0.9652474023354554	0.9742602118756823	0.9745772879612156	0.971014099834855	0.9727927636737784	0.973636883129684	0.9727942468291656	0.9668997925672745	0.9715841813008541	0.9641049719975806	0.9699066298636708	0.973178957632035	0.970343693479557	0.9725871240203201	0.9729322170049842	0.9743464635715754	0.9735270815214399	0.9978663820661279	0.9726998631768986	0.9706552154196274	0.9698628960907179	0.9746382856461825	0.9738030515803168	0.9671982122708367	0.9717253309165954	0.9686407203878301	0.9718003405996762	0.9723845401092496	0.9737496559733824	0.9729164461544295	0.9739250330015113	0.972956177862066	0.970482333915864	0.9692137640854736	0.9737840584549269	0.9701917596998304	0.9727231758753012
0.9736903330436613	1.0	0.9737080714516996	0.9743802039416587	0.9735889440771153	0.9739073395366193	0.9649545939358655	0.9742924300195402	0.967276098196605	0.9732059925841939	0.9747023437522512	0.9718701949431755	0.9729637877256639	0.9742341660561991	0.9827201370193612	0.9679283839005307	0.9766110679315257	0.9643708853690677	0.9711054501834228	0.9730206472907638	0.9705074576565887	0.9743768468326901	0.972899766430698	0.9744015185914152	0.9744293859042258	0.9747347824622055	0.9712104730299581	0.9719302354380295	0.9697000779582625	0.9753419217413579	0.9751927029517897	0.9725566489530887	0.9726215794520683	0.9682684514362061	0.9774178919923103	0.9726931826428632	0.9732023767350086	0.9724738652211176	0.9746554390963615	0.9738801867515733	0.971092182200804	0.9690141848058808	0.9739674609581538	0.972716782181462	0.9731866231245575
0.9732052232434525	0.9737080714516996	1.0	0.9755736611485653	0.9738424964267369	0.9906311468750599	0.9680054419768404	0.9734573695734391	0.9668680115603835	0.9735564990101988	0.9767025844829975	0.9698290334195298	0.9714732801879223	0.9717678965950337	0.9721459548775689	0.9670198642387211	0.971511394374164	0.963605872674253	0.970756521154859	0.9730180957430631	0.9689808420819309	0.9739438457710047	0.971311627696155	0.9768624534760297	0.9709238315415125	0.9725572361708927	0.9728801052844195	0.9704167323454851	0.9708469257050725	0.9970470271334831	0.9708342519496783	0.967141823327395	0.9752336836074369	0.9692825295322511	0.9711506897743843	0.9727768379860503	0.9713821902187926	0.9737927299368284	0.9742614548906455	0.9716385078286334	0.9709015727099666	0.9711587594025174	0.9710654504224466	0.9741404419238522	0.9721231073965375
0.9729275108207601	0.9743802039416587	0.9755736611485653	1.0	0.973552207220663	0.9753169103500925	0.9641275824639157	0.9738659408279823	0.9645289798830644	0.9736903772557715	0.9952406252073276	0.9711479598808707	0.9732034266659261	0.9734412731537092	0.9725678230772691	0.9668684036647419	0.9695815143532327	0.96399579511902	0.9695663354277995	0.9716962085222088	0.9712952733601298	0.9732700034768121	0.9731013390171479	0.9825479704594512	0.9732158410223528	0.9739273320901716	0.9699891053932514	0.9707003778466612	0.9686846144879037	0.9772807768581082	0.9737964728256476	0.9676736997467063	0.9929334536594546	0.9693412815028979	0.9691971418715403	0.9712568062157639	0.9718769503246845	0.9793211522354902	0.9742494111120674	0.9720559464621745	0.9700709756850345	0.9684937406071638	0.973465873835589	0.9824306133716468	0.972692940535807
0.9742188223251297	0.9735889440771153	0.9738424964267369	0.973552207220663	1.0	0.9726424770949135	0.9660736017192574	0.9722463746507121	0.9648622239643175	0.9951982622130436	0.9741174840747824	0.9705758313618488	0.9727543994373085	0.972966514615068	0.9724063825475557	0.9666798258943242	0.9699069230390379	0.9644655114340158	0.9705589669930844	0.9729292025933537	0.970426680596146	0.9729074972395191	0.9725677801359035	0.9733599428660062	0.9722693905121561	0.9744197982957822	0.9711288445156959	0.9715306273252499	0.9729502823006776	0.9744055883797461	0.9722487641830156	0.9669594143614052	0.9718033911380373	0.9692424132624987	0.9700353197038424	0.9728878936837204	0.9742469377409196	0.9718063999573643	0.9752693536864557	0.9729530034272371	0.9726264656816136	0.9697230962206509	0.9725077075066642	0.9709013456631761	0.9730118964175803
0.972168404178408	0.9739073395366193	0.9906311468750599	0.9753169103500925	0.9726424770949135	1.0	0.9673747984729645	0.9734040384169087	0.9658859035690202	0.9726705533141691	0.9758124873317223	0.9708653894003757	0.9717931155393932	0.9724162406528876	0.9726826984975862	0.9665551496282823	0.9705250330211712	0.9649400943165283	0.9682055602815993	0.9717525168701612	0.9685580966558381	0.973401460399913	0.9718438331500575	0.9772498634544083	0.9720098530487871	0.9723428102448723	0.970376325110899	0.9704300459830688	0.9700431087831856	0.9921191689140485	0.9719498427014864	0.9673783662300874	0.973136801781397	0.9679126599431496	0.9711552998518957	0.9714789873126664	0.9718505061302539	0.9733026975153715	0.9729840929877658	0.9717891472534911	0.9694555070058177	0.9700412485636337	0.9716658556539879	0.9736576086837863	0.972389836671656
0.9653321465538294	0.9649545939358655	0.9680054419768404	0.9641275824639157	0.9660736017192574	0.9673747984729645	1.0	0.9669661169926926	0.9640222591532764	0.9665201762897325	0.9648297598507792	0.9657327378072856	0.9646323558358716	0.966375369404152	0.9644163575720687	0.96655388413293	0.9671501286898296	0.9618768655817455	0.9655380822088375	0.9663740123513765	0.9635143040347571	0.9662666668809988	0.9643820353102679	0.9666547345471445	0.9648240848104258	0.9649061396990657	0.966820355913477	0.9643906316383812	0.9796844227663419	0.9673874695818693	0.9641877022065862	0.9641978665040407	0.9664890855952571	0.9641051060497166	0.9661283923115648	0.9664821307567003	0.9665994130357004	0.9651208753134842	0.9680293505996485	0.9656552379124191	0.9644369816122637	0.9918348279029106	0.9659460715153217	0.963240944824023	0.9661456197453794
0.9722702553618878	0.9742924300195402	0.9734573695734391	0.9738659408279823	0.9722463746507121	0.9734040384169087	0.9669661169926926	1.0	0.9901121946097904	0.9719622051886772	0.9745886863895096	0.9708098092040076	0.9730147607887694	0.9741124201023466	0.9724128701085647	0.9694840771750854	0.9707124101511581	0.9633668664681329	0.9686548451177615	0.9718182088395433	0.9706641735964612	0.9950891165029511	0.9729911605418641	0.9729555560343103	0.9740058469425461	0.9729878021230256	0.9706024942416903	0.9715144338530776	0.9702913760763503	0.9746867057783016	0.9748698012409033	0.9674232648213777	0.9736067440999987	0.9689187196561053	0.9709118241166239	0.9715493234641234	0.9721815451937598	0.9711472061839705	0.9739401243829459	0.9714824827426146	0.9708377521677769	0.9701898689613039	0.9738377044278884	0.9736971091669684	0.9725737997432297
0.9652474023354554	0.967276098196605	0.9668680115603835	0.9645289798830644	0.9648622239643175	0.9658859035690202	0.9640222591532764	0.9901121946097904	1.0	0.9659035866267653	0.9654658868532693	0.9649102402354061	0.9652030903396497	0.9649725689786813	0.9639943858323132	0.9651558282026785	0.9663396757736255	0.9609183627107446	0.9619247322758714	0.9640206539037904	0.965472532360187	0.985921280307001	0.9656579664380612	0.9642534398459883	0.9652023952347669	0.9646012531185189	0.9658230024286377	0.9633164709839255	0.9651321261084428	0.9664242014318328	0.9657544760117657	0.9653722863668694	0.9670396379528815	0.9650790378941537	0.9650051201396547	0.9643969646787329	0.9654910160255241	0.9637263298846929	0.9685886402880266	0.9634443128189403	0.9667587126007322	0.9647521481177364	0.9662311948719116	0.9657611090455411	0.9647437901474349
0.9742602118756823	0.9732059925841939	0.9735564990101988	0.9736903772557715	0.9951982622130436	0.9726705533141691	0.9665201762897325	0.9719622051886772	0.9659035866267653	1.0	0.9733270561507876	0.970336987794505	0.971780562961605	0.9728843120130171	0.9724655372259909	0.9669094383619028	0.9699283541110056	0.9649633456727085	0.9700643941734778	0.9731737812438959	0.9705651385006354	0.9720457131286897	0.9717451982809203	0.9728111429375967	0.9719143687077552	0.9740872873124222	0.9709203482296935	0.9702082809365378	0.9722086133550393	0.9739539204766964	0.9714849153920196	0.9671510081109205	0.9719355830011736	0.9694297825376652	0.9694318309865131	0.9729244200214144	0.9734082944118889	0.9715005931601768	0.9749377083868516	0.972267587049606	0.9739544951515711	0.9689292624331343	0.9723651582083543	0.9704031084336338	0.9728846553297309
0.9745772879612156	0.9747023437522512	0.9767025844829975	0.9952406252073276	0.9741174840747824	0.9758124873317223	0.9648297598507792	0.9745886863895096	0.9654658868532693	0.9733270561507876	1.0	0.9716669064309074	0.973980423502136	0.9735899667656392	0.9735357375877357	0.968257302269572	0.9695436055833058	0.963658431125477	0.9693543128804065	0.9729436104118651	0.97209284547918	0.973499666066597	0.9738107550903284	0.9835784605908158	0.9731395365580666	0.9757157563789146	0.9703521335687628	0.9712243332448312	0.9690572096278223	0.9786792484205178	0.9739378885047363	0.968105014264206	0.9919115960194239	0.9690770354814048	0.9696364464351307	0.9719586649655787	0.9722818675016116	0.9807986153693516	0.9745604759447447	0.9725419441081368	0.9699351191285043	0.9691624007613183	0.9735785083059327	0.9833566238762036	0.9735087879902403
0.971014099834855	0.9718701949431755	0.9698290334195298	0.9711479598808707	0.9705758313618488	0.9708653894003757	0.9657327378072856	0.9708098092040076	0.9649102402354061	0.970336987794505	0.9716669064309074	1.0	0.9729858598664537	0.9712020530755694	0.9710961515128149	0.9661658961551189	0.9690101594121612	0.9642577190254222	0.9696729980974248	0.9708004269693153	0.9691142909216455	0.9711608511115708	0.9728303225200492	0.9724151460705968	0.9721166061765718	0.9716559421053639	0.9680562136938082	0.9707862013017492	0.967792104929812	0.9719563536195343	0.9727685632771788	0.9662597732656727	0.9695407006189989	0.967423406644909	0.9687640143347169	0.9705454245798172	0.9705244896649382	0.9708654594604637	0.9725842139844502	0.9713236318306568	0.9694091450715501	0.9691778996118876	0.972632196824148	0.9692636095707885	0.9726964219116943
0.9727927636737784	0.9729637877256639	0.9714732801879223	0.9732034266659261	0.9727543994373085	0.9717931155393932	0.9646323558358716	0.9730147607887694	0.9652030903396497	0.971780562961605	0.973980423502136	0.9729858598664537	1.0	0.9741550347466453	0.9734913696377074	0.9673866814289439	0.9709969369537985	0.964603305706175	0.9696799522916111	0.9720181691996633	0.9704763904295242	0.9730238931458789	0.9987284951110812	0.9742096421801654	0.9745761968272996	0.9747339009064483	0.970288716556519	0.9736341974236585	0.9685054353045957	0.9737473049747611	0.9752306966922692	0.9668361385120753	0.9709379463013025	0.96768438185971	0.9712298748905336	0.971456000307418	0.9707934376718577	0.9709271081544983	0.9721781561603695	0.9739499189381082	0.9699563483532198	0.9682636398200892	0.9750636867191523	0.9724036036973485	0.9733393508729573
0.973636883129684	0.9742341660561991	0.9717678965950337	0.9734412731537092	0.972966514615068	0.9724162406528876	0.966375369404152	0.9741124201023466	0.9649725689786813	0.9728843120130171	0.9735899667656392	0.9712020530755694	0.9741550347466453	1.0	0.9752008711624182	0.9674943132623347	0.9694479958301024	0.9625800341998269	0.9697057715122098	0.9732962386913245	0.9705718884102943	0.9736043741923217	0.9742180753624269	0.9750976041169604	0.9789202581648566	0.9755089325752916	0.9705610454162878	0.974033991563575	0.9690147692140418	0.9739601555386213	0.9782756704584777	0.9650626778435353	0.9706637973558085	0.9676775118860457	0.9700017932524148	0.9727010848853419	0.9726641243848377	0.9717114790674718	0.9737276903536302	0.9741192330211068	0.9701571233191791	0.9700229090617537	0.9777718032597461	0.9721418784046251	0.9734999787807077
0.9727942468291656	0.9827201370193612	0.9721459548775689	0.9725678230772691	0.9724063825475557	0.9726826984975862	0.9644163575720687	0.9724128701085647	0.9639943858323132	0.9724655372259909	0.9735357375877357	0.9710961515128149	0.9734913696377074	0.9752008711624182	1.0	0.9669974080956653	0.9772299079294519	0.9643731010148059	0.9692956468327242	0.973240156189713	0.9703222557067509	0.971968493942405	0.9733952175512821	0.9738755306558077	0.973308303847757	0.9740713500481283	0.9702799137904082	0.9729380534162494	0.9670330689164846	0.9744549228068747	0.9745256730903001	0.9737536339495069	0.9704250244030945	0.9683704850795457	0.9779153415123757	0.9728043576377948	0.9714217442703748	0.9716118163745108	0.9726680569246423	0.9733630295353086	0.969911824409572	0.9688586810985513	0.9739305709097085	0.9724585079754492	0.9733248584045843
0.9668997925672745	0.9679283839005307	0.9670198642387211	0.9668684036647419	0.9666798258943242	0.9665551496282823	0.96655388413293	0.9694840771750854	0.9651558282026785	0.9669094383619028	0.968257302269572	0.9661658961551189	0.9673866814289439	0.9674943132623347	0.9669974080956653	1.0	0.9653006591268416	0.9612824014129402	0.9656587591286289	0.9671570514799378	0.9630001496486585	0.967985175111855	0.9674619855789959	0.9673453444755283	0.9671645193038183	0.9669938836159224	0.9683421452304761	0.9650968657722733	0.9678999130154551	0.967785609970106	0.9673545058186416	0.9634755498066833	0.9682195038081413	0.9634281140954989	0.965630202547589	0.9673799543855117	0.9674664273356923	0.9646501049953783	0.9694225002855479	0.9668589097016995	0.9658464143153973	0.9700100926651711	0.9681306539109188	0.9658037112668271	0.9680149973256577
0.9715841813008541	0.9766110679315257	0.971511394374164	0.9695815143532327	0.9699069230390379	0.9705250330211712	0.9671501286898296	0.9707124101511581	0.9663396757736255	0.9699283541110056	0.9695436055833058	0.9690101594121612	0.9709969369537985	0.9694479958301024	0.9772299079294519	0.9653006591268416	1.0	0.963630271228748	0.9684882449975712	0.971925977204802	0.9659305880619347	0.9704293363439532	0.9711867550217567	0.9689412224631938	0.9701531479969142	0.9706032811318823	0.9714406771048296	0.9679305806479764	0.969229175849087	0.971092497021845	0.9705654758155486	0.989047227644144	0.9707750573705982	0.9669888986214229	0.9953114613278142	0.9721483392715224	0.9701092236780029	0.9682698218349103	0.9725846432632975	0.9698211427836464	0.9713161479638102	0.9701030689503498	0.9709120443481155	0.968155342308038	0.9717719918812777
0.9641049719975806	0.9643708853690677	0.963605872674253	0.96399579511902	0.9644655114340158	0.9649400943165283	0.9618768655817455	0.9633668664681329	0.9609183627107446	0.9649633456727085	0.963658431125477	0.9642577190254222	0.964603305706175	0.9625800341998269	0.9643731010148059	0.9612824014129402	0.963630271228748	1.0	0.9758454393724981	0.9628587251163386	0.9625432959994527	0.9621296369753832	0.9640688997847765	0.9636677540320836	0.9620089301751202	0.963586877287745	0.9633319997753207	0.960976412736752	0.9618181620886971	0.9643747124958444	0.9632996102367576	0.9608956980249317	0.9637471046856356	0.9621762726947244	0.9629783353301662	0.9628819270740183	0.9626530947531301	0.9618382116633557	0.9654711785270932	0.9628651696868301	0.9628698593181844	0.9620848619505685	0.9631909417914377	0.9630999471718579	0.9635068838159333
0.9699066298636708	0.9711054501834228	0.970756521154859	0.9695663354277995	0.9705589669930844	0.9682055602815993	0.9655380822088375	0.9686548451177615	0.9619247322758714	0.9700643941734778	0.9693543128804065	0.9696729980974248	0.9696799522916111	0.9697057715122098	0.9692956468327242	0.9656587591286289	0.9684882449975712	0.9758454393724981	1.0	0.9707260223592947	0.9661014305494511	0.9684877218515983	0.9696246421093793	0.9691130926731882	0.9686396903227097	0.9693562313872267	0.9699544317037875	0.9688167680187857	0.9681179375001121	0.9703265956243882	0.9697053674182761	0.9652329276291913	0.9695873232584737	0.9666992224774603	0.9694923998720689	0.9708395744938374	0.9698136261013046	0.967890027875406	0.9720870906692554	0.9687331101471435	0.9682409769291	0.9680829610576219	0.9698327527765856	0.968020415080565	0.9697037341684995
0.973178957632035	0.9730206472907638	0.9730180957430631	0.9716962085222088	0.9729292025933537	0.9717525168701612	0.9663740123513765	0.9718182088395433	0.9640206539037904	0.9731737812438959	0.9729436104118651	0.9708004269693153	0.9720181691996633	0.9732962386913245	0.973240156189713	0.9671570514799378	0.971925977204802	0.9628587251163386	0.9707260223592947	1.0	0.9700229090617537	0.9709428606135388	0.9716450169517448	0.9723053295622783	0.9711527723672642	0.9727861412052103	0.9714488081512995	0.9716711855240577	0.9699350335750392	0.9731109998853469	0.9717590952712929	0.9687721929474655	0.9720513788721427	0.969289178615127	0.9724407244300883	0.9980063975251597	0.9717320313414533	0.9707863264256054	0.9731596413417418	0.971721660649134	0.9790257389753239	0.9707119133793412	0.971974424135286	0.9696016987535206	0.9717970763290904
0.970343693479557	0.9705074576565887	0.9689808420819309	0.9712952733601298	0.970426680596146	0.9685580966558381	0.9635143040347571	0.9706641735964612	0.965472532360187	0.9705651385006354	0.97209284547918	0.9691142909216455	0.9704763904295242	0.9705718884102943	0.9703222557067509	0.9630001496486585	0.9659305880619347	0.9625432959994527	0.9661014305494511	0.9700229090617537	1.0	0.970146695054212	0.9699874910589923	0.9713867099544107	0.9703389361934934	0.9715447260456914	0.9676972471334858	0.9695763361261923	0.965950100934628	0.9704989103037933	0.9696363652174501	0.9628522773728538	0.9697069475659493	0.9896893100848869	0.9659277546093757	0.9696972416815435	0.9688589596404067	0.9691387241079348	0.9709462874348214	0.9692979101781858	0.9676209570653943	0.9656872369129597	0.9709586730532233	0.9688985677551204	0.9698306495463908
0.9725871240203201	0.9743768468326901	0.9739438457710047	0.9732700034768121	0.9729074972395191	0.973401460399913	0.9662666668809988	0.9950891165029511	0.985921280307001	0.9720457131286897	0.973499666066597	0.9711608511115708	0.9730238931458789	0.9736043741923217	0.971968493942405	0.967985175111855	0.9704293363439532	0.9621296369753832	0.9684877218515983	0.9709428606135388	0.970146695054212	1.0	0.9733173808134745	0.9729275752115754	0.9742089469690166	0.9732240144292797	0.9707783114335385	0.971528093784278	0.9702538703056773	0.9752600316373723	0.9748261591326667	0.9668088598736846	0.9724382025130444	0.9681249494714625	0.9704504964388815	0.9710545311419048	0.9726813313448358	0.9703572572660132	0.9731706591987714	0.9714169549954423	0.9706950756714143	0.9702501876348117	0.9738225043048275	0.972742049373254	0.9729629285953244
0.9729322170049842	0.972899766430698	0.971311627696155	0.9731013390171479	0.9725677801359035	0.9718438331500575	0.9643820353102679	0.9729911605418641	0.9656579664380612	0.9717451982809203	0.9738107550903284	0.9728303225200492	0.9987284951110812	0.9742180753624269	0.9733952175512821	0.9674619855789959	0.9711867550217567	0.9640688997847765	0.9696246421093793	0.9716450169517448	0.9699874910589923	0.9733173808134745	1.0	0.9745015555385086	0.9742266230986911	0.9747259729097251	0.969728142940642	0.9731133404641933	0.9685860869942879	0.9739224378965841	0.97463756481959	0.9665566028377878	0.970710404657845	0.967705165002706	0.971095696120707	0.9715474419192157	0.9710654744558492	0.970795497505978	0.9720999582585655	0.973358342423469	0.969805361048799	0.9680835894657941	0.9742960401994956	0.9722865221811252	0.9734416107780752
0.9743464635715754	0.9744015185914152	0.9768624534760297	0.9825479704594512	0.9733599428660062	0.9772498634544083	0.9666547345471445	0.9729555560343103	0.9642534398459883	0.9728111429375967	0.9835784605908158	0.9724151460705968	0.9742096421801654	0.9750976041169604	0.9738755306558077	0.9673453444755283	0.9689412224631938	0.9636677540320836	0.9691130926731882	0.9723053295622783	0.9713867099544107	0.9729275752115754	0.9745015555385086	1.0	0.9737873264075174	0.9755342362368548	0.9713349026088528	0.9719547604805022	0.9695262397624073	0.9792949818390259	0.9730406664345915	0.9653506515947706	0.9801154486178089	0.9682627407123489	0.9694283106838918	0.9715111479852112	0.9717375683463015	0.9897537446506506	0.9743968946758954	0.9733521626587293	0.9703699209629874	0.969577199465209	0.9734663110834566	0.9811429537873136	0.9731126854419784
0.9735270815214399	0.9744293859042258	0.9709238315415125	0.9732158410223528	0.9722693905121561	0.9720098530487871	0.9648240848104258	0.9740058469425461	0.9652023952347669	0.9719143687077552	0.9731395365580666	0.9721166061765718	0.9745761968272996	0.9789202581648566	0.973308303847757	0.9671645193038183	0.9701531479969142	0.9620089301751202	0.9686396903227097	0.9711527723672642	0.9703389361934934	0.9742089469690166	0.9742266230986911	0.9737873264075174	1.0	0.9756937994822182	0.970647872485897	0.9730352509117518	0.9675560655029812	0.973183996429336	0.9928854252607773	0.966330777920516	0.9706632033970131	0.9678119261635516	0.9698157731398416	0.9706266370464931	0.9720819080331973	0.9710020263710484	0.9740220485611003	0.9734229708607152	0.9705618788703466	0.9693067517710012	0.9972063991165171	0.9710755462602781	0.9732291841466814
0.9978663820661279	0.9747347824622055	0.9725572361708927	0.9739273320901716	0.9744197982957822	0.9723428102448723	0.9649061396990657	0.9729878021230256	0.9646012531185189	0.9740872873124222	0.9757157563789146	0.9716559421053639	0.9747339009064483	0.9755089325752916	0.9740713500481283	0.9669938836159224	0.9706032811318823	0.963586877287745	0.9693562313872267	0.9727861412052103	0.9715447260456914	0.9732240144292797	0.9747259729097251	0.9755342362368548	0.9756937994822182	1.0	0.9717376742843329	0.9723502741805444	0.9690188603869982	0.9751651682627257	0.9753348230748109	0.9663312095486434	0.9713391455402481	0.9683526725165319	0.9713192602943249	0.9717373606203208	0.9730350624871494	0.9734358730966497	0.9732295556460695	0.9746463536597123	0.9693763959417944	0.9687383087484998	0.9752846517493247	0.9717349022661967	0.9739589844523762
0.9726998631768986	0.9712104730299581	0.9728801052844195	0.9699891053932514	0.9711288445156959	0.970376325110899	0.966820355913477	0.9706024942416903	0.9658230024286377	0.9709203482296935	0.9703521335687628	0.9680562136938082	0.970288716556519	0.9705610454162878	0.9702799137904082	0.9683421452304761	0.9714406771048296	0.9633319997753207	0.9699544317037875	0.9714488081512995	0.9676972471334858	0.9707783114335385	0.969728142940642	0.9713349026088528	0.970647872485897	0.9717376742843329	1.0	0.9692551719225011	0.9693454722281748	0.9726101590862253	0.970900615881428	0.9669268829420037	0.9708936369817931	0.9674876285865031	0.9701888124319611	0.9714803206569975	0.9717210319655354	0.9690606849854758	0.972831006364334	0.9713724590705749	0.9693193366045941	0.9695565003279069	0.9709719918044915	0.9684787105647293	0.9706538750391472
0.9706552154196274	0.9719302354380295	0.9704167323454851	0.9707003778466612	0.9715306273252499	0.9704300459830688	0.9643906316383812	0.9715144338530776	0.9633164709839255	0.9702082809365378	0.9712243332448312	0.9707862013017492	0.9736341974236585	0.974033991563575	0.9729380534162494	0.9650968657722733	0.9679305806479764	0.960976412736752	0.9688167680187857	0.9716711855240577	0.9695763361261923	0.971528093784278	0.9731133404641933	0.9719547604805022	0.9730352509117518	0.9723502741805444	0.9692551719225011	1.0	0.9682175345124774	0.9728137682176933	0.9740793955701846	0.9638056361121198	0.9682790105911028	0.9673869827038712	0.9682623127503017	0.970823979937473	0.9695670215194957	0.9693900497243291	0.9718492663045482	0.9714730578796141	0.9675092024600471	0.9687708342511767	0.9735045427330701	0.9693718089054749	0.97259736941332
0.9698628960907179	0.9697000779582625	0.9708469257050725	0.9686846144879037	0.9729502823006776	0.9700431087831856	0.9796844227663419	0.9702913760763503	0.9651321261084428	0.9722086133550393	0.9690572096278223	0.967792104929812	0.9685054353045957	0.9690147692140418	0.9670330689164846	0.9678999130154551	0.969229175849087	0.9618181620886971	0.9681179375001121	0.9699350335750392	0.965950100934628	0.9702538703056773	0.9685860869942879	0.9695262397624073	0.9675560655029812	0.9690188603869982	0.9693454722281748	0.9682175345124774	1.0	0.9706995093257282	0.9671747588492737	0.966388219154056	0.9706421936918344	0.9662237265971608	0.9690761098154904	0.9699066859016336	0.9704795216083257	0.9675150740722335	0.9711218335027301	0.9689624879120067	0.967323835181113	0.9817332032495358	0.9687426173490709	0.966691785233253	0.9697390142662337
0.9746382856461825	0.9753419217413579	0.9970470271334831	0.9772807768581082	0.9744055883797461	0.9921191689140485	0.9673874695818693	0.9746867057783016	0.9664242014318328	0.9739539204766964	0.9786792484205178	0.9719563536195343	0.9737473049747611	0.9739601555386213	0.9744549228068747	0.967785609970106	0.971092497021845	0.9643747124958444	0.9703265956243882	0.9731109998853469	0.9704989103037933	0.9752600316373723	0.9739224378965841	0.9792949818390259	0.973183996429336	0.9751651682627257	0.9726101590862253	0.9728137682176933	0.9706995093257282	1.0	0.9727032297342033	0.9670022533471945	0.9752671606595827	0.9691507904785746	0.9710955274519294	0.9728731709381816	0.9716691270960026	0.9759673847072884	0.974425772959807	0.9735382108074823	0.9706259815002779	0.9710566307185987	0.9726555455093236	0.97671829443522	0.9742100756527774
0.9738030515803168	0.9751927029517897	0.9708342519496783	0.9737964728256476	0.9722487641830156	0.9719498427014864	0.9641877022065862	0.9748698012409033	0.9657544760117657	0.9714849153920196	0.9739378885047363	0.9727685632771788	0.9752306966922692	0.9782756704584777	0.9745256730903001	0.9673545058186416	0.9705654758155486	0.9632996102367576	0.9697053674182761	0.9717590952712929	0.9696363652174501	0.9748261591326667	0.97463756481959	0.9730406664345915	0.9928854252607773	0.9753348230748109	0.970900615881428	0.9740793955701846	0.9671747588492737	0.9727032297342033	1.0	0.9670477740208537	0.971005024458441	0.9681636909090521	0.9707599987675316	0.9710851492043028	0.9731336959689522	0.9705278549552652	0.9740236679728188	0.9735041925480528	0.9713034959656657	0.968882784951794	0.9928612197148623	0.9716202838689061	0.9726816713790012
0.9671982122708367	0.9725566489530887	0.967141823327395	0.9676736997467063	0.9669594143614052	0.9673783662300874	0.9641978665040407	0.9674232648213777	0.9653722863668694	0.9671510081109205	0.968105014264206	0.9662597732656727	0.9668361385120753	0.9650626778435353	0.9737536339495069	0.9634755498066833	0.989047227644144	0.9608956980249317	0.9652329276291913	0.9687721929474655	0.9628522773728538	0.9668088598736846	0.9665566028377878	0.9653506515947706	0.966330777920516	0.9663312095486434	0.9669268829420037	0.9638056361121198	0.966388219154056	0.9670022533471945	0.9670477740208537	1.0	0.9691671794767535	0.9643216646358763	0.9879642463197601	0.9689536431395628	0.9669482386281266	0.9652961136088636	0.9684225733649329	0.9658347600893291	0.9680546570599535	0.9660302936627926	0.9671815933829407	0.9665697999939208	0.9671943194805991
0.9717253309165954	0.9726215794520683	0.9752336836074369	0.9929334536594546	0.9718033911380373	0.973136801781397	0.9664890855952571	0.9736067440999987	0.9670396379528815	0.9719355830011736	0.9919115960194239	0.9695407006189989	0.9709379463013025	0.9706637973558085	0.9704250244030945	0.9682195038081413	0.9707750573705982	0.9637471046856356	0.9695873232584737	0.9720513788721427	0.9697069475659493	0.9724382025130444	0.970710404657845	0.9801154486178089	0.9706632033970131	0.9713391455402481	0.9708936369817931	0.9682790105911028	0.9706421936918344	0.9752671606595827	0.971005024458441	0.9691671794767535	1.0	0.969743102963881	0.9700025818555701	0.9717302743847434	0.9719339412129597	0.9788465012515843	0.9736420002215562	0.9698992724549069	0.9707101504826944	0.9701789340622479	0.971564940670731	0.9805763621421293	0.9712711413381566
0.9686407203878301	0.9682684514362061	0.9692825295322511	0.9693412815028979	0.9692424132624987	0.9679126599431496	0.9641051060497166	0.9689187196561053	0.9650790378941537	0.9694297825376652	0.9690770354814048	0.967423406644909	0.96768438185971	0.9676775118860457	0.9683704850795457	0.9634281140954989	0.9669888986214229	0.9621762726947244	0.9666992224774603	0.969289178615127	0.9896893100848869	0.9681249494714625	0.967705165002706	0.9682627407123489	0.9678119261635516	0.9683526725165319	0.9674876285865031	0.9673869827038712	0.9662237265971608	0.9691507904785746	0.9681636909090521	0.9643216646358763	0.969743102963881	1.0	0.9669024094044806	0.9692087547463416	0.9690431447493036	0.9668720709464699	0.9709133633140916	0.9673905137489406	0.9688143139977159	0.965860514215093	0.9690639734156233	0.9670840928495918	0.9680585997612998
0.9718003405996762	0.9774178919923103	0.9711506897743843	0.9691971418715403	0.9700353197038424	0.9711552998518957	0.9661283923115648	0.9709118241166239	0.9650051201396547	0.9694318309865131	0.9696364464351307	0.9687640143347169	0.9712298748905336	0.9700017932524148	0.9779153415123757	0.965630202547589	0.9953114613278142	0.9629783353301662	0.9694923998720689	0.9724407244300883	0.9659277546093757	0.9704504964388815	0.971095696120707	0.9694283106838918	0.9698157731398416	0.9713192602943249	0.9701888124319611	0.9682623127503017	0.9690761098154904	0.9710955274519294	0.9707599987675316	0.9879642463197601	0.9700025818555701	0.9669024094044806	1.0	0.9714402727848709	0.9705346943127019	0.9685566112967559	0.9726384352228027	0.9704918984137479	0.9702312823546393	0.9702406270436978	0.9704183536439179	0.9678799963657025	0.9720295721867162
0.9723845401092496	0.9726931826428632	0.9727768379860503	0.9712568062157639	0.9728878936837204	0.9714789873126664	0.9664821307567003	0.9715493234641234	0.9643969646787329	0.9729244200214144	0.9719586649655787	0.9705454245798172	0.971456000307418	0.9727010848853419	0.9728043576377948	0.9673799543855117	0.9721483392715224	0.9628819270740183	0.9708395744938374	0.9980063975251597	0.9696972416815435	0.9710545311419048	0.9715474419192157	0.9715111479852112	0.9706266370464931	0.9717373606203208	0.9714803206569975	0.970823979937473	0.9699066859016336	0.9728731709381816	0.9710851492043028	0.9689536431395628	0.9717302743847434	0.9692087547463416	0.9714402727848709	1.0	0.9721670420875966	0.970090640028224	0.9735539732865738	0.9713793946350412	0.9791076777879104	0.9707395585712315	0.971459094438941	0.9691870379257598	0.9710360577312973
0.9737496559733824	0.9732023767350086	0.9713821902187926	0.9718769503246845	0.9742469377409196	0.9718505061302539	0.9665994130357004	0.9721815451937598	0.9654910160255241	0.9734082944118889	0.9722818675016116	0.9705244896649382	0.9707934376718577	0.9726641243848377	0.9714217442703748	0.9674664273356923	0.9701092236780029	0.9626530947531301	0.9698136261013046	0.9717320313414533	0.9688589596404067	0.9726813313448358	0.9710654744558492	0.9717375683463015	0.9720819080331973	0.9730350624871494	0.9717210319655354	0.9695670215194957	0.9704795216083257	0.9716691270960026	0.9731336959689522	0.9669482386281266	0.9719339412129597	0.9690431447493036	0.9705346943127019	0.9721670420875966	1.0	0.9709390570536086	0.9744288289927588	0.9832471969794295	0.969764690193228	0.9706244757968848	0.9724198060711458	0.9703967556738728	0.9725196792943792
0.9729164461544295	0.9724738652211176	0.9737927299368284	0.9793211522354902	0.9718063999573643	0.9733026975153715	0.9651208753134842	0.9711472061839705	0.9637263298846929	0.9715005931601768	0.9807986153693516	0.9708654594604637	0.9709271081544983	0.9717114790674718	0.9716118163745108	0.9646501049953783	0.9682698218349103	0.9618382116633557	0.967890027875406	0.9707863264256054	0.9691387241079348	0.9703572572660132	0.970795497505978	0.9897537446506506	0.9710020263710484	0.9734358730966497	0.9690606849854758	0.9693900497243291	0.9675150740722335	0.9759673847072884	0.9705278549552652	0.9652961136088636	0.9788465012515843	0.9668720709464699	0.9685566112967559	0.970090640028224	0.9709390570536086	1.0	0.9727919506516823	0.9711608511115708	0.9699010795245859	0.9675380756880447	0.9708488494132279	0.9779990323281009	0.9709374052006073
0.9739250330015113	0.9746554390963615	0.9742614548906455	0.9742494111120674	0.9752693536864557	0.9729840929877658	0.9680293505996485	0.9739401243829459	0.9685886402880266	0.9749377083868516	0.9745604759447447	0.9725842139844502	0.9721781561603695	0.9737276903536302	0.9726680569246423	0.9694225002855479	0.9725846432632975	0.9654711785270932	0.9720870906692554	0.9731596413417418	0.9709462874348214	0.9731706591987714	0.9720999582585655	0.9743968946758954	0.9740220485611003	0.9732295556460695	0.972831006364334	0.9718492663045482	0.9711218335027301	0.974425772959807	0.9740236679728188	0.9684225733649329	0.9736420002215562	0.9709133633140916	0.9726384352228027	0.9735539732865738	0.9744288289927588	0.9727919506516823	1.0	0.9721183426031099	0.9718494985637135	0.9725004777584261	0.9745450954267311	0.9720019283411839	0.973516332371271
0.972956177862066	0.9738801867515733	0.9716385078286334	0.9720559464621745	0.9729530034272371	0.9717891472534911	0.9656552379124191	0.9714824827426146	0.9634443128189403	0.972267587049606	0.9725419441081368	0.9713236318306568	0.9739499189381082	0.9741192330211068	0.9733630295353086	0.9668589097016995	0.9698211427836464	0.9628651696868301	0.9687331101471435	0.971721660649134	0.9692979101781858	0.9714169549954423	0.973358342423469	0.9733521626587293	0.9734229708607152	0.9746463536597123	0.9713724590705749	0.9714730578796141	0.9689624879120067	0.9735382108074823	0.9735041925480528	0.9658347600893291	0.9698992724549069	0.9673905137489406	0.9704918984137479	0.9713793946350412	0.9832471969794295	0.9711608511115708	0.9721183426031099	1.0	0.9691863955492753	0.9691632532616115	0.9733257021364201	0.9712813372403334	0.9733269801802124
0.970482333915864	0.971092182200804	0.9709015727099666	0.9700709756850345	0.9726264656816136	0.9694555070058177	0.9644369816122637	0.9708377521677769	0.9667587126007322	0.9739544951515711	0.9699351191285043	0.9694091450715501	0.9699563483532198	0.9701571233191791	0.969911824409572	0.9658464143153973	0.9713161479638102	0.9628698593181844	0.9682409769291	0.9790257389753239	0.9676209570653943	0.9706950756714143	0.969805361048799	0.9703699209629874	0.9705618788703466	0.9693763959417944	0.9693193366045941	0.9675092024600471	0.967323835181113	0.9706259815002779	0.9713034959656657	0.9680546570599535	0.9707101504826944	0.9688143139977159	0.9702312823546393	0.9791076777879104	0.969764690193228	0.9699010795245859	0.9718494985637135	0.9691863955492753	1.0	0.9684048313373563	0.9709832928746297	0.969947572982251	0.968908735537977
