/home/jshaw/scratch/2022_sketched_distance/references/SGB_genome_fastas_part5/15878/BritoIL_2016__W3.22.SA__bin.45.fa	/home/jshaw/scratch/2022_sketched_distance/references/SGB_genome_fastas_part5/15878/ChngKR_2016__WBU008__bin.3.fa	/home/jshaw/scratch/2022_sketched_distance/references/SGB_genome_fastas_part5/15878/CM_periimplantitis__SP_384SPT_T016__bin.8.fa	/home/jshaw/scratch/2022_sketched_distance/references/SGB_genome_fastas_part5/15878/HMP_2012__SRS012285__bin.52.fa	/home/jshaw/scratch/2022_sketched_distance/references/SGB_genome_fastas_part5/15878/HMP_2012__SRS013945__bin.12.fa	/home/jshaw/scratch/2022_sketched_distance/references/SGB_genome_fastas_part5/15878/HMP_2012__SRS015060__bin.5.fa	/home/jshaw/scratch/2022_sketched_distance/references/SGB_genome_fastas_part5/15878/HMP_2012__SRS015803__bin.15.fa	/home/jshaw/scratch/2022_sketched_distance/references/SGB_genome_fastas_part5/15878/HMP_2012__SRS015899__bin.22.fa	/home/jshaw/scratch/2022_sketched_distance/references/SGB_genome_fastas_part5/15878/HMP_2012__SRS015921__bin.6.fa	/home/jshaw/scratch/2022_sketched_distance/references/SGB_genome_fastas_part5/15878/HMP_2012__SRS015947__bin.2.fa	/home/jshaw/scratch/2022_sketched_distance/references/SGB_genome_fastas_part5/15878/HMP_2012__SRS015985__bin.6.fa	/home/jshaw/scratch/2022_sketched_distance/references/SGB_genome_fastas_part5/15878/HMP_2012__SRS015989__bin.15.fa	/home/jshaw/scratch/2022_sketched_distance/references/SGB_genome_fastas_part5/15878/HMP_2012__SRS016092__bin.14.fa	/home/jshaw/scratch/2022_sketched_distance/references/SGB_genome_fastas_part5/15878/HMP_2012__SRS018337__bin.16.fa	/home/jshaw/scratch/2022_sketched_distance/references/SGB_genome_fastas_part5/15878/HMP_2012__SRS018569__bin.1.fa	/home/jshaw/scratch/2022_sketched_distance/references/SGB_genome_fastas_part5/15878/HMP_2012__SRS018573__bin.10.fa	/home/jshaw/scratch/2022_sketched_distance/references/SGB_genome_fastas_part5/15878/HMP_2012__SRS018778__bin.2.fa	/home/jshaw/scratch/2022_sketched_distance/references/SGB_genome_fastas_part5/15878/HMP_2012__SRS018975__bin.26.fa	/home/jshaw/scratch/2022_sketched_distance/references/SGB_genome_fastas_part5/15878/HMP_2012__SRS019333__bin.8.fa	/home/jshaw/scratch/2022_sketched_distance/references/SGB_genome_fastas_part5/15878/HMP_2012__SRS019591__bin.34.fa	/home/jshaw/scratch/2022_sketched_distance/references/SGB_genome_fastas_part5/15878/HMP_2012__SRS019906__bin.36.fa	/home/jshaw/scratch/2022_sketched_distance/references/SGB_genome_fastas_part5/15878/HMP_2012__SRS019980__bin.58.fa	/home/jshaw/scratch/2022_sketched_distance/references/SGB_genome_fastas_part5/15878/HMP_2012__SRS021960__bin.24.fa	/home/jshaw/scratch/2022_sketched_distance/references/SGB_genome_fastas_part5/15878/HMP_2012__SRS022083__bin.22.fa	/home/jshaw/scratch/2022_sketched_distance/references/SGB_genome_fastas_part5/15878/HMP_2012__SRS024381__bin.12.fa	/home/jshaw/scratch/2022_sketched_distance/references/SGB_genome_fastas_part5/15878/HMP_2012__SRS043239__bin.8.fa	/home/jshaw/scratch/2022_sketched_distance/references/SGB_genome_fastas_part5/15878/HMP_2012__SRS043676__bin.3.fa	/home/jshaw/scratch/2022_sketched_distance/references/SGB_genome_fastas_part5/15878/HMP_2012__SRS043755__bin.13.fa	/home/jshaw/scratch/2022_sketched_distance/references/SGB_genome_fastas_part5/15878/HMP_2012__SRS043803__bin.1.fa	/home/jshaw/scratch/2022_sketched_distance/references/SGB_genome_fastas_part5/15878/HMP_2012__SRS044366__bin.1.fa	/home/jshaw/scratch/2022_sketched_distance/references/SGB_genome_fastas_part5/15878/HMP_2012__SRS051930__bin.3.fa	/home/jshaw/scratch/2022_sketched_distance/references/SGB_genome_fastas_part5/15878/HMP_2012__SRS052876__bin.53.fa	/home/jshaw/scratch/2022_sketched_distance/references/SGB_genome_fastas_part5/15878/HMP_2012__SRS053630__bin.6.fa	/home/jshaw/scratch/2022_sketched_distance/references/SGB_genome_fastas_part5/15878/HMP_2012__SRS055401__bin.42.fa	/home/jshaw/scratch/2022_sketched_distance/references/SGB_genome_fastas_part5/15878/HMP_2012__SRS056157__bin.2.fa	/home/jshaw/scratch/2022_sketched_distance/references/SGB_genome_fastas_part5/15878/HMP_2012__SRS056892__bin.11.fa	/home/jshaw/scratch/2022_sketched_distance/references/SGB_genome_fastas_part5/15878/HMP_2012__SRS058186__bin.5.fa	/home/jshaw/scratch/2022_sketched_distance/references/SGB_genome_fastas_part5/15878/HMP_2012__SRS058808__bin.31.fa	/home/jshaw/scratch/2022_sketched_distance/references/SGB_genome_fastas_part5/15878/OhJ_2014__MET0103__bin.1.fa	/home/jshaw/scratch/2022_sketched_distance/references/SGB_genome_fastas_part5/15878/OhJ_2014__MET0223__bin.33.fa	/home/jshaw/scratch/2022_sketched_distance/references/SGB_genome_fastas_part5/15878/OhJ_2014__MET0313__bin.5.fa
1.0	0.960997679263555	0.9724494768259048	0.9707277683667567	0.9658039465639469	0.9723094449891854	0.9763300121670974	0.969064784400368	0.9655872634083903	0.9779623281390689	0.977873757907834	0.9758931126213382	0.9788063274434708	0.9717788695153223	0.9570790908189444	0.9613446671370163	0.9785756730675015	0.9672705396047707	0.972658396848929	0.96113947414167	0.9795448898863597	0.9650646293910284	0.9717184322843389	0.9701703980062052	0.9687830478550619	0.9730722413307078	0.9677951648106491	0.9563692208975837	0.9734495115064479	0.9718873399396639	0.9688702783773386	0.9643750489697926	0.9798523978408911	0.9657887587412728	0.9738884302592438	0.9659737437394927	0.9763300121670974	0.9764228751757599	0.9667248088975472	0.9731875920161542	0.9675666315742903
0.960997679263555	1.0	0.9702620223694579	0.9726738011927017	0.9703518562203791	0.9723992073600618	0.963348643850572	0.977757260276895	0.977137547518343	0.9661857823589096	0.9655954958786079	0.9658075570243989	0.9667243839341447	0.968327329482904	0.9586382212463563	0.9616623349949984	0.964292911361233	0.9765361768708495	0.9609326637939053	0.9553192125322664	0.963485250514419	0.9668474083215628	0.9682382277661646	0.9721917245543539	0.9644878114228512	0.9728782310451778	0.9660907305693046	0.96108734757289	0.9614882284102065	0.9598061402350065	0.971947970254382	0.9671570182785674	0.9663524670967089	0.9657887587412728	0.9590606381559335	0.9732284287309171	0.9604867476817965	0.9637116449657006	0.9658335621022645	0.960685728014699	0.968658480121655
0.9724494768259048	0.9702620223694579	1.0	0.9766164911929693	0.9743747475521864	0.9743660318688341	0.9668813738318713	0.9719479439241595	0.9692239996701932	0.9711698340261202	0.970918452127145	0.9713326557966948	0.9704592742531205	0.9717019247494114	0.9678911939953252	0.9701108881930027	0.9686470069033503	0.9694082840916671	0.966095557607537	0.9663412807044313	0.9687755299634607	0.9731405442820599	0.9780182256576985	0.9758919292631738	0.9735079084500872	0.9744981602406537	0.9758538132141775	0.9698075988951774	0.9713105351002019	0.9690583043153912	0.9740819901746892	0.9740490197299938	0.9706677006018717	0.9748409576547612	0.9677421825943319	0.9749542682137842	0.9681063717905991	0.9673566220334023	0.9734291097540415	0.9715149054955905	0.9767199737619718
0.9707277683667567	0.9726738011927017	0.9766164911929693	1.0	0.9783425314116281	0.9783243735755278	0.9672843446123278	0.9731818731328994	0.9720878772846114	0.9718060131459064	0.9711668098656068	0.9717901922512925	0.969094513991408	0.9730256050473299	0.9666688169402289	0.9693221127731783	0.9668845533573758	0.9734648411010504	0.965801942837947	0.9641930057214153	0.9685178240341087	0.9772904380946759	0.9806290021314427	0.997439352239549	0.9728309536788771	0.9770634532512692	0.977062468311708	0.9684220650444282	0.9711690887359874	0.9698756945548387	0.9779012279454199	0.9766453617010008	0.969497509351852	0.9769601466336341	0.9675176214267336	0.9788202591130063	0.967960791621687	0.9691668377589763	0.9762928714325653	0.971646684172904	0.9793435520997146
0.9658039465639469	0.9703518562203791	0.9743747475521864	0.9783425314116281	1.0	0.977061759695636	0.9689633081841538	0.9785671804719462	0.9768601713553337	0.9729240296270052	0.9727332596226134	0.9753777178613398	0.9721151406762256	0.9775933076946369	0.9634432415106682	0.9669681498049827	0.9705571355370749	0.9767589072560402	0.9658986472247684	0.9568356637203929	0.9695596900058	0.9788854474443682	0.9711652731372277	0.978213462296363	0.9660017099316472	0.9769947021390738	0.9721151406762256	0.9610280138501698	0.9655022487465063	0.9650361398982595	0.9766912224606353	0.9667362115482697	0.9720370402791285	0.9686933009675299	0.9642598192359321	0.9757285515464477	0.9670138542206664	0.971524746023991	0.971524746023991	0.9644045361807877	0.970524687444246
0.9723094449891854	0.9723992073600618	0.9743660318688341	0.9783243735755278	0.977061759695636	1.0	0.9667459228611194	0.9733353057890793	0.9711307881396509	0.9709241535791924	0.9707309250677567	0.9711169059813773	0.969853244785125	0.9716117267920561	0.9631077497775976	0.9646936118466166	0.9685029043716998	0.9711801609589479	0.9656911432632094	0.9628315748099521	0.9688396363603188	0.9740928095009495	0.9792252143880296	0.9779807769836769	0.972313799632896	0.981862488739156	0.977545633883653	0.967269165217622	0.9708366235869247	0.9696829446920908	0.9776208645110004	0.979872403193621	0.9700974684959651	0.9790130342743442	0.9693251367042947	0.9780652742879922	0.9683955766546292	0.968773248956283	0.974367973889499	0.9713825883828717	0.9789344125964407
0.9763300121670974	0.963348643850572	0.9668813738318713	0.9672843446123278	0.9689633081841538	0.9667459228611194	1.0	0.9669151478107805	0.9633413139887743	0.9774376348263512	0.9809237700520125	0.9794449842168936	0.9814415340097461	0.9758663558844833	0.9585402322887888	0.9611909868191619	0.9813117907476363	0.9647150354670228	0.9777995564278731	0.968914326717331	0.981659649146752	0.9659434741810372	0.9732527476729038	0.9667459228611194	0.9779981365355656	0.9668137195091931	0.9716099573566581	0.9632643297379804	0.9821339500909886	0.9799678600702374	0.9666030290471348	0.9663098368820278	0.9824613677825941	0.9684318437617929	0.9826397103793251	0.9672149013386371	0.982826859641033	0.9793026109167876	0.9716099573566581	0.97697136881376	0.9711584521185078
0.969064784400368	0.977757260276895	0.9719479439241595	0.9731818731328994	0.9785671804719462	0.9733353057890793	0.9669151478107805	1.0	0.9926834257182542	0.9693124892849788	0.9696796312483577	0.9702392294821419	0.9690022572830677	0.9714910707521288	0.9637560851071267	0.9671079729535317	0.9655910500420851	0.9929150384882952	0.9650559702142306	0.9624689807973762	0.9668587862237163	0.9729529624199059	0.9763928105777742	0.9726098256499895	0.9713884327942294	0.9724968151663234	0.974367973889499	0.9693064427179229	0.9692215483695921	0.9687811798560174	0.9762885087940459	0.9725361620275894	0.9676107554123086	0.9716365523844316	0.9659594843876976	0.977918059283464	0.9660446265106765	0.9670099577931914	0.9732585596978943	0.9700748376272911	0.9782689271961207
0.9655872634083903	0.977137547518343	0.9692239996701932	0.9720878772846114	0.9768601713553337	0.9711307881396509	0.9633413139887743	0.9926834257182542	1.0	0.9651692266132605	0.9659054493576681	0.966109598648802	0.9660102534474877	0.9680506255360091	0.9604194015298518	0.9623203175720012	0.9636873039037754	0.9928558132594935	0.9609990831513245	0.9595818348766181	0.9634570586032704	0.9698283625449267	0.9731401590264265	0.9718512432811741	0.9682948630563487	0.9713425818082353	0.9712116918468925	0.965818725507553	0.9650485006117708	0.9642188199382498	0.9725030612000193	0.97191068741008	0.9655083446041621	0.9707528593041163	0.9648159951702537	0.9779770250854908	0.9632982900913704	0.9630068760886439	0.969452534055121	0.965957585755014	0.9741059437551197
0.9779623281390689	0.9661857823589096	0.9711698340261202	0.9718060131459064	0.9729240296270052	0.9709241535791924	0.9774376348263512	0.9693124892849788	0.9651692266132605	1.0	0.9786711456182273	0.978962727208014	0.9806080292959306	0.9754081921821236	0.9589622966658903	0.9633111226386998	0.9813099965219751	0.9673073651047049	0.974647822289461	0.9690844389441376	0.9812427189705195	0.9720306959460399	0.9766975019457241	0.9714743356473398	0.9770357932196798	0.9706765938637648	0.9733950713875482	0.9651466997152678	0.9789841715761353	0.9792269805096543	0.9705581730778425	0.9677268031173838	0.9808361210974693	0.9707121124523646	0.979329152301495	0.9705283826825873	0.9788804717753683	0.9789186036000519	0.9731557976423818	0.9770085556089049	0.9738181420767821
0.977873757907834	0.9655954958786079	0.970918452127145	0.9711668098656068	0.9727332596226134	0.9707309250677567	0.9809237700520125	0.9696796312483577	0.9659054493576681	0.9786711456182273	1.0	0.9878945140575202	0.9831598038672881	0.9762777830196335	0.9599711442057509	0.9630526087656371	0.983458043132439	0.967154893690277	0.9773896684852665	0.9683551904463562	0.9832239411325095	0.9689533566388019	0.9759820667076422	0.9706995646294896	0.978612340183514	0.9706367524197188	0.9722865426045113	0.9644603360095437	0.9816238986024649	0.9811574494338917	0.9692597551744854	0.9684879114948357	0.9835216000380452	0.9700530846736304	0.9816338535513001	0.9690889066407599	0.9813146407921941	0.9821603100976753	0.9744010077945534	0.9784266983982446	0.9736248468779363
0.9758931126213382	0.9658075570243989	0.9713326557966948	0.9717901922512925	0.9753777178613398	0.9711169059813773	0.9794449842168936	0.9702392294821419	0.966109598648802	0.978962727208014	0.9878945140575202	1.0	0.9818884749829498	0.9775731997239887	0.9590553366405464	0.9628835731732092	0.9814411990852081	0.9682066007332492	0.9760476205557895	0.9682247720496256	0.9811244273377826	0.9724155110216497	0.9755311628529612	0.9713633601663311	0.9771482945817911	0.9709929716839094	0.9724972991500945	0.9637589983343949	0.9799722009303793	0.9799114622732912	0.9699803288406419	0.9685880499159463	0.9816879570514034	0.9699280078212303	0.9795631906874837	0.9704913113114657	0.9792174211421669	0.9809191561479965	0.9740691468684183	0.9768968675880512	0.9739623618305412
0.9788063274434708	0.9667243839341447	0.9704592742531205	0.969094513991408	0.9721151406762256	0.969853244785125	0.9814415340097461	0.9690022572830677	0.9660102534474877	0.9806080292959306	0.9831598038672881	0.9818884749829498	1.0	0.9792495919404469	0.961123809829978	0.9646567196624138	0.9829944706974632	0.9666379306701082	0.9825970305235584	0.9736278278573712	0.984092545071987	0.9697246041999337	0.9779534454908542	0.9685369787294883	0.9796687990879915	0.9698232350902469	0.9742022984784073	0.9662254131953066	0.984508776946394	0.9837422484178091	0.9703026271177165	0.9701970310741892	0.9855744629966126	0.9716365523844316	0.9851910985667802	0.9703798416148118	0.9867402705689664	0.9822876568025524	0.9761054286465914	0.9797857371642136	0.9756903423427576
0.9717788695153223	0.968327329482904	0.9717019247494114	0.9730256050473299	0.9775933076946369	0.9716117267920561	0.9758663558844833	0.9714910707521288	0.9680506255360091	0.9754081921821236	0.9762777830196335	0.9775731997239887	0.9792495919404469	1.0	0.9591481066206684	0.9635097838375888	0.9761817306043676	0.9691737366391392	0.9729494167382523	0.9656410039707082	0.9755212137455566	0.9741230674105785	0.9762222969399316	0.9723558128180483	0.976733875568754	0.971187448955322	0.9730527090119452	0.9650944193985853	0.9757857100722861	0.9754740101258156	0.9717758556073441	0.9686380028945955	0.9786004544379779	0.9711977210276341	0.9767646947523557	0.9724697005896477	0.9763627361851316	0.9750797935656765	0.9734970795539521	0.97331275563783	0.9732837849330129
0.9570790908189444	0.9586382212463563	0.9678911939953252	0.9666688169402289	0.9634432415106682	0.9631077497775976	0.9585402322887888	0.9637560851071267	0.9604194015298518	0.9589622966658903	0.9599711442057509	0.9590553366405464	0.961123809829978	0.9591481066206684	1.0	0.99148154968992	0.9599259712108675	0.9606411980978486	0.9553662614975953	0.9655937728047121	0.9591481066206684	0.9605259647215576	0.9673512594980841	0.9661889062067586	0.9648182694634132	0.9636757553200234	0.9716459216024329	0.9750548369661994	0.9640624912796538	0.9558968046353372	0.9616849518854002	0.9603109136387761	0.9612541790334534	0.9671373813336569	0.9581685652532039	0.9643397397011405	0.9566705071257042	0.9579205684515406	0.9611140634537901	0.9572414257235659	0.9640498675382863
0.9613446671370163	0.9616623349949984	0.9701108881930027	0.9693221127731783	0.9669681498049827	0.9646936118466166	0.9611909868191619	0.9671079729535317	0.9623203175720012	0.9633111226386998	0.9630526087656371	0.9628835731732092	0.9646567196624138	0.9635097838375888	0.99148154968992	1.0	0.962912199406681	0.9637203800182483	0.9589662709071616	0.9683117761739437	0.9620030556284652	0.9645911797798754	0.9714422956799558	0.9684152023953158	0.9691204382592192	0.9654587308055016	0.9742686700998963	0.9764473006220593	0.9653894101672033	0.9616942985452511	0.9659490849040059	0.963450253544474	0.9647672694828501	0.9692099491484087	0.9605642755851441	0.967541666112756	0.9606173831029247	0.9615121136059731	0.9644710974705336	0.962598979269874	0.967390805808729
0.9785756730675015	0.964292911361233	0.9686470069033503	0.9668845533573758	0.9705571355370749	0.9685029043716998	0.9813117907476363	0.9655910500420851	0.9636873039037754	0.9813099965219751	0.983458043132439	0.9814411990852081	0.9829944706974632	0.9761817306043676	0.9599259712108675	0.962912199406681	1.0	0.9652635206437885	0.9803687235164239	0.9705764494690401	0.9866738512020264	0.9676870980041565	0.9751446837937959	0.9662766117406768	0.9781436993068581	0.9666644845828757	0.9728801631459039	0.9644603360095437	0.9847900045092923	0.983134105619428	0.9678724059554489	0.967365379480481	0.9831088346773685	0.9678579813374902	0.9842616381080513	0.9686599614818676	0.9846021080665872	0.9844573260624861	0.9738348094589826	0.9793389823507482	0.9738662865535946
0.9672705396047707	0.9765361768708495	0.9694082840916671	0.9734648411010504	0.9767589072560402	0.9711801609589479	0.9647150354670228	0.9929150384882952	0.9928558132594935	0.9673073651047049	0.967154893690277	0.9682066007332492	0.9666379306701082	0.9691737366391392	0.9606411980978486	0.9637203800182483	0.9652635206437885	1.0	0.9636680026504841	0.960481172293471	0.9650377064746798	0.9716085898659228	0.9732901905560998	0.9725813958950275	0.9687345602053119	0.9711801609589479	0.9716099573566581	0.9663262876804202	0.9661710977701815	0.9657397606144362	0.9743095073253673	0.9715021250620879	0.9667386851802993	0.969465207332914	0.9646316701089377	0.9764698866757578	0.9637171764065243	0.9645105422287895	0.9704747749729367	0.9678854484387733	0.9756448280211548
0.972658396848929	0.9609326637939053	0.966095557607537	0.965801942837947	0.9658986472247684	0.9656911432632094	0.9777995564278731	0.9650559702142306	0.9609990831513245	0.974647822289461	0.9773896684852665	0.9760476205557895	0.9825970305235584	0.9729494167382523	0.9553662614975953	0.9589662709071616	0.9803687235164239	0.9636680026504841	1.0	0.966479527179798	0.9793894468552202	0.9625364171517622	0.9708828553822956	0.9650182137162497	0.9722703287179267	0.9662049765763869	0.9680372055776507	0.9585596894036664	0.9775408871874852	0.9775717035819861	0.9642922872585699	0.9640888992331346	0.9825089880826595	0.9633732003725529	0.9809332637042935	0.9640239741436291	0.9823617509302328	0.9759938467770682	0.9691821455789137	0.9730199523964309	0.9689397744107993
0.96113947414167	0.9553192125322664	0.9663412807044313	0.9641930057214153	0.9568356637203929	0.9628315748099521	0.968914326717331	0.9624689807973762	0.9595818348766181	0.9690844389441376	0.9683551904463562	0.9682247720496256	0.9736278278573712	0.9656410039707082	0.9655937728047121	0.9683117761739437	0.9705764494690401	0.960481172293471	0.966479527179798	1.0	0.9706169272647076	0.959237956827788	0.9620872610358064	0.9633932163170754	0.9659488507282912	0.9622074529818566	0.965261199464504	0.9635400856764121	0.961931873008869	0.9636954755102416	0.9613559356863361	0.9555045925954593	0.9712577794662739	0.9614207015876134	0.9627278242350061	0.9594103580562963	0.9668907426901677	0.968914326717331	0.9596387901297824	0.9586508581559496	0.957248453357604
0.9795448898863597	0.963485250514419	0.9687755299634607	0.9685178240341087	0.9695596900058	0.9688396363603188	0.981659649146752	0.9668587862237163	0.9634570586032704	0.9812427189705195	0.9832239411325095	0.9811244273377826	0.984092545071987	0.9755212137455566	0.9591481066206684	0.9620030556284652	0.9866738512020264	0.9650377064746798	0.9793894468552202	0.9706169272647076	1.0	0.9669027787014463	0.9760508851010209	0.9681927714925004	0.9791096128205657	0.96864693410554	0.9718251462613888	0.9633749164259252	0.9827025621579152	0.9838675373356209	0.9664588511376574	0.967365379480481	0.9843719258655032	0.9685192316407479	0.983305076512796	0.9685419807529728	0.9842502409462155	0.9829345594878817	0.973767544034623	0.9794770975769937	0.9726407105663127
0.9650646293910284	0.9668474083215628	0.9731405442820599	0.9772904380946759	0.9788854474443682	0.9740928095009495	0.9659434741810372	0.9729529624199059	0.9698283625449267	0.9720306959460399	0.9689533566388019	0.9724155110216497	0.9697246041999337	0.9741230674105785	0.9605259647215576	0.9645911797798754	0.9676870980041565	0.9716085898659228	0.9625364171517622	0.959237956827788	0.9669027787014463	1.0	0.9753560598809828	0.976764911746609	0.970018840642352	0.9743340870017122	0.9708453309454165	0.9629302657186604	0.9662262130781842	0.9655205523927145	0.9748409269990583	0.9701017642066051	0.9693412815028979	0.9711172905304148	0.9647546708006481	0.9728857513311593	0.9634752570704779	0.9681268630950031	0.9706605834394715	0.9679346571249587	0.9731856765134645
0.9717184322843389	0.9682382277661646	0.9780182256576985	0.9806290021314427	0.9711652731372277	0.9792252143880296	0.9732527476729038	0.9763928105777742	0.9731401590264265	0.9766975019457241	0.9759820667076422	0.9755311628529612	0.9779534454908542	0.9762222969399316	0.9673512594980841	0.9714422956799558	0.9751446837937959	0.9732901905560998	0.9708828553822956	0.9620872610358064	0.9760508851010209	0.9753560598809828	1.0	0.9801475400835227	0.9713437013244567	0.9795664327728476	0.9742488445949782	0.9657675264541898	0.9684598634468217	0.9701902705930873	0.9775620373007632	0.9698623617854073	0.9772653646823879	0.9729565362797453	0.969111357378288	0.9755311628529612	0.9731777320100203	0.9745382095756167	0.9747535541819461	0.9699364858683739	0.9731365108129882
0.9701703980062052	0.9721917245543539	0.9758919292631738	0.997439352239549	0.978213462296363	0.9779807769836769	0.9667459228611194	0.9726098256499895	0.9718512432811741	0.9714743356473398	0.9706995646294896	0.9713633601663311	0.9685369787294883	0.9723558128180483	0.9661889062067586	0.9684152023953158	0.9662766117406768	0.9725813958950275	0.9650182137162497	0.9633932163170754	0.9681927714925004	0.976764911746609	0.9801475400835227	1.0	0.9720082714931618	0.9765653525758019	0.9767568091365958	0.9685163062665662	0.9709319626198772	0.9687015626877621	0.9774669162451765	0.9767621249192379	0.9688405631604851	0.9762460633727347	0.9668343994200045	0.9784449512511332	0.9677044349357123	0.9685746410005759	0.975979864186592	0.9710270760541226	0.9790576938895156
0.9687830478550619	0.9644878114228512	0.9735079084500872	0.9728309536788771	0.9660017099316472	0.972313799632896	0.9779981365355656	0.9713884327942294	0.9682948630563487	0.9770357932196798	0.978612340183514	0.9771482945817911	0.9796687990879915	0.976733875568754	0.9648182694634132	0.9691204382592192	0.9781436993068581	0.9687345602053119	0.9722703287179267	0.9659488507282912	0.9791096128205657	0.970018840642352	0.9713437013244567	0.9720082714931618	1.0	0.9718764437759045	0.9722267994161435	0.9630152090758138	0.9669342611125528	0.9702511704209831	0.9708929540212003	0.9605685610847349	0.978612340183514	0.9674476154334343	0.9659003029286567	0.9694543412705438	0.9749412914843771	0.9771857088487125	0.9693116623035171	0.9647084936904321	0.963056736352139
0.9730722413307078	0.9728782310451778	0.9744981602406537	0.9770634532512692	0.9769947021390738	0.981862488739156	0.9668137195091931	0.9724968151663234	0.9713425818082353	0.9706765938637648	0.9706367524197188	0.9709929716839094	0.9698232350902469	0.971187448955322	0.9636757553200234	0.9654587308055016	0.9666644845828757	0.9711801609589479	0.9662049765763869	0.9622074529818566	0.96864693410554	0.9743340870017122	0.9795664327728476	0.9765653525758019	0.9718764437759045	1.0	0.9769405487103284	0.9663766067023579	0.9715915874844717	0.9690583043153912	0.9774411873364763	0.9798370670051919	0.9698446126198909	0.984334757289237	0.9686251171109878	0.9780946376836153	0.9690016673122694	0.968140085743067	0.9736663838034985	0.9714708598381914	0.9797074439873371
0.9677951648106491	0.9660907305693046	0.9758538132141775	0.977062468311708	0.9721151406762256	0.977545633883653	0.9716099573566581	0.974367973889499	0.9712116918468925	0.9733950713875482	0.9722865426045113	0.9724972991500945	0.9742022984784073	0.9730527090119452	0.9716459216024329	0.9742686700998963	0.9728801631459039	0.9716099573566581	0.9680372055776507	0.965261199464504	0.9718251462613888	0.9708453309454165	0.9742488445949782	0.9767568091365958	0.9722267994161435	0.9769405487103284	1.0	0.9709185043574874	0.9704524333262017	0.965388307220607	0.9746313092272759	0.9717750717540753	0.9744999084080275	0.9751268786594586	0.9680761202753208	0.9729147458368426	0.9690655684648322	0.971753575353855	0.9688311443776519	0.9676878596512457	0.9719846222743148
0.9563692208975837	0.96108734757289	0.9698075988951774	0.9684220650444282	0.9610280138501698	0.967269165217622	0.9632643297379804	0.9693064427179229	0.965818725507553	0.9651466997152678	0.9644603360095437	0.9637589983343949	0.9662254131953066	0.9650944193985853	0.9750548369661994	0.9764473006220593	0.9644603360095437	0.9663262876804202	0.9585596894036664	0.9635400856764121	0.9633749164259252	0.9629302657186604	0.9657675264541898	0.9685163062665662	0.9630152090758138	0.9663766067023579	0.9709185043574874	1.0	0.9565279202404389	0.9569142135945443	0.9653549755665735	0.9569018754524936	0.9662254131953066	0.967366829792952	0.9564654116926573	0.965818725507553	0.9607296853520904	0.9618488518857752	0.9606095714698883	0.9552597584486211	0.9578078891739933
0.9734495115064479	0.9614882284102065	0.9713105351002019	0.9711690887359874	0.9655022487465063	0.9708366235869247	0.9821339500909886	0.9692215483695921	0.9650485006117708	0.9789841715761353	0.9816238986024649	0.9799722009303793	0.984508776946394	0.9757857100722861	0.9640624912796538	0.9653894101672033	0.9847900045092923	0.9661710977701815	0.9775408871874852	0.961931873008869	0.9827025621579152	0.9662262130781842	0.9684598634468217	0.9709319626198772	0.9669342611125528	0.9715915874844717	0.9704524333262017	0.9565279202404389	1.0	0.9772679056218576	0.9681500859252237	0.9569719984251162	0.9843199440697102	0.9640624912796538	0.9721785157341208	0.9653328421562254	0.9833591212458282	0.9810709348931688	0.9703556686233157	0.965614693083119	0.962101247650541
0.9718873399396639	0.9598061402350065	0.9690583043153912	0.9698756945548387	0.9650361398982595	0.9696829446920908	0.9799678600702374	0.9687811798560174	0.9642188199382498	0.9792269805096543	0.9811574494338917	0.9799114622732912	0.9837422484178091	0.9754740101258156	0.9558968046353372	0.9616942985452511	0.983134105619428	0.9657397606144362	0.9775717035819861	0.9636954755102416	0.9838675373356209	0.9655205523927145	0.9701902705930873	0.9687015626877621	0.9702511704209831	0.9690583043153912	0.965388307220607	0.9569142135945443	0.9772679056218576	1.0	0.9685817676325756	0.9635673193271493	0.9838425178160339	0.9629609899372712	0.9752032170591709	0.9644925012950393	0.9805818942994743	0.9804988386691252	0.9689002387659755	0.9724262937429199	0.968088430497968
0.9688702783773386	0.971947970254382	0.9740819901746892	0.9779012279454199	0.9766912224606353	0.9776208645110004	0.9666030290471348	0.9762885087940459	0.9725030612000193	0.9705581730778425	0.9692597551744854	0.9699803288406419	0.9703026271177165	0.9717758556073441	0.9616849518854002	0.9659490849040059	0.9678724059554489	0.9743095073253673	0.9642922872585699	0.9613559356863361	0.9664588511376574	0.9748409269990583	0.9775620373007632	0.9774669162451765	0.9708929540212003	0.9774411873364763	0.9746313092272759	0.9653549755665735	0.9681500859252237	0.9685817676325756	1.0	0.9747178049974573	0.9699154818908041	0.9747330853616719	0.9650601300226238	0.983592341572416	0.9654192074349218	0.9670672012965874	0.9734291097540415	0.9717342396867871	0.9805410831230699
0.9643750489697926	0.9671570182785674	0.9740490197299938	0.9766453617010008	0.9667362115482697	0.979872403193621	0.9663098368820278	0.9725361620275894	0.97191068741008	0.9677268031173838	0.9684879114948357	0.9685880499159463	0.9701970310741892	0.9686380028945955	0.9603109136387761	0.963450253544474	0.967365379480481	0.9715021250620879	0.9640888992331346	0.9555045925954593	0.967365379480481	0.9701017642066051	0.9698623617854073	0.9767621249192379	0.9605685610847349	0.9798370670051919	0.9717750717540753	0.9569018754524936	0.9569719984251162	0.9635673193271493	0.9747178049974573	1.0	0.9694269182031732	0.970006215844829	0.9575597013759207	0.9734092701928646	0.9658233206065746	0.967365379480481	0.967365379480481	0.9571170071396126	0.9646313379340677
0.9798523978408911	0.9663524670967089	0.9706677006018717	0.969497509351852	0.9720370402791285	0.9700974684959651	0.9824613677825941	0.9676107554123086	0.9655083446041621	0.9808361210974693	0.9835216000380452	0.9816879570514034	0.9855744629966126	0.9786004544379779	0.9612541790334534	0.9647672694828501	0.9831088346773685	0.9667386851802993	0.9825089880826595	0.9712577794662739	0.9843719258655032	0.9693412815028979	0.9772653646823879	0.9688405631604851	0.978612340183514	0.9698446126198909	0.9744999084080275	0.9662254131953066	0.9843199440697102	0.9838425178160339	0.9699154818908041	0.9694269182031732	1.0	0.9713979273814557	0.9864433769965499	0.9706762448322297	0.9921353552354943	0.9828704410994863	0.9762617058528225	0.9799898882559923	0.9739623618305412
0.9657887587412728	0.9657887587412728	0.9748409576547612	0.9769601466336341	0.9686933009675299	0.9790130342743442	0.9684318437617929	0.9716365523844316	0.9707528593041163	0.9707121124523646	0.9700530846736304	0.9699280078212303	0.9716365523844316	0.9711977210276341	0.9671373813336569	0.9692099491484087	0.9678579813374902	0.969465207332914	0.9633732003725529	0.9614207015876134	0.9685192316407479	0.9711172905304148	0.9729565362797453	0.9762460633727347	0.9674476154334343	0.984334757289237	0.9751268786594586	0.967366829792952	0.9640624912796538	0.9629609899372712	0.9747330853616719	0.970006215844829	0.9713979273814557	1.0	0.9653024260296623	0.9743709020846295	0.9669088506857576	0.9684318437617929	0.9693803451303902	0.9624243840740585	0.9688837112253612
0.9738884302592438	0.9590606381559335	0.9677421825943319	0.9675176214267336	0.9642598192359321	0.9693251367042947	0.9826397103793251	0.9659594843876976	0.9648159951702537	0.979329152301495	0.9816338535513001	0.9795631906874837	0.9851910985667802	0.9767646947523557	0.9581685652532039	0.9605642755851441	0.9842616381080513	0.9646316701089377	0.9809332637042935	0.9627278242350061	0.983305076512796	0.9647546708006481	0.969111357378288	0.9668343994200045	0.9659003029286567	0.9686251171109878	0.9680761202753208	0.9564654116926573	0.9721785157341208	0.9752032170591709	0.9650601300226238	0.9575597013759207	0.9864433769965499	0.9653024260296623	1.0	0.9641349068563954	0.9881620156063056	0.9827456706925135	0.9692718243419978	0.9668343994200045	0.9568427650159743
0.9659737437394927	0.9732284287309171	0.9749542682137842	0.9788202591130063	0.9757285515464477	0.9780652742879922	0.9672149013386371	0.977918059283464	0.9779770250854908	0.9705283826825873	0.9690889066407599	0.9704913113114657	0.9703798416148118	0.9724697005896477	0.9643397397011405	0.967541666112756	0.9686599614818676	0.9764698866757578	0.9640239741436291	0.9594103580562963	0.9685419807529728	0.9728857513311593	0.9755311628529612	0.9784449512511332	0.9694543412705438	0.9780946376836153	0.9729147458368426	0.965818725507553	0.9653328421562254	0.9644925012950393	0.983592341572416	0.9734092701928646	0.9706762448322297	0.9743709020846295	0.9641349068563954	1.0	0.9650939294808075	0.9697408181486966	0.9696442928113834	0.9652706453879935	0.9740102930584217
0.9763300121670974	0.9604867476817965	0.9681063717905991	0.967960791621687	0.9670138542206664	0.9683955766546292	0.982826859641033	0.9660446265106765	0.9632982900913704	0.9788804717753683	0.9813146407921941	0.9792174211421669	0.9867402705689664	0.9763627361851316	0.9566705071257042	0.9606173831029247	0.9846021080665872	0.9637171764065243	0.9823617509302328	0.9668907426901677	0.9842502409462155	0.9634752570704779	0.9731777320100203	0.9677044349357123	0.9749412914843771	0.9690016673122694	0.9690655684648322	0.9607296853520904	0.9833591212458282	0.9805818942994743	0.9654192074349218	0.9658233206065746	0.9921353552354943	0.9669088506857576	0.9881620156063056	0.9650939294808075	1.0	0.9821502773237653	0.9712844690764251	0.9767098653423373	0.9697146116583288
0.9764228751757599	0.9637116449657006	0.9673566220334023	0.9691668377589763	0.971524746023991	0.968773248956283	0.9793026109167876	0.9670099577931914	0.9630068760886439	0.9789186036000519	0.9821603100976753	0.9809191561479965	0.9822876568025524	0.9750797935656765	0.9579205684515406	0.9615121136059731	0.9844573260624861	0.9645105422287895	0.9759938467770682	0.968914326717331	0.9829345594878817	0.9681268630950031	0.9745382095756167	0.9685746410005759	0.9771857088487125	0.968140085743067	0.971753575353855	0.9618488518857752	0.9810709348931688	0.9804988386691252	0.9670672012965874	0.967365379480481	0.9828704410994863	0.9684318437617929	0.9827456706925135	0.9697408181486966	0.9821502773237653	1.0	0.9730182731975804	0.9779246914965698	0.9705779778528518
0.9667248088975472	0.9658335621022645	0.9734291097540415	0.9762928714325653	0.971524746023991	0.974367973889499	0.9716099573566581	0.9732585596978943	0.969452534055121	0.9731557976423818	0.9744010077945534	0.9740691468684183	0.9761054286465914	0.9734970795539521	0.9611140634537901	0.9644710974705336	0.9738348094589826	0.9704747749729367	0.9691821455789137	0.9596387901297824	0.973767544034623	0.9706605834394715	0.9747535541819461	0.975979864186592	0.9693116623035171	0.9736663838034985	0.9688311443776519	0.9606095714698883	0.9703556686233157	0.9689002387659755	0.9734291097540415	0.967365379480481	0.9762617058528225	0.9693803451303902	0.9692718243419978	0.9696442928113834	0.9712844690764251	0.9730182731975804	1.0	0.968567634030841	0.9721372104279195
0.9731875920161542	0.960685728014699	0.9715149054955905	0.971646684172904	0.9644045361807877	0.9713825883828717	0.97697136881376	0.9700748376272911	0.965957585755014	0.9770085556089049	0.9784266983982446	0.9768968675880512	0.9797857371642136	0.97331275563783	0.9572414257235659	0.962598979269874	0.9793389823507482	0.9678854484387733	0.9730199523964309	0.9586508581559496	0.9794770975769937	0.9679346571249587	0.9699364858683739	0.9710270760541226	0.9647084936904321	0.9714708598381914	0.9676878596512457	0.9552597584486211	0.965614693083119	0.9724262937429199	0.9717342396867871	0.9571170071396126	0.9799898882559923	0.9624243840740585	0.9668343994200045	0.9652706453879935	0.9767098653423373	0.9779246914965698	0.968567634030841	1.0	0.9634576814343325
0.9675666315742903	0.968658480121655	0.9767199737619718	0.9793435520997146	0.970524687444246	0.9789344125964407	0.9711584521185078	0.9782689271961207	0.9741059437551197	0.9738181420767821	0.9736248468779363	0.9739623618305412	0.9756903423427576	0.9732837849330129	0.9640498675382863	0.967390805808729	0.9738662865535946	0.9756448280211548	0.9689397744107993	0.957248453357604	0.9726407105663127	0.9731856765134645	0.9731365108129882	0.9790576938895156	0.963056736352139	0.9797074439873371	0.9719846222743148	0.9578078891739933	0.962101247650541	0.968088430497968	0.9805410831230699	0.9646313379340677	0.9739623618305412	0.9688837112253612	0.9568427650159743	0.9740102930584217	0.9697146116583288	0.9705779778528518	0.9721372104279195	0.9634576814343325	1.0
