/home/jshaw/scratch/2022_sketched_distance/references/SGB_genome_fastas_part4/6518/BackhedF_2015__SID272_M__bin.42.fa	/home/jshaw/scratch/2022_sketched_distance/references/SGB_genome_fastas_part4/6518/BritoIL_2016__W1.55.ST__bin.61.fa	/home/jshaw/scratch/2022_sketched_distance/references/SGB_genome_fastas_part4/6518/BritoIL_2016__WL.10.ST__bin.22.fa	/home/jshaw/scratch/2022_sketched_distance/references/SGB_genome_fastas_part4/6518/BritoIL_2016__WL.2.ST__bin.2.fa	/home/jshaw/scratch/2022_sketched_distance/references/SGB_genome_fastas_part4/6518/BritoIL_2016__WL.7.ST__bin.64.fa	/home/jshaw/scratch/2022_sketched_distance/references/SGB_genome_fastas_part4/6518/CM_madagascar__A90_03_1FE__bin.27.fa	/home/jshaw/scratch/2022_sketched_distance/references/SGB_genome_fastas_part4/6518/LeChatelierE_2013__MH0077__bin.34.fa	/home/jshaw/scratch/2022_sketched_distance/references/SGB_genome_fastas_part4/6518/LeChatelierE_2013__MH0421__bin.43.fa	/home/jshaw/scratch/2022_sketched_distance/references/SGB_genome_fastas_part4/6518/LiJ_2014__MH0252__bin.34.fa	/home/jshaw/scratch/2022_sketched_distance/references/SGB_genome_fastas_part4/6518/NielsenHB_2014__MH0077__bin.17.fa	/home/jshaw/scratch/2022_sketched_distance/references/SGB_genome_fastas_part4/6518/NielsenHB_2014__MH0144__bin.34.fa	/home/jshaw/scratch/2022_sketched_distance/references/SGB_genome_fastas_part4/6518/NielsenHB_2014__O2_UC40_2__bin.7.fa	/home/jshaw/scratch/2022_sketched_distance/references/SGB_genome_fastas_part4/6518/WenC_2017__N035__bin.73.fa	/home/jshaw/scratch/2022_sketched_distance/references/SGB_genome_fastas_part4/6518/XieH_2016__YSZC12003_35365__bin.50.fa	/home/jshaw/scratch/2022_sketched_distance/references/SGB_genome_fastas_part4/6518/XieH_2016__YSZC12003_35742__bin.40.fa	/home/jshaw/scratch/2022_sketched_distance/references/SGB_genome_fastas_part4/6518/XieH_2016__YSZC12003_36033__bin.58.fa	/home/jshaw/scratch/2022_sketched_distance/references/SGB_genome_fastas_part4/6518/XieH_2016__YSZC12003_37337__bin.27.fa	/home/jshaw/scratch/2022_sketched_distance/references/SGB_genome_fastas_part4/6518/ZeeviD_2015__PNP_Main_287__bin.55.fa	/home/jshaw/scratch/2022_sketched_distance/references/SGB_genome_fastas_part4/6518/ZeeviD_2015__PNP_Main_323__bin.18.fa	/home/jshaw/scratch/2022_sketched_distance/references/SGB_genome_fastas_part4/6518/ZeeviD_2015__PNP_Main_405__bin.13.fa	/home/jshaw/scratch/2022_sketched_distance/references/SGB_genome_fastas_part4/6518/ZeeviD_2015__PNP_Main_432__bin.52.fa	/home/jshaw/scratch/2022_sketched_distance/references/SGB_genome_fastas_part4/6518/ZeeviD_2015__PNP_Main_474__bin.23.fa	/home/jshaw/scratch/2022_sketched_distance/references/SGB_genome_fastas_part4/6518/ZeeviD_2015__PNP_Main_529__bin.29.fa	/home/jshaw/scratch/2022_sketched_distance/references/SGB_genome_fastas_part4/6518/ZeeviD_2015__PNP_Main_538__bin.6.fa	/home/jshaw/scratch/2022_sketched_distance/references/SGB_genome_fastas_part4/6518/ZeeviD_2015__PNP_Main_566__bin.19.fa	/home/jshaw/scratch/2022_sketched_distance/references/SGB_genome_fastas_part4/6518/ZeeviD_2015__PNP_Main_67__bin.35.fa	/home/jshaw/scratch/2022_sketched_distance/references/SGB_genome_fastas_part4/6518/ZeeviD_2015__PNP_Main_680__bin.22.fa	/home/jshaw/scratch/2022_sketched_distance/references/SGB_genome_fastas_part4/6518/ZeeviD_2015__PNP_Main_699__bin.32.fa	/home/jshaw/scratch/2022_sketched_distance/references/SGB_genome_fastas_part4/6518/ZeeviD_2015__PNP_Main_77__bin.12.fa	/home/jshaw/scratch/2022_sketched_distance/references/SGB_genome_fastas_part4/6518/ZeeviD_2015__PNP_Main_86__bin.59.fa	/home/jshaw/scratch/2022_sketched_distance/references/SGB_genome_fastas_part4/6518/ZeeviD_2015__PNP_Validation_54__bin.2.fa
1.0	0.9781883284742071	0.9821040320342658	0.982326663594874	0.9798867753252984	0.9783318403118493	0.9814541627239807	0.9809357899199043	0.9769784936494575	0.9817227263425141	0.9838687900967138	0.9826295356018253	0.983126119646234	0.9852897659835317	0.9788359603676033	0.9820015946201326	0.9827909305775039	0.9786477218586825	0.980610138962027	0.9826500031319177	0.9815399930783086	0.9817043650032949	0.9824765590133278	0.9804586954490269	0.9810914541499823	0.9835606573175318	0.9822737272642043	0.9768451746998824	0.9755915281698809	0.9841331983427882	0.9822719059902966
0.9781883284742071	1.0	0.9859320449325533	0.9855891173748706	0.9810536580180581	0.9793665950358301	0.9804423277305773	0.9781319358595926	0.9723625143295856	0.9805398187440747	0.9825558117584556	0.981845483045046	0.9814072754703135	0.9823061095051446	0.9790793268061148	0.9811982068782401	0.9811100448906733	0.9783610795965055	0.9806163760677912	0.9838047185251777	0.9817457203423868	0.9814316564437546	0.9816800649678282	0.9819650395184123	0.9801131999799763	0.9837393062101052	0.9830700494502085	0.9773388246069712	0.9753462716769562	0.983574040938787	0.9828756561956669
0.9821040320342658	0.9859320449325533	1.0	0.9989569435270966	0.9848807823161011	0.9816906178280408	0.9843803856504659	0.9813510054664779	0.9803636714112217	0.9844930500758863	0.9867820822702723	0.9859589212101576	0.9866433410824557	0.9863107675603962	0.9824309873883414	0.9851012058342278	0.9865314488958092	0.9829094134163522	0.9838744784676087	0.9881760624908787	0.9852692560105197	0.9848163006818551	0.9859174408021961	0.9846865156285369	0.9841751995401922	0.9883602423562583	0.9880364498555677	0.9811113779646994	0.9815332987082337	0.9870940295941905	0.986363306129178
0.982326663594874	0.9855891173748706	0.9989569435270966	1.0	0.9844119669538832	0.9812724111286285	0.9844394100819274	0.9809413650738489	0.979762902395847	0.9845167008921988	0.986574356912201	0.9859287096517126	0.986897759509556	0.9860618762427402	0.9822263809016683	0.9847713814732181	0.9864281977505821	0.982622413336227	0.9839077341239301	0.9880867131580805	0.9851448170164256	0.9843286238261957	0.985585495813182	0.9845606235117251	0.983710063560139	0.9882371066561597	0.9878868240893305	0.9807278022207891	0.9810003943967713	0.9867866945185751	0.9862598867808848
0.9798867753252984	0.9810536580180581	0.9848807823161011	0.9844119669538832	1.0	0.9794196781478032	0.9821202713090486	0.9775433029271382	0.9776764717412334	0.9821576307404974	0.9832150730287362	0.9825978611061222	0.9834248662913813	0.9830331682593739	0.9789627433810321	0.9819331821697733	0.9831864222692455	0.9796603648588329	0.981412568831934	0.9876267939716559	0.9828091969738925	0.9830774584518618	0.9845963264100899	0.9819161621360807	0.9812304499866646	0.9889932952349472	0.9844497962256442	0.978920414811848	0.9768399437144268	0.988281470319711	0.9843183832308773
0.9783318403118493	0.9793665950358301	0.9816906178280408	0.9812724111286285	0.9794196781478032	1.0	0.9796245660417572	0.9766977405300685	0.9741336241862621	0.9795303932175984	0.9805564092525023	0.979850026781571	0.9803576781594047	0.9812708793946232	0.9790587073354573	0.9797735275359114	0.9804480379312289	0.977769680900731	0.9786045942089321	0.9808644268554514	0.9799180034997392	0.9794041504455983	0.9808247014966595	0.9794644341017035	0.9798508405232726	0.9808726524267389	0.9804487811494282	0.9809117361733775	0.9761564056625559	0.9813684701340368	0.9802735192403436
0.9814541627239807	0.9804423277305773	0.9843803856504659	0.9844394100819274	0.9821202713090486	0.9796245660417572	1.0	0.9791421639786558	0.9849383142727263	0.9987938727031315	0.984295200268694	0.9851263851529367	0.9839611335599233	0.9846404038313193	0.9794811674443245	0.9845570750970809	0.9839757352373515	0.9803677225896656	0.9829222181281437	0.9844815278458153	0.9834780872517739	0.9838659121599634	0.9834860180608513	0.9822812096953143	0.9825720043306173	0.985610109046454	0.9846112384012824	0.9796661231825068	0.9771175357160047	0.9845659367461471	0.9850019401291075
0.9809357899199043	0.9781319358595926	0.9813510054664779	0.9809413650738489	0.9775433029271382	0.9766977405300685	0.9791421639786558	1.0	0.975170327475799	0.9790747940542556	0.9801483216767154	0.9814682473012541	0.9803950260517172	0.982281354728376	0.9763530864869522	0.980674038728703	0.9847372098263216	0.978408179459381	0.9780882079633286	0.9804920410771956	0.9790258515494079	0.9807014062921173	0.9803165463559204	0.9789646964860524	0.9774238450109932	0.9815819549611453	0.9802220546350903	0.9753708306276604	0.9740631987014273	0.9799917570220459	0.9813583636232075
0.9769784936494575	0.9723625143295856	0.9803636714112217	0.979762902395847	0.9776764717412334	0.9741336241862621	0.9849383142727263	0.975170327475799	1.0	0.9847579963704031	0.9811463881913786	0.9822533600910589	0.9805998227962635	0.9808997026611652	0.9756428630855692	0.9819533115000555	0.9809269140988042	0.9782854119114992	0.9786786131970631	0.9791921794132539	0.9801664284858088	0.9808712096684018	0.9794979703766722	0.9785506560876086	0.9772044800745775	0.9802434705473115	0.978780339295653	0.9752177293253516	0.9776971806119525	0.9801496448292893	0.9796096381590016
0.9817227263425141	0.9805398187440747	0.9844930500758863	0.9845167008921988	0.9821576307404974	0.9795303932175984	0.9987938727031315	0.9790747940542556	0.9847579963704031	1.0	0.984229331625211	0.9851805535068108	0.9839597970518891	0.9846890061161858	0.9794303196712764	0.9844977388180071	0.9840799531505968	0.980100841513979	0.983084872988687	0.9843152060946848	0.9836104641530061	0.9837525236929595	0.9835112744856406	0.9824808475766623	0.9824713214095475	0.9854361967191173	0.984587624448881	0.979697851686313	0.9770995361061755	0.9845411001991238	0.9848114316207328
0.9838687900967138	0.9825558117584556	0.9867820822702723	0.986574356912201	0.9832150730287362	0.9805564092525023	0.984295200268694	0.9801483216767154	0.9811463881913786	0.984229331625211	1.0	0.9867092057933895	0.9858194034358948	0.9876841837084989	0.982083009316057	0.9857026845389026	0.9864440252555325	0.9819328681756232	0.9846924124069634	0.9867516285346919	0.9858350456306058	0.9850886416595301	0.9852494402867226	0.985628291025713	0.9846862859873959	0.9871707136318858	0.9863575204217745	0.9811031601448833	0.9790936240415443	0.9865389994256945	0.9861373840540303
0.9826295356018253	0.981845483045046	0.9859589212101576	0.9859287096517126	0.9825978611061222	0.979850026781571	0.9851263851529367	0.9814682473012541	0.9822533600910589	0.9851805535068108	0.9867092057933895	1.0	0.9863125343197131	0.9872786873092412	0.9821784115313413	0.9861014542252547	0.9870807781794045	0.9821778352170691	0.984883043657864	0.9857364924410241	0.9858316682879157	0.9858347828926102	0.9856599014905336	0.9849780371966369	0.9840785469092598	0.9872112544433745	0.9858840437010769	0.9813281278017453	0.9801746745025854	0.985856851143274	0.9871912494236502
0.983126119646234	0.9814072754703135	0.9866433410824557	0.986897759509556	0.9834248662913813	0.9803576781594047	0.9839611335599233	0.9803950260517172	0.9805998227962635	0.9839597970518891	0.9858194034358948	0.9863125343197131	1.0	0.9869487005315125	0.9818032797562412	0.9842488878497004	0.9875050074235888	0.980674038728703	0.9849725080491214	0.9855163784504652	0.9862452463485183	0.9849396235025129	0.9859750065943805	0.9847797651074118	0.9842055041333098	0.9859730075402929	0.9860643352499141	0.9805713082205066	0.9791906661500802	0.9855009187807748	0.9863779692325961
0.9852897659835317	0.9823061095051446	0.9863107675603962	0.9860618762427402	0.9830331682593739	0.9812708793946232	0.9846404038313193	0.982281354728376	0.9808997026611652	0.9846890061161858	0.9876841837084989	0.9872786873092412	0.9869487005315125	1.0	0.9818849391551426	0.9869713923968314	0.9875489023130384	0.9822489046123292	0.9839374705725923	0.9859656528258969	0.9850965872985974	0.9860772064044447	0.9867198268117884	0.984035226294999	0.9835401752939497	0.9871093045967965	0.9866398764872956	0.9809378734089047	0.9812347334792249	0.9863414420514404	0.9863827980330494
0.9788359603676033	0.9790793268061148	0.9824309873883414	0.9822263809016683	0.9789627433810321	0.9790587073354573	0.9794811674443245	0.9763530864869522	0.9756428630855692	0.9794303196712764	0.982083009316057	0.9821784115313413	0.9818032797562412	0.9818849391551426	1.0	0.9807143055476756	0.9822204269209694	0.976500533544533	0.9791873762441825	0.981971389755919	0.9804216043599302	0.9801743200645374	0.9816647691103261	0.9787589519345481	0.9810417963784621	0.9814532697323904	0.9805986415074689	0.9790672162714423	0.9748840474554243	0.9809934209848054	0.9814531277446805
0.9820015946201326	0.9811982068782401	0.9851012058342278	0.9847713814732181	0.9819331821697733	0.9797735275359114	0.9845570750970809	0.980674038728703	0.9819533115000555	0.9844977388180071	0.9857026845389026	0.9861014542252547	0.9842488878497004	0.9869713923968314	0.9807143055476756	1.0	0.9852982050191373	0.9810865970921719	0.9837111594441605	0.985228076321564	0.9851564691580684	0.9865224104752855	0.9848823375059672	0.9827177823033908	0.9824363434757435	0.9854853675236256	0.9842517857156653	0.9799992654557859	0.9785354475609084	0.9853487931021432	0.986565212585707
0.9827909305775039	0.9811100448906733	0.9865314488958092	0.9864281977505821	0.9831864222692455	0.9804480379312289	0.9839757352373515	0.9847372098263216	0.9809269140988042	0.9840799531505968	0.9864440252555325	0.9870807781794045	0.9875050074235888	0.9875489023130384	0.9822204269209694	0.9852982050191373	1.0	0.9811312041104197	0.9849202326363861	0.9860398985423671	0.9861659355264	0.9862495779111988	0.9858947391387407	0.9844661565255488	0.9837661459161018	0.9864919731598762	0.9859183737172836	0.9813342486297597	0.9800865283436726	0.9859589558936251	0.9870930289749958
0.9786477218586825	0.9783610795965055	0.9829094134163522	0.982622413336227	0.9796603648588329	0.977769680900731	0.9803677225896656	0.978408179459381	0.9782854119114992	0.980100841513979	0.9819328681756232	0.9821778352170691	0.980674038728703	0.9822489046123292	0.976500533544533	0.9810865970921719	0.9811312041104197	1.0	0.9804941152632963	0.9823273059217631	0.9816853493696109	0.9812255136749373	0.9831173427092837	0.9817156158574916	0.9791546584270201	0.9848096399012772	0.9832349419862401	0.9764318478730971	0.9793756628587919	0.9832407585992808	0.9819515597264846
0.980610138962027	0.9806163760677912	0.9838744784676087	0.9839077341239301	0.981412568831934	0.9786045942089321	0.9829222181281437	0.9780882079633286	0.9786786131970631	0.983084872988687	0.9846924124069634	0.984883043657864	0.9849725080491214	0.9839374705725923	0.9791873762441825	0.9837111594441605	0.9849202326363861	0.9804941152632963	1.0	0.9842401817465489	0.9960442425662944	0.9832810623739794	0.9839235522234099	0.9938416980765976	0.9827232490557347	0.9845072105400793	0.9839518610221002	0.9794252977177106	0.977848463310584	0.9843640040413518	0.98481936475566
0.9826500031319177	0.9838047185251777	0.9881760624908787	0.9880867131580805	0.9876267939716559	0.9808644268554514	0.9844815278458153	0.9804920410771956	0.9791921794132539	0.9843152060946848	0.9867516285346919	0.9857364924410241	0.9855163784504652	0.9859656528258969	0.981971389755919	0.985228076321564	0.9860398985423671	0.9823273059217631	0.9842401817465489	1.0	0.9852568151904746	0.9848810667932506	0.9872421556364103	0.9852320381778313	0.9836816886915097	0.9934913952571227	0.9873912621398346	0.9811505306955626	0.9795844370938736	0.9930849430407862	0.9865394874514618
0.9815399930783086	0.9817457203423868	0.9852692560105197	0.9851448170164256	0.9828091969738925	0.9799180034997392	0.9834780872517739	0.9790258515494079	0.9801664284858088	0.9836104641530061	0.9858350456306058	0.9858316682879157	0.9862452463485183	0.9850965872985974	0.9804216043599302	0.9851564691580684	0.9861659355264	0.9816853493696109	0.9960442425662944	0.9852568151904746	1.0	0.9845552045468675	0.9839693092733443	0.9938042298245222	0.9834719407552419	0.9856850400485573	0.9852428427526324	0.9804416181093218	0.9787556968931092	0.9856170289110787	0.9859238243336388
0.9817043650032949	0.9814316564437546	0.9848163006818551	0.9843286238261957	0.9830774584518618	0.9794041504455983	0.9838659121599634	0.9807014062921173	0.9808712096684018	0.9837525236929595	0.9850886416595301	0.9858347828926102	0.9849396235025129	0.9860772064044447	0.9801743200645374	0.9865224104752855	0.9862495779111988	0.9812255136749373	0.9832810623739794	0.9848810667932506	0.9845552045468675	1.0	0.9842684278018454	0.9834267260738143	0.9826388753614018	0.9859284010997584	0.9844410583311303	0.979712445552972	0.9794667082718025	0.9857883044754192	0.9961301676991138
0.9824765590133278	0.9816800649678282	0.9859174408021961	0.985585495813182	0.9845963264100899	0.9808247014966595	0.9834860180608513	0.9803165463559204	0.9794979703766722	0.9835112744856406	0.9852494402867226	0.9856599014905336	0.9859750065943805	0.9867198268117884	0.9816647691103261	0.9848823375059672	0.9858947391387407	0.9831173427092837	0.9839235522234099	0.9872421556364103	0.9839693092733443	0.9842684278018454	1.0	0.9837512475135217	0.9833379235500207	0.9877120316420013	0.9858436820887496	0.9799654172576439	0.9810998879078581	0.9870380851387174	0.9859523947418875
0.9804586954490269	0.9819650395184123	0.9846865156285369	0.9845606235117251	0.9819161621360807	0.9794644341017035	0.9822812096953143	0.9789646964860524	0.9785506560876086	0.9824808475766623	0.985628291025713	0.9849780371966369	0.9847797651074118	0.984035226294999	0.9787589519345481	0.9827177823033908	0.9844661565255488	0.9817156158574916	0.9938416980765976	0.9852320381778313	0.9938042298245222	0.9834267260738143	0.9837512475135217	1.0	0.9831837114747045	0.9865054615658431	0.984818727114706	0.9802290533467525	0.978834017894832	0.9861163724604505	0.9849133973402926
0.9810914541499823	0.9801131999799763	0.9841751995401922	0.983710063560139	0.9812304499866646	0.9798508405232726	0.9825720043306173	0.9774238450109932	0.9772044800745775	0.9824713214095475	0.9846862859873959	0.9840785469092598	0.9842055041333098	0.9835401752939497	0.9810417963784621	0.9824363434757435	0.9837661459161018	0.9791546584270201	0.9827232490557347	0.9836816886915097	0.9834719407552419	0.9826388753614018	0.9833379235500207	0.9831837114747045	1.0	0.9843315956589641	0.9833312387741453	0.9805268726494324	0.9773017550129622	0.984050637185409	0.9840005742474369
0.9835606573175318	0.9837393062101052	0.9883602423562583	0.9882371066561597	0.9889932952349472	0.9808726524267389	0.985610109046454	0.9815819549611453	0.9802434705473115	0.9854361967191173	0.9871707136318858	0.9872112544433745	0.9859730075402929	0.9871093045967965	0.9814532697323904	0.9854853675236256	0.9864919731598762	0.9848096399012772	0.9845072105400793	0.9934913952571227	0.9856850400485573	0.9859284010997584	0.9877120316420013	0.9865054615658431	0.9843315956589641	1.0	0.9886081795294042	0.9817976564198254	0.9801873413047375	0.9947178655862928	0.9874556589813909
0.9822737272642043	0.9830700494502085	0.9880364498555677	0.9878868240893305	0.9844497962256442	0.9804487811494282	0.9846112384012824	0.9802220546350903	0.978780339295653	0.984587624448881	0.9863575204217745	0.9858840437010769	0.9860643352499141	0.9866398764872956	0.9805986415074689	0.9842517857156653	0.9859183737172836	0.9832349419862401	0.9839518610221002	0.9873912621398346	0.9852428427526324	0.9844410583311303	0.9858436820887496	0.984818727114706	0.9833312387741453	0.9886081795294042	1.0	0.9805401704030968	0.9817023212357008	0.9877005066323584	0.9858750123614985
0.9768451746998824	0.9773388246069712	0.9811113779646994	0.9807278022207891	0.978920414811848	0.9809117361733775	0.9796661231825068	0.9753708306276604	0.9752177293253516	0.979697851686313	0.9811031601448833	0.9813281278017453	0.9805713082205066	0.9809378734089047	0.9790672162714423	0.9799992654557859	0.9813342486297597	0.9764318478730971	0.9794252977177106	0.9811505306955626	0.9804416181093218	0.979712445552972	0.9799654172576439	0.9802290533467525	0.9805268726494324	0.9817976564198254	0.9805401704030968	1.0	0.9747751023786304	0.9818720040860862	0.980615931662675
0.9755915281698809	0.9753462716769562	0.9815332987082337	0.9810003943967713	0.9768399437144268	0.9761564056625559	0.9771175357160047	0.9740631987014273	0.9776971806119525	0.9770995361061755	0.9790936240415443	0.9801746745025854	0.9791906661500802	0.9812347334792249	0.9748840474554243	0.9785354475609084	0.9800865283436726	0.9793756628587919	0.977848463310584	0.9795844370938736	0.9787556968931092	0.9794667082718025	0.9810998879078581	0.978834017894832	0.9773017550129622	0.9801873413047375	0.9817023212357008	0.9747751023786304	1.0	0.9794893513930293	0.980173474796661
0.9841331983427882	0.983574040938787	0.9870940295941905	0.9867866945185751	0.988281470319711	0.9813684701340368	0.9845659367461471	0.9799917570220459	0.9801496448292893	0.9845411001991238	0.9865389994256945	0.985856851143274	0.9855009187807748	0.9863414420514404	0.9809934209848054	0.9853487931021432	0.9859589558936251	0.9832407585992808	0.9843640040413518	0.9930849430407862	0.9856170289110787	0.9857883044754192	0.9870380851387174	0.9861163724604505	0.984050637185409	0.9947178655862928	0.9877005066323584	0.9818720040860862	0.9794893513930293	1.0	0.9867281955449273
0.9822719059902966	0.9828756561956669	0.986363306129178	0.9862598867808848	0.9843183832308773	0.9802735192403436	0.9850019401291075	0.9813583636232075	0.9796096381590016	0.9848114316207328	0.9861373840540303	0.9871912494236502	0.9863779692325961	0.9863827980330494	0.9814531277446805	0.986565212585707	0.9870930289749958	0.9819515597264846	0.98481936475566	0.9865394874514618	0.9859238243336388	0.9961301676991138	0.9859523947418875	0.9849133973402926	0.9840005742474369	0.9874556589813909	0.9858750123614985	0.980615931662675	0.980173474796661	0.9867281955449273	1.0
