/home/jshaw/scratch/2022_sketched_distance/references/SGB_genome_fastas_part2/4194/BackhedF_2015__SID201_M__bin.16.fa	/home/jshaw/scratch/2022_sketched_distance/references/SGB_genome_fastas_part2/4194/Bengtsson-PalmeJ_2015__TRAVELRES2__bin.73.fa	/home/jshaw/scratch/2022_sketched_distance/references/SGB_genome_fastas_part2/4194/Bengtsson-PalmeJ_2015__TRAVELRES66__bin.37.fa	/home/jshaw/scratch/2022_sketched_distance/references/SGB_genome_fastas_part2/4194/BritoIL_2016__M1.59.ST__bin.102.fa	/home/jshaw/scratch/2022_sketched_distance/references/SGB_genome_fastas_part2/4194/BritoIL_2016__W1.11.ST__bin.3.fa	/home/jshaw/scratch/2022_sketched_distance/references/SGB_genome_fastas_part2/4194/ChengpingW_2017__AS78raw__bin.62.fa	/home/jshaw/scratch/2022_sketched_distance/references/SGB_genome_fastas_part2/4194/CosteaPI_2017__alien-11-600-0__bin.4.fa	/home/jshaw/scratch/2022_sketched_distance/references/SGB_genome_fastas_part2/4194/CosteaPI_2017__SID713A057-11-0-0__bin.30.fa	/home/jshaw/scratch/2022_sketched_distance/references/SGB_genome_fastas_part2/4194/CosteaPI_2017__SID713A058-11-0-0__bin.1.fa	/home/jshaw/scratch/2022_sketched_distance/references/SGB_genome_fastas_part2/4194/CosteaPI_2017__SID713B005-11-90-0__bin.25.fa	/home/jshaw/scratch/2022_sketched_distance/references/SGB_genome_fastas_part2/4194/CosteaPI_2017__SID713B014-11-90-0__bin.33.fa	/home/jshaw/scratch/2022_sketched_distance/references/SGB_genome_fastas_part2/4194/CosteaPI_2017__SID713B063-11-0-0__bin.75.fa	/home/jshaw/scratch/2022_sketched_distance/references/SGB_genome_fastas_part2/4194/CosteaPI_2017__SID713B072-11-0-0__bin.57.fa	/home/jshaw/scratch/2022_sketched_distance/references/SGB_genome_fastas_part2/4194/CosteaPI_2017__SID713B072-11-90-0__bin.28.fa	/home/jshaw/scratch/2022_sketched_distance/references/SGB_genome_fastas_part2/4194/FengQ_2015__SID530600__bin.2.fa	/home/jshaw/scratch/2022_sketched_distance/references/SGB_genome_fastas_part2/4194/LeChatelierE_2013__MH0169__bin.13.fa	/home/jshaw/scratch/2022_sketched_distance/references/SGB_genome_fastas_part2/4194/LiJ_2014__V1.CD55-0__bin.62.fa	/home/jshaw/scratch/2022_sketched_distance/references/SGB_genome_fastas_part2/4194/LiJ_2014__V1.CD8-0-PN__bin.57.fa	/home/jshaw/scratch/2022_sketched_distance/references/SGB_genome_fastas_part2/4194/LiJ_2014__V1.UC63-0__bin.82.fa	/home/jshaw/scratch/2022_sketched_distance/references/SGB_genome_fastas_part2/4194/LiJ_2017__H1M413815__bin.24.fa	/home/jshaw/scratch/2022_sketched_distance/references/SGB_genome_fastas_part2/4194/LiJ_2017__H2M513938__bin.20.fa	/home/jshaw/scratch/2022_sketched_distance/references/SGB_genome_fastas_part2/4194/LiJ_2017__H3M415131__bin.36.fa	/home/jshaw/scratch/2022_sketched_distance/references/SGB_genome_fastas_part2/4194/LiuW_2016__SRR3992984__bin.8.fa	/home/jshaw/scratch/2022_sketched_distance/references/SGB_genome_fastas_part2/4194/NielsenHB_2014__MH0169__bin.18.fa	/home/jshaw/scratch/2022_sketched_distance/references/SGB_genome_fastas_part2/4194/NielsenHB_2014__V1_CD38_0__bin.40.fa	/home/jshaw/scratch/2022_sketched_distance/references/SGB_genome_fastas_part2/4194/NielsenHB_2014__V1_UC28_0__bin.36.fa	/home/jshaw/scratch/2022_sketched_distance/references/SGB_genome_fastas_part2/4194/QinJ_2012__CON-099__bin.46.fa	/home/jshaw/scratch/2022_sketched_distance/references/SGB_genome_fastas_part2/4194/QinJ_2012__T2D-012__bin.11.fa	/home/jshaw/scratch/2022_sketched_distance/references/SGB_genome_fastas_part2/4194/QinN_2014__HD-53__bin.28.fa	/home/jshaw/scratch/2022_sketched_distance/references/SGB_genome_fastas_part2/4194/QinN_2014__HD-60__bin.57.fa	/home/jshaw/scratch/2022_sketched_distance/references/SGB_genome_fastas_part2/4194/RampelliS_2015__H10__bin.65.fa	/home/jshaw/scratch/2022_sketched_distance/references/SGB_genome_fastas_part2/4194/RaymondF_2016__P38C0__bin.23.fa	/home/jshaw/scratch/2022_sketched_distance/references/SGB_genome_fastas_part2/4194/VogtmannE_2016__MMRS33294861ST-27-0-0__bin.63.fa	/home/jshaw/scratch/2022_sketched_distance/references/SGB_genome_fastas_part2/4194/WenC_2017__N018__bin.59.fa	/home/jshaw/scratch/2022_sketched_distance/references/SGB_genome_fastas_part2/4194/WenC_2017__N308__bin.46.fa	/home/jshaw/scratch/2022_sketched_distance/references/SGB_genome_fastas_part2/4194/WenC_2017__RA035__bin.14.fa	/home/jshaw/scratch/2022_sketched_distance/references/SGB_genome_fastas_part2/4194/XieH_2016__YSZC12003_35989__bin.7.fa	/home/jshaw/scratch/2022_sketched_distance/references/SGB_genome_fastas_part2/4194/YuJ_2015__SZAXPI015270-90__bin.14.fa	/home/jshaw/scratch/2022_sketched_distance/references/SGB_genome_fastas_part2/4194/ZeeviD_2015__PNP_Main_429__bin.44.fa
1.0	0.9792458683381142	0.9741939486812711	0.9886761805915368	0.9869986503615419	0.9798256630823308	0.9893792521028378	0.9788445655647491	0.9775664661761293	0.9900436101371254	0.9798778647810823	0.9755467804717884	0.9873950237184792	0.987539860940304	0.9776817063785003	0.9839436436853619	0.9799560112332191	0.9752297360028714	0.9824353281532494	0.9782743177243595	0.9769892159321321	0.9765040941937637	0.9753836580875641	0.9841044829592983	0.9766999617085063	0.9764243686073716	0.9849835662686586	0.9790008458264142	0.9774061794870407	0.9752495999849702	0.9734770589845471	0.9770152265990245	0.9858167486212774	0.9776781958247122	0.9776241055954965	0.9786442606404551	0.9787867911492181	0.9764722180503241	0.9891007024304097
0.9792458683381142	1.0	0.9843626339713623	0.97671034391055	0.9753920842491733	0.9954446703405447	0.9807506885606533	0.9951334617781031	0.9953155212501812	0.9797939016317356	0.9957529871819721	0.9865445086708801	0.9757038319576737	0.9764306454611502	0.9958684681691229	0.9842253709585906	0.9938996180934616	0.9867227976200647	0.9813754520822398	0.9944978964989954	0.9892841293009568	0.990386187543488	0.9869034861121222	0.9839757352373515	0.9888776508830722	0.9877659623868027	0.9822030375564489	0.9952195131260329	0.9947711720488732	0.994872140211257	0.9830987332545034	0.9893073227709129	0.9757347249574693	0.9946855202198898	0.9897798829752656	0.9952956694048102	0.988596144616164	0.9867571582940947	0.9807302958727991
0.9741939486812711	0.9843626339713623	1.0	0.9740733072878325	0.9723742336683571	0.9842306108959029	0.9760663298975297	0.985143810171518	0.9831358378490632	0.9770067895262039	0.9845378424666414	0.9858543973517541	0.9739828892075614	0.9743430606200805	0.9828266655975281	0.9793924196696268	0.9834271144813722	0.987125123473632	0.9753713120631675	0.9835173703346324	0.9838982098174642	0.9853722405031677	0.9858112031594384	0.9790584247604828	0.9824995645323877	0.9865597833064594	0.9759927657820694	0.9833970763174702	0.9822580100215598	0.9818863231580184	0.9824428005804838	0.9866621730393702	0.9713793712732597	0.9820859043383486	0.983715594791094	0.9830627647253342	0.985113779706604	0.9862403504014225	0.9761225196326967
0.9886761805915368	0.97671034391055	0.9740733072878325	1.0	0.9883624261155387	0.9753294690389499	0.9888558445043818	0.9746948833439212	0.9773499706017207	0.9862508264383378	0.9765185885466144	0.9752780120155785	0.9901682757212832	0.9907370549266294	0.9771738708856206	0.9817664980576507	0.9762096054102466	0.9751994437182445	0.9804813938671314	0.9770694882287413	0.9759044178582261	0.9762459290767403	0.9754770737790905	0.9804818286756715	0.975871584451545	0.97570800668143	0.9854964069097331	0.9782974153084297	0.9774061794870407	0.9758547998828664	0.9751303628275945	0.9763445253199692	0.988657078345722	0.9766254478445787	0.9780636391845052	0.9780016067617721	0.9770215593368221	0.9728498631028444	0.9880698298208147
0.9869986503615419	0.9753920842491733	0.9723742336683571	0.9883624261155387	1.0	0.9755555490180109	0.9869340196051513	0.975337412855787	0.9761810979358201	0.985583831245833	0.9758261775006376	0.9741801444251308	0.9880485405030621	0.9885676462530257	0.976412368046398	0.9804420814907394	0.9753920842491733	0.9739324988987356	0.9810723330187827	0.9756805522884491	0.9749726584573519	0.9745842444027042	0.9737202671433134	0.9806751770435782	0.9752618150352235	0.9748743330069137	0.98460049118611	0.977265436669633	0.9763605120585375	0.9740677172834719	0.9722423377077898	0.9751950231178866	0.988657078345722	0.9760255369494526	0.976998624888346	0.9772883937766618	0.9766796611217928	0.9738254049987937	0.9861496207994177
0.9798256630823308	0.9954446703405447	0.9842306108959029	0.9753294690389499	0.9755555490180109	1.0	0.9812916563229571	0.9929924955724244	0.9947355376000205	0.9789593283547569	0.9946302041572883	0.9867351721770585	0.9764120246557082	0.97695884360433	0.9951444704397236	0.9833595758062149	0.9932751228489379	0.9867866507960289	0.9814218374689899	0.9946415872361204	0.9899978490009272	0.9902385353031435	0.9867936763269093	0.982163272673521	0.9886966781419487	0.9875144698874648	0.9822917508196016	0.9943997844686042	0.994568308651013	0.9943641962566748	0.982917843176451	0.9895454295225112	0.9762216843074621	0.9946855202198898	0.9904450952029322	0.9951284626989201	0.9883964759760088	0.9857431347848868	0.980483807726566
0.9893792521028378	0.9807506885606533	0.9760663298975297	0.9888558445043818	0.9869340196051513	0.9812916563229571	1.0	0.9807247035900988	0.9778121411435786	0.9970614668356432	0.9811123262282287	0.9752008111526862	0.987867156711953	0.9880132016587754	0.9782983005381081	0.984938665122009	0.9811893024143334	0.976513049660572	0.9838699988995324	0.979962009366134	0.978824851494825	0.9770775871318913	0.9757248782015968	0.9846862625071438	0.9768631370196589	0.9767767217198141	0.9850650754490725	0.9790670549498733	0.9779593465415527	0.9763945226752097	0.9750381213234655	0.9777960791117613	0.9846598903401609	0.9774857919153017	0.978526034231594	0.9793441916668372	0.9788404438941846	0.977703706627558	0.9944476494651195
0.9788445655647491	0.9951334617781031	0.985143810171518	0.9746948833439212	0.975337412855787	0.9929924955724244	0.9807247035900988	1.0	0.9990180881995465	0.9779712880723245	0.9939124507419673	0.9867894450669427	0.9756142380663138	0.9761632970773122	0.9953356210409866	0.9821129181790024	0.992926562913742	0.9869774699791805	0.980361913162454	0.9948163677355608	0.9901243341346603	0.9904282528820232	0.9878756248488807	0.9812486318126526	0.9881246460421378	0.988128374401919	0.9815450216325098	0.9940451670208003	0.9941588191296296	0.9949057280651032	0.9826994484810836	0.9898460096539267	0.9749710225524622	0.9936400532142432	0.9897391328407522	0.9945194410512899	0.988596144616164	0.9877974790852067	0.9802354464715535
0.9775664661761293	0.9953155212501812	0.9831358378490632	0.9773499706017207	0.9761810979358201	0.9947355376000205	0.9778121411435786	0.9990180881995465	1.0	0.980342496057581	0.9952615765460068	0.9862977342120732	0.9768181264479564	0.9771632509638206	0.993105394485621	0.9834977639844317	0.9936766194205393	0.9851277160425255	0.9809872592226673	0.9944785697638052	0.9882969732597512	0.988702348607372	0.9866805726860942	0.9830316920100285	0.9836567776983505	0.9843362374983408	0.9789686857858863	0.9907396924647878	0.9928547696741098	0.9919523822605298	0.9790727104664289	0.9861640523041594	0.9725658785890484	0.9892008919887197	0.987304649797386	0.9927772709715137	0.9865851360540543	0.9891305637932648	0.9764974510858838
0.9900436101371254	0.9797939016317356	0.9770067895262039	0.9862508264383378	0.985583831245833	0.9789593283547569	0.9970614668356432	0.9779712880723245	0.980342496057581	1.0	0.9794622659497155	0.978679493708353	0.9858975954090593	0.986461527811425	0.9805459501124776	0.9836691028344887	0.9800083990890696	0.9792680639630623	0.9839412865123454	0.9802290533467525	0.9792603906610498	0.9799187928824783	0.9787293820762719	0.9824130575247901	0.9794288236840456	0.9796709636815513	0.9868603705214744	0.9813345329974017	0.980040969187989	0.9794825116223843	0.9777401012505867	0.9804902239216436	0.98589981844673	0.9803652399851108	0.9811972063712487	0.9815794468968597	0.9815154830110701	0.976712611812071	0.9962844247784354
0.9798778647810823	0.9957529871819721	0.9845378424666414	0.9765185885466144	0.9758261775006376	0.9946302041572883	0.9811123262282287	0.9939124507419673	0.9952615765460068	0.9794622659497155	1.0	0.9871400529632234	0.9762011869721737	0.9769064077259113	0.995783101623013	0.9838460625136042	0.9935106906752125	0.9865733230098254	0.9816527830131805	0.9945298816394247	0.9890613793674586	0.9905122231085929	0.9872090178163374	0.9834954366900702	0.9886739865186258	0.9878114826121629	0.982702597679141	0.994894049191323	0.9949895491759427	0.9952064978413644	0.9836354891900495	0.9897389737172022	0.9761844835682761	0.9945250423656093	0.99018464012004	0.9949940878265229	0.9886756745350275	0.9862390071290947	0.980483807726566
0.9755467804717884	0.9865445086708801	0.9858543973517541	0.9752780120155785	0.9741801444251308	0.9867351721770585	0.9752008111526862	0.9867894450669427	0.9862977342120732	0.978679493708353	0.9871400529632234	1.0	0.9749291549761091	0.9752780120155785	0.9850352781105002	0.980172954419239	0.9863527332629604	0.9878565172455508	0.978679493708353	0.9869247368118323	0.9856865919589778	0.9878565172455508	0.9931780441430476	0.9799064476042415	0.9810566992458166	0.9862150627341656	0.9723340318422257	0.9810243904434333	0.9847191537858455	0.9832727406970446	0.9770961792866184	0.9868436285549216	0.9670242852295378	0.97594470663289	0.9864076404650187	0.9856023667887023	0.980050725656286	0.9930885564925349	0.9708637087259582
0.9873950237184792	0.9757038319576737	0.9739828892075614	0.9901682757212832	0.9880485405030621	0.9764120246557082	0.987867156711953	0.9756142380663138	0.9768181264479564	0.9858975954090593	0.9762011869721737	0.9749291549761091	1.0	0.9992762187859954	0.9769927277662438	0.9807586050628406	0.9757020284802453	0.97513877433006	0.9798066035301797	0.9766038694828889	0.9758487012259663	0.9759856994408114	0.9751646386113796	0.9808045573084154	0.9764371680128535	0.97570800668143	0.9851193027103236	0.9774397184977365	0.976712812270767	0.9749427222863226	0.9739580828353547	0.9763122398594775	0.9879111598411368	0.9761061669428271	0.9776241055954965	0.9778034753773059	0.9778609264026669	0.9736442822539264	0.9871742092994404
0.987539860940304	0.9764306454611502	0.9743430606200805	0.9907370549266294	0.9885676462530257	0.97695884360433	0.9880132016587754	0.9761632970773122	0.9771632509638206	0.986461527811425	0.9769064077259113	0.9752780120155785	0.9992762187859954	1.0	0.9774437106770067	0.9814773086823966	0.9764040092370357	0.9754108993382167	0.9801457407902923	0.9768238138175068	0.9756529379743204	0.9762459290767403	0.9753836580875641	0.9813859404093402	0.9767326622592393	0.9760029727979047	0.9854696140092604	0.9779570399375505	0.976974557917726	0.9754323455825729	0.9741485141700386	0.9766975676952256	0.9881702855058038	0.9763868088431525	0.9779470085200794	0.9779733759020902	0.9781907121896039	0.9741706317831573	0.9873419139216756
0.9776817063785003	0.9958684681691229	0.9828266655975281	0.9771738708856206	0.976412368046398	0.9951444704397236	0.9782983005381081	0.9953356210409866	0.993105394485621	0.9805459501124776	0.995783101623013	0.9850352781105002	0.9769927277662438	0.9774437106770067	1.0	0.9839468264936847	0.9934644279496989	0.984528959382463	0.9813504889374813	0.9936290212063988	0.9882096410797307	0.988053703528796	0.9861930282536913	0.9837258353482761	0.9846977775548357	0.9845378637869856	0.9796800816305253	0.9921684235714384	0.9924214850925733	0.9931142431401956	0.9801957103635781	0.9863547034726945	0.9739505963267356	0.9895232675127374	0.986916339916827	0.9924970809141566	0.9867539855231078	0.9880588283044317	0.9772801256169004
0.9839436436853619	0.9842253709585906	0.9793924196696268	0.9817664980576507	0.9804420814907394	0.9833595758062149	0.984938665122009	0.9821129181790024	0.9834977639844317	0.9836691028344887	0.9838460625136042	0.980172954419239	0.9807586050628406	0.9814773086823966	0.9839468264936847	1.0	0.9835807178049373	0.9808857050054965	0.9832910680015561	0.9838915713266548	0.9831390102021057	0.9825325049908186	0.9809325984500378	0.9990078583477676	0.9841553734786397	0.982941842707474	0.986237873135539	0.9855280787912105	0.9842185609295094	0.9833722352154426	0.9789090813365899	0.9832675141037308	0.9819987875180602	0.9844148576505174	0.9850353709696497	0.9849415375988676	0.9830591273171634	0.9793504067917181	0.9834389775361221
0.9799560112332191	0.9938996180934616	0.9834271144813722	0.9762096054102466	0.9753920842491733	0.9932751228489379	0.9811893024143334	0.992926562913742	0.9936766194205393	0.9800083990890696	0.9935106906752125	0.9863527332629604	0.9757020284802453	0.9764040092370357	0.9934644279496989	0.9835807178049373	1.0	0.9856399055092507	0.9812125832778007	0.9935072173683592	0.9886867518904877	0.9897057470954814	0.9864842441106637	0.9833685097400144	0.9885830634557002	0.9872841609254299	0.9819354462189297	0.9940031967318438	0.9935873787168716	0.992558493345611	0.9828452065911264	0.9888258882437131	0.9766648077050767	0.9932602350976696	0.9894318916524253	0.9940898291828812	0.988596144616164	0.9865901175879482	0.9806893433743575
0.9752297360028714	0.9867227976200647	0.987125123473632	0.9751994437182445	0.9739324988987356	0.9867866507960289	0.976513049660572	0.9869774699791805	0.9851277160425255	0.9792680639630623	0.9865733230098254	0.9878565172455508	0.97513877433006	0.9754108993382167	0.984528959382463	0.9808857050054965	0.9856399055092507	1.0	0.9779582202944423	0.9852411607203453	0.985771752120437	0.9871607427946046	0.9870129305702833	0.9808347538631575	0.9843630621814661	0.9887310457330067	0.9766311781851799	0.9849253080374493	0.9839388721201215	0.9830130480093402	0.9846489479420583	0.9879999977531639	0.9714655782295335	0.9824526071699148	0.9861908021456323	0.9847584284222218	0.9864154151746458	0.9881609575576076	0.9768220103450317
0.9824353281532494	0.9813754520822398	0.9753713120631675	0.9804813938671314	0.9810723330187827	0.9814218374689899	0.9838699988995324	0.980361913162454	0.9809872592226673	0.9839412865123454	0.9816527830131805	0.978679493708353	0.9798066035301797	0.9801457407902923	0.9813504889374813	0.9832910680015561	0.9812125832778007	0.9779582202944423	1.0	0.9805972324762763	0.9795603348356201	0.9793935429331593	0.977874096161874	0.9832253311771414	0.9795489622921445	0.9788741771413936	0.9854427992376248	0.9830768436466306	0.9809253759607286	0.9792402175354774	0.9759040258210488	0.9795971862863787	0.9806637047641182	0.9814426684623333	0.9817738266869734	0.9824282261207218	0.9806648118079465	0.9782353179170742	0.9837763268558811
0.9782743177243595	0.9944978964989954	0.9835173703346324	0.9770694882287413	0.9756805522884491	0.9946415872361204	0.979962009366134	0.9948163677355608	0.9944785697638052	0.9802290533467525	0.9945298816394247	0.9869247368118323	0.9766038694828889	0.9768238138175068	0.9936290212063988	0.9838915713266548	0.9935072173683592	0.9852411607203453	0.9805972324762763	1.0	0.9886310691485365	0.9905122231085929	0.9872524345271548	0.9835811090174137	0.987519002300797	0.9865834010367223	0.9821437615562226	0.9943374799993926	0.9957181829513709	0.9919584899000373	0.9816605612121622	0.9891549002588891	0.9750482052243542	0.9939688582295104	0.9894935692611538	0.9957265039212594	0.9880339942509484	0.9873252873900477	0.9794362761191276
0.9769892159321321	0.9892841293009568	0.9838982098174642	0.9759044178582261	0.9749726584573519	0.9899978490009272	0.978824851494825	0.9901243341346603	0.9882969732597512	0.9792603906610498	0.9890613793674586	0.9856865919589778	0.9758487012259663	0.9756529379743204	0.9882096410797307	0.9831390102021057	0.9886867518904877	0.985771752120437	0.9795603348356201	0.9886310691485365	1.0	0.9885914203739694	0.9858338613198876	0.9830273075155357	0.9908267184835372	0.9885313776277683	0.9800300504836543	0.9883865260378536	0.9879237235106141	0.9871262415285803	0.9824059718613718	0.9894374122347857	0.9744648163661612	0.9889842106044642	0.9951437914397008	0.9893362499411688	0.9858576920223494	0.9872623659995962	0.979179788256821
0.9765040941937637	0.990386187543488	0.9853722405031677	0.9762459290767403	0.9745842444027042	0.9902385353031435	0.9770775871318913	0.9904282528820232	0.988702348607372	0.9799187928824783	0.9905122231085929	0.9878565172455508	0.9759856994408114	0.9762459290767403	0.988053703528796	0.9825325049908186	0.9897057470954814	0.9871607427946046	0.9793935429331593	0.9905122231085929	0.9885914203739694	1.0	0.9892296685231065	0.9822372142702454	0.9842074190427034	0.9869044389085888	0.9769457495667676	0.9865438702840597	0.9885469443159128	0.9866225382021204	0.981166777282099	0.992897962221317	0.9710322295605228	0.9839114227621251	0.988053703528796	0.9886801928115552	0.984802496740464	0.9899625592074413	0.9755518946053058
0.9753836580875641	0.9869034861121222	0.9858112031594384	0.9754770737790905	0.9737202671433134	0.9867936763269093	0.9757248782015968	0.9878756248488807	0.9866805726860942	0.9787293820762719	0.9872090178163374	0.9931780441430476	0.9751646386113796	0.9753836580875641	0.9861930282536913	0.9809325984500378	0.9864842441106637	0.9870129305702833	0.977874096161874	0.9872524345271548	0.9858338613198876	0.9892296685231065	1.0	0.9808272152142825	0.9834711565348182	0.987743178652789	0.976525641974829	0.9855009187807748	0.9846813601396605	0.9843275702772308	0.9833503135418966	0.9883596830214819	0.9726074607866976	0.9819851774941581	0.9857334940513398	0.9852165383418576	0.9857276314597128	0.9966152158847312	0.9764974510858838
0.9841044829592983	0.9839757352373515	0.9790584247604828	0.9804818286756715	0.9806751770435782	0.982163272673521	0.9846862625071438	0.9812486318126526	0.9830316920100285	0.9824130575247901	0.9834954366900702	0.9799064476042415	0.9808045573084154	0.9813859404093402	0.9837258353482761	0.9990078583477676	0.9833685097400144	0.9808347538631575	0.9832253311771414	0.9835811090174137	0.9830273075155357	0.9822372142702454	0.9808272152142825	1.0	0.9840771499831787	0.982703565492037	0.9859485747010477	0.9854465312995988	0.9838216275370752	0.9832051042868806	0.9787858187565568	0.9828206864118545	0.9818426764960161	0.9838479466322982	0.9848466708402197	0.9846204231002594	0.9828701041887238	0.9788837804562178	0.9833257519130107
0.9766999617085063	0.9888776508830722	0.9824995645323877	0.975871584451545	0.9752618150352235	0.9886966781419487	0.9768631370196589	0.9881246460421378	0.9836567776983505	0.9794288236840456	0.9886739865186258	0.9810566992458166	0.9764371680128535	0.9767326622592393	0.9846977775548357	0.9841553734786397	0.9885830634557002	0.9843630621814661	0.9795489622921445	0.987519002300797	0.9908267184835372	0.9842074190427034	0.9834711565348182	0.9840771499831787	1.0	0.9844406077581849	0.9750479161830664	0.9835416087653799	0.9861018518444039	0.9850291140900509	0.9783298289636327	0.9848511177605499	0.9693304452132108	0.9817150472079254	0.9893035207822458	0.9865891139793304	0.9810177721046495	0.9860772981256033	0.9733181186984492
0.9764243686073716	0.9877659623868027	0.9865597833064594	0.97570800668143	0.9748743330069137	0.9875144698874648	0.9767767217198141	0.988128374401919	0.9843362374983408	0.9796709636815513	0.9878114826121629	0.9862150627341656	0.97570800668143	0.9760029727979047	0.9845378637869856	0.982941842707474	0.9872841609254299	0.9887310457330067	0.9788741771413936	0.9865834010367223	0.9885313776277683	0.9869044389085888	0.987743178652789	0.982703565492037	0.9844406077581849	1.0	0.9750479161830664	0.983771543519006	0.9849622506228214	0.9843867603359401	0.9822582413727694	0.9877887303658819	0.9703711292231423	0.9811680028725406	0.987098746221097	0.9855765504350541	0.9833406332328648	0.9896256465798693	0.9757432173933129
0.9849835662686586	0.9822030375564489	0.9759927657820694	0.9854964069097331	0.98460049118611	0.9822917508196016	0.9850650754490725	0.9815450216325098	0.9789686857858863	0.9868603705214744	0.982702597679141	0.9723340318422257	0.9851193027103236	0.9854696140092604	0.9796800816305253	0.986237873135539	0.9819354462189297	0.9766311781851799	0.9854427992376248	0.9821437615562226	0.9800300504836543	0.9769457495667676	0.976525641974829	0.9859485747010477	0.9750479161830664	0.9750479161830664	1.0	0.9770550601498094	0.9805324956258833	0.9776341061770094	0.969457873930603	0.9755963670917216	0.9783096983255513	0.9748333650857035	0.9798396233951707	0.9812719724595818	0.9760433661154186	0.9778716359766532	0.9813786548858935
0.9790008458264142	0.9952195131260329	0.9833970763174702	0.9782974153084297	0.977265436669633	0.9943997844686042	0.9790670549498733	0.9940451670208003	0.9907396924647878	0.9813345329974017	0.994894049191323	0.9810243904434333	0.9774397184977365	0.9779570399375505	0.9921684235714384	0.9855280787912105	0.9940031967318438	0.9849253080374493	0.9830768436466306	0.9943374799993926	0.9883865260378536	0.9865438702840597	0.9855009187807748	0.9854465312995988	0.9835416087653799	0.983771543519006	0.9770550601498094	1.0	0.9923234259711651	0.9907396924647878	0.9770961792866184	0.985228076321564	0.9696962344531824	0.9840064072024931	0.9873242176937709	0.9933457641961266	0.9827751820932481	0.9873242176937709	0.9739289751048262
0.9774061794870407	0.9947711720488732	0.9822580100215598	0.9774061794870407	0.9763605120585375	0.994568308651013	0.9779593465415527	0.9941588191296296	0.9928547696741098	0.980040969187989	0.9949895491759427	0.9847191537858455	0.976712812270767	0.976974557917726	0.9924214850925733	0.9842185609295094	0.9935873787168716	0.9839388721201215	0.9809253759607286	0.9957181829513709	0.9879237235106141	0.9885469443159128	0.9846813601396605	0.9838216275370752	0.9861018518444039	0.9849622506228214	0.9805324956258833	0.9923234259711651	1.0	0.9902258486118003	0.9802744662864905	0.9868031182967846	0.9745432094574179	0.9928760091403656	0.9872850399288284	0.9937246004020283	0.9859441139638849	0.9865043626953824	0.9780888419106808
0.9752495999849702	0.994872140211257	0.9818863231580184	0.9758547998828664	0.9740677172834719	0.9943641962566748	0.9763945226752097	0.9949057280651032	0.9919523822605298	0.9794825116223843	0.9952064978413644	0.9832727406970446	0.9749427222863226	0.9754323455825729	0.9931142431401956	0.9833722352154426	0.992558493345611	0.9830130480093402	0.9792402175354774	0.9919584899000373	0.9871262415285803	0.9866225382021204	0.9843275702772308	0.9832051042868806	0.9850291140900509	0.9843867603359401	0.9776341061770094	0.9907396924647878	0.9902258486118003	1.0	0.979316626154316	0.9854635204759279	0.9716373067086859	0.9903156874461834	0.9861453566042997	0.9901255806763622	0.9865003851118235	0.9874643812468513	0.9763105252983769
0.9734770589845471	0.9830987332545034	0.9824428005804838	0.9751303628275945	0.9722423377077898	0.982917843176451	0.9750381213234655	0.9826994484810836	0.9790727104664289	0.9777401012505867	0.9836354891900495	0.9770961792866184	0.9739580828353547	0.9741485141700386	0.9801957103635781	0.9789090813365899	0.9828452065911264	0.9846489479420583	0.9759040258210488	0.9816605612121622	0.9824059718613718	0.981166777282099	0.9833503135418966	0.9787858187565568	0.9783298289636327	0.9822582413727694	0.969457873930603	0.9770961792866184	0.9802744662864905	0.979316626154316	1.0	0.9814715253035036	0.964866742971332	0.9714782788286235	0.9817734607636178	0.9810517607313062	0.9702383676907421	0.9851272238119814	0.9649825809786615
0.9770152265990245	0.9893073227709129	0.9866621730393702	0.9763445253199692	0.9751950231178866	0.9895454295225112	0.9777960791117613	0.9898460096539267	0.9861640523041594	0.9804902239216436	0.9897389737172022	0.9868436285549216	0.9763122398594775	0.9766975676952256	0.9863547034726945	0.9832675141037308	0.9888258882437131	0.9879999977531639	0.9795971862863787	0.9891549002588891	0.9894374122347857	0.992897962221317	0.9883596830214819	0.9828206864118545	0.9848511177605499	0.9877887303658819	0.9755963670917216	0.985228076321564	0.9868031182967846	0.9854635204759279	0.9814715253035036	1.0	0.9715085957972002	0.9834966144079789	0.9885825082765621	0.9879547596504412	0.9853782649741086	0.9897818297704689	0.9756954921106451
0.9858167486212774	0.9757347249574693	0.9713793712732597	0.988657078345722	0.988657078345722	0.9762216843074621	0.9846598903401609	0.9749710225524622	0.9725658785890484	0.98589981844673	0.9761844835682761	0.9670242852295378	0.9879111598411368	0.9881702855058038	0.9739505963267356	0.9819987875180602	0.9766648077050767	0.9714655782295335	0.9806637047641182	0.9750482052243542	0.9744648163661612	0.9710322295605228	0.9726074607866976	0.9818426764960161	0.9693304452132108	0.9703711292231423	0.9783096983255513	0.9696962344531824	0.9745432094574179	0.9716373067086859	0.964866742971332	0.9715085957972002	1.0	0.9675387193182527	0.9738707577235778	0.9748161050992248	0.9683689280320615	0.9737506304331848	0.9791368436518064
0.9776781958247122	0.9946855202198898	0.9820859043383486	0.9766254478445787	0.9760255369494526	0.9946855202198898	0.9774857919153017	0.9936400532142432	0.9892008919887197	0.9803652399851108	0.9945250423656093	0.97594470663289	0.9761061669428271	0.9763868088431525	0.9895232675127374	0.9844148576505174	0.9932602350976696	0.9824526071699148	0.9814426684623333	0.9939688582295104	0.9889842106044642	0.9839114227621251	0.9819851774941581	0.9838479466322982	0.9817150472079254	0.9811680028725406	0.9748333650857035	0.9840064072024931	0.9928760091403656	0.9903156874461834	0.9714782788286235	0.9834966144079789	0.9675387193182527	1.0	0.9854294241775333	0.9956324145622164	0.9790008748186728	0.986589406225484	0.9724325624389744
0.9776241055954965	0.9897798829752656	0.983715594791094	0.9780636391845052	0.976998624888346	0.9904450952029322	0.978526034231594	0.9897391328407522	0.987304649797386	0.9811972063712487	0.99018464012004	0.9864076404650187	0.9776241055954965	0.9779470085200794	0.986916339916827	0.9850353709696497	0.9894318916524253	0.9861908021456323	0.9817738266869734	0.9894935692611538	0.9951437914397008	0.988053703528796	0.9857334940513398	0.9848466708402197	0.9893035207822458	0.987098746221097	0.9798396233951707	0.9873242176937709	0.9872850399288284	0.9861453566042997	0.9817734607636178	0.9885825082765621	0.9738707577235778	0.9854294241775333	1.0	0.9884078068346854	0.9853343317438407	0.9880234735640476	0.977999969120897
0.9786442606404551	0.9952956694048102	0.9830627647253342	0.9780016067617721	0.9772883937766618	0.9951284626989201	0.9793441916668372	0.9945194410512899	0.9927772709715137	0.9815794468968597	0.9949940878265229	0.9856023667887023	0.9778034753773059	0.9779733759020902	0.9924970809141566	0.9849415375988676	0.9940898291828812	0.9847584284222218	0.9824282261207218	0.9957265039212594	0.9893362499411688	0.9886801928115552	0.9852165383418576	0.9846204231002594	0.9865891139793304	0.9855765504350541	0.9812719724595818	0.9933457641961266	0.9937246004020283	0.9901255806763622	0.9810517607313062	0.9879547596504412	0.9748161050992248	0.9956324145622164	0.9884078068346854	1.0	0.9875032637950706	0.987019932833071	0.9791368436518064
0.9787867911492181	0.988596144616164	0.985113779706604	0.9770215593368221	0.9766796611217928	0.9883964759760088	0.9788404438941846	0.988596144616164	0.9865851360540543	0.9815154830110701	0.9886756745350275	0.980050725656286	0.9778609264026669	0.9781907121896039	0.9867539855231078	0.9830591273171634	0.988596144616164	0.9864154151746458	0.9806648118079465	0.9880339942509484	0.9858576920223494	0.984802496740464	0.9857276314597128	0.9828701041887238	0.9810177721046495	0.9833406332328648	0.9760433661154186	0.9827751820932481	0.9859441139638849	0.9865003851118235	0.9702383676907421	0.9853782649741086	0.9683689280320615	0.9790008748186728	0.9853343317438407	0.9875032637950706	1.0	0.9866274297601073	0.9682205414633833
0.9764722180503241	0.9867571582940947	0.9862403504014225	0.9728498631028444	0.9738254049987937	0.9857431347848868	0.977703706627558	0.9877974790852067	0.9891305637932648	0.976712611812071	0.9862390071290947	0.9930885564925349	0.9736442822539264	0.9741706317831573	0.9880588283044317	0.9793504067917181	0.9865901175879482	0.9881609575576076	0.9782353179170742	0.9873252873900477	0.9872623659995962	0.9899625592074413	0.9966152158847312	0.9788837804562178	0.9860772981256033	0.9896256465798693	0.9778716359766532	0.9873242176937709	0.9865043626953824	0.9874643812468513	0.9851272238119814	0.9897818297704689	0.9737506304331848	0.986589406225484	0.9880234735640476	0.987019932833071	0.9866274297601073	1.0	0.97835401599026
0.9891007024304097	0.9807302958727991	0.9761225196326967	0.9880698298208147	0.9861496207994177	0.980483807726566	0.9944476494651195	0.9802354464715535	0.9764974510858838	0.9962844247784354	0.980483807726566	0.9708637087259582	0.9871742092994404	0.9873419139216756	0.9772801256169004	0.9834389775361221	0.9806893433743575	0.9768220103450317	0.9837763268558811	0.9794362761191276	0.979179788256821	0.9755518946053058	0.9764974510858838	0.9833257519130107	0.9733181186984492	0.9757432173933129	0.9813786548858935	0.9739289751048262	0.9780888419106808	0.9763105252983769	0.9649825809786615	0.9756954921106451	0.9791368436518064	0.9724325624389744	0.977999969120897	0.9791368436518064	0.9682205414633833	0.97835401599026	1.0
