/home/jshaw/scratch/2022_sketched_distance/references/SGB_genome_fastas_part3/4834/BritoIL_2016__W1.14.ST__bin.44.fa	/home/jshaw/scratch/2022_sketched_distance/references/SGB_genome_fastas_part3/4834/ChengpingW_2017__AS25raw__bin.29.fa	/home/jshaw/scratch/2022_sketched_distance/references/SGB_genome_fastas_part3/4834/ChengpingW_2017__AS43raw__bin.55.fa	/home/jshaw/scratch/2022_sketched_distance/references/SGB_genome_fastas_part3/4834/ChengpingW_2017__AS94raw__bin.16.fa	/home/jshaw/scratch/2022_sketched_distance/references/SGB_genome_fastas_part3/4834/HeQ_2017__RSZAXPI003082-116__bin.21.fa	/home/jshaw/scratch/2022_sketched_distance/references/SGB_genome_fastas_part3/4834/HeQ_2017__RSZAXPI003095-129__bin.28.fa	/home/jshaw/scratch/2022_sketched_distance/references/SGB_genome_fastas_part3/4834/HeQ_2017__RSZAXPI003096-130__bin.26.fa	/home/jshaw/scratch/2022_sketched_distance/references/SGB_genome_fastas_part3/4834/HeQ_2017__SZAXPI029469-27__bin.4.fa	/home/jshaw/scratch/2022_sketched_distance/references/SGB_genome_fastas_part3/4834/HeQ_2017__SZAXPI029473-40__bin.36.fa	/home/jshaw/scratch/2022_sketched_distance/references/SGB_genome_fastas_part3/4834/HeQ_2017__SZAXPI029590-113__bin.62.fa	/home/jshaw/scratch/2022_sketched_distance/references/SGB_genome_fastas_part3/4834/HeQ_2017__SZAXPI029601-32__bin.70.fa	/home/jshaw/scratch/2022_sketched_distance/references/SGB_genome_fastas_part3/4834/NielsenHB_2014__V1_CD17_0__bin.10.fa	/home/jshaw/scratch/2022_sketched_distance/references/SGB_genome_fastas_part3/4834/QinJ_2012__CON-069__bin.11.fa	/home/jshaw/scratch/2022_sketched_distance/references/SGB_genome_fastas_part3/4834/QinJ_2012__DLM012__bin.15.fa	/home/jshaw/scratch/2022_sketched_distance/references/SGB_genome_fastas_part3/4834/QinJ_2012__NLM007__bin.18.fa	/home/jshaw/scratch/2022_sketched_distance/references/SGB_genome_fastas_part3/4834/QinJ_2012__NOM002__bin.37.fa	/home/jshaw/scratch/2022_sketched_distance/references/SGB_genome_fastas_part3/4834/QinJ_2012__NOM029__bin.6.fa	/home/jshaw/scratch/2022_sketched_distance/references/SGB_genome_fastas_part3/4834/QinJ_2012__T2D-016__bin.5.fa	/home/jshaw/scratch/2022_sketched_distance/references/SGB_genome_fastas_part3/4834/QinJ_2012__T2D-028__bin.33.fa	/home/jshaw/scratch/2022_sketched_distance/references/SGB_genome_fastas_part3/4834/QinJ_2012__T2D-031__bin.3.fa	/home/jshaw/scratch/2022_sketched_distance/references/SGB_genome_fastas_part3/4834/QinJ_2012__T2D-041__bin.54.fa	/home/jshaw/scratch/2022_sketched_distance/references/SGB_genome_fastas_part3/4834/QinJ_2012__T2D-044__bin.17.fa	/home/jshaw/scratch/2022_sketched_distance/references/SGB_genome_fastas_part3/4834/QinJ_2012__T2D-102__bin.13.fa	/home/jshaw/scratch/2022_sketched_distance/references/SGB_genome_fastas_part3/4834/QinN_2014__LD-51__bin.42.fa	/home/jshaw/scratch/2022_sketched_distance/references/SGB_genome_fastas_part3/4834/QinN_2014__LD-71__bin.17.fa	/home/jshaw/scratch/2022_sketched_distance/references/SGB_genome_fastas_part3/4834/QinN_2014__LD-89__bin.1.fa	/home/jshaw/scratch/2022_sketched_distance/references/SGB_genome_fastas_part3/4834/QinN_2014__LV-22__bin.8.fa	/home/jshaw/scratch/2022_sketched_distance/references/SGB_genome_fastas_part3/4834/SchirmerM_2016__G88708__bin.9.fa	/home/jshaw/scratch/2022_sketched_distance/references/SGB_genome_fastas_part3/4834/WenC_2017__N209__bin.5.fa	/home/jshaw/scratch/2022_sketched_distance/references/SGB_genome_fastas_part3/4834/WenC_2017__N216__bin.1.fa	/home/jshaw/scratch/2022_sketched_distance/references/SGB_genome_fastas_part3/4834/WenC_2017__N217__bin.20.fa	/home/jshaw/scratch/2022_sketched_distance/references/SGB_genome_fastas_part3/4834/YuJ_2015__SZAXPI003412-1__bin.59.fa	/home/jshaw/scratch/2022_sketched_distance/references/SGB_genome_fastas_part3/4834/YuJ_2015__SZAXPI003434-7__bin.2.fa	/home/jshaw/scratch/2022_sketched_distance/references/SGB_genome_fastas_part3/4834/YuJ_2015__SZAXPI015239-25__bin.25.fa	/home/jshaw/scratch/2022_sketched_distance/references/SGB_genome_fastas_part3/4834/ZeeviD_2015__PNP_Main_45__bin.54.fa
1.0	0.96529384010118	0.9677496459501433	0.9668539475031125	0.9676396048280231	0.9702961362301561	0.9638999459473239	0.9646970282856019	0.9649929809586424	0.9634779376840141	0.9681495367516796	0.9691523642096216	0.9539779032262168	0.9655921309390906	0.9640493756660707	0.9666881706623374	0.9565664021433747	0.9586323813362074	0.9685439816834528	0.9714392702596322	0.9643740705372832	0.9680877282465642	0.9710026185553643	0.9681635750916958	0.9702442828526207	0.9689366275853731	0.9668219553277809	0.9653632914160466	0.9597594884020827	0.9563516633075572	0.9651576683555276	0.9687601758267342	0.9710788905141158	0.9722075764552872	0.949023597429603
0.96529384010118	1.0	0.9788013333390511	0.9778806825659857	0.9768461569657653	0.978703488707332	0.97401535584655	0.9703874573012582	0.9768605943935778	0.9622279988435724	0.9778843194082852	0.968639575894285	0.9668903866862371	0.9754634028837202	0.9769984615608495	0.9775966296830328	0.9688059461324726	0.9731804587935151	0.9743904114486446	0.97255379385799	0.9761027079468972	0.969619579728678	0.9739751548660011	0.9767502744747792	0.9712123070285349	0.9785235818263676	0.9775096288920194	0.9762404813162011	0.9729114237548893	0.9679718282763012	0.9783464206039464	0.9717529766794523	0.9720606439705005	0.9766407079399338	0.9633309422417422
0.9677496459501433	0.9788013333390511	1.0	0.9889794982504333	0.9800842570825905	0.9822417040548203	0.982419873076256	0.974510773353372	0.9851402634353252	0.9640534161706926	0.9874056292931425	0.9730745319939219	0.9810941510510998	0.9833866632927312	0.984258463469332	0.9871564551567101	0.9803934464085603	0.9830556415619929	0.9781716586214007	0.9754673405685842	0.9867232176097113	0.9720036419098834	0.9772009889021228	0.9798169118926479	0.9734054081280882	0.9818129249688832	0.9872479983858419	0.983613303070426	0.9819885031502866	0.9812561980816088	0.9828526786492425	0.9727233103090939	0.973565073805244	0.9799433540672641	0.9753156092743976
0.9668539475031125	0.9778806825659857	0.9889794982504333	1.0	0.977972128368677	0.980286752471744	0.9820446686977448	0.9726639116678318	0.9844051982711027	0.9617556187719618	0.9865139649499408	0.9694543959629424	0.9802997557092408	0.9827848327314166	0.9834796276824487	0.9860238441444195	0.9798591800074224	0.9839268663061665	0.9761665409601954	0.9735362921825986	0.9826665020336243	0.9708106724154386	0.9751550713347299	0.978013971151162	0.9710371225805239	0.9812186670604129	0.9859130965517737	0.9840149344723235	0.9831518338853235	0.9792593700578525	0.982026910304153	0.9726005207708519	0.9718306110105206	0.9786880201978603	0.9751585323435713
0.9676396048280231	0.9768461569657653	0.9800842570825905	0.977972128368677	1.0	0.9868718164853713	0.9780113952280267	0.9768372644393749	0.9810367073952292	0.9720137670243504	0.9814870017763747	0.9767548264065882	0.9707708820672158	0.9747182945325996	0.9801895644224373	0.9820707378271611	0.9711925634367559	0.9729809925015408	0.9791273526727824	0.9777258971785096	0.9760708658168348	0.9765313808536181	0.9858659648804472	0.9857963967642173	0.981832740783333	0.9851524833941673	0.9801046083545251	0.9754155264474221	0.9721142353674412	0.9682512981539686	0.9776292905292124	0.9751907110523005	0.982972316999357	0.9814145827218903	0.963246947274188
0.9702961362301561	0.978703488707332	0.9822417040548203	0.980286752471744	0.9868718164853713	1.0	0.9786124796719532	0.9795545056373451	0.982087152344754	0.9726318773666697	0.9822123828688699	0.9776667785814043	0.9716337070554197	0.9775090994985646	0.9849159515629144	0.9847151115556619	0.9735760406027146	0.9749636816040335	0.9821929231447372	0.9811187847673476	0.9785002192947521	0.9811010155223251	0.9869068026116506	0.9893516214641042	0.9844843201117855	0.9863842151308427	0.9805688326539551	0.9776278884240296	0.9754622637992866	0.9720976752029504	0.9791669605960683	0.9776568834369576	0.9838004134192497	0.9846087774777542	0.9649482336583914
0.9638999459473239	0.97401535584655	0.982419873076256	0.9820446686977448	0.9780113952280267	0.9786124796719532	1.0	0.9774644427538778	0.9808476829436631	0.9567135533083521	0.9820940391413931	0.9625733957449809	0.9815698145979908	0.9772107317683305	0.9780719912124208	0.9824205029707864	0.977853840568178	0.9779906371530854	0.9747075458129282	0.9685283690827453	0.979790494022186	0.9675928988995062	0.9714405028018862	0.975740026242378	0.9645146750405803	0.9791637781313441	0.9815013542370901	0.9787534629037776	0.9766725386395679	0.9751380634823366	0.9805250902065911	0.9728253773067278	0.9656338802947972	0.978046200343123	0.9722235156164417
0.9646970282856019	0.9703874573012582	0.974510773353372	0.9726639116678318	0.9768372644393749	0.9795545056373451	0.9774644427538778	1.0	0.9712432890963097	0.9596234035977024	0.9744427362638763	0.9676238530705275	0.9714124451265708	0.9672114677563948	0.9699316924540653	0.9736471576625865	0.9685276420833618	0.9724980527521557	0.9774741708329913	0.9735825484595728	0.971063396564376	0.9722499610671149	0.9765788632326228	0.9770454788301951	0.9716780954477484	0.9761208054980944	0.9813616006989772	0.9704185198909667	0.9669900648017142	0.9651815061201194	0.9731634980959134	0.9818601566414283	0.9724486929467736	0.9797439762479782	0.9634339722943479
0.9649929809586424	0.9768605943935778	0.9851402634353252	0.9844051982711027	0.9810367073952292	0.982087152344754	0.9808476829436631	0.9712432890963097	1.0	0.9648721381357374	0.9858335225637471	0.9679780783267372	0.9786360630797897	0.9817994770673663	0.9852954326767612	0.9878637253352567	0.9777163658798647	0.9799429708808344	0.9756238923285389	0.9720494516935066	0.981660186103761	0.9728243243273142	0.9784171958437705	0.9819867153349316	0.9763394046139835	0.9880411207749752	0.984984587816544	0.9822277977294979	0.9802450733028597	0.9764834847827422	0.9798687767616437	0.969618319145173	0.9760934990268291	0.9776815830205804	0.9736245844622397
0.9634779376840141	0.9622279988435724	0.9640534161706926	0.9617556187719618	0.9720137670243504	0.9726318773666697	0.9567135533083521	0.9596234035977024	0.9648721381357374	1.0	0.9650590387614079	0.9762586455529706	0.9496250064237501	0.9591801972151033	0.96370902083787	0.9669049012240863	0.9556483771782753	0.9575122672018782	0.971785556862591	0.9734579628169133	0.9603457828223751	0.9728888532622598	0.9775145980360216	0.973514383314338	0.9790179101180352	0.9696416390766419	0.9642869448598196	0.9590822287003687	0.9565714820595513	0.9523515198990617	0.9622675058025655	0.962068531399441	0.9790550437162487	0.9721620888738133	0.9312723530180558
0.9681495367516796	0.9778843194082852	0.9874056292931425	0.9865139649499408	0.9814870017763747	0.9822123828688699	0.9820940391413931	0.9744427362638763	0.9858335225637471	0.9650590387614079	1.0	0.9717512885699486	0.9833481952154935	0.983409615341482	0.985477100851306	0.9883153109693787	0.9830129716265544	0.9836376267222678	0.976690250503492	0.9736296572393602	0.9835598103008146	0.970614430289336	0.9785003356058329	0.9807960125992181	0.9739165761899202	0.9827423043535151	0.9879694455720966	0.984409775639808	0.981119536957947	0.9796970132443074	0.9832201941327138	0.9749840938991957	0.9758312869270752	0.9795507273153878	0.976399900258724
0.9691523642096216	0.968639575894285	0.9730745319939219	0.9694543959629424	0.9767548264065882	0.9776667785814043	0.9625733957449809	0.9676238530705275	0.9679780783267372	0.9762586455529706	0.9717512885699486	1.0	0.9546978182398138	0.9656350289749314	0.9667979957220721	0.9711050576187518	0.9621958440353847	0.9632707570370365	0.9741097883368508	0.9802167089808177	0.9699336837975705	0.9767978776620138	0.9832080377516591	0.9758642863061121	0.9841528739989465	0.9729801929707349	0.9691690695166778	0.9656724874035483	0.9627003151669783	0.960974506053168	0.9674471395482968	0.9705224644827757	0.9858597788293118	0.9786474904737178	0.9385445429178793
0.9539779032262168	0.9668903866862371	0.9810941510510998	0.9802997557092408	0.9707708820672158	0.9716337070554197	0.9815698145979908	0.9714124451265708	0.9786360630797897	0.9496250064237501	0.9833481952154935	0.9546978182398138	1.0	0.975291039133993	0.9766765077618563	0.9807710688624043	0.980764659011627	0.9791424043730181	0.96626229663309	0.9596023615512751	0.9778646191262107	0.9567460256032368	0.9635157513288068	0.9681937690185222	0.9536233321897033	0.971829744683796	0.9812516012980497	0.9770611037681181	0.9742006504595879	0.9765952009912784	0.976019964520248	0.9677461207430373	0.9567383772807915	0.9689727720666489	0.9750416957084107
0.9655921309390906	0.9754634028837202	0.9833866632927312	0.9827848327314166	0.9747182945325996	0.9775090994985646	0.9772107317683305	0.9672114677563948	0.9817994770673663	0.9591801972151033	0.983409615341482	0.9656350289749314	0.975291039133993	1.0	0.9816723421272227	0.9834870433367559	0.9755645347951605	0.9788879207320207	0.9738018941152599	0.9698805238782846	0.9805743009687602	0.9684693321033494	0.9717194522302495	0.9753737275478089	0.9685469098201435	0.9783176017275027	0.9827320490314169	0.9818544420896125	0.9788861839933996	0.9749135118142779	0.9789568071131425	0.9712398891662304	0.9702635838546771	0.9757958454129964	0.9734643339188152
0.9640493756660707	0.9769984615608495	0.984258463469332	0.9834796276824487	0.9801895644224373	0.9849159515629144	0.9780719912124208	0.9699316924540653	0.9852954326767612	0.96370902083787	0.985477100851306	0.9667979957220721	0.9766765077618563	0.9816723421272227	1.0	0.9879097783492683	0.976816767129781	0.9785521796006613	0.9741100612731484	0.971528142205197	0.9818421859019185	0.9731803662872035	0.9775651001970647	0.9822266445600913	0.974204743692696	0.9834766470856482	0.9848432175461735	0.9816164823513046	0.9794501107768305	0.975620713330527	0.9799068749208611	0.9687322050884759	0.9753024565407236	0.9761864937728394	0.9731284276583269
0.9666881706623374	0.9775966296830328	0.9871564551567101	0.9860238441444195	0.9820707378271611	0.9847151115556619	0.9824205029707864	0.9736471576625865	0.9878637253352567	0.9669049012240863	0.9883153109693787	0.9711050576187518	0.9807710688624043	0.9834870433367559	0.9879097783492683	1.0	0.9801999466549858	0.9825491973711101	0.9760928457653527	0.9743750670732687	0.9832689845652465	0.974583210372559	0.9806468450180357	0.983393348143463	0.9772947722159612	0.9845291172674417	0.9868444954529668	0.9837438347294204	0.9812129223540181	0.9784470252251665	0.9815403427480424	0.9721027848987901	0.9775853240336226	0.9792292837469041	0.9749243816045182
0.9565664021433747	0.9688059461324726	0.9803934464085603	0.9798591800074224	0.9711925634367559	0.9735760406027146	0.977853840568178	0.9685276420833618	0.9777163658798647	0.9556483771782753	0.9830129716265544	0.9621958440353847	0.980764659011627	0.9755645347951605	0.976816767129781	0.9801999466549858	1.0	0.9784382951547006	0.969124263117734	0.9648539286163024	0.9757431750708914	0.9610515808465502	0.9682315695074185	0.9713085422703817	0.9616977573389209	0.9734631469182818	0.9805099826487848	0.9767218730974495	0.9737882016671484	0.9749838071097863	0.97701337501143	0.9650593362441677	0.9625384253722566	0.9751583927741669	0.97189039031461
0.9586323813362074	0.9731804587935151	0.9830556415619929	0.9839268663061665	0.9729809925015408	0.9749636816040335	0.9779906371530854	0.9724980527521557	0.9799429708808344	0.9575122672018782	0.9836376267222678	0.9632707570370365	0.9791424043730181	0.9788879207320207	0.9785521796006613	0.9825491973711101	0.9784382951547006	1.0	0.9706488028450323	0.9677127219222913	0.9790647467301009	0.964603004132405	0.9694822200910005	0.9726616793357131	0.9658579967954068	0.9752970793433475	0.9842598854566207	0.98052691668021	0.9786697307533847	0.976569813756575	0.9776239101133822	0.9686444724410465	0.9665589439924306	0.9712461779340194	0.9736956549964596
0.9685439816834528	0.9743904114486446	0.9781716586214007	0.9761665409601954	0.9791273526727824	0.9821929231447372	0.9747075458129282	0.9774741708329913	0.9756238923285389	0.971785556862591	0.976690250503492	0.9741097883368508	0.96626229663309	0.9738018941152599	0.9741100612731484	0.9760928457653527	0.969124263117734	0.9706488028450323	1.0	0.9800549511253932	0.9737395816324314	0.9756709071242476	0.9804296967784274	0.9798709715410374	0.9764771514031069	0.9800427334254552	0.9784998283909304	0.9740425675717403	0.9712084188259301	0.966127995246663	0.9751279951379126	0.9760657527816183	0.9768847202357308	0.9826854114814275	0.9589881395753733
0.9714392702596322	0.97255379385799	0.9754673405685842	0.9735362921825986	0.9777258971785096	0.9811187847673476	0.9685283690827453	0.9735825484595728	0.9720494516935066	0.9734579628169133	0.9736296572393602	0.9802167089808177	0.9596023615512751	0.9698805238782846	0.971528142205197	0.9743750670732687	0.9648539286163024	0.9677127219222913	0.9800549511253932	1.0	0.9690886494530417	0.9786033765710659	0.9848367123949419	0.9786808680394994	0.9833009781775155	0.9769248000320389	0.9735160720716483	0.9701643063876718	0.9659938460063276	0.9629779337995892	0.9704668977827261	0.9769580692111729	0.982852464800312	0.9821167098324554	0.9505371479664618
0.9643740705372832	0.9761027079468972	0.9867232176097113	0.9826665020336243	0.9760708658168348	0.9785002192947521	0.979790494022186	0.971063396564376	0.981660186103761	0.9603457828223751	0.9835598103008146	0.9699336837975705	0.9778646191262107	0.9805743009687602	0.9818421859019185	0.9832689845652465	0.9757431750708914	0.9790647467301009	0.9737395816324314	0.9690886494530417	1.0	0.9678455867682263	0.9731689527669155	0.9767692822211815	0.9686213958769285	0.9782329894495942	0.9838340955604408	0.9802606655549989	0.9790457492522031	0.9810135331281703	0.9802808957940713	0.9701850179755084	0.9709416108650933	0.9751151359382072	0.973247896085615
0.9680877282465642	0.969619579728678	0.9720036419098834	0.9708106724154386	0.9765313808536181	0.9811010155223251	0.9675928988995062	0.9722499610671149	0.9728243243273142	0.9728888532622598	0.970614430289336	0.9767978776620138	0.9567460256032368	0.9684693321033494	0.9731803662872035	0.974583210372559	0.9610515808465502	0.964603004132405	0.9756709071242476	0.9786033765710659	0.9678455867682263	1.0	0.9826152371642285	0.978675605406319	0.9833984155500539	0.9783620007216332	0.9704225387280608	0.9666494626816977	0.9649763242175885	0.9600411713074315	0.9687864429505504	0.9722073794014175	0.9829337120964123	0.9796250024574096	0.9454006402302972
0.9710026185553643	0.9739751548660011	0.9772009889021228	0.9751550713347299	0.9858659648804472	0.9869068026116506	0.9714405028018862	0.9765788632326228	0.9784171958437705	0.9775145980360216	0.9785003356058329	0.9832080377516591	0.9635157513288068	0.9717194522302495	0.9775651001970647	0.9806468450180357	0.9682315695074185	0.9694822200910005	0.9804296967784274	0.9848367123949419	0.9731689527669155	0.9826152371642285	1.0	0.9896846109936843	0.992578897876228	0.9835479565431302	0.9745238632334726	0.9723117830421609	0.9694473885439084	0.9660805600665395	0.9729707172116127	0.976706960425961	0.991130381471372	0.9841628907200219	0.9532376341192574
0.9681635750916958	0.9767502744747792	0.9798169118926479	0.978013971151162	0.9857963967642173	0.9893516214641042	0.975740026242378	0.9770454788301951	0.9819867153349316	0.973514383314338	0.9807960125992181	0.9758642863061121	0.9681937690185222	0.9753737275478089	0.9822266445600913	0.983393348143463	0.9713085422703817	0.9726616793357131	0.9798709715410374	0.9786808680394994	0.9767692822211815	0.978675605406319	0.9896846109936843	1.0	0.9895965175588043	0.9856125905683284	0.978123169097295	0.9758279828249692	0.9735482576861371	0.9696181242816266	0.9774359766552508	0.9763702504453287	0.9852772152388821	0.9819282072214526	0.962445977399223
0.9702442828526207	0.9712123070285349	0.9734054081280882	0.9710371225805239	0.981832740783333	0.9844843201117855	0.9645146750405803	0.9716780954477484	0.9763394046139835	0.9790179101180352	0.9739165761899202	0.9841528739989465	0.9536233321897033	0.9685469098201435	0.974204743692696	0.9772947722159612	0.9616977573389209	0.9658579967954068	0.9764771514031069	0.9833009781775155	0.9686213958769285	0.9833984155500539	0.992578897876228	0.9895965175588043	1.0	0.9815214622761768	0.9710903772993442	0.9684578607795268	0.9656538825430093	0.9612359146105722	0.9693625466460696	0.9733909671371173	0.9922016645316387	0.9808663515345724	0.9434220703920382
0.9689366275853731	0.9785235818263676	0.9818129249688832	0.9812186670604129	0.9851524833941673	0.9863842151308427	0.9791637781313441	0.9761208054980944	0.9880411207749752	0.9696416390766419	0.9827423043535151	0.9729801929707349	0.971829744683796	0.9783176017275027	0.9834766470856482	0.9845291172674417	0.9734631469182818	0.9752970793433475	0.9800427334254552	0.9769248000320389	0.9782329894495942	0.9783620007216332	0.9835479565431302	0.9856125905683284	0.9815214622761768	1.0	0.9816252204387526	0.9786914016891612	0.9761996189571049	0.9724449305036426	0.9782008075354685	0.9756378383447372	0.9805343979064812	0.9816789699200075	0.966873162451202
0.9668219553277809	0.9775096288920194	0.9872479983858419	0.9859130965517737	0.9801046083545251	0.9805688326539551	0.9815013542370901	0.9813616006989772	0.984984587816544	0.9642869448598196	0.9879694455720966	0.9691690695166778	0.9812516012980497	0.9827320490314169	0.9848432175461735	0.9868444954529668	0.9805099826487848	0.9842598854566207	0.9784998283909304	0.9735160720716483	0.9838340955604408	0.9704225387280608	0.9745238632334726	0.978123169097295	0.9710903772993442	0.9816252204387526	1.0	0.983986696078016	0.9817732935863944	0.9783220318293174	0.9816950494866293	0.971925977204802	0.9724710902129396	0.977137910183221	0.9756457944861604
0.9653632914160466	0.9762404813162011	0.983613303070426	0.9840149344723235	0.9754155264474221	0.9776278884240296	0.9787534629037776	0.9704185198909667	0.9822277977294979	0.9590822287003687	0.984409775639808	0.9656724874035483	0.9770611037681181	0.9818544420896125	0.9816164823513046	0.9837438347294204	0.9767218730974495	0.98052691668021	0.9740425675717403	0.9701643063876718	0.9802606655549989	0.9666494626816977	0.9723117830421609	0.9758279828249692	0.9684578607795268	0.9786914016891612	0.983986696078016	1.0	0.9794434410458557	0.9751850237359934	0.9797654474977096	0.970474026598486	0.9689521256539357	0.9740871097421434	0.9755307143796359
0.9597594884020827	0.9729114237548893	0.9819885031502866	0.9831518338853235	0.9721142353674412	0.9754622637992866	0.9766725386395679	0.9669900648017142	0.9802450733028597	0.9565714820595513	0.981119536957947	0.9627003151669783	0.9742006504595879	0.9788861839933996	0.9794501107768305	0.9812129223540181	0.9737882016671484	0.9786697307533847	0.9712084188259301	0.9659938460063276	0.9790457492522031	0.9649763242175885	0.9694473885439084	0.9735482576861371	0.9656538825430093	0.9761996189571049	0.9817732935863944	0.9794434410458557	1.0	0.9741688902673519	0.9774051582178128	0.9654470870106806	0.9666123341635731	0.9720237347322074	0.9711844856598779
0.9563516633075572	0.9679718282763012	0.9812561980816088	0.9792593700578525	0.9682512981539686	0.9720976752029504	0.9751380634823366	0.9651815061201194	0.9764834847827422	0.9523515198990617	0.9796970132443074	0.960974506053168	0.9765952009912784	0.9749135118142779	0.975620713330527	0.9784470252251665	0.9749838071097863	0.976569813756575	0.966127995246663	0.9629779337995892	0.9810135331281703	0.9600411713074315	0.9660805600665395	0.9696181242816266	0.9612359146105722	0.9724449305036426	0.9783220318293174	0.9751850237359934	0.9741688902673519	1.0	0.9738674551973309	0.9625859303819733	0.9621944107057533	0.9674835365193265	0.9698233950452486
0.9651576683555276	0.9783464206039464	0.9828526786492425	0.982026910304153	0.9776292905292124	0.9791669605960683	0.9805250902065911	0.9731634980959134	0.9798687767616437	0.9622675058025655	0.9832201941327138	0.9674471395482968	0.976019964520248	0.9789568071131425	0.9799068749208611	0.9815403427480424	0.97701337501143	0.9776239101133822	0.9751279951379126	0.9704668977827261	0.9802808957940713	0.9687864429505504	0.9729707172116127	0.9774359766552508	0.9693625466460696	0.9782008075354685	0.9816950494866293	0.9797654474977096	0.9774051582178128	0.9738674551973309	1.0	0.9726268622952133	0.9710876873603921	0.981107998128242	0.9693687828206176
0.9687601758267342	0.9717529766794523	0.9727233103090939	0.9726005207708519	0.9751907110523005	0.9776568834369576	0.9728253773067278	0.9818601566414283	0.969618319145173	0.962068531399441	0.9749840938991957	0.9705224644827757	0.9677461207430373	0.9712398891662304	0.9687322050884759	0.9721027848987901	0.9650593362441677	0.9686444724410465	0.9760657527816183	0.9769580692111729	0.9701850179755084	0.9722073794014175	0.976706960425961	0.9763702504453287	0.9733909671371173	0.9756378383447372	0.971925977204802	0.970474026598486	0.9654470870106806	0.9625859303819733	0.9726268622952133	1.0	0.9751199100303085	0.9796319145815969	0.9620638300281503
0.9710788905141158	0.9720606439705005	0.973565073805244	0.9718306110105206	0.982972316999357	0.9838004134192497	0.9656338802947972	0.9724486929467736	0.9760934990268291	0.9790550437162487	0.9758312869270752	0.9858597788293118	0.9567383772807915	0.9702635838546771	0.9753024565407236	0.9775853240336226	0.9625384253722566	0.9665589439924306	0.9768847202357308	0.982852464800312	0.9709416108650933	0.9829337120964123	0.991130381471372	0.9852772152388821	0.9922016645316387	0.9805343979064812	0.9724710902129396	0.9689521256539357	0.9666123341635731	0.9621944107057533	0.9710876873603921	0.9751199100303085	1.0	0.9821749785358913	0.9452997435118055
0.9722075764552872	0.9766407079399338	0.9799433540672641	0.9786880201978603	0.9814145827218903	0.9846087774777542	0.978046200343123	0.9797439762479782	0.9776815830205804	0.9721620888738133	0.9795507273153878	0.9786474904737178	0.9689727720666489	0.9757958454129964	0.9761864937728394	0.9792292837469041	0.9751583927741669	0.9712461779340194	0.9826854114814275	0.9821167098324554	0.9751151359382072	0.9796250024574096	0.9841628907200219	0.9819282072214526	0.9808663515345724	0.9816789699200075	0.977137910183221	0.9740871097421434	0.9720237347322074	0.9674835365193265	0.981107998128242	0.9796319145815969	0.9821749785358913	1.0	0.959001341078704
0.949023597429603	0.9633309422417422	0.9753156092743976	0.9751585323435713	0.963246947274188	0.9649482336583914	0.9722235156164417	0.9634339722943479	0.9736245844622397	0.9312723530180558	0.976399900258724	0.9385445429178793	0.9750416957084107	0.9734643339188152	0.9731284276583269	0.9749243816045182	0.97189039031461	0.9736956549964596	0.9589881395753733	0.9505371479664618	0.973247896085615	0.9454006402302972	0.9532376341192574	0.962445977399223	0.9434220703920382	0.966873162451202	0.9756457944861604	0.9755307143796359	0.9711844856598779	0.9698233950452486	0.9693687828206176	0.9620638300281503	0.9452997435118055	0.959001341078704	1.0
