/home/jshaw/scratch/2022_sketched_distance/references/SGB_genome_fastas_part4/7985/BackhedF_2015__SID38_12M__bin.19.fa	/home/jshaw/scratch/2022_sketched_distance/references/SGB_genome_fastas_part4/7985/BackhedF_2015__SID38_M__bin.25.fa	/home/jshaw/scratch/2022_sketched_distance/references/SGB_genome_fastas_part4/7985/BackhedF_2015__SID637_12M__bin.20.fa	/home/jshaw/scratch/2022_sketched_distance/references/SGB_genome_fastas_part4/7985/BackhedF_2015__SID82_12M__bin.39.fa	/home/jshaw/scratch/2022_sketched_distance/references/SGB_genome_fastas_part4/7985/CM_madagascar__A81_03_1FE__bin.34.fa	/home/jshaw/scratch/2022_sketched_distance/references/SGB_genome_fastas_part4/7985/CM_madagascar__V40_01_1FE__bin.14.fa	/home/jshaw/scratch/2022_sketched_distance/references/SGB_genome_fastas_part4/7985/CosteaPI_2017__alien-11-600-0__bin.61.fa	/home/jshaw/scratch/2022_sketched_distance/references/SGB_genome_fastas_part4/7985/CosteaPI_2017__alien-11-877-0__bin.3.fa	/home/jshaw/scratch/2022_sketched_distance/references/SGB_genome_fastas_part4/7985/CosteaPI_2017__SID713A040-11-0-0__bin.67.fa	/home/jshaw/scratch/2022_sketched_distance/references/SGB_genome_fastas_part4/7985/CosteaPI_2017__SID713A053-11-0-0__bin.33.fa	/home/jshaw/scratch/2022_sketched_distance/references/SGB_genome_fastas_part4/7985/IjazUZ_2017__S68_a_WGS__bin.4.fa	/home/jshaw/scratch/2022_sketched_distance/references/SGB_genome_fastas_part4/7985/KarlssonFH_2013__S54__bin.24.fa	/home/jshaw/scratch/2022_sketched_distance/references/SGB_genome_fastas_part4/7985/KarlssonFH_2013__S59__bin.5.fa	/home/jshaw/scratch/2022_sketched_distance/references/SGB_genome_fastas_part4/7985/KosticAD_2015__PRJNA231909.3109952__bin.14.fa	/home/jshaw/scratch/2022_sketched_distance/references/SGB_genome_fastas_part4/7985/LiJ_2014__V1.FI30__bin.20.fa	/home/jshaw/scratch/2022_sketched_distance/references/SGB_genome_fastas_part4/7985/NielsenHB_2014__V1_UC50_1__bin.21.fa	/home/jshaw/scratch/2022_sketched_distance/references/SGB_genome_fastas_part4/7985/Obregon-TitoAJ_2015__SM24__bin.22.fa	/home/jshaw/scratch/2022_sketched_distance/references/SGB_genome_fastas_part4/7985/OhJ_2014__MET0310__bin.48.fa	/home/jshaw/scratch/2022_sketched_distance/references/SGB_genome_fastas_part4/7985/SchirmerM_2016__G89053__bin.11.fa	/home/jshaw/scratch/2022_sketched_distance/references/SGB_genome_fastas_part4/7985/VatanenT_2016__G69222__bin.8.fa	/home/jshaw/scratch/2022_sketched_distance/references/SGB_genome_fastas_part4/7985/VatanenT_2016__G78553__bin.4.fa	/home/jshaw/scratch/2022_sketched_distance/references/SGB_genome_fastas_part4/7985/VatanenT_2016__G78780__bin.6.fa	/home/jshaw/scratch/2022_sketched_distance/references/SGB_genome_fastas_part4/7985/VatanenT_2016__G78793__bin.2.fa	/home/jshaw/scratch/2022_sketched_distance/references/SGB_genome_fastas_part4/7985/VatanenT_2016__G78880__bin.10.fa	/home/jshaw/scratch/2022_sketched_distance/references/SGB_genome_fastas_part4/7985/VatanenT_2016__G78889__bin.17.fa	/home/jshaw/scratch/2022_sketched_distance/references/SGB_genome_fastas_part4/7985/VatanenT_2016__G78895__bin.1.fa	/home/jshaw/scratch/2022_sketched_distance/references/SGB_genome_fastas_part4/7985/VincentC_2016__MM098.8__bin.1.fa	/home/jshaw/scratch/2022_sketched_distance/references/SGB_genome_fastas_part4/7985/ZellerG_2014__CCIS50471204ST-4-0__bin.28.fa	/home/jshaw/scratch/2022_sketched_distance/references/SGB_genome_fastas_part4/7985/ZellerG_2014__CCIS63448910ST-4-0__bin.46.fa	/home/jshaw/scratch/2022_sketched_distance/references/SGB_genome_fastas_part4/7985/ZellerG_2014__CCIS74239020ST-4-0__bin.54.fa
1.0	0.9857803646706035	0.9804135491011172	0.9740303854725805	0.9730349819225214	0.9739974565891375	0.9749377083868516	0.9848816106115629	0.9749758428952349	0.9849309961248183	0.9831222519921207	0.9750330404378116	0.9835699665262883	0.9769353899085296	0.9733622717178817	0.984566547480492	0.9770914524978177	0.9788619404235638	0.9823092807776267	0.9817082451936535	0.9818626854934661	0.9736417827242798	0.982180394077745	0.9860896687857926	0.9694983187426729	0.9772955922261862	0.9812642804418055	0.9838431840859461	0.9751212619037745	0.9842485143276798
0.9857803646706035	1.0	0.9811071969949464	0.9790488801244661	0.9734253466749117	0.9761878661212208	0.97724544419624	0.9878867857632908	0.9785829504535877	0.9904988916620282	0.9862614712269135	0.9778358899660181	0.9868893989359576	0.98006960913446	0.9759436470475982	0.987562231281003	0.9781447726609925	0.9800298432625791	0.9855246542870176	0.9844879215348569	0.9847531247019174	0.9743904594729769	0.9853303111238039	0.9898719220525912	0.9725219949827152	0.9786849858182036	0.9865470649819295	0.9867754855507609	0.9782681279575925	0.9876022829698379
0.9804135491011172	0.9811071969949464	1.0	0.9679422526706384	0.9852801942548265	0.9707742276171225	0.9702067066212059	0.9806466715953804	0.9706189475558229	0.9801423073584776	0.9787247876365	0.9700179616536698	0.9798728672977849	0.9725449224724905	0.9670625893004934	0.9811268101131277	0.9792542719061517	0.9858514888363101	0.9786439500076809	0.9774090417803055	0.9779820495487563	0.9813860121145794	0.9778378865202413	0.9824925705147071	0.9645616443271734	0.9748126067638119	0.9774384269975542	0.9801175209035777	0.9691559692481487	0.9798117790252143
0.9740303854725805	0.9790488801244661	0.9679422526706384	1.0	0.9663365979775957	0.9734388400093466	0.9677999353982741	0.9760237127862881	0.971923083421646	0.9793646344368028	0.9746911917715548	0.9742406142172313	0.9739334103817566	0.9717364174195009	0.9708605928137695	0.9736840856063047	0.9689766363259491	0.9704026389076525	0.9711908599290449	0.9723431281097772	0.9740148168524198	0.9657497989250926	0.9741801444251308	0.9776980119443465	0.9637600573869415	0.9701386727713465	0.974545462575672	0.973081776353178	0.9684649430157276	0.976467381265176
0.9730349819225214	0.9734253466749117	0.9852801942548265	0.9663365979775957	1.0	0.9729313792813601	0.9667156103881978	0.9747232024683459	0.9698797644599954	0.9745061449782901	0.9712742852380502	0.9664118096948772	0.9722451396959038	0.9680001022576148	0.9643498448549931	0.9732332979893958	0.9741406042774786	0.9803884849035802	0.9699549623979269	0.9709883755322877	0.970513012408439	0.97647381417009	0.9727955048799425	0.9750922983263124	0.9626212947145294	0.9699468992943647	0.9688832381032363	0.971776063192246	0.963602009308353	0.9737893035112088
0.9739974565891375	0.9761878661212208	0.9707742276171225	0.9734388400093466	0.9729313792813601	1.0	0.9695138573648285	0.9769424163648074	0.9733534695944801	0.9774165948005245	0.9738913784129681	0.9700167200099319	0.973631202712348	0.9706889434389102	0.9700081753009444	0.9741943223611371	0.9713020667432727	0.9725001502861574	0.9707699957639029	0.9718465570587779	0.9724690012488818	0.9693979661184541	0.9747859293101662	0.9781399228921412	0.963491033119416	0.9734340704278032	0.9709835585726958	0.9725763277325242	0.9680022100163712	0.9764693045733007
0.9749377083868516	0.97724544419624	0.9702067066212059	0.9677999353982741	0.9667156103881978	0.9695138573648285	1.0	0.9846234144856443	0.9762103908012532	0.977572678228386	0.9759501079459406	0.9767652685548658	0.9818053059193368	0.978625478016419	0.9751766290425092	0.9824393067517568	0.9678734607058614	0.9691386633359178	0.9797558941133985	0.9814918510849692	0.9820894613552725	0.9684747989044944	0.981201393809614	0.9791959579556964	0.970684134991353	0.9699150207008341	0.9733671286006389	0.9817422352492589	0.977423728129847	0.9840529861849867
0.9848816106115629	0.9878867857632908	0.9806466715953804	0.9760237127862881	0.9747232024683459	0.9769424163648074	0.9846234144856443	1.0	0.9841075528315709	0.988249823850109	0.9859812819835055	0.9843749081209704	0.9920617358478495	0.9852466879586899	0.9805886791098126	0.9928572999834223	0.9779220417362473	0.9805088046460996	0.9906162807456761	0.9904488438347564	0.9905844120451228	0.9754170649769761	0.9910448263553044	0.9893497279116339	0.9786098052435948	0.9793634908814083	0.9840962025384119	0.9921617859425352	0.9836567776983505	0.9933709317128065
0.9749758428952349	0.9785829504535877	0.9706189475558229	0.971923083421646	0.9698797644599954	0.9733534695944801	0.9762103908012532	0.9841075528315709	1.0	0.9800645413517186	0.9763335031868856	0.9769183323872938	0.9809458178060956	0.9769773371719407	0.9767719074466471	0.9815366655788887	0.9718848239738166	0.9727276109455255	0.9785507687004944	0.9806301684760308	0.9803853700922089	0.9700290094675559	0.9824656402345333	0.9802103044641153	0.9710216673206847	0.972089775832058	0.973664498761929	0.9802734711212338	0.9768667568230447	0.9841996478635444
0.9849309961248183	0.9904988916620282	0.9801423073584776	0.9793646344368028	0.9745061449782901	0.9774165948005245	0.977572678228386	0.988249823850109	0.9800645413517186	1.0	0.9862313565691936	0.9783505100654906	0.986591935842146	0.979685185838293	0.9768197034999614	0.9871765779451154	0.9782934786516232	0.980308905863858	0.984704320643097	0.984623473779075	0.9850074694447744	0.9751719427444614	0.9862312014752335	0.9902654463825742	0.9726474128628545	0.9791785302556951	0.9853760162998827	0.9863734613658458	0.97863423348426	0.9873959813654196
0.9831222519921207	0.9862614712269135	0.9787247876365	0.9746911917715548	0.9712742852380502	0.9738913784129681	0.9759501079459406	0.9859812819835055	0.9763335031868856	0.9862313565691936	1.0	0.9769365990709521	0.9850937940806728	0.978495453820423	0.9739731836411768	0.9864976981340303	0.9766069244800154	0.9778957988906928	0.9840974384359713	0.9829576164052553	0.9834403133049272	0.9732688554034554	0.9843810123898379	0.990356837547722	0.9714371203014154	0.9781596989478416	0.9831994826796733	0.9853551525316805	0.976006929724143	0.9855478331270088
0.9750330404378116	0.9778358899660181	0.9700179616536698	0.9742406142172313	0.9664118096948772	0.9700167200099319	0.9767652685548658	0.9843749081209704	0.9769183323872938	0.9783505100654906	0.9769365990709521	1.0	0.9888571181550047	0.9886053673231583	0.9773639595462017	0.9819601785941037	0.9709993661699153	0.971099325506789	0.9875771352269905	0.979807193573028	0.9814058857981133	0.9652472631622577	0.9813208275102085	0.9790673861313455	0.9726007171106332	0.9712371613139428	0.9733528760446459	0.9890300402591691	0.9768382719227179	0.9850719860434851
0.9835699665262883	0.9868893989359576	0.9798728672977849	0.9739334103817566	0.9722451396959038	0.973631202712348	0.9818053059193368	0.9920617358478495	0.9809458178060956	0.986591935842146	0.9850937940806728	0.9888571181550047	1.0	0.9887575631012016	0.9776037899061895	0.9915820603486557	0.9767644440349452	0.9784985121906908	0.9957083820832051	0.9890669183348749	0.9897722455490512	0.9734446823533757	0.9886967326048404	0.9881443078260146	0.9765066259953885	0.977381321818626	0.983057645412864	0.9971343623295765	0.9818757995449453	0.9915769753694059
0.9769353899085296	0.98006960913446	0.9725449224724905	0.9717364174195009	0.9680001022576148	0.9706889434389102	0.978625478016419	0.9852466879586899	0.9769773371719407	0.979685185838293	0.978495453820423	0.9886053673231583	0.9887575631012016	1.0	0.9745706024057882	0.9834425399297887	0.971374843948649	0.9724571633139718	0.9883778275578106	0.9820551418741033	0.9828917725960579	0.9683543322033052	0.9821874211277443	0.9809965391159825	0.9709371824688793	0.9732603618969717	0.9755771015643332	0.9896423516006332	0.9758938271416768	0.9852042503333147
0.9733622717178817	0.9759436470475982	0.9670625893004934	0.9708605928137695	0.9643498448549931	0.9700081753009444	0.9751766290425092	0.9805886791098126	0.9767719074466471	0.9768197034999614	0.9739731836411768	0.9773639595462017	0.9776037899061895	0.9745706024057882	1.0	0.9795300196400596	0.9687684686964421	0.9686221453097356	0.9751762363228325	0.9784939681465951	0.9774330758162403	0.9651051044744327	0.9800666191442873	0.9772213960921564	0.9697387733148122	0.96946627296978	0.9705717683941458	0.9768993508924523	0.9768547350522496	0.9814410321209496
0.984566547480492	0.987562231281003	0.9811268101131277	0.9736840856063047	0.9732332979893958	0.9741943223611371	0.9824393067517568	0.9928572999834223	0.9815366655788887	0.9871765779451154	0.9864976981340303	0.9819601785941037	0.9915820603486557	0.9834425399297887	0.9795300196400596	1.0	0.9775442598485456	0.9792284801741721	0.9911082998661231	0.9904190301072988	0.9900367292958305	0.9741843668281002	0.9926503524286653	0.9893356842816419	0.979143156590858	0.9787881683095189	0.9855744086961621	0.9927809466555815	0.9852153064675834	0.9922370317497012
0.9770914524978177	0.9781447726609925	0.9792542719061517	0.9689766363259491	0.9741406042774786	0.9713020667432727	0.9678734607058614	0.9779220417362473	0.9718848239738166	0.9782934786516232	0.9766069244800154	0.9709993661699153	0.9767644440349452	0.971374843948649	0.9687684686964421	0.9775442598485456	1.0	0.9766482710481135	0.9747938406807625	0.9747677249364873	0.9752452422278393	0.9730842177333359	0.9763608871136737	0.9809064773710543	0.9644724687980492	0.9730012230035361	0.9742765243662009	0.9763284056071201	0.9693504522219278	0.9776909442684028
0.9788619404235638	0.9800298432625791	0.9858514888363101	0.9704026389076525	0.9803884849035802	0.9725001502861574	0.9691386633359178	0.9805088046460996	0.9727276109455255	0.980308905863858	0.9778957988906928	0.971099325506789	0.9784985121906908	0.9724571633139718	0.9686221453097356	0.9792284801741721	0.9766482710481135	1.0	0.9770231533757631	0.9770228989827966	0.9767600709958092	0.9771260555141233	0.9783293961591651	0.9823669533908779	0.9645072502282099	0.9739082462072668	0.9757237469373057	0.9783991693395826	0.96953578025473	0.9794828439863688
0.9823092807776267	0.9855246542870176	0.9786439500076809	0.9711908599290449	0.9699549623979269	0.9707699957639029	0.9797558941133985	0.9906162807456761	0.9785507687004944	0.984704320643097	0.9840974384359713	0.9875771352269905	0.9957083820832051	0.9883778275578106	0.9751762363228325	0.9911082998661231	0.9747938406807625	0.9770231533757631	1.0	0.9880898406099127	0.9884597972283967	0.9718111190553522	0.9875085034321494	0.9866612001610187	0.9744380314626947	0.9755393483562315	0.9822947076325894	0.9975722141897653	0.9799344947078015	0.9898718286057095
0.9817082451936535	0.9844879215348569	0.9774090417803055	0.9723431281097772	0.9709883755322877	0.9718465570587779	0.9814918510849692	0.9904488438347564	0.9806301684760308	0.984623473779075	0.9829576164052553	0.979807193573028	0.9890669183348749	0.9820551418741033	0.9784939681465951	0.9904190301072988	0.9747677249364873	0.9770228989827966	0.9880898406099127	1.0	0.9897278345404341	0.9727179773888971	0.988408529049005	0.9861383838058698	0.9765969783753393	0.9761884346204491	0.9809242792234002	0.9894769054115776	0.9822360879061289	0.9895567643010998
0.9818626854934661	0.9847531247019174	0.9779820495487563	0.9740148168524198	0.970513012408439	0.9724690012488818	0.9820894613552725	0.9905844120451228	0.9803853700922089	0.9850074694447744	0.9834403133049272	0.9814058857981133	0.9897722455490512	0.9828917725960579	0.9774330758162403	0.9900367292958305	0.9752452422278393	0.9767600709958092	0.9884597972283967	0.9897278345404341	1.0	0.9723536132962167	0.9889367740392571	0.986246958181248	0.9759195381808091	0.9758423726821536	0.9809886100912545	0.989983733825259	0.9820174174463174	0.9894217899271804
0.9736417827242798	0.9743904594729769	0.9813860121145794	0.9657497989250926	0.97647381417009	0.9693979661184541	0.9684747989044944	0.9754170649769761	0.9700290094675559	0.9751719427444614	0.9732688554034554	0.9652472631622577	0.9734446823533757	0.9683543322033052	0.9651051044744327	0.9741843668281002	0.9730842177333359	0.9771260555141233	0.9718111190553522	0.9727179773888971	0.9723536132962167	1.0	0.9730475380868063	0.9777675932791727	0.9608200171374375	0.9706545224442846	0.9695289842742126	0.9730844718069216	0.9652044756953182	0.9746444744237625
0.982180394077745	0.9853303111238039	0.9778378865202413	0.9741801444251308	0.9727955048799425	0.9747859293101662	0.981201393809614	0.9910448263553044	0.9824656402345333	0.9862312014752335	0.9843810123898379	0.9813208275102085	0.9886967326048404	0.9821874211277443	0.9800666191442873	0.9926503524286653	0.9763608871136737	0.9783293961591651	0.9875085034321494	0.988408529049005	0.9889367740392571	0.9730475380868063	1.0	0.9871349492280629	0.979071395723679	0.9771384756233601	0.9821810104357912	0.9889015483544533	0.984126026378539	0.9906559852075735
0.9860896687857926	0.9898719220525912	0.9824925705147071	0.9776980119443465	0.9750922983263124	0.9781399228921412	0.9791959579556964	0.9893497279116339	0.9802103044641153	0.9902654463825742	0.990356837547722	0.9790673861313455	0.9881443078260146	0.9809965391159825	0.9772213960921564	0.9893356842816419	0.9809064773710543	0.9823669533908779	0.9866612001610187	0.9861383838058698	0.986246958181248	0.9777675932791727	0.9871349492280629	1.0	0.9738117063175287	0.9830754661695136	0.9858904313855716	0.9880414635899478	0.9802116078231854	0.9885230460209583
0.9694983187426729	0.9725219949827152	0.9645616443271734	0.9637600573869415	0.9626212947145294	0.963491033119416	0.970684134991353	0.9786098052435948	0.9710216673206847	0.9726474128628545	0.9714371203014154	0.9726007171106332	0.9765066259953885	0.9709371824688793	0.9697387733148122	0.979143156590858	0.9644724687980492	0.9645072502282099	0.9744380314626947	0.9765969783753393	0.9759195381808091	0.9608200171374375	0.979071395723679	0.9738117063175287	1.0	0.9655341777853299	0.9689519833026097	0.9760062703716011	0.9715200852589928	0.9791134165775396
0.9772955922261862	0.9786849858182036	0.9748126067638119	0.9701386727713465	0.9699468992943647	0.9734340704278032	0.9699150207008341	0.9793634908814083	0.972089775832058	0.9791785302556951	0.9781596989478416	0.9712371613139428	0.977381321818626	0.9732603618969717	0.96946627296978	0.9787881683095189	0.9730012230035361	0.9739082462072668	0.9755393483562315	0.9761884346204491	0.9758423726821536	0.9706545224442846	0.9771384756233601	0.9830754661695136	0.9655341777853299	1.0	0.9748952088046015	0.9769386162142323	0.969072681521137	0.9788523530605108
0.9812642804418055	0.9865470649819295	0.9774384269975542	0.974545462575672	0.9688832381032363	0.9709835585726958	0.9733671286006389	0.9840962025384119	0.973664498761929	0.9853760162998827	0.9831994826796733	0.9733528760446459	0.983057645412864	0.9755771015643332	0.9705717683941458	0.9855744086961621	0.9742765243662009	0.9757237469373057	0.9822947076325894	0.9809242792234002	0.9809886100912545	0.9695289842742126	0.9821810104357912	0.9858904313855716	0.9689519833026097	0.9748952088046015	1.0	0.9838891927102381	0.9746250298406703	0.9832933402250148
0.9838431840859461	0.9867754855507609	0.9801175209035777	0.973081776353178	0.971776063192246	0.9725763277325242	0.9817422352492589	0.9921617859425352	0.9802734711212338	0.9863734613658458	0.9853551525316805	0.9890300402591691	0.9971343623295765	0.9896423516006332	0.9768993508924523	0.9927809466555815	0.9763284056071201	0.9783991693395826	0.9975722141897653	0.9894769054115776	0.989983733825259	0.9730844718069216	0.9889015483544533	0.9880414635899478	0.9760062703716011	0.9769386162142323	0.9838891927102381	1.0	0.9816342384724379	0.9910658479268541
0.9751212619037745	0.9782681279575925	0.9691559692481487	0.9684649430157276	0.963602009308353	0.9680022100163712	0.977423728129847	0.9836567776983505	0.9768667568230447	0.97863423348426	0.976006929724143	0.9768382719227179	0.9818757995449453	0.9758938271416768	0.9768547350522496	0.9852153064675834	0.9693504522219278	0.96953578025473	0.9799344947078015	0.9822360879061289	0.9820174174463174	0.9652044756953182	0.984126026378539	0.9802116078231854	0.9715200852589928	0.969072681521137	0.9746250298406703	0.9816342384724379	1.0	0.9841541555685382
0.9842485143276798	0.9876022829698379	0.9798117790252143	0.976467381265176	0.9737893035112088	0.9764693045733007	0.9840529861849867	0.9933709317128065	0.9841996478635444	0.9873959813654196	0.9855478331270088	0.9850719860434851	0.9915769753694059	0.9852042503333147	0.9814410321209496	0.9922370317497012	0.9776909442684028	0.9794828439863688	0.9898718286057095	0.9895567643010998	0.9894217899271804	0.9746444744237625	0.9906559852075735	0.9885230460209583	0.9791134165775396	0.9788523530605108	0.9832933402250148	0.9910658479268541	0.9841541555685382	1.0
