/home/jshaw/scratch/2022_sketched_distance/references/SGB_genome_fastas_part4/6889/Castro-NallarE_2015__ES_104__bin.19.fa	/home/jshaw/scratch/2022_sketched_distance/references/SGB_genome_fastas_part4/6889/Castro-NallarE_2015__ES_110__bin.14.fa	/home/jshaw/scratch/2022_sketched_distance/references/SGB_genome_fastas_part4/6889/HMP_2012__SRS013164__bin.44.fa	/home/jshaw/scratch/2022_sketched_distance/references/SGB_genome_fastas_part4/6889/HMP_2012__SRS014271__bin.14.fa	/home/jshaw/scratch/2022_sketched_distance/references/SGB_genome_fastas_part4/6889/HMP_2012__SRS014888__bin.28.fa	/home/jshaw/scratch/2022_sketched_distance/references/SGB_genome_fastas_part4/6889/HMP_2012__SRS015797__bin.32.fa	/home/jshaw/scratch/2022_sketched_distance/references/SGB_genome_fastas_part4/6889/HMP_2012__SRS016002__bin.63.fa	/home/jshaw/scratch/2022_sketched_distance/references/SGB_genome_fastas_part4/6889/HMP_2012__SRS016225__bin.17.fa	/home/jshaw/scratch/2022_sketched_distance/references/SGB_genome_fastas_part4/6889/HMP_2012__SRS017808__bin.8.fa	/home/jshaw/scratch/2022_sketched_distance/references/SGB_genome_fastas_part4/6889/HMP_2012__SRS018145__bin.49.fa	/home/jshaw/scratch/2022_sketched_distance/references/SGB_genome_fastas_part4/6889/HMP_2012__SRS018439__bin.28.fa	/home/jshaw/scratch/2022_sketched_distance/references/SGB_genome_fastas_part4/6889/HMP_2012__SRS019122__bin.50.fa	/home/jshaw/scratch/2022_sketched_distance/references/SGB_genome_fastas_part4/6889/HMP_2012__SRS019127__bin.11.fa	/home/jshaw/scratch/2022_sketched_distance/references/SGB_genome_fastas_part4/6889/HMP_2012__SRS021496__bin.26.fa	/home/jshaw/scratch/2022_sketched_distance/references/SGB_genome_fastas_part4/6889/HMP_2012__SRS022530__bin.25.fa	/home/jshaw/scratch/2022_sketched_distance/references/SGB_genome_fastas_part4/6889/HMP_2012__SRS022719__bin.30.fa	/home/jshaw/scratch/2022_sketched_distance/references/SGB_genome_fastas_part4/6889/HMP_2012__SRS023617__bin.25.fa	/home/jshaw/scratch/2022_sketched_distance/references/SGB_genome_fastas_part4/6889/HMP_2012__SRS023958__bin.38.fa	/home/jshaw/scratch/2022_sketched_distance/references/SGB_genome_fastas_part4/6889/HMP_2012__SRS024081__bin.42.fa	/home/jshaw/scratch/2022_sketched_distance/references/SGB_genome_fastas_part4/6889/HMP_2012__SRS024580__bin.29.fa	/home/jshaw/scratch/2022_sketched_distance/references/SGB_genome_fastas_part4/6889/HMP_2012__SRS042643__bin.12.fa	/home/jshaw/scratch/2022_sketched_distance/references/SGB_genome_fastas_part4/6889/HMP_2012__SRS042910__bin.25.fa	/home/jshaw/scratch/2022_sketched_distance/references/SGB_genome_fastas_part4/6889/HMP_2012__SRS044373__bin.50.fa	/home/jshaw/scratch/2022_sketched_distance/references/SGB_genome_fastas_part4/6889/HMP_2012__SRS050669__bin.37.fa	/home/jshaw/scratch/2022_sketched_distance/references/SGB_genome_fastas_part4/6889/HMP_2012__SRS053917__bin.2.fa	/home/jshaw/scratch/2022_sketched_distance/references/SGB_genome_fastas_part4/6889/HMP_2012__SRS055378__bin.74.fa	/home/jshaw/scratch/2022_sketched_distance/references/SGB_genome_fastas_part4/6889/HMP_2012__SRS057692__bin.47.fa	/home/jshaw/scratch/2022_sketched_distance/references/SGB_genome_fastas_part4/6889/HMP_2012__SRS058336__bin.67.fa	/home/jshaw/scratch/2022_sketched_distance/references/SGB_genome_fastas_part4/6889/HMP_2012__SRS063288__bin.51.fa
1.0	0.9692793120876633	0.9731026356356833	0.9643048074457998	0.9758698222784695	0.9738838505411076	0.971320189868377	0.966261149237714	0.9632261239081708	0.974685642454358	0.9763076460369381	0.9729586950313336	0.9742069466427393	0.9750792373320378	0.9749910233062247	0.9670395637080356	0.9653615979576599	0.9902129115372734	0.9670837237177462	0.9667372355109869	0.9639895157507132	0.9746063481036789	0.9612924221825695	0.9738838505411076	0.9662269648533807	0.9751573875074322	0.9776702567741309	0.9756223839891718	0.9756178115423919
0.9692793120876633	1.0	0.9681784395904662	0.9709205478925519	0.9679286179939705	0.9712616639953068	0.9672954666584914	0.9726996751705599	0.9696380868935935	0.9689165085276048	0.972263968432777	0.9653177736684899	0.9710346531482372	0.9696380868935935	0.9669095212714905	0.9667798390138717	0.9869357492617218	0.9714870941564533	0.9624762151108883	0.9733424507063884	0.9684263421681084	0.9721541203973738	0.9704600603308003	0.9724825538418138	0.965990588887236	0.9697567988487266	0.9662376044791458	0.9729153522216719	0.9667798390138717
0.9731026356356833	0.9681784395904662	1.0	0.9690612801822408	0.9752042068757095	0.9899621370672891	0.9738183805917325	0.9647472483368859	0.9656026046885545	0.9752042068757095	0.9835387529120445	0.9743185477865721	0.9752888894734107	0.9736409189119196	0.9746914249374382	0.9686486882348236	0.9666134426658632	0.9769378274754682	0.9704652257868883	0.9697708743065142	0.9674407008225067	0.9936400824258922	0.9654883050096794	0.9867286507186848	0.9682307557067356	0.9741704198361314	0.9768945527518913	0.9899080584934115	0.9715215822864355
0.9643048074457998	0.9709205478925519	0.9690612801822408	1.0	0.9664563076126269	0.9685649552402517	0.965032546579196	0.9720750319955556	0.9722663266711973	0.9643048074457998	0.9676768469293875	0.9651422199904366	0.9636312271472769	0.9651815061201194	0.9660929106623259	0.964193519986484	0.9700654403262361	0.9661400539094931	0.9629270040116831	0.9753061126209688	0.9745471504217773	0.966349243836318	0.9785391838123018	0.9661400539094931	0.9632890656080535	0.9645262331345515	0.9663930734422239	0.9667635919781459	0.9627710239698207
0.9758698222784695	0.9679286179939705	0.9752042068757095	0.9664563076126269	1.0	0.9766611310704595	0.9734597056723532	0.9673791091696736	0.965514560191425	0.9764257521333318	0.977049686725792	0.9758786089633728	0.9769723456210252	0.9751408032991463	0.975222617323176	0.9701949877157486	0.9669875739188492	0.9791439195626034	0.9698110513703052	0.9678197984007731	0.9670881312227325	0.9765828603834178	0.9651443308468202	0.9754668312236341	0.9690292202585047	0.9966836813563713	0.9781053639146093	0.9780387614498689	0.973588797566482
0.9738838505411076	0.9712616639953068	0.9899621370672891	0.9685649552402517	0.9766611310704595	1.0	0.9749765548543582	0.9667129977525162	0.9654039247411625	0.9745706024057882	0.9818260644003372	0.9762153542716431	0.9740393921374016	0.9739692593083612	0.9757199303094546	0.9671015656038051	0.9666293445752436	0.9761922839021933	0.9683909203820992	0.967184223792543	0.967557372533359	0.9878466833595076	0.9649653149720567	0.9872207975014773	0.9662063160873642	0.9739692593083612	0.978747327856889	0.9882079875432163	0.9738607514418813
0.971320189868377	0.9672954666584914	0.9738183805917325	0.965032546579196	0.9734597056723532	0.9749765548543582	1.0	0.9634081294204698	0.9651815061201194	0.9745622646184731	0.9745622646184731	0.9760474172914836	0.9756286273719098	0.9731127813678472	0.9746455463509928	0.9661332912536967	0.9644677221609077	0.974311130592763	0.9670927842865609	0.9666698663536311	0.9661286428063669	0.9744787688305255	0.9663489950142569	0.9737174861911836	0.965587624274549	0.9726738419794001	0.975403007504608	0.9789258627431574	0.970436305595809
0.966261149237714	0.9726996751705599	0.9647472483368859	0.9720750319955556	0.9673791091696736	0.9667129977525162	0.9634081294204698	1.0	0.9689865838807725	0.9660328256399117	0.9685656907489718	0.961919726927138	0.9666006283415263	0.9663747069080423	0.9646277896405316	0.9639015626302407	0.9771654520492997	0.9669365678574295	0.9614871031287407	0.9715964037878553	0.9704516551682665	0.9675981227706411	0.9710125533242827	0.9680317385738029	0.9627804806567529	0.9687768230371963	0.9674608467721291	0.9705178352059983	0.9637734752768893
0.9632261239081708	0.9696380868935935	0.9656026046885545	0.9722663266711973	0.965514560191425	0.9654039247411625	0.9651815061201194	0.9689865838807725	1.0	0.963579951453118	0.9652929076130442	0.964305928183123	0.9634624415631227	0.9643907016339969	0.965514560191425	0.9631073096369924	0.970327637221668	0.965624816622553	0.9646186371128335	0.9744325894567832	0.9728124693793219	0.964957539148485	0.9713576030224157	0.9658442029235107	0.9622630614806701	0.9639299236510755	0.9654487970165562	0.9671300346100747	0.9632761615463054
0.974685642454358	0.9689165085276048	0.9752042068757095	0.9643048074457998	0.9764257521333318	0.9745706024057882	0.9745622646184731	0.9660328256399117	0.963579951453118	1.0	0.9773098878521778	0.9833350950936072	0.9847210570134891	0.9743315601459032	0.9744958424287082	0.9703365012774127	0.9666293445752436	0.9785274689889445	0.9680939264519474	0.9660884989322253	0.9645057892166813	0.9776004964754142	0.9622507960841555	0.9753549425642446	0.9696045528047236	0.9767949995280466	0.998112129398919	0.9784570915526717	0.9763785312171963
0.9763076460369381	0.972263968432777	0.9835387529120445	0.9676768469293875	0.977049686725792	0.9818260644003372	0.9745622646184731	0.9685656907489718	0.9652929076130442	0.9773098878521778	1.0	0.9772863205042264	0.9787579801032952	0.9773579085805462	0.977435837328049	0.9700611697885727	0.9688314628096553	0.9787047358173545	0.9673901208521125	0.9688204682571855	0.9672060833244579	0.9838557380536912	0.9629512388139386	0.9826864470019866	0.9691725315887728	0.9769806288856528	0.9785347407538864	0.9836798633568039	0.9786375790650391
0.9729586950313336	0.9653177736684899	0.9743185477865721	0.9651422199904366	0.9758786089633728	0.9762153542716431	0.9760474172914836	0.961919726927138	0.964305928183123	0.9833350950936072	0.9772863205042264	1.0	0.9989252096056578	0.9746717574257036	0.9756237424356488	0.9693380985452485	0.9650240729250564	0.978007655593645	0.9691303527971127	0.9684989760739584	0.9645057892166813	0.9763824290006521	0.9641846621936561	0.9747594630307401	0.968392535815472	0.975366862721585	0.9805005114100505	0.9757089200449842	0.9707359177306077
0.9742069466427393	0.9710346531482372	0.9752888894734107	0.9636312271472769	0.9769723456210252	0.9740393921374016	0.9756286273719098	0.9666006283415263	0.9634624415631227	0.9847210570134891	0.9787579801032952	0.9989252096056578	1.0	0.9748233047747067	0.9745788984594516	0.9698075988951774	0.9676489789401486	0.978689271197294	0.9681932284050995	0.9657714455694938	0.9652649813273544	0.9771398442966805	0.9624859800983385	0.9754851536694163	0.9695352048158512	0.9774985105624365	0.9837478317992442	0.9773555175571559	0.9769581481055121
0.9750792373320378	0.9696380868935935	0.9736409189119196	0.9651815061201194	0.9751408032991463	0.9739692593083612	0.9731127813678472	0.9663747069080423	0.9643907016339969	0.9743315601459032	0.9773579085805462	0.9746717574257036	0.9748233047747067	1.0	0.9978232832711529	0.9696681031629758	0.9654691712312149	0.9755239747432142	0.9689768350367863	0.9652514747244098	0.9643774961660705	0.9741364203875806	0.9635234865177048	0.9757145906283259	0.9686580401495252	0.9747604372912844	0.9772292616574003	0.9759736362100729	0.9969708309041289
0.9749910233062247	0.9669095212714905	0.9746914249374382	0.9660929106623259	0.975222617323176	0.9757199303094546	0.9746455463509928	0.9646277896405316	0.965514560191425	0.9744958424287082	0.977435837328049	0.9756237424356488	0.9745788984594516	0.9978232832711529	1.0	0.9701412287799823	0.9635118983504621	0.97603871762017	0.9707069791628656	0.9681805084071783	0.9655141154413726	0.9741614780361784	0.9652184621877888	0.9749910233062247	0.9691757415332114	0.9748268000897223	0.977006505030034	0.97603871762017	0.9955564600367122
0.9670395637080356	0.9667798390138717	0.9686486882348236	0.964193519986484	0.9701949877157486	0.9671015656038051	0.9661332912536967	0.9639015626302407	0.9631073096369924	0.9703365012774127	0.9700611697885727	0.9693380985452485	0.9698075988951774	0.9696681031629758	0.9701412287799823	1.0	0.9641539213720809	0.9701080727858117	0.9743172025425427	0.963639138214139	0.963859140997339	0.9692349690756674	0.9631813632345058	0.9677175192975653	0.9995793251797002	0.9687117051543154	0.9719371208447322	0.9679829793537753	0.9715215822864355
0.9653615979576599	0.9869357492617218	0.9666134426658632	0.9700654403262361	0.9669875739188492	0.9666293445752436	0.9644677221609077	0.9771654520492997	0.970327637221668	0.9666293445752436	0.9688314628096553	0.9650240729250564	0.9676489789401486	0.9654691712312149	0.9635118983504621	0.9641539213720809	1.0	0.9682456360577075	0.9601219950740677	0.9714331025540529	0.971602228279572	0.9690244000866224	0.9680479737397482	0.9682456360577075	0.9632462044322996	0.9693116623035171	0.9686393798130022	0.9717882596652139	0.9661507977124645
0.9902129115372734	0.9714870941564533	0.9769378274754682	0.9661400539094931	0.9791439195626034	0.9761922839021933	0.974311130592763	0.9669365678574295	0.965624816622553	0.9785274689889445	0.9787047358173545	0.978007655593645	0.978689271197294	0.9755239747432142	0.97603871762017	0.9701080727858117	0.9682456360577075	1.0	0.969361621716692	0.9687264809465796	0.9655141154413726	0.978409514493598	0.9635234865177048	0.977421840936554	0.9692803510167837	0.9772722004387843	0.9797899739330179	0.9772029934001515	0.9772034313277339
0.9670837237177462	0.9624762151108883	0.9704652257868883	0.9629270040116831	0.9698110513703052	0.9683909203820992	0.9670927842865609	0.9614871031287407	0.9646186371128335	0.9680939264519474	0.9673901208521125	0.9691303527971127	0.9681932284050995	0.9689768350367863	0.9707069791628656	0.9743172025425427	0.9601219950740677	0.969361621716692	1.0	0.964853247270021	0.9645057892166813	0.9690734622411998	0.9606277995289618	0.9669809407867571	0.973987285962109	0.968782709033248	0.9714103132728775	0.9685874089911066	0.967825250896454
0.9667372355109869	0.9733424507063884	0.9697708743065142	0.9753061126209688	0.9678197984007731	0.967184223792543	0.9666698663536311	0.9715964037878553	0.9744325894567832	0.9660884989322253	0.9688204682571855	0.9684989760739584	0.9657714455694938	0.9652514747244098	0.9681805084071783	0.963639138214139	0.9714331025540529	0.9687264809465796	0.964853247270021	1.0	0.9748274630583091	0.9675767550286882	0.9733262968876801	0.9671268297519529	0.962403108536453	0.9647229625521547	0.9686393798130022	0.9675767550286882	0.9654558630684412
0.9639895157507132	0.9684263421681084	0.9674407008225067	0.9745471504217773	0.9670881312227325	0.967557372533359	0.9661286428063669	0.9704516551682665	0.9728124693793219	0.9645057892166813	0.9672060833244579	0.9645057892166813	0.9652649813273544	0.9643774961660705	0.9655141154413726	0.963859140997339	0.971602228279572	0.9655141154413726	0.9645057892166813	0.9748274630583091	1.0	0.9664918076585416	0.9712924694708829	0.9656379629768066	0.9629313925723294	0.9651396871577678	0.9643109362421044	0.967557372533359	0.9622519050166167
0.9746063481036789	0.9721541203973738	0.9936400824258922	0.966349243836318	0.9765828603834178	0.9878466833595076	0.9744787688305255	0.9675981227706411	0.964957539148485	0.9776004964754142	0.9838557380536912	0.9763824290006521	0.9771398442966805	0.9741364203875806	0.9741614780361784	0.9692349690756674	0.9690244000866224	0.978409514493598	0.9690734622411998	0.9675767550286882	0.9664918076585416	1.0	0.9637495605978468	0.988637416294121	0.968401527693982	0.9753027785314577	0.9805005114100505	0.9909162146252799	0.9762948798202987
0.9612924221825695	0.9704600603308003	0.9654883050096794	0.9785391838123018	0.9651443308468202	0.9649653149720567	0.9663489950142569	0.9710125533242827	0.9713576030224157	0.9622507960841555	0.9629512388139386	0.9641846621936561	0.9624859800983385	0.9635234865177048	0.9652184621877888	0.9631813632345058	0.9680479737397482	0.9635234865177048	0.9606277995289618	0.9733262968876801	0.9712924694708829	0.9637495605978468	1.0	0.9637495605978468	0.9624859800983385	0.9630665072293789	0.9667017784290302	0.9637495605978468	0.9614722496539161
0.9738838505411076	0.9724825538418138	0.9867286507186848	0.9661400539094931	0.9754668312236341	0.9872207975014773	0.9737174861911836	0.9680317385738029	0.9658442029235107	0.9753549425642446	0.9826864470019866	0.9747594630307401	0.9754851536694163	0.9757145906283259	0.9749910233062247	0.9677175192975653	0.9682456360577075	0.977421840936554	0.9669809407867571	0.9671268297519529	0.9656379629768066	0.988637416294121	0.9637495605978468	1.0	0.9669275036768091	0.9746297533459197	0.9782132393216536	0.9895490849338253	0.9762948798202987
0.9662269648533807	0.965990588887236	0.9682307557067356	0.9632890656080535	0.9690292202585047	0.9662063160873642	0.965587624274549	0.9627804806567529	0.9622630614806701	0.9696045528047236	0.9691725315887728	0.968392535815472	0.9695352048158512	0.9686580401495252	0.9691757415332114	0.9995793251797002	0.9632462044322996	0.9692803510167837	0.973987285962109	0.962403108536453	0.9629313925723294	0.968401527693982	0.9624859800983385	0.9669275036768091	1.0	0.9682881691936367	0.970874792910441	0.9682881691936367	0.970235011331913
0.9751573875074322	0.9697567988487266	0.9741704198361314	0.9645262331345515	0.9966836813563713	0.9739692593083612	0.9726738419794001	0.9687768230371963	0.9639299236510755	0.9767949995280466	0.9769806288856528	0.975366862721585	0.9774985105624365	0.9747604372912844	0.9748268000897223	0.9687117051543154	0.9693116623035171	0.9772722004387843	0.968782709033248	0.9647229625521547	0.9651396871577678	0.9753027785314577	0.9630665072293789	0.9746297533459197	0.9682881691936367	1.0	0.9775605662949012	0.9773828605938201	0.9767110033672315
0.9776702567741309	0.9662376044791458	0.9768945527518913	0.9663930734422239	0.9781053639146093	0.978747327856889	0.975403007504608	0.9674608467721291	0.9654487970165562	0.998112129398919	0.9785347407538864	0.9805005114100505	0.9837478317992442	0.9772292616574003	0.977006505030034	0.9719371208447322	0.9686393798130022	0.9797899739330179	0.9714103132728775	0.9686393798130022	0.9643109362421044	0.9805005114100505	0.9667017784290302	0.9782132393216536	0.970874792910441	0.9775605662949012	1.0	0.9799945664139728	0.9782132393216536
0.9756223839891718	0.9729153522216719	0.9899080584934115	0.9667635919781459	0.9780387614498689	0.9882079875432163	0.9789258627431574	0.9705178352059983	0.9671300346100747	0.9784570915526717	0.9836798633568039	0.9757089200449842	0.9773555175571559	0.9759736362100729	0.97603871762017	0.9679829793537753	0.9717882596652139	0.9772029934001515	0.9685874089911066	0.9675767550286882	0.967557372533359	0.9909162146252799	0.9637495605978468	0.9895490849338253	0.9682881691936367	0.9773828605938201	0.9799945664139728	1.0	0.97816650531114
0.9756178115423919	0.9667798390138717	0.9715215822864355	0.9627710239698207	0.973588797566482	0.9738607514418813	0.970436305595809	0.9637734752768893	0.9632761615463054	0.9763785312171963	0.9786375790650391	0.9707359177306077	0.9769581481055121	0.9969708309041289	0.9955564600367122	0.9715215822864355	0.9661507977124645	0.9772034313277339	0.967825250896454	0.9654558630684412	0.9622519050166167	0.9762948798202987	0.9614722496539161	0.9762948798202987	0.970235011331913	0.9767110033672315	0.9782132393216536	0.97816650531114	1.0
