/home/jshaw/scratch/2022_sketched_distance/references/SGB_genome_fastas_part3/4658/Bengtsson-PalmeJ_2015__TRAVELRES11__bin.82.fa	/home/jshaw/scratch/2022_sketched_distance/references/SGB_genome_fastas_part3/4658/Bengtsson-PalmeJ_2015__TRAVELRES25__bin.33.fa	/home/jshaw/scratch/2022_sketched_distance/references/SGB_genome_fastas_part3/4658/Bengtsson-PalmeJ_2015__TRAVELRES36__bin.19.fa	/home/jshaw/scratch/2022_sketched_distance/references/SGB_genome_fastas_part3/4658/Bengtsson-PalmeJ_2015__TRAVELRES3__bin.65.fa	/home/jshaw/scratch/2022_sketched_distance/references/SGB_genome_fastas_part3/4658/Bengtsson-PalmeJ_2015__TRAVELRES41__bin.6.fa	/home/jshaw/scratch/2022_sketched_distance/references/SGB_genome_fastas_part3/4658/Bengtsson-PalmeJ_2015__TRAVELRES46__bin.104.fa	/home/jshaw/scratch/2022_sketched_distance/references/SGB_genome_fastas_part3/4658/Bengtsson-PalmeJ_2015__TRAVELRES4__bin.102.fa	/home/jshaw/scratch/2022_sketched_distance/references/SGB_genome_fastas_part3/4658/Bengtsson-PalmeJ_2015__TRAVELRES68__bin.11.fa	/home/jshaw/scratch/2022_sketched_distance/references/SGB_genome_fastas_part3/4658/Bengtsson-PalmeJ_2015__TRAVELRES69__bin.79.fa	/home/jshaw/scratch/2022_sketched_distance/references/SGB_genome_fastas_part3/4658/Bengtsson-PalmeJ_2015__TRAVELRES7__bin.18.fa	/home/jshaw/scratch/2022_sketched_distance/references/SGB_genome_fastas_part3/4658/Bengtsson-PalmeJ_2015__TRAVELRES8__bin.53.fa	/home/jshaw/scratch/2022_sketched_distance/references/SGB_genome_fastas_part3/4658/ChengpingW_2017__AS106raw__bin.10.fa	/home/jshaw/scratch/2022_sketched_distance/references/SGB_genome_fastas_part3/4658/CosteaPI_2017__SID713B074-11-0-0__bin.68.fa	/home/jshaw/scratch/2022_sketched_distance/references/SGB_genome_fastas_part3/4658/HeQ_2017__SZAXPI029552-169__bin.46.fa	/home/jshaw/scratch/2022_sketched_distance/references/SGB_genome_fastas_part3/4658/HeQ_2017__SZAXPI029563-66__bin.22.fa	/home/jshaw/scratch/2022_sketched_distance/references/SGB_genome_fastas_part3/4658/HeQ_2017__SZAXPI029599-169__bin.17.fa	/home/jshaw/scratch/2022_sketched_distance/references/SGB_genome_fastas_part3/4658/LeChatelierE_2013__MH0122__bin.19.fa	/home/jshaw/scratch/2022_sketched_distance/references/SGB_genome_fastas_part3/4658/LeChatelierE_2013__MH0134__bin.37.fa	/home/jshaw/scratch/2022_sketched_distance/references/SGB_genome_fastas_part3/4658/LeChatelierE_2013__MH0148__bin.70.fa	/home/jshaw/scratch/2022_sketched_distance/references/SGB_genome_fastas_part3/4658/LeChatelierE_2013__MH0236__bin.49.fa	/home/jshaw/scratch/2022_sketched_distance/references/SGB_genome_fastas_part3/4658/LeChatelierE_2013__MH0251__bin.19.fa	/home/jshaw/scratch/2022_sketched_distance/references/SGB_genome_fastas_part3/4658/LiJ_2014__O2.UC8-2__bin.45.fa	/home/jshaw/scratch/2022_sketched_distance/references/SGB_genome_fastas_part3/4658/LiSS_2016__FAT_024-22-0-0__bin.41.fa	/home/jshaw/scratch/2022_sketched_distance/references/SGB_genome_fastas_part3/4658/NielsenHB_2014__MH0122__bin.5.fa	/home/jshaw/scratch/2022_sketched_distance/references/SGB_genome_fastas_part3/4658/NielsenHB_2014__MH0134__bin.38.fa	/home/jshaw/scratch/2022_sketched_distance/references/SGB_genome_fastas_part3/4658/NielsenHB_2014__MH0148__bin.25.fa	/home/jshaw/scratch/2022_sketched_distance/references/SGB_genome_fastas_part3/4658/NielsenHB_2014__O2_UC59_0__bin.13.fa	/home/jshaw/scratch/2022_sketched_distance/references/SGB_genome_fastas_part3/4658/NielsenHB_2014__O2_UC9_2__bin.49.fa	/home/jshaw/scratch/2022_sketched_distance/references/SGB_genome_fastas_part3/4658/QinJ_2012__CON-076__bin.33.fa	/home/jshaw/scratch/2022_sketched_distance/references/SGB_genome_fastas_part3/4658/QinN_2014__HD-66__bin.1.fa	/home/jshaw/scratch/2022_sketched_distance/references/SGB_genome_fastas_part3/4658/QinN_2014__LD-26__bin.51.fa	/home/jshaw/scratch/2022_sketched_distance/references/SGB_genome_fastas_part3/4658/VogtmannE_2016__MMRS11288076ST-27-0-0__bin.34.fa	/home/jshaw/scratch/2022_sketched_distance/references/SGB_genome_fastas_part3/4658/YuJ_2015__SZAXPI015266-89__bin.52.fa	/home/jshaw/scratch/2022_sketched_distance/references/SGB_genome_fastas_part3/4658/ZeeviD_2015__PNP_Main_109__bin.15.fa	/home/jshaw/scratch/2022_sketched_distance/references/SGB_genome_fastas_part3/4658/ZeeviD_2015__PNP_Main_163__bin.52.fa	/home/jshaw/scratch/2022_sketched_distance/references/SGB_genome_fastas_part3/4658/ZeeviD_2015__PNP_Main_303__bin.19.fa	/home/jshaw/scratch/2022_sketched_distance/references/SGB_genome_fastas_part3/4658/ZeeviD_2015__PNP_Main_32__bin.13.fa	/home/jshaw/scratch/2022_sketched_distance/references/SGB_genome_fastas_part3/4658/ZeeviD_2015__PNP_Main_409__bin.34.fa	/home/jshaw/scratch/2022_sketched_distance/references/SGB_genome_fastas_part3/4658/ZeeviD_2015__PNP_Main_418__bin.50.fa	/home/jshaw/scratch/2022_sketched_distance/references/SGB_genome_fastas_part3/4658/ZeeviD_2015__PNP_Main_528__bin.27.fa	/home/jshaw/scratch/2022_sketched_distance/references/SGB_genome_fastas_part3/4658/ZeeviD_2015__PNP_Main_652__bin.32.fa	/home/jshaw/scratch/2022_sketched_distance/references/SGB_genome_fastas_part3/4658/ZeeviD_2015__PNP_Main_667__bin.36.fa	/home/jshaw/scratch/2022_sketched_distance/references/SGB_genome_fastas_part3/4658/ZeeviD_2015__PNP_Main_673__bin.1.fa	/home/jshaw/scratch/2022_sketched_distance/references/SGB_genome_fastas_part3/4658/ZeeviD_2015__PNP_Main_717__bin.24.fa	/home/jshaw/scratch/2022_sketched_distance/references/SGB_genome_fastas_part3/4658/ZeeviD_2015__PNP_Main_84__bin.84.fa	/home/jshaw/scratch/2022_sketched_distance/references/SGB_genome_fastas_part3/4658/ZeeviD_2015__PNP_Validation_61__bin.5.fa	/home/jshaw/scratch/2022_sketched_distance/references/SGB_genome_fastas_part3/4658/ZellerG_2014__CCIS21126322ST-4-0__bin.74.fa	/home/jshaw/scratch/2022_sketched_distance/references/SGB_genome_fastas_part3/4658/ZellerG_2014__CCIS70398272ST-4-0__bin.48.fa	/home/jshaw/scratch/2022_sketched_distance/references/SGB_genome_fastas_part3/4658/ZellerG_2014__CCIS81887263ST-4-0__bin.85.fa
1.0	0.9856334380590447	0.9862493132266854	0.9894223141569838	0.987194395021888	0.9638396401068196	0.9881405327601558	0.9887654938321336	0.9868823752206137	0.9882485275765777	0.9775491979014159	0.986567367541885	0.9877542338483029	0.9867681757317983	0.965804792332378	0.9891401825832066	0.9887116174812992	0.9851262761157153	0.9791756035153839	0.9888998006717418	0.9875314396102266	0.9870245693325	0.9661990260355914	0.9662376044791458	0.9847938889080238	0.9782243785035478	0.9827255801140387	0.9813042155018387	0.977587077132451	0.9868538624955149	0.9700354158824736	0.9853957487784798	0.9808962821032762	0.9722955086363617	0.9828547163739031	0.985986778646882	0.9649772420299868	0.968167045192422	0.9875872796832943	0.9873352499719072	0.9905484879818244	0.9878650681423687	0.9866535783691428	0.9831434253232578	0.9876708625968473	0.9877819774175579	0.986567367541885	0.9860160529216416	0.9872508093685891
0.9856334380590447	1.0	0.986622114378682	0.9856602332135582	0.9799949683687003	0.9823614872741813	0.9891282289346242	0.9839133610779113	0.9908425047145903	0.9833235640853982	0.9864585690729096	0.9847429970737085	0.9916285653950672	0.9866520432539446	0.9814779495245987	0.9871779719339312	0.9921373091226351	0.9894616984313994	0.987195747394849	0.9920453905910488	0.9911591766332982	0.9950357358555743	0.9907905915656428	0.9907846835282582	0.9888758946995064	0.9866943679515616	0.9887405224477781	0.9909219577580506	0.9868922507382544	0.9854626615317266	0.9799312260441149	0.9897574369162103	0.98026203419984	0.9914952881484753	0.9904848051095861	0.9894782837197997	0.986944359904718	0.9905581393876364	0.9906029922407007	0.9876019554144748	0.9873234074804231	0.9900372788244076	0.9909219577580506	0.9902323852110312	0.9836984748611532	0.9923963661554678	0.9909060824319783	0.989742520435958	0.9909219577580506
0.9862493132266854	0.986622114378682	1.0	0.9848440944047576	0.9776764717412334	0.9860895081771239	0.9858446770210565	0.9949545467137765	0.985830834694426	0.9844317359960154	0.9863746668729909	0.9765780528769181	0.9804903674442346	0.9877197691704684	0.9819215514866323	0.9840181761086269	0.971694495882829	0.9862902589930909	0.9756356556633948	0.9766944007730062	0.9814506801471202	0.9816780948662229	0.9885246837551036	0.9873383316457061	0.9856551148283509	0.9839164188380589	0.9698793938568429	0.9835424671726665	0.9770171145178527	0.9848157677934046	0.9808836798249122	0.9867059440944562	0.9815446963901631	0.9888995999791298	0.9872354594382423	0.9867442041406228	0.985272605323489	0.9865681668277761	0.9842593217768322	0.9794142450897498	0.9900532038295147	0.9790545159407308	0.9849858793761926	0.9867512816846603	0.9845823765140782	0.9836369832220193	0.9746300409218881	0.9864341818776582	0.9866477717574422
0.9894223141569838	0.9856602332135582	0.9848440944047576	1.0	0.9884493954278035	0.928922529853409	0.9968664572123737	0.9888582735760514	0.9873193816421836	0.9896214418175641	0.9722274267158992	0.984428289025228	0.9891817630017344	0.9837708216779925	0.9384411015550245	0.9868044263880463	0.9895419349522271	0.9855256106270434	0.9737458998663798	0.9905994436396891	0.9884082271840468	0.9884905122968657	0.9575982701506173	0.9485410249154674	0.9849357846363274	0.9730944107502854	0.9822663032849245	0.9804801700879343	0.9716821368111048	0.9856602332135582	0.9488230789545806	0.9868044263880463	0.9635135810566754	0.9681254215387085	0.9808971134148866	0.9845211465444191	0.9581264673769172	0.9503309745101978	0.9881185999446017	0.9853452513368488	0.9882016107530037	0.9878264033159361	0.9860165533351025	0.9848440944047576	0.9790323580971444	0.9895021095381658	0.9856602332135582	0.9860608229311308	0.9871486238171293
0.987194395021888	0.9799949683687003	0.9776764717412334	0.9884493954278035	1.0	0.9660602198964198	0.9799949683687003	0.9834140624537259	0.9817204193416526	0.9868035139166428	0.9724825538418138	0.9763221057848988	0.981874857990095	0.9759811162826131	0.9640832208421755	0.978976789912722	0.983106027747781	0.981140321980407	0.9809823680121158	0.9838397059951602	0.9853982639549649	0.982246917197622	0.9763752676167278	0.9712020418046805	0.9808463689534785	0.9802504126292174	0.9809823680121158	0.9765042462296337	0.9741367618596022	0.9769167796554293	0.9648453718534181	0.9797610001125798	0.9670875257042602	0.9799792936294055	0.9810256988335256	0.9806184390841307	0.9727144152780465	0.9749498095831518	0.9840463479849971	0.9787353819890571	0.9891681552175238	0.9819188497916885	0.9850604757995699	0.9898017804704698	0.9725891121430499	0.9822904121748737	0.9850804421630402	0.9805497490572308	0.9822033643633342
0.9638396401068196	0.9823614872741813	0.9860895081771239	0.928922529853409	0.9660602198964198	1.0	0.9837013967590703	0.966648595237284	0.9832775531824116	0.9587167632766536	0.9818936628479452	0.9833777752158804	0.984964868123292	0.9838989724304965	0.983452741157414	0.9849171619719841	0.9852023646749799	0.9820763898100844	0.983626997889994	0.9846535316700724	0.9835773046900982	0.9833777752158804	0.9810566361737885	0.9848486097529349	0.9819198292361832	0.9833527484216379	0.9819720993408825	0.9803664829789576	0.9841931220624943	0.9828481567560408	0.9852023646749799	0.9830509267491941	0.9823356716606542	0.9802942097218801	0.9791367831833592	0.9836021607047286	0.9784385051360759	0.9849042181807924	0.9844604617562446	0.9866150567434416	0.9621429051164266	0.984629459953198	0.983923585904797	0.9699683800141837	0.9805033370762274	0.9847736261576192	0.9841442799337146	0.9841931220624943	0.9830761849963335
0.9881405327601558	0.9891282289346242	0.9858446770210565	0.9968664572123737	0.9799949683687003	0.9837013967590703	1.0	0.9854917343737022	0.9883035096357793	0.9857737877912746	0.9873268568974095	0.9852632598386425	0.9892430224675752	0.9882587440287349	0.9817251370854899	0.987162610670497	0.9894784417463242	0.9888331421067442	0.984215742713478	0.9896966606162128	0.9882029861552711	0.9881053069975699	0.9901185216515416	0.9894717593555417	0.9878512085694408	0.9851846693623034	0.9858097309982592	0.9853290322498223	0.9828670426967846	0.9860535763626649	0.9814286034254587	0.9893265173817365	0.9809759233159754	0.9902923711920083	0.9898002825366107	0.987879323400564	0.9867068969206789	0.9885908243486593	0.9890059103481564	0.9872798450506762	0.989959504919775	0.9879909806412558	0.9878105191930315	0.9895358396660837	0.9851254577795202	0.9891957362610155	0.9878762560202998	0.9880703072856333	0.9887061822134805
0.9887654938321336	0.9839133610779113	0.9949545467137765	0.9888582735760514	0.9834140624537259	0.966648595237284	0.9854917343737022	1.0	0.985091620802571	0.9867745363051437	0.9753460055045291	0.9840954136363115	0.9862533563245142	0.9828532110069128	0.9640155014959674	0.9847120341331964	0.9868549683202075	0.9830947522016307	0.9783246000774632	0.9865916139653913	0.9849908260366628	0.9852922868867651	0.9714106590493744	0.9680778221543789	0.9825283606578625	0.9774147595336935	0.9807391838478209	0.9795393054508424	0.976281722169013	0.9833610596354121	0.9683336632301573	0.983572558656455	0.9716894470987915	0.9742514868317497	0.9806240430811476	0.9840435016442919	0.9677137670728296	0.9681224848492082	0.9852171807216379	0.9844821571599482	0.9927760065050082	0.9862533563245142	0.9848390513074031	0.9847640716065011	0.9783246000774632	0.986447072288165	0.9845589618593161	0.9850160537509781	0.9854917343737022
0.9868823752206137	0.9908425047145903	0.985830834694426	0.9873193816421836	0.9817204193416526	0.9832775531824116	0.9883035096357793	0.985091620802571	1.0	0.9863073880797504	0.9874083683126724	0.9838180043650885	0.989708892510876	0.9871718240749952	0.9824074923910449	0.9862502837550905	0.9909967522567793	0.9899286337449218	0.9867500801044483	0.9909817123155048	0.9903437689907852	0.990143785906508	0.9899767681088008	0.9905438286542343	0.9891881676836073	0.9876880854624663	0.9875776820917952	0.9870766378969986	0.9855126966671056	0.984226873305498	0.9809294385415848	0.9895758113800689	0.9812615461402131	0.9913612870127071	0.9906127276720795	0.9890093010493884	0.9872322838920224	0.9910675812291408	0.9904203641091875	0.9869206775075777	0.9891361028459769	0.9889017249072941	0.989958104411556	0.9916512557660753	0.9844400985233259	0.9912215335614575	0.9899425836909269	0.9899102926732106	0.9906435484180451
0.9882485275765777	0.9833235640853982	0.9844317359960154	0.9896214418175641	0.9868035139166428	0.9587167632766536	0.9857737877912746	0.9867745363051437	0.9863073880797504	1.0	0.9858633249651251	0.983387907216489	0.9868035139166428	0.9839297845791571	0.9631479665241229	0.9867455331424448	0.9870631701209248	0.9836121187979643	0.9774096770393191	0.9885245763741849	0.9860416707737534	0.9859526188458044	0.9621882653628095	0.9603939552363546	0.9831621514649239	0.9763905142237134	0.980849380880668	0.9793571021518356	0.9753384023052225	0.9848339922737583	0.9661246799585658	0.9843382032219568	0.971547363749289	0.9691494424538926	0.9796826651210503	0.9838348075350387	0.9616123164715801	0.9644986881061307	0.9858633249651251	0.9852617490427484	0.9890719044727047	0.986483347267281	0.9849261247436757	0.9827387193738415	0.9795745044151494	0.9865417917026305	0.9846798611979161	0.9842444030582124	0.9862779697763449
0.9775491979014159	0.9864585690729096	0.9863746668729909	0.9722274267158992	0.9724825538418138	0.9818936628479452	0.9873268568974095	0.9753460055045291	0.9874083683126724	0.9858633249651251	1.0	0.9861639698169676	0.9880532942394875	0.9872860253599314	0.9823592215733297	0.9884697651565926	0.9878731819635047	0.9859731808593811	0.9866882023588739	0.9887249669412186	0.9875910342868358	0.986500440025657	0.9845868523841829	0.9840017422623343	0.9856956266136934	0.9863326353481092	0.9852857054948201	0.9832712303938076	0.9853940764069623	0.9874693696720089	0.9838433276334442	0.9867089988229361	0.98345538996481	0.9843562803279271	0.9828764211976733	0.9863746668729909	0.98198776410935	0.986007110770421	0.9873268568974095	0.9887445162333307	0.9795192269968762	0.9872451430989821	0.9875302581888539	0.9783356021493904	0.9840919225678293	0.9878330228792911	0.9873268568974095	0.9861851003934844	0.9877726922680867
0.986567367541885	0.9847429970737085	0.9765780528769181	0.984428289025228	0.9763221057848988	0.9833777752158804	0.9852632598386425	0.9840954136363115	0.9838180043650885	0.983387907216489	0.9861639698169676	1.0	0.9788306954097118	0.9896543440851393	0.9828149470045227	0.9863523247886109	0.9768891555889684	0.9844530466513728	0.9740889225337014	0.9768202780916752	0.9801296538153219	0.9797191702379165	0.9878042853593462	0.9850829064306695	0.9836960008138804	0.9819586591802847	0.9722766081319425	0.9816529028735882	0.975555832010945	0.9864927768849512	0.9818091715447478	0.9853035698688674	0.9813271063756066	0.986860604097617	0.9858950577229463	0.9843114986793863	0.984232839866625	0.9847820760321189	0.9829748329718812	0.9789080770392582	0.9885211104594224	0.9771112313635945	0.983311294978158	0.9848201483861299	0.9844197226461006	0.9819439536150399	0.9752306966922692	0.9843089570005605	0.9851517121984839
0.9877542338483029	0.9916285653950672	0.9804903674442346	0.9891817630017344	0.981874857990095	0.984964868123292	0.9892430224675752	0.9862533563245142	0.989708892510876	0.9868035139166428	0.9880532942394875	0.9788306954097118	1.0	0.9886308469612337	0.9833816846132959	0.9852392978537919	0.9871927156722119	0.9905272255396762	0.9798448350508225	0.9843265322920547	0.986761847802523	0.9867153695077773	0.9919079947584029	0.9931216841171979	0.9899909761635999	0.9877753078349597	0.9813772363504983	0.9879858675202736	0.9808864846510734	0.9853610833622363	0.9821192913041287	0.9911281895876132	0.9827998422934453	0.9925697647301015	0.9917598910129348	0.9894474396312511	0.9887599326597986	0.9921418807674872	0.9886766644756879	0.980424919586616	0.990517749469356	0.9829306051943484	0.989946388096305	0.9915600588996081	0.9856597032402632	0.9877419420403293	0.9836211457023728	0.9938102123349659	0.9907359563877579
0.9867681757317983	0.9866520432539446	0.9877197691704684	0.9837708216779925	0.9759811162826131	0.9838989724304965	0.9882587440287349	0.9828532110069128	0.9871718240749952	0.9839297845791571	0.9872860253599314	0.9896543440851393	0.9886308469612337	1.0	0.9834518426693025	0.9916911547383078	0.9888591083201654	0.9864643984966224	0.9837999504909167	0.9886484617651904	0.9876653832952347	0.9871718240749952	0.9877131173890159	0.986479511213803	0.9860858654596633	0.983451154508266	0.9849036511284054	0.9831402809015723	0.983035997609338	0.9907793727909336	0.9831180583135125	0.9867641183447217	0.9825307647808271	0.9872177870355594	0.9865411448254645	0.9865771137862298	0.9843752884857643	0.9855082052786768	0.9883654886685695	0.9904975274671898	0.9871194845660057	0.9875563412667755	0.9875745400388771	0.9852376987584689	0.9855023121482092	0.9885955890815064	0.9877016505257944	0.9870980705670915	0.9875745400388771
0.965804792332378	0.9814779495245987	0.9819215514866323	0.9384411015550245	0.9640832208421755	0.983452741157414	0.9817251370854899	0.9640155014959674	0.9824074923910449	0.9631479665241229	0.9823592215733297	0.9828149470045227	0.9833816846132959	0.9834518426693025	1.0	0.9846671764437325	0.9833113760751567	0.9810533960792582	0.9820193184334333	0.983240916397129	0.9816511766940236	0.9822866816626709	0.9819029325030513	0.9840017422623343	0.980572279693601	0.9817497534488324	0.9799802382091561	0.9790849066662676	0.9822139806872819	0.9830286238807381	0.984913871504166	0.9811287188405861	0.9813785492050812	0.9796613120111844	0.9774142846667847	0.981798930694832	0.9784385051360759	0.9845610682671209	0.9815027524863552	0.9850031211547007	0.9617730449328333	0.9817005021908438	0.9816511766940236	0.9692082143856282	0.9793507977350396	0.9831938589850553	0.9821897111108282	0.9823592215733297	0.9821167942478594
0.9891401825832066	0.9871779719339312	0.9840181761086269	0.9868044263880463	0.978976789912722	0.9849171619719841	0.987162610670497	0.9847120341331964	0.9862502837550905	0.9867455331424448	0.9884697651565926	0.9863523247886109	0.9852392978537919	0.9916911547383078	0.9846671764437325	1.0	0.98557059064899	0.9869043952190757	0.9806737037646561	0.985372216214279	0.9846004820936755	0.983966296470217	0.9884057061021669	0.9869974891244733	0.9860770702686728	0.9838379565637834	0.9816354443640444	0.9836016430632442	0.9798990871968581	0.9893331132356176	0.9900518143287982	0.9873676225634697	0.984368762847444	0.9883648237748333	0.9875171491304775	0.9860902868376874	0.9854656668345155	0.9870741924346553	0.9852284405320889	0.9880461133777745	0.988975371907974	0.9846344157007355	0.985439154891781	0.9874310142828924	0.9869868006122134	0.9851893144516517	0.9841733245126106	0.9861214117860311	0.986786765817893
0.9887116174812992	0.9921373091226351	0.971694495882829	0.9895419349522271	0.983106027747781	0.9852023646749799	0.9894784417463242	0.9868549683202075	0.9909967522567793	0.9870631701209248	0.9878731819635047	0.9768891555889684	0.9871927156722119	0.9888591083201654	0.9833113760751567	0.98557059064899	1.0	0.9904951452420823	0.9804607322485354	0.9816498037218477	0.9872717529042483	0.9866708640562751	0.9919347820886746	0.9997678342281182	0.9899423820750995	0.9880355972017195	0.9741977665027391	0.9879686170551047	0.981428424116062	0.9856044179149251	0.9821413306948846	0.9910332750809472	0.9828832205545458	0.9923967070753563	0.9919531109687404	0.9899434132270573	0.988735043793718	0.9919849115013649	0.9892005061959026	0.9800559799773549	0.9902398073384459	0.9830005338355368	0.9899614833449556	0.9924164378389029	0.9862818356947168	0.9889851172518486	0.9794324840602557	0.9936855061294442	0.9908434398932422
0.9851262761157153	0.9894616984313994	0.9862902589930909	0.9855256106270434	0.981140321980407	0.9820763898100844	0.9888331421067442	0.9830947522016307	0.9899286337449218	0.9836121187979643	0.9859731808593811	0.9844530466513728	0.9905272255396762	0.9864643984966224	0.9810533960792582	0.9869043952190757	0.9904951452420823	1.0	0.9880475009583599	0.9914910000565059	0.991475425023602	0.9901401890251743	0.9893457141278358	0.9885742932626069	0.9974333245603921	0.9874193068945433	0.9889510710593004	0.9861257550626289	0.9852342164771495	0.9855900153364111	0.9796471243361108	0.9892597194897862	0.9800584108526197	0.9915843213443638	0.9904114833559565	0.9878915724793819	0.9873623302147381	0.990783262516332	0.9907190555409293	0.9871362146351392	0.987458657465296	0.9887655642142729	0.9909414578930268	0.9905399205158277	0.9831734092617724	0.9902535441964105	0.9916308460531728	0.989085332437502	0.990010161735803
0.9791756035153839	0.987195747394849	0.9756356556633948	0.9737458998663798	0.9809823680121158	0.983626997889994	0.984215742713478	0.9783246000774632	0.9867500801044483	0.9774096770393191	0.9866882023588739	0.9740889225337014	0.9798448350508225	0.9837999504909167	0.9820193184334333	0.9806737037646561	0.9804607322485354	0.9880475009583599	1.0	0.9814994147211705	0.9858084986246481	0.9816608047994841	0.9884057061021669	0.9897205363980928	0.9873815402286257	0.9974733299195848	0.9813232226524048	0.9842262961252104	0.9798113389995357	0.9809216841003475	0.9815185479118119	0.9865066345324721	0.9812834141555707	0.9924183888551944	0.9900980361493394	0.9863215264451209	0.9890817892856526	0.9942279448083723	0.9876344721974386	0.9770755864137165	0.9809079438537668	0.9794220152865685	0.9897343262752214	0.98532057546241	0.9820316390918548	0.9827336282456767	0.9841819953270289	0.9856466044310828	0.987028601078418
0.9888998006717418	0.9920453905910488	0.9766944007730062	0.9905994436396891	0.9838397059951602	0.9846535316700724	0.9896966606162128	0.9865916139653913	0.9909817123155048	0.9885245763741849	0.9887249669412186	0.9768202780916752	0.9843265322920547	0.9886484617651904	0.983240916397129	0.985372216214279	0.9816498037218477	0.9914910000565059	0.9814994147211705	1.0	0.9873006530351144	0.986936997944668	0.9919347820886746	0.9901458726862445	0.9908221020723726	0.9894729461241184	0.9788211715192173	0.9880375647670908	0.9812371492365694	0.9862049850876069	0.9817869072875948	0.9924595029355975	0.9818039085834744	0.9926128880700072	0.991935592104417	0.9903223373326433	0.9893272506734148	0.9925504153175029	0.9895108622808513	0.9791539774189014	0.9913378097231135	0.9825949442642071	0.9907075768924282	0.9917648991648365	0.9855614222065355	0.988003028332449	0.9817217912131234	0.9899258506959404	0.9908434398932422
0.9875314396102266	0.9911591766332982	0.9814506801471202	0.9884082271840468	0.9853982639549649	0.9835773046900982	0.9882029861552711	0.9849908260366628	0.9903437689907852	0.9860416707737534	0.9875910342868358	0.9801296538153219	0.986761847802523	0.9876653832952347	0.9816511766940236	0.9846004820936755	0.9872717529042483	0.991475425023602	0.9858084986246481	0.9873006530351144	1.0	0.9863576279493868	0.9910116092240319	0.9903896375394071	0.9910266555302298	0.9915101825018886	0.9885338696721646	0.987656553302502	0.9807805477525038	0.9846379096478547	0.9809294385415848	0.9907309004967881	0.9809759233159754	0.9943751432248576	0.9934427985723012	0.9892696408898634	0.989278304355819	0.9946298428452383	0.9915223504317427	0.982836462499958	0.9898655391963224	0.9855657771473233	0.9926695352033615	0.9924386773619781	0.9847240403657812	0.987020534124483	0.9890172560549092	0.990235480709291	0.9905663437459294
0.9870245693325	0.9950357358555743	0.9816780948662229	0.9884905122968657	0.982246917197622	0.9833777752158804	0.9881053069975699	0.9852922868867651	0.990143785906508	0.9859526188458044	0.986500440025657	0.9797191702379165	0.9867153695077773	0.9871718240749952	0.9822866816626709	0.983966296470217	0.9866708640562751	0.9901401890251743	0.9816608047994841	0.986936997944668	0.9863576279493868	1.0	0.991530675099882	0.9901681076666544	0.9896002046615623	0.9871598414294068	0.9837704859768465	0.994788021439867	0.9820561834192584	0.984152821520893	0.9809522939082322	0.9908903900175985	0.981217766199445	0.9917616714945962	0.9904114833559565	0.9886974532249581	0.9873882779279927	0.9905581393876364	0.9882209333556632	0.9824299548946005	0.9890719044727047	0.9851673232999694	0.9891208135389081	0.9914227900438934	0.9845620888132282	0.9884621321415459	0.9859049065680138	0.9893927181011859	0.9903647626254914
0.9661990260355914	0.9907905915656428	0.9885246837551036	0.9575982701506173	0.9763752676167278	0.9810566361737885	0.9901185216515416	0.9714106590493744	0.9899767681088008	0.9621882653628095	0.9845868523841829	0.9878042853593462	0.9919079947584029	0.9877131173890159	0.9819029325030513	0.9884057061021669	0.9919347820886746	0.9893457141278358	0.9884057061021669	0.9919347820886746	0.9910116092240319	0.991530675099882	1.0	0.9836361130733966	0.9889377549959485	0.9887318665180783	0.9894901992465764	0.9880461730908034	0.9885246837551036	0.9875300205620704	0.9829045196164556	0.9905401657932625	0.9817208080761486	0.9830801955827284	0.987191674699735	0.99000516757044	0.9798801738663735	0.9863461317915202	0.9906795256140528	0.9889670629360985	0.965492241830743	0.9898344030125846	0.991530675099882	0.9743790104347864	0.9843854291888676	0.9919079947584029	0.9918811857080846	0.9904002152792949	0.9909012852595643
0.9662376044791458	0.9907846835282582	0.9873383316457061	0.9485410249154674	0.9712020418046805	0.9848486097529349	0.9894717593555417	0.9680778221543789	0.9905438286542343	0.9603939552363546	0.9840017422623343	0.9850829064306695	0.9931216841171979	0.986479511213803	0.9840017422623343	0.9869974891244733	0.9997678342281182	0.9885742932626069	0.9897205363980928	0.9901458726862445	0.9903896375394071	0.9901681076666544	0.9836361130733966	1.0	0.9878192068745031	0.989539793927308	0.9888299083108234	0.9866035812376344	0.9903012039148984	0.9856741788643582	0.9861044671432566	0.9889685036381809	0.9849268945711079	0.983741510006179	0.9868257345587014	0.9893580556019271	0.9812768432721465	0.9903012039148984	0.9913899589543834	0.9888299083108234	0.9662777686231651	0.9897655677105256	0.9902125327408908	0.978095636411981	0.9835971197169819	0.9908718334169233	0.9902790584423027	0.9926095542018899	0.9900344725292474
0.9847938889080238	0.9888758946995064	0.9856551148283509	0.9849357846363274	0.9808463689534785	0.9819198292361832	0.9878512085694408	0.9825283606578625	0.9891881676836073	0.9831621514649239	0.9856956266136934	0.9836960008138804	0.9899909761635999	0.9860858654596633	0.980572279693601	0.9860770702686728	0.9899423820750995	0.9974333245603921	0.9873815402286257	0.9908221020723726	0.9910266555302298	0.9896002046615623	0.9889377549959485	0.9878192068745031	1.0	0.9870709705025338	0.988314271961451	0.9856453523637198	0.9844707707825852	0.9846235532097886	0.9793365323196518	0.9887713446540265	0.9795321989975453	0.9908652469559942	0.9898936194834665	0.9872938243851518	0.9868126477168403	0.9902693810433574	0.9902489430650309	0.9864396358475217	0.9869828304512259	0.988177745399653	0.9903131209859826	0.9899699061760854	0.9830673792028792	0.9898287167920102	0.9909324036243834	0.9885349279589281	0.9893040579039734
0.9782243785035478	0.9866943679515616	0.9839164188380589	0.9730944107502854	0.9802504126292174	0.9833527484216379	0.9851846693623034	0.9774147595336935	0.9876880854624663	0.9763905142237134	0.9863326353481092	0.9819586591802847	0.9877753078349597	0.983451154508266	0.9817497534488324	0.9838379565637834	0.9880355972017195	0.9874193068945433	0.9974733299195848	0.9894729461241184	0.9915101825018886	0.9871598414294068	0.9887318665180783	0.989539793927308	0.9870709705025338	1.0	0.9896873541751342	0.9840142334515122	0.9855781411869613	0.9824335629118025	0.9812253195482064	0.9859383552521613	0.98026203419984	0.9922009288553524	0.9899122552311896	0.986460196124784	0.9887599326597986	0.9942646830274359	0.9906273267796074	0.9854100872309854	0.9809491186882594	0.9874426262100372	0.9915257353591304	0.9852653475703012	0.9817011340865314	0.9875831126727924	0.992339738894086	0.9866410160033374	0.9876006313987346
0.9827255801140387	0.9887405224477781	0.9698793938568429	0.9822663032849245	0.9809823680121158	0.9819720993408825	0.9858097309982592	0.9807391838478209	0.9875776820917952	0.980849380880668	0.9852857054948201	0.9722766081319425	0.9813772363504983	0.9849036511284054	0.9799802382091561	0.9816354443640444	0.9741977665027391	0.9889510710593004	0.9813232226524048	0.9788211715192173	0.9885338696721646	0.9837704859768465	0.9894901992465764	0.9888299083108234	0.988314271961451	0.9896873541751342	1.0	0.9858852058000475	0.9788312642757323	0.981808490999683	0.9789501633565773	0.9878072881026826	0.9795321989975453	0.9928918281935555	0.9909574686679584	0.9864983028696893	0.9889088724660864	0.9936719268228891	0.9878981282602814	0.9758208971975512	0.9845314736690854	0.9789363947826355	0.9902170517483909	0.9881476684147235	0.9819658045448928	0.9838015732168786	0.9793151479784711	0.9867611319717723	0.9880453691630358
0.9813042155018387	0.9909219577580506	0.9835424671726665	0.9804801700879343	0.9765042462296337	0.9803664829789576	0.9853290322498223	0.9795393054508424	0.9870766378969986	0.9793571021518356	0.9832712303938076	0.9816529028735882	0.9879858675202736	0.9831402809015723	0.9790849066662676	0.9836016430632442	0.9879686170551047	0.9861257550626289	0.9842262961252104	0.9880375647670908	0.987656553302502	0.994788021439867	0.9880461730908034	0.9866035812376344	0.9856453523637198	0.9840142334515122	0.9858852058000475	1.0	0.9840518115399739	0.9820272346624681	0.9778885363354327	0.9864884554394612	0.9781903337289798	0.9880941451335874	0.9865411448254645	0.985009636037113	0.9844604617562446	0.9872108591990888	0.9867022073762839	0.9841488619736416	0.9823585294970572	0.9861962419312928	0.9869166892391797	0.9852376987584689	0.9809620532853526	0.988752934565707	0.9873063107481022	0.9863959436036155	0.9869700919079366
0.977587077132451	0.9868922507382544	0.9770171145178527	0.9716821368111048	0.9741367618596022	0.9841931220624943	0.9828670426967846	0.976281722169013	0.9855126966671056	0.9753384023052225	0.9853940764069623	0.975555832010945	0.9808864846510734	0.983035997609338	0.9822139806872819	0.9798990871968581	0.981428424116062	0.9852342164771495	0.9798113389995357	0.9812371492365694	0.9807805477525038	0.9820561834192584	0.9885246837551036	0.9903012039148984	0.9844707707825852	0.9855781411869613	0.9788312642757323	0.9840518115399739	1.0	0.9800512102805918	0.9820751679602423	0.9855477323767332	0.9800129883522479	0.9884627035598542	0.9863756243579215	0.9849090306204393	0.9849669111243673	0.9908647464728758	0.9824502494118303	0.9787936978273282	0.9787800975846204	0.9802636229900941	0.984114234535278	0.9830059904999058	0.9806433864476073	0.9825635723556948	0.9805854339935752	0.9834869568218996	0.9847668038531043
0.9868538624955149	0.9854626615317266	0.9848157677934046	0.9856602332135582	0.9769167796554293	0.9828481567560408	0.9860535763626649	0.9833610596354121	0.984226873305498	0.9848339922737583	0.9874693696720089	0.9864927768849512	0.9853610833622363	0.9907793727909336	0.9830286238807381	0.9893331132356176	0.9856044179149251	0.9855900153364111	0.9809216841003475	0.9862049850876069	0.9846379096478547	0.984152821520893	0.9875300205620704	0.9856741788643582	0.9846235532097886	0.9824335629118025	0.981808490999683	0.9820272346624681	0.9800512102805918	1.0	0.9840665149472202	0.9860122360163526	0.9825063356917928	0.9873949350055354	0.9864170826533046	0.9845555595683941	0.9846019277841108	0.9856038207775982	0.9849043367916237	0.9872591124182365	0.9872895079610894	0.9852562427491212	0.9844052436959629	0.9854032435663034	0.9853639736265318	0.985343633150465	0.9845307302959166	0.984730579435035	0.9851881358987068
0.9700354158824736	0.9799312260441149	0.9808836798249122	0.9488230789545806	0.9648453718534181	0.9852023646749799	0.9814286034254587	0.9683336632301573	0.9809294385415848	0.9661246799585658	0.9838433276334442	0.9818091715447478	0.9821192913041287	0.9831180583135125	0.984913871504166	0.9900518143287982	0.9821413306948846	0.9796471243361108	0.9815185479118119	0.9817869072875948	0.9809294385415848	0.9809522939082322	0.9829045196164556	0.9861044671432566	0.9793365323196518	0.9812253195482064	0.9789501633565773	0.9778885363354327	0.9820751679602423	0.9840665149472202	1.0	0.9799547900144744	0.9827092091276509	0.9812516012980497	0.9787768372899825	0.9808378569784635	0.9802613030305237	0.9873243161822957	0.9811799732678633	0.9856086056470873	0.967107678906879	0.9818314206657567	0.9807460181633939	0.9723941934954754	0.9796946465805869	0.9817200234895285	0.9812479691341298	0.981157276529134	0.9807460181633939
0.9853957487784798	0.9897574369162103	0.9867059440944562	0.9868044263880463	0.9797610001125798	0.9830509267491941	0.9893265173817365	0.983572558656455	0.9895758113800689	0.9843382032219568	0.9867089988229361	0.9853035698688674	0.9911281895876132	0.9867641183447217	0.9811287188405861	0.9873676225634697	0.9910332750809472	0.9892597194897862	0.9865066345324721	0.9924595029355975	0.9907309004967881	0.9908903900175985	0.9905401657932625	0.9889685036381809	0.9887713446540265	0.9859383552521613	0.9878072881026826	0.9864884554394612	0.9855477323767332	0.9860122360163526	0.9799547900144744	1.0	0.9800129883522479	0.9906144052546922	0.9895186767783193	0.9889236849604509	0.9869968974780398	0.9897894386983926	0.9903772883034969	0.9878072881026826	0.9883573446330594	0.989905299489007	0.989905299489007	0.9890467477675982	0.9841947488817648	0.9910807664211614	0.9900035077047786	0.989108927639202	0.9898889029985026
0.9808962821032762	0.98026203419984	0.9815446963901631	0.9635135810566754	0.9670875257042602	0.9823356716606542	0.9809759233159754	0.9716894470987915	0.9812615461402131	0.971547363749289	0.98345538996481	0.9813271063756066	0.9827998422934453	0.9825307647808271	0.9813785492050812	0.984368762847444	0.9828832205545458	0.9800584108526197	0.9812834141555707	0.9818039085834744	0.9809759233159754	0.981217766199445	0.9817208080761486	0.9849268945711079	0.9795321989975453	0.98026203419984	0.9795321989975453	0.9781903337289798	0.9800129883522479	0.9825063356917928	0.9827092091276509	0.9800129883522479	1.0	0.9820037841206184	0.9800089016825833	0.9806432281550723	0.9796430477811013	0.985841649166986	0.9815663760088201	0.9836038705949832	0.9728123275540256	0.9814143161268947	0.9811519862138138	0.9753697406995064	0.9869868006122134	0.9817177324653557	0.9826534177422455	0.9811300301186291	0.9811958542341626
0.9722955086363617	0.9914952881484753	0.9888995999791298	0.9681254215387085	0.9799792936294055	0.9802942097218801	0.9902923711920083	0.9742514868317497	0.9913612870127071	0.9691494424538926	0.9843562803279271	0.986860604097617	0.9925697647301015	0.9872177870355594	0.9796613120111844	0.9883648237748333	0.9923967070753563	0.9915843213443638	0.9924183888551944	0.9926128880700072	0.9943751432248576	0.9917616714945962	0.9830801955827284	0.983741510006179	0.9908652469559942	0.9922009288553524	0.9928918281935555	0.9880941451335874	0.9884627035598542	0.9873949350055354	0.9812516012980497	0.9906144052546922	0.9820037841206184	1.0	0.9912716500918521	0.9908425217303474	0.9813704528076622	0.987796299970465	0.9934217330089026	0.9890919326739985	0.9743093246154952	0.9918058607622684	0.997807619696498	0.9790116475899708	0.9841061743970756	0.9920259255000291	0.9978444480032299	0.992091660332866	0.9922227393048206
0.9828547163739031	0.9904848051095861	0.9872354594382423	0.9808971134148866	0.9810256988335256	0.9791367831833592	0.9898002825366107	0.9806240430811476	0.9906127276720795	0.9796826651210503	0.9828764211976733	0.9858950577229463	0.9917598910129348	0.9865411448254645	0.9774142846667847	0.9875171491304775	0.9919531109687404	0.9904114833559565	0.9900980361493394	0.991935592104417	0.9934427985723012	0.9904114833559565	0.987191674699735	0.9868257345587014	0.9898936194834665	0.9899122552311896	0.9909574686679584	0.9865411448254645	0.9863756243579215	0.9864170826533046	0.9787768372899825	0.9895186767783193	0.9800089016825833	0.9912716500918521	1.0	0.9894053578561335	0.9873363620282972	0.9882402023019903	0.992543296990725	0.9878956271189052	0.984715388752009	0.990630961934132	0.9929536493497796	0.9874051287098684	0.9823418661838523	0.9911015531658087	0.9929706374365649	0.9909574686679584	0.9905214050140038
0.985986778646882	0.9894782837197997	0.9867442041406228	0.9845211465444191	0.9806184390841307	0.9836021607047286	0.987879323400564	0.9840435016442919	0.9890093010493884	0.9838348075350387	0.9863746668729909	0.9843114986793863	0.9894474396312511	0.9865771137862298	0.981798930694832	0.9860902868376874	0.9899434132270573	0.9878915724793819	0.9863215264451209	0.9903223373326433	0.9892696408898634	0.9886974532249581	0.99000516757044	0.9893580556019271	0.9872938243851518	0.986460196124784	0.9864983028696893	0.985009636037113	0.9849090306204393	0.9845555595683941	0.9808378569784635	0.9889236849604509	0.9806432281550723	0.9908425217303474	0.9894053578561335	1.0	0.9867068969206789	0.989493844700508	0.9892372106016782	0.9876758285567493	0.987794370998544	0.9908363565413915	0.98930203931544	0.9893654813949765	0.9836984748611532	0.9905257860344215	0.9894957643017488	0.9880647620214988	0.9892209834891836
0.9649772420299868	0.986944359904718	0.985272605323489	0.9581264673769172	0.9727144152780465	0.9784385051360759	0.9867068969206789	0.9677137670728296	0.9872322838920224	0.9616123164715801	0.98198776410935	0.984232839866625	0.9887599326597986	0.9843752884857643	0.9784385051360759	0.9854656668345155	0.988735043793718	0.9873623302147381	0.9890817892856526	0.9893272506734148	0.989278304355819	0.9873882779279927	0.9798801738663735	0.9812768432721465	0.9868126477168403	0.9887599326597986	0.9889088724660864	0.9844604617562446	0.9849669111243673	0.9846019277841108	0.9802613030305237	0.9869968974780398	0.9796430477811013	0.9813704528076622	0.9873363620282972	0.9867068969206789	1.0	0.9849110232915926	0.9889336304692923	0.9864943697418695	0.9665994994405832	0.9872583343007325	0.9899810139776432	0.9702668372071835	0.9805820614148227	0.9880049651858095	0.9898127598413153	0.9874918647038282	0.987672360866099
