/home/jshaw/scratch/2022_sketched_distance/references/SGB_genome_fastas_part3/4630/FengQ_2015__SID31367__bin.39.fa	/home/jshaw/scratch/2022_sketched_distance/references/SGB_genome_fastas_part3/4630/FengQ_2015__SID31883__bin.30.fa	/home/jshaw/scratch/2022_sketched_distance/references/SGB_genome_fastas_part3/4630/FengQ_2015__SID530450__bin.66.fa	/home/jshaw/scratch/2022_sketched_distance/references/SGB_genome_fastas_part3/4630/GeversD_2014__SKBSTL008__bin.83.fa	/home/jshaw/scratch/2022_sketched_distance/references/SGB_genome_fastas_part3/4630/HeQ_2017__SZAXPI029463-136__bin.44.fa	/home/jshaw/scratch/2022_sketched_distance/references/SGB_genome_fastas_part3/4630/HeQ_2017__SZAXPI029483-78__bin.3.fa	/home/jshaw/scratch/2022_sketched_distance/references/SGB_genome_fastas_part3/4630/HeQ_2017__SZAXPI029564-74__bin.70.fa	/home/jshaw/scratch/2022_sketched_distance/references/SGB_genome_fastas_part3/4630/IjazUZ_2017__S149_a_WGS__bin.14.fa	/home/jshaw/scratch/2022_sketched_distance/references/SGB_genome_fastas_part3/4630/IjazUZ_2017__S14_a_WGS__bin.19.fa	/home/jshaw/scratch/2022_sketched_distance/references/SGB_genome_fastas_part3/4630/IjazUZ_2017__S15_a_WGS__bin.1.fa	/home/jshaw/scratch/2022_sketched_distance/references/SGB_genome_fastas_part3/4630/IjazUZ_2017__S16_a_WGS__bin.12.fa	/home/jshaw/scratch/2022_sketched_distance/references/SGB_genome_fastas_part3/4630/LiJ_2014__V1.CD54-0__bin.3.fa	/home/jshaw/scratch/2022_sketched_distance/references/SGB_genome_fastas_part3/4630/LoombaR_2017__SID5639_uuc__bin.9.fa	/home/jshaw/scratch/2022_sketched_distance/references/SGB_genome_fastas_part3/4630/NielsenHB_2014__V1_UC16_0__bin.1.fa	/home/jshaw/scratch/2022_sketched_distance/references/SGB_genome_fastas_part3/4630/QinJ_2012__T2D-016__bin.41.fa	/home/jshaw/scratch/2022_sketched_distance/references/SGB_genome_fastas_part3/4630/XieH_2016__YSZC12003_37190R1__bin.30.fa	/home/jshaw/scratch/2022_sketched_distance/references/SGB_genome_fastas_part3/4630/XieH_2016__YSZC12003_37400__bin.34.fa	/home/jshaw/scratch/2022_sketched_distance/references/SGB_genome_fastas_part3/4630/YuJ_2015__SZAXPI003415-12__bin.8.fa	/home/jshaw/scratch/2022_sketched_distance/references/SGB_genome_fastas_part3/4630/YuJ_2015__SZAXPI003422-11__bin.45.fa	/home/jshaw/scratch/2022_sketched_distance/references/SGB_genome_fastas_part3/4630/YuJ_2015__SZAXPI003424-12__bin.59.fa	/home/jshaw/scratch/2022_sketched_distance/references/SGB_genome_fastas_part3/4630/YuJ_2015__SZAXPI003428-6__bin.7.fa	/home/jshaw/scratch/2022_sketched_distance/references/SGB_genome_fastas_part3/4630/YuJ_2015__SZAXPI015211-166__bin.3.fa	/home/jshaw/scratch/2022_sketched_distance/references/SGB_genome_fastas_part3/4630/YuJ_2015__SZAXPI015233-19__bin.6.fa	/home/jshaw/scratch/2022_sketched_distance/references/SGB_genome_fastas_part3/4630/YuJ_2015__SZAXPI017457-24__bin.57.fa	/home/jshaw/scratch/2022_sketched_distance/references/SGB_genome_fastas_part3/4630/YuJ_2015__SZAXPI017595-169__bin.30.fa	/home/jshaw/scratch/2022_sketched_distance/references/SGB_genome_fastas_part3/4630/ZellerG_2014__CCIS24254057ST-4-0__bin.15.fa	/home/jshaw/scratch/2022_sketched_distance/references/SGB_genome_fastas_part3/4630/ZellerG_2014__CCIS88007743ST-4-0__bin.21.fa
1.0	0.985907985492568	0.9874536528301571	0.9965393425857554	0.9894078312097955	0.997416548491221	0.9902269417059264	0.9863542882613854	0.9894432419946471	0.9861678818905654	0.981395938801989	0.9860830095134165	0.9891105331157732	0.9779667728231856	0.9967374331683158	0.9861870240445588	0.9828712523682791	0.9969958315044268	0.9905371863666653	0.9904664308597975	0.9905653535930974	0.9874493203611246	0.9896266317547853	0.9842859776052607	0.990768874979661	0.9875067884881191	0.9954410521772508
0.985907985492568	1.0	0.9838421756199899	0.9860610156365865	0.9851815917590098	0.9855892905197688	0.9856796195225818	0.9823791007081498	0.9942428426685825	0.9913733096407522	0.9868798577412866	0.9826721383224816	0.9849529480826333	0.976028438519595	0.9859101336631648	0.9825353868991095	0.9800401839893507	0.9857651723398875	0.9860180983971526	0.9856401697868364	0.9863564174873878	0.9832472075720725	0.9842610016266572	0.9807839591408148	0.9864258920147542	0.9859709574724094	0.9849923058386599
0.9874536528301571	0.9838421756199899	1.0	0.9881582382165327	0.9936692535168666	0.9875818853308945	0.987019576508998	0.9851710694574819	0.9879858675202736	0.9842325785231542	0.980004234531216	0.9926619218270288	0.9877484637198212	0.9824020341241496	0.9875519317456877	0.9848994261835111	0.9839174791743815	0.9876161538861651	0.9878313017287286	0.9939872260974224	0.9878124121522602	0.9839473967342962	0.9938653644299713	0.9812476601114707	0.9880391796904864	0.9840653403722854	0.9881672866085653
0.9965393425857554	0.9860610156365865	0.9881582382165327	1.0	0.9904751485278733	0.9969873958132836	0.9898658643277353	0.9862965709186798	0.9899011073035896	0.9862510649720013	0.9814888224855212	0.9869153777776472	0.989568333200009	0.9785353247810513	0.9965249968649943	0.9863172286011677	0.9823904940636283	0.9970808558470692	0.990428843289879	0.9906474543847276	0.9904409837074841	0.9866468592808267	0.9901707708192402	0.9837325043298812	0.9908402324405	0.9873704236322942	0.9955893426156758
0.9894078312097955	0.9851815917590098	0.9936692535168666	0.9904751485278733	1.0	0.9899826243117897	0.9882064868887349	0.985714585217835	0.9892567976369577	0.9856584966503218	0.9811955855200144	0.9939799242302177	0.9887906497541268	0.983519364545482	0.9897252533824923	0.9866074770987606	0.9843747484326159	0.9897540080520687	0.9891203815661881	0.9952310696879891	0.9891042895547744	0.9851537906604971	0.9967427757780577	0.9819146205290205	0.9896038988370689	0.9864733455087461	0.9904276220854522
0.997416548491221	0.9855892905197688	0.9875818853308945	0.9969873958132836	0.9899826243117897	1.0	0.9901482813232707	0.9860031941472729	0.9893047986007599	0.9859749377592638	0.9815344428404852	0.9862360076385377	0.9893550176972505	0.9780821672819989	0.9969235515358688	0.9862399415634956	0.9829135726612181	0.9972129925087669	0.9907202014400145	0.9903352087360435	0.9908143733078533	0.9869592230152775	0.989741607926552	0.9837237093939543	0.9912124534598851	0.9876115483067404	0.9961017380333604
0.9902269417059264	0.9856796195225818	0.987019576508998	0.9898658643277353	0.9882064868887349	0.9901482813232707	1.0	0.9862104947235819	0.9897609758134406	0.9864653750182363	0.9823146353946779	0.9862734335497053	0.9895509355627498	0.9772907472198933	0.990544347517892	0.9856640324041508	0.9824587368884744	0.9900647187083641	0.997789289617309	0.9894907519276896	0.9974830763792513	0.9931538851811537	0.9885260717349308	0.9823434262098392	0.9976583364885945	0.9872971221579814	0.989453473733519
0.9863542882613854	0.9823791007081498	0.9851710694574819	0.9862965709186798	0.985714585217835	0.9860031941472729	0.9862104947235819	1.0	0.9857387353741548	0.982937896673189	0.9785231839620566	0.9869622791458141	0.986725749851225	0.9772563462572608	0.9863855665714337	0.9845804419677547	0.9796629480533343	0.986027137501158	0.9866233627312223	0.9877097853113604	0.9870198309851981	0.9836585755335754	0.9871021026382968	0.9802624245397417	0.9869357185593683	0.9837892020049277	0.9860419020462647
0.9894432419946471	0.9942428426685825	0.9879858675202736	0.9899011073035896	0.9892567976369577	0.9893047986007599	0.9897609758134406	0.9857387353741548	1.0	0.9947377513481314	0.9896890524209997	0.9860645716415426	0.9885073376752194	0.9783411519359674	0.9895788893899077	0.9865630289625252	0.9821764310087847	0.989673223645624	0.9903032050503241	0.9896531550657717	0.990383157515488	0.9860015958367463	0.9885937166317412	0.9831502204726456	0.9904781864284423	0.989200850772866	0.9888680017020096
0.9861678818905654	0.9913733096407522	0.9842325785231542	0.9862510649720013	0.9856584966503218	0.9859749377592638	0.9864653750182363	0.982937896673189	0.9947377513481314	1.0	0.9880856238483499	0.9827161325061065	0.9851116727255771	0.975743552648417	0.986499237038819	0.9836150109552726	0.9808724755725771	0.9861534487276562	0.9863755436608642	0.9862084200697495	0.9865442043045436	0.9836963255556246	0.9849107047713157	0.9803904407426588	0.9867867446970108	0.9864341221204274	0.9854290860230781
0.981395938801989	0.9868798577412866	0.980004234531216	0.9814888224855212	0.9811955855200144	0.9815344428404852	0.9823146353946779	0.9785231839620566	0.9896890524209997	0.9880856238483499	1.0	0.9782621832662475	0.9807039310405687	0.9736363380312567	0.9819731719960969	0.9780816254580303	0.9774623889774852	0.9812744726582182	0.9819391821028178	0.9817842684874093	0.9823157600724515	0.9795979018883364	0.9801797782624759	0.977181126037445	0.9824418885875722	0.9820329151319326	0.980590316347853
0.9860830095134165	0.9826721383224816	0.9926619218270288	0.9869153777776472	0.9939799242302177	0.9862360076385377	0.9862734335497053	0.9869622791458141	0.9860645716415426	0.9827161325061065	0.9782621832662475	1.0	0.9870279591732771	0.9841126665223606	0.9860703442791888	0.9846381211991837	0.983396803526249	0.9862247044652539	0.9868970974412312	0.9933045227908444	0.987170593445763	0.9828289092578006	0.9944976078327501	0.9798918964003167	0.9874170696126318	0.9831943773493304	0.9865242583148321
0.9891105331157732	0.9849529480826333	0.9877484637198212	0.989568333200009	0.9887906497541268	0.9893550176972505	0.9895509355627498	0.986725749851225	0.9885073376752194	0.9851116727255771	0.9807039310405687	0.9870279591732771	1.0	0.9787366076243276	0.9889401679495069	0.988486682660496	0.981990202334608	0.9890559955242422	0.9901948988691618	0.9897382364153023	0.9900680980907054	0.9864135947376946	0.9889525276084702	0.9816973377378193	0.9905900899958259	0.9864097754692314	0.9887411928130586
0.9779667728231856	0.976028438519595	0.9824020341241496	0.9785353247810513	0.983519364545482	0.9780821672819989	0.9772907472198933	0.9772563462572608	0.9783411519359674	0.975743552648417	0.9736363380312567	0.9841126665223606	0.9787366076243276	1.0	0.9778773681245312	0.977248780444646	0.9764935172920194	0.9776351959759468	0.9773693211777965	0.9836917272466748	0.977550122465782	0.9751419702803845	0.9841504156776093	0.9751706533788455	0.9778254697880372	0.976249324317199	0.9781088469008288
0.9967374331683158	0.9859101336631648	0.9875519317456877	0.9965249968649943	0.9897252533824923	0.9969235515358688	0.990544347517892	0.9863855665714337	0.9895788893899077	0.986499237038819	0.9819731719960969	0.9860703442791888	0.9889401679495069	0.9778773681245312	1.0	0.9860598303566084	0.9825371864963397	0.9965212599755364	0.9908041950127352	0.9906488822563816	0.9908769529097134	0.987632068702038	0.9896479633479205	0.9844166753544761	0.9910974551619707	0.9877432652442302	0.995525788197452
0.9861870240445588	0.9825353868991095	0.9848994261835111	0.9863172286011677	0.9866074770987606	0.9862399415634956	0.9856640324041508	0.9845804419677547	0.9865630289625252	0.9836150109552726	0.9780816254580303	0.9846381211991837	0.988486682660496	0.977248780444646	0.9860598303566084	1.0	0.9797076920986657	0.9860764145564624	0.9862285513149114	0.9875859571740406	0.9859233033752558	0.9828297035405539	0.985783021856836	0.9788526056951689	0.9864678325841697	0.9844530675997065	0.9865004218902982
0.9828712523682791	0.9800401839893507	0.9839174791743815	0.9823904940636283	0.9843747484326159	0.9829135726612181	0.9824587368884744	0.9796629480533343	0.9821764310087847	0.9808724755725771	0.9774623889774852	0.983396803526249	0.981990202334608	0.9764935172920194	0.9825371864963397	0.9797076920986657	1.0	0.9820884751838068	0.9825678469404445	0.9854041206358171	0.9828611587632244	0.9801989956531495	0.9845476347602574	0.9756467352594058	0.9830620634305208	0.9810099643134016	0.9820052800644791
0.9969958315044268	0.9857651723398875	0.9876161538861651	0.9970808558470692	0.9897540080520687	0.9972129925087669	0.9900647187083641	0.986027137501158	0.989673223645624	0.9861534487276562	0.9812744726582182	0.9862247044652539	0.9890559955242422	0.9776351959759468	0.9965212599755364	0.9860764145564624	0.9820884751838068	1.0	0.9907528311839151	0.9903437342331262	0.9908572117729072	0.9867899135020622	0.9897042167891544	0.9840178122362633	0.9910252027888781	0.9870834230844594	0.9958407119590688
0.9905371863666653	0.9860180983971526	0.9878313017287286	0.990428843289879	0.9891203815661881	0.9907202014400145	0.997789289617309	0.9866233627312223	0.9903032050503241	0.9863755436608642	0.9819391821028178	0.9868970974412312	0.9901948988691618	0.9773693211777965	0.9908041950127352	0.9862285513149114	0.9825678469404445	0.9907528311839151	1.0	0.9898900002406632	0.998646245584068	0.9936830216476306	0.9891916769239204	0.9827171109059925	0.999241442465346	0.9875681069002561	0.9900608563934817
0.9904664308597975	0.9856401697868364	0.9939872260974224	0.9906474543847276	0.9952310696879891	0.9903352087360435	0.9894907519276896	0.9877097853113604	0.9896531550657717	0.9862084200697495	0.9817842684874093	0.9933045227908444	0.9897382364153023	0.9836917272466748	0.9906488822563816	0.9875859571740406	0.9854041206358171	0.9903437342331262	0.9898900002406632	1.0	0.9899842068989999	0.9864082823694524	0.9947722587387995	0.9832075574865053	0.9901725911785506	0.9867964954911863	0.9908014758350937
0.9905653535930974	0.9863564174873878	0.9878124121522602	0.9904409837074841	0.9891042895547744	0.9908143733078533	0.9974830763792513	0.9870198309851981	0.990383157515488	0.9865442043045436	0.9823157600724515	0.987170593445763	0.9900680980907054	0.977550122465782	0.9908769529097134	0.9859233033752558	0.9828611587632244	0.9908572117729072	0.998646245584068	0.9899842068989999	1.0	0.9938508669695733	0.9896526705692396	0.9830275771368112	0.9988251022462381	0.9875963818976555	0.990135786460916
0.9874493203611246	0.9832472075720725	0.9839473967342962	0.9866468592808267	0.9851537906604971	0.9869592230152775	0.9931538851811537	0.9836585755335754	0.9860015958367463	0.9836963255556246	0.9795979018883364	0.9828289092578006	0.9864135947376946	0.9751419702803845	0.987632068702038	0.9828297035405539	0.9801989956531495	0.9867899135020622	0.9936830216476306	0.9864082823694524	0.9938508669695733	1.0	0.984909234739968	0.980639171533402	0.9940252216202362	0.984920720853257	0.9864044902089757
0.9896266317547853	0.9842610016266572	0.9938653644299713	0.9901707708192402	0.9967427757780577	0.989741607926552	0.9885260717349308	0.9871021026382968	0.9885937166317412	0.9849107047713157	0.9801797782624759	0.9944976078327501	0.9889525276084702	0.9841504156776093	0.9896479633479205	0.985783021856836	0.9845476347602574	0.9897042167891544	0.9891916769239204	0.9947722587387995	0.9896526705692396	0.984909234739968	1.0	0.9824612087425879	0.98940685632836	0.9853556566069359	0.9906655737816188
0.9842859776052607	0.9807839591408148	0.9812476601114707	0.9837325043298812	0.9819146205290205	0.9837237093939543	0.9823434262098392	0.9802624245397417	0.9831502204726456	0.9803904407426588	0.977181126037445	0.9798918964003167	0.9816973377378193	0.9751706533788455	0.9844166753544761	0.9788526056951689	0.9756467352594058	0.9840178122362633	0.9827171109059925	0.9832075574865053	0.9830275771368112	0.980639171533402	0.9824612087425879	1.0	0.9828366879961556	0.9801896037890416	0.9829972443506231
0.990768874979661	0.9864258920147542	0.9880391796904864	0.9908402324405	0.9896038988370689	0.9912124534598851	0.9976583364885945	0.9869357185593683	0.9904781864284423	0.9867867446970108	0.9824418885875722	0.9874170696126318	0.9905900899958259	0.9778254697880372	0.9910974551619707	0.9864678325841697	0.9830620634305208	0.9910252027888781	0.999241442465346	0.9901725911785506	0.9988251022462381	0.9940252216202362	0.98940685632836	0.9828366879961556	1.0	0.9881032869465726	0.9903824335152033
0.9875067884881191	0.9859709574724094	0.9840653403722854	0.9873704236322942	0.9864733455087461	0.9876115483067404	0.9872971221579814	0.9837892020049277	0.989200850772866	0.9864341221204274	0.9820329151319326	0.9831943773493304	0.9864097754692314	0.976249324317199	0.9877432652442302	0.9844530675997065	0.9810099643134016	0.9870834230844594	0.9875681069002561	0.9867964954911863	0.9875963818976555	0.984920720853257	0.9853556566069359	0.9801896037890416	0.9881032869465726	1.0	0.9867197295475595
0.9954410521772508	0.9849923058386599	0.9881672866085653	0.9955893426156758	0.9904276220854522	0.9961017380333604	0.989453473733519	0.9860419020462647	0.9888680017020096	0.9854290860230781	0.980590316347853	0.9865242583148321	0.9887411928130586	0.9781088469008288	0.995525788197452	0.9865004218902982	0.9820052800644791	0.9958407119590688	0.9900608563934817	0.9908014758350937	0.990135786460916	0.9864044902089757	0.9906655737816188	0.9829972443506231	0.9903824335152033	0.9867197295475595	1.0
