/home/jshaw/scratch/2022_sketched_distance/references/SGB_genome_fastas_part4/8022/BritoIL_2016__M1.26.ST__bin.43.fa	/home/jshaw/scratch/2022_sketched_distance/references/SGB_genome_fastas_part4/8022/BritoIL_2016__M2.31.ST__bin.70.fa	/home/jshaw/scratch/2022_sketched_distance/references/SGB_genome_fastas_part4/8022/BritoIL_2016__M2.38.ST__bin.53.fa	/home/jshaw/scratch/2022_sketched_distance/references/SGB_genome_fastas_part4/8022/BritoIL_2016__M2.5.ST__bin.5.fa	/home/jshaw/scratch/2022_sketched_distance/references/SGB_genome_fastas_part4/8022/BritoIL_2016__W1.34.ST__bin.16.fa	/home/jshaw/scratch/2022_sketched_distance/references/SGB_genome_fastas_part4/8022/BritoIL_2016__W1.39.ST__bin.60.fa	/home/jshaw/scratch/2022_sketched_distance/references/SGB_genome_fastas_part4/8022/BritoIL_2016__W1.42.ST__bin.51.fa	/home/jshaw/scratch/2022_sketched_distance/references/SGB_genome_fastas_part4/8022/BritoIL_2016__W1.54.ST__bin.41.fa	/home/jshaw/scratch/2022_sketched_distance/references/SGB_genome_fastas_part4/8022/BritoIL_2016__W1.55.ST__bin.4.fa	/home/jshaw/scratch/2022_sketched_distance/references/SGB_genome_fastas_part4/8022/BritoIL_2016__W2.17.ST__bin.72.fa	/home/jshaw/scratch/2022_sketched_distance/references/SGB_genome_fastas_part4/8022/BritoIL_2016__W2.1.ST__bin.37.fa	/home/jshaw/scratch/2022_sketched_distance/references/SGB_genome_fastas_part4/8022/BritoIL_2016__W2.36.ST__bin.48.fa	/home/jshaw/scratch/2022_sketched_distance/references/SGB_genome_fastas_part4/8022/BritoIL_2016__W2.45.ST__bin.4.fa	/home/jshaw/scratch/2022_sketched_distance/references/SGB_genome_fastas_part4/8022/BritoIL_2016__W2.47.ST__bin.50.fa	/home/jshaw/scratch/2022_sketched_distance/references/SGB_genome_fastas_part4/8022/BritoIL_2016__W2.4.ST__bin.15.fa	/home/jshaw/scratch/2022_sketched_distance/references/SGB_genome_fastas_part4/8022/BritoIL_2016__W2.54.ST__bin.43.fa	/home/jshaw/scratch/2022_sketched_distance/references/SGB_genome_fastas_part4/8022/BritoIL_2016__W2.63.ST__bin.35.fa	/home/jshaw/scratch/2022_sketched_distance/references/SGB_genome_fastas_part4/8022/BritoIL_2016__W2.65.ST__bin.35.fa	/home/jshaw/scratch/2022_sketched_distance/references/SGB_genome_fastas_part4/8022/BritoIL_2016__WL.10.ST__bin.14.fa	/home/jshaw/scratch/2022_sketched_distance/references/SGB_genome_fastas_part4/8022/CM_madagascar__A27_02_1FE__bin.38.fa	/home/jshaw/scratch/2022_sketched_distance/references/SGB_genome_fastas_part4/8022/CM_madagascar__A32_01_1FE__bin.61.fa	/home/jshaw/scratch/2022_sketched_distance/references/SGB_genome_fastas_part4/8022/CosteaPI_2017__SID713A040-11-0-0__bin.41.fa	/home/jshaw/scratch/2022_sketched_distance/references/SGB_genome_fastas_part4/8022/DavidLA_2015__LD-Run1-12__bin.26.fa	/home/jshaw/scratch/2022_sketched_distance/references/SGB_genome_fastas_part4/8022/DavidLA_2015__LD-Run2-13__bin.1.fa	/home/jshaw/scratch/2022_sketched_distance/references/SGB_genome_fastas_part4/8022/QinJ_2012__NOM029__bin.22.fa	/home/jshaw/scratch/2022_sketched_distance/references/SGB_genome_fastas_part4/8022/QinN_2014__LD-26__bin.28.fa	/home/jshaw/scratch/2022_sketched_distance/references/SGB_genome_fastas_part4/8022/QinN_2014__LD-31__bin.18.fa	/home/jshaw/scratch/2022_sketched_distance/references/SGB_genome_fastas_part4/8022/QinN_2014__LD-50__bin.19.fa	/home/jshaw/scratch/2022_sketched_distance/references/SGB_genome_fastas_part4/8022/QinN_2014__LD-51__bin.53.fa	/home/jshaw/scratch/2022_sketched_distance/references/SGB_genome_fastas_part4/8022/QinN_2014__LD-74__bin.53.fa	/home/jshaw/scratch/2022_sketched_distance/references/SGB_genome_fastas_part4/8022/QinN_2014__LV-8__bin.12.fa	/home/jshaw/scratch/2022_sketched_distance/references/SGB_genome_fastas_part4/8022/VincentC_2016__MM091.2__bin.9.fa
1.0	0.9934785979877336	0.998848827822045	0.996317355424009	0.9961429029492667	0.9969785411726757	0.9965079764362181	0.994788591577179	0.9944931600754154	0.9950434118488711	0.994788591577179	0.9945875380018355	0.9949859987019053	0.9927582282141009	0.9952360265096065	0.9939657660668396	0.9939081028456066	0.9945253055055976	0.99523050366444	0.9888255491041309	0.9902141855666104	0.9872885269629105	0.9925079804923442	0.9950778698349177	0.9885139571161887	0.9895135596741782	0.9856939293214243	0.9891723777949454	0.9902279228871195	0.9894863131059128	0.9860288488389675	0.9873280846722288
0.9934785979877336	1.0	0.9946874822571359	0.9932241381747643	0.99296770745714	0.9940173734575267	0.9939817264259424	0.9949309894878368	0.9910758627282211	0.9921485975902102	0.9946525490696523	0.9936591652765802	0.9935147902902278	0.9926721902533436	0.9936591652765802	0.9947572384108296	0.9922990430843515	0.9951721964938555	0.9904468624924712	0.988694501763296	0.9903275793116018	0.9875012135117051	0.9918836597780876	0.9892753218818369	0.9831454287445841	0.9890690588480412	0.9795341351327836	0.9889446787788464	0.9900475640674677	0.9896840175880638	0.9870643365522903	0.9839288513343638
0.998848827822045	0.9946874822571359	1.0	0.9981461127004657	0.9978936410663714	0.9979018251782421	0.9977418336673379	0.9958848334538636	0.9960789636411029	0.9962545921873686	0.9962175940450372	0.9964467131706487	0.9963460705752848	0.9941438575813847	0.9960596016235356	0.9935110302818128	0.9959272659426902	0.9957017995400816	0.9970067818201185	0.9892951486986663	0.9899685242829144	0.9869307333582197	0.9939741199098158	0.9958106972687637	0.9896704862595945	0.9886978958684132	0.9871467914384404	0.9901770932242825	0.9917678547734442	0.9885940981972042	0.987425251274869	0.9877852658130427
0.996317355424009	0.9932241381747643	0.9981461127004657	1.0	0.9960927867441016	0.9962623832522745	0.9966292221747463	0.9955475420222285	0.994971908467039	0.9953249041746878	0.9952252960583254	0.9950563707406682	0.9952905000998675	0.9931000616987306	0.9946652969612191	0.9947594456816637	0.9943460725315051	0.9943433508111468	0.9954516832560274	0.9895909456908742	0.9904837701747268	0.9872911511031788	0.9926682092040195	0.994839904349493	0.9885139571161887	0.9893708155911122	0.9858141507023592	0.9889734114129869	0.9907764631033213	0.9897004622817597	0.9859098139418975	0.9869068814544352
0.9961429029492667	0.99296770745714	0.9978936410663714	0.9960927867441016	1.0	0.9968517828155373	0.9982751681596512	0.9966336232631677	0.9954684980566555	0.995553452762994	0.9957131834127859	0.9951725506229612	0.9954765058056231	0.9935984289384336	0.9944830064875001	0.9960528967551328	0.9959733267805572	0.9936799156230737	0.9965359986630069	0.990095277836021	0.9913653405036824	0.987602608733825	0.9925881918416397	0.994839904349493	0.9887272755536932	0.9904174024409366	0.9864087483094722	0.9894545488401961	0.9911281895876132	0.9903103764707916	0.986598234025927	0.9865659924417594
0.9969785411726757	0.9940173734575267	0.9979018251782421	0.9962623832522745	0.9968517828155373	1.0	0.9967500268196392	0.9954510516052778	0.9930619873766663	0.9921672788151408	0.9947549421922307	0.9943465919738845	0.9945105361503406	0.9929478913794071	0.9949368671908749	0.9948360121553448	0.9931756914589713	0.9947423410248062	0.9923714351534878	0.9892001764611915	0.9902708056131356	0.9875597314854004	0.9905484879818244	0.9907797390650065	0.9846985786861832	0.9894869769717656	0.982313927386044	0.9886840663888874	0.989959504919775	0.9897398338415231	0.9868799660751816	0.9871181570366047
0.9965079764362181	0.9939817264259424	0.9977418336673379	0.9966292221747463	0.9982751681596512	0.9967500268196392	1.0	0.9966288165877908	0.9958848334538636	0.996229804800786	0.996151130775387	0.9961777651217345	0.996300867379738	0.9940723569866643	0.9955914927331537	0.9959693130424355	0.9960422984369506	0.9947062669560597	0.996607042820976	0.9901597577475084	0.9913806581550555	0.9878016206114343	0.9935618051507416	0.9960418252688469	0.9893590708011853	0.9903444797133086	0.9871083571248149	0.9901770932242825	0.9920569482506179	0.9906326847735841	0.9869269855787606	0.9875782429817461
0.994788591577179	0.9949309894878368	0.9958848334538636	0.9955475420222285	0.9966336232631677	0.9954510516052778	0.9966288165877908	1.0	0.997126858657904	0.9979217507481858	0.996460160959679	0.9969341992130774	0.9967278340557003	0.9968405269107262	0.9970611501106174	0.9978523030954773	0.9976560601102683	0.9969394041301503	0.9970768275222447	0.9901918924642218	0.9912865841568438	0.9878593535872372	0.9942546388049808	0.9972573100087087	0.9900130901896684	0.9898013204457099	0.9876802114014697	0.9905597009979249	0.9921614496414842	0.9902952690634623	0.98727948408076	0.9884391263986797
0.9944931600754154	0.9910758627282211	0.9960789636411029	0.994971908467039	0.9954684980566555	0.9930619873766663	0.9958848334538636	0.997126858657904	1.0	0.9940786446242607	0.9953450457868357	0.9948465906712736	0.995071822880826	0.9951962941442589	0.9933676903932069	0.9967021616727115	0.9947711720488732	0.9929649000694043	0.9934358884785391	0.9905919648250935	0.9912703036852697	0.988438586882704	0.9909611265781451	0.9941460835959909	0.9868309273806988	0.9897532652546729	0.9840896310674678	0.9894294770272771	0.990015839448779	0.9907059932017191	0.9865245613930848	0.9865659924417594
0.9950434118488711	0.9921485975902102	0.9962545921873686	0.9953249041746878	0.995553452762994	0.9921672788151408	0.996229804800786	0.9979217507481858	0.9940786446242607	1.0	0.9969412337874434	0.996819655443542	0.996378252360654	0.9960058817098094	0.993930041455231	0.9974948362467084	0.9960806906576237	0.9941603917244806	0.9942370133773063	0.9907993991011288	0.9914072875512067	0.9891828400599602	0.9920604860393583	0.9942981544413407	0.986755763134724	0.9905942578789267	0.9842578303463194	0.9903286181787735	0.9910612935599299	0.9912635634348651	0.9871908683342476	0.9860479399703869
0.994788591577179	0.9946525490696523	0.9962175940450372	0.9952252960583254	0.9957131834127859	0.9947549421922307	0.996151130775387	0.996460160959679	0.9953450457868357	0.9969412337874434	1.0	0.997973619759475	0.9969503685072166	0.9943574384023577	0.995679767488779	0.9960623056331025	0.9969261337065848	0.9953496717458953	0.9960824886212808	0.9907432828771525	0.9920487911914421	0.9883616271418384	0.9942292349854005	0.9965276946349908	0.9900471557455132	0.9908215221393449	0.9876045357568864	0.9907223281259485	0.992265621867602	0.9912356968634197	0.9873961494381496	0.9883581001131002
0.9945875380018355	0.9936591652765802	0.9964467131706487	0.9950563707406682	0.9951725506229612	0.9943465919738845	0.9961777651217345	0.9969341992130774	0.9948465906712736	0.996819655443542	0.997973619759475	1.0	0.9969281820065378	0.994540288056821	0.996001447730889	0.9966025996528921	0.9970823115960784	0.9955262027079101	0.9958412877685032	0.9906034706116907	0.9917548509739578	0.9882586110461686	0.9934839214560184	0.9963284909065061	0.9893242868765418	0.9906832615085694	0.9865655080617372	0.9898733302200496	0.9915294288320651	0.9911055875305032	0.987064992948502	0.9873280846722288
0.9949859987019053	0.9935147902902278	0.9963460705752848	0.9952905000998675	0.9954765058056231	0.9945105361503406	0.996300867379738	0.9967278340557003	0.995071822880826	0.996378252360654	0.9969503685072166	0.9969281820065378	1.0	0.9952438352769715	0.9955914927331537	0.9968837645171604	0.9958580546347559	0.994886246125183	0.9959138322085882	0.9910158583899202	0.9916725312344045	0.9885945710416825	0.9931705418074844	0.9961280851132107	0.9890095692646109	0.9905886324831313	0.9865263881270783	0.9897064550694242	0.99123566400985	0.9909361733426681	0.9871352224662089	0.9872022888639851
0.9927582282141009	0.9926721902533436	0.9941438575813847	0.9931000616987306	0.9935984289384336	0.9929478913794071	0.9940723569866643	0.9968405269107262	0.9951962941442589	0.9960058817098094	0.9943574384023577	0.994540288056821	0.9952438352769715	1.0	0.9959431917959103	0.9994160248200914	0.9956263024368246	0.9958416111551991	0.9947336486135786	0.9897724730196049	0.9904182620118724	0.9878421226065871	0.9927214468119576	0.9958396764255526	0.9883709737341421	0.9891968489680311	0.9856939293214243	0.9888591748520567	0.9902555674428042	0.9894447761276642	0.9856686288374613	0.9870338095416334
0.9952360265096065	0.9936591652765802	0.9960596016235356	0.9946652969612191	0.9944830064875001	0.9949368671908749	0.9955914927331537	0.9970611501106174	0.9933676903932069	0.993930041455231	0.995679767488779	0.996001447730889	0.9955914927331537	0.9959431917959103	1.0	0.997786093088869	0.9950568548928462	0.9992529546844464	0.9929874131078394	0.9897415466508799	0.9908139566760716	0.9885238286496701	0.9928596769794932	0.990230179550613	0.983444553223465	0.9896358914771621	0.9795283237012025	0.98938803866835	0.9906433263275752	0.9907116842977429	0.9875237038767067	0.9852552205302172
0.9939657660668396	0.9947572384108296	0.9935110302818128	0.9947594456816637	0.9960528967551328	0.9948360121553448	0.9959693130424355	0.9978523030954773	0.9967021616727115	0.9974948362467084	0.9960623056331025	0.9966025996528921	0.9968837645171604	0.9994160248200914	0.997786093088869	1.0	0.9978958509456841	0.9977395839889764	0.9965596969351941	0.9897137710691041	0.9895643649299724	0.9872943301167739	0.9943053881016671	0.9970065595703445	0.9897392922434608	0.9881316415510069	0.9876423953233919	0.9902868629783632	0.9920045734561473	0.9885602934376099	0.9870154648800904	0.9882361858040783
0.9939081028456066	0.9922990430843515	0.9959272659426902	0.9943460725315051	0.9959733267805572	0.9931756914589713	0.9960422984369506	0.9976560601102683	0.9947711720488732	0.9960806906576237	0.9969261337065848	0.9970823115960784	0.9958580546347559	0.9956263024368246	0.9950568548928462	0.9978958509456841	1.0	0.9945253055055976	0.9960584472393769	0.9908838521842737	0.9918100754885099	0.9886063353648711	0.9930654192722783	0.9952257359231707	0.9884782693996578	0.9904516288803136	0.9858940546268822	0.9890303815834381	0.9909663195394871	0.9909106792340433	0.9865904591768154	0.9863942136779185
0.9945253055055976	0.9951721964938555	0.9957017995400816	0.9943433508111468	0.9936799156230737	0.9947423410248062	0.9947062669560597	0.9969394041301503	0.9929649000694043	0.9941603917244806	0.9953496717458953	0.9955262027079101	0.994886246125183	0.9958416111551991	0.9992529546844464	0.9977395839889764	0.9945253055055976	1.0	0.9916455198700209	0.9890093010493884	0.989981105485641	0.9880962669810484	0.9925437730652956	0.9910462724996724	0.9830558449571735	0.988794195337042	0.9795320229352615	0.9889663920533373	0.9896463241814947	0.989981105485641	0.9868838981059951	0.9841177778272991
0.99523050366444	0.9904468624924712	0.9970067818201185	0.9954516832560274	0.9965359986630069	0.9923714351534878	0.996607042820976	0.9970768275222447	0.9934358884785391	0.9942370133773063	0.9960824886212808	0.9958412877685032	0.9959138322085882	0.9947336486135786	0.9929874131078394	0.9965596969351941	0.9960584472393769	0.9916455198700209	1.0	0.9910578574901258	0.9920225844816504	0.988499899352103	0.991391803023956	0.9940545049957046	0.9877197550081042	0.9906922325268401	0.9842578303463194	0.9895704162239132	0.9907205016749941	0.9913363792894538	0.9869845534708659	0.9849416991909207
0.9888255491041309	0.988694501763296	0.9892951486986663	0.9895909456908742	0.990095277836021	0.9892001764611915	0.9901597577475084	0.9901918924642218	0.9905919648250935	0.9907993991011288	0.9907432828771525	0.9906034706116907	0.9910158583899202	0.9897724730196049	0.9897415466508799	0.9897137710691041	0.9908838521842737	0.9890093010493884	0.9910578574901258	1.0	0.9965690203434333	0.9900757581387425	0.989453171885466	0.9915469946982438	0.992601531078749	0.9927897874801989	0.9903297671572925	0.99294416107867	0.9922135767683254	0.993585520516112	0.9904790438725384	0.9910818583391547
0.9902141855666104	0.9903275793116018	0.9899685242829144	0.9904837701747268	0.9913653405036824	0.9902708056131356	0.9913806581550555	0.9912865841568438	0.9912703036852697	0.9914072875512067	0.9920487911914421	0.9917548509739578	0.9916725312344045	0.9904182620118724	0.9908139566760716	0.9895643649299724	0.9918100754885099	0.989981105485641	0.9920225844816504	0.9965690203434333	1.0	0.9905997154098418	0.9899775207276476	0.9919403406058374	0.9930709137986208	0.9914564073851907	0.9912243080397044	0.9937187261948267	0.992934861179156	0.9929412019729338	0.9914458208812219	0.9914162971666216
0.9872885269629105	0.9875012135117051	0.9869307333582197	0.9872911511031788	0.987602608733825	0.9875597314854004	0.9878016206114343	0.9878593535872372	0.988438586882704	0.9891828400599602	0.9883616271418384	0.9882586110461686	0.9885945710416825	0.9878421226065871	0.9885238286496701	0.9872943301167739	0.9886063353648711	0.9880962669810484	0.988499899352103	0.9900757581387425	0.9905997154098418	1.0	0.9871424157550601	0.9897862073261484	0.9925700008982844	0.9917616195335517	0.9894819533271566	0.9927667224264255	0.9915560056918759	0.9918586442483858	0.9900788989847704	0.9918934778650514
0.9925079804923442	0.9918836597780876	0.9939741199098158	0.9926682092040195	0.9925881918416397	0.9905484879818244	0.9935618051507416	0.9942546388049808	0.9909611265781451	0.9920604860393583	0.9942292349854005	0.9934839214560184	0.9931705418074844	0.9927214468119576	0.9928596769794932	0.9943053881016671	0.9930654192722783	0.9925437730652956	0.991391803023956	0.989453171885466	0.9899775207276476	0.9871424157550601	1.0	0.9936547130201036	0.9862247475742135	0.9890989170343454	0.9840052069083715	0.9885301102314801	0.9899775207276476	0.9895996623075333	0.9856936102693197	0.9847159081128991
0.9950778698349177	0.9892753218818369	0.9958106972687637	0.994839904349493	0.994839904349493	0.9907797390650065	0.9960418252688469	0.9972573100087087	0.9941460835959909	0.9942981544413407	0.9965276946349908	0.9963284909065061	0.9961280851132107	0.9958396764255526	0.990230179550613	0.9970065595703445	0.9952257359231707	0.9910462724996724	0.9940545049957046	0.9915469946982438	0.9919403406058374	0.9897862073261484	0.9936547130201036	1.0	0.9841062628145391	0.9914479224797602	0.9815939888342119	0.9909480562073031	0.9916786307278045	0.9918097446324048	0.9880363367721006	0.9832802179080795
0.9885139571161887	0.9831454287445841	0.9896704862595945	0.9885139571161887	0.9887272755536932	0.9846985786861832	0.9893590708011853	0.9900130901896684	0.9868309273806988	0.986755763134724	0.9900471557455132	0.9893242868765418	0.9890095692646109	0.9883709737341421	0.983444553223465	0.9897392922434608	0.9884782693996578	0.9830558449571735	0.9877197550081042	0.992601531078749	0.9930709137986208	0.9925700008982844	0.9862247475742135	0.9841062628145391	1.0	0.9950020746478282	0.9842578303463194	0.9944999856028968	0.992189275942797	0.9949433984071399	0.9918041171140398	0.9864802152310389
0.9895135596741782	0.9890690588480412	0.9886978958684132	0.9893708155911122	0.9904174024409366	0.9894869769717656	0.9903444797133086	0.9898013204457099	0.9897532652546729	0.9905942578789267	0.9908215221393449	0.9906832615085694	0.9905886324831313	0.9891968489680311	0.9896358914771621	0.9881316415510069	0.9904516288803136	0.988794195337042	0.9906922325268401	0.9927897874801989	0.9914564073851907	0.9917616195335517	0.9890989170343454	0.9914479224797602	0.9950020746478282	1.0	0.9935505344673478	0.9951919478905374	0.993590836164187	0.993099501201896	0.99915353563132	0.9928984455540293
0.9856939293214243	0.9795341351327836	0.9871467914384404	0.9858141507023592	0.9864087483094722	0.982313927386044	0.9871083571248149	0.9876802114014697	0.9840896310674678	0.9842578303463194	0.9876045357568864	0.9865655080617372	0.9865263881270783	0.9856939293214243	0.9795283237012025	0.9876423953233919	0.9858940546268822	0.9795320229352615	0.9842578303463194	0.9903297671572925	0.9912243080397044	0.9894819533271566	0.9840052069083715	0.9815939888342119	0.9842578303463194	0.9935505344673478	1.0	0.9917629930320914	0.9895534425523943	0.9926850756150439	0.9903994449283003	0.9835160741669635
0.9891723777949454	0.9889446787788464	0.9901770932242825	0.9889734114129869	0.9894545488401961	0.9886840663888874	0.9901770932242825	0.9905597009979249	0.9894294770272771	0.9903286181787735	0.9907223281259485	0.9898733302200496	0.9897064550694242	0.9888591748520567	0.98938803866835	0.9902868629783632	0.9890303815834381	0.9889663920533373	0.9895704162239132	0.99294416107867	0.9937187261948267	0.9927667224264255	0.9885301102314801	0.9909480562073031	0.9944999856028968	0.9951919478905374	0.9917629930320914	1.0	0.9929857848435459	0.9946921283866769	0.9918649674052807	0.9925430229360253
0.9902279228871195	0.9900475640674677	0.9917678547734442	0.9907764631033213	0.9911281895876132	0.989959504919775	0.9920569482506179	0.9921614496414842	0.990015839448779	0.9910612935599299	0.992265621867602	0.9915294288320651	0.99123566400985	0.9902555674428042	0.9906433263275752	0.9920045734561473	0.9909663195394871	0.9896463241814947	0.9907205016749941	0.9922135767683254	0.992934861179156	0.9915560056918759	0.9899775207276476	0.9916786307278045	0.992189275942797	0.993590836164187	0.9895534425523943	0.9929857848435459	1.0	0.9935408353571283	0.9902002551591303	0.9901346905054794
0.9894863131059128	0.9896840175880638	0.9885940981972042	0.9897004622817597	0.9903103764707916	0.9897398338415231	0.9906326847735841	0.9902952690634623	0.9907059932017191	0.9912635634348651	0.9912356968634197	0.9911055875305032	0.9909361733426681	0.9894447761276642	0.9907116842977429	0.9885602934376099	0.9909106792340433	0.989981105485641	0.9913363792894538	0.993585520516112	0.9929412019729338	0.9918586442483858	0.9895996623075333	0.9918097446324048	0.9949433984071399	0.993099501201896	0.9926850756150439	0.9946921283866769	0.9935408353571283	1.0	0.9924601207037436	0.9930395526455846
0.9860288488389675	0.9870643365522903	0.987425251274869	0.9859098139418975	0.986598234025927	0.9868799660751816	0.9869269855787606	0.98727948408076	0.9865245613930848	0.9871908683342476	0.9873961494381496	0.987064992948502	0.9871352224662089	0.9856686288374613	0.9875237038767067	0.9870154648800904	0.9865904591768154	0.9868838981059951	0.9869845534708659	0.9904790438725384	0.9914458208812219	0.9900788989847704	0.9856936102693197	0.9880363367721006	0.9918041171140398	0.99915353563132	0.9903994449283003	0.9918649674052807	0.9902002551591303	0.9924601207037436	1.0	0.990781710207297
0.9873280846722288	0.9839288513343638	0.9877852658130427	0.9869068814544352	0.9865659924417594	0.9871181570366047	0.9875782429817461	0.9884391263986797	0.9865659924417594	0.9860479399703869	0.9883581001131002	0.9873280846722288	0.9872022888639851	0.9870338095416334	0.9852552205302172	0.9882361858040783	0.9863942136779185	0.9841177778272991	0.9849416991909207	0.9910818583391547	0.9914162971666216	0.9918934778650514	0.9847159081128991	0.9832802179080795	0.9864802152310389	0.9928984455540293	0.9835160741669635	0.9925430229360253	0.9901346905054794	0.9930395526455846	0.990781710207297	1.0
