/home/jshaw/scratch/2022_sketched_distance/references/SGB_genome_fastas_part2/4316/Bengtsson-PalmeJ_2015__TRAVELRES8__bin.106.fa	/home/jshaw/scratch/2022_sketched_distance/references/SGB_genome_fastas_part2/4316/ChengpingW_2017__AS4raw__bin.16.fa	/home/jshaw/scratch/2022_sketched_distance/references/SGB_genome_fastas_part2/4316/CosteaPI_2017__SID713A081-11-0-0__bin.40.fa	/home/jshaw/scratch/2022_sketched_distance/references/SGB_genome_fastas_part2/4316/CosteaPI_2017__SID713B005-11-90-0__bin.3.fa	/home/jshaw/scratch/2022_sketched_distance/references/SGB_genome_fastas_part2/4316/CosteaPI_2017__SID713B063-11-0-0__bin.12.fa	/home/jshaw/scratch/2022_sketched_distance/references/SGB_genome_fastas_part2/4316/KarlssonFH_2013__S304__bin.14.fa	/home/jshaw/scratch/2022_sketched_distance/references/SGB_genome_fastas_part2/4316/LeChatelierE_2013__MH0188__bin.41.fa	/home/jshaw/scratch/2022_sketched_distance/references/SGB_genome_fastas_part2/4316/LeChatelierE_2013__MH0217__bin.27.fa	/home/jshaw/scratch/2022_sketched_distance/references/SGB_genome_fastas_part2/4316/LeChatelierE_2013__MH0415__bin.40.fa	/home/jshaw/scratch/2022_sketched_distance/references/SGB_genome_fastas_part2/4316/LiJ_2014__O2.UC1-1__bin.22.fa	/home/jshaw/scratch/2022_sketched_distance/references/SGB_genome_fastas_part2/4316/LiuW_2016__SRR3992956__bin.13.fa	/home/jshaw/scratch/2022_sketched_distance/references/SGB_genome_fastas_part2/4316/LiuW_2016__SRR3992961__bin.129.fa	/home/jshaw/scratch/2022_sketched_distance/references/SGB_genome_fastas_part2/4316/LiuW_2016__SRR3992993__bin.11.fa	/home/jshaw/scratch/2022_sketched_distance/references/SGB_genome_fastas_part2/4316/LiuW_2016__SRR3993014__bin.86.fa	/home/jshaw/scratch/2022_sketched_distance/references/SGB_genome_fastas_part2/4316/LiuW_2016__SRR3993038__bin.51.fa	/home/jshaw/scratch/2022_sketched_distance/references/SGB_genome_fastas_part2/4316/LoombaR_2017__SID5208_byt__bin.5.fa	/home/jshaw/scratch/2022_sketched_distance/references/SGB_genome_fastas_part2/4316/LoombaR_2017__SID5447_cka__bin.26.fa	/home/jshaw/scratch/2022_sketched_distance/references/SGB_genome_fastas_part2/4316/LoombaR_2017__SID5486_yds__bin.2.fa	/home/jshaw/scratch/2022_sketched_distance/references/SGB_genome_fastas_part2/4316/NielsenHB_2014__O2_UC1_0__bin.3.fa	/home/jshaw/scratch/2022_sketched_distance/references/SGB_genome_fastas_part2/4316/QinJ_2012__DLM008__bin.23.fa	/home/jshaw/scratch/2022_sketched_distance/references/SGB_genome_fastas_part2/4316/QinN_2014__HV-26__bin.3.fa	/home/jshaw/scratch/2022_sketched_distance/references/SGB_genome_fastas_part2/4316/SchirmerM_2016__G88859__bin.15.fa	/home/jshaw/scratch/2022_sketched_distance/references/SGB_genome_fastas_part2/4316/SchirmerM_2016__G88861__bin.5.fa	/home/jshaw/scratch/2022_sketched_distance/references/SGB_genome_fastas_part2/4316/SchirmerM_2016__G88913__bin.12.fa	/home/jshaw/scratch/2022_sketched_distance/references/SGB_genome_fastas_part2/4316/VatanenT_2016__G80346__bin.6.fa	/home/jshaw/scratch/2022_sketched_distance/references/SGB_genome_fastas_part2/4316/VincentC_2016__MM022.3__bin.14.fa	/home/jshaw/scratch/2022_sketched_distance/references/SGB_genome_fastas_part2/4316/VogtmannE_2016__MMRS21365932ST-27-0-0__bin.57.fa	/home/jshaw/scratch/2022_sketched_distance/references/SGB_genome_fastas_part2/4316/VogtmannE_2016__MMRS34569532ST-27-0-0__bin.33.fa	/home/jshaw/scratch/2022_sketched_distance/references/SGB_genome_fastas_part2/4316/VogtmannE_2016__MMRS38954404ST-27-0-0__bin.24.fa	/home/jshaw/scratch/2022_sketched_distance/references/SGB_genome_fastas_part2/4316/VogtmannE_2016__MMRS67690541ST-27-0-0__bin.19.fa	/home/jshaw/scratch/2022_sketched_distance/references/SGB_genome_fastas_part2/4316/ZeeviD_2015__PNP_Main_187__bin.45.fa	/home/jshaw/scratch/2022_sketched_distance/references/SGB_genome_fastas_part2/4316/ZeeviD_2015__PNP_Main_195__bin.12.fa	/home/jshaw/scratch/2022_sketched_distance/references/SGB_genome_fastas_part2/4316/ZeeviD_2015__PNP_Main_709__bin.27.fa
1.0	0.9868270815134383	0.9970406459820481	0.9968481645402569	0.9826511847485966	0.9741016547144632	0.9973176234317701	0.9985883001215171	0.9883035774762038	0.9868974395183366	0.990327913572689	0.9874666970406275	0.9967629208698648	0.9934712607002506	0.9795382908322002	0.9950801669357738	0.9968656036423914	0.9970054943179826	0.9775083262402228	0.9858893380081251	0.9853133005801259	0.9858799530683727	0.9867174609899136	0.9867262834110926	0.9867841816028887	0.9875582088339547	0.9812687783116549	0.9865788967645309	0.987926012072979	0.982323500271033	0.9952591923984749	0.987409105505257	0.9963501613632088
0.9868270815134383	1.0	0.9860057966524682	0.9859640186381928	0.9824274854679026	0.972256991625279	0.9859947200103524	0.9868065830675651	0.9862527601701558	0.985250339426355	0.9812676766607621	0.9851269548089254	0.9865681530716848	0.9841091106601145	0.9792987349792598	0.9831716913484566	0.9860002284415372	0.9860556178370774	0.9761473812974695	0.997389181549489	0.983970950270798	0.9845623114038387	0.9852371156273211	0.974952547130084	0.9852962470627146	0.9856749048407943	0.9814072754703135	0.9845714805382942	0.9861321177046158	0.9804390865560539	0.984983050558846	0.9860754064622624	0.9862860415615684
0.9970406459820481	0.9860057966524682	1.0	0.9964878971693815	0.9817090666804831	0.9732585596978943	0.99659337003786	0.9966326697873557	0.9874709723436605	0.9861579743195077	0.9897522516990677	0.986819154600695	0.9962797311835668	0.9930329870498946	0.9786077038475158	0.9934809035459521	0.9960086721329741	0.9964958457934819	0.9768972523461676	0.9852110761038337	0.9851146939109816	0.9851650162489707	0.9860609591371184	0.9849030315434855	0.9860340806775418	0.9866707042392229	0.9808748129483418	0.9859534214539851	0.9871938928295174	0.981957173540821	0.994807221452498	0.986331082738979	0.9956062895237484
0.9968481645402569	0.9859640186381928	0.9964878971693815	1.0	0.9810583219616981	0.9743519996051028	0.9966982982494047	0.9965924427200608	0.9871244035791131	0.9861400003530391	0.9899058731083162	0.9864957282827207	0.996394772847991	0.9929328494262197	0.9784771076956632	0.9930123313882546	0.9959183063847596	0.9961530118019079	0.9765646795380811	0.9850170726452671	0.9847299532159435	0.9848589041297561	0.9859268477472017	0.9840962025384119	0.9863760654318714	0.9866411949580497	0.9811520999375892	0.9857923173366215	0.9870700895952161	0.9813822730300088	0.9941239748076672	0.986446896108665	0.9953819415823814
0.9826511847485966	0.9824274854679026	0.9817090666804831	0.9810583219616981	1.0	0.9646576831544771	0.9810995945127952	0.9827712558403511	0.9821862760737177	0.9817768340181633	0.9810185901274727	0.9831068282659077	0.9823759191814071	0.982782371767578	0.9802047801363447	0.9830051695731055	0.9810421986041787	0.9814192709755767	0.9740016082275199	0.981536654636304	0.9811428848309339	0.9822343325104332	0.9823338020791922	0.9760355823221265	0.9815816438029076	0.9821154086653454	0.9759308870289835	0.9806065696786702	0.982258318650471	0.9782912965513574	0.9825033294075011	0.9820353882486662	0.98169045181076
0.9741016547144632	0.972256991625279	0.9732585596978943	0.9743519996051028	0.9646576831544771	1.0	0.9754482626636803	0.9748684960664827	0.9735694663704908	0.9754442857329091	0.9648312816590001	0.9830168202660888	0.9743042957274828	0.9688556430954538	0.965424835237195	0.9661121173691782	0.9717391145915871	0.9727053158666139	0.9679856100929479	0.9720248100094383	0.9823587608339376	0.9719993646769273	0.9820566421264942	0.9607050569227152	0.9835191261004177	0.9749680182255174	0.9787056167575499	0.9765860611671517	0.9754265887530393	0.9701866895641248	0.9711896058021382	0.9746722997311709	0.9729873710566614
0.9973176234317701	0.9859947200103524	0.99659337003786	0.9966982982494047	0.9810995945127952	0.9754482626636803	1.0	0.99699947295715	0.9870431700450446	0.9860865821438667	0.9895020404748929	0.9865416658564201	0.9961114015900122	0.9928018693237717	0.978210712604337	0.9932108804225744	0.996188356434044	0.9965425625300482	0.9766076924498049	0.9852857054948201	0.984636309044065	0.9847006948359722	0.9858669366706495	0.9846037595582775	0.986164072866786	0.9865157067079452	0.9818714472923195	0.9856370769399774	0.9869583448394341	0.9811196247159955	0.9945688495431929	0.9861519760030334	0.9960120807395308
0.9985883001215171	0.9868065830675651	0.9966326697873557	0.9965924427200608	0.9827712558403511	0.9748684960664827	0.99699947295715	1.0	0.9879919410047732	0.987262206869412	0.9902166710161951	0.9871250114910747	0.9963857016496792	0.9930941785801132	0.9796893115471487	0.9947219352158598	0.9964214040818502	0.9966017660824864	0.9777526565098055	0.985889672415959	0.9852151966191659	0.9861021045543749	0.9864825037346568	0.986658580197825	0.9867636947844267	0.9873430338408191	0.9811059120761355	0.9864033726204102	0.9877182118506468	0.9823641635524155	0.9950917729319751	0.9872281267044107	0.996127461213821
0.9883035774762038	0.9862527601701558	0.9874709723436605	0.9871244035791131	0.9821862760737177	0.9735694663704908	0.9870431700450446	0.9879919410047732	1.0	0.9859056925932363	0.9819833124939992	0.9858788661914702	0.9879823974940426	0.9852686407241468	0.979424411365483	0.9848355400294607	0.9873877144050311	0.9875293262876033	0.9761013261400198	0.9853724308109152	0.9845737864783184	0.9853744035407273	0.986079683888839	0.9769956919978219	0.9858251040095198	0.9866605655091925	0.9816473685873278	0.985483713059641	0.9871847708094502	0.981973330017714	0.9860159315829363	0.9870422637444531	0.9872258189321355
0.9868974395183366	0.985250339426355	0.9861579743195077	0.9861400003530391	0.9817768340181633	0.9754442857329091	0.9860865821438667	0.987262206869412	0.9859056925932363	1.0	0.9814782012432854	0.9867908515303911	0.9868965292805701	0.9846358269431486	0.9794155272863915	0.9837186533015375	0.985878322228291	0.9860896402739121	0.9884704149225644	0.9843560821132779	0.9861487650429844	0.9861450270593867	0.9865946358490724	0.9762018430516493	0.9869866996879791	0.9974346528507183	0.9805012096618307	0.9973955907822826	0.9978957839682034	0.993091390866767	0.9853015405853703	0.987119464218234	0.9862424280058475
0.990327913572689	0.9812676766607621	0.9897522516990677	0.9899058731083162	0.9810185901274727	0.9648312816590001	0.9895020404748929	0.9902166710161951	0.9819833124939992	0.9814782012432854	1.0	0.9832178081655063	0.992822012849076	0.9912108741554775	0.9791013586904033	0.9890574354305067	0.9894742016883278	0.9899049191782583	0.9751218069986004	0.9803232156692253	0.9805041230694329	0.9811222170103038	0.9817956976196547	0.9836671659882942	0.9802169244258461	0.9825322030239638	0.9742242155807824	0.9807138286105993	0.9824019788443408	0.979628809817809	0.9894900675850353	0.9809974111624299	0.9885849756678069
0.9874666970406275	0.9851269548089254	0.986819154600695	0.9864957282827207	0.9831068282659077	0.9830168202660888	0.9865416658564201	0.9871250114910747	0.9858788661914702	0.9867908515303911	0.9832178081655063	1.0	0.9874705646477151	0.9859901216422733	0.9801064540671514	0.9842231187123377	0.9865301664030964	0.9867436304019298	0.9779396223635297	0.9843817615431903	0.9931269094897645	0.9845524348077898	0.9934774878857994	0.9769413124452593	0.9928946595032943	0.987568816627034	0.9804669305510049	0.9865832036597509	0.9878922727327714	0.9828467856446099	0.9862628225122781	0.9855201580825166	0.9866871606215035
0.9967629208698648	0.9865681530716848	0.9962797311835668	0.996394772847991	0.9823759191814071	0.9743042957274828	0.9961114015900122	0.9963857016496792	0.9879823974940426	0.9868965292805701	0.992822012849076	0.9874705646477151	1.0	0.9936768791172657	0.979588104815742	0.9935125603227476	0.9956088306456339	0.9964229720812777	0.9775416760027932	0.985706773912807	0.9861582521023485	0.9859335492715509	0.9867753539490557	0.9846479670772865	0.986810419221793	0.987591268274556	0.981442390215282	0.9864844799076778	0.9879334013958957	0.9828883754452155	0.9942459972645973	0.9869963455332015	0.9951024890085677
0.9934712607002506	0.9841091106601145	0.9930329870498946	0.9929328494262197	0.982782371767578	0.9688556430954538	0.9928018693237717	0.9930941785801132	0.9852686407241468	0.9846358269431486	0.9912108741554775	0.9859901216422733	0.9936768791172657	1.0	0.9800750958028276	0.9909379997857333	0.9925674267424431	0.9928175002267751	0.9764318478730971	0.9832900112106827	0.9831236178596284	0.9844853141299652	0.9847891624409824	0.9847268330456078	0.9837887238007684	0.9853914104852146	0.9782813419604462	0.9838664330679028	0.9854503471852457	0.9811839219312091	0.992082774074611	0.984452992235191	0.9918074756442554
0.9795382908322002	0.9792987349792598	0.9786077038475158	0.9784771076956632	0.9802047801363447	0.965424835237195	0.978210712604337	0.9796893115471487	0.979424411365483	0.9794155272863915	0.9791013586904033	0.9801064540671514	0.979588104815742	0.9800750958028276	1.0	0.9785902224088514	0.9785250813012683	0.9783626784990376	0.9717784667488504	0.9783672041806525	0.978235444553576	0.9783775405366764	0.9799846796386129	0.9736064759507762	0.9790843297713505	0.9795551257120606	0.9729886707403136	0.9787775846703761	0.9798797165631061	0.9750237248250138	0.9778502158122939	0.9787301425798988	0.9788778430201899
0.9950801669357738	0.9831716913484566	0.9934809035459521	0.9930123313882546	0.9830051695731055	0.9661121173691782	0.9932108804225744	0.9947219352158598	0.9848355400294607	0.9837186533015375	0.9890574354305067	0.9842231187123377	0.9935125603227476	0.9909379997857333	0.9785902224088514	1.0	0.9928942995525023	0.9933175009809433	0.9742061159843309	0.9821339500909886	0.9816042213394748	0.9829580324088012	0.9837260615277631	0.9862934708699255	0.9830671083775536	0.9843618940642933	0.9764648762736209	0.9831588950004414	0.984689708378039	0.9795869833561363	0.9925598774335205	0.9838527169274602	0.9933047100590817
0.9968656036423914	0.9860002284415372	0.9960086721329741	0.9959183063847596	0.9810421986041787	0.9717391145915871	0.996188356434044	0.9964214040818502	0.9873877144050311	0.985878322228291	0.9894742016883278	0.9865301664030964	0.9956088306456339	0.9925674267424431	0.9785250813012683	0.9928942995525023	1.0	0.997612275413253	0.9769540670341559	0.9850071197606913	0.984383676720686	0.9852667997673924	0.9857757707168778	0.9847330916374232	0.9857394034887719	0.9865038979979301	0.9802305987034944	0.9855084464737129	0.9869862849444101	0.9817834588689063	0.9947409021178284	0.9862186028735404	0.9957628146860049
0.9970054943179826	0.9860556178370774	0.9964958457934819	0.9961530118019079	0.9814192709755767	0.9727053158666139	0.9965425625300482	0.9966017660824864	0.9875293262876033	0.9860896402739121	0.9899049191782583	0.9867436304019298	0.9964229720812777	0.9928175002267751	0.9783626784990376	0.9933175009809433	0.997612275413253	1.0	0.9769005433901107	0.985069981597427	0.9851184004689169	0.9851051669368047	0.9858731195874696	0.9845156125867941	0.9861659261470337	0.9867127635123313	0.9803695884212219	0.9857969823354598	0.9872009105795392	0.9817430280929065	0.9947729522066827	0.9865138270030861	0.9958806670249611
0.9775083262402228	0.9761473812974695	0.9768972523461676	0.9765646795380811	0.9740016082275199	0.9679856100929479	0.9766076924498049	0.9777526565098055	0.9761013261400198	0.9884704149225644	0.9751218069986004	0.9779396223635297	0.9775416760027932	0.9764318478730971	0.9717784667488504	0.9742061159843309	0.9769540670341559	0.9769005433901107	1.0	0.9752460890639367	0.9775978420873757	0.9775020459024772	0.9785101387466218	0.970463611487348	0.9773361889023566	0.9873768022128881	0.9734359253961025	0.9868249788344098	0.9876754210403789	0.9839488628897698	0.977470629144415	0.9775119501640843	0.9769932362947666
0.9858893380081251	0.997389181549489	0.9852110761038337	0.9850170726452671	0.981536654636304	0.9720248100094383	0.9852857054948201	0.985889672415959	0.9853724308109152	0.9843560821132779	0.9803232156692253	0.9843817615431903	0.985706773912807	0.9832900112106827	0.9783672041806525	0.9821339500909886	0.9850071197606913	0.985069981597427	0.9752460890639367	1.0	0.9831319059653382	0.9836632939667578	0.9843672921451656	0.9739641869933545	0.9844871223587031	0.9847742983473405	0.9806132208016589	0.9838242375312073	0.9853316961722614	0.9795733215368099	0.9841134507414917	0.98521422442579	0.9854229312981655
0.9853133005801259	0.983970950270798	0.9851146939109816	0.9847299532159435	0.9811428848309339	0.9823587608339376	0.984636309044065	0.9852151966191659	0.9845737864783184	0.9861487650429844	0.9805041230694329	0.9931269094897645	0.9861582521023485	0.9831236178596284	0.978235444553576	0.9816042213394748	0.984383676720686	0.9851184004689169	0.9775978420873757	0.9831319059653382	1.0	0.983905030862988	0.9931779159877181	0.9741930315993145	0.9929505441383802	0.986499676623455	0.9799155941461697	0.9857483996765244	0.9868687554601714	0.9827147726487524	0.9840040072446367	0.9846670629186899	0.9849188273074839
0.9858799530683727	0.9845623114038387	0.9851650162489707	0.9848589041297561	0.9822343325104332	0.9719993646769273	0.9847006948359722	0.9861021045543749	0.9853744035407273	0.9861450270593867	0.9811222170103038	0.9845524348077898	0.9859335492715509	0.9844853141299652	0.9783775405366764	0.9829580324088012	0.9852667997673924	0.9851051669368047	0.9775020459024772	0.9836632939667578	0.983905030862988	1.0	0.984536812681778	0.9759200890320182	0.984623424470216	0.9863538471577624	0.9793363589928387	0.9852313388918575	0.9866484821771726	0.9822103178233139	0.9843701193569573	0.9855410022501866	0.9848346210661311
0.9867174609899136	0.9852371156273211	0.9860609591371184	0.9859268477472017	0.9823338020791922	0.9820566421264942	0.9858669366706495	0.9864825037346568	0.986079683888839	0.9865946358490724	0.9817956976196547	0.9934774878857994	0.9867753539490557	0.9847891624409824	0.9799846796386129	0.9837260615277631	0.9857757707168778	0.9858731195874696	0.9785101387466218	0.9843672921451656	0.9931779159877181	0.984536812681778	1.0	0.9770070652260525	0.9930619020712966	0.9869956632312249	0.9806445413160891	0.986321817583201	0.9874477538749302	0.9824299058938064	0.9851185224438789	0.9861623496901186	0.9861184578582766
0.9867262834110926	0.974952547130084	0.9849030315434855	0.9840962025384119	0.9760355823221265	0.9607050569227152	0.9846037595582775	0.986658580197825	0.9769956919978219	0.9762018430516493	0.9836671659882942	0.9769413124452593	0.9846479670772865	0.9847268330456078	0.9736064759507762	0.9862934708699255	0.9847330916374232	0.9845156125867941	0.970463611487348	0.9739641869933545	0.9741930315993145	0.9759200890320182	0.9770070652260525	1.0	0.9748579903618997	0.9764643106883472	0.9688168919648605	0.97502492531429	0.9766766137550958	0.973811586285971	0.9844882337186805	0.9759210380070429	0.9834942767401051
0.9867841816028887	0.9852962470627146	0.9860340806775418	0.9863760654318714	0.9815816438029076	0.9835191261004177	0.986164072866786	0.9867636947844267	0.9858251040095198	0.9869866996879791	0.9802169244258461	0.9928946595032943	0.986810419221793	0.9837887238007684	0.9790843297713505	0.9830671083775536	0.9857394034887719	0.9861659261470337	0.9773361889023566	0.9844871223587031	0.9929505441383802	0.984623424470216	0.9930619020712966	0.9748579903618997	1.0	0.9874568493975708	0.9809591119892904	0.9867096009731093	0.9880285090571376	0.9823411942325034	0.9846247329668746	0.9861566825064073	0.9862535476597027
0.9875582088339547	0.9856749048407943	0.9866707042392229	0.9866411949580497	0.9821154086653454	0.9749680182255174	0.9865157067079452	0.9873430338408191	0.9866605655091925	0.9974346528507183	0.9825322030239638	0.987568816627034	0.987591268274556	0.9853914104852146	0.9795551257120606	0.9843618940642933	0.9865038979979301	0.9867127635123313	0.9873768022128881	0.9847742983473405	0.986499676623455	0.9863538471577624	0.9869956632312249	0.9764643106883472	0.9874568493975708	1.0	0.9805583626415063	0.9969743750627091	0.9990624957293547	0.9941314257902686	0.9859879949697482	0.9875864810045349	0.9868838981059951
0.9812687783116549	0.9814072754703135	0.9808748129483418	0.9811520999375892	0.9759308870289835	0.9787056167575499	0.9818714472923195	0.9811059120761355	0.9816473685873278	0.9805012096618307	0.9742242155807824	0.9804669305510049	0.981442390215282	0.9782813419604462	0.9729886707403136	0.9764648762736209	0.9802305987034944	0.9803695884212219	0.9734359253961025	0.9806132208016589	0.9799155941461697	0.9793363589928387	0.9806445413160891	0.9688168919648605	0.9809591119892904	0.9805583626415063	1.0	0.9822258249629383	0.9812198925788286	0.9760842025771888	0.9798082185599005	0.9815505446259549	0.9808358840192155
0.9865788967645309	0.9845714805382942	0.9859534214539851	0.9857923173366215	0.9806065696786702	0.9765860611671517	0.9856370769399774	0.9864033726204102	0.985483713059641	0.9973955907822826	0.9807138286105993	0.9865832036597509	0.9864844799076778	0.9838664330679028	0.9787775846703761	0.9831588950004414	0.9855084464737129	0.9857969823354598	0.9868249788344098	0.9838242375312073	0.9857483996765244	0.9852313388918575	0.986321817583201	0.97502492531429	0.9867096009731093	0.9969743750627091	0.9822258249629383	1.0	0.9975555135627706	0.9921676380342958	0.9844895883558246	0.9864961901345632	0.985834584268023
0.987926012072979	0.9861321177046158	0.9871938928295174	0.9870700895952161	0.982258318650471	0.9754265887530393	0.9869583448394341	0.9877182118506468	0.9871847708094502	0.9978957839682034	0.9824019788443408	0.9878922727327714	0.9879334013958957	0.9854503471852457	0.9798797165631061	0.984689708378039	0.9869862849444101	0.9872009105795392	0.9876754210403789	0.9853316961722614	0.9868687554601714	0.9866484821771726	0.9874477538749302	0.9766766137550958	0.9880285090571376	0.9990624957293547	0.9812198925788286	0.9975555135627706	1.0	0.994022266829674	0.986134530104038	0.9880763891442856	0.9874201274904043
0.982323500271033	0.9804390865560539	0.981957173540821	0.9813822730300088	0.9782912965513574	0.9701866895641248	0.9811196247159955	0.9823641635524155	0.981973330017714	0.993091390866767	0.979628809817809	0.9828467856446099	0.9828883754452155	0.9811839219312091	0.9750237248250138	0.9795869833561363	0.9817834588689063	0.9817430280929065	0.9839488628897698	0.9795733215368099	0.9827147726487524	0.9822103178233139	0.9824299058938064	0.973811586285971	0.9823411942325034	0.9941314257902686	0.9760842025771888	0.9921676380342958	0.994022266829674	1.0	0.9825197153390547	0.982494188094291	0.9816323324472457
0.9952591923984749	0.984983050558846	0.994807221452498	0.9941239748076672	0.9825033294075011	0.9711896058021382	0.9945688495431929	0.9950917729319751	0.9860159315829363	0.9853015405853703	0.9894900675850353	0.9862628225122781	0.9942459972645973	0.992082774074611	0.9778502158122939	0.9925598774335205	0.9947409021178284	0.9947729522066827	0.977470629144415	0.9841134507414917	0.9840040072446367	0.9843701193569573	0.9851185224438789	0.9844882337186805	0.9846247329668746	0.9859879949697482	0.9798082185599005	0.9844895883558246	0.986134530104038	0.9825197153390547	1.0	0.9850180278892939	0.9962278222494716
0.987409105505257	0.9860754064622624	0.986331082738979	0.986446896108665	0.9820353882486662	0.9746722997311709	0.9861519760030334	0.9872281267044107	0.9870422637444531	0.987119464218234	0.9809974111624299	0.9855201580825166	0.9869963455332015	0.984452992235191	0.9787301425798988	0.9838527169274602	0.9862186028735404	0.9865138270030861	0.9775119501640843	0.98521422442579	0.9846670629186899	0.9855410022501866	0.9861623496901186	0.9759210380070429	0.9861566825064073	0.9875864810045349	0.9815505446259549	0.9864961901345632	0.9880763891442856	0.982494188094291	0.9850180278892939	1.0	0.9862419893742996
0.9963501613632088	0.9862860415615684	0.9956062895237484	0.9953819415823814	0.98169045181076	0.9729873710566614	0.9960120807395308	0.996127461213821	0.9872258189321355	0.9862424280058475	0.9885849756678069	0.9866871606215035	0.9951024890085677	0.9918074756442554	0.9788778430201899	0.9933047100590817	0.9957628146860049	0.9958806670249611	0.9769932362947666	0.9854229312981655	0.9849188273074839	0.9848346210661311	0.9861184578582766	0.9834942767401051	0.9862535476597027	0.9868838981059951	0.9808358840192155	0.985834584268023	0.9874201274904043	0.9816323324472457	0.9962278222494716	0.9862419893742996	1.0
