/home/jshaw/scratch/2022_sketched_distance/references/SGB_genome_fastas_part4/8599/BackhedF_2015__SID281_12M__bin.21.fa	/home/jshaw/scratch/2022_sketched_distance/references/SGB_genome_fastas_part4/8599/BackhedF_2015__SID511_12M__bin.15.fa	/home/jshaw/scratch/2022_sketched_distance/references/SGB_genome_fastas_part4/8599/BackhedF_2015__SID637_12M__bin.4.fa	/home/jshaw/scratch/2022_sketched_distance/references/SGB_genome_fastas_part4/8599/BackhedF_2015__SID82_12M__bin.20.fa	/home/jshaw/scratch/2022_sketched_distance/references/SGB_genome_fastas_part4/8599/Bengtsson-PalmeJ_2015__TRAVELRES18__bin.24.fa	/home/jshaw/scratch/2022_sketched_distance/references/SGB_genome_fastas_part4/8599/Bengtsson-PalmeJ_2015__TRAVELRES46__bin.34.fa	/home/jshaw/scratch/2022_sketched_distance/references/SGB_genome_fastas_part4/8599/Bengtsson-PalmeJ_2015__TRAVELRES52__bin.21.fa	/home/jshaw/scratch/2022_sketched_distance/references/SGB_genome_fastas_part4/8599/CosteaPI_2017__donald1-11-7-0__bin.10.fa	/home/jshaw/scratch/2022_sketched_distance/references/SGB_genome_fastas_part4/8599/CosteaPI_2017__donald3-11-7-0__bin.24.fa	/home/jshaw/scratch/2022_sketched_distance/references/SGB_genome_fastas_part4/8599/CosteaPI_2017__donald4-11-0-0__bin.41.fa	/home/jshaw/scratch/2022_sketched_distance/references/SGB_genome_fastas_part4/8599/CosteaPI_2017__mickey4-11-7-0__bin.60.fa	/home/jshaw/scratch/2022_sketched_distance/references/SGB_genome_fastas_part4/8599/CosteaPI_2017__SID713B029-11-0-0__bin.42.fa	/home/jshaw/scratch/2022_sketched_distance/references/SGB_genome_fastas_part4/8599/FengQ_2015__SID31379__bin.19.fa	/home/jshaw/scratch/2022_sketched_distance/references/SGB_genome_fastas_part4/8599/FengQ_2015__SID530119__bin.66.fa	/home/jshaw/scratch/2022_sketched_distance/references/SGB_genome_fastas_part4/8599/HMP_2012__SRS011084__bin.6.fa	/home/jshaw/scratch/2022_sketched_distance/references/SGB_genome_fastas_part4/8599/HMP_2012__SRS021484__bin.33.fa	/home/jshaw/scratch/2022_sketched_distance/references/SGB_genome_fastas_part4/8599/HMP_2012__SRS024075__bin.36.fa	/home/jshaw/scratch/2022_sketched_distance/references/SGB_genome_fastas_part4/8599/HMP_2012__SRS024435__bin.11.fa	/home/jshaw/scratch/2022_sketched_distance/references/SGB_genome_fastas_part4/8599/HMP_2012__SRS050299__bin.13.fa	/home/jshaw/scratch/2022_sketched_distance/references/SGB_genome_fastas_part4/8599/HMP_2012__SRS052697__bin.59.fa	/home/jshaw/scratch/2022_sketched_distance/references/SGB_genome_fastas_part4/8599/KosticAD_2015__PRJNA231909.3112359__bin.1.fa	/home/jshaw/scratch/2022_sketched_distance/references/SGB_genome_fastas_part4/8599/LeChatelierE_2013__MH0067__bin.7.fa	/home/jshaw/scratch/2022_sketched_distance/references/SGB_genome_fastas_part4/8599/LeChatelierE_2013__MH0212__bin.16.fa	/home/jshaw/scratch/2022_sketched_distance/references/SGB_genome_fastas_part4/8599/LeChatelierE_2013__MH0275__bin.50.fa	/home/jshaw/scratch/2022_sketched_distance/references/SGB_genome_fastas_part4/8599/LeChatelierE_2013__MH0302__bin.17.fa	/home/jshaw/scratch/2022_sketched_distance/references/SGB_genome_fastas_part4/8599/LeChatelierE_2013__MH0411__bin.47.fa	/home/jshaw/scratch/2022_sketched_distance/references/SGB_genome_fastas_part4/8599/LeChatelierE_2013__MH0419__bin.80.fa	/home/jshaw/scratch/2022_sketched_distance/references/SGB_genome_fastas_part4/8599/LeChatelierE_2013__MH0446__bin.94.fa	/home/jshaw/scratch/2022_sketched_distance/references/SGB_genome_fastas_part4/8599/LiJ_2014__O2.UC48-1__bin.33.fa	/home/jshaw/scratch/2022_sketched_distance/references/SGB_genome_fastas_part4/8599/LiJ_2014__V1.CD54-0__bin.51.fa	/home/jshaw/scratch/2022_sketched_distance/references/SGB_genome_fastas_part4/8599/LiJ_2014__V1.FI18__bin.2.fa	/home/jshaw/scratch/2022_sketched_distance/references/SGB_genome_fastas_part4/8599/LiJ_2014__V1.FI20__bin.90.fa	/home/jshaw/scratch/2022_sketched_distance/references/SGB_genome_fastas_part4/8599/LiuW_2016__SRR3993035__bin.45.fa	/home/jshaw/scratch/2022_sketched_distance/references/SGB_genome_fastas_part4/8599/LouisS_2016__AS60_0__bin.11.fa	/home/jshaw/scratch/2022_sketched_distance/references/SGB_genome_fastas_part4/8599/NielsenHB_2014__V1_CD28_0__bin.2.fa	/home/jshaw/scratch/2022_sketched_distance/references/SGB_genome_fastas_part4/8599/NielsenHB_2014__V1_UC32_0__bin.45.fa	/home/jshaw/scratch/2022_sketched_distance/references/SGB_genome_fastas_part4/8599/VogtmannE_2016__MMRS31306426ST-27-0-0__bin.20.fa	/home/jshaw/scratch/2022_sketched_distance/references/SGB_genome_fastas_part4/8599/XieH_2016__YSZC12003_36006__bin.40.fa	/home/jshaw/scratch/2022_sketched_distance/references/SGB_genome_fastas_part4/8599/ZeeviD_2015__PNP_Main_123__bin.4.fa	/home/jshaw/scratch/2022_sketched_distance/references/SGB_genome_fastas_part4/8599/ZeeviD_2015__PNP_Main_269__bin.12.fa	/home/jshaw/scratch/2022_sketched_distance/references/SGB_genome_fastas_part4/8599/ZeeviD_2015__PNP_Main_481__bin.36.fa	/home/jshaw/scratch/2022_sketched_distance/references/SGB_genome_fastas_part4/8599/ZeeviD_2015__PNP_Main_565__bin.20.fa	/home/jshaw/scratch/2022_sketched_distance/references/SGB_genome_fastas_part4/8599/ZeeviD_2015__PNP_Validation_41__bin.27.fa	/home/jshaw/scratch/2022_sketched_distance/references/SGB_genome_fastas_part4/8599/ZellerG_2014__CCMD95433940ST-21-0__bin.78.fa
1.0	0.995131126970099	0.9953962422665109	0.9936616808538085	0.9879341997963376	0.994240898172835	0.9922984278989071	0.9852819296291841	0.9894223711006176	0.9770919454671693	0.989862274946416	0.9898310470344417	0.9888480190440336	0.9819627356065029	0.9853177828380921	0.9823572933917237	0.9930721539711964	0.9872993455588499	0.983701979405212	0.996538229014383	0.9983986541933944	0.9929017714554911	0.9891364456947574	0.9969187367844855	0.9891045226181682	0.9891683378929826	0.9730230369928651	0.988524556780765	0.9890725686023639	0.982160608883641	0.9795856709489532	0.9820217201339577	0.9901080839792339	0.9787487520703301	0.9897685024013566	0.9877017280323225	0.986096813090095	0.9871979765683064	0.9892638298232834	0.9853364385113729	0.9891045226181682	0.986652003244561	0.9828637845982499	0.9894855748244084
0.995131126970099	1.0	0.998308917862601	0.9948487693049533	0.9939541985529048	0.9938425484094354	0.9912932276550054	0.9890586349142976	0.9889098392053715	0.9871220266650533	0.9874117016841978	0.9912515652436238	0.9910667577258194	0.9888990406787278	0.9850943798748049	0.9847370109029204	0.9957907139354304	0.988546541340833	0.9899653154015788	0.9948836071932572	0.995787295443192	0.9935323269893863	0.9872782213785695	0.9953150444699614	0.9897981947876556	0.9884677190493744	0.9867255595483123	0.9877624507880052	0.988445781875077	0.9814405712720395	0.9878600853164778	0.9960351524761197	0.9939571448687906	0.9888212288848898	0.9888469421039945	0.9882740426991113	0.9910719635079829	0.9865972426419709	0.9883244935584071	0.9954811722406343	0.9884032689859712	0.9888721597286195	0.9934446216738081	0.9911914440688114
0.9953962422665109	0.998308917862601	1.0	0.9948697104042559	0.9938112827136653	0.9939078661413812	0.991581233929787	0.9895924492351726	0.9889152634085676	0.9876562981587242	0.9882591847352031	0.9914368310370327	0.9912361495257945	0.989130647536197	0.9849904932087578	0.9846231617712984	0.9956692102783968	0.9887522226262315	0.9902185954759833	0.9953295745228905	0.9959746148777551	0.9938494242798356	0.9873641534579256	0.9955390524337536	0.9903088457926572	0.9885538431922949	0.9873938030397101	0.9881561783681693	0.988199932979385	0.9818456226226313	0.988135684680739	0.996804900709598	0.9941311015669058	0.9890231328209041	0.9891495601826775	0.9882740426991113	0.9912320939563191	0.9868700738935675	0.988975371907974	0.9955990226358414	0.9879053979926401	0.9895340158433339	0.9935027841921232	0.9914063466491174
0.9936616808538085	0.9948487693049533	0.9948697104042559	1.0	0.988960800283088	0.993261217715017	0.9911281895876132	0.9845916877407813	0.9890980916517224	0.9821730577873962	0.9874104284153988	0.9896419727871187	0.9886968295352369	0.9839214932093144	0.9842167021457581	0.9791616428147731	0.9925279548514355	0.986452067074916	0.9845620297159915	0.9965633068674776	0.9980798349183573	0.9918469494667519	0.987956849318627	0.9965434078371337	0.9876717601856935	0.9872262537174782	0.9781307962946241	0.9869879328733374	0.9876717601856935	0.9811895874915887	0.9866930801952121	0.9882332775762123	0.9924404144562042	0.984072782510148	0.9885957460410796	0.9866674622011218	0.9870661201890084	0.9859347761604593	0.9882394916200435	0.9924869772596834	0.9878275692606878	0.9858248276525996	0.9890958389245397	0.9885704266455637
0.9879341997963376	0.9939541985529048	0.9938112827136653	0.988960800283088	1.0	0.9962274895546817	0.9919455041008944	0.9842746235420046	0.9894819093672041	0.9800027126584792	0.988905464503769	0.9895091093773527	0.988571484601868	0.982786633810791	0.9857397164996021	0.9809561951324122	0.991615546429372	0.9883750883412148	0.9850309209643524	0.9929895665843785	0.9940965005636822	0.9947526153946941	0.9886831877085676	0.9936677476380161	0.9885994458958255	0.9894546869073911	0.9780429099180519	0.9887667172716852	0.9894819093672041	0.981860780560079	0.9825509817575528	0.9837824526775437	0.9852239591756456	0.9833631988243303	0.9895634421990108	0.9875198687350367	0.9834618191747981	0.9878931938788027	0.988571484601868	0.9867887737053355	0.9899144409222325	0.9863139259202265	0.9838520645514448	0.9887388975997509
0.994240898172835	0.9938425484094354	0.9939078661413812	0.993261217715017	0.9962274895546817	1.0	0.992039935539794	0.9892375348771899	0.9890396397781764	0.9875313651927508	0.9881302138985089	0.9906894515590795	0.990228298307635	0.9898441092092913	0.9855757326220153	0.9850480752447527	0.9932156748082691	0.9893616763684951	0.9907690641318326	0.9937510097957506	0.9938354118922987	0.9966940523940955	0.9875383344297525	0.9933564522238308	0.990396853743909	0.9888961064763322	0.9874928793590273	0.9885667363400747	0.9893454209239825	0.981871404354028	0.9890253274647203	0.9954238731095849	0.9928637392991724	0.9894232687897647	0.9892018113183717	0.9885280990659132	0.9901495936504684	0.9874535589598038	0.9888893272340572	0.9941871094052683	0.9887463509144545	0.9894167973441099	0.9916197031008501	0.9916411364945128
0.9922984278989071	0.9912932276550054	0.991581233929787	0.9911281895876132	0.9919455041008944	0.992039935539794	1.0	0.987051072368971	0.9870498365811802	0.9853983692440648	0.9884943278266667	0.9923478977459169	0.9919258553897139	0.9875952593785431	0.9849764749664991	0.984134847550112	0.9915056764736945	0.9872609015344563	0.9873744376633313	0.9916805746335005	0.9915290568027133	0.9905738099462246	0.9883911348802357	0.9916823613506596	0.9906376728803689	0.9868323977371626	0.9858706970888491	0.9862310207580384	0.9869392476072555	0.9815327664738749	0.9893292244678116	0.9931438756281615	0.9902384558874859	0.9875129443889084	0.9902659281851267	0.986340337372356	0.9886583032015483	0.9853406826706194	0.9898446215348845	0.991998795436515	0.986605232346483	0.9906159797041413	0.9887956660033734	0.9928727777141886
0.9852819296291841	0.9890586349142976	0.9895924492351726	0.9845916877407813	0.9842746235420046	0.9892375348771899	0.987051072368971	1.0	0.9994426864512972	0.9923552093639558	0.9866950686651104	0.9863629941718453	0.9854034793283342	0.9930692520811768	0.9873493264369786	0.9834264305577085	0.9870238238284303	0.9909509325355877	0.9854488137725357	0.9886978958684132	0.9891098483173814	0.9887496723661628	0.9866123638826282	0.9895167170156189	0.9859712866726854	0.9920925104130981	0.9832390545110468	0.9910717037672426	0.9926028449343299	0.9828743261941054	0.9821300226145124	0.9813080762253198	0.9836329291597297	0.987088763901174	0.9876181408068657	0.9901425698124451	0.9844906349421255	0.9908297181165183	0.9858867385634925	0.9852158193878789	0.9920691252406837	0.9820283210819566	0.981217766199445	0.9853461550848138
0.9894223711006176	0.9889098392053715	0.9889152634085676	0.9890980916517224	0.9894819093672041	0.9890396397781764	0.9870498365811802	0.9994426864512972	1.0	0.9978716629682697	0.9856715156841848	0.9878402527597518	0.9872448860110913	0.9982504992292203	0.9874718410761487	0.9874882466766872	0.9876841998697566	0.9923121783382531	0.9910654966116373	0.98917427146117	0.9889447562756489	0.9893630774953395	0.9859136685738517	0.9885687757301282	0.9883575623024663	0.9924438179272194	0.990213326058172	0.9916205731724245	0.9922507601940942	0.9834314830538934	0.9869379487747205	0.9894871784223463	0.9875277443640675	0.9923093828276074	0.9870789254230432	0.9922243233584037	0.9888019077641645	0.9907930257970199	0.9861741634335741	0.9894080172845816	0.9920813694948536	0.9855856297439259	0.9860363344568485	0.988120729950002
0.9770919454671693	0.9871220266650533	0.9876562981587242	0.9821730577873962	0.9800027126584792	0.9875313651927508	0.9853983692440648	0.9923552093639558	0.9978716629682697	1.0	0.9846895901729579	0.9848936645690061	0.9836144989687418	0.9862552318854242	0.9858295933668217	0.9800420575612825	0.985331521762073	0.9883350829682962	0.9823933591729128	0.9871220266650533	0.9873115849825711	0.9870585971162829	0.9846554540818241	0.987593890941889	0.9845185535636604	0.9903488944771044	0.9777334281705442	0.989386950180236	0.9905208205141389	0.9818769974412725	0.9742934189842508	0.9760341854412614	0.9742567870346132	0.9800972192475992	0.9862877461542943	0.9878428131623188	0.9792862766716689	0.9886087858611007	0.9839651672391524	0.9777875981263193	0.9902049356189646	0.9806266155610588	0.9743368913538397	0.9837903018306654
0.989862274946416	0.9874117016841978	0.9882591847352031	0.9874104284153988	0.988905464503769	0.9881302138985089	0.9884943278266667	0.9866950686651104	0.9856715156841848	0.9846895901729579	1.0	0.9895356725869293	0.9892336134240394	0.9870159013655772	0.9830641181554131	0.9827758682474701	0.9873503994372764	0.9866594967083837	0.9861128285871791	0.987600539439313	0.9875654291721533	0.9874142175954306	0.9865644134095819	0.9878924476794267	0.9950424682683289	0.9855620260548852	0.9841277488742092	0.9851768833819843	0.9861781799739155	0.9798452819983421	0.9871810081853749	0.9880868886546118	0.9874570349161643	0.9869818588805741	0.994174805534659	0.9864875379635442	0.9866710333926341	0.9852694446109942	0.9879941682484722	0.9885457356619997	0.9859948408947239	0.9891574406429919	0.9858902709727144	0.9904060086988091
0.9898310470344417	0.9912515652436238	0.9914368310370327	0.9896419727871187	0.9895091093773527	0.9906894515590795	0.9923478977459169	0.9863629941718453	0.9878402527597518	0.9848936645690061	0.9895356725869293	1.0	0.9964432115217665	0.9857937316954519	0.9845948481219565	0.9823813690499364	0.9899247647791103	0.9856737687609209	0.985681300520069	0.9903517757341593	0.9910652547995827	0.989383110798479	0.9894049485936796	0.9913340338568735	0.9902426855076507	0.9864133445828959	0.9837973045509585	0.9859559505962002	0.9867700035736334	0.9819380587266435	0.9884478573532252	0.9896624768779825	0.9883990338576105	0.9851846693623034	0.9914162971666216	0.9847535642410734	0.9878128230335572	0.9848465545399464	0.9908570033274379	0.9897256468747744	0.9867936438804992	0.9914876219690352	0.9867214088161125	0.9955863576411077
0.9888480190440336	0.9910667577258194	0.9912361495257945	0.9886968295352369	0.988571484601868	0.990228298307635	0.9919258553897139	0.9854034793283342	0.9872448860110913	0.9836144989687418	0.9892336134240394	0.9964432115217665	1.0	0.9852464306016105	0.9844085305075809	0.9809140742099081	0.9895462970072056	0.985118743982506	0.984771098700268	0.9897899142503226	0.9910455225520686	0.989367983849668	0.9890535968216364	0.9908110301971691	0.9889138230289286	0.9862035745320679	0.9830508382137408	0.9854821982135004	0.9864242684433897	0.9813321440322007	0.9869785835771997	0.9880501895386669	0.9875277443640675	0.9848436143947074	0.9910879792584221	0.9840493202937982	0.9873368888364303	0.9851790017222872	0.9906824200769977	0.9887995728890151	0.9869335329227376	0.9901139410627228	0.98599987939761	0.9937623427252792
0.9819627356065029	0.9888990406787278	0.989130647536197	0.9839214932093144	0.982786633810791	0.9898441092092913	0.9875952593785431	0.9930692520811768	0.9982504992292203	0.9862552318854242	0.9870159013655772	0.9857937316954519	0.9852464306016105	1.0	0.9882239590242324	0.9834448275945737	0.9876556553885021	0.9914422534477741	0.9856337051037719	0.9883423625100939	0.9888408838147957	0.989159484325643	0.9869234840815263	0.9888117668585105	0.9869851244407832	0.9928379820389531	0.9805816811588273	0.9920815883411006	0.9932480182896827	0.9838199322749723	0.9775923837877127	0.9788748884141376	0.9790296391745723	0.984957693471677	0.9878361814888321	0.9908998611514159	0.9806167589634524	0.9913884131324053	0.9863948240171926	0.9803622764652808	0.9932734777024552	0.9827516230618476	0.9765042846701956	0.9857937316954519
0.9853177828380921	0.9850943798748049	0.9849904932087578	0.9842167021457581	0.9857397164996021	0.9855757326220153	0.9849764749664991	0.9873493264369786	0.9874718410761487	0.9858295933668217	0.9830641181554131	0.9845948481219565	0.9844085305075809	0.9882239590242324	1.0	0.9989630947095833	0.9861662805413981	0.9872131916284018	0.9857391660579506	0.9846512803628926	0.9842822353891083	0.9852945710233559	0.9823505145465067	0.9841988473816082	0.9854258731973415	0.9870131574479898	0.9859053218489507	0.9864378507805055	0.9868172243316172	0.9916696266967354	0.9833770100236557	0.985612003457766	0.9831119042166815	0.9872661706794733	0.9843940252983079	0.9873333210216689	0.9857092925894554	0.9862760520892673	0.983898337454684	0.9853364385113729	0.9867770255458603	0.9839908465904007	0.9821333002795868	0.9855884019396551
0.9823572933917237	0.9847370109029204	0.9846231617712984	0.9791616428147731	0.9809561951324122	0.9850480752447527	0.984134847550112	0.9834264305577085	0.9874882466766872	0.9800420575612825	0.9827758682474701	0.9823813690499364	0.9809140742099081	0.9834448275945737	0.9989630947095833	1.0	0.9836391544934817	0.9849353016555626	0.9799357150765162	0.9834623994717961	0.9839316451599549	0.9839316451599549	0.9818892149520272	0.9841637739775874	0.9828662357334906	0.9866412262634806	0.9789968745781787	0.9856615013187328	0.9867483041217854	0.9902922171772839	0.9785517698210466	0.9781875870545417	0.980940739434785	0.9830025629890813	0.9841058955933077	0.9846516610976974	0.9815887412408811	0.9846516610976974	0.9815465146112835	0.9794624532993478	0.9870674620618367	0.9787356779716546	0.9764066146295648	0.9824118844242377
0.9930721539711964	0.9957907139354304	0.9956692102783968	0.9925279548514355	0.991615546429372	0.9932156748082691	0.9915056764736945	0.9870238238284303	0.9876841998697566	0.985331521762073	0.9873503994372764	0.9899247647791103	0.9895462970072056	0.9876556553885021	0.9861662805413981	0.9836391544934817	1.0	0.98737987457059	0.9877844484828135	0.9933396291954767	0.9938646636370069	0.9913236035440492	0.9878828675473856	0.993476798474052	0.9890971764251283	0.987013178775956	0.9869944878138721	0.9869226664906833	0.9885581373910286	0.9818085922127353	0.986897263718947	0.9960639821157398	0.9917018672164823	0.9869461465397897	0.9889439710665366	0.9870938792932804	0.9901220711450522	0.9860268665848413	0.9886081205574002	0.9936612363730655	0.9889013230246967	0.9884879032268943	0.990904600345498	0.9904942075221519
0.9872993455588499	0.988546541340833	0.9887522226262315	0.986452067074916	0.9883750883412148	0.9893616763684951	0.9872609015344563	0.9909509325355877	0.9923121783382531	0.9883350829682962	0.9866594967083837	0.9856737687609209	0.985118743982506	0.9914422534477741	0.9872131916284018	0.9849353016555626	0.98737987457059	1.0	0.988958513922713	0.9874510525034792	0.9882008600838107	0.9892272124449945	0.9860963202127169	0.9882702871171554	0.9868755001137187	0.992940244141983	0.9886272660668771	0.9917552649289632	0.9928598701121436	0.9830987332545034	0.9847525776199888	0.9865860429182688	0.9851860571953491	0.9916653827219396	0.9873561143453442	0.9910518452467436	0.9876944829865629	0.9926580768615619	0.9861703274249256	0.987547907114475	0.9936156576079058	0.983628784390589	0.9834997064353787	0.9860704359146477
0.983701979405212	0.9899653154015788	0.9902185954759833	0.9845620297159915	0.9850309209643524	0.9907690641318326	0.9873744376633313	0.9854488137725357	0.9910654966116373	0.9823933591729128	0.9861128285871791	0.985681300520069	0.984771098700268	0.9856337051037719	0.9857391660579506	0.9799357150765162	0.9877844484828135	0.988958513922713	1.0	0.9891154212139331	0.9903193657823824	0.9901933547569869	0.9860842356593515	0.9904198294071422	0.9858257737406084	0.9909669810768386	0.9810665870109931	0.9897868555312421	0.9908929011318492	0.9822663032849245	0.9821300226145124	0.9808540114056719	0.9817929306698336	0.9857823798515583	0.9876483448192266	0.9886953305611441	0.9814456366142228	0.9890893218029798	0.9855943106767435	0.9850137977479224	0.9910654966116373	0.9824904855017451	0.9824599731521425	0.9854779647526498
0.996538229014383	0.9948836071932572	0.9953295745228905	0.9965633068674776	0.9929895665843785	0.9937510097957506	0.9916805746335005	0.9886978958684132	0.98917427146117	0.9871220266650533	0.987600539439313	0.9903517757341593	0.9897899142503226	0.9883423625100939	0.9846512803628926	0.9834623994717961	0.9933396291954767	0.9874510525034792	0.9891154212139331	1.0	0.9973572546529679	0.9920175433809666	0.9876229198005352	0.9962039209902558	0.9891428558850272	0.9876229198005352	0.9861123078452285	0.987172395503134	0.9883530656566412	0.9816261559141867	0.9880571770587872	0.9967767073346545	0.9958222397090561	0.9878275305648716	0.9890887858945712	0.9869735018476974	0.9909647770387707	0.9861121601105638	0.9882586929695896	0.9963837530291408	0.9879568123658743	0.9888482745034828	0.9936766613706298	0.990801061217778
0.9983986541933944	0.995787295443192	0.9959746148777551	0.9980798349183573	0.9940965005636822	0.9938354118922987	0.9915290568027133	0.9891098483173814	0.9889447562756489	0.9873115849825711	0.9875654291721533	0.9910652547995827	0.9910455225520686	0.9888408838147957	0.9842822353891083	0.9839316451599549	0.9938646636370069	0.9882008600838107	0.9903193657823824	0.9973572546529679	1.0	0.9933632147119403	0.9876599329920449	0.9970440010905849	0.9901099657665042	0.9881644991659569	0.986624141870482	0.9872524038424993	0.9880937993967341	0.9808406158599239	0.9886800609992997	0.9983198303121419	0.9977181184334274	0.9887536518065805	0.9891958171877526	0.9879712461152249	0.9915764038366542	0.9864140895416871	0.988975371907974	0.9977346369336741	0.9882443122886255	0.9899063402609968	0.9953944818274739	0.9913634777975858
0.9929017714554911	0.9935323269893863	0.9938494242798356	0.9918469494667519	0.9947526153946941	0.9966940523940955	0.9905738099462246	0.9887496723661628	0.9893630774953395	0.9870585971162829	0.9874142175954306	0.989383110798479	0.989367983849668	0.989159484325643	0.9852945710233559	0.9839316451599549	0.9913236035440492	0.9892272124449945	0.9901933547569869	0.9920175433809666	0.9933632147119403	1.0	0.9874142175954306	0.9933632147119403	0.9892340253885161	0.9887622884508975	0.9868938971791391	0.9882384638061184	0.9893418081877018	0.981767153849004	0.9869379487747205	0.9931438756281615	0.9912948234232553	0.9893236890725144	0.9888055669592027	0.9882276394021512	0.9895387315169605	0.9873690703967318	0.987594189679925	0.9924869772596834	0.9895115798116605	0.9881235469241619	0.9903019582396929	0.9899166571180636
0.9891364456947574	0.9872782213785695	0.9873641534579256	0.987956849318627	0.9886831877085676	0.9875383344297525	0.9883911348802357	0.9866123638826282	0.9859136685738517	0.9846554540818241	0.9865644134095819	0.9894049485936796	0.9890535968216364	0.9869234840815263	0.9823505145465067	0.9818892149520272	0.9878828675473856	0.9860963202127169	0.9860842356593515	0.9876229198005352	0.9876599329920449	0.9874142175954306	1.0	0.9877313032239163	0.9889597570710909	0.9853019506635218	0.9832390545110468	0.9846731300972587	0.985315067052036	0.9793982187915033	0.9958612527848146	0.9884153536247495	0.986304515926569	0.9864783229204982	0.9878839557118607	0.9855691187664308	0.9867015937317629	0.9849589480396935	0.9923423469982713	0.9883632186885156	0.9857076922511951	0.9877798057486739	0.9846977775548357	0.9894881153424
0.9969187367844855	0.9953150444699614	0.9955390524337536	0.9965434078371337	0.9936677476380161	0.9933564522238308	0.9916823613506596	0.9895167170156189	0.9885687757301282	0.987593890941889	0.9878924476794267	0.9913340338568735	0.9908110301971691	0.9888117668585105	0.9841988473816082	0.9841637739775874	0.993476798474052	0.9882702871171554	0.9904198294071422	0.9962039209902558	0.9970440010905849	0.9933632147119403	0.9877313032239163	1.0	0.990021188505057	0.9881209532960579	0.9869274615769387	0.9871852894462481	0.9879480781846995	0.9808621843633364	0.9880178529601535	0.9970015873720236	0.9961231441326669	0.988413672091465	0.989488749469577	0.9874048151371769	0.9917603264082488	0.9861374326077751	0.9884120237356412	0.9965842102589254	0.9874473449786005	0.9893933035690713	0.9948130924582019	0.9914063466491174
0.9891045226181682	0.9897981947876556	0.9903088457926572	0.9876717601856935	0.9885994458958255	0.990396853743909	0.9906376728803689	0.9859712866726854	0.9883575623024663	0.9845185535636604	0.9950424682683289	0.9902426855076507	0.9889138230289286	0.9869851244407832	0.9854258731973415	0.9828662357334906	0.9890971764251283	0.9868755001137187	0.9858257737406084	0.9891428558850272	0.9901099657665042	0.9892340253885161	0.9889597570710909	0.990021188505057	1.0	0.9878630085925608	0.9834634965470388	0.9871433633770456	0.9884042777034656	0.9820370606499914	0.9875023196702509	0.9872699056441884	0.9861207296827846	0.9869461465397897	0.9959837233179777	0.986531397916979	0.9863638578112099	0.9871918323606097	0.9895736836462242	0.988979695702624	0.9886831877085676	0.9885120509721104	0.9854110301763599	0.990162239816209
0.9891683378929826	0.9884677190493744	0.9885538431922949	0.9872262537174782	0.9894546869073911	0.9888961064763322	0.9868323977371626	0.9920925104130981	0.9924438179272194	0.9903488944771044	0.9855620260548852	0.9864133445828959	0.9862035745320679	0.9928379820389531	0.9870131574479898	0.9866412262634806	0.987013178775956	0.992940244141983	0.9909669810768386	0.9876229198005352	0.9881644991659569	0.9887622884508975	0.9853019506635218	0.9881209532960579	0.9878630085925608	1.0	0.996499230401571	0.9924246993788204	0.9940298131317693	0.9828635952004863	0.9854406111706517	0.9883426439159417	0.9865237118105478	0.9973431214907695	0.9873717246941834	0.9925110597931771	0.9873368888364303	0.9919969996965042	0.9854169882404741	0.9885821180492059	0.9933487561045052	0.9849193089760762	0.9853738742945206	0.9875478494174853
0.9730230369928651	0.9867255595483123	0.9873938030397101	0.9781307962946241	0.9780429099180519	0.9874928793590273	0.9858706970888491	0.9832390545110468	0.990213326058172	0.9777334281705442	0.9841277488742092	0.9837973045509585	0.9830508382137408	0.9805816811588273	0.9859053218489507	0.9789968745781787	0.9869944878138721	0.9886272660668771	0.9810665870109931	0.9861123078452285	0.986624141870482	0.9868938971791391	0.9832390545110468	0.9869274615769387	0.9834634965470388	0.996499230401571	1.0	0.9914060614411226	0.9934501896428534	0.9819373290523782	0.9517392408360363	0.9830210728677294	0.9695295183031404	0.9804476016725905	0.9867592960654015	0.9863521556151973	0.9751456249694683	0.9910527413639337	0.9834634965470388	0.9738712046518235	0.9915813148509902	0.9794214426866672	0.9696935400666667	0.9830508382137408
0.988524556780765	0.9877624507880052	0.9881561783681693	0.9869879328733374	0.9887667172716852	0.9885667363400747	0.9862310207580384	0.9910717037672426	0.9916205731724245	0.989386950180236	0.9851768833819843	0.9859559505962002	0.9854821982135004	0.9920815883411006	0.9864378507805055	0.9856615013187328	0.9869226664906833	0.9917552649289632	0.9897868555312421	0.987172395503134	0.9872524038424993	0.9882384638061184	0.9846731300972587	0.9871852894462481	0.9871433633770456	0.9924246993788204	0.9914060614411226	1.0	0.9933742707173534	0.9833159109553984	0.9856103907202999	0.9882697733803854	0.9857127457578855	0.9929112743665722	0.9867797025016949	0.9917477916375588	0.987486358786007	0.9907125225632927	0.9850317540580289	0.9881428551606639	0.9920870983432901	0.9848114316207328	0.9847357059846341	0.987233325770118
0.9890725686023639	0.988445781875077	0.988199932979385	0.9876717601856935	0.9894819093672041	0.9893454209239825	0.9869392476072555	0.9926028449343299	0.9922507601940942	0.9905208205141389	0.9861781799739155	0.9867700035736334	0.9864242684433897	0.9932480182896827	0.9868172243316172	0.9867483041217854	0.9885581373910286	0.9928598701121436	0.9908929011318492	0.9883530656566412	0.9880937993967341	0.9893418081877018	0.985315067052036	0.9879480781846995	0.9884042777034656	0.9940298131317693	0.9934501896428534	0.9933742707173534	1.0	0.9833083877858129	0.986856528283349	0.9900103039102571	0.9867052654902054	0.993590183167503	0.9869043221109017	0.9930972246161904	0.9881945172452113	0.992363224941605	0.9861741634335741	0.9896553263627424	0.992085240807703	0.9857435553928514	0.9859633838582286	0.9877159716747105
0.982160608883641	0.9814405712720395	0.9818456226226313	0.9811895874915887	0.981860780560079	0.981871404354028	0.9815327664738749	0.9828743261941054	0.9834314830538934	0.9818769974412725	0.9798452819983421	0.9819380587266435	0.9813321440322007	0.9838199322749723	0.9916696266967354	0.9902922171772839	0.9818085922127353	0.9830987332545034	0.9822663032849245	0.9816261559141867	0.9808406158599239	0.981767153849004	0.9793982187915033	0.9808621843633364	0.9820370606499914	0.9828635952004863	0.9819373290523782	0.9833159109553984	0.9833083877858129	1.0	0.9801406626569908	0.982763297469476	0.9796192965544649	0.9831633357194082	0.981871404354028	0.9833565630220314	0.9810125276831102	0.9821023614717964	0.9812086955475114	0.9823116522920345	0.9824081824128413	0.9812478972554934	0.9787645888846963	0.9828722174650614
0.9795856709489532	0.9878600853164778	0.988135684680739	0.9866930801952121	0.9825509817575528	0.9890253274647203	0.9893292244678116	0.9821300226145124	0.9869379487747205	0.9742934189842508	0.9871810081853749	0.9884478573532252	0.9869785835771997	0.9775923837877127	0.9833770100236557	0.9785517698210466	0.986897263718947	0.9847525776199888	0.9821300226145124	0.9880571770587872	0.9886800609992997	0.9869379487747205	0.9958612527848146	0.9880178529601535	0.9875023196702509	0.9854406111706517	0.9517392408360363	0.9856103907202999	0.986856528283349	0.9801406626569908	1.0	0.9572720769566078	0.9768261649978129	0.9762676129235326	0.9884478573532252	0.985863426256731	0.9796872825369529	0.9844908014969879	0.9930108285309414	0.9737501191723645	0.9869379487747205	0.9856103907202999	0.9730734932361512	0.9870597029260062
0.9820217201339577	0.9960351524761197	0.996804900709598	0.9882332775762123	0.9837824526775437	0.9954238731095849	0.9931438756281615	0.9813080762253198	0.9894871784223463	0.9760341854412614	0.9880868886546118	0.9896624768779825	0.9880501895386669	0.9788748884141376	0.985612003457766	0.9781875870545417	0.9960639821157398	0.9865860429182688	0.9808540114056719	0.9967767073346545	0.9983198303121419	0.9931438756281615	0.9884153536247495	0.9970015873720236	0.9872699056441884	0.9883426439159417	0.9830210728677294	0.9882697733803854	0.9900103039102571	0.982763297469476	0.9572720769566078	1.0	0.9780384045919327	0.9716726975821107	0.9903545030117784	0.9846489479420583	0.980762436884581	0.9860831459129935	0.9890269932561155	0.9793662766291937	0.9889556219838586	0.9852541591884679	0.979165070756794	0.9889556219838586
0.9901080839792339	0.9939571448687906	0.9941311015669058	0.9924404144562042	0.9852239591756456	0.9928637392991724	0.9902384558874859	0.9836329291597297	0.9875277443640675	0.9742567870346132	0.9874570349161643	0.9883990338576105	0.9875277443640675	0.9790296391745723	0.9831119042166815	0.980940739434785	0.9917018672164823	0.9851860571953491	0.9817929306698336	0.9958222397090561	0.9977181184334274	0.9912948234232553	0.986304515926569	0.9961231441326669	0.9861207296827846	0.9865237118105478	0.9695295183031404	0.9857127457578855	0.9867052654902054	0.9796192965544649	0.9768261649978129	0.9780384045919327	1.0	0.9757078335318576	0.9875277443640675	0.9842240007465403	0.9856380195658628	0.9841458039088342	0.9869218152690098	0.9794144003806458	0.9863777437052349	0.9841849256264491	0.979798607756044	0.9874216231486724
0.9787487520703301	0.9888212288848898	0.9890231328209041	0.984072782510148	0.9833631988243303	0.9894232687897647	0.9875129443889084	0.987088763901174	0.9923093828276074	0.9800972192475992	0.9869818588805741	0.9851846693623034	0.9848436143947074	0.984957693471677	0.9872661706794733	0.9830025629890813	0.9869461465397897	0.9916653827219396	0.9857823798515583	0.9878275305648716	0.9887536518065805	0.9893236890725144	0.9864783229204982	0.988413672091465	0.9869461465397897	0.9973431214907695	0.9804476016725905	0.9929112743665722	0.993590183167503	0.9831633357194082	0.9762676129235326	0.9716726975821107	0.9757078335318576	1.0	0.9876880854624663	0.9924911027723323	0.9801851677266533	0.9929708657457871	0.9866229786899483	0.9743803259590595	0.9942554542883658	0.982759915022175	0.9732094065280411	0.9854100872309854
0.9897685024013566	0.9888469421039945	0.9891495601826775	0.9885957460410796	0.9895634421990108	0.9892018113183717	0.9902659281851267	0.9876181408068657	0.9870789254230432	0.9862877461542943	0.994174805534659	0.9914162971666216	0.9910879792584221	0.9878361814888321	0.9843940252983079	0.9841058955933077	0.9889439710665366	0.9873561143453442	0.9876483448192266	0.9890887858945712	0.9891958171877526	0.9888055669592027	0.9878839557118607	0.989488749469577	0.9959837233179777	0.9873717246941834	0.9867592960654015	0.9867797025016949	0.9869043221109017	0.981871404354028	0.9884478573532252	0.9903545030117784	0.9875277443640675	0.9876880854624663	1.0	0.9872377532964579	0.9871867369543581	0.9865286797178471	0.9896978253961809	0.9896201098149302	0.9864104168840508	0.990976363130183	0.9877748690711402	0.992021776892264
0.9877017280323225	0.9882740426991113	0.9882740426991113	0.9866674622011218	0.9875198687350367	0.9885280990659132	0.986340337372356	0.9901425698124451	0.9922243233584037	0.9878428131623188	0.9864875379635442	0.9847535642410734	0.9840493202937982	0.9908998611514159	0.9873333210216689	0.9846516610976974	0.9870938792932804	0.9910518452467436	0.9886953305611441	0.9869735018476974	0.9879712461152249	0.9882276394021512	0.9855691187664308	0.9874048151371769	0.986531397916979	0.9925110597931771	0.9863521556151973	0.9917477916375588	0.9930972246161904	0.9833565630220314	0.985863426256731	0.9846489479420583	0.9842240007465403	0.9924911027723323	0.9872377532964579	1.0	0.9860226165751282	0.9937518536357685	0.9856947395474566	0.9878467248124038	0.9935350786539744	0.9838520645514448	0.983183287919569	0.9852286380366713
0.986096813090095	0.9910719635079829	0.9912320939563191	0.9870661201890084	0.9834618191747981	0.9901495936504684	0.9886583032015483	0.9844906349421255	0.9888019077641645	0.9792862766716689	0.9866710333926341	0.9878128230335572	0.9873368888364303	0.9806167589634524	0.9857092925894554	0.9815887412408811	0.9901220711450522	0.9876944829865629	0.9814456366142228	0.9909647770387707	0.9915764038366542	0.9895387315169605	0.9867015937317629	0.9917603264082488	0.9863638578112099	0.9873368888364303	0.9751456249694683	0.987486358786007	0.9881945172452113	0.9810125276831102	0.9796872825369529	0.980762436884581	0.9856380195658628	0.9801851677266533	0.9871867369543581	0.9860226165751282	1.0	0.9865791816222484	0.9864870725876473	0.9827488250618166	0.9894545488401961	0.9834280881447621	0.9805785146724078	0.9866404446305662
0.9871979765683064	0.9865972426419709	0.9868700738935675	0.9859347761604593	0.9878931938788027	0.9874535589598038	0.9853406826706194	0.9908297181165183	0.9907930257970199	0.9886087858611007	0.9852694446109942	0.9848465545399464	0.9851790017222872	0.9913884131324053	0.9862760520892673	0.9846516610976974	0.9860268665848413	0.9926580768615619	0.9890893218029798	0.9861121601105638	0.9864140895416871	0.9873690703967318	0.9849589480396935	0.9861374326077751	0.9871918323606097	0.9919969996965042	0.9910527413639337	0.9907125225632927	0.992363224941605	0.9821023614717964	0.9844908014969879	0.9860831459129935	0.9841458039088342	0.9929708657457871	0.9865286797178471	0.9937518536357685	0.9865791816222484	1.0	0.9855125948893803	0.9876976549780863	0.9927822710513134	0.9849462230180985	0.983262679376349	0.9862211999663019
0.9892638298232834	0.9883244935584071	0.988975371907974	0.9882394916200435	0.988571484601868	0.9888893272340572	0.9898446215348845	0.9858867385634925	0.9861741634335741	0.9839651672391524	0.9879941682484722	0.9908570033274379	0.9906824200769977	0.9863948240171926	0.983898337454684	0.9815465146112835	0.9886081205574002	0.9861703274249256	0.9855943106767435	0.9882586929695896	0.988975371907974	0.987594189679925	0.9923423469982713	0.9884120237356412	0.9895736836462242	0.9854169882404741	0.9834634965470388	0.9850317540580289	0.9861741634335741	0.9812086955475114	0.9930108285309414	0.9890269932561155	0.9869218152690098	0.9866229786899483	0.9896978253961809	0.9856947395474566	0.9864870725876473	0.9855125948893803	1.0	0.9890514701501459	0.9865231727680851	0.9896508192521448	0.9852248290038466	0.9911482953151671
0.9853364385113729	0.9954811722406343	0.9955990226358414	0.9924869772596834	0.9867887737053355	0.9941871094052683	0.991998795436515	0.9852158193878789	0.9894080172845816	0.9777875981263193	0.9885457356619997	0.9897256468747744	0.9887995728890151	0.9803622764652808	0.9853364385113729	0.9794624532993478	0.9936612363730655	0.987547907114475	0.9850137977479224	0.9963837530291408	0.9977346369336741	0.9924869772596834	0.9883632186885156	0.9965842102589254	0.988979695702624	0.9885821180492059	0.9738712046518235	0.9881428551606639	0.9896553263627424	0.9823116522920345	0.9737501191723645	0.9793662766291937	0.9794144003806458	0.9743803259590595	0.9896201098149302	0.9878467248124038	0.9827488250618166	0.9876976549780863	0.9890514701501459	1.0	0.989158839689053	0.9872463520093806	0.9820908575914307	0.9891230886791116
0.9891045226181682	0.9884032689859712	0.9879053979926401	0.9878275692606878	0.9899144409222325	0.9887463509144545	0.986605232346483	0.9920691252406837	0.9920813694948536	0.9902049356189646	0.9859948408947239	0.9867936438804992	0.9869335329227376	0.9932734777024552	0.9867770255458603	0.9870674620618367	0.9889013230246967	0.9936156576079058	0.9910654966116373	0.9879568123658743	0.9882443122886255	0.9895115798116605	0.9857076922511951	0.9874473449786005	0.9886831877085676	0.9933487561045052	0.9915813148509902	0.9920870983432901	0.992085240807703	0.9824081824128413	0.9869379487747205	0.9889556219838586	0.9863777437052349	0.9942554542883658	0.9864104168840508	0.9935350786539744	0.9894545488401961	0.9927822710513134	0.9865231727680851	0.989158839689053	1.0	0.9861869333058758	0.9858902709727144	0.9878116574788481
0.986652003244561	0.9888721597286195	0.9895340158433339	0.9858248276525996	0.9863139259202265	0.9894167973441099	0.9906159797041413	0.9820283210819566	0.9855856297439259	0.9806266155610588	0.9891574406429919	0.9914876219690352	0.9901139410627228	0.9827516230618476	0.9839908465904007	0.9787356779716546	0.9884879032268943	0.983628784390589	0.9824904855017451	0.9888482745034828	0.9899063402609968	0.9881235469241619	0.9877798057486739	0.9893933035690713	0.9885120509721104	0.9849193089760762	0.9794214426866672	0.9848114316207328	0.9857435553928514	0.9812478972554934	0.9856103907202999	0.9852541591884679	0.9841849256264491	0.982759915022175	0.990976363130183	0.9838520645514448	0.9834280881447621	0.9849462230180985	0.9896508192521448	0.9872463520093806	0.9861869333058758	1.0	0.9834208876974571	0.9903202441700106
