/home/jshaw/scratch/2022_sketched_distance/references/SGB_genome_fastas_part4/6728/DavidLA_2015__LD-Run1-06__bin.19.fa	/home/jshaw/scratch/2022_sketched_distance/references/SGB_genome_fastas_part4/6728/HeQ_2017__SZAXPI029578-96__bin.24.fa	/home/jshaw/scratch/2022_sketched_distance/references/SGB_genome_fastas_part4/6728/OhJ_2014__MET0119__bin.18.fa	/home/jshaw/scratch/2022_sketched_distance/references/SGB_genome_fastas_part4/6728/OhJ_2014__MET0131__bin.6.fa	/home/jshaw/scratch/2022_sketched_distance/references/SGB_genome_fastas_part4/6728/OhJ_2014__MET0251__bin.82.fa	/home/jshaw/scratch/2022_sketched_distance/references/SGB_genome_fastas_part4/6728/VincentC_2016__MM001.4__bin.3.fa	/home/jshaw/scratch/2022_sketched_distance/references/SGB_genome_fastas_part4/6728/VincentC_2016__MM016.1__bin.15.fa	/home/jshaw/scratch/2022_sketched_distance/references/SGB_genome_fastas_part4/6728/VincentC_2016__MM017__bin.15.fa	/home/jshaw/scratch/2022_sketched_distance/references/SGB_genome_fastas_part4/6728/VincentC_2016__MM020.1__bin.11.fa	/home/jshaw/scratch/2022_sketched_distance/references/SGB_genome_fastas_part4/6728/VincentC_2016__MM020.2__bin.4.fa	/home/jshaw/scratch/2022_sketched_distance/references/SGB_genome_fastas_part4/6728/VincentC_2016__MM020.3__bin.15.fa	/home/jshaw/scratch/2022_sketched_distance/references/SGB_genome_fastas_part4/6728/VincentC_2016__MM021.1__bin.15.fa	/home/jshaw/scratch/2022_sketched_distance/references/SGB_genome_fastas_part4/6728/VincentC_2016__MM029.1__bin.1.fa	/home/jshaw/scratch/2022_sketched_distance/references/SGB_genome_fastas_part4/6728/VincentC_2016__MM029.2__bin.3.fa	/home/jshaw/scratch/2022_sketched_distance/references/SGB_genome_fastas_part4/6728/VincentC_2016__MM029.3__bin.32.fa	/home/jshaw/scratch/2022_sketched_distance/references/SGB_genome_fastas_part4/6728/VincentC_2016__MM034.1__bin.12.fa	/home/jshaw/scratch/2022_sketched_distance/references/SGB_genome_fastas_part4/6728/VincentC_2016__MM048.2__bin.15.fa	/home/jshaw/scratch/2022_sketched_distance/references/SGB_genome_fastas_part4/6728/VincentC_2016__MM052.1__bin.13.fa	/home/jshaw/scratch/2022_sketched_distance/references/SGB_genome_fastas_part4/6728/VincentC_2016__MM052.2__bin.2.fa	/home/jshaw/scratch/2022_sketched_distance/references/SGB_genome_fastas_part4/6728/VincentC_2016__MM056.1__bin.5.fa	/home/jshaw/scratch/2022_sketched_distance/references/SGB_genome_fastas_part4/6728/VincentC_2016__MM058.1__bin.41.fa	/home/jshaw/scratch/2022_sketched_distance/references/SGB_genome_fastas_part4/6728/VincentC_2016__MM060.1__bin.5.fa	/home/jshaw/scratch/2022_sketched_distance/references/SGB_genome_fastas_part4/6728/VincentC_2016__MM060.2__bin.6.fa	/home/jshaw/scratch/2022_sketched_distance/references/SGB_genome_fastas_part4/6728/VincentC_2016__MM061__bin.15.fa	/home/jshaw/scratch/2022_sketched_distance/references/SGB_genome_fastas_part4/6728/VincentC_2016__MM075.2__bin.2.fa	/home/jshaw/scratch/2022_sketched_distance/references/SGB_genome_fastas_part4/6728/VincentC_2016__MM094.1__bin.6.fa
1.0	0.9779004154480163	0.973329628520327	0.9735022270889717	0.9723921232873415	0.974949976324467	0.9699764241569331	0.9741208198670323	0.9732909171748477	0.9713711746421957	0.9747122882993364	0.9707817949453948	0.9718910222245165	0.9435574049277474	0.9386892099271759	0.9760683988296862	0.9746653922363748	0.9723650630070737	0.9727174168255032	0.9742739354778146	0.9739239435479504	0.9728425605998584	0.9730823442346658	0.954762128909439	0.936181969252861	0.9712807392667828
0.9779004154480163	1.0	0.9808669076756193	0.9803758770763725	0.9797874736666411	0.9780936401855237	0.9761891923380791	0.9813803938571144	0.9798343372964606	0.976228393798678	0.9785458554277938	0.9796464840566869	0.9795902700262002	0.9648082041205646	0.9669113243997942	0.9764714480007584	0.9807570632265992	0.9805766649291158	0.9775116193006879	0.9791898477952214	0.9812035556551518	0.9803580268375082	0.9803387620605769	0.9712857891492447	0.9634755498066833	0.9778773996674015
0.973329628520327	0.9808669076756193	1.0	0.9810867267681848	0.9797597148209519	0.9789330272545986	0.9761463673292393	0.9819187887894337	0.9804611627932611	0.975568914531157	0.9795016996433396	0.9819408903063995	0.9801258745228312	0.9655544555144696	0.9668030429868216	0.9758896821759963	0.980935513452289	0.9820999395088811	0.979107392259856	0.9800313878946707	0.9810820318986281	0.9819093486835725	0.9822687060705216	0.9729281676944705	0.9653498178916738	0.9784937106640152
0.9735022270889717	0.9803758770763725	0.9810867267681848	1.0	0.9804369810569197	0.9794048648390633	0.9766239738785755	0.981253205784229	0.9797767488586012	0.9769422155864699	0.9796586603500962	0.9799316390569087	0.9805877877678895	0.9668446227977907	0.967187362536379	0.9766570355533972	0.9813754838429417	0.9809073930366875	0.979064677846843	0.9801460944022297	0.9805589469332253	0.9808394360109506	0.9814700086038304	0.972170664885851	0.9653363417677507	0.9786780961644559
0.9723921232873415	0.9797874736666411	0.9797597148209519	0.9804369810569197	1.0	0.9802110945785154	0.9760360379906782	0.9795328444879589	0.9792622584920143	0.9775435518695434	0.9795006082959314	0.9796014317752946	0.978559594679813	0.9684741637956013	0.9682342072440029	0.979094960097165	0.9804830523549172	0.9821502257790119	0.9797174577438941	0.9808323050576709	0.9795821189058157	0.9802855940368292	0.9806061994723513	0.9746498156696505	0.965393332132371	0.9792579166235995
0.974949976324467	0.9780936401855237	0.9789330272545986	0.9794048648390633	0.9802110945785154	1.0	0.9746830875905748	0.979237421424451	0.9787325771865741	0.976555645923041	0.9807107752526237	0.9796338005548781	0.9772328233203645	0.960143891987602	0.9595406471209414	0.9808618315434618	0.9805200705456174	0.9800393683511964	0.9785284744461444	0.9795904459542006	0.9802004510555992	0.9803308339492469	0.9806371477024924	0.9694133999313885	0.958422903328404	0.9772660378329012
0.9699764241569331	0.9761891923380791	0.9761463673292393	0.9766239738785755	0.9760360379906782	0.9746830875905748	1.0	0.9763655241304254	0.9738858588090151	0.9711658355219313	0.9736611295798561	0.9764882693857602	0.9744581900999881	0.959566891309878	0.9595185237018152	0.9725768677502964	0.976489324875262	0.976914291945026	0.9743932205127062	0.9753865780961091	0.9755110525615738	0.9763832924430842	0.9766052734230292	0.9661130836880879	0.9569739694874682	0.9736046903845489
0.9741208198670323	0.9813803938571144	0.9819187887894337	0.981253205784229	0.9795328444879589	0.979237421424451	0.9763655241304254	1.0	0.9805033552792162	0.976273624640254	0.9799635049285056	0.9821098413070289	0.9805698733868428	0.967273966807302	0.9692704309443324	0.9758291685471664	0.9809109518550968	0.9815290687584797	0.9784791716431942	0.9794858933808674	0.9820742253525543	0.98168908630849	0.9816290825960978	0.9731372837319264	0.9651380529568462	0.9786707638002328
0.9732909171748477	0.9798343372964606	0.9804611627932611	0.9797767488586012	0.9792622584920143	0.9787325771865741	0.9738858588090151	0.9805033552792162	1.0	0.9821098413070289	0.9960558795150297	0.9793853577840914	0.9796825678071491	0.9670973245515422	0.9659647538550068	0.9767179484847419	0.9807610084594086	0.9805300303341383	0.9781348748448834	0.9786757778677373	0.9801705360538681	0.9805361566054284	0.9802766326709976	0.971974424135286	0.9645436846462637	0.9777692814939852
0.9713711746421957	0.976228393798678	0.975568914531157	0.9769422155864699	0.9775435518695434	0.976555645923041	0.9711658355219313	0.976273624640254	0.9821098413070289	1.0	0.982595130871299	0.9764062689855684	0.9753898122611415	0.9634662307750017	0.9620650701862795	0.9851014171421184	0.9777583655969053	0.9769542540530677	0.9766208583688938	0.976825851616025	0.9769704652948633	0.9764365594800274	0.9766247929544342	0.9723581992718124	0.9603232261888189	0.9741542910720001
0.9747122882993364	0.9785458554277938	0.9795016996433396	0.9796586603500962	0.9795006082959314	0.9807107752526237	0.9736611295798561	0.9799635049285056	0.9960558795150297	0.982595130871299	1.0	0.979072065323333	0.9786188735806322	0.9637984973068305	0.96165091332605	0.9780888419106808	0.9806114819465921	0.9795379292886371	0.9790617844919121	0.9807706480526525	0.9793649589763745	0.9798206461804414	0.9798833136135945	0.9696135228482199	0.9594963280375826	0.9770896046728695
0.9707817949453948	0.9796464840566869	0.9819408903063995	0.9799316390569087	0.9796014317752946	0.9796338005548781	0.9764882693857602	0.9821098413070289	0.9793853577840914	0.9764062689855684	0.979072065323333	1.0	0.9790080761166056	0.9657696576746554	0.9675623017196688	0.9767445452301117	0.9799772110605407	0.9817345714231507	0.9786080769536437	0.9789729651533325	0.9814928868935885	0.9822101344589244	0.9819745152477226	0.9731311630898515	0.9656595508564937	0.9776684290832063
0.9718910222245165	0.9795902700262002	0.9801258745228312	0.9805877877678895	0.978559594679813	0.9772328233203645	0.9744581900999881	0.9805698733868428	0.9796825678071491	0.9753898122611415	0.9786188735806322	0.9790080761166056	1.0	0.9777888737438148	0.9792078225215209	0.9749503688305219	0.9805499156980925	0.9801428285618932	0.977798797031479	0.9779219707113826	0.9801392625706092	0.9797973387814677	0.9798956871841781	0.9720139717354946	0.9645102207418499	0.9779902444254237
0.9435574049277474	0.9648082041205646	0.9655544555144696	0.9668446227977907	0.9684741637956013	0.960143891987602	0.959566891309878	0.967273966807302	0.9670973245515422	0.9634662307750017	0.9637984973068305	0.9657696576746554	0.9777888737438148	1.0	0.9880880718165	0.9536733472531227	0.9679959427326864	0.9670890901925451	0.9636860615221012	0.9634783594586502	0.9684930719244131	0.9676724568989531	0.9672496501136287	0.9753528759591448	0.9740907454345118	0.9647548636258603
0.9386892099271759	0.9669113243997942	0.9668030429868216	0.967187362536379	0.9682342072440029	0.9595406471209414	0.9595185237018152	0.9692704309443324	0.9659647538550068	0.9620650701862795	0.96165091332605	0.9675623017196688	0.9792078225215209	0.9880880718165	1.0	0.9475261515659026	0.9678573689060691	0.9667712465609087	0.9634121877554073	0.9630961015135786	0.9679739518849235	0.967770611540225	0.9679809735606728	0.9800615507596739	0.9823349783434467	0.9649140022398172
0.9760683988296862	0.9764714480007584	0.9758896821759963	0.9766570355533972	0.979094960097165	0.9808618315434618	0.9725768677502964	0.9758291685471664	0.9767179484847419	0.9851014171421184	0.9780888419106808	0.9767445452301117	0.9749503688305219	0.9536733472531227	0.9475261515659026	1.0	0.9779007088178622	0.9779832700986192	0.9772328044604391	0.9781771403503255	0.9762454378072932	0.9775751852036996	0.9777569837785103	0.969186539503413	0.9426160221690757	0.9740797816851766
0.9746653922363748	0.9807570632265992	0.980935513452289	0.9813754838429417	0.9804830523549172	0.9805200705456174	0.976489324875262	0.9809109518550968	0.9807610084594086	0.9777583655969053	0.9806114819465921	0.9799772110605407	0.9805499156980925	0.9679959427326864	0.9678573689060691	0.9779007088178622	1.0	0.981432607867506	0.9795240171893903	0.9799808878272576	0.9819618103135209	0.9820091962183698	0.9821308990028934	0.973706762922224	0.9645492761851913	0.9788832908351263
0.9723650630070737	0.9805766649291158	0.9820999395088811	0.9809073930366875	0.9821502257790119	0.9800393683511964	0.976914291945026	0.9815290687584797	0.9805300303341383	0.9769542540530677	0.9795379292886371	0.9817345714231507	0.9801428285618932	0.9670890901925451	0.9667712465609087	0.9779832700986192	0.981432607867506	1.0	0.9949750631212939	0.9794564760246149	0.9815743752081092	0.9827396395129508	0.9826409060801351	0.9744173454877811	0.9636075384699634	0.9787158248853174
0.9727174168255032	0.9775116193006879	0.979107392259856	0.979064677846843	0.9797174577438941	0.9785284744461444	0.9743932205127062	0.9784791716431942	0.9781348748448834	0.9766208583688938	0.9790617844919121	0.9786080769536437	0.977798797031479	0.9636860615221012	0.9634121877554073	0.9772328044604391	0.9795240171893903	0.9949750631212939	1.0	0.9777272583155744	0.9786807247449846	0.9791657623019928	0.9795801055044453	0.9703174275108839	0.9604785357266424	0.9774961201489865
0.9742739354778146	0.9791898477952214	0.9800313878946707	0.9801460944022297	0.9808323050576709	0.9795904459542006	0.9753865780961091	0.9794858933808674	0.9786757778677373	0.976825851616025	0.9807706480526525	0.9789729651533325	0.9779219707113826	0.9634783594586502	0.9630961015135786	0.9781771403503255	0.9799808878272576	0.9794564760246149	0.9777272583155744	1.0	0.9790589217225544	0.9794943578936256	0.9792188796471745	0.969510563395956	0.9606118579682515	0.9773839391364275
0.9739239435479504	0.9812035556551518	0.9810820318986281	0.9805589469332253	0.9795821189058157	0.9802004510555992	0.9755110525615738	0.9820742253525543	0.9801705360538681	0.9769704652948633	0.9793649589763745	0.9814928868935885	0.9801392625706092	0.9684930719244131	0.9679739518849235	0.9762454378072932	0.9819618103135209	0.9815743752081092	0.9786807247449846	0.9790589217225544	1.0	0.9825032203110863	0.9821150259967135	0.9738716406165603	0.9665261822039318	0.9776594787065713
0.9728425605998584	0.9803580268375082	0.9819093486835725	0.9808394360109506	0.9802855940368292	0.9803308339492469	0.9763832924430842	0.98168908630849	0.9805361566054284	0.9764365594800274	0.9798206461804414	0.9822101344589244	0.9797973387814677	0.9676724568989531	0.967770611540225	0.9775751852036996	0.9820091962183698	0.9827396395129508	0.9791657623019928	0.9794943578936256	0.9825032203110863	1.0	0.9982280465864276	0.9743404904469617	0.9648804396426407	0.9786129635425848
0.9730823442346658	0.9803387620605769	0.9822687060705216	0.9814700086038304	0.9806061994723513	0.9806371477024924	0.9766052734230292	0.9816290825960978	0.9802766326709976	0.9766247929544342	0.9798833136135945	0.9819745152477226	0.9798956871841781	0.9672496501136287	0.9679809735606728	0.9777569837785103	0.9821308990028934	0.9826409060801351	0.9795801055044453	0.9792188796471745	0.9821150259967135	0.9982280465864276	1.0	0.974995744883684	0.9653152373673511	0.9786875075262673
0.954762128909439	0.9712857891492447	0.9729281676944705	0.972170664885851	0.9746498156696505	0.9694133999313885	0.9661130836880879	0.9731372837319264	0.971974424135286	0.9723581992718124	0.9696135228482199	0.9731311630898515	0.9720139717354946	0.9753528759591448	0.9800615507596739	0.969186539503413	0.973706762922224	0.9744173454877811	0.9703174275108839	0.969510563395956	0.9738716406165603	0.9743404904469617	0.974995744883684	1.0	0.977660801640582	0.9712062657151438
0.936181969252861	0.9634755498066833	0.9653498178916738	0.9653363417677507	0.965393332132371	0.958422903328404	0.9569739694874682	0.9651380529568462	0.9645436846462637	0.9603232261888189	0.9594963280375826	0.9656595508564937	0.9645102207418499	0.9740907454345118	0.9823349783434467	0.9426160221690757	0.9645492761851913	0.9636075384699634	0.9604785357266424	0.9606118579682515	0.9665261822039318	0.9648804396426407	0.9653152373673511	0.977660801640582	1.0	0.9643403382089604
0.9712807392667828	0.9778773996674015	0.9784937106640152	0.9786780961644559	0.9792579166235995	0.9772660378329012	0.9736046903845489	0.9786707638002328	0.9777692814939852	0.9741542910720001	0.9770896046728695	0.9776684290832063	0.9779902444254237	0.9647548636258603	0.9649140022398172	0.9740797816851766	0.9788832908351263	0.9787158248853174	0.9774961201489865	0.9773839391364275	0.9776594787065713	0.9786129635425848	0.9786875075262673	0.9712062657151438	0.9643403382089604	1.0
