/home/jshaw/scratch/2022_sketched_distance/references/SGB_genome_fastas_part4/6371/Bengtsson-PalmeJ_2015__TRAVELRES18__bin.23.fa	/home/jshaw/scratch/2022_sketched_distance/references/SGB_genome_fastas_part4/6371/Bengtsson-PalmeJ_2015__TRAVELRES27__bin.43.fa	/home/jshaw/scratch/2022_sketched_distance/references/SGB_genome_fastas_part4/6371/Bengtsson-PalmeJ_2015__TRAVELRES28__bin.101.fa	/home/jshaw/scratch/2022_sketched_distance/references/SGB_genome_fastas_part4/6371/BritoIL_2016__M1.25.ST__bin.89.fa	/home/jshaw/scratch/2022_sketched_distance/references/SGB_genome_fastas_part4/6371/BritoIL_2016__M1.52.ST__bin.24.fa	/home/jshaw/scratch/2022_sketched_distance/references/SGB_genome_fastas_part4/6371/BritoIL_2016__M2.60.ST__bin.64.fa	/home/jshaw/scratch/2022_sketched_distance/references/SGB_genome_fastas_part4/6371/BritoIL_2016__W1.26.ST__bin.34.fa	/home/jshaw/scratch/2022_sketched_distance/references/SGB_genome_fastas_part4/6371/BritoIL_2016__W3.19.ST__bin.49.fa	/home/jshaw/scratch/2022_sketched_distance/references/SGB_genome_fastas_part4/6371/CM_madagascar__V48_03_2FE__bin.32.fa	/home/jshaw/scratch/2022_sketched_distance/references/SGB_genome_fastas_part4/6371/FengQ_2015__SID31282__bin.48.fa	/home/jshaw/scratch/2022_sketched_distance/references/SGB_genome_fastas_part4/6371/HMP_2012__SRS020328__bin.68.fa	/home/jshaw/scratch/2022_sketched_distance/references/SGB_genome_fastas_part4/6371/LeChatelierE_2013__MH0125__bin.33.fa	/home/jshaw/scratch/2022_sketched_distance/references/SGB_genome_fastas_part4/6371/LeChatelierE_2013__MH0292__bin.40.fa	/home/jshaw/scratch/2022_sketched_distance/references/SGB_genome_fastas_part4/6371/NielsenHB_2014__MH0125__bin.43.fa	/home/jshaw/scratch/2022_sketched_distance/references/SGB_genome_fastas_part4/6371/NielsenHB_2014__O2_UC37_2__bin.33.fa	/home/jshaw/scratch/2022_sketched_distance/references/SGB_genome_fastas_part4/6371/QinJ_2012__NLM032__bin.4.fa	/home/jshaw/scratch/2022_sketched_distance/references/SGB_genome_fastas_part4/6371/QinJ_2012__NOM007__bin.16.fa	/home/jshaw/scratch/2022_sketched_distance/references/SGB_genome_fastas_part4/6371/QinJ_2012__T2D-043__bin.19.fa	/home/jshaw/scratch/2022_sketched_distance/references/SGB_genome_fastas_part4/6371/XieH_2016__YSZC12003_35516__bin.8.fa	/home/jshaw/scratch/2022_sketched_distance/references/SGB_genome_fastas_part4/6371/XieH_2016__YSZC12003_35734__bin.45.fa	/home/jshaw/scratch/2022_sketched_distance/references/SGB_genome_fastas_part4/6371/XieH_2016__YSZC12003_36019__bin.1.fa	/home/jshaw/scratch/2022_sketched_distance/references/SGB_genome_fastas_part4/6371/XieH_2016__YSZC12003_36051__bin.40.fa	/home/jshaw/scratch/2022_sketched_distance/references/SGB_genome_fastas_part4/6371/XieH_2016__YSZC12003_36057__bin.33.fa	/home/jshaw/scratch/2022_sketched_distance/references/SGB_genome_fastas_part4/6371/XieH_2016__YSZC12003_36702__bin.50.fa	/home/jshaw/scratch/2022_sketched_distance/references/SGB_genome_fastas_part4/6371/XieH_2016__YSZC12003_37136__bin.27.fa	/home/jshaw/scratch/2022_sketched_distance/references/SGB_genome_fastas_part4/6371/XieH_2016__YSZC12003_37205__bin.56.fa	/home/jshaw/scratch/2022_sketched_distance/references/SGB_genome_fastas_part4/6371/XieH_2016__YSZC12003_37209__bin.2.fa	/home/jshaw/scratch/2022_sketched_distance/references/SGB_genome_fastas_part4/6371/XieH_2016__YSZC12003_37233__bin.26.fa	/home/jshaw/scratch/2022_sketched_distance/references/SGB_genome_fastas_part4/6371/XieH_2016__YSZC12003_37265R1__bin.12.fa	/home/jshaw/scratch/2022_sketched_distance/references/SGB_genome_fastas_part4/6371/XieH_2016__YSZC12003_37798__bin.29.fa	/home/jshaw/scratch/2022_sketched_distance/references/SGB_genome_fastas_part4/6371/ZeeviD_2015__PNP_Main_515__bin.19.fa	/home/jshaw/scratch/2022_sketched_distance/references/SGB_genome_fastas_part4/6371/ZeeviD_2015__PNP_Main_561__bin.55.fa	/home/jshaw/scratch/2022_sketched_distance/references/SGB_genome_fastas_part4/6371/ZeeviD_2015__PNP_Main_625__bin.7.fa	/home/jshaw/scratch/2022_sketched_distance/references/SGB_genome_fastas_part4/6371/ZellerG_2014__CCIS41222843ST-4-0__bin.24.fa	/home/jshaw/scratch/2022_sketched_distance/references/SGB_genome_fastas_part4/6371/ZellerG_2014__CCMD46947453ST-21-0__bin.72.fa
1.0	0.973894670247292	0.9754743544290894	0.9737222253613645	0.9758067915409102	0.9755947324156362	0.9749875138196377	0.9744734621723263	0.9739934247927412	0.9644295724062167	0.9749601900711006	0.9748937144465181	0.9731080993394446	0.9754157962251151	0.9728355205803783	0.9735791292982293	0.9714628694559249	0.9760698328254013	0.9761293799873672	0.976306592257538	0.9759558619828187	0.974095978827105	0.971241017197672	0.9754564831392895	0.9743546478186897	0.974550228177758	0.9727210305070385	0.976375470974691	0.9726871809228677	0.9744658196639207	0.9758253183440394	0.9753312913515447	0.9647955767755023	0.9686993428996142	0.9753146982755508
0.973894670247292	1.0	0.997368475397027	0.9797545737446082	0.9833826814562879	0.982198134127792	0.982104784905922	0.9809939367831848	0.9752209728517052	0.9711920215584663	0.9805470992356555	0.9807762933269154	0.977281788314396	0.9808073816582745	0.9811092897574141	0.9790179932357432	0.9764095053454875	0.9803006761344183	0.9830182626868363	0.98226312382592	0.9813962233434268	0.9776462236220339	0.9752366023880095	0.9803457943189344	0.9804099141163548	0.9825390727057252	0.9820548801959178	0.9818654707907231	0.9815301128957601	0.9790211782059238	0.9834481983267801	0.9817989461769693	0.969261938918228	0.9726968680264552	0.981057976995385
0.9754743544290894	0.997368475397027	1.0	0.9799613060328441	0.984212909467359	0.9831223194770301	0.9839185118428025	0.9819641922532782	0.9765326195579573	0.9718569680379704	0.9814059885647729	0.9816552231861159	0.9785344812865164	0.9818142447788298	0.9825624363703754	0.9802055682538034	0.9777491934024113	0.9813729658160464	0.984176777044515	0.9832888513600961	0.9827134918998731	0.9787481825298908	0.976332211858933	0.9819097917889579	0.9817769441880397	0.9834667903079933	0.9837216028676833	0.9829943242045474	0.9827245891802874	0.9801830927245323	0.984453112092826	0.98279244920674	0.970214391094839	0.9740942190897777	0.9819474711736049
0.9737222253613645	0.9797545737446082	0.9799613060328441	1.0	0.9826063822705141	0.9917190448304953	0.9806962106362636	0.9919541870788662	0.9757918743109594	0.969287562010573	0.9791364669149445	0.9853504679042983	0.9760394287885074	0.9854862129644678	0.9791803817361643	0.9785421799518748	0.9755454744702984	0.9786440371770613	0.9812730654249147	0.9803461901240358	0.9812390999725684	0.9770978408527882	0.9731957553012867	0.9778319215221308	0.9781331365227306	0.9809740043715115	0.9800162689948027	0.9795403128767772	0.9798132301789984	0.9776270866014383	0.9813770310826785	0.9874115604962788	0.9664657816992654	0.9708060389140925	0.9791967974388275
0.9758067915409102	0.9833826814562879	0.984212909467359	0.9826063822705141	1.0	0.9854573392914112	0.9844053343220242	0.9838468017907182	0.9768791868067509	0.9722762696479652	0.9837819828822016	0.984237387917941	0.9798630137594249	0.9843230729555306	0.9830364214406316	0.9793998602084067	0.9791612806062195	0.9821149098686546	0.9861943556578056	0.9825120993299038	0.9833251186839578	0.9813372158226034	0.9767956126552371	0.9836094041803447	0.9832870613778603	0.9855462414968007	0.9822329394028043	0.9860350634491485	0.9824067427610071	0.9800820345252131	0.9931322792278372	0.9848657840503147	0.9693116623035171	0.9748242080039937	0.9835563090031058
0.9755947324156362	0.982198134127792	0.9831223194770301	0.9917190448304953	0.9854573392914112	1.0	0.9839824756875797	0.992195971363886	0.9775029616770878	0.9723579385576601	0.9814319446269951	0.9868910206483034	0.9795698449887636	0.9868289418517525	0.9820065136376035	0.9801898908505038	0.9781144318647191	0.9810145622371098	0.9852199171278392	0.9825399894661555	0.9836901265208399	0.9801152067569685	0.9749544735679941	0.9805592598204694	0.9801620833300416	0.9842138999661453	0.983852764927145	0.9815093023806699	0.9834335714349244	0.9805445210993318	0.9847820022487015	0.9886434638549161	0.9682779298869829	0.9732111359304244	0.9821505602807717
0.9749875138196377	0.982104784905922	0.9839185118428025	0.9806962106362636	0.9844053343220242	0.9839824756875797	1.0	0.9829927730883062	0.9776634327890855	0.9702736904101261	0.9814224675249361	0.9815687587555213	0.9801959031525298	0.9816911111027928	0.9819794257541278	0.9794126422664361	0.9778605838828757	0.9816755988280798	0.9833991112056414	0.9812577571473007	0.9830183199214022	0.9803597856017677	0.9751775594143128	0.9813596475442385	0.9811057703522408	0.9835232632410276	0.9856736762214597	0.9834975174861776	0.9855511379247157	0.9785639513142371	0.9835417876353566	0.9823433190223267	0.9679480032410515	0.9732457581628219	0.9808684485345599
0.9744734621723263	0.9809939367831848	0.9819641922532782	0.9919541870788662	0.9838468017907182	0.992195971363886	0.9829927730883062	1.0	0.9766488696953173	0.9707210830416761	0.9804253247025139	0.987164177071438	0.9796164010041014	0.9871683223561062	0.9808202822808547	0.9797035336634059	0.9779063232422358	0.9803337462299488	0.9836149703175258	0.982195533651572	0.9828261962197006	0.9780194753455708	0.9744235932982983	0.9798788702596893	0.978872207477457	0.9825825788680782	0.982392563415158	0.9804699589106496	0.9824572168281939	0.9786838858093488	0.9837129898838854	0.9892908785872182	0.9672014209913706	0.9725431247262534	0.980619401183013
0.9739934247927412	0.9752209728517052	0.9765326195579573	0.9757918743109594	0.9768791868067509	0.9775029616770878	0.9776634327890855	0.9766488696953173	1.0	0.9648544684470294	0.9743428606968042	0.9765999099523105	0.9754500754360179	0.9765040499957387	0.9756181496776835	0.9765159049212967	0.9748103110190333	0.9778993858510983	0.9771689485192612	0.9754962176149974	0.9775407772914261	0.9782704623988401	0.9721876429564383	0.9754819885907603	0.9751900296839674	0.9767325350421212	0.974550755904156	0.9772912198300759	0.9734434848065909	0.9746012390060728	0.9765681010458928	0.9767957424057234	0.9650497549195702	0.9711949698606186	0.9757402252796743
0.9644295724062167	0.9711920215584663	0.9718569680379704	0.969287562010573	0.9722762696479652	0.9723579385576601	0.9702736904101261	0.9707210830416761	0.9648544684470294	1.0	0.9724637974272408	0.9721017494536863	0.9669812148236814	0.9723358784460209	0.9744107315559483	0.9684693321033494	0.9667628853994429	0.9714260787048652	0.9784195063410169	0.9705091217449712	0.9736783350335634	0.9671129241686454	0.9650928488490561	0.9718651308034436	0.9710772259729371	0.9749468414639606	0.9707999828776673	0.9721734844749622	0.97044090777326	0.9694115801885589	0.9748148474991716	0.9716680336128526	0.9544033539176713	0.9642081227163036	0.9713083406189453
0.9749601900711006	0.9805470992356555	0.9814059885647729	0.9791364669149445	0.9837819828822016	0.9814319446269951	0.9814224675249361	0.9804253247025139	0.9743428606968042	0.9724637974272408	1.0	0.9805824506679921	0.9778025218487769	0.9806800504192633	0.9801377383460548	0.9783458221148867	0.9771421641723209	0.9803350513509546	0.9829644385152616	0.9817110380547935	0.9812482748071835	0.9784675274265661	0.975768403671485	0.9805611285137554	0.9876425550243235	0.9827942195657626	0.9805759536786257	0.9909844810921925	0.9809232999717403	0.9776908417147873	0.9836437893009911	0.981059024090555	0.9677528129852371	0.9734069538215239	0.9897566710448108
0.9748937144465181	0.9807762933269154	0.9816552231861159	0.9853504679042983	0.984237387917941	0.9868910206483034	0.9815687587555213	0.987164177071438	0.9765999099523105	0.9721017494536863	0.9805824506679921	1.0	0.9780499044322042	0.9984012074068672	0.9815338023164317	0.9783633037704044	0.9766322635630269	0.9804190093352266	0.9839387246737881	0.9831884181549481	0.9823676713967212	0.979275700629347	0.9749170427638979	0.9804622556311323	0.9801678980720805	0.983465163417445	0.9810768723677599	0.9817482949875369	0.9806956415731349	0.979539765279296	0.9838696954083992	0.9938065779235604	0.9677002909862817	0.9736469582182034	0.9812397777031341
0.9731080993394446	0.977281788314396	0.9785344812865164	0.9760394287885074	0.9798630137594249	0.9795698449887636	0.9801959031525298	0.9796164010041014	0.9754500754360179	0.9669812148236814	0.9778025218487769	0.9780499044322042	1.0	0.978122230445511	0.9766423390062712	0.9848168940630454	0.9849915491845503	0.981843607819147	0.9790124421239914	0.9784689478937717	0.9784255447003077	0.9772367171802314	0.9724499017376554	0.9774062945703692	0.9791439195626034	0.9790005925649016	0.978938191402879	0.9800917094328704	0.9787643513156321	0.9761721177237814	0.9793405269502842	0.9787436819941584	0.9659486341556361	0.9717411848945033	0.9782586110010447
0.9754157962251151	0.9808073816582745	0.9818142447788298	0.9854862129644678	0.9843230729555306	0.9868289418517525	0.9816911111027928	0.9871683223561062	0.9765040499957387	0.9723358784460209	0.9806800504192633	0.9984012074068672	0.978122230445511	1.0	0.98168692303595	0.9785209220324593	0.9769018314631677	0.980701421409866	0.9842541357467909	0.9832474267167927	0.9827304415159929	0.9796076552289144	0.9753633805245785	0.9808932420386328	0.9803265013861521	0.9835924169750476	0.9811860986878115	0.9820584542174302	0.9808953897249726	0.9797914737860224	0.9840106409058107	0.9938036530360503	0.9684116175321029	0.9736052212642775	0.9813811244766765
0.9728355205803783	0.9811092897574141	0.9825624363703754	0.9791803817361643	0.9830364214406316	0.9820065136376035	0.9819794257541278	0.9808202822808547	0.9756181496776835	0.9744107315559483	0.9801377383460548	0.9815338023164317	0.9766423390062712	0.98168692303595	1.0	0.9776513494322814	0.9758142421682199	0.9807216546163736	0.9865768920550904	0.9799775973330608	0.9834553318498133	0.9780320847708989	0.9750983813255348	0.9804054749187098	0.982446933840341	0.9858773694496878	0.9821669429450904	0.9830147951016462	0.9808406391612042	0.9796705875064392	0.9830727033106524	0.9815867132466419	0.965376873674001	0.9723850662204457	0.9802510557215274
0.9735791292982293	0.9790179932357432	0.9802055682538034	0.9785421799518748	0.9793998602084067	0.9801898908505038	0.9794126422664361	0.9797035336634059	0.9765159049212967	0.9684693321033494	0.9783458221148867	0.9783633037704044	0.9848168940630454	0.9785209220324593	0.9776513494322814	1.0	0.986132906943698	0.9825949207129093	0.9800454669518212	0.9790167668151356	0.979759394161608	0.9774007919400275	0.9726210868566227	0.9776915237413515	0.9780865664861431	0.9794798966785794	0.978316523675633	0.9797770635452075	0.9778701376794773	0.9754567492045617	0.9795406885228928	0.9799648509970905	0.9693742977445883	0.9727868797724196	0.9785924200114123
0.9714628694559249	0.9764095053454875	0.9777491934024113	0.9755454744702984	0.9791612806062195	0.9781144318647191	0.9778605838828757	0.9779063232422358	0.9748103110190333	0.9667628853994429	0.9771421641723209	0.9766322635630269	0.9849915491845503	0.9769018314631677	0.9758142421682199	0.986132906943698	1.0	0.9817235302258988	0.9784264729845776	0.9769806500452987	0.9780718137817482	0.9766171471729875	0.9705443586827929	0.976263906316669	0.9769750926239408	0.9774096660664402	0.97745301449667	0.9797038503235254	0.9779769754679594	0.9736840973617968	0.9772529639420473	0.977181563526855	0.9661663332051399	0.9703465239140959	0.9765431079754907
0.9760698328254013	0.9803006761344183	0.9813729658160464	0.9786440371770613	0.9821149098686546	0.9810145622371098	0.9816755988280798	0.9803337462299488	0.9778993858510983	0.9714260787048652	0.9803350513509546	0.9804190093352266	0.981843607819147	0.980701421409866	0.9807216546163736	0.9825949207129093	0.9817235302258988	1.0	0.982725118898104	0.9817214406637217	0.9824993477016756	0.9799290111559483	0.975744453197801	0.9807284169935485	0.9813426503963465	0.9817903210400244	0.9807753381228008	0.98293179602177	0.9799336235162691	0.9797744619681398	0.9815012940090033	0.9801456353249843	0.9686973489287103	0.9746186134358475	0.9801981267110386
0.9761293799873672	0.9830182626868363	0.984176777044515	0.9812730654249147	0.9861943556578056	0.9852199171278392	0.9833991112056414	0.9836149703175258	0.9771689485192612	0.9784195063410169	0.9829644385152616	0.9839387246737881	0.9790124421239914	0.9842541357467909	0.9865768920550904	0.9800454669518212	0.9784264729845776	0.982725118898104	1.0	0.9834990444540471	0.986622114378682	0.9803771288143078	0.9783920509351105	0.9839736800643376	0.9827689369132002	0.9865535683443233	0.9833687513617815	0.9845408718670967	0.9828439971814154	0.980565823419801	0.9860528663815713	0.9836267631480861	0.969209546681581	0.9749810705441244	0.983704315730512
0.976306592257538	0.98226312382592	0.9832888513600961	0.9803461901240358	0.9825120993299038	0.9825399894661555	0.9812577571473007	0.982195533651572	0.9754962176149974	0.9705091217449712	0.9817110380547935	0.9831884181549481	0.9784689478937717	0.9832474267167927	0.9799775973330608	0.9790167668151356	0.9769806500452987	0.9817214406637217	0.9834990444540471	1.0	0.9829031280311687	0.9789950798830135	0.9754571494503914	0.9819776128960219	0.9807895633514788	0.9834893803421408	0.9817469270423145	0.9821969019349469	0.9812689157031549	0.9797892248930465	0.9830027274455837	0.9837720797012991	0.9681656516511963	0.9750899332892164	0.9821427571474137
0.9759558619828187	0.9813962233434268	0.9827134918998731	0.9812390999725684	0.9833251186839578	0.9836901265208399	0.9830183199214022	0.9828261962197006	0.9775407772914261	0.9736783350335634	0.9812482748071835	0.9823676713967212	0.9784255447003077	0.9827304415159929	0.9834553318498133	0.979759394161608	0.9780718137817482	0.9824993477016756	0.986622114378682	0.9829031280311687	1.0	0.9802099879349383	0.97677145851636	0.9816631695488702	0.9816399986212943	0.983775257393129	0.981757407747293	0.9837657823242368	0.9808439459742986	0.979633977466582	0.9840739150527759	0.9835990776382285	0.9708370831726142	0.9743679441765309	0.9815154679563979
0.974095978827105	0.9776462236220339	0.9787481825298908	0.9770978408527882	0.9813372158226034	0.9801152067569685	0.9803597856017677	0.9780194753455708	0.9782704623988401	0.9671129241686454	0.9784675274265661	0.979275700629347	0.9772367171802314	0.9796076552289144	0.9780320847708989	0.9774007919400275	0.9766171471729875	0.9799290111559483	0.9803771288143078	0.9789950798830135	0.9802099879349383	1.0	0.9758568579535603	0.979445937390816	0.9783554220229412	0.981117067985852	0.9787797454632408	0.9802953304296917	0.9781301475002568	0.9763865811428049	0.9801898473160829	0.9787321889209624	0.9670498909336708	0.9741302392718968	0.978638401966466
0.971241017197672	0.9752366023880095	0.976332211858933	0.9731957553012867	0.9767956126552371	0.9749544735679941	0.9751775594143128	0.9744235932982983	0.9721876429564383	0.9650928488490561	0.975768403671485	0.9749170427638979	0.9724499017376554	0.9753633805245785	0.9750983813255348	0.9726210868566227	0.9705443586827929	0.975744453197801	0.9783920509351105	0.9754571494503914	0.97677145851636	0.9758568579535603	1.0	0.9748050996375316	0.9764068641610867	0.9766164911929693	0.9750365996475167	0.9765381925391098	0.9738723163435852	0.975287612883854	0.9765811794558376	0.9748927057153886	0.9735379551182223	0.9756942386483378	0.9756137176371941
0.9754564831392895	0.9803457943189344	0.9819097917889579	0.9778319215221308	0.9836094041803447	0.9805592598204694	0.9813596475442385	0.9798788702596893	0.9754819885907603	0.9718651308034436	0.9805611285137554	0.9804622556311323	0.9774062945703692	0.9808932420386328	0.9804054749187098	0.9776915237413515	0.976263906316669	0.9807284169935485	0.9839736800643376	0.9819776128960219	0.9816631695488702	0.979445937390816	0.9748050996375316	1.0	0.9816273243448627	0.9827013127490374	0.9805282605034031	0.9833191601166641	0.9795835964377144	0.9786008979580622	0.9828968129374577	0.9805547165128213	0.9673319835363253	0.9723952964905161	0.9807934986093435
0.9743546478186897	0.9804099141163548	0.9817769441880397	0.9781331365227306	0.9832870613778603	0.9801620833300416	0.9811057703522408	0.978872207477457	0.9751900296839674	0.9710772259729371	0.9876425550243235	0.9801678980720805	0.9791439195626034	0.9803265013861521	0.982446933840341	0.9780865664861431	0.9769750926239408	0.9813426503963465	0.9827689369132002	0.9807895633514788	0.9816399986212943	0.9783554220229412	0.9764068641610867	0.9816273243448627	1.0	0.9822902975891702	0.9801256087693333	0.994372914780269	0.9796719244907682	0.9808591629092764	0.9821337969595901	0.9800095910801734	0.966080162924785	0.973152921541361	0.9881541080851937
0.974550228177758	0.9825390727057252	0.9834667903079933	0.9809740043715115	0.9855462414968007	0.9842138999661453	0.9835232632410276	0.9825825788680782	0.9767325350421212	0.9749468414639606	0.9827942195657626	0.983465163417445	0.9790005925649016	0.9835924169750476	0.9858773694496878	0.9794798966785794	0.9774096660664402	0.9817903210400244	0.9865535683443233	0.9834893803421408	0.983775257393129	0.981117067985852	0.9766164911929693	0.9827013127490374	0.9822902975891702	1.0	0.9837756858053357	0.9839250505001091	0.9829960747581226	0.9809678433435982	0.985000265200712	0.9836097352804795	0.968216483509288	0.9755124840285881	0.9831413935892143
0.9727210305070385	0.9820548801959178	0.9837216028676833	0.9800162689948027	0.9822329394028043	0.983852764927145	0.9856736762214597	0.982392563415158	0.974550755904156	0.9707999828776673	0.9805759536786257	0.9810768723677599	0.978938191402879	0.9811860986878115	0.9821669429450904	0.978316523675633	0.97745301449667	0.9807753381228008	0.9833687513617815	0.9817469270423145	0.981757407747293	0.9787797454632408	0.9750365996475167	0.9805282605034031	0.9801256087693333	0.9837756858053357	1.0	0.9820598173651994	0.9963648199727558	0.9779259789456493	0.9823177983408178	0.9824933515602375	0.9672779557529988	0.9725474148125373	0.9798852181055183
0.976375470974691	0.9818654707907231	0.9829943242045474	0.9795403128767772	0.9860350634491485	0.9815093023806699	0.9834975174861776	0.9804699589106496	0.9772912198300759	0.9721734844749622	0.9909844810921925	0.9817482949875369	0.9800917094328704	0.9820584542174302	0.9830147951016462	0.9797770635452075	0.9797038503235254	0.98293179602177	0.9845408718670967	0.9821969019349469	0.9837657823242368	0.9802953304296917	0.9765381925391098	0.9833191601166641	0.994372914780269	0.9839250505001091	0.9820598173651994	1.0	0.9818063960776477	0.9795428607678126	0.9839575924188394	0.9819093486835725	0.9680596620067228	0.9746406359990261	0.9890434646611918
0.9726871809228677	0.9815301128957601	0.9827245891802874	0.9798132301789984	0.9824067427610071	0.9834335714349244	0.9855511379247157	0.9824572168281939	0.9734434848065909	0.97044090777326	0.9809232999717403	0.9806956415731349	0.9787643513156321	0.9808953897249726	0.9808406391612042	0.9778701376794773	0.9779769754679594	0.9799336235162691	0.9828439971814154	0.9812689157031549	0.9808439459742986	0.9781301475002568	0.9738723163435852	0.9795835964377144	0.9796719244907682	0.9829960747581226	0.9963648199727558	0.9818063960776477	1.0	0.9773894550634186	0.9821610498515931	0.9819100690182898	0.9661258540814658	0.9716152190528297	0.9800190407236229
0.9744658196639207	0.9790211782059238	0.9801830927245323	0.9776270866014383	0.9800820345252131	0.9805445210993318	0.9785639513142371	0.9786838858093488	0.9746012390060728	0.9694115801885589	0.9776908417147873	0.979539765279296	0.9761721177237814	0.9797914737860224	0.9796705875064392	0.9754567492045617	0.9736840973617968	0.9797744619681398	0.980565823419801	0.9797892248930465	0.979633977466582	0.9763865811428049	0.975287612883854	0.9786008979580622	0.9808591629092764	0.9809678433435982	0.9779259789456493	0.9795428607678126	0.9773894550634186	1.0	0.9800301733235952	0.9796296087281327	0.9663079786972456	0.971634155152265	0.9780400560503731
0.9758253183440394	0.9834481983267801	0.984453112092826	0.9813770310826785	0.9931322792278372	0.9847820022487015	0.9835417876353566	0.9837129898838854	0.9765681010458928	0.9748148474991716	0.9836437893009911	0.9838696954083992	0.9793405269502842	0.9840106409058107	0.9830727033106524	0.9795406885228928	0.9772529639420473	0.9815012940090033	0.9860528663815713	0.9830027274455837	0.9840739150527759	0.9801898473160829	0.9765811794558376	0.9828968129374577	0.9821337969595901	0.985000265200712	0.9823177983408178	0.9839575924188394	0.9821610498515931	0.9800301733235952	1.0	0.9847773697458045	0.9692946140245379	0.9748541024145079	0.9839210593510275
0.9753312913515447	0.9817989461769693	0.98279244920674	0.9874115604962788	0.9848657840503147	0.9886434638549161	0.9823433190223267	0.9892908785872182	0.9767957424057234	0.9716680336128526	0.981059024090555	0.9938065779235604	0.9787436819941584	0.9938036530360503	0.9815867132466419	0.9799648509970905	0.977181563526855	0.9801456353249843	0.9836267631480861	0.9837720797012991	0.9835990776382285	0.9787321889209624	0.9748927057153886	0.9805547165128213	0.9800095910801734	0.9836097352804795	0.9824933515602375	0.9819093486835725	0.9819100690182898	0.9796296087281327	0.9847773697458045	1.0	0.9693067879398182	0.9733351844948881	0.9813240797072899
0.9647955767755023	0.969261938918228	0.970214391094839	0.9664657816992654	0.9693116623035171	0.9682779298869829	0.9679480032410515	0.9672014209913706	0.9650497549195702	0.9544033539176713	0.9677528129852371	0.9677002909862817	0.9659486341556361	0.9684116175321029	0.965376873674001	0.9693742977445883	0.9661663332051399	0.9686973489287103	0.969209546681581	0.9681656516511963	0.9708370831726142	0.9670498909336708	0.9735379551182223	0.9673319835363253	0.966080162924785	0.968216483509288	0.9672779557529988	0.9680596620067228	0.9661258540814658	0.9663079786972456	0.9692946140245379	0.9693067879398182	1.0	0.9676985320514251	0.9675831140715693
0.9686993428996142	0.9726968680264552	0.9740942190897777	0.9708060389140925	0.9748242080039937	0.9732111359304244	0.9732457581628219	0.9725431247262534	0.9711949698606186	0.9642081227163036	0.9734069538215239	0.9736469582182034	0.9717411848945033	0.9736052212642775	0.9723850662204457	0.9727868797724196	0.9703465239140959	0.9746186134358475	0.9749810705441244	0.9750899332892164	0.9743679441765309	0.9741302392718968	0.9756942386483378	0.9723952964905161	0.973152921541361	0.9755124840285881	0.9725474148125373	0.9746406359990261	0.9716152190528297	0.971634155152265	0.9748541024145079	0.9733351844948881	0.9676985320514251	1.0	0.9740383965218518
0.9753146982755508	0.981057976995385	0.9819474711736049	0.9791967974388275	0.9835563090031058	0.9821505602807717	0.9808684485345599	0.980619401183013	0.9757402252796743	0.9713083406189453	0.9897566710448108	0.9812397777031341	0.9782586110010447	0.9813811244766765	0.9802510557215274	0.9785924200114123	0.9765431079754907	0.9801981267110386	0.983704315730512	0.9821427571474137	0.9815154679563979	0.978638401966466	0.9756137176371941	0.9807934986093435	0.9881541080851937	0.9831413935892143	0.9798852181055183	0.9890434646611918	0.9800190407236229	0.9780400560503731	0.9839210593510275	0.9813240797072899	0.9675831140715693	0.9740383965218518	1.0
