/home/jshaw/scratch/2022_sketched_distance/references/SGB_genome_fastas_part3/4711/Bengtsson-PalmeJ_2015__TRAVELRES54__bin.28.fa	/home/jshaw/scratch/2022_sketched_distance/references/SGB_genome_fastas_part3/4711/Bengtsson-PalmeJ_2015__TRAVELRES8__bin.55.fa	/home/jshaw/scratch/2022_sketched_distance/references/SGB_genome_fastas_part3/4711/ChengpingW_2017__AS45raw__bin.36.fa	/home/jshaw/scratch/2022_sketched_distance/references/SGB_genome_fastas_part3/4711/HeQ_2017__SZAXPI029491-89__bin.1.fa	/home/jshaw/scratch/2022_sketched_distance/references/SGB_genome_fastas_part3/4711/HeQ_2017__SZAXPI029561-52__bin.9.fa	/home/jshaw/scratch/2022_sketched_distance/references/SGB_genome_fastas_part3/4711/LeChatelierE_2013__MH0006__bin.33.fa	/home/jshaw/scratch/2022_sketched_distance/references/SGB_genome_fastas_part3/4711/LeChatelierE_2013__MH0316__bin.8.fa	/home/jshaw/scratch/2022_sketched_distance/references/SGB_genome_fastas_part3/4711/LiJ_2017__H1M412949__bin.25.fa	/home/jshaw/scratch/2022_sketched_distance/references/SGB_genome_fastas_part3/4711/LiJ_2017__H1M414905__bin.7.fa	/home/jshaw/scratch/2022_sketched_distance/references/SGB_genome_fastas_part3/4711/LiJ_2017__H1M512853__bin.15.fa	/home/jshaw/scratch/2022_sketched_distance/references/SGB_genome_fastas_part3/4711/LiJ_2017__H2M514818__bin.18.fa	/home/jshaw/scratch/2022_sketched_distance/references/SGB_genome_fastas_part3/4711/LiJ_2017__H3M516804__bin.42.fa	/home/jshaw/scratch/2022_sketched_distance/references/SGB_genome_fastas_part3/4711/LiJ_2017__nHF411719__bin.6.fa	/home/jshaw/scratch/2022_sketched_distance/references/SGB_genome_fastas_part3/4711/LiJ_2017__nHF512818__bin.22.fa	/home/jshaw/scratch/2022_sketched_distance/references/SGB_genome_fastas_part3/4711/LiJ_2017__nHM511738__bin.28.fa	/home/jshaw/scratch/2022_sketched_distance/references/SGB_genome_fastas_part3/4711/LiJ_2017__nHM511825__bin.51.fa	/home/jshaw/scratch/2022_sketched_distance/references/SGB_genome_fastas_part3/4711/NielsenHB_2014__MH0006__bin.62.fa	/home/jshaw/scratch/2022_sketched_distance/references/SGB_genome_fastas_part3/4711/QinJ_2012__CON-015__bin.44.fa	/home/jshaw/scratch/2022_sketched_distance/references/SGB_genome_fastas_part3/4711/QinJ_2012__CON-016__bin.30.fa	/home/jshaw/scratch/2022_sketched_distance/references/SGB_genome_fastas_part3/4711/QinN_2014__HD-19__bin.23.fa	/home/jshaw/scratch/2022_sketched_distance/references/SGB_genome_fastas_part3/4711/QinN_2014__LD-36__bin.31.fa	/home/jshaw/scratch/2022_sketched_distance/references/SGB_genome_fastas_part3/4711/WenC_2017__N253__bin.168.fa	/home/jshaw/scratch/2022_sketched_distance/references/SGB_genome_fastas_part3/4711/WenC_2017__RA058__bin.32.fa	/home/jshaw/scratch/2022_sketched_distance/references/SGB_genome_fastas_part3/4711/YuJ_2015__SZAXPI015233-19__bin.50.fa	/home/jshaw/scratch/2022_sketched_distance/references/SGB_genome_fastas_part3/4711/YuJ_2015__SZAXPI015237-23__bin.22.fa	/home/jshaw/scratch/2022_sketched_distance/references/SGB_genome_fastas_part3/4711/YuJ_2015__SZAXPI015273-95__bin.73.fa	/home/jshaw/scratch/2022_sketched_distance/references/SGB_genome_fastas_part3/4711/YuJ_2015__SZAXPI017582-94__bin.21.fa	/home/jshaw/scratch/2022_sketched_distance/references/SGB_genome_fastas_part3/4711/ZeeviD_2015__PNP_Validation_2__bin.26.fa	/home/jshaw/scratch/2022_sketched_distance/references/SGB_genome_fastas_part3/4711/ZellerG_2014__CCIS63448910ST-4-0__bin.32.fa	/home/jshaw/scratch/2022_sketched_distance/references/SGB_genome_fastas_part3/4711/ZellerG_2014__CCMD26709089ST-21-0__bin.19.fa
1.0	0.978438690547017	0.9779914985553264	0.9668926167856149	0.9761009269125591	0.9821312983404957	0.9761159705360987	0.9726850246974044	0.9783990375708176	0.9679082839490973	0.9704321470761461	0.9778242705985563	0.9739793071969363	0.9715747241509584	0.9726271659474033	0.9745893932940998	0.9814909707993371	0.9707097114579052	0.9786150174931526	0.9781071361919252	0.9770288225892313	0.9763666174288301	0.9700660582410799	0.9726935335655027	0.9765119756283431	0.9698607163036826	0.9723299256284991	0.9866573914754627	0.9841825797741709	0.980564074438383
0.978438690547017	1.0	0.9847131448475196	0.974813212189656	0.9838647012417465	0.9746455810578702	0.968803928331635	0.9802577273696877	0.9813334037769729	0.9760637848569437	0.9741648673613664	0.9840015869312283	0.980937955612058	0.978892244720858	0.9800265247420143	0.9804546351647225	0.9740394267254452	0.9786709327323939	0.9848050028021321	0.984889778903854	0.9848877563934031	0.9820098748301576	0.9756437840244281	0.9817960133193347	0.9835345376544772	0.9772048323960525	0.9811359403090256	0.9769383923268639	0.9773816764352876	0.9841298250262311
0.9779914985553264	0.9847131448475196	1.0	0.9785323958450864	0.9848389730370355	0.9743243375487617	0.9677286890682419	0.9828965387585528	0.9833800228695175	0.9781100901166446	0.9769058581452681	0.9872816459581377	0.9838341703097387	0.9853322391165167	0.98607751704548	0.9841505265917544	0.9737587858990092	0.9815103206495261	0.9879496722545349	0.9875433484242114	0.986718399616851	0.9848457947013547	0.9778814324784235	0.983104798688751	0.9856083193618569	0.9795119453842943	0.9825481336516046	0.9771248921174851	0.9771479469869621	0.9872652947795928
0.9668926167856149	0.974813212189656	0.9785323958450864	1.0	0.97688084964621	0.9659154835100129	0.9602897170131448	0.9788546253613598	0.9729442274580629	0.9728472769427221	0.9709868515239632	0.9762006643890614	0.9856401086912844	0.9744325894567832	0.9758829192600189	0.9744577753136222	0.9658188727833186	0.9736543299033908	0.9776928853314126	0.9772541888636929	0.9762284039417066	0.9776188904804479	0.9711879044977569	0.9759295298626023	0.9758675268974291	0.9716441708441084	0.97456077968959	0.9661894800214325	0.9670570099145994	0.9755158799040572
0.9761009269125591	0.9838647012417465	0.9848389730370355	0.97688084964621	1.0	0.9724374001168362	0.9655151677245397	0.9810866271848235	0.9809755985515932	0.9776087616132403	0.9741965033165995	0.98481099931635	0.9828133507360313	0.9800860062531479	0.9811352150205346	0.9821933664605326	0.9715287785957075	0.9783157416429248	0.9861642855499078	0.9850628988068992	0.9853448505951523	0.9838659041495027	0.9766569374157991	0.9882225005919979	0.9849312530829348	0.9782914595930261	0.9821031863641865	0.9745118908288586	0.9751922806736344	0.9848419033573295
0.9821312983404957	0.9746455810578702	0.9743243375487617	0.9659154835100129	0.9724374001168362	1.0	0.9761044203228065	0.9701509025189322	0.9740415180586066	0.9671878328870025	0.9674939772941068	0.972675994299668	0.9712113545345257	0.9688267185757446	0.9699325191549523	0.9714965218168042	0.9918383942029908	0.9679253531281308	0.9740336805907853	0.9737431677369377	0.9718399234739272	0.9728572235465849	0.9670184979329209	0.9700146599043837	0.9714183826899484	0.9676283462347346	0.9685114460801042	0.982831024763375	0.9802925634588678	0.975379671048149
0.9761159705360987	0.968803928331635	0.9677286890682419	0.9602897170131448	0.9655151677245397	0.9761044203228065	1.0	0.9650409856784841	0.9685769924634097	0.9607514924709271	0.961532040464391	0.9670847871120266	0.9640971666283257	0.9620947316134707	0.9628361936461542	0.9647643613735778	0.9761184325132114	0.9639954552528491	0.9677539534913214	0.9679603290024124	0.9659078274790661	0.9667519819355478	0.9637533293264696	0.9633573612139004	0.9640697316930789	0.9629903843545801	0.9623375943282516	0.9782753737378723	0.9736422109998947	0.969316713016049
0.9726850246974044	0.9802577273696877	0.9828965387585528	0.9788546253613598	0.9810866271848235	0.9701509025189322	0.9650409856784841	1.0	0.9784465956385818	0.9769735574481403	0.9752503435260272	0.9824862275865397	0.9851811836982783	0.9789461668493089	0.9800213058716049	0.978900878302385	0.9699993539147707	0.9779203520765554	0.9820773452138223	0.9830496785352489	0.9808163673264967	0.9803567367117946	0.9757212809827188	0.9796518931060194	0.9805898380115742	0.9761134665749639	0.9788512056504668	0.9714631300145499	0.9716152359621383	0.9809750484529292
0.9783990375708176	0.9813334037769729	0.9833800228695175	0.9729442274580629	0.9809755985515932	0.9740415180586066	0.9685769924634097	0.9784465956385818	1.0	0.9734441750461608	0.9755669145929932	0.9831105270230616	0.9797954546303614	0.9773590263608649	0.9784657809365693	0.9812242917723487	0.9732788280012855	0.9752555634516223	0.9826039614789623	0.9826832975493754	0.9817396853563946	0.983310743566343	0.9748711501392153	0.9779256412877106	0.9812917844923496	0.9753831789002604	0.9781929228116949	0.9776351959759468	0.977877705565608	0.9868936022408208
0.9679082839490973	0.9760637848569437	0.9781100901166446	0.9728472769427221	0.9776087616132403	0.9671878328870025	0.9607514924709271	0.9769735574481403	0.9734441750461608	1.0	0.9771780410363814	0.9770588079013285	0.9796123328670202	0.9791165560342188	0.980476114212509	0.9744344308066923	0.9656490409197143	0.9753543896803886	0.977554939741528	0.9785840544720785	0.9763634198907533	0.9771469543478896	0.972976926025758	0.9759650660745708	0.975565362007158	0.9710777975585956	0.9750941932002025	0.9666206792408807	0.967033970353456	0.9761556090074682
0.9704321470761461	0.9741648673613664	0.9769058581452681	0.9709868515239632	0.9741965033165995	0.9674939772941068	0.961532040464391	0.9752503435260272	0.9755669145929932	0.9771780410363814	1.0	0.9756224524480828	0.9781004341705454	0.9792608589835098	0.9807584725422385	0.9728526911747744	0.9681128567078325	0.9716130997904372	0.9750160379161448	0.9754862477268765	0.9737954176555088	0.9768412297588945	0.9710754572888493	0.9721489493648068	0.9726866054969162	0.9678264917213897	0.9714709478133722	0.9691445983539847	0.9703178102402985	0.9776942492722014
0.9778242705985563	0.9840015869312283	0.9872816459581377	0.9762006643890614	0.98481099931635	0.972675994299668	0.9670847871120266	0.9824862275865397	0.9831105270230616	0.9770588079013285	0.9756224524480828	1.0	0.9823913855853275	0.9802826364305393	0.9816586136468426	0.9840631008977879	0.9723290955008446	0.978757691894571	0.9875232267917953	0.9877066642303335	0.9875030103081575	0.9840940416808597	0.9767523844847426	0.9816228936476438	0.985802497263058	0.981197860930365	0.9817924336567211	0.9765636053700711	0.9770755198942219	0.9863962130765411
0.9739793071969363	0.980937955612058	0.9838341703097387	0.9856401086912844	0.9828133507360313	0.9712113545345257	0.9640971666283257	0.9851811836982783	0.9797954546303614	0.9796123328670202	0.9781004341705454	0.9823913855853275	1.0	0.9821922400312795	0.9834566026806681	0.9807643134247062	0.9709037049900648	0.9786369554747991	0.9841071489065246	0.9835354677134234	0.9825600128873009	0.9828917518914578	0.9766854531427106	0.9808611869511648	0.9826767316360981	0.9760221820937576	0.980852709924196	0.9726896420192807	0.9732713396720596	0.9824906513352801
0.9715747241509584	0.978892244720858	0.9853322391165167	0.9744325894567832	0.9800860062531479	0.9688267185757446	0.9620947316134707	0.9789461668493089	0.9773590263608649	0.9791165560342188	0.9792608589835098	0.9802826364305393	0.9821922400312795	1.0	0.9913604425164904	0.9779205848075612	0.968476575004962	0.9761925300616974	0.9810388818027969	0.9818529692670589	0.9795685825908655	0.9795505827634267	0.9740139503110309	0.9780908401915727	0.9786800475913466	0.9736345390272031	0.9770062113097425	0.970122723648948	0.970715423756482	0.9806393480636291
0.9726271659474033	0.9800265247420143	0.98607751704548	0.9758829192600189	0.9811352150205346	0.9699325191549523	0.9628361936461542	0.9800213058716049	0.9784657809365693	0.980476114212509	0.9807584725422385	0.9816586136468426	0.9834566026806681	0.9913604425164904	1.0	0.9791475239647993	0.969470644859247	0.9775064510917679	0.9825698856772773	0.9828804770442824	0.9809182018262711	0.9808745337456606	0.9750761526573605	0.9793235149457288	0.9801561886432834	0.9743844137574401	0.9783593697178666	0.9711343238004548	0.9720787534267149	0.981799526845741
0.9745893932940998	0.9804546351647225	0.9841505265917544	0.9744577753136222	0.9821933664605326	0.9714965218168042	0.9647643613735778	0.978900878302385	0.9812242917723487	0.9744344308066923	0.9728526911747744	0.9840631008977879	0.9807643134247062	0.9779205848075612	0.9791475239647993	1.0	0.9705230324270374	0.9846383874808251	0.9842000929481448	0.983914303020663	0.9830585991757209	0.98103900982335	0.980495379337026	0.9797118312074808	0.9815222682785597	0.9769652031854192	0.9782626963975147	0.9748686051563167	0.9734362026188864	0.9837507541712909
0.9814909707993371	0.9740394267254452	0.9737587858990092	0.9658188727833186	0.9715287785957075	0.9918383942029908	0.9761184325132114	0.9699993539147707	0.9732788280012855	0.9656490409197143	0.9681128567078325	0.9723290955008446	0.9709037049900648	0.968476575004962	0.969470644859247	0.9705230324270374	1.0	0.9676241133048598	0.9734393193264331	0.9733714372748818	0.9713182378372253	0.9721018989564187	0.9670746616076649	0.969892757854979	0.9708496982480788	0.967543074521601	0.9694385473817082	0.9820172382916538	0.9800812577611382	0.9748050018255966
0.9707097114579052	0.9786709327323939	0.9815103206495261	0.9736543299033908	0.9783157416429248	0.9679253531281308	0.9639954552528491	0.9779203520765554	0.9752555634516223	0.9753543896803886	0.9716130997904372	0.978757691894571	0.9786369554747991	0.9761925300616974	0.9775064510917679	0.9846383874808251	0.9676241133048598	1.0	0.9798654636430492	0.9813870442296841	0.9777810641427409	0.9784435650724893	0.9814638794345149	0.9776127897377694	0.9774908214016294	0.9756313655243054	0.9773303662262072	0.9687901090046983	0.9686798116716463	0.9792003960980671
0.9786150174931526	0.9848050028021321	0.9879496722545349	0.9776928853314126	0.9861642855499078	0.9740336805907853	0.9677539534913214	0.9820773452138223	0.9826039614789623	0.977554939741528	0.9750160379161448	0.9875232267917953	0.9841071489065246	0.9810388818027969	0.9825698856772773	0.9842000929481448	0.9734393193264331	0.9798654636430492	1.0	0.9874399679016527	0.9880543992399	0.9847115368860073	0.9785197246647162	0.9838384456006555	0.9870837399029789	0.9787212553745647	0.9826338454609502	0.9775522578659954	0.9770650020852562	0.9871523391951083
0.9781071361919252	0.984889778903854	0.9875433484242114	0.9772541888636929	0.9850628988068992	0.9737431677369377	0.9679603290024124	0.9830496785352489	0.9826832975493754	0.9785840544720785	0.9754862477268765	0.9877066642303335	0.9835354677134234	0.9818529692670589	0.9828804770442824	0.983914303020663	0.9733714372748818	0.9813870442296841	0.9874399679016527	1.0	0.9859639225901237	0.9843572781874709	0.9778051247942018	0.982937896673189	0.9853091694391773	0.9803969692884185	0.9822946237683238	0.9769203744107857	0.9766704744626381	0.98739573622964
0.9770288225892313	0.9848877563934031	0.986718399616851	0.9762284039417066	0.9853448505951523	0.9718399234739272	0.9659078274790661	0.9808163673264967	0.9817396853563946	0.9763634198907533	0.9737954176555088	0.9875030103081575	0.9825600128873009	0.9795685825908655	0.9809182018262711	0.9830585991757209	0.9713182378372253	0.9777810641427409	0.9880543992399	0.9859639225901237	1.0	0.983408216849988	0.976094908997464	0.9827014984972693	0.9872703540257807	0.977005127715251	0.9828553178341122	0.975837699460024	0.9754127008266343	0.9845924448474392
0.9763666174288301	0.9820098748301576	0.9848457947013547	0.9776188904804479	0.9838659041495027	0.9728572235465849	0.9667519819355478	0.9803567367117946	0.983310743566343	0.9771469543478896	0.9768412297588945	0.9840940416808597	0.9828917518914578	0.9795505827634267	0.9808745337456606	0.98103900982335	0.9721018989564187	0.9784435650724893	0.9847115368860073	0.9843572781874709	0.983408216849988	1.0	0.9769686345622379	0.9815280107587886	0.9824877983881682	0.9785522795112499	0.9804303175941566	0.9749055527208068	0.9759104306144983	0.9844702216128514
0.9700660582410799	0.9756437840244281	0.9778814324784235	0.9711879044977569	0.9766569374157991	0.9670184979329209	0.9637533293264696	0.9757212809827188	0.9748711501392153	0.972976926025758	0.9710754572888493	0.9767523844847426	0.9766854531427106	0.9740139503110309	0.9750761526573605	0.980495379337026	0.9670746616076649	0.9814638794345149	0.9785197246647162	0.9778051247942018	0.976094908997464	0.9769686345622379	1.0	0.9738902231697141	0.975934221936265	0.9707028137236201	0.9742415907232895	0.9689990611191598	0.9684408871663984	0.9780469449134944
0.9726935335655027	0.9817960133193347	0.983104798688751	0.9759295298626023	0.9882225005919979	0.9700146599043837	0.9633573612139004	0.9796518931060194	0.9779256412877106	0.9759650660745708	0.9721489493648068	0.9816228936476438	0.9808611869511648	0.9780908401915727	0.9793235149457288	0.9797118312074808	0.969892757854979	0.9776127897377694	0.9838384456006555	0.982937896673189	0.9827014984972693	0.9815280107587886	0.9738902231697141	1.0	0.9820191452094384	0.9764175660424492	0.9799853941717547	0.9711319052838375	0.971204253972599	0.9814510986329187
0.9765119756283431	0.9835345376544772	0.9856083193618569	0.9758675268974291	0.9849312530829348	0.9714183826899484	0.9640697316930789	0.9805898380115742	0.9812917844923496	0.975565362007158	0.9726866054969162	0.985802497263058	0.9826767316360981	0.9786800475913466	0.9801561886432834	0.9815222682785597	0.9708496982480788	0.9774908214016294	0.9870837399029789	0.9853091694391773	0.9872703540257807	0.9824877983881682	0.975934221936265	0.9820191452094384	1.0	0.976172852794877	0.992909969845025	0.9751096279005415	0.974882275750843	0.9849899308913815
0.9698607163036826	0.9772048323960525	0.9795119453842943	0.9716441708441084	0.9782914595930261	0.9676283462347346	0.9629903843545801	0.9761134665749639	0.9753831789002604	0.9710777975585956	0.9678264917213897	0.981197860930365	0.9760221820937576	0.9736345390272031	0.9743844137574401	0.9769652031854192	0.967543074521601	0.9756313655243054	0.9787212553745647	0.9803969692884185	0.977005127715251	0.9785522795112499	0.9707028137236201	0.9764175660424492	0.976172852794877	1.0	0.9741596521939331	0.9685291848259762	0.9691836623881928	0.9781488430085575
0.9723299256284991	0.9811359403090256	0.9825481336516046	0.97456077968959	0.9821031863641865	0.9685114460801042	0.9623375943282516	0.9788512056504668	0.9781929228116949	0.9750941932002025	0.9714709478133722	0.9817924336567211	0.980852709924196	0.9770062113097425	0.9783593697178666	0.9782626963975147	0.9694385473817082	0.9773303662262072	0.9826338454609502	0.9822946237683238	0.9828553178341122	0.9804303175941566	0.9742415907232895	0.9799853941717547	0.992909969845025	0.9741596521939331	1.0	0.9708691858114609	0.9715373426563693	0.981859941644586
0.9866573914754627	0.9769383923268639	0.9771248921174851	0.9661894800214325	0.9745118908288586	0.982831024763375	0.9782753737378723	0.9714631300145499	0.9776351959759468	0.9666206792408807	0.9691445983539847	0.9765636053700711	0.9726896420192807	0.970122723648948	0.9711343238004548	0.9748686051563167	0.9820172382916538	0.9687901090046983	0.9775522578659954	0.9769203744107857	0.975837699460024	0.9749055527208068	0.9689990611191598	0.9711319052838375	0.9751096279005415	0.9685291848259762	0.9708691858114609	1.0	0.9841248913493557	0.9792700152326262
0.9841825797741709	0.9773816764352876	0.9771479469869621	0.9670570099145994	0.9751922806736344	0.9802925634588678	0.9736422109998947	0.9716152359621383	0.977877705565608	0.967033970353456	0.9703178102402985	0.9770755198942219	0.9732713396720596	0.970715423756482	0.9720787534267149	0.9734362026188864	0.9800812577611382	0.9686798116716463	0.9770650020852562	0.9766704744626381	0.9754127008266343	0.9759104306144983	0.9684408871663984	0.971204253972599	0.974882275750843	0.9691836623881928	0.9715373426563693	0.9841248913493557	1.0	0.9794689153913622
0.980564074438383	0.9841298250262311	0.9872652947795928	0.9755158799040572	0.9848419033573295	0.975379671048149	0.969316713016049	0.9809750484529292	0.9868936022408208	0.9761556090074682	0.9776942492722014	0.9863962130765411	0.9824906513352801	0.9806393480636291	0.981799526845741	0.9837507541712909	0.9748050018255966	0.9792003960980671	0.9871523391951083	0.98739573622964	0.9845924448474392	0.9844702216128514	0.9780469449134944	0.9814510986329187	0.9849899308913815	0.9781488430085575	0.981859941644586	0.9792700152326262	0.9794689153913622	1.0
