/home/jshaw/scratch/2022_sketched_distance/references/SGB_genome_fastas_part5/17364/BritoIL_2016__M1.15.ST__bin.46.fa	/home/jshaw/scratch/2022_sketched_distance/references/SGB_genome_fastas_part5/17364/BritoIL_2016__M1.16.ST__bin.55.fa	/home/jshaw/scratch/2022_sketched_distance/references/SGB_genome_fastas_part5/17364/BritoIL_2016__M1.3.ST__bin.24.fa	/home/jshaw/scratch/2022_sketched_distance/references/SGB_genome_fastas_part5/17364/BritoIL_2016__M1.44.ST__bin.58.fa	/home/jshaw/scratch/2022_sketched_distance/references/SGB_genome_fastas_part5/17364/BritoIL_2016__M1.48.ST__bin.83.fa	/home/jshaw/scratch/2022_sketched_distance/references/SGB_genome_fastas_part5/17364/BritoIL_2016__M1.61.ST__bin.83.fa	/home/jshaw/scratch/2022_sketched_distance/references/SGB_genome_fastas_part5/17364/BritoIL_2016__M2.39.ST__bin.9.fa	/home/jshaw/scratch/2022_sketched_distance/references/SGB_genome_fastas_part5/17364/BritoIL_2016__W1.41.ST__bin.57.fa	/home/jshaw/scratch/2022_sketched_distance/references/SGB_genome_fastas_part5/17364/BritoIL_2016__W1.9.ST__bin.93.fa	/home/jshaw/scratch/2022_sketched_distance/references/SGB_genome_fastas_part5/17364/BritoIL_2016__W2.61.ST__bin.57.fa	/home/jshaw/scratch/2022_sketched_distance/references/SGB_genome_fastas_part5/17364/BritoIL_2016__W3.18.ST__bin.3.fa	/home/jshaw/scratch/2022_sketched_distance/references/SGB_genome_fastas_part5/17364/BritoIL_2016__W3.22.ST__bin.79.fa	/home/jshaw/scratch/2022_sketched_distance/references/SGB_genome_fastas_part5/17364/CM_madagascar__A39_01_1FE__bin.15.fa	/home/jshaw/scratch/2022_sketched_distance/references/SGB_genome_fastas_part5/17364/CM_madagascar__A40_02_1FE__bin.5.fa	/home/jshaw/scratch/2022_sketched_distance/references/SGB_genome_fastas_part5/17364/CM_madagascar__A68_01_1FE__bin.1.fa	/home/jshaw/scratch/2022_sketched_distance/references/SGB_genome_fastas_part5/17364/CosteaPI_2017__SID713A084-11-0-0__bin.43.fa	/home/jshaw/scratch/2022_sketched_distance/references/SGB_genome_fastas_part5/17364/CosteaPI_2017__SID713A084-11-90-0__bin.47.fa	/home/jshaw/scratch/2022_sketched_distance/references/SGB_genome_fastas_part5/17364/CosteaPI_2017__SID713A087-11-0-0__bin.38.fa	/home/jshaw/scratch/2022_sketched_distance/references/SGB_genome_fastas_part5/17364/CosteaPI_2017__SID713B016-11-0-0__bin.25.fa	/home/jshaw/scratch/2022_sketched_distance/references/SGB_genome_fastas_part5/17364/CosteaPI_2017__SID713B016-11-90-0__bin.6.fa	/home/jshaw/scratch/2022_sketched_distance/references/SGB_genome_fastas_part5/17364/LiJ_2014__MH0283__bin.10.fa	/home/jshaw/scratch/2022_sketched_distance/references/SGB_genome_fastas_part5/17364/LiuW_2016__SRR3992978__bin.12.fa	/home/jshaw/scratch/2022_sketched_distance/references/SGB_genome_fastas_part5/17364/LiuW_2016__SRR3992998__bin.92.fa	/home/jshaw/scratch/2022_sketched_distance/references/SGB_genome_fastas_part5/17364/Obregon-TitoAJ_2015__HCO12__bin.12.fa	/home/jshaw/scratch/2022_sketched_distance/references/SGB_genome_fastas_part5/17364/Obregon-TitoAJ_2015__HCO53__bin.12.fa	/home/jshaw/scratch/2022_sketched_distance/references/SGB_genome_fastas_part5/17364/Obregon-TitoAJ_2015__HCO61__bin.16.fa	/home/jshaw/scratch/2022_sketched_distance/references/SGB_genome_fastas_part5/17364/Obregon-TitoAJ_2015__SM23__bin.6.fa	/home/jshaw/scratch/2022_sketched_distance/references/SGB_genome_fastas_part5/17364/Obregon-TitoAJ_2015__SM33__bin.19.fa	/home/jshaw/scratch/2022_sketched_distance/references/SGB_genome_fastas_part5/17364/RampelliS_2015__H17__bin.51.fa	/home/jshaw/scratch/2022_sketched_distance/references/SGB_genome_fastas_part5/17364/VatanenT_2016__G80433__bin.12.fa	/home/jshaw/scratch/2022_sketched_distance/references/SGB_genome_fastas_part5/17364/XieH_2016__YSZC12003_36244__bin.125.fa	/home/jshaw/scratch/2022_sketched_distance/references/SGB_genome_fastas_part5/17364/ZeeviD_2015__PNP_Main_623__bin.11.fa	/home/jshaw/scratch/2022_sketched_distance/references/SGB_genome_fastas_part5/17364/ZeeviD_2015__PNP_Main_683__bin.41.fa
1.0	0.9842182922358131	0.9730858343774332	0.9720420032335261	0.9674810646268115	0.9716953412119891	0.9713783321977171	0.9715844633228169	0.9731809077541824	0.9717357095405116	0.9720782047105961	0.9718165636270005	0.9715316122372655	0.9683134642796861	0.9720901727663271	0.9725270383741634	0.9721155244690355	0.9727630581632947	0.9717200280111125	0.9711970819547913	0.9700092556043985	0.9736253405010006	0.9728436191408383	0.9667040547139358	0.9707032419229551	0.9709698463211879	0.97067928788774	0.9698105999587495	0.9690083115606348	0.9718621960558865	0.9724153332847506	0.9725792519781091	0.9716394571004314
0.9842182922358131	1.0	0.9859020857961257	0.9828929428030997	0.9752306398164239	0.9858648689649335	0.9822827908420244	0.9858373171378162	0.9867758913331718	0.9859861178329944	0.9860154778401891	0.9859014809002191	0.9839564745675325	0.9738740649566405	0.9853030533795509	0.9860277430036763	0.9853451621033981	0.9856152759592745	0.985804408307225	0.9853383447115105	0.977124883486485	0.9857370863945367	0.9855330918058975	0.9791053496686938	0.9800790818773559	0.9819187543172327	0.9839244538456006	0.9808723047301777	0.9760783246420958	0.9844801286441905	0.9853666656798363	0.9853550426085232	0.98488883348807
0.9730858343774332	0.9859020857961257	1.0	0.9952407400641512	0.9866767440930714	0.9861185575599036	0.9823834463815655	0.9858462941872042	0.9862050414066348	0.985852013453292	0.984979695064785	0.9861105751036718	0.9847496423857516	0.9738815964457694	0.9851435149771592	0.9854671480779033	0.9852136928339423	0.9855158152207915	0.985696244969722	0.9853299246933338	0.9777858980379326	0.9855277430946934	0.9853899855573196	0.9795711577833457	0.9806094018811696	0.9829037384378244	0.9838453074775835	0.9815436109392984	0.9778885363354327	0.9844505733458897	0.9852081088168128	0.985049296264777	0.9856243416687372
0.9720420032335261	0.9828929428030997	0.9952407400641512	1.0	0.9861234850280797	0.9827170089834057	0.9804621584723011	0.9827943172189909	0.9833940473585081	0.9828800708068591	0.9821948946049027	0.9825160970598747	0.9821335184599348	0.9719280179446091	0.9820972790482476	0.9825240647633126	0.9820944511127048	0.9830721548955778	0.982589982404775	0.9817802113244748	0.9748399522639387	0.982970552391043	0.9824868031910526	0.9769990863867047	0.9785800405762387	0.9798853848343557	0.9812459789074102	0.9791696289563177	0.9762646439949583	0.9813358493705839	0.9822324060224776	0.9819766325922687	0.982603888091515
0.9674810646268115	0.9752306398164239	0.9866767440930714	0.9861234850280797	1.0	0.9745950924736911	0.9732181226504842	0.9750221981297403	0.975396980396854	0.9745578047036155	0.9734828035338043	0.9745744365204595	0.9742211764965231	0.9694403384660578	0.9743053168772152	0.9746700984086204	0.9741893264015424	0.9759997364283345	0.9748713980935534	0.9740191403032682	0.9702777828644992	0.9751890471059335	0.9745391541086723	0.9695405191204131	0.9727434099934431	0.9735782705185281	0.9732331938417833	0.972537870227588	0.9718101945049389	0.9739595525501504	0.9738659857013094	0.9746142972927648	0.9742345618303144
0.9716953412119891	0.9858648689649335	0.9861185575599036	0.9827170089834057	0.9745950924736911	1.0	0.9814806824798714	0.9861079567824544	0.9861533616808585	0.9855030203565162	0.9850177799187361	0.9854490552614525	0.9837896010125494	0.9722328802042253	0.9837827020492751	0.9850912741639375	0.9847565690527642	0.9848051379413276	0.9848969484690888	0.9843399669584907	0.9763878225155596	0.9844557553148608	0.9844343766322885	0.9787209236821174	0.9794432152558497	0.981265871013999	0.9832044219301357	0.98021688695428	0.9750587680994324	0.9838138933007102	0.9842641237486083	0.9841360750956637	0.9842594603558453
0.9713783321977171	0.9822827908420244	0.9823834463815655	0.9804621584723011	0.9732181226504842	0.9814806824798714	1.0	0.9813222852455675	0.9824781788463947	0.9812899269521156	0.9818240974650617	0.9812424735494704	0.9805907418709372	0.971455981142597	0.9809974672598342	0.9815437687129557	0.981253205784229	0.9811439261509035	0.9812297990374854	0.9804995428135894	0.9748481832795196	0.9811930998208548	0.9805806105212601	0.9754653063997253	0.9767632340885288	0.9787030899305315	0.9798662866385639	0.97826694520271	0.9749317737784154	0.9800857715023114	0.9803799074198886	0.9813637715600889	0.980488879508142
0.9715844633228169	0.9858373171378162	0.9858462941872042	0.9827943172189909	0.9750221981297403	0.9861079567824544	0.9813222852455675	1.0	0.9854655699773572	0.9851245837935769	0.984881754886705	0.9855249672445319	0.9827025621579152	0.972263712510935	0.9838337391248831	0.9855021609169684	0.9851657752564402	0.9846078584065097	0.9853229353205378	0.9848381515769795	0.9756104374315016	0.984699183093326	0.984743446545301	0.9788061878313616	0.978489693687174	0.9808362398488366	0.9830833716607604	0.9803952775205907	0.9754582203932772	0.9831428442774314	0.9848807211318573	0.9842609571896895	0.9845364197312297
0.9731809077541824	0.9867758913331718	0.9862050414066348	0.9833940473585081	0.975396980396854	0.9861533616808585	0.9824781788463947	0.9854655699773572	1.0	0.985255606601159	0.9859360257642124	0.9855700365105058	0.9846355327709814	0.9740020791667076	0.9852624807694456	0.9860901919308281	0.9855418362536799	0.985672708532911	0.9857986136076256	0.9850619767522368	0.9770654907265339	0.9852590103630903	0.9856933394366858	0.9794727363894432	0.9793761943655493	0.9815955065295162	0.9839086373798672	0.9816087437665558	0.9765596544839567	0.9845783852699832	0.9855004434786562	0.9848529059004831	0.9854665758903992
0.9717357095405116	0.9859861178329944	0.985852013453292	0.9828800708068591	0.9745578047036155	0.9855030203565162	0.9812899269521156	0.9851245837935769	0.985255606601159	1.0	0.9848061381694037	0.9859626423103638	0.9831059778466814	0.9726006127995607	0.9840102183574465	0.9847547348428334	0.9842669773575007	0.984700304544672	0.9842956829525578	0.9839162644170212	0.9748754481379707	0.984517704976714	0.9845527398676095	0.9786843455738625	0.9784216147114225	0.9811279768122244	0.9831067065282831	0.9801927820158836	0.9748473990660529	0.9835869652658386	0.9846300128614942	0.9840478895112394	0.9847758304860096
0.9720782047105961	0.9860154778401891	0.984979695064785	0.9821948946049027	0.9734828035338043	0.9850177799187361	0.9818240974650617	0.984881754886705	0.9859360257642124	0.9848061381694037	1.0	0.9850173536947225	0.9839369865646812	0.9721482876592822	0.9842334841854992	0.9857758153708943	0.9851232137992205	0.9851888165776252	0.9856797245224693	0.9851214094440314	0.9758815796539606	0.9845199867633684	0.9851335963738258	0.9789595918373795	0.9790548743206494	0.9809900349601426	0.983966747269634	0.9803658232464666	0.9757856809165748	0.9835901298503242	0.9845742400967303	0.9842934078263975	0.9850099183840807
0.9718165636270005	0.9859014809002191	0.9861105751036718	0.9825160970598747	0.9745744365204595	0.9854490552614525	0.9812424735494704	0.9855249672445319	0.9855700365105058	0.9859626423103638	0.9850173536947225	1.0	0.9836116589604034	0.9733844037077803	0.9848721847690306	0.9854348606796062	0.98505048088795	0.9848505486073438	0.985052486408154	0.9844314207659413	0.9752812110724518	0.9848818079859863	0.9851049028817559	0.9786732905677786	0.9799394425826286	0.9814913360999881	0.9836238204549854	0.9806951149811586	0.9757856809165748	0.9840523152211649	0.9851766723009973	0.9847588031018214	0.9854977839345229
0.9715316122372655	0.9839564745675325	0.9847496423857516	0.9821335184599348	0.9742211764965231	0.9837896010125494	0.9805907418709372	0.9827025621579152	0.9846355327709814	0.9831059778466814	0.9839369865646812	0.9836116589604034	1.0	0.9731875064618148	0.9840598023140537	0.9845758485076035	0.9844960277496194	0.9842877940814104	0.9835842093828732	0.9826509094929191	0.9771135958588941	0.983581200898505	0.9833815275874999	0.9783549752889115	0.9791710342525041	0.9810761605000003	0.9835617000231339	0.983530403831	0.9756760173448327	0.9834055743911152	0.9828931402101534	0.9834736194857219	0.9836405762160063
0.9683134642796861	0.9738740649566405	0.9738815964457694	0.9719280179446091	0.9694403384660578	0.9722328802042253	0.971455981142597	0.972263712510935	0.9740020791667076	0.9726006127995607	0.9721482876592822	0.9733844037077803	0.9731875064618148	1.0	0.9736966495430055	0.9738425112187374	0.9733311767221141	0.9732556352135049	0.972345769366784	0.9717140153965304	0.9711845564644658	0.9727817564007135	0.9721956299730435	0.9672216623437607	0.9729855117024693	0.9729695914913217	0.9718221944990092	0.9703490386653714	0.9703121791377017	0.9722535227423087	0.9729045775007384	0.9726676201278994	0.9727290008504169
0.9720901727663271	0.9853030533795509	0.9851435149771592	0.9820972790482476	0.9743053168772152	0.9837827020492751	0.9809974672598342	0.9838337391248831	0.9852624807694456	0.9840102183574465	0.9842334841854992	0.9848721847690306	0.9840598023140537	0.9736966495430055	1.0	0.9848220894360126	0.9842139718384719	0.9841195466299145	0.9842453693641918	0.9836092718082101	0.9765378516591704	0.984392947713811	0.9846443086673167	0.977883090551447	0.9793814074850076	0.981217766199445	0.9835641371374425	0.9808028493423714	0.9761735053786811	0.9833827126067156	0.9840331786625756	0.9840029020773406	0.9843613196526231
0.9725270383741634	0.9860277430036763	0.9854671480779033	0.9825240647633126	0.9746700984086204	0.9850912741639375	0.9815437687129557	0.9855021609169684	0.9860901919308281	0.9847547348428334	0.9857758153708943	0.9854348606796062	0.9845758485076035	0.9738425112187374	0.9848220894360126	1.0	0.9979956562866321	0.9863646828246453	0.9880331111741937	0.9877018255816229	0.9773307861998684	0.9854349044979963	0.9853325986372737	0.9795288999269935	0.9806063965734596	0.9821332732894431	0.9846424664065296	0.9812978003175872	0.976532826784975	0.9844398591732182	0.9854196668291234	0.9853949606039624	0.9856365550392275
0.9721155244690355	0.9853451621033981	0.9852136928339423	0.9820944511127048	0.9741893264015424	0.9847565690527642	0.981253205784229	0.9851657752564402	0.9855418362536799	0.9842669773575007	0.9851232137992205	0.98505048088795	0.9844960277496194	0.9733311767221141	0.9842139718384719	0.9979956562866321	1.0	0.9859762502982854	0.9879647740178579	0.9875044660361959	0.9771004189484176	0.9850521031823126	0.9849624056889797	0.9790053388277788	0.9802423433799234	0.9816652895618682	0.983840115592191	0.9808098664686202	0.9759348373900345	0.9842631614405702	0.9852034688821705	0.9851393162508284	0.9851650925817653
0.9727630581632947	0.9856152759592745	0.9855158152207915	0.9830721548955778	0.9759997364283345	0.9848051379413276	0.9811439261509035	0.9846078584065097	0.985672708532911	0.984700304544672	0.9851888165776252	0.9848505486073438	0.9842877940814104	0.9732556352135049	0.9841195466299145	0.9863646828246453	0.9859762502982854	1.0	0.9858151847784881	0.9851830077856278	0.976681648774014	0.9858566983544274	0.985468244794697	0.9794604989376351	0.9802156136385844	0.9813902963405883	0.9839300121138971	0.9811944139798057	0.9761027317524114	0.9837748898773668	0.9848334056058329	0.9854116274531673	0.9848665216924024
0.9717200280111125	0.985804408307225	0.985696244969722	0.982589982404775	0.9748713980935534	0.9848969484690888	0.9812297990374854	0.9853229353205378	0.9857986136076256	0.9842956829525578	0.9856797245224693	0.985052486408154	0.9835842093828732	0.972345769366784	0.9842453693641918	0.9880331111741937	0.9879647740178579	0.9858151847784881	1.0	0.9986304452982654	0.9762745261635667	0.9849633714668844	0.985084158697153	0.9786382917551693	0.9795488327909692	0.9814281364867493	0.9837491748899162	0.9809867545178107	0.9756950777017939	0.9836881483086877	0.9853438073500845	0.9853318380526778	0.9851631745150611
0.9711970819547913	0.9853383447115105	0.9853299246933338	0.9817802113244748	0.9740191403032682	0.9843399669584907	0.9804995428135894	0.9848381515769795	0.9850619767522368	0.9839162644170212	0.9851214094440314	0.9844314207659413	0.9826509094929191	0.9717140153965304	0.9836092718082101	0.9877018255816229	0.9875044660361959	0.9851830077856278	0.9986304452982654	1.0	0.9753091544948459	0.9845264253334753	0.9845620297159915	0.9784159617425502	0.9790234761481832	0.9807751276334957	0.9832032779268304	0.9802991706343074	0.9747243447220096	0.9829589085584525	0.984685636899117	0.9846335776918765	0.9846110510278848
0.9700092556043985	0.977124883486485	0.9777858980379326	0.9748399522639387	0.9702777828644992	0.9763878225155596	0.9748481832795196	0.9756104374315016	0.9770654907265339	0.9748754481379707	0.9758815796539606	0.9752812110724518	0.9771135958588941	0.9711845564644658	0.9765378516591704	0.9773307861998684	0.9771004189484176	0.976681648774014	0.9762745261635667	0.9753091544948459	1.0	0.9763433203706519	0.9763751719472373	0.9697148634983177	0.9741413334462372	0.9759127210055458	0.9746415487816039	0.9752149956104575	0.9757791004819835	0.9762324334853337	0.9767879941662431	0.9765340319867049	0.9767947923165491
0.9736253405010006	0.9857370863945367	0.9855277430946934	0.982970552391043	0.9751890471059335	0.9844557553148608	0.9811930998208548	0.984699183093326	0.9852590103630903	0.984517704976714	0.9845199867633684	0.9848818079859863	0.983581200898505	0.9727817564007135	0.984392947713811	0.9854349044979963	0.9850521031823126	0.9858566983544274	0.9849633714668844	0.9845264253334753	0.9763433203706519	1.0	0.9979337023721544	0.9799394425826286	0.9788849282276829	0.9818847841994319	0.9840920322922342	0.9818412672296672	0.9761633127914316	0.9843851580109805	0.9852488037648754	0.986046073023266	0.985132677409483
0.9728436191408383	0.9855330918058975	0.9853899855573196	0.9824868031910526	0.9745391541086723	0.9844343766322885	0.9805806105212601	0.984743446545301	0.9856933394366858	0.9845527398676095	0.9851335963738258	0.9851049028817559	0.9833815275874999	0.9721956299730435	0.9846443086673167	0.9853325986372737	0.9849624056889797	0.985468244794697	0.985084158697153	0.9845620297159915	0.9763751719472373	0.9979337023721544	1.0	0.9788074458716456	0.9785959013370957	0.9815482911604831	0.983976200578615	0.9816535729318066	0.9761792803729358	0.9845531234933377	0.9854036045268361	0.985740389070236	0.9854571944256507
0.9667040547139358	0.9791053496686938	0.9795711577833457	0.9769990863867047	0.9695405191204131	0.9787209236821174	0.9754653063997253	0.9788061878313616	0.9794727363894432	0.9786843455738625	0.9789595918373795	0.9786732905677786	0.9783549752889115	0.9672216623437607	0.977883090551447	0.9795288999269935	0.9790053388277788	0.9794604989376351	0.9786382917551693	0.9784159617425502	0.9697148634983177	0.9799394425826286	0.9788074458716456	1.0	0.9742518866071099	0.9762597227539673	0.9785652005719963	0.9761748091113511	0.9691958076105973	0.9771156183002773	0.9788095821737626	0.9790031566016281	0.9786510850826383
0.9707032419229551	0.9800790818773559	0.9806094018811696	0.9785800405762387	0.9727434099934431	0.9794432152558497	0.9767632340885288	0.978489693687174	0.9793761943655493	0.9784216147114225	0.9790548743206494	0.9799394425826286	0.9791710342525041	0.9729855117024693	0.9793814074850076	0.9806063965734596	0.9802423433799234	0.9802156136385844	0.9795488327909692	0.9790234761481832	0.9741413334462372	0.9788849282276829	0.9785959013370957	0.9742518866071099	1.0	0.9787545321782242	0.9782725287163259	0.9765894897658597	0.9742932166934012	0.9786012972544988	0.9791170894601083	0.9788251329867245	0.9789047531122756
0.9709698463211879	0.9819187543172327	0.9829037384378244	0.9798853848343557	0.9735782705185281	0.981265871013999	0.9787030899305315	0.9808362398488366	0.9815955065295162	0.9811279768122244	0.9809900349601426	0.9814913360999881	0.9810761605000003	0.9729695914913217	0.981217766199445	0.9821332732894431	0.9816652895618682	0.9813902963405883	0.9814281364867493	0.9807751276334957	0.9759127210055458	0.9818847841994319	0.9815482911604831	0.9762597227539673	0.9787545321782242	1.0	0.980583779681809	0.9783330594637681	0.9746888345258156	0.980925545684843	0.9809923328280151	0.9816875309742351	0.9812021625834846
0.97067928788774	0.9839244538456006	0.9838453074775835	0.9812459789074102	0.9732331938417833	0.9832044219301357	0.9798662866385639	0.9830833716607604	0.9839086373798672	0.9831067065282831	0.983966747269634	0.9836238204549854	0.9835617000231339	0.9718221944990092	0.9835641371374425	0.9846424664065296	0.983840115592191	0.9839300121138971	0.9837491748899162	0.9832032779268304	0.9746415487816039	0.9840920322922342	0.983976200578615	0.9785652005719963	0.9782725287163259	0.980583779681809	1.0	0.9820607147324188	0.9745854962552399	0.9825933940075151	0.983277669982685	0.9835721294504465	0.9830230199969372
0.9698105999587495	0.9808723047301777	0.9815436109392984	0.9791696289563177	0.972537870227588	0.98021688695428	0.97826694520271	0.9803952775205907	0.9816087437665558	0.9801927820158836	0.9803658232464666	0.9806951149811586	0.983530403831	0.9703490386653714	0.9808028493423714	0.9812978003175872	0.9808098664686202	0.9811944139798057	0.9809867545178107	0.9802991706343074	0.9752149956104575	0.9818412672296672	0.9816535729318066	0.9761748091113511	0.9765894897658597	0.9783330594637681	0.9820607147324188	1.0	0.9742337039264704	0.9803498395191461	0.981301763217888	0.9808569730980194	0.9806683090502534
0.9690083115606348	0.9760783246420958	0.9778885363354327	0.9762646439949583	0.9718101945049389	0.9750587680994324	0.9749317737784154	0.9754582203932772	0.9765596544839567	0.9748473990660529	0.9757856809165748	0.9757856809165748	0.9756760173448327	0.9703121791377017	0.9761735053786811	0.976532826784975	0.9759348373900345	0.9761027317524114	0.9756950777017939	0.9747243447220096	0.9757791004819835	0.9761633127914316	0.9761792803729358	0.9691958076105973	0.9742932166934012	0.9746888345258156	0.9745854962552399	0.9742337039264704	1.0	0.9751077021142726	0.9757410583577341	0.9758183873862776	0.975351176222855
0.9718621960558865	0.9844801286441905	0.9844505733458897	0.9813358493705839	0.9739595525501504	0.9838138933007102	0.9800857715023114	0.9831428442774314	0.9845783852699832	0.9835869652658386	0.9835901298503242	0.9840523152211649	0.9834055743911152	0.9722535227423087	0.9833827126067156	0.9844398591732182	0.9842631614405702	0.9837748898773668	0.9836881483086877	0.9829589085584525	0.9762324334853337	0.9843851580109805	0.9845531234933377	0.9771156183002773	0.9786012972544988	0.980925545684843	0.9825933940075151	0.9803498395191461	0.9751077021142726	1.0	0.9838536474931097	0.9839300612801133	0.9837308841805361
0.9724153332847506	0.9853666656798363	0.9852081088168128	0.9822324060224776	0.9738659857013094	0.9842641237486083	0.9803799074198886	0.9848807211318573	0.9855004434786562	0.9846300128614942	0.9845742400967303	0.9851766723009973	0.9828931402101534	0.9729045775007384	0.9840331786625756	0.9854196668291234	0.9852034688821705	0.9848334056058329	0.9853438073500845	0.984685636899117	0.9767879941662431	0.9852488037648754	0.9854036045268361	0.9788095821737626	0.9791170894601083	0.9809923328280151	0.983277669982685	0.981301763217888	0.9757410583577341	0.9838536474931097	1.0	0.9850594460295699	0.9848635355463642
0.9725792519781091	0.9853550426085232	0.985049296264777	0.9819766325922687	0.9746142972927648	0.9841360750956637	0.9813637715600889	0.9842609571896895	0.9848529059004831	0.9840478895112394	0.9842934078263975	0.9847588031018214	0.9834736194857219	0.9726676201278994	0.9840029020773406	0.9853949606039624	0.9851393162508284	0.9854116274531673	0.9853318380526778	0.9846335776918765	0.9765340319867049	0.986046073023266	0.985740389070236	0.9790031566016281	0.9788251329867245	0.9816875309742351	0.9835721294504465	0.9808569730980194	0.9758183873862776	0.9839300612801133	0.9850594460295699	1.0	0.984895023287255
0.9716394571004314	0.98488883348807	0.9856243416687372	0.982603888091515	0.9742345618303144	0.9842594603558453	0.980488879508142	0.9845364197312297	0.9854665758903992	0.9847758304860096	0.9850099183840807	0.9854977839345229	0.9836405762160063	0.9727290008504169	0.9843613196526231	0.9856365550392275	0.9851650925817653	0.9848665216924024	0.9851631745150611	0.9846110510278848	0.9767947923165491	0.985132677409483	0.9854571944256507	0.9786510850826383	0.9789047531122756	0.9812021625834846	0.9830230199969372	0.9806683090502534	0.975351176222855	0.9837308841805361	0.9848635355463642	0.984895023287255	1.0
