/home/jshaw/scratch/2022_sketched_distance/references/SGB_genome_fastas_part5/14379/BackhedF_2015__SID590_4M__bin.25.fa	/home/jshaw/scratch/2022_sketched_distance/references/SGB_genome_fastas_part5/14379/BritoIL_2016__M1.37.ST__bin.19.fa	/home/jshaw/scratch/2022_sketched_distance/references/SGB_genome_fastas_part5/14379/BritoIL_2016__W2.8.ST__bin.73.fa	/home/jshaw/scratch/2022_sketched_distance/references/SGB_genome_fastas_part5/14379/CosteaPI_2017__SID713B076-11-90-0__bin.31.fa	/home/jshaw/scratch/2022_sketched_distance/references/SGB_genome_fastas_part5/14379/FengQ_2015__SID31477__bin.22.fa	/home/jshaw/scratch/2022_sketched_distance/references/SGB_genome_fastas_part5/14379/FengQ_2015__SID31749__bin.28.fa	/home/jshaw/scratch/2022_sketched_distance/references/SGB_genome_fastas_part5/14379/FengQ_2015__SID530026__bin.15.fa	/home/jshaw/scratch/2022_sketched_distance/references/SGB_genome_fastas_part5/14379/FengQ_2015__SID530258__bin.16.fa	/home/jshaw/scratch/2022_sketched_distance/references/SGB_genome_fastas_part5/14379/LiuW_2016__SRR3992955__bin.69.fa	/home/jshaw/scratch/2022_sketched_distance/references/SGB_genome_fastas_part5/14379/LiuW_2016__SRR3992969__bin.31.fa	/home/jshaw/scratch/2022_sketched_distance/references/SGB_genome_fastas_part5/14379/LiuW_2016__SRR3992970__bin.33.fa	/home/jshaw/scratch/2022_sketched_distance/references/SGB_genome_fastas_part5/14379/LiuW_2016__SRR3992981__bin.82.fa	/home/jshaw/scratch/2022_sketched_distance/references/SGB_genome_fastas_part5/14379/LiuW_2016__SRR3992993__bin.60.fa	/home/jshaw/scratch/2022_sketched_distance/references/SGB_genome_fastas_part5/14379/LiuW_2016__SRR3992995__bin.2.fa	/home/jshaw/scratch/2022_sketched_distance/references/SGB_genome_fastas_part5/14379/LiuW_2016__SRR3992997__bin.3.fa	/home/jshaw/scratch/2022_sketched_distance/references/SGB_genome_fastas_part5/14379/LiuW_2016__SRR3993002__bin.82.fa	/home/jshaw/scratch/2022_sketched_distance/references/SGB_genome_fastas_part5/14379/LiuW_2016__SRR3993004__bin.71.fa	/home/jshaw/scratch/2022_sketched_distance/references/SGB_genome_fastas_part5/14379/LiuW_2016__SRR3993005__bin.7.fa	/home/jshaw/scratch/2022_sketched_distance/references/SGB_genome_fastas_part5/14379/LiuW_2016__SRR3993012__bin.86.fa	/home/jshaw/scratch/2022_sketched_distance/references/SGB_genome_fastas_part5/14379/LiuW_2016__SRR3993014__bin.44.fa	/home/jshaw/scratch/2022_sketched_distance/references/SGB_genome_fastas_part5/14379/LiuW_2016__SRR3993031__bin.91.fa	/home/jshaw/scratch/2022_sketched_distance/references/SGB_genome_fastas_part5/14379/LiuW_2016__SRR3993038__bin.74.fa	/home/jshaw/scratch/2022_sketched_distance/references/SGB_genome_fastas_part5/14379/LiuW_2016__SRR3993044__bin.108.fa	/home/jshaw/scratch/2022_sketched_distance/references/SGB_genome_fastas_part5/14379/LiuW_2016__SRR3993048__bin.32.fa	/home/jshaw/scratch/2022_sketched_distance/references/SGB_genome_fastas_part5/14379/LiuW_2016__SRR3993061__bin.114.fa	/home/jshaw/scratch/2022_sketched_distance/references/SGB_genome_fastas_part5/14379/XieH_2016__YSZC12003_35515__bin.94.fa	/home/jshaw/scratch/2022_sketched_distance/references/SGB_genome_fastas_part5/14379/XieH_2016__YSZC12003_35697__bin.56.fa	/home/jshaw/scratch/2022_sketched_distance/references/SGB_genome_fastas_part5/14379/XieH_2016__YSZC12003_36244__bin.124.fa	/home/jshaw/scratch/2022_sketched_distance/references/SGB_genome_fastas_part5/14379/ZeeviD_2015__PNP_Main_198__bin.44.fa	/home/jshaw/scratch/2022_sketched_distance/references/SGB_genome_fastas_part5/14379/ZeeviD_2015__PNP_Main_297__bin.15.fa	/home/jshaw/scratch/2022_sketched_distance/references/SGB_genome_fastas_part5/14379/ZeeviD_2015__PNP_Main_404__bin.12.fa
1.0	0.9742688951121588	0.9738450783560476	0.9811891091365608	0.9824130575247901	0.9854947708658746	0.9819541729260829	0.9793311007139845	0.9715988561374963	0.9801847371835609	0.9752638780597053	0.982783783655827	0.9830692532983126	0.9832716482144142	0.9827427984637674	0.9833522575091236	0.9832716482144142	0.976428958745098	0.9811029869813864	0.9790568277733673	0.9840689589646635	0.9846157642363781	0.9832312691014056	0.9740003546361818	0.98062521737463	0.9827017619289607	0.9830692532983126	0.9816163511415549	0.9774178231382687	0.981146076407289	0.9730490017365738
0.9742688951121588	1.0	0.9804331472150654	0.9782184464066014	0.9773760982929903	0.9786531977066791	0.9746390221605387	0.9750492856702753	0.9699892557212014	0.9770148057009739	0.9733722235454639	0.977105505244166	0.9780429099180519	0.9783494813928281	0.9783930429777855	0.9792098489474501	0.9789541124123707	0.9726370460829231	0.9769693610303004	0.9747098311921956	0.9791248258998192	0.9797153888148781	0.9783058615418772	0.9731787447867783	0.9772861501280208	0.9779547859783159	0.9780868827203213	0.976923852853916	0.9746352248409845	0.9777334281705442	0.9769765154530472
0.9738450783560476	0.9804331472150654	1.0	0.9788181553471236	0.9783416618743022	0.9802072660237423	0.9674784937610301	0.9774906670514848	0.9679695843647605	0.977056688324352	0.9711155043659169	0.9775521947771013	0.9788772306347433	0.9791710134328303	0.9795200975568206	0.9797507638567367	0.9791710134328303	0.9742558159917734	0.9775521947771013	0.9769942166486562	0.9800368244245102	0.9797507638567367	0.978758972903105	0.9664791932735636	0.977305383647753	0.9784016056250338	0.979635634380095	0.978936199159732	0.9669627685517705	0.9786402849598107	0.967861414399894
0.9811891091365608	0.9782184464066014	0.9788181553471236	1.0	0.983815346029697	0.9838423563377927	0.9824420427595862	0.9811969631421913	0.9772878495639982	0.9837115348249116	0.9829622462515177	0.9815696267129875	0.9848711283700988	0.9832195557049889	0.9835635930181739	0.9829853621503338	0.9830620842583143	0.9832137123107468	0.9831115944458217	0.9836001676017608	0.9847008918736448	0.9835013224320123	0.9838195973980188	0.9824612375810199	0.9846208899972079	0.9825206077095449	0.9839980668779198	0.9828251241763384	0.9826119864361674	0.9835639823242852	0.9797340120478363
0.9824130575247901	0.9773760982929903	0.9783416618743022	0.983815346029697	1.0	0.9864426273220736	0.9842222012487878	0.9813464506737065	0.9784274865281232	0.9832639632789442	0.9824745352072236	0.9836170155096048	0.9839469031123426	0.9842084447846612	0.9839797100938916	0.9845646937595723	0.9848213762979451	0.9825260966482665	0.982557187586828	0.9836709149638179	0.9854857728947857	0.9850443388096307	0.9840779346133538	0.9818292979584214	0.9844818975551187	0.984012484293586	0.9854857728947857	0.9834174779796105	0.9821025069293307	0.982366722273695	0.9790982950596495
0.9854947708658746	0.9786531977066791	0.9802072660237423	0.9838423563377927	0.9864426273220736	1.0	0.9866762486362239	0.9834755941451034	0.9813007510726762	0.9850843848601015	0.9849197111405553	0.9837499712070205	0.9853667022162813	0.9853496195334794	0.9845230432864299	0.9855094539835626	0.9843419255720516	0.9846196428604646	0.9847533828619253	0.9855589877293923	0.9864296610182126	0.9854432225513329	0.9865006208338901	0.9842331952795605	0.9865728461192542	0.9843411810767092	0.9861068985615453	0.9850396656202294	0.9839977703011676	0.9845125865267003	0.9809088139746175
0.9819541729260829	0.9746390221605387	0.9674784937610301	0.9824420427595862	0.9842222012487878	0.9866762486362239	1.0	0.9805595226222034	0.9689779735094285	0.9816248393283076	0.974364474214043	0.9832918191312155	0.9835008641217315	0.982763297469476	0.9840689589646635	0.9846273823501094	0.9836567776983505	0.97732705442069	0.9806164656992742	0.980100370511407	0.9847279007721649	0.9839663982753328	0.984425417179743	0.966572124033957	0.9816799589356368	0.9829757302110275	0.9841201193063188	0.9812921572697543	0.9720062077429927	0.9830814323067829	0.9668472786593522
0.9793311007139845	0.9750492856702753	0.9774906670514848	0.9811969631421913	0.9813464506737065	0.9834755941451034	0.9805595226222034	1.0	0.9768633506591461	0.9805156814934193	0.980491136495925	0.981717208033049	0.9819742611542841	0.9815323545283285	0.9822293113164395	0.982947267153543	0.9819376626536587	0.9795791392264845	0.9807823138595131	0.9806758912238925	0.9825183849628625	0.9830536161351798	0.9828049294036688	0.9822328501839306	0.9809947368703916	0.9812717923067031	0.9825183849628625	0.9807823138595131	0.9777128146709826	0.9785451088945696	0.9740388056325288
0.9715988561374963	0.9699892557212014	0.9679695843647605	0.9772878495639982	0.9784274865281232	0.9813007510726762	0.9689779735094285	0.9768633506591461	1.0	0.9792319924966464	0.9759973785455588	0.9916169274979796	0.9800655966502857	0.9796759617086384	0.9800655966502857	0.9809256496444889	0.9795778222898314	0.9769167166019969	0.978630480481522	0.9804984520818725	0.9807838698281726	0.9804984520818725	0.980593868507999	0.9733296840062409	0.9774980423730734	0.9789827085829019	0.9784783535776725	0.9774980423730734	0.9690096133140396	0.9768633506591461	0.9670340554708893
0.9801847371835609	0.9770148057009739	0.977056688324352	0.9837115348249116	0.9832639632789442	0.9850843848601015	0.9816248393283076	0.9805156814934193	0.9792319924966464	1.0	0.9836804665728167	0.984622035318094	0.9855403145660178	0.9841530794170893	0.987272633010834	0.9852479444266191	0.9854106934594505	0.9844016209011249	0.9835057223596082	0.9834937594929402	0.9857016250325982	0.9856371958567075	0.984622035318094	0.9835798839910224	0.98331216814299	0.9829154699788595	0.9840517108205009	0.9817747016632788	0.9794288236840456	0.9817020663559445	0.9763539969167789
0.9752638780597053	0.9733722235454639	0.9711155043659169	0.9829622462515177	0.9824745352072236	0.9849197111405553	0.974364474214043	0.980491136495925	0.9759973785455588	0.9836804665728167	1.0	0.9846908896510855	0.9854100872309854	0.9857823798515583	0.9854475069241923	0.9853726248601989	0.9846142599727399	0.9814767635498362	0.9837593061153395	0.9836014370095054	0.9855967608909084	0.9856339686704871	0.9851091849251071	0.9811849154895388	0.9822691591526015	0.9823103375418549	0.9825154563064596	0.9811372957908339	0.971306875764531	0.9796538895635875	0.9712201922404601
0.982783783655827	0.977105505244166	0.9775521947771013	0.9815696267129875	0.9836170155096048	0.9837499712070205	0.9832918191312155	0.981717208033049	0.9916169274979796	0.984622035318094	0.9846908896510855	1.0	0.9840814979659556	0.9835095454665246	0.9834695922316308	0.9841483794455463	0.98324984967222	0.9841454174250649	0.9835891235733832	0.9857916828075449	0.9856220984248034	0.9845467453711932	0.9849686345449373	0.9837991036471911	0.9845861970340356	0.9821905121337644	0.982923659583367	0.9821098413070289	0.9810591211196767	0.9816154480133653	0.979290313358809
0.9830692532983126	0.9780429099180519	0.9788772306347433	0.9848711283700988	0.9839469031123426	0.9853667022162813	0.9835008641217315	0.9819742611542841	0.9800655966502857	0.9855403145660178	0.9854100872309854	0.9840814979659556	1.0	0.9853667022162813	0.9864253908720213	0.9857031227998926	0.9854281264157903	0.9856885494966421	0.9845567069031476	0.9861212717399694	0.9859758366770139	0.9857335363511999	0.9857435553928514	0.9853981614233723	0.985102780388777	0.982643826278589	0.9842091227523907	0.9822815692740356	0.9817410942470804	0.9822779248501483	0.9791624267575012
0.9832716482144142	0.9783494813928281	0.9791710134328303	0.9832195557049889	0.9842084447846612	0.9853496195334794	0.982763297469476	0.9815323545283285	0.9796759617086384	0.9841530794170893	0.9857823798515583	0.9835095454665246	0.9853667022162813	1.0	0.9895574096365698	0.9854707146311843	0.9853192758727679	0.9889880048334194	0.9854005880408399	0.9853582145123816	0.9865770567839823	0.9858014427490376	0.9858047665117947	0.983853680333414	0.9849658176770785	0.9829596151751258	0.9842215150995474	0.9827238923602589	0.9813756454912028	0.9822779248501483	0.9793540692602029
0.9827427984637674	0.9783930429777855	0.9795200975568206	0.9835635930181739	0.9839797100938916	0.9845230432864299	0.9840689589646635	0.9822293113164395	0.9800655966502857	0.987272633010834	0.9854475069241923	0.9834695922316308	0.9864253908720213	0.9895574096365698	1.0	0.9855094539835626	0.9838864327808102	0.9969528709908269	0.9854326158846765	0.9858578655560014	0.9871022782897418	0.9842391840666208	0.9863806558823216	0.9847678557305091	0.9855440049064829	0.9826189910268801	0.9844118382513655	0.9834260338305602	0.9814804766124219	0.9831968646692325	0.9796709944665455
0.9833522575091236	0.9792098489474501	0.9797507638567367	0.9829853621503338	0.9845646937595723	0.9855094539835626	0.9846273823501094	0.982947267153543	0.9809256496444889	0.9852479444266191	0.9853726248601989	0.9841483794455463	0.9857031227998926	0.9854707146311843	0.9855094539835626	1.0	0.9852118317066396	0.9850156269269075	0.9849163840770647	0.9863174503328693	0.9871601219785465	0.9860093049717633	0.9980102378410494	0.9849793048662701	0.9857791552047426	0.9832995236372185	0.9846010638708637	0.9834260338305602	0.9815327664738749	0.982621285981674	0.9787757323668
0.9832716482144142	0.9789541124123707	0.9791710134328303	0.9830620842583143	0.9848213762979451	0.9843419255720516	0.9836567776983505	0.9819376626536587	0.9795778222898314	0.9854106934594505	0.9846142599727399	0.98324984967222	0.9854281264157903	0.9853192758727679	0.9838864327808102	0.9852118317066396	1.0	0.9848721847690306	0.9851432346938309	0.9857585413796766	0.9866064568235232	0.9837657621955593	0.9861091234993541	0.9847678557305091	0.9865728461192542	0.9833955990939585	0.9844750347694886	0.9834590968389906	0.981217766199445	0.9833308382103699	0.9800472888990712
0.976428958745098	0.9726370460829231	0.9742558159917734	0.9832137123107468	0.9825260966482665	0.9846196428604646	0.97732705442069	0.9795791392264845	0.9769167166019969	0.9844016209011249	0.9814767635498362	0.9841454174250649	0.9856885494966421	0.9889880048334194	0.9969528709908269	0.9850156269269075	0.9848721847690306	1.0	0.9842188227995275	0.9834772696188544	0.9854422316928207	0.9847641903468467	0.9850156269269075	0.9810069491960558	0.9819025226418115	0.9820595331604626	0.9834397480674393	0.9820203510802589	0.9748283244880258	0.9804132978951475	0.9730490017365738
0.9811029869813864	0.9769693610303004	0.9775521947771013	0.9831115944458217	0.982557187586828	0.9847533828619253	0.9806164656992742	0.9807823138595131	0.978630480481522	0.9835057223596082	0.9837593061153395	0.9835891235733832	0.9845567069031476	0.9854005880408399	0.9854326158846765	0.9849163840770647	0.9851432346938309	0.9842188227995275	1.0	0.9832799014535557	0.9851432346938309	0.9853043167013554	0.9845567069031476	0.9836348264627858	0.9834561959515079	0.9825921142641671	0.9835891235733832	0.9813106693149021	0.9788100515052461	0.9802780849987337	0.9773172849063463
0.9790568277733673	0.9747098311921956	0.9769942166486562	0.9836001676017608	0.9836709149638179	0.9855589877293923	0.980100370511407	0.9806758912238925	0.9804984520818725	0.9834937594929402	0.9836014370095054	0.9857916828075449	0.9861212717399694	0.9853582145123816	0.9858578655560014	0.9863174503328693	0.9857585413796766	0.9834772696188544	0.9832799014535557	1.0	0.9860227416424476	0.9860227416424476	0.9861212717399694	0.9839625619894855	0.9830221997667635	0.9834582132350872	0.9839874027033656	0.9827754044916311	0.9791490170278118	0.9816298540402161	0.9760029383460677
0.9840689589646635	0.9791248258998192	0.9800368244245102	0.9847008918736448	0.9854857728947857	0.9864296610182126	0.9847279007721649	0.9825183849628625	0.9807838698281726	0.9857016250325982	0.9855967608909084	0.9856220984248034	0.9859758366770139	0.9865770567839823	0.9871022782897418	0.9871601219785465	0.9866064568235232	0.9854422316928207	0.9851432346938309	0.9860227416424476	1.0	0.9867237948633254	0.9874158049807144	0.983853680333414	0.9862444672111251	0.9844821727414331	0.9857444552801815	0.9843072380411081	0.9830638389523769	0.9836302915226903	0.980726103518231
0.9846157642363781	0.9797153888148781	0.9797507638567367	0.9835013224320123	0.9850443388096307	0.9854432225513329	0.9839663982753328	0.9830536161351798	0.9804984520818725	0.9856371958567075	0.9856339686704871	0.9845467453711932	0.9857335363511999	0.9858014427490376	0.9842391840666208	0.9860093049717633	0.9837657621955593	0.9847641903468467	0.9853043167013554	0.9860227416424476	0.9867237948633254	1.0	0.9865006208338901	0.9862708859209988	0.9855440049064829	0.9831709833753821	0.9847266108704779	0.9833598076013518	0.9823072509583701	0.9824157016186081	0.9803575900475674
0.9832312691014056	0.9783058615418772	0.978758972903105	0.9838195973980188	0.9840779346133538	0.9865006208338901	0.984425417179743	0.9828049294036688	0.980593868507999	0.984622035318094	0.9851091849251071	0.9849686345449373	0.9857435553928514	0.9858047665117947	0.9863806558823216	0.9980102378410494	0.9861091234993541	0.9850156269269075	0.9845567069031476	0.9861212717399694	0.9874158049807144	0.9865006208338901	1.0	0.9846083702108229	0.9854427086712632	0.9840461953976709	0.9843991452666342	0.9830266542190087	0.9814281030425074	0.9821742104798648	0.978318718649298
0.9740003546361818	0.9731787447867783	0.9664791932735636	0.9824612375810199	0.9818292979584214	0.9842331952795605	0.966572124033957	0.9822328501839306	0.9733296840062409	0.9835798839910224	0.9811849154895388	0.9837991036471911	0.9853981614233723	0.983853680333414	0.9847678557305091	0.9849793048662701	0.9847678557305091	0.9810069491960558	0.9836348264627858	0.9839625619894855	0.983853680333414	0.9862708859209988	0.9846083702108229	1.0	0.9817130775040421	0.981654812126028	0.9824612375810199	0.9822328501839306	0.9650520556245228	0.9792347230298054	0.9616765013935011
0.98062521737463	0.9772861501280208	0.977305383647753	0.9846208899972079	0.9844818975551187	0.9865728461192542	0.9816799589356368	0.9809947368703916	0.9774980423730734	0.98331216814299	0.9822691591526015	0.9845861970340356	0.985102780388777	0.9849658176770785	0.9855440049064829	0.9857791552047426	0.9865728461192542	0.9819025226418115	0.9834561959515079	0.9830221997667635	0.9862444672111251	0.9855440049064829	0.9854427086712632	0.9817130775040421	1.0	0.9847247494008545	0.9855102741892104	0.9839553682836888	0.9792051705676782	0.9823602326980382	0.978318718649298
0.9827017619289607	0.9779547859783159	0.9784016056250338	0.9825206077095449	0.984012484293586	0.9843411810767092	0.9829757302110275	0.9812717923067031	0.9789827085829019	0.9829154699788595	0.9823103375418549	0.9821905121337644	0.982643826278589	0.9829596151751258	0.9826189910268801	0.9832995236372185	0.9833955990939585	0.9820595331604626	0.9825921142641671	0.9834582132350872	0.9844821727414331	0.9831709833753821	0.9840461953976709	0.981654812126028	0.9847247494008545	1.0	0.9842850788972417	0.9842104874760345	0.9813231036842353	0.9822433898847092	0.979481208736977
0.9830692532983126	0.9780868827203213	0.979635634380095	0.9839980668779198	0.9854857728947857	0.9861068985615453	0.9841201193063188	0.9825183849628625	0.9784783535776725	0.9840517108205009	0.9825154563064596	0.982923659583367	0.9842091227523907	0.9842215150995474	0.9844118382513655	0.9846010638708637	0.9844750347694886	0.9834397480674393	0.9835891235733832	0.9839874027033656	0.9857444552801815	0.9847266108704779	0.9843991452666342	0.9824612375810199	0.9855102741892104	0.9842850788972417	1.0	0.9847867576678584	0.9833616490267038	0.9831632855382073	0.9799848734356328
0.9816163511415549	0.976923852853916	0.978936199159732	0.9828251241763384	0.9834174779796105	0.9850396656202294	0.9812921572697543	0.9807823138595131	0.9774980423730734	0.9817747016632788	0.9811372957908339	0.9821098413070289	0.9822815692740356	0.9827238923602589	0.9834260338305602	0.9834260338305602	0.9834590968389906	0.9820203510802589	0.9813106693149021	0.9827754044916311	0.9843072380411081	0.9833598076013518	0.9830266542190087	0.9822328501839306	0.9839553682836888	0.9842104874760345	0.9847867576678584	1.0	0.9814804766124219	0.980614044609367	0.978318718649298
0.9774178231382687	0.9746352248409845	0.9669627685517705	0.9826119864361674	0.9821025069293307	0.9839977703011676	0.9720062077429927	0.9777128146709826	0.9690096133140396	0.9794288236840456	0.971306875764531	0.9810591211196767	0.9817410942470804	0.9813756454912028	0.9814804766124219	0.9815327664738749	0.981217766199445	0.9748283244880258	0.9788100515052461	0.9791490170278118	0.9830638389523769	0.9823072509583701	0.9814281030425074	0.9650520556245228	0.9792051705676782	0.9813231036842353	0.9833616490267038	0.9814804766124219	1.0	0.9821025069293307	0.9671270395834565
0.981146076407289	0.9777334281705442	0.9786402849598107	0.9835639823242852	0.982366722273695	0.9845125865267003	0.9830814323067829	0.9785451088945696	0.9768633506591461	0.9817020663559445	0.9796538895635875	0.9816154480133653	0.9822779248501483	0.9822779248501483	0.9831968646692325	0.982621285981674	0.9833308382103699	0.9804132978951475	0.9802780849987337	0.9816298540402161	0.9836302915226903	0.9824157016186081	0.9821742104798648	0.9792347230298054	0.9823602326980382	0.9822433898847092	0.9831632855382073	0.980614044609367	0.9821025069293307	1.0	0.9802338229928846
0.9730490017365738	0.9769765154530472	0.967861414399894	0.9797340120478363	0.9790982950596495	0.9809088139746175	0.9668472786593522	0.9740388056325288	0.9670340554708893	0.9763539969167789	0.9712201922404601	0.979290313358809	0.9791624267575012	0.9793540692602029	0.9796709944665455	0.9787757323668	0.9800472888990712	0.9730490017365738	0.9773172849063463	0.9760029383460677	0.980726103518231	0.9803575900475674	0.978318718649298	0.9616765013935011	0.978318718649298	0.979481208736977	0.9799848734356328	0.978318718649298	0.9671270395834565	0.9802338229928846	1.0
