/home/jshaw/scratch/2022_sketched_distance/references/SGB_genome_fastas_part5/14389/BritoIL_2016__M1.52.ST__bin.92.fa	/home/jshaw/scratch/2022_sketched_distance/references/SGB_genome_fastas_part5/14389/ChengpingW_2017__AS38raw__bin.40.fa	/home/jshaw/scratch/2022_sketched_distance/references/SGB_genome_fastas_part5/14389/CosteaPI_2017__SID713B026-11-0-0__bin.6.fa	/home/jshaw/scratch/2022_sketched_distance/references/SGB_genome_fastas_part5/14389/CosteaPI_2017__SID713B058-11-90-0__bin.1.fa	/home/jshaw/scratch/2022_sketched_distance/references/SGB_genome_fastas_part5/14389/HeQ_2017__RSZAXPI003104-142__bin.39.fa	/home/jshaw/scratch/2022_sketched_distance/references/SGB_genome_fastas_part5/14389/HeQ_2017__SZAXPI029467-166__bin.15.fa	/home/jshaw/scratch/2022_sketched_distance/references/SGB_genome_fastas_part5/14389/HeQ_2017__SZAXPI029567-80__bin.66.fa	/home/jshaw/scratch/2022_sketched_distance/references/SGB_genome_fastas_part5/14389/KarlssonFH_2013__S80__bin.16.fa	/home/jshaw/scratch/2022_sketched_distance/references/SGB_genome_fastas_part5/14389/LiuW_2016__SRR3993022__bin.81.fa	/home/jshaw/scratch/2022_sketched_distance/references/SGB_genome_fastas_part5/14389/QinJ_2012__CON-108__bin.6.fa	/home/jshaw/scratch/2022_sketched_distance/references/SGB_genome_fastas_part5/14389/QinJ_2012__DLF014__bin.16.fa	/home/jshaw/scratch/2022_sketched_distance/references/SGB_genome_fastas_part5/14389/QinJ_2012__DLM018__bin.21.fa	/home/jshaw/scratch/2022_sketched_distance/references/SGB_genome_fastas_part5/14389/QinJ_2012__T2D-039__bin.54.fa	/home/jshaw/scratch/2022_sketched_distance/references/SGB_genome_fastas_part5/14389/QinJ_2012__T2D-071__bin.20.fa	/home/jshaw/scratch/2022_sketched_distance/references/SGB_genome_fastas_part5/14389/QinJ_2012__T2D-098__bin.29.fa	/home/jshaw/scratch/2022_sketched_distance/references/SGB_genome_fastas_part5/14389/QinJ_2012__T2D-102__bin.23.fa	/home/jshaw/scratch/2022_sketched_distance/references/SGB_genome_fastas_part5/14389/QinJ_2012__T2D-103__bin.23.fa	/home/jshaw/scratch/2022_sketched_distance/references/SGB_genome_fastas_part5/14389/XieH_2016__YSZC12003_35506__bin.88.fa	/home/jshaw/scratch/2022_sketched_distance/references/SGB_genome_fastas_part5/14389/XieH_2016__YSZC12003_37254__bin.61.fa	/home/jshaw/scratch/2022_sketched_distance/references/SGB_genome_fastas_part5/14389/YuJ_2015__SZAXPI015249-37__bin.39.fa	/home/jshaw/scratch/2022_sketched_distance/references/SGB_genome_fastas_part5/14389/YuJ_2015__SZAXPI017455-21__bin.42.fa	/home/jshaw/scratch/2022_sketched_distance/references/SGB_genome_fastas_part5/14389/YuJ_2015__SZAXPI017466-84__bin.1.fa	/home/jshaw/scratch/2022_sketched_distance/references/SGB_genome_fastas_part5/14389/ZeeviD_2015__PNP_Main_110__bin.52.fa	/home/jshaw/scratch/2022_sketched_distance/references/SGB_genome_fastas_part5/14389/ZeeviD_2015__PNP_Main_412__bin.35.fa	/home/jshaw/scratch/2022_sketched_distance/references/SGB_genome_fastas_part5/14389/ZeeviD_2015__PNP_Main_667__bin.9.fa	/home/jshaw/scratch/2022_sketched_distance/references/SGB_genome_fastas_part5/14389/ZellerG_2014__CCIS90164298ST-4-0__bin.20.fa
1.0	0.9573339762746786	0.9543529014719677	0.9534693333468653	0.9582272143522838	0.9583734153368071	0.9588338079512542	0.9469013886292852	0.9545044318260393	0.9465018523643326	0.9575449665877159	0.9575272119134625	0.9549037286077982	0.9590174846492697	0.9574954672392421	0.9545384307675999	0.9561828840587713	0.9552081960322804	0.9786197473117157	0.9591574072216708	0.9568984626732123	0.956903840596779	0.9559958722003303	0.9827352718983332	0.9824178566194	0.9547748970921507
0.9573339762746786	1.0	0.9916623294682808	0.9904003970250919	0.9913999170328084	0.9933844010375926	0.9918644814162457	0.9805412324151049	0.9917822497089491	0.9822217393091788	0.9917641280041074	0.9934533486535971	0.9889185580300558	0.992578460779647	0.9929503949903398	0.989746253292461	0.9912359202611214	0.9931859667630664	0.9569692551620258	0.992029580865304	0.992326603511284	0.993072135101021	0.9904204864103789	0.9722610024860892	0.9725978836888882	0.9902917839104793
0.9543529014719677	0.9916623294682808	1.0	0.9921481907214023	0.9907927394401274	0.9924358691836624	0.9913560061847139	0.9784236552373635	0.9939427059984189	0.982967383058548	0.9925875363294461	0.9920669896281149	0.9879915148318754	0.992478468562305	0.992593168714547	0.9909726236577286	0.9926157939611554	0.991385252566559	0.9530479025017047	0.9916866131225345	0.9912722191398479	0.9933596992415763	0.9925022523946115	0.9691214375894951	0.9708207852736758	0.9921961002424085
0.9534693333468653	0.9904003970250919	0.9921481907214023	1.0	0.9895943531173155	0.9900797980271451	0.9898545895798935	0.9781350123292902	0.9932877618047898	0.9844129919826137	0.9905636254478211	0.9903690245648047	0.9861140949851673	0.990747498458781	0.9909895265580553	0.9893899015442855	0.9901586937416096	0.9898352015057494	0.9524992205072895	0.9899147331955626	0.9899675350090581	0.991729210673889	0.9913201859234484	0.9676040016052652	0.968392917038256	0.9906130541600682
0.9582272143522838	0.9913999170328084	0.9907927394401274	0.9895943531173155	1.0	0.9914081959185391	0.9917935813107551	0.9784084298832123	0.9912252769807307	0.9815565056573736	0.9909840627577632	0.9910469923899233	0.9873282197786442	0.9919107258966836	0.99177747151847	0.9894041968040026	0.9907997023702109	0.9913566260594825	0.9568171564670219	0.9902913862510061	0.9910250043034967	0.9925359402233249	0.9898504143070391	0.971700890560013	0.9708336122634843	0.9895612248081782
0.9583734153368071	0.9933844010375926	0.9924358691836624	0.9900797980271451	0.9914081959185391	1.0	0.992543296990725	0.9802873294127473	0.9922186839766327	0.9825376492238972	0.9932406968595929	0.9939628889331895	0.9899943353737026	0.9937434937185287	0.9941530196866952	0.9908742256538698	0.9924801119410743	0.9927510914231932	0.9562327673561134	0.9925809292314584	0.993256746655994	0.9941989470741099	0.9914995740832356	0.973605974518072	0.9737591041792923	0.9911045922681477
0.9588338079512542	0.9918644814162457	0.9913560061847139	0.9898545895798935	0.9917935813107551	0.992543296990725	1.0	0.9790954093644624	0.9920437247940874	0.9817549452381235	0.9922978593797647	0.99214347621	0.9895890510610287	0.9939897362578162	0.9935445134848716	0.9903118633852153	0.9915587592506174	0.9918745436969678	0.9569019138683377	0.9918720341152146	0.9920135147611537	0.9932251683189532	0.9906841266142045	0.9725742299562796	0.9720649764950893	0.9907094223626338
0.9469013886292852	0.9805412324151049	0.9784236552373635	0.9781350123292902	0.9784084298832123	0.9802873294127473	0.9790954093644624	1.0	0.9790780308261584	0.9752629426567486	0.9783650466757403	0.9812875058590953	0.9820278616864876	0.9802104915659676	0.9807860375096811	0.9770914041346439	0.9781131451018884	0.9794433079131765	0.9493227148959817	0.9800105481788829	0.9807117401904055	0.981072043306093	0.9770895036627482	0.9621126423372728	0.9622564549812598	0.9778885363354327
0.9545044318260393	0.9917822497089491	0.9939427059984189	0.9932877618047898	0.9912252769807307	0.9922186839766327	0.9920437247940874	0.9790780308261584	1.0	0.9847716207130462	0.9930142437010376	0.9917157153986917	0.9885775666999211	0.9930530434810046	0.9927249978063764	0.9925172986836998	0.993613307535829	0.9917375792565575	0.9531069387893942	0.9920308420951457	0.9920642042376502	0.9942955557209853	0.9943227618517296	0.9694232896107797	0.9705314988993021	0.993679940817532
0.9465018523643326	0.9822217393091788	0.982967383058548	0.9844129919826137	0.9815565056573736	0.9825376492238972	0.9817549452381235	0.9752629426567486	0.9847716207130462	1.0	0.9827972180933645	0.9833356183619089	0.9816877943575223	0.9831918033518334	0.9837089907480152	0.9824184512497264	0.9829268237484284	0.9825313748355659	0.9486254695847773	0.9821956952566679	0.9819619525821874	0.984229331625211	0.9828623011057178	0.9607349921394165	0.9618979717823994	0.982675189744551
0.9575449665877159	0.9917641280041074	0.9925875363294461	0.9905636254478211	0.9909840627577632	0.9932406968595929	0.9922978593797647	0.9783650466757403	0.9930142437010376	0.9827972180933645	1.0	0.9929722188491804	0.9891875333945465	0.9930539065999475	0.9940816914440835	0.9911465802546179	0.992302991260567	0.9920961863338735	0.9560493069868126	0.9942342749393338	0.9922649755379139	0.9936200003179031	0.9927645885756831	0.9716449329429527	0.9704790358074207	0.9916326595857959
0.9575272119134625	0.9934533486535971	0.9920669896281149	0.9903690245648047	0.9910469923899233	0.9939628889331895	0.99214347621	0.9812875058590953	0.9917157153986917	0.9833356183619089	0.9929722188491804	1.0	0.9915172532476233	0.9937698297486962	0.9945414457823029	0.9906430497844575	0.992130257882132	0.9944099069288425	0.9571315527905868	0.9922073799443746	0.9929393850897005	0.9944103788236598	0.9915723500668974	0.9725001610089979	0.972005712469357	0.990803725996848
0.9549037286077982	0.9889185580300558	0.9879915148318754	0.9861140949851673	0.9873282197786442	0.9899943353737026	0.9895890510610287	0.9820278616864876	0.9885775666999211	0.9816877943575223	0.9891875333945465	0.9915172532476233	1.0	0.9900854672387656	0.9931571617270146	0.9876985791948575	0.9886879801477061	0.9901076131503295	0.9550108478308647	0.9894206769031326	0.9884917671189167	0.9898537825036835	0.9880648630622694	0.969556397615047	0.9689406901671103	0.9865135085120542
0.9590174846492697	0.992578460779647	0.992478468562305	0.990747498458781	0.9919107258966836	0.9937434937185287	0.9939897362578162	0.9802104915659676	0.9930530434810046	0.9831918033518334	0.9930539065999475	0.9937698297486962	0.9900854672387656	1.0	0.9939454113402365	0.9920220661247642	0.9933901653381807	0.9924256958931725	0.9562065961828649	0.9927883502427937	0.9933796331619484	0.9942526401883937	0.9924949828948607	0.9724947349103357	0.9725997305160585	0.9920541107791593
0.9574954672392421	0.9929503949903398	0.992593168714547	0.9909895265580553	0.99177747151847	0.9941530196866952	0.9935445134848716	0.9807860375096811	0.9927249978063764	0.9837089907480152	0.9940816914440835	0.9945414457823029	0.9931571617270146	0.9939454113402365	1.0	0.9905209498345234	0.9920995734823659	0.9938254774531503	0.9568170072908738	0.994001419746065	0.9926155903020535	0.9936452004243205	0.9916679094211014	0.9723366970270043	0.972041321747087	0.9907410371048988
0.9545384307675999	0.989746253292461	0.9909726236577286	0.9893899015442855	0.9894041968040026	0.9908742256538698	0.9903118633852153	0.9770914041346439	0.9925172986836998	0.9824184512497264	0.9911465802546179	0.9906430497844575	0.9876985791948575	0.9920220661247642	0.9905209498345234	1.0	0.9970837154480938	0.9900923215246691	0.9535395082517677	0.9897781012093351	0.9901519648986664	0.9926848588616707	0.9913825639741014	0.9687699290253826	0.9705280236043607	0.9915037216958316
0.9561828840587713	0.9912359202611214	0.9926157939611554	0.9901586937416096	0.9907997023702109	0.9924801119410743	0.9915587592506174	0.9781131451018884	0.993613307535829	0.9829268237484284	0.992302991260567	0.992130257882132	0.9886879801477061	0.9933901653381807	0.9920995734823659	0.9970837154480938	1.0	0.9911388828964363	0.9550350890044841	0.9910919492425645	0.991439343092868	0.9940505546460348	0.9924769389128655	0.9706217315755673	0.9712844533890039	0.9924543862892249
0.9552081960322804	0.9931859667630664	0.991385252566559	0.9898352015057494	0.9913566260594825	0.9927510914231932	0.9918745436969678	0.9794433079131765	0.9917375792565575	0.9825313748355659	0.9920961863338735	0.9944099069288425	0.9901076131503295	0.9924256958931725	0.9938254774531503	0.9900923215246691	0.9911388828964363	1.0	0.9543007760267306	0.9911159207279874	0.9917889606636361	0.9929726978291333	0.9904929500320259	0.970874792910441	0.9702019309156739	0.9902692429666464
0.9786197473117157	0.9569692551620258	0.9530479025017047	0.9524992205072895	0.9568171564670219	0.9562327673561134	0.9569019138683377	0.9493227148959817	0.9531069387893942	0.9486254695847773	0.9560493069868126	0.9571315527905868	0.9550108478308647	0.9562065961828649	0.9568170072908738	0.9535395082517677	0.9550350890044841	0.9543007760267306	1.0	0.9568414990093201	0.9557950191898357	0.9548486248691938	0.9539016788766334	0.9776883270443059	0.9771939358521784	0.9533798003231299
0.9591574072216708	0.992029580865304	0.9916866131225345	0.9899147331955626	0.9902913862510061	0.9925809292314584	0.9918720341152146	0.9800105481788829	0.9920308420951457	0.9821956952566679	0.9942342749393338	0.9922073799443746	0.9894206769031326	0.9927883502427937	0.994001419746065	0.9897781012093351	0.9910919492425645	0.9911159207279874	0.9568414990093201	1.0	0.9920002193730838	0.992278733718146	0.9909907666961978	0.9727823306612662	0.9719255477673105	0.9901132442567243
0.9568984626732123	0.992326603511284	0.9912722191398479	0.9899675350090581	0.9910250043034967	0.993256746655994	0.9920135147611537	0.9807117401904055	0.9920642042376502	0.9819619525821874	0.9922649755379139	0.9929393850897005	0.9884917671189167	0.9933796331619484	0.9926155903020535	0.9901519648986664	0.991439343092868	0.9917889606636361	0.9557950191898357	0.9920002193730838	1.0	0.9936323379078262	0.990635817707849	0.9719529243703027	0.9728918430981274	0.9904933465964245
0.956903840596779	0.993072135101021	0.9933596992415763	0.991729210673889	0.9925359402233249	0.9941989470741099	0.9932251683189532	0.981072043306093	0.9942955557209853	0.984229331625211	0.9936200003179031	0.9944103788236598	0.9898537825036835	0.9942526401883937	0.9936452004243205	0.9926848588616707	0.9940505546460348	0.9929726978291333	0.9548486248691938	0.992278733718146	0.9936323379078262	1.0	0.9933095027539672	0.9719103661927835	0.9718886472404704	0.9931662564217725
0.9559958722003303	0.9904204864103789	0.9925022523946115	0.9913201859234484	0.9898504143070391	0.9914995740832356	0.9906841266142045	0.9770895036627482	0.9943227618517296	0.9828623011057178	0.9927645885756831	0.9915723500668974	0.9880648630622694	0.9924949828948607	0.9916679094211014	0.9913825639741014	0.9924769389128655	0.9904929500320259	0.9539016788766334	0.9909907666961978	0.990635817707849	0.9933095027539672	1.0	0.9691578361356793	0.970722402907834	0.9928741938909037
0.9827352718983332	0.9722610024860892	0.9691214375894951	0.9676040016052652	0.971700890560013	0.973605974518072	0.9725742299562796	0.9621126423372728	0.9694232896107797	0.9607349921394165	0.9716449329429527	0.9725001610089979	0.969556397615047	0.9724947349103357	0.9723366970270043	0.9687699290253826	0.9706217315755673	0.970874792910441	0.9776883270443059	0.9727823306612662	0.9719529243703027	0.9719103661927835	0.9691578361356793	1.0	0.9857181555308823	0.9684199995174616
0.9824178566194	0.9725978836888882	0.9708207852736758	0.968392917038256	0.9708336122634843	0.9737591041792923	0.9720649764950893	0.9622564549812598	0.9705314988993021	0.9618979717823994	0.9704790358074207	0.972005712469357	0.9689406901671103	0.9725997305160585	0.972041321747087	0.9705280236043607	0.9712844533890039	0.9702019309156739	0.9771939358521784	0.9719255477673105	0.9728918430981274	0.9718886472404704	0.970722402907834	0.9857181555308823	1.0	0.969888801603263
0.9547748970921507	0.9902917839104793	0.9921961002424085	0.9906130541600682	0.9895612248081782	0.9911045922681477	0.9907094223626338	0.9778885363354327	0.993679940817532	0.982675189744551	0.9916326595857959	0.990803725996848	0.9865135085120542	0.9920541107791593	0.9907410371048988	0.9915037216958316	0.9924543862892249	0.9902692429666464	0.9533798003231299	0.9901132442567243	0.9904933465964245	0.9931662564217725	0.9928741938909037	0.9684199995174616	0.969888801603263	1.0
