/home/jshaw/scratch/2022_sketched_distance/references/SGB_genome_fastas_part4/14243/Bengtsson-PalmeJ_2015__TRAVELRES18__bin.12.fa	/home/jshaw/scratch/2022_sketched_distance/references/SGB_genome_fastas_part4/14243/Bengtsson-PalmeJ_2015__TRAVELRES39__bin.16.fa	/home/jshaw/scratch/2022_sketched_distance/references/SGB_genome_fastas_part4/14243/Bengtsson-PalmeJ_2015__TRAVELRES50__bin.100.fa	/home/jshaw/scratch/2022_sketched_distance/references/SGB_genome_fastas_part4/14243/CosteaPI_2017__SID713A004-11-90-0__bin.60.fa	/home/jshaw/scratch/2022_sketched_distance/references/SGB_genome_fastas_part4/14243/CosteaPI_2017__SID713A028-11-0-0__bin.13.fa	/home/jshaw/scratch/2022_sketched_distance/references/SGB_genome_fastas_part4/14243/HMP_2012__SRS011134__bin.70.fa	/home/jshaw/scratch/2022_sketched_distance/references/SGB_genome_fastas_part4/14243/HMP_2012__SRS017307__bin.46.fa	/home/jshaw/scratch/2022_sketched_distance/references/SGB_genome_fastas_part4/14243/LeChatelierE_2013__MH0012__bin.34.fa	/home/jshaw/scratch/2022_sketched_distance/references/SGB_genome_fastas_part4/14243/LeChatelierE_2013__MH0224__bin.18.fa	/home/jshaw/scratch/2022_sketched_distance/references/SGB_genome_fastas_part4/14243/LeChatelierE_2013__MH0250__bin.73.fa	/home/jshaw/scratch/2022_sketched_distance/references/SGB_genome_fastas_part4/14243/LeChatelierE_2013__MH0318__bin.94.fa	/home/jshaw/scratch/2022_sketched_distance/references/SGB_genome_fastas_part4/14243/LeChatelierE_2013__MH0407__bin.9.fa	/home/jshaw/scratch/2022_sketched_distance/references/SGB_genome_fastas_part4/14243/LeChatelierE_2013__MH0428__bin.92.fa	/home/jshaw/scratch/2022_sketched_distance/references/SGB_genome_fastas_part4/14243/LiJ_2014__MH0262__bin.31.fa	/home/jshaw/scratch/2022_sketched_distance/references/SGB_genome_fastas_part4/14243/LiJ_2014__MH0338__bin.39.fa	/home/jshaw/scratch/2022_sketched_distance/references/SGB_genome_fastas_part4/14243/LiJ_2014__MH0339__bin.58.fa	/home/jshaw/scratch/2022_sketched_distance/references/SGB_genome_fastas_part4/14243/LiJ_2014__MH0399__bin.80.fa	/home/jshaw/scratch/2022_sketched_distance/references/SGB_genome_fastas_part4/14243/LiJ_2014__MH0402__bin.1.fa	/home/jshaw/scratch/2022_sketched_distance/references/SGB_genome_fastas_part4/14243/LiJ_2014__O2.UC13-1__bin.11.fa	/home/jshaw/scratch/2022_sketched_distance/references/SGB_genome_fastas_part4/14243/LiuW_2016__SRR3992981__bin.39.fa	/home/jshaw/scratch/2022_sketched_distance/references/SGB_genome_fastas_part4/14243/LiuW_2016__SRR3993056__bin.66.fa	/home/jshaw/scratch/2022_sketched_distance/references/SGB_genome_fastas_part4/14243/LoombaR_2017__SID0012_qdz__bin.71.fa	/home/jshaw/scratch/2022_sketched_distance/references/SGB_genome_fastas_part4/14243/NielsenHB_2014__MH0012__bin.89.fa	/home/jshaw/scratch/2022_sketched_distance/references/SGB_genome_fastas_part4/14243/QinJ_2012__T2D-085__bin.20.fa	/home/jshaw/scratch/2022_sketched_distance/references/SGB_genome_fastas_part4/14243/XieH_2016__YSZC12003_35520__bin.37.fa	/home/jshaw/scratch/2022_sketched_distance/references/SGB_genome_fastas_part4/14243/XieH_2016__YSZC12003_35549__bin.54.fa	/home/jshaw/scratch/2022_sketched_distance/references/SGB_genome_fastas_part4/14243/XieH_2016__YSZC12003_35550__bin.91.fa	/home/jshaw/scratch/2022_sketched_distance/references/SGB_genome_fastas_part4/14243/XieH_2016__YSZC12003_36033__bin.79.fa	/home/jshaw/scratch/2022_sketched_distance/references/SGB_genome_fastas_part4/14243/XieH_2016__YSZC12003_36058__bin.61.fa	/home/jshaw/scratch/2022_sketched_distance/references/SGB_genome_fastas_part4/14243/XieH_2016__YSZC12003_36667__bin.109.fa	/home/jshaw/scratch/2022_sketched_distance/references/SGB_genome_fastas_part4/14243/XieH_2016__YSZC12003_37176__bin.69.fa	/home/jshaw/scratch/2022_sketched_distance/references/SGB_genome_fastas_part4/14243/XieH_2016__YSZC12003_37203__bin.14.fa	/home/jshaw/scratch/2022_sketched_distance/references/SGB_genome_fastas_part4/14243/XieH_2016__YSZC12003_37228__bin.96.fa	/home/jshaw/scratch/2022_sketched_distance/references/SGB_genome_fastas_part4/14243/XieH_2016__YSZC12003_37264__bin.28.fa	/home/jshaw/scratch/2022_sketched_distance/references/SGB_genome_fastas_part4/14243/XieH_2016__YSZC12003_37265R1__bin.26.fa	/home/jshaw/scratch/2022_sketched_distance/references/SGB_genome_fastas_part4/14243/XieH_2016__YSZC12003_37315__bin.119.fa	/home/jshaw/scratch/2022_sketched_distance/references/SGB_genome_fastas_part4/14243/XieH_2016__YSZC12003_37393__bin.68.fa	/home/jshaw/scratch/2022_sketched_distance/references/SGB_genome_fastas_part4/14243/XieH_2016__YSZC12003_37652__bin.41.fa	/home/jshaw/scratch/2022_sketched_distance/references/SGB_genome_fastas_part4/14243/XieH_2016__YSZC12003_37797__bin.14.fa	/home/jshaw/scratch/2022_sketched_distance/references/SGB_genome_fastas_part4/14243/ZellerG_2014__CCIS07539127ST-4-0__bin.75.fa
1.0	0.988914199701279	0.9880750911964107	0.9832076997434893	0.9879462378490312	0.9885407850662647	0.9821886528744357	0.9934643161588937	0.9795099804498801	0.9796262347630692	0.98827344697649	0.9798045519488366	0.9773529772998834	0.9868077540437072	0.9796820934209136	0.9856672297157849	0.9816396022506375	0.9832638696185821	0.9864010249213914	0.9753779161646868	0.9842065053153206	0.9815757249889565	0.9934093570317918	0.9862503230113705	0.9881351269358786	0.9876230402311007	0.9832990332339636	0.9825519393697592	0.9831153378443834	0.9786542584147371	0.9880952665304166	0.984887590708321	0.9868239478048815	0.988048084767299	0.9822540785718036	0.9844404632810508	0.9880055506858781	0.9829052439167855	0.9836869836511188	0.9865762027887351
0.988914199701279	1.0	0.9887821625045051	0.9837103919222154	0.9886018435566897	0.9891983689933005	0.9829679430829882	0.9896124525426396	0.9801968345957627	0.9802331808818764	0.9893168074869353	0.9797216613952283	0.9779991614952182	0.9869730075901518	0.9799364532422763	0.9871219998971813	0.9824105392917899	0.9840756590874588	0.9871071854480801	0.9758876083446779	0.9845890545237986	0.9822931624702737	0.989583084552192	0.9862751996389958	0.9889754897926585	0.9891675328357904	0.9834865155340476	0.9820411958729642	0.9841877332511754	0.9799539567085258	0.9889015846081567	0.9853701891522556	0.9870740268122518	0.987725190406068	0.9823859285789347	0.9848805977022698	0.988867132698297	0.9831164663779367	0.9833770100236557	0.9875215073756926
0.9880750911964107	0.9887821625045051	1.0	0.9839509764580829	0.9901409267688991	0.9875895687667858	0.9831905132770375	0.988734949430907	0.982899860417928	0.9803698179332283	0.9909084750927024	0.9811250152781262	0.9808511599461384	0.9874152116040755	0.9809333406572317	0.9881885323316127	0.984606918196374	0.9854652751293237	0.9898554759141447	0.9768046784322004	0.9850262818058613	0.9820102727913749	0.9889213688318327	0.9863324758906294	0.9900661190637363	0.9877020747432964	0.9836428025215599	0.9825561608089366	0.9844507309051987	0.9803148187243507	0.9900807294991698	0.9854728376520085	0.9862112374250318	0.9866914934553596	0.9831670336318173	0.9845770074606929	0.9906198719811113	0.9824000935095986	0.9832188404697663	0.9888590035421243
0.9832076997434893	0.9837103919222154	0.9839509764580829	1.0	0.983098799860605	0.9826796911968039	0.9781485893948436	0.983825225292662	0.9782273174372488	0.976867190863061	0.9847352063142345	0.976727336810636	0.9742743608177586	0.9817981385771194	0.9777667021693375	0.9831609294054139	0.9787535212678318	0.9811607265984899	0.9817992902561399	0.9711198201854735	0.9796832299281214	0.9766379841985613	0.9837968944037576	0.9823741065984932	0.983440743950163	0.9823154389836596	0.9787142315917968	0.9773966065911067	0.9778029367962346	0.9730906114938908	0.9837001479956787	0.9807131926499117	0.9809583548964689	0.9820673079241411	0.9769543373988213	0.9800701172118329	0.9835401983261203	0.9771526626411886	0.9775657127967271	0.9823236265065612
0.9879462378490312	0.9886018435566897	0.9901409267688991	0.983098799860605	1.0	0.9877001730984627	0.9828870235064231	0.9886285681043107	0.9814775837791359	0.9802034904513443	0.9907795801194792	0.9800558063507901	0.979962250172091	0.9870140165704893	0.9819860951861004	0.9881216353272743	0.9845067715372191	0.9859339094077488	0.9879778366817971	0.9759212585677444	0.9842181091828862	0.9819473416208114	0.9887299406919718	0.9856471405690199	0.9905275697645878	0.9877811144524269	0.9830563589155232	0.9825617492322547	0.985979788497566	0.9819388454309712	0.9904330865298726	0.9853411663432392	0.9862134010842523	0.9872453456115541	0.9824555763449375	0.9845147948155549	0.9914477815907675	0.9823168838771389	0.9834091520926864	0.9890188722023567
0.9885407850662647	0.9891983689933005	0.9875895687667858	0.9826796911968039	0.9877001730984627	1.0	0.9819947490596002	0.9891746683787663	0.9791064813072079	0.9786242863218583	0.9882355019671172	0.9798130061796023	0.9775058035381686	0.9871895875162678	0.9781885044018225	0.9854740896549465	0.9809652039351451	0.983146816450121	0.9867583829596904	0.975544558660056	0.9842182922358131	0.981291552326256	0.9890600578516219	0.9858289770529333	0.9884066399132944	0.9882671927878794	0.9830512194272412	0.9818108711020621	0.9830673261461611	0.9792271053534534	0.9876497143510095	0.9847426346235015	0.9860762279003177	0.9878764486882092	0.9820054015369737	0.9840206660382603	0.9880441610993689	0.9817602742187012	0.9841210146484095	0.9865261859734153
0.9821886528744357	0.9829679430829882	0.9831905132770375	0.9781485893948436	0.9828870235064231	0.9819947490596002	1.0	0.9830634734435238	0.9780856707259421	0.9768238984517984	0.9825579449066997	0.9799390576414816	0.9739659375518307	0.9846527522959032	0.9753837333489547	0.9816971046026823	0.9783706233079345	0.9792201551579787	0.981718179625305	0.9704562377407007	0.9837820804663577	0.9767252443722214	0.9832386109408964	0.9812902976163266	0.9830023058601578	0.9860243646261913	0.9783210882868278	0.9777766155097245	0.97712543547743	0.9728640268591422	0.9816365917286846	0.9792445293255552	0.980949064330327	0.9812294654694743	0.9813540434470024	0.9798640337197355	0.9830426521167693	0.9774411873364763	0.981563901683475	0.9824014789506608
0.9934643161588937	0.9896124525426396	0.988734949430907	0.983825225292662	0.9886285681043107	0.9891746683787663	0.9830634734435238	1.0	0.9803346747154565	0.9797926987204794	0.9891110001573115	0.9798972561766207	0.9781891414998911	0.9877338289968448	0.9801839911636865	0.986359360101544	0.9823474958627672	0.9837221754633251	0.9877426451211774	0.9758288094304003	0.9845114929167126	0.9819924549282993	0.9979553312520383	0.9863537862208666	0.9894847728403231	0.9888630428998396	0.9835423012637666	0.9831507706989976	0.9839695074020308	0.9795335985405296	0.9889247079301091	0.9859457043752057	0.9871157770506793	0.9884568562014162	0.9832351585875839	0.9850297557368195	0.989030293742312	0.9832025520007279	0.9844604617562446	0.9876116455378534
0.9795099804498801	0.9801968345957627	0.982899860417928	0.9782273174372488	0.9814775837791359	0.9791064813072079	0.9780856707259421	0.9803346747154565	1.0	0.9750027362638378	0.9835568103941442	0.9765527214181182	0.9757286059420459	0.979910981716602	0.9755151278164058	0.9824482375223421	0.9803837058942954	0.9802614056856939	0.9800122966521938	0.9716834932331239	0.9782468587870278	0.9757097187785158	0.9813282662007582	0.979117594978374	0.9839362616227066	0.9789147027884341	0.9777983203987015	0.9786729373178104	0.978871453143692	0.9748648807204713	0.982315567820873	0.9788053153676072	0.9782925558297388	0.9798983576216391	0.9768188605390749	0.9778082875260262	0.983263997862921	0.975863402821625	0.977018091666379	0.9844173324633865
0.9796262347630692	0.9802331808818764	0.9803698179332283	0.976867190863061	0.9802034904513443	0.9786242863218583	0.9768238984517984	0.9797926987204794	0.9750027362638378	1.0	0.98039440252813	0.9741985595812199	0.9711793994061066	0.9787030414783887	0.9737669842362305	0.9788960030587633	0.9752774985202873	0.9776899772609189	0.9782100558439142	0.9689305044851793	0.9765709430776519	0.9739355373100795	0.9800905809182422	0.9795641899932795	0.9798741834642296	0.979094960097165	0.9758738149808696	0.9749620693457872	0.9734918760838958	0.9697590620894949	0.9795079119701059	0.9770845197589673	0.978215907068979	0.9790391651665417	0.9752987623729645	0.9780590640039486	0.9799487020777509	0.9786249642011124	0.9740049671606954	0.9793881362065238
0.98827344697649	0.9893168074869353	0.9909084750927024	0.9847352063142345	0.9907795801194792	0.9882355019671172	0.9825579449066997	0.9891110001573115	0.9835568103941442	0.98039440252813	1.0	0.9809814275843585	0.9813421662124366	0.98794936087762	0.9821248477988208	0.9887835800648546	0.9848406060542924	0.9865075299282751	0.989708977293559	0.9757491115382118	0.9851031852365723	0.981760956431166	0.9886355161942302	0.986690857461233	0.9916611278970962	0.9887208174755189	0.983385443838439	0.9822031478742486	0.9858844963427681	0.9808604494331263	0.9951068119944669	0.9857045773076956	0.9871341922518989	0.9879252972885213	0.9829523926897834	0.9846829406012324	0.9915407148545498	0.9826498797724575	0.9834335365508515	0.9906205088554826
0.9798045519488366	0.9797216613952283	0.9811250152781262	0.976727336810636	0.9800558063507901	0.9798130061796023	0.9799390576414816	0.9798972561766207	0.9765527214181182	0.9741985595812199	0.9809814275843585	1.0	0.9721074898189328	0.9820200551880581	0.9742632411033816	0.9784307636985043	0.97621637251924	0.9766950748786979	0.9779073861092367	0.9680174315867318	0.9792221135381759	0.9738199394229724	0.9803947483505309	0.9786119880511935	0.9801751462430401	0.9830846347946169	0.975751211056962	0.9755709630084551	0.9739221800576864	0.9703316108628127	0.9794596070374437	0.976919686962567	0.9789550261708708	0.9785970403040627	0.9777482431672493	0.9769443007008207	0.9800222214969092	0.9748664556692841	0.9766166232313351	0.9799920954455031
0.9773529772998834	0.9779991614952182	0.9808511599461384	0.9742743608177586	0.979962250172091	0.9775058035381686	0.9739659375518307	0.9781891414998911	0.9757286059420459	0.9711793994061066	0.9813421662124366	0.9721074898189328	1.0	0.9769811311609118	0.9746086769083057	0.9795620750555081	0.9756320417409152	0.9774189909238217	0.978713287376389	0.964065989558178	0.9743984758852653	0.9734572558624154	0.9779267038017888	0.976342409221567	0.9826136832350031	0.977976091772315	0.9742309544369404	0.9742784163282934	0.9751296148199284	0.9706848576617071	0.9807944657729022	0.9754476451795897	0.9757188043952748	0.9763488288873885	0.9727270479663537	0.9745196097929869	0.9813559581053463	0.9723181536105711	0.9718884915015031	0.9815415831025501
0.9868077540437072	0.9869730075901518	0.9874152116040755	0.9817981385771194	0.9870140165704893	0.9871895875162678	0.9846527522959032	0.9877338289968448	0.979910981716602	0.9787030414783887	0.98794936087762	0.9820200551880581	0.9769811311609118	1.0	0.978138172213862	0.9853924099753394	0.9806530049949894	0.9822948368032859	0.9863365618144533	0.9746135469296119	0.9876815286050932	0.9800408736280277	0.9876294209456504	0.984588119933043	0.9872563786619474	0.9917036036229738	0.9812158296363943	0.9801527845224499	0.9818739850866225	0.9768868942199951	0.9872775386064843	0.984868111430378	0.9846535838530438	0.9860800328104072	0.9839729311287297	0.9832426996410788	0.9872544195429669	0.9815899342124358	0.9852584434744416	0.9860402717487395
0.9796820934209136	0.9799364532422763	0.9809333406572317	0.9777667021693375	0.9819860951861004	0.9781885044018225	0.9753837333489547	0.9801839911636865	0.9755151278164058	0.9737669842362305	0.9821248477988208	0.9742632411033816	0.9746086769083057	0.978138172213862	1.0	0.9809675818878514	0.9811324046896744	0.9832276550321598	0.9791125918746335	0.9684202842610313	0.9758101178790405	0.9749129744456946	0.9806577694691846	0.9786313437347549	0.9814847378715659	0.9786216887318898	0.9766243574406179	0.9756619056543218	0.9776150631155374	0.9765929431330928	0.981567580010984	0.9772794135782809	0.9779310791303687	0.9787687634568815	0.9743619967417094	0.9770356876990134	0.9838947465830644	0.9748412680089945	0.9760403757758951	0.9817585405215594
0.9856672297157849	0.9871219998971813	0.9881885323316127	0.9831609294054139	0.9881216353272743	0.9854740896549465	0.9816971046026823	0.986359360101544	0.9824482375223421	0.9788960030587633	0.9887835800648546	0.9784307636985043	0.9795620750555081	0.9853924099753394	0.9809675818878514	1.0	0.9837527588525861	0.9855179819404024	0.9863158933255122	0.9735048166813549	0.9825758182327465	0.979394379755964	0.9868292681469563	0.9844928506539911	0.9886475305964064	0.9853707370632215	0.981256819647825	0.9812821403935441	0.9846287876467947	0.9778771913942885	0.9881490983205155	0.9831611747054309	0.9839157375701103	0.9847628713939095	0.9810571874022037	0.983193654240018	0.9890499833254676	0.979606128425398	0.9807108023209584	0.988339396618282
0.9816396022506375	0.9824105392917899	0.984606918196374	0.9787535212678318	0.9845067715372191	0.9809652039351451	0.9783706233079345	0.9823474958627672	0.9803837058942954	0.9752774985202873	0.9848406060542924	0.97621637251924	0.9756320417409152	0.9806530049949894	0.9811324046896744	0.9837527588525861	1.0	0.9845715706082332	0.9812685154159382	0.970779210102358	0.9778773044996951	0.9773969884822036	0.9828914851302811	0.9807357432080392	0.9846165754075273	0.9810958689626827	0.977173572140594	0.9773371535019018	0.9795826249389308	0.9766199307555196	0.9837772763080708	0.9792250917828039	0.98035393222888	0.9816539614014145	0.9768074926429722	0.9791466016513711	0.9862886287605217	0.9760764829616103	0.976856870627291	0.9832038020598242
0.9832638696185821	0.9840756590874588	0.9854652751293237	0.9811607265984899	0.9859339094077488	0.983146816450121	0.9792201551579787	0.9837221754633251	0.9802614056856939	0.9776899772609189	0.9865075299282751	0.9766950748786979	0.9774189909238217	0.9822948368032859	0.9832276550321598	0.9855179819404024	0.9845715706082332	1.0	0.9831752381199059	0.9715743285432127	0.9799826096047367	0.9774189909238217	0.9839161053625922	0.9827693434577406	0.9852156088845687	0.9830483028805458	0.9786770865337059	0.9788237120919595	0.9803583821831865	0.9770002955454865	0.9853166417526877	0.9805991958752078	0.981500176123434	0.9822601333724259	0.977599888236004	0.9807274736746713	0.9866742462167782	0.97742687504491	0.9785537768858653	0.9851634623268833
0.9864010249213914	0.9871071854480801	0.9898554759141447	0.9817992902561399	0.9879778366817971	0.9867583829596904	0.981718179625305	0.9877426451211774	0.9800122966521938	0.9782100558439142	0.989708977293559	0.9779073861092367	0.978713287376389	0.9863365618144533	0.9791125918746335	0.9863158933255122	0.9812685154159382	0.9831752381199059	1.0	0.9739864875171805	0.9829619485265371	0.9802471026555138	0.9878082414636615	0.9843853564592541	0.9885292258833437	0.9870206181422511	0.9812453983545689	0.9803762540391402	0.983183742626732	0.9775039146477265	0.9887614864608608	0.9840809207311068	0.9843221873727456	0.9858683664921017	0.9806549045049664	0.9829215881703233	0.9887458285742163	0.9808863644737573	0.98121603888584	0.9871836040038203
0.9753779161646868	0.9758876083446779	0.9768046784322004	0.9711198201854735	0.9759212585677444	0.975544558660056	0.9704562377407007	0.9758288094304003	0.9716834932331239	0.9689305044851793	0.9757491115382118	0.9680174315867318	0.964065989558178	0.9746135469296119	0.9684202842610313	0.9735048166813549	0.970779210102358	0.9715743285432127	0.9739864875171805	1.0	0.9770381470115592	0.9673904385025526	0.9760462602902988	0.9740673136178639	0.9763005681568024	0.9746948321223824	0.975886609847984	0.973897172078504	0.9782178458962423	0.9787309312182343	0.9758733663750304	0.9733011983706845	0.9754534235555622	0.9751476290049422	0.9717357713716468	0.9740812503360913	0.9764832255779211	0.9764548941014795	0.9788937487482815	0.9755061823401955
0.9842065053153206	0.9845890545237986	0.9850262818058613	0.9796832299281214	0.9842181091828862	0.9842182922358131	0.9837820804663577	0.9845114929167126	0.9782468587870278	0.9765709430776519	0.9851031852365723	0.9792221135381759	0.9743984758852653	0.9876815286050932	0.9758101178790405	0.9825758182327465	0.9778773044996951	0.9799826096047367	0.9829619485265371	0.9770381470115592	1.0	0.9779705808934488	0.9849510088934925	0.9823031490176005	0.984295454455611	0.9871302328407855	0.9802093646945077	0.9792339517560913	0.9806970447167253	0.9780926540489039	0.9847422977618426	0.9811828634882928	0.9823584301543477	0.982848636466548	0.9823344973324722	0.9816087437665558	0.9851252769753142	0.9807780957176812	0.9831495468899341	0.9839726293023566
0.9815757249889565	0.9822931624702737	0.9820102727913749	0.9766379841985613	0.9819473416208114	0.981291552326256	0.9767252443722214	0.9819924549282993	0.9757097187785158	0.9739355373100795	0.981760956431166	0.9738199394229724	0.9734572558624154	0.9800408736280277	0.9749129744456946	0.979394379755964	0.9773969884822036	0.9774189909238217	0.9802471026555138	0.9673904385025526	0.9779705808934488	1.0	0.982361811036298	0.9801998792821041	0.9822719059902966	0.9818168120562939	0.9769447237465603	0.9765530266986339	0.9768534302044464	0.9722310800718333	0.9816110449064356	0.9786875075262673	0.9800747549680774	0.9808663298577911	0.9767431245438362	0.9783836413556408	0.9817182077864329	0.9764445512434798	0.9769122036419192	0.9808507928669224
0.9934093570317918	0.989583084552192	0.9889213688318327	0.9837968944037576	0.9887299406919718	0.9890600578516219	0.9832386109408964	0.9979553312520383	0.9813282662007582	0.9800905809182422	0.9886355161942302	0.9803947483505309	0.9779267038017888	0.9876294209456504	0.9806577694691846	0.9868292681469563	0.9828914851302811	0.9839161053625922	0.9878082414636615	0.9760462602902988	0.9849510088934925	0.982361811036298	1.0	0.9865980084913651	0.9893538672503627	0.9883068654524801	0.9843557334166803	0.9836703264100524	0.9842838180981573	0.9794810009887046	0.9883780362506905	0.986255453682535	0.9874002634786668	0.9886921612226556	0.983471252768162	0.9854852797323524	0.9890732685947915	0.9838017699798827	0.9839432259947951	0.9878407235452438
0.9862503230113705	0.9862751996389958	0.9863324758906294	0.9823741065984932	0.9856471405690199	0.9858289770529333	0.9812902976163266	0.9863537862208666	0.979117594978374	0.9795641899932795	0.986690857461233	0.9786119880511935	0.976342409221567	0.984588119933043	0.9786313437347549	0.9844928506539911	0.9807357432080392	0.9827693434577406	0.9843853564592541	0.9740673136178639	0.9823031490176005	0.9801998792821041	0.9865980084913651	1.0	0.9858065334143581	0.9852362537776089	0.9823142913089039	0.9803045674363636	0.9810797269043374	0.9768352221229374	0.9863055254041682	0.9829761516247308	0.9846656935490314	0.9852486202280731	0.9805578474180655	0.9831400430279723	0.9864909035110152	0.9803159437954593	0.9812477545197237	0.9854598056617773
0.9881351269358786	0.9889754897926585	0.9900661190637363	0.983440743950163	0.9905275697645878	0.9884066399132944	0.9830023058601578	0.9894847728403231	0.9839362616227066	0.9798741834642296	0.9916611278970962	0.9801751462430401	0.9826136832350031	0.9872563786619474	0.9814847378715659	0.9886475305964064	0.9846165754075273	0.9852156088845687	0.9885292258833437	0.9763005681568024	0.984295454455611	0.9822719059902966	0.9893538672503627	0.9858065334143581	1.0	0.9886929774568125	0.9836037174719742	0.9830590519254934	0.9861684584267572	0.9817660494862221	0.9909813408722893	0.9858373843760315	0.9864724624141228	0.9876314472137929	0.9830553649044317	0.9847633652238966	0.9913600211615884	0.9829952663223256	0.9835763164520301	0.9916270756362824
0.9876230402311007	0.9891675328357904	0.9877020747432964	0.9823154389836596	0.9877811144524269	0.9882671927878794	0.9860243646261913	0.9888630428998396	0.9789147027884341	0.979094960097165	0.9887208174755189	0.9830846347946169	0.977976091772315	0.9917036036229738	0.9786216887318898	0.9853707370632215	0.9810958689626827	0.9830483028805458	0.9870206181422511	0.9746948321223824	0.9871302328407855	0.9818168120562939	0.9883068654524801	0.9852362537776089	0.9886929774568125	1.0	0.981785334217712	0.9809535512926005	0.9833510451784782	0.9785968567744527	0.9885243000960421	0.985221754228543	0.9857586688127371	0.9868274656837955	0.985341418582607	0.9838766828308589	0.9880911474284505	0.9825713413750923	0.9874992731807015	0.986955268871092
0.9832990332339636	0.9834865155340476	0.9836428025215599	0.9787142315917968	0.9830563589155232	0.9830512194272412	0.9783210882868278	0.9835423012637666	0.9777983203987015	0.9758738149808696	0.983385443838439	0.975751211056962	0.9742309544369404	0.9812158296363943	0.9766243574406179	0.981256819647825	0.977173572140594	0.9786770865337059	0.9812453983545689	0.975886609847984	0.9802093646945077	0.9769447237465603	0.9843557334166803	0.9823142913089039	0.9836037174719742	0.981785334217712	1.0	0.9801507474644976	0.9813310030182874	0.9782972547683516	0.9825822903561202	0.9796803591224823	0.9829710297541715	0.9833609311952255	0.9793786891104896	0.9803232156692253	0.984028889606575	0.9797295800041808	0.9804838646832141	0.9829604038723139
0.9825519393697592	0.9820411958729642	0.9825561608089366	0.9773966065911067	0.9825617492322547	0.9818108711020621	0.9777766155097245	0.9831507706989976	0.9786729373178104	0.9749620693457872	0.9822031478742486	0.9755709630084551	0.9742784163282934	0.9801527845224499	0.9756619056543218	0.9812821403935441	0.9773371535019018	0.9788237120919595	0.9803762540391402	0.973897172078504	0.9792339517560913	0.9765530266986339	0.9836703264100524	0.9803045674363636	0.9830590519254934	0.9809535512926005	0.9801507474644976	1.0	0.9800100300947436	0.9774243648518882	0.9819942591841934	0.9798319744781974	0.9811190647347925	0.9818741032126062	0.9781421275411288	0.9807278286077595	0.9823399852252306	0.9793378211908457	0.9800770095839486	0.9820826220222545
0.9831153378443834	0.9841877332511754	0.9844507309051987	0.9778029367962346	0.985979788497566	0.9830673261461611	0.97712543547743	0.9839695074020308	0.978871453143692	0.9734918760838958	0.9858844963427681	0.9739221800576864	0.9751296148199284	0.9818739850866225	0.9776150631155374	0.9846287876467947	0.9795826249389308	0.9803583821831865	0.983183742626732	0.9782178458962423	0.9806970447167253	0.9768534302044464	0.9842838180981573	0.9810797269043374	0.9861684584267572	0.9833510451784782	0.9813310030182874	0.9800100300947436	1.0	0.9869941369297865	0.9860813257015896	0.9800679776309179	0.9820047690121044	0.9829927730883062	0.9780858091490204	0.9803331517483157	0.9855466176403139	0.9828988536209555	0.9872487216720641	0.9846869361806116
0.9786542584147371	0.9799539567085258	0.9803148187243507	0.9730906114938908	0.9819388454309712	0.9792271053534534	0.9728640268591422	0.9795335985405296	0.9748648807204713	0.9697590620894949	0.9808604494331263	0.9703316108628127	0.9706848576617071	0.9768868942199951	0.9765929431330928	0.9778771913942885	0.9766199307555196	0.9770002955454865	0.9775039146477265	0.9787309312182343	0.9780926540489039	0.9722310800718333	0.9794810009887046	0.9768352221229374	0.9817660494862221	0.9785968567744527	0.9782972547683516	0.9774243648518882	0.9869941369297865	1.0	0.9817296696568616	0.9759587576215714	0.9791158237189073	0.9797364356662892	0.9737157473671773	0.9766756601400123	0.9846987733215562	0.9787559927360852	0.9847382046173656	0.9803764860391015
0.9880952665304166	0.9889015846081567	0.9900807294991698	0.9837001479956787	0.9904330865298726	0.9876497143510095	0.9816365917286846	0.9889247079301091	0.982315567820873	0.9795079119701059	0.9951068119944669	0.9794596070374437	0.9807944657729022	0.9872775386064843	0.981567580010984	0.9881490983205155	0.9837772763080708	0.9853166417526877	0.9887614864608608	0.9758733663750304	0.9847422977618426	0.9816110449064356	0.9883780362506905	0.9863055254041682	0.9909813408722893	0.9885243000960421	0.9825822903561202	0.9819942591841934	0.9860813257015896	0.9817296696568616	1.0	0.9851980903993189	0.9859100247790634	0.9869976849033139	0.9820825892424914	0.9836625474877759	0.9913824025310891	0.9821450821683049	0.9837567411078781	0.9897081094890535
0.984887590708321	0.9853701891522556	0.9854728376520085	0.9807131926499117	0.9853411663432392	0.9847426346235015	0.9792445293255552	0.9859457043752057	0.9788053153676072	0.9770845197589673	0.9857045773076956	0.976919686962567	0.9754476451795897	0.984868111430378	0.9772794135782809	0.9831611747054309	0.9792250917828039	0.9805991958752078	0.9840809207311068	0.9733011983706845	0.9811828634882928	0.9786875075262673	0.986255453682535	0.9829761516247308	0.9858373843760315	0.985221754228543	0.9796803591224823	0.9798319744781974	0.9800679776309179	0.9759587576215714	0.9851980903993189	1.0	0.9827752238226973	0.9839031786819423	0.9795038660050371	0.9814604160668263	0.9858474245058743	0.9789552785535901	0.9795372731334233	0.9842365671608793
0.9868239478048815	0.9870740268122518	0.9862112374250318	0.9809583548964689	0.9862134010842523	0.9860762279003177	0.980949064330327	0.9871157770506793	0.9782925558297388	0.978215907068979	0.9871341922518989	0.9789550261708708	0.9757188043952748	0.9846535838530438	0.9779310791303687	0.9839157375701103	0.98035393222888	0.981500176123434	0.9843221873727456	0.9754534235555622	0.9823584301543477	0.9800747549680774	0.9874002634786668	0.9846656935490314	0.9864724624141228	0.9857586688127371	0.9829710297541715	0.9811190647347925	0.9820047690121044	0.9791158237189073	0.9859100247790634	0.9827752238226973	1.0	0.9921631306372678	0.9811289842225288	0.9839981991555357	0.9863165910380916	0.9814004144197204	0.9825275402149006	0.985402417428362
0.988048084767299	0.987725190406068	0.9866914934553596	0.9820673079241411	0.9872453456115541	0.9878764486882092	0.9812294654694743	0.9884568562014162	0.9798983576216391	0.9790391651665417	0.9879252972885213	0.9785970403040627	0.9763488288873885	0.9860800328104072	0.9787687634568815	0.9847628713939095	0.9816539614014145	0.9822601333724259	0.9858683664921017	0.9751476290049422	0.982848636466548	0.9808663298577911	0.9886921612226556	0.9852486202280731	0.9876314472137929	0.9868274656837955	0.9833609311952255	0.9818741032126062	0.9829927730883062	0.9797364356662892	0.9869976849033139	0.9839031786819423	0.9921631306372678	1.0	0.9820682630833409	0.9844274385048516	0.9873829018438458	0.982783783655827	0.9828937516001426	0.9859771551885099
0.9822540785718036	0.9823859285789347	0.9831670336318173	0.9769543373988213	0.9824555763449375	0.9820054015369737	0.9813540434470024	0.9832351585875839	0.9768188605390749	0.9752987623729645	0.9829523926897834	0.9777482431672493	0.9727270479663537	0.9839729311287297	0.9743619967417094	0.9810571874022037	0.9768074926429722	0.977599888236004	0.9806549045049664	0.9717357713716468	0.9823344973324722	0.9767431245438362	0.983471252768162	0.9805578474180655	0.9830553649044317	0.985341418582607	0.9793786891104896	0.9781421275411288	0.9780858091490204	0.9737157473671773	0.9820825892424914	0.9795038660050371	0.9811289842225288	0.9820682630833409	1.0	0.9795466583322333	0.9833489878940689	0.9777526892463079	0.9806197026157413	0.9816733069057502
0.9844404632810508	0.9848805977022698	0.9845770074606929	0.9800701172118329	0.9845147948155549	0.9840206660382603	0.9798640337197355	0.9850297557368195	0.9778082875260262	0.9780590640039486	0.9846829406012324	0.9769443007008207	0.9745196097929869	0.9832426996410788	0.9770356876990134	0.983193654240018	0.9791466016513711	0.9807274736746713	0.9829215881703233	0.9740812503360913	0.9816087437665558	0.9783836413556408	0.9854852797323524	0.9831400430279723	0.9847633652238966	0.9838766828308589	0.9803232156692253	0.9807278286077595	0.9803331517483157	0.9766756601400123	0.9836625474877759	0.9814604160668263	0.9839981991555357	0.9844274385048516	0.9795466583322333	1.0	0.984841021495627	0.9795591847933263	0.9801357533302947	0.9841810894226356
0.9880055506858781	0.988867132698297	0.9906198719811113	0.9835401983261203	0.9914477815907675	0.9880441610993689	0.9830426521167693	0.989030293742312	0.983263997862921	0.9799487020777509	0.9915407148545498	0.9800222214969092	0.9813559581053463	0.9872544195429669	0.9838947465830644	0.9890499833254676	0.9862886287605217	0.9866742462167782	0.9887458285742163	0.9764832255779211	0.9851252769753142	0.9817182077864329	0.9890732685947915	0.9864909035110152	0.9913600211615884	0.9880911474284505	0.984028889606575	0.9823399852252306	0.9855466176403139	0.9846987733215562	0.9913824025310891	0.9858474245058743	0.9863165910380916	0.9873829018438458	0.9833489878940689	0.984841021495627	1.0	0.9823702124445496	0.9829568934299924	0.9900744483546389
0.9829052439167855	0.9831164663779367	0.9824000935095986	0.9771526626411886	0.9823168838771389	0.9817602742187012	0.9774411873364763	0.9832025520007279	0.975863402821625	0.9786249642011124	0.9826498797724575	0.9748664556692841	0.9723181536105711	0.9815899342124358	0.9748412680089945	0.979606128425398	0.9760764829616103	0.97742687504491	0.9808863644737573	0.9764548941014795	0.9807780957176812	0.9764445512434798	0.9838017699798827	0.9803159437954593	0.9829952663223256	0.9825713413750923	0.9797295800041808	0.9793378211908457	0.9828988536209555	0.9787559927360852	0.9821450821683049	0.9789552785535901	0.9814004144197204	0.982783783655827	0.9777526892463079	0.9795591847933263	0.9823702124445496	1.0	0.981075792701276	0.982277193645845
0.9836869836511188	0.9833770100236557	0.9832188404697663	0.9775657127967271	0.9834091520926864	0.9841210146484095	0.981563901683475	0.9844604617562446	0.977018091666379	0.9740049671606954	0.9834335365508515	0.9766166232313351	0.9718884915015031	0.9852584434744416	0.9760403757758951	0.9807108023209584	0.976856870627291	0.9785537768858653	0.98121603888584	0.9788937487482815	0.9831495468899341	0.9769122036419192	0.9839432259947951	0.9812477545197237	0.9835763164520301	0.9874992731807015	0.9804838646832141	0.9800770095839486	0.9872487216720641	0.9847382046173656	0.9837567411078781	0.9795372731334233	0.9825275402149006	0.9828937516001426	0.9806197026157413	0.9801357533302947	0.9829568934299924	0.981075792701276	1.0	0.9827745894460805
0.9865762027887351	0.9875215073756926	0.9888590035421243	0.9823236265065612	0.9890188722023567	0.9865261859734153	0.9824014789506608	0.9876116455378534	0.9844173324633865	0.9793881362065238	0.9906205088554826	0.9799920954455031	0.9815415831025501	0.9860402717487395	0.9817585405215594	0.988339396618282	0.9832038020598242	0.9851634623268833	0.9871836040038203	0.9755061823401955	0.9839726293023566	0.9808507928669224	0.9878407235452438	0.9854598056617773	0.9916270756362824	0.986955268871092	0.9829604038723139	0.9820826220222545	0.9846869361806116	0.9803764860391015	0.9897081094890535	0.9842365671608793	0.985402417428362	0.9859771551885099	0.9816733069057502	0.9841810894226356	0.9900744483546389	0.982277193645845	0.9827745894460805	1.0
