/home/jshaw/scratch/2022_sketched_distance/references/SGB_genome_fastas_part1_redo/1858/BackhedF_2015__SID179_4M__bin.23.fa	/home/jshaw/scratch/2022_sketched_distance/references/SGB_genome_fastas_part1_redo/1858/BackhedF_2015__SID203_B__bin.4.fa	/home/jshaw/scratch/2022_sketched_distance/references/SGB_genome_fastas_part1_redo/1858/BackhedF_2015__SID511_12M__bin.10.fa	/home/jshaw/scratch/2022_sketched_distance/references/SGB_genome_fastas_part1_redo/1858/BackhedF_2015__SID511_4M__bin.19.fa	/home/jshaw/scratch/2022_sketched_distance/references/SGB_genome_fastas_part1_redo/1858/BackhedF_2015__SID582_12M__bin.15.fa	/home/jshaw/scratch/2022_sketched_distance/references/SGB_genome_fastas_part1_redo/1858/Bengtsson-PalmeJ_2015__TRAVELRES52__bin.52.fa	/home/jshaw/scratch/2022_sketched_distance/references/SGB_genome_fastas_part1_redo/1858/Bengtsson-PalmeJ_2015__TRAVELRES54__bin.8.fa	/home/jshaw/scratch/2022_sketched_distance/references/SGB_genome_fastas_part1_redo/1858/CosteaPI_2017__alien-11-881-0__bin.18.fa	/home/jshaw/scratch/2022_sketched_distance/references/SGB_genome_fastas_part1_redo/1858/CosteaPI_2017__alien-11-895-0__bin.9.fa	/home/jshaw/scratch/2022_sketched_distance/references/SGB_genome_fastas_part1_redo/1858/CosteaPI_2017__alien-11-918-0__bin.21.fa	/home/jshaw/scratch/2022_sketched_distance/references/SGB_genome_fastas_part1_redo/1858/CosteaPI_2017__daisy-11-388-0__bin.53.fa	/home/jshaw/scratch/2022_sketched_distance/references/SGB_genome_fastas_part1_redo/1858/CosteaPI_2017__daisy-11-389-0__bin.17.fa	/home/jshaw/scratch/2022_sketched_distance/references/SGB_genome_fastas_part1_redo/1858/CosteaPI_2017__daisy-11-392-0__bin.21.fa	/home/jshaw/scratch/2022_sketched_distance/references/SGB_genome_fastas_part1_redo/1858/GeversD_2014__SKBSTL034__bin.76.fa	/home/jshaw/scratch/2022_sketched_distance/references/SGB_genome_fastas_part1_redo/1858/HeQ_2017__RSZAXPI003102-140__bin.17.fa	/home/jshaw/scratch/2022_sketched_distance/references/SGB_genome_fastas_part1_redo/1858/HeQ_2017__SZAXPI029486-84__bin.10.fa	/home/jshaw/scratch/2022_sketched_distance/references/SGB_genome_fastas_part1_redo/1858/HMP_2012__SRS016095__bin.41.fa	/home/jshaw/scratch/2022_sketched_distance/references/SGB_genome_fastas_part1_redo/1858/LeChatelierE_2013__MH0239__bin.61.fa	/home/jshaw/scratch/2022_sketched_distance/references/SGB_genome_fastas_part1_redo/1858/LeChatelierE_2013__MH0274__bin.42.fa	/home/jshaw/scratch/2022_sketched_distance/references/SGB_genome_fastas_part1_redo/1858/LeChatelierE_2013__MH0302__bin.44.fa	/home/jshaw/scratch/2022_sketched_distance/references/SGB_genome_fastas_part1_redo/1858/QinN_2014__LD-24__bin.22.fa	/home/jshaw/scratch/2022_sketched_distance/references/SGB_genome_fastas_part1_redo/1858/VogtmannE_2016__MMRS68910755ST-27-0-0__bin.37.fa	/home/jshaw/scratch/2022_sketched_distance/references/SGB_genome_fastas_part1_redo/1858/WenC_2017__RA050__bin.36.fa	/home/jshaw/scratch/2022_sketched_distance/references/SGB_genome_fastas_part1_redo/1858/XieH_2016__YSZC12003_36057__bin.83.fa	/home/jshaw/scratch/2022_sketched_distance/references/SGB_genome_fastas_part1_redo/1858/XieH_2016__YSZC12003_37322__bin.23.fa	/home/jshaw/scratch/2022_sketched_distance/references/SGB_genome_fastas_part1_redo/1858/YuJ_2015__SZAXPI015232-18__bin.18.fa	/home/jshaw/scratch/2022_sketched_distance/references/SGB_genome_fastas_part1_redo/1858/YuJ_2015__SZAXPI017464-37__bin.10.fa	/home/jshaw/scratch/2022_sketched_distance/references/SGB_genome_fastas_part1_redo/1858/ZellerG_2014__CCIS33816588ST-4-0__bin.69.fa
1.0	0.9888766847954987	0.9875202183791995	0.989108448215613	0.9891907331080776	0.9870371916144577	0.983283502731353	0.9624314176176584	0.9668667039906061	0.9669411171068949	0.989628407660721	0.9863048381640611	0.988335543095066	0.9854270669176726	0.9913573114639096	0.989558383245295	0.9633985476042616	0.9903462743538078	0.9865743768849949	0.9896982837467116	0.9898810074123908	0.9893209472345329	0.9685985143526051	0.9921996492856408	0.9877020385790516	0.9848671683168657	0.9806799748989323	0.9877298371596533
0.9888766847954987	1.0	0.9850046611986447	0.9852841861762248	0.9872903880307614	0.9807149699103929	0.9844518106825324	0.9611069135139773	0.9674322488298903	0.9645880815904985	0.9861633388446609	0.9851137973924586	0.984046265692665	0.9881443770435735	0.9882739976440577	0.9842440184372541	0.9631077583499097	0.9843391386801237	0.9884675256349392	0.9839607459771122	0.9848183721156819	0.984858697483399	0.9642406727221993	0.988702348607372	0.9936923229740878	0.982441818038306	0.9783369498233709	0.9889377549959485
0.9875202183791995	0.9850046611986447	1.0	0.9948496084939172	0.9906383402757486	0.9839603606161881	0.9808914702792139	0.9602743930589673	0.962338615818228	0.963980578890498	0.9889480799374364	0.9863830565659226	0.9879009367318489	0.9803359206863118	0.9881557093211749	0.9865113667307019	0.9596453654836563	0.9867770823570331	0.984029489729029	0.9944156835381109	0.9864044763942348	0.9912354986784471	0.9664645839109018	0.9872917401500627	0.9848815340629025	0.983178353467164	0.9810178935371572	0.9838795254002628
0.989108448215613	0.9852841861762248	0.9948496084939172	1.0	0.9924095187867187	0.9834335597024076	0.9808831982742701	0.9605947269323014	0.9662135216226131	0.9647620640639634	0.9897493445790929	0.9875388420519289	0.9888896402314925	0.9828153824285457	0.9887351115308666	0.9861671140018523	0.961787329729181	0.9867336194645424	0.9856051912249676	0.9943754166783493	0.9861483737714873	0.9915955823549089	0.9667102951751443	0.9909357065826935	0.9851974686267808	0.9835859185059567	0.98026485665763	0.9843372719194605
0.9891907331080776	0.9872903880307614	0.9906383402757486	0.9924095187867187	1.0	0.9847978410787096	0.9830924891621977	0.9622353149318306	0.9665033240083925	0.9664249433426825	0.9917226812320269	0.988060459145792	0.9905965814007087	0.9835958517205345	0.9896865469590698	0.9873470420465287	0.9628353607997794	0.9879268272905695	0.9859695056992825	0.9929313820945653	0.9873187272295302	0.9936172432397959	0.968000171767167	0.9910624908790374	0.9874318406324942	0.9851628253459549	0.9816096403576645	0.9868240257348585
0.9870371916144577	0.9807149699103929	0.9839603606161881	0.9834335597024076	0.9847978410787096	1.0	0.9771021587655138	0.9581544987027472	0.9640253940711689	0.9610596158890843	0.9832197489225726	0.9826481772165702	0.9817231871056756	0.9814654149469509	0.9869901741655667	0.9848380273022008	0.9611727069728876	0.9867607602135656	0.9822830716815875	0.9826117374022868	0.9840330592794901	0.9827011312355638	0.9641775902755891	0.9881442433305393	0.9803434103189107	0.9788357781110898	0.9774462401663461	0.9808197010116526
0.983283502731353	0.9844518106825324	0.9808914702792139	0.9808831982742701	0.9830924891621977	0.9771021587655138	1.0	0.9578213711186311	0.9637332440464272	0.9603883676522387	0.981945409108415	0.981415743004031	0.9797729437198678	0.983035064128124	0.9829230807292186	0.9794531755545329	0.960387466526411	0.9793840242808995	0.9841215868467208	0.9796869166064572	0.980060291568665	0.9810576380808885	0.9599713888721546	0.9844375129881253	0.9854413072607918	0.9784558644743853	0.9751133169808187	0.9837083513851553
0.9624314176176584	0.9611069135139773	0.9602743930589673	0.9605947269323014	0.9622353149318306	0.9581544987027472	0.9578213711186311	1.0	0.9953265825184529	0.9950041516049286	0.9619027566163826	0.9605668049900091	0.960803301374869	0.9614766465377965	0.96144511641612	0.9587455106880649	0.984368887847525	0.9602287399896368	0.9607135239990218	0.9610665977754421	0.9588321456798822	0.960435126158309	0.9576198133809775	0.9637437014229635	0.9610665977754421	0.9606197429260817	0.9541060756781845	0.959047711332386
0.9668667039906061	0.9674322488298903	0.962338615818228	0.9662135216226131	0.9665033240083925	0.9640253940711689	0.9637332440464272	0.9953265825184529	1.0	0.9993288864799463	0.9675627940945838	0.9648457665431298	0.9661941084391764	0.9634047626704959	0.966847680542816	0.9643149119055335	0.9870534272762967	0.9658426549062556	0.9653081740338789	0.9664840847505963	0.9649468568802727	0.9661163384736473	0.9635229267567956	0.9658622810683057	0.9670752242006605	0.9665225517837199	0.9594804063423314	0.9650476304979569
0.9669411171068949	0.9645880815904985	0.963980578890498	0.9647620640639634	0.9664249433426825	0.9610596158890843	0.9603883676522387	0.9950041516049286	0.9993288864799463	1.0	0.9655855707843907	0.9645152531264622	0.9631563353926514	0.9650653577226103	0.9660706067220313	0.9620813858128126	0.9885459796148865	0.9627970050332089	0.9652559054082485	0.9634054948537633	0.9623220040895027	0.9637853161595387	0.9608717311727251	0.9681158450637022	0.964390951082781	0.9640548822063137	0.9578148759832646	0.9635637003742897
0.989628407660721	0.9861633388446609	0.9889480799374364	0.9897493445790929	0.9917226812320269	0.9832197489225726	0.981945409108415	0.9619027566163826	0.9675627940945838	0.9655855707843907	1.0	0.9959766097984674	0.9974493088870454	0.9841824636849172	0.9887791112490938	0.9853957153990843	0.9642151550656416	0.9866262705645334	0.9865454235733012	0.9890495974304907	0.9853769953416387	0.9893994416178276	0.9661146714738877	0.9910715283076588	0.9858879494305394	0.9839220985998076	0.9817292426863705	0.9853889425560236
0.9863048381640611	0.9851137973924586	0.9863830565659226	0.9875388420519289	0.988060459145792	0.9826481772165702	0.981415743004031	0.9605668049900091	0.9648457665431298	0.9645152531264622	0.9959766097984674	1.0	0.995954781289648	0.9823342902925786	0.9864410226403912	0.9846044942577015	0.962111807739312	0.9856053659152496	0.9838043744496904	0.9879029827531749	0.9846865156285369	0.9882631407863467	0.9644961945728096	0.9882231465722324	0.9847989613911068	0.9828545618695509	0.9805907654239914	0.9839722470131061
0.988335543095066	0.984046265692665	0.9879009367318489	0.9888896402314925	0.9905965814007087	0.9817231871056756	0.9797729437198678	0.960803301374869	0.9661941084391764	0.9631563353926514	0.9974493088870454	0.995954781289648	1.0	0.9833257007184764	0.9876701920928258	0.9842343489835209	0.9628984272628213	0.982457704715829	0.9854657984099505	0.9865196658782703	0.9841201761699708	0.9878504979898135	0.9640479946512601	0.9900622814751762	0.98373166507655	0.9819210629832903	0.9812153171958842	0.9844336291764451
0.9854270669176726	0.9881443770435735	0.9803359206863118	0.9828153824285457	0.9835958517205345	0.9814654149469509	0.983035064128124	0.9614766465377965	0.9634047626704959	0.9650653577226103	0.9841824636849172	0.9823342902925786	0.9833257007184764	1.0	0.9868219035148149	0.983917121865406	0.963571413261857	0.9834340284199352	0.9850860500268126	0.9840235163047018	0.9842000770587366	0.984983050558846	0.9656003643858437	0.9831261652475713	0.9883157247687141	0.9827234118430261	0.9790837317292252	0.9865771264833995
0.9913573114639096	0.9882739976440577	0.9881557093211749	0.9887351115308666	0.9896865469590698	0.9869901741655667	0.9829230807292186	0.96144511641612	0.966847680542816	0.9660706067220313	0.9887791112490938	0.9864410226403912	0.9876701920928258	0.9868219035148149	1.0	0.9905093221437264	0.9634192178450589	0.9908662093195981	0.9870532171790012	0.9893198838851129	0.9903084390708475	0.989345826682698	0.9675206209208187	0.9923390829465943	0.9878515945442705	0.9848812485806409	0.9809968217408195	0.9873319394404134
0.989558383245295	0.9842440184372541	0.9865113667307019	0.9861671140018523	0.9873470420465287	0.9848380273022008	0.9794531755545329	0.9587455106880649	0.9643149119055335	0.9620813858128126	0.9853957153990843	0.9846044942577015	0.9842343489835209	0.983917121865406	0.9905093221437264	1.0	0.9603647456787561	0.9878740559047929	0.9852455503887999	0.9854867055467296	0.988312636383789	0.9858569672599494	0.9648319319955039	0.9903867641432413	0.9837668309314499	0.9812071607327851	0.9798538239950861	0.9839059592127821
0.9633985476042616	0.9631077583499097	0.9596453654836563	0.961787329729181	0.9628353607997794	0.9611727069728876	0.960387466526411	0.984368887847525	0.9870534272762967	0.9885459796148865	0.9642151550656416	0.962111807739312	0.9628984272628213	0.963571413261857	0.9634192178450589	0.9603647456787561	1.0	0.96234768891635	0.9611727069728876	0.9632949963511905	0.9610617015526643	0.9643760154584091	0.9607937085199583	0.9629820949235698	0.9634811488615573	0.9625818482401576	0.9564527859285658	0.9617220382046293
0.9903462743538078	0.9843391386801237	0.9867770823570331	0.9867336194645424	0.9879268272905695	0.9867607602135656	0.9793840242808995	0.9602287399896368	0.9658426549062556	0.9627970050332089	0.9866262705645334	0.9856053659152496	0.982457704715829	0.9834340284199352	0.9908662093195981	0.9878740559047929	0.96234768891635	1.0	0.9852455503887999	0.9847734094768363	0.9878793422054641	0.9854957017266868	0.9656838232757713	0.9912517596539545	0.9838656508507926	0.9812154691531827	0.9800599867668612	0.9848669634865083
0.9865743768849949	0.9884675256349392	0.984029489729029	0.9856051912249676	0.9859695056992825	0.9822830716815875	0.9841215868467208	0.9607135239990218	0.9653081740338789	0.9652559054082485	0.9865454235733012	0.9838043744496904	0.9854657984099505	0.9850860500268126	0.9870532171790012	0.9852455503887999	0.9611727069728876	0.9852455503887999	1.0	0.9858920657593645	0.985694489584519	0.9856250562904368	0.9647880616042127	0.9874456545514674	0.988312329829062	0.9830007957508894	0.9782139263775912	0.9927573571443209
0.9896982837467116	0.9839607459771122	0.9944156835381109	0.9943754166783493	0.9929313820945653	0.9826117374022868	0.9796869166064572	0.9610665977754421	0.9664840847505963	0.9634054948537633	0.9890495974304907	0.9879029827531749	0.9865196658782703	0.9840235163047018	0.9893198838851129	0.9854867055467296	0.9632949963511905	0.9847734094768363	0.9858920657593645	1.0	0.9854742101917336	0.9907414256205335	0.9652994167415653	0.991395240219335	0.9840181101561036	0.9824827428282368	0.9803668119036025	0.984317100443877
0.9898810074123908	0.9848183721156819	0.9864044763942348	0.9861483737714873	0.9873187272295302	0.9840330592794901	0.980060291568665	0.9588321456798822	0.9649468568802727	0.9623220040895027	0.9853769953416387	0.9846865156285369	0.9841201761699708	0.9842000770587366	0.9903084390708475	0.988312636383789	0.9610617015526643	0.9878793422054641	0.985694489584519	0.9854742101917336	1.0	0.9854649326953847	0.9655431110151942	0.9908721314806821	0.9841974196581524	0.9809561820522051	0.979588485738314	0.9844336291764451
0.9893209472345329	0.984858697483399	0.9912354986784471	0.9915955823549089	0.9936172432397959	0.9827011312355638	0.9810576380808885	0.960435126158309	0.9661163384736473	0.9637853161595387	0.9893994416178276	0.9882631407863467	0.9878504979898135	0.984983050558846	0.989345826682698	0.9858569672599494	0.9643760154584091	0.9854957017266868	0.9856250562904368	0.9907414256205335	0.9854649326953847	1.0	0.9654027696512983	0.991134721178636	0.9849331895148805	0.9827011312355638	0.9802080770927583	0.9851147515929359
0.9685985143526051	0.9642406727221993	0.9664645839109018	0.9667102951751443	0.968000171767167	0.9641775902755891	0.9599713888721546	0.9576198133809775	0.9635229267567956	0.9608717311727251	0.9661146714738877	0.9644961945728096	0.9640479946512601	0.9656003643858437	0.9675206209208187	0.9648319319955039	0.9607937085199583	0.9656838232757713	0.9647880616042127	0.9652994167415653	0.9655431110151942	0.9654027696512983	1.0	0.9699086176046864	0.9635983015638527	0.9639670123334666	0.9587336786084595	0.9637475309805608
0.9921996492856408	0.988702348607372	0.9872917401500627	0.9909357065826935	0.9910624908790374	0.9881442433305393	0.9844375129881253	0.9637437014229635	0.9658622810683057	0.9681158450637022	0.9910715283076588	0.9882231465722324	0.9900622814751762	0.9831261652475713	0.9923390829465943	0.9903867641432413	0.9629820949235698	0.9912517596539545	0.9874456545514674	0.991395240219335	0.9908721314806821	0.991134721178636	0.9699086176046864	1.0	0.9888476607850667	0.9864939818262826	0.9834501125487723	0.9877568595624014
0.9877020385790516	0.9936923229740878	0.9848815340629025	0.9851974686267808	0.9874318406324942	0.9803434103189107	0.9854413072607918	0.9610665977754421	0.9670752242006605	0.964390951082781	0.9858879494305394	0.9847989613911068	0.98373166507655	0.9883157247687141	0.9878515945442705	0.9837668309314499	0.9634811488615573	0.9838656508507926	0.988312329829062	0.9840181101561036	0.9841974196581524	0.9849331895148805	0.9635983015638527	0.9888476607850667	1.0	0.9825502384371735	0.9786841487826516	0.9885209387597828
0.9848671683168657	0.982441818038306	0.983178353467164	0.9835859185059567	0.9851628253459549	0.9788357781110898	0.9784558644743853	0.9606197429260817	0.9665225517837199	0.9640548822063137	0.9839220985998076	0.9828545618695509	0.9819210629832903	0.9827234118430261	0.9848812485806409	0.9812071607327851	0.9625818482401576	0.9812154691531827	0.9830007957508894	0.9824827428282368	0.9809561820522051	0.9827011312355638	0.9639670123334666	0.9864939818262826	0.9825502384371735	1.0	0.9766067400204074	0.9827122570163094
0.9806799748989323	0.9783369498233709	0.9810178935371572	0.98026485665763	0.9816096403576645	0.9774462401663461	0.9751133169808187	0.9541060756781845	0.9594804063423314	0.9578148759832646	0.9817292426863705	0.9805907654239914	0.9812153171958842	0.9790837317292252	0.9809968217408195	0.9798538239950861	0.9564527859285658	0.9800599867668612	0.9782139263775912	0.9803668119036025	0.979588485738314	0.9802080770927583	0.9587336786084595	0.9834501125487723	0.9786841487826516	0.9766067400204074	1.0	0.9772850350920717
0.9877298371596533	0.9889377549959485	0.9838795254002628	0.9843372719194605	0.9868240257348585	0.9808197010116526	0.9837083513851553	0.959047711332386	0.9650476304979569	0.9635637003742897	0.9853889425560236	0.9839722470131061	0.9844336291764451	0.9865771264833995	0.9873319394404134	0.9839059592127821	0.9617220382046293	0.9848669634865083	0.9927573571443209	0.984317100443877	0.9844336291764451	0.9851147515929359	0.9637475309805608	0.9877568595624014	0.9885209387597828	0.9827122570163094	0.9772850350920717	1.0
