/home/jshaw/scratch/2022_sketched_distance/references/SGB_genome_fastas_part2/2037/HMP_2012__SRS011126__bin.20.fa	/home/jshaw/scratch/2022_sketched_distance/references/SGB_genome_fastas_part2/2037/HMP_2012__SRS011152__bin.27.fa	/home/jshaw/scratch/2022_sketched_distance/references/SGB_genome_fastas_part2/2037/HMP_2012__SRS011343__bin.50.fa	/home/jshaw/scratch/2022_sketched_distance/references/SGB_genome_fastas_part2/2037/HMP_2012__SRS013170__bin.25.fa	/home/jshaw/scratch/2022_sketched_distance/references/SGB_genome_fastas_part2/2037/HMP_2012__SRS013533__bin.40.fa	/home/jshaw/scratch/2022_sketched_distance/references/SGB_genome_fastas_part2/2037/HMP_2012__SRS013723__bin.10.fa	/home/jshaw/scratch/2022_sketched_distance/references/SGB_genome_fastas_part2/2037/HMP_2012__SRS014578__bin.12.fa	/home/jshaw/scratch/2022_sketched_distance/references/SGB_genome_fastas_part2/2037/HMP_2012__SRS015044__bin.29.fa	/home/jshaw/scratch/2022_sketched_distance/references/SGB_genome_fastas_part2/2037/HMP_2012__SRS015215__bin.8.fa	/home/jshaw/scratch/2022_sketched_distance/references/SGB_genome_fastas_part2/2037/HMP_2012__SRS016575__bin.67.fa	/home/jshaw/scratch/2022_sketched_distance/references/SGB_genome_fastas_part2/2037/HMP_2012__SRS017139__bin.20.fa	/home/jshaw/scratch/2022_sketched_distance/references/SGB_genome_fastas_part2/2037/HMP_2012__SRS017227__bin.42.fa	/home/jshaw/scratch/2022_sketched_distance/references/SGB_genome_fastas_part2/2037/HMP_2012__SRS018157__bin.75.fa	/home/jshaw/scratch/2022_sketched_distance/references/SGB_genome_fastas_part2/2037/HMP_2012__SRS018394__bin.56.fa	/home/jshaw/scratch/2022_sketched_distance/references/SGB_genome_fastas_part2/2037/HMP_2012__SRS018443__bin.45.fa	/home/jshaw/scratch/2022_sketched_distance/references/SGB_genome_fastas_part2/2037/HMP_2012__SRS018665__bin.14.fa	/home/jshaw/scratch/2022_sketched_distance/references/SGB_genome_fastas_part2/2037/HMP_2012__SRS019128__bin.7.fa	/home/jshaw/scratch/2022_sketched_distance/references/SGB_genome_fastas_part2/2037/HMP_2012__SRS019906__bin.20.fa	/home/jshaw/scratch/2022_sketched_distance/references/SGB_genome_fastas_part2/2037/HMP_2012__SRS022149__bin.12.fa	/home/jshaw/scratch/2022_sketched_distance/references/SGB_genome_fastas_part2/2037/HMP_2012__SRS022602__bin.23.fa	/home/jshaw/scratch/2022_sketched_distance/references/SGB_genome_fastas_part2/2037/HMP_2012__SRS023938__bin.6.fa	/home/jshaw/scratch/2022_sketched_distance/references/SGB_genome_fastas_part2/2037/HMP_2012__SRS023964__bin.18.fa	/home/jshaw/scratch/2022_sketched_distance/references/SGB_genome_fastas_part2/2037/HMP_2012__SRS024087__bin.44.fa	/home/jshaw/scratch/2022_sketched_distance/references/SGB_genome_fastas_part2/2037/HMP_2012__SRS024355__bin.22.fa	/home/jshaw/scratch/2022_sketched_distance/references/SGB_genome_fastas_part2/2037/HMP_2012__SRS024561__bin.57.fa	/home/jshaw/scratch/2022_sketched_distance/references/SGB_genome_fastas_part2/2037/HMP_2012__SRS024649__bin.43.fa	/home/jshaw/scratch/2022_sketched_distance/references/SGB_genome_fastas_part2/2037/HMP_2012__SRS042984__bin.3.fa	/home/jshaw/scratch/2022_sketched_distance/references/SGB_genome_fastas_part2/2037/HMP_2012__SRS047113__bin.59.fa	/home/jshaw/scratch/2022_sketched_distance/references/SGB_genome_fastas_part2/2037/HMP_2012__SRS047634__bin.63.fa	/home/jshaw/scratch/2022_sketched_distance/references/SGB_genome_fastas_part2/2037/HMP_2012__SRS051378__bin.2.fa	/home/jshaw/scratch/2022_sketched_distance/references/SGB_genome_fastas_part2/2037/HMP_2012__SRS051930__bin.20.fa	/home/jshaw/scratch/2022_sketched_distance/references/SGB_genome_fastas_part2/2037/HMP_2012__SRS053917__bin.70.fa	/home/jshaw/scratch/2022_sketched_distance/references/SGB_genome_fastas_part2/2037/HMP_2012__SRS055401__bin.41.fa	/home/jshaw/scratch/2022_sketched_distance/references/SGB_genome_fastas_part2/2037/HMP_2012__SRS063603__bin.72.fa	/home/jshaw/scratch/2022_sketched_distance/references/SGB_genome_fastas_part2/2037/HMP_2012__SRS063932__bin.25.fa
1.0	0.9744527355733742	0.9707928463657259	0.9717362199131426	0.9713352780384295	0.9716475496998723	0.9717804641594237	0.971631585274857	0.9627856725901006	0.973460507232975	0.9735024613187345	0.9943808377786078	0.9785090439655129	0.9702411669033508	0.9643574087152648	0.9686083808639512	0.9730562630206652	0.9833420168004553	0.973460507232975	0.9745746591613006	0.9722670449782647	0.9739190459905387	0.9731229071374913	0.9738361556879388	0.9962147534874479	0.967984931303532	0.9741664546208867	0.9917920837650345	0.980425204922627	0.9915091345433469	0.9684293536500597	0.9767325104162182	0.9707928463657259	0.9687222718656435	0.9716721837879072
0.9744527355733742	1.0	0.9726913553383135	0.9942856120421032	0.9723536132962167	0.972294757756927	0.9708668752226218	0.974261203209639	0.9724714748283599	0.9719140233342034	0.9959250779209199	0.9737349775128238	0.9765056590936121	0.9727381968536641	0.969328570352806	0.9729213311256439	0.9736487044882575	0.975438552439215	0.9951917556635571	0.9987350253773948	0.9773574320935597	0.9944073626750084	0.9803777263518438	0.9955046879481708	0.9744674527499853	0.9679672682435604	0.995693501056883	0.9748388188129176	0.9746143459315645	0.9749304038958928	0.9714468679983522	0.9736948603127881	0.9739809084442053	0.9707373517391024	0.9794967529202165
0.9707928463657259	0.9726913553383135	1.0	0.9709840589710287	0.9813376444113384	0.9850827639723955	0.9666431680193849	0.9797464102796057	0.9802099071256211	0.9712942305040738	0.9723196549597393	0.9713327938245561	0.9734111464817611	0.9748363334439419	0.9669341127066873	0.9820436806936943	0.9691099182479697	0.9719814404736152	0.9723570173855698	0.9728756195929922	0.9814956796770609	0.9725802920396259	0.9730222808409301	0.9723196549597393	0.9708278514308856	0.9674470607786596	0.9729490331202153	0.9711571079320653	0.9715736280974355	0.9708278514308856	0.9800367959859925	0.9693148868234898	0.9711432283711187	0.9792102864118267	0.9727335839129744
0.9717362199131426	0.9942856120421032	0.9709840589710287	1.0	0.9707677790354945	0.9702662390491041	0.9671801803954648	0.9728210586162508	0.9700685971973082	0.9708060389140925	0.9945274277327545	0.9709205478925519	0.9738259191141087	0.9698356986381964	0.9655397428639275	0.9723541348931286	0.9716154154133594	0.973307073155646	0.9941546691236998	0.9942482525424284	0.9739748237123163	0.9986362408335455	0.9795663726201264	0.9923640096156281	0.9714121250198248	0.966102403826611	0.9943788269663645	0.9727925719902863	0.9721069284408849	0.9723369941506084	0.9682198891401516	0.9708002179182442	0.9708495125641544	0.9689895459971805	0.9752927117299539
0.9713352780384295	0.9723536132962167	0.9813376444113384	0.9707677790354945	1.0	0.980607514933649	0.9692846618480541	0.982197000559788	0.9862206157070964	0.9717017292426611	0.9711731804866307	0.9701666119236668	0.9741448952936599	0.9752956893477189	0.9700446007249188	0.9844273190280397	0.9699668329317729	0.971658201331625	0.9720797091309533	0.9714718087727047	0.980616009635926	0.9714548247159557	0.972360360648982	0.9713020797439326	0.9713779527106872	0.9695702143372213	0.9726927702810321	0.9707464840946324	0.9719554506353687	0.9710850323396909	0.9850821264511718	0.9700023718451168	0.9730098022021275	0.9825314861332318	0.974806562740454
0.9716475496998723	0.972294757756927	0.9850827639723955	0.9702662390491041	0.980607514933649	1.0	0.9682710304378425	0.9801543036987271	0.9808671832324215	0.9718354366489496	0.9720835721731371	0.9705112163763597	0.9738259191141087	0.9739364818764835	0.969192530387725	0.9814589982941133	0.970200888081289	0.9711158201367807	0.9721541203973738	0.9715495061079086	0.9919990582558749	0.9721893369966295	0.9719703478265164	0.9714776272981906	0.9712659824902948	0.9682191148702317	0.9727130451953496	0.9721394629659666	0.9715736280974355	0.970896778798544	0.9794711148744332	0.9700023718451168	0.972453009339253	0.9795209323635833	0.9746100483301453
0.9717804641594237	0.9708668752226218	0.9666431680193849	0.9671801803954648	0.9692846618480541	0.9682710304378425	1.0	0.9713139694014815	0.9674112189631706	0.9698615842926777	0.9701866895641248	0.9713385412453405	0.9729439827408279	0.9670912973523285	0.9637072694242073	0.9687249754475908	0.9705257454006949	0.9724885006683229	0.970267457731579	0.9706683007882038	0.9714553398506766	0.9706683007882038	0.9689922913552587	0.9706683007882038	0.9718802724276498	0.9633683857373224	0.9711035673093299	0.9722273082736947	0.9715330585589433	0.9724130934672641	0.9670467637613627	0.9714977785743021	0.9696472340776036	0.965706540628611	0.9733541348100975
0.971631585274857	0.974261203209639	0.9797464102796057	0.9728210586162508	0.982197000559788	0.9801543036987271	0.9713139694014815	1.0	0.9744123379625074	0.9739193880737267	0.9742125922228487	0.9744549228068747	0.9716842197176181	0.9768735381052678	0.9676569963328603	0.9751913497629148	0.9700667231140517	0.9743097415414774	0.9740174172813159	0.9742125922228487	0.9715260590731521	0.9744549228068747	0.9741151513974892	0.973474555756478	0.9745994580542383	0.9707234548838093	0.9747911768454018	0.9729224576056289	0.9749342272082835	0.9741639083596306	0.9827258474499789	0.9728717977426432	0.9709394360382941	0.9916031763808766	0.9672260325054419
0.9627856725901006	0.9724714748283599	0.9802099071256211	0.9700685971973082	0.9862206157070964	0.9808671832324215	0.9674112189631706	0.9744123379625074	1.0	0.9726289944303005	0.9711829676858097	0.9682016297972502	0.9636273812065032	0.9761498718278748	0.9655748742749042	0.9760085712476712	0.9622842854479408	0.9705189617842065	0.9717799021116206	0.9716181899879617	0.9707418143800874	0.9724187977413599	0.9725765728920627	0.9710182390371191	0.9697839005716079	0.9675340883944681	0.9724714748283599	0.9644475952997262	0.9693810652387468	0.9696118713008985	0.997493184160591	0.9667269372316226	0.9711829676858097	0.9828399680714396	0.9629274988173732
0.973460507232975	0.9719140233342034	0.9712942305040738	0.9708060389140925	0.9717017292426611	0.9718354366489496	0.9698615842926777	0.9739193880737267	0.9726289944303005	1.0	0.9721249353421203	0.9738382514844411	0.9761239086633646	0.9714696028651516	0.9660446904965065	0.9725098115067491	0.9727559347244541	0.975006333933726	0.9715237483763968	0.9713447839314235	0.9762241926461751	0.9714522812461208	0.9704364474446104	0.9718018231204396	0.9733299387467802	0.9659681792312605	0.971949270818268	0.9745542754783739	0.9745443279892273	0.9732271920493628	0.9708823862343186	0.9734282286609847	0.9951116053631684	0.9692026426928742	0.9758666542901964
0.9735024613187345	0.9959250779209199	0.9723196549597393	0.9945274277327545	0.9711731804866307	0.9720835721731371	0.9701866895641248	0.9742125922228487	0.9711829676858097	0.9721249353421203	1.0	0.9728967355015092	0.9761239086633646	0.9718270011874597	0.9686425677416919	0.9725098115067491	0.9735226602132152	0.9737834830733886	0.9939586554253107	0.995581773425252	0.9771425424202173	0.9937203718144462	0.980239695309525	0.9985889052719464	0.9731187653015949	0.9674147611062266	0.9934096750650658	0.9737691369127914	0.9745793558243473	0.9737873351024533	0.9701140926293852	0.9728104287444093	0.9732063625387795	0.9704116390029082	0.9785064114423047
0.9943808377786078	0.9737349775128238	0.9713327938245561	0.9709205478925519	0.9701666119236668	0.9705112163763597	0.9713385412453405	0.9744549228068747	0.9682016297972502	0.9738382514844411	0.9728967355015092	1.0	0.9806945144564777	0.9696231528102217	0.966689503785944	0.9712967259054591	0.9764589051244092	0.9814362706745263	0.9731083352586795	0.9732836200163952	0.9759569763930019	0.9731083352586795	0.9724334768748153	0.9734231691196402	0.9925712663416271	0.9664576250236471	0.9737694386918683	0.9975572839055762	0.9797776266610407	0.9889242129490149	0.9673138188140389	0.9763872730180586	0.9739042803500498	0.9678581878505436	0.9768473162591823
0.9785090439655129	0.9765056590936121	0.9734111464817611	0.9738259191141087	0.9741448952936599	0.9738259191141087	0.9729439827408279	0.9716842197176181	0.9636273812065032	0.9761239086633646	0.9761239086633646	0.9806945144564777	1.0	0.9718918978657444	0.9649814304947368	0.9692445038311802	0.9735037773854711	0.9809898731523177	0.9755644613076869	0.9767158237968776	0.9698762593969449	0.9759527935246847	0.9740085747756749	0.9762091299401118	0.9816448357723325	0.9686749458753177	0.9762941286098533	0.9787067152188379	0.9971540013421013	0.9810999484284854	0.9726129176535769	0.9771734658599386	0.973084839648561	0.9715498510729139	0.9708526677347784
0.9702411669033508	0.9727381968536641	0.9748363334439419	0.9698356986381964	0.9752956893477189	0.9739364818764835	0.9670912973523285	0.9768735381052678	0.9761498718278748	0.9714696028651516	0.9718270011874597	0.9696231528102217	0.9718918978657444	1.0	0.9699559594996484	0.9759451568707519	0.9692543246910559	0.9718270011874597	0.9727036204382382	0.9716487950012873	0.9771856339131808	0.9712170562023064	0.9717915053703768	0.9709990084628234	0.9704711541845548	0.9684690114437373	0.9732524674323388	0.9711117394710034	0.9715351971117264	0.9698105999587495	0.9745400955918271	0.970424742776813	0.9732063625387795	0.9738996555609182	0.9746592884780434
0.9643574087152648	0.969328570352806	0.9669341127066873	0.9655397428639275	0.9700446007249188	0.969192530387725	0.9637072694242073	0.9676569963328603	0.9655748742749042	0.9660446904965065	0.9686425677416919	0.966689503785944	0.9649814304947368	0.9699559594996484	1.0	0.9652895820023901	0.9617129996728102	0.9671768792113741	0.968549989774032	0.9686887573723219	0.9684987631173957	0.9691015177842742	0.9688269311552224	0.9682706522132504	0.9667875702632069	0.9973754808716776	0.969192530387725	0.9640902087470614	0.9660947524179468	0.9674178312992829	0.9688269311552224	0.9633278950829945	0.9650784158785125	0.9660947524179468	0.9661560570247637
0.9686083808639512	0.9729213311256439	0.9820436806936943	0.9723541348931286	0.9844273190280397	0.9814589982941133	0.9687249754475908	0.9751913497629148	0.9760085712476712	0.9725098115067491	0.9725098115067491	0.9712967259054591	0.9692445038311802	0.9759451568707519	0.9652895820023901	1.0	0.9664342474323724	0.9706452990754164	0.9724061102169017	0.9728701758837118	0.9714040338294799	0.9735289828480467	0.9724061102169017	0.9724061102169017	0.9717768358219097	0.9699804865154102	0.9732771763729646	0.9693588286227064	0.973125149025843	0.9713504243222767	0.9848910235917329	0.9698683434408051	0.9701479751996452	0.9828827572842161	0.962998177613162
0.9730562630206652	0.9736487044882575	0.9691099182479697	0.9716154154133594	0.9699668329317729	0.970200888081289	0.9705257454006949	0.9700667231140517	0.9622842854479408	0.9727559347244541	0.9735226602132152	0.9764589051244092	0.9735037773854711	0.9692543246910559	0.9617129996728102	0.9664342474323724	1.0	0.977181563526855	0.9728849875663131	0.9733114922975105	0.9698222723944504	0.973438357888635	0.97134641724776	0.9738576965662357	0.9761109119567773	0.9657575998307348	0.9737324628676192	0.9727494383617227	0.9752043058172071	0.9761885660065909	0.9678305816173599	0.9774811079848701	0.9688191541020432	0.9667589078225514	0.9698980802355819
0.9833420168004553	0.975438552439215	0.9719814404736152	0.973307073155646	0.971658201331625	0.9711158201367807	0.9724885006683229	0.9743097415414774	0.9705189617842065	0.975006333933726	0.9737834830733886	0.9814362706745263	0.9809898731523177	0.9718270011874597	0.9671768792113741	0.9706452990754164	0.977181563526855	1.0	0.9746533620466457	0.974205326614651	0.9766647342045205	0.9739138337699791	0.9739758764738656	0.9746809964491957	0.983001024497868	0.9662805041179181	0.9752830244350632	0.9829005684003401	0.9805736606116757	0.9832912103442162	0.9699582193863426	0.977316675716322	0.9761995370802921	0.9687319601503959	0.979026859213268
0.973460507232975	0.9951917556635571	0.9723570173855698	0.9941546691236998	0.9720797091309533	0.9721541203973738	0.970267457731579	0.9740174172813159	0.9717799021116206	0.9715237483763968	0.9939586554253107	0.9731083352586795	0.9755644613076869	0.9727036204382382	0.968549989774032	0.9724061102169017	0.9728849875663131	0.9746533620466457	1.0	0.9946056041780182	0.9769262255925706	0.9940285123356093	0.9807883557948162	0.9931909598702953	0.9737828202178764	0.9678406039417661	0.9997512716663568	0.9738109367617119	0.973943001104006	0.9744779922008158	0.9707682988713573	0.9724576734674776	0.9735571976067714	0.9701239249304844	0.9791985133320914
0.9745746591613006	0.9987350253773948	0.9728756195929922	0.9942482525424284	0.9714718087727047	0.9715495061079086	0.9706683007882038	0.9742125922228487	0.9716181899879617	0.9713447839314235	0.995581773425252	0.9732836200163952	0.9767158237968776	0.9716487950012873	0.9686887573723219	0.9728701758837118	0.9733114922975105	0.974205326614651	0.9946056041780182	1.0	0.9766647342045205	0.9948997607440107	0.979625333255228	0.9946690769897005	0.9740240870997086	0.9682608988879741	0.9951229565222669	0.9749600072793516	0.9743686199871728	0.9734867811649909	0.9707301801915514	0.9737706401658593	0.9729703467895248	0.9708989867563166	0.9782870833513921
0.9722670449782647	0.9773574320935597	0.9814956796770609	0.9739748237123163	0.980616009635926	0.9919990582558749	0.9714553398506766	0.9715260590731521	0.9707418143800874	0.9762241926461751	0.9771425424202173	0.9759569763930019	0.9698762593969449	0.9771856339131808	0.9684987631173957	0.9714040338294799	0.9698222723944504	0.9766647342045205	0.9769262255925706	0.9766647342045205	1.0	0.9770993938423292	0.9765331966756934	0.9770129248152462	0.9767957424057234	0.9699839636963546	0.9774002404498338	0.9713008541938455	0.9745869320298142	0.9771856339131808	0.9788641777708841	0.9729119057633995	0.9736883725880271	0.9759569763930019	0.9715099315862882
0.9739190459905387	0.9944073626750084	0.9725802920396259	0.9986362408335455	0.9714548247159557	0.9721893369966295	0.9706683007882038	0.9744549228068747	0.9724187977413599	0.9714522812461208	0.9937203718144462	0.9731083352586795	0.9759527935246847	0.9712170562023064	0.9691015177842742	0.9735289828480467	0.973438357888635	0.9739138337699791	0.9940285123356093	0.9948997607440107	0.9770993938423292	1.0	0.9804877329400158	0.9933013799646375	0.9737135561724702	0.9688812546849638	0.994586230546146	0.9746358281830948	0.973728080884299	0.9734867811649909	0.971147036432786	0.9731979303475161	0.9737119149948462	0.9708989867563166	0.9788542974273043
0.9731229071374913	0.9803777263518438	0.9730222808409301	0.9795663726201264	0.972360360648982	0.9719703478265164	0.9689922913552587	0.9741151513974892	0.9725765728920627	0.9704364474446104	0.980239695309525	0.9724334768748153	0.9740085747756749	0.9717915053703768	0.9688269311552224	0.9724061102169017	0.97134641724776	0.9739758764738656	0.9807883557948162	0.979625333255228	0.9765331966756934	0.9804877329400158	1.0	0.9788263186700169	0.9732245238530467	0.9672428369538181	0.9810322802690951	0.9740606118468916	0.9730012230035361	0.9736388223819716	0.9708823862343186	0.9718209139062556	0.9717637874388104	0.9706155934097804	0.9811506376413542
0.9738361556879388	0.9955046879481708	0.9723196549597393	0.9923640096156281	0.9713020797439326	0.9714776272981906	0.9706683007882038	0.973474555756478	0.9710182390371191	0.9718018231204396	0.9985889052719464	0.9734231691196402	0.9762091299401118	0.9709990084628234	0.9682706522132504	0.9724061102169017	0.9738576965662357	0.9746809964491957	0.9931909598702953	0.9946690769897005	0.9770129248152462	0.9933013799646375	0.9788263186700169	1.0	0.9733650010680983	0.966721493804414	0.9936486340210611	0.9741847330562201	0.9745793558243473	0.9737604900032877	0.9702692181263893	0.9726932695845211	0.973634648497027	0.9699998309730082	0.9785501006224401
0.9962147534874479	0.9744674527499853	0.9708278514308856	0.9714121250198248	0.9713779527106872	0.9712659824902948	0.9718802724276498	0.9745994580542383	0.9697839005716079	0.9733299387467802	0.9731187653015949	0.9925712663416271	0.9816448357723325	0.9704711541845548	0.9667875702632069	0.9717768358219097	0.9761109119567773	0.983001024497868	0.9737828202178764	0.9740240870997086	0.9767957424057234	0.9737135561724702	0.9732245238530467	0.9733650010680983	1.0	0.9668962134899013	0.9745013084129407	0.994634169889169	0.9802516880342742	0.9911366173215205	0.9686020358179178	0.977112421978936	0.9737889979906625	0.9689039121187436	0.9768473162591823
0.967984931303532	0.9679672682435604	0.9674470607786596	0.966102403826611	0.9695702143372213	0.9682191148702317	0.9633683857373224	0.9707234548838093	0.9675340883944681	0.9659681792312605	0.9674147611062266	0.9664576250236471	0.9686749458753177	0.9684690114437373	0.9973754808716776	0.9699804865154102	0.9657575998307348	0.9662805041179181	0.9678406039417661	0.9682608988879741	0.9699839636963546	0.9688812546849638	0.9672428369538181	0.966721493804414	0.9668962134899013	1.0	0.9686757909601462	0.9680671926880144	0.9663312095486434	0.9667652626119629	0.9680093794162221	0.9659779172664047	0.9668619363916959	0.9674122654236325	0.9691485986858499
0.9741664546208867	0.995693501056883	0.9729490331202153	0.9943788269663645	0.9726927702810321	0.9727130451953496	0.9711035673093299	0.9747911768454018	0.9724714748283599	0.971949270818268	0.9934096750650658	0.9737694386918683	0.9762941286098533	0.9732524674323388	0.969192530387725	0.9732771763729646	0.9737324628676192	0.9752830244350632	0.9997512716663568	0.9951229565222669	0.9774002404498338	0.994586230546146	0.9810322802690951	0.9936486340210611	0.9745013084129407	0.9686757909601462	1.0	0.9746765278934613	0.9745443279892273	0.9751223829102458	0.97133475629574	0.9732748782357985	0.9740573561023391	0.9708989867563166	0.9800851824562189
0.9917920837650345	0.9748388188129176	0.9711571079320653	0.9727925719902863	0.9707464840946324	0.9721394629659666	0.9722273082736947	0.9729224576056289	0.9644475952997262	0.9745542754783739	0.9737691369127914	0.9975572839055762	0.9787067152188379	0.9711117394710034	0.9640902087470614	0.9693588286227064	0.9727494383617227	0.9829005684003401	0.9738109367617119	0.9749600072793516	0.9713008541938455	0.9746358281830948	0.9740606118468916	0.9741847330562201	0.994634169889169	0.9680671926880144	0.9746765278934613	1.0	0.9811140667882426	0.9908622744509126	0.9685622261502559	0.9772559629249061	0.9713830014264153	0.9688556430954538	0.9721009245367296
0.980425204922627	0.9746143459315645	0.9715736280974355	0.9721069284408849	0.9719554506353687	0.9715736280974355	0.9715330585589433	0.9749342272082835	0.9693810652387468	0.9745443279892273	0.9745793558243473	0.9797776266610407	0.9971540013421013	0.9715351971117264	0.9660947524179468	0.973125149025843	0.9752043058172071	0.9805736606116757	0.973943001104006	0.9743686199871728	0.9745869320298142	0.973728080884299	0.9730012230035361	0.9745793558243473	0.9802516880342742	0.9663312095486434	0.9745443279892273	0.9811140667882426	1.0	0.9807479542730335	0.970240678820102	0.9766654280245145	0.9731278812784375	0.9700412485636337	0.9760557396583422
0.9915091345433469	0.9749304038958928	0.9708278514308856	0.9723369941506084	0.9710850323396909	0.970896778798544	0.9724130934672641	0.9741639083596306	0.9696118713008985	0.9732271920493628	0.9737873351024533	0.9889242129490149	0.9810999484284854	0.9698105999587495	0.9674178312992829	0.9713504243222767	0.9761885660065909	0.9832912103442162	0.9744779922008158	0.9734867811649909	0.9771856339131808	0.9734867811649909	0.9736388223819716	0.9737604900032877	0.9911366173215205	0.9667652626119629	0.9751223829102458	0.9908622744509126	0.9807479542730335	1.0	0.968109453499297	0.9779884194874335	0.9749609616067995	0.9683416870586773	0.9780662700905008
0.9684293536500597	0.9714468679983522	0.9800367959859925	0.9682198891401516	0.9850821264511718	0.9794711148744332	0.9670467637613627	0.9827258474499789	0.997493184160591	0.9708823862343186	0.9701140926293852	0.9673138188140389	0.9726129176535769	0.9745400955918271	0.9688269311552224	0.9848910235917329	0.9678305816173599	0.9699582193863426	0.9707682988713573	0.9707301801915514	0.9788641777708841	0.971147036432786	0.9708823862343186	0.9702692181263893	0.9686020358179178	0.9680093794162221	0.97133475629574	0.9685622261502559	0.970240678820102	0.968109453499297	1.0	0.9678035103550978	0.9713928809063308	0.9838848503388832	0.9729935911681503
0.9767325104162182	0.9736948603127881	0.9693148868234898	0.9708002179182442	0.9700023718451168	0.9700023718451168	0.9714977785743021	0.9728717977426432	0.9667269372316226	0.9734282286609847	0.9728104287444093	0.9763872730180586	0.9771734658599386	0.970424742776813	0.9633278950829945	0.9698683434408051	0.9774811079848701	0.977316675716322	0.9724576734674776	0.9737706401658593	0.9729119057633995	0.9731979303475161	0.9718209139062556	0.9726932695845211	0.977112421978936	0.9659779172664047	0.9732748782357985	0.9772559629249061	0.9766654280245145	0.9779884194874335	0.9678035103550978	1.0	0.9705105402838323	0.9671600012115351	0.9734564155850235
0.9707928463657259	0.9739809084442053	0.9711432283711187	0.9708495125641544	0.9730098022021275	0.972453009339253	0.9696472340776036	0.9709394360382941	0.9711829676858097	0.9951116053631684	0.9732063625387795	0.9739042803500498	0.973084839648561	0.9732063625387795	0.9650784158785125	0.9701479751996452	0.9688191541020432	0.9761995370802921	0.9735571976067714	0.9729703467895248	0.9736883725880271	0.9737119149948462	0.9717637874388104	0.973634648497027	0.9737889979906625	0.9668619363916959	0.9740573561023391	0.9713830014264153	0.9731278812784375	0.9749609616067995	0.9713928809063308	0.9705105402838323	1.0	0.9683529966125889	0.9734564155850235
0.9687222718656435	0.9707373517391024	0.9792102864118267	0.9689895459971805	0.9825314861332318	0.9795209323635833	0.965706540628611	0.9916031763808766	0.9828399680714396	0.9692026426928742	0.9704116390029082	0.9678581878505436	0.9715498510729139	0.9738996555609182	0.9660947524179468	0.9828827572842161	0.9667589078225514	0.9687319601503959	0.9701239249304844	0.9708989867563166	0.9759569763930019	0.9708989867563166	0.9706155934097804	0.9699998309730082	0.9689039121187436	0.9674122654236325	0.9708989867563166	0.9688556430954538	0.9700412485636337	0.9683416870586773	0.9838848503388832	0.9671600012115351	0.9683529966125889	1.0	0.9696693161817302
0.9716721837879072	0.9794967529202165	0.9727335839129744	0.9752927117299539	0.974806562740454	0.9746100483301453	0.9733541348100975	0.9672260325054419	0.9629274988173732	0.9758666542901964	0.9785064114423047	0.9768473162591823	0.9708526677347784	0.9746592884780434	0.9661560570247637	0.962998177613162	0.9698980802355819	0.979026859213268	0.9791985133320914	0.9782870833513921	0.9715099315862882	0.9788542974273043	0.9811506376413542	0.9785501006224401	0.9768473162591823	0.9691485986858499	0.9800851824562189	0.9721009245367296	0.9760557396583422	0.9780662700905008	0.9729935911681503	0.9734564155850235	0.9734564155850235	0.9696693161817302	1.0
