/home/jshaw/scratch/2022_sketched_distance/references/SGB_genome_fastas_part5/17167/BritoIL_2016__W2.56.SA__bin.18.fa	/home/jshaw/scratch/2022_sketched_distance/references/SGB_genome_fastas_part5/17167/BritoIL_2016__W2.68.SA__bin.21.fa	/home/jshaw/scratch/2022_sketched_distance/references/SGB_genome_fastas_part5/17167/Castro-NallarE_2015__ES_114__bin.22.fa	/home/jshaw/scratch/2022_sketched_distance/references/SGB_genome_fastas_part5/17167/Castro-NallarE_2015__ES_116__bin.16.fa	/home/jshaw/scratch/2022_sketched_distance/references/SGB_genome_fastas_part5/17167/CM_cf__CF_TNFC003IS_t1M15__bin.8.fa	/home/jshaw/scratch/2022_sketched_distance/references/SGB_genome_fastas_part5/17167/CM_cf__CF_TNFC003SA_t1M15__bin.7.fa	/home/jshaw/scratch/2022_sketched_distance/references/SGB_genome_fastas_part5/17167/CM_cf__CF_TNFC040IS_t3M15__bin.1.fa	/home/jshaw/scratch/2022_sketched_distance/references/SGB_genome_fastas_part5/17167/FengQ_2015__SID31398__bin.57.fa	/home/jshaw/scratch/2022_sketched_distance/references/SGB_genome_fastas_part5/17167/FengQ_2015__SID530348__bin.3.fa	/home/jshaw/scratch/2022_sketched_distance/references/SGB_genome_fastas_part5/17167/FerrettiP_2018__CA_C10001MS2001SA_t0M15__bin.8.fa	/home/jshaw/scratch/2022_sketched_distance/references/SGB_genome_fastas_part5/17167/FerrettiP_2018__CA_C10008MS2115SA_t0M15__bin.9.fa	/home/jshaw/scratch/2022_sketched_distance/references/SGB_genome_fastas_part5/17167/FerrettiP_2018__CA_C10015MS2241SA_t0M15__bin.5.fa	/home/jshaw/scratch/2022_sketched_distance/references/SGB_genome_fastas_part5/17167/FerrettiP_2018__CA_C10026MS2439SA_t0M15__bin.18.fa	/home/jshaw/scratch/2022_sketched_distance/references/SGB_genome_fastas_part5/17167/FerrettiP_2018__CA_C10035MS2597SA_t0M15__bin.28.fa	/home/jshaw/scratch/2022_sketched_distance/references/SGB_genome_fastas_part5/17167/FerrettiP_2018__CA_C10049MS2849SA_t0M16__bin.2.fa	/home/jshaw/scratch/2022_sketched_distance/references/SGB_genome_fastas_part5/17167/HMP_2012__SRS011086__bin.28.fa	/home/jshaw/scratch/2022_sketched_distance/references/SGB_genome_fastas_part5/17167/HMP_2012__SRS013818__bin.43.fa	/home/jshaw/scratch/2022_sketched_distance/references/SGB_genome_fastas_part5/17167/HMP_2012__SRS014271__bin.74.fa	/home/jshaw/scratch/2022_sketched_distance/references/SGB_genome_fastas_part5/17167/HMP_2012__SRS015893__bin.4.fa	/home/jshaw/scratch/2022_sketched_distance/references/SGB_genome_fastas_part5/17167/HMP_2012__SRS017209__bin.56.fa	/home/jshaw/scratch/2022_sketched_distance/references/SGB_genome_fastas_part5/17167/HMP_2012__SRS017439__bin.38.fa	/home/jshaw/scratch/2022_sketched_distance/references/SGB_genome_fastas_part5/17167/HMP_2012__SRS018300__bin.5.fa	/home/jshaw/scratch/2022_sketched_distance/references/SGB_genome_fastas_part5/17167/HMP_2012__SRS018591__bin.49.fa	/home/jshaw/scratch/2022_sketched_distance/references/SGB_genome_fastas_part5/17167/HMP_2012__SRS019389__bin.25.fa	/home/jshaw/scratch/2022_sketched_distance/references/SGB_genome_fastas_part5/17167/HMP_2012__SRS022077__bin.25.fa	/home/jshaw/scratch/2022_sketched_distance/references/SGB_genome_fastas_part5/17167/HMP_2012__SRS022530__bin.9.fa	/home/jshaw/scratch/2022_sketched_distance/references/SGB_genome_fastas_part5/17167/HMP_2012__SRS047219__bin.61.fa	/home/jshaw/scratch/2022_sketched_distance/references/SGB_genome_fastas_part5/17167/HMP_2012__SRS050669__bin.38.fa	/home/jshaw/scratch/2022_sketched_distance/references/SGB_genome_fastas_part5/17167/HMP_2012__SRS062544__bin.74.fa	/home/jshaw/scratch/2022_sketched_distance/references/SGB_genome_fastas_part5/17167/HMP_2012__SRS064423__bin.50.fa	/home/jshaw/scratch/2022_sketched_distance/references/SGB_genome_fastas_part5/17167/HMP_2012__SRS064774__bin.80.fa	/home/jshaw/scratch/2022_sketched_distance/references/SGB_genome_fastas_part5/17167/HMP_2012__SRS065278__bin.17.fa	/home/jshaw/scratch/2022_sketched_distance/references/SGB_genome_fastas_part5/17167/LiJ_2017__H3M518112__bin.22.fa
1.0	0.9717034370709053	0.9581113635459774	0.9557186420814431	0.9557322503081618	0.9602101120566312	0.9696680484558099	0.9522841290631952	0.9564091433441273	0.9606745180478036	0.9597415712393806	0.9719554506353687	0.9549212204529236	0.9603771638108277	0.9774851706461748	0.9599951227372769	0.9763665740738875	0.9717935142176557	0.958370866330539	0.9736699330685104	0.9631442597227713	0.9717229942043246	0.9554178995419541	0.9761956387641039	0.9773190291197678	0.9770326887699494	0.9729445594471008	0.9758255648078923	0.9684121337783477	0.9738220440159641	0.9730889530899715	0.9744741055716672	0.9524441368393372
0.9717034370709053	1.0	0.9635025386895457	0.9597817929859159	0.9596401066165022	0.9657475707122101	0.9776819321531575	0.9572760523687093	0.9617203844620981	0.9655299675028836	0.9649715514035853	0.9712998125170161	0.9592810597019658	0.9656834551662387	0.9800112454340599	0.9660701336099695	0.9796137328822614	0.9811493746790358	0.9634207664939666	0.9762941286098533	0.9687499459409336	0.9745456778351042	0.9607893688626703	0.9803563219343832	0.9778005045422397	0.977591764630432	0.9820618167581248	0.9786103159203909	0.9768964534580751	0.976199692487845	0.982031695945529	0.97692906409783	0.9549873760647614
0.9581113635459774	0.9635025386895457	1.0	0.981112820986061	0.9753951279455908	0.9815583381156647	0.9610436495370035	0.9749369881479472	0.9710929935871253	0.9814822846655801	0.980836031741887	0.956472600219928	0.968988686090821	0.9806576408844622	0.9653772204279846	0.9809642375566705	0.9640047808719397	0.9653266682877486	0.9810488024450628	0.9617262254675977	0.9605000223063873	0.9608006033734514	0.9811518504609344	0.9631043001993778	0.9618030885837934	0.963076780534026	0.9660084986961118	0.9645515747032775	0.9610469784403339	0.9622949970024649	0.9663315562603203	0.9622135888246011	0.9716225754512735
0.9557186420814431	0.9597817929859159	0.981112820986061	1.0	0.9722940076709207	0.9778317370589723	0.957192537866051	0.9731617543996918	0.970091816470823	0.9780458386539045	0.976992513726491	0.9542548114937718	0.9671440673116556	0.9775933076946369	0.9611686131223367	0.977511467855133	0.9607484636158663	0.9613182457922353	0.9784932134848799	0.9594517255024417	0.9577031370056718	0.9595683691824416	0.9797971743532169	0.9606736047918959	0.958757946113444	0.9598022184354513	0.9615501384114575	0.9608356304267125	0.9570223873720873	0.9590956535176289	0.9619801180749551	0.9596994068384784	0.9700523848188474
0.9557322503081618	0.9596401066165022	0.9753951279455908	0.9722940076709207	1.0	0.9921148982203983	0.9584749839584552	0.9714348056954843	0.9694522839155442	0.9784458643377124	0.9773074513828204	0.9563673662718923	0.9674505994401925	0.9785087781713615	0.9614401017211679	0.9776297492272787	0.9608530429549176	0.9599973991744389	0.9772130035106353	0.957891519706371	0.9568137457251142	0.9569094553831446	0.9740948695002696	0.9605983465104132	0.9600630214024133	0.9600365510568698	0.9619777882669411	0.9600071929539781	0.957028225588424	0.9569553477772094	0.9626333615536543	0.9577945727275989	0.9685674995830733
0.9602101120566312	0.9657475707122101	0.9815583381156647	0.9778317370589723	0.9921148982203983	1.0	0.9642926019983835	0.9742822625100638	0.9718506947385942	0.985243254327717	0.9837842375953775	0.9591944630887949	0.9703416703403973	0.9850518553446704	0.9683390306484349	0.9837077640063581	0.9676536489356866	0.966681614443129	0.9837733767178464	0.964085317341248	0.9603494632962767	0.9626059276028509	0.9796088662338859	0.9663371187590768	0.9665296793082097	0.9672802261155881	0.9684483782490135	0.9670387409794279	0.9622906770431041	0.9632650895363442	0.969172873701677	0.9641567892104822	0.9747063139490599
0.9696680484558099	0.9776819321531575	0.9610436495370035	0.957192537866051	0.9584749839584552	0.9642926019983835	1.0	0.953981243587267	0.9581707129583109	0.9633465503473272	0.9633077591557612	0.9712019375857497	0.9550493713940583	0.9632120116489654	0.9788541294473796	0.9628380845012562	0.9782896010405939	0.9806134554725172	0.9626887411219415	0.9754251378301004	0.96632679601529	0.9735218212210056	0.9600836530702511	0.9765096657456463	0.9767214903136984	0.9770367202868493	0.981650685313092	0.9775636227119466	0.9781136975979868	0.9749351082825503	0.9814165448243959	0.9760307408902852	0.9523650441863156
0.9522841290631952	0.9572760523687093	0.9749369881479472	0.9731617543996918	0.9714348056954843	0.9742822625100638	0.953981243587267	1.0	0.968597129113916	0.9751357015855634	0.9735747178959754	0.9500632014834001	0.9641633386936468	0.9741672627040325	0.9580601334160203	0.9751424760371173	0.9567770120852167	0.957363804850661	0.972668094133149	0.9541928437934353	0.9545537031477558	0.9545609998711617	0.9730986109523426	0.9581092202927183	0.9569461125533757	0.9575827311809769	0.9582892864417647	0.956547743364781	0.9533141468099727	0.9564349282406088	0.9592154605480006	0.9566040022177278	0.970157807925355
0.9564091433441273	0.9617203844620981	0.9710929935871253	0.970091816470823	0.9694522839155442	0.9718506947385942	0.9581707129583109	0.968597129113916	1.0	0.9724374759810683	0.9721469516478374	0.9538000737768937	0.9655240883704519	0.9720033847914346	0.9614000208047766	0.9738510348034404	0.9602486031539846	0.9598705258528706	0.9716810949919077	0.9591727513436874	0.9578811523174877	0.958305421452361	0.9705904537128224	0.9606724966323607	0.9593660146131621	0.9606351519175697	0.960831727549153	0.960015144269881	0.9584710123616648	0.9573870961783632	0.9617296320719835	0.9583763319952144	0.9632452056672873
0.9606745180478036	0.9655299675028836	0.9814822846655801	0.9780458386539045	0.9784458643377124	0.985243254327717	0.9633465503473272	0.9751357015855634	0.9724374759810683	1.0	0.9840865163588418	0.9587940293564509	0.9704556195773194	0.9836360455647111	0.9680556260213402	0.9830836230765762	0.966918503612877	0.965920762219185	0.9831393180337125	0.9635374865162235	0.9600175019599394	0.9625460723751113	0.9802189762883435	0.9666288827888968	0.9655410384583194	0.9671617839456558	0.9677515967733704	0.9664722247550788	0.9616465995329889	0.9634577445154561	0.9681813608485432	0.9640885024016506	0.9747194214912341
0.9597415712393806	0.9649715514035853	0.980836031741887	0.976992513726491	0.9773074513828204	0.9837842375953775	0.9633077591557612	0.9735747178959754	0.9721469516478374	0.9840865163588418	1.0	0.9590684933800357	0.9704744198438843	0.9839468105717368	0.9673473686495873	0.9823898543369047	0.9666341496166421	0.9654098376283876	0.9817999157378754	0.9628205757962673	0.9595940958314486	0.9628072983596935	0.9790130342743442	0.9659551107842262	0.9652091942801259	0.9669532998730451	0.9672793569413213	0.9661827892516747	0.9622873030433942	0.9634652808708031	0.9680922556568067	0.9641847197878415	0.9734565431989984
0.9719554506353687	0.9712998125170161	0.956472600219928	0.9542548114937718	0.9563673662718923	0.9591944630887949	0.9712019375857497	0.9500632014834001	0.9538000737768937	0.9587940293564509	0.9590684933800357	1.0	0.9537036279652749	0.9597624729282627	0.9779487299850036	0.9587430586216755	0.9762034523827755	0.9706358496666515	0.9575451011161127	0.9745611346723445	0.965110016457891	0.9733893007586661	0.9541414628847861	0.9763429415046692	0.9755195689749901	0.9772419729135019	0.9729646274029542	0.9767698558812009	0.9672236926500268	0.9737702212474115	0.9723671761600011	0.9748884510873399	0.9500022156304938
0.9549212204529236	0.9592810597019658	0.968988686090821	0.9671440673116556	0.9674505994401925	0.9703416703403973	0.9550493713940583	0.9641633386936468	0.9655240883704519	0.9704556195773194	0.9704744198438843	0.9537036279652749	1.0	0.969296797137542	0.9600547787922559	0.9703049406849135	0.9585834251693615	0.9585398609948079	0.9691484682383342	0.9559587274778722	0.9524752133503727	0.9541374202314321	0.9675434584263614	0.9593925350228016	0.9573456280342405	0.9586000592073489	0.9593448173989398	0.9578241592984879	0.9553317573387591	0.9570365261027941	0.960230800721207	0.9570562910994564	0.9620570856910113
0.9603771638108277	0.9656834551662387	0.9806576408844622	0.9775933076946369	0.9785087781713615	0.9850518553446704	0.9632120116489654	0.9741672627040325	0.9720033847914346	0.9836360455647111	0.9839468105717368	0.9597624729282627	0.969296797137542	1.0	0.9693010824947191	0.9829199563935327	0.9685157244758545	0.9663848463525233	0.982831006353211	0.96437860805888	0.9601510713498885	0.9640135989298483	0.9794368995463124	0.9674459161021636	0.9661207063429098	0.9671938775822712	0.9681504276016983	0.9675760154369574	0.9619375773402888	0.9634607888515205	0.9686536800476887	0.9649764032102842	0.9734258997602335
0.9774851706461748	0.9800112454340599	0.9653772204279846	0.9611686131223367	0.9614401017211679	0.9683390306484349	0.9788541294473796	0.9580601334160203	0.9614000208047766	0.9680556260213402	0.9673473686495873	0.9779487299850036	0.9600547787922559	0.9693010824947191	1.0	0.9668804998972332	0.9908963954241359	0.9796609580585476	0.9671792636059926	0.9818243238852286	0.9713262085447958	0.9811037512793028	0.9626217286605149	0.9834338276873646	0.9852712256875953	0.9852127381011003	0.9818172597514739	0.9849676068659041	0.9758862692712115	0.9820752536111349	0.9816274050908809	0.9831854904700374	0.957782317232674
0.9599951227372769	0.9660701336099695	0.9809642375566705	0.977511467855133	0.9776297492272787	0.9837077640063581	0.9628380845012562	0.9751424760371173	0.9738510348034404	0.9830836230765762	0.9823898543369047	0.9587430586216755	0.9703049406849135	0.9829199563935327	0.9668804998972332	1.0	0.9664108347739576	0.9660807261716413	0.9823881926017864	0.9621861750306253	0.9620354269207123	0.9620518030411169	0.9803702097417998	0.9652062657927102	0.9648321114496167	0.9659158147244684	0.9672713644800093	0.9652114727929093	0.9623026898269733	0.9628575270704165	0.9683047949371482	0.9638896113367411	0.9736257823140707
0.9763665740738875	0.9796137328822614	0.9640047808719397	0.9607484636158663	0.9608530429549176	0.9676536489356866	0.9782896010405939	0.9567770120852167	0.9602486031539846	0.966918503612877	0.9666341496166421	0.9762034523827755	0.9585834251693615	0.9685157244758545	0.9908963954241359	0.9664108347739576	1.0	0.9799931321132618	0.9657935485699161	0.9809388884964119	0.9707806063054812	0.9798308712272561	0.9622357832059536	0.9825689863173116	0.9836040182362469	0.9837474310479817	0.9824302295765561	0.9836786186188422	0.9757688857026902	0.9811918052280357	0.9822086264219245	0.9823235649481123	0.9581797460199287
0.9717935142176557	0.9811493746790358	0.9653266682877486	0.9613182457922353	0.9599973991744389	0.966681614443129	0.9806134554725172	0.957363804850661	0.9598705258528706	0.965920762219185	0.9654098376283876	0.9706358496666515	0.9585398609948079	0.9663848463525233	0.9796609580585476	0.9660807261716413	0.9799931321132618	1.0	0.9658428584701768	0.9782825789703203	0.9689663502198267	0.9758526114750796	0.9637284060605068	0.9791619593428756	0.9785165883442017	0.9775314725418093	0.9961309217974553	0.9789690110691761	0.9906633584117343	0.9766134417181405	0.9952283010724317	0.9774679704334329	0.9553126832130561
0.958370866330539	0.9634207664939666	0.9810488024450628	0.9784932134848799	0.9772130035106353	0.9837733767178464	0.9626887411219415	0.972668094133149	0.9716810949919077	0.9831393180337125	0.9817999157378754	0.9575451011161127	0.9691484682383342	0.982831006353211	0.9671792636059926	0.9823881926017864	0.9657935485699161	0.9658428584701768	1.0	0.9634837188314644	0.9596620326352949	0.9618556419484766	0.9799818565844916	0.9656386042652056	0.9648389812944094	0.9659012638017284	0.9670278527469255	0.9650784889711109	0.9611010243784601	0.962857931579502	0.9674682694226889	0.9638687635802289	0.9725355633668821
0.9736699330685104	0.9762941286098533	0.9617262254675977	0.9594517255024417	0.957891519706371	0.964085317341248	0.9754251378301004	0.9541928437934353	0.9591727513436874	0.9635374865162235	0.9628205757962673	0.9745611346723445	0.9559587274778722	0.96437860805888	0.9818243238852286	0.9621861750306253	0.9809388884964119	0.9782825789703203	0.9634837188314644	1.0	0.9702558578414975	0.98095152703847	0.9604025502118009	0.9800947775993348	0.9808164351121073	0.9814321429341704	0.9793096840799881	0.9920562006230323	0.975064704921927	0.9794208624014596	0.9789862000948576	0.9799474663780461	0.9539947036692953
0.9631442597227713	0.9687499459409336	0.9605000223063873	0.9577031370056718	0.9568137457251142	0.9603494632962767	0.96632679601529	0.9545537031477558	0.9578811523174877	0.9600175019599394	0.9595940958314486	0.965110016457891	0.9524752133503727	0.9601510713498885	0.9713262085447958	0.9620354269207123	0.9707806063054812	0.9689663502198267	0.9596620326352949	0.9702558578414975	1.0	0.9673405904585574	0.9572405262492228	0.9696429224264158	0.9688743410974602	0.9698532355243116	0.9694340294326498	0.9703461385145343	0.9659352325147361	0.9687708342511767	0.9697874011397977	0.9693045701205364	0.954410290685818
0.9717229942043246	0.9745456778351042	0.9608006033734514	0.9595683691824416	0.9569094553831446	0.9626059276028509	0.9735218212210056	0.9545609998711617	0.958305421452361	0.9625460723751113	0.9628072983596935	0.9733893007586661	0.9541374202314321	0.9640135989298483	0.9811037512793028	0.9620518030411169	0.9798308712272561	0.9758526114750796	0.9618556419484766	0.98095152703847	0.9673405904585574	1.0	0.9602800148162132	0.9837402364987472	0.9802992753867109	0.9847212668793963	0.9763538222431076	0.983056067450955	0.973947645401833	0.984134185764937	0.9764895262700729	0.9853228380188291	0.9518029579462166
0.9554178995419541	0.9607893688626703	0.9811518504609344	0.9797971743532169	0.9740948695002696	0.9796088662338859	0.9600836530702511	0.9730986109523426	0.9705904537128224	0.9802189762883435	0.9790130342743442	0.9541414628847861	0.9675434584263614	0.9794368995463124	0.9626217286605149	0.9803702097417998	0.9622357832059536	0.9637284060605068	0.9799818565844916	0.9604025502118009	0.9572405262492228	0.9602800148162132	1.0	0.9609916861938022	0.9606110065678692	0.9620662335899972	0.964416901963274	0.9616474595367155	0.9610764773756497	0.960460582197054	0.9648599154495281	0.9607762031225927	0.9698129274089561
0.9761956387641039	0.9803563219343832	0.9631043001993778	0.9606736047918959	0.9605983465104132	0.9663371187590768	0.9765096657456463	0.9581092202927183	0.9606724966323607	0.9666288827888968	0.9659551107842262	0.9763429415046692	0.9593925350228016	0.9674459161021636	0.9834338276873646	0.9652062657927102	0.9825689863173116	0.9791619593428756	0.9656386042652056	0.9800947775993348	0.9696429224264158	0.9837402364987472	0.9609916861938022	1.0	0.9821138150952707	0.9862005139339235	0.9809858851454293	0.9825980487188909	0.9759643663416645	0.984201132897665	0.9808072569844335	0.9847863384030132	0.9584731923681507
0.9773190291197678	0.9778005045422397	0.9618030885837934	0.958757946113444	0.9600630214024133	0.9665296793082097	0.9767214903136984	0.9569461125533757	0.9593660146131621	0.9655410384583194	0.9652091942801259	0.9755195689749901	0.9573456280342405	0.9661207063429098	0.9852712256875953	0.9648321114496167	0.9836040182362469	0.9785165883442017	0.9648389812944094	0.9808164351121073	0.9688743410974602	0.9802992753867109	0.9606110065678692	0.9821138150952707	1.0	0.9845759578900743	0.9798463185935262	0.9836640396232991	0.9747589915241	0.9827098963586016	0.9799265112094927	0.9837407961390701	0.9555325137243634
0.9770326887699494	0.977591764630432	0.963076780534026	0.9598022184354513	0.9600365510568698	0.9672802261155881	0.9770367202868493	0.9575827311809769	0.9606351519175697	0.9671617839456558	0.9669532998730451	0.9772419729135019	0.9586000592073489	0.9671938775822712	0.9852127381011003	0.9659158147244684	0.9837474310479817	0.9775314725418093	0.9659012638017284	0.9814321429341704	0.9698532355243116	0.9847212668793963	0.9620662335899972	0.9862005139339235	0.9845759578900743	1.0	0.979499168250359	0.9848544885125621	0.974550362331105	0.9870056455892898	0.9793747420895127	0.9880588283044317	0.9566594904819068
0.9729445594471008	0.9820618167581248	0.9660084986961118	0.9615501384114575	0.9619777882669411	0.9684483782490135	0.981650685313092	0.9582892864417647	0.960831727549153	0.9677515967733704	0.9672793569413213	0.9729646274029542	0.9593448173989398	0.9681504276016983	0.9818172597514739	0.9672713644800093	0.9824302295765561	0.9961309217974553	0.9670278527469255	0.9793096840799881	0.9694340294326498	0.9763538222431076	0.964416901963274	0.9809858851454293	0.9798463185935262	0.979499168250359	1.0	0.9808122987725864	0.9916197031008501	0.9772395804998268	0.9970143910746381	0.9782277492090038	0.9570821102310055
0.9758255648078923	0.9786103159203909	0.9645515747032775	0.9608356304267125	0.9600071929539781	0.9670387409794279	0.9775636227119466	0.956547743364781	0.960015144269881	0.9664722247550788	0.9661827892516747	0.9767698558812009	0.9578241592984879	0.9675760154369574	0.9849676068659041	0.9652114727929093	0.9836786186188422	0.9789690110691761	0.9650784889711109	0.9920562006230323	0.9703461385145343	0.983056067450955	0.9616474595367155	0.9825980487188909	0.9836640396232991	0.9848544885125621	0.9808122987725864	1.0	0.975470375448927	0.9826460573236386	0.9802902388262579	0.9833294658931875	0.955818894420221
0.9684121337783477	0.9768964534580751	0.9610469784403339	0.9570223873720873	0.957028225588424	0.9622906770431041	0.9781136975979868	0.9533141468099727	0.9584710123616648	0.9616465995329889	0.9622873030433942	0.9672236926500268	0.9553317573387591	0.9619375773402888	0.9758862692712115	0.9623026898269733	0.9757688857026902	0.9906633584117343	0.9611010243784601	0.975064704921927	0.9659352325147361	0.973947645401833	0.9610764773756497	0.9759643663416645	0.9747589915241	0.974550362331105	0.9916197031008501	0.975470375448927	1.0	0.9728473735659071	0.9906115212713074	0.973813887475937	0.9483085052825261
0.9738220440159641	0.976199692487845	0.9622949970024649	0.9590956535176289	0.9569553477772094	0.9632650895363442	0.9749351082825503	0.9564349282406088	0.9573870961783632	0.9634577445154561	0.9634652808708031	0.9737702212474115	0.9570365261027941	0.9634607888515205	0.9820752536111349	0.9628575270704165	0.9811918052280357	0.9766134417181405	0.962857931579502	0.9794208624014596	0.9687708342511767	0.984134185764937	0.960460582197054	0.984201132897665	0.9827098963586016	0.9870056455892898	0.9772395804998268	0.9826460573236386	0.9728473735659071	1.0	0.9776706874736532	0.9949099479344532	0.9540753859271307
0.9730889530899715	0.982031695945529	0.9663315562603203	0.9619801180749551	0.9626333615536543	0.969172873701677	0.9814165448243959	0.9592154605480006	0.9617296320719835	0.9681813608485432	0.9680922556568067	0.9723671761600011	0.960230800721207	0.9686536800476887	0.9816274050908809	0.9683047949371482	0.9822086264219245	0.9952283010724317	0.9674682694226889	0.9789862000948576	0.9697874011397977	0.9764895262700729	0.9648599154495281	0.9808072569844335	0.9799265112094927	0.9793747420895127	0.9970143910746381	0.9802902388262579	0.9906115212713074	0.9776706874736532	1.0	0.9783363091450192	0.9586163316642577
0.9744741055716672	0.97692906409783	0.9622135888246011	0.9596994068384784	0.9577945727275989	0.9641567892104822	0.9760307408902852	0.9566040022177278	0.9583763319952144	0.9640885024016506	0.9641847197878415	0.9748884510873399	0.9570562910994564	0.9649764032102842	0.9831854904700374	0.9638896113367411	0.9823235649481123	0.9774679704334329	0.9638687635802289	0.9799474663780461	0.9693045701205364	0.9853228380188291	0.9607762031225927	0.9847863384030132	0.9837407961390701	0.9880588283044317	0.9782277492090038	0.9833294658931875	0.973813887475937	0.9949099479344532	0.9783363091450192	1.0	0.9536800797073353
0.9524441368393372	0.9549873760647614	0.9716225754512735	0.9700523848188474	0.9685674995830733	0.9747063139490599	0.9523650441863156	0.970157807925355	0.9632452056672873	0.9747194214912341	0.9734565431989984	0.9500022156304938	0.9620570856910113	0.9734258997602335	0.957782317232674	0.9736257823140707	0.9581797460199287	0.9553126832130561	0.9725355633668821	0.9539947036692953	0.954410290685818	0.9518029579462166	0.9698129274089561	0.9584731923681507	0.9555325137243634	0.9566594904819068	0.9570821102310055	0.955818894420221	0.9483085052825261	0.9540753859271307	0.9586163316642577	0.9536800797073353	1.0
