/home/jshaw/scratch/2022_sketched_distance/references/SGB_genome_fastas_part2/4418/Bengtsson-PalmeJ_2015__TRAVELRES11__bin.101.fa	/home/jshaw/scratch/2022_sketched_distance/references/SGB_genome_fastas_part2/4418/CosteaPI_2017__SID713A005-11-90-0__bin.64.fa	/home/jshaw/scratch/2022_sketched_distance/references/SGB_genome_fastas_part2/4418/CosteaPI_2017__SID713A087-11-0-0__bin.41.fa	/home/jshaw/scratch/2022_sketched_distance/references/SGB_genome_fastas_part2/4418/CosteaPI_2017__SID713B040-11-90-0__bin.59.fa	/home/jshaw/scratch/2022_sketched_distance/references/SGB_genome_fastas_part2/4418/CosteaPI_2017__SID713B063-11-0-0__bin.59.fa	/home/jshaw/scratch/2022_sketched_distance/references/SGB_genome_fastas_part2/4418/HMP_2012__SRS022071__bin.72.fa	/home/jshaw/scratch/2022_sketched_distance/references/SGB_genome_fastas_part2/4418/KarlssonFH_2013__S278__bin.14.fa	/home/jshaw/scratch/2022_sketched_distance/references/SGB_genome_fastas_part2/4418/LeChatelierE_2013__MH0069__bin.18.fa	/home/jshaw/scratch/2022_sketched_distance/references/SGB_genome_fastas_part2/4418/LeChatelierE_2013__MH0126__bin.18.fa	/home/jshaw/scratch/2022_sketched_distance/references/SGB_genome_fastas_part2/4418/LeChatelierE_2013__MH0430__bin.89.fa	/home/jshaw/scratch/2022_sketched_distance/references/SGB_genome_fastas_part2/4418/LeChatelierE_2013__MH0457__bin.85.fa	/home/jshaw/scratch/2022_sketched_distance/references/SGB_genome_fastas_part2/4418/LiJ_2014__O2.UC31-1__bin.33.fa	/home/jshaw/scratch/2022_sketched_distance/references/SGB_genome_fastas_part2/4418/LiJ_2014__O2.UC40-1__bin.33.fa	/home/jshaw/scratch/2022_sketched_distance/references/SGB_genome_fastas_part2/4418/LiJ_2014__V1.FI14__bin.49.fa	/home/jshaw/scratch/2022_sketched_distance/references/SGB_genome_fastas_part2/4418/NielsenHB_2014__MH0069__bin.2.fa	/home/jshaw/scratch/2022_sketched_distance/references/SGB_genome_fastas_part2/4418/NielsenHB_2014__O2_UC31_0__bin.13.fa	/home/jshaw/scratch/2022_sketched_distance/references/SGB_genome_fastas_part2/4418/NielsenHB_2014__O2_UC40_2__bin.1.fa	/home/jshaw/scratch/2022_sketched_distance/references/SGB_genome_fastas_part2/4418/NielsenHB_2014__O2_UC44_0__bin.31.fa	/home/jshaw/scratch/2022_sketched_distance/references/SGB_genome_fastas_part2/4418/NielsenHB_2014__V1_CD38_0__bin.62.fa	/home/jshaw/scratch/2022_sketched_distance/references/SGB_genome_fastas_part2/4418/QinN_2014__HD-18__bin.24.fa	/home/jshaw/scratch/2022_sketched_distance/references/SGB_genome_fastas_part2/4418/RampelliS_2015__H15__bin.1.fa	/home/jshaw/scratch/2022_sketched_distance/references/SGB_genome_fastas_part2/4418/RampelliS_2015__H16__bin.44.fa	/home/jshaw/scratch/2022_sketched_distance/references/SGB_genome_fastas_part2/4418/RampelliS_2015__H27__bin.20.fa	/home/jshaw/scratch/2022_sketched_distance/references/SGB_genome_fastas_part2/4418/RaymondF_2016__P1E0__bin.43.fa	/home/jshaw/scratch/2022_sketched_distance/references/SGB_genome_fastas_part2/4418/RaymondF_2016__P1E7__bin.24.fa	/home/jshaw/scratch/2022_sketched_distance/references/SGB_genome_fastas_part2/4418/VogtmannE_2016__MMRS77487595ST-27-0-0__bin.22.fa	/home/jshaw/scratch/2022_sketched_distance/references/SGB_genome_fastas_part2/4418/VogtmannE_2016__MMRS94549160ST-27-0-0__bin.59.fa	/home/jshaw/scratch/2022_sketched_distance/references/SGB_genome_fastas_part2/4418/XieH_2016__YSZC12003_35550__bin.17.fa	/home/jshaw/scratch/2022_sketched_distance/references/SGB_genome_fastas_part2/4418/XieH_2016__YSZC12003_35561__bin.37.fa	/home/jshaw/scratch/2022_sketched_distance/references/SGB_genome_fastas_part2/4418/XieH_2016__YSZC12003_35698__bin.46.fa	/home/jshaw/scratch/2022_sketched_distance/references/SGB_genome_fastas_part2/4418/XieH_2016__YSZC12003_36526__bin.4.fa	/home/jshaw/scratch/2022_sketched_distance/references/SGB_genome_fastas_part2/4418/XieH_2016__YSZC12003_37181R1__bin.36.fa	/home/jshaw/scratch/2022_sketched_distance/references/SGB_genome_fastas_part2/4418/XieH_2016__YSZC12003_37196__bin.19.fa	/home/jshaw/scratch/2022_sketched_distance/references/SGB_genome_fastas_part2/4418/XieH_2016__YSZC12003_37583__bin.3.fa	/home/jshaw/scratch/2022_sketched_distance/references/SGB_genome_fastas_part2/4418/ZeeviD_2015__PNP_Main_116__bin.30.fa	/home/jshaw/scratch/2022_sketched_distance/references/SGB_genome_fastas_part2/4418/ZeeviD_2015__PNP_Main_223__bin.14.fa	/home/jshaw/scratch/2022_sketched_distance/references/SGB_genome_fastas_part2/4418/ZeeviD_2015__PNP_Main_282__bin.34.fa	/home/jshaw/scratch/2022_sketched_distance/references/SGB_genome_fastas_part2/4418/ZeeviD_2015__PNP_Main_643__bin.24.fa	/home/jshaw/scratch/2022_sketched_distance/references/SGB_genome_fastas_part2/4418/ZeeviD_2015__PNP_Main_744__bin.5.fa	/home/jshaw/scratch/2022_sketched_distance/references/SGB_genome_fastas_part2/4418/ZeeviD_2015__PNP_Main_756__bin.41.fa	/home/jshaw/scratch/2022_sketched_distance/references/SGB_genome_fastas_part2/4418/ZeeviD_2015__PNP_Validation_93__bin.16.fa	/home/jshaw/scratch/2022_sketched_distance/references/SGB_genome_fastas_part2/4418/ZellerG_2014__CCIS00146684ST-4-0__bin.38.fa
1.0	0.9847722849992712	0.9878367792911745	0.9649056808592247	0.9719371208447322	0.9713512465940131	0.9699620804955392	0.9823336332396334	0.9833309662753532	0.9850375660834602	0.9772292616574003	0.9734869841462017	0.9731340222910311	0.979005289339275	0.9792843955791569	0.9805562470151472	0.9827112001667611	0.9957615191825574	0.9878724438475432	0.9905745638307002	0.9763289432343744	0.9688316852396058	0.9711733972467026	0.9843385620943628	0.9836567776983505	0.9782968963695147	0.9768820898185698	0.9876937335051942	0.960900335694875	0.9893024115261612	0.9963735607344332	0.9832490049073331	0.9958736419760635	0.967327200919963	0.9827112001667611	0.9841794124386168	0.9760743713074423	0.9782012707750496	0.978439811041281	0.9694875840619719	0.9813919344247295	0.9734680340268158
0.9847722849992712	1.0	0.9930408060943388	0.9767822142530085	0.974059285750853	0.9756022209102742	0.975928160721526	0.9820486784916392	0.984324467563018	0.9873750183192895	0.9789281132647826	0.977476984348058	0.986714494889778	0.9774171196745445	0.9791193182579195	0.9794422141034694	0.9900837224102947	0.9906932395590089	0.9874746740401562	0.996468961315938	0.9762176903018772	0.97437080077433	0.9753007689119149	0.983813331487955	0.9826043349847672	0.9771117937077869	0.9780193202396886	0.9868411168611921	0.9725732790242868	0.98563593277672	0.9904132802704929	0.9920301726483438	0.9901051378952427	0.9744419933375207	0.982701420757156	0.9845850846053736	0.978105907236601	0.9774171196745445	0.9763749611894802	0.9757360459872118	0.9801485295513097	0.9748991736940094
0.9878367792911745	0.9930408060943388	1.0	0.9809987435035146	0.9770089360603943	0.9780412022237478	0.978470518479833	0.9826585028233382	0.9866584272705	0.9884080898705119	0.9813256585535761	0.9791454222416593	0.9903647512972478	0.9775747055925079	0.9785072771427535	0.9802315379522711	0.9930007160305848	0.9909381919481945	0.9880145413632645	0.9969549552864366	0.9768662883537207	0.9775799682553529	0.978076135404724	0.9838655562874064	0.9833410957715688	0.9771869840453177	0.9784732089242438	0.9887008872405327	0.9763436088353474	0.9884138713559811	0.991031323114486	0.9943914839695224	0.990421222584913	0.9774719111056135	0.9831643943095404	0.9851411562020373	0.9803509119078158	0.9791505890702926	0.977151506733123	0.9776113124018888	0.9802960714706771	0.976821150288747
0.9649056808592247	0.9767822142530085	0.9809987435035146	1.0	0.9688138445956194	0.9689474098148388	0.9659463476203348	0.9828322292262455	0.9745061110495411	0.9103833550651662	0.9845272434551354	0.9422477044851214	0.9860208160343998	0.978014774309196	0.9781154139061035	0.9806751770435782	0.9772499059656307	0.9846509072241049	0.9989755390805262	0.9851814646505066	0.9759338015358243	0.9711374330320117	0.9684098017814868	0.9893579277267955	0.9888548844172868	0.978465226297887	0.9789585386841991	0.9706985078544944	0.9841951767727121	0.9864909926605032	0.9838597145169303	0.9764666455350637	0.9834355027503399	0.9865298722220547	0.9824824477627592	0.9851409555387506	0.9722395116872726	0.9741675416727347	0.9777109777701097	0.9599310096919222	0.9806751770435782	0.9689474098148388
0.9719371208447322	0.974059285750853	0.9770089360603943	0.9688138445956194	1.0	0.9840284847360559	0.9786086622153486	0.9839665954363573	0.9696472340776036	0.9771081720175213	0.9737177671699053	0.9834182275816082	0.9673728663214667	0.9858235416896585	0.9805425626189848	0.9873400516566236	0.9709148430280111	0.9797897113157129	0.9846630138199869	0.9795987558121276	0.9785478379370183	0.9714575547258837	0.9796187007756857	0.9819269071394789	0.9812056133906979	0.9845314972687388	0.9904271770218669	0.9739035948845225	0.970212668451511	0.9722382792264923	0.9802435005188692	0.9725727461214376	0.9794066770338697	0.9712019375857498	0.9849570134324328	0.98676028842675	0.978189872451454	0.9806169024987034	0.984761306549372	0.982491958154528	0.9880580822432353	0.9794868685527398
0.9713512465940131	0.9756022209102742	0.9780412022237478	0.9689474098148388	0.9840284847360559	1.0	0.9792457099477924	0.985516167289259	0.9709181713680045	0.9737849342939118	0.9749388759335756	0.9810312067108942	0.9667957349562288	0.9875960553338947	0.9822795513791208	0.9894602728337655	0.9733697848778652	0.9811518949507891	0.9853077240374334	0.9809932605212046	0.9817788495414276	0.9709183220957457	0.9779540521392297	0.9816622070371808	0.9811123084257648	0.9865725517533723	0.98976605108135	0.9716150441235795	0.968115326685661	0.9746503877826318	0.9811914336178218	0.9736200097956678	0.9800658650624173	0.9715619677947211	0.9863369633188327	0.9878550983477443	0.979111371619016	0.9800658650624173	0.987104785754911	0.9802362398031366	0.9896135162626128	0.9807938790930713
0.9699620804955392	0.975928160721526	0.978470518479833	0.9659463476203348	0.9786086622153486	0.9792457099477924	1.0	0.9835858204135183	0.9727876930284608	0.974022637200899	0.9738154154581948	0.9822941499710545	0.9641449233217072	0.9916009180940538	0.9810002161584005	0.9922139064253488	0.9738686148926639	0.980483684906829	0.9849387502213351	0.9810428943261849	0.9792457099477924	0.9719526806769693	0.974811595325979	0.9800908578723062	0.9802660309486891	0.990243178628558	0.9853152746538736	0.972511738768735	0.9644757275238126	0.9749661314000196	0.9814666406692986	0.9736552919961047	0.9805703422312886	0.9703931695742801	0.9844042540218279	0.9858720900022812	0.9779589251934622	0.9797376683076815	0.9908183410349239	0.9766350617455946	0.9928753256980462	0.9853900642647723
0.9823336332396334	0.9820486784916392	0.9826585028233382	0.9828322292262455	0.9839665954363573	0.985516167289259	0.9835858204135183	1.0	0.9822864111058938	0.9834208876974571	0.9827127064388221	0.9852971495573194	0.9829245273816732	0.9847822334203717	0.995171189737397	0.9847975924188219	0.9826505314731068	0.9832455419351795	0.9854933238562943	0.9833950360915039	0.9806085748566126	0.9813013022064678	0.9820625691766517	0.9825926316903189	0.9836395374992151	0.9844817852869024	0.9817073648546804	0.9826229292203583	0.9899405647647389	0.9826548479500378	0.9835152292312155	0.9826682693017663	0.9821177408432958	0.990340749795829	0.9950042569211711	0.9952620027913772	0.9944289058544009	0.9943371408046127	0.9850604757995699	0.9840665149472202	0.9853465213640262	0.9838603599186795
0.9833309662753532	0.984324467563018	0.9866584272705	0.9745061110495411	0.9696472340776036	0.9709181713680045	0.9727876930284608	0.9822864111058938	1.0	0.9853738742945206	0.976425130872868	0.9710233296455626	0.9796548648270361	0.976598210299445	0.9794476121493564	0.9787279575217734	0.9841536783000053	0.9917359762236587	0.9861145009076093	0.9898899057791538	0.9771968436531607	0.9714040338294799	0.971714735707467	0.9812925969504633	0.981105198077144	0.9761637736115824	0.977026925515875	0.9831808294450683	0.9705099354267488	0.9867534872448005	0.9911873755706734	0.9829325800609511	0.9911873755706734	0.9722652661828445	0.9825032203110863	0.9836706826451416	0.9758119992271618	0.9766844061351815	0.9764684870863967	0.9694875840619719	0.9794871315061878	0.9707285041725752
0.9850375660834602	0.9873750183192895	0.9884080898705119	0.9103833550651662	0.9771081720175213	0.9737849342939118	0.974022637200899	0.9834208876974571	0.9853738742945206	1.0	0.9748026440776304	0.9823378524327385	0.9495770191686412	0.9797283454425646	0.9797945343834619	0.9839492736051835	0.9825208631598924	0.9935753439858835	0.9875320605761608	0.991971534690827	0.9766016625183686	0.9647636723626044	0.97314241463313	0.9858169950645287	0.985485216088952	0.9785821022041614	0.9812810093894089	0.9864706706033486	0.9153488252807395	0.9801234819990945	0.9936622064198976	0.984981178320891	0.9930934846048761	0.9467462523672808	0.9844692819011004	0.986952537928585	0.9791939475856626	0.9815954041947587	0.9796620220804851	0.974022637200899	0.9828236267263045	0.9746481339169915
0.9772292616574003	0.9789281132647826	0.9813256585535761	0.9845272434551354	0.9737177671699053	0.9749388759335756	0.9738154154581948	0.9827127064388221	0.976425130872868	0.9748026440776304	1.0	0.9744708194129609	0.9760696057715875	0.9796424869807607	0.9798381812704197	0.9812136093777224	0.9783614716373138	0.9839746931606285	0.997401936593817	0.9848903026492773	0.9770280720564473	0.9721977069413448	0.972759419365681	0.9917211296686317	0.9911730072092112	0.9782797132268979	0.9806475312981395	0.976447933607605	0.9712124269639105	0.9799550374774694	0.9840433993071173	0.9777432270069345	0.9835245599627965	0.973338828777319	0.9830681601915466	0.9840776984878404	0.9753255187204437	0.9773665718884196	0.9789281132647826	0.9741988891130006	0.9819900125831439	0.9732462618250995
0.9734869841462017	0.977476984348058	0.9791454222416593	0.9422477044851214	0.9834182275816082	0.9810312067108942	0.9822941499710545	0.9852971495573194	0.9710233296455626	0.9823378524327385	0.9744708194129609	1.0	0.955809491173665	0.9934922099328899	0.9824367873098959	0.9989233213612189	0.9732362940929282	0.9825315348765158	0.9865763195394439	0.9826731442689065	0.9786697664307674	0.9669357975925845	0.9765244237731381	0.9840113800784503	0.9832798087320749	0.9928415032796861	0.9880883785931104	0.97571847663696	0.9433893638962338	0.9706166125938898	0.9828141440913676	0.974951781745223	0.9826260091324357	0.9593875636550668	0.9875649936230456	0.9885642306072212	0.9817173036244456	0.9840113800784503	0.9931170455318471	0.9796142454785614	0.9965050035914323	0.988008397299882
0.9731340222910311	0.986714494889778	0.9903647512972478	0.9860208160343998	0.9673728663214667	0.9667957349562288	0.9641449233217072	0.9829245273816732	0.9796548648270361	0.9495770191686412	0.9760696057715875	0.955809491173665	1.0	0.9756785472209707	0.9775884833063263	0.9784579125581532	0.9877507971107543	0.9905526946703067	0.9890182945435578	0.9948521866726621	0.9748315962070896	0.9702878384805717	0.9695239794795928	0.9821271424315177	0.9810606268362353	0.9748820324552767	0.9758257456605511	0.9773557784943131	0.9791374217570455	0.9925818311083133	0.9898901572057854	0.986609046535924	0.9895055051300262	0.9833549547555686	0.9825681045847805	0.9848370384093879	0.9728008591377221	0.974271567443761	0.9740137812806535	0.9614007841059955	0.9775420751098127	0.9662080791937401
0.979005289339275	0.9774171196745445	0.9775747055925079	0.978014774309196	0.9858235416896585	0.9875960553338947	0.9916009180940538	0.9847822334203717	0.976598210299445	0.9797283454425646	0.9796424869807607	0.9934922099328899	0.9756785472209707	1.0	0.9813802030196885	0.9949306180030216	0.9774228088215476	0.9799201579926794	0.9846175078383406	0.9800469881458777	0.9798128685757446	0.9800526654583559	0.981841058729675	0.980110219044584	0.98041012144575	0.9948350114246517	0.9865676451096053	0.9786809974819597	0.9784958231926992	0.9770878611041807	0.9805182639265732	0.9785821022041614	0.9797609246114402	0.979856432446774	0.9854329933043516	0.9866970753420047	0.9826578053909638	0.9826681483019993	0.9943630768167043	0.9867386073647484	0.9956082258836709	0.9941700643683961
0.9792843955791569	0.9791193182579195	0.9785072771427535	0.9781154139061035	0.9805425626189848	0.9822795513791208	0.9810002161584005	0.995171189737397	0.9794476121493564	0.9797945343834619	0.9798381812704197	0.9824367873098959	0.9775884833063263	0.9813802030196885	1.0	0.9818515937986023	0.9807176945455038	0.9804154549739846	0.9843855173861661	0.9810215286703216	0.9771977387589568	0.9783243418840328	0.9789376046628473	0.979911865673618	0.9805367609561969	0.9811905418159569	0.9807501851194239	0.9792265645318178	0.9853963727856477	0.9786700147692335	0.9804460270383221	0.9794335995218921	0.979984415259656	0.9849696224176708	0.9924013194767085	0.9942800763353851	0.9921463465899545	0.9919817479973284	0.9815860281561634	0.9810207643137395	0.9831148879844414	0.9811249117331587
0.9805562470151472	0.9794422141034694	0.9802315379522711	0.9806751770435782	0.9873400516566236	0.9894602728337655	0.9922139064253488	0.9847975924188219	0.9787279575217734	0.9839492736051835	0.9812136093777224	0.9989233213612189	0.9784579125581532	0.9949306180030216	0.9818515937986023	1.0	0.979630525235979	0.9808455490785378	0.9858950684179113	0.9810920742478603	0.9817517795401113	0.9807030758674934	0.9837827020492751	0.981831938728695	0.9826178348738138	0.995056983609336	0.9873196196331057	0.9798857505653078	0.9791374217570455	0.9792749412748565	0.9814897482447262	0.980486164021578	0.9803276032294407	0.9807786794244807	0.9855279265029201	0.9878205652457405	0.9840335405512918	0.9839146376876002	0.9949019834832735	0.9889243163938467	0.9963653520892074	0.9950041041909916
0.9827112001667611	0.9900837224102947	0.9930007160305848	0.9772499059656307	0.9709148430280111	0.9733697848778652	0.9738686148926639	0.9826505314731068	0.9841536783000053	0.9825208631598924	0.9783614716373138	0.9732362940929282	0.9877507971107543	0.9774228088215476	0.9807176945455038	0.979630525235979	1.0	0.9913350181370048	0.9882891562342266	0.9960074568659513	0.9779086351673763	0.9742728887421813	0.9742892928775038	0.9832702593197964	0.9834063994052478	0.977136028421325	0.9779086351673763	0.9850445351629402	0.9718432546178646	0.9864531344835213	0.9906063217907549	0.9890988224504379	0.9902220527073936	0.9729348113923111	0.983064982975725	0.9848027530328575	0.9767635610756268	0.9773002119439987	0.9765128611459403	0.9722288785164362	0.9801223555274159	0.9725607809624076
0.9957615191825574	0.9906932395590089	0.9909381919481945	0.9846509072241049	0.9797897113157129	0.9811518949507891	0.980483684906829	0.9832455419351795	0.9917359762236587	0.9935753439858835	0.9839746931606285	0.9825315348765158	0.9905526946703067	0.9799201579926794	0.9804154549739846	0.9808455490785378	0.9913350181370048	1.0	0.9884466134307892	0.9925702254185831	0.9792277143006911	0.9788397355662889	0.980440903299637	0.9848282447366986	0.9851833997396207	0.9791356659753356	0.9793161937553545	0.9958998840795592	0.9800767757885248	0.9965757855407963	0.9969846617660593	0.9915317076861888	0.9959967424805221	0.9817124663325986	0.983828921956318	0.9861114336783003	0.9828968129374577	0.9821882113510442	0.9796836490845076	0.9796233372544639	0.9810492106700451	0.9793264937726462
0.9878724438475432	0.9874746740401562	0.9880145413632645	0.9989755390805262	0.9846630138199869	0.9853077240374334	0.9849387502213351	0.9854933238562943	0.9861145009076093	0.9875320605761608	0.997401936593817	0.9865763195394439	0.9890182945435578	0.9846175078383406	0.9843855173861661	0.9858950684179113	0.9882891562342266	0.9884466134307892	1.0	0.9887749970651257	0.9819032473333892	0.9824277462762493	0.9830054999773082	0.9973346115965006	0.9976216864947454	0.9842593403212634	0.9830819652913099	0.9877841310948157	0.9855086346695068	0.9885204246280729	0.9887027126254969	0.9884589025529529	0.9869181908474886	0.987348564856775	0.9875291310721865	0.9868292681469563	0.9865928226126389	0.9862739561491688	0.9847543120058985	0.9855292234694817	0.9857797706367477	0.984552832267363
0.9905745638307002	0.996468961315938	0.9969549552864366	0.9851814646505066	0.9795987558121276	0.9809932605212046	0.9810428943261849	0.9833950360915039	0.9898899057791538	0.991971534690827	0.9848903026492773	0.9826731442689065	0.9948521866726621	0.9800469881458777	0.9810215286703216	0.9810920742478603	0.9960074568659513	0.9925702254185831	0.9887749970651257	1.0	0.9799414910980452	0.9798053843000332	0.9810537458898488	0.9858914140079321	0.9865002468275867	0.9792984053679613	0.9791032997996035	0.9917083684266537	0.9806016649348109	0.9920959997263337	0.9929180132350133	0.998190332375802	0.991399740966669	0.981638736485859	0.9842288793768695	0.986562243287952	0.9836700709864393	0.9825727219378053	0.9801375443310596	0.9802362398031366	0.9812533111322183	0.9802380744406879
0.9763289432343744	0.9762176903018772	0.9768662883537207	0.9759338015358243	0.9785478379370183	0.9817788495414276	0.9792457099477924	0.9806085748566126	0.9771968436531607	0.9766016625183686	0.9770280720564473	0.9786697664307674	0.9748315962070896	0.9798128685757446	0.9771977387589568	0.9817517795401113	0.9779086351673763	0.9792277143006911	0.9819032473333892	0.9799414910980452	1.0	0.9818887839057788	0.9844736121979383	0.9764562799102546	0.9759651856610155	0.978765229643336	0.9819334569547068	0.9770318428149167	0.9755427507368633	0.9760925467462487	0.9789972912683041	0.9771798916735064	0.978564997414416	0.9765361370441255	0.980260849030552	0.9821141315137956	0.9775497219874808	0.9770694882287413	0.9793555318489171	0.977963735427938	0.981782129232661	0.9782228460411594
0.9688316852396058	0.97437080077433	0.9775799682553529	0.9711374330320117	0.9714575547258837	0.9709183220957457	0.9719526806769693	0.9813013022064678	0.9714040338294799	0.9647636723626044	0.9721977069413448	0.9669357975925845	0.9702878384805717	0.9800526654583559	0.9783243418840328	0.9807030758674934	0.9742728887421813	0.9788397355662889	0.9824277462762493	0.9798053843000332	0.9818887839057788	1.0	0.9774023228708317	0.9773577597702336	0.976407566934299	0.9795562165995825	0.9789248484159567	0.9702591543188789	0.9699126436844052	0.9759916947246643	0.9792630971774353	0.9733276942482962	0.9784970462012007	0.9734284946345159	0.9813802452747472	0.9825040217591701	0.9744196463225885	0.9750001351845797	0.9784970462012007	0.9696820526440275	0.9816550554517529	0.9713504243222767
0.9711733972467026	0.9753007689119149	0.978076135404724	0.9684098017814868	0.9796187007756857	0.9779540521392297	0.974811595325979	0.9820625691766517	0.971714735707467	0.97314241463313	0.972759419365681	0.9765244237731381	0.9695239794795928	0.981841058729675	0.9789376046628473	0.9837827020492751	0.9742892928775038	0.980440903299637	0.9830054999773082	0.9810537458898488	0.9844736121979383	0.9774023228708317	1.0	0.9792197792057318	0.978612102995495	0.9812051784152356	0.9846100653148364	0.9735586898162968	0.9700329878544119	0.9748907814744818	0.9807870397331049	0.9741488916509292	0.9798163486432199	0.971562707028662	0.9825011438040959	0.9841989918160543	0.9759284252215882	0.976281722169013	0.9810537458898488	0.9741988891130006	0.9843365893178083	0.9740596182864415
0.9843385620943628	0.983813331487955	0.9838655562874064	0.9893579277267955	0.9819269071394789	0.9816622070371808	0.9800908578723062	0.9825926316903189	0.9812925969504633	0.9858169950645287	0.9917211296686317	0.9840113800784503	0.9821271424315177	0.980110219044584	0.979911865673618	0.981831938728695	0.9832702593197964	0.9848282447366986	0.9973346115965006	0.9858914140079321	0.9764562799102546	0.9773577597702336	0.9792197792057318	1.0	0.9951818224204183	0.9795248860791327	0.9809924607823218	0.9844468176877113	0.9750834475096445	0.9825274247101897	0.9847741719050808	0.9843544346829715	0.9842559874129351	0.9790275367902108	0.9835895179403625	0.9856024560773285	0.9821396966045021	0.9816356392914376	0.9797814447551592	0.981920266205871	0.9820384856227928	0.9801206054943733
0.9836567776983505	0.9826043349847672	0.9833410957715688	0.9888548844172868	0.9812056133906979	0.9811123084257648	0.9802660309486891	0.9836395374992151	0.981105198077144	0.985485216088952	0.9911730072092112	0.9832798087320749	0.9810606268362353	0.98041012144575	0.9805367609561969	0.9826178348738138	0.9834063994052478	0.9851833997396207	0.9976216864947454	0.9865002468275867	0.9759651856610155	0.976407566934299	0.978612102995495	0.9951818224204183	1.0	0.9794443471413253	0.9813481721723365	0.9841617271035322	0.976393013946613	0.982431530881039	0.9860493344365154	0.9842886267683669	0.9850460113125828	0.9789073859966131	0.9844345769253672	0.9862622991002525	0.9817544703732822	0.9811402039184114	0.9801053315717002	0.9812026542668281	0.9831472590311536	0.9800420575612825
0.9782968963695147	0.9771117937077869	0.9771869840453177	0.978465226297887	0.9845314972687388	0.9865725517533723	0.990243178628558	0.9844817852869024	0.9761637736115824	0.9785821022041614	0.9782797132268979	0.9928415032796861	0.9748820324552767	0.9948350114246517	0.9811905418159569	0.995056983609336	0.977136028421325	0.9791356659753356	0.9842593403212634	0.9792984053679613	0.978765229643336	0.9795562165995825	0.9812051784152356	0.9795248860791327	0.9794443471413253	1.0	0.9854914271857058	0.9778668488531791	0.978863994353794	0.9758192937700065	0.979103020499623	0.9776674755487347	0.978509747123587	0.9798953836534966	0.9847577377402098	0.9866011190594518	0.9827262713855295	0.9819618103135209	0.9939847878458179	0.9864693833472746	0.9954170369458312	0.9944504155852987
0.9768820898185698	0.9780193202396886	0.9784732089242438	0.9789585386841991	0.9904271770218669	0.98976605108135	0.9853152746538736	0.9817073648546804	0.977026925515875	0.9812810093894089	0.9806475312981395	0.9880883785931104	0.9758257456605511	0.9865676451096053	0.9807501851194239	0.9873196196331057	0.9779086351673763	0.9793161937553545	0.9830819652913099	0.9791032997996035	0.9819334569547068	0.9789248484159567	0.9846100653148364	0.9809924607823218	0.9813481721723365	0.9854914271857058	1.0	0.9784260870001692	0.9792732811895053	0.9773507124404283	0.9793615271446233	0.9786604358126322	0.9775564559869534	0.9795431389901218	0.9847546827559053	0.9848948225042148	0.9838027083033672	0.9831098324028821	0.9861235308574425	0.9885639174049045	0.987143573943243	0.9856312699229679
0.9876937335051942	0.9868411168611921	0.9887008872405327	0.9706985078544944	0.9739035948845225	0.9716150441235795	0.972511738768735	0.9826229292203583	0.9831808294450683	0.9864706706033486	0.976447933607605	0.97571847663696	0.9773557784943131	0.9786809974819597	0.9792265645318178	0.9798857505653078	0.9850445351629402	0.9958998840795592	0.9877841310948157	0.9917083684266537	0.9770318428149167	0.9702591543188789	0.9735586898162968	0.9844468176877113	0.9841617271035322	0.9778668488531791	0.9784260870001692	1.0	0.9665482571087899	0.9895928304924578	0.9958998840795592	0.9850096749642688	0.9956228657580425	0.970874792910441	0.9835840031481012	0.984659021850094	0.9768084998972434	0.9785537912534236	0.9775616990102909	0.9716867299639405	0.9809688246375508	0.9727562902138807
0.960900335694875	0.9725732790242868	0.9763436088353474	0.9841951767727121	0.970212668451511	0.968115326685661	0.9644757275238126	0.9899405647647389	0.9705099354267488	0.9153488252807395	0.9712124269639105	0.9433893638962338	0.9791374217570455	0.9784958231926992	0.9853963727856477	0.9791374217570455	0.9718432546178646	0.9800767757885248	0.9855086346695068	0.9806016649348109	0.9755427507368633	0.9699126436844052	0.9700329878544119	0.9750834475096445	0.976393013946613	0.978863994353794	0.9792732811895053	0.9665482571087899	1.0	0.9816268183198753	0.9803839847867196	0.9719566421237441	0.978863994353794	0.9922420600177121	0.9872899642402319	0.9914093882883013	0.9790920093183711	0.9802965051213962	0.978170228695213	0.9620626460615607	0.9805582447338391	0.9678593793649155
0.9893024115261612	0.98563593277672	0.9884138713559811	0.9864909926605032	0.9722382792264923	0.9746503877826318	0.9749661314000196	0.9826548479500378	0.9867534872448005	0.9801234819990945	0.9799550374774694	0.9706166125938898	0.9925818311083133	0.9770878611041807	0.9786700147692335	0.9792749412748565	0.9864531344835213	0.9965757855407963	0.9885204246280729	0.9920959997263337	0.9760925467462487	0.9759916947246643	0.9748907814744818	0.9825274247101897	0.982431530881039	0.9758192937700065	0.9773507124404283	0.9895928304924578	0.9816268183198753	1.0	0.9964922887165981	0.9867316025351042	0.9954304675757495	0.9830826787215968	0.9833158081205672	0.985602317614775	0.9774292943952178	0.9762863318612446	0.9762863318612446	0.9725853365666366	0.9797300838934694	0.9729053324989717
0.9963735607344332	0.9904132802704929	0.991031323114486	0.9838597145169303	0.9802435005188692	0.9811914336178218	0.9814666406692986	0.9835152292312155	0.9911873755706734	0.9936622064198976	0.9840433993071173	0.9828141440913676	0.9898901572057854	0.9805182639265732	0.9804460270383221	0.9814897482447262	0.9906063217907549	0.9969846617660593	0.9887027126254969	0.9929180132350133	0.9789972912683041	0.9792630971774353	0.9807870397331049	0.9847741719050808	0.9860493344365154	0.979103020499623	0.9793615271446233	0.9958998840795592	0.9803839847867196	0.9964922887165981	1.0	0.9917949942767057	0.9965096636528529	0.9815278292732297	0.9842436311179377	0.9864116132372274	0.9829308149752698	0.9823168838771389	0.9804898044146015	0.9803295201904328	0.9815766930003255	0.980355122584991
0.9832490049073331	0.9920301726483438	0.9943914839695224	0.9764666455350637	0.9725727461214376	0.9736200097956678	0.9736552919961047	0.9826682693017663	0.9829325800609511	0.984981178320891	0.9777432270069345	0.974951781745223	0.986609046535924	0.9785821022041614	0.9794335995218921	0.980486164021578	0.9890988224504379	0.9915317076861888	0.9884589025529529	0.998190332375802	0.9771798916735064	0.9733276942482962	0.9741488916509292	0.9843544346829715	0.9842886267683669	0.9776674755487347	0.9786604358126322	0.9850096749642688	0.9719566421237441	0.9867316025351042	0.9917949942767057	1.0	0.9909718825208564	0.9739784726047976	0.9831492040471969	0.9852941127281597	0.9760977293550888	0.9770979134485159	0.9772616640951868	0.9727032901753826	0.9807440911594718	0.9731492185470094
0.9958736419760635	0.9901051378952427	0.990421222584913	0.9834355027503399	0.9794066770338697	0.9800658650624173	0.9805703422312886	0.9821177408432958	0.9911873755706734	0.9930934846048761	0.9835245599627965	0.9826260091324357	0.9895055051300262	0.9797609246114402	0.979984415259656	0.9803276032294407	0.9902220527073936	0.9959967424805221	0.9869181908474886	0.991399740966669	0.978564997414416	0.9784970462012007	0.9798163486432199	0.9842559874129351	0.9850460113125828	0.978509747123587	0.9775564559869534	0.9956228657580425	0.978863994353794	0.9954304675757495	0.9965096636528529	0.9909718825208564	1.0	0.9803975678918982	0.9833968547182473	0.9847462916361603	0.9822439762628618	0.9818642998784157	0.979748878726729	0.9796233372544639	0.9805778552764383	0.9792460099607672
0.967327200919963	0.9744419933375207	0.9774719111056135	0.9865298722220547	0.9712019375857498	0.9715619677947211	0.9703931695742801	0.990340749795829	0.9722652661828445	0.9467462523672808	0.973338828777319	0.9593875636550668	0.9833549547555686	0.979856432446774	0.9849696224176708	0.9807786794244807	0.9729348113923111	0.9817124663325986	0.987348564856775	0.981638736485859	0.9765361370441255	0.9734284946345159	0.971562707028662	0.9790275367902108	0.9789073859966131	0.9798953836534966	0.9795431389901218	0.970874792910441	0.9922420600177121	0.9830826787215968	0.9815278292732297	0.9739784726047976	0.9803975678918982	1.0	0.9880845781057052	0.9920246877650956	0.979856432446774	0.9811928337177557	0.9790674889496566	0.9678197984007731	0.9817124663325986	0.9700405045077747
0.9827112001667611	0.982701420757156	0.9831643943095404	0.9824824477627592	0.9849570134324328	0.9863369633188327	0.9844042540218279	0.9950042569211711	0.9825032203110863	0.9844692819011004	0.9830681601915466	0.9875649936230456	0.9825681045847805	0.9854329933043516	0.9924013194767085	0.9855279265029201	0.983064982975725	0.983828921956318	0.9875291310721865	0.9842288793768695	0.980260849030552	0.9813802452747472	0.9825011438040959	0.9835895179403625	0.9844345769253672	0.9847577377402098	0.9847546827559053	0.9835840031481012	0.9872899642402319	0.9833158081205672	0.9842436311179377	0.9831492040471969	0.9833968547182473	0.9880845781057052	1.0	0.9982783921062732	0.9952341920272562	0.9944261813274491	0.9854734240648391	0.9852899194129995	0.9861573623755844	0.984449888552034
0.9841794124386168	0.9845850846053736	0.9851411562020373	0.9851409555387506	0.98676028842675	0.9878550983477443	0.9858720900022812	0.9952620027913772	0.9836706826451416	0.986952537928585	0.9840776984878404	0.9885642306072212	0.9848370384093879	0.9866970753420047	0.9942800763353851	0.9878205652457405	0.9848027530328575	0.9861114336783003	0.9868292681469563	0.986562243287952	0.9821141315137956	0.9825040217591701	0.9841989918160543	0.9856024560773285	0.9862622991002525	0.9866011190594518	0.9848948225042148	0.984659021850094	0.9914093882883013	0.985602317614775	0.9864116132372274	0.9852941127281597	0.9847462916361603	0.9920246877650956	0.9982783921062732	1.0	0.9973858985296256	0.9963059281379307	0.9869708115267886	0.9874584427112476	0.9878405333564095	0.9858625312111721
0.9760743713074423	0.978105907236601	0.9803509119078158	0.9722395116872726	0.978189872451454	0.979111371619016	0.9779589251934622	0.9944289058544009	0.9758119992271618	0.9791939475856626	0.9753255187204437	0.9817173036244456	0.9728008591377221	0.9826578053909638	0.9921463465899545	0.9840335405512918	0.9767635610756268	0.9828968129374577	0.9865928226126389	0.9836700709864393	0.9775497219874808	0.9744196463225885	0.9759284252215882	0.9821396966045021	0.9817544703732822	0.9827262713855295	0.9838027083033672	0.9768084998972434	0.9790920093183711	0.9774292943952178	0.9829308149752698	0.9760977293550888	0.9822439762628618	0.979856432446774	0.9952341920272562	0.9973858985296256	1.0	0.9906488311375781	0.9822092532681479	0.9797658005335229	0.9855113347641813	0.9772523104104367
0.9782012707750496	0.9774171196745445	0.9791505890702926	0.9741675416727347	0.9806169024987034	0.9800658650624173	0.9797376683076815	0.9943371408046127	0.9766844061351815	0.9815954041947587	0.9773665718884196	0.9840113800784503	0.974271567443761	0.9826681483019993	0.9919817479973284	0.9839146376876002	0.9773002119439987	0.9821882113510442	0.9862739561491688	0.9825727219378053	0.9770694882287413	0.9750001351845797	0.976281722169013	0.9816356392914376	0.9811402039184114	0.9819618103135209	0.9831098324028821	0.9785537912534236	0.9802965051213962	0.9762863318612446	0.9823168838771389	0.9770979134485159	0.9818642998784157	0.9811928337177557	0.9944261813274491	0.9963059281379307	0.9906488311375781	1.0	0.9820913739997371	0.9810663317313453	0.9849084806736631	0.9800420575612825
0.978439811041281	0.9763749611894802	0.977151506733123	0.9777109777701097	0.984761306549372	0.987104785754911	0.9908183410349239	0.9850604757995699	0.9764684870863967	0.9796620220804851	0.9789281132647826	0.9931170455318471	0.9740137812806535	0.9943630768167043	0.9815860281561634	0.9949019834832735	0.9765128611459403	0.9796836490845076	0.9847543120058985	0.9801375443310596	0.9793555318489171	0.9784970462012007	0.9810537458898488	0.9797814447551592	0.9801053315717002	0.9939847878458179	0.9861235308574425	0.9775616990102909	0.978170228695213	0.9762863318612446	0.9804898044146015	0.9772616640951868	0.979748878726729	0.9790674889496566	0.9854734240648391	0.9869708115267886	0.9822092532681479	0.9820913739997371	1.0	0.9864693833472746	0.9958544810447649	0.9949791360809237
0.9694875840619719	0.9757360459872118	0.9776113124018888	0.9599310096919222	0.982491958154528	0.9802362398031366	0.9766350617455946	0.9840665149472202	0.9694875840619719	0.974022637200899	0.9741988891130006	0.9796142454785614	0.9614007841059955	0.9867386073647484	0.9810207643137395	0.9889243163938467	0.9722288785164362	0.9796233372544639	0.9855292234694817	0.9802362398031366	0.977963735427938	0.9696820526440275	0.9741988891130006	0.981920266205871	0.9812026542668281	0.9864693833472746	0.9885639174049045	0.9716867299639405	0.9620626460615607	0.9725853365666366	0.9803295201904328	0.9727032901753826	0.9796233372544639	0.9678197984007731	0.9852899194129995	0.9874584427112476	0.9797658005335229	0.9810663317313453	0.9864693833472746	1.0	0.9892808176901143	0.9804225350607954
0.9813919344247295	0.9801485295513097	0.9802960714706771	0.9806751770435782	0.9880580822432353	0.9896135162626128	0.9928753256980462	0.9853465213640262	0.9794871315061878	0.9828236267263045	0.9819900125831439	0.9965050035914323	0.9775420751098127	0.9956082258836709	0.9831148879844414	0.9963653520892074	0.9801223555274159	0.9810492106700451	0.9857797706367477	0.9812533111322183	0.981782129232661	0.9816550554517529	0.9843365893178083	0.9820384856227928	0.9831472590311536	0.9954170369458312	0.987143573943243	0.9809688246375508	0.9805582447338391	0.9797300838934694	0.9815766930003255	0.9807440911594718	0.9805778552764383	0.9817124663325986	0.9861573623755844	0.9878405333564095	0.9855113347641813	0.9849084806736631	0.9958544810447649	0.9892808176901143	1.0	0.9961086550487244
0.9734680340268158	0.9748991736940094	0.976821150288747	0.9689474098148388	0.9794868685527398	0.9807938790930713	0.9853900642647723	0.9838603599186795	0.9707285041725752	0.9746481339169915	0.9732462618250995	0.988008397299882	0.9662080791937401	0.9941700643683961	0.9811249117331587	0.9950041041909916	0.9725607809624076	0.9793264937726462	0.984552832267363	0.9802380744406879	0.9782228460411594	0.9713504243222767	0.9740596182864415	0.9801206054943733	0.9800420575612825	0.9944504155852987	0.9856312699229679	0.9727562902138807	0.9678593793649155	0.9729053324989717	0.980355122584991	0.9731492185470094	0.9792460099607672	0.9700405045077747	0.984449888552034	0.9858625312111721	0.9772523104104367	0.9800420575612825	0.9949791360809237	0.9804225350607954	0.9961086550487244	1.0
