/home/jshaw/scratch/2022_sketched_distance/references/SGB_genome_fastas_part1_redo/1857/BackhedF_2015__SID587_M__bin.28.fa	/home/jshaw/scratch/2022_sketched_distance/references/SGB_genome_fastas_part1_redo/1857/BackhedF_2015__SID70_12M__bin.13.fa	/home/jshaw/scratch/2022_sketched_distance/references/SGB_genome_fastas_part1_redo/1857/Bengtsson-PalmeJ_2015__TRAVELRES70__bin.122.fa	/home/jshaw/scratch/2022_sketched_distance/references/SGB_genome_fastas_part1_redo/1857/FengQ_2015__SID531766__bin.48.fa	/home/jshaw/scratch/2022_sketched_distance/references/SGB_genome_fastas_part1_redo/1857/HeQ_2017__SZAXPI029561-52__bin.15.fa	/home/jshaw/scratch/2022_sketched_distance/references/SGB_genome_fastas_part1_redo/1857/HMP_2012__SRS019787__bin.19.fa	/home/jshaw/scratch/2022_sketched_distance/references/SGB_genome_fastas_part1_redo/1857/KarlssonFH_2013__S526__bin.23.fa	/home/jshaw/scratch/2022_sketched_distance/references/SGB_genome_fastas_part1_redo/1857/LiJ_2014__O2.CD3-0-PT__bin.19.fa	/home/jshaw/scratch/2022_sketched_distance/references/SGB_genome_fastas_part1_redo/1857/LiJ_2014__V1.FI35__bin.48.fa	/home/jshaw/scratch/2022_sketched_distance/references/SGB_genome_fastas_part1_redo/1857/NielsenHB_2014__V1_CD14_0__bin.5.fa	/home/jshaw/scratch/2022_sketched_distance/references/SGB_genome_fastas_part1_redo/1857/NielsenHB_2014__V1_UC46_0__bin.28.fa	/home/jshaw/scratch/2022_sketched_distance/references/SGB_genome_fastas_part1_redo/1857/QinJ_2012__CON-007__bin.27.fa	/home/jshaw/scratch/2022_sketched_distance/references/SGB_genome_fastas_part1_redo/1857/QinJ_2012__CON-041__bin.12.fa	/home/jshaw/scratch/2022_sketched_distance/references/SGB_genome_fastas_part1_redo/1857/QinJ_2012__T2D-063__bin.13.fa	/home/jshaw/scratch/2022_sketched_distance/references/SGB_genome_fastas_part1_redo/1857/RaymondF_2016__P6C7__bin.53.fa	/home/jshaw/scratch/2022_sketched_distance/references/SGB_genome_fastas_part1_redo/1857/RaymondF_2016__P6C90__bin.56.fa	/home/jshaw/scratch/2022_sketched_distance/references/SGB_genome_fastas_part1_redo/1857/VogtmannE_2016__MMRS42780924ST-27-0-0__bin.36.fa	/home/jshaw/scratch/2022_sketched_distance/references/SGB_genome_fastas_part1_redo/1857/VogtmannE_2016__MMRS61683006ST-27-0-0__bin.70.fa	/home/jshaw/scratch/2022_sketched_distance/references/SGB_genome_fastas_part1_redo/1857/VogtmannE_2016__MMRS84954772ST-27-0-0__bin.11.fa	/home/jshaw/scratch/2022_sketched_distance/references/SGB_genome_fastas_part1_redo/1857/VogtmannE_2016__MMRS97052561ST-27-0-0__bin.1.fa	/home/jshaw/scratch/2022_sketched_distance/references/SGB_genome_fastas_part1_redo/1857/WenC_2017__RA045__bin.55.fa	/home/jshaw/scratch/2022_sketched_distance/references/SGB_genome_fastas_part1_redo/1857/XieH_2016__YSZC12003_36005__bin.99.fa	/home/jshaw/scratch/2022_sketched_distance/references/SGB_genome_fastas_part1_redo/1857/XieH_2016__YSZC12003_36157__bin.47.fa	/home/jshaw/scratch/2022_sketched_distance/references/SGB_genome_fastas_part1_redo/1857/XieH_2016__YSZC12003_36982__bin.36.fa	/home/jshaw/scratch/2022_sketched_distance/references/SGB_genome_fastas_part1_redo/1857/ZeeviD_2015__PNP_Main_156__bin.4.fa	/home/jshaw/scratch/2022_sketched_distance/references/SGB_genome_fastas_part1_redo/1857/ZeeviD_2015__PNP_Main_269__bin.27.fa	/home/jshaw/scratch/2022_sketched_distance/references/SGB_genome_fastas_part1_redo/1857/ZeeviD_2015__PNP_Main_492__bin.1.fa	/home/jshaw/scratch/2022_sketched_distance/references/SGB_genome_fastas_part1_redo/1857/ZeeviD_2015__PNP_Main_723__bin.45.fa	/home/jshaw/scratch/2022_sketched_distance/references/SGB_genome_fastas_part1_redo/1857/ZellerG_2014__CCIS13047523ST-4-0__bin.32.fa	/home/jshaw/scratch/2022_sketched_distance/references/SGB_genome_fastas_part1_redo/1857/ZellerG_2014__CCIS71301801ST-4-0__bin.26.fa	/home/jshaw/scratch/2022_sketched_distance/references/SGB_genome_fastas_part1_redo/1857/ZellerG_2014__CCIS85214191ST-3-0__bin.8.fa	/home/jshaw/scratch/2022_sketched_distance/references/SGB_genome_fastas_part1_redo/1857/ZellerG_2014__CCMD11006829ST-21-0__bin.48.fa	/home/jshaw/scratch/2022_sketched_distance/references/SGB_genome_fastas_part1_redo/1857/ZellerG_2014__CCMD60079086ST-21-0__bin.14.fa
1.0	0.9834367711284202	0.9785888480687862	0.9909205152015934	0.9914991225245113	0.9902465540448344	0.9861124254402981	0.9925164811221316	0.9883334983405411	0.9797172560425097	0.9920117142510981	0.991791743428521	0.9865621503514052	0.9919589735302681	0.9904604541738199	0.9912128730003027	0.9875689830710258	0.9911229090755755	0.9909195879173835	0.9785078595913255	0.9915702991673105	0.98982761476681	0.9845129277111919	0.9916944906666839	0.9838551021487922	0.9910534509773894	0.9909965465845961	0.9922098142647341	0.9868185022277214	0.9886934104249125	0.9862718718846792	0.9900517106855581	0.9897770476311426
0.9834367711284202	1.0	0.9753381948519048	0.9866400266920725	0.9861308921664432	0.9839797376605716	0.9816302650480986	0.9846874388826473	0.9838320294503297	0.9777023700942958	0.9881401753058766	0.9878283859855432	0.9821570415242015	0.9886277699340148	0.9836713533067311	0.9828260588677038	0.9831610447541531	0.9844279079204629	0.9864917904221177	0.9730095345427057	0.9878283859855432	0.9841663079284296	0.983262679376349	0.9849876539686767	0.9815829336057963	0.9850073083226074	0.9869755193553275	0.9880827713071763	0.9820490797716205	0.9828488514165183	0.9834530032213945	0.9846216285249537	0.9865692480945856
0.9785888480687862	0.9753381948519048	1.0	0.9839764826070505	0.9780660557607279	0.9766577554465954	0.9740611799189605	0.9774662320631925	0.9767786285863358	0.9740897711761938	0.9841203047488447	0.9837823010031206	0.9762053432280892	0.9867793215188663	0.9778522827896005	0.9761080968927012	0.9754691738654795	0.9770630749074969	0.98393585171617	0.9687848500918551	0.983537190778185	0.97691473804037	0.9790722066983741	0.9777228267027794	0.9783806704514828	0.9788990028328551	0.9827030032068262	0.9851037064694648	0.9749121250072574	0.9771686281808378	0.9825550397894912	0.9785731285853153	0.9827321822871832
0.9909205152015934	0.9866400266920725	0.9839764826070505	1.0	0.992651871016097	0.9911791361125641	0.9872483937830389	0.9920397478337947	0.987170163098304	0.9856472925955085	0.9991382578726954	0.9987067768406757	0.9855299439220302	0.9936612774676473	0.9883785137774829	0.9895753279619165	0.9880533365329975	0.9922514453356384	0.993112991007452	0.974847312008396	0.9985722706822696	0.992585469066777	0.9871317484300218	0.9919527521870676	0.989978507417382	0.9911791361125641	0.9985960465909977	0.9936585574973615	0.9853648129795264	0.9893561728594653	0.9902265418220237	0.9906094893615774	0.9932290632461185
0.9914991225245113	0.9861308921664432	0.9780660557607279	0.992651871016097	1.0	0.9908798180468633	0.9863061095703075	0.9904489194479456	0.9948749698132132	0.9739797139027131	0.9911830265885987	0.9875072700397817	0.989772265592321	0.993103514962452	0.9909799601471915	0.9892585330546755	0.9896209779642726	0.9912427146999025	0.9921096615973101	0.9780167584041655	0.9914980718600894	0.9904416152317165	0.986808519806283	0.9893666951587281	0.9776112455224281	0.9923390829465943	0.9905748399638543	0.9932265080277916	0.9891284102657943	0.9824015411091803	0.9879539481569187	0.9919326024044065	0.9922307719243848
0.9902465540448344	0.9839797376605716	0.9766577554465954	0.9911791361125641	0.9908798180468633	1.0	0.9852749150564836	0.9898075079911649	0.988634856620001	0.9787883003138884	0.9909748118678356	0.9907324699069032	0.9872930030372739	0.9911640827800245	0.9888717318892435	0.9878813961071038	0.987291813197917	0.9905408029066235	0.9905065801949562	0.9774314018057153	0.9904445505695358	0.9891670329317958	0.9848144330056948	0.9901894409743607	0.982916055084628	0.991466747560361	0.9898789008122645	0.9915993281810035	0.987904778682456	0.9874756414721992	0.9864713611847498	0.990040599673522	0.9898186082776712
0.9861124254402981	0.9816302650480986	0.9740611799189605	0.9872483937830389	0.9863061095703075	0.9852749150564836	1.0	0.9863107962536161	0.9864097317233677	0.9750497912990791	0.9864384110497455	0.986135221586751	0.9906202366053461	0.989147924134397	0.9866859274703711	0.9853156597309525	0.9845345761060232	0.9859725579643018	0.9869799590388911	0.9741822774779301	0.9865607950399136	0.9854389372383567	0.98354466077807	0.9855590913321873	0.9788894061999389	0.9875463650683809	0.9855708710312228	0.9887727674839237	0.9840289993570214	0.9827597810826787	0.9838054115113283	0.9921315015119518	0.9874735161055672
0.9925164811221316	0.9846874388826473	0.9774662320631925	0.9920397478337947	0.9904489194479456	0.9898075079911649	0.9863107962536161	1.0	0.9895730530290365	0.9792658178773195	0.9919442154455121	0.9919442154455121	0.9898664071523758	0.992469590002465	0.9974040565882548	0.995977227787026	0.9885254405206435	0.9907866942011619	0.9911532941105823	0.9770469599174931	0.9914784041833572	0.990170036516777	0.9864249796360385	0.9909123275947647	0.9836801415099043	0.9920859249954117	0.991005933587109	0.9923762596328428	0.988290126328318	0.9875322703896444	0.9876675205009353	0.9914080315191436	0.9916071734262929
0.9883334983405411	0.9838320294503297	0.9767786285863358	0.987170163098304	0.9948749698132132	0.988634856620001	0.9864097317233677	0.9895730530290365	1.0	0.978850556477006	0.9909514336832219	0.9909803496885089	0.9848679493186014	0.988807034722568	0.9856276976720366	0.9878073517155846	0.9874768678753055	0.9902595920287866	0.9881058141464512	0.9733067175513892	0.9907288992667341	0.9896834629531998	0.9828828901074309	0.9903873562169869	0.9829954097922087	0.9899727848009796	0.9898733049653208	0.9888652237426613	0.9852036248626067	0.9869693956626671	0.982986369984545	0.9902300376262578	0.987861452168385
0.9797172560425097	0.9777023700942958	0.9740897711761938	0.9856472925955085	0.9739797139027131	0.9787883003138884	0.9750497912990791	0.9792658178773195	0.978850556477006	1.0	0.9846503602224465	0.981823954224236	0.977993716435451	0.9888219295355207	0.979945567824623	0.9783844266844637	0.977955470099265	0.9788061228540063	0.9859281111939092	0.9694803452672823	0.9855768930974893	0.9791924727464253	0.9814181176111014	0.9774757981084861	0.973762760127931	0.9807689135449121	0.9841147809115386	0.9871842587543185	0.9770092258557852	0.971721660649134	0.9849057229640108	0.9805937580006222	0.9849002397450992
0.9920117142510981	0.9881401753058766	0.9841203047488447	0.9991382578726954	0.9911830265885987	0.9909748118678356	0.9864384110497455	0.9919442154455121	0.9909514336832219	0.9846503602224465	1.0	0.9968880376811222	0.9904051396354736	0.9988978454152657	0.9924261008147047	0.9906333019126394	0.9896303465361548	0.9917598945972439	0.9972913165014463	0.9789087695565374	0.9979491971570001	0.9918088690753808	0.9916465439291537	0.9905445569434776	0.9886829513581865	0.9932398182839713	0.997198260457545	0.9984639875031359	0.9891183146462701	0.988304754504936	0.9944774278409326	0.9925172260433008	0.997461283239644
0.991791743428521	0.9878283859855432	0.9837823010031206	0.9987067768406757	0.9875072700397817	0.9907324699069032	0.986135221586751	0.9919442154455121	0.9909803496885089	0.981823954224236	0.9968880376811222	1.0	0.9904051396354736	0.9986773932699905	0.9923888437325092	0.9905451758458745	0.9897705567789384	0.9915404460872417	0.9971701535207392	0.9784910476077043	0.9977034343430848	0.9914807785847799	0.9918895570049057	0.9895421374459126	0.9853101863768469	0.9930701290253113	0.9964698562623266	0.9982038542644428	0.9891687618600444	0.9847081440702807	0.9941835176326087	0.9923206399713167	0.997229647330791
0.9865621503514052	0.9821570415242015	0.9762053432280892	0.9855299439220302	0.989772265592321	0.9872930030372739	0.9906202366053461	0.9898664071523758	0.9848679493186014	0.977993716435451	0.9904051396354736	0.9904051396354736	1.0	0.9858309506022659	0.9859914033699495	0.9876077164794884	0.9848801054809521	0.9884797770340292	0.9849408188669442	0.9703561948725475	0.9901472309771804	0.9885015576330449	0.9802489643184997	0.989551551584347	0.9825508598077098	0.9881623294681993	0.9898977280765131	0.9847263225120706	0.9828496123444884	0.9862138911132996	0.9814149461834167	0.9934182817559449	0.9850739944311763
0.9919589735302681	0.9886277699340148	0.9867793215188663	0.9936612774676473	0.993103514962452	0.9911640827800245	0.989147924134397	0.992469590002465	0.988807034722568	0.9888219295355207	0.9988978454152657	0.9986773932699905	0.9858309506022659	1.0	0.9898770503133945	0.9908154706902702	0.9901642478401335	0.9920941124818471	0.9981197892216477	0.9797568220375137	0.9984554714809689	0.9931427349997934	0.982286817252228	0.9931557980267279	0.9920941124818471	0.9922957910865018	0.9978714517515029	0.9958872390367026	0.9865248275204498	0.9909832637036038	0.9880383306729066	0.9935969019664533	0.9934030212435337
0.9904604541738199	0.9836713533067311	0.9778522827896005	0.9883785137774829	0.9909799601471915	0.9888717318892435	0.9866859274703711	0.9974040565882548	0.9856276976720366	0.979945567824623	0.9924261008147047	0.9923888437325092	0.9859914033699495	0.9898770503133945	1.0	0.9972917054709339	0.9870823556257922	0.9905591017615794	0.9868475390462108	0.9736597808157934	0.9919856569988814	0.9913859187433315	0.9819464663834349	0.9919573434025942	0.9841295951296987	0.9904011238312715	0.9920610416113353	0.9890034237010294	0.9846640992884687	0.9878718542585384	0.9843668063180496	0.9899727733916008	0.9869905633301114
0.9912128730003027	0.9828260588677038	0.9761080968927012	0.9895753279619165	0.9892585330546755	0.9878813961071038	0.9853156597309525	0.995977227787026	0.9878073517155846	0.9783844266844637	0.9906333019126394	0.9905451758458745	0.9876077164794884	0.9908154706902702	0.9972917054709339	1.0	0.9866418356462153	0.9892309957699833	0.9892767242321366	0.9781699621515726	0.9902971640777768	0.9888709022673247	0.9846338623915621	0.9901456713548843	0.9823290671147397	0.9901831762931974	0.9903770855175491	0.9910638428378136	0.9860849385339555	0.9866434160272853	0.9858438943864667	0.9898286619091357	0.9899015728469681
0.9875689830710258	0.9831610447541531	0.9754691738654795	0.9880533365329975	0.9896209779642726	0.987291813197917	0.9845345761060232	0.9885254405206435	0.9874768678753055	0.977955470099265	0.9896303465361548	0.9897705567789384	0.9848801054809521	0.9901642478401335	0.9870823556257922	0.9866418356462153	1.0	0.9886897007335949	0.9880525584579862	0.9750161431292729	0.9895177476771831	0.9876020896318617	0.9849492121057359	0.9889966929847372	0.9821888138020416	0.988595377661961	0.9884381465999513	0.9899995709399553	0.9857175240676723	0.9858213887516287	0.9833984487616769	0.9873119195415779	0.988157625158597
0.9911229090755755	0.9844279079204629	0.9770630749074969	0.9922514453356384	0.9912427146999025	0.9905408029066235	0.9859725579643018	0.9907866942011619	0.9902595920287866	0.9788061228540063	0.9917598945972439	0.9915404460872417	0.9884797770340292	0.9920941124818471	0.9905591017615794	0.9892309957699833	0.9886897007335949	1.0	0.9906448241584204	0.9773792443017415	0.991191404589102	0.9907953568928598	0.9861955674817954	0.9919528152033075	0.9833649663285206	0.9926937219824904	0.9908213313432824	0.9921889495758116	0.9878208641043892	0.9880418210455844	0.9869526059829943	0.9906593545680098	0.9912213178354338
0.9909195879173835	0.9864917904221177	0.98393585171617	0.993112991007452	0.9921096615973101	0.9905065801949562	0.9869799590388911	0.9911532941105823	0.9881058141464512	0.9859281111939092	0.9972913165014463	0.9971701535207392	0.9849408188669442	0.9981197892216477	0.9868475390462108	0.9892767242321366	0.9880525584579862	0.9906448241584204	1.0	0.9773792443017415	0.9969183415911196	0.9910171665090849	0.9872852207025877	0.9914719645036923	0.9895426961219295	0.9908609020965365	0.9965988112291971	0.9958784855933933	0.985110699797949	0.9890913250934416	0.9897348827458201	0.992015260305124	0.9926337096973336
0.9785078595913255	0.9730095345427057	0.9687848500918551	0.974847312008396	0.9780167584041655	0.9774314018057153	0.9741822774779301	0.9770469599174931	0.9733067175513892	0.9694803452672823	0.9789087695565374	0.9784910476077043	0.9703561948725475	0.9797568220375137	0.9736597808157934	0.9781699621515726	0.9750161431292729	0.9773792443017415	0.9773792443017415	1.0	0.9782039098872707	0.9774487691018505	0.9668923974508684	0.979271992758442	0.9723865886716202	0.9776564578119094	0.9779996912398796	0.9770645333371342	0.9706786180397574	0.9767112503511803	0.9687394609885839	0.9790743723124208	0.9723865886716202
0.9915702991673105	0.9878283859855432	0.983537190778185	0.9985722706822696	0.9914980718600894	0.9904445505695358	0.9865607950399136	0.9914784041833572	0.9907288992667341	0.9855768930974893	0.9979491971570001	0.9977034343430848	0.9901472309771804	0.9984554714809689	0.9919856569988814	0.9902971640777768	0.9895177476771831	0.991191404589102	0.9969183415911196	0.9782039098872707	1.0	0.9911237693797021	0.9919500321934218	0.9909817898585357	0.9891971559593883	0.9929849570885861	0.9969620628005813	0.9979153389512003	0.9889867894963662	0.9887512108665947	0.9941342781912427	0.9919152501556037	0.9972130399837832
0.98982761476681	0.9841663079284296	0.97691473804037	0.992585469066777	0.9904416152317165	0.9891670329317958	0.9854389372383567	0.990170036516777	0.9896834629531998	0.9791924727464253	0.9918088690753808	0.9914807785847799	0.9885015576330449	0.9931427349997934	0.9913859187433315	0.9888709022673247	0.9876020896318617	0.9907953568928598	0.9910171665090849	0.9774487691018505	0.9911237693797021	1.0	0.9855563007641891	0.9908319094273054	0.983298834326221	0.991413131565362	0.9913367391917222	0.9923970065370258	0.986969739063941	0.9878374955655955	0.9869893348160256	0.9907133979152164	0.9917445942035108
0.9845129277111919	0.983262679376349	0.9790722066983741	0.9871317484300218	0.986808519806283	0.9848144330056948	0.98354466077807	0.9864249796360385	0.9828828901074309	0.9814181176111014	0.9916465439291537	0.9918895570049057	0.9802489643184997	0.982286817252228	0.9819464663834349	0.9846338623915621	0.9849492121057359	0.9861955674817954	0.9872852207025877	0.9668923974508684	0.9919500321934218	0.9855563007641891	1.0	0.9857172871092242	0.9853207214448471	0.9853797748605632	0.9903532347995951	0.9861523739061634	0.9819792066659673	0.9863248087349442	0.9789467786416802	0.9858774885345206	0.9880148109575901
0.9916944906666839	0.9849876539686767	0.9777228267027794	0.9919527521870676	0.9893666951587281	0.9901894409743607	0.9855590913321873	0.9909123275947647	0.9903873562169869	0.9774757981084861	0.9905445569434776	0.9895421374459126	0.989551551584347	0.9931557980267279	0.9919573434025942	0.9901456713548843	0.9889966929847372	0.9919528152033075	0.9914719645036923	0.979271992758442	0.9909817898585357	0.9908319094273054	0.9857172871092242	1.0	0.9817466698804871	0.9969054102483397	0.9904488957893802	0.992850177521367	0.9878208641043892	0.9856741788643582	0.9879063829018038	0.9917063096839789	0.9916759552260456
0.9838551021487922	0.9815829336057963	0.9783806704514828	0.989978507417382	0.9776112455224281	0.982916055084628	0.9788894061999389	0.9836801415099043	0.9829954097922087	0.973762760127931	0.9886829513581865	0.9853101863768469	0.9825508598077098	0.9920941124818471	0.9841295951296987	0.9823290671147397	0.9821888138020416	0.9833649663285206	0.9895426961219295	0.9723865886716202	0.9891971559593883	0.983298834326221	0.9853207214448471	0.9817466698804871	1.0	0.9850615787109007	0.9880232383839741	0.9907274297421211	0.9812634002632642	0.9759598884311816	0.9875594644344565	0.9845348805329296	0.9889346443126918
0.9910534509773894	0.9850073083226074	0.9788990028328551	0.9911791361125641	0.9923390829465943	0.991466747560361	0.9875463650683809	0.9920859249954117	0.9899727848009796	0.9807689135449121	0.9932398182839713	0.9930701290253113	0.9881623294681993	0.9922957910865018	0.9904011238312715	0.9901831762931974	0.988595377661961	0.9926937219824904	0.9908609020965365	0.9776564578119094	0.9929849570885861	0.991413131565362	0.9853797748605632	0.9969054102483397	0.9850615787109007	1.0	0.9923390829465943	0.9919795754693181	0.9877156692500333	0.9888186495564066	0.9871723664620141	0.9910444086013382	0.9909715832967855
0.9909965465845961	0.9869755193553275	0.9827030032068262	0.9985960465909977	0.9905748399638543	0.9898789008122645	0.9855708710312228	0.991005933587109	0.9898733049653208	0.9841147809115386	0.997198260457545	0.9964698562623266	0.9898977280765131	0.9978714517515029	0.9920610416113353	0.9903770855175491	0.9884381465999513	0.9908213313432824	0.9965988112291971	0.9779996912398796	0.9969620628005813	0.9913367391917222	0.9903532347995951	0.9904488957893802	0.9880232383839741	0.9923390829465943	1.0	0.9980992288700447	0.9878103597298952	0.9876865073972501	0.9936977864536447	0.9916363683650108	0.9971382040705388
0.9922098142647341	0.9880827713071763	0.9851037064694648	0.9936585574973615	0.9932265080277916	0.9915993281810035	0.9887727674839237	0.9923762596328428	0.9888652237426613	0.9871842587543185	0.9984639875031359	0.9982038542644428	0.9847263225120706	0.9958872390367026	0.9890034237010294	0.9910638428378136	0.9899995709399553	0.9921889495758116	0.9958784855933933	0.9770645333371342	0.9979153389512003	0.9923970065370258	0.9861523739061634	0.992850177521367	0.9907274297421211	0.9919795754693181	0.9980992288700447	1.0	0.9866701656301963	0.9904316063368105	0.9873059455588036	0.9927784959942734	0.9934080523821022
0.9868185022277214	0.9820490797716205	0.9749121250072574	0.9853648129795264	0.9891284102657943	0.987904778682456	0.9840289993570214	0.988290126328318	0.9852036248626067	0.9770092258557852	0.9891183146462701	0.9891687618600444	0.9828496123444884	0.9865248275204498	0.9846640992884687	0.9860849385339555	0.9857175240676723	0.9878208641043892	0.985110699797949	0.9706786180397574	0.9889867894963662	0.986969739063941	0.9819792066659673	0.9878208641043892	0.9812634002632642	0.9877156692500333	0.9878103597298952	0.9866701656301963	1.0	0.9851186980983018	0.9811674731203865	0.9869373896504037	0.9859445022779009
0.9886934104249125	0.9828488514165183	0.9771686281808378	0.9893561728594653	0.9824015411091803	0.9874756414721992	0.9827597810826787	0.9875322703896444	0.9869693956626671	0.971721660649134	0.988304754504936	0.9847081440702807	0.9862138911132996	0.9909832637036038	0.9878718542585384	0.9866434160272853	0.9858213887516287	0.9880418210455844	0.9890913250934416	0.9767112503511803	0.9887512108665947	0.9878374955655955	0.9863248087349442	0.9856741788643582	0.9759598884311816	0.9888186495564066	0.9876865073972501	0.9904316063368105	0.9851186980983018	1.0	0.9861967502204514	0.9893162642037521	0.9885376318167018
0.9862718718846792	0.9834530032213945	0.9825550397894912	0.9902265418220237	0.9879539481569187	0.9864713611847498	0.9838054115113283	0.9876675205009353	0.982986369984545	0.9849057229640108	0.9944774278409326	0.9941835176326087	0.9814149461834167	0.9880383306729066	0.9843668063180496	0.9858438943864667	0.9833984487616769	0.9869526059829943	0.9897348827458201	0.9687394609885839	0.9941342781912427	0.9869893348160256	0.9789467786416802	0.9879063829018038	0.9875594644344565	0.9871723664620141	0.9936977864536447	0.9873059455588036	0.9811674731203865	0.9861967502204514	1.0	0.9869403539207982	0.9867190328732148
0.9900517106855581	0.9846216285249537	0.9785731285853153	0.9906094893615774	0.9919326024044065	0.990040599673522	0.9921315015119518	0.9914080315191436	0.9902300376262578	0.9805937580006222	0.9925172260433008	0.9923206399713167	0.9934182817559449	0.9935969019664533	0.9899727733916008	0.9898286619091357	0.9873119195415779	0.9906593545680098	0.992015260305124	0.9790743723124208	0.9919152501556037	0.9907133979152164	0.9858774885345206	0.9917063096839789	0.9845348805329296	0.9910444086013382	0.9916363683650108	0.9927784959942734	0.9869373896504037	0.9893162642037521	0.9869403539207982	1.0	0.990679505855653
0.9897770476311426	0.9865692480945856	0.9827321822871832	0.9932290632461185	0.9922307719243848	0.9898186082776712	0.9874735161055672	0.9916071734262929	0.987861452168385	0.9849002397450992	0.997461283239644	0.997229647330791	0.9850739944311763	0.9934030212435337	0.9869905633301114	0.9899015728469681	0.988157625158597	0.9912213178354338	0.9926337096973336	0.9723865886716202	0.9972130399837832	0.9917445942035108	0.9880148109575901	0.9916759552260456	0.9889346443126918	0.9909715832967855	0.9971382040705388	0.9934080523821022	0.9859445022779009	0.9885376318167018	0.9867190328732148	0.990679505855653	1.0
