/home/jshaw/scratch/2022_sketched_distance/references/SGB_genome_fastas_part2/3940/BritoIL_2016__M1.16.ST__bin.54.fa	/home/jshaw/scratch/2022_sketched_distance/references/SGB_genome_fastas_part2/3940/BritoIL_2016__W3.22.ST__bin.92.fa	/home/jshaw/scratch/2022_sketched_distance/references/SGB_genome_fastas_part2/3940/CM_madagascar__A28_02_1FE__bin.95.fa	/home/jshaw/scratch/2022_sketched_distance/references/SGB_genome_fastas_part2/3940/CosteaPI_2017__SID713A004-11-0-0__bin.11.fa	/home/jshaw/scratch/2022_sketched_distance/references/SGB_genome_fastas_part2/3940/CosteaPI_2017__SID713B072-11-90-0__bin.89.fa	/home/jshaw/scratch/2022_sketched_distance/references/SGB_genome_fastas_part2/3940/FengQ_2015__SID31223__bin.13.fa	/home/jshaw/scratch/2022_sketched_distance/references/SGB_genome_fastas_part2/3940/FengQ_2015__SID31276__bin.38.fa	/home/jshaw/scratch/2022_sketched_distance/references/SGB_genome_fastas_part2/3940/FengQ_2015__SID530041__bin.48.fa	/home/jshaw/scratch/2022_sketched_distance/references/SGB_genome_fastas_part2/3940/LiJ_2014__V1.FI14__bin.82.fa	/home/jshaw/scratch/2022_sketched_distance/references/SGB_genome_fastas_part2/3940/XieH_2016__YSZC12003_35550__bin.7.fa	/home/jshaw/scratch/2022_sketched_distance/references/SGB_genome_fastas_part2/3940/XieH_2016__YSZC12003_35697__bin.38.fa	/home/jshaw/scratch/2022_sketched_distance/references/SGB_genome_fastas_part2/3940/XieH_2016__YSZC12003_35992__bin.87.fa	/home/jshaw/scratch/2022_sketched_distance/references/SGB_genome_fastas_part2/3940/XieH_2016__YSZC12003_35999__bin.100.fa	/home/jshaw/scratch/2022_sketched_distance/references/SGB_genome_fastas_part2/3940/XieH_2016__YSZC12003_36694__bin.107.fa	/home/jshaw/scratch/2022_sketched_distance/references/SGB_genome_fastas_part2/3940/XieH_2016__YSZC12003_36699__bin.8.fa	/home/jshaw/scratch/2022_sketched_distance/references/SGB_genome_fastas_part2/3940/XieH_2016__YSZC12003_37101__bin.13.fa	/home/jshaw/scratch/2022_sketched_distance/references/SGB_genome_fastas_part2/3940/XieH_2016__YSZC12003_37171__bin.41.fa	/home/jshaw/scratch/2022_sketched_distance/references/SGB_genome_fastas_part2/3940/XieH_2016__YSZC12003_37182R1__bin.100.fa	/home/jshaw/scratch/2022_sketched_distance/references/SGB_genome_fastas_part2/3940/XieH_2016__YSZC12003_37232__bin.77.fa	/home/jshaw/scratch/2022_sketched_distance/references/SGB_genome_fastas_part2/3940/XieH_2016__YSZC12003_37349__bin.112.fa	/home/jshaw/scratch/2022_sketched_distance/references/SGB_genome_fastas_part2/3940/XieH_2016__YSZC12003_37393__bin.13.fa	/home/jshaw/scratch/2022_sketched_distance/references/SGB_genome_fastas_part2/3940/XieH_2016__YSZC12003_37405__bin.101.fa	/home/jshaw/scratch/2022_sketched_distance/references/SGB_genome_fastas_part2/3940/ZeeviD_2015__PNP_Main_127__bin.16.fa	/home/jshaw/scratch/2022_sketched_distance/references/SGB_genome_fastas_part2/3940/ZeeviD_2015__PNP_Main_393__bin.2.fa	/home/jshaw/scratch/2022_sketched_distance/references/SGB_genome_fastas_part2/3940/ZellerG_2014__CCIS11362406ST-4-0__bin.32.fa	/home/jshaw/scratch/2022_sketched_distance/references/SGB_genome_fastas_part2/3940/ZellerG_2014__CCIS74726977ST-3-0__bin.97.fa
1.0	0.9837470546293797	0.9774411873364763	0.9849126197184932	0.9822224072542184	0.9873737980059866	0.983984961019004	0.9849250654779276	0.988089835224154	0.983810176653792	0.9819617205964386	0.9835391695319408	0.9887188269802151	0.9810507500223113	0.9862825584008513	0.9721806294757902	0.9839875474349455	0.9874485971967626	0.9893830415224226	0.9878446808507929	0.9856320481735058	0.988284653295941	0.9817224297167079	0.986971972028596	0.9821457818013026	0.9864113228145521
0.9837470546293797	1.0	0.9733228617522628	0.9859690011950587	0.9800276702212185	0.9880106216272374	0.9836115458528502	0.9835662515208959	0.9889088724660864	0.972186268353903	0.9746600454361736	0.9837470546293797	0.9892156559266124	0.9781570411222306	0.9846364158183379	0.9743609392587386	0.9699929228803194	0.9880897099704895	0.989100946400101	0.9890242510624374	0.9778885363354327	0.9877722105535487	0.9832931634177374	0.9864291559660969	0.9793128873770344	0.9870871826553314
0.9774411873364763	0.9733228617522628	1.0	0.9791948961559666	0.9749456172844311	0.9821841254225104	0.977697566763734	0.9778673726646329	0.9824428005804838	0.9713032632197831	0.9697852838709518	0.9782880574777163	0.9810517607313062	0.9729887970448213	0.9796390377152423	0.9805096015654141	0.9695798974381464	0.9808977733361578	0.9821470044338994	0.9821098413070289	0.9711154541020837	0.9816605612121622	0.9754967335119692	0.980037626700945	0.9730379552823665	0.9801957103635781
0.9849126197184932	0.9859690011950587	0.9791948961559666	1.0	0.9857113005076921	0.9888387455999047	0.9866608617279973	0.9875509515416327	0.9895728343556656	0.9873208150243675	0.9859775883908015	0.9866032078598195	0.988377033221683	0.9855437927504953	0.9874254552029543	0.9718954216044949	0.9863674568442473	0.9884875529602302	0.9892509844391392	0.9890997060153924	0.9887218322067647	0.9893801015588966	0.9837292134789358	0.9872280262342185	0.9853187589955725	0.9866030904377261
0.9822224072542184	0.9800276702212185	0.9749456172844311	0.9857113005076921	1.0	0.9889932777992412	0.9850541172162437	0.9853414661331379	0.9894257034777201	0.983282391119958	0.9814575033716502	0.9850541172162437	0.9894257034777201	0.9811815308187717	0.9869875091038843	0.9740815676051738	0.9827070598553183	0.9878204573914326	0.989877469188792	0.9890444467504822	0.9839885058505701	0.9894004230404174	0.9829382071031569	0.9883990534445347	0.9807749679076487	0.9872585122508251
0.9873737980059866	0.9880106216272374	0.9821841254225104	0.9888387455999047	0.9889932777992412	1.0	0.9894320106027211	0.9899109069447721	0.9879293937721059	0.9891509925586138	0.9879598274073216	0.9883766438037083	0.9880568220834283	0.9881775790828774	0.9897058546792655	0.9731873382314965	0.9885489873359609	0.9869182814659193	0.9883985698455849	0.9873594410081138	0.9902951306126143	0.9877751021855491	0.9859279218656161	0.9885306434461705	0.9883163596303193	0.9872035987946375
0.983984961019004	0.9836115458528502	0.977697566763734	0.9866608617279973	0.9850541172162437	0.9894320106027211	1.0	0.9867691478491928	0.9899639258574601	0.9865518647698756	0.986350055758122	0.9856827461187608	0.9900555637917781	0.9843808825291364	0.9875860776107356	0.9739647562927205	0.9854277964850836	0.9896874751166905	0.9908467264190898	0.9894086881424491	0.9875457176150215	0.9898490194116877	0.9831865457923888	0.9885578994581702	0.9851471201932658	0.9889387410780099
0.9849250654779276	0.9835662515208959	0.9778673726646329	0.9875509515416327	0.9853414661331379	0.9899109069447721	0.9867691478491928	1.0	0.991318857727293	0.985688522674385	0.9837589523874672	0.9864245096210894	0.9905989153154887	0.9831752381199059	0.9889377549959485	0.9746929361572237	0.9854692149423697	0.989525084889106	0.9917071044924678	0.9905519240632105	0.9867483937458638	0.9905284033345041	0.9839339439492972	0.9900066616021431	0.9832581787621724	0.9894765382926564
0.988089835224154	0.9889088724660864	0.9824428005804838	0.9895728343556656	0.9894257034777201	0.9879293937721059	0.9899639258574601	0.991318857727293	1.0	0.9911437526696424	0.9901610561746428	0.9958260783034468	0.9898946938296345	0.9885446527329129	0.990874698866948	0.9739990752635173	0.989951095957811	0.988455978969047	0.9889361660141897	0.9885911381158371	0.9915744952826482	0.9889170922563698	0.9865028784623915	0.989675862897751	0.989518366465669	0.9879768323233687
0.983810176653792	0.972186268353903	0.9713032632197831	0.9873208150243675	0.983282391119958	0.9891509925586138	0.9865518647698756	0.985688522674385	0.9911437526696424	1.0	0.9782485698900346	0.9875012799217623	0.9897615563196034	0.9819458147524494	0.9883890586888853	0.9735305181259124	0.9766927355689194	0.9904927754147455	0.9906894194287031	0.9900293324037941	0.9801944735813835	0.9902618672462173	0.9833232930553669	0.988213407088355	0.9822006132915675	0.9881781640959284
0.9819617205964386	0.9746600454361736	0.9697852838709518	0.9859775883908015	0.9814575033716502	0.9879598274073216	0.986350055758122	0.9837589523874672	0.9901610561746428	0.9782485698900346	1.0	0.9860795896769692	0.9892796414504057	0.9803443547421142	0.9864844589631356	0.9731318179987394	0.9753104276626278	0.987766891036677	0.9891561973683227	0.9889390518206329	0.9781707132785482	0.9885949064559515	0.9834661758020498	0.9880878265203612	0.9815745527002198	0.987605242588486
0.9835391695319408	0.9837470546293797	0.9782880574777163	0.9866032078598195	0.9850541172162437	0.9883766438037083	0.9856827461187608	0.9864245096210894	0.9958260783034468	0.9875012799217623	0.9860795896769692	1.0	0.9886060463574644	0.9845285192580631	0.9867002429196979	0.9727845998432461	0.9865682243438776	0.9888111520525387	0.9893742837873564	0.9886517358417062	0.9877342350525131	0.9894412178469386	0.9821615407290584	0.9871333928105472	0.9842752024845931	0.9870855457077238
0.9887188269802151	0.9892156559266124	0.9810517607313062	0.988377033221683	0.9894257034777201	0.9880568220834283	0.9900555637917781	0.9905989153154887	0.9898946938296345	0.9897615563196034	0.9892796414504057	0.9886060463574644	1.0	0.9885967595706672	0.9900128853829584	0.9724842542744992	0.989733634966835	0.9878572623712689	0.9894781054277143	0.9879970810403746	0.9904108802722358	0.9890175626916278	0.9858068628160968	0.9896144114126122	0.9891394878253428	0.9873723303086733
0.9810507500223113	0.9781570411222306	0.9729887970448213	0.9855437927504953	0.9811815308187717	0.9881775790828774	0.9843808825291364	0.9831752381199059	0.9885446527329129	0.9819458147524494	0.9803443547421142	0.9845285192580631	0.9885967595706672	1.0	0.9857431347848868	0.9719236657583379	0.9815148701719827	0.9871872879610386	0.9892667572221078	0.9882565827672684	0.9825897026862322	0.9881512023576102	0.9819235399360411	0.9865840223269451	0.9808535928840321	0.9862222755983864
0.9862825584008513	0.9846364158183379	0.9796390377152423	0.9874254552029543	0.9869875091038843	0.9897058546792655	0.9875860776107356	0.9889377549959485	0.990874698866948	0.9883890586888853	0.9864844589631356	0.9867002429196979	0.9900128853829584	0.9857431347848868	1.0	0.9739828438674694	0.9877091149966013	0.9902304571277136	0.9909384371293212	0.9899910491104296	0.9911535218890252	0.9939975286658651	0.984046389245344	0.9885625745691617	0.9857439726535484	0.9885169219071485
0.9721806294757902	0.9743609392587386	0.9805096015654141	0.9718954216044949	0.9740815676051738	0.9731873382314965	0.9739647562927205	0.9746929361572237	0.9739990752635173	0.9735305181259124	0.9731318179987394	0.9727845998432461	0.9724842542744992	0.9719236657583379	0.9739828438674694	1.0	0.9729078837196502	0.9726775212732776	0.9743669849329978	0.9730288796209597	0.9747598154929574	0.9736892667581616	0.9704580161811202	0.9717435021636412	0.9726556783973285	0.9705241410300797
0.9839875474349455	0.9699929228803194	0.9695798974381464	0.9863674568442473	0.9827070598553183	0.9885489873359609	0.9854277964850836	0.9854692149423697	0.989951095957811	0.9766927355689194	0.9753104276626278	0.9865682243438776	0.989733634966835	0.9815148701719827	0.9877091149966013	0.9729078837196502	1.0	0.9891095943528914	0.990453000798524	0.989514731064888	0.9794922272954532	0.9900592913793468	0.9814213390510343	0.987901884449839	0.9807590234473539	0.9883978674344677
0.9874485971967626	0.9880897099704895	0.9808977733361578	0.9884875529602302	0.9878204573914326	0.9869182814659193	0.9896874751166905	0.989525084889106	0.988455978969047	0.9904927754147455	0.987766891036677	0.9888111520525387	0.9878572623712689	0.9871872879610386	0.9902304571277136	0.9726775212732776	0.9891095943528914	1.0	0.988262593081279	0.9879446246116955	0.9897691742008572	0.9875609147690353	0.986383922231104	0.9881041326627192	0.9878177167206335	0.9867350753970661
0.9893830415224226	0.989100946400101	0.9821470044338994	0.9892509844391392	0.989877469188792	0.9883985698455849	0.9908467264190898	0.9917071044924678	0.9889361660141897	0.9906894194287031	0.9891561973683227	0.9893742837873564	0.9894781054277143	0.9892667572221078	0.9909384371293212	0.9743669849329978	0.990453000798524	0.988262593081279	1.0	0.9880028348932761	0.9926445801234923	0.9897665099205667	0.9866923178840804	0.9902037020329191	0.9896687075854699	0.9887525067696212
0.9878446808507929	0.9890242510624374	0.9821098413070289	0.9890997060153924	0.9890444467504822	0.9873594410081138	0.9894086881424491	0.9905519240632105	0.9885911381158371	0.9900293324037941	0.9889390518206329	0.9886517358417062	0.9879970810403746	0.9882565827672684	0.9899910491104296	0.9730288796209597	0.989514731064888	0.9879446246116955	0.9880028348932761	1.0	0.992209751312635	0.9882998199630859	0.9864315563784543	0.9891602343887853	0.988212007688484	0.9876655449305338
0.9856320481735058	0.9778885363354327	0.9711154541020837	0.9887218322067647	0.9839885058505701	0.9902951306126143	0.9875457176150215	0.9867483937458638	0.9915744952826482	0.9801944735813835	0.9781707132785482	0.9877342350525131	0.9904108802722358	0.9825897026862322	0.9911535218890252	0.9747598154929574	0.9794922272954532	0.9897691742008572	0.9926445801234923	0.992209751312635	1.0	0.9951650824720654	0.9850593237810873	0.9892945129424586	0.9828815450136528	0.9895919757084655
0.988284653295941	0.9877722105535487	0.9816605612121622	0.9893801015588966	0.9894004230404174	0.9877751021855491	0.9898490194116877	0.9905284033345041	0.9889170922563698	0.9902618672462173	0.9885949064559515	0.9894412178469386	0.9890175626916278	0.9881512023576102	0.9939975286658651	0.9736892667581616	0.9900592913793468	0.9875609147690353	0.9897665099205667	0.9882998199630859	0.9951650824720654	1.0	0.9873005681551468	0.9889517040311017	0.9884722703933918	0.9878941096652605
0.9817224297167079	0.9832931634177374	0.9754967335119692	0.9837292134789358	0.9829382071031569	0.9859279218656161	0.9831865457923888	0.9839339439492972	0.9865028784623915	0.9833232930553669	0.9834661758020498	0.9821615407290584	0.9858068628160968	0.9819235399360411	0.984046389245344	0.9704580161811202	0.9814213390510343	0.986383922231104	0.9866923178840804	0.9864315563784543	0.9850593237810873	0.9873005681551468	1.0	0.9838066460899393	0.9823025592146601	0.9855144882922076
0.986971972028596	0.9864291559660969	0.980037626700945	0.9872280262342185	0.9883990534445347	0.9885306434461705	0.9885578994581702	0.9900066616021431	0.989675862897751	0.988213407088355	0.9880878265203612	0.9871333928105472	0.9896144114126122	0.9865840223269451	0.9885625745691617	0.9717435021636412	0.987901884449839	0.9881041326627192	0.9902037020329191	0.9891602343887853	0.9892945129424586	0.9889517040311017	0.9838066460899393	1.0	0.9861080918641698	0.9876067184385848
0.9821457818013026	0.9793128873770344	0.9730379552823665	0.9853187589955725	0.9807749679076487	0.9883163596303193	0.9851471201932658	0.9832581787621724	0.989518366465669	0.9822006132915675	0.9815745527002198	0.9842752024845931	0.9891394878253428	0.9808535928840321	0.9857439726535484	0.9726556783973285	0.9807590234473539	0.9878177167206335	0.9896687075854699	0.988212007688484	0.9828815450136528	0.9884722703933918	0.9823025592146601	0.9861080918641698	1.0	0.9863301766775766
0.9864113228145521	0.9870871826553314	0.9801957103635781	0.9866030904377261	0.9872585122508251	0.9872035987946375	0.9889387410780099	0.9894765382926564	0.9879768323233687	0.9881781640959284	0.987605242588486	0.9870855457077238	0.9873723303086733	0.9862222755983864	0.9885169219071485	0.9705241410300797	0.9883978674344677	0.9867350753970661	0.9887525067696212	0.9876655449305338	0.9895919757084655	0.9878941096652605	0.9855144882922076	0.9876067184385848	0.9863301766775766	1.0
