/home/jshaw/scratch/2022_sketched_distance/references/SGB_genome_fastas_part4/5910/BritoIL_2016__M1.16.ST__bin.19.fa	/home/jshaw/scratch/2022_sketched_distance/references/SGB_genome_fastas_part4/5910/BritoIL_2016__M1.22.ST__bin.54.fa	/home/jshaw/scratch/2022_sketched_distance/references/SGB_genome_fastas_part4/5910/BritoIL_2016__M1.26.ST__bin.32.fa	/home/jshaw/scratch/2022_sketched_distance/references/SGB_genome_fastas_part4/5910/BritoIL_2016__M1.27.ST__bin.64.fa	/home/jshaw/scratch/2022_sketched_distance/references/SGB_genome_fastas_part4/5910/BritoIL_2016__M1.4.ST__bin.64.fa	/home/jshaw/scratch/2022_sketched_distance/references/SGB_genome_fastas_part4/5910/BritoIL_2016__M1.52.ST__bin.84.fa	/home/jshaw/scratch/2022_sketched_distance/references/SGB_genome_fastas_part4/5910/BritoIL_2016__M1.5.ST__bin.28.fa	/home/jshaw/scratch/2022_sketched_distance/references/SGB_genome_fastas_part4/5910/BritoIL_2016__M1.7.ST__bin.59.fa	/home/jshaw/scratch/2022_sketched_distance/references/SGB_genome_fastas_part4/5910/BritoIL_2016__M2.37.ST__bin.49.fa	/home/jshaw/scratch/2022_sketched_distance/references/SGB_genome_fastas_part4/5910/BritoIL_2016__M2.39.ST__bin.7.fa	/home/jshaw/scratch/2022_sketched_distance/references/SGB_genome_fastas_part4/5910/BritoIL_2016__M2.44.ST__bin.90.fa	/home/jshaw/scratch/2022_sketched_distance/references/SGB_genome_fastas_part4/5910/BritoIL_2016__M2.45.ST__bin.27.fa	/home/jshaw/scratch/2022_sketched_distance/references/SGB_genome_fastas_part4/5910/BritoIL_2016__M2.48.ST__bin.36.fa	/home/jshaw/scratch/2022_sketched_distance/references/SGB_genome_fastas_part4/5910/BritoIL_2016__M2.49.ST__bin.71.fa	/home/jshaw/scratch/2022_sketched_distance/references/SGB_genome_fastas_part4/5910/BritoIL_2016__M2.58.ST__bin.20.fa	/home/jshaw/scratch/2022_sketched_distance/references/SGB_genome_fastas_part4/5910/BritoIL_2016__W1.18.ST__bin.8.fa	/home/jshaw/scratch/2022_sketched_distance/references/SGB_genome_fastas_part4/5910/BritoIL_2016__W1.21.ST__bin.22.fa	/home/jshaw/scratch/2022_sketched_distance/references/SGB_genome_fastas_part4/5910/BritoIL_2016__W1.36.ST__bin.14.fa	/home/jshaw/scratch/2022_sketched_distance/references/SGB_genome_fastas_part4/5910/BritoIL_2016__W1.38.ST__bin.27.fa	/home/jshaw/scratch/2022_sketched_distance/references/SGB_genome_fastas_part4/5910/BritoIL_2016__W1.39.ST__bin.103.fa	/home/jshaw/scratch/2022_sketched_distance/references/SGB_genome_fastas_part4/5910/BritoIL_2016__W1.42.ST__bin.27.fa	/home/jshaw/scratch/2022_sketched_distance/references/SGB_genome_fastas_part4/5910/BritoIL_2016__W1.4.ST__bin.7.fa	/home/jshaw/scratch/2022_sketched_distance/references/SGB_genome_fastas_part4/5910/BritoIL_2016__W2.11.ST__bin.73.fa	/home/jshaw/scratch/2022_sketched_distance/references/SGB_genome_fastas_part4/5910/BritoIL_2016__W2.13.ST__bin.51.fa	/home/jshaw/scratch/2022_sketched_distance/references/SGB_genome_fastas_part4/5910/BritoIL_2016__W2.33.ST__bin.14.fa	/home/jshaw/scratch/2022_sketched_distance/references/SGB_genome_fastas_part4/5910/BritoIL_2016__W2.62.ST__bin.29.fa	/home/jshaw/scratch/2022_sketched_distance/references/SGB_genome_fastas_part4/5910/BritoIL_2016__W2.67.ST__bin.42.fa	/home/jshaw/scratch/2022_sketched_distance/references/SGB_genome_fastas_part4/5910/BritoIL_2016__W2.8.ST__bin.6.fa
1.0	0.9838147118155808	0.9874653288803034	0.9875931156404769	0.9852922025338137	0.9872935548062729	0.9873202535533666	0.985096488414921	0.9858080719748269	0.9868648376612004	0.9874502584650912	0.9876458524032745	0.9873148118827088	0.9860879805070778	0.9868718559823385	0.98729611424238	0.9858224123742833	0.9891541393133535	0.9845285387106981	0.9870158618757795	0.9861374326077751	0.9866783047943208	0.9872473561030862	0.9867749185936403	0.9881249382065683	0.9883641070292999	0.9867218583051727	0.9869387292795939
0.9838147118155808	1.0	0.9871448724719598	0.9888350763094891	0.9943467354740761	0.9886476469347597	0.99007474780846	0.9871213251263592	0.9858121469915081	0.9884510371965891	0.9885479676590938	0.9885137751340684	0.9893491210595524	0.986177995404444	0.9883706717186288	0.9876980654365337	0.9851725794936717	0.9897391718104438	0.9830580795000282	0.9886190227156466	0.9857223403334455	0.9871235913925945	0.9888174139020129	0.9884984209870844	0.9888085794720989	0.9879768064888221	0.9873608445237622	0.988386841093179
0.9874653288803034	0.9871448724719598	1.0	0.9952875104343221	0.9902478994327301	0.9915639536711502	0.9945937345607518	0.9916666276936866	0.9923001174104142	0.995074356632561	0.9922977542887925	0.9915145903693652	0.9921677742837685	0.9931193042235541	0.9905125615392069	0.992606746426941	0.9939950158908671	0.991111233022066	0.989078477959428	0.990993215484872	0.9884714718028892	0.9926062397306022	0.9916526692315141	0.9908356329350693	0.9902769820922321	0.9924831231966477	0.9917183387937214	0.9910714962887376
0.9875931156404769	0.9888350763094891	0.9952875104343221	1.0	0.9922743470250596	0.9928276657672302	0.9972750590564291	0.9911319397415755	0.9909702384038669	0.9975591113772881	0.9937974953224793	0.9925331691672511	0.9932665482138365	0.9922486020325038	0.9918783878807219	0.9942381881096006	0.9922876807339985	0.9920473798758285	0.9884370079476814	0.991783869627395	0.9885845020246313	0.9930154780504644	0.9923195915149203	0.9919221953898006	0.9914483667758135	0.9930516696519671	0.9932397389781483	0.9919446224934382
0.9852922025338137	0.9943467354740761	0.9902478994327301	0.9922743470250596	1.0	0.9928100252190729	0.9932232213917542	0.9906262876913328	0.9881920077086694	0.992127709305703	0.9913602337336911	0.9914992291761628	0.992641995554236	0.9896636715370345	0.9917795778253659	0.9912443378168123	0.9892961825564246	0.9915420765807158	0.9854259321430776	0.9912359356538273	0.9873936509927981	0.9911215798288	0.9924161747012932	0.9926148858027325	0.9908663010673682	0.9908124005604612	0.9912469869479348	0.9921155199535975
0.9872935548062729	0.9886476469347597	0.9915639536711502	0.9928276657672302	0.9928100252190729	1.0	0.994782724696522	0.9924209304133736	0.9913816641791244	0.9930393658987148	0.9927499654970509	0.9932746262748217	0.9933843681650905	0.9908015367189523	0.9990287416383393	0.9942348669204334	0.9923734826513493	0.9931575462881066	0.987663889081938	0.9944453204721261	0.988950086769447	0.9932977146688948	0.9934186927533792	0.9939913135935602	0.9930221017280302	0.99355659689612	0.9935126183692038	0.9930645311899803
0.9873202535533666	0.99007474780846	0.9945937345607518	0.9972750590564291	0.9932232213917542	0.994782724696522	1.0	0.9924460513070805	0.9900441076215708	0.9973322843675213	0.993091787418241	0.9942782233967166	0.9931652593804063	0.990309934862684	0.9940533786336876	0.9937951799170126	0.9919618468976915	0.9932215931168057	0.9872184528474515	0.9937304226170556	0.9883406125044271	0.9921675176337844	0.9935631291267261	0.9935913238091972	0.9923429680741853	0.9924041458570796	0.9923805283565538	0.9932112977310568
0.985096488414921	0.9871213251263592	0.9916666276936866	0.9911319397415755	0.9906262876913328	0.9924209304133736	0.9924460513070805	1.0	0.9897004050532333	0.9913114867366462	0.9903659147295321	0.9919547022585246	0.9915859187287223	0.9903908264630211	0.9914295247058031	0.9910094342156449	0.9910710927715312	0.9907803870165959	0.9868333374807472	0.991795066979946	0.9874065816522732	0.9912952005345054	0.991489142338978	0.9912118953846072	0.9899325685052831	0.9909606692640975	0.9903755360043385	0.9911091871676827
0.9858080719748269	0.9858121469915081	0.9923001174104142	0.9909702384038669	0.9881920077086694	0.9913816641791244	0.9900441076215708	0.9897004050532333	1.0	0.9910208896131535	0.9908485069860137	0.9892744229876307	0.9907290940428282	0.9920892359612363	0.9902150427948166	0.9918800070166274	0.9928514276692605	0.9899949130903639	0.987989962995409	0.9933624037811444	0.9875552485833631	0.9919859615411497	0.9905852489859736	0.9899953193475536	0.989927529912973	0.9922460691151572	0.9911151108639535	0.9899374031062519
0.9868648376612004	0.9884510371965891	0.995074356632561	0.9975591113772881	0.992127709305703	0.9930393658987148	0.9973322843675213	0.9913114867366462	0.9910208896131535	1.0	0.9932336692617052	0.9933051636663018	0.9929354359432506	0.9912525211080704	0.9920164815139838	0.9938822883768456	0.9921309226633562	0.9928319563115595	0.9874790130746274	0.9918552270819636	0.9879833117146106	0.9932665180887599	0.9922371812346785	0.9922523071150036	0.9918315348186467	0.9924794686267067	0.993315858274196	0.991842767910548
0.9874502584650912	0.9885479676590938	0.9922977542887925	0.9937974953224793	0.9913602337336911	0.9927499654970509	0.993091787418241	0.9903659147295321	0.9908485069860137	0.9932336692617052	1.0	0.9918722980869027	0.9940395994375205	0.9925545871113743	0.9919220680254256	0.9933848929087183	0.9916825992558689	0.9927535275775522	0.9874510525034792	0.9923218891955051	0.9889999671635881	0.9929463636671597	0.9929159960608808	0.992449593620489	0.9915323539829634	0.992891914003713	0.9931334308778279	0.9925565536060039
0.9876458524032745	0.9885137751340684	0.9915145903693652	0.9925331691672511	0.9914992291761628	0.9932746262748217	0.9942782233967166	0.9919547022585246	0.9892744229876307	0.9933051636663018	0.9918722980869027	1.0	0.9919739371173842	0.9894199569134098	0.9925934078067414	0.9925852644764795	0.9913747440237196	0.9935098285209137	0.9867009207821066	0.9927951212020629	0.9876256435743851	0.9917149784373096	0.9932813068889242	0.9933698865014224	0.9924817374578183	0.9918043903993607	0.9919318332522409	0.9930107177490388
0.9873148118827088	0.9893491210595524	0.9921677742837685	0.9932665482138365	0.992641995554236	0.9933843681650905	0.9931652593804063	0.9915859187287223	0.9907290940428282	0.9929354359432506	0.9940395994375205	0.9919739371173842	1.0	0.9967797130963593	0.9923699478470778	0.9929649594940588	0.9912713128208044	0.9924218621401598	0.9886007683977315	0.9929707324768757	0.9917162763106101	0.9924673536086791	0.9933671594892656	0.9929986536225937	0.9921524941809431	0.9926790608509997	0.992616236481104	0.9929793431394464
0.9860879805070778	0.986177995404444	0.9931193042235541	0.9922486020325038	0.9896636715370345	0.9908015367189523	0.990309934862684	0.9903908264630211	0.9920892359612363	0.9912525211080704	0.9925545871113743	0.9894199569134098	0.9967797130963593	1.0	0.9898583160098317	0.9915438634281938	0.9926937917131393	0.9900859454958705	0.9897365911922773	0.9904140923034733	0.9908879565564844	0.9920524658091535	0.9913998796466298	0.9904679284644259	0.9898612538255734	0.9919057955052317	0.9911757346407117	0.9908241367051308
0.9868718559823385	0.9883706717186288	0.9905125615392069	0.9918783878807219	0.9917795778253659	0.9990287416383393	0.9940533786336876	0.9914295247058031	0.9902150427948166	0.9920164815139838	0.9919220680254256	0.9925934078067414	0.9923699478470778	0.9898583160098317	1.0	0.9933613467792958	0.9913281130153565	0.9923531616620029	0.9870537490395168	0.993675417998814	0.9885984547662239	0.9923433586565471	0.9923609519811463	0.9929614944849366	0.9920691388494318	0.9926713826873501	0.9926061105307349	0.9920244195177381
0.98729611424238	0.9876980654365337	0.992606746426941	0.9942381881096006	0.9912443378168123	0.9942348669204334	0.9937951799170126	0.9910094342156449	0.9918800070166274	0.9938822883768456	0.9933848929087183	0.9925852644764795	0.9929649594940588	0.9915438634281938	0.9933613467792958	1.0	0.9952584913405284	0.9921220894751237	0.9884204110036993	0.9932646241738492	0.9884321925072809	0.9951209349823278	0.992412442170681	0.9920841096356954	0.9915912561477542	0.99415800051761	0.9953444844222258	0.9919950241029073
0.9858224123742833	0.9851725794936717	0.9939950158908671	0.9922876807339985	0.9892961825564246	0.9923734826513493	0.9919618468976915	0.9910710927715312	0.9928514276692605	0.9921309226633562	0.9916825992558689	0.9913747440237196	0.9912713128208044	0.9926937917131393	0.9913281130153565	0.9952584913405284	1.0	0.990516755375477	0.989179149173777	0.9915221768870577	0.9873905664502745	0.9939367401152664	0.9911791038546898	0.9903585357784526	0.9895979710918048	0.9929213453439238	0.9930742756866568	0.9907786546636607
0.9891541393133535	0.9897391718104438	0.991111233022066	0.9920473798758285	0.9915420765807158	0.9931575462881066	0.9932215931168057	0.9907803870165959	0.9899949130903639	0.9928319563115595	0.9927535275775522	0.9935098285209137	0.9924218621401598	0.9900859454958705	0.9923531616620029	0.9921220894751237	0.990516755375477	1.0	0.9877454157077318	0.9931832518310931	0.9884171250292233	0.9917545305099031	0.9931232139898386	0.9930273428736727	0.9966305551310632	0.9920557605118304	0.9919926934009783	0.9926788577700739
0.9845285387106981	0.9830580795000282	0.989078477959428	0.9884370079476814	0.9854259321430776	0.987663889081938	0.9872184528474515	0.9868333374807472	0.987989962995409	0.9874790130746274	0.9874510525034792	0.9867009207821066	0.9886007683977315	0.9897365911922773	0.9870537490395168	0.9884204110036993	0.989179149173777	0.9877454157077318	1.0	0.9872728361384869	0.9852472338881696	0.9886798953968352	0.9874228827066037	0.9868173785998667	0.9870245524762719	0.9886307954572107	0.9879137471551594	0.9870505723872244
0.9870158618757795	0.9886190227156466	0.990993215484872	0.991783869627395	0.9912359356538273	0.9944453204721261	0.9937304226170556	0.991795066979946	0.9933624037811444	0.9918552270819636	0.9923218891955051	0.9927951212020629	0.9929707324768757	0.9904140923034733	0.993675417998814	0.9932646241738492	0.9915221768870577	0.9931832518310931	0.9872728361384869	1.0	0.9881988985046145	0.9919725762048117	0.9933608591800381	0.9932938589272129	0.9920869195165741	0.9930505889624276	0.9921699825298965	0.9929114223280714
0.9861374326077751	0.9857223403334455	0.9884714718028892	0.9885845020246313	0.9873936509927981	0.988950086769447	0.9883406125044271	0.9874065816522732	0.9875552485833631	0.9879833117146106	0.9889999671635881	0.9876256435743851	0.9917162763106101	0.9908879565564844	0.9885984547662239	0.9884321925072809	0.9873905664502745	0.9884171250292233	0.9852472338881696	0.9881988985046145	1.0	0.9882391573661469	0.9881118269681176	0.9877367417333708	0.9880755420620276	0.9901206327712521	0.9880810636285481	0.9878256743418284
0.9866783047943208	0.9871235913925945	0.9926062397306022	0.9930154780504644	0.9911215798288	0.9932977146688948	0.9921675176337844	0.9912952005345054	0.9919859615411497	0.9932665180887599	0.9929463636671597	0.9917149784373096	0.9924673536086791	0.9920524658091535	0.9923433586565471	0.9951209349823278	0.9939367401152664	0.9917545305099031	0.9886798953968352	0.9919725762048117	0.9882391573661469	1.0	0.9918222750546473	0.9914419069977267	0.9910187402792789	0.9968082800019713	0.9990630928982552	0.9915644140597011
0.9872473561030862	0.9888174139020129	0.9916526692315141	0.9923195915149203	0.9924161747012932	0.9934186927533792	0.9935631291267261	0.991489142338978	0.9905852489859736	0.9922371812346785	0.9929159960608808	0.9932813068889242	0.9933671594892656	0.9913998796466298	0.9923609519811463	0.992412442170681	0.9911791038546898	0.9931232139898386	0.9874228827066037	0.9933608591800381	0.9881118269681176	0.9918222750546473	1.0	0.998938695987634	0.9923911690236724	0.9920736214693546	0.9920735763249786	0.9990423562564397
0.9867749185936403	0.9884984209870844	0.9908356329350693	0.9919221953898006	0.9926148858027325	0.9939913135935602	0.9935913238091972	0.9912118953846072	0.9899953193475536	0.9922523071150036	0.992449593620489	0.9933698865014224	0.9929986536225937	0.9904679284644259	0.9929614944849366	0.9920841096356954	0.9903585357784526	0.9930273428736727	0.9868173785998667	0.9932938589272129	0.9877367417333708	0.9914419069977267	0.998938695987634	1.0	0.992845842267187	0.9917168969883192	0.9916783581659674	0.9985282648010887
0.9881249382065683	0.9888085794720989	0.9902769820922321	0.9914483667758135	0.9908663010673682	0.9930221017280302	0.9923429680741853	0.9899325685052831	0.989927529912973	0.9918315348186467	0.9915323539829634	0.9924817374578183	0.9921524941809431	0.9898612538255734	0.9920691388494318	0.9915912561477542	0.9895979710918048	0.9966305551310632	0.9870245524762719	0.9920869195165741	0.9880755420620276	0.9910187402792789	0.9923911690236724	0.992845842267187	1.0	0.9915218828557226	0.9912130535740614	0.9919482550892793
0.9883641070292999	0.9879768064888221	0.9924831231966477	0.9930516696519671	0.9908124005604612	0.99355659689612	0.9924041458570796	0.9909606692640975	0.9922460691151572	0.9924794686267067	0.992891914003713	0.9918043903993607	0.9926790608509997	0.9919057955052317	0.9926713826873501	0.99415800051761	0.9929213453439238	0.9920557605118304	0.9886307954572107	0.9930505889624276	0.9901206327712521	0.9968082800019713	0.9920736214693546	0.9917168969883192	0.9915218828557226	1.0	0.9966208317281939	0.9919037654668842
0.9867218583051727	0.9873608445237622	0.9917183387937214	0.9932397389781483	0.9912469869479348	0.9935126183692038	0.9923805283565538	0.9903755360043385	0.9911151108639535	0.993315858274196	0.9931334308778279	0.9919318332522409	0.992616236481104	0.9911757346407117	0.9926061105307349	0.9953444844222258	0.9930742756866568	0.9919926934009783	0.9879137471551594	0.9921699825298965	0.9880810636285481	0.9990630928982552	0.9920735763249786	0.9916783581659674	0.9912130535740614	0.9966208317281939	1.0	0.9917507668051758
0.9869387292795939	0.988386841093179	0.9910714962887376	0.9919446224934382	0.9921155199535975	0.9930645311899803	0.9932112977310568	0.9911091871676827	0.9899374031062519	0.991842767910548	0.9925565536060039	0.9930107177490388	0.9929793431394464	0.9908241367051308	0.9920244195177381	0.9919950241029073	0.9907786546636607	0.9926788577700739	0.9870505723872244	0.9929114223280714	0.9878256743418284	0.9915644140597011	0.9990423562564397	0.9985282648010887	0.9919482550892793	0.9919037654668842	0.9917507668051758	1.0
