/home/jshaw/scratch/2022_sketched_distance/references/SGB_genome_fastas_part4/14136/BritoIL_2016__M1.48.ST__bin.85.fa	/home/jshaw/scratch/2022_sketched_distance/references/SGB_genome_fastas_part4/14136/BritoIL_2016__M2.37.ST__bin.66.fa	/home/jshaw/scratch/2022_sketched_distance/references/SGB_genome_fastas_part4/14136/BritoIL_2016__WL.17.ST__bin.10.fa	/home/jshaw/scratch/2022_sketched_distance/references/SGB_genome_fastas_part4/14136/ChengpingW_2017__AS67raw__bin.73.fa	/home/jshaw/scratch/2022_sketched_distance/references/SGB_genome_fastas_part4/14136/CM_madagascar__A79_02_1FE__bin.52.fa	/home/jshaw/scratch/2022_sketched_distance/references/SGB_genome_fastas_part4/14136/CosteaPI_2017__SID713A078-11-0-0__bin.19.fa	/home/jshaw/scratch/2022_sketched_distance/references/SGB_genome_fastas_part4/14136/CosteaPI_2017__SID713A078-11-90-0__bin.45.fa	/home/jshaw/scratch/2022_sketched_distance/references/SGB_genome_fastas_part4/14136/CosteaPI_2017__SID713B046-11-0-0__bin.66.fa	/home/jshaw/scratch/2022_sketched_distance/references/SGB_genome_fastas_part4/14136/CosteaPI_2017__SID713B055-11-0-0__bin.109.fa	/home/jshaw/scratch/2022_sketched_distance/references/SGB_genome_fastas_part4/14136/FengQ_2015__SID31878__bin.55.fa	/home/jshaw/scratch/2022_sketched_distance/references/SGB_genome_fastas_part4/14136/FengQ_2015__SID530373__bin.58.fa	/home/jshaw/scratch/2022_sketched_distance/references/SGB_genome_fastas_part4/14136/HMP_2012__SRS051031__bin.19.fa	/home/jshaw/scratch/2022_sketched_distance/references/SGB_genome_fastas_part4/14136/HMP_2012__SRS052697__bin.46.fa	/home/jshaw/scratch/2022_sketched_distance/references/SGB_genome_fastas_part4/14136/LeChatelierE_2013__MH0200__bin.81.fa	/home/jshaw/scratch/2022_sketched_distance/references/SGB_genome_fastas_part4/14136/LeChatelierE_2013__MH0437__bin.78.fa	/home/jshaw/scratch/2022_sketched_distance/references/SGB_genome_fastas_part4/14136/LeChatelierE_2013__MH0448__bin.11.fa	/home/jshaw/scratch/2022_sketched_distance/references/SGB_genome_fastas_part4/14136/LiJ_2014__MH0373__bin.33.fa	/home/jshaw/scratch/2022_sketched_distance/references/SGB_genome_fastas_part4/14136/LiJ_2014__O2.UC31-1__bin.45.fa	/home/jshaw/scratch/2022_sketched_distance/references/SGB_genome_fastas_part4/14136/LiJ_2014__V1.UC58-4__bin.26.fa	/home/jshaw/scratch/2022_sketched_distance/references/SGB_genome_fastas_part4/14136/LiuW_2016__SRR3992978__bin.70.fa	/home/jshaw/scratch/2022_sketched_distance/references/SGB_genome_fastas_part4/14136/LiuW_2016__SRR3993055__bin.86.fa	/home/jshaw/scratch/2022_sketched_distance/references/SGB_genome_fastas_part4/14136/NielsenHB_2014__O2_UC31_0__bin.50.fa	/home/jshaw/scratch/2022_sketched_distance/references/SGB_genome_fastas_part4/14136/VogtmannE_2016__MMRS93621581ST-27-0-0__bin.82.fa	/home/jshaw/scratch/2022_sketched_distance/references/SGB_genome_fastas_part4/14136/XieH_2016__YSZC12003_35562__bin.33.fa	/home/jshaw/scratch/2022_sketched_distance/references/SGB_genome_fastas_part4/14136/XieH_2016__YSZC12003_35741__bin.73.fa	/home/jshaw/scratch/2022_sketched_distance/references/SGB_genome_fastas_part4/14136/XieH_2016__YSZC12003_36244__bin.10.fa	/home/jshaw/scratch/2022_sketched_distance/references/SGB_genome_fastas_part4/14136/XieH_2016__YSZC12003_37100__bin.121.fa	/home/jshaw/scratch/2022_sketched_distance/references/SGB_genome_fastas_part4/14136/XieH_2016__YSZC12003_37101__bin.76.fa	/home/jshaw/scratch/2022_sketched_distance/references/SGB_genome_fastas_part4/14136/XieH_2016__YSZC12003_37228__bin.61.fa	/home/jshaw/scratch/2022_sketched_distance/references/SGB_genome_fastas_part4/14136/XieH_2016__YSZC12003_37314__bin.3.fa	/home/jshaw/scratch/2022_sketched_distance/references/SGB_genome_fastas_part4/14136/ZeeviD_2015__PNP_Main_140__bin.8.fa	/home/jshaw/scratch/2022_sketched_distance/references/SGB_genome_fastas_part4/14136/ZellerG_2014__CCIS63910149ST-4-0__bin.6.fa
1.0	0.9885215378196783	0.9884378861188793	0.9872298895336072	0.9802043193865528	0.9871236474353197	0.987524342024632	0.9861075428416365	0.9849089840988814	0.9858387234839997	0.9859160411152385	0.9874398386047932	0.9838426280760503	0.9865051921144157	0.9868577159899758	0.9862660646559899	0.9865847190965981	0.9862387043778861	0.9862921750025325	0.9865785489065582	0.9872845413082048	0.9849892396469316	0.9883062287967032	0.9917452214888851	0.9874064405831935	0.9857972829504699	0.9867606877491084	0.9863722182337172	0.9861832322504328	0.9772187245189736	0.9855535470078521	0.9871853341751681
0.9885215378196783	1.0	0.988551353878367	0.9861406122614695	0.9797529059794913	0.9826734940287132	0.9872752415460604	0.9841919569592225	0.9818654707907231	0.9817987284706873	0.9854274441093873	0.9796078550414345	0.9831197505829067	0.9862046848327963	0.9801091731710949	0.9804506392063369	0.9863005601460387	0.9853289833369131	0.9859153695590979	0.9822728790193992	0.9867443185869738	0.9774347519334364	0.982730699506627	0.9898085830636917	0.9865231879049283	0.9848655557176798	0.984496788523014	0.9860120912198519	0.9840213741939646	0.969904918208538	0.9800478644866937	0.9816905905177771
0.9884378861188793	0.988551353878367	1.0	0.9891821895549595	0.9793936678438239	0.9872020808822212	0.9870056455892898	0.9867834086854465	0.9867141860861302	0.9869072303504152	0.9855014956598117	0.9881780523897639	0.9835517720753391	0.9860540829505482	0.9867303875556361	0.9863860533699369	0.9853951789854203	0.9859909533820878	0.9860279789070729	0.9870740157992106	0.9871768619101522	0.9855288544616516	0.9878098025861548	0.9892825679635818	0.9882781279638139	0.9868814558409333	0.9874623976457844	0.9863333791378177	0.9865970096768564	0.9779526321758796	0.9860489441010465	0.9873745292244508
0.9872298895336072	0.9861406122614695	0.9891821895549595	1.0	0.9795543998102058	0.9856378343890171	0.9874803508373539	0.984341016397422	0.9843279578006758	0.9851528244937003	0.9868081704800542	0.9857025765759905	0.9833186706601279	0.9866095026746572	0.9848264556706795	0.9843691545606259	0.9866947930033755	0.9866095026746572	0.9863235932820766	0.9858636068694282	0.9859481546569018	0.9830852010827164	0.9856829275538119	0.9886781304427276	0.9873135885973802	0.9859190963538316	0.9844393899050662	0.9865525193221115	0.9853324675513283	0.9748183158942287	0.9835753153946296	0.9854650809582712
0.9802043193865528	0.9797529059794913	0.9793936678438239	0.9795543998102058	1.0	0.9789133444755916	0.9778729703146731	0.9793021129688394	0.979719723937429	0.9799427677255726	0.9784630083635275	0.9804192982304071	0.9799743445421366	0.979165070756794	0.9791988534697561	0.9791822878017407	0.9791998749435363	0.9789450979132313	0.9788355725760283	0.9796569981457341	0.97986815364301	0.9789525230235138	0.9810374279494919	0.9784863792817161	0.9798109878954989	0.9799287087532431	0.9799777263242068	0.9786900452543094	0.9800003468855978	0.9892782213342558	0.9794981883594472	0.9805492759890294
0.9871236474353197	0.9826734940287132	0.9872020808822212	0.9856378343890171	0.9789133444755916	1.0	0.9997059353567991	0.9872020808822212	0.9864092020761722	0.9828081070381844	0.9885452550977087	0.9748533887318269	0.983120069682419	0.9906572124156048	0.9836043746830055	0.973788870941668	0.9859241330488878	0.9858017389395616	0.9866092208219024	0.9796055725701902	0.9863690519079527	0.9739655277901628	0.9838655562874064	0.9884322482438461	0.9876687962720873	0.9887327428835346	0.9875139586097951	0.9872020808822212	0.9873193816421836	0.9660932665511338	0.9766146563271786	0.9850158040666136
0.987524342024632	0.9872752415460604	0.9870056455892898	0.9874803508373539	0.9778729703146731	0.9997059353567991	1.0	0.9889931887405433	0.988339075136771	0.988069223814397	0.9873795628676602	0.9902983751732719	0.9847845556760658	0.9907290225437003	0.9897163880404525	0.9871359813993447	0.985784656665008	0.9860694579697947	0.9864661379402218	0.9881226018234879	0.9872307456522552	0.9855288544616516	0.9888238285164819	0.9861866010130403	0.9886804857165742	0.9897887606415288	0.9907879763819337	0.9879392538509776	0.9896824518000816	0.9782500910741297	0.9878876581118692	0.9919197681624422
0.9861075428416365	0.9841919569592225	0.9867834086854465	0.984341016397422	0.9793021129688394	0.9872020808822212	0.9889931887405433	1.0	0.985195685726972	0.9851528244937003	0.9874729731712526	0.9894196987928865	0.9829752698914042	0.9882818239813503	0.9880127191334174	0.9844115787859773	0.9858791308256789	0.9863061095703075	0.9859077692918337	0.9941304053680587	0.9857930653754895	0.9839201411301987	0.9857143007477592	0.9877177214756552	0.9872538807647997	0.9888364293211968	0.98715548731774	0.9870609710317606	0.9884147220575149	0.9742971121045141	0.9856685341295663	0.9873745292244508
0.9849089840988814	0.9818654707907231	0.9867141860861302	0.9843279578006758	0.979719723937429	0.9864092020761722	0.988339075136771	0.985195685726972	1.0	0.9848044273217903	0.9877574436026247	0.9831389395499557	0.9823825011775794	0.9880495433048222	0.9842468290881856	0.9804027562787001	0.9857928487103991	0.9862567448902658	0.9857616882309609	0.9860332328056826	0.9852273874925006	0.9788651710875269	0.9829002490893393	0.9869555778258001	0.9876693060035534	0.9883966773831693	0.9853223095927397	0.9869255005523451	0.9868652633822591	0.9703395677703781	0.9820305429337104	0.9830455093300803
0.9858387234839997	0.9817987284706873	0.9869072303504152	0.9851528244937003	0.9799427677255726	0.9828081070381844	0.988069223814397	0.9851528244937003	0.9848044273217903	1.0	0.9878145244164543	0.9821599839258333	0.9831523614508909	0.9893139973559797	0.9822561848602551	0.9792816216180145	0.9859403843765591	0.9865770366103238	0.9862434938741697	0.9818431608794429	0.9854975641352685	0.9777982835248423	0.9839887948398347	0.9874287425647311	0.9864106881782975	0.9875256126925392	0.9866433410824557	0.9865438341762522	0.9867755503562837	0.9671086298766017	0.980364288648547	0.9837364794509961
0.9859160411152385	0.9854274441093873	0.9855014956598117	0.9868081704800542	0.9784630083635275	0.9885452550977087	0.9873795628676602	0.9874729731712526	0.9877574436026247	0.9878145244164543	1.0	0.9894665330197226	0.9835225440630494	0.9871820545558223	0.9883180500356703	0.9863860533699369	0.9849596860286709	0.9851685631815358	0.9850595736708821	0.9874812805002529	0.9867425853056471	0.9845142907078455	0.987780366687926	0.986423922055945	0.9878964014571745	0.9883926440206411	0.9885549208565055	0.9859920204386782	0.9879398461843774	0.9769556998315009	0.9872739546533628	0.9885178039491056
0.9874398386047932	0.9796078550414345	0.9881780523897639	0.9857025765759905	0.9804192982304071	0.9748533887318269	0.9902983751732719	0.9894196987928865	0.9831389395499557	0.9821599839258333	0.9894665330197226	1.0	0.9850132841784257	0.9895133008369867	0.991065210956595	0.9784499487132542	0.9883237299971835	0.9883721463945646	0.9878356111604224	0.9707256287110179	0.9864803512748704	0.9826243155846555	0.9867355736781307	0.9889000837404027	0.9885169701481922	0.9957550549581492	0.988420491744573	0.9886131668900193	0.9948925381600877	0.9741137086828529	0.981866396610207	0.9867355736781307
0.9838426280760503	0.9831197505829067	0.9835517720753391	0.9833186706601279	0.9799743445421366	0.983120069682419	0.9847845556760658	0.9829752698914042	0.9823825011775794	0.9831523614508909	0.9835225440630494	0.9850132841784257	1.0	0.9837556418472295	0.9842468290881856	0.9825358809343673	0.9835225440630494	0.9827533204809012	0.982962201822466	0.9826032481332274	0.9834399611373084	0.9816311434133526	0.9844027717006733	0.9850368215018303	0.9838426280760503	0.9833672545981159	0.9835756039437913	0.9833172150497456	0.9838838379750415	0.9779952928276441	0.9836160718463968	0.9844842390173133
0.9865051921144157	0.9862046848327963	0.9860540829505482	0.9866095026746572	0.979165070756794	0.9906572124156048	0.9907290225437003	0.9882818239813503	0.9880495433048222	0.9893139973559797	0.9871820545558223	0.9895133008369867	0.9837556418472295	1.0	0.98900975541535	0.9863860533699369	0.9852547950972403	0.9855955925177051	0.9856909978081654	0.988517177235447	0.9867425853056471	0.9853499661562044	0.989305320335126	0.987507183205375	0.9881767660192298	0.9886715877143814	0.991409756580996	0.9873620241710984	0.9887200223692557	0.9776954890823324	0.9875641819713764	0.9950539840939506
0.9868577159899758	0.9801091731710949	0.9867303875556361	0.9848264556706795	0.9791988534697561	0.9836043746830055	0.9897163880404525	0.9880127191334174	0.9842468290881856	0.9822561848602551	0.9883180500356703	0.991065210956595	0.9842468290881856	0.98900975541535	1.0	0.9832024532597026	0.9877354799212282	0.9869211958589227	0.9865705306947425	0.9821778723829558	0.9856606780686483	0.9810636645324624	0.9839704796585693	0.9879205651656152	0.9882572098528597	0.9936912056812439	0.9874246733431425	0.9877663998009387	0.9933276023797405	0.9713490420224932	0.9829162245767299	0.9842430271596575
0.9862660646559899	0.9804506392063369	0.9863860533699369	0.9843691545606259	0.9791822878017407	0.973788870941668	0.9871359813993447	0.9844115787859773	0.9804027562787001	0.9792816216180145	0.9863860533699369	0.9784499487132542	0.9825358809343673	0.9863860533699369	0.9832024532597026	1.0	0.9923912977556613	0.9925241392950809	0.993180463336635	0.9733869296687877	0.9859034481033921	0.9853725018616336	0.9834216645240352	0.9873305222231675	0.9869402835512333	0.985781681370007	0.9847070225648641	0.9852073921573243	0.9844539482326792	0.9703829253781596	0.9771293101316875	0.9809256496444889
0.9865847190965981	0.9863005601460387	0.9853951789854203	0.9866947930033755	0.9791998749435363	0.9859241330488878	0.985784656665008	0.9858791308256789	0.9857928487103991	0.9859403843765591	0.9849596860286709	0.9883237299971835	0.9835225440630494	0.9852547950972403	0.9877354799212282	0.9923912977556613	1.0	0.9920738409229728	0.9919500834510001	0.9863698809539247	0.9869061115732567	0.9918408546073026	0.9865808074939518	0.9869718648466625	0.9870144106363279	0.9865868542665021	0.9867890453877824	0.9852445168120372	0.9863493686168581	0.9779526321758796	0.9862375105794094	0.9864174826285366
0.9862387043778861	0.9853289833369131	0.9859909533820878	0.9866095026746572	0.9789450979132313	0.9858017389395616	0.9860694579697947	0.9863061095703075	0.9862567448902658	0.9865770366103238	0.9851685631815358	0.9883721463945646	0.9827533204809012	0.9855955925177051	0.9869211958589227	0.9925241392950809	0.9920738409229728	1.0	0.9923774352706409	0.9869508469390391	0.986413073223369	0.9984193088224673	0.986489052387444	0.986997176709017	0.9871194094719091	0.9863167250952904	0.9865043626953824	0.9857801776752521	0.9860162519771031	0.9779526321758796	0.9868337571383888	0.9866754299702575
0.9862921750025325	0.9859153695590979	0.9860279789070729	0.9863235932820766	0.9788355725760283	0.9866092208219024	0.9864661379402218	0.9859077692918337	0.9857616882309609	0.9862434938741697	0.9850595736708821	0.9878356111604224	0.982962201822466	0.9856909978081654	0.9865705306947425	0.993180463336635	0.9919500834510001	0.9923774352706409	1.0	0.9871967253014616	0.9867152517143484	0.9921633500009152	0.9864584103694117	0.9871973900199723	0.9869354410196128	0.9863438380972345	0.9867606877491084	0.9855402105741254	0.9860998481465771	0.9773494446496171	0.9859352827632732	0.9864821594027472
0.9865785489065582	0.9822728790193992	0.9870740157992106	0.9858636068694282	0.9796569981457341	0.9796055725701902	0.9881226018234879	0.9941304053680587	0.9860332328056826	0.9818431608794429	0.9874812805002529	0.9707256287110179	0.9826032481332274	0.988517177235447	0.9821778723829558	0.9733869296687877	0.9863698809539247	0.9869508469390391	0.9871967253014616	1.0	0.9862860415615684	0.9745495710144505	0.9825091965449668	0.9882414714696994	0.9872782781527008	0.9888682998330008	0.9864952405585146	0.9866201240725533	0.9880033016277963	0.9651279191482327	0.9744894061874242	0.9809664157652693
0.9872845413082048	0.9867443185869738	0.9871768619101522	0.9859481546569018	0.97986815364301	0.9863690519079527	0.9872307456522552	0.9857930653754895	0.9852273874925006	0.9854975641352685	0.9867425853056471	0.9864803512748704	0.9834399611373084	0.9867425853056471	0.9856606780686483	0.9859034481033921	0.9869061115732567	0.986413073223369	0.9867152517143484	0.9862860415615684	1.0	0.9836567776983505	0.9867635532673396	0.9886790104151896	0.9873114061952738	0.9856875944768423	0.9861305518042011	0.986468221705178	0.985631119394289	0.9753775265478798	0.9855919207829771	0.9862877461542943
0.9849892396469316	0.9774347519334364	0.9855288544616516	0.9830852010827164	0.9789525230235138	0.9739655277901628	0.9855288544616516	0.9839201411301987	0.9788651710875269	0.9777982835248423	0.9845142907078455	0.9826243155846555	0.9816311434133526	0.9853499661562044	0.9810636645324624	0.9853725018616336	0.9918408546073026	0.9984193088224673	0.9921633500009152	0.9745495710144505	0.9836567776983505	1.0	0.9813080762253198	0.9865130207993739	0.9860597485185143	0.9848073793156903	0.9837322404709489	0.985706773912807	0.9840323669493503	0.9714292761311922	0.9796364771848285	0.9795575267295891
0.9883062287967032	0.982730699506627	0.9878098025861548	0.9856829275538119	0.9810374279494919	0.9838655562874064	0.9888238285164819	0.9857143007477592	0.9829002490893393	0.9839887948398347	0.987780366687926	0.9867355736781307	0.9844027717006733	0.989305320335126	0.9839704796585693	0.9834216645240352	0.9865808074939518	0.986489052387444	0.9864584103694117	0.9825091965449668	0.9867635532673396	0.9813080762253198	1.0	0.9893615069360411	0.9877509044504162	0.9871860528792495	0.9867635532673396	0.9877214158256588	0.986489052387444	0.9738159208120398	0.9838999573242116	0.9860594680226218
0.9917452214888851	0.9898085830636917	0.9892825679635818	0.9886781304427276	0.9784863792817161	0.9884322482438461	0.9861866010130403	0.9877177214756552	0.9869555778258001	0.9874287425647311	0.986423922055945	0.9889000837404027	0.9850368215018303	0.987507183205375	0.9879205651656152	0.9873305222231675	0.9869718648466625	0.986997176709017	0.9871973900199723	0.9882414714696994	0.9886790104151896	0.9865130207993739	0.9893615069360411	1.0	0.9887054706938613	0.987515210218116	0.988928902193029	0.9871843173322894	0.9879924367499806	0.9794543137131096	0.9870545920727893	0.9890599656962376
0.9874064405831935	0.9865231879049283	0.9882781279638139	0.9873135885973802	0.9798109878954989	0.9876687962720873	0.9886804857165742	0.9872538807647997	0.9876693060035534	0.9864106881782975	0.9878964014571745	0.9885169701481922	0.9838426280760503	0.9881767660192298	0.9882572098528597	0.9869402835512333	0.9870144106363279	0.9871194094719091	0.9869354410196128	0.9872782781527008	0.9873114061952738	0.9860597485185143	0.9877509044504162	0.9887054706938613	1.0	0.987956849318627	0.987766472690872	0.9875360863123346	0.9879398461843774	0.9782077627353474	0.9880660034024599	0.9877185872992656
0.9857972829504699	0.9848655557176798	0.9868814558409333	0.9859190963538316	0.9799287087532431	0.9887327428835346	0.9897887606415288	0.9888364293211968	0.9883966773831693	0.9875256126925392	0.9883926440206411	0.9957550549581492	0.9833672545981159	0.9886715877143814	0.9936912056812439	0.985781681370007	0.9865868542665021	0.9863167250952904	0.9863438380972345	0.9888682998330008	0.9856875944768423	0.9848073793156903	0.9871860528792495	0.987515210218116	0.987956849318627	1.0	0.9887157184838166	0.9875413536344606	0.9946124216030676	0.9766905334174013	0.9879591121693397	0.9892980936730552
0.9867606877491084	0.984496788523014	0.9874623976457844	0.9844393899050662	0.9799777263242068	0.9875139586097951	0.9907879763819337	0.98715548731774	0.9853223095927397	0.9866433410824557	0.9885549208565055	0.988420491744573	0.9835756039437913	0.991409756580996	0.9874246733431425	0.9847070225648641	0.9867890453877824	0.9865043626953824	0.9867606877491084	0.9864952405585146	0.9861305518042011	0.9837322404709489	0.9867635532673396	0.988928902193029	0.987766472690872	0.9887157184838166	1.0	0.9879858675202736	0.9881766463043224	0.9747241714118008	0.9853996020733204	0.9895933557581843
0.9863722182337172	0.9860120912198519	0.9863333791378177	0.9865525193221115	0.9786900452543094	0.9872020808822212	0.9879392538509776	0.9870609710317606	0.9869255005523451	0.9865438341762522	0.9859920204386782	0.9886131668900193	0.9833172150497456	0.9873620241710984	0.9877663998009387	0.9852073921573243	0.9852445168120372	0.9857801776752521	0.9855402105741254	0.9866201240725533	0.986468221705178	0.985706773912807	0.9877214158256588	0.9871843173322894	0.9875360863123346	0.9875413536344606	0.9879858675202736	1.0	0.9880187005729538	0.9764678995916031	0.9870545920727893	0.9880282776341626
0.9861832322504328	0.9840213741939646	0.9865970096768564	0.9853324675513283	0.9800003468855978	0.9873193816421836	0.9896824518000816	0.9884147220575149	0.9868652633822591	0.9867755503562837	0.9879398461843774	0.9948925381600877	0.9838838379750415	0.9887200223692557	0.9933276023797405	0.9844539482326792	0.9863493686168581	0.9860162519771031	0.9860998481465771	0.9880033016277963	0.985631119394289	0.9840323669493503	0.986489052387444	0.9879924367499806	0.9879398461843774	0.9946124216030676	0.9881766463043224	0.9880187005729538	1.0	0.9761084872208674	0.9874918647038282	0.9885481591733807
0.9772187245189736	0.969904918208538	0.9779526321758796	0.9748183158942287	0.9892782213342558	0.9660932665511338	0.9782500910741297	0.9742971121045141	0.9703395677703781	0.9671086298766017	0.9769556998315009	0.9741137086828529	0.9779952928276441	0.9776954890823324	0.9713490420224932	0.9703829253781596	0.9779526321758796	0.9779526321758796	0.9773494446496171	0.9651279191482327	0.9753775265478798	0.9714292761311922	0.9738159208120398	0.9794543137131096	0.9782077627353474	0.9766905334174013	0.9747241714118008	0.9764678995916031	0.9761084872208674	1.0	0.9705722431015708	0.9722771995279087
0.9855535470078521	0.9800478644866937	0.9860489441010465	0.9835753153946296	0.9794981883594472	0.9766146563271786	0.9878876581118692	0.9856685341295663	0.9820305429337104	0.980364288648547	0.9872739546533628	0.981866396610207	0.9836160718463968	0.9875641819713764	0.9829162245767299	0.9771293101316875	0.9862375105794094	0.9868337571383888	0.9859352827632732	0.9744894061874242	0.9855919207829771	0.9796364771848285	0.9838999573242116	0.9870545920727893	0.9880660034024599	0.9879591121693397	0.9853996020733204	0.9870545920727893	0.9874918647038282	0.9705722431015708	1.0	0.9825816401711454
0.9871853341751681	0.9816905905177771	0.9873745292244508	0.9854650809582712	0.9805492759890294	0.9850158040666136	0.9919197681624422	0.9873745292244508	0.9830455093300803	0.9837364794509961	0.9885178039491056	0.9867355736781307	0.9844842390173133	0.9950539840939506	0.9842430271596575	0.9809256496444889	0.9864174826285366	0.9866754299702575	0.9864821594027472	0.9809664157652693	0.9862877461542943	0.9795575267295891	0.9860594680226218	0.9890599656962376	0.9877185872992656	0.9892980936730552	0.9895933557581843	0.9880282776341626	0.9885481591733807	0.9722771995279087	0.9825816401711454	1.0
