/home/jshaw/scratch/2022_sketched_distance/references/SGB_genome_fastas_part3/4703/BackhedF_2015__SID229_12M__bin.11.fa	/home/jshaw/scratch/2022_sketched_distance/references/SGB_genome_fastas_part3/4703/BackhedF_2015__SID26_12M__bin.39.fa	/home/jshaw/scratch/2022_sketched_distance/references/SGB_genome_fastas_part3/4703/BackhedF_2015__SID546_12M__bin.16.fa	/home/jshaw/scratch/2022_sketched_distance/references/SGB_genome_fastas_part3/4703/BackhedF_2015__SID608_M__bin.38.fa	/home/jshaw/scratch/2022_sketched_distance/references/SGB_genome_fastas_part3/4703/ChengpingW_2017__AS111raw__bin.2.fa	/home/jshaw/scratch/2022_sketched_distance/references/SGB_genome_fastas_part3/4703/ChengpingW_2017__AS15raw__bin.53.fa	/home/jshaw/scratch/2022_sketched_distance/references/SGB_genome_fastas_part3/4703/HeQ_2017__RSZAXPI003102-140__bin.29.fa	/home/jshaw/scratch/2022_sketched_distance/references/SGB_genome_fastas_part3/4703/HeQ_2017__RSZAXPI003107-147__bin.9.fa	/home/jshaw/scratch/2022_sketched_distance/references/SGB_genome_fastas_part3/4703/HeQ_2017__SZAXPI029466-158__bin.31.fa	/home/jshaw/scratch/2022_sketched_distance/references/SGB_genome_fastas_part3/4703/HeQ_2017__SZAXPI029486-84__bin.7.fa	/home/jshaw/scratch/2022_sketched_distance/references/SGB_genome_fastas_part3/4703/HeQ_2017__SZAXPI029499-101__bin.44.fa	/home/jshaw/scratch/2022_sketched_distance/references/SGB_genome_fastas_part3/4703/HeQ_2017__SZAXPI029552-169__bin.11.fa	/home/jshaw/scratch/2022_sketched_distance/references/SGB_genome_fastas_part3/4703/HeQ_2017__SZAXPI029574-89__bin.29.fa	/home/jshaw/scratch/2022_sketched_distance/references/SGB_genome_fastas_part3/4703/HeQ_2017__SZAXPI029601-32__bin.4.fa	/home/jshaw/scratch/2022_sketched_distance/references/SGB_genome_fastas_part3/4703/HeQ_2017__SZAXPI029602-33__bin.13.fa	/home/jshaw/scratch/2022_sketched_distance/references/SGB_genome_fastas_part3/4703/LeChatelierE_2013__MH0088__bin.28.fa	/home/jshaw/scratch/2022_sketched_distance/references/SGB_genome_fastas_part3/4703/LeChatelierE_2013__MH0131__bin.71.fa	/home/jshaw/scratch/2022_sketched_distance/references/SGB_genome_fastas_part3/4703/LeChatelierE_2013__MH0444__bin.45.fa	/home/jshaw/scratch/2022_sketched_distance/references/SGB_genome_fastas_part3/4703/LiJ_2014__V1.FI18__bin.20.fa	/home/jshaw/scratch/2022_sketched_distance/references/SGB_genome_fastas_part3/4703/LiJ_2014__V1.FI35__bin.2.fa	/home/jshaw/scratch/2022_sketched_distance/references/SGB_genome_fastas_part3/4703/LiJ_2017__H1M512855__bin.10.fa	/home/jshaw/scratch/2022_sketched_distance/references/SGB_genome_fastas_part3/4703/LiJ_2017__H1M513738__bin.10.fa	/home/jshaw/scratch/2022_sketched_distance/references/SGB_genome_fastas_part3/4703/LiJ_2017__H2M413915__bin.4.fa	/home/jshaw/scratch/2022_sketched_distance/references/SGB_genome_fastas_part3/4703/LiJ_2017__H3M415117__bin.20.fa	/home/jshaw/scratch/2022_sketched_distance/references/SGB_genome_fastas_part3/4703/LiJ_2017__H3M515935__bin.40.fa	/home/jshaw/scratch/2022_sketched_distance/references/SGB_genome_fastas_part3/4703/LiJ_2017__H3M518116__bin.33.fa	/home/jshaw/scratch/2022_sketched_distance/references/SGB_genome_fastas_part3/4703/LoombaR_2017__SID1049_baw__bin.51.fa	/home/jshaw/scratch/2022_sketched_distance/references/SGB_genome_fastas_part3/4703/LoombaR_2017__SID5630_kod__bin.9.fa	/home/jshaw/scratch/2022_sketched_distance/references/SGB_genome_fastas_part3/4703/NielsenHB_2014__MH0088__bin.26.fa	/home/jshaw/scratch/2022_sketched_distance/references/SGB_genome_fastas_part3/4703/NielsenHB_2014__V1_CD17_0__bin.21.fa	/home/jshaw/scratch/2022_sketched_distance/references/SGB_genome_fastas_part3/4703/NielsenHB_2014__V1_CD17_4__bin.54.fa	/home/jshaw/scratch/2022_sketched_distance/references/SGB_genome_fastas_part3/4703/QinJ_2012__CON-008__bin.32.fa	/home/jshaw/scratch/2022_sketched_distance/references/SGB_genome_fastas_part3/4703/QinJ_2012__CON-039__bin.30.fa	/home/jshaw/scratch/2022_sketched_distance/references/SGB_genome_fastas_part3/4703/QinJ_2012__CON-065__bin.52.fa	/home/jshaw/scratch/2022_sketched_distance/references/SGB_genome_fastas_part3/4703/QinJ_2012__NOM004__bin.3.fa	/home/jshaw/scratch/2022_sketched_distance/references/SGB_genome_fastas_part3/4703/QinJ_2012__NOM014__bin.9.fa	/home/jshaw/scratch/2022_sketched_distance/references/SGB_genome_fastas_part3/4703/QinJ_2012__T2D-068__bin.13.fa	/home/jshaw/scratch/2022_sketched_distance/references/SGB_genome_fastas_part3/4703/QinJ_2012__T2D-102__bin.53.fa	/home/jshaw/scratch/2022_sketched_distance/references/SGB_genome_fastas_part3/4703/QinN_2014__HD-45__bin.29.fa	/home/jshaw/scratch/2022_sketched_distance/references/SGB_genome_fastas_part3/4703/VogtmannE_2016__MMRS57569834ST-27-0-0__bin.9.fa	/home/jshaw/scratch/2022_sketched_distance/references/SGB_genome_fastas_part3/4703/VogtmannE_2016__MMRS64281211ST-27-0-0__bin.33.fa	/home/jshaw/scratch/2022_sketched_distance/references/SGB_genome_fastas_part3/4703/VogtmannE_2016__MMRS91297590ST-27-0-0__bin.10.fa	/home/jshaw/scratch/2022_sketched_distance/references/SGB_genome_fastas_part3/4703/VogtmannE_2016__MMRS95674036ST-27-0-0__bin.11.fa	/home/jshaw/scratch/2022_sketched_distance/references/SGB_genome_fastas_part3/4703/WenC_2017__N030__bin.20.fa	/home/jshaw/scratch/2022_sketched_distance/references/SGB_genome_fastas_part3/4703/WenC_2017__RA082__bin.7.fa	/home/jshaw/scratch/2022_sketched_distance/references/SGB_genome_fastas_part3/4703/XieH_2016__YSZC12003_35630__bin.12.fa	/home/jshaw/scratch/2022_sketched_distance/references/SGB_genome_fastas_part3/4703/YuJ_2015__SZAXPI003422-11__bin.27.fa	/home/jshaw/scratch/2022_sketched_distance/references/SGB_genome_fastas_part3/4703/YuJ_2015__SZAXPI015219-129__bin.25.fa	/home/jshaw/scratch/2022_sketched_distance/references/SGB_genome_fastas_part3/4703/YuJ_2015__SZAXPI015228-14__bin.71.fa
1.0	0.992579599136196	0.97862187572092	0.9772969689825771	0.991440482669756	0.9917764304805723	0.9872804972004035	0.991299848754866	0.9894479440789571	0.9877053700480622	0.9945922051861991	0.9903954939556687	0.9920480690814387	0.9887225923088825	0.9892498906499292	0.9788627032177999	0.9955575968618898	0.9754953250503903	0.9902565495984585	0.9931170455318471	0.9938253720924691	0.9912489691130552	0.9934080694878777	0.9922963373399809	0.9927210223826017	0.9890146380081978	0.9774150542422171	0.9917636741456713	0.977640377787247	0.9952528734825952	0.99538353022265	0.990381088100657	0.9910791454906086	0.9907330052298498	0.9953018405162816	0.9924335808830674	0.9898837206540756	0.9951419400718976	0.9919671798477416	0.9759217454640994	0.9936150168589387	0.9934308568797896	0.9917660549657075	0.9916132312247989	0.9930840277424704	0.992503053362597	0.9866204069734995	0.991745603077147	0.9908795401636349
0.992579599136196	1.0	0.9786412495416217	0.9779164401334077	0.9921942887875346	0.9912896659466561	0.9872804972004035	0.9912442212825878	0.9899377036250679	0.9872662807198	0.9921087162159579	0.9898004082961289	0.9916389209099724	0.9881345364537922	0.988867132698297	0.9790774575053679	0.9937085708711287	0.9758599507083987	0.9903451632167082	0.992283438722822	0.9933777488001316	0.9905496604373147	0.9925953668249919	0.9917880924806283	0.9913469995433364	0.989236327152596	0.977671844419218	0.9914647228617683	0.9783963676098268	0.992659310360817	0.9927210088530986	0.990855514628752	0.99035969871875	0.9906133152072493	0.9922481338928267	0.9925961020834062	0.9893913130993248	0.992337433698903	0.9914392449549746	0.9761182611381173	0.9925657362556961	0.9923217341339612	0.9918044365054466	0.9916816927336337	0.9924248906190082	0.9916114759271802	0.9856182495976145	0.9914342938338299	0.9902487651134417
0.97862187572092	0.9786412495416217	1.0	0.9906684476901205	0.9783545330159247	0.9788638253834147	0.9765121339244694	0.9781799566275159	0.9781071672704889	0.974819485233638	0.978464473474251	0.9775259439004385	0.980532371964376	0.9772514537614533	0.9778015885648325	0.9907589985369322	0.980118691936324	0.9905793033879073	0.9779100909240049	0.9784561172470961	0.9801282136607067	0.9790178272324006	0.9803338762822859	0.9783201019778054	0.9778885363354327	0.9776646803157527	0.9909297679450534	0.9787291457553977	0.9895315898758964	0.9784343549574213	0.9789305272787886	0.978702501972811	0.9773522646359271	0.9784144363924973	0.9797154265439766	0.978558176125247	0.9767381978634448	0.9791934548733827	0.9790354916948998	0.9901119120866612	0.9793153420782978	0.9785470476761967	0.977531602968584	0.9784561614612635	0.9772973750821801	0.9789575843242871	0.9747492833345642	0.9790110628623878	0.9762614882870374
0.9772969689825771	0.9779164401334077	0.9906684476901205	1.0	0.9772685294227124	0.9763990893956993	0.9690293427609455	0.9725293674200362	0.9702591543188789	0.9683660011791198	0.9763743537499479	0.9763450964556926	0.9719293439167709	0.969151931441226	0.976549347362749	0.9909883546913916	0.9757245368520259	0.9844974670858104	0.9709709816357669	0.9745396754357157	0.9775062452898011	0.9732778027396415	0.977852751630156	0.9773253837361701	0.9742344244543738	0.970056086230469	0.989689696348927	0.9749808020629275	0.9898645398929176	0.9772115757077544	0.9720147974503377	0.9711095107191906	0.9749802921530646	0.9737815927308706	0.9752198148342959	0.9762851663690372	0.9733769843767077	0.9757803125306208	0.976403584766766	0.9882971993551775	0.9749394478095202	0.9764571122707778	0.9767812183748301	0.976549347362749	0.9738643621448548	0.9749265050040961	0.9703300123826804	0.9723648482386135	0.9774104795982906
0.991440482669756	0.9921942887875346	0.9783545330159247	0.9772685294227124	1.0	0.9921808505308074	0.9880055956732097	0.991299848754866	0.9899984155321845	0.9880565834410556	0.9913635129155937	0.990750260080392	0.9918031882885505	0.9876697893049159	0.9896855828309172	0.9782080944159183	0.9927962658265939	0.9762856679051645	0.9907264306813314	0.9922658466039731	0.9934961322110117	0.9906425251136778	0.993094385117553	0.9915948855185188	0.991391508462629	0.9903229590385528	0.9775950196253012	0.9919614835358701	0.9771136253366141	0.9915134349574327	0.9924143666473715	0.9911902661694634	0.9904992766526703	0.9913836583023086	0.9913347772220507	0.9924878433734704	0.9902079565582723	0.9924743395086931	0.991422073607357	0.9766732823183027	0.9926189978847351	0.9926583913702799	0.9918864568622628	0.9960182998091965	0.9912762979786777	0.9909650690426203	0.9876567509788723	0.9946129048400746	0.9910866252764755
0.9917764304805723	0.9912896659466561	0.9788638253834147	0.9763990893956993	0.9921808505308074	1.0	0.970386317131056	0.9880375329783414	0.9706452990754164	0.982665607203634	0.9909784998221416	0.9931219843377813	0.969510409799929	0.9692696900166876	0.9920297720579057	0.9785609802067801	0.9902674687357309	0.9664402829660158	0.9747918954625135	0.9908741230278331	0.9850271633210262	0.9864324790666119	0.9869075336185301	0.9926051963314519	0.9859200981752327	0.972304581538257	0.9773995822855819	0.9826991338395505	0.9777523670421477	0.9921305676879938	0.9735115676740937	0.9711709967152745	0.9823911283550933	0.9914441569607559	0.9885462732942353	0.9831495468899341	0.992105397568026	0.985182859766503	0.9913154646589105	0.9746457510889974	0.9901073604835352	0.9838190976522058	0.9937987206408101	0.9914441569607559	0.980486164021578	0.9874918647038282	0.9882646102761821	0.9720364545465129	0.9935103825128945
0.9872804972004035	0.9872804972004035	0.9765121339244694	0.9690293427609455	0.9880055956732097	0.970386317131056	1.0	0.9909667214374426	0.9916545488573155	0.9923029697167628	0.986539061783747	0.9880342700887613	0.9913909789469747	0.9875693414162516	0.9903045347345477	0.9764713575644334	0.9842731233520584	0.9750536464934055	0.9914760106839567	0.9847199762895643	0.9721113729678146	0.9882342950349754	0.9754770737790905	0.9883196495767599	0.970386317131056	0.9906269651853197	0.974364474214043	0.9679861012081512	0.9755191147745966	0.9870450509499623	0.9844378279943486	0.9924643319627825	0.9682968407827853	0.981245193124305	0.9829617966212322	0.9668685521855991	0.9795450638011204	0.9673976098823026	0.9850040593355607	0.9725746886833232	0.9814560028097697	0.9722510644434195	0.9896287920594281	0.9855649568985793	0.9667017784290302	0.9782961573091266	0.9747108876262566	0.9855426159352896	0.9895467649828962
0.991299848754866	0.9912442212825878	0.9781799566275159	0.9725293674200362	0.991299848754866	0.9880375329783414	0.9909667214374426	1.0	0.9981789464521719	0.990127330438649	0.9904934290673774	0.9910207700583955	0.9931674700417239	0.9885928172204372	0.9903602673552049	0.9782902923053922	0.9887389713904319	0.9760898749759243	0.992707045084665	0.9880715361121737	0.987244527013917	0.9896668184581059	0.987462712511078	0.9919783317367983	0.9857014880832792	0.9921353183122724	0.9760388227560234	0.9853206416668829	0.9774252600246575	0.9908146034380467	0.9920270228465514	0.9991463106008287	0.9860631180414761	0.9884025341541701	0.9877022393749703	0.9866947549426595	0.9869240582797939	0.9863907485770793	0.988618620816103	0.9744670186657497	0.9873694297439508	0.9861373555199149	0.9927142530958034	0.9895888612064525	0.9855645155181608	0.985004757425093	0.9837095479673945	0.9917197723312777	0.9925541059900874
0.9894479440789571	0.9899377036250679	0.9781071672704889	0.9702591543188789	0.9899984155321845	0.9706452990754164	0.9916545488573155	0.9981789464521719	1.0	0.9928165280452419	0.9884142424448233	0.9894479440789571	0.992851486581345	0.9846245058669315	0.9894479440789571	0.977313135629846	0.9869834970426177	0.9754760791058172	0.9903303492218997	0.9864474080764777	0.9730234001759717	0.9904502295644829	0.976407566934299	0.9906589784351733	0.968019006310238	0.9919323202270952	0.9742728887421813	0.9674186659687745	0.9765450183605262	0.9893243594820437	0.9855571781580661	0.9989360186036045	0.9674792053285388	0.9834427764336885	0.9851028516738829	0.9643035713160631	0.9808636760770552	0.9686083808639512	0.9858336723039005	0.9740761745800441	0.9835167278734214	0.9732265797111429	0.9911897797760256	0.9871822992516015	0.9636325236749493	0.9795562165995825	0.9727676226722255	0.9875109904192887	0.9914520161792336
0.9877053700480622	0.9872662807198	0.974819485233638	0.9683660011791198	0.9880565834410556	0.982665607203634	0.9923029697167628	0.990127330438649	0.9928165280452419	1.0	0.9865427125848095	0.9873293675352052	0.9922911497773448	0.9888518583908232	0.9866929892050414	0.9742289695762496	0.9845696159229946	0.9752275509065018	0.9933866159129647	0.9845696159229946	0.9819568048054008	0.9880360271930289	0.9828248567795665	0.9876430004537667	0.979396797364398	0.9927085406051335	0.9718883347585746	0.9790959074052039	0.973435245260425	0.9867571838650997	0.9921566421500836	0.994242391888278	0.9804829252182679	0.9846489479420583	0.9827469437017248	0.9814881921686878	0.9826471833710549	0.9794990202053074	0.9841788631642288	0.971275780621791	0.9824946112958274	0.981119253812449	0.9901466236452061	0.9858907749720677	0.9794717810952039	0.9802863381739831	0.9783011654154105	0.992028417216081	0.9897390784977781
0.9945922051861991	0.9921087162159579	0.978464473474251	0.9763743537499479	0.9913635129155937	0.9909784998221416	0.986539061783747	0.9904934290673774	0.9884142424448233	0.9865427125848095	1.0	0.9902663790700481	0.9898629252137361	0.9877032039432453	0.9891131892028776	0.9787926592534322	0.995088634254356	0.9748217077666417	0.989357074630523	0.9919475777063791	0.9922682846246934	0.9898542202696627	0.9920422596129805	0.9921756364417429	0.9915468193008332	0.9882430378406907	0.9766918048783569	0.9901370652536388	0.9776422743209744	0.9960214310205777	0.9952424008973807	0.9898304038689831	0.9897954086909793	0.9888904132296736	0.9954523906500543	0.9907914090309892	0.98897528193667	0.9963791136522154	0.9903751088032708	0.9752100492291401	0.9920102854386803	0.9918216878262668	0.9914148594018509	0.9904448976164152	0.9905491024602803	0.9908496726939596	0.9862897375857816	0.9905091867111208	0.9910364523727943
0.9903954939556687	0.9898004082961289	0.9775259439004385	0.9763450964556926	0.990750260080392	0.9931219843377813	0.9880342700887613	0.9910207700583955	0.9894479440789571	0.9873293675352052	0.9902663790700481	1.0	0.990208656742698	0.9862697279319108	0.9900711966438079	0.9776514320044414	0.9910584909489363	0.9745483021171878	0.9904335396038322	0.9911018016881893	0.9926341692396585	0.9894528917492684	0.9916448016797542	0.9904803084724186	0.9911683619048158	0.9901392024167679	0.9766850821634511	0.990422401767428	0.97671116634481	0.9905986839497264	0.9901293592607449	0.9900379887455097	0.9908594418678526	0.9918104166128244	0.9903954556327422	0.9913572669722849	0.9912011442758578	0.9919926692457102	0.9908328737329257	0.9754680579181925	0.9909453059955262	0.9908691044040283	0.9913661999415813	0.9907980009913129	0.9902413136417539	0.9890074349113591	0.9885375387143313	0.9899141391591617	0.9922289608559897
0.9920480690814387	0.9916389209099724	0.980532371964376	0.9719293439167709	0.9918031882885505	0.969510409799929	0.9913909789469747	0.9931674700417239	0.992851486581345	0.9922911497773448	0.9898629252137361	0.990208656742698	1.0	0.9862387043778861	0.9901225628196788	0.9799500224875065	0.9894695972279217	0.9783854411783811	0.9925324570793499	0.9880777177085888	0.9750111681657591	0.9927322106763734	0.97801347434658	0.9919258553897139	0.9613477483798021	0.9928911498768603	0.976677103732752	0.968355706931381	0.9785698455676654	0.9910574690168552	0.9866244105842206	0.9874293200168826	0.9660048535781756	0.9830852010827164	0.9878476101153713	0.9615559006702729	0.9785698455676654	0.9659144036220766	0.9873825135370987	0.9776372143862505	0.9851540621679682	0.9740395495676034	0.9916389209099724	0.9886235046798107	0.9658236988530777	0.982274431896572	0.966184994844517	0.9880777177085888	0.9910574690168552
0.9887225923088825	0.9881345364537922	0.9772514537614533	0.969151931441226	0.9876697893049159	0.9692696900166876	0.9875693414162516	0.9885928172204372	0.9846245058669315	0.9888518583908232	0.9877032039432453	0.9862697279319108	0.9862387043778861	1.0	0.9860597485185143	0.9768352221229374	0.9857776727966351	0.973762204878571	0.9874685860858169	0.9855645155181608	0.9737110054243281	0.9898368487390213	0.9767419992442922	0.9884951494088206	0.9673319835363253	0.9846977775548357	0.9739153204712352	0.9670813780497637	0.9753593705614488	0.9889806195092985	0.984770886041863	0.9886647293118896	0.9664462048177789	0.9806107758535093	0.9845510702356634	0.9619066865998681	0.9778885363354327	0.9688556430954538	0.985706773912807	0.971974424135286	0.9831619896537688	0.9734021008042711	0.9883644736825346	0.9851340060992623	0.9650030986996838	0.9797283454425646	0.9694455270321737	0.9853858218408788	0.987535790560719
0.9892498906499292	0.988867132698297	0.9778015885648325	0.976549347362749	0.9896855828309172	0.9920297720579057	0.9903045347345477	0.9903602673552049	0.9894479440789571	0.9866929892050414	0.9891131892028776	0.9900711966438079	0.9901225628196788	0.9860597485185143	1.0	0.977576937619966	0.989859746258999	0.974787657614596	0.9897198125635013	0.9900837583533848	0.9908141617240034	0.9880185184156184	0.9911948539395126	0.9898237976381118	0.9895626336429673	0.9886310961754613	0.9765265076037937	0.9900849198310057	0.9764816887722295	0.9892147853432235	0.9892653193781493	0.9902099842249833	0.9905827410512389	0.9909908550567085	0.9891268979420385	0.9907056880214116	0.9901676008469736	0.9903587226602601	0.9901795119094609	0.9752388181865158	0.9893393628835591	0.9895219619538351	0.9908089101444484	0.9899621370672891	0.9882003967455651	0.9877406679662282	0.9885375387143313	0.9888885205100331	0.9911419022001058
0.9788627032177999	0.9790774575053679	0.9907589985369322	0.9909883546913916	0.9782080944159183	0.9785609802067801	0.9764713575644334	0.9782902923053922	0.977313135629846	0.9742289695762496	0.9787926592534322	0.9776514320044414	0.9799500224875065	0.9768352221229374	0.977576937619966	1.0	0.980118691936324	0.9903682671705709	0.9774762671769377	0.9782410592990505	0.979446945147384	0.9788323062665193	0.9799668059026857	0.9786046716221034	0.9780892667833899	0.9769378274754682	0.9910150356713936	0.9790594161817605	0.9984910889615493	0.9784343549574213	0.9787753628319714	0.978112549616097	0.9781331014045536	0.9776817063785003	0.9795535075982573	0.9788879097831161	0.9768293087316775	0.9785736051270424	0.9789602699599663	0.9904209041494629	0.9794745030422651	0.9785127187113125	0.9774820625366042	0.978250893803672	0.9776624339726412	0.9792880278581406	0.9743366784126988	0.9783965210448774	0.9758694398625989
0.9955575968618898	0.9937085708711287	0.980118691936324	0.9757245368520259	0.9927962658265939	0.9902674687357309	0.9842731233520584	0.9887389713904319	0.9869834970426177	0.9845696159229946	0.995088634254356	0.9910584909489363	0.9894695972279217	0.9857776727966351	0.989859746258999	0.980118691936324	1.0	0.9735020290789874	0.986798247158446	0.9910952594656713	0.9919973733258919	0.9887935937730483	0.9913376056495358	0.9934357971786194	0.9898668071813679	0.986265582913905	0.9785683505407832	0.9901370652536388	0.9790756960540677	0.9962567073269051	0.9936737141346038	0.9885205930855516	0.988042187415177	0.9883169433049218	0.9941417087899505	0.9911320855164453	0.9873226506829014	0.9941828087934671	0.991241925687747	0.975612596459908	0.991847262543824	0.9913604425164904	0.9927438662934966	0.9911319871057805	0.9902413136417539	0.9906370598164823	0.9840670996198019	0.9889447824948754	0.9914061507290635
0.9754953250503903	0.9758599507083987	0.9905793033879073	0.9844974670858104	0.9762856679051645	0.9664402829660158	0.9750536464934055	0.9760898749759243	0.9754760791058172	0.9752275509065018	0.9748217077666417	0.9745483021171878	0.9783854411783811	0.973762204878571	0.974787657614596	0.9903682671705709	0.9735020290789874	1.0	0.9764108934124266	0.9734665658123511	0.9691803462796573	0.9772473476735192	0.9693013927411365	0.9768020961072971	0.9645965810824165	0.9755296313876319	0.9892923565234111	0.9671555448362272	0.9894451129469212	0.9753617136561722	0.9766465222722935	0.9758531382311838	0.9655429111363835	0.9681995067653306	0.9719781392930134	0.9645918331974762	0.967694523846599	0.9647404705008312	0.9745483021171878	0.9905372039193029	0.9728215073216193	0.9663187973331439	0.9759915349147064	0.9740642339418482	0.9656013006968397	0.9713782270758348	0.9641565575351946	0.9761495197805173	0.9755619254251292
0.9902565495984585	0.9903451632167082	0.9779100909240049	0.9709709816357669	0.9907264306813314	0.9747918954625135	0.9914760106839567	0.992707045084665	0.9903303492218997	0.9933866159129647	0.989357074630523	0.9904335396038322	0.9925324570793499	0.9874685860858169	0.9897198125635013	0.9774762671769377	0.986798247158446	0.9764108934124266	1.0	0.987384306398417	0.97460162661621	0.9911033465661852	0.9783807218146992	0.9911897197896969	0.9709709816357669	0.9971433019753433	0.9751222084617043	0.9711837164136499	0.9763205184066287	0.990108329522937	0.9869947624183557	0.9912568113607066	0.9686484753638407	0.9845904437338374	0.9857637764594626	0.9658345621710642	0.9843081625070496	0.9698858075186401	0.9866995475148219	0.9750281753918951	0.9837362073891442	0.9751222084617043	0.9922368346492009	0.9885260231613676	0.9680723233027703	0.9803584766357495	0.9765010181640306	0.9882442829614875	0.991872696837131
0.9931170455318471	0.992283438722822	0.9784561172470961	0.9745396754357157	0.9922658466039731	0.9908741230278331	0.9847199762895643	0.9880715361121737	0.9864474080764777	0.9845696159229946	0.9919475777063791	0.9911018016881893	0.9880777177085888	0.9855645155181608	0.9900837583533848	0.9782410592990505	0.9910952594656713	0.9734665658123511	0.987384306398417	1.0	0.992292803239299	0.9889100753660511	0.991879178714211	0.9923712592432653	0.9900526065942212	0.9861271157294278	0.9764675134235191	0.9888351567758182	0.9772553458909996	0.9932026842221781	0.9909445259902125	0.9873067707495583	0.9891052682564924	0.9890584315279544	0.9903565425793682	0.9906484168156486	0.988532723738048	0.991126553905997	0.9908456260107258	0.9740440551222944	0.9907206136578375	0.9916149235756295	0.9926333305800406	0.9909190220152394	0.9902413136417539	0.9902469482341238	0.9846777712962856	0.9888039470652092	0.9910653265700868
0.9938253720924691	0.9933777488001316	0.9801282136607067	0.9775062452898011	0.9934961322110117	0.9850271633210262	0.9721113729678146	0.987244527013917	0.9730234001759717	0.9819568048054008	0.9922682846246934	0.9926341692396585	0.9750111681657591	0.9737110054243281	0.9908141617240034	0.979446945147384	0.9919973733258919	0.9691803462796573	0.97460162661621	0.992292803239299	1.0	0.9887245428521746	0.9913984743122919	0.9935905351803959	0.9861408633917514	0.9733985153634757	0.9791923246665152	0.980551281673958	0.9785655620424994	0.994428270370308	0.9785803637342553	0.9752628980168934	0.9810077207019643	0.9883123739287972	0.9897726694495412	0.9834362754045899	0.9871587293496457	0.9865226150708581	0.9947256562135613	0.9764907695521338	0.9940353113079654	0.9851209509922965	0.9929239914112957	0.9924395344901211	0.9833531776134123	0.9899573192010238	0.9847532844240819	0.9763978209265036	0.9920220935387706
0.9912489691130552	0.9905496604373147	0.9790178272324006	0.9732778027396415	0.9906425251136778	0.9864324790666119	0.9882342950349754	0.9896668184581059	0.9904502295644829	0.9880360271930289	0.9898542202696627	0.9894528917492684	0.9927322106763734	0.9898368487390213	0.9880185184156184	0.9788323062665193	0.9887935937730483	0.9772473476735192	0.9911033465661852	0.9889100753660511	0.9887245428521746	1.0	0.9880449434680196	0.9920761648423265	0.9863816147837395	0.9902618204250817	0.976519590507529	0.9848957188518787	0.9775032435212634	0.9908827581648346	0.9938708380153268	0.991455646611129	0.984429555388261	0.9856399055092507	0.9873415666820313	0.9864026393153303	0.9855129280693598	0.9856989445139254	0.9898162081601775	0.9745190589877452	0.9890836877793245	0.9879890830339442	0.9907905675241337	0.9889100753660511	0.9861298907967662	0.9867957006195627	0.9813239152297301	0.992637197555758	0.9907536190921539
0.9934080694878777	0.9925953668249919	0.9803338762822859	0.977852751630156	0.993094385117553	0.9869075336185301	0.9754770737790905	0.987462712511078	0.976407566934299	0.9828248567795665	0.9920422596129805	0.9916448016797542	0.97801347434658	0.9767419992442922	0.9911948539395126	0.9799668059026857	0.9913376056495358	0.9693013927411365	0.9783807218146992	0.991879178714211	0.9913984743122919	0.9880449434680196	1.0	0.9931843129048029	0.9845907225725713	0.9769378274754682	0.978526034231594	0.9810769559090731	0.978978821428243	0.9938290862722655	0.981497209187445	0.9784579840620069	0.9832703920269269	0.987675626051165	0.9900300694284822	0.9839320940425617	0.9872484127669424	0.9858764507807591	0.9914797433276352	0.9768344833085811	0.9925953668249919	0.9841211625645758	0.9927776998223593	0.9919491690404818	0.9840696903887661	0.9886170601053014	0.9834944845256052	0.979576871308955	0.9921119059658843
0.9922963373399809	0.9917880924806283	0.9783201019778054	0.9773253837361701	0.9915948855185188	0.9926051963314519	0.9883196495767599	0.9919783317367983	0.9906589784351733	0.9876430004537667	0.9921756364417429	0.9904803084724186	0.9919258553897139	0.9884951494088206	0.9898237976381118	0.9786046716221034	0.9934357971786194	0.9768020961072971	0.9911897197896969	0.9923712592432653	0.9935905351803959	0.9920761648423265	0.9931843129048029	1.0	0.9925281938728252	0.9905056984264949	0.9779773453895176	0.9955334683075214	0.9773777133000093	0.9917997730399489	0.9930752032932426	0.9916861191487362	0.9911611590912826	0.9910697902080907	0.992082255053893	0.9920512303740541	0.9899853870012548	0.9925198491614101	0.9919671798477416	0.9774616207775461	0.9934078043586603	0.9927030212844914	0.9915835191474929	0.9918522287585774	0.9912163060527271	0.9918740118772127	0.9877628503324678	0.9916939213856729	0.9906403681035695
0.9927210223826017	0.9913469995433364	0.9778885363354327	0.9742344244543738	0.991391508462629	0.9859200981752327	0.970386317131056	0.9857014880832792	0.968019006310238	0.979396797364398	0.9915468193008332	0.9911683619048158	0.9613477483798021	0.9673319835363253	0.9895626336429673	0.9780892667833899	0.9898668071813679	0.9645965810824165	0.9709709816357669	0.9900526065942212	0.9861408633917514	0.9863816147837395	0.9845907225725713	0.9925281938728252	1.0	0.9677616428467282	0.9775512138633149	0.98594789329899	0.9769350905716215	0.9928914872329119	0.9775067323566982	0.9679438048597502	0.9843624915609638	0.9861216903865284	0.9881212082532335	0.9875873170778705	0.9873006914492476	0.9883571413787944	0.9908759997237839	0.9728929336039607	0.9913024305931117	0.9861101322034495	0.9919428710150461	0.990535411261316	0.9848802443825097	0.9881212082532335	0.9886087214238551	0.9743122846220246	0.9909211472879387
0.9890146380081978	0.989236327152596	0.9776646803157527	0.970056086230469	0.9903229590385528	0.972304581538257	0.9906269651853197	0.9921353183122724	0.9919323202270952	0.9927085406051335	0.9882430378406907	0.9901392024167679	0.9928911498768603	0.9846977775548357	0.9886310961754613	0.9769378274754682	0.986265582913905	0.9755296313876319	0.9971433019753433	0.9861271157294278	0.9733985153634757	0.9902618204250817	0.9769378274754682	0.9905056984264949	0.9677616428467282	1.0	0.974307683396578	0.968781882810696	0.9759111494031175	0.9886953305611441	0.9850337408396888	0.9923680509112465	0.9681254215387085	0.9824996032775642	0.9844913281298908	0.9647604005162835	0.9820706086954087	0.9677616428467282	0.9857783740015232	0.9741579125123757	0.9834917996709318	0.9731413820292537	0.9911969785324775	0.9875859381049403	0.9633512513186688	0.9785510269162323	0.9755296313876319	0.9872859097815732	0.9914635901413591
0.9774150542422171	0.977671844419218	0.9909297679450534	0.989689696348927	0.9775950196253012	0.9773995822855819	0.974364474214043	0.9760388227560234	0.9742728887421813	0.9718883347585746	0.9766918048783569	0.9766850821634511	0.976677103732752	0.9739153204712352	0.9765265076037937	0.9910150356713936	0.9785683505407832	0.9892923565234111	0.9751222084617043	0.9764675134235191	0.9791923246665152	0.976519590507529	0.978526034231594	0.9779773453895176	0.9775512138633149	0.974307683396578	1.0	0.9784327386299707	0.989906619834508	0.9774150542422171	0.9763546603141948	0.9751000462290159	0.9764668854523415	0.9759154873891973	0.9776886343805598	0.9772048507361858	0.9758127809745321	0.9777996567107489	0.9773391615750904	0.9912780607992193	0.9780133096184226	0.9771448873751832	0.9766850821634511	0.9768573349025048	0.9762244460947092	0.9781165298745228	0.9731328030684339	0.9757314266467866	0.9769215051580759
0.9917636741456713	0.9914647228617683	0.9787291457553977	0.9749808020629275	0.9919614835358701	0.9826991338395505	0.9679861012081512	0.9853206416668829	0.9674186659687745	0.9790959074052039	0.9901370652536388	0.990422401767428	0.968355706931381	0.9670813780497637	0.9900849198310057	0.9790594161817605	0.9901370652536388	0.9671555448362272	0.9711837164136499	0.9888351567758182	0.980551281673958	0.9848957188518787	0.9810769559090731	0.9955334683075214	0.98594789329899	0.968781882810696	0.9784327386299707	1.0	0.9780960285741367	0.9921826137179252	0.9743686646189632	0.9675339427460796	0.9803314229510065	0.98733820088227	0.9883986624675836	0.9822739917392567	0.9884809467841387	0.9833955990939585	0.990293009031981	0.9752281557597732	0.9900326918866978	0.9846196211348659	0.9920107515243122	0.991087190219297	0.9817514759010014	0.988371188631594	0.9862130930118614	0.9725510185812363	0.991087190219297
0.977640377787247	0.9783963676098268	0.9895315898758964	0.9898645398929176	0.9771136253366141	0.9777523670421477	0.9755191147745966	0.9774252600246575	0.9765450183605262	0.973435245260425	0.9776422743209744	0.97671116634481	0.9785698455676654	0.9753593705614488	0.9764816887722295	0.9984910889615493	0.9790756960540677	0.9894451129469212	0.9763205184066287	0.9772553458909996	0.9785655620424994	0.9775032435212634	0.978978821428243	0.9773777133000093	0.9769350905716215	0.9759111494031175	0.989906619834508	0.9780960285741367	1.0	0.977482379727326	0.9785020365348869	0.9769510645154229	0.9769757601274845	0.9764431726160983	0.9788424275476771	0.9775911873760165	0.9759065160615863	0.9776211670127642	0.9781469240111484	0.9893545714183198	0.9789140108340394	0.9774656745281264	0.976551706320566	0.9777842614979503	0.9768817336646615	0.9786517098272586	0.9733640148117403	0.9778885363354327	0.9747407693537051
0.9952528734825952	0.992659310360817	0.9784343549574213	0.9772115757077544	0.9915134349574327	0.9921305676879938	0.9870450509499623	0.9908146034380467	0.9893243594820437	0.9867571838650997	0.9960214310205777	0.9905986839497264	0.9910574690168552	0.9889806195092985	0.9892147853432235	0.9784343549574213	0.9962567073269051	0.9753617136561722	0.990108329522937	0.9932026842221781	0.994428270370308	0.9908827581648346	0.9938290862722655	0.9917997730399489	0.9928914872329119	0.9886953305611441	0.9774150542422171	0.9921826137179252	0.977482379727326	1.0	0.9992354066398617	0.9902442760271453	0.9910517623169005	0.9905533071138386	0.9968095294646945	0.9924878433734704	0.9902079565582723	0.9962167969251289	0.9924202247348635	0.9760902600387082	0.9936838005907427	0.9936266116961396	0.9911451033846991	0.9917500127466726	0.9927704257597478	0.9925579869423503	0.9866423338213517	0.9913560061847139	0.9904765968483651
0.99538353022265	0.9927210088530986	0.9789305272787886	0.9720147974503377	0.9924143666473715	0.9735115676740937	0.9844378279943486	0.9920270228465514	0.9855571781580661	0.9921566421500836	0.9952424008973807	0.9901293592607449	0.9866244105842206	0.984770886041863	0.9892653193781493	0.9787753628319714	0.9936737141346038	0.9766465222722935	0.9869947624183557	0.9909445259902125	0.9785803637342553	0.9938708380153268	0.981497209187445	0.9930752032932426	0.9775067323566982	0.9850337408396888	0.9763546603141948	0.9743686646189632	0.9785020365348869	0.9992354066398617	1.0	0.9860853680772041	0.9715381894869066	0.9830346481402507	0.9926446143210456	0.9728198333663483	0.9825185900139625	0.9780678416181425	0.9900191335123959	0.9748547318556392	0.9899638822703725	0.9798839423923209	0.9920010379059511	0.99010183731777	0.9730379552823665	0.9862509876262532	0.9770999407303487	0.9910249467861951	0.990566617875254
0.990381088100657	0.990855514628752	0.978702501972811	0.9711095107191906	0.9911902661694634	0.9711709967152745	0.9924643319627825	0.9991463106008287	0.9989360186036045	0.994242391888278	0.9898304038689831	0.9900379887455097	0.9874293200168826	0.9886647293118896	0.9902099842249833	0.978112549616097	0.9885205930855516	0.9758531382311838	0.9912568113607066	0.9873067707495583	0.9752628980168934	0.991455646611129	0.9784579840620069	0.9916861191487362	0.9679438048597502	0.9923680509112465	0.9751000462290159	0.9675339427460796	0.9769510645154229	0.9902442760271453	0.9860853680772041	1.0	0.9699823035274239	0.9846141081133155	0.9862405474495478	0.9651074663870335	0.9810972510907723	0.9721987829219316	0.9866635523095778	0.9747168550390088	0.9854572178172705	0.9740492537965192	0.9919475636391015	0.9883031995984272	0.9652553758551868	0.9803646804420187	0.9719598682618606	0.9878272000400851	0.9924643319627825
0.9910791454906086	0.99035969871875	0.9773522646359271	0.9749802921530646	0.9904992766526703	0.9823911283550933	0.9682968407827853	0.9860631180414761	0.9674792053285388	0.9804829252182679	0.9897954086909793	0.9908594418678526	0.9660048535781756	0.9664462048177789	0.9905827410512389	0.9781331014045536	0.988042187415177	0.9655429111363835	0.9686484753638407	0.9891052682564924	0.9810077207019643	0.984429555388261	0.9832703920269269	0.9911611590912826	0.9843624915609638	0.9681254215387085	0.9764668854523415	0.9803314229510065	0.9769757601274845	0.9910517623169005	0.9715381894869066	0.9699823035274239	1.0	0.9876193213915778	0.9870675307203949	0.9779729973062313	0.9861903603708537	0.9827103886586215	0.9895382953255399	0.9740269374185356	0.9892791620177106	0.9820687247542775	0.9916220965888952	0.9891633348022807	0.9772054676136541	0.9852564924432401	0.9848290856336566	0.9706301463877447	0.9911065059854853
0.9907330052298498	0.9906133152072493	0.9784144363924973	0.9737815927308706	0.9913836583023086	0.9914441569607559	0.981245193124305	0.9884025341541701	0.9834427764336885	0.9846489479420583	0.9888904132296736	0.9918104166128244	0.9830852010827164	0.9806107758535093	0.9909908550567085	0.9776817063785003	0.9883169433049218	0.9681995067653306	0.9845904437338374	0.9890584315279544	0.9883123739287972	0.9856399055092507	0.987675626051165	0.9910697902080907	0.9861216903865284	0.9824996032775642	0.9759154873891973	0.98733820088227	0.9764431726160983	0.9905533071138386	0.9830346481402507	0.9846141081133155	0.9876193213915778	1.0	0.9868492012035692	0.988761199954327	0.987798674457971	0.9876268477033538	0.9892464342231311	0.9735804667584778	0.9879290082817084	0.986863991931782	0.9929842882064532	0.990432962747801	0.9855288544616516	0.9851009458478371	0.9840201605340101	0.9836171396863629	0.9925159529095477
0.9953018405162816	0.9922481338928267	0.9797154265439766	0.9752198148342959	0.9913347772220507	0.9885462732942353	0.9829617966212322	0.9877022393749703	0.9851028516738829	0.9827469437017248	0.9954523906500543	0.9903954556327422	0.9878476101153713	0.9845510702356634	0.9891268979420385	0.9795535075982573	0.9941417087899505	0.9719781392930134	0.9857637764594626	0.9903565425793682	0.9897726694495412	0.9873415666820313	0.9900300694284822	0.992082255053893	0.9881212082532335	0.9844913281298908	0.9776886343805598	0.9883986624675836	0.9788424275476771	0.9968095294646945	0.9926446143210456	0.9862405474495478	0.9870675307203949	0.9868492012035692	1.0	0.9890632892832311	0.9858599268137545	0.9939876067149049	0.9901808639424454	0.9745642965869603	0.9906858507614793	0.9895955415101351	0.9913158719680113	0.990414894972582	0.9886577686450685	0.9888440500198719	0.9816062533810979	0.9869758203779856	0.9903954556327422
0.9924335808830674	0.9925961020834062	0.978558176125247	0.9762851663690372	0.9924878433734704	0.9831495468899341	0.9668685521855991	0.9866947549426595	0.9643035713160631	0.9814881921686878	0.9907914090309892	0.9913572669722849	0.9615559006702729	0.9619066865998681	0.9907056880214116	0.9788879097831161	0.9911320855164453	0.9645918331974762	0.9658345621710642	0.9906484168156486	0.9834362754045899	0.9864026393153303	0.9839320940425617	0.9920512303740541	0.9875873170778705	0.9647604005162835	0.9772048507361858	0.9822739917392567	0.9775911873760165	0.9924878433734704	0.9728198333663483	0.9651074663870335	0.9779729973062313	0.988761199954327	0.9890632892832311	1.0	0.9879314493002119	0.9855103872856658	0.9909905637267087	0.9740323715782578	0.9911320855164453	0.9854097359059047	0.9928652092917551	0.9918583845088041	0.9784691670460606	0.989183354162016	0.9873347601019613	0.9710944511068538	0.9914692848569749
0.9898837206540756	0.9893913130993248	0.9767381978634448	0.9733769843767077	0.9902079565582723	0.992105397568026	0.9795450638011204	0.9869240582797939	0.9808636760770552	0.9826471833710549	0.98897528193667	0.9912011442758578	0.9785698455676654	0.9778885363354327	0.9901676008469736	0.9768293087316775	0.9873226506829014	0.967694523846599	0.9843081625070496	0.988532723738048	0.9871587293496457	0.9855129280693598	0.9872484127669424	0.9899853870012548	0.9873006914492476	0.9820706086954087	0.9758127809745321	0.9884809467841387	0.9759065160615863	0.9902079565582723	0.9825185900139625	0.9810972510907723	0.9861903603708537	0.987798674457971	0.9858599268137545	0.9879314493002119	1.0	0.9882796656692033	0.9889962086451776	0.9725226726140532	0.987498264912284	0.986863991931782	0.9916288617938954	0.9899040789979489	0.9857422424773067	0.9850444865239563	0.9859518442639789	0.9819909704534353	0.9924492072011465
