/home/jshaw/scratch/2022_sketched_distance/references/SGB_genome_fastas_part4/9710/HMP_2012__SRS013836__bin.49.fa	/home/jshaw/scratch/2022_sketched_distance/references/SGB_genome_fastas_part4/9710/HMP_2012__SRS013881__bin.10.fa	/home/jshaw/scratch/2022_sketched_distance/references/SGB_genome_fastas_part4/9710/HMP_2012__SRS013945__bin.13.fa	/home/jshaw/scratch/2022_sketched_distance/references/SGB_genome_fastas_part4/9710/HMP_2012__SRS013949__bin.33.fa	/home/jshaw/scratch/2022_sketched_distance/references/SGB_genome_fastas_part4/9710/HMP_2012__SRS013950__bin.11.fa	/home/jshaw/scratch/2022_sketched_distance/references/SGB_genome_fastas_part4/9710/HMP_2012__SRS014575__bin.2.fa	/home/jshaw/scratch/2022_sketched_distance/references/SGB_genome_fastas_part4/9710/HMP_2012__SRS014578__bin.17.fa	/home/jshaw/scratch/2022_sketched_distance/references/SGB_genome_fastas_part4/9710/HMP_2012__SRS015745__bin.7.fa	/home/jshaw/scratch/2022_sketched_distance/references/SGB_genome_fastas_part4/9710/HMP_2012__SRS015799__bin.3.fa	/home/jshaw/scratch/2022_sketched_distance/references/SGB_genome_fastas_part4/9710/HMP_2012__SRS015803__bin.6.fa	/home/jshaw/scratch/2022_sketched_distance/references/SGB_genome_fastas_part4/9710/HMP_2012__SRS015895__bin.3.fa	/home/jshaw/scratch/2022_sketched_distance/references/SGB_genome_fastas_part4/9710/HMP_2012__SRS015921__bin.10.fa	/home/jshaw/scratch/2022_sketched_distance/references/SGB_genome_fastas_part4/9710/HMP_2012__SRS017080__bin.6.fa	/home/jshaw/scratch/2022_sketched_distance/references/SGB_genome_fastas_part4/9710/HMP_2012__SRS018359__bin.7.fa	/home/jshaw/scratch/2022_sketched_distance/references/SGB_genome_fastas_part4/9710/HMP_2012__SRS019120__bin.3.fa	/home/jshaw/scratch/2022_sketched_distance/references/SGB_genome_fastas_part4/9710/HMP_2012__SRS019128__bin.2.fa	/home/jshaw/scratch/2022_sketched_distance/references/SGB_genome_fastas_part4/9710/HMP_2012__SRS019129__bin.24.fa	/home/jshaw/scratch/2022_sketched_distance/references/SGB_genome_fastas_part4/9710/HMP_2012__SRS019391__bin.2.fa	/home/jshaw/scratch/2022_sketched_distance/references/SGB_genome_fastas_part4/9710/HMP_2012__SRS019587__bin.5.fa	/home/jshaw/scratch/2022_sketched_distance/references/SGB_genome_fastas_part4/9710/HMP_2012__SRS019591__bin.17.fa	/home/jshaw/scratch/2022_sketched_distance/references/SGB_genome_fastas_part4/9710/HMP_2012__SRS023964__bin.28.fa	/home/jshaw/scratch/2022_sketched_distance/references/SGB_genome_fastas_part4/9710/HMP_2012__SRS023987__bin.4.fa	/home/jshaw/scratch/2022_sketched_distance/references/SGB_genome_fastas_part4/9710/HMP_2012__SRS024470__bin.4.fa	/home/jshaw/scratch/2022_sketched_distance/references/SGB_genome_fastas_part4/9710/HMP_2012__SRS024557__bin.4.fa	/home/jshaw/scratch/2022_sketched_distance/references/SGB_genome_fastas_part4/9710/HMP_2012__SRS050029__bin.11.fa	/home/jshaw/scratch/2022_sketched_distance/references/SGB_genome_fastas_part4/9710/HMP_2012__SRS052874__bin.12.fa	/home/jshaw/scratch/2022_sketched_distance/references/SGB_genome_fastas_part4/9710/HMP_2012__SRS056892__bin.5.fa	/home/jshaw/scratch/2022_sketched_distance/references/SGB_genome_fastas_part4/9710/VogtmannE_2016__MMRS65862658ST-27-0-0__bin.79.fa
1.0	0.9817163627591701	0.9744698224014561	0.9738458883534029	0.9689595924106842	0.971404380221909	0.9720322130925648	0.9795339074044785	0.9808472368969822	0.9748792176789919	0.9722093815599301	0.972429488729427	0.9798497641808992	0.9739608470596133	0.9648726313873343	0.9662614167453205	0.9669444256806045	0.9720765961059072	0.9691884022444179	0.9708102872207335	0.9729517273975146	0.9646874176913417	0.9952153954446025	0.9731668688119804	0.974387320570087	0.9719432642579853	0.9717198178065868	0.9687534231355701
0.9817163627591701	1.0	0.9755783686505719	0.975006333933726	0.9731412745204537	0.9741801444251308	0.9739750036714375	0.9967586990469386	0.998398834059826	0.998208517031678	0.9755786952459997	0.9755468516107674	0.9979723724774284	0.9926768210895759	0.9709740294942278	0.9727941340800504	0.9732507815463386	0.9755790792090884	0.9758761569752646	0.9752314986721173	0.9745656284826478	0.9750348481166464	0.9847981977537439	0.9729252039610705	0.980301708962674	0.9743806640771728	0.9725918186914366	0.9731088385591641
0.9744698224014561	0.9755783686505719	1.0	0.9982541061057659	0.9971620855453626	0.9838940668046845	0.9842569371020597	0.9757419127697043	0.9743845104349905	0.9732877708064375	0.9777992205110723	0.9779324206448067	0.9764333250442205	0.9750140469374052	0.9945762481232572	0.9972004284688976	0.9962194652335346	0.9749967704813944	0.9752393135915758	0.974769749868247	0.9757380563835634	0.9770923385403403	0.976318517481419	0.985113055161559	0.9747466214835929	0.9841782711576088	0.9742292563489225	0.9818040220797517
0.9738458883534029	0.975006333933726	0.9982541061057659	1.0	0.9965903032505428	0.9832975926589734	0.9835112913183175	0.9752257630917665	0.9737563875730301	0.973125318907388	0.9768616642584218	0.9767717687249138	0.9759721601638068	0.9749102501703883	0.9939545002610437	0.9964570256224526	0.9952573789171578	0.9743333640360189	0.9748619779200526	0.9740097008321346	0.9751245480082225	0.9762761880627032	0.9754050611763005	0.9841282956492294	0.9741626910037204	0.9833312744778855	0.9739905570997186	0.9806450928449492
0.9689595924106842	0.9731412745204537	0.9971620855453626	0.9965903032505428	1.0	0.980491362970106	0.9814181695993761	0.9713843138421439	0.9718226713040832	0.968352336674431	0.9744448920972566	0.9746994506686658	0.9723721368256154	0.9691208708678307	0.9892092487612996	0.991301369897229	0.991004238980519	0.9696960451100877	0.969891251528878	0.9681816133012856	0.97213779155193	0.9722527412364028	0.9727205082709806	0.9825480543280866	0.9699308142162262	0.9799100518146169	0.9707359177306077	0.9754458008471901
0.971404380221909	0.9741801444251308	0.9838940668046845	0.9832975926589734	0.980491362970106	1.0	0.9996667589165933	0.9728519125304199	0.973231982432142	0.9709358361384113	0.9760299821296032	0.9762580427382295	0.973740942923108	0.9714003283588237	0.9791111043324112	0.9798974115492934	0.9810920234111239	0.973728080884299	0.9744253026100566	0.9734929340075773	0.9746269762699055	0.975349653745813	0.9729815722298929	0.9860810851374753	0.9720948639435942	0.9833044500102927	0.9720341695720278	0.9778647561549308
0.9720322130925648	0.9739750036714375	0.9842569371020597	0.9835112913183175	0.9814181695993761	0.9996667589165933	1.0	0.9739164038223522	0.9730181427511231	0.971582747153403	0.9755524621780934	0.9759351490347516	0.9745480809171818	0.9723140609357501	0.979915363139262	0.9809224985305156	0.9821421528690079	0.97471909070979	0.9755061823401955	0.9744823005609758	0.9744327088046773	0.9750800074430065	0.9736024185661556	0.9860268665848413	0.9730843974143065	0.984256567002433	0.9722325005148204	0.9787564283722455
0.9795339074044785	0.9967586990469386	0.9757419127697043	0.9752257630917665	0.9713843138421439	0.9728519125304199	0.9739164038223522	1.0	0.9961955441542333	0.9933325804069647	0.9748068604918664	0.9752257630917665	0.9949257216927229	0.9897378451742118	0.9700810680539889	0.97063449161061	0.9711022609428479	0.9734435316622239	0.9746989117098153	0.9727781782709797	0.9743468708374164	0.9719062470732731	0.9838331210607291	0.9731860249403921	0.9781502105908154	0.9730008320108929	0.9712062657151438	0.9708865912650738
0.9808472368969822	0.998398834059826	0.9743845104349905	0.9737563875730301	0.9718226713040832	0.973231982432142	0.9730181427511231	0.9961955441542333	1.0	0.9978268395528057	0.9744749863736799	0.9744825864591614	0.9967607619685209	0.9921280136995814	0.9705863880611291	0.9716458401883208	0.9723037165332247	0.9744038377094347	0.9756123195511766	0.9743376163964352	0.9733492967681445	0.9731749722220252	0.983917846804278	0.9716634518853126	0.9794780732700857	0.9731218849441948	0.9713906268776217	0.9716444047018176
0.9748792176789919	0.998208517031678	0.9732877708064375	0.973125318907388	0.968352336674431	0.9709358361384113	0.971582747153403	0.9933325804069647	0.9978268395528057	1.0	0.9737303645456535	0.9738500316884577	0.9939422991652228	0.9892383205859685	0.9636526615932149	0.9648269559503145	0.9663754339757002	0.9716254184563622	0.9755061823401955	0.9702757302527523	0.9730029438382075	0.9654257334605517	0.9825962586045749	0.9716680336128526	0.9787560670983678	0.9700526671617511	0.9702757302527523	0.9647325986970785
0.9722093815599301	0.9755786952459997	0.9777992205110723	0.9768616642584218	0.9744448920972566	0.9760299821296032	0.9755524621780934	0.9748068604918664	0.9744749863736799	0.9737303645456535	1.0	0.9998017893658351	0.9750979686461665	0.9775068235436013	0.9724797883496484	0.9739838120674965	0.9744583856826196	0.9773625205427348	0.9775658144184184	0.9772816021028223	0.9745987735943256	0.9743036304685561	0.9740883963712862	0.9785361478576616	0.9745143074296223	0.978172340666862	0.9758527799813922	0.9786172486767724
0.972429488729427	0.9755468516107674	0.9779324206448067	0.9767717687249138	0.9746994506686658	0.9762580427382295	0.9759351490347516	0.9752257630917665	0.9744825864591614	0.9738500316884577	0.9998017893658351	1.0	0.9754706909689203	0.978124856563703	0.9730010415703005	0.9746614615777481	0.9747837638956983	0.9776823303954694	0.9779625590179554	0.9775782796504606	0.9751571281831336	0.9749443407816188	0.9743970127671038	0.9788193998491139	0.9746306721110766	0.978484808427464	0.9763976225329624	0.978802689969036
0.9798497641808992	0.9979723724774284	0.9764333250442205	0.9759721601638068	0.9723721368256154	0.973740942923108	0.9745480809171818	0.9949257216927229	0.9967607619685209	0.9939422991652228	0.9750979686461665	0.9754706909689203	1.0	0.9908108854299067	0.9705306296510454	0.9716025192201675	0.9720845604973469	0.97471909070979	0.9755592942481647	0.9748055028705496	0.9752339989864427	0.9741182248637448	0.9836777466084172	0.973740942923108	0.9792100611099035	0.9733775769532325	0.9721385689170132	0.9715289662437017
0.9739608470596133	0.9926768210895759	0.9750140469374052	0.9749102501703883	0.9691208708678307	0.9714003283588237	0.9723140609357501	0.9897378451742118	0.9921280136995814	0.9892383205859685	0.9775068235436013	0.978124856563703	0.9908108854299067	1.0	0.95828794079358	0.966802107351544	0.9666682659187559	0.9740143261438419	0.969252933088413	0.9722012437276273	0.9716886481894644	0.9574050729533387	0.9809213236217715	0.9705790988132753	0.9778885363354327	0.9701605333378233	0.9705196343242251	0.9589615945066718
0.9648726313873343	0.9709740294942278	0.9945762481232572	0.9939545002610437	0.9892092487612996	0.9791111043324112	0.979915363139262	0.9700810680539889	0.9705863880611291	0.9636526615932149	0.9724797883496484	0.9730010415703005	0.9705306296510454	0.95828794079358	1.0	0.9877603402224121	0.9863479661838463	0.968987615999713	0.9577526271191217	0.9674286640771369	0.9724271991210162	0.9632354896830821	0.9719500161196496	0.9803720919338796	0.9653348384892901	0.9776653139529475	0.970808465730192	0.9659236852443863
0.9662614167453205	0.9727941340800504	0.9972004284688976	0.9964570256224526	0.991301369897229	0.9798974115492934	0.9809224985305156	0.97063449161061	0.9716458401883208	0.9648269559503145	0.9739838120674965	0.9746614615777481	0.9716025192201675	0.966802107351544	0.9877603402224121	1.0	0.9889432255106043	0.9700030459012944	0.9652058781608082	0.9683203112222488	0.9724158720422328	0.9697987577508909	0.9723312110234505	0.9821053561523132	0.9662393693772776	0.9795257989323254	0.9705002156752941	0.9742452029536742
0.9669444256806045	0.9732507815463386	0.9962194652335346	0.9952573789171578	0.991004238980519	0.9810920234111239	0.9821421528690079	0.9711022609428479	0.9723037165332247	0.9663754339757002	0.9744583856826196	0.9747837638956983	0.9720845604973469	0.9666682659187559	0.9863479661838463	0.9889432255106043	1.0	0.9710568950440116	0.9678699419835909	0.9694276282540459	0.9735884260045767	0.9672581883093253	0.9741297150790944	0.9825274247101897	0.9686056223690004	0.9800070509514792	0.9720405508667829	0.9722720660521708
0.9720765961059072	0.9755790792090884	0.9749967704813944	0.9743333640360189	0.9696960451100877	0.973728080884299	0.97471909070979	0.9734435316622239	0.9744038377094347	0.9716254184563622	0.9773625205427348	0.9776823303954694	0.97471909070979	0.9740143261438419	0.968987615999713	0.9700030459012944	0.9710568950440116	1.0	0.999233425892286	0.9987641525350391	0.9733666873223991	0.9702208975646486	0.9757145906283259	0.9750658212718825	0.9745143074296223	0.973048458374498	0.9731844698270764	0.9735464437657692
0.9691884022444179	0.9758761569752646	0.9752393135915758	0.9748619779200526	0.969891251528878	0.9744253026100566	0.9755061823401955	0.9746989117098153	0.9756123195511766	0.9755061823401955	0.9775658144184184	0.9779625590179554	0.9755592942481647	0.969252933088413	0.9577526271191217	0.9652058781608082	0.9678699419835909	0.999233425892286	1.0	0.9977804987304421	0.9736467013491079	0.9540401031967165	0.9775658144184184	0.9740383358436037	0.9771641796533865	0.9730215646518257	0.974589744448807	0.9583012349050027
0.9708102872207335	0.9752314986721173	0.974769749868247	0.9740097008321346	0.9681816133012856	0.9734929340075773	0.9744823005609758	0.9727781782709797	0.9743376163964352	0.9702757302527523	0.9772816021028223	0.9775782796504606	0.9748055028705496	0.9722012437276273	0.9674286640771369	0.9683203112222488	0.9694276282540459	0.9987641525350391	0.9977804987304421	1.0	0.9734184338629276	0.9707924874381515	0.9755124256407701	0.975196211499095	0.9732868035556611	0.9725108249768621	0.9730055967236005	0.9729985086454065
0.9729517273975146	0.9745656284826478	0.9757380563835634	0.9751245480082225	0.97213779155193	0.9746269762699055	0.9744327088046773	0.9743468708374164	0.9733492967681445	0.9730029438382075	0.9745987735943256	0.9751571281831336	0.9752339989864427	0.9716886481894644	0.9724271991210162	0.9724158720422328	0.9735884260045767	0.9733666873223991	0.9736467013491079	0.9734184338629276	1.0	0.9985728637263855	0.9750390638865194	0.9749283781429144	0.9728398309210958	0.9753879157747283	0.988896188404123	0.9756501476001354
0.9646874176913417	0.9750348481166464	0.9770923385403403	0.9762761880627032	0.9722527412364028	0.975349653745813	0.9750800074430065	0.9719062470732731	0.9731749722220252	0.9654257334605517	0.9743036304685561	0.9749443407816188	0.9741182248637448	0.9574050729533387	0.9632354896830821	0.9697987577508909	0.9672581883093253	0.9702208975646486	0.9540401031967165	0.9707924874381515	0.9985728637263855	1.0	0.9732227917473653	0.9752600199349636	0.9637400246774588	0.9743036304685561	0.9870682609520611	0.9670722765855906
0.9952153954446025	0.9847981977537439	0.976318517481419	0.9754050611763005	0.9727205082709806	0.9729815722298929	0.9736024185661556	0.9838331210607291	0.983917846804278	0.9825962586045749	0.9740883963712862	0.9743970127671038	0.9836777466084172	0.9809213236217715	0.9719500161196496	0.9723312110234505	0.9741297150790944	0.9757145906283259	0.9775658144184184	0.9755124256407701	0.9750390638865194	0.9732227917473653	1.0	0.9751392907038622	0.980528654141798	0.9742746608584285	0.9730735234389367	0.9740317975666695
0.9731668688119804	0.9729252039610705	0.985113055161559	0.9841282956492294	0.9825480543280866	0.9860810851374753	0.9860268665848413	0.9731860249403921	0.9716634518853126	0.9716680336128526	0.9785361478576616	0.9788193998491139	0.973740942923108	0.9705790988132753	0.9803720919338796	0.9821053561523132	0.9825274247101897	0.9750658212718825	0.9740383358436037	0.975196211499095	0.9749283781429144	0.9752600199349636	0.9751392907038622	1.0	0.974241157632525	0.9935708900736031	0.9735772303048418	0.9826778647009947
0.974387320570087	0.980301708962674	0.9747466214835929	0.9741626910037204	0.9699308142162262	0.9720948639435942	0.9730843974143065	0.9781502105908154	0.9794780732700857	0.9787560670983678	0.9745143074296223	0.9746306721110766	0.9792100611099035	0.9778885363354327	0.9653348384892901	0.9662393693772776	0.9686056223690004	0.9745143074296223	0.9771641796533865	0.9732868035556611	0.9728398309210958	0.9637400246774588	0.980528654141798	0.974241157632525	1.0	0.9711173352447089	0.9732464232321502	0.9672047524387793
0.9719432642579853	0.9743806640771728	0.9841782711576088	0.9833312744778855	0.9799100518146169	0.9833044500102927	0.984256567002433	0.9730008320108929	0.9731218849441948	0.9700526671617511	0.978172340666862	0.978484808427464	0.9733775769532325	0.9701605333378233	0.9776653139529475	0.9795257989323254	0.9800070509514792	0.973048458374498	0.9730215646518257	0.9725108249768621	0.9753879157747283	0.9743036304685561	0.9742746608584285	0.9935708900736031	0.9711173352447089	1.0	0.9724923949698835	0.9785707231739847
0.9717198178065868	0.9725918186914366	0.9742292563489225	0.9739905570997186	0.9707359177306077	0.9720341695720278	0.9722325005148204	0.9712062657151438	0.9713906268776217	0.9702757302527523	0.9758527799813922	0.9763976225329624	0.9721385689170132	0.9705196343242251	0.970808465730192	0.9705002156752941	0.9720405508667829	0.9731844698270764	0.974589744448807	0.9730055967236005	0.988896188404123	0.9870682609520611	0.9730735234389367	0.9735772303048418	0.9732464232321502	0.9724923949698835	1.0	0.9759542803092446
0.9687534231355701	0.9731088385591641	0.9818040220797517	0.9806450928449492	0.9754458008471901	0.9778647561549308	0.9787564283722455	0.9708865912650738	0.9716444047018176	0.9647325986970785	0.9786172486767724	0.978802689969036	0.9715289662437017	0.9589615945066718	0.9659236852443863	0.9742452029536742	0.9722720660521708	0.9735464437657692	0.9583012349050027	0.9729985086454065	0.9756501476001354	0.9670722765855906	0.9740317975666695	0.9826778647009947	0.9672047524387793	0.9785707231739847	0.9759542803092446	1.0
