/home/jshaw/scratch/2022_sketched_distance/references/SGB_genome_fastas_part4/8133/CM_cf__CF_TNFC018SA_t5M17__bin.3.fa	/home/jshaw/scratch/2022_sketched_distance/references/SGB_genome_fastas_part4/8133/CM_cf__CF_TNFC045IS_t1M15__bin.8.fa	/home/jshaw/scratch/2022_sketched_distance/references/SGB_genome_fastas_part4/8133/CM_periimplantitis__SP_162SPT_T016__bin.2.fa	/home/jshaw/scratch/2022_sketched_distance/references/SGB_genome_fastas_part4/8133/CM_periimplantitis__SP_163SPT_T016__bin.41.fa	/home/jshaw/scratch/2022_sketched_distance/references/SGB_genome_fastas_part4/8133/CM_periimplantitis__SP_283SPT_T016__bin.19.fa	/home/jshaw/scratch/2022_sketched_distance/references/SGB_genome_fastas_part4/8133/HMP_2012__SRS014690__bin.46.fa	/home/jshaw/scratch/2022_sketched_distance/references/SGB_genome_fastas_part4/8133/HMP_2012__SRS015440__bin.36.fa	/home/jshaw/scratch/2022_sketched_distance/references/SGB_genome_fastas_part4/8133/HMP_2012__SRS015470__bin.32.fa	/home/jshaw/scratch/2022_sketched_distance/references/SGB_genome_fastas_part4/8133/HMP_2012__SRS015947__bin.20.fa	/home/jshaw/scratch/2022_sketched_distance/references/SGB_genome_fastas_part4/8133/HMP_2012__SRS015989__bin.17.fa	/home/jshaw/scratch/2022_sketched_distance/references/SGB_genome_fastas_part4/8133/HMP_2012__SRS016360__bin.21.fa	/home/jshaw/scratch/2022_sketched_distance/references/SGB_genome_fastas_part4/8133/HMP_2012__SRS016541__bin.7.fa	/home/jshaw/scratch/2022_sketched_distance/references/SGB_genome_fastas_part4/8133/HMP_2012__SRS017445__bin.7.fa	/home/jshaw/scratch/2022_sketched_distance/references/SGB_genome_fastas_part4/8133/HMP_2012__SRS018337__bin.12.fa	/home/jshaw/scratch/2022_sketched_distance/references/SGB_genome_fastas_part4/8133/HMP_2012__SRS018394__bin.51.fa	/home/jshaw/scratch/2022_sketched_distance/references/SGB_genome_fastas_part4/8133/HMP_2012__SRS018975__bin.43.fa	/home/jshaw/scratch/2022_sketched_distance/references/SGB_genome_fastas_part4/8133/HMP_2012__SRS019128__bin.8.fa	/home/jshaw/scratch/2022_sketched_distance/references/SGB_genome_fastas_part4/8133/HMP_2012__SRS019225__bin.27.fa	/home/jshaw/scratch/2022_sketched_distance/references/SGB_genome_fastas_part4/8133/HMP_2012__SRS022602__bin.6.fa	/home/jshaw/scratch/2022_sketched_distance/references/SGB_genome_fastas_part4/8133/HMP_2012__SRS023538__bin.14.fa	/home/jshaw/scratch/2022_sketched_distance/references/SGB_genome_fastas_part4/8133/HMP_2012__SRS024021__bin.38.fa	/home/jshaw/scratch/2022_sketched_distance/references/SGB_genome_fastas_part4/8133/HMP_2012__SRS024144__bin.27.fa	/home/jshaw/scratch/2022_sketched_distance/references/SGB_genome_fastas_part4/8133/HMP_2012__SRS024447__bin.10.fa	/home/jshaw/scratch/2022_sketched_distance/references/SGB_genome_fastas_part4/8133/HMP_2012__SRS053630__bin.9.fa	/home/jshaw/scratch/2022_sketched_distance/references/SGB_genome_fastas_part4/8133/HMP_2012__SRS064493__bin.1.fa	/home/jshaw/scratch/2022_sketched_distance/references/SGB_genome_fastas_part4/8133/OhJ_2014__MET0094__bin.3.fa	/home/jshaw/scratch/2022_sketched_distance/references/SGB_genome_fastas_part4/8133/OhJ_2014__MET0103__bin.10.fa	/home/jshaw/scratch/2022_sketched_distance/references/SGB_genome_fastas_part4/8133/VincentC_2016__MM001.2__bin.8.fa	/home/jshaw/scratch/2022_sketched_distance/references/SGB_genome_fastas_part4/8133/VincentC_2016__MM017__bin.13.fa	/home/jshaw/scratch/2022_sketched_distance/references/SGB_genome_fastas_part4/8133/ZellerG_2014__CCIS76845094ST-20-0__bin.28.fa
1.0	0.9644435039150673	0.9610927543053761	0.9628671249118064	0.9616858622787886	0.9630320095917861	0.9653339536513744	0.965340981292812	0.9612335026809811	0.9681458906536737	0.9826904051261243	0.9718323817274124	0.9686919404298545	0.9638161573805492	0.9684088782437295	0.9629592016623854	0.9629060240892127	0.9606403354020588	0.9707432111228609	0.9644938594245266	0.9628644394615213	0.9670551287472606	0.9636893699580633	0.9650304995913611	0.9663795486241985	0.9621643759001505	0.9630477371990366	0.9625325495074407	0.9640408538176234	0.967202556163972
0.9644435039150673	1.0	0.9618600622545916	0.9636795458691589	0.9634995964185539	0.9650211677341909	0.9647585117083268	0.9651014711238861	0.9590863737881941	0.9695391369418159	0.9639051050127375	0.9668872927127729	0.9750488697959893	0.965011848202717	0.9671863542375023	0.9634086915895521	0.9639810854135613	0.9629714458082038	0.9710711679044107	0.96388452268417	0.9910674228371461	0.9664548615990678	0.964797892789255	0.9634800954791546	0.9634601682648783	0.9625205171413095	0.9648449681510745	0.963298091909748	0.9625952550259042	0.969551688808586
0.9610927543053761	0.9618600622545916	1.0	0.9705198782543422	0.9556344909077088	0.9656052095366592	0.9600788031099938	0.9603840113140151	0.970768453838728	0.9595634053349364	0.9596260032690491	0.960483679878613	0.9628019321447245	0.9813884131803522	0.9592568641684205	0.955756241237538	0.9741398048620732	0.957147549766443	0.978737109052223	0.9699337484009345	0.958520135218112	0.9584244086424305	0.9622476497532582	0.9721117145405196	0.9672112498175618	0.9821650843090477	0.9837703116117815	0.9596015230125893	0.9784170799437224	0.9603677786163237
0.9628671249118064	0.9636795458691589	0.9705198782543422	1.0	0.9550636351446249	0.9674596169088917	0.9586210656314209	0.9568505726758382	0.9604468153459934	0.9650536503960297	0.9612500315413148	0.9597743118068495	0.9551841298143575	0.9781888070455708	0.9600749482498384	0.9574246339389408	0.9762083741751283	0.958855067006853	0.9741059437551197	0.9707891097935154	0.9558417675778941	0.9567677140729015	0.9551809583522445	0.971792240349872	0.967931701344937	0.9721026700486973	0.9711623100843466	0.9574246339389408	0.9775854738499469	0.9623835400418954
0.9616858622787886	0.9634995964185539	0.9556344909077088	0.9550636351446249	1.0	0.9573733781423049	0.9597411243303692	0.9599635521790602	0.9549204266065008	0.9609783628792784	0.9593269119766104	0.9589418607026738	0.9629592016623854	0.9588844687903599	0.9580872957170875	0.9579472216756522	0.9583529453534232	0.9563570694531525	0.9625294258832482	0.9567063965278	0.9577606927440537	0.9595367929262998	0.958080238284445	0.9587569234556821	0.9586141477984221	0.9549657265125205	0.9570306918304717	0.9617482935556719	0.9586288670523355	0.9612750549724508
0.9630320095917861	0.9650211677341909	0.9656052095366592	0.9674596169088917	0.9573733781423049	1.0	0.9579970743235353	0.9587413342667573	0.9639771638952855	0.9619892304657635	0.9600472678846756	0.9592040473314418	0.9611023031542435	0.9714593860675985	0.9579797992050492	0.9544547710659899	0.9688222139889833	0.9561380387447758	0.973882318858146	0.9656789505109018	0.9596989068526803	0.9577812435264224	0.9577425259957172	0.9711949698606186	0.9676191895102572	0.9675887251827229	0.9694109394600616	0.9601839404474534	0.9721111332528914	0.9601097709832049
0.9653339536513744	0.9647585117083268	0.9600788031099938	0.9586210656314209	0.9597411243303692	0.9579970743235353	1.0	0.9943983461484606	0.955866136767642	0.9645838521751254	0.964700397209696	0.9625971988420613	0.9642657786110809	0.9624103466710973	0.9638158324361922	0.9636960292014075	0.9607103388693641	0.9604793700401137	0.963056736352139	0.9615236808705365	0.9582185217099316	0.9625971988420613	0.9603492836645853	0.9617795257787289	0.9598766237874696	0.9596050485232079	0.9600115518365289	0.9607436570833728	0.960874987148737	0.9644668831595465
0.965340981292812	0.9651014711238861	0.9603840113140151	0.9568505726758382	0.9599635521790602	0.9587413342667573	0.9943983461484606	1.0	0.9549204266065008	0.9643720500953334	0.9647388286986559	0.9623418740134764	0.9626438881513317	0.963309518968058	0.9644334711744391	0.9633730032077876	0.9598929354387504	0.9601744721862039	0.9611164145535485	0.9616132453213851	0.9582185217099316	0.9623418740134764	0.960892262168363	0.9620788296983781	0.9593942049633511	0.9595374946231091	0.9603840113140151	0.9621447933042404	0.9607302240011463	0.9656378836380887
0.9612335026809811	0.9590863737881941	0.970768453838728	0.9604468153459934	0.9549204266065008	0.9639771638952855	0.955866136767642	0.9549204266065008	1.0	0.9608009297809278	0.958389615216503	0.9614476185076404	0.9591311140884127	0.972530371716414	0.9582326947628257	0.95719347239167	0.9658293022788154	0.9560351076932403	0.9696537908429119	0.966867464695007	0.9531254616810624	0.9555254825086453	0.9535776277149081	0.9715576098735483	0.9662608407397427	0.9706617641594308	0.9714534938683487	0.95719347239167	0.970874792910441	0.9590097020427185
0.9681458906536737	0.9695391369418159	0.9595634053349364	0.9650536503960297	0.9609783628792784	0.9619892304657635	0.9645838521751254	0.9643720500953334	0.9608009297809278	1.0	0.9671667079761676	0.9680975029378276	0.9693418309498759	0.9644455413013632	0.9672361553064162	0.9630721655032832	0.9636686091769671	0.9630895657229346	0.971476495853258	0.963377233462321	0.9673808304735847	0.9653909357789188	0.9634061590170965	0.9629759429562822	0.9654716847358349	0.9619247322758714	0.9632853665685677	0.9608188789637876	0.963827433803843	0.968236941140947
0.9826904051261243	0.9639051050127375	0.9596260032690491	0.9612500315413148	0.9593269119766104	0.9600472678846756	0.964700397209696	0.9647388286986559	0.958389615216503	0.9671667079761676	1.0	0.968928075517425	0.9690834416811007	0.9618504248609743	0.9667346480927829	0.9625606675015533	0.9602944407111129	0.9592753842796348	0.9686145021574375	0.9630345334014402	0.9599869338098436	0.9649322277542755	0.9613504564321435	0.9611755069724449	0.9632867172327271	0.9609478303817144	0.9618943268910394	0.9622331777732956	0.9619731327058869	0.9661338806483811
0.9718323817274124	0.9668872927127729	0.960483679878613	0.9597743118068495	0.9589418607026738	0.9592040473314418	0.9625971988420613	0.9623418740134764	0.9614476185076404	0.9680975029378276	0.968928075517425	1.0	0.9674881153227719	0.9633036945235512	0.9692161917613527	0.9639856665403865	0.9601545985573366	0.964417609552781	0.9663354712265826	0.9615931864693924	0.9623358885313872	0.9637559866659516	0.9621738350782995	0.9640418494246672	0.9647597347586166	0.9600678975848335	0.961646126800459	0.9592072689106814	0.9621338597684531	0.967346460219966
0.9686919404298545	0.9750488697959893	0.9628019321447245	0.9551841298143575	0.9629592016623854	0.9611023031542435	0.9642657786110809	0.9626438881513317	0.9591311140884127	0.9693418309498759	0.9690834416811007	0.9674881153227719	1.0	0.9660243846110338	0.9690185201436429	0.9659529964343662	0.960851971277179	0.9637341968971631	0.9628468506822913	0.963580686837714	0.9643410061230254	0.9627230074419006	0.9577768305174702	0.9672143865600564	0.9646401680369516	0.9617604480453638	0.9631936705614185	0.9609356327969009	0.9638869768804145	0.9656658502315798
0.9638161573805492	0.965011848202717	0.9813884131803522	0.9781888070455708	0.9588844687903599	0.9714593860675985	0.9624103466710973	0.963309518968058	0.972530371716414	0.9644455413013632	0.9618504248609743	0.9633036945235512	0.9660243846110338	1.0	0.9637165383252123	0.9598107457599793	0.9824685725763342	0.9617656964533012	0.9841300846761001	0.9756161886287817	0.9620010665949865	0.9618431692317917	0.9626870061315997	0.9744183730235905	0.9728476108116372	0.9818740128916208	0.9837703116117815	0.963988904179155	0.9827534506350953	0.962086453343441
0.9684088782437295	0.9671863542375023	0.9592568641684205	0.9600749482498384	0.9580872957170875	0.9579797992050492	0.9638158324361922	0.9644334711744391	0.9582326947628257	0.9672361553064162	0.9667346480927829	0.9692161917613527	0.9690185201436429	0.9637165383252123	1.0	0.9641028024218827	0.9642288967711854	0.9638469322554651	0.9656673618871751	0.9617456946784696	0.9638961285737827	0.9656743427747824	0.9639001514667643	0.9624136453759911	0.9605025378292762	0.9595539996004021	0.9613959898951174	0.9621126423372728	0.9607525860854648	0.9677789502092551
0.9629592016623854	0.9634086915895521	0.955756241237538	0.9574246339389408	0.9579472216756522	0.9544547710659899	0.9636960292014075	0.9633730032077876	0.95719347239167	0.9630721655032832	0.9625606675015533	0.9639856665403865	0.9659529964343662	0.9598107457599793	0.9641028024218827	1.0	0.9590858334509518	0.9676441708839018	0.965570775756472	0.959963511616139	0.9596264931090761	0.9647585117083268	0.9623947714487148	0.9601213466225251	0.9587480233159708	0.9557777563769377	0.9578827651482433	0.9599909768133946	0.9596229275446772	0.9653044727646192
0.9629060240892127	0.9639810854135613	0.9741398048620732	0.9762083741751283	0.9583529453534232	0.9688222139889833	0.9607103388693641	0.9598929354387504	0.9658293022788154	0.9636686091769671	0.9602944407111129	0.9601545985573366	0.960851971277179	0.9824685725763342	0.9642288967711854	0.9590858334509518	1.0	0.9588677263098273	0.9754162959516871	0.9725102099735428	0.9580666401997447	0.9584269952223051	0.9597969360399775	0.9734977546138164	0.9668926646479442	0.9733585042421655	0.9749027471849145	0.9607103388693641	0.9805117805983679	0.9618602118958768
0.9606403354020588	0.9629714458082038	0.957147549766443	0.958855067006853	0.9563570694531525	0.9561380387447758	0.9604793700401137	0.9601744721862039	0.9560351076932403	0.9630895657229346	0.9592753842796348	0.964417609552781	0.9637341968971631	0.9617656964533012	0.9638469322554651	0.9676441708839018	0.9588677263098273	1.0	0.9664297939408557	0.9601917895336372	0.9597711570478155	0.9620964872475349	0.9603492836645853	0.962614455248365	0.9599326269462503	0.9581260956283546	0.9580922766160367	0.9560646927422538	0.9605128194148529	0.9640764206609315
0.9707432111228609	0.9710711679044107	0.978737109052223	0.9741059437551197	0.9625294258832482	0.973882318858146	0.963056736352139	0.9611164145535485	0.9696537908429119	0.971476495853258	0.9686145021574375	0.9663354712265826	0.9628468506822913	0.9841300846761001	0.9656673618871751	0.965570775756472	0.9754162959516871	0.9664297939408557	1.0	0.9794382845707096	0.9624229159387074	0.9634724355376313	0.9594045902459645	0.9790576938895156	0.9757710997559685	0.9804931429930317	0.9801864105833751	0.9644887398847175	0.9859371922776913	0.9686145021574375
0.9644938594245266	0.96388452268417	0.9699337484009345	0.9707891097935154	0.9567063965278	0.9656789505109018	0.9615236808705365	0.9616132453213851	0.966867464695007	0.963377233462321	0.9630345334014402	0.9615931864693924	0.963580686837714	0.9756161886287817	0.9617456946784696	0.959963511616139	0.9725102099735428	0.9601917895336372	0.9794382845707096	1.0	0.9609750940574334	0.960611786229592	0.9595572652248068	0.9703939862253633	0.9680720377896996	0.9711649927591214	0.973106634318689	0.9608816858148399	0.9756161886287817	0.9619839138659207
0.9628644394615213	0.9910674228371461	0.958520135218112	0.9558417675778941	0.9577606927440537	0.9596989068526803	0.9582185217099316	0.9582185217099316	0.9531254616810624	0.9673808304735847	0.9599869338098436	0.9623358885313872	0.9643410061230254	0.9620010665949865	0.9638961285737827	0.9596264931090761	0.9580666401997447	0.9597711570478155	0.9624229159387074	0.9609750940574334	1.0	0.9602012653038372	0.9575723207449527	0.959261944570049	0.9569038949548374	0.9567456109436387	0.9593351874800238	0.9578374548811787	0.9609055136145171	0.9660437420982053
0.9670551287472606	0.9664548615990678	0.9584244086424305	0.9567677140729015	0.9595367929262998	0.9577812435264224	0.9625971988420613	0.9623418740134764	0.9555254825086453	0.9653909357789188	0.9649322277542755	0.9637559866659516	0.9627230074419006	0.9618431692317917	0.9656743427747824	0.9647585117083268	0.9584269952223051	0.9620964872475349	0.9634724355376313	0.960611786229592	0.9602012653038372	1.0	0.9593964811395701	0.9615878337944278	0.9589854392554656	0.9587762052718113	0.9596050485232079	0.9605456465882709	0.9617795257787289	0.9658992853636721
0.9636893699580633	0.964797892789255	0.9622476497532582	0.9551809583522445	0.958080238284445	0.9577425259957172	0.9603492836645853	0.960892262168363	0.9535776277149081	0.9634061590170965	0.9613504564321435	0.9621738350782995	0.9577768305174702	0.9626870061315997	0.9639001514667643	0.9623947714487148	0.9597969360399775	0.9603492836645853	0.9594045902459645	0.9595572652248068	0.9575723207449527	0.9593964811395701	1.0	0.9622476497532582	0.9594769742196427	0.9572291628304286	0.9587451356749572	0.961274544324121	0.9610457228762931	0.9648659225647823
0.9650304995913611	0.9634800954791546	0.9721117145405196	0.971792240349872	0.9587569234556821	0.9711949698606186	0.9617795257787289	0.9620788296983781	0.9715576098735483	0.9629759429562822	0.9611755069724449	0.9640418494246672	0.9672143865600564	0.9744183730235905	0.9624136453759911	0.9601213466225251	0.9734977546138164	0.962614455248365	0.9790576938895156	0.9703939862253633	0.959261944570049	0.9615878337944278	0.9622476497532582	1.0	0.9725879293924177	0.9745888856608881	0.9762262592388323	0.9610069312517183	0.9749440484142402	0.962086453343441
0.9663795486241985	0.9634601682648783	0.9672112498175618	0.967931701344937	0.9586141477984221	0.9676191895102572	0.9598766237874696	0.9593942049633511	0.9662608407397427	0.9654716847358349	0.9632867172327271	0.9647597347586166	0.9646401680369516	0.9728476108116372	0.9605025378292762	0.9587480233159708	0.9668926646479442	0.9599326269462503	0.9757710997559685	0.9680720377896996	0.9569038949548374	0.9589854392554656	0.9594769742196427	0.9725879293924177	1.0	0.9695372321982938	0.9697032409795193	0.9586066193377409	0.9745685584066717	0.9624051194417248
0.9621643759001505	0.9625205171413095	0.9821650843090477	0.9721026700486973	0.9549657265125205	0.9675887251827229	0.9596050485232079	0.9595374946231091	0.9706617641594308	0.9619247322758714	0.9609478303817144	0.9600678975848335	0.9617604480453638	0.9818740128916208	0.9595539996004021	0.9557777563769377	0.9733585042421655	0.9581260956283546	0.9804931429930317	0.9711649927591214	0.9567456109436387	0.9587762052718113	0.9572291628304286	0.9745888856608881	0.9695372321982938	1.0	0.9906991585107829	0.9587410759094457	0.97873980770456	0.9612563233999926
0.9630477371990366	0.9648449681510745	0.9837703116117815	0.9711623100843466	0.9570306918304717	0.9694109394600616	0.9600115518365289	0.9603840113140151	0.9714534938683487	0.9632853665685677	0.9618943268910394	0.961646126800459	0.9631936705614185	0.9837703116117815	0.9613959898951174	0.9578827651482433	0.9749027471849145	0.9580922766160367	0.9801864105833751	0.973106634318689	0.9593351874800238	0.9596050485232079	0.9587451356749572	0.9762262592388323	0.9697032409795193	0.9906991585107829	1.0	0.9604401889352314	0.9804951125943545	0.9628083356705394
0.9625325495074407	0.963298091909748	0.9596015230125893	0.9574246339389408	0.9617482935556719	0.9601839404474534	0.9607436570833728	0.9621447933042404	0.95719347239167	0.9608188789637876	0.9622331777732956	0.9592072689106814	0.9609356327969009	0.963988904179155	0.9621126423372728	0.9599909768133946	0.9607103388693641	0.9560646927422538	0.9644887398847175	0.9608816858148399	0.9578374548811787	0.9605456465882709	0.961274544324121	0.9610069312517183	0.9586066193377409	0.9587410759094457	0.9604401889352314	1.0	0.9625920900767928	0.9643851236324311
0.9640408538176234	0.9625952550259042	0.9784170799437224	0.9775854738499469	0.9586288670523355	0.9721111332528914	0.960874987148737	0.9607302240011463	0.970874792910441	0.963827433803843	0.9619731327058869	0.9621338597684531	0.9638869768804145	0.9827534506350953	0.9607525860854648	0.9596229275446772	0.9805117805983679	0.9605128194148529	0.9859371922776913	0.9756161886287817	0.9609055136145171	0.9617795257787289	0.9610457228762931	0.9749440484142402	0.9745685584066717	0.97873980770456	0.9804951125943545	0.9625920900767928	1.0	0.9620303844166528
0.967202556163972	0.969551688808586	0.9603677786163237	0.9623835400418954	0.9612750549724508	0.9601097709832049	0.9644668831595465	0.9656378836380887	0.9590097020427185	0.968236941140947	0.9661338806483811	0.967346460219966	0.9656658502315798	0.962086453343441	0.9677789502092551	0.9653044727646192	0.9618602118958768	0.9640764206609315	0.9686145021574375	0.9619839138659207	0.9660437420982053	0.9658992853636721	0.9648659225647823	0.962086453343441	0.9624051194417248	0.9612563233999926	0.9628083356705394	0.9643851236324311	0.9620303844166528	1.0
