/home/jshaw/scratch/2022_sketched_distance/references/SGB_genome_fastas_part5/17231/BackhedF_2015__SID179_M__bin.8.fa	/home/jshaw/scratch/2022_sketched_distance/references/SGB_genome_fastas_part5/17231/BackhedF_2015__SID18_B__bin.7.fa	/home/jshaw/scratch/2022_sketched_distance/references/SGB_genome_fastas_part5/17231/KarlssonFH_2013__S530__bin.20.fa	/home/jshaw/scratch/2022_sketched_distance/references/SGB_genome_fastas_part5/17231/LiSS_2016__FAT_017-22-2-0__bin.26.fa	/home/jshaw/scratch/2022_sketched_distance/references/SGB_genome_fastas_part5/17231/LiSS_2016__FAT_017-22-84-0__bin.21.fa	/home/jshaw/scratch/2022_sketched_distance/references/SGB_genome_fastas_part5/17231/LiuW_2016__SRR3992957__bin.14.fa	/home/jshaw/scratch/2022_sketched_distance/references/SGB_genome_fastas_part5/17231/LiuW_2016__SRR3992958__bin.41.fa	/home/jshaw/scratch/2022_sketched_distance/references/SGB_genome_fastas_part5/17231/LiuW_2016__SRR3992960__bin.16.fa	/home/jshaw/scratch/2022_sketched_distance/references/SGB_genome_fastas_part5/17231/LiuW_2016__SRR3992969__bin.30.fa	/home/jshaw/scratch/2022_sketched_distance/references/SGB_genome_fastas_part5/17231/LiuW_2016__SRR3992983__bin.9.fa	/home/jshaw/scratch/2022_sketched_distance/references/SGB_genome_fastas_part5/17231/LiuW_2016__SRR3992997__bin.32.fa	/home/jshaw/scratch/2022_sketched_distance/references/SGB_genome_fastas_part5/17231/LiuW_2016__SRR3993005__bin.74.fa	/home/jshaw/scratch/2022_sketched_distance/references/SGB_genome_fastas_part5/17231/LiuW_2016__SRR3993022__bin.70.fa	/home/jshaw/scratch/2022_sketched_distance/references/SGB_genome_fastas_part5/17231/LiuW_2016__SRR3993041__bin.29.fa	/home/jshaw/scratch/2022_sketched_distance/references/SGB_genome_fastas_part5/17231/LiuW_2016__SRR3993059__bin.61.fa	/home/jshaw/scratch/2022_sketched_distance/references/SGB_genome_fastas_part5/17231/SchirmerM_2016__G88710__bin.17.fa	/home/jshaw/scratch/2022_sketched_distance/references/SGB_genome_fastas_part5/17231/SchirmerM_2016__G88811__bin.13.fa	/home/jshaw/scratch/2022_sketched_distance/references/SGB_genome_fastas_part5/17231/SchirmerM_2016__G88877__bin.15.fa	/home/jshaw/scratch/2022_sketched_distance/references/SGB_genome_fastas_part5/17231/SchirmerM_2016__G88983__bin.24.fa	/home/jshaw/scratch/2022_sketched_distance/references/SGB_genome_fastas_part5/17231/SchirmerM_2016__G89030__bin.5.fa	/home/jshaw/scratch/2022_sketched_distance/references/SGB_genome_fastas_part5/17231/SchirmerM_2016__G89162__bin.18.fa	/home/jshaw/scratch/2022_sketched_distance/references/SGB_genome_fastas_part5/17231/SchirmerM_2016__G89265__bin.19.fa	/home/jshaw/scratch/2022_sketched_distance/references/SGB_genome_fastas_part5/17231/XieH_2016__YSZC12003_37315__bin.39.fa	/home/jshaw/scratch/2022_sketched_distance/references/SGB_genome_fastas_part5/17231/ZeeviD_2015__PNP_DietIntervention_8__bin.58.fa	/home/jshaw/scratch/2022_sketched_distance/references/SGB_genome_fastas_part5/17231/ZeeviD_2015__PNP_Main_116__bin.60.fa	/home/jshaw/scratch/2022_sketched_distance/references/SGB_genome_fastas_part5/17231/ZeeviD_2015__PNP_Main_188__bin.8.fa	/home/jshaw/scratch/2022_sketched_distance/references/SGB_genome_fastas_part5/17231/ZeeviD_2015__PNP_Main_192__bin.25.fa	/home/jshaw/scratch/2022_sketched_distance/references/SGB_genome_fastas_part5/17231/ZeeviD_2015__PNP_Main_247__bin.9.fa	/home/jshaw/scratch/2022_sketched_distance/references/SGB_genome_fastas_part5/17231/ZeeviD_2015__PNP_Main_287__bin.8.fa	/home/jshaw/scratch/2022_sketched_distance/references/SGB_genome_fastas_part5/17231/ZeeviD_2015__PNP_Main_288__bin.1.fa	/home/jshaw/scratch/2022_sketched_distance/references/SGB_genome_fastas_part5/17231/ZeeviD_2015__PNP_Main_392__bin.5.fa	/home/jshaw/scratch/2022_sketched_distance/references/SGB_genome_fastas_part5/17231/ZeeviD_2015__PNP_Main_428__bin.28.fa	/home/jshaw/scratch/2022_sketched_distance/references/SGB_genome_fastas_part5/17231/ZeeviD_2015__PNP_Main_456__bin.26.fa	/home/jshaw/scratch/2022_sketched_distance/references/SGB_genome_fastas_part5/17231/ZeeviD_2015__PNP_Main_578__bin.20.fa	/home/jshaw/scratch/2022_sketched_distance/references/SGB_genome_fastas_part5/17231/ZeeviD_2015__PNP_Main_72__bin.31.fa	/home/jshaw/scratch/2022_sketched_distance/references/SGB_genome_fastas_part5/17231/ZeeviD_2015__PNP_Main_736__bin.25.fa	/home/jshaw/scratch/2022_sketched_distance/references/SGB_genome_fastas_part5/17231/ZeeviD_2015__PNP_Main_740__bin.22.fa	/home/jshaw/scratch/2022_sketched_distance/references/SGB_genome_fastas_part5/17231/ZeeviD_2015__PNP_Main_741__bin.10.fa	/home/jshaw/scratch/2022_sketched_distance/references/SGB_genome_fastas_part5/17231/ZeeviD_2015__PNP_Main_7__bin.37.fa	/home/jshaw/scratch/2022_sketched_distance/references/SGB_genome_fastas_part5/17231/ZellerG_2014__CCIS20795251ST-4-0__bin.18.fa
1.0	0.9819528640037708	0.9790432804380846	0.9804867562120214	0.9675545934078802	0.9785787298297985	0.9808216172140637	0.9790230287288988	0.9766168944901932	0.9807615579313023	0.9791528251057549	0.976879921864903	0.9776104579116185	0.9770694882287413	0.9651555715338698	0.9685850472095271	0.9677474829960301	0.976723070135211	0.9725632739593273	0.9768153074004531	0.9757425064744727	0.9786201233429364	0.980311616379783	0.9764484757241951	0.9776295023947115	0.9763428745305827	0.9804338682267091	0.9718789120929094	0.9756663738472797	0.9785431552079737	0.9808137966678638	0.9764031559489511	0.9792147580591098	0.9796420913375483	0.9772780120349712	0.9773515624089137	0.9712855842574178	0.9804224262987599	0.978383407556944	0.9747081170347842
0.9819528640037708	1.0	0.9822078791692245	0.9855090638141066	0.9753147464158279	0.9853121296360527	0.9898556596314586	0.9865574835497983	0.9827568546408922	0.9885180851442998	0.9847399140614881	0.9816254190015425	0.9842764059365906	0.982068006866085	0.9773652664341475	0.9774811815710699	0.9698383160004977	0.9798627180421563	0.9753854858340295	0.9802251556297458	0.9756564385747852	0.9837868067761443	0.9870889316297088	0.9823418230934086	0.9795939442749485	0.9766560695852818	0.9872183102290848	0.980623898176571	0.9845343125061177	0.9795929576351535	0.9869275802473787	0.9843588451892634	0.9846545194135952	0.984444288326699	0.9849419585747723	0.9835905704840808	0.9779151007327506	0.9815516458804394	0.984973730604433	0.9769565544793952
0.9790432804380846	0.9822078791692245	1.0	0.9812288276583787	0.9634816749286035	0.9810886756933298	0.9821793958562761	0.9795345479647695	0.9786109375635427	0.9804809288148297	0.9804192347391414	0.9796285897564178	0.9793628227959171	0.9803824974533777	0.9584537100714778	0.9653014940240682	0.9692923755034719	0.9774070456870041	0.9787512957042813	0.9788648867884653	0.97635578168075	0.9836863089616315	0.9802174315127177	0.9789321913851864	0.9819693590514141	0.9815740489390629	0.9813213795723543	0.9714266115858664	0.9774243472019727	0.984502001931019	0.9821951522669189	0.9772615837113573	0.9820702161317532	0.9851826662463561	0.982063927933661	0.9772164925743648	0.9766145424887749	0.9842347636587052	0.9817059967133276	0.9827747031993406
0.9804867562120214	0.9855090638141066	0.9812288276583787	1.0	0.9852219238536923	0.9838280335155372	0.9867778434192515	0.9853861731735203	0.9831430405273949	0.9864515687696569	0.9854786051430952	0.9834848489601784	0.9854330269380444	0.9832915463504266	0.9746011011670834	0.9777879200822605	0.9718456374568305	0.9818335335851625	0.9770025063535421	0.980967888366953	0.9781024235354537	0.9846320932866145	0.9841891547766339	0.9808060996732333	0.9776156724292229	0.9751250022690067	0.9841918047309962	0.9778766618387857	0.982965629395199	0.9801747477668276	0.9838443941472118	0.9817100486013693	0.9830732712508272	0.9819789367769054	0.98200201539128	0.981398898161991	0.9767243016314558	0.979850026781571	0.9837139733207978	0.9781459800862032
0.9675545934078802	0.9753147464158279	0.9634816749286035	0.9852219238536923	1.0	0.9744212655327851	0.977460362688878	0.977514739223603	0.976569368554943	0.9774709571210409	0.9773639595462017	0.9732376053587176	0.975858766772302	0.9744281736853463	0.981589100787413	0.9840741724259006	0.9601329395255139	0.9696389763726638	0.9665447125211877	0.9703224877137505	0.9631919631313459	0.9729162130889498	0.973102734573487	0.9752661848010516	0.9419314842671782	0.9501684805971559	0.9720264174535999	0.9816560564256038	0.9775933076946369	0.9573551130971063	0.9696472340776036	0.9757363859899318	0.9717259549061834	0.9634205475659087	0.9739298804921881	0.9714032001953175	0.9692471757171359	0.9626579994195245	0.9744937256177928	0.9652894856199975
0.9785787298297985	0.9853121296360527	0.9810886756933298	0.9838280335155372	0.9744212655327851	1.0	0.9883077272747772	0.9874747586618655	0.984491930591171	0.9878928242310635	0.9866067758368751	0.9849940310397333	0.9846466792493179	0.9850983817096916	0.9750908356756357	0.9751812547884514	0.9711494004726006	0.9810913118663344	0.9776144135430648	0.9794147222552284	0.9769828452759681	0.9829668519045063	0.9841706173545713	0.9803702656207169	0.9779371802557386	0.9780637688785893	0.9838340875986674	0.9785030695266574	0.9830627035728302	0.9803392058058289	0.9830942486339943	0.9808141840442617	0.9827437900987882	0.9827325580643191	0.9824534300874384	0.9813441681944617	0.977056525793224	0.9806743730030717	0.9845527352721678	0.9789269562391362
0.9808216172140637	0.9898556596314586	0.9821793958562761	0.9867778434192515	0.977460362688878	0.9883077272747772	1.0	0.9902722908641529	0.9854102228865587	0.9905569579390611	0.9884722097175216	0.9854790767350888	0.9869422144936248	0.9846603739120285	0.9796231119304086	0.9796635202860666	0.9725285268244614	0.9816278211415299	0.9771347323482926	0.9802124925791252	0.9772666134082728	0.9844109369757784	0.9862843927807731	0.9820321758846089	0.9794089528150874	0.9773870116466596	0.9869363011059639	0.9806371477024924	0.987272348261543	0.9813699522644883	0.9865810889895791	0.9838378681243637	0.9848971422784168	0.9842016778057256	0.9847989270313132	0.9837294409674975	0.9785027137816729	0.9812603881380125	0.9860263961773121	0.9784625575185952
0.9790230287288988	0.9865574835497983	0.9795345479647695	0.9853861731735203	0.977514739223603	0.9874747586618655	0.9902722908641529	1.0	0.9850122826148034	0.988635223272962	0.9912855873463587	0.9888697421464808	0.9859733800779283	0.9840461953976709	0.9789858112163912	0.9794431281478942	0.9722884331363659	0.9807167494102609	0.9761058262667238	0.9797816910326456	0.9772667040006151	0.9829002490893393	0.9849294244404571	0.9808890146848754	0.9742366966773426	0.9758409374796895	0.9846332250590242	0.9813472406897261	0.9862451970833117	0.9788577144611232	0.98375079963456	0.9830598509678803	0.9836600797345734	0.9802953304296917	0.9827590044269329	0.9821904464004535	0.9776551861147322	0.9799658041497571	0.9849850546203321	0.9784165904836752
0.9766168944901932	0.9827568546408922	0.9786109375635427	0.9831430405273949	0.976569368554943	0.984491930591171	0.9854102228865587	0.9850122826148034	1.0	0.9859987322867105	0.985019769881191	0.9836381837547223	0.9848576639907094	0.9839656357548923	0.978386206020631	0.9763916481738822	0.9705625918603198	0.9785319657432289	0.9778772563032874	0.9782352473330221	0.9755685471708311	0.9824575278593085	0.9823536099675874	0.9798380940706805	0.970874792910441	0.9719873075247908	0.9810658210209791	0.97969190082693	0.9822848049925361	0.9763796195114249	0.9795385346731944	0.9812556272091286	0.9799858552643808	0.9785445968051006	0.9819008201518186	0.9790211782059238	0.9761045454896462	0.9772018551446247	0.984599046809367	0.9768538977505833
0.9807615579313023	0.9885180851442998	0.9804809288148297	0.9864515687696569	0.9774709571210409	0.9878928242310635	0.9905569579390611	0.988635223272962	0.9859987322867105	1.0	0.9869309311244797	0.9842302135055992	0.9865216174806447	0.9873223069826735	0.9883062287967032	0.978994957447215	0.9711657729272279	0.9816424034217482	0.977184411281355	0.9804397914994464	0.9771460470958638	0.9842734863650724	0.9868110391029905	0.9812756783537202	0.9764404396613988	0.9769633356918129	0.9867706991193437	0.9809615052642063	0.9862574049129691	0.9799476981233843	0.9852902888798999	0.984147944239373	0.9843544346829715	0.9826354153008487	0.9825823102880124	0.9834228441738213	0.9766126221483987	0.9811648341334229	0.9853254872040891	0.9782152571794982
0.9791528251057549	0.9847399140614881	0.9804192347391414	0.9854786051430952	0.9773639595462017	0.9866067758368751	0.9884722097175216	0.9912855873463587	0.985019769881191	0.9869309311244797	1.0	0.9911183387993298	0.9863015337144871	0.9850502328000478	0.9773077134141079	0.9780847917540239	0.9711597665621636	0.9794220152865685	0.9776376489225795	0.9810316686285331	0.9778651441102605	0.9827530594985409	0.9834695735138209	0.9807954411463968	0.974551831371814	0.9753823563558172	0.9835790280643633	0.9794238249659656	0.9835299823766658	0.9783498344819381	0.9813283616642815	0.9822639720994728	0.9821255056906724	0.9802107476746146	0.9823417330469071	0.981716539321304	0.9769973775239575	0.9785796900140651	0.9839568421708199	0.9777555723081094
0.976879921864903	0.9816254190015425	0.9796285897564178	0.9834848489601784	0.9732376053587176	0.9849940310397333	0.9854790767350888	0.9888697421464808	0.9836381837547223	0.9842302135055992	0.9911183387993298	1.0	0.9840017422623343	0.9836953570174368	0.9724100310764161	0.9738535105360199	0.9698140698536387	0.9781933668020647	0.9755714812710249	0.9786987526719363	0.9761942671887341	0.9812526500697851	0.9807641846693591	0.9791751590447919	0.9750037939562629	0.9744480021358968	0.980220608919985	0.9755747847193108	0.9810623751879517	0.9771161739808234	0.9799133594221203	0.979072948472092	0.9805962520319415	0.9798464443353431	0.9804028247329474	0.9778486826994431	0.9755008130455003	0.9782437054108194	0.9821995409188272	0.9777317393475451
0.9776104579116185	0.9842764059365906	0.9793628227959171	0.9854330269380444	0.975858766772302	0.9846466792493179	0.9869422144936248	0.9859733800779283	0.9848576639907094	0.9865216174806447	0.9863015337144871	0.9840017422623343	1.0	0.9849487589326269	0.9753932222595226	0.9759986967266395	0.9701189854579202	0.9793416367665588	0.975240848876244	0.9791946208562347	0.9767757762901016	0.9823468856976735	0.9826076680853952	0.9796932498541558	0.9739118378832831	0.9735411377865745	0.9828252780200674	0.9772532866211303	0.9825566007138244	0.9776749245496896	0.9817865427269284	0.9802984746956657	0.9819018191132349	0.9798386147018007	0.9802669908485253	0.9798853971310956	0.9748490716884036	0.9778885363354327	0.9823591041820784	0.9758006269885372
0.9770694882287413	0.982068006866085	0.9803824974533777	0.9832915463504266	0.9744281736853463	0.9850983817096916	0.9846603739120285	0.9840461953976709	0.9839656357548923	0.9873223069826735	0.9850502328000478	0.9836953570174368	0.9849487589326269	1.0	0.9754261576172619	0.9752507682184305	0.9703518562203791	0.9796192965544649	0.9764511322066106	0.9789668350708826	0.9776466473968803	0.981972334603061	0.9807413489598975	0.9790888386493976	0.9741670206186028	0.9762293099744955	0.981423245138806	0.9767317201889035	0.980923947790649	0.9791604573199036	0.9798444471393956	0.9787203983694592	0.9807341533858797	0.98028647340641	0.9798241617996345	0.9789905831562972	0.9747221217600841	0.9789952845820817	0.9815850778576397	0.978563827729471
0.9651555715338698	0.9773652664341475	0.9584537100714778	0.9746011011670834	0.981589100787413	0.9750908356756357	0.9796231119304086	0.9789858112163912	0.978386206020631	0.9883062287967032	0.9773077134141079	0.9724100310764161	0.9753932222595226	0.9754261576172619	1.0	0.9827955844287881	0.9544332426213408	0.9646347355409263	0.960139214152171	0.9661590036028507	0.9616700095188656	0.9688398307233468	0.9741583292114192	0.9726403674846824	0.935331783827	0.9441367546464348	0.9729952800442182	0.982341553163458	0.9789515590852924	0.9514454352414821	0.9690641613532254	0.9757145906283259	0.969544917116296	0.9595784840891282	0.9716200665780966	0.971863210202024	0.9659896757318195	0.9622003585570025	0.973547119943463	0.9597107249150837
0.9685850472095271	0.9774811815710699	0.9653014940240682	0.9777879200822605	0.9840741724259006	0.9751812547884514	0.9796635202860666	0.9794431281478942	0.9763916481738822	0.978994957447215	0.9780847917540239	0.9738535105360199	0.9759986967266395	0.9752507682184305	0.9827955844287881	1.0	0.9594245428249367	0.9714707636450642	0.9672970093537102	0.9704841985561442	0.9640433349728889	0.9737904673784457	0.9740489891378453	0.9764133446458825	0.9496485120232985	0.9577826023174799	0.9737092084401674	0.9836518046110296	0.980302110299619	0.9616047674947259	0.971432215900947	0.9771915686954321	0.9724217014008856	0.9657520216085758	0.974977714921056	0.9726709497218481	0.9711983626399936	0.9659025539705604	0.9762152901182476	0.9673289136157149
0.9677474829960301	0.9698383160004977	0.9692923755034719	0.9718456374568305	0.9601329395255139	0.9711494004726006	0.9725285268244614	0.9722884331363659	0.9705625918603198	0.9711657729272279	0.9711597665621636	0.9698140698536387	0.9701189854579202	0.9703518562203791	0.9544332426213408	0.9594245428249367	1.0	0.9714943969945294	0.9666250405784048	0.9680136858415836	0.965776371042731	0.9711531141167284	0.9689551286301227	0.9657117936063003	0.9679542159502899	0.9675282841266793	0.9704376271338097	0.9622497716463161	0.9688556430954538	0.970066118878262	0.9702851515585688	0.9669477017216944	0.971394035447	0.9714216208837867	0.9682394649573939	0.9666060522551245	0.9610984806290476	0.9690744581775554	0.9707809238924935	0.9696561910062672
0.976723070135211	0.9798627180421563	0.9774070456870041	0.9818335335851625	0.9696389763726638	0.9810913118663344	0.9816278211415299	0.9807167494102609	0.9785319657432289	0.9816424034217482	0.9794220152865685	0.9781933668020647	0.9793416367665588	0.9796192965544649	0.9646347355409263	0.9714707636450642	0.9714943969945294	1.0	0.9735588781613321	0.9769385344799335	0.9759455409604972	0.9807935958190457	0.9796680767022811	0.9748716231209638	0.9769975936641365	0.9761038839615044	0.9795381633054377	0.9721850020428272	0.9777251333319917	0.9792664544497438	0.9799454051059279	0.9767792212294574	0.9803955677846539	0.9798794553412599	0.9775858254000718	0.9766610804706342	0.9722587441517078	0.9779865065124113	0.9795727729074564	0.9765410746762444
0.9725632739593273	0.9753854858340295	0.9787512957042813	0.9770025063535421	0.9665447125211877	0.9776144135430648	0.9771347323482926	0.9761058262667238	0.9778772563032874	0.977184411281355	0.9776376489225795	0.9755714812710249	0.975240848876244	0.9764511322066106	0.960139214152171	0.9672970093537102	0.9666250405784048	0.9735588781613321	1.0	0.9730265765845401	0.9710021125784692	0.9799237421246539	0.9762183259873237	0.9770356163025758	0.9751173602559303	0.9758275337509628	0.9764818853873435	0.9709255536353629	0.9750939598066487	0.9788809774592448	0.9767928682769559	0.9768547350522496	0.9756177502373196	0.9820748675424542	0.9818555929677761	0.9722023303805949	0.9804586325083013	0.9753426696738936	0.9803391176965519	0.980885146949283
0.9768153074004531	0.9802251556297458	0.9788648867884653	0.980967888366953	0.9703224877137505	0.9794147222552284	0.9802124925791252	0.9797816910326456	0.9782352473330221	0.9804397914994464	0.9810316686285331	0.9786987526719363	0.9791946208562347	0.9789668350708826	0.9661590036028507	0.9704841985561442	0.9680136858415836	0.9769385344799335	0.9730265765845401	1.0	0.9742600240078882	0.9802275236175549	0.9794010640147085	0.9776132820408949	0.9741162612245082	0.9738164125815771	0.9807307853347769	0.9724244083810082	0.9777634491632418	0.9767909636615575	0.9793815276941671	0.9761855989043147	0.9792465678176457	0.9787065473771908	0.9780320579764815	0.9760439649510334	0.974094579264446	0.9775952474376777	0.9780845190142907	0.9749654242894814
0.9757425064744727	0.9756564385747852	0.97635578168075	0.9781024235354537	0.9631919631313459	0.9769828452759681	0.9772666134082728	0.9772667040006151	0.9755685471708311	0.9771460470958638	0.9778651441102605	0.9761942671887341	0.9767757762901016	0.9776466473968803	0.9616700095188656	0.9640433349728889	0.965776371042731	0.9759455409604972	0.9710021125784692	0.9742600240078882	1.0	0.9763649355289565	0.9766107295570492	0.9732205278796229	0.9736812166050729	0.9808882403386289	0.975302957994567	0.9681145937817502	0.9734343969698993	0.9761752259839864	0.9757080545346896	0.9739016399095981	0.9747525162905523	0.9766350617455946	0.9737891491319283	0.9815010258222144	0.9690053624362005	0.9762559297267294	0.9761781097762804	0.9743392725243933
0.9786201233429364	0.9837868067761443	0.9836863089616315	0.9846320932866145	0.9729162130889498	0.9829668519045063	0.9844109369757784	0.9829002490893393	0.9824575278593085	0.9842734863650724	0.9827530594985409	0.9812526500697851	0.9823468856976735	0.981972334603061	0.9688398307233468	0.9737904673784457	0.9711531141167284	0.9807935958190457	0.9799237421246539	0.9802275236175549	0.9763649355289565	1.0	0.9829360762541705	0.981148431959892	0.9779255252645328	0.977626391875993	0.9835999987723756	0.9764830131664327	0.9799694458085779	0.9823170644447315	0.9838475534267757	0.9805129359885781	0.9825684515293783	0.9842005183297793	0.9839854306940661	0.9793224184955347	0.9787394427286616	0.9814344012963628	0.9843162093180429	0.9800525374521042
0.980311616379783	0.9870889316297088	0.9802174315127177	0.9841891547766339	0.973102734573487	0.9841706173545713	0.9862843927807731	0.9849294244404571	0.9823536099675874	0.9868110391029905	0.9834695735138209	0.9807641846693591	0.9826076680853952	0.9807413489598975	0.9741583292114192	0.9740489891378453	0.9689551286301227	0.9796680767022811	0.9762183259873237	0.9794010640147085	0.9766107295570492	0.9829360762541705	1.0	0.9799740827758774	0.9787875957304867	0.9770968958936379	0.9856338654312403	0.9769860387395909	0.9827700101868287	0.9791523739186013	0.9843926151802815	0.9841876909516478	0.9835912202237765	0.9835326597741985	0.9827973313866306	0.9826613668421587	0.9785071837969325	0.9822138211827289	0.9842136313578317	0.977208413196047
0.9764484757241951	0.9823418230934086	0.9789321913851864	0.9808060996732333	0.9752661848010516	0.9803702656207169	0.9820321758846089	0.9808890146848754	0.9798380940706805	0.9812756783537202	0.9807954411463968	0.9791751590447919	0.9796932498541558	0.9790888386493976	0.9726403674846824	0.9764133446458825	0.9657117936063003	0.9748716231209638	0.9770356163025758	0.9776132820408949	0.9732205278796229	0.981148431959892	0.9799740827758774	1.0	0.974354183927122	0.9721541203973738	0.9805679303007937	0.9800905967190405	0.9804985537008261	0.9765660612090642	0.9802306410707694	0.9803584766357495	0.9804040087795785	0.9795974775518171	0.9842916209023987	0.9769091641061451	0.979345532117657	0.978416321935283	0.9819195158796179	0.97816650531114
0.9776295023947115	0.9795939442749485	0.9819693590514141	0.9776156724292229	0.9419314842671782	0.9779371802557386	0.9794089528150874	0.9742366966773426	0.970874792910441	0.9764404396613988	0.974551831371814	0.9750037939562629	0.9739118378832831	0.9741670206186028	0.935331783827	0.9496485120232985	0.9679542159502899	0.9769975936641365	0.9751173602559303	0.9741162612245082	0.9736812166050729	0.9779255252645328	0.9787875957304867	0.974354183927122	1.0	0.9835541178187565	0.9797189780594733	0.9564786072859598	0.9719153076789456	0.9849061902793738	0.9841696648822902	0.9717094600356591	0.9789222058499145	0.9902575753936838	0.9785121450897755	0.9737599938895148	0.9701155889438275	0.980805971732308	0.9761673341955805	0.978979838252254
0.9763428745305827	0.9766560695852818	0.9815740489390629	0.9751250022690067	0.9501684805971559	0.9780637688785893	0.9773870116466596	0.9758409374796895	0.9719873075247908	0.9769633356918129	0.9753823563558172	0.9744480021358968	0.9735411377865745	0.9762293099744955	0.9441367546464348	0.9577826023174799	0.9675282841266793	0.9761038839615044	0.9758275337509628	0.9738164125815771	0.9808882403386289	0.977626391875993	0.9770968958936379	0.9721541203973738	0.9835541178187565	1.0	0.976785249378247	0.9632015596648795	0.9735950830649988	0.9842505905100966	0.9785109397326297	0.9740527345457123	0.9779614188484167	0.9826392055864643	0.9755876847414572	0.9811310516592749	0.9710870660783908	0.9805801244635455	0.9773573387677326	0.9799119810790313
0.9804338682267091	0.9872183102290848	0.9813213795723543	0.9841918047309962	0.9720264174535999	0.9838340875986674	0.9869363011059639	0.9846332250590242	0.9810658210209791	0.9867706991193437	0.9835790280643633	0.980220608919985	0.9828252780200674	0.981423245138806	0.9729952800442182	0.9737092084401674	0.9704376271338097	0.9795381633054377	0.9764818853873435	0.9807307853347769	0.975302957994567	0.9835999987723756	0.9856338654312403	0.9805679303007937	0.9797189780594733	0.976785249378247	1.0	0.9774606072610909	0.9825768670207781	0.9807008840928361	0.9851598870907633	0.9826556562601979	0.9891309980738654	0.9834822754574494	0.98539134987376	0.9814962214484165	0.976648718596421	0.9812463059739376	0.9837913176459668	0.9772008237889861
0.9718789120929094	0.980623898176571	0.9714266115858664	0.9778766618387857	0.9816560564256038	0.9785030695266574	0.9806371477024924	0.9813472406897261	0.97969190082693	0.9809615052642063	0.9794238249659656	0.9755747847193108	0.9772532866211303	0.9767317201889035	0.982341553163458	0.9836518046110296	0.9622497716463161	0.9721850020428272	0.9709255536353629	0.9724244083810082	0.9681145937817502	0.9764830131664327	0.9769860387395909	0.9800905967190405	0.9564786072859598	0.9632015596648795	0.9774606072610909	1.0	0.9805947729166403	0.9670265773512705	0.9761654830755799	0.9803242138966481	0.9772504624492269	0.971060310928643	0.9802431775322926	0.975356107885138	0.9750405796157605	0.9719869934745654	0.9805260046490663	0.9727871883720841
0.9756663738472797	0.9845343125061177	0.9774243472019727	0.982965629395199	0.9775933076946369	0.9830627035728302	0.987272348261543	0.9862451970833117	0.9822848049925361	0.9862574049129691	0.9835299823766658	0.9810623751879517	0.9825566007138244	0.980923947790649	0.9789515590852924	0.980302110299619	0.9688556430954538	0.9777251333319917	0.9750939598066487	0.9777634491632418	0.9734343969698993	0.9799694458085779	0.9827700101868287	0.9804985537008261	0.9719153076789456	0.9735950830649988	0.9825768670207781	0.9805947729166403	1.0	0.9761181592113222	0.980855143849131	0.9835832219953806	0.9823571397420341	0.9782658935215454	0.9815073666322393	0.9804188803235035	0.977522037803603	0.9776351959759468	0.9847888943096711	0.9792319924966464
0.9785431552079737	0.9795929576351535	0.984502001931019	0.9801747477668276	0.9573551130971063	0.9803392058058289	0.9813699522644883	0.9788577144611232	0.9763796195114249	0.9799476981233843	0.9783498344819381	0.9771161739808234	0.9776749245496896	0.9791604573199036	0.9514454352414821	0.9616047674947259	0.970066118878262	0.9792664544497438	0.9788809774592448	0.9767909636615575	0.9761752259839864	0.9823170644447315	0.9791523739186013	0.9765660612090642	0.9849061902793738	0.9842505905100966	0.9807008840928361	0.9670265773512705	0.9761181592113222	1.0	0.9816085045051792	0.9763595077542632	0.9813464077002444	0.9849429077874624	0.9790364192756331	0.9758812632585039	0.9744863224571993	0.981971807379629	0.981114501767151	0.9824990003726005
0.9808137966678638	0.9869275802473787	0.9821951522669189	0.9838443941472118	0.9696472340776036	0.9830942486339943	0.9865810889895791	0.98375079963456	0.9795385346731944	0.9852902888798999	0.9813283616642815	0.9799133594221203	0.9817865427269284	0.9798444471393956	0.9690641613532254	0.971432215900947	0.9702851515585688	0.9799454051059279	0.9767928682769559	0.9793815276941671	0.9757080545346896	0.9838475534267757	0.9843926151802815	0.9802306410707694	0.9841696648822902	0.9785109397326297	0.9851598870907633	0.9761654830755799	0.980855143849131	0.9816085045051792	1.0	0.9809987435035146	0.9828204635201153	0.9870899906774957	0.9842514881923409	0.9808432512360632	0.9774841940099308	0.981868532817178	0.9829954022276897	0.9781123265650944
0.9764031559489511	0.9843588451892634	0.9772615837113573	0.9817100486013693	0.9757363859899318	0.9808141840442617	0.9838378681243637	0.9830598509678803	0.9812556272091286	0.984147944239373	0.9822639720994728	0.979072948472092	0.9802984746956657	0.9787203983694592	0.9757145906283259	0.9771915686954321	0.9669477017216944	0.9767792212294574	0.9768547350522496	0.9761855989043147	0.9739016399095981	0.9805129359885781	0.9841876909516478	0.9803584766357495	0.9717094600356591	0.9740527345457123	0.9826556562601979	0.9803242138966481	0.9835832219953806	0.9763595077542632	0.9809987435035146	1.0	0.9808197010116526	0.9774682283152808	0.9826618560847546	0.9804042083077531	0.9778395321293712	0.977203923327941	0.984799838358976	0.97655389524767
0.9792147580591098	0.9846545194135952	0.9820702161317532	0.9830732712508272	0.9717259549061834	0.9827437900987882	0.9848971422784168	0.9836600797345734	0.9799858552643808	0.9843544346829715	0.9821255056906724	0.9805962520319415	0.9819018191132349	0.9807341533858797	0.969544917116296	0.9724217014008856	0.971394035447	0.9803955677846539	0.9756177502373196	0.9792465678176457	0.9747525162905523	0.9825684515293783	0.9835912202237765	0.9804040087795785	0.9789222058499145	0.9779614188484167	0.9891309980738654	0.9772504624492269	0.9823571397420341	0.9813464077002444	0.9828204635201153	0.9808197010116526	1.0	0.9829550805592375	0.984682841575917	0.9794241941282438	0.974761554689233	0.9818829297293459	0.9828572688091066	0.9799170342555122
0.9796420913375483	0.984444288326699	0.9851826662463561	0.9819789367769054	0.9634205475659087	0.9827325580643191	0.9842016778057256	0.9802953304296917	0.9785445968051006	0.9826354153008487	0.9802107476746146	0.9798464443353431	0.9798386147018007	0.98028647340641	0.9595784840891282	0.9657520216085758	0.9714216208837867	0.9798794553412599	0.9820748675424542	0.9787065473771908	0.9766350617455946	0.9842005183297793	0.9835326597741985	0.9795974775518171	0.9902575753936838	0.9826392055864643	0.9834822754574494	0.971060310928643	0.9782658935215454	0.9849429077874624	0.9870899906774957	0.9774682283152808	0.9829550805592375	1.0	0.9850815498661293	0.9782143572660132	0.9771186110890887	0.9830833953535196	0.9822673926197713	0.9839469976263006
0.9772780120349712	0.9849419585747723	0.982063927933661	0.98200201539128	0.9739298804921881	0.9824534300874384	0.9847989270313132	0.9827590044269329	0.9819008201518186	0.9825823102880124	0.9823417330469071	0.9804028247329474	0.9802669908485253	0.9798241617996345	0.9716200665780966	0.974977714921056	0.9682394649573939	0.9775858254000718	0.9818555929677761	0.9780320579764815	0.9737891491319283	0.9839854306940661	0.9827973313866306	0.9842916209023987	0.9785121450897755	0.9755876847414572	0.98539134987376	0.9802431775322926	0.9815073666322393	0.9790364192756331	0.9842514881923409	0.9826618560847546	0.984682841575917	0.9850815498661293	1.0	0.9785110932817946	0.9825014777764912	0.9806488877826915	0.9854957377936974	0.979633340752282
0.9773515624089137	0.9835905704840808	0.9772164925743648	0.981398898161991	0.9714032001953175	0.9813441681944617	0.9837294409674975	0.9821904464004535	0.9790211782059238	0.9834228441738213	0.981716539321304	0.9778486826994431	0.9798853971310956	0.9789905831562972	0.971863210202024	0.9726709497218481	0.9666060522551245	0.9766610804706342	0.9722023303805949	0.9760439649510334	0.9815010258222144	0.9793224184955347	0.9826613668421587	0.9769091641061451	0.9737599938895148	0.9811310516592749	0.9814962214484165	0.975356107885138	0.9804188803235035	0.9758812632585039	0.9808432512360632	0.9804042083077531	0.9794241941282438	0.9782143572660132	0.9785110932817946	1.0	0.9743509487628187	0.9776195770853034	0.9811434244461111	0.9730453434053383
0.9712855842574178	0.9779151007327506	0.9766145424887749	0.9767243016314558	0.9692471757171359	0.977056525793224	0.9785027137816729	0.9776551861147322	0.9761045454896462	0.9766126221483987	0.9769973775239575	0.9755008130455003	0.9748490716884036	0.9747221217600841	0.9659896757318195	0.9711983626399936	0.9610984806290476	0.9722587441517078	0.9804586325083013	0.974094579264446	0.9690053624362005	0.9787394427286616	0.9785071837969325	0.979345532117657	0.9701155889438275	0.9710870660783908	0.976648718596421	0.9750405796157605	0.977522037803603	0.9744863224571993	0.9774841940099308	0.9778395321293712	0.974761554689233	0.9771186110890887	0.9825014777764912	0.9743509487628187	1.0	0.9744889737207838	0.9798709715410374	0.976177635745785
0.9804224262987599	0.9815516458804394	0.9842347636587052	0.979850026781571	0.9626579994195245	0.9806743730030717	0.9812603881380125	0.9799658041497571	0.9772018551446247	0.9811648341334229	0.9785796900140651	0.9782437054108194	0.9778885363354327	0.9789952845820817	0.9622003585570025	0.9659025539705604	0.9690744581775554	0.9779865065124113	0.9753426696738936	0.9775952474376777	0.9762559297267294	0.9814344012963628	0.9822138211827289	0.978416321935283	0.980805971732308	0.9805801244635455	0.9812463059739376	0.9719869934745654	0.9776351959759468	0.981971807379629	0.981868532817178	0.977203923327941	0.9818829297293459	0.9830833953535196	0.9806488877826915	0.9776195770853034	0.9744889737207838	1.0	0.9809275411125659	0.9798718232191264
0.978383407556944	0.984973730604433	0.9817059967133276	0.9837139733207978	0.9744937256177928	0.9845527352721678	0.9860263961773121	0.9849850546203321	0.984599046809367	0.9853254872040891	0.9839568421708199	0.9821995409188272	0.9823591041820784	0.9815850778576397	0.973547119943463	0.9762152901182476	0.9707809238924935	0.9795727729074564	0.9803391176965519	0.9780845190142907	0.9761781097762804	0.9843162093180429	0.9842136313578317	0.9819195158796179	0.9761673341955805	0.9773573387677326	0.9837913176459668	0.9805260046490663	0.9847888943096711	0.981114501767151	0.9829954022276897	0.984799838358976	0.9828572688091066	0.9822673926197713	0.9854957377936974	0.9811434244461111	0.9798709715410374	0.9809275411125659	1.0	0.9807241762581862
0.9747081170347842	0.9769565544793952	0.9827747031993406	0.9781459800862032	0.9652894856199975	0.9789269562391362	0.9784625575185952	0.9784165904836752	0.9768538977505833	0.9782152571794982	0.9777555723081094	0.9777317393475451	0.9758006269885372	0.978563827729471	0.9597107249150837	0.9673289136157149	0.9696561910062672	0.9765410746762444	0.980885146949283	0.9749654242894814	0.9743392725243933	0.9800525374521042	0.977208413196047	0.97816650531114	0.978979838252254	0.9799119810790313	0.9772008237889861	0.9727871883720841	0.9792319924966464	0.9824990003726005	0.9781123265650944	0.97655389524767	0.9799170342555122	0.9839469976263006	0.979633340752282	0.9730453434053383	0.976177635745785	0.9798718232191264	0.9807241762581862	1.0
