/home/jshaw/scratch/2022_sketched_distance/references/SGB_genome_fastas_part4/6533/Bengtsson-PalmeJ_2015__TRAVELRES35__bin.52.fa	/home/jshaw/scratch/2022_sketched_distance/references/SGB_genome_fastas_part4/6533/BritoIL_2016__W1.11.ST__bin.39.fa	/home/jshaw/scratch/2022_sketched_distance/references/SGB_genome_fastas_part4/6533/BritoIL_2016__W2.44.ST__bin.2.fa	/home/jshaw/scratch/2022_sketched_distance/references/SGB_genome_fastas_part4/6533/BritoIL_2016__W2.4.ST__bin.34.fa	/home/jshaw/scratch/2022_sketched_distance/references/SGB_genome_fastas_part4/6533/BritoIL_2016__WL.35.ST__bin.27.fa	/home/jshaw/scratch/2022_sketched_distance/references/SGB_genome_fastas_part4/6533/BritoIL_2016__WL.5.ST__bin.18.fa	/home/jshaw/scratch/2022_sketched_distance/references/SGB_genome_fastas_part4/6533/FengQ_2015__SID31009__bin.69.fa	/home/jshaw/scratch/2022_sketched_distance/references/SGB_genome_fastas_part4/6533/HMP_2012__SRS011134__bin.62.fa	/home/jshaw/scratch/2022_sketched_distance/references/SGB_genome_fastas_part4/6533/HMP_2012__SRS011586__bin.30.fa	/home/jshaw/scratch/2022_sketched_distance/references/SGB_genome_fastas_part4/6533/HMP_2012__SRS022609__bin.55.fa	/home/jshaw/scratch/2022_sketched_distance/references/SGB_genome_fastas_part4/6533/HMP_2012__SRS055982__bin.27.fa	/home/jshaw/scratch/2022_sketched_distance/references/SGB_genome_fastas_part4/6533/LeChatelierE_2013__MH0117__bin.29.fa	/home/jshaw/scratch/2022_sketched_distance/references/SGB_genome_fastas_part4/6533/LeChatelierE_2013__MH0137__bin.2.fa	/home/jshaw/scratch/2022_sketched_distance/references/SGB_genome_fastas_part4/6533/LiJ_2014__MH0346__bin.54.fa	/home/jshaw/scratch/2022_sketched_distance/references/SGB_genome_fastas_part4/6533/LiJ_2014__V1.CD4-0-PN__bin.30.fa	/home/jshaw/scratch/2022_sketched_distance/references/SGB_genome_fastas_part4/6533/LoombaR_2017__SID1009_aai__bin.30.fa	/home/jshaw/scratch/2022_sketched_distance/references/SGB_genome_fastas_part4/6533/NielsenHB_2014__V1_UC10_0__bin.17.fa	/home/jshaw/scratch/2022_sketched_distance/references/SGB_genome_fastas_part4/6533/QinJ_2012__NLM004__bin.41.fa	/home/jshaw/scratch/2022_sketched_distance/references/SGB_genome_fastas_part4/6533/QinJ_2012__T2D-012__bin.17.fa	/home/jshaw/scratch/2022_sketched_distance/references/SGB_genome_fastas_part4/6533/QinJ_2012__T2D-042__bin.53.fa	/home/jshaw/scratch/2022_sketched_distance/references/SGB_genome_fastas_part4/6533/RaymondF_2016__P25C7__bin.100.fa	/home/jshaw/scratch/2022_sketched_distance/references/SGB_genome_fastas_part4/6533/XieH_2016__YSZC12003_35658__bin.68.fa	/home/jshaw/scratch/2022_sketched_distance/references/SGB_genome_fastas_part4/6533/XieH_2016__YSZC12003_35666__bin.97.fa	/home/jshaw/scratch/2022_sketched_distance/references/SGB_genome_fastas_part4/6533/XieH_2016__YSZC12003_35697__bin.54.fa	/home/jshaw/scratch/2022_sketched_distance/references/SGB_genome_fastas_part4/6533/XieH_2016__YSZC12003_35698__bin.37.fa	/home/jshaw/scratch/2022_sketched_distance/references/SGB_genome_fastas_part4/6533/XieH_2016__YSZC12003_36703__bin.13.fa	/home/jshaw/scratch/2022_sketched_distance/references/SGB_genome_fastas_part4/6533/XieH_2016__YSZC12003_37316__bin.112.fa	/home/jshaw/scratch/2022_sketched_distance/references/SGB_genome_fastas_part4/6533/YuJ_2015__SZAXPI015255-46__bin.60.fa	/home/jshaw/scratch/2022_sketched_distance/references/SGB_genome_fastas_part4/6533/YuJ_2015__SZAXPI017454-20__bin.20.fa	/home/jshaw/scratch/2022_sketched_distance/references/SGB_genome_fastas_part4/6533/ZeeviD_2015__PNP_Main_517__bin.12.fa	/home/jshaw/scratch/2022_sketched_distance/references/SGB_genome_fastas_part4/6533/ZeeviD_2015__PNP_Main_536__bin.21.fa	/home/jshaw/scratch/2022_sketched_distance/references/SGB_genome_fastas_part4/6533/ZellerG_2014__CCIS32452666ST-4-0__bin.6.fa
1.0	0.9842002395227801	0.9849925962221671	0.9761367125580358	0.9848277338749181	0.9812971313878838	0.9981041093653463	0.9723422757082661	0.9965896700380201	0.9915959670556914	0.9836918110210887	0.9842762624886021	0.9788926471128285	0.9863333791378177	0.9856747752602217	0.9820185458833456	0.9799523794186671	0.9784750634578185	0.9847877037013021	0.9768401576171273	0.9842123138570039	0.9964305267841074	0.9897923429107557	0.9898230512207695	0.9879927054867891	0.9967238414252602	0.9868918739730445	0.9817966035491894	0.984055994312305	0.9884310923661852	0.9831114227168533	0.9739033082674522
0.9842002395227801	1.0	0.9844260749261825	0.9795889369715208	0.9850310914271002	0.9866368692615777	0.9851101217455692	0.9683165641008801	0.9836413782244169	0.9800339520719922	0.9794656614428117	0.9808622664264798	0.9709181213571222	0.9805570517467196	0.9827963381965582	0.9769000054318507	0.9769125453335169	0.9749907516484132	0.982988725984343	0.9739537191730342	0.9812959279763243	0.9846332147878388	0.9843345117350852	0.9842381773082657	0.9832570590945415	0.9843664375417253	0.983204634599106	0.9800541452617769	0.9816418720182519	0.9818036828147131	0.9824489708677959	0.9675984971623396
0.9849925962221671	0.9844260749261825	1.0	0.9752795085565589	0.9969324730225277	0.980383386406727	0.9857378109999978	0.9710058723403527	0.9842924503634939	0.9818916261417446	0.9820854528768334	0.9829908363990577	0.9727539375975036	0.9822458587996022	0.984946416564387	0.9803244315677413	0.9797546557416675	0.9766537410687927	0.9846948159775952	0.9752189451211252	0.9840906075176921	0.986169971624578	0.9883790320629461	0.9876201109798035	0.9854639323247664	0.9848888831042818	0.9855758852033364	0.9808294677975683	0.9824446851583017	0.9842934406477583	0.9828185205843352	0.9716084291574318
0.9761367125580358	0.9795889369715208	0.9752795085565589	1.0	0.9764502158964392	0.9814159846490602	0.9766987499460079	0.9739213487606044	0.9753998092990226	0.9750469737138374	0.9727603957864144	0.9767492302799614	0.9689809155209546	0.9727820230803625	0.9740933383869705	0.9750838516690411	0.9712220157724896	0.973585382957993	0.9746119959983406	0.973571385103936	0.9734981276371921	0.9768235897972167	0.9773326146890882	0.9766844061351815	0.9769362057876441	0.9755107769732907	0.9754202191999726	0.9741215873603235	0.9727761932415068	0.9739772708036559	0.9739872047675018	0.9686386046695754
0.9848277338749181	0.9850310914271002	0.9969324730225277	0.9764502158964392	1.0	0.9808141996896148	0.985711343879483	0.9723989738903038	0.9843399498647013	0.9819099022594411	0.9825469242618657	0.9837433596354467	0.9734707850004541	0.9824862772525609	0.9850066045116463	0.9809246380322492	0.9801705203323957	0.9769447237465603	0.9855036469066589	0.9758666542901964	0.983983396000199	0.9860445875398387	0.9883959655263911	0.9876843231943553	0.9857307809958019	0.9847618273727597	0.9855825686609092	0.9815764655487547	0.9826723344954801	0.9844545474823291	0.9834961873652768	0.9723915713037607
0.9812971313878838	0.9866368692615777	0.980383386406727	0.9814159846490602	0.9808141996896148	1.0	0.982132291756575	0.9693678179844595	0.9809397644241432	0.9802334600589218	0.9799537906056571	0.9808153810247416	0.9727014062917321	0.9786454063198151	0.980184756078413	0.9811729975018466	0.9777655622693389	0.9776526808597278	0.9813730634401234	0.9767269705943392	0.9790345448185744	0.9818858666525958	0.9823926525291221	0.9817259877778164	0.9811324658834154	0.9811488846162191	0.9819909704534353	0.9792140280916217	0.9786614057110061	0.9802208092692519	0.9784255090610444	0.9721654192598901
0.9981041093653463	0.9851101217455692	0.9857378109999978	0.9766987499460079	0.985711343879483	0.982132291756575	1.0	0.9729073152852459	0.9975664584502383	0.9928676416538396	0.9844604617562446	0.9848449730379183	0.9801264508647148	0.987096377377251	0.9860845324161801	0.9832413980992263	0.9807944106252171	0.9795169513565828	0.9856536944757396	0.977776992421995	0.9846126193253485	0.9975313577573885	0.9904366362376088	0.9904271986068668	0.9890490963913819	0.9977049760139498	0.9873746808738346	0.9824376556281187	0.9847437410128286	0.988795824044825	0.9837884158936416	0.9745134019555548
0.9723422757082661	0.9683165641008801	0.9710058723403527	0.9739213487606044	0.9723989738903038	0.9693678179844595	0.9729073152852459	1.0	0.968806022644429	0.971126381406911	0.9683584494774193	0.9692856084200985	0.9685198978148601	0.9676730771906767	0.9717768358219097	0.9712259416493292	0.9685978002963618	0.9759881356583266	0.9726813313448358	0.9699712014327694	0.970633746163145	0.9732262663348689	0.9732323953306667	0.9734928229406903	0.9724306273797615	0.9717475388619549	0.9728113502107344	0.972642213117903	0.9702147074466303	0.9734017390544893	0.9719551880781847	0.9661995453101682
0.9965896700380201	0.9836413782244169	0.9842924503634939	0.9753998092990226	0.9843399498647013	0.9809397644241432	0.9975664584502383	0.968806022644429	1.0	0.9915236660093893	0.9826859218053774	0.9850202416364396	0.9779405775309495	0.9848845485459602	0.9847423645636197	0.9810634616143407	0.979076321319543	0.977114508626545	0.9836188757398671	0.9756082395650502	0.9832975926589734	0.9957879796403072	0.988662507276092	0.9889936236645688	0.9871598414294068	0.9965999686653341	0.9861509642724856	0.9806326963713683	0.9828877085451815	0.9876340998211989	0.9821473713030562	0.9727622843409285
0.9915959670556914	0.9800339520719922	0.9818916261417446	0.9750469737138374	0.9819099022594411	0.9802334600589218	0.9928676416538396	0.971126381406911	0.9915236660093893	1.0	0.9813897376876892	0.9806890497543321	0.9781348748448834	0.9827082294119087	0.9818015714369858	0.9809228923286873	0.9778615868619236	0.9773403436344659	0.9824589909190651	0.9759040258210488	0.9809605308234294	0.9928276657672302	0.9861670531000827	0.9860043981487057	0.9857425764931602	0.9910266429510278	0.9834113071939254	0.9792364957686511	0.9804571725172859	0.9843577773244583	0.9792719796235457	0.9750698514853767
0.9836918110210887	0.9794656614428117	0.9820854528768334	0.9727603957864144	0.9825469242618657	0.9799537906056571	0.9844604617562446	0.9683584494774193	0.9826859218053774	0.9813897376876892	1.0	0.9818868869617635	0.9735502034338306	0.9818069119047518	0.9830018837308739	0.980111362587059	0.9854452168180569	0.9762784408855145	0.9841816182343562	0.9748533887318269	0.9819909704534353	0.9843307623365207	0.9846228810970551	0.9838750607900741	0.983639275998232	0.9831260106161501	0.9850508086837549	0.9805185064624203	0.9818927228382532	0.9832449098117115	0.9800443434140926	0.9724133284092973
0.9842762624886021	0.9808622664264798	0.9829908363990577	0.9767492302799614	0.9837433596354467	0.9808153810247416	0.9848449730379183	0.9692856084200985	0.9850202416364396	0.9806890497543321	0.9818868869617635	1.0	0.9748454792272391	0.9829452150063926	0.9851682446393568	0.9796353278059223	0.9788464530650308	0.9759330770461425	0.9830872207401098	0.9754707652584942	0.984622523279068	0.9842641428397464	0.9854291673968055	0.9860155494721713	0.984132842292978	0.9849874798776282	0.9864657860903022	0.9797136679840306	0.9801707620951192	0.9847301192845006	0.9803588268998795	0.9727992889495113
0.9788926471128285	0.9709181213571222	0.9727539375975036	0.9689809155209546	0.9734707850004541	0.9727014062917321	0.9801264508647148	0.9685198978148601	0.9779405775309495	0.9781348748448834	0.9735502034338306	0.9748454792272391	1.0	0.9756680515048645	0.9726590300188889	0.9748953845991333	0.9698629517801419	0.9703202487741325	0.9748083880431642	0.9691816915712446	0.9706842465291396	0.9795857528012751	0.9768316415586626	0.9768959429487166	0.9756979419129495	0.9780826780109313	0.974630258445609	0.9714305060002283	0.9710283276198838	0.9747296478551001	0.9710350036212879	0.968293072383302
0.9863333791378177	0.9805570517467196	0.9822458587996022	0.9727820230803625	0.9824862772525609	0.9786454063198151	0.987096377377251	0.9676730771906767	0.9848845485459602	0.9827082294119087	0.9818069119047518	0.9829452150063926	0.9756680515048645	1.0	0.98380618503595	0.9799459222298752	0.9791173896234597	0.9764322567523414	0.9822533600910589	0.9738672643598538	0.9828292494499563	0.9862613521930729	0.9849933979011538	0.9847191765508314	0.9837584845296534	0.9854165744048227	0.9848783459916282	0.9795739753329631	0.9815950243576396	0.9844133389860038	0.9809211202767526	0.9748174236960041
0.9856747752602217	0.9827963381965582	0.984946416564387	0.9740933383869705	0.9850066045116463	0.980184756078413	0.9860845324161801	0.9717768358219097	0.9847423645636197	0.9818015714369858	0.9830018837308739	0.9851682446393568	0.9726590300188889	0.98380618503595	1.0	0.9800682497120595	0.9800281677669002	0.9768420991471265	0.9853009512827388	0.9736001437635876	0.9940370999390662	0.9860769358390643	0.9868204179880371	0.9875952376568524	0.9860619539510252	0.986197253217132	0.990868480206138	0.9814356611430558	0.982246962503503	0.989395082061825	0.9817052509372531	0.9725313589066505
0.9820185458833456	0.9769000054318507	0.9803244315677413	0.9750838516690411	0.9809246380322492	0.9811729975018466	0.9832413980992263	0.9712259416493292	0.9810634616143407	0.9809228923286873	0.980111362587059	0.9796353278059223	0.9748953845991333	0.9799459222298752	0.9800682497120595	1.0	0.9769559210113735	0.9783548811029167	0.9817659462326928	0.9760433287900108	0.979195990158395	0.9825673325199267	0.9828597881540729	0.9821765793893505	0.9816901072831409	0.98174545668774	0.982512927402209	0.9788587402077684	0.977246555506331	0.9804281704443495	0.9782971630877538	0.9762085444392
0.9799523794186671	0.9769125453335169	0.9797546557416675	0.9712220157724896	0.9801705203323957	0.9777655622693389	0.9807944106252171	0.9685978002963618	0.979076321319543	0.9778615868619236	0.9854452168180569	0.9788464530650308	0.9698629517801419	0.9791173896234597	0.9800281677669002	0.9769559210113735	1.0	0.9749575526972575	0.9809828407622072	0.973859906445598	0.9794516702483032	0.9808152341856284	0.9822507983026214	0.981751925753766	0.9808090607954804	0.9796088662338859	0.9812906882442285	0.9789477589831787	0.9792827508510233	0.9809413650738489	0.9775596016929725	0.9701137549336292
0.9784750634578185	0.9749907516484132	0.9766537410687927	0.973585382957993	0.9769447237465603	0.9776526808597278	0.9795169513565828	0.9759881356583266	0.977114508626545	0.9773403436344659	0.9762784408855145	0.9759330770461425	0.9703202487741325	0.9764322567523414	0.9768420991471265	0.9783548811029167	0.9749575526972575	1.0	0.9775242574455532	0.978890555426117	0.9758723714549132	0.9787443149793501	0.9791513109011677	0.9781047693889059	0.9785898118852199	0.9787278651851213	0.9782294636227484	0.979977005477337	0.978218907100241	0.9775235831219677	0.9799624942674339	0.9713282510814547
0.9847877037013021	0.982988725984343	0.9846948159775952	0.9746119959983406	0.9855036469066589	0.9813730634401234	0.9856536944757396	0.9726813313448358	0.9836188757398671	0.9824589909190651	0.9841816182343562	0.9830872207401098	0.9748083880431642	0.9822533600910589	0.9853009512827388	0.9817659462326928	0.9809828407622072	0.9775242574455532	1.0	0.975690606902933	0.9845135518448997	0.9858801376768485	0.9881222820709753	0.987888853907779	0.9859425292138706	0.9842523011346297	0.9854441572093643	0.982477634084364	0.9822198609743629	0.985299833798854	0.9822770377861272	0.9725908303418491
0.9768401576171273	0.9739537191730342	0.9752189451211252	0.973571385103936	0.9758666542901964	0.9767269705943392	0.977776992421995	0.9699712014327694	0.9756082395650502	0.9759040258210488	0.9748533887318269	0.9754707652584942	0.9691816915712446	0.9738672643598538	0.9736001437635876	0.9760433287900108	0.973859906445598	0.978890555426117	0.975690606902933	1.0	0.97282561365419	0.9774429926320596	0.9776715437936979	0.9765330053781156	0.9761914044328485	0.9763476354799333	0.9761582707978771	0.9810358259203248	0.9766113573748244	0.9752239268976066	0.9777518237315228	0.9706285433863862
0.9842123138570039	0.9812959279763243	0.9840906075176921	0.9734981276371921	0.983983396000199	0.9790345448185744	0.9846126193253485	0.970633746163145	0.9832975926589734	0.9809605308234294	0.9819909704534353	0.984622523279068	0.9706842465291396	0.9828292494499563	0.9940370999390662	0.979195990158395	0.9794516702483032	0.9758723714549132	0.9845135518448997	0.97282561365419	1.0	0.9849437771985093	0.9861007369559314	0.9868147087653526	0.9853008477790915	0.9856607358530778	0.9898258076491832	0.9806371477024924	0.9814407857797838	0.9877715775415298	0.9815111432110651	0.9726824189112449
0.9964305267841074	0.9846332147878388	0.986169971624578	0.9768235897972167	0.9860445875398387	0.9818858666525958	0.9975313577573885	0.9732262663348689	0.9957879796403072	0.9928276657672302	0.9843307623365207	0.9842641428397464	0.9795857528012751	0.9862613521930729	0.9860769358390643	0.9825673325199267	0.9808152341856284	0.9787443149793501	0.9858801376768485	0.9774429926320596	0.9849437771985093	1.0	0.9915093250449339	0.9915873109867891	0.9895924692471635	0.995682177198499	0.9869801748031536	0.9821294967391421	0.9840043184124179	0.9889516958499797	0.9831733928432006	0.9743114617666632
0.9897923429107557	0.9843345117350852	0.9883790320629461	0.9773326146890882	0.9883959655263911	0.9823926525291221	0.9904366362376088	0.9732323953306667	0.988662507276092	0.9861670531000827	0.9846228810970551	0.9854291673968055	0.9768316415586626	0.9849933979011538	0.9868204179880371	0.9828597881540729	0.9822507983026214	0.9791513109011677	0.9881222820709753	0.9776715437936979	0.9861007369559314	0.9915093250449339	1.0	0.9968265774621722	0.9922802308811726	0.9890557678198512	0.9873042992067326	0.9835320047817971	0.9837347436375613	0.9882419880854977	0.9840373458623688	0.9744964833649741
0.9898230512207695	0.9842381773082657	0.9876201109798035	0.9766844061351815	0.9876843231943553	0.9817259877778164	0.9904271986068668	0.9734928229406903	0.9889936236645688	0.9860043981487057	0.9838750607900741	0.9860155494721713	0.9768959429487166	0.9847191765508314	0.9875952376568524	0.9821765793893505	0.981751925753766	0.9781047693889059	0.987888853907779	0.9765330053781156	0.9868147087653526	0.9915873109867891	0.9968265774621722	1.0	0.9928770718638177	0.9895648383837713	0.9877280221055307	0.9825587887393935	0.9836761082963162	0.9878665838330892	0.9839745374361313	0.9739173319382967
0.9879927054867891	0.9832570590945415	0.9854639323247664	0.9769362057876441	0.9857307809958019	0.9811324658834154	0.9890490963913819	0.9724306273797615	0.9871598414294068	0.9857425764931602	0.983639275998232	0.984132842292978	0.9756979419129495	0.9837584845296534	0.9860619539510252	0.9816901072831409	0.9808090607954804	0.9785898118852199	0.9859425292138706	0.9761914044328485	0.9853008477790915	0.9895924692471635	0.9922802308811726	0.9928770718638177	1.0	0.9876485967035299	0.9869552090190696	0.9820644216146017	0.9831415968589242	0.9859535854731266	0.9830626904972127	0.973702829942847
0.9967238414252602	0.9843664375417253	0.9848888831042818	0.9755107769732907	0.9847618273727597	0.9811488846162191	0.9977049760139498	0.9717475388619549	0.9965999686653341	0.9910266429510278	0.9831260106161501	0.9849874798776282	0.9780826780109313	0.9854165744048227	0.986197253217132	0.98174545668774	0.9796088662338859	0.9787278651851213	0.9842523011346297	0.9763476354799333	0.9856607358530778	0.995682177198499	0.9890557678198512	0.9895648383837713	0.9876485967035299	1.0	0.9873737980059866	0.9813847307044729	0.9836220554948951	0.9886431435677706	0.9829162871954863	0.9737979407735055
0.9868918739730445	0.983204634599106	0.9855758852033364	0.9754202191999726	0.9855825686609092	0.9819909704534353	0.9873746808738346	0.9728113502107344	0.9861509642724856	0.9834113071939254	0.9850508086837549	0.9864657860903022	0.974630258445609	0.9848783459916282	0.990868480206138	0.982512927402209	0.9812906882442285	0.9782294636227484	0.9854441572093643	0.9761582707978771	0.9898258076491832	0.9869801748031536	0.9873042992067326	0.9877280221055307	0.9869552090190696	0.9873737980059866	1.0	0.9818539847657334	0.9837240273805383	0.9880445751477359	0.9830040898717317	0.9730019807902899
0.9817966035491894	0.9800541452617769	0.9808294677975683	0.9741215873603235	0.9815764655487547	0.9792140280916217	0.9824376556281187	0.972642213117903	0.9806326963713683	0.9792364957686511	0.9805185064624203	0.9797136679840306	0.9714305060002283	0.9795739753329631	0.9814356611430558	0.9788587402077684	0.9789477589831787	0.979977005477337	0.982477634084364	0.9810358259203248	0.9806371477024924	0.9821294967391421	0.9835320047817971	0.9825587887393935	0.9820644216146017	0.9813847307044729	0.9818539847657334	1.0	0.9821037176259712	0.9811308625942794	0.9846723764861163	0.9709868515239632
0.984055994312305	0.9816418720182519	0.9824446851583017	0.9727761932415068	0.9826723344954801	0.9786614057110061	0.9847437410128286	0.9702147074466303	0.9828877085451815	0.9804571725172859	0.9818927228382532	0.9801707620951192	0.9710283276198838	0.9815950243576396	0.982246962503503	0.977246555506331	0.9792827508510233	0.978218907100241	0.9822198609743629	0.9766113573748244	0.9814407857797838	0.9840043184124179	0.9837347436375613	0.9836761082963162	0.9831415968589242	0.9836220554948951	0.9837240273805383	0.9821037176259712	1.0	0.9834583697387242	0.9840886955772001	0.9700091733903656
0.9884310923661852	0.9818036828147131	0.9842934406477583	0.9739772708036559	0.9844545474823291	0.9802208092692519	0.988795824044825	0.9734017390544893	0.9876340998211989	0.9843577773244583	0.9832449098117115	0.9847301192845006	0.9747296478551001	0.9844133389860038	0.989395082061825	0.9804281704443495	0.9809413650738489	0.9775235831219677	0.985299833798854	0.9752239268976066	0.9877715775415298	0.9889516958499797	0.9882419880854977	0.9878665838330892	0.9859535854731266	0.9886431435677706	0.9880445751477359	0.9811308625942794	0.9834583697387242	1.0	0.9817359847297049	0.9737646001992939
0.9831114227168533	0.9824489708677959	0.9828185205843352	0.9739872047675018	0.9834961873652768	0.9784255090610444	0.9837884158936416	0.9719551880781847	0.9821473713030562	0.9792719796235457	0.9800443434140926	0.9803588268998795	0.9710350036212879	0.9809211202767526	0.9817052509372531	0.9782971630877538	0.9775596016929725	0.9799624942674339	0.9822770377861272	0.9777518237315228	0.9815111432110651	0.9831733928432006	0.9840373458623688	0.9839745374361313	0.9830626904972127	0.9829162871954863	0.9830040898717317	0.9846723764861163	0.9840886955772001	0.9817359847297049	1.0	0.9692813589671506
0.9739033082674522	0.9675984971623396	0.9716084291574318	0.9686386046695754	0.9723915713037607	0.9721654192598901	0.9745134019555548	0.9661995453101682	0.9727622843409285	0.9750698514853767	0.9724133284092973	0.9727992889495113	0.968293072383302	0.9748174236960041	0.9725313589066505	0.9762085444392	0.9701137549336292	0.9713282510814547	0.9725908303418491	0.9706285433863862	0.9726824189112449	0.9743114617666632	0.9744964833649741	0.9739173319382967	0.973702829942847	0.9737979407735055	0.9730019807902899	0.9709868515239632	0.9700091733903656	0.9737646001992939	0.9692813589671506	1.0
