/home/jshaw/scratch/2022_sketched_distance/references/SGB_genome_fastas_part4/11355/VincentC_2016__MM005.2__bin.17.fa	/home/jshaw/scratch/2022_sketched_distance/references/SGB_genome_fastas_part4/11355/VincentC_2016__MM005.3__bin.4.fa	/home/jshaw/scratch/2022_sketched_distance/references/SGB_genome_fastas_part4/11355/VincentC_2016__MM006.2__bin.2.fa	/home/jshaw/scratch/2022_sketched_distance/references/SGB_genome_fastas_part4/11355/VincentC_2016__MM007__bin.6.fa	/home/jshaw/scratch/2022_sketched_distance/references/SGB_genome_fastas_part4/11355/VincentC_2016__MM008.1__bin.31.fa	/home/jshaw/scratch/2022_sketched_distance/references/SGB_genome_fastas_part4/11355/VincentC_2016__MM008.2__bin.11.fa	/home/jshaw/scratch/2022_sketched_distance/references/SGB_genome_fastas_part4/11355/VincentC_2016__MM009.1__bin.18.fa	/home/jshaw/scratch/2022_sketched_distance/references/SGB_genome_fastas_part4/11355/VincentC_2016__MM009.2__bin.8.fa	/home/jshaw/scratch/2022_sketched_distance/references/SGB_genome_fastas_part4/11355/VincentC_2016__MM012.1__bin.4.fa	/home/jshaw/scratch/2022_sketched_distance/references/SGB_genome_fastas_part4/11355/VincentC_2016__MM012.2__bin.24.fa	/home/jshaw/scratch/2022_sketched_distance/references/SGB_genome_fastas_part4/11355/VincentC_2016__MM013.2__bin.5.fa	/home/jshaw/scratch/2022_sketched_distance/references/SGB_genome_fastas_part4/11355/VincentC_2016__MM013.3__bin.8.fa	/home/jshaw/scratch/2022_sketched_distance/references/SGB_genome_fastas_part4/11355/VincentC_2016__MM014__bin.12.fa	/home/jshaw/scratch/2022_sketched_distance/references/SGB_genome_fastas_part4/11355/VincentC_2016__MM016.1__bin.8.fa	/home/jshaw/scratch/2022_sketched_distance/references/SGB_genome_fastas_part4/11355/VincentC_2016__MM018__bin.5.fa	/home/jshaw/scratch/2022_sketched_distance/references/SGB_genome_fastas_part4/11355/VincentC_2016__MM019.1__bin.3.fa	/home/jshaw/scratch/2022_sketched_distance/references/SGB_genome_fastas_part4/11355/VincentC_2016__MM020.1__bin.1.fa	/home/jshaw/scratch/2022_sketched_distance/references/SGB_genome_fastas_part4/11355/VincentC_2016__MM021.1__bin.8.fa	/home/jshaw/scratch/2022_sketched_distance/references/SGB_genome_fastas_part4/11355/VincentC_2016__MM021.3__bin.1.fa	/home/jshaw/scratch/2022_sketched_distance/references/SGB_genome_fastas_part4/11355/VincentC_2016__MM021.4__bin.22.fa	/home/jshaw/scratch/2022_sketched_distance/references/SGB_genome_fastas_part4/11355/VincentC_2016__MM022.1__bin.2.fa	/home/jshaw/scratch/2022_sketched_distance/references/SGB_genome_fastas_part4/11355/VincentC_2016__MM022.3__bin.2.fa	/home/jshaw/scratch/2022_sketched_distance/references/SGB_genome_fastas_part4/11355/VincentC_2016__MM023.2__bin.32.fa	/home/jshaw/scratch/2022_sketched_distance/references/SGB_genome_fastas_part4/11355/VincentC_2016__MM024.1__bin.1.fa	/home/jshaw/scratch/2022_sketched_distance/references/SGB_genome_fastas_part4/11355/VincentC_2016__MM024.2__bin.12.fa	/home/jshaw/scratch/2022_sketched_distance/references/SGB_genome_fastas_part4/11355/VincentC_2016__MM024.3__bin.2.fa	/home/jshaw/scratch/2022_sketched_distance/references/SGB_genome_fastas_part4/11355/VincentC_2016__MM025__bin.4.fa	/home/jshaw/scratch/2022_sketched_distance/references/SGB_genome_fastas_part4/11355/VincentC_2016__MM026.2__bin.2.fa	/home/jshaw/scratch/2022_sketched_distance/references/SGB_genome_fastas_part4/11355/VincentC_2016__MM027.3__bin.18.fa	/home/jshaw/scratch/2022_sketched_distance/references/SGB_genome_fastas_part4/11355/VincentC_2016__MM028.1__bin.4.fa	/home/jshaw/scratch/2022_sketched_distance/references/SGB_genome_fastas_part4/11355/VincentC_2016__MM028.2__bin.3.fa	/home/jshaw/scratch/2022_sketched_distance/references/SGB_genome_fastas_part4/11355/VincentC_2016__MM029.1__bin.4.fa	/home/jshaw/scratch/2022_sketched_distance/references/SGB_genome_fastas_part4/11355/VincentC_2016__MM030.2__bin.13.fa	/home/jshaw/scratch/2022_sketched_distance/references/SGB_genome_fastas_part4/11355/VincentC_2016__MM031__bin.2.fa	/home/jshaw/scratch/2022_sketched_distance/references/SGB_genome_fastas_part4/11355/VincentC_2016__MM032.1__bin.13.fa	/home/jshaw/scratch/2022_sketched_distance/references/SGB_genome_fastas_part4/11355/VincentC_2016__MM033.2__bin.6.fa	/home/jshaw/scratch/2022_sketched_distance/references/SGB_genome_fastas_part4/11355/VincentC_2016__MM033.3__bin.17.fa	/home/jshaw/scratch/2022_sketched_distance/references/SGB_genome_fastas_part4/11355/VincentC_2016__MM036__bin.9.fa	/home/jshaw/scratch/2022_sketched_distance/references/SGB_genome_fastas_part4/11355/VincentC_2016__MM037.2__bin.3.fa	/home/jshaw/scratch/2022_sketched_distance/references/SGB_genome_fastas_part4/11355/VincentC_2016__MM038__bin.14.fa	/home/jshaw/scratch/2022_sketched_distance/references/SGB_genome_fastas_part4/11355/VincentC_2016__MM040.1__bin.8.fa	/home/jshaw/scratch/2022_sketched_distance/references/SGB_genome_fastas_part4/11355/VincentC_2016__MM040.2__bin.4.fa	/home/jshaw/scratch/2022_sketched_distance/references/SGB_genome_fastas_part4/11355/VincentC_2016__MM041.1__bin.4.fa	/home/jshaw/scratch/2022_sketched_distance/references/SGB_genome_fastas_part4/11355/VincentC_2016__MM042.2__bin.17.fa	/home/jshaw/scratch/2022_sketched_distance/references/SGB_genome_fastas_part4/11355/VincentC_2016__MM043.1__bin.9.fa	/home/jshaw/scratch/2022_sketched_distance/references/SGB_genome_fastas_part4/11355/VincentC_2016__MM043.2__bin.13.fa	/home/jshaw/scratch/2022_sketched_distance/references/SGB_genome_fastas_part4/11355/VincentC_2016__MM045.1__bin.8.fa	/home/jshaw/scratch/2022_sketched_distance/references/SGB_genome_fastas_part4/11355/VincentC_2016__MM045.2__bin.12.fa	/home/jshaw/scratch/2022_sketched_distance/references/SGB_genome_fastas_part4/11355/VincentC_2016__MM046.1__bin.4.fa
1.0	0.9994263401292411	0.9994094323367918	0.9994326289541497	0.9982051962719383	0.9990569187708845	0.9993903982115355	0.9996082358162294	0.9993381716973103	0.9987587352784726	0.999304876371427	0.9996019800540481	0.999445203043635	0.9988502409844985	0.9996269960589066	0.9994577723890462	0.9993759867457899	0.9989916680564795	0.9992126436748194	0.9988317611815241	0.9988681782563376	0.9983770321493006	0.9982223703090115	0.9993192480630744	0.9975207880605094	0.99760505753171	0.99953935774826	0.9996269960589066	0.9993633864986776	0.9996144904041342	0.999464055283861	0.999464055283861	0.9992397494413968	0.999595723117142	0.9997081686136315	0.9979621890140153	0.9997019315862448	0.9994891750211131	0.998507800983627	0.9992560915261949	0.999595723117142	0.9990849216695634	0.9989742949908486	0.9990589500086839	0.9995456252779089	0.9995268191508424	0.9989657215438404	0.9986829692830854	0.9994577723890462
0.9994263401292411	1.0	0.9996010840106809	0.9994406462652856	0.9983210542127685	0.9991082380018931	0.9994094199684511	0.9995477197712518	0.9993951121495123	0.9986607703440396	0.9994375033359747	0.9995788944595995	0.9995713450591276	0.9988935399928708	0.9995601931470416	0.9994540203053467	0.9993277695475252	0.9989723464454044	0.9992190169360798	0.9988054752690527	0.998896246208325	0.9983697367380006	0.9982141443314612	0.999334826572091	0.9975818075881512	0.9975906170668519	0.9993914072688286	0.9995352417240481	0.9992655436982086	0.999472781292122	0.9994164666067974	0.9994289892105033	0.999258968670998	0.9995664280842672	0.9995601931470416	0.9979787319719843	0.9995477197712518	0.9993537828813907	0.998507800983627	0.9992244682945661	0.9995539570428512	0.999097715934209	0.998996450601625	0.9990525435670099	0.9995040261452385	0.9994352487476112	0.9989587638436139	0.9986829692830854	0.9994289892105033
0.9994094323367918	0.9996010840106809	1.0	0.9996456445556856	0.9977638330509838	0.9988082061231561	0.9992617490720874	0.9997789697707153	0.9996265544757261	0.9980882421760293	0.9993709693452679	0.9997091992841025	0.999652005486033	0.9984068077854336	0.9997979727611547	0.9997091992841025	0.9994478509712462	0.9986971213212719	0.9990163067916914	0.9982352486291179	0.99837311915951	0.9978179711188686	0.9977001199621534	0.9995053959805814	0.9971258226961103	0.9970518621693087	0.9995692185250397	0.9997028492631254	0.9994606473435712	0.9997155480952753	0.9995692185250397	0.9995883414731773	0.9988798875224425	0.9997345872746519	0.9997726330318595	0.9973863588531049	0.9997155480952753	0.9995500845952564	0.9979275948360051	0.999255313183843	0.9997536155826418	0.9988798875224425	0.998528058226191	0.9989254227402802	0.9996710809947554	0.9995437041760794	0.998390305603707	0.9981828943380321	0.9995819683765232
0.9994326289541497	0.9994406462652856	0.9996456445556856	1.0	0.998346745733359	0.9991338679924169	0.9994853985715486	0.9995907277222523	0.9993825239615471	0.9987237808864848	0.9994564070154137	0.9995720044698948	0.9995588376752604	0.9989655801171782	0.9996406050201325	0.999547023755655	0.9994092940162299	0.9990881083074284	0.9992890424421205	0.9988383294182877	0.9989453082637203	0.9984862718445716	0.9983864642601252	0.9994281089061421	0.997790171427263	0.9976483413397527	0.9994657068379026	0.9995595164539414	0.9993527855038681	0.9995844878070822	0.9994657068379026	0.9995282759210379	0.9992717753326039	0.9995844878070822	0.9996530626876854	0.9980860611428805	0.9995844878070822	0.9994030200241325	0.998523135512074	0.9992371211902901	0.9995844878070822	0.9991935165706547	0.9990849259322956	0.999174055718793	0.9995220242977944	0.9994719690366706	0.9990837805665543	0.998729261867079	0.9994469131759723
0.9982051962719383	0.9983210542127685	0.9977638330509838	0.998346745733359	1.0	0.9978942547595178	0.9980500887901692	0.9984749066696915	0.9981148048078379	0.9953382987978681	0.9981664871389132	0.9984365101835369	0.998346745733359	0.9942232661122138	0.9985770812705331	0.998372417434831	0.9983595840595417	0.997789958337704	0.997842147428346	0.9972502440092218	0.9953804449865891	0.9946278619350882	0.9907144001569511	0.9981922982306729	0.9894119931605537	0.9943683322029258	0.9984749066696915	0.9984876956610172	0.998333902452398	0.9985388025417157	0.998333902452398	0.9983210542127685	0.9973826917010932	0.9983980693482473	0.9986407814916543	0.9907144001569511	0.9985515670098805	0.9984365101835369	0.9924770390809943	0.9982696115896124	0.9985388025417157	0.9978942547595178	0.9937399916267028	0.9978682112975853	0.9984749066696915	0.9983980693482473	0.9952397489802457	0.9968765579036956	0.9982824797029044
0.9990569187708845	0.9991082380018931	0.9988082061231561	0.9991338679924169	0.9978942547595178	1.0	0.9988443869565876	0.9993382009768642	0.9990119494781158	0.9982730922714717	0.9989669193760989	0.9993190979196855	0.9991594782741309	0.9985819788302439	0.9993572930852676	0.9991658777686678	0.9991594782741309	0.9985639807275165	0.9988443869565876	0.9983887106578916	0.9986003458465025	0.9981721536188517	0.9979249462610881	0.9990569187708845	0.9973370546844138	0.9972640374354437	0.9992999839009569	0.9994017988312277	0.9991914634576621	0.9993509302648761	0.9991978568100208	0.999204248935382	0.9986644740672589	0.9993509302648761	0.9994842949450299	0.9977213869380753	0.9994525898411927	0.9992298051764216	0.9982692078265264	0.9990312294684517	0.9993700150811817	0.9987214019238574	0.9986774694046292	0.9986499918505064	0.9993254668227304	0.9993382009768642	0.9985527089817111	0.9982701141255815	0.9992617229276397
0.9993903982115355	0.9994094199684511	0.9992617490720874	0.9994853985715486	0.9980500887901692	0.9988443869565876	1.0	0.9996557195604738	0.999320558694641	0.998478067011153	0.9993142023809984	0.9996116457988997	0.9995422690293192	0.9986546955535233	0.9997185811253716	0.999479073635294	0.9994347654275737	0.9987720305119403	0.9990525435670099	0.9986473224595356	0.9987415788314982	0.9982527921187438	0.9980905099975846	0.9993650189615747	0.9974071681284583	0.9973587126255596	0.9995485819810422	0.9996683013638435	0.999460091618686	0.9996683013638435	0.9995612042972065	0.9995106863158529	0.9990082494384316	0.9996431330046208	0.999737416494514	0.9977213869380753	0.9996934507277178	0.9995296395362869	0.9981996172145898	0.9992378318571081	0.9996620110559911	0.9988662185765553	0.9988187915635669	0.9988468839350679	0.9996179456208542	0.999535954881221	0.9986862731897536	0.9984372046564677	0.9994980448429176
0.9996082358162294	0.9995477197712518	0.9997789697707153	0.9995907277222523	0.9984749066696915	0.9993382009768642	0.9996557195604738	1.0	0.9995896232706588	0.9988981870126612	0.9995696043990523	0.999703926422148	0.9996774686910356	0.9991378431972054	0.9997472679837559	0.9995669270189146	0.9995221162594925	0.9992482240420638	0.9994855987236084	0.9990413047543643	0.9991825868475179	0.9986168879600953	0.9985008504885045	0.9994726798968807	0.997790171427263	0.9977993925628129	0.9995546412895746	0.9996853341968536	0.9995600241687639	0.9996543240840295	0.999542009171834	0.9995735624689912	0.9995014572859067	0.9997220300440389	0.9997720093052013	0.9981683870695329	0.9997163154786118	0.9995236742117742	0.9987142234237525	0.9995205480821712	0.9996667315923784	0.9993271762148541	0.999283140213322	0.9992760390066079	0.9996481185969343	0.9995860000811312	0.9991737794410814	0.9989006443834945	0.9995922171466002
0.9993381716973103	0.9993951121495123	0.9996265544757261	0.9993825239615471	0.9981148048078379	0.9990119494781158	0.999320558694641	0.9995896232706588	1.0	0.9985835951341766	0.9992098184790131	0.9995958789555083	0.9994391333860675	0.9988213436646892	0.9995896232706588	0.9994265618244822	0.9993384278055941	0.998927219038661	0.9991935165706547	0.9987857472064312	0.9988822151899244	0.9983186240287538	0.998247036047066	0.9993447308313526	0.997503333322675	0.9975617173106583	0.9994454173883093	0.9995896232706588	0.9993321235869769	0.9995081923054199	0.999483096530672	0.9995081923054199	0.999182025123248	0.9995708491660539	0.9996146389662769	0.9978378538913758	0.9996333884207782	0.9994202742642285	0.9984540744282189	0.9992181400437761	0.9995896232706588	0.9990401029952474	0.9989003363071061	0.999026905468692	0.9995332691911607	0.999483096530672	0.9988821330339995	0.9986366122345517	0.9994893722467856
0.9987587352784726	0.9986607703440396	0.9980882421760293	0.9987237808864848	0.9953382987978681	0.9982730922714717	0.998478067011153	0.9988981870126612	0.9985835951341766	1.0	0.9985414240255751	0.9989329588763947	0.9987796903112125	0.9957493967538978	0.9989815785636259	0.9987796903112125	0.9987447579254217	0.998138110621583	0.9984075285857313	0.9975926394711495	0.9959881855417556	0.9955144909682048	0.9953819415823814	0.9986817871127779	0.9946520050031704	0.9945482597976181	0.9988981870126612	0.9989954568739416	0.998807609853688	0.998939908893877	0.9987727067657101	0.9987866723921374	0.9981594599523981	0.9989190544880151	0.9990439854618544	0.9949324443956123	0.9990231961545911	0.998807609853688	0.9956422909393148	0.9985976403057839	0.9989190544880151	0.9982376238399309	0.9960897942218824	0.998209221848609	0.9989329588763947	0.9989815785636259	0.9957468575713895	0.9972068794319467	0.9987517473354868
0.999304876371427	0.9994375033359747	0.9993709693452679	0.9994564070154137	0.9981664871389132	0.9989669193760989	0.9993142023809984	0.9995696043990523	0.9992098184790131	0.9985414240255751	1.0	0.9995381992400004	0.9994941822259826	0.9986764796311842	0.9995947072307365	0.9994690035119316	0.9993744134882993	0.9989207672707713	0.9991232897273044	0.9987133107949246	0.9988049387185999	0.99820883171065	0.9981976862729299	0.9994185889239389	0.9975207880605094	0.9974240994035809	0.9995319146543937	0.9995758818802435	0.9993680979270209	0.9995696043990523	0.9994878893312003	0.9994248949212264	0.9991177694364224	0.9996009799847159	0.9996323260535611	0.9977463784992822	0.9996385917302787	0.9994311997250853	0.9983232334179113	0.9991717192307453	0.9995758818802435	0.998918147361676	0.9988632952706623	0.9989305864147828	0.9995130537817996	0.9994878893312003	0.9987983341501516	0.9985304102136068	0.9994564070154137
0.9996019800540481	0.9995788944595995	0.9997091992841025	0.9995720044698948	0.9984365101835369	0.9993190979196855	0.9996116457988997	0.999703926422148	0.9995958789555083	0.9989329588763947	0.9995381992400004	1.0	0.9996774686910356	0.9991163589792215	0.9996733710139349	0.9995606993039801	0.9995283666714002	0.9992354430714231	0.9994666277522213	0.9990347764380111	0.999168675983262	0.9986458442901655	0.9984926930683563	0.9995101774692243	0.9978247721699626	0.997756305029987	0.999573317223679	0.9995200206885	0.9995100833010947	0.9995308935808913	0.99952330854937	0.9995178130684388	0.9994950985678241	0.9997034160189817	0.9995337485228214	0.9981848278385401	0.9995141927331261	0.9995049775469371	0.9987218441714563	0.9994577723890462	0.9995377282353036	0.99932082361693	0.99927581994034	0.9992887649902683	0.9996239330590616	0.9994080412141567	0.9992290427269297	0.9988809144411253	0.9995127995578152
0.999445203043635	0.9995713450591276	0.999652005486033	0.9995588376752604	0.998346745733359	0.9991594782741309	0.9995422690293192	0.9996774686910356	0.9994391333860675	0.9987796903112125	0.9994941822259826	0.9996774686910356	1.0	0.9989655801171782	0.9997023899150224	0.9995275486589195	0.9994586092149611	0.9990238458491412	0.999352574498753	0.9988777116515033	0.9989453082637203	0.9984353379377913	0.9983045184315571	0.9994774250332816	0.9976687845631046	0.9976555498336399	0.999602592993479	0.9996899316327541	0.9994460594297185	0.9996837007445476	0.9995588376752604	0.9995838477497042	0.9993548988306213	0.9997335152588244	0.9997459572608735	0.9979787319719843	0.9997272925153671	0.9995024962722061	0.998599702362148	0.9992750510640025	0.9997335152588244	0.9991552293778149	0.99906282912677	0.9991101572233981	0.9996650010863222	0.9995963457505701	0.9989935378160401	0.9987556858990344	0.9995525822222233
0.9988502409844985	0.9988935399928708	0.9984068077854336	0.9989655801171782	0.9942232661122138	0.9985819788302439	0.9986546955535233	0.9991378431972054	0.9988213436646892	0.9957493967538978	0.9986764796311842	0.9991163589792215	0.9989655801171782	1.0	0.9991450015244893	0.9989151684002844	0.9989799694579925	0.99831153709372	0.9986837378237075	0.9977191736889015	0.9959469870872514	0.9945467091739668	0.9941312693217393	0.9987996542034105	0.9935691089593564	0.9948087070776942	0.9990015418173244	0.9992093573300413	0.9990087294993254	0.9991306833310148	0.9990302832415321	0.9989943525835562	0.9982233521670107	0.9991020284637212	0.9992664582854314	0.9940134537310023	0.9992165003051671	0.9990518230423197	0.994468134027705	0.9988213436646892	0.9991736194579988	0.9985528476032646	0.9951168722108926	0.9984799077946546	0.9990948608928951	0.9990518230423197	0.995828574080944	0.9974415963875031	0.9990805211217161
0.9996269960589066	0.9995601931470416	0.9997979727611547	0.9996406050201325	0.9985770812705331	0.9993572930852676	0.9997185811253716	0.9997472679837559	0.9995896232706588	0.9989815785636259	0.9995947072307365	0.9996733710139349	0.9997023899150224	0.9991450015244893	1.0	0.9995669270189146	0.999597043924675	0.9992865375548566	0.9995171930235489	0.9991000020832004	0.9991825868475179	0.9986820043178666	0.9985416076269593	0.9995538713641448	0.9978247721699626	0.9978925578371773	0.9996354948430414	0.9996857549341476	0.9995787327120779	0.999629991013369	0.999542009171834	0.9996048747992885	0.9995459343643991	0.9996847915905714	0.9998155089988554	0.9982423066408757	0.9997228791051911	0.9995672590045467	0.9987599217646298	0.999495451997193	0.9996237892576592	0.9993589210451237	0.9992977759348294	0.9993459718271689	0.9996113822822953	0.9995679214511618	0.9992842144730224	0.9989072184338008	0.9995306241365055
0.9994577723890462	0.9994540203053467	0.9997091992841025	0.999547023755655	0.998372417434831	0.9991658777686678	0.999479073635294	0.9995669270189146	0.9994265618244822	0.9987796903112125	0.9994690035119316	0.9995606993039801	0.9995275486589195	0.9989151684002844	0.9995669270189146	1.0	0.9994094078599948	0.9990752657324363	0.9993081147854549	0.9988842708306526	0.9989873039945308	0.9984353379377913	0.9983045184315571	0.9994351400726836	0.997686152693126	0.99760505753171	0.9994233942309438	0.9995606993039801	0.9993284174970767	0.9995045974246088	0.9993921094543654	0.9994358999200201	0.9992845770721992	0.9995977396877476	0.9995918262448767	0.9979952667073299	0.9995544704247836	0.9993607952701903	0.9985920535979527	0.9993192480630744	0.9995606993039801	0.9991488438976831	0.9990259685043508	0.9991421217955563	0.9995108356338581	0.9994233942309438	0.9990352187060003	0.9987688900542689	0.9994171396255408
0.9993759867457899	0.9993277695475252	0.9994478509712462	0.9994092940162299	0.9983595840595417	0.9991594782741309	0.9994347654275737	0.9995221162594925	0.9993384278055941	0.9987447579254217	0.9993744134882993	0.9995283666714002	0.9994586092149611	0.9989799694579925	0.999597043924675	0.9994094078599948	1.0	0.9990752657324363	0.9993081147854549	0.9989039406189363	0.9989593127263832	0.9985008100840704	0.9984028292396068	0.9992774309579583	0.9976340210670823	0.9976699621355142	0.9994971028792866	0.9995783277991273	0.9993089014900136	0.9995533565998741	0.9994156794511655	0.9994470197092489	0.9993229527973464	0.9994908465988517	0.9996531293064336	0.9979870003669655	0.9996219824163783	0.9994094078599948	0.998683722975645	0.9992687324170837	0.9995533565998741	0.9991488438976831	0.9990701963578054	0.99919958083028	0.9995408639785748	0.9994595475619436	0.9990629770111199	0.9987556858990344	0.999434487143764
0.9989916680564795	0.9989723464454044	0.9986971213212719	0.9990881083074284	0.997789958337704	0.9985639807275165	0.9987720305119403	0.9992482240420638	0.998927219038661	0.998138110621583	0.9989207672707713	0.9992354430714231	0.9990238458491412	0.99831153709372	0.9992865375548566	0.9990752657324363	0.9990752657324363	1.0	0.998752580985908	0.9983220749778806	0.9984087257510699	0.9980545112710816	0.997900040476023	0.9989916680564795	0.9970904864891209	0.9971837165144556	0.9991522470015094	0.9993248070490757	0.9990688425872672	0.9992673863072155	0.9991137786096143	0.9991137786096143	0.9986057429010397	0.9992226571945537	0.9993948538030715	0.997470432874093	0.9993693992947512	0.9991586540825335	0.9981298807499063	0.9989852287650565	0.9992673863072155	0.9986291360737489	0.9986998233521793	0.998655162544871	0.9992546126887444	0.9991842700882408	0.9985527089817111	0.9981560114188274	0.9991458386876827
0.9992126436748194	0.9992190169360798	0.9990163067916914	0.9992890424421205	0.997842147428346	0.9988443869565876	0.9990525435670099	0.9994855987236084	0.9991935165706547	0.9984075285857313	0.9991232897273044	0.9994666277522213	0.999352574498753	0.9986837378237075	0.9995171930235489	0.9993081147854549	0.9993081147854549	0.998752580985908	1.0	0.9985547184726207	0.9986003458465025	0.9982161624797499	0.9980161082666439	0.9992062691938116	0.9972667930571648	0.9973077671834175	0.9994223200962432	0.9995991982649894	0.99932082361693	0.9995171930235489	0.999352574498753	0.999352574498753	0.9989177852546622	0.9994223200962432	0.9995991982649894	0.9977796713949608	0.9995802918848024	0.999384295146243	0.9983386532046445	0.9991679966664644	0.9994603016937439	0.9988021969516401	0.9988187915635669	0.9987500419468278	0.9994539744338197	0.9994792762666902	0.9986932880617192	0.998370469084784	0.9993398777774245
0.9988317611815241	0.9988054752690527	0.9982352486291179	0.9988383294182877	0.9972502440092218	0.9983887106578916	0.9986473224595356	0.9990413047543643	0.9987857472064312	0.9975926394711495	0.9987133107949246	0.9990347764380111	0.9988777116515033	0.9977191736889015	0.9991000020832004	0.9988842708306526	0.9989039406189363	0.9983220749778806	0.9985547184726207	1.0	0.997892277837047	0.9973096668315247	0.9971185612130825	0.9988251916487391	0.9966097331977865	0.9965638702649732	0.9990151838065873	0.9991846048898354	0.9989170473586575	0.999080447799903	0.9990151838065873	0.9989759639270984	0.9982753504821864	0.9990282468416042	0.9991976016525408	0.9968431904089499	0.9992040981325548	0.9990086503669554	0.9976926490983986	0.9987989005469777	0.9990869671701473	0.9984552131800742	0.9979540982280158	0.9983953668932772	0.9990739271531696	0.9990739271531696	0.9978119683758536	0.9974630519614721	0.9989432453707564
0.9988681782563376	0.998896246208325	0.99837311915951	0.9989453082637203	0.9953804449865891	0.9986003458465025	0.9987415788314982	0.9991825868475179	0.9988822151899244	0.9959881855417556	0.9988049387185999	0.999168675983262	0.9989453082637203	0.9959469870872514	0.9991825868475179	0.9989873039945308	0.9989593127263832	0.9984087257510699	0.9986003458465025	0.997892277837047	1.0	0.9956414609128236	0.9954624748680577	0.9988822151899244	0.9945472024037617	0.9947401870918963	0.9990362321684292	0.999203442256027	0.9990012908100699	0.9991964919040858	0.9990152717532781	0.9990222600243241	0.9983944876856559	0.9991477987866675	0.9992728661226912	0.9948961697267021	0.9992520541519435	0.999029246829166	0.9957091002630684	0.998903259500914	0.9992242846138635	0.9985436844414267	0.9960494839936918	0.9984798248524256	0.9991408368119424	0.9990920621966093	0.995903871953215	0.9976310157625788	0.9990990343737386
0.9983770321493006	0.9983697367380006	0.9978179711188686	0.9984862718445716	0.9946278619350882	0.9981721536188517	0.9982527921187438	0.9986168879600953	0.9983186240287538	0.9955144909682048	0.99820883171065	0.9986458442901655	0.9984353379377913	0.9945467091739668	0.9986820043178666	0.9984353379377913	0.9985008100840704	0.9980545112710816	0.9982161624797499	0.9973096668315247	0.9956414609128236	1.0	0.9944921293961364	0.9983259306525923	0.9934213528968165	0.9943822710747799	0.9986386075687259	0.9987469935521782	0.9985008100840704	0.9986458442901655	0.9985298675260206	0.9985371279245616	0.9978105520668995	0.9986168879600953	0.998775836983082	0.993938821759306	0.998732562460249	0.998573406180704	0.9946150416980087	0.9983332356724948	0.9986096449401264	0.9981133844419968	0.9947665606412586	0.9980397766853965	0.9986820043178666	0.9986313692736984	0.9955780366641224	0.9971813671721732	0.9985443867397297
0.9982223703090115	0.9982141443314612	0.9977001199621534	0.9983864642601252	0.9907144001569511	0.9979249462610881	0.9980905099975846	0.9985008504885045	0.998247036047066	0.9953819415823814	0.9981976862729299	0.9984926930683563	0.9983045184315571	0.9941312693217393	0.9985416076269593	0.9983045184315571	0.9984028292396068	0.997900040476023	0.9980161082666439	0.9971185612130825	0.9954624748680577	0.9944921293961364	1.0	0.9981812200696669	0.9900354082558936	0.9942612613529597	0.9984763722276363	0.9986148449472537	0.9983700912293231	0.9985253107600559	0.9984273616302007	0.9983455165692625	0.9977168259808459	0.9985008504885045	0.9986716961137255	0.9902568498768414	0.9986716961137255	0.9985008504885045	0.9926666379276868	0.9983455165692625	0.9985090059098402	0.9980574631021535	0.9941405713959617	0.9980822513506596	0.9985253107600559	0.9984682088050695	0.9957295163151229	0.9971949961346327	0.998361901692159
0.9993192480630744	0.999334826572091	0.9995053959805814	0.9994281089061421	0.9981922982306729	0.9990569187708845	0.9993650189615747	0.9994726798968807	0.9993447308313526	0.9986817871127779	0.9994185889239389	0.9995101774692243	0.9994774250332816	0.9987996542034105	0.9995538713641448	0.9994351400726836	0.9992774309579583	0.9989916680564795	0.9992062691938116	0.9988251916487391	0.9988822151899244	0.9983259306525923	0.9981812200696669	1.0	0.9975905155299605	0.997612275413253	0.9994100900021202	0.9994601713215778	0.9992403609108327	0.9994100900021202	0.999366207002333	0.9994851837775359	0.999182025123248	0.9994914339584899	0.9995289104411466	0.9979621890140153	0.9995226672874079	0.9993159841146249	0.998484785935951	0.9991611316151288	0.9994726798968807	0.999078522693537	0.9990112128236215	0.9990461358926562	0.9994288793206981	0.9993975578997155	0.9989448440802268	0.9985835535798165	0.9993787509020637
0.9975207880605094	0.9975818075881512	0.9971258226961103	0.997790171427263	0.9894119931605537	0.9973370546844138	0.9974071681284583	0.997790171427263	0.997503333322675	0.9946520050031704	0.9975207880605094	0.9978247721699626	0.9976687845631046	0.9935691089593564	0.9978247721699626	0.997686152693126	0.9976340210670823	0.9970904864891209	0.9972667930571648	0.9966097331977865	0.9945472024037617	0.9934213528968165	0.9900354082558936	0.9975905155299605	1.0	0.9940956389930288	0.9977468698180069	0.9978679725423732	0.997686152693126	0.9978334167343504	0.9977555346511868	0.9977208617653506	0.9969576400940884	0.9978334167343504	0.9979111168797639	0.9894283110267973	0.9978938658595511	0.9977555346511868	0.9917717116261954	0.9976340210670823	0.9978074762980204	0.9972228040074494	0.9932927621738361	0.9972404066133391	0.9977208617653506	0.9977728575481652	0.9950585387998544	0.9965648651132015	0.9977295333762861
0.99760505753171	0.9975906170668519	0.9970518621693087	0.9976483413397527	0.9943683322029258	0.9972640374354437	0.9973587126255596	0.9977993925628129	0.9975617173106583	0.9945482597976181	0.9974240994035809	0.997756305029987	0.9976555498336399	0.9948087070776942	0.9978925578371773	0.99760505753171	0.9976699621355142	0.9971837165144556	0.9973077671834175	0.9965638702649732	0.9947401870918963	0.9943822710747799	0.9942612613529597	0.997612275413253	0.9940956389930288	1.0	0.9977203560622895	0.9979140205085015	0.997705965587867	0.9978567559148379	0.997705965587867	0.997698768014916	0.9969489459108386	0.9977706737440702	0.9979497608822286	0.9944669430151973	0.9979140205085015	0.997705965587867	0.9943900950037735	0.997612275413253	0.997863919382799	0.99724944805998	0.994917147494134	0.9971983347616689	0.9977634901629888	0.9977634901629888	0.9946957080753749	0.9961818137886925	0.9978209154150498
0.99953935774826	0.9993914072688286	0.9995692185250397	0.9994657068379026	0.9984749066696915	0.9992999839009569	0.9995485819810422	0.9995546412895746	0.9994454173883093	0.9988981870126612	0.9995319146543937	0.999573317223679	0.999602592993479	0.9990015418173244	0.9996354948430414	0.9994233942309438	0.9994971028792866	0.9991522470015094	0.9994223200962432	0.9990151838065873	0.9990362321684292	0.9986386075687259	0.9984763722276363	0.9994100900021202	0.9977468698180069	0.9977203560622895	1.0	0.9996354948430414	0.9994225062439921	0.9995857620332809	0.999454649656026	0.999442365306693	0.9994314445477701	0.9995977396877476	0.9996851535357811	0.9980530736476855	0.9996975566544835	0.9994735910524158	0.9986531945568046	0.9993822850825574	0.9995297237487606	0.9992444977931332	0.9991658223486105	0.9992378318571081	0.999579540209499	0.9995608677641585	0.9991391932650023	0.998834832391791	0.999423615801141
0.9996269960589066	0.9995352417240481	0.9997028492631254	0.9995595164539414	0.9984876956610172	0.9994017988312277	0.9996683013638435	0.9996853341968536	0.9995896232706588	0.9989954568739416	0.9995758818802435	0.9995200206885	0.9996899316327541	0.9992093573300413	0.9996857549341476	0.9995606993039801	0.9995783277991273	0.9993248070490757	0.9995991982649894	0.9991846048898354	0.999203442256027	0.9987469935521782	0.9986148449472537	0.9994601713215778	0.9978679725423732	0.9979140205085015	0.9996354948430414	1.0	0.9995662615171438	0.999592996708148	0.9995669270189146	0.9995489326655128	0.9995332326851443	0.9996972090326902	0.9996622731758605	0.998234101459945	0.9996314003423381	0.9995859207622534	0.9987979558564527	0.9995581568013422	0.9995873438677428	0.9994033130465931	0.9992977759348294	0.99935232208214	0.9996673044615085	0.9995012308120548	0.9992842144730224	0.998946635502022	0.999506586580021
0.9993633864986776	0.9992655436982086	0.9994606473435712	0.9993527855038681	0.998333902452398	0.9991914634576621	0.999460091618686	0.9995600241687639	0.9993321235869769	0.998807609853688	0.9993680979270209	0.9995100833010947	0.9994460594297185	0.9990087294993254	0.9995787327120779	0.9993284174970767	0.9993089014900136	0.9990688425872672	0.99932082361693	0.9989170473586575	0.9990012908100699	0.9985008100840704	0.9983700912293231	0.9992403609108327	0.997686152693126	0.997705965587867	0.9994225062439921	0.9995662615171438	1.0	0.9995225755376861	0.9993723586517747	0.9993472565184088	0.9992781768174125	0.9994600674616476	0.9996347953969805	0.9981025426330702	0.9995974307565735	0.9993974418839972	0.9986455580755527	0.9993192480630744	0.9995537856525161	0.9992126436748194	0.9991364282002365	0.9991229467339597	0.9994600674616476	0.9994600674616476	0.9990560396036936	0.998729261867079	0.9994475517606088
0.9996144904041342	0.999472781292122	0.9997155480952753	0.9995844878070822	0.9985388025417157	0.9993509302648761	0.9996683013638435	0.9996543240840295	0.9995081923054199	0.998939908893877	0.9995696043990523	0.9995308935808913	0.9996837007445476	0.9991306833310148	0.999629991013369	0.9995045974246088	0.9995533565998741	0.9992673863072155	0.9995171930235489	0.999080447799903	0.9991964919040858	0.9986458442901655	0.9985253107600559	0.9994100900021202	0.9978334167343504	0.9978567559148379	0.9995857620332809	0.999592996708148	0.9995225755376861	1.0	0.9995295432565212	0.9994804311429052	0.999482377489658	0.9996599428159152	0.9996983071036077	0.998234101459945	0.9996549842996462	0.9995610360951845	0.998782747433418	0.9995017277908861	0.9996116050969566	0.999352574498753	0.99927581994034	0.999333267684373	0.9995867125859133	0.9994811275986133	0.9992290427269297	0.9989072184338008	0.9994375213001003
0.999464055283861	0.9994164666067974	0.9995692185250397	0.9994657068379026	0.998333902452398	0.9991978568100208	0.9995612042972065	0.999542009171834	0.999483096530672	0.9987727067657101	0.9994878893312003	0.99952330854937	0.9995588376752604	0.9990302832415321	0.999542009171834	0.9993921094543654	0.9994156794511655	0.9991137786096143	0.999352574498753	0.9990151838065873	0.9990152717532781	0.9985298675260206	0.9984273616302007	0.999366207002333	0.9977555346511868	0.997705965587867	0.999454649656026	0.9995669270189146	0.9993723586517747	0.9995295432565212	1.0	0.999454649656026	0.9993676686706638	0.9995790560829596	0.9995856031825687	0.9981519381726631	0.9996353551682482	0.9993921094543654	0.9986531945568046	0.9993570845874167	0.9995731535700294	0.9992190169360798	0.9991658223486105	0.9991868207197674	0.9995108356338581	0.999454649656026	0.9990837805665543	0.998775490168549	0.9994171396255408
0.999464055283861	0.9994289892105033	0.9995883414731773	0.9995282759210379	0.9983210542127685	0.999204248935382	0.9995106863158529	0.9995735624689912	0.9995081923054199	0.9987866723921374	0.9994248949212264	0.9995178130684388	0.9995838477497042	0.9989943525835562	0.9996048747992885	0.9994358999200201	0.9994470197092489	0.9991137786096143	0.999352574498753	0.9989759639270984	0.9990222600243241	0.9985371279245616	0.9983455165692625	0.9994851837775359	0.9977208617653506	0.997698768014916	0.999442365306693	0.9995489326655128	0.9993472565184088	0.9994804311429052	0.999454649656026	1.0	0.999386814257011	0.9996039652286084	0.9995675904815731	0.9980613235884106	0.9995427110709718	0.9993675471225293	0.998599702362148	0.9993066263318248	0.9995178130684388	0.999142457193044	0.99906282912677	0.9991293396479124	0.9995178130684388	0.9994617244394455	0.9990907121981223	0.9987556858990344	0.999411788483111
0.9992397494413968	0.999258968670998	0.9988798875224425	0.9992717753326039	0.9973826917010932	0.9986644740672589	0.9990082494384316	0.9995014572859067	0.999182025123248	0.9981594599523981	0.9991177694364224	0.9994950985678241	0.9993548988306213	0.9982233521670107	0.9995459343643991	0.9992845770721992	0.9993229527973464	0.9986057429010397	0.9989177852546622	0.9982753504821864	0.9983944876856559	0.9978105520668995	0.9977168259808459	0.999182025123248	0.9969576400940884	0.9969489459108386	0.9994314445477701	0.9995332326851443	0.9992781768174125	0.999482377489658	0.9993676686706638	0.999386814257011	1.0	0.9994505535272248	0.999609370230592	0.9973695185062708	0.9995713232056583	0.9993804336174222	0.9979977561664093	0.9991113370440815	0.9994569207521162	0.9987621296682504	0.9985055885914405	0.998710082332642	0.9994441850851854	0.9994314445477701	0.9983973831233584	0.9981694555934922	0.9994059488463267
0.999595723117142	0.9995664280842672	0.9997345872746519	0.9995844878070822	0.9983980693482473	0.9993509302648761	0.9996431330046208	0.9997220300440389	0.9995708491660539	0.9989190544880151	0.9996009799847159	0.9997034160189817	0.9997335152588244	0.9991020284637212	0.9996847915905714	0.9995977396877476	0.9994908465988517	0.9992226571945537	0.9994223200962432	0.9990282468416042	0.9991477987866675	0.9986168879600953	0.9985008504885045	0.9994914339584899	0.9978334167343504	0.9977706737440702	0.9995977396877476	0.9996972090326902	0.9994600674616476	0.9996599428159152	0.9995790560829596	0.9996039652286084	0.9994505535272248	1.0	0.9997530303326371	0.9981190159626249	0.9997406336775522	0.9995354202187658	0.9987294631750557	0.9994200501169479	0.9997158265242185	0.9992763214769893	0.9991805097001756	0.9992696741910522	0.9996972090326902	0.9996101896065052	0.9991391932650023	0.9988874923876783	0.9995852851153654
0.9997081686136315	0.9995601931470416	0.9997726330318595	0.9996530626876854	0.9986407814916543	0.9994842949450299	0.999737416494514	0.9997720093052013	0.9996146389662769	0.9990439854618544	0.9996323260535611	0.9995337485228214	0.9997459572608735	0.9992664582854314	0.9998155089988554	0.9995918262448767	0.9996531293064336	0.9993948538030715	0.9995991982649894	0.9991976016525408	0.9992728661226912	0.998775836983082	0.9986716961137255	0.9995289104411466	0.9979111168797639	0.9979497608822286	0.9996851535357811	0.9996622731758605	0.9996347953969805	0.9996983071036077	0.9995856031825687	0.9995675904815731	0.999609370230592	0.9997530303326371	1.0	0.9983078753523121	0.9996933508151165	0.9996480512423912	0.9988587201723563	0.9996269960589066	0.9996306970224288	0.9994919199809332	0.9994437805638486	0.9994474309297694	0.9996796859291602	0.9995322361757975	0.9993599267217506	0.9990515201403344	0.9995872650630018
0.9979621890140153	0.9979787319719843	0.9973863588531049	0.9980860611428805	0.9907144001569511	0.9977213869380753	0.9977213869380753	0.9981683870695329	0.9978378538913758	0.9949324443956123	0.9977463784992822	0.9981848278385401	0.9979787319719843	0.9940134537310023	0.9982423066408757	0.9979952667073299	0.9979870003669655	0.997470432874093	0.9977796713949608	0.9968431904089499	0.9948961697267021	0.993938821759306	0.9902568498768414	0.9979621890140153	0.9894283110267973	0.9944669430151973	0.9980530736476855	0.998234101459945	0.9981025426330702	0.998234101459945	0.9981519381726631	0.9980613235884106	0.9973695185062708	0.9981190159626249	0.9983078753523121	1.0	0.9982669100508778	0.9981107803174134	0.9923019671736966	0.9979290783969202	0.9982258942551923	0.997663000156748	0.9936008814992914	0.9976128726249478	0.998135481139756	0.9982094737701596	0.9952481667793454	0.9964904986407483	0.9980200534110957
0.9997019315862448	0.9995477197712518	0.9997155480952753	0.9995844878070822	0.9985515670098805	0.9994525898411927	0.9996934507277178	0.9997163154786118	0.9996333884207782	0.9990231961545911	0.9996385917302787	0.9995141927331261	0.9997272925153671	0.9992165003051671	0.9997228791051911	0.9995544704247836	0.9996219824163783	0.9993693992947512	0.9995802918848024	0.9992040981325548	0.9992520541519435	0.998732562460249	0.9986716961137255	0.9995226672874079	0.9978938658595511	0.9979140205085015	0.9996975566544835	0.9996314003423381	0.9995974307565735	0.9996549842996462	0.9996353551682482	0.9995427110709718	0.9995713232056583	0.9997406336775522	0.9996933508151165	0.9982669100508778	1.0	0.9996356344108713	0.9988587201723563	0.9996144904041342	0.9996183161615261	0.9994223200962432	0.999385455480157	0.9993840552114884	0.9996796859291602	0.9995322361757975	0.9993117661149046	0.9990122271040152	0.999537639889569
