/home/jshaw/scratch/2022_sketched_distance/references/SGB_genome_fastas_part3/4750/BackhedF_2015__SID130_12M__bin.8.fa	/home/jshaw/scratch/2022_sketched_distance/references/SGB_genome_fastas_part3/4750/BackhedF_2015__SID130_4M__bin.2.fa	/home/jshaw/scratch/2022_sketched_distance/references/SGB_genome_fastas_part3/4750/BackhedF_2015__SID591_12M__bin.5.fa	/home/jshaw/scratch/2022_sketched_distance/references/SGB_genome_fastas_part3/4750/BackhedF_2015__SID624_12M__bin.9.fa	/home/jshaw/scratch/2022_sketched_distance/references/SGB_genome_fastas_part3/4750/CosteaPI_2017__SID713A037-11-0-0__bin.30.fa	/home/jshaw/scratch/2022_sketched_distance/references/SGB_genome_fastas_part3/4750/CosteaPI_2017__SID713A037-11-90-0__bin.13.fa	/home/jshaw/scratch/2022_sketched_distance/references/SGB_genome_fastas_part3/4750/FengQ_2015__SID31428__bin.43.fa	/home/jshaw/scratch/2022_sketched_distance/references/SGB_genome_fastas_part3/4750/FengQ_2015__SID531333__bin.39.fa	/home/jshaw/scratch/2022_sketched_distance/references/SGB_genome_fastas_part3/4750/FengQ_2015__SID532826__bin.1.fa	/home/jshaw/scratch/2022_sketched_distance/references/SGB_genome_fastas_part3/4750/GeversD_2014__SKBSTL059__bin.3.fa	/home/jshaw/scratch/2022_sketched_distance/references/SGB_genome_fastas_part3/4750/HeQ_2017__SZAXPI029480-66__bin.2.fa	/home/jshaw/scratch/2022_sketched_distance/references/SGB_genome_fastas_part3/4750/HeQ_2017__SZAXPI029555-35__bin.91.fa	/home/jshaw/scratch/2022_sketched_distance/references/SGB_genome_fastas_part3/4750/HeQ_2017__SZAXPI029585-104__bin.20.fa	/home/jshaw/scratch/2022_sketched_distance/references/SGB_genome_fastas_part3/4750/HeQ_2017__SZAXPI029587-106__bin.17.fa	/home/jshaw/scratch/2022_sketched_distance/references/SGB_genome_fastas_part3/4750/HeQ_2017__SZAXPI029598-166__bin.49.fa	/home/jshaw/scratch/2022_sketched_distance/references/SGB_genome_fastas_part3/4750/KarlssonFH_2013__S205__bin.25.fa	/home/jshaw/scratch/2022_sketched_distance/references/SGB_genome_fastas_part3/4750/KosticAD_2015__PRJNA231909.3112359__bin.15.fa	/home/jshaw/scratch/2022_sketched_distance/references/SGB_genome_fastas_part3/4750/LeChatelierE_2013__MH0127__bin.13.fa	/home/jshaw/scratch/2022_sketched_distance/references/SGB_genome_fastas_part3/4750/LeChatelierE_2013__MH0236__bin.16.fa	/home/jshaw/scratch/2022_sketched_distance/references/SGB_genome_fastas_part3/4750/LiJ_2014__V1.FI10__bin.30.fa	/home/jshaw/scratch/2022_sketched_distance/references/SGB_genome_fastas_part3/4750/LiuW_2016__SRR3992985__bin.77.fa	/home/jshaw/scratch/2022_sketched_distance/references/SGB_genome_fastas_part3/4750/LiuW_2016__SRR3992999__bin.11.fa	/home/jshaw/scratch/2022_sketched_distance/references/SGB_genome_fastas_part3/4750/LoombaR_2017__SID0006_evh__bin.65.fa	/home/jshaw/scratch/2022_sketched_distance/references/SGB_genome_fastas_part3/4750/NielsenHB_2014__MH0127__bin.2.fa	/home/jshaw/scratch/2022_sketched_distance/references/SGB_genome_fastas_part3/4750/NielsenHB_2014__V1_CD20_4__bin.10.fa	/home/jshaw/scratch/2022_sketched_distance/references/SGB_genome_fastas_part3/4750/NielsenHB_2014__V1_CD25_0__bin.12.fa	/home/jshaw/scratch/2022_sketched_distance/references/SGB_genome_fastas_part3/4750/NielsenHB_2014__V1_UC7_0__bin.5.fa	/home/jshaw/scratch/2022_sketched_distance/references/SGB_genome_fastas_part3/4750/QinJ_2012__CON-023__bin.42.fa	/home/jshaw/scratch/2022_sketched_distance/references/SGB_genome_fastas_part3/4750/QinJ_2012__CON-029__bin.9.fa	/home/jshaw/scratch/2022_sketched_distance/references/SGB_genome_fastas_part3/4750/QinJ_2012__CON-035__bin.6.fa	/home/jshaw/scratch/2022_sketched_distance/references/SGB_genome_fastas_part3/4750/QinJ_2012__CON-049__bin.3.fa	/home/jshaw/scratch/2022_sketched_distance/references/SGB_genome_fastas_part3/4750/QinJ_2012__CON-065__bin.22.fa	/home/jshaw/scratch/2022_sketched_distance/references/SGB_genome_fastas_part3/4750/QinJ_2012__T2D-038__bin.20.fa	/home/jshaw/scratch/2022_sketched_distance/references/SGB_genome_fastas_part3/4750/QinN_2014__LD-76__bin.25.fa	/home/jshaw/scratch/2022_sketched_distance/references/SGB_genome_fastas_part3/4750/VatanenT_2016__G80466__bin.1.fa	/home/jshaw/scratch/2022_sketched_distance/references/SGB_genome_fastas_part3/4750/VogtmannE_2016__MMRS81130264ST-27-0-0__bin.26.fa	/home/jshaw/scratch/2022_sketched_distance/references/SGB_genome_fastas_part3/4750/VogtmannE_2016__MMRS93621581ST-27-0-0__bin.23.fa	/home/jshaw/scratch/2022_sketched_distance/references/SGB_genome_fastas_part3/4750/WenC_2017__RA134__bin.31.fa	/home/jshaw/scratch/2022_sketched_distance/references/SGB_genome_fastas_part3/4750/XieH_2016__YSZC12003_35704__bin.10.fa	/home/jshaw/scratch/2022_sketched_distance/references/SGB_genome_fastas_part3/4750/YuJ_2015__SZAXPI015246-34__bin.44.fa	/home/jshaw/scratch/2022_sketched_distance/references/SGB_genome_fastas_part3/4750/YuJ_2015__SZAXPI015254-45__bin.10.fa	/home/jshaw/scratch/2022_sketched_distance/references/SGB_genome_fastas_part3/4750/YuJ_2015__SZAXPI015257-56__bin.49.fa	/home/jshaw/scratch/2022_sketched_distance/references/SGB_genome_fastas_part3/4750/YuJ_2015__SZAXPI017587-113__bin.24.fa	/home/jshaw/scratch/2022_sketched_distance/references/SGB_genome_fastas_part3/4750/ZellerG_2014__CCIS16383318ST-4-0__bin.38.fa
1.0	0.998174926208443	0.9874142460151024	0.9868382864864879	0.9818772174857241	0.9831369973623821	0.9880382321594615	0.9850616297123984	0.986738824518204	0.9887172018596077	0.9877639025343441	0.9877546112120295	0.989189699060684	0.9838177121563557	0.9869876322359072	0.9917980892494689	0.985820980620976	0.9873120653032328	0.9894249901443359	0.9909632577506734	0.9855357352487946	0.9834941305299364	0.9892399890300975	0.9883220467584357	0.9890164394306257	0.9877394743576949	0.9903744283671276	0.9868448050955151	0.9860200805882204	0.9883660201251618	0.9862046723063419	0.9913479996775149	0.9865105667651779	0.9884671242542064	0.9896606652847686	0.9843026981416283	0.9844008551654518	0.9878391147728205	0.9899252107073052	0.9876849032042015	0.9881741057360934	0.987137576696181	0.9881391635295645	0.9892189379935592
0.998174926208443	1.0	0.9880740333686505	0.9883132930466832	0.9822193565524868	0.9817569098581103	0.9868613553123126	0.984616783533735	0.9878813662935328	0.9876952138845917	0.9851361475831989	0.9863655461730924	0.9874591347711918	0.9821922400312795	0.9857763909173443	0.9895995368432496	0.9868343197734745	0.9855593723179668	0.9880784253809656	0.9896096125079532	0.9842681311447404	0.983915781138104	0.9877448785362808	0.9870056455892898	0.9873126587764776	0.9885666024975737	0.9895600273124894	0.9878974650059258	0.9845930180303919	0.9892687710335721	0.9849355337797211	0.9895725250125187	0.9879135558518575	0.9868054026488408	0.9883200096565529	0.9832551278732423	0.9828582793580096	0.9868801083358025	0.9878934799396613	0.9880900381965323	0.9865515499126294	0.9879135558518575	0.9853361602943586	0.9881764650006359
0.9874142460151024	0.9880740333686505	1.0	0.9876518203609689	0.9797532391670103	0.9806881531156539	0.9857264528492857	0.983812733410705	0.9866824582569468	0.9886892372350705	0.9876599491794932	0.9874997383251436	0.9879915592076995	0.9834436027057943	0.9862220223818619	0.9895995368432496	0.9853695455209622	0.9903843247293853	0.9893915698312031	0.9895386752641757	0.9845753213448306	0.9827751200437469	0.988617772274922	0.9916582228429418	0.9891932968722169	0.9864218721871727	0.9891093573085773	0.986738824518204	0.9851541895498386	0.9868395007445607	0.9853706002355794	0.989922678829562	0.9859217464544514	0.9880884787702783	0.9887279623855925	0.9846870118300093	0.9834566887445856	0.9866809110071737	0.9885847329094208	0.9870726608564389	0.9871967542157509	0.9860722376704993	0.9866170995769802	0.9880909396455966
0.9868382864864879	0.9883132930466832	0.9876518203609689	1.0	0.9802008180307639	0.9812243323838711	0.9855549359881461	0.9845470199596469	0.988168571295967	0.9895180258295557	0.9858038598404008	0.9901414571619662	0.988907509992973	0.9828843822562298	0.9868069541319525	0.988977999566701	0.9882583521329052	0.9880429240250823	0.9915434451124824	0.9889836760580252	0.985124879551942	0.9829343086160736	0.9890279779661401	0.988998233105713	0.9881341934560974	0.9873528513544624	0.9886282170783125	0.9857055109002615	0.9857269690982648	0.9881539189540878	0.9855859911707429	0.9906275351103389	0.9890359972355384	0.9878391700625249	0.9885755713699919	0.9848774942011584	0.983479487722957	0.9885451927870782	0.9875927287556673	0.9901810669565234	0.986824758885745	0.9855023940306272	0.9856136482566347	0.9887522226262315
0.9818772174857241	0.9822193565524868	0.9797532391670103	0.9802008180307639	1.0	0.9973786326852353	0.9793756499500215	0.9812772526303196	0.9811156037068972	0.9833225118073438	0.9804725872311993	0.9805833416195594	0.9814655653716018	0.977605662432213	0.9802511889087816	0.9823525519830006	0.9802394496840896	0.980187029452002	0.9820202920579408	0.9825425664957269	0.9813234554149634	0.9793589909593843	0.9828025931454923	0.9812334707094691	0.9820785660036159	0.9813216857349966	0.9816934602418366	0.9816376442006718	0.9802711177713215	0.9820968162883275	0.9798878257210563	0.9839883786777399	0.9806804619943733	0.9817330946679003	0.9812908278674567	0.9800294499532229	0.980424027996429	0.9811679028954625	0.9816475294797057	0.9809082148212102	0.9813207201854306	0.9816746159816065	0.9803821375513494	0.9814515631024564
0.9831369973623821	0.9817569098581103	0.9806881531156539	0.9812243323838711	0.9973786326852353	1.0	0.9792195199224473	0.9813030239521074	0.9819643689151418	0.982556024158914	0.980168723909158	0.9802649586620878	0.980518852235693	0.9769600715581658	0.9794900354541628	0.9817165751261699	0.981204629874654	0.9795243584933451	0.9816414866466814	0.9819440861459963	0.9809840406813316	0.9805677985235297	0.9826307740901735	0.9804468990225864	0.9811085560862757	0.9821946302586728	0.9808137228824384	0.9820605080498469	0.9792108019952558	0.9828196249057071	0.9792546506070152	0.9828697437233184	0.981479390875105	0.9806503681383558	0.9806273209502525	0.980345990755705	0.9807972049569481	0.9801109517426367	0.9806673147739795	0.9819065496035846	0.9805885711472708	0.9823282052622462	0.9807848384068837	0.9808805058864085
0.9880382321594615	0.9868613553123126	0.9857264528492857	0.9855549359881461	0.9793756499500215	0.9792195199224473	1.0	0.9824694208820025	0.9855334332833087	0.9796304077283616	0.9723164401669294	0.9843062394930773	0.9830777507583135	0.9797113918183	0.983054561132797	0.9858118766892281	0.9849036511284054	0.9832165449582685	0.9835838148907753	0.9834923824487696	0.9806734565064783	0.9817772950337653	0.9817290184136512	0.9813646553499272	0.9848158289052054	0.9860244698064772	0.9807829609391419	0.9857050621438045	0.9781321570108611	0.9864664893317973	0.9806734565064783	0.9858331979954307	0.984705719690778	0.9843508670956054	0.9840596966285058	0.9823036907905945	0.9728436191408383	0.9794015991764788	0.9844843868744009	0.9853609030456993	0.9834923824487696	0.9869438843756754	0.9818255005420451	0.9839921348333032
0.9850616297123984	0.984616783533735	0.983812733410705	0.9845470199596469	0.9812772526303196	0.9813030239521074	0.9824694208820025	1.0	0.9853665679765559	0.9864314096467455	0.9817853223004428	0.9828340326399938	0.9839875814652564	0.9788141075889065	0.9822469336093372	0.9851252223329315	0.9829891882608398	0.9832132483828551	0.9850365482694851	0.9855219640234705	0.9855913649612832	0.984304079278473	0.9860430628563591	0.9840740404825112	0.985100818687436	0.9844431226843283	0.9854237754960732	0.9836354534234514	0.9831466040760101	0.9846850399807074	0.9819357850714384	0.9861883594615819	0.9836709861808292	0.983796696349432	0.9847462440869887	0.9850668777249749	0.9850372762954457	0.9834722360808092	0.9844419933107053	0.9847538329542086	0.9835930443267628	0.9848224820568974	0.9823668894232525	0.9841856501996192
0.986738824518204	0.9878813662935328	0.9866824582569468	0.988168571295967	0.9811156037068972	0.9819643689151418	0.9855334332833087	0.9853665679765559	1.0	0.9889955508559631	0.9883468524092737	0.9886777669694325	0.9884796443379307	0.9826417634614901	0.986788831620736	0.9890422888640789	0.9864396066937451	0.9877490519079659	0.9906383296448159	0.9892533906756078	0.9855171710579563	0.9832678549061677	0.989098799905536	0.988923782738242	0.9888224157614884	0.9870494716095051	0.9883849869929479	0.9854396729420393	0.9862485625555668	0.9873932966794889	0.985566468430427	0.9904566216602442	0.9870352498399384	0.9880719167773018	0.9878202299435082	0.9854763256347716	0.9850590033024076	0.9876456554202591	0.9878268833481074	0.9888908841686765	0.9866542694217549	0.986306787010919	0.9864491643622476	0.9886850062708139
0.9887172018596077	0.9876952138845917	0.9886892372350705	0.9895180258295557	0.9833225118073438	0.982556024158914	0.9796304077283616	0.9864314096467455	0.9889955508559631	1.0	0.9618529710748981	0.987781601273949	0.984709146652819	0.9813890427771483	0.9851793929554817	0.9879250784938862	0.9872598433718389	0.9854274643135215	0.986936870843345	0.9851170812190876	0.9848980541944974	0.9869958294235059	0.985978869036506	0.9835522763992359	0.9876952138845917	0.9893264968113588	0.9786193123898056	0.9878964330187952	0.9792968440381494	0.9898977795455457	0.9833554340853665	0.9885209493152383	0.9880679333048829	0.9879822947996566	0.9864613586852853	0.9860092330098936	0.9764979107374991	0.9838129078138332	0.9863413985082518	0.9886612488613798	0.986281253888482	0.9884646618077944	0.9843280381129865	0.9866404823654292
0.9877639025343441	0.9851361475831989	0.9876599491794932	0.9858038598404008	0.9804725872311993	0.980168723909158	0.9723164401669294	0.9817853223004428	0.9883468524092737	0.9618529710748981	1.0	0.9842627113226579	0.9824428005804838	0.9769635621895952	0.98149346966549	0.9836802910325443	0.9833653847957449	0.980037626700945	0.9813255203552629	0.9792846359308895	0.9797738432878699	0.9821157119745729	0.9791049089705817	0.9757878367585807	0.9864942512008458	0.9885163631248128	0.9635724729057619	0.9869229352424725	0.974203431229858	0.9890197256391736	0.9770596491645827	0.9882447257571869	0.9862053254027533	0.9835625553750419	0.9818682329014995	0.980601954423794	0.9789694612520422	0.976867190863061	0.9840309827584746	0.9870292389748304	0.9831272037847959	0.9849105257154419	0.9886850062708139	0.9821567771965724
0.9877546112120295	0.9863655461730924	0.9874997383251436	0.9901414571619662	0.9805833416195594	0.9802649586620878	0.9843062394930773	0.9828340326399938	0.9886777669694325	0.987781601273949	0.9842627113226579	1.0	0.9869931328400723	0.9821304604390215	0.9852297292445917	0.9876818875038665	0.9888930755271054	0.9859651627506208	0.990942798594651	0.9877324993541005	0.9838018843658595	0.9829811637469638	0.9868292681469563	0.9870253908365979	0.9864700900279995	0.9879286987854722	0.9869121686170695	0.987291191085882	0.9852183272141348	0.9882585138627845	0.9844946244646458	0.990096372064489	0.9970077192767774	0.986528786280176	0.986255474376909	0.9830910801225597	0.9821776684718705	0.9864804998667029	0.9854067783234206	0.9914863473739834	0.9862068154138769	0.9858099627479242	0.9846853443225185	0.9872056521582433
0.989189699060684	0.9874591347711918	0.9879915592076995	0.988907509992973	0.9814655653716018	0.980518852235693	0.9830777507583135	0.9839875814652564	0.9884796443379307	0.984709146652819	0.9824428005804838	0.9869931328400723	1.0	0.9813542879821745	0.9857301916409384	0.9882636099331521	0.9873293180055903	0.9848002845870711	0.9861950756152046	0.9856620668849853	0.9816869911045599	0.9834483176749802	0.9831859227648335	0.9842248567107765	0.9877172424136621	0.9888720659109091	0.9852362537776089	0.9877722889019306	0.982059483403576	0.9908506492455544	0.9822991298529419	0.9929219126787384	0.9874220964843663	0.9867292596612448	0.9851793807250954	0.9834692234262924	0.9779830470891369	0.9850213184011972	0.9857106780267141	0.9879915592076995	0.9866345038670135	0.9878638290357078	0.9851396813574008	0.9864250750787249
0.9838177121563557	0.9821922400312795	0.9834436027057943	0.9828843822562298	0.977605662432213	0.9769600715581658	0.9797113918183	0.9788141075889065	0.9826417634614901	0.9813890427771483	0.9769635621895952	0.9821304604390215	0.9813542879821745	1.0	0.9800068689588092	0.9829849455177391	0.9824790134436728	0.979154536387837	0.9802137487990468	0.9819664482904905	0.9766446074030154	0.9785851656438259	0.9803802266653402	0.9805191927348307	0.9803297281080132	0.9834831842774818	0.9816335424102436	0.9848392776847555	0.9812499254145056	0.9851227191752302	0.98057725135613	0.9834633994655541	0.9834237939835225	0.9824177730697505	0.9807352530924618	0.9786769353117669	0.9750801428459722	0.980037626700945	0.9811894931024453	0.9828843822562298	0.9830050211851339	0.9836803784762722	0.9862690011523014	0.9806332246674403
0.9869876322359072	0.9857763909173443	0.9862220223818619	0.9868069541319525	0.9802511889087816	0.9794900354541628	0.983054561132797	0.9822469336093372	0.986788831620736	0.9851793929554817	0.98149346966549	0.9852297292445917	0.9857301916409384	0.9800068689588092	1.0	0.9865705790343755	0.9862957104336283	0.9825577278378674	0.9838119533941871	0.9857617758369511	0.9808649748587897	0.9825783429560421	0.9835019742561187	0.9836173857275082	0.9851726552688592	0.9866980689876441	0.9849393961706493	0.9864792112320452	0.9824801018170638	0.9885362356064479	0.9823261182616881	0.9877005844125832	0.9858883665416319	0.9860741488860277	0.9845576118962458	0.9822677452492483	0.9781175889143822	0.9830286238807381	0.9854759100823538	0.9866434909411155	0.9841279830510047	0.9868612618363053	0.9839110401671842	0.9865523257714834
0.9917980892494689	0.9895995368432496	0.9895995368432496	0.988977999566701	0.9823525519830006	0.9817165751261699	0.9858118766892281	0.9851252223329315	0.9890422888640789	0.9879250784938862	0.9836802910325443	0.9876818875038665	0.9882636099331521	0.9829849455177391	0.9865705790343755	1.0	0.9874804698217564	0.9867082952527308	0.9876934232656372	0.9903800193098703	0.983408216849988	0.9839280207041354	0.9878736254368233	0.9875540826528754	0.9882663965644998	0.9895205041438863	0.989701074225737	0.9890101598867903	0.9852610161727199	0.9904258471548523	0.9850944074927248	0.9894924235843383	0.9888974612328557	0.9878558494916948	0.98837128082962	0.9844860071667465	0.9821064462571555	0.9871372746101262	0.988224457676708	0.9893618683424126	0.9867656389124722	0.9888974612328557	0.9862628400359854	0.9885332663307472
0.985820980620976	0.9868343197734745	0.9853695455209622	0.9882583521329052	0.9802394496840896	0.981204629874654	0.9849036511284054	0.9829891882608398	0.9864396066937451	0.9872598433718389	0.9833653847957449	0.9888930755271054	0.9873293180055903	0.9824790134436728	0.9862957104336283	0.9874804698217564	1.0	0.9854478268047132	0.9906865906963456	0.9875632829729257	0.983209596025453	0.981325025759283	0.987131053055268	0.986926545881585	0.9867130342161402	0.9868301260810624	0.9878682824387447	0.9859169150047291	0.9849825407932509	0.9872007126899859	0.9849156204021916	0.9895885219822197	0.9883177748157244	0.9876215650626345	0.9873127473628577	0.9830490343785528	0.9826251801756289	0.9869990502945138	0.9860990416147641	0.9888762614454821	0.9862587565859555	0.985531485383317	0.9848801813111646	0.9871352003434782
0.9873120653032328	0.9855593723179668	0.9903843247293853	0.9880429240250823	0.980187029452002	0.9795243584933451	0.9832165449582685	0.9832132483828551	0.9877490519079659	0.9854274643135215	0.980037626700945	0.9859651627506208	0.9848002845870711	0.979154536387837	0.9825577278378674	0.9867082952527308	0.9854478268047132	1.0	0.9854160332898869	0.9856220984248034	0.9810501895896923	0.9827312816810754	0.9858288910959851	0.9973924646796044	0.986293486316237	0.987505054479807	0.9851555583984555	0.9867082952527308	0.9818234500384438	0.9877490519079659	0.9817607982978508	0.9864564265995909	0.9864022028424192	0.9850355546497299	0.9842079714505048	0.9832530941155682	0.9784648214876058	0.9831400911258883	0.9851297083750771	0.9863841083670661	0.9848464333173412	0.9863116307202441	0.9829731512079287	0.9851672944041918
0.9894249901443359	0.9880784253809656	0.9893915698312031	0.9915434451124824	0.9820202920579408	0.9816414866466814	0.9835838148907753	0.9850365482694851	0.9906383296448159	0.986936870843345	0.9813255203552629	0.990942798594651	0.9861950756152046	0.9802137487990468	0.9838119533941871	0.9876934232656372	0.9906865906963456	0.9854160332898869	1.0	0.9861379344945301	0.9829485634032041	0.9844783850441853	0.9867723739681977	0.9861857119118084	0.9871431625666176	0.9900536264057297	0.9859537279400482	0.9876581988175714	0.9826191158496448	0.9900700088005421	0.982498117128367	0.9890385962894834	0.9918241960164345	0.9873394710805393	0.9860882511469065	0.9848451483814465	0.9808466415558693	0.9851890105363806	0.9857911841252435	0.9918707568976273	0.9859214814804665	0.9879039822311116	0.9852078593880113	0.9863093026232359
0.9909632577506734	0.9896096125079532	0.9895386752641757	0.9889836760580252	0.9825425664957269	0.9819440861459963	0.9834923824487696	0.9855219640234705	0.9892533906756078	0.9851170812190876	0.9792846359308895	0.9877324993541005	0.9856620668849853	0.9819664482904905	0.9857617758369511	0.9903800193098703	0.9875632829729257	0.9856220984248034	0.9861379344945301	1.0	0.9836440370202827	0.9852803886905621	0.9851994671111602	0.9845457186240378	0.9883824191659689	0.9894675851327877	0.9867329715999779	0.9884925577219036	0.9825959877801772	0.9899620286080882	0.983686486708854	0.9891637307302779	0.9887481250312751	0.9875066836677876	0.9868197888105465	0.984894222646485	0.9782783096649993	0.9830955497167789	0.9871268469949089	0.989073826310836	0.9864903679648044	0.9891277983752583	0.9851994671111602	0.9876573994315644
0.9855357352487946	0.9842681311447404	0.9845753213448306	0.985124879551942	0.9813234554149634	0.9809840406813316	0.9806734565064783	0.9855913649612832	0.9855171710579563	0.9848980541944974	0.9797738432878699	0.9838018843658595	0.9816869911045599	0.9766446074030154	0.9808649748587897	0.983408216849988	0.983209596025453	0.9810501895896923	0.9829485634032041	0.9836440370202827	1.0	0.9979099087663231	0.9838979812881782	0.9822079601378761	0.9826672276369588	0.984632600743744	0.9827826046279646	0.9844604617562446	0.9804198204622278	0.9851812088968824	0.9802802845338032	0.9841521892697838	0.9846516716837072	0.9830097641394461	0.9818579538786	0.9853309498292877	0.9829047008223978	0.9816605612121622	0.9828288675019983	0.9847088181078626	0.9821157272443533	0.9849553094005958	0.9803814524370376	0.9825251354638495
0.9834941305299364	0.983915781138104	0.9827751200437469	0.9829343086160736	0.9793589909593843	0.9805677985235297	0.9817772950337653	0.984304079278473	0.9832678549061677	0.9869958294235059	0.9821157119745729	0.9829811637469638	0.9834483176749802	0.9785851656438259	0.9825783429560421	0.9839280207041354	0.981325025759283	0.9827312816810754	0.9844783850441853	0.9852803886905621	0.9979099087663231	1.0	0.9858679353755527	0.9839875474349455	0.9835579562221146	0.9829166591451627	0.9842822353891083	0.9828813316549307	0.9814661770340497	0.9835634407377469	0.9818921260104643	0.9851982932928804	0.9825616580911808	0.9837022221698006	0.9838768017438574	0.9844429698764517	0.9852754863494464	0.9835162688721141	0.9833908048639741	0.982899000161592	0.9827183629231893	0.9825438066407342	0.9811826391991678	0.9839533746925068
0.9892399890300975	0.9877448785362808	0.988617772274922	0.9890279779661401	0.9828025931454923	0.9826307740901735	0.9817290184136512	0.9860430628563591	0.989098799905536	0.985978869036506	0.9791049089705817	0.9868292681469563	0.9831859227648335	0.9803802266653402	0.9835019742561187	0.9878736254368233	0.987131053055268	0.9858288910959851	0.9867723739681977	0.9851994671111602	0.9838979812881782	0.9858679353755527	1.0	0.9850736146694272	0.9868482110262583	0.9887610322865773	0.9849393961706493	0.987763301800839	0.9817047919366673	0.9889214589682092	0.9812227622165949	0.987504433170749	0.9880201510025264	0.9863136421704947	0.9859653436064872	0.9861786309098812	0.9823904102155216	0.983538263109389	0.9862943887607921	0.9887073827333938	0.9861205987662918	0.9877080010515906	0.9847567617347898	0.9860042262039939
0.9883220467584357	0.9870056455892898	0.9916582228429418	0.988998233105713	0.9812334707094691	0.9804468990225864	0.9813646553499272	0.9840740404825112	0.988923782738242	0.9835522763992359	0.9757878367585807	0.9870253908365979	0.9842248567107765	0.9805191927348307	0.9836173857275082	0.9875540826528754	0.986926545881585	0.9973924646796044	0.9861857119118084	0.9845457186240378	0.9822079601378761	0.9839875474349455	0.9850736146694272	1.0	0.987901884449839	0.9885301352083392	0.9834134413818565	0.9879210994716107	0.9795172786571736	0.98868065110541	0.9818401395203241	0.9875929092384768	0.9874957567728728	0.986266611503105	0.9857576911597887	0.9845031178769437	0.9759527016011031	0.9811679028954625	0.9863271558191778	0.9876704253011084	0.9860843066403363	0.9877670644257557	0.9837703116117815	0.9863271558191778
0.9890164394306257	0.9873126587764776	0.9891932968722169	0.9881341934560974	0.9820785660036159	0.9811085560862757	0.9848158289052054	0.985100818687436	0.9888224157614884	0.9876952138845917	0.9864942512008458	0.9864700900279995	0.9877172424136621	0.9803297281080132	0.9851726552688592	0.9882663965644998	0.9867130342161402	0.986293486316237	0.9871431625666176	0.9883824191659689	0.9826672276369588	0.9835579562221146	0.9868482110262583	0.987901884449839	1.0	0.9889680404699258	0.9874188467356959	0.9874650979330165	0.9831920738185088	0.9894488624664992	0.9839452843844396	0.9888772096564401	0.9874988776367838	0.9861374824506369	0.9863827051739948	0.9840678566800934	0.9816276294343227	0.9857075971469197	0.9862604139228358	0.9880014575823697	0.985658963792481	0.9878681845595061	0.9843105655985874	0.9873110478755694
0.9877394743576949	0.9885666024975737	0.9864218721871727	0.9873528513544624	0.9813216857349966	0.9821946302586728	0.9860244698064772	0.9844431226843283	0.9870494716095051	0.9893264968113588	0.9885163631248128	0.9879286987854722	0.9888720659109091	0.9834831842774818	0.9866980689876441	0.9895205041438863	0.9868301260810624	0.987505054479807	0.9900536264057297	0.9894675851327877	0.984632600743744	0.9829166591451627	0.9887610322865773	0.9885301352083392	0.9889680404699258	1.0	0.989512877332404	0.9868145597577913	0.9849825407932509	0.9880939181714083	0.9856639663272668	0.9911502891195909	0.9863021631224653	0.9885488657874584	0.9892641615281919	0.9851354745293384	0.9839321693729921	0.9881271892623318	0.9885195206611896	0.9882114317366796	0.9875978280366198	0.9864777325531309	0.9877368738162826	0.9888527908283918
0.9903744283671276	0.9895600273124894	0.9891093573085773	0.9886282170783125	0.9816934602418366	0.9808137228824384	0.9807829609391419	0.9854237754960732	0.9883849869929479	0.9786193123898056	0.9635724729057619	0.9869121686170695	0.9852362537776089	0.9816335424102436	0.9849393961706493	0.989701074225737	0.9878682824387447	0.9851555583984555	0.9859537279400482	0.9867329715999779	0.9827826046279646	0.9842822353891083	0.9849393961706493	0.9834134413818565	0.9874188467356959	0.989512877332404	1.0	0.9882381823491944	0.9799412516016308	0.9892047483871041	0.9838647242589925	0.9880907205323155	0.9873181333034015	0.9879178431301455	0.9896306261541237	0.9843651037521576	0.9752632732419988	0.9828404579246282	0.9898648703931998	0.9890136894395771	0.987191806543273	0.9878434740928813	0.9846124605391045	0.9872929067158174
0.9868448050955151	0.9878974650059258	0.986738824518204	0.9857055109002615	0.9816376442006718	0.9820605080498469	0.9857050621438045	0.9836354534234514	0.9854396729420393	0.9878964330187952	0.9869229352424725	0.987291191085882	0.9877722889019306	0.9848392776847555	0.9864792112320452	0.9890101598867903	0.9859169150047291	0.9867082952527308	0.9876581988175714	0.9884925577219036	0.9844604617562446	0.9828813316549307	0.987763301800839	0.9879210994716107	0.9874650979330165	0.9868145597577913	0.9882381823491944	1.0	0.9863312547489305	0.9888957646417169	0.98652867076358	0.9899385069562461	0.9867539855231078	0.98871174305708	0.9894134095990085	0.9830307729529786	0.9832737238066279	0.9874510525034792	0.9897998678589692	0.9862751553014314	0.9942538115085761	0.9857410309925686	0.9883305310478827	0.9876425916642723
0.9860200805882204	0.9845930180303919	0.9851541895498386	0.9857269690982648	0.9802711177713215	0.9792108019952558	0.9781321570108611	0.9831466040760101	0.9862485625555668	0.9792968440381494	0.974203431229858	0.9852183272141348	0.982059483403576	0.9812499254145056	0.9824801018170638	0.9852610161727199	0.9849825407932509	0.9818234500384438	0.9826191158496448	0.9825959877801772	0.9804198204622278	0.9814661770340497	0.9817047919366673	0.9795172786571736	0.9831920738185088	0.9849825407932509	0.9799412516016308	0.9863312547489305	1.0	0.9875870906349264	0.980983661346983	0.985915697771357	0.985558295368231	0.9844402797005474	0.9816572079622378	0.9815379444016499	0.9744250435082098	0.9796441330128582	0.9828495028128345	0.9860200805882204	0.9856427404778344	0.9863312547489305	0.9851755826926555	0.9829412058463327
0.9883660201251618	0.9892687710335721	0.9868395007445607	0.9881539189540878	0.9820968162883275	0.9828196249057071	0.9864664893317973	0.9846850399807074	0.9873932966794889	0.9898977795455457	0.9890197256391736	0.9882585138627845	0.9908506492455544	0.9851227191752302	0.9885362356064479	0.9904258471548523	0.9872007126899859	0.9877490519079659	0.9900700088005421	0.9899620286080882	0.9851812088968824	0.9835634407377469	0.9889214589682092	0.98868065110541	0.9894488624664992	0.9880939181714083	0.9892047483871041	0.9888957646417169	0.9875870906349264	1.0	0.9868119245514805	0.9918894123100988	0.9867529280053194	0.9904984282662274	0.9891142348831673	0.9849120089231126	0.983479487722957	0.9945373302494255	0.9889088724660864	0.9884493554188315	0.9895173882129848	0.9868935968638946	0.9888198131786088	0.9887186315844811
0.9862046723063419	0.9849355337797211	0.9853706002355794	0.9855859911707429	0.9798878257210563	0.9792546506070152	0.9806734565064783	0.9819357850714384	0.985566468430427	0.9833554340853665	0.9770596491645827	0.9844946244646458	0.9822991298529419	0.98057725135613	0.9823261182616881	0.9850944074927248	0.9849156204021916	0.9817607982978508	0.982498117128367	0.983686486708854	0.9802802845338032	0.9818921260104643	0.9812227622165949	0.9818401395203241	0.9839452843844396	0.9856639663272668	0.9838647242589925	0.98652867076358	0.980983661346983	0.9868119245514805	1.0	0.9867554686121074	0.9853116112976141	0.984715819435912	0.9830087599506337	0.9812969555788441	0.9762668643278283	0.9820999969430233	0.9842312753547754	0.9862046723063419	0.9851340060992623	0.992258731360268	0.9832401710040563	0.9838013483152532
0.9913479996775149	0.9895725250125187	0.989922678829562	0.9906275351103389	0.9839883786777399	0.9828697437233184	0.9858331979954307	0.9861883594615819	0.9904566216602442	0.9885209493152383	0.9882447257571869	0.990096372064489	0.9929219126787384	0.9834633994655541	0.9877005844125832	0.9894924235843383	0.9895885219822197	0.9864564265995909	0.9890385962894834	0.9891637307302779	0.9841521892697838	0.9851982932928804	0.987504433170749	0.9875929092384768	0.9888772096564401	0.9911502891195909	0.9880907205323155	0.9899385069562461	0.985915697771357	0.9918894123100988	0.9867554686121074	1.0	0.9913934576822118	0.9879659233925763	0.9877158734566391	0.9854168668673005	0.9827885235968009	0.9875873952438606	0.9874238816097431	0.991058637518276	0.9880330554895616	0.9909360384954361	0.9878818153683098	0.9889363639048999
0.9865105667651779	0.9879135558518575	0.9859217464544514	0.9890359972355384	0.9806804619943733	0.981479390875105	0.984705719690778	0.9836709861808292	0.9870352498399384	0.9880679333048829	0.9862053254027533	0.9970077192767774	0.9874220964843663	0.9834237939835225	0.9858883665416319	0.9888974612328557	0.9883177748157244	0.9864022028424192	0.9918241960164345	0.9887481250312751	0.9846516716837072	0.9825616580911808	0.9880201510025264	0.9874957567728728	0.9874988776367838	0.9863021631224653	0.9873181333034015	0.9867539855231078	0.985558295368231	0.9867529280053194	0.9853116112976141	0.9913934576822118	1.0	0.9877221768817415	0.9879069417446711	0.9843026981416283	0.9836159496353186	0.9873141426455263	0.9869143881427137	0.9915038483501705	0.9878954587968658	0.9853262852186366	0.9865668089999013	0.9883977972588028
0.9884671242542064	0.9868054026488408	0.9880884787702783	0.9878391700625249	0.9817330946679003	0.9806503681383558	0.9843508670956054	0.983796696349432	0.9880719167773018	0.9879822947996566	0.9835625553750419	0.986528786280176	0.9867292596612448	0.9824177730697505	0.9860741488860277	0.9878558494916948	0.9876215650626345	0.9850355546497299	0.9873394710805393	0.9875066836677876	0.9830097641394461	0.9837022221698006	0.9863136421704947	0.986266611503105	0.9861374824506369	0.9885488657874584	0.9879178431301455	0.98871174305708	0.9844402797005474	0.9904984282662274	0.984715819435912	0.9879659233925763	0.9877221768817415	1.0	0.9872597998123388	0.9834934158047097	0.9812394664563644	0.9867208470984986	0.9866846691554462	0.9885978135523461	0.9863372537626921	0.9878725204764389	0.9858977573879891	0.9867984784996688
0.9896606652847686	0.9883200096565529	0.9887279623855925	0.9885755713699919	0.9812908278674567	0.9806273209502525	0.9840596966285058	0.9847462440869887	0.9878202299435082	0.9864613586852853	0.9818682329014995	0.986255474376909	0.9851793807250954	0.9807352530924618	0.9845576118962458	0.98837128082962	0.9873127473628577	0.9842079714505048	0.9860882511469065	0.9868197888105465	0.9818579538786	0.9838768017438574	0.9859653436064872	0.9857576911597887	0.9863827051739948	0.9892641615281919	0.9896306261541237	0.9894134095990085	0.9816572079622378	0.9891142348831673	0.9830087599506337	0.9877158734566391	0.9879069417446711	0.9872597998123388	1.0	0.9841885831558412	0.9812394664563644	0.9843418503364698	0.9923406549132564	0.988337108914902	0.987189070300745	0.9879934258160536	0.9852945889587442	0.9864551880436176
0.9843026981416283	0.9832551278732423	0.9846870118300093	0.9848774942011584	0.9800294499532229	0.980345990755705	0.9823036907905945	0.9850668777249749	0.9854763256347716	0.9860092330098936	0.980601954423794	0.9830910801225597	0.9834692234262924	0.9786769353117669	0.9822677452492483	0.9844860071667465	0.9830490343785528	0.9832530941155682	0.9848451483814465	0.984894222646485	0.9853309498292877	0.9844429698764517	0.9861786309098812	0.9845031178769437	0.9840678566800934	0.9851354745293384	0.9843651037521576	0.9830307729529786	0.9815379444016499	0.9849120089231126	0.9812969555788441	0.9854168668673005	0.9843026981416283	0.9834934158047097	0.9841885831558412	1.0	0.9867315632169257	0.9834501974863983	0.9835050575448874	0.9845303361872547	0.9827761245984159	0.9842147227986644	0.9818479916358601	0.9839727939312001
0.9844008551654518	0.9828582793580096	0.9834566887445856	0.983479487722957	0.980424027996429	0.9807972049569481	0.9728436191408383	0.9850372762954457	0.9850590033024076	0.9764979107374991	0.9789694612520422	0.9821776684718705	0.9779830470891369	0.9750801428459722	0.9781175889143822	0.9821064462571555	0.9826251801756289	0.9784648214876058	0.9808466415558693	0.9782783096649993	0.9829047008223978	0.9852754863494464	0.9823904102155216	0.9759527016011031	0.9816276294343227	0.9839321693729921	0.9752632732419988	0.9832737238066279	0.9744250435082098	0.983479487722957	0.9762668643278283	0.9827885235968009	0.9836159496353186	0.9812394664563644	0.9812394664563644	0.9867315632169257	1.0	0.9753736051529691	0.9831588498875771	0.9840891431681161	0.9809945044374025	0.9841785063584115	0.9838195834746424	0.9808466415558693
0.9878391147728205	0.9868801083358025	0.9866809110071737	0.9885451927870782	0.9811679028954625	0.9801109517426367	0.9794015991764788	0.9834722360808092	0.9876456554202591	0.9838129078138332	0.976867190863061	0.9864804998667029	0.9850213184011972	0.980037626700945	0.9830286238807381	0.9871372746101262	0.9869990502945138	0.9831400911258883	0.9851890105363806	0.9830955497167789	0.9816605612121622	0.9835162688721141	0.983538263109389	0.9811679028954625	0.9857075971469197	0.9881271892623318	0.9828404579246282	0.9874510525034792	0.9796441330128582	0.9945373302494255	0.9820999969430233	0.9875873952438606	0.9873141426455263	0.9867208470984986	0.9843418503364698	0.9834501974863983	0.9753736051529691	1.0	0.9856457972781345	0.9880314441428132	0.9859536408311007	0.9872749207062156	0.9840617468679286	0.9840184409555764
0.9899252107073052	0.9878934799396613	0.9885847329094208	0.9875927287556673	0.9816475294797057	0.9806673147739795	0.9844843868744009	0.9844419933107053	0.9878268833481074	0.9863413985082518	0.9840309827584746	0.9854067783234206	0.9857106780267141	0.9811894931024453	0.9854759100823538	0.988224457676708	0.9860990416147641	0.9851297083750771	0.9857911841252435	0.9871268469949089	0.9828288675019983	0.9833908048639741	0.9862943887607921	0.9863271558191778	0.9862604139228358	0.9885195206611896	0.9898648703931998	0.9897998678589692	0.9828495028128345	0.9889088724660864	0.9842312753547754	0.9874238816097431	0.9869143881427137	0.9866846691554462	0.9923406549132564	0.9835050575448874	0.9831588498875771	0.9856457972781345	1.0	0.9872213729438027	0.9876095094253284	0.9886498163602045	0.9859582229002841	0.9866914252072124
0.9876849032042015	0.9880900381965323	0.9870726608564389	0.9901810669565234	0.9809082148212102	0.9819065496035846	0.9853609030456993	0.9847538329542086	0.9888908841686765	0.9886612488613798	0.9870292389748304	0.9914863473739834	0.9879915592076995	0.9828843822562298	0.9866434909411155	0.9893618683424126	0.9888762614454821	0.9863841083670661	0.9918707568976273	0.989073826310836	0.9847088181078626	0.982899000161592	0.9887073827333938	0.9876704253011084	0.9880014575823697	0.9882114317366796	0.9890136894395771	0.9862751553014314	0.9860200805882204	0.9884493554188315	0.9862046723063419	0.991058637518276	0.9915038483501705	0.9885978135523461	0.988337108914902	0.9845303361872547	0.9840891431681161	0.9880314441428132	0.9872213729438027	1.0	0.9870788476627294	0.9866685060643744	0.9862803670529948	0.988414761384516
0.9881741057360934	0.9865515499126294	0.9871967542157509	0.986824758885745	0.9813207201854306	0.9805885711472708	0.9834923824487696	0.9835930443267628	0.9866542694217549	0.986281253888482	0.9831272037847959	0.9862068154138769	0.9866345038670135	0.9830050211851339	0.9841279830510047	0.9867656389124722	0.9862587565859555	0.9848464333173412	0.9859214814804665	0.9864903679648044	0.9821157272443533	0.9827183629231893	0.9861205987662918	0.9860843066403363	0.985658963792481	0.9875978280366198	0.987191806543273	0.9942538115085761	0.9856427404778344	0.9895173882129848	0.9851340060992623	0.9880330554895616	0.9878954587968658	0.9863372537626921	0.987189070300745	0.9827761245984159	0.9809945044374025	0.9859536408311007	0.9876095094253284	0.9870788476627294	1.0	0.9867225712906877	0.9869774475208596	0.9856935126688724
0.987137576696181	0.9879135558518575	0.9860722376704993	0.9855023940306272	0.9816746159816065	0.9823282052622462	0.9869438843756754	0.9848224820568974	0.986306787010919	0.9884646618077944	0.9849105257154419	0.9858099627479242	0.9878638290357078	0.9836803784762722	0.9868612618363053	0.9888974612328557	0.985531485383317	0.9863116307202441	0.9879039822311116	0.9891277983752583	0.9849553094005958	0.9825438066407342	0.9877080010515906	0.9877670644257557	0.9878681845595061	0.9864777325531309	0.9878434740928813	0.9857410309925686	0.9863312547489305	0.9868935968638946	0.992258731360268	0.9909360384954361	0.9853262852186366	0.9878725204764389	0.9879934258160536	0.9842147227986644	0.9841785063584115	0.9872749207062156	0.9886498163602045	0.9866685060643744	0.9867225712906877	1.0	0.9868008432188298	0.9880738078929888
