/home/jshaw/scratch/2022_sketched_distance/references/SGB_genome_fastas_part2/3926/BritoIL_2016__M2.44.ST__bin.3.fa	/home/jshaw/scratch/2022_sketched_distance/references/SGB_genome_fastas_part2/3926/CM_madagascar__A04_01_1FE__bin.22.fa	/home/jshaw/scratch/2022_sketched_distance/references/SGB_genome_fastas_part2/3926/CM_madagascar__A09_02_1FE__bin.24.fa	/home/jshaw/scratch/2022_sketched_distance/references/SGB_genome_fastas_part2/3926/CM_madagascar__A13_01_1FE__bin.9.fa	/home/jshaw/scratch/2022_sketched_distance/references/SGB_genome_fastas_part2/3926/CM_madagascar__A28_02_1FE__bin.14.fa	/home/jshaw/scratch/2022_sketched_distance/references/SGB_genome_fastas_part2/3926/CM_madagascar__A36_01_1FE__bin.33.fa	/home/jshaw/scratch/2022_sketched_distance/references/SGB_genome_fastas_part2/3926/CM_madagascar__A62_01_1FE__bin.5.fa	/home/jshaw/scratch/2022_sketched_distance/references/SGB_genome_fastas_part2/3926/CM_madagascar__A68_01_1FE__bin.11.fa	/home/jshaw/scratch/2022_sketched_distance/references/SGB_genome_fastas_part2/3926/CM_madagascar__A70_03_1FE__bin.14.fa	/home/jshaw/scratch/2022_sketched_distance/references/SGB_genome_fastas_part2/3926/CM_madagascar__A83_02_1FE__bin.4.fa	/home/jshaw/scratch/2022_sketched_distance/references/SGB_genome_fastas_part2/3926/CM_madagascar__A92_01_1FE__bin.31.fa	/home/jshaw/scratch/2022_sketched_distance/references/SGB_genome_fastas_part2/3926/CM_madagascar__V30_01_1FE__bin.2.fa	/home/jshaw/scratch/2022_sketched_distance/references/SGB_genome_fastas_part2/3926/CM_madagascar__V40_01_1FE__bin.52.fa	/home/jshaw/scratch/2022_sketched_distance/references/SGB_genome_fastas_part2/3926/CM_madagascar__V53_02_1FE__bin.13.fa	/home/jshaw/scratch/2022_sketched_distance/references/SGB_genome_fastas_part2/3926/FengQ_2015__SID31275__bin.63.fa	/home/jshaw/scratch/2022_sketched_distance/references/SGB_genome_fastas_part2/3926/FengQ_2015__SID31276__bin.37.fa	/home/jshaw/scratch/2022_sketched_distance/references/SGB_genome_fastas_part2/3926/FengQ_2015__SID31333__bin.34.fa	/home/jshaw/scratch/2022_sketched_distance/references/SGB_genome_fastas_part2/3926/FengQ_2015__SID31360__bin.3.fa	/home/jshaw/scratch/2022_sketched_distance/references/SGB_genome_fastas_part2/3926/FengQ_2015__SID31416__bin.1.fa	/home/jshaw/scratch/2022_sketched_distance/references/SGB_genome_fastas_part2/3926/FengQ_2015__SID31477__bin.73.fa	/home/jshaw/scratch/2022_sketched_distance/references/SGB_genome_fastas_part2/3926/FengQ_2015__SID31549__bin.70.fa	/home/jshaw/scratch/2022_sketched_distance/references/SGB_genome_fastas_part2/3926/FengQ_2015__SID31685__bin.11.fa	/home/jshaw/scratch/2022_sketched_distance/references/SGB_genome_fastas_part2/3926/FengQ_2015__SID31750__bin.100.fa	/home/jshaw/scratch/2022_sketched_distance/references/SGB_genome_fastas_part2/3926/FengQ_2015__SID31871__bin.57.fa	/home/jshaw/scratch/2022_sketched_distance/references/SGB_genome_fastas_part2/3926/FengQ_2015__SID530026__bin.44.fa	/home/jshaw/scratch/2022_sketched_distance/references/SGB_genome_fastas_part2/3926/FengQ_2015__SID530054__bin.41.fa	/home/jshaw/scratch/2022_sketched_distance/references/SGB_genome_fastas_part2/3926/FengQ_2015__SID530168__bin.24.fa	/home/jshaw/scratch/2022_sketched_distance/references/SGB_genome_fastas_part2/3926/FengQ_2015__SID530323__bin.3.fa	/home/jshaw/scratch/2022_sketched_distance/references/SGB_genome_fastas_part2/3926/FengQ_2015__SID531128__bin.35.fa	/home/jshaw/scratch/2022_sketched_distance/references/SGB_genome_fastas_part2/3926/LiSS_2016__FAT_010-22-0-0__bin.53.fa	/home/jshaw/scratch/2022_sketched_distance/references/SGB_genome_fastas_part2/3926/LiSS_2016__FAT_010-22-14-0__bin.14.fa	/home/jshaw/scratch/2022_sketched_distance/references/SGB_genome_fastas_part2/3926/LiSS_2016__FAT_010-22-2-0__bin.88.fa	/home/jshaw/scratch/2022_sketched_distance/references/SGB_genome_fastas_part2/3926/Obregon-TitoAJ_2015__SM29__bin.49.fa	/home/jshaw/scratch/2022_sketched_distance/references/SGB_genome_fastas_part2/3926/SchirmerM_2016__G89058__bin.17.fa	/home/jshaw/scratch/2022_sketched_distance/references/SGB_genome_fastas_part2/3926/VogtmannE_2016__MMRS72980899ST-27-0-0__bin.62.fa	/home/jshaw/scratch/2022_sketched_distance/references/SGB_genome_fastas_part2/3926/XieH_2016__YSZC12003_35577__bin.32.fa	/home/jshaw/scratch/2022_sketched_distance/references/SGB_genome_fastas_part2/3926/XieH_2016__YSZC12003_35707__bin.64.fa	/home/jshaw/scratch/2022_sketched_distance/references/SGB_genome_fastas_part2/3926/XieH_2016__YSZC12003_36157__bin.8.fa	/home/jshaw/scratch/2022_sketched_distance/references/SGB_genome_fastas_part2/3926/XieH_2016__YSZC12003_36244__bin.35.fa	/home/jshaw/scratch/2022_sketched_distance/references/SGB_genome_fastas_part2/3926/XieH_2016__YSZC12003_36533__bin.2.fa	/home/jshaw/scratch/2022_sketched_distance/references/SGB_genome_fastas_part2/3926/ZellerG_2014__CCIS16383318ST-4-0__bin.46.fa	/home/jshaw/scratch/2022_sketched_distance/references/SGB_genome_fastas_part2/3926/ZellerG_2014__CCIS33816588ST-4-0__bin.48.fa	/home/jshaw/scratch/2022_sketched_distance/references/SGB_genome_fastas_part2/3926/ZellerG_2014__CCIS41806458ST-4-0__bin.8.fa	/home/jshaw/scratch/2022_sketched_distance/references/SGB_genome_fastas_part2/3926/ZellerG_2014__CCIS63468405ST-4-0__bin.56.fa	/home/jshaw/scratch/2022_sketched_distance/references/SGB_genome_fastas_part2/3926/ZellerG_2014__CCIS77252613ST-4-0__bin.65.fa	/home/jshaw/scratch/2022_sketched_distance/references/SGB_genome_fastas_part2/3926/ZellerG_2014__CCMD86114146ST-21-0__bin.41.fa
1.0	0.9757480037982714	0.9730489206966262	0.9774477362764006	0.9811942245053138	0.9768826317844346	0.9774002130617017	0.9755324093629253	0.9744274475419619	0.9754499357311235	0.9758205032018806	0.9770810562638004	0.9778274640870267	0.976775241231709	0.9724825538418138	0.9715647634553741	0.9719552826786795	0.9763682289345916	0.9736718165670417	0.9714231443770659	0.9713754132778125	0.9755805936066587	0.9766130464712754	0.9730854425638227	0.9730879300217484	0.9749877753823362	0.9737973577141301	0.9718024815147296	0.9737598252985806	0.9722459544059103	0.9717523006558986	0.971924007697113	0.9725019844515144	0.9743839424253026	0.9723516916447311	0.9753278511630077	0.9721774278575775	0.9712531797551747	0.9715269826374892	0.9708456733620536	0.9738130072258817	0.9705530274746417	0.9745140830767592	0.9749021975383685	0.9741216807376123	0.9725019844515144
0.9757480037982714	1.0	0.9749853564639845	0.9803571818065426	0.9806047069929142	0.9815600150011985	0.9791948961559666	0.9778247471071723	0.9789196726105875	0.9952493741229578	0.9796709372265467	0.9794720805125784	0.9810274227037287	0.9809950941854112	0.9750126833405164	0.9729318835008709	0.974882637724874	0.9772221613596975	0.9767243667394775	0.973668813850063	0.9749677432153365	0.9778885363354327	0.9789572438939484	0.9757418093983492	0.9769710130944677	0.9773012694851453	0.9755384747599528	0.9758883397348052	0.9766604817560988	0.9749879006977366	0.9733305299988146	0.9735144511203081	0.9758470550034631	0.9763390473874959	0.9764285763050068	0.9781205118871263	0.9738889424435605	0.9743271168040338	0.9732202864544386	0.9733967489908136	0.9776548980598252	0.9738889424435605	0.9769274285459094	0.9776548980598252	0.9767835983873411	0.9756398416481773
0.9730489206966262	0.9749853564639845	1.0	0.9717971444088096	0.9768811490262155	0.961479132224726	0.9759119445489859	0.9867038990204473	0.9731255749745344	0.9719562861805487	0.9462357607695597	0.977954600981655	0.9562012544339688	0.9775561894165857	0.9672664993542113	0.9550129519102576	0.9698238015688329	0.97512963867848	0.9635755249146821	0.9705779778528518	0.9693970861407429	0.9770851341079111	0.9752732832732146	0.9676315097378179	0.9563305933564527	0.9754162959516871	0.9648864316095698	0.9720355648757751	0.9632652586749538	0.9632652586749538	0.9695684489672066	0.9648864316095698	0.971476495853258	0.9736571427923748	0.9628468506822913	0.9748404308482319	0.9724290748371793	0.9678124774238227	0.9695684489672066	0.9713958351897203	0.97512963867848	0.970660699965002	0.9571789255992188	0.9752015403200373	0.9731255749745344	0.9711526404872384
0.9774477362764006	0.9803571818065426	0.9717971444088096	1.0	0.9811591372642945	0.9775823217719348	0.9774899750682546	0.9768745342035018	0.98248976826562	0.9777140297946618	0.9883778971538135	0.9771373916717861	0.9794956864593198	0.9863145199488302	0.9731464589201783	0.9734483524986247	0.9733065350629769	0.9775742887402987	0.9748438315216119	0.9736408601056157	0.9747616627704007	0.977278231362143	0.9783234548867092	0.9739593478904609	0.9749886741442357	0.9773206903437189	0.9717795660492129	0.9738303679272605	0.9747557527241053	0.9726831715751416	0.9733545072017818	0.9713760296112611	0.9753529961618498	0.9763735612683572	0.974032208959011	0.9773206903437189	0.973924708552016	0.9729287845278262	0.9710708444056405	0.9733065350629769	0.9771078398342498	0.9735456896247641	0.9751542326538885	0.9779926158431264	0.976764358860184	0.9752627190733025
0.9811942245053138	0.9806047069929142	0.9768811490262155	0.9811591372642945	1.0	0.9796677946796095	0.9803012715685213	0.9779945750966735	0.9775981988289495	0.981313673465103	0.9806849552187098	0.9806049560067468	0.9802988770973853	0.9777990515997581	0.9752504460505144	0.9732280147116662	0.9752739174603581	0.9759936180868443	0.9765262274590957	0.9726008831605545	0.9749484070570348	0.9754973269361537	0.9761983807612885	0.9754342768360296	0.9762179163788126	0.9752269224982963	0.976478369637694	0.9750610667318561	0.9769314167576835	0.9746320062373038	0.9740474643156964	0.9736692888503137	0.9740586929015098	0.9750858976201991	0.9751647190403208	0.9755741740931745	0.9743450707964568	0.9756207808684751	0.973873603247576	0.9744499273441395	0.9750323900585095	0.9715788651547199	0.9767770160314603	0.9754973269361537	0.9758811947205749	0.9755137055888456
0.9768826317844346	0.9815600150011985	0.961479132224726	0.9775823217719348	0.9796677946796095	1.0	0.9803814524370376	0.9743504858356983	0.9813550957031151	0.9807325200828882	0.9673621184914231	0.9689059314714481	0.9696018704563701	0.9823005946778465	0.9746043344963964	0.9624762151108883	0.9756819918284944	0.9783425314116281	0.9724256735224593	0.9749397431059876	0.9743504858356983	0.9783425314116281	0.9793779072234798	0.9717884729597989	0.96618108942569	0.9769611215109554	0.9709503532858277	0.9770394225146856	0.9685014144293504	0.9704751800640585	0.9736636916665762	0.9695033636321172	0.9761675764272773	0.9768039524079236	0.9680917643166287	0.9774281286697925	0.9757634276465038	0.9698956023521703	0.9727842414608407	0.9740089047428224	0.9779646425701721	0.9739229450294988	0.9580059058342045	0.978267303192159	0.9768039524079236	0.9746885118082039
0.9774002130617017	0.9791948961559666	0.9759119445489859	0.9774899750682546	0.9803012715685213	0.9803814524370376	1.0	0.9766546551871272	0.9774002130617017	0.9785347407538864	0.9775432129429514	0.9794196406204527	0.9810274227037287	0.9803012715685213	0.9752977906123823	0.9740287093205446	0.9758467376323275	0.978607573740082	0.977263113641443	0.9755008731822158	0.9748866136893717	0.978804524863982	0.9797336896041514	0.9757927832789483	0.9784269025067901	0.9784094262581594	0.9769383299289176	0.9768628035641881	0.9773602782478596	0.9752397457936361	0.9751951943353162	0.9744828438557926	0.9765276270311772	0.9778076555553552	0.976145617241271	0.9783696518951522	0.976188963245971	0.9745706024057882	0.9741953957779844	0.9742605190528201	0.9792336776926227	0.9739884535409769	0.9764740901412915	0.9785680404241934	0.9774821101467924	0.97760457110112
0.9755324093629253	0.9778247471071723	0.9867038990204473	0.9768745342035018	0.9779945750966735	0.9743504858356983	0.9766546551871272	1.0	0.977353104887675	0.9765110097442355	0.9742584702211464	0.9739464248027383	0.9763902446579867	0.9788719440753025	0.9702948752567824	0.9693993468246557	0.9722679558993305	0.9753032379861147	0.972286489371021	0.9722174117027141	0.9733115778960151	0.9757145906283259	0.9765662860869755	0.9712636332713359	0.9734356139814506	0.9760309728580324	0.972075625877596	0.973506611400487	0.9732199340887512	0.970609660423135	0.9720653043782278	0.9694402888700084	0.9743700436659759	0.9759859633519725	0.9724792049919629	0.976433280992949	0.9720653043782278	0.9715207737261382	0.9705568875005155	0.9719124796386847	0.9751187306023368	0.9711896058021382	0.9723418791445904	0.9758505599853978	0.9748866136893717	0.9722174117027141
0.9744274475419619	0.9789196726105875	0.9731255749745344	0.98248976826562	0.9775981988289495	0.9813550957031151	0.9774002130617017	0.977353104887675	1.0	0.978789679543365	0.9794533888331856	0.9774176164552106	0.97920397681683	0.9837793109187579	0.9739453498166036	0.9733016270299569	0.9725246643484102	0.9756348380444253	0.9756193617259049	0.9716404976672423	0.9733833683363957	0.9751773126970914	0.9768508849232245	0.9730300339716935	0.9760268875665075	0.975510695519699	0.9744064500031404	0.9733686186621969	0.9762222401421613	0.9727374114353734	0.9717998330608415	0.9718151512281524	0.9737647674199011	0.9747132555584785	0.9746926754736013	0.9759226743243491	0.9732354869841429	0.9731322736131002	0.9718727956038898	0.971843674268477	0.9751353984248993	0.9705479090242007	0.975233371977573	0.9759226743243491	0.9753027322207625	0.9743715472882879
0.9754499357311235	0.9952493741229578	0.9719562861805487	0.9777140297946618	0.981313673465103	0.9807325200828882	0.9785347407538864	0.9765110097442355	0.978789679543365	1.0	0.9764248946554783	0.9752248256577195	0.9794375526850608	0.9807206695876809	0.9725341088846218	0.9725578758943689	0.9751200066601656	0.9781485569160006	0.9747390151425819	0.9746908308524815	0.9756835663145088	0.9792519558973036	0.9800353315846079	0.9734706752007309	0.9745238161640888	0.9778885363354327	0.9730624681430462	0.9765563676883243	0.974290883100058	0.9719696678937324	0.9736668030478611	0.9704795033335426	0.9766920635488174	0.9776702567741309	0.9746926754736013	0.9795427590554848	0.9755435894832274	0.9719969407444056	0.9729150557218168	0.9739626926331802	0.9783207590166092	0.9747866942982735	0.975548016756375	0.9797077767412716	0.9776264248793097	0.975308947356761
0.9758205032018806	0.9796709372265467	0.9462357607695597	0.9883778971538135	0.9806849552187098	0.9673621184914231	0.9775432129429514	0.9742584702211464	0.9794533888331856	0.9764248946554783	1.0	0.9599124314901997	0.9691165428472429	0.9853313395958149	0.9697322734991282	0.9614427222688778	0.9713823477507195	0.9775432129429514	0.9692128946366183	0.9724825538418138	0.9732838738260146	0.9760030024039461	0.9775432129429514	0.9661554762884988	0.9648524061129208	0.9754524037625586	0.9664827400171927	0.9757594418910189	0.9670475725419059	0.9689877222335732	0.9718682916179919	0.9678376862633765	0.974513496413165	0.9756369742824038	0.963677725875153	0.9771941906815166	0.9721427355264162	0.9706752407913032	0.969362142362687	0.9712421566745945	0.9758205032018806	0.9713123280901169	0.9621683732050221	0.9771941906815166	0.9747665360112208	0.973085392326676
0.9770810562638004	0.9794720805125784	0.977954600981655	0.9771373916717861	0.9806049560067468	0.9689059314714481	0.9794196406204527	0.9739464248027383	0.9774176164552106	0.9752248256577195	0.9599124314901997	1.0	0.9787317495819606	0.9804527666359663	0.9701988141319788	0.9649601550414635	0.9735088575678592	0.9792090346073443	0.9670532904010748	0.9748042566970616	0.9725508567353516	0.9786764958808291	0.9795244363124711	0.9702684423230136	0.964671467506099	0.9780257571028119	0.9684074976182334	0.9762241153075197	0.9670532904010748	0.9675110391956692	0.9730014473023318	0.968481090440257	0.9755219351099104	0.9769680922657497	0.9651543500352834	0.9774733733217765	0.9751052173914172	0.9700591063886322	0.9730653093253441	0.9741938403882376	0.9786227608162095	0.9736971091669684	0.968199410334853	0.9785150244029631	0.9758749198468111	0.9765122760369047
0.9778274640870267	0.9810274227037287	0.9562012544339688	0.9794956864593198	0.9802988770973853	0.9696018704563701	0.9810274227037287	0.9763902446579867	0.97920397681683	0.9794375526850608	0.9691165428472429	0.9787317495819606	1.0	0.980860732113208	0.9720203988578979	0.9623846672576286	0.9758750896124412	0.9788504486179394	0.9735897659791141	0.9761336866501168	0.9762622184876978	0.9784930479399933	0.9796694693239815	0.9718003842849489	0.9681425592033569	0.9780710695475693	0.9718003842849489	0.9772103628440351	0.9708293279011576	0.9716528733293187	0.9754832979727995	0.9713558203976123	0.9763262945283201	0.9773967235087972	0.9650305971808357	0.97920397681683	0.9763902446579867	0.9728858179643766	0.9747525162905523	0.9756144203207923	0.9787317495819606	0.9749534554432496	0.9609612864086048	0.9783730388364781	0.9798423322652667	0.9765813445868508
0.976775241231709	0.9809950941854112	0.9775561894165857	0.9863145199488302	0.9777990515997581	0.9823005946778465	0.9803012715685213	0.9788719440753025	0.9837793109187579	0.9807206695876809	0.9853313395958149	0.9804527666359663	0.980860732113208	1.0	0.9762764290497071	0.9765191861886864	0.9761689981623652	0.9758061738510035	0.9778408507294266	0.9738525097439387	0.976522501568544	0.9761070794531819	0.9768702307501372	0.9762479892037614	0.9768467005510645	0.9756343781084623	0.9765297984356254	0.9770383822605311	0.9762773441435706	0.9753899215860105	0.9747489092845623	0.9750305717247373	0.9760992363089684	0.9747327583027248	0.9773178638818361	0.9755443316891501	0.975954340985746	0.9753850656383665	0.974739728629272	0.9744499273441395	0.9746793996742678	0.972719341561724	0.9777425062777874	0.9756897392544462	0.9765181886074477	0.9757611944838992
0.9724825538418138	0.9750126833405164	0.9672664993542113	0.9731464589201783	0.9752504460505144	0.9746043344963964	0.9752977906123823	0.9702948752567824	0.9739453498166036	0.9725341088846218	0.9697322734991282	0.9701988141319788	0.9720203988578979	0.9762764290497071	1.0	0.9768504822181151	0.979299372165073	0.9803290041344337	0.9787351623781521	0.9750126833405164	0.978750849482924	0.9800439636589398	0.9808518581648507	0.9781027463000966	0.9797636713402836	0.9792575038659977	0.9767347049535368	0.9800439636589398	0.9793236895356386	0.9726831715751416	0.9739453498166036	0.9712098115576657	0.9769578639292829	0.9810507500223113	0.9760317410536744	0.9800030398197728	0.9790051599285389	0.9734853366189773	0.9732474025741942	0.9733480331108142	0.9784086554711225	0.9734983961218155	0.976014348422583	0.9828259641287334	0.9784516265636805	0.9802478174228776
0.9715647634553741	0.9729318835008709	0.9550129519102576	0.9734483524986247	0.9732280147116662	0.9624762151108883	0.9740287093205446	0.9693993468246557	0.9733016270299569	0.9725578758943689	0.9614427222688778	0.9649601550414635	0.9623846672576286	0.9765191861886864	0.9768504822181151	1.0	0.9799305102729582	0.9795079119701059	0.9765857156578772	0.9743862336216468	0.9793861581947455	0.9779523297250377	0.9796292134083282	0.9768504822181151	0.9691495432263354	0.9783324907162317	0.9721795030128676	0.9804068785207041	0.9723313826255947	0.9689819278920974	0.9727827977345155	0.9693162933705691	0.9752977906123823	0.9794470918388363	0.9678706911322846	0.9805837413163869	0.9784582324787825	0.9758463023662711	0.971174540423646	0.9721795030128676	0.9767844921594202	0.9743862336216468	0.9644542964801388	0.982077759840817	0.976251700042408	0.9787704823520649
0.9719552826786795	0.974882637724874	0.9698238015688329	0.9733065350629769	0.9752739174603581	0.9756819918284944	0.9758467376323275	0.9722679558993305	0.9725246643484102	0.9751200066601656	0.9713823477507195	0.9735088575678592	0.9758750896124412	0.9761689981623652	0.979299372165073	0.9799305102729582	1.0	0.9799365003686009	0.9802324649394697	0.9749699967699885	0.9794078947412548	0.9789092627963331	0.9811496691675292	0.9807009430058328	0.9815908571169052	0.9807137087855824	0.9795695666703279	0.9812217674952651	0.9811282605887898	0.975737657713464	0.9749263466019588	0.974230790661422	0.9766696295737135	0.9813296178707089	0.9780765613861926	0.9808596757357865	0.9796354885736224	0.9776687358209012	0.9746044981590128	0.9749699967699885	0.9779681981867198	0.9744422842518878	0.9800039855216386	0.9822497232946468	0.9789478907414334	0.9799365003686009
0.9763682289345916	0.9772221613596975	0.97512963867848	0.9775742887402987	0.9759936180868443	0.9783425314116281	0.978607573740082	0.9753032379861147	0.9756348380444253	0.9781485569160006	0.9775432129429514	0.9792090346073443	0.9788504486179394	0.9758061738510035	0.9803290041344337	0.9795079119701059	0.9799365003686009	1.0	0.981322785954435	0.9757039276343289	0.9796435727256126	0.9777990515997581	0.980896437414454	0.9801708697495571	0.9815908571169052	0.9783073683223668	0.981567036334243	0.9807707522924358	0.9812703023664539	0.9773287152215524	0.9766851315357521	0.9764318478730971	0.9786105983527729	0.9802034065950955	0.9793374753138834	0.9807503019456629	0.9796065628828375	0.9797200623848373	0.9764910263289143	0.9764184781667273	0.9781310865955215	0.9743582074388265	0.981537834026234	0.9804032857553311	0.9798506640003068	0.9798855017169685
0.9736718165670417	0.9767243667394775	0.9635755249146821	0.9748438315216119	0.9765262274590957	0.9724256735224593	0.977263113641443	0.972286489371021	0.9756193617259049	0.9747390151425819	0.9692128946366183	0.9670532904010748	0.9735897659791141	0.9778408507294266	0.9787351623781521	0.9765857156578772	0.9802324649394697	0.981322785954435	1.0	0.9754657286414504	0.9807603589584399	0.9804093787181243	0.9823779331371025	0.9770418497406148	0.9765338267061343	0.9796507878750645	0.975272499440447	0.980453457916814	0.9778885363354327	0.9718303835376444	0.9755170203621569	0.9714840398955379	0.9779836987796865	0.9811938509733164	0.9737886692462993	0.9814512147112071	0.9809778233078864	0.9742631109182348	0.9735086674377287	0.9747390151425819	0.9793787869041032	0.974475485155631	0.9717313115161067	0.9828725739390414	0.9795603724200127	0.9807166919720419
0.9714231443770659	0.973668813850063	0.9705779778528518	0.9736408601056157	0.9726008831605545	0.9749397431059876	0.9755008731822158	0.9722174117027141	0.9716404976672423	0.9746908308524815	0.9724825538418138	0.9748042566970616	0.9761336866501168	0.9738525097439387	0.9750126833405164	0.9743862336216468	0.9749699967699885	0.9757039276343289	0.9754657286414504	1.0	0.9743054485108386	0.9753824011177739	0.9764159484977957	0.9758944920168405	0.9786633528386578	0.974853041926006	0.9763235938677781	0.9735276482854162	0.9758896418887004	0.9928804536104678	0.9918487247034786	0.9925972836015475	0.9720609307084285	0.9744814448152551	0.9746926754736013	0.9764550520650275	0.9727408982072865	0.9756207808684751	0.9910443676270112	0.990313742790646	0.9741894570096269	0.9906299786001135	0.9754696405596593	0.9762197227937006	0.9749430917641885	0.9748866136893717
0.9713754132778125	0.9749677432153365	0.9693970861407429	0.9747616627704007	0.9749484070570348	0.9743504858356983	0.9748866136893717	0.9733115778960151	0.9733833683363957	0.9756835663145088	0.9732838738260146	0.9725508567353516	0.9762622184876978	0.976522501568544	0.978750849482924	0.9793861581947455	0.9794078947412548	0.9796435727256126	0.9807603589584399	0.9743054485108386	1.0	0.9794223500903808	0.9811515545211933	0.9790841993008065	0.9811571897044833	0.9794223500903808	0.9804926659623566	0.9798633067477107	0.9807464382799814	0.9758855567814239	0.9743562121442545	0.9745831200102794	0.9768043397418817	0.9796435727256126	0.9773178638818361	0.9804779778093868	0.9777525347788228	0.9770452875077843	0.9735485888983526	0.9735746688135885	0.9780239728092166	0.9730250913011805	0.9778885363354327	0.9811164469370154	0.9776355086082202	0.9787495418142867
0.9755805936066587	0.9778885363354327	0.9770851341079111	0.977278231362143	0.9754973269361537	0.9783425314116281	0.978804524863982	0.9757145906283259	0.9751773126970914	0.9792519558973036	0.9760030024039461	0.9786764958808291	0.9784930479399933	0.9761070794531819	0.9800439636589398	0.9779523297250377	0.9789092627963331	0.9777990515997581	0.9804093787181243	0.9753824011177739	0.9794223500903808	1.0	0.979935480049751	0.9816083814224404	0.9813747420433548	0.9785081452725375	0.9813017344448827	0.9799217329681487	0.9806020974041179	0.9784389049554227	0.9770912263495509	0.9773182569152477	0.9774930061334731	0.9783153975363259	0.9797980350999564	0.9793391979995808	0.9790987582776339	0.9787105196115722	0.9771659778760733	0.975803068806781	0.9785431984068999	0.9747654343458315	0.981537834026234	0.9814571933370454	0.9796005458365016	0.9804597462561038
0.9766130464712754	0.9789572438939484	0.9752732832732146	0.9783234548867092	0.9761983807612885	0.9793779072234798	0.9797336896041514	0.9765662860869755	0.9768508849232245	0.9800353315846079	0.9775432129429514	0.9795244363124711	0.9796694693239815	0.9768702307501372	0.9808518581648507	0.9796292134083282	0.9811496691675292	0.980896437414454	0.9823779331371025	0.9764159484977957	0.9811515545211933	0.979935480049751	1.0	0.9813945970974493	0.9825983544034355	0.9803365504219524	0.9822641691899338	0.9812904051339335	0.9823849695187354	0.9785297367024985	0.9776513850954957	0.9777298614588948	0.9787202794804744	0.9797330830463793	0.9808972460883392	0.9810917773625113	0.9801774030992374	0.9802948626389171	0.9781933668020647	0.9770623371781721	0.9793244863751188	0.9756831321981038	0.9817973985706147	0.9810917773625113	0.979886239310452	0.9816818069777286
0.9730854425638227	0.9757418093983492	0.9676315097378179	0.9739593478904609	0.9754342768360296	0.9717884729597989	0.9757927832789483	0.9712636332713359	0.9730300339716935	0.9734706752007309	0.9661554762884988	0.9702684423230136	0.9718003842849489	0.9762479892037614	0.9781027463000966	0.9768504822181151	0.9807009430058328	0.9801708697495571	0.9770418497406148	0.9758944920168405	0.9790841993008065	0.9816083814224404	0.9813945970974493	1.0	0.977585557017284	0.9796772969256223	0.9759072229301492	0.9818207780075247	0.9790214268337838	0.9718440284735066	0.9748627987914766	0.9716709994242709	0.9770418497406148	0.9803485178592624	0.9734816522798506	0.9803927793915086	0.9784801234468221	0.9755371111772965	0.9736343849732827	0.9743344054490386	0.979313590730064	0.9763983202541159	0.9753123191064673	0.982780434784484	0.9792678412317124	0.9803927793915086
0.9730879300217484	0.9769710130944677	0.9563305933564527	0.9749886741442357	0.9762179163788126	0.96618108942569	0.9784269025067901	0.9734356139814506	0.9760268875665075	0.9745238161640888	0.9648524061129208	0.964671467506099	0.9681425592033569	0.9768467005510645	0.9797636713402836	0.9691495432263354	0.9815908571169052	0.9815908571169052	0.9765338267061343	0.9786633528386578	0.9811571897044833	0.9813747420433548	0.9825983544034355	0.977585557017284	1.0	0.9799906665046355	0.9747238559384547	0.983064982975725	0.9745238161640888	0.9745906330432557	0.9777676823860681	0.9738479761329388	0.9798205682006589	0.9816446635683148	0.9692319099438188	0.982124981669	0.9798773661156545	0.9768467005510645	0.9757704250349822	0.9765966424883257	0.9804957113597574	0.9770329918629532	0.9666914884562033	0.9831677818717726	0.9816446635683148	0.9810478684605601
0.9749877753823362	0.9773012694851453	0.9754162959516871	0.9773206903437189	0.9752269224982963	0.9769611215109554	0.9784094262581594	0.9760309728580324	0.975510695519699	0.9778885363354327	0.9754524037625586	0.9780257571028119	0.9780710695475693	0.9756343781084623	0.9792575038659977	0.9783324907162317	0.9807137087855824	0.9783073683223668	0.9796507878750645	0.974853041926006	0.9794223500903808	0.9785081452725375	0.9803365504219524	0.9796772969256223	0.9799906665046355	1.0	0.9812128201714277	0.9803136069253604	0.9816927641529503	0.9770925873453142	0.9768888119931394	0.9762421199419982	0.9768809061466235	0.9793587320855841	0.9808972460883392	0.9795992676519689	0.9804591258498255	0.9794705885966787	0.9768724065780744	0.976621055311977	0.9769260080716254	0.9746438013724564	0.9810785809549804	0.9787208891460173	0.9797437049785745	0.9784040902352329
0.9737973577141301	0.9755384747599528	0.9648864316095698	0.9717795660492129	0.976478369637694	0.9709503532858277	0.9769383299289176	0.972075625877596	0.9744064500031404	0.9730624681430462	0.9664827400171927	0.9684074976182334	0.9718003842849489	0.9765297984356254	0.9767347049535368	0.9721795030128676	0.9795695666703279	0.981567036334243	0.975272499440447	0.9763235938677781	0.9804926659623566	0.9813017344448827	0.9822641691899338	0.9759072229301492	0.9747238559384547	0.9812128201714277	1.0	0.981567036334243	0.975440820430106	0.9713604828682589	0.9754323455825729	0.9714807753356952	0.9779377878456204	0.98239324481753	0.9719014019753198	0.9819174587690428	0.9806741971550338	0.9768366766147134	0.975272499440447	0.9756970218972829	0.979522719719304	0.9753791508082005	0.9738610641629893	0.9820479058744889	0.9803101208592486	0.979616346505351
0.9718024815147296	0.9758883397348052	0.9720355648757751	0.9738303679272605	0.9750610667318561	0.9770394225146856	0.9768628035641881	0.973506611400487	0.9733686186621969	0.9765563676883243	0.9757594418910189	0.9762241153075197	0.9772103628440351	0.9770383822605311	0.9800439636589398	0.9804068785207041	0.9812217674952651	0.9807707522924358	0.980453457916814	0.9735276482854162	0.9798633067477107	0.9799217329681487	0.9812904051339335	0.9818207780075247	0.983064982975725	0.9803136069253604	0.981567036334243	1.0	0.9823392750613394	0.9757870321622841	0.9746185369745723	0.9745330206258118	0.9767631584336598	0.9801004404014905	0.978130084249041	0.9808056539276677	0.9778503703587134	0.9786249642011124	0.9743323365898526	0.9741026501416524	0.978455728459238	0.9737882997527415	0.9795917225211361	0.9819369984576332	0.9787170795939213	0.9795945489903888
0.9737598252985806	0.9766604817560988	0.9632652586749538	0.9747557527241053	0.9769314167576835	0.9685014144293504	0.9773602782478596	0.9732199340887512	0.9762222401421613	0.974290883100058	0.9670475725419059	0.9670532904010748	0.9708293279011576	0.9762773441435706	0.9793236895356386	0.9723313826255947	0.9811282605887898	0.9812703023664539	0.9778885363354327	0.9758896418887004	0.9807464382799814	0.9806020974041179	0.9823849695187354	0.9790214268337838	0.9745238161640888	0.9816927641529503	0.975440820430106	0.9823392750613394	1.0	0.9717346754178225	0.9761670426701593	0.9714164884460489	0.9786652117196155	0.9824306003022867	0.9722877463581286	0.9825216715677008	0.9806983954355336	0.9757220588415936	0.9739378114853251	0.9757780158477048	0.9793236895356386	0.9751000914284353	0.9732786942218697	0.9840757622800984	0.9803601037030321	0.9815525488082885
0.9722459544059103	0.9749879006977366	0.9632652586749538	0.9726831715751416	0.9746320062373038	0.9704751800640585	0.9752397457936361	0.970609660423135	0.9727374114353734	0.9719696678937324	0.9689877222335732	0.9675110391956692	0.9716528733293187	0.9753899215860105	0.9726831715751416	0.9689819278920974	0.975737657713464	0.9773287152215524	0.9718303835376444	0.9928804536104678	0.9758855567814239	0.9784389049554227	0.9785297367024985	0.9718440284735066	0.9745906330432557	0.9770925873453142	0.9713604828682589	0.9757870321622841	0.9717346754178225	1.0	0.999161810197162	0.9956614070450593	0.9746830875905748	0.9763252620441807	0.9705792510158376	0.9775163929168269	0.9744782784855411	0.9726831715751416	0.9901956686762822	0.9910118514664046	0.9767111852472887	0.991808353557287	0.9708386080906131	0.9780270019187701	0.9769024446943233	0.9762766983028706
0.9717523006558986	0.9733305299988146	0.9695684489672066	0.9733545072017818	0.9740474643156964	0.9736636916665762	0.9751951943353162	0.9720653043782278	0.9717998330608415	0.9736668030478611	0.9718682916179919	0.9730014473023318	0.9754832979727995	0.9747489092845623	0.9739453498166036	0.9727827977345155	0.9749263466019588	0.9766851315357521	0.9755170203621569	0.9918487247034786	0.9743562121442545	0.9770912263495509	0.9776513850954957	0.9748627987914766	0.9777676823860681	0.9768888119931394	0.9754323455825729	0.9746185369745723	0.9761670426701593	0.999161810197162	1.0	0.9985345466309649	0.9734210177227917	0.9757314266467866	0.9746331849361279	0.9773324746910141	0.9741801444251308	0.9747158225418944	0.99090734657247	0.9909617611551272	0.9759411448758003	0.9909617611551272	0.9756262045032742	0.9771718411557402	0.9763565687417742	0.9756049435540499
0.971924007697113	0.9735144511203081	0.9648864316095698	0.9713760296112611	0.9736692888503137	0.9695033636321172	0.9744828438557926	0.9694402888700084	0.9718151512281524	0.9704795033335426	0.9678376862633765	0.968481090440257	0.9713558203976123	0.9750305717247373	0.9712098115576657	0.9693162933705691	0.974230790661422	0.9764318478730971	0.9714840398955379	0.9925972836015475	0.9745831200102794	0.9773182569152477	0.9777298614588948	0.9716709994242709	0.9738479761329388	0.9762421199419982	0.9714807753356952	0.9745330206258118	0.9714164884460489	0.9956614070450593	0.9985345466309649	1.0	0.972940305879782	0.9757145906283259	0.9706466570596953	0.9764791075425643	0.9733068447880941	0.9712653124471613	0.989951095957811	0.9907857625936253	0.975859312714912	0.9916296233652689	0.9722553564096641	0.9774101749917569	0.9760033937741798	0.9760512793389782
0.9725019844515144	0.9758470550034631	0.971476495853258	0.9753529961618498	0.9740586929015098	0.9761675764272773	0.9765276270311772	0.9743700436659759	0.9737647674199011	0.9766920635488174	0.974513496413165	0.9755219351099104	0.9763262945283201	0.9760992363089684	0.9769578639292829	0.9752977906123823	0.9766696295737135	0.9786105983527729	0.9779836987796865	0.9720609307084285	0.9768043397418817	0.9774930061334731	0.9787202794804744	0.9770418497406148	0.9798205682006589	0.9768809061466235	0.9779377878456204	0.9767631584336598	0.9786652117196155	0.9746830875905748	0.9734210177227917	0.972940305879782	1.0	0.977188393917421	0.9782901276925652	0.9787931959054367	0.9761950016189755	0.9764554862853191	0.9731258723082187	0.9737957056121683	0.9812140090476325	0.9710601279534876	0.9804111104319571	0.9784269729249514	0.9765181886074477	0.9757200769021244
0.9743839424253026	0.9763390473874959	0.9736571427923748	0.9763735612683572	0.9750858976201991	0.9768039524079236	0.9778076555553552	0.9759859633519725	0.9747132555584785	0.9776702567741309	0.9756369742824038	0.9769680922657497	0.9773967235087972	0.9747327583027248	0.9810507500223113	0.9794470918388363	0.9813296178707089	0.9802034065950955	0.9811938509733164	0.9744814448152551	0.9796435727256126	0.9783153975363259	0.9797330830463793	0.9803485178592624	0.9816446635683148	0.9793587320855841	0.98239324481753	0.9801004404014905	0.9824306003022867	0.9763252620441807	0.9757314266467866	0.9757145906283259	0.977188393917421	1.0	0.9800511226817975	0.9841276037422347	0.9823990798705692	0.9819609989257125	0.9764910263289143	0.9762146322621227	0.9783153975363259	0.9737793726211758	0.9827528365312095	0.9801700356933325	0.9795287302163233	0.9793746204217407
0.9723516916447311	0.9764285763050068	0.9628468506822913	0.974032208959011	0.9751647190403208	0.9680917643166287	0.976145617241271	0.9724792049919629	0.9746926754736013	0.9746926754736013	0.963677725875153	0.9651543500352834	0.9650305971808357	0.9773178638818361	0.9760317410536744	0.9678706911322846	0.9780765613861926	0.9793374753138834	0.9737886692462993	0.9746926754736013	0.9773178638818361	0.9797980350999564	0.9808972460883392	0.9734816522798506	0.9692319099438188	0.9808972460883392	0.9719014019753198	0.978130084249041	0.9722877463581286	0.9705792510158376	0.9746331849361279	0.9706466570596953	0.9782901276925652	0.9800511226817975	1.0	0.9807495129150525	0.979285898650063	0.9755143066879786	0.973849725674633	0.9759174648785784	0.9808480758320217	0.9749885052227135	0.9734461548204693	0.9816740795422516	0.9789225617763793	0.9789747153610386
0.9753278511630077	0.9781205118871263	0.9748404308482319	0.9773206903437189	0.9755741740931745	0.9774281286697925	0.9783696518951522	0.976433280992949	0.9759226743243491	0.9795427590554848	0.9771941906815166	0.9774733733217765	0.97920397681683	0.9755443316891501	0.9800030398197728	0.9805837413163869	0.9808596757357865	0.9807503019456629	0.9814512147112071	0.9764550520650275	0.9804779778093868	0.9793391979995808	0.9810917773625113	0.9803927793915086	0.982124981669	0.9795992676519689	0.9819174587690428	0.9808056539276677	0.9825216715677008	0.9775163929168269	0.9773324746910141	0.9764791075425643	0.9787931959054367	0.9841276037422347	0.9807495129150525	1.0	0.9832471790203374	0.9822306219132654	0.977124200786686	0.9771419317246981	0.9770321290886256	0.9746843963133801	0.983002981724856	0.9806924448891129	0.9821193309328842	0.9804953036597962
0.9721774278575775	0.9738889424435605	0.9724290748371793	0.973924708552016	0.9743450707964568	0.9757634276465038	0.976188963245971	0.9720653043782278	0.9732354869841429	0.9755435894832274	0.9721427355264162	0.9751052173914172	0.9763902446579867	0.975954340985746	0.9790051599285389	0.9784582324787825	0.9796354885736224	0.9796065628828375	0.9809778233078864	0.9727408982072865	0.9777525347788228	0.9790987582776339	0.9801774030992374	0.9784801234468221	0.9798773661156545	0.9804591258498255	0.9806741971550338	0.9778503703587134	0.9806983954355336	0.9744782784855411	0.9741801444251308	0.9733068447880941	0.9761950016189755	0.9823990798705692	0.979285898650063	0.9832471790203374	1.0	0.9797614566810304	0.9745140307710988	0.9737074714486905	0.9779832416571624	0.9721578916524035	0.9799356353774832	0.9804240430421439	0.9794622800544878	0.9785929864834958
0.9712531797551747	0.9743271168040338	0.9678124774238227	0.9729287845278262	0.9756207808684751	0.9698956023521703	0.9745706024057882	0.9715207737261382	0.9731322736131002	0.9719969407444056	0.9706752407913032	0.9700591063886322	0.9728858179643766	0.9753850656383665	0.9734853366189773	0.9758463023662711	0.9776687358209012	0.9797200623848373	0.9742631109182348	0.9756207808684751	0.9770452875077843	0.9787105196115722	0.9802948626389171	0.9755371111772965	0.9768467005510645	0.9794705885966787	0.9768366766147134	0.9786249642011124	0.9757220588415936	0.9726831715751416	0.9747158225418944	0.9712653124471613	0.9764554862853191	0.9819609989257125	0.9755143066879786	0.9822306219132654	0.9797614566810304	1.0	0.9743271168040338	0.9754795568757524	0.9787105196115722	0.9753850656383665	0.9767770160314603	0.9802133649122935	0.9784962088744535	0.9777568339845306
0.9715269826374892	0.9732202864544386	0.9695684489672066	0.9710708444056405	0.973873603247576	0.9727842414608407	0.9741953957779844	0.9705568875005155	0.9718727956038898	0.9729150557218168	0.969362142362687	0.9730653093253441	0.9747525162905523	0.974739728629272	0.9732474025741942	0.971174540423646	0.9746044981590128	0.9764910263289143	0.9735086674377287	0.9910443676270112	0.9735485888983526	0.9771659778760733	0.9781933668020647	0.9736343849732827	0.9757704250349822	0.9768724065780744	0.975272499440447	0.9743323365898526	0.9739378114853251	0.9901956686762822	0.99090734657247	0.989951095957811	0.9731258723082187	0.9764910263289143	0.973849725674633	0.977124200786686	0.9745140307710988	0.9743271168040338	1.0	0.9920144954405644	0.9762342675503498	0.9903255682648858	0.9751542326538885	0.9771659778760733	0.9758017820151206	0.9753193103512177
0.9708456733620536	0.9733967489908136	0.9713958351897203	0.9733065350629769	0.9744499273441395	0.9740089047428224	0.9742605190528201	0.9719124796386847	0.971843674268477	0.9739626926331802	0.9712421566745945	0.9741938403882376	0.9756144203207923	0.9744499273441395	0.9733480331108142	0.9721795030128676	0.9749699967699885	0.9764184781667273	0.9747390151425819	0.990313742790646	0.9735746688135885	0.975803068806781	0.9770623371781721	0.9743344054490386	0.9765966424883257	0.976621055311977	0.9756970218972829	0.9741026501416524	0.9757780158477048	0.9910118514664046	0.9909617611551272	0.9907857625936253	0.9737957056121683	0.9762146322621227	0.9759174648785784	0.9771419317246981	0.9737074714486905	0.9754795568757524	0.9920144954405644	1.0	0.976255503719906	0.9900198473626255	0.9761683184953734	0.9767822142530085	0.9761737094044617	0.9742767529368855
