/home/jshaw/scratch/2022_sketched_distance/references/SGB_genome_fastas_part4/6136/BackhedF_2015__SID332_12M__bin.20.fa	/home/jshaw/scratch/2022_sketched_distance/references/SGB_genome_fastas_part4/6136/BackhedF_2015__SID503_4M__bin.10.fa	/home/jshaw/scratch/2022_sketched_distance/references/SGB_genome_fastas_part4/6136/BackhedF_2015__SID507_12M__bin.17.fa	/home/jshaw/scratch/2022_sketched_distance/references/SGB_genome_fastas_part4/6136/BackhedF_2015__SID591_12M__bin.3.fa	/home/jshaw/scratch/2022_sketched_distance/references/SGB_genome_fastas_part4/6136/BackhedF_2015__SID640_4M__bin.19.fa	/home/jshaw/scratch/2022_sketched_distance/references/SGB_genome_fastas_part4/6136/BackhedF_2015__SID9_12M__bin.17.fa	/home/jshaw/scratch/2022_sketched_distance/references/SGB_genome_fastas_part4/6136/HeQ_2017__RSZAXPI003078-111__bin.17.fa	/home/jshaw/scratch/2022_sketched_distance/references/SGB_genome_fastas_part4/6136/HeQ_2017__RSZAXPI003079-113__bin.31.fa	/home/jshaw/scratch/2022_sketched_distance/references/SGB_genome_fastas_part4/6136/HeQ_2017__RSZAXPI003094-125__bin.9.fa	/home/jshaw/scratch/2022_sketched_distance/references/SGB_genome_fastas_part4/6136/HeQ_2017__RSZAXPI003098-132__bin.13.fa	/home/jshaw/scratch/2022_sketched_distance/references/SGB_genome_fastas_part4/6136/HeQ_2017__SZAXPI029479-64__bin.9.fa	/home/jshaw/scratch/2022_sketched_distance/references/SGB_genome_fastas_part4/6136/HeQ_2017__SZAXPI029494-94__bin.2.fa	/home/jshaw/scratch/2022_sketched_distance/references/SGB_genome_fastas_part4/6136/HeQ_2017__SZAXPI029545-129__bin.18.fa	/home/jshaw/scratch/2022_sketched_distance/references/SGB_genome_fastas_part4/6136/HeQ_2017__SZAXPI029549-142__bin.9.fa	/home/jshaw/scratch/2022_sketched_distance/references/SGB_genome_fastas_part4/6136/OlmMR_2017__S2_001_013G1__bin.3.fa	/home/jshaw/scratch/2022_sketched_distance/references/SGB_genome_fastas_part4/6136/OlmMR_2017__S2_001_014G1__bin.6.fa	/home/jshaw/scratch/2022_sketched_distance/references/SGB_genome_fastas_part4/6136/OlmMR_2017__S2_001_015G1__bin.1.fa	/home/jshaw/scratch/2022_sketched_distance/references/SGB_genome_fastas_part4/6136/OlmMR_2017__S2_001_016G1__bin.8.fa	/home/jshaw/scratch/2022_sketched_distance/references/SGB_genome_fastas_part4/6136/OlmMR_2017__S2_001_017G1__bin.7.fa	/home/jshaw/scratch/2022_sketched_distance/references/SGB_genome_fastas_part4/6136/OlmMR_2017__S2_001_018G1__bin.9.fa	/home/jshaw/scratch/2022_sketched_distance/references/SGB_genome_fastas_part4/6136/OlmMR_2017__S2_001_019G1__bin.6.fa	/home/jshaw/scratch/2022_sketched_distance/references/SGB_genome_fastas_part4/6136/OlmMR_2017__S2_001_020G1__bin.8.fa	/home/jshaw/scratch/2022_sketched_distance/references/SGB_genome_fastas_part4/6136/OlmMR_2017__S2_001_021G1__bin.7.fa	/home/jshaw/scratch/2022_sketched_distance/references/SGB_genome_fastas_part4/6136/OlmMR_2017__S2_001_023G1__bin.13.fa	/home/jshaw/scratch/2022_sketched_distance/references/SGB_genome_fastas_part4/6136/OlmMR_2017__S2_001_024G1__bin.5.fa	/home/jshaw/scratch/2022_sketched_distance/references/SGB_genome_fastas_part4/6136/OlmMR_2017__S2_001_025G1__bin.12.fa	/home/jshaw/scratch/2022_sketched_distance/references/SGB_genome_fastas_part4/6136/OlmMR_2017__S2_001_026G1__bin.3.fa	/home/jshaw/scratch/2022_sketched_distance/references/SGB_genome_fastas_part4/6136/OlmMR_2017__S2_001_027G1__bin.7.fa	/home/jshaw/scratch/2022_sketched_distance/references/SGB_genome_fastas_part4/6136/VincentC_2016__MM087.1__bin.1.fa	/home/jshaw/scratch/2022_sketched_distance/references/SGB_genome_fastas_part4/6136/ZellerG_2014__CCIS15704761ST-4-0__bin.14.fa
1.0	0.9906796461565911	0.9904636728252099	0.9931169625483028	0.9922026363972631	0.9931396195667036	0.9938619783901087	0.9691888394349266	0.9890398422931187	0.9926180338312446	0.9955237036662099	0.9932376803367804	0.9939075497695444	0.9931169625483028	0.994536932274338	0.9924853933843366	0.9922140976249169	0.9931705133949641	0.9930503026628317	0.992988044061744	0.9941772740986534	0.9928384256774414	0.9925309428858021	0.9939803841218701	0.9937299968184312	0.9927746282004132	0.9932659787912608	0.9939699890121355	0.9874462969957857	0.9937195228312727
0.9906796461565911	1.0	0.9902322616026604	0.9916646400713856	0.9906530547103886	0.9910886724528689	0.9908520050603774	0.9672622133163563	0.9861958913953202	0.9891110649726474	0.992667654996408	0.9897817028283639	0.9917961686949044	0.9907413062228871	0.9922230038911372	0.9883009557008112	0.988323227528251	0.990630235074492	0.988325323680541	0.9892673837026877	0.9916526569325824	0.990568367066486	0.9877826622501785	0.9916406694480734	0.9913274589326619	0.9898040902168516	0.9909255986958447	0.9914844352267468	0.9892707376946452	0.991580666727616
0.9904636728252099	0.9902322616026604	1.0	0.9915153799945657	0.9950764188025201	0.9926354248831006	0.9921689542273128	0.9680235750930424	0.9884635405905514	0.991830930896761	0.9895230114035367	0.9921564179863808	0.9902752812637146	0.9912630833075933	0.9896916910007657	0.9909948693077772	0.9907628600762322	0.9908722692959341	0.9908409861291674	0.9909431369211056	0.9902711741848649	0.9906268688122885	0.9901518281812057	0.9902954220627525	0.9898869734638489	0.9907099328128177	0.9899491477902932	0.9899748151575262	0.9860475588830456	0.9886905875056788
0.9931169625483028	0.9916646400713856	0.9915153799945657	1.0	0.9938285095420027	0.9939632477672797	0.9952871875961982	0.9694113866053289	0.9898929747961929	0.9940969151628755	0.9953353863268944	0.9965956389131639	0.9973157422876572	0.9968080823301531	0.997813515945125	0.9963486319383456	0.9964346075699227	0.9966785232689963	0.9966751621959237	0.9966030017740087	0.997491735807668	0.9962109566409104	0.99620177963649	0.9972506669926418	0.9970640324915273	0.9963856382910299	0.9966307532702473	0.9971854640536308	0.9884804015191768	0.9936156889447453
0.9922026363972631	0.9906530547103886	0.9950764188025201	0.9938285095420027	1.0	0.9907594133211285	0.9932912725805022	0.9667544999609045	0.9859071622097371	0.9893027165974216	0.9941659060864966	0.9895406100278455	0.9936341574537235	0.9929199121944883	0.994129920347707	0.9897885931866122	0.9877748690711402	0.9926197944144601	0.989911534867763	0.9913130119528762	0.9937071731855583	0.9926449084537331	0.9890131516981905	0.9936706854393451	0.9932666444034834	0.9919472286808483	0.9929199121944883	0.9935121057215385	0.9832926539653207	0.9927826959865141
0.9931396195667036	0.9910886724528689	0.9926354248831006	0.9939632477672797	0.9907594133211285	1.0	0.9933697596331184	0.9661160749736083	0.9888488591772833	0.988398652649068	0.9947913183617162	0.9886412097508571	0.9936741458863034	0.9929466064378453	0.994237439318019	0.9898366461881689	0.9869348163067473	0.9928949456162502	0.990076806352319	0.9913334809275944	0.9938001524834076	0.9927524611421069	0.9892212617955523	0.9937498073495268	0.9934206853604358	0.9919775742346664	0.9930625493158103	0.9935476580957193	0.9825825103600561	0.9936109623736179
0.9938619783901087	0.9908520050603774	0.9921689542273128	0.9952871875961982	0.9932912725805022	0.9933697596331184	1.0	0.9688803120531629	0.9892442866162808	0.9973733425012382	0.9962646617302545	0.9943022084286031	0.9956877645009612	0.9952458280140339	0.9962847228378338	0.993473956184104	0.9932841459751438	0.9946297065478729	0.9937779871349303	0.9937454647728726	0.9959217553639443	0.9946086191405262	0.9931736566093362	0.9957489648000163	0.9955445233917462	0.9938296004628406	0.9950694722261304	0.9957081771418644	0.9871447729180974	0.99437576801917
0.9691888394349266	0.9672622133163563	0.9680235750930424	0.9694113866053289	0.9667544999609045	0.9661160749736083	0.9688803120531629	1.0	0.962063809883054	0.9623072477448181	0.9705820138872279	0.9646229867664279	0.9697697884995179	0.9686540627080739	0.9702595674704159	0.9665430942756421	0.9622874937038797	0.9689084820937972	0.9662692325540164	0.9678203544560663	0.9694944482072426	0.9685972518034511	0.9657144221858691	0.9699065840945215	0.9694390975349225	0.9684547856434969	0.9691888394349266	0.9694113866053289	0.9571858699271047	0.9696324115523471
0.9890398422931187	0.9861958913953202	0.9884635405905514	0.9898929747961929	0.9859071622097371	0.9888488591772833	0.9892442866162808	0.962063809883054	1.0	0.9843267817928782	0.9908912153809959	0.9834923824487696	0.9899215114305417	0.9894185213502837	0.9906549337362907	0.986561170787261	0.9828637845982499	0.9891130037355188	0.9863869781717447	0.9875107556641878	0.9902620400484763	0.9890105321961598	0.9857618408012051	0.9900496217713222	0.9899357704984125	0.9884038588547439	0.9895052947414144	0.9898072165130573	0.9780638709159423	0.9899500234073019
0.9926180338312446	0.9891110649726474	0.991830930896761	0.9940969151628755	0.9893027165974216	0.988398652649068	0.9973733425012382	0.9623072477448181	0.9843267817928782	1.0	0.9949401332369695	0.9858757991511831	0.9944939948763475	0.993931204356875	0.9951409560942058	0.9905373695926485	0.9842391840666208	0.9934009170169571	0.991039742581949	0.9921246390913915	0.9946027021544641	0.9934711786634116	0.989824087344919	0.994548393073069	0.9943165816744043	0.992574793798812	0.9938480371105272	0.9943985827016463	0.9781636403480234	0.9932458145883959
0.9955237036662099	0.992667654996408	0.9895230114035367	0.9953353863268944	0.9941659060864966	0.9947913183617162	0.9962646617302545	0.9705820138872279	0.9908912153809959	0.9949401332369695	1.0	0.9956368737355541	0.9950752220185393	0.9957017995400816	0.9955112517323034	0.9957694872302648	0.995312047456625	0.9960453323383452	0.9958698202329467	0.9958157966807634	0.9958212033944144	0.9956042361623267	0.9954179899415994	0.9956722137384506	0.9954589237810686	0.9957043303247584	0.9953778276617491	0.995846235774638	0.9896939764070948	0.9939613317713665
0.9932376803367804	0.9897817028283639	0.9921564179863808	0.9965956389131639	0.9895406100278455	0.9886412097508571	0.9943022084286031	0.9646229867664279	0.9834923824487696	0.9858757991511831	0.9956368737355541	1.0	0.9980150666605666	0.9971931161253778	0.9985724405962461	0.9936498029595296	0.9874812989569375	0.9971130009465341	0.9947358627566889	0.9954012388999733	0.9982484414322429	0.9971450701942131	0.9933097232836942	0.997921256430075	0.9979525559105181	0.996497730206358	0.9975275072437609	0.9978114757326406	0.9768509030659548	0.9944763514918429
0.9939075497695444	0.9917961686949044	0.9902752812637146	0.9973157422876572	0.9936341574537235	0.9936741458863034	0.9956877645009612	0.9697697884995179	0.9899215114305417	0.9944939948763475	0.9950752220185393	0.9980150666605666	1.0	0.9990232855987629	0.9989206091719461	0.9984596864282258	0.998421993308218	0.9987544488582314	0.998518042800284	0.9984883320887783	0.9985614937173134	0.9987527117885387	0.9981043001442054	0.99848584635832	0.9984322934752133	0.9985917223789967	0.9983542156653993	0.9982069061523577	0.9893416557307321	0.9933909557061745
0.9931169625483028	0.9907413062228871	0.9912630833075933	0.9968080823301531	0.9929199121944883	0.9929466064378453	0.9952458280140339	0.9686540627080739	0.9894185213502837	0.993931204356875	0.9957017995400816	0.9971931161253778	0.9990232855987629	1.0	0.9992102790903337	0.9974980296183407	0.9974431476921951	0.9977420274120078	0.9977768982595363	0.9975295637984444	0.9991569594261547	0.9978509778005745	0.9970200200499159	0.9985375670107826	0.9987363085504389	0.997506973290548	0.9980170560012278	0.9987182900881937	0.988516740042388	0.9943010256242771
0.994536932274338	0.9922230038911372	0.9896916910007657	0.997813515945125	0.994129920347707	0.994237439318019	0.9962847228378338	0.9702595674704159	0.9906549337362907	0.9951409560942058	0.9955112517323034	0.9985724405962461	0.9989206091719461	0.9992102790903337	1.0	0.9996359975203475	0.9995670930753794	0.9998687535924534	0.9997909234788039	0.9997435790019542	0.9999427992267084	0.9998025117696608	0.9993800121218507	0.9998332620990076	0.9998031231589823	0.9998394802997536	0.9997649951427771	0.9998839704035398	0.9897639912189261	0.9936290212063988
0.9924853933843366	0.9883009557008112	0.9909948693077772	0.9963486319383456	0.9897885931866122	0.9898366461881689	0.993473956184104	0.9665430942756421	0.986561170787261	0.9905373695926485	0.9957694872302648	0.9936498029595296	0.9984596864282258	0.9974980296183407	0.9996359975203475	1.0	0.9948828422572341	0.9977028070102066	0.9951800577724199	0.9962528065913261	0.9993457917668512	0.9982896298818495	0.9947503855232371	0.9989352086569041	0.9991020072977381	0.9970326162011296	0.9985593152854856	0.9987280029636023	0.985074148346102	0.9936474204973261
0.9922140976249169	0.988323227528251	0.9907628600762322	0.9964346075699227	0.9877748690711402	0.9869348163067473	0.9932841459751438	0.9622874937038797	0.9828637845982499	0.9842391840666208	0.995312047456625	0.9874812989569375	0.998421993308218	0.9974431476921951	0.9995670930753794	0.9948828422572341	1.0	0.9979043772682427	0.9958577809210017	0.9966731264622043	0.9992386813811877	0.9982461502241535	0.9947991248759862	0.9989316819747074	0.9990056203517356	0.9971711125909304	0.9985969121832873	0.9988452125129296	0.9787559307772544	0.9937055523611681
0.9931705133949641	0.990630235074492	0.9908722692959341	0.9966785232689963	0.9926197944144601	0.9928949456162502	0.9946297065478729	0.9689084820937972	0.9891130037355188	0.9934009170169571	0.9960453323383452	0.9971130009465341	0.9987544488582314	0.9977420274120078	0.9998687535924534	0.9977028070102066	0.9979043772682427	1.0	0.9981795657450756	0.9980849515184845	0.9995250740992062	0.9983348135360351	0.9978288439599542	0.9992493413653843	0.9990971584089736	0.9980018536877352	0.9987725744158368	0.9993028874131782	0.9884804015191768	0.9943712160874388
0.9930503026628317	0.988325323680541	0.9908409861291674	0.9966751621959237	0.989911534867763	0.990076806352319	0.9937779871349303	0.9662692325540164	0.9863869781717447	0.991039742581949	0.9958698202329467	0.9947358627566889	0.998518042800284	0.9977768982595363	0.9997909234788039	0.9951800577724199	0.9958577809210017	0.9981795657450756	1.0	0.9967065548604335	0.9993977456399957	0.9982195657328123	0.9954510200735854	0.9990973534037754	0.9991557056611879	0.9974307556873084	0.9987155507455074	0.9990388987250098	0.9857526272926671	0.9942318471425031
0.992988044061744	0.9892673837026877	0.9909431369211056	0.9966030017740087	0.9913130119528762	0.9913334809275944	0.9937454647728726	0.9678203544560663	0.9875107556641878	0.9921246390913915	0.9958157966807634	0.9954012388999733	0.9984883320887783	0.9975295637984444	0.9997435790019542	0.9962528065913261	0.9966731264622043	0.9980849515184845	0.9967065548604335	1.0	0.9993086719766957	0.9981910723647822	0.9961910194262015	0.9991967160048022	0.9990186791138786	0.997213653043816	0.9987166589768036	0.9991218690744341	0.9865718575456912	0.9941613048863365
0.9941772740986534	0.9916526569325824	0.9902711741848649	0.997491735807668	0.9937071731855583	0.9938001524834076	0.9959217553639443	0.9694944482072426	0.9902620400484763	0.9946027021544641	0.9958212033944144	0.9982484414322429	0.9985614937173134	0.9991569594261547	0.9999427992267084	0.9993457917668512	0.9992386813811877	0.9995250740992062	0.9993977456399957	0.9993086719766957	1.0	0.9993952724779147	0.9989469773581329	0.9991834168687931	0.9994224935386482	0.9991713197248163	0.9991100527516374	0.999221550209808	0.9895182864845468	0.9935413482769991
0.9928384256774414	0.990568367066486	0.9906268688122885	0.9962109566409104	0.9926449084537331	0.9927524611421069	0.9946086191405262	0.9685972518034511	0.9890105321961598	0.9934711786634116	0.9956042361623267	0.9971450701942131	0.9987527117885387	0.9978509778005745	0.9998025117696608	0.9982896298818495	0.9982461502241535	0.9983348135360351	0.9982195657328123	0.9981910723647822	0.9993952724779147	1.0	0.9978902538692576	0.9989829931784454	0.9993429243535384	0.9982840479523455	0.9989123068485297	0.9990535297768233	0.9882615246813332	0.9936316645598043
0.9925309428858021	0.9877826622501785	0.9901518281812057	0.99620177963649	0.9890131516981905	0.9892212617955523	0.9931736566093362	0.9657144221858691	0.9857618408012051	0.989824087344919	0.9954179899415994	0.9933097232836942	0.9981043001442054	0.9970200200499159	0.9993800121218507	0.9947503855232371	0.9947991248759862	0.9978288439599542	0.9954510200735854	0.9961910194262015	0.9989469773581329	0.9978902538692576	1.0	0.9987980553829027	0.9986184652252658	0.9970200200499159	0.9983472500395605	0.9986384675987715	0.9844636221125255	0.9937694167461202
0.9939803841218701	0.9916406694480734	0.9902954220627525	0.9972506669926418	0.9936706854393451	0.9937498073495268	0.9957489648000163	0.9699065840945215	0.9900496217713222	0.994548393073069	0.9956722137384506	0.997921256430075	0.99848584635832	0.9985375670107826	0.9998332620990076	0.9989352086569041	0.9989316819747074	0.9992493413653843	0.9990973534037754	0.9991967160048022	0.9991834168687931	0.9989829931784454	0.9987980553829027	1.0	0.9991322431648932	0.9991804388308261	0.9988080403711095	0.9990895382645594	0.9890391949987557	0.9938619700472073
0.9937299968184312	0.9913274589326619	0.9898869734638489	0.9970640324915273	0.9932666444034834	0.9934206853604358	0.9955445233917462	0.9694390975349225	0.9899357704984125	0.9943165816744043	0.9954589237810686	0.9979525559105181	0.9984322934752133	0.9987363085504389	0.9998031231589823	0.9991020072977381	0.9990056203517356	0.9990971584089736	0.9991557056611879	0.9990186791138786	0.9994224935386482	0.9993429243535384	0.9986184652252658	0.9991322431648932	1.0	0.9991895554407301	0.999006813929654	0.9992046079334813	0.9891818751309764	0.9930985859686121
0.9927746282004132	0.9898040902168516	0.9907099328128177	0.9963856382910299	0.9919472286808483	0.9919775742346664	0.9938296004628406	0.9684547856434969	0.9884038588547439	0.992574793798812	0.9957043303247584	0.996497730206358	0.9985917223789967	0.997506973290548	0.9998394802997536	0.9970326162011296	0.9971711125909304	0.9980018536877352	0.9974307556873084	0.997213653043816	0.9991713197248163	0.9982840479523455	0.9970200200499159	0.9991804388308261	0.9991895554407301	1.0	0.9989241552275397	0.9993713655869759	0.987521248360324	0.9940544544136113
0.9932659787912608	0.9909255986958447	0.9899491477902932	0.9966307532702473	0.9929199121944883	0.9930625493158103	0.9950694722261304	0.9691888394349266	0.9895052947414144	0.9938480371105272	0.9953778276617491	0.9975275072437609	0.9983542156653993	0.9980170560012278	0.9997649951427771	0.9985593152854856	0.9985969121832873	0.9987725744158368	0.9987155507455074	0.9987166589768036	0.9991100527516374	0.9989123068485297	0.9983472500395605	0.9988080403711095	0.999006813929654	0.9989241552275397	1.0	0.9987646712506849	0.9883529001459985	0.9934181455513141
0.9939699890121355	0.9914844352267468	0.9899748151575262	0.9971854640536308	0.9935121057215385	0.9935476580957193	0.9957081771418644	0.9694113866053289	0.9898072165130573	0.9943985827016463	0.995846235774638	0.9978114757326406	0.9982069061523577	0.9987182900881937	0.9998839704035398	0.9987280029636023	0.9988452125129296	0.9993028874131782	0.9990388987250098	0.9991218690744341	0.999221550209808	0.9990535297768233	0.9986384675987715	0.9990895382645594	0.9992046079334813	0.9993713655869759	0.9987646712506849	1.0	0.9890391949987557	0.9935869083383838
0.9874462969957857	0.9892707376946452	0.9860475588830456	0.9884804015191768	0.9832926539653207	0.9825825103600561	0.9871447729180974	0.9571858699271047	0.9780638709159423	0.9781636403480234	0.9896939764070948	0.9768509030659548	0.9893416557307321	0.988516740042388	0.9897639912189261	0.985074148346102	0.9787559307772544	0.9884804015191768	0.9857526272926671	0.9865718575456912	0.9895182864845468	0.9882615246813332	0.9844636221125255	0.9890391949987557	0.9891818751309764	0.987521248360324	0.9883529001459985	0.9890391949987557	1.0	0.9888599720589388
0.9937195228312727	0.991580666727616	0.9886905875056788	0.9936156889447453	0.9927826959865141	0.9936109623736179	0.99437576801917	0.9696324115523471	0.9899500234073019	0.9932458145883959	0.9939613317713665	0.9944763514918429	0.9933909557061745	0.9943010256242771	0.9936290212063988	0.9936474204973261	0.9937055523611681	0.9943712160874388	0.9942318471425031	0.9941613048863365	0.9935413482769991	0.9936316645598043	0.9937694167461202	0.9938619700472073	0.9930985859686121	0.9940544544136113	0.9934181455513141	0.9935869083383838	0.9888599720589388	1.0
