/home/jshaw/scratch/2022_sketched_distance/references/SGB_genome_fastas_part3/5043/CM_madagascar__A15_02_1FE__bin.12.fa	/home/jshaw/scratch/2022_sketched_distance/references/SGB_genome_fastas_part3/5043/FengQ_2015__SID31236__bin.32.fa	/home/jshaw/scratch/2022_sketched_distance/references/SGB_genome_fastas_part3/5043/FengQ_2015__SID530185__bin.31.fa	/home/jshaw/scratch/2022_sketched_distance/references/SGB_genome_fastas_part3/5043/HeQ_2017__SZAXPI029570-85__bin.18.fa	/home/jshaw/scratch/2022_sketched_distance/references/SGB_genome_fastas_part3/5043/HeQ_2017__SZAXPI029577-94__bin.48.fa	/home/jshaw/scratch/2022_sketched_distance/references/SGB_genome_fastas_part3/5043/HeQ_2017__SZAXPI029579-97__bin.21.fa	/home/jshaw/scratch/2022_sketched_distance/references/SGB_genome_fastas_part3/5043/HeQ_2017__SZAXPI029601-32__bin.11.fa	/home/jshaw/scratch/2022_sketched_distance/references/SGB_genome_fastas_part3/5043/LiJ_2014__O2.UC8-2__bin.15.fa	/home/jshaw/scratch/2022_sketched_distance/references/SGB_genome_fastas_part3/5043/LiJ_2014__V1.FI25__bin.37.fa	/home/jshaw/scratch/2022_sketched_distance/references/SGB_genome_fastas_part3/5043/NielsenHB_2014__O2_UC35_0__bin.28.fa	/home/jshaw/scratch/2022_sketched_distance/references/SGB_genome_fastas_part3/5043/NielsenHB_2014__O2_UC9_2__bin.44.fa	/home/jshaw/scratch/2022_sketched_distance/references/SGB_genome_fastas_part3/5043/NielsenHB_2014__V1_UC35_4__bin.80.fa	/home/jshaw/scratch/2022_sketched_distance/references/SGB_genome_fastas_part3/5043/QinJ_2012__CON-036__bin.19.fa	/home/jshaw/scratch/2022_sketched_distance/references/SGB_genome_fastas_part3/5043/QinJ_2012__DLM019__bin.1.fa	/home/jshaw/scratch/2022_sketched_distance/references/SGB_genome_fastas_part3/5043/QinJ_2012__NOF005__bin.20.fa	/home/jshaw/scratch/2022_sketched_distance/references/SGB_genome_fastas_part3/5043/QinJ_2012__NOF013__bin.19.fa	/home/jshaw/scratch/2022_sketched_distance/references/SGB_genome_fastas_part3/5043/QinJ_2012__NOM015__bin.11.fa	/home/jshaw/scratch/2022_sketched_distance/references/SGB_genome_fastas_part3/5043/QinJ_2012__T2D-084__bin.27.fa	/home/jshaw/scratch/2022_sketched_distance/references/SGB_genome_fastas_part3/5043/VogtmannE_2016__MMRS87723283ST-27-0-0__bin.6.fa	/home/jshaw/scratch/2022_sketched_distance/references/SGB_genome_fastas_part3/5043/XieH_2016__YSZC12003_37305R1__bin.76.fa	/home/jshaw/scratch/2022_sketched_distance/references/SGB_genome_fastas_part3/5043/XieH_2016__YSZC12003_37323__bin.20.fa	/home/jshaw/scratch/2022_sketched_distance/references/SGB_genome_fastas_part3/5043/XieH_2016__YSZC12003_37406__bin.47.fa	/home/jshaw/scratch/2022_sketched_distance/references/SGB_genome_fastas_part3/5043/XieH_2016__YSZC12003_37877__bin.35.fa	/home/jshaw/scratch/2022_sketched_distance/references/SGB_genome_fastas_part3/5043/YuJ_2015__SZAXPI015225-18__bin.78.fa	/home/jshaw/scratch/2022_sketched_distance/references/SGB_genome_fastas_part3/5043/YuJ_2015__SZAXPI015227-13__bin.33.fa	/home/jshaw/scratch/2022_sketched_distance/references/SGB_genome_fastas_part3/5043/YuJ_2015__SZAXPI015264-87__bin.43.fa	/home/jshaw/scratch/2022_sketched_distance/references/SGB_genome_fastas_part3/5043/YuJ_2015__SZAXPI017586-111__bin.6.fa	/home/jshaw/scratch/2022_sketched_distance/references/SGB_genome_fastas_part3/5043/ZellerG_2014__CCIS77252613ST-4-0__bin.79.fa
1.0	0.9663263163855254	0.9574218398862194	0.9622215588127699	0.9693269085137776	0.9497596583325639	0.9687118703472305	0.9674450057368527	0.9675054100350583	0.9661494100906828	0.9644995126791169	0.9637879268074062	0.9666141203982067	0.9661335400202171	0.9670518044012681	0.9670223649910108	0.9674579771690626	0.9567115492371021	0.9607752032313721	0.9645021706134366	0.9666959173569702	0.9668031422418875	0.9631686171520972	0.9637496727704653	0.9654417887429604	0.9651096866444394	0.9681737341624083	0.9649093251768716
0.9663263163855254	1.0	0.9693560957390335	0.9800988188815917	0.9853628190597583	0.9734467933747392	0.9856491852036781	0.9862605307383239	0.9857730889781203	0.9915260725689421	0.9829388597643453	0.9824103980005471	0.9847253787663885	0.9823299159782097	0.98540654028645	0.9833002385953471	0.985714894934934	0.971018631793008	0.9724887849482926	0.9789988135395382	0.9840004389448842	0.9851791980570882	0.9813895243865395	0.9803800334719108	0.9826819966889042	0.9843493438467976	0.9855779685698842	0.9836819558672565
0.9574218398862194	0.9693560957390335	1.0	0.9651447260874143	0.9706764195015251	0.9564919512780357	0.9702340144257073	0.9698492816966077	0.9681562000768139	0.9716805425094694	0.9671064568061336	0.9696697290845825	0.969244371254247	0.9675624622071715	0.9695057223432134	0.9686349369920152	0.9697587144952844	0.9542118191046667	0.9581258862504404	0.9740403908167485	0.9691566938048133	0.9687667476020067	0.968884811439425	0.965081145508309	0.9666443154023024	0.9692835254772236	0.9701318813875708	0.9704607543741971
0.9622215588127699	0.9800988188815917	0.9651447260874143	1.0	0.9838843890566616	0.9678944010569384	0.9842264182709699	0.9819737479742258	0.9800393470425782	0.9804258397061644	0.9794296888243718	0.9767657770025895	0.9829749571109677	0.980051628692751	0.9848551010700612	0.9823708389684846	0.9850996603360955	0.9699077152603153	0.9668715091972873	0.9725708175084439	0.98256579616862	0.9805076014998393	0.9760033276966799	0.9800090207233478	0.9807881627331002	0.9818985021933057	0.9834377933877658	0.978044133696794
0.9693269085137776	0.9853628190597583	0.9706764195015251	0.9838843890566616	1.0	0.9828537497440685	0.9902667091656474	0.9870771159773851	0.9862288557591327	0.9863605533311149	0.983848654278585	0.9817827029510139	0.9878050230752556	0.9854730595100153	0.9897217964987243	0.9873037518174422	0.9903539045437293	0.9751949997018443	0.9720682276144201	0.9783153722030299	0.9871765095739037	0.9859693151013541	0.9812084759040561	0.9843932026463967	0.985706773912807	0.9881125342893635	0.9893740914364749	0.9835370123969284
0.9497596583325639	0.9734467933747392	0.9564919512780357	0.9678944010569384	0.9828537497440685	1.0	0.9762687626423209	0.9731408999933688	0.9698049788281748	0.9728553152445717	0.9684191242892403	0.9684036071034036	0.9745404909187501	0.9722803878277338	0.9752124228902189	0.9725222054727519	0.9759143618844381	0.9607899585413194	0.9551133806439959	0.9642718091782954	0.9719918577164234	0.9709231376405765	0.9696030602351284	0.9682279030727544	0.9686863867041606	0.9777921942882436	0.9748411879526528	0.9696680107493347
0.9687118703472305	0.9856491852036781	0.9702340144257073	0.9842264182709699	0.9902667091656474	0.9762687626423209	1.0	0.9880682746054426	0.9866398202012256	0.9861918826314369	0.9847698003876443	0.9824100775355334	0.9884943696445913	0.9861311656923021	0.989597740478644	0.9882006686225159	0.9900850243181049	0.9756923836830222	0.9730806323922359	0.9783188557890597	0.9879971811252775	0.9866416375788191	0.9818099668406497	0.9855278510995674	0.9872749725591848	0.9882926596850988	0.9893227652895629	0.9834281123805809
0.9674450057368527	0.9862605307383239	0.9698492816966077	0.9819737479742258	0.9870771159773851	0.9731408999933688	0.9880682746054426	1.0	0.9904708712115624	0.9869029447412029	0.994384763059554	0.9830913788420192	0.9861318130987778	0.9831656175765937	0.9867268688343167	0.9847983325679459	0.9870398815538605	0.9734343034823624	0.9731418560672492	0.9798600919391394	0.9845548401653667	0.9883098565737443	0.9826329168378022	0.981944957118902	0.9843895654017688	0.9857431772628386	0.9867958556507668	0.9842703149224765
0.9675054100350583	0.9857730889781203	0.9681562000768139	0.9800393470425782	0.9862288557591327	0.9698049788281748	0.9866398202012256	0.9904708712115624	1.0	0.9852313790956448	0.9867859310921441	0.982251215988105	0.9849404219741682	0.9827279786819705	0.9855564296628299	0.9835222615664188	0.9859698920741691	0.9742999581363544	0.9738482720253704	0.9773036288742868	0.9840385288592919	0.9864934763691035	0.9809583548964689	0.9808000741801477	0.9843219956919752	0.9843311008335721	0.9860300705679322	0.9837343188150589
0.9661494100906828	0.9915260725689421	0.9716805425094694	0.9804258397061644	0.9863605533311149	0.9728553152445717	0.9861918826314369	0.9869029447412029	0.9852313790956448	1.0	0.9836049735591065	0.9830175884107194	0.9850121991056977	0.9831469101371416	0.9855797770122302	0.9838324689187907	0.9860015819700029	0.971307254590252	0.9719020719381818	0.9799387106292302	0.9842926009511006	0.9853789371645029	0.9829383906952432	0.9808964321108808	0.9828558675147657	0.984995759721156	0.986537012427077	0.9848379465827727
0.9644995126791169	0.9829388597643453	0.9671064568061336	0.9794296888243718	0.983848654278585	0.9684191242892403	0.9847698003876443	0.994384763059554	0.9867859310921441	0.9836049735591065	1.0	0.980021766108355	0.9828119899983471	0.979738450735429	0.9835312141369223	0.982252370761922	0.9839425142052891	0.9695856026311233	0.9692665520915863	0.9767970340429096	0.9817648767024252	0.9854023551916115	0.979556416727587	0.9790303627558541	0.9807136223237068	0.9825162342016001	0.9838563968249282	0.9812075443291358
0.9637879268074062	0.9824103980005471	0.9696697290845825	0.9767657770025895	0.9817827029510139	0.9684036071034036	0.9824100775355334	0.9830913788420192	0.982251215988105	0.9830175884107194	0.980021766108355	1.0	0.9825807051947626	0.9801733392270162	0.9817792524974969	0.9809804312822957	0.9822283748424139	0.9684674747913641	0.9758154295174402	0.9800120822906079	0.9810788984297458	0.9815239292715544	0.9906737652552906	0.9777936092110677	0.9796831069207578	0.9819858981590331	0.9812648738132433	0.9920639889104452
0.9666141203982067	0.9847253787663885	0.969244371254247	0.9829749571109677	0.9878050230752556	0.9745404909187501	0.9884943696445913	0.9861318130987778	0.9849404219741682	0.9850121991056977	0.9828119899983471	0.9825807051947626	1.0	0.9844866772961204	0.987564055459944	0.9856249334369623	0.9878706322868881	0.9734177087828675	0.9728287346894396	0.9771237493071533	0.9858318614983502	0.98479911855333	0.9820414684660927	0.9830387632139365	0.9848657202375338	0.9905761886119534	0.9871083571248149	0.9839702078427187
0.9661335400202171	0.9823299159782097	0.9675624622071715	0.980051628692751	0.9854730595100153	0.9722803878277338	0.9861311656923021	0.9831656175765937	0.9827279786819705	0.9831469101371416	0.979738450735429	0.9801733392270162	0.9844866772961204	1.0	0.9848358718506631	0.9832009127459206	0.9852420288361557	0.9729063567728694	0.9719182697530936	0.9762300700257667	0.9850270796553553	0.9826984993490192	0.9797759409899585	0.9804319128699495	0.9823093935166206	0.9838836748340343	0.9857620568150979	0.9819162359789201
0.9670518044012681	0.98540654028645	0.9695057223432134	0.9848551010700612	0.9897217964987243	0.9752124228902189	0.989597740478644	0.9867268688343167	0.9855564296628299	0.9855797770122302	0.9835312141369223	0.9817792524974969	0.987564055459944	0.9848358718506631	1.0	0.9876822496145049	0.9983288862421161	0.9749458304496403	0.9713366094773376	0.977759085934021	0.986795970782035	0.9859458712588063	0.981843462728155	0.9851045804707954	0.9863692302964828	0.988101642866075	0.9882150642771378	0.9831290143900077
0.9670223649910108	0.9833002385953471	0.9686349369920152	0.9823708389684846	0.9873037518174422	0.9725222054727519	0.9882006686225159	0.9847983325679459	0.9835222615664188	0.9838324689187907	0.982252370761922	0.9809804312822957	0.9856249334369623	0.9832009127459206	0.9876822496145049	1.0	0.9881983350007258	0.9734935959436345	0.9700244719457614	0.9765279292632759	0.985314227300336	0.9838758391412481	0.9802839388373628	0.9880821693227322	0.9845247403890114	0.9858396498574632	0.986314921775944	0.9821763527211685
0.9674579771690626	0.985714894934934	0.9697587144952844	0.9850996603360955	0.9903539045437293	0.9759143618844381	0.9900850243181049	0.9870398815538605	0.9859698920741691	0.9860015819700029	0.9839425142052891	0.9822283748424139	0.9878706322868881	0.9852420288361557	0.9983288862421161	0.9881983350007258	1.0	0.9753645423255695	0.9717701665667808	0.9781639357553527	0.9872388834278686	0.9863632025831868	0.9823152416217021	0.9854568049955605	0.9866594333207471	0.9884781085566969	0.988548614677781	0.983521329556262
0.9567115492371021	0.971018631793008	0.9542118191046667	0.9699077152603153	0.9751949997018443	0.9607899585413194	0.9756923836830222	0.9734343034823624	0.9742999581363544	0.971307254590252	0.9695856026311233	0.9684674747913641	0.9734177087828675	0.9729063567728694	0.9749458304496403	0.9734935959436345	0.9753645423255695	1.0	0.9615751702664338	0.9631026017167658	0.9736149822598796	0.9717074728600082	0.9673118498011641	0.9708011194318615	0.9752136966579174	0.9737710283248746	0.9753692332987509	0.9701442917200392
0.9607752032313721	0.9724887849482926	0.9581258862504404	0.9668715091972873	0.9720682276144201	0.9551133806439959	0.9730806323922359	0.9731418560672492	0.9738482720253704	0.9719020719381818	0.9692665520915863	0.9758154295174402	0.9728287346894396	0.9719182697530936	0.9713366094773376	0.9700244719457614	0.9717701665667808	0.9615751702664338	1.0	0.9681701554279775	0.9713206966117093	0.9710471334112771	0.9747141944554408	0.9678701509517179	0.971780384780433	0.9705968369666872	0.9714936180677513	0.9767404535707901
0.9645021706134366	0.9789988135395382	0.9740403908167485	0.9725708175084439	0.9783153722030299	0.9642718091782954	0.9783188557890597	0.9798600919391394	0.9773036288742868	0.9799387106292302	0.9767970340429096	0.9800120822906079	0.9771237493071533	0.9762300700257667	0.977759085934021	0.9765279292632759	0.9781639357553527	0.9631026017167658	0.9681701554279775	1.0	0.9770362940864465	0.9772584745802085	0.9788294463180497	0.9737329853518487	0.9756288857855469	0.9774394136096586	0.9775727211796207	0.9804163165504716
0.9666959173569702	0.9840004389448842	0.9691566938048133	0.98256579616862	0.9871765095739037	0.9719918577164234	0.9879971811252775	0.9845548401653667	0.9840385288592919	0.9842926009511006	0.9817648767024252	0.9810788984297458	0.9858318614983502	0.9850270796553553	0.986795970782035	0.985314227300336	0.9872388834278686	0.9736149822598796	0.9713206966117093	0.9770362940864465	1.0	0.9840323669493503	0.9803940177250337	0.9827422541879566	0.9849323454141823	0.9858680776513497	0.9872253108739778	0.9827214051842519
0.9668031422418875	0.9851791980570882	0.9687667476020067	0.9805076014998393	0.9859693151013541	0.9709231376405765	0.9866416375788191	0.9883098565737443	0.9864934763691035	0.9853789371645029	0.9854023551916115	0.9815239292715544	0.98479911855333	0.9826984993490192	0.9859458712588063	0.9838758391412481	0.9863632025831868	0.9717074728600082	0.9710471334112771	0.9772584745802085	0.9840323669493503	1.0	0.980750924034282	0.9811809406082733	0.9836039383663363	0.9850155470407068	0.9858349467426165	0.9824178917589178
0.9631686171520972	0.9813895243865395	0.968884811439425	0.9760033276966799	0.9812084759040561	0.9696030602351284	0.9818099668406497	0.9826329168378022	0.9809583548964689	0.9829383906952432	0.979556416727587	0.9906737652552906	0.9820414684660927	0.9797759409899585	0.981843462728155	0.9802839388373628	0.9823152416217021	0.9673118498011641	0.9747141944554408	0.9788294463180497	0.9803940177250337	0.980750924034282	1.0	0.9773411288520577	0.97892287534567	0.9820343095561471	0.980939280607841	0.9927024333196671
0.9637496727704653	0.9803800334719108	0.965081145508309	0.9800090207233478	0.9843932026463967	0.9682279030727544	0.9855278510995674	0.981944957118902	0.9808000741801477	0.9808964321108808	0.9790303627558541	0.9777936092110677	0.9830387632139365	0.9804319128699495	0.9851045804707954	0.9880821693227322	0.9854568049955605	0.9708011194318615	0.9678701509517179	0.9737329853518487	0.9827422541879566	0.9811809406082733	0.9773411288520577	1.0	0.9821337969595901	0.9830522040070208	0.9839232198287478	0.9791370716054728
0.9654417887429604	0.9826819966889042	0.9666443154023024	0.9807881627331002	0.985706773912807	0.9686863867041606	0.9872749725591848	0.9843895654017688	0.9843219956919752	0.9828558675147657	0.9807136223237068	0.9796831069207578	0.9848657202375338	0.9823093935166206	0.9863692302964828	0.9845247403890114	0.9866594333207471	0.9752136966579174	0.971780384780433	0.9756288857855469	0.9849323454141823	0.9836039383663363	0.97892287534567	0.9821337969595901	1.0	0.9854298961044544	0.9860050600588808	0.9807629427811411
0.9651096866444394	0.9843493438467976	0.9692835254772236	0.9818985021933057	0.9881125342893635	0.9777921942882436	0.9882926596850988	0.9857431772628386	0.9843311008335721	0.984995759721156	0.9825162342016001	0.9819858981590331	0.9905761886119534	0.9838836748340343	0.988101642866075	0.9858396498574632	0.9884781085566969	0.9737710283248746	0.9705968369666872	0.9774394136096586	0.9858680776513497	0.9850155470407068	0.9820343095561471	0.9830522040070208	0.9854298961044544	1.0	0.9875847202838326	0.9838674817989824
0.9681737341624083	0.9855779685698842	0.9701318813875708	0.9834377933877658	0.9893740914364749	0.9748411879526528	0.9893227652895629	0.9867958556507668	0.9860300705679322	0.986537012427077	0.9838563968249282	0.9812648738132433	0.9871083571248149	0.9857620568150979	0.9882150642771378	0.986314921775944	0.988548614677781	0.9753692332987509	0.9714936180677513	0.9775727211796207	0.9872253108739778	0.9858349467426165	0.980939280607841	0.9839232198287478	0.9860050600588808	0.9875847202838326	1.0	0.9829150524373578
0.9649093251768716	0.9836819558672565	0.9704607543741971	0.978044133696794	0.9835370123969284	0.9696680107493347	0.9834281123805809	0.9842703149224765	0.9837343188150589	0.9848379465827727	0.9812075443291358	0.9920639889104452	0.9839702078427187	0.9819162359789201	0.9831290143900077	0.9821763527211685	0.983521329556262	0.9701442917200392	0.9767404535707901	0.9804163165504716	0.9827214051842519	0.9824178917589178	0.9927024333196671	0.9791370716054728	0.9807629427811411	0.9838674817989824	0.9829150524373578	1.0
