/home/jshaw/scratch/2022_sketched_distance/references/SGB_genome_fastas_part4/12320/CM_cf__CF_FIFC003SS_t3M17__bin.2.fa	/home/jshaw/scratch/2022_sketched_distance/references/SGB_genome_fastas_part4/12320/CM_cf__CF_FIFC013SS_t1M15__bin.1.fa	/home/jshaw/scratch/2022_sketched_distance/references/SGB_genome_fastas_part4/12320/CM_cf__CF_FIFC013SS_t4M15__bin.2.fa	/home/jshaw/scratch/2022_sketched_distance/references/SGB_genome_fastas_part4/12320/CM_cf__CF_FIFC013SS_t6M16__bin.1.fa	/home/jshaw/scratch/2022_sketched_distance/references/SGB_genome_fastas_part4/12320/CM_cf__CF_FIFC013SS_t7M17__bin.1.fa	/home/jshaw/scratch/2022_sketched_distance/references/SGB_genome_fastas_part4/12320/CM_cf__CF_FIFC013SS_t9M16__bin.2.fa	/home/jshaw/scratch/2022_sketched_distance/references/SGB_genome_fastas_part4/12320/CM_cf__CF_TNFC002IS_t1M15__bin.3.fa	/home/jshaw/scratch/2022_sketched_distance/references/SGB_genome_fastas_part4/12320/CM_cf__CF_TNFC002IS_t3M15__bin.1.fa	/home/jshaw/scratch/2022_sketched_distance/references/SGB_genome_fastas_part4/12320/CM_cf__CF_TNFC003IS_t1M15__bin.11.fa	/home/jshaw/scratch/2022_sketched_distance/references/SGB_genome_fastas_part4/12320/CM_cf__CF_TNFC003IS_t2M15__bin.14.fa	/home/jshaw/scratch/2022_sketched_distance/references/SGB_genome_fastas_part4/12320/CM_cf__CF_TNFC034IS_t3M15__bin.1.fa	/home/jshaw/scratch/2022_sketched_distance/references/SGB_genome_fastas_part4/12320/CM_cf__CF_TNFC034IS_t5M16__bin.2.fa	/home/jshaw/scratch/2022_sketched_distance/references/SGB_genome_fastas_part4/12320/CM_cf__CF_TNFC034SS_t1M15__bin.12.fa	/home/jshaw/scratch/2022_sketched_distance/references/SGB_genome_fastas_part4/12320/CM_cf__CF_TNFC039IS_t3M15__bin.1.fa	/home/jshaw/scratch/2022_sketched_distance/references/SGB_genome_fastas_part4/12320/CM_cf__CF_TNFC045IS_t1M15__bin.5.fa	/home/jshaw/scratch/2022_sketched_distance/references/SGB_genome_fastas_part4/12320/CM_cf__CF_TNFC045IS_t2M15__bin.5.fa	/home/jshaw/scratch/2022_sketched_distance/references/SGB_genome_fastas_part4/12320/CM_cf__CF_TNFC045IS_t3M15__bin.1.fa	/home/jshaw/scratch/2022_sketched_distance/references/SGB_genome_fastas_part4/12320/CM_cf__CF_TNFC045IS_t4M15__bin.2.fa	/home/jshaw/scratch/2022_sketched_distance/references/SGB_genome_fastas_part4/12320/CM_cf__CF_TNFC048IS_t2M15__bin.3.fa	/home/jshaw/scratch/2022_sketched_distance/references/SGB_genome_fastas_part4/12320/CM_cf__CF_TNFC051IS_t1M15__bin.3.fa	/home/jshaw/scratch/2022_sketched_distance/references/SGB_genome_fastas_part4/12320/CM_cf__CF_TNFC051IS_t3M15__bin.4.fa	/home/jshaw/scratch/2022_sketched_distance/references/SGB_genome_fastas_part4/12320/CM_cf__CF_TNFC051IS_t4M15__bin.1.fa	/home/jshaw/scratch/2022_sketched_distance/references/SGB_genome_fastas_part4/12320/CM_cf__CF_TNFC051IS_t5M16__bin.1.fa	/home/jshaw/scratch/2022_sketched_distance/references/SGB_genome_fastas_part4/12320/CM_cf__CF_TNFC059IS_t1M15__bin.3.fa	/home/jshaw/scratch/2022_sketched_distance/references/SGB_genome_fastas_part4/12320/CM_cf__CF_TNFC059IS_t2M15__bin.9.fa	/home/jshaw/scratch/2022_sketched_distance/references/SGB_genome_fastas_part4/12320/CM_cf__CF_TNFC060IS_t1M15__bin.5.fa	/home/jshaw/scratch/2022_sketched_distance/references/SGB_genome_fastas_part4/12320/CM_cf__CF_TNFC065IS_t2M15__bin.1.fa	/home/jshaw/scratch/2022_sketched_distance/references/SGB_genome_fastas_part4/12320/GeversD_2014__SKBSTL067__bin.12.fa	/home/jshaw/scratch/2022_sketched_distance/references/SGB_genome_fastas_part4/12320/LoombaR_2017__SID5640_ijm__bin.11.fa	/home/jshaw/scratch/2022_sketched_distance/references/SGB_genome_fastas_part4/12320/OhJ_2014__MET0042__bin.4.fa	/home/jshaw/scratch/2022_sketched_distance/references/SGB_genome_fastas_part4/12320/OhJ_2014__MET0227__bin.3.fa	/home/jshaw/scratch/2022_sketched_distance/references/SGB_genome_fastas_part4/12320/OlmMR_2017__S2_005_011G1__bin.2.fa	/home/jshaw/scratch/2022_sketched_distance/references/SGB_genome_fastas_part4/12320/OlmMR_2017__S2_005_012W1__bin.8.fa	/home/jshaw/scratch/2022_sketched_distance/references/SGB_genome_fastas_part4/12320/OlmMR_2017__S2_005_014G1__bin.7.fa	/home/jshaw/scratch/2022_sketched_distance/references/SGB_genome_fastas_part4/12320/OlmMR_2017__S2_005_015G1__bin.2.fa	/home/jshaw/scratch/2022_sketched_distance/references/SGB_genome_fastas_part4/12320/OlmMR_2017__S2_005_022W1__bin.4.fa	/home/jshaw/scratch/2022_sketched_distance/references/SGB_genome_fastas_part4/12320/VincentC_2016__MM022.2__bin.33.fa	/home/jshaw/scratch/2022_sketched_distance/references/SGB_genome_fastas_part4/12320/VincentC_2016__MM074.2__bin.1.fa	/home/jshaw/scratch/2022_sketched_distance/references/SGB_genome_fastas_part4/12320/XieH_2016__YSZC12003_37193R1__bin.44.fa
1.0	0.9968696548310089	0.995937091248983	0.9957392493494067	0.9994272409088463	0.9955329668920724	0.9900834980640304	0.9913502784698731	0.9909008257304444	0.992808502221876	0.9908806138463209	0.991955529525488	0.9911232216286009	0.992360485975511	0.991552663751165	0.991708738116088	0.9917511762681483	0.9915810957782614	0.9908415051964088	0.9953263689448959	0.998082368518934	0.9954595850329891	0.9967135009689786	0.9905767983604152	0.9912554895907395	0.9913257579721044	0.992415954948856	0.991488436984963	0.9926093671974325	0.9890221131383693	0.991857033916654	0.9878543817217008	0.9844619613814557	0.98451972493879	0.9879734856028445	0.9859660323716167	0.9896161308708149	0.9953053217738634	0.9913798305492812
0.9968696548310089	1.0	0.9947711720488732	0.9948519711578797	0.9995515276158833	0.9884734060805976	0.9905695200495809	0.984412083366354	0.9912962711066972	0.9943641962566748	0.9900863362951021	0.9935069347514573	0.9931407284354233	0.9934508582606312	0.9935442663956527	0.9936094956869077	0.9936560095093685	0.9935629164490457	0.9912062967998326	0.9954473674047309	0.9991678842140963	0.9973638028785247	0.9894496515014923	0.9882332775762123	0.9851580719122128	0.9907831459667584	0.9944369136292541	0.9842866573501933	0.9940808997740224	0.9829182059550742	0.9936281090552765	0.9893956536998425	0.9790014592585583	0.9832640953346442	0.9894801470691226	0.9879251057634175	0.9895117763611264	0.9946991849596781	0.9857658669344798
0.995937091248983	0.9947711720488732	1.0	0.9943251931978995	0.9995531270416363	0.9936764911179389	0.9885731719123521	0.989723498412656	0.9890588619540831	0.9927521161206398	0.9879581991685717	0.9915741588508539	0.9910607308056014	0.992478700166114	0.9915113965037458	0.9916446243297082	0.9916837070060789	0.991558479433729	0.9886246355392438	0.9939114961639166	0.9983227740573706	0.9952358019551353	0.9946354811627832	0.9881275532527273	0.989039152943049	0.9885162028025736	0.9922337521244419	0.9890930841278303	0.9924481806693428	0.9870351811834035	0.9917383452401191	0.9877210154213244	0.9834523545423897	0.9818009856929852	0.9878353330702259	0.9857984256968524	0.9874290290606369	0.9930682721905366	0.9884761423051186
0.9957392493494067	0.9948519711578797	0.9943251931978995	1.0	0.999572187537024	0.9943502779215811	0.9886143613344718	0.9896991458777755	0.9889669976912325	0.9925186210201696	0.9885289687430634	0.9913507687681818	0.990707450925537	0.9920427254431887	0.9910698780040993	0.9911168592819457	0.9911793972388151	0.9910620412913095	0.9884535873013607	0.9936031299192023	0.9983051945342303	0.9950724894492381	0.9945623972206263	0.9881275532527273	0.9892182603700274	0.9890992829009281	0.9918902040955364	0.989153258024132	0.9921945465386485	0.9868130151660012	0.9912807696274428	0.9871824463951806	0.9831899537577108	0.9818660875649451	0.9873056441583528	0.9851364188358148	0.9872880726899044	0.9929359678151637	0.9884355106693972
0.9994272409088463	0.9995515276158833	0.9995531270416363	0.999572187537024	1.0	0.9993654992423955	0.9937729411197029	0.994254645833512	0.9945957832138799	0.9943560038352793	0.9943555958158617	0.9938734751914177	0.9939723742133999	0.9932541882511893	0.994185390666748	0.993795523958036	0.993952161232701	0.9941485066758583	0.9941430305434605	0.9991357841537011	0.9990172186485082	0.9993427256007301	0.9993728932411299	0.9937991082270067	0.9938935766560131	0.9947564917534776	0.9941277648436154	0.9939955850689823	0.9929128630476338	0.9921615222653881	0.993847515604041	0.9882392888128712	0.9877430753283253	0.9879436710934805	0.9880786332535088	0.9897400719631236	0.9933904748149837	0.9989513169691596	0.994669061315347
0.9955329668920724	0.9884734060805976	0.9936764911179389	0.9943502779215811	0.9993654992423955	1.0	0.9872034119616426	0.9837619976705101	0.9879267390893162	0.9912087551754678	0.9863094731542107	0.9899665192579651	0.9894682824439577	0.9910942604094322	0.9899665192579651	0.9900159316162895	0.9900554083017988	0.9899764076504692	0.9871926552995378	0.9933834765586326	0.997685102363898	0.9941068468557555	0.9882318534730639	0.9852995037291716	0.9824915068188782	0.9870524977588256	0.9907676868028306	0.9821815954993601	0.9907290532232272	0.9809197188444787	0.9901243790784344	0.9862873633006413	0.97580957733559	0.9797226710052676	0.9864528259203894	0.9838788731575777	0.9856847052683582	0.9924335193662261	0.9812922582753154
0.9900834980640304	0.9905695200495809	0.9885731719123521	0.9886143613344718	0.9937729411197029	0.9872034119616426	1.0	0.9961821745613887	0.9912940575356141	0.9942522047922625	0.9913154892757815	0.9937169231270736	0.9931443396737095	0.993569423553499	0.9936116333585873	0.993800914631803	0.9938288645418761	0.9936818637129484	0.990927799083938	0.9890955645336232	0.9936116333585873	0.9917833444098024	0.9904277671176334	0.9906288281077881	0.9911169034681635	0.9911983943147061	0.9945405728967581	0.9905510473733069	0.9942038985736842	0.9883482166929787	0.9937799367126343	0.9894277801490923	0.9840302506354135	0.9843091252778371	0.9894277801490923	0.9873190447457798	0.9889483823360892	0.9892903248537684	0.9912120682306448
0.9913502784698731	0.984412083366354	0.989723498412656	0.9896991458777755	0.994254645833512	0.9837619976705101	0.9961821745613887	1.0	0.9905053285415182	0.9943288542592256	0.9904339304487999	0.9940843999949174	0.993600839715579	0.993524980706336	0.9941696322401826	0.994445132849996	0.9944767745283136	0.9942227912868857	0.9912922945808987	0.9899176742827327	0.9941270435204878	0.9925226623312288	0.98435481679568	0.9889600810391589	0.9857573391110144	0.9910242501868892	0.9946135405408041	0.9801895781164793	0.994254645833512	0.9836011085070945	0.9938918220435731	0.9893563090682164	0.9743547858895566	0.9835717709231021	0.9893316838181796	0.9874563785817512	0.9890098707350252	0.9896869628658365	0.9864367665013768
0.9909008257304444	0.9912962711066972	0.9890588619540831	0.9889669976912325	0.9945957832138799	0.9879267390893162	0.9912940575356141	0.9905053285415182	1.0	0.9994410976230514	0.99105041295989	0.9939230478703034	0.9926971594460068	0.9934811991193664	0.993344605312697	0.9935528649285291	0.993588639761384	0.9934021871846079	0.9902870148453028	0.9894802051856231	0.9943939966411821	0.9924390349583513	0.9909316916658986	0.9896527459483475	0.9901812323523638	0.9906191019904782	0.9941277134066965	0.9896603508529803	0.9987320822834956	0.9879952774216599	0.9934668473282015	0.9894175313891206	0.9834925381039608	0.9833495075771779	0.9894580716567731	0.9874708177909025	0.9888611775559949	0.9890022336281996	0.9906846254462327
0.992808502221876	0.9943641962566748	0.9927521161206398	0.9925186210201696	0.9943560038352793	0.9912087551754678	0.9942522047922625	0.9943288542592256	0.9994410976230514	1.0	0.9946751751423936	0.9943431634370441	0.9941455159744311	0.993635837055388	0.9943741701476235	0.9940076449117101	0.9941576551836879	0.9943367251876026	0.9940789868356347	0.9934323512400308	0.9941136290509731	0.9944430711006939	0.9945898225823054	0.9935144679736634	0.9938113838131934	0.994742163247777	0.9942620802285732	0.9935249223956519	0.9988230146603736	0.9920380858706246	0.9937293705490099	0.9893325027516251	0.987209493791577	0.9876814068934331	0.9893465556705492	0.9898004560435761	0.993166787693891	0.9932112626549348	0.9945341129686921
0.9908806138463209	0.9900863362951021	0.9879581991685717	0.9885289687430634	0.9943555958158617	0.9863094731542107	0.9913154892757815	0.9904339304487999	0.99105041295989	0.9946751751423936	1.0	0.999746541478968	0.993370421255705	0.9934605215784519	0.9937293610350524	0.9940476412715181	0.9940181624576956	0.9938703736813257	0.9900349071203265	0.9892351942644764	0.9941359206852467	0.992509728286465	0.9894923231909251	0.9884993484714373	0.9895423844706438	0.9895574096365698	0.9943993566586337	0.9893181722384424	0.9948697663574051	0.986611774672776	0.9938110730805306	0.9902999782271396	0.9830070530945483	0.9831312317512253	0.9902999782271396	0.988152491974596	0.9891242359342804	0.9886332687983587	0.9900132492793113
0.991955529525488	0.9935069347514573	0.9915741588508539	0.9913507687681818	0.9938734751914177	0.9899665192579651	0.9937169231270736	0.9940843999949174	0.9939230478703034	0.9943431634370441	0.999746541478968	1.0	0.9941071181360354	0.9931562150699205	0.9942547347260067	0.9939640838335008	0.994076855086487	0.9942427495491104	0.9935114482393976	0.9922117257239829	0.9936549116045782	0.9937923873602603	0.9933705877718423	0.9929619724687918	0.993295327229563	0.9940616405306077	0.9940906062878772	0.9934853969392132	0.9947578422039227	0.9910630487130433	0.993623570173768	0.9900369649099738	0.987173612222932	0.9877539645355271	0.9900299743083184	0.9898155348113532	0.9927734926439408	0.9923933480593662	0.9947363300689568
0.9911232216286009	0.9931407284354233	0.9910607308056014	0.990707450925537	0.9939723742133999	0.9894682824439577	0.9931443396737095	0.993600839715579	0.9926971594460068	0.9941455159744311	0.993370421255705	0.9941071181360354	1.0	0.9932771796440022	0.9936493322383596	0.9938693431123922	0.9939980820036042	0.9937012311225365	0.9931105043430829	0.9916146188362994	0.993849989058543	0.9928193805349339	0.9928642672866898	0.9933791993869596	0.9936647577519888	0.9937012802958796	0.9947036325813978	0.9937610896534941	0.9941391194236924	0.990846793789748	0.9939788030311989	0.9899506275093294	0.9874239654884941	0.9875175651433021	0.9899506275093294	0.9888207879575182	0.992375467103154	0.9924529776931942	0.9937646172540087
0.992360485975511	0.9934508582606312	0.992478700166114	0.9920427254431887	0.9932541882511893	0.9910942604094322	0.993569423553499	0.993524980706336	0.9934811991193664	0.993635837055388	0.9934605215784519	0.9931562150699205	0.9932771796440022	1.0	0.9932120180881097	0.9929396109180645	0.99306590790091	0.9932104555324297	0.9935765975028477	0.9920540503271644	0.9922057693748246	0.9931765184458466	0.9933231511275084	0.9929054035547018	0.9933695437810405	0.9942076073678654	0.9935289757150534	0.9936956563710141	0.9930582034134422	0.9920000125591888	0.9929924071410187	0.9881680122177358	0.9873704784511028	0.9877992319976495	0.9882675865755888	0.9892376400180187	0.9926192733934571	0.9921387159792642	0.9937040118019684
0.991552663751165	0.9935442663956527	0.9915113965037458	0.9910698780040993	0.994185390666748	0.9899665192579651	0.9936116333585873	0.9941696322401826	0.993344605312697	0.9943741701476235	0.9937293610350524	0.9942547347260067	0.9936493322383596	0.9932120180881097	1.0	0.9997340537796229	0.9998247138001862	0.9995841916152001	0.9935404192910133	0.9921742520919713	0.9940652717246108	0.9934554163884135	0.9932280734649859	0.9930989529546204	0.9933880719559841	0.9939370611446656	0.994536913810808	0.9933797644999318	0.9943302176810176	0.9911608803489536	0.9940462657089686	0.9901857236096091	0.9872990269166214	0.9870858709276963	0.9901857236096091	0.989329562426876	0.9925677068313289	0.9920106609755349	0.9959972687242592
0.991708738116088	0.9936094956869077	0.9916446243297082	0.9911168592819457	0.993795523958036	0.9900159316162895	0.993800914631803	0.994445132849996	0.9935528649285291	0.9940076449117101	0.9940476412715181	0.9939640838335008	0.9938693431123922	0.9929396109180645	0.9997340537796229	1.0	0.9997438698594164	0.9997245074765514	0.9937712799017416	0.992241674089113	0.9936512562958794	0.9936445423278665	0.9933231511275084	0.9932273600248434	0.993554360669605	0.9941054981329428	0.9942492995668116	0.9936169654246986	0.9940697758453908	0.9912973597817559	0.9937454151367133	0.9899714256208803	0.987316904348498	0.9874078824998851	0.989978451179248	0.9896871450787702	0.9928320542984923	0.992168774642684	0.9961747038464127
0.9917511762681483	0.9936560095093685	0.9916837070060789	0.9911793972388151	0.993952161232701	0.9900554083017988	0.9938288645418761	0.9944767745283136	0.993588639761384	0.9941576551836879	0.9940181624576956	0.994076855086487	0.9939980820036042	0.99306590790091	0.9998247138001862	0.9997438698594164	1.0	0.9997776639662778	0.9937425101676758	0.9923238925446537	0.993814453769979	0.9936849291889202	0.9933611058781276	0.9931953049193798	0.993554360669605	0.9940762661821408	0.994380386593299	0.9935380870716957	0.994201081462766	0.9913362505879523	0.993908407279015	0.9901221244796031	0.987459575285754	0.9874170366930292	0.9901361484752459	0.9897249586585423	0.9928174235972412	0.9922512953794417	0.9962148981182649
0.9915810957782614	0.9935629164490457	0.991558479433729	0.9910620412913095	0.9941485066758583	0.9899764076504692	0.9936818637129484	0.9942227912868857	0.9934021871846079	0.9943367251876026	0.9938703736813257	0.9942427495491104	0.9937012311225365	0.9932104555324297	0.9995841916152001	0.9997245074765514	0.9997776639662778	1.0	0.9935910577292211	0.9921292276135091	0.9940224311324969	0.9934689612607119	0.9932661372998184	0.9931712432057971	0.9935267038050213	0.9939223739025619	0.9946046547003322	0.9933797644999318	0.9943242104873341	0.9912291905332515	0.994053995018111	0.9902324007603232	0.9871915578979729	0.9871874145105617	0.9902324007603232	0.9895050340771756	0.9926045482890087	0.9920483757143739	0.9961022313209021
0.9908415051964088	0.9912062967998326	0.9886246355392438	0.9884535873013607	0.9941430305434605	0.9871926552995378	0.990927799083938	0.9912922945808987	0.9902870148453028	0.9940789868356347	0.9900349071203265	0.9935114482393976	0.9931105043430829	0.9935765975028477	0.9935404192910133	0.9937712799017416	0.9937425101676758	0.9935910577292211	1.0	0.98908306394047	0.9937497049440611	0.9919005070564603	0.9908908419739871	0.9928000897876079	0.9949085715917148	0.9956190288024906	0.9943344223935364	0.9908379244022045	0.9940290893452939	0.988380115360002	0.9935042015147738	0.98938819627736	0.984089455874008	0.9834529397525692	0.9895274511889843	0.9872780749738722	0.9891740742718269	0.9885737587640661	0.9908172778492367
0.9953263689448959	0.9954473674047309	0.9939114961639166	0.9936031299192023	0.9991357841537011	0.9933834765586326	0.9890955645336232	0.9899176742827327	0.9894802051856231	0.9934323512400308	0.9892351942644764	0.9922117257239829	0.9916146188362994	0.9920540503271644	0.9921742520919713	0.992241674089113	0.9923238925446537	0.9921292276135091	0.98908306394047	1.0	0.9994142973837385	0.9962011157464833	0.9957216762967459	0.9889309139134899	0.9896358914771621	0.989872093814819	0.9929597436003178	0.9894971430399223	0.9929963385428431	0.9875732314142138	0.9922790714518411	0.9880161836263732	0.984089455874008	0.9827747209035773	0.9880161836263732	0.9861256440077415	0.9877171243700742	0.9935083362206846	0.9892685205261224
0.998082368518934	0.9991678842140963	0.9983227740573706	0.9983051945342303	0.9990172186485082	0.997685102363898	0.9936116333585873	0.9941270435204878	0.9943939966411821	0.9941136290509731	0.9941359206852467	0.9936549116045782	0.993849989058543	0.9922057693748246	0.9940652717246108	0.9936512562958794	0.993814453769979	0.9940224311324969	0.9937497049440611	0.9994142973837385	1.0	0.999393748062004	0.9995071445091024	0.9931792657202835	0.9934805576426768	0.9945553269917938	0.9939375733999505	0.993577549730737	0.9927078737599493	0.9918281380466117	0.993642045862333	0.9879858675202736	0.987725427919836	0.98753581010348	0.9879690851083386	0.9894821993446472	0.9929998441306725	0.9984329887004554	0.9945425633524828
0.9954595850329891	0.9973638028785247	0.9952358019551353	0.9950724894492381	0.9993427256007301	0.9941068468557555	0.9917833444098024	0.9925226623312288	0.9924390349583513	0.9944430711006939	0.992509728286465	0.9937923873602603	0.9928193805349339	0.9931765184458466	0.9934554163884135	0.9936445423278665	0.9936849291889202	0.9934689612607119	0.9919005070564603	0.9962011157464833	0.999393748062004	1.0	0.9970461227135898	0.9913233235681095	0.9919398345823215	0.9926800494325314	0.9942848973304718	0.9917950823655626	0.9943245115948335	0.9898048754311622	0.9938057951543502	0.9895408916851828	0.9856489130113489	0.9854656241419654	0.989548516382915	0.9875609554615992	0.990725855263134	0.9956113751701422	0.9923147287036704
0.9967135009689786	0.9894496515014923	0.9946354811627832	0.9945623972206263	0.9993728932411299	0.9882318534730639	0.9904277671176334	0.98435481679568	0.9909316916658986	0.9945898225823054	0.9894923231909251	0.9933705877718423	0.9928642672866898	0.9933231511275084	0.9932280734649859	0.9933231511275084	0.9933611058781276	0.9932661372998184	0.9908908419739871	0.9957216762967459	0.9995071445091024	0.9970461227135898	1.0	0.9875378430392499	0.9844690611079163	0.9902927718345526	0.9940183683468007	0.9829529082300076	0.9943789793422786	0.9825379342490803	0.9933231511275084	0.9893320188781578	0.9773720259218454	0.9824191601325926	0.9893320188781578	0.9874585599886382	0.9892247147913462	0.9945898225823054	0.984974357444505
0.9905767983604152	0.9882332775762123	0.9881275532527273	0.9881275532527273	0.9937991082270067	0.9852995037291716	0.9906288281077881	0.9889600810391589	0.9896527459483475	0.9935144679736634	0.9884993484714373	0.9929619724687918	0.9933791993869596	0.9929054035547018	0.9930989529546204	0.9932273600248434	0.9931953049193798	0.9931712432057971	0.9928000897876079	0.9889309139134899	0.9931792657202835	0.9913233235681095	0.9875378430392499	1.0	0.9922096547611633	0.991936961876245	0.9936966034117285	0.9878659415695736	0.9934588360451104	0.985272797861906	0.9932433759464863	0.9890947093395073	0.9829254350610669	0.9826916819159053	0.9892034559425528	0.9872177356481404	0.9891219296340472	0.9885732066793338	0.9883744691091029
0.9912554895907395	0.9851580719122128	0.989039152943049	0.9892182603700274	0.9938935766560131	0.9824915068188782	0.9911169034681635	0.9857573391110144	0.9901812323523638	0.9938113838131934	0.9895423844706438	0.993295327229563	0.9936647577519888	0.9933695437810405	0.9933880719559841	0.993554360669605	0.993554360669605	0.9935267038050213	0.9949085715917148	0.9896358914771621	0.9934805576426768	0.9919398345823215	0.9844690611079163	0.9922096547611633	1.0	0.9943555236915003	0.9943105184101751	0.9847881754511577	0.9938479391436471	0.9823881926017864	0.9937381519125591	0.9893964001769243	0.9793679504245736	0.9831046410809545	0.9894903213660584	0.9875037867174941	0.9895423844706438	0.9891762048935681	0.9859745515025041
0.9913257579721044	0.9907831459667584	0.9885162028025736	0.9890992829009281	0.9947564917534776	0.9870524977588256	0.9911983943147061	0.9910242501868892	0.9906191019904782	0.994742163247777	0.9895574096365698	0.9940616405306077	0.9937012802958796	0.9942076073678654	0.9939370611446656	0.9941054981329428	0.9940762661821408	0.9939223739025619	0.9956190288024906	0.989872093814819	0.9945553269917938	0.9926800494325314	0.9902927718345526	0.991936961876245	0.9943555236915003	1.0	0.9949493230419155	0.9902471195986027	0.9947564917534776	0.9875623382613237	0.9943094029576675	0.9899218711603918	0.9847530865434139	0.9831833341960903	0.9899632949977059	0.9878255843040615	0.9897389859162992	0.9891841666901603	0.990264214285175
0.992415954948856	0.9944369136292541	0.9922337521244419	0.9918902040955364	0.9941277648436154	0.9907676868028306	0.9945405728967581	0.9946135405408041	0.9941277134066965	0.9942620802285732	0.9943993566586337	0.9940906062878772	0.9947036325813978	0.9935289757150534	0.994536913810808	0.9942492995668116	0.994380386593299	0.9946046547003322	0.9943344223935364	0.9929597436003178	0.9939375733999505	0.9942848973304718	0.9940183683468007	0.9936966034117285	0.9943105184101751	0.9949493230419155	1.0	0.9938915697433182	0.9942742637678795	0.9920380858706246	0.9944990196213834	0.9894503063714942	0.9869394233737743	0.9873345571506751	0.9894432582014009	0.9896265530520854	0.9929852874304672	0.9929995162269472	0.9947195256707343
0.991488436984963	0.9842866573501933	0.9890930841278303	0.989153258024132	0.9939955850689823	0.9821815954993601	0.9905510473733069	0.9801895781164793	0.9896603508529803	0.9935249223956519	0.9893181722384424	0.9934853969392132	0.9937610896534941	0.9936956563710141	0.9933797644999318	0.9936169654246986	0.9935380870716957	0.9933797644999318	0.9908379244022045	0.9894971430399223	0.993577549730737	0.9917950823655626	0.9829529082300076	0.9878659415695736	0.9847881754511577	0.9902471195986027	0.9938915697433182	1.0	0.9938394393618181	0.9819016635273624	0.9938655148063815	0.9904355950438163	0.97379199374536	0.9878815664266111	0.9906373724647427	0.989213322302352	0.9906804505288829	0.9917395398274833	0.9878503092949691
0.9926093671974325	0.9940808997740224	0.9924481806693428	0.9921945465386485	0.9929128630476338	0.9907290532232272	0.9942038985736842	0.994254645833512	0.9987320822834956	0.9988230146603736	0.9948697663574051	0.9947578422039227	0.9941391194236924	0.9930582034134422	0.9943302176810176	0.9940697758453908	0.994201081462766	0.9943242104873341	0.9940290893452939	0.9929963385428431	0.9927078737599493	0.9943245115948335	0.9943789793422786	0.9934588360451104	0.9938479391436471	0.9947564917534776	0.9942742637678795	0.9938394393618181	1.0	0.9918568459167243	0.9938164656292469	0.9885116462015016	0.987672428868391	0.9880874794372463	0.9884561203247607	0.9898983450803609	0.9933112748325248	0.9931456930723818	0.9947531259550312
0.9890221131383693	0.9829182059550742	0.9870351811834035	0.9868130151660012	0.9921615222653881	0.9809197188444787	0.9883482166929787	0.9836011085070945	0.9879952774216599	0.9920380858706246	0.986611774672776	0.9910630487130433	0.990846793789748	0.9920000125591888	0.9911608803489536	0.9912973597817559	0.9913362505879523	0.9912291905332515	0.988380115360002	0.9875732314142138	0.9918281380466117	0.9898048754311622	0.9825379342490803	0.985272797861906	0.9823881926017864	0.9875623382613237	0.9920380858706246	0.9819016635273624	0.9918568459167243	1.0	0.9915589888588391	0.9876385147443507	0.9744873585777083	0.9800272015285638	0.9879306983239984	0.985424296106612	0.9868798226520877	0.9871236292155932	0.982469870184089
0.991857033916654	0.9936281090552765	0.9917383452401191	0.9912807696274428	0.993847515604041	0.9901243790784344	0.9937799367126343	0.9938918220435731	0.9934668473282015	0.9937293705490099	0.9938110730805306	0.993623570173768	0.9939788030311989	0.9929924071410187	0.9940462657089686	0.9937454151367133	0.993908407279015	0.994053995018111	0.9935042015147738	0.9922790714518411	0.993642045862333	0.9938057951543502	0.9933231511275084	0.9932433759464863	0.9937381519125591	0.9943094029576675	0.9944990196213834	0.9938655148063815	0.9938164656292469	0.9915589888588391	1.0	0.9901612048357553	0.9874061461321839	0.9877358401102467	0.9901889495771485	0.9901828284734449	0.9926854553887716	0.9924901917069228	0.99431364344457
0.9878543817217008	0.9893956536998425	0.9877210154213244	0.9871824463951806	0.9882392888128712	0.9862873633006413	0.9894277801490923	0.9893563090682164	0.9894175313891206	0.9893325027516251	0.9902999782271396	0.9900369649099738	0.9899506275093294	0.9881680122177358	0.9901857236096091	0.9899714256208803	0.9901221244796031	0.9902324007603232	0.98938819627736	0.9880161836263732	0.9879858675202736	0.9895408916851828	0.9893320188781578	0.9890947093395073	0.9893964001769243	0.9899218711603918	0.9894503063714942	0.9904355950438163	0.9885116462015016	0.9876385147443507	0.9901612048357553	1.0	0.9988847440724073	0.9990732640079261	0.9999162994041099	0.9995759293506729	0.9889812710927973	0.9886113647881948	0.9903698200349046
0.9844619613814557	0.9790014592585583	0.9834523545423897	0.9831899537577108	0.9877430753283253	0.97580957733559	0.9840302506354135	0.9743547858895566	0.9834925381039608	0.987209493791577	0.9830070530945483	0.987173612222932	0.9874239654884941	0.9873704784511028	0.9872990269166214	0.987316904348498	0.987459575285754	0.9871915578979729	0.984089455874008	0.984089455874008	0.987725427919836	0.9856489130113489	0.9773720259218454	0.9829254350610669	0.9793679504245736	0.9847530865434139	0.9869394233737743	0.97379199374536	0.987672428868391	0.9744873585777083	0.9874061461321839	0.9988847440724073	1.0	0.999792180402153	0.9992731176423492	0.9964813036950572	0.9853087114897855	0.9873526301050388	0.9822650649301575
0.98451972493879	0.9832640953346442	0.9818009856929852	0.9818660875649451	0.9879436710934805	0.9797226710052676	0.9843091252778371	0.9835717709231021	0.9833495075771779	0.9876814068934331	0.9831312317512253	0.9877539645355271	0.9875175651433021	0.9877992319976495	0.9870858709276963	0.9874078824998851	0.9874170366930292	0.9871874145105617	0.9834529397525692	0.9827747209035773	0.98753581010348	0.9854656241419654	0.9824191601325926	0.9826916819159053	0.9831046410809545	0.9831833341960903	0.9873345571506751	0.9878815664266111	0.9880874794372463	0.9800272015285638	0.9877358401102467	0.9990732640079261	0.999792180402153	1.0	0.9994826811931785	0.9960146493506007	0.9845995992068104	0.986176605508697	0.9847162203430776
0.9879734856028445	0.9894801470691226	0.9878353330702259	0.9873056441583528	0.9880786332535088	0.9864528259203894	0.9894277801490923	0.9893316838181796	0.9894580716567731	0.9893465556705492	0.9902999782271396	0.9900299743083184	0.9899506275093294	0.9882675865755888	0.9901857236096091	0.989978451179248	0.9901361484752459	0.9902324007603232	0.9895274511889843	0.9880161836263732	0.9879690851083386	0.989548516382915	0.9893320188781578	0.9892034559425528	0.9894903213660584	0.9899632949977059	0.9894432582014009	0.9906373724647427	0.9884561203247607	0.9879306983239984	0.9901889495771485	0.9999162994041099	0.9992731176423492	0.9994826811931785	1.0	0.9996376430158057	0.9890305427880678	0.9886029978580049	0.9903698200349046
0.9859660323716167	0.9879251057634175	0.9857984256968524	0.9851364188358148	0.9897400719631236	0.9838788731575777	0.9873190447457798	0.9874563785817512	0.9874708177909025	0.9898004560435761	0.988152491974596	0.9898155348113532	0.9888207879575182	0.9892376400180187	0.989329562426876	0.9896871450787702	0.9897249586585423	0.9895050340771756	0.9872780749738722	0.9861256440077415	0.9894821993446472	0.9875609554615992	0.9874585599886382	0.9872177356481404	0.9875037867174941	0.9878255843040615	0.9896265530520854	0.989213322302352	0.9898983450803609	0.985424296106612	0.9901828284734449	0.9995759293506729	0.9964813036950572	0.9960146493506007	0.9996376430158057	1.0	0.9872173002086058	0.9869734219961076	0.9884253449264419
0.9896161308708149	0.9895117763611264	0.9874290290606369	0.9872880726899044	0.9933904748149837	0.9856847052683582	0.9889483823360892	0.9890098707350252	0.9888611775559949	0.993166787693891	0.9891242359342804	0.9927734926439408	0.992375467103154	0.9926192733934571	0.9925677068313289	0.9928320542984923	0.9928174235972412	0.9926045482890087	0.9891740742718269	0.9877171243700742	0.9929998441306725	0.990725855263134	0.9892247147913462	0.9891219296340472	0.9895423844706438	0.9897389859162992	0.9929852874304672	0.9906804505288829	0.9933112748325248	0.9868798226520877	0.9926854553887716	0.9889812710927973	0.9853087114897855	0.9845995992068104	0.9890305427880678	0.9872173002086058	1.0	0.9891671652850699	0.99020646842639
0.9953053217738634	0.9946991849596781	0.9930682721905366	0.9929359678151637	0.9989513169691596	0.9924335193662261	0.9892903248537684	0.9896869628658365	0.9890022336281996	0.9932112626549348	0.9886332687983587	0.9923933480593662	0.9924529776931942	0.9921387159792642	0.9920106609755349	0.992168774642684	0.9922512953794417	0.9920483757143739	0.9885737587640661	0.9935083362206846	0.9984329887004554	0.9956113751701422	0.9945898225823054	0.9885732066793338	0.9891762048935681	0.9891841666901603	0.9929995162269472	0.9917395398274833	0.9931456930723818	0.9871236292155932	0.9924901917069228	0.9886113647881948	0.9873526301050388	0.986176605508697	0.9886029978580049	0.9869734219961076	0.9891671652850699	1.0	0.9904941928386991
0.9913798305492812	0.9857658669344798	0.9884761423051186	0.9884355106693972	0.994669061315347	0.9812922582753154	0.9912120682306448	0.9864367665013768	0.9906846254462327	0.9945341129686921	0.9900132492793113	0.9947363300689568	0.9937646172540087	0.9937040118019684	0.9959972687242592	0.9961747038464127	0.9962148981182649	0.9961022313209021	0.9908172778492367	0.9892685205261224	0.9945425633524828	0.9923147287036704	0.984974357444505	0.9883744691091029	0.9859745515025041	0.990264214285175	0.9947195256707343	0.9878503092949691	0.9947531259550312	0.982469870184089	0.99431364344457	0.9903698200349046	0.9822650649301575	0.9847162203430776	0.9903698200349046	0.9884253449264419	0.99020646842639	0.9904941928386991	1.0
