/home/jshaw/scratch/2022_sketched_distance/references/SGB_genome_fastas_part4/5978/HMP_2012__SRS011098__bin.20.fa	/home/jshaw/scratch/2022_sketched_distance/references/SGB_genome_fastas_part4/5978/HMP_2012__SRS011126__bin.26.fa	/home/jshaw/scratch/2022_sketched_distance/references/SGB_genome_fastas_part4/5978/HMP_2012__SRS013252__bin.10.fa	/home/jshaw/scratch/2022_sketched_distance/references/SGB_genome_fastas_part4/5978/HMP_2012__SRS013533__bin.32.fa	/home/jshaw/scratch/2022_sketched_distance/references/SGB_genome_fastas_part4/5978/HMP_2012__SRS014476__bin.2.fa	/home/jshaw/scratch/2022_sketched_distance/references/SGB_genome_fastas_part4/5978/HMP_2012__SRS014578__bin.3.fa	/home/jshaw/scratch/2022_sketched_distance/references/SGB_genome_fastas_part4/5978/HMP_2012__SRS014690__bin.19.fa	/home/jshaw/scratch/2022_sketched_distance/references/SGB_genome_fastas_part4/5978/HMP_2012__SRS016043__bin.29.fa	/home/jshaw/scratch/2022_sketched_distance/references/SGB_genome_fastas_part4/5978/HMP_2012__SRS018157__bin.6.fa	/home/jshaw/scratch/2022_sketched_distance/references/SGB_genome_fastas_part4/5978/HMP_2012__SRS018394__bin.36.fa	/home/jshaw/scratch/2022_sketched_distance/references/SGB_genome_fastas_part4/5978/HMP_2012__SRS018665__bin.15.fa	/home/jshaw/scratch/2022_sketched_distance/references/SGB_genome_fastas_part4/5978/HMP_2012__SRS019906__bin.5.fa	/home/jshaw/scratch/2022_sketched_distance/references/SGB_genome_fastas_part4/5978/HMP_2012__SRS022536__bin.11.fa	/home/jshaw/scratch/2022_sketched_distance/references/SGB_genome_fastas_part4/5978/HMP_2012__SRS023841__bin.32.fa	/home/jshaw/scratch/2022_sketched_distance/references/SGB_genome_fastas_part4/5978/HMP_2012__SRS024561__bin.37.fa	/home/jshaw/scratch/2022_sketched_distance/references/SGB_genome_fastas_part4/5978/HMP_2012__SRS024649__bin.34.fa	/home/jshaw/scratch/2022_sketched_distance/references/SGB_genome_fastas_part4/5978/HMP_2012__SRS043755__bin.17.fa	/home/jshaw/scratch/2022_sketched_distance/references/SGB_genome_fastas_part4/5978/HMP_2012__SRS047113__bin.58.fa	/home/jshaw/scratch/2022_sketched_distance/references/SGB_genome_fastas_part4/5978/HMP_2012__SRS047634__bin.13.fa	/home/jshaw/scratch/2022_sketched_distance/references/SGB_genome_fastas_part4/5978/HMP_2012__SRS054430__bin.12.fa	/home/jshaw/scratch/2022_sketched_distance/references/SGB_genome_fastas_part4/5978/HMP_2012__SRS055401__bin.30.fa	/home/jshaw/scratch/2022_sketched_distance/references/SGB_genome_fastas_part4/5978/HMP_2012__SRS063603__bin.51.fa	/home/jshaw/scratch/2022_sketched_distance/references/SGB_genome_fastas_part4/5978/HMP_2012__SRS063932__bin.48.fa	/home/jshaw/scratch/2022_sketched_distance/references/SGB_genome_fastas_part4/5978/HMP_2012__SRS064449__bin.29.fa	/home/jshaw/scratch/2022_sketched_distance/references/SGB_genome_fastas_part4/5978/HMP_2012__SRS065099__bin.2.fa	/home/jshaw/scratch/2022_sketched_distance/references/SGB_genome_fastas_part4/5978/HMP_2012__SRS075410__bin.24.fa
1.0	0.9813330553611639	0.980613092136023	0.9788455170669476	0.9817830977445176	0.9824780367311698	0.9843016562573734	0.9810730809083198	0.9838251898148581	0.9830972522400776	0.9821639828796457	0.9810077631034717	0.9808767347659185	0.9797412616863109	0.9800120035850887	0.9812682552160445	0.9826028197761347	0.9815266891637761	0.992246573128681	0.9823527764118724	0.9793308930935185	0.9850614550491785	0.9822270350916692	0.977517923216647	0.9784236552373635	0.9814622718226071
0.9813330553611639	1.0	0.987053560819722	0.9839233152299649	0.9844766436929449	0.9871369489074885	0.9834424025178503	0.9846593988882253	0.9831251068001722	0.9828822618139207	0.9857997120617745	0.986732248509434	0.9983607509345466	0.9869557034829417	0.9867338445127606	0.9854483803356398	0.9855256106270434	0.9837808555299807	0.9859347366766985	0.9858630776189579	0.9859367263778744	0.9836859023755189	0.9856172320923916	0.9889202125512064	0.9969266301209743	0.9880932047384019
0.980613092136023	0.987053560819722	1.0	0.9832234007119898	0.9821904783146769	0.987481686878475	0.9850294196216894	0.9844392270870528	0.9846710185105877	0.9839422560977564	0.9871968892648862	0.9853469343039333	0.9862293541938527	0.9848931331086238	0.9980591056863966	0.9843126388960038	0.9866682705168011	0.9824342626683101	0.9850715952582084	0.9835798839910224	0.9840473613858238	0.9857844983478634	0.9866682705168011	0.9873571139527582	0.9853385764733624	0.9872920959023419
0.9788455170669476	0.9839233152299649	0.9832234007119898	1.0	0.9799395492558356	0.9852244592393875	0.9834583697387242	0.9811550284700895	0.983691666571043	0.9817770562159203	0.9861540856226215	0.9833997852001565	0.9839809726331596	0.9829273004483372	0.9820225937845622	0.9811550284700895	0.9831643943095404	0.9816535931502288	0.9829646840675414	0.9819613818604188	0.981217766199445	0.9839233152299649	0.9832234007119898	0.9811140667882426	0.9818095914795176	0.9851133414971125
0.9817830977445176	0.9844766436929449	0.9821904783146769	0.9799395492558356	1.0	0.9839999932010888	0.9885742219228176	0.986834942025184	0.9857654697216327	0.983189850466569	0.984371318182598	0.9820775308080703	0.9843185283748719	0.9803938424109397	0.9822442344256287	0.9857131023225757	0.9838931237010295	0.9849464698338074	0.9856495352483959	0.9830253342342066	0.9802750676654137	0.9882007656219043	0.9830803027421132	0.9829321647951471	0.9842616007389522	0.9830803027421132
0.9824780367311698	0.9871369489074885	0.987481686878475	0.9852244592393875	0.9839999932010888	1.0	0.9823159302491978	0.9853111903185016	0.9857929062278177	0.9833371205079016	0.988481296385192	0.9909978111495226	0.985922826629264	0.9882782337172047	0.9870901249552297	0.9861842931051037	0.9864033726204102	0.9840890117011231	0.9875283033299076	0.9852417155911404	0.9858873035033153	0.9837908745995035	0.9855256106270434	0.9901600050627619	0.9882708259334615	0.9896810030272716
0.9843016562573734	0.9834424025178503	0.9850294196216894	0.9834583697387242	0.9885742219228176	0.9823159302491978	1.0	0.9921354110743849	0.9852857054948201	0.9843745403727842	0.9840306647774795	0.9839533746925068	0.9827425353317376	0.9836457236360526	0.9851078999475842	0.9897756459219806	0.9834977880797099	0.9873468942034785	0.9888539466634729	0.9869229720597634	0.982006612523126	0.9965486455798781	0.9817024250426613	0.9862341716184436	0.9857266189822829	0.9845698115858711
0.9810730809083198	0.9846593988882253	0.9844392270870528	0.9811550284700895	0.986834942025184	0.9853111903185016	0.9921354110743849	1.0	0.9875962291735386	0.9857916828075449	0.9865772140733664	0.983258438707508	0.9845494976236168	0.9819144297589631	0.9830286238807381	0.9897798829752656	0.9846044942577015	0.9871415735828253	0.9852170364678686	0.985149451429065	0.9807609656820773	0.9929558664718332	0.9842731233520584	0.9841716769983143	0.9837388487999068	0.9847142118276031
0.9838251898148581	0.9831251068001722	0.9846710185105877	0.983691666571043	0.9857654697216327	0.9857929062278177	0.9852857054948201	0.9875962291735386	1.0	0.9845201007427826	0.9857012684320715	0.9852963621861979	0.9830256957165971	0.9841395040998673	0.9845657548947171	0.986751169516709	0.9836468634024134	0.9843942999242153	0.9915355108913226	0.986823488790337	0.9818950777822532	0.9863374311319819	0.9826753622576868	0.9864050767491124	0.9864353334930221	0.9849105975196336
0.9830972522400776	0.9828822618139207	0.9839422560977564	0.9817770562159203	0.983189850466569	0.9833371205079016	0.9843745403727842	0.9857916828075449	0.9845201007427826	1.0	0.9833371205079016	0.9828270222540709	0.9822657898311679	0.9835349775517044	0.984125497108077	0.9846956019848648	0.9824209991040526	0.9834176413370405	0.9862877929142551	0.9852939470462166	0.9816708614953913	0.9848092988909614	0.9820576929470846	0.9842930898869373	0.9846055310447235	0.9832721089637888
0.9821639828796457	0.9857997120617745	0.9871968892648862	0.9861540856226215	0.984371318182598	0.988481296385192	0.9840306647774795	0.9865772140733664	0.9857012684320715	0.9833371205079016	1.0	0.988477694633274	0.9852371156273211	0.9880372948773074	0.986937905565438	0.9872581684398011	0.9852906697259779	0.9856853561281061	0.9878647497294074	0.9856056034852939	0.9852883566565697	0.9848775571598427	0.9847379174120525	0.9891301082906008	0.9877049089974458	0.9891743730010264
0.9810077631034717	0.986732248509434	0.9853469343039333	0.9833997852001565	0.9820775308080703	0.9909978111495226	0.9839533746925068	0.983258438707508	0.9852963621861979	0.9828270222540709	0.988477694633274	1.0	0.9860963202127169	0.985052398178691	0.9848379465827727	0.9836455475858051	0.9856987757078338	0.9816039650275409	0.9850715952582084	0.9826314888976115	0.9828815450136528	0.9845800503922121	0.9856487427664155	0.9859473402881082	0.986381356170462	0.9875457176150215
0.9808767347659185	0.9983607509345466	0.9862293541938527	0.9839809726331596	0.9843185283748719	0.985922826629264	0.9827425353317376	0.9845494976236168	0.9830256957165971	0.9822657898311679	0.9852371156273211	0.9860963202127169	1.0	0.9861461406806385	0.9862180827434824	0.984912448367119	0.9847678060276631	0.9838324163827958	0.9859347366766985	0.9852939470462166	0.9850862559082263	0.9830896049233687	0.9847250028560557	0.9882823840225956	0.9971223828905312	0.9871567675112226
0.9797412616863109	0.9869557034829417	0.9848931331086238	0.9829273004483372	0.9803938424109397	0.9882782337172047	0.9836457236360526	0.9819144297589631	0.9841395040998673	0.9835349775517044	0.9880372948773074	0.985052398178691	0.9861461406806385	1.0	0.9839031326462246	0.9826187476962097	0.9860948750144973	0.9811780528373165	0.9852170364678686	0.9828058609957049	0.9834794639078467	0.9842482308816172	0.985368629484771	0.9865185219613567	0.9847193781377556	0.9986938450832891
0.9800120035850887	0.9867338445127606	0.9980591056863966	0.9820225937845622	0.9822442344256287	0.9870901249552297	0.9851078999475842	0.9830286238807381	0.9845657548947171	0.984125497108077	0.986937905565438	0.9848379465827727	0.9862180827434824	0.9839031326462246	1.0	0.9827681099354395	0.986937905565438	0.9824781031609987	0.9838086120199508	0.98356673319253	0.9840700471561354	0.9855882933009461	0.9868870088548223	0.9853073576112302	0.9837973455072306	0.9868360332753024
0.9812682552160445	0.9854483803356398	0.9843126388960038	0.9811550284700895	0.9857131023225757	0.9861842931051037	0.9897756459219806	0.9897798829752656	0.986751169516709	0.9846956019848648	0.9872581684398011	0.9836455475858051	0.984912448367119	0.9826187476962097	0.9827681099354395	1.0	0.9846956019848648	0.9863398675263605	0.9860056519571934	0.9843676222992324	0.9813786548858935	0.9907402337196638	0.9848583709122293	0.983619687962308	0.9840302944820005	0.9851278718617398
0.9826028197761347	0.9855256106270434	0.9866682705168011	0.9831643943095404	0.9838931237010295	0.9864033726204102	0.9834977880797099	0.9846044942577015	0.9836468634024134	0.9824209991040526	0.9852906697259779	0.9856987757078338	0.9847678060276631	0.9860948750144973	0.986937905565438	0.9846956019848648	1.0	0.9826789103185194	0.9868449138415124	0.9853460955678556	0.9849338598466318	0.9841389427179774	0.9856191185088561	0.9875222978683129	0.986757349948435	0.9864249660410287
0.9815266891637761	0.9837808555299807	0.9824342626683101	0.9816535931502288	0.9849464698338074	0.9840890117011231	0.9873468942034785	0.9871415735828253	0.9843942999242153	0.9834176413370405	0.9856853561281061	0.9816039650275409	0.9838324163827958	0.9811780528373165	0.9824781031609987	0.9863398675263605	0.9826789103185194	1.0	0.9866370979461186	0.9835798839910224	0.9794604344801114	0.9877151739056702	0.9817039536408221	0.9845946710135217	0.9845484590649123	0.9834697760909206
0.992246573128681	0.9859347366766985	0.9850715952582084	0.9829646840675414	0.9856495352483959	0.9875283033299076	0.9888539466634729	0.9852170364678686	0.9915355108913226	0.9862877929142551	0.9878647497294074	0.9850715952582084	0.9859347366766985	0.9852170364678686	0.9838086120199508	0.9860056519571934	0.9868449138415124	0.9866370979461186	1.0	0.9871199751045213	0.9828088801905615	0.9889836241019407	0.9862877929142551	0.9824950315878566	0.98395974658778	0.9862877929142551
0.9823527764118724	0.9858630776189579	0.9835798839910224	0.9819613818604188	0.9830253342342066	0.9852417155911404	0.9869229720597634	0.985149451429065	0.986823488790337	0.9852939470462166	0.9856056034852939	0.9826314888976115	0.9852939470462166	0.9828058609957049	0.98356673319253	0.9843676222992324	0.9853460955678556	0.9835798839910224	0.9871199751045213	1.0	0.9821180562934932	0.9875136366115762	0.9840168675693606	0.9841108016362657	0.9854499142793355	0.9851894009340054
0.9793308930935185	0.9859367263778744	0.9840473613858238	0.981217766199445	0.9802750676654137	0.9858873035033153	0.982006612523126	0.9807609656820773	0.9818950777822532	0.9816708614953913	0.9852883566565697	0.9828815450136528	0.9850862559082263	0.9834794639078467	0.9840700471561354	0.9813786548858935	0.9849338598466318	0.9794604344801114	0.9828088801905615	0.9821180562934932	1.0	0.9825586567259293	0.993533396355835	0.985889672415959	0.9847193781377556	0.9853386881115317
0.9850614550491785	0.9836859023755189	0.9857844983478634	0.9839233152299649	0.9882007656219043	0.9837908745995035	0.9965486455798781	0.9929558664718332	0.9863374311319819	0.9848092988909614	0.9848775571598427	0.9845800503922121	0.9830896049233687	0.9842482308816172	0.9855882933009461	0.9907402337196638	0.9841389427179774	0.9877151739056702	0.9889836241019407	0.9875136366115762	0.9825586567259293	1.0	0.9831635904037559	0.9867442450258253	0.9865430230425815	0.9852957843192002
0.9822270350916692	0.9856172320923916	0.9866682705168011	0.9832234007119898	0.9830803027421132	0.9855256106270434	0.9817024250426613	0.9842731233520584	0.9826753622576868	0.9820576929470846	0.9847379174120525	0.9856487427664155	0.9847250028560557	0.985368629484771	0.9868870088548223	0.9848583709122293	0.9856191185088561	0.9817039536408221	0.9862877929142551	0.9840168675693606	0.993533396355835	0.9831635904037559	1.0	0.9880670007514554	0.9874966854449833	0.9859122358413721
0.977517923216647	0.9889202125512064	0.9873571139527582	0.9811140667882426	0.9829321647951471	0.9901600050627619	0.9862341716184436	0.9841716769983143	0.9864050767491124	0.9842930898869373	0.9891301082906008	0.9859473402881082	0.9882823840225956	0.9865185219613567	0.9853073576112302	0.983619687962308	0.9875222978683129	0.9845946710135217	0.9824950315878566	0.9841108016362657	0.985889672415959	0.9867442450258253	0.9880670007514554	1.0	0.98524855433847	0.9891823740939943
0.9784236552373635	0.9969266301209743	0.9853385764733624	0.9818095914795176	0.9842616007389522	0.9882708259334615	0.9857266189822829	0.9837388487999068	0.9864353334930221	0.9846055310447235	0.9877049089974458	0.986381356170462	0.9971223828905312	0.9847193781377556	0.9837973455072306	0.9840302944820005	0.986757349948435	0.9845484590649123	0.98395974658778	0.9854499142793355	0.9847193781377556	0.9865430230425815	0.9874966854449833	0.98524855433847	1.0	0.9882708259334615
0.9814622718226071	0.9880932047384019	0.9872920959023419	0.9851133414971125	0.9830803027421132	0.9896810030272716	0.9845698115858711	0.9847142118276031	0.9849105975196336	0.9832721089637888	0.9891743730010264	0.9875457176150215	0.9871567675112226	0.9986938450832891	0.9868360332753024	0.9851278718617398	0.9864249660410287	0.9834697760909206	0.9862877929142551	0.9851894009340054	0.9853386881115317	0.9852957843192002	0.9859122358413721	0.9891823740939943	0.9882708259334615	1.0
