/home/jshaw/scratch/2022_sketched_distance/references/SGB_genome_fastas_part4/9465/BritoIL_2016__M1.48.SA__bin.1.fa	/home/jshaw/scratch/2022_sketched_distance/references/SGB_genome_fastas_part4/9465/BritoIL_2016__M1.62.SA__bin.1.fa	/home/jshaw/scratch/2022_sketched_distance/references/SGB_genome_fastas_part4/9465/BritoIL_2016__W1.36.SA__bin.11.fa	/home/jshaw/scratch/2022_sketched_distance/references/SGB_genome_fastas_part4/9465/BritoIL_2016__W1.38.SA__bin.1.fa	/home/jshaw/scratch/2022_sketched_distance/references/SGB_genome_fastas_part4/9465/BritoIL_2016__W1.39.SA__bin.2.fa	/home/jshaw/scratch/2022_sketched_distance/references/SGB_genome_fastas_part4/9465/BritoIL_2016__W1.40.SA__bin.2.fa	/home/jshaw/scratch/2022_sketched_distance/references/SGB_genome_fastas_part4/9465/BritoIL_2016__W1.42.SA__bin.4.fa	/home/jshaw/scratch/2022_sketched_distance/references/SGB_genome_fastas_part4/9465/BritoIL_2016__W2.46.SA__bin.5.fa	/home/jshaw/scratch/2022_sketched_distance/references/SGB_genome_fastas_part4/9465/BritoIL_2016__W2.4.SA__bin.1.fa	/home/jshaw/scratch/2022_sketched_distance/references/SGB_genome_fastas_part4/9465/BritoIL_2016__W3.16.SA__bin.7.fa	/home/jshaw/scratch/2022_sketched_distance/references/SGB_genome_fastas_part4/9465/BritoIL_2016__WL.25.SA__bin.1.fa	/home/jshaw/scratch/2022_sketched_distance/references/SGB_genome_fastas_part4/9465/BritoIL_2016__WL.32.SA__bin.2.fa	/home/jshaw/scratch/2022_sketched_distance/references/SGB_genome_fastas_part4/9465/BritoIL_2016__WL.33.SA__bin.17.fa	/home/jshaw/scratch/2022_sketched_distance/references/SGB_genome_fastas_part4/9465/CM_periimplantitis__SP_162SPI_T016__bin.14.fa	/home/jshaw/scratch/2022_sketched_distance/references/SGB_genome_fastas_part4/9465/CM_periimplantitis__SP_162SPT_T016__bin.1.fa	/home/jshaw/scratch/2022_sketched_distance/references/SGB_genome_fastas_part4/9465/CM_periimplantitis__SP_164SPI_T016__bin.12.fa	/home/jshaw/scratch/2022_sketched_distance/references/SGB_genome_fastas_part4/9465/CM_periimplantitis__SP_164SPT_T016__bin.15.fa	/home/jshaw/scratch/2022_sketched_distance/references/SGB_genome_fastas_part4/9465/CM_periimplantitis__SP_186SPI_T016_R__bin.5.fa	/home/jshaw/scratch/2022_sketched_distance/references/SGB_genome_fastas_part4/9465/CM_periimplantitis__SP_403SPT_T016__bin.15.fa	/home/jshaw/scratch/2022_sketched_distance/references/SGB_genome_fastas_part4/9465/HMP_2012__SRS013881__bin.8.fa	/home/jshaw/scratch/2022_sketched_distance/references/SGB_genome_fastas_part4/9465/HMP_2012__SRS015044__bin.27.fa	/home/jshaw/scratch/2022_sketched_distance/references/SGB_genome_fastas_part4/9465/HMP_2012__SRS015154__bin.11.fa	/home/jshaw/scratch/2022_sketched_distance/references/SGB_genome_fastas_part4/9465/HMP_2012__SRS015158__bin.23.fa	/home/jshaw/scratch/2022_sketched_distance/references/SGB_genome_fastas_part4/9465/HMP_2012__SRS015440__bin.17.fa	/home/jshaw/scratch/2022_sketched_distance/references/SGB_genome_fastas_part4/9465/HMP_2012__SRS015470__bin.40.fa	/home/jshaw/scratch/2022_sketched_distance/references/SGB_genome_fastas_part4/9465/HMP_2012__SRS015650__bin.2.fa	/home/jshaw/scratch/2022_sketched_distance/references/SGB_genome_fastas_part4/9465/HMP_2012__SRS015799__bin.2.fa	/home/jshaw/scratch/2022_sketched_distance/references/SGB_genome_fastas_part4/9465/HMP_2012__SRS015803__bin.39.fa	/home/jshaw/scratch/2022_sketched_distance/references/SGB_genome_fastas_part4/9465/HMP_2012__SRS015947__bin.14.fa	/home/jshaw/scratch/2022_sketched_distance/references/SGB_genome_fastas_part4/9465/HMP_2012__SRS016360__bin.7.fa	/home/jshaw/scratch/2022_sketched_distance/references/SGB_genome_fastas_part4/9465/HMP_2012__SRS017691__bin.35.fa	/home/jshaw/scratch/2022_sketched_distance/references/SGB_genome_fastas_part4/9465/HMP_2012__SRS018573__bin.7.fa	/home/jshaw/scratch/2022_sketched_distance/references/SGB_genome_fastas_part4/9465/HMP_2012__SRS019387__bin.24.fa	/home/jshaw/scratch/2022_sketched_distance/references/SGB_genome_fastas_part4/9465/HMP_2012__SRS019591__bin.5.fa	/home/jshaw/scratch/2022_sketched_distance/references/SGB_genome_fastas_part4/9465/HMP_2012__SRS024447__bin.56.fa	/home/jshaw/scratch/2022_sketched_distance/references/SGB_genome_fastas_part4/9465/HMP_2012__SRS024470__bin.7.fa	/home/jshaw/scratch/2022_sketched_distance/references/SGB_genome_fastas_part4/9465/HMP_2012__SRS043018__bin.16.fa	/home/jshaw/scratch/2022_sketched_distance/references/SGB_genome_fastas_part4/9465/HMP_2012__SRS047100__bin.26.fa	/home/jshaw/scratch/2022_sketched_distance/references/SGB_genome_fastas_part4/9465/HMP_2012__SRS047265__bin.8.fa	/home/jshaw/scratch/2022_sketched_distance/references/SGB_genome_fastas_part4/9465/HMP_2012__SRS051244__bin.43.fa	/home/jshaw/scratch/2022_sketched_distance/references/SGB_genome_fastas_part4/9465/OhJ_2014__MET0313__bin.2.fa
1.0	0.9756789072727626	0.9734277005895202	0.9737482322295129	0.9869615666941999	0.9860572664038882	0.9763049111123205	0.972072089719824	0.9867060969035412	0.9760191962803201	0.9683048151006274	0.9723989738903038	0.9741554607636433	0.9705677944724468	0.9705313766801849	0.9723391521707885	0.9735572467159077	0.9701806693183193	0.9733320506566941	0.9643898809069859	0.9729322585455994	0.970563213066497	0.9708395249192535	0.9699816953825501	0.9710379243874706	0.9740201163648369	0.9649092259982939	0.9642652134564486	0.9680337787377812	0.9712390794843494	0.959282229342958	0.9635099188359961	0.9719949462335525	0.971925742645794	0.986532788941009	0.987192128696186	0.9683430560732308	0.9634502241511278	0.9732076370893683	0.9597275887718871	0.9716069214686817
0.9756789072727626	1.0	0.9774818356683083	0.9720103103644715	0.9722496469746178	0.9731971547756406	0.9769315484528073	0.977403790050982	0.9699738262753472	0.9761065358616625	0.9735069376547851	0.9765728181877688	0.9692717573113122	0.9743331703344994	0.9739009333929142	0.9761289324561985	0.9701932956752575	0.9679467451501467	0.9747173253949267	0.9626736471460686	0.9742471820035963	0.971320752130827	0.9689254856593136	0.971973764474583	0.9707982692133866	0.9765327141694555	0.9645871644983454	0.9626736471460686	0.9691278094983459	0.9738573915192104	0.9595706682401013	0.9613529081869594	0.9726591168370935	0.9755550847551661	0.9725232007763075	0.9750130036536515	0.965953793828919	0.962857961997688	0.9690310761321783	0.9615449489334351	0.9721579468719136
0.9734277005895202	0.9774818356683083	1.0	0.9765822820398449	0.9725302600677113	0.9738334111130783	0.9802618295307585	0.9748586893084766	0.9726244049930284	0.9810724403331721	0.9882079875432163	0.9750289647693194	0.9758864218816303	0.9792293963933437	0.978737556278633	0.9743771153288386	0.9752903891393485	0.9716691640075134	0.9753556857172366	0.9613019572372538	0.9732273457556291	0.9778190568561422	0.9776569432431583	0.9709376520495604	0.9713214410431622	0.9745499266879187	0.9623423261258285	0.9604945339090047	0.9692263551999927	0.9786489841006094	0.9596456438806436	0.9606399866491485	0.9797006571265516	0.9801420687278077	0.9729086664055174	0.9725231336157978	0.9751835046451338	0.9620876326889183	0.9735250295332926	0.9590604212573601	0.9835543151405911
0.9737482322295129	0.9720103103644715	0.9765822820398449	1.0	0.971617392357011	0.9701147524856573	0.980633256516853	0.9773959463563685	0.9672720525462494	0.9803322354438265	0.9707009770813677	0.9757477573322986	0.9672073866551937	0.9742727801887441	0.9723433458043858	0.9762901815595153	0.9693364174151287	0.9691541079999094	0.9748401628595561	0.9627727147737959	0.9729451634203348	0.968600923424962	0.9687246748224594	0.9710476801762373	0.9707590194907627	0.97524666949328	0.9650664116049568	0.9635797783232258	0.9675294269972423	0.9732150677569157	0.957008537714087	0.963361674265246	0.9720660545042953	0.9741163036978935	0.970874792910441	0.9735892006583504	0.9595718204487909	0.9615613359748391	0.9672073866551937	0.9612512023384976	0.9716738161464697
0.9869615666941999	0.9722496469746178	0.9725302600677113	0.971617392357011	1.0	0.9845959717386087	0.9732838738260146	0.9724890633718296	0.9915452811687447	0.9722688483148392	0.9683149735712651	0.974872687980887	0.9691163419583922	0.9715692279668958	0.9715692279668958	0.9721575911368289	0.9692164945203469	0.968083020726102	0.9701828405562803	0.9625806979415207	0.9722822908380454	0.9685020339140092	0.9672017764085873	0.9692851680606321	0.9686416212755172	0.9743319584678352	0.9655753791254648	0.9631363469545897	0.9671692492454971	0.9714417475742	0.9579451709534759	0.9622992232109723	0.9702712520462401	0.9726945253290064	0.9848578617359979	0.9881314534306271	0.9665835113155996	0.963081212911459	0.9696472340776036	0.9603167110244272	0.9700497684594191
0.9860572664038882	0.9731971547756406	0.9738334111130783	0.9701147524856573	0.9845959717386087	1.0	0.9742797990557621	0.9728405073905094	0.9833679179984328	0.9728525474734927	0.9708926434835194	0.9742383202132456	0.9704888880847253	0.9724176555566416	0.9722041430398624	0.9729662950564582	0.9695798120588901	0.9671839959035281	0.971989214458561	0.9631671104281232	0.9730498832754891	0.9688199866937138	0.9677069503415876	0.969895935761452	0.969056955831531	0.9746779656051746	0.9656747288562662	0.9639512163812246	0.9672107817057362	0.9721612712184448	0.9581441432577222	0.9630535158789706	0.9713797157712543	0.973382098692225	0.9835238443801919	0.9864472925228022	0.967384165988583	0.9624794333199349	0.9684029356945983	0.9602612098151286	0.9700794549125339
0.9763049111123205	0.9769315484528073	0.9802618295307585	0.980633256516853	0.9732838738260146	0.9742797990557621	1.0	0.9798690913817426	0.9709126637161706	0.9834554200111356	0.975287456878547	0.9782491186256661	0.9721856224778035	0.9761844835682761	0.9759422830245376	0.9800124521380297	0.9741900938716043	0.9706752407913032	0.9783245252073061	0.9641479648885423	0.9764248946554783	0.9729745977735061	0.9712421566745945	0.9739799129291011	0.9724374500562195	0.9783245252073061	0.9661280536176724	0.9648406699821863	0.9706752407913032	0.9761039502171976	0.9607017135688684	0.963260543114519	0.9744499273441395	0.9773303662262072	0.9735466409827108	0.9759017403850491	0.9676868921568849	0.9659630253806502	0.9715243734088793	0.96172471356905	0.975287456878547
0.972072089719824	0.977403790050982	0.9748586893084766	0.9773959463563685	0.9724890633718296	0.9728405073905094	0.9798690913817426	1.0	0.9722184814295473	0.9810349662096103	0.9704344866419703	0.9729273152375095	0.9729326309475308	0.9722945523914243	0.9720638177421754	0.9763925757694202	0.9758055868268445	0.9705934595822255	0.9749903251251476	0.9625210314818164	0.9732640436235196	0.9710808585565173	0.9713211233389291	0.9706221281707116	0.9713617414985106	0.9738314559456074	0.9626329388410092	0.9622821908405889	0.9683026288816284	0.9725975099238791	0.9608280537858939	0.9613819108175514	0.9726270052864943	0.9727505153309659	0.9723519314163556	0.9721449091587213	0.9689282100615616	0.9634502241511278	0.9730706554088332	0.9598995835798573	0.9732508955330478
0.9867060969035412	0.9699738262753472	0.9726244049930284	0.9672720525462494	0.9915452811687447	0.9833679179984328	0.9709126637161706	0.9722184814295473	1.0	0.969342841505184	0.9697679661644163	0.9744543101116943	0.9679531836562855	0.9712510690298513	0.970589686755839	0.9712977974998479	0.9664951618253541	0.966363540434391	0.9699631991625902	0.9613074081317228	0.9712042730168708	0.9679038324275441	0.966363540434391	0.9694728877679155	0.9686218935796452	0.9729810080590782	0.9639348306487677	0.9620625471071591	0.9667958522428459	0.9704940903370426	0.9565073782579272	0.9611798035968737	0.96927466129333	0.9718533419696531	0.9841641059154145	0.9866478033181912	0.9619643367377446	0.96292164108437	0.9647107630228896	0.9594729422281884	0.9689750223404338
0.9760191962803201	0.9761065358616625	0.9810724403331721	0.9803322354438265	0.9722688483148392	0.9728525474734927	0.9834554200111356	0.9810349662096103	0.969342841505184	1.0	0.9770944484374215	0.9784209226299471	0.9700864004762445	0.9764535686247819	0.9751775594143128	0.979024606434857	0.9709668956544494	0.9692352083941846	0.9781762855961644	0.9631416460911656	0.9764535686247819	0.9725133347778173	0.9720225034678046	0.974634548831802	0.9727076049414356	0.9787040324317945	0.9654048676173811	0.9639774220440571	0.9701388631136056	0.976323864624735	0.9604951708855082	0.9638502480645929	0.975222403418929	0.9780121685727836	0.9728043052470294	0.9755789459030455	0.9655055476859267	0.9654655162649758	0.9702957423006106	0.9625500178796389	0.974725683081232
0.9683048151006274	0.9735069376547851	0.9882079875432163	0.9707009770813677	0.9683149735712651	0.9708926434835194	0.975287456878547	0.9704344866419703	0.9697679661644163	0.9770944484374215	1.0	0.971012601433594	0.9724677717007061	0.9752999926249515	0.975772499330877	0.9704394718189352	0.9701426143030858	0.9687653455711858	0.9720704754792697	0.9568456946131535	0.9694954521849363	0.9752888894734107	0.9741889854178872	0.966842433025831	0.9672895895852135	0.9707440993678923	0.9582437528613171	0.9560336744927427	0.9644690417038371	0.9751888822803279	0.9563495675424942	0.9552826715697178	0.9756861200655443	0.9760608198749808	0.9690172308350925	0.9688811543362071	0.9727521471814358	0.957375219347245	0.9688751827791142	0.9548916394203912	0.9793956609801849
0.9723989738903038	0.9765728181877688	0.9750289647693194	0.9757477573322986	0.974872687980887	0.9742383202132456	0.9782491186256661	0.9729273152375095	0.9744543101116943	0.9784209226299471	0.971012601433594	1.0	0.9796998662290938	0.9731957882107096	0.9734195616891036	0.9732846543907876	0.9730512049806815	0.9716250493555457	0.9740963251862989	0.9613559356863361	0.9745230066454655	0.9723810192287274	0.972221112038547	0.9717132628795321	0.9724313214629157	0.9736956228001689	0.9602745773441964	0.9609242201622533	0.9698703536335664	0.9731834511061638	0.9618561379609712	0.9616427746512519	0.9733236471910885	0.9730181427511231	0.9727505723655846	0.9729456410035409	0.9704017927971268	0.9624974299815575	0.9732986379138844	0.9587295006778656	0.9736008774995691
0.9741554607636433	0.9692717573113122	0.9758864218816303	0.9672073866551937	0.9691163419583922	0.9704888880847253	0.9721856224778035	0.9729326309475308	0.9679531836562855	0.9700864004762445	0.9724677717007061	0.9796998662290938	1.0	0.9731167246878052	0.971996148968361	0.9738428280651138	0.9667215215425562	0.967899303699503	0.9725612782863742	0.9603355216930645	0.9751619960327577	0.9688032498513609	0.9679531836562855	0.9719009950873806	0.9711782884970409	0.9764711268995407	0.9627023518741608	0.9599234723501877	0.9686982076567351	0.9728401907258096	0.9561883893588459	0.9600614124361173	0.9708354240721689	0.9740664438941289	0.9698860501400925	0.9729787524363126	0.9645234631630583	0.9612105087633778	0.9671353786868138	0.9604717010842224	0.9715175596009155
0.9705677944724468	0.9743331703344994	0.9792293963933437	0.9742727801887441	0.9715692279668958	0.9724176555566416	0.9761844835682761	0.9722945523914243	0.9712510690298513	0.9764535686247819	0.9752999926249515	0.9731957882107096	0.9731167246878052	1.0	0.9959578737226159	0.9713271871224839	0.9700918533766111	0.9708205318517843	0.9720302490936437	0.9608120145763305	0.9728951831560874	0.9910777904218315	0.9916442722216758	0.9696566588037472	0.9705873189785094	0.9743139999813167	0.9614493534371455	0.9607100977094403	0.9674892629665773	0.9922203298971819	0.9596456438806436	0.9594938332420294	0.9931679676330813	0.9935424463158243	0.9712089180039287	0.9716622797739538	0.9869389695097154	0.9613048546307652	0.9722363868715169	0.9586709011284383	0.9895085542010958
0.9705313766801849	0.9739009333929142	0.978737556278633	0.9723433458043858	0.9715692279668958	0.9722041430398624	0.9759422830245376	0.9720638177421754	0.970589686755839	0.9751775594143128	0.975772499330877	0.9734195616891036	0.971996148968361	0.9959578737226159	1.0	0.9708825556238062	0.9707953578381041	0.9705021825665366	0.9712974989704084	0.9594103580562963	0.9724093051720007	0.99089152771294	0.9915975406265578	0.9689131487884822	0.9698361512926854	0.9743743146808577	0.9611228599015923	0.9597284193905958	0.9666078554260187	0.9919554211266577	0.959282229342958	0.9584776280517974	0.9923212820109141	0.9936005821137889	0.9707907198782829	0.9711915472843856	0.9861964705072717	0.9611459784261455	0.9711381341164933	0.9578035683330123	0.9883958733164393
0.9723391521707885	0.9761289324561985	0.9743771153288386	0.9762901815595153	0.9721575911368289	0.9729662950564582	0.9800124521380297	0.9763925757694202	0.9712977974998479	0.979024606434857	0.9704394718189352	0.9732846543907876	0.9738428280651138	0.9713271871224839	0.9708825556238062	1.0	0.995076987591512	0.970272856829728	0.9943369151719438	0.960146875472741	0.9724469400284793	0.9703450590686836	0.9704400883901374	0.9689549068927257	0.9688066449915425	0.9737825813948219	0.9615786046949361	0.9597837543003408	0.9675349920130336	0.9710845647412902	0.9601238622455754	0.9583050740227306	0.971105225697012	0.9722652661828445	0.9721507572405159	0.9724496663011517	0.9690439791417428	0.9609329104240404	0.9732076370893683	0.9601023805319961	0.973211774581953
0.9735572467159077	0.9701932956752575	0.9752903891393485	0.9693364174151287	0.9692164945203469	0.9695798120588901	0.9741900938716043	0.9758055868268445	0.9664951618253541	0.9709668956544494	0.9701426143030858	0.9730512049806815	0.9667215215425562	0.9700918533766111	0.9707953578381041	0.995076987591512	1.0	0.9645040052387759	0.9917662498831195	0.959549036914815	0.9716295501816058	0.9664951618253541	0.9655734711296898	0.9672250915453688	0.96638138276438	0.9737393226408424	0.9622519919999263	0.95975986584604	0.9656901357341402	0.9704455180380279	0.957057068730765	0.9589799355450145	0.9691119346846525	0.9717745553474532	0.9693727025103166	0.9720626328334958	0.9614563478557644	0.9609964798198823	0.9658643436685307	0.9603841435840426	0.9714838928814128
0.9701806693183193	0.9679467451501467	0.9716691640075134	0.9691541079999094	0.968083020726102	0.9671839959035281	0.9706752407913032	0.9705934595822255	0.966363540434391	0.9692352083941846	0.9687653455711858	0.9716250493555457	0.967899303699503	0.9708205318517843	0.9705021825665366	0.970272856829728	0.9645040052387759	1.0	0.9686203422659904	0.9606964271096178	0.9711357798473235	0.9666219911803282	0.9667762396846085	0.9752547107058034	0.9730077543428444	0.9732185727785448	0.9627373676893548	0.960572225724775	0.9653606652845146	0.9712252896348554	0.9562481845879356	0.9593676345690432	0.9690534134264434	0.9722805432265497	0.9675366004525184	0.9710010493707285	0.9629567946916172	0.9605099439022504	0.9662161552806829	0.9593029609824606	0.9697625418558652
0.9733320506566941	0.9747173253949267	0.9753556857172366	0.9748401628595561	0.9701828405562803	0.971989214458561	0.9783245252073061	0.9749903251251476	0.9699631991625902	0.9781762855961644	0.9720704754792697	0.9740963251862989	0.9725612782863742	0.9720302490936437	0.9712974989704084	0.9943369151719438	0.9917662498831195	0.9686203422659904	1.0	0.9596171062914005	0.9730602444227591	0.9691863058481557	0.9685552587831806	0.96938957910204	0.9680064870127858	0.9755006879338634	0.9631443873772816	0.9600871414448418	0.966418100263884	0.9717472571668406	0.9577218874664122	0.9592000823745173	0.970463395818208	0.9727467937850538	0.9701531103728973	0.9727467937850538	0.9667700509857906	0.9612328922463611	0.9710408499778713	0.9604928341871874	0.9703915796930968
0.9643898809069859	0.9626736471460686	0.9613019572372538	0.9627727147737959	0.9625806979415207	0.9631671104281232	0.9641479648885423	0.9625210314818164	0.9613074081317228	0.9631416460911656	0.9568456946131535	0.9613559356863361	0.9603355216930645	0.9608120145763305	0.9594103580562963	0.960146875472741	0.959549036914815	0.9606964271096178	0.9596171062914005	1.0	0.9602586961117955	0.9589027380447672	0.9610155120438254	0.9598656024857786	0.9591149534964014	0.9631391421102222	0.9982344842171147	0.9948417251434695	0.958582640833902	0.9605365506045711	0.9583551979069151	0.9777426938191286	0.9609206462743213	0.9623123201135939	0.9641811441821779	0.9644389118734978	0.9560501467083723	0.9654041519589022	0.9608747002718399	0.959809049968896	0.9609304692851943
0.9729322585455994	0.9742471820035963	0.9732273457556291	0.9729451634203348	0.9722822908380454	0.9730498832754891	0.9764248946554783	0.9732640436235196	0.9712042730168708	0.9764535686247819	0.9694954521849363	0.9745230066454655	0.9751619960327577	0.9728951831560874	0.9724093051720007	0.9724469400284793	0.9716295501816058	0.9711357798473235	0.9730602444227591	0.9602586961117955	1.0	0.9715482027977109	0.97145123441022	0.9697008196929946	0.9699625638929695	0.9976758800539905	0.9633896937951087	0.9614390798511656	0.968701751486846	0.9723339041117968	0.960183140146114	0.959754884934507	0.9720746310563777	0.9741682567857938	0.9720699365816814	0.9724093051720007	0.9699554952555084	0.9614919613930244	0.9933936318620787	0.9609591772261096	0.9730941278584503
0.970563213066497	0.971320752130827	0.9778190568561422	0.968600923424962	0.9685020339140092	0.9688199866937138	0.9729745977735061	0.9710808585565173	0.9679038324275441	0.9725133347778173	0.9752888894734107	0.9723810192287274	0.9688032498513609	0.9910777904218315	0.99089152771294	0.9703450590686836	0.9664951618253541	0.9666219911803282	0.9691863058481557	0.9589027380447672	0.9715482027977109	1.0	0.9896222908845086	0.9691408979360471	0.9674142659429971	0.974024200429352	0.9628926854112065	0.9601287246879138	0.9666380046797016	0.9925090406557102	0.9571693278685911	0.9572352350290197	0.9911241924614982	0.9942626834794692	0.9680315016560462	0.971294124380975	0.9872048669165177	0.9610767812901675	0.9686661474412233	0.9590274735291278	0.9853075515072331
0.9708395249192535	0.9689254856593136	0.9776569432431583	0.9687246748224594	0.9672017764085873	0.9677069503415876	0.9712421566745945	0.9713211233389291	0.966363540434391	0.9720225034678046	0.9741889854178872	0.972221112038547	0.9679531836562855	0.9916442722216758	0.9915975406265578	0.9704400883901374	0.9655734711296898	0.9667762396846085	0.9685552587831806	0.9610155120438254	0.97145123441022	0.9896222908845086	1.0	0.969626104644981	0.9692112951223169	0.974029478078563	0.9620170864059877	0.961490742261528	0.9664020619016445	0.9938349837933358	0.9587208716774731	0.9599816085289398	0.9931281809673275	0.9958486569481119	0.9687440615517569	0.9712776365338118	0.9887882352159807	0.9619008655410259	0.9681908100380984	0.9599197380773066	0.9847052728011203
0.9699816953825501	0.971973764474583	0.9709376520495604	0.9710476801762373	0.9692851680606321	0.969895935761452	0.9739799129291011	0.9706221281707116	0.9694728877679155	0.974634548831802	0.966842433025831	0.9717132628795321	0.9719009950873806	0.9696566588037472	0.9689131487884822	0.9689549068927257	0.9672250915453688	0.9752547107058034	0.96938957910204	0.9598656024857786	0.9697008196929946	0.9691408979360471	0.969626104644981	1.0	0.9938162060812374	0.9721698673544297	0.961891098055694	0.9591808914315813	0.9673976098823026	0.9697789308257961	0.958229536526708	0.9589538250429439	0.9698937516571259	0.9713277798982954	0.9693710035039068	0.9697789308257961	0.9679270439522581	0.9594063565854294	0.9699509630812049	0.9589538250429439	0.9691731609539026
0.9710379243874706	0.9707982692133866	0.9713214410431622	0.9707590194907627	0.9686416212755172	0.969056955831531	0.9724374500562195	0.9713617414985106	0.9686218935796452	0.9727076049414356	0.9672895895852135	0.9724313214629157	0.9711782884970409	0.9705873189785094	0.9698361512926854	0.9688066449915425	0.96638138276438	0.9730077543428444	0.9680064870127858	0.9591149534964014	0.9699625638929695	0.9674142659429971	0.9692112951223169	0.9938162060812374	1.0	0.9724702654535536	0.9620951696221078	0.9598144289735647	0.9651651151626874	0.9707108349592144	0.9577218874664122	0.9601014225428269	0.9698937516571259	0.9716424489918422	0.9692829228493433	0.9705873189785094	0.9665835113155996	0.9601585136823954	0.9684029356945983	0.9586399878388117	0.9688164335862365
0.9740201163648369	0.9765327141694555	0.9745499266879187	0.97524666949328	0.9743319584678352	0.9746779656051746	0.9783245252073061	0.9738314559456074	0.9729810080590782	0.9787040324317945	0.9707440993678923	0.9736956228001689	0.9764711268995407	0.9743139999813167	0.9743743146808577	0.9737825813948219	0.9737393226408424	0.9732185727785448	0.9755006879338634	0.9631391421102222	0.9976758800539905	0.974024200429352	0.974029478078563	0.9721698673544297	0.9724702654535536	1.0	0.9630803810200723	0.9635849972728568	0.9709159753041909	0.9747768537701698	0.9619122981992078	0.9624128676126871	0.9748932476019115	0.9744762365008273	0.9740323715782578	0.9740761504352454	0.9717048977167104	0.9636963300193127	0.9963131000816648	0.9605720822251756	0.9756250714725856
0.9649092259982939	0.9645871644983454	0.9623423261258285	0.9650664116049568	0.9655753791254648	0.9656747288562662	0.9661280536176724	0.9626329388410092	0.9639348306487677	0.9654048676173811	0.9582437528613171	0.9602745773441964	0.9627023518741608	0.9614493534371455	0.9611228599015923	0.9615786046949361	0.9622519919999263	0.9627373676893548	0.9631443873772816	0.9982344842171147	0.9633896937951087	0.9628926854112065	0.9620170864059877	0.961891098055694	0.9620951696221078	0.9630803810200723	1.0	0.9975043639218945	0.9617429574226259	0.9616637952920357	0.9617435215000352	0.9808179050069846	0.9627253413352578	0.96200931665928	0.9669989859550058	0.9663487845553302	0.9584683862391142	0.967178333943566	0.9634412307849656	0.960020245377263	0.9631975618127994
0.9642652134564486	0.9626736471460686	0.9604945339090047	0.9635797783232258	0.9631363469545897	0.9639512163812246	0.9648406699821863	0.9622821908405889	0.9620625471071591	0.9639774220440571	0.9560336744927427	0.9609242201622533	0.9599234723501877	0.9607100977094403	0.9597284193905958	0.9597837543003408	0.95975986584604	0.960572225724775	0.9600871414448418	0.9948417251434695	0.9614390798511656	0.9601287246879138	0.961490742261528	0.9591808914315813	0.9598144289735647	0.9635849972728568	0.9975043639218945	1.0	0.9593582820100965	0.9604945339090047	0.9600644743470088	0.9780930372595139	0.961200701990976	0.9619222052289761	0.9650476736575763	0.9649313321806432	0.9574898596416578	0.9653682407070228	0.9608747002718399	0.9604404154292967	0.961101901180253
0.9680337787377812	0.9691278094983459	0.9692263551999927	0.9675294269972423	0.9671692492454971	0.9672107817057362	0.9706752407913032	0.9683026288816284	0.9667958522428459	0.9701388631136056	0.9644690417038371	0.9698703536335664	0.9686982076567351	0.9674892629665773	0.9666078554260187	0.9675349920130336	0.9656901357341402	0.9653606652845146	0.966418100263884	0.958582640833902	0.968701751486846	0.9666380046797016	0.9664020619016445	0.9673976098823026	0.9651651151626874	0.9709159753041909	0.9617429574226259	0.9593582820100965	1.0	0.9679887518087942	0.9653668010321297	0.958582640833902	0.9669078829804855	0.9690960008884395	0.9660381082101209	0.9682579757668661	0.965376322372209	0.9599423835159813	0.9693919279658328	0.9680337787377812	0.9660562108245847
0.9712390794843494	0.9738573915192104	0.9786489841006094	0.9732150677569157	0.9714417475742	0.9721612712184448	0.9761039502171976	0.9725975099238791	0.9704940903370426	0.976323864624735	0.9751888822803279	0.9731834511061638	0.9728401907258096	0.9922203298971819	0.9919554211266577	0.9710845647412902	0.9704455180380279	0.9712252896348554	0.9717472571668406	0.9605365506045711	0.9723339041117968	0.9925090406557102	0.9938349837933358	0.9697789308257961	0.9707108349592144	0.9747768537701698	0.9616637952920357	0.9604945339090047	0.9679887518087942	1.0	0.9601238622455754	0.9591586746459748	0.9957791521614386	0.9964269743155989	0.97158073231887	0.9718498689657948	0.9902084768641002	0.961620263325103	0.9722363868715169	0.9592399645094138	0.98782511908746
0.959282229342958	0.9595706682401013	0.9596456438806436	0.957008537714087	0.9579451709534759	0.9581441432577222	0.9607017135688684	0.9608280537858939	0.9565073782579272	0.9604951708855082	0.9563495675424942	0.9618561379609712	0.9561883893588459	0.9596456438806436	0.959282229342958	0.9601238622455754	0.957057068730765	0.9562481845879356	0.9577218874664122	0.9583551979069151	0.960183140146114	0.9571693278685911	0.9587208716774731	0.958229536526708	0.9577218874664122	0.9619122981992078	0.9617435215000352	0.9600644743470088	0.9653668010321297	0.9601238622455754	1.0	0.9585427680010947	0.9581033788194632	0.9611744265476782	0.9581665199629783	0.9599453668900823	0.9582265510999238	0.9600049760345807	0.9611407984703346	0.9803440475465451	0.958229536526708
0.9635099188359961	0.9613529081869594	0.9606399866491485	0.963361674265246	0.9622992232109723	0.9630535158789706	0.963260543114519	0.9613819108175514	0.9611798035968737	0.9638502480645929	0.9552826715697178	0.9616427746512519	0.9600614124361173	0.9594938332420294	0.9584776280517974	0.9583050740227306	0.9589799355450145	0.9593676345690432	0.9592000823745173	0.9777426938191286	0.959754884934507	0.9572352350290197	0.9599816085289398	0.9589538250429439	0.9601014225428269	0.9624128676126871	0.9808179050069846	0.9780930372595139	0.958582640833902	0.9591586746459748	0.9585427680010947	1.0	0.9598335206041355	0.9606935549436677	0.965645584112355	0.9650415839500707	0.9555260795781045	0.9659677522292672	0.9607408175642	0.9576053811838913	0.9600592674673059
0.9719949462335525	0.9726591168370935	0.9797006571265516	0.9720660545042953	0.9702712520462401	0.9713797157712543	0.9744499273441395	0.9726270052864943	0.96927466129333	0.975222403418929	0.9756861200655443	0.9733236471910885	0.9708354240721689	0.9931679676330813	0.9923212820109141	0.971105225697012	0.9691119346846525	0.9690534134264434	0.970463395818208	0.9609206462743213	0.9720746310563777	0.9911241924614982	0.9931281809673275	0.9698937516571259	0.9698937516571259	0.9748932476019115	0.9627253413352578	0.961200701990976	0.9669078829804855	0.9957791521614386	0.9581033788194632	0.9598335206041355	1.0	0.9975469300080824	0.9701531103728973	0.97235199488183	0.9889456057021595	0.9621349908465465	0.9705994158851096	0.9597752676573948	0.9870654708644266
0.971925742645794	0.9755550847551661	0.9801420687278077	0.9741163036978935	0.9726945253290064	0.973382098692225	0.9773303662262072	0.9727505153309659	0.9718533419696531	0.9780121685727836	0.9760608198749808	0.9730181427511231	0.9740664438941289	0.9935424463158243	0.9936005821137889	0.9722652661828445	0.9717745553474532	0.9722805432265497	0.9727467937850538	0.9623123201135939	0.9741682567857938	0.9942626834794692	0.9958486569481119	0.9713277798982954	0.9716424489918422	0.9744762365008273	0.96200931665928	0.9619222052289761	0.9690960008884395	0.9964269743155989	0.9611744265476782	0.9606935549436677	0.9975469300080824	1.0	0.9724720392664272	0.9725477472837447	0.9910439671388629	0.9632022177332822	0.9729790118463997	0.959153279411173	0.9895323307491389
0.986532788941009	0.9725232007763075	0.9729086664055174	0.970874792910441	0.9848578617359979	0.9835238443801919	0.9735466409827108	0.9723519314163556	0.9841641059154145	0.9728043052470294	0.9690172308350925	0.9727505723655846	0.9698860501400925	0.9712089180039287	0.9707907198782829	0.9721507572405159	0.9693727025103166	0.9675366004525184	0.9701531103728973	0.9641811441821779	0.9720699365816814	0.9680315016560462	0.9687440615517569	0.9693710035039068	0.9692829228493433	0.9740323715782578	0.9669989859550058	0.9650476736575763	0.9660381082101209	0.97158073231887	0.9581665199629783	0.965645584112355	0.9701531103728973	0.9724720392664272	1.0	0.9967313058091144	0.9664585488328798	0.9649469326465624	0.9702518653395218	0.9601103066750449	0.9687266326779065
0.987192128696186	0.9750130036536515	0.9725231336157978	0.9735892006583504	0.9881314534306271	0.9864472925228022	0.9759017403850491	0.9721449091587213	0.9866478033181912	0.9755789459030455	0.9688811543362071	0.9729456410035409	0.9729787524363126	0.9716622797739538	0.9711915472843856	0.9724496663011517	0.9720626328334958	0.9710010493707285	0.9727467937850538	0.9644389118734978	0.9724093051720007	0.971294124380975	0.9712776365338118	0.9697789308257961	0.9705873189785094	0.9740761504352454	0.9663487845553302	0.9649313321806432	0.9682579757668661	0.9718498689657948	0.9599453668900823	0.9650415839500707	0.97235199488183	0.9725477472837447	0.9967313058091144	1.0	0.9688701695387265	0.9647573475364933	0.9728871085965328	0.9592202111265667	0.971811928512102
0.9683430560732308	0.965953793828919	0.9751835046451338	0.9595718204487909	0.9665835113155996	0.967384165988583	0.9676868921568849	0.9689282100615616	0.9619643367377446	0.9655055476859267	0.9727521471814358	0.9704017927971268	0.9645234631630583	0.9869389695097154	0.9861964705072717	0.9690439791417428	0.9614563478557644	0.9629567946916172	0.9667700509857906	0.9560501467083723	0.9699554952555084	0.9872048669165177	0.9887882352159807	0.9679270439522581	0.9665835113155996	0.9717048977167104	0.9584683862391142	0.9574898596416578	0.965376322372209	0.9902084768641002	0.9582265510999238	0.9555260795781045	0.9889456057021595	0.9910439671388629	0.9664585488328798	0.9688701695387265	1.0	0.9564803805451098	0.9641220745533998	0.9562229377159309	0.9829333980670643
0.9634502241511278	0.962857961997688	0.9620876326889183	0.9615613359748391	0.963081212911459	0.9624794333199349	0.9659630253806502	0.9634502241511278	0.96292164108437	0.9654655162649758	0.957375219347245	0.9624974299815575	0.9612105087633778	0.9613048546307652	0.9611459784261455	0.9609329104240404	0.9609964798198823	0.9605099439022504	0.9612328922463611	0.9654041519589022	0.9614919613930244	0.9610767812901675	0.9619008655410259	0.9594063565854294	0.9601585136823954	0.9636963300193127	0.967178333943566	0.9653682407070228	0.9599423835159813	0.961620263325103	0.9600049760345807	0.9659677522292672	0.9621349908465465	0.9632022177332822	0.9649469326465624	0.9647573475364933	0.9564803805451098	1.0	0.9619260861383865	0.9599561615387068	0.9618900088359847
0.9732076370893683	0.9690310761321783	0.9735250295332926	0.9672073866551937	0.9696472340776036	0.9684029356945983	0.9715243734088793	0.9730706554088332	0.9647107630228896	0.9702957423006106	0.9688751827791142	0.9732986379138844	0.9671353786868138	0.9722363868715169	0.9711381341164933	0.9732076370893683	0.9658643436685307	0.9662161552806829	0.9710408499778713	0.9608747002718399	0.9933936318620787	0.9686661474412233	0.9681908100380984	0.9699509630812049	0.9684029356945983	0.9963131000816648	0.9634412307849656	0.9608747002718399	0.9693919279658328	0.9722363868715169	0.9611407984703346	0.9607408175642	0.9705994158851096	0.9729790118463997	0.9702518653395218	0.9728871085965328	0.9641220745533998	0.9619260861383865	1.0	0.9632557033270063	0.9698500368231269
0.9597275887718871	0.9615449489334351	0.9590604212573601	0.9612512023384976	0.9603167110244272	0.9602612098151286	0.96172471356905	0.9598995835798573	0.9594729422281884	0.9625500178796389	0.9548916394203912	0.9587295006778656	0.9604717010842224	0.9586709011284383	0.9578035683330123	0.9601023805319961	0.9603841435840426	0.9593029609824606	0.9604928341871874	0.959809049968896	0.9609591772261096	0.9590274735291278	0.9599197380773066	0.9589538250429439	0.9586399878388117	0.9605720822251756	0.960020245377263	0.9604404154292967	0.9680337787377812	0.9592399645094138	0.9803440475465451	0.9576053811838913	0.9597752676573948	0.959153279411173	0.9601103066750449	0.9592202111265667	0.9562229377159309	0.9599561615387068	0.9632557033270063	1.0	0.9601768066958336
0.9716069214686817	0.9721579468719136	0.9835543151405911	0.9716738161464697	0.9700497684594191	0.9700794549125339	0.975287456878547	0.9732508955330478	0.9689750223404338	0.974725683081232	0.9793956609801849	0.9736008774995691	0.9715175596009155	0.9895085542010958	0.9883958733164393	0.973211774581953	0.9714838928814128	0.9697625418558652	0.9703915796930968	0.9609304692851943	0.9730941278584503	0.9853075515072331	0.9847052728011203	0.9691731609539026	0.9688164335862365	0.9756250714725856	0.9631975618127994	0.961101901180253	0.9660562108245847	0.98782511908746	0.958229536526708	0.9600592674673059	0.9870654708644266	0.9895323307491389	0.9687266326779065	0.971811928512102	0.9829333980670643	0.9618900088359847	0.9698500368231269	0.9601768066958336	1.0
