/home/jshaw/scratch/2022_sketched_distance/references/SGB_genome_fastas_part4/14247/Bengtsson-PalmeJ_2015__TRAVELRES36__bin.48.fa	/home/jshaw/scratch/2022_sketched_distance/references/SGB_genome_fastas_part4/14247/Bengtsson-PalmeJ_2015__TRAVELRES6__bin.8.fa	/home/jshaw/scratch/2022_sketched_distance/references/SGB_genome_fastas_part4/14247/Bengtsson-PalmeJ_2015__TRAVELRES9__bin.47.fa	/home/jshaw/scratch/2022_sketched_distance/references/SGB_genome_fastas_part4/14247/FengQ_2015__SID31884__bin.16.fa	/home/jshaw/scratch/2022_sketched_distance/references/SGB_genome_fastas_part4/14247/FengQ_2015__SID530743__bin.16.fa	/home/jshaw/scratch/2022_sketched_distance/references/SGB_genome_fastas_part4/14247/HMP_2012__SRS011084__bin.63.fa	/home/jshaw/scratch/2022_sketched_distance/references/SGB_genome_fastas_part4/14247/HMP_2012__SRS020328__bin.53.fa	/home/jshaw/scratch/2022_sketched_distance/references/SGB_genome_fastas_part4/14247/HMP_2012__SRS042628__bin.30.fa	/home/jshaw/scratch/2022_sketched_distance/references/SGB_genome_fastas_part4/14247/HMP_2012__SRS049959__bin.10.fa	/home/jshaw/scratch/2022_sketched_distance/references/SGB_genome_fastas_part4/14247/KarlssonFH_2013__S193__bin.14.fa	/home/jshaw/scratch/2022_sketched_distance/references/SGB_genome_fastas_part4/14247/KarlssonFH_2013__S436__bin.55.fa	/home/jshaw/scratch/2022_sketched_distance/references/SGB_genome_fastas_part4/14247/LeChatelierE_2013__MH0450__bin.33.fa	/home/jshaw/scratch/2022_sketched_distance/references/SGB_genome_fastas_part4/14247/LiJ_2014__MH0309__bin.18.fa	/home/jshaw/scratch/2022_sketched_distance/references/SGB_genome_fastas_part4/14247/LiJ_2014__MH0336__bin.21.fa	/home/jshaw/scratch/2022_sketched_distance/references/SGB_genome_fastas_part4/14247/LiJ_2014__MH0338__bin.14.fa	/home/jshaw/scratch/2022_sketched_distance/references/SGB_genome_fastas_part4/14247/LiuW_2016__SRR3993037__bin.47.fa	/home/jshaw/scratch/2022_sketched_distance/references/SGB_genome_fastas_part4/14247/LiuW_2016__SRR3993044__bin.88.fa	/home/jshaw/scratch/2022_sketched_distance/references/SGB_genome_fastas_part4/14247/NielsenHB_2014__V1_UC43_0__bin.23.fa	/home/jshaw/scratch/2022_sketched_distance/references/SGB_genome_fastas_part4/14247/Obregon-TitoAJ_2015__SM11__bin.32.fa	/home/jshaw/scratch/2022_sketched_distance/references/SGB_genome_fastas_part4/14247/QinJ_2012__CON-073__bin.10.fa	/home/jshaw/scratch/2022_sketched_distance/references/SGB_genome_fastas_part4/14247/RaymondF_2016__P7C0__bin.11.fa	/home/jshaw/scratch/2022_sketched_distance/references/SGB_genome_fastas_part4/14247/RaymondF_2016__P7C7__bin.27.fa	/home/jshaw/scratch/2022_sketched_distance/references/SGB_genome_fastas_part4/14247/XieH_2016__YSZC12003_35734__bin.27.fa	/home/jshaw/scratch/2022_sketched_distance/references/SGB_genome_fastas_part4/14247/XieH_2016__YSZC12003_35740__bin.47.fa	/home/jshaw/scratch/2022_sketched_distance/references/SGB_genome_fastas_part4/14247/XieH_2016__YSZC12003_36033__bin.7.fa	/home/jshaw/scratch/2022_sketched_distance/references/SGB_genome_fastas_part4/14247/XieH_2016__YSZC12003_36439__bin.51.fa	/home/jshaw/scratch/2022_sketched_distance/references/SGB_genome_fastas_part4/14247/XieH_2016__YSZC12003_36666__bin.33.fa	/home/jshaw/scratch/2022_sketched_distance/references/SGB_genome_fastas_part4/14247/XieH_2016__YSZC12003_37203__bin.31.fa	/home/jshaw/scratch/2022_sketched_distance/references/SGB_genome_fastas_part4/14247/XieH_2016__YSZC12003_37233__bin.20.fa	/home/jshaw/scratch/2022_sketched_distance/references/SGB_genome_fastas_part4/14247/XieH_2016__YSZC12003_37255__bin.77.fa	/home/jshaw/scratch/2022_sketched_distance/references/SGB_genome_fastas_part4/14247/XieH_2016__YSZC12003_37830__bin.66.fa	/home/jshaw/scratch/2022_sketched_distance/references/SGB_genome_fastas_part4/14247/YuJ_2015__SZAXPI003409-8__bin.78.fa	/home/jshaw/scratch/2022_sketched_distance/references/SGB_genome_fastas_part4/14247/YuJ_2015__SZAXPI003420-4__bin.57.fa	/home/jshaw/scratch/2022_sketched_distance/references/SGB_genome_fastas_part4/14247/ZellerG_2014__CCIS78318719ST-4-0__bin.8.fa	/home/jshaw/scratch/2022_sketched_distance/references/SGB_genome_fastas_part4/14247/ZellerG_2014__CCMD86114146ST-21-0__bin.27.fa
1.0	0.9824481939038336	0.9850669626885016	0.986347933113241	0.9831295720092167	0.9858351574213337	0.9859507719998185	0.9865797927804143	0.9853227837517059	0.9753569856887375	0.9850531703660586	0.986802366773822	0.9856787010372475	0.9851023574374795	0.9858071937758286	0.976469052850095	0.9749990506528894	0.9797035336634059	0.986883635671911	0.986258963493439	0.9855983897261409	0.9861386769647327	0.9857416784468968	0.9856887585150308	0.9776922476194853	0.9836228596654805	0.9796061065079773	0.9857039116008425	0.9802410048981742	0.9868344413468761	0.9769877518891026	0.9831045721171243	0.976371802147122	0.980787479215927	0.9844666994011455
0.9824481939038336	1.0	0.983870916490361	0.9842438466301509	0.989642439242048	0.9840255265508215	0.9846850150512477	0.9840716140131999	0.9904377090193635	0.9760925467462487	0.9832248773204497	0.9841265759930631	0.9840683777988114	0.9838055693161833	0.9839589273120019	0.9777221453691652	0.9758831161433185	0.9807716922593198	0.9846783248992727	0.9848641601990628	0.985406661077031	0.9854178700989337	0.9841387094638816	0.9836483172990633	0.9779420852452169	0.9830881112581576	0.9797117991179257	0.98590151156478	0.9805979253493525	0.9838871567823008	0.9763958105585345	0.9817546013301723	0.983062151081953	0.9816301667326437	0.9819923284962009
0.9850669626885016	0.983870916490361	1.0	0.9856381564034781	0.9850207201001421	0.9850641858441248	0.9939230041955586	0.9869878735513478	0.9855689060811521	0.9777890134916647	0.9849495910514506	0.9861817424414427	0.9857929942907915	0.9851884273511187	0.9926585361350384	0.9803082062508747	0.9787394569112903	0.9894705377883755	0.9866150567434416	0.9862362330909858	0.9861707766295665	0.986031222193092	0.9859048047973528	0.9851497031949156	0.9805438533322414	0.9906972838427677	0.980204595886715	0.9855811942411602	0.9824075551973097	0.9860900881316397	0.9806988593152887	0.9833610278810159	0.9785974570225984	0.9835259372926466	0.9845921757084029
0.986347933113241	0.9842438466301509	0.9856381564034781	1.0	0.9849305471224252	0.9892347533865338	0.9867256725534548	0.9869239269260166	0.9869656829290541	0.9774281286697925	0.9869201757037931	0.9879625711369862	0.9869814797421943	0.9871346026491602	0.9867990236618635	0.9786017569991656	0.9772557140910981	0.9806774163371857	0.9878124477758027	0.987912732790091	0.9869045871713201	0.9872531012403486	0.9878884332133531	0.9876914275749531	0.9801553131709896	0.9850549524108381	0.9801610550511177	0.9865269723489429	0.9810022449154236	0.9877141441549526	0.9781714920892882	0.9846141970537045	0.9784819327759241	0.9826574489241506	0.9856042723185954
0.9831295720092167	0.989642439242048	0.9850207201001421	0.9849305471224252	1.0	0.9842064808426428	0.9856789351160263	0.9851038116012307	0.9910003546925098	0.976911087766065	0.9833538464888045	0.9848534816452954	0.984026496296838	0.9834806840177457	0.9847023772751675	0.9805661771440721	0.9794753214527636	0.9810778411022112	0.9852186375870814	0.9858269968603485	0.9865130872635237	0.9861252502379181	0.9843776573976809	0.9844753736604073	0.9797989754438439	0.9849510088934925	0.9803656518105317	0.9866943094160153	0.9829203654804792	0.9839897036090144	0.9785214658428084	0.9833615564692348	0.9857590485974997	0.9838742769209197	0.9839615239438368
0.9858351574213337	0.9840255265508215	0.9850641858441248	0.9892347533865338	0.9842064808426428	1.0	0.9860997853878447	0.9866864276440465	0.9865672269717665	0.9771300848982631	0.9868084728536027	0.9871374926443921	0.9858814583682974	0.9872419013614562	0.9861933605117976	0.9781019202867143	0.976078673397092	0.9803626224844519	0.9874417460758399	0.9870814915401124	0.9859138203101038	0.9860222715275526	0.9876280723514319	0.9872128465392183	0.9785611987174386	0.9846603989019783	0.9798621808349517	0.9861044317428096	0.9803798374818933	0.9869752943932304	0.9772856628072095	0.9834086900760844	0.9784998283909304	0.9816484626435547	0.9848977012688154
0.9859507719998185	0.9846850150512477	0.9939230041955586	0.9867256725534548	0.9856789351160263	0.9860997853878447	1.0	0.9885352532809651	0.9865234772143789	0.977790929603089	0.9859530985148941	0.9866669888924192	0.9867459809892073	0.9859597767014615	0.9929510085874007	0.9798347957572893	0.977953512340862	0.989068334228453	0.9876507166533822	0.9870139706059584	0.9866975058133663	0.9865695859201669	0.9867214450614412	0.9862497875797105	0.9799696526189539	0.9907720665405768	0.9804950146407595	0.9866686065028472	0.9822261087324332	0.9876397666323352	0.9809987435035146	0.9838399683920196	0.9794763522667447	0.9828839911170003	0.98538567020673
0.9865797927804143	0.9840716140131999	0.9869878735513478	0.9869239269260166	0.9851038116012307	0.9866864276440465	0.9885352532809651	1.0	0.9868607206042528	0.9779852549133284	0.9857530775624109	0.9869816798333617	0.9867472454378988	0.9861638948236809	0.9882792000454949	0.9797255973797959	0.9779316018521482	0.9819842407271295	0.9873122265697226	0.9875562465045177	0.986623913751058	0.9865472833932121	0.9873976654875346	0.9866969703741303	0.9798633300700125	0.9865369211137553	0.9800614250106093	0.9868669591092061	0.9815102385606078	0.9883595551613525	0.9830541869720671	0.983298650211712	0.9790065565356489	0.9822814659073121	0.984911902422115
0.9853227837517059	0.9904377090193635	0.9855689060811521	0.9869656829290541	0.9910003546925098	0.9865672269717665	0.9865234772143789	0.9868607206042528	1.0	0.9770837856212253	0.9856966972750487	0.9868803034191115	0.9856617196341391	0.9862223380698883	0.9862802793909458	0.97966737882041	0.9765528322510826	0.9810377401193325	0.987766376696994	0.9876559012369089	0.9876135246255566	0.9878089354997516	0.9870292739932648	0.9865273319096138	0.9787884947072647	0.984756784322273	0.9802126230907119	0.9883177153871201	0.9821735138745918	0.9866719664783289	0.9777128722325842	0.9848729651493339	0.98743311222117	0.982879012573393	0.9848412752979342
0.9753569856887375	0.9760925467462487	0.9777890134916647	0.9774281286697925	0.976911087766065	0.9771300848982631	0.977790929603089	0.9779852549133284	0.9770837856212253	1.0	0.9837612665092275	0.9767863562906315	0.9782250751981261	0.9863159920010466	0.9764393854988168	0.9740848180686824	0.972592825250601	0.9743284030970926	0.977720574967469	0.977858141952551	0.9768654651506361	0.9759755995873982	0.9774062945703692	0.9767794104570943	0.9757314266467866	0.9775440927704299	0.9729115504304553	0.9763882380841414	0.9754664289077758	0.9769448353568873	0.9730426071380501	0.9760540562492543	0.9743507818194784	0.9763531060915099	0.9775306429214811
0.9850531703660586	0.9832248773204497	0.9849495910514506	0.9869201757037931	0.9833538464888045	0.9868084728536027	0.9859530985148941	0.9857530775624109	0.9856966972750487	0.9837612665092275	1.0	0.9869523983589322	0.9859557027890894	0.9941482882519806	0.9861789612839976	0.977338705578329	0.9761710666078484	0.9801631308801746	0.9870364678462213	0.9860713451547785	0.9864681470775549	0.98656183058467	0.9870515571074048	0.9866577374264452	0.9799786478295697	0.9845528229851055	0.9795707311610159	0.9854116802333762	0.980390559810761	0.9865384024826604	0.9772672401949399	0.9831528808177185	0.9776824784163459	0.9819019407139651	0.9850725631308996
0.986802366773822	0.9841265759930631	0.9861817424414427	0.9879625711369862	0.9848534816452954	0.9871374926443921	0.9866669888924192	0.9869816798333617	0.9868803034191115	0.9767863562906315	0.9869523983589322	1.0	0.9886278811672597	0.9870279810879552	0.9871604035504302	0.9785653851495898	0.9764125005202228	0.9811887145981123	0.9876059506040475	0.9874981126927226	0.9867767790374097	0.9871014063721385	0.987375079547353	0.9874208675259964	0.9796719244907682	0.9852676638575357	0.9802570825347253	0.9868400276111172	0.9801418431429674	0.9879747648088639	0.9778025218487769	0.9842669255262622	0.9784853279530125	0.9817776989158118	0.9852584730618116
0.9856787010372475	0.9840683777988114	0.9857929942907915	0.9869814797421943	0.984026496296838	0.9858814583682974	0.9867459809892073	0.9867472454378988	0.9856617196341391	0.9782250751981261	0.9859557027890894	0.9886278811672597	1.0	0.986281171093136	0.9862401229120357	0.9786251443494491	0.9769764235217842	0.9814925308783845	0.9869576242871999	0.9868253177049428	0.9860141978621655	0.9859810946762749	0.9862261210096221	0.9863936850352333	0.9789512622968206	0.9852707465974849	0.9801626380151754	0.9859694262823805	0.9797754714890543	0.9870301279331859	0.9786196890879402	0.9833688289602948	0.9783771035825295	0.9824375200025355	0.9848402853455346
0.9851023574374795	0.9838055693161833	0.9851884273511187	0.9871346026491602	0.9834806840177457	0.9872419013614562	0.9859597767014615	0.9861638948236809	0.9862223380698883	0.9863159920010466	0.9941482882519806	0.9870279810879552	0.986281171093136	1.0	0.9864446483632918	0.9776792109416672	0.9764035120853563	0.9802277428520715	0.9873810914258386	0.9864536891087925	0.9862287859271878	0.986487698290819	0.9877694290282732	0.9870583417100929	0.9796315512540996	0.9845108706590964	0.9790647418802295	0.9865321393179146	0.9800734627942562	0.9868358112015799	0.9772640660616286	0.9832573254839618	0.977437650062951	0.9816715485641796	0.9844088813967571
0.9858071937758286	0.9839589273120019	0.9926585361350384	0.9867990236618635	0.9847023772751675	0.9861933605117976	0.9929510085874007	0.9882792000454949	0.9862802793909458	0.9764393854988168	0.9861789612839976	0.9871604035504302	0.9862401229120357	0.9864446483632918	1.0	0.9786394560866567	0.9771977616799247	0.9877453902766467	0.9875519317456877	0.9869090223487276	0.9866757610747282	0.9868813129484347	0.9868411168611921	0.9860983660429722	0.9804646311225527	0.9907953328796665	0.9797910822918812	0.9863592386050755	0.9811245387909081	0.9873491358280543	0.9804936955628476	0.9838983800304194	0.9787116212976814	0.9820266562590325	0.9852741908767666
0.976469052850095	0.9777221453691652	0.9803082062508747	0.9786017569991656	0.9805661771440721	0.9781019202867143	0.9798347957572893	0.9797255973797959	0.97966737882041	0.9740848180686824	0.977338705578329	0.9785653851495898	0.9786251443494491	0.9776792109416672	0.9786394560866567	1.0	0.9791749161047761	0.9749929587622871	0.9788284494270315	0.9809692654899215	0.9796422567018205	0.9786020698916766	0.9783019622041508	0.9772549437291748	0.9770483325258934	0.9811006123338893	0.9776567503360777	0.9793597201097248	0.9771560594281439	0.9785561477812584	0.9769651142310942	0.9774911077343975	0.9763978209265036	0.9814145585914958	0.9780275809555958
0.9749990506528894	0.9758831161433185	0.9787394569112903	0.9772557140910981	0.9794753214527636	0.976078673397092	0.977953512340862	0.9779316018521482	0.9765528322510826	0.972592825250601	0.9761710666078484	0.9764125005202228	0.9769764235217842	0.9764035120853563	0.9771977616799247	0.9791749161047761	1.0	0.9733081952264597	0.977029003036795	0.9787290746440027	0.977716699878525	0.9768153663020722	0.976673197024332	0.9753962728388896	0.9747447888388159	0.9784440145744677	0.9770006579020629	0.9771564609329372	0.9761177977398823	0.9760461208565995	0.9753481791427489	0.9767771844784651	0.97256453575406	0.9789455002457804	0.976559007485609
0.9797035336634059	0.9807716922593198	0.9894705377883755	0.9806774163371857	0.9810778411022112	0.9803626224844519	0.989068334228453	0.9819842407271295	0.9810377401193325	0.9743284030970926	0.9801631308801746	0.9811887145981123	0.9814925308783845	0.9802277428520715	0.9877453902766467	0.9749929587622871	0.9733081952264597	1.0	0.98182682803545	0.9817716738867615	0.9815439605796501	0.9812866605100091	0.9801361472712196	0.9807412308807352	0.9760258437894596	0.9861097314243913	0.9745654575439182	0.9811583412065764	0.9781378415122829	0.9809443495886333	0.9774138989401641	0.9810217963776647	0.9773339348315158	0.9788273961954034	0.9803467831583651
0.986883635671911	0.9846783248992727	0.9866150567434416	0.9878124477758027	0.9852186375870814	0.9874417460758399	0.9876507166533822	0.9873122265697226	0.987766376696994	0.977720574967469	0.9870364678462213	0.9876059506040475	0.9869576242871999	0.9873810914258386	0.9875519317456877	0.9788284494270315	0.977029003036795	0.98182682803545	1.0	0.9888426956933677	0.9880454580747611	0.9884756439000135	0.9876620515036176	0.9866939563086946	0.9797984236762783	0.9858681533697673	0.9813790348184818	0.9874218350041472	0.9815202832824756	0.9873900671060987	0.9790155637749106	0.985130085979218	0.9795596850399425	0.9830250845600486	0.9857958306975404
0.986258963493439	0.9848641601990628	0.9862362330909858	0.987912732790091	0.9858269968603485	0.9870814915401124	0.9870139706059584	0.9875562465045177	0.9876559012369089	0.977858141952551	0.9860713451547785	0.9874981126927226	0.9868253177049428	0.9864536891087925	0.9869090223487276	0.9809692654899215	0.9787290746440027	0.9817716738867615	0.9888426956933677	1.0	0.9875987729406283	0.9879462495499016	0.9872126380642329	0.9866327818536105	0.9798644521528546	0.9855886106829127	0.982300359656451	0.9877892972794672	0.9814564234915245	0.9875772434882213	0.9788718136237646	0.9853827050756419	0.9801034522670513	0.9832184454274975	0.9851979372486962
0.9855983897261409	0.985406661077031	0.9861707766295665	0.9869045871713201	0.9865130872635237	0.9859138203101038	0.9866975058133663	0.986623913751058	0.9876135246255566	0.9768654651506361	0.9864681470775549	0.9867767790374097	0.9860141978621655	0.9862287859271878	0.9866757610747282	0.9796422567018205	0.977716699878525	0.9815439605796501	0.9880454580747611	0.9875987729406283	1.0	0.9988400732023465	0.986480659446812	0.9864079320680732	0.9789047719840175	0.985739072050314	0.9809535512926005	0.9889304524664168	0.9844960229887169	0.9864504121011681	0.9783910286637111	0.9844143222702951	0.9798995369963787	0.9857689069716146	0.9844836552502833
0.9861386769647327	0.9854178700989337	0.986031222193092	0.9872531012403486	0.9861252502379181	0.9860222715275526	0.9865695859201669	0.9865472833932121	0.9878089354997516	0.9759755995873982	0.98656183058467	0.9871014063721385	0.9859810946762749	0.986487698290819	0.9868813129484347	0.9786020698916766	0.9768153663020722	0.9812866605100091	0.9884756439000135	0.9879462495499016	0.9988400732023465	1.0	0.986819361341489	0.9865699974133583	0.9780068764257788	0.9852148698647601	0.9806847179725601	0.9891565473913051	0.983732782739882	0.9867300209581897	0.9777258734986527	0.9842669255262622	0.9794324141762473	0.9851078261493538	0.9844726987301776
0.9857416784468968	0.9841387094638816	0.9859048047973528	0.9878884332133531	0.9843776573976809	0.9876280723514319	0.9867214450614412	0.9873976654875346	0.9870292739932648	0.9774062945703692	0.9870515571074048	0.987375079547353	0.9862261210096221	0.9877694290282732	0.9868411168611921	0.9783019622041508	0.976673197024332	0.9801361472712196	0.9876620515036176	0.9872126380642329	0.986480659446812	0.986819361341489	1.0	0.9872079614083172	0.979887297258957	0.9846444313695031	0.9811257346752222	0.986594606370194	0.9802211827393446	0.9878773452420228	0.9779462947703779	0.984084123862619	0.9782193030058046	0.9819868159939563	0.9854867706438682
0.9856887585150308	0.9836483172990633	0.9851497031949156	0.9876914275749531	0.9844753736604073	0.9872128465392183	0.9862497875797105	0.9866969703741303	0.9865273319096138	0.9767794104570943	0.9866577374264452	0.9874208675259964	0.9863936850352333	0.9870583417100929	0.9860983660429722	0.9772549437291748	0.9753962728388896	0.9807412308807352	0.9866939563086946	0.9866327818536105	0.9864079320680732	0.9865699974133583	0.9872079614083172	1.0	0.9792474278146893	0.9840833554530516	0.9798246017534887	0.9860342218457789	0.9802843835174001	0.9869206733845873	0.977064393046395	0.9827718760597646	0.977513928242402	0.9817731471699517	0.9849281356834473
0.9776922476194853	0.9779420852452169	0.9805438533322414	0.9801553131709896	0.9797989754438439	0.9785611987174386	0.9799696526189539	0.9798633300700125	0.9787884947072647	0.9757314266467866	0.9799786478295697	0.9796719244907682	0.9789512622968206	0.9796315512540996	0.9804646311225527	0.9770483325258934	0.9747447888388159	0.9760258437894596	0.9797984236762783	0.9798644521528546	0.9789047719840175	0.9780068764257788	0.979887297258957	0.9792474278146893	1.0	0.9802610744213973	0.9766075241564873	0.9786716390620904	0.978815083576554	0.9797091157433191	0.9753711466777875	0.9781171889550415	0.9738700849013561	0.9781366868684941	0.9792423987878403
0.9836228596654805	0.9830881112581576	0.9906972838427677	0.9850549524108381	0.9849510088934925	0.9846603989019783	0.9907720665405768	0.9865369211137553	0.984756784322273	0.9775440927704299	0.9845528229851055	0.9852676638575357	0.9852707465974849	0.9845108706590964	0.9907953328796665	0.9811006123338893	0.9784440145744677	0.9861097314243913	0.9858681533697673	0.9855886106829127	0.985739072050314	0.9852148698647601	0.9846444313695031	0.9840833554530516	0.9802610744213973	1.0	0.9798771798099397	0.9853210768403177	0.9820512584215428	0.9853274461737281	0.9802821157212114	0.9821634773498258	0.9786963558187785	0.9830286238807381	0.9843597222817448
0.9796061065079773	0.9797117991179257	0.980204595886715	0.9801610550511177	0.9803656518105317	0.9798621808349517	0.9804950146407595	0.9800614250106093	0.9802126230907119	0.9729115504304553	0.9795707311610159	0.9802570825347253	0.9801626380151754	0.9790647418802295	0.9797910822918812	0.9776567503360777	0.9770006579020629	0.9745654575439182	0.9813790348184818	0.982300359656451	0.9809535512926005	0.9806847179725601	0.9811257346752222	0.9798246017534887	0.9766075241564873	0.9798771798099397	1.0	0.9801037702851421	0.9774301870979202	0.9797962437184324	0.976605807968246	0.9854031324434243	0.974813396486697	0.979022272985672	0.9787269468828932
0.9857039116008425	0.98590151156478	0.9855811942411602	0.9865269723489429	0.9866943094160153	0.9861044317428096	0.9866686065028472	0.9868669591092061	0.9883177153871201	0.9763882380841414	0.9854116802333762	0.9868400276111172	0.9859694262823805	0.9865321393179146	0.9863592386050755	0.9793597201097248	0.9771564609329372	0.9811583412065764	0.9874218350041472	0.9877892972794672	0.9889304524664168	0.9891565473913051	0.986594606370194	0.9860342218457789	0.9786716390620904	0.9853210768403177	0.9801037702851421	1.0	0.9829426808708831	0.9866621730393702	0.9776039906652764	0.9837604224354229	0.980372142278103	0.9837426566382397	0.984402155919369
0.9802410048981742	0.9805979253493525	0.9824075551973097	0.9810022449154236	0.9829203654804792	0.9803798374818933	0.9822261087324332	0.9815102385606078	0.9821735138745918	0.9754664289077758	0.980390559810761	0.9801418431429674	0.9797754714890543	0.9800734627942562	0.9811245387909081	0.9771560594281439	0.9761177977398823	0.9781378415122829	0.9815202832824756	0.9814564234915245	0.9844960229887169	0.983732782739882	0.9802211827393446	0.9802843835174001	0.978815083576554	0.9820512584215428	0.9774301870979202	0.9829426808708831	1.0	0.9799501986700796	0.9765824787341448	0.9792609961452706	0.9765158176819085	0.9816888024743734	0.9807854221531309
0.9868344413468761	0.9838871567823008	0.9860900881316397	0.9877141441549526	0.9839897036090144	0.9869752943932304	0.9876397666323352	0.9883595551613525	0.9866719664783289	0.9769448353568873	0.9865384024826604	0.9879747648088639	0.9870301279331859	0.9868358112015799	0.9873491358280543	0.9785561477812584	0.9760461208565995	0.9809443495886333	0.9873900671060987	0.9875772434882213	0.9864504121011681	0.9867300209581897	0.9878773452420228	0.9869206733845873	0.9797091157433191	0.9853274461737281	0.9797962437184324	0.9866621730393702	0.9799501986700796	1.0	0.9791303665292036	0.984347921860917	0.9776519779074435	0.9819239132790057	0.9853970521378772
0.9769877518891026	0.9763958105585345	0.9806988593152887	0.9781714920892882	0.9785214658428084	0.9772856628072095	0.9809987435035146	0.9830541869720671	0.9777128722325842	0.9730426071380501	0.9772672401949399	0.9778025218487769	0.9786196890879402	0.9772640660616286	0.9804936955628476	0.9769651142310942	0.9753481791427489	0.9774138989401641	0.9790155637749106	0.9788718136237646	0.9783910286637111	0.9777258734986527	0.9779462947703779	0.977064393046395	0.9753711466777875	0.9802821157212114	0.976605807968246	0.9776039906652764	0.9765824787341448	0.9791303665292036	1.0	0.9767970340429096	0.9734333093669169	0.9774541911861011	0.9789548847358277
0.9831045721171243	0.9817546013301723	0.9833610278810159	0.9846141970537045	0.9833615564692348	0.9834086900760844	0.9838399683920196	0.983298650211712	0.9848729651493339	0.9760540562492543	0.9831528808177185	0.9842669255262622	0.9833688289602948	0.9832573254839618	0.9838983800304194	0.9774911077343975	0.9767771844784651	0.9810217963776647	0.985130085979218	0.9853827050756419	0.9844143222702951	0.9842669255262622	0.984084123862619	0.9827718760597646	0.9781171889550415	0.9821634773498258	0.9854031324434243	0.9837604224354229	0.9792609961452706	0.984347921860917	0.9767970340429096	1.0	0.9787838937067108	0.9813268362351233	0.9828831202263765
0.976371802147122	0.983062151081953	0.9785974570225984	0.9784819327759241	0.9857590485974997	0.9784998283909304	0.9794763522667447	0.9790065565356489	0.98743311222117	0.9743507818194784	0.9776824784163459	0.9784853279530125	0.9783771035825295	0.977437650062951	0.9787116212976814	0.9763978209265036	0.97256453575406	0.9773339348315158	0.9795596850399425	0.9801034522670513	0.9798995369963787	0.9794324141762473	0.9782193030058046	0.977513928242402	0.9738700849013561	0.9786963558187785	0.974813396486697	0.980372142278103	0.9765158176819085	0.9776519779074435	0.9734333093669169	0.9787838937067108	1.0	0.9770899157269193	0.9778022342309689
0.980787479215927	0.9816301667326437	0.9835259372926466	0.9826574489241506	0.9838742769209197	0.9816484626435547	0.9828839911170003	0.9822814659073121	0.982879012573393	0.9763531060915099	0.9819019407139651	0.9817776989158118	0.9824375200025355	0.9816715485641796	0.9820266562590325	0.9814145585914958	0.9789455002457804	0.9788273961954034	0.9830250845600486	0.9832184454274975	0.9857689069716146	0.9851078261493538	0.9819868159939563	0.9817731471699517	0.9781366868684941	0.9830286238807381	0.979022272985672	0.9837426566382397	0.9816888024743734	0.9819239132790057	0.9774541911861011	0.9813268362351233	0.9770899157269193	1.0	0.9821540997679592
0.9844666994011455	0.9819923284962009	0.9845921757084029	0.9856042723185954	0.9839615239438368	0.9848977012688154	0.98538567020673	0.984911902422115	0.9848412752979342	0.9775306429214811	0.9850725631308996	0.9852584730618116	0.9848402853455346	0.9844088813967571	0.9852741908767666	0.9780275809555958	0.976559007485609	0.9803467831583651	0.9857958306975404	0.9851979372486962	0.9844836552502833	0.9844726987301776	0.9854867706438682	0.9849281356834473	0.9792423987878403	0.9843597222817448	0.9787269468828932	0.984402155919369	0.9807854221531309	0.9853970521378772	0.9789548847358277	0.9828831202263765	0.9778022342309689	0.9821540997679592	1.0
