/home/jshaw/scratch/2022_sketched_distance/references/SGB_genome_fastas_part4/7082/CM_madagascar__A11_01_1FE__bin.25.fa	/home/jshaw/scratch/2022_sketched_distance/references/SGB_genome_fastas_part4/7082/CosteaPI_2017__SID713A062-11-0-0__bin.66.fa	/home/jshaw/scratch/2022_sketched_distance/references/SGB_genome_fastas_part4/7082/FengQ_2015__SID530163__bin.14.fa	/home/jshaw/scratch/2022_sketched_distance/references/SGB_genome_fastas_part4/7082/HeQ_2017__SZAXPI029503-106__bin.14.fa	/home/jshaw/scratch/2022_sketched_distance/references/SGB_genome_fastas_part4/7082/LiJ_2014__V1.CD40-0__bin.27.fa	/home/jshaw/scratch/2022_sketched_distance/references/SGB_genome_fastas_part4/7082/NielsenHB_2014__O2_UC4_2__bin.40.fa	/home/jshaw/scratch/2022_sketched_distance/references/SGB_genome_fastas_part4/7082/QinJ_2012__DOM022__bin.32.fa	/home/jshaw/scratch/2022_sketched_distance/references/SGB_genome_fastas_part4/7082/QinJ_2012__T2D-029__bin.48.fa	/home/jshaw/scratch/2022_sketched_distance/references/SGB_genome_fastas_part4/7082/QinJ_2012__T2D-056__bin.52.fa	/home/jshaw/scratch/2022_sketched_distance/references/SGB_genome_fastas_part4/7082/QinN_2014__HD-56__bin.17.fa	/home/jshaw/scratch/2022_sketched_distance/references/SGB_genome_fastas_part4/7082/QinN_2014__LD-22__bin.78.fa	/home/jshaw/scratch/2022_sketched_distance/references/SGB_genome_fastas_part4/7082/QinN_2014__LD-24__bin.31.fa	/home/jshaw/scratch/2022_sketched_distance/references/SGB_genome_fastas_part4/7082/QinN_2014__LD-27__bin.7.fa	/home/jshaw/scratch/2022_sketched_distance/references/SGB_genome_fastas_part4/7082/QinN_2014__LD-38__bin.2.fa	/home/jshaw/scratch/2022_sketched_distance/references/SGB_genome_fastas_part4/7082/QinN_2014__LD-39__bin.12.fa	/home/jshaw/scratch/2022_sketched_distance/references/SGB_genome_fastas_part4/7082/QinN_2014__LD-3__bin.24.fa	/home/jshaw/scratch/2022_sketched_distance/references/SGB_genome_fastas_part4/7082/QinN_2014__LD-40__bin.12.fa	/home/jshaw/scratch/2022_sketched_distance/references/SGB_genome_fastas_part4/7082/QinN_2014__LD-44__bin.54.fa	/home/jshaw/scratch/2022_sketched_distance/references/SGB_genome_fastas_part4/7082/QinN_2014__LD-45__bin.24.fa	/home/jshaw/scratch/2022_sketched_distance/references/SGB_genome_fastas_part4/7082/QinN_2014__LD-48__bin.15.fa	/home/jshaw/scratch/2022_sketched_distance/references/SGB_genome_fastas_part4/7082/QinN_2014__LD-53__bin.41.fa	/home/jshaw/scratch/2022_sketched_distance/references/SGB_genome_fastas_part4/7082/QinN_2014__LD-5__bin.25.fa	/home/jshaw/scratch/2022_sketched_distance/references/SGB_genome_fastas_part4/7082/QinN_2014__LD-60__bin.38.fa	/home/jshaw/scratch/2022_sketched_distance/references/SGB_genome_fastas_part4/7082/QinN_2014__LD-63__bin.5.fa	/home/jshaw/scratch/2022_sketched_distance/references/SGB_genome_fastas_part4/7082/QinN_2014__LD-65__bin.37.fa	/home/jshaw/scratch/2022_sketched_distance/references/SGB_genome_fastas_part4/7082/QinN_2014__LD-77__bin.38.fa	/home/jshaw/scratch/2022_sketched_distance/references/SGB_genome_fastas_part4/7082/QinN_2014__LD-79__bin.10.fa	/home/jshaw/scratch/2022_sketched_distance/references/SGB_genome_fastas_part4/7082/QinN_2014__LD-86__bin.44.fa	/home/jshaw/scratch/2022_sketched_distance/references/SGB_genome_fastas_part4/7082/QinN_2014__LD-87__bin.15.fa	/home/jshaw/scratch/2022_sketched_distance/references/SGB_genome_fastas_part4/7082/QinN_2014__LD-91__bin.8.fa	/home/jshaw/scratch/2022_sketched_distance/references/SGB_genome_fastas_part4/7082/QinN_2014__LV-12__bin.14.fa	/home/jshaw/scratch/2022_sketched_distance/references/SGB_genome_fastas_part4/7082/QinN_2014__LV-16__bin.4.fa	/home/jshaw/scratch/2022_sketched_distance/references/SGB_genome_fastas_part4/7082/QinN_2014__LV-20__bin.9.fa	/home/jshaw/scratch/2022_sketched_distance/references/SGB_genome_fastas_part4/7082/QinN_2014__LV-6__bin.12.fa	/home/jshaw/scratch/2022_sketched_distance/references/SGB_genome_fastas_part4/7082/WenC_2017__N018__bin.23.fa	/home/jshaw/scratch/2022_sketched_distance/references/SGB_genome_fastas_part4/7082/WenC_2017__N227__bin.1.fa	/home/jshaw/scratch/2022_sketched_distance/references/SGB_genome_fastas_part4/7082/WenC_2017__N237__bin.61.fa	/home/jshaw/scratch/2022_sketched_distance/references/SGB_genome_fastas_part4/7082/YuJ_2015__SZAXPI017593-158__bin.24.fa	/home/jshaw/scratch/2022_sketched_distance/references/SGB_genome_fastas_part4/7082/ZeeviD_2015__PNP_Main_44__bin.25.fa	/home/jshaw/scratch/2022_sketched_distance/references/SGB_genome_fastas_part4/7082/ZeeviD_2015__PNP_Main_636__bin.23.fa	/home/jshaw/scratch/2022_sketched_distance/references/SGB_genome_fastas_part4/7082/ZellerG_2014__CCIS07539127ST-4-0__bin.15.fa	/home/jshaw/scratch/2022_sketched_distance/references/SGB_genome_fastas_part4/7082/ZellerG_2014__CCIS82146115ST-4-0__bin.54.fa
1.0	0.9789248603376853	0.9814721940361573	0.9859591495293522	0.9830063030021159	0.9829913722995458	0.963624409778146	0.9726053933499074	0.974999445899968	0.9821355185015476	0.9860225192785382	0.9775511163439563	0.9787917064504076	0.9722315870315282	0.9829763837401254	0.9818587518497943	0.9782056234821269	0.9931592873725447	0.9922326203259639	0.9770889365824064	0.9724175564466753	0.9778091815475141	0.9771190403988025	0.9856020652895892	0.9882061858845299	0.9963481804739266	0.9705579595374957	0.9836062838698554	0.9829468637614217	0.9849359982810257	0.9858709982539848	0.9791923737083649	0.975888051944069	0.9911732214308293	0.9788847130589982	0.9871277583422688	0.9942161965605085	0.9798380940706805	0.9802326911452399	0.9848625070891107	0.9813290647863164	0.9849309961248183
0.9789248603376853	1.0	0.9780770868330511	0.9710748574882707	0.9798799343003642	0.9783155922178988	0.9637655246493472	0.9654759729623481	0.9807274615520238	0.9771878729523741	0.9886424799426748	0.9845448128007073	0.9812832392694475	0.9791571714857812	0.9852741311235448	0.9661424528508701	0.976297328068144	0.977965949969583	0.9741698764948525	0.9812554537096161	0.9645145349877147	0.9771006342678378	0.9760969604508964	0.9881761180879218	0.9853559948846928	0.9806818648430794	0.9753563758360481	0.9787915584240258	0.9872509062172752	0.9683537162453003	0.9887792696544322	0.975786365029549	0.9763858424391483	0.9766685271162697	0.9830162380419517	0.9712968474040365	0.9799062547487538	0.9849794911777182	0.9756841954796894	0.9891969168238601	0.9829985526449634	0.987402889391301
0.9814721940361573	0.9780770868330511	1.0	0.9748261368336749	0.9935776327604383	0.9887623691870684	0.9696847502924112	0.9705702819533722	0.9709839961695802	0.9835314496525813	0.9813472905791065	0.9732185493128908	0.9739447772605383	0.9701216091610321	0.9792307496287607	0.9693435310858133	0.9721422619668789	0.9798181530725942	0.9783794714259217	0.972695957726875	0.9713446935232752	0.9746119959983406	0.9723408044085219	0.9808488712640578	0.9802905374876726	0.9823218322997146	0.9665993734876833	0.9870367843634381	0.9808671432230438	0.9731623934527234	0.9810882531709106	0.9845722660301918	0.9726146388107164	0.9779806423192633	0.9766911735869264	0.9747734067207955	0.9811663423756513	0.9763369934502965	0.9786214970473047	0.980221983435485	0.9763776151028561	0.9804336884520316
0.9859591495293522	0.9710748574882707	0.9748261368336749	1.0	0.9773974580010862	0.9768435514266729	0.950518669665609	0.9834581449382587	0.9640690228772225	0.9759299859700897	0.9798294021736078	0.9635762471810226	0.97118590243465	0.9614444359688833	0.9761268245399518	0.9692931299513922	0.9870498980016065	0.9840485997502142	0.9920478516330914	0.980754463525324	0.9765251169532293	0.9868652103079604	0.9875655288076044	0.9797656427956905	0.9807278022207891	0.9881558586089156	0.9598849072625535	0.9773604169811	0.9766119932107254	0.9939881484551389	0.9797388819687897	0.9699595117128164	0.9860401369821101	0.9804521736500086	0.9699957680851568	0.9950203781109761	0.9879198302919523	0.9716518758429902	0.974574327486834	0.9784106397642388	0.9817940740726109	0.9785445141181415
0.9830063030021159	0.9798799343003642	0.9935776327604383	0.9773974580010862	1.0	0.9881852176817072	0.9712057791646972	0.9738471533239033	0.9736388017102029	0.9858094969290672	0.9838642210459355	0.9763867834006145	0.9754362285494641	0.9713926045801586	0.9814771643137202	0.9694973875565944	0.9741974064109357	0.9812294469661558	0.9795929576351535	0.9758070691425066	0.9733450979560802	0.9743179236380991	0.9742311192751022	0.9830268508050479	0.9825216589118737	0.9837584104924869	0.9682626374518732	0.9886751077670304	0.9799962556559125	0.9748984296376075	0.9836686198536657	0.9850279750025959	0.9745519838319142	0.9793052705920785	0.9765096657456463	0.9763099192681054	0.9829133583118883	0.977644297450498	0.9806215732818261	0.9829311959191372	0.9788414037922601	0.9817065581922013
0.9829913722995458	0.9783155922178988	0.9887623691870684	0.9768435514266729	0.9881852176817072	1.0	0.9711596683744187	0.972734907736437	0.9720086848463426	0.9911176452305399	0.9823552324897962	0.9744779728368267	0.9751817804858304	0.9716824880116567	0.9798772671765477	0.9708624531377527	0.9732955758341262	0.9816530695313536	0.9802925022075709	0.9741646297786976	0.9716262032911106	0.9758520636367904	0.9736298955706166	0.9821473367557423	0.9817214972467803	0.9845819766586653	0.9679087398086502	0.9946836808685445	0.9821221982578173	0.9744784209651864	0.9820136973428285	0.9927209453877641	0.9731822803591548	0.9799732870151409	0.9777118303197028	0.9766156283856887	0.9842748804021821	0.9782867784068541	0.9810118934446361	0.9818545589737065	0.9776545648038139	0.981737666365397
0.963624409778146	0.9637655246493472	0.9696847502924112	0.950518669665609	0.9712057791646972	0.9711596683744187	1.0	0.9465608922317931	0.9585053532859465	0.9690819893556164	0.9653919007086182	0.9622538107501646	0.958603764423123	0.9567345401641367	0.9623497834645031	0.9520685549861863	0.9489270771562262	0.9619120928783298	0.956494798804473	0.9543814981205496	0.9508456567661502	0.952274463586804	0.9495706835383819	0.9645720449870383	0.9631433345820585	0.964746903918276	0.9529918743849316	0.9715324256424797	0.9645535706731362	0.9467524352403484	0.9648254428425178	0.9714921231822962	0.9472030614298576	0.9614013952579202	0.960771944843458	0.9496564004752559	0.9631571675126096	0.9613265011705141	0.9640225686842866	0.9634723450423213	0.9582077750267823	0.9634581066741088
0.9726053933499074	0.9654759729623481	0.9705702819533722	0.9834581449382587	0.9738471533239033	0.972734907736437	0.9465608922317931	1.0	0.9543678420867836	0.9708630213065279	0.9720040686782987	0.9506634008910867	0.9623532619336094	0.9534908977338915	0.9678843016755984	0.9560723283132999	0.9807719220146025	0.9716452243246003	0.9788001102583742	0.9720947848010523	0.9715764005446481	0.9813326630194045	0.9816788957289921	0.9713931402301035	0.9712728829656011	0.974620483585063	0.9498417230676569	0.9741213825890791	0.9687485066182197	0.9862335599601083	0.9715011706604854	0.9640241092601914	0.9805922467266601	0.9670013845796931	0.9627028984074151	0.98484299291802	0.9748323477914953	0.9640974270366304	0.9734405576781714	0.970405705857067	0.9733149699878922	0.9698189926674172
0.974999445899968	0.9807274615520238	0.9709839961695802	0.9640690228772225	0.9736388017102029	0.9720086848463426	0.9585053532859465	0.9543678420867836	1.0	0.9711313429096639	0.9874758148478603	0.9838635158768697	0.9787995950062116	0.9782971630877538	0.9840192926998776	0.9627445756680214	0.9691528211232044	0.973388103551335	0.9678944010569384	0.9764035420817211	0.9568334802896954	0.970908730882796	0.9686617099933272	0.9871055873295047	0.9827568546408922	0.9762772784229751	0.9753228425891409	0.9726602071453668	0.9841249655840633	0.9603098870864969	0.9873681394079539	0.9707228649414216	0.9703905966926798	0.9723948574176775	0.9805442405543578	0.9625949037472286	0.974651939773114	0.9815542665290401	0.9698357939265483	0.9866577374264452	0.9801151179163283	0.9847970786160289
0.9821355185015476	0.9771878729523741	0.9835314496525813	0.9759299859700897	0.9858094969290672	0.9911176452305399	0.9690819893556164	0.9708630213065279	0.9711313429096639	1.0	0.9808078390091685	0.9736610966535294	0.973083258338938	0.9697662626606348	0.9785383355005144	0.9696665402737256	0.971944762310429	0.98106741075821	0.9786301638910887	0.9738329633686383	0.9695531985758294	0.9733594182384091	0.9734534919678014	0.9803146943815143	0.9810448857206542	0.983403234249287	0.9661016697533943	0.9943374401216443	0.9787891894330342	0.9726907453770034	0.9809101552824573	0.9885562605168352	0.9715887426880603	0.9790966835828105	0.9750182253457947	0.9753856593947982	0.9824966291516167	0.9769619909471623	0.9789231312864576	0.9804689980460876	0.9760399672917927	0.979766794060823
0.9860225192785382	0.9886424799426748	0.9813472905791065	0.9798294021736078	0.9838642210459355	0.9823552324897962	0.9653919007086182	0.9720040686782987	0.9874758148478603	0.9808078390091685	1.0	0.9918493273123357	0.989960837165925	0.9858412508960467	0.9955513411019629	0.9728765887655649	0.9857440019818083	0.9853246326738541	0.9824117931579205	0.9892455917553867	0.9716989197443688	0.9884811296533575	0.9858641304985217	0.9984230416966459	0.9937845958846039	0.9874736593663707	0.9841811634908869	0.9828812292010216	0.9948606040663183	0.978510764340594	0.9989168467302943	0.9795329297330352	0.9857027534806442	0.9822011571804897	0.9901004128989559	0.9801412080981192	0.9858245282898034	0.9897939992282416	0.9798862694681508	0.9970390041662494	0.993576580714238	0.9958462842682259
0.9775511163439563	0.9845448128007073	0.9732185493128908	0.9635762471810226	0.9763867834006145	0.9744779728368267	0.9622538107501646	0.9506634008910867	0.9838635158768697	0.9736610966535294	0.9918493273123357	1.0	0.982238989495784	0.9831169897557696	0.9881266221480143	0.9653957002022697	0.9683203876262674	0.9762695196657447	0.9700965008106792	0.9818404598666524	0.9587411570303259	0.9724795683212968	0.9670522073434025	0.9911757467050049	0.9861454576640777	0.9790560843678964	0.9793005376743308	0.9753025129942818	0.9879006422000981	0.957902634637697	0.9916960956784585	0.9781465663299783	0.9672140160808973	0.9752753236092233	0.98404464557288	0.9623152168684337	0.9777008492509401	0.9855631478290391	0.9731368835606844	0.9892931564077823	0.9844346498611665	0.9884572182867397
0.9787917064504076	0.9812832392694475	0.9739447772605383	0.97118590243465	0.9754362285494641	0.9751817804858304	0.958603764423123	0.9623532619336094	0.9787995950062116	0.973083258338938	0.989960837165925	0.982238989495784	1.0	0.9782368424561318	0.9869593355522503	0.9679315618189177	0.9767077870457579	0.9778557766865124	0.9746244250544872	0.9808997026611652	0.9671586951166443	0.9780106057266758	0.977621525346749	0.9893362586224367	0.985997319628872	0.980179309224124	0.9771520851407444	0.9755639777681437	0.9877442676875955	0.969218293335008	0.9896981546519987	0.9720058041539767	0.975792969023514	0.9756011194426916	0.9828501471190362	0.9712183877620718	0.9783572892676494	0.9818600483870401	0.9726369037905992	0.9894783212846154	0.9845100557339105	0.9887777881219716
0.9722315870315282	0.9791571714857812	0.9701216091610321	0.9614444359688833	0.9713926045801586	0.9716824880116567	0.9567345401641367	0.9534908977338915	0.9782971630877538	0.9697662626606348	0.9858412508960467	0.9831169897557696	0.9782368424561318	1.0	0.982685623215542	0.9595499774050812	0.9667051102290307	0.9714808717251492	0.9660921195193363	0.9773817280856532	0.9554192049802688	0.971331950872671	0.9678426287585885	0.9856016242838945	0.981298207115476	0.9739885885384936	0.9740565222465047	0.97097936806059	0.9842505137553628	0.9575085134328986	0.9855333598711323	0.9699875498215573	0.9713368864715206	0.9694172937018168	0.9794785383073116	0.9606540943270103	0.9732272768219535	0.9806503877026546	0.9688368668227366	0.9860660240793443	0.9786680076799128	0.9844365855756411
0.9829763837401254	0.9852741311235448	0.9792307496287607	0.9761268245399518	0.9814771643137202	0.9798772671765477	0.9623497834645031	0.9678843016755984	0.9840192926998776	0.9785383355005144	0.9955513411019629	0.9881266221480143	0.9869593355522503	0.982685623215542	1.0	0.9709339421172881	0.9812017662355295	0.9822332159903163	0.9791258586629098	0.9854724986736494	0.9689449202144008	0.9835825486729486	0.9814967854116433	0.9946481765656113	0.990786649043428	0.9841322193326032	0.9810774669844616	0.9804739215641088	0.9912475869976738	0.9742612188940467	0.995194211046063	0.9768481351283349	0.9816683527101127	0.9793935429331593	0.9867360881456004	0.9760756411975603	0.9822683770661017	0.9863055327122666	0.9770694882287413	0.9936461724081214	0.9893838660855855	0.9924513361211934
0.9818587518497943	0.9661424528508701	0.9693435310858133	0.9692931299513922	0.9694973875565944	0.9708624531377527	0.9520685549861863	0.9560723283132999	0.9627445756680214	0.9696665402737256	0.9728765887655649	0.9653957002022697	0.9679315618189177	0.9595499774050812	0.9709339421172881	1.0	0.9616018974953582	0.9807247183294455	0.9772568042970554	0.9624251415974543	0.9586776113953599	0.9613566186897988	0.9604953696832303	0.9722343515454892	0.9749939190341818	0.982960330237902	0.9590105611743827	0.9712261414170564	0.9702884055632279	0.9675964957951416	0.9727352521341418	0.9673754177994783	0.9596748151195166	0.9793125271038706	0.9668628877940576	0.9701948094499578	0.980772281396996	0.967248911084144	0.9679295422726056	0.9716471863930153	0.9669692757912492	0.9722394308550154
0.9782056234821269	0.976297328068144	0.9721422619668789	0.9870498980016065	0.9741974064109357	0.9732955758341262	0.9489270771562262	0.9807719220146025	0.9691528211232044	0.971944762310429	0.9857440019818083	0.9683203876262674	0.9767077870457579	0.9667051102290307	0.9812017662355295	0.9616018974953582	1.0	0.9773765520901764	0.9842897824314242	0.9856704559112239	0.9744499273441395	0.9934850107737574	0.9937692764823437	0.9849120089231126	0.9826394242118973	0.9814764623422109	0.9657013804143444	0.9736764536171342	0.9821468308724975	0.9883243966517514	0.985000367919984	0.9652716910980659	0.9925853736342994	0.9742629002351679	0.9755935500005704	0.9887161396892866	0.9811550284700895	0.9762179163788126	0.9712695314483915	0.9844805621044005	0.9882119685287009	0.984075256870252
0.9931592873725447	0.977965949969583	0.9798181530725942	0.9840485997502142	0.9812294469661558	0.9816530695313536	0.9619120928783298	0.9716452243246003	0.973388103551335	0.98106741075821	0.9853246326738541	0.9762695196657447	0.9778557766865124	0.9714808717251492	0.9822332159903163	0.9807247183294455	0.9773765520901764	1.0	0.9909385775409408	0.9761661935303554	0.9717864547589721	0.9766943189861776	0.9763074582046547	0.9845355351347509	0.9883220467584357	0.9945349917690673	0.9695594682467841	0.9823534683316357	0.9820629770873256	0.9826020961330524	0.9855108802846181	0.9774480238754308	0.9748827453219534	0.9904204537430397	0.9779492596860277	0.9856227564801242	0.9924214850925733	0.9798361441781855	0.9792856556165254	0.9840113800784503	0.9804870561114488	0.9837178592359265
0.9922326203259639	0.9741698764948525	0.9783794714259217	0.9920478516330914	0.9795929576351535	0.9802925022075709	0.956494798804473	0.9788001102583742	0.9678944010569384	0.9786301638910887	0.9824117931579205	0.9700965008106792	0.9746244250544872	0.9660921195193363	0.9791258586629098	0.9772568042970554	0.9842897824314242	0.9909385775409408	1.0	0.9819240813954728	0.976222978539239	0.9833395175902677	0.9832444244943987	0.9818534983303234	0.9856789351160263	0.9937803181700176	0.9643706239060927	0.9806098582547413	0.9793778651091615	0.9913382904683871	0.9821934235909866	0.9746020564040976	0.981427311855355	0.988186698477357	0.9738643621448548	0.9925020107214353	0.9921251553237919	0.9767617207412982	0.9780351084846598	0.9810110067544149	0.9840931597418173	0.9817554229896973
0.9770889365824064	0.9812554537096161	0.972695957726875	0.980754463525324	0.9758070691425066	0.9741646297786976	0.9543814981205496	0.9720947848010523	0.9764035420817211	0.9738329633686383	0.9892455917553867	0.9818404598666524	0.9808997026611652	0.9773817280856532	0.9854724986736494	0.9624251415974543	0.9856704559112239	0.9761661935303554	0.9819240813954728	1.0	0.9704949880668609	0.9874855823894497	0.9858294161923811	0.9884716728700556	0.9847169025393369	0.9790364192756331	0.973584006047217	0.9749554344814311	0.9868710730020445	0.9776946167709444	0.9889427059229013	0.9715935553310622	0.9857940123756407	0.9738918111829912	0.9803100487899162	0.9796932498541558	0.9775141847216386	0.9818330346006899	0.9730453070659145	0.9908599059402047	0.9903856222357315	0.9878569471483449
0.9724175564466753	0.9645145349877147	0.9713446935232752	0.9765251169532293	0.9733450979560802	0.9716262032911106	0.9508456567661502	0.9715764005446481	0.9568334802896954	0.9695531985758294	0.9716989197443688	0.9587411570303259	0.9671586951166443	0.9554192049802688	0.9689449202144008	0.9586776113953599	0.9744499273441395	0.9717864547589721	0.976222978539239	0.9704949880668609	1.0	0.9733247139506849	0.9755552534271283	0.9714792692271457	0.9715093840527047	0.973912731299237	0.9557088953114048	0.9722886861638402	0.9692488526762918	0.975061654579147	0.9712740545785556	0.9667543813823466	0.9721604232638394	0.968190587766555	0.9633766923820256	0.976110964595047	0.9723769584049702	0.9621694150919121	0.9700180537945464	0.9695275200496327	0.9725481254116263	0.9703874573012582
0.9778091815475141	0.9771006342678378	0.9746119959983406	0.9868652103079604	0.9743179236380991	0.9758520636367904	0.952274463586804	0.9813326630194045	0.970908730882796	0.9733594182384091	0.9884811296533575	0.9724795683212968	0.9780106057266758	0.971331950872671	0.9835825486729486	0.9613566186897988	0.9934850107737574	0.9766943189861776	0.9833395175902677	0.9874855823894497	0.9733247139506849	1.0	0.9946733496419543	0.9879272263672598	0.9835329978249596	0.9798397324784142	0.9691877598534869	0.9756700699697594	0.986510694384028	0.9876798949819868	0.9877664906692528	0.9707327688532282	0.9943025267107539	0.9728145755628437	0.9797633158673756	0.9886583538545266	0.9794063115617454	0.9777727823543062	0.9731360658438689	0.9860063655048567	0.9891955776203569	0.9858219401530567
0.9771190403988025	0.9760969604508964	0.9723408044085219	0.9875655288076044	0.9742311192751022	0.9736298955706166	0.9495706835383819	0.9816788957289921	0.9686617099933272	0.9734534919678014	0.9858641304985217	0.9670522073434025	0.977621525346749	0.9678426287585885	0.9814967854116433	0.9604953696832303	0.9937692764823437	0.9763074582046547	0.9832444244943987	0.9858294161923811	0.9755552534271283	0.9946733496419543	1.0	0.9852130603474338	0.9824137596496169	0.9794367550525092	0.965747064485941	0.9766702248637475	0.9830098301177963	0.9880318688568237	0.9851649308214292	0.9663819933669696	0.9944250154887864	0.9723087150211798	0.9757762837149627	0.9886430181946995	0.9793226370087005	0.9760194596045604	0.9721675479406781	0.9845198246893214	0.9876453261922341	0.9841829025871316
0.9856020652895892	0.9881761180879218	0.9808488712640578	0.9797656427956905	0.9830268508050479	0.9821473367557423	0.9645720449870383	0.9713931402301035	0.9871055873295047	0.9803146943815143	0.9984230416966459	0.9911757467050049	0.9893362586224367	0.9856016242838945	0.9946481765656113	0.9722343515454892	0.9849120089231126	0.9845355351347509	0.9818534983303234	0.9884716728700556	0.9714792692271457	0.9879272263672598	0.9852130603474338	1.0	0.9931909405372298	0.9865930891051017	0.9838119533941871	0.9824157905494886	0.9943704112815219	0.977866638078187	0.9983525545640339	0.9789474409702864	0.9854267316861065	0.981913338470979	0.9892339212988922	0.9795562443445232	0.9853222913980785	0.9891936859317443	0.9793340032042299	0.9968838568332639	0.9928185556684749	0.9959248769003046
0.9882061858845299	0.9853559948846928	0.9802905374876726	0.9807278022207891	0.9825216589118737	0.9817214972467803	0.9631433345820585	0.9712728829656011	0.9827568546408922	0.9810448857206542	0.9937845958846039	0.9861454576640777	0.985997319628872	0.981298207115476	0.990786649043428	0.9749939190341818	0.9826394242118973	0.9883220467584357	0.9856789351160263	0.9847169025393369	0.9715093840527047	0.9835329978249596	0.9824137596496169	0.9931909405372298	1.0	0.989367983849668	0.9794398437943516	0.9825959997029975	0.9902481481664374	0.9796471735667568	0.9939518709663319	0.977914660736805	0.9820006653172246	0.9856291684945117	0.9853620191946371	0.9823241202537067	0.9885302487099928	0.9873516855870784	0.9792944173351862	0.9926328315825109	0.9889398801168352	0.9917821186092785
0.9963481804739266	0.9806818648430794	0.9823218322997146	0.9881558586089156	0.9837584104924869	0.9845819766586653	0.964746903918276	0.974620483585063	0.9762772784229751	0.983403234249287	0.9874736593663707	0.9790560843678964	0.980179309224124	0.9739885885384936	0.9841322193326032	0.982960330237902	0.9814764623422109	0.9945349917690673	0.9937803181700176	0.9790364192756331	0.973912731299237	0.9798397324784142	0.9794367550525092	0.9865930891051017	0.989367983849668	1.0	0.9712893104693674	0.9846627489815477	0.9847130260481867	0.9869590304419726	0.9870318400081116	0.980339932606972	0.9779321979281589	0.9928448200127268	0.9801095853398084	0.9890053384010408	0.9964076992237187	0.9819469210593555	0.9820364872262604	0.9864119017284799	0.983233236457892	0.9863519933901169
0.9705579595374957	0.9753563758360481	0.9665993734876833	0.9598849072625535	0.9682626374518732	0.9679087398086502	0.9529918743849316	0.9498417230676569	0.9753228425891409	0.9661016697533943	0.9841811634908869	0.9793005376743308	0.9771520851407444	0.9740565222465047	0.9810774669844616	0.9590105611743827	0.9657013804143444	0.9695594682467841	0.9643706239060927	0.973584006047217	0.9557088953114048	0.9691877598534869	0.965747064485941	0.9838119533941871	0.9794398437943516	0.9712893104693674	1.0	0.9679931665938724	0.9815686087309735	0.9568707001686307	0.9839691629116744	0.9664512325774621	0.9656806299136126	0.967568924648537	0.9761423763952118	0.9591876455172993	0.9691004766741724	0.976212351067019	0.9650690716396684	0.9828469175385744	0.9774986858441314	0.9816658502840823
0.9836062838698554	0.9787915584240258	0.9870367843634381	0.9773604169811	0.9886751077670304	0.9946836808685445	0.9715324256424797	0.9741213825890791	0.9726602071453668	0.9943374401216443	0.9828812292010216	0.9753025129942818	0.9755639777681437	0.97097936806059	0.9804739215641088	0.9712261414170564	0.9736764536171342	0.9823534683316357	0.9806098582547413	0.9749554344814311	0.9722886861638402	0.9756700699697594	0.9766702248637475	0.9824157905494886	0.9825959997029975	0.9846627489815477	0.9679931665938724	1.0	0.9811853694069803	0.9745457184196321	0.9830762373248205	0.9911550909867392	0.9739259684220489	0.9801717946868916	0.9772599706714042	0.9771406895545952	0.9834168748975378	0.9787616752623645	0.9805422992759865	0.9818721050419985	0.9782823291093856	0.9823935237205522
0.9829468637614217	0.9872509062172752	0.9808671432230438	0.9766119932107254	0.9799962556559125	0.9821221982578173	0.9645535706731362	0.9687485066182197	0.9841249655840633	0.9787891894330342	0.9948606040663183	0.9879006422000981	0.9877442676875955	0.9842505137553628	0.9912475869976738	0.9702884055632279	0.9821468308724975	0.9820629770873256	0.9793778651091615	0.9868710730020445	0.9692488526762918	0.986510694384028	0.9830098301177963	0.9943704112815219	0.9902481481664374	0.9847130260481867	0.9815686087309735	0.9811853694069803	1.0	0.9750174279636542	0.994649962659871	0.9807179369897023	0.9823863033549695	0.9798075338638822	0.9892544072700266	0.9769867119882018	0.9830988563185419	0.9876795971160242	0.9783346294844993	0.9941078397309598	0.9891850284708712	0.993496630898688
0.9849359982810257	0.9683537162453003	0.9731623934527234	0.9939881484551389	0.9748984296376075	0.9744784209651864	0.9467524352403484	0.9862335599601083	0.9603098870864969	0.9726907453770034	0.978510764340594	0.957902634637697	0.969218293335008	0.9575085134328986	0.9742612188940467	0.9675964957951416	0.9883243966517514	0.9826020961330524	0.9913382904683871	0.9776946167709444	0.975061654579147	0.9876798949819868	0.9880318688568237	0.977866638078187	0.9796471735667568	0.9869590304419726	0.9568707001686307	0.9745457184196321	0.9750174279636542	1.0	0.9777016052676544	0.9655155459301401	0.9857348842250224	0.978635291808112	0.9683410225368178	0.9969455904743044	0.9870305394868097	0.9692218243263933	0.9726743346441066	0.9759721724735976	0.980498966609257	0.9769131145032792
0.9858709982539848	0.9887792696544322	0.9810882531709106	0.9797388819687897	0.9836686198536657	0.9820136973428285	0.9648254428425178	0.9715011706604854	0.9873681394079539	0.9809101552824573	0.9989168467302943	0.9916960956784585	0.9896981546519987	0.9855333598711323	0.995194211046063	0.9727352521341418	0.985000367919984	0.9855108802846181	0.9821934235909866	0.9889427059229013	0.9712740545785556	0.9877664906692528	0.9851649308214292	0.9983525545640339	0.9939518709663319	0.9870318400081116	0.9839691629116744	0.9830762373248205	0.994649962659871	0.9777016052676544	1.0	0.979628809817809	0.9856109075125764	0.9821547653956639	0.9896353979306819	0.980475064387525	0.9853101357834095	0.9895225869819733	0.9795447339320246	0.9966723575253311	0.9932941368455249	0.9957612763286571
0.9791923737083649	0.975786365029549	0.9845722660301918	0.9699595117128164	0.9850279750025959	0.9927209453877641	0.9714921231822962	0.9640241092601914	0.9707228649414216	0.9885562605168352	0.9795329297330352	0.9781465663299783	0.9720058041539767	0.9699875498215573	0.9768481351283349	0.9673754177994783	0.9652716910980659	0.9774480238754308	0.9746020564040976	0.9715935553310622	0.9667543813823466	0.9707327688532282	0.9663819933669696	0.9789474409702864	0.977914660736805	0.980339932606972	0.9664512325774621	0.9911550909867392	0.9807179369897023	0.9655155459301401	0.979628809817809	1.0	0.966416904316912	0.9763831067861647	0.9766255007803247	0.9689000697189895	0.9789854855007626	0.975099480214691	0.9775728581665063	0.9771606029048567	0.9735161481006789	0.9780985502829702
0.975888051944069	0.9763858424391483	0.9726146388107164	0.9860401369821101	0.9745519838319142	0.9731822803591548	0.9472030614298576	0.9805922467266601	0.9703905966926798	0.9715887426880603	0.9857027534806442	0.9672140160808973	0.975792969023514	0.9713368864715206	0.9816683527101127	0.9596748151195166	0.9925853736342994	0.9748827453219534	0.981427311855355	0.9857940123756407	0.9721604232638394	0.9943025267107539	0.9944250154887864	0.9854267316861065	0.9820006653172246	0.9779321979281589	0.9656806299136126	0.9739259684220489	0.9823863033549695	0.9857348842250224	0.9856109075125764	0.966416904316912	1.0	0.97143227245049	0.9754328814449044	0.986891890909966	0.9774787157049801	0.9763576694788847	0.9716900606590086	0.9845467347442887	0.9874534620361188	0.9830785395306706
0.9911732214308293	0.9766685271162697	0.9779806423192633	0.9804521736500086	0.9793052705920785	0.9799732870151409	0.9614013952579202	0.9670013845796931	0.9723948574176775	0.9790966835828105	0.9822011571804897	0.9752753236092233	0.9756011194426916	0.9694172937018168	0.9793935429331593	0.9793125271038706	0.9742629002351679	0.9904204537430397	0.988186698477357	0.9738918111829912	0.968190587766555	0.9728145755628437	0.9723087150211798	0.981913338470979	0.9856291684945117	0.9928448200127268	0.967568924648537	0.9801717946868916	0.9798075338638822	0.978635291808112	0.9821547653956639	0.9763831067861647	0.97143227245049	1.0	0.9751469174593423	0.9812628353989766	0.9910373377529507	0.9791025321812088	0.9772497102138562	0.9814602120028864	0.9773672619367909	0.9815453223282236
0.9788847130589982	0.9830162380419517	0.9766911735869264	0.9699957680851568	0.9765096657456463	0.9777118303197028	0.960771944843458	0.9627028984074151	0.9805442405543578	0.9750182253457947	0.9901004128989559	0.98404464557288	0.9828501471190362	0.9794785383073116	0.9867360881456004	0.9668628877940576	0.9755935500005704	0.9779492596860277	0.9738643621448548	0.9803100487899162	0.9633766923820256	0.9797633158673756	0.9757762837149627	0.9892339212988922	0.9853620191946371	0.9801095853398084	0.9761423763952118	0.9772599706714042	0.9892544072700266	0.9683410225368178	0.9896353979306819	0.9766255007803247	0.9754328814449044	0.9751469174593423	1.0	0.9706949323229949	0.9785200895076642	0.9833319894965998	0.9744725175233224	0.9893253915448335	0.9838242375312073	0.9884505264746353
0.9871277583422688	0.9712968474040365	0.9747734067207955	0.9950203781109761	0.9763099192681054	0.9766156283856887	0.9496564004752559	0.98484299291802	0.9625949037472286	0.9753856593947982	0.9801412080981192	0.9623152168684337	0.9712183877620718	0.9606540943270103	0.9760756411975603	0.9701948094499578	0.9887161396892866	0.9856227564801242	0.9925020107214353	0.9796932498541558	0.976110964595047	0.9886583538545266	0.9886430181946995	0.9795562443445232	0.9823241202537067	0.9890053384010408	0.9591876455172993	0.9771406895545952	0.9769867119882018	0.9969455904743044	0.980475064387525	0.9689000697189895	0.986891890909966	0.9812628353989766	0.9706949323229949	1.0	0.9887636458044945	0.9714677715897916	0.9744138178786984	0.9779556314482728	0.9818235457324438	0.9786915251681103
0.9942161965605085	0.9799062547487538	0.9811663423756513	0.9879198302919523	0.9829133583118883	0.9842748804021821	0.9631571675126096	0.9748323477914953	0.974651939773114	0.9824966291516167	0.9858245282898034	0.9777008492509401	0.9783572892676494	0.9732272768219535	0.9822683770661017	0.980772281396996	0.9811550284700895	0.9924214850925733	0.9921251553237919	0.9775141847216386	0.9723769584049702	0.9794063115617454	0.9793226370087005	0.9853222913980785	0.9885302487099928	0.9964076992237187	0.9691004766741724	0.9834168748975378	0.9830988563185419	0.9870305394868097	0.9853101357834095	0.9789854855007626	0.9774787157049801	0.9910373377529507	0.9785200895076642	0.9887636458044945	1.0	0.9812399565692431	0.9800994195058879	0.9851419176854607	0.9823620371817905	0.9852210952258191
0.9798380940706805	0.9849794911777182	0.9763369934502965	0.9716518758429902	0.977644297450498	0.9782867784068541	0.9613265011705141	0.9640974270366304	0.9815542665290401	0.9769619909471623	0.9897939992282416	0.9855631478290391	0.9818600483870401	0.9806503877026546	0.9863055327122666	0.967248911084144	0.9762179163788126	0.9798361441781855	0.9767617207412982	0.9818330346006899	0.9621694150919121	0.9777727823543062	0.9760194596045604	0.9891936859317443	0.9873516855870784	0.9819469210593555	0.976212351067019	0.9787616752623645	0.9876795971160242	0.9692218243263933	0.9895225869819733	0.975099480214691	0.9763576694788847	0.9791025321812088	0.9833319894965998	0.9714677715897916	0.9812399565692431	1.0	0.9743143675184283	0.9896749130691956	0.9838557380536912	0.9884842795382593
0.9802326911452399	0.9756841954796894	0.9786214970473047	0.974574327486834	0.9806215732818261	0.9810118934446361	0.9640225686842866	0.9734405576781714	0.9698357939265483	0.9789231312864576	0.9798862694681508	0.9731368835606844	0.9726369037905992	0.9688368668227366	0.9770694882287413	0.9679295422726056	0.9712695314483915	0.9792856556165254	0.9780351084846598	0.9730453070659145	0.9700180537945464	0.9731360658438689	0.9721675479406781	0.9793340032042299	0.9792944173351862	0.9820364872262604	0.9650690716396684	0.9805422992759865	0.9783346294844993	0.9726743346441066	0.9795447339320246	0.9775728581665063	0.9716900606590086	0.9772497102138562	0.9744725175233224	0.9744138178786984	0.9800994195058879	0.9743143675184283	1.0	0.9792612276679352	0.9753542433516591	0.978843092011366
0.9848625070891107	0.9891969168238601	0.980221983435485	0.9784106397642388	0.9829311959191372	0.9818545589737065	0.9634723450423213	0.970405705857067	0.9866577374264452	0.9804689980460876	0.9970390041662494	0.9892931564077823	0.9894783212846154	0.9860660240793443	0.9936461724081214	0.9716471863930153	0.9844805621044005	0.9840113800784503	0.9810110067544149	0.9908599059402047	0.9695275200496327	0.9860063655048567	0.9845198246893214	0.9968838568332639	0.9926328315825109	0.9864119017284799	0.9828469175385744	0.9818721050419985	0.9941078397309598	0.9759721724735976	0.9966723575253311	0.9771606029048567	0.9845467347442887	0.9814602120028864	0.9893253915448335	0.9779556314482728	0.9851419176854607	0.9896749130691956	0.9792612276679352	1.0	0.9920095092572301	0.9957372743439055
0.9813290647863164	0.9829985526449634	0.9763776151028561	0.9817940740726109	0.9788414037922601	0.9776545648038139	0.9582077750267823	0.9733149699878922	0.9801151179163283	0.9760399672917927	0.993576580714238	0.9844346498611665	0.9845100557339105	0.9786680076799128	0.9893838660855855	0.9669692757912492	0.9882119685287009	0.9804870561114488	0.9840931597418173	0.9903856222357315	0.9725481254116263	0.9891955776203569	0.9876453261922341	0.9928185556684749	0.9889398801168352	0.983233236457892	0.9774986858441314	0.9782823291093856	0.9891850284708712	0.980498966609257	0.9932941368455249	0.9735161481006789	0.9874534620361188	0.9773672619367909	0.9838242375312073	0.9818235457324438	0.9823620371817905	0.9838557380536912	0.9753542433516591	0.9920095092572301	1.0	0.9905933246242997
0.9849309961248183	0.987402889391301	0.9804336884520316	0.9785445141181415	0.9817065581922013	0.981737666365397	0.9634581066741088	0.9698189926674172	0.9847970786160289	0.979766794060823	0.9958462842682259	0.9884572182867397	0.9887777881219716	0.9844365855756411	0.9924513361211934	0.9722394308550154	0.984075256870252	0.9837178592359265	0.9817554229896973	0.9878569471483449	0.9703874573012582	0.9858219401530567	0.9841829025871316	0.9959248769003046	0.9917821186092785	0.9863519933901169	0.9816658502840823	0.9823935237205522	0.993496630898688	0.9769131145032792	0.9957612763286571	0.9780985502829702	0.9830785395306706	0.9815453223282236	0.9884505264746353	0.9786915251681103	0.9852210952258191	0.9884842795382593	0.978843092011366	0.9957372743439055	0.9905933246242997	1.0
