/home/jshaw/scratch/2022_sketched_distance/references/SGB_genome_fastas_part5/15085/Bengtsson-PalmeJ_2015__TRAVELRES48__bin.29.fa	/home/jshaw/scratch/2022_sketched_distance/references/SGB_genome_fastas_part5/15085/BritoIL_2016__M1.1.ST__bin.41.fa	/home/jshaw/scratch/2022_sketched_distance/references/SGB_genome_fastas_part5/15085/BritoIL_2016__M1.22.ST__bin.28.fa	/home/jshaw/scratch/2022_sketched_distance/references/SGB_genome_fastas_part5/15085/BritoIL_2016__M1.48.ST__bin.71.fa	/home/jshaw/scratch/2022_sketched_distance/references/SGB_genome_fastas_part5/15085/BritoIL_2016__M1.59.ST__bin.76.fa	/home/jshaw/scratch/2022_sketched_distance/references/SGB_genome_fastas_part5/15085/BritoIL_2016__M2.37.ST__bin.52.fa	/home/jshaw/scratch/2022_sketched_distance/references/SGB_genome_fastas_part5/15085/BritoIL_2016__M2.40.ST__bin.87.fa	/home/jshaw/scratch/2022_sketched_distance/references/SGB_genome_fastas_part5/15085/BritoIL_2016__M2.50.ST__bin.12.fa	/home/jshaw/scratch/2022_sketched_distance/references/SGB_genome_fastas_part5/15085/BritoIL_2016__W1.18.ST__bin.80.fa	/home/jshaw/scratch/2022_sketched_distance/references/SGB_genome_fastas_part5/15085/BritoIL_2016__W2.59.ST__bin.17.fa	/home/jshaw/scratch/2022_sketched_distance/references/SGB_genome_fastas_part5/15085/CM_madagascar__A73_01_1FE__bin.1.fa	/home/jshaw/scratch/2022_sketched_distance/references/SGB_genome_fastas_part5/15085/CosteaPI_2017__SID713A045-11-90-0__bin.3.fa	/home/jshaw/scratch/2022_sketched_distance/references/SGB_genome_fastas_part5/15085/CosteaPI_2017__SID713A058-11-90-0__bin.32.fa	/home/jshaw/scratch/2022_sketched_distance/references/SGB_genome_fastas_part5/15085/CosteaPI_2017__SID713A073-11-0-0__bin.1.fa	/home/jshaw/scratch/2022_sketched_distance/references/SGB_genome_fastas_part5/15085/CosteaPI_2017__SID713A073-11-90-0__bin.30.fa	/home/jshaw/scratch/2022_sketched_distance/references/SGB_genome_fastas_part5/15085/CosteaPI_2017__SID713B016-11-90-0__bin.11.fa	/home/jshaw/scratch/2022_sketched_distance/references/SGB_genome_fastas_part5/15085/KarlssonFH_2013__S144__bin.41.fa	/home/jshaw/scratch/2022_sketched_distance/references/SGB_genome_fastas_part5/15085/LeChatelierE_2013__MH0200__bin.5.fa	/home/jshaw/scratch/2022_sketched_distance/references/SGB_genome_fastas_part5/15085/LiJ_2014__MH0245__bin.25.fa	/home/jshaw/scratch/2022_sketched_distance/references/SGB_genome_fastas_part5/15085/LiJ_2014__V1.FI14__bin.38.fa	/home/jshaw/scratch/2022_sketched_distance/references/SGB_genome_fastas_part5/15085/LiSS_2016__FAT_008-22-42-0__bin.15.fa	/home/jshaw/scratch/2022_sketched_distance/references/SGB_genome_fastas_part5/15085/LiuW_2016__SRR3992983__bin.32.fa	/home/jshaw/scratch/2022_sketched_distance/references/SGB_genome_fastas_part5/15085/NielsenHB_2014__V1_UC9_0__bin.13.fa	/home/jshaw/scratch/2022_sketched_distance/references/SGB_genome_fastas_part5/15085/QinJ_2012__T2D-099__bin.10.fa	/home/jshaw/scratch/2022_sketched_distance/references/SGB_genome_fastas_part5/15085/RaymondF_2016__P7C0__bin.13.fa	/home/jshaw/scratch/2022_sketched_distance/references/SGB_genome_fastas_part5/15085/RaymondF_2016__P7C7__bin.83.fa	/home/jshaw/scratch/2022_sketched_distance/references/SGB_genome_fastas_part5/15085/RaymondF_2016__P7C90__bin.37.fa	/home/jshaw/scratch/2022_sketched_distance/references/SGB_genome_fastas_part5/15085/XieH_2016__YSZC12003_36474__bin.114.fa	/home/jshaw/scratch/2022_sketched_distance/references/SGB_genome_fastas_part5/15085/XieH_2016__YSZC12003_36666__bin.31.fa	/home/jshaw/scratch/2022_sketched_distance/references/SGB_genome_fastas_part5/15085/XieH_2016__YSZC12003_37322__bin.16.fa	/home/jshaw/scratch/2022_sketched_distance/references/SGB_genome_fastas_part5/15085/YuJ_2015__SZAXPI003412-1__bin.62.fa	/home/jshaw/scratch/2022_sketched_distance/references/SGB_genome_fastas_part5/15085/YuJ_2015__SZAXPI015249-37__bin.28.fa	/home/jshaw/scratch/2022_sketched_distance/references/SGB_genome_fastas_part5/15085/ZellerG_2014__CCIS07539127ST-4-0__bin.34.fa	/home/jshaw/scratch/2022_sketched_distance/references/SGB_genome_fastas_part5/15085/ZellerG_2014__CCIS41222843ST-4-0__bin.49.fa
1.0	0.977482480196652	0.9709930036979539	0.9718478061742227	0.9739161016359971	0.976249017654245	0.9696044784477251	0.9638213616772677	0.9729932851989149	0.9721503166798623	0.9716572877273252	0.9651123967185724	0.9754072271892374	0.9740378657911415	0.9725571104527485	0.9735323953482704	0.9753733782635992	0.974944229982555	0.9733195075022122	0.9745806802785829	0.9721454682602559	0.9613319947784479	0.9739161016359971	0.9700622136422246	0.9740674016176456	0.9725863362842082	0.9737014924401077	0.9737285046102123	0.9764612606801081	0.9741643965360764	0.9725780545099942	0.9759753647162128	0.9749704707591873	0.9731007339706661
0.977482480196652	1.0	0.9739904680285622	0.9753191558470728	0.989637461536939	0.9790708414863107	0.9706498029687933	0.9667662768359346	0.9768102302196038	0.9765212053977321	0.9755851946888141	0.9674123123430743	0.9787893441471093	0.9815366020382058	0.9782013005900881	0.9769297483188516	0.9795601583749853	0.9782808207250677	0.9773243765445325	0.9790583933063649	0.9750401555648645	0.9629242932822231	0.9763444402042587	0.9733782709160143	0.9793860136670698	0.9777607810741896	0.9788725321242625	0.9771731244294185	0.980352738262956	0.9770899615654807	0.977139690408088	0.9781290610386965	0.9802770448559381	0.9783278222875733
0.9709930036979539	0.9739904680285622	1.0	0.9704568042997277	0.97113690966353	0.9731772573420964	0.9718816719321075	0.9723166204045989	0.9745658104411301	0.9798690686984667	0.9700595285041744	0.9714175315143779	0.972710330103325	0.9718101945049389	0.9698823633623321	0.9719278182127596	0.9729089472984542	0.9716043547440463	0.9714477861368888	0.9733654467305485	0.9712235302712104	0.9662008369430852	0.9718108682436815	0.9692322679169384	0.9732276318735791	0.9711487564085282	0.9726410219452979	0.9721460055883102	0.9732388566913291	0.9718127707798776	0.9714982681475746	0.9730084692815554	0.9723604975155556	0.9718962583526032
0.9718478061742227	0.9753191558470728	0.9704568042997277	1.0	0.9728257678458587	0.974482958241796	0.9698508383184568	0.9650150233596836	0.9714264274986448	0.9692657888891432	0.968301109532251	0.9645825416666997	0.9725701728331967	0.9724011285095735	0.9717664867573916	0.9735380675892874	0.9725316352545765	0.9726748988344658	0.9714258327629427	0.9725362258320346	0.9710581387928366	0.9608211771735072	0.9732899384101188	0.9689328468886357	0.9725672722967524	0.9704215701986628	0.9721059192480104	0.9719661583820658	0.9736382372321208	0.9721043611090652	0.9718653822198311	0.9727739195488423	0.971829744683796	0.972109965972472
0.9739161016359971	0.989637461536939	0.97113690966353	0.9728257678458587	1.0	0.975955574399704	0.967350832562298	0.9654247293059822	0.9735900324138336	0.9716078161901845	0.9717196447754713	0.9655965705818754	0.9745516127011448	0.9752378828676029	0.973690057158733	0.9740208118331166	0.9754939684566941	0.9746830875905748	0.9734711420181541	0.9757313695321737	0.9725744188756366	0.9612711575906201	0.973431406310177	0.9698464000852621	0.9759754239990366	0.9736401277891432	0.9751909284935445	0.9733824778512127	0.975654122427382	0.9733111619737365	0.9733421624583434	0.9756132281274866	0.9752497001598358	0.9735572467159077
0.976249017654245	0.9790708414863107	0.9731772573420964	0.974482958241796	0.975955574399704	1.0	0.9697860675298303	0.967777134997644	0.974436968350044	0.9741218434332662	0.975606923845102	0.9676396048280231	0.9770624284780743	0.9768809061466235	0.974903460202161	0.9754432730825211	0.9778285480626489	0.9762465344708376	0.9755060476842957	0.9771161069410791	0.9733788969468944	0.9647585117083268	0.9754265887530393	0.9710476801762373	0.9770568468301184	0.975552913213062	0.9767629898511836	0.975594922293886	0.9790280554818669	0.9740943163578302	0.9761604235291329	0.9768980209673264	0.9764601221877259	0.9754341665605476
0.9696044784477251	0.9706498029687933	0.9718816719321075	0.9698508383184568	0.967350832562298	0.9697860675298303	1.0	0.9631376944490038	0.9686546767029417	0.9687911073618826	0.9659809327383897	0.9653400400827945	0.9704445972957455	0.9675565637667886	0.9670708937598369	0.9699573527750223	0.9690890808706422	0.9700470893345157	0.9697642593936743	0.9717411848945033	0.9705532151965452	0.9599149860385943	0.9717153466682118	0.9656824761733754	0.9682388197900117	0.9659721759519859	0.9675171770364203	0.9702594866172779	0.9695719951250353	0.9696600350393134	0.968070420947753	0.9714519855999321	0.9700431087831856	0.9697977065497132
0.9638213616772677	0.9667662768359346	0.9723166204045989	0.9650150233596836	0.9654247293059822	0.967777134997644	0.9631376944490038	1.0	0.9681513619191264	0.9732754574171509	0.9633641940751125	0.9660107254381921	0.9655177853196018	0.9650770672339692	0.9650616255187957	0.9662975130512655	0.965891931088331	0.9658248233977041	0.9653605879976251	0.967168195151237	0.966945823244245	0.9599245455030967	0.9653481204172619	0.9630510696172391	0.9654505291858339	0.9634594802657068	0.9649548606873719	0.965515991418779	0.9662441587974746	0.967388246538658	0.9646051987198223	0.9649588737316415	0.9649338087467748	0.9642063849868978
0.9729932851989149	0.9768102302196038	0.9745658104411301	0.9714264274986448	0.9735900324138336	0.974436968350044	0.9686546767029417	0.9681513619191264	1.0	0.9755030298605936	0.9725991839990348	0.969483102211022	0.9744057649550864	0.9746700203117369	0.9721417959281433	0.9737993681159224	0.9753896119555198	0.9750034102792767	0.9743598587523544	0.9754372420691108	0.9742772905080372	0.96578293752003	0.9735900324138336	0.9720591569025677	0.9749139652193338	0.973878023897527	0.9750646465518127	0.9749682951064816	0.9755850876989216	0.9744201017167538	0.973539936323801	0.9749878327800476	0.9762451261182472	0.9745779289970278
0.9721503166798623	0.9765212053977321	0.9798690686984667	0.9692657888891432	0.9716078161901845	0.9741218434332662	0.9687911073618826	0.9732754574171509	0.9755030298605936	1.0	0.9711391219464848	0.9717195454748084	0.9750576631588584	0.9740350040981826	0.9719007355874655	0.9730248659952626	0.9743154323997107	0.9732270961095772	0.9736194936307169	0.9753140235771475	0.9709441390153973	0.9641048264989711	0.9719488200369212	0.9688590822661106	0.9749897955420803	0.9731093886878269	0.9746268624186165	0.9734174482277818	0.9751508455729709	0.972038194422372	0.9727326244885264	0.9731769877218731	0.9751369415004749	0.9737303645456535
0.9716572877273252	0.9755851946888141	0.9700595285041744	0.968301109532251	0.9717196447754713	0.975606923845102	0.9659809327383897	0.9633641940751125	0.9725991839990348	0.9711391219464848	1.0	0.964649055596633	0.9723960250401861	0.974516349171028	0.9720528940455582	0.9707564679590919	0.9762339820435071	0.9731212170395416	0.9724122318401749	0.9723680144755099	0.9698417675997282	0.959548626382828	0.971915270684197	0.9694075771390652	0.9735460346495949	0.9726209733947581	0.9735422570000632	0.9719416447439271	0.9756000744905474	0.9709134824344806	0.9727059898624776	0.9743994663428529	0.9741982884548461	0.973102331729658
0.9651123967185724	0.9674123123430743	0.9714175315143779	0.9645825416666997	0.9655965705818754	0.9676396048280231	0.9653400400827945	0.9660107254381921	0.969483102211022	0.9717195454748084	0.964649055596633	1.0	0.9675956119999966	0.9641912521435254	0.9642618640707378	0.9679721835077121	0.9674421187828276	0.9662036380874066	0.9669555598087057	0.9678719714307837	0.9662788774961533	0.9608612263904625	0.9675724436696304	0.96547401834449	0.9661725357593207	0.9645155141241132	0.9656748684232833	0.9675193764002864	0.967018846322998	0.9671342992279252	0.9659992038345384	0.9682535189189212	0.9674807974871552	0.9665646895156871
0.9754072271892374	0.9787893441471093	0.972710330103325	0.9725701728331967	0.9745516127011448	0.9770624284780743	0.9704445972957455	0.9655177853196018	0.9744057649550864	0.9750576631588584	0.9723960250401861	0.9675956119999966	1.0	0.9770595534105823	0.9744057649550864	0.9772548665898089	0.9772407131892878	0.9773565876356141	0.983800910520534	0.9785240582496176	0.9766351669057699	0.9625177279068109	0.9771516514201931	0.9723583551773242	0.9770427295466585	0.9754478382341308	0.9767228631988936	0.9777063515438312	0.9773036580280425	0.977161217721067	0.9759335995686629	0.9771874146121959	0.97991931966888	0.9783118073160298
0.9740378657911415	0.9815366020382058	0.9718101945049389	0.9724011285095735	0.9752378828676029	0.9768809061466235	0.9675565637667886	0.9650770672339692	0.9746700203117369	0.9740350040981826	0.974516349171028	0.9641912521435254	0.9770595534105823	1.0	0.9931935978000095	0.9744245107239403	0.9780802114415998	0.9763455119767493	0.9764412791041461	0.9776178014147409	0.9733385826614446	0.961290281314852	0.9759441851352674	0.9705562812855129	0.9782542950546812	0.9780404174298607	0.9789286187210896	0.9768419442771744	0.9784900766321352	0.975279993788629	0.9760094191878762	0.9762136104259095	0.978648151697381	0.977125166946723
0.9725571104527485	0.9782013005900881	0.9698823633623321	0.9717664867573916	0.973690057158733	0.974903460202161	0.9670708937598369	0.9650616255187957	0.9721417959281433	0.9719007355874655	0.9720528940455582	0.9642618640707378	0.9744057649550864	0.9931935978000095	1.0	0.9727132567320868	0.9756839126884143	0.9741945168917717	0.9738767536732047	0.9749549506469307	0.9724825538418138	0.9609924033803574	0.9735900324138336	0.9693985704953114	0.9745249800947587	0.9734330831992826	0.9748997652367039	0.9736603606241794	0.9755030298605936	0.9729856166393253	0.9724121627601013	0.9741906951508038	0.9754544679572522	0.9733406705588649
0.9735323953482704	0.9769297483188516	0.9719278182127596	0.9735380675892874	0.9740208118331166	0.9754432730825211	0.9699573527750223	0.9662975130512655	0.9737993681159224	0.9730248659952626	0.9707564679590919	0.9679721835077121	0.9772548665898089	0.9744245107239403	0.9727132567320868	1.0	0.974535865782554	0.9767552406901683	0.9755512793808818	0.9779407382891856	0.9752129272708698	0.9627635109411362	0.9773368739960664	0.971038533595739	0.974481778513381	0.9728491619401061	0.9744409705912195	0.9761564626280782	0.9751529937975976	0.97711645733457	0.9739343586216044	0.9760929529366301	0.9778784274975162	0.9769975076208883
0.9753733782635992	0.9795601583749853	0.9729089472984542	0.9725316352545765	0.9754939684566941	0.9778285480626489	0.9690890808706422	0.965891931088331	0.9753896119555198	0.9743154323997107	0.9762339820435071	0.9674421187828276	0.9772407131892878	0.9780802114415998	0.9756839126884143	0.974535865782554	1.0	0.9768577786116431	0.9760751535028329	0.9763411201178366	0.9747617671303426	0.961146571607862	0.9754939684566941	0.972429340009431	0.9769253036531186	0.9758891482814566	0.9766553322844482	0.9763117651135069	0.9785619646243889	0.9760795580140978	0.9751849265152198	0.9768507333532764	0.9777024485391365	0.9768936259210341
0.974944229982555	0.9782808207250677	0.9716043547440463	0.9726748988344658	0.9746830875905748	0.9762465344708376	0.9700470893345157	0.9658248233977041	0.9750034102792767	0.9732270961095772	0.9731212170395416	0.9662036380874066	0.9773565876356141	0.9763455119767493	0.9741945168917717	0.9767552406901683	0.9768577786116431	1.0	0.9766305573655157	0.9786422542164421	0.9752023658518368	0.9612425508486975	0.9774376999209882	0.9713098771083019	0.976817494323182	0.9756955426773775	0.9768476768532675	0.9775304997039257	0.9762953069172022	0.976058427922744	0.9762262592388323	0.9772219140772724	0.979028578735991	0.9780122840489922
0.9733195075022122	0.9773243765445325	0.9714477861368888	0.9714258327629427	0.9734711420181541	0.9755060476842957	0.9697642593936743	0.9653605879976251	0.9743598587523544	0.9736194936307169	0.9724122318401749	0.9669555598087057	0.983800910520534	0.9764412791041461	0.9738767536732047	0.9755512793808818	0.9760751535028329	0.9766305573655157	1.0	0.9772510636124548	0.9751652707703525	0.9623846288447834	0.9766326650921104	0.9715055937137522	0.9759524645617984	0.9745659133632352	0.9758255648078923	0.9766602578331638	0.976050371036802	0.9762890718707496	0.9746394370152951	0.976266575586835	0.9778142286615671	0.9767822142530085
0.9745806802785829	0.9790583933063649	0.9733654467305485	0.9725362258320346	0.9757313695321737	0.9771161069410791	0.9717411848945033	0.967168195151237	0.9754372420691108	0.9753140235771475	0.9723680144755099	0.9678719714307837	0.9785240582496176	0.9776178014147409	0.9749549506469307	0.9779407382891856	0.9763411201178366	0.9786422542164421	0.9772510636124548	1.0	0.9757553178124849	0.9634113031545236	0.977813521837373	0.9716350229750631	0.9774055712903259	0.9762375266025358	0.9775640047380397	0.9777928636859209	0.9769696168929246	0.9761058262667238	0.9761132235944627	0.9772830786601298	0.9792367782259154	0.9781741365715018
0.9721454682602559	0.9750401555648645	0.9712235302712104	0.9710581387928366	0.9725744188756366	0.9733788969468944	0.9705532151965452	0.966945823244245	0.9742772905080372	0.9709441390153973	0.9698417675997282	0.9662788774961533	0.9766351669057699	0.9733385826614446	0.9724825538418138	0.9752129272708698	0.9747617671303426	0.9752023658518368	0.9751652707703525	0.9757553178124849	1.0	0.9635346076268023	0.976663194318933	0.9709817489623813	0.9742976098079763	0.972828392839738	0.9740867166868774	0.9756985437943325	0.9734658242411631	0.976741181465421	0.972953468129273	0.9746703924164616	0.9761538071632516	0.9763289432343744
0.9613319947784479	0.9629242932822231	0.9662008369430852	0.9608211771735072	0.9612711575906201	0.9647585117083268	0.9599149860385943	0.9599245455030967	0.96578293752003	0.9641048264989711	0.959548626382828	0.9608612263904625	0.9625177279068109	0.961290281314852	0.9609924033803574	0.9627635109411362	0.961146571607862	0.9612425508486975	0.9623846288447834	0.9634113031545236	0.9635346076268023	1.0	0.9638746975627078	0.9607246203557368	0.9621721787109841	0.9597183047319646	0.9607125476781543	0.9632365306812383	0.9619366091967624	0.9628185905934726	0.9618023651905434	0.9632734879038201	0.9634069265401504	0.9618770789922683
0.9739161016359971	0.9763444402042587	0.9718108682436815	0.9732899384101188	0.973431406310177	0.9754265887530393	0.9717153466682118	0.9653481204172619	0.9735900324138336	0.9719488200369212	0.971915270684197	0.9675724436696304	0.9771516514201931	0.9759441851352674	0.9735900324138336	0.9773368739960664	0.9754939684566941	0.9774376999209882	0.9766326650921104	0.977813521837373	0.976663194318933	0.9638746975627078	1.0	0.9710670245356373	0.9757545142152788	0.973894819891082	0.9751909284935445	0.977146061365632	0.9747777822794083	0.9761199471820274	0.9750230570961306	0.9772167278168943	0.9784119553575573	0.9772225124849874
0.9700622136422246	0.9733782709160143	0.9692322679169384	0.9689328468886357	0.9698464000852621	0.9710476801762373	0.9656824761733754	0.9630510696172391	0.9720591569025677	0.9688590822661106	0.9694075771390652	0.96547401834449	0.9723583551773242	0.9705562812855129	0.9693985704953114	0.971038533595739	0.972429340009431	0.9713098771083019	0.9715055937137522	0.9716350229750631	0.9709817489623813	0.9607246203557368	0.9710670245356373	1.0	0.9741908242343088	0.9728939605417147	0.9741596722187057	0.9726889781438901	0.9726941737180191	0.9721149689186682	0.9741470135506046	0.9760885182417177	0.9726600663666207	0.9711194214535582
0.9740674016176456	0.9793860136670698	0.9732276318735791	0.9725672722967524	0.9759754239990366	0.9770568468301184	0.9682388197900117	0.9654505291858339	0.9749139652193338	0.9749897955420803	0.9735460346495949	0.9661725357593207	0.9770427295466585	0.9782542950546812	0.9745249800947587	0.974481778513381	0.9769253036531186	0.976817494323182	0.9759524645617984	0.9774055712903259	0.9742976098079763	0.9621721787109841	0.9757545142152788	0.9741908242343088	1.0	0.9961493468140143	0.9977480742933365	0.9766573072374383	0.9779521276370383	0.9753071615950314	0.9792143693739312	0.978465700891502	0.9777020083945339	0.9772608242913542
0.9725863362842082	0.9777607810741896	0.9711487564085282	0.9704215701986628	0.9736401277891432	0.975552913213062	0.9659721759519859	0.9634594802657068	0.973878023897527	0.9731093886878269	0.9726209733947581	0.9645155141241132	0.9754478382341308	0.9780404174298607	0.9734330831992826	0.9728491619401061	0.9758891482814566	0.9756955426773775	0.9745659133632352	0.9762375266025358	0.972828392839738	0.9597183047319646	0.973894819891082	0.9728939605417147	0.9961493468140143	1.0	0.9970737102346664	0.9758553626595675	0.9767751136357031	0.9736186423830421	0.9779407498099296	0.9769964106670955	0.9769700809330529	0.9760968025987914
0.9737014924401077	0.9788725321242625	0.9726410219452979	0.9721059192480104	0.9751909284935445	0.9767629898511836	0.9675171770364203	0.9649548606873719	0.9750646465518127	0.9746268624186165	0.9735422570000632	0.9656748684232833	0.9767228631988936	0.9789286187210896	0.9748997652367039	0.9744409705912195	0.9766553322844482	0.9768476768532675	0.9758255648078923	0.9775640047380397	0.9740867166868774	0.9607125476781543	0.9751909284935445	0.9741596722187057	0.9977480742933365	0.9970737102346664	1.0	0.976989814465042	0.9779410978126074	0.9749438455129287	0.9794041504455983	0.9783576894292009	0.977879576060703	0.9776967928953586
0.9737285046102123	0.9771731244294185	0.9721460055883102	0.9719661583820658	0.9733824778512127	0.975594922293886	0.9702594866172779	0.965515991418779	0.9749682951064816	0.9734174482277818	0.9719416447439271	0.9675193764002864	0.9777063515438312	0.9768419442771744	0.9736603606241794	0.9761564626280782	0.9763117651135069	0.9775304997039257	0.9766602578331638	0.9777928636859209	0.9756985437943325	0.9632365306812383	0.977146061365632	0.9726889781438901	0.9766573072374383	0.9758553626595675	0.976989814465042	1.0	0.9771831843886372	0.9767467739729525	0.9756832276015692	0.9762266113357977	0.9781101885333378	0.9775545918836541
0.9764612606801081	0.980352738262956	0.9732388566913291	0.9736382372321208	0.975654122427382	0.9790280554818669	0.9695719951250353	0.9662441587974746	0.9755850876989216	0.9751508455729709	0.9756000744905474	0.967018846322998	0.9773036580280425	0.9784900766321352	0.9755030298605936	0.9751529937975976	0.9785619646243889	0.9762953069172022	0.976050371036802	0.9769696168929246	0.9734658242411631	0.9619366091967624	0.9747777822794083	0.9726941737180191	0.9779521276370383	0.9767751136357031	0.9779410978126074	0.9771831843886372	1.0	0.9751370750021917	0.9762983551118211	0.9779958209466285	0.9778250040546014	0.9764505860853967
0.9741643965360764	0.9770899615654807	0.9718127707798776	0.9721043611090652	0.9733111619737365	0.9740943163578302	0.9696600350393134	0.967388246538658	0.9744201017167538	0.972038194422372	0.9709134824344806	0.9671342992279252	0.977161217721067	0.975279993788629	0.9729856166393253	0.97711645733457	0.9760795580140978	0.976058427922744	0.9762890718707496	0.9761058262667238	0.976741181465421	0.9628185905934726	0.9761199471820274	0.9721149689186682	0.9753071615950314	0.9736186423830421	0.9749438455129287	0.9767467739729525	0.9751370750021917	1.0	0.9735183268684094	0.975829678582626	0.976725455510863	0.9765552634952416
0.9725780545099942	0.977139690408088	0.9714982681475746	0.9718653822198311	0.9733421624583434	0.9761604235291329	0.968070420947753	0.9646051987198223	0.973539936323801	0.9727326244885264	0.9727059898624776	0.9659992038345384	0.9759335995686629	0.9760094191878762	0.9724121627601013	0.9739343586216044	0.9751849265152198	0.9762262592388323	0.9746394370152951	0.9761132235944627	0.972953468129273	0.9618023651905434	0.9750230570961306	0.9741470135506046	0.9792143693739312	0.9779407498099296	0.9794041504455983	0.9756832276015692	0.9762983551118211	0.9735183268684094	1.0	0.9785951622992436	0.9761897892763014	0.9764688178278461
0.9759753647162128	0.9781290610386965	0.9730084692815554	0.9727739195488423	0.9756132281274866	0.9768980209673264	0.9714519855999321	0.9649588737316415	0.9749878327800476	0.9731769877218731	0.9743994663428529	0.9682535189189212	0.9771874146121959	0.9762136104259095	0.9741906951508038	0.9760929529366301	0.9768507333532764	0.9772219140772724	0.976266575586835	0.9772830786601298	0.9746703924164616	0.9632734879038201	0.9772167278168943	0.9760885182417177	0.978465700891502	0.9769964106670955	0.9783576894292009	0.9762266113357977	0.9779958209466285	0.975829678582626	0.9785951622992436	1.0	0.977728015875081	0.97608885118978
0.9749704707591873	0.9802770448559381	0.9723604975155556	0.971829744683796	0.9752497001598358	0.9764601221877259	0.9700431087831856	0.9649338087467748	0.9762451261182472	0.9751369415004749	0.9741982884548461	0.9674807974871552	0.97991931966888	0.978648151697381	0.9754544679572522	0.9778784274975162	0.9777024485391365	0.979028578735991	0.9778142286615671	0.9792367782259154	0.9761538071632516	0.9634069265401504	0.9784119553575573	0.9726600663666207	0.9777020083945339	0.9769700809330529	0.977879576060703	0.9781101885333378	0.9778250040546014	0.976725455510863	0.9761897892763014	0.977728015875081	1.0	0.9791659484317069
0.9731007339706661	0.9783278222875733	0.9718962583526032	0.972109965972472	0.9735572467159077	0.9754341665605476	0.9697977065497132	0.9642063849868978	0.9745779289970278	0.9737303645456535	0.973102331729658	0.9665646895156871	0.9783118073160298	0.977125166946723	0.9733406705588649	0.9769975076208883	0.9768936259210341	0.9780122840489922	0.9767822142530085	0.9781741365715018	0.9763289432343744	0.9618770789922683	0.9772225124849874	0.9711194214535582	0.9772608242913542	0.9760968025987914	0.9776967928953586	0.9775545918836541	0.9764505860853967	0.9765552634952416	0.9764688178278461	0.97608885118978	0.9791659484317069	1.0
