/home/jshaw/scratch/2022_sketched_distance/references/SGB_genome_fastas_part1_redo/1437/BritoIL_2016__M1.4.ST__bin.14.fa	/home/jshaw/scratch/2022_sketched_distance/references/SGB_genome_fastas_part1_redo/1437/BritoIL_2016__M2.39.ST__bin.73.fa	/home/jshaw/scratch/2022_sketched_distance/references/SGB_genome_fastas_part1_redo/1437/ChengpingW_2017__AS119raw__bin.13.fa	/home/jshaw/scratch/2022_sketched_distance/references/SGB_genome_fastas_part1_redo/1437/CM_madagascar__A43_02_1FE__bin.25.fa	/home/jshaw/scratch/2022_sketched_distance/references/SGB_genome_fastas_part1_redo/1437/CM_madagascar__A89_02_1FE__bin.65.fa	/home/jshaw/scratch/2022_sketched_distance/references/SGB_genome_fastas_part1_redo/1437/CosteaPI_2017__SID713A013-11-0-0__bin.83.fa	/home/jshaw/scratch/2022_sketched_distance/references/SGB_genome_fastas_part1_redo/1437/CosteaPI_2017__SID713A014-11-0-0__bin.4.fa	/home/jshaw/scratch/2022_sketched_distance/references/SGB_genome_fastas_part1_redo/1437/CosteaPI_2017__SID713A023-11-0-0__bin.73.fa	/home/jshaw/scratch/2022_sketched_distance/references/SGB_genome_fastas_part1_redo/1437/CosteaPI_2017__SID713A028-11-90-0__bin.22.fa	/home/jshaw/scratch/2022_sketched_distance/references/SGB_genome_fastas_part1_redo/1437/CosteaPI_2017__SID713A038-11-90-0__bin.47.fa	/home/jshaw/scratch/2022_sketched_distance/references/SGB_genome_fastas_part1_redo/1437/CosteaPI_2017__SID713A040-11-0-0__bin.53.fa	/home/jshaw/scratch/2022_sketched_distance/references/SGB_genome_fastas_part1_redo/1437/CosteaPI_2017__SID713A057-11-90-0__bin.38.fa	/home/jshaw/scratch/2022_sketched_distance/references/SGB_genome_fastas_part1_redo/1437/CosteaPI_2017__SID713A058-11-0-0__bin.5.fa	/home/jshaw/scratch/2022_sketched_distance/references/SGB_genome_fastas_part1_redo/1437/CosteaPI_2017__SID713A058-11-90-0__bin.72.fa	/home/jshaw/scratch/2022_sketched_distance/references/SGB_genome_fastas_part1_redo/1437/CosteaPI_2017__SID713A073-11-0-0__bin.29.fa	/home/jshaw/scratch/2022_sketched_distance/references/SGB_genome_fastas_part1_redo/1437/CosteaPI_2017__SID713A081-11-90-0__bin.19.fa	/home/jshaw/scratch/2022_sketched_distance/references/SGB_genome_fastas_part1_redo/1437/CosteaPI_2017__SID713B002-11-0-0__bin.27.fa	/home/jshaw/scratch/2022_sketched_distance/references/SGB_genome_fastas_part1_redo/1437/CosteaPI_2017__SID713B002-11-90-0__bin.87.fa	/home/jshaw/scratch/2022_sketched_distance/references/SGB_genome_fastas_part1_redo/1437/CosteaPI_2017__SID713B016-11-90-0__bin.43.fa	/home/jshaw/scratch/2022_sketched_distance/references/SGB_genome_fastas_part1_redo/1437/CosteaPI_2017__SID713B056-11-90-0__bin.21.fa	/home/jshaw/scratch/2022_sketched_distance/references/SGB_genome_fastas_part1_redo/1437/CosteaPI_2017__SID713B058-11-0-0__bin.63.fa	/home/jshaw/scratch/2022_sketched_distance/references/SGB_genome_fastas_part1_redo/1437/CosteaPI_2017__SID713B058-11-90-0__bin.39.fa	/home/jshaw/scratch/2022_sketched_distance/references/SGB_genome_fastas_part1_redo/1437/CosteaPI_2017__SID713B064-11-90-0__bin.6.fa	/home/jshaw/scratch/2022_sketched_distance/references/SGB_genome_fastas_part1_redo/1437/CosteaPI_2017__SID713B065-11-0-0__bin.30.fa	/home/jshaw/scratch/2022_sketched_distance/references/SGB_genome_fastas_part1_redo/1437/CosteaPI_2017__SID713B072-11-0-0__bin.18.fa	/home/jshaw/scratch/2022_sketched_distance/references/SGB_genome_fastas_part1_redo/1437/CosteaPI_2017__SID713B072-11-90-0__bin.33.fa	/home/jshaw/scratch/2022_sketched_distance/references/SGB_genome_fastas_part1_redo/1437/FengQ_2015__SID530743__bin.84.fa	/home/jshaw/scratch/2022_sketched_distance/references/SGB_genome_fastas_part1_redo/1437/FerrettiP_2018__CA_C10031MS2526FE_t0M15__bin.50.fa	/home/jshaw/scratch/2022_sketched_distance/references/SGB_genome_fastas_part1_redo/1437/LeChatelierE_2013__MH0006__bin.11.fa	/home/jshaw/scratch/2022_sketched_distance/references/SGB_genome_fastas_part1_redo/1437/LeChatelierE_2013__MH0175__bin.3.fa	/home/jshaw/scratch/2022_sketched_distance/references/SGB_genome_fastas_part1_redo/1437/LeChatelierE_2013__MH0189__bin.83.fa	/home/jshaw/scratch/2022_sketched_distance/references/SGB_genome_fastas_part1_redo/1437/LiJ_2014__O2.CD2-0__bin.23.fa	/home/jshaw/scratch/2022_sketched_distance/references/SGB_genome_fastas_part1_redo/1437/LiJ_2014__V1.CD6-0-PT__bin.10.fa	/home/jshaw/scratch/2022_sketched_distance/references/SGB_genome_fastas_part1_redo/1437/LiuW_2016__SRR3993012__bin.46.fa	/home/jshaw/scratch/2022_sketched_distance/references/SGB_genome_fastas_part1_redo/1437/LiuW_2016__SRR3993030__bin.73.fa	/home/jshaw/scratch/2022_sketched_distance/references/SGB_genome_fastas_part1_redo/1437/LiuW_2016__SRR3993041__bin.71.fa	/home/jshaw/scratch/2022_sketched_distance/references/SGB_genome_fastas_part1_redo/1437/LiuW_2016__SRR3993058__bin.36.fa	/home/jshaw/scratch/2022_sketched_distance/references/SGB_genome_fastas_part1_redo/1437/NielsenHB_2014__MH0006__bin.37.fa	/home/jshaw/scratch/2022_sketched_distance/references/SGB_genome_fastas_part1_redo/1437/NielsenHB_2014__MH0175__bin.17.fa	/home/jshaw/scratch/2022_sketched_distance/references/SGB_genome_fastas_part1_redo/1437/QinN_2014__LD-17__bin.18.fa	/home/jshaw/scratch/2022_sketched_distance/references/SGB_genome_fastas_part1_redo/1437/RampelliS_2015__H10__bin.1.fa	/home/jshaw/scratch/2022_sketched_distance/references/SGB_genome_fastas_part1_redo/1437/RampelliS_2015__H14__bin.88.fa	/home/jshaw/scratch/2022_sketched_distance/references/SGB_genome_fastas_part1_redo/1437/RampelliS_2015__H17__bin.31.fa	/home/jshaw/scratch/2022_sketched_distance/references/SGB_genome_fastas_part1_redo/1437/SchirmerM_2016__G88808__bin.1.fa	/home/jshaw/scratch/2022_sketched_distance/references/SGB_genome_fastas_part1_redo/1437/SchirmerM_2016__G88960__bin.8.fa	/home/jshaw/scratch/2022_sketched_distance/references/SGB_genome_fastas_part1_redo/1437/WenC_2017__RA042__bin.45.fa	/home/jshaw/scratch/2022_sketched_distance/references/SGB_genome_fastas_part1_redo/1437/YuJ_2015__SZAXPI015220-136__bin.55.fa	/home/jshaw/scratch/2022_sketched_distance/references/SGB_genome_fastas_part1_redo/1437/ZeeviD_2015__PNP_Main_60__bin.58.fa	/home/jshaw/scratch/2022_sketched_distance/references/SGB_genome_fastas_part1_redo/1437/ZeeviD_2015__PNP_Main_763__bin.39.fa
1.0	0.9841836306752497	0.9803959296364873	0.9836722884472696	0.9829226014485086	0.981940166419045	0.9827286017428628	0.9816611250689443	0.9802986737554302	0.9811568398989883	0.9810142355742718	0.9828213084234577	0.9820670011765684	0.9815809599757419	0.982905151530589	0.9812988251256641	0.9832258113537179	0.9829920705496623	0.9827051836043944	0.98347871307935	0.9815809599757419	0.9841440789051654	0.9799771298736997	0.9838127707499955	0.9812434137715769	0.9819348140359788	0.9809987435035146	0.9808352643684054	0.9795307012945605	0.9812281935934414	0.9815224567143132	0.9829947275075996	0.9797232484248993	0.9782423347344031	0.9822903766923232	0.9801243212112952	0.9812248149244925	0.9801376862193334	0.9800217036359998	0.9793812785865539	0.9779441234653277	0.9781074227763851	0.9772220386572819	0.9805536766936087	0.9811992617338221	0.9778771995487364	0.9802128780384533	0.9776231605121516	0.9816559397300791
0.9841836306752497	1.0	0.982147806050881	0.9867771832849888	0.9861411550078105	0.9846448246698465	0.9863531750726119	0.984523368394618	0.9846620954571864	0.985254585995501	0.983588883578675	0.9852839164440753	0.9862282168278983	0.9844994749622427	0.9869103240979489	0.9854689939859889	0.9872610984580229	0.9868032803283041	0.9848519954756308	0.9868880934714181	0.9838408052112223	0.987154960282762	0.9825532245988343	0.9876135748367129	0.9852652050053369	0.9859855635931642	0.9840506446929926	0.9842085726317922	0.9824876644634982	0.9847534367025977	0.9853706382342668	0.9853303699723143	0.9816760006627059	0.9825334965517386	0.9861898938502426	0.9835895772922075	0.9856484453868587	0.9831715509473838	0.9831602667596663	0.9823159511289281	0.9812930418594505	0.981485749624373	0.9812079576998919	0.9838595524090104	0.9837924946937241	0.981358493252975	0.9834160847298831	0.9819062263567171	0.9846899262512621
0.9803959296364873	0.982147806050881	1.0	0.9824680179261297	0.9817315736161024	0.9814188360892192	0.9825615487704081	0.981224271654392	0.9810058393250585	0.9814981640320761	0.9805140960558357	0.9818428480435377	0.982577419930959	0.9807525393908895	0.9833603195775271	0.9808894642657494	0.983687345305165	0.9834448802769356	0.9817469630069944	0.9829076355957873	0.9804342268246586	0.984021394291147	0.9792328942807176	0.9840619296650448	0.9811173140851075	0.9812040847791594	0.9899222946554916	0.988935544624754	0.9883889322931414	0.9905810014986274	0.9822352217494692	0.9811656759250532	0.9877177771660912	0.9791821611380107	0.982670741056323	0.979936262650828	0.9815613798650197	0.9888252325042802	0.9889783207898835	0.9883003219209504	0.9781103183981041	0.9781533174645912	0.9775199441453957	0.9895574096365698	0.988568280039615	0.9869827566432176	0.9887626243621668	0.9875734729662033	0.982144497487247
0.9836722884472696	0.9867771832849888	0.9824680179261297	1.0	0.9859793974695593	0.9847589670927255	0.9842546508057786	0.9842105940692204	0.9835168497677381	0.983691666571043	0.9838848205728555	0.9851133414971125	0.9841633162675215	0.9841724352745154	0.9852209769483341	0.9835752256655864	0.9850969932454393	0.9843917908980528	0.9851133414971125	0.9848643543738747	0.9831249976025778	0.9851390978713966	0.982508212180087	0.9859638851274038	0.9825792237847574	0.9834182275816082	0.9829651141716023	0.9828751277284017	0.982042972348708	0.9834937399833278	0.9830996962599193	0.9857744782294446	0.9819409524214003	0.9804354584149354	0.9850720414708161	0.9824680179261297	0.9836685539292281	0.9818235457324438	0.9813465437350122	0.9808694092770545	0.9798060774396264	0.9803926334123992	0.9800624275805181	0.9826702657333937	0.9824414452601441	0.9796777942926418	0.98185365467153	0.9790642024715507	0.9825684112185801
0.9829226014485086	0.9861411550078105	0.9817315736161024	0.9859793974695593	1.0	0.9836269278538676	0.9833771165512516	0.9840472873821658	0.9826673419099078	0.9837263218395998	0.9831758876654932	0.9845350285708826	0.9835521841318129	0.9843651426631851	0.9784340552960271	0.9834522600236836	0.981915635656457	0.9834272313338156	0.9840963890978178	0.9819680352433802	0.9827441288307697	0.9796209603894109	0.9825903745590484	0.9793540692602029	0.9819418459357092	0.9780512666269221	0.9779626053672102	0.9805229271334941	0.980849625812028	0.9761998511376235	0.9816523718666692	0.985653474105234	0.981146258611516	0.9804132978951475	0.9820725834388211	0.9815729779471493	0.9829987930980807	0.9809037595867848	0.977545633883653	0.9763240071944886	0.9755365319230225	0.9817842684874093	0.9795509636805916	0.9777249895682406	0.9740374907692952	0.979267862755717	0.9787520097536473	0.9701094748705993	0.9819418459357092
0.981940166419045	0.9846448246698465	0.9814188360892192	0.9847589670927255	0.9836269278538676	1.0	0.9883257518597611	0.9870324170729065	0.9956144259873294	0.9875729213387101	0.9963439882000446	0.9848045337812872	0.9881532399230893	0.9866310413500675	0.9971840006373183	0.9867782501654391	0.9888842289461733	0.988265066515739	0.9969204595408191	0.9888315386678844	0.9863510694004396	0.9892122469070628	0.9825860529497378	0.9894431242194831	0.9875235930145561	0.98848539769386	0.9838945591229259	0.9839008768409988	0.9823886592171518	0.984949458311697	0.987183756029428	0.9836710100795493	0.9814250892806524	0.9816046450096553	0.9856255588424224	0.9822547431940752	0.9855003136250624	0.9828944265999763	0.9826425063023414	0.9816835529898214	0.9813180952983045	0.9807104788087541	0.9808082207410462	0.9834981924761522	0.9824735061395933	0.9797499792232577	0.9820972370660319	0.9810425790191191	0.9872256087797919
0.9827286017428628	0.9863531750726119	0.9825615487704081	0.9842546508057786	0.9833771165512516	0.9883257518597611	1.0	0.9888658334750546	0.9870726194531749	0.9889521204888756	0.9873451927153671	0.9870178328002944	0.9880283490407301	0.9890209878487148	0.9887887539605831	0.9882906020117351	0.9882825170338838	0.987406680031888	0.9891240199014777	0.9885901281004579	0.9973534890443192	0.9977660902751385	0.9841550942982075	0.9937201865401435	0.9861473761933004	0.9864925729337585	0.983102787785365	0.9823607577836547	0.9827286017428628	0.9840723327785027	0.9851563501864636	0.9855794674414089	0.9830395483767309	0.9817990812008117	0.9848854428467788	0.9829775946860828	0.9855029992080973	0.9826242935203583	0.9818385623508202	0.9805281916177904	0.9800673257129969	0.9810622869640261	0.9797177201633464	0.9828097144477662	0.9819567263596908	0.9799703516771419	0.9805615628702288	0.9785198107979057	0.9863904550366225
0.9816611250689443	0.984523368394618	0.981224271654392	0.9842105940692204	0.9840472873821658	0.9870324170729065	0.9888658334750546	1.0	0.9877678746203175	0.9968603147027951	0.9860923843538903	0.9851135106546609	0.9971813058616663	0.9964479847869563	0.9902007516455722	0.9900965065736492	0.9889958370764093	0.9886162284554899	0.9874039792922705	0.9908760922265901	0.9868965394784477	0.9896553677231826	0.9820199852817794	0.9905031004712158	0.9874368676657007	0.9882477608715429	0.9833764119661353	0.9834860729329196	0.9820297409592625	0.9844996765234183	0.986962508570747	0.9834388402571201	0.9815411336823837	0.9813785673119306	0.9856052236675188	0.9826032150173156	0.984863192118861	0.9827549804697409	0.9831602667596663	0.9808936462292953	0.9806348229978152	0.9803265676027746	0.9805164517392012	0.9833844458018175	0.983139635865463	0.9798995237738787	0.9820088712325639	0.9812676478062092	0.9869300561567023
0.9802986737554302	0.9846620954571864	0.9810058393250585	0.9835168497677381	0.9826673419099078	0.9956144259873294	0.9870726194531749	0.9877678746203175	1.0	0.9866784375880565	0.9952024987786872	0.9852457666403182	0.9877771373662447	0.9875663332268074	0.9957360754644983	0.9860493919327086	0.9870647725244688	0.9862824791277017	0.9958643932095388	0.9877787748083703	0.9856411063573466	0.988199662251255	0.9830206582837949	0.9886611601592692	0.9847792263275457	0.985513832562533	0.9826648217923557	0.9821440294355687	0.980532371964376	0.9836102781644036	0.9854869360177215	0.9839552286218024	0.9812518197102642	0.9796638574954709	0.984634983270894	0.9808408184141297	0.9834519814129498	0.9810966524972354	0.9810382102606332	0.980034473894484	0.9797272937421532	0.9793244612643144	0.9791349961988334	0.9822719059902966	0.981891551496754	0.9777408496539249	0.980352798740154	0.9787022858622952	0.9851908716923138
0.9811568398989883	0.985254585995501	0.9814981640320761	0.983691666571043	0.9837263218395998	0.9875729213387101	0.9889521204888756	0.9968603147027951	0.9866784375880565	1.0	0.9867782501654391	0.9860164902753654	0.9962046539751157	0.9958874316470079	0.9896563610588462	0.9894874286208207	0.9889772619423074	0.9887556520427502	0.9882344471079628	0.9911013986207351	0.9874725360501776	0.9894475816993644	0.9829529276072922	0.9906162905949987	0.9872801838435041	0.9880883785931104	0.9836252433042986	0.9835486290481262	0.9813613242749898	0.984809562415322	0.9864216022156712	0.9847123602153195	0.9818778970474343	0.980732901152808	0.9852986757537441	0.982056244226904	0.9848442648170733	0.982089474457003	0.9826651886011315	0.980503682088204	0.980736953929561	0.9802406380616259	0.9807187227143922	0.9828097144477662	0.9826970577916916	0.9790574875549121	0.9816753582248017	0.9798055474141785	0.9862774651102824
0.9810142355742718	0.983588883578675	0.9805140960558357	0.9838848205728555	0.9831758876654932	0.9963439882000446	0.9873451927153671	0.9860923843538903	0.9952024987786872	0.9867782501654391	1.0	0.9841601314917163	0.9879925787729081	0.9869083332703886	0.9970262013971345	0.9862433984319475	0.9877275568987242	0.9871337783916052	0.9965675556013069	0.9881586357754925	0.9854556176496339	0.9892122469070628	0.9817954510399156	0.9891136442432573	0.9857623774335845	0.9865554028740843	0.9834217947374169	0.9835694545894222	0.9819494441263741	0.9848655923312569	0.9868327570943354	0.9827192983892887	0.9807596122381432	0.9809216695667604	0.9847395737695039	0.9811261189007029	0.9844825567584985	0.9824138333937673	0.9817220843490807	0.981350767786479	0.9807878999915148	0.9802406380616259	0.9801537385169198	0.9829023515722524	0.9817280442480545	0.9789918068929967	0.9813609824032381	0.9800974362674844	0.9864905384867123
0.9828213084234577	0.9852839164440753	0.9818428480435377	0.9851133414971125	0.9845350285708826	0.9848045337812872	0.9870178328002944	0.9851135106546609	0.9852457666403182	0.9860164902753654	0.9841601314917163	1.0	0.986937964473523	0.985036878311807	0.9879901980565535	0.9861214117860311	0.9879199806885515	0.9875513075722036	0.9855884364647488	0.9873944802480425	0.9844998217755483	0.9882807442353198	0.9829417625274292	0.9884687662588763	0.9859627918500828	0.9862400456727717	0.9846676651913793	0.9841472639392154	0.982763297469476	0.9850609474132687	0.9864027906583565	0.984492621058015	0.9821152619675012	0.9821932877879404	0.9867053837290015	0.9831380193142105	0.9863250002526511	0.9832306310592512	0.9834714662632019	0.9822462849498966	0.9815427169792357	0.9818153936908974	0.9815155212715959	0.9841502534294471	0.9832649965176234	0.9810512915163547	0.9832461158945628	0.9810989915914154	0.98588320713974
0.9820670011765684	0.9862282168278983	0.982577419930959	0.9841633162675215	0.9835521841318129	0.9881532399230893	0.9880283490407301	0.9971813058616663	0.9877771373662447	0.9962046539751157	0.9879925787729081	0.986937964473523	1.0	0.9995990425805712	0.990330079942165	0.9906722439728443	0.9889400802450772	0.9878670759786624	0.9891702332145733	0.9911013986207351	0.987705009174147	0.9898875731961642	0.9845828463508285	0.9906614582247336	0.9870117915194162	0.9868470325309229	0.9827806448415364	0.9825760611199246	0.98255631056932	0.9841296345865035	0.9849799775285011	0.9855799245344607	0.9830592182817854	0.9818303729770534	0.9854829475757965	0.9829759345979764	0.9852897957690459	0.9824717368013383	0.9812282976771228	0.9801090088227936	0.9799891703841028	0.9812421989139587	0.9794393103735228	0.9822954735411309	0.981826246591764	0.9795968480017108	0.9805846767850027	0.9775604038371737	0.9865476304372469
0.9815809599757419	0.9844994749622427	0.9807525393908895	0.9841724352745154	0.9843651426631851	0.9866310413500675	0.9890209878487148	0.9964479847869563	0.9875663332268074	0.9958874316470079	0.9869083332703886	0.985036878311807	0.9995990425805712	1.0	0.9902223415808004	0.990235480709291	0.9893100236283163	0.9887904159746053	0.9877897722668993	0.9916325476907263	0.9863510694004396	0.9898618531445452	0.9824624530846292	0.9909311743510667	0.9876963612594308	0.9884261489866331	0.9837377271540235	0.9834860729329196	0.982149818104012	0.9844713594485576	0.9869254889117137	0.9838997656245995	0.9809763990943317	0.9814609582550017	0.9858887771780747	0.9825839524416902	0.9851645543382743	0.9826950356550899	0.9827331414096864	0.9810386918762706	0.9809402635769529	0.9806468059360591	0.9805389882036026	0.9834299918448242	0.9829822576596942	0.9792537401598514	0.9815858443750979	0.9799518178728063	0.9868601268028993
0.982905151530589	0.9869103240979489	0.9833603195775271	0.9852209769483341	0.9784340552960271	0.9971840006373183	0.9887887539605831	0.9902007516455722	0.9957360754644983	0.9896563610588462	0.9970262013971345	0.9879901980565535	0.990330079942165	0.9902223415808004	1.0	0.9886305835892918	0.9889910068826062	0.9891474612862613	0.9974973694774926	0.9886984638646059	0.9886079257242554	0.9876264293230537	0.9851706913195333	0.9853066751782846	0.9880824474391021	0.9843812511602189	0.9808753282776121	0.9835194697482713	0.9832804537884874	0.978726492334936	0.9862839083257038	0.9866708048825603	0.9836251422485267	0.9833070973465837	0.9854712566543326	0.9832537885542735	0.9865745066630787	0.9830396820149019	0.9792280575149754	0.979588104815742	0.9779670286811869	0.9823614358432691	0.9814158783067697	0.979588104815742	0.9743267454159639	0.9810469954709621	0.9809326508733088	0.9697716736254278	0.9875952292582277
0.9812988251256641	0.9854689939859889	0.9808894642657494	0.9835752256655864	0.9834522600236836	0.9867782501654391	0.9882906020117351	0.9900965065736492	0.9860493919327086	0.9894874286208207	0.9862433984319475	0.9861214117860311	0.9906722439728443	0.990235480709291	0.9886305835892918	1.0	0.9889400802450772	0.9882297435774475	0.987522766961419	0.9968722047816383	0.9862955401712835	0.9888427989525426	0.9834490990905677	0.9895833284629421	0.9869469364727783	0.9876865153035	0.9834217947374169	0.9832346478245256	0.9814430754771947	0.9840149306960427	0.986289694731115	0.9846028320094484	0.9815784748586874	0.9806486529370058	0.9852370213526176	0.9816585890416282	0.9845399342398061	0.9820282977680911	0.9818618082869989	0.9801586044714926	0.9810161799478316	0.9803265676027746	0.9804261501604862	0.9828097144477662	0.9828874666289356	0.978639259539935	0.9813609824032381	0.9795405982954708	0.9861346451240771
0.9832258113537179	0.9872610984580229	0.983687345305165	0.9850969932454393	0.981915635656457	0.9888842289461733	0.9882825170338838	0.9889958370764093	0.9870647725244688	0.9889772619423074	0.9877275568987242	0.9879199806885515	0.9889400802450772	0.9893100236283163	0.9889910068826062	0.9889400802450772	1.0	0.9996517559061189	0.9889772619423074	0.9881494148182299	0.9879583308797272	0.988869325841935	0.9852846114586357	0.9891372880184033	0.9955288788038869	0.9932539613043012	0.9818899405979484	0.9834683774383012	0.9832258113537179	0.9837843124437857	0.9855743482725069	0.9864887108123009	0.9835342214917341	0.9835561401550557	0.9849922958404566	0.9838831738829698	0.9863280052970479	0.9829814366106029	0.9797253687451858	0.9789727185902133	0.9795162699027623	0.9818701482182455	0.980552106372933	0.9807024222474243	0.9800118460026244	0.980576114799391	0.9809578707981909	0.9761810345248532	0.9867283060273945
0.9829920705496623	0.9868032803283041	0.9834448802769356	0.9843917908980528	0.9834272313338156	0.988265066515739	0.987406680031888	0.9886162284554899	0.9862824791277017	0.9887556520427502	0.9871337783916052	0.9875513075722036	0.9878670759786624	0.9887904159746053	0.9891474612862613	0.9882297435774475	0.9996517559061189	1.0	0.9884235527133617	0.988979224920314	0.9874790732357903	0.9889223156633855	0.9844909360706525	0.989769345263246	0.995183237994545	0.9949030585382559	0.983262679376349	0.9832136084158885	0.9829713388802427	0.984357846156166	0.9850976644993327	0.9859622059077665	0.9834448802769356	0.9827841611611562	0.9852781371443178	0.9836486530707925	0.9856005207331279	0.9827215301799254	0.9818152998918337	0.9802081249486623	0.9810919204821812	0.9813124397472252	0.9800852792516197	0.9822719059902966	0.9817280442480545	0.9804055164169344	0.981157276529134	0.9789740989499345	0.9860756001859902
0.9827051836043944	0.9848519954756308	0.9817469630069944	0.9851133414971125	0.9840963890978178	0.9969204595408191	0.9891240199014777	0.9874039792922705	0.9958643932095388	0.9882344471079628	0.9965675556013069	0.9855884364647488	0.9891702332145733	0.9877897722668993	0.9974973694774926	0.987522766961419	0.9889772619423074	0.9884235527133617	1.0	0.9893091197441585	0.9874492362109363	0.9900926150832907	0.9824798697111443	0.9907965916216478	0.9872103064247998	0.9880284108398931	0.9847983879332923	0.9845740383293781	0.9827436861322957	0.9852551470941661	0.987567395492372	0.9834436418287316	0.9818485882906678	0.9818495066562345	0.9856052236675188	0.9824874692611718	0.9857222615586303	0.9833876593491455	0.9830035518363518	0.9821997583430112	0.9818890919675851	0.9809218305009796	0.981252072802687	0.984172508699425	0.9837924946937241	0.9800483867742197	0.9826658740585497	0.9810989915914154	0.9878428583982666
0.98347871307935	0.9868880934714181	0.9829076355957873	0.9848643543738747	0.9819680352433802	0.9888315386678844	0.9885901281004579	0.9908760922265901	0.9877787748083703	0.9911013986207351	0.9881586357754925	0.9873944802480425	0.9911013986207351	0.9916325476907263	0.9886984638646059	0.9968722047816383	0.9881494148182299	0.988979224920314	0.9893091197441585	1.0	0.988271744975173	0.9887364773877292	0.9850724309121358	0.9886131668900193	0.9883281542677328	0.9861342508010013	0.9822209203996338	0.9826853127216143	0.9831504608389197	0.9831121038820964	0.9858310507753584	0.9862339377244644	0.98347871307935	0.9826183205606752	0.9843383182908093	0.9836524461450118	0.9859120242313084	0.9830623688096805	0.9800708324659907	0.9789984039754392	0.9790632635211476	0.9820546580118071	0.9799653217221537	0.9808012112593171	0.9809316299295368	0.9805420140309686	0.980374860874683	0.97679773992669	0.9869665082020126
0.9815809599757419	0.9838408052112223	0.9804342268246586	0.9831249976025778	0.9827441288307697	0.9863510694004396	0.9973534890443192	0.9868965394784477	0.9856411063573466	0.9874725360501776	0.9854556176496339	0.9844998217755483	0.987705009174147	0.9863510694004396	0.9886079257242554	0.9862955401712835	0.9879583308797272	0.9874790732357903	0.9874492362109363	0.988271744975173	1.0	0.9989995735915198	0.9813366651408854	0.9937407549217508	0.9857989074497316	0.9865344728961821	0.9835801414927184	0.9832766861669776	0.9814430754771947	0.9850609474132687	0.986289694731115	0.9832782743115599	0.9806407561567916	0.9805006940390029	0.9847604519361745	0.9813869727878085	0.9843867041176723	0.9821098413070289	0.9822315154643076	0.9806260463592225	0.9800933359938073	0.9800897154292707	0.9798099984355	0.9829716579283736	0.9819892651897199	0.9791666624318528	0.9812479691341298	0.9796291537353276	0.9859552430617188
0.9841440789051654	0.987154960282762	0.984021394291147	0.9851390978713966	0.9796209603894109	0.9892122469070628	0.9977660902751385	0.9896553677231826	0.988199662251255	0.9894475816993644	0.9892122469070628	0.9882807442353198	0.9898875731961642	0.9898618531445452	0.9876264293230537	0.9888427989525426	0.988869325841935	0.9889223156633855	0.9900926150832907	0.9887364773877292	0.9989995735915198	1.0	0.9857860772063393	0.9885495852880762	0.9873776695843778	0.9836194699197378	0.9816317100548059	0.9838365026416773	0.9838673903906482	0.9775532060133593	0.9872386529939029	0.9872943301167739	0.9842357921969106	0.9837126598937981	0.9862774337111341	0.983681625988245	0.9870710541602924	0.9834322915525209	0.9799009639228288	0.9799357961801505	0.9767186792042597	0.9831495045887327	0.9807608204599086	0.9799357961801505	0.9681001198755702	0.9816647471698398	0.9816647471698398	0.9683000070218556	0.9874607985571948
0.9799771298736997	0.9825532245988343	0.9792328942807176	0.982508212180087	0.9825903745590484	0.9825860529497378	0.9841550942982075	0.9820199852817794	0.9830206582837949	0.9829529276072922	0.9817954510399156	0.9829417625274292	0.9845828463508285	0.9824624530846292	0.9851706913195333	0.9834490990905677	0.9852846114586357	0.9844909360706525	0.9824798697111443	0.9850724309121358	0.9813366651408854	0.9857860772063393	1.0	0.985518416186695	0.9826194736354736	0.9840113800784503	0.9819848482338811	0.9814184705051523	0.9799179574563204	0.9833767860513276	0.9838607254000787	0.981156535083752	0.97924190056997	0.9799882595075751	0.9860697780127643	0.9804750095844934	0.985444591553046	0.9806526335459781	0.9809188420747785	0.9792541520810006	0.978712553912929	0.979124747909724	0.9786850619996915	0.9815086430759712	0.9817280442480545	0.9781482001834382	0.9807230180916012	0.9790941817806299	0.9830020043947978
0.9838127707499955	0.9876135748367129	0.9840619296650448	0.9859638851274038	0.9793540692602029	0.9894431242194831	0.9937201865401435	0.9905031004712158	0.9886611601592692	0.9906162905949987	0.9891136442432573	0.9884687662588763	0.9906614582247336	0.9909311743510667	0.9853066751782846	0.9895833284629421	0.9891372880184033	0.989769345263246	0.9907965916216478	0.9886131668900193	0.9937407549217508	0.9885495852880762	0.985518416186695	1.0	0.9885891440189385	0.9853862380973035	0.981718609473885	0.9844185173404765	0.9841170422172885	0.9771350115314794	0.9864290682345004	0.9872901884426597	0.9843912246908916	0.9836456068890036	0.9858073494785686	0.9842818265082046	0.9870644294328031	0.9839237417919073	0.9802028078401714	0.9796078550414345	0.977249415624265	0.9825666328968665	0.981718609473885	0.9805116425832393	0.9728539843349094	0.9809694912673452	0.9818368925245212	0.970475483344376	0.98805616028969
0.9812434137715769	0.9852652050053369	0.9811173140851075	0.9825792237847574	0.9819418459357092	0.9875235930145561	0.9861473761933004	0.9874368676657007	0.9847792263275457	0.9872801838435041	0.9857623774335845	0.9859627918500828	0.9870117915194162	0.9876963612594308	0.9880824474391021	0.9869469364727783	0.9955288788038869	0.995183237994545	0.9872103064247998	0.9883281542677328	0.9857989074497316	0.9873776695843778	0.9826194736354736	0.9885891440189385	1.0	0.9980480171413249	0.982757512970134	0.9826403770824332	0.9803718792407372	0.9822747023692195	0.9845448128007073	0.9848168657619262	0.9813690291719682	0.9801774161307715	0.9840856731572569	0.981680973533199	0.9837469542363835	0.9805651920018487	0.9805096990242631	0.9790753390550176	0.9794102443371324	0.9791649997923182	0.9789226426365185	0.9811934092970106	0.9812658288724252	0.9781893419572351	0.9801192635797642	0.9790642024715507	0.9844765468277878
0.9819348140359788	0.9859855635931642	0.9812040847791594	0.9834182275816082	0.9780512666269221	0.98848539769386	0.9864925729337585	0.9882477608715429	0.985513832562533	0.9880883785931104	0.9865554028740843	0.9862400456727717	0.9868470325309229	0.9884261489866331	0.9843812511602189	0.9876865153035	0.9932539613043012	0.9949030585382559	0.9880284108398931	0.9861342508010013	0.9865344728961821	0.9836194699197378	0.9840113800784503	0.9853862380973035	0.9980480171413249	1.0	0.9792501885929299	0.9810806937673112	0.9809568354230638	0.9786588890287083	0.9840113800784503	0.9849034805696781	0.9817173036244456	0.9811054092413906	0.9822703165561271	0.9825788060680873	0.9846161994458638	0.9809816446513293	0.97772453867155	0.9761527151476848	0.9759693369574305	0.9801273855671564	0.9780788299106958	0.977476984348058	0.97772218436772	0.9788290900428644	0.9788025900794826	0.9736610403224951	0.9854489776143671
0.9809987435035146	0.9840506446929926	0.9899222946554916	0.9829651141716023	0.9779626053672102	0.9838945591229259	0.983102787785365	0.9833764119661353	0.9826648217923557	0.9836252433042986	0.9834217947374169	0.9846676651913793	0.9827806448415364	0.9837377271540235	0.9808753282776121	0.9834217947374169	0.9818899405979484	0.983262679376349	0.9847983879332923	0.9822209203996338	0.9835801414927184	0.9816317100548059	0.9819848482338811	0.981718609473885	0.982757512970134	0.9792501885929299	1.0	0.9891313107342045	0.9909663195394871	0.9890149521081014	0.981961147111705	0.9833991112056414	0.9916267730194089	0.9796019353429014	0.9806057101127369	0.9817947569536379	0.9825019783732646	0.990676577208754	0.9870665831670241	0.9836702831599828	0.9754937817585524	0.9797291069975824	0.9773332421060169	0.9875922625038296	0.9873481117178702	0.9877494362931599	0.9871881207869574	0.9806163535384	0.9828037603907023
0.9808352643684054	0.9842085726317922	0.988935544624754	0.9828751277284017	0.9805229271334941	0.9839008768409988	0.9823607577836547	0.9834860729329196	0.9821440294355687	0.9835486290481262	0.9835694545894222	0.9841472639392154	0.9825760611199246	0.9834860729329196	0.9835194697482713	0.9832346478245256	0.9834683774383012	0.9832136084158885	0.9845740383293781	0.9826853127216143	0.9832766861669776	0.9838365026416773	0.9814184705051523	0.9844185173404765	0.9826403770824332	0.9810806937673112	0.9891313107342045	1.0	0.9896354067387289	0.9905339072141062	0.9813071201816534	0.9836526247244799	0.9902528333242189	0.9800333801132785	0.9818143310553334	0.9809933073467949	0.9820569347808735	0.9895487318964596	0.9870717996932521	0.9851583251427807	0.9771571406331568	0.9789486182733134	0.9772001371838547	0.9885018367780402	0.9873481117178702	0.987526524130828	0.9873270192129137	0.9824515614945322	0.9826189524576768
0.9795307012945605	0.9824876644634982	0.9883889322931414	0.982042972348708	0.980849625812028	0.9823886592171518	0.9827286017428628	0.9820297409592625	0.980532371964376	0.9813613242749898	0.9819494441263741	0.982763297469476	0.98255631056932	0.982149818104012	0.9832804537884874	0.9814430754771947	0.9832258113537179	0.9829713388802427	0.9827436861322957	0.9831504608389197	0.9814430754771947	0.9838673903906482	0.9799179574563204	0.9841170422172885	0.9803718792407372	0.9809568354230638	0.9909663195394871	0.9896354067387289	1.0	0.9936140810048102	0.982020866738998	0.982149818104012	0.9902672286546518	0.9782423347344031	0.9826039381260461	0.9801736007344228	0.9813514329155824	0.9987569056723843	0.991220551991084	0.9866755516776777	0.9781930992437772	0.9779924026083543	0.9778396308951084	0.9907446441746534	0.9896677286174959	0.9870916771989924	0.9888705071320005	0.9842662011831615	0.9812015954530938
0.9812281935934414	0.9847534367025977	0.9905810014986274	0.9834937399833278	0.9761998511376235	0.984949458311697	0.9840723327785027	0.9844996765234183	0.9836102781644036	0.984809562415322	0.9848655923312569	0.9850609474132687	0.9841296345865035	0.9844713594485576	0.978726492334936	0.9840149306960427	0.9837843124437857	0.984357846156166	0.9852551470941661	0.9831121038820964	0.9850609474132687	0.9775532060133593	0.9833767860513276	0.9771350115314794	0.9822747023692195	0.9786588890287083	0.9890149521081014	0.9905339072141062	0.9936140810048102	1.0	0.9838998242760473	0.9842154000611004	0.9923449038197019	0.9811342271510578	0.9823352320093943	0.982031458508195	0.9828750226309301	0.9930947930847555	0.996589383754638	0.9851443165146189	0.9745149262461715	0.9811028449124621	0.9781817015142305	0.9885177372401736	0.9793487082762913	0.9893585935107071	0.9882157668861846	0.9751994104327764	0.9839286387753088
0.9815224567143132	0.9853706382342668	0.9822352217494692	0.9830996962599193	0.9816523718666692	0.987183756029428	0.9851563501864636	0.986962508570747	0.9854869360177215	0.9864216022156712	0.9868327570943354	0.9864027906583565	0.9849799775285011	0.9869254889117137	0.9862839083257038	0.986289694731115	0.9855743482725069	0.9850976644993327	0.987567395492372	0.9858310507753584	0.986289694731115	0.9872386529939029	0.9838607254000787	0.9864290682345004	0.9845448128007073	0.9840113800784503	0.981961147111705	0.9813071201816534	0.982020866738998	0.9838998242760473	1.0	0.9852734078697856	0.9832035763687911	0.9808384423558478	0.9830027274455837	0.9821067772407561	0.9834103540202653	0.9822992555333602	0.980847011431626	0.9786629064442914	0.9792772263159867	0.9802762007402476	0.9784217092256102	0.9808258619394423	0.9808307005684139	0.9794956864593198	0.9797183817945753	0.9781517690914238	0.9865904236966669
0.9829947275075996	0.9853303699723143	0.9811656759250532	0.9857744782294446	0.985653474105234	0.9836710100795493	0.9855794674414089	0.9834388402571201	0.9839552286218024	0.9847123602153195	0.9827192983892887	0.984492621058015	0.9855799245344607	0.9838997656245995	0.9866708048825603	0.9846028320094484	0.9864887108123009	0.9859622059077665	0.9834436418287316	0.9862339377244644	0.9832782743115599	0.9872943301167739	0.981156535083752	0.9872901884426597	0.9848168657619262	0.9849034805696781	0.9833991112056414	0.9836526247244799	0.982149818104012	0.9842154000611004	0.9852734078697856	1.0	0.9815218215099474	0.9811924254251296	0.9849477602971584	0.9827760703334147	0.9844058970583429	0.9829540080133242	0.9824376556281187	0.9813268673769721	0.981142316892998	0.9811108859586468	0.981252072802687	0.9829023515722524	0.9827606504524694	0.9798995237738787	0.98185365467153	0.9800683644700989	0.9847832724739735
0.9797232484248993	0.9816760006627059	0.9877177771660912	0.9819409524214003	0.981146258611516	0.9814250892806524	0.9830395483767309	0.9815411336823837	0.9812518197102642	0.9818778970474343	0.9807596122381432	0.9821152619675012	0.9830592182817854	0.9809763990943317	0.9836251422485267	0.9815784748586874	0.9835342214917341	0.9834448802769356	0.9818485882906678	0.98347871307935	0.9806407561567916	0.9842357921969106	0.97924190056997	0.9843912246908916	0.9813690291719682	0.9817173036244456	0.9916267730194089	0.9902528333242189	0.9902672286546518	0.9923449038197019	0.9832035763687911	0.9815218215099474	1.0	0.9785586282033689	0.9825816401711454	0.9802274605065964	0.9815404456938973	0.9908214934405952	0.9904422394532177	0.9873589964993641	0.9782206462210034	0.9786765155550015	0.9784217092256102	0.9919961051243733	0.991226569553941	0.9874939457523588	0.9894928829535686	0.9860099809055678	0.9821646966631662
0.9782423347344031	0.9825334965517386	0.9791821611380107	0.9804354584149354	0.9804132978951475	0.9816046450096553	0.9817990812008117	0.9813785673119306	0.9796638574954709	0.980732901152808	0.9809216695667604	0.9821932877879404	0.9818303729770534	0.9814609582550017	0.9833070973465837	0.9806486529370058	0.9835561401550557	0.9827841611611562	0.9818495066562345	0.9826183205606752	0.9805006940390029	0.9837126598937981	0.9799882595075751	0.9836456068890036	0.9801774161307715	0.9811054092413906	0.9796019353429014	0.9800333801132785	0.9782423347344031	0.9811342271510578	0.9808384423558478	0.9811924254251296	0.9785586282033689	1.0	0.9826929784580274	0.9823137654904803	0.9816449828673408	0.9781309091068051	0.9786664887333838	0.9774472557730985	0.9778328542496799	0.977340679330195	0.9778885363354327	0.9794930552860931	0.9788154942698173	0.9770399061481061	0.9788040874689008	0.9764421255269107	0.9798427935216547
0.9822903766923232	0.9861898938502426	0.982670741056323	0.9850720414708161	0.9820725834388211	0.9856255588424224	0.9848854428467788	0.9856052236675188	0.984634983270894	0.9852986757537441	0.9847395737695039	0.9867053837290015	0.9854829475757965	0.9858887771780747	0.9854712566543326	0.9852370213526176	0.9849922958404566	0.9852781371443178	0.9856052236675188	0.9843383182908093	0.9847604519361745	0.9862774337111341	0.9860697780127643	0.9858073494785686	0.9840856731572569	0.9822703165561271	0.9806057101127369	0.9818143310553334	0.9826039381260461	0.9823352320093943	0.9830027274455837	0.9849477602971584	0.9825816401711454	0.9826929784580274	1.0	0.9832221975610124	0.9873096305000854	0.9824027078914972	0.9788708466164856	0.9783239226460227	0.9778607071826483	0.9807938627673043	0.979545291131161	0.9800024098216435	0.9791364669149445	0.9802714320751205	0.9800311742031336	0.9763770488850693	0.9842132557410488
0.9801243212112952	0.9835895772922075	0.979936262650828	0.9824680179261297	0.9815729779471493	0.9822547431940752	0.9829775946860828	0.9826032150173156	0.9808408184141297	0.982056244226904	0.9811261189007029	0.9831380193142105	0.9829759345979764	0.9825839524416902	0.9832537885542735	0.9816585890416282	0.9838831738829698	0.9836486530707925	0.9824874692611718	0.9836524461450118	0.9813869727878085	0.983681625988245	0.9804750095844934	0.9842818265082046	0.981680973533199	0.9825788060680873	0.9817947569536379	0.9809933073467949	0.9801736007344228	0.982031458508195	0.9821067772407561	0.9827760703334147	0.9802274605065964	0.9823137654904803	0.9832221975610124	1.0	0.9827330238206051	0.9809493151386308	0.9811096225790358	0.979228667261088	0.9787938221263097	0.978878982426893	0.9790879257867366	0.9816050301328579	0.981065719615299	0.9779903903821063	0.9806077743663922	0.9788837459489099	0.9816969325925118
0.9812248149244925	0.9856484453868587	0.9815613798650197	0.9836685539292281	0.9829987930980807	0.9855003136250624	0.9855029992080973	0.984863192118861	0.9834519814129498	0.9848442648170733	0.9844825567584985	0.9863250002526511	0.9852897957690459	0.9851645543382743	0.9865745066630787	0.9845399342398061	0.9863280052970479	0.9856005207331279	0.9857222615586303	0.9859120242313084	0.9843867041176723	0.9870710541602924	0.985444591553046	0.9870644294328031	0.9837469542363835	0.9846161994458638	0.9825019783732646	0.9820569347808735	0.9813514329155824	0.9828750226309301	0.9834103540202653	0.9844058970583429	0.9815404456938973	0.9816449828673408	0.9873096305000854	0.9827330238206051	1.0	0.9812248149244925	0.9812282976771228	0.9794826245565471	0.9802230776884786	0.9799089059466244	0.9803355983750136	0.981725116037941	0.9812658288724252	0.9794656614428117	0.9811799732678633	0.9786719441472309	0.9834124504173498
