/home/jshaw/scratch/2022_sketched_distance/references/SGB_genome_fastas_part4/6540/Bengtsson-PalmeJ_2015__TRAVELRES18__bin.87.fa	/home/jshaw/scratch/2022_sketched_distance/references/SGB_genome_fastas_part4/6540/Bengtsson-PalmeJ_2015__TRAVELRES59__bin.56.fa	/home/jshaw/scratch/2022_sketched_distance/references/SGB_genome_fastas_part4/6540/Bengtsson-PalmeJ_2015__TRAVELRES60__bin.19.fa	/home/jshaw/scratch/2022_sketched_distance/references/SGB_genome_fastas_part4/6540/CosteaPI_2017__mickey2-11-7-0__bin.55.fa	/home/jshaw/scratch/2022_sketched_distance/references/SGB_genome_fastas_part4/6540/CosteaPI_2017__mickey4-11-30-0__bin.26.fa	/home/jshaw/scratch/2022_sketched_distance/references/SGB_genome_fastas_part4/6540/CosteaPI_2017__SID713B032-11-0-0__bin.11.fa	/home/jshaw/scratch/2022_sketched_distance/references/SGB_genome_fastas_part4/6540/CosteaPI_2017__thistle4-11-0-0__bin.41.fa	/home/jshaw/scratch/2022_sketched_distance/references/SGB_genome_fastas_part4/6540/FengQ_2015__SID31188__bin.3.fa	/home/jshaw/scratch/2022_sketched_distance/references/SGB_genome_fastas_part4/6540/HMP_2012__SRS021948__bin.39.fa	/home/jshaw/scratch/2022_sketched_distance/references/SGB_genome_fastas_part4/6540/KarlssonFH_2013__S488__bin.4.fa	/home/jshaw/scratch/2022_sketched_distance/references/SGB_genome_fastas_part4/6540/LeChatelierE_2013__MH0100__bin.1.fa	/home/jshaw/scratch/2022_sketched_distance/references/SGB_genome_fastas_part4/6540/LeChatelierE_2013__MH0123__bin.40.fa	/home/jshaw/scratch/2022_sketched_distance/references/SGB_genome_fastas_part4/6540/LeChatelierE_2013__MH0155__bin.40.fa	/home/jshaw/scratch/2022_sketched_distance/references/SGB_genome_fastas_part4/6540/LeChatelierE_2013__MH0173__bin.2.fa	/home/jshaw/scratch/2022_sketched_distance/references/SGB_genome_fastas_part4/6540/NielsenHB_2014__MH0100__bin.17.fa	/home/jshaw/scratch/2022_sketched_distance/references/SGB_genome_fastas_part4/6540/NielsenHB_2014__MH0123__bin.27.fa	/home/jshaw/scratch/2022_sketched_distance/references/SGB_genome_fastas_part4/6540/NielsenHB_2014__MH0155__bin.9.fa	/home/jshaw/scratch/2022_sketched_distance/references/SGB_genome_fastas_part4/6540/NielsenHB_2014__MH0173__bin.9.fa	/home/jshaw/scratch/2022_sketched_distance/references/SGB_genome_fastas_part4/6540/NielsenHB_2014__O2_UC14_2__bin.16.fa	/home/jshaw/scratch/2022_sketched_distance/references/SGB_genome_fastas_part4/6540/NielsenHB_2014__O2_UC4_0__bin.8.fa	/home/jshaw/scratch/2022_sketched_distance/references/SGB_genome_fastas_part4/6540/NielsenHB_2014__O2_UC57_2__bin.22.fa	/home/jshaw/scratch/2022_sketched_distance/references/SGB_genome_fastas_part4/6540/NielsenHB_2014__V1_UC1_0__bin.33.fa	/home/jshaw/scratch/2022_sketched_distance/references/SGB_genome_fastas_part4/6540/NielsenHB_2014__V1_UC14_0__bin.2.fa	/home/jshaw/scratch/2022_sketched_distance/references/SGB_genome_fastas_part4/6540/RaymondF_2016__P25C90__bin.75.fa	/home/jshaw/scratch/2022_sketched_distance/references/SGB_genome_fastas_part4/6540/VogtmannE_2016__MMRS11288076ST-27-0-0__bin.19.fa	/home/jshaw/scratch/2022_sketched_distance/references/SGB_genome_fastas_part4/6540/XieH_2016__YSZC12003_35564__bin.83.fa	/home/jshaw/scratch/2022_sketched_distance/references/SGB_genome_fastas_part4/6540/XieH_2016__YSZC12003_36008__bin.105.fa	/home/jshaw/scratch/2022_sketched_distance/references/SGB_genome_fastas_part4/6540/XieH_2016__YSZC12003_37196__bin.9.fa	/home/jshaw/scratch/2022_sketched_distance/references/SGB_genome_fastas_part4/6540/YuJ_2015__SZAXPI015269-94__bin.36.fa	/home/jshaw/scratch/2022_sketched_distance/references/SGB_genome_fastas_part4/6540/ZeeviD_2015__PNP_Main_183__bin.2.fa	/home/jshaw/scratch/2022_sketched_distance/references/SGB_genome_fastas_part4/6540/ZeeviD_2015__PNP_Main_199__bin.73.fa	/home/jshaw/scratch/2022_sketched_distance/references/SGB_genome_fastas_part4/6540/ZeeviD_2015__PNP_Main_506__bin.7.fa	/home/jshaw/scratch/2022_sketched_distance/references/SGB_genome_fastas_part4/6540/ZeeviD_2015__PNP_Main_645__bin.21.fa
1.0	0.9866070551939097	0.9859442115976871	0.9800291555189599	0.978803369797461	0.9864975051130327	0.9812605114800012	0.9796932498541558	0.9782259752070277	0.9816587700732252	0.9861666477456393	0.9831122598405618	0.9790970854457524	0.9863324926156629	0.9857763909173443	0.9823155327367645	0.9791067429357406	0.9866616936885244	0.9877358298560514	0.983692652707737	0.9866070551939097	0.9820380863380271	0.9874172541259368	0.980095924119547	0.9755420233376315	0.9864975051130327	0.9869876322359072	0.9878413403758893	0.9766521094356154	0.9785246059036721	0.9735972749433089	0.9782220115813973	0.9869876322359072
0.9866070551939097	1.0	0.9990740568800889	0.9884279112262563	0.9833502446909435	0.987175727218223	0.9945664753994427	0.9804968331928781	0.9796338627089566	0.9877663064311208	0.9865147958596704	0.9924448610512168	0.991260926849141	0.9910396112057367	0.9860666781745193	0.9917513462513733	0.9912364647450135	0.9914423176439903	0.9881311966365723	0.9873168724331661	0.9909755692298449	0.9913294182101996	0.9885057992697864	0.9761208054980944	0.9785607527424254	0.9929324193796306	0.9924495263289561	0.9881000372659982	0.9773718160390154	0.9794463812067916	0.9812642804418055	0.9878040703837456	0.9900168221103791
0.9859442115976871	0.9990740568800889	1.0	0.9883295062588594	0.9832474267167927	0.9866015361713878	0.9941359206852467	0.9799047934605573	0.9794496165861134	0.987197465359504	0.9860047312561615	0.9916510954291109	0.9911477432500562	0.9903987296195452	0.9855880502329922	0.9917513462513733	0.9910650294567153	0.9908052090625578	0.9875187295669706	0.9873168724331661	0.9905157118541146	0.9903934440130886	0.9878447396720558	0.9764352124894345	0.9785607527424254	0.9923720780915274	0.991978597216234	0.987331319774938	0.9771628113932184	0.9786767570219655	0.9810544434176541	0.9876938181314001	0.9895218037963234
0.9800291555189599	0.9884279112262563	0.9883295062588594	1.0	0.9906597128261762	0.987480976171622	0.9818950777822532	0.9777867294173004	0.9756316022462356	0.9826414582977896	0.9876323145366063	0.9844115041436177	0.9818422552714614	0.9884279112262563	0.9870739717824968	0.9853705214966765	0.9822492498055039	0.9887700325514487	0.9893005784177208	0.9863493686168581	0.9880822000689191	0.9827584325936299	0.9867653801742089	0.9795079119701059	0.973620904266626	0.9873289387814775	0.9882801933308532	0.9887700325514487	0.9738550783454418	0.9754624754179279	0.9760598982956472	0.9823056243417819	0.9887700325514487
0.978803369797461	0.9833502446909435	0.9832474267167927	0.9906597128261762	1.0	0.9833502446909435	0.9875391169471575	0.9729170057288439	0.9770541955918901	0.9791656526167984	0.9826760879640533	0.9840455138501907	0.9806938655503579	0.9841112703396901	0.9822011013831959	0.9840361086880155	0.9811059120761355	0.984261379110574	0.9843112631296993	0.9806776782783021	0.98340153298483	0.9788449796959152	0.9824658328825299	0.9739603324098153	0.9758648395413864	0.9830925924229331	0.9838089761605958	0.9849040306183946	0.9719427817460122	0.9710873519323678	0.9719691238346745	0.9807055467768703	0.9835549181538168
0.9864975051130327	0.987175727218223	0.9866015361713878	0.987480976171622	0.9833502446909435	1.0	0.9885808076696441	0.9801213239258737	0.9799082973001175	0.9903852125850428	0.989615332703818	0.9909125676419082	0.9876842296690941	0.9886860966412396	0.9892775768825386	0.9910815589504016	0.9881310029073038	0.9891386794068409	0.9871530591367179	0.9857599624123758	0.9879009367318489	0.9881298631938749	0.9866357136286724	0.9763307473020327	0.9804283674802087	0.988271744975173	0.9875886970202955	0.9872534514196325	0.9787984825250382	0.9794463812067916	0.9811944842487891	0.9867414562682161	0.9882877419606302
0.9812605114800012	0.9945664753994427	0.9941359206852467	0.9818950777822532	0.9875391169471575	0.9885808076696441	1.0	0.9796853402356726	0.9711207364719615	0.98743311222117	0.9884781085566969	0.971984162967717	0.9777461320547487	0.9927192901955428	0.9876447814048257	0.966821955327781	0.9773151470414868	0.9927192901955428	0.9905703475234499	0.98743311222117	0.9903767059681496	0.9909542569308118	0.9898875731961642	0.9817691451966459	0.9785913744363148	0.9954944646130109	0.9963972062806393	0.9886831877085676	0.9741270179389984	0.9787301425798988	0.971984162967717	0.9802188779233586	0.9903767059681496
0.9796932498541558	0.9804968331928781	0.9799047934605573	0.9777867294173004	0.9729170057288439	0.9801213239258737	0.9796853402356726	1.0	0.9769546180330319	0.9750004248783853	0.9791354269330359	0.9801414553381579	0.9777609188999734	0.9805501268696323	0.9786310827486495	0.9800292894603264	0.9781018450035857	0.980762436884581	0.9803364287432096	0.9755536078341266	0.980013238099061	0.977278556928818	0.9791354269330359	0.9858936892088214	0.977585265731709	0.9808152996380344	0.981182965069282	0.9797959875800294	0.9755876847414572	0.9850270418685385	0.9850773109872034	0.9774762671769377	0.9799047934605573
0.9782259752070277	0.9796338627089566	0.9794496165861134	0.9756316022462356	0.9770541955918901	0.9799082973001175	0.9711207364719615	0.9769546180330319	1.0	0.9737060463496477	0.9793571021518356	0.9673539508810157	0.9653246658953669	0.978890555426117	0.9787020529305153	0.9664058141478458	0.9650377064746798	0.9791712829842153	0.9797255973797959	0.9768547350522496	0.9789843998585901	0.9755275680715961	0.978890555426117	0.9794496165861134	0.9759417228715177	0.9796338627089566	0.9800899809919522	0.9791712829842153	0.9842524824398364	0.9766540451634265	0.9707059740717182	0.9718929431552588	0.978890555426117
0.9816587700732252	0.9877663064311208	0.987197465359504	0.9826414582977896	0.9791656526167984	0.9903852125850428	0.98743311222117	0.9750004248783853	0.9737060463496477	1.0	0.9911150153557412	0.9838609759631551	0.9810811596420846	0.9885097901517493	0.9906446356134617	0.9836143576658322	0.9811059120761355	0.9886473444893348	0.988463810805675	0.9843001676065265	0.9873881734465072	0.9828043188728506	0.9886930686366691	0.976159809478632	0.9756230282833611	0.9869575153979719	0.9885097901517493	0.986618617733609	0.973387469649133	0.9735812794389743	0.9744677018175043	0.9822404933266758	0.987101695257771
0.9861666477456393	0.9865147958596704	0.9860047312561615	0.9876323145366063	0.9826760879640533	0.989615332703818	0.9884781085566969	0.9791354269330359	0.9793571021518356	0.9911150153557412	1.0	0.990309621535039	0.9866610323922429	0.9886502018474226	0.9993550252886779	0.9896114940345545	0.986788930005959	0.9889959257154401	0.9881668718224946	0.986677093145284	0.9874684306005658	0.9875050377239247	0.9870943197082687	0.9750502771720069	0.9792917637402744	0.9882340850460599	0.9875886970202955	0.98760241732406	0.977922694803778	0.9784362504210207	0.979984567183565	0.9881326294429921	0.9879531923224157
0.9831122598405618	0.9924448610512168	0.9916510954291109	0.9844115041436177	0.9840455138501907	0.9909125676419082	0.971984162967717	0.9801414553381579	0.9673539508810157	0.9838609759631551	0.990309621535039	1.0	0.9738744165989629	0.9905370185036455	0.9902334731236603	0.9955820439855858	0.9747423419814301	0.9906124707795657	0.9917968409918608	0.9863546198020601	0.9900806472327495	0.9885121359681238	0.9909871677335231	0.9816605612121622	0.9731115532250791	0.9907628600762322	0.9915047044010009	0.9939093102330996	0.9765276270311772	0.9802449550561758	0.9727232872526336	0.9817593696023798	0.990309621535039
0.9790970854457524	0.991260926849141	0.9911477432500562	0.9818422552714614	0.9806938655503579	0.9876842296690941	0.9777461320547487	0.9777609188999734	0.9653246658953669	0.9810811596420846	0.9866610323922429	0.9738744165989629	1.0	0.9894614304982665	0.9865960135207325	0.9742116173106594	0.998751349063892	0.9897583898498109	0.9889806627495031	0.985738854806873	0.9923719438707107	0.9834568729182933	0.9880598745690535	0.9775899812583914	0.9697816682840987	0.9891015134666885	0.9895210366258417	0.986984212706555	0.9698904859058503	0.9744434179708228	0.9705358118034815	0.9775041750103615	0.9908058470169333
0.9863324926156629	0.9910396112057367	0.9903987296195452	0.9884279112262563	0.9841112703396901	0.9886860966412396	0.9927192901955428	0.9805501268696323	0.978890555426117	0.9885097901517493	0.9886502018474226	0.9905370185036455	0.9894614304982665	1.0	0.9881799759199594	0.9904841446184467	0.989958104411556	0.9996128186483485	0.9910396112057367	0.9896406154490495	0.9894309969255807	0.9911281895876132	0.9884329999010641	0.9768497526247423	0.9791468656890766	0.9904912677470399	0.9909392425178246	0.9883271963635725	0.9767407349122748	0.9796795837836126	0.9804167293811555	0.9873050012121324	0.990400621791457
0.9857763909173443	0.9860666781745193	0.9855880502329922	0.9870739717824968	0.9822011013831959	0.9892775768825386	0.9876447814048257	0.9786310827486495	0.9787020529305153	0.9906446356134617	0.9993550252886779	0.9902334731236603	0.9865960135207325	0.9881799759199594	1.0	0.9895229460631957	0.986723635936241	0.988527659784373	0.9877723030809682	0.9862871658242462	0.9870669114922466	0.9870513593503462	0.9866741759643023	0.9745567928124925	0.9787082710256365	0.9879312453891305	0.9871889612850477	0.9874090043265523	0.9775104112443749	0.9780110482076629	0.9796932498541558	0.9876385532441173	0.9876152091235639
0.9823155327367645	0.9917513462513733	0.9917513462513733	0.9853705214966765	0.9840361086880155	0.9910815589504016	0.966821955327781	0.9800292894603264	0.9664058141478458	0.9836143576658322	0.9896114940345545	0.9955820439855858	0.9742116173106594	0.9904841446184467	0.9895229460631957	1.0	0.9753248001902509	0.9909119689639687	0.9918341233066233	0.9887151291446242	0.9899633281823368	0.9860672056086576	0.9906559400443746	0.9814201189437717	0.9726158707373873	0.9904841446184467	0.9903979105295327	0.9950611750056246	0.9778252589403305	0.9790680490530707	0.9726158707373873	0.9799106704288443	0.9893451337536808
0.9791067429357406	0.9912364647450135	0.9910650294567153	0.9822492498055039	0.9811059120761355	0.9881310029073038	0.9773151470414868	0.9781018450035857	0.9650377064746798	0.9811059120761355	0.986788930005959	0.9747423419814301	0.998751349063892	0.989958104411556	0.986723635936241	0.9753248001902509	1.0	0.9902530177611284	0.9892998642986439	0.9861300809386656	0.9921360636323399	0.9837141329582	0.9884426399908133	0.9778457065926853	0.970144197148285	0.9892393677438673	0.9901353684637499	0.9872423954545128	0.9700353510612023	0.9745089291095951	0.970575954854473	0.9781018450035857	0.9904287091996363
0.9866616936885244	0.9914423176439903	0.9908052090625578	0.9887700325514487	0.984261379110574	0.9891386794068409	0.9927192901955428	0.980762436884581	0.9791712829842153	0.9886473444893348	0.9889959257154401	0.9906124707795657	0.9897583898498109	0.9996128186483485	0.988527659784373	0.9909119689639687	0.9902530177611284	1.0	0.9914755117784	0.9898368487390213	0.9900864351600455	0.9911685334766089	0.9886509172649378	0.9774590994256848	0.9794360214501723	0.9907366743558748	0.9912758449873278	0.9885527998596505	0.9773718160390154	0.9799687644942712	0.9806306859820827	0.9876938181314001	0.9906425549797561
0.9877358298560514	0.9881311966365723	0.9875187295669706	0.9893005784177208	0.9843112631296993	0.9871530591367179	0.9905703475234499	0.9803364287432096	0.9797255973797959	0.988463810805675	0.9881668718224946	0.9917968409918608	0.9889806627495031	0.9910396112057367	0.9877723030809682	0.9918341233066233	0.9892998642986439	0.9914755117784	1.0	0.996670768594286	0.9880239386445233	0.989894369400684	0.9886509172649378	0.9765912842899614	0.9798650094272552	0.9895634421990108	0.9885919875461485	0.989220489611373	0.9781946816611579	0.9795631906874837	0.9807725496099579	0.9884579434169946	0.9896994499050719
0.983692652707737	0.9873168724331661	0.9873168724331661	0.9863493686168581	0.9806776782783021	0.9857599624123758	0.98743311222117	0.9755536078341266	0.9768547350522496	0.9843001676065265	0.986677093145284	0.9863546198020601	0.985738854806873	0.9896406154490495	0.9862871658242462	0.9887151291446242	0.9861300809386656	0.9898368487390213	0.996670768594286	1.0	0.9871899079453593	0.984288910706597	0.9870198563107924	0.9760341854412614	0.9760250541110221	0.9868489211720712	0.9873590853117337	0.9875273975010284	0.9743922425898167	0.9748682536659933	0.9774996470842103	0.9843242664461025	0.9876112319563817
0.9866070551939097	0.9909755692298449	0.9905157118541146	0.9880822000689191	0.98340153298483	0.9879009367318489	0.9903767059681496	0.980013238099061	0.9789843998585901	0.9873881734465072	0.9874684306005658	0.9900806472327495	0.9923719438707107	0.9894309969255807	0.9870669114922466	0.9899633281823368	0.9921360636323399	0.9900864351600455	0.9880239386445233	0.9871899079453593	1.0	0.9892597194897862	0.9881769278005965	0.9764352124894345	0.9786345952717417	0.9903148537938424	0.9886794073559191	0.9882138126270096	0.9776484194287445	0.9797955635021094	0.9807725496099579	0.9877489904062675	0.990400621791457
0.9820380863380271	0.9913294182101996	0.9903934440130886	0.9827584325936299	0.9788449796959152	0.9881298631938749	0.9909542569308118	0.977278556928818	0.9755275680715961	0.9828043188728506	0.9875050377239247	0.9885121359681238	0.9834568729182933	0.9911281895876132	0.9870513593503462	0.9860672056086576	0.9837141329582	0.9911685334766089	0.989894369400684	0.984288910706597	0.9892597194897862	1.0	0.9887430560547817	0.9774014697440054	0.9733617313054269	0.9933148927525854	0.9936158082886057	0.9876847724747189	0.9720247538582493	0.9740499646054896	0.9747243447220096	0.982757950087224	0.9894726291370198
0.9874172541259368	0.9885057992697864	0.9878447396720558	0.9867653801742089	0.9824658328825299	0.9866357136286724	0.9898875731961642	0.9791354269330359	0.978890555426117	0.9886930686366691	0.9870943197082687	0.9909871677335231	0.9880598745690535	0.9884329999010641	0.9866741759643023	0.9906559400443746	0.9884426399908133	0.9886509172649378	0.9886509172649378	0.9870198563107924	0.9881769278005965	0.9887430560547817	1.0	0.9753543250665222	0.9788551252583201	0.9887945134816195	0.9888314207253672	0.987214448038837	0.9763131147523821	0.9794463812067916	0.979620012679314	0.9871930617544686	0.9881023007241121
0.980095924119547	0.9761208054980944	0.9764352124894345	0.9795079119701059	0.9739603324098153	0.9763307473020327	0.9817691451966459	0.9858936892088214	0.9794496165861134	0.976159809478632	0.9750502771720069	0.9816605612121622	0.9775899812583914	0.9768497526247423	0.9745567928124925	0.9814201189437717	0.9778457065926853	0.9774590994256848	0.9765912842899614	0.9760341854412614	0.9764352124894345	0.9774014697440054	0.9753543250665222	1.0	0.9783382167808323	0.9773939331694328	0.9771061854323251	0.9769410007355426	0.9766698538421421	0.9924595619740729	0.9930818022056933	0.9782956562742459	0.9764342467555195
0.9755420233376315	0.9785607527424254	0.9785607527424254	0.973620904266626	0.9758648395413864	0.9804283674802087	0.9785913744363148	0.977585265731709	0.9759417228715177	0.9756230282833611	0.9792917637402744	0.9731115532250791	0.9697816682840987	0.9791468656890766	0.9787082710256365	0.9726158707373873	0.970144197148285	0.9794360214501723	0.9798650094272552	0.9760250541110221	0.9786345952717417	0.9733617313054269	0.9788551252583201	0.9783382167808323	1.0	0.9789283052495672	0.9792917637402744	0.9774325654546018	0.9763431356966957	0.9757844353748262	0.9701568454035289	0.9723038210386472	0.9795796445466135
0.9864975051130327	0.9929324193796306	0.9923720780915274	0.9873289387814775	0.9830925924229331	0.988271744975173	0.9954944646130109	0.9808152996380344	0.9796338627089566	0.9869575153979719	0.9882340850460599	0.9907628600762322	0.9891015134666885	0.9904912677470399	0.9879312453891305	0.9904841446184467	0.9892393677438673	0.9907366743558748	0.9895634421990108	0.9868489211720712	0.9903148537938424	0.9933148927525854	0.9887945134816195	0.9773939331694328	0.9789283052495672	1.0	0.9948067099687832	0.9875251884453865	0.9775104112443749	0.9790934238884236	0.9806306859820827	0.9873050012121324	0.9901374919851154
0.9869876322359072	0.9924495263289561	0.991978597216234	0.9882801933308532	0.9838089761605958	0.9875886970202955	0.9963972062806393	0.981182965069282	0.9800899809919522	0.9885097901517493	0.9875886970202955	0.9915047044010009	0.9895210366258417	0.9909392425178246	0.9871889612850477	0.9903979105295327	0.9901353684637499	0.9912758449873278	0.9885919875461485	0.9873590853117337	0.9886794073559191	0.9936158082886057	0.9888314207253672	0.9771061854323251	0.9792917637402744	0.9948067099687832	1.0	0.98881406650098	0.9781268973733438	0.9798533992754764	0.9811245387909081	0.9881326294429921	0.9903311711402586
0.9878413403758893	0.9881000372659982	0.987331319774938	0.9887700325514487	0.9849040306183946	0.9872534514196325	0.9886831877085676	0.9797959875800294	0.9791712829842153	0.986618617733609	0.98760241732406	0.9939093102330996	0.986984212706555	0.9883271963635725	0.9874090043265523	0.9950611750056246	0.9872423954545128	0.9885527998596505	0.989220489611373	0.9875273975010284	0.9882138126270096	0.9876847724747189	0.987214448038837	0.9769410007355426	0.9774325654546018	0.9875251884453865	0.98881406650098	1.0	0.9770928441003504	0.9790342248007976	0.979620012679314	0.9890461369306979	0.9877563336859683
0.9766521094356154	0.9773718160390154	0.9771628113932184	0.9738550783454418	0.9719427817460122	0.9787984825250382	0.9741270179389984	0.9755876847414572	0.9842524824398364	0.973387469649133	0.977922694803778	0.9765276270311772	0.9698904859058503	0.9767407349122748	0.9775104112443749	0.9778252589403305	0.9700353510612023	0.9773718160390154	0.9781946816611579	0.9743922425898167	0.9776484194287445	0.9720247538582493	0.9763131147523821	0.9766698538421421	0.9763431356966957	0.9775104112443749	0.9781268973733438	0.9770928441003504	1.0	0.9752188104051456	0.9720617541434543	0.9731243094329121	0.9777858456256434
0.9785246059036721	0.9794463812067916	0.9786767570219655	0.9754624754179279	0.9710873519323678	0.9794463812067916	0.9787301425798988	0.9850270418685385	0.9766540451634265	0.9735812794389743	0.9784362504210207	0.9802449550561758	0.9744434179708228	0.9796795837836126	0.9780110482076629	0.9790680490530707	0.9745089291095951	0.9799687644942712	0.9795631906874837	0.9748682536659933	0.9797955635021094	0.9740499646054896	0.9794463812067916	0.9924595619740729	0.9757844353748262	0.9790934238884236	0.9798533992754764	0.9790342248007976	0.9752188104051456	1.0	0.9910229452133532	0.9755335956563823	0.9787366076243276
0.9735972749433089	0.9812642804418055	0.9810544434176541	0.9760598982956472	0.9719691238346745	0.9811944842487891	0.971984162967717	0.9850773109872034	0.9707059740717182	0.9744677018175043	0.979984567183565	0.9727232872526336	0.9705358118034815	0.9804167293811555	0.9796932498541558	0.9726158707373873	0.970575954854473	0.9806306859820827	0.9807725496099579	0.9774996470842103	0.9807725496099579	0.9747243447220096	0.979620012679314	0.9930818022056933	0.9701568454035289	0.9806306859820827	0.9811245387909081	0.979620012679314	0.9720617541434543	0.9910229452133532	1.0	0.9706436862228821	0.9802733094853227
0.9782220115813973	0.9878040703837456	0.9876938181314001	0.9823056243417819	0.9807055467768703	0.9867414562682161	0.9802188779233586	0.9774762671769377	0.9718929431552588	0.9822404933266758	0.9881326294429921	0.9817593696023798	0.9775041750103615	0.9873050012121324	0.9876385532441173	0.9799106704288443	0.9781018450035857	0.9876938181314001	0.9884579434169946	0.9843242664461025	0.9877489904062675	0.982757950087224	0.9871930617544686	0.9782956562742459	0.9723038210386472	0.9873050012121324	0.9881326294429921	0.9890461369306979	0.9731243094329121	0.9755335956563823	0.9706436862228821	1.0	0.9881870720253284
0.9869876322359072	0.9900168221103791	0.9895218037963234	0.9887700325514487	0.9835549181538168	0.9882877419606302	0.9903767059681496	0.9799047934605573	0.978890555426117	0.987101695257771	0.9879531923224157	0.990309621535039	0.9908058470169333	0.990400621791457	0.9876152091235639	0.9893451337536808	0.9904287091996363	0.9906425549797561	0.9896994499050719	0.9876112319563817	0.990400621791457	0.9894726291370198	0.9881023007241121	0.9764342467555195	0.9795796445466135	0.9901374919851154	0.9903311711402586	0.9877563336859683	0.9777858456256434	0.9787366076243276	0.9802733094853227	0.9881870720253284	1.0
