/home/jshaw/scratch/2022_sketched_distance/references/SGB_genome_fastas_part4/6771/BackhedF_2015__SID229_12M__bin.33.fa	/home/jshaw/scratch/2022_sketched_distance/references/SGB_genome_fastas_part4/6771/BackhedF_2015__SID229_M__bin.16.fa	/home/jshaw/scratch/2022_sketched_distance/references/SGB_genome_fastas_part4/6771/BackhedF_2015__SID341_M__bin.41.fa	/home/jshaw/scratch/2022_sketched_distance/references/SGB_genome_fastas_part4/6771/BackhedF_2015__SID377_M__bin.41.fa	/home/jshaw/scratch/2022_sketched_distance/references/SGB_genome_fastas_part4/6771/BackhedF_2015__SID383_4M__bin.9.fa	/home/jshaw/scratch/2022_sketched_distance/references/SGB_genome_fastas_part4/6771/Bengtsson-PalmeJ_2015__TRAVELRES9__bin.132.fa	/home/jshaw/scratch/2022_sketched_distance/references/SGB_genome_fastas_part4/6771/BritoIL_2016__M2.46.ST__bin.28.fa	/home/jshaw/scratch/2022_sketched_distance/references/SGB_genome_fastas_part4/6771/CosteaPI_2017__donald5-11-30-0__bin.8.fa	/home/jshaw/scratch/2022_sketched_distance/references/SGB_genome_fastas_part4/6771/FengQ_2015__SID31873__bin.56.fa	/home/jshaw/scratch/2022_sketched_distance/references/SGB_genome_fastas_part4/6771/HeQ_2017__SZAXPI029577-94__bin.45.fa	/home/jshaw/scratch/2022_sketched_distance/references/SGB_genome_fastas_part4/6771/HMP_2012__SRS017521__bin.41.fa	/home/jshaw/scratch/2022_sketched_distance/references/SGB_genome_fastas_part4/6771/KarlssonFH_2013__S458__bin.49.fa	/home/jshaw/scratch/2022_sketched_distance/references/SGB_genome_fastas_part4/6771/KarlssonFH_2013__S58__bin.26.fa	/home/jshaw/scratch/2022_sketched_distance/references/SGB_genome_fastas_part4/6771/LiJ_2014__MH0372__bin.30.fa	/home/jshaw/scratch/2022_sketched_distance/references/SGB_genome_fastas_part4/6771/LiJ_2014__MH0373__bin.56.fa	/home/jshaw/scratch/2022_sketched_distance/references/SGB_genome_fastas_part4/6771/LiSS_2016__FAT_015-22-42-0__bin.64.fa	/home/jshaw/scratch/2022_sketched_distance/references/SGB_genome_fastas_part4/6771/NielsenHB_2014__V1_UC30_0__bin.41.fa	/home/jshaw/scratch/2022_sketched_distance/references/SGB_genome_fastas_part4/6771/QinJ_2012__CON-085__bin.12.fa	/home/jshaw/scratch/2022_sketched_distance/references/SGB_genome_fastas_part4/6771/QinJ_2012__T2D-092__bin.9.fa	/home/jshaw/scratch/2022_sketched_distance/references/SGB_genome_fastas_part4/6771/QinJ_2012__T2D-099__bin.65.fa	/home/jshaw/scratch/2022_sketched_distance/references/SGB_genome_fastas_part4/6771/VincentC_2016__MM062.2__bin.4.fa	/home/jshaw/scratch/2022_sketched_distance/references/SGB_genome_fastas_part4/6771/VincentC_2016__MM063__bin.15.fa	/home/jshaw/scratch/2022_sketched_distance/references/SGB_genome_fastas_part4/6771/VogtmannE_2016__MMRS44197125ST-27-0-0__bin.42.fa	/home/jshaw/scratch/2022_sketched_distance/references/SGB_genome_fastas_part4/6771/XieH_2016__YSZC12003_37097__bin.86.fa	/home/jshaw/scratch/2022_sketched_distance/references/SGB_genome_fastas_part4/6771/XieH_2016__YSZC12003_37206__bin.17.fa	/home/jshaw/scratch/2022_sketched_distance/references/SGB_genome_fastas_part4/6771/XieH_2016__YSZC12003_37207R1__bin.21.fa	/home/jshaw/scratch/2022_sketched_distance/references/SGB_genome_fastas_part4/6771/XieH_2016__YSZC12003_37232__bin.33.fa	/home/jshaw/scratch/2022_sketched_distance/references/SGB_genome_fastas_part4/6771/XieH_2016__YSZC12003_37647__bin.4.fa	/home/jshaw/scratch/2022_sketched_distance/references/SGB_genome_fastas_part4/6771/ZeeviD_2015__PNP_DietIntervention_37__bin.7.fa	/home/jshaw/scratch/2022_sketched_distance/references/SGB_genome_fastas_part4/6771/ZeeviD_2015__PNP_DietIntervention_45__bin.2.fa	/home/jshaw/scratch/2022_sketched_distance/references/SGB_genome_fastas_part4/6771/ZeeviD_2015__PNP_DietIntervention_50__bin.4.fa	/home/jshaw/scratch/2022_sketched_distance/references/SGB_genome_fastas_part4/6771/ZeeviD_2015__PNP_DietIntervention_54__bin.3.fa	/home/jshaw/scratch/2022_sketched_distance/references/SGB_genome_fastas_part4/6771/ZeeviD_2015__PNP_Main_129__bin.30.fa	/home/jshaw/scratch/2022_sketched_distance/references/SGB_genome_fastas_part4/6771/ZeeviD_2015__PNP_Main_381__bin.24.fa	/home/jshaw/scratch/2022_sketched_distance/references/SGB_genome_fastas_part4/6771/ZeeviD_2015__PNP_Main_454__bin.96.fa	/home/jshaw/scratch/2022_sketched_distance/references/SGB_genome_fastas_part4/6771/ZeeviD_2015__PNP_Main_89__bin.1.fa	/home/jshaw/scratch/2022_sketched_distance/references/SGB_genome_fastas_part4/6771/ZellerG_2014__CCIS33816588ST-4-0__bin.45.fa	/home/jshaw/scratch/2022_sketched_distance/references/SGB_genome_fastas_part4/6771/ZellerG_2014__CCIS44093303ST-4-0__bin.47.fa
1.0	0.984142088235655	0.9818352721184306	0.9805774186571857	0.9842775947543712	0.9827402221296221	0.9830474238836573	0.9864234331130631	0.9864237371471436	0.9839780870463906	0.975326774204047	0.9854027510291631	0.983031315671766	0.9851590634003626	0.9834141229793734	0.983014944803609	0.9855546268447571	0.9850571736545588	0.9779776752169993	0.9831227052497271	0.9787877222957588	0.9818984919502302	0.9832290053018257	0.9811478309701639	0.9829855251236799	0.9818984919502302	0.9838596668112306	0.9833198460221633	0.9818794934857035	0.982197129868393	0.98500562370899	0.9850479012834388	0.9833550012415516	0.9815652169360192	0.975326774204047	0.9835216385901395	0.9833376945214288	0.9802469433503929
0.984142088235655	1.0	0.9946283487799082	0.9945347432411408	0.9937839042618924	0.9964470433533152	0.9922227069797349	0.9973044666248267	0.9961859175042316	0.9936561241006698	0.9893166605963594	0.994073435692482	0.996875647976172	0.9950281338120006	0.994464365229511	0.9945464583973289	0.9947633286964829	0.9954264093399259	0.9915190789611136	0.9962695931257444	0.9905325327253445	0.9950809295218555	0.9971258471843036	0.9945230239435165	0.9969737764655758	0.9945581694150557	0.9982970866136144	0.9976953228317079	0.9935355843605166	0.9942523301713251	0.994566966772284	0.9941526081682924	0.9943702948443109	0.9946983799062156	0.9896443150573706	0.9931468819119171	0.9938504526365937	0.9945347432411408
0.9818352721184306	0.9946283487799082	1.0	0.9919952168192382	0.9945644247715792	0.9935566520818928	0.992806885811351	0.9964419964666974	0.9961203156342393	0.9954807523449913	0.986669005883837	0.9961383166981979	0.9928702837193301	0.9962811180779834	0.9934171667294418	0.9943967537624767	0.9958086773240747	0.9957226424658049	0.9894153618719111	0.9921380423751957	0.9894786061046705	0.9952427439479551	0.993125575579668	0.9912109086299192	0.9929022112068967	0.9954150584582926	0.9930825541930791	0.9926800534986929	0.9938122758867145	0.9933418333696893	0.9963024694377702	0.9965069579557594	0.9954055560396995	0.9917450551914255	0.9843673004276332	0.9943687540555056	0.9940578916027349	0.990071936632801
0.9805774186571857	0.9945347432411408	0.9919952168192382	1.0	0.993366977144414	0.9921909544487377	0.9910850697731363	0.9961619589128057	0.9951880105749557	0.9919475250478672	0.9859268477472017	0.993028166782977	0.9932639622553999	0.9950977121715152	0.9915330293495891	0.9918179079059717	0.9926969058817274	0.9943882804248304	0.9881216807654994	0.9925449327061652	0.9893152330187724	0.991330332402134	0.9935296222857027	0.9912831677371045	0.9928276657672302	0.9912831677371045	0.9937822288992273	0.9934413055417789	0.990557408698934	0.9909034067663909	0.9939923540270504	0.993724429730769	0.992731782005908	0.990951116320811	0.9850831764129953	0.9914478220739594	0.9927933090915743	0.9908675793221475
0.9842775947543712	0.9937839042618924	0.9945644247715792	0.993366977144414	1.0	0.9942467592771863	0.9897117666702985	0.9944894271135659	0.9940428367322527	0.9942084340091893	0.9897984778243842	0.9940289943573714	0.9961086550487244	0.9941700643683961	0.9975611446416336	0.9940803620574791	0.993143330862549	0.9924646680011892	0.9907486714573925	0.9947787115831331	0.9870891938905141	0.9950539840939506	0.9955241395978206	0.9929181634082127	0.9957201239915304	0.9945264652588183	0.996516547770679	0.9959877268413747	0.9936281709997563	0.9944123252210773	0.9928782684791972	0.9924092386253861	0.9937579995110053	0.9942722848557775	0.9877341411881668	0.9934717020255842	0.9904491603642797	0.9940161399799284
0.9827402221296221	0.9964470433533152	0.9935566520818928	0.9921909544487377	0.9942467592771863	1.0	0.9937581724045071	0.9989133283110275	0.9971971168199171	0.9948170159011405	0.9869609353296539	0.9970581850798865	0.9948288680047493	0.9967693645694019	0.9927475020059383	0.9970133133060363	0.9965144442334685	0.9966955709845642	0.9911286008094852	0.995530076542373	0.9930290071084357	0.9939825572591368	0.9960642651904332	0.994166508377876	0.997018535216133	0.9946804554375998	0.9970976574316335	0.9963584865566011	0.9944090114215501	0.9944672783885586	0.9986557477819421	0.9967739545849945	0.9983897892772989	0.9948182891079405	0.988673890955322	0.995441687931865	0.995514320471223	0.9918307818563431
0.9830474238836573	0.9922227069797349	0.992806885811351	0.9910850697731363	0.9897117666702985	0.9937581724045071	1.0	0.9924146059533541	0.9935734531397693	0.9930288521088481	0.9878157563912552	0.99480893075476	0.9929254530579568	0.99246361927107	0.9922981807270337	0.9934683689766499	0.9939164901024515	0.9915201445517987	0.9900524177453952	0.992895851044879	0.984240700758792	0.9929698064950422	0.9934246789057282	0.9926282345975598	0.9939308451749072	0.9932932617521283	0.9935990944135119	0.9932200262073564	0.9929254530579568	0.9937148632107564	0.9921470606103728	0.9921319105511388	0.9926878922353888	0.9928810401037901	0.9853043524361651	0.9943869544292759	0.9885163631248128	0.9908968408677269
0.9864234331130631	0.9973044666248267	0.9964419964666974	0.9961619589128057	0.9944894271135659	0.9989133283110275	0.9924146059533541	1.0	0.9874638733797022	0.9961056669005206	0.9939527337910663	0.99677495449672	0.9967933546846708	0.9965903899608838	0.9961244415102766	0.998338844809041	0.9962181556565876	0.9961056669005206	0.994390692927935	0.9974310259739994	0.9784310174401327	0.9973949152946169	0.9971410362524008	0.9967933546846708	0.9982509303103547	0.9973044666248267	0.9987922938737357	0.9982861239865898	0.9969035423477086	0.9969950871157333	0.9972863473229797	0.9950563586864366	0.9981627829211713	0.9965533536898143	0.9902905516294976	0.9965348200580258	0.9918215336428762	0.99532661964214
0.9864237371471436	0.9961859175042316	0.9961203156342393	0.9951880105749557	0.9940428367322527	0.9971971168199171	0.9935734531397693	0.9874638733797022	1.0	0.9972183008777171	0.9924923612327528	0.9985467577850052	0.9966199825768319	0.9967276183242514	0.995768232830322	0.997027156543053	0.9981784599900673	0.9950752566114576	0.9939261128491492	0.9970058502668916	0.977389466106958	0.996920488299814	0.9968563226174256	0.9963167337207756	0.9974924721892668	0.9971122453194518	0.9975134689372734	0.996920488299814	0.9968991135029664	0.9973451225048499	0.9958786603607034	0.9959887217675155	0.9961859175042316	0.9959887217675155	0.9902441518457687	0.998301679372037	0.99239453287636	0.9953900069578075
0.9839780870463906	0.9936561241006698	0.9954807523449913	0.9919475250478672	0.9942084340091893	0.9948170159011405	0.9930288521088481	0.9961056669005206	0.9972183008777171	1.0	0.9885494900607045	0.9965677661138485	0.9955026498129501	0.9955807170073027	0.9937266010514524	0.9948058403164101	0.9960301192344936	0.9957610873600602	0.9906806631836926	0.9944349167867437	0.9898720327349978	0.9956119209326914	0.9956119209326914	0.9938763786689855	0.9958618875259608	0.9960346737646193	0.9956337320475326	0.9952278872527859	0.9966747308907514	0.9976738482016307	0.9956637111085974	0.9977200097154149	0.9948134681863232	0.9943556996443732	0.9868590530766653	0.994646012243211	0.9944416705619147	0.9926945073586193
0.975326774204047	0.9893166605963594	0.986669005883837	0.9859268477472017	0.9897984778243842	0.9869609353296539	0.9878157563912552	0.9939527337910663	0.9924923612327528	0.9885494900607045	1.0	0.9897886533433414	0.9855743320867328	0.9891354569093305	0.9873810146300819	0.987500814208387	0.9892903012813999	0.991136823741133	0.9835308337695625	0.9857192193161344	0.986533812774793	0.9898468351138313	0.9858645671547829	0.980755768519661	0.9857422241382287	0.9879343192996938	0.9857484609255664	0.9860933704151152	0.9874097056613254	0.9864621270891824	0.9892678153345089	0.9892959709858492	0.9885807157060722	0.9858195692669951	0.9744476150553891	0.9882015352462712	0.9881078300038331	0.9827410264079327
0.9854027510291631	0.994073435692482	0.9961383166981979	0.993028166782977	0.9940289943573714	0.9970581850798865	0.99480893075476	0.99677495449672	0.9985467577850052	0.9965677661138485	0.9897886533433414	1.0	0.9959786879557291	0.9953556842470619	0.9956224687561175	0.9971686417433361	0.9977062875905203	0.9964706726071693	0.992840232728972	0.9961951414886153	0.9911136766391466	0.9965902156324853	0.9969029264051364	0.9956686479138217	0.9975196566574402	0.9968695621059864	0.9972347399785123	0.9967134175404881	0.9966238614902336	0.9975523750955965	0.9960947710822797	0.9963316663467576	0.9966238614902336	0.9961724232404298	0.9883953944111459	0.9981251558157511	0.9949555070462052	0.9930531442263717
0.983031315671766	0.996875647976172	0.9928702837193301	0.9932639622553999	0.9961086550487244	0.9948288680047493	0.9929254530579568	0.9967933546846708	0.9966199825768319	0.9955026498129501	0.9855743320867328	0.9959786879557291	1.0	0.996780378108851	0.9948035153215352	0.9938544251294278	0.9960533432170191	0.9960797416756484	0.991354409260779	0.9939361993689642	0.9914224165802276	0.9952947871495645	0.9953732223243373	0.9916192198697459	0.9936537894384537	0.993280489745883	0.9952505904037965	0.995395798762945	0.9940677559713733	0.9933525952366337	0.9957573887401041	0.9962964967310826	0.9948360040864903	0.993657911187371	0.9866788862454081	0.9948295712179651	0.9949017924352327	0.9944018815425577
0.9851590634003626	0.9950281338120006	0.9962811180779834	0.9950977121715152	0.9941700643683961	0.9967693645694019	0.99246361927107	0.9965903899608838	0.9967276183242514	0.9955807170073027	0.9891354569093305	0.9953556842470619	0.996780378108851	1.0	0.995178702889331	0.9961130162690918	0.9953850079477536	0.9956841529891334	0.9916713223028489	0.9968243957963586	0.9892449674609507	0.9958422704740634	0.9972830952471499	0.9951440167926593	0.996692167400653	0.9964483732594359	0.997010823173356	0.9962363740695023	0.9954204953926955	0.996146704779573	0.9960716130878559	0.9958358692877901	0.9960455365322519	0.9945958111597338	0.9882496700649431	0.9943242007901966	0.9940854522646162	0.9940981359589496
0.9834141229793734	0.994464365229511	0.9934171667294418	0.9915330293495891	0.9975611446416336	0.9927475020059383	0.9922981807270337	0.9961244415102766	0.995768232830322	0.9937266010514524	0.9873810146300819	0.9956224687561175	0.9948035153215352	0.995178702889331	1.0	0.9929952932338741	0.9950038170329205	0.9952967828476029	0.9884690556926056	0.9930669985789762	0.988725059424442	0.9937080275596358	0.9943040840927003	0.9916399089524188	0.993907906899715	0.9926211367038297	0.99514656167247	0.9947387971978315	0.9919429023946643	0.9928733865977254	0.9952150949803207	0.9950049161106014	0.9937482596615015	0.9925750657698633	0.985933113965906	0.9937717644237165	0.9938920444645049	0.9922391188405292
0.983014944803609	0.9945464583973289	0.9943967537624767	0.9918179079059717	0.9940803620574791	0.9970133133060363	0.9934683689766499	0.998338844809041	0.997027156543053	0.9948058403164101	0.987500814208387	0.9971686417433361	0.9938544251294278	0.9961130162690918	0.9929952932338741	1.0	0.9962270072352388	0.9966831164931621	0.990695403647724	0.9945063510071145	0.9912904525424405	0.9945828540539463	0.995519236433013	0.9938209311894797	0.9960247683382196	0.9950058838330516	0.9962435406384644	0.9956886040261304	0.9947027175868898	0.9958150649252061	0.9984946063632715	0.9969008941020527	0.9983695404268115	0.9939658276631453	0.9873244985466985	0.9953967312607785	0.9951961520561464	0.9909034616760944
0.9855546268447571	0.9947633286964829	0.9958086773240747	0.9926969058817274	0.993143330862549	0.9965144442334685	0.9939164901024515	0.9962181556565876	0.9981784599900673	0.9960301192344936	0.9892903012813999	0.9977062875905203	0.9960533432170191	0.9953850079477536	0.9950038170329205	0.9962270072352388	1.0	0.9958378438204528	0.9925939863208441	0.9953968498747929	0.9897798829752656	0.9960417332563691	0.9964342123030405	0.9949078308705082	0.996765347537995	0.9962270072352388	0.996890092205614	0.9964342123030405	0.9955504115737298	0.9963652874859141	0.994919844344263	0.9950536598085946	0.9959487071239247	0.9957501567819825	0.9884099912763515	0.9975513020706457	0.9944689140480324	0.9936590041343866
0.9850571736545588	0.9954264093399259	0.9957226424658049	0.9943882804248304	0.9924646680011892	0.9966955709845642	0.9915201445517987	0.9961056669005206	0.9950752566114576	0.9957610873600602	0.991136823741133	0.9964706726071693	0.9960797416756484	0.9956841529891334	0.9952967828476029	0.9966831164931621	0.9958378438204528	1.0	0.9954005245244696	0.9960543615833239	0.9909804711947602	0.9960416642580998	0.9967702000479599	0.9955812956245951	0.9971039720367516	0.9963198899231149	0.997397870245263	0.9971285630478017	0.9962442410899204	0.996956042646447	0.9951666478950459	0.9947071122014455	0.9962063519522432	0.9972757282808837	0.9889449691539042	0.996016255030648	0.9939335841425452	0.9939177497443179
0.9779776752169993	0.9915190789611136	0.9894153618719111	0.9881216807654994	0.9907486714573925	0.9911286008094852	0.9900524177453952	0.994390692927935	0.9939261128491492	0.9906806631836926	0.9835308337695625	0.992840232728972	0.991354409260779	0.9916713223028489	0.9884690556926056	0.990695403647724	0.9925939863208441	0.9954005245244696	1.0	0.9909971607165413	0.9928402855490078	0.9898768625830543	0.9918481565778178	0.9901973414171242	0.9921848240827271	0.989727892908937	0.9924150276990362	0.9917429726848922	0.9904094296865442	0.9906481086373405	0.991482413326533	0.9920742236136587	0.9916086672013585	0.9923116342903188	0.9844638313613661	0.9916247449187624	0.9940578916027349	0.9888068703110152
0.9831227052497271	0.9962695931257444	0.9921380423751957	0.9925449327061652	0.9947787115831331	0.995530076542373	0.992895851044879	0.9974310259739994	0.9970058502668916	0.9944349167867437	0.9857192193161344	0.9961951414886153	0.9939361993689642	0.9968243957963586	0.9930669985789762	0.9945063510071145	0.9953968498747929	0.9960543615833239	0.9909971607165413	1.0	0.991815176390738	0.9931243693127938	0.9949025097881994	0.9927228374965849	0.995269132911127	0.9937704651031329	0.9956317487314551	0.9949025097881994	0.9935548101839482	0.9927554350960252	0.9963828915012313	0.9962025285909466	0.9956921959346906	0.9924482783733248	0.9866525935741539	0.9942641814134745	0.9949689221165399	0.9914064283177003
0.9787877222957588	0.9905325327253445	0.9894786061046705	0.9893152330187724	0.9870891938905141	0.9930290071084357	0.984240700758792	0.9784310174401327	0.977389466106958	0.9898720327349978	0.986533812774793	0.9911136766391466	0.9914224165802276	0.9892449674609507	0.988725059424442	0.9912904525424405	0.9897798829752656	0.9909804711947602	0.9928402855490078	0.991815176390738	1.0	0.9910693344770836	0.9921818802262073	0.9907348572350473	0.9940988260572088	0.9917717661564281	0.9932582151078749	0.9925445626661104	0.9901241256400928	0.9914882015111602	0.9886057460331045	0.9883176188271205	0.991793478398737	0.9937528651610923	0.983939019720753	0.9903289607733737	0.9874872991682434	0.989103985549604
0.9818984919502302	0.9950809295218555	0.9952427439479551	0.991330332402134	0.9950539840939506	0.9939825572591368	0.9929698064950422	0.9973949152946169	0.996920488299814	0.9956119209326914	0.9898468351138313	0.9965902156324853	0.9952947871495645	0.9958422704740634	0.9937080275596358	0.9945828540539463	0.9960417332563691	0.9960416642580998	0.9898768625830543	0.9931243693127938	0.9910693344770836	1.0	0.9941413054535438	0.9927446490593627	0.9955228123638415	0.9954297186480829	0.9953778868368587	0.9948761371909824	0.9944090114215501	0.9943666792754049	0.9960716130878559	0.9962730296119929	0.9957360754644983	0.9939035439106039	0.9869119471136188	0.9951483747293153	0.9945505104254871	0.992017839906772
0.9832290053018257	0.9971258471843036	0.993125575579668	0.9935296222857027	0.9955241395978206	0.9960642651904332	0.9934246789057282	0.9971410362524008	0.9968563226174256	0.9956119209326914	0.9858645671547829	0.9969029264051364	0.9953732223243373	0.9972830952471499	0.9943040840927003	0.995519236433013	0.9964342123030405	0.9967702000479599	0.9918481565778178	0.9949025097881994	0.9921818802262073	0.9941413054535438	1.0	0.9932320850752178	0.9954528753222852	0.9938999102300983	0.9962875888767888	0.9958384691411135	0.9939902094981743	0.9935457131436246	0.9973776468924557	0.9968201705382583	0.9964088946758837	0.9931549346614587	0.9874731713371628	0.9952389014599025	0.9957640579552758	0.9926311686615188
0.9811478309701639	0.9945230239435165	0.9912109086299192	0.9912831677371045	0.9929181634082127	0.994166508377876	0.9926282345975598	0.9967933546846708	0.9963167337207756	0.9938763786689855	0.980755768519661	0.9956686479138217	0.9916192198697459	0.9951440167926593	0.9916399089524188	0.9938209311894797	0.9949078308705082	0.9955812956245951	0.9901973414171242	0.9927228374965849	0.9907348572350473	0.9927446490593627	0.9932320850752178	1.0	0.9921180240864332	0.9932914572226341	0.99215485867347	0.9927870845591756	0.9932726671018421	0.99249144093243	0.9951794182172792	0.9959901229296679	0.9946779301985726	0.9919358018519217	0.9817624779661017	0.9939249627006684	0.9949420865473783	0.9885072103457557
0.9829855251236799	0.9969737764655758	0.9929022112068967	0.9928276657672302	0.9957201239915304	0.997018535216133	0.9939308451749072	0.9982509303103547	0.9974924721892668	0.9958618875259608	0.9857422241382287	0.9975196566574402	0.9936537894384537	0.996692167400653	0.993907906899715	0.9960247683382196	0.996765347537995	0.9971039720367516	0.9921848240827271	0.995269132911127	0.9940988260572088	0.9955228123638415	0.9954528753222852	0.9921180240864332	1.0	0.9954664442781438	0.9962618405586756	0.9965889442375546	0.9946816809852227	0.9940763180913068	0.997488826220985	0.9966581326643454	0.9970578212379808	0.9951225887862115	0.9876620228489001	0.9958213804485181	0.9959208241857649	0.9905776650723565
0.9818984919502302	0.9945581694150557	0.9954150584582926	0.9912831677371045	0.9945264652588183	0.9946804554375998	0.9932932617521283	0.9973044666248267	0.9971122453194518	0.9960346737646193	0.9879343192996938	0.9968695621059864	0.993280489745883	0.9964483732594359	0.9926211367038297	0.9950058838330516	0.9962270072352388	0.9963198899231149	0.989727892908937	0.9937704651031329	0.9917717661564281	0.9954297186480829	0.9938999102300983	0.9932914572226341	0.9954664442781438	1.0	0.9942852386554898	0.993996663239445	0.9951990033851534	0.9950842910465137	0.9966229958997525	0.9969699299929521	0.9963443757212591	0.9930272297621091	0.9855823315405272	0.995159704090014	0.9946454530611915	0.9907036216222149
0.9838596668112306	0.9982970866136144	0.9930825541930791	0.9937822288992273	0.996516547770679	0.9970976574316335	0.9935990944135119	0.9987922938737357	0.9975134689372734	0.9956337320475326	0.9857484609255664	0.9972347399785123	0.9952505904037965	0.997010823173356	0.99514656167247	0.9962435406384644	0.996890092205614	0.997397870245263	0.9924150276990362	0.9956317487314551	0.9932582151078749	0.9953778868368587	0.9962875888767888	0.99215485867347	0.9962618405586756	0.9942852386554898	1.0	0.998711214058396	0.9945401727306871	0.9938332949022695	0.9975664311420125	0.9965069579557594	0.9971525006663725	0.9946724339490786	0.9893153664033618	0.9959100921407905	0.9958947478388694	0.9921124828818363
0.9833198460221633	0.9976953228317079	0.9926800534986929	0.9934413055417789	0.9959877268413747	0.9963584865566011	0.9932200262073564	0.9982861239865898	0.996920488299814	0.9952278872527859	0.9860933704151152	0.9967134175404881	0.995395798762945	0.9962363740695023	0.9947387971978315	0.9956886040261304	0.9964342123030405	0.9971285630478017	0.9917429726848922	0.9949025097881994	0.9925445626661104	0.9948761371909824	0.9958384691411135	0.9927870845591756	0.9965889442375546	0.993996663239445	0.998711214058396	1.0	0.9939680199869706	0.9934814655602271	0.997310760395071	0.996261289830926	0.9964303731723962	0.9939855295689265	0.9897564667617925	0.9952840723562032	0.9955933881528	0.9927977686500664
0.9818794934857035	0.9935355843605166	0.9938122758867145	0.990557408698934	0.9936281709997563	0.9944090114215501	0.9929254530579568	0.9969035423477086	0.9968991135029664	0.9966747308907514	0.9874097056613254	0.9966238614902336	0.9940677559713733	0.9954204953926955	0.9919429023946643	0.9947027175868898	0.9955504115737298	0.9962442410899204	0.9904094296865442	0.9935548101839482	0.9901241256400928	0.9944090114215501	0.9939902094981743	0.9932726671018421	0.9946816809852227	0.9951990033851534	0.9945401727306871	0.9939680199869706	1.0	0.9983686250155452	0.9960136473362201	0.998639895415297	0.9956042624511746	0.993453515387709	0.9858291489291579	0.9955873778818465	0.9945776646484363	0.9911306915309924
0.982197129868393	0.9942523301713251	0.9933418333696893	0.9909034067663909	0.9944123252210773	0.9944672783885586	0.9937148632107564	0.9969950871157333	0.9973451225048499	0.9976738482016307	0.9864621270891824	0.9975523750955965	0.9933525952366337	0.996146704779573	0.9928733865977254	0.9958150649252061	0.9963652874859141	0.996956042646447	0.9906481086373405	0.9927554350960252	0.9914882015111602	0.9943666792754049	0.9935457131436246	0.99249144093243	0.9940763180913068	0.9950842910465137	0.9938332949022695	0.9934814655602271	0.9983686250155452	1.0	0.9964402168386846	0.9996942808076216	0.9965161485367493	0.9928975573959846	0.9852741311235448	0.9958768530318896	0.9955802232813674	0.9903117815701197
0.98500562370899	0.994566966772284	0.9963024694377702	0.9939923540270504	0.9928782684791972	0.9986557477819421	0.9921470606103728	0.9972863473229797	0.9958786603607034	0.9956637111085974	0.9892678153345089	0.9960947710822797	0.9957573887401041	0.9960716130878559	0.9952150949803207	0.9984946063632715	0.994919844344263	0.9951666478950459	0.991482413326533	0.9963828915012313	0.9886057460331045	0.9960716130878559	0.9973776468924557	0.9951794182172792	0.997488826220985	0.9966229958997525	0.9975664311420125	0.997310760395071	0.9960136473362201	0.9964402168386846	1.0	0.9951994625880436	0.9982568453151702	0.9947120939526244	0.9888814225983957	0.9952744711215499	0.9933894621442292	0.993168247703549
0.9850479012834388	0.9941526081682924	0.9965069579557594	0.993724429730769	0.9924092386253861	0.9967739545849945	0.9921319105511388	0.9950563586864366	0.9959887217675155	0.9977200097154149	0.9892959709858492	0.9963316663467576	0.9962964967310826	0.9958358692877901	0.9950049161106014	0.9969008941020527	0.9950536598085946	0.9947071122014455	0.9920742236136587	0.9962025285909466	0.9883176188271205	0.9962730296119929	0.9968201705382583	0.9959901229296679	0.9966581326643454	0.9969699299929521	0.9965069579557594	0.996261289830926	0.998639895415297	0.9996942808076216	0.9951994625880436	1.0	0.9963316663467576	0.9951994625880436	0.9883998506364877	0.9955131873595267	0.9939888894873404	0.993597434404543
0.9833550012415516	0.9943702948443109	0.9954055560396995	0.992731782005908	0.9937579995110053	0.9983897892772989	0.9926878922353888	0.9981627829211713	0.9961859175042316	0.9948134681863232	0.9885807157060722	0.9966238614902336	0.9948360040864903	0.9960455365322519	0.9937482596615015	0.9983695404268115	0.9959487071239247	0.9962063519522432	0.9916086672013585	0.9956921959346906	0.991793478398737	0.9957360754644983	0.9964088946758837	0.9946779301985726	0.9970578212379808	0.9963443757212591	0.9971525006663725	0.9964303731723962	0.9956042624511746	0.9965161485367493	0.9982568453151702	0.9963316663467576	1.0	0.9951164182989543	0.988114673776764	0.9950462359769109	0.9945505104254871	0.9917697012904877
0.9815652169360192	0.9946983799062156	0.9917450551914255	0.990951116320811	0.9942722848557775	0.9948182891079405	0.9928810401037901	0.9965533536898143	0.9959887217675155	0.9943556996443732	0.9858195692669951	0.9961724232404298	0.993657911187371	0.9945958111597338	0.9925750657698633	0.9939658276631453	0.9957501567819825	0.9972757282808837	0.9923116342903188	0.9924482783733248	0.9937528651610923	0.9939035439106039	0.9931549346614587	0.9919358018519217	0.9951225887862115	0.9930272297621091	0.9946724339490786	0.9939855295689265	0.993453515387709	0.9928975573959846	0.9947120939526244	0.9951994625880436	0.9951164182989543	1.0	0.9862610719631726	0.9948753026316015	0.9965789446290524	0.9907512656972717
0.975326774204047	0.9896443150573706	0.9843673004276332	0.9850831764129953	0.9877341411881668	0.988673890955322	0.9853043524361651	0.9902905516294976	0.9902441518457687	0.9868590530766653	0.9744476150553891	0.9883953944111459	0.9866788862454081	0.9882496700649431	0.985933113965906	0.9873244985466985	0.9884099912763515	0.9889449691539042	0.9844638313613661	0.9866525935741539	0.983939019720753	0.9869119471136188	0.9874731713371628	0.9817624779661017	0.9876620228489001	0.9855823315405272	0.9893153664033618	0.9897564667617925	0.9858291489291579	0.9852741311235448	0.9888814225983957	0.9883998506364877	0.988114673776764	0.9862610719631726	1.0	0.9872368090007967	0.9883545046258349	0.9838205638964516
0.9835216385901395	0.9931468819119171	0.9943687540555056	0.9914478220739594	0.9934717020255842	0.995441687931865	0.9943869544292759	0.9965348200580258	0.998301679372037	0.994646012243211	0.9882015352462712	0.9981251558157511	0.9948295712179651	0.9943242007901966	0.9937717644237165	0.9953967312607785	0.9975513020706457	0.996016255030648	0.9916247449187624	0.9942641814134745	0.9903289607733737	0.9951483747293153	0.9952389014599025	0.9939249627006684	0.9958213804485181	0.995159704090014	0.9959100921407905	0.9952840723562032	0.9955873778818465	0.9958768530318896	0.9952744711215499	0.9955131873595267	0.9950462359769109	0.9948753026316015	0.9872368090007967	1.0	0.9940992240040496	0.9918383144424471
0.9833376945214288	0.9938504526365937	0.9940578916027349	0.9927933090915743	0.9904491603642797	0.995514320471223	0.9885163631248128	0.9918215336428762	0.99239453287636	0.9944416705619147	0.9881078300038331	0.9949555070462052	0.9949017924352327	0.9940854522646162	0.9938920444645049	0.9951961520561464	0.9944689140480324	0.9939335841425452	0.9940578916027349	0.9949689221165399	0.9874872991682434	0.9945505104254871	0.9957640579552758	0.9949420865473783	0.9959208241857649	0.9946454530611915	0.9958947478388694	0.9955933881528	0.9945776646484363	0.9955802232813674	0.9933894621442292	0.9939888894873404	0.9945505104254871	0.9965789446290524	0.9883545046258349	0.9940992240040496	1.0	0.9927359685825039
0.9802469433503929	0.9945347432411408	0.990071936632801	0.9908675793221475	0.9940161399799284	0.9918307818563431	0.9908968408677269	0.99532661964214	0.9953900069578075	0.9926945073586193	0.9827410264079327	0.9930531442263717	0.9944018815425577	0.9940981359589496	0.9922391188405292	0.9909034616760944	0.9936590041343866	0.9939177497443179	0.9888068703110152	0.9914064283177003	0.989103985549604	0.992017839906772	0.9926311686615188	0.9885072103457557	0.9905776650723565	0.9907036216222149	0.9921124828818363	0.9927977686500664	0.9911306915309924	0.9903117815701197	0.993168247703549	0.993597434404543	0.9917697012904877	0.9907512656972717	0.9838205638964516	0.9918383144424471	0.9927359685825039	1.0
