/home/jshaw/scratch/2022_sketched_distance/references/SGB_genome_fastas_part4/9269/BackhedF_2015__SID10_M__bin.51.fa	/home/jshaw/scratch/2022_sketched_distance/references/SGB_genome_fastas_part4/9269/BackhedF_2015__SID42_12M__bin.25.fa	/home/jshaw/scratch/2022_sketched_distance/references/SGB_genome_fastas_part4/9269/BackhedF_2015__SID526_12M__bin.34.fa	/home/jshaw/scratch/2022_sketched_distance/references/SGB_genome_fastas_part4/9269/Bengtsson-PalmeJ_2015__TRAVELRES37__bin.58.fa	/home/jshaw/scratch/2022_sketched_distance/references/SGB_genome_fastas_part4/9269/CosteaPI_2017__alien-11-600-0__bin.37.fa	/home/jshaw/scratch/2022_sketched_distance/references/SGB_genome_fastas_part4/9269/CosteaPI_2017__alien-11-632-0__bin.37.fa	/home/jshaw/scratch/2022_sketched_distance/references/SGB_genome_fastas_part4/9269/CosteaPI_2017__alien-11-637-0__bin.39.fa	/home/jshaw/scratch/2022_sketched_distance/references/SGB_genome_fastas_part4/9269/CosteaPI_2017__alien-11-895-0__bin.1.fa	/home/jshaw/scratch/2022_sketched_distance/references/SGB_genome_fastas_part4/9269/FerrettiP_2018__CA_C10007MS2098FE_t0M15__bin.1.fa	/home/jshaw/scratch/2022_sketched_distance/references/SGB_genome_fastas_part4/9269/GeversD_2014__SKBSTL021__bin.3.fa	/home/jshaw/scratch/2022_sketched_distance/references/SGB_genome_fastas_part4/9269/GeversD_2014__SKBSTL038__bin.7.fa	/home/jshaw/scratch/2022_sketched_distance/references/SGB_genome_fastas_part4/9269/GeversD_2014__SKBSTL065__bin.15.fa	/home/jshaw/scratch/2022_sketched_distance/references/SGB_genome_fastas_part4/9269/HMP_2012__SRS023604__bin.26.fa	/home/jshaw/scratch/2022_sketched_distance/references/SGB_genome_fastas_part4/9269/HMP_2012__SRS054590__bin.17.fa	/home/jshaw/scratch/2022_sketched_distance/references/SGB_genome_fastas_part4/9269/KosticAD_2015__PRJNA231909.3101439__bin.12.fa	/home/jshaw/scratch/2022_sketched_distance/references/SGB_genome_fastas_part4/9269/KosticAD_2015__PRJNA231909.3107649__bin.17.fa	/home/jshaw/scratch/2022_sketched_distance/references/SGB_genome_fastas_part4/9269/LeChatelierE_2013__MH0068__bin.19.fa	/home/jshaw/scratch/2022_sketched_distance/references/SGB_genome_fastas_part4/9269/LeChatelierE_2013__MH0444__bin.43.fa	/home/jshaw/scratch/2022_sketched_distance/references/SGB_genome_fastas_part4/9269/LiJ_2014__MH0270__bin.37.fa	/home/jshaw/scratch/2022_sketched_distance/references/SGB_genome_fastas_part4/9269/LiJ_2014__MH0351__bin.3.fa	/home/jshaw/scratch/2022_sketched_distance/references/SGB_genome_fastas_part4/9269/LiJ_2014__V1.FI22__bin.44.fa	/home/jshaw/scratch/2022_sketched_distance/references/SGB_genome_fastas_part4/9269/LiJ_2014__V1.FI26__bin.33.fa	/home/jshaw/scratch/2022_sketched_distance/references/SGB_genome_fastas_part4/9269/LiJ_2014__V1.UC59-0__bin.21.fa	/home/jshaw/scratch/2022_sketched_distance/references/SGB_genome_fastas_part4/9269/LiJ_2017__H3M615846__bin.20.fa	/home/jshaw/scratch/2022_sketched_distance/references/SGB_genome_fastas_part4/9269/LouisS_2016__AS51_0__bin.3.fa	/home/jshaw/scratch/2022_sketched_distance/references/SGB_genome_fastas_part4/9269/LouisS_2016__AS51_12__bin.16.fa	/home/jshaw/scratch/2022_sketched_distance/references/SGB_genome_fastas_part4/9269/LouisS_2016__AS51_6__bin.7.fa	/home/jshaw/scratch/2022_sketched_distance/references/SGB_genome_fastas_part4/9269/LouisS_2016__AS53_18__bin.34.fa	/home/jshaw/scratch/2022_sketched_distance/references/SGB_genome_fastas_part4/9269/QinN_2014__LD-71__bin.14.fa	/home/jshaw/scratch/2022_sketched_distance/references/SGB_genome_fastas_part4/9269/VatanenT_2016__G78586__bin.10.fa	/home/jshaw/scratch/2022_sketched_distance/references/SGB_genome_fastas_part4/9269/VatanenT_2016__G78682__bin.17.fa	/home/jshaw/scratch/2022_sketched_distance/references/SGB_genome_fastas_part4/9269/VatanenT_2016__G80450__bin.9.fa	/home/jshaw/scratch/2022_sketched_distance/references/SGB_genome_fastas_part4/9269/VatanenT_2016__G80580__bin.6.fa	/home/jshaw/scratch/2022_sketched_distance/references/SGB_genome_fastas_part4/9269/VogtmannE_2016__MMRS62192467ST-27-0-0__bin.13.fa	/home/jshaw/scratch/2022_sketched_distance/references/SGB_genome_fastas_part4/9269/WenC_2017__RA001__bin.1.fa	/home/jshaw/scratch/2022_sketched_distance/references/SGB_genome_fastas_part4/9269/WenC_2017__RA087__bin.28.fa	/home/jshaw/scratch/2022_sketched_distance/references/SGB_genome_fastas_part4/9269/WenC_2017__RA134__bin.8.fa
1.0	0.9967090808577915	0.9979830228231912	0.9992150832836109	0.9978762519451402	0.9960475163886512	0.9967198474370976	0.9985056263048772	0.9975700814208583	0.9984766050759828	0.9978471208827546	0.9987039439613375	0.9982806417056441	0.9992812039448934	0.9983132752360968	0.9981499779990914	0.9975162390215571	0.9982425200681142	0.9981045513272614	0.9970041054883844	0.9967853959052596	0.998294573118117	0.9975667089039825	0.9975743724573715	0.9980246703074841	0.9977060583166528	0.9981259026112754	0.9968938711309707	0.9876083836834968	0.9971180674296171	0.9981970145252813	0.9974277369362754	0.9969142061473127	0.9975846565338511	0.9982412609523016	0.9983942665053325	0.9974381032324998
0.9967090808577915	1.0	0.9963793448016095	0.998032887523009	0.996216905030342	0.9947322164060908	0.993814316051063	0.99752910219657	0.9968273370159291	0.9968745218836604	0.993099187646713	0.9966853790332422	0.9984836205818673	0.9980556482000837	0.9943782695726309	0.9965666155968091	0.995453589902628	0.9979582198905439	0.9966161772894604	0.9940461855984519	0.9985076223962712	0.9963776162219976	0.9974795445201452	0.9934765018125835	0.9964028884991754	0.9951620554408971	0.988889532670308	0.9946491664844885	0.9856734190414578	0.9982371752277993	0.9946566881221798	0.9988456574320533	0.9901836765487569	0.9951818089446796	0.9951321541194549	0.9975050466848571	0.9967321427141541
0.9979830228231912	0.9963793448016095	1.0	0.9988998606663564	0.9970033741644543	0.9982752885013912	0.9973408306138017	0.99779039650644	0.9988760540955121	0.9975645341302793	0.9922860497459528	0.9990423437616093	0.9980764170847417	0.9988760540955121	0.9957574304716796	0.9969141276452442	0.9964306490370315	0.9965735726727779	0.9982207925937006	0.9946131583556018	0.9981781515893849	0.9965267748151745	0.9956864498789472	0.9961216280052126	0.99528620628764	0.9957182181253718	0.988889532670308	0.9945573667757376	0.9815815209917355	0.9974652961165066	0.9951502915312217	0.99675234847406	0.9912834204039196	0.9969646132671101	0.9965330203824251	0.9982024624152442	0.9958738523769857
0.9992150832836109	0.998032887523009	0.9988998606663564	1.0	0.998777664862656	0.9968537391188874	0.99771599034006	0.9991225605454916	0.998424961593273	0.9997480799394391	0.9993434825853095	0.9995177748279237	0.9993491693096557	0.999921535356735	0.9995010947600435	0.9997467614848925	0.9990111643700393	0.9996626263934429	0.999136390595198	0.9980817873209039	0.9981700336229665	0.9994593445295699	0.9986514643704844	0.998820391529808	0.9990543952663762	0.9990395618144565	0.9991854489275238	0.9982646290481864	0.9893531085959243	0.9980544775008381	0.9992725416252016	0.9981987324109987	0.9982718672680909	0.9986540744848303	0.9993774987228201	0.9995164787216521	0.9990154293996197
0.9978762519451402	0.996216905030342	0.9970033741644543	0.998777664862656	1.0	0.9994318315758612	0.9985226000287681	0.9980209472172894	0.9986758733324032	0.9976141549840539	0.9932625192161557	0.9988538047855993	0.9970008037234597	0.9988030641891706	0.9954675436970298	0.9971104062947108	0.9968421768387717	0.9963120916040021	0.9959395629388779	0.9947582701451072	0.9978501349982539	0.9951595910980386	0.9951290793878262	0.9965989049945742	0.9948225699929344	0.9955236358701601	0.9880759417177657	0.9937195228312727	0.9834193432203151	0.9974823277800957	0.9956913457582877	0.9952995755144648	0.9919778769379761	0.9977192417605012	0.9967612839797269	0.9982913584374865	0.9955057219857523
0.9960475163886512	0.9947322164060908	0.9982752885013912	0.9968537391188874	0.9994318315758612	1.0	0.9982030899612112	0.9996463223300552	0.9967625835597357	0.995695908789423	0.9931267691400455	0.9969446452951444	0.9985173303628135	0.9968764889883623	0.9933275018092187	0.9953167090316013	0.9950537877345424	0.9973458908450717	0.9976649928699461	0.9934285884957031	0.9955778736729812	0.9976102176066882	0.9970402613115776	0.9946314737452974	0.9968743856077099	0.9963941345732202	0.9890216313804691	0.9959083773881878	0.9867225394961722	0.9955542161885185	0.9935293675376856	0.9968658706838783	0.990363864133909	0.9950774893548148	0.9944228423398787	0.9967397555406493	0.9967321427141541
0.9967198474370976	0.993814316051063	0.9973408306138017	0.99771599034006	0.9985226000287681	0.9982030899612112	1.0	0.9989554362415379	0.9976936790553367	0.9967428218029883	0.9932093760093836	0.9978050861029524	0.9975256078594966	0.99771599034006	0.9943134896546129	0.9963733115963049	0.9948070952808757	0.9964990736058552	0.9970997459179283	0.9943134896546129	0.9948527178962633	0.9966456213159073	0.9965950939557352	0.9941998687265277	0.9966099923747979	0.9956129985541173	0.9897710974008138	0.9956128710701536	0.9870353049954107	0.9966047366929962	0.9943134896546129	0.9958299268715689	0.9909617099469785	0.9960700277668136	0.9957166073646598	0.9975594960835505	0.9963734571055085
0.9985056263048772	0.99752910219657	0.99779039650644	0.9991225605454916	0.9980209472172894	0.9996463223300552	0.9989554362415379	1.0	0.9990669455826077	0.9984489702742662	0.9941574364510283	0.999150333238259	0.9963598992192972	0.999150333238259	0.996190902055692	0.9982499111469746	0.9968221077228423	0.9952837787794709	0.9945434925471212	0.9958554195869023	0.9981356261407726	0.9943825126367986	0.9942862385202597	0.9978481841683426	0.9941251575614444	0.9969409894451904	0.9889629338638792	0.9926052587528078	0.980891659159154	0.997963459171891	0.9963120601426897	0.9955783895040419	0.9921970116976359	0.9980783360911694	0.9974123090580365	0.9989554362415379	0.994992780134504
0.9975700814208583	0.9968273370159291	0.9988760540955121	0.998424961593273	0.9986758733324032	0.9967625835597357	0.9976936790553367	0.9990669455826077	1.0	0.9983713526127221	0.9980616560657195	0.998772528047779	0.9991183412872936	0.998441758218289	0.9982014631425606	0.9981499779990914	0.9981043601833102	0.9991500732476024	0.9986531164431026	0.9972111956921271	0.9973730861724711	0.9988820518681173	0.9991532113567133	0.9986643742943673	0.9982500289099411	0.9984400392681222	0.9982757866391663	0.9983193960140024	0.989145216895213	0.9977745558183013	0.9977869033926382	0.9981442500285347	0.996649197106686	0.9986362321361143	0.997914578831847	0.997934134297743	0.9985120100350957
0.9984766050759828	0.9968745218836604	0.9975645341302793	0.9997480799394391	0.9976141549840539	0.995695908789423	0.9967428218029883	0.9984489702742662	0.9983713526127221	1.0	0.9983926518280744	0.9984415578935649	0.9988191919619323	0.9997649339821019	0.9983504626003126	0.99866162529946	0.9977663298204009	0.9986295086043532	0.9983366291899168	0.9971924225370609	0.9965795187008486	0.9987152560960684	0.9981705457273972	0.9976205094725947	0.9984180518500844	0.9977554974412682	0.9979753403044059	0.9974040049008923	0.9886831877085676	0.9977506542188767	0.9979179425468819	0.9975944615440901	0.997024005822793	0.9975846565338511	0.9980783208656205	0.9992213305777551	0.9985964437050758
0.9978471208827546	0.993099187646713	0.9922860497459528	0.9993434825853095	0.9932625192161557	0.9931267691400455	0.9932093760093836	0.9941574364510283	0.9980616560657195	0.9983926518280744	1.0	0.9981802471759016	0.9948897604605317	0.9993434825853095	0.9962802557942771	0.9982039147584046	0.9945830588781696	0.9952063247513774	0.994348483419313	0.9952620517722178	0.9937007356004943	0.9940237698628404	0.9936606106708343	0.9938629154312398	0.9936181581220294	0.9935756864110362	0.9907863000995226	0.9925032307144169	0.9834689507436912	0.9973653626957987	0.9963053150368312	0.9929617982013242	0.992402072341222	0.9966541735816711	0.9976071142107245	0.9989293842927972	0.9947096138219362
0.9987039439613375	0.9966853790332422	0.9990423437616093	0.9995177748279237	0.9988538047855993	0.9969446452951444	0.9978050861029524	0.999150333238259	0.998772528047779	0.9984415578935649	0.9981802471759016	1.0	0.9989192073150477	0.9995847049783119	0.9982946659585554	0.9979895778926365	0.9977889723650141	0.998803936038456	0.9986531164431026	0.9971736387732942	0.997260872890116	0.9986315437814535	0.9981135073955982	0.9980556482000837	0.9980246703074841	0.9982215401487086	0.9980507066325833	0.9974602061888981	0.9882574652421727	0.9977109447778933	0.9978618461111064	0.9974277369362754	0.9967598745281525	0.998223195852459	0.9981870362023596	0.9988922112805781	0.9980437564053626
0.9982806417056441	0.9984836205818673	0.9980764170847417	0.9993491693096557	0.9970008037234597	0.9985173303628135	0.9975256078594966	0.9963598992192972	0.9991183412872936	0.9988191919619323	0.9948897604605317	0.9989192073150477	1.0	0.9993491693096557	0.9963239282455035	0.9986853690677521	0.9974908774888889	0.9905515570629434	0.9954117497912827	0.9962518692034326	0.9985846476751185	0.9942446673992856	0.9945498048245557	0.9982806417056441	0.9946635110949172	0.9981446313341381	0.9905600267271052	0.993975347937523	0.9797563317623229	0.9984836205818673	0.9965749107882929	0.9962157809626956	0.9932331048878371	0.998785786634797	0.9979052670118305	0.9991844555469066	0.9918398208647263
0.9992812039448934	0.9980556482000837	0.9988760540955121	0.999921535356735	0.9988030641891706	0.9968764889883623	0.99771599034006	0.999150333238259	0.998441758218289	0.9997649339821019	0.9993434825853095	0.9995847049783119	0.9993491693096557	1.0	0.9995907345636232	0.9998651789471522	0.9990765561164251	0.9996965178607033	0.9991646012413373	0.9980817873209039	0.9981481520859957	0.9994865866633447	0.9986795384604289	0.998820391529808	0.9990817883857136	0.9990395618144565	0.9992096927644721	0.9982646290481864	0.9894358996974159	0.9980544775008381	0.9993442164832999	0.9982259401844323	0.9982718672680909	0.9986719072753155	0.999551585493513	0.9995975543859676	0.9990154293996197
0.9983132752360968	0.9943782695726309	0.9957574304716796	0.9995010947600435	0.9954675436970298	0.9933275018092187	0.9943134896546129	0.996190902055692	0.9982014631425606	0.9983504626003126	0.9962802557942771	0.9982946659585554	0.9963239282455035	0.9995907345636232	1.0	0.9981454158817574	0.9955175082802706	0.9967590926726466	0.9964636072447642	0.9959424245886563	0.9942509875928193	0.9963477039527673	0.9959921024928273	0.9958935762647003	0.9960748075948542	0.9958754246938398	0.9963518533380985	0.9955237036662099	0.986087941085258	0.9973889524685806	0.9963988041729996	0.9954477475712852	0.9951989502145191	0.9964381945360582	0.9972739839740692	0.9990492415203811	0.9962379450556899
0.9981499779990914	0.9965666155968091	0.9969141276452442	0.9997467614848925	0.9971104062947108	0.9953167090316013	0.9963733115963049	0.9982499111469746	0.9981499779990914	0.99866162529946	0.9982039147584046	0.9979895778926365	0.9986853690677521	0.9998651789471522	0.9981454158817574	1.0	0.9974248285373246	0.9989774543921272	0.9979001466783742	0.9970229852818643	0.9957665288879721	0.99826633760966	0.9978556177636888	0.9972496082575502	0.998081153225848	0.9972577669817114	0.9976467650998926	0.996750766495062	0.988640862123882	0.9973219058619797	0.997843126256042	0.9971479910339964	0.996649197106686	0.9970648475148319	0.9977683505994964	0.9993375338492744	0.998299983957001
0.9975162390215571	0.995453589902628	0.9964306490370315	0.9990111643700393	0.9968421768387717	0.9950537877345424	0.9948070952808757	0.9968221077228423	0.9981043601833102	0.9977663298204009	0.9945830588781696	0.9977889723650141	0.9974908774888889	0.9990765561164251	0.9955175082802706	0.9974248285373246	1.0	0.9972001596897115	0.9965552333357247	0.995225387179854	0.9957589933485342	0.9968230976884483	0.99683325852658	0.9950824248529049	0.9966099923747979	0.9962135063741046	0.9905668768105924	0.9954342960192752	0.9870797440330521	0.9971490793059494	0.9955175082802706	0.9963231514638826	0.9919918196922791	0.9960226133325328	0.9968477465750952	0.9984167863013662	0.996418505193945
0.9982425200681142	0.9979582198905439	0.9965735726727779	0.9996626263934429	0.9963120916040021	0.9973458908450717	0.9964990736058552	0.9952837787794709	0.9991500732476024	0.9986295086043532	0.9952063247513774	0.998803936038456	0.9905515570629434	0.9996965178607033	0.9967590926726466	0.9989774543921272	0.9972001596897115	1.0	0.9935365393635628	0.9964990736058552	0.9981006736549491	0.994022266829674	0.994659022302704	0.9976714689926561	0.9941425940820667	0.9973822240325665	0.9893703559284912	0.9932909779707368	0.9788268296994508	0.9982071151161536	0.9966479050376769	0.9951286894592897	0.9925851627583325	0.9983837643721482	0.9976354506680588	0.9993902464160671	0.9885831205036532
0.9981045513272614	0.9966161772894604	0.9982207925937006	0.999136390595198	0.9959395629388779	0.9976649928699461	0.9970997459179283	0.9945434925471212	0.9986531164431026	0.9983366291899168	0.994348483419313	0.9986531164431026	0.9954117497912827	0.9991646012413373	0.9964636072447642	0.9979001466783742	0.9965552333357247	0.9935365393635628	1.0	0.9963103331579042	0.9980462780423762	0.9938889496278644	0.9927114230843326	0.9977827775994713	0.9925741421243404	0.9977533705011237	0.9898138897223451	0.9925052874523379	0.9796899771409262	0.9981917703270892	0.9963103331579042	0.995248870916707	0.99208912228216	0.9985670997584191	0.9975171728697756	0.9988244858929195	0.9941841095416476
0.9970041054883844	0.9940461855984519	0.9946131583556018	0.9980817873209039	0.9947582701451072	0.9934285884957031	0.9943134896546129	0.9958554195869023	0.9972111956921271	0.9971924225370609	0.9952620517722178	0.9971736387732942	0.9962518692034326	0.9980817873209039	0.9959424245886563	0.9970229852818643	0.995225387179854	0.9964990736058552	0.9963103331579042	1.0	0.9934790163532298	0.9959563724916315	0.9958396279865359	0.9951321541194549	0.9958944785707339	0.9949745765225587	0.9962195425366734	0.9946491664844885	0.9879993657753434	0.9968526797567162	0.9952948890039511	0.9948811378962243	0.9946854207230976	0.9962592982417916	0.9959488379615687	0.9977695169425671	0.9961926512111887
0.9967853959052596	0.9985076223962712	0.9981781515893849	0.9981700336229665	0.9978501349982539	0.9955778736729812	0.9948527178962633	0.9981356261407726	0.9973730861724711	0.9965795187008486	0.9937007356004943	0.997260872890116	0.9985846476751185	0.9981481520859957	0.9942509875928193	0.9957665288879721	0.9957589933485342	0.9981006736549491	0.9980462780423762	0.9934790163532298	1.0	0.9977539574306663	0.9975957129970326	0.995453589902628	0.9969328550443475	0.996980805177666	0.9903776321243312	0.9959083773881878	0.9860421404298342	0.9982574161534377	0.9943983461484606	0.9996109507815631	0.9900579278345191	0.9955068505631658	0.9951973148260852	0.9972833458690552	0.9971310889131509
0.998294573118117	0.9963776162219976	0.9965267748151745	0.9994593445295699	0.9951595910980386	0.9976102176066882	0.9966456213159073	0.9943825126367986	0.9988820518681173	0.9987152560960684	0.9940237698628404	0.9986315437814535	0.9942446673992856	0.9994865866633447	0.9963477039527673	0.99826633760966	0.9968230976884483	0.994022266829674	0.9938889496278644	0.9959563724916315	0.9977539574306663	1.0	0.9926329522646686	0.9974658537653774	0.9926139985690297	0.997116801288801	0.9896369177452534	0.9924461056914914	0.9807842229487923	0.9981531553688135	0.9966456213159073	0.9935061895521856	0.9921417343232873	0.9978112798609136	0.9979541552176527	0.999268023267185	0.9938939195571906
0.9975667089039825	0.9974795445201452	0.9956864498789472	0.9986514643704844	0.9951290793878262	0.9970402613115776	0.9965950939557352	0.9942862385202597	0.9991532113567133	0.9981705457273972	0.9936606106708343	0.9981135073955982	0.9945498048245557	0.9986795384604289	0.9959921024928273	0.9978556177636888	0.99683325852658	0.994659022302704	0.9927114230843326	0.9958396279865359	0.9975957129970326	0.9926329522646686	1.0	0.9964453693540685	0.9929012239451608	0.9955016980495396	0.9882848969109783	0.9915027415908705	0.9822571374268446	0.9976825737996455	0.9957171421056222	0.9937909184510004	0.9921240034164118	0.9976246918141812	0.9967738772469278	0.9983977263092924	0.993157123684958
0.9975743724573715	0.9934765018125835	0.9961216280052126	0.998820391529808	0.9965989049945742	0.9946314737452974	0.9941998687265277	0.9978481841683426	0.9986643742943673	0.9976205094725947	0.9938629154312398	0.9980556482000837	0.9982806417056441	0.998820391529808	0.9958935762647003	0.9972496082575502	0.9950824248529049	0.9976714689926561	0.9977827775994713	0.9951321541194549	0.995453589902628	0.9974658537653774	0.9964453693540685	1.0	0.9967864880936919	0.9967779187086961	0.992401989639926	0.9964047792655567	0.9850652777674157	0.9972029532969477	0.9957719417485034	0.9967239072136195	0.9921441077501661	0.9971328478428483	0.9972961978292568	0.9984851688846277	0.998086598262485
0.9980246703074841	0.9964028884991754	0.99528620628764	0.9990543952663762	0.9948225699929344	0.9968743856077099	0.9966099923747979	0.9941251575614444	0.9982500289099411	0.9984180518500844	0.9936181581220294	0.9980246703074841	0.9946635110949172	0.9990817883857136	0.9960748075948542	0.998081153225848	0.9966099923747979	0.9941425940820667	0.9925741421243404	0.9958944785707339	0.9969328550443475	0.9926139985690297	0.9929012239451608	0.9967864880936919	1.0	0.9959246015117054	0.9896080618380617	0.991347073100492	0.9822571374268446	0.9975979632892452	0.9958341505618329	0.9935535388332231	0.9928342767292775	0.9977122881816771	0.9973969440190106	0.9986962186934606	0.9942802775483893
0.9977060583166528	0.9951620554408971	0.9957182181253718	0.9990395618144565	0.9955236358701601	0.9963941345732202	0.9956129985541173	0.9969409894451904	0.9984400392681222	0.9977554974412682	0.9935756864110362	0.9982215401487086	0.9981446313341381	0.9990395618144565	0.9958754246938398	0.9972577669817114	0.9962135063741046	0.9973822240325665	0.9977533705011237	0.9949745765225587	0.996980805177666	0.997116801288801	0.9955016980495396	0.9967779187086961	0.9959246015117054	1.0	0.9909421432260136	0.9946491664844885	0.9847330916374232	0.9973078766703484	0.9955602634063634	0.9958006841982979	0.9918800145955334	0.997432821437181	0.9972577669817114	0.9986089967763321	0.9972630138284976
0.9981259026112754	0.988889532670308	0.988889532670308	0.9991854489275238	0.9880759417177657	0.9890216313804691	0.9897710974008138	0.9889629338638792	0.9982757866391663	0.9979753403044059	0.9907863000995226	0.9980507066325833	0.9905600267271052	0.9992096927644721	0.9963518533380985	0.9976467650998926	0.9905668768105924	0.9893703559284912	0.9898138897223451	0.9962195425366734	0.9903776321243312	0.9896369177452534	0.9882848969109783	0.992401989639926	0.9896080618380617	0.9909421432260136	1.0	0.9886703251156956	0.9791287927550226	0.9974429394550538	0.9960867024481721	0.9882051561152844	0.9925800207128963	0.9974429394550538	0.9971606231041404	0.9986475696151046	0.9918398208647263
0.9968938711309707	0.9946491664844885	0.9945573667757376	0.9982646290481864	0.9937195228312727	0.9959083773881878	0.9956128710701536	0.9926052587528078	0.9983193960140024	0.9974040049008923	0.9925032307144169	0.9974602061888981	0.993975347937523	0.9982646290481864	0.9955237036662099	0.996750766495062	0.9954342960192752	0.9932909779707368	0.9925052874523379	0.9946491664844885	0.9959083773881878	0.9924461056914914	0.9915027415908705	0.9964047792655567	0.991347073100492	0.9946491664844885	0.9886703251156956	1.0	0.9812118659121988	0.9968367032141565	0.9952547547061832	0.9916444981817576	0.9915439630210376	0.9966646069236045	0.996693351614668	0.9976282423193967	0.9929078360016974
0.9876083836834968	0.9856734190414578	0.9815815209917355	0.9893531085959243	0.9834193432203151	0.9867225394961722	0.9870353049954107	0.980891659159154	0.989145216895213	0.9886831877085676	0.9834689507436912	0.9882574652421727	0.9797563317623229	0.9894358996974159	0.986087941085258	0.988640862123882	0.9870797440330521	0.9788268296994508	0.9796899771409262	0.9879993657753434	0.9860421404298342	0.9807842229487923	0.9822571374268446	0.9850652777674157	0.9822571374268446	0.9847330916374232	0.9791287927550226	0.9812118659121988	1.0	0.9885560475187911	0.9861793513859719	0.9814236085796548	0.9847807530902173	0.9879128811840062	0.9873451252539641	0.9890616918134179	0.9803984325620174
0.9971180674296171	0.9982371752277993	0.9974652961165066	0.9980544775008381	0.9974823277800957	0.9955542161885185	0.9966047366929962	0.997963459171891	0.9977745558183013	0.9977506542188767	0.9973653626957987	0.9977109447778933	0.9984836205818673	0.9980544775008381	0.9973889524685806	0.9973219058619797	0.9971490793059494	0.9982071151161536	0.9981917703270892	0.9968526797567162	0.9982574161534377	0.9981531553688135	0.9976825737996455	0.9972029532969477	0.9975979632892452	0.9973078766703484	0.9974429394550538	0.9968367032141565	0.9885560475187911	1.0	0.9972002987478341	0.9996109507815631	0.995773017168357	0.9977500267844387	0.9972328170416292	0.9977042057546585	0.9976990205877068
0.9981970145252813	0.9946566881221798	0.9951502915312217	0.9992725416252016	0.9956913457582877	0.9935293675376856	0.9943134896546129	0.9963120601426897	0.9977869033926382	0.9979179425468819	0.9963053150368312	0.9978618461111064	0.9965749107882929	0.9993442164832999	0.9963988041729996	0.997843126256042	0.9955175082802706	0.9966479050376769	0.9963103331579042	0.9952948890039511	0.9943983461484606	0.9966456213159073	0.9957171421056222	0.9957719417485034	0.9958341505618329	0.9955602634063634	0.9960867024481721	0.9952547547061832	0.9861793513859719	0.9972002987478341	1.0	0.9956246850514399	0.9949898301334189	0.9961924539320448	0.9970855570059584	0.9989842897436729	0.9963283478325781
0.9974277369362754	0.9988456574320533	0.99675234847406	0.9981987324109987	0.9952995755144648	0.9968658706838783	0.9958299268715689	0.9955783895040419	0.9981442500285347	0.9975944615440901	0.9929617982013242	0.9974277369362754	0.9962157809626956	0.9982259401844323	0.9954477475712852	0.9971479910339964	0.9963231514638826	0.9951286894592897	0.995248870916707	0.9948811378962243	0.9996109507815631	0.9935061895521856	0.9937909184510004	0.9967239072136195	0.9935535388332231	0.9958006841982979	0.9882051561152844	0.9916444981817576	0.9814236085796548	0.9996109507815631	0.9956246850514399	1.0	0.990617771888658	0.9972041288661633	0.9963519377808916	0.9978429915426478	0.9950866341634936
0.9969142061473127	0.9901836765487569	0.9912834204039196	0.9982718672680909	0.9919778769379761	0.990363864133909	0.9909617099469785	0.9921970116976359	0.996649197106686	0.997024005822793	0.992402072341222	0.9967598745281525	0.9932331048878371	0.9982718672680909	0.9951989502145191	0.996649197106686	0.9919918196922791	0.9925851627583325	0.99208912228216	0.9946854207230976	0.9900579278345191	0.9921417343232873	0.9921240034164118	0.9921441077501661	0.9928342767292775	0.9918800145955334	0.9925800207128963	0.9915439630210376	0.9847807530902173	0.995773017168357	0.9949898301334189	0.990617771888658	1.0	0.9949198294141189	0.9960902098462262	0.9977826131820892	0.9921996711728484
0.9975846565338511	0.9951818089446796	0.9969646132671101	0.9986540744848303	0.9977192417605012	0.9950774893548148	0.9960700277668136	0.9980783360911694	0.9986362321361143	0.9975846565338511	0.9966541735816711	0.998223195852459	0.998785786634797	0.9986719072753155	0.9964381945360582	0.9970648475148319	0.9960226133325328	0.9983837643721482	0.9985670997584191	0.9962592982417916	0.9955068505631658	0.9978112798609136	0.9976246918141812	0.9971328478428483	0.9977122881816771	0.997432821437181	0.9974429394550538	0.9966646069236045	0.9879128811840062	0.9977500267844387	0.9961924539320448	0.9972041288661633	0.9949198294141189	1.0	0.9964225213870223	0.9983494460794305	0.9984273616302007
0.9982412609523016	0.9951321541194549	0.9965330203824251	0.9993774987228201	0.9967612839797269	0.9944228423398787	0.9957166073646598	0.9974123090580365	0.997914578831847	0.9980783208656205	0.9976071142107245	0.9981870362023596	0.9979052670118305	0.999551585493513	0.9972739839740692	0.9977683505994964	0.9968477465750952	0.9976354506680588	0.9975171728697756	0.9959488379615687	0.9951973148260852	0.9979541552176527	0.9967738772469278	0.9972961978292568	0.9973969440190106	0.9972577669817114	0.9971606231041404	0.996693351614668	0.9873451252539641	0.9972328170416292	0.9970855570059584	0.9963519377808916	0.9960902098462262	0.9964225213870223	1.0	0.9989382591803488	0.9977855400882741
0.9983942665053325	0.9975050466848571	0.9982024624152442	0.9995164787216521	0.9982913584374865	0.9967397555406493	0.9975594960835505	0.9989554362415379	0.997934134297743	0.9992213305777551	0.9989293842927972	0.9988922112805781	0.9991844555469066	0.9995975543859676	0.9990492415203811	0.9993375338492744	0.9984167863013662	0.9993902464160671	0.9988244858929195	0.9977695169425671	0.9972833458690552	0.999268023267185	0.9983977263092924	0.9984851688846277	0.9986962186934606	0.9986089967763321	0.9986475696151046	0.9976282423193967	0.9890616918134179	0.9977042057546585	0.9989842897436729	0.9978429915426478	0.9977826131820892	0.9983494460794305	0.9989382591803488	1.0	0.9986385803600377
0.9974381032324998	0.9967321427141541	0.9958738523769857	0.9990154293996197	0.9955057219857523	0.9967321427141541	0.9963734571055085	0.994992780134504	0.9985120100350957	0.9985964437050758	0.9947096138219362	0.9980437564053626	0.9918398208647263	0.9990154293996197	0.9962379450556899	0.998299983957001	0.996418505193945	0.9885831205036532	0.9941841095416476	0.9961926512111887	0.9971310889131509	0.9938939195571906	0.993157123684958	0.998086598262485	0.9942802775483893	0.9972630138284976	0.9918398208647263	0.9929078360016974	0.9803984325620174	0.9976990205877068	0.9963283478325781	0.9950866341634936	0.9921996711728484	0.9984273616302007	0.9977855400882741	0.9986385803600377	1.0
