/home/jshaw/scratch/2022_sketched_distance/references/SGB_genome_fastas_part4/5193/CosteaPI_2017__SID713A037-11-0-0__bin.65.fa	/home/jshaw/scratch/2022_sketched_distance/references/SGB_genome_fastas_part4/5193/FengQ_2015__SID531128__bin.57.fa	/home/jshaw/scratch/2022_sketched_distance/references/SGB_genome_fastas_part4/5193/FengQ_2015__SID532749__bin.5.fa	/home/jshaw/scratch/2022_sketched_distance/references/SGB_genome_fastas_part4/5193/GeversD_2014__SKBSTL059__bin.9.fa	/home/jshaw/scratch/2022_sketched_distance/references/SGB_genome_fastas_part4/5193/GeversD_2014__SKBSTL068__bin.18.fa	/home/jshaw/scratch/2022_sketched_distance/references/SGB_genome_fastas_part4/5193/HeQ_2017__RSZAXPI003080-114__bin.32.fa	/home/jshaw/scratch/2022_sketched_distance/references/SGB_genome_fastas_part4/5193/HeQ_2017__RSZAXPI003101-139__bin.39.fa	/home/jshaw/scratch/2022_sketched_distance/references/SGB_genome_fastas_part4/5193/HeQ_2017__RSZAXPI003105-143__bin.24.fa	/home/jshaw/scratch/2022_sketched_distance/references/SGB_genome_fastas_part4/5193/HeQ_2017__SZAXPI029486-84__bin.31.fa	/home/jshaw/scratch/2022_sketched_distance/references/SGB_genome_fastas_part4/5193/HMP_2012__SRS015264__bin.41.fa	/home/jshaw/scratch/2022_sketched_distance/references/SGB_genome_fastas_part4/5193/LeChatelierE_2013__MH0166__bin.17.fa	/home/jshaw/scratch/2022_sketched_distance/references/SGB_genome_fastas_part4/5193/LeChatelierE_2013__MH0203__bin.97.fa	/home/jshaw/scratch/2022_sketched_distance/references/SGB_genome_fastas_part4/5193/LeChatelierE_2013__MH0251__bin.60.fa	/home/jshaw/scratch/2022_sketched_distance/references/SGB_genome_fastas_part4/5193/LiJ_2014__MH0382__bin.18.fa	/home/jshaw/scratch/2022_sketched_distance/references/SGB_genome_fastas_part4/5193/LiJ_2014__V1.CD46-0__bin.5.fa	/home/jshaw/scratch/2022_sketched_distance/references/SGB_genome_fastas_part4/5193/LiJ_2014__V1.FI10__bin.12.fa	/home/jshaw/scratch/2022_sketched_distance/references/SGB_genome_fastas_part4/5193/LiSS_2016__FAT_024-22-84-0__bin.30.fa	/home/jshaw/scratch/2022_sketched_distance/references/SGB_genome_fastas_part4/5193/LoombaR_2017__SID5450_zsn__bin.39.fa	/home/jshaw/scratch/2022_sketched_distance/references/SGB_genome_fastas_part4/5193/LoombaR_2017__SID5639_uuc__bin.25.fa	/home/jshaw/scratch/2022_sketched_distance/references/SGB_genome_fastas_part4/5193/NielsenHB_2014__O2_UC48_0__bin.20.fa	/home/jshaw/scratch/2022_sketched_distance/references/SGB_genome_fastas_part4/5193/NielsenHB_2014__V1_UC35_4__bin.19.fa	/home/jshaw/scratch/2022_sketched_distance/references/SGB_genome_fastas_part4/5193/NielsenHB_2014__V1_UC55_0__bin.53.fa	/home/jshaw/scratch/2022_sketched_distance/references/SGB_genome_fastas_part4/5193/NielsenHB_2014__V1_UC55_4__bin.39.fa	/home/jshaw/scratch/2022_sketched_distance/references/SGB_genome_fastas_part4/5193/Obregon-TitoAJ_2015__NO21__bin.46.fa	/home/jshaw/scratch/2022_sketched_distance/references/SGB_genome_fastas_part4/5193/QinJ_2012__DLM023__bin.11.fa	/home/jshaw/scratch/2022_sketched_distance/references/SGB_genome_fastas_part4/5193/QinN_2014__LV-22__bin.2.fa	/home/jshaw/scratch/2022_sketched_distance/references/SGB_genome_fastas_part4/5193/VincentC_2016__MM098.1__bin.15.fa	/home/jshaw/scratch/2022_sketched_distance/references/SGB_genome_fastas_part4/5193/VogtmannE_2016__MMRS41266697ST-27-0-0__bin.40.fa	/home/jshaw/scratch/2022_sketched_distance/references/SGB_genome_fastas_part4/5193/VogtmannE_2016__MMRS47685461ST-27-0-0__bin.39.fa	/home/jshaw/scratch/2022_sketched_distance/references/SGB_genome_fastas_part4/5193/VogtmannE_2016__MMRS62376181ST-27-0-0__bin.26.fa	/home/jshaw/scratch/2022_sketched_distance/references/SGB_genome_fastas_part4/5193/VogtmannE_2016__MMRS72980899ST-27-0-0__bin.53.fa	/home/jshaw/scratch/2022_sketched_distance/references/SGB_genome_fastas_part4/5193/VogtmannE_2016__MMRS85438660ST-27-0-0__bin.15.fa	/home/jshaw/scratch/2022_sketched_distance/references/SGB_genome_fastas_part4/5193/WenC_2017__N019__bin.26.fa	/home/jshaw/scratch/2022_sketched_distance/references/SGB_genome_fastas_part4/5193/XieH_2016__YSZC12003_36694__bin.65.fa	/home/jshaw/scratch/2022_sketched_distance/references/SGB_genome_fastas_part4/5193/XieH_2016__YSZC12003_36697__bin.49.fa	/home/jshaw/scratch/2022_sketched_distance/references/SGB_genome_fastas_part4/5193/XieH_2016__YSZC12003_37179__bin.9.fa	/home/jshaw/scratch/2022_sketched_distance/references/SGB_genome_fastas_part4/5193/XieH_2016__YSZC12003_37283__bin.52.fa	/home/jshaw/scratch/2022_sketched_distance/references/SGB_genome_fastas_part4/5193/XieH_2016__YSZC12003_37284__bin.11.fa	/home/jshaw/scratch/2022_sketched_distance/references/SGB_genome_fastas_part4/5193/YuJ_2015__SZAXPI015254-45__bin.34.fa	/home/jshaw/scratch/2022_sketched_distance/references/SGB_genome_fastas_part4/5193/YuJ_2015__SZAXPI017589-133__bin.23.fa	/home/jshaw/scratch/2022_sketched_distance/references/SGB_genome_fastas_part4/5193/ZellerG_2014__CCIS12656533ST-4-0__bin.24.fa	/home/jshaw/scratch/2022_sketched_distance/references/SGB_genome_fastas_part4/5193/ZellerG_2014__CCIS41288781ST-4-0__bin.26.fa	/home/jshaw/scratch/2022_sketched_distance/references/SGB_genome_fastas_part4/5193/ZellerG_2014__CCIS82146115ST-4-0__bin.24.fa	/home/jshaw/scratch/2022_sketched_distance/references/SGB_genome_fastas_part4/5193/ZellerG_2014__CCMD26709089ST-21-0__bin.20.fa
1.0	0.9763482187910273	0.9664986464278749	0.9746830875905748	0.9765199963672044	0.9718592643758764	0.974943166244459	0.9714524816947129	0.9796756816299976	0.9814740940788671	0.9643807314574008	0.979773042980364	0.9651815061201194	0.9723547938858246	0.976564333575169	0.9843631255439971	0.9748678109073414	0.9676585196408012	0.9760844354067622	0.9787567449421694	0.9713932568224234	0.9785175592095942	0.978311158475244	0.9683896306807304	0.972971518144705	0.9692705617791636	0.9730089966129274	0.970974754061143	0.976610861942529	0.9710538049578403	0.9647584603145976	0.9773158592930002	0.9756703811983478	0.9786537722292171	0.9685650839311754	0.9666290065066651	0.9795419855668542	0.9666405576567373	0.9723536854394873	0.9604011291546168	0.9775033275401285	0.9781695530679687	0.9748251938170601	0.9715879157023308
0.9763482187910273	1.0	0.9682906991402912	0.9747263008685455	0.9751250622878127	0.9742379448795441	0.9749796492138978	0.9708826926882915	0.9784842430123334	0.9794882544138998	0.9661417931229896	0.9783454760800689	0.9656446293240054	0.974864525524256	0.9762160918258934	0.9770634683240039	0.976049022395589	0.9701191858521989	0.975778457463183	0.9783042405824531	0.9717370500489477	0.9780177573067759	0.9778405293427392	0.9694361809100265	0.974310345609482	0.9693158622992565	0.9733729914283797	0.9724092612318155	0.9764181512875946	0.9706329798066493	0.9668522218696322	0.9786376524969254	0.9760674674602225	0.9791818023921117	0.9699686826245578	0.966975535380267	0.9786596064066972	0.9697534627685725	0.9721460055883102	0.9630965458187043	0.9789500945905675	0.9775501495825873	0.9748030745426374	0.971915505909908
0.9664986464278749	0.9682906991402912	1.0	0.960234637393818	0.9664878656629465	0.9673899076238108	0.9638723195768265	0.9431628156271665	0.9696831669047521	0.9686808490964101	0.9600355768455922	0.9669411898588809	0.9583220531557609	0.9662144769256192	0.9676755047084808	0.9673762145443422	0.9694560501243841	0.9622508344161033	0.9666317562408667	0.9689846790716017	0.9592308590945008	0.9681301922809573	0.9683395428843669	0.9633990983158591	0.9656278886282357	0.9577748641490582	0.95845354964898	0.9623582613271697	0.9727632586460251	0.9596042974840845	0.9479364945275679	0.9691893962867125	0.9695635077860395	0.9691434965776052	0.9774294687450736	0.9462129357679024	0.9687317441248073	0.9645819083586448	0.9608199587168545	0.9409377647452896	0.9704517159787318	0.9667744376427571	0.96404210171041	0.9621687663368944
0.9746830875905748	0.9747263008685455	0.960234637393818	1.0	0.9798093490419435	0.9735209222875856	0.9742012282944291	0.9754525615183617	0.9782500723237355	0.9785830276700732	0.9641650198642053	0.976728630486469	0.9660475152964473	0.9718051419407473	0.980408737051995	0.9758076466165561	0.9748562149775063	0.9694454493637943	0.975326112464195	0.9774123613372241	0.9713871504163594	0.9770789122152332	0.977201927527186	0.9690734622411998	0.9722381655048187	0.9690304305418997	0.9771735459013944	0.9717004206686513	0.9754134418543773	0.9713792369050251	0.9700150505324034	0.9782402230755078	0.9738563080877617	0.97807352440552	0.9661236345722176	0.9740031168550405	0.9776408787781755	0.9672556720011299	0.9726361336632916	0.9693164992122054	0.9776920146923112	0.9758929663690137	0.9740763140551606	0.9715950581361658
0.9765199963672044	0.9751250622878127	0.9664878656629465	0.9798093490419435	1.0	0.9761009922799072	0.9766859351484287	0.9726289190644862	0.9793179504141417	0.9799650951590682	0.9658046036478591	0.9789045347959575	0.9686426631198003	0.9745160469869829	0.9817965121758812	0.977479660073751	0.9764736545375884	0.9703883729235171	0.9785818062171776	0.9784308657854899	0.9741096530631415	0.9779732415500031	0.9782473289535083	0.9714496312839509	0.9749639795416725	0.9709330256156606	0.974346097743204	0.9738637262207414	0.9765052578551952	0.9729718907335205	0.9677885178508947	0.9792213478606224	0.9758547998828664	0.9787308794589635	0.9708241169700217	0.9692235626600277	0.9790020918088788	0.9701212303076155	0.9744289553448973	0.964650956390659	0.9782484732276608	0.9778061691060176	0.9761105839096085	0.973990031588086
0.9718592643758764	0.9742379448795441	0.9673899076238108	0.9735209222875856	0.9761009922799072	1.0	0.9952131240855754	0.9681000943916437	0.9755605463377666	0.9747823702453943	0.9656411794220143	0.9752471232207698	0.9667421294104904	0.9717745290871511	0.9765894068941081	0.9733043279779862	0.973780511463908	0.9819420535403423	0.9726673545627385	0.9757865491084841	0.9706629648761093	0.9753577396189368	0.9754767610029766	0.9670147427692806	0.9712088528090584	0.9689099511608474	0.9713790388993332	0.9710216673206847	0.9736158969763262	0.9703509085545493	0.9670198798278303	0.9764193264658221	0.9743598365334024	0.9760828134822759	0.971543772003193	0.968384109843407	0.9759675132818727	0.9676114229733086	0.9708883831735764	0.965665673007952	0.9767211986632834	0.9736900992184104	0.9715862093544417	0.9708892789307508
0.974943166244459	0.9749796492138978	0.9638723195768265	0.9742012282944291	0.9766859351484287	0.9952131240855754	1.0	0.9700204471790225	0.9769380855584652	0.9769719207673303	0.9649861624321008	0.9773299169187819	0.9665379821161881	0.9716851383368778	0.9762907393783121	0.9753709721075329	0.9734697313066055	0.9823965906612365	0.9745922019323995	0.9769891813434655	0.9713255317822098	0.9766660864251235	0.9767247994154038	0.9673458593898128	0.9718991886260505	0.9708809952357893	0.9721157135452172	0.971475057244757	0.973900971882662	0.9722687791710262	0.9657583400343206	0.9764719698060148	0.9737315159764414	0.9768088889923128	0.967874502975138	0.964686469548342	0.9770423154267867	0.9667447973207327	0.9729903340640823	0.9620404428641294	0.9763209069856924	0.9760279441608782	0.9737576050072592	0.9724628262947166
0.9714524816947129	0.9708826926882915	0.9431628156271665	0.9754525615183617	0.9726289190644862	0.9681000943916437	0.9700204471790225	1.0	0.9743607355377247	0.9758750003318649	0.9605030651009052	0.973520712732793	0.9608556246273543	0.9679513100292793	0.972520101435243	0.9726512177115524	0.9689800052548063	0.9627727551978641	0.9722256624683473	0.9735541020913558	0.968478990114758	0.9732678835045686	0.9731572966273457	0.9662697582171453	0.9701585887347399	0.9654164118230184	0.9767783842201546	0.967282259304722	0.9706925176042616	0.9677844754010757	0.969429625819757	0.9737486958674848	0.9699671285624709	0.9750733741253201	0.9570179220608458	0.9757880768171434	0.9746246890227127	0.9622527450474025	0.9690265810868777	0.9695017010053976	0.9727739744267735	0.973412436223215	0.9728334425264646	0.9678944010569384
0.9796756816299976	0.9784842430123334	0.9696831669047521	0.9782500723237355	0.9793179504141417	0.9755605463377666	0.9769380855584652	0.9743607355377247	1.0	0.9838713216213528	0.9671856573607247	0.9808803454648679	0.967422478671112	0.9748745276937023	0.9790562510752444	0.9800812482874149	0.9770332842647038	0.9698179136539001	0.9792524335753425	0.9806011687809295	0.9748598709716562	0.980104571751974	0.9803127957372795	0.9724518517011059	0.9779834345180959	0.971598695751633	0.9772478681285846	0.9737099473569346	0.9795065273207012	0.9743334273917431	0.9675164510059325	0.9804461763536159	0.9783214884034683	0.9821928445019111	0.9728209049733991	0.9696034576716356	0.9815623488317946	0.9697553294990935	0.9754818420921133	0.9638407220183733	0.9801443666179684	0.9803460834254663	0.9780340675332776	0.9736237997754079
0.9814740940788671	0.9794882544138998	0.9686808490964101	0.9785830276700732	0.9799650951590682	0.9747823702453943	0.9769719207673303	0.9758750003318649	0.9838713216213528	1.0	0.9673388108785802	0.9817299621876792	0.9689808540660937	0.9757835912634432	0.97972973716972	0.9819066482742129	0.9792415981782531	0.9700162510305069	0.9817005379144086	0.9815122514442389	0.975929572136322	0.9811635719714752	0.9815314500586035	0.973696518595792	0.9773499560057985	0.9732288354988617	0.9768154254137401	0.9744008385840578	0.9797875115721828	0.9758089611837575	0.9692289899737493	0.9811194723297761	0.9795006508159195	0.9819815728353785	0.9724564214007713	0.970573490555322	0.9820551289083371	0.9713402217085936	0.9769995803183301	0.965643131140164	0.9809697265864299	0.9820209872079991	0.9787439427621759	0.9750094987128325
0.9643807314574008	0.9661417931229896	0.9600355768455922	0.9641650198642053	0.9658046036478591	0.9656411794220143	0.9649861624321008	0.9605030651009052	0.9671856573607247	0.9673388108785802	1.0	0.9669516671482127	0.9611096873688512	0.9681068039348126	0.9662322130296513	0.9657203496957303	0.9667301407645835	0.9607363451538972	0.965775243656206	0.9677668146834438	0.959477283928156	0.9667476719892621	0.9669627685517705	0.9636222544127079	0.9659586981134278	0.956654905096087	0.9651151933842477	0.9618555168560411	0.9676731605301602	0.9609083719434963	0.958434054653217	0.9687328475456121	0.9664773966033893	0.9690778145564821	0.9644591920297106	0.9594419106856322	0.9684284212820885	0.9632032664056794	0.9620264772312539	0.9576640610114663	0.9693824988284441	0.9664618912836065	0.9665503897081956	0.962661592435849
0.979773042980364	0.9783454760800689	0.9669411898588809	0.976728630486469	0.9789045347959575	0.9752471232207698	0.9773299169187819	0.973520712732793	0.9808803454648679	0.9817299621876792	0.9669516671482127	1.0	0.9679206592148932	0.9756781014309037	0.9785386474218845	0.9794712500768874	0.9770387059738562	0.970250439085824	0.9778885363354327	0.9800020922416789	0.9739453001876862	0.9798847942538305	0.9801384421894086	0.9713505285803786	0.9763796661490555	0.9711853214616313	0.9763415739487047	0.9735855939310958	0.977695620261003	0.9731891764471694	0.9687164394685495	0.9804069659120342	0.9764441081528635	0.9804385477215931	0.9710390447559484	0.9686603806478082	0.9814979436545564	0.970802419949877	0.9748534743166027	0.9643796079308203	0.9790678943046475	0.980444426022585	0.9784504959982426	0.9740044366129551
0.9651815061201194	0.9656446293240054	0.9583220531557609	0.9660475152964473	0.9686426631198003	0.9667421294104904	0.9665379821161881	0.9608556246273543	0.967422478671112	0.9689808540660937	0.9611096873688512	0.9679206592148932	1.0	0.9661937283701851	0.9681228123140246	0.9666975873315522	0.9655387974714439	0.9618179000514594	0.965072294341647	0.9682775320690664	0.9697968284421813	0.9675277163219261	0.9678044270787655	0.9620842440302624	0.9660878353078084	0.9679315757245298	0.9651333183530851	0.9730596775472444	0.9672672995275201	0.9704382552014844	0.9669184646681954	0.9690761949199324	0.965664211844754	0.968430329151265	0.9626521388519477	0.9602069128050588	0.9687000831983039	0.9591093112244781	0.9718649651246577	0.9636843273929117	0.9688282594380743	0.9665970538105492	0.9660401779915196	0.9715077184586183
0.9723547938858246	0.974864525524256	0.9662144769256192	0.9718051419407473	0.9745160469869829	0.9717745290871511	0.9716851383368778	0.9679513100292793	0.9748745276937023	0.9757835912634432	0.9681068039348126	0.9756781014309037	0.9661937283701851	1.0	0.9744041794419661	0.9737815927308706	0.9732734954287993	0.9672386469843609	0.973198522951478	0.9748178940743163	0.9680356980780461	0.9743284578577289	0.9745223517143392	0.968384109843407	0.9726140189910997	0.9661031850852141	0.9709705730661946	0.9693982362921784	0.9733025406659126	0.9683316541618532	0.964062185804109	0.9757438127412186	0.9727748058940677	0.9762391215084928	0.969388228329484	0.9659569999597859	0.9754201856130698	0.9675449073736778	0.9692685248180738	0.9622207439665984	0.976115125162804	0.9747281982403614	0.9737865672119125	0.9683455063904081
0.976564333575169	0.9762160918258934	0.9676755047084808	0.980408737051995	0.9817965121758812	0.9765894068941081	0.9762907393783121	0.972520101435243	0.9790562510752444	0.97972973716972	0.9662322130296513	0.9785386474218845	0.9681228123140246	0.9744041794419661	1.0	0.9774735553774305	0.9761519545919616	0.9703494833378415	0.9774369175427108	0.9788146086751237	0.9728433282768065	0.9783030116042011	0.9783956833967311	0.9698049138440158	0.9740290453825622	0.9704121715214814	0.9740135543101844	0.9742080907290569	0.9770741022596393	0.9731235486487795	0.9671338701385365	0.9797790127412404	0.9759136991466502	0.9794238249659656	0.9713267363223771	0.9687473183400797	0.9799081627430567	0.969631681566044	0.9736047697863183	0.9640577736042601	0.9800417394554917	0.9776474258687374	0.9748698668964828	0.974389474354329
0.9843631255439971	0.9770634683240039	0.9673762145443422	0.9758076466165561	0.977479660073751	0.9733043279779862	0.9753709721075329	0.9726512177115524	0.9800812482874149	0.9819066482742129	0.9657203496957303	0.9794712500768874	0.9666975873315522	0.9737815927308706	0.9774735553774305	1.0	0.9756367190513666	0.969103466155695	0.9774832198662378	0.9801040499765354	0.9726741388640787	0.9797820944951272	0.9800543128026931	0.9704327773630985	0.9741305064688971	0.970046919382398	0.9738192765094432	0.9720999398198752	0.9775908594023721	0.9717122919874048	0.9662284065231586	0.9787463181858843	0.9768783513827374	0.9792729203887195	0.970051944047578	0.9680809672460811	0.9804238712779185	0.9682096952651189	0.9733352956095882	0.962964557863182	0.9787666653224014	0.9787710389328391	0.9757367055218437	0.9725508304607408
0.9748678109073414	0.976049022395589	0.9694560501243841	0.9748562149775063	0.9764736545375884	0.973780511463908	0.9734697313066055	0.9689800052548063	0.9770332842647038	0.9792415981782531	0.9667301407645835	0.9770387059738562	0.9655387974714439	0.9732734954287993	0.9761519545919616	0.9756367190513666	1.0	0.9694640155734418	0.9752621321745605	0.9777018555512819	0.969986773721391	0.9771887840136918	0.9773995822855819	0.9700616192905235	0.9739437655858596	0.9667570217018445	0.9734365496909723	0.9720047668286882	0.9769163553200887	0.9701819815883522	0.9654942879770642	0.9777353436079869	0.976818570464067	0.9780539034259883	0.9723479758123738	0.966512470730473	0.9775578255258369	0.9708081295842641	0.9707706924401684	0.9623574626130813	0.9784275359401091	0.975494867335088	0.972985335869489	0.9708377959244757
0.9676585196408012	0.9701191858521989	0.9622508344161033	0.9694454493637943	0.9703883729235171	0.9819420535403423	0.9823965906612365	0.9627727551978641	0.9698179136539001	0.9700162510305069	0.9607363451538972	0.970250439085824	0.9618179000514594	0.9672386469843609	0.9703494833378415	0.969103466155695	0.9694640155734418	1.0	0.9686209385915292	0.9714899578051551	0.966075104749594	0.9708314763847969	0.9710196295973225	0.9623983749458636	0.966898558848375	0.9641468091190484	0.9662689611603397	0.9665912488583818	0.9693192577952287	0.9661599908761326	0.9615358472930341	0.9718644267255417	0.9682880192775106	0.9707106098445952	0.965918232579432	0.9618124886670091	0.970874792910441	0.9632497429897526	0.967540769231852	0.9578227417115924	0.9708271975000148	0.9701626774183693	0.968576388497511	0.9674224371735596
0.9760844354067622	0.975778457463183	0.9666317562408667	0.975326112464195	0.9785818062171776	0.9726673545627385	0.9745922019323995	0.9722256624683473	0.9792524335753425	0.9817005379144086	0.965775243656206	0.9778885363354327	0.965072294341647	0.973198522951478	0.9774369175427108	0.9774832198662378	0.9752621321745605	0.9686209385915292	1.0	0.9780248086397014	0.9727910654788922	0.9778375767612495	0.9780799295112178	0.970874792910441	0.975469546717465	0.9705764739817165	0.9738121084335399	0.971030602522994	0.976447217461418	0.9716551772046516	0.9656918612633576	0.9779367869704423	0.9756862198657692	0.9785426612753515	0.9693948441789966	0.9676714867000099	0.9783338011361055	0.9683300807189809	0.973245910530362	0.9618608372994027	0.9778747161518215	0.9782937545089251	0.9764947502530135	0.9720897286463147
0.9787567449421694	0.9783042405824531	0.9689846790716017	0.9774123613372241	0.9784308657854899	0.9757865491084841	0.9769891813434655	0.9735541020913558	0.9806011687809295	0.9815122514442389	0.9677668146834438	0.9800020922416789	0.9682775320690664	0.9748178940743163	0.9788146086751237	0.9801040499765354	0.9777018555512819	0.9714899578051551	0.9780248086397014	1.0	0.9728881416102021	0.998994691504856	0.9982260593015513	0.9717675731135942	0.9753570457827077	0.9710294650092212	0.9751686183389202	0.9732175812663032	0.9784211830729502	0.9729789564500805	0.9662631296042712	0.9809206565791379	0.9785312297611493	0.9809459478725628	0.9724705629345287	0.9701251599877005	0.9820264991484927	0.9700465652046389	0.9746244250544872	0.9642868113119853	0.9801951010784596	0.9795504269224055	0.9775051039531593	0.9738924722500516
0.9713932568224234	0.9717370500489477	0.9592308590945008	0.9713871504163594	0.9741096530631415	0.9706629648761093	0.9713255317822098	0.968478990114758	0.9748598709716562	0.975929572136322	0.959477283928156	0.9739453001876862	0.9697968284421813	0.9680356980780461	0.9728433282768065	0.9726741388640787	0.969986773721391	0.966075104749594	0.9727910654788922	0.9728881416102021	1.0	0.9727882310611473	0.9729221729350032	0.9668039753236262	0.9702014835059914	0.9735974159260194	0.9687368650764652	0.9745788450696129	0.9708118008831117	0.9750953396399703	0.9696601901312227	0.9736212393675716	0.9702171925237479	0.974630258445609	0.9646557780299212	0.9647935248311105	0.9732802690412312	0.962507511372783	0.9762500126163863	0.9650195139117058	0.9732616275326147	0.9739445939643027	0.9715512806785727	0.9755592381384127
0.9785175592095942	0.9780177573067759	0.9681301922809573	0.9770789122152332	0.9779732415500031	0.9753577396189368	0.9766660864251235	0.9732678835045686	0.980104571751974	0.9811635719714752	0.9667476719892621	0.9798847942538305	0.9675277163219261	0.9743284578577289	0.9783030116042011	0.9797820944951272	0.9771887840136918	0.9708314763847969	0.9778375767612495	0.998994691504856	0.9727882310611473	1.0	0.9983758201519619	0.9713390016338155	0.9749425814634408	0.9707835337790471	0.9746712964035844	0.9729551916873668	0.9779702267800404	0.9727625927620535	0.9658498442359985	0.9804620801748212	0.9779799646592872	0.980540928907584	0.9718696251852993	0.9698484063955911	0.9816520998502878	0.9694510970557932	0.9742804185104053	0.964084312138222	0.979716827875094	0.9792855483036295	0.977267726951409	0.973476820555006
0.978311158475244	0.9778405293427392	0.9683395428843669	0.977201927527186	0.9782473289535083	0.9754767610029766	0.9767247994154038	0.9731572966273457	0.9803127957372795	0.9815314500586035	0.9669627685517705	0.9801384421894086	0.9678044270787655	0.9745223517143392	0.9783956833967311	0.9800543128026931	0.9773995822855819	0.9710196295973225	0.9780799295112178	0.9982260593015513	0.9729221729350032	0.9983758201519619	1.0	0.9713493842491226	0.9752244005408826	0.9708808985036339	0.9748337169534353	0.973155840671196	0.9781479753825568	0.9730690240983697	0.9659611016254377	0.9806837812709419	0.9779663667023483	0.9807117060624705	0.9721102308136754	0.9695471465403815	0.9820372861123213	0.9694078971294191	0.9745209255132451	0.9640425614734144	0.9796635914317307	0.9794407936297265	0.9774381818018455	0.9733768870621993
0.9683896306807304	0.9694361809100265	0.9633990983158591	0.9690734622411998	0.9714496312839509	0.9670147427692806	0.9673458593898128	0.9662697582171453	0.9724518517011059	0.973696518595792	0.9636222544127079	0.9713505285803786	0.9620842440302624	0.968384109843407	0.9698049138440158	0.9704327773630985	0.9700616192905235	0.9623983749458636	0.970874792910441	0.9717675731135942	0.9668039753236262	0.9713390016338155	0.9713493842491226	1.0	0.9691809054092166	0.9624938764219347	0.9685867334947931	0.9660603653942534	0.9706408085021653	0.9659964719996871	0.9616652429413605	0.9724950330329508	0.969747803210335	0.9729503740367952	0.9673957917368691	0.964809914264962	0.9724069817475899	0.9671570895245473	0.9666010069837291	0.958788209853068	0.971304708530423	0.9718568725924116	0.9700782096693444	0.9671366177465207
0.972971518144705	0.974310345609482	0.9656278886282357	0.9722381655048187	0.9749639795416725	0.9712088528090584	0.9718991886260505	0.9701585887347399	0.9779834345180959	0.9773499560057985	0.9659586981134278	0.9763796661490555	0.9660878353078084	0.9726140189910997	0.9740290453825622	0.9741305064688971	0.9739437655858596	0.966898558848375	0.975469546717465	0.9753570457827077	0.9702014835059914	0.9749425814634408	0.9752244005408826	0.9691809054092166	1.0	0.9668033270898743	0.9735062413996936	0.9700891589970267	0.9749697590223747	0.9696879437974839	0.9666852543651523	0.9752248256577195	0.9739075113182453	0.976957176372373	0.9683752040267837	0.9666291034192707	0.9759596105308456	0.9696630676382626	0.9713143088483309	0.962025743022842	0.9752799836643012	0.9760769218325293	0.9745161796927976	0.9706603576576365
0.9692705617791636	0.9693158622992565	0.9577748641490582	0.9690304305418997	0.9709330256156606	0.9689099511608474	0.9708809952357893	0.9654164118230184	0.971598695751633	0.9732288354988617	0.956654905096087	0.9711853214616313	0.9679315757245298	0.9661031850852141	0.9704121715214814	0.970046919382398	0.9667570217018445	0.9641468091190484	0.9705764739817165	0.9710294650092212	0.9735974159260194	0.9707835337790471	0.9708808985036339	0.9624938764219347	0.9668033270898743	1.0	0.966075104749594	0.9734034233259444	0.9687858005315918	0.9737313092758251	0.9667860570473307	0.970730084279068	0.9679501072242788	0.9713894137860166	0.9608820905203144	0.9592009066250118	0.9710971117824502	0.9591991377899912	0.9754013705192375	0.9627821104991163	0.9704447271316354	0.9721482084895455	0.9690516096839982	0.974719890899749
0.9730089966129274	0.9733729914283797	0.95845354964898	0.9771735459013944	0.974346097743204	0.9713790388993332	0.9721157135452172	0.9767783842201546	0.9772478681285846	0.9768154254137401	0.9651151933842477	0.9763415739487047	0.9651333183530851	0.9709705730661946	0.9740135543101844	0.9738192765094432	0.9734365496909723	0.9662689611603397	0.9738121084335399	0.9751686183389202	0.9687368650764652	0.9746712964035844	0.9748337169534353	0.9685867334947931	0.9735062413996936	0.966075104749594	1.0	0.970033565501708	0.9781201019284056	0.9684887407624262	0.9719062470732731	0.9750151899083684	0.9736394005511951	0.9764027685297948	0.9605953449494534	0.9751952721542204	0.9753719908333878	0.9679888124525597	0.9693870209483167	0.9701854681249551	0.9759655873625397	0.9738637042466378	0.9724662914554126	0.9691918339471083
0.970974754061143	0.9724092612318155	0.9623582613271697	0.9717004206686513	0.9738637262207414	0.9710216673206847	0.971475057244757	0.967282259304722	0.9737099473569346	0.9744008385840578	0.9618555168560411	0.9735855939310958	0.9730596775472444	0.9693982362921784	0.9742080907290569	0.9720999398198752	0.9720047668286882	0.9665912488583818	0.971030602522994	0.9732175812663032	0.9745788450696129	0.9729551916873668	0.973155840671196	0.9660603653942534	0.9700891589970267	0.9734034233259444	0.970033565501708	1.0	0.9712816181472981	0.9761141491910071	0.9710706340017872	0.9744100308703388	0.9714751125636536	0.9740009795279331	0.9674637774345873	0.9634513451317198	0.9747031120342382	0.9649989135605657	0.9808704406816674	0.970775244698691	0.9747440027644516	0.9727753254235555	0.9704311517776509	0.9818538017364077
0.976610861942529	0.9764181512875946	0.9727632586460251	0.9754134418543773	0.9765052578551952	0.9736158969763262	0.973900971882662	0.9706925176042616	0.9795065273207012	0.9797875115721828	0.9676731605301602	0.977695620261003	0.9672672995275201	0.9733025406659126	0.9770741022596393	0.9775908594023721	0.9769163553200887	0.9693192577952287	0.976447217461418	0.9784211830729502	0.9708118008831117	0.9779702267800404	0.9781479753825568	0.9706408085021653	0.9749697590223747	0.9687858005315918	0.9781201019284056	0.9712816181472981	1.0	0.9715627851924427	0.9662447586813631	0.9778513599117176	0.9757361951970394	0.9784769951595508	0.9720249875003991	0.9685211613800799	0.9785575355623279	0.9694761194334803	0.9717608446137384	0.9644139578272559	0.9782585940587486	0.9765818762974926	0.9747457593289759	0.9715724631221258
0.9710538049578403	0.9706329798066493	0.9596042974840845	0.9713792369050251	0.9729718907335205	0.9703509085545493	0.9722687791710262	0.9677844754010757	0.9743334273917431	0.9758089611837575	0.9609083719434963	0.9731891764471694	0.9704382552014844	0.9683316541618532	0.9731235486487795	0.9717122919874048	0.9701819815883522	0.9661599908761326	0.9716551772046516	0.9729789564500805	0.9750953396399703	0.9727625927620535	0.9730690240983697	0.9659964719996871	0.9696879437974839	0.9737313092758251	0.9684887407624262	0.9761141491910071	0.9715627851924427	1.0	0.9689720108493501	0.9728052107065484	0.970191431086943	0.9745190845403453	0.9643432501517816	0.9622705191417579	0.9739423551074177	0.96241760328589	0.9784300297631892	0.9650393288148715	0.9737513925115088	0.9737685685439896	0.9712489985306341	0.9766628740751903
0.9647584603145976	0.9668522218696322	0.9479364945275679	0.9700150505324034	0.9677885178508947	0.9670198798278303	0.9657583400343206	0.969429625819757	0.9675164510059325	0.9692289899737493	0.958434054653217	0.9687164394685495	0.9669184646681954	0.964062185804109	0.9671338701385365	0.9662284065231586	0.9654942879770642	0.9615358472930341	0.9656918612633576	0.9662631296042712	0.9696601901312227	0.9658498442359985	0.9659611016254377	0.9616652429413605	0.9666852543651523	0.9667860570473307	0.9719062470732731	0.9710706340017872	0.9662447586813631	0.9689720108493501	1.0	0.9690274751898263	0.9651254593303574	0.9692991423686043	0.9589002054602406	0.9723366071800732	0.9681608047452968	0.9604050494635484	0.9700062634515965	0.9746712964035844	0.9688585200185693	0.9667798390138717	0.9663205244947556	0.96924103869639
0.9773158592930002	0.9786376524969254	0.9691893962867125	0.9782402230755078	0.9792213478606224	0.9764193264658221	0.9764719698060148	0.9737486958674848	0.9804461763536159	0.9811194723297761	0.9687328475456121	0.9804069659120342	0.9690761949199324	0.9757438127412186	0.9797790127412404	0.9787463181858843	0.9777353436079869	0.9718644267255417	0.9779367869704423	0.9809206565791379	0.9736212393675716	0.9804620801748212	0.9806837812709419	0.9724950330329508	0.9752248256577195	0.970730084279068	0.9750151899083684	0.9744100308703388	0.9778513599117176	0.9728052107065484	0.9690274751898263	1.0	0.9770775871318913	0.9808828764685319	0.9728970750575334	0.9707917600669747	0.9811145814971328	0.9703234585282919	0.9746144190931365	0.9665597740251836	0.9804028437801091	0.9791891707750306	0.9771191526625044	0.9745900242107067
0.9756703811983478	0.9760674674602225	0.9695635077860395	0.9738563080877617	0.9758547998828664	0.9743598365334024	0.9737315159764414	0.9699671285624709	0.9783214884034683	0.9795006508159195	0.9664773966033893	0.9764441081528635	0.965664211844754	0.9727748058940677	0.9759136991466502	0.9768783513827374	0.976818570464067	0.9682880192775106	0.9756862198657692	0.9785312297611493	0.9702171925237479	0.9779799646592872	0.9779663667023483	0.969747803210335	0.9739075113182453	0.9679501072242788	0.9736394005511951	0.9714751125636536	0.9757361951970394	0.970191431086943	0.9651254593303574	0.9770775871318913	1.0	0.9779643863716543	0.9724685252903263	0.9676219292647623	0.9777296330851569	0.9690468148911351	0.9706436862228821	0.9614246931246596	0.9786736070311913	0.9761459119311663	0.973679964957559	0.9714801182759489
0.9786537722292171	0.9791818023921117	0.9691434965776052	0.97807352440552	0.9787308794589635	0.9760828134822759	0.9768088889923128	0.9750733741253201	0.9821928445019111	0.9819815728353785	0.9690778145564821	0.9804385477215931	0.968430329151265	0.9762391215084928	0.9794238249659656	0.9792729203887195	0.9780539034259883	0.9707106098445952	0.9785426612753515	0.9809459478725628	0.974630258445609	0.980540928907584	0.9807117060624705	0.9729503740367952	0.976957176372373	0.9713894137860166	0.9764027685297948	0.9740009795279331	0.9784769951595508	0.9745190845403453	0.9692991423686043	0.9808828764685319	0.9779643863716543	1.0	0.9729219657445856	0.9714850471178396	0.982509435596787	0.9718994640158221	0.9751275258909694	0.9663483164378115	0.9801730366350063	0.9805926437920326	0.9776279561392074	0.974372829868401
0.9685650839311754	0.9699686826245578	0.9774294687450736	0.9661236345722176	0.9708241169700217	0.971543772003193	0.967874502975138	0.9570179220608458	0.9728209049733991	0.9724564214007713	0.9644591920297106	0.9710390447559484	0.9626521388519477	0.969388228329484	0.9713267363223771	0.970051944047578	0.9723479758123738	0.965918232579432	0.9693948441789966	0.9724705629345287	0.9646557780299212	0.9718696251852993	0.9721102308136754	0.9673957917368691	0.9683752040267837	0.9608820905203144	0.9605953449494534	0.9674637774345873	0.9720249875003991	0.9643432501517816	0.9589002054602406	0.9728970750575334	0.9724685252903263	0.9729219657445856	1.0	0.9606609167617179	0.9736682404312343	0.9681929109563702	0.9646138006188945	0.9533075370669891	0.9736360298702195	0.9700014767984297	0.9680165936093951	0.9662259783701331
0.9666290065066651	0.966975535380267	0.9462129357679024	0.9740031168550405	0.9692235626600277	0.968384109843407	0.964686469548342	0.9757880768171434	0.9696034576716356	0.970573490555322	0.9594419106856322	0.9686603806478082	0.9602069128050588	0.9659569999597859	0.9687473183400797	0.9680809672460811	0.966512470730473	0.9618124886670091	0.9676714867000099	0.9701251599877005	0.9647935248311105	0.9698484063955911	0.9695471465403815	0.964809914264962	0.9666291034192707	0.9592009066250118	0.9751952721542204	0.9634513451317198	0.9685211613800799	0.9622705191417579	0.9723366071800732	0.9707917600669747	0.9676219292647623	0.9714850471178396	0.9606609167617179	1.0	0.9705670402839668	0.9707155484244032	0.9644925132760298	0.9745963819703041	0.9709946006665495	0.9686749731845625	0.9660364118998306	0.9636352393351245
0.9795419855668542	0.9786596064066972	0.9687317441248073	0.9776408787781755	0.9790020918088788	0.9759675132818727	0.9770423154267867	0.9746246890227127	0.9815623488317946	0.9820551289083371	0.9684284212820885	0.9814979436545564	0.9687000831983039	0.9754201856130698	0.9799081627430567	0.9804238712779185	0.9775578255258369	0.970874792910441	0.9783338011361055	0.9820264991484927	0.9732802690412312	0.9816520998502878	0.9820372861123213	0.9724069817475899	0.9759596105308456	0.9710971117824502	0.9753719908333878	0.9747031120342382	0.9785575355623279	0.9739423551074177	0.9681608047452968	0.9811145814971328	0.9777296330851569	0.982509435596787	0.9736682404312343	0.9705670402839668	1.0	0.9710458812077118	0.9751736053555546	0.9660183663219277	0.9803942875745594	0.980525493313825	0.9777479155759125	0.9744878681751682
0.9666405576567373	0.9697534627685725	0.9645819083586448	0.9672556720011299	0.9701212303076155	0.9676114229733086	0.9667447973207327	0.9622527450474025	0.9697553294990935	0.9713402217085936	0.9632032664056794	0.970802419949877	0.9591093112244781	0.9675449073736778	0.969631681566044	0.9682096952651189	0.9708081295842641	0.9632497429897526	0.9683300807189809	0.9700465652046389	0.962507511372783	0.9694510970557932	0.9694078971294191	0.9671570895245473	0.9696630676382626	0.9591991377899912	0.9679888124525597	0.9649989135605657	0.9694761194334803	0.96241760328589	0.9604050494635484	0.9703234585282919	0.9690468148911351	0.9718994640158221	0.9681929109563702	0.9707155484244032	0.9710458812077118	1.0	0.9632119880617332	0.9554092815291921	0.9709630182213826	0.9690615561691464	0.9674098351688578	0.9637814989466811
0.9723536854394873	0.9721460055883102	0.9608199587168545	0.9726361336632916	0.9744289553448973	0.9708883831735764	0.9729903340640823	0.9690265810868777	0.9754818420921133	0.9769995803183301	0.9620264772312539	0.9748534743166027	0.9718649651246577	0.9692685248180738	0.9736047697863183	0.9733352956095882	0.9707706924401684	0.967540769231852	0.973245910530362	0.9746244250544872	0.9762500126163863	0.9742804185104053	0.9745209255132451	0.9666010069837291	0.9713143088483309	0.9754013705192375	0.9693870209483167	0.9808704406816674	0.9717608446137384	0.9784300297631892	0.9700062634515965	0.9746144190931365	0.9706436862228821	0.9751275258909694	0.9646138006188945	0.9644925132760298	0.9751736053555546	0.9632119880617332	1.0	0.9731773780294671	0.9740713272161815	0.9749256560097069	0.9724191796883871	0.9815079319877709
0.9604011291546168	0.9630965458187043	0.9409377647452896	0.9693164992122054	0.964650956390659	0.965665673007952	0.9620404428641294	0.9695017010053976	0.9638407220183733	0.965643131140164	0.9576640610114663	0.9643796079308203	0.9636843273929117	0.9622207439665984	0.9640577736042601	0.962964557863182	0.9623574626130813	0.9578227417115924	0.9618608372994027	0.9642868113119853	0.9650195139117058	0.964084312138222	0.9640425614734144	0.958788209853068	0.962025743022842	0.9627821104991163	0.9701854681249551	0.970775244698691	0.9644139578272559	0.9650393288148715	0.9746712964035844	0.9665597740251836	0.9614246931246596	0.9663483164378115	0.9533075370669891	0.9745963819703041	0.9660183663219277	0.9554092815291921	0.9731773780294671	1.0	0.9651815061201194	0.962934788070606	0.9630345334014402	0.9696188989054575
0.9775033275401285	0.9789500945905675	0.9704517159787318	0.9776920146923112	0.9782484732276608	0.9767211986632834	0.9763209069856924	0.9727739744267735	0.9801443666179684	0.9809697265864299	0.9693824988284441	0.9790678943046475	0.9688282594380743	0.976115125162804	0.9800417394554917	0.9787666653224014	0.9784275359401091	0.9708271975000148	0.9778747161518215	0.9801951010784596	0.9732616275326147	0.979716827875094	0.9796635914317307	0.971304708530423	0.9752799836643012	0.9704447271316354	0.9759655873625397	0.9747440027644516	0.9782585940587486	0.9737513925115088	0.9688585200185693	0.9804028437801091	0.9786736070311913	0.9801730366350063	0.9736360298702195	0.9709946006665495	0.9803942875745594	0.9709630182213826	0.9740713272161815	0.9651815061201194	1.0	0.9791107031626933	0.9763435642120049	0.9740116590436362
0.9781695530679687	0.9775501495825873	0.9667744376427571	0.9758929663690137	0.9778061691060176	0.9736900992184104	0.9760279441608782	0.973412436223215	0.9803460834254663	0.9820209872079991	0.9664618912836065	0.980444426022585	0.9665970538105492	0.9747281982403614	0.9776474258687374	0.9787710389328391	0.975494867335088	0.9701626774183693	0.9782937545089251	0.9795504269224055	0.9739445939643027	0.9792855483036295	0.9794407936297265	0.9718568725924116	0.9760769218325293	0.9721482084895455	0.9738637042466378	0.9727753254235555	0.9765818762974926	0.9737685685439896	0.9667798390138717	0.9791891707750306	0.9761459119311663	0.9805926437920326	0.9700014767984297	0.9686749731845625	0.980525493313825	0.9690615561691464	0.9749256560097069	0.962934788070606	0.9791107031626933	1.0	0.9787154341226798	0.9733733217590557
