/home/jshaw/scratch/2022_sketched_distance/references/SGB_genome_fastas_part1_redo/1792/BackhedF_2015__SID544_M__bin.47.fa	/home/jshaw/scratch/2022_sketched_distance/references/SGB_genome_fastas_part1_redo/1792/Bengtsson-PalmeJ_2015__TRAVELRES69__bin.93.fa	/home/jshaw/scratch/2022_sketched_distance/references/SGB_genome_fastas_part1_redo/1792/Bengtsson-PalmeJ_2015__TRAVELRES70__bin.68.fa	/home/jshaw/scratch/2022_sketched_distance/references/SGB_genome_fastas_part1_redo/1792/BritoIL_2016__W2.43.ST__bin.65.fa	/home/jshaw/scratch/2022_sketched_distance/references/SGB_genome_fastas_part1_redo/1792/FengQ_2015__SID530600__bin.13.fa	/home/jshaw/scratch/2022_sketched_distance/references/SGB_genome_fastas_part1_redo/1792/HMP_2012__SRS013476__bin.46.fa	/home/jshaw/scratch/2022_sketched_distance/references/SGB_genome_fastas_part1_redo/1792/HMP_2012__SRS014235__bin.69.fa	/home/jshaw/scratch/2022_sketched_distance/references/SGB_genome_fastas_part1_redo/1792/HMP_2012__SRS019685__bin.31.fa	/home/jshaw/scratch/2022_sketched_distance/references/SGB_genome_fastas_part1_redo/1792/HMP_2012__SRS024132__bin.20.fa	/home/jshaw/scratch/2022_sketched_distance/references/SGB_genome_fastas_part1_redo/1792/HMP_2012__SRS053335__bin.32.fa	/home/jshaw/scratch/2022_sketched_distance/references/SGB_genome_fastas_part1_redo/1792/KarlssonFH_2013__S263__bin.15.fa	/home/jshaw/scratch/2022_sketched_distance/references/SGB_genome_fastas_part1_redo/1792/LiJ_2014__MH0336__bin.23.fa	/home/jshaw/scratch/2022_sketched_distance/references/SGB_genome_fastas_part1_redo/1792/LiJ_2014__MH0382__bin.29.fa	/home/jshaw/scratch/2022_sketched_distance/references/SGB_genome_fastas_part1_redo/1792/LiJ_2014__MH0389__bin.71.fa	/home/jshaw/scratch/2022_sketched_distance/references/SGB_genome_fastas_part1_redo/1792/LiJ_2014__MH0394__bin.50.fa	/home/jshaw/scratch/2022_sketched_distance/references/SGB_genome_fastas_part1_redo/1792/LiJ_2014__O2.UC7-1__bin.35.fa	/home/jshaw/scratch/2022_sketched_distance/references/SGB_genome_fastas_part1_redo/1792/LiJ_2014__V1.FI36__bin.98.fa	/home/jshaw/scratch/2022_sketched_distance/references/SGB_genome_fastas_part1_redo/1792/NielsenHB_2014__O2_UC51_2__bin.9.fa	/home/jshaw/scratch/2022_sketched_distance/references/SGB_genome_fastas_part1_redo/1792/NielsenHB_2014__O2_UC52_0__bin.19.fa	/home/jshaw/scratch/2022_sketched_distance/references/SGB_genome_fastas_part1_redo/1792/NielsenHB_2014__V1_UC49_1__bin.38.fa	/home/jshaw/scratch/2022_sketched_distance/references/SGB_genome_fastas_part1_redo/1792/VincentC_2016__MM050.4__bin.57.fa	/home/jshaw/scratch/2022_sketched_distance/references/SGB_genome_fastas_part1_redo/1792/ZeeviD_2015__PNP_DietIntervention_14__bin.9.fa	/home/jshaw/scratch/2022_sketched_distance/references/SGB_genome_fastas_part1_redo/1792/ZeeviD_2015__PNP_Main_133__bin.19.fa	/home/jshaw/scratch/2022_sketched_distance/references/SGB_genome_fastas_part1_redo/1792/ZeeviD_2015__PNP_Main_182__bin.5.fa	/home/jshaw/scratch/2022_sketched_distance/references/SGB_genome_fastas_part1_redo/1792/ZeeviD_2015__PNP_Main_356__bin.21.fa	/home/jshaw/scratch/2022_sketched_distance/references/SGB_genome_fastas_part1_redo/1792/ZeeviD_2015__PNP_Main_479__bin.14.fa	/home/jshaw/scratch/2022_sketched_distance/references/SGB_genome_fastas_part1_redo/1792/ZeeviD_2015__PNP_Main_553__bin.45.fa	/home/jshaw/scratch/2022_sketched_distance/references/SGB_genome_fastas_part1_redo/1792/ZeeviD_2015__PNP_Validation_38__bin.40.fa
1.0	0.9854934210129923	0.9841180827791297	0.9914439575159826	0.9878591420453218	0.9897550845403527	0.990497113797631	0.989037840569069	0.9899455534370122	0.9891492062760496	0.9887099230597118	0.9970697281614116	0.9998795662994285	0.9997990347204007	0.9982940647400432	0.9895085689744589	0.9975044719544875	0.9969052219908647	0.9984413618738708	0.9911182589408766	0.9907760914180351	0.9900804265111675	0.9923896338560965	0.9846530836063969	0.9994545875625163	0.9928152307065693	0.9919457237099387	0.9860169798174621
0.9854934210129923	1.0	0.9941215690765091	0.9882805429364709	0.981521625388819	0.9876928916329873	0.9876405330073679	0.9869164899617819	0.9875880909771135	0.9871123144067309	0.9827536148434326	0.9872363258736433	0.9880570891377939	0.9886213854621726	0.9881260057503124	0.9862491182305876	0.9873950855726273	0.9871123144067309	0.9878321089223238	0.9879361369681635	0.9879880280155937	0.9845284753191454	0.9884514049384993	0.9833464648926221	0.9882805429364709	0.9879534430705568	0.9882805429364709	0.9899342821440068
0.9841180827791297	0.9941215690765091	1.0	0.9867280418605462	0.9822582601626435	0.9864480751611794	0.9866459458318324	0.9856614072625278	0.9864149806476763	0.9853550716020236	0.9836024687628189	0.9855596124454109	0.986662381439564	0.9871678543353554	0.986514164430198	0.9847685238262542	0.9857121866424156	0.985508596511407	0.9862988868212142	0.986514164430198	0.9868916217433635	0.9844919060415241	0.987021902497481	0.9852341049269371	0.9868262873749964	0.986662381439564	0.9869079350804986	0.988437528215364
0.9914439575159826	0.9882805429364709	0.9867280418605462	1.0	0.9893824454610008	0.9894187307277232	0.9893975764095537	0.990548639565608	0.9898879255963615	0.9900326367668784	0.9904838500585446	0.9920234139461892	0.9913389005677732	0.9917233965621606	0.9913959560591838	0.9988043825150335	0.9914537419612569	0.9914075840538988	0.9909009264640767	0.9993342987324114	0.989716472109228	0.9926715486607355	0.9924441819828334	0.9870393131770898	0.9917711455970665	0.9917114485192214	0.9926314555545303	0.9870247052721137
0.9878591420453218	0.981521625388819	0.9822582601626435	0.9893824454610008	1.0	0.9924187189247555	0.9923569385699209	0.9915853368369923	0.992336319450638	0.991900321697588	0.982978685916459	0.9892468360127937	0.9902505734905124	0.9907087377613296	0.9899858816650485	0.9874072318511805	0.9893147104438998	0.9892468360127937	0.9901845992788839	0.9892015086512428	0.9926646930479097	0.9853058664438185	0.9892921011527743	0.9767810717709018	0.9902505734905124	0.9889053520523072	0.9892921011527743	0.9865335801542403
0.9897550845403527	0.9876928916329873	0.9864480751611794	0.9894187307277232	0.9924187189247555	1.0	0.998886993603982	0.999194586358483	0.9993104592403647	0.9984176562880426	0.9946231581755351	0.9903009808437593	0.9903739265027435	0.9908789657167589	0.9900028807641876	0.9879330838291812	0.9903857788793121	0.990072239643824	0.9900157451286267	0.9890896761971281	0.9992491647901953	0.9907321444594087	0.9896276155778033	0.9873607812700556	0.9904120735655294	0.989431824858961	0.9895363911839772	0.9870247052721137
0.990497113797631	0.9876405330073679	0.9866459458318324	0.9893975764095537	0.9923569385699209	0.998886993603982	1.0	0.9995493527683216	0.9989354607184463	0.9988228635972305	0.9946717601569095	0.991005933587109	0.990320757969555	0.9908150261741182	0.9908754682085211	0.9886729365428537	0.9905813584499409	0.9908824894510242	0.9899703136268904	0.9894367806212718	0.9991142298273982	0.9910075620476342	0.9896033868133558	0.9873407812535736	0.9903332052838231	0.9893991836622975	0.9898374016482213	0.9870818181623836
0.989037840569069	0.9869164899617819	0.9856614072625278	0.990548639565608	0.9915853368369923	0.999194586358483	0.9995493527683216	1.0	0.9988565953866356	0.9981806487091289	0.9937691989626769	0.990269725989923	0.9911255007323309	0.9916541130252666	0.9913973095567237	0.9886710815905907	0.9901628502369315	0.9897860357285576	0.9907069672331369	0.9903230343786216	0.9994180230175292	0.9901743205307821	0.9905221776550981	0.9863661955213536	0.9911774465247066	0.9903230343786216	0.9904161174161906	0.9871232478968187
0.9899455534370122	0.9875880909771135	0.9864149806476763	0.9898879255963615	0.992336319450638	0.9993104592403647	0.9989354607184463	0.9988565953866356	1.0	0.9987724816014217	0.9943463928885797	0.9904458081335199	0.9908642857166974	0.9912794054381912	0.9905718433016185	0.9881402708042647	0.9900704212376905	0.9901647216694041	0.9904053968444445	0.9896261148170784	0.9993104592403647	0.9905008621161717	0.9901606093413425	0.9872004397781418	0.9910913610501987	0.989704876436116	0.9899009617585462	0.9867232249943478
0.9891492062760496	0.9871123144067309	0.9853550716020236	0.9900326367668784	0.991900321697588	0.9984176562880426	0.9988228635972305	0.9981806487091289	0.9987724816014217	1.0	0.9937858305268292	0.990009405882314	0.9905018364454063	0.9910154667172528	0.9905923003758084	0.9882250579689241	0.9892821086148637	0.9897531761961548	0.9901243939062103	0.9897558245043206	0.999362186588182	0.9904544106059453	0.9900719924975956	0.9867554287584953	0.9909899740287506	0.9894499602627246	0.9896497583055454	0.9861947221142847
0.9887099230597118	0.9827536148434326	0.9836024687628189	0.9904838500585446	0.982978685916459	0.9946231581755351	0.9946717601569095	0.9937691989626769	0.9943463928885797	0.9937858305268292	1.0	0.9904286842281643	0.9908311095000842	0.9915504625615935	0.9909762386238111	0.9884569054150812	0.9902070944039879	0.9899840068891924	0.9909218899020098	0.9901885612642669	0.9949137071790773	0.9859615260111989	0.9901328993238764	0.9775496192038052	0.9910304980720575	0.9899840068891924	0.9899840068891924	0.9880835797235803
0.9970697281614116	0.9872363258736433	0.9855596124454109	0.9920234139461892	0.9892468360127937	0.9903009808437593	0.991005933587109	0.990269725989923	0.9904458081335199	0.990009405882314	0.9904286842281643	1.0	0.9986737798446637	0.9992730948232584	0.998385539585996	0.9901687660010875	0.9981677091840738	0.9976115195375774	0.9991621730508664	0.9919607307836202	0.9911477086308969	0.9917011497666349	0.9923598651283403	0.986200919313041	0.9988169693811414	0.9921858362640216	0.9919104985550198	0.9866783424631937
0.9998795662994285	0.9880570891377939	0.986662381439564	0.9913389005677732	0.9902505734905124	0.9903739265027435	0.990320757969555	0.9911255007323309	0.9908642857166974	0.9905018364454063	0.9908311095000842	0.9986737798446637	1.0	0.9989681121773084	0.998978818539521	0.9905939332897764	0.9988752954146037	0.9983616875270237	0.9979467619319057	0.9914216925889554	0.9901033295892276	0.9924534900722185	0.9916340139052315	0.9870796688589661	0.9986550665708701	0.9917719469948196	0.9924054402166252	0.9870818181623836
0.9997990347204007	0.9886213854621726	0.9871678543353554	0.9917233965621606	0.9907087377613296	0.9908789657167589	0.9908150261741182	0.9916541130252666	0.9912794054381912	0.9910154667172528	0.9915504625615935	0.9992730948232584	0.9989681121773084	1.0	0.9995318314681056	0.9910004405073781	0.9994274621303992	0.9989741602202323	0.9984647909638045	0.9917734017255545	0.989970439732441	0.993031816500915	0.9921854826906824	0.987738490749549	0.9988167854912515	0.9922900024337665	0.9928323793995769	0.9875492551914015
0.9982940647400432	0.9881260057503124	0.986514164430198	0.9913959560591838	0.9899858816650485	0.9900028807641876	0.9908754682085211	0.9913973095567237	0.9905718433016185	0.9905923003758084	0.9909762386238111	0.998385539585996	0.998978818539521	0.9995318314681056	1.0	0.9900136801045284	0.997982725943632	0.9975376794901633	0.9977836594108284	0.9912233695825461	0.99092539329484	0.9925990220316282	0.991920477203048	0.9868570975133107	0.9988317495893726	0.9916531574917863	0.9914118889117687	0.986622114378682
0.9895085689744589	0.9862491182305876	0.9847685238262542	0.9988043825150335	0.9874072318511805	0.9879330838291812	0.9886729365428537	0.9886710815905907	0.9881402708042647	0.9882250579689241	0.9884569054150812	0.9901687660010875	0.9905939332897764	0.9910004405073781	0.9900136801045284	1.0	0.9895514492013688	0.9895118372375775	0.9903887875828359	0.9985941788114211	0.9890367253430178	0.990624414260238	0.9915885730465108	0.9854890730657033	0.9910509039275878	0.990810513075743	0.9911138749931486	0.9849605574225034
0.9975044719544875	0.9873950855726273	0.9857121866424156	0.9914537419612569	0.9893147104438998	0.9903857788793121	0.9905813584499409	0.9901628502369315	0.9900704212376905	0.9892821086148637	0.9902070944039879	0.9981677091840738	0.9988752954146037	0.9994274621303992	0.997982725943632	0.9895514492013688	1.0	0.9978111318456788	0.9991575422624418	0.9911101069843082	0.9909433696526576	0.991416430352419	0.9924145613699998	0.9866330099701032	0.9990066361598379	0.9922171954143706	0.9923036879623758	0.9865631593304924
0.9969052219908647	0.9871123144067309	0.985508596511407	0.9914075840538988	0.9892468360127937	0.990072239643824	0.9908824894510242	0.9897860357285576	0.9901647216694041	0.9897531761961548	0.9899840068891924	0.9976115195375774	0.9983616875270237	0.9989741602202323	0.9975376794901633	0.9895118372375775	0.9978111318456788	1.0	0.998750893129356	0.9910883985189627	0.9907401786655362	0.9915965382711578	0.9922481059438354	0.9861387258821843	0.998546615489662	0.9920742317153471	0.9918116940604779	0.9861425426914028
0.9984413618738708	0.9878321089223238	0.9862988868212142	0.9909009264640767	0.9901845992788839	0.9900157451286267	0.9899703136268904	0.9907069672331369	0.9904053968444445	0.9901243939062103	0.9909218899020098	0.9991621730508664	0.9979467619319057	0.9984647909638045	0.9977836594108284	0.9903887875828359	0.9991575422624418	0.998750893129356	1.0	0.9909798153743017	0.9900673847778303	0.9921899081667975	0.9916292389143538	0.986917948276738	0.9982604978225953	0.9914619636781835	0.9920091790417206	0.986708799637752
0.9911182589408766	0.9879361369681635	0.986514164430198	0.9993342987324114	0.9892015086512428	0.9890896761971281	0.9894367806212718	0.9903230343786216	0.9896261148170784	0.9897558245043206	0.9901885612642669	0.9919607307836202	0.9914216925889554	0.9917734017255545	0.9912233695825461	0.9985941788114211	0.9911101069843082	0.9910883985189627	0.9909798153743017	1.0	0.9900398007213485	0.9924826477235913	0.9925130120982358	0.986673866882347	0.9918216209782417	0.9919538624461741	0.9923815590565956	0.9867232249943478
0.9907760914180351	0.9879880280155937	0.9868916217433635	0.989716472109228	0.9926646930479097	0.9992491647901953	0.9991142298273982	0.9994180230175292	0.9993104592403647	0.999362186588182	0.9949137071790773	0.9911477086308969	0.9901033295892276	0.989970439732441	0.99092539329484	0.9890367253430178	0.9909433696526576	0.9907401786655362	0.9900673847778303	0.9900398007213485	1.0	0.9911595853383575	0.9893835012179244	0.9875004421278557	0.9899122027804547	0.9898919870835057	0.9901839058852443	0.9872383693662649
0.9900804265111675	0.9845284753191454	0.9844919060415241	0.9926715486607355	0.9853058664438185	0.9907321444594087	0.9910075620476342	0.9901743205307821	0.9905008621161717	0.9904544106059453	0.9859615260111989	0.9917011497666349	0.9924534900722185	0.993031816500915	0.9925990220316282	0.990624414260238	0.991416430352419	0.9915965382711578	0.9921899081667975	0.9924826477235913	0.9911595853383575	1.0	0.9990332429446688	0.9829601121600351	0.9926715486607355	0.9985634074706297	0.9987690232107169	0.9875234058140213
0.9923896338560965	0.9884514049384993	0.987021902497481	0.9924441819828334	0.9892921011527743	0.9896276155778033	0.9896033868133558	0.9905221776550981	0.9901606093413425	0.9900719924975956	0.9901328993238764	0.9923598651283403	0.9916340139052315	0.9921854826906824	0.991920477203048	0.9915885730465108	0.9924145613699998	0.9922481059438354	0.9916292389143538	0.9925130120982358	0.9893835012179244	0.9990332429446688	1.0	0.9872405984507937	0.9921275340080989	0.998927091237997	0.9999429749796998	0.9871388320872727
0.9846530836063969	0.9833464648926221	0.9852341049269371	0.9870393131770898	0.9767810717709018	0.9873607812700556	0.9873407812535736	0.9863661955213536	0.9872004397781418	0.9867554287584953	0.9775496192038052	0.986200919313041	0.9870796688589661	0.987738490749549	0.9868570975133107	0.9854890730657033	0.9866330099701032	0.9861387258821843	0.986917948276738	0.986673866882347	0.9875004421278557	0.9829601121600351	0.9872405984507937	1.0	0.9874605994580662	0.986917948276738	0.9870796688589661	0.9986630033942098
0.9994545875625163	0.9882805429364709	0.9868262873749964	0.9917711455970665	0.9902505734905124	0.9904120735655294	0.9903332052838231	0.9911774465247066	0.9910913610501987	0.9909899740287506	0.9910304980720575	0.9988169693811414	0.9986550665708701	0.9988167854912515	0.9988317495893726	0.9910509039275878	0.9990066361598379	0.998546615489662	0.9982604978225953	0.9918216209782417	0.9899122027804547	0.9926715486607355	0.9921275340080989	0.9874605994580662	1.0	0.9918312273519254	0.9929030034414952	0.9871388320872727
0.9928152307065693	0.9879534430705568	0.986662381439564	0.9917114485192214	0.9889053520523072	0.989431824858961	0.9893991836622975	0.9903230343786216	0.989704876436116	0.9894499602627246	0.9899840068891924	0.9921858362640216	0.9917719469948196	0.9922900024337665	0.9916531574917863	0.990810513075743	0.9922171954143706	0.9920742317153471	0.9914619636781835	0.9919538624461741	0.9898919870835057	0.9985634074706297	0.998927091237997	0.986917948276738	0.9918312273519254	1.0	0.9992606635649346	0.9867952570306188
0.9919457237099387	0.9882805429364709	0.9869079350804986	0.9926314555545303	0.9892921011527743	0.9895363911839772	0.9898374016482213	0.9904161174161906	0.9899009617585462	0.9896497583055454	0.9899840068891924	0.9919104985550198	0.9924054402166252	0.9928323793995769	0.9914118889117687	0.9911138749931486	0.9923036879623758	0.9918116940604779	0.9920091790417206	0.9923815590565956	0.9901839058852443	0.9987690232107169	0.9999429749796998	0.9870796688589661	0.9929030034414952	0.9992606635649346	1.0	0.9869388496106496
0.9860169798174621	0.9899342821440068	0.988437528215364	0.9870247052721137	0.9865335801542403	0.9870247052721137	0.9870818181623836	0.9871232478968187	0.9867232249943478	0.9861947221142847	0.9880835797235803	0.9866783424631937	0.9870818181623836	0.9875492551914015	0.986622114378682	0.9849605574225034	0.9865631593304924	0.9861425426914028	0.986708799637752	0.9867232249943478	0.9872383693662649	0.9875234058140213	0.9871388320872727	0.9986630033942098	0.9871388320872727	0.9867952570306188	0.9869388496106496	1.0
