/home/jshaw/scratch/2022_sketched_distance/references/SGB_genome_fastas_part1_redo/1474/BritoIL_2016__M1.57.ST__bin.49.fa	/home/jshaw/scratch/2022_sketched_distance/references/SGB_genome_fastas_part1_redo/1474/BritoIL_2016__M1.65.ST__bin.15.fa	/home/jshaw/scratch/2022_sketched_distance/references/SGB_genome_fastas_part1_redo/1474/CM_madagascar__A46_01_1FE__bin.15.fa	/home/jshaw/scratch/2022_sketched_distance/references/SGB_genome_fastas_part1_redo/1474/CM_madagascar__A62_01_1FE__bin.52.fa	/home/jshaw/scratch/2022_sketched_distance/references/SGB_genome_fastas_part1_redo/1474/CM_madagascar__A81_01_1FE__bin.24.fa	/home/jshaw/scratch/2022_sketched_distance/references/SGB_genome_fastas_part1_redo/1474/CosteaPI_2017__SID713A049-11-0-0__bin.64.fa	/home/jshaw/scratch/2022_sketched_distance/references/SGB_genome_fastas_part1_redo/1474/CosteaPI_2017__SID713A049-11-90-0__bin.34.fa	/home/jshaw/scratch/2022_sketched_distance/references/SGB_genome_fastas_part1_redo/1474/CosteaPI_2017__SID713A066-11-0-0__bin.48.fa	/home/jshaw/scratch/2022_sketched_distance/references/SGB_genome_fastas_part1_redo/1474/CosteaPI_2017__SID713A066-11-90-0__bin.37.fa	/home/jshaw/scratch/2022_sketched_distance/references/SGB_genome_fastas_part1_redo/1474/CosteaPI_2017__SID713A073-11-0-0__bin.42.fa	/home/jshaw/scratch/2022_sketched_distance/references/SGB_genome_fastas_part1_redo/1474/CosteaPI_2017__SID713A073-11-90-0__bin.42.fa	/home/jshaw/scratch/2022_sketched_distance/references/SGB_genome_fastas_part1_redo/1474/CosteaPI_2017__SID713A078-11-0-0__bin.28.fa	/home/jshaw/scratch/2022_sketched_distance/references/SGB_genome_fastas_part1_redo/1474/CosteaPI_2017__SID713A078-11-90-0__bin.4.fa	/home/jshaw/scratch/2022_sketched_distance/references/SGB_genome_fastas_part1_redo/1474/CosteaPI_2017__SID713B002-11-90-0__bin.69.fa	/home/jshaw/scratch/2022_sketched_distance/references/SGB_genome_fastas_part1_redo/1474/CosteaPI_2017__SID713B032-11-0-0__bin.37.fa	/home/jshaw/scratch/2022_sketched_distance/references/SGB_genome_fastas_part1_redo/1474/CosteaPI_2017__SID713B032-11-90-0__bin.28.fa	/home/jshaw/scratch/2022_sketched_distance/references/SGB_genome_fastas_part1_redo/1474/CosteaPI_2017__SID713B037-11-90-0__bin.28.fa	/home/jshaw/scratch/2022_sketched_distance/references/SGB_genome_fastas_part1_redo/1474/CosteaPI_2017__SID713B042-11-0-0__bin.44.fa	/home/jshaw/scratch/2022_sketched_distance/references/SGB_genome_fastas_part1_redo/1474/CosteaPI_2017__SID713B042-11-90-0__bin.30.fa	/home/jshaw/scratch/2022_sketched_distance/references/SGB_genome_fastas_part1_redo/1474/CosteaPI_2017__SID713B043-11-0-0__bin.37.fa	/home/jshaw/scratch/2022_sketched_distance/references/SGB_genome_fastas_part1_redo/1474/CosteaPI_2017__SID713B043-11-90-0__bin.27.fa	/home/jshaw/scratch/2022_sketched_distance/references/SGB_genome_fastas_part1_redo/1474/CosteaPI_2017__SID713B046-11-0-0__bin.20.fa	/home/jshaw/scratch/2022_sketched_distance/references/SGB_genome_fastas_part1_redo/1474/CosteaPI_2017__SID713B046-11-90-0__bin.62.fa	/home/jshaw/scratch/2022_sketched_distance/references/SGB_genome_fastas_part1_redo/1474/CosteaPI_2017__SID713B065-11-0-0__bin.55.fa	/home/jshaw/scratch/2022_sketched_distance/references/SGB_genome_fastas_part1_redo/1474/CosteaPI_2017__SID713B065-11-90-0__bin.33.fa	/home/jshaw/scratch/2022_sketched_distance/references/SGB_genome_fastas_part1_redo/1474/HMP_2012__SRS017307__bin.40.fa	/home/jshaw/scratch/2022_sketched_distance/references/SGB_genome_fastas_part1_redo/1474/HMP_2012__SRS049959__bin.25.fa	/home/jshaw/scratch/2022_sketched_distance/references/SGB_genome_fastas_part1_redo/1474/LiuW_2016__SRR3992983__bin.11.fa	/home/jshaw/scratch/2022_sketched_distance/references/SGB_genome_fastas_part1_redo/1474/LiuW_2016__SRR3993058__bin.63.fa	/home/jshaw/scratch/2022_sketched_distance/references/SGB_genome_fastas_part1_redo/1474/LiuW_2016__SRR3993059__bin.71.fa	/home/jshaw/scratch/2022_sketched_distance/references/SGB_genome_fastas_part1_redo/1474/Obregon-TitoAJ_2015__SM30__bin.13.fa	/home/jshaw/scratch/2022_sketched_distance/references/SGB_genome_fastas_part1_redo/1474/RampelliS_2015__H6__bin.15.fa	/home/jshaw/scratch/2022_sketched_distance/references/SGB_genome_fastas_part1_redo/1474/RampelliS_2015__H9__bin.15.fa	/home/jshaw/scratch/2022_sketched_distance/references/SGB_genome_fastas_part1_redo/1474/SchirmerM_2016__G88821__bin.15.fa	/home/jshaw/scratch/2022_sketched_distance/references/SGB_genome_fastas_part1_redo/1474/ZeeviD_2015__PNP_Main_293__bin.8.fa	/home/jshaw/scratch/2022_sketched_distance/references/SGB_genome_fastas_part1_redo/1474/ZeeviD_2015__PNP_Main_374__bin.24.fa	/home/jshaw/scratch/2022_sketched_distance/references/SGB_genome_fastas_part1_redo/1474/ZeeviD_2015__PNP_Main_415__bin.61.fa	/home/jshaw/scratch/2022_sketched_distance/references/SGB_genome_fastas_part1_redo/1474/ZeeviD_2015__PNP_Main_51__bin.51.fa	/home/jshaw/scratch/2022_sketched_distance/references/SGB_genome_fastas_part1_redo/1474/ZeeviD_2015__PNP_Main_587__bin.27.fa	/home/jshaw/scratch/2022_sketched_distance/references/SGB_genome_fastas_part1_redo/1474/ZeeviD_2015__PNP_Main_73__bin.17.fa	/home/jshaw/scratch/2022_sketched_distance/references/SGB_genome_fastas_part1_redo/1474/ZellerG_2014__CCIS74726977ST-3-0__bin.59.fa
1.0	0.9861700942254723	0.984779822572306	0.9806885437907102	0.9895078122715832	0.9837198838808217	0.9846959008354373	0.9831368914662968	0.9807912622889655	0.9843971473785107	0.9839597810297157	0.9838459076086897	0.9832713824334264	0.9789433243394946	0.9833120209154069	0.9837189225980109	0.983057589430567	0.9842208027106785	0.9841342654712761	0.9841283759114484	0.9841731733873937	0.9829295641219307	0.9841015714584854	0.9846783312403703	0.9820265103903527	0.9828475416769932	0.9838711426426576	0.9788640680258749	0.9843807836473231	0.9839354782602021	0.9833996657764766	0.9792895262037007	0.9729411571798838	0.9814871579765311	0.9837394854717789	0.9834920267970613	0.9836795159512342	0.9831230199456674	0.9814234762706858	0.9835682982230389	0.9829151755632125
0.9861700942254723	1.0	0.9852638989360678	0.9823082692056782	0.9842315271203399	0.9844706277766238	0.9854814878759393	0.9841643049324879	0.9814853629060264	0.9858104023549037	0.985145453070973	0.9849153941472326	0.9847218706819151	0.9804609774202262	0.9845804581147645	0.984804272635862	0.9846417609857271	0.9855996324127867	0.9854507587969079	0.984922722437514	0.985194596191163	0.9838074392443158	0.984627318713828	0.9850914749793711	0.9825109054887109	0.9831830413177289	0.9838356383730746	0.979230639426163	0.983578949399976	0.9843239120441165	0.9842083097872579	0.9804379910216454	0.9737472202523855	0.9814337525883245	0.9844337757389874	0.9843244959657577	0.9850504839130235	0.982859391093165	0.9808775252863717	0.9845001941784531	0.9839944239297103
0.984779822572306	0.9852638989360678	1.0	0.980691455582445	0.9845146393304162	0.9829516183917026	0.9845493886758522	0.9824783164760514	0.9791593919447332	0.9841025377419982	0.9835847465618764	0.9832447221424923	0.9830205847195577	0.9782410592990505	0.9826168783629855	0.9826663104203942	0.9827926863261678	0.9838305879800835	0.9838807684334844	0.9831371985767446	0.9836500700023931	0.9824824477627592	0.9833375421875858	0.9838839305819396	0.9814353319699646	0.9832839269188143	0.9828149470045227	0.9785124549081232	0.9834454791304066	0.9832974247520798	0.9831607719270538	0.9793763459088829	0.9734827331858245	0.9802574509688383	0.9833877659266252	0.9833276920928895	0.9827754872121544	0.982406728708827	0.9798923567148273	0.9838307616078987	0.9823526874766063
0.9806885437907102	0.9823082692056782	0.980691455582445	1.0	0.9804698520303845	0.980591292101181	0.9812732631623834	0.9794847025998054	0.977817968848964	0.9819476414892401	0.9814496441127353	0.9814547685316405	0.9805005114100505	0.9779073187679234	0.9800702816405106	0.981000621721223	0.9800518281268913	0.981597561978853	0.981507722641816	0.9819129823366367	0.9815933346980422	0.9795677701714112	0.9810683143099197	0.9812963406318815	0.9797359261017646	0.9794666596004726	0.9797143222656292	0.9779638251678647	0.980595618503214	0.9806345870180635	0.9811550284700895	0.9773527741939377	0.9716501789600557	0.9796401815761736	0.9804265305966323	0.9809503661875548	0.9804787577537816	0.9800816604700905	0.9793833527457683	0.9821606478518085	0.9792079494592566
0.9895078122715832	0.9842315271203399	0.9845146393304162	0.9804698520303845	1.0	0.9837003697496655	0.9840298514948942	0.9837027988899826	0.98074645014835	0.9850959290177999	0.9845403965539004	0.9830594106446225	0.9835586328821954	0.979631651947507	0.9835249421972324	0.9836092521345827	0.9831422110887377	0.9846600017259091	0.9847065717371396	0.9842677754932855	0.9845032281701853	0.9825916863791071	0.9838285311569973	0.9847794997276537	0.982202819986395	0.9832743457387642	0.983801025095204	0.979589020401053	0.9832135001332981	0.9841401575838136	0.9838323935102729	0.9796331081734176	0.9745832560447026	0.9803462160659145	0.9837874868082154	0.9841461024714472	0.9838171830149971	0.9836960050923854	0.9818090732087285	0.9848867322608886	0.9833762057928842
0.9837198838808217	0.9844706277766238	0.9829516183917026	0.980591292101181	0.9837003697496655	1.0	0.9973759600796754	0.9887353235483292	0.9851127063642741	0.9953358749754837	0.9956153739387033	0.9845294257386075	0.9844918596312917	0.98644954470214	0.992440091768804	0.992324056104203	0.9851113304359586	0.9949929171414277	0.9952234344983817	0.9928987597932254	0.9948721051988727	0.9850332868650391	0.9859878824368997	0.9859434055812561	0.9832757556469182	0.9845394679709267	0.9843538375403169	0.9794235230561179	0.9836066794833014	0.9847271391427758	0.9834110431639199	0.979168207095094	0.9739596893390978	0.9808572321099973	0.9850563986138566	0.9848838751933728	0.9842963069043216	0.9845022908286318	0.9817676852858634	0.9847074179306686	0.983970029321157
0.9846959008354373	0.9854814878759393	0.9845493886758522	0.9812732631623834	0.9840298514948942	0.9973759600796754	1.0	0.9890126383441878	0.9856095446281807	0.9950897775549977	0.9949966469926317	0.9849822726336017	0.9848255833068916	0.9862490326172135	0.9915494515670396	0.9917507447632271	0.985112439645446	0.9944967848234397	0.9946756025181435	0.993469741628031	0.9949243941579928	0.9849697924162271	0.9858484190345396	0.9862618905042607	0.9835972590422655	0.9846084149463296	0.9846057478591614	0.9798353829349616	0.9849351434374086	0.9847599882221837	0.9836122178213654	0.9796572438945642	0.9738875935815249	0.9812537059564993	0.9849691960695934	0.9846830371799493	0.9841831618653765	0.9843478154083288	0.981883990990181	0.9853675857570081	0.9839561118449228
0.9831368914662968	0.9841643049324879	0.9824783164760514	0.9794847025998054	0.9837027988899826	0.9887353235483292	0.9890126383441878	1.0	0.9935122052683968	0.9889408463538427	0.9888535306395382	0.9837847739733517	0.9846041219320099	0.9826336451388792	0.9886313975663998	0.9889919200420758	0.9845294393562307	0.9892911185722748	0.9891172080890361	0.9874082474740404	0.9894519715715712	0.9843790412807383	0.9854219222482176	0.9850735752706957	0.9823751393243902	0.9843256487454938	0.9833493962760043	0.9784705405063473	0.9826199058820295	0.9843739129100356	0.9830753575048492	0.9789832973738495	0.9728825958906847	0.980428841556641	0.9847400648332346	0.9841081117725803	0.9845364583117578	0.9834126738001184	0.9811308936450198	0.983837892331334	0.9840813082241415
0.9807912622889655	0.9814853629060264	0.9791593919447332	0.977817968848964	0.98074645014835	0.9851127063642741	0.9856095446281807	0.9935122052683968	1.0	0.9859988418302386	0.9859950671446952	0.9827298016273178	0.9808181896633604	0.9864236685220463	0.9842936480973496	0.9846843555097449	0.9806223658246723	0.9850008718454174	0.9848108988268425	0.9861040456974716	0.9850712168275333	0.9805172644051581	0.9818713862347968	0.9837595615880006	0.9834087976755896	0.9803160456853168	0.9805851887251037	0.9795819125260841	0.9820771220323523	0.9811723226122564	0.980657695795321	0.9783135337497226	0.9709137713478145	0.9783702641759765	0.981331377593125	0.9807200507080958	0.9807900312967112	0.980414401263921	0.9793578840686794	0.9810016278975142	0.9799442850751812
0.9843971473785107	0.9858104023549037	0.9841025377419982	0.9819476414892401	0.9850959290177999	0.9953358749754837	0.9950897775549977	0.9889408463538427	0.9859988418302386	1.0	0.9978901992966037	0.9866677701685843	0.9858620240748925	0.9887111700059704	0.9923310849152445	0.9926743172277515	0.9862128564834856	0.9940121897087199	0.9942110023898867	0.9932136531536301	0.9938670772297984	0.9862475208651131	0.9872082045342013	0.9877008424818844	0.9856797245224693	0.9852093099847626	0.9849981449675247	0.9815029200971118	0.9847027708741148	0.9859615168790435	0.9847253130399997	0.9810452894562872	0.9751611243104883	0.9824617682914079	0.9862615621777097	0.9860404046666617	0.985475099090834	0.9850656870921111	0.9830564080959215	0.9859167184162062	0.9850219041836539
0.9839597810297157	0.985145453070973	0.9835847465618764	0.9814496441127353	0.9845403965539004	0.9956153739387033	0.9949966469926317	0.9888535306395382	0.9859950671446952	0.9978901992966037	1.0	0.9854439236497287	0.9851718092548636	0.988001704301429	0.9924997928650179	0.9925020501768251	0.9860642301601236	0.9938497231159997	0.9936692338341583	0.9925916056053533	0.9937200628084845	0.985642800558864	0.9868831172193652	0.9867166356141245	0.9844894876765968	0.984584924867272	0.9842578584263406	0.9803079586160651	0.984068005056839	0.9854613871569522	0.9839616967911595	0.980125222181994	0.9744869885821169	0.9816500274315639	0.9856297609714226	0.9857034182124628	0.9853224558041205	0.98448117067325	0.9824295750886288	0.9850523280796004	0.9843836568371189
0.9838459076086897	0.9849153941472326	0.9832447221424923	0.9814547685316405	0.9830594106446225	0.9845294257386075	0.9849822726336017	0.9837847739733517	0.9827298016273178	0.9866677701685843	0.9854439236497287	1.0	0.995341421883216	0.9833899131919831	0.9840594288589296	0.9846065450385497	0.9841631398995722	0.9853512839641586	0.9854614974353171	0.9855783399352726	0.9851269684726549	0.9842083288057487	0.9851397250478405	0.9864739422775376	0.985843958359577	0.9838501741423616	0.9836494673087577	0.9818815899091258	0.9842072062174739	0.9845155858230277	0.9837315009763654	0.9804982726759113	0.9747604013072388	0.9817194938812571	0.9843994950497661	0.9841499241820771	0.9845120414671324	0.9834736194857219	0.9819370325641136	0.9852338135981182	0.9838086761533976
0.9832713824334264	0.9847218706819151	0.9830205847195577	0.9805005114100505	0.9835586328821954	0.9844918596312917	0.9848255833068916	0.9846041219320099	0.9808181896633604	0.9858620240748925	0.9851718092548636	0.995341421883216	1.0	0.9801186919363238	0.9845150806569073	0.9850050785562654	0.9844474360878925	0.9856549544690342	0.9856944916254187	0.9844814674639156	0.9854267931558875	0.9846796548012169	0.9854985161361118	0.985577861993136	0.9832487747131662	0.9844460295088282	0.9837384214327879	0.9797247745615281	0.983364500128301	0.9846080132983182	0.983858692188895	0.9798539294050851	0.9740982581372711	0.9808480525991295	0.9844978664475431	0.9843909302618665	0.9847474041089744	0.9838158428398931	0.9815409166025473	0.9846520602755561	0.9844588867933813
0.9789433243394946	0.9804609774202262	0.9782410592990505	0.9779073187679234	0.979631651947507	0.98644954470214	0.9862490326172135	0.9826336451388792	0.9864236685220463	0.9887111700059704	0.988001704301429	0.9833899131919831	0.9801186919363238	1.0	0.9901574453802797	0.9905255012449118	0.9809216644142997	0.9874229634611504	0.9875298613780464	0.9887168407885626	0.9870215017387893	0.9802797688508531	0.9812849921957327	0.985145453070973	0.9860439154009266	0.9788657212021571	0.979522719719304	0.9812495022069911	0.980755281619151	0.9803724667676454	0.9797366391973471	0.9778885363354327	0.9708913025618463	0.9783467520779207	0.9799576320927021	0.980399504662102	0.9797589219961025	0.9794295839071101	0.9793629272202651	0.9804442211593101	0.9793278452274831
0.9833120209154069	0.9845804581147645	0.9826168783629855	0.9800702816405106	0.9835249421972324	0.992440091768804	0.9915494515670396	0.9886313975663998	0.9842936480973496	0.9923310849152445	0.9924997928650179	0.9840594288589296	0.9845150806569073	0.9901574453802797	1.0	0.9980503232127533	0.9858803392186338	0.9932753845656985	0.9932322202235401	0.9912464709162448	0.9931987360064285	0.9853712964418424	0.9865991462781428	0.9876223967351455	0.9847958858117816	0.9840271941478809	0.9843167080519541	0.9789605875611703	0.9830521920578918	0.9847439387464766	0.9832668073638515	0.9792353671222807	0.9736253405010006	0.9806614459203571	0.9846955146271066	0.9844667909822093	0.9846523459548023	0.9838858154684702	0.9816021895534225	0.9839935402775105	0.9841689570040927
0.9837189225980109	0.984804272635862	0.9826663104203942	0.981000621721223	0.9836092521345827	0.992324056104203	0.9917507447632271	0.9889919200420758	0.9846843555097449	0.9926743172277515	0.9925020501768251	0.9846065450385497	0.9850050785562654	0.9905255012449118	0.9980503232127533	1.0	0.9858649568342672	0.9936425432589232	0.9935017564431265	0.9917593975824093	0.9935820152588394	0.9857199528163536	0.9865936354208185	0.9880326760041436	0.9854180535463478	0.9844859184306968	0.9844756803774963	0.9792632219925059	0.9835133104560275	0.9848815899717464	0.9834821151334049	0.9798647939028661	0.9741293863018956	0.9807971933759548	0.984954240943271	0.9845149373612709	0.9844748441034299	0.983775257393129	0.982006651319246	0.9843884516007894	0.9845993418981765
0.983057589430567	0.9846417609857271	0.9827926863261678	0.9800518281268913	0.9831422110887377	0.9851113304359586	0.985112439645446	0.9845294393562307	0.9806223658246723	0.9862128564834856	0.9860642301601236	0.9841631398995722	0.9844474360878925	0.9809216644142997	0.9858803392186338	0.9858649568342672	1.0	0.9860787334898358	0.9862957104336283	0.9844899493460836	0.9857947273679316	0.9949227610114497	0.9949676640004087	0.9859395975158647	0.9834430249870988	0.9838489837307187	0.9836635296874598	0.9799343172741142	0.9836661530906516	0.9853735271333713	0.9834935122043501	0.9790754666020524	0.973666078889644	0.9812162860543802	0.9854350232206026	0.9841061293675898	0.9850805063956218	0.9831901683200547	0.9810528478534893	0.9833593401550901	0.9839757352373515
0.9842208027106785	0.9855996324127867	0.9838305879800835	0.981597561978853	0.9846600017259091	0.9949929171414277	0.9944967848234397	0.9892911185722748	0.9850008718454174	0.9940121897087199	0.9938497231159997	0.9853512839641586	0.9856549544690342	0.9874229634611504	0.9932753845656985	0.9936425432589232	0.9860787334898358	1.0	0.998967592924258	0.9967752142967989	0.9987971535992736	0.9856520675524107	0.9865308390281087	0.9871643529034362	0.9846455209782512	0.9852289615402849	0.9848956008010559	0.9799915130814063	0.9839324006435777	0.9854780501298285	0.9843470903437683	0.9803433123686404	0.9745258759038787	0.9816807390001274	0.9861863386163133	0.9853449293648825	0.9852007281677192	0.9849848649015193	0.9823759191814071	0.9852778318027084	0.9853874781800355
0.9841342654712761	0.9854507587969079	0.9838807684334844	0.981507722641816	0.9847065717371396	0.9952234344983817	0.9946756025181435	0.9891172080890361	0.9848108988268425	0.9942110023898867	0.9936692338341583	0.9854614974353171	0.9856944916254187	0.9875298613780464	0.9932322202235401	0.9935017564431265	0.9862957104336283	0.998967592924258	1.0	0.9968594917651027	0.9986430583684891	0.9857673992324577	0.9866449827373255	0.9873005280351147	0.9846722524902586	0.985208890542895	0.9850275904396558	0.9799598551890797	0.9839849240388681	0.9854146528911643	0.9843289722588703	0.9804669660613429	0.9747286509779572	0.9818557074853778	0.9863424658242664	0.9853854005785454	0.9852214337374222	0.9849436700781582	0.9823893991719158	0.9853204120996071	0.985228076321564
0.9841283759114484	0.984922722437514	0.9831371985767446	0.9819129823366367	0.9842677754932855	0.9928987597932254	0.993469741628031	0.9874082474740404	0.9861040456974716	0.9932136531536301	0.9925916056053533	0.9855783399352726	0.9844814674639156	0.9887168407885626	0.9912464709162448	0.9917593975824093	0.9844899493460836	0.9967752142967989	0.9968594917651027	1.0	0.996718016308667	0.9843475137463198	0.9853448845485386	0.9870574235280783	0.9854981851417641	0.9839060354760488	0.9844057384849956	0.9808328825852602	0.9842675574042685	0.9843396261808898	0.983478326903017	0.9807945899967203	0.9739312337252631	0.9819686075260387	0.9849904124868317	0.984249819160949	0.9839819059762382	0.9837936092315194	0.9823485527273252	0.9847563038839736	0.9838193026554187
0.9841731733873937	0.985194596191163	0.9836500700023931	0.9815933346980422	0.9845032281701853	0.9948721051988727	0.9949243941579928	0.9894519715715712	0.9850712168275333	0.9938670772297984	0.9937200628084845	0.9851269684726549	0.9854267931558875	0.9870215017387893	0.9931987360064285	0.9935820152588394	0.9857947273679316	0.9987971535992736	0.9986430583684891	0.996718016308667	1.0	0.9856316805147667	0.9865305438105173	0.9868738735764414	0.9844028404081864	0.9851053901092374	0.9849379285602998	0.9797781855491775	0.984000590194205	0.9852668408120765	0.9840351495944943	0.9800816040833692	0.9743637562073841	0.981570292480018	0.9860651050935064	0.9852824700535113	0.9848496276362697	0.9848342435622071	0.9823724222122273	0.9850405822018956	0.9852267711163346
0.9829295641219307	0.9838074392443158	0.9824824477627592	0.9795677701714112	0.9825916863791071	0.9850332868650391	0.9849697924162271	0.9843790412807383	0.9805172644051581	0.9862475208651131	0.985642800558864	0.9842083288057487	0.9846796548012169	0.9802797688508531	0.9853712964418424	0.9857199528163536	0.9949227610114497	0.9856520675524107	0.9857673992324577	0.9843475137463198	0.9856316805147667	1.0	0.9971382008168864	0.9856404223095108	0.9830300232595403	0.9837622555109556	0.9836653897224772	0.9793786587306214	0.9833757631854079	0.9849023961859155	0.9833737350407573	0.9786881608840616	0.9738555554810452	0.9802853438822168	0.985208214453401	0.9838871900921731	0.9846117001000605	0.9832760764531968	0.9803138339755032	0.983438719475057	0.9839253423078107
0.9841015714584854	0.984627318713828	0.9833375421875858	0.9810683143099197	0.9838285311569973	0.9859878824368997	0.9858484190345396	0.9854219222482176	0.9818713862347968	0.9872082045342013	0.9868831172193652	0.9851397250478405	0.9854985161361118	0.9812849921957327	0.9865991462781428	0.9865936354208185	0.9949676640004087	0.9865308390281087	0.9866449827373255	0.9853448845485386	0.9865305438105173	0.9971382008168864	1.0	0.986750220483008	0.9843976996355578	0.9849542243251805	0.9847993207916581	0.9803642329046534	0.9846435155280019	0.9860032193163517	0.9844285349229283	0.9798749876421159	0.9748540509838244	0.9818224664696091	0.9857690967621922	0.9849246477923176	0.9850272010941771	0.9845924333469994	0.981761390495374	0.9845357950819786	0.9846556966891651
0.9846783312403703	0.9850914749793711	0.9838839305819396	0.9812963406318815	0.9847794997276537	0.9859434055812561	0.9862618905042607	0.9850735752706957	0.9837595615880006	0.9877008424818844	0.9867166356141245	0.9864739422775376	0.985577861993136	0.985145453070973	0.9876223967351455	0.9880326760041436	0.9859395975158647	0.9871643529034362	0.9873005280351147	0.9870574235280783	0.9868738735764414	0.9856404223095108	0.986750220483008	1.0	0.9962295963734925	0.9844166904424989	0.9855943041151527	0.9822103944231799	0.9854440651745008	0.9860027684020463	0.9847717851771433	0.9805569647366524	0.9750127923556198	0.9827485863924655	0.9853904340870817	0.9852528783694345	0.9846894885004193	0.984847873636847	0.9836095719831104	0.9857369448272825	0.9861469077788241
0.9820265103903527	0.9825109054887109	0.9814353319699646	0.9797359261017646	0.982202819986395	0.9832757556469182	0.9835972590422655	0.9823751393243902	0.9834087976755896	0.9856797245224693	0.9844894876765968	0.985843958359577	0.9832487747131662	0.9860439154009266	0.9847958858117816	0.9854180535463478	0.9834430249870988	0.9846455209782512	0.9846722524902586	0.9854981851417641	0.9844028404081864	0.9830300232595403	0.9843976996355578	0.9962295963734925	1.0	0.9821494725875889	0.9831891035762707	0.9827238923602589	0.9833608156216042	0.983606611593578	0.9829181935180175	0.9790599792916271	0.9734509349733506	0.9808856219524332	0.9831063221032472	0.9826184949970824	0.9822002747223249	0.9821323662464256	0.9819815345576567	0.9833599353336169	0.983374806271904
0.9828475416769932	0.9831830413177289	0.9832839269188143	0.9794666596004726	0.9832743457387642	0.9845394679709267	0.9846084149463296	0.9843256487454938	0.9803160456853168	0.9852093099847626	0.984584924867272	0.9838501741423616	0.9844460295088282	0.9788657212021571	0.9840271941478809	0.9844859184306968	0.9838489837307187	0.9852289615402849	0.985208890542895	0.9839060354760488	0.9851053901092374	0.9837622555109556	0.9849542243251805	0.9844166904424989	0.9821494725875889	1.0	0.987258105208141	0.9784045679768447	0.9827188376546696	0.9843581017351624	0.9828384415052223	0.9784349904500732	0.9729159888686433	0.9828048966262165	0.9908629501210274	0.9832910375439378	0.9843391125900367	0.9834267911654372	0.9808767347659185	0.9837268359440127	0.9838999416639264
0.9838711426426576	0.9838356383730746	0.9828149470045227	0.9797143222656292	0.983801025095204	0.9843538375403169	0.9846057478591614	0.9833493962760043	0.9805851887251037	0.9849981449675247	0.9842578584263406	0.9836494673087577	0.9837384214327879	0.979522719719304	0.9843167080519541	0.9844756803774963	0.9836635296874598	0.9848956008010559	0.9850275904396558	0.9844057384849956	0.9849379285602998	0.9836653897224772	0.9847993207916581	0.9855943041151527	0.9831891035762707	0.987258105208141	1.0	0.9795425430817174	0.9839779532722585	0.9852718837129445	0.9837828410172189	0.9789049055041388	0.9734996143587851	0.9836463502596724	0.9875696980806002	0.9836322072742247	0.9839028627230384	0.9830672221402821	0.9827311778339226	0.9837127420275636	0.9836154269095473
0.9788640680258749	0.979230639426163	0.9785124549081232	0.9779638251678647	0.979589020401053	0.9794235230561179	0.9798353829349616	0.9784705405063473	0.9795819125260841	0.9815029200971118	0.9803079586160651	0.9818815899091258	0.9797247745615281	0.9812495022069911	0.9789605875611703	0.9792632219925059	0.9799343172741142	0.9799915130814063	0.9799598551890797	0.9808328825852602	0.9797781855491775	0.9793786587306214	0.9803642329046534	0.9822103944231799	0.9827238923602589	0.9784045679768447	0.9795425430817174	1.0	0.991773679886101	0.9917773962184561	0.9802756851855589	0.9768110098393198	0.9707669896958533	0.9784392252297088	0.9802970024584834	0.9795218249958153	0.979777866699423	0.9795702781118236	0.9851793115438876	0.9799509306208882	0.9787384242967978
0.9843807836473231	0.983578949399976	0.9834454791304066	0.980595618503214	0.9832135001332981	0.9836066794833014	0.9849351434374086	0.9826199058820295	0.9820771220323523	0.9847027708741148	0.984068005056839	0.9842072062174739	0.983364500128301	0.980755281619151	0.9830521920578918	0.9835133104560275	0.9836661530906516	0.9839324006435777	0.9839849240388681	0.9842675574042685	0.984000590194205	0.9833757631854079	0.9846435155280019	0.9854440651745008	0.9833608156216042	0.9827188376546696	0.9839779532722585	0.991773679886101	1.0	0.9963004727460877	0.9836689749156929	0.9799133781561792	0.9734201026011915	0.9812978003175872	0.9830609227033373	0.9831649394701193	0.9828643119694336	0.9838885489641538	0.9888530480377705	0.9837418670629928	0.9828136225421403
0.9839354782602021	0.9843239120441165	0.9832974247520798	0.9806345870180635	0.9841401575838136	0.9847271391427758	0.9847599882221837	0.9843739129100356	0.9811723226122564	0.9859615168790435	0.9854613871569522	0.9845155858230277	0.9846080132983182	0.9803724667676454	0.9847439387464766	0.9848815899717464	0.9853735271333713	0.9854780501298285	0.9854146528911643	0.9843396261808898	0.9852668408120765	0.9849023961859155	0.9860032193163517	0.9860027684020463	0.983606611593578	0.9843581017351624	0.9852718837129445	0.9917773962184561	0.9963004727460877	1.0	0.9845202676106811	0.9801008820044016	0.9745882433312827	0.9818510052644768	0.9853395018012994	0.9845567610562622	0.9848942142555468	0.9845981576741057	0.9896906723475187	0.9843852844173798	0.9845177689237755
0.9833996657764766	0.9842083097872579	0.9831607719270538	0.9811550284700895	0.9838323935102729	0.9834110431639199	0.9836122178213654	0.9830753575048492	0.980657695795321	0.9847253130399997	0.9839616967911595	0.9837315009763654	0.983858692188895	0.9797366391973471	0.9832668073638515	0.9834821151334049	0.9834935122043501	0.9843470903437683	0.9843289722588703	0.983478326903017	0.9840351495944943	0.9833737350407573	0.9844285349229283	0.9847717851771433	0.9829181935180175	0.9828384415052223	0.9837828410172189	0.9802756851855589	0.9836689749156929	0.9845202676106811	1.0	0.9796711080699921	0.9745120062727758	0.9809977786990145	0.98365900763614	0.9838399619131101	0.9835794826124146	0.9833360820621982	0.9827249226640379	0.9844066101782443	0.9835163137275711
0.9792895262037007	0.9804379910216454	0.9793763459088829	0.9773527741939377	0.9796331081734176	0.979168207095094	0.9796572438945642	0.9789832973738495	0.9783135337497226	0.9810452894562872	0.980125222181994	0.9804982726759113	0.9798539294050851	0.9778885363354327	0.9792353671222807	0.9798647939028661	0.9790754666020524	0.9803433123686404	0.9804669660613429	0.9807945899967203	0.9800816040833692	0.9786881608840616	0.9798749876421159	0.9805569647366524	0.9790599792916271	0.9784349904500732	0.9789049055041388	0.9768110098393198	0.9799133781561792	0.9801008820044016	0.9796711080699921	1.0	0.974556957813568	0.9766438718165619	0.9793763633942628	0.9791572948022179	0.9802763852038056	0.9788923026743052	0.9782405348011365	0.9793299964209626	0.9786769448916011
0.9729411571798838	0.9737472202523855	0.9734827331858245	0.9716501789600557	0.9745832560447026	0.9739596893390978	0.9738875935815249	0.9728825958906847	0.9709137713478145	0.9751611243104883	0.9744869885821169	0.9747604013072388	0.9740982581372711	0.9708913025618463	0.9736253405010006	0.9741293863018956	0.973666078889644	0.9745258759038787	0.9747286509779572	0.9739312337252631	0.9743637562073841	0.9738555554810452	0.9748540509838244	0.9750127923556198	0.9734509349733506	0.9729159888686433	0.9734996143587851	0.9707669896958533	0.9734201026011915	0.9745882433312827	0.9745120062727758	0.974556957813568	1.0	0.9709839229924042	0.9738373504976616	0.9741734432719193	0.9737025333010918	0.9733832606849961	0.9716476814380285	0.9740643271464898	0.9733105420962844
0.9814871579765311	0.9814337525883245	0.9802574509688383	0.9796401815761736	0.9803462160659145	0.9808572321099973	0.9812537059564993	0.980428841556641	0.9783702641759765	0.9824617682914079	0.9816500274315639	0.9817194938812571	0.9808480525991295	0.9783467520779207	0.9806614459203571	0.9807971933759548	0.9812162860543802	0.9816807390001274	0.9818557074853778	0.9819686075260387	0.981570292480018	0.9802853438822168	0.9818224664696091	0.9827485863924655	0.9808856219524332	0.9828048966262165	0.9836463502596724	0.9784392252297088	0.9812978003175872	0.9818510052644768	0.9809977786990145	0.9766438718165619	0.9709839229924042	1.0	0.9846860418007323	0.9809363471550451	0.98057866372359	0.9803887542401055	0.9797190801986069	0.9818039399932239	0.9799993881868426
0.9837394854717789	0.9844337757389874	0.9833877659266252	0.9804265305966323	0.9837874868082154	0.9850563986138566	0.9849691960695934	0.9847400648332346	0.981331377593125	0.9862615621777097	0.9856297609714226	0.9843994950497661	0.9844978664475431	0.9799576320927021	0.9846955146271066	0.984954240943271	0.9854350232206026	0.9861863386163133	0.9863424658242664	0.9849904124868317	0.9860651050935064	0.985208214453401	0.9857690967621922	0.9853904340870817	0.9831063221032472	0.9908629501210274	0.9875696980806002	0.9802970024584834	0.9830609227033373	0.9853395018012994	0.98365900763614	0.9793763633942628	0.9738373504976616	0.9846860418007323	1.0	0.9844284203124117	0.9851897167126321	0.983597463284167	0.9823914920962884	0.9841668397913522	0.9844339037356368
0.9834920267970613	0.9843244959657577	0.9833276920928895	0.9809503661875548	0.9841461024714472	0.9848838751933728	0.9846830371799493	0.9841081117725803	0.9807200507080958	0.9860404046666617	0.9857034182124628	0.9841499241820771	0.9843909302618665	0.980399504662102	0.9844667909822093	0.9845149373612709	0.9841061293675898	0.9853449293648825	0.9853854005785454	0.984249819160949	0.9852824700535113	0.9838871900921731	0.9849246477923176	0.9852528783694345	0.9826184949970824	0.9832910375439378	0.9836322072742247	0.9795218249958153	0.9831649394701193	0.9845567610562622	0.9838399619131101	0.9791572948022179	0.9741734432719193	0.9809363471550451	0.9844284203124117	1.0	0.9845933048072341	0.9906111046916108	0.9810659966003922	0.9934963098757729	0.9844728644078887
0.9836795159512342	0.9850504839130235	0.9827754872121544	0.9804787577537816	0.9838171830149971	0.9842963069043216	0.9841831618653765	0.9845364583117578	0.9807900312967112	0.985475099090834	0.9853224558041205	0.9845120414671324	0.9847474041089744	0.9797589219961025	0.9846523459548023	0.9844748441034299	0.9850805063956218	0.9852007281677192	0.9852214337374222	0.9839819059762382	0.9848496276362697	0.9846117001000605	0.9850272010941771	0.9846894885004193	0.9822002747223249	0.9843391125900367	0.9839028627230384	0.979777866699423	0.9828643119694336	0.9848942142555468	0.9835794826124146	0.9802763852038056	0.9737025333010918	0.98057866372359	0.9851897167126321	0.9845933048072341	1.0	0.9841246212927098	0.981133522747441	0.9845578016690484	0.984494451612119
0.9831230199456674	0.982859391093165	0.982406728708827	0.9800816604700905	0.9836960050923854	0.9845022908286318	0.9843478154083288	0.9834126738001184	0.980414401263921	0.9850656870921111	0.98448117067325	0.9834736194857219	0.9838158428398931	0.9794295839071101	0.9838858154684702	0.983775257393129	0.9831901683200547	0.9849848649015193	0.9849436700781582	0.9837936092315194	0.9848342435622071	0.9832760764531968	0.9845924333469994	0.984847873636847	0.9821323662464256	0.9834267911654372	0.9830672221402821	0.9795702781118236	0.9838885489641538	0.9845981576741057	0.9833360820621982	0.9788923026743052	0.9733832606849961	0.9803887542401055	0.983597463284167	0.9906111046916108	0.9841246212927098	1.0	0.9815097438890888	0.9916712559949239	0.9837987417640172
0.9814234762706858	0.9808775252863717	0.9798923567148273	0.9793833527457683	0.9818090732087285	0.9817676852858634	0.981883990990181	0.9811308936450198	0.9793578840686794	0.9830564080959215	0.9824295750886288	0.9819370325641136	0.9815409166025473	0.9793629272202651	0.9816021895534225	0.982006651319246	0.9810528478534893	0.9823759191814071	0.9823893991719158	0.9823485527273252	0.9823724222122273	0.9803138339755032	0.981761390495374	0.9836095719831104	0.9819815345576567	0.9808767347659185	0.9827311778339226	0.9851793115438876	0.9888530480377705	0.9896906723475187	0.9827249226640379	0.9782405348011365	0.9716476814380285	0.9797190801986069	0.9823914920962884	0.9810659966003922	0.981133522747441	0.9815097438890888	1.0	0.9823308527355601	0.9813505007795748
0.9835682982230389	0.9845001941784531	0.9838307616078987	0.9821606478518085	0.9848867322608886	0.9847074179306686	0.9853675857570081	0.983837892331334	0.9810016278975142	0.9859167184162062	0.9850523280796004	0.9852338135981182	0.9846520602755561	0.9804442211593101	0.9839935402775105	0.9843884516007894	0.9833593401550901	0.9852778318027084	0.9853204120996071	0.9847563038839736	0.9850405822018956	0.983438719475057	0.9845357950819786	0.9857369448272825	0.9833599353336169	0.9837268359440127	0.9837127420275636	0.9799509306208882	0.9837418670629928	0.9843852844173798	0.9844066101782443	0.9793299964209626	0.9740643271464898	0.9818039399932239	0.9841668397913522	0.9934963098757729	0.9845578016690484	0.9916712559949239	0.9823308527355601	1.0	0.9845169485964724
0.9829151755632125	0.9839944239297103	0.9823526874766063	0.9792079494592566	0.9833762057928842	0.983970029321157	0.9839561118449228	0.9840813082241415	0.9799442850751812	0.9850219041836539	0.9843836568371189	0.9838086761533976	0.9844588867933813	0.9793278452274831	0.9841689570040927	0.9845993418981765	0.9839757352373515	0.9853874781800355	0.985228076321564	0.9838193026554187	0.9852267711163346	0.9839253423078107	0.9846556966891651	0.9861469077788241	0.983374806271904	0.9838999416639264	0.9836154269095473	0.9787384242967978	0.9828136225421403	0.9845177689237755	0.9835163137275711	0.9786769448916011	0.9733105420962844	0.9799993881868426	0.9844339037356368	0.9844728644078887	0.984494451612119	0.9837987417640172	0.9813505007795748	0.9845169485964724	1.0
