/home/jshaw/scratch/2022_sketched_distance/references/SGB_genome_fastas_part4/6923/AsnicarF_2017__MV_FEI2_t1Q14__bin.9.fa	/home/jshaw/scratch/2022_sketched_distance/references/SGB_genome_fastas_part4/6923/BackhedF_2015__SID150_12M__bin.6.fa	/home/jshaw/scratch/2022_sketched_distance/references/SGB_genome_fastas_part4/6923/BackhedF_2015__SID157_12M__bin.1.fa	/home/jshaw/scratch/2022_sketched_distance/references/SGB_genome_fastas_part4/6923/BackhedF_2015__SID157_4M__bin.11.fa	/home/jshaw/scratch/2022_sketched_distance/references/SGB_genome_fastas_part4/6923/BackhedF_2015__SID577_4M__bin.20.fa	/home/jshaw/scratch/2022_sketched_distance/references/SGB_genome_fastas_part4/6923/BackhedF_2015__SID577_B__bin.1.fa	/home/jshaw/scratch/2022_sketched_distance/references/SGB_genome_fastas_part4/6923/BackhedF_2015__SID591_4M__bin.12.fa	/home/jshaw/scratch/2022_sketched_distance/references/SGB_genome_fastas_part4/6923/BackhedF_2015__SID87_4M__bin.11.fa	/home/jshaw/scratch/2022_sketched_distance/references/SGB_genome_fastas_part4/6923/FerrettiP_2018__CA_C10019IS2329FE_t4M15__bin.2.fa	/home/jshaw/scratch/2022_sketched_distance/references/SGB_genome_fastas_part4/6923/FerrettiP_2018__CA_C10019IS2329FE_t5M16__bin.3.fa	/home/jshaw/scratch/2022_sketched_distance/references/SGB_genome_fastas_part4/6923/FerrettiP_2018__CA_C10032IS2559FE_t5M16__bin.11.fa	/home/jshaw/scratch/2022_sketched_distance/references/SGB_genome_fastas_part4/6923/HeQ_2017__SZAXPI029480-66__bin.27.fa	/home/jshaw/scratch/2022_sketched_distance/references/SGB_genome_fastas_part4/6923/LiJ_2014__V1.FI23__bin.11.fa	/home/jshaw/scratch/2022_sketched_distance/references/SGB_genome_fastas_part4/6923/NielsenHB_2014__V1_CD35_0__bin.13.fa	/home/jshaw/scratch/2022_sketched_distance/references/SGB_genome_fastas_part4/6923/NielsenHB_2014__V1_CD35_1__bin.21.fa	/home/jshaw/scratch/2022_sketched_distance/references/SGB_genome_fastas_part4/6923/QinJ_2012__T2D-020__bin.19.fa	/home/jshaw/scratch/2022_sketched_distance/references/SGB_genome_fastas_part4/6923/VatanenT_2016__G69181__bin.6.fa	/home/jshaw/scratch/2022_sketched_distance/references/SGB_genome_fastas_part4/6923/VatanenT_2016__G78493__bin.3.fa	/home/jshaw/scratch/2022_sketched_distance/references/SGB_genome_fastas_part4/6923/VatanenT_2016__G78674__bin.5.fa	/home/jshaw/scratch/2022_sketched_distance/references/SGB_genome_fastas_part4/6923/VatanenT_2016__G78739__bin.5.fa	/home/jshaw/scratch/2022_sketched_distance/references/SGB_genome_fastas_part4/6923/VatanenT_2016__G78749__bin.3.fa	/home/jshaw/scratch/2022_sketched_distance/references/SGB_genome_fastas_part4/6923/VatanenT_2016__G78904__bin.1.fa	/home/jshaw/scratch/2022_sketched_distance/references/SGB_genome_fastas_part4/6923/VatanenT_2016__G80455__bin.6.fa	/home/jshaw/scratch/2022_sketched_distance/references/SGB_genome_fastas_part4/6923/VatanenT_2016__G80482__bin.6.fa	/home/jshaw/scratch/2022_sketched_distance/references/SGB_genome_fastas_part4/6923/VatanenT_2016__G80489__bin.1.fa	/home/jshaw/scratch/2022_sketched_distance/references/SGB_genome_fastas_part4/6923/VincentC_2016__MM016.1__bin.11.fa	/home/jshaw/scratch/2022_sketched_distance/references/SGB_genome_fastas_part4/6923/VincentC_2016__MM016.2__bin.3.fa	/home/jshaw/scratch/2022_sketched_distance/references/SGB_genome_fastas_part4/6923/XieH_2016__YSZC12003_35704__bin.15.fa
1.0	0.9908226386113527	0.9849078494968603	0.9860106729082865	0.9874039435281295	0.9871320344776432	0.988248373713926	0.9880535364025101	0.9815690733255036	0.9904424921205092	0.9871828893003641	0.9769635431343686	0.9877238077793955	0.9864417964051939	0.9870690988221199	0.9871220981062946	0.9861730157483933	0.9771859623581478	0.9784136889886359	0.990556262613092	0.9891541824967033	0.9789477998701636	0.986615740070581	0.9869873685526218	0.9871156307270226	0.9886038972787624	0.987911407457063	0.9879603408067483
0.9908226386113527	1.0	0.9908241367051308	0.9926381418785677	0.99431813426311	0.9944834268502345	0.9958325054249458	0.9938939195571906	0.9755714812710249	0.9971555460314471	0.9934779590463256	0.9824964896797237	0.9939768511991741	0.9934397759603859	0.9934628437410893	0.9931800101974653	0.9927065563747287	0.9827800611009002	0.9851065618492335	0.9967089454668184	0.9959260470348062	0.9836232892270024	0.9933091606399495	0.9935737301259292	0.9933225250072332	0.9867727613360615	0.9940761012402113	0.9845726290201362
0.9849078494968603	0.9908241367051308	1.0	0.9967298125069667	0.9924907204457617	0.9924417548403569	0.9906382670035954	0.9931391598530563	0.972848151837508	0.9918972324457453	0.9925978346959922	0.9834843695995227	0.9930652422719555	0.9938598979034139	0.9943020347165575	0.9922843180831981	0.9922178023492834	0.9805376540409119	0.9820787159134026	0.9922984278989071	0.9910677057956176	0.980597093489686	0.9958977725126016	0.9957834562950258	0.9923930920633605	0.9873472180267228	0.9939546006079159	0.9842966746888583
0.9860106729082865	0.9926381418785677	0.9967298125069667	1.0	0.9944219122173268	0.9945446258726744	0.9930504307408675	0.9944621118418187	0.9745291367076053	0.9936820313317049	0.9947954522737609	0.9834893803421408	0.994938063377455	0.9960673220094781	0.9960156489631228	0.9939078248353975	0.9929970138488641	0.9803256350978435	0.9819813664545294	0.9939159305988503	0.9924061882498217	0.980745020304427	0.9981852524864939	0.9982565750559316	0.9943276121060959	0.989268719398917	0.9959908383525541	0.9859056925932363
0.9874039435281295	0.99431813426311	0.9924907204457617	0.9944219122173268	1.0	0.9997252395175664	0.9935898222771973	0.994143735727741	0.9745842202284078	0.9947171457379351	0.9934938713078229	0.9848805020050801	0.9935609804026057	0.9944084831319888	0.9943398420408873	0.9951472606787359	0.9933514127849454	0.9814509376305043	0.9831146211885434	0.9945027758796965	0.9938466173609092	0.9822064933694827	0.9945542979982418	0.9950422822660101	0.9951721964938555	0.9880667262934821	0.9945692311437052	0.9836370754027677
0.9871320344776432	0.9944834268502345	0.9924417548403569	0.9945446258726744	0.9997252395175664	1.0	0.9937690947546705	0.9939191932410368	0.9744167639856265	0.9947491646152646	0.9933885851727561	0.9846467083627753	0.9935824227068906	0.9945124470726232	0.9944642438636173	0.99494995956549	0.9933153643357207	0.9813519208395297	0.9830107314750322	0.9945919961359825	0.9938290862722655	0.9820761924245285	0.9945156909944194	0.9950195133393113	0.9950067325662427	0.9880077911493073	0.9946927087095201	0.9833358834975663
0.988248373713926	0.9958325054249458	0.9906382670035954	0.9930504307408675	0.9935898222771973	0.9937690947546705	1.0	0.9930349806823692	0.9776914006200911	0.9953581480288828	0.993149992157298	0.9831300760719871	0.9935910038251126	0.9929143453788202	0.9928879626248561	0.9932119145986786	0.992836638128575	0.9833452039267566	0.9849660296254257	0.996232561996085	0.9950739150707364	0.9838662454040092	0.993426644953013	0.993101782234385	0.9930989284579574	0.9872755052058075	0.9940413217792718	0.9865630059900199
0.9880535364025101	0.9938939195571906	0.9931391598530563	0.9944621118418187	0.994143735727741	0.9939191932410368	0.9930349806823692	1.0	0.9759663687647573	0.9947106076591666	0.9944861328638327	0.9845692803335953	0.9955857538598875	0.9941374495606171	0.9942292843800352	0.9949184914195524	0.992523727790591	0.982157856073049	0.9842751252295662	0.9946031576178896	0.9932285457402554	0.9825733275438053	0.9953207333397638	0.9950815491833482	0.9952699928398122	0.988048388880057	0.9947257344730726	0.9844476747285518
0.9815690733255036	0.9755714812710249	0.972848151837508	0.9745291367076053	0.9745842202284078	0.9744167639856265	0.9776914006200911	0.9759663687647573	1.0	0.977052704348941	0.975410112411907	0.9659465057702299	0.9754651398413742	0.9753560598809828	0.975558732473119	0.9746955923251611	0.9743869966874806	0.9675497688466913	0.9648985012394371	0.9759550171034992	0.9747295372888338	0.9668014658964554	0.9752987623729645	0.9757785331501307	0.9747986702140476	0.9827463943663176	0.9757403476507517	0.9830181853776294
0.9904424921205092	0.9971555460314471	0.9918972324457453	0.9936820313317049	0.9947171457379351	0.9947491646152646	0.9953581480288828	0.9947106076591666	0.977052704348941	1.0	0.9950299071842117	0.9835120084947109	0.9949480180714814	0.9946470628671756	0.994423952511887	0.9945228176380877	0.9931940860803872	0.9831115944458217	0.9851717485325238	0.9965762937814919	0.9957085898975454	0.9840779050629943	0.9943842439225739	0.9946756558911425	0.9945898441443726	0.9877858638244812	0.994561568345807	0.9844118382513655
0.9871828893003641	0.9934779590463256	0.9925978346959922	0.9947954522737609	0.9934938713078229	0.9933885851727561	0.993149992157298	0.9944861328638327	0.975410112411907	0.9950299071842117	1.0	0.982730699506627	0.9967646808787419	0.9966792339501793	0.9963080286532602	0.9940076620319319	0.992485894574483	0.980753326056292	0.9824584747368315	0.9938538836821772	0.9932357385502492	0.9810704784683024	0.9951950578639218	0.9953323296470739	0.9938665259666352	0.9895371101895577	0.9963707383658207	0.9847661408111502
0.9769635431343686	0.9824964896797237	0.9834843695995227	0.9834893803421408	0.9848805020050801	0.9846467083627753	0.9831300760719871	0.9845692803335953	0.9659465057702299	0.9835120084947109	0.982730699506627	1.0	0.9830918880251621	0.982486960245622	0.982981928796657	0.9868509588748596	0.984161137057758	0.9772097142045818	0.9781175644581622	0.9845430837442338	0.9839652820891752	0.9748756829353591	0.9834613665683867	0.9833812363440537	0.9873986802684331	0.9767401843324427	0.9839510822224277	0.9731446847781452
0.9877238077793955	0.9939768511991741	0.9930652422719555	0.994938063377455	0.9935609804026057	0.9935824227068906	0.9935910038251126	0.9955857538598875	0.9754651398413742	0.9949480180714814	0.9967646808787419	0.9830918880251621	1.0	0.9958024925283131	0.9957627237233639	0.9937543587729157	0.9928648084402555	0.9813906896969389	0.9832639095018427	0.9947270354124251	0.9935949421275474	0.982071752515806	0.9957083073950028	0.9957372835171046	0.9938995452773486	0.9891461787883742	0.9961130374326397	0.9844410803235502
0.9864417964051939	0.9934397759603859	0.9938598979034139	0.9960673220094781	0.9944084831319888	0.9945124470726232	0.9929143453788202	0.9941374495606171	0.9753560598809828	0.9946470628671756	0.9966792339501793	0.982486960245622	0.9958024925283131	1.0	0.9993447089732085	0.9937575244410083	0.9936239963726747	0.9807034813947861	0.9825443928968705	0.9940721764905618	0.9930999413977708	0.9811933006817899	0.9966956819037357	0.9969137458644632	0.9937019120273838	0.9908769629363197	0.9974250636284456	0.9856923786388008
0.9870690988221199	0.9934628437410893	0.9943020347165575	0.9960156489631228	0.9943398420408873	0.9944642438636173	0.9928879626248561	0.9942292843800352	0.975558732473119	0.994423952511887	0.9963080286532602	0.982981928796657	0.9957627237233639	0.9993447089732085	1.0	0.9939482906924253	0.9939968171910859	0.981170719121596	0.9829167479713341	0.9941436453691956	0.9930973691084516	0.9816046200776035	0.9966385937580127	0.9968783634606135	0.9937847786942746	0.9909897660491014	0.9973996160261478	0.9863395316828153
0.9871220981062946	0.9931800101974653	0.9922843180831981	0.9939078248353975	0.9951472606787359	0.99494995956549	0.9932119145986786	0.9949184914195524	0.9746955923251611	0.9945228176380877	0.9940076620319319	0.9868509588748596	0.9937543587729157	0.9937575244410083	0.9939482906924253	1.0	0.9921680339791954	0.980590040178414	0.9821196816926767	0.9936579618831273	0.9930242892830271	0.9813336978475063	0.994084278827702	0.9942905977216815	0.9983483432312884	0.9870764209078275	0.9941555658489177	0.9835208113469178
0.9861730157483933	0.9927065563747287	0.9922178023492834	0.9929970138488641	0.9933514127849454	0.9933153643357207	0.992836638128575	0.992523727790591	0.9743869966874806	0.9931940860803872	0.992485894574483	0.984161137057758	0.9928648084402555	0.9936239963726747	0.9939968171910859	0.9921680339791954	1.0	0.9824617883408068	0.9847573010811419	0.993568599136786	0.9929162636878301	0.9825911428950093	0.9941087325003658	0.9938740288410004	0.9922400210845063	0.9869651260314855	0.9939850831866911	0.9851503700441447
0.9771859623581478	0.9827800611009002	0.9805376540409119	0.9803256350978435	0.9814509376305043	0.9813519208395297	0.9833452039267566	0.982157856073049	0.9675497688466913	0.9831115944458217	0.980753326056292	0.9772097142045818	0.9813906896969389	0.9807034813947861	0.981170719121596	0.980590040178414	0.9824617883408068	1.0	0.9818750205501767	0.9851176421783638	0.9845432874790209	0.9788054804519819	0.9815205878897818	0.9812692261620044	0.9811846057447017	0.9740689805717843	0.9819695433836447	0.9725426522783589
0.9784136889886359	0.9851065618492335	0.9820787159134026	0.9819813664545294	0.9831146211885434	0.9830107314750322	0.9849660296254257	0.9842751252295662	0.9648985012394371	0.9851717485325238	0.9824584747368315	0.9781175644581622	0.9832639095018427	0.9825443928968705	0.9829167479713341	0.9821196816926767	0.9847573010811419	0.9818750205501767	1.0	0.9864015402382698	0.9869409344937309	0.9797122251258826	0.983305842913223	0.9829179121460803	0.9830205411762009	0.9760916100421109	0.9834403462619964	0.973254302179175
0.990556262613092	0.9967089454668184	0.9922984278989071	0.9939159305988503	0.9945027758796965	0.9945919961359825	0.996232561996085	0.9946031576178896	0.9759550171034992	0.9965762937814919	0.9938538836821772	0.9845430837442338	0.9947270354124251	0.9940721764905618	0.9941436453691956	0.9936579618831273	0.993568599136786	0.9851176421783638	0.9864015402382698	1.0	0.9973679953339585	0.9865636701848356	0.9944168576495659	0.9941809590318591	0.9941639983349584	0.9881003555915941	0.9952033806089139	0.9846193660448186
0.9891541824967033	0.9959260470348062	0.9910677057956176	0.9924061882498217	0.9938466173609092	0.9938290862722655	0.9950739150707364	0.9932285457402554	0.9747295372888338	0.9957085898975454	0.9932357385502492	0.9839652820891752	0.9935949421275474	0.9930999413977708	0.9930973691084516	0.9930242892830271	0.9929162636878301	0.9845432874790209	0.9869409344937309	0.9973679953339585	1.0	0.986269363238238	0.9933330463547174	0.993427161722691	0.9931679046219261	0.9865920469390739	0.9938656327185454	0.9827301794091418
0.9789477998701636	0.9836232892270024	0.980597093489686	0.980745020304427	0.9822064933694827	0.9820761924245285	0.9838662454040092	0.9825733275438053	0.9668014658964554	0.9840779050629943	0.9810704784683024	0.9748756829353591	0.982071752515806	0.9811933006817899	0.9816046200776035	0.9813336978475063	0.9825911428950093	0.9788054804519819	0.9797122251258826	0.9865636701848356	0.986269363238238	1.0	0.9818337915425711	0.9814575273362768	0.9816922611149389	0.977051591122321	0.9825222883265766	0.9720242860348463
0.986615740070581	0.9933091606399495	0.9958977725126016	0.9981852524864939	0.9945542979982418	0.9945156909944194	0.993426644953013	0.9953207333397638	0.9752987623729645	0.9943842439225739	0.9951950578639218	0.9834613665683867	0.9957083073950028	0.9966956819037357	0.9966385937580127	0.994084278827702	0.9941087325003658	0.9815205878897818	0.983305842913223	0.9944168576495659	0.9933330463547174	0.9818337915425711	1.0	0.9992714600703636	0.994605947925729	0.9901137240720975	0.9964645443105737	0.9865005454267629
0.9869873685526218	0.9935737301259292	0.9957834562950258	0.9982565750559316	0.9950422822660101	0.9950195133393113	0.993101782234385	0.9950815491833482	0.9757785331501307	0.9946756558911425	0.9953323296470739	0.9833812363440537	0.9957372835171046	0.9969137458644632	0.9968783634606135	0.9942905977216815	0.9938740288410004	0.9812692261620044	0.9829179121460803	0.9941809590318591	0.993427161722691	0.9814575273362768	0.9992714600703636	1.0	0.994391118628337	0.9903378630094274	0.9966412077182701	0.9862128370948213
0.9871156307270226	0.9933225250072332	0.9923930920633605	0.9943276121060959	0.9951721964938555	0.9950067325662427	0.9930989284579574	0.9952699928398122	0.9747986702140476	0.9945898441443726	0.9938665259666352	0.9873986802684331	0.9938995452773486	0.9937019120273838	0.9937847786942746	0.9983483432312884	0.9922400210845063	0.9811846057447017	0.9830205411762009	0.9941639983349584	0.9931679046219261	0.9816922611149389	0.994605947925729	0.994391118628337	1.0	0.9871772991603525	0.9943463222009266	0.9841432546015029
0.9886038972787624	0.9867727613360615	0.9873472180267228	0.989268719398917	0.9880667262934821	0.9880077911493073	0.9872755052058075	0.988048388880057	0.9827463943663176	0.9877858638244812	0.9895371101895577	0.9767401843324427	0.9891461787883742	0.9908769629363197	0.9909897660491014	0.9870764209078275	0.9869651260314855	0.9740689805717843	0.9760916100421109	0.9881003555915941	0.9865920469390739	0.977051591122321	0.9901137240720975	0.9903378630094274	0.9871772991603525	1.0	0.993379004252785	0.9877356014707199
0.987911407457063	0.9940761012402113	0.9939546006079159	0.9959908383525541	0.9945692311437052	0.9946927087095201	0.9940413217792718	0.9947257344730726	0.9757403476507517	0.994561568345807	0.9963707383658207	0.9839510822224277	0.9961130374326397	0.9974250636284456	0.9973996160261478	0.9941555658489177	0.9939850831866911	0.9819695433836447	0.9834403462619964	0.9952033806089139	0.9938656327185454	0.9825222883265766	0.9964645443105737	0.9966412077182701	0.9943463222009266	0.993379004252785	1.0	0.9861162387355856
0.9879603408067483	0.9845726290201362	0.9842966746888583	0.9859056925932363	0.9836370754027677	0.9833358834975663	0.9865630059900199	0.9844476747285518	0.9830181853776294	0.9844118382513655	0.9847661408111502	0.9731446847781452	0.9844410803235502	0.9856923786388008	0.9863395316828153	0.9835208113469178	0.9851503700441447	0.9725426522783589	0.973254302179175	0.9846193660448186	0.9827301794091418	0.9720242860348463	0.9865005454267629	0.9862128370948213	0.9841432546015029	0.9877356014707199	0.9861162387355856	1.0
