/home/jshaw/scratch/2022_sketched_distance/references/SGB_genome_fastas_part1_redo/1636/BackhedF_2015__SID39_M__bin.33.fa	/home/jshaw/scratch/2022_sketched_distance/references/SGB_genome_fastas_part1_redo/1636/BritoIL_2016__W2.15.ST__bin.7.fa	/home/jshaw/scratch/2022_sketched_distance/references/SGB_genome_fastas_part1_redo/1636/ChengpingW_2017__AS38raw__bin.17.fa	/home/jshaw/scratch/2022_sketched_distance/references/SGB_genome_fastas_part1_redo/1636/CM_madagascar__A81_03_1FE__bin.28.fa	/home/jshaw/scratch/2022_sketched_distance/references/SGB_genome_fastas_part1_redo/1636/CM_madagascar__V36_02_2FE__bin.25.fa	/home/jshaw/scratch/2022_sketched_distance/references/SGB_genome_fastas_part1_redo/1636/CM_madagascar__V53_02_1FE__bin.39.fa	/home/jshaw/scratch/2022_sketched_distance/references/SGB_genome_fastas_part1_redo/1636/CosteaPI_2017__SID713A066-11-0-0__bin.30.fa	/home/jshaw/scratch/2022_sketched_distance/references/SGB_genome_fastas_part1_redo/1636/CosteaPI_2017__SID713A066-11-90-0__bin.18.fa	/home/jshaw/scratch/2022_sketched_distance/references/SGB_genome_fastas_part1_redo/1636/CosteaPI_2017__SID713A089-11-0-0__bin.31.fa	/home/jshaw/scratch/2022_sketched_distance/references/SGB_genome_fastas_part1_redo/1636/CosteaPI_2017__SID713B003-11-90-0__bin.22.fa	/home/jshaw/scratch/2022_sketched_distance/references/SGB_genome_fastas_part1_redo/1636/KarlssonFH_2013__S587__bin.28.fa	/home/jshaw/scratch/2022_sketched_distance/references/SGB_genome_fastas_part1_redo/1636/LeChatelierE_2013__MH0046__bin.14.fa	/home/jshaw/scratch/2022_sketched_distance/references/SGB_genome_fastas_part1_redo/1636/LeChatelierE_2013__MH0152__bin.35.fa	/home/jshaw/scratch/2022_sketched_distance/references/SGB_genome_fastas_part1_redo/1636/LeChatelierE_2013__MH0288__bin.38.fa	/home/jshaw/scratch/2022_sketched_distance/references/SGB_genome_fastas_part1_redo/1636/LiJ_2014__MH0389__bin.49.fa	/home/jshaw/scratch/2022_sketched_distance/references/SGB_genome_fastas_part1_redo/1636/LiJ_2014__MH0394__bin.43.fa	/home/jshaw/scratch/2022_sketched_distance/references/SGB_genome_fastas_part1_redo/1636/LiJ_2014__MH0400__bin.70.fa	/home/jshaw/scratch/2022_sketched_distance/references/SGB_genome_fastas_part1_redo/1636/LiJ_2014__O2.UC16-1__bin.11.fa	/home/jshaw/scratch/2022_sketched_distance/references/SGB_genome_fastas_part1_redo/1636/LiJ_2017__H2M513938__bin.67.fa	/home/jshaw/scratch/2022_sketched_distance/references/SGB_genome_fastas_part1_redo/1636/LiuW_2016__SRR3993044__bin.61.fa	/home/jshaw/scratch/2022_sketched_distance/references/SGB_genome_fastas_part1_redo/1636/NielsenHB_2014__O2_UC16_0__bin.5.fa	/home/jshaw/scratch/2022_sketched_distance/references/SGB_genome_fastas_part1_redo/1636/NielsenHB_2014__O2_UC16_2__bin.27.fa	/home/jshaw/scratch/2022_sketched_distance/references/SGB_genome_fastas_part1_redo/1636/Obregon-TitoAJ_2015__SM23__bin.16.fa	/home/jshaw/scratch/2022_sketched_distance/references/SGB_genome_fastas_part1_redo/1636/Obregon-TitoAJ_2015__SM24__bin.26.fa	/home/jshaw/scratch/2022_sketched_distance/references/SGB_genome_fastas_part1_redo/1636/Obregon-TitoAJ_2015__SM25__bin.23.fa	/home/jshaw/scratch/2022_sketched_distance/references/SGB_genome_fastas_part1_redo/1636/Obregon-TitoAJ_2015__SM40__bin.38.fa	/home/jshaw/scratch/2022_sketched_distance/references/SGB_genome_fastas_part1_redo/1636/Obregon-TitoAJ_2015__SM41__bin.13.fa	/home/jshaw/scratch/2022_sketched_distance/references/SGB_genome_fastas_part1_redo/1636/QinN_2014__HV-21__bin.18.fa	/home/jshaw/scratch/2022_sketched_distance/references/SGB_genome_fastas_part1_redo/1636/QinN_2014__LV-11__bin.12.fa	/home/jshaw/scratch/2022_sketched_distance/references/SGB_genome_fastas_part1_redo/1636/SchirmerM_2016__G88842__bin.7.fa	/home/jshaw/scratch/2022_sketched_distance/references/SGB_genome_fastas_part1_redo/1636/XieH_2016__YSZC12003_37315__bin.53.fa	/home/jshaw/scratch/2022_sketched_distance/references/SGB_genome_fastas_part1_redo/1636/ZeeviD_2015__PNP_Main_126__bin.9.fa	/home/jshaw/scratch/2022_sketched_distance/references/SGB_genome_fastas_part1_redo/1636/ZeeviD_2015__PNP_Main_151__bin.1.fa	/home/jshaw/scratch/2022_sketched_distance/references/SGB_genome_fastas_part1_redo/1636/ZeeviD_2015__PNP_Main_232__bin.44.fa	/home/jshaw/scratch/2022_sketched_distance/references/SGB_genome_fastas_part1_redo/1636/ZeeviD_2015__PNP_Main_311__bin.11.fa	/home/jshaw/scratch/2022_sketched_distance/references/SGB_genome_fastas_part1_redo/1636/ZeeviD_2015__PNP_Main_342__bin.22.fa	/home/jshaw/scratch/2022_sketched_distance/references/SGB_genome_fastas_part1_redo/1636/ZeeviD_2015__PNP_Main_500__bin.44.fa	/home/jshaw/scratch/2022_sketched_distance/references/SGB_genome_fastas_part1_redo/1636/ZeeviD_2015__PNP_Main_744__bin.10.fa	/home/jshaw/scratch/2022_sketched_distance/references/SGB_genome_fastas_part1_redo/1636/ZellerG_2014__CCIS19142497ST-3-0__bin.15.fa	/home/jshaw/scratch/2022_sketched_distance/references/SGB_genome_fastas_part1_redo/1636/ZellerG_2014__CCIS48174381ST-4-0__bin.65.fa	/home/jshaw/scratch/2022_sketched_distance/references/SGB_genome_fastas_part1_redo/1636/ZellerG_2014__CCIS74726977ST-3-0__bin.91.fa	/home/jshaw/scratch/2022_sketched_distance/references/SGB_genome_fastas_part1_redo/1636/ZellerG_2014__CCIS77252613ST-4-0__bin.9.fa	/home/jshaw/scratch/2022_sketched_distance/references/SGB_genome_fastas_part1_redo/1636/ZellerG_2014__CCIS87116798ST-4-0__bin.37.fa	/home/jshaw/scratch/2022_sketched_distance/references/SGB_genome_fastas_part1_redo/1636/ZellerG_2014__CCMD34381688ST-21-0__bin.4.fa
1.0	0.971417849767766	0.9687339699425871	0.9722651912002207	0.9605193270705604	0.974255712557564	0.9676122802146033	0.9753801491799058	0.9690294208071139	0.9673416478362247	0.9883959481313049	0.9837156940718569	0.9813873779730649	0.977009889623425	0.9734227809409941	0.9875735902251322	0.9734960643274497	0.9734227809409941	0.9730167364349148	0.9723031851552802	0.9716898702333567	0.9718442908663826	0.971417849767766	0.9596737173796825	0.9703063166362544	0.9607918784334774	0.9619643002461225	0.9725679030834324	0.9708668551550624	0.9825722214219316	0.9737149267375829	0.9667112152820432	0.9620165866102706	0.9571274512621487	0.9712613773534384	0.9872628345881979	0.9678310395373472	0.9698998999083825	0.9754835976378217	0.984716987543868	0.9721127683739639	0.9715347098577107	0.9711435247582144	0.9796166308204367
0.971417849767766	1.0	0.9744593053148768	0.9751959655834107	0.9708025800817442	0.9783766076629415	0.9692872702705333	0.9735167675705126	0.9746436826572464	0.9744024566287932	0.9686441774467828	0.9695058763041032	0.9691872364339134	0.9721998175545876	0.9748761815157748	0.9700329280929206	0.973276522392293	0.9727171113469106	0.9772439844757955	0.9700317432665964	0.9701659224698855	0.9705354232860425	0.9730344848566718	0.9727561234631681	0.9712436035529942	0.9663135964636196	0.973569235004802	0.9756025475871272	0.9728266794031278	0.966647665364536	0.9771798916735064	0.974989721831736	0.9726889025433417	0.9759165720638157	0.9733023850506695	0.9691685569197629	0.9756257125182703	0.9723044836067759	0.9740155667351982	0.9674538789668471	0.9726920950134748	0.972151842089146	0.9718898015500903	0.9668752962807906
0.9687339699425871	0.9744593053148768	1.0	0.9753180076509098	0.9651031824964392	0.9784946741990768	0.9652779785234774	0.9720615388641684	0.9719180255872074	0.9702297465467192	0.9688637241654875	0.9664684278078876	0.9659886224621559	0.9694748550382842	0.9731837326604297	0.9697876716592538	0.9744321017369177	0.9736888562079565	0.9782293606658266	0.9699130645954619	0.9709294145315392	0.970838327212302	0.9721200421785758	0.969077264296129	0.9708990805684566	0.9598030771762786	0.9701933441361585	0.9776921676130738	0.9749451142156086	0.9665528245703591	0.9782535694712263	0.9716046774616419	0.9700131428619044	0.9698920548262879	0.971587148856981	0.9700379730760029	0.9727155760531941	0.9694093111708467	0.9732966638795756	0.9671377346637331	0.9708990805684566	0.9705328375903445	0.968799018914886	0.9655610220875297
0.9722651912002207	0.9751959655834107	0.9753180076509098	1.0	0.9761800877071467	0.9794089024586805	0.9704837921817059	0.972488775556063	0.973853231518972	0.9748346188582289	0.9664758333539594	0.970645138803898	0.9708362319536895	0.9720731133790785	0.9728052695898294	0.9676421541527185	0.9741348316053232	0.9699525546084565	0.9744273690653441	0.9691606047955397	0.9698307061705216	0.9697972459470865	0.9708134922526562	0.9724310015319922	0.9721605790349225	0.9665259116814282	0.9749527525613282	0.9767096847976281	0.976670282302642	0.9673618083080318	0.9750253562645292	0.9746592884780434	0.9742156738116178	0.978412778782178	0.9735605949483762	0.9677876635908188	0.9764668675021511	0.9730234472686404	0.9723691486136395	0.9682997847639119	0.9732949514566921	0.9737000408860524	0.9723251390133711	0.9683694322720142
0.9605193270705604	0.9708025800817442	0.9651031824964392	0.9761800877071467	1.0	0.9781516657616997	0.9668209506798254	0.9711295296615986	0.9624610884962826	0.9616870062263906	0.9671169675806511	0.9594125419987469	0.961759084042911	0.9600006002282498	0.9718692149200199	0.9682034406651139	0.9723113254675447	0.9691509433737303	0.9734818072914456	0.9660687877940032	0.9675559581946213	0.9680248839235841	0.9707697027223173	0.9629592016623854	0.9668952101680515	0.9573330166379855	0.962251247848009	0.9756467352594059	0.9706378582112037	0.9604263722875718	0.9743180272716221	0.9616647294729431	0.9637899701162749	0.9674722863026766	0.9631221107538418	0.9670062795773192	0.9632966254858791	0.9605296719128059	0.970604812967333	0.9667837566710098	0.9675559581946213	0.9651423681438377	0.9636597191456063	0.9564057701815081
0.974255712557564	0.9783766076629415	0.9784946741990768	0.9794089024586805	0.9781516657616997	1.0	0.9737301992394711	0.976256579615015	0.9771582491865177	0.9769132478566216	0.9696922759086448	0.9737209523482455	0.9738725610070696	0.9738435328086644	0.976315264202112	0.9709212952081272	0.9775330770817366	0.9731523544389031	0.9770377931624766	0.9728591204018351	0.9736011525192444	0.9731963953742061	0.9721105358075184	0.9759133291531601	0.9743576587964101	0.9676352247862277	0.9772483753775055	0.9786751407315826	0.9788991609352183	0.9703347045541507	0.9787958904880322	0.9778885363354327	0.9769391208542615	0.9826453506406851	0.9768205651559019	0.9714000947313567	0.9805950489486971	0.97537413165183	0.9759114697471608	0.9713159019108022	0.976483225577921	0.9756475576997359	0.9761548300448605	0.9715155451363868
0.9676122802146033	0.9692872702705333	0.9652779785234774	0.9704837921817059	0.9668209506798254	0.9737301992394711	1.0	0.9962865893360089	0.9888892747759837	0.985919486568339	0.9701543089895296	0.9672824355998803	0.9702194783294841	0.96778037724941	0.9740254128091104	0.9711596239342969	0.9736559744210017	0.975462525751011	0.974098798653838	0.9705656412450777	0.9732822822336565	0.9736063967349494	0.971716617833987	0.9706684316155199	0.9671788800153341	0.9612899804019005	0.9671883334508395	0.9714260543396578	0.9667524142354752	0.9663508925656425	0.9737549031731371	0.9727987814312716	0.9690280266206608	0.9775404384905261	0.9706942270957941	0.9695695094004706	0.968999709156395	0.9720961021115413	0.9782884032731999	0.9699882999919718	0.9754305218991327	0.970352993202676	0.9736801916425197	0.9644955538983627
0.9753801491799058	0.9735167675705126	0.9720615388641684	0.972488775556063	0.9711295296615986	0.976256579615015	0.9962865893360089	1.0	0.9938567025099498	0.9915723500668974	0.9730976685868288	0.9741965417280967	0.9748246390481691	0.97486897123689	0.9768820581706493	0.9739901009007388	0.9776757263593109	0.9783161938247079	0.9766541090509255	0.9752316283337248	0.9760212314131883	0.9760665678106301	0.9739449271950424	0.9734759449280395	0.9726222507861505	0.9673270691055302	0.9741839031987223	0.974527339621584	0.9721772559081887	0.9717385646332339	0.9756617498580761	0.980303139168027	0.973533875530897	0.9784486246471291	0.9763256853584519	0.972981458261651	0.9767150319392779	0.97814987336385	0.9805500254726145	0.9721181235733662	0.9802161353264777	0.9768287799456234	0.9800161561582051	0.9724772110301194
0.9690294208071139	0.9746436826572464	0.9719180255872074	0.973853231518972	0.9624610884962826	0.9771582491865177	0.9888892747759837	0.9938567025099498	1.0	0.9860973912001414	0.9742680403203169	0.9702509900037433	0.9684111220392139	0.9681168994370308	0.9770638316093082	0.9756466249715005	0.9783311099510865	0.9792281456882942	0.9757780430804742	0.9767471145765434	0.9769375142029546	0.9764594109255625	0.973992090794682	0.9646141613448312	0.9738184236938576	0.9616080561133666	0.967913405687484	0.9753157372267919	0.9728283295884657	0.9712463993054975	0.9771896609883041	0.9732258287427715	0.965462043259599	0.9625982751332834	0.9748804858919157	0.9744734744806501	0.9715092449184359	0.9744393255610322	0.980301582187656	0.9730787003516114	0.9800724584604404	0.9761367289444544	0.9771268070625032	0.9674926954523417
0.9673416478362247	0.9744024566287932	0.9702297465467192	0.9748346188582289	0.9616870062263906	0.9769132478566216	0.985919486568339	0.9915723500668974	0.9860973912001414	1.0	0.9737062170411124	0.968796427337469	0.9681872389635198	0.9658896034762204	0.9758558832992443	0.9736691559392248	0.9772471356776444	0.9780347762837897	0.9747988240897774	0.976371802147122	0.9756820760182218	0.9757517104237878	0.9743298672974522	0.9618443524234668	0.973780212532174	0.9635663842506751	0.9669332320643289	0.974111120701397	0.9730703483126959	0.9699398021838663	0.9755073348870731	0.970907952338137	0.9625359029447251	0.9601063078022691	0.9751904146922483	0.9738540397240081	0.9711645266631423	0.974111120701397	0.9788987054445241	0.9721508822582715	0.9789302675527574	0.976711259520164	0.9760632335522831	0.966565799620861
0.9883959481313049	0.9686441774467828	0.9688637241654875	0.9664758333539594	0.9671169675806511	0.9696922759086448	0.9701543089895296	0.9730976685868288	0.9742680403203169	0.9737062170411124	1.0	0.9873889277124995	0.9882486412796476	0.9862286933399048	0.9700431087831856	0.9858133941532199	0.970618054163495	0.9697410005008498	0.968952451290588	0.9692157443771263	0.9690637314154973	0.969668989459796	0.9666254568696784	0.969705391034007	0.967649633583059	0.9623515158988245	0.9675640585920056	0.9683227167037122	0.9677211188077713	0.9835710854542491	0.9697546158907853	0.9752081588512244	0.9706139374255558	0.9740437005929002	0.9712820188977418	0.9860331803113944	0.9719294386490901	0.9712131227355084	0.9716962993414657	0.9857017070797178	0.9729030576019881	0.9706407374182836	0.9740649850983304	0.9861041702306063
0.9837156940718569	0.9695058763041032	0.9664684278078876	0.970645138803898	0.9594125419987469	0.9737209523482455	0.9672824355998803	0.9741965417280967	0.9702509900037433	0.968796427337469	0.9873889277124995	1.0	0.980409618139461	0.9810718731819659	0.9720308037006272	0.9875266088990144	0.9724383169416102	0.9724071510420894	0.9719043769438767	0.9694033986693797	0.9699125681717375	0.9698788719286224	0.9711352746015126	0.9647180621479988	0.9696080300064087	0.9585159986625983	0.9620548092532704	0.9720623334578531	0.9689902065868625	0.9814888879289947	0.9717138068719984	0.970990702573928	0.9660158866286489	0.9652354208641172	0.9692318770609116	0.9861845535518721	0.9661983084186707	0.969066773737666	0.9736909953882996	0.9850192124330581	0.971457956635884	0.9698788719286224	0.9690248418338735	0.9801304374338676
0.9813873779730649	0.9691872364339134	0.9659886224621559	0.9708362319536895	0.961759084042911	0.9738725610070696	0.9702194783294841	0.9748246390481691	0.9684111220392139	0.9681872389635198	0.9882486412796476	0.980409618139461	1.0	0.9815181700873055	0.9737552374288624	0.9889577612691911	0.9724664657623409	0.9739602762580312	0.9735488951406017	0.9705455506681762	0.9713149730925165	0.9724970262897471	0.9705779778528518	0.9644053470190447	0.9678399272027068	0.9575797398753749	0.9623490178177838	0.972831304409408	0.9686756725980409	0.9826479224540825	0.9739018257655094	0.9692505086768606	0.9671841741532052	0.9694223873748453	0.9668730842403187	0.9881541894624354	0.965233769212944	0.9674988198637408	0.9751640462638022	0.9882486412796476	0.9712832763474492	0.969355973086723	0.9704480736343042	0.9803968367133908
0.977009889623425	0.9721998175545876	0.9694748550382842	0.9720731133790785	0.9600006002282498	0.9738435328086644	0.96778037724941	0.97486897123689	0.9681168994370308	0.9658896034762204	0.9862286933399048	0.9810718731819659	0.9815181700873055	1.0	0.9740432634804671	0.9873873469001266	0.9743208382701811	0.9738835773690714	0.974241772997798	0.9730320866787253	0.9710412324844949	0.9718182088395433	0.9706456373752818	0.9559355678156878	0.9697942593261831	0.9616796478064514	0.9656839630448052	0.973155104926123	0.9701105385643854	0.9847419983323525	0.9735213852534147	0.9685916385724057	0.9607309965050101	0.9556360875128393	0.9703345731764397	0.9863108676968889	0.9644217334221659	0.9675378367149499	0.97486897123689	0.985703429975892	0.9721998175545876	0.9701554698183821	0.9693369951875781	0.9770462205024113
0.9734227809409941	0.9748761815157748	0.9731837326604297	0.9728052695898294	0.9718692149200199	0.976315264202112	0.9740254128091104	0.9768820581706493	0.9770638316093082	0.9758558832992443	0.9700431087831856	0.9720308037006272	0.9737552374288624	0.9740432634804671	1.0	0.9721306213844214	0.9801798378570457	0.9752011368221479	0.9779672048558148	0.9723630697402875	0.973647647329662	0.97335734204352	0.9731487938750429	0.9731579946531914	0.9726731441179397	0.9677712434472158	0.9735002144364795	0.9745313305356637	0.972801940649956	0.9698627859814455	0.976582811466491	0.97728142670659	0.976742585943779	0.979016865374575	0.9773334912533606	0.9711279457465131	0.9773407681966847	0.9745447652606002	0.9767463695719109	0.9702906881781796	0.9753087116967185	0.9788036974830372	0.9762316040050967	0.972034270324856
0.9875735902251322	0.9700329280929206	0.9697876716592538	0.9676421541527185	0.9682034406651139	0.9709212952081272	0.9711596239342969	0.9739901009007388	0.9756466249715005	0.9736691559392248	0.9858133941532199	0.9875266088990144	0.9889577612691911	0.9873873469001266	0.9721306213844214	1.0	0.97291039596026	0.9717697537870239	0.9701453273539903	0.9705116364414382	0.97113690966353	0.9715413987433078	0.9676732788520436	0.970797561561748	0.9690161775882459	0.9629088849745437	0.9679354570289584	0.9702641014101356	0.9682951435721093	0.9857221191898384	0.9705898772556083	0.9762437324618939	0.9707327688532282	0.974933814912294	0.9725741597105084	0.987187894946703	0.9732700198569012	0.9729217090525882	0.9728025259059775	0.9872935500813207	0.9738102201342702	0.9713771135953522	0.9745800163639977	0.986568987872347
0.9734960643274497	0.973276522392293	0.9744321017369177	0.9741348316053232	0.9723113254675447	0.9775330770817366	0.9736559744210017	0.9776757263593109	0.9783311099510865	0.9772471356776444	0.970618054163495	0.9724383169416102	0.9724664657623409	0.9743208382701811	0.9801798378570457	0.97291039596026	1.0	0.9768520442425505	0.9777772377565931	0.9727851949026091	0.9739942515669477	0.9746967480093615	0.9734474384008147	0.9741026501416524	0.9725202238159384	0.9676692832607864	0.9740822632788922	0.9761351505633695	0.9739447376391862	0.9701290870892886	0.9766847782446978	0.9770422391686129	0.9768410016802477	0.9781968722156318	0.9768722228297535	0.9723163868399339	0.9772598289582198	0.974802216690257	0.9778379931804506	0.9705927737002236	0.976741165097943	0.979399846627289	0.9768644406347111	0.9701993205999337
0.9734227809409941	0.9727171113469106	0.9736888562079565	0.9699525546084565	0.9691509433737303	0.9731523544389031	0.975462525751011	0.9783161938247079	0.9792281456882942	0.9780347762837897	0.9697410005008498	0.9724071510420894	0.9739602762580312	0.9738835773690714	0.9752011368221479	0.9717697537870239	0.9768520442425505	1.0	0.97460987327645	0.9733719340447811	0.9962518692034326	0.9977528959799494	0.9699770397134273	0.9735943776014084	0.971823011005531	0.9654865017641618	0.9731179543353594	0.9724093386148904	0.9707853680258087	0.971906356888721	0.9743845305402438	0.9804888090349123	0.9750915086154744	0.9770579862908078	0.9775616990102909	0.9719452263593927	0.9756257125182703	0.9775662525057139	0.9787867416741651	0.9722379578113374	0.9788658588276692	0.9772755150655509	0.9792795974159709	0.9730474568639099
0.9730167364349148	0.9772439844757955	0.9782293606658266	0.9744273690653441	0.9734818072914456	0.9770377931624766	0.974098798653838	0.9766541090509255	0.9757780430804742	0.9747988240897774	0.968952451290588	0.9719043769438767	0.9735488951406017	0.974241772997798	0.9779672048558148	0.9701453273539903	0.9777772377565931	0.97460987327645	1.0	0.9721625042887643	0.9741089688161252	0.9743955880251576	0.9712460310543848	0.9739081013581715	0.9733524994924689	0.9685424150681059	0.9748534937062323	0.9761692542908035	0.9752328946928809	0.9707420594180277	0.9795776864922824	0.9766627873136975	0.9770694882287413	0.983760488858817	0.9770010096225918	0.9708699339447441	0.9808138132780837	0.9733602883301014	0.9750984082351642	0.9709943368334102	0.9754548292721137	0.9763037321826226	0.9751927445776797	0.9713407739518499
0.9723031851552802	0.9700317432665964	0.9699130645954619	0.9691606047955397	0.9660687877940032	0.9728591204018351	0.9705656412450777	0.9752316283337248	0.9767471145765434	0.976371802147122	0.9692157443771263	0.9694033986693797	0.9705455506681762	0.9730320866787253	0.9723630697402875	0.9705116364414382	0.9727851949026091	0.9733719340447811	0.9721625042887643	1.0	0.9708276551755228	0.9713733697353857	0.9693806007321855	0.9688955334023742	0.9672010307233802	0.9624717699039017	0.9693797352653079	0.9697078115904334	0.9684936641706251	0.9671362925354741	0.9718339143017461	0.9766280713969437	0.9710475356926389	0.969798665699694	0.9725151889998358	0.9699779795430736	0.9693118224536931	0.9739250132759716	0.9754596203598789	0.9682085345982504	0.9732949514566921	0.9716281600211183	0.9735694075715118	0.9686372775188684
0.9716898702333567	0.9701659224698855	0.9709294145315392	0.9698307061705216	0.9675559581946213	0.9736011525192444	0.9732822822336565	0.9760212314131883	0.9769375142029546	0.9756820760182218	0.9690637314154973	0.9699125681717375	0.9713149730925165	0.9710412324844949	0.973647647329662	0.97113690966353	0.9739942515669477	0.9962518692034326	0.9741089688161252	0.9708276551755228	1.0	0.9946011324069838	0.9706818945289183	0.9708833628051259	0.9695526038510144	0.9638424209475951	0.9706492344068497	0.9724407030103486	0.9680380953631182	0.9694441296298068	0.9733442334273158	0.9779553001028238	0.9723521734077243	0.9731706591987714	0.9753127568191698	0.9699090194143886	0.9725910682962539	0.9754056115838249	0.9785745602036616	0.9702203892425879	0.9763653012288485	0.9738560620436008	0.9770394526290149	0.9699075511566783
0.9718442908663826	0.9705354232860425	0.970838327212302	0.9697972459470865	0.9680248839235841	0.9731963953742061	0.9736063967349494	0.9760665678106301	0.9764594109255625	0.9757517104237878	0.969668989459796	0.9698788719286224	0.9724970262897471	0.9718182088395433	0.97335734204352	0.9715413987433078	0.9746967480093615	0.9977528959799494	0.9743955880251576	0.9713733697353857	0.9946011324069838	1.0	0.9700776318127755	0.9714776863774804	0.9695526038510144	0.9640335387799924	0.9709496310553877	0.9724030880026405	0.9682381984173519	0.9700996061533551	0.9730578026692156	0.9784188571260733	0.9732424616702305	0.9750533264131552	0.9755017348633215	0.9703807597584931	0.9734831032791944	0.9753110801984713	0.9773453185751588	0.9705437516510407	0.9770433913174761	0.9748019721780621	0.9770892837942082	0.9698708941529369
0.971417849767766	0.9730344848566718	0.9721200421785758	0.9708134922526562	0.9707697027223173	0.9721105358075184	0.971716617833987	0.9739449271950424	0.973992090794682	0.9743298672974522	0.9666254568696784	0.9711352746015126	0.9705779778528518	0.9706456373752818	0.9731487938750429	0.9676732788520436	0.9734474384008147	0.9699770397134273	0.9712460310543848	0.9693806007321855	0.9706818945289183	0.9700776318127755	1.0	0.9959295616735854	0.9949514717926118	0.9891292845440811	0.9755420233376315	0.970947397319034	0.9711520126672432	0.9675857578297524	0.9733766944341862	0.9742134167443812	0.972464805542218	0.9756053096102546	0.9735320062168877	0.9680007865632551	0.9721830833356861	0.9718161589718872	0.972938187131676	0.968862282185213	0.9728504454840334	0.9731744855005864	0.9720064646262595	0.9690161000168778
0.9596737173796825	0.9727561234631681	0.969077264296129	0.9724310015319922	0.9629592016623854	0.9759133291531601	0.9706684316155199	0.9734759449280395	0.9646141613448312	0.9618443524234668	0.969705391034007	0.9647180621479988	0.9644053470190447	0.9559355678156878	0.9731579946531914	0.970797561561748	0.9741026501416524	0.9735943776014084	0.9739081013581715	0.9688955334023742	0.9708833628051259	0.9714776863774804	0.9959295616735854	1.0	0.9953051347823622	0.9832724433623985	0.9645620847705039	0.973751618512146	0.9709689371708379	0.9646661537118624	0.9752086156266934	0.9579913047562975	0.961502197650981	0.9667609162040781	0.9707115322142817	0.9701028347145181	0.9640895599789266	0.9636099834661658	0.9733967489908136	0.9695271686462629	0.971435594616983	0.9703651089018446	0.9669713039150855	0.9557382360212237
0.9703063166362544	0.9712436035529942	0.9708990805684566	0.9721605790349225	0.9668952101680515	0.9743576587964101	0.9671788800153341	0.9726222507861505	0.9738184236938576	0.973780212532174	0.967649633583059	0.9696080300064087	0.9678399272027068	0.9697942593261831	0.9726731441179397	0.9690161775882459	0.9725202238159384	0.971823011005531	0.9733524994924689	0.9672010307233802	0.9695526038510144	0.9695526038510144	0.9949514717926118	0.9953051347823622	1.0	0.9860647241619642	0.9739121531465047	0.9729516384760617	0.9692713847396631	0.9657490152588264	0.9740179213008866	0.9745113435652997	0.9715525923474493	0.9729168423878674	0.9732447249405789	0.9683255981738941	0.9706967313417751	0.971886371858585	0.9725712774375573	0.9671407426643286	0.9704749747683341	0.9726402750152746	0.9700565454578909	0.9666734426966795
0.9607918784334774	0.9663135964636196	0.9598030771762786	0.9665259116814282	0.9573330166379855	0.9676352247862277	0.9612899804019005	0.9673270691055302	0.9616080561133666	0.9635663842506751	0.9623515158988245	0.9585159986625983	0.9575797398753749	0.9616796478064514	0.9677712434472158	0.9629088849745437	0.9676692832607864	0.9654865017641618	0.9685424150681059	0.9624717699039017	0.9638424209475951	0.9640335387799924	0.9891292845440811	0.9832724433623985	0.9860647241619642	1.0	0.9655517941845244	0.9675328330443197	0.9636501594201583	0.9568436651460442	0.9670159399623487	0.9619395397292907	0.9591553713257209	0.9624811064379933	0.961593474735732	0.9620286168727774	0.9587452738575355	0.9599252609596987	0.9672236926500268	0.9614968703687963	0.9627902610355482	0.9631839811381451	0.9595849094613931	0.9557860966685735
0.9619643002461225	0.973569235004802	0.9701933441361585	0.9749527525613282	0.962251247848009	0.9772483753775055	0.9671883334508395	0.9741839031987223	0.967913405687484	0.9669332320643289	0.9675640585920056	0.9620548092532704	0.9623490178177838	0.9656839630448052	0.9735002144364795	0.9679354570289584	0.9740822632788922	0.9731179543353594	0.9748534937062323	0.9693797352653079	0.9706492344068497	0.9709496310553877	0.9755420233376315	0.9645620847705039	0.9739121531465047	0.9655517941845244	1.0	0.9753467841482582	0.9721240971053856	0.9619066865998681	0.9747539307280312	0.9668993743292588	0.9644212210334225	0.9648561062379019	0.9700783604004026	0.9666377697252141	0.9655959437938376	0.9642443659905512	0.9740483124804555	0.9664234842961767	0.9710242965498799	0.9722320510261085	0.9662510237212769	0.9566474444235497
0.9725679030834324	0.9756025475871272	0.9776921676130738	0.9767096847976281	0.9756467352594059	0.9786751407315826	0.9714260543396578	0.974527339621584	0.9753157372267919	0.974111120701397	0.9683227167037122	0.9720623334578531	0.972831304409408	0.973155104926123	0.9745313305356637	0.9702641014101356	0.9761351505633695	0.9724093386148904	0.9761692542908035	0.9697078115904334	0.9724407030103486	0.9724030880026405	0.970947397319034	0.973751618512146	0.9729516384760617	0.9675328330443197	0.9753467841482582	1.0	0.9809854713032236	0.9686210727351983	0.9767552533359237	0.9758547998828664	0.9746039531074618	0.9798510958221309	0.9746839780674936	0.9702814957674235	0.976988569665664	0.9725115338645491	0.9738064204532891	0.9705437516510407	0.9744179367471677	0.974165872688767	0.9743912168787896	0.9695020195019268
0.9708668551550624	0.9728266794031278	0.9749451142156086	0.976670282302642	0.9706378582112037	0.9788991609352183	0.9667524142354752	0.9721772559081887	0.9728283295884657	0.9730703483126959	0.9677211188077713	0.9689902065868625	0.9686756725980409	0.9701105385643854	0.972801940649956	0.9682951435721093	0.9739447376391862	0.9707853680258087	0.9752328946928809	0.9684936641706251	0.9680380953631182	0.9682381984173519	0.9711520126672432	0.9709689371708379	0.9692713847396631	0.9636501594201583	0.9721240971053856	0.9809854713032236	1.0	0.9659173350026147	0.9745131342449507	0.9724451469854964	0.9725396767949938	0.9737552883542395	0.9725741597105084	0.9679519555954911	0.9735437281214993	0.971284653838008	0.9728761003627788	0.9663909402385759	0.9705881003436971	0.9719048370704816	0.9709109512268319	0.9675128624333921
0.9825722214219316	0.966647665364536	0.9665528245703591	0.9673618083080318	0.9604263722875718	0.9703347045541507	0.9663508925656425	0.9717385646332339	0.9712463993054975	0.9699398021838663	0.9835710854542491	0.9814888879289947	0.9826479224540825	0.9847419983323525	0.9698627859814455	0.9857221191898384	0.9701290870892886	0.971906356888721	0.9707420594180277	0.9671362925354741	0.9694441296298068	0.9700996061533551	0.9675857578297524	0.9646661537118624	0.9657490152588264	0.9568436651460442	0.9619066865998681	0.9686210727351983	0.9659173350026147	1.0	0.9699221538433925	0.9719675515448591	0.9653688023726721	0.9667609162040781	0.9687977604701784	0.984456081619904	0.9669867772350876	0.9686818672727551	0.9721010224393933	0.9843229388660133	0.9689283593509608	0.9669742385031304	0.9682441563797476	0.9823285165949329
0.9737149267375829	0.9771798916735064	0.9782535694712263	0.9750253562645292	0.9743180272716221	0.9787958904880322	0.9737549031731371	0.9756617498580761	0.9771896609883041	0.9755073348870731	0.9697546158907853	0.9717138068719984	0.9739018257655094	0.9735213852534147	0.976582811466491	0.9705898772556083	0.9766847782446978	0.9743845305402438	0.9795776864922824	0.9718339143017461	0.9733442334273158	0.9730578026692156	0.9733766944341862	0.9752086156266934	0.9740179213008866	0.9670159399623487	0.9747539307280312	0.9767552533359237	0.9745131342449507	0.9699221538433925	1.0	0.977451206037765	0.9766109004799808	0.9845429147293201	0.9775111241275583	0.9706994088704279	0.9819330638123993	0.9740892561220916	0.9754135347742672	0.9701889057862388	0.97567278181736	0.975475255306878	0.9751399200842342	0.9709174331204953
0.9667112152820432	0.974989721831736	0.9716046774616419	0.9746592884780434	0.9616647294729431	0.9778885363354327	0.9727987814312716	0.980303139168027	0.9732258287427715	0.970907952338137	0.9752081588512244	0.970990702573928	0.9692505086768606	0.9685916385724057	0.97728142670659	0.9762437324618939	0.9770422391686129	0.9804888090349123	0.9766627873136975	0.9766280713969437	0.9779553001028238	0.9784188571260733	0.9742134167443812	0.9579913047562975	0.9745113435652997	0.9619395397292907	0.9668993743292588	0.9758547998828664	0.9724451469854964	0.9719675515448591	0.977451206037765	1.0	0.9666167221532389	0.9569186226592369	0.9757835825710116	0.9749531725053212	0.972087611915167	0.9737992523942206	0.9811909313074741	0.9731486008171232	0.9769735759952607	0.9765585283010225	0.9781879023955805	0.9678240409147391
0.9620165866102706	0.9726889025433417	0.9700131428619044	0.9742156738116178	0.9637899701162749	0.9769391208542615	0.9690280266206608	0.973533875530897	0.965462043259599	0.9625359029447251	0.9706139374255558	0.9660158866286489	0.9671841741532052	0.9607309965050101	0.976742585943779	0.9707327688532282	0.9768410016802477	0.9750915086154744	0.9770694882287413	0.9710475356926389	0.9723521734077243	0.9732424616702305	0.972464805542218	0.961502197650981	0.9715525923474493	0.9591553713257209	0.9644212210334225	0.9746039531074618	0.9725396767949938	0.9653688023726721	0.9766109004799808	0.9666167221532389	1.0	0.9644170540370596	0.971164788500239	0.9709298565962952	0.9719358072262482	0.9646129840738563	0.9751950399254696	0.9691528211232044	0.9701341979413223	0.9746390221605387	0.9711257514026413	0.9653220804201371
0.9571274512621487	0.9759165720638157	0.9698920548262879	0.978412778782178	0.9674722863026766	0.9826453506406851	0.9775404384905261	0.9784486246471291	0.9625982751332834	0.9601063078022691	0.9740437005929002	0.9652354208641172	0.9694223873748453	0.9556360875128393	0.979016865374575	0.974933814912294	0.9781968722156318	0.9770579862908078	0.983760488858817	0.969798665699694	0.9731706591987714	0.9750533264131552	0.9756053096102546	0.9667609162040781	0.9729168423878674	0.9624811064379933	0.9648561062379019	0.9798510958221309	0.9737552883542395	0.9667609162040781	0.9845429147293201	0.9569186226592369	0.9644170540370596	1.0	0.9708114062658981	0.9750930661203602	0.9713507342798462	0.9613461196835269	0.9775404384905261	0.9739615582202582	0.9745322385672975	0.9723167608664205	0.9689457927450481	0.9542238268202836
0.9712613773534384	0.9733023850506695	0.971587148856981	0.9735605949483762	0.9631221107538418	0.9768205651559019	0.9706942270957941	0.9763256853584519	0.9748804858919157	0.9751904146922483	0.9712820188977418	0.9692318770609116	0.9668730842403187	0.9703345731764397	0.9773334912533606	0.9725741597105084	0.9768722228297535	0.9775616990102909	0.9770010096225918	0.9725151889998358	0.9753127568191698	0.9755017348633215	0.9735320062168877	0.9707115322142817	0.9732447249405789	0.961593474735732	0.9700783604004026	0.9746839780674936	0.9725741597105084	0.9687977604701784	0.9775111241275583	0.9757835825710116	0.971164788500239	0.9708114062658981	1.0	0.971889430815601	0.9718338076036876	0.9736936682737497	0.978946849826271	0.9709430206953318	0.9750408682093284	0.9756896209630135	0.9720694552842838	0.9670358738069829
0.9872628345881979	0.9691685569197629	0.9700379730760029	0.9677876635908188	0.9670062795773192	0.9714000947313567	0.9695695094004706	0.972981458261651	0.9744734744806501	0.9738540397240081	0.9860331803113944	0.9861845535518721	0.9881541894624354	0.9863108676968889	0.9711279457465131	0.987187894946703	0.9723163868399339	0.9719452263593927	0.9708699339447441	0.9699779795430736	0.9699090194143886	0.9703807597584931	0.9680007865632551	0.9701028347145181	0.9683255981738941	0.9620286168727774	0.9666377697252141	0.9702814957674235	0.9679519555954911	0.984456081619904	0.9706994088704279	0.9749531725053212	0.9709298565962952	0.9750930661203602	0.971889430815601	1.0	0.972963166410698	0.9722004603507601	0.9723423349046203	0.9863135440300131	0.9734503929543042	0.9704395855292297	0.974472265351591	0.986678696962467
0.9678310395373472	0.9756257125182703	0.9727155760531941	0.9764668675021511	0.9632966254858791	0.9805950489486971	0.968999709156395	0.9767150319392779	0.9715092449184359	0.9711645266631423	0.9719294386490901	0.9661983084186707	0.965233769212944	0.9644217334221659	0.9773407681966847	0.9732700198569012	0.9772598289582198	0.9756257125182703	0.9808138132780837	0.9693118224536931	0.9725910682962539	0.9734831032791944	0.9721830833356861	0.9640895599789266	0.9706967313417751	0.9587452738575355	0.9655959437938376	0.976988569665664	0.9735437281214993	0.9669867772350876	0.9819330638123993	0.972087611915167	0.9719358072262482	0.9713507342798462	0.9718338076036876	0.972963166410698	1.0	0.9686818672727551	0.9761888917565874	0.9704311219984437	0.9721514861189189	0.9726222400903701	0.9753404232068033	0.9709883755322877
0.9698998999083825	0.9723044836067759	0.9694093111708467	0.9730234472686404	0.9605296719128059	0.97537413165183	0.9720961021115413	0.97814987336385	0.9744393255610322	0.974111120701397	0.9712131227355084	0.969066773737666	0.9674988198637408	0.9675378367149499	0.9745447652606002	0.9729217090525882	0.974802216690257	0.9775662525057139	0.9733602883301014	0.9739250132759716	0.9754056115838249	0.9753110801984713	0.9718161589718872	0.9636099834661658	0.971886371858585	0.9599252609596987	0.9642443659905512	0.9725115338645491	0.971284653838008	0.9686818672727551	0.9740892561220916	0.9737992523942206	0.9646129840738563	0.9613461196835269	0.9736936682737497	0.9722004603507601	0.9686818672727551	1.0	0.9796477836202124	0.9710336004106173	0.9772109961842359	0.9744800823475995	0.9732931993368718	0.9645127701657749
0.9754835976378217	0.9740155667351982	0.9732966638795756	0.9723691486136395	0.970604812967333	0.9759114697471608	0.9782884032731999	0.9805500254726145	0.980301582187656	0.9788987054445241	0.9716962993414657	0.9736909953882996	0.9751640462638022	0.97486897123689	0.9767463695719109	0.9728025259059775	0.9778379931804506	0.9787867416741651	0.9750984082351642	0.9754596203598789	0.9785745602036616	0.9773453185751588	0.972938187131676	0.9733967489908136	0.9725712774375573	0.9672236926500268	0.9740483124804555	0.9738064204532891	0.9728761003627788	0.9721010224393933	0.9754135347742672	0.9811909313074741	0.9751950399254696	0.9775404384905261	0.978946849826271	0.9723423349046203	0.9761888917565874	0.9796477836202124	1.0	0.9726893295468019	0.9802790624920742	0.9786697277545647	0.9801297576337897	0.9734768609159881
0.984716987543868	0.9674538789668471	0.9671377346637331	0.9682997847639119	0.9667837566710098	0.9713159019108022	0.9699882999919718	0.9721181235733662	0.9730787003516114	0.9721508822582715	0.9857017070797178	0.9850192124330581	0.9882486412796476	0.985703429975892	0.9702906881781796	0.9872935500813207	0.9705927737002236	0.9722379578113374	0.9709943368334102	0.9682085345982504	0.9702203892425879	0.9705437516510407	0.968862282185213	0.9695271686462629	0.9671407426643286	0.9614968703687963	0.9664234842961767	0.9705437516510407	0.9663909402385759	0.9843229388660133	0.9701889057862388	0.9731486008171232	0.9691528211232044	0.9739615582202582	0.9709430206953318	0.9863135440300131	0.9704311219984437	0.9710336004106173	0.9726893295468019	1.0	0.9715065983906901	0.9697402665486984	0.9726977586309622	0.9850394081910621
0.9721127683739639	0.9726920950134748	0.9708990805684566	0.9732949514566921	0.9675559581946213	0.976483225577921	0.9754305218991327	0.9802161353264777	0.9800724584604404	0.9789302675527574	0.9729030576019881	0.971457956635884	0.9712832763474492	0.9721998175545876	0.9753087116967185	0.9738102201342702	0.976741165097943	0.9788658588276692	0.9754548292721137	0.9732949514566921	0.9763653012288485	0.9770433913174761	0.9728504454840334	0.971435594616983	0.9704749747683341	0.9627902610355482	0.9710242965498799	0.9744179367471677	0.9705881003436971	0.9689283593509608	0.97567278181736	0.9769735759952607	0.9701341979413223	0.9745322385672975	0.9750408682093284	0.9734503929543042	0.9721514861189189	0.9772109961842359	0.9802790624920742	0.9715065983906901	1.0	0.9729618560967891	0.9749543553372652	0.9680993458820157
0.9715347098577107	0.972151842089146	0.9705328375903445	0.9737000408860524	0.9651423681438377	0.9756475576997359	0.970352993202676	0.9768287799456234	0.9761367289444544	0.976711259520164	0.9706407374182836	0.9698788719286224	0.969355973086723	0.9701554698183821	0.9788036974830372	0.9713771135953522	0.979399846627289	0.9772755150655509	0.9763037321826226	0.9716281600211183	0.9738560620436008	0.9748019721780621	0.9731744855005864	0.9703651089018446	0.9726402750152746	0.9631839811381451	0.9722320510261085	0.974165872688767	0.9719048370704816	0.9669742385031304	0.975475255306878	0.9765585283010225	0.9746390221605387	0.9723167608664205	0.9756896209630135	0.9704395855292297	0.9726222400903701	0.9744800823475995	0.9786697277545647	0.9697402665486984	0.9729618560967891	1.0	0.9734860706258431	0.9687133983641383
