/home/jshaw/scratch/2022_sketched_distance/references/SGB_genome_fastas_part4/8249/CM_cf__CF_TNFC045IS_t2M15__bin.6.fa	/home/jshaw/scratch/2022_sketched_distance/references/SGB_genome_fastas_part4/8249/CM_periimplantitis__SP_161SPI_T016__bin.1.fa	/home/jshaw/scratch/2022_sketched_distance/references/SGB_genome_fastas_part4/8249/CM_periimplantitis__SP_164SPT_T016__bin.12.fa	/home/jshaw/scratch/2022_sketched_distance/references/SGB_genome_fastas_part4/8249/CM_periimplantitis__SP_283SPT_T016__bin.10.fa	/home/jshaw/scratch/2022_sketched_distance/references/SGB_genome_fastas_part4/8249/CM_periimplantitis__SP_344SPT_T016__bin.14.fa	/home/jshaw/scratch/2022_sketched_distance/references/SGB_genome_fastas_part4/8249/HMP_2012__SRS011126__bin.8.fa	/home/jshaw/scratch/2022_sketched_distance/references/SGB_genome_fastas_part4/8249/HMP_2012__SRS011152__bin.29.fa	/home/jshaw/scratch/2022_sketched_distance/references/SGB_genome_fastas_part4/8249/HMP_2012__SRS013723__bin.11.fa	/home/jshaw/scratch/2022_sketched_distance/references/SGB_genome_fastas_part4/8249/HMP_2012__SRS013949__bin.8.fa	/home/jshaw/scratch/2022_sketched_distance/references/SGB_genome_fastas_part4/8249/HMP_2012__SRS014690__bin.13.fa	/home/jshaw/scratch/2022_sketched_distance/references/SGB_genome_fastas_part4/8249/HMP_2012__SRS015044__bin.3.fa	/home/jshaw/scratch/2022_sketched_distance/references/SGB_genome_fastas_part4/8249/HMP_2012__SRS015470__bin.18.fa	/home/jshaw/scratch/2022_sketched_distance/references/SGB_genome_fastas_part4/8249/HMP_2012__SRS015985__bin.25.fa	/home/jshaw/scratch/2022_sketched_distance/references/SGB_genome_fastas_part4/8249/HMP_2012__SRS015989__bin.36.fa	/home/jshaw/scratch/2022_sketched_distance/references/SGB_genome_fastas_part4/8249/HMP_2012__SRS016092__bin.15.fa	/home/jshaw/scratch/2022_sketched_distance/references/SGB_genome_fastas_part4/8249/HMP_2012__SRS017139__bin.61.fa	/home/jshaw/scratch/2022_sketched_distance/references/SGB_genome_fastas_part4/8249/HMP_2012__SRS018665__bin.9.fa	/home/jshaw/scratch/2022_sketched_distance/references/SGB_genome_fastas_part4/8249/HMP_2012__SRS019387__bin.29.fa	/home/jshaw/scratch/2022_sketched_distance/references/SGB_genome_fastas_part4/8249/HMP_2012__SRS019591__bin.20.fa	/home/jshaw/scratch/2022_sketched_distance/references/SGB_genome_fastas_part4/8249/HMP_2012__SRS019980__bin.27.fa	/home/jshaw/scratch/2022_sketched_distance/references/SGB_genome_fastas_part4/8249/HMP_2012__SRS020226__bin.23.fa	/home/jshaw/scratch/2022_sketched_distance/references/SGB_genome_fastas_part4/8249/HMP_2012__SRS020340__bin.12.fa	/home/jshaw/scratch/2022_sketched_distance/references/SGB_genome_fastas_part4/8249/HMP_2012__SRS022536__bin.42.fa	/home/jshaw/scratch/2022_sketched_distance/references/SGB_genome_fastas_part4/8249/HMP_2012__SRS023358__bin.10.fa	/home/jshaw/scratch/2022_sketched_distance/references/SGB_genome_fastas_part4/8249/HMP_2012__SRS023938__bin.43.fa	/home/jshaw/scratch/2022_sketched_distance/references/SGB_genome_fastas_part4/8249/HMP_2012__SRS024021__bin.5.fa	/home/jshaw/scratch/2022_sketched_distance/references/SGB_genome_fastas_part4/8249/HMP_2012__SRS024355__bin.50.fa	/home/jshaw/scratch/2022_sketched_distance/references/SGB_genome_fastas_part4/8249/HMP_2012__SRS024447__bin.9.fa	/home/jshaw/scratch/2022_sketched_distance/references/SGB_genome_fastas_part4/8249/HMP_2012__SRS065099__bin.18.fa	/home/jshaw/scratch/2022_sketched_distance/references/SGB_genome_fastas_part4/8249/HMP_2012__SRS075410__bin.20.fa	/home/jshaw/scratch/2022_sketched_distance/references/SGB_genome_fastas_part4/8249/ZeeviD_2015__PNP_Main_136__bin.7.fa
1.0	0.9786930023750124	0.9769380285206047	0.9703497487561855	0.963609666046397	0.9727814462230718	0.9766388906285075	0.9717925714753123	0.9666782820953591	0.9744632754655621	0.9742627371088604	0.9711886199879792	0.9769869468303894	0.9761864613878258	0.9728784454543121	0.9744291489123649	0.9676753203940649	0.9705626955666432	0.9742654268151918	0.9745466135649069	0.9735772508953591	0.9764654012371492	0.9715369323449132	0.9746296831383915	0.9726907299720823	0.9721105358075184	0.972038194422372	0.9755990939800764	0.9727015866225239	0.975042502333419	0.9749377083868516
0.9786930023750124	1.0	0.9812100121423408	0.9758718786560345	0.9683231855788047	0.9764788563427843	0.9804806297704498	0.9772062883873214	0.971045285965359	0.9788691933077199	0.9781857088718681	0.9754991051163504	0.9809095411080218	0.9788796045197949	0.9770246232432954	0.9773934428795144	0.9706988615262658	0.9746292946327999	0.9788051420929814	0.9780386983515005	0.977980267342214	0.9773284164593888	0.9740733960445161	0.9784531521602701	0.977088456611354	0.9767681566329159	0.974789823359774	0.9797981203346157	0.9762470896163614	0.9767047932007997	0.9777319123517659
0.9769380285206047	0.9812100121423408	1.0	0.9752348744587379	0.9669804164345694	0.9754236666638715	0.9802629773326371	0.9795464222131998	0.9714698918777287	0.9785075757323826	0.9779760701760226	0.9752476635779209	0.9810230022337377	0.9792414007708891	0.977504383046807	0.9766069799907758	0.9706096409039768	0.9741801444251308	0.9789464699499995	0.9778599765047358	0.9775501495825873	0.9779962204776484	0.9727806106629702	0.9789215132666865	0.9782185230996273	0.9768014507700595	0.9745717398279455	0.9784801093584261	0.9754613927509966	0.975985038671998	0.9755521779571171
0.9703497487561855	0.9758718786560345	0.9752348744587379	1.0	0.968396269957967	0.9736736577824525	0.9770656030752173	0.9752564223594561	0.9687136148394375	0.9729229289586467	0.9749401908941376	0.97334767243063	0.9770059441214801	0.9750718050696143	0.975246575748896	0.9734266140352184	0.9654280881894618	0.9719635013560404	0.9740198619596091	0.9764670040628336	0.9740436215575924	0.974049986563215	0.9722132935940981	0.97667071973136	0.9745622646184731	0.9748885772863222	0.9705705199917033	0.9734433854125789	0.9729272686846492	0.9741419034114008	0.9739469868694282
0.963609666046397	0.9683231855788047	0.9669804164345694	0.968396269957967	1.0	0.966416009714048	0.9656581546213376	0.9663770164775853	0.9580961751074613	0.9670701345249405	0.9668414993812072	0.9635262069179038	0.9668625605008984	0.96558333579816	0.9643700022549812	0.9670485462867565	0.9609540213708256	0.9651243795611765	0.9660041386121817	0.9666160265858051	0.9670738017889404	0.9651205190220266	0.9667609783285588	0.9662252530798295	0.9654956005285902	0.9681502844632762	0.9653747904445209	0.9661814584619028	0.9668475089688371	0.9656055214480199	0.9663928456963694
0.9727814462230718	0.9764788563427843	0.9754236666638715	0.9736736577824525	0.966416009714048	1.0	0.9774590354352442	0.9758145418410862	0.9712372509258015	0.9756315047785158	0.9777661494852395	0.9720593488085604	0.9774939485480583	0.9752125752938305	0.9739959575255441	0.9753770765220068	0.9700204590776415	0.9729530682746461	0.9765281667859796	0.9774351512540974	0.9761632970773122	0.9823134469689381	0.9920978219421414	0.9763239695178659	0.9751976468462555	0.9763951963505145	0.9731591217975971	0.9773440825663139	0.9931739641024844	0.9803081608026607	0.9792980347394096
0.9766388906285075	0.9804806297704498	0.9802629773326371	0.9770656030752173	0.9656581546213376	0.9774590354352442	1.0	0.9774967490372493	0.9717611856354778	0.9781501883292728	0.9786297405695733	0.9770476537849043	0.9844195745461863	0.9825816401711454	0.9789365160016174	0.9780456187762335	0.97156496977449	0.9741038594739457	0.9790874348202615	0.9789058326149399	0.9782673265167278	0.978235035753163	0.9753569856887375	0.9790685399874667	0.9774211734624186	0.9775636789486529	0.9747205683091298	0.9771696921045838	0.9774746840997809	0.97694840629198	0.9779528687113239
0.9717925714753123	0.9772062883873214	0.9795464222131998	0.9752564223594561	0.9663770164775853	0.9758145418410862	0.9774967490372493	1.0	0.9709593017737652	0.9751016906108759	0.9762106857004428	0.979489530495396	0.9777567553847937	0.9757080829142015	0.9779811289610513	0.9755820745301956	0.9694320702730487	0.9728667997908044	0.9766354896557249	0.977953169999996	0.9759492408083948	0.9767360143055533	0.974083038044729	0.9790583933063649	0.9881516219143333	0.9765424563913127	0.9737659822630942	0.9747302370730678	0.9751762131379053	0.9750805945318256	0.9745746125883369
0.9666782820953591	0.971045285965359	0.9714698918777287	0.9687136148394375	0.9580961751074613	0.9712372509258015	0.9717611856354778	0.9709593017737652	1.0	0.9698705601093758	0.9722158007189714	0.9663054603124857	0.9714996008764522	0.9699678851175608	0.9690062739282383	0.9694952576410183	0.963984605541198	0.965916061741753	0.9713591172169219	0.9712277457618639	0.9706808316128567	0.9709021576855082	0.9687748802301994	0.9699310906000962	0.9709263899137239	0.9712761153075802	0.9669690962623982	0.971322374070018	0.9705235458090954	0.9706903506716066	0.9716821749883249
0.9744632754655621	0.9788691933077199	0.9785075757323826	0.9729229289586467	0.9670701345249405	0.9756315047785158	0.9781501883292728	0.9751016906108759	0.9698705601093758	1.0	0.9777736256871787	0.9723952393453362	0.9784068168415421	0.9764353345462162	0.9741474420555073	0.9765790754233025	0.9696513685049071	0.9720394896558618	0.9763972836157006	0.9767862139781748	0.9759367795817298	0.9766128728594234	0.9734661671284154	0.9759367795817298	0.9744047971989672	0.9772391089411542	0.9739536004598489	0.9768485375218715	0.9757557896381832	0.975099123840695	0.9758200784538857
0.9742627371088604	0.9781857088718681	0.9779760701760226	0.9749401908941376	0.9668414993812072	0.9777661494852395	0.9786297405695733	0.9762106857004428	0.9722158007189714	0.9777736256871787	1.0	0.9746551599466402	0.9795750127576283	0.9775873945475342	0.9760003348544681	0.9771771906848217	0.9713529166240263	0.9732861978927903	0.977239807302432	0.9782787177302553	0.9768059870250342	0.9782353476452738	0.9762343697199509	0.978229325124577	0.9754731494866262	0.9775255986444847	0.9754622979977751	0.9771879628711359	0.9770909470168742	0.978081705309239	0.9775809996785076
0.9711886199879792	0.9754991051163504	0.9752476635779209	0.97334767243063	0.9635262069179038	0.9720593488085604	0.9770476537849043	0.979489530495396	0.9663054603124857	0.9723952393453362	0.9746551599466402	1.0	0.9761790819635615	0.9746291864620957	0.9777826708131722	0.9734234295306617	0.9673489379138086	0.9707859184748419	0.9740079665214342	0.974436711596429	0.9734877139793692	0.9740816687017796	0.9703998406419356	0.9748727000832245	0.9785946026143982	0.9737817570444091	0.9711304895603133	0.9718263565006965	0.972548668663584	0.9727863766747537	0.9732950054784965
0.9769869468303894	0.9809095411080218	0.9810230022337377	0.9770059441214801	0.9668625605008984	0.9774939485480583	0.9844195745461863	0.9777567553847937	0.9714996008764522	0.9784068168415421	0.9795750127576283	0.9761790819635615	1.0	0.9970888729299796	0.9778351173050716	0.9774524321804793	0.9709040767031529	0.9740526050471157	0.9792689738458558	0.9794723603984199	0.9784722145678622	0.9808589283614847	0.9761565633314341	0.9800254898135219	0.9764279000169667	0.979077443816131	0.9748467215973414	0.9790427357863555	0.9777372537845677	0.9795692418466166	0.978644840229237
0.9761864613878258	0.9788796045197949	0.9792414007708891	0.9750718050696143	0.96558333579816	0.9752125752938305	0.9825816401711454	0.9757080829142015	0.9699678851175608	0.9764353345462162	0.9775873945475342	0.9746291864620957	0.9970888729299796	1.0	0.9761912059273181	0.9753350755553274	0.9687292726460084	0.9728500484612862	0.9775936864535065	0.9780091741008985	0.9764523690094696	0.9794812444209398	0.9742297442094895	0.9779153719170806	0.9747677249364873	0.977555154167597	0.9732642157151196	0.9774033426862585	0.9756792903749324	0.9790278825321598	0.9767773802828815
0.9728784454543121	0.9770246232432954	0.977504383046807	0.975246575748896	0.9643700022549812	0.9739959575255441	0.9789365160016174	0.9779811289610513	0.9690062739282383	0.9741474420555073	0.9760003348544681	0.9777826708131722	0.9778351173050716	0.9761912059273181	1.0	0.9751335389048773	0.966924366911971	0.9722940852292677	0.9767384343410703	0.9778096007555479	0.9755926284226107	0.9759690253026974	0.972093704020941	0.9779973801938682	0.9798838816075623	0.9766517555453824	0.972891138414099	0.9765071171840202	0.9738491855369344	0.9748538298887772	0.9751289329725468
0.9744291489123649	0.9773934428795144	0.9766069799907758	0.9734266140352184	0.9670485462867565	0.9753770765220068	0.9780456187762335	0.9755820745301956	0.9694952576410183	0.9765790754233025	0.9771771906848217	0.9734234295306617	0.9774524321804793	0.9753350755553274	0.9751335389048773	1.0	0.9769535209507878	0.9724853667044323	0.9764741368334566	0.9768360361821856	0.9759150874712829	0.9761988699157402	0.9737187892311063	0.9775032965900733	0.9750728247637575	0.9760439649510334	0.988126827764682	0.9783763998184618	0.9759029922926469	0.9750062854299444	0.9753889017096833
0.9676753203940649	0.9706988615262658	0.9706096409039768	0.9654280881894618	0.9609540213708256	0.9700204590776415	0.97156496977449	0.9694320702730487	0.963984605541198	0.9696513685049071	0.9713529166240263	0.9673489379138086	0.9709040767031529	0.9687292726460084	0.966924366911971	0.9769535209507878	1.0	0.9658330378689104	0.9685153254027421	0.9712850262105955	0.9683495954590776	0.9696234992388171	0.9676255187024024	0.9708447899787648	0.9675919709515497	0.969817643614514	0.9745219544825128	0.971103423335402	0.970419650173766	0.9692438113975465	0.9699888992155047
0.9705626955666432	0.9746292946327999	0.9741801444251308	0.9719635013560404	0.9651243795611765	0.9729530682746461	0.9741038594739457	0.9728667997908044	0.965916061741753	0.9720394896558618	0.9732861978927903	0.9707859184748419	0.9740526050471157	0.9728500484612862	0.9722940852292677	0.9724853667044323	0.9658330378689104	1.0	0.9906030636693466	0.9713105650562166	0.9870056455892898	0.9722549578082508	0.9708325713189992	0.9723285653184376	0.9719644425404583	0.971810491833809	0.9710150274982526	0.972330566161122	0.9731164739050149	0.9724382289721487	0.9708064674734299
0.9742654268151918	0.9788051420929814	0.9789464699499995	0.9740198619596091	0.9660041386121817	0.9765281667859796	0.9790874348202615	0.9766354896557249	0.9713591172169219	0.9763972836157006	0.977239807302432	0.9740079665214342	0.9792689738458558	0.9775936864535065	0.9767384343410703	0.9764741368334566	0.9685153254027421	0.9906030636693466	1.0	0.9773247546633163	0.9928000688212902	0.9760987410031424	0.9748939263444973	0.9774967490372493	0.9778800577290807	0.9765545911308822	0.9737811561592231	0.9778711324669712	0.9763395501846087	0.9760982846868375	0.9754067050982175
0.9745466135649069	0.9780386983515005	0.9778599765047358	0.9764670040628336	0.9666160265858051	0.9774351512540974	0.9789058326149399	0.977953169999996	0.9712277457618639	0.9767862139781748	0.9782787177302553	0.974436711596429	0.9794723603984199	0.9780091741008985	0.9778096007555479	0.9768360361821856	0.9712850262105955	0.9713105650562166	0.9773247546633163	1.0	0.9759192068036496	0.978013971151162	0.9751742197115211	0.9896397904189767	0.9781839068050695	0.9782049167550927	0.9749910233062247	0.9774153386367013	0.9774870068451988	0.9771030291148061	0.9774487691018505
0.9735772508953591	0.977980267342214	0.9775501495825873	0.9740436215575924	0.9670738017889404	0.9761632970773122	0.9782673265167278	0.9759492408083948	0.9706808316128567	0.9759367795817298	0.9768059870250342	0.9734877139793692	0.9784722145678622	0.9764523690094696	0.9755926284226107	0.9759150874712829	0.9683495954590776	0.9870056455892898	0.9928000688212902	0.9759192068036496	1.0	0.9753606654894931	0.9742749173996117	0.9760904604899817	0.9762312054991379	0.9752264380384322	0.97401478806762	0.9767409981229868	0.9761652180361272	0.9752358356806041	0.9744662518168764
0.9764654012371492	0.9773284164593888	0.9779962204776484	0.974049986563215	0.9651205190220266	0.9823134469689381	0.978235035753163	0.9767360143055533	0.9709021576855082	0.9766128728594234	0.9782353476452738	0.9740816687017796	0.9808589283614847	0.9794812444209398	0.9759690253026974	0.9761988699157402	0.9696234992388171	0.9722549578082508	0.9760987410031424	0.978013971151162	0.9753606654894931	1.0	0.9799194165134268	0.976895049697602	0.9756636670933231	0.9771724669149665	0.9746666003725784	0.9773475956995759	0.9820040994920051	0.982477088523975	0.9774901516846182
0.9715369323449132	0.9740733960445161	0.9727806106629702	0.9722132935940981	0.9667609783285588	0.9920978219421414	0.9753569856887375	0.974083038044729	0.9687748802301994	0.9734661671284154	0.9762343697199509	0.9703998406419356	0.9761565633314341	0.9742297442094895	0.972093704020941	0.9737187892311063	0.9676255187024024	0.9708325713189992	0.9748939263444973	0.9751742197115211	0.9742749173996117	0.9799194165134268	1.0	0.97431747517125	0.9727269189984894	0.9747754309148249	0.9708159436744911	0.975873022448356	0.9919017658983149	0.97848036561594	0.9777173811000868
0.9746296831383915	0.9784531521602701	0.9789215132666865	0.97667071973136	0.9662252530798295	0.9763239695178659	0.9790685399874667	0.9790583933063649	0.9699310906000962	0.9759367795817298	0.978229325124577	0.9748727000832245	0.9800254898135219	0.9779153719170806	0.9779973801938682	0.9775032965900733	0.9708447899787648	0.9723285653184376	0.9774967490372493	0.9896397904189767	0.9760904604899817	0.976895049697602	0.97431747517125	1.0	0.9786866286011546	0.9781894891292866	0.9752630819095492	0.9767036008830499	0.9764890710051652	0.9766403230923301	0.9765661864929543
0.9726907299720823	0.977088456611354	0.9782185230996273	0.9745622646184731	0.9654956005285902	0.9751976468462555	0.9774211734624186	0.9881516219143333	0.9709263899137239	0.9744047971989672	0.9754731494866262	0.9785946026143982	0.9764279000169667	0.9747677249364873	0.9798838816075623	0.9750728247637575	0.9675919709515497	0.9719644425404583	0.9778800577290807	0.9781839068050695	0.9762312054991379	0.9756636670933231	0.9727269189984894	0.9786866286011546	1.0	0.9754607498321111	0.9725681522184152	0.976020132887103	0.9746382428153014	0.9746604248128545	0.9752921009248213
0.9721105358075184	0.9767681566329159	0.9768014507700595	0.9748885772863222	0.9681502844632762	0.9763951963505145	0.9775636789486529	0.9765424563913127	0.9712761153075802	0.9772391089411542	0.9775255986444847	0.9737817570444091	0.979077443816131	0.977555154167597	0.9766517555453824	0.9760439649510334	0.969817643614514	0.971810491833809	0.9765545911308822	0.9782049167550927	0.9752264380384322	0.9771724669149665	0.9747754309148249	0.9781894891292866	0.9754607498321111	1.0	0.9727664498172025	0.9767244218251921	0.9763206531199614	0.9760041090024758	0.9764456320041299
0.972038194422372	0.974789823359774	0.9745717398279455	0.9705705199917033	0.9653747904445209	0.9731591217975971	0.9747205683091298	0.9737659822630942	0.9669690962623982	0.9739536004598489	0.9754622979977751	0.9711304895603133	0.9748467215973414	0.9732642157151196	0.972891138414099	0.988126827764682	0.9745219544825128	0.9710150274982526	0.9737811561592231	0.9749910233062247	0.97401478806762	0.9746666003725784	0.9708159436744911	0.9752630819095492	0.9725681522184152	0.9727664498172025	1.0	0.9753885629618964	0.9729881733239585	0.9735246330393292	0.9725690967954441
0.9755990939800764	0.9797981203346157	0.9784801093584261	0.9734433854125789	0.9661814584619028	0.9773440825663139	0.9771696921045838	0.9747302370730678	0.971322374070018	0.9768485375218715	0.9771879628711359	0.9718263565006965	0.9790427357863555	0.9774033426862585	0.9765071171840202	0.9783763998184618	0.971103423335402	0.972330566161122	0.9778711324669712	0.9774153386367013	0.9767409981229868	0.9773475956995759	0.975873022448356	0.9767036008830499	0.976020132887103	0.9767244218251921	0.9753885629618964	1.0	0.9773949629984476	0.9769472841224989	0.9768041228689592
0.9727015866225239	0.9762470896163614	0.9754613927509966	0.9729272686846492	0.9668475089688371	0.9931739641024844	0.9774746840997809	0.9751762131379053	0.9705235458090954	0.9757557896381832	0.9770909470168742	0.972548668663584	0.9777372537845677	0.9756792903749324	0.9738491855369344	0.9759029922926469	0.970419650173766	0.9731164739050149	0.9763395501846087	0.9774870068451988	0.9761652180361272	0.9820040994920051	0.9919017658983149	0.9764890710051652	0.9746382428153014	0.9763206531199614	0.9729881733239585	0.9773949629984476	1.0	0.9804837478765124	0.9790494186706072
0.975042502333419	0.9767047932007997	0.975985038671998	0.9741419034114008	0.9656055214480199	0.9803081608026607	0.97694840629198	0.9750805945318256	0.9706903506716066	0.975099123840695	0.978081705309239	0.9727863766747537	0.9795692418466166	0.9790278825321598	0.9748538298887772	0.9750062854299444	0.9692438113975465	0.9724382289721487	0.9760982846868375	0.9771030291148061	0.9752358356806041	0.982477088523975	0.97848036561594	0.9766403230923301	0.9746604248128545	0.9760041090024758	0.9735246330393292	0.9769472841224989	0.9804837478765124	1.0	0.978550065497776
0.9749377083868516	0.9777319123517659	0.9755521779571171	0.9739469868694282	0.9663928456963694	0.9792980347394096	0.9779528687113239	0.9745746125883369	0.9716821749883249	0.9758200784538857	0.9775809996785076	0.9732950054784965	0.978644840229237	0.9767773802828815	0.9751289329725468	0.9753889017096833	0.9699888992155047	0.9708064674734299	0.9754067050982175	0.9774487691018505	0.9744662518168764	0.9774901516846182	0.9777173811000868	0.9765661864929543	0.9752921009248213	0.9764456320041299	0.9725690967954441	0.9768041228689592	0.9790494186706072	0.978550065497776	1.0
