/home/jshaw/scratch/2022_sketched_distance/references/SGB_genome_fastas_part4/6038/HeQ_2017__RSZAXPI003069-101__bin.8.fa	/home/jshaw/scratch/2022_sketched_distance/references/SGB_genome_fastas_part4/6038/HeQ_2017__RSZAXPI003094-125__bin.41.fa	/home/jshaw/scratch/2022_sketched_distance/references/SGB_genome_fastas_part4/6038/HeQ_2017__RSZAXPI003106-145__bin.34.fa	/home/jshaw/scratch/2022_sketched_distance/references/SGB_genome_fastas_part4/6038/HeQ_2017__SZAXPI029463-136__bin.16.fa	/home/jshaw/scratch/2022_sketched_distance/references/SGB_genome_fastas_part4/6038/HeQ_2017__SZAXPI029474-42__bin.18.fa	/home/jshaw/scratch/2022_sketched_distance/references/SGB_genome_fastas_part4/6038/HeQ_2017__SZAXPI029485-81__bin.16.fa	/home/jshaw/scratch/2022_sketched_distance/references/SGB_genome_fastas_part4/6038/HeQ_2017__SZAXPI029497-98__bin.16.fa	/home/jshaw/scratch/2022_sketched_distance/references/SGB_genome_fastas_part4/6038/HeQ_2017__SZAXPI029550-158__bin.15.fa	/home/jshaw/scratch/2022_sketched_distance/references/SGB_genome_fastas_part4/6038/QinJ_2012__CON-007__bin.24.fa	/home/jshaw/scratch/2022_sketched_distance/references/SGB_genome_fastas_part4/6038/QinJ_2012__DLM015__bin.10.fa	/home/jshaw/scratch/2022_sketched_distance/references/SGB_genome_fastas_part4/6038/QinJ_2012__NOF002__bin.17.fa	/home/jshaw/scratch/2022_sketched_distance/references/SGB_genome_fastas_part4/6038/QinJ_2012__NOF009__bin.1.fa	/home/jshaw/scratch/2022_sketched_distance/references/SGB_genome_fastas_part4/6038/QinJ_2012__NOM014__bin.26.fa	/home/jshaw/scratch/2022_sketched_distance/references/SGB_genome_fastas_part4/6038/QinJ_2012__T2D-003__bin.1.fa	/home/jshaw/scratch/2022_sketched_distance/references/SGB_genome_fastas_part4/6038/QinJ_2012__T2D-014__bin.31.fa	/home/jshaw/scratch/2022_sketched_distance/references/SGB_genome_fastas_part4/6038/QinJ_2012__T2D-016__bin.2.fa	/home/jshaw/scratch/2022_sketched_distance/references/SGB_genome_fastas_part4/6038/QinJ_2012__T2D-022__bin.21.fa	/home/jshaw/scratch/2022_sketched_distance/references/SGB_genome_fastas_part4/6038/QinJ_2012__T2D-032__bin.42.fa	/home/jshaw/scratch/2022_sketched_distance/references/SGB_genome_fastas_part4/6038/QinJ_2012__T2D-045__bin.2.fa	/home/jshaw/scratch/2022_sketched_distance/references/SGB_genome_fastas_part4/6038/QinJ_2012__T2D-054__bin.13.fa	/home/jshaw/scratch/2022_sketched_distance/references/SGB_genome_fastas_part4/6038/QinJ_2012__T2D-074__bin.35.fa	/home/jshaw/scratch/2022_sketched_distance/references/SGB_genome_fastas_part4/6038/QinJ_2012__T2D-083__bin.23.fa	/home/jshaw/scratch/2022_sketched_distance/references/SGB_genome_fastas_part4/6038/QinN_2014__LD-61__bin.17.fa	/home/jshaw/scratch/2022_sketched_distance/references/SGB_genome_fastas_part4/6038/QinN_2014__LD-88__bin.28.fa	/home/jshaw/scratch/2022_sketched_distance/references/SGB_genome_fastas_part4/6038/WenC_2017__N216__bin.12.fa	/home/jshaw/scratch/2022_sketched_distance/references/SGB_genome_fastas_part4/6038/YuJ_2015__SZAXPI015214-19__bin.13.fa	/home/jshaw/scratch/2022_sketched_distance/references/SGB_genome_fastas_part4/6038/YuJ_2015__SZAXPI015237-23__bin.9.fa	/home/jshaw/scratch/2022_sketched_distance/references/SGB_genome_fastas_part4/6038/YuJ_2015__SZAXPI017582-94__bin.24.fa
1.0	0.9875808432707112	0.9907593075797062	0.990123261782351	0.9903764319163755	0.9876551927832881	0.9899902697218511	0.9900093599640092	0.990383548988918	0.9855570768588047	0.9906964585953391	0.9894618674955175	0.987863661374905	0.989666240246034	0.9891083751568482	0.9878580415644439	0.9920321410829757	0.9758370269076518	0.9900425878531628	0.9904439625186201	0.9911816772529926	0.9914897958806054	0.991891238665154	0.9906061215222447	0.9890107860750965	0.9915570713666262	0.9900503479228719	0.9888958314006001
0.9875808432707112	1.0	0.9958979805394598	0.9893249435167126	0.9890758723179996	0.9819881743299712	0.9876813134486354	0.9895910868122527	0.9885915347289774	0.977725807685078	0.9770932366150961	0.9880801562024639	0.9835158726141874	0.9874194504321175	0.9708425782440183	0.9702288255112657	0.9870533965642277	0.972485916703928	0.9816653135533241	0.9887278682121254	0.995866669390503	0.9848765612672755	0.9767160103393349	0.9888636400560812	0.9736036903181002	0.9597513683036916	0.9896478391978226	0.9820248227617284
0.9907593075797062	0.9958979805394598	1.0	0.9921642936356782	0.9918220467436852	0.9953281396260864	0.9910423067009408	0.992273068775886	0.9911969289436686	0.9850247376866177	0.991691634712576	0.9911548309580248	0.9948944752333612	0.9904451817084275	0.9895658234963591	0.986493723422073	0.9931871684824306	0.9780040342835872	0.990724895930095	0.9912529762822309	0.9987215478993983	0.9913631363136163	0.9909237384851753	0.9914205501426602	0.9892434043022754	0.9981633055898147	0.9923137674019602	0.9900073357376632
0.990123261782351	0.9893249435167126	0.9921642936356782	1.0	0.9913969529740608	0.9889961485011806	0.9904320025238672	0.9990110603062968	0.9913628787155775	0.98629527406084	0.9986890426246434	0.9902844198559477	0.9895092680444033	0.9903071921691603	0.989505195747268	0.9880652769586549	0.9924555124011685	0.9818418007714528	0.9911609537976902	0.9909419059326229	0.9927100329978119	0.9917102888128215	0.9922740720450386	0.991282245293336	0.9900825702190209	0.9936359725931364	0.9913304260646028	0.9904146818339007
0.9903764319163755	0.9890758723179996	0.9918220467436852	0.9913969529740608	1.0	0.9886278919512327	0.9918806816024848	0.9910833247823917	0.9913764668470176	0.9873982312703141	0.9921273245447992	0.990490315173198	0.9892127282044174	0.9912994818836937	0.989505195747268	0.9897900691446341	0.9937359584942237	0.9772334108632624	0.9909939197718521	0.9908755071203649	0.9921434029096589	0.992378466280983	0.9921469527092911	0.9913090045235343	0.9910475639279812	0.9926513098443852	0.9905698061877503	0.9900926150832907
0.9876551927832881	0.9819881743299712	0.9953281396260864	0.9889961485011806	0.9886278919512327	1.0	0.9877000352511953	0.988888264186446	0.988078750501401	0.9804877592508952	0.978626511090514	0.9877895373747106	0.9871350651687129	0.9875653241893847	0.9789311108092407	0.975789110105791	0.987923336045536	0.9778431600730688	0.9842045907040728	0.9881008928192165	0.994536085052563	0.985571277695403	0.9819348024941975	0.9881451328483759	0.9774762671769377	0.9891681552175238	0.9887366304682155	0.9836009820477423
0.9899902697218511	0.9876813134486354	0.9910423067009408	0.9904320025238672	0.9918806816024848	0.9877000352511953	1.0	0.9906642908335278	0.990523252358184	0.9919425278979845	0.9911191393621976	0.9904457118742402	0.988573583396576	0.9960908003858405	0.9888927077956872	0.9884467172471431	0.9921348314537087	0.9770023035204451	0.9900942530426043	0.9906779040955763	0.9914389873335601	0.9912837268484365	0.9919095696809694	0.9904829354868749	0.989665655515641	0.9921867766595276	0.990800171583214	0.9893519071956709
0.9900093599640092	0.9895910868122527	0.992273068775886	0.9990110603062968	0.9910833247823917	0.988888264186446	0.9906642908335278	1.0	0.991240333434622	0.9859372488787149	0.9984163298930439	0.9902844198559477	0.9893613314288089	0.9902519487446453	0.9891083751568482	0.9879470164668075	0.9926002550909543	0.9809722303390359	0.9908932924398027	0.9905931127552486	0.9927237327307495	0.9914581764694196	0.9919095696809694	0.9913090045235343	0.9894360070833088	0.993710516756081	0.9909647519467022	0.9902455648008736
0.990383548988918	0.9885915347289774	0.9911969289436686	0.9913628787155775	0.9913764668470176	0.988078750501401	0.990523252358184	0.991240333434622	1.0	0.9857386598334265	0.9908820473414961	0.9906484819741236	0.9886304797329994	0.9903695460824632	0.9885509249146168	0.9879173848694479	0.9921201809095747	0.977026897850688	0.990265888557827	0.9923272212547515	0.9918634351563984	0.9912996240154652	0.9980937268586335	0.9985109391853747	0.9894360070833088	0.9919520403589123	0.9917278114722645	0.9900926150832907
0.9855570768588047	0.977725807685078	0.9850247376866177	0.98629527406084	0.9873982312703141	0.9804877592508952	0.9919425278979845	0.9859372488787149	0.9857386598334265	1.0	0.9848340305725627	0.9858651734600764	0.9813888388615469	0.9915045973481456	0.9838591367468644	0.9837511391528119	0.9842191705550948	0.9756866915915453	0.9832524795315186	0.9864196673386236	0.9849877045889215	0.9838606252068777	0.9846630868683256	0.9859732273980248	0.9846044942577015	0.9869599994803099	0.9863664135515834	0.9829490334283199
0.9906964585953391	0.9770932366150961	0.991691634712576	0.9986890426246434	0.9921273245447992	0.978626511090514	0.9911191393621976	0.9984163298930439	0.9908820473414961	0.9848340305725627	1.0	0.9910402976120489	0.9853697072537702	0.9915364805675712	0.9749253885728505	0.9748303721472857	0.9902143847921567	0.9873703784562025	0.9881837185770033	0.9909348817157907	0.9914846002464255	0.9882123981621311	0.9857426397910334	0.9912762606576745	0.9754212992839274	0.9800733643287005	0.9921273245447992	0.9874584893795878
0.9894618674955175	0.9880801562024639	0.9911548309580248	0.9902844198559477	0.990490315173198	0.9877895373747106	0.9904457118742402	0.9902844198559477	0.9906484819741236	0.9858651734600764	0.9910402976120489	1.0	0.988573583396576	0.9900717663770746	0.988268623341549	0.9880652769586549	0.992002742309541	0.9767642901302281	0.9901630143895773	0.9906813325389522	0.9915810763923062	0.9911562734114413	0.9910368297796766	0.9902489891852247	0.9897798829752656	0.9916364435963346	0.9905859619848713	0.9893170475358471
0.987863661374905	0.9835158726141874	0.9948944752333612	0.9895092680444033	0.9892127282044174	0.9871350651687129	0.988573583396576	0.9893613314288089	0.9886304797329994	0.9813888388615469	0.9853697072537702	0.988573583396576	1.0	0.9886115252004481	0.9846070552540426	0.9817745396069418	0.9876496182553898	0.9792911912130633	0.9852404081950992	0.9890634522349837	0.9946426696559024	0.9862335287813639	0.9842956797440016	0.9886872780060534	0.9849584493837422	0.9936359725931364	0.989839719356283	0.9855747948860776
0.989666240246034	0.9874194504321175	0.9904451817084275	0.9903071921691603	0.9912994818836937	0.9875653241893847	0.9960908003858405	0.9902519487446453	0.9903695460824632	0.9915045973481456	0.9915364805675712	0.9900717663770746	0.9886115252004481	1.0	0.9892309831820045	0.9891395202493728	0.9916776186927235	0.9773091419897432	0.9906742090835079	0.9905135355428277	0.9911960249462581	0.9913948467450354	0.9917626361830539	0.9901411837452775	0.9899315736637936	0.9916364435963346	0.9903485641506575	0.9898361130283945
0.9891083751568482	0.9708425782440183	0.9895658234963591	0.989505195747268	0.989505195747268	0.9789311108092407	0.9888927077956872	0.9891083751568482	0.9885509249146168	0.9838591367468644	0.9749253885728505	0.988268623341549	0.9846070552540426	0.9892309831820045	1.0	0.9731739226140773	0.988268623341549	0.9813908628867126	0.9921848794989274	0.9898372778539576	0.989292116654514	0.9874392245738727	0.9861209570581	0.9887067203015273	0.9721378254905308	0.9807978901197025	0.989747041017688	0.9858508408143043
0.9878580415644439	0.9702288255112657	0.986493723422073	0.9880652769586549	0.9897900691446341	0.975789110105791	0.9884467172471431	0.9879470164668075	0.9879173848694479	0.9837511391528119	0.9748303721472857	0.9880652769586549	0.9817745396069418	0.9891395202493728	0.9731739226140773	1.0	0.9874396162740665	0.9809785425485131	0.9854240141517903	0.9891109423114811	0.9867711505281851	0.9871677923788549	0.9846473886850864	0.9883005316628176	0.9771426544200502	0.9791589997877438	0.9883298207183581	0.9846473886850864
0.9920321410829757	0.9870533965642277	0.9931871684824306	0.9924555124011685	0.9937359584942237	0.987923336045536	0.9921348314537087	0.9926002550909543	0.9921201809095747	0.9842191705550948	0.9902143847921567	0.992002742309541	0.9876496182553898	0.9916776186927235	0.988268623341549	0.9874396162740665	1.0	0.9815315309168803	0.9892047483871041	0.993002198366244	0.9927587441038079	0.9903810492845913	0.9899659380135778	0.9923974375421621	0.9887765148016598	0.9929574144152252	0.9928161887867157	0.9883436703159588
0.9758370269076518	0.972485916703928	0.9780040342835872	0.9818418007714528	0.9772334108632624	0.9778431600730688	0.9770023035204451	0.9809722303390359	0.977026897850688	0.9756866915915453	0.9873703784562025	0.9767642901302281	0.9792911912130633	0.9773091419897432	0.9813908628867126	0.9809785425485131	0.9815315309168803	1.0	0.9808575576108622	0.9756653228860985	0.9789886823501132	0.9800401495768287	0.9809687895025779	0.9765740075014505	0.982491618454426	0.986267595444143	0.9760382799909473	0.979749593410314
0.9900425878531628	0.9816653135533241	0.990724895930095	0.9911609537976902	0.9909939197718521	0.9842045907040728	0.9900942530426043	0.9908932924398027	0.990265888557827	0.9832524795315186	0.9881837185770033	0.9901630143895773	0.9852404081950992	0.9906742090835079	0.9921848794989274	0.9854240141517903	0.9892047483871041	0.9808575576108622	1.0	0.9915913312825598	0.9907586439922924	0.9884899106390851	0.9865704165388891	0.9904536625335234	0.9861680872284588	0.9872782003571137	0.9914264641241264	0.987125123473632
0.9904439625186201	0.9887278682121254	0.9912529762822309	0.9909419059326229	0.9908755071203649	0.9881008928192165	0.9906779040955763	0.9905931127552486	0.9923272212547515	0.9864196673386236	0.9909348817157907	0.9906813325389522	0.9890634522349837	0.9905135355428277	0.9898372778539576	0.9891109423114811	0.993002198366244	0.9756653228860985	0.9915913312825598	1.0	0.9919055817369749	0.9917886812040545	0.9933440856971516	0.9922321855710992	0.9907167093853406	0.9921477694689573	0.9905991600365683	0.9905661499780283
0.9911816772529926	0.995866669390503	0.9987215478993983	0.9927100329978119	0.9921434029096589	0.994536085052563	0.9914389873335601	0.9927237327307495	0.9918634351563984	0.9849877045889215	0.9914846002464255	0.9915810763923062	0.9946426696559024	0.9911960249462581	0.989292116654514	0.9867711505281851	0.9927587441038079	0.9789886823501132	0.9907586439922924	0.9919055817369749	1.0	0.9912678220294642	0.9910744410035697	0.9921294606741845	0.9889718563010887	0.9974392290461308	0.9929285510559264	0.9899560621486334
0.9914897958806054	0.9848765612672755	0.9913631363136163	0.9917102888128215	0.992378466280983	0.985571277695403	0.9912837268484365	0.9914581764694196	0.9912996240154652	0.9838606252068777	0.9882123981621311	0.9911562734114413	0.9862335287813639	0.9913948467450354	0.9874392245738727	0.9871677923788549	0.9903810492845913	0.9800401495768287	0.9884899106390851	0.9917886812040545	0.9912678220294642	1.0	0.9875050778455199	0.9912359894057067	0.9870882402502523	0.9877720962858035	0.9918825073609315	0.987154960282762
0.991891238665154	0.9767160103393349	0.9909237384851753	0.9922740720450386	0.9921469527092911	0.9819348024941975	0.9919095696809694	0.9919095696809694	0.9980937268586335	0.9846630868683256	0.9857426397910334	0.9910368297796766	0.9842956797440016	0.9917626361830539	0.9861209570581	0.9846473886850864	0.9899659380135778	0.9809687895025779	0.9865704165388891	0.9933440856971516	0.9910744410035697	0.9875050778455199	1.0	0.9993912510072342	0.9850024266399132	0.9926513098443852	0.9926525249964996	0.986505712060114
0.9906061215222447	0.9888636400560812	0.9914205501426602	0.991282245293336	0.9913090045235343	0.9881451328483759	0.9904829354868749	0.9913090045235343	0.9985109391853747	0.9859732273980248	0.9912762606576745	0.9902489891852247	0.9886872780060534	0.9901411837452775	0.9887067203015273	0.9883005316628176	0.9923974375421621	0.9765740075014505	0.9904536625335234	0.9922321855710992	0.9921294606741845	0.9912359894057067	0.9993912510072342	1.0	0.9897037752973595	0.9926128469092846	0.991482413326533	0.9900926150832907
0.9890107860750965	0.9736036903181002	0.9892434043022754	0.9900825702190209	0.9910475639279812	0.9774762671769377	0.989665655515641	0.9894360070833088	0.9894360070833088	0.9846044942577015	0.9754212992839274	0.9897798829752656	0.9849584493837422	0.9899315736637936	0.9721378254905308	0.9771426544200502	0.9887765148016598	0.982491618454426	0.9861680872284588	0.9907167093853406	0.9889718563010887	0.9870882402502523	0.9850024266399132	0.9897037752973595	1.0	0.9704381263253761	0.9894360070833088	0.9860831459129935
0.9915570713666262	0.9597513683036916	0.9981633055898147	0.9936359725931364	0.9926513098443852	0.9891681552175238	0.9921867766595276	0.993710516756081	0.9919520403589123	0.9869599994803099	0.9800733643287005	0.9916364435963346	0.9936359725931364	0.9916364435963346	0.9807978901197025	0.9791589997877438	0.9929574144152252	0.986267595444143	0.9872782003571137	0.9921477694689573	0.9974392290461308	0.9877720962858035	0.9926513098443852	0.9926128469092846	0.9704381263253761	1.0	0.9932607139684206	0.9865000203809403
0.9900503479228719	0.9896478391978226	0.9923137674019602	0.9913304260646028	0.9905698061877503	0.9887366304682155	0.990800171583214	0.9909647519467022	0.9917278114722645	0.9863664135515834	0.9921273245447992	0.9905859619848713	0.989839719356283	0.9903485641506575	0.989747041017688	0.9883298207183581	0.9928161887867157	0.9760382799909473	0.9914264641241264	0.9905991600365683	0.9929285510559264	0.9918825073609315	0.9926525249964996	0.991482413326533	0.9894360070833088	0.9932607139684206	1.0	0.9984746361091588
0.9888958314006001	0.9820248227617284	0.9900073357376632	0.9904146818339007	0.9900926150832907	0.9836009820477423	0.9893519071956709	0.9902455648008736	0.9900926150832907	0.9829490334283199	0.9874584893795878	0.9893170475358471	0.9855747948860776	0.9898361130283945	0.9858508408143043	0.9846473886850864	0.9883436703159588	0.979749593410314	0.987125123473632	0.9905661499780283	0.9899560621486334	0.987154960282762	0.986505712060114	0.9900926150832907	0.9860831459129935	0.9865000203809403	0.9984746361091588	1.0
